m=[-4.217475399492973, 0.8229487865138084, 6.394842660082638;
  -4.277213029096506, 0.4047784863132181, 6.523007880226873;
  -4.14489805560856, 0.8279705067002767, 6.456413777270574;
  -4.175613682705627, 0.4872902195618714, 6.495756268537323;
  -4.072059388518478, 1.052796051242413, 6.395751318163509;
  -4.161592823217163, 0.4424572852227107, 6.526783568629445;
  -4.023854662567858, 1.030148714855484, 6.481874142750193;
  -3.974069203361, 1.004119712004303, 6.472944810674831;
  -3.962523167662294, 1.03861304845687, 6.506817632937247;
  -3.780053158171075, 0.3481335314471746, 6.632988853576806;
  -3.6108075394504, 1.000998033359956, 6.646269373487844;
  -3.578317922619844, 0.07280192007474168, 6.693260953281221;
  -3.495910829083459, -0.02882699071303446, 6.671055824253595;
  -3.615819305709593, 0.7583066578807881, 7.237109885435571;
  -3.768098551088763, 0.03617505292639758, 7.675827882702441;
  -3.928079989306022, -0.5670712467415483, 9.061246507744381;
  -3.963545446820369, 0.7469620641890076, 9.183296976195514;
  -3.967287685905819, -0.9043492910707299, 9.278203092121522;
  -3.943891753816021, 0.7284056319774938, 9.28536828292571;
  -3.989378578033139, 0.6830720384299986, 9.417185623425684;
  -3.994746127695213, 0.7668751045545122, 9.532487435560759;
  -4.110826051938958, -0.5984876635454262, 9.767150323349814;
  -4.060225119322416, -0.5226976249768501, 9.857463068713791;
  -4.05614198003362, -0.4504899692286218, 9.877543974831752;
  -4.006125135960114, -0.5005496161047577, 9.828280523932518;
  -6.615928790194879, 3.688635448535353, 16.24447840529531;
  -3.882595148510402, 0.9092582199707688, 9.86196040105707;
  -4.006935284142336, 0.8349069760139988, 10.18607379768263;
  -4.16139331950866, 0.713978383837161, 10.62166449117188;
  -4.346258030368968, -2.296946625301621, 11.03264257549542;
  -4.280381822832168, -0.9397232268918906, 10.99174055669867;
  -4.214633308926224, 0.717459224775166, 10.89515955535844;
  -3.869900733031401, 0.9638360407084053, 10.18163467122919;
  -4.447641960824368, -0.9054051852961579, 11.54247388358773;
  -4.391301769268564, -0.4721179031486733, 11.48587884947992;
  -1.943324392148341, 1.033067215345065, 5.630388697780639;
  -4.305133775236606, -2.167050654987258, 11.27981173472623;
  -4.381765500117895, -2.530915190361623, 11.53842561975342;
  -1.861430082843188, 1.07807008006539, 5.603454366697402;
  -1.879742116555111, 1.08704969159205, 5.735987628165413;
  -1.911010346833525, 1.073474412897235, 5.835058912648123;
  -4.062850284477934, 0.9179127104123325, 11.44939876492065;
  -1.860189270967366, 1.075677690632407, 5.795636083144048;
  -4.52111523085676, -0.01359783973247272, 12.86798948534336;
  -4.609018416431285, -0.959065095646285, 13.15556313382512;
  -4.610691217912522, -2.456428128682723, 13.11493789168736;
  -1.985795580763587, 1.012640344893308, 6.242008382129217;
  -1.910273963784482, 1.03537714089787, 6.052933216805725;
  -4.678557450402823, -2.457734241603153, 13.41025849085971;
  -4.64486860403269, -0.9310362771041598, 13.37789223839123;
  -1.861217167428267, 1.064211100504986, 5.973150107572132;
  -4.444360437936998, -3.025180747649958, 13.78323305658914;
  -1.978239502597187, 1.073749970805106, 6.787012054534088;
  -2.247000342734291, 1.131514070879229, 7.736049078765379;
  -5.816886954887928, -3.579585293055345, 18.42168176022742;
  -5.273609418909169, -2.898211551990079, 17.41076864698399;
  -5.741710327518567, -3.047608585736052, 18.93089971347864;
  -5.637821479669189, -4.21998222279645, 18.5544334000739;
  -5.804004163239295, -4.256671795884269, 19.1606208717289;
  -5.936795601721238, -1.954715675844745, 19.7360289754001;
  -5.711716545670706, -2.832198865756169, 18.9890131966717;
  -5.792202140595312, -3.653221533383253, 19.25674012044768;
  -6.027414292611652, -2.661526291187591, 20.30042010428298;
  -6.024892052740253, -3.623603792030432, 20.31711139488814;
  -5.884210824132007, -4.454044071529057, 19.9393491937119;
  -5.827162132333676, -3.161939315702989, 19.90453387828304;
  -6.266485352071451, -3.729787823556804, 21.37577238002032;
  -6.279728318071876, -2.772215687090781, 21.47006700501878;
  -6.252254653519311, -3.398152129019548, 21.78871100512886;
  -2.077783694136228, 1.057500514625406, 7.933898383131472;
  -6.210181751586879, -2.607607084426717, 21.71363072354624;
  -6.151102240201241, -4.649876436060741, 21.58589872466474;
  -6.989122378961159, -2.09168467168932, 24.74285677706969;
  -6.495371091311853, -4.840587248311453, 23.11338797933895;
  -7.343898760007233, -3.869082132416383, 26.45930679556113;
  -7.690456423166286, -3.666378902903509, 27.72384111162462;
  -7.860645501738761, -2.297723299893865, 28.62604710858505;
  -7.537200383052813, -0.7347340837750925, 27.60057508307201;
  -6.949086261319604, -4.801091815553449, 25.50014811209463;
  -2.565663426737088, 0.9910502340808431, 10.12965366516382;
  -7.389750187927519, -4.758336001034738, 27.27445158476454;
  -7.931015476830423, -0.2622484912226871, 29.65933759943555;
  -8.451518537549706, -2.808511814712649, 31.49792634545974;
  -7.164091686644168, -4.797235485148991, 26.7269141304795;
  -8.502794567778929, -3.417057756407576, 31.69507952575246;
  -8.221430694437443, -0.8500239710788468, 30.88543329393408;
  -8.340647509869637, -0.06318668304742738, 31.49136796195589;
  -2.489682923942667, 1.06130399351706, 10.12810214565435;
  -2.262940089014844, 1.06096736928694, 9.362204080854816;
  -8.862865842630207, -3.389334959635453, 33.77619494501151;
  -9.372842753620608, -2.903213629560916, 35.86389401164772;
  -9.360628686086388, -3.286238672910075, 36.14240551968643;
  -9.742044363977382, -1.009029072512735, 37.76788048537608;
  -10.75928961473764, -4.960974314492097, 41.9802609384269;
  -10.07225506395379, -4.928077349558492, 39.40979545698647;
  -11.05048092997596, -1.188036938412754, 43.72132365496857;
  -10.34784203839876, -5.447776991585404, 40.93671301741154;
  -11.31626058450113, -3.730501870079583, 44.873640810965;
  -12.36117087134102, -5.231417311099539, 50.00825917469352;
  -13.31411751640267, -3.634010294223153, 54.41399684790028;
  -13.14517775377973, -1.487005184128378, 53.97809099764641;
  -12.20046415017619, -0.5129430806816561, 50.32777779133345;
  -12.64834684817304, -4.442915545036918, 52.31327467026483;
  -12.87650843270989, -5.184405115151035, 53.35406539566315;
  -14.64474798234597, -3.564552937123678, 61.22725730481115;
  -16.34068464778053, -4.522302196782944, 68.29992720643672;
  -6.779576476012496, -0.1874368466048365, 28.93112006029919;
  -17.13993351447117, -5.092213274756147, 72.71848063265846;
  -6.455300742179474, -0.2831125180386901, 28.23044400871568;
  -17.76898740203975, -5.622176425461949, 76.9154997844591;
  -16.48500262022553, -2.310807642233387, 71.92002745038251;
  -12.29243906002665, -1.420342138489269, 54.1809733487099;
  -20.98783654529153, -3.576676303583069, 92.32030006505362;
  -5.988952151628488, -0.4392401335989705, 27.01494952047845;
  -32.63854887455243, -7.609708071562184, 144.1249423619915;
  -47.69943831582103, -9.95488049780249, 217.4281662516631;
  -35.95558569145965, -6.037869992307278, 165.5748319298308;
  -5.345643533857768, -0.6874526652458736, 25.60423970848038;
  -6.482068580522635, -0.238668583620489, 31.29765942536537;
  -5.791795855368232, -0.6112570164389274, 28.34066941977;
  11.72106080426502, 3.059059897522603, -55.6370744555005;
  -83.97480098247164, -19.13168317484957, 402.280974943043;
  -82.40716450921025, -18.95980979306248, 403.2555232285093;
  -65.24782482989753, -17.26910188606192, 326.4913025925692;
  -69.43475002713501, -15.09975050841775, 348.5214081765343;
  -16.29829511837912, 0.03941971287599258, 88.81821433238545;
  -23.17679351426058, -0.6344001492671938, 127.1822483172797;
  -22.77339553323794, -1.872562366007354, 127.8354020213674;
  -19.18841336096205, 0.3645160527900043, 110.1887531964175;
  -20.02560519402329, -6.444537901997769, 117.7716665186335;
  -15.01437105879896, -4.045344870997656, 91.16620386422434;
