m=[-4.020593718612633, 0.9180041665101523, 5.811931453503137;
  -4.211571528935069, 0.3622632941827436, 6.047226473453799;
  -4.155335186726338, 0.4211656078136365, 6.00954337584518;
  -4.070458475596425, 0.8113576520709774, 5.938840751860544;
  -4.101643774633263, 0.4378865786363829, 6.003421706644817;
  -3.865854909104028, 1.01520556318474, 5.864675478177343;
  -3.953078471657768, 0.9849803918503627, 5.987868736514665;
  -3.904481730522981, 0.9606554484927335, 5.982821579991986;
  -3.901281435315013, 0.9957313805326187, 6.026454471697594;
  -3.855999188172465, 0.9885749235577208, 6.048905599664357;
  -3.841599508384491, 1.013614103062768, 6.104773701153538;
  -3.810993992934239, 0.1976838483590623, 6.082181953625878;
  -3.755492004416717, 0.9952491891943597, 6.083798951583758;
  -3.71297947155324, 0.3089806455302002, 6.147915828823894;
  -3.668582042793756, 0.1772369484596171, 6.125394336302956;
  -3.499744371852894, 0.03348120461011588, 6.189059356051302;
  -4.13623412123251, -0.9739101325774979, 6.32427787153139;
  -3.532432679872473, 0.7212017165387655, 6.584058997811519;
  -3.542475836259551, 0.7176205881643514, 6.743452421486828;
  -3.740693082469959, -0.1620817727599546, 7.053874285790071;
  -3.65468237912586, -0.9307287563815079, 7.068931396523418;
  -3.617589269311354, -0.08169811578163531, 7.113018564462958;
  -3.777752971420771, -0.5331276602068478, 8.379009990087258;
  -3.873089364748341, 0.6996409070560991, 8.677966124312922;
  -3.786798330439254, -0.4786970022812563, 8.510402805757819;
  -3.859174694675176, 0.6809617142833724, 8.797297228585835;
  -3.833226070931252, 0.6172385861848989, 8.767563785487248;
  -3.88580129921682, 0.5759678322019646, 8.875810311656203;
  -3.991642275139361, -0.6566875283698567, 9.235726602661721;
  -3.951857476226365, -0.568277569094966, 9.335548887737163;
  -4.110708018271053, 0.4709671043653958, 9.721289881439152;
  -3.945942323016756, -0.4999251215981648, 9.353853611184626;
  -3.930856190464696, -0.5559866967052609, 9.38333384937669;
  -3.991017322989701, -0.5235364398938439, 9.665409388055778;
  -3.959736086345334, 0.8950362272268034, 9.773005860418454;
  -4.062446115269474, 0.6606442955514568, 10.12888073580243;
  -3.996834016951629, -0.4998485171201942, 10.00874605059155;
  -4.352653006233355, -2.422993440072056, 10.84934261077946;
  -4.081237312965137, 0.6556606984681848, 10.31748187228282;
  -4.198799532455364, -1.000595198801793, 10.56737848846725;
  -4.224240218151994, -0.9446300949257033, 10.78184196212069;
  -1.972399846066936, 0.9911278459572706, 5.585581768147558;
  -4.187963188814862, -0.5183464051154569, 10.7638429353107;
  -4.174037348626019, -2.215054978214268, 10.7616525858664;
  -3.975891157006577, 0.9131774066427658, 10.54728685319101;
  -1.863367572789319, 1.01309842397299, 5.577478998068251;
  -3.910756330014197, 0.8492126297236281, 10.80792273508211;
  -4.513653158049163, -2.650612031398781, 12.47032024603553;
  -4.337077139108461, -0.07672110141800735, 12.19780173668138;
  -4.391876700463271, 0.620610077303872, 12.37507130029172;
  -4.581162490322821, 0.8337618133190299, 13.63903270600962;
  -1.994034320293752, 1.003909443548978, 6.661510472430734;
  -2.207707933944334, 1.05622813317873, 7.439218907240157;
  -2.16566991852502, 0.9749039989765136, 7.368362118989242;
  -2.007272109753277, 1.021962515913027, 7.424343906693;
  -3.208918410490316, 0.6451475901002211, 11.65751301759925;
  -3.151762731106929, 0.430699423682605, 11.58812609844686;
  -3.154719777920076, 0.7515086269100869, 11.86031838217781;
  -6.674558312753224, -3.938310740221361, 23.96382781934493;
  -6.094823924325601, -4.824700792338061, 22.02735627843891;
  -2.434562725971168, 0.9305358709201334, 9.456814851842188;
  -7.222086828831827, -0.15796315097136, 26.29850725270832;
  -6.686106324277113, -4.898920613618637, 24.34183952682498;
  -2.382451518171947, 0.9611092379788944, 9.3652177209187;
  -3.031555548432646, 0.3757404994163309, 11.73814804171586;
  -7.179638675638004, -4.525626061455836, 26.44314305307436;
  -7.329196974721222, -2.345362325940043, 27.13313459152015;
  -7.160029165663834, -0.4828282453865286, 26.59780538555335;
  -7.08106022159896, -0.8462021304635473, 26.31213525604493;
  -7.053185148031326, -0.6698615035402977, 26.24018457582808;
  -7.006225660816189, -3.101088951365123, 26.18807438177717;
  -2.164911951565796, 1.013848933504465, 8.785049770362322;
  -6.675871162494111, -4.905161766901591, 24.93412765615884;
  -6.054298552892157, -0.8578363873355481, 22.89486291531834;
  -7.139237518020702, -4.889657608893678, 26.81815958036474;
  -2.908276020837386, 0.4638060838976135, 11.53384790582622;
  -2.490261850761513, 0.9476375478816234, 10.05797521223074;
  -2.997384736279157, 0.4352582827597567, 11.89154209022547;
  -2.919405086179768, 0.4059008870800355, 11.6559339646473;
  -2.41674400073887, 0.9929412837814395, 9.838561574980815;
  -8.049690656950286, -2.920397709930926, 30.5483891252437;
  -6.875744874882036, -4.907289545775688, 26.14408914592699;
  -8.069681873742546, -3.495991683618067, 30.645880696042;
  -7.444912949985211, -0.1974744707942618, 28.59516916019435;
  -8.716477032224251, -2.960573509687065, 34.06957124867801;
  -2.505276361454386, 0.9806778376553876, 10.5096116332306;
  -2.797552423144658, 0.3679541015318801, 11.6408639074939;
  -8.714503523323433, -3.328440903461038, 34.37670898896249;
  -9.096259702848604, -1.13866294554834, 35.99511964864414;
  -3.192977925107353, 0.2366265296225925, 13.20859806234371;
  -2.826101155873564, 0.8944578929589624, 11.86464538007943;
  -9.147457245334316, -3.279253213465627, 36.42827965529308;
  -9.952654920810758, -4.939050914616806, 39.77877366249526;
  -8.657703004349965, -3.331337410925712, 34.85770588557725;
  -9.732623598879869, -5.175571673701108, 39.09529380064462;
  -2.709729640986157, 0.453943300657247, 11.63628466814517;
  -10.32151144088668, -1.342734320005407, 41.77115597490597;
  -9.157976255403494, -5.181276645412016, 37.17871069793419;
  -10.25141668550133, -3.684653219450849, 41.67139433844759;
  -4.492483603448882, -0.01818080733216046, 19.06799057911914;
  -2.660784231572738, 0.4621664058551308, 11.77870306288616;
  -11.43267789975133, -5.239880760545844, 47.49283680723123;
  -12.29073051311239, -3.731060926498569, 51.6235551528029;
  -2.63098404767785, 0.4209661054417185, 11.81569497140366;
  -2.518993198518471, 0.9633868922163195, 11.44958084777239;
  -12.0950497880754, -4.667698335553853, 51.45523121096725;
  -15.20179412159856, -4.155558741711068, 65.31088333676243;
  -14.75583198584176, -4.532318174000692, 63.52272849552829;
  -13.67085703059484, -3.401777013961042, 59.14519348008483;
  -16.29599291864809, -5.349803786434597, 71.2732901810444;
  -14.87030239330236, -6.126443796728291, 65.54364212986303;
  -18.08526963571142, -6.329321733736947, 80.78086463798634;
  -2.560296762922519, 0.4633998896682838, 12.25826396279279;
  -5.517816178253142, -0.5387350196843812, 25.41694331344454;
  -20.25099943805773, -4.048618772093791, 92.02847904493552;
  -3.307524915248552, 0.03610159687220529, 15.88445581443733;
  -27.94512668744576, -7.322395208484243, 127.7769225164869;
  -2.434580082302343, 0.6087566297674052, 12.03207055412084;
  -3.329841251089666, 0.1604643449797248, 16.38687817228288;
  -2.499875874706405, 0.4626784073690758, 12.59092378358601;
  -2.919739191249243, 0.2682250092893091, 14.70914753565228;
  -2.667529268050866, 0.600129760067855, 13.56500987403019;
  -5.424406497173844, -0.8355547017326713, 26.77860590752022;
  -5.216801678078618, -0.5377875607151967, 25.83952673979985;
  -3.371103194852367, 0.1524732762561108, 17.03054568387685;
  -6.041141367281235, -0.3590684927254254, 29.91027846599105;
  -21.95943919378243, -6.131409989433069, 108.7400954748663;
  -3.686729741748784, -1.096338591622615, 18.27414512533423;
  -3.44825351043658, 0.1973704770780209, 18.06935673518302;
  -5.407129954582826, -0.6820699554634285, 27.81708572049384;
  -3.052540297055487, 0.3193600094617384, 16.07357969192383;
