m=[-8.210528040522922, 1.627559611373714, 11.34258188360407;
  -8.111495741670296, 1.649477646982279, 11.2998167584578;
  -8.148569679523636, 1.789581386746695, 11.40204036530178;
  -8.016008637570225, 1.565638526260751, 11.43202125212989;
  -8.036692944746219, 1.506218048458008, 11.46940653005085;
  -8.011544957104489, 1.582583170331477, 11.53011783945726;
  -8.338877190551202, 0.7172783603649899, 11.97345897110577;
  -8.298660592318278, 0.8411139596072691, 12.0017179240463;
  -8.160760465516159, 1.571083616125773, 11.94571412156769;
  -8.142728883518723, 0.8693079866221379, 11.91820597219242;
  -7.911832073959968, 2.016443808067536, 11.84581079473933;
  -7.904810117046555, 0.8732947647345707, 11.88571369762703;
  -7.693633073557424, 2.020411857409269, 11.67158682503266;
  -7.883595146126907, 1.96433910733001, 11.94156231536576;
  -7.970774380368032, 0.258694171152955, 12.04634922016637;
  -7.74178289924545, 1.904781847247073, 11.86270265657374;
  -7.932224899523305, -0.02239259187566808, 12.11748620406651;
  -7.84462724079946, -0.1509714098763121, 12.0027038970608;
  -8.002135499975239, -1.884168211291127, 12.23521855489388;
  -7.759488978243856, 1.980468930693928, 11.98637110046126;
  -7.883709319019665, -0.2405186654466937, 12.25028713677044;
  -7.796584599309226, -1.893566764562109, 12.14729269278532;
  -7.817655352559926, -0.2008236945628771, 12.20672696928201;
  -7.665980862355082, 1.965352188932741, 12.02562352903313;
  -7.899106100368549, -0.9571488456868326, 12.35477596100705;
  -7.902496874487008, -1.571161739323256, 12.3635461815506;
  -7.74309777424036, -1.669135331242479, 12.19262674743351;
  -7.834914514751746, -1.07725977737479, 12.36029670481547;
  -7.839318221962062, -0.7368973722143989, 12.37871089569293;
  -7.657623186679461, 2.020479969611112, 12.16890426535985;
  -7.758886372062622, -0.9315801723841454, 12.30028129314945;
  -7.881132625335584, -1.267184837191221, 12.51628610146998;
  -7.551725670582818, 0.3917230504903849, 12.05222828414589;
  -7.922755703458814, -1.048770985407188, 12.59275386517592;
  -7.895511329289751, -0.8415040346627039, 12.56469182373351;
  -7.90897272067025, -0.7272961333101886, 12.60448288144219;
  -7.994973036703655, -0.6501177340948201, 12.73512199906315;
  -7.922941296269529, -0.4917033357948835, 12.65751690150319;
  -7.873702882668778, -1.213421946289129, 12.58730884298115;
  -7.886162013203155, -1.015371247808182, 12.62476001029994;
  -7.880127512668611, -0.9209250245611754, 12.62867562706547;
  -7.857525172712538, -0.5944590892577968, 12.59885617878899;
  -7.825990513674034, -1.156283339062004, 12.57457752545512;
  -7.857473865946893, -0.7867094232407024, 12.63519888609583;
  -7.820270539755322, -0.8405117503022523, 12.58388008458417;
  -7.445187548038359, 1.973061548758635, 12.0610093553202;
  -7.42482028325211, 2.001422562014398, 12.03644833306701;
  -7.821894633100293, -0.4778053590568094, 12.61385370679011;
  -7.777350230204051, -1.176566075943363, 12.6168233867423;
  -7.800160323428062, -1.087608372508431, 12.65237542126242;
  -7.534521470074586, -0.2799143496484946, 12.27210790974856;
  -7.683417940594889, -1.131918178388568, 12.52577371386069;
  -7.69666251301765, -0.7933780620714931, 12.58284251433058;
  -7.713649987712475, -1.184171000134935, 12.63654016188044;
  -7.708004578348475, -0.6709401608352859, 12.65597516431172;
  -7.707240841585267, -1.088688648459596, 12.65504269593379;
  -7.735558694403294, -0.7914216171210275, 12.70489041866237;
  -7.377185119979637, 0.613902510916269, 12.21507242869672;
  -7.460754466583568, -0.3778428585106768, 12.42361816492475;
  -7.362533287732766, -0.9323573161410411, 12.32083623203354;
  -7.408163754044074, -0.5187504299238581, 12.41377473559548;
  -7.294300782368988, -0.2482315613966348, 12.30213746978561;
  -7.095420435101004, 1.920197548025271, 12.31397163350257;
  -6.930173851212011, -0.3324850300053746, 12.10664399409932;
  -6.805172795761545, 1.926985750936806, 11.93570666316127;
  -6.949524623810586, 0.06648441461730309, 12.28976057195063;
  -6.845944315161679, 1.738247945051534, 12.21777744214976;
  -6.960326568409087, -0.4588375669385515, 12.51380562656152;
  -6.756187395875729, -0.1389473007664596, 12.19294132981607;
  -6.561912703170137, 1.729711056269106, 11.8892920097064;
  -7.042095214748098, -0.2865428747321367, 12.85555185650963;
  -7.449368665040018, -0.5058154649880924, 13.59501991300231;
  -7.5299769413405, -0.400774457423111, 13.94090495321622;
  -6.978945642495329, 1.424861570802838, 13.00797326288118;
  -6.819888263581274, 1.856861326355447, 12.74465145068946;
  -7.445215611694929, -0.5163074033462844, 13.81275975507796;
  -7.135688503246247, 1.660464642614666, 13.45127248151377;
  -7.407711871857691, -1.301121467085018, 13.89987501475964;
  -7.018832860398413, 1.421847091785595, 13.36104115771226;
  -7.392177437740505, -1.663430207375645, 14.10947377958547;
  -7.26106229755043, -0.2769963696051429, 13.97916184841438;
  -7.230837082259447, 1.516089588743322, 14.03571039620388;
  -7.203801227218015, -0.1626876195486886, 14.16434206574728;
  -7.562294820632815, -1.067213386904457, 16.7730776282698;
  -7.712795186505745, -1.801385386621553, 17.18787749992159;
  -7.644473639240069, -1.224114879780865, 17.0807618139746;
  -7.852377367345174, 1.418465701783034, 17.59387878042689;
  -7.58566385273488, -1.467329322667498, 17.04509235092322;
  -7.863939373196997, -1.785736854378366, 17.71266153013913;
  -7.706036027363198, -1.892150489034178, 17.49092147158405;
  -7.741633015651816, 1.366031886808569, 17.64767134467716;
  -7.803905188972252, 1.256610311113743, 17.84951767887427;
  -8.300965524049545, 1.230399793997106, 18.96077275230498;
  -7.842652747441866, 1.443156294175786, 18.15176250976508;
  -7.939330773142921, -1.306143973571365, 18.36975444556511;
  -8.239362346562642, 0.9439903318187969, 19.48502045222826;
  -7.978313938348992, -1.010800270067839, 18.91258780141918;
  -3.585833164515476, 1.988062569758454, 9.058085040120091;
  -7.947211389318199, -1.124066512299221, 18.97076209972611;
  -3.612873994137289, 1.954532565724448, 9.25950066089178;
  -7.729141467948228, 1.747051184302413, 19.07625741087676;
  -8.118873331838982, 1.320309784005217, 20.24275457542383;
  -8.03665591829072, -4.340684222275486, 20.07083786237775;
  -8.03812516353841, -1.005256892425468, 20.12882024710291;
  -8.609913196227446, -4.792884515299791, 21.46091084705566;
  -7.735259262409039, 1.631602989692047, 19.61490088584505;
  -8.275268142595399, 1.329441949662966, 20.92010890380607;
  -7.673570340629944, -0.8709118673015243, 19.4672481576459;
  -3.648275455949117, 1.994935882618187, 9.780603019720523;
  -3.842241149471938, 1.937341109935814, 10.38662521519204;
  -3.66563485669334, 1.952832586130961, 9.956220066927722;
  -8.341954597904271, -4.426862176067419, 21.50752611240231;
  -8.712609123772603, -5.283514383185178, 22.57888157240611;
  -3.822243749546268, 1.934109071510934, 10.51345193658908;
  -3.641779300418837, 1.978491922067574, 10.11798849336753;
  -3.807802644582022, 1.936011806834785, 10.64720838680007;
  -3.555489331982971, 2.066733441239979, 10.02168199474384;
  -3.535112018355655, 2.05143513603297, 10.13935151190789;
  -3.611520323867367, 2.035523512226187, 10.37917528254186;
  -3.6307755447489, 1.974024361000659, 10.86772928930133;
  -3.521202314813265, 2.021030124133449, 10.66651786510714;
  -3.906056648905337, 1.96652942076527, 13.04904183833577;
  -4.229133285329542, 1.90379841212391, 14.38898200931847;
  -4.566753812206929, 1.969995991643872, 16.3098813356838;
  -3.952109430186056, 2.012137605465449, 14.61775881008596;
  -4.36633286281691, 1.896336716481863, 16.41166063828336;
  -2.159023122277159, 1.836724219028978, 13.43552289074656;
  -1.205890547422299, 1.797723492248834, 16.88531635408038;
  0.3195785274766414, 1.939020146623345, 27.50231515488454;
  0.6479317939932054, 0.9182693215142209, 25.69313786510364;
  0.4982254363569024, 1.878657971104101, 18.0239526857059;
  0.6817260439674363, 0.9648364132557974, 23.1899341833285;
