m=[-8.171101108973586, 1.674104791836044, 10.58131879177708;
  -8.169738768697842, 1.810119374848302, 10.63524545548398;
  -8.10327926955445, 1.609957470589645, 10.66827633474875;
  -8.048771509650825, 1.585320676980748, 10.68521254501864;
  -8.456263554608002, 0.7229694664052757, 11.35632897340138;
  -8.27268660433009, 0.8355174923828674, 11.19159682089095;
  -8.34310008232295, 0.9943749293730052, 11.2917195463434;
  -8.185935909147901, 0.8856860304953589, 11.20626214330231;
  -8.009849412652361, 2.028198988524162, 11.02217011450027;
  -8.102348469360933, 0.6905638816185674, 11.26814545341555;
  -7.710944761999627, 2.045103780207342, 10.91030397949536;
  -7.874680336464079, 1.980619479004367, 11.14769245364074;
  -7.815473982134338, 1.944489678421839, 11.18899359326707;
  -7.942815672185434, -0.03025957440489303, 11.37606323649001;
  -8.05930466009179, -0.1710579808843432, 11.53930386818919;
  -7.787855508397587, 2.009344947623245, 11.24966431714224;
  -7.949054492159722, -1.642205920694518, 11.53753361529716;
  -7.906382838443021, -0.2513158011316602, 11.53339857260364;
  -7.91859823823038, -0.394587999193855, 11.55731102918375;
  -7.703414803093617, 1.993740538790408, 11.30365336963185;
  -7.783587245581279, -1.931337553781857, 11.3928668530558;
  -7.867616637977976, -1.663865069877964, 11.53570038919756;
  -7.891230112047318, -1.597794491551083, 11.61163844758743;
  -7.813645246387267, -1.718771921813166, 11.56136348149741;
  -7.88989229935461, -0.5862813436640255, 11.68197668564414;
  -7.651763758347874, 2.040911935477253, 11.38749312065409;
  -7.810929343447508, -0.9476243089417138, 11.63820959738271;
  -7.619269453823796, 0.3948568258281792, 11.39739016014999;
  -7.948372926046004, -0.5790004557022819, 11.87314669578078;
  -7.997645187015504, -0.4787147291964917, 11.94781350190533;
  -7.981463862182991, -1.189946919860321, 11.94699450729842;
  -8.019425515939703, -1.08533651211649, 12.00394126986603;
  -8.00894390373089, -0.8780155295184531, 11.99903227008355;
  -7.964377732096345, -0.6702914127823163, 11.95443705740573;
  -7.961444557719329, -0.5057598781579974, 11.97856507564028;
  -7.51552157713534, 2.013785700453692, 11.39567638533118;
  -7.939163320360122, -1.254423246264636, 11.95521776563991;
  -7.884932988044263, -1.036020522225115, 11.89063145697178;
  -7.88081964811306, -1.133303497087597, 11.8941275700907;
  -7.906948784398695, -0.6161543566804492, 11.93701273723671;
  -7.885476864112419, -1.199591294567939, 11.9345915074127;
  -7.883830549251288, -0.8086563311476424, 11.94162132513394;
  -7.889401527606731, -0.8681792864313742, 11.95495234847539;
  -7.871929087713141, -0.4966965863003315, 11.95330978531533;
  -7.806242241239187, -1.114402258353229, 11.93289574027597;
  -7.801758150685781, -1.175531689369934, 11.97786216223224;
  -7.71194451468538, -1.141637843430955, 11.852094002186;
  -7.762801223224226, -0.8345016637690418, 11.92668685516687;
  -7.737743879549636, -0.461277024504501, 11.91312609128267;
  -7.742760355733528, -0.8250201910908505, 11.92257015398538;
  -7.720207122562353, -1.208980209090691, 11.91989276477501;
  -7.730875792804129, -0.9028410802582118, 11.93852326723559;
  -7.767130165278027, -0.6837657379665608, 12.00869355622478;
  -7.401111026953378, 0.6183218090128821, 11.50136536728781;
  -7.734987486250136, -0.8108110601492334, 11.97509609323094;
  -7.463386872577277, -0.3880595818090321, 11.69246985369718;
  -7.40871009450871, -0.9602910203346523, 11.66303538913596;
  -7.444329099071179, -0.5145917971504534, 11.74011139989926;
  -7.279418781975312, -1.754476270885606, 11.57514705806143;
  -7.060698945868232, 1.939969051963945, 11.50190941273631;
  -7.168393335376868, -0.3444732066612765, 11.7655762427438;
  -6.964931127401763, 0.06411798304156965, 11.58303633648003;
  -7.013291131699218, 1.925663144804896, 11.68783023861413;
  -6.894894787569799, 1.843296528379681, 11.56166971825449;
  -6.981650968199727, -0.4990950624018182, 11.69620286548148;
  -6.87148241311053, -0.4729388442795204, 11.64365988884082;
  -6.794811570011828, -0.1364904649108045, 11.53183118289815;
  -6.882256258521809, 1.866301611986824, 11.69361181439914;
  -6.96290641002452, -1.856856718613739, 11.83098591987115;
  -6.931319053734027, -1.406010558395048, 11.95391075924315;
  -7.078753568668474, -0.3039586962161721, 12.20540364240341;
  -7.682766129206222, -0.5428411971054091, 13.30095012596371;
  -6.944616926102127, 1.924972695687166, 12.22931446742405;
  -7.081972721516582, 1.470114097626328, 12.46242275274497;
  -7.620663368914258, -0.413095475866369, 13.41021483318353;
  -7.518177597874498, -0.5378588500905548, 13.2503284302242;
  -7.462132771174417, -1.455568682349273, 13.2678954848872;
  -7.401684498804358, -1.32890054342624, 13.21119889950407;
  -7.077101120115479, 1.46488767036177, 12.75289150328698;
  -7.455081639071318, -0.2652405406800055, 13.4235705133504;
  -7.300935257425451, 1.618446598040464, 13.3049284591867;
  -7.354672390309385, -1.687487242571984, 13.37408133944703;
  -7.274842636787338, 1.54950799823856, 13.41276098920216;
  -7.338335120181369, -0.01572099142621281, 13.61103410131167;
  -7.200688530560083, -0.1637229669054842, 13.48253784459971;
  -7.185558936922969, -0.02627043752253374, 13.53157831734855;
  -7.344668300196463, 1.861970766582078, 15.4513679061637;
  -7.531254011703221, -1.088457533380421, 16.12216355409307;
  -7.721296323959304, -1.362283673037427, 16.58657049820859;
  -7.667934081387703, 1.411803857282078, 16.59079897713841;
  -7.541545380290474, -1.061066890835956, 16.33932700238658;
  -7.532342003103326, -1.465656318697044, 16.35710467714853;
  -7.809480401266598, -1.818721414181156, 17.04401906473087;
  -7.647926269866041, -1.910357497443499, 16.80832126590654;
  -7.705843420718961, 1.395015219925673, 16.97723060475042;
  -7.551172163061623, 1.246802417101455, 16.70420845133151;
  -7.339619333936741, 1.110310319700435, 16.26228560142571;
  -8.032936525328188, -1.345874443319329, 18.04256626270116;
  -7.810467769713764, -1.153891025726622, 17.94735335748733;
  -8.279388512025923, 0.9736834335798983, 19.03680797535695;
  -7.841624706960701, -1.012633507688455, 18.07556150140831;
  -7.808375569385044, -1.124016271080178, 18.13169565196966;
  -8.178371857884287, 1.898535847711156, 19.61012593234035;
  -7.930844492868017, 1.613409068382255, 19.09562801493018;
  -8.21008513598391, 1.379018964231612, 19.95904489231349;
  -8.020908601086124, -1.021403517425162, 19.61069344569868;
  -8.219279490584921, 1.689320410496685, 20.18497629462252;
  -8.157455189117144, 1.351216494262067, 20.14035934686143;
  -8.501167559558294, 1.514597068355137, 21.10312066541584;
  -3.813360984539898, 2.079339596815373, 10.29318008461431;
  -7.431077923699838, 1.453292740716581, 19.18357281838938;
  -7.995320675368403, 1.92760601220512, 20.71782080445432;
  -3.700655950390656, 2.081800692253158, 10.39115027593751;
  -3.579438386628432, 2.127022367249166, 10.15681502881973;
  -7.649215359882599, 1.712291634439139, 20.74210427479033;
  -3.844386149822514, 2.043381548388752, 11.11207017650626;
  -3.593340455577795, 2.126699808445379, 10.48934261693024;
  -8.658667660033107, 1.87327266439115, 24.56417185133651;
  -3.813788462713478, 2.155023060272879, 11.88395837962633;
  -3.960434548430639, 2.069660487443771, 12.6407075109449;
  -4.336672628075561, 2.03178237104653, 14.21073540576798;
  -4.3463409786421, 1.953216381169203, 15.0855900542993;
  -4.280112835781224, 2.00978240284145, 14.99822178847778;
  -3.980423628600285, 2.113925870394787, 14.22601970149267;
  -4.450357434347113, 2.0183572634462, 16.28910257359835;
  -4.802729384692401, 1.917474702331757, 18.33233574957015;
  -4.690383745461119, 1.978953011446835, 18.11858766438728;
  -4.60489073471021, 2.034369149955892, 18.13133175210147;
  -4.263332508839547, 2.090248705430323, 16.95459874639989;
  -4.954312678127358, 1.974227223862067, 19.74458906927275;
  -4.858770391685238, 2.094731423513172, 19.49547784661964;
  -4.915870435783535, 2.01322215199786, 20.42220492554569;
