m=[-3.920126088138979, 0.9859800980578722, 5.549477330236567;
  -3.871316909629155, 0.9988386487941312, 5.592170482829806;
  -3.832375844174564, 0.9918670194604454, 5.623460404508228;
  -3.785065565942587, 1.009569261945448, 5.633002985275429;
  -3.741475199724974, 1.002529123025973, 5.673144590459652;
  -3.684493529561728, 0.3078190147665809, 5.725722276367658;
  -3.522388310907909, 0.9677971493402378, 5.737985938665755;
  -3.464916835042735, 0.03189744088002151, 5.762333735833121;
  -3.449519195924015, 0.9561694094953491, 6.07452584602795;
  -3.512097756035183, 0.7290601964198805, 6.180374975421309;
  -3.685933667663352, -0.1311399507414986, 6.63686769519734;
  -3.639327021866749, 0.8067536870302288, 6.632162039277818;
  -3.633036181738415, -0.142226812173521, 6.65266054448204;
  -3.639865856936791, -0.007797722370582299, 6.751168690391213;
  -3.563468204811967, -0.08102302779645371, 6.672222347279913;
  -3.585927581739226, -0.01311016823094227, 6.752885939506814;
  -3.724611807166156, -0.5240387838982232, 8.069652465831055;
  -3.823713492957726, 0.6922199463551401, 8.42426483282765;
  -3.82028062067202, 0.5779178461846213, 8.464539059090077;
  -3.97869849756616, -0.7275823149831272, 8.793221105133242;
  -3.975316727277525, -0.6660425076773612, 8.928853756154725;
  -3.959067778913439, -0.9242685558712266, 8.924514913131057;
  -3.87034720788938, -0.5717914779633375, 8.893512015439866;
  -4.118520130601878, 0.4843515697092355, 9.469718295623872;
  -3.838220611343147, -0.5525121558010275, 8.912666578545707;
  -3.975220149934429, 0.9228117880111453, 9.531795460466823;
  -3.932165302097814, 0.7999389172852667, 9.467739024463178;
  -4.021258090921066, 0.6754364998171712, 9.775839035882768;
  -4.001715864359229, -0.6289214777448692, 9.727968667989495;
  -3.942771839120552, -0.5020828967353253, 9.639866716952323;
  -3.976574572873824, -0.5063874254204549, 9.722512596893186;
  -4.123281092887087, -0.6923400208345799, 10.08467529684442;
  -4.042448487211907, 0.6695989063369442, 9.98060832528283;
  -3.746033751410931, 0.9255155716420895, 9.344466469160064;
  -4.149261901237942, -1.009875054582796, 10.22934919567952;
  -4.17318464568748, -0.5259127293328125, 10.51549306973117;
  -4.165283334028808, -2.266176423463269, 10.54963945694333;
  -4.085198097890917, 0.798940449960738, 10.54607366429249;
  -3.944878146430639, 0.9510776541962667, 10.22213890494042;
  -3.935576906686362, 0.8809864929877397, 10.67196342883438;
  -4.322815012941858, -0.07370028939001767, 11.99531013922105;
  -4.415454774420206, -0.4420090498863697, 12.24178100895358;
  -4.352220205445478, 0.6379352850116923, 12.09805575184035;
  -4.173853842542226, -0.1339783648042712, 11.65018296584608;
  -4.471027624245097, 0.6796568764879944, 12.63114367522016;
  -1.975137274931507, 1.032175516402098, 6.304139679891293;
  -4.571108807160741, 0.8583628402870523, 13.49200359197961;
  -4.720288047016732, 0.750944029445239, 14.17570575516222;
  -2.145485619863654, 1.005185365284819, 7.030488827627333;
  -4.832134641137544, 0.3627629719193048, 14.69349553086331;
  -5.103833748110952, 0.7131329069602491, 15.67853259989059;
  -5.061670666792218, 0.7004890289394312, 16.16518222031207;
  -2.198974299428312, 0.9882042491648533, 7.632356730437536;
  -1.983684385708796, 1.053496344338256, 7.089680844488465;
  -3.738149024449102, 0.9297164583057886, 12.50171220542742;
  -5.113915019860426, 0.3181515788342834, 16.75942437962337;
  -5.346198895480783, 0.7534270484613431, 17.65173826236806;
  -5.279910149549137, 0.7957213274283229, 17.62533597332008;
  -5.253313193726055, 0.7281873223654541, 17.55898065920822;
  -5.235509783910032, 0.2904826749996942, 17.61916889635398;
  -3.46191131884337, 0.718751662834516, 11.97955834568119;
  -5.681562655682556, -0.2274035866440602, 19.32102377237541;
  -5.712463592247355, -0.3467078457098558, 19.47113946328812;
  -3.220918648195892, 1.025606558108542, 11.43939321124725;
  -3.160632580842385, 0.6582849690340407, 11.36923016263006;
  -3.146465827453329, 0.4568694848056512, 11.46438347647198;
  -5.927221323140199, -0.271069062066949, 20.8276720359147;
  -6.285406801116555, -1.083850719064146, 22.34515865098791;
  -2.381748773364262, 0.9509057567956563, 9.091292614488411;
  -3.02333266258154, 0.7513521131377606, 11.29728047906028;
  -6.060046584574384, -1.213392013880525, 21.66716499747589;
  -3.189564180572929, 0.3113586162574913, 11.94015723317806;
  -2.317025623333671, 0.9775926840384489, 8.950489801101648;
  -6.341497381331808, -1.002163209626987, 22.82949601958649;
  -3.046628905774925, 0.4780992589162872, 11.49269111011407;
  -6.105700254313067, -0.4295456492655896, 22.12868117414694;
  -2.202529867256858, 0.9958440717702218, 8.635924049273877;
  -6.565879840565644, -2.201368350505637, 23.87476700183359;
  -2.310112355335316, 1.02057173109491, 9.095853932753306;
  -6.548572363175261, -3.108013806505709, 24.05903603003496;
  -3.296397154401675, 0.2914817460520986, 12.60426517200516;
  -6.978820249138056, -0.1495180880918088, 25.81190154877373;
  -2.407202082816862, 0.9592377780707267, 9.593503482683213;
  -6.745237783421465, -3.921022110620272, 25.13598458232353;
  -6.863022931595282, -3.598845724800036, 25.58695080122505;
  -2.333541028409645, 1.006045012670686, 9.363170875781817;
  -3.303699495866145, 0.262000906956947, 12.85649673106651;
  -6.782720282474027, -1.013941677460315, 25.41534177812842;
  -6.320011536701062, -5.17436039137454, 23.82590330207169;
  -2.963320938110034, 0.4615660604879773, 11.70066210557427;
  -6.917214150609597, -2.2729153655065, 26.05061042715311;
  -6.853003555828794, -0.8337218664033148, 25.86559774951236;
  -6.816284812003862, -1.94442588695908, 25.73769385377067;
  -2.889646255122944, 0.4275471266996366, 11.47227608296976;
  -6.830719310799732, -3.11370138482613, 25.98222578305825;
  -6.73200188296022, -5.128556173215531, 25.63214504572884;
  -7.088247912680419, -1.02067700759735, 27.09747268825878;
  -6.967854035135629, -3.713127683025019, 26.67861009496214;
  -6.876084676576143, -4.865558864933691, 26.34150889883061;
  -7.100772950968689, -4.943466817744519, 27.39832680403874;
  -8.19982323647795, -0.7769147095335212, 31.53961624708747;
  -7.451659213673199, -0.4208793257481013, 28.81712170611142;
  -6.736502085231295, -4.95953798514021, 26.09485784531519;
  -7.263757507589826, -6.515009158571092, 28.16054572011995;
  -7.638825623108817, -2.837051126839708, 29.58132965534459;
  -7.625676332391199, -3.392981594811793, 29.55770838041103;
  -2.458500323032318, 1.006842506465218, 10.21345010255212;
  -7.28053632491596, -2.887771879197166, 28.46335779698943;
  -2.632543484091395, 0.9642326697617992, 10.94375161473984;
  -8.074448015840087, -0.814830074570327, 31.58839443131204;
  -8.365496419596692, -0.2091487983680894, 32.71303270633739;
  -2.783959169801598, 0.3930894825260495, 11.53436686524958;
  -2.698629558939442, 0.9002571132860213, 11.3054710907229;
  -2.345923356140233, 1.019200368198684, 9.97399197514558;
  -3.374562950656125, 0.2912374963445202, 13.97017749854587;
  -2.709623287176067, 0.9576027711597737, 11.42224823907598;
  -4.028767151541103, 0.09800719081429833, 16.53521825730472;
  -8.827994271552484, -3.789832821302452, 35.14186434621828;
  -8.454274422553009, -2.958317979221482, 33.80008247846;
  -8.446890487448272, -3.32094588268571, 34.10665949085353;
  -9.574730002048936, -4.877552810616416, 39.26270458409545;
  -8.415907918223876, -3.340691885664047, 34.71771121602217;
  -9.032568712972035, -4.901701735405319, 37.13442434161976;
  -2.565853602129494, 0.4730771723347254, 11.35048199493277;
  -9.454665909071794, -5.036839132049258, 39.30080558931354;
  -8.654147967371916, -5.056124742320235, 36.05991149336787;
  -4.000142346610744, 9.982292670220562e-005, 17.22620039962273;
  -9.733175420034964, -3.598298427009142, 40.61517943540996;
  -2.570498629274638, 0.4432454154648687, 11.54074034810819;
  -2.494065333223316, 1.004196794733868, 11.29728360313867;
  -10.56400790261415, -4.985337633836259, 45.18387637267371;
