m=[-3.568083304704009, 0.3372522590426031, 5.180064671001986;
  -3.370662116806622, 0.9685799261719655, 5.194397940365574;
  -3.340252778971351, 0.06321435845943559, 5.198604822157878;
  -3.609289749295987, -0.2232211116631141, 6.02957185527133;
  -3.624031822105588, -0.1645294401640915, 6.049999141447434;
  -3.553143823329792, -0.0914864997015057, 6.071009037656531;
  -3.548711656381958, 0.8655224009008113, 6.092889855221144;
  -3.534651722282326, 0.8350170034775845, 6.099755043420735;
  -3.497502974525475, 0.02947750468927122, 6.163730739738337;
  -3.441400825880059, -0.04330341842398927, 6.11943035199038;
  -3.458651320139081, 0.0243549172413201, 6.187055415236156;
  -3.589124738291448, -0.470776770536487, 7.508397477587741;
  -3.595977775720571, -0.4292205210376608, 7.540585782899196;
  -3.683447822012725, 0.7322447854911769, 7.845433120708708;
  -3.755354938598254, 0.6789093446926749, 8.02125458618811;
  -3.843101341179855, -0.620227840504911, 8.396264647635347;
  -3.850870089075177, -0.4667677683432474, 8.448346670258143;
  -3.739931265813451, -0.5136199680879547, 8.354500679264806;
  -3.771445760209531, -0.4489209590646653, 8.4551555510002;
  -3.708916297062362, -0.5002021993290803, 8.380424623148654;
  -3.621606325215301, 0.9122283565280308, 8.474949342413083;
  -3.786275905639619, 0.8383526196239228, 8.884183120272756;
  -3.867643836898482, -0.5691024954438547, 9.197240332874578;
  -3.751354741895505, 0.9251544638168731, 9.095783778613036;
  -4.073980344377445, -0.8912057644198532, 10.0225390016655;
  -4.054128196172427, -0.4646838558981032, 10.03590778117046;
  -3.835346239805741, 0.9865742059477115, 9.753224697330182;
  -4.147190350149293, -2.509488671482103, 11.27493092215772;
  -4.194933277279033, 0.7102668709946655, 11.38619305237145;
  -4.146316342148758, -0.005559108883317233, 11.39565266418427;
  -1.867315807397068, 1.048288486455419, 5.686530048142076;
  -4.217185721283546, -0.9363609812280845, 11.69398249405703;
  -4.197258182125136, 0.7361521975497791, 11.77532479796136;
  -4.298158064880793, -1.8850382569014, 12.17392319890833;
  -4.209961748402175, -2.553005420279763, 12.00479870517501;
  -4.042550394232111, -0.7877700351293644, 11.57612844111159;
  -4.274616074578661, -1.772032142622701, 12.26517016066432;
  -4.240098054028953, -1.486087653815393, 12.30484690558673;
  -4.281728786554534, -0.6810901407937436, 12.41197881368755;
  -1.940081066306443, 1.033627865363728, 6.153917819071292;
  -4.366383013355383, 0.9203355754805984, 12.82554438429544;
  -4.853273285854709, -2.294750401608023, 14.36604529202539;
  -2.09305426485742, 1.019238140455481, 7.041661820121356;
  -1.989932073481179, 1.013222906486744, 6.760557770637613;
  -5.24583139003462, -3.540927976119252, 16.41070479313105;
  -3.430866433947685, 0.958031777615978, 11.45744189132562;
  -5.28015833407242, -4.257566417998273, 17.9594715969181;
  -3.021189662189858, 0.7156688471220982, 10.81171215938313;
  -5.446291804206262, -4.371157874878798, 18.97305394038737;
  -2.241630928655549, 0.9847693471472879, 8.42879158771726;
  -2.166445852281191, 1.003541902809845, 8.240870895252364;
  -2.855642259895515, 0.8058001864949193, 10.62128444267159;
  -1.975726524205925, 1.059119177902489, 7.714428918588792;
  -5.687517853395183, -4.507982597278546, 20.57447239249042;
  -2.161172694504601, 1.024304658103812, 8.584298329512793;
  -6.10932024765077, -4.555056500478477, 22.63941773357018;
  -6.203391475480647, -4.756808624237353, 23.52884963853536;
  -6.198368885951607, -4.961422983131067, 23.79094693115584;
  -6.390282006289293, -5.801164930989287, 24.60567811154936;
  -2.322281570328584, 1.054893738639341, 9.592764669225579;
  -2.461533518723493, 1.007624321705843, 10.21277822552882;
  -6.71979928057156, -6.218853423920201, 26.51647525040896;
  -2.579286920874346, 0.9636350455140507, 10.79653345691854;
  -6.473874219190982, -4.829875700814206, 25.77366119753516;
  -8.480778159330235, -0.6465499205768697, 33.5116904028291;
  -8.512254417042831, -2.90606620099864, 35.08955126542375;
  -8.517778761560805, -3.284053254910358, 35.46698497263841;
  -8.453731263096882, -0.9083903391778267, 35.28020038854597;
  -9.270093382860789, -3.347854347737832, 39.05904800684966;
  -9.563332936994557, -4.843833308029313, 40.54880404995463;
  -9.21028199192714, -5.053544212105853, 39.29551782686085;
  -9.834293687682672, -3.835458697681071, 41.89384101428816;
  -10.03475338388754, -1.133962201217269, 43.06224788587269;
  -8.900418451515661, -5.207325484418302, 38.36114881013804;
  -10.53503217187016, -1.104415300981708, 46.35549076807094;
  -10.93470656468681, -5.11928395028844, 48.53373961779501;
  -11.79856189025112, -3.539898934567846, 53.01064632369312;
  -11.84154779813693, -1.416251058467098, 53.28547661196976;
  -12.98163256548305, -5.079437260698197, 59.20730642787216;
  -15.03492803616622, -4.007605251862394, 69.46687799315646;
  -14.90644533031451, -4.531375753899455, 69.02102551539849;
  -11.59035719818244, -1.823997603490149, 54.34798815653098;
  -15.01178505627691, -6.249689383067326, 71.38500931486593;
  -23.19377080215101, -4.302644620627453, 114.2934204208916;
  -19.97104717739548, -2.890883939571045, 99.75973020215059;
  -4.862699383900803, -0.3770300528647414, 25.61600915908774;
  -0.9761584776424059, 0.9960499899415213, 5.912427926945423;
  -5.109517146488468, -0.5579230281583175, 27.2791534955518;
  -7.480458316483087, -2.005970871319592, 40.64726735203472;
  40.13724504343055, 11.74172705435294, -231.2133737528166;
  -98.56472053505652, -23.77820558194129, 570.8846343642354;
  -55.08609476376712, -3.658287774549009, 320.9608879424884;
  -30.7601044318093, 0.02832799154592512, 184.4077016255778;
  -37.14607884939066, -2.146197688367566, 223.5143705581033;
  -18.59823024081982, 0.3311164233145229, 116.730836469135;
  -18.14153458565436, -0.3372720196553728, 115.0283030111498;
  -15.49219063905607, 0.2473743911951795, 101.3236369970595;
  -14.24942108326314, -2.836660865241897, 94.21727475750565;
  -11.19342717423488, 0.4281744174704648, 74.76400628743512;
  -9.287732795586276, 0.7608460993389725, 62.23466716316839;
  -40.76523056033117, -14.68516601087713, 283.1349716488551;
  -14.01794742950176, -4.208672023256419, 100.0459315920286;
  -17.49636329709905, -0.807576936060685, 125.2480224410283;
  -10.85205495279815, 0.456115073889137, 78.3639190979378;
  -1.313781228946096, 0.9726224733249352, 10.31290537991407;
  -12.2424671550433, -1.238988549961849, 89.91012849578338;
  -10.35168103944311, -2.536755762577756, 77.30870043768384;
  -7.951051323606539, -3.631922356583054, 59.7667935965263;
  -13.29955604170802, -5.219797956607851, 103.1604844553259;
  -8.546637291357522, -3.083095283686725, 67.82286170570522;
  -6.75729154356493, 0.9814538378055973, 53.95506047817967;
  -6.790936034307606, -2.847016837750897, 54.97201193431137;
  -8.122981286001325, -3.881858133443627, 66.97896141490921;
  -4.072899230012607, 0.595931553464033, 34.75166910946697;
  -3.806882998882068, 0.9442285511976646, 35.59187002276206;
  -3.592464398757037, -2.728201608296434, 34.06331608374922;
  -3.476920863588811, 0.6104591044347324, 33.01258218924986;
  -5.927337672775041, -1.748902925450921, 56.72764167574312;
  -2.986713036705573, 0.2392829845188588, 29.69469408219357;
  -5.76775022873789, -2.534915258650361, 58.09086019478884;
  -6.633774236010857, -4.772008637340112, 68.23452252868628;
  -3.605717494661582, -2.330621543488221, 38.73552780616088;
  -3.522976887870637, -0.02009184983233655, 38.90128607081172;
  -3.505493436761828, -3.947087606737159, 39.25901249882984;
  -2.641042875323437, -1.333952539047449, 31.50684255170683;
  -3.368916322897719, -4.73314230853435, 40.5119876437933;
  -3.029129080360689, -3.508026357146239, 36.52913127542741;
  -2.906563919370265, -3.028273129891274, 35.28959830610332;
  -2.959873014880479, -2.747085977316252, 39.23967519507987;
  -3.022645033522792, -3.260935474869548, 40.1117252128547;
  -2.573775612974529, -4.016766888009663, 35.710922490081;
