m=[-7.656163820240197, 0.03228393459312198, 10.2310455128683;
  -7.626498801550675, -0.1795902942306584, 10.29888633874966;
  -7.293267099522664, 2.038534591002032, 10.11394804849208;
  -7.291639455614882, 0.4453340078383276, 10.17840117730366;
  -7.249014594516473, 2.037753167849114, 10.24494292180191;
  -7.575373775518057, -1.047590762287395, 10.72655887597738;
  -7.642320422210517, -0.5440742058431418, 10.82284025181556;
  -7.602821199159754, -0.89416205505502, 10.77408573453108;
  -7.558371888658728, -1.105350999901777, 10.73606810463044;
  -7.579513295422943, -0.7270742460073482, 10.7718361145563;
  -7.568200446520952, -0.4238001514776615, 10.78096610333972;
  -7.569999460423201, -0.4863281960296151, 10.78504473997654;
  -7.557651624322181, -0.8047484511642695, 10.82468783207675;
  -7.500706069372257, -0.6548385079136948, 10.76286504954908;
  -7.539548011820446, -0.7302360734392629, 10.81525123433144;
  -7.529639742548203, -1.026541063784832, 10.80204984862956;
  -7.513685426218629, -0.5766647952512813, 10.78745984864794;
  -7.502352131368036, -0.5042398895392549, 10.77634769589232;
  -7.433575957010302, -1.073635575881209, 10.71521416372158;
  -7.490607225395724, -0.7556522207161311, 10.7984743832094;
  -7.427884169982477, -0.3893459140541649, 10.72624948526054;
  -7.402860903548483, -0.73945032719154, 10.69571339271379;
  -7.126081304490812, 0.6735512634731358, 10.34548771869069;
  -7.43881489753327, -1.123422072938446, 10.78065688799938;
  -7.431266351373481, -0.7306139178939515, 10.79974958260785;
  -7.389828213217826, -0.5500322532607865, 10.75975742123818;
  -7.03844293748836, 0.4194987083934726, 10.30447412470393;
  -7.172297364851159, -0.1688407073728932, 10.49161024928687;
  -7.161640911659127, -0.3160068648152867, 10.50653578775184;
  -7.104535091451261, -0.8761137935468337, 10.47691123081695;
  -7.1195273601978, -0.4194787450768787, 10.52274501668081;
  -6.978558556219205, -1.642081043283151, 10.39395799313003;
  -6.861688528101003, -1.790674356002952, 10.31345460725403;
  -6.818952814275341, 1.968779387020364, 10.36908642692513;
  -6.736888828661249, 1.935885312193636, 10.38196064849815;
  -6.679022697535293, 0.1264006537525356, 10.39490179345098;
  -6.610335649512279, 1.865020961684207, 10.3576959692159;
  -6.630200091172153, -0.4160979265904299, 10.41003799260649;
  -6.854115807694702, -0.1833408572467671, 10.78711494163046;
  -6.604005819915864, -0.3955468710061784, 10.48466148819361;
  -6.533495548969339, 1.865082073676325, 10.38312761717089;
  -6.663399300333602, -0.5322253309931811, 10.6208638937977;
  -6.695406368530446, -0.2990711032559987, 10.67123765082134;
  -6.603628498940901, -0.4620466409207067, 10.54587472148034;
  -6.649252356165349, -1.745504974122703, 10.61571744884175;
  -6.63271207746548, 1.941412478056824, 10.9753840229898;
  -6.74184890164936, 1.490939037993337, 11.16884551023125;
  -6.96604294834982, -0.1228570337603165, 11.60860535936788;
  -7.176407703011137, -0.4438340550315602, 11.98869276606804;
  -7.148895347191745, -1.347821717810227, 12.05977755286826;
  -7.103237928375243, -1.231057639989222, 12.02546751735043;
  -6.797864105520728, 1.509043318583684, 11.56151317250393;
  -7.145107524780902, -0.2519382846859136, 12.15727613157464;
  -7.063652514981734, -0.1818752282022206, 12.0691703993934;
  -7.025701601724592, 1.6597336200953, 12.12426630565378;
  -6.993939163423574, 1.597170616260164, 12.22390087722533;
  -6.987447694549512, 0.0588913072218519, 12.31414139198894;
  -6.820878590076188, -0.08582765407158455, 12.12875034999143;
  -6.922795134194418, 0.04874851118705385, 12.38393615285444;
  -7.148383836444867, -0.971220132087234, 14.76125759613986;
  -7.293405662347823, -0.8441506610892167, 15.07159439136216;
  -7.114941323122561, -0.9332495644190801, 14.88435520609655;
  -7.140076859794503, -0.8522487348787453, 14.9723845406651;
  -7.486369926667536, -1.652452431623326, 15.66854633805403;
  -7.330016214462127, 1.45715818710113, 15.61231616764147;
  -7.681303885602703, 1.31033866386409, 16.42210839579366;
  -7.629527024933977, -1.231308948333872, 16.66870643019915;
  -7.737363201888997, -0.9378534385911314, 16.97484597797885;
  -7.426178248973239, -1.019867255347402, 16.58907793106033;
  -7.965440028461981, 1.062506489006904, 17.83963825583689;
  -7.285955418067613, -0.9826188116506234, 16.46286820683959;
  -7.481342191561434, 1.88443797563397, 17.50714749013244;
  -7.548676282131115, 1.671418748536373, 17.71234428696062;
  -7.597338561629229, 1.413082615739818, 18.05111443389396;
  -7.690480570933198, -1.131611872408158, 18.28792956874112;
  -7.51027652332553, -0.8738390373567643, 17.96001317934437;
  -7.560378703996019, -4.193299316904344, 18.11679600278493;
  -7.9558830978925, -1.263398927691907, 19.07426899041132;
  -7.811850702750341, 1.741829660437741, 18.75478737318578;
  -7.998927235830417, -4.565632524476787, 19.27320193092517;
  -7.754745463166727, 1.435691600813589, 18.73276224409575;
  -7.490952748786841, 1.847409496197005, 18.16306139694587;
  -8.074998978198817, -0.9255557495950182, 19.98948754377334;
  -8.065814062674647, -4.390812107005552, 20.11723136354792;
  -7.619001365594611, 1.65316482941595, 19.21262549076649;
  -7.520254601299417, 1.995590987102774, 19.12046582278155;
  -7.746868057003195, 1.992743216400386, 19.70016268057947;
  -3.755313122273684, 2.028971288067677, 10.20931141747612;
  -7.866300891569972, 1.943011124589017, 20.94243394629029;
  -3.510221058299368, 2.128554448600822, 10.12562111845491;
  -3.508273926109761, 2.11992534380128, 10.36436154619335;
  -3.685377837152188, 2.077914185543154, 11.02953766628508;
  -3.691362621500555, 2.072286283938733, 11.24129318811462;
  -3.986161689738717, 2.012323158723569, 12.5832659752007;
  -3.842798176472085, 2.047349126360203, 12.18931754140984;
  -4.176401988862872, 2.033749563207401, 14.050667927837;
  -3.942014732566963, 2.00717385179773, 13.39252665323483;
  -3.690718173074939, 2.119692932284811, 12.7486802046664;
  -4.049808407945414, 2.001421163001505, 14.47384473181283;
  -4.440595498793808, 1.950794965572282, 16.69715273206767;
  -4.295642554688508, 1.989829239712531, 16.34005099553504;
  -3.813482811795354, 2.044277247427894, 14.89013875322611;
  -4.346367621988622, 2.110052019810885, 16.86914259877057;
  -4.397815672259457, 1.937308157967715, 17.36564725493463;
  -4.206560038248856, 1.993731945960638, 16.70869079604599;
  -4.458557588109163, 2.147442354428196, 18.83416992381002;
  -1.93709307316607, 1.976565875556185, 11.73264735715908;
  -1.035372695276068, 1.963557932228386, 12.37399293131955;
  -0.4696023345417917, 1.954756630112365, 10.93702351358361;
  0.1518333228299598, 1.982884984601534, 21.47870982773079;
  0.6493927360155429, -3.05552529968409, 33.41420057362956;
  0.9019608330765472, -0.8289997451535548, 30.48275573259943;
  0.8669104333861132, 2.285472203812988, 26.81542989541362;
  0.7946278820501153, 1.30496938470495, 21.20054776146014;
  0.8976430114974585, 1.224808752113787, 22.37607530785575;
  1.262505265923934, 1.283664319369688, 26.63593059566212;
  1.208212138977916, 1.283059728757291, 23.25137590434319;
  0.7999532754526219, 2.00965297331079, 15.70008930258332;
  1.092794160458187, 1.852564095090492, 19.5581361540204;
  1.229139231555192, 1.013757986048404, 20.97888356733449;
  2.788616627018929, -4.6110386051926, 44.72587052276982;
  1.328881419258879, 0.9937461167851874, 21.66024409851648;
  3.128918742815718, -5.717825829970217, 48.29593066555646;
  1.310264730980884, 1.189375746926725, 20.91852756798151;
  3.318992555803138, -7.414060764391669, 49.87104462879164;
  1.409601632717812, 0.9229275584098324, 21.85607371349867;
  2.167369097017947, 0.4665995814434133, 32.252309574481;
  3.517649475860979, -6.446118869493204, 48.73830847972116;
  1.452755773559846, 1.090620868656278, 20.44329037564541;
  1.54556185509615, 1.313649682302357, 20.8268168142835;
  1.802383450439628, 1.163634307756865, 23.99763760085838;
  3.837472825201528, -7.774654561743821, 46.59083669547256;
