m=[-3.230870620552028, -0.03765283599312379, 4.839223149682808;
  -3.568539762821249, -0.1986484601594135, 5.580704208523731;
  -3.498546245898806, -0.06919925071624798, 5.600465729600859;
  -3.443478664192735, -0.08250201963412422, 5.610664210072433;
  -3.446866804571086, 0.05411202153138982, 5.703176646823299;
  -3.402128583114122, -0.01903619691145652, 5.673017400960204;
  -3.404373342078343, 0.04825166628399309, 5.721402175666849;
  -3.488848741828633, 0.9850777296802066, 6.93464672065634;
  -3.548954888257438, -0.4039048128951107, 7.109073710028064;
  -3.616471985525328, 0.7631319274509221, 7.381792446545902;
  -3.76224035246157, 0.6863384377649308, 7.733898848586446;
  -3.654884664681012, 0.7955875279735669, 7.64104774070696;
  -3.739915162082284, -0.8248695583329103, 7.888996242695814;
  -3.683306109323182, -0.4870330991717742, 7.920520333216758;
  -3.650858036063594, -0.4666918555730948, 7.938090421355646;
  -3.576206583900201, 0.9528522574735675, 8.0906469114119;
  -3.733126398981952, 0.8783012508046909, 8.474168990814015;
  -3.781583567245554, 0.760272525705503, 8.708670512938246;
  -3.804839720961891, -0.5395088894236638, 8.768550661425099;
  -3.740194070845931, -0.4121852672163012, 8.660312594718421;
  -3.523897417761985, 0.9966028160575075, 8.285024677064742;
  -3.973751570780535, -0.7551130836062914, 9.231922899838581;
  -3.854774083509958, 0.9047331479952918, 8.979459492119688;
  -3.680840253916732, 0.9612194191156753, 8.650964488783536;
  -3.807830352714243, 0.7562984413110038, 8.931353176635495;
  -3.81904831376384, -0.8837979325446648, 8.983599571629677;
  -3.942279880132994, -0.4260777616020987, 9.509026464490537;
  -3.65947279173341, 0.8424078005659412, 8.975851819886113;
  -3.688679918903954, 0.9999659661847025, 9.1360777957635;
  -1.82582367123626, 1.074390867317204, 5.230947874641355;
  -3.653633406645485, 0.9586861969855957, 9.514830236731193;
  -1.758971403994422, 1.093912417764043, 5.221272153428782;
  -4.005430176376611, 0.0344369163979742, 10.81743597445803;
  -3.974643476489804, -1.629620310841628, 10.77478675267411;
  -4.04566949842687, 0.7368936146835577, 10.94905630524135;
  -4.129970222280777, -0.3220714666198224, 11.16713814931932;
  -4.114458779952662, -0.536070480213921, 11.12966912047028;
  -4.132009479641681, -0.1299129490994273, 11.18925703140098;
  -4.083449536945549, -0.8861525813915344, 11.13631325626515;
  -1.892813418703119, 1.05987222188806, 5.696005750811125;
  -4.118331757173476, -1.601245448699871, 11.62023527526958;
  -4.243593706714493, -1.76064840059121, 12.00180017948417;
  -4.13816639670446, -1.431345734237699, 11.83314120153773;
  -4.080569163301405, -0.6197602661690254, 11.68141785856234;
  -4.15923887086552, 0.9432745387362139, 12.09578455960709;
  -4.464192095996809, 0.9170564571099334, 12.98931564439083;
  -4.707082390064905, -1.502257448931423, 13.79798827854876;
  -5.286134572569435, -2.308069119107363, 15.51110227720487;
  -4.413343765925713, 0.8462243393421419, 13.11667577395382;
  -1.947159790283761, 1.046872845892261, 6.337539010243077;
  -5.179939108829448, -0.7292035384114735, 15.37403691701764;
  -5.17773793055744, -0.8106300759849339, 15.43677048658625;
  -4.510385486426003, 0.4958659436085227, 13.63171721372492;
  -4.981327187236367, -3.405986789189397, 15.56538715498663;
  -5.245361565540365, -3.544007148610382, 16.44531996721575;
  -3.37085593373476, 1.009446601621402, 11.11738347217113;
  -4.957813730239582, -3.367038803282513, 15.98646277507464;
  -4.841300350508658, -0.7994888301768779, 15.82732985213568;
  -4.830642066715254, -1.728866602612969, 15.85185840128208;
  -4.845080755310613, -2.501749516110551, 15.94112288306651;
  -2.967638898873033, 1.020819912919132, 10.13191301561967;
  -4.805895965421667, 0.1274824807518608, 15.86696429327528;
  -3.129492556061423, 0.8134391495015436, 10.66960125816335;
  -4.907355729200813, -0.7765169464075715, 16.21854353368819;
  -4.958992295028049, 0.02071728145638943, 16.39307281724808;
  -4.866082682761732, -0.8644423136347245, 16.10769428916985;
  -4.936432741187148, -2.513062134934809, 16.42534535708349;
  -2.026024348709499, 1.089109469836504, 7.373162075955729;
  -5.120038770668314, -0.8193351564185092, 17.22163321815152;
  -2.938648347331452, 0.7469191152791291, 10.36836611332904;
  -4.863040614915017, -2.821231318234941, 16.61747869715353;
  -5.129639441430909, -0.7423204562438585, 17.48448629267986;
  -4.93184852399636, -2.706223582977274, 16.86841222893284;
  -5.52549051133533, -1.881012200522254, 18.85514090006333;
  -5.132615717759483, -1.638307810177159, 17.64755282268645;
  -2.137292161436935, 1.052807441838426, 7.922589986180339;
  -5.182257992345694, -0.06244996904677646, 17.94562316622938;
  -5.26453236982253, -1.717756941088991, 18.27239302023778;
  -5.344924736309186, -0.1768407684768693, 18.56239332645714;
  -2.920389296186106, 0.5704640576528886, 10.60350064348869;
  -5.243969667250162, -1.791295367556771, 18.37167395098948;
  -2.027141240130206, 1.047125635572507, 7.688309002920546;
  -4.953627156272078, -2.789577604246881, 17.40652944702655;
  -2.770550564927254, 0.8405836771168561, 10.18002752217356;
  -5.875388690001935, -3.944030944845919, 20.63695432669926;
  -5.029942983481434, -3.054044247357556, 17.87831301379432;
  -5.377953120714459, -0.9052145553248067, 19.11323027600798;
  -5.370589608715341, -0.8641552527263916, 19.08747219719491;
  -5.389614677535113, -2.463472643784614, 19.18287717885253;
  -2.988001373197198, 0.4184676395807855, 11.063234449402;
  -5.259179378156584, -2.570611591182018, 18.81181243888956;
  -5.528345119046752, -1.712444288721527, 19.79898722257308;
  -5.523518884896023, 0.05645916600096086, 19.7900704120788;
  -5.213644060472888, -4.160685101873936, 18.73169129656728;
  -5.445203096251054, -0.08345492878255803, 19.60008978488172;
  -5.457596069953955, -4.196188529008299, 19.80067251672733;
  -5.416392520219395, -4.375681466297022, 19.776631256506;
  -5.68159851211473, -0.8512840481459701, 20.7824988381508;
  -5.618860331357148, -2.445537373360787, 20.64255756149486;
  -5.43634966575661, -0.9932234490172027, 19.99234271033608;
  -5.32973855642219, -2.502309941682051, 19.6060132718595;
  -5.62186948336132, -1.681211786043297, 20.66821176399424;
  -5.888583333417557, -3.480204940987238, 21.67228908169266;
  -5.651807699248431, -0.6435722399656643, 20.84627259831969;
  -5.704391074830583, -4.081155761013632, 21.07399658270093;
  -5.764144328723835, -0.7776856086095889, 21.39142863923079;
  -5.808128657871513, -4.395841659867878, 21.77133139019864;
  -5.911970686448549, -1.918056854404308, 22.22724545168277;
  -5.911516442736318, -2.310424649283033, 22.28885465283978;
  -5.931433359929375, -1.870246993631345, 22.37661818201094;
  -5.905889670608524, -2.799487111612578, 22.46565872716714;
  -2.275525626728356, 1.099732012689967, 9.260505664642665;
  -2.273154147248208, 1.061757078112407, 9.27072506367978;
  -5.978140122510172, -2.114453993257186, 22.84140129474555;
  -2.26365904583033, 1.119605091750578, 9.28623669194668;
  -5.838984676444929, -4.556401585836697, 22.44139797299738;
  -6.094179573626303, -0.1194257784211497, 23.42616328874685;
  -6.408319739120904, 0.06826025745171863, 24.60203223301826;
  -6.314572239302116, -1.93629359660905, 24.33172295063777;
  -6.181490170582824, -3.642817031230858, 23.92961575574506;
  -5.670833479635294, -4.613832036686654, 22.04291292151742;
  -6.447443172265958, -3.388579080583158, 24.96140966386217;
  -6.425676743565835, -2.731597544709716, 24.94117109014236;
  -6.08989389071884, -4.177783487171431, 23.68894306205192;
  -6.266130186293393, -0.7933516022925286, 24.39125287392957;
  -5.752170619036243, -4.859062928388985, 22.50672991484543;
  -6.395416120762556, -0.6114668102267596, 25.09963962641598;
  -6.136388714916855, -2.785676508950681, 24.30233419355836;
  -5.999636558190827, -4.696675377062847, 23.7834184103716;
  -6.06265332069643, -3.226554208277709, 24.17080761250903;
  -6.183709786448967, -4.48140614912041, 24.69936630571961;
