m=[-7.020086897252286, 0.2642075670386452, 9.347790361896589;
  -7.027534837138987, 0.7157167813197464, 9.403841978499893;
  -7.300446731824511, -0.6812985702061069, 9.822780082279568;
  -7.07196999852802, -0.1249059257974772, 9.550207211684022;
  -7.058577966190025, -0.2705755291925961, 9.561602642358023;
  -7.110162637289385, -0.2069655058611665, 9.627732017180323;
  -7.216613179259809, -0.3364508323436664, 9.764060969548329;
  -6.981780151704095, -0.8279363751160149, 9.504430769751629;
  -6.868429162069608, -0.1937080745616575, 9.382504498445334;
  -7.048317565357597, -0.3587196050613986, 9.622192725247256;
  -6.952800196197354, -0.142058238062676, 9.523854492175786;
  -6.894699607110872, -1.594160512505229, 9.471442155818526;
  -6.888590145360302, -1.655110856720846, 9.47425246371723;
  -6.911593270331713, -0.189805111943468, 9.54119047374958;
  -6.828459784465793, -1.765332728004648, 9.461532660098431;
  -6.662567231085374, 1.99650649871938, 9.344461618343919;
  -6.631860625464665, 1.975593724990416, 9.42730183736075;
  -6.684628231001744, -0.2307699137212855, 9.499509291986222;
  -6.56762381585439, 0.1704600514768822, 9.43281723072419;
  -6.565872504505066, 1.855044076967806, 9.477035949924458;
  -6.541853967478439, 1.914734516541948, 9.454429559526705;
  -6.666959633696733, -0.1425036578096144, 9.719964691654056;
  -6.528333925134269, -0.3539495697326449, 9.575043396193273;
  -6.562816758651008, -0.4930160395332471, 9.676987169103883;
  -6.579440041798245, -0.2545858053345214, 9.705266977978466;
  -6.575126483710807, -0.4342036025173138, 9.707450400126916;
  -6.585333979433987, -0.2145212204996385, 9.822009811860518;
  -7.119772898827995, -0.3963335193212892, 11.13434323870608;
  -7.017637581013005, -1.29566701934831, 11.08900044814333;
  -6.609635348091933, 1.541192277935152, 10.49286991283155;
  -6.958665545775062, -1.172218707560463, 11.03191544656737;
  -7.024202482077156, -1.825763517039328, 11.21880495649342;
  -7.010236202325086, -0.1386584765353544, 11.22197188433693;
  -6.972910461165603, 1.723155556428192, 11.27942865748666;
  -6.895706524453954, 1.643735900126072, 11.30436229635444;
  -6.981463729951262, 0.08651209580441437, 11.47012162478377;
  -6.859190263939147, 0.1076817504981486, 11.3491979665525;
  -6.801618655308398, -0.0380576303558082, 11.3416351097879;
  -6.770765714177522, 0.09596501173638838, 11.37897339554902;
  -6.822399199099153, 1.939651684212158, 13.12203442000977;
  -7.113044571301933, -0.7737596140949563, 14.04405902489326;
  -7.051344950585333, -0.8878709329887247, 14.08523902687451;
  -7.053168486429931, -0.8027176415386778, 14.12852409738499;
  -7.212923663687252, 1.522039258165703, 14.72272027302446;
  -7.493947774940913, -1.277254760275534, 15.46266700589303;
  -7.174175951261427, 1.561659377508604, 14.99861855383738;
  -7.499205708506831, -1.172882543396252, 15.76992024285455;
  -7.35135186652034, -1.621402118627265, 15.50697936726027;
  -7.440918022832778, -0.8587753670723201, 15.73122495900747;
  -7.30992829798697, -0.9665710446059666, 15.71914850411425;
  -7.311229561986968, -0.9345998275198691, 15.89686610135011;
  -6.825238731103173, 1.818531446702681, 15.44110927708917;
  -7.353675201707397, 1.730116111105261, 16.6927876805406;
  -7.515521640743004, -1.065666632814618, 17.32010730723544;
  -7.407517497261186, -0.8163398800125528, 17.15189529259342;
  -7.524216016255709, -1.159775588019941, 17.52544867003038;
  -7.619003055538451, 1.788214943259785, 17.74799970774134;
  -7.277186642940761, 1.900374000279044, 17.10334567204898;
  -7.692410519659184, -1.780165097429564, 18.09496245442973;
  -7.840782323770025, -0.847424100596463, 18.91245900494603;
  -7.602912931627385, -4.155359767401286, 18.47748531988458;
  -7.173550037969322, 1.638958715326708, 17.71849979941588;
  -7.343937866186971, 1.990871554435161, 18.18937645657093;
  -3.596881577728294, 2.107976078898911, 9.436954388105971;
  -7.101299524780838, 1.863328111322017, 18.49327831182317;
  -3.494560353163979, 2.209124462564544, 9.628754019822823;
  -3.536677219153576, 2.205102538477073, 9.915225135489653;
  -8.276701095045208, -4.991271309408197, 21.92891377418253;
  -7.934574305589555, -4.834577733514899, 21.16973031646686;
  -3.572678790161985, 2.167083264725674, 10.12565025055541;
  -7.734031851612615, -3.170985137317217, 20.96604247209365;
  -3.672902072348567, 2.161288904973949, 10.52279012031247;
  -7.791364465651905, -1.83672835329755, 21.38686465162538;
  -3.910089249549671, 2.183368630185806, 11.37570589057427;
  -7.86920944468454, -2.903251279221672, 21.99864237156452;
  -7.965836687388967, -4.869868376902219, 22.38290089743631;
  -3.516722194080185, 2.187065730116284, 10.43892107716952;
  -8.005705113502168, -3.11269213663999, 22.58880110891594;
  -8.238045852177242, -3.417929061088778, 23.29897417625511;
  -8.064850351204946, -4.842236275290197, 23.0500227819138;
  -3.801322130679384, 2.128532951502356, 11.43924303530705;
  -9.881474844153905, -6.947949545857616, 28.93792343368009;
  -4.057511283918861, 2.085784403873723, 13.11867809767975;
  -3.885986473482565, 2.089265472147344, 12.64795575168676;
  -3.79207939654575, 2.165950132273765, 12.41099680531567;
  -4.036176787131054, 2.112648484990049, 13.91999359427521;
  -4.078212304570033, 2.192283446020833, 14.84153945183571;
  -4.344427904368621, 2.030136921470184, 15.932265227301;
  -4.197044500414073, 2.067419589838492, 15.55775262291624;
  -4.003411403438406, 2.110023484325031, 15.01137975877574;
  -3.929774202169669, 2.238926255001084, 14.88197163385328;
  -1.944361304161589, 2.049658163146335, 10.07186421005622;
  -1.863807806748546, 2.053807398948432, 10.96554032041317;
  -0.9262646979974862, 2.006252737467106, 11.41602511204725;
  -0.7571753075509282, 1.976895262627292, 13.89811929636586;
  -0.4971306575323961, 2.003285048212228, 10.0148538483639;
  -0.3686046584049287, 1.99306716714598, 9.961905592031261;
  -1.353603084479301, -9.832955578878922, 60.34026649982579;
  -1.204120280586755, -12.33710224279728, 80.22203607333863;
  0.4968706723667559, -13.72458879297099, 86.83670077827799;
  0.5783621201006156, -10.37093978905331, 75.53472395856649;
  0.35469365358161, 2.080132278983276, 20.86188702566019;
  1.523083898430752, -12.01871269503757, 82.14568393971888;
  2.327792856474209, -14.78718398761108, 93.88829091679703;
  1.175944067094936, -3.660467432915953, 40.27919217143149;
  3.039458419872931, -12.98854947006799, 97.52002106253623;
  1.885611035513418, -4.078421160124941, 48.43966667664488;
  3.269263684409129, -2.1107679232529, 83.26239460138606;
  3.189536939704326, -10.05627005673584, 68.04486247690055;
  3.981793907318138, -8.928763876464378, 79.86124812226227;
  1.059569971237187, 1.483477208361626, 21.88439663777674;
  4.128276856578045, -8.570543602793842, 72.54304619037904;
  1.199876710350399, 1.092513191338001, 20.60947172935557;
  4.359818754099682, -8.695340063485551, 69.97436528080181;
  4.33841694887991, -12.23030549672459, 68.86278021294926;
  1.298761993516066, 1.246551344186027, 20.50735510191412;
  4.268330700582239, -10.71013163317908, 63.70968841783402;
  4.636362830514684, -12.1302618923956, 68.86332482644473;
  0.9041887962969742, 1.955312000854525, 13.99762858114145;
  1.216596317945377, 1.844219689102418, 17.88310874692391;
  4.257470857436649, -9.99912429445863, 59.94948996631317;
  4.375628653700107, -6.184616796349698, 60.41172046254965;
  1.378194190008292, 1.043971631727717, 19.45246086302358;
  4.282113153142665, -6.774479868659168, 57.40073105524793;
  5.71824727995468, -11.15335491097925, 74.92986598369809;
  5.162411010901312, -8.869190813891601, 67.88543187375841;
  1.432860115317589, 1.005115854322622, 19.53965115923667;
  4.622341398164602, -7.342984700293451, 59.99975898115834;
  1.447378093968638, 1.213992818479472, 19.30576781026774;
  3.517072764764524, -5.611374685551485, 43.68513040025422;
  5.006856005630622, -7.436404060519566, 61.88807484067424;
  1.450980616455092, 1.026298250856621, 17.2926119162289;
