m=[-6.448053251669585, -0.374685802654654, 8.632473841240161;
  -6.278611132326896, 1.828800107222817, 8.441899499870521;
  -6.492257698714838, -1.72405537185402, 8.755721672445871;
  -6.513006976188724, -0.405104316238908, 8.850595281765939;
  -6.418265401434502, -1.42040518895557, 8.776299154099805;
  -6.493181973954739, -0.2329262196334229, 8.866836370310299;
  -6.493859563348813, -0.3497336190366714, 8.882681892270179;
  -7.240310933278406, -0.4302439483036296, 10.34159227816714;
  -7.039100403954067, -0.3025826546428964, 10.21627737088137;
  -7.051947451113723, -0.4156763539317029, 10.23487436173815;
  -6.988294773102163, -1.332958379427789, 10.24397643923469;
  -6.927975706779028, -1.215071102563849, 10.18636634719257;
  -6.874056487715797, -0.2435659223331605, 10.21517245881709;
  -6.878734190418139, -0.1546217294839707, 10.22971612373526;
  -6.91162895473076, 1.763858300405943, 10.3416444460393;
  -6.846726528178552, 1.693747882762221, 10.30006772086976;
  -6.811901692829608, 0.06074167236354155, 10.42210645063866;
  -6.821479240892203, 0.08334034932129142, 10.50069901331951;
  -6.700724814053128, -0.06284158116532058, 10.39488796765937;
  -6.740678392738614, 0.07324800420357396, 10.54337359419469;
  -6.990716217394324, -0.8402883848189354, 13.30172862678272;
  -7.332705304622787, -1.15084470530033, 14.19876614247486;
  -7.097767977903494, 1.498732875699592, 13.81542213304939;
  -6.894283691316619, 1.310812411511168, 13.49333312279662;
  -7.577689085795325, -1.13944606960998, 14.95938715279873;
  -7.480054979648105, -1.876731605792849, 14.87537664372274;
  -7.280052885736803, 1.580131540084506, 14.53574323294703;
  -7.446835270899737, -1.692631511704879, 15.02546974095015;
  -7.237457764023182, -1.010382285845037, 14.91283439589217;
  -7.258670541454206, -0.8728293574709057, 15.03561411272857;
  -7.713558651323342, 1.123722271397073, 15.95370844833236;
  -3.965570029797125, 2.03929341775621, 8.674342633584441;
  -7.102662571888519, -0.9624628745268496, 14.81247406860103;
  -7.331602368997583, 1.95840018548468, 15.89400994094907;
  -7.372307908866515, 1.72529673327106, 16.1170536789276;
  -7.479795286817672, -1.124961639538904, 16.64116264625528;
  -7.338941487098865, -0.8647072988527074, 16.3956068450441;
  -7.567545254128438, -1.675586044168955, 16.99258061358315;
  -7.5053542914639, -1.235929586125234, 16.89786878371217;
  -7.568302489415187, 1.766881300868882, 17.05121319388411;
  -7.240882223136512, 1.891590959542374, 16.42685615687833;
  -7.359262274241679, -1.774982031559747, 16.75743550234542;
  -7.852893950884845, -1.067634676880728, 18.11519137970116;
  -7.631910696753738, -1.716011272564314, 17.75696348195934;
  -7.673381972421442, -0.8880195032654259, 17.97387774167954;
  -7.175807240554706, 1.942094537960267, 17.23311471668951;
  -3.537014124399209, 2.126170204520729, 9.209737211008207;
  -3.554500841613931, 2.127963005679083, 9.485417630009938;
  -7.288168527928929, 1.919499746533396, 18.44463124892877;
  -3.516489989215042, 2.146224066253725, 9.536552592992608;
  -3.57162207331427, 2.142091382874944, 9.764339820177771;
  -3.443647938988794, 2.179579246361459, 9.518857171892774;
  -7.795097997500039, 0.0185337558415603, 20.6236343552079;
  -7.859939509198137, -3.352441533171761, 20.84999757320905;
  -8.09212284940252, -0.6937399332424539, 21.45941007372192;
  -8.034671728953418, -1.127566166462499, 21.31587278333105;
  -8.127167907095316, -0.3255094408227449, 21.58475003463879;
  -7.947411295345115, -1.81425071322084, 21.2603022396317;
  -3.683599138988145, 2.095774092788287, 10.4200425339064;
  -7.98377502310113, -3.06727147162758, 21.90089747711035;
  -8.214302762460125, -3.730279222809071, 22.52263185718179;
  -8.024017035917037, -4.974599500086383, 22.11701142679256;
  -8.011939900040233, -5.085154285774106, 22.12548868683601;
  -8.311095265861249, -3.029158824523659, 23.0484262645488;
  -8.100401562486312, -3.285973135465095, 22.46794501903513;
  -8.372071771492092, -3.611229584172397, 23.30008194149225;
  -3.593042991936592, 1.982598805736827, 10.56782913653619;
  -3.643815585387618, 2.079436653160366, 10.7443357813405;
  -8.033762791501685, -2.87869943691717, 22.60614217202842;
  -7.93570310674704, -1.27932077045971, 22.35571140346775;
  -9.122028420866569, -3.007154935803606, 26.48157897529055;
  -10.26671585410176, -3.971438821959101, 29.96241256634654;
  -10.1885341385884, -4.62635961548116, 29.74904144407768;
  -3.800404511983379, 2.077125206090276, 11.75693411905758;
  -3.699085862019379, 2.151203507805857, 11.49202093014329;
  -9.540094928863347, -6.787191259780179, 29.73736855563267;
  -9.763510008711283, -6.885131229669773, 31.40104432876904;
  -9.74317776588634, -3.669486171289055, 31.89602083405503;
  -9.411009055454525, -5.065253956891903, 30.91354864613881;
  -9.723179531282868, -5.151413739531898, 32.31699559432064;
  -9.88505044176717, -7.196007177316933, 32.91596584806656;
  -3.893228956760661, 2.129642143276869, 13.68079255352421;
  -10.02334270580743, -7.418060413835889, 33.98297293271194;
  -9.718015134276877, -3.365031549129857, 33.06824122454548;
  -9.963344077456304, -5.71778911367422, 34.095425460389;
  -4.156681714131563, 1.970779474552812, 14.79452954596335;
  -9.273848028071456, -5.271387207004986, 31.8267061687879;
  -9.157245532206355, -5.45152362735168, 31.54689155133815;
  -9.889404097508107, -4.994961749454646, 34.05876174942967;
  -9.582963604680666, -3.203482051685737, 33.07056108343346;
  -4.203866324121934, 2.105015224391444, 15.10600064334854;
  -9.529203679590664, -6.092084501733414, 33.11970750878469;
  -10.2845516195431, -3.53574622547522, 35.83763814643038;
  -3.649821332199607, 2.117045920041458, 13.36162602100933;
  -10.27958374934011, -3.71111417375358, 36.17948536274196;
  -9.960602235694147, -6.897946623522725, 35.26758481027498;
  -9.79552212353927, -6.192196480187701, 34.9313617204179;
  -10.37498164058569, -3.553206833942813, 36.95969756319703;
  -9.481333806499743, -1.675857622179713, 33.91720178416373;
  -10.42719220194159, -4.999742985601358, 37.34465738800559;
  -3.928745441183028, 2.023027064022431, 14.67119940613595;
  -10.15138866952329, -5.217702078828619, 36.54484965169262;
  -10.0052374945763, -6.451123667888787, 36.18981125610995;
  -10.48602755420782, -7.124470921728772, 38.24459820435931;
  -10.68070641284747, -8.575538151040165, 39.04393194538173;
  -10.44176367529416, -8.788782465932284, 38.4016149940641;
  -10.88528066306678, -3.88936787824178, 40.27545826311219;
  -10.83750144901911, -4.958937412834453, 40.17820699843351;
  -10.05647193603826, -4.974030907802955, 37.32072244855215;
  -12.28642636489453, -7.605640771136816, 45.60947488368238;
  -11.2712850647144, -7.48891091175101, 41.9303701676862;
  -10.73040160490368, -8.399058939314669, 39.93543206013055;
  -11.20302996179297, -8.380858472811093, 41.78187309678374;
  -11.57726647556715, -9.185094515377038, 43.88773750403637;
  -11.22280563590428, -4.863028566467216, 42.82744139967218;
  -11.4151666170365, -3.827184915883394, 43.58974466082439;
  -11.56510348222409, -7.513942446679248, 44.17331866132309;
  -11.3217534878404, -5.662926489747711, 43.61583969875466;
  -11.44558719922991, -4.307060586896692, 44.32013185365042;
  -12.01981739691052, -5.241850860294283, 46.72858957708522;
  -11.32574076642026, -9.261249807931582, 44.09337809844954;
  -12.120048133083, -3.956474003835189, 47.38701982243241;
  -12.06860075835655, -7.475892185189308, 47.37940783739897;
  -10.50208216497486, -8.934945766664951, 41.35470398635106;
  -12.43312301475704, -6.885802160866898, 48.87758826384737;
  -12.17349189056525, -5.46313865555042, 47.98301837168327;
  -11.67279377629906, -8.398296946735851, 46.05343149481421;
  -12.23088611509324, -8.453657749581311, 48.36013913294471;
  -10.87292177367598, -9.606270779041694, 43.11437844023039;
  -11.87262262475052, -7.647659009528455, 47.41357959174543;
  -12.08451846405359, -5.798074777547666, 48.57607222958679;
  -12.38071935947971, -6.907346483236367, 50.02918254175152;
