m=[-7.055004274327136, -0.4901287368613658, 9.271980161616758;
  -7.003517486676057, -0.5348380042146181, 9.264227457877643;
  -6.872500736590737, -0.3742443199112158, 9.167497584573617;
  -6.887123853463436, -0.4800858903537097, 9.188086324687426;
  -6.717052115676983, -1.33716246323177, 9.15091180802821;
  -6.719913921588091, -0.2336238099293753, 9.188412767612913;
  -6.724517711118024, 1.665789036488983, 9.268256064936404;
  -6.673676128803594, 1.596574394009602, 9.242909217519356;
  -6.508773065084007, -0.1378926750863284, 9.302250646267599;
  -6.550662718334803, -0.005592496587411312, 9.454473603894039;
  -6.472890572484759, 1.864067849908231, 9.991001244125062;
  -6.809164672910852, -1.080497871664174, 11.94736107565363;
  -6.759321784798919, -1.134009167119264, 12.00483231449328;
  -6.71064168975955, -0.9167834336741524, 12.05817127669416;
  -6.883562561373439, 1.38272700333154, 12.6985746424052;
  -7.027485569031814, 1.196913501310517, 13.14764608738318;
  -7.190581417133799, -1.946901811463798, 13.62701870356477;
  -7.041807226679798, 1.446695090857465, 13.377588989489;
  -7.138596657066297, -1.747308567578725, 13.73247705023147;
  -6.972780925416645, -0.9607915437693352, 13.781246247805;
  -6.90979345419782, -1.06809826318001, 13.73865673770114;
  -6.924317974620879, 1.773528534263324, 14.38953600047735;
  -7.060196377790593, 1.561670145704654, 14.80702642246178;
  -7.115089589128607, 1.335728718266435, 15.20697751130884;
  -7.152453157379815, -1.220250499485335, 15.30491888264246;
  -7.013488726136535, -0.9600254358218193, 15.05516681213711;
  -7.483562105095347, -1.832454884998944, 16.19319714050223;
  -7.245563830392882, 1.59635026036446, 15.72368633441479;
  -7.483401629492165, -1.405052318601976, 16.232620330614;
  -7.201659926236568, 1.335547433542487, 15.73821719146319;
  -7.801242166530567, -1.213800741757312, 17.40522602271562;
  -7.523097759199506, -1.851002125016254, 16.90982052915;
  -7.390419024267786, -1.003299364617323, 16.74056555880285;
  -6.891966971566934, 1.775219092726206, 15.9683807406302;
  -3.528575569422215, 1.993344134263175, 9.279009980461211;
  -7.586535876743376, -0.1301800870020153, 19.59833607959422;
  -7.447566208167838, -3.403216315030994, 19.30788196884694;
  -7.707279989293273, -1.579162196975728, 19.96352913410831;
  -7.595817401984555, 1.257972771796138, 19.69658612927074;
  -7.73220341075257, -1.265387714677041, 20.06560047944114;
  -7.83605368708539, -0.8371347460559381, 20.33086136364947;
  -7.837629546952783, -0.4844982896550679, 20.37390743133517;
  -3.499994362125655, 1.983430037387341, 9.633589320324974;
  -7.503669767652593, 1.332338610060786, 19.6031858987406;
  -7.691614401565546, -1.949135863494323, 20.12665254614712;
  -7.99312444329645, -0.4122151380407506, 20.90628262789389;
  -7.298299660758409, 1.77048566991665, 19.31351062361092;
  -7.752741087871313, -0.3202612272120339, 20.57247227508435;
  -7.795193109151891, -0.353963838037836, 20.758628032686;
  -7.481867707707222, -3.089425237504101, 20.10966362327074;
  -7.930650145158519, -3.848389765718444, 21.33703025093826;
  -7.523294360905621, -1.649627952763542, 20.29796170380765;
  -7.594945881878536, -3.331335794876259, 20.6958531783758;
  -8.129088925221472, -3.17757376452138, 22.13461787152774;
  -7.778375610200256, -3.605684956124088, 21.29070116254349;
  -7.85555051105862, -3.023395266328988, 21.69133075966494;
  -7.668441687445321, -1.418540629363715, 21.20173253477465;
  -3.590616324145136, 1.944015522501438, 10.47044707177251;
  -3.561027814520232, 2.054529728610526, 10.40507110399913;
  -10.05330484251871, -4.121054831569503, 28.65265581220839;
  -9.772039357469078, -4.609410291854878, 27.89482059467818;
  -9.629142181280811, -4.046848199209198, 27.55697160818429;
  -10.13525391498059, -4.24578190700991, 29.40177167225478;
  -9.870669865453076, -4.830419546028029, 28.65843708486975;
  -10.11503627287494, -6.219995957722968, 30.9751172705543;
  -10.11099769093939, -7.549924497937186, 31.59671553816355;
  -9.298048697627303, -6.955905693834483, 29.82076010521192;
  -8.80960049331274, -3.627001919426489, 28.80496984995595;
  -9.0225088087203, -5.220941593585386, 29.57938404618559;
  -9.442862794139057, -6.993543726939609, 31.1011379736681;
  -9.740515302306571, -3.818839467182629, 32.23926366305223;
  -9.221017811800138, -5.245844250224383, 30.62326730783042;
  -3.69066021222133, 1.954209304923882, 12.8365990149231;
  -3.851760265839233, 1.894576183240447, 13.35916901914015;
  -3.467142082832464, 1.996192554983236, 12.15505259411155;
  -4.112171655093022, 1.889618547356043, 14.41377003702401;
  -3.786333984185881, 1.959860113365143, 13.39513460555005;
  -9.772622651803955, -7.693167015916528, 33.18024389576491;
  -9.087268277811772, -5.9183224760783, 31.11699250433054;
  -8.823557014162491, -5.432907761064629, 30.24594665106788;
  -4.168955636391789, 1.87326387777509, 14.90471035210776;
  -9.197769148600266, -5.878200270567227, 31.68259006661303;
  -9.703402150758503, -5.310381255545394, 33.50989860655627;
  -3.857904499884543, 1.959780930341012, 13.90172061157528;
  -9.109263875718575, -6.248581701924272, 31.72760459058677;
  -9.583038748489591, -6.108324281615362, 33.92839676695384;
  -10.06124794370415, -7.475272050902452, 35.80685249949258;
  -9.497213071175287, -5.307535937842741, 34.40601054498071;
  -10.13129149719327, -7.011117469390646, 36.83906583939149;
  -10.34604501824323, -7.546127042064187, 38.01774613351057;
  -9.948284891159528, -8.525226084874845, 36.65787506641362;
  -10.32521900767682, -5.580557151661732, 38.62413853619309;
  -10.01488311377713, -6.899472160549231, 37.51493547379647;
  -9.972991009804257, -7.122895743075813, 37.47794303222544;
  -10.6987434439146, -8.556057158544961, 40.28613930331235;
  -11.35899260502123, -9.646386206014576, 43.58143142455031;
  -11.07674722995755, -7.770043915561343, 42.84863658784808;
  -11.09478044072444, -7.560994030842464, 43.11742387914598;
  -11.41161453363625, -8.749062917494513, 44.40415827831515;
  -10.59201690789037, -5.802931618431536, 41.33747517992937;
  -10.88972047159605, -9.554527659245165, 42.98238033610217;
  -10.54287179512716, -9.628384710520155, 42.06452347317688;
  -11.7104453693979, -7.861864213192156, 46.66958990722297;
  -11.77513799178166, -7.096638595528454, 47.00786322669087;
  -11.05002423172027, -5.459817159293008, 44.21692736598681;
  -11.45795125185848, -8.897315761976856, 45.90035309188622;
  -11.82569402259045, -8.813549095114157, 47.48176999266273;
  -10.99930570330552, -9.702597033047697, 44.96621718108847;
  -11.58253554850774, -9.477039880825357, 47.76507722342316;
  -11.55186612884845, -6.435861030358655, 47.7403917326567;
  -10.82617468141632, -8.724397390752047, 45.05842414890494;
  -13.38598954722232, -5.50810259903116, 59.0798231060109;
  -14.49855666727775, -9.453228148161379, 64.40248237685249;
  -13.15504941066749, -8.187784658941064, 59.11657578295989;
  -11.68074254187408, -6.827208395600405, 53.49544590858684;
  -15.82634515631614, -10.19078287046573, 72.82570897590398;
  -14.68438488947244, -10.11508577091854, 68.38929103607038;
  -16.86218983930987, -10.54463269730919, 78.51095146315318;
  -1.636703802078984, 1.931005706503711, 8.777216147764266;
  -15.91544700539267, -2.653494396386961, 78.55676466929101;
  -18.21478563915518, -8.684699905023546, 91.51408050332628;
  -19.84267927551442, -6.119028097565797, 99.90591215675114;
  -17.83558051188069, -9.590514182673722, 90.24980189053612;
  -10.27807433838425, -1.773957035635198, 52.46459694265621;
  -31.74420127956895, -10.61338854931897, 162.6015094583237;
  -24.91667616452146, -10.67581416138831, 127.8428548407856;
  -22.95851778121443, -8.695546408399725, 117.8531519086423;
  -23.32563609812859, -12.1740790775089, 119.9241784049793;
  -45.04333791652144, -9.908398911787131, 232.7322333237407;
  -24.98809112373036, -8.708279378193206, 130.4633039386951;
  -31.29530219759766, -9.353053833677038, 166.9199329032311;
  -33.74166856142112, -14.55710842215441, 181.9482300967297;
