m=[-3.353669337919545, 0.918673512394623, 5.959926551097012;
  -3.454237175229707, 0.6938655638729016, 6.372265554520273;
  -3.481813352852198, 0.8917983482121253, 7.235612051821264;
  -3.555325688495981, 0.786415233922789, 7.456421690424904;
  -3.623693714306796, 0.6802826162297063, 7.744867879883359;
  -3.554331576793749, 0.8881768897145976, 7.75167421516804;
  -3.646352565514131, 0.6762158808585056, 7.96859185528074;
  -3.759551791490551, -0.925009693865541, 8.450421368831723;
  -3.495453390510256, 0.9003519056559791, 8.098809937869481;
  -3.796746645947396, -0.06514973589055378, 9.808154602478551;
  -3.854228423857779, -0.7897016630926432, 9.983288726513303;
  -3.841898062694702, 0.6362716346529801, 9.962361137324567;
  -3.900728807410959, -0.6383606391317432, 10.12265995476925;
  -3.996599692616759, -0.4269614020485861, 10.36929014543516;
  -3.97131544457705, -0.2454945757581017, 10.3234291393502;
  -3.869714225395703, 0.6870997567912782, 10.10955035127621;
  -3.865799912817302, -0.9796342949318635, 10.11564121601873;
  -3.669051723380385, 0.890070811062439, 9.709421746423784;
  -1.797330970108459, 1.03696744383271, 5.251673818761743;
  -1.814378648406548, 0.982332819153901, 5.290834188700972;
  -3.947400928664879, -0.1792434341804724, 10.51194324843978;
  -4.053734404299647, -1.967095976862776, 10.90637615210069;
  -3.916468576624394, -0.8587615651053602, 10.5666913148562;
  -4.078012549645216, 0.8116551507155733, 10.97481407900461;
  -3.92385247107505, -1.818911368390628, 10.74023350813936;
  -3.925965222213584, -1.511000998835562, 10.84066738112033;
  -3.859248637440483, -0.7139000613369294, 10.67006319291257;
  -4.045002546970727, 0.84215446847658, 11.40569733613986;
  -5.151194491230687, -2.111579752029281, 14.68128193574193;
  -5.008326491033327, -2.450929724622788, 14.54114174622705;
  -4.182464004964019, 0.8596988582067625, 12.39281403957324;
  -4.859993849301818, -0.8644636228534757, 14.27157214270055;
  -4.262414369717127, 0.364314079041365, 12.64288312833141;
  -4.879014244992681, -0.950833820650548, 14.39942070210951;
  -3.065276303065481, 0.8804800508739535, 9.793400140799392;
  -1.748131071576654, 1.006479153968034, 6.128570623519375;
  -4.724042462244936, -0.3764072675340598, 15.17990178560995;
  -4.602844827791389, -0.9516537908913584, 14.98833826166363;
  -1.933047893168697, 1.000572976094827, 6.838656292898869;
  -2.729659368874354, 0.6485112786621133, 9.292482253867636;
  -4.596320139799845, -2.659694715079898, 15.06857144688566;
  -4.655607642401539, -3.448021678639453, 15.33377099659484;
  -4.615017025795495, -0.9153243484773884, 15.22386042372681;
  -4.567224418360426, -1.012938191422901, 15.08890681249671;
  -2.674107239606004, 0.4485064724296978, 9.227944126464712;
  -4.726995776536347, -2.689191596988925, 15.6984899262003;
  -2.825401762046989, 0.3642151725308416, 9.74814667219915;
  -1.948564131787125, 0.9898531254822882, 7.021530510838733;
  -2.614310960392699, 0.445167981010526, 9.187060318569145;
  -4.757550509699098, -0.9725669614442132, 16.18179259354669;
  -4.626689530139665, -1.769548664185727, 15.76217872694434;
  -4.484108112843571, -2.760989216550448, 15.37090932160318;
  -4.853165579611748, -0.9127882677253253, 16.6234110000908;
  -4.581036262121085, -2.927693461362469, 15.77981482555029;
  -4.890393744940475, -1.810638577466311, 16.90122563696875;
  -4.584012345927854, -3.144444606826172, 15.96613438080847;
  -2.541488409303181, 0.39583429699133, 9.31495446562017;
  -5.046827001409421, -0.2572098610648899, 17.60490077643118;
  -5.020101503230524, -0.9729503968683277, 17.60762729055044;
  -4.816350716442365, -3.069989885479424, 17.0521128386353;
  -4.957104155049409, -1.979254623700785, 17.53250220150133;
  -5.043758707031063, -3.747394826678359, 17.95017129845253;
  -4.916371476060348, -1.869611941790008, 17.61449949200823;
  -5.13832366425821, -0.9435366301972279, 18.41096713028646;
  -2.469007836786102, 0.4917093724988835, 9.332419631208627;
  -1.987977923340673, 1.023884808183619, 7.700795932612136;
  -5.0692405667833, -1.061722558551785, 18.24579774324296;
  -5.214134278493276, -2.717588610510349, 18.78591981118808;
  -2.443660694482966, 0.4562183952615766, 9.288780145943345;
  -2.43164145260789, 0.4287036735480308, 9.270529482177768;
  -5.12011559740307, -2.861386528391639, 18.54888901781478;
  -5.217815685173137, -1.906787520276289, 18.96118716477062;
  -5.380395692287476, -3.723373889783097, 19.56401621699146;
  -5.31671434234667, -0.2951518286997044, 19.41705399254127;
  -5.218806694276017, -3.806457274595249, 19.17711238188107;
  -2.078572245233385, 1.025538365891178, 8.201051639936583;
  -2.390647281113715, 0.3863051465138368, 9.299636005245715;
  -2.270316643667601, 1.053719115855301, 8.90062845056306;
  -5.451419313287151, -1.069481908060858, 20.31129767036504;
  -5.190013064580064, -1.207819720861831, 19.41202990221453;
  -5.36405324571738, -2.129038672087711, 20.02771907103751;
  -5.296407923528369, -2.86259372259208, 19.81257668534225;
  -5.45684975139422, -1.941243789443093, 20.43471387623708;
  -5.193457420797619, -3.709263922736746, 19.51672283325981;
  -5.474855679549177, -0.8582061882628317, 20.58263751623511;
  -5.449229633413906, -4.357887490053412, 20.51908481199418;
  -5.612563240926463, -2.225345612568736, 21.26827017384722;
  -5.731998458024515, -1.044954711615379, 21.72083052147013;
  -2.25760024940421, 0.382993647140461, 9.11025792753305;
  -5.878600895183984, -2.908467484044142, 22.43663431810848;
  -5.349595463188206, -1.242505960762993, 20.57182760520491;
  -5.593179801930608, -4.749890625446176, 21.45954227272456;
  -5.607276142005067, -2.005949552298883, 21.60279303916404;
  -5.565542074455744, 0.07284260491004531, 21.45473067897276;
  -5.693186070908302, -2.137536098658456, 22.00128663020766;
  -5.512934985064091, -1.194604176268437, 21.34777859369235;
  -5.72133983939122, -4.013367903502375, 22.13209406012518;
  -5.73804194331652, -3.910424466165194, 22.29963792687205;
  -5.85305189489539, -4.487421051321023, 22.77502819483262;
  -2.198728367692149, 0.4727330715157642, 9.156871425001167;
  -5.967072187791239, -2.290264241521424, 23.39784021396058;
  -5.676773195458954, -4.98074185216663, 22.4065645399661;
  -5.970244011275171, -2.868753589680005, 23.54023463268715;
  -6.015756989197248, -0.7884896830879258, 23.74905871237386;
  -6.285247550255879, -0.1726828977157467, 24.84821231276876;
  -6.041749094528848, -2.219088606588152, 23.96822740616076;
  -5.375699052595885, -4.90941174019537, 21.44825654497367;
  -6.020266329053474, -4.041734956550569, 23.99254271262907;
  -5.983791726221826, -3.606310800055808, 23.88806511138641;
  -5.94463698038791, -2.937245232288221, 23.78760227732552;
  -5.816910207220049, -4.516940745781962, 23.30244094657762;
  -6.098488221494852, -4.545130733421966, 24.48625970558901;
  -6.142734957616809, -1.078840275282876, 24.63674596889905;
  -6.195324008927996, -3.382835483823967, 24.85186314543541;
  -6.007960587224133, -0.6709029179367111, 24.35783472021913;
  -5.934773016364487, -4.147129962521236, 24.08536422867132;
  -5.938437235218915, -3.132784691271132, 24.25992510488313;
  -5.785616473209092, -5.103549873192501, 23.6521553158233;
  -6.113348440662155, -2.10789530488827, 25.02562821733044;
  -6.071221277825433, -3.680507552289436, 24.93080813090254;
  -5.9989777963356, -4.908472033775284, 24.73911144097356;
  -5.910334705901678, -3.292809350958149, 24.4256374670254;
  -5.900790312878041, -4.755219745106977, 24.55902666966988;
  -6.712764706782902, -1.080979054241553, 28.12500580629756;
  -6.966175641363173, -2.99958727837189, 29.3592693191258;
  -7.382393498347328, -0.8725863970624072, 31.615574749849;
  -7.833430272672937, -5.107487955502479, 34.79603981717203;
  -7.502552080657903, -3.439128622958135, 33.46336805022343;
  -7.711047068506381, -4.799403705826558, 34.65214642384215;
  -7.710838445205435, -3.346837239530949, 34.96726438214335;
  -8.329528775666514, -5.363488431960375, 38.32873809661719;
