m=[-6.580524273634756, -1.14278829281308, 10.82526337374822;
  -6.599884893192726, -1.198720239509078, 10.99383949103829;
  -6.574783243214846, -0.9903236744800783, 11.08727900943526;
  -6.638810648747216, 1.282540611894407, 11.54657523844393;
  -6.980080134391366, 1.501952755056482, 12.26550420425722;
  -6.971176614760013, -1.476761297783803, 12.40903791148217;
  -6.708878127820848, 1.32852322450528, 12.07234080672227;
  -6.92622879538149, -1.995530534243626, 12.45226872268091;
  -6.802930952217927, -1.771167006594215, 12.42127330971321;
  -6.827714651067373, -1.057188268862104, 12.52099131391161;
  -6.767087114998571, -1.034491050760572, 12.70563464851923;
  -7.069443858871749, 0.8665249560658144, 13.33786790013915;
  -6.681068015726489, 1.662075129586983, 13.23889287752749;
  -6.832310935073616, 1.442363698823893, 13.68678175036852;
  -7.028643291414135, 1.252797541427577, 14.38443662155236;
  -6.932750464182862, -1.308709112722938, 14.21977662097102;
  -6.864329855514072, -1.051329022804041, 14.1058492980019;
  -7.048063828703507, 1.481068983521215, 14.6773865794483;
  -7.371778869014371, -1.52075176533197, 15.38950542800822;
  -7.023665897726716, 1.240354620681796, 14.73956098762195;
  -6.769741447455359, 1.542473033359358, 14.24272243736268;
  -7.032045449027812, 1.477850911097052, 15.22071114220351;
  -7.138534658203068, -1.902367060302119, 15.49278125487698;
  -7.084702819837074, -1.167454455162946, 15.48105976505047;
  -6.735532387925569, 1.68174160376103, 15.01417899349818;
  -3.510867980866437, 1.893402854918631, 8.494351774436039;
  -3.334281639266354, 1.891513976806084, 8.484126134750554;
  -3.375141350935572, 1.941802844575202, 8.879628729430655;
  -7.161441943348389, -0.2403350749544782, 18.05001469639797;
  -7.240832008834068, -3.513411960180218, 18.31653114318972;
  -7.278099346566716, -1.641767423319415, 18.41519746683004;
  -7.320793075779067, 1.128322524963161, 18.52430447212491;
  -7.42195489417384, -1.367220195459278, 18.82146387565467;
  -7.686723776572789, -0.9602220506971635, 19.49768593816157;
  -7.573692009591126, -0.6118158072013508, 19.2517520866919;
  -7.466745134802196, -3.721161593820749, 19.06795079047181;
  -7.525259307090592, 1.25707949667467, 19.18588616724097;
  -7.33240811348596, -2.020956031458135, 18.75522296196879;
  -7.807105926588175, -4.023473737355988, 20.03047819113138;
  -6.953668246944348, 1.615404738196072, 17.94193535476217;
  -3.414865803400644, 1.970339574892955, 9.310462396400784;
  -3.445838946012143, 1.864911288007361, 9.385321337908234;
  -7.523607896214011, -0.4717430934343043, 19.61738810802028;
  -7.543845897489748, -2.021333395180031, 19.71619656478048;
  -7.542042756332425, -3.315001317170121, 19.82671771471365;
  -7.836044107922089, -4.02256609605129, 20.67580889752778;
  -7.690014767779836, -1.836057005925654, 20.29701210233667;
  -7.662214665259818, 1.41234526170689, 20.23279560657396;
  -7.859654321733324, -1.235666478538519, 20.76209245624249;
  -7.12859840550041, 1.590870704131896, 19.03660717078141;
  -7.64499744923333, -3.091201180506632, 20.42539753593889;
  -7.489750960686728, -3.692239559097012, 20.12166134508567;
  -7.350556278627972, -3.004154884532814, 19.92294327995083;
  -7.277123736362192, -1.495390645564924, 19.73770875550724;
  -3.390670813319694, 1.798368083965081, 9.893254651792704;
  -3.499153926174689, 1.889688486289721, 11.23341215716727;
  -3.312337755046917, 1.931432532703438, 10.77084161802177;
  -3.845610513790539, 1.74482457599027, 12.37550621461623;
  -3.27413348913969, 1.887815087308338, 10.92739253521535;
  -8.478920704597167, -6.304577593407213, 27.32046411962926;
  -8.443311770713928, -6.551496346335871, 27.40995720069751;
  -3.445272099810798, 1.972649230324851, 11.72636324741641;
  -3.66058871828231, 1.887621571209724, 12.4277057683161;
  -8.662583097692382, -6.792074714545629, 28.55001257571476;
  -3.644223346722495, 1.841527841575062, 12.64307856473878;
  -3.674311341630013, 1.738288487700403, 12.80126294869178;
  -4.036060932856315, 1.766493799910299, 14.45125568003216;
  -3.851136769343809, 1.765807606725162, 14.069347202926;
  -3.903373041212203, 1.910164639619403, 15.01796638869365;
  -3.772779040484803, 1.927351115555087, 14.68096608294704;
  -0.3668565295762297, 1.836344241980589, 11.27509315254923;
  1.532302117628534, -9.700826632859611, 63.98324941225763;
  1.652655931687771, -10.56694320962855, 66.55365075670362;
  2.21199792153615, -8.508910329127323, 62.87851596898953;
  2.296830041429406, -6.716041864716107, 59.11194862597743;
  3.295367899181447, -14.84985169563235, 83.17113488167122;
  0.8000301814038091, 1.898870832007861, 19.19685327671528;
  3.40384908569201, -13.95717497086745, 76.27724014127492;
  3.637165063758905, -14.60034692553747, 81.22514623163499;
  3.126284574248483, -11.05666910147687, 65.88924529621194;
  2.651186479477428, -8.883590257172608, 52.14409162878572;
  1.00838651909338, 2.080922896720362, 20.18568675499192;
  3.925172794341879, -13.17847396959505, 74.11555709139346;
  4.105215392054427, -11.87169124964096, 75.81423173206996;
  2.203057364452364, -4.20455671180172, 37.23191065963718;
  4.978618806725277, -14.0005327746513, 80.70710991270143;
  5.458076575785741, -14.74447293476173, 80.84638512386584;
  2.532245280890085, -2.259385365178759, 36.59270889479344;
  2.604354995591687, -1.541179401174178, 37.27939080152732;
  6.2909456746581, -15.23770568867542, 86.59823519208921;
  2.657904566916706, -4.030891380435683, 36.91460395729777;
  4.683041984956557, -10.38940706715266, 61.19938180935968;
  4.939225037352048, -9.523611309417129, 61.51532886777837;
  1.563854825688278, 1.837344311215487, 20.22416274833198;
  4.165260947963215, -5.118497910591239, 49.77778181772951;
  5.092105513213772, -8.104833867274447, 58.49650134833772;
  1.539039220492088, 1.178936623853137, 17.9598396190141;
  5.193415623139684, -11.19346707796115, 56.57829664011069;
  5.393222951899996, -8.423377961088548, 57.97224915473078;
  5.396720037629136, -9.387291249904408, 57.70428023094562;
  4.799319122284063, -10.24714879735399, 50.89111565996488;
  5.499372074441072, -10.16667335087742, 56.67811073242208;
  5.255965783743551, -10.24101125478785, 53.4326049534501;
  6.409964867549125, -11.89283655659721, 62.3457295970983;
  1.807675316732836, 0.8951043776205955, 18.55057194129;
  2.043571912892927, 1.172097451984783, 20.16865909089295;
  5.090291244548856, -5.961112620762803, 48.3904674796026;
  5.26471186652671, -6.856348840920091, 49.03202706346679;
  1.812895075120416, 0.769149722597671, 16.95602082783151;
  8.104734903774745, -10.91405023698903, 71.01049820670899;
  5.56360977089077, -6.93271799614477, 48.9101462840705;
  1.868660595286189, 1.016106872698658, 17.08427333910156;
  1.906506504301297, 0.8502390151208148, 16.8070342366588;
  2.124467657863124, 0.7655409533040281, 18.28926932549021;
  6.615942283307555, -9.374429218118864, 54.05132894654852;
  4.617545380596992, -2.591460828499164, 36.78141991617377;
  2.537230800268905, 0.7914780124406079, 20.40392736527328;
  4.933588851679311, -2.447460766639107, 36.84128193369755;
  6.610046456901219, -8.7666171932298, 48.76330004031557;
  2.349866820952637, 0.9113726941334484, 17.78861446068201;
  5.438255318483462, -2.795640112954505, 39.55854069594838;
  2.205578883836731, 0.9369954600481868, 16.30564060840793;
  5.469100392587232, -2.29367160853592, 38.48972114627851;
  6.898411051875561, -4.412995818813688, 47.93822611494753;
  1.68111429594624, 2.129590727612684, 12.1448483924994;
  8.454007319411621, -11.73568671898308, 55.60011481086745;
  6.831541533041841, -8.039580789936796, 44.75746915389999;
  2.094236918359722, 0.6148701946552939, 14.46606940566627;
  7.792052163857457, -4.64608188640006, 49.97657867860037;
  2.222759914766987, 1.505884364240568, 14.86880949948514;
  1.711352079146811, 1.965432442989486, 11.62107878163119;
  6.458912610388087, -6.247612619092529, 40.73645272666605;
  8.673634135609447, -9.379405995584767, 53.42976211028579;
