m=[-12.15032321917117, -0.2589753609775349, 15.60796527045138;
  -12.65545771833391, -0.1268751978644974, 16.2529763870667;
  -7.355999513642862, 0.4842313803893348, 9.885208318180853;
  -7.015895627125749, 0.9319056013133387, 9.489145780290583;
  -12.71591897502057, -0.650541374118544, 16.3953884178839;
  -7.249291523398934, 0.5589377067183474, 9.810195475465211;
  -12.53015773373022, -0.1354627762479178, 16.35108598772547;
  -7.154940774732418, 0.572066301091621, 9.771537982458645;
  -12.39364972262995, -1.900980260766053, 16.25312725151573;
  -12.70991199267062, 0.1464265395308605, 16.67116115494074;
  -7.21332476754359, 0.7434784328242799, 9.893968360493176;
  -12.55382386649227, -1.766338310367889, 16.48466672256048;
  -12.53639566979961, -1.640081821218139, 16.52565013152646;
  -12.48885449133668, -0.2085583757649407, 16.48374387965504;
  -12.46957083940065, 0.3404843688211832, 16.49884634820811;
  -12.56364465526993, 0.01306789593859378, 16.61873305527121;
  -6.88925821596964, 1.050749376009052, 9.570151340970147;
  -6.927135408349486, 1.389781099898185, 9.621870709387489;
  -12.61634916377008, -0.3936821241842597, 16.72193969032752;
  -12.5323339631553, 0.2561922656405102, 16.62604400187933;
  -6.919239430753168, 0.7825217832102994, 9.65888156555158;
  -12.33780135248977, -0.8070817243157518, 16.43744959094402;
  -12.5099084601716, -0.5886823326245093, 16.66013844357657;
  -12.32273559191635, 0.1862430983631965, 16.44763377363351;
  -5.407984242823924, 1.485401175259823, 7.788385303287012;
  -12.30840057424587, -0.1292333823250281, 16.44946032545623;
  -6.825887857184729, 1.346347478284962, 9.587437484323527;
  -12.53657832576676, -0.9806247097897718, 16.77346307400878;
  -12.4950580560688, -1.1249652187663, 16.7316575812035;
  -12.59658538366594, -1.233188776934512, 16.89516934790105;
  -12.51423539203873, -0.476912128369104, 16.82162190827544;
  -12.53198096139336, -1.588236068045799, 16.89909387942641;
  -6.767654842629485, 1.437618230650806, 9.60284198055686;
  -6.860808834241167, 1.10086614718517, 9.735841626303289;
  -6.757613187715704, 1.379673111868192, 9.612926770611296;
  -6.666245846629008, 1.123080798702861, 9.613605560344356;
  -6.825504141536772, 0.4644636266850134, 9.85340201687545;
  -5.242216589575741, 1.492686103919499, 7.831592404232484;
  -5.513859265607112, 1.424582218948389, 8.248270094729483;
  -12.9172457515525, -0.1818271083691274, 18.02259112207853;
  -6.507393763135297, 0.9863580878176255, 9.659219605800068;
  -5.342245017027637, 1.384069653127103, 8.129033790941861;
  -6.456419784485943, 1.032711114515847, 9.652937033886095;
  -6.483444005609646, 0.9408811090045406, 9.694590592861944;
  -5.464476233202174, 1.31332742962391, 8.349612781664794;
  -6.486689450481062, 0.8712178313131489, 9.74866739244268;
  -6.458304736283211, 0.9808111273968523, 9.733978324004827;
  -6.446753293491611, 1.102804771945388, 9.728084596872325;
  -6.382619778710412, 0.9408689258486266, 9.683853999137146;
  -12.83916938746066, -0.07531331249943951, 18.51846087813934;
  -5.275090260690964, 1.223122464754753, 8.270013286380983;
  -5.19402596529606, 1.458294604231264, 8.200948430590795;
  -6.349899159818754, 1.049856131485913, 9.93594784941831;
  -12.68433097884475, -0.0662550251374326, 18.90333176269682;
  -5.026370452086757, 1.630186477476999, 8.099830722291335;
  -12.87319012005707, 0.1134142460839879, 19.25597855562464;
  -12.62530895140571, -3.964037221417933, 18.92747989940233;
  -12.56077674886893, -3.114009895433696, 18.84660456558076;
  -4.937796408786737, 1.728569029440911, 8.043356215283406;
  -12.54137750857093, -3.312953978803879, 19.03683826807648;
  -12.65092579748263, -3.729954470394759, 19.22578198254396;
  -5.332408541659698, 1.530960525350779, 8.744828481315015;
  -12.94895497952534, -0.4922710511867266, 19.81124117077097;
  -12.47110132928418, -0.01252615848669221, 19.14169130060418;
  -13.29219250872811, -3.9014463108498, 20.35561916783348;
  -12.99760905227174, -0.172382572668093, 19.95024520982428;
  -12.98653517011272, -0.5958561015948418, 19.96149104386931;
  -12.99181622747103, 0.1200435324250455, 20.10324550972088;
  -4.896866209609973, 1.802956588142762, 8.209821520798148;
  -13.18649590606422, -4.221327438542894, 20.46187860772568;
  -13.08468163019195, -3.933353855357586, 20.30818273420071;
  -5.233676431970107, 1.563847664949046, 8.730615435146495;
  -12.94559518645133, -3.765580109412453, 20.13952391828798;
  -12.91725351289854, 0.2189097993333914, 20.15105536695116;
  -6.325522113020755, 0.9387777144367498, 10.41453992315051;
  -4.928641900520723, 1.851633972752517, 8.341285717094815;
  -4.877179773195259, 1.779689821418057, 8.285746734531108;
  -12.48408263331695, -0.07272622573576887, 19.78450500574031;
  -6.317305626119449, 0.9774099122765541, 10.51724026884612;
  -5.280834917507756, 1.736562259954122, 8.98924626793168;
  -5.306526082773727, 1.753900894261947, 9.040314687703431;
  -6.803855213622673, 1.666901480164015, 11.32640689304823;
  -5.247455367039081, 1.750361984840196, 8.968612975234686;
  -5.028578427843307, 1.758854731176452, 8.63863971000734;
  -4.870175453977623, 1.777647561493137, 8.410493202125414;
  -6.565910692917417, 0.7012613320366904, 11.02784146279703;
  -12.81794130084335, 0.4039683849512992, 20.70268177985404;
  -6.650187789187145, 0.8896789388956126, 11.23580150966713;
  -6.330698736100883, 1.265564065454347, 10.74776640032252;
  -6.714193441722152, 1.546075765580128, 11.34738160041627;
  -13.208561703267, 0.7100413991356286, 21.37120529235804;
  -6.279052635008543, 1.282954250634721, 10.75499330193343;
  -12.89474285424858, 0.4292801641664401, 21.06215344729266;
  -13.01805939864418, -0.4301231412413882, 21.28542205340361;
  -12.66640286461536, -2.301742406981475, 20.73470408364823;
  -6.620553494040267, 1.590624679159785, 11.4031277634283;
  -13.02758914424665, -0.08488100752705957, 21.48900638838223;
  -12.31757099567902, -2.090181942743761, 20.43613479177119;
  -6.339342692741595, 1.227215710959057, 11.04109783334246;
  -10.82064138248725, -3.613860931541057, 18.12947514024319;
  -12.80366529205831, -2.315232513097179, 21.30063502510831;
  -12.73745820071827, -0.8513969020086954, 21.3600725835084;
  -12.60971999065452, -0.581265285101332, 21.28726471808871;
  -12.7147862743708, 0.2177365943653098, 21.5150131715538;
  -12.79635389948973, -0.248381652635776, 21.69494706085509;
  -12.95399053491733, -2.401093253210556, 21.97290946499001;
  -12.87833019951201, -0.7207898853745154, 21.94641463323199;
  -12.55849533869033, -0.08122837915669477, 21.43438998154596;
  -12.60209489093423, -1.05863056920661, 21.51732375810753;
  -12.48805853416387, -0.3641535944374569, 21.33743904225184;
  -12.79556476911269, -1.258274016493325, 21.84636824705609;
  -12.5071011218312, -1.121449689092454, 21.36940298301725;
  -12.70248016694769, 0.2997475572832006, 21.7269894072838;
  -12.99012323106947, -0.05119556796706272, 22.22615988874103;
  -12.61522378151812, -0.509178607759741, 21.60525895529197;
  -12.29264921279046, -1.30328210995983, 21.09732014771416;
  -12.85549292374095, -0.138601661278443, 22.04817647981238;
  -5.01577484232602, 1.767940351078406, 9.234050704278619;
  -12.53243471302902, -1.042804320062021, 21.58820462801944;
  -12.85896158911792, 0.1912669360693223, 22.14535227844532;
  -4.906161238576874, 1.774566688433143, 9.073487726844574;
  -12.79456852503144, -0.6522498094070678, 22.1022743468971;
  -12.81987426497356, -0.2216389294055637, 22.26462665199901;
  -12.71873178224592, -1.145970955757984, 22.14883204357936;
  -12.93957204917112, 0.3943586864058409, 22.53764124213022;
  -12.78010007301615, -1.365080695115313, 22.31402441777876;
  -12.7386637905483, 0.04798332985813173, 22.24875405070047;
  -12.92386858589964, -0.4014411539352319, 22.59325715717893;
  -12.99597404976795, -3.53947453714716, 23.05100877771703;
  -12.67961700008559, -1.007674980906408, 22.49175904745702;
  -5.012089028149256, 1.756057867432794, 9.507849837173568;
