m=[-6.042735682075286, -1.897270732552624, 9.059085888519721;
  -6.055361433353014, -1.501217305337971, 9.085664423288879;
  -5.990103517218834, -1.766101054566591, 9.103240831420834;
  -6.206321278082061, -0.2359412249401455, 9.495355248186854;
  -3.094741183236216, 0.6186668165160034, 5.254010132752983;
  -6.214656767646281, -0.08242273771642625, 9.538979508524855;
  -6.211188071627789, -0.284985507077358, 9.547163538194909;
  -6.336604711977373, -1.859883014831776, 9.70385527063457;
  -3.274238365907242, 0.4380358882207926, 5.531977974289251;
  -6.217131697607041, 0.05744589035629766, 9.620250371074674;
  -6.256260884063482, -1.880679145579865, 9.710078766702816;
  -6.217446599225005, -1.808514240417369, 9.672511204955637;
  -6.190062547826499, 0.1049035190687198, 9.656564609619755;
  -6.307814593441209, 0.3390838154851747, 10.20592579654008;
  -6.20257129392365, -0.04041273445587324, 10.2311404423116;
  -6.092031097074726, -1.101596155867571, 10.13492058722336;
  -6.158699760637036, -0.03064262803838559, 10.26525816752984;
  -6.157549916306921, -0.2033132452045315, 10.27989267768674;
  -6.149245708313613, -0.4110277469215364, 10.31197375438685;
  -6.053473631416493, -0.2790445845606809, 10.21925116112305;
  -6.11017765343647, 0.1046348121405692, 10.33918697943075;
  -6.092476092410793, -0.3409910350382344, 10.38240240743065;
  -5.982626803842623, -0.174454263554029, 10.22208010879418;
  -6.049572625095082, -0.5081903101815449, 10.32928365473571;
  -6.0258980977415, -0.5403123779353912, 10.29573867924253;
  -6.104797034691948, -0.6003257865773011, 10.42295877516509;
  -6.118404320745828, -0.2469524637614983, 10.47858619333847;
  -6.096925263501164, -0.06573407766038909, 10.456703993485;
  -6.087338126464999, -0.6140215532001863, 10.49889664067145;
  -6.134719284472339, -0.5527445850809728, 10.6832087815513;
  -6.073924664564792, -0.6487740515184678, 10.60505805920979;
  -6.034900240281021, 0.100821680098074, 10.56768586736006;
  -5.991462368442369, -0.4761537140814955, 10.62796517686633;
  -6.629276809809311, -0.06440635793597754, 12.03888547947815;
  -6.789941626355537, -0.1834346818161367, 12.33958527613633;
  -6.795150449356775, -0.3450785560086895, 12.42673506568472;
  -6.885730123540943, -0.2325329856275344, 12.64589662911923;
  -6.680188409326457, -0.0970508845751092, 12.30437790394732;
  -6.679211920463308, -0.4738160980565896, 12.3366314158528;
  -6.61766626389012, -0.3521018929419906, 12.31634757018901;
  -6.633671253418033, -0.4223312511960093, 12.3436835912242;
  -6.627260753227612, -0.04941591592673789, 12.35671938512813;
  -6.578526603987154, -0.11749342697747, 12.33350281347737;
  -6.575011358834592, -0.2754556029681632, 12.34596021518354;
  -8.90240001923463, -2.186928981291327, 16.39791251702148;
  -6.555454595948995, -0.3463271502771751, 12.40576405774133;
  -6.533291906637495, -0.3003224881546121, 12.46655222874184;
  -6.437462999535937, -0.2296804001636648, 12.44349077786855;
  -4.722301505353856, -0.8115266819446581, 9.476884924008097;
  -6.300644742592007, -0.1413809946987108, 12.36392114792179;
  -6.25737019525346, -0.07537608158529194, 12.33192221009684;
  -6.214050219939044, -0.2339470337480373, 12.29776554300803;
  -6.212933173780896, -0.1658737550821545, 12.32883193982068;
  -6.212894446704244, -0.1039102574780036, 12.35955497497403;
  -6.096986491500746, -0.3424898141188927, 12.39000463308417;
  -6.025905663792362, -0.03286306229360275, 12.36796921875608;
  -4.646676388817647, -0.6503309406686599, 9.793332788426229;
  -4.630390153991632, -0.7071592230196521, 9.856296157265295;
  -4.646340847208538, -0.8100786147633993, 9.894013941847394;
  -4.623853500889457, -0.4738810585751264, 9.858194652645897;
  -4.458204273924242, -0.8413360481942981, 9.691468504917744;
  -4.333952991262695, -0.6323881473747477, 9.640541084445188;
  -3.095969708915889, 0.7262202636943941, 7.241915842512041;
  -3.088590968348803, 0.6267856154549497, 7.242559259833794;
  -3.067120530013065, 0.6988956528475938, 7.254827756804157;
  -3.044563820853284, 0.6912416329865032, 7.215948458076595;
  -3.848074429620525, -1.582529839798102, 8.829259460165185;
  -3.065337624731623, 0.6610789652930331, 7.283452336508238;
  -3.66595064731071, -1.857415506913054, 8.522821824563371;
  -3.019209735050454, 0.7144098123411564, 7.241054678383926;
  -4.504704642684588, -1.416786255431781, 10.33749553572676;
  -3.001476710583252, 0.5689038661301694, 7.252188299470804;
  -2.993018664265033, 0.7473002022489896, 7.25487177528532;
  -4.166600158819908, -1.28207517594677, 9.71277215700065;
  -4.362289887896315, -1.413774182310263, 10.15804390901799;
  -2.958634100641679, 0.6030380779466659, 7.261841268958459;
  -4.026934089905925, -1.017197326942487, 9.530488416130947;
  -4.036916799494394, -1.107239609419566, 9.562817314397201;
  -2.916283601460839, 0.7371645177956094, 7.240339325436384;
  -2.926967915434203, 0.6871229806616686, 7.264758366622225;
  -4.130402374875893, -0.9191591643977014, 9.821397840677072;
  -3.65441113409512, -1.573613898186739, 8.834131634085662;
  -2.895660308963396, 0.6288483086408521, 7.242481847314212;
  -4.028579819002106, -1.006356499215368, 9.721247766858815;
  -3.75208188024048, -1.567324367551487, 9.255302476890112;
  -3.993341296230802, -0.9927661034627289, 9.864879282997352;
  -2.973530395934944, -0.003236011911218566, 7.616105753949496;
  -3.964975728387573, -1.287515920398707, 9.854713324910248;
  -4.020439942935479, -0.9315938477542611, 9.981813986751552;
  -1.665040398046351, 0.8453685981335275, 4.738422163023034;
  -3.924955919861017, -1.233804230146498, 10.03221090031693;
  -3.917686512228812, -1.175270180428574, 10.06757020742439;
  -3.850202747666837, -0.9788388975699778, 9.932601287915283;
  -3.695067993102696, -1.73388509195129, 9.580572326356089;
  -3.822343200303721, -1.28374614644538, 9.955368118736628;
  -3.932329769146262, -1.508470379841476, 10.22806934492387;
  -3.750965875019368, -1.862541325939279, 9.824623771977997;
  -3.704135210355244, -1.883866485379084, 9.722900832890938;
  -3.63181488644907, -1.089584730591325, 9.683032891813888;
  -2.951971376509353, 0.04620346108553931, 8.091298854420828;
  -2.611191163639475, 0.2998237616778329, 7.313894992302292;
  -2.663218511486504, 0.3417703625846679, 7.444078894168056;
  -3.54742897671232, -1.881482077937361, 9.650654691681153;
  -3.589850281951903, -1.633013352188258, 9.785325589422149;
  -2.823906077793319, 0.7487666866288728, 8.149798834681722;
  -3.385070843344545, -1.808015091540153, 9.533371573320039;
  -2.841618450902883, 0.8344084266457486, 8.274692764931617;
  -3.144525844396881, -1.932710552015436, 9.092746709149616;
  -2.484821617669706, 0.8599433910799457, 7.475554028131527;
  -2.676121692597744, 0.4399802210658485, 8.043597921746667;
  -2.762702926274885, 0.8200568629705565, 8.28831426717662;
  -6.481886776061524, -1.822904762505952, 18.26664373917043;
  -6.099716384739561, -1.864519357211989, 17.39432218071778;
  -6.098561004552763, -2.163241542941503, 17.38886125831576;
  -6.505701341578096, -1.783356453287392, 18.57341006033838;
  -3.13089338809725, -2.014732655999371, 9.467314297991621;
  -2.604253980601213, 0.6158043268184061, 8.145666614231573;
  -6.040870423197938, -1.686702662613377, 17.65528808372466;
  -6.20527910715436, -1.568127881265507, 18.14952751588679;
  -3.120046836308683, -2.094927736326201, 9.744867413759572;
  -3.708501520049956, -1.698084231698391, 11.44102821761037;
  -3.076638638763976, -2.128109707590603, 9.653804700722374;
  -3.047056183201716, 0.5497978215525212, 9.791245537651628;
  -2.966776360700054, 0.7179408653854774, 9.595130892404725;
  -3.02674291833105, -2.031592137434727, 9.76628139494694;
  -6.244768966247095, 0.1557440772799392, 19.18220543641012;
  -6.146669844195142, -2.209219885340641, 18.96070070726565;
  -2.887870722455696, 0.8121632703758602, 9.465941785978018;
  -6.176444396851014, -1.848542472159285, 19.17917201746025;
  -2.92848583180661, -2.061083653472488, 9.607893784884979;
