m=[-11.87634926507393, -1.861766330778944, 15.08517667379066;
  -4.534403605329218, 1.010312301447657, 6.38247488101252;
  -11.78081598519459, -1.679362025696914, 15.0734793868022;
  -8.5144787562106, 0.7784979117356803, 11.22553799198519;
  -11.56037624344711, -2.09361896357178, 15.0059462654067;
  -11.46942443071847, -1.821623248739092, 14.91340879793517;
  -11.38997286088549, -1.857417706730201, 14.88766525415207;
  -11.27141425624953, -1.046356386616375, 14.75912012047815;
  -11.21961233778116, -1.577832870789449, 14.81647041521752;
  -10.81843469377347, -1.075708925854537, 14.39360519291925;
  -4.429186188853215, 1.019309128923121, 6.500557504097311;
  -11.14704196348758, -1.829133139572262, 14.85218705651453;
  -4.414822575183578, 0.9455797046405232, 6.504981819229552;
  -4.368154586146899, 0.9680637806861178, 6.452272257933992;
  -4.124099675749237, 1.230322677281629, 6.160214499451867;
  -9.998470445241582, -0.3776375440459761, 13.54293236352498;
  -8.208367937532366, 1.218070308545861, 11.33078123537568;
  -7.651226505556924, -1.636504653083086, 10.66243661617325;
  -7.586295515243411, 1.237669751121105, 10.80070005969031;
  -10.83886708376906, -0.07999050255786643, 15.06642147799473;
  -10.60712757181621, -0.1054318676242035, 14.85705339267808;
  -6.857864122563136, 1.187705171616397, 10.11551609372642;
  -10.35809935547963, -0.6691731099354167, 14.82507077865163;
  -10.46923815454767, -0.09683259283403445, 15.05683680843559;
  -10.42753791015818, -0.2592360856392272, 15.13839871765643;
  -10.28441805647702, -0.4404753117299978, 14.95856503186581;
  -10.33696530496515, -0.7714566088053844, 15.05387234947881;
  -10.29016614636896, -0.4372436574866355, 15.08426244948728;
  -10.14377744930499, -0.08529055250427471, 14.90212207629663;
  -10.25857122978066, -0.3752831615793271, 15.09801830250892;
  -10.36315492273416, -0.2081986694857229, 15.25937557552429;
  -10.17838709514215, -0.6029386660195402, 15.0125058226807;
  -10.12281213620061, -0.4813447245927807, 14.94908198396677;
  -10.12866639244379, -0.8866156583729511, 15.04363670132026;
  -10.33635821206766, -0.8302009270553205, 15.41707735354555;
  -10.21924784123219, -0.186238413531168, 15.27340433780486;
  -10.06649361660402, -0.6453339734648695, 15.12858338307152;
  -9.787006515735692, -0.02340374612545738, 14.79744825222595;
  -3.754376011094439, 1.203207287218284, 6.292188361405001;
  -9.991597016599833, -0.1162953366959037, 15.11847335666881;
  -9.530094606642329, -1.058754246839114, 14.48459403563748;
  -3.693974982061822, 1.246781481708186, 6.240474677226492;
  -8.538041373525882, 1.061777322678153, 13.16994201280144;
  -3.707838286252334, 1.224346105044838, 6.279529759970629;
  -3.695689497475566, 1.140616729866283, 6.26293985524117;
  -9.93177841745473, -0.417779641011454, 15.22471579787006;
  -9.884162023175012, -0.3222907109818141, 15.16348094849999;
  -6.674498287911878, 1.256027490609009, 10.6018252521519;
  -3.993616778295586, 1.475251954791622, 6.768240625918962;
  -3.679602838387592, 1.216427628466468, 6.315638874421449;
  -6.595817789720416, 1.214913533039506, 10.54814031465447;
  -6.411665797625322, 1.2177650067194, 10.36157726758401;
  -9.465381913143473, 0.2425958948084122, 14.8436240888527;
  -9.463585297132195, -0.6078744732551927, 14.84308091886387;
  -9.638844560184193, -0.2505569007797151, 15.14048089949631;
  -3.673236444223218, 1.216138632937621, 6.39021249799966;
  -9.507018682707669, -0.1544734769610088, 15.05562427821775;
  -9.636888553511051, -0.2739949216089548, 15.31458759707469;
  -9.57446470361298, 0.6033004791800245, 15.24259417628389;
  -3.667232885469566, 1.050022095698485, 6.460716618791465;
  -9.450659043698817, 0.3058745970602923, 15.15708971753662;
  -9.419104242813337, -0.3248848985608469, 15.10985714308241;
  -6.530665807332408, 0.9899592175424863, 10.83146272146727;
  -9.379092440201758, 0.06287782899158602, 15.17110512906463;
  -9.360600660727354, 0.1618862612782147, 15.1518946028807;
  -3.574222932827897, 1.216669258851278, 6.406140471181657;
  -3.62110335913312, 1.046168509603219, 6.533018120182153;
  -6.796359448701657, 0.9669316027145997, 11.45892470824325;
  -7.100902577078373, -0.9336174897001753, 11.98162668419056;
  -3.508742646380969, 1.090383782664258, 6.486271579248577;
  -6.572782329382181, -1.308984035285586, 11.38363186099429;
  -3.728641392230458, 1.024623170122981, 6.928617138826913;
  -6.528479319651573, -1.212279154328478, 11.4282747428692;
  -6.053022441238779, 1.190123356378414, 10.68722629123308;
  -6.456948434896405, -0.749225077818778, 11.32756857555084;
  -5.960502311238389, 1.23597280697169, 10.55293219208194;
  -6.452498687909827, -0.2670817330686383, 11.33488787004242;
  -6.344317568133025, 0.06157479858894755, 11.18528267147774;
  -6.321505652799009, 0.1294827555631135, 11.1513283016874;
  -3.782690257927567, 0.9442442718248314, 7.080920901374712;
  -6.173935430508699, -0.8069394758168934, 11.00261137193625;
  -6.19279317297282, 0.7480144641167726, 11.06511887177848;
  -6.302561632502585, -0.1268740844686439, 11.28276652814461;
  -3.493298254423016, 1.238643235914111, 6.710226212755854;
  -6.24869585374297, -0.4855677506290844, 11.2405352331777;
  -5.896716468425441, 1.19387015261406, 10.67463128088183;
  -6.255445516233261, 0.8454163662321582, 11.29770240407612;
  -5.733818402871191, 1.207472682049148, 10.4945033839177;
  -6.248403534037066, -1.554036860474812, 11.4038984149673;
  -5.748398878997683, 1.179879522096973, 10.57024955297945;
  -6.12296136278017, -1.44077276439661, 11.1972477735892;
  -3.359918234187125, 1.228772834796213, 6.599684010847147;
  -6.416734481106191, -0.2956947497694052, 11.75629736986594;
  -5.810582031500635, 1.181090448049473, 10.7920902668344;
  -6.236587062340738, -0.8391312608386293, 11.75888244218032;
  -3.475842446512864, 1.195004396054331, 7.024560219350441;
  -3.663926926597454, 1.125926341415659, 7.413445879119984;
  -5.145191050405498, -2.24578160989299, 10.12105093764389;
  -3.610420573620993, 1.126670143113842, 7.402817630778737;
  -8.782487113036817, 1.10781966680935, 16.64497470949119;
  -8.681920129611692, 0.7641489648495281, 16.49003842077609;
  -5.075487077651963, -2.295064054406446, 10.06086428186213;
  -8.568745755782587, 0.4209816073918407, 16.39263504611136;
  -8.757113923979251, 0.9334295074335869, 16.824653772233;
  -6.03294084615094, -1.019895193603243, 11.89420364104578;
  -8.721543138466682, 0.6901500553407952, 16.80877834807267;
  -5.211518971344401, -2.154849901068277, 10.45086227671928;
  -5.261602515476836, -2.028248656213476, 10.64272601904536;
  -8.834738888380089, 0.9871164739992164, 17.24965860720055;
  -8.798587266904866, 0.8255535895019659, 17.27026176576475;
  -5.834405781056874, -1.684594530245918, 11.91968100909637;
  -5.193648914480334, 1.172730723243126, 10.83406728343993;
  -6.290463337175498, -1.4923924220493, 12.9053661458288;
  -5.790748169832362, -1.897872499328146, 12.02001628781474;
  -6.001023699481418, -2.036258387629771, 12.42544727004502;
  -5.946215498825691, -2.152916320857403, 12.34153435111754;
  -5.103372737914746, -2.030227958984446, 10.7554442798919;
  -5.91104954672991, -1.418604411136558, 12.32278269554401;
  -5.873709484271563, -1.628501332145661, 12.2537641756207;
  -5.788161871470151, -1.469665578480675, 12.16617102406988;
  -5.017358027806904, 1.144363630485741, 10.75583128750332;
  -5.904140064855811, -2.128947928447279, 12.55254500780992;
  -5.034764889908043, 1.183707827491286, 10.86426908656857;
  -3.294717729567898, 1.21097614264396, 7.553141072414556;
  -4.768571508979453, 1.184757651119587, 10.5901959899593;
  -4.79116515038381, 1.141573847772841, 10.64554358754724;
  -8.996816069358541, -0.6739501136531482, 19.28304994753112;
  -8.993323720001071, -0.8842594347408437, 19.40461828663425;
  -7.048351569472247, 1.027452472797535, 15.45696047052597;
  -9.056862528766205, -0.7487346958631528, 19.71906489778093;
  -4.734676604416153, 1.200185886272805, 10.77936236480152;
