m=[-6.459614344305783, 1.746795542971577, 8.95096012605536;
  -6.438742809072897, 1.743958863780934, 9.082424258265338;
  -6.479210689978386, -1.231847254287394, 9.168232704067194;
  -6.441404536874985, -1.101441140271779, 9.195510778449847;
  -6.452126073607552, -1.021259409807524, 9.258950790771275;
  -6.882076056265051, 1.493888228175064, 10.52462612480692;
  -6.865977090643321, -1.368483579964939, 10.70614951025346;
  -6.835899028944311, -1.853192928786556, 10.89023582963155;
  -6.80762517965833, -1.115751310029866, 10.92442202299455;
  -6.659555187665564, -1.22142807252305, 10.8583649097213;
  -6.573729214017847, 1.653001408779877, 11.55692448389433;
  -6.776304272036931, -1.078069694474316, 12.27784988029025;
  -6.586848423803478, -1.194499603023341, 12.05336488305208;
  -6.715134976953706, -1.098416576981167, 12.32069292627511;
  -6.799763647921448, 1.20678642316545, 12.85705714779276;
  -7.272199181629678, -2.032020238962798, 13.71771134458071;
  -7.253601848046859, -1.450401186769352, 13.91928740042227;
  -7.148718019927238, -2.138368670427422, 13.84299587946294;
  -6.729330422851963, 1.425341894145852, 13.13614881081272;
  -7.103741979923697, -1.990996549524823, 13.99114090483301;
  -7.039841682762975, -1.156120757189026, 14.0009343751879;
  -6.570740400139131, 1.643709196619126, 13.25261940171822;
  -6.974894052098375, -1.155440643438409, 14.09644745283536;
  -6.418176664487839, 1.604595881083892, 13.92194789958268;
  -7.146655906042977, -0.588190901499516, 16.58947584315671;
  -7.130233551619502, -1.090023210005471, 16.57384178604445;
  -7.692281498133726, -1.003772467691689, 17.93390343531871;
  -7.131628530447038, -0.3069948317028456, 16.74602018234267;
  -7.247814254109269, 1.337900844788571, 17.01760655629451;
  -7.573847819342893, -0.7642985430735053, 17.74369117995919;
  -7.232403817978909, -1.74995876011128, 17.08003589316293;
  -7.176403466862572, 1.097647141020423, 16.97359040827639;
  -7.234271715029451, -1.444685981418779, 17.16376329042108;
  -7.597345177037839, -4.130538755199703, 17.98703619887199;
  -7.178722000869805, -3.777027193293979, 17.1375766240476;
  -7.400824906812363, -0.6905002932163915, 17.64519855394658;
  -7.618755768878672, -1.049085371225408, 18.1549516298147;
  -7.476169814296367, -0.6022366694227103, 18.01061418333545;
  -7.50890945997639, -4.075438558853169, 18.10015625690902;
  -7.096070479584059, -1.8071417782116, 17.62571722180053;
  -6.968024201507694, -1.195579271351443, 17.33421829577882;
  -7.644023071409733, 0.5425291362029711, 19.56924783811065;
  -7.012831576445322, 1.38708639470699, 18.25155501907593;
  -7.873789292221496, 1.27180413130036, 20.45082907844019;
  -9.705170488451639, 0.2522143787318875, 25.00201681933968;
  -9.413269180166065, 0.3716540883133534, 24.57617505620542;
  -3.22682279568233, 1.954056494384308, 9.07221508465514;
  -3.345221292436755, 1.877672657123899, 9.401567922178172;
  -3.231748420548129, 1.940097586394127, 9.39686383812395;
  -7.7945932117593, 1.094791812516778, 21.36753580589492;
  -9.399093072847156, -4.411326120050489, 25.90230325676651;
  -9.345162342248214, -5.127779964028315, 25.77348396377621;
  -9.357918618672645, -4.823009721883061, 25.80619356444499;
  -9.2138914493842, -4.615820636588682, 25.41674850240372;
  -9.27834226499191, -4.488822324221312, 25.69128666714525;
  -7.493325121893403, 1.4250261279129, 21.11875024914176;
  -3.361702848483408, 1.996981744342042, 10.05570234456871;
  -9.212077647119299, -5.114643525093475, 25.88421507390474;
  -7.978193722991198, 0.4982288342112468, 22.54552437637938;
  -6.168609249284366, 1.486396398708902, 17.71168644727254;
  -3.495998307324886, 1.868661458153751, 10.58667576580719;
  -5.414605433183153, 1.531857815201717, 15.91536636836339;
  -7.689649803118561, 0.545876921459091, 22.39396302727262;
  -8.215248413134892, 1.380259556420257, 23.93298144297843;
  -3.807412345598537, 1.787963465236373, 11.63491334198531;
  -8.260750986656129, 0.2720208134050772, 24.12496709377144;
  -3.475747686961069, 1.820761748846906, 10.8094288738722;
  -8.440823336466657, 1.157184745103337, 24.92189419726771;
  -8.227338559684572, 0.7285744712902071, 24.48870486992572;
  -4.993546351099158, 1.698454663145554, 15.54894605111633;
  -4.854067299525739, 0.7326313049116791, 15.35411957538954;
  -4.985762937687526, 0.4365366224492406, 15.98426116845919;
  -3.680489366546428, 1.767062154604154, 12.05476272149798;
  -4.644955099101884, 0.632199775472994, 15.22783610283139;
  -4.453122391798337, 0.6054274315064598, 15.04496529091101;
  -4.43395792223795, 0.8052586077190748, 15.26386162068003;
  -4.483710712500704, 0.8291396944958211, 15.63844093926534;
  -3.7665665986085, 1.852364058412659, 13.32706383263538;
  -3.712909506768495, 1.673076031711773, 13.19668739701431;
  -4.366009668627675, 0.690872171693785, 15.3850429324895;
  -3.750846692815517, 1.900139834979888, 13.36229611282962;
  -4.998012547555876, 0.4413288783561166, 17.52736985965013;
  -4.061213683501599, 1.926152500945401, 14.54011806575898;
  -4.160255255076137, 0.590052415850857, 15.00003436258007;
  -3.823536525466088, 1.711828285816216, 13.93817343643623;
  -4.302469056779138, 0.7830449500276524, 15.57081024052892;
  -4.933517908191901, 0.3296996307699963, 17.73294306586804;
  -4.032721841560632, 1.790398124058969, 14.71834347424526;
  -3.854487984908992, 1.823205354700536, 14.4497607700991;
  -4.074536163359564, 1.597217956835848, 15.36721975796047;
  -4.224308903317954, 0.6587358712665223, 16.09636937133134;
  -4.043252840368149, 1.704327324265671, 15.45757277357543;
  -3.979460685284237, 0.7928783280932713, 15.43062983513137;
  -3.775775687121233, 0.7228435820168742, 15.58487783363577;
  -3.709169346129752, 0.8852883348257969, 15.47171906547619;
  -3.584157425256175, 1.019119474190236, 15.65002687706165;
  -3.465087807888956, 0.7599195982319156, 15.66204978904;
  -3.428674977573485, 0.6856425294394137, 15.502364642084;
  -3.529341474236842, 1.287964613243942, 16.03399370089411;
  -3.378995670603394, 0.5514911344989472, 15.45265204615163;
  -3.469033335544602, 1.522411786195427, 17.78211166428072;
  -1.672683572694332, 1.6419957863368, 14.28502961607765;
  -0.2490339046938998, 1.781621356374363, 8.827300106141689;
  1.017341594875179, 1.729441332387061, 16.1039700117876;
  1.217426085373124, 1.868610162593651, 16.56881996882826;
  1.781400181420071, 1.681962714917862, 17.39253861641157;
  1.781304967597646, 1.652811940252184, 16.47648688788359;
  1.806243387152435, 1.586404896767064, 16.3706597848771;
  1.7394548856587, 1.091422135212797, 15.39250719904344;
  1.970166826243417, 0.6876446077041305, 14.17878527990487;
  2.130204947610992, 0.789943087020905, 14.54567643242747;
  2.187138969805269, 0.7434572397077726, 13.98472813114247;
  2.236329719080453, 0.5683703479137054, 13.07718555561906;
  5.795839865157891, -1.840138358051152, 32.05613737736032;
  2.242649200557688, 1.228822055192675, 12.20144415618498;
  2.298869398670107, 0.7552351541506582, 12.2506329607388;
  1.611847096815383, 1.853647902138977, 8.765295100805581;
  2.323257461992879, 1.399783923920684, 12.12819119979595;
  2.435820424929886, 0.6186704722319688, 12.57107040575875;
  8.477792155198802, -7.430052293192777, 40.63736100654261;
  1.823620579290932, 1.887694869237647, 9.257863759872894;
  1.902286243565321, 1.860211905688875, 9.513524918559517;
  2.569338670453606, 0.8010312858971159, 12.09121379029597;
  2.623234120395984, 0.779736863166016, 11.88150459690802;
  8.8399852704275, -6.649821157373467, 37.04177524364315;
  2.766585641311801, 0.4815003505542217, 12.14588052891895;
  2.869658609967066, 0.6688487989498198, 12.5165944593442;
  7.985915125212404, -3.432692021472431, 32.10653844297291;
  2.616909790418655, 1.024197128766843, 11.05133396282791;
  8.993845696813162, -5.671467969415044, 35.14663713501484;
  2.978162815725166, 0.6995460218384791, 12.28914381990174;
  2.722850850237568, 0.9812158913785486, 10.82531493085848;
  2.923718039098718, 2.048641944519095, 11.34555552773078;
