m=[-3.815179824207139, 0.7527888769190877, 5.714242059669439;
  -3.492092315150872, 0.7580264383383877, 5.340389398460153;
  -3.357695470348352, 0.8443115257781243, 5.9029862240116;
  -3.526455783475715, 0.6282157264948036, 6.476419547111836;
  -3.460500140119251, 0.7329697777448648, 6.755151247451945;
  -3.54548471226191, -0.5873346758585523, 7.165519442721167;
  -3.322091263702673, 0.830549583936619, 7.206093554082324;
  -3.657024847333042, -0.1574237528983801, 8.5871847698339;
  -3.962730039102612, -0.5171000711701805, 9.238769782247962;
  -3.706536578349115, 0.5669231526765323, 8.766680135070077;
  -3.717632118706653, -0.7424121207404538, 8.820315326805197;
  -3.75270340555133, 0.6501215582378013, 8.933168868563513;
  -3.515472005373693, 0.8185385675646897, 8.453638951003075;
  -3.879243906644756, -2.109074541682978, 9.184274104586374;
  -3.840076291717604, -0.3582808455532545, 9.155588665162014;
  -3.921179665060846, -0.539937536961803, 9.343891484458263;
  -3.859999160235112, -0.3109390364286742, 9.299007024967708;
  -3.828771765477947, -2.078054632200374, 9.229218649735875;
  -5.074771381487895, 0.1318812804691421, 13.07339418562923;
  -4.874614393571576, -2.28782858440432, 13.43360889220797;
  -4.832757833300604, -2.651780448646327, 13.32850109561838;
  -4.889334962503313, -2.519931089232006, 13.48324660485944;
  -1.805694454924712, 0.9459085324189425, 5.615633681258271;
  -4.003294322055818, 0.7613174276913556, 11.28265110428593;
  -2.798248040795666, 0.791658447335056, 8.225002414005381;
  -4.769418262473289, -2.64803176536943, 13.40117320025765;
  -4.156089640599858, 0.1903177309721237, 11.86545594587088;
  -2.700787333426053, 0.8820002906429967, 8.101962327564095;
  -4.621834806785992, -1.024566125514427, 13.13731843322894;
  -1.941012770603119, 0.8917762806662068, 6.09991935766797;
  -4.642206350462427, -1.115142237215027, 13.25060806414138;
  -4.03619305367995, 0.2865234041820523, 11.75428794928827;
  -4.274841538471139, 0.1407675735960466, 12.48438690541496;
  -2.551537091452714, 0.5769364473546712, 7.959190579298761;
  -2.448437688496646, 0.3332436425976405, 8.026860762471378;
  -4.361144278143913, -1.10951374851539, 13.88453774204356;
  -4.328126309297574, -2.195473921859155, 13.75411074262044;
  -4.348235962207953, -2.090128800230795, 13.85677816245829;
  -4.331838821001586, -2.847356359845209, 13.88995180240446;
  -4.422731528316935, -1.051129473581495, 14.29651352133279;
  -2.316826255593932, 0.420762740112996, 7.975654253997725;
  -1.959004903378216, 0.9634212427340517, 6.931454074225663;
  -4.364446334901775, -2.200256702641321, 14.16835279443496;
  -4.442149084177872, -2.853988376240707, 14.47560728456466;
  -1.944581510111463, 0.9851047223032613, 6.927522258751185;
  -2.291866871437783, 0.4238181094759285, 7.993652358015051;
  -2.270720188109351, 0.3593160589956104, 8.001614800068412;
  -2.027144379546075, 0.9614340738341868, 7.257662588570383;
  -4.476171816068204, -2.127147484370262, 14.8269386002593;
  -4.326076228390534, -3.088328585515647, 14.36801506413209;
  -4.356312301012573, -0.1943768347648829, 14.58062962947338;
  -4.233411225242663, -1.080179090767751, 14.22877912283717;
  -2.228125378838763, 0.4692511053871016, 7.965487512961254;
  -4.372858963050013, -1.981239491109185, 14.68769985003434;
  -4.442228123159347, -2.188996861161002, 14.90857975002034;
  -1.993707743245496, 0.8925991123159007, 7.267785758509042;
  -2.22184554434828, 0.3151261763302964, 8.010989102869287;
  -4.377875879823058, -2.820774750708613, 14.81200500341909;
  -4.296959328585623, -3.203661847047302, 14.54051237023555;
  -2.221677334211887, 0.3882927571831692, 8.046400550199021;
  -4.339016218071616, -3.092669612531569, 14.70784765331027;
  -4.662021202755225, -0.2766621716722571, 15.83642012570504;
  -4.304996331144782, -2.886333867829748, 14.72901428109197;
  -4.232724141835108, -3.320910198882597, 14.60632461423923;
  -4.814289683382175, -0.3130188477549514, 16.64775498317167;
  -1.995631105560765, 0.943950359142511, 7.481250991991947;
  -4.216833425064078, -3.236876937636394, 14.66847648763316;
  -4.229631976844093, -3.331815043499955, 14.74171784369696;
  -4.535892682539713, -3.742970766443682, 15.75060368785257;
  -4.779450652925187, -0.4519973197008053, 16.64890979587555;
  -2.098404892105191, 0.8846008233331869, 8.112714849243762;
  -2.086567738684011, 0.4157333043190926, 8.090808515993764;
  -1.973804981207922, 0.4122314202889708, 7.988448379346296;
  -4.774765133714047, -0.01569590999045622, 18.14154071082112;
  -1.972086973973909, 0.3775410751169308, 8.139978937710922;
  -4.264350502116201, -0.124973376721106, 16.81901590910174;
  -1.857647196642336, 0.5282034826184541, 8.111314628841356;
  -1.816979644848266, 0.4081941685546103, 8.081768355653813;
  -3.004916990685393, -0.005197377969342849, 12.92716346814098;
  -1.808496049400604, 0.2951674507007286, 8.270522635276711;
  -1.749996921162594, 0.09636024900361701, 8.632447160043371;
  -1.869380631868417, 0.3217057036613039, 9.574809526436216;
  -2.289529747032392, -0.1438648595809908, 12.53766310027629;
  -2.401354933376532, 0.4402253235942062, 13.91673773621345;
  -2.357105004268369, 0.0978548496274837, 13.70749069279754;
  -2.378530460791235, 0.3273548041522055, 13.95101417261808;
  -2.646102576190701, 0.62572152941313, 15.91055819888697;
  -2.488246353315391, 0.4533481482669097, 15.03031800689857;
  -15.69830854280831, -7.465090581627546, 95.77389645222168;
  -16.55318252089871, -4.636271839722761, 103.0605260226437;
  -24.06266008739925, -9.930782910449491, 150.6288203986113;
  -22.87961868018572, -6.140350079766682, 149.8769045934795;
  -28.85343158028612, -7.384416003237536, 203.7729221515178;
  -23.83159599858513, -8.607668248657165, 169.6123203981446;
  -45.53773821996081, -8.290213482389312, 324.5855343270322;
  -31.14639929928039, -7.115773034535333, 223.3826658522453;
  -47.62533762547812, -22.82264925481763, 344.4690131553332;
  -27.2532116911907, -4.310958552631286, 203.6431807913043;
  -40.04262785622355, -9.066385219667875, 301.894662516127;
  -34.29234903386813, -9.402734928222142, 262.6977734862674;
  -11.54055520226685, -1.447318033574311, 89.55669176992318;
  72.49157255343688, 39.27671177304217, -571.7537176630979;
  -45.28371463513451, -10.51348306551643, 360.6873184900986;
  -85.9846530338873, -40.87717763635865, 684.8850737865284;
  -26.41742848472398, -3.815439902906234, 216.7891517531865;
  -14.46375334001879, -1.851839677672867, 125.5333651224991;
  -19.2717342538628, -13.33918151760374, 195.9949308905678;
  -6.611984998878524, -0.3180227937376769, 68.82521831156817;
  -16.41872310157861, -4.161033625569188, 171.8118168667249;
  -10.36775294773001, -1.265046966166392, 108.9501091202334;
  -13.67626163417804, -9.620058916571621, 145.267281797999;
  -6.302339832535447, -5.513167915128903, 68.95135054274709;
  -7.172453747199394, -1.953916283742898, 85.44619903885746;
  -8.181840827203549, 0.2032240810553591, 97.81345833151387;
  -7.436984187250676, -7.418009398053464, 93.33058124668722;
  -7.067790045026571, -2.189295071086983, 89.19748566180913;
  -4.034027138928161, -4.748635151821087, 54.65463413791005;
  -2.602806265553176, -0.1913099087763836, 36.58427064889129;
  -2.093808080892278, -0.2291537546612925, 31.47034654605825;
  -2.963757689037359, -3.830940271473261, 45.73912038755827;
  -1.910982924479973, -0.2475848658273991, 31.49526850888794;
  -3.671319165007533, -2.992004348238169, 59.65241924131632;
  -2.933537810151715, -3.366498444344571, 52.89273979018117;
  -1.445830110910909, -2.85715473524003, 26.4956266860478;
  -1.622848681971094, -0.1203334671294366, 30.77662589153363;
  -3.059421292111323, -1.11079314985549, 65.42983250928759;
  -1.253721744115832, -0.1635989223553182, 27.78306594548667;
  -0.8493863363605646, 0.01062420648102288, 31.92069126714115;
  -0.5453247388956806, 0.1302673470224996, 23.9920334787953;
  -1.127186212155275, -8.166135781642517, 46.9202266075415;
  -0.6739405066280607, -2.830726924759272, 31.48986983798629;
