m=[-3.571354194529341, 0.789096615944531, 6.332221097758146;
  -3.4673692070176, -0.9584393599746766, 6.430883696498074;
  -3.501726222318535, -0.5550454965060525, 6.54519856727744;
  -3.447936868126404, -0.5516742249413772, 6.553180057262648;
  -3.576812661164816, -0.7024126541920259, 7.928690653093436;
  -3.522524494527207, -0.1252459608111321, 7.882198224616321;
  -3.581665896802185, 0.5835704080112282, 8.082323008330796;
  -3.842307229114981, -0.4830095681623082, 8.570726414138063;
  -3.594067055561731, -0.6972687921417856, 8.137861279431;
  -3.550015920788507, -1.023686854634722, 8.103399285261505;
  -3.769668329154929, -0.3272367603622851, 8.592827064812859;
  -3.514898946633488, 0.718599043916698, 8.114307824845312;
  -3.786270959197655, -0.4942144355680909, 8.640562135947771;
  -3.734245758469929, -0.2742912303514443, 8.612398279364436;
  -3.716252783080048, -2.006646088327356, 8.573096424093853;
  -3.646654734623002, -0.2709541054657344, 8.602870457247986;
  -3.45212402946418, 0.7807273100929363, 8.709199301093316;
  -5.014694562701447, -1.058425682948163, 12.30688058280031;
  -4.975246447972332, -2.087530118460222, 12.27209271251438;
  -4.879997970865022, 0.1604143384711354, 12.2377433585756;
  -1.768759014951376, 0.9641840366854122, 5.084623232245598;
  -4.799395078751736, 0.2281267928249341, 12.19267445250313;
  -4.979505225370634, -2.193351621962482, 12.58646411819095;
  -1.74560733577421, 0.9784961238968605, 5.129097877157524;
  -4.910809802963776, -2.568945974549382, 12.62344632973701;
  -4.107403295774001, 0.8583849419884584, 10.8587987310787;
  -4.872018841348353, -2.535124272562426, 12.58223877916262;
  -4.725343944927065, -2.383568395192838, 12.43346006866044;
  -2.751223743650954, 0.820162839540752, 7.70730849244576;
  -4.765976309073048, -2.185239828473822, 12.61464960436091;
  -3.905991919499812, 0.7891521668796597, 10.65219850469063;
  -3.964514323137697, 0.2777683049548571, 10.86668939564101;
  -4.706326663277975, -2.200998682776458, 12.65180607068355;
  -4.717746714826212, -2.417824063558796, 12.68365975085903;
  -4.772331020885877, -2.392397108595093, 12.83843514685213;
  -4.697061351166951, -2.564680273711196, 12.6275009317355;
  -4.648276540978707, -2.234848562525479, 12.54749555201304;
  -3.856809820591185, 0.2407576781579719, 10.74489552046743;
  -4.633832983726567, -2.216726523407943, 12.69616675941107;
  -4.644018895245932, -2.572988695744658, 12.72889129628309;
  -4.061808860162786, 0.2019472709747673, 11.37736991280254;
  -4.51658819751374, -0.9708661611419239, 12.50531445838471;
  -4.467558044457803, -1.048599283217528, 12.43071177287014;
  -4.441374695386702, -0.2655417671933508, 12.44019708143263;
  -4.540853066097176, -2.138823072859762, 12.65196738135564;
  -4.358718679735249, -1.972234420226176, 12.3887985154703;
  -4.241050108931947, 0.2404339752235121, 12.17303776356726;
  -2.324425844873815, 0.4170997907411129, 7.309436909191141;
  -2.257356128401212, 0.3354881889345278, 7.247908709646803;
  -1.875510465383142, 0.9321097933962019, 6.256015738274715;
  -1.88604761739909, 0.9660409829178954, 6.291949667854223;
  -4.130773781398388, -0.1711482122947341, 12.74154961648743;
  -2.195943003674084, 0.4343151679775039, 7.300038066162178;
  -4.160720365939471, -1.03138855964045, 12.95316339523677;
  -4.049143826943845, -1.93389733898738, 12.62159191920607;
  -4.148908731645398, -2.095895797762577, 12.89561202033885;
  -2.165765712972492, 0.3738899924930829, 7.271033775430841;
  -4.029894146782879, -2.900548418832598, 12.59703513478925;
  -4.190029090955479, -2.746398508950165, 13.13272586040557;
  -4.26200928353188, -0.9773025393962648, 13.48402127896966;
  -1.944713689659164, 0.9013540466164286, 6.745125947943428;
  -4.219029983971829, -2.128101574089486, 13.41511678788924;
  -4.268176512296252, -1.947834622894597, 13.61648460995748;
  -2.151758677493011, 0.3342491659521961, 7.379007710977032;
  -4.233746156073853, -2.710759894393103, 13.51472109827516;
  -1.955857798300941, 0.9430293082985569, 6.865913364927621;
  -1.904983934879364, 0.9416140828879135, 6.783066451381891;
  -4.176482823837873, -1.034274249603538, 13.74426729584674;
  -2.059567239489128, 0.339625041136279, 7.309196467509644;
  -4.151336561126229, -3.099646062194992, 13.77327714220255;
  -4.147011381858567, -2.963478666653425, 13.78587655010407;
  -4.501990569961164, -0.2294828302402247, 15.03305066381713;
  -4.428379917712485, -0.9954509615263901, 14.7852776268905;
  -4.131626485791556, -3.025589369295012, 13.77271039885586;
  -2.118147092857209, 0.8636471491282992, 7.608239359789558;
  -4.02199861004153, -3.094238075605938, 13.72564293611285;
  -4.413065161209063, -1.11801604959339, 15.0684739718889;
  -1.963559110457865, 0.4231967364477335, 7.267141579924594;
  -4.545829041267376, -0.3870220284380243, 15.59496206380856;
  -4.489990483344016, -1.069161881634511, 15.49947405275922;
  -4.677120671874264, -0.37748500499257, 16.90821955698282;
  -4.625734318323196, 0.04136695779458027, 16.7569784830495;
  -4.754674680210425, -0.2639813334907447, 17.25077418552312;
  -1.851966601888283, 0.3870861444119437, 7.310780084377698;
  -4.612474360015899, -0.427027530917969, 16.82609970169931;
  -4.431346358237639, 0.03964845583664221, 16.63454426702824;
  -4.825973429661336, -0.9462293827538637, 18.27502765045857;
  -1.77616530587458, 0.3640329024360725, 7.341478111377231;
  -1.743925662867639, 0.5305378049140359, 7.292146657674591;
  -5.007358192754611, -0.3635061509612389, 19.44507202928502;
  -5.069235556377255, -0.447346716698512, 19.75640518285573;
  -1.682081138285581, 0.3988328227364342, 7.282450537666632;
  -1.688459608325222, 0.3690224194192001, 7.310277959703315;
  -1.731840731005005, 0.6811768762543609, 7.533137822094141;
  -1.694924468837638, 0.3057400182496668, 7.420205436004864;
  -1.646385109377927, 0.3279909908484454, 7.311691830510333;
  -2.827035095582123, 0.03514420252703833, 11.95115166167008;
  -3.104579982269963, -0.2434055783485318, 13.2231097412331;
  -3.054615241897274, -0.1492703523006726, 13.08277779878119;
  -2.620201464324718, -0.03302370760704132, 11.84524502324095;
  -5.823905492460108, -1.24553959990147, 25.62751458633732;
  -5.84307305964431, -0.939683464448937, 25.82446284136879;
  -6.078653985893855, -0.8624229612200887, 27.39367779756348;
  -1.735837403013628, 0.3341908065369891, 8.623174664701203;
  -5.888765771099226, -0.9556373971460492, 27.6163216892593;
  -4.951174918516609, -0.6209828465178429, 24.26483346951961;
  -2.830019644135746, -0.1203566337091087, 14.40223093425877;
  -2.464055534973713, 0.07262791485545767, 13.04588335813166;
  -7.298140100504361, -1.627359507846034, 36.97826691926438;
  -2.171257040312884, -0.1036625749900202, 11.75184130459071;
  -2.342006626806115, -0.2792713394828548, 12.85280721993726;
  -2.236032886989404, 0.08118975922794744, 12.53006134154602;
  -2.189709576651167, 0.4469109989272657, 12.54109302777017;
  -2.263149907673056, 0.006786205328629985, 12.93774296282657;
  -8.742764478133712, -4.762186050778059, 47.3421824701484;
  -2.261611381947644, -0.08382691285295044, 12.95411415287083;
  -6.850106471204123, -3.210505179398952, 37.38093674324914;
  -8.007899854332889, -4.912514570416972, 43.62470765861051;
  -6.786694117903882, -1.611270536590801, 37.22558758033321;
  -2.191216418761047, 0.3459038980998301, 12.70292666864019;
  -2.331728939096868, 0.4716677296410439, 13.97650480632739;
  -11.6097594990109, -7.784276966434399, 65.71329970179937;
  -10.04159185289902, -4.916916901059969, 58.09159595003979;
  -10.31902572069147, -4.222654813684866, 59.72811629375836;
  -10.82966355449073, -5.939796857857853, 62.5795702571485;
  -10.21876568206993, -6.682578237286142, 59.16070474786375;
  -4.849163750724665, -1.299392515639523, 28.80646626615316;
  -10.72565500732896, -5.601172023680758, 63.77080775890291;
  -11.1305735097893, -7.17843019885494, 66.87196975932464;
  -3.502288755288877, -0.7037714796851736, 21.73547798110352;
  -3.611859055328226, -0.6052382877696939, 23.03254752599003;
