m=[-1.772011673555272, -0.8018004079677324, 5.036593825796309;
  -0.7394105033715751, 0.1333790295386174, 3.237063324904085;
  -0.7272978054031571, 0.1448914512633161, 3.229971767737644;
  -1.965249830616446, -0.5789505203482538, 7.394640015697436;
  -2.412226352762278, -1.374781976302682, 9.770325444828368;
  -2.18739083582691, -1.681065492617998, 9.008805976066929;
  -2.301435807856362, -1.359231497028453, 9.507891525977655;
  -2.96226685570023, -1.648747994932453, 14.12502308209142;
  -2.981796546401435, -2.331004197158867, 14.20840225983698;
  -1.104491457478176, -0.05273186288444647, 5.978015541029262;
  -3.050430523502048, -2.286694828091795, 14.74998324641781;
  -1.01260670839798, 0.2048325168337777, 6.069617394003523;
  -4.054978462272449, -2.208747807119411, 21.95776070069814;
  -4.395784405037311, -2.616395253016342, 24.57153328452678;
  -4.659900936411829, -2.281744369533769, 26.95798498194252;
  -4.124086082623503, -2.261957024966351, 23.83116829580974;
  -2.233316379255499, -0.9715392047191335, 12.92429383311768;
  -4.460639445723994, -2.329443642746638, 26.52132484036364;
  1.466509479236278, 0.4204805345994144, -9.896488335095322;
  -1.634559268801322, -0.1455664691454107, 12.07486443670444;
  1.833805904597222, 0.4558835288773236, -13.29652474551559;
  1.433153609668063, 0.5080884212943034, -10.48763042213273;
  1.15441456294531, 0.1981848211805908, -8.471113381893042;
  1.195062963330618, 0.2609134725924801, -8.826493696595861;
  2.266795410001951, 1.086970531167512, -16.88470786601133;
  1.125606754459643, 0.2436501755429647, -8.745406383860372;
  1.751458072793276, 0.8474002498265828, -13.79912311308304;
  0.9944823999362966, 0.2217562093025655, -8.178079767170461;
  1.665212671754187, 0.7896840954657862, -13.69694535101177;
  0.793699533764614, 0.1736194515373533, -6.782438740430699;
  0.5393383465951837, 0.06066786740404759, -4.828143180228386;
  0.3667975032112643, 0.04527925240260398, -3.487833500520686;
  1.070267253399104, 0.5198691931530978, -11.30730424001453;
  0.1526025171388795, 0.01584194189751576, -1.670016941082632;
  0.5097047239162876, 0.1230151226846941, -5.558772146677505;
  1.190521976842652, 0.6809473066539747, -13.71500102798806;
  1.544246941782292, 1.281729985800741, -18.31974643618527;
  2.983710891382045, 2.382130016321477, -37.19780565030472;
  3.108274276820599, 2.816635104536182, -39.87230401861387;
  0.3776976159761037, 0.1122182464219519, -5.013934872943041;
  -0.6766074560054997, -0.02912064661343204, 9.950831725503909;
  0.5506398326052405, 0.6698411251380344, -7.8513279833084;
  -0.6361206902347313, -0.0511622360336208, 10.03025946968472;
  0.08646739395527156, 0.1172079690977991, -1.41631929389266;
  0.7372940788690736, 0.6138919953348906, -12.70643768503233;
  -0.3918148380138923, -0.01832474769957953, 7.388957478756687;
  -0.3882453742701297, -0.6623525099131589, 7.101791672612691;
  -0.4055762437870976, -0.8442033923464758, 7.888238796696446;
  -0.411878298144973, -0.9628775143825699, 8.571312434617962;
  -0.4403980320246437, -1.186212742617021, 9.442129477466079;
  -0.3740052359600194, -0.9167415377715722, 8.151807776920419;
  -0.2719680672178943, -0.02336511246572532, 6.475586659922563;
  -0.3113486442394163, -0.7193327876255696, 7.168067148237982;
  -0.2974861155203913, -1.008887929203074, 8.285380049022967;
  -0.2551546627747781, -0.7881019640457336, 7.140179606643785;
  -0.285039375083895, -1.198511075485545, 8.867238586528353;
  -0.1355194572763126, -0.3771083191786638, 4.277803160374528;
  -0.2043427802380247, -0.7352939810035598, 6.944567788053515;
  -0.142322712265041, -0.468310885599337, 5.059627688099579;
  -0.1414758188347394, 0.01673955682240383, 6.236931985189475;
  -0.2105733959884847, -1.414029709356265, 9.373428968838944;
  -0.1292475681096375, 0.0542430089925841, 6.825991404237946;
  -0.08901621978684576, -0.4436550551290975, 4.988103764278872;
  -0.1512405162917565, -1.5204058633526, 9.798671107551806;
  -0.09565239747402581, -0.6999328391127154, 6.518325884063267;
  -0.06722904867588464, -0.4485920403229172, 5.104671751516735;
  -0.1147455523015819, -1.650462675565976, 9.471779262324819;
  -0.07106635613498549, -0.8420344798190891, 7.290376643871054;
  -0.09468676752131254, -1.75754920760399, 9.546765329893274;
  -0.08564935934967129, -1.679059164575418, 9.491758599122186;
  -0.04624797143045889, -1.541473564933573, 8.779620642662865;
  -0.01325551172953051, -0.3414477693397478, 4.607618302712897;
  -0.01930651661131924, -1.215151616644159, 8.350915385590573;
  -0.01177069230827676, -1.846871879237949, 9.539126010788904;
  -0.0003818189984366081, -1.278424017962598, 8.500876644953367;
  -0.003751021897103921, -1.711207392428307, 9.334153683777403;
  0.007386582509922033, -0.7648186010832063, 6.887596083498302;
  0.01025090690008574, -0.81577657469901, 7.092732080877869;
  0.01914187897997443, -0.9108931697070227, 7.591353502322483;
  0.02416922414349887, -1.925592894523054, 9.791846357407312;
  0.04368413208298169, -1.73296561112809, 9.279972200617328;
  0.02920119662205587, -0.2455764197719402, 4.373119891917673;
  0.05339576021753437, -1.413772927516878, 8.660844223505633;
  0.06587740709279563, -1.799879559658652, 9.314478865063101;
  0.06650820416468342, -0.6281394221352279, 6.293717957528127;
  0.1075777796471336, -1.253446439520183, 8.189874961073889;
  0.1087041920921452, -0.9364405762247366, 7.59108359130527;
  0.133080216580628, -1.878446023999484, 9.550928600614775;
  0.1300034110976283, -1.650033497402974, 9.087890605588457;
  0.1283576984937098, -1.316590639209256, 8.402418934994531;
  0.1340463103356314, -1.41292748218892, 8.580602357458252;
  0.0909082352856124, -0.07277165837366022, 5.292366065415135;
  0.121204271543227, -0.8512839538239196, 7.160545518678546;
  0.1301331882938745, -1.132759315916383, 7.913682098251372;
  0.1573748655648004, -1.093138714901758, 7.898375926435659;
  0.1644523840253792, -1.197125795102558, 8.151976161525949;
  0.1778580452146203, -1.583000773284462, 8.747542604144639;
  0.2000275294954503, -1.784449467233326, 9.382989557697627;
  0.2168376421179563, -1.876228721512733, 9.495585534093134;
  0.2090074472427767, -1.188453140478603, 8.233911034699297;
  0.1913607701670908, -0.7752125011696877, 7.048511589014869;
  0.2380773924140666, -1.140812615640036, 8.253286769485007;
  0.2260837305872858, -0.9793165955680452, 7.732720928000128;
  0.239257112380133, -0.8341169993878703, 7.293230492277305;
  0.2301355048447033, -0.7243253268631664, 6.792882133901928;
  0.3178751296293331, -1.833786450653777, 9.476013322673731;
  0.3125822696692915, -1.719076972772359, 9.278798493389044;
  0.2671488545648594, -1.023440426341401, 7.641830179402204;
  0.3217648658356476, -1.14485478906071, 8.143663526354411;
  0.3651774096418254, -1.340634288001285, 8.278789275215178;
  0.3806183988342472, -1.225977804374491, 8.357831835273332;
  0.4511098582553395, -1.133773384575895, 8.123437815177477;
  0.4636650539267713, -1.197525612428933, 8.278744908131101;
  0.5362318665463154, -1.238097301686669, 8.628042781206734;
  0.788094992944305, -2.307034003494851, 11.96875833529747;
  0.8779532200781476, -2.222040541872684, 11.86758971519024;
  0.8308637582218396, -1.835025274917713, 11.10685526039206;
  0.8928731716446762, -1.809705972268301, 11.24969687081051;
  0.9619260813274588, -2.120304303314413, 11.63515405890789;
  0.4264292164432286, -0.6300517124108034, 5.023159796472475;
  0.5051456448299205, -0.6201946249646768, 5.11202123309637;
  0.9788151250379719, -1.302271184430582, 8.331805081173046;
  0.9953633101932845, -1.470575882364487, 8.435184971895687;
  1.016119970390069, -1.846313740478415, 8.558979990489561;
  1.023094845250736, -1.707263348654162, 8.303695749807991;
  1.08156959576576, -1.730115204508514, 8.460657611720865;
  1.036036763543609, -1.274590090904253, 7.748800910479678;
  1.138362277511851, -1.358426503904106, 8.026030535669422;
  1.461114544751442, -0.7421303299973218, 7.537763157299655;
