m=[-7.176891890968761, 1.437210560693168, 9.962587079466138;
  -6.887981063506373, 1.552440604512157, 9.638829126275089;
  -6.803569065334244, 1.417167383249281, 9.738895029960721;
  -6.882034597841694, -1.337864304026267, 9.835267169322265;
  -6.902838263621709, -1.829173448429136, 9.898611277962123;
  -7.022344628875734, -2.077170919546933, 10.09789134844258;
  -6.665365515378179, -1.186546470013762, 9.976675724324164;
  -6.636314813351113, 1.732035486121205, 10.7839667920086;
  -6.860510743446896, -1.052837206696861, 11.55050983278503;
  -6.682824218466659, -1.304727087717173, 11.35452673460238;
  -6.780610588907462, -1.071459607854934, 11.56457207622373;
  -6.858672793684415, 1.285779795479364, 12.1090535147901;
  -7.158444822966087, 1.581670222987393, 12.69234381864417;
  -7.343731566881851, -2.025879050732077, 12.99482753637643;
  -6.846508925908453, 1.512496924486432, 12.49868689272014;
  -6.99353004854521, -1.928853972063783, 12.94279203206799;
  -7.070866229650966, -1.120776499359205, 13.21640259045702;
  -6.939854463074263, -1.110385421355718, 13.18995028248185;
  -6.584259245029441, 1.713086979153929, 13.42909004410481;
  -7.145118971291564, -0.5412295902494797, 15.79336751326573;
  -7.271663353353989, -1.076073412827606, 16.09392143268384;
  -7.271904149416897, -1.032783340501894, 16.220922182774;
  -7.1144243267446, -0.2529586130076907, 15.91963459290583;
  -7.190536459609396, -0.5399915516903034, 16.08672447550914;
  -7.287239440283115, 1.41837239334425, 16.3251870684006;
  -7.741506440516106, -0.973170925642166, 17.26835720792534;
  -7.037993604694418, -3.585871953714141, 15.78300307233587;
  -7.642522099222187, -0.7181287310515442, 17.12142245088295;
  -7.244051147896713, 1.180292636397674, 16.3467958634681;
  -7.183107424613823, -1.674630965023805, 16.18244571968043;
  -7.760966294746812, -4.223528346694032, 17.39797154826687;
  -7.259488201451374, -1.408380670572217, 16.43728595760549;
  -7.587675519845351, -4.105252574875324, 17.18394324159083;
  -7.174093164793582, -3.758945702548684, 16.34011085463611;
  -7.184651846015535, -2.071774835381466, 16.3999553615871;
  -7.538876776334308, -0.6544335993642042, 17.1846058447526;
  -7.620898969978777, -0.9947408211290909, 17.3914787904762;
  -7.011514453682746, 1.433460153285571, 16.18640747837876;
  -7.52762924109359, -0.5529262988344629, 17.36118759099875;
  -7.468497054556809, -4.032726317338889, 17.22922231859309;
  -7.521558648244832, 0.1674796058551858, 17.7312111700488;
  -3.475408949754559, 1.889116837936462, 8.906343987012576;
  -7.117771296977748, 1.640342542383208, 17.4846846211305;
  -9.892229070726362, -2.087901701519158, 24.27714795964594;
  -3.8364609483147, 1.83683016835082, 10.0763457101824;
  -9.890876640441473, 0.3791678296404568, 24.49735374368219;
  -7.947190806630981, 1.338274459736627, 19.90050234124872;
  -9.775383130648926, 0.3213344816057338, 24.51407371454821;
  -9.648038709539071, 0.4585944877933263, 24.51046291466253;
  -3.567844235091688, 1.878778214701576, 9.725522017085645;
  -3.570917338646992, 1.978770853837707, 9.963252605558433;
  -8.308580134671768, 1.736367131088532, 21.96550787118121;
  -3.962127164459291, 1.932296596730416, 11.25857660610181;
  -3.578429608108134, 1.950669749454336, 10.28685432359044;
  -7.908101315391377, 1.597723553341133, 21.56652311189147;
  -7.881950076742761, 0.443919072716685, 21.59039355034139;
  -7.959537411982279, 0.5576741650919992, 21.81700297668255;
  -5.433387212880906, 1.619738232895311, 15.22115077162408;
  -3.543743359716888, 1.986437081527441, 10.41254019218101;
  -8.389278060312392, 0.4171027904204921, 23.49887035051357;
  -7.712390029557517, 0.6442343393826253, 21.81589441023945;
  -5.253185442394792, 1.302893941756548, 15.24150755428657;
  -8.33222921482689, 0.4874476194789065, 23.58814379817527;
  -8.255579598543337, 1.477283425798187, 23.4093469763103;
  -3.641514869623546, 1.81888068878857, 10.88590055507595;
  -8.113344164022932, 0.3286780903109239, 23.06179727592123;
  -8.518256109583184, 0.4829177033503232, 24.44985337082174;
  -8.415483517589525, 0.8315333661009157, 24.41174025251876;
  -4.927264398902964, 1.028109198653979, 14.72338152023625;
  -4.839172086382874, 0.7185241903220002, 15.08332985046577;
  -4.59784042938091, 0.6833308839733033, 14.76272497476;
  -4.482411815021894, 0.8888044766658236, 14.7002944039847;
  -3.796791117593856, 1.886966908215022, 12.66470404992191;
  -3.837617411468958, 1.965642681572781, 12.80248461104169;
  -3.504771902293169, 1.934951579112451, 11.81051171006008;
  -3.835804340041512, 1.805237513656566, 12.84625549383849;
  -3.795996515268151, 2.002286250416879, 12.75508636046549;
  -4.37296944884054, 0.8648890055689049, 14.53719125919449;
  -4.400424820220497, 0.75967349244831, 14.77336043433513;
  -3.801391335339978, 1.87752491888095, 12.91768367558291;
  -3.898440448851873, 1.824471263271803, 13.45427324545437;
  -4.428708017440139, 0.6879451569354615, 15.18733069473714;
  -3.923675566397962, 1.818581762543487, 13.60903973420425;
  -4.995454593887152, 0.3166857890512876, 17.19653258527648;
  -3.972934824816641, 1.915575857824, 13.94673290429973;
  -3.86481381622125, 1.910337956379756, 13.76142258087216;
  -4.194190486567102, 0.6916269055081084, 14.88475913808137;
  -4.007981298669233, 1.771599802191444, 14.62817864545328;
  -4.050236050349462, 0.8729284844147967, 14.98994283046604;
  -3.792143459277662, 0.7926094289238744, 14.96977691224188;
  -3.529033157612942, 1.883580026553104, 14.12112153338791;
  -3.910943763623314, 1.653364115588405, 15.7497748234583;
  -3.692078315723835, 0.7567077123108382, 15.26057966042212;
  -3.535961381066801, 1.075711671268849, 14.78546334607711;
  -3.532544929855446, 1.389439500681289, 15.36581704248187;
  -3.541362037623544, 0.6388108224989099, 15.50371967929427;
  -3.28304788165512, 0.6540451086282091, 14.58020619765077;
  -3.507230839434613, 1.626343093390721, 17.40535912069473;
  -3.515919172685384, 0.6768997268976159, 17.46614347657295;
  -1.674994097944187, 1.7504935962785, 13.85542140629957;
  -1.620270904692523, 1.805906511211906, 13.76918356931489;
  -0.1756910006033472, 1.847971087397582, 8.842462772734129;
  1.316946722402143, 2.344914340501209, 30.99582571019517;
  2.177104555076475, 1.663186623471199, 31.93060925339745;
  3.406083269818576, -1.663574856059384, 35.45879483800028;
  3.781703506334607, -2.295865597205919, 36.54724591208858;
  4.029274874540526, 0.06155168174807788, 35.89831360593058;
  1.996490073172592, 1.838870166846889, 17.50838967144784;
  2.048038565175378, 1.725102666371354, 17.15179799087915;
  1.948090697514718, 1.767032491211008, 16.16856550233036;
  1.969312971616528, 1.0597378150736, 15.47723845291207;
  2.466587068042184, 1.215202810436634, 17.58964642168314;
  2.047148810465425, 0.8328312511168898, 13.61615559612358;
  7.685088234882518, -9.096827395562679, 47.00376861887397;
  2.020329721026001, 0.7213141033618342, 13.0597832970971;
  2.104194193595601, 0.8013169255325853, 12.968621071548;
  6.024290210469629, -2.222519739712546, 34.32937702755638;
  9.134346383432838, -5.010788126737249, 49.49331193061546;
  7.545137947624371, -2.946611559811947, 40.27744493906332;
  9.734396859250293, -4.851352312918945, 51.57166109272259;
  8.122878251465254, -2.435189945339327, 42.45185738174217;
  8.751655491150864, -8.639023738302278, 45.57935216742152;
  9.30262101597774, -10.14057407415924, 48.23941683982029;
  8.419125321700186, -3.162813918253179, 43.64830001871908;
  9.877654910182802, -5.017065448034849, 50.95796460992862;
  10.60015634650912, -12.96292078790185, 54.68358619206304;
  9.853027784952767, -9.384011095410996, 50.65905537872216;
  7.525980053099297, -7.815753923123107, 38.88566317931107;
  10.60749631824831, -4.828346011867673, 52.83966266846881;
  9.997419677625596, -4.888966436632128, 49.79524416437593;
  9.572817138451951, -11.58761180526137, 47.40992964409571;
  11.38773519336923, -10.34355091869419, 56.30841686205454;
  9.209201636931063, -8.931895245612543, 45.55089318558277;
