m=[-2.557084243915758, -0.3337711325801903, 5.835463318528368;
  -3.352217770032686, -1.406534456485624, 8.268681299826957;
  -3.301854519929087, 0.1085379157336955, 8.280177258984077;
  -3.299948838685137, -1.726271353503206, 8.482659424292731;
  -3.310348463996261, -1.722518942351648, 8.549144856079394;
  -2.689529495940072, 0.188438226809609, 7.371970251746927;
  -3.176808898504145, -1.485692069697961, 8.540072328830251;
  -3.154604518054846, -1.722471003451006, 8.480785860099083;
  -3.124406385399801, -1.494649144400316, 8.560512351764416;
  -3.131059268660875, -1.734743179494393, 8.581987707630399;
  -3.123998730350433, -0.6641702567988023, 8.625176400576841;
  -3.025163564072961, -0.7100488260780226, 8.417335814456862;
  -2.953855259779746, -1.336561371301348, 8.395751216386422;
  -1.493416857612264, 0.2953690475067413, 4.964609687490722;
  -1.354124407713162, 0.633730616430275, 4.673345669568334;
  -2.720072106277689, -1.957793569658117, 8.502665986721848;
  -1.429363539509018, 0.5828045418223079, 5.134175986839148;
  -2.795021653338031, -2.086936998229938, 9.273304460633282;
  -2.778838026546405, -2.034942611832145, 9.2632118408011;
  -3.055896803107078, -0.1672938529733126, 10.41480443020636;
  -2.989780713609453, -0.7574379032428238, 10.20864891383942;
  -2.950416145695992, -0.03415706142442687, 10.14968428069806;
  -3.169104606827955, -0.2745911209747273, 11.2133989760273;
  -3.200872385661303, -0.1777136434207474, 11.61331330438702;
  -3.175867896104139, -1.380029405186149, 11.51478541600209;
  -1.191081278321537, 0.3623512517361661, 4.980452749602318;
  -3.10998248376975, -1.937298337467172, 11.39839724325502;
  -3.168950023942585, -0.9263114669449523, 11.65197903444465;
  -3.056044784000319, -0.9002920088534344, 11.49897112187701;
  -1.16183651129532, 0.2095786111402159, 5.086401049348647;
  -1.13849332146681, 0.2268093597635419, 5.056114921256012;
  -3.580763301847444, -0.6515556182079897, 14.55009435206095;
  -3.7040910004292, -0.9382466571006839, 15.25206506580537;
  -3.645572119028753, -0.8400265048811327, 15.12156841237804;
  -3.659325994761889, -0.6607645382618423, 15.37330876028151;
  -3.878038526008963, -0.8293834026567142, 17.06492130072173;
  -4.1257823573297, -0.8688100251698165, 19.06563334759657;
  -1.667908962713251, 0.04916153406903023, 8.830704288396477;
  -1.623462820848441, -0.07750917246788058, 8.78692714878418;
  -4.898526447684792, -1.092287004537526, 24.8198878069011;
  -4.61711625088735, -2.466193744251782, 23.54712663845727;
  -1.54846862431753, 0.0562244837774459, 8.677156298126475;
  -1.51345860924662, 0.1029767652085046, 8.712585294226809;
  -1.514883881349002, 0.239138514681038, 8.782089569756874;
  -5.980999788491418, -3.257852116878761, 32.3871910365271;
  -5.5002378049273, -3.374167865354077, 29.96369468368934;
  -6.039434868947961, -3.594705123369828, 33.75920227844451;
  -5.86060974025692, -3.929505121465239, 33.17209149161084;
  -7.627388760532796, -4.183430035985405, 44.07511908534012;
  -7.293548989387359, -3.571323632743969, 42.19389785405296;
  -8.81228593038623, -3.833528175447811, 50.99706148384036;
  -7.156571962349135, -3.737318665720409, 42.55035002635005;
  -7.068696294620899, -4.558807585540238, 42.4683997132765;
  -9.92534856809559, -4.686522425960702, 61.78596245497464;
  -15.3342709494119, -3.965629736166264, 102.7763435841904;
  -10.49023853253887, -2.077676085944756, 70.66996237371338;
  -12.61687418075261, -3.617535430633013, 85.14281695622518;
  -3.726574699221885, -0.267197395339606, 26.48583457314712;
  -3.355558812597767, -0.1576250412466557, 24.13745899277772;
  -18.62072666039587, -7.768808276559164, 129.7352742580897;
  -4.838378701260067, -0.4308841639295693, 35.74221383480136;
  -13.91858395937711, -3.460155274050021, 100.9206021064932;
  -13.85183416242225, -2.378022042184605, 101.6449908927711;
  -29.13468571347844, -10.32896708992382, 213.2038144178575;
  -18.21825317881167, -3.977520722594516, 134.5563386866354;
  -22.64256066656643, -10.85752868835619, 168.6579302686536;
  -14.63219738478357, -2.137753304599442, 112.568290209264;
  -16.51803425176283, -3.575513321256471, 128.3369361651873;
  -6.795811510845557, -0.7527558162293827, 54.28110505245499;
  -21.1352816426149, -10.22579028428788, 166.5174621913716;
  -10.14196378274125, -2.261521615152439, 83.40196751227052;
  -18.60698335183048, -8.82388121756151, 153.0488197935291;
  -8.53178685630682, -1.123787521684591, 72.33122502846057;
  -9.030402293076632, -1.975374088792898, 77.167930367465;
  -6.500371562610601, -0.7311990377229805, 58.19116112751694;
  -5.346292364727014, -1.914057402335373, 49.08496617755932;
  -6.182729031881204, -0.7632258832749307, 58.79082941744206;
  -5.064402759219687, -2.459971533162545, 53.50508726731261;
  -4.737035219135717, -1.14326381785585, 51.66147810371619;
  -4.266981666873249, -0.4429630448549711, 46.69602968922335;
  -4.375526280923873, -2.502686127719073, 50.40675317898064;
  -2.531767627013329, -2.021308323161937, 31.56344685183385;
  -2.405725357751003, -2.180004044381001, 30.86015078040455;
  -2.244955092890857, -2.323313038993545, 29.65693336946429;
  -2.775145376969541, -0.8245271735821907, 36.84004768500996;
  -1.182297479806429, -0.1939953782374226, 17.50513064987186;
  -2.500081274283423, -3.041293336479561, 35.64754474164416;
  -1.910102464887719, -2.589175184278128, 31.28711125180697;
  -1.021497255133323, -0.1036335649415302, 17.75682842465243;
  -1.228054637861577, -2.095079878871056, 22.46359848349579;
  -1.016205368347893, -0.04752680393710142, 19.16389459487654;
  -1.017403955162601, -2.378458384144213, 21.17248520058044;
  -1.000075506766172, -1.746417653222623, 21.26796847140529;
  -1.046623760787646, -2.819082628649398, 22.43960314290514;
  -0.8869213696273512, -2.049122849971806, 20.41926968471829;
  -0.7531493654335734, -0.06470399193132653, 17.93256110403354;
  -0.7478019593110366, -2.536079268316639, 20.82726927761861;
  -0.7605459362557988, -3.098445813064271, 21.47836703122795;
  -0.61003430823893, -1.697534931476677, 19.2563248419791;
  -0.6922706976776141, -2.910805211232742, 21.53572446249962;
  -0.5997882171080998, -2.158239529689905, 20.38373916284747;
  -0.5471827617735704, -1.800497191717834, 19.45255966429747;
  -0.3029780370769465, 0.03584865674829059, 13.3567236141073;
  -0.3072892949633426, 0.1289640976136752, 16.2289636603051;
  -0.3526280172345386, -1.757490969633065, 19.75982741538214;
  -0.2921930520745206, -2.138111724414063, 19.91178041301041;
  -0.2715035192887091, -1.811632323696151, 20.61514141055508;
  -0.2574754660287339, -3.7034432971963, 21.25355389182052;
  -0.2041652610229997, -2.419065767718431, 20.94439241579694;
  -0.2068374285419837, -3.839258305602058, 20.85432255657507;
  -0.1011867061338662, -3.372615658669312, 19.20907807322476;
  -0.06131343420226904, -1.579368323614743, 21.31256094800075;
  -0.0453943202171164, -2.857117247445417, 19.6350348823303;
  -0.02536266476871832, -3.979510390476138, 20.55424174396928;
  -0.008134731657515291, -3.711045504295301, 20.24270653449437;
  -0.0009084022752789689, -3.041554483783277, 20.22480735050059;
  0.0214606905005866, -2.222074317167758, 20.01095467930673;
  0.05247220403001759, -2.496963453818691, 20.80961071034763;
  0.0516029122386997, -4.111269793087867, 20.90624776517848;
  0.09576186549930188, -3.798908478999279, 20.34302634248698;
  0.1213846762498043, -1.020821666811006, 18.17835581029123;
  0.1420483423635908, -3.880995309112302, 20.08437097257292;
  0.2078067313764621, -1.962639072909071, 19.66489658510071;
  0.2574957779284586, -3.000221487137805, 19.60310234284257;
  0.29173040411283, -2.513133877101268, 20.37225833819319;
  0.2839810000881289, -2.058966099521422, 19.56967721043218;
  0.2976595211318034, -3.777963797577342, 20.80789375385109;
  0.3027759709796709, -3.105633817428276, 19.82000753733997;
  0.3239944321136147, -2.275590271488463, 19.14104882120869;
  0.1897065365208638, 0.536858480129619, 10.10667831134348;
