m=[-1.783719619634845, 0.4034034144519598, 4.50006127592161;
  -2.488191131472069, -1.044003343703799, 6.137447173963812;
  -2.441644897354487, -1.277274845088134, 6.276352486595774;
  -1.977761658299944, 0.1385691811540473, 5.421022573666441;
  -2.34419244649749, -1.096303944894858, 6.301787008722074;
  -1.16023669501906, 0.2081952770271669, 3.648503969560125;
  -2.298484963634734, -0.4886638825151582, 6.345981537322581;
  -2.249798969657451, -1.059695584850818, 6.268510071650145;
  -2.182574173624494, -0.9875718591180998, 6.203536788876985;
  -1.097865345026063, 0.2171365882192284, 3.649666132864723;
  -2.352533181376812, -0.1306135304873456, 8.535393356099313;
  -2.353891447053984, -1.022850924478175, 8.534534745175842;
  -2.332545090058509, -0.6818230794940708, 8.57658413067829;
  -0.8507728426101042, 0.1534671952693671, 3.724596221016347;
  -0.8322174963192844, 0.1657934341512054, 3.69592620486261;
  -2.454610558082175, -2.017940498048704, 9.340431902645157;
  -2.645648276096204, -2.298424232132364, 10.73504083305567;
  -2.61945020552154, -2.013114107460691, 10.78824976268646;
  -2.656427420140233, -2.090655614804907, 11.12346121292995;
  -2.615601108795915, -2.502936869409008, 11.18992036555986;
  -2.508866082650435, -2.519978341872178, 10.91408442597627;
  -1.21907289494758, 0.03593211320125286, 6.454352414875944;
  -1.116851503715501, 0.04055258096052424, 6.258502695725088;
  -1.088344715798663, 0.07405172337055493, 6.265315819001517;
  -1.091865771549537, 0.1723611704198122, 6.329767662034176;
  -4.537694522195428, -2.471683368611566, 24.57167439439323;
  -4.508508807614784, -2.683489442500436, 25.20163957607664;
  -5.423709987987862, -2.832380178974349, 32.24738878396479;
  -8.04352258887727, -1.593084320993235, 54.18708420641568;
  -12.84532258272636, -3.321957292443781, 86.09442806687048;
  -10.01407939303621, -2.871256896953497, 67.57830160873718;
  -13.49643657106206, -3.355209575811754, 97.85970390515455;
  -12.98432468439863, -2.229091825698135, 95.27919182535838;
  -11.82824218519977, -4.193404571584463, 86.55752722179339;
  -15.25758787682524, -3.33113012324696, 112.6894626913463;
  -35.47776304128045, -17.01224679009851, 264.2636658114102;
  -29.48695884964165, -4.308023058037882, 226.8488084111629;
  -7.570707192270234, -0.8385891608170815, 60.47053420612983;
  -23.74621338585718, -11.48902589687386, 187.0880765409332;
  -11.98815166350861, -2.673196699724604, 98.58400769223343;
  -25.50457649012511, -12.09488659164821, 209.7838890560104;
  -7.299402061372032, -0.9614606049686895, 61.88324930832312;
  -6.144013132170228, -0.6911137996850142, 55.00104950925482;
  -4.792204176709872, -1.715685049035357, 43.99781453810811;
  -4.761575904327998, -0.5877918887633358, 45.27725464047613;
  -3.504430784805482, -0.3246426052364928, 34.36718220563601;
  -3.739729414013699, -1.816527700814579, 39.50999913833256;
  -3.307160958879804, -0.3433223300545295, 36.19216073080894;
  -5.115336252105743, -1.234565204323277, 55.78717901732686;
  -4.258789164320317, -3.035014766671399, 47.12875538813436;
  -2.406091740853182, -1.997063972993645, 28.54400381311823;
  -2.724562305893103, -0.710435947011857, 33.90739449386712;
  -1.973641232278047, -1.575712323348305, 24.60530716757918;
  -1.873680112293686, -1.697878857832305, 24.03518364776416;
  -1.816147128497907, -1.87953795500488, 23.99217452035907;
  -2.073904488339447, -0.6161805504824592, 27.53107670633573;
  -0.9583173781664037, -0.04124521754142142, 14.0939253404894;
  -2.099615712682178, -2.554135876233995, 29.93748476419014;
  -0.8098919779171859, -0.06513840089157461, 12.7702601182929;
  -0.6408131725320241, -0.0650121703188697, 11.1393442319365;
  -1.258003907894915, -1.047449791460807, 21.68028839688051;
  -1.001925906770989, -1.709300826428003, 18.32724749047594;
  -0.8121677906243279, -1.690520129082106, 15.7962246891194;
  -0.7804819309868702, -1.82458873194778, 16.24206594567344;
  -0.8247173097275767, -2.221377278545462, 17.68193101353261;
  -0.4378546699188344, -0.03761663533130952, 10.42536312632459;
  -0.6959820473529026, -1.607981006253356, 16.02334277568751;
  -0.8696334606012059, -1.426356303050987, 22.94445780284957;
  -0.5717422727130563, -1.93899428397288, 15.92377516924853;
  -0.5537390666470979, -1.710346349338075, 15.49568543282135;
  -0.5735197336996076, -2.336505571694502, 16.19661187159274;
  -0.484603248204498, -1.348499470642889, 15.29697172908697;
  -0.4618499525467139, -1.661891307531429, 15.69592182133343;
  -0.4215937041673995, -1.387248161727427, 14.98781989737134;
  -0.2360145828982966, 0.02792547556099996, 10.40465369399288;
  -0.377169552685931, -2.012462714165896, 16.95284103888642;
  -0.3665248461344161, -2.461265437727187, 16.3154257660519;
  -0.2102974186916645, 0.08825825460431695, 11.10650198930661;
  -0.2768852065140694, -1.379990319231504, 15.51551104049531;
  -0.2668073537370053, -2.682187782437798, 17.28609219570381;
  -0.2198662820739435, -1.608863291471197, 14.98300215490691;
  -0.2094218122148576, -1.39738639590901, 15.90130501650385;
  -0.1950009425710655, -2.80483008672826, 16.09653574304987;
  -0.1565937670668724, -1.855411735823514, 16.06424761432358;
  -0.1556047789149651, -2.888292240199605, 15.68880581097806;
  -0.1429592722098826, -2.802555418833457, 15.84290777684154;
  -0.04863852789475706, -1.252876327409966, 16.90676119622219;
  -0.03636719431257502, -2.288950194973475, 15.73040692061397;
  -0.01916127753247845, -3.006486255708546, 15.5285548311788;
  -0.0006962316426405621, -2.331154965210625, 15.50100789807428;
  -0.006319331993398382, -2.882864435065287, 15.72521238831833;
  0.01667760768453229, -1.726826250375581, 15.55098385698777;
  0.02311120581732103, -1.839210959828373, 15.99093548756286;
  0.04155437846109615, -1.977423405049847, 16.47978115405982;
  0.03915160274503918, -3.119258094816232, 15.8617619022243;
  0.0726564190828026, -2.882306908582478, 15.43465595250963;
  0.09562479161625782, -0.8041860157477728, 14.32060075448025;
  0.1074862814624126, -2.936702725342544, 15.19760326261164;
  0.1603781380397502, -1.514697806333289, 15.17669556790844;
  0.1957516082992435, -2.280807033365594, 14.90253099346837;
  0.2182759670871567, -3.080996056698608, 15.66527490294934;
  0.2215565935479788, -2.812047759655517, 15.4879173408673;
  0.2311712654760231, -2.371170001889717, 15.13269434600817;
  0.2357278628148093, -2.484711252810738, 15.08946460609658;
  0.2447544452318163, -1.687238007556496, 15.04587107704041;
  0.2442556787469483, -2.12615166963606, 14.85371885249467;
  0.2509258562884692, -1.762389661173929, 14.82427964699384;
  0.3023585203934247, -2.100207064427139, 15.17485813288776;
  0.3059147092595981, -2.226896202972938, 15.16432511528399;
  0.3042534574835061, -2.707965545723147, 14.96401289344938;
  0.3358233652663277, -2.995886749916748, 15.75296729141725;
  0.3582058800224518, -3.099444145160319, 15.68627356092537;
  0.3981120868775451, -2.263735413037826, 15.68374499775855;
  0.4205233646427333, -1.703562172227549, 15.48940154529947;
  0.4621177359559947, -2.214362891595839, 16.019959549442;
  0.4490290458170376, -1.945038660315872, 15.35809892578179;
  0.4996207079652069, -1.74181708378165, 15.22984602487242;
  0.5357904307267973, -1.874405151538587, 15.70102455827662;
  0.487377766953955, -1.533966089208979, 14.38587117549123;
  0.5368152179030439, -3.096827594669794, 16.00272460004948;
  0.5316003742951759, -2.923588606400676, 15.78020646312979;
  0.5018112015202905, -1.922425873258346, 14.35437928560843;
  0.6004889649401504, -2.316877593236657, 15.39345793477159;
  0.6046236873182079, -2.151280010662704, 15.30263988517078;
  0.6393679322469866, -2.347238766657319, 14.49485165469174;
  0.6994645294611608, -2.252986168543232, 15.35923363105946;
  1.123280961102853, -4.227534614124529, 22.04819000356088;
  0.8444757410596905, -2.122418966493844, 15.20704113063598;
  0.8474546300299231, -2.188753748503544, 15.13131223458647;
  1.003629356688849, -2.317263997033765, 16.14853119744322;
