m=[-3.433367402883307, -0.5266184709527995, 6.116388136701429;
  -3.239210076198123, 0.8844413038796192, 6.077356735437451;
  3.869064908589828, -0.756858325830835, -6.133077325974173;
  -3.521139060895277, -0.1320626586720204, 7.458428192621766;
  -3.520259063849156, -0.09219033309817931, 7.489264016917864;
  -3.777886559812228, -0.448363968819059, 8.059520843795871;
  -3.394158612197491, 0.8707185521456611, 7.369312043265753;
  -3.749067675600846, -0.3241909888520799, 8.019794527993989;
  -3.554840452771955, 0.7712088512989324, 7.799898603813809;
  -3.764359245533782, -0.4605565416784394, 8.220488232255061;
  -3.714410375238225, -0.2383128209941593, 8.194073744695233;
  -3.410348738124561, 0.8461786275522089, 7.761663699662362;
  -3.693971048311335, 0.3426902950631184, 8.725058675640383;
  -5.120571696167245, -1.022631616320075, 12.0283922081487;
  -5.091136957369343, -2.67877865829939, 12.03405586649008;
  -5.124051521296012, -2.044549689395445, 12.1640473084329;
  -5.010828839519654, -1.019276140375309, 11.98382308290022;
  -4.860440749085699, 0.2168873403638094, 11.86503904443247;
  -4.79256223335125, 0.2842186653771862, 11.85214856662571;
  -4.9594224743764, -2.164560745439392, 12.24587649525066;
  -4.954149722314057, -2.531608060261733, 12.23998050118102;
  -4.942271582499256, -2.578739102434481, 12.29780603478783;
  -4.902542470293463, -2.193187235408488, 12.21573933565192;
  -2.492320988205482, 0.7971241239192035, 6.728633952200789;
  -2.56425645749454, 0.6627377190488553, 6.953227415018098;
  -4.876641844151972, -2.519863167774784, 12.32111441370346;
  -4.731511965495358, -2.14874537742925, 12.2509259486863;
  -3.954274304847632, 0.3266425162901972, 10.50357328336291;
  -4.659854082604673, -2.153999886713963, 12.25723638071212;
  -4.651171208817716, -2.363070212846652, 12.24392678968805;
  -4.643846596688084, -2.525569949716175, 12.22414246378057;
  -3.919752528994159, 0.3971834801333715, 10.55013640585899;
  -4.543827881045534, -2.142779918604898, 12.18810012847689;
  -4.603697992349909, -2.535966508000106, 12.35922371519616;
  -4.108178930463904, 0.2587008005594606, 11.1944154517579;
  -4.499345460712665, -0.9258089330397408, 12.16830293676766;
  -4.433103847093141, -1.000091323899457, 12.05165451480064;
  -4.3189204440423, -1.929914279727419, 12.01435500925832;
  -1.839923045194426, 0.9887260835586266, 5.751228790722893;
  -2.226808929268807, 0.3723184472341628, 6.784765773400652;
  -2.198962619767481, 0.4858874186323489, 6.936531661896324;
  -4.174194401593355, -0.4813704272357202, 12.45606845028946;
  -1.917932986310729, 0.9409118041208376, 6.274100393613209;
  -2.018031161974976, 0.996766044232396, 6.558928102440524;
  -4.102637527668295, -0.1129055170958475, 12.37244180188499;
  -2.112169246599045, 0.3724415915429858, 6.895362157107487;
  -4.131254537568394, -0.9778348158702362, 12.60333104058394;
  -2.103600038951283, 0.4445650019042915, 6.903784111557208;
  -4.185624127889835, -2.099604623181421, 12.77256745341395;
  -4.13315702065167, -2.692630669322707, 12.72645966558505;
  -4.232483953054772, -0.9127387736271527, 13.14113518715046;
  -2.040343862523968, 0.3805739306053247, 6.886588472381569;
  -4.189615908588718, -2.08715025880619, 13.09620989374472;
  -4.156614708532818, -1.871709298972901, 13.06091124141146;
  -4.218877248602916, -2.683903355195246, 13.24741991655682;
  -4.189460172697482, -2.992682066021069, 13.43772172228971;
  -4.210840093449172, -0.9877557406904106, 13.60391497861582;
  -1.985921889261206, 0.9323539033446725, 6.972642262048582;
  -4.139101448208225, -1.830532394724818, 13.41576333108924;
  -1.945386989873295, 0.4647404062238133, 6.853613288762609;
  -2.255125240277761, 0.2422577036017471, 7.78851237918092;
  -4.216966880866983, -1.071759431554352, 13.78504176564879;
  -4.289535250423592, -2.732923728357991, 14.01810080806902;
  -4.088266512841623, -3.050308147636462, 13.3758209682393;
  -4.05666847680148, -2.896489790673792, 13.31514104440141;
  -4.515872702316941, -0.1618953347162274, 14.84718348006297;
  -4.139362224188838, -2.829600468754809, 13.60318336294906;
  -4.126393497327367, -2.761284183407742, 13.66528186014557;
  -4.32845081549824, -2.10590643185128, 14.35827050849813;
  -4.420496792046327, -1.857529281696869, 14.70885504998315;
  -3.937191759362378, -3.020743254470355, 13.25243634283372;
  -4.464070767829738, -0.1696476337339037, 15.00271408703804;
  -4.38738949634642, -1.061355733170182, 14.77684948386942;
  -3.996891213191443, -3.153400426389521, 13.49208026649772;
  -4.46361668062766, 0.0237070385382088, 15.0935328910693;
  -1.871262538577607, 0.4707225989383713, 6.879827373207143;
  -4.514267593312127, -0.3266137799477701, 15.28334148122826;
  -4.503770046670836, -1.014870766910342, 15.3529587386356;
  -4.417176204585982, -1.131045095744915, 15.1182762941901;
  -4.404661712679213, -2.383376485058818, 15.06932638671606;
  -4.435834247682154, -2.798146456204628, 15.22280746587433;
  -4.390424873557083, -1.066855775607183, 15.16595664751471;
  -1.834826743795959, 0.4304696553741165, 6.903857732352778;
  -4.545271008828997, -1.171839897987117, 16.09813825870586;
  -4.437692186661336, 0.1364077001245698, 15.92812120124177;
  -4.691205551297551, -0.1846075165625547, 16.85181260051592;
  -4.530950583798029, -0.3515566201193963, 16.37072637526824;
  -1.731074818782199, 0.5786613962568266, 6.89970687720057;
  -1.70568447404101, 0.5010821816736976, 6.883342232933359;
  -4.728894673728501, -0.8587976399796445, 17.80062385892984;
  -1.659681342578413, 0.3499798914556497, 6.963188961618049;
  -1.675223050182391, 0.3833153982293971, 7.097131017129944;
  -1.616910938797154, 0.5320882925989469, 7.005787448432444;
  -2.941652175298248, 0.1210659896027084, 12.17850211975736;
  -2.979418280218051, -0.08312489576930233, 12.57378460708828;
  -1.737429903759206, 0.3738562731499382, 8.536985675902828;
  -1.696792953145065, 0.4888275610869254, 8.578545008641436;
  -1.704072904430233, 0.3792433990698099, 8.586455386622546;
  -2.781589934058216, -0.08477303132433826, 13.58321838828399;
  -2.078754659807149, 0.391026528038753, 10.97578773743273;
  -2.37929243781113, 0.14601689027734, 12.46811217318978;
  -2.605266607794257, -0.2488716274376769, 14.09276957690333;
  -2.407552474592243, -0.1262614590525709, 13.09998487417066;
  -2.203012965438806, 0.1481013914734909, 12.22261979639808;
  -2.150731452006817, 0.5159591295051654, 12.18124629235059;
  -2.161172555027228, 0.2189327675349522, 12.32314847669363;
  -2.289655520808625, -0.0137577502452408, 12.99921091858285;
  -2.175125166200207, 0.4213960573408078, 12.48568735088951;
  -2.204927685063633, -0.00780809310512363, 13.12894097561037;
  -2.362030369012336, 0.3416935582853604, 14.23424481060799;
  -2.281894650865656, 0.175201273454843, 13.94293711286905;
  -15.52429456150831, -7.052902604252729, 99.20986800181507;
  -21.0896527196293, -5.191655255575101, 137.8496847335314;
  -27.57087086258817, -6.46778758893258, 190.4073837305459;
  -20.29515543861969, -5.296146843949302, 141.0147932057279;
  -10.17519495874837, -2.217187159754264, 76.26529648889412;
  -27.31251823128147, -3.823287744863909, 206.8926936184896;
  26.75605327595228, 8.823887015330826, -202.0355508895339;
  -54.49055547626387, -10.23299293870989, 415.7182435156323;
  -52.61430179356154, -23.99940562159986, 405.6643258756081;
  -19.64631227136966, -2.173267569387025, 156.3841384626218;
  -28.76794443116307, -5.292814922494824, 231.4533259699547;
  -17.26498251694373, -1.291369720191967, 141.9636063898649;
  -21.53010179915572, -9.858522183359433, 175.8375626246411;
  -14.45444412444426, -2.727135382812031, 123.3062235792565;
  -9.117588802925026, -4.729313097874281, 77.43982262360838;
  -26.62315894476253, -11.99989282214871, 227.8241756214987;
  -15.44827389245857, -1.431399070179047, 135.7416818558764;
  -19.32213723631566, -3.498167465898517, 171.0813556593579;
  -9.215035945846543, -0.6415063033878579, 85.73438286495737;
  -10.9624198707195, -6.38173491260779, 110.6209838410537;
