m=[-6.581296018303878, -0.9981531467189269, 9.101197725454806;
  -6.639506947852093, 1.736294572281909, 9.732494606867181;
  -6.793305918700552, -1.280806601424276, 10.52252287593284;
  -6.795904226894155, -1.005962899698993, 10.59292232393363;
  -6.722649189338274, -1.273380761504795, 10.56054610476524;
  -6.676280832603223, -1.020831319936088, 10.54477634170357;
  -6.581524745608165, 1.786657876349799, 10.49768426839306;
  -6.793611834421697, 1.562707272163711, 10.95208244580259;
  -7.169852808913694, 1.650965024506255, 11.83845085645963;
  -7.468726952066128, -1.67076483810607, 12.33718226949475;
  -7.260544464811009, -1.977894048950096, 12.03574379694665;
  -7.165890320138672, -1.495525863099191, 11.92018180994291;
  -6.960007318018469, -1.290288263725934, 12.07111787163525;
  -7.09849564737384, -1.917866834690883, 12.30093226072657;
  -6.975960922380909, -1.064496472942569, 12.22287560153387;
  -6.89142837140923, -1.057024502703831, 12.27676673938751;
  -6.50257103483859, 1.775476819759907, 12.20002498961715;
  -6.532400222375464, 1.773698206896496, 12.47446887493138;
  -8.154681476100791, 1.720764120472852, 16.4390076185446;
  -7.075302696928, -0.2653639259643593, 14.98680858480019;
  -7.004616490191657, -0.1834404558707897, 14.90214818875892;
  -7.204726833667769, 1.660162652705142, 15.39761904636108;
  -7.110413010948697, 1.246072721229868, 15.26283380464346;
  -7.616712474520019, -0.9039602911208563, 16.2490461208145;
  -6.689040574825348, 1.715969225370019, 14.52307711513793;
  -7.12678781942537, -1.330904129609038, 15.39386033064718;
  -7.020735122980181, -1.975654212104327, 15.2939589198881;
  -7.539708796943669, -0.5931184168829307, 16.42960470315686;
  -7.068663407800536, 1.533519115519742, 15.50979814082533;
  -7.518307349794418, -0.9198393156564727, 16.41824094466786;
  -7.410715104254851, -0.4754640019994375, 16.34820602214598;
  -7.346098918182856, -3.952297988041909, 16.25863449826838;
  -6.858880956212841, 1.70183137260732, 15.61022975246183;
  -3.549194771585174, 1.943268160719874, 8.799413655975178;
  -7.264967310274411, 0.6739721991919675, 17.1596542663025;
  -7.426117023337453, 0.688922084287617, 17.54028548502318;
  -7.369206839741294, 1.573142496182737, 17.557601656599;
  -10.05544589672429, -2.008177504453863, 23.62057485966874;
  -7.607364005073368, 1.354809806931178, 18.33835639694604;
  -9.616187295245902, -3.836958443128747, 22.82798225193045;
  -10.42280143893914, -4.158805850418841, 24.74281323338281;
  -9.931238687798992, -2.020159730663656, 23.75140146276602;
  -9.650113001996603, 0.5918959671616014, 23.51381970012365;
  -9.532230495989188, 0.4253565112173819, 23.26955369977856;
  -3.555298035021046, 2.019478513267626, 9.36125579036556;
  -3.855865574541609, 1.909984326157053, 10.07397324401894;
  -3.851754657308903, 1.957511835307213, 10.11333644078841;
  -9.336595974479202, 0.5536985682869068, 23.08967879979052;
  -9.970865083376507, -4.351825896877814, 24.62020184662512;
  -9.722105556138658, -5.072722803090527, 24.19142015636983;
  -3.511932082805808, 2.012766429489127, 9.443208358708988;
  -3.496048102369071, 2.043218101761742, 9.424247223356904;
  -8.01890289083487, 1.78827797821235, 20.52108079827017;
  -9.505415179047022, -4.911647475775035, 24.01597486828728;
  -9.246154133970446, -4.628192050612302, 23.79203985645672;
  -5.629638448685724, 1.78256835272143, 14.95821758017788;
  -3.694833120694969, 1.930952865999303, 10.18397401827695;
  -9.356621988740068, -4.24916990451978, 24.22635384837368;
  -9.276450720788443, -4.944221461423837, 24.00920079561574;
  -3.702439728650473, 2.058117841303139, 10.27211634028127;
  -7.636429051607339, 1.65882889481207, 20.15295860413099;
  -7.803202080307064, 0.6445828908499595, 20.72731899122849;
  -9.175231136130272, -4.241215814369889, 24.13444174208052;
  -9.136588456883061, -4.641927604936951, 24.05151630658223;
  -3.64974760161085, 1.908567517618442, 10.33607014122986;
  -7.670871103715258, 0.7772794986651779, 20.64638925476377;
  -8.154368551864641, 0.5739319899693556, 21.92946339948727;
  -3.6429376672618, 2.012910835211403, 10.44997043270738;
  -7.749565320172858, 0.4880066779589278, 21.11686351372091;
  -8.866528851726615, -1.824423505076424, 23.97917875110463;
  -4.938203844160011, 1.249490030213313, 13.85393419405547;
  -8.699916782462625, -1.962668052203053, 23.65123736916435;
  -4.877448970896699, 1.102903230172402, 13.80609664266773;
  -3.703975472920181, 1.917578878169936, 10.78570334787627;
  -8.269143275582083, 0.586415593700112, 23.13583619282334;
  -8.259516772490661, 0.8170973955045574, 23.20761137436811;
  -3.465772481154548, 2.075306147069695, 10.3929013765283;
  -4.628400508654971, 0.8760137748399163, 13.79540581240014;
  -4.509964236954142, 0.7540579075797641, 13.74121083850464;
  -3.470822430272872, 2.011267365884216, 10.88729203721869;
  -3.767869191343077, 1.968009340129461, 11.7682879714724;
  -3.767227731652842, 2.024408754876466, 11.77559498919263;
  -8.14954031116309, -0.9398095354308007, 24.31876002600462;
  -3.771760977657313, 1.871252632368394, 11.84686582518276;
  -4.42783735037751, 0.9506440334658199, 13.76741390770699;
  -8.114564738473344, -0.223314665657477, 24.47132589640436;
  -3.747220709519583, 1.950358207259546, 11.95094925077379;
  -4.458694944796427, 0.9852026395179547, 14.06475870817114;
  -4.341522244901227, 0.8371114129873881, 13.84043874576768;
  -3.913198022418175, 1.919761658741842, 12.8011757595177;
  -4.259193569770226, 0.7510292247503798, 13.90451177531241;
  -5.214483327574709, 0.548101259375935, 16.80763518140609;
  -4.257394675040969, 0.8997378954035763, 13.9723013738054;
  -3.908279199621422, 1.987879338993884, 12.95878083297613;
  -3.812599537609013, 1.991679011690038, 12.81729241745121;
  -7.849549490903, 0.2232498228554224, 25.29640305733448;
  -4.90643667810876, 0.4047006005354637, 16.21759721832881;
  -4.124904437863585, 0.7693953573821437, 13.92241762441317;
  -3.950690524233203, 1.852129852552525, 13.67929405459165;
  -4.549127051505579, 0.4886917379163335, 15.7112925359099;
  -3.933698712540334, 1.846799397826919, 13.81135584311857;
  -3.885852646973224, 0.9283051377853808, 13.68988868441216;
  -3.800885918771236, 0.9561260705364423, 13.97422245532514;
  -4.054947937044695, 0.3367128163427057, 15.02329799642269;
  -3.698132364726823, 0.8676207549048307, 13.9148722394699;
  -3.838714337685777, 0.3419604710856273, 14.59250520732439;
  -3.497959690028558, 0.8096630035646361, 13.8114845134776;
  -3.514370658949755, 1.174779166334668, 14.00755596551623;
  -3.413881950873496, 1.002902612971208, 13.77682576603642;
  -3.44380146163972, 0.9376967401265968, 13.98387755179439;
  -3.456680056260127, 1.465606280902662, 14.36283874979431;
  -3.321542174121511, 0.7004193755401499, 13.93552196378866;
  -3.393425975131497, 0.7764652169022445, 14.37634751970375;
  -3.48850271918944, 0.4415461991676503, 16.00658374321397;
  -3.419090026141254, 1.517252627401869, 15.97213685608937;
  -3.484958470813155, 0.7803290380539441, 16.75026483389151;
  -3.175065661180657, 0.914701820613405, 16.05230834401133;
  -3.395321586341872, 0.7556327525610914, 17.10829228524628;
  -3.79716679058772, 1.272336763332795, 20.01854576915987;
  -1.820349054506238, 1.891263415990811, 13.80878743284553;
  0.4673302807269491, 1.748628391543499, 30.52809346041068;
  0.6912819508205789, 1.756561931196251, 28.73395356825584;
  0.6399222452789005, 1.730788941586353, 26.5115496960599;
  0.732565609390943, 1.632616366360198, 25.74543629157777;
  1.444400888878311, 1.679986754318041, 26.64446858641635;
  1.184295820025957, 1.904137388094848, 14.38931400476922;
  3.790396052260659, -1.512884543246238, 36.34885937633989;
  3.711172871420311, 0.2651340366793213, 30.75069194946643;
  2.015227392478551, 1.886384790166261, 15.9406094240773;
  1.951523291776806, 1.68109491908756, 14.75960522939441;
  1.874682529814949, 1.733876367162593, 14.01112652085923;
  6.104196152925236, -5.663961518144107, 43.2840370587392;
