m=[-3.395495819093017, 0.8136302635199235, 5.326001653469396;
  -3.531455461125125, -0.653136297267757, 5.536753371863537;
  -3.40666044677982, -0.9070939650769051, 5.499378900688289;
  7.932948935247813, 1.163362554932442, -9.882115679416263;
  -3.457456840339175, -0.7682562813011079, 6.919889555470364;
  3.21627848546012, 0.6813862561967965, -4.607884664278894;
  -3.491268172324296, 0.6564965134397139, 7.079337232998953;
  -3.546559220414197, 0.8110173557257001, 7.355449944766639;
  -3.672700947936642, -0.3817938050466243, 7.619338700309936;
  -3.679860954576889, -0.417642625309143, 7.648001780088192;
  -3.77086804783547, -0.2590702280075028, 7.816956451293659;
  -3.710126875625431, -0.9163695898460433, 7.712570498515054;
  -3.643176034267853, -0.1983678320229932, 7.6434202989615;
  -3.57085658599229, -0.1995949019217736, 7.666228894668;
  -3.476642529910928, -0.06414802096501276, 7.694121804447894;
  -3.61443311561662, 0.3785674625879852, 8.147834191597333;
  -3.557310894098953, 0.8052597691812768, 8.080791212563542;
  -3.591362493606852, 0.382615164841082, 8.305642947413851;
  -5.052950003388757, -0.9648172417969303, 11.52961062373461;
  -4.761368201670246, -1.8671176837834, 11.0171425460629;
  -3.99456425871594, 0.8702483369358762, 9.477977577479479;
  -4.851149623283056, -1.979107541246515, 11.36291920637091;
  -1.802839520191076, 0.9748832802138229, 4.873013588918255;
  -4.77399784545997, -2.113942416464418, 11.49939525387892;
  -4.849524401267073, -2.084111210836771, 11.67676497642596;
  -4.740073095528675, -2.218272524957204, 11.42115686314039;
  -4.806164990259808, -2.485069832752817, 11.66544334156033;
  -4.721075299519867, -2.424734620619867, 11.57557781986194;
  -4.786044507836591, -2.446745642283818, 11.78991974096203;
  -3.859558311047658, 0.3768749327135756, 9.886845384640489;
  -4.568124328425614, -2.411448277626528, 11.53345514218613;
  -4.611343660373255, -2.062150171989577, 11.64184645972034;
  -4.632383341313975, -2.191559027757052, 11.69801636641394;
  -4.54072065872065, -2.06776765427698, 11.64710405975687;
  -4.510310112033566, -2.42799297523053, 11.58965474961727;
  -2.245575581519796, 0.4687228151160445, 6.297275579635609;
  -2.241779476596505, 0.5142889302211778, 6.301977404887087;
  -4.413153845433778, -0.8594204439789877, 11.61607271399029;
  -4.343246672881351, -0.1478910808161129, 11.53602979339937;
  -4.249823729084796, -1.949495137944544, 11.32848971727835;
  -2.160563040111863, 0.5085843578817523, 6.321619175009288;
  -4.245193080827493, -1.861909732356486, 11.50586822262193;
  -2.125919077561386, 0.504083974104467, 6.316844553852236;
  -2.107638001704178, 0.4506577818771198, 6.328494413193322;
  -1.937308068993602, 0.9973321631370674, 5.917836142955013;
  -2.050102768650304, 0.4061604708879965, 6.309403868108781;
  -4.159304682565449, -0.4188905291716308, 12.09066186750684;
  -2.072982708396227, 0.9698907279485824, 6.523224170067461;
  -3.994371794518659, -0.04733307788514769, 11.73165560579527;
  -1.975640824323491, 0.4122960671724382, 6.288662104791478;
  -4.0501141417928, -0.901785655990011, 12.05596792484549;
  -4.099874999398962, -2.02711607693694, 12.24427140109959;
  -4.161699819053871, -0.8373385566781649, 12.62835156528534;
  -4.054050872458249, -1.016959110216604, 12.32729474655555;
  -1.944867223187088, 0.9647345474512878, 6.424425421631732;
  -4.158436075096081, -0.1116187213278871, 12.68016343454202;
  -1.903864499668659, 0.5017712481319072, 6.31974370680539;
  -4.104721264882227, -2.021570520736661, 12.58312638132029;
  -4.093586429301737, -1.800809372656952, 12.58368093669149;
  -4.109289224740954, -2.587219395378387, 12.65514169559385;
  -2.219389208733871, 0.2851537396098564, 7.297776094278558;
  -1.939826738747706, 1.028501471625573, 6.560564556696012;
  -4.119749975519641, -0.00962245274535431, 12.94875234707755;
  -4.122872713897575, -0.9049253931512401, 13.04923199990806;
  -4.01608016713423, -1.747328674316004, 12.74224189652323;
  -4.074175320426488, -1.76829336828872, 12.93317929343096;
  -4.157720642556262, -0.9986630650432717, 13.32114805427058;
  -3.978149688673359, -2.951420080135069, 12.79467847268312;
  -4.177761050302281, -1.868357092285853, 13.42865818801296;
  -4.000802905271271, -2.837180147891805, 12.89375926532498;
  -3.948305052185575, -2.876308657112471, 12.76871397131177;
  -4.319038824932203, -0.8443604319014474, 13.9428562817994;
  -4.395490756722751, -0.08227831564503323, 14.17810723673806;
  -1.78713471754809, 0.4663447322997524, 6.350388115651812;
  -4.044932040358185, -2.682282366800174, 13.17874061922521;
  -4.0587821886513, -1.645092851253279, 13.30098904961594;
  -4.25611369522036, -0.9645612680552886, 14.08831519347951;
  -4.285715535904749, -1.030492630461293, 14.42518090442257;
  -4.753209072779703, -2.028544296758855, 15.91889405698238;
  -1.721646891664319, 0.4454311240787359, 6.42070939556754;
  -1.684973808718767, 0.6130589922129538, 6.346746516829344;
  -1.807836102121024, 0.2938099710184656, 6.789916748439558;
  -4.421065804045598, -1.903015621517169, 15.30333560019426;
  -4.424566451074473, -1.068444728379427, 15.4530666674313;
  -4.493240417558911, -2.601103583389329, 15.74801719651231;
  -4.229160124175056, 0.2318883329858506, 14.95103108471391;
  -4.295255131404685, -2.759673100697983, 15.19116442553098;
  -1.614620889700821, 0.4474429852509987, 6.317049398643708;
  -4.534677280955124, -0.09222104211403184, 16.06892940719144;
  -4.52093180589866, -1.863902938626252, 16.07194016566236;
  -4.448887965001496, -0.26241563782946, 15.84006686787592;
  -4.435223444194008, -3.515641829200522, 15.87705832717505;
  -4.481885990886232, -2.728028870177844, 16.14544239743027;
  -4.524330331406993, -1.19561044882211, 16.29782946227705;
  -1.63367201369853, 0.3904442371273755, 6.485485261037603;
  -1.608455084982009, 0.4165247791427817, 6.464976204965402;
  -4.540686692613069, -1.863633269149982, 16.66931776410597;
  -4.565133618841056, -1.209944111119648, 16.83207822792881;
  -4.49894375598844, -3.484165905832546, 16.6750380622338;
  -4.544708111328414, -2.072077974281277, 16.83718425256315;
  -4.453502197626194, -2.771556281814983, 16.51400975704896;
  -4.63609046038457, -2.745431919368002, 17.20625153737738;
  -4.65577523760896, -0.7476436167141136, 17.32623055510354;
  -4.683697481197124, -1.973341679547626, 17.4567641069197;
  -4.670442769875124, -2.685907300742351, 17.48245362107379;
  -4.518825351308904, -3.752581482297971, 16.92638951696108;
  -4.740810912705815, -0.8445479544451021, 17.7936258007396;
  -2.953831559096582, 0.203490433606107, 11.47710085816996;
  -4.642386275412653, -3.788467004228998, 17.53016527000766;
  -4.689636280367346, -2.123301835270991, 17.78211490713235;
  -4.700863450627135, -3.688070285929575, 17.8693692444213;
  -4.706919597765267, -1.064150062063925, 18.03135535641106;
  -1.639197584361909, 0.4162404825586792, 6.930990376349909;
  -4.70406856347, -3.658097421707254, 18.19288449828785;
  -4.645339443817827, -2.748439412744558, 17.99418396061609;
  -4.720581886745402, -1.145038178226782, 18.32658758747543;
  -4.813902720033027, -2.736164008708384, 18.76304059398174;
  -5.224406229582663, -2.302320428422693, 20.35689681545064;
  -4.835204640728313, -2.083539593720453, 18.89450962751227;
  -2.882995290200555, 0.1925085996560008, 11.6724531235639;
  -4.765836077171107, -4.3233420928516, 18.79229238642393;
  -1.55768791766875, 0.8089745358450284, 6.819898561333859;
  -4.934916071750057, -3.885156663437504, 19.51805533532166;
  -4.82264359700689, -4.278425949096483, 19.14693986992552;
  -4.878212841421864, -2.821410080711248, 19.3959150020591;
  -2.832249410909174, -0.003464296464545738, 11.70273129196975;
  -4.88346006175344, -2.169877736058401, 19.5151680327708;
  -4.820964692772336, -2.30740312144589, 19.2710879950225;
  -4.788535909597449, -3.88542376429284, 19.27972986907448;
  -4.748706923218438, -4.279930066741487, 19.19722784561354;
  -5.032672027247464, -2.776984648134871, 20.47568980280396;
