m=[-6.626497409821146, -0.9474260565592511, 9.468602430765104;
  -6.450253904865921, 1.802511261907691, 9.276662762607971;
  -6.514592561158144, -1.083110132671777, 9.373278115616307;
  -6.465411585972663, -1.200017203780664, 9.313780332774501;
  -6.652864332923567, 1.582492232732078, 9.827963407115062;
  -7.097922078557042, 1.692101540239485, 10.82074400800736;
  -7.22955061994904, -1.936380078814386, 11.1372369320484;
  -6.699670244492829, 1.605378052852188, 10.5087612239793;
  -7.049450007545633, -1.303783022718797, 11.0524021975422;
  -6.792346334035343, -0.9946048608109196, 11.06570540296969;
  -6.74926220079088, -0.9975869454614531, 11.18644150932756;
  -6.398214833837126, 1.814780507694218, 11.11926230860597;
  -6.385207502491268, 1.79600475066592, 11.31523281158939;
  -6.291852282525253, 1.778919422925315, 11.29635291640365;
  -6.897951296475492, 1.313716493427779, 13.65107602302259;
  -6.927631096539296, 1.786663574619898, 13.75746902740434;
  -7.020962725310843, -0.09061131693344085, 13.93220247020321;
  -6.826875462669007, 1.708226124692299, 13.6096600961212;
  -6.9114920721651, -0.1904687619578319, 13.8340041413682;
  -6.97113019825048, -0.1148892158757102, 14.00833344086482;
  -7.01369693373414, 1.318852450183989, 14.22185962039659;
  -6.805746445236935, 1.833922121311979, 13.89915867629975;
  -7.054209761556766, 1.613137182264232, 14.63020453806358;
  -7.384613136513583, -0.7676637951616435, 15.32002454201064;
  -7.415147372398389, -0.8415757154657862, 15.4111965108855;
  -7.448246032357129, -1.839653033588763, 15.48333103976549;
  -7.323353382039699, -0.3987503540507381, 15.36446972922615;
  -6.684284239776821, 1.748491206439031, 14.38882334060575;
  -7.146932307663273, -0.3994815301699394, 15.34366268871565;
  -7.183817682938726, -0.1386311220367804, 15.61330045770123;
  -7.047032837410034, -3.502655010311768, 15.55538239133105;
  -3.729275055550602, 1.921280487681347, 8.870145820216655;
  -7.211463072356671, 0.7553121580957186, 16.25643732028645;
  -3.67779866602946, 1.941579514204748, 8.793298680237365;
  -7.60794330363375, 1.42678629353554, 17.53478662926148;
  -10.19284231030114, -1.946235366924366, 23.25760257039655;
  -9.898840817307724, -3.881720538325255, 22.90453829779615;
  -9.887417775850638, -1.920694640019756, 22.97804408260231;
  -9.790179569270197, -3.994067328434092, 22.93168178684095;
  -3.623872821785097, 1.971080515773529, 9.107487766946232;
  -8.085842672822016, 1.76156663981429, 19.18543064636268;
  -9.650238185844597, 0.6877597945171973, 22.79572010828357;
  -9.642478020582498, 0.54857664693702, 22.8102484628078;
  -9.565913048202438, 0.6831531677122263, 22.91670644203245;
  -9.697828706980758, -4.167698078539926, 23.35059218662025;
  -3.538781789114311, 1.931158346363955, 9.158556470416098;
  -5.414270719743608, 1.819760333946667, 13.58983977407777;
  -7.80368331306164, 1.329830116521052, 19.2358825489113;
  -9.616231488317805, -4.938876830028619, 23.57798358737258;
  -5.427448177631559, 1.53375440754117, 13.791348137383;
  -9.80751919023348, -5.013849077464114, 24.15979707699482;
  -3.599360703981464, 1.945868242827106, 9.622292656152755;
  -9.40183093547285, -4.204411709153107, 23.73596076380136;
  -7.839079269601826, 0.7654638780326213, 20.08099332885989;
  -3.658179817301936, 1.978156291762085, 9.887934982992544;
  -3.431095980630436, 2.073146179840657, 9.336836216551221;
  -9.503964482152419, -5.125066860692057, 24.1702915120031;
  -3.317230095193541, 2.069945850704205, 9.098042270889133;
  -7.639501783554803, 1.639658269089824, 19.68295503582254;
  -9.285072361457937, -4.228265453804271, 23.81652872404239;
  -9.294263978861627, -4.666783906556344, 23.86550355541753;
  -9.166719821440141, -4.934634377574587, 23.55472579003319;
  -7.827837368797274, 0.8920176748091006, 20.31209663711599;
  -9.863064352252907, -5.727848199830611, 25.61526596343818;
  -9.105975704041722, -4.240124012786509, 23.82227504657784;
  -4.692454251159166, 0.8994337189120437, 12.74771882303537;
  -9.140379207709701, -4.968713625022846, 23.94762020608691;
  -8.532949017720139, 0.6624509224992818, 22.4526510221138;
  -8.91402381675662, -1.735922783241027, 23.46302722639583;
  -8.827270349106932, -1.893593524488021, 23.34559317552794;
  -4.587230199278875, 0.9067928204561135, 12.70545512741371;
  -4.548559114813856, 0.6983989033854942, 12.61202354825;
  -4.479866176525775, 0.8322012506311607, 12.47384771363625;
  -4.481658616340296, 0.9354642347947095, 12.56793117684446;
  -4.465515886139893, 1.024438581914057, 12.55323304964091;
  -8.366035357247448, 0.7211281501578407, 22.70397894567384;
  -8.68118547573131, -3.807502607750698, 23.52886528318613;
  -3.405011033575077, 2.060377178352948, 9.82013728578122;
  -3.573608652848562, 2.007310234788717, 10.34772070835583;
  -4.652199937532111, 0.7555754186650514, 13.1924325435762;
  -4.335630733745881, 0.8093821122451866, 12.43010725346162;
  -3.665155172805759, 1.908491448840742, 10.67660386296609;
  -3.6802915611729, 2.009940529511449, 10.89641851281369;
  -4.26283224027891, 1.010774793500292, 12.66635635627294;
  -8.195449725676346, -0.5768766656683145, 23.82038964864677;
  -8.324170129546063, -0.8383410922254226, 24.19748829313091;
  -3.72902920073403, 1.919715722394816, 11.39095228860649;
  -5.021370289768333, 0.6508917711508068, 15.06445173923514;
  -8.031927095708836, -0.09517787786072313, 23.59014317771248;
  -4.806050741106479, 0.5462287914109315, 14.52689110783625;
  -8.44907276630507, -0.3841562852850907, 24.86421620826062;
  -7.920960018322553, 0.2978006173883116, 23.38130151781823;
  -4.127877209565218, 0.8178031739885039, 12.70397017719037;
  -8.17791118017133, -1.820867941014225, 24.34317439674389;
  -4.096613670786046, 0.9554530821441121, 12.6755043737776;
  -7.753125727576836, -3.585434970257865, 23.14168167532091;
  -8.424868763184447, -4.165538441644848, 25.16085970186878;
  -4.645127601556565, 0.5872633020468351, 14.30682122506813;
  -3.721732086068661, 2.044619608746667, 11.69384938420975;
  -7.814547170235729, -5.612079240291397, 23.50914242217972;
  -8.219398522276043, -5.294089512412033, 24.77474443163564;
  -4.150298325196394, 1.941808702756972, 13.06008305725667;
  -8.228138906636373, -0.01943435534499543, 24.99511067626506;
  -8.1393906841974, -2.041767054316101, 24.74973086872706;
  -8.291506806336006, -0.2225565984162242, 25.28298127572608;
  -4.526978684178507, 0.4664586167763624, 14.27091277305322;
  -3.974897553485411, 0.8295205325474886, 12.65249599384625;
  -8.38858934795741, -4.131370644209341, 25.71543184415807;
  -8.479609373415221, -5.338784552823783, 26.11416531544337;
  -4.014444652464207, 1.874674188546418, 13.00895688659912;
  -3.813773362011935, 1.889761973415409, 12.41476684743907;
  -8.43368162104216, -5.985682187667926, 26.57653254327716;
  -3.840924808123897, 1.905257496441124, 12.68761933241416;
  -3.841436240127104, 1.01242617694861, 12.75137621814078;
  -4.367286932899535, 0.5611220402283632, 14.36047451719907;
  -8.149060841107412, -6.045851383914984, 26.20932380024956;
  -8.306663679865222, -5.890692904835692, 26.77065687117086;
  -8.094090901670786, -5.89648049586335, 26.17607561098185;
  -3.96370110202495, 2.10156522491712, 13.40538123526913;
  -8.139429158259089, -5.397432413990387, 26.51896857474927;
  -4.448822746055722, 0.7136569146833323, 14.97950687578222;
  -7.940199499839083, -6.054906733400624, 26.25749589516279;
  -7.950791115694604, -6.240481124515049, 26.40634151050097;
  -3.626706701753422, 1.003451862313218, 12.58745745521996;
  -3.586418881090767, 0.9358598076543974, 12.7439479612791;
  -3.360079047405178, 1.22252741490648, 12.65632135054121;
  -3.596471087143484, 0.5844993717310101, 13.50771745360322;
  -3.36135445024508, 1.092733612293131, 12.8175661345971;
  -3.302209624189189, 0.9968395929981577, 12.68175436660907;
  -3.238365698757789, 0.8974143867636377, 12.66979525684004;
  -3.313153244516995, 0.9858470179113381, 12.95566337860604;
  -3.252686833062562, 0.7773854350814199, 12.91278318886054;
