m=[-6.926115502459422, 1.682171121269579, 9.66140226913652;
  -7.160892465542774, -1.466495951016827, 10.14121031910858;
  -6.84005674849714, 1.669096857346, 9.789139979134015;
  -7.01541398021368, -1.282245145107489, 10.09925491722042;
  -6.763837825277491, -1.210637477254169, 10.01774256891333;
  -6.816077352467611, -0.9831253218610611, 10.19866917259277;
  -6.68140629532287, -0.9702046611661096, 10.18203484744672;
  -6.28268809295254, 1.81669127608099, 10.0233934764131;
  -6.378250069747429, 1.833272354023662, 10.3967854196451;
  -7.018262083316516, 1.388824126063538, 12.99795008604365;
  -6.909149434214142, -0.06007753953030644, 12.84980019513315;
  -6.890957145961552, -0.3738458404124799, 12.82450921899727;
  -6.950626748517951, 1.78725514412243, 12.95905122893241;
  -6.879973286894355, -1.097248864905888, 12.86882143120255;
  -6.808390406402634, -0.1677884799500996, 12.76605003904776;
  -6.775876445625296, -1.491691199443163, 12.72150037685237;
  -6.886802282560289, -1.583688793774749, 12.91363928212797;
  -6.950893215678549, -0.379611004043862, 13.14483284484791;
  -6.891337794613934, 1.341205904529482, 13.11497452071218;
  -6.513529033079939, 1.798209631305631, 12.45955943125567;
  -7.202659747969519, -0.5424324179928605, 13.79259456790423;
  -7.166417523413201, 1.545276386949028, 13.84893802003994;
  -7.078931569796121, 1.654695364906644, 13.79964321014315;
  -7.239349147323098, -0.7309211849565467, 14.17703593895399;
  -7.232061093444163, -0.7986109826067503, 14.1944262833336;
  -7.311200600385874, -1.790608378366307, 14.36182962676151;
  -7.177292963795054, -0.3627276224714876, 14.21634284760246;
  -6.575806152209919, 1.765708487227508, 13.29758301296918;
  -7.047954552192285, -0.3581956321995354, 14.28757099563747;
  -7.008173806248751, -0.1030278150533566, 14.39812653335358;
  -7.011936228680669, -0.1775497173084952, 14.43385682257229;
  -6.946101442186717, -0.6230816206212402, 14.39674311138679;
  -6.994796421832061, -0.5814394783168236, 14.55977568775072;
  -6.983737326954882, -0.1081112128460524, 14.58331203037161;
  -7.166406213452553, 0.7916066523399821, 15.31006984561696;
  -6.989012130519082, 1.721689545189036, 15.08341425177925;
  -7.34237793569751, 1.402002569302317, 16.09795947005103;
  -9.956531510573676, -0.1320191933979216, 21.57775094685808;
  -7.795425187516695, 1.777582547133642, 17.23806004690769;
  -9.876478682689386, -1.850797624345586, 21.76950185038964;
  -9.057640628019891, -3.538732220148505, 20.24180628148631;
  -7.797271214561508, 1.750412056412852, 17.70108978872926;
  -9.392567292035327, 0.6358992214521606, 21.18013274256996;
  -9.482092443448481, -3.850969819242016, 21.45197567941658;
  -5.29775660288401, 1.836922520834862, 12.46246195759613;
  -9.310269568531458, 0.5829666918702776, 21.25591861304053;
  -3.573066742488076, 1.937333605072179, 8.763640996995555;
  -3.540722925704969, 1.959286008494598, 8.711189976989122;
  -9.098700854123869, 0.7023308433057613, 21.04185278975227;
  -9.265900014577033, -4.675793646121514, 21.59896565315281;
  -9.574844011844716, -4.104482431052284, 22.29298374660761;
  -9.240157592752976, -4.757845079253263, 21.70067473358696;
  -4.876211165552409, 1.971736848169307, 11.92144127085545;
  -9.162056775077211, -4.701904441632638, 21.73692587672294;
  -4.87736836832226, 1.106260065075143, 12.07466255819186;
  -9.205681230360368, -4.68420737384099, 21.95409823935678;
  -3.669813228832143, 1.993446576617766, 9.460485192619077;
  -7.392711696384767, 0.676075004602415, 18.07133796915848;
  -4.673539563184949, 1.052256698352034, 11.7942858648881;
  -7.514789271420607, 0.7758672478934933, 18.47470865028379;
  -8.927416361402344, -3.980226921756755, 21.81487018241973;
  -8.470960641362597, 0.662951617486463, 20.92686529182615;
  -7.659081007078804, 0.9098513246930366, 19.0815858090561;
  -4.539709810609694, 0.9321796532261695, 11.72738818338322;
  -7.333643352452979, 0.7368323751814545, 18.36544244668723;
  -8.755146912329094, -3.970559526123595, 21.73925012562961;
  -8.77173439098012, -4.721674282616255, 21.81874758120459;
  -3.646837952011492, 2.097431342492118, 9.663627124441119;
  -4.461760930799009, 0.9720101820895029, 11.66479764522347;
  -4.457829113222597, 1.066209729250602, 11.68306883775078;
  -8.597581400700545, -1.641272248603236, 21.89167272064483;
  -4.270747821225057, 0.833167154703533, 11.40597615678824;
  -7.579216857615177, 0.7106160957437974, 19.51447152381387;
  -3.599161778624239, 2.071560199909749, 9.782348045921095;
  -3.632126701661181, 2.032113647427138, 9.894394839631637;
  -8.199482746479454, -3.584900766468488, 21.51486198423038;
  -3.674376792818176, 2.100734394611546, 10.1905839908436;
  -4.210472051896962, 1.035299729176346, 11.67336649070859;
  -3.7233814135898, 1.981850315606532, 10.53045025452619;
  -4.127129639976797, 1.076075701347107, 11.57351487761035;
  -4.04012774943324, 0.8379117238118069, 11.61291428263874;
  -3.709291135435246, 2.089387590402639, 10.80048521392971;
  -4.12877563680067, 0.8316796654291834, 11.97426788113743;
  -8.038054386635077, -0.5124682805027955, 22.63259354702372;
  -8.165459274993923, -0.7802272550024458, 23.00643655080571;
  -4.114429993190262, 1.977642723638932, 12.11274569279794;
  -7.782251766228004, -0.04077886636186667, 22.13208129526426;
  -3.895616470380345, 0.8520663113147159, 11.58306370823983;
  -8.042051058456027, -0.3199412729363328, 22.96381558598499;
  -7.513650400014334, -3.464046160160596, 21.71560073948977;
  -7.848791076153256, -1.702113336367582, 22.65911201037151;
  -7.874997045653029, -3.88800913111605, 22.85289322544714;
  -3.572273229842777, 2.027687273418585, 10.99905810606679;
  -8.068170513643162, -1.58058902582611, 23.79262708135095;
  -7.960452548971749, -1.974354332118507, 23.50037980973301;
  -8.158822117829656, 0.04437304179746447, 24.06668199447568;
  -3.793227893129337, 1.935014572216961, 11.73293735787006;
  -8.17960326458428, -0.1707301080500891, 24.22361400781269;
  -3.746067553628961, 1.028957810721862, 11.62688983699904;
  -7.907634325908334, -3.8778833233343, 23.57117789348675;
  -7.808995993498685, -3.417813068939259, 23.35427540405383;
  -7.86397586225479, -4.946531323492236, 23.56670556629786;
  -4.42963944873607, 0.6199087712367998, 13.75192232982058;
  -3.787846814011138, 2.052115465566669, 12.00110443611084;
  -7.697470135078476, 0.4372417867024175, 23.53315337115373;
  -8.010207371132735, 0.03962560829066639, 24.48936719161948;
  -7.916209820599367, -1.828087938982949, 24.327783265549;
  -8.06269778779313, -1.721023253369807, 24.82824334916275;
  -7.570923066456253, -3.268962373391955, 23.38854606778299;
  -7.517644065475633, -3.22575463083632, 23.25592934266577;
  -3.640876572977886, 1.053248009697995, 11.81330326632851;
  -7.526851428903292, -5.144393807487208, 23.39169604312898;
  -7.667608525600932, -1.901673001595708, 23.83979871427905;
  -7.866108336884183, -5.181831375442012, 24.49040016699563;
  -8.052831770012816, -1.900953981469076, 25.13911782412858;
  -7.6803024197357, -5.71045199683058, 24.0616523952332;
  -7.975220187751971, -5.002581506153888, 24.97960475663601;
  -7.729320993089802, -3.436554843498665, 24.26333822466798;
  -4.151799577227144, 0.6208430176627084, 13.4925130578556;
  -7.642125184333124, -5.439578610668603, 24.02259672577292;
  -7.610641420606935, -5.56209203159033, 23.98324232513568;
  -8.22004997332753, -1.550767642995752, 25.90206026593205;
  -8.406786002988973, -0.09661029223034327, 26.47765191469567;
  -3.535079525266619, 0.9633546573808999, 11.75460746304634;
  -7.935121161004209, -5.274856487911998, 25.20378990806093;
  -7.806433096260757, -3.140137231467534, 24.94126389288656;
  -3.520967961994711, 1.003748876723897, 11.91422553197227;
  -8.141482927652584, -1.805087401162876, 26.32523439246103;
  -8.101603067814674, -1.916132106839549, 26.67898495044569;
  -9.770575290384848, -4.147088589298075, 32.02543942762924;
  -8.242386956298196, -3.888643622425022, 27.23560372954033;
  -7.922336801851079, -4.918536337078109, 26.24470959646123;
