m=[-3.44246525470175, -0.68960386194785, 6.457552488574934;
  -3.426739852299571, -0.5996532918355311, 6.460514703138396;
  -3.425597879762436, -0.6335126313274998, 6.4610285301944;
  -3.656679295575744, -0.369196775751118, 7.160985433307292;
  -3.67819841777303, -0.900838762899006, 7.225305650441592;
  -3.624815463658333, -0.1831917272519203, 7.179812730315268;
  -3.524123005372154, -0.3161221142149931, 7.304225834239902;
  -3.52776341746388, -0.2932438340411532, 7.343093485524775;
  -3.591477464109454, 0.3967173179467991, 7.672711982368159;
  -3.612803019091997, 0.3990729548847853, 7.718271182691801;
  -3.569899757740084, 0.879417430602955, 7.704418861742747;
  -5.089678019596296, -0.06748687392679363, 11.03032763868779;
  -4.814214715753503, -1.880866930914471, 10.75869596463184;
  -4.92094132420182, -0.9394014408800896, 11.04304132958054;
  -4.857021159484832, -1.972585904234607, 10.98836574406853;
  -4.69737652242378, 0.3625915905151775, 10.86325475115285;
  -4.852796910059021, -2.08026570815795, 11.29870340526733;
  -4.788516280672541, -2.106884724426649, 11.25225210578219;
  -1.833349238827891, 0.9783682129627198, 4.903594257646504;
  -2.239955874356583, 0.5357456927290191, 5.870471480391505;
  -2.188252454738444, 0.4268994910976678, 5.844211919920976;
  -4.593504908037008, -2.047982435236023, 11.22460398334042;
  -4.512318294738199, -2.046388092568089, 11.20419988814014;
  -4.431219943163106, -2.055492518375442, 11.22396151870474;
  -2.116547223819171, 0.520431139454232, 5.868043092080746;
  -4.309292110638042, -0.9081415522221945, 11.02334065459952;
  -2.091453020421327, 0.5453092032740359, 5.864963003150395;
  -4.201236192551293, -1.836824994022813, 11.02374620944281;
  -2.049711973537262, 0.4251047985562438, 5.891677424340275;
  -2.066481723817558, 0.4162616184230023, 5.993206681397768;
  -4.360012816142285, 0.1346825248107973, 11.90540520997195;
  -1.974250904971994, 0.4167375958754622, 5.920697667153978;
  -1.894739569679503, 0.5204409828693144, 5.880814462388778;
  -1.971249485350636, 1.004635589652148, 6.080320325879387;
  -1.970382186007087, 1.005138196327827, 6.094643246022327;
  -3.710539046583378, 0.2534691638909178, 10.7212546404095;
  -4.060085213687701, -0.8804827548542229, 11.72128608546064;
  -4.136108910108904, -2.042061618127293, 12.00280517485593;
  -1.914502168318558, 1.037206545400672, 6.065752284428076;
  -2.232796928111469, 0.3124702170786886, 6.931771826804594;
  -4.156629353511476, -0.8143014242791811, 12.25768988846502;
  -1.834023581076123, 0.530554015712674, 5.950730909597814;
  -4.038471154805072, -1.980455759274919, 12.0379266521901;
  -4.078694335589567, -1.785148156817133, 12.19810470918628;
  -4.094150935432153, -2.575268057780316, 12.26932169291371;
  -1.78593392134482, 0.4866899736215425, 5.938466744609976;
  -4.100994495173487, 0.02028716535523896, 12.5378476973077;
  -4.103100878019599, -0.9475278444514574, 12.60948751224319;
  -1.7626510251269, 0.5024922139663619, 5.964445593997014;
  -4.169408537681106, -0.8899811496111972, 12.83926205845772;
  -4.127866191324425, -1.782324182056761, 12.75204987951691;
  -4.145746651654001, -0.09391678328166105, 12.79362443437115;
  -4.001097598368753, -2.635739578390471, 12.45704700401696;
  -4.076253906267384, -1.010967366854479, 12.67371336307132;
  -4.162137393217591, -0.98251545233084, 12.99325073670847;
  -4.089514449856857, -2.565211853012134, 12.80898234770506;
  -4.319970104449092, -0.814991378206515, 13.61258463823777;
  -4.36051728237193, -0.05011080914580609, 13.73369784000795;
  -4.033573986084603, -2.681310528001923, 12.81156887981667;
  -1.692801125304209, 0.6411095199989898, 5.969024766981786;
  -4.209788302215724, -2.002272173673119, 13.41468418228579;
  -1.810551414796664, 0.3081572920822422, 6.394824687036314;
  -4.406698239654431, -0.05675812618654857, 14.20474246635681;
  -4.302174477791507, -0.9538558290270863, 13.91094872169435;
  -4.395424479093359, -0.8879340728633509, 14.41947992150854;
  -4.29096634773128, -1.01486808467818, 14.13036724408065;
  -4.682869925440951, -1.987628758367447, 15.34924635320718;
  -1.629727324714908, 0.4733095472035273, 5.972591581773206;
  -4.37651687081212, -0.9773233909110505, 14.55138882868463;
  -4.353186255678028, -2.639805463405474, 14.50062810651825;
  -1.62646531125394, 0.4128768406400382, 6.063519715162658;
  -4.374521730852704, -0.9918319332436957, 14.78289921608518;
  -4.566961839760465, -0.2044945035881758, 15.42514718334246;
  -1.598486080551672, 0.4354709086434994, 6.035661059675001;
  -1.589786691439731, 0.5713003007867897, 6.011208049239179;
  -4.495314057294954, -1.073541808138112, 15.39851868353382;
  -4.468607152435792, -2.581425721814121, 15.37261141006697;
  -1.581793641321595, 0.4554164088569824, 6.070420158853869;
  -1.559036201203788, 0.4873071381489562, 6.049259200068163;
  -4.610352336203579, -0.05356719571015866, 16.02734333151551;
  -4.498128153345554, -1.842310996392852, 15.70909795571485;
  -4.461556659375234, -2.71191397288671, 15.78718604518036;
  -4.54282552202747, -1.177872905874974, 16.07907163289443;
  -4.572202563003239, -1.868041287932212, 16.4920989196959;
  -4.419303344051088, -1.147587200889506, 15.99974932187144;
  -4.634331065199949, -0.9839585721161734, 16.80458814187177;
  -4.421821365126041, -3.432742456958369, 16.12396643176438;
  -4.415620908423043, -2.748726008958121, 16.10875051491162;
  -4.55072588755124, -2.062623795729546, 16.59930163612778;
  -4.608448125332244, -2.720836827520603, 16.83869446533385;
  -4.632312726603558, -0.7073611587967382, 16.967411735833;
  -4.626637478656962, -1.934986179009859, 16.984317056378;
  -4.683797087031942, -2.690104964550289, 17.27746875564938;
  -4.77966430342284, -0.8192318734947953, 17.67385692508291;
  -4.725047533016224, -0.2136078876224691, 17.48932487451576;
  -1.551806614270154, 0.8313810966345795, 6.403257612082266;
  -4.697175891807847, -1.911125972699532, 17.4617651104507;
  -4.699809327451121, -2.115541776453696, 17.56839169208397;
  -4.550022471796288, -3.498657207033442, 17.09322446394264;
  -5.04170652896572, -0.9872656367066245, 18.95271341528991;
  -4.76856215085156, -1.974903026479085, 18.00538398891007;
  -1.499472228367032, 0.8317507070210174, 6.301430651720131;
  -4.791459845002829, -1.054462838131665, 18.09571758891298;
  -4.679597549878382, -3.645942925806506, 17.86782887375015;
  -4.960584121111538, -0.90613073264191, 19.01294328796257;
  -1.823582025751729, 0.4931852523473189, 7.589313347821409;
  -4.833626253600076, -2.738788290711516, 18.6052066476408;
  -4.711035401039553, -2.016411543590377, 18.17868768628115;
  -2.867821097130993, 0.02680747643588997, 11.53135588957761;
  -4.828577015120762, -3.80766883406352, 18.88766157081493;
  -4.985777631270686, -3.931632454180839, 19.50257400304194;
  -4.797736533976988, -1.104854584900342, 18.93976908615619;
  -4.933902211843622, -2.354761952337752, 19.50636501945006;
  -4.781979003064606, -3.769164950789484, 19.02688773507002;
  -5.132809989923799, -1.034212834062388, 20.46269760023963;
  -5.187576343045955, -0.7244455720390556, 20.7130692024321;
  -4.996457699511218, -4.312173697879723, 20.08397984210759;
  -5.032581341911071, -2.768441155566216, 20.28110422841732;
  -5.065616192533902, -2.096372900296816, 20.4208399130153;
  -5.111103802704023, -2.714908274590048, 20.76207070394165;
  -5.224615911055619, -1.104424225839405, 21.2342840068728;
  -4.926470052693752, -4.325211857960353, 20.12420405843837;
  -4.982384249438058, -3.778107751817502, 20.36803718472326;
  -5.205983540257478, -1.958630184971244, 21.28038124863024;
  -5.223351060589376, -0.9824428294876746, 21.37772080584167;
  -4.965141058799385, -2.817638664055034, 20.34617636136938;
  -5.0346870716739, -3.178639059972711, 20.77387547193602;
  -5.075941996120063, -2.143508606764276, 20.92399219978087;
  -5.108647384148185, -4.63003797980674, 21.07882529664641;
  -5.487546872886473, -0.386047083984578, 22.62540117057782;
  -5.010135984996125, -4.073168457865849, 20.92122125848777;
