m=[-3.616041779151614, -0.4481071610018791, 6.663148410066379;
  -3.492222144145655, -0.9752277258831128, 6.661682576074163;
  -3.452004585107782, -0.3120290385384537, 6.71698032063111;
  -3.469978614790895, -0.3577892869963993, 6.761218660745759;
  -3.481946854563513, -0.1003208231444112, 6.843032870694042;
  -3.517247790380756, 0.8288663361214711, 7.165355364100292;
  -2.455221283620851, 0.83556481811993, 5.427250666004165;
  -4.046825869779815, 0.4152473778065491, 8.593155951732404;
  -4.876800889850771, -1.913725927290062, 10.29336437035286;
  -4.844909249842995, -0.9789034102365298, 10.29462598557742;
  -4.759262742229099, -1.950916914768669, 10.22396533067322;
  -4.754547823894766, 0.2536500701904249, 10.32715468565539;
  -4.757598812168412, -2.018864664976805, 10.37174807819104;
  -4.709797376060246, -2.107347776301856, 10.58785255972267;
  -4.555765837470196, -2.092180346480163, 10.48451684688604;
  -1.833689168242931, 0.9860531426787823, 4.836927317857509;
  -2.05948222406002, 0.4326663068520062, 5.348968571256815;
  -4.500831167547402, -2.213905224603632, 10.62015489850048;
  -4.420861730259833, -2.096547050292342, 10.59477294570941;
  -4.228370487483778, -0.1883182692789244, 10.48303118665046;
  -4.265233940199039, -2.039260029261658, 10.6019751790483;
  -4.198954835331244, -0.1022503917270308, 10.48668869965881;
  -4.10603124532431, -1.882581506634326, 10.39777520056018;
  -1.899357011248996, 0.5056778919116078, 5.393514521984526;
  -1.86038087366813, 0.4848661689473178, 5.352374403983637;
  -1.868407782578629, 0.5047323900692581, 5.38271697716348;
  -1.986123369774519, 0.9890643159759174, 5.69837324252736;
  -4.155213223100484, -0.3227082866700042, 11.30735796532744;
  -4.079309762469647, -0.4628693125301963, 11.13412808023981;
  -3.901140725257886, -0.08980195746515778, 10.73026899746941;
  -4.073549936898514, -0.2416397987810598, 11.27216160147277;
  -1.751636931116059, 0.4518224228076644, 5.409208725805487;
  -3.976185380701025, -0.939188141878606, 11.11342730421656;
  -4.018782906770787, -2.086867151265334, 11.30728980669119;
  -4.037987749360537, 0.1498885538153831, 11.44833758577139;
  -3.936945681155339, -1.059682157515344, 11.27634292127343;
  -4.030358567978246, -0.8662130279503135, 11.53367570891564;
  -4.08174096657678, -0.05392024716794867, 11.6938606463088;
  -4.040056787668776, -0.1570758623900264, 11.62307399996182;
  -4.064832498144959, -1.873495609199626, 11.79001622967555;
  -1.693452734084544, 0.4319149374120396, 5.50602332704433;
  -3.995971565744929, -1.006377757275264, 11.9353001090789;
  -4.009302455401289, -1.037075168106156, 12.18812403080568;
  -4.198482619683341, -0.8849947331495055, 12.89960853847449;
  -4.197090656095299, -0.1314223317801058, 12.89849136798935;
  -1.583502996452689, 0.3761042194323516, 5.50510499013637;
  -1.562786429653114, 0.3992217430895158, 5.495682480773599;
  -4.230917406127341, -0.1342538616313471, 13.32386774379889;
  -4.163561835640391, -1.017736338866221, 13.13804600157583;
  -1.572328102402888, 0.3007138357461934, 5.574779460478113;
  -1.547136030166046, 0.4412892643911028, 5.500567818817504;
  -1.531249783920384, 0.522575806651879, 5.481156433938079;
  -1.542139131431382, 0.3942976915727735, 5.517148828259086;
  -4.191366077202105, -1.091674478976911, 13.48236063304882;
  -1.525638753521466, 0.6394110118450088, 5.5160095164048;
  -4.148864732869288, -2.071937765808445, 13.40592030816943;
  -4.404780289392052, -0.2899680266797137, 14.58064927310655;
  -4.393965785859605, -0.905736676358503, 14.62518845659198;
  -4.349021929693572, -0.2191878648731332, 14.557566984528;
  -4.354581918111529, -2.122468363144652, 14.64688866125323;
  -4.312749001004542, -2.61681075421691, 14.54747335367651;
  -4.442160814631511, -0.1462941436962818, 15.1566692463732;
  -4.329002876135961, -1.889822524917055, 14.84367742244987;
  -4.396791209710485, -0.3215893068574589, 15.06223292563696;
  -1.508255850557119, 0.7811417165876635, 5.827851051393929;
  -4.374287562035153, -0.8910385875048965, 15.11719630034422;
  -4.257251305386507, -2.712436177819168, 14.78785227295487;
  -4.385912649829107, -1.247952543982257, 15.24102997514083;
  -4.317483451383747, -1.877483213155436, 15.32208490249797;
  -4.222939267465716, -1.220308630130881, 15.07361778308534;
  -4.215552387994392, -2.766921318062153, 15.13680526987516;
  -4.348521259804983, -2.10874067578111, 15.60882283834846;
  -4.434440508851377, -2.753559865227142, 15.94246478350117;
  -4.460821326082761, -0.7815111040550298, 16.07629110996962;
  -4.487147334209496, -2.718169546174074, 16.30433303363652;
  -4.60327430091156, -0.9064233664494483, 16.76759920399136;
  -4.553977801108636, -1.985160933814969, 16.68611659886592;
  -4.496675835154102, -2.156546270886583, 16.5631556545532;
  -4.503993030738461, -2.67853409751062, 16.65609688360825;
  -4.500336143563551, -3.618359724405531, 16.68235394238443;
  -4.584478677512992, -1.130014198840602, 17.06749412366494;
  -4.557567924549687, -2.020787469155254, 16.97556118776858;
  -4.552193301787071, -3.709586248315373, 17.14617161402462;
  -4.699480226390348, -1.089377930879528, 17.68926240458564;
  -4.644719814782917, -1.227514356795542, 17.54916658971257;
  -1.659946327993726, 0.4155970635773144, 6.906908241526089;
  -4.766592046038429, -0.99724164355851, 18.04882422483313;
  -4.633439674960893, -2.77506574740868, 17.60959893056197;
  -4.465298832875891, -2.046581808682511, 17.02268162887948;
  -1.734080269874316, 0.9338626571771397, 7.235883388367309;
  -4.620500962504011, -2.692519296516527, 17.76466664129747;
  -4.950658351124097, -1.222894578940884, 18.98889636577232;
  -4.680154537173467, -0.6043014016107909, 18.03010541450953;
  -4.691383089834346, -3.868589725009828, 18.14164634096065;
  -4.688524302748746, -2.869837999165577, 18.23909680669457;
  -4.64948676534816, -2.754186483209338, 18.18254430001205;
  -4.746445483662797, -2.417459270615401, 18.55303047542624;
  -4.749165900796981, -2.047600008247737, 18.62092454377016;
  -4.588217925109558, -3.786379950035303, 18.05125512922046;
  -4.829772160485534, -1.105117399909826, 19.06521198284125;
  -4.822829065546062, -2.813522480190908, 19.24310938319288;
  -4.830830428604881, -2.154179353654924, 19.29222381597381;
  -4.875327773751017, -2.747976766500623, 19.61879830526087;
  -4.99942037292295, -1.202444583190029, 20.1263697555904;
  -4.736244925070113, -3.778363141380627, 19.17225692162959;
  -4.919485219266049, -2.004557420226662, 19.94531534064387;
  -4.939108872088472, -1.069438133127195, 20.03977717737809;
  -4.822863627452088, -2.909386803771867, 19.58971280083082;
  -4.811249135869995, -2.195334289766821, 19.67338240210993;
  -4.934861576683989, -3.295540170467942, 20.18767655523129;
  -4.897162589507426, -0.4713995191368823, 20.05379888776457;
  -4.981261104742757, -1.753725626785668, 20.45513390954721;
  -4.890046016330847, -3.388935290800782, 20.1090146629467;
  -4.779051219552283, -3.900704410549708, 19.73420698097539;
  -4.779648749065002, -4.075500338042351, 19.79583856350108;
  -4.969646308456838, -1.054309415214954, 20.60930445766218;
  -4.769499686695892, -3.080072703022359, 19.89886291126852;
  -4.959336628931628, -2.747244615490365, 20.77205889246648;
  -4.967512543675016, -0.8344789799289838, 20.92945653208881;
  -4.665252525791614, -3.195437041133404, 19.77015962513537;
  -5.188378528197551, -0.6110783991204737, 22.07958017050098;
  -5.093852071153528, -2.834878348071007, 21.8283293635616;
  -5.456621064919276, -0.8500999092446556, 23.34866782172819;
  -5.177637736224608, -1.001541483159368, 22.57496288807717;
  -4.631523582719065, -3.086248685865389, 20.29946582699542;
  -5.090959742009342, -3.431494752372501, 22.63139257982799;
  -5.402409551386741, -2.866336306349671, 24.01392450227919;
  -5.385828844402755, -0.9518602187552501, 24.20961671551481;
  -5.595967512489099, -0.8614264110657054, 25.50165194407282;
  -2.169776239811891, 0.4761815209698233, 10.50975338480931;
  -5.148772907436169, -0.9833159185199061, 23.8724265828422;
