m=[-3.436354849019919, -0.1312676728029707, 5.492706175954133;
  -3.385051892144366, -0.7179736137999839, 5.440161707888462;
  -3.393218437040583, -0.1829432375143068, 5.459192601103388;
  -3.373888111301384, -0.5956653936786055, 5.455125722095485;
  -3.377026767693509, -0.7017395754805859, 5.463441763639275;
  -3.376186567139548, -0.7365715546526732, 5.46439001380188;
  -3.392584775940947, -0.1443723137394677, 5.48978245551624;
  -3.696734815758791, -0.5976859399915055, 6.107897549604886;
  -3.578269884854573, -1.007827550100627, 6.149543389839583;
  -3.557372935644818, -0.2971985714768426, 6.163024268834123;
  -3.487778949148744, -0.301461282231288, 6.192610527523355;
  -3.567243704905434, -0.1715204738517027, 6.442247828515036;
  -3.481101974709451, -0.1722350713752299, 6.390544549307398;
  -3.512500972119622, 0.6559851420383305, 6.697004042449584;
  -4.898012256822728, -0.2437565108330069, 9.811814323077645;
  -4.854472379231696, -0.2743297894606386, 9.770210272326745;
  -4.804492949332819, -2.010391626865415, 9.714786059038955;
  -4.6985373793872, -2.120859368297698, 9.816515546386087;
  -4.730711215876254, -2.198199421315121, 9.930822363872141;
  -4.63782312299446, -2.206873562214442, 10.00366756081368;
  -4.553706031264492, -2.216075604235434, 9.906605661709694;
  -4.52881019279007, -2.206282756217353, 10.04958750590324;
  -4.419168249585799, -2.190841453883965, 10.00637443596354;
  -4.369344136998296, -2.204720471781396, 10.05515203984818;
  -4.263048492296745, -2.198291382907839, 10.01106181353089;
  -1.841362101918, 0.4123546917261922, 4.888020417087793;
  -4.152394302338777, -1.067014837587616, 9.833879061521927;
  -4.17003879639547, -0.2979722145278634, 9.928708038707663;
  -1.912541431940344, 0.9065367188138019, 5.076121275512374;
  -4.177893129381025, -2.127463539166843, 9.973020762370211;
  -4.127831073877982, -0.2111216582007573, 9.907818021064172;
  -4.032465764576594, -1.974187516753031, 9.797341089109453;
  -1.810197790025115, 0.8989858597222551, 5.027598332522997;
  -1.730447490764545, 0.3999360037414633, 4.909516469946341;
  -4.039661548417512, -0.4369045594928613, 10.60599898244137;
  -3.811469953670623, -0.1983726641432032, 10.08968929934511;
  -1.683810624106616, 0.3817043903942781, 5.041444854387612;
  -1.631934741876763, 0.5504530245253677, 4.922267121846103;
  -3.929343818634482, -1.050208884595334, 10.58158117838498;
  -3.965730541498619, -2.194344039554143, 10.76328552003934;
  -3.998426817113814, -0.3444303806045567, 10.98493572794812;
  -4.030589603573512, -0.1749429100523862, 11.15388231931402;
  -3.946408786479321, -0.276904865799362, 10.96535345552937;
  -3.899732372908023, -2.164227044458143, 10.89690325924644;
  -3.957434677365761, -1.963336166558648, 11.08573133467328;
  -3.893459259533723, -1.042146586784287, 10.9782171246124;
  -3.959084037855073, 0.006046407120188885, 11.14618764384327;
  -3.888226846341447, -1.107058922994559, 10.97446685500812;
  -1.559780172862332, 0.3226952045697867, 4.993401901169936;
  -3.867065409083923, -2.049317806256455, 11.02543528959785;
  -1.545460673097319, 0.3480838083088186, 5.008014502799002;
  -3.848546269910175, -0.1790933215624416, 11.04001758508154;
  -3.882404064248959, 0.05725563666390606, 11.15707251142715;
  -3.849389896021137, -1.154374284772465, 11.10503967005937;
  -1.52639485510584, 0.3894490159053509, 5.000915107175134;
  -3.920722762050812, -1.041817748981149, 11.36310997254851;
  -1.511865111213076, 0.4707130934160409, 4.985905045194794;
  -1.521912389257489, 0.3422228955552394, 5.01935990977491;
  -1.523403995481172, 0.3663834768780883, 5.025353734211315;
  -4.094655321321713, -0.9981820213630868, 12.20928839919178;
  -4.171745382487281, -0.2663298342774647, 12.44537228195071;
  -4.159953960124968, -2.256242755467417, 12.54764121761816;
  -1.541610674312142, 0.6992423477325047, 5.243292342930915;
  -4.024375252671989, -1.123582983816902, 12.33987490525804;
  -4.137512646901844, -0.2674364748680495, 12.67174426849339;
  -4.08141357168394, -1.214690665703395, 12.77045416062144;
  -4.058121874489284, -2.189917133365995, 12.75202931847496;
  -4.109919460389238, -1.108270027080297, 13.09835765582149;
  -4.031808910509268, -0.3374633888248962, 12.8705411841361;
  -4.096548482406357, -1.182182616205738, 13.20185239206095;
  -4.002628555229405, -1.98033003737517, 12.94903301146973;
  -4.26416846484394, -1.037422117212974, 13.85060951601316;
  -4.121828489516647, -1.247825892478571, 13.50935465313842;
  -4.243442702330471, -0.2953864742634393, 14.15281245091926;
  -4.25899260523643, -2.025812601952616, 14.24345854657705;
  -4.250697314075682, -1.030689732205672, 14.35583807278247;
  -4.146816055689515, -2.825048987501043, 14.06345526614279;
  -1.70687348128037, 0.3688366211227008, 6.353009329830961;
  -4.222086294337916, -1.370948783991165, 14.34593800795631;
  -4.263395832090826, -1.308876989892427, 14.49188020469235;
  -2.767173645387489, 0.06666781511391239, 9.756047771284463;
  -4.244644072404623, -2.030292807540958, 14.7248478669513;
  -4.262154518116871, -1.029100881554458, 14.79567881880534;
  -4.239327358251577, -1.38443199004242, 14.73686215955045;
  -4.273386219300355, -1.18749843144978, 14.92410240096639;
  -4.156251136669718, -2.921273201562815, 14.58986385977481;
  -4.32965094392615, -1.019734970715351, 15.20354106437597;
  -4.307415720692719, -2.868416314184766, 15.15931477409118;
  -4.159942748877612, -2.201160090333942, 14.62648118625135;
  -4.358731744640349, -0.9258405682727072, 15.38674689597481;
  -4.361024503761207, -2.138766108613516, 15.43581532794384;
  -1.65086031019964, 0.3450905771099642, 6.451455083795283;
  -4.334799519414774, -2.82517833089012, 15.43905474279151;
  -4.412016187207975, -1.047183484993934, 15.76698454136828;
  -4.421310592197037, -2.117351602503263, 15.87441479658366;
  -1.699704814726291, 0.8566611600533108, 6.700649535862301;
  -4.320284755742689, -2.268466350000649, 15.61265172314392;
  -4.334566833075661, -2.870533284819388, 15.72676412032112;
  -4.398801920375946, -2.149024572302816, 16.08141666555164;
  -4.35163772414321, -1.257908078830425, 15.91375764401838;
  -4.44665736934399, -2.873833283566724, 16.60815593291652;
  -1.649067405338821, 0.7325368172149178, 6.76382121976267;
  -4.35857428686929, -2.212314598551131, 16.32228771035636;
  -2.902903753538694, -0.02500883999735148, 11.32733562781126;
  -4.42739023580258, -3.87713711684357, 16.85067659875747;
  -1.566123394211208, 0.5477122734705947, 6.610697436815565;
  -4.602018240223377, -3.887322862434076, 17.65260752189137;
  -4.44703919440424, -2.851232736492264, 17.11305367505328;
  -4.489176834208791, -2.49733401321744, 17.27564761195386;
  -4.542045299390699, -2.173108691381152, 17.53560345333117;
  -4.481727599618041, -3.936949603712403, 17.34947863220693;
  -4.515415876055922, -3.784038102392128, 17.61951860464564;
  -4.59749836323069, -2.90933962188889, 18.07973139570056;
  -4.563078583982142, -3.770464121759081, 18.02277664800286;
  -4.654246225812771, -2.86029144937587, 18.47826927579064;
  -4.652200011820999, -3.953743979595942, 18.58112336820308;
  -4.720349478056674, -3.092818220524172, 18.91244243713306;
  -4.513765231214432, -4.095699327091539, 18.44351239401057;
  -4.480431164125792, -4.279185202566941, 18.33947636357985;
  -4.610535291305569, -3.222235465069762, 18.98266603517116;
  -4.695357860908604, -2.844796610560058, 19.42969122167107;
  -4.438906859810036, -3.280788177117376, 18.56239408248308;
  -2.33042539775601, 0.02533498692187002, 10.33077060827887;
  -2.417317426454488, -0.1522919569196902, 10.85581420403625;
  -4.174214745671809, -3.007343057183505, 18.0967818777633;
  -2.123896138114672, 0.06513077606402007, 10.04163632730089;
  -2.05967175350272, 0.5546077603096212, 10.2923132747984;
  -1.986167046488238, 0.0754414665137812, 9.985219352736964;
  -1.958845259252447, 0.2466419263147711, 10.00866099535467;
  -1.952958850883737, 0.4377019953608214, 10.0234275226274;
  -1.948613506081922, 0.123650626463108, 10.0785624526953;
