m=[-6.865361410122485, 1.580328210712466, 9.898753229567632;
  -6.872598327615891, -1.535187432206015, 10.1174654636605;
  -6.868043214166598, -1.750821085183957, 10.132445853709;
  -6.840067034157648, -0.4336894679811244, 10.09610198636086;
  -6.875770991747029, -1.217528751555605, 10.17978474804228;
  -6.839669629835895, -1.42536433203218, 10.13957985271511;
  -6.868578451153439, -1.505043112113885, 10.18238109529594;
  -6.870781505189341, -1.57583788453187, 10.18889617291482;
  -6.857797062057965, -1.715765749288566, 10.17443278075133;
  -6.864860028482095, -0.3599112004229353, 10.1940711982368;
  -6.662899321557356, -1.464570360949727, 10.00627492215376;
  -6.575663262456208, 1.599254796727046, 9.888348130035684;
  -7.291151472656518, 1.378910589160553, 11.17701333197161;
  -7.052177499774485, 1.380597172669561, 11.07824518948355;
  -7.35111419970709, -2.156422320758944, 11.6974595571754;
  -7.262951615782806, -0.7696553120078125, 11.57010436043237;
  -7.311138954970198, -1.139391505383311, 11.64202102736016;
  -7.224518858099406, -0.6851766339024001, 11.61251543622534;
  -7.221432306071241, -1.482405716375713, 11.6104543023127;
  -7.208184422078294, -1.327436710945871, 11.59154164594073;
  -7.161147620305989, -1.579367388554241, 11.57345164059444;
  -7.214592524517991, -2.115258147655505, 11.68017093888429;
  -7.002838236901882, -2.200614609918687, 11.53552449084254;
  -7.121176749657842, -0.69158078025861, 11.73113650053102;
  -7.312138553517863, -0.4339808761579603, 12.29410142294264;
  -7.24206032908519, 1.212872060937129, 12.24405515684941;
  -7.049666750452093, -0.9767798732857235, 11.95650839538076;
  -7.164390575085602, 0.2763661365079443, 12.13672943212841;
  -7.106301278680014, 0.199579811486486, 12.14040825387863;
  -6.746670997632229, 1.532178401524059, 11.67440087791629;
  -6.806525468243602, 0.3050529242673252, 11.78986973476146;
  -5.633303313008473, 1.638940589511984, 10.0891818881426;
  -7.167346921670451, 0.4788914682465145, 12.64437584037272;
  -7.205099865792271, 1.257643904346259, 12.8382618265921;
  -5.160295369431929, 0.9504970579540638, 9.66534060895561;
  -4.72529024840984, 1.16122206055027, 8.931566268711139;
  -8.200150295475067, 0.7259377203767522, 15.13795131451914;
  -4.387573573552872, 0.8507051670958032, 8.841753054185045;
  -10.16203200954854, -0.6456686077182895, 19.51519433898087;
  -9.876895287206558, -4.304686455115088, 19.13100070877486;
  -9.825600528035629, -2.432813319945635, 19.53787454018685;
  -9.663053469855585, -4.535978076126434, 19.35254434124072;
  -4.189668556299535, 0.8283804396692009, 8.948691113807596;
  -9.78599840330439, -4.729832296836817, 19.70290073001304;
  -4.114445966523351, 0.8820571749143465, 8.888707956611746;
  -9.491561729335647, -4.699334814020723, 19.65799112128111;
  -9.50100909919804, -4.822095180977542, 19.83085990227468;
  -3.921358840866113, 0.5929133711426708, 8.807660374643046;
  -3.935568075550239, 0.6203979487340068, 8.938986350951153;
  -9.410857545559505, -4.770567980614935, 20.04563407252064;
  -3.921710187797081, 0.5799569527044508, 8.934854955381143;
  -3.701995712618267, 1.79587624607069, 8.493204712348961;
  -3.68457246244387, 1.844987172903037, 8.464869817019979;
  -3.640752593253479, 1.867923074308423, 8.426275884503635;
  -3.902947188787765, 0.8753674737664045, 9.004914244067447;
  -3.82533207345331, 0.817181888496047, 8.945508740859838;
  -3.861644900658849, 0.664648460805495, 9.036788486396924;
  -9.041271400734622, -4.749700355815114, 19.98421630128942;
  -3.526206779097302, 1.841661038390291, 8.384458894889177;
  -3.777677401774284, 0.8741365695749621, 8.963228827736316;
  -3.776590612912598, 0.7904043769128553, 8.985388641576433;
  -3.765983707562647, 0.8249026207028282, 8.987945623798284;
  -3.672627902867997, 0.8228251434459261, 8.812001190716721;
  -3.743790532126907, 1.847757639838314, 8.988802627016376;
  -3.718462773957303, 0.8722073914297208, 8.948295024527738;
  -8.723393458044706, -4.682432906357644, 19.68493626246198;
  -9.042890959505282, -2.280620906291388, 20.4244609293768;
  -8.561316115166202, -2.356841243836058, 19.46809782117117;
  -8.586445756834067, -0.7476326110827906, 19.64599904163423;
  -3.834330349371263, 1.786206494528874, 9.310153833057372;
  -8.538440023752498, -4.526073756478727, 19.58181372961967;
  -8.594436838579467, -0.5794820777143955, 19.81354191307345;
  -8.311239744728653, -2.298265500736812, 19.30836062436854;
  -8.253373442971743, -4.217653556627289, 19.25365480193358;
  -3.661758867073083, 1.789668030148285, 9.2903134338419;
  -4.329650016476075, 0.3614824566999854, 10.90298156553287;
  -3.491204211268169, 0.7659142057589966, 9.025795038112213;
  -8.342233749240323, -1.055785305615396, 21.14043512219144;
  -7.85426103719921, -0.548988639087009, 20.02026166041123;
  -3.721377255180277, 0.2388705556776008, 10.07606986751849;
  -3.430130966611944, 0.7329357151714805, 9.381352372673716;
  -7.689712846070791, -4.175213488085738, 19.85707529767953;
  -3.30323870352672, 1.079125507265216, 9.085672425533575;
  -8.172643352510432, -2.345356896013869, 21.2290507427538;
  -8.396979866755919, -4.877628978833358, 22.00721505336027;
  -3.227756046585275, 0.842043809808477, 9.063494212861476;
  -3.1953395824452, 0.985373213758643, 9.028716121109916;
  -3.227707667977991, 0.9057166235210779, 9.13811147587489;
  -8.119689185145841, -2.643092204398924, 21.67042743032702;
  -8.380431320878893, -2.242901728556616, 22.38327906086832;
  -3.176361630187248, 0.737855496066585, 9.099692726440699;
  -8.370997495654354, -0.5304194630629678, 22.42651393732007;
  -8.104874179702803, -0.7211387728994976, 21.79276842080242;
  -8.1458037958592, -4.726588048399074, 21.98764078123781;
  -8.226835311349065, -0.6076115681282561, 22.28469366424429;
  -8.065023183851118, -4.211726742023652, 21.88444142437772;
  -3.167431639559422, 0.9216394111504935, 9.199485052284826;
  -3.168348864448027, 0.8044374593900024, 9.227587189561294;
  -8.215772546616048, -0.124719980395361, 22.38702620587169;
  -8.062342935747655, -2.473630530457485, 22.01263962916467;
  -8.030646365028707, -4.442184466376753, 21.96390643613093;
  -3.128987630143454, 0.6087197152525059, 9.166718189501165;
  -8.071824920847336, -4.48513349329042, 22.25461741241407;
  -3.132525813983064, 0.6636832977315751, 9.280723837525851;
  -7.060929886590778, 0.1068283587586795, 19.67407295473759;
  -3.104702487030973, 0.9423737968267676, 9.211995010743786;
  -7.930916681777439, -0.5220627158849915, 22.03099086758996;
  -7.924928051710333, -0.0003587332540840632, 22.06300741387805;
  -7.924265595269675, -4.203814372589833, 22.18714266626903;
  -3.078384474250974, 0.7445365278566739, 9.22548790653171;
  -8.204144725672776, -2.355229068525545, 23.03191625165925;
  -3.051256334461572, 0.910579962836755, 9.200053460890553;
  -8.305474992610046, -0.7839841138536573, 23.39813369843609;
  -3.074899628185786, 0.6516784022380576, 9.281289378371202;
  -8.156015343451076, -4.480216490838567, 23.21780402421024;
  -3.025816880336784, 0.7629139258307864, 9.237720992697291;
  -7.925820674312003, -2.513963288499774, 22.6321237774444;
  -3.00782974073352, 1.377378758844038, 9.912017774862832;
  -2.998061710163145, 1.58872370185174, 9.961819738174768;
  -2.950169797818427, 1.494611157077928, 9.964692287587241;
  -3.232232446518031, 0.6537235326122965, 11.35885469655202;
  -5.656565097753233, 0.02693306283163138, 19.24996393090597;
  -3.250094220322987, 0.6611926055461419, 11.63077380194931;
  -3.347553435618203, 0.6425183391365182, 12.298925492961;
  -5.427262596129867, -0.02633670568625898, 19.42917588594779;
  -3.449947064170551, 1.683502552950977, 12.80912324706438;
  -3.251144159887431, 0.6055423587702298, 12.38141628205266;
  -3.298225766016189, 0.6779048040620113, 12.5513514215113;
  -3.44618821347019, 0.8330608159248436, 13.23974498338985;
  -3.337732486770659, 1.43142378953204, 12.9254675647995;
  -5.284735470101838, -0.2228136026068057, 19.98313324633751;
