m=[-3.407381929231588, -0.7466256284908758, 5.051301603002638;
  -3.630380283185358, -0.3847115632011384, 5.783306975807713;
  -3.58825505161258, -0.7365920741031509, 5.769114704123842;
  -3.596970142737687, -0.3411382741267851, 5.781682092137507;
  -3.631539335028181, -0.896046278722574, 5.832805287917966;
  -3.599146025043799, -0.8317829129098563, 5.812442623627957;
  -3.542843500739888, 0.1366650743409623, 6.001701406171716;
  -4.92637645914375, -2.147082195347611, 9.542119136733929;
  -1.983375622406838, 0.3866221042687337, 4.422871875791132;
  -4.803781225371412, -2.254964891663603, 9.620705241840009;
  -1.928126333423294, 0.4324473265843643, 4.44859011520412;
  -4.858152072028134, -2.348073607437379, 9.781289967731476;
  -1.871138221569344, 0.3916113743122237, 4.451873619932078;
  -4.762179469409862, -2.357786464375542, 9.862958741370242;
  -1.866512409447711, 0.4088416460846186, 4.454642756040569;
  -4.62195526094897, -2.342969455118556, 9.845013954574354;
  -4.47136195053908, -2.34896493049949, 9.883196778460597;
  -1.730108752356684, 0.3795581096806179, 4.472842620324165;
  -4.385494219622637, -2.353990169463824, 9.896168802641277;
  -4.342167696663722, -1.095096520789649, 9.807309948384262;
  -4.257538248675064, -1.172055979093132, 9.681475369861969;
  -4.256992470998835, -2.25655527835489, 9.762864572872811;
  -4.248875049881334, -0.3699548844385359, 9.721530598566316;
  -4.152484488163801, -1.14826573827864, 9.646896305140908;
  -4.12538608392047, -2.108162124194756, 9.623793244463428;
  -1.720795685100028, 0.3676922625985177, 4.706348194991868;
  -3.88064236309275, -0.2712449407535076, 9.89163399989285;
  -1.557492982118693, 0.3029979011261226, 4.56284937392139;
  -1.542947618745021, 0.3269018755614675, 4.571285791619045;
  -4.124059219552317, -0.4472896438075559, 10.62748941542728;
  -4.011390280763702, -1.151174895537588, 10.41988548211438;
  -4.194446868281135, -2.436465957945542, 10.99301126415808;
  -1.498862572004682, 0.3779155098644456, 4.575978915496958;
  -4.097782698963736, -0.01898816168141041, 10.8505306404244;
  -4.084274796707451, -0.2587957821986942, 10.94207060744614;
  -4.025506031617077, -0.3581731703139546, 10.82397070928881;
  -3.995995011450888, -2.08679363556204, 10.84313296647516;
  -4.05014058287878, -0.2991323124346482, 10.97094311126752;
  -4.020400941242898, -0.3978529046816728, 10.90534724065263;
  -3.994340884546126, -1.225515168457863, 10.90576116003418;
  -3.941828152533137, -2.147733883046115, 10.92323804964184;
  -4.007668343330311, -0.4968719565610491, 11.11307765407566;
  -3.942800051341134, -2.091651185186168, 11.03944159770449;
  -4.038054579856414, -1.159236440211704, 11.33623772041092;
  -4.228295184702168, -1.126981263674702, 12.26008061752431;
  -4.251241924894974, -0.3608218195821502, 12.33780527925565;
  -4.292237019973128, -2.440164002880374, 12.58975173629382;
  -4.105319399003061, -2.289121478664226, 12.28924065766695;
  -4.186016498841712, -1.270599216945285, 12.49199202645228;
  -4.136524780102754, -2.168585553131292, 12.39675680956797;
  -4.290516255827487, -0.3721731419579458, 12.79939434701357;
  -4.115654386473553, -2.363545046077185, 12.3801605581014;
  -4.156326954499383, -2.231911934808624, 12.53956567241358;
  -4.243758126541706, -0.5621078205207237, 12.81036475779907;
  -4.237729740032122, -1.188485488724754, 12.89085728528752;
  -4.195324924729672, -1.355927658482659, 12.79998922174538;
  -4.108053258029645, -2.336825610149014, 12.58442971356963;
  -4.174089092181824, -0.44133358767846, 12.99920516661824;
  -4.251320554564131, -1.338941612272687, 13.38575308608439;
  -4.464834216367901, -3.163439398870357, 14.17351014510986;
  -4.44004812694734, -1.193235025281839, 14.11120672500765;
  -4.466700770527956, -0.4263355258226748, 14.20719785501756;
  -4.417940110817535, -2.458878261930662, 14.17983298327764;
  -4.398619703185211, -2.997809496712393, 14.1609607130897;
  -4.455042032016513, -0.4932422243390341, 14.24030924573385;
  -4.421385006884541, -0.5683741223602037, 14.36093792382664;
  -4.433954334587692, -2.243980133733348, 14.53204646763918;
  -4.450049303254252, -0.414658793942413, 14.54625723063225;
  -2.882001211726804, 0.01372230644832614, 9.807792965487852;
  -4.365697035132401, -3.118945756350628, 14.49717150581225;
  -4.428692615865545, -1.190989596436808, 14.6615280696306;
  -4.400316672778685, -1.550384122407814, 14.65704095615437;
  -4.398891228963613, -1.471436695912805, 14.66861307860623;
  -1.631457576724428, 0.257409852987746, 6.031687439309625;
  -1.61724804646932, 0.395839737788136, 6.030396250182061;
  -4.308411702575167, -2.190213095308305, 14.66707650864251;
  -4.461989270544946, -1.196646369787124, 15.20581811580234;
  -4.369568668738784, -1.565676070389494, 14.94738739316189;
  -4.330470321257971, -3.194918124403728, 14.90858473483628;
  -4.510299542225347, -3.154197984001807, 15.58700525420939;
  -2.674325107278154, -0.01297761293326451, 9.573874852225798;
  -1.648971919154401, 0.3071295200595479, 6.279822353116709;
  -4.517410509649874, -1.189130869256958, 15.59289647534406;
  -4.487361566373605, -1.061893622131669, 15.56588219762577;
  -4.559162602897813, -3.119318483830646, 15.94963580178133;
  -1.733720280239659, 0.4398472266313505, 6.616366570986044;
  -4.648630609091868, -1.231889627512439, 16.34979338144686;
  -4.629955676704298, -2.365292467346869, 16.37063600846422;
  -4.574038813978014, -2.551763871810136, 16.26245885018169;
  -1.645600687340091, 0.7533051441492287, 6.457283374044538;
  -4.6311954298644, -2.413282377504139, 16.67799328035274;
  -4.619049445763367, -1.471602485377848, 16.63396545096204;
  -4.846846411555157, -1.417029315321668, 17.45077595193144;
  -4.539398629713394, -4.106110932460822, 16.53646907705383;
  -4.77383147875601, -1.447668440344364, 17.41964387949631;
  -4.663152971168644, -1.575939709796654, 17.07713489031059;
  -4.724325259793801, -3.220038427891726, 17.39459347978026;
  -4.755866939199404, -0.8268456842897215, 17.39811136233898;
  -4.708415432165956, -2.551975538204435, 17.39548335753457;
  -2.951500511782772, -0.09548137518600672, 11.20925528939173;
  -2.982119925926725, -0.2245943788458971, 11.34690645123729;
  -2.691215073195689, 0.2082170436502978, 10.35807302498671;
  -4.730085351938518, -3.158098779468895, 17.6467461875837;
  -4.818809134014476, -4.42002986113066, 18.09726973193379;
  -4.791763500470733, -1.549450111300245, 17.90954276116989;
  -4.766377569251449, -0.8634060477075366, 17.82227941332788;
  -4.808555667285058, -1.413756213033928, 18.03026315720296;
  -4.690225502164672, -3.290186435515953, 17.7576450313091;
  -4.70959978299703, -3.194008276448588, 17.89699293905254;
  -4.789027741604474, -2.837449551177697, 18.21148468567798;
  -4.716007859093383, -4.339240461172938, 18.02917387269094;
  -4.853745595014782, -2.489172534005101, 18.52558801585155;
  -4.770493701357703, -4.193133947659216, 18.40324129786131;
  -1.567477228917334, 0.8486237316577125, 6.631908979022859;
  -4.936108136223447, -1.501041702144598, 18.99330614570492;
  -4.988657146396583, -0.8368779420212297, 19.25058065480358;
  -4.915486400657679, -3.294668233951315, 19.12480395768099;
  -4.897477264725048, -2.592019844182178, 19.08240270092793;
  -4.972244488766068, -3.24252898737402, 19.53926573120157;
  -5.004440960630942, -1.596464778020477, 19.70940961924045;
  -5.087154774580019, -2.498847263060444, 20.16910865293116;
  -5.063146670781599, -4.356053718083221, 20.1870621093159;
  -4.961825583178243, -1.459914216454181, 19.69234662196111;
  -4.826802285597198, -2.625264562800553, 19.30390980140077;
  -5.029779320914757, -3.8318428235765, 20.14554243520397;
  -4.910206985048961, -4.493849076254004, 19.82405049103062;
  -5.044207329879909, -3.968353503765264, 20.2926107424946;
  -5.030263612809441, -2.188819533247531, 20.23291863727822;
  -5.110864545933061, -0.8934241049721369, 20.4906636168231;
  -5.043704856738041, -4.290095215071967, 20.50662571157449;
  -4.931123489100201, -3.647036858606503, 20.12906506831356;
