m=[-3.575677511998461, -0.2998205871189004, 5.30769878708265;
  -3.53613079424077, -1.002396256440843, 5.288916234925746;
  -3.484299196246708, -1.062439384194831, 5.297084119000972;
  -3.471474195010176, -0.3990226851662893, 5.413537855982957;
  -3.488569382150318, 0.1750913585555487, 5.481477961477381;
  -3.459965680735165, 0.1989158019992619, 5.48825436496691;
  -2.024278622426211, 0.4718007792700948, 3.931749496135804;
  -1.960208601564122, 0.4163405879590411, 3.943681526054454;
  -1.933216755149869, 0.417260720137195, 3.94722113677802;
  -4.94705933445191, -0.256378377145749, 9.115733508357264;
  -4.88849190633452, -2.087205111730643, 9.071153661622411;
  -4.897425287901941, -2.091019335018688, 9.087730568870835;
  -4.839315199889636, -1.148935620629207, 9.233477922717505;
  -4.769777006304484, -2.198455962242671, 9.159555033098714;
  -4.805276245208997, -2.28553690345196, 9.288304303402832;
  -1.70505133699971, 0.4101736598553612, 3.976957365814625;
  -4.734709244140249, -2.304542003335223, 9.412470888704508;
  -4.517373089459628, -2.296616523979242, 9.437748145496483;
  -1.667829793292512, 0.3936465959784224, 4.137766580687499;
  -4.412248567919353, -2.280129628781152, 9.372549680180837;
  -4.336216176096584, -2.29393106555714, 9.400714236224616;
  -4.265435894709293, -1.036741676659659, 9.277932160595119;
  -4.157639777092974, -1.09932914059692, 9.078425429323362;
  -4.198320987118049, -2.187879847348233, 9.244930806191199;
  -4.104243638807795, -2.059661901441561, 9.18644773709733;
  -1.539876557909746, 0.3332323219414562, 4.082136993952343;
  -1.515421468006609, 0.3575511395268216, 4.0714626001096;
  -1.493551981747607, 0.3518712832724619, 4.088222432027057;
  -1.492023872425838, 0.3756665449439243, 4.086404885072017;
  -3.901950667715622, -0.2178043884854996, 9.577850209612015;
  -4.133173933256297, -2.359394731617226, 10.46916862076529;
  -4.016917822941428, -0.1969871199739522, 10.42704798421;
  -4.034894728514221, -0.3038370426595828, 10.49772805540395;
  -3.948691593666038, -2.027416575670001, 10.36515245667667;
  -3.984802864229869, -0.2373035825409782, 10.45630289700707;
  -3.932976442759314, -1.092728462504855, 10.38318934279895;
  -3.901858621892539, -2.172378411352758, 10.37498435961913;
  -3.921177020025999, -2.143347713659399, 10.46545588854166;
  -1.450858833947422, 0.6156097974608112, 4.487064382925989;
  -3.946073762680766, -0.2446537641926235, 10.58373814447612;
  -3.876427884724957, -1.202201490720033, 10.48397544585222;
  -3.909098380024173, -2.037977272775137, 10.59682616003526;
  -4.068981767084756, -0.4521246229828256, 11.12835083366606;
  -4.122205709958187, -2.276595430150584, 11.55204949338064;
  -4.237823149223186, -0.4237821128232163, 11.90135037307688;
  -4.142494703694833, -0.2903392884633269, 11.7297834424454;
  -4.173959862059564, -2.322466587513609, 11.92106205158373;
  -4.007809282475383, -2.777895145581677, 11.47932698227521;
  -4.036551792340827, -2.158912216824882, 11.74307491418513;
  -4.036612468067563, -2.215280705235064, 11.76968365270926;
  -4.147624562417112, -0.352813852037038, 12.02890388177969;
  -4.109053494665298, -1.196537950894408, 11.95126659270463;
  -4.087323561852254, -2.10423888457129, 11.9304151409044;
  -4.220433903041411, -0.2962507351320253, 12.29458492544983;
  -4.104296182344086, -1.278862899933922, 12.22750227643743;
  -3.999374915138013, -2.242359646092691, 11.96059193945223;
  -4.118160365316842, -2.545662342357625, 12.51194141386506;
  -2.174412876738491, 0.2065816386310126, 6.773578198799429;
  -4.156985298984211, -0.3736790709374278, 12.65178387472491;
  -4.163355331743035, -1.258368741630071, 12.81843833676476;
  -4.272830110897684, -2.196154510103197, 13.1773662040841;
  -4.178887967594835, -1.19292011092464, 12.90485775252828;
  -4.378169937478869, -3.069109708839188, 13.60994942680767;
  -4.355459355553064, -1.11402631103491, 13.57140508682915;
  -4.288747871337758, -1.368984546529313, 13.46989910536024;
  -2.892883007213483, 0.06703519946391616, 9.49473654559835;
  -4.152024454834196, -0.3141500579866302, 13.3195580452932;
  -4.308002391192874, -2.138877212955843, 13.85886736885542;
  -4.288159955187282, -3.028514697908685, 13.95821865525194;
  -4.339402033659691, -1.107510520417858, 14.11168220531247;
  -4.192138969324609, -1.350940098423227, 13.73245724992576;
  -4.309126787774567, -1.467560062030377, 14.09938205347485;
  -4.325592692954949, -1.161441983083527, 14.17881064281228;
  -1.640751231829517, 0.7132525442309579, 5.980217254413237;
  -4.266602633520232, -1.198483917890212, 14.15422688882113;
  -4.293944065330634, -2.144245605219551, 14.35455762441076;
  -4.391641913847018, -1.519639340487716, 14.75768242905795;
  -4.310724566133469, -1.263719370977603, 14.55384955079344;
  -4.298653903841904, -3.145107892214739, 14.55178429731213;
  -4.417036355948124, -3.051502393116838, 15.01311415661527;
  -4.102636800383153, -1.45969881240519, 13.96725376175527;
  -4.445994375175046, -1.100619089913198, 15.10858806694362;
  -2.619080533408336, 0.2438127328920489, 9.275708507944426;
  -4.481455184513374, -3.033722202044029, 15.44352146849567;
  -4.560693021528344, -1.147321189941755, 15.82787588296169;
  -4.536328210848826, -2.272503131093006, 15.81613313039315;
  -4.568142150159823, -2.288440530975965, 15.92705400651971;
  -4.475041810401246, -2.457491663633391, 15.6907805955253;
  -4.43765819950322, -3.058588107404348, 15.61291365468802;
  -4.799952507605294, -0.7700065071222695, 16.74852764464334;
  -4.505865523474731, -3.998624990640768, 15.93522097488903;
  -4.547416670940923, -0.957261608316011, 16.09387562055747;
  -4.52814199089936, -2.315527239861861, 16.09775219904144;
  -4.512502377247597, -1.378808438830232, 16.04628656991977;
  -4.778658337732154, -1.331578698763023, 17.00102193650449;
  -1.535843226236418, 0.8885178646058445, 6.153240356614476;
  -4.642884958280533, -1.344577178317322, 16.75392331744651;
  -4.612601141697287, -3.105210462783229, 16.77734873767965;
  -4.68994178846883, -1.220179134871507, 17.03425465940157;
  -4.50707545913057, -2.398838058377386, 16.47269401685189;
  -2.711777032045607, -0.01319928681022219, 10.29436163485569;
  -2.438661162961923, 0.4024250268899107, 9.372202046763158;
  -2.382627882201711, 0.3583530121956093, 9.254345112264966;
  -4.668212814731138, -1.450812552687608, 17.28546437017429;
  -4.687654744390811, -1.315811549135502, 17.41431063170592;
  -4.598804612141005, -3.080107128134821, 17.29118992967889;
  -4.454236005427948, -1.468722988220761, 16.73348426232147;
  -4.665003957231099, -2.719877174634795, 17.56373989151875;
  -4.737829190880126, -2.382268803671272, 17.91932010486451;
  -4.779637772844651, -1.386781822945137, 18.25842489377071;
  -4.880577408268401, -0.977483513990405, 18.60760488445115;
  -4.797085515091839, -3.172596970406794, 18.50138920955366;
  -4.909264519105641, -1.333447061494597, 18.90242920605672;
  -4.936899379398091, -2.431806329351995, 19.16017962402412;
  -4.796744593370322, -3.065770501435166, 18.67868878632805;
  -4.954897069089459, -4.39771270977584, 19.44579567829026;
  -4.7470998353824, -1.445022710357207, 18.60758002980908;
  -4.735593561110916, -3.247976168124727, 18.67176396088049;
  -4.805512981440872, -4.001921614999565, 19.04104158910535;
  -4.944943006601391, -2.377858033032135, 19.48372299897579;
  -4.892611397120395, -4.185870684358324, 19.3764937096172;
  -4.835999321062822, -1.348704686504892, 19.06836757392386;
  -4.693098992302685, -3.668949680914397, 18.78358375851746;
  -4.935637655261115, -2.09625607073137, 19.74193880506793;
  -4.910491693780778, -0.786792049385117, 19.60452957689785;
  -4.741898647647645, -3.473534117528593, 19.23757179670083;
  -5.262192290215916, -1.463594286970273, 21.31600705673245;
  -4.716005162427311, -2.193052007787809, 19.23954649711059;
  -5.002983949896332, -3.18378880905589, 20.43546674843334;
  -4.634953061795344, -3.588601493706292, 19.07859452181776;
  -4.976585063116119, -1.164528190567182, 20.51894136884057;
