m=[-3.03950484338493, 0.624726427995662, 4.656551484315867;
  -3.017885197615323, 0.6339489302404842, 4.664907977315352;
  -3.194635596495483, 0.4426388520721067, 4.892059151642457;
  -6.028184723773628, -1.860332890545384, 8.524804027260478;
  -6.25276263277105, 0.1591191231016889, 8.935705539627918;
  -6.189413649601669, -0.2053719643035018, 8.949217884028871;
  -6.206146337648904, 0.1000043056299208, 8.994579237040787;
  -6.194756009448216, -0.05304923729668572, 8.989054515294622;
  -3.029111172012479, 0.7230999078878649, 4.903246398022864;
  -6.216412313401022, -0.2540702152702321, 9.033637737874978;
  -6.312843590882227, -1.732202120225208, 9.223391571782731;
  -6.268930071936561, -1.852016608861685, 9.213200852144025;
  -6.181306678127458, 0.1358004693223251, 9.119856607755338;
  -6.254166996090226, -1.787686588879025, 9.209346286362255;
  -5.219035157520765, -1.713584615622605, 8.227508763238749;
  -6.212652509700056, -0.3926525352379666, 9.704510441825093;
  -6.226391096539798, -0.1805624895091419, 9.733727635479943;
  -6.213214657118329, -0.005726856022665036, 9.72313738962297;
  -4.910625327137469, -1.697040220760669, 7.918564874204325;
  -6.067293516950008, -1.064369181598744, 9.576019268955477;
  -6.113860265269128, -0.3746767428179635, 9.724783398145361;
  -6.056928006034799, -1.16095756910933, 9.660312688395836;
  -6.013689972416549, -1.094625917523078, 9.630520266814797;
  -6.094865115984304, -0.2461050740733755, 9.757008418930706;
  -6.065692841830833, -1.051831414253901, 9.729011654856766;
  -6.091582257879909, 0.1378641466778118, 9.779076621441043;
  -6.038509724131645, -0.4300115941733375, 9.744689192899523;
  -6.105067266862238, -1.093507484269441, 9.836459434389925;
  -6.104160731108063, -1.149805840812564, 9.835245047373666;
  -6.128568549853402, -0.3001174468622597, 9.916542184964365;
  -6.101087099136128, -0.4796727082899638, 9.884975986073822;
  -6.153320041052194, -0.5687257382181885, 9.975404647802673;
  -6.076489682697298, -0.6095367739164714, 9.885986711917411;
  -6.06793175529163, 0.06453714397842655, 9.909477390622977;
  -6.09250193749277, -0.4728253284050241, 9.959576180435546;
  -4.476520647118834, -1.695328827941125, 7.720452225568494;
  -5.969097429901494, -0.9036980785727464, 10.02047992667428;
  -6.99902028338684, -0.1619747448406703, 12.04093146131927;
  -6.860381641993461, -0.2673489049924763, 11.88793058591548;
  -6.670610083494323, -0.02717391165983923, 11.58919411901871;
  -6.869960669782566, 0.02767094126929897, 11.9362378014633;
  -6.841314983118839, -0.1473852332269083, 11.89583828778518;
  -7.093239727145217, -0.2234098558380107, 12.31292353748553;
  -6.887193674621303, -0.3141316967507313, 12.04276600430595;
  -6.768191518022516, -0.1896655571640528, 11.90260888919681;
  -6.732074541566941, -0.05950852324600331, 11.86175869564897;
  -6.708821708287287, -0.2593994906066774, 11.86625332152362;
  -6.689659084367815, -0.4883358282143025, 11.84688513330519;
  -6.717017781658516, -0.3892485242606711, 11.95477972061495;
  -6.690115145763492, -0.3172443661655696, 11.91212832607303;
  -6.623288975397545, -0.08075157502902522, 11.88025461359411;
  -6.62780901044672, -0.2399701894595376, 11.90647636042728;
  -6.579701274662369, -0.1485215296662284, 11.82927086986963;
  -8.084343288265414, -1.955947590591275, 14.47984228732429;
  -6.461897137250158, -0.2602631197533433, 11.80795839418168;
  -6.453126322224629, -0.1915638942675224, 11.93668776951155;
  -6.392109047527492, -0.1027447639123864, 11.84602244181179;
  -6.346793534972603, -0.1056164860052867, 11.91460222775102;
  -8.759750333052837, -0.7998557603550955, 16.09881419851237;
  -6.304668699567474, -0.03930623955093227, 11.88591478208087;
  -6.261620585919592, -0.1298369923811481, 11.88437227319203;
  -2.353829057169621, 0.8601074824117629, 5.078414821164893;
  -6.249946827730957, -0.06735487444857453, 11.89600394275093;
  -4.677830669320384, -0.6069975965357466, 9.174215711830248;
  -6.219267575394478, -0.06100526846506571, 12.02809062610911;
  -4.657796909374459, -0.4805200041977765, 9.247810751860053;
  -6.16817519400323, -0.01408322289730764, 11.94781260174444;
  -6.093884378954208, 0.01163718692468907, 11.82670869089868;
  -4.62408969474544, -0.6151060731419058, 9.224144232113927;
  -4.621780522372427, -0.5779540177152416, 9.250428726438203;
  -4.618983697461572, -0.6760795467201151, 9.308990540240465;
  -4.554109561194779, -0.4309076035292859, 9.198179845516172;
  -3.908202600878059, -1.530959557831465, 8.112721068659578;
  -4.437440100155831, -0.7968695767603378, 9.125137533185242;
  -4.440209858479323, -0.02416497662721793, 9.193382625703293;
  -4.637049933600562, -0.1587463460921987, 9.567189102675409;
  -3.033006620393433, 0.6359283290229794, 6.598059034483166;
  -3.733613178232049, -1.794383913599129, 7.921853935524685;
  -3.021564706439665, 0.6011388092119953, 6.612674283379906;
  -3.002200551165365, 0.7059242460141568, 6.588905082373723;
  -2.987670089243245, 0.7003037141766292, 6.566026488379293;
  -4.348246494988834, -0.593345205990179, 9.144847432019045;
  -2.972372977988816, 0.6230086198971904, 6.568861401867965;
  -3.685554729223965, -1.74412238135074, 7.928580263820166;
  -2.96305854776821, 0.7228515304105391, 6.59214578061877;
  -4.303214821712739, -0.5939709372879535, 9.172399915851029;
  -3.694690762050406, -1.851959954237811, 8.076978285339953;
  -2.860203976727054, 0.7446177837364877, 6.588524450559826;
  -3.76053775605723, -1.622650086892966, 8.383290339101528;
  -2.833946617862917, 0.6373241065899659, 6.575055046554618;
  -3.724473030306345, -1.641988857169545, 8.343658733015912;
  -3.967713589522285, -1.510768892924576, 8.855725085934978;
  -3.980010985899575, -0.9624572049943181, 9.088007114649702;
  -4.000700788380781, -0.9349608580592371, 9.18626425544749;
  -3.996808528196251, -0.9769768637809968, 9.227173013112163;
  -3.955062730049967, -1.165396752956442, 9.29778493055567;
  -3.948858945391577, -1.024903601350601, 9.295872669938145;
  -2.345580470756128, 0.8648417472836336, 5.966462205489316;
  -3.874120607356846, -0.9679584115422707, 9.372034585484084;
  -3.947382510135783, -1.204444112662897, 9.549341775881738;
  -2.597136708412163, 0.3022558743066764, 6.648107157886851;
  -3.855755702861862, -1.219336397595311, 9.458095607488685;
  -3.741759667531499, -1.036766773348668, 9.288975026198607;
  -2.813718106939248, 0.07264361896189757, 7.225626812726629;
  -2.572127751341421, 0.3522756524460622, 6.691414658280446;
  -2.599981794239251, 0.3182737159983728, 6.754647756593234;
  -3.682867291112992, -1.066879421655115, 9.281533863916046;
  -3.55801617279986, -1.769341592677231, 9.012689533875417;
  -3.643527003649782, -1.621759911989246, 9.539414490924894;
  -2.742873183322339, 0.1325417425456675, 7.432213977399629;
  -2.799138857765451, 0.8445396325459068, 7.628864799558174;
  -3.575939348405794, -1.710783924467573, 9.5836580790267;
  -3.285579316780293, -1.875466949377119, 8.927248370649997;
  -3.244697607781642, -1.911080809072143, 9.05813211649799;
  -3.217613858970801, -1.945842789909015, 9.063927842606056;
  -6.758237771365838, -1.836540622639244, 18.45757194970082;
  -6.233184865572076, -0.2996250459733234, 17.13220769458657;
  -6.250784113591691, -0.1684980414776482, 17.20953052745581;
  -6.296519555884372, -1.869377488676757, 17.38585187116457;
  -6.404053507245173, -2.21586741031422, 17.67336130184715;
  -6.367873998331715, -0.7852097613571725, 17.65813604983451;
  -6.692226297001209, -1.770952736617648, 18.51160397642934;
  -6.351843563186775, -0.1621006952528525, 17.67218679667552;
  -6.533702700822273, -0.4773015365222052, 18.23742736411038;
  -6.39026063096758, -0.08115793680031873, 17.95508368579113;
  -2.984034588293058, 0.7013216143167786, 8.886260745999444;
  -3.122908017598832, -2.058717782269997, 9.231567394259132;
  -3.108959276341319, -2.111522979817725, 9.220906283647338;
  -6.337423495940384, -1.649591314316409, 17.8803619773252;
  -6.34342241708344, -0.3870042407058983, 18.02094915650992;
