m=[-5.384205397651664, 1.44317549104211, 7.544782013062873;
  -6.199598288401797, 1.054982802036134, 8.681220931319563;
  -6.226641900553365, 1.254348569752309, 8.88950987181393;
  -6.122284298110893, 0.9127379088695298, 9.129109146992244;
  -11.91250567977265, -3.806706129375142, 16.83546831639504;
  -11.91947789116187, -3.678420250064263, 16.85602180183532;
  -11.98322883446832, -2.911038911740826, 16.95529620682453;
  -6.134807864741799, 1.318846801752681, 9.220202475039951;
  -11.74501419502833, -3.388284130302654, 16.84377022403453;
  -12.17018706736351, -0.4038210023539746, 17.59676472136189;
  -12.33005708508555, -0.2886186252123915, 17.84150090107328;
  -6.151437717390137, 1.264339394157118, 9.424063427939748;
  -12.14872033834936, -0.104036437770464, 17.62870228398522;
  -12.16956624741182, -0.4973808300263254, 17.68471062789638;
  -12.41840754195741, -3.581633447373117, 18.01028129784574;
  -6.558383806388199, 0.908709426105611, 10.04308646507954;
  -11.92585302430338, 0.3834732756836793, 17.44435195604146;
  -6.111136496168856, 1.283729562463511, 9.446313403163078;
  -12.17760888610065, 0.1722279914489448, 17.81973423399323;
  -12.34994938706759, -3.388743631134833, 18.04391593879229;
  -12.30006417841568, -3.633781664030183, 18.0769222928975;
  -12.27213271430839, -3.507857574642246, 18.07088296633488;
  -12.13335030885844, 0.2665641347687197, 17.90146012007516;
  -12.27100873460917, -3.782219246466077, 18.08569823584218;
  -6.563406378509225, 1.733573291817574, 10.2803233507428;
  -11.87753365226933, 0.8385082680209421, 17.85713871679706;
  -11.25553689631359, -3.723819012643088, 17.09539391452077;
  -12.30269639151386, 0.7240957037410487, 18.87971672593255;
  -11.33874234010545, -2.004919008419508, 17.58889875941361;
  -12.20299319979916, 0.4697820419722365, 18.89151093718688;
  -12.24852413432158, -0.3363715378863408, 18.99232965160086;
  -10.28401308677058, -3.376587066472829, 16.21215516640831;
  -12.18129918032398, -0.3532520960138997, 19.04304542216461;
  -12.15061449122753, -0.01119948748244933, 19.01464871026089;
  -10.05994041717369, -3.47497153724508, 15.97532691335642;
  -11.92974724201628, -2.092803862742374, 18.82873955976731;
  -4.831329298411049, 1.773767217266461, 8.271085805759695;
  -12.19023877611314, -0.7470564848780128, 19.38994784404915;
  -11.87516263372566, -2.276163746752792, 18.93992864915109;
  -9.7407309873713, -3.366254023459551, 15.70728880890504;
  -11.94624051827893, -0.482378256401264, 19.12422458796196;
  -11.81468456883402, -2.150536525116011, 18.92042318577623;
  -11.90735702137668, -2.06481477094386, 19.09869461912082;
  -12.02423895622773, 0.272131504258367, 19.30302326876752;
  -11.30911313339448, 0.5408816559660097, 18.23476829875883;
  -11.9371871387081, -2.248539660007882, 19.23362864402154;
  -11.92755864966059, -1.022913901693577, 19.22448665275336;
  -11.94257096966995, -2.139090392605125, 19.24182154766945;
  -11.72492530852488, -0.8349500214156116, 18.92118389491653;
  -11.9376857712638, -0.584591286851367, 19.31618510564233;
  -11.73983249911425, -0.2846210738357354, 19.02565593344167;
  -11.92730884929134, -0.9377352667462349, 19.3246153739429;
  -11.99332544469659, -1.108493109690375, 19.44288182403377;
  -12.132409251866, -0.4342088471262379, 19.72205390411635;
  -11.98615721495379, -1.202339505531013, 19.50056646872925;
  -11.88950547514779, -0.06337270154672112, 19.36894172989071;
  -11.85385134884115, -2.168348740430811, 19.31620259135957;
  -9.930625329716104, -3.626654038550417, 16.34531307134518;
  -11.68842756282335, -0.9071124896850871, 19.1073857564251;
  -11.84798881036241, -1.063185740012447, 19.41893571724193;
  -11.87254488012277, -0.7837134635268503, 19.49953087193165;
  -11.98231569524662, -2.23375653130478, 19.69391725885874;
  -11.84807846843635, -0.1226055352755054, 19.55044948239438;
  -12.15360248838912, -1.025324946911175, 20.10925125600942;
  -8.974892118050603, -3.449807963649146, 15.10755033218555;
  -11.85703719755176, 0.1089081214029427, 19.6779315716286;
  -11.94700996305131, -1.196700686193477, 19.8226799255108;
  -11.77587637431565, -0.2957827221597637, 19.57497765420501;
  -11.5146327139026, 0.2497053532092128, 19.17864680038549;
  -11.86270662091387, -2.083942936742753, 19.71391865900755;
  -11.69217604880748, -0.8578544963591916, 19.71755287066414;
  -8.965129751602346, -3.343030002951768, 15.41722289068789;
  -4.500465342733961, 1.333149426049491, 8.287328484584442;
  -9.299104876158543, -3.347460715033197, 16.08611515754159;
  -4.676365982974013, 1.765425829308072, 8.667707618663007;
  -13.3749834018558, 0.08958147872413817, 22.9663221172077;
  -8.839954243189553, -3.236592168941853, 15.50920992902863;
  -17.07492221974446, -3.970258245461685, 29.05058989520201;
  -13.42074375118967, -0.07571669484926891, 23.07628041361495;
  -13.52455417363341, -0.3129918363799972, 23.26728931421482;
  -13.27235024082999, -0.5172231646476539, 22.998833972901;
  -12.64789541854389, -0.05152344215663668, 21.97383947912735;
  -13.14484069465554, 0.05294500686968512, 22.83855060246313;
  -13.32530688567022, 0.1150650584512319, 23.15760148200201;
  -13.17693689796527, -0.2838761148573079, 22.91236565679724;
  -13.75770766732909, -0.4333150443029657, 23.88155611188938;
  -8.230929937198035, 0.5110080827127288, 14.78320220590373;
  -13.51955712248738, -0.6166403355048552, 23.63994256585442;
  -13.44073993783713, -0.3766509003503843, 23.63701887505462;
  -12.97762284838804, -0.1147163725212421, 22.86626948650655;
  -13.05293225688144, -0.8512693466695774, 23.06360643652834;
  -12.91305379321152, -0.9426350041692309, 22.86805098421911;
  -12.87349514661119, -0.6104594194777678, 22.92198607203645;
  -13.00769297841266, -0.7537906643196125, 23.15076560537514;
  -9.03936079502577, -3.027340783505983, 16.39433263705326;
  -12.81163678166852, -0.03648847183046614, 22.85700132972438;
  -12.76572241922717, -0.1556405277748066, 22.89799421861739;
  -12.82224053244301, -0.9226289343147213, 23.02433951653159;
  -12.79301417308397, -0.4631910832123682, 22.98191160764439;
  -14.74539692610993, -3.5675406846961, 26.41043487898191;
  -12.88891301531936, -0.906290399774465, 23.25751900078224;
  -12.49824249873948, 0.126927220128324, 22.60553627770102;
  -5.127344643944272, 1.93015010334331, 9.881413858182155;
  -12.54802159768018, -0.5053914010668266, 22.92925959786362;
  -4.807602500347449, 1.756144858704377, 9.444879420579323;
  -12.48060848838838, -0.8632152886239529, 22.93964082088565;
  -4.867934039477226, 1.720597821873056, 9.598728219660703;
  -12.53072706036526, -0.3719801463392822, 23.17874607992878;
  -9.423715053468664, -1.504839918492398, 17.67930665454196;
  -12.28453509139297, -0.1974577793266547, 22.76601936823257;
  -15.80543649431885, -1.443199742486464, 29.04749288211147;
  -9.25201840192868, -1.528041331053504, 17.54898589781725;
  -9.29908164169942, -1.666369502096575, 17.65169336059214;
  -12.36500176717056, 0.01830835703088658, 23.19797896903157;
  -9.292194769886608, -1.395316513160622, 17.67742350616551;
  -12.2511318450482, -0.2038701098328766, 22.99859952417893;
  -12.14493139940049, -0.07571715591450895, 22.89630534549668;
  -9.523646451086677, -3.320155708904819, 18.16989037058888;
  -9.368273652247146, -2.96461261008522, 17.91050672105373;
  -12.11231439759094, -0.2511532678448172, 22.98881757776993;
  -11.3320951795587, -2.947536831912006, 21.59345783172001;
  -4.851259346365449, 1.762388603273607, 9.841794305739251;
  -12.03158247816207, -0.1296628194720955, 22.90063524423798;
  -9.503949711614675, -0.9883241514576051, 18.55935280531999;
  -12.0396932815173, -0.1180982667126079, 23.28481933685926;
  -9.227801577296477, -1.19740404787707, 18.09767137816999;
  -11.64607900072488, 0.02223993594942309, 22.60213275598817;
  -11.86383797168063, -0.5969417015369456, 23.06600580055296;
  -7.36231671848998, -3.340125635430042, 14.71925575215803;
  -9.29250160231253, -0.9586577078885007, 18.44977312269368;
  -9.1232655901412, -1.213595851689326, 18.1991101442026;
