m=[-7.207229002494072, -0.8438178600873795, 9.698870047350706;
  -7.15527140871312, -0.3968168638496066, 9.721830329071388;
  -7.194432863484843, -1.501474162289625, 9.775999375174363;
  -7.133481988210402, -1.299897215909939, 9.734589147697218;
  -7.134688470390247, -1.149177570997073, 9.741264372564247;
  -7.091528644185016, -1.66099025196064, 9.687354352457591;
  -7.137974793685714, -1.37437164608253, 9.746195198498791;
  -7.120756380419492, -1.519126267596832, 9.726909613505621;
  -7.130500803602627, -0.9997905406079556, 9.740817508722751;
  -7.127867371651393, -1.446469052797944, 9.737855366299687;
  -7.077142634842335, -1.805671345728246, 9.676309124132995;
  -6.941622375320896, -0.4076656273248994, 9.699455809841576;
  -6.977632587935635, -0.6045850044649053, 9.976106688090216;
  -6.929037561358141, -0.6184391667708963, 9.93998038526836;
  -6.937318696201246, -0.5271717963669614, 9.950890986508407;
  -6.955333706061857, -0.5696570729661308, 10.01644261300032;
  -6.967378558626029, -0.02815292209187352, 10.03450613745639;
  -6.923567898387547, -0.685166308897063, 9.977890307805378;
  -6.950501290372461, 0.5547178732862144, 10.04053934818751;
  -6.956897450761901, -0.6090220149937162, 10.06803861756758;
  -6.925400968040839, 0.6038367053298414, 10.09697545805739;
  -11.55290573132952, -0.3817203114919579, 17.29106183120031;
  -4.029257410085402, 1.005999790882671, 6.911664853390865;
  -3.947319549260007, 1.061511272299405, 6.922936684373959;
  -3.944370622763997, 0.9699900474190041, 6.938233826146814;
  -3.91377739876152, 0.9828538278508923, 6.943410671647834;
  -3.893883468840791, 0.9725552926452268, 6.933824011650007;
  -3.891490223017652, 1.036092439969333, 6.943670710407602;
  -3.872007624209918, 1.06285459740261, 6.924626867067542;
  -3.859774552464563, 0.9788429996913468, 6.97192701761026;
  -3.856353572658961, 0.8238434943871396, 6.975929375220999;
  -3.813411463992792, 1.046447254358118, 6.948547161856685;
  -3.801561210084524, 0.9365785130534684, 6.952855895389766;
  -3.772812655707901, 0.8411063749125709, 6.943188561813005;
  -3.773159001123874, 1.070051590958614, 6.944994421670282;
  -3.728874912943891, 1.015974604269311, 6.952160683163165;
  -3.689832332280255, 1.019972658599691, 6.971246059073203;
  -3.670410448282886, 1.069957358497085, 6.944132173115888;
  -3.681015436847179, 0.8315352196376969, 6.982391186694585;
  -3.675321289572778, 0.9873023023196139, 6.978838971168882;
  -3.657583343377771, 1.019066580493473, 6.968599794780039;
  -3.602892645584562, 1.021698352734631, 6.894564950215286;
  -3.62746761916684, 1.070566366565579, 6.965110563383036;
  -3.616622882352509, 0.9885079192423997, 6.97485301758077;
  -4.42125035380446, 0.4633101575408884, 8.351005277884601;
  -3.598754442599445, 1.017692536585559, 6.98581521441141;
  -9.802435193799566, -3.882914948896183, 17.35026583731635;
  -9.838891249166018, -3.897355826041662, 17.41479288998057;
  -3.56783558201742, 0.990608259355689, 7.006187351356001;
  -9.826751370830053, -1.970611787569315, 17.58239768649083;
  -3.5507468875865, 1.032092800195139, 7.002647691576723;
  -3.538678665026602, 1.063476302562442, 6.985393092437979;
  -3.4970728759483, 0.9892437266718135, 7.016309755427217;
  -3.476582442020373, 1.038962187632353, 6.999577792332893;
  -9.606784867239536, -4.129423071216733, 17.60290803651216;
  -9.660270668001257, -4.29252674995491, 17.83148380791668;
  -3.389048917114381, 0.9578678455792309, 7.013730620637239;
  -9.465626835312204, -4.305170432243711, 17.98865417709947;
  -9.224163911085107, -4.268435253630702, 17.83592614881221;
  -9.014238938677393, -4.28351007622399, 18.00652266908435;
  -3.809286915214067, 0.5433772278268526, 8.27125335775224;
  -8.882099182615187, -4.29918554006218, 18.02923309138447;
  -3.119155182509563, 1.182963996450188, 7.081413631075493;
  -8.213797180114723, -1.708719703742048, 17.07228237415212;
  -8.614221731118226, -4.262853057531645, 17.85546505021323;
  -3.116212041776188, 1.091660494608877, 7.103047495368108;
  -3.064546773256833, 0.9812853834879647, 7.017176436776821;
  -8.215686385981455, -1.89199636628179, 17.16179252394745;
  -7.44112791891234, 0.5165934551095849, 15.66750146187223;
  -3.099454986345536, 1.12792446896821, 7.110918632828311;
  -3.089629832565096, 0.9307517561282156, 7.118177140304659;
  -8.378501090124463, -4.079232590605765, 17.62243917449355;
  -8.239517461023759, -3.853278590423279, 17.60934604423756;
  -3.088828045520072, 1.12082157476851, 7.239300685309019;
  -3.056390947523889, 0.803218967088174, 7.226311548282599;
  -3.021676350588983, 0.8522718538511325, 7.233343503870799;
  -2.938991509736173, 1.097147516260304, 7.16210218490289;
  -2.91101274019273, 0.9944963941117805, 7.112544519632293;
  -2.969401134142414, 0.8853714472423926, 7.252753725120665;
  -2.937155020754283, 0.9538096901813342, 7.254244348346242;
  -7.556485753207838, -1.619360290564297, 17.6228293745952;
  -7.992329533014932, -0.1392269861548752, 18.83920837348903;
  -7.757781066767514, -0.3844111070324209, 18.33936039383288;
  -8.130018480002782, -0.5594747454668931, 19.30893078351343;
  -8.097270717413409, -1.751803875610379, 19.29904911266923;
  -8.461236804632906, -0.4857840514259122, 20.3178547904142;
  -8.242710338225924, -4.371951766105662, 20.06558581402384;
  -8.167100243219078, -1.75524392442765, 20.35498368622593;
  -8.149344427600592, -0.07546804869109799, 20.4322290788228;
  -7.60175473083076, 0.4979524291727906, 19.07283185543795;
  -8.201890144704773, -0.2940856438297826, 20.61207487779942;
  -2.894016688836561, 1.686824638185606, 7.92880824436986;
  -7.964980260781443, -3.782361644768069, 20.10473829805559;
  -8.01435996007565, -0.1574918180114189, 20.32463374942178;
  -8.005648176799172, -0.3537652832678411, 20.31311213899972;
  -7.965570491531097, -1.914874291354569, 20.27509540471441;
  -7.837237237636614, -4.063509692644989, 20.0418422251492;
  -7.899773800141695, -1.884838981426991, 20.3234439785007;
  -7.784376754450946, -3.867328285912415, 20.08148742958748;
  -2.881011117070114, 1.375394588671593, 8.066095999524571;
  -8.011062405879251, -0.1882871013007025, 20.7739272462696;
  -8.017028383040048, -0.4910406822538375, 20.85366895714948;
  -7.778477377196331, -2.124019857221528, 20.30437904839425;
  -7.873533476534456, -3.808830259301148, 20.56466002824789;
  -7.700760161578145, -3.939656117006264, 20.22081371109865;
  -7.851228832901758, -1.849853918689646, 20.66715039634338;
  -8.13592464569021, -0.317307533203892, 21.55706240540262;
  -8.237132516539772, -0.5862033877118947, 21.8352550113174;
  -8.210617255550012, -1.790114130561217, 21.82483675657647;
  -8.527036110264161, -0.4749901637066385, 22.79987824593993;
  -8.565530456443881, -0.4931774801896143, 23.39984653669644;
  -8.517384049302809, -0.2404550918135031, 23.43681495983439;
  -8.047762044031467, -5.292333970406776, 22.31013113314547;
  -3.468872855629016, 0.9492783147423813, 10.4164617150791;
  -3.31658161011692, 0.9386878017418867, 10.26081530082238;
  -5.821631120686449, 0.3722948387575497, 18.17187099363155;
  -3.270057447215858, 1.903793590622931, 10.68472944588144;
  -5.731240455901168, 0.3982596068967453, 18.16285011167668;
  -3.359784094231476, 1.142490664038876, 11.35902226143334;
  -3.34965641315352, 1.088526534623107, 11.35616123705183;
  -5.424336728882888, 0.8845346929299658, 18.02714845007561;
  -5.355792331709802, 0.7777964629884936, 17.95620693694766;
  -5.574838261174373, -0.2711176165025017, 18.6634713879358;
  -5.255605676893735, 0.7670099531201007, 17.97110167231154;
  -5.563579415590054, 0.1657772844614307, 19.4427157025552;
  -3.055190705632719, 1.9881236964918, 11.53866809805979;
  -4.705851441653461, 0.9802060207761573, 17.69824386464581;
  -4.794187512200226, 1.897089741433852, 18.02371605946585;
  -3.058056631172808, 1.991512195387588, 12.53219838197221;
  -2.490301251953051, 1.962243679326377, 11.71521987971826;
  -3.948210820052139, 1.383738606929782, 18.25336253513341;
