m=[-4.832459113799619, -1.914221044253487, 8.553430715402287;
  -1.492521663987527, 0.4209697061803733, 3.572825355861253;
  -1.495764253884433, 0.5583799853193752, 3.645065457098583;
  -4.22548300616594, -0.8790290181431139, 8.782617523487296;
  -4.102845257359896, -0.9448472049257847, 8.570456046717855;
  -4.130158609694328, -0.1584778545217082, 8.702350021707686;
  -4.125163480617609, -0.8624486658362311, 8.7250716908665;
  -4.046822909168145, -0.9376730550427094, 8.636891121388432;
  -4.033136504037261, -1.886129693489408, 8.619545583730616;
  -3.840172263717241, -0.0668960918571145, 9.051904725326219;
  -3.888628990215762, -0.923935750535084, 9.374520809287562;
  -4.172543322177008, -0.2395577675697995, 10.0194724818818;
  -4.0467276308479, -2.146393271954031, 9.851123867132833;
  -3.968292775019051, -0.03674888391652452, 9.949397494652136;
  -4.015341900724183, -0.143973448465845, 10.09090910235197;
  -3.910463574191351, -1.856977287076528, 9.870563919700523;
  -3.909404608396633, -0.07682450528623289, 9.914355886157775;
  -3.912388206593091, -0.1728863287010627, 9.927088802396053;
  -3.892782671279506, -0.9358010787788395, 9.908460434054883;
  -3.872577444374496, -2.007883072004533, 9.903181923867626;
  -3.904346638431983, -0.09176537065595548, 10.12457635475145;
  -3.841847133716673, -1.049069015016544, 10.02848201084399;
  -3.875452579463938, -1.874754339603822, 10.12218529200325;
  -4.042480085058473, -0.2876869488090508, 10.71593583788833;
  -3.92391568788528, -1.907547137459087, 10.4667881319585;
  -4.08386181414796, -0.2274875075669565, 10.91956817489452;
  -4.105818397237011, -1.000820042800874, 11.07749274141712;
  -4.151393335643886, -0.2390247416619203, 11.34103339676423;
  -4.154002226164838, -0.1172720380934007, 11.43033834729274;
  -4.086604396635669, -2.107859142569745, 11.30523080468106;
  -4.023238259715773, -0.207290686661062, 11.22720739114551;
  -4.066240843476652, -0.2432145892390926, 11.42896030458846;
  -4.015165960605957, -1.989095425460557, 11.31617307306998;
  -4.015024059042194, -2.040851963353923, 11.33376668708819;
  -4.090135642631466, -0.173624162079141, 11.55028343533853;
  -4.035756703008998, -1.008412399154977, 11.40746719453442;
  -4.016049448306736, -1.908944589382659, 11.36638410040291;
  -3.959225089319123, -2.086670647544646, 11.24549811956151;
  -4.03505657724212, -1.970974833592517, 11.50999314636138;
  -4.006576667376965, -2.091335860585046, 11.61577639126387;
  -4.070676490161559, -0.1868690868252175, 11.83345251436617;
  -4.17309009978937, -0.123013246755439, 12.15938152910805;
  -4.086304119748869, -0.1873424471973292, 12.13980397802829;
  -4.117074091222934, -1.075090645960669, 12.36871192625825;
  -2.788413247144114, 0.1783197593104329, 8.703864046621582;
  -4.425713715533982, -1.060800150877654, 13.26810009420741;
  -2.781937104053067, 0.1933147258427906, 8.816225218574054;
  -2.760840760043967, 0.2351485362396847, 8.765135319966468;
  -4.288054864682563, -0.9104130712234314, 13.06576436616052;
  -1.542535890246918, 0.8478781750823002, 5.341845560242637;
  -4.367082920777019, -2.204929222957741, 13.39463163665093;
  -4.16753914101763, -2.626890584707297, 12.7959425457173;
  -4.24673539207242, -1.931666701172945, 13.34957672985529;
  -4.17449593361683, -2.817955854709786, 13.13399407780456;
  -4.263157223340172, -2.025468097448406, 13.44106399336084;
  -4.182955212374101, -2.772647240818819, 13.27611911868851;
  -2.643427375017789, 0.4310579040924633, 8.785121589649791;
  -2.590526614161824, 0.172690089483039, 8.628240471979414;
  -4.249862859720463, -2.938797103194943, 13.52185067863654;
  -2.62919932156663, 0.3818262184473878, 8.814838995346403;
  -4.138849148291701, -1.886619174441688, 13.53671994282031;
  -2.564561321007027, 0.3742754269498053, 8.769301785200645;
  -4.357082706994103, -2.820030756004153, 14.48851703014829;
  -1.490415382718724, 0.9698674896254427, 5.62891488172179;
  -2.271988903570138, 0.4732442640887063, 8.544726532851446;
  -4.593008121211085, -3.979702678941286, 16.75587399728514;
  -2.348082279528277, 0.187326091904761, 9.194977754961762;
  -4.518290882740609, -3.935336823284942, 16.7999279282472;
  -1.977696549648944, 0.4800389459206547, 8.557142421176518;
  -2.123042320494651, 0.1952899052885249, 9.206847848640853;
  -2.020209538220021, -0.02043918666090162, 9.001930127460117;
  -1.935352558898541, 0.576354984951141, 8.970382344288582;
  -1.883433867109402, 0.03450748024129226, 8.852056124468007;
  -1.896368385658475, 0.1045637603022553, 8.931484715215316;
  -1.884827238755985, 0.5653420413659994, 8.91883196143363;
  -1.866651461489232, 0.2983810324460233, 8.944680922497479;
  -1.906636239741585, 0.4710484067237407, 9.215165223920485;
  -1.878629656019415, 0.7465519857783574, 9.11487412220426;
  -1.842909614355087, 0.4868850722693232, 9.291811549315852;
  -8.051201000202898, -4.425837656068802, 45.87647373997521;
  -7.267800237894169, -5.662580303728761, 42.20818420230312;
  -7.265601767285756, -3.79608351931687, 43.01912192614347;
  -7.274396651893341, -4.389761078486863, 43.24057832462068;
  -8.000145534347109, -4.241537179599553, 48.58188059393466;
  -7.804337264174476, -5.188875112381288, 48.26589821174181;
  -6.769697137285415, -3.0396712947197, 42.74370435297752;
  -7.315033015961416, -5.53049896020177, 48.28543062189387;
  -9.644185787903409, -4.648051052121066, 63.94294662871904;
  -8.92912432778872, -6.663025812326082, 61.78076012952285;
  -12.19156620302773, -5.363354059192233, 85.94513957413756;
  -11.43120072437458, -4.277693717922887, 80.70897976089691;
  -10.23001191622275, -5.224446865251295, 72.61781528650363;
  -12.40427156634412, -6.340724588261159, 90.97185439507815;
  -4.667941657797245, 0.4745494913313246, 35.34358144064631;
  -11.83393399451048, -4.337190613204071, 88.80833933623833;
  -4.310893325234121, 0.06985148786500114, 33.11633101067399;
  -16.49145383486361, -6.593487773418316, 124.7218820106226;
  -4.242857947104608, -0.1016882812745442, 32.93594034729035;
  -4.453213926576932, 0.4049768868273747, 35.08307921666285;
  -11.22895831137257, -1.316305613155302, 90.04243532539124;
  -4.567429588935418, -0.05265588072346558, 37.6777967262174;
  -6.751563357931116, -0.7127369680819119, 57.27639574403759;
  -34.79124756283495, -16.73836270722342, 301.7687755341174;
  -5.867975243618582, -0.3466083838378215, 51.73347172187022;
  -23.13256278556947, -6.477060005574576, 211.2448482509733;
  -19.91687337842915, -3.51954091017595, 184.5865270242999;
  -19.45961904246527, -11.12241128649695, 185.1719418690134;
  -37.57963089938278, -5.408394395854445, 369.7787769562415;
  -18.15917447329271, -4.232035098322794, 181.5231133461224;
  -8.484489262460063, -0.7892172415073343, 87.0886853239534;
  -37.95384764690883, -22.12180419719165, 388.4112229309859;
  -13.16461825752558, -3.178581319408771, 141.6931334018128;
  -18.39692511222566, -12.37236808506305, 198.5295384168785;
  -20.79154236516297, -12.01599664336467, 225.1739239351498;
  -14.3739514622355, -3.392020183575761, 160.9819279429216;
  -7.647235125969162, -0.7003828368015007, 90.36179390073691;
  -6.050543342222997, -2.602907101561258, 73.43653105911922;
  -4.243407129389288, -2.373019464079638, 54.69303880106716;
  -5.783561088884089, -0.325802116572151, 77.75268518748412;
  -4.438870601123372, -0.7902339010885601, 63.54034302775575;
  -5.557300432541144, -3.457613482300695, 81.54896547467442;
  -3.656172834028606, 0.207539241696107, 54.81449119539391;
  -3.230242940189299, -2.669074378986837, 48.98722917690049;
  -5.315440979959078, -0.7603843383790598, 81.0262334071242;
  -7.767554676343922, -2.153540641503287, 121.4716890413617;
  -3.842754920760958, -3.783274258129469, 60.86293530195945;
  -3.648570803224468, -2.810296813850225, 60.82364804848758;
  -3.056764490477363, -3.490553808509096, 51.53726424975639;
  -2.621232249847656, -2.414451120543777, 47.12533514263895;
  -2.416430239952986, -2.665899785494348, 44.62023496111517;
  -2.266272745133446, -3.046234298270599, 43.21673706439665;
