m=[-1.63748862217752, -0.04622809946223947, 4.505786942875976;
  -3.82129189083492, -1.971011692532596, 10.57126714626699;
  -3.735535552516628, -1.898786895028124, 10.54481561777899;
  -1.678019280037866, -0.498329106192394, 5.37607597543663;
  -1.725197833456646, -0.8247358400906817, 6.134109945669253;
  -1.899578637774779, -1.537710612046489, 7.427469478820975;
  -1.845021655606566, -1.133229713293508, 7.484795388825082;
  -2.224813906565765, -1.347335569585833, 10.79895620332807;
  -2.16050819313623, -1.812081232349459, 10.7657056715028;
  -2.317978776860842, -1.574020753568949, 11.49787805435721;
  -1.305755608496763, -0.2232126329117938, 7.153324332779118;
  -2.46000858356946, -2.080676706519945, 13.13969700770631;
  -1.258838800462375, -0.228027549607486, 7.118241643801266;
  -2.845119171463197, -2.216725178835768, 16.52319961141608;
  -1.131924677078946, 0.1328940014438165, 7.168560178266534;
  -3.09643709016153, -1.641676765231874, 18.80350005321929;
  -3.334442222054352, -2.520990568557366, 22.01015063423581;
  -3.286765733281315, -1.815669046855379, 21.63488549506597;
  -3.627069478470376, -1.74807956589412, 24.04822088468977;
  -3.582003798080234, -2.672936661009543, 24.78394401380667;
  -5.062982244793855, -2.227323866517626, 35.69178138754012;
  -2.076386713164642, -0.05367464413571028, 15.27588679475368;
  -4.924233493566412, -2.517133571608674, 36.11390237533462;
  -1.809388781825677, 0.1839449995270862, 13.69988839972459;
  -1.722323569980215, 0.02790764114803158, 13.23090903620374;
  -1.728519471018284, -0.04142730592179778, 13.41794019416517;
  -4.861624545483245, -1.781807499803, 36.48430036545268;
  -6.26482262085852, -2.504753781376169, 47.37972016053357;
  -1.840659193473206, -0.02122014780016917, 15.18402891243943;
  -2.261481064737172, -0.133580709594987, 19.93775737880908;
  -11.60053212008313, -5.581113866987891, 100.6195126259632;
  -8.739394322688533, -2.447008658968951, 79.80750099394182;
  -8.356748463804861, -1.476733698887981, 77.44906275399806;
  -19.19728988723004, -7.728914688229541, 178.4081957107626;
  -13.40466132237066, -7.66161742726062, 127.5547667065416;
  -9.523767477935133, -1.370643868030412, 93.71265778090235;
  -9.523571758018425, -2.219489107316318, 95.19972387694362;
  -8.227739252653706, -2.469297060543314, 84.12044857312296;
  -4.649650409535665, -0.4325050284904475, 47.7261422410043;
  -6.509146608112366, -1.571625656673451, 70.05910544713193;
  -7.577263257268622, -4.379106093532783, 82.06231506843943;
  -5.221532517723132, -1.232197265716901, 58.47886530910812;
  -2.730497037648393, -0.2500764301874281, 32.26428983786312;
  -2.040575743705883, -1.141141024203292, 26.30086742185508;
  -2.419874750431815, -0.136317452762016, 32.53216431397107;
  -1.946538909966596, -1.211087876320887, 28.56391089358314;
  -1.722503627870368, -1.423264561207045, 26.12208479018713;
  -1.629933615539956, 0.09252166184152276, 24.43647657642228;
  -1.830560172285462, -0.2618652508257282, 27.9042503424672;
  -1.70725454097942, -1.680828543622824, 27.04011179849859;
  -1.740219937951292, -1.340397325632569, 29.01040729136108;
  -1.15745658857411, -1.066148319144921, 20.80911741139332;
  -1.077507984901602, -1.188748699765285, 19.89656422265376;
  -0.6885780738814218, 0.1455936655893681, 12.86259434251111;
  -0.5585894940056826, 0.02255725944133925, 11.28244905577496;
  -1.047634447839111, -0.9077107861166954, 21.22644557088216;
  -0.8567410925448832, -1.184958905253653, 18.48925010276954;
  -1.009016465379937, -2.037853385424593, 23.68477492539071;
  -0.4956364575371599, -0.07457114343324049, 11.48137569475508;
  -0.372630879082805, 0.01344672987863459, 9.416258280551654;
  -0.3601129513840462, 0.1372413532724048, 9.302456779354682;
  -0.3868701436916495, 0.0301041874432342, 10.62031458155208;
  -0.302677411659971, 0.07567690367575954, 9.361144680531341;
  -0.4265904142414854, -0.6454474102478097, 13.86575366331885;
  -0.2907592386168354, 0.04745037809844376, 10.38012367917517;
  -0.2095922191543139, 0.09898574373958329, 7.896718290875151;
  -0.2515975503682431, -1.188917243901544, 10.27468430661752;
  -0.2624837513897246, -1.432550813826548, 11.40391529924437;
  -0.1972758037720732, 0.05096990936595203, 8.134945760170451;
  -0.2337438605010097, -1.340807332044239, 11.04210605956124;
  -0.2147223635738949, -1.409022077764752, 11.04573677535773;
  -0.3145975443659119, -0.9712503346500168, 16.48138967496474;
  -0.1846125545076204, -1.213236850894641, 11.32286328569598;
  -0.169565472520661, -1.536350918396994, 11.11604506108277;
  -0.1239639215415641, 0.03075526867822045, 8.159149139973687;
  -0.1200367915079545, -1.232901505954099, 10.40249702518291;
  -0.07622079965916188, -1.443550699731836, 10.90325421229743;
  -0.07273823679544492, -1.27561465675431, 10.65828737739754;
  -0.1038501002060831, -0.6996742267600944, 15.51413853106823;
  -0.02220747686679891, -0.9763879297201138, 10.31974046047493;
  0.003237471487657987, -1.201523305332156, 10.48970776524016;
  0.01907908556781622, -1.207027712086446, 10.56258588033503;
  0.02536056364819326, -1.143009661282013, 10.34711084699437;
  0.02190668340743814, -1.053658811168937, 10.58854827082039;
  0.06090852362050413, 0.088642786255196, 7.742235497545635;
  0.1239234972438907, -1.547660975254718, 10.14202180987272;
  0.1335012722159748, -1.038648982607709, 10.34796918218306;
  0.1465753048460228, -0.9942341677674932, 10.40469021547568;
  0.1972723887794117, -0.9733559018143742, 10.3135326080357;
  0.2166902380763961, -1.999050338661707, 10.64070810119532;
  0.2071151413987276, -1.549814039371328, 9.916168343971831;
  0.2185323309416437, -1.221250068122669, 9.742071491724509;
  0.2641687447249093, -2.110104414105274, 10.78017698029245;
  0.2436728161096242, -1.030543720998554, 10.35434694298995;
  0.2510243280529013, -1.676820225262683, 10.19538497437377;
  0.2890939497106819, -2.256230694681436, 10.73570728410692;
  0.3067489260085669, -2.089824573180053, 10.69618663678809;
  0.3730672345333997, -1.462443561892167, 10.35080995072217;
  0.3478391573848644, -0.939422903470468, 9.690413833676837;
  0.4185620610970687, -2.172067644686458, 10.45948860906022;
  0.4284898094194529, -1.79537752408125, 10.19653063424729;
  0.3971181931317558, -0.5466749677688868, 9.445188880651694;
  0.4577913238289942, -1.066082797339296, 9.838467471383222;
  0.4803617880040442, -1.360653345863447, 10.22006919380643;
  0.4983385388825091, -2.039743885225406, 10.4649529340531;
  0.492972404791031, -1.703290631746802, 10.01681977776759;
  0.4867334872181016, -1.186624945795715, 9.906645309795797;
  0.5322075292618724, -2.111584401161208, 10.45269723510337;
  0.46395515272049, -0.9267749337242154, 9.262067170426922;
  0.5213450920699007, -1.726374737939611, 9.951194870721228;
  0.5264598285235415, -1.835499200196038, 10.03943460151613;
  0.5321512384529465, -1.566889313602317, 9.90961995149668;
  0.5248024057209152, -1.276401679213449, 9.795740184105604;
  0.5299463543546504, -1.214955233932985, 9.931402689871069;
  0.5435018551116263, -1.440665191672635, 9.960324875701518;
  0.5981690725721647, -2.131414744497457, 10.32695256146467;
  0.5801677504438112, -1.536463913119248, 10.06211739952533;
  0.5792250255987514, -1.618569264879707, 9.982046280737359;
  0.5522021309877396, -0.6810175338561976, 9.645200928399317;
  0.6193444675573064, -1.265731062446187, 10.11625339088015;
  0.6347892500368078, -1.944953279394633, 10.17783185836813;
  0.6481156699869186, -2.068823821060907, 10.21432124076494;
  0.6671173927712197, -2.187901025578796, 10.46130859363244;
  0.6405983296006509, -1.593591202175134, 10.02110351787416;
  0.6532219333924693, -1.522821530661555, 10.20685226270575;
  0.6599042697906207, -1.201588053917321, 10.02151886569512;
  0.6816794034878463, -1.386393216774294, 9.985349935198338;
  0.736477679536503, -1.303201579165173, 9.963107059772881;
  0.7485013296966525, -1.47507799795109, 9.977411639170894;
  0.8002718299985702, -1.561801217379229, 10.09065814293761;
