m=[-2.016556131232495, -0.4672481081280037, 4.303814655730386;
  -1.986094541210159, -0.0712130840030448, 4.991231127893388;
  -2.068198036330496, -0.05838749853660331, 5.690946233866061;
  -2.01327517339055, -0.1037306682302427, 5.618225033656594;
  -2.076984171651075, -0.06122479033638659, 6.051832663353845;
  -6.791386929165203, -3.502978424129999, 18.78777323817179;
  -6.986742901613765, -4.621354514332096, 19.37872840357233;
  -1.309174987874966, 0.1901253095593935, 4.38923235685916;
  -1.271640304665738, -0.0164881958541985, 4.317956894065192;
  -6.649316507787399, -3.379872810305608, 18.76995027169136;
  -2.120613858089972, -0.6297684544228438, 6.794070456328855;
  -1.158264339129685, 0.26421384710462, 4.385439798355905;
  -2.200918352426238, -1.417377533626846, 7.698252710598004;
  -2.29039865534163, -0.5338762744130347, 8.412959509789996;
  -2.397430956649079, -1.040799841821258, 9.365859828122396;
  -2.412051244098569, -1.952557646781699, 9.431268935452414;
  -2.320809986695342, -1.425463396507851, 9.414950677663301;
  -2.242283513488879, -1.594741469729676, 9.499716095601377;
  -0.9329896935804748, 0.3707624364501388, 4.526748306698755;
  -2.779337606600949, -1.683152198127598, 13.49054183784567;
  -2.826529471330421, -2.48766429932833, 13.84515472749754;
  -2.865965310175627, -1.946130362476535, 14.21605752967412;
  -2.838124612187432, -1.680158891213864, 14.27181658174268;
  -1.654823944515453, -0.2828841838833963, 9.065626302302997;
  -3.064091904975781, -2.591610734979137, 16.36630030645201;
  -1.601775784853866, -0.2901475606778864, 9.057416320176436;
  -3.595845416685561, -2.80164049165952, 20.88308714363451;
  -3.542165688038601, -2.407050230326724, 21.01478908322266;
  -1.419932959346669, 0.1667077117149712, 8.992537290068071;
  -1.38300341540462, 0.2161248951370125, 8.960844081728869;
  -3.874650267616924, -1.722046834703931, 24.37796494157158;
  -4.273720582342359, -2.662087461486882, 28.08021660409611;
  -4.252496351617145, -2.3491561687265, 27.9917338506426;
  -4.36212363993268, -2.102341640857068, 28.92178201771517;
  -4.185553324687739, -3.123312971963979, 28.95991325343082;
  -5.559615761710786, -2.445804523106755, 39.19282762046959;
  -5.645518873742389, -2.885834943613789, 41.40374694474101;
  -2.13164927245936, 0.03454014331926131, 16.37535368648742;
  -5.570317024548185, -2.04154651552462, 41.80271790902143;
  -2.117033496052744, -0.05073879453380045, 16.43384949684473;
  -7.664996743621745, -3.064560760890561, 57.96898375622833;
  -7.280442277360357, -2.07746678819335, 59.68061236542269;
  -2.607921115124658, -0.1540441609519241, 22.99205563433343;
  -6.932770960325332, -1.941158613992567, 63.30955039647703;
  -7.097243088105343, -1.254164593178749, 65.77616015269899;
  -14.74668381546846, -5.937080797007047, 137.0469096257652;
  -9.185762909191331, -5.250248364745552, 87.40898533169998;
  -7.957477904213431, -1.14522622687575, 78.30056806451196;
  -7.061099068022068, -1.645604492239083, 70.58430372800729;
  -6.563494693883254, -1.969826419726441, 67.10520361698313;
  -4.571740411930802, -0.425257931877619, 46.92643832776808;
  -10.31774570720835, -6.013807938913076, 105.589511379991;
  -5.929245365391947, -3.42667182438616, 64.21416080880255;
  -4.203550601523114, -0.506398040404994, 46.4422865757717;
  -4.462016580484328, -1.052963782451694, 49.97262120488168;
  -3.291749668763028, -0.3014795456228983, 38.89620238450391;
  -4.220086254534274, -1.549570079396889, 51.87864904977089;
  -2.326899476321668, -1.301260421142463, 29.99127810839114;
  -2.574435913781451, -0.1450242604511316, 34.61004423802566;
  -2.166851872551221, -1.348161097213839, 31.79682845805995;
  -1.736458976070189, 0.09856847460159916, 26.03353823131037;
  -1.800471782487132, -1.487687828347532, 27.30448621615778;
  -1.966763375140425, -0.281349388205573, 29.98047177864409;
  -2.051018536601084, -0.5686412209622228, 32.0745326267008;
  -1.930549808371155, -1.900667501481213, 30.57674259924861;
  -1.789950916107727, -1.37870240918451, 29.83944958644847;
  -1.267551525913086, -1.167558197968034, 22.7884387095761;
  -1.23237452075763, -1.359603482946144, 22.75622932005974;
  -0.813538997640966, 0.1720155335455044, 15.19685639928009;
  -0.6423203224919531, 0.02593852250065463, 12.97365309189055;
  -1.2112363472734, -1.049461765241133, 24.5412342558073;
  -1.014278812612283, -1.402849381071401, 21.88905703661713;
  -1.139853129755621, -2.302096783410426, 26.7559209909409;
  -0.4671883034939963, 0.01685892198468427, 11.80569292104923;
  -0.4439057227459088, 0.1691753153583258, 11.46699607465149;
  -0.418734742028324, 0.03258372187299673, 11.49505786135402;
  -0.6767432231019346, -1.674542739830745, 19.98361221261744;
  -0.3207024889494472, 0.08018362266183381, 9.91862056041003;
  -0.5094321827246803, -0.7707901351257259, 16.55841509328581;
  -0.3181710253180328, 0.05192383747849041, 11.35872624251647;
  -0.2500734024382362, 0.1181041062961017, 9.421910885162543;
  -0.3413169784326471, -1.612883912029399, 13.93862617800224;
  -0.3479124023128862, -1.524617206064325, 14.35515219508895;
  -0.2228776802891689, 0.05758463504808555, 9.190675215293009;
  -0.2753367261632272, -1.806777456834129, 14.16385769589911;
  -0.269553959806721, -1.91784959347791, 14.13884228160738;
  -0.2150288579860618, -1.948272714591052, 14.09644569306398;
  -0.1144709443289896, 0.0284000748355421, 7.534333339565199;
  -0.079979712516909, -0.02062020733440296, 5.364686964216213;
  -0.1690264653078403, -1.986658338853311, 14.1884230010788;
  -0.160406037698294, -1.647535251133826, 13.90093244759299;
  -0.09367306941457147, -1.642750024645554, 13.72585502933078;
  -0.1384336801968343, -0.9326758275347401, 20.68057024189065;
  -0.0343062675601549, -2.046915922387351, 13.85774245550368;
  -0.02862718007426227, -1.258640648556616, 13.30295513775086;
  0.004169940684825614, -1.547590745979105, 13.51099441306557;
  0.09023287322915773, -2.044987530178842, 13.2638449589677;
  0.07025329549746379, 0.1022426334827201, 8.930072933781039;
  0.1503538618793967, -2.346960600801217, 13.53192454819061;
  0.1701173779445627, -2.383873174178736, 14.12177711136649;
  0.1514524530063274, -1.891465753772113, 12.39501882783267;
  0.1683724910994591, -1.30994943850919, 13.05091195090581;
  0.11454876543147, 0.1671006493401754, 9.378694702304838;
  0.1874096333650814, -1.271217283539551, 13.30332678214762;
  0.212898449668983, -1.451425891855223, 12.5029266911445;
  0.2573473910598847, -1.269770206842109, 13.45429396232889;
  0.2765077053015673, -2.550889356311435, 13.57808180914916;
  0.2597581916019293, -1.943734723920337, 12.43658932541107;
  0.1902242028043003, 0.3328439913316657, 9.863436829062419;
  0.2807067866054446, -1.568706931314152, 12.5137803250392;
  0.335324961925437, -2.67847993544949, 13.68391419367328;
  0.3189688279102645, -2.130683452145515, 12.95495946785122;
  0.3663355541573126, -2.859061985455043, 13.60412862714674;
  0.384840994966516, -2.621851618237207, 13.41921929837211;
  0.4505023222345218, -2.936978231337803, 13.62128172199181;
  0.4436797601188557, -1.529724802670224, 12.66169183049147;
  0.4777615732673924, -1.872850983062728, 13.25557108448255;
  0.4411263798231521, -1.191367376940737, 12.28929257297028;
  0.5365999628958921, -2.784608367254343, 13.40914937398044;
  0.5471465472828052, -2.384402213337149, 13.17269474832627;
  0.5540586348229061, -2.321512433007295, 13.18462124174035;
  0.5461020082353284, -1.10126186091797, 12.94808728928666;
  0.4969594052695315, -0.6841168990916261, 11.81984489748553;
  0.5918004446709613, -1.378156903989579, 12.71847918773645;
  0.6024694058802445, -1.631375027822401, 12.86492434676405;
  0.6167669641726574, -1.747029123416665, 13.12219499492208;
  0.6291342128860581, -2.575102191771259, 13.21162104343566;
  0.6207631937824581, -1.513380752543155, 12.63459561273873;
  0.6229177363384767, -2.152270460461188, 12.65720888357318;
  0.6812991810172415, -2.949974178672735, 13.51736142599288;
