m=[-2.740729773763657, -0.5730048634208815, 5.796876626523423;
  -2.68445857150208, -0.6220050954474211, 5.72927872613712;
  -1.124491454596037, 0.09508685173865862, 3.275235812781235;
  -2.624329437519309, -0.09409753101272454, 6.595171834273366;
  -2.721506238163376, -0.5936783014040286, 7.467688209435052;
  -2.760729387070706, -0.0779384179928649, 7.596546477700437;
  -2.684829188421006, -0.1383313763959805, 7.492256774853056;
  -2.78244371038533, -1.292724854805287, 7.988739094118802;
  -2.772546455444635, -0.08172839145786554, 8.078533976687702;
  -1.847817755975804, 0.1284034719489075, 5.855911507067645;
  -2.915793102074923, -0.6988869957296613, 8.741422789400158;
  -14.08355525290801, -7.23523403127237, 38.19314087536223;
  -2.880714862570185, -1.454465715150549, 8.835672492219969;
  -6.776331080654475, -4.482178415776294, 18.79512119364775;
  -1.759258561366015, 0.2868784349386763, 5.846689988647335;
  -2.849638584702969, -0.7617207906115103, 8.890357097391837;
  -1.752138446235657, 0.254454803648666, 5.87434287481894;
  -2.820545448483084, -1.340068996758635, 8.892736036495625;
  -6.405820545642534, -4.367235543315038, 18.36577017948863;
  -2.822631451698819, -0.8382498491935509, 9.043210239305124;
  -2.753514056854372, -0.6200977503782958, 9.056532074408358;
  -1.538283387135459, 0.3204169652241127, 5.785332336987437;
  -2.91845425181058, -1.879466125980561, 10.20801081966081;
  -1.537340242904812, 0.3506855612871914, 5.820703320551804;
  -7.080034699871012, -4.49132040187535, 23.90997033029509;
  -2.986729221599162, -1.935413490546083, 11.00667209399661;
  -7.229711703312507, -6.238289525400796, 24.93881486606694;
  -3.023649990395587, -1.889810835637081, 11.19751169240644;
  -6.598023866323351, -5.80734013846013, 23.08656395101855;
  -3.132315148366916, -1.861830235315439, 12.05985275077435;
  -3.209261480040536, -2.697026400227757, 12.42905094365838;
  -3.189712197822861, -1.384753934932739, 12.4610042487384;
  -3.196547938236406, -2.587608424729102, 12.49869933084286;
  -3.184185179854603, -1.972366515038776, 12.72718917101123;
  -1.2638040071836, 0.06968482509809926, 5.952243381904298;
  -1.249652901033457, 0.4966017925943841, 6.063158245623706;
  -3.737102852345648, -2.263169780315794, 18.13940928304788;
  -3.789180744831073, -3.334905847693767, 18.56049768267489;
  -3.891927449216937, -2.642808742515026, 19.30514103675433;
  -3.946579506416583, -2.639498037148968, 20.08820037308012;
  -4.094669943300809, -3.463274245796053, 21.87094905313995;
  -4.727764860634086, -3.683555863423742, 27.45677695740283;
  -4.865550459922958, -2.341056902046157, 28.6625542418384;
  -4.739483020057731, -2.476253717005529, 28.06214879884859;
  -4.914421722766604, -3.339555791998598, 29.15604324176449;
  -5.116402687666273, -2.712627180639237, 31.06999283644589;
  -1.792893661760226, -0.1906312083141067, 11.82333611827401;
  -5.206878775397255, -2.314141533959579, 32.75988785426994;
  -1.858576422793833, 0.03324750830682881, 12.39698318893662;
  -1.859912624354498, -0.2150345659904115, 12.66677618581494;
  -5.16767933399328, -3.907001529718968, 34.11107255610005;
  -5.745118704423131, -3.578616845235158, 37.74794690672695;
  -5.807218396943086, -3.208012845239255, 38.22557348414185;
  -6.02616824009523, -2.90433409772816, 39.95474191666934;
  -6.235881259606531, -4.653293679207682, 43.14616642720061;
  -7.956379056060707, -3.50019654539526, 56.08894682522909;
  -7.365467497160986, -2.756247117154404, 52.00323058717299;
  -7.242531597237467, -3.698746571317958, 51.41116413567673;
  -8.051971727181517, -4.115947868559195, 59.05246395490932;
  -2.970092585646886, 0.04812584551555241, 22.81628464867873;
  -3.018762489707493, -0.07235047059822064, 23.43368138249676;
  -11.28870974673601, -4.513366161533912, 85.37446966065009;
  -2.944229491209487, 0.2677492959274668, 23.19507622476509;
  -8.928114550525867, -2.057815536199498, 69.59446084982044;
  -3.131529245392303, -0.03610201913716964, 25.83271839284056;
  -5.103155981366564, -0.5387208456743017, 43.29225188843824;
  -3.715020134509347, -0.2194380636059392, 32.7525050968518;
  -26.24413546671215, -12.62627497292135, 227.6337061623868;
  -15.8458239396685, -4.436791264607666, 144.7028893674959;
  -12.95884341168337, -2.289976878869977, 120.1005727236803;
  -27.59679810460721, -11.11059422823456, 256.4682299511586;
  -11.22852450832757, -6.417816682309955, 106.8472965988453;
  -19.86998580569085, -2.859653416100231, 195.5181270683241;
  -12.44838069959088, -3.735989793321374, 127.2723085045321;
  -10.4319513893662, -0.9703678847802599, 107.0783289081413;
  -24.1471847464402, -14.07444372554068, 247.116910120947;
  -9.896646112051782, -2.389533356851014, 106.5193665592138;
  -13.50014580780194, -9.079167965148024, 145.686178501774;
  -11.65496288243886, -6.735719381193072, 126.2241001396103;
  -9.127993298118335, -2.154058860161636, 102.2295061481044;
  -4.9751387067308, -0.4556551097883844, 58.78758152976403;
  -6.888087461477566, -2.529231297845224, 84.67710148203079;
  -3.780944518205756, -2.114398798118331, 48.73238389187301;
  -3.098742411153416, -0.1745597255307052, 41.65868389193489;
  -2.452520061298224, 0.1392150144076972, 36.76895086998139;
  -2.48846776196676, -2.056162855048594, 37.73807196917844;
  -4.122294641463157, -1.142898816493514, 64.46586006657842;
  -2.633952829381805, -2.593182792556066, 41.71749277503562;
  -1.693688803614825, -1.934042325571409, 28.55571232284224;
  -2.24227865617411, -1.727106010288047, 37.37999758405105;
  -1.829253838028165, -1.684949503899473, 32.88689897014886;
  -1.034696236147227, 0.2187772505491359, 19.32805945775257;
  -1.62009309903988, -1.787349692038004, 29.91558934448988;
  -0.8271797314198237, 0.0334036139356113, 16.70746277877334;
  -1.306869456184659, -1.61869860254681, 26.35348672268151;
  -1.680434230575659, -1.455992860486285, 34.04779768776696;
  -1.384622580732976, -1.915071976507161, 29.88141156748943;
  -0.9160626405597946, -0.1378265007026765, 21.22051188175122;
  -1.525605462451493, -3.081178913476275, 35.81073574404395;
  -0.7080738228296903, 0.02555149871948004, 17.89278981353643;
  -0.6536101249927867, 0.249095006779947, 16.88409126893561;
  -1.175781104458676, -3.134878505605002, 30.38983632786994;
  -1.072195190535927, 0.08343255616374008, 29.4337787549577;
  -0.8710013371200502, -2.155217689173018, 25.7198777372265;
  -0.5207009672208114, 0.1301882315040804, 16.10413232594474;
  -0.6520677820199913, -0.9866031846008299, 21.1945954138522;
  -0.6220721646190688, 0.1015189046308881, 22.2080166285876;
  -0.7835660475873457, -2.7069125762077, 27.82072371898182;
  -0.4003837260275875, 0.1890923291999057, 15.08509001645217;
  -0.440448409187778, -2.08132673774414, 17.98693330333603;
  -0.4006582336541497, 0.1035175802891107, 16.52170685315238;
  -0.4492790416860154, -1.968824775216183, 18.53762320225163;
  -0.4300783567048879, -2.347227577496784, 18.6852600434632;
  -0.3884275103111545, -1.199184024584076, 20.3492534273201;
  -0.3445897237640859, -2.451721585212414, 18.07467328492046;
  -0.293937604183599, -1.931699250954814, 18.02810927768474;
  -0.2740561283924014, -2.483090326638798, 17.96604124170753;
  -0.2187262897374212, 0.05426567443342116, 14.39628882829709;
  -0.2059069017468659, -2.420133809447213, 17.28424134945565;
  -0.1985111839439266, -2.038914357494964, 17.2031589190335;
  -0.1271531656081706, -2.408162102832639, 18.18904150473042;
  -0.1207752552808581, -2.118042622379786, 17.69712101328454;
  -0.1499040873044277, -1.009955947705089, 22.39413127381856;
  -0.04407616440665022, -2.629846064237004, 17.80421416298891;
  -0.03682184267751008, -1.618932351298499, 17.1109875285493;
  0.005429682968864209, -2.015119099125989, 17.59267620376463;
  0.03558097444522668, -1.711359338924875, 17.19798741000604;
  0.04233505445295985, -1.908056024381012, 17.27270368336335;
  0.1182494467982053, -2.679939533109485, 17.38216098729161;
  0.09809772672025198, 0.1427658282437277, 12.4694485582046;
