m=[-3.772109239838321, 0.8554257026810663, 5.935167190455521;
  -10.63540832051906, 0.5702225838857764, 15.02523704972823;
  -11.23098582932639, -0.2715089841321421, 16.06669032256635;
  -3.616345344038123, 1.053149519204249, 5.944587677766736;
  -3.619059480515795, 1.10875921979931, 5.953137527160059;
  -3.623146966842397, 0.8670439703136441, 5.98043781189445;
  -3.584472063983281, 1.052274316697441, 5.941978404726372;
  -3.582793653636405, 1.090269169556567, 5.941269106554601;
  -3.596022280826153, 1.070428880404838, 5.975124952155386;
  -3.554596045862295, 1.103558163334914, 5.938382438798709;
  -3.549309827960388, 1.022307662092416, 5.956680585101927;
  -3.525169375977139, 1.049868554162917, 5.95695683774057;
  -3.524828441991203, 1.079699582377312, 5.964099663346083;
  -3.501484075381069, 1.0592359684969, 5.959428781701236;
  -3.48385614347618, 1.019273092605148, 5.958705770757696;
  -3.463375169165027, 1.059522990844126, 5.949032666671046;
  -3.460947642890552, 1.094535868323293, 5.948585385316743;
  -3.436968773961633, 1.086384121452122, 5.970809614521642;
  -3.412091501664508, 1.018195356122858, 5.965711254915399;
  -3.391550167947676, 1.084161352538194, 5.972458646971609;
  -3.371541305773555, 1.023143489097911, 6.004597721330942;
  -3.325954587987982, 0.9932911958932903, 5.999841766200971;
  -9.53684196370226, -3.71488016605911, 16.16006238568489;
  -3.061904039353621, 1.064701549770945, 6.032457434304853;
  -3.027012761247925, 1.115867285141161, 6.032928752919677;
  -2.964248168220335, 1.132427924477149, 5.946833066973898;
  -3.029564714281636, 0.9670730566689225, 6.106334553660024;
  -3.01087588637537, 1.073162794738352, 6.098684527972727;
  -2.957875530571753, 1.124678423549803, 6.078997837152362;
  -2.967352082686772, 1.017466399911162, 6.111220045601908;
  -2.909680985981212, 1.155804511825034, 6.097329908452736;
  -2.944227458461954, 0.8834944248397961, 6.184502719416463;
  -2.875639086940161, 1.130635732718498, 6.140874749857913;
  -2.899427286905584, 0.8721910998452669, 6.216513537508722;
  -2.897515050127127, 0.9191817151519851, 6.215269371272;
  -2.86216542291961, 1.060626696802906, 6.172530618658922;
  -2.828190478970026, 1.168008976550389, 6.135729793084868;
  -2.873134070940448, 0.9865421032012235, 6.230990568130547;
  -2.854086640572403, 0.9365909384999007, 6.254580261011936;
  -8.142487992694715, -1.627186867710817, 16.27606734121482;
  -8.221281992316314, -1.813185246674986, 16.44865031667418;
  -7.89149719561016, -3.641316185639378, 16.18750551989364;
  -7.509415941071262, -0.6037533742935487, 16.73251050726161;
  -7.421521958322459, -0.02747149182263778, 16.87055847353433;
  -7.661838312278369, -0.2825150556764623, 17.44124304448507;
  -7.339020806801156, -3.607840327258159, 16.79634830214049;
  -7.932580011354445, -0.4605835512584432, 18.1982110305347;
  -7.745625763824491, -4.107454097801896, 17.8856898406899;
  -8.275380848084687, -0.3611011175312819, 19.24677016962516;
  -7.938610905566539, -4.151438916137766, 18.70176601629964;
  -7.751551725852234, -2.107673877613794, 18.52627979478574;
  -7.788579237290329, -1.577787245199348, 18.80906685491065;
  -7.779852950235509, 0.03828833944901013, 18.90854929754586;
  -7.722378371469349, -4.097238801735704, 18.78067485638734;
  -7.913941301538508, -0.1679208807455709, 19.28921435605296;
  -7.676454670326909, -3.593555545056231, 18.77276975243318;
  -7.679474887438208, -0.03929636529287129, 18.87702809088794;
  -7.676560420799018, -2.919055969551734, 18.8440110390576;
  -7.697844218420276, -0.2320543584801878, 18.93153838853176;
  -7.639299626991083, -1.753910648214139, 18.84593345854866;
  -7.656896453265722, 0.494772560583852, 18.97989119248651;
  -7.646063735383236, -3.918533559585449, 18.94531166317624;
  -7.53358970614892, -3.787609601668144, 18.76212644465976;
  -7.661918143182517, -0.06390789293093781, 19.28615348574073;
  -7.607322133214914, -1.990047943180247, 19.25066033650325;
  -7.628241243436393, -3.631684482979805, 19.32853934764506;
  -7.547170030031245, -1.681478709549995, 19.27840985567532;
  -3.650378662196941, 1.030309826549146, 9.89945167561306;
  -7.569839578257174, -0.1842044790340023, 19.51092032928256;
  -7.998134542295828, -0.4630028594810392, 20.63797579631827;
  -7.954724090439594, -2.028019127852394, 20.7049138680088;
  -7.867274652156826, -0.3398311943252668, 20.52253053060097;
  -7.977485499169382, -1.856152557966385, 21.00420783545744;
  -8.056734059426416, -4.098366777134491, 21.31533736409727;
  -7.966128599780863, -4.046804563825552, 21.51792621557066;
  -7.943627706245053, -3.877743710641779, 21.86111090796916;
  -7.879836284265847, -3.956459083911927, 21.73560420402566;
  -7.953845384945288, -1.894909806890931, 21.97065149923439;
  -7.833313637579725, -3.663561729256122, 21.66789409167656;
  -7.762462469339633, -4.03303925684336, 21.52692352015807;
  -7.879808972307798, -3.797755620313241, 21.9895641235496;
  -7.840960640702896, -4.044786862705708, 22.25044022690937;
  -3.306476244490197, 2.028429790167933, 10.02528217676414;
  -8.056183617887887, -3.875910134713836, 23.60700213437492;
  -5.591359091878022, 0.9444397829718511, 16.74406580321742;
  -3.118258838828888, 1.624015468623603, 9.786721425016376;
  -5.548828383294225, 1.125479870515061, 16.70609538387818;
  -5.375503835787844, 0.4538624035637931, 16.22103578891822;
  -5.45822579855531, 0.7906154236171423, 16.56531284802531;
  -3.095485298154133, 1.612892516765389, 9.841037654492702;
  -3.269602729786821, 1.146784970044932, 10.35355370837649;
  -5.448983714888612, 1.13221830727411, 16.61946107788657;
  -3.129589931979245, 1.796921163097322, 9.967683578350686;
  -5.437485967940375, 0.4755630656283493, 16.65747966017552;
  -3.042195371403668, 1.085985306211721, 9.833130429260736;
  -5.451840570870961, 0.9356732106622134, 16.81846317622295;
  -8.098366967084999, -5.086440583718489, 24.49150100728856;
  -8.089455933793749, -5.110135174062533, 24.47932640155787;
  -3.054486689666808, 1.32301024307971, 9.881549187987005;
  -3.125720078161528, 1.847177451349744, 10.1737180372546;
  -5.320446751972329, 1.257745425553903, 16.87902934794132;
  -8.13831282363952, -5.355575356042285, 25.45555870984261;
  -5.169601011500904, 0.9362252058650346, 16.60994891580288;
  -4.627801821616655, 0.3908681732926335, 14.97386484357379;
  -8.175936885189014, -5.621067417828351, 25.66849085842708;
  -5.203225633975682, 0.8762668349097084, 16.87666671172745;
  -5.132418734420162, -0.1597715356238801, 16.6543611983033;
  -5.046268266157211, 0.8487734003635684, 16.69648809945411;
  -2.900249497545439, 1.99919227632823, 10.27926900464119;
  -4.491241948476889, 2.076540617346338, 15.51311739390429;
  -4.521856887084204, 1.129761594060205, 16.32624293417846;
  -4.420810033875188, 1.036500489725399, 16.10802277643794;
  -2.939396247840777, 2.038114560079218, 11.41553297701984;
  -2.388927417079243, 2.007716699200857, 10.62819100055703;
  -0.9210813506620611, 1.958918988990985, 9.564489053908776;
  0.6328641029510631, -6.88494463164003, 42.16255316513605;
  0.6943860698135942, -7.117035037191512, 38.15678570235318;
  0.5974986297366203, 1.762788903635658, 20.1736133511595;
  1.672137534389542, -10.53001179172385, 55.41547859766934;
  1.868098538871592, -11.50729616840815, 55.07032921823158;
  1.801321437579913, -9.814317125775849, 50.59619409095456;
  2.104440700115205, -11.19876326080292, 52.25601209768468;
  2.135632088817976, -10.58468474330455, 52.50910832712377;
  2.280276392802808, -11.16664234101044, 55.3653137057138;
  2.173530184143929, -8.764936741312708, 49.36644618982101;
  2.414926404510064, -11.69065741563083, 53.79537531950206;
  2.65704098771896, -11.66580070524677, 56.38302118750573;
  2.397860741273383, -8.510985166848357, 48.77687766017601;
  2.606681688331715, -11.1213076453079, 51.93439753950283;
  1.298372096111524, 1.980281828722689, 23.16832932264137;
  2.854878433303979, -8.432880380601864, 50.08148420495269;
  3.081602768782831, -11.61267162965608, 53.40626017960274;
