m=[-3.689641140076918, -0.1589555324600599, 8.079853761894947;
  -3.86536190788668, -0.1846451675825523, 8.700148711334455;
  -3.810894196048363, 0.01006266273153073, 8.942870792051913;
  -3.801665724167735, 0.000774949469625886, 8.937234801999091;
  -3.738062689823841, -1.809158246092869, 8.856988375057265;
  -3.75995513901771, -0.09925823234431391, 8.87498443234918;
  -3.750397245081607, -0.8703568723707728, 8.889130639141969;
  -3.726355711277694, -0.134222964747831, 8.867277854478736;
  -3.68744012055327, -0.884373164624473, 8.806870652299931;
  -3.673452050198731, -1.940254345591292, 8.821947481847891;
  -3.640382149411083, -1.893010909531985, 8.789120986760793;
  -3.72153655531563, 0.2297157904098489, 8.926895236662428;
  -3.651988916100569, -0.9264538560048248, 8.821217720166862;
  -3.709467700923126, -0.04847459480847537, 9.046658197164986;
  -3.657867659231489, -1.793405456355785, 8.992108527798724;
  -3.668823013552057, -1.006646532279565, 9.007478478087734;
  -3.998547403393486, -0.1825475641705698, 10.00309259173067;
  -3.835400304554865, -0.8347629242424223, 9.654557220120129;
  -3.912365107956892, -0.1901145965559409, 9.926782117217449;
  -3.904721731293591, -0.947902627262309, 10.0186448024017;
  -3.927699832999851, -2.064950219702099, 10.1459470252526;
  -3.912037438356883, -0.1832838889640769, 10.18627092153436;
  -3.925265891306836, -0.07418124928336925, 10.30385730288982;
  -3.836196900647217, -0.162018867652321, 10.20057044171736;
  -3.773426108627752, -1.907031830846561, 10.15854148668492;
  -3.771419369408409, -1.952767374400521, 10.16754020164603;
  -3.889776489474231, -0.08500684069561748, 10.42082120528729;
  -3.876871312874601, -0.2048141603439048, 10.40428858764548;
  -3.820513560746623, -1.851164038205265, 10.33404828811574;
  -3.864534637677571, -0.9621074528252478, 10.43421676673004;
  -3.78980155412138, -2.040027512147023, 10.27909539626433;
  -3.804065593452493, -1.901963304713234, 10.39312575060354;
  -3.913192715791404, -1.001153694827314, 10.69924252997708;
  -3.831590518727507, -0.9575754459080657, 10.61054387587956;
  -2.693529499886342, 0.4448093175711795, 7.768056413100699;
  -3.884344232518947, -0.1383389966690057, 10.82863887449109;
  -3.760309728217717, -0.9637283327947559, 10.54190734507828;
  -2.655837787830499, 0.2196152863138254, 7.710841933974278;
  -3.929513286728047, -0.07752545862466387, 11.0073623060011;
  -3.879609620819158, -0.9792923865280446, 10.94869126425246;
  -2.571742919172887, 0.4375672007177296, 7.649995468652559;
  -3.75842580647457, -1.876618047932935, 10.82470443058787;
  -3.996854344727347, -0.2787348176847919, 11.42207886684166;
  -3.916702525758756, -2.506480082325484, 11.33140437539199;
  -4.059039635689929, -0.9716041883083061, 11.80672889945334;
  -4.028784498012811, -2.05648706469943, 11.76561446303118;
  -2.491267155350763, 0.4396714280149795, 7.713082975563575;
  -4.051790016407669, -0.8661882809584176, 11.97851018071595;
  -2.516037633131185, 0.211415879556306, 7.804243993947321;
  -4.033753144942395, -2.066487495594169, 12.01549283341987;
  -3.965819772871133, -1.109518118347136, 11.80569052836046;
  -3.93946840873351, -2.589324476729791, 11.76626307286817;
  -2.465665736695804, 0.4109172474948857, 7.721043080422166;
  -3.961045386990127, -1.953785362601883, 12.0087423766105;
  -3.936349037546013, -1.865882237019821, 11.99870122169848;
  -2.43079510963372, 0.4051119745701068, 7.76336859718245;
  -4.001055542466066, -1.851801578091149, 12.23310278536433;
  -4.15403887612, -2.017845992223735, 12.75568701365406;
  -4.007701061698752, -0.8340408527927468, 12.44423334845975;
  -3.988569696751685, -1.191540022582593, 12.45748230563955;
  -3.974643005134384, -0.8840616771744341, 12.45104175824287;
  -3.445423572717578, -0.2480873329092058, 10.97808300150782;
  -4.01953109310448, -0.5689442311468808, 12.71718497692259;
  -3.943715192512046, -0.9287345239531987, 12.50955333632316;
  -3.987535374274367, -1.968939677616713, 12.67743719611489;
  -2.32670754217723, 0.4480509775264429, 7.784620069672305;
  -3.803545473432776, -0.3504084013005222, 12.18862004603719;
  -3.913301979893733, -0.8723118916359903, 12.55565588633664;
  -3.952386714735482, -2.004285683389973, 12.75571168757267;
  -1.384132255508422, 0.9808556585896605, 5.053513005692429;
  -4.044876613646486, -0.8300724384796113, 13.03078815033021;
  -3.922422873252029, -1.896816620418691, 12.69806407760536;
  -4.094522953208197, -2.719385496737992, 13.35707255933419;
  -4.087239638824453, -0.8010285070719165, 13.39690256039709;
  -4.111649444575345, -0.6287218693004543, 13.56001505767257;
  -4.066157200762642, -2.597619232844768, 13.46674535919854;
  -2.248540085595082, 0.5309733604173282, 7.909653346607234;
  -4.215837519957885, -0.8489451585881345, 14.20649623480583;
  -4.156535381145123, -2.012471770561247, 14.05693215424712;
  -4.077067052009725, -2.713172714473913, 13.87431322634873;
  -4.090411214101746, -2.118829359979793, 13.89013508070088;
  -4.121501260982131, -2.732828622068046, 14.24404424660684;
  -2.176768272622575, 1.002552003928614, 7.920709569980865;
  -4.322300664845169, -0.9958474758128894, 15.07112231601639;
  -4.079460080491391, -1.140746355669844, 14.42529988303665;
  -4.163475914094229, -1.000634975508964, 14.70438986887445;
  -2.325450454799949, 0.2406123553244014, 8.619281865553512;
  -4.254741640081018, -2.748101552277382, 15.09275917393425;
  -4.11559013320529, -2.066864825973789, 14.71772396343637;
  -4.238295541986623, -2.682850340013187, 15.30475513994515;
  -4.449508562691555, -2.183181633740048, 16.02276649357635;
  -4.216466291084221, -1.134539823673919, 15.3792769126123;
  -2.145908993981058, 0.1802224765945477, 8.287296926422632;
  -4.243738100455905, -2.336134354092263, 15.61797616134962;
  -4.26572620370996, -2.750613992394001, 15.74355649744666;
  -4.383593459840276, -1.984916507500823, 16.1056323235971;
  -4.236074461948213, -2.339365455572882, 15.69942112146375;
  -4.367560121112538, -0.9780221163141478, 16.22010109131052;
  -4.287785060587703, -2.005799424795552, 15.99490851496574;
  -4.245386298275925, -3.655251633218668, 15.95925345590339;
  -4.35320639935503, -1.037899168750156, 16.47246833221436;
  -4.210787750872231, -3.576117620955702, 16.09608231509766;
  -4.384315485891646, -2.777528828478313, 16.71871507786927;
  -4.324983819887073, -2.112246492035565, 16.58260812209545;
  -4.435115812251288, -0.9837318535653281, 16.98674298806895;
  -4.387833491274042, -3.909254351926383, 17.01053897526054;
  -4.390463575136993, -3.832390851791189, 17.10599930399392;
  -4.453037812177199, -2.951802917870324, 17.4489521913212;
  -4.444162648346061, -1.027103879669273, 17.3581057495232;
  -4.519374097119825, -3.657156176997745, 17.72271073454282;
  -4.373271090452824, -2.141357742300559, 17.19601934132026;
  -4.356823653110899, -1.943193477820826, 17.14636198350821;
  -4.52087674226442, -3.807921659873881, 17.79791641583742;
  -4.385535635726082, -2.328953810370692, 17.26821861209495;
  -4.610362105582752, -1.161858254653004, 18.06792733327229;
  -4.48575468604874, -3.307061312602337, 17.77806307311039;
  -4.469184223829197, -3.373800739679159, 17.9862711204497;
  -4.389348558546417, -3.13080000599704, 17.76222845926351;
  -4.2203330922237, -3.187026336493423, 17.30198206156972;
  -4.264723917862192, -1.799651468424672, 17.47471808415393;
  -1.748585329466866, 0.3983473404906709, 7.829339995608708;
  -1.761904953996186, 0.1412560685112916, 7.911542917781604;
  -1.739341845071469, 0.356812487703544, 7.84161248944088;
  -1.744151859753463, 0.5929751043943535, 7.862139188557686;
  -4.677067980593492, -2.405228526643001, 19.67909380757428;
  -4.572818266470861, -2.818060464928847, 19.38408906711895;
  -4.523443161934064, -0.7537947371097278, 19.14916080171241;
  -4.163131008379555, -3.081863374021447, 17.84239993160275;
  -4.719142331069146, -2.513944246934799, 20.17432393720183;
  -4.600086618113697, -2.836461693532581, 19.71317660823607;
  -1.769089318700513, 0.01100162847064495, 8.18794860656978;
