m=[-3.281893390069742, 0.982475220813321, 4.863740503667443;
  -3.245957375295359, 1.006452703104445, 4.862428528458287;
  -3.22335641629264, 0.9814546640976302, 4.872879201780658;
  -3.201667975192969, 0.9975014808926517, 4.87115197715917;
  -3.172403894279281, 0.952278279547518, 4.85839838880074;
  -11.40164294365131, -0.09476894648632088, 15.18357703729653;
  -10.80988443323201, -0.3149513565092225, 14.73444221134497;
  -3.0642933861748, 0.9110519692927533, 5.058068316401248;
  -2.830714132033065, 0.9828415302419813, 4.976331639340694;
  -2.809200481042337, 0.8486731737957369, 5.047370657750374;
  -2.770304274649883, 0.9283601354256011, 5.030769004690122;
  -2.765224492973125, 0.884976997079694, 5.080143198290996;
  -2.721223758992917, 1.018161795028328, 5.019125458776524;
  -2.699443442398905, 0.9933976488610802, 5.023817557206328;
  -2.742290976668658, 0.859855839013531, 5.126281356895055;
  -2.719891435454144, 0.8989758773723268, 5.111150431340853;
  -9.069046189395271, -1.85955657001884, 15.14367011631219;
  -8.506381953370681, 0.5732914008439209, 14.62353870419238;
  -7.6489311329156, -1.590975120575226, 14.6295366221688;
  -7.882222776821551, -1.808676164486426, 15.10215608585956;
  -7.798097281979747, -0.6269089996926458, 15.12994721179128;
  -7.763878453349559, -1.618151130560836, 15.10228183929508;
  -7.581301543454042, -1.753057140434558, 14.86406323278819;
  -2.894310836633445, 0.6145885265991188, 6.683471563474663;
  -7.143762391521268, -0.6208469670173559, 15.27184006461577;
  -7.381612677230258, -0.4547906146110213, 15.82590527910987;
  -7.090038013902297, -0.06554216686946143, 15.4710251634384;
  -7.217035568241361, -0.3109212218695829, 15.80440746727173;
  -7.079653318993279, -3.58873472599975, 15.58078105107021;
  -7.509690190308371, -0.4879856834589746, 16.61791158703658;
  -7.501927000431758, -1.622373142933243, 16.6422351257597;
  -7.607826716473154, -0.3634196415440505, 17.12368088181621;
  -7.365734946033038, -1.554567976277108, 17.20860258772399;
  -3.303129054399558, 0.931464259650024, 8.235600945927123;
  -7.455603950150393, 0.001519785469348327, 17.52718095902376;
  -7.353255071185937, -0.1941169703778587, 17.35659652070132;
  -7.388446403173099, -3.575881370985174, 17.50622965226987;
  -7.262779333865195, -1.685477428832862, 17.21412162049074;
  -7.19021355998813, -0.08094738564184434, 17.0970229934359;
  -7.313151355076433, -0.2634189896464307, 17.4024570067374;
  -7.230123880379806, -1.734028845940712, 17.26801350880132;
  -7.287164610512126, -3.848955317606588, 17.5004281006038;
  -7.26390009216391, 0.4483719362493504, 17.42400596326542;
  -7.187180344991471, -3.737357849654246, 17.35229847119712;
  -7.199097742006735, -1.82630123367387, 17.38910222071831;
  -7.244120760571986, -0.09466474624512945, 17.66697805282757;
  -7.229681277970685, -3.544619723708093, 17.77267105572799;
  -7.194731993787102, -1.974080511780964, 17.6640828271797;
  -7.258190904536072, -0.2191317722503333, 18.14384931594077;
  -7.300816867903217, -3.724525193369709, 18.32067936352249;
  -7.68233327039481, -0.5020136043734078, 19.2844524768779;
  -7.391061951325605, -1.608641601352099, 18.60494990360791;
  -7.306116189313678, -3.620543113100763, 18.43828949760011;
  -2.832771347484345, 1.01642364553992, 7.744766245275091;
  -2.881874445089494, 0.8859282834679764, 7.882883756886529;
  -7.629582037841781, -1.85214244606046, 19.57580531675886;
  -7.660500130575541, -0.144771204182633, 20.10887985678347;
  -7.608513057003565, -3.997018416014488, 20.08323107049206;
  -7.5084143396584, -0.3171121870649193, 19.96511424227585;
  -7.516665266653882, -0.1642685559475668, 20.13735879574428;
  -7.534363533704895, -0.3980385770755186, 20.2198335210601;
  -7.425872516007936, -3.752922371384586, 19.99139027957091;
  -7.400017685937894, -3.831584793857888, 19.95004266164848;
  -7.605215964980901, -1.893380612743305, 20.53403045291258;
  -7.543343858679977, -3.65499733399088, 20.40387462313475;
  -7.532562172178912, -0.2556966347726973, 20.33188100161615;
  -7.535098841759282, -4.056098643798218, 20.43748167512727;
  -5.26327626017526, 1.245655293439826, 14.63629047592844;
  -7.645577009654673, -0.2536164603166839, 20.93097445828975;
  -2.924464607778149, 1.711147112873874, 8.602407479076689;
  -2.881163682912973, 1.688937163808042, 8.531582338424727;
  -7.479688140567502, -1.869293096809275, 20.7129542693786;
  -2.952670668120948, 1.82856501001322, 8.725874801553285;
  -7.435528815896059, -1.61958916516429, 20.61486595714191;
  -2.934150225117847, 1.743051263598725, 8.719944373752947;
  -2.880709106768654, 1.27987287647942, 8.603732543892257;
  -7.131551498300962, -1.827742588362551, 19.99307518675497;
  -7.664848636274047, -1.934763712594404, 21.63105814962686;
  -7.630758135229184, -3.862829243257277, 21.57921023726352;
  -5.155872945284617, 1.03909579958909, 14.95131042725329;
  -5.109916450849076, 0.422546802193692, 14.83590535116927;
  -7.725983311703055, -1.652666339315829, 22.16883508078647;
  -5.055465550536067, 1.045163155583404, 14.85050369891774;
  -7.716057197648822, -4.937863816002807, 22.3233099055116;
  -7.400805152934121, -1.933889832601859, 21.43266919590127;
  -5.070855132465773, 0.4279336085848642, 14.9726049133141;
  -5.104013607922911, 0.4307318794261465, 15.0705112308046;
  -2.919494692193492, 1.337149805761639, 9.005570078639448;
  -7.936144265520789, -1.899658958636484, 23.08425446898321;
  -5.016407540933305, 0.8535127632630745, 14.9219794369635;
  -7.842207769700836, -4.003043311209606, 22.90229055507905;
  -5.111845454510569, -0.06915514345485675, 15.26436199719968;
  -7.938397039980307, -1.69706387986077, 23.4686815893477;
  -7.928170489239194, -4.061593406997014, 23.61594085523665;
  -7.980797337955767, -2.232789121152593, 23.75771692551153;
  -7.720546791440481, -5.074542731830499, 23.05945249188621;
  -7.760255653423426, -3.827745563205531, 23.52684753996468;
  -4.835885881286567, 0.8534615994820434, 14.97213535794719;
  -4.872265768183902, 0.4094033965345595, 15.11279098434764;
  -7.657209049415208, -3.629619785789704, 23.34055306063416;
  -7.778946923235869, -5.403778026051723, 23.79957790175611;
  -7.84872834544607, -3.632613289628941, 23.9972426188979;
  -4.817902377160678, 0.8029308896407722, 15.08689164865307;
  -7.791853411786749, -3.784933325817661, 23.92621887782091;
  -7.765186387383338, -5.291877501033144, 23.98852172242755;
  -8.070382271033104, -5.749931975179851, 25.04440101928642;
  -4.68083825011747, 0.7801001485617218, 14.9494593499195;
  -7.78748935525964, -2.32642424420582, 24.32263147551636;
  -4.077976991103835, 1.931827174196411, 13.34014575018236;
  -7.825059019945004, -3.863807524683334, 24.87794714530838;
  -4.214076519437569, 1.972333488189427, 13.98280809185323;
  -7.784744305964424, -3.947703675635988, 25.1240480993776;
  -7.726150393586565, -3.73623419808866, 25.01187555273425;
  -8.085611599112186, -5.370074894232527, 26.37672374783341;
  -7.793150229618659, -4.570737785562838, 25.4413005044811;
  -8.174386878536, -3.957796897224487, 27.64485111215189;
  -8.188223375475769, -4.241492404044476, 27.80540214739444;
  -8.090511080227145, -5.38400610757696, 27.5321164593024;
  -2.472337430781254, 1.913367296221284, 9.05941339068262;
  -2.691248873095335, 1.90713472310417, 9.825839349973597;
  -8.102002725468754, -5.372165029729519, 28.00078854766762;
  -7.990150628355656, -4.012683662237974, 28.57350405853699;
  -9.064719659630717, -6.104979656779575, 32.45546659605592;
  -8.411444173772882, -5.32446254350418, 30.37426063793796;
  -8.166498230564036, -5.451330624236499, 29.96020637305062;
  -8.428213984656896, -4.639645465181412, 31.01785312363732;
  -8.388354016570698, -7.289928881268237, 30.93386728969;
  -2.438858643739857, 1.914363059785891, 9.615595483527429;
  -8.478596182452989, -5.467145377270266, 31.29203601989083;
  -2.309434933674938, 1.908475008968965, 9.166230180051546;
  -8.422473301370326, -7.47080010387809, 31.52106040128376;
  -8.551522951356697, -7.36280895030625, 32.14687960671569;
