m=[-8.713879879335732, -1.868595214548386, 13.84297176953258;
  -7.795131182970351, -1.876884268285415, 14.22700397891258;
  -7.516890340680389, -1.830146350257524, 14.02933838392726;
  -7.025174098446223, -0.6809522967942356, 14.35117829948841;
  -6.963194985552944, -0.508223700430712, 14.30347430965054;
  -7.002050597768306, -0.1290251575597076, 14.62425263984214;
  -7.134817688956392, -0.3809139076377789, 14.97401194835901;
  -3.104061560423689, 0.9022157496569959, 7.148865792821261;
  -7.439625624932984, -0.5640431527293457, 15.82891888906326;
  -7.427644846952792, -0.4294918988393316, 16.10960011579634;
  -7.31356465816747, -0.07636888460644135, 16.60640359429904;
  -7.217644989865833, -3.6369517394313, 16.47758523754697;
  -7.128301565619386, 0.6223850485201443, 16.23589501392068;
  -7.251827368728613, -0.2675817993446133, 16.52257691074805;
  -7.308010726902117, -1.790695846858648, 16.68918375679409;
  -7.158236450000101, -0.3359552228967765, 16.4460845355446;
  -7.151835917252526, -0.03569740728412722, 16.43317925206016;
  -7.115489870202836, -1.816769877774958, 16.38446995823803;
  -7.073747388519882, -3.875594225200254, 16.35966926049674;
  -7.037328012485687, -3.80403206697622, 16.36183553965952;
  -7.196290381754848, 0.7545559859490543, 16.65298641358901;
  -7.179777021510526, 0.3884995171019037, 16.64362702454169;
  -7.007100015253569, -1.886888725098752, 16.32568472586632;
  -7.026205064899834, 0.6911660020136614, 16.4602417261403;
  -7.14488758144354, -0.1648844640704594, 16.84878645139247;
  -7.05287107918932, -3.59579471309692, 16.72289539190983;
  -7.075775435764703, -2.062751605172455, 16.77833155006782;
  -7.176942134138883, -0.4700340449175038, 17.0184546326997;
  -6.490080173594689, 0.6708511653998646, 15.47720364647211;
  -7.080782541366633, -1.7325735098631, 16.95870865553097;
  -7.157243982044729, -3.807559137776928, 17.36687868387959;
  -7.099538393365613, -3.668191652959651, 17.33054952776061;
  -7.522775327854298, -1.765239829118809, 18.35825651722894;
  -7.127057177310297, -2.023474406879442, 17.465354080416;
  -7.70684662839999, -0.6114936594099747, 18.80244023459481;
  -7.23479878585246, 1.073303559044443, 17.79929645261158;
  -2.808823957955433, 1.482927530045192, 7.546551144611282;
  -7.557834204882512, -1.957417412495131, 18.84883389935275;
  -7.459010322530568, -1.776015755415812, 19.00259532478068;
  -7.567530011286912, -0.2362829879667219, 19.36848805317495;
  -6.629656236319675, 1.232291045036873, 17.16007864472485;
  -7.384721325556762, -0.3252803933409955, 19.09311493184982;
  -7.366163615602158, -0.4069212123507889, 19.09315498378062;
  -7.298951300672472, -3.857117698846306, 19.11249347913521;
  -7.320416428932368, -3.960873542359789, 19.19273059189899;
  -7.568045872381934, -0.2587967988954696, 19.77789508273272;
  -7.499629965983582, -0.4894233090353861, 19.63492654056604;
  -7.362195478592804, -3.731713918781983, 19.3904242232605;
  -5.424485084552095, 1.258694341444744, 14.47168255572372;
  -7.409482751613889, -1.966068836119197, 19.50891980451603;
  -7.259052519333418, -4.096580395335006, 19.18798657975325;
  -5.051697074922374, 1.169460856350937, 13.72617161189123;
  -7.637540611843368, -3.948323693291853, 20.43612945179469;
  -7.436225665623232, -1.291278402231025, 20.0063503957405;
  -7.4398509281526, -3.7171307703094, 20.07864161474642;
  -7.269091001143862, -4.094939820711497, 19.68384840678726;
  -7.402031243594505, -1.992171025921098, 20.01619064116909;
  -5.413393828444419, 1.007144262085413, 14.85041949841591;
  -5.05693944957063, 1.077267441442697, 13.94587151055685;
  -7.407407443775391, -2.140084656204809, 20.0972830685187;
  -7.622531853809291, -0.3670255138185297, 20.77309264279756;
  -7.478842195647049, -2.06349837064106, 20.44313970131374;
  -5.096374711728433, 0.3744208082732876, 14.20907742850947;
  -7.314248605234021, -3.884814276872371, 20.21829592237326;
  -7.40149260720628, -1.995793117034593, 20.43862085295699;
  -4.980667112444559, 0.5977783851038061, 14.08738409891584;
  -5.006634776590231, 0.02571015746242761, 14.26503540595511;
  -4.859662040093784, 0.7852155698891965, 13.89785337692425;
  -7.605401869687112, -5.084625839638924, 21.53863760728855;
  -7.549131251741926, -2.118756770565434, 21.39831850605384;
  -3.775752197834277, 1.922895384684577, 11.14596128003487;
  -4.847569863954738, -0.1867341615636744, 14.08445877834771;
  -3.044135209279129, 1.871545391280425, 9.250939371677983;
  -7.886791057046104, -4.238194627116848, 22.59892434931368;
  -4.705128150222993, 0.7997928900565914, 14.03110954245967;
  -4.769487722758979, 0.3450364041513839, 14.24395877450443;
  -7.820965350244915, -4.214815154452837, 22.88987171747518;
  -7.416383170748914, -2.230128545914981, 21.72144295413369;
  -3.835844792540684, 1.923073886826213, 11.6544181569406;
  -7.539445712903938, -5.202077134258677, 22.11731928190505;
  -4.629693920058369, 0.7231572609979043, 13.96253370126786;
  -4.491114627829728, -0.07572683267073156, 13.67081366695357;
  -7.68823032309307, -3.994571004147169, 22.90660695703857;
  -7.68787821043687, -3.844176414104061, 23.02749036178132;
  -4.624045877708779, 0.7267089708036622, 14.22463393810341;
  -7.747145698786153, -3.778275506820308, 23.29866629207149;
  -3.999804970945919, 1.895492290752439, 12.52269181495809;
  -4.642386049284466, 1.784350521021822, 14.44300429972399;
  -4.16063560471655, 1.84224715949069, 13.133485182863;
  -4.029486715284392, 1.874911148779533, 12.83359974840597;
  -7.726273709589441, -4.033696913344774, 24.22845527364673;
  -5.135263867083397, 0.0600131969726697, 16.59103692208909;
  -2.612419321315608, 1.875644819007189, 8.904777329157213;
  -4.042129079838216, 1.847582486475761, 13.29390063973915;
  -7.950413945858829, -5.532997637122094, 25.61846138442883;
  -4.245836821764284, 0.9695070846278214, 14.44872457268789;
  -4.351259384736432, 0.2142301818578544, 14.81121923869585;
  -4.159321081030826, 1.794712410423321, 14.20012835319788;
  -4.158298055907165, 1.02906090531223, 14.26264692501537;
  -7.869615084552901, -5.508662263278024, 26.53595890957307;
  -4.080420497895996, 1.876975351007711, 14.40583338388105;
  -4.32512064773127, 0.3895779153923169, 15.61746971662784;
  0.7091146960617236, -7.996061674047841, 47.60143169100366;
  1.35696662839391, -7.545671689235804, 45.6816406378631;
  1.490792730380723, -6.413912661474138, 45.93528282174707;
  1.617270803079374, -8.772810878677914, 47.30795257342331;
  1.634366726787607, -8.434848601599999, 46.86066174990457;
  1.749800060730356, -9.402446723858969, 48.36232266102724;
  1.846551035714894, -7.648854912764358, 46.09992423240457;
  1.738684213024257, -5.363662461837858, 42.78644847734606;
  1.881070641793418, -8.640655588794353, 45.93906096549628;
  1.958794759965579, -7.886362090168644, 45.97427994056018;
  2.227374825641604, -10.04236783417561, 49.98634729546532;
  2.399586355890975, -11.15632662815894, 51.12602007737611;
  1.975251707512028, -5.718551427883502, 42.31609958378301;
  2.31588851361916, -9.780880217560588, 47.94485840219826;
  2.371701528194939, -10.15312841390398, 48.58130168280313;
  2.39088876345119, -10.45979606318911, 46.65458141850128;
  2.569230166578906, -10.1017859997401, 48.34816950207403;
  2.809786761186208, -12.14613681337981, 52.85093411120076;
  1.015846109303405, 1.833906724477071, 20.3963359799943;
  1.329220876160928, 1.572720458661956, 24.97413906893122;
  2.578420289244859, -3.946359529346022, 46.46707996974911;
  2.7065738496769, -10.76454292684864, 46.80180083565002;
  2.836911106289813, -10.39050066090946, 48.04261971297346;
  2.691884632037875, -8.061143000186602, 45.19367093855198;
  2.56522125817616, -5.552669758647863, 42.64266867315913;
  2.84947565267337, -7.08285909099592, 46.68451141099484;
  2.653676121651935, -4.531925229639579, 43.19105431650266;
  3.155324716365161, -10.76612726052385, 48.46526635647469;
  3.289515653934714, -9.533189235794003, 49.11115083874849;
  3.387239912024102, -9.461559938878175, 50.08766132116035;
