m=[-4.330161883534982, 0.263375874722323, 6.990351074814493;
  -4.27677520157522, 0.2634604938790301, 6.991379891855175;
  -3.766182846069001, -0.2177736086288367, 8.168363036102091;
  -3.690982106737824, -0.0385415593856976, 8.380856858272804;
  -3.680529710244992, 0.3213537812904833, 8.383019913097806;
  -3.628254295648929, -0.01810993328436435, 8.336845797681752;
  -3.632350230832586, 0.3808645099546132, 8.405647331410398;
  -3.627103426564657, 0.1962634668844588, 8.408082372240392;
  -3.598628087230259, 0.3539961280393495, 8.430480985276001;
  -3.616715554936479, -0.08346390326977152, 8.528793118987395;
  -3.644446850722566, -1.027349587602319, 8.907310579667623;
  -3.860492387417672, -0.9058751092894031, 9.420979152282861;
  -3.907343653769519, -0.3100250964656744, 9.532769895185679;
  -3.819945845580777, -0.119271177903317, 9.776845993812533;
  -3.769598587858395, -0.1660423538465473, 9.746255262989598;
  -3.739143777864504, -0.2065575784957843, 9.691890566507583;
  -3.797794797333892, -0.1298693418334871, 9.924938129871212;
  -3.760968016390944, -0.2454394976961905, 9.846663243147033;
  -2.655311614691333, 0.6147009507380712, 7.214855199301771;
  -3.763676431693091, -0.9986725375636162, 9.909633929582263;
  -2.587747952840571, 0.5512616166467711, 7.136411422740148;
  -2.704301316992061, 0.5031264379930092, 7.418637970958599;
  -2.574779109954561, 0.1891640489573431, 7.178678532106051;
  -2.576682593719199, 0.4998018297975995, 7.181262222774453;
  -3.803332446759514, -0.1784577043453072, 10.18006881264517;
  -3.716761812082642, -1.073814959576731, 10.08406987230799;
  -2.542636067094716, 0.3051665264472121, 7.191625156281457;
  -2.53755792353723, 0.1849225072396138, 7.20359343315459;
  -3.734285732224899, -1.030332279031001, 10.20753251792492;
  -2.490482251840372, 0.402407703363674, 7.122379475845535;
  -2.517897557910764, 0.3045623050893818, 7.210555210223075;
  7.41676180652335, 3.832094742399378, -18.10491763009144;
  -3.853148123300983, -0.8974216216685854, 10.84058470947427;
  -2.399973227787842, 0.4079552060276855, 7.156933070242896;
  -2.412119636985785, 0.1744986326219284, 7.203736473510233;
  -2.321445962519875, 0.1575245800144734, 6.994245516904917;
  -3.957292173061981, -1.022932272394545, 11.30702757425006;
  -2.376119970043998, 0.3711494623639777, 7.166058001427583;
  -2.367153427810237, -0.03991370659366983, 7.205541633730723;
  -2.467952423866702, 0.9220600106561011, 7.465387880615141;
  -3.928411231446372, -0.9409425666291048, 11.43932998275155;
  -2.348294279198609, 0.3690548415635822, 7.223895995836046;
  -3.901588274114873, -1.173219234252713, 11.42715056322328;
  -1.94293513991484, 0.9538351821300015, 6.185015494980264;
  -3.855806552053853, -2.003359993543802, 11.48813725376766;
  -2.138950395630238, 0.9378266649675053, 6.751783651224663;
  -3.858680249357361, -1.929459234150097, 11.5578993083741;
  -3.874202845080146, -1.889445001700867, 11.65122778695889;
  -3.836248610338374, -1.967420585205328, 11.59131091517405;
  -3.544676035209464, -0.9484084098640749, 10.87238494399768;
  -3.889937727075771, -0.8896663201997279, 11.91169434491991;
  -3.887450421478041, -1.24760487948573, 11.96908601326314;
  -3.880478009529385, -0.9441756315967952, 11.98703798414928;
  -3.888540853680618, -2.030111257829105, 12.19389083203412;
  -3.834588161859471, -0.9890243259504036, 12.00539169405841;
  -3.910322136936926, -0.6242223589981841, 12.21652607989291;
  -3.797723932368684, -0.9272487397502366, 12.02749003130772;
  -3.841165663619152, -1.966897015745285, 12.27347706108663;
  -3.942102236065541, -0.8912730426399332, 12.56026973714513;
  -2.121422133199204, 0.4844118777905021, 7.21927040339305;
  -3.834443937586737, -1.302766949945891, 12.39063208094463;
  -2.251944161219978, 0.9716951528830234, 7.688248997991033;
  -2.420247507270394, 0.1191586200175382, 8.238262367863939;
  -4.125928456112233, -1.120029411758451, 13.59536409977017;
  -2.083843075609769, 0.8975826409918747, 7.309580858770222;
  -4.047379793460587, -2.081998525081244, 13.5777788892167;
  -3.964705478294713, -2.775259427384631, 13.36879383937047;
  -3.939932249993503, -2.160944507603281, 13.26989214396801;
  -4.100998706311425, -0.9158273003528594, 13.72612901615652;
  -4.071321134983675, -2.039378485354753, 13.75866109799953;
  -3.97540007996481, -2.780117191128486, 13.634915721434;
  -4.044152990109262, -2.055939254221249, 13.88726652972223;
  -4.08256933160941, -1.159980367212962, 14.0566129696224;
  -4.127962864924291, -0.8983055481805411, 14.34836394794211;
  -3.873755282036386, -1.184372946141423, 13.63249566528169;
  -4.081069118985027, -1.079772909652446, 14.35691254704674;
  -4.114219888934643, -2.211177569227113, 14.6486599814569;
  -4.160759979786614, -2.778818319021111, 14.95807965084585;
  -4.107759819806051, -2.145465355350652, 14.76504087823495;
  -4.005695430739543, -1.185866834536386, 14.57327067162699;
  -4.208824871753469, -2.106837965877735, 15.34636284577073;
  -4.101453483150539, -2.399686225018172, 15.0590686616058;
  -4.116583147232585, -2.806790325536935, 15.15396218192576;
  -4.163577905879631, -2.158561388900992, 15.41125941530774;
  -1.884975153590482, 0.198762314879867, 7.538761901770261;
  -4.350996591003803, -3.354239207971994, 16.55783777897344;
  -4.2309503403502, -2.842034142733015, 16.14151519458019;
  -4.285327274672463, -3.017328487587821, 16.82931958262326;
  -4.30472891839763, -3.828635423407903, 16.99530652906216;
  -4.349909545402229, -3.744059980291107, 17.15565048489172;
  -4.306036916137061, -2.261285437965948, 16.97948224944887;
  -4.243223127255526, -2.4058082254577, 16.75527815462796;
  -4.265461037664173, -2.838961387395564, 16.91534890259556;
  -4.350096980684809, -3.392909948611596, 17.28507082573392;
  -4.253553160408528, -3.404164762708307, 17.17491940499857;
  -1.682925695586341, 0.03519789059931069, 7.331031406047215;
  -4.500194230594425, -3.957833541491607, 18.16531877818695;
  -1.765367991519609, 0.6901930080772443, 7.593240857172765;
  -1.673738329396669, 0.360508774111354, 7.296932733173657;
  -1.686378129829052, 0.1040534310117993, 7.373541557478923;
  -4.332046421293163, -3.283451498210673, 17.60060058812126;
  -1.65772072011572, 0.5498791985017604, 7.281001571669552;
  -4.105311788846197, -3.285277279605593, 16.88533469950053;
  -4.358804713554761, -2.823048234408847, 17.91672524415242;
  -3.976199012247393, -1.814706523041737, 16.38080838047795;
  -1.646448949989581, 0.2947921236591217, 7.343413163273487;
  -1.623494833873048, 0.2590605331367816, 7.404236000460585;
  -1.655191963468101, 0.7333428777134055, 7.512309026328508;
  -4.522399002893813, -2.504589421245506, 19.19123290057955;
  -1.657210508168429, 0.6811717561673705, 7.566296820113839;
  -4.023730806917662, -3.153450889390944, 17.37843121893721;
  -4.554462976927073, -3.007308811236613, 19.69065663649539;
  -4.384657141427702, -2.807654020601616, 19.02965942690197;
  -1.644301465315174, 0.5742199246450669, 7.833776927265379;
  -4.299165245542866, -2.802748130593864, 19.1896258451504;
  -6.356643055357051, -5.609357237815627, 28.0457141809366;
  -4.728969805656579, -3.769446594389678, 21.27264589112366;
  -1.811236357017962, 0.5356804390359086, 9.114046983752679;
  -1.804264352953001, 0.7914039871280276, 9.328973270401161;
  -1.769336580203766, 0.7309702865356839, 9.196235900833431;
  -4.795832723745783, -3.227650939595381, 23.66653056998031;
  -4.76105203184078, -3.21628128644922, 23.53867442174283;
  -4.943703825152312, -3.370115217281499, 25.39139534850385;
  -4.872673537901422, -3.018643731655869, 25.45901722172017;
  -5.133841531069623, -3.935907495282677, 27.11412853233586;
  -5.140122647667988, -4.843558821394895, 27.31927095616174;
  -5.221167600370299, -3.957341512302667, 28.44341459063773;
  -5.200812492679708, -5.210303936628878, 29.19073146960898;
  -5.449415782907895, -5.258454152290318, 31.49481421974272;
  -5.800605105880925, -3.732195715102366, 36.82473397524588;
  -6.220303963528398, -5.593176009096599, 39.87361253648361;
