m=[-9.171534020317573, -0.1710660693971312, 13.2680141979474;
  -8.514310648145262, 0.5315285297920414, 12.98498992583619;
  -8.368266408005068, 0.5877462900359661, 13.00712047003344;
  -7.571718888888937, 0.7009176306739176, 12.92932722370464;
  -7.556921359628345, -1.832921009092755, 13.04033690292222;
  -7.400002588494484, 0.7709767423867521, 12.89786491295057;
  -7.392705091325715, 0.7103005773646379, 12.93586428993721;
  -7.533868978718721, -1.857536099389525, 13.28686462169611;
  -7.304823789469678, 0.6898485311556188, 12.91404388832878;
  -7.026065884710083, -0.7140029084742232, 13.49906189107595;
  -6.932538396050894, -0.6741681805299501, 13.42973355769334;
  -2.736322218646651, 0.9310208055590655, 5.90859652375686;
  -6.907997844858134, -0.1252320989157344, 13.71227638353362;
  -7.454975008504318, -0.580125247948048, 15.15594755389662;
  -7.394717697987856, -0.4360002888967801, 15.34724691581528;
  -7.014464447776985, 1.167907320911329, 15.05706370903265;
  -6.985069075890627, -3.581214369643001, 15.26709504044376;
  -7.289494900974758, -0.0685791593053053, 15.85667481995736;
  -7.203988992096383, -0.08245007347065746, 15.69801496074719;
  -7.350120898098652, 0.6382342239071926, 16.05179405784944;
  -7.044667486269805, -1.829171471942126, 15.53142969619396;
  -7.203412570686839, -3.07500885104642, 15.91835375056835;
  -7.126744216713317, 0.07567753832476099, 15.68876545793951;
  -7.113615774686948, -0.0393304421120788, 15.67924191376469;
  -6.969969701163604, -1.908060752424952, 15.54558116464947;
  -7.087014026399881, 0.750647706107894, 15.75690452605421;
  -7.075655783880974, 0.4032761515635813, 15.75938103434281;
  -7.092724229480126, 0.994594931610148, 15.79008721766569;
  -7.101129217000393, 1.111724465046366, 15.83086589510707;
  -3.018042590384808, 1.157151515239338, 7.300021889225285;
  -7.100514889511601, 0.6986366552286377, 15.97121654164398;
  -6.99928549194353, -3.624911925449953, 15.88836856288637;
  -7.019152900115416, 1.182099682605928, 15.83122614842519;
  -7.059787974887502, -0.1737093149206297, 15.99898829019566;
  -6.974516281925879, -2.064896089346152, 15.8591065258828;
  -2.983787838933416, 1.137799432053229, 7.369337885662086;
  -7.166906419645944, -3.706468458940205, 16.51945350809697;
  -7.101234557425125, 1.534967629159155, 16.27732266310185;
  -7.026347623692732, -3.800122620088532, 16.36425886767388;
  -2.892809543106624, 1.394484723446137, 7.327946788663071;
  -6.926178011584105, -2.005006690571715, 16.32786737972864;
  -7.481354058328494, -0.4506518451386682, 17.60814681456503;
  -7.661068325175271, -1.846852617902596, 18.04817535563164;
  -7.655701853648075, -0.6215677138387216, 18.06666184097646;
  -6.284981220380848, 1.666314803204642, 15.04138881477223;
  -7.45339401179241, -4.14644478754713, 18.05246968816445;
  -6.049358258492394, 1.756366133243387, 14.72890528576662;
  -6.335359763869755, 1.520155642890958, 15.5534812794234;
  -7.01886309772413, 1.560949695776239, 17.17797294104778;
  -7.421196973218595, -0.4764124993481425, 18.24158415211806;
  -7.318138947856492, 1.128824214729634, 18.07490889680427;
  -7.444265458963262, -0.245546675651792, 18.47992911548013;
  -7.433317651856987, -0.4967749168616397, 18.47193658924861;
  -7.423969112580313, -0.3431027665739906, 18.60472486921524;
  -7.320285257581363, -0.419215214624268, 18.39051215703162;
  -7.187166138705865, -3.870961902650347, 18.18595246112527;
  -7.188969237725454, -3.961209276851357, 18.21330398009564;
  -7.176789055959936, -3.709311641818313, 18.2843749217774;
  -7.059888689442453, -4.060461473762601, 18.03531911716603;
  -7.352308727795099, -0.2567343147986502, 18.66373625764581;
  -5.347444184733707, 1.260128486152335, 13.82273979589285;
  -7.376291753446679, -1.999682496532647, 18.82248044052943;
  -7.260874916217083, -3.889567828158606, 18.7173939334204;
  -5.062549726479444, 1.091070094535819, 13.2968137085089;
  -5.167704096626625, 0.9870563719375686, 13.57043592737735;
  -7.226735819010519, -3.806609976152845, 18.75498887944615;
  -7.118086919371446, -2.004225179798509, 18.45947587027983;
  -5.03632022031217, 0.8071041837703787, 13.32260820299433;
  -4.968303672688483, 0.3767382091424317, 13.20978409326841;
  -7.280870135345545, -3.739624498513657, 19.0817395574916;
  -4.94717286221108, 1.122343439755366, 13.20501187483547;
  -7.352431005713396, -1.311877921988038, 19.21685648571698;
  -5.35719367794917, 2.009266715685473, 14.22855216951961;
  -3.070646789136435, 1.932833109319078, 8.578970069271348;
  -7.197142934104972, -2.132241422304364, 18.96423365937732;
  -5.064145008036859, 1.778234451885808, 13.59142971085844;
  -4.955881758029495, 0.6039219272672896, 13.36367669946716;
  -3.844757390734097, 1.906088509220425, 10.57714779365031;
  -7.196576338937367, -2.031529698412414, 19.12192877061915;
  -4.869872786092493, 0.8011443028274482, 13.27097083300228;
  -7.412958980901148, -4.035878030319551, 19.89644556194733;
  -7.614204580174718, -0.4930842245540866, 20.35739910768623;
  -7.498642346926618, -2.068442869621878, 20.13208646810665;
  -3.960618752069265, 1.947966816721646, 11.04578434557036;
  -4.764484699835824, 1.138503628677233, 13.282941200117;
  -7.410166038204749, -3.849844941535821, 20.33301576104433;
  -3.923043132222615, 1.923353022740701, 11.16215539975629;
  -7.360966504865645, -2.110690489134679, 20.27199725954213;
  -7.158014570849474, -2.072483043729495, 19.78887376761622;
  -7.549970232045182, -4.036548936945906, 20.98150117519992;
  -4.662926203593096, 0.8028762412031074, 13.26962183022798;
  -4.64323179020269, 0.339740899904957, 13.24239703149498;
  -7.734170616146138, -4.250358023826665, 21.62879630305787;
  -7.713220549077776, -2.047376550353595, 21.53814638658762;
  -4.575968878133624, -0.2648211891761314, 13.19469215421498;
  -4.640012887765491, 0.7412072878805123, 13.35598843386501;
  -3.919894918631363, 1.89953492505236, 11.47478837329179;
  -4.741697951465298, -0.09427348428928012, 13.73803139056777;
  -7.630393853460055, -4.201036841365975, 21.8087063750069;
  -7.648427978176215, -1.903191741362801, 21.79867803445206;
  -4.535742412979277, 0.7235988574957605, 13.33822741740047;
  -7.898075579402258, -2.46539676035619, 22.60256268038635;
  -4.010480913719966, 1.944805268890811, 11.9077171992953;
  -7.478607799834309, -3.982793510491318, 21.78224617584352;
  -7.480215737728177, -4.081166696550905, 21.84897442200319;
  -4.562716541860548, 1.791045841806065, 13.6056555548761;
  -7.488082183257399, -3.838125552119992, 21.93436195200512;
  -3.98667166874138, 1.896223223385855, 12.06810576055846;
  -7.611638586047228, -3.806599000292024, 22.40143227767142;
  -7.387818242440089, -4.17792513092073, 21.97531326070042;
  -7.092956306689533, -1.944213835346596, 21.2164224676599;
  -4.326129522033177, 0.8063590616188308, 13.36523438426413;
  -7.541886557799614, -1.783400626443218, 22.66414127348181;
  -7.55992492618424, -2.498719637045509, 22.83271453822623;
  -5.046968426560722, 0.1693721475255205, 15.55385359880534;
  -7.5284547979815, -1.894938309419056, 22.83067361591847;
  -7.549830774226024, -4.321249261765011, 23.023913937647;
  -7.562428043851855, -4.791058981127239, 23.0724536322487;
  -4.070198017883187, 1.906276307485341, 12.77409464032765;
  -7.528625480615736, -3.906260628841036, 23.14418992612137;
  -7.564723978182625, -4.053969686721118, 23.26820188942707;
  -7.464092715734799, -1.987132222053265, 22.94094377402933;
  -7.666490848623464, -4.987695017556808, 23.73519123310501;
  -7.339839112996931, -1.853063613606816, 22.83626555991503;
  -7.536789903153316, -3.96547658841167, 23.63039891652795;
  -3.960764389690466, 1.928137928029691, 12.78685059742385;
  -4.01623440880915, 0.9295790594037595, 13.11356023121083;
  -7.523574200489927, -2.641288647921583, 23.89913145038126;
  -4.140005043699036, 1.817325224958897, 13.66352392302082;
  -5.131525415929264, 0.2462651583610849, 16.77404510332642;
  -7.784237025429506, -5.413146175542019, 25.14596960761039;
