m=[-9.06859634863172, -0.1324115015321039, 12.27627856912776;
  -8.796902207475496, 0.7404376032202865, 12.36110517763649;
  -8.472285713976618, 0.5654186568397184, 12.08253434064441;
  -8.355760005946362, 0.5748856398458366, 12.07026590673548;
  -8.345564548938448, 0.6729781950921413, 12.06767442530679;
  -8.466104863123313, 0.6995736400450155, 12.38887437086185;
  -7.135588935163398, 0.7886966820836495, 10.6164015900539;
  -6.903624148006662, 0.8141966636809001, 10.52786662591143;
  -7.675826223492036, 0.7994467758533623, 12.00766684903095;
  -7.631478269386386, 0.8558788717771105, 11.99500016438767;
  -7.531777698643702, 0.7767742249804132, 11.90792639575017;
  -7.49214572523672, 0.8932687711025147, 11.94602118788593;
  -7.469607511965798, 0.7281645586597799, 11.93427435556939;
  -7.634967383105553, -1.838851067854929, 12.29028955060409;
  -7.376129440360707, 0.9078815129331351, 11.92971969012974;
  -7.354164290676225, 0.7918156092608124, 11.99142348661365;
  -7.287113533808891, 0.7317086735650913, 11.93238030888333;
  -7.173498487666014, 1.188269506190725, 11.81123439501345;
  -7.266930970671553, 0.9811304077925314, 11.97035240912628;
  -7.366894990442182, -1.807281260705254, 12.14048423412668;
  -7.211875469042838, 0.7127486576580154, 11.93004784629715;
  -7.160755670230555, 1.122075898252435, 11.88633974013951;
  -7.128428436744922, 0.9735466213399133, 11.91304325048834;
  -7.119727175576125, 0.7761734578789069, 11.91492695313419;
  -7.079488372345858, 1.173596743903619, 11.85762914888843;
  -7.113034461487346, 1.057881755691317, 11.91931731230611;
  -6.990944061059662, 0.842792546765797, 11.81996621903169;
  -6.94313358744297, 0.7255405723324852, 12.18630078369103;
  -6.839688189416962, 0.6477796280999887, 12.13986663153214;
  -6.890276305527693, -0.6929886974668931, 12.41324925769238;
  -6.924162445544054, 0.7458981464766606, 12.4672154488444;
  -6.907579267055852, -0.6583526721771023, 12.54282370054914;
  -6.991350570660869, -0.08424169506995259, 12.88691572999573;
  -7.036806602356478, -0.3714228083582217, 12.97117829808231;
  -6.933295047467083, -0.1102273666532722, 12.93507631788783;
  -6.684138191858702, 0.7748019648179987, 12.81267388900324;
  -6.865232098640255, 1.158301379776452, 13.19599271022248;
  -7.433567488628599, -1.72092042061243, 14.27670698774248;
  -7.456619746520601, -0.5710552201099957, 14.34928993730772;
  -2.964849817079054, 1.117159979870681, 6.310403106778161;
  -2.928488762469798, 1.127310375663689, 6.304494773910023;
  -7.310069302989926, -0.4180217932447838, 14.37887143130968;
  -7.368004714863512, -1.896972088457102, 14.52416741163473;
  -2.938483156829376, 1.205419318280597, 6.394478958077086;
  -6.957545775754997, 1.180784375575056, 14.1758337806326;
  -6.987663037115294, -0.06167816477227069, 14.45198852741414;
  -7.135091688349021, -1.794823253083534, 14.79625878093687;
  -7.027026218337117, -2.01021179584936, 14.58914718464454;
  -7.090551759750565, 0.02436439431651827, 14.73692627486902;
  -7.009375062761491, -2.914951066180049, 14.64349085436766;
  -7.012929808065722, -1.82928160016158, 14.64357153278055;
  -7.053213336410362, 0.08863136856204155, 14.75699960592177;
  -6.995098532837966, -0.03065826761437058, 14.65026221599687;
  -6.838981220586951, 1.653188449328396, 14.35218407735825;
  -6.889884684043257, -1.896650132510555, 14.55489345178702;
  -6.920837862606936, -0.2430588312257179, 14.63182167801006;
  -6.985623867347961, 0.7627015260958344, 14.78254491872903;
  -6.996957512393665, 0.4235423041372425, 14.82692268012857;
  -7.013677257028554, 1.006007528086344, 14.86763714185195;
  -6.98094370090084, 1.11809891762699, 14.82468495561897;
  -6.975533293711007, 1.499095558697578, 14.8172683637207;
  -6.877388364813368, 1.010872215810562, 14.77204365985483;
  -6.88181450826862, 1.189573706212357, 14.79089452392673;
  -6.921287750309442, -2.067771947530924, 14.92927696741527;
  -6.911063656184751, 1.549632518994577, 14.89515237002718;
  -7.004544918336492, -0.1463975576203978, 15.10784517501486;
  -6.734463662152882, 1.402234991646681, 14.68562035943356;
  -6.947438689489536, 1.587933034574376, 15.26949873905406;
  -7.04498145460977, -2.050952283214437, 15.78658109978584;
  -6.185552952989925, 1.671095087729912, 14.07570354155749;
  -7.510636594443399, -0.453482724539496, 16.92513145391698;
  -7.709594622034506, -1.877397658787491, 17.38510171207475;
  -7.790505893806982, -0.6430802576091185, 17.62778761326419;
  -3.567643075245125, 1.915464886042605, 8.799436637290709;
  -7.344886749171616, -0.4736431743508234, 17.32994633938464;
  -7.292683419247723, 1.142177220695207, 17.31922611240618;
  -7.26605348933158, -0.2421296634131516, 17.33480130678546;
  -7.194798584134193, -0.4784969193009317, 17.17633358047077;
  -4.191149416819432, 1.874445669220228, 10.45680121429831;
  -7.193465195378626, -0.334919882597333, 17.33100894011853;
  -7.198027370576038, -3.911802138997383, 17.40057359615753;
  -7.208394688971836, -0.4207513889351158, 17.39728500240924;
  -7.241791446822187, -4.020674190881779, 17.5228399038271;
  -5.059555082929278, 1.12529993705825, 12.53208654205985;
  -3.734599192748875, 1.887883235628404, 9.505236853374511;
  -7.095291285728512, -4.115617773075796, 17.30210996541756;
  -4.949597875636314, 0.3912796010398716, 12.3809597914987;
  -4.879982481180434, 0.9821429641266645, 12.22385152253295;
  -4.849890134060457, 0.6437301872447498, 12.21725746350752;
  -3.844390406199367, 1.834667209438854, 9.906584785976492;
  -7.245732592278613, -3.932494430276554, 17.89272330077623;
  -3.717926234270346, 1.868548451256757, 9.642221881250327;
  -4.813815200634124, 0.5952952976959949, 12.22805139169962;
  -7.149043252890646, -2.027567072557333, 17.77526232567336;
  -7.323701054370445, -3.900797423227505, 18.20312833085022;
  -7.143398677712451, -3.796631702243395, 17.77499551304861;
  -4.809336842034716, 0.3576613037571672, 12.25577253760328;
  -4.733358921810365, 0.786558822149507, 12.14898025084692;
  -7.567034229039041, -3.87961312125687, 18.90730255078373;
  -4.435299582575508, 1.105811745277356, 11.52959472330653;
  -7.31189248059566, -1.756301139868734, 18.47893093136149;
  -7.321335805761527, -2.19554940303087, 18.52962490757185;
  -3.77298390858388, 1.887620819727136, 9.992844948615471;
  -7.152575155948441, -2.046064627849725, 18.26819069950444;
  -4.548081317861833, 1.29229907636515, 12.08836581517043;
  -4.55536215461186, 0.7889637879842784, 12.21607319935778;
  -4.566325279845837, -0.2566134765665828, 12.38054406931405;
  -7.43643732810805, -3.911101378674392, 19.64062536200672;
  -4.586130459498781, 0.7454055862990203, 12.45146382539208;
  -7.541871633297209, -1.840920356324728, 19.99206868058938;
  -4.484275774477891, -0.08316789222332821, 12.26243653270457;
  -7.434305654964229, -2.169479011573893, 19.75414215533758;
  -8.071213930089321, -4.369857896396403, 21.62497300065958;
  -3.668260636747006, 1.87839223141683, 10.30838169981174;
  -4.392461262122954, 0.7106704921859303, 12.18475226514789;
  -7.778732874873411, -4.32490552098272, 20.99826473297124;
  -4.391221321605054, 0.785971192670237, 12.22952953617418;
  -7.619512631039345, -2.055333996283085, 20.59631023250432;
  -3.797474884192565, 1.841410461650566, 10.78720740511871;
  -4.410301779448053, 1.759360566211659, 12.4539046530129;
  -7.621764328251773, -4.24780809463403, 21.04195720921137;
  -7.646707735221723, -1.929081440834895, 21.11594817555158;
  -7.538234088466359, -0.917409865867838, 20.8590363568381;
  -7.760204184493714, -2.459812698039166, 21.54297243200771;
  -7.463465067453057, -4.031651141448745, 21.01115461032315;
  -7.475741918384241, -4.13533032051856, 21.10523664162807;
  -4.139151562007553, 0.7805768792013728, 12.07558835569182;
  -7.593042439056505, -3.951310493986822, 21.51319769085504;
  -3.995194903523388, 1.817041182280463, 11.72206768037735;
  -3.873442156670835, 1.847908702887291, 11.46989780662847;
  -7.396644127370442, -2.05951604469984, 21.41693786565119;
