m=[-4.381995851139471, 0.3688337586135416, 6.157430232414302;
  -4.254872000510988, 0.2839592635060758, 6.06797726101359;
  -4.216244176558622, 0.2900823180012652, 6.09055170356388;
  -4.208965306035547, 0.339406861962567, 6.08615782465064;
  -4.196699928787367, 0.312878502392105, 6.10171433985894;
  -3.894432478489415, 0.4151968943524408, 6.037471001351722;
  -3.848871124808366, 0.3765576495841838, 6.04442479747848;
  -3.84665307654909, 0.4314064692396095, 6.046089978483109;
  -3.799613222982068, 0.3918652056125755, 6.007282264814747;
  -3.776098251770763, 0.4502142334951778, 6.020885254706825;
  -3.714638679311219, 0.4572115784356535, 6.007839009957709;
  -3.689484880641726, 0.3972431948967594, 6.015935176662342;
  -3.681019563079874, 0.3696160255184743, 6.027534104872166;
  -3.659516058769049, 0.4181764339966893, 6.004635976889194;
  -3.634332161526064, 0.3591805461325928, 6.011994627813079;
  -3.607414737610433, 0.4926733095150686, 6.028718415699785;
  -3.482919933896028, 0.3298636600089703, 6.181887582423081;
  -3.474091180086037, 0.3742428333097089, 6.255232105210891;
  -3.462117710818993, 0.5841282077243093, 6.654702917174246;
  -3.513212545971229, 0.5962370376078383, 7.158086873286416;
  -3.524795035863431, 0.3848427290215209, 7.458953120925144;
  -3.517281668549579, 0.2129093366021512, 7.453305704864496;
  -3.516257970760731, 0.5043548283796525, 7.453785751835943;
  -3.515366105589416, 0.5630366331725217, 7.465207750106807;
  -3.514491335102589, 0.7552911196457814, 7.465402153715758;
  -3.468309401059663, 0.3620798312517201, 7.436577198296335;
  -3.46830711567662, 0.5097887618319351, 7.449627885010465;
  -3.47706618075608, 0.6010371971546032, 7.473162647799236;
  -3.473720701011916, 0.77889465760823, 7.486777970303638;
  -3.266176401104801, 0.6800759597618279, 7.122441973089856;
  -2.47612267039462, 0.4983432765222433, 6.202431256917149;
  -2.50663016577647, 0.1981561484110333, 6.27010275873097;
  -3.646928841986059, -0.2425424694512194, 8.706409999068876;
  -3.678453739500259, -0.1225786139798952, 8.775776944673284;
  -2.464982418286391, 0.3271792865027269, 6.209485991389019;
  -3.61367774750324, -0.1682488889660467, 8.706329932467213;
  -3.606891059890518, -1.960182066115307, 8.719329631546669;
  -2.445040449647709, 0.3023633067925097, 6.210890744027325;
  -3.621338119448547, -0.2113761952980666, 8.74001134406824;
  -3.606736176716464, -2.002475653369858, 8.72715833699924;
  -1.932929294803804, 0.9670429740320836, 5.119412965336699;
  -2.442852073349872, 0.181670298034389, 6.225190777305192;
  -2.502224055570314, 0.8944213233233036, 6.349232411084204;
  -3.641158909385221, -1.901371583491264, 8.869734512585936;
  -2.422175249723594, 0.04235455698410467, 6.2396051522599;
  -2.322678888890248, 0.579091794821025, 6.037821293174972;
  -2.496872982107004, -0.08840805437701133, 6.44410668400039;
  -3.663673046669418, -1.947198786347743, 9.11635691971208;
  -2.317867068024965, 0.6586024439321289, 6.160669317670607;
  -2.313117812863566, 0.4006193426011471, 6.203066970662697;
  -2.323154573155783, -0.1305541622823655, 6.298700992618442;
  -2.295010119058097, 0.3730189052549651, 6.231012337901036;
  -1.879207147724154, 0.9622784357652175, 5.280863736262126;
  -2.234907134795483, 0.3615928425302283, 6.199665323840065;
  -2.232974040273987, 0.3996731526604826, 6.218821594047862;
  -3.633765778996178, -1.911133748723133, 9.597261318774805;
  -3.833237059978902, -0.9356674944158951, 10.16118309860111;
  -3.837056319566858, -2.133368805402821, 10.35792405905138;
  -3.830612240252108, -1.033292802993139, 10.35453078183281;
  -2.134897528529945, 0.4429469165592823, 6.207777568384631;
  -2.102561522551056, 0.3616606172290333, 6.225821486108204;
  -3.803233088183257, -0.9594647290871997, 10.50241170062086;
  -3.720141524927225, -2.057857830380628, 10.50256524116416;
  -3.781463070982845, -1.967819202239937, 10.71393492920215;
  -3.79593149134625, -1.926845648790067, 10.81727996873287;
  -3.732214261030129, -2.141565726049451, 10.73480306843183;
  -3.600120615508524, -1.002414884752658, 10.42412723979554;
  -3.784065017044127, -0.9155830701821414, 11.05084131813649;
  -2.040984864577024, 0.9121185381889315, 6.394889808429789;
  -3.756907355277977, -1.265692797269899, 11.02011642133283;
  -3.758744476863956, -0.9661971016162523, 11.07993092140188;
  -1.994522079904231, 0.8947646426042367, 6.381744687578237;
  -3.793213548961994, -2.00327498229129, 11.31675811536892;
  -3.76176976118891, -2.049314114780593, 11.22777304986258;
  -3.710417221958366, -1.012469542620659, 11.0902409636756;
  -3.812144029300109, -0.6492585989174525, 11.40546098934707;
  -3.78134467990655, -0.6406226236464108, 11.39785667950313;
  -2.239789720381397, -0.04257360828019427, 7.149696984107065;
  -3.827000028229127, -2.048533728004431, 11.65582603989116;
  -1.920522930933434, 0.9404188514033174, 6.321242869869189;
  -3.838445677503703, -0.9154565429111933, 11.73395583263859;
  -3.571486100113853, -1.29231474166475, 11.11509723294553;
  -3.867525791757209, -2.684664297206962, 12.11814507072662;
  -3.885465829470279, -2.196268361922157, 12.23119006269489;
  -3.880646875268338, -2.802059390938822, 12.36391969425996;
  -3.923438010335115, -1.130087123327592, 12.49580913391989;
  -3.894853998491618, -2.84745698753004, 12.59944574538641;
  -3.930401522022738, -2.125060536648392, 12.70352587688653;
  -3.870134706196822, -2.23603494317106, 12.53986432835654;
  -3.88085635575398, -0.9274282989276862, 12.5838770150869;
  -3.887213846575363, -2.841884993288895, 12.81854365918904;
  -3.917971140850587, -2.098168972365333, 12.99923676796544;
  -3.902598719861141, -0.6903869119348285, 13.00901253954918;
  -3.88068349965806, -1.178511159502738, 12.97189736988728;
  -1.739157255186625, 0.1856989828057434, 6.379242670315224;
  -3.971432896733702, -0.9286632666420034, 13.44147711896021;
  -3.775277714613444, -1.232499519456982, 12.87320993328142;
  -3.983021274911165, -1.120268168856091, 13.63616868013979;
  -4.070842394684938, -2.665892548980292, 14.03651933263638;
  -3.990467065959628, -2.769134849573775, 13.89662939851002;
  -4.032923675130849, -1.065657631597078, 14.06366315542206;
  -1.55740875038141, 0.01964625421603789, 6.207728262584381;
  -1.584452500505842, 0.2341143232920408, 6.300072378384576;
  -1.557801064661735, 0.3419754711108888, 6.231171985767086;
  -1.584600130705219, 0.08901221303763841, 6.351623390159762;
  -1.571391977107086, 0.1850341351930943, 6.305687344336345;
  -1.56274339987024, 0.3038745547478448, 6.297309422043792;
  -1.55825158387303, 0.5354537320153742, 6.293007100696221;
  -1.545036213394277, 0.2790603013247697, 6.332817116442681;
  -1.557233425809577, 0.683334361510002, 6.439677935726484;
  -1.535913944494969, 0.3058391531759407, 6.398329426241613;
  -1.512590036099516, 0.2479829014517911, 6.360685692312466;
  -1.552261469150657, 0.7168321128643123, 6.533211453406093;
  -1.545974741893412, 0.6561241375812658, 6.543951578526422;
  -1.600885556324872, 0.2788780519555417, 7.401470357701327;
  -4.102362793761797, -0.3671942000162202, 17.86037932857688;
  -1.57890031522653, 0.224134226472346, 7.522232488150427;
  -1.668046362202806, 0.5030592554040143, 8.030672409854933;
  -1.670957480657281, 0.5807386412099111, 8.311573384161521;
  -1.659496232495495, 0.7568363751659464, 8.270370482083415;
  -1.633340221527255, 0.3885764557146247, 8.248308520586519;
  -1.67285756394352, 0.8492082087958206, 8.438231100775559;
  -1.580263786668892, 0.6011958295318965, 8.14038465778081;
  -2.851039399484622, 0.1926403743181157, 15.48992679098009;
  -2.530387990118471, 0.744701296265133, 13.85416624796948;
  -2.602771040296473, 0.2220482879152531, 15.53568270960519;
  -2.492807556446108, 0.2267107219755254, 15.65281440516021;
  -5.990836929779695, -4.343019059063006, 39.86987868350476;
  -5.803783016262099, -4.218026366168258, 38.76799043246933;
  -2.075580112635762, 0.3274403594178481, 14.85454181300559;
  -6.047537393667273, -4.210535528578824, 42.04984899541434;
