m=[-8.624292059062299, 0.7841354698540503, 11.2933306222749;
  -8.573198485593764, 0.6543037193059877, 11.24846589480915;
  -8.443949751441737, 0.6219537067567778, 11.20034431003274;
  -8.406431824509486, 0.639144967079391, 11.29478618390924;
  -8.382522455251676, 0.7339521354763414, 11.27392754913749;
  -7.914485270060152, 1.044838194262982, 11.30700535434856;
  -7.966280002302611, 1.384032302151352, 11.40114793253298;
  -7.911416432534421, 1.236147333485626, 11.33040288839306;
  -7.732517946834154, 0.8777914918420348, 11.14927880457011;
  -7.863306341702034, 1.17214373237118, 11.32536940723455;
  -7.908710173079298, 1.432899703698564, 11.38667472108338;
  -7.864785947842817, 1.021599162391569, 11.33103543319256;
  -7.817331583983672, 1.314758691802684, 11.32442444318369;
  -7.817457557994187, 1.08421143685089, 11.34036246069701;
  -7.991973093067959, 1.408944952251416, 11.59035867629055;
  -7.774049510530377, 1.579086891257938, 11.34641648194305;
  -7.649758860399289, 0.9121758558418618, 11.18417189062348;
  -7.774060399689581, 1.320218564338366, 11.35192593725441;
  -7.568717019768101, 0.8348014296165747, 11.12386373281202;
  -7.794782913746551, 1.39162246992082, 11.45415549962949;
  -7.652441646694038, 1.599130631602433, 11.3255156593046;
  -7.503787655173132, 0.9450153620978424, 11.12588118325497;
  -7.682313382020815, 1.420040189479904, 11.36621706436831;
  -7.657824537764761, 1.32445137309919, 11.33708832691426;
  -7.443978688392298, 0.8512494216717634, 11.12073368845008;
  -7.679256942212098, 1.470606988673497, 11.44767778279911;
  -7.621050095184537, 1.256701325295824, 11.37617505780718;
  -7.553817351646103, -1.783953799912127, 11.31949680081763;
  -7.456282477498349, 1.379988225818093, 11.19594240044397;
  -7.384824729063118, 0.969706415052687, 11.10855511392828;
  -7.533631244886091, 1.127933269976922, 11.31456252677094;
  -7.506084636183844, 1.28944097477084, 11.27624658984523;
  -7.559859335192702, 1.50575158964528, 11.35518133915021;
  -7.305120191933965, 0.8388184776741944, 11.08221675082558;
  -7.293010279485588, 0.9482788958122382, 11.08253463859291;
  -7.339674073139659, 0.7911168967531613, 11.17728540706217;
  -7.519131497081568, 1.326700419307732, 11.51317292045694;
  -7.401652297586446, 1.704602261727242, 11.3525257468502;
  -7.23296115731967, 0.7721882104674345, 11.12884646233105;
  -7.499397796066252, -1.812014716242673, 11.49684131783034;
  -7.355455406747014, 1.548612025149556, 11.36178011261949;
  -7.177699243723023, 1.698504077658838, 11.15852152986215;
  -7.207702907846745, 1.045903962626216, 11.20532340889376;
  -7.107631772286897, 1.240489239768656, 11.07104261231772;
  -7.287520181489413, 1.780144515866429, 11.326642463991;
  -7.164885675108868, 1.630412522382851, 11.16016788581877;
  -7.42486513091227, -0.03645388290035785, 11.54368417253809;
  -7.039008965635349, 1.767506147616662, 11.13938560527239;
  -6.955144504636583, 1.411554359878901, 11.16910071110214;
  -6.904915054474511, 1.716119347905906, 11.18529240485268;
  -6.922741624495165, 0.7208966458873923, 11.23125493081945;
  -6.852607825150351, 1.74476163284092, 11.32044302593865;
  -6.998388988065939, 0.7221300494951475, 11.57841094060619;
  -6.879269891923256, 0.7961978758831333, 11.5731442227794;
  -7.028975462350124, -0.665625976118048, 11.81689092677518;
  -6.875555945686832, -0.6136559848650616, 11.66158755891991;
  -6.918308501773383, -0.03138597051572789, 11.9447028806758;
  -6.975074659489922, -0.3130018803049396, 12.04714614594192;
  -6.799155033415015, -0.06062108368931846, 11.88603359230516;
  -6.751532875246133, -0.3183025491869044, 11.90642482785066;
  -6.879925968269046, 1.224402569348195, 12.42490396915058;
  -7.622974420687868, -1.885943438675455, 13.71731146449426;
  -7.430106689764151, -1.67683148864113, 13.46018877429352;
  -7.372232233534683, -0.5189669468194879, 13.3997877023581;
  -7.219531320772266, -0.3644138556714479, 13.41896019932943;
  -7.269468359907793, -1.840602279857665, 13.53804074206729;
  -6.97494574205357, 1.252129511397591, 13.43460394484257;
  -6.95236475482629, 1.717776218195061, 13.55485554592296;
  -7.174124802114887, -0.001242239929127098, 14.03768306659221;
  -7.064642284706709, -0.2174507306277387, 13.86342699817363;
  -7.046843020936715, -1.994945865261638, 13.83495728362882;
  -7.038957815602344, -1.741835595681806, 13.81646791941322;
  -7.199388715333148, 0.689243800104671, 14.1622831835019;
  -6.940048018325327, -1.783468632758775, 13.70742322245151;
  -6.707001247476192, 1.693836560912208, 13.32592867593032;
  -6.974714187845334, 0.1392588868580719, 13.82833440614065;
  -6.994567372202138, -0.2768140549654563, 13.86689891544987;
  -7.006512880517615, 0.01836738593229766, 13.89735583246197;
  -6.913406271421875, -0.1983879466677792, 13.8406899717485;
  -6.98578344121525, 0.8225707972847527, 14.01775222986012;
  -6.952117945997361, 0.4815481841014754, 13.97090402471402;
  -6.931912164730594, 1.051568990634987, 13.93987277966105;
  -6.916870271076149, 0.09172798264036289, 13.91604827929739;
  -6.92063354824658, 0.2224364185083025, 13.93116640741022;
  -6.961041057936638, 1.180410662136856, 14.02396831838392;
  -6.957742981248375, 1.572956163616181, 14.02744481288932;
  -6.869948509717725, 1.077989378933494, 13.99827604635784;
  -6.911340590982989, 1.255421144051691, 14.09030424178945;
  -6.863036918864175, 1.60750929335826, 14.04204173508659;
  -7.007715381383155, -0.09525370697341291, 14.34895579724916;
  -6.863728146377383, 1.643801025569939, 14.35176341215556;
  -6.885190773049651, -0.2467912762136536, 14.56715519730355;
  -6.847139181772689, -1.973084261247539, 14.59851400244689;
  -6.259375565771621, 1.760077750707933, 13.47783530522496;
  -5.848601940726019, 1.802182005376442, 12.74625561506681;
  -7.48150425379439, -1.783790062974229, 16.14711415335017;
  -7.517626720209734, -0.559184687154209, 16.3102451013756;
  -7.37184745508083, -4.007764207354423, 16.17417302149066;
  -7.359369039348246, -1.933275200812982, 16.24632541930085;
  -5.080092005931284, 1.21387424332548, 11.73424371833555;
  -3.901503317074025, 1.932857040033664, 9.245297382147193;
  -4.984312774658282, 1.088366406149852, 11.59159536893719;
  -4.942022165100688, 1.052247125976928, 11.59768310869755;
  -4.99721755737211, 0.4529872845761044, 11.72073677342939;
  -7.234429985972992, -0.4428711233554585, 16.54799683309824;
  -7.137063848992414, -0.1902995096297275, 16.34668141621722;
  -4.92654104242689, 0.7020867007691234, 11.62229477330978;
  -4.894278049749145, 0.3054022333824714, 11.57307742843979;
  -7.1099873449002, -0.2856432456403903, 16.4242026666939;
  -4.891315741338958, 0.556497362848705, 11.63549915134179;
  -7.074417447292774, -3.842967973851881, 16.36469105346524;
  -4.88303448883069, 0.6540538943798107, 11.61929756035309;
  -7.117373798821362, -0.3650880987356353, 16.47298990429511;
  -7.027761533994457, -3.909817948407987, 16.2869067795571;
  -4.878593668556051, 0.4070246630495575, 11.64557808520428;
  -4.872969996287995, 0.5084610840929521, 11.64321911122541;
  -4.776552107572265, 1.265100512581764, 11.5911572165184;
  -7.098140294395034, -1.979604416694177, 16.92937659445405;
  -7.331659038085252, -3.904332513299608, 17.49545913626295;
  -4.569651123183751, 1.159340231805915, 11.30439101713251;
  -4.633737952392698, 1.381161339065113, 11.54281949851127;
  -7.116252164472816, -1.963517901564779, 17.26439504756409;
  -4.593294299773869, 0.9370125368488719, 11.51687211320882;
  -6.951471798524773, -2.061782261602806, 16.92242895698606;
  -3.835070493307403, 2.029140153055336, 9.80578510062994;
  -4.611928682159832, 0.8428131036456176, 11.59248235162296;
  -6.906384148451237, -1.833735338298679, 16.88811057105427;
  -4.525435174685946, 0.3556110001334464, 11.48837996196508;
  -7.172144663700343, -2.034126700015353, 17.61356795568983;
  -4.644396431874043, -0.2284318890041562, 11.81026441122481;
  -4.513440750955746, 0.7789758467193511, 11.50770522472626;
  -3.76744992693948, 2.003104093845892, 9.790805736253791;
