m=[-3.949574085218957, 0.5214067263374514, 5.642547026766739;
  -3.852037239522755, 0.4372813019459098, 5.554133523428725;
  -3.807898601349505, 0.4257375869938277, 5.541552543750546;
  -3.869376207430256, 0.5746017497788826, 5.618208276198408;
  -3.881100547149757, 0.6302578377533128, 5.636773804377882;
  -3.916058044913567, 0.690381480374386, 5.679263031689916;
  -3.811859746819511, 0.4545354292021094, 5.573050786224737;
  -3.861723539850674, 0.5250024965513255, 5.640472630303228;
  -3.763723970231009, 0.4151248015779673, 5.531604955426221;
  -3.836242013223251, 0.6141956875021928, 5.63499327464909;
  -3.835389888219937, 0.6446680286041702, 5.640738747714813;
  -3.818475531864455, 0.5806407187065521, 5.621846780986758;
  -3.821476600469414, 0.5074185103240331, 5.634952417908964;
  -3.72935461706102, 0.3564900057226852, 5.524449999151699;
  -3.739895061575419, 0.4709965750944591, 5.545149996914474;
  -3.809250353000611, 0.6588250795810039, 5.639435520927034;
  -3.891619168202616, 0.8865033393237882, 5.749158250572223;
  -3.704489971705028, 0.4236235859890422, 5.534224122794067;
  -3.817105980772819, 0.9001322578413019, 5.674340645530126;
  -3.793886176513929, 0.5709199466779521, 5.650121801888635;
  -3.824940727527886, 0.73249073543098, 5.7019434714254;
  -3.681697189064354, 0.4834461904649808, 5.538159352186114;
  -3.753736973649761, 0.5620085031632136, 5.637638784914313;
  -3.734827043677942, 0.6415913565090036, 5.610758838491686;
  -3.636638666342458, 0.4175810431320098, 5.516954805116051;
  -3.644910309869509, 0.3928716867469956, 5.550682824684019;
  -3.596012113888281, 0.3839088996396063, 5.532929850127283;
  -3.576402040799785, 0.5907680945578127, 5.521288533215879;
  -3.574118756563037, 0.8457661816031243, 5.556360017490275;
  -3.580283346551803, 0.8745666023403734, 5.564662378456064;
  -3.577328385761557, 0.5191032402584168, 5.561428101959502;
  -3.552085813278936, 0.8082983390325281, 5.532799240432499;
  -3.553063182660063, 0.620113251152549, 5.534348874523968;
  -3.548380224907282, 0.5578238465300683, 5.531734318529485;
  -3.702306301621458, -0.01817722450185207, 5.756098447900633;
  -3.502406587317722, 0.8578511430114699, 5.51852681228926;
  -3.499153156850188, 0.8786428240650368, 5.537486384284239;
  -3.40214858686976, 0.6904698626391487, 5.46342928972224;
  -3.438058482347802, 0.8544809942253662, 5.569321146843682;
  -3.43674931999301, 0.3578843747067347, 5.57568227154176;
  -3.397348393791641, 0.8650083708462224, 5.612387271022419;
  -3.416234139037878, 0.3953905585554756, 5.747204428813973;
  -3.407072688359227, 0.6063478840939707, 6.153053268890007;
  -3.460676262672474, 0.6212542775436037, 6.665688406722173;
  -3.561511519380197, 0.3409664112879582, 7.006030191333045;
  -3.459158587275431, 0.2396034631691706, 6.951489172722492;
  -3.456582714796835, 0.7814391967254452, 6.96878620030602;
  -3.415693046926496, 0.620448842920064, 6.96364961242837;
  -3.208179137813497, 0.7405599332383741, 6.689019427506298;
  -3.322486756257922, 0.2954165493607958, 6.924952329791859;
  -2.439346924190735, 0.5690177869083838, 5.670623938645401;
  -3.735001898327043, -2.030563846271534, 8.194766279041959;
  -2.435041954459356, 0.2207314430711901, 5.711275415330073;
  -2.42985648133949, 0.5173609938622762, 5.702262055640964;
  -2.448818826133702, 0.1949073706738264, 5.768885130594839;
  -2.425938280516949, 0.345723092321714, 5.723076201986737;
  -2.428350696822232, 0.1515287277729148, 5.742111574386308;
  -2.402015292668279, 0.3217358919178466, 5.715652939554541;
  -2.400474124923729, 0.2002733242888512, 5.730116251224032;
  -2.395507859022511, 0.2499548578956173, 5.723700927054337;
  -2.379217709064898, 0.4229444363528332, 5.719797032328224;
  -3.558833688480124, -1.933231109273595, 8.232368849668079;
  -2.273888221373797, 0.6777695530010113, 5.66434303553042;
  -2.265499243857998, 0.4621522278294013, 5.6803381976566;
  -2.267120003317546, 0.4143078911268611, 5.698602567106916;
  -2.162709117765065, 0.1699467836083921, 5.490306044172999;
  -2.238796317683349, 0.3863944058266982, 5.708152494667632;
  -3.676672717353691, -1.88698843505759, 8.839979830687305;
  -3.569589024381066, -0.9849218083632385, 8.660007213070562;
  -3.540069566845382, -1.049972271959829, 8.617826193359893;
  -2.196270786867844, 0.3806404527336515, 5.714344349280914;
  -3.532883076688578, -0.9380266727928805, 8.638922879362678;
  -2.183839756705531, 0.4159955380552891, 5.706622111972974;
  -3.570889618200582, -1.012757307023125, 8.769497814338997;
  -3.630805948230417, -1.884844192719615, 9.085255847559434;
  -3.608221729977143, -1.950642105927584, 9.121298599300545;
  -1.88384947719016, 0.9768079003439869, 5.25177064744662;
  5.963330677757295, 1.718404371890005, -12.71418092861415;
  -3.833871994697883, -0.9275829339955777, 9.827230598734717;
  -3.799826193019114, -2.115324441424161, 9.928118828367968;
  -3.78866334209447, -1.010023547303866, 9.915790536470038;
  -3.692881627545618, -2.062634652324552, 9.873565933594813;
  -3.719331946143641, -0.4422431001813396, 9.985067177874582;
  -1.95894620193179, 0.5295787865649415, 5.737367244719404;
  -3.642228316910911, -2.02197609262376, 9.966093840838637;
  -1.982312346518778, 0.9232900457451897, 5.857978138710006;
  -3.711104210188291, -1.934467436745166, 10.19885560690076;
  -3.751416251070573, -1.995326830413338, 10.47630399159945;
  -1.962527964987636, 0.916393394033288, 5.925631697240738;
  -3.584785009556844, -0.9873340493665439, 10.07849022741849;
  -1.948260725446814, 0.9710581178821637, 5.92768837117863;
  -3.686933575613744, -0.878571085264084, 10.47731982949358;
  -3.677211903180815, -1.234716416979092, 10.49299655547748;
  -3.667641041913808, -0.9339815522340754, 10.5227005042819;
  -3.730657115802329, -1.977158237325609, 10.83198689944008;
  -3.610639773349172, -0.9731535315962752, 10.50638104877268;
  -3.629123800489046, -0.8992310229152407, 10.67018462815076;
  -3.684606564534804, -0.6069703422386569, 10.82862649094971;
  -3.878515169984905, -2.562653802728953, 11.51643119294871;
  -3.738631174131172, -0.8795006722312403, 11.15846093564795;
  -3.808895099102831, -2.756315514548957, 11.40672695338454;
  -3.460805209465114, -1.249241238752006, 10.49455113708201;
  -3.745638772667321, -0.841958994274255, 11.45611001814261;
  -3.856960619671874, -2.718847606268474, 11.82775360524274;
  -3.749242910915686, -2.126247720910988, 11.5522180834961;
  -3.80528649005219, -1.087223162382634, 11.88009477785034;
  -3.744976177605619, -2.082963501807423, 11.80961268004766;
  -3.853269828825816, -2.836099183555453, 12.19268264762781;
  -3.82711895894609, -2.080003551593814, 12.11542769562224;
  -3.737010152671017, -2.757329605229887, 12.08590292523241;
  -3.821199655342145, -2.057217824150763, 12.43403716724693;
  -3.773667448660434, -1.142573109750729, 12.38346778117225;
  -1.561696396605938, 0.182970090858166, 5.763282915785058;
  -3.864051579676624, -0.8826649391267958, 12.86294741524209;
  -3.687125748957059, -1.202123648041837, 12.35098030747027;
  -3.952183650220924, -2.591281155769269, 13.39111193619313;
  -1.541601933707076, 0.03892553272742048, 5.79995682240322;
  -1.552348558902627, 0.2502315185286776, 5.836577845765706;
  -1.518532994989527, 0.3606551868938074, 5.740335564159453;
  -1.54083020599166, 0.1054600012293825, 5.841619362163349;
  -1.530190110767938, 0.2031103189322515, 5.807132302888065;
  -1.581251316663416, 0.6820124248099841, 5.953693833292149;
  -3.910485088836614, -2.748759044943062, 13.41162831570955;
  -3.899181216278149, -1.022752621116899, 13.40907208754007;
  -1.512256432398921, 0.5496855302351466, 5.78160083858005;
  -1.517988059024262, 0.2614899163458488, 5.830925846079761;
  -3.920779812520491, -0.9105488879764419, 13.63128899041417;
  -1.499874233128225, 0.2948043703865896, 5.820454892075528;
  -3.728923672632106, -1.19944286015486, 13.0687878416642;
  -3.93239403683133, -2.103231935355451, 13.80397888756107;
  -3.88659797338049, -2.646143283672771, 13.69928197280466;
