m=[-3.448213656305242, 0.4186810965416343, 5.285995086572325;
  -3.392361562228421, 0.4564003458638825, 5.288219985212525;
  -3.491783197142127, 0.4070954552293485, 6.485207690801639;
  -3.3936684982676, 0.4682849045858174, 6.424600522302548;
  -3.402360995444916, 0.3039583745649547, 6.449540835802964;
  -3.393184804200839, 0.83895257536994, 6.452108885170398;
  -3.369303517175781, 0.4040474547224869, 6.490915858744817;
  -2.423752072844357, 0.5897286632480429, 5.235579589234677;
  -2.381997172119191, 0.2756387127580872, 5.196824286448496;
  -2.384817088905621, 0.5738645676033294, 5.201765791256539;
  -2.388072170809418, 0.5260496745542915, 5.207869470150506;
  -2.380845401893259, 0.400894104591676, 5.220663314279958;
  -2.382685288512457, 0.2047413949201169, 5.234244570447419;
  -2.356326045772806, 0.3759042283584577, 5.211662923334327;
  -2.348032871007124, 0.3059335792158709, 5.216432688033605;
  -2.330590897895461, 0.1154633903990887, 5.231164494058398;
  -2.223792687438535, 0.7273610712895388, 5.14822060485163;
  -2.225566355686758, 0.5174013892675857, 5.186013586867475;
  -2.226078061543385, 0.4701051135481391, 5.20383192237367;
  -2.129271248626376, 0.2245118618370427, 5.022518374909888;
  -3.494031777347347, -1.847627089832081, 7.727755821642054;
  -2.198458799730589, 0.4416402926929373, 5.209712884595022;
  -2.171214925689421, 0.4853293481460135, 5.182535503824794;
  -2.134474098614559, 0.5101210134613148, 5.176236920934371;
  -2.158193059395485, 0.4350296248848245, 5.224503966281307;
  -2.132333415362395, 0.4665820550804218, 5.185508808457112;
  -3.593504006945656, -1.857545714226425, 8.233762216234561;
  -3.578597936148545, -0.9305841605271588, 8.177985863021794;
  -3.57771290623732, -1.843336614011963, 8.211824885641875;
  -3.50020732268524, -0.8999809394497922, 8.148943924545513;
  -2.056293091705858, 0.5098787967779731, 5.179297767378999;
  -3.499777019140309, -0.9849630886188655, 8.17570041116633;
  -3.546885123140631, -0.8739902019631211, 8.311943129921435;
  -3.461877084651564, -0.9165711870260823, 8.17011672833925;
  -3.610261439315215, -1.815049915315598, 8.685802908795804;
  -3.558732838088445, -0.9489983126208382, 8.632749312083302;
  -3.543695579220974, -1.809911069705403, 8.683259129062819;
  -3.551084597079649, -0.9589579398653116, 8.767645971636428;
  -3.775853449325852, -0.842662808541471, 9.361617015127122;
  -1.90621731126876, 0.5789926588206436, 5.20370654507043;
  -3.73988173381546, -2.030194752322245, 9.454351930442357;
  -3.738804241002708, -0.2477444412978654, 9.462409708058564;
  -1.848635230750981, -0.05681111839388929, 5.252373386077067;
  6.252002634868954, 1.367764018019725, -13.50160073277814;
  -1.904712406205866, 1.026697001990088, 5.435354925127914;
  -3.601357775363747, -1.890752502665132, 9.513461615665888;
  -3.568933153710351, -1.924234151567612, 9.459167058413147;
  -3.637076533343755, -1.834404856016794, 9.692652166167433;
  -3.649387038525565, -1.784911050674551, 9.786955836378947;
  -3.576404791651042, -1.989756100876332, 9.669371962259007;
  -3.708349092590156, -1.914000641324402, 10.04909286738676;
  -3.574966399229701, -0.9067976349291786, 9.725388437142822;
  -3.614431672653766, -0.7846804363997531, 9.981590290498092;
  -3.610630773042749, -1.140529966525762, 10.01198367407482;
  -3.567136535697567, -0.8327085160873234, 9.951045337492799;
  -3.620211611090367, -1.918884139888099, 10.22865436667229;
  -3.653612687304223, -1.86879593078942, 10.32194219668057;
  -3.544016728363579, -0.8835083288017205, 10.02874446858298;
  -3.635636528518855, -2.034480030204763, 10.33515761888521;
  -3.55198096266064, -0.7999824775307131, 10.16581049605634;
  -3.620287005101691, -0.5136268085768853, 10.36695875882906;
  -3.606931964998165, -1.877182868553752, 10.44432063000087;
  -3.754600108606758, -2.656197273911411, 10.97542707364672;
  -3.648922232286618, -0.7782267453521675, 10.62716590718171;
  -3.332540855821187, -1.136433617033831, 9.830695664230941;
  -1.607204351854508, 0.039807638607359, 5.31611236842518;
  -3.652218717818253, -0.7359259729521146, 10.91740388231823;
  -3.770246612562804, -2.604001820619931, 11.30855162537273;
  -3.752768293258273, -2.074786855534284, 11.29844701534442;
  -3.704961483793011, -0.9756992263303443, 11.31717506512212;
  -3.732849992026114, -1.915198728134852, 11.46921408662061;
  -1.589999311201928, -0.1127779152909047, 5.429654617102016;
  -1.565950556374226, -0.06474684928510731, 5.365091910083363;
  -3.672753372219672, -1.978887907654927, 11.3316698540253;
  -3.749999265216161, -2.702645163741318, 11.61836786392654;
  -3.761922862686767, -1.9780325862671, 11.67154874347973;
  -1.528577649337821, -0.04964238380960162, 5.32856024335937;
  -1.552950945864417, -0.07740933141331144, 5.398843474857665;
  -3.692340412520784, -0.7824114723533842, 11.50027305665928;
  -1.481215242630867, 0.2248267603254595, 5.213185893373384;
  -1.487738034014966, 0.3383663823544258, 5.239989613892171;
  -1.478303805470471, 0.2964956983500306, 5.214312217997632;
  -1.500273033384444, 0.0915403390476998, 5.288490119415493;
  -3.68161881677566, -2.666263532760404, 11.67017551990193;
  -1.497996796554617, 0.1571958638328979, 5.334634400056719;
  -3.714384095326995, -1.932115884668181, 11.86305367039095;
  -1.470907826228445, 0.3685916902520071, 5.262342457416245;
  -1.468668363256743, 0.6002472980759657, 5.270990178490045;
  -3.684911125006147, -1.034081877408618, 11.87465594517086;
  -3.830986293617738, -2.457073668253513, 12.51888577141543;
  -3.814921119120764, -2.67243588188141, 12.57760733573944;
  -3.828194941838732, -0.7688935846569819, 12.5332785560395;
  -1.437056681630985, 0.3722412331030578, 5.342623291167272;
  -3.762951797926688, -2.782755497887192, 12.56625826015364;
  -3.811209099933708, -0.97044386534144, 12.63798862572648;
  -1.466088251586961, 0.749572784489132, 5.42166198073163;
  -3.899601327855753, -2.484177599193368, 13.00252807309509;
  -3.818451585608918, -2.625561970097013, 12.90235100723338;
  -3.820632328257129, -0.8985904967075462, 12.94517788266912;
  -1.445936006057903, 0.7160516283616452, 5.490092119629066;
  -3.678130952548369, -1.114969707946088, 12.71295051146641;
  -3.82202167406052, -1.972566117892427, 13.24443039911489;
  -1.447883613602288, 0.8877595562557938, 5.563728734699556;
  -3.691493473474079, -2.018092580590312, 12.84587419218659;
  -3.976331267141905, -2.089453672300214, 13.76115125461412;
  -3.767366413694211, -0.9491592116084703, 13.11968712286741;
  -3.786513798324668, -0.4357606484527423, 13.17543757449835;
  -3.760060939037895, -0.5240397314352961, 13.11122044431037;
  -3.770720034490776, -2.636255086506941, 13.33018633571132;
  -3.803730605463848, -2.041595040838947, 13.41208820913465;
  -3.785272084857124, -2.570040937682725, 13.38767018242051;
  -3.762278279304614, -2.467653014475985, 13.30413486419447;
  -3.812298643182746, -1.00946185616014, 13.48252027579954;
  -3.796654105690926, -0.862546866166086, 13.53621315536843;
  -3.808120913184008, -2.076795533095353, 13.66373928660832;
  -3.914105071707501, -2.082070414861515, 14.15506638548641;
  -3.899239246801176, -2.718511799259857, 14.22817876626872;
  -3.840746097387362, -0.9952346774407446, 14.04769240765173;
  -3.812516348897575, -1.07379795943267, 14.07546006958166;
  -3.885392249509028, -0.7822939316823916, 14.35384751312413;
  -3.897768017024389, -0.9558230569739016, 14.54569398502993;
  -3.898231734060174, -2.880497832634637, 14.78228416588431;
  -3.843575905123523, -2.272536321879555, 14.70655636038291;
  -3.87706007325019, -2.122104198342734, 14.83374090179446;
  -3.879914450793176, -2.82171587933933, 14.91227602481086;
  -3.853332044564034, -0.9947949958505933, 14.75071952738559;
  -3.925803595471056, -2.086910020113297, 15.15798451031358;
  -1.452872191255811, 0.4356663304332237, 6.180841939245266;
  -1.465561677942857, 0.3503373794125045, 6.236282148354102;
  -3.891351039240151, -0.9060715393310789, 15.09684420236544;
  -1.46917902836536, 0.4419100537145339, 6.386611505465779;
