m=[-7.919312230630672, 1.379171053294686, 10.3956925727631;
  -7.950641235983187, 1.468465958974049, 10.4382887555705;
  -7.896021914652456, 1.504553980043208, 10.44731287758366;
  -7.702444859189546, 0.9911575411035924, 10.24549393594176;
  -7.816970046615752, 1.138573748677697, 10.40611320079138;
  -7.837123592295497, 1.411064555092858, 10.42956199547821;
  -7.813954025943798, 1.2998989908243, 10.39924225517692;
  -7.867939381479354, 1.565998578659891, 10.47276079558466;
  -7.741439097008748, 1.195955543621582, 10.37718602004249;
  -7.686328848940083, 1.276164779712258, 10.31613350834034;
  -7.700820718305541, 1.486770765675662, 10.34152963674388;
  -7.615041811653316, 0.9291530931995283, 10.2676166156754;
  -7.6270654854442, 1.028454752463321, 10.29065232964178;
  -7.740761941892933, 1.323705763555614, 10.4418023823138;
  -7.521550171025717, 0.9535962474301838, 10.19707227129438;
  -7.838136602374881, 1.919131621421928, 10.58396337197884;
  -7.630457954404554, 1.406863943133032, 10.37310321973433;
  -7.48492834089401, 1.056761389129329, 10.23621742581642;
  -7.513190357957656, 0.9298991786349943, 10.27660368021985;
  -7.610155801269775, 1.445989926644641, 10.4109893980719;
  -7.645133059226121, 1.337653425117224, 10.45980720860543;
  -7.782325890634311, 1.910365786860566, 10.64102162888247;
  -7.393328366160834, 0.8263543184973058, 10.18890409068073;
  -7.406372621553707, 0.9629906247220134, 10.20582006802911;
  -7.524142515166498, 1.361669532018714, 10.38162284551355;
  -7.647510002743269, 1.595799712078756, 10.54433864659819;
  -7.377054168513307, 1.091895611175673, 10.23474492035984;
  -7.615115889460992, -1.692797658231192, 10.5537934802992;
  -7.475935800055684, 1.430278757485919, 10.37697514880873;
  -7.279011453946574, 0.9550583055043247, 10.18279364160338;
  -7.461493725311982, 1.681819040971055, 10.4378112797314;
  -7.278937531991254, 0.9065976574979441, 10.23112370727986;
  -7.254696261990344, 1.00950434527796, 10.21140210833055;
  -7.260723858286958, 1.118687491778841, 10.22305171645149;
  -7.486632493435319, 1.535558748904135, 10.53307277944379;
  -7.421770874624248, 1.72002231291774, 10.45160267635137;
  -7.217670492984976, 0.8185640868531392, 10.209696396417;
  -7.193803583439099, 0.8925997366353308, 10.21242931405327;
  -7.366505151793325, 1.832254914170866, 10.44277222443926;
  -7.187008958094116, 1.315761923106966, 10.22904266780645;
  -7.465684575197145, -1.694490767926447, 10.60024773429343;
  -7.197036198349244, 1.646667113602889, 10.27640251455578;
  -7.136768219727137, 1.203099255306116, 10.23944668137303;
  -7.155725680190336, 1.827951525181578, 10.26472046096198;
  -7.070287707229603, 1.861141700947431, 10.15504601080014;
  -7.14363061102944, 1.164764291196618, 10.25357788680803;
  -7.081299957838914, 1.744540304954732, 10.17813167078478;
  -7.146298693392564, 1.375703932397088, 10.26377928772198;
  -7.096034841592077, 1.476779614006881, 10.20385083740426;
  -7.421321885708907, 0.08035366923161197, 10.68732928894797;
  -6.99594125414225, 1.892163973191809, 10.21479302057505;
  -6.91466989091784, 1.054275562142049, 10.26955052878817;
  -6.971061051724473, 1.523282895708706, 10.36209364860348;
  -6.786892710569007, 1.745352803407974, 10.13890291797472;
  -6.887905816182443, 1.846842530795417, 10.29992348231804;
  -6.87172677105679, 0.8383149110958624, 10.29785280478255;
  -6.777325986183732, 1.86003571667183, 10.34849153186473;
  -7.035403209838623, 0.8542366059949911, 10.78503553028388;
  -6.834822407777735, 0.9195409314739574, 10.65453778707651;
  -6.860722163501257, -0.5454828171436598, 10.71413761384499;
  -6.811055947289877, 1.857044298972479, 10.70208130505214;
  -6.963036830111462, -0.5057657113682482, 10.95507007336723;
  -6.88350991246209, -0.6077269980955525, 10.8576801247055;
  -6.893327798673981, -0.5754402566036438, 10.92113164598529;
  -6.942844523295846, -0.3493073754322846, 11.08659687550357;
  -6.898453078990141, -0.1938314113427012, 11.08700827743147;
  -6.875354076915175, 0.05972499077365725, 11.169868061811;
  -6.736277578835231, -0.1953608162922245, 11.04244294100209;
  -6.793124582772522, 1.347421842301102, 11.44751000091457;
  -7.484344237202929, -1.735914892531775, 12.68050496424505;
  -7.411527748870755, -1.559798478885014, 12.62391877609468;
  -7.504071207411291, -0.4085580178818518, 12.81734826022521;
  -7.280732163681456, -0.243587240614148, 12.71884172975306;
  -7.29582884153431, -1.733392100603313, 12.78245636982451;
  -6.895656900586904, 1.784136940718619, 12.23610613725217;
  -6.900103294594703, 1.380598096272165, 12.49018416942242;
  -7.053670504436171, -1.367728492429724, 12.83366304013284;
  -6.954656442027891, 0.1258933547599855, 12.84015026757164;
  -6.927475909886959, -0.08047150262196889, 12.8140527946401;
  -6.987657391633485, -1.866738449884616, 12.93374560131508;
  -7.009664767077451, -1.633926547016758, 12.97720160636151;
  -6.976819736701036, -1.681737747923732, 12.9832832814674;
  -7.082878781588264, 0.8257694132570748, 13.15486596790055;
  -6.96902425455132, -1.811040967523569, 12.99340221993419;
  -6.774806948098045, 1.867061344450937, 12.64567339690143;
  -6.967785765451191, 0.2725856422758269, 13.0198007745949;
  -6.99392492713815, -0.1401841276139375, 13.07098594664809;
  -6.923241335727049, -0.03928177299658966, 12.95304518086472;
  -6.990401141569555, 0.1509280440285147, 13.07328430452959;
  -6.90958929057659, 0.9534391362375501, 13.08063854433494;
  -6.855791695324659, 0.2258213951822925, 13.00771636393479;
  -6.920959160712348, 0.6183010855511724, 13.11942171618443;
  -6.879400915626685, 0.1407364910922244, 13.05307182198874;
  -6.84011458376074, 0.3517020851112471, 12.98607080544864;
  -6.931254680794711, 1.201484428376112, 13.14498560586893;
  -6.920496758819183, 1.3250229480215, 13.15481307118455;
  -6.905545739380631, 1.72092047758288, 13.136742595315;
  -6.831357634521535, 0.9051617780287817, 13.0991713938296;
  -6.838614772944963, 1.217664081477104, 13.1458321815606;
  -6.795545846202351, 1.39314846757661, 13.08010601834559;
  -6.873749818062261, 0.8243012552087384, 13.24218239041386;
  -6.897146557463081, 0.05787835430269189, 13.35258236640918;
  -6.824176224340948, 0.9382059708391235, 13.27497501333255;
  -5.701920236078085, 1.905464081971087, 11.64000653544257;
  -7.059809995321448, -1.912044224921699, 14.25730385594052;
  -7.908369272297567, -1.253932892052553, 16.00109626638463;
  -7.530771977659201, -0.4172619653413773, 15.60298409792139;
  -7.508360984715522, -3.974010082452641, 15.72745230251123;
  -7.504037368794204, -0.2776859041632822, 15.72525755862618;
  -4.883755380071537, 0.9772511061881873, 10.58736877307814;
  -7.367966787662825, -1.810338624807918, 15.53428825724644;
  -4.82163958055944, 0.5579479870609791, 10.51941369454271;
  -4.849374474344293, 1.166917244434566, 10.57746120949366;
  -7.419690595945191, -0.2248943984812631, 15.66833132064001;
  -4.853410381727723, 0.817232235092395, 10.64244722016914;
  -4.896367625183394, 0.4207392148912858, 10.75626134118245;
  -4.801289513287983, 0.7659487670884463, 10.61937187575847;
  -4.800832260554307, 0.5178712317458977, 10.65429792475734;
  -4.788897039723145, 0.6239624793797638, 10.63910108163191;
  -4.749003194712895, 0.2352776758773088, 10.65944989177861;
  -7.21395850474294, -0.2915003548575683, 15.78025093728333;
  -7.100114827749707, -3.754506350433997, 15.70333562796769;
  -7.317485821660837, -3.703797532284415, 16.3428144646083;
  -4.527246651938499, 1.480777859081336, 10.48086210032541;
  -6.29265068840364, -0.2767037803065588, 14.16156519192281;
  -7.152484117616183, -1.771223783006479, 16.08464764055971;
  -4.544362189103711, 1.056476839690454, 10.58927045519;
  -4.532759931135616, 0.9572322098334619, 10.59608880460641;
  -4.520742099987001, 0.9081552333262785, 10.71285409993564;
  -7.163979939179386, -3.691080550626102, 16.44328382029492;
  -4.439984145283196, 0.9924649031807397, 10.59792616433074;
  -4.467622510096579, 0.07371430004294603, 10.6856493580754;
