m=[-7.157232987379905, 0.2462462303346952, 9.481704051803584;
  -6.705159072367674, 0.9556119982104029, 9.126400875884494;
  -6.753292941274242, 0.9986521194027926, 9.53736275837413;
  -6.725773025634786, 1.088032265345789, 9.648310428633856;
  -6.694055255317882, -0.3655521214680533, 9.620486035467071;
  -6.720108222776275, -0.3293200481989125, 9.753744851754437;
  -6.702713441550672, -0.423955626425796, 9.743264370217194;
  -6.693513571056847, -0.2674880314350165, 9.738888069348558;
  -6.690989996402353, -0.3936591309151437, 9.775565189710706;
  -6.732758977338134, -0.2987458426224132, 9.841505935307868;
  -6.705841401343728, -0.1698944791182947, 9.890967967886125;
  -6.644178909779193, 0.2315604397565308, 9.980286349148029;
  -6.622391149043581, -0.01644424977455265, 10.02502938814857;
  -6.61226126427315, 1.979253305027522, 10.19260954853857;
  -7.24877687698749, -1.355016609204166, 11.54636085555595;
  -7.220754475959823, -0.6820653362093085, 11.52047392563969;
  -7.233501725200774, -0.1952398777138673, 11.57157901514376;
  -7.045284085311621, -0.04292500690219341, 11.52173756128461;
  -6.694880471254086, 1.560190673376626, 11.34431128588888;
  -6.782253919192006, -1.638146344585577, 11.76491987409245;
  -6.782977901497032, 0.3146435787467465, 11.75616256283044;
  -6.823176298642848, -1.410822001559239, 11.84206449142733;
  -6.729253894937815, -1.447968949686345, 11.74118548969558;
  -6.744035178223793, -1.577307355110044, 11.78890778530108;
  -6.878874540882932, 1.007201651381673, 12.00588845526217;
  -6.734850890608057, 0.4610553066266351, 11.8136363231774;
  -6.709822729490142, 0.1463226007878519, 11.77768474412173;
  -6.753814382013959, 0.05440442258330214, 11.85036305640719;
  -6.737471111461754, 0.3406598820360557, 11.83172345205751;
  -6.707838758345175, -1.615137415219108, 11.81910797044205;
  -6.734286446062598, 0.4874455882633195, 11.89998085843248;
  -6.655554580800443, -0.0548061742262033, 11.79062869168937;
  -6.658290814526499, 1.118358630038438, 11.84137595062789;
  -6.617441316752172, 0.4136201206254539, 11.78664553301083;
  -6.655339636977604, 0.3355051741916807, 11.8579821095153;
  -6.626004745104366, 0.5420459783227721, 11.80907039270768;
  -6.686059859114033, 0.8006694272521268, 11.90924536403888;
  -6.67584067029687, 1.372583867813477, 11.90373427709684;
  -6.670424804721263, 1.490085408555694, 11.9216560114629;
  -6.586307608541512, 1.376937331818806, 11.90207335761884;
  -6.598520786022198, 0.9988128831360017, 11.95770645912801;
  -6.624011936672255, 1.128950713662144, 12.13700882970359;
  -6.605280254412407, 1.924616990881306, 12.15282241882047;
  -6.400911499103098, 0.9222836034999729, 11.83192457945679;
  -6.830610796944987, 0.2421444510198805, 12.75483283986559;
  -5.509378568737008, 2.042382004567036, 10.47398059631541;
  -6.619381898135304, -1.623594476484751, 12.64001016546737;
  -6.566503435911273, -1.631830344865192, 12.58748158130952;
  -4.808889206288271, 1.43885682545654, 9.577484260770854;
  -4.643807803011765, 1.490177721385844, 9.320453171027042;
  -4.702158605445701, 0.7017821042336758, 9.451910464514127;
  -4.67398222353047, 1.294411963661807, 9.405242037004252;
  -4.643022862742878, 0.635574478506334, 9.393211922114741;
  -4.661681362862393, 0.9517074003130116, 9.434837361754697;
  -4.63645675948073, 0.5482426432841993, 9.405100535193244;
  -4.617008204750732, 0.8990059668605672, 9.422434506843162;
  -7.322489394716995, -1.006770439457582, 14.42971480988771;
  -4.615198335286891, 0.654471986045385, 9.451198382388723;
  -4.598040637055252, 0.7624458697308606, 9.427603836627794;
  -7.278920933189588, -0.1821504064226135, 14.36473685337698;
  -4.626042558905783, 0.3227316660568484, 9.522792175149457;
  -4.620877017104374, 0.9043690653981364, 9.553218795082815;
  -4.587453570971181, 0.1825841196550742, 9.513525284017332;
  -7.123779175348969, -1.555107623144592, 14.29517662549553;
  -4.535431492114378, 0.1243081750233812, 9.490071981625844;
  -4.346832332528618, 1.591565828229031, 9.283525355711818;
  -4.344815139533631, 1.175964276195973, 9.348750991936582;
  -4.361353518565618, 1.079784424434809, 9.411270559562285;
  -4.296930457996253, 0.6225890869414138, 9.294325253722283;
  -4.308317597984048, 1.024686117988279, 9.437136321757574;
  -4.23366620837793, 1.10828001347507, 9.333570149138582;
  -6.992882823475844, -3.34046356260379, 14.89772997155061;
  -4.223105211711384, 1.012723233870527, 9.447946103590841;
  -4.161479650118745, 1.071966541787714, 9.349025451971704;
  -4.110050352849001, 1.115268011754711, 9.35035597860178;
  -7.086765600089596, -3.460697564541415, 15.53700579905618;
  -4.045897952844445, 1.418958247513157, 9.303131241697054;
  -6.907273054508314, -3.453095023224035, 15.27133684815897;
  -7.158945927498697, -3.365658375657795, 15.82281219708451;
  -6.968656966864487, -3.414155376065018, 15.45053316785266;
  -6.885736513374553, -1.56315391340611, 15.33912260293279;
  -4.009274721142851, 1.074658610900842, 9.348006444668972;
  -6.871603447337931, -1.739282317727506, 15.36936743094623;
  -6.991185186255532, -1.513825671244026, 15.69797713355506;
  -6.790028112796284, -1.593810831099612, 15.34133646955296;
  -3.960442827785083, 1.074637159898468, 9.336765923613953;
  -6.74705272399947, -1.481887241082142, 15.53428176041208;
  -7.094585950735113, -3.367416650349014, 16.38759501898228;
  -6.923384875933312, -3.446814382369131, 16.17546523884818;
  -3.821756398101129, 1.130271217656369, 9.359741300218897;
  -6.860651995130269, -3.310934197057879, 16.15867455063221;
  -7.159652778364848, -1.70948628441063, 16.976246993385;
  -7.42945825177492, -1.426271642841828, 17.79377862654703;
  -3.66678504410389, 1.279545098687789, 9.285266668176503;
  -7.521386396063721, -0.4064399397157958, 18.05172431956309;
  -7.242063249020623, -3.711609769125022, 17.67428637471351;
  -4.518625531652591, 0.3760434779760881, 11.46553481299374;
  -7.107083372620216, -3.667876447985302, 17.76129473879071;
  -3.661785720759881, 0.0273894783388597, 9.620891072623074;
  -7.153766595762583, -1.371446055978635, 17.93469734888834;
  -3.750529592248193, 2.217215265183881, 9.96117506767775;
  -3.697927082820442, 2.117160017469435, 9.842972133818472;
  -7.064653165717079, -3.503121732508361, 18.03553952789817;
  -7.027001735873485, -3.572569881973282, 17.97785873907873;
  -7.159607259264451, -3.394546262961016, 18.45423743521543;
  -7.118980000771355, -1.751137218305999, 18.42118195614178;
  -7.257380423715995, -3.320933421664121, 18.82113325534284;
  -7.016681840348953, -3.690910562779667, 18.34565247071821;
  -7.17169802373535, -3.47987631833123, 18.85069288074583;
  -6.867463088229148, -1.512116078800354, 18.12877991360942;
  -7.083245631360016, -1.285628718273884, 18.99195530706892;
  -7.08439676357328, -2.007070846112767, 19.07083664168454;
  -6.963444280771935, -1.387421890462267, 18.86617804163994;
  -7.182855277717247, -3.710517741556854, 19.6917577985284;
  -6.989835562990446, -0.2620763512385468, 19.12912681811253;
  -7.186393864239808, -3.458313781321745, 19.72544468448528;
  -6.961551668226563, -1.497906616800349, 19.13746146230197;
  -7.049210820071209, -3.731962258263213, 19.4785742657131;
  -7.004273030850013, -1.299982930641245, 19.48082507246922;
  -7.167309948970016, -0.7535026720265439, 19.97920100570959;
  -7.568707380831343, -5.128999589317635, 21.51734885164613;
  -7.161233793063612, -1.272212041030841, 20.33602827799377;
  -6.414236351566814, -1.971790637692944, 18.38642321490192;
  -7.619750818350435, -4.469192396726217, 21.83802568414697;
  -3.114546455768021, 0.2211108124751704, 9.588919020773126;
  -7.181358720237865, -1.160529000535248, 20.96312061669288;
  -7.366428299352956, -4.867362087611153, 21.5646167543225;
  -7.329427761577588, -3.819739123515572, 21.55311493267017;
  -3.065332613640915, 0.08429801871141039, 9.574593763977351;
  -7.135119388051943, -1.617383833260732, 21.34425890401617;
  -7.222897293369411, -3.468977667797483, 21.71141517730439;
