m=[-3.352722809282395, 0.781326400063364, 5.68110683485806;
  -3.288459470593026, 0.5604622548491522, 6.025360765089564;
  -3.415552502972251, 0.1210809853390708, 6.377877839369809;
  -2.349932906646188, 0.3507199561759155, 4.723650836769227;
  -2.334095602220144, 0.476518209796086, 4.724006357271055;
  -2.334979487244123, 0.2761020737405677, 4.736530062582635;
  -2.310934580904083, 0.4499762368018923, 4.71617739725099;
  -2.299497190350249, 0.3813020096236261, 4.714779673618691;
  -2.303153182691915, 0.09166723756150408, 4.776311236184535;
  -2.274850367023581, 0.06234963488427418, 4.759964684290137;
  -2.177214585758907, 0.5892832012963641, 4.684718765838489;
  -2.161394155370475, 0.3131678361720849, 4.67512808919773;
  -2.149401408705483, 0.5814200177420034, 4.689924060936887;
  -2.161742373247082, 0.5141467290085153, 4.735179569490967;
  -2.12673819980554, 0.556732941315534, 4.688621917679001;
  -2.100788882438936, 0.5813366921959055, 4.670687365320177;
  -2.101787014873171, 0.5040197759474879, 4.702125436676408;
  -2.062891911332608, 0.5597686555888569, 4.693074794805745;
  -2.01437975784198, 0.5420338296720337, 4.825443823101462;
  -3.423847238467356, -0.7987999913728237, 7.751574731270882;
  -1.890804211168003, 0.472603758727673, 4.730253462584249;
  -3.317955464096876, -0.7287383202497593, 7.639195535621509;
  -3.517758457395696, -1.669689885159954, 8.125576513514123;
  -3.457021987023076, -1.721082002310487, 8.076820801254018;
  -3.431699374322716, -1.656129886858001, 8.082571945734737;
  -1.839712053966639, 0.01376070510248258, 4.833616881473808;
  -3.524196172636272, -0.8414605019532887, 8.356218734601701;
  -3.726580838257712, -0.7154110561284741, 8.925274525103921;
  -3.643352327391305, -0.7854474278421426, 8.921047884875536;
  -3.528934174681857, -1.749878686176757, 9.009109195577207;
  -2.083930795377587, 0.1674800644767858, 5.711002931161962;
  -3.516183234281079, -1.787648672144593, 8.995791927005197;
  -3.546108770911902, -0.8722770745573577, 9.175965503226655;
  -3.498795041496178, -1.840433964299163, 9.147867803903276;
  -3.535000912962413, -0.1744872279048674, 9.230458566977509;
  -3.601354516653986, -1.747461794256089, 9.466102410259031;
  -3.538721766615891, -0.6422878106895127, 9.48819921451981;
  -3.461497817675688, -0.9806722556058002, 9.318176496814969;
  -3.505294639381752, -0.9277240433039111, 9.453138919904506;
  -1.557558584158225, 0.1105756645186969, 4.795338051851386;
  -3.472424157336882, -0.7471562906516965, 9.54577178462999;
  -3.504915116726882, -0.6505071696981625, 9.748140596758459;
  -3.455713285516827, -0.3149977978835984, 9.619185728848079;
  -3.560182410449539, -0.3742836542964262, 9.924169667810272;
  -1.528814251948248, 0.003946946838395036, 4.879790244387784;
  -3.221635775488382, -0.9903581520835186, 9.234826340306107;
  -3.579496343640316, -0.6359069513434926, 10.16483206228401;
  -1.555469866011589, -0.01901155510497012, 4.979802754129043;
  -1.497893154177189, 0.01912318034446282, 4.863927022036227;
  -1.480375858874338, 0.04309743918017051, 4.850106339729328;
  -1.462760462153747, 0.4262954503808684, 4.797355278757812;
  -1.462820045854288, 0.4634809158240019, 4.79551291709536;
  -1.463669589441069, 0.4951670001853711, 4.800862960750408;
  -1.475784886584235, 0.2686493315316603, 4.854540020744344;
  -3.599674583443737, -0.5817181552013775, 10.50781828526668;
  -3.674991715880645, -1.915225866517509, 10.80678074817913;
  -1.425906324130935, 0.6660330036797307, 4.77590916367901;
  -3.610912146300436, -2.467465213346143, 10.73846866793255;
  -1.420565844648689, 0.4160329819079704, 4.836057236317785;
  -3.627602325395416, -0.822302337984491, 10.85174319068972;
  -3.652231832478447, -1.75407598224017, 10.97829837778524;
  -3.606246770912083, -1.827308561321509, 10.87455142250721;
  -3.709538995105267, -1.830818730550878, 11.25860815681199;
  -1.399639761655773, 0.4033103218900417, 4.864680171404019;
  -1.434957638430566, 0.8225278048461481, 4.949095874192919;
  -3.613293542515226, -2.504448002142838, 11.19554777693853;
  -3.645737869621831, -1.878984953351696, 11.51332786677823;
  -3.666908647252128, -0.8922900890613622, 11.59690411419209;
  -1.402431949882845, 0.9579474447405526, 5.074770499313734;
  -3.47976432596239, -0.9268550834095638, 11.23806296144332;
  -3.816519506942282, -0.6071831419948325, 12.29371781152932;
  -3.850586630066113, -2.330224355216843, 12.62878454974697;
  -3.73540242483204, -2.454571889289996, 12.42299088077955;
  -3.751084992207414, -0.7349813880825649, 12.53955358782752;
  -1.388418316493253, 0.8635790011252604, 5.283503802876768;
  -3.752930435949683, -1.805097718427059, 12.82366010487035;
  -3.725966304402806, -2.517433637065039, 12.76266429158189;
  -3.715041589958909, -0.7857092484801207, 12.77588934649574;
  -3.667440468964984, -2.364946586421789, 12.79068490117968;
  -3.722126751046836, -1.869887355761107, 12.95639938073184;
  -3.674043587658763, -2.289014584765597, 12.81367241479081;
  -3.690446695145396, -0.8273022217440067, 12.90924277094391;
  -3.759519485958124, -1.810751336852398, 13.21235314178011;
  -3.712493557799971, -0.6874295968543225, 13.09654871962782;
  -3.710387244524695, -1.893075446278031, 13.1482779831508;
  -3.847488660046084, -1.910350288674768, 13.75250060955855;
  -3.903059584537301, -2.370500620320149, 14.00726467025216;
  -1.414722929780502, 0.5152723674273296, 5.727549442841657;
  -1.421478733870656, 0.4288436296289917, 5.762418646824687;
  -1.427585070269438, 0.5232052903500087, 5.927406053344704;
  -3.805471266318188, -2.687530104334731, 14.29478254064119;
  -3.791455314647846, -2.526813241252278, 14.38851733306736;
  -3.826410227596202, -1.825154417369635, 14.50298765579812;
  -3.776620999910175, -2.099699209816603, 14.33606922225913;
  -3.760540467007009, -1.921571595573564, 14.27913492688322;
  -3.690237719981418, -2.557920732631787, 14.06864189669106;
  -3.814850515121879, -3.011164533210232, 14.53529777792947;
  -3.899788111793501, -2.990637852876146, 14.99280849913872;
  -3.827002315218244, -3.102345912162287, 14.81278119535399;
  -3.806812745992897, -3.234926641773956, 14.79514838596328;
  -3.841228463089053, -2.70682168160804, 14.92187085181691;
  -3.744978173127032, -2.89205944107364, 14.72257685297594;
  -3.663961766329725, -2.981161096481517, 14.48108773714582;
  -1.530626292199174, 0.9181892129862778, 6.598444729263144;
  -3.695601712579652, -2.514112742826007, 14.70755498756182;
  -1.522126203111638, 0.9409222966151661, 6.663298729095172;
  -3.632738073181749, -2.814367277459577, 14.86729414889952;
  -1.489827796014458, 0.5731320918519072, 6.662290125880612;
  -1.499590049098461, 0.7410081749000304, 6.771191901648466;
  -3.94996047024838, -2.641750451526476, 16.34465793739449;
  -3.790956906899047, -3.063517384214077, 15.88135936700293;
  -1.442427287158967, 0.7545642164997334, 6.733885526632974;
  -4.014599632734706, -2.667516360397829, 17.29443493299949;
  -3.870562246632684, -2.662330411107236, 16.99597984743401;
  -2.140345992153978, 1.016252275968933, 10.53309604938103;
  -2.150108811036621, 0.970832221736874, 10.6146223935268;
  -4.278086698038661, -4.504355822413776, 23.45831805340222;
  -4.334998570297182, -2.936519602262689, 31.83708032455125;
  -4.725443193467151, -4.624637384849627, 34.76284985966272;
  -5.02175847783785, -2.750521227830043, 38.89024822151153;
  -4.838014434019226, -3.008222062425759, 38.91856226574068;
  -4.543120418985614, -2.468915056994685, 36.52022278517339;
  -5.309917091720919, -4.495017841731024, 43.60572463170366;
  -5.342967903626767, -3.699245762280822, 44.84263321075929;
  -4.303985343129766, -2.635947613819448, 37.12276322058636;
  -5.923984209782966, -5.077000178244501, 51.36911763534813;
  -6.433984955838473, -5.248382401876705, 59.13943491375215;
  -5.670916840549829, -3.462952626853717, 53.41800944773875;
  -5.612683936997006, -4.362463761574912, 55.04661997398195;
  -6.03306962236931, -6.14164133124977, 59.96947112670354;
  -2.950855450845145, 0.779790863483628, 29.69096212602284;
