m=[-3.245531433221336, 0.5524676477552043, 5.472352501204286;
  -2.303770732547288, 0.7215149944204611, 4.197388180394171;
  -2.283054979522691, 0.6344353586582686, 4.174018312636219;
  -2.258793758031062, 0.6856820484442203, 4.17242500163899;
  -2.256099684651242, 0.4864814206902096, 4.182405035744699;
  -2.244716554469425, 0.31915420614357, 4.203182261028994;
  -2.203312178277093, 0.4759822748695807, 4.144514057854425;
  -2.247186066446138, 0.1051263677954923, 4.270026328028042;
  -2.127085168596255, 0.8302507521413546, 4.126198230510298;
  -2.13050476423297, 0.6242777082476247, 4.164262858431165;
  -2.098511561848013, 0.5905211192023656, 4.167055073356988;
  -2.09683556041598, 0.544003402080726, 4.176223703951034;
  -2.045949091031674, 0.5367475075341075, 4.163897602533403;
  -2.045806431923753, 0.6159371411004971, 4.163469310031994;
  -3.342752348221285, -0.792838304032737, 7.090401041727805;
  -3.314332500757813, -0.7442389679578668, 7.512938757706844;
  -3.442865893014568, -1.652987315906684, 8.415584615289534;
  -1.518524356298977, 0.1421164160757497, 4.270214286109455;
  -3.486637607442185, -1.594284368628575, 8.61600911999898;
  -3.461992301649218, -0.7889555990745268, 8.60766749029429;
  -3.534224591875896, -1.659371081421297, 8.922259246702129;
  -1.494970427967796, 0.03804365916932757, 4.365115684395414;
  -3.485013871318118, -1.676220062698439, 8.901613733457536;
  -3.502528605066039, -0.9614157606353065, 9.005205591673644;
  -3.456284607933506, -0.5618011606469344, 8.929729252151162;
  -3.416999403158656, -0.9051825024604492, 8.844741519168585;
  -1.452992954416911, 0.05166366684735651, 4.31309798219974;
  -1.417755580181864, 0.4376522955963663, 4.252958359874556;
  -1.417381490559685, 0.4899769224770393, 4.254740434278723;
  -1.422951821203603, 0.4014004378541272, 4.269881991105676;
  -3.436364314705354, -0.6232308235570344, 8.969264484319172;
  -1.442324934942503, 0.1689882027572204, 4.321958461520726;
  -1.434352120966456, 0.1930094962738762, 4.305824977324471;
  -1.396168769124691, 0.7281190166063248, 4.239466166973918;
  -1.392402686592642, 0.4649072235611853, 4.250954821785697;
  -3.434108414786321, -1.658655604701906, 9.06687341442243;
  -3.27527780637881, -0.840100059445319, 8.71119461156769;
  -1.383153052788836, 0.6926502345976126, 4.246781238173613;
  -3.425940877916173, -0.5667489460152135, 9.197663085712843;
  -3.473912029938023, -0.296224344550085, 9.369404667466819;
  -3.451308848994421, -1.634404732599975, 9.371474796550533;
  -1.358782645792777, 0.4326258484852352, 4.332126002014956;
  -1.362242166796516, 0.468759822684376, 4.343502057106814;
  -3.508966265822766, -0.4886793909125325, 9.934739504531491;
  -3.47222139141446, -0.7198922731728178, 10.08344419200319;
  -1.367645667066611, 0.9933763216781248, 4.582942458728989;
  -3.58390003512013, -1.664849950758976, 10.44687610742172;
  -3.603978920794115, -1.719805828965208, 10.62715476479046;
  -1.40138451344823, 0.4051563505825459, 4.806212187690904;
  -3.561931124913439, -1.676208817690767, 10.84050691496308;
  -3.60815566898534, -1.646081951440373, 11.03235348581126;
  -3.545906064098904, -1.773240966050301, 10.89545682044017;
  -3.606074136169116, -0.8091173142364875, 11.12094151728764;
  -3.670644016949308, -1.794692388273453, 11.98998959893592;
  -3.624157958685565, -0.6914853795374201, 12.22928627427963;
  -3.692666730272451, -1.775662655464922, 12.41218613054619;
  -3.597287997626795, -2.345536405992778, 12.26222305330655;
  -3.621471328825054, -2.285733995177701, 12.35750827311557;
  -3.62695546580968, -2.20777716481036, 12.37842732471713;
  -3.621234669145618, -0.7371860804897952, 12.44371859845899;
  -3.623447430079552, -0.7925890644208564, 12.51426375713222;
  -3.621404162056304, 0.0680493688755402, 12.61810877568053;
  -3.611445028536171, -1.783482530824209, 12.55741436356147;
  -3.588652898573858, -1.72480815360064, 12.6235015971761;
  -3.816356882328564, -2.251403257331879, 13.42833287944068;
  -3.616470894359601, -0.3338553325482856, 12.83180719559394;
  -3.684667526193193, -0.4062887310414, 13.07152510383956;
  -3.709957539365478, -2.400251481290755, 13.12618306906837;
  -3.705073437454327, -0.7228861641592665, 13.2300797163254;
  -3.656821845111856, -0.8105918657266685, 13.19277869113713;
  -3.750467690835146, -0.5098895212556924, 13.57255062385051;
  -3.765599081756405, -0.6747235076760192, 13.77204777691091;
  -3.714342615365254, -0.2435804433339697, 13.71751587450701;
  -3.681249081064609, -2.546339935949722, 13.60538491512498;
  -1.483179474246284, 0.957334147450014, 6.096681288374439;
  -3.716282713491323, -2.422451109337389, 13.87459703590776;
  -3.695706943955503, -1.997008319544088, 13.81853024320306;
  -3.671245189949977, -1.813163513580055, 13.73811776263014;
  -3.671001320903187, -0.2911899136798952, 13.81486788233497;
  -3.723651639789278, -0.706543269056351, 13.99606145240642;
  -3.7009626115213, -0.2288381480144246, 13.93112487807772;
  -3.714845181292323, -0.1206245532387348, 13.98658883027834;
  -3.677775044753681, -2.498879573493406, 13.79667902835997;
  -3.714398830313146, -2.88052892298658, 13.91750245768081;
  -3.579720439032581, -0.7696772987122662, 13.59685946628126;
  -3.729360512164401, -1.781578143491338, 14.11804758987624;
  -3.698367941537002, -2.785527960903103, 13.98710510739227;
  -3.737542644895397, -0.6174332299925234, 14.28218984365516;
  -3.63206224845465, -2.892166077275143, 13.83933259611755;
  -1.420691360494906, 0.6008753592909238, 6.056508931215332;
  -1.457474018197053, 0.8783861077400068, 6.213160857830705;
  -3.692663741534305, -0.1865804637353122, 14.26053931365977;
  -3.562567655629096, -2.710342070560446, 13.81868462196323;
  -3.649718240730874, -0.267458369665171, 14.31197215058734;
  -1.411174153855753, 0.9007832423443238, 6.140335117989816;
  -3.676077363997746, -0.6699076951631859, 14.47324722372766;
  -3.704807118734308, -2.461489788530147, 14.5239496641411;
  -3.686251044643909, -0.3969439566895691, 14.54118963205877;
  -3.563975673442776, -2.296451990607306, 14.02897203575155;
  -3.608170274480643, -2.700369866221042, 14.34104515502187;
  -3.813355218809771, 0.1328943386328279, 15.2539324593678;
  -3.518438904169945, -2.678718412588787, 14.20071486814473;
  -3.78591912434174, 0.1657370399704258, 15.46472038970762;
  -3.719046347231405, -0.270135782472631, 15.28898553318039;
  -3.765853911294075, -1.690119711933476, 15.43429920785993;
  -3.553113748716192, -0.02657399996322857, 14.71815577732984;
  -3.631117626078322, 0.06659741391330486, 15.03698683826591;
  -3.876652038280151, -2.046460471730412, 16.21404962575967;
  -3.73690219211238, -2.436817312622555, 15.69166867544564;
  -4.041566495094742, -2.052047041376495, 16.95718258958984;
  -4.036779873397428, -0.3070219552696119, 17.12574429666394;
  -3.883243356507592, -2.524513170422647, 16.6167925822686;
  -3.932033212810302, -2.177528010534191, 16.84829481562367;
  -3.934093469115407, -2.47203062000667, 16.8992468009529;
  -4.041158448527176, 0.07143115341358496, 17.53104541690495;
  -3.795140042354468, -2.642465798952652, 16.4029137092421;
  -4.104643128266576, -0.1426506476602908, 17.83807945451241;
  -4.054807999160193, 0.1755643214942679, 17.75693256740539;
  -3.798582234196779, -2.562047327270604, 16.58568000655515;
  -3.827776152586866, 0.5756264463819685, 16.89462601668492;
  -3.671296095273331, -2.350537788619899, 16.33404283357588;
  -3.806475343417624, 0.5394931425062413, 17.18165601240094;
  -4.534772987049498, 0.02594661684195292, 20.38573958202185;
  -4.834242474210877, -3.931063854596304, 21.78420785420157;
  -3.814460823421826, 0.1718774888268271, 17.79140112824225;
  -4.223823571529503, -0.3682324577059506, 19.79242129012584;
  -4.368182559110948, -0.2556297762892442, 20.70678237951531;
  -4.185139865547382, 0.005064162116748522, 20.05358310042232;
  -2.827819264103181, 0.8184777658681117, 14.19290777855726;
  -3.930968135019678, -0.08994270090219551, 19.57347714202583;
  -2.55793121909191, 0.3603007704962187, 13.33861734999638;
