m=[-6.128216063206583, 1.302025310312616, 8.379238641766158;
  -6.083240995863579, 1.31964680950042, 8.394349590642939;
  -6.335636030157184, 0.9070516739539766, 8.722862398738387;
  -6.214672916308254, 0.9429663907152864, 8.663879200143454;
  -12.25835507546687, 0.5461037214414833, 16.17554556096021;
  -6.450669204081025, 1.601238741221322, 9.03098321865167;
  -12.26855172366101, 0.6756524843207878, 16.31242418173385;
  -11.91552254071284, -3.57561549428971, 15.85689403584429;
  -6.296457403009254, 1.367813228421629, 8.87426165466063;
  -12.11973989925101, 0.5530230898830696, 16.18464459071344;
  -11.85156439646407, -3.509038528137245, 15.84989881731275;
  -12.2379022805945, 0.7964719481339903, 16.47994696733754;
  -12.27930481005176, 0.1638138650242741, 16.53268967912803;
  -12.37069332477373, 0.3909493750932321, 16.664189699876;
  -6.720663805088608, 1.785070552307178, 9.61354024098617;
  -12.26470064036894, -0.3328101720811442, 16.72027452724452;
  -12.23075206471187, -0.2005884424589808, 16.69973365369913;
  -12.29590564049913, 0.2769057910496878, 16.80414667652612;
  -12.30821297775864, -0.02914973734595359, 16.83962918845935;
  -12.35167174855729, 0.8125627773034572, 16.90691483177652;
  -12.36763505294461, -0.428087256068116, 16.95127793582265;
  -12.5194704799561, -3.529134107559322, 17.16145627785125;
  -12.51900784929072, -3.35380924928098, 17.28923135307348;
  -12.41114703008035, -3.585145809390586, 17.24441468823328;
  -12.26083862214625, 0.3456984495598138, 17.06917906286475;
  -12.38894761056505, -3.453763550428361, 17.24392620083351;
  -11.23943779310424, 0.8378798875871304, 15.9384979154354;
  -12.43243703610059, 0.4920989234744833, 18.01323281730267;
  -12.28887760058225, 0.546185272916634, 18.00547903531172;
  -10.40445011806617, -3.34710936523311, 15.40498381981682;
  -12.17170131479625, 0.6033002137860454, 17.91372721793315;
  -12.15336383573455, 0.4659264190867957, 17.95050400011797;
  -11.77455844180773, -1.844392563945242, 17.44987959986291;
  -12.27873011888404, -0.4432334977179076, 18.18038182170491;
  -12.3896591602811, -0.0299778082272729, 18.3344320262372;
  -12.33850076201619, -0.2683475609610583, 18.26917978754527;
  -10.29916328699139, -3.400193939625636, 15.41685671545912;
  -12.33442352330371, 0.09113234502637642, 18.27968428211331;
  -9.769764005028089, -3.308241568707048, 14.76517511323876;
  -11.97920504430655, -2.015763851365378, 17.90622853350918;
  -10.28255492808687, -3.601011356218524, 15.51529388423843;
  -12.07599551558163, 0.09791263558628494, 18.08803759611477;
  -12.13460676430495, -0.2357067972790009, 18.21188763236561;
  -11.88832961514389, -0.6476119017547731, 17.93042871241319;
  -11.98695309249849, -2.208912122524954, 18.11295664200718;
  -11.87655458349916, -2.080578003608328, 18.01941292834403;
  -12.05933873839555, -0.4005555045160524, 18.28977599734968;
  -11.97782891242793, -1.992243259417022, 18.20964454793493;
  -11.94408184723321, 0.345780267172106, 18.17027842757858;
  -11.65520109052097, -0.9172463940685697, 17.80580129135602;
  -12.94824136534471, -1.65364436490717, 19.68177439586064;
  -5.931556537769171, 1.759653007953507, 9.569854422697228;
  -12.06694684509795, -0.7737058646644996, 18.44014960418415;
  -12.0914428547557, -2.075128694059476, 18.47239663721071;
  -12.09834294655682, -2.182888803526727, 18.48245020480985;
  -12.18498071842703, -0.5039819626687353, 18.68986936589763;
  -12.08598135100163, -0.8631845134588352, 18.56504072849795;
  -11.97731111699529, 0.1111107726702866, 18.4236725098892;
  -12.20669058501361, -1.044472737424514, 18.7691986889982;
  -11.93025695377831, -1.111658380528151, 18.41268730727304;
  -12.11653528917489, 0.03601688548503493, 18.71163329922937;
  -12.26913652515909, -0.8751686775675864, 19.00507419032135;
  -12.15569298206965, 0.0710639516863287, 18.91912280071628;
  -12.21123246754161, -0.7070232225468467, 19.02231738239849;
  -11.93231146592908, -2.140075563869146, 18.62112298483037;
  -9.437831342778811, -3.510278349209446, 15.01078587183631;
  -12.03250713596511, 0.1987378675737546, 18.94426494996822;
  -12.087104420864, -2.032616972354165, 19.07116876623286;
  -11.94485085514173, 0.1010932894597676, 18.9596241312119;
  -11.93322110256399, -1.987501572362157, 18.99629180278506;
  -12.04565299600665, -1.787067696652656, 19.17821229441918;
  -10.61525436609539, -3.218148151056549, 17.01893663317122;
  -4.835334793060747, 1.809549704623582, 8.475637081362411;
  -13.57864878946298, 0.02337308755551424, 22.32574993263056;
  -13.68311832028796, -0.2236885994894192, 22.52012945696367;
  -13.43986994283206, -0.1239708249418757, 22.16624002244487;
  -13.45477509916849, -0.4144296231986843, 22.29354325150445;
  -13.43366701631034, 0.06947047056675752, 22.26816984348177;
  -13.61227343354218, 0.1571973411399346, 22.60376203845082;
  -13.46488195058248, -0.1901604926368402, 22.38222212295739;
  -13.75022782247221, -0.347930641476402, 22.86304824726531;
  -13.29216962078198, -0.4926708234308911, 22.25206033007743;
  -18.05965871065675, -2.952491816095977, 29.9081216699654;
  -12.93132960361056, -0.2540388217593461, 21.77082392148435;
  -13.24381059497575, -0.01800997669948864, 22.30460241248182;
  -13.15419378557684, -0.8552982493142557, 22.27130400664091;
  -13.14784908189201, -0.6572825124259819, 22.38312978965112;
  -13.19148519719624, -0.5189250150257125, 22.4561953959478;
  -10.34580173754767, -2.994464369188435, 17.93947922918323;
  -13.0457614118631, -0.05359163895692288, 22.3682836853639;
  -12.96451946264902, -0.8420235896866322, 22.26542671753811;
  -13.02693000058828, -0.36790883402162, 22.37570447775687;
  -12.69490697028303, -0.7900036523729923, 21.91715101975139;
  -13.10760950044777, 0.2002714001476707, 22.6508814738694;
  -12.87460675330801, -0.5024195615310011, 22.29810601918396;
  -16.30707354079485, -3.807829768100735, 28.1101317881831;
  -12.6495268141759, -0.4012358254024203, 22.09863767927305;
  -10.05650575445589, -3.133793196824052, 17.85904587381378;
  -12.675848879851, -0.7690983541403964, 22.27684397261199;
  -12.93542838120426, 0.08529319462630862, 22.72839155624019;
  -9.60366579129699, -1.504785549377803, 17.17873745018179;
  -12.60853739978247, -0.270050591111171, 22.30756574034988;
  -8.285993160430504, -3.250844353715826, 15.00853610855198;
  -12.62410582402012, -0.1055817425836207, 22.35781991058013;
  -4.991027196869209, 1.780815710082312, 9.518937402879519;
  -12.48146226844278, -0.1044711747868784, 22.40207593483637;
  -12.43436536817238, 0.02763285949310081, 22.40714321785263;
  -12.41358504790383, -0.2888059655832411, 22.46139531302978;
  -12.29972321131989, -0.1480303678126241, 22.31917992844341;
  -12.33610595061057, -0.0264142009149329, 22.4442328433185;
  -9.31941903773318, -1.124675335372796, 17.26499911096112;
  -10.18839636819937, -2.65056991565598, 18.829806753687;
  -7.828078946659455, -3.285606089016009, 14.7256628864654;
  -4.805720910211348, 1.79393710548754, 9.462174255024811;
  -7.339630246542478, -3.304856811809198, 13.94440822320421;
  -12.18534108787893, -0.01390575311073647, 22.54346908811923;
  -9.171366437100032, -0.8618003038581169, 17.21826843783856;
  -12.13221915468872, 0.1279820384690324, 22.49188698109658;
  -12.13711293079235, -0.5046251394582959, 22.56636171543885;
  -9.209702656203007, -1.140565882684921, 17.35973616220839;
  -7.395531287588955, -3.318685436994873, 14.22190325633312;
  -9.599760593622982, -1.846307988861553, 18.19263564063569;
  -10.60897839298707, -2.750232819592796, 20.02080875913035;
  -9.202133989964162, -1.260295986226574, 17.53269083480086;
  -9.10329219363307, -0.7824514274744612, 17.36582903480094;
  -9.207497138576597, -1.442810847185144, 17.55712871414514;
  -9.704735480466495, -2.020152666876686, 18.55036045548801;
  -6.350945066199454, 1.159119630260068, 12.60350345510984;
  -8.842897620822686, -1.479438463304146, 17.17201283284084;
  -6.097172333567097, 1.290532511110694, 12.17063939440585;
  -8.671883178891862, -0.6466138044224291, 16.92356671142229;
