m=[-6.924196816421977, -1.289619186172893, 9.359343632394719;
  -6.893838176235068, -0.1695448909131243, 9.37964059263933;
  -6.417702623390777, 1.53825321507829, 9.239995913052066;
  -6.518313162455812, -1.471016320181561, 9.617747557549702;
  -6.514590800755521, -1.361911701218996, 9.650737720982546;
  -6.423913623619403, -1.391041209019788, 9.557595687350279;
  -6.42903464051787, -1.458232704853512, 9.586930988550682;
  -6.453587749789981, -1.528983998054144, 9.622567010736352;
  -6.582480616994599, 0.1661083033147252, 9.805690606619626;
  -6.620297422285542, 1.009634204641164, 9.919332167548641;
  -6.418178986421715, 0.4148068054023593, 9.651404495090905;
  -6.469087953042298, 0.3523794399796263, 9.72659798656005;
  -6.411784305346031, 0.5523430209547081, 9.658300675547283;
  -6.378940112872798, 0.144467910017878, 9.657079893470106;
  -6.461873032779744, 0.4860857988094737, 9.786099780454087;
  -6.380053454386915, 1.122773782875614, 9.727156978388997;
  -6.383613957573203, 0.3447925881910688, 9.734157657555569;
  -6.401930296777425, 0.7983623923205132, 9.781235589422908;
  -6.350990804009687, -1.593063902802411, 9.740638867330311;
  -6.350753531076459, 1.430040824776081, 9.777983330968043;
  -6.329267057678654, 1.083477740304165, 9.792928854533459;
  -6.335660724756656, 0.9102993461001386, 9.854141274085023;
  -6.342852010312251, 1.000252195561889, 9.880412497552475;
  -4.41220232514464, 0.8972254481309262, 7.330924230518765;
  -4.437242985983116, 0.7949065648906354, 7.369626611367053;
  -4.40969123990384, 0.6469864317915739, 7.353348470553786;
  -4.411950331440977, 0.8172184027785512, 7.372816527612563;
  -4.428433319085464, 0.5868277498301495, 7.400745858452481;
  -4.397325181061722, 0.5635543683232142, 7.382477181736599;
  -4.442480042813551, 0.1409038118988458, 7.57668975174526;
  -4.262220174375401, 0.869716312603775, 7.311201920613323;
  -6.362043008166247, -1.544888197993992, 10.45776537709595;
  -4.311289421956422, 0.08012410197071369, 7.44290703172584;
  -4.337107629134218, -0.01424149656320514, 7.485472705105835;
  -4.170559193161927, 1.17470067836172, 7.304367470445135;
  -4.165826605087522, 1.069443776045589, 7.323077580377948;
  -4.144223876683569, 0.8725234272480954, 7.295392191987129;
  -4.252722231025206, 0.002155729190878618, 7.487352242227101;
  -4.113834524258807, 1.1526391201218, 7.307418213751221;
  -4.112120709208266, 1.107678361846282, 7.316388857358322;
  -4.064558247230966, 1.000750231969711, 7.264588354251496;
  -4.068813927100153, 1.106063815549681, 7.303703129929289;
  -4.015099974608824, 0.9995436942418153, 7.319277638895997;
  -3.984190966095563, 1.065256912966756, 7.292724523976184;
  -3.952535912653011, 1.12870845894185, 7.276687586177636;
  -6.954251406140893, -1.375121691291427, 12.07211417726929;
  -7.029404916582672, -0.9789297348066178, 12.2922741560588;
  -6.802945966283534, -1.505269395596596, 12.10264611211536;
  -3.827432561709283, 1.146022895346841, 7.266924370125495;
  -3.881010390347738, 1.078128024749498, 7.374849148066979;
  -3.822612984261871, 1.102301413918351, 7.287181213783177;
  -3.800190170868657, 1.07259627405675, 7.316786114125828;
  -3.634407860483566, 1.115605376768851, 7.266427457356947;
  -3.667315792081334, 1.102458489420925, 7.344211136124025;
  -3.639247416710055, 0.02774986718492288, 7.412091995871399;
  -3.527702843248649, 0.9198372498694808, 7.220850731886907;
  -3.560963770004926, 1.203634747601, 7.293065769018748;
  -3.565222302040427, 0.8924510571138774, 7.320228468557149;
  -6.627773262630166, -0.3577333012944299, 13.0374564894654;
  -6.544633070863441, -1.704645605821739, 13.13817844801282;
  -3.435427020173082, 0.03295179185803859, 7.417695514811951;
  -6.615701334447675, -0.3490303461255047, 13.43327700722484;
  -6.390413375613646, -1.517364066828612, 13.00847293175023;
  -4.296555582531411, 0.3686457442005052, 9.325218957435101;
  -6.601580505493391, -1.582089280667082, 13.9003254622591;
  -6.32527115484603, -1.568395573596579, 13.65784163963348;
  -7.077518792274561, -1.013017819594961, 15.32146864450138;
  -6.977269874470168, -1.545983794409481, 15.69847867557279;
  -6.926335958514448, -0.2624076349059746, 15.61366126459832;
  -6.677953900869688, -3.40543222976236, 15.66466466223733;
  -2.982131107921834, 0.2222386697831987, 7.564468115236656;
  -6.623669455945867, -1.57445387048105, 15.72272323953905;
  -6.736811286606565, -1.710752949975874, 16.0950377331643;
  -6.669727166338163, -1.751106094840531, 16.2118149145059;
  -6.849335241521916, -3.423168461415978, 16.6582505914357;
  -6.865287114797512, -1.942470856765416, 16.88461223832706;
  -6.759098042707342, -3.463495113182806, 16.63645212427607;
  -6.696169016397729, -1.253332898480804, 16.66795607102688;
  -2.805213939293113, 0.2485128111003334, 7.539072272327029;
  -6.686731627976609, -1.946603722499003, 16.65725274564672;
  -2.811651881699906, 0.03637700934909279, 7.558873663404027;
  -2.817428474306565, 0.1288133644412796, 7.591428617407721;
  -6.634487567564655, -1.818713257526348, 16.59741446175585;
  -2.860851875814873, -0.007540591783558398, 7.711305622220387;
  -2.74410203710514, 0.90925036020813, 7.445477097572516;
  -2.763838280166406, 0.7328136843686931, 7.494496361240572;
  -6.124269540216665, -1.424933459741485, 15.47218862327788;
  -6.642643219716773, -1.372284885117659, 16.71295829246236;
  -2.801038392011868, 0.06850259889169139, 7.594268509021747;
  -2.78715685543772, 0.2683810046256808, 7.566328846188682;
  -2.811017025014045, 0.3235689629810949, 7.628777740007034;
  -2.703548604071615, 0.8641164417502879, 7.390175746552802;
  -2.760295411865333, 0.4785904856257776, 7.535203666600972;
  -2.680939001667366, 1.36439721818727, 7.358653732691542;
  -2.730731193645575, 0.573787640880764, 7.469582536957032;
  -2.720426109726617, 0.7683326942331884, 7.473851984482706;
  -2.686842687547535, 0.8523541319081321, 7.414286313085111;
  -2.754727821367248, 0.3473990334932199, 7.576838887998684;
  -2.71662433230897, 0.8288661833864482, 7.498576405791331;
  -6.662556792153747, -3.428760659722991, 16.97219894250691;
  -2.742872012936991, 0.4456288781061337, 7.557371048347312;
  -2.751245574284729, 0.7031333990924161, 7.583168279597127;
  -6.58057444743545, -1.473764820619765, 16.81856066685822;
  -6.240668492334384, -1.771665415640255, 15.99340780004732;
  -6.765013099396525, -3.338413625565702, 17.26198210426948;
  -2.672095751030915, 1.305731878285442, 7.415987502058249;
  -6.610838738527213, -3.64648996941786, 17.00808564948623;
  -6.582970544634672, -0.6241177922671028, 17.07221785885298;
  -6.625148274256647, -1.257180861396154, 17.17482800745298;
  -6.747871208766317, -0.7396580242753936, 17.58804154153618;
  -2.662632511361358, 0.8181319591716271, 7.528409484531745;
  -6.143392660294343, -0.4366230724712863, 16.19453131112493;
  -6.694788092290492, -3.389090971549394, 17.58166352938547;
  -6.677519502563825, -0.7290131088085993, 17.70665385004845;
  -6.717692602571039, -1.237392310799391, 17.88347411621259;
  -2.619846308936498, 1.579790655782249, 7.58361238439641;
  -2.615124543766938, 0.7873114915791496, 7.562746433041563;
  -2.596954988794871, 0.8191729024107997, 7.623610429615019;
  -6.727651199698596, -1.105669298145488, 18.49178782976783;
  -2.655470157441085, 1.536365103528352, 7.95526218446841;
  -2.636594175839974, 1.890969564737918, 8.073053361764696;
  -6.854165096687094, -3.414855271598199, 19.46043475386192;
  -6.661202096402461, -3.503703162386812, 18.95502153813813;
  -6.736137866980039, -3.623949668413921, 19.18028317033521;
  -6.600708140318895, -3.663725854016049, 18.91713742464034;
  -6.951774364472979, -3.56167935636674, 19.98497155232861;
  -6.834013964391815, -1.199343378888845, 19.75028350407981;
  -2.628608544965581, 1.560383818218544, 8.21740476301644;
  -2.627448740612415, 1.708069960803488, 8.238439710526682;
  -2.632541133362725, 1.58354754498553, 8.331032068219884;
  -2.637912195158007, 0.7207066314290579, 8.347740170934316;
