m=[-2.220189466352341, 0.3850970938412013, 3.704783788184979;
  -3.539940351999912, -0.4929795496400557, 6.190270416806833;
  -3.345541088047958, -0.8017693170639254, 7.044390344483333;
  -3.281362178873754, -0.8136368846053204, 7.085281232094678;
  -3.577301162034785, -0.5120254611198797, 7.744169841821036;
  -3.571783159378761, -0.7056372698999561, 7.859091230832343;
  -3.351943078357326, -0.7967607363942992, 7.956567531973096;
  -3.403465782542285, -0.8642796836541694, 8.13128167957702;
  -3.373090874800691, -0.885589446465672, 8.198824867689504;
  -3.448477294928068, -0.9757154411178006, 8.481247901786086;
  -3.376669599356137, -0.9829970720306688, 8.411589111740197;
  -3.391618390574837, -1.120512154222926, 8.459233883312091;
  -3.319019916301636, -0.9098435202867611, 8.303150559358349;
  -3.29425148388057, -0.3123211549181052, 8.543282798142901;
  -3.239437884259043, -0.2302332604013136, 8.539447362064568;
  -3.410022287042454, -0.3947030373117524, 9.476706951941798;
  -3.450380040734935, -1.719034821150705, 9.796363920560371;
  -3.395797509543844, -1.826892427341214, 9.669095126666445;
  -3.42351424897562, -1.800722681434686, 9.741903246037611;
  -3.433694258259785, -1.916692708119398, 9.839866535924852;
  -3.516899572682465, -1.801852009244226, 10.11038825880881;
  -3.44280259556203, -0.6041987211795395, 9.949691011054759;
  -3.433543360916644, -1.848131576095467, 10.31455697229177;
  -3.408656409312994, -0.8696100260841281, 10.27881449318681;
  -3.445741825125878, -1.809596920860459, 10.51637164327828;
  -3.34080707543245, -0.9323349661579303, 10.26088586216859;
  -3.513704477450662, -0.7951096652537407, 11.0103315541634;
  -1.341983632783626, 0.5160570739835579, 4.897648707126135;
  -3.606754838916265, -1.906722654002367, 11.57240931380302;
  -3.506478603177732, -1.766423596730675, 11.54227868437875;
  -3.431658351525251, -0.7636317086018892, 11.39100139131519;
  -3.453001164931365, -0.1174072705125519, 11.47266704127579;
  -3.476809141868866, -0.2753090485903057, 11.54942206191896;
  -3.41275251934072, -0.3470575967950916, 11.35569419590473;
  -3.45363769230056, -1.826221645590272, 11.60803550475915;
  -3.512643281166007, -1.774184357931309, 11.93498107538339;
  -3.441784540000988, -0.6778078279591484, 11.76188220683166;
  -1.461397656314302, 0.9122820234249638, 5.585266712719456;
  -3.471058420589065, -0.6203746805016999, 11.99793892482915;
  -3.49036542263671, -1.822330080451003, 12.11311516268368;
  -3.534929427265828, -2.239564820456773, 12.30802292001547;
  -3.535544820657965, -0.6398220227705082, 12.40256441818609;
  -3.540239011695706, -0.8096223277155253, 12.48214433163295;
  -3.492909497743519, -0.8989373091331742, 12.44452500637154;
  -3.542093854221184, -1.941518619053658, 12.58713497858566;
  -3.524455176300557, -2.252648357976248, 12.54016971774467;
  -3.459090831830078, -0.1795619103743431, 12.42438930247014;
  -3.554913551852544, -0.7633222378901952, 12.86646176806294;
  -3.498986599353054, -0.5302738485283464, 12.75605664762178;
  -3.53388555512993, -0.4717956618045802, 12.90206799446526;
  -3.609978251335217, -1.955786692482864, 13.15419009255252;
  -1.366683083323381, 0.8526984322253647, 5.643941584441243;
  -1.398122247300355, 0.9204757781440122, 5.770598081288628;
  -3.591528603392563, -2.514614304605199, 13.29168382654445;
  -3.553638839442038, -1.789592326159547, 13.16697076725551;
  -3.525414916366503, -1.903669230505296, 13.07230632135426;
  -3.523196982662983, -0.4032015199036624, 13.12535168423655;
  -3.524509582511866, -0.7953059235525242, 13.12466210114267;
  -3.495338537767892, -0.3249763866517311, 13.0319924657431;
  -3.505192306067062, -0.22450175108182, 13.07309931698765;
  -3.506900260598342, -0.1468351391411013, 13.09381798550309;
  -3.660581495101059, -2.67802214308549, 13.60669990586106;
  -3.514441495820983, -0.7088543834863126, 13.32365768190351;
  -3.615363567437467, -2.67395636455583, 13.73592400953053;
  -3.478376538907788, -0.4378588146146117, 13.30951008420128;
  -3.514122194193903, -0.3003069098395824, 13.45608689119875;
  -3.462907737969026, -0.2117324789676961, 13.27763708898316;
  -3.499557062377079, -0.1256853842708674, 13.41224534795901;
  -3.408689446982139, -0.7515706860540484, 13.34117847541996;
  -3.50652546448915, -2.507794792377078, 13.65159945324629;
  -3.473596306265102, -0.5021465656802144, 13.61422847804846;
  -3.46359656110651, -2.413696847018162, 13.55209460470893;
  -3.42062789542436, -2.75116975289098, 13.52536782749855;
  -3.512938171613197, -0.7683878170274403, 14.0515725340642;
  -3.346812991782949, -2.738133004492383, 13.43556426875187;
  -3.496668129829632, -0.0002035232855756345, 14.14185091966013;
  -3.483253127889424, 0.03886889503628437, 14.15622747730517;
  -3.520552940870089, -0.3718010974093396, 14.41692620987653;
  -3.555116420598037, -1.76510003160067, 14.53447435260569;
  -3.490569723589055, -0.05219384672243733, 14.38021427236791;
  -3.583176707566279, -2.535262059338816, 14.65741858820109;
  -3.488979571695393, -0.9260597374614681, 14.36180754178453;
  -3.453942217545253, -2.936560458417661, 14.24770610907398;
  -3.6255060584548, -1.927963324161867, 15.01703274656615;
  -3.585561993498089, -0.2158054273163069, 14.98758493342106;
  -3.689291399312427, -0.5367710755883191, 15.39172854020573;
  -3.744614076822869, -0.4757626012278785, 15.65376702834076;
  -3.458342801629955, 0.238301593802965, 14.55978574444421;
  -3.51527996399773, -0.9114737074166203, 14.7631286936612;
  -3.624488258736489, -2.018003206653752, 15.22399399823871;
  -3.725438491857363, -2.154541597049985, 15.69730299788823;
  -3.650207667389737, -0.4052810259712746, 15.49785658620001;
  -3.586977523118793, -1.960869753520401, 15.32252538889529;
  -3.76105612426346, -0.9978269379203704, 16.11281471598316;
  -3.627717456809334, -2.563201619071857, 15.549047376152;
  -1.98714360658213, 0.9634627533665534, 9.033261065441311;
  -3.446534220118452, -2.346768158096025, 14.82960508979541;
  -3.553272048347744, -0.2559100876908911, 15.4839394032049;
  -3.538254221405432, 0.7805496865518652, 15.53530327303873;
  -3.58203337379945, -2.629334289393925, 15.65972225641239;
  -3.786825099012599, 0.04162118029424135, 16.63468301625131;
  -3.590891561997571, 0.4217178560205169, 15.85434846691964;
  -3.536899057782724, 0.7339375416674197, 15.83249615628856;
  -3.442931926002082, -2.404363793846469, 15.3348394901021;
  -3.513836323735445, 0.6282747505556284, 15.75782662980753;
  -3.474505231372564, 0.8010629012613199, 15.6118545736211;
  -3.480777637928021, 0.374746874729635, 15.73317244470597;
  -1.972323939966371, 0.9864759017429446, 9.414145645816728;
  -4.213414496873864, -0.136249243869679, 19.02157665723443;
  -1.987666980444574, 0.9452984292746447, 9.526743381502554;
  -3.91201020868936, -3.446201577979945, 17.92441472053088;
  -3.322792019718992, 0.6626090890207549, 15.53823457330236;
  -1.922211537591175, 1.011826730115937, 9.426903207667031;
  -3.267119525758838, 0.0273227596794091, 15.33514153867307;
  -2.604834236536777, 0.7586358499809093, 12.54934814043676;
  -3.802855481567678, -0.4860658150823692, 17.943874286366;
  -3.963560671416805, -0.395031657736221, 18.95327540440766;
  -3.544430224890264, 0.7850398689233682, 17.11469801345318;
  -2.866325453823816, 0.4770019490970416, 14.02133898949922;
  -3.729155628608884, -0.1406281865207131, 18.00389469761271;
  -2.034583891304572, 0.9818509886150804, 10.35035448907101;
  -3.656137505986523, -0.5997832559845867, 17.80586445757301;
  -2.554271247299554, 0.6577480090944469, 12.7965625943837;
  -2.628958974274434, 0.5863768850483075, 13.29699398316877;
  -2.388112991546941, 0.9166033899758898, 12.23422139367666;
  -2.406368258752742, 0.6962742267677671, 12.40010678933271;
  -3.567678965424774, -0.2219455396817336, 17.89784593634133;
  -2.017487551299684, 0.9144974986467078, 10.6302482410852;
  -2.378379262593195, 0.2439917477344276, 12.37534953920413;
  -2.370019062598534, 0.4089732080380076, 12.39064314124538;
