m=[-3.340160541995544, -0.8810791049150446, 7.168235121161918;
  -3.211498450988247, -0.9079989786576038, 7.279819516562782;
  -3.202359583482632, -0.9867767569847424, 7.449563000032585;
  -3.276910302586177, -1.080573710647716, 7.735248199288418;
  -3.281348951034697, -1.199056961176538, 7.788880818443498;
  -3.28438425891707, -1.143511746642183, 7.81107166970873;
  -3.215984027543446, -1.087001228058072, 7.683513693952248;
  -3.133403887999724, -1.006086503477064, 7.516995375285624;
  -3.202268720811994, -1.087904828089734, 7.764227959501793;
  -3.156150656018948, -0.4365478380296223, 7.858323133292639;
  -3.182002446812665, -0.7435523632698217, 7.922793906180425;
  -3.249958197643983, -0.5024429242066205, 8.14884823234649;
  -3.281139565934729, -1.825061653448281, 9.043762326339778;
  -3.221121786791863, -1.923540150220741, 8.899160295099978;
  -3.273500140310659, -1.913939997143394, 9.03155345206266;
  -1.256487434806329, 0.4280723731913991, 4.062859168860571;
  -3.267272719812412, -1.916292830778726, 9.112828670415722;
  -3.316850049805732, -1.894602893406596, 9.271473544144726;
  -3.272768987410717, -2.007237478024321, 9.198050993397141;
  -3.331848668607088, -1.961903728800931, 9.416839587724361;
  5.116412576634768, 3.096969507909063, -12.65692420845794;
  -3.214129381577649, -0.9935296825621164, 9.435754291172328;
  -1.272101422226776, 0.4464529748177539, 4.359622192138501;
  -3.116371685355429, -1.043095131355203, 9.323286253341523;
  -3.300125849754188, -0.9257940485943859, 10.09887354920174;
  -3.306818274380963, -0.8722610618734376, 10.4148024529729;
  -3.308556323026966, -1.962781114999242, 10.40715604129463;
  -3.305637741321158, -1.010552222820183, 10.4839535112351;
  -1.317002766563103, 0.2456622662500679, 4.740085079881742;
  -3.302031302632612, -0.2850299379303963, 10.72233510038163;
  -3.270666853728451, -0.9171432305424659, 10.62972469789275;
  -3.287272805369066, -1.947106109916584, 10.70794151907208;
  -1.34495647539363, 0.6944393784826127, 4.967138098047484;
  -1.254890231501186, 0.2416868290131422, 4.736572737738942;
  -3.302462056744774, -0.9780778861108757, 10.9573915697321;
  -3.295654033487966, -1.885725754270908, 11.00782649035691;
  -3.362015918318487, -1.054610307010146, 11.2236206530494;
  -3.307233300865307, -1.998430492972918, 11.14764872730208;
  -3.374779595266416, -2.120541100993286, 11.38467554694648;
  -3.251229941747085, -0.7619601549458189, 11.03354763284578;
  -3.259001847015848, -0.6812475974234171, 11.06321096942196;
  -3.289727000065696, -0.5054209346533325, 11.16768147909198;
  -3.312894913393425, -0.6292984069475274, 11.25704856469232;
  -1.335469659336229, 0.6803957081647637, 5.117024737185021;
  -3.260470062922876, -1.92743255166018, 11.12638310960998;
  -1.317088371945109, 0.5489500186846213, 5.0765053180065;
  -3.353763814550951, -2.365007640247867, 11.50352065831366;
  -3.297749089555923, -0.5804085896697435, 11.32911422324559;
  -3.230116080647649, -0.6627616490268345, 11.12300820125634;
  -3.341641896811878, -0.8000005627107432, 11.522391093946;
  -3.31559006060981, -0.958688748153261, 11.50308954250173;
  -3.313348684930942, -2.05223554528153, 11.6147089043139;
  -3.389462691109609, -2.414893571453995, 11.90478431475031;
  -3.338999592724968, -0.7679887456024773, 11.76791487015157;
  -3.338564841742129, -0.3806064367255015, 11.78802538499543;
  -3.354586343950519, -0.9284483707814694, 11.97289731975418;
  -3.321907769253871, -0.6446560860614305, 11.95610007744547;
  -3.363817005213236, -0.5276101502073393, 12.11014325406631;
  -3.310376662514445, -0.8202225675716025, 11.95589812168696;
  -3.168845563174351, -1.043688667967101, 11.61102534037564;
  -3.398991960762762, -2.647893448198395, 12.44951794993755;
  -3.270899843965622, -2.006181046013623, 11.99732426114283;
  -3.30494564464693, -0.5052833396139741, 12.15062635058742;
  -3.315526555376914, -0.9575115324168438, 12.1887775016821;
  -3.282468010526778, -0.3238897512383212, 12.08406414764472;
  -3.397264267481943, -2.75834677837849, 12.52036606688236;
  -3.351137248088326, -0.288171572761796, 12.44257922496133;
  -3.333784235215897, -1.990335665146332, 12.39789005081234;
  -3.317819085854651, -0.5336660901678566, 12.38601411805279;
  -3.296111518435236, -0.3750283023044883, 12.31230694767951;
  -3.312066422661703, -0.8810213890367641, 12.4071766452771;
  -3.340256471534953, -0.0153949767529684, 12.56709088699572;
  -3.417795516032922, -2.796290307645398, 12.86552219059458;
  -3.293505358809726, -0.6224805140475684, 12.4470231699707;
  -3.294529954633687, -0.4781681460742331, 12.46195611391071;
  -3.269737328705866, -0.3956928419374867, 12.37815540169679;
  -3.264455174808897, -0.3143003465760851, 12.36531902410845;
  -3.266545611768738, 0.2870509093981988, 12.61511610309758;
  -3.265208098721833, -2.614612337191227, 12.64643184624373;
  -3.280893826762222, -0.6871267066052775, 12.71767084023999;
  -3.365624369768013, -2.628977046746091, 13.06610894333052;
  -3.30699745814364, 0.1569852670410438, 12.92222396385405;
  -3.207998831485653, 0.319006725721414, 12.57365318761687;
  -1.364807441992165, 0.8897074401822889, 5.902559578327584;
  -3.243623504080253, 0.07406517081054001, 12.76002695395378;
  -3.236204060396364, -2.890032634047856, 12.71818920364266;
  -3.287131553471038, -0.8280335912617824, 13.0003107522148;
  -3.268961503183152, -0.9392320062394709, 12.95340620510271;
  -3.180487757837868, 0.148034261227616, 12.68432906143458;
  -3.172006093847135, -2.880027228795544, 12.65599683176358;
  -3.207427601265174, -0.1609120640060791, 12.92870425065499;
  -3.310917164507535, -0.8471000174823958, 13.32788015447086;
  -3.284478969775636, -0.5488897966860095, 13.33783039040885;
  -3.344296705115127, -1.921648274252984, 13.59512812410205;
  -3.363780767542324, -0.2644223247122478, 13.73222332531315;
  -3.263419426830802, -1.097449881784503, 13.34772984347094;
  -3.452161253742049, -2.114713387882053, 14.24701855736398;
  -3.349873226971243, -1.108720736159228, 13.99652369127649;
  -3.473937791055973, -2.296916196874298, 14.48052387285427;
  -3.449705063160101, -2.20394251962943, 14.4564949931962;
  -3.493821039891433, -2.311348216672985, 14.70971604153172;
  -3.407368142741845, -2.407109620810142, 14.37029888460132;
  -3.378053012728651, -2.12540415366055, 14.39968553920099;
  -3.457639875351724, -2.37257151657965, 14.79345291506047;
  -3.480823614713065, -2.77254347171066, 14.91103117000897;
  -3.453260322014946, -2.385521872467659, 14.796629565662;
  -3.362928282355292, -2.595866073560094, 14.46437063507899;
  -3.328919103130986, -2.750841038568712, 14.57559236621525;
  -1.898025964235079, 0.8401621186876072, 8.822284175670244;
  -1.89176036225902, 0.7915410335094116, 8.83610577701366;
  -3.263170812573967, -2.57743313811197, 14.54169439463251;
  -1.81288949870919, 0.854336612456976, 8.638441713710796;
  -3.265074975823669, -3.076054248805852, 15.1232850615822;
  -4.217241665286582, -4.126212598814846, 19.36475602870757;
  -1.938466026909183, 0.7838720999433274, 9.49741192440559;
  -1.918765803779488, 0.8085582685257422, 9.566812202571549;
  -1.912305605202164, 0.7457406643641668, 9.90875180232719;
  -1.913923436208528, 0.7958870315854724, 10.20722968705016;
  -3.485216768448837, -2.863354354329579, 17.84102726238814;
  -1.785328116336767, 0.8288806642157252, 9.725275442805589;
  -1.834243925674172, 0.8115115663196666, 10.04625118342559;
  -3.468998192782596, -3.165261880507042, 18.34111334207753;
  -3.420457255540634, -2.90618165950409, 18.0822581635609;
  -1.184770584984446, 0.8446449238014566, 6.964529973903048;
  -3.50311077588453, -2.677670625260711, 18.84443286370015;
  -3.588190409957472, -2.704402250351087, 19.77632609403145;
  -1.980031220557703, -0.5785833819181812, 11.35796759537573;
  -3.430640979608039, -2.649642429764399, 19.37546005379156;
  -3.563624304421829, -3.101761636312365, 20.13893318837261;
  -3.373002701091955, -3.229613110540125, 19.30473642026229;
  -1.899776618857356, -0.6410245466985851, 11.26310732218058;
