m=[-6.409985557869235, -1.645587653422657, 8.605598194814416;
  -6.457776712235583, -1.779800181912395, 8.689048101770144;
  -6.395396574286258, -1.675629374061433, 8.62031935701603;
  -6.412062822853962, -1.539149351107611, 8.646589395851523;
  -6.399990126073113, -1.582061925401653, 8.656159209630953;
  -6.332764445253374, -1.697812107442912, 8.592397125980222;
  -6.369863911944911, -1.639214031988411, 8.638942861085935;
  -6.38071176207296, -0.007360397393816965, 8.665632859663951;
  -6.350675158566796, -1.497801410480579, 8.632533204243329;
  -6.353328648661098, -1.42727948102399, 8.638637516914463;
  -6.359694251767698, 0.2992337276175753, 8.689623307658534;
  -6.31827591905212, -1.729321443209786, 8.639849709444651;
  -6.381665948246044, 0.2382041778787207, 8.733562064754585;
  -4.394908169505836, 0.6733817325636912, 6.419190398336132;
  -4.388040271205076, 0.6126644484834015, 6.413499245275395;
  -6.270899847937622, -1.775634640915169, 8.767251927066152;
  -4.343607852855065, 0.6861197683991291, 6.382576154688302;
  -4.35120497382399, 0.4405965431092765, 6.42659967626957;
  -4.239674767456495, 0.7535837120229608, 6.3894586605587;
  -6.377322697327202, -1.754770497209338, 9.631761869898913;
  -4.153074845082002, -0.1987377260382493, 6.674367528825605;
  -3.808751959103873, 0.9563753922364384, 6.373909517618244;
  -3.622138742525629, 1.012265796070036, 6.366176807261931;
  -6.926634070823443, -1.200424428804229, 11.30734969872245;
  -3.568840522790123, 1.080838649736678, 6.345018699375613;
  -3.577714644388323, 0.9748573237775104, 6.370062014479517;
  -6.701335893606737, -1.717662233085915, 11.11748841232646;
  -3.532981927939259, 0.7530907039151102, 6.383059104173659;
  -3.529501621832213, 0.7823502467476901, 6.380621031908869;
  -3.506591399908997, 0.7519437000540464, 6.384120166767368;
  -3.392857366608718, 0.6711218639694402, 6.275941124594543;
  -6.624171665563002, -0.3518477068112926, 11.40508651546885;
  -3.389695122401901, -0.08128677938188358, 6.465272432287026;
  -6.549007919357508, -1.826487231118566, 13.02810683683844;
  -6.317564114273094, -1.816621552356034, 12.87421934156232;
  -7.005451315292659, -1.276201995508792, 14.42836555740762;
  -2.853555834289319, -0.1045777859280116, 6.730305528505393;
  -2.736025777582912, 0.4597999905553533, 6.5444641297187;
  -2.770984287204918, -0.08051415548525923, 6.624631170292043;
  -2.742989481358953, 0.3497818085272171, 6.580494783609966;
  -2.800620766741033, 0.05561503640856814, 6.703175953862409;
  -2.727350591515147, 0.6240774815051028, 6.559965947023808;
  -2.70465582503933, 0.852896696794914, 6.530729749044214;
  -2.74374310226008, 0.1621879035550305, 6.624380887267709;
  -2.713023378931691, 0.4208845326484625, 6.57722539979488;
  -2.699579797335408, 0.472918668192242, 6.553851209167644;
  -2.722377895073529, 0.3727533034742093, 6.60365941817428;
  -2.718100432840959, 0.2674296121614638, 6.595109835347586;
  -2.701724530773425, 0.670466236828026, 6.586069096762715;
  -2.730566148160296, 0.08391935078639788, 6.649142303014607;
  -2.675604140240194, 0.7625176814117147, 6.546565727673396;
  -2.694519138348259, 0.5583973152559532, 6.606939628377374;
  -2.709644514204542, 0.3395843074124107, 6.638085821399816;
  -2.670675501869824, 0.6470998689201706, 6.572693837571356;
  -2.646676185804402, 0.7776957816115792, 6.574687555485495;
  -6.537173748629719, -1.848279604567932, 14.8184549252366;
  -6.636256289921843, -1.976727234016332, 15.15883179897098;
  -2.602487508491298, 0.7610005993271691, 6.608520139381767;
  -6.577322200610096, -2.026739503033383, 15.30064779660732;
  -2.582204641752979, 0.6869737835714511, 6.644384481647435;
  -6.684760397616243, -2.204325318865856, 15.77958383161321;
  -6.815314096737838, -2.490423887322701, 16.17739229563202;
  -6.557468465640821, -1.515937460224775, 15.64536169788315;
  -6.57333101408889, -2.221783075895674, 15.70476669942064;
  -6.477797135782398, -0.6490379073958171, 15.51612573001602;
  -6.397192995359123, -2.054037641753699, 15.34678320438988;
  -6.51151076455274, -1.640587723798317, 15.71172479316155;
  -6.536682422687357, -2.220703191182431, 15.84885493799031;
  -6.449220151928594, -1.741546491244436, 15.81791546653835;
  -6.431251492043683, -1.155848477719755, 15.86368139561364;
  -6.298628919376738, -1.682929484660194, 15.66495986560914;
  -6.365321908382269, -0.880429301487117, 15.84865928630579;
  -6.661114646885385, -1.029807067697943, 16.70188015189832;
  -6.372372915561724, -2.067251227557076, 16.26503479121245;
  -2.60091873989684, 1.454010861322442, 7.312913856351041;
  -3.032428675431047, -0.1949319409435121, 8.394872934017776;
  -2.652957135114587, 0.06744373313122001, 7.592677691973194;
  -3.030880839559419, -0.2211478318052329, 8.551755502804003;
  -2.604017770065715, 0.7411891007448151, 7.531453097219156;
  -2.564905250679131, 0.6656993588229212, 7.513585370480084;
  -6.818267632483529, -1.953875146561789, 18.62040681734739;
  -2.478218176445022, 1.388317082303517, 7.3785106902395;
  -2.477303567145713, 0.5910466243418042, 7.411487751829607;
  -6.696814414310472, -3.724955596131713, 18.45834250253134;
  -6.594327472416121, -3.937899432709553, 18.2184906686996;
  -6.78481180807814, -3.966922906971123, 18.71922647940633;
  -6.67104934507768, -4.119787667413724, 18.56435955810916;
  -6.725384631731535, -3.944515031104141, 18.7579315065977;
  -6.867699190008461, -3.922867347349108, 19.1970364632664;
  -6.704168924215216, -1.507281983351006, 18.78951688653934;
  -6.577377500427268, -3.910212538326549, 18.82734854187402;
  -6.30988488570129, -2.140121175850856, 18.24206687100002;
  -6.645125752500599, -3.766219124000286, 19.23118865236021;
  -6.883387506099621, -3.797764965550258, 20.0465434960411;
  -6.704527371562427, -4.032498225020915, 19.63430792501053;
  -6.518162906980945, -2.014849918917145, 19.13544114702587;
  -7.061344422002351, -4.142953854831886, 20.96962307340261;
  -6.369739965347861, -2.132045024371096, 19.05642684900553;
  -6.722220461001908, -1.572076185025983, 20.20577341465555;
  -2.639619683866451, 0.7162281286083686, 8.576525309660415;
  -7.110327833255014, -1.664136709886115, 21.65725817041922;
  -6.790264973932419, -1.904893082096791, 20.77921584185189;
  -2.607767573891794, 0.9113840222763118, 8.61675751424484;
  -2.597446020256256, 0.8874602574030138, 8.726779716900557;
  -6.751369528356279, -1.780852851675507, 21.26339402125576;
  -7.091551339089918, -4.207020127642491, 22.30667220234568;
  -6.850392522534629, -0.8027147049199821, 21.86374634092116;
  -2.563474165163952, 0.8996693556890633, 8.785289179112475;
  -6.573747719470847, -0.63254355451426, 21.02559749190293;
  -6.754013984413539, -4.508193044127344, 21.83536840036644;
  -6.675437998951681, -1.87189128255763, 21.69529069761984;
  -6.871624475425151, -0.5931557027184674, 22.31349540834148;
  -6.671381902398951, -0.8869620445705416, 21.70408850406156;
  -6.839337836286536, -0.3969285111952021, 22.26857368003985;
  -2.927542490580531, 1.804275585083406, 10.15657808494585;
  -2.829028568347057, 1.604770900756707, 9.889510091242682;
  -6.763499953418443, -5.056274322855294, 22.3425885705632;
  -6.727811132219383, -4.8738135083126, 22.23501210083241;
  -2.834330052760782, 1.355995519758949, 9.994185555495958;
  -6.864068400843849, -3.927521041657796, 22.9267008025303;
  -2.836591968361533, 0.8000695350432718, 10.07724874724495;
  -6.77239605759649, -4.983977693948277, 22.72219676234534;
  -2.725880484608312, 0.698579571336279, 9.723420846791706;
  -6.709929119987838, -0.4176067419464173, 22.569596435788;
  -2.863067597132541, 1.667415571683926, 10.2003553657162;
  -6.790116022059548, -4.102998994887181, 22.88735669532021;
  -2.708740542527167, 0.5052649525537488, 9.749152360864533;
  -6.660232287522732, -1.560895942982412, 22.60252012526403;
  -6.835526909079965, -1.2984372601559, 23.22677307683026;
  -2.802694769686434, 1.600351160214837, 10.15723127771343;
  -7.002034707259856, -4.139265002337868, 23.89450576028852;
