m=[-3.763601953263108, 0.9650491743206736, 5.457590525794557;
  -3.724072038978467, 1.010896913518541, 5.440838458302008;
  -3.714433428930548, 0.9671182728950312, 5.434463669683922;
  -3.698963206343594, 1.026756085753549, 5.438360343077379;
  -3.689698554227552, 0.9322629721426463, 5.462557474403178;
  -6.288812725434441, -1.826880291787279, 8.624513319867576;
  -3.619581506743778, 0.9909183192942783, 5.404714363674229;
  -3.687085811801965, 0.9693640859421192, 5.490568536299207;
  -3.630100977681016, 0.9879825995860655, 5.46328390443501;
  -3.602284576421559, 1.014919278280287, 5.443341317242863;
  -3.60098375984653, 0.995606807303586, 5.45287206268309;
  -3.591915727128349, 0.9520176327636217, 5.477378738924765;
  -3.529704672746789, 0.6775519004894736, 5.463228145668587;
  -3.53574493536984, 0.7545288336364227, 5.476459219926893;
  -3.50600057620772, 0.7215412620585905, 5.469383653662743;
  -3.401476404964424, -0.1206328046035879, 5.575594862260237;
  -2.707101054463453, 0.4577456832929262, 5.581437618336326;
  -2.72550802861225, 0.3381220464859909, 5.612999850825694;
  -2.722509143381079, 0.2907347292014174, 5.610926875841652;
  -2.696051834728767, 0.7758241306584266, 5.588247567929185;
  -2.701465939267031, 0.5884994609453236, 5.60964164410783;
  -2.758501718253122, -0.1160414299147027, 5.708013897809126;
  -6.593591998942721, -1.963717076240402, 12.28920378316204;
  -2.723741899896149, 0.2187505740340079, 5.666604121025365;
  -2.720998249315066, 0.2545637886688946, 5.669174310028359;
  -2.695446687737516, 0.2334006236382872, 5.655765642673258;
  -2.669233309329158, 0.496702464261044, 5.62599541490388;
  -2.637479367538508, 0.728321884211072, 5.571901146036936;
  -6.504540961047256, -1.9937888427172, 12.40913308764527;
  -6.380394921499194, -1.975777260095346, 12.21978312550822;
  -6.906258415284956, -1.390295460734694, 13.43697477609275;
  -6.942085337918696, -1.795780801497552, 13.76690623022089;
  -6.530718509212309, -1.988599364434905, 14.02644409921672;
  -6.592746148821698, -2.118663350790788, 14.29710027886821;
  -6.509478503840046, -0.7376079991903933, 14.30223546456409;
  -6.550920246280496, -1.894524482447573, 14.44920563912499;
  -6.458871256388926, -2.139076776950165, 14.27340178268307;
  -6.657188728370703, -2.358008924784318, 14.96480713816678;
  -6.546794730506239, -2.551935413355582, 14.82057907669882;
  -6.618568605406221, -1.675340888402114, 15.02591991701547;
  -6.522602014145297, -2.362846238862271, 14.83574512411777;
  -6.561481836928098, -3.273024769022197, 14.92859888975731;
  -6.366535634585549, -2.197735201483437, 14.51906878941382;
  -6.511599987218145, -1.794272700408533, 14.96045295327149;
  -6.509162345172168, -2.375841331781921, 15.03953199146024;
  -6.416194904906053, -1.883977438832041, 14.99241952339463;
  -6.503851352588707, -1.398077240832637, 15.28456144064828;
  -6.498002141562092, -1.047963599777404, 15.41770954044882;
  -6.102053745566439, -2.138803894892991, 14.6720401066174;
  -6.592048152368806, -1.167047017548351, 15.80316351247637;
  -6.18731226612728, -2.164785614676965, 15.08202344313509;
  -6.412511581500821, -2.553544774943299, 15.70377402005548;
  -6.476304584505705, -1.498619098743632, 16.5055689863832;
  -6.661260238240044, -3.920456825765744, 17.69287947059958;
  -6.513419016636319, -4.10432774328206, 17.3283115149181;
  -6.597020250123418, -4.267267707926876, 17.53612960049144;
  -6.541544098746694, -4.040846726360386, 17.40676665147444;
  -6.575209258691902, -4.076314392830304, 17.69294362540062;
  -6.640027830774987, -4.011272190906457, 17.92646753927052;
  -6.71137391158419, -1.681389664600366, 18.13549906920102;
  -2.56335957947576, 1.159427211613717, 7.542189794878603;
  -6.628381732264901, -4.188092857021683, 17.9844862741161;
  -6.699005609548935, -4.067274779674521, 18.36171993524037;
  -2.577784482121922, 0.8163480170974681, 7.68280613286829;
  -2.578579667846602, 0.8704478094596401, 7.702946465862568;
  -6.449352288105876, -4.059373648073136, 17.82618742713915;
  -6.625436783075732, -0.5011705420335063, 18.54140045929977;
  -2.553792664577051, 0.8399855174702146, 7.770780664315822;
  -6.663330639773266, -3.906814793494373, 18.80270276139411;
  -6.488759597707238, -4.131983478306175, 18.39261666257248;
  -6.627255612821075, -2.240964050058356, 18.79511733863962;
  -6.767053050444243, -0.4392404332461268, 19.22218969878418;
  -6.377168600815863, -2.321913757928807, 18.43060980164514;
  -6.815573635277009, -4.251482786391431, 19.67105154273709;
  -6.461917319943398, -0.6093364789062892, 18.78430504926818;
  -6.701757864662064, -2.071270456410268, 19.9022636063396;
  -7.155696811146235, -4.804423600734462, 21.39246488220439;
  -6.785075639771732, -1.637994210744393, 20.42462763574047;
  -6.726391964772319, -1.949845470488982, 20.58599610714149;
  -2.706426707210121, 0.6562881933383774, 8.875297447148203;
  -6.996895220967108, -0.7605799609809684, 21.434510786524;
  -2.691857877911464, 1.45361424183084, 8.863762438435177;
  -2.822920583658723, 1.611430448428461, 9.273419736066224;
  -2.677895787383054, 0.4526627804197743, 8.859830463362656;
  -6.766434049962781, -3.995251776882829, 21.0776787653063;
  -2.795428350768352, 1.561021225987735, 9.336877811321491;
  -6.940122693509026, -4.212006686478672, 21.85027497831208;
  -2.604505329883283, 0.5346236857171478, 8.835029655994191;
  -6.656341598735774, -0.7628258217250302, 21.06245021655611;
  -6.716923843240496, -2.09336487356589, 21.25387745441771;
  -6.652618868990614, -1.468047981352069, 21.07589915029872;
  -6.798539010771242, -0.5778324664174283, 21.56759902938183;
  -2.625870879259131, 0.3956362069129857, 8.933356772508654;
  -2.721309645295121, 1.370585206052953, 9.263038832423229;
  -2.731837027855879, 1.58180000342398, 9.371395212760943;
  -2.545998353729021, 0.4427473681604284, 8.845099479063343;
  -2.562704117440786, 0.4898701288609704, 8.922339271646136;
  -2.680734289032046, 0.6610154793322274, 9.307865766284216;
  -6.601500203676434, -4.034198370213906, 21.54514300972625;
  -6.644862629941213, -1.914956941316865, 21.73530230261251;
  -6.546013224278813, -0.590173282898191, 21.47823861346368;
  -6.729061673728954, -5.24393290873055, 22.06337734837577;
  -2.62124676057527, 1.261443767970152, 9.233171371324172;
  -6.709463573363369, -4.323281598552764, 22.10248839545521;
  -2.672613193056403, 1.3811073130521, 9.432825893605481;
  -6.643561608058108, -1.64528935385587, 22.02979853574268;
  -6.742170099631569, -1.097146678280033, 22.35486406493344;
  -2.69248975960996, 1.591058141197505, 9.554487947045447;
  -2.689808149510581, 1.336161170335906, 9.544130954457382;
  -6.340503043351001, -4.009139091172737, 21.19668431069347;
  -6.890741127622873, -4.564924582117139, 23.02352449251069;
  -6.717164125071745, -4.658614591858047, 22.50191987245415;
  -6.760523242850242, -5.053935794245838, 22.69793853271715;
  -2.695489363105934, 1.797825436655012, 9.737134915682139;
  -2.822740487252262, 0.8331388609553682, 10.28775105223419;
  -2.762602141772785, 1.647275099693814, 10.26408198010874;
  -6.495373388088266, 0.8063319281730113, 23.30890681354959;
  -2.752878239448517, 1.754309839400478, 11.00036570898585;
  -3.713920846712475, 1.662158922612952, 14.67320607221876;
  -3.848723590987727, 1.604243249514398, 15.68296916405216;
  -3.767501792472123, 1.53818330195963, 16.04317162178959;
  -3.915035459261041, 1.648851858963641, 17.63735640221773;
  -3.829458126403777, 1.510681019672887, 17.35057143890732;
  -3.400790355884146, 1.519580678322492, 15.763702913381;
  -3.681835432213364, 1.528027219419635, 17.11476192253558;
  -3.860470837992881, 1.52820326148908, 18.78903344869605;
  -3.939281012217445, 1.428489539998185, 19.96367734453587;
  -3.633389311674531, 1.588078788252905, 19.36211184711676;
  -3.623615615744487, 1.505172804815127, 19.49130760554442;
  -2.42125823139547, 1.68049574755255, 13.63542772996519;
  3.17070455583563, 1.011440704271703, 28.31865421953177;
  3.668164379603395, 0.980901182889338, 28.75956451644785;
