m=[-3.22847854223808, -0.9896016544463131, 6.159177125819666;
  -3.193724073663282, -0.9979636257936396, 6.133634326511164;
  4.645688145415947, 1.153445566132473, -6.933081317032037;
  -3.324781927066725, -1.177654078451174, 7.473833527203174;
  -3.217790380394305, -1.110784828026445, 7.338264099090417;
  -3.289320637386997, -1.19157337510502, 7.481603584266617;
  -3.308376369513053, -1.331891731120885, 7.540385430984625;
  -3.267838093111517, -0.9004534509697371, 7.507884106343747;
  -3.285079808057656, -1.199052654136737, 7.590233619603532;
  -3.231915923535664, -0.9489825004361157, 7.551865257854964;
  -3.103218898969794, -1.087695543921503, 7.461512802698433;
  -3.331105216855903, -0.5897342250260216, 7.985682022107251;
  -3.117284919151328, -1.241343039484287, 7.634003822730266;
  -3.299726268572544, -2.079270201218052, 8.778597622806055;
  -3.394867553588875, -1.998035086008681, 9.017059879973532;
  -3.334637786431344, -2.067315498094144, 8.973031282383564;
  -3.403673152879311, -2.056175036164897, 9.189093456292955;
  -3.351873801349495, -2.117856106074506, 9.094486528967792;
  -3.375001008292115, -2.049118523327656, 9.250749574993469;
  -3.373285160146018, -1.977809758931899, 9.518794972750376;
  -3.388248917242494, -1.095852763022958, 9.597188088313018;
  -3.364770458400771, -1.137775585324791, 9.5426009313545;
  -3.275889690078418, -2.086056953156408, 9.285624223122003;
  -3.236318088997875, -1.17833665161631, 9.353259985112318;
  -1.296663993593535, 0.2661646629929367, 4.398556879809544;
  -1.282046853159226, 0.1358484143507728, 4.423286849986945;
  -1.300582904642991, 0.3206977415260012, 4.515796714306987;
  -1.342622671854953, 0.7933886192089446, 4.764390315648369;
  -1.343207078993606, 0.6672376031718579, 4.766044099911641;
  -3.409724739323393, -2.013277410652965, 10.62141184010676;
  -3.356109424237976, -2.375260668116586, 10.57572618417843;
  -3.47019512516609, -2.106084534248335, 10.92555867696614;
  -3.365808836497939, -0.5416694484200704, 10.65790425793358;
  -3.3407495889123, -0.7372105311888378, 10.58369685816686;
  -3.378390298082144, -1.052893220803448, 10.68999665090601;
  -3.38138574317893, -2.153119712145649, 10.89493322333396;
  -3.358185732247481, -2.576505207046163, 10.83407669146243;
  -3.370181637037303, -2.059529023401226, 10.99917338460192;
  -3.354396783174813, -0.871819565158368, 10.97902183242564;
  -3.368940389938245, -2.625402802789098, 11.04614680195094;
  -3.368308535195685, -2.170389055582859, 11.0959690737475;
  -3.430578185278135, -0.5582545982878016, 11.37469210398735;
  -3.425327470463289, -2.165855637637927, 11.45107644547143;
  -3.526387931726358, -2.3361340467556, 11.78245959505438;
  -3.563689086931256, -0.7396467313739563, 11.95455876272835;
  -3.440891750012665, -2.572292906160109, 11.55253027524442;
  -3.466392795626254, -0.9376727746302582, 11.69657646440283;
  -3.405744503495993, -1.095303777759016, 11.56424089962317;
  -3.618637151413845, -2.932457145287317, 12.22530664276493;
  -3.384944449416362, -1.201538954416458, 11.62608349828263;
  -3.408675520007581, -2.251986857066715, 11.71302751328809;
  -3.493395848377298, -2.654258245107744, 12.03911911150389;
  -3.447457499914028, -0.4984256752265937, 11.92440816353251;
  -3.468711019501219, -1.081247812241309, 12.14010151528144;
  -3.428708694633032, -0.7771416399919789, 12.10117243807659;
  -3.441063908594729, -0.2977886358337186, 12.40651842547722;
  -3.406799973139209, -0.6365766877180182, 12.29669926944725;
  -3.431718091687266, -0.7109037214313897, 12.38209413981949;
  -3.383703715961345, -0.4421025278726404, 12.22720458639085;
  -3.370856937061971, -2.77558724370938, 12.13624462996039;
  -3.369359702929989, -2.213956710757104, 12.14410340920728;
  -3.444676941443852, -2.13016655241096, 12.40875124790682;
  -3.329879973303801, -2.864545629467092, 12.08417244171065;
  -3.411791257545061, -0.4012124436334152, 12.44689814896159;
  -3.425793418996463, -0.07465320969862686, 12.520589400152;
  -3.416251287616489, -2.187618245490498, 12.49577917860011;
  -3.358634598971073, -0.6002239880098614, 12.49171526215623;
  -3.405335901402165, -0.760389328607701, 12.65331542731166;
  -3.373247546289636, -0.5213526210523986, 12.54899944363686;
  -3.46828783536774, -3.001169997119272, 12.85390594996354;
  -3.405870766820242, -0.4386423828514955, 12.67241624994045;
  -3.405398408051771, 0.08526816962352543, 12.81000645812045;
  -3.403901241187684, -0.1937216505287633, 12.81662435545467;
  -3.378396356720709, 0.1989448559300327, 12.82336321364917;
  -3.391435818674428, -0.8320362799325111, 12.94763438326142;
  -3.391820322163076, -2.883500591559092, 12.93454518617529;
  -3.29113585788288, 0.2271902325727584, 12.69073153341142;
  -3.40773269932719, -2.834027734953878, 13.05730454658161;
  -3.333452453291717, 0.3943001419547689, 12.86920876467073;
  -3.34099782945365, -0.02496393521922765, 12.93825734043725;
  -3.418771866745443, -0.3139715097439562, 13.2577821937296;
  -3.480376172157545, -2.793167384049338, 13.46470179344672;
  -3.304289007964656, -3.122992854645331, 12.79424665865441;
  -3.349907587638811, -0.104264388700599, 13.03728901125557;
  -3.307992950116867, -0.9564634006368948, 12.90922198735659;
  -3.34894984975901, -1.087267134548741, 13.09925122070369;
  -3.329625614488447, 0.05365835533543455, 13.06737100337129;
  -3.237776973819381, -3.120770875076809, 12.74504966756802;
  -3.399070925947195, 0.5626797864261969, 13.43301610640435;
  -3.382663814993762, -0.2837337754336464, 13.42998060931711;
  -3.400143027391811, -0.9964069852167581, 13.51452951954987;
  -3.560486673182491, -2.551957141040262, 14.08081945072813;
  -3.34471187802396, -0.810244111919934, 13.32739140728864;
  -3.407037452807094, 0.4794511813596517, 13.64688718094575;
  -3.384622133503695, -0.6842572662040454, 13.57405639858134;
  -3.403219163835208, -0.7995676950058777, 13.72401710853613;
  -3.41870254462225, -0.385892756936507, 13.78725171877329;
  -3.445877126127022, -2.142104242894753, 13.86222884371708;
  -3.359236982049081, -2.847206252380522, 13.55907558440228;
  -3.447836059559776, -1.298625829548481, 13.92500146291462;
  -3.555244141562914, -2.351926202181135, 14.54229082932321;
  -3.540900403194424, -0.5850502024783936, 14.55588644510151;
  -3.49410517205087, -0.8111463260614115, 14.40895971799995;
  -3.480866193892053, -1.293959694667914, 14.38252775000596;
  -3.537398984357616, -2.517942740110432, 14.6174042758482;
  -3.363354747418717, -2.875419871895161, 13.97839430697225;
  -3.634135969352902, -2.504361648878978, 15.09725309873379;
  -3.554495282091535, -0.775479679548872, 14.88974512148179;
  -3.594018489457075, -2.5615642603333, 15.0145534825928;
  -3.462554447818419, -2.628376435678855, 14.49336571970086;
  -3.421996598021283, -2.323935381690254, 14.46720748900266;
  -3.566176280043633, -1.362825439326295, 15.14340070237375;
  -1.94083875238228, 0.8174014304887602, 8.743538890312632;
  -3.435578548230669, -0.4161502617106467, 14.71960506402195;
  -3.39376798274547, 0.0755242573635624, 14.80226052083617;
  -1.777443174132369, 0.7942178204411968, 8.238992472429288;
  -3.353343925594801, 0.3756940984824974, 14.81650266373991;
  -3.415446308382211, 0.1671251880790129, 15.10515489971162;
  -3.382102210913159, 0.2764575287637771, 14.97214173427888;
  -3.358536056616683, 0.4604472568292071, 14.88346995650896;
  -3.292999728284356, 0.5101118895844835, 14.66694906109253;
  -3.41220368810679, 0.02427244085930861, 15.24257130306521;
  -3.925933242395196, -0.5575367684379974, 17.74478940610651;
  -3.405954877380593, 0.33134105442607, 15.73374160166971;
  -3.263944872566628, -0.3264337470680797, 15.16038470610971;
  -1.943184629610552, 0.7692276961196337, 9.457540941230658;
  -3.177038459943744, 0.477183682251308, 14.9160896169887;
  -2.689431759515437, -0.008478625229377017, 12.90835290501129;
  -3.707065288211721, -0.9122029970366439, 17.51105901020577;
  -2.362017710088671, 0.2726524574882117, 11.71240789063059;
  -1.92807163993694, 0.6991707779858774, 9.771173977553882;
