m=[4.065143461545115, 1.156790914653531, -4.978088311416351;
  -3.183519132481707, -0.968110348033613, 5.661473938229748;
  -3.288183089246071, -1.143662920844901, 6.980553268338271;
  -3.306686902019049, -1.270580022629163, 7.066554798975311;
  -3.300865755563282, -1.205793319011449, 7.067743098886304;
  -3.252003564979986, -1.156890926299572, 6.981626106751738;
  -3.280888235614499, -1.301025012993528, 7.062243991163677;
  -3.281531087089839, -1.45393017710722, 7.059763405298469;
  -3.237627733267865, -0.86681625543462, 7.024288837551881;
  -3.232804164946409, -1.339193683245339, 7.056217583844272;
  -3.200763954244101, -0.9164461732850212, 7.065462227686744;
  -3.121660598326624, -1.072873462005323, 7.082338473537928;
  -3.303904941789562, -0.5565880450379197, 7.509883894302154;
  -3.101346367877046, -1.062000062485556, 7.146806466366818;
  -3.200456797652337, -0.6886022031932386, 7.758460392069298;
  -3.896208926839156, -1.340855213796819, 9.291578679132742;
  -1.314255738189214, 0.249645612605652, 3.920267445859606;
  -1.265611295694381, 0.2141514131702261, 3.885278733369341;
  -3.385931525123632, -2.029518190802929, 8.748133389312301;
  -3.334991400816918, -2.092814950135345, 8.662210727215841;
  -3.333730907391187, -2.007916141635808, 8.757444607678917;
  -1.259315198783761, 0.3412705243537941, 3.970791007066831;
  -3.327748860638915, -1.099877931017961, 9.059044918216644;
  -3.358281465428799, -1.950034589664041, 9.094840339258177;
  -3.377092341482868, -0.9559098997021004, 9.255554547296972;
  -3.252542681770874, -1.158749155849131, 9.014382570621113;
  -3.296440592718287, -1.039918879344001, 9.221605622269289;
  -3.252376518433658, -1.060346770113013, 9.686471345434315;
  -3.431910194414367, -2.151772764397031, 10.14355788425749;
  -3.361257715058343, -1.965913128219447, 10.12007407202718;
  -3.372766623814001, -0.2519775911295731, 10.5238130298036;
  -3.315356390456719, -1.056146354317644, 10.39211648252193;
  -3.317961024416706, -0.3700958739113447, 10.53301130463239;
  -3.320084059002975, -0.723294913555805, 10.52327421517071;
  -3.361384303063085, -0.2620679686681359, 10.67466119923481;
  -3.32128611156349, -0.9260748794478118, 10.5217113255718;
  -3.318605728668283, -1.130198915934361, 10.5032909336385;
  -3.366584798715492, -2.03998540228159, 10.63826371460722;
  -3.380029119593698, -1.994635870334534, 10.73182090281068;
  -3.328974058367424, -0.3154837793518634, 10.67776196564572;
  -3.309341310592121, -0.9712394032215636, 10.61204535577506;
  -3.368932762161613, -0.4135434080524053, 10.83425154944439;
  -3.349733053819643, -0.5799669670365855, 10.76913972585578;
  -3.494874167803602, -2.316850127209063, 11.18371831146033;
  -3.369523118523441, -0.7627130577034678, 10.99139864819308;
  -3.532085139675143, -2.317183109790014, 11.45573905038521;
  -3.413353831422033, -0.8835613094762532, 11.17945989052098;
  -3.364850828491097, -1.046905206015769, 11.09080450406638;
  -3.330649667869529, 0.4076701239285613, 11.15893134512885;
  -3.415449144770054, -0.8636407533417354, 11.47008085518258;
  -3.424934769146092, -2.257347970177043, 11.44589909091018;
  -3.448678011671899, -0.5634124871616589, 11.62015451509036;
  -3.419882387449475, -1.020690014302475, 11.64631265325565;
  -3.364443612097082, -0.6609397947554669, 11.50842311296253;
  -3.546233597888698, -2.2767070533444, 11.99922277575369;
  -3.387780927372686, -0.7310351136794092, 11.64092470517215;
  -3.404141049440822, -0.6059925428378564, 11.71266986046896;
  -3.397388659704, 0.4990871690743853, 11.88585603788646;
  -3.42329803989649, -0.2473802968973146, 12.02978182385839;
  -3.356620106888562, -0.5805091720106373, 11.80405774201891;
  -3.378638319989766, 0.1522805114872088, 11.92331412298343;
  -3.368980195298921, -0.3971838126945869, 11.85762135767616;
  -3.346445157224747, -1.131523924325963, 11.75398333378565;
  -3.37246948882572, -2.12020590933764, 11.7864410074703;
  -3.378992188676711, -1.057994508812576, 11.88656914733278;
  -3.393782673738951, -2.218929873684553, 11.91621365204468;
  -3.387958918874015, -2.782380181139432, 11.88707244236172;
  -3.337443849550927, -0.3507261566254954, 11.87865422586825;
  -3.386902004833353, -0.02522556782805431, 12.07883576303703;
  -3.394385660265099, 0.3086437356381866, 12.12974796197727;
  -3.355532795671259, -0.6105127064849472, 12.00857931130076;
  -3.343593305311386, 0.5393883777538691, 12.04597743653471;
  -3.312774866868666, -2.846316696969098, 11.72227926749307;
  -3.335886619920694, 0.2453742852006204, 12.01591530372228;
  -3.378276813324362, -0.07321841406358132, 12.1946860552636;
  -3.373790781597141, -0.9840581469117992, 12.12387564325197;
  -3.404147219809097, -2.164263748726155, 12.14800208163026;
  -3.344369324458627, -0.474448740467072, 12.14242639641205;
  -3.360086289919489, -0.3883616034124249, 12.20366969104057;
  -3.357152722198554, -0.7148998817070875, 12.17765228652118;
  -3.377758664853849, -0.5567065008309606, 12.25822314781972;
  -3.394093239044056, 0.139602046158391, 12.46750747328326;
  -3.327533994301907, 0.2467581582374271, 12.33826095031502;
  -3.272558252167611, 0.2808315539569288, 12.31781118919558;
  -3.297895637549528, 0.02820510067046964, 12.48256487572812;
  -3.395172362359316, -2.873370713259327, 12.63926629844408;
  -3.381630614029568, -2.80365582092902, 12.66961542839089;
  -3.548327969252386, -0.2841657030409515, 13.43475377492496;
  -3.257373903335463, -0.9073449684904246, 12.42904776139687;
  -3.280485618750091, 0.104346964819403, 12.58643632015961;
  -3.354872312271652, -1.061934036547284, 12.82853458516057;
  -3.445798135400572, -2.267261504738702, 13.18832189171723;
  -3.410397719067298, -0.2379998662357232, 13.25718799924105;
  -3.20696430575113, -3.090781993187181, 12.33872954928126;
  -3.336354532424927, -0.6731716353308387, 12.99159390862067;
  -3.352430242017398, -0.9479112708595384, 13.05212919205153;
  -3.336210610059146, -0.7694881391901678, 13.01502281657302;
  -3.378435339423701, -0.6342350155534224, 13.26724424309571;
  -3.338060704184722, -0.3321129774316104, 13.2088920715412;
  -3.42870946751763, -0.7588965665439811, 13.54551742155367;
  -3.35823392886711, -2.067137942139062, 13.23591974153321;
  -3.439849341095664, -1.262258845554116, 13.6205967070596;
  -3.406676788593463, -2.880988860167338, 13.45401149947184;
  -3.461829290753178, -2.197952618674045, 13.82622283918824;
  -3.555759907203826, -2.335910677713306, 14.29011293271344;
  -1.855936170162358, 0.8304632279620613, 8.041120289967861;
  -3.446132843576775, -1.24316907778751, 13.99346254634052;
  -3.492606512399284, -2.469781512947105, 14.1923035339908;
  -2.976391844961095, 0.6631238276215364, 12.42660268371438;
  -3.607571119140876, -0.7297687298131346, 14.84356305053474;
  -3.607516049075741, -2.466952537457602, 14.73770214145133;
  -1.813118948282647, 0.8658226634010159, 8.038997078173862;
  -3.56456809380868, -2.524343716812532, 14.65279570378365;
  -3.43916183407175, -0.3674287027847569, 14.52355580571745;
  -3.3478397246046, 0.4893278798181337, 14.25451456607499;
  -3.456265376313228, -2.572902283972021, 14.51162659700257;
  -3.379129098570952, 0.1269539010211776, 14.51728609565821;
  -3.384418663967874, 0.4467958603325221, 14.69191650030656;
  -1.919963206046766, 0.7348275951570292, 8.754373181471308;
  -3.353997802306964, 0.3360362546293583, 14.6253596228116;
  -3.398753018705696, 0.5294566784841592, 14.83824351122656;
  -3.275395258138258, 0.5715209618418649, 14.36446365215832;
  -1.858905907456272, 0.7544954147562445, 8.582380788507086;
  -3.561438249078321, -0.1336325210438081, 15.53790408566135;
  -3.373427101624919, 0.08262501707627179, 14.85244211896079;
  -1.901417474634843, 0.8072285935671305, 8.949760471424073;
  -3.864273644563743, -0.4765876243271363, 17.30682852890517;
  -3.492017378680036, -0.2902866586155583, 15.97837060164639;
  -2.747512598595586, 0.01560949114771668, 12.9344975862127;
  -1.865378304798011, 0.7285343068575465, 9.176484355830114;
