m=[-2.88438909409542, -0.1585827926111609, 4.876600235115887;
  -6.2271077481321, -1.765493206400508, 10.3042241096037;
  -6.34449441088848, -1.914330595775657, 11.25613147245725;
  -6.953027529315514, -1.75251388481373, 12.92917419788902;
  -7.002767332199314, -0.7499681044498453, 13.06122411370414;
  -6.906395015496988, -0.5703392616627925, 13.15296716340707;
  -6.828268728763804, -1.895852746180794, 12.99792165803607;
  -6.691434472219082, -0.8180852921699791, 13.16664132656704;
  -6.794529043888167, -0.4775439877103647, 13.43131698717416;
  -6.462539784001206, -1.923138054776549, 13.04046166473724;
  -11.39667558091425, 2.561811795369464, 22.10621777463988;
  -6.480660376750254, -2.099288080527048, 13.4745812806822;
  -6.560672070017054, -2.281867274009257, 13.92778918261322;
  -6.670378966497634, -2.563064030350955, 14.25493247271353;
  -6.632814973753668, -2.422941305053612, 14.20204144259041;
  -6.427726378319579, -2.176235300477524, 13.81485220988988;
  -6.555006253984007, -2.3319246444669, 14.07274065919338;
  -6.597089892021584, -2.61605344227134, 14.2005015420374;
  -2.791203292897358, 0.09121516597179073, 6.597648098820257;
  -6.480464164799698, -1.735027045601714, 14.05987835698816;
  -6.547544498035608, -2.349876068895756, 14.29663922916138;
  -6.483732911300197, -2.553595754068172, 14.15916308633992;
  -6.434467541417316, -1.842323657650409, 14.20363638776885;
  -6.64454344240414, -1.335320374539455, 14.76520258976231;
  -6.668451450070583, -1.24845636613416, 14.82887208254702;
  -6.235381191321848, -2.143018049189084, 14.14666287941302;
  -6.654711341849641, -1.121077283187671, 15.12637633585091;
  -6.297418398410134, -2.156437217680807, 14.51190070136636;
  -5.982967933718197, -2.348719548851666, 13.89649990425822;
  -6.627464831126719, -1.540804814142675, 15.39809171537831;
  -2.619055128908649, 1.247262687630514, 6.784415494875688;
  -6.524663366356792, -1.982967408314087, 16.35641040407665;
  -6.582655167918232, -4.118479483917203, 16.72373411485755;
  -6.603943458257398, -4.048034406696985, 16.7847050652615;
  -6.817831238993642, -3.976977108717591, 17.31124826658211;
  -6.657968467579567, -4.096513320794976, 17.13095748882046;
  -6.871199070427771, -4.118578123210022, 17.75291838201778;
  -6.67053490831451, -4.185976365066702, 17.32585548044169;
  -6.666681401520062, -4.263580053365597, 17.51041964745515;
  -6.68928227815548, -4.028974813920294, 17.57220982839238;
  -6.584681122189664, -4.130398977527928, 17.434982710283;
  -6.229590898753852, -2.190249252762549, 16.774303140118;
  -6.716742864979085, -3.900173660671999, 18.190167973022;
  -6.724865249473967, -2.222683016874628, 18.30692726981875;
  -6.494832894561272, -4.123163441762589, 17.6732202560219;
  -2.683439071340335, 0.7096362031577519, 7.934754082325706;
  -2.7680641557067, 0.8004441961579989, 8.160432478857853;
  -6.780777098638003, -1.919346970955261, 18.58399059409449;
  -2.76859112228305, 1.649171878556651, 8.237139495639038;
  -6.464269036502236, -2.302957108360033, 17.91564318618723;
  -6.578571953731079, -1.922731556851266, 18.40237117394962;
  -6.582651246780508, -2.076610548597679, 18.41459357127165;
  -2.736916311445141, 1.655912854096471, 8.29229517807606;
  -2.558936348400118, 0.5786922394690082, 7.823565620987774;
  -2.689574324552231, 1.418909993389967, 8.29222482639609;
  -6.680623692606187, -1.998422465220591, 19.10407337959737;
  -2.720928345574122, 1.706165319971647, 8.439337140905352;
  -2.495657809477966, 0.6763155483795857, 7.869146339345363;
  -2.674473671372664, 1.711231492171733, 8.43612868184929;
  -2.677107848068411, 1.498942907004348, 8.538586578282548;
  -2.6744648387462, 1.411237082771547, 8.535673170349069;
  -2.694393706975049, 1.576323416382365, 8.605356272158454;
  -6.94665619338602, -0.6699633381948214, 20.57785884572877;
  -6.915289852286764, -4.335816358563259, 20.4392419758697;
  -2.664635700333529, 1.448320015942419, 8.548154589818306;
  -2.660620758264834, 1.391252276764552, 8.591964071454846;
  -6.738879145532897, -3.941396972429834, 20.28941601523358;
  -6.702466568809548, -0.4013316824130118, 20.33095370148824;
  -6.607610327676567, -4.276938287510804, 20.14895695163691;
  -6.801970294954965, -4.092538495778445, 20.73798936041593;
  -6.579416901082136, -1.381584586231399, 20.14709202035918;
  -6.667731905758864, -2.012117377786233, 20.39938882264444;
  -2.722188407814884, 1.892363225636587, 8.949315786258618;
  -6.784330861642734, -0.4974069487671653, 20.82644584530582;
  -2.736057301755652, 0.8380007339394037, 9.103486736910952;
  -6.80059512823843, -0.5080688259193146, 21.21943187994536;
  -6.609755177072615, -2.105616413756271, 20.71854052216342;
  -2.704006572967197, 1.675558788845295, 9.201641267665904;
  -6.743679788796864, -4.086339465459456, 21.30973918359646;
  -6.644479410567369, -1.447529061156624, 21.06021341985353;
  -6.587570742157921, -1.297234440278538, 20.89202050840168;
  -6.628693663786542, -0.7393854708769382, 21.04307578714944;
  -6.829879689587615, -0.532486777803696, 21.68947229611506;
  -6.75247352294143, -3.984795818552654, 21.43955981890755;
  -6.600364376036071, -5.117943537721839, 20.97082968029644;
  -6.603237711627942, -4.221261334255163, 21.08592241927092;
  -7.129166403722187, -4.726124402853331, 22.81357926682188;
  -6.55200166081484, -1.687728118906638, 21.04547610255458;
  -6.734153427798833, -1.165939636481194, 21.64979657606502;
  -6.800226756708534, -0.8347417853166096, 21.8690524497646;
  -6.801645419775183, -1.003654577928624, 21.87325940527781;
  -6.757276925144036, -4.22798019665516, 21.84762048910985;
  -7.07438942091756, -4.641070367781399, 22.94462221097282;
  -6.63074125603219, -4.926272012118345, 21.6035559925522;
  -6.804238384180171, -4.702391551247043, 22.13837599966491;
  -7.235342316362838, -1.41237603898857, 23.57703388040778;
  -6.999334217822677, -1.811807744638329, 22.92430846991931;
  -6.789631293933172, -2.112456305153269, 22.37914165409586;
  -7.055001594022248, -5.675729030085121, 23.18809509741263;
  -6.672699072786809, 0.8167355708957004, 22.35605610468238;
  -6.879455484562733, -4.534195808311059, 22.99067240230842;
  -6.823278979721947, -5.128821315628007, 22.85243932684137;
  -6.808386413606493, -1.721589085960353, 22.86456022247424;
  -6.853983067524226, -0.9069369269773847, 23.05411823436394;
  -6.930673346585805, -1.132268044360537, 23.35257014669872;
  -7.138688417653666, -4.583088458068966, 24.15484211223906;
  -6.84318582568875, -2.042401067337857, 23.30427559812569;
  -6.757614512583856, -1.327523021317577, 23.11511085086572;
  -6.782595013210219, -1.463587883284068, 23.30601640044313;
  -6.809954097537784, -1.212282728664808, 23.4310925872211;
  -6.743360513340968, 0.9906210462669177, 23.59182899024632;
  -6.647226714832623, -2.247607746391238, 23.34757880413998;
  -6.840592429314049, -0.4943267475970044, 24.0384662718627;
  -6.739689522943939, -1.165592608035594, 23.70112844430725;
  -6.741435826275432, -0.7947773597043608, 23.72747502243899;
  -3.532662007111849, 1.812518865183493, 12.94378582439616;
  -2.751558014327937, 1.841084856044738, 10.36744564822089;
  -6.675432987257633, -0.7015096166327857, 23.7592492452743;
  -6.705553477597422, -0.04994280727118412, 23.9142670914526;
  -6.688665327369876, -0.9142500354388226, 23.9485933319191;
  -6.676837529573565, 0.4911210790067975, 24.05007225754502;
  -6.796523058200479, -0.1473030976932621, 24.53365119022209;
  -3.705509009779648, 1.753634381344254, 13.88782710596277;
  -6.594714219643218, -1.086910179640264, 23.93287576807509;
  -6.736224860787698, -1.434467465327498, 24.43481451888518;
  -6.627761208219853, -0.9402469202068324, 24.06346154871274;
  -6.726142120320173, -0.7774131713414955, 24.42902046225409;
  -6.783177969848058, 0.2789980879588377, 24.9166172157103;
  -6.666354777876326, 0.4943533048686821, 24.71837251780598;
  -3.774329954452858, 1.781267274675205, 14.52283147090219;
  -6.749461772722064, -1.585226018654856, 25.18118439994793;
