m=[-6.265464970578118, -1.689869172700926, 9.44788801502764;
  -6.911878464431934, -1.628178727557691, 11.96080783140901;
  -6.528859784547438, -1.825754984281786, 12.2760370750356;
  -6.47503597150667, -1.970249939913283, 12.57683653435015;
  -6.742689184071989, -2.216959239417454, 13.08923674162161;
  -6.623936344781957, -2.178051686499549, 13.17725509988881;
  -6.58587912258338, -2.401549209489022, 13.21243073502871;
  -6.603319648710906, -2.28141493527384, 13.2674096259741;
  -6.488423733267631, -1.575184209294784, 13.07427731844016;
  -6.485798312138265, -2.179777367583249, 13.0573186491383;
  -6.55591822311241, -2.472064403314362, 13.24629587485518;
  -6.570732627476552, -2.673666674091378, 13.28139722498691;
  -6.507821343783642, -1.613220814814412, 13.2331810194323;
  -5.405304424043925, -0.09514379150052887, 11.13408204638194;
  -6.453298161437847, -2.80024663925564, 13.22268252443914;
  -5.21930953281692, -0.1379325157622388, 10.8475029840613;
  -6.410361544074434, -1.698625338198787, 13.27075108959622;
  -6.486764366813285, -0.8364919625200353, 13.65806982676434;
  -6.290995836981693, -2.028201527227209, 13.38941725617468;
  -6.605908252226024, -0.9633351028183386, 14.13584209473104;
  -6.144195318489153, -1.973828417004261, 13.30991862512066;
  -6.528832998731644, -1.244587093343101, 14.97758237848605;
  -6.596047533285354, -1.84163733344986, 15.66621994120289;
  -6.584395802718556, -3.685528650500971, 15.91810159811071;
  -6.58755165092304, -1.381108224734928, 16.17995477340142;
  -6.577750082561748, -3.901637651890563, 16.11869348200965;
  -6.666839869706735, -3.845467146026108, 16.43630283055676;
  -6.661880638332296, -4.032422557107134, 16.49258079351249;
  -2.518510728472192, 0.5763122472361977, 6.947367100090905;
  -6.637337590949489, -3.848523680327835, 16.63265747852011;
  -6.645420121210662, -1.668596741484192, 16.80610240905987;
  -2.576724503075469, 0.7822765765921625, 7.149451250501746;
  -2.66250839837813, 1.414346398462295, 7.428725944811954;
  -6.279118059704811, -2.048228915168879, 16.05836586984502;
  -2.530109598211417, 0.6011987682143584, 7.092724630022365;
  -6.613702420096761, -4.021603661371599, 16.87335239143491;
  -6.539737064560776, -3.947797342896657, 16.8624682327413;
  -6.654996711284829, -1.927105045946212, 17.28084189809029;
  -6.60504705672664, -2.011358517773624, 17.16350165335972;
  -6.683781264121383, -3.723717018314344, 17.30377804299998;
  -6.689139949478597, -0.4172926713621399, 17.5091253488615;
  -6.260516498600216, -3.776439949732727, 16.34346268505587;
  -6.753277913820845, -1.727284473330788, 17.67420083768461;
  -6.742923607306814, -4.067435345681606, 17.60281605979975;
  -6.568141229245835, -2.166068268084703, 17.35816828893499;
  -6.649008831496241, -0.3569843375557278, 17.66636857992769;
  -6.536931061994345, -1.737399482855978, 17.46098220144634;
  -6.624268598548986, -1.912793944094348, 17.69624858275887;
  -6.753013982661331, -1.432774759541921, 18.42961248105608;
  -6.786454079482835, -1.831394195417618, 18.56157421783546;
  -2.656135314527675, 1.278998716034451, 7.914965294275882;
  -6.825635701512005, -1.574824846163068, 19.21125925387712;
  -6.781744768846647, -4.072900978350887, 19.28140976265929;
  -6.719910388978423, -0.5405032760924149, 19.37960722211564;
  -6.629233233263923, -0.1907343705557128, 19.28211354037332;
  -6.677524439854191, -3.728534311840818, 19.33659944878142;
  -6.652509914818338, -0.52987437554518, 19.55224895599563;
  -6.547624445267672, -4.068632601627349, 19.20824328597047;
  -6.52475135558087, -1.214570629338748, 19.35140642385747;
  -6.709392757794761, -0.2840085856908869, 20.12138130419412;
  -6.652541987249153, -1.918831409032505, 20.04996117599152;
  -6.520840953493334, -1.082801043673872, 19.88230200354272;
  -6.655917093480967, -0.5309447503884974, 20.30914409742673;
  -6.646399460467356, -1.235071843213229, 20.25786351335878;
  -6.633646913224123, -0.3003309361032154, 20.2719306910626;
  -6.682350186178027, -3.861867519546806, 20.36272567064928;
  -6.728630176135828, -3.774415721763202, 20.59874205103869;
  -6.676018595631925, -5.009180517595411, 20.47321385298175;
  -6.679035340591969, -0.6041012360340641, 20.68585240940895;
  -6.68660244022215, -1.524152104255389, 20.67355241231857;
  -6.650778160210023, -0.9483782022154282, 20.59500821140897;
  -6.734089122901034, 1.11309969847083, 21.26185740607575;
  -6.680296514216381, -1.304687535368268, 21.01730506739367;
  -6.662050284124189, -1.493295865321892, 21.06620899116744;
  -6.665685002321669, -1.854384279289542, 21.20115083609516;
  -2.673128806283994, 1.915468455200428, 9.173285391751088;
  -6.687637392520125, 1.06790399857326, 21.57821270262106;
  -6.790196472948202, -0.4160412329448064, 21.88873974095326;
  -6.844146340923547, -0.9367261875419831, 22.08816671039345;
  -4.537637829343662, 1.792184457189686, 15.0995156668887;
  -6.456267487126445, 1.378040053928322, 21.07652398709528;
  -6.641303881663576, -0.6583056294669405, 21.57514106682919;
  -6.842305635284023, -1.49246564978827, 22.18873747715183;
  -3.536693045456823, 1.969046467372962, 12.04884783640907;
  -6.852280376502619, -0.8843446234376707, 22.31119201814126;
  -6.811446684308701, 1.593069672666548, 22.60192410656482;
  -6.691528244458969, -1.08461273111456, 22.11592161940737;
  -6.746280072750074, -1.227348067314443, 22.41190651480486;
  -6.781707166371668, -0.9777454516856949, 22.56167024221431;
  -6.687178909042112, -1.113611904276561, 22.39064232441422;
  -3.667549838006598, 1.895576269200535, 12.85365606155835;
  -3.688020709100894, 1.805044821034485, 12.92239133343701;
  -6.858899415297738, 1.265286234639363, 23.16367960565826;
  -6.839217769672093, -0.2468854022119031, 23.24973483113727;
  -6.664005345721414, -0.9189132316458589, 22.67168174638081;
  -6.706761533521391, -0.5508035666597029, 22.82952093510926;
  -6.752155362734498, 0.007592344615195742, 23.21106764208759;
  -6.667332069301791, -0.4565733901552446, 22.95111913224551;
  -6.83351736057565, 0.2002105281134689, 23.56477560755345;
  -6.761425540511874, 1.422510176739302, 23.4718040397834;
  -6.672679853898218, 0.7465479008406827, 23.23633035612016;
  -3.695102262507976, 1.912093453302769, 13.34713110243673;
  -6.648095636190696, 0.0848616958900464, 23.24193486694481;
  -6.666822342175357, 0.3490160672066439, 23.36408922676618;
  -6.688471914598171, -0.5277348625947519, 23.52878406299099;
  -6.785524608383324, 0.5428927390183599, 24.14048455927758;
  -6.72275227818479, -0.02426977021475231, 23.95148171353721;
  -6.645991952616673, 0.756494007519551, 23.85683272946694;
  -6.476912012110621, 0.8171919623580368, 23.60948461784598;
  -6.555393614674161, 1.365981865429112, 23.94642055338056;
  -6.543778706792891, 0.3218475548241386, 24.00800462859887;
  -6.61329947063722, 0.6377695135884286, 24.37413767588449;
  -3.708069330127635, 1.786424492584257, 14.22202669194891;
  -6.455982433810186, 0.473348857385839, 24.02637676108498;
  -6.216702034262812, 1.401696839896405, 23.32811448980535;
  -2.415554867930405, 1.901852905492175, 10.00910147571376;
  -3.784889063507198, 1.885218542344751, 15.5416002231886;
  -3.749216104636005, 1.771792281156379, 15.46416765246323;
  -5.942130874668399, 1.616490654083699, 24.05011708461334;
  -3.616175466940703, 1.91743380644028, 15.1924558437947;
  -6.43380548524649, 1.148699154413452, 27.27922389606177;
  -7.10764074254789, 1.444756570496602, 30.2266343775974;
  -6.690726985516693, 1.488599969051617, 28.57216717572243;
  -3.819127170195179, 1.755556681900466, 16.75866171171364;
  -3.800997889574714, 1.824593038877315, 17.0769522514786;
  -3.752154107187529, 1.697741293171052, 16.98916482647956;
  -3.313335854622013, 1.920069898189226, 15.67995520993343;
  -3.806740678620027, 1.707676737134049, 17.89598031691947;
  -4.609484446035089, 1.020593364256206, 21.76382496309521;
  -2.330592986443395, 1.875161648468665, 11.593494528971;
  -3.734685139124012, 1.894433987970791, 18.19001502034553;
