m=[15.58746527779406, 4.160540533370537, -20.18656806699658;
  -3.159596871560625, -1.031221419283756, 5.901956257045259;
  -3.177245716378376, -1.08691891325846, 5.997221082330627;
  -3.152810902587798, -1.178915553471338, 5.986681085045562;
  -3.131367483644532, -1.174581428654294, 5.994348533925539;
  -3.129830133919115, -1.084723067947589, 6.032391822265436;
  -3.116579416992634, -1.184773342785358, 6.011283027020712;
  -3.226495371663201, -0.7095420762088401, 7.792853556585555;
  -3.208114930549953, -0.08060100886894188, 7.796224117547841;
  -3.19832652515328, -0.2492624013064138, 7.92774492544253;
  -3.192587943576524, -0.9443213984196465, 7.941132549208321;
  -3.215143590086002, -0.9021505749101165, 7.992778642747027;
  -3.245780734816588, -0.04471150148577319, 8.05765990413053;
  -3.237388337428937, -0.1602284594855166, 8.090913266502046;
  -3.222144897391531, -0.7917989904623707, 8.079425619297981;
  -3.123414777066511, -1.004431238223001, 7.911923600559324;
  -3.200756452577618, -0.7602466198897133, 8.0940661026619;
  -3.197103861807688, -0.1352970314845259, 8.132005229336413;
  -3.159376871852872, -0.8063872818856442, 8.082000427351126;
  -3.34677456145859, -1.96531507320966, 8.751528333176905;
  -3.355077663821843, -0.6707453413851409, 8.789512509902314;
  -3.372421512757329, -0.7234220524496374, 8.890471692405894;
  -3.329432091218457, -0.7382453063200275, 9.030166056563271;
  -3.302848476534282, -0.9650999694125892, 9.084882333495399;
  -3.229737403928066, -0.794109367272208, 8.971354874789231;
  -3.213030155236397, -0.208681374168802, 9.083605701414284;
  -3.230467666481377, -0.1320646393361671, 9.153623388664252;
  4.847673523717397, 2.785121771408452, -11.45320994882315;
  -3.237300724344429, -0.5612484695342905, 9.24815846638203;
  -3.225004277358805, -1.931533592076494, 9.24772209799824;
  -3.334734673166471, -0.1345363734806084, 9.571823523336327;
  4.778310143535761, 2.759977296169251, -11.48667199760224;
  -3.265221897378411, -0.0867607875063586, 9.429339520505465;
  -1.721390970516539, 1.003869647211486, 5.424672632045815;
  -3.206803130381918, -0.8831880300936842, 9.338172715168152;
  -3.234836714373789, 0.8295427646605582, 9.387801853296216;
  -1.775687498805562, 0.9462773784612844, 5.624758458552807;
  -3.199869142178547, -0.548628547451107, 9.416466338393054;
  -3.244439906231642, -0.4921892624460569, 9.540085738053673;
  -3.214005854879067, -0.1999826676827283, 9.453410666852257;
  -3.218813678956384, -0.9673248608798273, 9.489132328590033;
  4.963807590478349, 2.986354023585345, -12.29602976652975;
  -3.173216430695295, -0.8649258655985057, 9.46039719134558;
  -3.210755013009479, -0.7955107053285846, 9.582177962623014;
  -3.192632081938284, -0.676562567522295, 9.543048109486382;
  -3.223458529523569, -0.2319726437255584, 9.634873094332264;
  -3.286449606456051, -2.05415067195001, 9.890647227727706;
  -3.290611927536647, -0.5278031440762501, 9.874818500496707;
  -3.235544550464857, -0.580675953229871, 9.848661834821476;
  -3.199935073690176, 0.5928524782054124, 9.729852167562836;
  -3.263328604932182, -0.8569694847118518, 10.05694614489395;
  -3.234069790458525, 0.8325512291494808, 9.990551978749855;
  -3.221868915455057, 0.5827561577798679, 10.02248601660563;
  -3.270938354165467, -0.6627357324370751, 10.2964696998808;
  -3.302331733242165, -0.2809326903639348, 10.39011825750325;
  -3.329032787629368, -2.073451019318996, 10.51020794780009;
  -3.328704676997379, -0.3723904615971044, 10.50950730180013;
  -3.314773881636222, -0.8326959671884907, 10.61420870510346;
  -3.216029077405262, 0.8234265221394841, 10.30119476531357;
  -3.300870716621634, -0.4722508670921226, 10.57837074223039;
  -3.271448028192328, 0.8004934380200552, 10.52025627022595;
  -3.282183175892446, -0.5398602847085867, 10.58460302121988;
  -3.286032899091951, -0.4135692462379071, 10.60925340375439;
  -3.255245521485318, -0.4843954641903474, 10.57901395227891;
  -3.187133486298791, 0.6569170637817829, 10.40917117159274;
  -3.259229983293522, -0.3892636926893492, 10.76587551394354;
  -3.275758003632389, -0.0537365803033638, 10.80754621446876;
  -3.254373202644448, -0.2099177405607799, 10.75297356053591;
  -3.263801736196556, -0.9392641659547503, 10.79555240957126;
  -3.263179683175333, -0.8538080545275386, 10.81493798891021;
  -3.190513346048509, -1.9611036316013, 10.62846614538825;
  -3.323743978331257, 0.07640511687029791, 11.08335023096648;
  -3.272719357833339, 0.1706194193179921, 10.95123550383197;
  -3.274605904044073, 0.4956458365477947, 10.96117792757451;
  -3.264358810135712, -0.3489448360345036, 10.97164440982884;
  -3.302162028502811, 0.7736377713872916, 11.09391258225664;
  -3.249739184537283, 0.4371736092259022, 10.96216626679005;
  -3.295234865631765, 0.7359995852446306, 11.09955650879912;
  -3.245291920381813, -1.932923649883528, 11.00813862156813;
  -3.266139969431498, -0.7807414669492223, 11.07848259497462;
  -3.262382375550235, 0.2439604054845979, 11.08804867814441;
  -3.238992750416045, -0.511143856977757, 11.07951960852451;
  -3.263021978353035, -0.2781043643798377, 11.15426942444176;
  -3.269804107200999, -0.1901694442381064, 11.17997626338878;
  -3.26852096560189, -1.54459599270424, 11.32697236323171;
  -3.240191372286776, 0.2203819804935215, 11.27600485599523;
  -3.241559192843315, 0.4461041175701537, 11.28799093230199;
  -3.215999515311371, -2.489059022477336, 11.35690810281965;
  -3.192130300398184, 0.4797651603416335, 11.28275564123834;
  -3.226597467482279, 0.08219991343771751, 11.41331763691157;
  -3.326349781949159, -0.157519355760639, 11.79088171318047;
  -3.193577999794908, 0.2317326322266858, 11.38251824518907;
  -3.266651171663048, -2.590429682852148, 11.72150641240842;
  -3.31852583270886, -0.05804725368516545, 11.91911064094252;
  -3.164401737482658, -0.7008511502769935, 11.43097779790227;
  -3.22586081240985, -0.4525310057431695, 11.67772205382269;
  -3.256349057488432, 0.3190756570630837, 11.77181216729363;
  -3.243015532068839, -0.8451360808634968, 11.77926082176807;
  -3.175513815978353, 0.8024657034870818, 11.53954772958829;
  -3.230718646375776, -0.5564882821195637, 11.97387453136099;
  -3.216209098127662, -2.14694138990158, 11.97002691850128;
  -1.713569788899246, 0.9686523117084432, 6.801777019522637;
  -3.268433395764987, -0.3975075312693731, 12.19512547797931;
  -3.345452023122246, -0.1139738741950968, 12.55827781028099;
  -3.328857366799604, -2.198275032790723, 12.56848233180285;
  -3.245620265686798, -1.004267509328402, 12.28090932784385;
  -3.297689470130892, -2.657329559764831, 12.53883970015732;
  -1.940546057466355, 0.9344956158769876, 7.768176372697777;
  -1.7357492493713, 0.974973035369724, 7.066794668461406;
  -3.393222871107143, -2.064551693697553, 13.14893762795738;
  -3.446948502517317, -0.3205244502980839, 13.30457240117009;
  -3.305429118177424, -0.9917954221088514, 12.85231811031817;
  -1.878160406850315, 0.8910938061853003, 7.779636825335464;
  -3.508333958378046, -2.22377812353525, 13.85104203021386;
  -1.827042368116974, 0.9064523986020433, 7.633456747391028;
  -3.512839314178698, -0.4781657894311255, 13.86176879617003;
  -3.419434334178948, -2.256549405959436, 13.59350489201743;
  -3.482405473238417, -2.475123531407031, 13.8587392950155;
  -3.42611061238432, -0.5532328425953677, 13.6095008307225;
  -3.444152330757795, -1.070132875649261, 13.84390858314609;
  -3.31302569229584, -2.678228447628205, 13.4807949458706;
  -3.328940559383937, -2.604943238407298, 13.5567890975047;
  -1.82122057111655, 0.943057584024342, 7.800450031002185;
  -3.315430974061978, -2.873498057617022, 13.65703178632106;
  -1.861281858135051, 0.9125595571595609, 8.035379414439671;
  -3.342046575252567, 0.3805066668426742, 13.70548156825937;
  -3.317226156401512, 0.6995260698785601, 13.73662148947275;
  -3.241859044740714, -2.735133331959643, 13.51404192770688;
  -3.905560287431698, -2.231548480361699, 16.10327326159756;
  -3.271591943090009, 0.470826456585391, 13.61062185068355;
