m=[-6.339330307045105, -1.721295340671515, 9.197665813880439;
  -6.169633289002264, -1.721336596368106, 9.175253228434954;
  -6.304073356419986, -1.739288309836503, 11.04811569088548;
  -6.298182409477185, -1.846246465358926, 11.21343713682519;
  -6.256967261250487, -2.042133513181925, 11.68767680777724;
  -6.271475393031453, -1.976459905331157, 11.73468932229346;
  -6.269751030118388, -2.271490961244228, 11.81927156977885;
  -6.124853631759732, -2.039275756938746, 11.56952335316269;
  -6.305984467054781, -2.157243850742724, 11.90288267467653;
  -6.250894102583649, -2.637037610597545, 11.87615602188873;
  -6.245164046243538, -2.522432487552017, 11.8697523361052;
  -6.191931044751772, -2.32260418193032, 11.85315775747809;
  -6.183519572467458, -2.426264240801897, 11.91438264314555;
  -6.358115916894712, -1.00609972939223, 12.52522794525736;
  -6.213476917941813, -0.7494511660137728, 12.27737716334628;
  -5.952907072235774, -1.891347914191049, 11.91106340199768;
  -6.309886406890271, -0.8743224184142037, 12.71037157687486;
  -2.631959558415887, 0.6182202459435434, 5.916187586725591;
  -2.534689950921795, 0.6158408334366505, 5.783926344668007;
  -2.538920654290528, 0.8490130655898748, 5.877135630604917;
  -2.518809939403042, 0.7033162884772739, 5.846230479540221;
  -2.573749704545102, 1.297762506985019, 6.77105507374001;
  -6.318871364757812, -1.389589815260041, 15.26177276463166;
  -6.284795437347346, -0.157899845782109, 15.27304190255508;
  -6.159568808261236, -3.504386463503902, 15.13461072781981;
  -6.070504605649367, -3.652171347062093, 15.03746951676815;
  -6.385769540104246, -0.08796569072504216, 15.85269104236753;
  -6.192739371581028, -1.83172285517955, 15.40360518223803;
  -6.310173643850872, -1.770597990751155, 15.68695758662751;
  -6.323340754185302, -3.496272748685877, 15.73352745979505;
  -6.349491111931596, -0.3142561451832967, 15.86871160284207;
  -6.251364731159907, -3.750324334294759, 15.71186479735631;
  -6.329562613011941, -3.717025968069091, 15.98546231943347;
  -6.237933459418007, -1.481639699203101, 15.77447285121466;
  -6.265439216186288, -1.372486781280732, 15.84530345369009;
  -6.395957770214812, -0.2637727847478636, 16.23520197811865;
  -6.205369448914706, -1.583834789570991, 15.87395254577143;
  -6.19803438323839, -1.726938061999928, 15.87469894836876;
  -6.466427018091633, -1.163188731422882, 16.55356568398059;
  -6.4382061794929, -1.287122753770388, 16.86658236445168;
  -6.240407767203877, -1.613979889112864, 16.40522599740444;
  -6.536275264403797, -1.402103992417226, 17.23111123331762;
  -3.433074477543196, 2.023887738658031, 9.608733466534861;
  -6.336722636969832, -1.498024911118718, 17.27623635719159;
  -6.304411214146755, -3.754313669648064, 17.35370714508154;
  -6.4660105196991, -1.889383239685022, 17.78554031647538;
  -3.312821603416641, 1.994285408578598, 9.604307287034265;
  -3.394222200336599, 1.99527522949225, 9.828122394723039;
  -6.153360693435606, -0.4065363599747328, 17.05859280924999;
  -6.239490406245998, -1.631253097544354, 17.31529187200701;
  -6.275988267237712, -1.543104112997709, 17.43303274963623;
  -3.543267649900546, 1.859291211961917, 10.33374438866808;
  -6.297826447460411, -0.08567519022128702, 17.59192907597798;
  -6.265628122899212, -3.4588318085086, 17.56167867681267;
  -6.224044287831572, -0.4042421179133358, 17.59608887786558;
  -6.138470153345984, -3.791743619538063, 17.45392631473885;
  -6.375352084410721, -0.3474167986344391, 18.15967639138738;
  -6.354595412430912, -1.1016915799377, 18.15348970269244;
  -3.429011796895522, 1.894220737439614, 10.27701817187677;
  -6.305995884061949, -3.776814488921257, 18.08248686562519;
  -6.351905444361405, -0.2562609643437308, 18.23213056186419;
  -6.308755573017137, -0.1676310581340751, 18.21848564032386;
  -6.327462523353301, 1.622616910332882, 18.36289421949927;
  -6.178015095604664, -1.701491722544968, 17.99030674913979;
  -3.57883303260963, 1.978819106163197, 10.9314735873496;
  -6.181551379515605, -0.3846300197047695, 18.18190332792872;
  -6.164698385560356, -1.056958697517714, 18.14126523763203;
  -6.137712117202858, -0.1722200456850045, 18.07096937443089;
  -6.157427727146593, -1.441788729944211, 18.13312852463452;
  -6.172936846918895, -1.855104355901021, 18.19795130715189;
  -5.979538843963099, -3.412529484812958, 17.6935794713745;
  -6.178568534423288, -0.2778597354602103, 18.38402619579649;
  -6.299776562055832, -3.490132932169359, 18.7412799470621;
  -6.209960147297796, -1.538606887421431, 18.53300642095064;
  -6.123515628650035, -0.374404702086717, 18.28371978738032;
  -6.10308073116738, -1.293326591759241, 18.24262600225775;
  -6.234807983478187, -0.4486810913811937, 18.63575508670206;
  -3.590533636741596, 1.859839100674805, 11.1587371068767;
  -6.219011235822463, -0.7934118033648772, 18.60078159055457;
  -6.263624963195318, -1.00466448845696, 18.79655244337386;
  -6.311688010000136, -3.945034830721656, 18.99517320933698;
  -3.4439443083426, 2.008417156268959, 10.85300826816238;
  -6.305719982698207, 1.168261740479919, 19.17342753174899;
  -6.158573694242444, -1.10526546448784, 18.74605920376118;
  -6.139437253088397, -4.356525136024785, 18.73968998084079;
  -6.445916383185675, -1.029203999457951, 19.63862212675655;
  -6.242677871703443, -4.08871378693603, 19.09823600441863;
  -4.260807977458908, 1.78789390669675, 13.36625864622387;
  -6.378812792884998, -4.051296466796146, 19.5213108256245;
  -6.45706896922788, -4.445638406131766, 19.82287836529129;
  -6.266188836575623, -1.645538426706791, 19.31117925664319;
  -6.404878791616233, -0.849922056708304, 19.72997066057792;
  -6.269147586487468, 1.613875663490132, 19.36638628208987;
  -6.219419171641506, 1.124938635058137, 19.3471687752951;
  -6.032866943274317, 1.416946541038318, 18.95281615128821;
  -3.540089061367072, 1.927856837025364, 11.5513975026024;
  -6.218234887235935, -1.259897315768736, 19.57415890202608;
  -3.615980790039295, 1.867495077641105, 11.80261627056597;
  -6.30268677528492, -0.536175919117494, 19.83012798987325;
  -6.569210757246368, 1.414352144226871, 20.65656553668083;
  -6.34134093431997, -0.7094215638877737, 20.02111190968002;
  -6.527299285284727, -4.065455710369098, 20.60756898544167;
  -6.314561647617484, -1.552726103731034, 20.20083601211307;
  -6.316698701926833, 1.617316609502523, 20.23288410528014;
  -6.299090451187928, -1.582378588391253, 20.17026291646475;
  -6.279387017036274, -0.8983829474658925, 20.12368541599323;
  -6.382159175321743, -3.847180266443789, 20.46789489889426;
  -6.560495481587132, 1.605293294563682, 21.09710841534985;
  -6.238560761315483, -1.026131391298667, 20.11852646351128;
  -6.239732375366792, -0.7853121056456288, 20.14553839682181;
  -3.483253433916346, 1.901170259363427, 11.75111398954028;
  -6.173058085894578, -0.9185793566890459, 20.0614261467778;
  -6.079461587702519, 1.253070218971453, 19.85550858461466;
  -6.167494593782243, -4.982691976854405, 20.19333719593612;
  -6.314451715400353, -0.0888183026328119, 20.81251460737074;
  -6.253623259652191, -0.1025864328520757, 20.63226963396668;
  -6.162527802702248, -0.7360168938911671, 20.35603732022167;
  -6.179310323990951, -0.3985857738694633, 20.41743721409347;
  -6.311464805668201, 0.6581627467293576, 20.84888545444417;
  -6.235734495801045, -1.794533624808731, 20.62570094715383;
  -6.171862575429473, -1.614862339793387, 20.45499099344539;
  -5.987556253873631, -3.680353924371305, 19.94617543810645;
  -6.113604766837355, -4.812590953279316, 20.39544305050513;
  -6.337879203980038, 0.1456930511034878, 21.13427971505119;
  -6.294129870465321, -0.3039830443707677, 21.0283694177971;
  -6.25968408707018, 0.3263413532521959, 20.94627345696957;
  -6.332416211258668, 0.9584773931183492, 21.19667002290035;
  -6.161800779212449, -0.6586679613477219, 20.71006620467517;
  -6.360881768854505, 1.490241348921884, 21.36995873631821;
  -6.196095181277694, 0.8335343668178343, 20.90094672988162;
  -5.991917203838771, 0.2138485462163285, 20.31982069590893;
