m=[-2.801365518556148, 0.3801288692954724, 4.712377487051601;
  -6.323953435906383, -1.492569795759581, 9.950961258935065;
  -6.255416275661647, -1.489149800189705, 9.92231737423081;
  -6.182400446510877, -1.654779794247741, 9.933350361367015;
  -6.266287558595669, -1.791445513277384, 10.24615765985888;
  -6.292532156583092, -2.014834166905445, 10.84326855780818;
  -6.218642505667897, -2.027281951078486, 10.82451284395992;
  -6.311487404316158, -2.112139683108242, 11.00526515488859;
  -6.239360646051045, -2.303926064842417, 11.03565491393677;
  -5.959485441552043, -1.913370829057991, 11.18036627533436;
  -5.904833658732537, -1.820484377924622, 11.11143865713193;
  -5.996167335250932, -1.846972396058544, 13.35272018118233;
  -6.332776814989297, -1.417237016387835, 14.38337593532988;
  -6.420848861477452, -1.346217270441281, 14.62784774371528;
  -6.398575297126312, -0.09154134723064827, 14.66651130182222;
  -6.298993551201677, -0.239357873625471, 14.57225643751511;
  -6.398056474890781, -1.835049560162049, 15.027366968587;
  -6.366783659742879, -1.725021599644947, 14.96178480811131;
  -6.43199603221984, -0.02144349343063975, 15.10072353770938;
  -6.430989496809667, -0.2476701329604947, 15.20247393183752;
  -6.400724389576983, -1.700121074653834, 15.26190468592228;
  -6.379478684085897, -1.453702867229414, 15.25808176286127;
  -6.429817818085497, -0.2009301246568024, 15.46303911387383;
  -6.247442372054157, -1.528848364029363, 15.12053164655051;
  -6.419522118709654, -1.724011994860496, 15.55736236893185;
  -6.456788944531782, 1.766468554821019, 15.72847243129202;
  -6.662384993989256, -3.857821640087999, 16.55597253787456;
  -6.388192902025136, 1.299560941507474, 15.86354204390222;
  -6.755980238840922, -1.270477798732621, 16.81200100873191;
  -6.708614021324206, -1.375729749954222, 16.82821008129186;
  -6.365097761034954, 1.668148613284193, 16.27999518086669;
  -6.390940603582562, 1.271671931838067, 16.50184569212491;
  -6.710180387039905, -3.972376067671113, 17.51705055374223;
  -3.489523825897981, 1.988603604759501, 9.532458385880892;
  -6.482765435021957, -1.801878109467327, 16.99167740653173;
  -6.398993711534931, -1.503393361689107, 16.92806271337892;
  -6.480720892031219, 1.661971189170939, 17.19561582410751;
  -6.439224859897887, -3.493808080212011, 17.19421334789905;
  -6.448072304746966, -0.004498730999978312, 17.16109167659666;
  -6.412628511187545, 1.753770976854485, 17.06835150333321;
  -6.40189508258541, -1.210858678622252, 17.10192442073552;
  -6.227535706347609, -0.2707076143491344, 16.66768042230373;
  -3.525801191709003, 1.911915649787374, 9.858102193631734;
  -6.392679866997721, -0.3453910330271102, 17.22337667477093;
  -6.412312571572982, -1.588288840436349, 17.31262803620589;
  -6.345413031221721, -3.865381729659688, 17.18758201587867;
  -6.582914938450503, -3.682209556794282, 17.88755192491172;
  -6.517867034155307, -0.08533046780696035, 17.65837293291301;
  -6.336792027169859, -1.020937432450969, 17.28365317345167;
  -6.314079748550268, -3.724396706753578, 17.28260276474232;
  -6.467521894979385, 1.410850453351866, 17.60467941577999;
  -6.463914157502683, -0.9395847261128845, 17.64307446706679;
  -6.514956605183021, -1.351695824651716, 17.78465203064856;
  -6.483279421445128, -0.4105617560579633, 17.70056266403661;
  -3.54977793709229, 1.905368100397968, 10.14898327778616;
  -3.449588205673993, 1.969433475286095, 9.901317307816363;
  -6.728688679573045, -0.1884629306693982, 18.44450305936702;
  -6.430549759765032, -3.614713312766472, 17.77895657638666;
  -6.446867777744582, -0.5236858178371526, 17.78327016598999;
  -6.499689521438637, -0.088153682406405, 17.92506074081258;
  -6.322326106321293, -3.739308116033717, 17.60258949366875;
  -6.377365012771413, -1.687072346082202, 17.72695977979837;
  -6.418051307964676, 1.740441648022549, 17.78691929535627;
  -6.30479825244028, -1.364946874164477, 17.60192717286996;
  -6.331039577800948, 0.7907075723761603, 17.66660153139048;
  -6.36867673775825, -1.016241794627765, 17.89866333916993;
  -6.419539700875674, -0.320676379527655, 18.03363152789208;
  -6.372416875404412, -3.578331135872259, 17.98272138640926;
  -6.395517798688421, -1.850524654489308, 18.00973942789698;
  -6.596247401767453, 1.795362436325217, 18.54499670103602;
  -6.274032974933452, -3.719464130224794, 17.84263989199213;
  -6.29571584604367, 1.783028098423438, 17.85195147579396;
  -6.508696934885229, -3.545352351441137, 18.52792418643579;
  -6.33191326194091, -1.480346025660049, 18.06533070451359;
  -6.38149127223104, -1.288507853041166, 18.23179262202839;
  -6.389505378145131, -0.3756695720526151, 18.26786972733956;
  -6.383339714011094, -3.774812280436484, 18.38431064627829;
  -6.502575559165863, -3.999418252857871, 18.73297184267452;
  -6.602496507243797, -0.9742366952502904, 18.9620456329817;
  -3.510696490802247, 1.981968730624784, 10.5781721916844;
  -3.52871654632412, 1.892041339484256, 10.65781413533938;
  -6.47994911566294, -1.083925120011038, 18.87765632868981;
  -6.267761376398688, 1.252061424319031, 18.25244336942612;
  -6.621206101873028, -4.142304785715996, 19.43185779591102;
  -6.753821993963835, -0.9962698605881584, 19.74360879447223;
  -6.698975563009259, -4.08647382091086, 19.71492434262572;
  -6.753083646211358, -0.9303566941951125, 19.83836270842751;
  -6.458800933733608, -1.618506588068619, 19.08278975090892;
  -6.440108574588292, 1.758340402845276, 19.06468441698144;
  -6.43137582175698, 1.266779312194399, 19.17934358182608;
  -3.506461990725592, 1.983759246985587, 10.94142573227977;
  -6.529781407099712, -1.228845320814938, 19.72042485078411;
  -6.574009835576979, -0.4725184474423202, 19.86072294250845;
  -6.401384899678795, -3.92642558732743, 19.4431023581819;
  -6.384797166059049, 1.473110242522711, 19.30849072818861;
  -6.241874796801047, 1.703583147318998, 18.89566672749332;
  -6.615113178744301, -0.6638250389498968, 20.06878397334203;
  -6.613665002365157, -0.9722883283297249, 20.21591610812407;
  -6.573401029323121, -1.57460636394927, 20.23587549776861;
  -6.299182405296559, 1.710930396406105, 19.38373803400503;
  -6.557035657385485, -0.86207537642042, 20.20070203524267;
  -6.258979778597479, 1.622591716737407, 19.37476909814862;
  -6.524697565719307, -0.991793455861114, 20.22595822021709;
  -6.542898352790819, -0.7430428647669399, 20.30782667232471;
  -6.49134021078362, -0.8798331952730638, 20.27522403690118;
  -6.416397665585632, 1.432152505091485, 20.12599457443858;
  -6.464298304512123, 0.3225687201078893, 20.37129589709778;
  -6.606514327195148, 0.8761596069694426, 20.86098325511754;
  -6.496946095200598, -0.6982764162498104, 20.64829039234787;
  -6.498696057545479, -0.01484344637450929, 20.63712056338458;
  -6.452189177904948, -0.3220128839730435, 20.5102606276301;
  -6.410993090603482, -1.780113399905864, 20.42515570844315;
  -6.48771369424978, -1.61445294343696, 20.68951682920552;
  -6.489414106536894, -0.1327426638915165, 20.68465374480612;
  -6.396886910647247, -3.879840228375834, 20.49192623488932;
  -6.638535289251588, 0.8138912265668856, 21.14192598980749;
  -6.607616311038553, -3.714158879025831, 21.18400757074655;
  -6.568171722062593, 0.2342957124415802, 21.10758148805919;
  -6.477800124225675, 0.4310606989906055, 20.87941931406715;
  -6.437790950685903, 1.07646952202479, 20.76652707618989;
  -6.473951777754625, -0.6243704484115713, 20.96370935701635;
  -6.269889217748066, -1.784335693731189, 20.37240696028578;
  -6.561966255847162, 1.239583156665125, 21.22558748988263;
  -6.542836489057799, 1.64276441696857, 21.18902380584969;
  -3.516960819944875, 1.874770114407074, 11.83748488811975;
  -6.476159733872708, 0.9695642003624732, 21.03804528347352;
  -6.453140452234799, -3.785751126265134, 21.08910695514977;
  -6.487387097199599, -1.479368660583022, 21.20947437148818;
  -6.362364988207985, -0.5710450327484123, 20.83487735539775;
  -6.327753713909556, 1.137962310641957, 20.70959897005849;
  -6.538494991465923, 0.5899782555319643, 21.40991317042397;
