m=[-3.133624037407334, -1.003369171534421, 5.399849559968184;
  -3.08700473235517, -1.006365773734948, 5.373411053021241;
  -3.129048587092274, -1.047136319507152, 5.456084624351885;
  -3.165155969509918, -0.4114102020722887, 5.924268178406408;
  -3.157672250410642, -0.6620484315399142, 7.193744923772156;
  -3.167342515895567, -0.04531364992707181, 7.260032530520886;
  -3.129734163132716, -0.1189279697162933, 7.240408874163881;
  -3.203236765612159, -0.01067920225636115, 7.520401533369963;
  -3.18026955449161, 0.6723950869754137, 7.683957838750595;
  -3.21490535738354, 0.8478565474535327, 7.789566928834347;
  -3.155563050532564, 0.6419415555902011, 7.836082581106553;
  -3.337618121880589, -0.6276468513212298, 8.305536317176248;
  -3.305816526076935, -0.6779209727014, 8.292469176822337;
  -3.164652810932183, 0.629703889192609, 8.171349977165782;
  -3.196835139113706, -0.1744327711700237, 8.428273628699957;
  -3.160358548528604, -0.7425014426644336, 8.360493871062518;
  -3.190442407684682, 0.8181841882437856, 8.465357923212673;
  -3.165457092727531, 0.8657115827025584, 8.425427144755519;
  -1.762296520446744, 0.9491170482805575, 5.184587849020721;
  -3.237544943901238, -0.04238521945315418, 8.771239994140814;
  -3.222028169509962, -0.1369064986449508, 8.762344006331293;
  -3.176055709193079, -0.5117027901755227, 8.662718470464142;
  -3.197525634923902, -0.6634091847219676, 8.728666086733306;
  -3.263446528825918, -0.09140543220145435, 8.945673124652535;
  -3.163518993193168, -0.7509532151951949, 8.742751815457735;
  -3.207456816409008, -0.04350194399184086, 8.845631482554129;
  -3.17544052829891, 0.86111323843916, 8.800382186718263;
  5.309117478998753, 2.978195744616722, -12.30073603888242;
  -3.146553721002018, -0.7035282931025417, 8.851225989559396;
  -3.152085084626101, -0.502974281019542, 8.858686359703741;
  -3.163551768649259, -0.1580294499121754, 8.886980932207637;
  -3.171341134176488, -0.04744235724170119, 8.914223823375835;
  5.261840596941184, 3.122831897320893, -12.28426610589209;
  -3.193571971451116, 0.869224394722989, 8.978556756257028;
  -3.069378567864348, 0.8692876815017013, 8.703441926908118;
  -3.210204973848464, -0.1033084136784857, 9.129059634402296;
  -3.16719505009777, -0.6394987503817957, 9.048612758927984;
  -3.162349005009292, -0.1425019123930612, 9.023072022550371;
  -3.1592596757663, -0.185747982067236, 9.032458817413156;
  5.217944026160637, 3.089396261303484, -12.40017151258712;
  5.461358694118254, 3.168431971646846, -13.0614162451254;
  -3.147088012134161, 0.6286690354497956, 9.164682933906377;
  -3.275314312658003, -2.049075341154139, 9.612363817292762;
  -3.218980381263187, 0.8494470446426626, 9.405724897327914;
  -3.362464310711772, -2.051152784515948, 9.895651785402714;
  -3.365145561817196, -0.4636083105729109, 9.885702846200932;
  -3.202693994627399, 0.8744303272966633, 9.480950450534349;
  -3.160401875645535, 0.6225000412422518, 9.42480040189816;
  -3.214766592385892, 0.8048269591313984, 9.668398252024829;
  -3.222660337348393, -0.6064752905542384, 9.732673582791357;
  -3.24296846298344, -0.233094026562078, 9.797323059367422;
  -3.137054558793906, 0.8561903999292724, 9.496623911667134;
  -3.276104092293798, -0.3287562688509685, 9.938972097058866;
  -3.24262281382245, -0.776744716434512, 9.982246823832075;
  -3.158547229662033, 0.8578977581549568, 9.719428352530585;
  -3.249869128785293, -0.4272711479552624, 10.01209103540275;
  -3.21831389764901, -0.4892031592951353, 9.976475043899871;
  -3.158940624796741, 0.8189307319681179, 9.778549758138508;
  -3.221442219246189, -0.3658424028930324, 9.998701904860878;
  -3.201981341062685, -0.4339950430932389, 10.00115337417912;
  -3.205907534565565, 0.7155648303011911, 10.05581028633601;
  -3.19827366122463, 0.1595939718214882, 10.07889426563499;
  -3.192160058884741, 0.4233460436259176, 10.07968714484293;
  -3.188837214003551, -0.3427286896290123, 10.13461337740064;
  -3.175649567222924, -0.1584888550898384, 10.09477535296198;
  -3.181628889573263, -0.8834294686977812, 10.13653650185072;
  -3.194914066003972, -0.7950471708484849, 10.18867839298176;
  -3.184315553501519, -0.06513600801298736, 10.14983225866742;
  -3.243697871677296, -1.823291287486067, 10.3992903092804;
  -3.270007810074956, 0.4009063071087847, 10.41408384446371;
  -3.229159944670953, 0.1151885732955391, 10.37727994247915;
  -3.209165249928919, -0.1107048586426019, 10.33129002957304;
  -3.158130153215445, 0.5280741301737513, 10.1872514717013;
  -3.217858173801904, 0.2141301316884161, 10.37188687757474;
  -3.215031446643304, 0.6073330270262479, 10.39946390956278;
  -3.182311204700917, -1.866910896562073, 10.39991332239909;
  -3.177984608215331, 0.4757850689371381, 10.32380096311104;
  -3.189483558966686, -0.7273224103764225, 10.42750629623875;
  -3.148550124416889, -0.2825936443822397, 10.31057724778926;
  -3.1454763762238, -0.5639948585297887, 10.32896484326535;
  -3.162661415943186, 0.5687625744272628, 10.35082156536615;
  -3.232535611051642, 0.2916765590923279, 10.58474570115143;
  -3.17265493506305, -0.459748558225377, 10.46060268055994;
  -3.165432121282445, 0.361596874252562, 10.45814729040941;
  -3.186006666074709, -1.468923910633417, 10.6491883383437;
  -3.212005694088957, 0.3841378535506941, 10.69280291095211;
  -3.203316242640798, 0.2669913654401057, 10.7517977056426;
  -3.186768367986802, 0.4895875386490186, 10.70168409907562;
  -3.13259360467663, 0.5248284151855309, 10.68306072160753;
  -3.163291042570274, 0.1310431764667975, 10.80566518348009;
  -3.112014235924777, 0.6789693649003441, 10.63739821105836;
  -3.146216981100777, 0.2801275518801912, 10.8234045102554;
  -3.145674618859263, 0.4297991737123035, 10.87985425815444;
  -3.148172902212371, 0.8572685449072847, 10.91251981007134;
  -3.210443870083633, -0.007311002266060161, 11.15376449430824;
  -3.124849287171725, -0.3980303186639141, 10.93706420651111;
  -3.154080647608454, 0.3582699635766035, 11.02472669081223;
  -3.145063030024623, -0.7817585870365937, 11.04168241172412;
  -3.220583276868317, -0.01461564193577452, 11.42889682843788;
  -1.859856581693591, 0.9365325841978022, 7.054884600155212;
  -3.176293136735579, -0.3344352619459971, 11.47748056248521;
  -3.160687481971004, -1.75677369795451, 11.56075295463997;
  -3.20009192360199, -2.359022963514842, 11.71563283630274;
  -3.228720367827217, -0.059688421709698, 11.74088897161055;
  -3.23992009149609, -2.103386778020039, 11.85209460096651;
  -3.245078895425205, -0.4657238418866737, 11.83617379825802;
  -3.195939875938862, -0.9460555956512804, 11.70054663148939;
  -3.101479395862468, -2.173525777181655, 11.42959864196405;
  -3.251719341875676, -2.080769116598787, 11.99812129997384;
  -1.777344167012423, 0.9231473174420478, 7.031456385648604;
  -3.167819643123946, -1.892801516829541, 11.92179702424292;
  -2.845269604813099, 0.8957250379201371, 10.73776370094733;
  -3.177964063362424, -0.9083610796737017, 12.00722210508123;
  -3.379336900453446, -0.4703027194348549, 12.69433879302525;
  -3.266881698643368, -2.115800807203649, 12.44119910030208;
  -3.353313711839465, -2.088801895515572, 12.88899124617812;
  -1.796161834694886, 0.974436149334749, 7.293142218135163;
  -3.357872455761602, -0.3956909178125568, 12.90695577764537;
  -3.322882345955554, -2.157038647488613, 12.84553674202588;
  -3.365637208288958, -2.355017480007019, 13.0158481663411;
  -3.34986894538233, -2.484447129675445, 13.00923100515057;
  -3.327601555663915, -0.4869500497193082, 12.85955719975097;
  -1.836920199792634, 0.9444348218188464, 7.529913506204231;
  -2.629256116763481, 0.9575359703057258, 10.40983996440763;
  -3.28039150010798, -0.9730857239635687, 12.8379230976778;
  -3.279114319053698, -2.224228040084543, 12.93145473050286;
  -3.255175963634084, -2.223002193028673, 12.85543394481143;
  -3.294563888726153, -2.630723366220206, 13.02476055495117;
  -3.297437756985553, -0.06631331083169258, 12.95880560772735;
  -3.297554401532723, -2.544230654219736, 13.0561227550517;
