m=[-3.150525023694982, 0.823184972533475, 5.765244556374213;
  -3.134166007214377, 0.8216688726929933, 6.38509490230559;
  -3.261742358111769, 0.7641846716933939, 7.306043461589341;
  -3.146099805429656, 0.6316745793724438, 7.374773249135504;
  -3.050066493309104, 0.7175014680835296, 7.431193738502304;
  -3.197847745967988, 0.6251858070260543, 7.814992288021707;
  -3.273761345376525, -0.1728176891913232, 8.002253919223232;
  -3.169774000411171, -0.8988127580070242, 7.847921059561299;
  -3.14944023440806, -0.7592559394818357, 7.872001988534396;
  -3.11236382738796, 0.7845255462459939, 7.839040265262292;
  -3.139892270899078, 0.8467872547673847, 7.931530707289316;
  -3.235989335619517, -0.0609224281024399, 8.320519685420797;
  -3.165206843479598, -0.6780618754060666, 8.192215083452878;
  -3.168317660895728, -0.4812061753052159, 8.199029610828795;
  -3.164595369387353, -0.3088545657356518, 8.20036902591796;
  -3.2166998934497, -0.1087492000658489, 8.389766300193889;
  -3.162458570519501, -0.5680228286778062, 8.280908069757754;
  -3.190835130816808, -0.065214726343652, 8.359847573154518;
  -3.137581100585817, -0.8519322199372926, 8.264296849378214;
  -3.16022665551756, -0.7542738055712838, 8.353018244652565;
  -3.147339273773507, -0.5234163908391806, 8.393651371692883;
  -3.136676703991052, -0.1766946993642042, 8.372353967164019;
  -1.791685694425127, 0.9211765104679809, 5.202739758041695;
  -3.01947727159842, 0.8413632080274516, 8.150474120043997;
  -3.096602456186465, -0.153963494097734, 8.364960696399034;
  -3.119635365787551, -0.5085267977093625, 8.466224242647476;
  -3.136501125575532, -0.6555309113555652, 8.510594239551493;
  -3.124635130115623, -0.2046120494190638, 8.494913892026633;
  -3.198740435124335, -0.1815408545926422, 8.81837400832239;
  -3.109152829729736, -0.54725628128767, 8.625057193273316;
  -3.141002322699901, -0.8077675509332984, 8.715872884452773;
  -3.168243341517518, 0.6228530581868668, 8.795477098397134;
  -3.314547821125915, -0.5146194941193742, 9.249749139279592;
  -3.391723548103279, -0.4854187005643336, 9.513465582101182;
  -3.187363511013838, 0.8537184950568209, 9.017634302078488;
  -3.143998340964302, 0.6044179688177387, 8.961424873284011;
  -3.239775679504598, -0.2572524416707924, 9.352995962599866;
  -3.272034474432659, -0.3556911721859968, 9.489774161657694;
  -3.219617619974928, -0.4482202336839652, 9.483519380884797;
  -3.18713149694858, 0.8486699720561339, 9.384100899737659;
  -3.199544724433482, -0.5151759828824898, 9.483662926967659;
  -3.204162358122883, -0.387986420915389, 9.51279035296723;
  -3.173328408881606, -0.8886673944197713, 9.480422615310296;
  -3.182467160354646, -0.4587519158305554, 9.50678807274279;
  -3.154686373632419, 0.8361860398650081, 9.4858445121153;
  5.1336332171882, 2.821385804510844, -12.93739004683163;
  5.165952734571894, 3.075254866893172, -13.03277280369734;
  -3.163870391834411, 0.3993000641757032, 9.588942170292309;
  -3.169288307438886, -0.3671079838333475, 9.645117650991528;
  -3.185117137526253, -0.9149794643548344, 9.700603861645893;
  -3.176406225886282, -0.8203249878420447, 9.691662149390119;
  -3.229388936857186, -0.02812528982397297, 9.828277551493247;
  -3.182533414933014, -0.09137530679686433, 9.721082691041291;
  -3.193767122059837, 0.3700736889465635, 9.768771749142571;
  -3.237646362950024, 0.2950272932965151, 9.896820455451808;
  -3.210437488361519, 0.0850028295509223, 9.901209248134155;
  -3.18062150429888, 0.1863443747092116, 9.835684808300451;
  -3.21350254368693, 0.5119025512938759, 9.948198740717221;
  -3.184742581518758, 0.5811376258757974, 9.901568013103072;
  -3.180309705074113, 0.7780403013179766, 9.902046172345896;
  -3.199985660943172, 0.7459981169302715, 9.988225039596578;
  -3.177837692887854, -0.7546075344268558, 9.955221820442185;
  -3.153489112044641, 0.5090257356354638, 9.896026583229924;
  -3.17696603007899, 0.5565306735596124, 9.986363331556579;
  -3.196946895424849, 0.2653748431450102, 10.05958350203511;
  -3.188822707193189, -0.2549499689225478, 10.08479022037184;
  -3.184188081171999, -0.1699805681313333, 10.07676628519367;
  -3.142691370397664, 0.4361564613739565, 9.959437795466663;
  -3.163961140510042, -1.493515824671983, 10.12982461908735;
  -3.189130260440815, 0.2366067114732334, 10.29172958661088;
  -3.141366030118382, 0.4575184528631513, 10.15114923470113;
  -3.16130775098814, -0.7144093031668816, 10.35695500078507;
  -3.088858434773084, 0.5825911376761312, 10.14114126634888;
  -3.104879281754555, 0.8064205363213757, 10.18894554221139;
  -3.125238617273129, 0.4983883716017637, 10.25550082282992;
  -3.090879791901348, 0.6543717516876823, 10.1666650946081;
  -3.135593307717649, 0.4298286916892311, 10.32054249977672;
  -3.233250759093239, -0.1378241061499608, 10.66677229570042;
  -1.751349848180388, 0.9618105273129971, 6.217639408039438;
  -1.672329261581575, 0.9725998165534242, 5.990617341120585;
  -3.168966774987718, 0.259386960259882, 10.49247415871617;
  -3.123363419177662, -0.735917588873817, 10.40142352570635;
  -3.217203188228458, 0.05765465726662181, 10.71288212779597;
  -3.088840157436927, 0.8211308737556826, 10.32796876285142;
  -3.107732504946368, -0.6784794171991161, 10.40725365007789;
  -3.206101193437618, -0.03921311105945032, 10.73233081803963;
  -3.093150525710643, -0.4324657397963908, 10.41216094302319;
  -3.200206610766712, 0.3365838063153954, 10.78023118768184;
  -3.137156508358305, -0.8162133829755542, 10.59463047953264;
  -3.067998649263926, 0.07816421512117748, 10.37918709879932;
  -3.055112038108299, -0.6661896641941576, 10.42767721434068;
  -1.812683823577357, 0.8950316914202943, 6.708742995108117;
  -3.155477582664725, -0.357744992033018, 10.99371488047399;
  -3.136569423079373, -0.09129251331087941, 11.02164375412434;
  -3.203281059284812, -0.6413525926267942, 11.29411946975888;
  -3.156258505809022, -0.9738443600126072, 11.1449509229995;
  -3.216341433688713, -2.295743510778662, 11.36084405471521;
  -3.029259935441449, -0.1618038329847597, 10.89207558555459;
  -1.785368154944021, 0.9597105204457845, 6.838178299165935;
  -3.330742498463005, -2.03524993115583, 12.09072997145499;
  -3.355850765794279, -0.5049399184803057, 12.2148174763939;
  -3.417725724445751, -2.175036313840347, 12.68969438162374;
  -3.314804640912818, -2.199539106056331, 12.37819568388533;
  -3.412140790362783, -0.4413684556347589, 12.71311981169302;
  -3.305851838550318, -2.359119089870724, 12.36537225273024;
  -3.264495190807638, -1.013655590833517, 12.3762792796658;
  -1.775916325792268, 0.9000545574535424, 7.202545657683395;
  -3.233251827924918, -2.544153630204225, 12.35653551472051;
  -3.31830028228427, -0.1061727328140222, 12.63983345661582;
  -3.29010591102662, -2.678990729934272, 12.56323224299622;
  -3.166923751633681, 0.6950180511939916, 12.41398265492721;
  -3.093098397426475, 0.7562116441118096, 12.17339679502878;
  -3.049907577726325, 0.8060280687628576, 12.02381107105739;
  -1.766924710883947, 0.9503671519152509, 7.469620724752716;
  -2.043674626610713, 0.1441403982199226, 8.961199409903012;
  -2.016639145839061, -0.07195090505247714, 8.919916598634226;
  -2.03958040332094, 0.4311348538241841, 9.014330973957023;
  -1.774750260827041, 0.9451463509357001, 8.035455427175636;
  -2.008946757564468, -0.1107321944711921, 8.975042633757232;
  -1.806428886629415, 0.8947050471844199, 8.17350130701913;
  -1.971139550319768, 0.05515078183873383, 8.863058554882906;
  -1.995591875219082, 0.1351912120780481, 8.980382653774253;
  -1.959114283725197, -0.1617768456540934, 8.894358956564897;
  -1.966324600173355, 0.5102671137699192, 8.988109957452592;
  -1.983762030032901, 0.4482922507419079, 9.070356678991969;
  -1.93014468587454, -0.3985973201207984, 8.906243387842913;
  -1.905101578844738, 0.09709091554847955, 8.802402207847065;
  -1.956731970515005, -0.1074146391823993, 9.037987728183362;
  -1.912976958102271, 0.1330920424100645, 8.880169456057734;
  -1.752615056583365, 0.9146154929140412, 8.242444928454642;
