m=[-3.151063359456213, -0.5846753421144938, 4.928577492398016;
  -3.137948017096072, -0.4890848558363418, 5.014539243688671;
  -3.158439323503939, 0.7839085649691553, 5.285710185936304;
  -2.716962142210135, 0.6078226000023898, 4.815501253007661;
  -3.119208743581809, 0.7719561134138696, 5.858425822815214;
  -3.269931977237182, 0.7054207105747864, 6.816563702278534;
  -3.175489075694153, 0.5999300108730774, 6.734288846554374;
  -3.150233159055491, 0.5787447558011774, 6.891517546457529;
  -3.151201722679719, 0.683899068814653, 7.157760317921419;
  -3.018512564464899, 0.6653616907414272, 6.920201318327656;
  -3.168078495935662, -0.2499112145764458, 7.410959517361577;
  -3.106874944364059, -0.3706252480293736, 7.371143523059028;
  -3.1365867506675, 0.7852053596034047, 7.4351578042505;
  -3.230445571415835, -0.1251704845656162, 7.811560549567956;
  -3.152769859500304, -0.2134825292836757, 7.649145585561478;
  -3.163637132296205, -0.5953214404891416, 7.676895926491261;
  -3.151180991145672, -0.8013056468719977, 7.655245222505582;
  -3.15265563757356, -0.7389647537619587, 7.65984352802109;
  -3.166059859061455, -0.3730894721027622, 7.703918853700076;
  -3.225713287822309, -0.1757169555085953, 7.911161908118502;
  -3.186032723077139, -0.1287168459862304, 7.851642440469951;
  -3.157652906085279, -0.8184858206230717, 7.844811854831158;
  -3.139411330591053, -0.59102403213447, 7.874706560431848;
  -3.137227903443927, -0.2444010794993482, 7.877823286539489;
  -3.142875841312129, -0.1316933448588163, 7.902732650069117;
  -3.094179553382949, -0.2186770655955559, 7.865447030489486;
  -3.121518314602927, -0.7094203797225295, 7.973066107999612;
  -3.10216437579194, -0.2708999586335366, 7.944351160456066;
  -1.75445067812839, 0.8918967538161857, 4.97577033667464;
  -3.167598345925639, -0.2487589939607579, 8.240467871793406;
  -3.109224495767273, -0.8662762980769077, 8.136444896324164;
  -3.171591190669089, 0.5565282772236077, 8.316949045548391;
  -3.179022515009, 0.7581418800258415, 8.394511461354661;
  -3.367449441452796, -0.5966574382152287, 8.89029871400305;
  -3.353464358888036, -0.5538134796410973, 8.910872430316942;
  -3.16699748682922, 0.7779976675307184, 8.478290097620755;
  -3.153460920458678, 0.5418443201364923, 8.498024565814228;
  -3.239534366606049, -0.7064040813469404, 8.831146077534717;
  -3.127901244668292, 0.766648587140363, 8.566234813119827;
  -3.262740093825662, -0.3445488624786366, 8.919664635872588;
  -3.271358906411037, -0.4373101936574245, 8.992653747051431;
  -3.190153093057067, -0.5206077414575311, 8.908197036937034;
  -3.169813288184262, 0.7329833339835193, 8.908882100515012;
  -3.19694066153562, -0.4648177678806298, 8.99467938527491;
  -3.16448045595792, -0.9604937446392463, 8.954245819736132;
  -3.167794121075203, -0.5314934693474397, 8.967634920784491;
  -3.155497141559874, -0.2134919443342501, 8.980907294291285;
  -3.150175785061437, 0.7613854107736443, 8.989407688454129;
  -3.113473382961026, -1.948686827917129, 8.927441346284669;
  -3.126173422939661, -0.5131675616989401, 8.973016645449693;
  -3.210752636856542, 0.3256733290933621, 9.223019752504928;
  -3.164518376337645, -0.4450485990364976, 9.132887204029601;
  -1.720442771184834, 0.8612451680005115, 5.415602940832555;
  -3.15969953798345, -0.9918967588587024, 9.131021989172698;
  -3.162793889857663, -0.89042119797525, 9.148799663415273;
  -3.170807770610171, -0.1675320578644443, 9.18761612156824;
  -3.194095330993669, -1.905046680799622, 9.278607667114342;
  -3.188881721829552, 0.2174156568429921, 9.262667484098438;
  -3.204914449068773, -0.2491357145824638, 9.343094618982999;
  -3.191774095455722, 0.005430807786104374, 9.352286552222445;
  -3.201339112379743, -0.2158782873049283, 9.386158054471279;
  -3.176111082222709, 0.1101044410419051, 9.337690811396978;
  -3.230300802146546, 0.4342049922505152, 9.493267871399002;
  -3.160839919719721, -0.2923207067673396, 9.321396402239181;
  -3.179015963717013, 0.5007948408605871, 9.393731269191814;
  -3.155023295161067, 0.3722635822021286, 9.352232733509036;
  -3.15118301765308, -1.967136413053226, 9.340112291516604;
  -3.1789401814639, 0.6627108584240796, 9.440866716395194;
  -3.162487461879923, -0.8327581414208708, 9.408764279588064;
  -3.129983690568612, -0.3858703652184283, 9.328337366086277;
  -3.132310891518191, -0.7631455789980172, 9.339647746764241;
  -3.164346504122582, 0.1846997758512169, 9.47532617795358;
  -1.680987055914977, 0.9325471208501025, 5.524992073149337;
  -3.153664664404444, 0.2547318459539579, 9.517292565087507;
  -1.759146010623195, 0.9208628232881806, 5.753215602233278;
  -3.147620377354381, -1.56715494690394, 9.573433966108491;
  -3.138641045664432, 0.4714502160446896, 9.626464033785162;
  -3.127643038924156, 0.3766832825352958, 9.622842107769047;
  -3.160801299948184, 0.1529785245971551, 9.716633793366858;
  -3.073228224585991, 0.4115026795364922, 9.602859386232508;
  -3.114831121881896, 0.7301253450335962, 9.734908444934453;
  -3.056789560831631, 0.5652001780762301, 9.574200792677232;
  -3.156968608211948, 0.02357262074949938, 9.880586417130616;
  -3.180337499629616, 0.1766426378276474, 10.03216605098074;
  -3.070733626251189, 0.3093838877323755, 9.745642318219293;
  -3.071179330466092, 0.7345270631237123, 9.787279145289498;
  -3.204083823285802, -0.1302534188245273, 10.22800307532794;
  -3.13563065970174, -0.9009744753373713, 10.08130371682084;
  -1.820287305091949, 0.885364119515038, 6.267615671275315;
  -3.195133969093551, 0.2503015481811654, 10.26209119022588;
  -1.684583700143512, 0.9369920069364593, 5.902910913675336;
  -3.130878988681569, -0.7693625876283426, 10.1713924112919;
  -3.173589278295739, -0.1340492288448364, 10.37374992944611;
  -3.175597079938228, -0.2299077886211773, 10.50439272135853;
  -3.223387577096421, -0.3121341245884312, 10.65194427824777;
  -3.106837165618819, -0.438925594958882, 10.33474434524695;
  -1.788650475100179, 0.9117603671147467, 6.364812998689181;
  -3.137550299500492, -1.874039081431963, 10.52666216631892;
  -3.149985352688594, -0.1805826765144785, 10.57872482498085;
  -3.15654561918128, -1.063400216808221, 10.64068391331493;
  -3.221269114023699, -2.073549971221829, 11.16565679303788;
  -2.698826786342599, 0.8070090261320209, 9.526185892399333;
  -3.149380562434793, -1.031404844462649, 10.98497362849707;
  -3.280053639966604, -0.3914502416518511, 11.4217925457856;
  -3.314966551354716, -0.5954318081524317, 11.56948778783748;
  -1.771326184239262, 0.8450856904712097, 6.702146560063806;
  -3.263833052329071, -0.6190973009815611, 11.73572158731505;
  -1.853996578761158, 0.834519188941397, 7.125345232754148;
  -3.273503053324963, -1.116997074625244, 11.90153889655653;
  -3.081034573630319, 0.5791524036738138, 11.60920040691659;
  -3.026367756216454, 0.7031097642720448, 11.4506269545761;
  -2.113942605093853, 0.5482511888821566, 8.607667945176441;
  -1.8064014433984, 0.8324959026581016, 7.685514267573145;
  -1.948408119478698, -0.01415623811650551, 8.281042997234946;
  -1.970785038552688, 0.3746988399841003, 8.527342483706686;
  -1.936771516680533, 0.02801754487741533, 8.447896237984123;
  -1.900286669730975, 0.06252057514588771, 8.327359089369056;
  -1.772594292798153, 0.8635162397238998, 7.840492316555643;
  -1.956368861452316, -0.06195628719546403, 8.600547547082233;
  -1.919955819555053, -0.01177252050780701, 8.552663985569595;
  -1.891083826766655, -0.3930619648118717, 8.542107934212316;
  -1.853556493972059, -0.5235113354372456, 8.567898375603347;
  -1.797433713846241, -0.4169849288206847, 8.478451556045787;
  -1.869619397835049, 0.8435748025651125, 8.925589928136699;
  -1.772745062408746, -0.5855338556478927, 8.51110561329741;
  -1.736571179624891, -0.4841049045621783, 8.413896663671162;
  -1.728132853348739, 0.4000346687440871, 8.514008157738953;
  -1.748436238904781, 0.8453685813606691, 8.629391040400508;
  -1.706414134480958, -0.4326959468974354, 8.466398191689995;
  -1.708801006241715, -0.3793069593059272, 8.521472331351605;
