m=[-6.187586962551325, 1.554363984161844, 8.820799522666157;
  -6.147080428120213, -0.8728231639760905, 9.178663489352633;
  -6.06748785450056, -0.8590302272034668, 9.198542534728189;
  -6.145562377174121, 1.201167792752775, 9.400687593885479;
  -6.219459842504151, 1.6347090977926, 9.641118488496048;
  -6.273077887609971, -0.9074470696248264, 9.799122771474305;
  -6.295895848909695, 1.365620846021818, 9.86713787904138;
  -6.158063086002294, -0.8809586823188179, 9.807317791524508;
  -6.180560020055807, -0.9633105105400174, 9.876728549896246;
  -6.235120885690884, 1.653375774907605, 10.15506362175056;
  -6.299524832434524, 1.563510001484804, 10.54237842265021;
  -6.124690554593538, 1.524487499052919, 10.44821855157304;
  -6.378861002988442, 1.578669833497505, 11.98062941345314;
  -5.982015114366518, -1.963378693053091, 11.33067712329014;
  -6.225240679315455, -1.515806250506227, 12.20216770982854;
  -6.325603816910703, -0.1918086878655968, 12.42882349459986;
  -6.325947165703253, -1.440808148532855, 12.452717246069;
  -6.205839868784604, -0.2120942533877473, 12.34496012143499;
  -6.184266545204095, 1.490461165532264, 12.3365216262635;
  -6.193061233697924, -0.3616822014350108, 12.42530345309322;
  -6.220298868738157, -0.549396402370385, 12.65884844521941;
  -6.251017008150673, -1.930934975029564, 12.73879893418761;
  -6.28007137506249, -1.839721549094041, 12.81267880402648;
  -6.305026072222106, -0.1474018943705243, 12.92096416491377;
  -6.278604515515435, 1.544074249757534, 12.87299576174907;
  -6.403838215051236, 1.690120441895682, 13.1166016823709;
  -6.225136412308744, 1.588117174315007, 12.83038669266342;
  -6.269834266613151, -1.619631697898526, 12.93982207518059;
  -6.080936265006049, -2.037680713265616, 12.6121573771035;
  -6.24221659423889, -1.795210642063845, 12.9473526040601;
  -6.124205693087773, 1.508337469733335, 12.72566696831669;
  -6.250116607126931, -1.562685015879548, 13.01933582848129;
  -6.702444026579656, 1.445914734841779, 13.97204498019518;
  -6.058688111645449, -1.483601365281242, 12.75442856514478;
  -6.322927557203419, -0.3534808102714563, 13.31932260638375;
  -6.183306477438882, -1.796626462846236, 13.06966875110422;
  -6.363382116646052, 1.20220344376228, 13.49488289614901;
  -6.648792787660427, -1.288068442521222, 14.19934746036046;
  -7.126643685335097, 3.711776777429145, 15.25277018275134;
  -6.793712947345742, -0.5862811019617514, 14.6046051706284;
  -6.827269616031424, -0.5282300197991648, 14.71650402681831;
  -6.825887568426689, -0.7463104524890408, 14.73408124714991;
  -6.331186638610554, 1.163133292074461, 13.85023952416391;
  -6.311227079783274, 1.439412386997749, 13.83907051370678;
  -7.269526441158358, 3.838315618018937, 15.81853910128599;
  -6.646207689584931, -1.528704371611093, 14.73236552350907;
  -6.5987003331603, -1.3833104418009, 14.91220875733304;
  -6.288833159549641, 1.364853005376403, 14.2846965687661;
  -3.417577327788507, 1.777797379416817, 8.229276006819918;
  -6.556658813026385, 1.16783212832518, 15.00591279463694;
  -6.407924749607419, 1.412479674835625, 14.69072211989904;
  -6.53221846340777, -0.4548117708626309, 14.97907888706473;
  -6.366393358566947, -1.922264133198503, 14.74834060176073;
  -6.343821816415762, -1.877647357203234, 14.79746676968041;
  -6.333151143899704, -1.650721801925022, 14.81840321313581;
  -6.31295094914238, -0.4496994128956631, 14.77311220364759;
  -6.359518718042221, -0.501665299324657, 14.87656818787082;
  -3.391894785326704, 1.845598671214947, 8.393960819818341;
  -3.360329562459713, 1.733510560654248, 8.348487509615143;
  -6.151799979245603, 1.43190205608186, 14.54167815742442;
  -6.198176878439472, -0.5546222482387315, 14.6787599696737;
  -6.398957069051575, -0.1659051716487639, 15.12883578154408;
  -6.318564416432557, 1.581773768484601, 14.9779130204195;
  -6.306612110692713, -1.713565622292802, 15.10763083901369;
  -6.522025218335708, -0.2527097389139587, 15.77094978774383;
  -6.37711993949994, -1.494761054661206, 15.49415683521608;
  -6.327216752536812, -1.087516674635455, 15.38280096399591;
  -6.418087703949916, -1.632038887561651, 15.59162592416551;
  -6.399927320326106, -0.7541694130016652, 15.57283277644229;
  -6.559293258925394, -0.3573098223260049, 16.08687020327875;
  -6.392931378412661, -1.280488649909956, 15.72520367496385;
  -6.449319793167286, -0.2605547948457032, 15.89367009114963;
  -6.364701485919171, -1.649775346962326, 15.81234136689871;
  -6.458411118718381, 1.592974808544255, 16.03465639831154;
  -6.361564978007319, -1.197625092115424, 15.95695886639242;
  -6.301510126195572, -0.4909097855554625, 15.82358207320948;
  -6.325996822227159, -0.2650730487455487, 15.90666133676361;
  -3.502219233036873, 1.729045611881703, 9.213566763396544;
  -6.468641096781284, 1.599475793821669, 16.33561371914535;
  -6.115834220805553, 1.578018648602595, 15.51644451448354;
  -6.199477279597399, -0.4381398934158405, 15.75915660941007;
  -6.362520924540462, -1.829009046494839, 16.18850897478227;
  -6.266125061002771, -1.424088014915559, 16.00510531001751;
  -6.422444853800596, -0.188076086381466, 16.39450446211831;
  -6.230336822245159, -0.5440711009997148, 15.95530654341934;
  -6.487853785018013, -0.509506510698078, 16.87807128107057;
  -6.54498276757038, -0.4264247882890711, 17.07881107722591;
  -6.262096757095716, -1.744713514357417, 16.38711044150132;
  -6.40495024820396, 1.123895140654582, 16.79587363286468;
  -6.842022029116026, -0.6056121357861817, 17.93601455275999;
  -6.484005038701391, 1.546323043303198, 17.12163231178188;
  -6.761121384663444, -1.197961078547061, 17.84982664071113;
  -3.3924821415738, 1.76420744746488, 9.449213354850857;
  -6.634799843926994, -1.854878537371766, 17.62369931347351;
  -6.973059768016704, -1.151577616632606, 18.52891201216636;
  -6.448243314339657, 1.584061332252433, 17.26243158271355;
  -6.418862223308112, 1.102922828335641, 17.29770884565622;
  -3.426885959024879, 1.742099963626842, 9.718938078255285;
  -6.27371840307424, 1.391111736249114, 17.09787769936845;
  -6.554007044425086, -1.429149007673267, 17.86657804872982;
  -6.260332717676189, 1.534407533235281, 17.14487634776907;
  -6.656783250262531, -0.7029634695650844, 18.19828501154537;
  -6.704212011707616, -0.8962086817850106, 18.42923965021361;
  -6.505679334598762, -1.061675388683865, 18.16648658582056;
  -6.515872434608914, 1.586880401539341, 18.19175166738022;
  -6.55349959564145, -1.20944503510386, 18.40443961577309;
  -6.601456749536474, -0.9598158727181845, 18.57337787099182;
  -6.720421420010244, 1.554021152152801, 18.88800274761376;
  -6.583932724435737, -2.079429530258987, 18.5324208874731;
  -6.468213107747715, -1.963253783820454, 18.30252105749855;
  -6.502196559492673, -1.090940533285277, 18.40691746372712;
  -6.422798081525428, 1.552365673943824, 18.3282313099004;
  -6.54318147074861, -3.799117947915959, 18.7228982605781;
  -6.309750778088458, -3.949199725294311, 18.09231140029434;
  -6.400726798904913, -1.050691986692925, 18.37192642228481;
  -6.616546839099025, 0.6711301305046067, 19.00630446888922;
  -6.943671242086509, -2.364951892565998, 19.91948821252287;
  -6.493459540710876, -0.9132211375678891, 18.74030310352501;
  -6.53331625935366, -2.050946662601847, 18.88023013240389;
  -6.517122727182739, -1.834765219668152, 18.85163949635958;
  -6.307243646579953, -4.047939999773897, 18.25596992352813;
  -6.622466340016917, -0.3499030828562491, 19.18901520112456;
  -6.565268467249349, -3.915707455794964, 19.07161309363079;
  -6.463996065015766, 0.602556343814795, 18.79994819734476;
  -3.479302066839589, 1.757345365244455, 10.53478852601288;
  -6.650673535646993, 0.4534381270094292, 19.31805030092117;
  -6.63260758001887, -0.5155892474674941, 19.33564255005497;
  -6.65645214804456, 0.01132596201118992, 19.50421491242188;
  -6.637659869410739, -0.4476022670575084, 19.46126994331368;
  -3.440477968682124, 1.822106551188438, 10.52057857781186;
  -6.491920112950744, 0.2250517116123404, 19.08609025871997;
