m=[-6.363258773504199, -1.090116000240601, 8.583532301282208;
  -6.254627991741451, 1.485922294574201, 10.7808833438251;
  -6.502414502666278, 1.60955157223187, 11.64439019540644;
  -6.436909717004649, -1.62748079104713, 11.59760178556284;
  -6.445269487572158, 0.7636099373487305, 11.67213258947927;
  -6.520614635637156, -0.2583137969868191, 11.79845270599927;
  -6.476865835834479, -0.2840049315881894, 11.85862400415746;
  -6.449518613226251, 1.49901026927238, 11.84633120760078;
  -6.422247129259247, -0.4367721083508066, 11.86608927175517;
  -6.460950865431303, -2.065063806040503, 12.14667531026739;
  -6.455583985116885, -1.958075821528252, 12.15555700904112;
  -6.350513810092909, 1.501192468883666, 12.02654864001775;
  -6.464875921206538, 1.588126581998955, 12.30592827877063;
  -6.2455766583792, -2.160214860765571, 11.94119128634319;
  -6.436677399929046, -1.61312242579924, 12.39117397476622;
  -6.448879923718824, -1.680292252686892, 12.41508243460511;
  -6.526886789721325, 1.359430073819107, 12.65848585227272;
  -6.178911107884812, -2.118919551848165, 12.02810805145104;
  -6.478452596859659, -0.4392989080095107, 12.63585577520746;
  -6.479034625869569, 1.170875336681298, 12.74691999977703;
  -6.979012555456375, -0.6132108458395339, 14.02841052221795;
  -6.962910929805347, -0.8349538174631743, 14.01621346043298;
  -6.317784611513777, 1.470200817063562, 12.84429531855849;
  -6.440361850689802, 1.11845979447003, 13.08851095295101;
  -6.80718970838878, -1.624168575040964, 13.93448697782205;
  -6.730377667955623, -1.618129498025927, 13.91129871509177;
  -6.5352276530438, 1.247412613071149, 13.65839883980685;
  -6.673775102112319, -1.486141667044045, 14.07867002346064;
  -6.488252954225621, 1.341452054691592, 13.72313425538864;
  -6.487256555132793, -2.044432169829032, 14.01998088492536;
  -6.45136925154852, -1.992310831413994, 14.04081890000284;
  -6.505273189666985, -0.5853644399547745, 14.20435513819477;
  -6.433341386119357, -0.6492149139283931, 14.20909324716934;
  -6.422978004160453, -0.8412368920675856, 14.21223371530455;
  -6.585655932723882, -0.2484275292298374, 14.54922243325652;
  -6.421378382755864, 1.536004723810042, 14.21829327582744;
  -6.460463704463174, -1.829978186804942, 14.45746440822359;
  -6.623597753886203, -0.3346261836592067, 15.00621753469168;
  -6.400172883805646, -1.707280992604369, 14.55526161055841;
  -6.438751781498018, -1.587173398522745, 14.63907703316905;
  -6.480708643369257, -0.8412997611180528, 14.76256430139866;
  -6.580313451889416, -0.4373743158258238, 15.13857809816028;
  -6.483204741059084, -0.604013282093533, 14.94849350829031;
  -6.52793975448174, -0.3441673999464697, 15.07964123160236;
  -6.451545629401402, -1.958750947230968, 14.93886459847093;
  -6.395860083348041, 1.500227081389647, 14.89517944270611;
  -6.478447599241615, -1.888634254548391, 15.07641542067618;
  -6.475096672577681, -1.758474421662781, 15.07250974256346;
  -6.500085188309425, -0.580439620638106, 15.1408440233646;
  -6.42450057719177, -1.292034700716606, 15.10876209944462;
  -6.402158997180697, -2.035901278936775, 15.06542412427211;
  -6.452812281537493, -0.5752000129627369, 15.18708122108063;
  -6.468677090571644, -0.349355493757743, 15.24882496216194;
  -6.472138968760668, 1.520959411660156, 15.34912728935704;
  -3.667842289902972, 1.869475681551348, 9.1829057587248;
  -6.39542413383755, -0.5311818726654795, 15.23250771635237;
  -6.465127800818806, -1.934241976596017, 15.43294155584301;
  -6.366008569043339, -1.001707742920027, 15.25151860665655;
  -6.375739554034039, -1.26116120275317, 15.27479300958557;
  -6.443677768864712, -1.562974092535383, 15.43896102345656;
  -6.37708643837643, -0.6257634277251791, 15.31618833719923;
  -6.538634725188516, -0.2702757186312617, 15.67697068124259;
  -6.39114836795835, 1.503680096399729, 15.45142543959424;
  -3.672299500082493, 1.828198379777449, 9.391445609509415;
  -6.376764702298964, 1.498919398703724, 15.57079425103568;
  -6.438656458419893, -0.5852649606057315, 15.75799097312667;
  -6.396988024198759, -1.86548711734853, 15.71964674967196;
  -6.520833345462913, -0.5173657285602452, 16.01602676732465;
  -6.516744339625529, 1.062974633031983, 16.07680186345493;
  -6.512747727135942, 1.457854748877326, 16.18296764649425;
  -6.990545430539429, -1.333141213482356, 17.41340269568502;
  -6.504327234642929, -1.907300128526142, 16.29034066605927;
  -6.763382425951725, -1.206533292295909, 16.98959335444585;
  -6.470788290538684, 1.505345505919656, 16.32049290653564;
  -6.436066578300151, 1.027106269321946, 16.34745162685832;
  -6.780298407184338, -1.112690470700687, 17.16444396374163;
  -6.633888900431463, -1.519431847202947, 17.06484584661923;
  -6.495548648871141, 1.50424270177353, 16.75195545090627;
  -6.696035405063024, -0.7992462741689457, 17.2905576270342;
  -6.561237553345106, -1.058142373004432, 17.03941628951862;
  -6.69687503011088, -0.9906600177111322, 17.39913404225896;
  -3.82198292987628, 1.822432977272555, 10.51003576515582;
  -6.471182887061666, 1.486814721615191, 17.06904526165971;
  -6.537282996609774, -1.153090931285482, 17.24156536778414;
  -3.659009698428513, 1.894961550571956, 10.17201345144829;
  -6.29327857065451, 1.367856127109888, 16.74291421851381;
  -6.528574513702952, -1.051537546493227, 17.3682899062569;
  -6.483389080522399, -2.064524676942834, 17.33453743215093;
  -6.472217910663713, -1.176552064385821, 17.31661185096405;
  -6.493025056213092, -1.392218703253584, 17.41300378176781;
  -6.456934092138991, 1.469390915251846, 17.41436923716529;
  -6.368234906881954, -4.083562039899592, 17.2424394205642;
  -6.461407813721893, -3.851788932395464, 17.49053587150295;
  -6.406943156580928, -1.14319423624221, 17.37932505865174;
  -6.536437632090387, 0.5730574341581218, 17.77966208759323;
  -3.676006164327555, 1.869664240089275, 10.46720489433709;
  -6.450890699228342, -0.9895100766249629, 17.61438727948543;
  -6.443928219979552, -0.7162558284657895, 17.60625196747967;
  -3.613113066061265, 1.765543616012303, 10.34860718119219;
  -6.427178262825481, -2.115579442005507, 17.57765445902492;
  -6.44378118438596, -1.908327744517589, 17.63726704049415;
  -6.486704885343523, -0.3170987077155256, 17.75921493086949;
  -6.48241202911812, -0.09444500363633734, 17.74901332024103;
  -6.416480663818213, -0.4335875287874049, 17.60823911928454;
  -6.478605397383308, -3.965406353237948, 17.8197512272526;
  -6.382708468253396, 0.3588413343802611, 17.58225466665045;
  -3.583830612305361, 1.962793471146146, 10.35917950632867;
  -6.530899500920499, -4.232406349428431, 18.03336269261405;
  -6.545929341610056, -0.6091952475013563, 18.07882028553653;
  -6.445992291863856, -1.562216101398662, 17.82360337971183;
  -6.482637514691281, -0.08902933246146989, 18.00202693729726;
  -6.52625746959859, -0.5380469504649043, 18.13406288491441;
  -6.574437835363802, 0.1132389245956253, 18.29339522193113;
  -6.439729206545414, 0.7797463953692538, 17.97291624162421;
  -6.415776041527851, -0.6890880769490746, 17.92983206067403;
  -6.404812013827896, -3.952183254482843, 17.89691315765344;
  -6.459316808804501, 0.9206350717365129, 18.09170701688043;
  -6.495799420450214, 1.334589345028258, 18.22719728924173;
  -6.348783624227251, -4.074098702281455, 17.84348553299373;
  -6.470331981127825, 1.24915938692688, 18.21457347094216;
  -6.309068869078308, -1.202367024803501, 17.80969724504731;
  -6.422840004887476, -1.793342152346378, 18.11748197584322;
  -6.427972035075779, -1.551594236157741, 18.14186497810531;
  -6.350906815932079, -0.8860315939384102, 17.94049390048892;
  -6.443372965117201, 1.164957390349652, 18.19479939098259;
  -6.407498823385775, 0.7746526870102868, 18.11154707105631;
  -6.597236950944581, -0.008214378126199419, 18.66167433841438;
  -6.460555957008016, 0.2777470877789787, 18.34130946521427;
  -6.396065471062381, -0.5965599630126918, 18.25647165885283;
  -3.514746913738824, 1.902642865476665, 10.53357501240876;
  -3.681205997064392, 1.880884161341736, 11.02279139463182;
