m=[-3.097276836798526, 0.7487566343803923, 5.505600376046884;
  -3.172579776382822, 0.7499633903116947, 6.00820439668431;
  -3.39119699984855, -0.809126208446876, 6.941864772093108;
  -3.353752282504604, -0.8063151527484628, 6.932010671626102;
  -3.200230279932534, 0.529853549732025, 6.837530642331235;
  -3.213571599941921, -1.012743846822585, 6.945033238723591;
  -3.19136960405214, -0.9855582561286986, 6.945725923642375;
  -3.277304938910816, -0.1655704475338581, 7.424960371719469;
  -3.195340786289667, -0.7876619673066166, 7.264892560719036;
  -3.192489381572264, -0.41443624484441, 7.272249436057181;
  -3.229341816028995, -0.1702580321146588, 7.459829261827277;
  -3.077994030540807, 0.7540150364932787, 7.196288642624104;
  -3.175312776327364, 0.7448083849318994, 7.394916863996644;
  -3.202896025167251, -0.9337266458087706, 7.453666991195038;
  -3.20985581483184, -0.286631242128164, 7.476813737344092;
  -3.169621651522304, -1.007946971782747, 7.458686126771861;
  -3.199587693285686, -0.1728009487501313, 7.542493156307683;
  -3.160668648661995, -0.6252000478797344, 7.572228911021282;
  -3.180383937085621, -0.7714317624632405, 7.620155042753371;
  -3.343534659425368, 0.6241276185168301, 8.069441072082681;
  -3.159588967064782, -0.9213980848297996, 7.764220012376886;
  -3.164339837969246, -0.8118818470326952, 7.799869340048738;
  -3.244608464410681, 0.5292422584108302, 8.004445884064975;
  -3.472347268760052, -0.6621985791385827, 8.64959421135111;
  -3.21449712372804, 0.7478113302008268, 8.107540403167061;
  -3.396908795936267, -0.6059813411501995, 8.533023193195579;
  -3.203714779526131, 0.5112681006540712, 8.137357149339307;
  -3.371510045729374, -0.5532864299570819, 8.535036627856263;
  -3.218620034772129, 0.7453697845723097, 8.300789101974857;
  -3.333057002977852, -0.7634063570974148, 8.573870441229795;
  -3.321914481209279, -0.3965074273960462, 8.577874860995875;
  -1.771034074065695, 0.9007708170875635, 5.042912252974769;
  -3.272935643628432, -0.527832114061184, 8.499755185994724;
  -1.710098015119104, 0.9365870160187589, 4.943094199599893;
  -3.255987635348062, -0.5743134902748687, 8.587409124044928;
  -3.172434189198673, 0.6895346352190772, 8.440083002413427;
  -3.240815162527789, -0.6469362506632952, 8.60196100169158;
  -3.238538849606997, -0.521621555975349, 8.615645190935673;
  -3.232203272999537, -1.994355887974693, 8.598749555003151;
  -3.244915216571464, -1.073101157823862, 8.635765670518698;
  -3.234602424137288, -1.030003975049492, 8.648306634531965;
  -3.223904284123566, -0.5860574061664897, 8.625651964042564;
  -3.226365784239509, -0.6917895356121429, 8.652472324678652;
  -3.175743804284464, -0.5666496368257656, 8.614448814169347;
  -1.701280852455956, 0.9209567446932018, 5.098679909631523;
  -3.252762355953212, 0.2851736304309465, 8.847788167695935;
  -3.222816057153039, -0.9544379489863126, 8.821166609464434;
  -3.231190037494154, -0.1579548019191898, 8.846309393232714;
  -3.256266567659476, -0.04744192538858425, 8.915742847574929;
  -3.198080461074547, -0.2161072208632596, 8.776238631692973;
  -3.227208383706951, 0.2505036118120707, 8.878547220787853;
  -3.255286703081586, -1.992486620534793, 8.953840474020318;
  -3.258249047325561, -0.3032281179983436, 8.998767920955116;
  -3.252401016626453, -0.04466686449011621, 9.031788462568493;
  -3.242459727493374, -0.2673194516934035, 9.009599893058438;
  -3.230810987781955, 0.05564788518650789, 8.989742357733089;
  -3.222184635088843, -1.988296320041257, 9.003723835704733;
  -3.213585067825067, -0.1258752484144163, 8.995225305329766;
  -3.243832287509124, 0.6664590033890344, 9.102185466426112;
  -3.230886172231277, 0.6237534336578928, 9.095238657306089;
  -3.217168707585549, -0.8982761909268455, 9.074956877109562;
  -3.216463750178468, -0.7763951971717608, 9.077925470784985;
  -3.195685548537211, -0.4458384357322383, 9.027400141911576;
  -3.22468021461717, 0.5830199598672839, 9.10585339738484;
  -3.199647128982646, 0.3868303864379697, 9.044177952219711;
  -3.206709067338314, -0.003992750452302264, 9.070852048771718;
  -3.21893406120132, 0.4344670807669233, 9.124074995206785;
  -3.228868927814977, 0.1388129671019782, 9.166654483261462;
  -3.198692846544827, 0.3078247076680739, 9.134793361119911;
  -3.209574879393656, -1.651189323167513, 9.261768600714889;
  -3.190189581390641, 0.3338840980424495, 9.312495452215098;
  -3.12310186376253, 0.3675490803444993, 9.268364878906482;
  -3.146540999650903, 0.4623016637353522, 9.332299945431567;
  -3.167862723081072, -0.8500270009435782, 9.383341602375797;
  -3.170875244058544, 0.6927874279976842, 9.408009809715397;
  -3.125061933902681, 0.5300283719552378, 9.288345950723262;
  -3.127191052269452, 0.2658963402102407, 9.4346915441772;
  -3.295852282191226, 0.1295512062219567, 9.889988672585396;
  -3.158032922705061, -0.8905617493106249, 9.520473514428737;
  -3.271063895653027, -0.07912232737237993, 9.891014834366006;
  -3.267317155615689, -0.1856181897752001, 9.932563631561022;
  -1.805484248193523, 0.8933039834601886, 5.931535347860008;
  -3.271369975852917, -0.3677237798472871, 9.983843723147098;
  -3.072440589188917, -0.8054663613385696, 9.48945932037328;
  -3.251467721404485, -0.3693296707579479, 10.25463559806665;
  -3.245805293647529, -2.269830533017434, 10.25765558767113;
  -3.203226341824236, -1.972293417784782, 10.24540781490036;
  -3.245263617985423, -2.117342636604975, 10.36565814474082;
  -3.269451493503633, -2.315572835262619, 10.48155537150828;
  -3.204355261405235, -1.136079225065855, 10.30439098402483;
  -3.281554977857877, -0.6504169898735919, 10.54656968381429;
  -3.312272737669876, -2.317864376000576, 10.73920855692416;
  -3.3199329042554, -0.6426951402871454, 10.81554875927953;
  -1.809105164152338, 0.8341335556541151, 6.347388616205229;
  -3.220459852254269, -0.3298041522613077, 10.53298570036584;
  -1.681582313209953, 0.9067856112249451, 6.067585835207924;
  -3.299333130181122, -2.179528134651233, 10.98424342959196;
  -3.357866249636449, -0.663819077020938, 11.23072967941285;
  -3.354503996649387, -2.395347423175086, 11.50806537801585;
  -3.428584823093184, -0.6037590465520842, 11.77837193109994;
  -3.30851689847844, -1.193440952716615, 11.53540375344999;
  -3.272526178764223, -2.400248302683723, 11.40854472992398;
  -3.274854163022173, -2.461490405275838, 11.48706334291481;
  -3.307157627032271, -2.775265131670166, 11.60806489908878;
  -3.347215824916509, -0.27598056604835, 11.75602584188265;
  -3.254697695518312, 0.2021772491583778, 11.55989250776855;
  -3.296314281173232, 0.3215157396951747, 11.7148566118219;
  -2.091379066523412, 0.3315315902941657, 8.244982680319509;
  -2.003720423883392, -0.1912978000746339, 8.042475143926149;
  -1.980236031453847, -0.1571273401561281, 7.991555416800174;
  -2.002583552429889, 0.3400562362698083, 8.171403538096193;
  -1.913277653661045, -0.01011578994296068, 7.858523720491188;
  -1.976210418918322, -0.2214558115291017, 8.138853804969523;
  -1.949924712343826, -0.1027690968620738, 8.094098178534969;
  -1.907060063741588, 0.1135650700801284, 8.015842599215633;
  -1.935370708369682, -0.05245688580924868, 8.136160358466913;
  -1.927480783644458, -0.4437156409869119, 8.211424532426605;
  -1.89389235650109, -0.5756147381455012, 8.256107878021842;
  -1.855341633585415, 0.762962549906391, 8.334036034334043;
  -1.835973638285243, 0.7888771362310655, 8.305404447509927;
  -1.780056335588824, 0.8209979120803179, 8.292612789924085;
  -1.748017489235304, -0.4305431005335815, 8.225380025870999;
  -1.72299031032657, 0.3278864942101441, 8.199942551533578;
  -1.732855231991969, 0.8437904074795974, 8.386561761523813;
  -1.655061986345402, 0.3270491895589421, 8.171065126148077;
  -3.226145378386591, -3.042398653240632, 15.17438555975704;
  -1.609364223570945, 0.330903136588146, 8.15563423585912;
  -1.602674094800641, 0.3165113520123765, 8.133768544252122;
  -3.107924747626114, -3.064144095698218, 15.22667293964761;
  -1.597384405615488, -0.4854027532531079, 8.36314558899659;
