m=[-12.16292895938095, 0.3337206496365, 15.59871313393272;
  -12.1777827840833, 0.03188666065387842, 15.63809258656992;
  -12.28344374920738, -0.3644785475175332, 15.80965533615016;
  -12.52320417725995, -3.471157885741646, 16.14350819200721;
  -12.22298070098893, -3.464472046647626, 15.97356810364726;
  -12.17915371908729, 0.4057799705368482, 15.92673022197403;
  -12.23446854395191, -3.344518550365738, 16.01640593803884;
  -12.02849438932748, -1.962114742492473, 16.15179771797053;
  -11.72664723189332, -1.866984243194314, 16.05708222619228;
  -12.32487671114889, 0.5327613682790042, 16.98871731382388;
  -12.12335094593814, 0.603303901024138, 16.73794482642087;
  -12.47061544898272, 0.6815792567078671, 17.28865841335706;
  -12.20969728248272, -0.6211607273749649, 17.03587164125996;
  -12.18295930001471, -0.364743348228104, 17.01067848240971;
  -12.2192421475684, -0.1866124394209872, 17.06674301666257;
  -12.24466698877488, 0.06298447780049357, 17.09900341412182;
  -12.01040433541421, -1.956840904505807, 16.91898332934092;
  -12.12153479597884, 0.185674893826721, 17.11847907672049;
  -12.06447881764006, -0.1683857862735493, 17.07501737261196;
  -11.90988752638637, -0.5893364054638789, 16.9252601513751;
  -11.91696874098171, -2.12407272938739, 16.98096105038758;
  -12.06664333058285, -2.049594953944081, 17.26011281225332;
  -11.94954130180275, -0.3265230817876939, 17.09562232793566;
  -11.93263363076368, -0.762459535669009, 17.09481601374376;
  -11.99355344906726, -1.923173698647955, 17.19915371749424;
  -11.88671779878824, -0.8493463212551121, 17.10553646423152;
  -11.94545932596689, -2.09073387635192, 17.22960764158917;
  -11.97996673815206, -1.982828219741995, 17.27787651951417;
  -12.04459286567435, -0.7065187713346807, 17.3709935000522;
  -11.73200858875328, -0.5962511571038135, 16.96796514419325;
  -11.77354418282761, -0.04687787651291737, 17.02522570480721;
  -11.99097934448684, -0.4092422444846724, 17.37298354443423;
  -11.93723884448636, -0.7770241698671636, 17.31267141721987;
  -11.71655539980626, 0.1584446483558774, 17.00797617024208;
  -11.74513331824068, 0.2002390596222435, 17.05319431617387;
  -11.98775183943692, -0.9499348911647071, 17.41424689781704;
  -11.9219493024205, -0.8514014315798586, 17.34508195507192;
  -11.79499393282884, 0.02189925558158884, 17.16658664774684;
  -11.93855009558536, -1.054792283157538, 17.38936417199605;
  -11.7672100482957, 0.1104213570710217, 17.16373946187314;
  -11.66277475557784, -0.7502501726926439, 17.07994394120487;
  -11.90516121035838, -1.995367334091309, 17.5030872138995;
  -11.82130278681059, 0.1467444790000092, 17.38850969612563;
  -11.85826688671357, -2.06410101507269, 17.47943755619382;
  -12.0051191720981, -1.976221842601431, 17.78879946180974;
  -12.0312567022323, -2.38758502393559, 17.8411371598474;
  -12.035750492081, -2.249011350602384, 17.86327909588598;
  -11.80597544507179, -1.01374396583919, 17.58395333029599;
  -11.9519667474885, -2.372006004871798, 17.83928260521773;
  -12.30476960716994, 0.1864146955755895, 18.46056980214961;
  -11.86210813938722, -1.895197374422764, 17.8529777655295;
  -11.80368751264022, -1.662286828438898, 17.77670571363128;
  -13.43265656291113, 0.3597543185408362, 20.82101293674934;
  -13.42382042453316, 0.101139765864151, 21.03177306030501;
  -13.49327275316081, -0.1396617829982946, 21.17124331173157;
  -13.25542927381546, -0.04591123252911097, 20.82575909698675;
  -13.22783720467966, -0.3337100535497389, 20.88470063254159;
  -13.16247335380334, 0.1486087444990443, 20.78896230198588;
  -13.24204449041469, -0.113063972590936, 20.97761044363091;
  -13.20724509835872, -0.2575942027923061, 20.9494749347888;
  -13.24471017908178, -0.4142811229506103, 21.12616639988983;
  -4.830460093087355, 1.84396642587906, 8.364182956110284;
  -13.14547597615266, 0.06381391618508679, 21.09574894969433;
  -4.841808594695021, 1.815010442584182, 8.420427299930493;
  -13.05591658578678, -0.7700058543694883, 21.06352366001524;
  -13.51083668804994, -0.3372713955290712, 21.76960177872978;
  -12.94158500059676, -0.4322861666758306, 20.99972893148896;
  -4.843146969336774, 1.790683258209486, 8.500017417213531;
  -4.818247538005021, 1.830352407794948, 8.46432200184292;
  -12.79655543921695, -0.2862897858581472, 20.94714241150767;
  -12.93845293750218, -0.7534976153781176, 21.17379059556155;
  -13.00451491428215, -0.1139770932323379, 21.2904090801163;
  -12.87141564477707, -0.72355225780842, 21.15856606204269;
  -12.85011583430202, -0.6403265216928061, 21.15524808075067;
  -12.76159710973242, 0.2581514025521772, 21.02527907502606;
  -12.62805463569205, -0.4122990421101347, 20.84076215201593;
  -12.68083130684556, -0.8686487198539528, 20.94729435455991;
  -12.65527966520284, -0.7791315772160872, 20.91713991956117;
  -12.69905125951664, -0.7700548986318933, 21.09588060438955;
  -12.51579147001356, -0.5611863521087628, 20.89225542022783;
  -12.58646375558392, 0.1453787581093209, 21.08810387925497;
  -16.63434296865201, -3.734921079557368, 27.59235028329758;
  -12.41249907498377, -0.1891790042176675, 20.92515984389089;
  -12.51388566005583, -0.02403458307067097, 21.11972829806342;
  -5.211863513556624, 1.924657790528091, 9.458097400576232;
  -12.24429126739686, -0.02527975048020167, 20.94351552494046;
  -9.145338723286287, -1.039368027372067, 15.92738682244009;
  -12.2521811223652, 0.1038656006451434, 21.04080234170452;
  -9.083640871252035, -1.158846052751815, 15.88670733363889;
  -12.18884830157937, -0.2036751669077993, 21.02136941366672;
  -10.39011278422667, -2.582915667929265, 18.11951103193587;
  -8.252579353155872, -3.073265422127951, 14.61122314368328;
  -6.253252476878544, 1.461776310114341, 11.31830613012328;
  -9.30980927673137, -1.208357584161681, 16.40749526607703;
  -6.112695396793709, 1.148962364445553, 11.13909741836583;
  -6.226226910176475, 1.359191400150507, 11.37992198341049;
  -9.316060861610596, -1.015436011627418, 16.57371417661828;
  -9.168494143048338, -0.9374585548992931, 16.3303240591217;
  -11.63464562263734, 0.06149259206587357, 20.51797769845743;
  -6.143949813319806, 1.391926220442063, 11.3157636986101;
  -9.137459440280917, -1.176898352478515, 16.38088196353294;
  -11.71130750197355, 0.1892993667855141, 20.69230396664685;
  -9.189503053553549, -1.384563564014017, 16.49193098545733;
  -6.064246326189458, 1.306727413995596, 11.23995521100096;
  -9.161440400116563, -0.43137826622024, 16.49671980991614;
  -6.090257223071664, 1.534579303561829, 11.31182238609825;
  -9.008841096920325, -0.7769626722549964, 16.3397527262926;
  -6.113748763221147, 1.471028854604993, 11.41705783223719;
  -6.063801765903938, 1.375385607123697, 11.33798451513142;
  -8.931442906189774, -1.882236509738533, 16.28881936921953;
  -8.900327031904011, -1.427183319066135, 16.24362042170772;
  -4.903878870219546, 1.860190404552955, 9.397034417130152;
  -6.018047308097096, 1.570339811076315, 11.33169539080094;
  -5.9361526330735, 1.62611444643007, 11.29677185965702;
  -8.706849419430942, -1.019234437249894, 16.25426034015126;
  -8.7483461835049, 1.49726574811737e-005, 16.40409507005335;
  -7.510591550749246, -2.798975448665056, 14.33864216303148;
  -5.799400641590702, 1.610472266130034, 11.30526809955885;
  -5.793134139474084, 1.665541234894724, 11.35964183593246;
  -5.744979556600542, 1.39405968837297, 11.27942995242582;
  -5.697931071589037, 1.375876349552386, 11.30613866266188;
  -8.35380184302406, -1.429816893859076, 16.27908500661312;
  -11.913469801768, -0.7193927747473398, 22.82007202138073;
  -7.984466718282728, -2.893922523634127, 15.77706329152528;
  -11.94178818431655, -0.6129117489324408, 23.09980890664772;
  -12.73524195329531, -0.3478926905805989, 24.66270977494882;
  -12.16201726777958, -0.1797118827051317, 23.69701145358808;
  -11.38086897871875, 0.1583852487647781, 22.3290587053992;
  -7.745287090776569, -2.664405090801204, 15.56312310566908;
  -12.27594397814579, -0.05761899215939591, 24.10904276887949;
  -7.718979026321123, -2.841045552917242, 15.58981588641532;
