m=[-6.003428164896434, -0.2970673541057499, 8.531531743339166;
  -6.027327508210016, -1.023779331844964, 8.6214823706965;
  -5.995693789921225, -0.1638332689343537, 8.577744872180068;
  -5.988992967744466, -0.3826787060267063, 8.579894100431247;
  -5.997826455372906, -0.9617551743120079, 8.601082207611691;
  -5.991336705775433, -0.428101337693896, 8.621810513628756;
  -6.000025725388828, -0.9930762403196827, 8.653421654922525;
  -6.013966198473728, -0.3527707459089833, 8.673482691220201;
  -5.9312537042722, -0.3014417230855772, 8.578352577404019;
  -5.961449272413846, -0.3880453622859459, 8.645936783898394;
  -5.97205277821723, -0.4732381335458261, 8.675421626975721;
  -5.863491620028428, -0.377190307855709, 8.586988111205111;
  -6.005007781838208, -0.9885139308772255, 8.898027388682548;
  -6.026461795007791, -1.126110165698583, 8.944383574231512;
  -5.991088403990386, -0.9715649284619116, 8.939541185405137;
  -5.952260809649071, -0.9509868672390285, 8.958405929250535;
  -5.958777503772705, -0.8391612661307922, 8.974096779852843;
  -6.80514095696198, 0.05127231602426739, 10.66195581614306;
  -6.771227911489283, -0.07008542556770633, 10.6242063179036;
  -6.709849202696469, -0.02324009585934714, 10.54192212005542;
  -6.705977179056072, -0.1691774678580438, 10.58769651199631;
  -6.656783873799212, -0.05683732825364107, 10.54545761518062;
  -6.679627064198616, -0.1302794940003029, 10.59529665066606;
  -6.682283720628258, -0.2090150683726307, 10.65867322912267;
  -6.5640079791457, -0.09438628749462928, 10.51796502092777;
  -6.59289907268896, 0.03200482885553476, 10.58022881335215;
  -6.57742792908646, -0.3879205246764179, 10.6115727605967;
  -6.71285291794975, -0.1675731358384947, 10.81621650805718;
  -6.501260694677321, -0.2171608086747268, 10.54930383680762;
  -6.540939229896455, -0.2878135513182464, 10.6129006692558;
  -6.452389974259989, 0.01094534405328705, 10.54274247672267;
  -6.481006247970901, -0.3774348275397073, 10.60617291773016;
  -6.522593664428181, -0.3666603194947672, 10.72210957624273;
  -3.103859550976531, 0.7255661559029922, 5.617945655121789;
  -6.462248051395352, -0.3220164604291181, 10.63885045469258;
  -6.403011942938456, 0.1295250507765451, 10.54923704795039;
  -6.378553126821181, -0.2082562532477397, 10.52687151149569;
  -6.368289865747138, -0.3920684377218198, 10.52575792034235;
  -6.395205240396954, -0.3877974048993228, 10.62382405070437;
  -3.071759502876774, 0.6705680920200143, 5.61437673230362;
  -6.358324305689669, -0.1612824133122256, 10.57998923207897;
  -6.310600499109261, -0.2829563661391865, 10.53410627672155;
  -3.050890355639144, 0.6911863558034711, 5.619048882843485;
  -6.281339617805538, 0.07255201863146989, 10.52412694569569;
  -6.248810242541026, -0.09523817017731524, 10.53432933766277;
  -6.274623701723654, -0.01205125000283928, 10.5897042176108;
  -3.030376324414826, 0.7635724763535227, 5.628510831194234;
  -3.015698792956772, 0.7256071705013231, 5.631635982642999;
  -3.008837562893993, 0.6824616037824309, 5.625868887808605;
  -6.176613369808047, -0.01275233015872393, 10.56492329176939;
  -2.992071908311916, 0.7807465436344283, 5.633928368549817;
  -6.161817978706359, 0.05223567290040448, 10.58175624900441;
  -4.640953970330928, -0.5058566984248469, 8.256477255109813;
  -2.953242209195883, 0.8089936558275522, 5.620155940350516;
  -4.561153769848905, -0.214767822445944, 8.213127244727014;
  -2.921028425597445, 0.6675203744810443, 5.63172482834276;
  -4.496873643728926, -0.3878304573735995, 8.1561881921784;
  -2.890563314159564, 0.8026988198680544, 5.634822500616185;
  -4.504178057368212, -0.3021244648442366, 8.252415392360559;
  -4.434867575070522, -0.2366064953844779, 8.143754845132584;
  -2.868295198533605, 0.8246423804441651, 5.624383166453747;
  -2.863160580734799, 0.6947660487938711, 5.621398456647374;
  -4.163304978076496, -0.4007830391798742, 7.912706633522566;
  8.313874520782257, -3.149381388381578, -13.3730877186912;
  -6.003530861519218, -0.3081309552062048, 11.61303596461279;
  -2.638003035997942, 0.5982034170523085, 5.696557613595612;
  -6.110179195034528, -0.09028697975248445, 11.905342936143;
  -2.603670474338355, 0.4100639248994127, 5.754566624738914;
  -3.87501466779426, -0.8916533150439767, 8.348377840199202;
  -3.864844576968197, -1.143482426683949, 8.453168963831304;
  -3.713718391414962, -0.9814306359586951, 8.16979103819671;
  -2.617891013300638, 0.2018415713135968, 6.058537794163511;
  -3.739731684179402, -0.9584636419491803, 8.259604578705588;
  -3.750431060831839, -1.099677942387001, 8.311141735351391;
  -2.570738633891179, 0.6132379655017295, 6.005903557109441;
  -3.701486834375328, -1.027990197935305, 8.250034668058071;
  -3.648179923392848, -0.9832023998302719, 8.180834961412979;
  -2.550492386559594, 0.2555351152199581, 6.071646032084599;
  -3.644836159356029, -1.541988342715476, 8.519834221955978;
  -3.458245986316447, -1.618848264164611, 8.29586914667887;
  -3.515331812709521, -1.606472963711326, 8.419826639524159;
  -3.544995712922681, -1.646625716664186, 8.641290276118937;
  -2.41736087267759, 0.9046155749447267, 6.185436294124264;
  -3.075451284796185, 0.8437849081560709, 7.851938581269806;
  -6.231745817661888, -1.959666503276316, 15.45308152470962;
  -2.993115310857382, 0.8770875954942117, 7.938300925876949;
  -2.973024014254722, 0.7647894695748385, 7.907353042137221;
  -2.945316766600025, 0.8073724590213958, 7.939772155496354;
  -6.085260918097024, -0.08776896775216753, 15.43815885073282;
  -2.895541359255894, 0.8660641683400484, 7.896417291008252;
  -6.106539288669958, -0.356337100449092, 15.62455253631758;
  -6.295518267183474, -1.565133995731013, 16.13930092511105;
  -5.982244915798018, -0.03147650274409725, 15.386165763961;
  -2.857083887951546, 0.8306264287286131, 7.875075867965632;
  -6.137885853894336, -1.983292188943243, 15.86993386061317;
  -5.970751175739553, 0.03196227132887712, 15.44160738495638;
  -6.184691397597184, -0.3418193245281722, 15.98363507832977;
  -6.017188897737801, -0.5963388489360104, 15.61533965930511;
  -2.856209840721996, 0.7900455556542523, 7.927667218906755;
  -5.880115309026937, -0.1697353481457789, 15.28482384945626;
  -6.295102881145716, -1.516559172911087, 16.34508871705024;
  -6.010432855789231, -0.02524314326769502, 15.64321393597787;
  -6.191651455727984, -0.2300633964545518, 16.47474593937821;
  -2.562571075301578, 0.9863961647303002, 7.515591302433777;
  -2.757893395728808, 0.8201569866064444, 8.03995282942782;
  -6.096171223369923, 0.3436402473587563, 16.72061571196753;
  -2.673431189236715, 0.8345367632417681, 7.897035576428666;
  -5.997348653742773, 0.3903142568752165, 16.65075186089322;
  -2.745062140201177, 0.7261398075413943, 8.164935075981077;
  -2.688434341106548, 0.819566932273499, 8.060285934197719;
  -6.017303853592692, 0.3374406139318228, 16.84915836178794;
  -5.922376792602344, -1.922686057604222, 16.70146238624033;
  -5.965826526982262, 0.6184450660512429, 16.79065650213067;
  -5.976277319852305, 0.4060189161431199, 16.97090063315911;
  -2.630572291953248, 0.8100010858116868, 8.061527805066504;
  -6.026927903197193, -0.05239240846094599, 17.39666361668143;
  -6.100102822889005, -1.656961625797353, 17.67585567828434;
  -6.106100302750655, -1.996947405043169, 17.70155884471716;
  -2.765121211098148, 0.6890017883735827, 8.559363165664289;
  -6.060532021389006, 0.2681859998418394, 17.58457101941257;
  -5.923293065892427, 0.5330980703025467, 17.20333662967746;
  -6.034661643522998, 0.6301709311680638, 17.53577833421063;
  -6.028898022071858, -0.6191431123383908, 17.55383576610794;
  -6.294076082199296, -0.0684525663314009, 18.37781401961061;
  -5.749489354859025, 0.3986970880545786, 16.94681082969339;
  -6.070714602991306, 0.7761390934577355, 17.83066458700611;
  -6.604531860174098, -3.021932002338356, 19.42206033005563;
  -5.96464126253704, 0.6266875665667261, 17.58145122215759;
  -5.910937390809549, 0.8551098036324689, 17.460799808085;
  -6.016324867481535, -0.5592392554411176, 17.84217541472489;
