m=[-6.303644408778467, 1.367219679301827, 9.868056499388572;
  -6.257558523430955, 1.523101538550012, 9.811443716860321;
  -6.052589624862811, -2.035323740047123, 9.934974807882727;
  -6.327759033097973, -1.575744405294735, 10.44982911408863;
  -6.354101051388784, 0.7874992990391528, 10.5519605335248;
  -6.424083407430609, -0.2249648954513286, 10.66986158320998;
  -6.346109272886293, -0.3098071583363706, 10.55778114527439;
  -6.285148253207313, 1.532743792536566, 10.47989810333355;
  -6.297509347995362, -1.025437697912625, 10.57254631977505;
  -6.341892884554151, -0.2513713568449058, 10.66376255581591;
  -6.311936044761805, -0.4031362485084185, 10.71110657195357;
  -6.325441125405885, -0.624457548502448, 10.92725686527322;
  -6.35157045527725, -2.0120810852984, 10.99714643286124;
  -6.344572289819179, -1.907686903938703, 11.0033158886307;
  -6.410571112248373, 1.551146951429074, 11.16477924049279;
  -6.188871635916446, -2.12287276919678, 10.87992160322946;
  -6.354077050619367, -1.632678869604744, 11.28571884022141;
  -6.356930287341144, -0.2385416441596096, 11.30074382878207;
  -6.408673607813403, -1.584911874786404, 11.38089334092979;
  -6.02600859098732, -2.059078072490753, 10.79878546804568;
  -6.43321056618228, 1.372105290495252, 11.52812675839897;
  -6.133253097253349, -1.822147768592934, 11.08415105463127;
  -6.409923176220572, 1.193532969175493, 11.66047087086413;
  -6.294451879293255, 1.057739973630092, 11.48797683534496;
  -6.710454195940814, -0.5952893213352409, 12.29398998950092;
  -6.406344556057803, 1.15184436254673, 12.06796104501608;
  -6.792662290025624, -0.7839287839889532, 12.74725959055481;
  -6.804956953841317, -1.601128125909853, 12.98273608730431;
  -6.733900312292237, -1.598711899302425, 12.9712493834467;
  -6.374893372102568, 1.350111170351061, 12.5461254940886;
  -6.373345496999164, 1.327115672638467, 12.60306284180876;
  -6.453998206485474, 1.532421918455632, 12.91704391961971;
  -6.417132513046153, -2.002685828432934, 12.93375271152602;
  -6.36542651330262, -1.944308595813196, 12.92064806959632;
  -6.311336027980773, -1.854078855698981, 12.9806860036915;
  -6.259783309337685, -0.4732090598506958, 12.93535112394558;
  -6.338261018749784, -0.9614747959614012, 13.09722387012654;
  -6.410250600181619, 1.570015058684062, 13.2474665251169;
  -6.412574707988688, -0.2062626984868931, 13.24725336013853;
  -6.381462447590806, -1.777494848132555, 13.34658767478311;
  -6.380271764310782, -0.4877477770362409, 13.55410471018383;
  -6.523506442713913, -0.300006615760804, 13.85387253442073;
  -6.393472879415244, -1.685354002876696, 13.60093693768674;
  -6.335618371109772, -0.7959350202317846, 13.51167651092096;
  -6.449830652652848, 1.477330437301837, 13.88690328084341;
  -6.428617294073372, -0.3115052893646181, 13.92571604567489;
  -6.363416804778831, 1.594897711848269, 13.8732517760806;
  -6.33749503072293, 1.523866935439989, 13.82717212687045;
  -6.368025920922118, -1.834794138784587, 13.90003525112575;
  -6.378689768365825, -1.41168529173501, 13.92404760461285;
  -6.379590227399035, -1.710381714608631, 13.92828234339882;
  -6.374529925707986, -0.5357396943182521, 13.92820615750023;
  -6.312052207887805, -1.987134326847885, 13.93219497634765;
  -6.313513438825943, -0.8708658213507706, 13.94642509794527;
  -6.013264795409864, -2.05011462426668, 13.34869536969077;
  -6.366910241202369, -0.3125374204669585, 14.0867213245567;
  -5.976024092100577, 1.594233195283623, 13.32480278037049;
  -6.266352261532923, 1.509427666505178, 13.95495443167558;
  -6.240057933532896, -1.878584759860347, 13.92350010920246;
  -6.303389807073663, -1.234021572666735, 14.18225799144291;
  -6.307254420788016, -1.493929412928254, 14.19497190633665;
  -6.276272692639965, -0.5818617876443671, 14.15267446385522;
  -6.406692839894605, -0.2437609713654944, 14.46877702096181;
  -6.611933212710404, -1.037869969151595, 15.13228729859478;
  -6.266159817736111, -1.806740820027715, 14.48977041213977;
  -6.470992310162965, -0.4882733154010139, 14.97328190901525;
  -6.471779336672037, 1.089633635257544, 15.04343867568285;
  -6.044024156876654, -1.357502418404976, 14.17541447549369;
  -6.866771145697221, -1.284103426395471, 16.21017776235086;
  -6.806978266334254, -1.96775298220936, 16.08137326087677;
  -6.387817794728899, 1.52503606367822, 15.19888613280361;
  -6.811493008798974, -1.187643539263423, 16.18801160446042;
  -6.384568265860462, 1.060008863276738, 15.30193639283149;
  -6.687579801533722, -1.077603863965631, 16.03072691741954;
  -6.368465911763909, 1.51412777076564, 15.52342031339241;
  -6.684535703215643, -1.505634754851604, 16.27450590249108;
  -6.572455567188182, -0.7581283667568404, 16.07650671109328;
  -6.548342585535349, 1.274189730513372, 16.04915521934592;
  -3.496703287412476, 1.822415214693189, 9.032534996649156;
  -3.506823106761888, 1.771476952499048, 9.077391566077182;
  -6.511403327943643, -1.046955894777302, 16.0128863588438;
  -6.718194107846669, -0.9638376621904696, 16.54071493346048;
  -3.347188846029665, 1.868639475290761, 8.758262441634917;
  -6.594495965180844, -1.260677503819423, 16.3450487343635;
  -6.416881212216842, 1.512940561370435, 16.01812973824225;
  -6.472935923765608, -1.118654963410131, 16.17059156699776;
  -6.395892775478523, 1.430000059649716, 16.08274541539635;
  -6.408993679811355, -1.008665715948892, 16.15800774844327;
  -6.436500602278809, -2.029377742231308, 16.30884541306534;
  -6.407455461483175, -1.136268871488517, 16.24181623132139;
  -6.394205763844068, -1.344362145134788, 16.2528594248857;
  -6.453712196826084, 1.509041209660513, 16.49619432009897;
  -6.328170885903629, -4.047397506174323, 16.23767926552862;
  -6.282462325453299, -1.097369914048169, 16.15146337140606;
  -6.41602883192864, -3.809478181440334, 16.47033313176644;
  -6.358119590002451, -0.55378387739689, 16.34055647811142;
  -6.390685317524279, -1.405904109459648, 16.42175015077434;
  -6.430399680865642, 0.0754443378885564, 16.53418376640841;
  -6.48235130690008, 0.1837148080885846, 16.66097908409875;
  -3.382587002825865, 1.864759636612644, 9.190363654837716;
  -6.440825844593979, 0.6006556641431871, 16.62743947882405;
  -6.338751892830832, -2.071638754494769, 16.44862255009834;
  -6.420976512438751, -1.872745773092819, 16.67088578878168;
  -6.408068243887657, -0.2753493799694498, 16.65011362146318;
  -6.514677935971499, -0.06161999457454889, 16.92756807912733;
  -3.48698961646334, 1.82024565756914, 9.519385398154453;
  -6.354557552688251, -0.3985710744803571, 16.54043100305335;
  -3.668466715628648, 1.805567796098192, 9.995350327509376;
  -6.495261022417924, -3.963977689714743, 16.96714452277736;
  -6.44762204154155, -0.5689639187458473, 16.92012972685567;
  -6.465540242063359, -1.544512168605385, 16.97404802163122;
  -6.489130310379252, -0.05334956192741991, 17.11775380403766;
  -6.402792816016309, -0.4982954086714685, 16.90837784212501;
  -6.2830206658184, 0.1505455348549701, 16.62632858663041;
  -6.392702198889843, -0.6633922652636711, 16.96816674879674;
  -6.388255389017081, -1.133046504422119, 16.95926450023692;
  -6.436597955668329, -3.958796875786062, 17.0851818547453;
  -6.368262761706586, 0.6943134387296864, 16.99512240509236;
  -6.428737219127171, 1.361346215566263, 17.1498163655794;
  -6.325544768223047, -1.314992051431188, 16.90793051824022;
  -6.403992873513907, 1.280908965990128, 17.14119379657094;
  -6.407419747913217, -1.770329432149537, 17.18175874802347;
  -6.39848168611236, -1.521884361658129, 17.16647943853037;
  -6.403535650358294, -0.864627320772646, 17.18089581534909;
  -6.407841995054973, 1.196830968287729, 17.19999643449052;
  -6.34899679439245, 0.8082101176023556, 17.05606260927301;
  -6.430039345699675, -1.642503322356142, 17.26140415620487;
  -6.178303724844788, 0.01636645917796013, 16.64018057831914;
  -6.407288237386431, 0.3110394387216498, 17.30098436369402;
  -3.722139958890752, 1.700525282173744, 10.49766877150747;
  -6.389079921307149, -0.5678407530208979, 17.34100411872396;
