m=[-3.208870158291092, 0.5392288799250153, 5.856495013862406;
  -3.210149349388181, 0.5771766408551045, 6.047123591013849;
  -3.246058169547543, -1.013043548844518, 6.542441435766371;
  -3.208780662945579, -0.9801165423881865, 6.513236087448765;
  -3.173902445774449, -0.9323961501451548, 6.527846223413302;
  -3.191706332116122, 0.7817209212035504, 6.596001534091978;
  -3.27625393921497, -0.1506701748987589, 6.957731223669231;
  -3.25563512558285, -0.204358737228329, 7.025930238584842;
  -3.21649079759728, -0.7118503822662593, 7.021280640995599;
  -3.223888905089639, -0.9288863677072763, 7.037058263099874;
  -3.177247629417331, -1.000248036830476, 7.012938423713275;
  -3.190305999749964, -0.6320179143390309, 7.038718816249034;
  -3.156420511229331, -0.9502481437297969, 7.042950850923984;
  -3.155595525201063, -0.2476156458382842, 7.053729103384654;
  -3.230545978713209, -0.1229153707679512, 7.29581557756329;
  -3.25688088075826, -0.5112300367379776, 7.453804447115942;
  -3.081414542195704, -0.6920931459844752, 7.227027419594272;
  -3.288546547854152, 0.5536824949125355, 7.644118526175187;
  -3.204860046630574, 0.740620211066501, 7.510147733007661;
  -3.429578577448272, -0.6413397955097678, 8.096101822939389;
  -3.473452722094803, -1.004101480133864, 8.205974448937971;
  -3.442955238285436, -0.3548352004082784, 8.165874342740958;
  -3.450886896791201, -0.6016923929024951, 8.201285248149484;
  -3.222352214798878, 0.5349965363438546, 7.723032564286746;
  -3.365952143237811, -0.5423730472187577, 8.068488336090365;
  -3.394380468283704, -0.764555300643973, 8.264128941641985;
  -3.372447417798961, -0.3890095606873876, 8.249150259109214;
  -3.350424465448378, -0.480674602770382, 8.249004881288876;
  -3.28795521745026, -0.6285622431329474, 8.149491416688653;
  -3.2213660227624, 0.759517771589551, 8.041329920325456;
  -3.265563847168168, -0.564355842386002, 8.157982688293101;
  -3.246853056951551, 0.7259346315053262, 8.164350615187786;
  -3.238297496454068, -1.021009593271935, 8.205218415187868;
  -3.234322929759086, -0.5735600485276104, 8.198461772176927;
  -3.231402143083476, -0.8821638893116944, 8.2135312816176;
  -3.231916798323746, -0.6795005916856234, 8.214920091108205;
  -3.208969450205359, -0.2486277170079622, 8.180724314736452;
  -3.239818705339073, -1.923622694522944, 8.316810095665149;
  -3.201213292836762, -0.704243551362902, 8.225960481914028;
  -3.194902634792896, -0.5580598574432328, 8.213714656433361;
  -3.258584247655433, 0.09235077695670012, 8.375233217639881;
  -3.245197657789861, 0.3026391958807205, 8.37770325633203;
  -3.205845313936101, -1.047738341167271, 8.318946760256756;
  -3.229842807753017, -0.9420178463908377, 8.385693431436936;
  -3.259695221969101, -0.1400664013081795, 8.469681306670816;
  -3.27167169512672, -0.03094556539629614, 8.50102582140198;
  -1.88923846872514, 0.8631319121808998, 5.328278864875592;
  -3.273006622495364, -1.99747557258761, 8.549860613178765;
  -3.208300416701154, -2.070851090455784, 8.416668259253392;
  -3.246019361712572, -0.2864417120708451, 8.51834495604685;
  -3.25201738541977, -0.02673604852949216, 8.578535228523162;
  -3.256875940465204, -0.2534653821199404, 8.600698252887471;
  -3.245564252652174, -1.996167806666783, 8.61496334861034;
  -3.227631448880901, -0.5724656119736145, 8.56857657021072;
  -3.233825733830912, -0.3355850018176342, 8.583552397876753;
  -3.259365574311662, 0.4126616264623025, 8.639769236997585;
  -3.233551391097175, 0.4808902824092295, 8.606364927321021;
  -3.238516822403895, 0.685786721396865, 8.639327897214498;
  -3.232111534269146, 0.6464780216180652, 8.651204221381359;
  -3.220412610710795, -0.8897795762894459, 8.635668447403665;
  -3.227732666713687, -0.4358195222407877, 8.660112427656097;
  -3.276153130497004, -0.6137582112665234, 8.781121393048409;
  -3.241809380911419, -0.8280948828335537, 8.702618897458599;
  -3.221961774072095, 0.6017850678628777, 8.648423458142611;
  -3.203369696493992, 0.4077802971036117, 8.605591697936546;
  -3.170717680695988, 0.008399299192312044, 8.539773555884217;
  -3.257625933334847, 0.2391373348066402, 8.746428986174019;
  -1.816995899760543, 0.877613012649068, 5.324570186018971;
  -1.842228695334492, 0.857287633067688, 5.390147730265809;
  -3.233909734911132, 0.1569889525109829, 8.732215515267285;
  -3.217175565845024, -2.168068922426466, 8.784856082080808;
  -3.188491712658701, 0.5169763092969265, 8.720760510199453;
  -3.219613555502824, -1.64906812337667, 8.843643585011552;
  -3.20544895053492, 0.4629203520374975, 8.888600404141199;
  -3.189775254677167, 0.3536474637348999, 8.866905560246105;
  -3.225763671595368, 0.1210594844360279, 8.969312547058335;
  -1.797063347615023, 0.9099846540353409, 5.446257756720563;
  -3.194073859024178, -0.9277045894790869, 8.932798396269549;
  -3.193768614749792, 0.1762582102671882, 8.925888272265382;
  -3.136864512195269, 0.3908166075495632, 8.854859384471787;
  -3.229470892178451, -0.8647167021932047, 9.11237588120642;
  -3.153247179884027, 0.7036601657080552, 8.911733365040082;
  -3.144842842157639, 0.5549898725964698, 8.8963204665358;
  -3.293551348359392, -0.004323345255263064, 9.343405362940885;
  -3.135483979333392, 0.2804248237051844, 9.004715527730767;
  -1.857411362644312, 0.882546152060641, 5.747243965641838;
  -3.300605865452346, 0.1495768784461532, 9.452832536258203;
  -3.147524729410165, 0.7229957317183255, 9.080663354217167;
  -3.241036382367116, -0.1708853084510317, 9.414504657102965;
  -3.196978530569926, -0.02286253444486739, 9.357494343156521;
  -3.283226495089644, 0.2206637869144489, 9.597955700701576;
  -3.252902709646659, -0.8413808213120315, 9.612159414919637;
  -1.673037401841631, 0.9154837461836668, 5.459001036290716;
  -1.804508167828544, 0.8526942853081481, 5.871178317420499;
  -3.240317928892663, -0.2705032331384547, 9.782778623648342;
  -3.222460216991853, 0.2869096343683688, 9.748139391371467;
  -3.245366094386541, -2.383033967274089, 9.938343619742449;
  -3.234221994312797, -2.107304270767866, 9.907018146256561;
  -3.267154113934752, -2.486996025975174, 10.03309459578368;
  -3.262651199540999, -0.2274039827887506, 10.00960222906391;
  -3.316033763297047, -0.3802311126598075, 10.16693305240349;
  -3.208899187612954, -1.127118074278571, 9.888740771546933;
  -3.32621650678915, -2.131132516512883, 10.33154256108224;
  -3.317825260613313, -2.318286758662656, 10.3258166683605;
  -3.208384982355773, -0.313917837249552, 10.06063120886766;
  -3.323115368186101, -0.6293481331351982, 10.39378892704391;
  -3.357127258006483, -0.448019305851697, 10.76472633572127;
  -3.42952169724968, -0.6620942473587718, 11.03367016891149;
  -3.397966964023198, -2.389503185335659, 10.97120352000669;
  -3.324336886397934, -2.371093271996999, 10.98735519328569;
  -3.381856316069859, -2.58466138916131, 11.18361076312848;
  -3.507414096158757, -0.5987811060997236, 11.60778949179162;
  -3.242348287602438, -2.214832592702167, 10.93748556826608;
  -3.321963109406599, -1.188118791507992, 11.16956909567028;
  -3.255967024554614, -2.455950352939117, 11.02051731870426;
  -3.26314611947742, -2.733399898364629, 11.03965784947238;
  -1.676171230984254, 0.9074226618757504, 6.14196022979224;
  -1.791607236517581, 0.8804506930706232, 6.681053576460865;
  -1.829979291577301, 0.8300012850100298, 6.848141327023471;
  -2.076597654110207, 0.344048312100476, 7.750718548163463;
  -2.19728648115082, -0.140156182145976, 8.177653086093557;
  -2.004419019994428, 0.04005897659488919, 7.594523729844004;
  -2.031851294126089, -0.2495069887378324, 7.796945149849266;
  -2.160580687118165, 0.9103421839852981, 8.195371391171065;
  -1.988160318568482, 0.08797976997265297, 7.648521651627782;
  -1.88679854979392, 0.004325034566304515, 7.340195199804386;
  -1.914842398224151, 0.03901124361265092, 7.46971711727287;
  -1.9093036121933, 0.1300869053951185, 7.592965002645597;
  -1.922739857055194, -0.03650414694455084, 7.65320912152645;
  -1.901061475889417, -0.1238919927946776, 7.608914850370081;
