m=[-6.694918401363186, 1.345073275090923, 9.011502369214401;
  -6.444040750652821, 1.582404480115291, 9.035200891645147;
  -6.327967118376797, -1.258464462418303, 8.902050840241133;
  -6.351657736440043, 1.503731957503509, 8.975920618052692;
  -6.339996384708064, 1.67016859011737, 8.967100886946767;
  -6.404605062516387, -0.4957670689495385, 9.293046825763003;
  -6.041688980772822, -1.918783705910848, 8.976043430856723;
  -6.536981642283429, -0.536267963092126, 9.690626096126897;
  -6.646035884739412, -1.33088609327969, 9.867060042185319;
  -6.397153408397294, -1.473607912068474, 9.61221449409287;
  -6.465174861374917, 0.9338960537241833, 9.76761958162734;
  -6.443463445797415, -1.3790331785514, 9.757179536819148;
  -6.481513810733778, -0.3426399770618787, 9.821253344562846;
  -6.378714232153921, -0.9132030224516982, 9.752412349203958;
  -6.391899669468995, -0.1273793852776392, 9.793510223740595;
  -6.324267797316818, -1.393757192736741, 9.751665037827335;
  -6.362827995629461, -1.461570377678141, 9.81069787216568;
  -6.374550359047468, -0.4703973725349644, 9.836979808715215;
  -6.328210640142933, -0.2785429837234369, 9.79053032337079;
  -6.394280799484984, -1.903477800340652, 10.12864945723159;
  -6.430037692165662, -1.80920496118256, 10.20193613066744;
  -6.26369346341162, -2.028994064890187, 10.06492957320533;
  -6.509919025729006, -0.9360003759644898, 10.45770878100501;
  -6.39842180349369, -1.655046811729294, 10.36552676346124;
  -6.402509203542381, -1.518626219614685, 10.42830157416657;
  -6.379858888317854, -0.277316740229838, 10.39480995930872;
  -6.392351946567772, -0.1097881428318352, 10.41606785852956;
  -6.311597477201464, -1.61397127528553, 10.39138844074273;
  -6.735791235766287, -1.353432858312834, 11.1787862308283;
  -6.454137895316274, 1.341773312740942, 10.78742046912224;
  -6.486003421100993, 1.238949946792565, 10.86456334615345;
  -6.657639308261612, -0.4262550603814507, 11.20866092075255;
  -6.850564373134617, -0.6522326894265642, 11.91754811089491;
  -6.714441050902525, -1.438181625741861, 11.89545655026128;
  -6.799246489523878, -1.341811301672728, 12.04749749791859;
  -6.688470183058898, -1.442560283561559, 11.9621835378212;
  -6.542297075517967, -1.276433425014864, 11.94876038817227;
  -6.498713318285137, 1.508312850344202, 11.89432412242175;
  -6.397826606875645, 1.521896973204036, 11.79377803624569;
  -6.437166279789215, -1.564696728912393, 12.04245277631713;
  -6.514456217557018, -1.892978687520512, 12.1932822813775;
  -6.416479051256781, -1.821529169573187, 12.09448199268919;
  -6.330885595360299, -1.720818501792464, 12.09567470900787;
  -6.346854808966265, -1.092607546812195, 12.15604249893005;
  -6.335373048832015, -0.6606991831137057, 12.15853941243241;
  -6.378105330110099, -0.3333112347666113, 12.23405726839838;
  -6.316391756436988, -0.8119523709068115, 12.12910000848759;
  -6.303892269693797, 1.699760219500681, 12.10882266684367;
  -6.447722504029533, -0.05353893892290634, 12.38720437470086;
  -6.376681763399454, -1.406452761013286, 12.37429330802796;
  -6.482915877704174, -0.3467250571045146, 12.83416799166822;
  -6.429221914757406, -1.411002718226483, 12.75121828328573;
  -6.524094273057905, -0.1438757912842519, 12.93209520054348;
  -6.406347649295337, 1.618567721955882, 12.86620518155103;
  -6.433722020773081, 1.713079636548867, 13.09490329938043;
  -6.428947357139369, -1.273036418164448, 13.10975840971024;
  -6.472933662937463, -1.710176252190584, 13.1957781790142;
  -6.414953337176565, -0.8565177841077935, 13.08664192175377;
  -6.412543047837096, -0.3917969363126211, 13.08686592692029;
  -6.341863840645408, -1.847103438087622, 13.07822977685577;
  -6.390472562865163, -0.9165967955240153, 13.18196078811953;
  -6.4034108133557, -0.1565329707970155, 13.24266549254709;
  -6.328545324980976, -1.756072868309415, 13.19352739061941;
  -6.37889641485393, -1.095314399083982, 13.42643822839923;
  -6.456254905250891, -0.07818232895023504, 13.65696924212512;
  -6.369856232685578, 1.760824936915274, 13.65154052143469;
  -6.365266928223194, -0.8258278636759, 13.68855663708614;
  -6.457418312061101, -1.703318472177424, 13.99343391456215;
  -6.313698777461722, -1.439809878943176, 13.73162917204167;
  -6.515166510519276, -0.3323128168808759, 14.15843102261511;
  -6.23516621082629, -1.444466776730426, 13.63890385348006;
  -6.224387301312705, -1.237738308523071, 13.65660783189256;
  -6.621704855274637, 1.292005824875106, 14.45460850544336;
  -6.788258413346044, -0.4980665092010845, 14.92432720497449;
  -6.917893040058652, -0.4957525709541782, 15.31779143416873;
  -6.791603235030437, -1.099122465420655, 15.14111377029221;
  -7.025001737415923, -1.858319083723755, 15.66851856232942;
  -6.923392165752509, -1.032302607469318, 15.53795383503463;
  -6.444713269490856, 1.251007370684061, 14.52681442096689;
  -6.71381958109764, -0.9116275957679384, 15.18861808149199;
  -6.867468105632145, -1.490988938960927, 15.54266297242577;
  -6.268941050354687, 1.515089981588024, 14.2828864553851;
  -6.57990173087558, -0.845220238486744, 15.12679575904659;
  -6.824453811241648, -1.368542070596187, 15.70124846725734;
  -6.848026683842177, -0.6122432790245673, 15.81193732398024;
  -6.626878574482351, -0.7650571147021763, 15.42767484499127;
  -6.498253274139265, -1.070038662366772, 15.22124797832228;
  -6.410912092806574, 1.696541396684017, 15.09727598117359;
  -6.522949380113543, -0.9578976400557424, 15.39149593754543;
  -6.480311775266457, -1.097800515441973, 15.39164569962996;
  -6.400341883616767, -3.774794312330104, 15.24458912908379;
  -6.532008545068243, 1.648185235594178, 15.4994139238489;
  -6.454231061973176, -1.866162824246633, 15.45721542942172;
  -6.461828491830369, -0.9762991858978793, 15.4765371187099;
  -6.469780779054791, -1.186608322704131, 15.53782711158146;
  -6.477228677511785, -0.4214746122224723, 15.57503621146792;
  -6.389170694618599, -3.923963556200199, 15.49731671622038;
  -6.486678562534716, -3.68255998598036, 15.7508870859436;
  -6.349336800045822, -1.228589226303139, 15.42837067530903;
  -6.434282492705579, -0.9456557082033892, 15.62225037865291;
  -6.471199378267644, 0.1604444381612336, 15.72263783219437;
  -6.489539773533265, 0.3700445326026918, 15.78177532651396;
  -6.312395989142458, 0.5995271923433703, 15.42507218921594;
  -6.478123532052734, 0.7881401634010752, 15.81998644872039;
  -6.420337001685993, -0.5316254588358654, 15.73608472205613;
  -6.408392213295342, -1.938720746356591, 15.74025533707897;
  -6.436401527742234, 0.5073684969003555, 15.78674169127597;
  -6.436742199765036, -1.701168016957262, 15.81652986919623;
  -6.565740508494161, -0.09718925717298528, 16.14268201311222;
  -6.508638954106619, 0.1201296680413559, 16.01869947821716;
  -3.780756910996421, 1.859696130969754, 9.719559134598631;
  -6.390651661310433, 0.7164152870989003, 15.79400703662761;
  -6.537331719800307, -3.819611248904193, 16.18691891265698;
  -6.47306937504174, -0.3880367971653989, 16.09116060311605;
  -6.510284172869533, 0.7499481723166718, 16.18969406071839;
  -6.454602600877761, 0.1286224839060786, 16.13975871290053;
  -6.559109038610744, -0.3263935067141249, 16.4079469907131;
  -6.487675990441316, -3.816772007930276, 16.32813257808627;
  -6.457473749663552, -0.9645621934614056, 16.24366416677762;
  -6.478862694485172, -0.4847362259417519, 16.29345357061386;
  -6.458480390647481, -0.6234537641634063, 16.25767058552665;
  -6.425365218319305, -0.035005215592561, 16.18856279090926;
  -6.466289525000667, 1.565143447541991, 16.35038750216842;
  -6.464673635314397, 1.490837955750089, 16.40228308736305;
  -6.408241274481634, -1.596335374115782, 16.29997660292766;
  -6.443282118599844, -0.6851684571219801, 16.39346817323299;
  -6.472070711007294, -1.473356910354126, 16.48276928112543;
  -6.420776883418307, 1.391794310204876, 16.33897945708745;
  -6.402659371255735, 1.006268526114069, 16.29984177069792;
  -6.441283399776651, 0.2058508789941884, 16.41760505986909;
  -3.659080469953068, 1.899816759303469, 9.767937816421599;
