m=[-3.184221182450803, 0.6082467751618156, 5.333819688153648;
  -3.15664336182668, 0.7508934319485556, 5.818968446091223;
  -3.142199965025875, 0.8216391788164607, 5.832390699441019;
  -3.131511473919426, -0.851186267975714, 5.983008785345059;
  -3.126954305372475, -0.1634104403485102, 5.997915692453979;
  -3.118354737294335, 0.8408226387729608, 5.989887344322128;
  -3.117851407467374, -0.8651552581066861, 6.499986305213943;
  5.130979787280883, 0.03670718507376792, -8.200174914701528;
  -3.141639964459892, -0.7164365004328821, 6.832735691798842;
  -3.084817153248796, -0.6134252546527547, 6.768238551950216;
  -3.15364604363401, 0.8461845643726288, 6.88783018594006;
  -3.196750225600683, 0.6237396565413045, 6.978229022687109;
  -3.422528848423455, -0.2452665090289377, 7.578258694374332;
  -3.37582277756142, -0.5463279472744234, 7.526016313756618;
  -3.307854130948315, -0.4491528364922859, 7.48333083088979;
  -3.378582655468747, -0.7335206063116393, 7.646511164044252;
  -3.131111029454021, 0.7567330612715124, 7.133789096703256;
  -3.226333562159375, -0.4144381685899827, 7.417145550416571;
  -3.165543725820691, 0.7046123957623827, 7.319537276969268;
  -3.262463217208786, -0.3766434932715969, 7.595162812044267;
  -3.21555174249968, -0.472205017412531, 7.587388571883941;
  -3.199897025916797, -0.5420801847559652, 7.600202429486635;
  -3.192402367806253, -0.4155230927357491, 7.600667676173238;
  -3.176377540868085, 0.8014776051516978, 7.53703702998101;
  -3.224088063834308, -0.9706759492012548, 7.682882280193104;
  -3.189404950196992, -0.9221778539341895, 7.638294776479115;
  -3.182201789538136, -0.4807897672333353, 7.621598774600359;
  -3.184651671037887, -0.2072259441409694, 7.657760373589447;
  -3.159385424878213, -0.885634066619714, 7.657579426105399;
  -3.137358932833535, -0.607075274995237, 7.623526374738606;
  -3.158553653156035, -0.4642171516652972, 7.668876220456966;
  -3.146383310220819, -0.1871837184428316, 7.64242437526325;
  -3.192905561183745, 0.1310498541641645, 7.764601179345747;
  -3.194752412891964, 0.182170185354496, 7.769251220206099;
  -3.180332913984744, 0.3869250239048003, 7.766573661758399;
  -3.176596160790951, -0.8395433006038454, 7.805614470835601;
  -3.234390865584176, -1.889779540499692, 8.008592024552907;
  -3.213935476780734, 0.05931946827199626, 7.909958888170923;
  -3.193475317015561, 0.3678704206668459, 7.941494871820508;
  -3.185596364147518, 0.06348017723401069, 7.965596002307295;
  -3.203005739193626, -1.884363933187522, 8.061299983997373;
  -3.208776904926183, -0.1596747271766627, 8.026919670206414;
  -3.166470093576014, 0.1593986147150403, 7.928471269595494;
  -3.178134379752608, -0.4747225288541047, 7.994542377238651;
  -3.181965211318347, -0.2380686056096407, 8.002207313029613;
  -3.19784464080782, -0.01742177094678428, 8.05689746875295;
  -3.166775463395578, 0.7665072600302147, 8.007375135104446;
  -3.178993268582513, 0.2904359071526375, 8.059343964612314;
  -3.162955261765543, -0.3363436734197632, 8.047421401498541;
  -3.190989006030608, -0.7264237232302301, 8.126662688582451;
  -3.193868424563367, 0.09280742836559007, 8.109983012553881;
  -3.164683734734228, 0.7298172956347981, 8.029490957676121;
  -3.157248906156917, 0.6843784082947844, 8.034265316371826;
  -3.158595787456667, 0.5343518542410701, 8.069606187635415;
  -3.185243316048068, -1.686820728136602, 8.263538800276008;
  -3.153834193880102, 0.3185898823489626, 8.14661966592347;
  -3.183936827893561, -1.544108518929375, 8.307901576945204;
  -3.137807385483333, 0.6049090391502242, 8.140355600028615;
  -3.14159661425896, 0.5480149714706176, 8.271193481392105;
  -3.135205034818127, 0.4439091209095801, 8.274817557324695;
  -3.092901824602054, 0.6038199980824189, 8.235799123633379;
  -3.170297347833198, -0.758948307866651, 8.511649229422185;
  -3.063735014413869, 0.4754395999087123, 8.217187713126474;
  -3.085321426875333, 0.571456423551049, 8.277331099400898;
  -3.075576081541449, 0.6417851078220429, 8.264871000880653;
  -3.088076632953783, 0.7899230860329546, 8.291800924298331;
  -3.170439763869783, 0.2399418134262322, 8.664557964627736;
  -3.165323797974818, 0.08397909451525244, 8.693254189800896;
  -3.192976261241468, 0.03764799388470251, 8.794727436934336;
  -3.049570121281539, -0.6485493368436297, 8.519887669459912;
  -3.083045799512213, -0.595792485004396, 8.60364438951847;
  -3.11978258933336, -0.4487559129173452, 8.707795247809321;
  -3.181367968045846, -0.1557992398697869, 8.939077706951869;
  -3.177940587157158, 0.002912012662690651, 9.02788083228222;
  -3.204146257189147, -0.07676860073188568, 9.113578378022011;
  -3.16055553063901, 0.3842126966573848, 9.131463502731696;
  -3.236843016015263, -2.020645975120535, 9.489185903606311;
  -3.240579717687181, -2.193954348087681, 9.531428816064798;
  -3.194191963652467, -0.1601621857973601, 9.357836990698171;
  -3.190066818106595, -1.022086725511493, 9.395427089486745;
  -3.197704886002875, -0.1197804054111164, 9.384785769807904;
  -3.218536778238882, -0.5191433499615766, 9.494119240879018;
  -3.289847677539315, -2.198085010177134, 9.811034954488761;
  -3.15936700084147, -0.2089446625666228, 9.48651807907539;
  -3.259732952195643, -0.5127465027256083, 9.775029146698433;
  -1.702561225947895, 0.9871640136046906, 5.581368996230125;
  -1.74977084294562, 0.9490486114796141, 5.797653969077198;
  -3.308769946982174, -0.3325655983333594, 10.18848847948077;
  -3.356424612284232, -0.5372997583484375, 10.37404077041095;
  -3.284843819381479, -2.24085311219739, 10.44641083510626;
  -3.360501399947275, -2.465686026444094, 10.67985993272745;
  -3.392423317495598, -2.22429570688899, 10.77665687301117;
  -3.308241151265959, -2.215477654417664, 10.56496589267562;
  -3.301974431653464, -0.5635070457811807, 10.5477557585093;
  -3.221419647432393, -2.596171978435756, 10.48319856888936;
  -3.269261280257723, -2.347559721728441, 10.62392381002747;
  -3.320823089917975, -0.6122024405948621, 10.69576779634317;
  -3.282513406364738, -1.064987118245911, 10.61082251967522;
  -1.753869194942055, 0.9404832026308438, 6.100417991634691;
  -2.091326686498845, 0.6012196378505507, 7.118313856762324;
  -1.774163058753921, 0.8833379399321638, 6.208034343593705;
  -3.309918937969727, -2.771373832802752, 10.9005015652329;
  -2.032509575092533, 0.4206908387053355, 7.15727443638488;
  -1.958665928508717, 0.0834387785601554, 6.960525053043977;
  -1.944745407608324, -0.06670391982662119, 6.98583019704497;
  -1.761507382896476, 0.926906662439957, 6.438623315614518;
  -1.935234512919264, 0.1660479043455079, 7.015857581154955;
  -1.895156364226074, 0.0840721957993803, 6.913061116309282;
  -1.956433745803153, 0.4338712838535735, 7.127820556950641;
  -1.895449957730488, -0.113972062808424, 6.990179885331684;
  -1.761837708555361, 0.8746078305443428, 6.525289942235228;
  -1.754017880600874, 0.9081462344747886, 6.520892830604319;
  -1.901242276708601, -0.006541601058016, 7.039632401684155;
  -4.191061941718568, -2.022286080844105, 14.52966749942435;
  -1.86947128501805, 0.04373755964359604, 7.016798276945252;
  -1.841595823453671, -0.04296499163885324, 6.953903904872088;
  -1.879620634199748, -0.3431580609442284, 7.159782088666041;
  -1.813386617026666, 0.922832742068559, 6.926385925481322;
  -1.734109007380758, 0.917499962422204, 6.725872902601918;
  -1.843898116756513, -0.4761632006663774, 7.198140110994718;
  -1.817257779195754, -0.5815174651702728, 7.181235533832566;
  -1.648548542725286, 0.9344648420179045, 6.573504860918299;
  -1.798348973988481, 0.8530433220743231, 7.247803636842014;
  -1.760289755013228, -0.4400948648400015, 7.187171456561368;
  -1.767151229392086, 0.8700935316600655, 7.166432125372073;
  -1.745159281960335, -0.5778523099075753, 7.203545288468304;
  -1.696693210591772, -0.3830699643360748, 7.095637576925158;
  -1.709366535001015, 0.4583745049287156, 7.109349602851599;
  -1.692346980786145, 0.4155931600139106, 7.077938987965442;
  -1.702995541829909, -0.6036133107478287, 7.201071899245751;
