m=[-3.133635463868856, 0.8498627518346744, 5.304684711802588;
  -3.186558108259626, 0.07627467891954888, 6.265961780889418;
  -3.105248903711902, -0.5965811823399587, 6.275396435602329;
  -3.145428178645314, 0.7250473721943836, 6.415373653212294;
  -3.386232642703527, -0.4241625234196239, 7.069487635505221;
  -3.332170933413107, -0.3688034126223295, 7.015582105946381;
  -3.296685438225948, -0.3298937872318012, 6.987640286095113;
  -3.336136214110674, -0.6094075999581469, 7.086240748119778;
  -3.240989210262968, -0.2473584490022959, 7.000045669641786;
  -3.33024365595914, -0.1670802834912637, 7.225442677340104;
  -3.242446830648323, -0.2508037693022707, 7.08000223732422;
  -3.210500107456813, -0.4104861409329515, 7.046193660453408;
  -3.193115544204057, -0.3467295081963552, 7.064677180601999;
  -3.178807048007604, -0.4185130961629959, 7.079296510234426;
  -3.098051231490488, 0.9022376395129821, 6.908103471328563;
  -3.173416495129905, -0.7964759793760993, 7.124622222288223;
  -3.166849171843898, -0.3548521271154124, 7.114422465393159;
  -3.15242952152627, -0.4569734636490623, 7.102784004209475;
  -3.161235662923441, -0.2861765308809625, 7.129265826313159;
  -3.151922744728052, -0.08428277538844498, 7.115704616254358;
  -3.15658760377312, -0.03712849280776618, 7.132697309822349;
  -3.127009242145368, -0.4830768498324108, 7.124465811598301;
  -3.146308868709546, -0.3414629817727638, 7.171155678730135;
  -3.179413823581351, 0.2022760425423734, 7.260468798916532;
  -3.163353746210422, -0.7127960387712022, 7.299324185001893;
  -3.179802672041784, 0.07282697143806721, 7.360526860468104;
  -3.222437225511634, 0.186571669480701, 7.463929547895042;
  -3.16807254741984, 0.4779291133529718, 7.363828512577965;
  -3.17805397831991, -0.065729601057229, 7.434721520536121;
  -3.165651463023511, 0.4910245961972357, 7.417650914424863;
  -3.178542954839907, -0.03283847608926958, 7.493191156881114;
  -3.168538727350086, -0.5765451214178217, 7.499939870003674;
  -3.154866735438374, -0.3480886956458567, 7.470695144855537;
  -3.154284675468673, -0.1117887468688238, 7.471288405680738;
  -3.165151661911797, -0.2598539123076639, 7.499034685019353;
  -3.15066673138663, 0.6186628591226554, 7.465682690015917;
  -3.203154330792317, 0.1101072605331166, 7.600054247362539;
  -3.15402672775505, 0.6922056063253859, 7.50177128201262;
  -3.178192781024346, 0.7711218529569459, 7.567918987629591;
  -3.170666983714232, -0.6689545108835591, 7.593064170346525;
  -3.131720991241566, 0.7275368844409268, 7.495544727520118;
  -3.155338130971045, -0.2099362400918907, 7.563284440046572;
  -3.159880914493488, -0.3731523692568268, 7.577632523136566;
  -3.152839382112995, 0.8562450448267555, 7.54817156537903;
  -3.19102639666365, -0.6006580820134458, 7.655339399384433;
  -3.108587593540979, 0.2243086403458, 7.470165120270841;
  -3.135545295646279, 0.6226550755841043, 7.527583396896316;
  -3.141885707429697, 0.810875681060513, 7.54233992148031;
  -3.175463839726671, 0.4676759488375019, 7.637530836419941;
  -3.061290947503715, 0.2172233246206838, 7.408976371711676;
  -3.128951988491575, 0.658605197536718, 7.544288303321222;
  -3.164808226118161, 0.3796117085480422, 7.64995566791228;
  -3.208104659817788, -1.238577341008583, 7.772427180304498;
  -3.138017986058639, 0.7894324592264426, 7.59117794397996;
  -3.155910074632742, 0.9323669442038736, 7.634137675331367;
  -3.134556044201329, 0.9508401742756542, 7.648201704068732;
  -3.128130313053809, 0.6191316774657126, 7.685305945159753;
  -3.123842678394092, 0.6748582334117473, 7.774631131534181;
  -3.115282763088267, 0.5727267714403653, 7.771063899732216;
  -3.134653440164341, -0.6867172956354551, 7.858226692105231;
  -3.104883013507846, 0.7893296867781208, 7.794210636681881;
  -3.165991252207514, -0.5076989827693481, 7.972886250024888;
  -3.089949537340531, 0.6137761499052644, 7.827349750316748;
  -3.067226293440242, 0.6987074867619324, 7.777758315315083;
  -3.052507684617578, 0.7674591930307658, 7.755787847071604;
  -3.060484814786873, 0.9176260917894819, 7.774274125158389;
  -3.141819994020476, 0.3928587491194566, 8.001689620693323;
  -3.2015503224853, 0.1758450925561685, 8.36639538050075;
  -3.151602090597976, 0.06339416976665045, 8.27393460599469;
  -3.057392788344525, -0.4615329407015841, 8.069396206941763;
  -3.120785887064834, -0.3168611233179428, 8.246820714937398;
  -3.199385855016546, -0.1043721634562313, 8.437124118866164;
  -3.156558603364656, 0.2228826093462046, 8.348249382650112;
  -3.157882641338734, 0.02747715936964662, 8.377232038279949;
  -3.10396407883229, -0.2453765531100554, 8.256638949590636;
  -3.028481573669754, -0.5531640869844091, 8.097179679248939;
  -3.0972088461823, 0.5221662503818381, 8.30077844862719;
  -3.191825324711205, 0.1765277917564544, 8.564964003296842;
  -3.135742376521594, 0.9314891449502629, 8.421754391782987;
  -3.161703733626464, 0.1423513401418969, 8.531697360148399;
  -3.22985649700939, -0.02492296727733522, 8.85471916055117;
  -3.166996864735293, 0.5249630016675292, 8.702705336331489;
  -3.254232312571062, -1.887902033712965, 9.056996364644343;
  -3.208725773817343, -0.01745504263263665, 8.946760586684459;
  -3.173155862112219, -0.8757200769980935, 8.880237557533024;
  -3.2687087530937, -1.846425716759003, 9.253052710909827;
  -3.294624118450356, -2.047380285841142, 9.337045635711705;
  -3.199232005803786, -0.06823121242237573, 9.142208565339136;
  -3.268549354711456, -0.3682222722937955, 9.345024776236587;
  -3.231425400125139, -2.033269942600103, 9.363666132851519;
  -1.953624926784572, 1.227876404300085, 6.127218612284842;
  -3.317277204150947, -2.07268602141945, 9.822166199316261;
  -2.146640865486159, 0.2880084031501667, 6.665970136735608;
  -1.729103261343081, 1.024767346643974, 5.56949982693629;
  -2.153979263492179, 0.4129686069615488, 6.718158137650225;
  -3.383965185504032, -0.3863785977767645, 10.01670234998966;
  -2.145133748908012, 0.5748311232498822, 6.704006053274101;
  -2.097965383217021, 0.6080286440357356, 6.601285382721144;
  -2.085049369147016, 0.5382347966986142, 6.613142257644359;
  -2.070920471088742, 0.7035027477199949, 6.59459521050931;
  -2.053068041404245, 0.3110168936996058, 6.603663356281175;
  -2.013732625417352, 0.2238174672351807, 6.556270439918857;
  -3.291852456001412, -0.450335263451173, 10.16199785272023;
  -3.269371830404215, -2.186380795776889, 10.13391905763738;
  -3.270689040244406, -0.9052524277654852, 10.12487985323658;
  -1.995436113461805, 0.5200173574595842, 6.580268492988199;
  -1.936752785464982, 0.1866143925680739, 6.428370517822992;
  -1.932883579246372, 0.2184957401082806, 6.444011447777785;
  -1.86050060759341, 0.182383139856207, 6.335667812916147;
  -1.917402801091542, 0.2675670095467254, 6.500272778980257;
  -3.319451461883082, -1.419408854741098, 10.66742910545495;
  -1.869792567934993, 0.2165058870744598, 6.403348382123478;
  -1.722175285376181, 0.9946313079811345, 5.967308040881886;
  -1.886777769852116, 0.283504185155934, 6.480127022185101;
  -1.875159021155069, 0.08087267178191208, 6.480045709020763;
  -1.885669864859609, 0.186669291141453, 6.518002558650417;
  -1.837870377684377, 0.01702129256583998, 6.427506063386837;
  -1.860133569005717, 0.3100089391024963, 6.51519883300086;
  -1.853184588510798, -0.0103546262765877, 6.537952636614991;
  -1.868928579610736, -0.2383439255307162, 6.649757891447723;
  -1.691786673898265, 0.9727752787900204, 6.138441674254;
  -1.715172355228917, 1.013383013595237, 6.214738466509045;
  -1.830364405466665, -0.3685691320652573, 6.675791878591991;
  -4.198646979539693, -1.815061155376669, 14.11349084063734;
  -1.796433724700114, -0.3420108260326629, 6.632047891923482;
  -1.807220455053643, -0.4797880913406468, 6.68966032459348;
  -1.778742641857857, -0.2671856515828592, 6.621421876966365;
  -4.123775037867552, -1.770329947560234, 14.14853517727467;
  -1.745941055495798, 0.5806455658340679, 6.565133155023049;
  -1.753157863922652, -0.478151124193984, 6.757856636983918;
