m=[-6.309312561467563, 0.9659262151267517, 8.581253289258225;
  -6.434479494854434, -0.1546538677207071, 8.775907831331777;
  -6.331296721453458, -0.7279567662776139, 8.704955152405882;
  -6.317524112562152, -1.036240845664368, 8.756083776090387;
  -6.320913087848354, -1.213103510738529, 8.763936911969111;
  -6.299561542943951, -1.2655951702562, 8.739443969450768;
  -6.295527911650448, -1.092676891756464, 8.733847558520463;
  -6.333344639834763, -0.8636100941763958, 8.789364713630629;
  -6.316036222066779, -0.8034031777133417, 8.768303918446549;
  -6.324306418322756, -0.6327358800975834, 8.783327659742108;
  -6.323848513392884, -0.5158250767422286, 8.783772154609352;
  -6.314976930432978, -0.2849609958792461, 8.772687752538488;
  -6.434756658526197, -1.472960738158424, 9.435920018545213;
  -6.310540768107311, 0.02143943571223565, 9.303992676687074;
  -6.370290673681461, -1.46424179023516, 9.41165652168721;
  -6.367750547914446, 0.07841962855996, 9.401213425012893;
  -6.314549008602712, -1.429798206761354, 9.414316058519798;
  -6.412613783821817, 1.520945486640451, 9.738342265565501;
  -6.354859111493166, 1.403455093373899, 9.690942098074935;
  -6.640375078110818, -0.2295137894237576, 10.20637399619935;
  -6.316239206568534, 1.862815781552683, 9.980475239968273;
  -6.307513275744038, 1.686942416001868, 10.5731941923078;
  -6.339251486256502, 1.719247109244316, 10.73121964285506;
  -6.423169806208166, 1.845281453080551, 11.26307441038876;
  -6.425623323004635, 0.1572031307806891, 11.37901826184112;
  -6.519404016761195, 0.07628658856156158, 11.95686103907886;
  -6.373434545343033, 1.841134935205183, 11.85314111330689;
  -6.388116928022552, -1.467706739525516, 12.05981150379617;
  -6.336665236505719, -1.590470577987384, 11.98184901609507;
  -6.368284004771122, -0.63836963388416, 12.02931857112115;
  -6.383293944318027, -0.5736563583424786, 12.05657267146982;
  -6.386949706293614, -0.5012954933275942, 12.07231060935372;
  -6.326461620599612, 1.910777774653187, 11.94026328707152;
  -6.312639922867681, -1.620391283653638, 12.04556366650564;
  -6.336776271449672, -0.8935964555375751, 12.09848077014477;
  -6.309356556621798, -0.6872302383761066, 12.05637917790099;
  -6.326424999416934, -0.1728812147203894, 12.09328535900657;
  -6.338688157421334, -0.5065899829038106, 12.12090790852682;
  -6.382079174194401, 0.06687033448155887, 12.23693249989633;
  -6.256828965549447, -1.516369100838698, 12.07811168275874;
  -6.241215020072181, -0.118126114421974, 12.07786483284393;
  -6.247163921607887, 1.896373509968072, 12.06856333725307;
  -6.183284069525219, 1.937455969703195, 11.99556260572567;
  -6.334321306738312, -0.856573011294572, 12.3665074327515;
  -6.441865037704666, 0.1541949560312107, 12.66710938654457;
  -6.424481557743958, -1.161770595599707, 12.69778515778977;
  -6.273388946843944, 1.912473678747878, 12.39175908119232;
  -6.433030247683711, -0.1254329880711708, 12.74774239571991;
  -6.382904231258243, -1.51188303513195, 12.73449213553723;
  -6.395209481828766, -1.45576916704511, 12.75659665604628;
  -6.399225806739278, -1.286933780889894, 12.76910143106312;
  -6.301077217901755, -1.429143140184822, 12.70248832315889;
  -6.37465268239198, -1.224699839591612, 12.88253340125706;
  -6.404012616733596, -0.1072942853614415, 12.97350109943031;
  -6.235543484185167, -1.016088398009519, 12.70863410257615;
  -6.296724261651871, 1.451447345178158, 12.8427154064417;
  -6.438233607510719, 1.903364150667932, 13.20745030518351;
  -6.910198888393101, -0.2665528372880263, 14.21861852916083;
  -6.905375554926537, -0.2449606813833703, 14.33627660358784;
  -6.840571010438082, -0.856856030748676, 14.28116059370273;
  -6.343548014910949, 1.476182161570411, 13.37191623947489;
  -6.644946715852922, -0.6649486822818902, 14.08460049971771;
  -6.75837377093705, -1.234543218573211, 14.35536816634589;
  -6.385757326778005, 1.78628608773071, 13.58783676960333;
  -6.539077623864239, -0.4058989724686152, 14.0383213475342;
  -6.45498805076696, -0.5938417319595902, 13.89940627121603;
  -6.553005100520866, -0.500137789054057, 14.15349820720931;
  -6.782899456506577, -1.106698377817781, 14.64984444126372;
  -6.794629980567422, -0.3408905835883899, 14.74192717114774;
  -6.558648381275819, -0.5073124777263685, 14.32105062582353;
  -6.505174613469099, -0.831734600156482, 14.27712773318604;
  -6.472702035002645, -0.7028486010697873, 14.32066886728264;
  -6.447470266613494, -0.8488564115241055, 14.35870534730485;
  -6.067026782539511, 1.589487302950958, 13.53156143085863;
  -6.307207074570562, 1.836831994589821, 14.06395047420401;
  -6.423843677199362, -1.612280389923064, 14.42214077015024;
  -6.401394859289938, -0.7172897915444744, 14.38092720098433;
  -6.393817582509266, -1.333407663166693, 14.40431396857109;
  -6.39652850949475, -0.5790572211992386, 14.42554651797346;
  -6.398713249808813, -0.1711023255600873, 14.44558039562005;
  -6.405358158642544, -0.07534126220354362, 14.47369331742522;
  -6.465214881616775, -3.410808639424778, 14.71738912622045;
  -6.451943017188653, 1.858630764753318, 14.60902618949317;
  -6.330959147053256, -0.9780398983016492, 14.42423047232863;
  -6.333781839447542, -0.6873934260888341, 14.43613373674315;
  -6.399329350504294, 0.4071288255541375, 14.61342677028164;
  -6.417919172171645, 0.6098030798054436, 14.67470262430472;
  -6.385319903234011, 1.029091747112373, 14.66923605986975;
  -6.36422591477718, -0.2811632502417628, 14.65500457118877;
  -6.39191676606465, -1.440285632444424, 14.74911640689813;
  -6.363219804350007, 0.7508348528516626, 14.67700734597711;
  -6.277717965682937, 0.8049306868703247, 14.49160879269056;
  -6.41146814308088, 0.1468417557597717, 14.84110441730022;
  -6.407229451616337, 0.6375658563365657, 14.8359581324204;
  -6.495197054333136, -3.529514369830684, 15.10360459348964;
  -6.490129199637581, 0.3757634843389621, 15.03267983603315;
  -6.424084428035531, 0.9691245793269954, 14.93206211988525;
  -6.474148387097083, -0.7014587894099187, 15.12152009255731;
  -6.397297025745766, -0.5187690546910198, 14.96406618530307;
  -6.470036340936784, -0.1338155079859187, 15.13596645958898;
  -6.407286743182553, 0.9938350518178154, 15.01334462264439;
  -6.362838121868323, 0.9300401684169383, 14.96231988207794;
  -6.431495183697069, 0.3876687688772864, 15.14391738237225;
  -6.410571845149432, -3.515881139464652, 15.17022528721683;
  -6.417049565903167, -0.06629645461065743, 15.12774241017462;
  -6.387012404028766, -1.162176371774242, 15.11807590221406;
  -6.385000995578873, -0.7044819495171858, 15.11962308954416;
  -6.390146508161788, -0.2264686114132855, 15.13580175192548;
  -6.399680793733119, -0.5254036044412802, 15.16244192111456;
  -6.351674145706387, 0.2183364795319626, 15.07047837342201;
  -6.361188628726465, 1.249078839491992, 15.07319557486434;
  -6.457795532315826, 1.566848709313181, 15.37731559867517;
  -6.34065691381509, 1.799383100669935, 15.12844062560278;
  -6.434292088655228, -1.357521537000446, 15.40874300923287;
  -6.349399543156672, -0.4224488823710514, 15.21938783581871;
  -6.32456959237852, 1.469274456293339, 15.13739391043031;
  -6.395360987410276, -0.7552322917483609, 15.33655752440501;
  -6.419502688785666, -1.208365489097078, 15.40052188515167;
  -6.134421110593967, 0.4426459339556539, 14.74146609496468;
  -6.331667789103302, 1.719548163685866, 15.15856311560847;
  -6.347144622503915, 1.638107078940458, 15.23681213499124;
  -6.412591465549698, 0.9444336164811638, 15.42337357043084;
  -6.426028865353099, -2.384377380667736, 15.54050666560794;
  -6.325318556453502, 1.331400319556851, 15.25112145400416;
  -6.242900136734598, 0.4429842005322054, 15.10914852498387;
  -6.460034663668899, -2.494074665570527, 15.65103209832973;
  -6.338780163465102, 1.594649500153164, 15.33414033393459;
  -6.445374129951856, 1.90419043625419, 15.5913420577415;
  -6.35575370197099, 0.08818263371597786, 15.5391173017161;
  -6.344925149210399, 1.924677577803009, 15.48138449403416;
  -6.407399616240856, -2.845823666531369, 15.75051268629621;
