m=[-3.119659726098977, 0.7060422099255264, 4.773131044400022;
  -3.10428574647178, 0.8982031649639787, 4.782585008790174;
  -3.087400809591191, 0.9978938364720243, 5.494111155260626;
  -3.083897061140756, 1.002155452183268, 5.625648910810162;
  -3.391005680241584, -0.07470553239417045, 6.502084784093415;
  -3.388754855897791, -0.1215187344488011, 6.542520867591377;
  -3.303751736732823, -0.3515928510955931, 6.425128685928584;
  -3.272297295804559, -0.2653481068189111, 6.455231377976661;
  -3.187088814725099, 0.7680643414404401, 6.435318619484392;
  -3.23104244501953, -0.09251408299872152, 6.551344643124098;
  -3.209106711880865, -0.1873310584860288, 6.531394063523572;
  -3.182978082275481, -0.3472195393019757, 6.507426510536514;
  -3.168120180182317, -0.05899377850106272, 6.599497142901097;
  -3.115128463079078, -0.02216367215620299, 6.562244957671677;
  -3.146831541075848, 0.3080048928502223, 6.664983620860867;
  -3.092845395003845, -0.003467627690857303, 6.58006315009222;
  -3.163181460115005, 0.5438429607632819, 6.724346590811511;
  -3.150516535389595, 0.2639060896881966, 6.724484661478321;
  -3.136817167963621, 0.3110371538449115, 6.706421118591069;
  -3.141479243369663, 0.3663180878946569, 6.719403715836493;
  -3.206198198004787, 0.5816826566938463, 6.891719835798973;
  -3.128337257153636, 0.3119289151505582, 6.759885100763635;
  -3.149579047789993, 0.133780367591981, 6.819809295954116;
  -3.12909967489514, 0.3750302548841659, 6.782056691674408;
  -3.170153051299587, 0.2458379420238082, 6.877289728243829;
  -3.109454947258532, 0.5332481806643478, 6.771641208470159;
  -3.100887495742838, 0.5687565227262093, 6.786609014619764;
  -3.132496224549175, -0.001176516305661779, 6.863149888209848;
  -3.129877192062004, 0.5494422596379196, 6.873877051542375;
  -3.115142075453154, 0.03092801420951094, 6.878026770868424;
  -3.143362006151712, 0.1841885127459939, 6.932740601270221;
  -3.147318284139849, 0.2525288662373387, 6.945149427549612;
  -3.13753467143409, 0.3378381161052614, 6.929341972985514;
  -3.11549542901811, -0.2797442349089261, 6.903518020990884;
  -3.119857058593637, -0.1900335816820241, 6.920130032608157;
  -3.148403846059444, 0.2165272775806777, 6.982194970399798;
  -3.124178117310413, 0.6793305021418301, 6.943640132732675;
  -3.096987601209582, 0.6018318812083291, 6.901878961416871;
  -3.111938648328684, -0.4174342857288422, 6.93234748107154;
  -3.13974087626867, 0.1733247129411649, 6.990554149764485;
  -3.100605426640334, 0.8161223076057381, 6.936632200616284;
  -3.102584263477846, 0.947121946925114, 6.949847310068817;
  -3.141350738231333, -0.01995625968384807, 7.027959934219395;
  -3.124076502650545, 0.4752361131289666, 7.008301098361105;
  -3.092204309840032, 0.9080838941289416, 6.952014185250476;
  -3.099523146846333, 0.1038291935025115, 6.977140410254483;
  -3.064270989821051, 0.2782165098717425, 6.949309248965531;
  -3.104813805648516, 0.7195365104459266, 7.028633925525262;
  -3.090871901202733, 0.9430939803065895, 7.019728442101886;
  -3.088350945287336, 0.6438388764273741, 7.016214448386208;
  -3.089811816375061, 0.8433322522027831, 7.02269770054071;
  -3.11166364559526, 0.8132352747597396, 7.0681708017222;
  -3.083838982005083, 0.9787449975560216, 7.020514922128387;
  -3.090690476094378, 0.5086264597730137, 7.079264930154023;
  -3.082758686966287, 0.9141767536426774, 7.071510493654023;
  -3.136800333824154, 0.1089964904422489, 7.198904227866078;
  -3.07326195628307, 0.7773758847494519, 7.071868346829465;
  -3.09556400168838, 0.7647498577420345, 7.145844595347316;
  -3.078188437479583, 0.6759238495129437, 7.111207979948749;
  -3.084395564408582, 0.9753565290086764, 7.159477536924424;
  -3.077013444455257, 0.6322489701243113, 7.221342162728555;
  -3.085915720163866, -0.6148560098690572, 7.257900921249676;
  -3.044484494903498, 0.7916050822592771, 7.209225505636299;
  -3.033691485584951, 0.5120076326858604, 7.197631985742299;
  -3.098610014257887, 0.3561316166763829, 7.336315227783619;
  -3.030228228386002, 0.6678623150272721, 7.222428080026442;
  -3.025579681008602, 0.7555712400238699, 7.222102438701061;
  -3.002556967687997, 0.8231496429271917, 7.180780526350178;
  -3.00828427525894, 0.9669746020736373, 7.195509965751591;
  -3.012702125236331, -0.63269507851916, 7.259536345210347;
  -3.129273725684501, 0.03695655322709773, 7.586079105826997;
  -3.10345307442102, 0.4018693512016032, 7.534636186276265;
  -3.105725604128949, 0.2808703699986223, 7.62523008731388;
  -3.110724153669511, 0.718664402511103, 7.670488577887402;
  -3.000892075783349, -0.5145433276994439, 7.441273000507264;
  -3.0030705753443, -0.4494907563234873, 7.455267956240123;
  -3.128247472051207, 0.3727147657675238, 7.746062967849258;
  -3.099206665034902, 0.4621457121673253, 7.694539464452122;
  -2.955017903257695, -0.474394171824556, 7.432876821232994;
  -3.083404428461562, -0.1794964797555008, 7.728142388785065;
  -3.093045217687466, -0.102168354005554, 7.750202903481291;
  -3.074184933250004, 0.9861622956790994, 7.819073181926742;
  -3.095385110311325, 0.2036696219479056, 7.898905413668702;
  -3.060407174803852, 0.2646021776132094, 7.829342200605628;
  -3.167425947125183, -0.01552385981104033, 8.091517882780225;
  -3.105343000938085, 0.03978566202635341, 7.999403588703503;
  -3.103563411631545, 0.5878316690065168, 8.082538633020169;
  -3.154998778068518, 0.5560292963009316, 8.201220478894246;
  -3.013961781481727, 0.5257530199071789, 7.898711165465983;
  -3.170763119149777, -0.6957146274557405, 8.284225397609845;
  -3.149420263823804, 0.05044591632184699, 8.321445620884459;
  -3.100627298379327, 0.08861624895556046, 8.211619364439615;
  -3.176242136202202, -0.2989685605196449, 8.450610880182206;
  -2.312266874934677, 0.6108530831567354, 6.482221525101015;
  -12.89315793781024, 8.081261460646319, 31.91561020208292;
  -3.185287295778471, 0.002795683717847063, 8.639944257145807;
  -3.204132731911397, -0.2904464464918533, 8.69889085734714;
  -2.107996254945896, 0.6541779495589984, 6.075542631273401;
  -3.185889807506411, -1.772575968201321, 8.724607137967256;
  -2.085827638958962, 0.6574041244247243, 6.106143048760278;
  -2.072188222417337, 0.5855740917793125, 6.114314771517315;
  -3.134705269337676, -0.2874902042919713, 8.832876969070068;
  -2.046240562153221, 0.7559188678178838, 6.109384522136312;
  -2.034532889007792, 0.3591547150306611, 6.085029818509258;
  -2.022051460404045, 0.6336254242095258, 6.059292894210845;
  -3.364129150130772, -1.869333625496017, 9.465978905189825;
  -2.000235686275141, 0.08531405821368436, 6.031876289972789;
  -2.003595897630798, 0.270577735784143, 6.057442821923253;
  -2.100601457223795, 1.003948485887908, 6.326753922617625;
  -1.925245276505048, 0.2323397349511656, 5.924323835008205;
  -1.928641081150797, 0.1459984984596576, 5.939081651799956;
  -1.964159790920238, 0.5642638850729861, 6.034631997855069;
  -1.911684770768624, 0.2619983398608852, 5.912011007505807;
  -1.915061709484437, 0.05279512843680054, 5.919449925958789;
  -3.271537588223367, -1.914071680493768, 9.449978509499655;
  -1.970386447419214, 0.0280621957021246, 6.090791009138757;
  -3.256695993663181, -1.946485053661855, 9.431408145022477;
  -1.88942511705458, 0.2724357089920756, 5.922672854968845;
  -1.840116231767453, 0.2259150776018278, 5.805773043089782;
  -1.873398557094283, 0.1490684572829463, 5.902586990742048;
  -1.911440037714455, 0.3145483415360221, 6.01311177299634;
  -3.20933944024892, -0.8161990231455377, 9.460308163658457;
  -1.851490990607475, 0.2605277237717823, 5.882424459644621;
  -1.827259614990899, 0.1760570526190209, 5.825804013174071;
  -1.914017380215131, 0.5798585410599699, 6.08095333368477;
  -1.871196376277765, 0.327018096003491, 5.965690225072365;
  -1.872293681268779, 0.03500580868310146, 5.974318425768398;
  -1.857422166905048, 0.09488320005383026, 5.93556382577685;
  -1.910679936104339, 0.5221786414920864, 6.084142767200167;
  -1.855513323903877, 0.1244432025700623, 5.945988106508711;
