m=[-6.222860982466024, 1.484054639876686, 8.536713302919127;
  -6.106148986599838, 1.928111118253604, 8.611032098406435;
  -6.186312893942056, 1.937089929573435, 8.828281776265712;
  -6.245422124954798, 1.940696006256137, 9.415443992042844;
  -6.280048954821147, 1.421302331599783, 9.608578902318946;
  -6.213849920512481, 1.528653858356561, 9.568216866406875;
  -6.226300130106416, 1.801535985929591, 9.592483454952445;
  -6.167753494207038, 1.992323488996247, 9.966787545868316;
  -6.18001714449751, 1.904991585456745, 10.56839934861464;
  -6.203278395453166, 1.993624678937784, 10.77333274538518;
  -6.181871543484786, -1.473533316425135, 10.81806773076272;
  -6.221060892740649, -1.230230892780073, 10.89996205107637;
  -6.197026674498811, 0.1789408746692668, 10.9345015397904;
  -6.147399068681481, -1.378221271227752, 10.8871267525022;
  -6.12765272776127, -0.004558724713370745, 10.89628832663264;
  -6.261353902887223, -1.491288951911755, 11.35699797959621;
  -6.352540960147657, 0.2718561862555359, 11.53297438562783;
  -6.210462489193273, 2.018176586550026, 11.32913351038823;
  -6.303410035840818, -1.021784743289566, 11.48645954580985;
  -6.305567325610601, -0.1423892171816482, 11.58396883078333;
  -6.301291543984283, -0.08591020667264361, 11.58042232021012;
  -6.273496052196124, -1.370359377771607, 11.53857746560496;
  -6.282055206701119, -1.313633302041026, 11.55442371064909;
  -6.278555123574673, -1.257632362986205, 11.55470178692838;
  -6.278683957933873, -1.146128775983754, 11.55536681305639;
  -6.272902081172464, 2.042127670705762, 11.61104853448648;
  -6.2369868313226, -1.07917078133179, 11.61270218852802;
  -6.146664477461966, 1.544978064788345, 11.61125082936366;
  -6.844651983316827, -0.1507910686926568, 13.1242798478499;
  -6.700688845222007, -0.04789047109988438, 12.88265704544094;
  -6.841254220862004, -0.2453233090953168, 13.20811047237264;
  -6.752352856086357, -0.7186009063207243, 13.13196011394509;
  -6.226192459920342, 1.57568911270772, 12.19607776291181;
  -6.593866540273869, -0.5346916385994335, 13.00766108493234;
  -6.634048329681669, -1.083163256893075, 13.12561348349642;
  -6.459050001812458, -0.3676831031444531, 12.99115509806944;
  -6.435624847949062, 1.550936998605131, 12.99471047705813;
  -6.607426153278881, -0.9539007843949918, 13.31683670121335;
  -6.559038566101646, -0.1878042299417937, 13.29927504985613;
  -6.457913244087177, -0.3769795872312227, 13.14358792402385;
  -6.246118025694863, -0.6114838759596231, 12.76557370273982;
  -6.387205313581358, -0.6967570712341796, 13.05829575682315;
  -6.347670016141114, -0.5677230868933774, 13.08718198865739;
  -6.316389754459692, -0.7073672417744614, 13.10844250989388;
  -6.110093437140688, 1.912281488621927, 12.72219777506627;
  -6.344244090407527, -1.238799164379977, 13.18826260632482;
  -6.369411827642161, -1.359753775105746, 13.26325416532303;
  -6.358604453336348, -1.55459742747896, 13.24207355116679;
  -6.349088274672967, -0.1182267988767385, 13.22575771930464;
  -6.325994426026685, -0.9127200017604681, 13.20113843508522;
  -6.322059329194596, -1.463639214281217, 13.21942334448636;
  -6.316326099472381, -0.5857912035536934, 13.22704235122033;
  -6.307508453898485, -1.250381366183151, 13.23958447736762;
  -6.296394321684633, -0.4481919580613498, 13.24173943297614;
  -6.267654345920003, -0.2762351216302478, 13.19827634558935;
  -6.254394848551816, -0.0444990820127306, 13.17533820663979;
  -6.274481548837913, -0.2162988584716165, 13.21533941994856;
  -6.265191353179786, 0.05142671918713027, 13.21393350078536;
  -6.036085202876135, 1.858973865102213, 12.79309097472021;
  -6.230630422987967, -1.383005956623419, 13.19135918372483;
  -6.30171034920444, 0.6167974343540074, 13.34701133906191;
  -6.22820254741565, -0.8417332698413452, 13.22621542230344;
  -6.229259009363521, 2.022766399575321, 13.24129048368686;
  -6.303655422444249, -0.5613310979615228, 13.3970370645231;
  -6.217534482361855, -0.006970957803039907, 13.22787411162079;
  -6.385799050392657, 1.097904722253472, 13.57504354889398;
  -6.363575330226538, 0.5330510927246047, 13.58245996159437;
  -6.308972860411804, 0.6255783672151963, 13.48839494370376;
  -6.405452396392104, -1.590390618515559, 13.74724648028301;
  -6.262382621544439, -0.166509137067786, 13.46951536607476;
  -6.309818994281205, -1.29423406474183, 13.58556211050115;
  -6.308803262722783, 0.6290556279184364, 13.63241289979443;
  -6.354788913985277, 0.2699236894780999, 13.76007645841841;
  -6.297405692005266, 0.7547594858450381, 13.64908978653231;
  -6.443968891743744, 0.4997146904823095, 13.97946419342262;
  -6.281816577034049, 1.077284385137623, 13.68027796466348;
  -6.313039926736692, -0.5584760986849328, 13.79840968655238;
  -6.630465334679286, -1.512292455412987, 14.44850720376848;
  -6.234476600854027, 1.143511087515353, 13.64478884154295;
  -6.273057674281787, -0.3847954101742069, 13.72347300462828;
  -6.248282745257002, 0.3997851828028844, 13.67610922307579;
  -6.366005931143384, -0.971413102412989, 13.91948974483587;
  -6.516770447840188, 0.982277851580576, 14.23513758550557;
  -6.283170224621396, -0.002359859897861341, 13.76612641597673;
  -6.291515499991209, 1.104460105217344, 13.81750827939705;
  -6.218913933246242, 1.034661912672515, 13.70161420016005;
  -6.341942770601174, 0.3716126251291402, 13.98726715237802;
  -6.298062896557104, 0.6781520929337704, 13.90946591760481;
  -6.342774617979678, 0.06297286568673256, 14.00442502055153;
  -6.34016467332714, -1.031273709563303, 14.03610587138937;
  -6.280899163644456, -0.5639697990594031, 13.91762612147746;
  -6.272491582828157, -0.09905214478267502, 13.91231371645248;
  -6.303921428964203, -0.3839780942810707, 13.98267779083508;
  -6.272551703760557, 1.363922138438969, 13.94105589036268;
  -6.231520029200349, 1.090502867908898, 13.87681616207996;
  -6.232171417319552, 1.211086362319725, 13.88888117354478;
  -6.2776614437013, -0.8420831568149105, 13.98450786285108;
  -6.344109119469001, 0.350217083298341, 14.12499950771981;
  -6.281160827106507, 1.653288556040304, 14.0521273929934;
  -6.337472293499207, -0.04026046543897537, 14.17845540801181;
  -6.296428129692949, -1.204921158892538, 14.11947697862381;
  -6.317799581763217, 0.9610668990396395, 14.17284170555065;
  -6.233398805071378, 1.580907962870287, 14.00204336451188;
  -6.322401981279611, -0.2967706252543135, 14.19343672741541;
  -6.290093656927596, -0.6224082892428042, 14.13019435205909;
  -6.309109198037761, 1.852788456056204, 14.18438506843741;
  -6.385459764982845, -1.074089289776187, 14.34571000504152;
  -6.357218049495283, 0.5705605755713301, 14.28580139000905;
  -6.245788427082467, 1.747761218317112, 14.08274090568725;
  -6.326415447450137, 1.062489874447357, 14.29001439299255;
  -6.04168017487139, 0.5485465148472976, 13.70162888921822;
  -6.224368185519963, 1.442489129554808, 14.09063735613213;
  -6.36337383659717, -2.22579760338349, 14.39776422243749;
  -6.236920668081253, 1.903023653432015, 14.16476994333755;
  -6.227766127689522, 1.298323285578228, 14.14843826377384;
  -6.4217242547589, -2.348617941263968, 14.56549502301793;
  -6.243745334588217, 1.70416586126478, 14.19113480361288;
  -6.289972588182186, 1.643888340316753, 14.28772697021931;
  -6.198583662821653, 1.967298807531961, 14.11138822579062;
  -6.249356124041579, 1.569265656137155, 14.27002847544827;
  -6.253572257943373, 1.0291332448508, 14.32388494294851;
  -6.214193373410344, 1.842788132794979, 14.25467839421163;
  -6.214550135185093, 2.024029542937039, 14.26521131352253;
  -6.34049139160097, 0.2203172774217572, 14.55132154685096;
  -6.25395044371435, 1.545019812075506, 14.43670941819051;
  -6.146166289496296, -0.2906187730473623, 14.20860435500645;
  -6.199008329212221, 1.361208924712465, 14.32090282768957;
  -6.212778028704043, 0.1604014316259215, 14.40305476616978;
  -6.275781197592117, 0.4640989324972326, 14.60114935611686;
  -6.289663231043132, -1.540162574853117, 14.64136036177396;
  -6.193886621102349, 2.066093506662452, 14.50194352592044;
