m=[-8.619697550332067, -1.007252442522673, 11.32075977851151;
  -9.470863661018685, -0.4190633661547466, 12.47311568447679;
  -9.472495362032745, 0.02672877772530534, 12.52903424262142;
  -9.746670846721912, -0.07636625246466874, 13.08406662915141;
  -9.019495550784862, -1.994994409975531, 14.40667261239144;
  -8.717588599840829, -0.4858787062822703, 13.95717063201895;
  -9.107295239430156, -0.08586762328407697, 14.58692769258962;
  -8.764038959604045, -0.01331278404269437, 14.09546863176972;
  -8.489630630143928, -0.6629374141548292, 13.65816040470443;
  -8.882028466670862, -1.744631497982486, 14.53670139320741;
  -1.614014032272839, -0.8010708394561097, 4.961746374481038;
  -0.8726613479333886, -0.2154079082622631, 3.121105224287814;
  -0.7880534051514769, 0.3041931402103479, 3.080618377570096;
  -2.045754284936395, -0.8365318349973108, 6.644274701872821;
  -0.7534585167800389, 0.3058424603978494, 3.092797756300238;
  -1.998473297294377, -0.8095361738213928, 6.622169862979346;
  -0.7209736286909019, 0.2984634663116045, 3.060711598639997;
  -1.575200884391046, -1.136462772636431, 6.713669212246002;
  -1.639145922231986, -1.130356024792202, 7.408996511716652;
  -1.651534623498122, -0.8279148552738271, 7.702242877927819;
  -1.61100636972613, -1.152335676316584, 7.56038737023013;
  -1.607701790170358, -1.223045064901518, 8.017995141823064;
  -1.552056116676415, -1.313823937160869, 8.056126158590601;
  -1.483863670795658, -1.376947593357379, 8.034056797671425;
  -1.654785060313314, -1.833243395519109, 8.866887758635532;
  -1.620665974280294, -0.9850317604700989, 8.707329907286047;
  -0.6694098009719113, -0.005695347121858811, 4.289716731148;
  -1.634772706169646, -1.1340312227427, 9.12879407268186;
  -1.633187603854656, -1.204342220337302, 9.617398621712891;
  -0.5916058558035724, 0.5040298154661536, 4.290252834541326;
  -1.638292795978024, -1.198752164317857, 10.48437260599498;
  -1.025154518300337, -0.3063907641027098, 7.374831449558731;
  -1.608096390343163, -2.011312702231831, 11.72758699749847;
  -1.665788469867308, -1.981273897385085, 12.24642415808227;
  -1.635426188275864, -2.000377060715849, 12.62408843749446;
  -1.819316783672388, -1.553694583642302, 14.58833542195447;
  -1.683601753266634, -1.835998751368895, 13.50652143386912;
  -1.7711603303219, -2.153145995261, 14.45207876309795;
  -1.821018912413947, -1.591946948667726, 15.03345727574212;
  -1.649137421074339, -2.154183910142309, 13.75070659133434;
  -1.583818961368719, -1.318726601453711, 14.1956678804321;
  -1.631762837434605, -1.119696969971727, 14.87243555527927;
  -1.258824681905438, 0.5292793411494051, 12.09250959179785;
  -1.622973465159729, -0.2665531905690787, 15.45557018828911;
  -1.581067320535849, -0.4471908007391854, 15.20031988526815;
  -1.475347189308636, 0.2237444711050594, 14.31813990420623;
  -1.653071863517583, -1.340206452778247, 16.20463335087566;
  -1.137824340923781, 0.4226266778732838, 11.51507919860886;
  -1.711449690876222, -1.223372706639647, 17.02259912566456;
  -1.66288774864305, -0.1945032332299727, 17.13464597745068;
  -0.9159186099036555, 0.5094672125697977, 10.1341695304119;
  -1.794643689557124, -1.708614215389423, 19.72747137438465;
  -1.696114731843792, -1.295108845689097, 18.72821395783394;
  -0.877743400915926, 0.4948738259689215, 10.26796767739632;
  -1.924409618193688, -1.567151634056105, 21.24267465507834;
  -1.713308664316303, -1.240365071115642, 19.3886373772782;
  -1.879779489025621, -2.368941122777747, 21.64102577009815;
  -0.8549124824103148, 0.1533237371225047, 10.59585568311125;
  -1.685718140468421, -2.53145415239368, 21.60616139105813;
  -1.599397657007612, -2.101730597476609, 20.70149608840489;
  -1.666026692199089, -1.761588332080127, 21.60128517217136;
  -0.7729383152230631, 0.100873588489509, 10.63588208468119;
  -2.167666767988605, -2.20892229147201, 28.97761840320191;
  -1.484586363888377, -1.420314594383787, 21.18526493614589;
  -1.502386925184122, 0.112959608492659, 21.73790278052689;
  -1.841458116157428, -2.706815323069892, 26.94800108424354;
  -0.6085165896450165, 0.2248817142160717, 10.14840877266086;
  -0.5643305691206642, 0.4367402278850439, 9.713992403300521;
  -1.757207421299662, -1.876804254080751, 30.23271628317939;
  -1.584372435629736, -2.064049464011505, 28.77396919248685;
  -1.857652696694479, -2.302198046883974, 35.03226373939143;
  -0.5650735297897337, 0.5259315509297117, 11.68155818678653;
  -2.231454982528435, -1.31665391412761, 44.53357605957714;
  -2.071294287526538, -2.397171994211284, 41.92378902665934;
  -2.067646993546987, -2.720921765606167, 42.2978095691;
  -1.651727930478119, -0.8418163156169124, 36.11563982549932;
  -2.139529910189609, -1.765807054973634, 47.76946096814808;
  -5.781271653724133, -1.140630444466769, 132.684878321965;
  -0.9525808026521627, -0.7931702328547025, 24.8119542493571;
  -1.161099126448526, -0.8600693443410262, 38.75464808606279;
  -0.3501313379415537, -0.0927869182820384, 12.83243654578358;
  -0.447532949636127, 0.2400540580740248, 16.98933882026545;
  -1.015955324422583, -1.715529464131167, 39.29839732660336;
  -0.1184013341943226, -0.0594486015531347, 5.266198044538302;
  -1.35646619051046, -1.567097347740301, 69.667589869239;
  -0.3987230173212357, 0.4772271311343123, 23.32214999233171;
  -0.3800832264294405, 0.2924801992864854, 23.8913394833611;
  -0.2375618336464747, -0.2067850942897486, 16.65064329452811;
  -0.2641614920624602, -0.01485101668148112, 21.44178592180085;
  -0.14067410089316, -0.08210393644673354, 12.80843702576717;
  -0.3263760861560472, -1.089417320895877, 30.31666881583693;
  -1.106170014535937, -4.828645788487933, 112.9790531022886;
  -0.1581888731246742, 0.05642699133294508, 23.04256934003779;
  -0.05455758971532802, -0.07688587164699538, 13.9212891440309;
  -0.2525410116740354, -4.589967874710327, 116.0771783176196;
  -0.01095723129145789, 0.01162559996383246, 4.63596610263169;
  0.3014598832213584, -4.724596109010366, 130.4137822087062;
  0.07251203894539253, -1.375563656419622, 30.72263198908595;
  0.3874752353898126, -2.881611690836057, 72.47461276258356;
  -0.002818062805653973, 0.001542437887056384, -0.4259220616286616;
  0.7281809829953713, 0.6959272060238677, 63.50856849069944;
  0.8223557869109764, -1.474789149583359, 67.92592821792411;
  0.7181778495575285, -0.6194292451366852, 47.10503506387112;
  0.6647652216377138, -0.01040748682081468, 38.88236085853207;
  0.7278678682147279, 0.4134731859502772, 39.05618042590378;
  0.6682125737361981, -1.225109407631357, 24.25182335856516;
  1.132420162263994, -1.200235808114332, 39.01737070260653;
  1.211301979554187, 0.3161873188185541, 36.41607036629119;
  1.577485035045628, -0.05403506416349011, 45.60858367791602;
  0.8276514064127454, -1.326446052681512, 24.67281874130746;
  0.9998978724293302, 0.4153462660958302, 28.80411635672884;
  1.017773840987573, -0.9424425488199902, 25.96599686909091;
  1.694590429906694, -0.01414860552768788, 35.12987347356697;
  0.8456142851060717, -1.022630378943227, 17.79036987433902;
  1.540480156207267, -1.467606634953701, 30.64209809312546;
  1.582818716894837, -1.333848717356858, 31.80277351216165;
  1.235921992635618, -0.8531713622767883, 23.6012662611806;
  1.10579742500807, -2.048453886036549, 21.56071206952759;
  1.647235738432325, -1.376570442455348, 27.13059590630603;
  0.9343844051107874, -1.388151754838735, 15.68400603748268;
  0.9875786055714542, -1.520839333721559, 16.12675903845863;
  0.9654667765091017, -1.335660773131143, 14.87062114416678;
  1.113763305682835, -1.606568519923432, 15.95795104272698;
  1.133302530823972, -1.468737615032074, 15.33475541745076;
  1.112538869220817, -0.6287558465904026, 13.72125019787318;
  1.227411951641344, -1.295061204493569, 14.52994728931821;
  1.448968853288376, -1.842523489034096, 15.69225103375223;
  1.493397165882905, -1.790757023175269, 15.97083387630572;
  0.4772525241965036, 0.1704650912879362, 5.719955705930812;
  0.5013732330870073, 0.1714373053032465, 5.702731959155475;
