m=[16.23550825311846, 0.9218283961685819, -20.00035444724417;
  19.54797850440236, -0.0551590211928162, -25.85562543924294;
  22.3194095173625, 5.220090595489202, -35.16992026804119;
  20.96397792194791, 3.46022903902901, -33.47156468168083;
  20.28301984557171, 0.3834780047578735, -32.47127776941553;
  22.27933973414928, 0.03384284801353158, -35.83253518232077;
  21.23461113670932, 4.170958421888336, -34.75345777752489;
  -1.286710118618998, 0.1552809356642704, 3.959437022132996;
  -1.280279049868689, 0.175463544384152, 3.959347247642462;
  -1.261973100488158, 0.1819635683135081, 3.955834903694769;
  -1.23260805569829, 0.1513299756549881, 3.88901662782181;
  -1.241457842254738, 0.1746885010200003, 3.944270868150894;
  -1.227525714476973, 0.1182724980795628, 3.913688112518121;
  -1.279847728361482, 0.3877345337706349, 4.066156551574197;
  -1.275108529852397, 0.3484803641319737, 4.060304498258495;
  -2.131260499731527, -0.542022048566674, 6.282408414526931;
  -1.238806099839421, -0.1273441571648166, 4.092247201973443;
  -1.210304745959418, -0.1322505681764335, 4.089045260646611;
  -1.216234858751983, -0.2147827285920034, 4.116251144326032;
  -2.136134671006834, -1.060210853114491, 6.566831667718562;
  -1.154237472334117, -0.2849122172561174, 4.1281725305035;
  -1.114190303158187, 0.3996907481665749, 4.047454366900518;
  -1.132020798184063, -0.1595109654922407, 4.099453767541858;
  -1.137254708025102, -0.3054700329093041, 4.165570204443024;
  -1.071664748962349, 0.5136608153962184, 4.008316418307273;
  -1.065757557892699, 0.2856120470358032, 4.037648123442919;
  -2.693448596812201, -1.101381291855535, 8.747879696192625;
  -1.088768831222129, 0.7134527199495181, 4.170186213637467;
  -1.045606843809045, 0.4036102466717552, 4.087433209088231;
  -0.999472740017527, 0.4057040900060323, 4.10263734361885;
  -0.882555759035263, 0.4065774668479541, 4.070387393363722;
  -0.8361870614826847, 0.1446416681724702, 3.903734162201435;
  -0.8368963908010029, 0.1619849475973801, 3.952188229217369;
  -2.211413480896658, -1.713336605722864, 8.860479647102569;
  -2.111827436987398, -1.70441367576883, 8.789597512385855;
  -0.829691903121788, 0.4324089971753623, 4.066644690508136;
  -2.067052437833862, -1.491319721797712, 8.809991442677561;
  -0.8130882625591734, 0.5000817761817958, 4.080107927385896;
  -2.030782216617064, -1.71944544025602, 8.811783882528605;
  -2.17553625050835, -1.529086168829242, 9.408999706214379;
  -2.167509358224255, -1.494715771568454, 9.797217597521431;
  -2.157731374333515, -1.081671454587679, 10.06298679663171;
  -2.108973760066601, -1.508526440248287, 9.897328079754804;
  -2.109614226158603, -1.604870557415945, 10.52115306450467;
  -2.099711957076278, -2.098166709583482, 10.65974657250273;
  -2.057518572253113, -1.741700652659316, 10.67978729223365;
  -1.932101684549777, -1.792888940556127, 10.46094393848608;
  -2.184489477742448, -2.420073158561202, 11.70521989447695;
  -2.135857524127592, -1.298162317524438, 11.47529249868835;
  -2.148916859727139, -1.51614281964453, 11.57092951170809;
  -2.037642775749852, -1.016831619152733, 11.04836947412551;
  -2.157937997142985, -1.496947591715567, 12.05022051272831;
  -0.8241663058041546, 0.687931754816259, 5.40011009271539;
  -2.164683113354361, -2.597647422815944, 12.68823888633884;
  -2.160455510235358, -1.593159156973595, 12.72233624439062;
  -0.7703746316990078, -0.004545544689640411, 5.248264086104587;
  -2.218700963898002, -2.644016117924826, 13.47682977034147;
  -2.163359943667895, -1.547697566786133, 13.16035031250281;
  -0.7880555772120289, 0.6234452874198069, 5.528356853189421;
  -2.155531729161127, -1.577220098831694, 13.79448036886383;
  -0.7874652920943451, 0.6708959723213016, 5.710601354548452;
  -0.7353475242164641, 0.1790455072891681, 5.496935522331572;
  -0.7178377053859985, 0.2112855798362175, 5.483144067427999;
  -2.19239672052557, -2.614507003228721, 15.05277613682943;
  -1.35054722769543, -0.4036417824470538, 9.715665288620064;
  -1.353749473162855, -0.4527038621265457, 9.745496700617778;
  -0.7509429699927722, 0.4805801094022472, 5.870395830229522;
  -1.311247756652732, -0.4872286851419048, 9.704230787044844;
  -2.182904718007419, -2.596327334773401, 16.04812228981707;
  -2.306757456231798, -1.96996839565749, 18.4969169803821;
  -2.131713534395211, -2.324672910224716, 17.10145198370911;
  -2.271209195979159, -1.985506314446892, 18.75001197366136;
  -2.124474119357005, -2.775091940155734, 17.71412127506671;
  -2.040355738767186, -1.698850345127689, 18.28757776737443;
  -2.148004694230818, -1.473936219430344, 19.57763754297135;
  -1.636325311109379, 0.6880014310325754, 15.71885251720714;
  -2.061670884866353, -0.338603781307304, 19.63328406177487;
  -1.99334060089982, 0.5896462741007275, 19.20322843746348;
  -2.059055913888111, -0.5823856144128694, 19.79568367913957;
  -1.881969559270289, 0.2854109776506746, 18.26438118455133;
  -2.133594575526286, -1.729783974211705, 20.91507246530115;
  -1.501391483921496, 0.5576678861710925, 15.19447354363727;
  -2.231099451194301, -1.594826998970902, 22.1911936819635;
  -2.04116418725063, -0.684280562493207, 20.73567170698602;
  -2.01198806585654, -0.2353365008242777, 20.73182825926741;
  -1.311937933948119, 0.4477364370827634, 14.17515856708149;
  -1.203703997839753, 0.3309803384189327, 13.09964657653707;
  -2.224481591560992, -1.965849369464986, 23.42912306469973;
  -1.181189275225829, 0.6570203957641423, 13.06925335200041;
  -1.233987527152312, 0.5700482834591947, 13.65517073315771;
  -1.685596276907044, 0.2132448842356798, 18.7409289205271;
  -2.089717674875048, -1.989543298326344, 22.97104759653794;
  -2.288680338473978, -1.747576443776418, 25.27122384783108;
  -2.375365750515929, -1.934389790098875, 26.22057245400197;
  -1.118532391448176, 0.6306312339671422, 13.08475168201323;
  -2.16161338483871, -1.564919267410535, 24.46187248182345;
  -2.4798253786916, -3.125132682416645, 28.54907463291129;
  -1.102350380737353, 0.1977003301163025, 13.66262136398396;
  -2.239428220199924, -3.362964264854742, 28.70316596099777;
  -1.972740681243405, -2.756045950751897, 25.46313251228874;
  -2.117494496360756, -2.238951882042981, 27.45490374227815;
  -1.028835639069498, 0.1342698904101899, 14.15711231562231;
  -2.612119129776159, -2.661833570986109, 34.91910863983652;
  -1.153199068145625, 0.3576535281245333, 16.34649679169495;
  -2.301495039841039, -3.383037596755466, 33.68020716020197;
  -0.7635936757669735, 0.2821915748775257, 12.7346746001165;
  -2.240800915510787, -1.880031463602523, 35.79516970468395;
  -1.648563277947952, -2.030757203290632, 27.24760656637819;
  -2.892457877507817, -3.089320693422168, 49.76467621964846;
  -1.052564115342881, 0.1359034018597999, 19.19203036546362;
  -2.091594471487861, -2.724835619907778, 37.98568665570515;
  -2.323077652659162, -2.879001464713145, 43.80941020883777;
  -0.7188686854080111, 0.669073496987413, 14.86090912872378;
  -6.08021055612052, -3.587584374373137, 121.3439309236822;
  -0.7430979427389117, 0.41072366034382, 15.80478826420244;
  -2.708259110569891, -3.563935809085853, 55.40279771168888;
  -1.709069371766546, -0.8710408385827584, 37.369431568337;
  -1.723851290568899, -0.3401115501101901, 39.56378672968185;
  -1.206567086484756, 0.1456842426472016, 30.82505941852262;
  -1.234573422303488, -1.027972520670513, 32.15704031236055;
  -1.167627661464708, -0.8649052732492236, 38.97255461213482;
  -0.6557954655130736, -0.1737897573694197, 24.0351342090204;
  -0.4615590442122491, 0.2475775732133364, 17.52180033683663;
  -4.21383032065441, -7.115421217995474, 162.9961221986628;
  -0.9331428168193863, -0.6610904123280538, 40.16750244849605;
  -0.4200875675246558, 0.502798122922175, 24.57180758097658;
  -0.3342179255864169, 0.2571861073663505, 21.00833019289301;
  -0.3696392893311278, -0.3217515798909023, 25.9079156774593;
  -0.187816149292788, -0.01055892266666646, 15.24489294162811;
  -0.1831135047798053, -0.6112182609533803, 17.00918576939578;
  -0.2701218358810142, -1.179133992122071, 27.58898617667903;
