m=[-6.198265266001479, 1.354309593901158, 8.527021697799427;
  -6.251886222412935, 1.722451373275374, 8.604733218779121;
  -6.191361200484959, 1.743157604592348, 8.575359193941774;
  -6.315470937024413, 1.138924515390324, 9.254519065603331;
  71.75507909125976, 16.09654373574408, -102.8029978171632;
  -6.194702027930917, 0.122314435994051, 9.965272443877502;
  -6.151329140581185, -1.379076684002746, 9.909606511073951;
  -6.139904651522684, -1.31987942278385, 9.892977362345055;
  -5.99782750848265, -1.180594777504744, 9.666416109974971;
  46.01237842882968, 8.431825996728389, -66.28158678105612;
  -6.132544381679499, -1.437375161395574, 9.896347119426492;
  -6.298136165301646, -1.293248986909992, 10.46922357734428;
  -6.34208682643158, 0.2076589660413945, 10.55020020976349;
  -6.141804675325886, 1.940055318465047, 10.24974820522344;
  -6.236915842783662, -1.074934135728004, 10.41005422224603;
  -6.250590096524782, -1.14423308697084, 10.54000882607776;
  -6.253289727836067, -1.316672346202354, 10.54655912878432;
  -6.270682634311052, 1.981843785092471, 10.64174475730345;
  -6.238413863522911, -1.141299838298376, 10.63730853282758;
  -6.278351508312097, 1.941306641257346, 10.90488123545084;
  -6.433137003181016, 0.00210041957670424, 11.36343103540248;
  -6.387489047426705, 0.0287318242443586, 11.36930081575985;
  -6.52952844467068, -0.1133145019347341, 11.61476184199303;
  -6.771936401202851, -0.2238229675251934, 12.03105763455278;
  -6.765094861165018, -0.3133829662675664, 12.10823824826139;
  -6.512813846648507, -0.762842517878074, 11.73700699191041;
  -6.687916933424519, -0.2793703157341733, 12.05923461080691;
  -6.349820630685099, 1.841091230292953, 11.56237553726842;
  -6.543181250906919, -0.6063424037332851, 11.95289096101596;
  -6.546995523624767, -0.2491981093653942, 12.14210571323369;
  -6.62250883579813, -0.4478840583987283, 12.33394958643834;
  -6.35637597130575, 1.467321498779648, 11.8844141009287;
  -6.121093280684566, 1.666407655847157, 11.48791833603032;
  -6.194576880825987, 1.126642214262122, 11.64476636079053;
  -6.40337603747533, -0.2475404329620114, 12.04545188029893;
  -6.420392126279098, -0.4415288559367186, 12.11168087744072;
  -6.309128658305918, -0.6866904688637703, 11.92382575515274;
  -6.386889779469792, -0.7687473386365626, 12.09684442046991;
  -6.315458168995798, -0.6325058209648877, 12.06495801112649;
  -6.009393338427447, 1.638810404558864, 11.56136770555745;
  -6.281333642821658, -0.7735165962972809, 12.08067423817577;
  -6.268237231738522, -1.295411062519772, 12.08119169643221;
  -6.278467732146359, -1.408695575869123, 12.12601078315344;
  -6.367468603895906, -0.187350662148052, 12.30112638755938;
  -6.304481670716212, -0.9800512832328612, 12.19918313254851;
  -6.287607133715769, -0.4751557113890347, 12.17783252400981;
  -6.342958708847585, 1.069095090700757, 12.27890001196015;
  -6.287109169139873, -0.2454169642638021, 12.18302616276296;
  -6.266743695407295, -0.6508685360131529, 12.1707490164149;
  -6.248021682653843, -1.31177211222655, 12.1639873927042;
  -6.260840000054003, -0.8546910805808704, 12.1881716620614;
  -6.232435022310532, -1.422343515096805, 12.13776602266482;
  -6.22842831601546, -1.366096482067015, 12.13868619356119;
  -6.255317565044266, -0.512192409907116, 12.20184580542417;
  -6.256087277022882, -0.3454014380295096, 12.21598223037689;
  -6.247251040179945, -0.1124733532545124, 12.20176506775674;
  -6.230454585547897, -0.2341573928486425, 12.1789505531269;
  -6.248239196092955, -1.46222239095738, 12.26693688078903;
  -6.33233275493624, 0.5518638968466395, 12.44751763673227;
  -6.257373997963135, -0.9171780339460312, 12.32430920407874;
  -6.195158438670259, 1.946349042579752, 12.21273315635426;
  -6.166738960675815, -0.6172917601584784, 12.16743847231083;
  -6.194749659823028, -0.07455425607444297, 12.22374391340376;
  -6.314781994163647, 1.021921371465008, 12.47651039772421;
  -6.312565829790217, 0.6334298762368965, 12.51416662516852;
  -6.289781047598462, 0.4575864482733674, 12.47626777414656;
  -6.287195908732493, 0.5548923730723243, 12.48557876131798;
  -6.577989065679963, -1.935012518456838, 13.02247214467431;
  -6.20507456730464, 0.1519268422442304, 12.37389128963477;
  -6.261160690252078, -0.2502138367392564, 12.50579367815375;
  -6.249379991625869, -1.3494913398822, 12.50409169922684;
  -6.313331880483335, 1.992637199025419, 12.62844044572526;
  -6.25693613033806, 0.554104083058212, 12.56867977934012;
  -6.299060987030789, 0.1958242886106449, 12.68850291218778;
  -6.264157653041585, 0.6880877934615547, 12.62548212715505;
  -6.247379515675908, 0.4765514177656151, 12.62706149173065;
  -6.298565231336876, 0.4177469155310605, 12.72626310085861;
  -6.174923539185366, 0.8407585315004312, 12.50414152319553;
  -6.20580482378748, 0.9986512380923009, 12.56817214720879;
  -6.230729041619046, -1.494988866862385, 12.67591485622999;
  -6.218485126382186, 1.074104940727916, 12.65393890231289;
  -6.231572559525993, 0.3281228124717413, 12.68333041180554;
  -6.309938697192896, -0.630747333468606, 12.8337640730065;
  -6.313931745784573, -1.185866821524932, 12.8432340033546;
  -6.269608560680262, -1.030090128424373, 12.76475339261043;
  -6.307715370461516, -0.4627993125358311, 12.83577662099858;
  -6.300834778682369, -0.0738536071691963, 12.84381878875296;
  -6.248010151930003, 0.8220811931764074, 12.7650299715529;
  -6.28423536405334, 1.033583445788415, 12.843339933917;
  -6.160331748744821, 0.9535230539149096, 12.62118580721602;
  -6.178114525544359, -0.01087126078950051, 12.70730949157919;
  -6.28834541540973, 0.2998096599828168, 12.91943762866155;
  -6.309879195313919, 0.6091651868812956, 12.97539210660825;
  -6.169195676678918, 1.108235736170916, 12.71716688182391;
  -6.236660787759038, -0.6335526335045543, 12.86863953828011;
  -6.247974698921575, -1.093980753126178, 12.8887645533771;
  -6.229180322860421, -0.4487076364560426, 12.87059722416222;
  -6.277693712948974, 1.299812713905428, 12.99527711779847;
  -6.134315347795432, 1.088028811817895, 12.73850019410534;
  -6.215754271154039, 1.134882404628174, 12.8940720858324;
  -6.230097032910829, -0.9161625367196019, 12.92943501518183;
  -6.273086692201013, 0.2783815794665693, 13.02057717680173;
  -6.241017109812015, 1.43527626793169, 12.97895710782803;
  -6.179573335567528, 1.559284389305931, 12.88193546031546;
  -6.250373759002928, -0.2596174761544331, 13.02966089906342;
  -6.289162128400991, -0.1114007150439941, 13.12025362956253;
  -6.251512439945883, -1.27415045361228, 13.06880422361121;
  -6.235933543783032, 0.8829091345950424, 13.04558897024914;
  -6.214648756052185, -0.3649686495471087, 13.01047485868439;
  -6.121682882366922, 1.730684042756597, 12.83272663529593;
  -6.302476159451157, -0.695957611473755, 13.19880184031771;
  -6.339251466124368, -1.128782984285954, 13.28970655129012;
  -6.198683165892613, 1.293724172203961, 13.01605148519806;
  -6.259179860536999, 0.9788728247963822, 13.1893578065824;
  -6.271161801344777, 0.4987177258565721, 13.22898716716182;
  -6.257709668664262, 1.377252257776078, 13.20077546091697;
  -6.201248219008277, 0.7556678992021512, 13.12121011586461;
  -6.186223228381221, 1.820201191003116, 13.09961712453;
  -6.18378449840141, 1.221981196920698, 13.09866969945385;
  -6.179311339844507, 1.615718313293028, 13.09467244236019;
  -6.238277155327326, 0.8058449156141974, 13.21255777798519;
  -6.265766405785127, -2.143986332646786, 13.26970449175734;
  -6.218783123603332, 1.556991527562792, 13.17916305522628;
  -6.198286119316935, 1.897179303768161, 13.1510054804243;
  -6.340364805339414, -2.400095512623448, 13.43531422539092;
  -6.17363528428439, 0.9453057921069988, 13.19540039640248;
  -6.289942612736964, -0.7036294565590753, 13.42630631905478;
  -6.177307863225682, 1.764370143189908, 13.21866765379725;
  -6.280064106770203, 0.1424724684109464, 13.46444636948067;
  -6.21504984999061, -0.7310331820575102, 13.37829045474039;
  -6.192996623099862, 1.46185244291296, 13.34895886331336;
