m=[17.3168831080002, -4.907035440611558, -21.36702423411097;
  19.92771314801217, 3.202753159539497, -28.55279324918351;
  18.90686782410685, 3.116744180444924, -27.2487213105349;
  18.08043262308441, 1.984889837285323, -26.08498885302459;
  18.21199225888649, 0.3305279975327234, -26.3226632277061;
  16.42888575315846, 1.044411169604473, -23.86293493158791;
  -1.207165216533217, 0.09807208370997621, 3.533258366270771;
  -1.179109852740742, -0.2281728126156364, 3.688432131922045;
  -1.159215501440541, -0.2097558068111847, 3.666352377605687;
  -2.186943499476017, -1.069354720086345, 6.266604505817279;
  -2.066181294814276, -1.045208857689291, 6.058085793172931;
  -2.128920215571792, -0.8739436838785012, 6.213865141977553;
  -1.080738320127213, -0.1370488279701925, 3.65079493517722;
  -1.042341253823714, 0.4838295743536615, 3.593660711868157;
  -1.101885618784559, -0.3142477609066305, 3.740404061192233;
  -1.010052920549846, 0.3742300285313399, 3.650181204213856;
  -2.632888706757904, -1.125318616698971, 8.260250200739948;
  -0.9597470095772887, 0.3742956181063603, 3.648627240425939;
  -0.9585741154467, -0.1335067407862998, 3.642508743597928;
  -2.557237781957021, -1.084718527077167, 8.190909544974407;
  -0.9251116210614536, 0.3665923191202426, 3.625460449911802;
  -0.9166157041385133, -0.1610446265326695, 3.624933958845565;
  -0.8522400266873705, 0.377821105947809, 3.631807525967061;
  -0.8065630885378456, 0.069376435651353, 3.482215068689096;
  -0.775229092227119, 0.3268719863660428, 3.61494310819685;
  -0.7335615427755016, 0.243326817845001, 3.61538892920622;
  -2.081352445774019, -1.515515212703926, 8.731926437757222;
  -2.08452589483333, -1.491674967416165, 9.157654176284439;
  -2.081420886798137, -1.0977771766407, 9.448238436098016;
  -0.7380274627225678, 0.4771100255228528, 3.972410390584491;
  -2.043962028899532, -1.519560882203988, 9.336031722855022;
  -1.983260192333726, -1.744450768687888, 10.04505849340618;
  -2.083390350531027, -2.1716170985451, 10.83628236985696;
  -1.883433037908341, -1.810838659817787, 9.954194479382997;
  -2.116489603722556, -2.419232013625797, 11.10326776520429;
  -2.039125288767286, -1.306844029108598, 10.72145366545677;
  -2.062218783856001, -1.520064411993834, 10.86358232241634;
  -2.061792484775143, -1.497865927759353, 11.27742711893475;
  -0.90135980497923, 0.06711812766119414, 5.432100640108363;
  -2.082856222458709, -2.229016890651505, 11.91406159129907;
  -2.101977115060054, -2.606269043218712, 12.10812546048061;
  -0.7926443083285387, 0.05461799016857351, 5.114449855787919;
  -0.751282441085794, 0.5748790350076249, 4.99447799371343;
  -0.6912344842317476, 0.07384941622162983, 4.706800088001054;
  -0.6803655090701055, 0.1254568460718114, 4.697191052191091;
  -0.7417187416713686, 0.6130621296255239, 5.115503453540304;
  -0.6746384941800407, 0.1476891596251111, 4.788390991962642;
  -2.094560128849783, -2.589522983858396, 13.12455620193383;
  -2.014743056023709, -1.550233457976553, 12.69977338991633;
  -1.231582686293664, -0.4107817114711664, 8.636608253498135;
  -2.098393152366843, -2.597804034008659, 14.22477877095902;
  -2.079472831026363, -2.575726937046916, 15.13849686275298;
  -2.043864556849513, -2.815752094443822, 15.9574491084595;
  -2.084431023839003, -2.380812677374057, 16.58646820917057;
  -2.105891657307709, -2.870079144479849, 17.41957688293275;
  -2.239943093918764, -2.385830450979161, 19.4159355343771;
  -1.869098747784814, -1.655720798036593, 16.65339273249033;
  -1.699001587575954, 0.2049087836606095, 15.34082946259245;
  -1.855732557513485, -0.4746586981396301, 16.78262392296449;
  -1.932044975900777, -1.434366140109696, 17.53817653105114;
  -1.914477609372571, -1.530973577889788, 17.45036797698912;
  -1.755107592426101, -0.583197447956426, 16.78696136241643;
  -1.671325746378988, 0.1774981857435198, 16.0830797078412;
  -1.930326678969339, -1.676618172760405, 18.8721476418069;
  -2.046822516787092, -1.430733271788641, 20.24908215602965;
  -1.671335679867299, -0.1339258057144525, 17.03495258593024;
  -1.833238027004293, -0.3100112575639389, 18.8213122466221;
  -2.019076409011899, -2.051848379128786, 22.2113001637784;
  -1.876959226987419, -1.546510131723589, 20.69984009991236;
  -1.956232513947058, -1.54165454509505, 22.13466223984535;
  -2.131220390112459, -2.853210833129491, 24.69436059655956;
  -1.991587599159353, -3.177783886287965, 25.73722811051399;
  -1.743461632325502, -2.433481098379942, 22.69510595430088;
  -1.961108238537098, -2.237375104524101, 25.56166368822259;
  -2.135653269259495, -2.336289483769342, 28.77129698028413;
  -1.500528417985194, -0.007696563029713151, 21.35031388279826;
  -2.39329694941336, -3.71608908432244, 35.0520814573804;
  -2.03914857440608, -0.5922263419748065, 32.11946035483546;
  -1.958470073840729, -2.294180862400644, 34.03697212136417;
  -1.747817651347381, -2.483275080665369, 32.17831453342927;
  -1.753861944772063, -2.376006933694251, 33.58828199364198;
  -1.130258006257823, -0.7976377961988352, 23.22383943420866;
  -1.94587256160488, -2.505057152859934, 40.20633931411354;
  -1.189495689839121, -0.7410402275879748, 26.40703794278625;
  -1.784227224255262, -2.055817702445442, 39.96515673951614;
  -0.5517891519519423, 0.07232991412093358, 12.74572306027656;
  -1.975771299444625, -1.874351508848648, 44.60901595527815;
  -0.8983461900954814, -0.2781418182357198, 20.91066960857848;
  -0.6094515150591374, -0.2475810401936711, 15.50228207188809;
  -1.203222960831283, -1.058407877536122, 31.45488514543477;
  -0.8318448505213274, -0.8203953434082185, 22.15274279154183;
  -0.7578547612557559, -0.03270059439230238, 22.70933697905098;
  -0.7843383511995674, -0.7278683080397598, 26.92533036647298;
  -0.1095067347206307, -0.04893056272675799, 4.15639398029782;
  -0.2430003231959547, 0.09190865395241353, 9.491635594428848;
  -1.281568796950999, -2.535941716852527, 51.90502145080894;
  -0.1524623174671471, -0.1148358995991305, 7.15234696839612;
  -0.3890657910231511, -0.582805525687716, 21.35231966807684;
  -0.2915626706973817, 0.2877396020208105, 17.90519829231361;
  -0.00803748905658132, 0.004133551973858047, 0.5428229223342522;
  -0.09617217586982128, -0.1251496319035597, 7.342308526745438;
  0.4167863441364373, 0.1946945449964834, -37.00007497120985;
  0.08723747856376354, 0.09638553162269314, -8.804360612063016;
  -0.2801819536372537, -1.150586691769, 28.43156302145977;
  -0.9421850283925851, -5.190032475779312, 109.160378824126;
  0.2117967398930866, 0.08030674722990054, -36.92635856169438;
  -0.05020030947751594, -0.1786062801685601, 17.60341924985192;
  -0.0840460541677182, -4.158553799605128, 93.88905642369947;
  0.020273325005198, 0.180827907001955, -72.4655204936912;
  0.3361628636729693, -4.172847703725403, 102.1527890372867;
  0.7898810136628753, -9.774825755612836, 197.5035738745918;
  -0.3140297210423545, 0.6465069185643126, -70.35360682924505;
  1.702963056109865, -11.36208503760419, 255.363953446883;
  -1.316417534536244, -0.687515899147689, -105.6216926260042;
  1.40975895746729, -2.822936090150252, 106.9279381404176;
  0.54015223516831, -0.5902621322651588, 33.48688251152509;
  1.968899998718414, -0.5094801195945724, 108.3151308524727;
  0.9860554677823199, 0.3133869073797728, 49.47473743674672;
  1.181889283657846, -2.245785847554199, 40.40023318988287;
  2.313991671648482, 0.273883000655873, 67.2649008037808;
  3.601037099006509, -0.5770548106284136, 100.6821838003399;
  1.381069241955105, -2.307296795432807, 39.20582695533363;
  2.325925944809484, 0.6405693343444613, 64.18752400972552;
  1.662386216151842, -1.689288479583559, 40.94830970287467;
  3.650592405730639, -0.3650944622463403, 73.42152292925184;
  1.321417099360752, -1.674465255875225, 26.6815642494468;
  2.484556910660784, -2.525712767575834, 47.78183831189688;
  2.670904285264545, -2.427272087872454, 51.96206106500107;
  1.14725187568056, -1.837898723127503, 22.63196651528866;
  2.072096216148168, -1.576834313305267, 38.33368561075449;
