m=[-6.623157164115037, -1.485747633631558, 9.488950748967712;
  -6.595050661949533, -1.45011475086607, 9.493820047167954;
  -6.688002044422403, -1.225584754145207, 9.634176781035819;
  4.609305470718325, -1.153392496990828, -5.584012762380939;
  25.75678210976333, 0.2595332422955528, -41.74327969402198;
  -3.186022111857686, 0.09904659041035992, 6.417758286169027;
  -3.129762342234652, -0.3128539509636091, 6.365613587131787;
  -3.141008571346094, -0.2304569122277573, 6.391741227773638;
  -3.131426912035098, -0.03670421161064822, 6.383198611155098;
  -3.130269511803359, 0.5148430255752388, 6.397455393671936;
  -3.134991088304016, 0.1494670776084184, 6.440855130588358;
  -3.150459949551995, 0.3041501215040932, 6.478484277791099;
  -3.113985128465507, 0.6447586718897945, 6.446172995289849;
  -3.067520939833537, 0.5440788375173857, 6.370004453966458;
  -3.104971605798641, 0.5669107060174573, 6.441008759858406;
  -3.109747139498558, -0.4573016781005732, 6.453715462439355;
  -3.107992206048653, 0.1379237720985551, 6.451027120997105;
  -3.103600368674545, 0.7831277893676624, 6.469763764071418;
  -3.122476537880971, -0.1296961604813544, 6.509180414254257;
  -3.08563871714774, 0.7485735299387626, 6.456745644841633;
  -3.1332913959419, 0.2480317540697433, 6.569905793953373;
  -3.083311403325224, 0.8305142763464576, 6.480115431814681;
  -3.11421121171011, 0.6854032305137039, 6.569496688143802;
  -3.084493047520444, 0.6095284379779068, 6.533661648489976;
  -3.087153562396211, 0.908347530251266, 6.537192108827519;
  -3.110285528913983, 0.4017788432890226, 6.587528292441017;
  -3.09310902832318, 0.7744191194975589, 6.555074750418955;
  -3.09515182313423, 0.4739290241695048, 6.615513504316996;
  -3.134003847065805, -0.5250579477415481, 6.690885897527538;
  -3.072449930065107, 0.8775568650745663, 6.57465928648981;
  -3.132059567631559, 0.0710553666688737, 6.715130189344905;
  -3.10122645492917, -0.3647757457056002, 6.675587369589637;
  -3.090152509586088, 0.7294282994216954, 6.660801102000549;
  -3.068797406013321, 0.6433361714951678, 6.618479864029757;
  -3.073554469859872, -0.3568870383017395, 6.683298122685206;
  -3.081363690467451, 0.1943168756707205, 6.700432297244562;
  -3.092498051526117, 0.7066281468277142, 6.770631433647822;
  -3.079434674908996, 0.5995788025216794, 6.752620747866188;
  -3.012881544100609, 0.4733378149138857, 6.680295194652528;
  -2.993218095072149, 0.6230622236297899, 6.671257351981081;
  -3.026467285701, 0.7211872027524253, 6.748798316989279;
  -3.046885350024295, 0.5660502172719791, 6.792463040888997;
  -3.009163115561608, 0.9405658309042361, 6.728952761409326;
  -3.088870157649688, 0.3308121915090157, 6.910208235449668;
  -3.088682210711147, 0.3605408529850246, 7.024051715278906;
  -3.048425433874557, 0.3971543283178443, 6.947597181854599;
  -3.133612596409951, -0.0007319284407256619, 7.122875998916433;
  -3.018522447790904, -0.5570414892178727, 7.014762503394283;
  -3.101056904903189, 0.6789373784777091, 7.176806601173738;
  -3.019809093560641, -0.4904778283380533, 7.022252234140041;
  -3.144020972564714, -0.1239347203891199, 7.271294405252418;
  -3.021632251196922, 0.4871440806268615, 7.030210369111885;
  -3.097799116183282, 0.7443711281862921, 7.201948375678545;
  -3.103899378622169, 0.3310142557330079, 7.218377646229979;
  -3.158735596382736, 0.09145143600894089, 7.345175057739561;
  -2.922521416009619, -0.5040960535658839, 6.888014986561712;
  -3.09957360359481, -0.06441330602129591, 7.257501657329097;
  -3.068221302354652, -0.1475115387286716, 7.222340684929938;
  -3.075285679214376, 0.05152599903292505, 7.237486988855556;
  -3.121831680959534, 0.1558142012439107, 7.339380431594351;
  -3.132478564723721, 0.001948657275779493, 7.386200948513717;
  -3.077621738393539, 0.9496339663469495, 7.357099862292058;
  -3.12598349080986, -0.100668969356929, 7.505472624991286;
  -3.120220847583533, 0.001090520961493368, 7.559663965541922;
  -3.106401798379046, -0.03043349730967419, 7.564730356586565;
  -3.163039419152925, -0.3110572833687418, 7.787101405105421;
  -3.112193412620695, 0.01084585811906346, 7.765683205352421;
  -3.120656464255435, -0.8389137218922176, 7.790651288122017;
  -3.105852718364292, -0.485818604265286, 7.769417370449701;
  -2.085167852043479, 0.6899475172737064, 5.547875500314684;
  -2.102818769698594, 0.3060784864300801, 5.607107769193909;
  -2.108780195974088, 0.4926557757351488, 5.649138683630753;
  -2.072470746671518, 0.5795518741835587, 5.571668712355225;
  -2.068701165714351, 0.6252567083259887, 5.586291386435849;
  -2.059671624955133, 0.5552689338727014, 5.606149340828188;
  -2.035917464324487, 0.7180865202896691, 5.565324340491191;
  -3.194974414768212, -0.3361326565773582, 8.211552885935447;
  -2.03176163079081, 0.6293698079904891, 5.593346793178528;
  -2.017259146887196, 0.3287873004778105, 5.564520027327955;
  -2.022437889917258, 0.585550924838586, 5.583619135443945;
  -2.029482516337949, 0.6082208525779257, 5.599449424206827;
  -2.004970804891138, 0.06792489214942246, 5.554379988226562;
  -1.98502664506977, 0.2432396478656993, 5.534380556603497;
  -1.968871415203157, 0.1596164506392111, 5.53225344824655;
  -1.912548450367569, 0.2042988367067983, 5.41634624716412;
  -1.944874113734651, 0.07562220843706471, 5.510332632662499;
  -1.972273939303221, 0.4903746183961759, 5.577752440786111;
  -1.903691457808724, 0.2335020158524988, 5.41758908904054;
  -1.963336172273194, 0.5374509973970973, 5.559801653135113;
  -1.875406161731958, 0.2422913568165013, 5.409466853559663;
  -1.833658961444677, 0.1997811866238455, 5.315167730004069;
  -1.894729056828644, 0.2861933670307934, 5.495045243928855;
  -1.852383236498117, 0.2338836016610817, 5.410808377357273;
  -1.839387357828628, 0.1494348482390003, 5.383712752695817;
  -1.860555889070665, 0.2647139374885796, 5.461599978584287;
  -1.857940523528835, 0.2988773826934469, 5.45570804200121;
  -1.843392491155438, 0.06687151786113503, 5.42061581189639;
  -1.905003579912711, 0.550571167203373, 5.581897890979762;
  -1.835969257823146, 0.2021559433704969, 5.430733655789961;
  -1.809954205564429, 0.03418123428300786, 5.399468039910158;
  -1.81377984339601, 0.161466206595611, 5.444748930768497;
  -1.82844634742695, 0.323618816375106, 5.48176706395154;
  -1.802172058459447, 0.07528241859856331, 5.437317247956987;
  -1.833569187871886, 0.3718890388739314, 5.530772949463247;
  -3.16646738269146, -0.8555939344903031, 8.884117628156972;
  -1.840226387372455, -0.2198974358564038, 5.614036893730706;
  -1.814438530201932, -0.2253513416162464, 5.651465517733018;
  -1.804619681511651, -0.3492169516478331, 5.645120515034864;
  -3.120633809066039, -1.578619507894482, 9.149762120026079;
  -1.75136304986552, -0.2461856124801874, 5.586303528204173;
  -1.736122572900231, 0.5998988123111358, 5.605700739733093;
  -1.684070017655669, 0.5784614071849907, 5.534834631252702;
  -1.696911948070191, -0.4493089973704051, 5.62095877019542;
  -1.682960444064485, 0.5570889636427108, 5.599772039906503;
  -1.664031944453815, 0.5705599110340688, 5.570111101175759;
  -1.669746852520288, -0.2653264840990126, 5.593574613952232;
  -1.663772439141217, -0.2109836012537913, 5.620317037883164;
  -1.652376584371198, 0.5869474595382347, 5.603591605659974;
  -1.640756755737516, 0.6021712433021693, 5.573837184413975;
  -1.63829270068929, 0.5533227262726614, 5.574584141260319;
  -1.695145011923633, -0.4834399463318507, 5.754251783322909;
  -1.591448020555572, 0.738711641285191, 5.486805981698344;
  -1.622350341626377, 0.5326332158947218, 5.578050753615599;
  -1.4952982193961, -0.27892943457964, 5.241767981972542;
  -1.581604087788114, 0.3981322103603826, 5.527844620958177;
  -4.075472592190417, -1.741891014256226, 12.78611709311666;
  -1.622127225323304, 1.038989134382733, 5.744851120276034;
  -1.545100531010005, 0.5724680400794179, 5.583763783231631;
  -1.523858226399764, 0.5395492440905993, 5.592921567356306;
  -1.512605273843657, -0.2267760873666966, 5.644245362688864;
