m=[-6.281128082120302, -1.330154711675495, 8.615499033849066;
  -6.303771192365871, -1.373136236307078, 8.693537289637618;
  -6.334916867036253, -1.315899902745657, 8.733294009270789;
  -6.154288556140178, 1.811900763476792, 8.563513153235014;
  -6.228414405674299, 1.836839579354478, 8.992204171775141;
  -6.917043306089819, -0.4054596641429782, 10.15761561225242;
  -6.881963700955048, -0.5300421023076903, 10.12475967919198;
  -6.45363425704916, -0.1273268351933192, 9.561461282733593;
  -6.095702205443057, 1.760241968537926, 9.192889701643976;
  -6.855196152258789, -0.3896628094002708, 10.24426473879824;
  -6.714965190642513, -0.9467856545963451, 10.12607308735773;
  -6.850340768235911, -0.4155200463611681, 10.33406657703435;
  -6.567526513630143, -0.7943493212868338, 10.07375238642546;
  -6.604378812028948, -0.9946652055996118, 10.18413211538863;
  -6.424483757403943, 1.331818632132902, 10.08328458398462;
  -6.320048837498463, 1.567801359763867, 9.962501100528284;
  -6.436730667521424, -0.8226939951283191, 10.13405050132481;
  -6.381014901354395, -0.7446716786410623, 10.05833029792126;
  -6.526197846444917, -0.1479220921428229, 10.26780648121146;
  -6.434880467241276, -0.6417531100909917, 10.13786506418319;
  -6.421535497921785, -0.7244066505694592, 10.19923416299953;
  -6.455057091882325, -0.6171957758928707, 10.26074302332987;
  -6.344421945118197, -0.9330014449378953, 10.12345820349209;
  -6.3454912625727, -0.8650188662119522, 10.17657457518928;
  -6.246566987010423, 1.589854595840088, 10.05217730805978;
  -6.395059592739425, -0.807591242155104, 10.28620506946471;
  -6.395633359841814, -1.015968037110341, 10.29076052788254;
  -6.30929347412141, -1.553107690684032, 10.23768418277877;
  -6.325503668128571, -1.488213546690462, 10.27536997334837;
  -6.342181635918771, -1.601759388666336, 10.33543671923976;
  -6.316361176639503, -1.227692345658223, 10.31801841675634;
  -6.342914996749364, -1.113941563722436, 10.36835603672043;
  -6.309111386228693, -1.715758205283541, 10.31886674753737;
  -6.289848111631875, -1.615526858007822, 10.33192042595735;
  -6.317598588583396, -1.212487052758048, 10.3917247558533;
  -6.296890774546598, -1.101498154795924, 10.37210723579056;
  -6.268740075190522, -0.9798805702057596, 10.33954188765573;
  -6.283327789020124, -0.2858029374025009, 10.36382029422949;
  -6.27630964298422, -0.9213767855479773, 10.35175408742113;
  -6.216915689591358, 1.709949953958817, 10.28042163404792;
  -6.267032465649396, -0.6337137164152769, 10.34913516127704;
  -6.238385156109182, -1.519121190960675, 10.3306736175203;
  -6.26242508238006, -1.648146931674363, 10.37768055402201;
  -6.253577450864253, -1.120213583171677, 10.37358941027125;
  -6.250945497046684, -0.7790692245670184, 10.38336704435696;
  -6.2437955846351, -0.8332948941657578, 10.37365208672621;
  -6.242621822008811, -0.7157373244854122, 10.37292305073656;
  -6.251369078010706, -0.6591846070679562, 10.38915725575344;
  -6.26665441933, -0.605794814380496, 10.41308843558645;
  -6.209305254473643, -1.086804069438976, 10.32991117178437;
  -6.273951885151431, -0.4893622925722972, 10.42905434058403;
  -6.236117183131618, -0.4298186500856566, 10.37276070954434;
  -6.198385782226902, -1.205248425217946, 10.31565181911555;
  -6.25069648248696, 1.807703298994072, 10.41232775356872;
  -6.242938148868351, -0.8024249442946345, 10.39571241816912;
  -6.233217823415434, -0.2438027916550915, 10.39344984781245;
  -6.305327120015178, 0.9116964017064178, 10.57593247216843;
  -6.329370419627241, 0.2991943488471223, 10.65378422372095;
  -6.360780007843783, 0.467732117072185, 10.70219905442996;
  -6.25404384419976, -0.01698986260115719, 10.57482538684436;
  -6.305581282666332, 0.2510481692957234, 10.69032903975642;
  -6.241007101249696, 1.814451328400173, 10.59920377263774;
  -6.302360272923531, 0.3042736350649575, 10.7114820267366;
  -6.308451706947777, 0.5256160269520166, 10.81208017571211;
  -6.243885574598497, 0.6693989715043617, 10.7251767506352;
  -6.30022470339742, 0.3074573534022039, 10.82919197784375;
  -6.258246272572473, 0.9469856114027164, 10.77097256243275;
  -6.286771670129551, 0.2496956502849457, 10.81776395984997;
  -6.454719147145507, 0.02303021058771911, 11.09234001029598;
  -6.374036938281956, 0.06768240071598444, 11.02491584368053;
  -6.343496729608626, -0.8193946467262796, 10.98854718836362;
  -6.271055412269013, -0.6400897953034801, 10.87715104273487;
  -6.220901322590922, 1.790003256592058, 10.82281713405029;
  -6.305826674583513, -0.2497894779545748, 10.95531795102719;
  -6.236472182999963, 0.9648424799982046, 10.87410340356635;
  -6.278119903531469, 0.8640557132869398, 10.94415358782385;
  -6.257639786100543, -1.731455811349675, 10.92769530571526;
  -6.32487469136871, 0.05984596900602869, 11.04395541465798;
  -6.323177576860996, 0.002837008777053172, 11.06317134105574;
  -6.22997477662868, 0.9491651437528471, 10.94073372257735;
  -6.296573512246218, -1.115839742192297, 11.04737320362726;
  -6.31859652487197, 0.7224990583009633, 11.08752151636897;
  -6.352314427698684, 0.4333999665150907, 11.16501285897388;
  -6.259774800932991, -0.8099143920102078, 11.01624230249715;
  -6.265857596775719, -0.6095324155871257, 11.04222558202131;
  -6.152542952909289, 0.9232203415674544, 10.89000462806863;
  -6.334358443106679, 0.1860445031609986, 11.18330060212219;
  -6.324751170700959, 1.137110314744236, 11.18359662907218;
  -6.269698990200323, 0.8654344244058735, 11.10215313885373;
  -6.277592397818174, 0.9772970385746232, 11.12295982709274;
  -6.270668893239634, -1.111087487947378, 11.11195704107461;
  -6.359274669284497, 0.3642177213385976, 11.29206454535062;
  -6.304611335080528, -0.3769692893260275, 11.22519473297228;
  -6.258902683005926, 1.416306430756548, 11.15675252241555;
  -6.22411324700461, 1.202512121709085, 11.12968682790564;
  -6.235906730757844, 1.344674003465666, 11.15154026987788;
  -6.412981422355392, 0.4763806417459151, 11.4531959601792;
  -6.273625112448006, 0.724359751374973, 11.23756989228791;
  -6.385127472129245, 0.4652595580173129, 11.42054832228555;
  -6.285277281637268, -0.5586303335794042, 11.2552569641749;
  -6.111881857383604, 0.3038408568840528, 10.98169323482144;
  -6.222189171371767, 0.858558963558962, 11.16562034325414;
  -6.256892855975436, -0.8829909677597816, 11.22162503637735;
  -6.226171012990855, 1.043110540766041, 11.18071005971476;
  -6.280201014052635, 1.520458395803269, 11.28692171393794;
  -6.256747787963664, 1.610686397956891, 11.27743461808272;
  -6.216985063860046, 1.283724271827012, 11.21961411229439;
  -6.27571430098913, 0.8008989127569121, 11.33210906261233;
  -6.259752019230846, 0.8946569848478366, 11.31901140544911;
  -6.244393626796865, 1.221023771698729, 11.30075690217925;
  -6.232249295831974, 0.9452744724072559, 11.29629569420723;
  -6.209744650216072, 1.05331482880912, 11.26393817824427;
  -6.22837861184928, 1.664528313577803, 11.29792649018533;
  -6.122913102645312, 0.09423678104770175, 11.1262194667577;
  -6.194315374609068, 1.390274492337381, 11.2541228505808;
  -6.158885610498776, 1.719246127404015, 11.20058319795036;
  -6.275902685596758, 0.6373885722371139, 11.39971143178198;
  -6.294646681577383, -1.237395043825092, 11.43573824111089;
  -6.164803004781674, 0.5834100217640329, 11.26049044609907;
  -6.210679447885871, 0.9189304847015519, 11.35082577525286;
  -6.225521287042699, 1.028941899751319, 11.37825530129802;
  -6.228995219119436, 1.446709052868612, 11.39785717906908;
  -6.450937090687173, -1.764103517206395, 11.76622253399801;
  -6.263244900657742, 0.7841993292858782, 11.49017939962738;
  -6.474995120968115, -1.468408176889408, 11.85014808624392;
  -6.267045957276768, -1.250870835035111, 11.50093070836864;
  -6.251219020708479, 1.794560280702645, 11.4878413827907;
  -6.300853123235267, 1.205904828772273, 11.56868631999278;
  -6.247555658911398, 0.1908173596064103, 11.4929456481602;
  -6.1804136781021, -0.6021720049174466, 11.40263690157801;
  -6.21250618828322, 0.3914710756589587, 11.46183473698839;
