m=[22.67666832966317, 5.303916190612508, -29.28169343116814;
  22.91057701690987, 5.91928890343855, -29.76171743399972;
  -3.092678222897663, -0.6312984814225739, 5.548766601652508;
  -3.23833482730939, -0.7343939649511087, 5.926606358696339;
  -3.145158501363811, -0.5923650820450853, 5.822377113401696;
  -3.141528725046852, -0.7338710870965975, 5.857123238338907;
  -3.117931537663025, -0.7630196659206093, 5.899316058015931;
  -3.176519211325342, 0.03002594959217122, 6.249479559646881;
  -3.15444871149842, 0.2689169114019803, 6.220594227066091;
  -3.161908767499247, -0.05741067310114228, 6.231875216271008;
  -3.198142406403079, 0.3200451277429198, 6.310442817792077;
  -3.177754014121721, -0.09932662129355285, 6.277866862866882;
  -3.146982732222309, 0.3743953159876601, 6.273583851601188;
  -3.164760944111959, 0.3034987118193458, 6.342938326338109;
  -3.06924218536073, -0.6699219665869021, 6.183567987641994;
  -3.185148664146226, -0.2297366370676303, 6.423710545204407;
  -2.979611674404468, -0.6160219895014253, 6.071361234937788;
  -3.152570566920722, -0.4693586368958068, 6.402433330789928;
  -3.113361333510513, -0.4007563682229919, 6.346406122671856;
  -3.155855474087409, -0.1576599543018941, 6.443464075229811;
  -3.150136304916741, -0.1329552942873835, 6.733420503785207;
  -2.033684205939879, 0.6699308379425777, 4.725115297249797;
  -2.009425569976704, 0.4864255007182907, 4.735750769325731;
  -1.906597526276586, 0.1843737392421138, 4.55167317433126;
  -1.987499173189602, 0.2749803745646103, 4.715585636618533;
  -1.987802571989443, 0.4457178727535966, 4.72637375465426;
  -3.168877855031021, -0.9715910953974054, 6.973729256823202;
  -1.859855456425092, 0.1168082781912477, 4.487060316043815;
  -1.889022798329665, 0.2400347716983325, 4.599658754530513;
  -1.934424191361951, 0.4961330065073024, 4.722879857474654;
  -1.866190515492201, -0.2955782117858347, 4.752791102815619;
  -1.830641021570656, -0.4292219800936298, 4.787854161006769;
  -1.775751837544183, 0.4984083906413122, 4.722654787252991;
  -1.722209581871578, 0.5302668751542873, 4.713180667422871;
  -1.687928835795435, 0.5180690537113702, 4.712732699440532;
  -1.688434788792766, -0.3402902903081332, 4.724983987624558;
  -1.690708702176009, -0.3768976231627396, 4.760121240479203;
  -1.661644774108447, 0.5308177868249954, 4.707720988622976;
  -1.684613274058976, -0.2850139239263407, 4.759128321342054;
  -1.668827157933548, 0.5017857823223547, 4.737391773258654;
  -1.616237874315752, 0.6936782043850053, 4.634277118031903;
  -3.254158844581241, -1.89218751585002, 8.319279870227289;
  -1.650424263144423, 0.5101245947580567, 4.760875748710036;
  -1.642165269483806, 0.5366341664337064, 4.746605983537529;
  -1.622362769665151, 0.5395812873975125, 4.761762980646493;
  -4.01662373130377, -1.798037838555147, 10.44906649568887;
  -4.054646649692284, -1.954927397193314, 10.62909716570912;
  -1.574453413775294, 0.5240106986116514, 4.753733271328794;
  -3.624334156788055, -1.937907593701149, 9.769784369144617;
  -1.532789935062661, 0.5361002686023693, 4.734612135728063;
  -1.499117100152026, 0.5256350565371823, 4.762354251454055;
  -1.520094250672379, -0.3395657457376939, 4.821267411528091;
  -1.497380195267356, -0.279427143576777, 4.768408153203252;
  -1.495009648906905, -0.2984451385517616, 4.767358995576415;
  -4.427838730397729, -2.207164738580461, 12.51098342359049;
  -4.134919888960188, -1.978366270127278, 12.10222452764167;
  -1.350257371333387, 0.1995531714503873, 4.63727308277382;
  -1.391095521629506, 0.5152603108116379, 4.753508912164919;
  -1.269930020767443, 0.1398521456540422, 4.425465840666051;
  -1.369625211119004, 0.5261535811779549, 4.774226689513865;
  -1.237906982735624, 0.1562644733584414, 4.400339198228885;
  -1.349415922035085, 0.5387906357608588, 4.754821168647131;
  -1.29242515847947, -0.01390165137458884, 4.601742376492271;
  -1.336309883063613, 0.5348931948709882, 4.76740954905928;
  -1.253640398490884, 0.5741024332678089, 4.755582487273125;
  -1.245413472700048, 0.249418510218287, 4.746937997154018;
  -1.218336813129308, 0.4575093866511274, 4.761917590780291;
  -1.187934481767793, -0.05380979692420165, 4.786571599992117;
  -1.199707428519636, -0.1672262702413414, 4.892777035906077;
  -1.158150433015547, -0.1007284530463733, 4.790888022699599;
  -3.175100233874833, -2.611816634851164, 12.29723211641826;
  -3.026980973357835, -1.317892740980771, 11.75475730830181;
  -1.123958746407326, 0.6787575031270022, 5.282971860487323;
  -3.292639830663533, -2.603445614591009, 13.67827771573957;
  -1.125481945406417, 0.5842554004624977, 5.393484001073003;
  -3.369232874058173, -2.604088069585465, 14.15610433709691;
  -3.358137209054587, -2.022869317155633, 14.45642617365506;
  -3.26008030758746, -2.688630562308718, 14.11527923568982;
  -3.079192797031523, -2.995184601159317, 14.91444938982749;
  -3.265372414153482, -3.729158138176005, 16.32548564274535;
  -3.155116374921753, -3.337687794393836, 15.89777325783278;
  -3.234346670287863, -2.357051937869577, 16.32078893841379;
  -3.348007539967115, -4.169681605065024, 16.88672739381477;
  -3.293977517477923, -3.771589473782154, 17.00794965635788;
  -3.261425468721242, -2.667044008921754, 17.16667854650736;
  -1.181898644356668, 0.8252802326192592, 7.011504884165798;
  -1.191686804737893, 0.9167682826513092, 7.083896525159027;
  -1.171296312643162, 0.1227921301997909, 7.183556826850889;
  -1.067268540557305, -0.03170201086310723, 6.616950003399415;
  -1.129810983477653, 0.05821633018351011, 7.011252007480468;
  -1.102452733335815, 0.1438491841719806, 7.005937570162637;
  -1.221253146232813, 0.3466568919731425, 7.808734075567034;
  -1.114742259081107, 0.1985237151134628, 7.232403480067521;
  -1.104958082335748, 0.291014034921028, 7.263975294141654;
  -1.056072884261322, 0.4971858284567821, 7.112907149399163;
  -2.971062064119432, -1.046678666886261, 18.59444197597543;
  -2.389453894443589, -0.898634919490281, 15.80460515801446;
  -2.074911003818571, -0.916436456024483, 13.8857829831157;
  -2.015240355502809, -1.049417273762674, 13.88852239568591;
  -3.288662610058663, -1.154648306116633, 25.70639198843366;
  -3.035753058643739, 0.2330417420514724, 24.0389775362787;
  -3.42166161690496, 0.1383412479098374, 29.4470027766076;
  -1.282304804978248, 0.7955557397896825, 11.90956371080298;
  -3.320954208597609, -0.02589094957665339, 29.71369498602623;
  -2.368881933559929, 0.6032079542980099, 22.22447171008551;
  -3.292036570770248, -1.168563571031681, 31.08481371268008;
  -3.216966926456718, 0.3827676984573692, 30.62068011109647;
  -3.040268745411905, -0.09139038194894779, 29.12399485701427;
  -1.844624548318749, 0.7417598223654278, 18.51258766654935;
  -3.170466812923075, -1.024119051538731, 32.59249159663133;
  -2.013111927601788, 0.3024510261075066, 21.19760507641083;
  -2.371315906715533, 0.1858793995126677, 25.00936670801838;
  -2.990744789601647, -0.05240164321013927, 31.313466708788;
  -2.033619166536663, 0.5550930799901166, 21.87802901394722;
  -1.716422656297376, 0.6325292422406741, 19.48490998710541;
  -1.678070142506286, 0.2558546541351806, 19.30372589190618;
  -2.05993274930194, -0.1947606660940592, 23.95905476499523;
  -1.601090700600839, -0.07147984682939898, 19.4731009485213;
  -1.557820938417189, -0.1882337803090461, 21.24667108149924;
  -1.273440175686214, 0.07906433058858936, 18.11653372542024;
  -1.218218696674899, 0.09718516201372913, 20.20202137357593;
  -0.2918944923398478, -0.4874637380779302, 5.035344912855072;
  -1.162013449443645, 0.149344556818119, 21.93870193838331;
  -0.9850912534623904, 0.6021226010321868, 20.75737100030301;
  -1.004921782137744, 0.1842638329596068, 21.97437210245114;
  -0.1687464281580448, 0.875076733049069, 5.275265629198334;
  -1.049967955083619, -0.4184478046241569, 29.13681361246561;
  0.5523075615295856, 0.8799885770560222, -20.99747318495646;
  3.053256462383433, 5.808052162913032, -119.5958920441207;
  -0.6632333070327173, -0.1171553524754705, 28.31136044315745;
