m=[-3.17768870334447, 0.01207204222722675, 4.792373611695029;
  -3.155219940835492, 0.4880155166527798, 4.803290605008235;
  -3.142755211822071, 0.670558295431442, 5.093931391987338;
  -3.133603222133533, 0.5724304207156283, 5.0999036636815;
  -3.129278980188919, 0.6360517918567427, 5.10505750603864;
  -3.129473076434572, 0.5563312951351527, 5.129815563563831;
  -3.116732086591371, 0.6766539206292263, 5.13603496429656;
  -3.133527008862204, 0.4806819620083973, 5.178856288359783;
  -3.121424002934329, 0.5052138609620412, 5.169909207716006;
  -3.140363458200906, 0.3517086219412587, 5.21768309062709;
  -3.111608333085435, 0.3268490878192629, 5.19239445713497;
  -3.16298394979738, -0.6823710263406011, 5.316167385772655;
  -3.108639258854716, 0.60567129732073, 5.272009362577061;
  -3.098839589567938, 0.6288229291523301, 5.308303886970358;
  -3.136782151486182, -0.5185785972666879, 5.346747292919334;
  -3.1287084723063, -0.7015169707383584, 5.348112993566128;
  -3.122026932625455, -0.6937780813829195, 5.395106159390928;
  -3.11405636635605, -0.7311089411589012, 5.402849423094833;
  -3.134312487807102, 0.4456789723986001, 5.480129231684161;
  -3.073161478296132, 0.5866933593156917, 5.400847642488448;
  -3.072462786792752, 0.5128333247624853, 5.406601562842191;
  -3.131399926892189, 0.3892546042513451, 5.571126331370693;
  -3.13625991132176, 0.3488174666387536, 5.712794378923777;
  -2.994149845490092, -0.589727308688914, 5.614007708092459;
  -3.124816961687848, -0.4297779408485711, 5.862997491704284;
  -3.134529374372078, -0.4780414770969675, 5.88116062943377;
  -1.92287092048254, 0.5205617170624344, 4.204701332197936;
  -3.226951739081897, -0.8423699022463084, 6.533450485601151;
  -3.133206672066669, -0.9276210996335266, 6.416396278986622;
  -1.889796428445338, -0.4891387613459238, 4.338782200353847;
  -1.839851815199882, -0.5139777210486077, 4.336600625915192;
  -1.798754924611019, -0.380626367794824, 4.267368726813711;
  -1.712353708670764, 0.5704095299949713, 4.194793281329909;
  -1.711199396799384, -0.2996298988611991, 4.26014332551128;
  -1.709225407121883, -0.327856055553411, 4.266170228157727;
  -1.677455499057874, -0.3149643647393531, 4.220279273165165;
  -1.531699932145381, 0.5262756481701382, 3.968906268746859;
  -1.603838921170582, 0.7162028395191465, 4.112206889588533;
  -1.498249961203782, 0.5079135619879612, 4.266137852513657;
  -1.49047517358852, -0.2520218764455801, 4.259513603545287;
  -1.438141873812359, 0.5414499766397349, 4.224187634915282;
  -4.262102622820407, -2.21640981798615, 10.58225439771232;
  -4.651664897767253, -2.164549617166534, 11.5480330007796;
  -4.68590712053583, -2.008185886661263, 11.66749151240169;
  -1.332258604882737, 0.2933650793510296, 4.117782517219532;
  -1.356369684547579, 0.5482649404504536, 4.231044230432133;
  -1.350456344032099, 0.5473546010676537, 4.228798710299898;
  -1.244496967232143, 0.1817027687041823, 3.94230077332722;
  -1.340680729303032, 0.5627378376571333, 4.23576803465062;
  -1.217485659466841, 0.1218232880967984, 3.903561020722525;
  -1.320661737123551, 0.5471372466322744, 4.229107156913153;
  -1.303512904230978, 0.5645069985892867, 4.244286233036229;
  -1.295455786873532, 0.547691465237834, 4.237941181694391;
  -1.158919211451784, 0.1034906567783201, 3.892276149166777;
  -4.003575601391682, -1.86776557018981, 11.27067083574143;
  -1.240790775294114, 0.5962944242321613, 4.225727726129011;
  -1.206524343883701, 0.4808594476980636, 4.234425485460134;
  -1.205917676982145, 0.5442930312705677, 4.234342294435396;
  -1.170667947882004, 0.5838400858938371, 4.247856235380146;
  -1.157990444076573, 0.6843364352963849, 4.228853425458555;
  -1.166364697249896, 0.5528690282248501, 4.257323184792518;
  -1.121204219626413, 0.4842131711679436, 4.281714463508556;
  -1.116889961678721, 0.8703969393269133, 4.635181398786118;
  -3.314157436279928, -1.381029516745962, 11.76662043747454;
  -1.106748579813669, 0.876099716279414, 4.660728045821721;
  -3.093001877886948, -2.497374891857458, 11.53907957345805;
  -1.098459791098191, 0.5986449772531056, 4.791801511179659;
  -3.1990209312587, -2.506284502487163, 12.17886378026395;
  -3.195407377500422, -2.473521384028543, 12.83090726414743;
  -3.221964854161915, -2.438098205532389, 13.11095206772629;
  -3.144050849139591, -1.840153686285249, 13.12168112048084;
  -3.141416398243814, -2.535326422522622, 13.16963158552406;
  -2.966000443666483, -2.833807382811955, 13.94261398165419;
  -3.014489672138121, -3.138384220386695, 14.77548558097084;
  -3.098598607321638, -2.201271709364229, 15.22656677039704;
  -1.179794493660765, -0.04574157808228385, 6.419784629166773;
  -1.109958305312484, 0.1508527538786046, 6.368206214096025;
  -1.14747731449043, 0.9092108882700669, 6.631196110360865;
  -1.102349996652791, 0.09489943646395396, 6.396180744059403;
  -1.090644448161479, 0.8240079451975482, 6.567059890106652;
  -3.166246184248291, -3.670024420399704, 17.11032765982248;
  -1.148452184744658, 0.3591917814314922, 6.918670967209603;
  -1.045694354862235, 0.1675751591397528, 6.363548480393469;
  -1.960325735270779, -0.7990752653779313, 12.68405798662156;
  -1.801970831671509, -0.7674602049396867, 12.45932080742206;
  -1.673834965242826, 0.8490603936526848, 11.7544187179031;
  -1.585436137360661, 0.8097599852090985, 13.50798915484125;
  -1.598255462251324, 0.7049907131292061, 16.73244428235762;
  -1.569316158176293, 0.657875480287121, 17.5365123369983;
  1.071701763892555, 0.2934833690522155, 11.33711426694709;
  0.9499463026316248, 0.4227895949485994, 9.554967937094297;
  1.077315357768693, 0.2958181820468849, 10.50930593034505;
  0.9647527416671489, 0.4413281221828621, 9.526216293964504;
  1.07724142289347, 0.2166585866551652, 9.997278498599851;
  1.07865631984227, 0.3910351972563451, 9.710395954825524;
  1.068172225357116, 0.2288825853427237, 9.498021253146041;
  1.091824011614412, 0.2206439537409885, 9.281255094954259;
  1.723552990063659, -2.905546688553558, 13.90823366519707;
  1.082539669091165, 0.5176704864521258, 9.018467548120407;
  1.73399587055796, -2.767361253531458, 13.99312580766834;
  1.651106882829906, -2.984461650192625, 13.33344026673354;
  1.633476311502718, -3.048089410185727, 13.1392367458644;
  1.742083145250068, -2.818144535035957, 13.59249094358585;
  1.738601935836029, -2.849249528495921, 13.45616392537734;
  1.802093568658115, -2.909564166688171, 13.40291245219486;
  1.239974559810207, 0.209237298568206, 9.348145938783858;
  1.917413924216086, -2.690276298643521, 13.04103601580149;
  1.952898405890454, -3.033563758844284, 12.7211256471929;
  2.027898629096307, -3.036678110760926, 12.64830328961912;
  1.986535912828906, -2.52790605811706, 12.28718944335526;
  1.129149725856657, 0.3523498829769688, 7.329500257526111;
  1.996965462287446, -2.332813056093669, 12.20911354858627;
  2.061373832227492, -2.324066285066826, 12.00970085694137;
  2.087072740445132, -2.555782849308097, 12.1511655783123;
  2.086553782702473, -2.448377375816052, 12.06962040506228;
  2.117932780827596, -2.670620005080845, 12.17489241556023;
  2.225908538199413, -2.855783365773613, 12.41610813585605;
  2.183434269646034, -2.327414136169907, 12.169049165506;
  2.20054333731934, -2.696596461285286, 12.22897095804531;
  2.126296174599727, -1.985643453791581, 11.84455625218059;
  1.032563169494696, 0.5702238487695002, 6.17115963494208;
  2.252393476046859, -2.861772768210123, 12.2605420173877;
  1.172864842930326, 0.4161453675690714, 6.801685961636975;
  1.121676855554839, 0.063169612343164, 6.542974439751832;
  2.244516002064677, -2.711595138092692, 11.9125396113;
  2.264123612516954, -2.422826868342592, 12.01729275197932;
  2.218932411677145, -2.27873105845036, 11.73449632034586;
  2.255164425278641, -2.232179295346576, 11.8794260341381;
  2.326306132808274, -2.32364128887111, 12.0491709241972;
  2.317979288950823, -2.062248659893799, 11.91842133289348;
  2.362363757813419, -2.206226678675467, 12.06522385572108;
  2.344072120298283, -2.630234621552546, 11.93525367375958;
