m=[-7.049507065601116, -0.3423999666123368, 9.532604302331054;
  -6.793531237916647, -0.8122292809265939, 9.383332324123057;
  -6.759717956775906, -0.7641406857234491, 9.36643751285188;
  -6.875111677752827, -0.9393793343578543, 9.533099662234513;
  -6.483107111591816, -0.8140516797160502, 9.295764716876271;
  -6.648971369184995, -0.4564228932188887, 9.538897152304449;
  -6.674616390242218, -0.6342410951360129, 9.581872522105636;
  -6.623550572272287, -0.5761369681853721, 9.528850440612658;
  -6.504942141949895, -0.9024309449086579, 9.381430479841908;
  -6.657035322725825, -0.7455187958649825, 9.594699306643468;
  -6.495630308720481, -0.8283899588356305, 9.420109268460875;
  -6.526996654312772, -0.6611533607215173, 9.503315008747899;
  -6.662280931594383, -0.7815161321794145, 9.701269209090903;
  -6.468154254440581, -1.079028193388675, 9.581494824183331;
  -6.472674428140253, -0.7276659012690026, 9.592190388639111;
  -6.343796408486903, 1.805248655972924, 9.488545903503503;
  -6.461769923546429, -0.5947068741829165, 9.666058064537181;
  -6.462848840047848, -0.2350395511459029, 9.696710973624388;
  -6.403394437614504, 1.914711430163541, 9.661975056618694;
  -6.398292187746076, -0.6763719338287926, 9.63348172612195;
  -6.376918870935328, -0.8517912475542434, 9.603481098949491;
  -6.413662277520504, -0.7996529373971334, 9.656198495314301;
  -6.382909779248671, -0.4396653298315503, 9.618837369970713;
  -6.415002710629701, -0.6195632512902458, 9.661794024099265;
  -6.390480274963005, -0.5005832566044676, 9.629416664957326;
  -6.411128985731355, -0.3271690601143933, 9.664197252495994;
  -6.395969938830389, -0.2643265071364101, 9.647087152779431;
  -6.374860272645657, -0.7614248377627788, 9.621175371575284;
  -6.318538053485725, -0.5909972102823941, 9.563470892965466;
  -6.360173910274445, -0.1445546399101355, 9.641863617136369;
  -6.442596473651514, 0.9964715948904267, 9.807767348717754;
  -6.540461740475563, 0.3698589826714351, 10.00092252678494;
  -6.437477992322859, 0.03911310374158036, 9.881408412234269;
  -6.395644749020046, 1.92548011920427, 9.858551457664667;
  -6.473118254411213, 0.3151802389018295, 9.973113318918379;
  -6.4072304492668, 0.3718989121997391, 9.898162799640067;
  -6.467253047903232, 0.5165227712797139, 9.984464555495212;
  -6.423310811123606, 1.03777889810872, 10.05300678887265;
  -6.518056577706028, 0.3186343501460503, 10.20515894999341;
  -6.542754645042269, 0.2669751167825124, 10.25670681894048;
  -6.48286815076603, 0.215268582700701, 10.17270669708639;
  -6.444082021420697, 0.5902596319660542, 10.13839486805573;
  -6.391084769076092, 1.903220723061719, 10.11325174345269;
  -6.436313396467198, -1.332472834947644, 10.16045397130089;
  -6.484315209668226, -0.6051683096877669, 10.24315603913887;
  -6.464722529323851, -0.195159827268892, 10.23439902550513;
  -6.361862179729203, 0.9343141512647075, 10.10083188227738;
  -6.441616817402843, 0.1210242034089149, 10.25697454366978;
  -6.459030161939212, -1.727575816281581, 10.2802685154696;
  -6.50281363638222, 0.9123543996898925, 10.3739554830911;
  -6.428619815669114, 0.6904082199529621, 10.27239612465305;
  -6.525216182000953, 0.06367613946140256, 10.41301311069224;
  -6.438217386694832, 0.8477128409136884, 10.29202216176801;
  -6.496506738397708, 0.8097470105301236, 10.39814052888088;
  -6.429631787350626, -0.5677266844030153, 10.33517151019712;
  -6.507666095324489, 0.0721919033728935, 10.48693693960859;
  -6.450867126358798, 1.22711027158246, 10.4127031365793;
  -6.492636198730487, 0.2578390249175935, 10.46593898057037;
  -6.44619867963825, -0.9707591987408177, 10.40418651220874;
  -6.441273788712637, 1.070465213370446, 10.41317056591022;
  -6.444310663144477, -0.7014430210080572, 10.40869698626895;
  -6.480812279141181, -0.443435565709241, 10.4821903199041;
  -6.439911024898504, -1.08447690040728, 10.41804954900905;
  -6.416331473117179, -0.6459618033634086, 10.38727257803876;
  -6.437781491910194, 1.373606117121854, 10.43467118057334;
  -6.473982435715359, -0.1659801315042468, 10.47795977687933;
  -6.556155546227065, 0.4384143742627691, 10.63908685293936;
  -6.436300491979158, 1.175750067032205, 10.47500597004454;
  -6.425169208815899, 1.514773334127643, 10.45861406581524;
  -6.424380799337311, 1.305808444967044, 10.48063583622304;
  -6.435341013076557, 1.45376197177904, 10.50126967173613;
  -6.460159462713026, 0.9542130075118271, 10.58047039084658;
  -6.420012891063202, 1.141295674778188, 10.52365086469373;
  -6.469536648160751, -0.5179544256948219, 10.58787000331878;
  -6.553833548990443, 0.5407319849102664, 10.72456247086485;
  -6.511132924708448, -0.1194066828074831, 10.65455886259407;
  -6.509852727849005, 0.9082745989161245, 10.671043198788;
  -6.439852447228587, 1.626198735760529, 10.57385463514762;
  -6.425381295773198, 1.394973749597316, 10.5883284405494;
  -6.350371270419974, 1.330755602906863, 10.4876605162322;
  -6.405405609587399, 1.455500639740505, 10.57929127755316;
  -6.484870169903027, 0.8926477185391953, 10.70385315743102;
  -6.446193941295957, 0.9888439264845802, 10.65378148471397;
  -6.447128584760802, 1.330195898413237, 10.66223035952278;
  -6.390823008642506, 1.034378015894709, 10.58490441740841;
  -6.437655143485068, 1.786590134212653, 10.66864575384748;
  -6.495677672019534, -1.028143227930965, 10.73545899723835;
  -6.441629758101141, 1.155835453802289, 10.67311505395429;
  -6.446259141024787, 1.869671156524813, 10.70213836651477;
  -6.458469893869371, 0.7233237733326674, 10.73068439532533;
  -6.399124116240654, -1.196596510834343, 10.64258243394533;
  -6.387393739286524, 1.208128557404394, 10.6605623899722;
  -6.417981412819546, -1.034941439719661, 10.69246704888129;
  -6.229113351373561, 1.904667226209213, 10.43046694512573;
  -6.405155712808186, 0.6728093892189146, 10.68839373729703;
  -6.431606631841597, -1.298677363164049, 10.71343055226256;
  -6.434571014397802, 1.429677328618828, 10.74608195534845;
  -6.473284278465057, -0.7558033138866156, 10.8007416604756;
  -6.416888183830993, 0.9188581507481562, 10.73091321478683;
  -6.41870253389494, 1.556412827065546, 10.74024207884146;
  -6.521825267517952, -0.4036984579997485, 10.91639343803941;
  -6.624485933489423, -2.282954435882063, 11.06993467481614;
  -6.41494712758819, 1.671494696536895, 10.78695212041628;
  -6.26668822674572, -1.19632356621585, 10.53613041844047;
  -6.596905718398126, 0.8890039744372627, 11.07741422161462;
  -6.567083210369096, 1.326838076715103, 11.04382463698117;
  -6.411500971583699, 0.2663345384145434, 10.79828514345181;
  -6.376885366749478, -1.281815451400415, 10.73981296003031;
  -6.550035740481676, -1.413081660147665, 11.00893552792911;
  -6.424853885024255, -0.5621412952046622, 10.84602012143848;
  -6.450676664100182, 0.02227894949226614, 10.90475253012753;
  -6.517067521900388, -2.337798512243293, 10.998635569693;
  -6.225041209683358, 1.944008754946064, 10.58318084040065;
  -6.40452080482543, 1.247823919590251, 10.86156701832905;
  -6.399296555499148, 1.139271981711808, 10.8561426618094;
  -6.452189955578629, 1.401901634962979, 10.94676776576852;
  -6.522070055460209, -1.797980674739719, 11.0300772887565;
  -6.418003284237339, -1.158189384768982, 10.88772965472394;
  -6.491651252743864, 0.1263501028762894, 11.02814273639892;
  -6.408908335328703, 1.724213001175165, 10.92147029534972;
  -6.475827297045889, 0.4143943743877337, 11.03729403043631;
  -6.495584030004802, -1.073861904344181, 11.07193443825971;
  -6.195693629439409, 1.802040624045586, 10.62669292301431;
  -6.331081620908332, 1.481532084752404, 10.84594371830382;
  -6.230160409400869, 1.911528579921842, 10.68734793346336;
  -6.43656873568075, 0.03532020223345479, 11.00799292650023;
  -6.407547390302686, -1.43669609198014, 10.9528541116226;
  -6.422267375780631, 1.303219758981102, 11.00132675107991;
  -6.444713358389109, 1.720215080819281, 11.03828720362441;
  -6.393382458965903, -0.7774897815446972, 10.95014882464488;
  -6.412863050105657, 0.2835474611146698, 10.99148184275875;
