m=[-6.208431642636886, -0.1152663401505298, 8.712103777248929;
  -6.091056657347409, -0.07046296905952157, 8.679495665683723;
  -6.259878913116778, -0.6910980420418947, 8.895829947777282;
  -6.173354134471723, -1.271767295649072, 8.839952708347504;
  -6.255609822722243, -0.4758962850281189, 9.017729888465711;
  -6.237305394480845, -1.265257643775928, 9.076101479162421;
  -6.249624209611514, -1.352363343188409, 9.183204175402501;
  -6.265327688952605, -0.8853021074042714, 9.248552769506992;
  -4.132531720096295, 1.16197603345389, 6.448800683603793;
  -4.130113085547039, 1.132586146097011, 6.457632281802864;
  -4.058180024819706, 1.242069860771952, 6.372165784216207;
  -3.75976646709352, 0.4558942012782072, 6.052787427377245;
  -3.962748150473433, 0.7370720775515178, 6.367809944728742;
  -3.725642364265775, 0.439783728621923, 6.079759390608592;
  -6.11574601343594, -1.270395425046001, 9.361624923105042;
  -3.78128494089036, 0.5355931579015519, 6.178027866180845;
  -3.849987626072055, 0.6211155615295144, 6.277148692350974;
  -3.719182485171964, 0.4942150983949274, 6.1353387492021;
  -3.71636337739453, 0.564620381473104, 6.133036570075899;
  -3.683144298804002, 0.3677015509608186, 6.10803810173141;
  -6.203751927772544, -0.961286074783985, 9.641133401210729;
  -3.688502507952064, 0.5200683623049904, 6.133957014079929;
  -3.663273919591694, 0.4475716981833173, 6.114440854923315;
  -3.626724681712635, 0.2888773073085667, 6.127026472305558;
  -3.676545172353626, -0.4947123544873502, 6.469475060106966;
  -3.578520947065404, 0.9919593787453173, 6.436367415294375;
  -3.496616835458709, 1.081927525769335, 6.37524173039801;
  -3.473222190143522, 1.107817832776776, 6.379539394391446;
  -3.545892555967507, -0.7160187058997114, 6.500750583792698;
  -3.454047343339161, 1.179863923235194, 6.381473224050671;
  -3.448117654892648, 1.124109043942369, 6.376085756488938;
  -3.403403236139821, 1.181354237595201, 6.372430526006376;
  -3.418639578023595, 1.082601495793953, 6.399576238990562;
  -3.398734796575359, 1.104297754384578, 6.394261111901248;
  -3.349446720219051, 1.042698429850429, 6.372333798308983;
  -3.336049734642025, 1.072836447338925, 6.380023509699716;
  -3.288412493879297, 1.03979866681327, 6.346382780275947;
  -3.391658208463553, -0.6106395209678861, 6.540564588807777;
  -3.282434723175473, 1.189412936452465, 6.371092595207535;
  -3.367252652197512, -0.9691752063224792, 6.511759242063682;
  -3.336916997804334, -0.5891717342680373, 6.465974195955411;
  -3.232332724119895, 1.125485027717644, 6.348447667761386;
  -3.18604361308586, 1.18481089541865, 6.356693300639095;
  -3.164987566767137, -0.07749145430818635, 6.331187858848955;
  -3.380603732937702, -1.057821650103295, 6.716569906505816;
  -3.133949896057705, 0.7430228500395251, 6.315963697455946;
  -3.108028041600069, -0.0752904499148897, 6.35090253755922;
  -3.076677364914694, 1.083071079001932, 6.397911080043556;
  -3.062298844196881, -0.5056717799837017, 6.485030961557674;
  -2.995208440813599, 1.085912900511722, 6.40386294156089;
  -2.963963418364908, 1.095144672921086, 6.446394240981285;
  -2.954176818125796, 1.140466180526246, 6.445659931682256;
  -2.885582589321945, 1.095861779353216, 6.405178934828848;
  -2.999253490614853, -0.5801329922618547, 6.669762370119219;
  -2.822149563491543, 1.116575190739443, 6.357385609539901;
  -2.727432407747926, 0.7519858454955065, 6.305618130489415;
  -2.746816434750654, 1.219660736106819, 6.360800295745022;
  -2.615287563332578, 0.4859334784205862, 6.117433158899851;
  -2.711576119376852, 1.11197867130793, 6.375986722946182;
  -2.662190553229062, 0.7748263940476431, 6.323576249538939;
  -2.607417476330776, 0.6703249692893082, 6.213928559735688;
  -2.57763703522143, 0.6321888173942745, 6.170893342707493;
  -2.523023001118007, 0.2434143576107453, 6.07256864852398;
  -2.526066071715271, 0.5478707522114459, 6.120679720157781;
  -2.650409842204662, 1.103217271122936, 6.399961222719496;
  -2.627573883658387, 1.156942101074527, 6.371899155652923;
  -2.577819536039307, 0.707909726958471, 6.276847792495617;
  -2.466637216145864, 0.4216119104833379, 6.08425487841045;
  -2.617593271974268, 1.079394696275292, 6.395153668095542;
  -2.466265577157399, 0.2497595194583765, 6.102167959754142;
  -2.60443745866688, 1.133563093094943, 6.399539061370865;
  -2.578480363020063, 1.10310413227789, 6.377028662155126;
  -2.569043958010841, 1.082756563734422, 6.387491331034489;
  -2.569576615397883, 1.063272903891734, 6.411941744565849;
  -2.559211689432827, 1.164563001979896, 6.402080622199425;
  -2.426434884960265, 0.2733250774558403, 6.127601710812297;
  -2.421286862255629, 0.0962879855445693, 6.125794593213278;
  -2.551802603234586, 1.134471789080082, 6.410891894019537;
  -2.522860049955944, 0.5853335066168167, 6.37321704551485;
  -9.041991095321457, -4.573100394182545, 20.4691896098183;
  -9.247165927221294, -3.889679549657518, 21.21369134131457;
  -2.48616436311052, 1.057604922742986, 6.450100719112043;
  -2.426266132781666, 1.222600097782878, 6.339471289426612;
  -2.435799863180827, 0.6553655300500642, 6.396488684583324;
  -2.400420364426846, 0.6217790941895656, 6.37407896842048;
  -2.44515914395167, -0.8673573030006022, 6.551177261500164;
  -2.386547787204259, 1.00828329504655, 6.436764076948538;
  -2.366515034469029, 1.133665081943341, 6.392140803757594;
  -2.354956636530829, 0.6226742257453515, 6.392193481770834;
  -2.36164806815413, 0.6591836961009902, 6.421172685747381;
  -2.315532386091063, 1.211612009497228, 6.45701173656378;
  -2.338033394149631, -0.01636424074256328, 6.5448833085641;
  -2.2938301997148, 1.147119334932432, 6.444546550307498;
  -2.35042283283298, -0.1162989032473341, 6.642457771516579;
  -2.273322291482622, 1.189802367220879, 6.484678442921949;
  -8.127819988955144, -4.328929725520122, 20.7342499529728;
  -8.073355510393094, -4.546298025391132, 20.75068143368394;
  -8.435122045861661, -4.558355361252462, 21.73263127801054;
  -8.259564476028231, -3.769673504922616, 21.37807586576091;
  -2.209594712677832, 1.015131160935346, 6.51196479841807;
  -2.181662945726405, 1.554045754300186, 7.38341191018803;
  -2.123212397443929, 0.4658874026914265, 7.234448245543188;
  -2.197383271102234, 1.260892113192406, 7.624218031854078;
  -6.864059222073131, -2.787609668956121, 22.54569638625906;
  -6.368953660497572, -2.43887600518463, 21.2006012044355;
  -2.24938745706421, -0.607399524019357, 8.179971291313239;
  -2.25198408257025, 0.4351170178963848, 8.333767069095796;
  -6.662866480935084, -2.715446734849039, 22.83116196590313;
  -6.26045370447252, -4.988497667650856, 21.61477911255291;
  -6.43084087235726, -4.93958436003386, 22.7224257023885;
  -2.350087878350058, -0.04052419298081923, 9.238039041233661;
  -2.528435920898971, -0.6147083422432184, 9.908028465069128;
  -6.12214885798033, -3.458597881938864, 22.67525282206668;
  -6.288085004025402, -4.760992468230752, 23.53875603425546;
  -2.477239258998414, 1.984461941038322, 9.910465769388239;
  -6.128481269697369, -4.553802886781934, 23.32945442448851;
  -6.004069903720169, -3.519249511668948, 23.33501394557593;
  -6.036977398377869, -4.781550399380532, 23.68117020871129;
  -2.325426745563858, 0.04496942295026957, 9.777376424111928;
  -2.422706381696101, 1.967496896275127, 10.43663825376617;
  -2.529311953563606, 1.998875269273457, 11.00614009589348;
  -5.877220591266159, -5.570450008685561, 25.53170963821376;
  -5.769771226427475, -5.431611571580477, 25.55269912575401;
  -2.321502695361553, 1.786169481363801, 10.90903614305466;
  -2.218103481891794, 0.3879916204741182, 10.84601795218969;
  -5.807730813664845, -4.599636620145046, 26.92348458413757;
  -5.583671254578683, -5.74211412912029, 25.9268233667757;
  -6.249664444520692, -4.311898263093545, 29.05030941629778;
  -2.340354679087205, 1.944371899673417, 11.5259247430137;
  -2.194303924682115, 0.2715007050331822, 10.86297689487792;
  -6.172299684769873, -3.737366429892105, 28.97144804286848;
  -2.237429900574377, 1.780695861574932, 11.25916945451409;
