m=[-1.740176004002077, 0.5550459785943239, 3.196317644811315;
  -1.768206452146831, -0.3570522444339104, 3.241685681286294;
  -1.685642658616243, -0.2767033461413603, 3.240779529777796;
  -1.678034522206473, -0.5250722614768696, 3.333912242987386;
  -1.445916054162237, 0.5491175840099386, 3.20952555158958;
  -1.423661025681454, 0.5378222733488566, 3.203433922998662;
  -3.989233622297308, -1.820690223384756, 10.32525858611925;
  -4.288909160156689, -2.317734344308227, 11.05014021798255;
  -1.123399430353195, 0.2170575777266984, 4.157289232450151;
  -3.157370858223217, -2.478864280072342, 11.65366918980106;
  -3.213512523773728, -2.433095117584722, 12.0294314185815;
  -3.242873916172602, -2.409635919743271, 12.34473532713386;
  -1.25641236915093, 0.9929228417897137, 5.467198513653339;
  -3.205805040111998, -1.879063369153908, 12.45946608174228;
  -3.180027277868619, -2.518720826190168, 12.47425031867545;
  -1.147959867199107, 0.953727624141709, 5.653544377511807;
  -1.087365416124985, 0.1345394654705368, 5.383039814489788;
  -3.007369076196013, -2.831110633894884, 13.31879448047288;
  -1.119392672923177, 0.8908873076380616, 5.63299515544512;
  -1.183942807046227, 0.3159980213734022, 5.970579919212394;
  -1.116083818196994, 0.7104937301724964, 5.69476762718407;
  -1.114484608687592, 0.6145520511198994, 5.783374854098469;
  -1.132296428975559, 0.390069072158406, 5.873034023016841;
  -3.009207308889234, -3.094596909095559, 13.97273994374308;
  -1.130752117809092, 0.4655032456216787, 5.885078884827419;
  -3.210516263728587, -2.215066044600507, 14.92343975829644;
  -1.126459934149461, 0.5405598970206068, 5.897927411206855;
  -1.095327371015348, 0.4830755919812163, 5.870935985830262;
  -1.035839871228852, 0.5724882039929045, 5.684598103253278;
  -3.244702313269371, -3.705376343151627, 16.76044993453238;
  -0.9575488691034596, 0.5553992936628232, 5.718161684225777;
  -3.263933142956865, -0.9201380101801043, 17.71184593758948;
  -1.591430539757069, 0.9614325780541124, 9.40390062148983;
  -3.224523357368066, -2.677351252451393, 18.5835745380238;
  -1.749157931188526, 0.9389163814460091, 10.57751204025117;
  -1.976594349773449, -0.7410097692130212, 11.93805718177364;
  -1.953598128561236, -0.6597718372652259, 12.09212340190561;
  -1.776626379670313, 0.9802125450613014, 11.47273430662864;
  -1.845497202973111, -0.7180242203172941, 11.89668275412567;
  -3.274264658243377, -2.711978971364838, 20.64974406349091;
  -3.273568800713763, -4.348033420488294, 20.65883490671678;
  -1.246365954426454, 0.9000311510419267, 8.652850444856195;
  -2.779157482013982, -0.7635579117785389, 18.05292684405828;
  -3.310031542982692, -2.76256676353672, 22.69494965560232;
  -1.148283217136384, 0.8341074682340234, 9.475868685514604;
  -0.9159540298449137, 0.9467860941851786, 7.791193463927392;
  -3.465265307166869, -3.521196452772907, 27.39679856335781;
  -3.208677096291452, -4.752001550960726, 25.55601349656425;
  -3.213661941382945, -3.163467157779841, 27.61511640222392;
  -3.450321824279916, -3.068831069561539, 30.3452876644633;
  -3.869865442985883, -5.500157621113627, 34.02703260155958;
  -4.620058922911998, -5.179153279182321, 42.27772267938465;
  -3.997525709271724, -4.603872633586676, 41.70218312874903;
  -4.116724036641958, -5.608745204820107, 43.37976457533649;
  -3.641421189497502, -5.189939327315145, 39.46269436913696;
  -3.721980388302466, -4.721491567719384, 40.67851126736496;
  -3.898341709834495, -5.812966668561664, 45.52292017073554;
  -3.278145180629629, -5.150887022877692, 41.12968209297714;
  -2.514101969753606, -3.708308778217925, 31.81064700144161;
  -3.462196044843878, -6.196273938503928, 45.60019509475954;
  1.503864497220969, -2.362935404729809, 27.24887122550753;
  2.05267822866461, -3.558575579110598, 32.33698265817799;
  2.060928781461012, -2.966698784389314, 28.17350118886888;
  2.184064990074617, -3.221994020285966, 28.97738778242124;
  2.142034626515661, -2.875757700239553, 26.88924206937814;
  2.183856475847015, -2.471390177699539, 26.37358059073245;
  2.351835580078191, -3.289994597142763, 27.70830612889529;
  2.462723327764739, -3.136006905465739, 27.68141624485164;
  2.728674668595401, -3.122139298992991, 28.17474955598135;
  2.287954486795426, -1.381910520822345, 23.42353470029364;
  0.5948842554847644, 0.9351677525921459, 6.820185599308062;
  2.799394904996865, -3.711934887867834, 28.22921453527702;
  0.9894407525594382, 0.8158117097685208, 10.49158706687657;
  2.900319310424007, -2.96618590493854, 27.16886614580808;
  3.154209303673914, -3.688769875588024, 29.30705543070142;
  1.030128522343714, 0.5119846532758638, 10.01471991775554;
  2.578572730445393, -1.027987695361657, 23.39366652279438;
  3.196785027938495, -3.774887345864448, 28.83111059902756;
  0.9604741041547366, 0.3397921172256121, 9.1422890807331;
  2.612297372018379, -1.841174803723239, 22.7982208759798;
  2.743912951513655, -1.102281487855048, 23.06643124257455;
  2.7542457034526, -0.9349897393919391, 23.13159801466155;
  2.736199486334044, -1.740649850376847, 22.96392321299975;
  2.868534427945676, -1.509810805121957, 23.04543902687543;
  3.661079020047818, -4.128844163659922, 28.5793424607315;
  5.022910715275983, -6.722334837635716, 38.70212577785789;
  3.414714065308294, -3.008992308223528, 26.38375642012496;
  3.192455260983508, -0.9125565914458476, 24.60729559078621;
  2.805953449903671, -1.880972955280827, 21.84546897021818;
  1.009238720339207, 0.4215633345871446, 8.491331696274752;
  3.045632695651814, -0.7661355434817432, 23.29855235192061;
  1.065747521106407, 0.3242692209218065, 8.820352721516041;
  4.264027687935981, -4.89473853216778, 32.29794835812871;
  1.079827419517798, 0.2962173581873102, 8.905921691049418;
  3.129723794398288, -2.129634309052472, 23.79100133155097;
  3.12196285244357, -2.39773146720801, 23.58810524861094;
  3.388872973184808, -2.376116500201623, 25.39061177706351;
  5.479510294074227, -6.992208128114687, 40.56135003673545;
  1.105393463706115, 0.4847650327621076, 8.851391306125645;
  3.161265199739238, -1.183769621502196, 23.52550735273791;
  1.099132865009912, 0.2637204999484301, 8.861562112777303;
  4.639791784602158, -5.369212428862007, 33.7913237052705;
  5.046702270744956, -6.482672566668191, 36.58918716109307;
  1.098433414320628, 0.3221828263132662, 8.660004756641667;
  3.209375514751326, -1.341243962363841, 23.07146495196439;
  4.774209743759067, -5.204005178228371, 33.98821355011864;
  1.656820393201704, -2.604258674633534, 12.34370463519482;
  4.314086348810958, -3.857077977173967, 30.33307428717268;
  1.714571576863252, -2.567536714060149, 12.58189984209873;
  5.312107400347987, -5.891085346591797, 36.85873343779741;
  1.087421139540446, 0.2997515081956189, 8.165225412248885;
  1.701620127011668, -2.612810998337376, 12.13005127708744;
  1.114874245215107, 0.6098261429792947, 8.192307280857751;
  3.571380795397114, -1.431716657333, 23.72823644476728;
  3.472005067621875, -1.494861134679401, 22.97350842291829;
  1.149148099349483, 0.1149889403427227, 8.295377163618813;
  1.10319534940609, 0.4665692190397281, 7.913963141020852;
  3.639837758121326, -1.271615301320633, 23.5041226813071;
  1.742713726154014, -1.976979275825177, 11.4465772363284;
  1.907633530133429, -2.090479224155815, 12.02052856920839;
  1.905626763367622, -2.524703423717259, 11.77307728051481;
  0.7826948639231354, 0.970329387852148, 5.253335349862876;
  1.105100634070873, 0.581050633652177, 6.675401635269154;
  2.009480927039118, -2.210092395143038, 11.111760107752;
  2.045982546272039, -2.210925936041825, 11.03289962610934;
  2.093520556959458, -2.423390746052488, 11.02209051663288;
  2.08823977586988, -2.220680691648739, 10.99986398090374;
  2.108267897940283, -2.33859970836404, 11.03212646216805;
  2.147465592916117, -2.162236456422948, 10.84990305889652;
  2.19024416617476, -1.90934719020692, 11.01018713090719;
  2.310273772751374, -2.339950791948826, 11.10615740961474;
  2.27398758058077, -2.118973495820472, 10.82844123206085;
