m=[-11.25333308216286, -1.671805656936137, 14.67791235950293;
  -12.54370544090597, 0.1839373050138241, 16.34224828668496;
  -12.51316770477173, 0.2540286238047534, 16.37619841400968;
  -12.34197851285969, -0.6059265075887874, 16.18888058483519;
  -12.32452759546706, -0.1649077238504073, 16.18647821536295;
  -12.19108064980254, -0.5678451413779702, 16.27919976456633;
  -12.04389554968616, -2.128592295815433, 16.12424495367439;
  -12.12064173697245, -2.038365977440542, 16.30561121377365;
  -12.11246823161603, -0.3079517815919474, 16.29507950935344;
  -12.11068489338209, -0.7384912840597678, 16.31179721352304;
  -12.07420344826483, -1.91797569328877, 16.28179355061176;
  -12.16579236524299, -0.8383383662286768, 16.45991127915984;
  -12.09707077707073, -1.983998569205179, 16.41020456577313;
  -12.0927581601921, -0.682354101313319, 16.41417885805535;
  -9.999990286205293, -2.88906941270341, 13.78013245328761;
  -12.07898810438641, -0.5904193672458638, 16.41824504018959;
  -12.05684606077692, -0.02370941428426244, 16.39184326049077;
  -10.09330043247453, -2.857117600260371, 13.92117633396227;
  -12.29040229104639, -0.843787654299249, 16.74606980853559;
  -11.9910516753621, -0.7514686919918494, 16.36322152036183;
  -12.07300592110094, -0.09791654001508733, 16.47255381409198;
  -11.97985789037982, -0.9255693218992218, 16.38012444408656;
  -9.870141964259073, -2.781811368733328, 13.70528157524368;
  -12.07124897090559, -2.029612379373667, 16.57842675665325;
  -11.85858341351637, -0.7571481866528546, 16.32985364908543;
  -11.57497281798645, -1.750291292644361, 15.97167909399965;
  -12.1926965290672, -2.321883307200054, 16.86025778158676;
  -12.06637504296151, 0.1677364461931273, 16.7101353231322;
  -12.01748890563525, -0.5750675971074363, 16.66088364727593;
  -12.09690583604067, -2.087179265936799, 16.78295243269136;
  -12.09504929930959, -1.971651209774504, 16.88665555895245;
  -12.15919263951733, -2.243204243638003, 17.00445025062046;
  -12.330478138535, -0.8635909216961974, 17.25142473803588;
  -11.77436794271632, 0.2802523214527814, 16.51595377422897;
  -12.00547598536515, -1.034738082697553, 16.84551779309396;
  -13.14101532903634, -0.6173342123905973, 18.50793340330597;
  -12.0279717021248, -1.90377178514742, 17.06078137635724;
  -12.21938266321025, -1.722679619381623, 17.33559241802062;
  -11.71449957694787, -2.774600955942275, 16.89607016169708;
  -10.31459791060108, -2.170299256753054, 15.16355258303638;
  -13.91176644380337, 0.1263640392631878, 20.73986609019718;
  -13.69825463711499, -0.1193251040439497, 20.45661520552649;
  -13.69951198575754, -0.02284606140832169, 20.46897438310208;
  -18.99013809445683, -1.377767637573939, 28.11162350529797;
  -13.48408789484124, -0.213547296322432, 20.25569355284825;
  -13.7124226989054, -0.3214942981792741, 20.59028006800066;
  -13.50354512625362, 0.1655446325359256, 20.31964590942257;
  -13.48963256122635, -0.09486135422834464, 20.3300306440232;
  -13.62223123475588, -0.2460339391818807, 20.55417908428826;
  -17.63119009485585, -1.276374695313712, 26.45452817239578;
  -13.59720684952517, -0.4021630873472692, 20.63849654254995;
  -13.45065083517044, -0.2646446895268748, 20.50696776624044;
  -13.32812383975532, 0.08361672220999837, 20.35468763126146;
  -13.35751143579892, -0.7718222236476192, 20.50236741225192;
  -13.45012981393072, -0.3087554822160879, 20.65364535441195;
  -13.16857922513416, -0.4189839816086139, 20.32701676252047;
  -6.383917978079947, 1.813285981419395, 10.38697275535755;
  -13.09419298261695, -0.7369799607740972, 20.39069318081182;
  -9.643464174576948, -2.808198257906553, 15.32401435648728;
  -13.33545850612367, -0.7288424915362444, 20.85940666607199;
  -6.189897503538898, 1.460475098142542, 10.20111926514617;
  -13.10243462152347, -0.6359396229805491, 20.526358400283;
  -12.92371736102598, 0.2634811715727324, 20.26104434362107;
  -12.99439774767254, -0.4048776430563644, 20.39237338900288;
  -12.92215262253372, -0.7768600624706373, 20.31136053327163;
  -6.243856934630311, 1.192773376319004, 10.34312435186902;
  -9.216922559279871, -1.163681670949293, 14.82176369611579;
  -12.98798794867254, -0.7690048997658676, 20.52720705750284;
  -6.088717847908211, 1.341144663588519, 10.13691760953072;
  -12.82336834391324, -0.4763679533764101, 20.35308489379815;
  -12.83485116604906, -0.5544596430961016, 20.37412800519081;
  -6.122015998547078, 1.590976657569152, 10.23760846583346;
  -6.173978793174356, 1.762399233701768, 10.32466580675727;
  -6.08749971576724, 1.391096852584943, 10.20715428457799;
  -4.919952417785417, 1.811933940075016, 8.435231279842487;
  -12.62776374124069, 0.1613517804248159, 20.1335325222312;
  -9.323824561286985, -1.048104700527422, 15.19133178881529;
  -12.68994079948785, -0.1693985872936668, 20.34722624788164;
  -12.68229858940792, -0.007809198123956072, 20.36865943635168;
  -6.058251060043685, 1.53785395197228, 10.24437512820862;
  -5.976092493271735, 1.453150328863021, 10.17062485949486;
  -5.999433877231894, 1.371254833226378, 10.21365702734534;
  -12.56924057838086, -0.006328540682751895, 20.45020584546496;
  -5.976774025068843, 1.56955974667455, 10.24719159227307;
  -5.979252778058739, 1.710680991504486, 10.26626511662011;
  -12.49877718776365, 0.1248013988409264, 20.42241862874361;
  -9.316449705275957, -1.000599019357392, 15.54611161269418;
  -9.293412236331079, -0.9332679477007937, 15.51058904006904;
  -5.920610012525756, 1.281760779101112, 10.23000288894566;
  -9.227122595172133, -1.149508346161048, 15.44055087653506;
  -5.902649719311885, 1.626907678157472, 10.22527209431556;
  -7.797939058976609, -2.660431141172067, 13.24807702443922;
  -9.004223218894854, -0.6836884096607624, 15.14364203694785;
  -9.14970906377094, -0.4156668617201079, 15.4514645152686;
  -9.003849472485179, -1.936012737074923, 15.25480999913101;
  -9.277700592447754, -1.252026205225588, 15.68136195721454;
  -5.828073369062329, 1.342884136021962, 10.23103807046644;
  -9.046223060262491, -0.7652210749684687, 15.37571035693694;
  -9.415842188633707, 0.2076927266106075, 15.97167787531387;
  -8.962635664089886, -1.433379089978255, 15.32268874498752;
  -5.774857948278541, 1.515287817848319, 10.24987165042686;
  -5.788473281663399, 1.61805539935764, 10.27240448372681;
  -5.7890904313531, 1.560219760083637, 10.28056836522717;
  -9.273647448558011, 0.1220381649299303, 15.90357620778667;
  -9.131578895552087, -0.5975885069648599, 15.68363779622059;
  -8.970654524341196, -0.4642934439753844, 15.431185542638;
  -5.704526147275727, 1.649011987780076, 10.18753537506915;
  -5.734720192585455, 1.4012003127158, 10.24566152094904;
  -8.711234377109101, -0.9415054074365242, 15.0786264905471;
  -8.506820784213174, -1.410301624197844, 14.80742929056638;
  -7.55525765915146, -2.892511236276482, 13.28939484698556;
  -8.833859923082859, -0.3471859983107514, 15.38499160756849;
  -7.235391374720883, -2.678985723454313, 12.81134478561526;
  -8.754940400352746, -1.00179477686321, 15.30698345179245;
  -8.879901497186248, -0.2779462213065651, 15.51223271680371;
  -8.717227586105494, 0.180915799391697, 15.33154917527824;
  -8.568313888515188, -1.347662200788492, 15.10074586375126;
  -8.82815274737127, 0.01365624728849952, 15.52057212881467;
  -8.759171687059757, 0.03446467446606856, 15.6389155150922;
  -4.84653700194301, 1.77677533001538, 9.137430491927546;
  -7.404840984627452, -2.957877796908926, 13.69739612047775;
  -5.525762890021151, 0.7670301779596721, 10.45494754179571;
  -7.872697669878854, -2.986593130896516, 14.53676666160997;
  -8.13263269065223, -2.933208209008996, 15.01044896149362;
  -12.21706573960203, -0.7263417280284595, 22.0595110610573;
  -4.883735889509335, 1.808053169692808, 9.406945228275236;
  -4.789448685382122, 1.820011633072955, 9.300991470225327;
  -7.935582571435475, -2.726268732116699, 14.88710822273092;
  -5.314556713465554, 0.7585599966227253, 10.30576904664942;
  -7.787762222935228, -1.304543745631856, 14.69111586240874;
  -12.53525581814506, 0.3330645825711509, 23.12180434519785;
