m=[-3.604838678417768, -0.1050040567243202, 5.426618884988061;
  -3.612612468571071, 0.9885028768753642, 5.510372911224726;
  -3.573161405569504, -0.7359557587717405, 5.565434343302694;
  -3.549215188431572, -0.5754550029766057, 5.556115204191278;
  -3.457544716121245, 1.083845108719019, 5.48453902358114;
  -3.437820945388321, 1.10759192745937, 5.480744883410953;
  -3.408857757507803, 1.055226216437818, 5.493595178324788;
  -3.391962616356161, 1.081665354158948, 5.495236070538931;
  -3.419147760017945, -0.6609641657695644, 5.584651485481936;
  -3.422867508587226, -0.6325150339165652, 5.615798753538153;
  -3.326690420455191, 1.090937065206522, 5.491603170627098;
  -3.403684191043628, -0.6950227467937922, 5.603964579507212;
  -3.312515171678859, 1.146046778319289, 5.507781516083007;
  -3.383545863536677, -1.069365228487464, 5.74307779726229;
  -3.164075413424504, 1.098688952742916, 5.49651649740892;
  -3.114999245522731, 1.085165541123585, 5.490187584706556;
  -3.025664953152948, 1.086852062037214, 5.485081343039711;
  -3.012086642861508, 1.146083856122569, 5.496808791195944;
  -2.977057749815447, 1.089736886781999, 5.496840972404157;
  -2.919309647588883, 1.100308041114104, 5.496534737768858;
  -2.882325951495771, 1.082347770792325, 5.498114822153617;
  -2.651086709641942, 0.4805975382101028, 5.215993129218245;
  -2.770459590568437, 0.7550781187093653, 5.418928229875745;
  -2.632269334167877, 0.3650313353823042, 5.209367807517014;
  -2.573203862446843, 0.4930897467493731, 5.167092569871168;
  -2.614160233416073, 0.6326247878110675, 5.274653406697417;
  -2.589447404422932, 0.5817265013838308, 5.238859021529838;
  -2.693971840032203, 0.7740489305003113, 5.416441106147492;
  -2.514657194374919, 0.4233306480605557, 5.215883139677948;
  -2.486264673597993, 0.432974370450787, 5.196814078655962;
  -2.673205704900676, 1.083757075496604, 5.547304330008069;
  -2.458707209511959, 0.6526286357324396, 5.480347245081637;
  -2.45759154010158, 0.5936325966181946, 5.484542842963877;
  -2.450631267500185, 1.035356108940706, 5.553446337520446;
  -2.44602992890742, 1.171067270485636, 5.613780397686473;
  -2.382662464281733, 0.6564394914713052, 5.503725166506396;
  -2.350033257866338, 0.6193038927624244, 5.498961403247237;
  -2.330439715201304, 1.160253613862244, 5.56766575878015;
  -2.391143877236612, -0.1327074452945454, 5.776477068142921;
  -2.271716224704884, 0.7396723759106169, 5.542691209096915;
  -2.319144196834737, -0.08139562538004755, 5.656957299009973;
  -9.59830482120827, -4.608294517500943, 20.94363751262667;
  -9.200760965940601, -3.951625375520734, 20.16583004251659;
  -8.559488627768792, -4.064689125391172, 20.45377197767864;
  -7.631800918220454, -3.564927239079175, 18.89341850094619;
  -8.54140913636229, -4.710957760043227, 21.07016942631553;
  -2.292498212339915, 0.4299270251973318, 7.515314922850198;
  -2.617639960366903, -0.6429866476319391, 9.270306922340884;
  -2.524850374841037, 2.008032855282666, 9.12441877149808;
  -2.355316322490756, 0.3684315006178322, 8.72652214625586;
  -2.490868343817135, -0.112728585487604, 9.582611784080799;
  -6.356541404128643, -4.902394227618369, 22.88705817122779;
  -2.307677122189543, 0.2954473015770125, 8.976137324361769;
  -2.525229179989814, 1.980714901464361, 10.03943510124527;
  -6.646339655436754, -3.99012186181096, 24.83826662453005;
  -6.540783203080977, -3.807146191588401, 24.54746386297675;
  -2.497366601266895, -0.2078570318627573, 10.00043078325876;
  -6.277063601286826, -5.250321821351339, 23.58480949836124;
  -6.425070230813218, -5.199908483787835, 24.28475413115157;
  -2.477681322687425, 1.872676253622559, 10.00805576393456;
  -2.392651998754952, 0.2644450191739137, 9.796829304611809;
  -2.3552124375554, 1.695889594618092, 9.760462250627567;
  -2.349859726869815, 1.791325310905912, 10.08008951367864;
  -6.222540193115498, -5.411003868854174, 25.49839707161564;
  -2.328160401998077, 0.2138236089115081, 10.31968115225757;
  -2.284254387638294, 1.878186822025695, 10.31678459266805;
  -2.233575725518567, 0.2513884452953662, 10.10391121680596;
  -5.920516379165899, -5.690799871807819, 25.36414101212011;
  -2.270265893177963, 1.789600988009693, 10.46266653150836;
  -2.260685295441348, 1.419110460445985, 10.58185296569629;
  -2.288533471596952, 1.808143421666724, 10.80340961304352;
  -2.306776818192984, 1.252697812047861, 10.98550105862615;
  -6.175253491828156, -5.008365449743427, 27.7396524482402;
  -2.371120876463153, 0.7766802864449652, 11.30674232914692;
  -6.078743429407573, -6.373183723839346, 27.31421735824397;
  -2.314426339003076, 0.9247721918171118, 11.07856081870271;
  -6.16652031339244, -4.362008351973299, 27.82803095333097;
  -2.284597557583875, 1.07648675359166, 11.02321600822345;
  -6.310666099233477, -5.126688407243749, 28.8674146892327;
  -6.020322571741037, -4.12863978785448, 27.68059272443445;
  -2.324030338520523, 1.269879026138298, 11.61586345163682;
  -6.277123668112062, -7.312532493221838, 31.61402389258339;
  -3.052767458896459, 1.802460651783372, 17.2053712288802;
  -6.207715917716911, -8.192717180780356, 34.10332773187805;
  -1.847242126872098, 1.883873334220253, 14.80526161661802;
  1.905879199383578, 0.9100869666127931, 15.56656772802604;
  1.930898439832474, 1.090817144122575, 15.45583946509003;
  1.979797903768622, 0.7910067468065319, 15.55726439715119;
  2.053546195698928, 0.5965627510729572, 15.9417325092657;
  2.115022158138264, 0.9036832251801146, 15.94332812414389;
  2.156082294165849, 0.4845611896799678, 16.28694256356641;
  2.222856217299671, 0.6437918530400025, 16.43969602271296;
  3.088257811621717, -4.727436374518863, 21.93434192097114;
  2.153458419270352, 0.8245457363519416, 15.28478365834051;
  2.081859239039115, 0.5423808664400219, 14.57593289515012;
  3.96107307882494, -6.104739911186571, 26.70320602343142;
  2.18949705936786, 0.2973999072319097, 15.09718499720627;
  2.170610151336324, 1.159267379585993, 14.91266757041593;
  3.475340993705818, -5.401762283581864, 23.2427805540711;
  2.110871729776681, 0.8633957230884287, 14.11916390841128;
  2.125695940384586, 0.7257007965725346, 13.88586854612448;
  3.529889029994521, -3.98902083611676, 22.21458367902833;
  1.374609504902511, 1.856196757235048, 9.146696059887628;
  2.297834654022975, 0.9580966912668365, 14.59340379909097;
  3.639341219708635, -3.935971735737932, 22.26902869351333;
  2.440219613922885, 0.5399698937414618, 15.10264863282631;
  2.361332727682987, 0.9469812075365437, 14.46690843214717;
  3.801448428649561, -5.04747506046902, 22.30543960360466;
  2.218259809174628, 1.684770808794853, 12.94652803600447;
  4.292528066930546, -5.401604705035701, 23.05293704406618;
  2.166281825125544, 1.102641894037457, 12.00472662915798;
  4.049829892671758, -4.455037905368937, 21.18730310709101;
  4.111860593598111, -4.452311821050563, 20.99542865246481;
  4.08810428206209, -4.768938949034681, 20.47495480186612;
  4.197372080418589, -4.467961954013427, 20.92441620074732;
  4.23534466863324, -4.709239393799259, 20.99526480067581;
  2.136499864272186, 0.6169140278675863, 11.03223787643306;
  2.244226475516502, 0.6827927224340558, 11.4353059348846;
  4.307991038351063, -4.345090875514145, 20.59843961978785;
  4.394589205936367, -3.847286230324849, 20.93713553618262;
  2.322125376708235, 0.9215622030071603, 11.26376628820471;
  2.276983543417791, 0.6238809958273532, 10.998777123588;
  4.669396443609313, -4.753092367475843, 21.29929286077297;
  2.974676972238329, 1.265882024135182, 13.77327790167098;
  4.474394739183097, -4.182992456147366, 20.19888495078596;
  4.590263813489551, -4.33565597190181, 20.40925787169175;
  4.661937349323132, -4.131514316663279, 20.47821551825217;
  4.699416947849698, -4.253292728932256, 20.54098933625249;
  4.648741193134519, -4.342041266937833, 20.25373976479166;
  4.852897756655287, -4.798473586727613, 20.50642123288482;
  2.037943752300306, 1.211294892915658, 9.098825698232371;
  3.009050297008573, 0.7017111551799923, 12.70140039378104;
