m=[-4.227209493219415, -2.080724823348414, 10.26684002271289;
  -1.151183294317338, 0.215888852832542, 3.773832818778294;
  -1.254610308371121, 0.9482571105989947, 5.067725947324886;
  -3.098452079223516, -1.793659150801632, 11.02047972348436;
  -3.203560015948121, -2.470701145722489, 11.5345845765123;
  -1.212560125523546, 0.8731136380455783, 5.025086970104968;
  -3.248228510003667, -2.471563371464975, 11.91187741712984;
  -3.098033523966949, -2.591286953158659, 11.64024058435831;
  -1.194700600157764, 0.9957661514614871, 5.151443619304491;
  -3.194299390270161, -2.585195788143438, 12.07345173317738;
  -1.174626961785459, 0.1078804432367175, 5.206589592395698;
  -1.153962019476353, 0.9488243821825336, 5.211844025553822;
  -1.13206646941577, 0.1274138263887929, 5.121070652683738;
  -1.143986068813494, 0.9017792167736493, 5.272133449501862;
  -1.141139265934851, 0.7163326414248415, 5.341463471211614;
  -1.151188477710609, 0.5424321421639802, 5.554500928996152;
  -3.132911400494356, -2.540910302080254, 14.0732479267203;
  -3.138747933245489, -2.220254536390828, 14.16441853785237;
  -2.984761112064461, -0.8861220761109089, 15.14071353030082;
  -1.631150112404528, 0.9630880616841978, 9.19314805068532;
  -2.205952664927157, -0.8053252149755223, 12.29178341947513;
  -1.984071796781224, -0.7645438764535637, 11.51415591968957;
  -3.194768993509741, -0.8116977379548134, 17.92807546910505;
  -3.181206163275082, -2.713926534083099, 17.91827969457573;
  -1.950950197368301, -0.6982161880546056, 11.63691950615894;
  -1.965123768871241, -0.9283073203553699, 11.80434928876658;
  -1.751703926734646, 0.9356786788358333, 10.88107912089396;
  -1.872476198245321, -0.7716197427557601, 11.62869343774452;
  -1.174596720696755, 0.8385143141819279, 7.74666503758308;
  -1.498712551215389, 0.9640834418531404, 9.741779640082449;
  -3.128505720117754, -2.669337706510418, 19.3521304205787;
  -3.209310195360041, -4.383646609217876, 21.60813061941861;
  -0.9181229734006158, 0.9363295487707279, 7.358564759694074;
  -3.339713208629128, -3.499139256516413, 26.04680090604963;
  -3.052103234727485, -4.636760475051044, 24.02888074852945;
  -3.183306367330524, -3.543057700950175, 25.62074661844238;
  -1.112027914746424, 0.9121151702711808, 9.935761912433989;
  -5.205988649566983, -7.468051279422097, 43.05809134936354;
  -3.041400430193641, -3.102889035701096, 25.83970970915301;
  -3.045510518823194, -2.810004345236227, 26.47759315260941;
  -4.051987095126908, -5.960467668937306, 35.24749368608867;
  -4.56854142649256, -6.0116266266555, 40.52748041479779;
  -3.93778062092943, -4.550476786336279, 35.75241848577554;
  -2.487763235746605, -2.678085530541221, 23.13516289944767;
  -3.043921758326288, -3.01849692402325, 28.58716802727787;
  -3.689187124784953, -4.583806429235604, 34.93916498700008;
  -3.115881983763029, -3.725784096334953, 32.33409916772622;
  -3.129510203159968, -4.41992185041689, 32.90086960587442;
  -3.362330772043961, -4.94221003902093, 36.21607431502959;
  -2.934691411522855, -4.751892258963288, 36.56995901284765;
  -2.916506343824838, -5.05290374416963, 38.40619139272602;
  -3.010931538759551, -5.585725767892761, 39.68126913571597;
  2.630243912333915, -4.291602464642452, 40.05327069270825;
  2.082486078176864, -3.64881000511047, 31.88663096898771;
  2.368465077375426, -3.417548282256469, 33.34990211481342;
  2.738597815831973, -4.096383463569583, 35.34129998854274;
  2.574441810852024, -3.506056934544514, 31.44999618300799;
  2.80431853525189, -3.232162413243336, 32.88278964869897;
  2.893432138775057, -4.087788258650822, 33.08998278198725;
  2.866862992740517, -3.336317208294924, 28.92806728477605;
  0.8273397188230599, 0.3001674995158902, 8.97897447616937;
  2.876917597003064, -1.799955772391947, 28.64203004574303;
  3.143567677371615, -4.207715118931443, 30.83423347781319;
  3.248553352291348, -3.485691057051979, 31.59284276885974;
  0.9055129974143589, 0.7239779552236404, 9.169495869282022;
  3.417777817467921, -3.550268666714639, 31.21633946816201;
  3.85703038606587, -4.576028008197939, 34.96352145787315;
  3.816486111720539, -4.808664294886137, 33.77290094189139;
  3.888872886588784, -4.642988065244758, 34.17319042290241;
  1.014260512058143, 0.4816046866425411, 9.304224285774707;
  3.099414785269989, -2.228483601566976, 26.25190822413986;
  0.9107223243602993, 0.3012488429135534, 8.142019787811622;
  1.006958616183648, 0.4932431722089197, 8.899277797675742;
  3.271595175044304, -1.932254886919234, 25.90545939119649;
  3.434244276287905, -1.858231648981317, 26.80987263063326;
  6.270170167020318, -8.449789427811648, 47.3484705329824;
  4.289279120300842, -4.881507359089865, 32.66412003083862;
  3.569661392661606, -1.082005770009659, 26.87059116968367;
  1.032619928209854, 0.3424288529565396, 8.448557015891016;
  3.110408916319937, -2.129791243591197, 23.56542106057275;
  1.067290900242815, 0.2934278954907535, 8.644340538092127;
  7.063589474785204, -9.721468225522759, 52.02823710958437;
  5.029303468633176, -5.814905116199359, 37.20034613421993;
  3.378966002257068, -0.9118927727042204, 25.19961836800384;
  0.9642095534404224, 0.4604250615429801, 7.875332981489386;
  7.906740982696184, -9.781658716159184, 57.44556745794287;
  3.480952718203009, -2.421226791882272, 25.75654307103366;
  6.762555427909192, -8.701154372525759, 49.12212707246547;
  3.813848107790166, -2.730690481081661, 27.84391512126346;
  0.9689103123580704, 0.5473638374937212, 7.755623980500932;
  5.835480083375167, -6.826907912232196, 41.63968067226367;
  5.219375187396863, -5.662664579243916, 37.48858266280146;
  0.9988906573925712, 0.3990959116662839, 7.849289077091854;
  1.083833801076406, 0.2761992292065731, 8.3691421986615;
  6.497809265062709, -7.151033160565569, 45.24450024095793;
  3.728888798547614, -1.182490974811734, 26.16181891327867;
  3.661295634519274, -1.586308606291242, 25.61939832697497;
  1.110867405865385, 0.1434463164373861, 8.387592859476703;
  1.078147645493857, 0.2423045294536301, 8.144275765687487;
  3.708010077470173, -1.06761037850361, 25.67020038888181;
  6.062213480071355, -6.785874421306493, 41.22569719663979;
  1.10063461905922, 0.3187698760763285, 8.140022025980965;
  6.843183317429662, -7.940633631961579, 45.90194945113616;
  4.026045696096778, -0.8269920348852977, 26.64934208495931;
  1.100505017657831, 0.4213764761017021, 7.811147389378212;
  4.071216810712501, -1.811704508340179, 26.22826152193212;
  4.071591148519308, -1.386087033044787, 25.96551714512654;
  4.118875416540197, -1.504095634123259, 25.93791361793102;
  1.11357779106233, 0.1512575366751431, 7.678425439540051;
  4.236640093417073, -2.454214986638245, 26.60572849992253;
  1.06846227672722, 0.570638381547, 7.340619288338504;
  1.060836974862327, 0.4339070413753184, 7.095708809255303;
  1.851611002201734, -2.002529614640223, 11.32995672787081;
  1.140855118511169, 0.4756867568111175, 7.245499318910871;
  1.199118055540736, 0.2653399084818031, 7.421405253355992;
  1.176978163684062, 0.4720114999563546, 7.210858139996943;
  1.254195041000907, 0.09328088219150815, 7.562781443938953;
  2.04462390953004, -2.249199907300462, 10.69676200217862;
  2.110829235285699, -2.246907001329086, 10.52274342174079;
  2.143046495898982, -2.382832985464607, 10.62341608105278;
  2.232568509224787, -1.954524002424307, 10.63662319297323;
  2.251148341949933, -1.965770757361047, 10.44299717334012;
  2.266626433492101, -2.210396561810758, 10.28849785907898;
  2.287061500163198, -2.138112875502434, 10.32454551061861;
  2.257635580810909, -1.888937349629317, 9.936341301251281;
  2.342040925190238, -2.119706710112501, 10.23698007715876;
  2.344804303260865, -2.190106229765645, 10.21589591344561;
  1.498948757567886, 0.5994811836372407, 6.710981839490939;
  1.293253435861432, 0.3693631309317407, 5.860507191131101;
  2.616620233077255, -2.165849010150324, 9.904949904242072;
  2.677127371214154, -2.195661886307673, 9.910842217586103;
  0.9989811627015045, 0.4080185476730138, 4.144981558278889;
