m=[-2.1413940176454, 0.3648706668170537, 5.401251855434838;
  -2.191896724597283, 0.4672608247670319, 5.529818232022897;
  -2.673694700767271, 0.01850048882841486, 6.862367466380277;
  -2.6826226770816, 0.05254333043637074, 6.918024750106717;
  -2.552488673231076, 0.0170848828890444, 6.893204550780245;
  -2.343100282314722, 0.4265705772830435, 6.689476594393622;
  -2.554278545480492, 1.98779870006958, 9.182269283851429;
  -2.32444699947781, 0.2448315262257046, 8.494647911755797;
  -2.523130005738849, 1.889277229705224, 9.209445242270336;
  -5.606107395723824, -3.333606456746799, 19.14837898329286;
  -5.950233299442386, -4.87794597117455, 20.31036738618964;
  -2.391699143771962, 1.788055186594116, 8.947186645692037;
  -5.757577265525224, -4.541477007581896, 19.95999266798836;
  -2.477356501794825, 1.771559946696897, 9.262530964239238;
  -2.522985733662811, -0.1870530856895309, 9.489923640313847;
  -5.686769472361147, -4.422590173400791, 20.11896905016109;
  -5.555920584160107, -3.424789016661014, 20.0534190821788;
  -2.364190190876378, 1.786846923343976, 9.17708408850921;
  -5.471678153674199, -3.274895418848689, 19.82707950096946;
  -5.450690895621395, -4.666129327897434, 19.76075790186425;
  -2.402725862857329, 1.988776705374, 9.385639098568813;
  -5.614102689942, -4.643475048189736, 20.48289426262997;
  -2.367884067094614, 0.1897416880229532, 9.532133600366786;
  -2.311621299012789, 1.882236605794493, 9.466252967670014;
  -2.303051815162371, 0.2357634774235428, 9.442145226068025;
  -2.302278545452195, 1.743916582684756, 9.467842542804107;
  -2.239689852919643, 0.2320891614394776, 9.382368718578757;
  -2.284043883303011, 1.784039725267361, 9.564759923029829;
  -2.262166993595252, 1.517878496215025, 9.638199682652573;
  -2.284586891507601, 1.418807111336624, 9.737203941100411;
  -2.365920744208634, 0.5442703223366492, 10.04626053403755;
  -2.278080550376159, 1.778767789548149, 9.796449550807301;
  -2.292438398100783, 0.7228443365633989, 9.983632798969202;
  -2.30150308415287, 1.068569023113273, 10.16129266760759;
  -2.435514585833136, 1.059367957308862, 10.86099342036811;
  -2.284480432129504, 1.000539112856353, 10.31173566433854;
  -2.273817974879126, 1.21312738702595, 10.42598906378767;
  -5.30735319652492, -4.42049245301229, 23.17171531585085;
  -5.296317170458384, -3.856327251735878, 23.22582893315334;
  -5.296298536602346, -3.564483075203435, 23.23220026144798;
  -2.180004446363416, 1.221742210583376, 10.30231994250034;
  -5.368755457000962, -3.451403661488302, 23.78287440412746;
  -5.051494290507006, -3.563932221815187, 22.55586725177409;
  -5.493726809493758, -4.58790793890675, 24.46893029078618;
  -3.066358340917612, 1.791087490091525, 14.97346182046154;
  -3.148721663062512, 1.762655978418918, 15.74424261739639;
  -5.090178680679793, -4.348990720845442, 25.03837076227102;
  -5.088116621442404, -4.467418895930034, 25.0672257069637;
  -3.273059831336817, 1.748876313255929, 16.61861165190299;
  -3.240691034463641, 1.873586653095144, 17.3023893015017;
  -3.627042943185758, -1.368586196329749, 19.55091929812055;
  -3.196370179603397, 1.622346762712653, 17.68448118728846;
  -3.507154414983628, -1.191555545124897, 19.207700462642;
  -2.868044029621446, 1.646925125370517, 16.39977137044386;
  -3.342239126955213, -1.649574831975528, 19.3913688774587;
  -4.846191287334619, -6.749934041847563, 29.56590223027923;
  -1.765956884794067, 1.782398206880961, 13.31007096757386;
  1.221730840271066, 1.833181358711707, 11.66999823318678;
  1.277366620999677, 1.915940814089234, 11.84475723894226;
  2.160660266357718, 0.9868495090550391, 16.34941741542097;
  2.11125699179628, 1.154434940889651, 15.67458317891737;
  2.227798950320945, 0.8517762299137971, 16.23478369801259;
  2.228101532489619, 0.9379667186133506, 15.69577972249752;
  2.433546815391118, 0.5155519095357525, 17.1117947282895;
  2.677194805651199, 0.4735776196309552, 18.54237863046432;
  2.397820852036287, 0.6592668822680174, 16.51622993342215;
  3.654360090094947, -5.740121864197677, 24.46359090212971;
  2.266257259906658, 0.6148496535773502, 15.11564197180747;
  2.470674969248601, 0.9111905930072418, 16.26358001592498;
  2.344214989891396, 0.5532400011267704, 15.13483026204271;
  2.474937892597779, 0.317495810933264, 15.8212251407537;
  2.205238235432526, 1.151856083381809, 14.05511603012273;
  2.230761959512496, 0.8864308065110063, 13.77211616005441;
  2.283816762854246, 0.3417601538529324, 14.1013547589181;
  3.765710659810116, -4.251507150198232, 22.36288514467552;
  3.758811719305978, -4.277189619911773, 22.07106459519966;
  2.373210093519163, 0.9222581228159792, 14.10566099191849;
  3.869016674232418, -4.189640572194819, 22.3713345536776;
  2.376302692822261, 0.9619991996189032, 13.96458997494848;
  3.984144349028459, -4.358085330966908, 22.50318517804717;
  2.494289724029516, 0.5320824748661505, 14.32547923985621;
  2.571180980332965, 0.8557651641797296, 14.561213380586;
  2.457678535076075, 0.9571412227140513, 13.92582778626872;
  2.339972061706244, 1.728314755803958, 12.48725113133425;
  4.253603246893342, -4.67023556568149, 20.97436676186732;
  4.356289146951844, -4.629570322218508, 20.46557117575224;
  4.446516995682743, -4.933873876215118, 20.77344126174443;
  4.689170645210091, -4.104823038618792, 21.07032899984083;
  4.579991800698477, -4.572585811079578, 20.35058753542383;
  2.296864575906747, 0.7324836459502255, 10.64067253049049;
  2.258282752737708, 0.6555467455625723, 10.42312537606416;
  4.740451478667184, -4.510457243474598, 20.24098829156501;
  4.859966655113691, -4.531862390190078, 20.64280016946412;
  2.343097852522981, 0.915673193943469, 10.30892734366595;
  4.846920509425655, -4.39019934945951, 19.9833214966802;
  4.902110122921951, -4.570919903353844, 20.11036915469033;
  5.271941255000472, -4.360050493747821, 19.98667939019945;
  5.344155454370635, -4.46564897180386, 20.10336170262078;
  2.05277113022224, 1.275876795785156, 8.136483227424867;
  2.081399309213442, 1.37847451035451, 8.031801191196601;
  5.447863494874993, -4.501060707708597, 19.40721205169809;
  5.586532584744719, -4.530194592237956, 19.64308449010022;
  5.603146756000955, -4.589555299863906, 19.52378622437502;
  2.187003981403958, 0.5197360088089695, 7.949913337508821;
  5.551446698641391, -3.400411793736106, 17.93629940068751;
  5.923728338971592, -2.505134132118298, 18.99753230603226;
  2.086457240874771, 0.8831735911214637, 7.205766034716915;
  5.700918511733943, -3.389518016079519, 18.14561230695639;
  5.701237979135848, -3.492589945684122, 18.12051801715924;
  5.578479716833273, -3.527348626042482, 17.57429864349977;
  2.128744497919203, 1.002998016257234, 7.234536551473328;
  2.127815684116364, 1.02994550580494, 7.191518748247052;
  5.88270884721942, -3.515703816506983, 18.28354917258223;
  5.825337955142096, -3.547815851700998, 18.0035221168699;
  5.852120520743465, -3.453810824967198, 17.70560125564972;
  5.921338557078284, -3.652376860741555, 17.81956044209791;
  5.919535341504563, -3.41537735577789, 17.81438423108169;
  5.947528220756939, -3.56524569996437, 17.87424697691407;
  6.044857240566651, -3.525183577889101, 18.04555693716381;
  5.871957526183453, -3.032061853898218, 17.48746792609054;
  2.197075798149634, 0.7922564227054914, 7.091448172880861;
  2.087232193746273, 0.8584398310469372, 6.785624392457147;
  6.029464051728393, -3.637113974933673, 17.87166192919315;
  6.155643197828955, -4.087304998506242, 18.23451713813084;
  5.993284775428107, -3.186533506259936, 17.72036806013162;
  6.18255654563682, -3.796808943970543, 18.25010782968467;
  6.172257899366914, -3.62484626638431, 18.17736577808006;
  6.038260197964051, -3.00385759862478, 17.70526099895201;
  2.392566490874988, 0.3908346136123982, 7.503334116499184;
  6.001446112676308, -2.918707856883105, 17.42450279480346;
  6.25092211235776, -3.62548959626008, 18.03450449059816;
  2.430199077631931, 0.4090482563134, 7.552065611269971;
  6.15867557859688, -3.227283646893353, 17.74355903495467;
