m=[-9.067110518818263, -3.674967643236031, 17.94496357014647;
  -2.487202808256189, 0.009851641195781608, 5.741219150038639;
  -2.361878954445837, 0.4235701476357935, 5.719016164055426;
  -9.475345952180209, -4.739602545776029, 20.23796006813072;
  -2.367239016334778, 0.1664215796765758, 6.538752732351854;
  -2.525542241179513, 0.3613912794323873, 7.328065787148542;
  -2.399668733880709, 0.2735186971933309, 7.309726705068845;
  -2.704544059195232, -0.2278469293678349, 8.476597417246623;
  -2.525262595546314, 0.1987797012087069, 8.266459667917728;
  -2.594090899785795, 0.5003508797891588, 8.605119658124815;
  -2.446856598860479, 1.711675732923877, 8.406475933942049;
  -2.471218933159323, 0.2975546416049736, 8.507996455412823;
  -2.389536933203284, 0.163297086343901, 8.613338211112502;
  -2.349186500765192, 1.765712296830273, 8.647197553104133;
  -6.301004052571511, -5.000777948833963, 21.39427673164903;
  -2.335649030236361, 1.554264106681752, 8.928553809711243;
  -2.344513956191514, 1.441726472823149, 8.974813436234769;
  -2.32362633014944, 1.656516964189263, 8.924188683152789;
  -2.353921796802716, 0.5883394459582209, 9.068664059073447;
  -2.432764521196224, 0.7426378439628831, 9.536015573681874;
  -2.379003095799406, 1.092165963712767, 9.486748437375239;
  -2.27955565733621, 0.97597227547319, 9.248891862254657;
  -2.367341002316767, 1.171734834779681, 9.591153531860186;
  -2.495414021168937, 1.345729233748825, 10.10700270810302;
  -2.423355857417209, 1.123753500461797, 9.871202066285544;
  -2.270176395892653, 1.194644295777085, 9.424167258908767;
  -2.331995067687115, 1.361003203308408, 9.685369163217956;
  -5.825987140409537, -4.953652793090693, 24.60990092482244;
  -3.425261695282151, 1.880579752555461, 15.20086400712882;
  -3.094794949239068, 1.924442332785236, 13.89935178921538;
  -3.462279499913399, 1.895789485273249, 15.80386400371575;
  -3.363154298210466, 1.92513066880508, 15.38889519490419;
  -3.479088217320637, 1.904719936988736, 16.36833827838796;
  -3.204158742122014, 1.827702346200348, 15.17413157008149;
  -3.592002432235158, 1.876130389692717, 17.23679410418594;
  -3.406537499443633, 1.873050357392337, 16.5761498965304;
  -4.323978056730431, 1.646116277652174, 20.97563728352592;
  -2.364145907716868, 1.906995046769822, 12.71326828864423;
  -3.458633767309408, 1.706902740011093, 18.17535122824619;
  -3.473347487428935, 1.81201338651494, 18.5124708923757;
  -2.126301583068693, 1.954419578965834, 11.88386669184884;
  -3.379396487293128, 1.72346037548378, 18.5283480383513;
  -2.891307851657241, 1.783909959500586, 17.03727799452204;
  -2.717875893222957, 1.844256785164898, 16.89961754317373;
  -2.848669656002297, 1.668144683787718, 18.54680970548967;
  -1.893705571193026, 1.884351619269598, 13.24218831236962;
  -2.176002377874778, 1.47647680571813, 15.35390418031386;
  1.744700121902429, 0.6074137237633186, 14.95740614571221;
  1.21784704350879, 1.808607215768971, 10.60968870614236;
  2.024572616078285, 0.8456038518984724, 16.67895448401451;
  2.111369846396874, 0.9214282633302896, 17.05258842924273;
  2.130534217994708, 1.345038627128627, 16.92655410281476;
  2.395425923864914, 1.087541968653167, 18.55155012238053;
  2.15709778122859, 0.7735989411920394, 16.1772128177366;
  2.133020054611979, 0.6460856099201906, 15.20115863759504;
  2.065339413886517, 0.2799010160655818, 14.74326109849128;
  2.090635565134256, 0.520029333725316, 14.8023598266959;
  1.956536987365231, 1.047841603492955, 13.49601277468674;
  2.142444623897553, 0.7190096894653416, 14.6656778308719;
  2.248468740178603, 0.4562735941337507, 14.73820580300561;
  2.67566596849834, 0.4522977036320607, 17.34413650893851;
  2.005736348123166, 0.840065819250968, 13.19392420195119;
  2.272371888196583, 0.6194385507669861, 14.62655030237086;
  2.266086646650435, 0.4375892759085483, 14.36164127094675;
  2.315721113085099, 0.3854844863863658, 13.63424345181969;
  2.315138401845858, 0.4475720869303168, 13.55483269431453;
  2.109351161172816, 1.084758464615251, 12.42641986122622;
  3.705732783626361, -4.185178671111957, 20.82153606931037;
  2.121125016935125, 1.3174504775815, 12.25907840385117;
  3.630400501321552, -4.136148575804579, 20.17289448494009;
  3.787780461806189, -4.103963452852153, 20.72387714224016;
  2.23784476061295, 0.8517826512630121, 12.28853604646688;
  2.250360707742944, 0.8916883102672202, 12.20747264385759;
  2.401328880200445, 0.4795173816521483, 12.61632043719406;
  2.411578583013065, 0.7879885579508301, 12.65073565127871;
  2.335475962194086, 0.890752009576775, 12.21587568411039;
  2.423252905908031, 0.8853060930122926, 12.36436786087593;
  2.472166649555424, 0.9193039730558785, 12.26547842696493;
  4.210213976670564, -4.615087344932003, 19.5822085100842;
  2.216510549896667, 1.19704453502669, 10.61133602195327;
  4.219510075637265, -4.48542891641836, 18.70120386805439;
  1.97045297794116, 0.7839326902540589, 9.039259792677282;
  4.514497247548141, -3.966864813371999, 19.18849138217605;
  4.488962629125132, -4.480317939495367, 18.80655725673915;
  4.527814616969935, -3.95547026897301, 18.73264818442127;
  4.579403573403712, -4.483060813802702, 18.83053807615697;
  4.774287079673782, -4.538734614752898, 19.2108320733089;
  4.628104539513967, -4.313305531700773, 18.54519024700734;
  1.952868713344622, 0.4717537539692557, 8.310377469741272;
  4.618313616204222, -4.051568752751984, 18.32541093413266;
  2.246735867234749, 0.7669789135433032, 9.316422984715999;
  4.78694394632602, -3.974444324712455, 18.60550437177172;
  4.744912804152344, -4.289239775063032, 18.41433356198072;
  4.792908130456967, -4.465384512568859, 18.5268695366885;
  5.061023188010388, -4.234534502822367, 18.38250352779605;
  5.00358303320613, -4.137930475621761, 17.87676623248914;
  5.129935624313163, -4.284041857842363, 18.18773906711578;
  2.89642395446662, 0.2697281538114631, 10.3499651625153;
  3.355388282141309, 1.020341240596721, 11.1301540296811;
  2.098460401020931, 1.38760940836471, 7.114025866017185;
  2.093817648386495, 1.447065311695451, 7.049919064193909;
  5.424413864868926, -3.316732425179148, 16.42037720378206;
  5.541765786391248, -2.352842031169734, 16.71897568151825;
  5.550938412962165, -3.401656279398916, 16.55033381188849;
  5.627616843697055, -3.365618644553667, 16.4184617172681;
  5.808096674266818, -3.430538796315672, 16.46827139839696;
  5.887780020800636, -3.632658358494095, 16.60969390061556;
  5.849529244188736, -3.362476651475405, 16.48425203351482;
  5.862255702791118, -3.414351885767962, 16.40948886774224;
  5.779855835517518, -2.981776779436814, 16.11372458587318;
  5.948480083446506, -3.94917446785775, 16.53889066866735;
  6.02875533372743, -3.702363555442975, 16.70396042668474;
  6.063642663569307, -3.225383090326167, 16.80131099780709;
  5.807658262207564, -2.413977678561977, 16.10830252193609;
  5.945913909319458, -3.492070515911055, 16.43237918089577;
  2.110113025967616, 0.894378880272781, 6.307137952610542;
  5.982369714346444, -3.135474026389706, 16.15374179800217;
  6.137693583315881, -3.698897988153471, 16.51620082674109;
  2.119941878085365, 1.00402685321614, 6.243908890419892;
  6.152726973821306, -2.911386920146285, 16.20678429358011;
  2.12571075509859, 1.028281990240408, 6.212847880307088;
  6.309069452643988, -2.466897898560222, 16.5398414113883;
  6.464159675258483, -2.835391241158328, 16.32879906102055;
  6.305748934798858, -2.433670959613917, 15.930616864873;
  2.257314738104428, 0.8155136805324892, 6.287889751826357;
  2.238028073869888, 0.9159429602828304, 6.230346130101011;
  5.995321026531846, -2.509269025857489, 15.00599915993941;
  6.234349308883374, -2.244995744955516, 15.36084131229592;
  6.062408578311678, -2.587009994179579, 14.86864296656682;
  2.233185708924709, 1.117836286665522, 6.061596633374152;
  2.276640421503817, 0.6910593498610026, 6.15588584359467;
  6.30123115895165, -1.236658518992264, 15.33074028437357;
  6.263587548557418, -2.164429846033112, 15.14305712897165;
  2.333708052608361, 0.6520195652519768, 6.222795093270941;
