m=[-2.437126692726215, 0.008520082907867736, 4.696148245369767;
  -2.358891629082282, 0.4354154505177735, 4.698351760971782;
  -6.911465790064828, -2.83511483659521, 13.00367720612436;
  -9.090520003852124, -4.113864154042876, 16.96545285902223;
  -9.202232146079727, -4.156362032544859, 17.37552631948084;
  -8.547009510892098, -4.267151441873543, 17.73961974029778;
  -8.322313418423072, -4.291207008090311, 17.5015784099789;
  -2.609360131464072, 0.3519499939023266, 6.480001696662247;
  -2.566168654094475, 0.3827382841220792, 6.421018344440124;
  -2.406946167812787, 0.2887740216680056, 6.318666673425581;
  -2.604951932563782, 0.5177472923556088, 7.634147131245973;
  -2.525346806170405, 0.1785642487810004, 7.56055851651069;
  -2.298771409622197, 0.2457091085546921, 7.624764129300495;
  -2.365277871701076, 1.569787793019146, 7.822429912880286;
  -2.36037846639556, 1.474534562660463, 8.035691526126984;
  -2.365839130417416, 1.524016549003639, 8.058740355741103;
  -2.424148025428786, 0.7527666993073127, 8.503943369123;
  -2.394966521021233, 1.124501264011797, 8.556077138407801;
  -2.226105748682675, 1.354298962548639, 8.050949309004052;
  -2.413311512745171, 1.308933538973103, 8.797779919896014;
  -2.307402071346976, 1.085693324695185, 8.448856406173462;
  -2.4348458586502, 0.9059921096773841, 8.901846678915101;
  -2.398523260467725, 1.410726950084439, 8.923182472454233;
  -2.413542454271983, 1.295051942626968, 8.96675713989648;
  -3.357129907763334, 1.967711721635692, 13.31140983711816;
  -3.586875901399809, 1.896858284936838, 14.70853002662276;
  -3.641941546864423, 2.022738132857184, 15.14890253840388;
  -5.824256259397033, -1.775514329527341, 23.55293141196162;
  -5.97136673359205, -0.8187610084630661, 24.32536351198123;
  -3.711706526096906, 1.858586370182995, 15.60151073474471;
  -3.538947378019611, 1.870163936491194, 14.97754452173995;
  -3.503580163118351, 1.937894661080409, 15.02911207323408;
  -4.040665188237125, 1.859014790785352, 17.31994194116351;
  -4.024132335823754, 1.784628707919717, 17.28831189413947;
  -3.548211193052273, 1.867783480312297, 15.64817186753125;
  -3.478810048157027, 1.926795736968543, 15.42577242078899;
  -3.458633023678239, 1.994122196207395, 15.34729324176183;
  -3.514038668050592, 1.856573513341585, 15.95030595744991;
  -3.45877590632396, 1.92833541215339, 15.88496075670136;
  -3.433559671263613, 1.884385689829445, 15.99508702740485;
  -3.438999926835926, 1.967640538690942, 16.40949091645777;
  -4.334592356438136, 1.435309662165786, 20.40710478585285;
  -3.811948226754398, 1.490021576068633, 18.64094285324041;
  -3.662062269072631, 1.830638950022745, 18.27515749275317;
  -3.268217406405733, 1.724375633799711, 16.55717223288951;
  -3.414973637172054, 1.764495639287091, 17.80474919512341;
  -4.228609128963974, 0.7734292746603316, 21.98071180215761;
  -3.772930419413668, 1.634056330906682, 20.50419191588845;
  -3.250793611810546, 2.047561356615501, 18.15189010970676;
  -2.79765556010564, 1.923034182329727, 16.44164505188936;
  -3.53228290584446, 1.704875866016818, 20.53400216909596;
  -3.592063336472172, 1.852258200599129, 21.19905278285156;
  -3.364613733935478, 1.614103257134577, 20.60601234039423;
  -3.320756785869924, 1.514004874382703, 20.42847516898569;
  -3.230899416233425, 1.670818980547171, 20.08221442801433;
  -1.90989741897811, 1.933941446822941, 12.41110734877998;
  -3.315148141551052, 1.575829392466437, 21.40339074016374;
  -3.394851122570574, 1.613715572750071, 21.91797228315281;
  -3.209336660019925, 1.922566167338647, 20.81391954552157;
  -2.314464097204136, 1.600899969631423, 15.35241073475221;
  -3.156277123995193, 1.610075838036474, 21.13878571349143;
  -2.291003369361205, 1.830512155828171, 17.73194012941387;
  -2.220292880648347, 1.69980607454356, 20.64960971979621;
  -0.3132787054915173, 1.862715458975453, 12.70799046992049;
  -0.2017465936695197, 1.796532170880349, 12.338600453252;
  1.716644175736097, 1.975685847882272, 17.281237338691;
  2.333243702374593, 1.266287176479481, 20.47232595266259;
  2.143593770564824, 1.602028645565961, 17.87019063418904;
  2.089355741455822, 0.8828978062510404, 15.99696962479404;
  2.152981307806586, 0.9582501196332334, 16.20614175219298;
  1.231021687685526, 1.838581658524965, 9.660421019606664;
  2.146303327268408, 1.375897801723505, 15.91146747428074;
  2.240379880859869, 1.026113418738743, 16.22344445897712;
  1.273177427699336, 1.899733583587388, 9.654451271277598;
  2.373420252403685, 1.103477630844842, 17.08023922967385;
  2.097673193021077, 0.601363277319795, 14.99413011180578;
  2.083836287391811, 0.7735248599709068, 14.55519963845015;
  2.219904439626946, 0.6321219826963572, 15.38272625518033;
  2.0371642626453, 0.8013378492826087, 13.83682038237109;
  2.106402750936532, 0.5385629811806515, 13.79740444410969;
  2.208649395262961, 0.7689473398309905, 14.00847184217918;
  1.958837170971397, 1.066851118735563, 12.43536923164107;
  1.934214409886357, 0.8869244346962834, 12.30343363807565;
  1.981697433050819, 0.7572781148979358, 12.39242794287975;
  2.395283104316182, 0.4385931446598392, 14.53304019813862;
  2.336673145026601, 0.5029855072452829, 14.19298433041051;
  2.341968212049231, 0.6598737233559328, 13.95335994724627;
  2.233325067364835, 0.7762419679292339, 13.29805620480229;
  2.50294875438858, 0.3815046879881587, 14.29293197778916;
  2.198146077019425, 0.9438704635723189, 12.37729829017552;
  3.627428440496511, -4.093817589893533, 19.64625263886093;
  3.760685228035849, -4.159831734799067, 19.89434038914799;
  2.129090250572093, 0.4788923646409334, 11.63447481982947;
  2.119707708576508, 0.7940383715765101, 11.56922593586425;
  3.839873501430682, -4.293390702725287, 20.0808028113199;
  3.799859127633412, -4.0412113995135, 19.59854218406102;
  2.118214273155165, 0.8245004296148607, 11.35152072502782;
  2.190489298062515, 0.1704765106418797, 11.65378385549787;
  2.17622690299345, 1.372372135976372, 11.51017399998714;
  2.136046361710398, 0.6492120184726831, 11.27875461401708;
  2.161900442459543, 0.7931256914426536, 11.36424977113863;
  2.318846200562225, 0.7642687472912123, 11.74929260717377;
  2.248228893677528, 0.8777665455717262, 11.30122808197223;
  2.239181343692906, 1.107736888253006, 11.24351659970578;
  2.382730499526645, 0.1852596013321205, 11.87559589847533;
  2.298626068307219, 0.9351905307707675, 11.41322916996544;
  2.500396059620387, 0.5263944303185416, 12.05376824387877;
  2.396015578412374, 0.9380993018236697, 11.47165539491486;
  2.423748385810678, 0.906816460106603, 11.32671221046261;
  2.195659995741624, 1.187619032690635, 9.472048919049207;
  4.478751741216799, -3.870655110132038, 17.91163838234436;
  4.648211769468571, -3.981502780349255, 18.14224904554018;
  2.067915238769725, 0.8428583457749693, 8.435496450605728;
  4.861495699569315, -4.456233096045599, 18.29024723490753;
  4.856465799931714, -4.191702207860393, 18.08970341779482;
  4.817914238391986, -3.937903076386149, 17.601600217239;
  4.932036883342259, -4.031073177693198, 17.36545645463808;
  3.312044848726787, 0.2530755395443851, 11.93561453215845;
  2.334789976651024, 0.8177300861631749, 8.638167045634845;
  5.121369260598701, -4.221153135703067, 17.47694352420914;
  5.168379907818578, -4.200802158269069, 17.30699081746759;
  2.504595530575829, 0.8908560911108827, 8.598556956156035;
  2.687434587343089, 0.6748424361657878, 9.092441395168121;
  5.442167752178674, -3.272252510219897, 15.38820302207613;
  2.308779326013944, 0.3311694443488761, 7.044725261793005;
  5.552040662582943, -3.337349523288248, 15.45950125613923;
  5.676120688927518, -3.566416108997819, 15.66413297962832;
  5.732640878005744, -3.365097979043557, 15.61602435018379;
  5.888328909218438, -3.414516162957985, 15.59336731413556;
  5.956822769516323, -3.606608167650897, 15.6980557264104;
  5.904895093921519, -3.33571182352913, 15.54789664755615;
  5.936573795852842, -3.395157041530526, 15.51841303536627;
  5.90564147292483, -2.983739905460066, 15.35785760971979;
