m=[-1.238990681587841, 0.2462556266881245, 3.631021762530245;
  -1.151235381173421, 0.09022015705642311, 3.668579168741307;
  -1.151897576548949, 0.5001034467493073, 4.165564141745089;
  -1.144840426317505, 0.6209393287461112, 4.173540821791488;
  -1.540236680221191, 0.8554490583164592, 6.406718793945037;
  -1.6756278081317, 0.9697355590177794, 7.192393281010313;
  -3.195720805713044, -2.004377249735618, 13.08922891903828;
  -2.001066585610303, 0.9206435590915358, 8.577388986364795;
  -3.184721560867675, -2.722217870834214, 13.03676493167089;
  -2.027627457790946, 0.8992154999294435, 8.711009720865764;
  -3.307983934262967, -2.18701848646616, 13.75893528643386;
  -3.33768436449896, -2.412228348224014, 13.93927364480074;
  -3.253811052806191, -2.790435664821653, 13.65846220849179;
  -3.392332805659803, -0.1950761955241829, 14.48324067339533;
  -2.273199605593242, 0.7527225375861019, 10.70214191689763;
  -1.820178124184154, 0.9098941321264473, 9.083417877750382;
  -1.704328086799345, 0.8992369415562739, 8.63432573952352;
  -2.215473115128778, 0.8913690942896021, 11.00631262482631;
  -1.746118986040885, 0.9022088202991039, 9.103792273209518;
  -2.034268122473342, -0.7443093943086394, 10.57140282503622;
  -1.99866993473802, -0.7185055704883793, 10.58047160841849;
  -1.998428239180954, -0.8462756921259472, 10.59898630822685;
  -1.994533400252065, -1.017211984201232, 10.69147019367983;
  -1.897436799277536, -0.8957041515508811, 10.28069732327657;
  -1.941225873060774, 0.8407450111650252, 10.54969570827968;
  -3.325018421550261, -3.00838393752727, 17.53490810871853;
  -1.359179278089745, 0.9342637631853882, 7.987810783751725;
  -1.790504598262589, 0.8641969397522664, 10.4086298534207;
  -0.9125614074057133, 0.9240498002752745, 5.930107804285096;
  -3.326206245001526, -1.042408949923604, 19.31030009884833;
  -1.498968012809129, 0.889949382224083, 9.285638936138561;
  -1.791102720323832, 0.8592441698666438, 10.9693081216598;
  -2.882346044739133, -1.042335043861971, 17.10619728489283;
  -1.786578765195153, 0.8145399176728639, 10.99059108981549;
  -3.372874735319371, -1.038545570365374, 19.98309368603806;
  -1.73031582915733, 0.8948110594750912, 10.75507746689147;
  -3.357191019900913, 0.6341016242596989, 20.01895714449414;
  -3.416062726055761, -1.086770202662706, 20.78725260469787;
  -3.368215352365465, -1.304350115863752, 21.11357866494796;
  -1.673958758641793, 0.8539175887531428, 11.21113707764682;
  -3.137586865008847, 0.5579863716500617, 20.21121099923631;
  -1.767928526378721, 0.9132363624750252, 12.15170592851742;
  -1.477524654547205, 0.874990818959226, 10.68257058001437;
  -1.747200475074605, 0.8237873684583178, 12.59760089385478;
  -3.764768041005377, 0.3920572785713061, 26.30335569232415;
  -1.135132991153853, 0.9069714896875457, 8.785718304584979;
  -1.816280526976432, 0.8345580751181226, 13.90487338712181;
  -3.243047317533588, 0.107279265648619, 24.34326953953358;
  -1.786825070245079, 0.8140703484755424, 14.27038834103746;
  -3.452925312027968, 0.1868681345877754, 26.82254556911564;
  -3.683771557798191, 0.02247107886705999, 29.90491039576195;
  -2.35684455668195, 0.5052040229531604, 20.14401777258619;
  -3.211772933449888, -0.04244599060816569, 27.9592127675755;
  -1.918305490487975, 0.8441929210985157, 17.21848011180346;
  -3.374990485122256, -0.3711235309969692, 30.07924345972671;
  -2.124877005473762, 0.3997947418797005, 19.42856274420745;
  -2.297665099858373, 0.2982497960149557, 21.81335182479431;
  -1.828471641796802, 0.75768395166185, 17.82810068144246;
  -2.070452783290591, 0.4511387230387335, 21.07013631510489;
  -0.7912047816531714, 0.8627428332654044, 8.991343887963268;
  -2.497825622260156, -0.01367890171163595, 26.5545585641159;
  -2.299868222186485, -0.3854735022614709, 24.58409091827157;
  -1.92048108013505, 0.4168063421045147, 21.43309237355486;
  -2.053891369960055, -0.1747129954110367, 24.51181186544571;
  -1.542732279775515, 0.8761474162198213, 19.15554354575317;
  -1.547545960207053, 0.3918767992368714, 19.90502044903463;
  -1.367627753921646, 0.2075171072352298, 20.19138971849347;
  -1.272816875460815, -0.0168201662616433, 22.79409671222052;
  -1.035399658156651, 0.7656592097974808, 19.66513501289907;
  -1.230659360943982, 0.675651008819168, 24.36464696195672;
  -1.216961464669787, 0.5806590492922552, 26.85872670274963;
  -0.5910317258660426, 0.7520198129622008, 13.99697224119202;
  -0.4893208614536891, 0.8045589901717587, 12.6101536361975;
  -0.4182967227526704, 0.8068431519559767, 12.83460497416413;
  -1.112935835762936, 0.5363695604221962, 33.08128967748956;
  0.190397248213676, 0.4594138876185334, 19.23280342196848;
  0.4140491418134048, -0.2767017976062561, 16.18292260355082;
  0.6068260532257187, 0.5358131936708654, 21.48341382073466;
  0.3655720397948955, -0.4825410669081723, 13.20464240360238;
  0.6829840655829265, 0.3952133725756059, 20.67969052376976;
  1.018093673061029, -0.2180990035257918, 28.83917698096552;
  1.201367660702313, 0.2135594434807944, 29.91092365951472;
  1.327134278097793, -0.01058158297199986, 28.96788919469718;
  2.291943308112801, 0.7347553187286517, 47.6838193503336;
  1.966081021596875, -0.2396567438844194, 37.96859864538681;
  2.214353255646156, -0.2030659445380092, 36.02856619691632;
  1.323787145069504, 0.5438194253428244, 21.2767174437855;
  1.463990263479346, 0.6285447872239671, 21.52507895194069;
  1.620913887797257, 0.3898342231649124, 21.09168689780529;
  1.697632887259279, 0.3659861192458389, 20.58964380907362;
  0.6990010508073867, 0.8265121153485906, 8.248090965420316;
  2.051302966475999, 0.3918114266718695, 21.8895027384627;
  1.939502249641502, 0.5067694534370338, 19.53044689984412;
  1.869781402645518, -0.8960174049262902, 17.29360181611224;
  3.21285159286354, -0.3832721573227831, 28.55358237710671;
  2.482466778226244, -1.021867335086902, 20.61174365753359;
  2.693331091280223, -1.188973975144419, 21.78470811790815;
  0.5141141803926443, 0.9374904991177511, 4.986499704467455;
  1.019629695448511, 0.7620268366183022, 8.500200590312357;
  2.789523429442074, -1.226912028521552, 20.91664309408072;
  2.837208672866786, -1.883472632899182, 21.1598955952911;
  2.976661430566712, -0.9820068341864997, 21.88383132998247;
  3.049871414745338, -1.219856281455753, 22.24978283690563;
  2.914334423825995, -1.756228952441388, 21.11742609441929;
  3.124189553505657, -0.89719400145263, 22.24914630470899;
  1.040117481798, 0.4395218223024796, 7.963568593133089;
  3.039567058252414, -0.9872458244079488, 21.07110735548356;
  2.980231771077094, -2.066057583414585, 20.57441614071001;
  1.070448311989353, 0.4764357309121328, 8.057588340220557;
  3.003594612510149, -0.8643441566100023, 20.56986954733116;
  3.079975322922451, -2.163651313032247, 20.82321222136797;
  1.073156820098163, 0.6879522064371274, 7.955771964220169;
  3.177959019345775, -1.287998803534686, 21.13933892579066;
  1.055014073364342, 0.4832055969105912, 7.639758939495755;
  3.192536533375377, -1.427938492497389, 20.51744005632724;
  3.304305687870567, -1.008605180289552, 21.02927737773767;
  1.085314479048686, 0.4028712502560825, 7.580714957616022;
  3.495251843012378, -0.776661583886448, 21.35661507593285;
  1.055674042164353, 0.4152593789334274, 7.17034574560624;
  3.556845756771081, -2.098976061402646, 21.56981158557869;
  3.540890348683449, -0.8472222114260185, 21.31357492345779;
  1.147662947009635, 0.3595234878139177, 7.585195992229226;
  3.580766567087804, -1.632464764997288, 21.20566966091356;
  3.536069551442433, -2.076824522343082, 20.92934059403401;
  3.585850491787612, -1.267609750937642, 21.05491111722413;
  1.074826531892162, 0.2748105892904549, 7.040351785138155;
  3.64817686233188, -1.374644593451652, 21.14334228461532;
  1.17322992648155, 0.4084632141765022, 7.441270862079031;
  1.030638093929392, 0.5613214920639854, 6.542843597281269;
  1.31559461163226, 0.1893559699370407, 7.861365255463049;
  1.126748196017562, 0.5924940938237006, 6.085356544135738;
