m=[-1.224701442998218, -0.08322003275972836, 3.012642511608392;
  -1.148184438155984, 0.4597710431177176, 3.71806121036166;
  -3.16419912280359, -0.905249040715892, 12.31804478702832;
  -3.283207449369804, -2.107140012354285, 13.1683273829731;
  -3.189777209475814, -0.9237768648766029, 12.92488977903391;
  -3.373934892961731, -2.37410113618996, 13.57911034572391;
  -1.774316760959814, 0.9739087323303749, 7.868182424645022;
  -1.735759644134045, 0.9900813982515223, 8.009059495344459;
  -1.786294698543317, 0.9405463194212244, 8.458853412011122;
  -3.230473611181945, -2.847776699573228, 14.55889436614369;
  -1.64792223505081, 0.9834462781605937, 8.001381336445839;
  -3.214422728726314, -2.838694647197765, 14.82513092121636;
  -1.750070612322999, 0.9553163662007843, 8.647190538445035;
  -2.255536410460881, 0.5540079052989305, 10.9389433912976;
  -2.034508878934491, -0.7619239165645315, 9.96520793653686;
  -2.04192809681904, -0.5804782963613995, 10.10148918279075;
  -2.003962449427975, -0.671021841699081, 10.11950552148494;
  -2.013309290786201, -0.7502733223728985, 10.18833866042006;
  -1.996861338457757, -0.7943649001964499, 10.10405112227749;
  -1.980470878895364, -0.9594257090609458, 10.12882353739163;
  -1.966951734976388, -0.7028466838059598, 10.10718770669023;
  -1.907122493051532, -0.8517679164964053, 9.859192564580722;
  -1.935058664143204, 0.8917824746791135, 10.05487769835955;
  -3.172084825235871, -2.734491995730405, 15.83689214113707;
  -1.637696915685976, 0.8825847669557465, 8.770220532996644;
  -1.923275443630905, -0.8175481733881934, 10.14061743245702;
  -3.301818667466261, -2.831928299145071, 16.82846626658537;
  -3.245892766069663, -2.861366940909421, 16.63983465572601;
  -0.9068617016995253, 0.9562818191159608, 5.429713526214482;
  -1.770040097162769, 0.9683788471546128, 10.01410662265166;
  -1.786232033762727, 0.9135686500170438, 10.46885489975035;
  -1.709884195839562, 0.936660016283808, 10.15014686204059;
  -2.864166991670767, 0.6867709761252766, 16.82424259374377;
  -1.660112091794261, 0.8440735971570095, 10.28325150643134;
  -1.714321328314445, 0.9306452842442637, 10.63011286116197;
  -1.694763180679054, 0.921258572627742, 10.88075015389755;
  -1.695043530387401, 0.9351606844433812, 11.23980847772439;
  -1.680477902642633, 0.8527622099642473, 11.66042624498841;
  -1.126313612682581, 0.9503973369212657, 8.274938413848615;
  -1.802813305080019, 0.8954869897283148, 13.34869456726302;
  -1.735250882626414, 0.9465521712405601, 12.89062291140466;
  -1.685038335139201, 0.8329916954051843, 13.05968301985041;
  -1.741594141604595, 0.9599601856258071, 13.5164858786587;
  -1.788263968592857, 0.8704099241286789, 14.51859360851835;
  -1.667489003744925, 0.8706886638461393, 14.56878520788743;
  -1.890378820165765, 0.8586853556203087, 16.78904159505406;
  0.2876214439545135, 0.9163742725292238, 6.37341930702303;
  1.465446272136553, 0.7074023916046754, 20.98855064213992;
  2.112540743049224, 0.4866989103784158, 21.98412332677282;
  2.425161213799072, 0.593320473236489, 21.99657991024082;
  1.788445600390998, -0.7680238747513859, 16.01967788540207;
  2.96716726612887, -1.229197370105276, 21.72385616408266;
  2.934004021730649, -1.023116058744344, 21.44230634024057;
  3.011818675968868, -0.9164535784761451, 21.66965895191799;
  3.12894790741753, -1.793662020923853, 22.11600757622065;
  3.36404178166956, -0.8755096107125494, 23.40902178112682;
  3.227630609540575, -0.9660126171968069, 21.85053513968986;
  1.050970227294436, 0.8233947269155462, 7.812773770638213;
  3.075669992779739, -2.05123346459214, 20.73099716013891;
  3.157435030202095, -0.8261815046090938, 21.09585711029107;
  1.079429423484131, 0.7227306836633987, 7.852416989922141;
  3.175462647784999, -2.146563406753573, 20.96881229370841;
  3.271674308222025, -0.6448502955712664, 21.41739838728369;
  3.324622353967981, -1.262037228427964, 21.58231091720599;
  1.063197586816149, 0.4812670548221248, 7.581794552999207;
  1.082981378497957, 0.5167547751575042, 7.609638057555162;
  1.079604937065802, 0.4535267254231486, 7.558559165886995;
  3.445714629285818, -1.452813774052104, 21.57863373590591;
  3.541117002843203, -0.9938669226681356, 21.98821502664045;
  1.090443723903324, 0.5343466777390256, 7.325844170841055;
  3.484048053918679, -1.508786800667619, 20.8216592470141;
  3.555034172811446, -2.015123573874671, 21.04507877073058;
  1.106506043719575, 0.4521264228115371, 7.205382290847161;
  3.727925014605223, -1.515888167763358, 21.77149001870459;
  3.692918125696052, -1.426419058720031, 21.55617539988604;
  3.708322112071819, -1.601774789643862, 21.43131214486934;
  3.772520215623056, -1.24990950824124, 21.61874413173324;
  3.851738036331482, -1.36623119372754, 21.78281392571412;
  1.063096357530569, 0.4496088531713534, 6.680105606979388;
  3.983191231739854, -2.721999335426426, 22.14837322862651;
  5.066345578636796, -5.454028446225586, 27.63883353650433;
  1.040357470634121, 0.5959852174865097, 6.061902396112005;
  1.046122546860222, 0.5458180142056469, 6.058760610830014;
  1.050155955647942, 0.7571017266231886, 5.995753806398433;
  5.762487669981174, -3.413257379038385, 26.73478711449048;
  1.121437710186474, 0.4623112755265928, 5.477694777924204;
  1.127592722434756, 0.4901148660627807, 5.497205770838963;
  1.129117056072228, 0.7368192508598281, 5.44023781474557;
  1.140785219935048, 0.4454567092196322, 5.469550310253131;
  1.131835428307092, 0.4794266573314223, 5.389504616047754;
  1.24771480696974, 0.1166462657479186, 5.830042203092735;
  1.258654293272278, 0.1269949786598078, 5.753501986226372;
  1.18664098408488, 0.4902914623937316, 5.437408639807197;
  1.161265940327214, 0.6002358736116727, 5.308390804214715;
  1.20145793229563, 0.5152401983997957, 5.440810898166966;
  1.221325625470868, 0.5360350385312682, 5.394658393975601;
  1.281089459106535, 0.5054196148982266, 5.456661486483787;
  1.411237325780575, 0.5191343219117154, 5.342893947763245;
  1.135010235498029, 0.8278665251354822, 4.488403334242301;
  1.203864478544494, 0.657936581467865, 4.621813420672534;
  1.528364905871266, 0.3475835577130865, 5.413008984468116;
  1.537630612810844, 0.4704433032527232, 5.402220261622638;
  1.541314641420438, 0.3773812704406353, 5.380600316109915;
  1.552832427929687, 0.4105498990654417, 5.407389737681468;
  1.755409731498777, 0.1581503297243261, 5.891712077749643;
  1.598235153870916, 0.4082310976048815, 5.455040386673519;
  1.475857947593645, 0.4469143146625324, 4.986706267115966;
  2.268360720851148, 0.9735541150956227, 6.061426603035652;
  2.889848594099037, -1.665623751190016, 7.458455100011773;
  2.923021106199711, -1.681642121758714, 7.455254026685941;
  2.974760039767326, -1.469387013202311, 7.233507362244793;
  3.012297958147518, -1.190539346393986, 7.292547322287536;
  2.939299663925837, -1.501100914504921, 7.117266408944039;
  3.038654469003561, -1.464018974073613, 7.238997259986077;
  3.024723811299208, -1.412049747805058, 7.187863242298256;
  3.083204081863477, -1.55367399338791, 7.265552657760791;
  3.13753827304631, -1.422984075653178, 7.210975961730519;
  3.176659748808221, -1.183411302742445, 7.285121439245966;
  3.201202985967219, -1.271083658140812, 6.918228456728484;
  3.185162393786415, -1.092243686041438, 6.806083959768536;
  3.260351422464234, -1.196307644332464, 6.854459873348065;
  3.267242082765544, -1.074862226271712, 6.841965279833437;
  3.185742299079425, -1.141780251481875, 6.532165139685087;
  3.285479192840295, -0.9575914850501015, 6.676712780253079;
  3.23193057838228, -1.189259652666364, 6.574637167765908;
  3.315470128958477, -1.164873383043268, 6.691463046287239;
  3.393481881132272, -0.8435217654556112, 6.740349695146271;
  3.466828496070429, -1.475258931325113, 6.768550217234872;
  3.486173848913168, -1.441989141688686, 6.799730113737289;
  3.685838414013015, -0.9773202377976908, 6.401835757029042;
  3.669787488262837, -0.9232867757824133, 6.245565374739381;
  3.694270790957979, -0.9779736594635266, 6.115099490918674];
