m=[-3.358961058095032, -0.8624210376302369, 10.1381728015479;
  -1.781876805454734, 1.025018646153994, 6.352328404547512;
  -1.958914169320533, 0.9951442717824482, 7.468125756923351;
  -1.858655281597138, 0.9850665518907109, 7.345765811791455;
  -3.209947376588339, -0.8596837876503967, 12.0548486262086;
  -3.305744035923612, -0.3253193772272371, 12.5518041060031;
  -3.222613126145436, -2.109305720790471, 12.36736471892579;
  -3.211988876769629, -0.1741331524426492, 12.35964421226072;
  -1.722825256749544, 1.036813852471279, 7.083855934459387;
  -3.266992533418125, -2.041086433080631, 12.69409178957351;
  -3.332728201186247, -0.356441910308168, 12.96505731289639;
  -3.391397758897557, -0.3000720466585158, 13.21324456356879;
  -1.668780854106545, 1.048781261890636, 6.989997862685102;
  -1.780648622716228, 1.024746204667746, 7.42777514939622;
  -3.291326355277816, 0.8793247865124617, 13.19724148655476;
  -1.817359290963181, 0.9879467635674926, 7.718292292669977;
  -1.723518267993425, 1.032033671159737, 7.486236960121225;
  -3.173725408620251, 0.9213682930127004, 12.98171938853046;
  -1.705587186398728, 1.006895945805499, 7.542847679615356;
  -1.775703568603716, 0.9847639810508494, 7.943409372474009;
  -1.630270974435365, 1.023415062951928, 7.467759958444431;
  -1.717594858796544, 0.9874259223893767, 8.035977700951904;
  -3.163132293338354, -2.739866253506189, 14.23605557122557;
  -2.022655003663247, -0.5301167328312582, 9.580466210350068;
  -2.00664040303357, -0.6437113707117219, 9.535634098722765;
  -1.954612351272937, -0.6071064321703041, 9.455776363812126;
  -1.721204168048153, 0.9826158854671372, 8.434583985177383;
  -1.961851289975797, -0.6779961185154037, 9.510584090919004;
  -1.934528192400846, -0.8920567645624233, 9.489064789478299;
  -1.911780283494442, -0.6323769967985649, 9.409146608111934;
  -1.937033562066672, -0.8206384545877963, 9.571118776763719;
  -1.782261125927978, 0.9787150344275951, 9.067487700838003;
  -2.944651681008131, 0.7917138516364459, 14.68075270063682;
  -3.21588780940589, -2.768736986193657, 16.12821229926482;
  -3.259640083016571, -2.791643293183534, 16.67166798931176;
  -3.311561571540326, -2.046040409230248, 16.95581999683455;
  -3.155406664861522, -0.4687264940450907, 16.57906157769595;
  -3.226750154820991, -0.846777603906084, 17.2095655148544;
  -3.157978021377117, -0.4779182949342583, 17.23529056012629;
  -3.156646289283597, -0.8246100827065922, 17.49886498690607;
  -3.229321789077427, -2.768183374486273, 18.03757924148537;
  -3.449469904937026, -1.068267013303593, 19.43269737280782;
  -3.185315562432218, -0.8026452329400553, 18.04377255877866;
  -1.688357773033806, 0.9783027157356147, 10.03057532714594;
  -3.165719025452224, -0.8349293296794074, 18.46712537592251;
  -1.688366508109233, 0.9841413724936204, 10.39639435138468;
  -3.229181349801224, -1.063745090316127, 19.41500860844946;
  -3.257980196636999, -2.809370011326904, 20.06708296927824;
  -3.255473176633962, -4.552452378467993, 20.19647386254213;
  -1.747591810777173, 0.9541266635488931, 11.30721844577679;
  -1.57785492333562, 1.059705651399769, 10.44589191202854;
  -3.515118773871133, -0.9998394787101848, 22.25854905004535;
  -3.606291812896853, -1.259551360301373, 22.8882326361357;
  -1.116089223736436, 0.9930426232181631, 7.751819993732434;
  -1.71359782647866, 0.9409899900305359, 11.48772668254195;
  -3.206493584512411, -0.9204557880889492, 21.60340602910816;
  -3.221452435734408, -0.953292136740163, 22.87057783486857;
  -1.268154375351808, 0.9422895471640923, 9.725920227528407;
  -3.065502422034065, -3.14413004979758, 22.67326553142145;
  -4.306561778083746, -5.09090354094587, 33.46395576224344;
  -3.198552765875641, -3.347597830188893, 25.73594715667667;
  -3.260297715531884, -3.055021413933821, 26.90489068548799;
  -5.3918957126525, -7.98388653572397, 44.09404349879301;
  -3.071190898444576, -0.1013245086438689, 25.60571205187581;
  -3.024516373606767, -1.019646498301173, 25.24802474520122;
  -4.195380382704513, -5.022718358237233, 35.78617757512578;
  -3.07307868568443, -1.050545032622455, 26.50481307324239;
  -3.229738149919673, -0.956577122572192, 28.46813379820061;
  -2.886867295762055, -3.166017029922929, 25.60504781890309;
  -5.129846533341621, -6.979327486781194, 45.00622995812039;
  -4.583792003726418, -5.403718224083613, 40.55548921040244;
  -2.92157131893089, -0.1494014459004546, 26.71399739230875;
  -2.872356360642197, -0.3870560543900746, 26.29044244437713;
  -2.835649712264503, -0.4965429078521422, 26.33021673194018;
  -4.481688994245928, -5.652228967152585, 41.22164715080954;
  -2.945961883656229, -0.6114807119915102, 27.85329360007099;
  -3.870821340933789, -4.729899152161481, 39.27675868746297;
  -2.758598354165803, -0.15820365913708, 28.69058095827433;
  -3.975674303206985, -5.743073293703105, 40.99585995213528;
  -3.55710835887675, -3.516339545330507, 37.78776164475357;
  -3.514503526637107, -4.741974071907039, 37.64958794124593;
  -3.985523082460445, -4.80955072226858, 42.79392528240933;
  -3.739966724927884, -5.331174356524437, 40.89869506899365;
  -3.189383770850622, -3.173202224911648, 35.88101145112354;
  -3.510537436940543, -5.608216644982254, 40.71145437576717;
  -3.402906231412647, -5.679084461285772, 42.02271556484689;
  -3.497979807504859, -4.359941900181078, 44.64704737888476;
  -3.151127859065904, -4.362510783168625, 41.48385238039754;
  -3.121525396037339, -5.629706576876017, 41.1816488040735;
  -3.563813443545393, -6.028740231380184, 47.01582230210936;
  -1.788146992084638, -0.06811330724814613, 23.9792740632901;
  -3.275960674341293, -6.356884026469601, 43.43089968182115;
  -4.066970933588514, -5.422479332618761, 55.84858767808392;
  -3.536499109372826, -4.263073004731342, 50.94423600191207;
  -3.453468447533489, -4.988907490620585, 50.11216902748402;
  -3.702549849021752, -5.222453391709522, 55.80158897980085;
  -3.712416154104296, -6.878397944752041, 56.60772202209965;
  -3.302010713141747, -3.981784307308168, 53.88247305276811;
  -3.758228770835101, -3.953519689176143, 62.83741624039484;
  -3.520738106493027, -4.15305346946156, 60.51287630777883;
  -2.545651364007205, 0.3395584795502816, 47.53405838618287;
  -2.603994749651235, -2.735083236724039, 48.9362268947117;
  -2.856673196321069, -4.271745887456993, 58.43778491656669;
  -3.530478063068535, -6.445975210874328, 72.13157891182672;
  -0.5855555654669161, 0.2100771447078443, 13.19657988047357;
  -4.667814487388143, -8.2456951656707, 100.3922306679826;
  -4.232185548069819, -7.220274313451935, 100.4205918197126;
  -3.045858989338611, -5.808776507840921, 73.50067227418296;
  -3.147919352007514, -2.787936005173193, 79.30101625179898;
  -3.818507309685705, -5.903311798905778, 97.63152201278133;
  -1.040151531885749, -0.1326822287031469, 32.03625318763238;
  -4.759220556893926, -6.799206848720146, 147.3365069592657;
  -1.808028814602376, -2.278615049968904, 56.92480469953959;
  1.356894344846986, 1.30765363540022, -42.44321761983123;
  0.7392550367170843, 0.1632393981266059, -27.3568379857702;
  -3.188899093024889, -4.712493509843839, 142.7860522937288;
  -0.7995872315959545, 0.3044749338079675, 36.96476408570734;
  1.53630875572916, 1.287907516985293, -75.28914607321285;
  -0.08762619297262467, 0.9592321095795503, 5.116851543143662;
  1.715294355220475, 5.618657339625932, -102.9872391499478;
  -0.4141858585726149, -0.005385745132972425, 25.91436614245195;
  0.7165199953133015, 2.878982748674406, -60.08318721328016;
  0.1766818797686498, 0.6890787523801321, -30.49850084392154;
  0.1434169124968209, 1.542905705603485, -45.21943236974769;
  0.003822771467759756, 0.01982804922915574, -1.248747662137784;
  -0.01141448864697819, -3.785908982858013, 72.4726928698087;
  -0.1066399228631, 0.09159521640928243, -21.4902635887668;
  0.03154430906745667, 0.01101341612223914, 7.098621931773367;
  0.338303087595039, -2.232226667906703, 45.62463262738736;
  -0.008168103666774774, 0.01378111534079926, -0.7717442282781234;
  0.5212758705719424, -2.059521243615219, 45.61018452266545;
