m=[-2.204633867032014, 0.2884515398373711, 4.248384097632218;
  -7.831483473913316, 0.5241764142308255, 12.62561233603075;
  -7.394432211606795, 0.5995234304031957, 12.16653190427858;
  -6.905889092172814, 0.4314304309315776, 11.68509247836337;
  -2.248315846521494, -0.2082746298189211, 4.575317411041382;
  -2.439101497074998, -0.1376612689631459, 5.035086770931764;
  -2.574274205900796, 0.5781400441361261, 5.362153363426179;
  -2.488700349138733, 0.5859606281071457, 5.336582758946594;
  -2.365314335498298, 1.404311963607129, 6.63151041693213;
  -2.29408460740115, 1.112167641250357, 6.471501814682473;
  -6.266048595663379, -3.649294128532452, 17.75426713937908;
  -6.119255558019529, -3.580874867080363, 18.74722355197224;
  -6.113937679166461, -1.171718447314317, 19.03126249713089;
  -2.737061985910593, 2.069925389503311, 9.145977270032727;
  -6.55054266422604, 1.755787014545634, 20.64633903675666;
  -6.387937168892407, 1.712633679635095, 20.75938418036906;
  -3.579581398744347, 2.06385295211685, 12.3080181062835;
  -3.279601527169091, 2.064459236710421, 11.42939105246646;
  -3.5879029815933, 2.063929136664475, 12.79074846979639;
  -3.098064855597873, 2.186985078064838, 11.26301857615762;
  -6.619223590445726, 1.712583243037943, 23.07163637259862;
  -3.489491645270284, 2.013719405912962, 12.86775657642608;
  -3.756350024135529, 2.052151570540049, 13.83605219522392;
  -3.464475326097112, 2.089553207946125, 12.9657614755743;
  -3.936346533866621, 1.9996959367989, 15.00684991621758;
  -6.05734201673195, -0.08641066279399282, 22.65569324948284;
  -3.59208555378121, 2.070016833142319, 13.89061948644439;
  -6.243498275360485, -1.672125307940514, 23.4472462559368;
  -3.826966187409385, 2.108321894616757, 14.89482572717333;
  -6.389597954403041, -5.249730546350934, 24.36363873787488;
  -6.097375231030179, -4.350759936849679, 23.38216149311694;
  -5.444685492048587, 1.716329089554491, 21.03345214852955;
  -2.282347315248897, 2.015022424728371, 9.462858421809758;
  -3.561272677371051, 2.062943750703042, 14.27032301657513;
  -6.472198298607807, -4.043570961478296, 25.14810745431659;
  -6.564744125240932, -4.52762825476702, 25.68056649604467;
  -6.81058085674113, -4.164724708364912, 26.97973814392584;
  -3.424012929858324, 2.060605985900037, 14.07874316783868;
  -3.493771040682157, 2.010631726126734, 14.57387234213179;
  -3.351548131893883, 2.106352592915385, 14.03858045289436;
  -3.593849276717972, 1.953676292485428, 15.26301337959917;
  -3.459253364732928, 2.071382715097868, 15.02553867539636;
  -3.412470404050572, 2.014557005599193, 15.091426972606;
  -2.268090192884968, 1.990922201202729, 10.44148980644288;
  -3.545694192466716, 1.966359695558869, 15.86126253185018;
  -2.228854046203562, 1.996642841757573, 10.48921993820608;
  -3.2069282906048, 2.01317374220463, 14.68993256564335;
  -4.376703777044042, -1.375590550307575, 19.80728465103454;
  -6.148853642372724, -5.326061331031261, 27.6736519482612;
  -3.415923405684362, 1.963775859245794, 15.98181560433444;
  -4.034046390426147, -1.440560989275179, 18.94397239908329;
  -4.022131008291147, -1.054158492314782, 19.05114324921727;
  -3.998549989748425, -1.282697234077989, 19.00126677906564;
  -3.964937797633754, -1.692017663401996, 18.89692442459108;
  -3.899656146514316, -1.06588486427591, 18.85130619881553;
  -3.908679768853954, -1.214043606866483, 18.90891651634658;
  -3.902042948760126, -1.348506885846788, 18.91616748944236;
  -3.914845320215364, -1.46836223286173, 18.98182428776601;
  -3.386261173631925, 1.933177994406433, 16.59402457590653;
  -3.833637029648678, -1.767780825634249, 18.80439390678147;
  -3.819219987472628, -1.263318220531285, 18.79693032772396;
  -3.868585261803081, -1.638954478052525, 19.11515100401777;
  -3.866416569632675, 1.900051866277674, 19.16507545201699;
  -3.31101831597433, -1.071458187334054, 16.77762948243572;
  -3.605991908456117, 1.980202812869339, 18.34595772952324;
  -2.725271381515484, 2.065361611955462, 14.16350335189705;
  -1.809973538571522, 1.985841363397327, 9.90446150877281;
  -2.53853341972321, 1.995360937225014, 13.70577680190855;
  -3.459251557970262, 1.887956143357669, 18.32822708822388;
  -3.479817961360911, 2.019188091598895, 18.79076203882502;
  -3.000693032816795, 1.983245860331553, 16.72492558702897;
  -2.276677944689476, 1.981606956808984, 13.16948285479677;
  -2.203083143323708, 1.688119770613683, 12.8356674558651;
  -3.245632868039656, 1.898256363598757, 18.45910818569819;
  -1.76460346376602, 1.997650244423924, 11.37122559340741;
  -2.222470619178562, 1.9774476867591, 15.43621407216428;
  -0.3246288263282129, 1.849374746712692, 9.769428737801899;
  -0.2817551422076174, 1.958628723514333, 10.37050752940394;
  -0.20664528455268, 1.944718638318361, 10.14676756017699;
  -0.1754650132464528, 1.920791821531959, 10.2461192634299;
  -0.0006634598405197173, 1.934259396763005, 10.30878035844129;
  0.598239798489782, 1.928331511331579, 11.85529660412914;
  1.511508539762494, 1.935774521802293, 15.36238779871205;
  1.522038005734796, 1.93348882470061, 15.139010877042;
  1.972753339625171, 2.41901132957096, 16.9798788183342;
  2.125166965229082, 1.73553294407619, 14.62687665310295;
  2.205834963956064, 1.089361718964882, 14.54792579190047;
  2.230926286713142, 1.155136660351436, 14.51232614175045;
  2.185221590431048, 1.000644231247506, 14.15902068914183;
  2.277005141697939, 1.615132520859916, 14.555166855214;
  2.215246631927737, 1.164624100643968, 13.74064126153008;
  2.29030467008441, 1.0264525724888, 13.75541673230062;
  2.162027700071601, 0.9927966685796098, 12.46336123784843;
  2.31051256864731, 0.8762289665794086, 13.0933655425491;
  2.395961154910283, 0.8358286758311094, 13.4636874752495;
  2.537681636842614, 1.13519539801614, 14.01673338204173;
  2.319203559745854, 0.7239863093867535, 12.82798253915462;
  2.108805055991314, 1.269710479113311, 11.16960242025885;
  2.141434825003092, 1.189974943270517, 11.28252283412854;
  2.775059088482458, 0.6898416422321873, 14.18328356772125;
  2.17110678476144, 1.507016521360355, 11.29695468438602;
  2.123803334941968, 1.598015307354528, 11.03209924139068;
  3.777527131329965, -4.09631033070705, 18.8904938339051;
  2.139045688343379, 1.889897861350885, 11.06632894086168;
  2.520433330017375, 0.6731116993878454, 12.73200508464364;
  2.096837316434707, 1.277419027440961, 10.66412346338494;
  3.758252447461885, -3.995897599185182, 18.15634929044502;
  2.288626517122711, 0.7629975912402957, 11.38923798763055;
  3.871300905261593, -4.036926721390888, 18.27454887338401;
  3.979882983247105, -4.19415460935394, 18.57644384801032;
  2.306716141490325, 0.7601460774399105, 10.97089038199094;
  2.271773882414164, 0.9257179214849453, 10.04841068541786;
  2.28670241755547, 1.01185766513656, 10.07269091916713;
  2.30105967885599, 1.564472153210617, 9.990181963472425;
  2.315601281091423, 0.9697479469485513, 10.01067885512219;
  2.557775817563632, 0.3171947198276199, 10.83559250442939;
  2.408089610687535, 1.093339425961467, 10.18341378775722;
  2.557446407665892, 0.2917456142571726, 10.69340284342129;
  2.397438540410328, 1.054856825969918, 9.905955312488432;
  2.338965116783734, 1.269549707478855, 9.619482480493394;
  2.700912767825069, 1.039701794696374, 10.68807157920076;
  2.463423150322417, 1.149998084077747, 9.814849828238788;
  2.54758997609384, 1.099344324072032, 10.02894042710691;
  2.529997526216702, 1.052637753953834, 9.910046080177587;
  4.570828020838331, -3.698412848409992, 15.80733875151129;
  2.77644958204262, 1.026584825610219, 9.940105464807601;
  2.81337694281192, 1.029094027158336, 9.920072221103718;
  2.932475432570335, 1.145263986196919, 9.971562997496463;
  2.917344568664013, 1.013375074495342, 9.833286942913862;
  2.382657184446129, 1.72488183112674, 8.20139689318516;
  2.952897272121001, 1.13586017280406, 9.815084765156584;
  3.002379841365555, 1.180896684121802, 9.847598756089505;
  3.034893213969062, 1.01610073244795, 9.8489229576307;
  3.09550592798132, 0.7744933051760793, 9.890784477016513;
