m=[-3.175287748560537, -0.4595559709131034, 8.447464837384931;
  -3.201000449219067, -0.8239809583935477, 8.540705773351279;
  -3.358363439961216, -0.1323095910951909, 9.091191898282172;
  -3.482528464329311, -0.3065610185161781, 9.589308091499524;
  -3.501283115841555, -0.2131935148624668, 9.637721042810348;
  -3.41814292835294, -0.3960891161316933, 9.636990570921062;
  -3.450645559243106, -0.5937225180336032, 9.846994387876324;
  -3.338524833214479, -0.3495144324243725, 9.589108157690248;
  -3.358880515205291, -0.4805658823846286, 9.781160521633494;
  -3.21092100313731, 0.8311788480106646, 10.77727516205573;
  -3.200147704251887, 0.7988609176279959, 11.00792215928609;
  -3.18862957116635, 0.7231871732487381, 11.03162362649242;
  -1.87702569368793, 1.077737256483537, 6.955897430229473;
  -3.14430298983851, 0.8029828699162116, 11.08242581387307;
  -1.790674859581073, 1.043328462811742, 6.723199153262669;
  -3.221022518056556, 0.8081756563481067, 11.55670452670852;
  -1.723475721892681, 1.043857424146721, 6.63484141533471;
  -3.174682851161074, -0.8598321313091901, 11.49962422412118;
  -1.730159761270761, 1.033638070453594, 6.787583191941987;
  -3.308983993284918, -0.3310577554762256, 12.14792749090231;
  -3.067428310298008, -2.219296943406021, 11.36768406578204;
  -3.335573092496253, -2.103650529887436, 12.54325792235334;
  -3.335106881038235, -0.3621783375456572, 12.55435773572848;
  -1.820611015327404, 0.9966016226901608, 7.285083401182194;
  -3.433606707069747, -0.9379847491521152, 13.00138010900793;
  -1.639618150373158, 1.034903818517785, 6.8430815445511;
  -1.778851206396714, 0.9931125046480143, 7.518841359385355;
  -2.084202444439589, 0.9548949887004862, 9.006972395280242;
  -1.725737006772965, 0.9989096841867508, 7.63495910870689;
  -2.046624614380455, 0.54856442109438, 9.12198951773364;
  -2.009727196381217, -0.530669866653379, 9.103845151316206;
  -1.965068887046709, -0.8471967637480482, 8.955185903947866;
  -2.010541771199755, -0.6494058744116326, 9.135528405242937;
  -3.272013585598859, -2.861988851271973, 14.31853885398318;
  -1.740289629468175, 1.002151220238807, 8.090644753264803;
  -1.971656208302351, -0.5432436803599176, 9.111797498515243;
  -1.9651155089352, -0.6178049142123522, 9.092042960123163;
  -3.193434711007945, -1.971319167408434, 14.19628863035103;
  -1.950675627926694, -0.7386742800850905, 9.046341029220535;
  -1.960193947910867, -0.6850056193305782, 9.088203121688348;
  -1.940417439293344, -0.8409968587406259, 9.013385068778648;
  -1.94348634357974, -0.7906123086531361, 9.024518923317892;
  -2.080980376122299, 0.5506843932800712, 9.634540278278024;
  -1.958704271813551, -0.9119830800738694, 9.185739838829798;
  -1.92666360707948, -0.6449656957382379, 9.067442482352385;
  -1.927054127362882, -0.8255025138480109, 9.113728251754788;
  -1.901112880755827, -0.7691429251553547, 9.194316038536092;
  -3.20334365336564, -2.785891761253204, 15.70566435883434;
  -1.694552645682793, -0.686294718762081, 8.917889265646242;
  -3.138639763296421, -0.4745443090340065, 16.13354145929023;
  -3.098373116254348, -0.720149415751257, 15.99724333844518;
  -3.191909292978461, 0.7986754520052639, 16.53985805392633;
  -3.164076586261802, -0.8405564604905822, 16.52996338359848;
  -3.167393614488129, -0.486672147786151, 16.93660201620831;
  -3.125806146619275, -0.8239048631627399, 16.9880189375926;
  -3.135356528155369, -0.7899126498840712, 17.41928548543079;
  -3.465567771880566, -1.088588167306318, 19.20016942591023;
  -3.168497181017338, -0.8404709185051055, 18.14481606627033;
  -3.162584954985213, -1.059509081956951, 18.70300164141557;
  -3.190320453811919, -1.001629547002938, 19.22650130184213;
  -3.095517327298796, -0.9030224747188674, 19.4014617592977;
  -3.042308415128539, 0.6746267093609921, 19.11250775697292;
  -3.09857082989909, 0.7499216748573222, 20.24583059647572;
  -3.153371258984122, -0.9202933609862439, 20.98132440421533;
  -3.170960102964497, -4.341926321519419, 21.31735303237111;
  -3.259419668948014, 0.5530233145850143, 21.71367139626011;
  -3.441835785513976, 0.9169683724607158, 22.94862516362678;
  -1.638149098803848, 0.9769058174316954, 11.43089599992104;
  -1.798793936869378, 0.9809195334410142, 12.53997407781925;
  -1.737413754666921, 0.9491221607585998, 12.67278456376972;
  -2.939343831494979, -4.659307994252926, 22.19096004812702;
  -3.101434288485343, 0.4178976655064264, 23.19094108603939;
  -2.317180860235188, 0.8625816520429284, 17.92831651923044;
  -3.071518375997372, 0.2469066070799526, 24.06882192140815;
  -2.156470606821859, 0.6418621781974335, 17.35473593483095;
  -3.133337008913131, -3.327080404398153, 25.02408533620222;
  -1.673560631170488, 0.9722814420840925, 13.90468774380238;
  -3.214138284326074, -3.054854394007204, 26.36049262143022;
  -2.749626371256999, -0.94682768304778, 22.84141555949623;
  -3.012086338974556, -0.1084365478276908, 24.93458822328327;
  -2.715453971199314, 0.2024279808514523, 22.63375463609881;
  -2.680780274150986, -0.7522750149713278, 22.65948683731859;
  -1.893254761000405, 0.5313833422482753, 16.34024414750796;
  -3.846847681034359, -4.666059885781971, 32.76105295047468;
  -2.748827898154892, -0.3918775686714947, 23.91480048038769;
  -3.64565573985458, -5.588858028416982, 31.51978466127724;
  -1.854103437147747, 0.3997800695766182, 16.53256876867894;
  -3.099127927483358, -3.449656139795208, 27.28121725608195;
  -4.24809955834633, -5.824458283528129, 37.19679467159364;
  -4.055023660009539, -4.861848420671318, 35.9268795968295;
  -3.126084228089232, -3.182617871430958, 28.00523155898575;
  -3.200441312182704, -2.846630559163012, 29.05211417602296;
  -1.985964154842079, 0.03892482827467095, 18.34574427760883;
  -2.810485690388727, -0.1427889580323425, 25.59517227317507;
  -2.777680290990716, -0.3811452669250517, 25.34212904496552;
  -3.0199286385971, -0.5486027625228784, 27.94096411310322;
  -3.907425571638671, -5.041380600042478, 36.16202970544685;
  -2.822907115713082, -0.5993281344910457, 26.59243484099085;
  -1.665470666450958, 0.8854345272588505, 16.1186609474191;
  -3.586150136610535, -1.096729813238911, 36.19440327446969;
  -3.395839845168824, -4.229856326284753, 34.6091250656734;
  -1.58740133258166, 0.8167332952389965, 16.8194343038783;
  -2.214050043221534, -0.1261600781721379, 22.85389432853015;
  -1.561274762663941, 0.5220091095012721, 16.59363241302717;
  -3.465737941358059, -5.112266734074411, 35.94305437371414;
  -3.099439219207903, -3.30026377838292, 32.70263342983125;
  -3.473288705752638, -3.484684939941956, 36.93247549624012;
  -3.787494995951064, -5.214754591112727, 40.64721175449878;
  -3.309139609148433, -4.065830567079193, 35.6424938959126;
  -1.438263037963204, 0.1247274902155159, 16.11116069323056;
  -1.475275414182329, 0.05181628806114353, 16.98887494798889;
  -3.310938749843256, -5.354741381032046, 38.38950268735085;
  -1.314405716774969, 0.51284070876553, 16.135856763945;
  -3.042253291891631, -5.220731259299753, 38.06553442312797;
  -1.116061883102516, 0.8082376193695183, 14.82268544015941;
  -2.753792694959685, -3.511462376166024, 35.44991481530553;
  -2.601874920088178, -3.695123455212126, 34.56727288238985;
  -3.017402721811137, -5.566278915787715, 40.11746382365438;
  -3.160468871896445, -5.464260540254209, 42.04991241652636;
  -3.026288716803572, -6.006876392764585, 40.48132214004689;
  -3.426515527211132, -4.171273101564568, 45.78147453038729;
  -4.073390982397049, -4.792623805540553, 54.46876731560676;
  -1.282048575483134, 0.3873774185383963, 18.13625699736115;
  -3.444192026759423, -4.710864047052522, 47.87422445908207;
  -3.3126199832942, -5.857077595952076, 46.17021066044298;
  -1.15857199966428, 0.08968013089621683, 16.62940287757322;
  -3.061810647676871, -3.781256626103225, 44.42068480488418;
  -3.403728651983276, -5.007400167164711, 49.77491759572817;
  -1.073319267134861, -0.4193157341379699, 16.94326994366276;
  -3.09198286139045, -5.844437032962089, 47.60726824557337;
  -1.33018554939188, -0.0327801862896038, 21.30782123350978;
