m=[-3.484086427877609, -0.5379885087289599, 5.75319182448375;
  -3.502075012998939, -0.4925185402296404, 6.098822341076867;
  -3.551850218849702, -0.5666068627796527, 6.23866235387784;
  -3.475492397767454, -0.528446782436641, 6.171438423984068;
  -3.628357620135371, -0.3129829556494276, 7.015278946673373;
  -3.624524295138941, -0.3568902998366582, 7.030799706828063;
  -3.597890550193735, -0.4076543154811141, 6.999254429654551;
  -3.609731500269658, -0.3712138376787961, 7.084017388891919;
  -3.580159216422644, -0.4170144152560882, 7.039402431076644;
  -3.597751726496079, -0.4561944116109342, 7.098668473379956;
  -3.589200058210996, -0.3705484502824577, 7.09500126714167;
  -3.306589469703371, 0.3482222615810906, 7.223814673976234;
  -3.227897564748647, -0.911370833117245, 8.161373976600849;
  -3.594615073629992, -0.5064242541036333, 9.352691462397957;
  -3.583295163606902, -0.4427448507127621, 9.327229832281146;
  -3.581841455310976, -0.3135001282436836, 9.411182221045046;
  -3.589977145895992, -0.3142122033239391, 9.432558506831256;
  -3.538552951386095, -0.5016931374032239, 9.520453282644082;
  -3.579206678824771, -0.3301617847595851, 9.690218393192406;
  -3.370278675937974, -0.5778672558902834, 9.398960959520769;
  -3.3588576520787, -0.4489443792342679, 11.92480692421637;
  -3.333163594169891, -2.326550917555623, 11.92555979282385;
  -3.44026109810103, -2.305336576883146, 12.50220707498399;
  -3.467720140093071, -0.4991880287973474, 12.65212930954592;
  -3.451881533431257, -0.441509488850892, 12.63598495751497;
  -1.769338686917737, 0.96048935792486, 6.945230260890145;
  -3.275607650014362, -2.104844916090477, 12.28193657807896;
  -1.810908889715468, 0.9554204396492088, 7.229961675981612;
  -1.784061694462866, 0.9475751058220929, 7.226295250012808;
  -3.376479798410017, -0.5272067229360923, 13.77745386308123;
  -3.230677694967805, -2.974930423105048, 13.38052984444927;
  -2.032525846049171, -0.6221466898807299, 8.79506405480957;
  -2.105251215232058, 0.6247554221892382, 9.054104459365256;
  -2.018574579514814, -0.7235238533728017, 8.914347913801992;
  -1.996977394195483, -0.9577280667684288, 8.849077480174017;
  -2.006683718276531, -0.7895327491800572, 8.883999637652401;
  -2.004875266490363, -0.9082960845709132, 8.885736361361831;
  -2.039967043072158, 0.4626529441907862, 9.03263856166628;
  -1.991693220415223, -1.021677592197139, 8.922631716580751;
  -1.991259098123776, -0.7547682249466456, 8.942411905876101;
  -3.278694778796843, -2.178280604751385, 14.19374342235783;
  -2.01935088017187, -1.036007714804157, 9.179144453074459;
  -3.191511139823862, -2.155271668979679, 15.09433415516896;
  -3.209781824545931, -3.005357515623203, 15.21994076395769;
  -3.261265625378389, -3.013998807235526, 15.62526406728414;
  -3.323745786516136, -3.06521545462259, 16.29040249454392;
  -3.263405151818795, -2.216056985496814, 16.0361914380667;
  -3.302856342523511, -1.023195131707084, 16.19346708953649;
  -3.235211602588872, -0.6474595278876927, 16.30581940388627;
  -3.14144189478768, 0.6364405331022121, 15.99352481126239;
  -3.243352921946581, -1.02595786418901, 16.62917032447163;
  -3.293630834498776, -0.6760604553886759, 17.2971131109873;
  -3.259333569487778, -1.034240436783894, 17.40035799077675;
  -2.825017840515306, 0.6174301603764911, 15.26436882693316;
  -3.207391328964643, -0.992060158971912, 17.53674351810205;
  -3.382425672844156, -1.25127635005675, 18.46668460466352;
  -3.274038582829784, 0.6540696788593013, 18.00044316641952;
  -3.284896859724412, -1.063188711552442, 18.53200752417112;
  -3.426668372960012, -1.141254409076015, 19.89304789403865;
  -3.263377494415098, -1.286091196798325, 19.04040143451963;
  -3.246580262826685, -1.155273976375587, 20.12729309016983;
  -3.211390556925889, -4.663769110448463, 21.35820454905818;
  -3.113892998430304, 0.3672602278978442, 20.74786609078554;
  -3.223010960669619, -3.628232127790466, 23.40373120500587;
  -3.304401316703557, -3.294597573333625, 25.31661381347678;
  -3.272681032268172, -3.242962570529874, 25.60165498967361;
  -3.197143685261611, 0.01701832351102598, 24.97894986992944;
  -3.030669341823275, -3.500097328677786, 24.10459817502915;
  -3.293683117554797, -3.447606397295608, 26.9580956496936;
  -2.945262847817897, -1.263909220987926, 24.3560581097875;
  -3.103793162549353, -0.3599686337551596, 25.65662334672314;
  -5.357189588085532, -8.639321105343058, 44.13518347648057;
  -3.285688840197466, -0.007423745479931391, 27.27653152942689;
  -4.100851632526481, -5.39765381069743, 34.97947673110697;
  -3.029934711859301, -0.6931737872382853, 26.30107660972186;
  -2.902363824569748, -3.533329916561824, 25.5113557217399;
  -4.714912116414201, -7.060875631325785, 41.78303824530924;
  -3.920005970557011, -5.140663864032476, 34.97819155671788;
  -3.237124056065934, -0.7408103820120581, 29.49280337823431;
  -3.243909055657912, -0.4693206412192258, 29.54202841121497;
  -3.576944126669133, -0.9796581753480312, 33.08166323319991;
  -3.009413154307015, -0.9194377089242839, 28.41042300191525;
  -4.231519179988787, -5.806953510399769, 43.41537100964833;
  -2.570010755786333, -0.4422462575280928, 26.86295651259118;
  -3.597574684163944, -6.166495188927173, 38.19442278141138;
  -3.796503062107407, -4.294779738494103, 40.7268892227332;
  -4.279113397786347, -6.46536307732546, 46.35005811641616;
  -3.100930784359491, -4.227168358156117, 33.77162025171069;
  -3.333324413008236, -3.652052656943191, 36.9274556498166;
  -1.532016527247388, -0.114124267216925, 17.57015450354793;
  -3.173586114682102, -3.628334312368101, 36.04712709728957;
  -3.32938597441672, -5.906769062382766, 39.09179962552631;
  -3.226162842484164, -3.675718814928182, 40.3493449895305;
  -2.750052358947118, -3.958140059051289, 35.96188282125502;
  -3.011773067236402, -6.113070401290772, 40.6701228404451;
  -3.132166854029409, -5.981453801507871, 42.36972595300806;
  -2.575863938573847, -4.102564027218063, 34.77567641001862;
  -3.074662735316678, -6.68109539128909, 41.74946685327554;
  -3.410865855108074, -4.018639431825276, 46.59897920012871;
  -4.372916327056168, -5.87674566038367, 59.49667464884428;
  -2.95508618289915, -4.568337667483402, 41.88955244346508;
  -2.690664542544511, -3.819673318296884, 40.01234758576285;
  -4.145629832057295, -7.962418339635142, 61.81110594211467;
  -3.162097514937241, -5.261359862751988, 47.19939584950932;
  -2.848271337885969, -5.001116712719623, 42.50436903589534;
  -1.460556142075202, -0.8199059453459351, 23.23655663722777;
  -1.147942711671717, -0.1101890088755483, 19.29787347650927;
  -2.515732949805364, -3.65084240675739, 42.74210753750513;
  -3.105007011689403, -3.971975955835146, 54.1854992003794;
  -3.724245872124727, -6.662452632343648, 64.96931497639827;
  -2.25324379721116, -3.232331016530294, 40.47918444115125;
  -2.598603952826897, -0.1313904277470663, 50.95009967314008;
  -2.491967308274779, -4.392692816563099, 52.39321429367284;
  -2.927970364725548, -6.396887963219919, 63.47355469778208;
  -3.447108090804874, -7.358052423864871, 79.072788454487;
  -1.295793737013937, -0.01763752680242526, 30.21969042906758;
  -2.627602795816093, -4.774066104445805, 64.84011579996556;
  -3.148129588745072, -6.675921485502341, 80.61136525108275;
  -4.319042651356784, -8.530222364261093, 119.7653794470971;
  5.439145488004648, 1.415076775799136, -172.2398557313656;
  -1.472743990820631, -0.6956449645211615, 49.57724695519978;
  -1.864640118412184, -3.276144524695075, 64.60860726984492;
  -1.926210492244052, -1.329490072767961, 67.27836900223278;
  -2.565943356802225, -4.208411427705076, 101.8358348215528;
  -0.9486163947084811, -0.6439796653998124, 40.22739089695091;
  -5.822679478111997, -13.207216328708, 304.9618343094364;
  -1.468204089699879, -0.1170019329566012, 79.88857456727085;
  -1.778697063467887, -2.855494533794736, 105.0334478954577;
  -1.580819511757413, -7.610136572266845, 118.1787835472223;
  -0.5296276516075744, -3.137686191694305, 74.06132607375022;
