m=[-6.281197246078359, -0.07478626510211042, 10.3194671819873;
  -6.792852703741666, -1.030093923253364, 11.10647817117095;
  -7.073922719643476, -1.01644647108276, 11.58733218481301;
  -6.869823069109127, -1.095579976304388, 11.29486745015526;
  -6.664425447597157, -1.187895203835832, 11.06286834188427;
  -6.869979710148763, -1.005946595097288, 11.53765804902341;
  -6.9623770404819, -1.066626038028014, 11.73401371776489;
  -6.851554798418706, -0.963576666717616, 11.93190189262262;
  -7.998149400313475, 0.2455212631513411, 13.86289182244404;
  -6.9031480971689, -1.101220728814103, 12.12506370018004;
  -6.958900864998078, -1.240106132778543, 12.21813353668338;
  -7.854414720353949, 0.379576295388246, 13.76699615685386;
  -6.810353862403508, -1.035510705807876, 12.09315823402861;
  -7.87933120576681, 0.3201180107218817, 13.83308364938542;
  -7.742244086710433, 0.3258474933980977, 13.71926930352419;
  -6.669340607462722, -0.9975281454091916, 12.11724435180915;
  -7.679013825241682, 0.3754735479032212, 13.8443629015966;
  -6.706448023717735, -1.057452588863116, 12.27675536604663;
  -7.389198494104628, -0.140277729158512, 13.59302641619151;
  -7.473038924022562, 0.05457561596181929, 13.77827618428798;
  -6.276154786141198, -1.536134018782413, 11.77804671246671;
  -7.45788926469263, -0.004134219420419099, 13.78491019434811;
  -6.162303110086113, -1.645745976572089, 11.83561787291121;
  -7.209441916076928, -0.5431035167986417, 13.79647866237338;
  -7.080042581374208, -0.6107260874576161, 13.68896863612148;
  -7.067819302450063, -0.6959357820902756, 13.71005346721638;
  -7.013498329428785, -0.794655318366279, 13.6439001033497;
  -7.024467588655223, -0.7223749387011832, 13.78536064026478;
  -6.972262066372333, -0.8121241578539966, 13.70904352940119;
  -6.905770488727052, -0.9326082801840527, 13.61736490344731;
  -7.012322157466402, -0.8891614607790775, 13.83590475623797;
  -7.013957170673733, -0.7241198366736174, 13.86493764808752;
  -6.922547948151344, 1.651844025342705, 13.69696522425954;
  -6.783160902794522, -0.9563908109625503, 13.56194729478337;
  -6.381381524907108, -2.017589797967106, 13.75959419172839;
  -6.466924119992998, 0.5574198693417438, 14.12064035033349;
  -6.368490612851034, 0.9359864175240632, 13.91817729855824;
  -6.557455276634292, 0.6905761745050539, 14.32589140119144;
  -6.412025062416356, -0.6161750261181963, 14.21965641640047;
  -6.154096676630358, 0.8627937718910854, 13.88711107605629;
  -6.203319991317743, 0.8696947959691413, 13.99818662044791;
  -3.479489295036632, 1.992454221080636, 8.671101430154671;
  -3.419607796771076, 1.998982208415791, 8.708305256870045;
  -3.456650191342845, 2.010171100641867, 9.010956914165632;
  -6.2355150426171, -1.676202109607095, 15.56249376469121;
  -6.313723739046784, -0.2257953723067829, 15.82092173653519;
  -6.836498683639625, -0.7143373885658173, 17.07441655145927;
  -6.289859025229057, -1.775890946049709, 15.90319727788194;
  -3.470406623343022, 2.020274649624509, 9.178669219972054;
  -3.733759575774458, 2.037791612881985, 9.920931519029786;
  -6.690208601090594, -0.422642835640056, 17.22817775829042;
  -6.464201024610076, -0.8269753596609971, 16.73659358060328;
  -6.986919733937739, -0.9843461795669284, 18.17899919895169;
  -6.943982861768489, -0.7894937939662701, 18.24123297636075;
  -6.973530644906111, -0.6103572083704962, 18.32274500199933;
  -3.452505749084515, 1.981990541389482, 9.573480985792333;
  -3.411136826788206, 1.996023091260881, 9.494768997273441;
  -3.457774741819506, 1.961713717700596, 9.635281808361473;
  -3.515517070848956, 1.96702888916548, 9.860324919172488;
  -6.821229997733749, -0.9671083986948749, 18.35247413724762;
  -3.470300114009766, 2.006642242149261, 9.836515755987895;
  -6.803208226602766, -1.345583460790155, 18.55517988465161;
  -6.777049249097771, -1.944147757317201, 18.67906434010123;
  -6.700975383389143, -1.14894779598893, 18.68753657341284;
  -3.274607421869568, 2.005986947165481, 9.60292757729696;
  -3.4969897949653, 1.951601980830028, 10.24943736624999;
  -3.429344356754924, 1.939893950775978, 10.3445561157593;
  -3.626382201181214, 1.911419368098314, 10.94873883610744;
  -3.555008585227657, 1.97567406196855, 10.87442497218173;
  -3.438472872713999, 2.004586246348599, 10.63266374625125;
  -6.356431762927233, 1.54307825091783, 18.95883723291713;
  -3.472919880242953, 1.955465298789747, 10.9160555580807;
  -6.409119911633233, 1.542502561791462, 19.57774655623636;
  -3.532846378191671, 1.966797722177274, 11.24210027143951;
  -3.44222169500179, 1.972784294687173, 11.11429535386993;
  -3.307505504281675, 2.010840292347584, 11.05492494329057;
  -3.414525215935922, 2.01750689605468, 11.45550149374782;
  -6.266556091591991, 1.245083176374837, 20.42247643093167;
  -3.926396360492536, 1.905828990689334, 13.21047028930595;
  -6.322928787930665, 1.396160219372004, 20.95732268231294;
  -3.872704584317187, 2.040830737638451, 13.21299537773311;
  -6.355066987715459, 1.25509443024895, 21.17866313879834;
  -3.858570412527, 2.114412042137576, 13.37815584751554;
  -3.745171988674181, 1.888117534163946, 13.02036701501707;
  -3.33372666967468, 2.022000511223381, 11.73783308679493;
  -6.290608226077718, 1.417074583341592, 21.35977026568559;
  -3.565266403392672, 1.983102292909515, 12.52136406535644;
  -3.413249416676575, 2.001713043113912, 12.03639448636789;
  -6.363297764186835, 1.555434947011415, 21.76344998816091;
  -6.301028416812156, 1.369132456378868, 21.83839798940505;
  -3.379423885790831, 1.958718149857075, 12.17807434939631;
  -6.783399222526517, -0.7091929265199465, 23.57603264247375;
  -6.101860931240132, -1.864999119633739, 21.34130013133652;
  -3.577300213648464, 1.910432869002075, 13.0973365572884;
  -6.566324794086147, -0.8776539269853273, 23.31213867390694;
  -6.221190014773998, -4.777532825217617, 22.23078351808311;
  -6.452742900965258, -4.50401982766468, 23.0869470156761;
  -6.414500112610996, 1.53369768731563, 23.12680026926346;
  -6.760202256583884, -4.530046146158277, 24.56716105857142;
  -6.516311779271049, -0.9380413357220764, 23.7750498661757;
  -3.560948760599257, 1.843907144920731, 13.42891919652833;
  -6.332786513802761, -4.069331532488523, 23.74487137514721;
  -6.572753592055662, -0.3484619716961259, 24.63522779646634;
  -5.464533631111142, 1.598732211592019, 20.71573423954126;
  -6.366257429414123, 1.490773292726627, 23.99884060539713;
  -3.282212659483833, 1.974811837163519, 12.83394339567186;
  -3.581652580013639, 1.944307900077676, 14.05915219433764;
  -6.385772180773333, 1.652809621178106, 24.54575800856597;
  -3.513802494443094, 1.853852915045763, 14.02867781812246;
  -3.468424334812914, 1.842196694372599, 14.04876208792402;
  -4.505624422265984, -1.086529646026673, 18.0830198896386;
  -3.402854451620911, 1.862564202406994, 14.24606654390421;
  -6.504899696888011, -1.015681140411154, 26.54271928416339;
  -6.389117709057, -4.750878941995123, 26.3557102686645;
  -6.428068417701894, -1.115612139567423, 26.54114523892417;
  -5.116248151940283, -0.5520319135519486, 21.47708021647108;
  -4.288236849331805, -1.506607585750021, 18.22279214594283;
  -6.52933424733564, -4.864761544411879, 27.46814060266492;
  -3.916010826666034, -1.198672665384858, 16.94520447393235;
  -3.958119051703319, -1.446375138172359, 17.16943475452919;
  -6.602620550754673, -6.096577530019357, 28.09806667807864;
  -3.421820833927592, 1.853425318161535, 15.1168822883592;
  -3.891200938663132, -1.394735040241178, 17.18416516376302;
  -6.289850514613634, -4.178815140516424, 27.22928799190402;
  -3.838716838076269, -1.510348955785206, 16.99478532063326;
  -3.845229899910895, -1.844129337180331, 17.0391199280959;
  -3.836321050712514, -1.738021036899204, 17.00282208271627;
  -4.341156080766123, 0.9845495537680301, 19.22192515340216;
  -3.873532379314385, -1.987003417007428, 17.35312572669582;
  -3.820050287185463, -1.44795450134168, 17.15520757763754;
  -3.803324499363286, -1.578377206108457, 17.10118592017946;
  -3.74989205485248, -2.014047994628108, 16.89169387608876;
