m=[-6.614090892471118, 0.08609424198914906, 9.137995078279829;
  -6.791216596310822, 0.2909559678556002, 9.379609652175505;
  -6.58637972705427, 0.06880173948161274, 9.16368686202601;
  -6.706158816594668, 0.3109223798995957, 9.325794398408144;
  -6.608629469552283, 0.143869314175633, 9.239436702346593;
  -6.663326061653338, 0.3965709291878347, 9.3140561716357;
  -6.665769707537129, 0.4661167673070868, 9.330576033797057;
  -6.631742688226369, 0.5081456173479781, 9.296767095717677;
  -6.718009735551861, 0.7299246592164639, 9.457216776481365;
  -6.684042737494255, 0.7666174512533714, 9.420061978300236;
  -6.651785435702579, 0.5755720450300984, 9.40993851127743;
  -6.536155045878591, 0.07704338902363843, 9.272752363891955;
  -6.497362176233943, 0.01943169144137035, 9.240949336251708;
  -6.675726678778663, 1.697276980495685, 9.460584164983731;
  -6.567216647790367, 0.1481371817587248, 9.35040846481626;
  -6.555745845933255, 0.01186434993260684, 9.37222530481997;
  -6.539259542862131, 0.1193440092066559, 9.363815555003463;
  -6.755931186711341, 0.3920834248419344, 9.694834021886635;
  -6.729501092401103, 0.4642793133700519, 9.693144440853342;
  -6.72436177964642, 1.67322972041405, 9.700783121009462;
  -6.458954818552263, 0.0607228665789187, 9.411257833285781;
  -6.64313042095366, 0.3333345883584585, 9.662779982929068;
  -6.563864686260968, 0.2517290832669716, 9.685854631988502;
  -6.74925854386407, -0.2023642365261037, 9.942599630228964;
  -6.62819650538453, 0.2883581146496587, 9.813582249241559;
  -7.19537609469683, -1.148608663463831, 10.73593920183936;
  -7.305092466873977, -0.9316018720885132, 10.93798473760541;
  -7.404808012229432, -1.417486637998648, 11.11732454481504;
  -7.332252270644329, -1.190755478751504, 11.04012733884292;
  -6.890222799693758, 1.680605849122553, 10.42225808711402;
  -7.244743466538765, -1.363032072320327, 10.97048896158343;
  -7.419525763228919, -1.151560915017409, 11.41465844973169;
  -7.306861522849835, -1.187300354356567, 11.29860605791055;
  -7.099633965978232, -1.753660267033705, 11.02285450585618;
  -7.257391436649318, -1.928890024558551, 11.28274501818545;
  -7.055357873778344, -1.301642685289882, 11.09238186075793;
  -7.204713186274431, -1.119041525150463, 11.44100811511606;
  -8.828779479596731, 0.7411233288097152, 13.80686558655964;
  -7.602667141153325, -1.408839698643618, 12.07368366268612;
  -8.340358295323169, -0.1544116693293454, 13.16083440111297;
  -8.478652366042716, -0.07669405542578947, 13.3708688239146;
  -7.215113558567094, -1.083465017451717, 11.5482737842177;
  -8.806247391978474, 0.7226771430437773, 13.8723663071478;
  -8.548416443127103, 0.08873891703816868, 13.56351754956319;
  -8.469591277962822, 0.3063344308358159, 13.46768831231985;
  -7.323570719928867, -1.104111820877882, 11.82902112195284;
  -7.365296495061858, -1.25295727933462, 11.90675968620902;
  -8.53936889549386, 0.09793054619687977, 13.67868285923084;
  -8.371297311713379, 0.3066086876599534, 13.47464047170048;
  -7.149337723920807, -1.160105823282182, 11.68196943124381;
  -8.518305102575745, 0.1759728421539389, 13.76072884226826;
  -8.409378822300925, 0.2402216367718582, 13.61712380284937;
  -8.274195752300736, -0.3150444997046105, 13.43400057500273;
  -7.106323833341413, -1.199748843131892, 11.70528168172905;
  -7.223352179502709, -1.14038693913573, 11.92854729147856;
  -8.360607444647934, 0.2511197121709257, 13.67884110635576;
  -6.952859321802602, 1.655028985127427, 11.57806597655089;
  -6.779004370778805, 1.57640996991352, 11.4157467838086;
  -6.862120400823287, 0.7374184523903781, 11.6004306073491;
  -6.832732093573488, 1.733228209346576, 11.56002109478264;
  -6.991444713071551, -1.08465049447014, 11.84420323860251;
  -8.028780578727027, 0.306074867793769, 13.49211046035694;
  -6.936144536281693, 0.776520883099346, 11.81205619415302;
  -7.028913729340546, -1.282021825404883, 11.98783448645671;
  -7.020881850921308, 0.7029486407286297, 11.95989872762602;
  -8.003976764437267, 0.2648192210670767, 13.56226246317965;
  -6.929086302440076, 0.7630157846390897, 11.89215626348096;
  -7.970371829969794, -0.02532969923713029, 13.6894131423204;
  -7.932099822122159, -0.08811987961054228, 13.65766466235428;
  -7.875233447451598, -0.188067979036365, 13.63623331781023;
  -7.733014774671176, -0.5736644233342565, 13.53158393123231;
  -7.818731605223719, -0.09684384325352924, 13.75196001867944;
  -6.97732557920078, -1.217660493006357, 12.46163170785671;
  -7.632353352006192, -0.661362558449809, 13.60010419184018;
  -7.491445712843373, -0.8568239719991168, 13.4153168548465;
  -7.510173342832454, -0.7376642468965357, 13.51208218630087;
  -7.511052945108431, -0.8271844351576095, 13.5582106493559;
  -7.4546102663429, -0.9335430202935366, 13.48879147221087;
  -7.492218727970407, -0.8537667077246187, 13.68796113488236;
  -7.430387319606506, -0.9500044577072225, 13.59372422468936;
  -7.460962787099863, -1.034260699366909, 13.70641852109595;
  -6.799985070469577, -1.843725274508026, 12.61078517392361;
  -7.410165405577157, -0.8452757033614009, 13.64288038804192;
  -7.437521265362424, -0.9303848391104136, 13.72708127558102;
  -7.248932457065572, -1.112875928169055, 13.47289694005281;
  -7.030511937872429, 1.734248388204422, 13.39256822180123;
  -6.923396720727018, 1.703851269548405, 13.39343135923622;
  -6.829487218753845, 0.8678881208103889, 13.609974891557;
  -6.852349710962087, 0.6990882791704585, 13.85411619025881;
  -6.859906467267213, 0.7980415447450476, 13.8978816013049;
  -6.781475625612009, 0.9086768833012185, 13.83562115815897;
  -6.865125695670452, 0.500182477290079, 14.00356843782241;
  -6.721308182827694, 0.6352072092234452, 13.74051202174904;
  -6.737184181258405, -0.5827348506004321, 13.97783319607868;
  -6.674001524624919, 1.165162062690085, 13.85856453212363;
  -6.638945409079415, 1.658752445620343, 13.82633109677883;
  -6.621754478367264, 0.8421415092385712, 13.94860426374101;
  -6.495719884569684, 1.715933269684642, 13.69512294547229;
  -6.835030457532421, -2.019781790330683, 16.01190216013406;
  -7.241427692028124, -0.8789333960035956, 17.10469407663056;
  -6.728513394398092, -2.015715712483034, 15.99886078470561;
  -7.287764281895178, -1.052775430850305, 17.82234398330153;
  -7.533260715428635, -1.191387789372237, 18.60509019823156;
  -7.499539823178691, -0.7829346251229636, 18.72023253698133;
  -7.504141917920121, -1.201728200140607, 19.1782552636731;
  -7.072979786160112, -1.531654008791713, 18.33031561680427;
  -3.762342603009766, 2.007319516437108, 10.33601749284298;
  -7.319032492142891, -1.356224504836344, 19.34653708329873;
  -7.284167470637452, -1.393144097555127, 19.31665653819664;
  -7.071341429249674, -0.4264976133324822, 18.96887680843796;
  -3.708890806279235, 2.009942015917984, 10.4010030139565;
  -3.656980816258231, 2.009948915288882, 10.54765225503023;
  -3.676267539038308, 1.991930946976353, 10.76112618888425;
  -3.649562728473168, 2.077576952385131, 10.81296218998266;
  -3.637136344889346, 2.029523507024694, 10.791163850303;
  -7.011617720141136, 1.553396571054174, 20.47811522567612;
  -3.548913133435918, 2.043008864643187, 10.97916533705787;
  -6.882310495575845, 1.593748425484595, 20.46065682899919;
  -3.719512671860657, 2.001627033469914, 11.56995650576475;
  -7.078747743922396, 1.48280250860969, 21.91739960071556;
  -7.126679891296149, 1.257740237849965, 22.24975965711288;
  -3.567789892475444, 2.032023609289767, 11.65517047910014;
  -4.029479121985517, 2.132166991458822, 13.04824722851006;
  -3.767165974199904, 2.028472179350535, 12.29482800573367;
  -6.879457063297644, 1.375204755248868, 21.88706465996125;
  -6.840461523109794, 1.198548323268819, 21.88395800966694;
  -3.583484215140709, 2.015500461222501, 11.97813801514665;
  -6.976905336540321, 1.417075407632651, 22.75986716354694;
  -6.612256726302547, -0.9939907076825544, 21.71277015495741;
  -6.911697221192413, 1.536139372154189, 22.73533526131666;
  -3.633359925480117, 2.003573247792636, 12.41969587162258;
