m=[-7.225087709703066, -1.190423321361092, 9.706269529655295;
  -7.32007513435818, -0.8791860879319947, 9.928560855579425;
  -7.169290900248099, -1.317140624404078, 9.761289068243585;
  -7.297534457048897, -0.9975394566419165, 10.00597855934984;
  -7.347398394190194, -1.189061545328305, 10.07803434163087;
  -7.268761211651451, -1.069139253137778, 9.994962402794148;
  -7.225583478831386, -0.9207731260341263, 10.00723112370506;
  -7.171847109511745, -1.346975524584916, 10.05758536430429;
  -7.215510896410201, -1.401530675286483, 10.12329010703635;
  -7.105378741619398, -1.701326240854483, 9.991705945411749;
  -7.143231872523419, -1.836898496216154, 10.07780806718926;
  -7.159260577993393, -1.239608904920577, 10.10447131262543;
  -7.120706659380457, -1.984467066355956, 10.11862579534595;
  -7.173130512391771, -1.917123866737813, 10.19451150072433;
  -7.180765837543811, -1.267750292345288, 10.23511195739714;
  -8.873866267622937, 0.678636723660821, 12.52725441788313;
  -9.250313872352685, 0.9487785179664162, 13.03129656060263;
  -9.012853883646322, 0.8409770461273272, 12.78977736872083;
  -7.272071140517334, -1.078346559156396, 10.5051359323106;
  -8.780852850832543, 0.77601753397621, 12.51951838507197;
  -9.078831429080275, 1.006851380730776, 12.95358867659992;
  -7.177928331757397, -1.025003106554776, 10.46041144081313;
  -8.694148825553237, 0.4221809157648139, 12.48531446843291;
  -7.385089983192565, -1.249678533694179, 10.7914751955038;
  -8.701276281837679, 0.78137867100124, 12.60999123668435;
  -7.277559174723504, -1.09177960601199, 10.7034636832983;
  -8.643693065879578, 0.3729772009602653, 12.54411674769971;
  -7.269194543111514, -1.044604106942306, 10.71498449768807;
  -7.289728288402134, -1.318712450516964, 10.75378782658335;
  -8.592879865252126, 0.2985067278187252, 12.51304424557296;
  -8.600628992774832, -0.02086376924450979, 12.52691613940262;
  -7.340417651794338, -1.202095706853006, 10.83594528527085;
  -8.661170799908026, 0.07152520839705064, 12.63426022565232;
  -8.560198776854655, 0.8694475536026567, 12.50563249962507;
  -8.57289251592389, 0.2108242946504695, 12.54606801517199;
  -7.187241764633092, -1.014906284706733, 10.69312877754179;
  -8.556893914557129, 0.1448034273741004, 12.55618721239495;
  -8.660281364708096, -0.07561387169445752, 12.71656746419921;
  -8.645117917894474, 0.3759706582521559, 12.70891180592231;
  -7.022543710837558, 1.4907235154948, 10.51608122516058;
  -6.975175389121081, 1.662511298841575, 10.46083699390533;
  -8.456414975369635, -0.1589122411878018, 12.46473419938229;
  -8.449778860609898, 0.2162073698737013, 12.50071692529898;
  -7.146465801516258, -1.15516487359008, 10.72989303432795;
  -8.540125215711745, 0.1506951552276324, 12.65996455223741;
  -8.23011038023591, 0.3611337766229577, 12.24745386084263;
  -7.729289153184854, 0.6382323794110125, 11.59068066687038;
  -7.186188277304205, -1.081716472261172, 10.83694456634084;
  -8.45398106032464, 0.3440079451755452, 12.59163352991556;
  -8.505743519198207, 0.2296563205394502, 12.72282734191064;
  -7.154546282000077, -1.379907840213709, 10.85373055943275;
  -8.270722423698214, -0.2594766471320477, 12.40354610695887;
  -7.102907036935238, -1.163357387075627, 10.83703943642905;
  -7.108892505002816, -1.084197917940504, 10.846738893286;
  -8.575325579448865, 0.4876856488421215, 12.94825576869394;
  -8.294884552772155, 0.2217517157543148, 12.56130217754548;
  -6.940261661352819, 0.8015385237911334, 10.7094644661711;
  -8.187173737556655, 0.3894840243749209, 12.52480298370498;
  -6.937149596337374, 0.8371396758888603, 10.80378030520705;
  -6.935962462781605, 0.7454419126146175, 10.81455926515938;
  -8.061641160658665, 0.1061468833224917, 12.4156602260534;
  -6.91102096410383, 0.8120793866019899, 10.85158572447045;
  -8.137306733342076, 0.3680684524364571, 12.64270664139183;
  -7.994380855295393, 0.1916824993711099, 12.43783970037712;
  -7.939740267586199, 0.04573342860758033, 12.38849539713901;
  -8.007986630478031, -0.02738900780123446, 12.49730863838084;
  -7.982173989431616, 0.3218703878172318, 12.50943065415262;
  -7.897431877904718, -0.1199212185716127, 12.41878268067606;
  -7.914116583860792, -0.0241929004773365, 12.45792318508408;
  -7.941285021597462, 0.03579091661554287, 12.50570356409674;
  -7.8671205142578, 0.02787304948159625, 12.50226870856131;
  -7.788575138110615, -0.2390331538789083, 12.39158782292648;
  -7.790642527347448, -0.03360553414630096, 12.40840639296661;
  -7.823674842058594, -0.3354063122529416, 12.51567048765891;
  -7.814114941019597, -0.1238056972233193, 12.51296060926047;
  -7.685506069401111, 0.1899243514002786, 12.3365861915311;
  -7.745869377050378, -0.3180517362937123, 12.48346751800013;
  -7.677972003348411, -0.5161358498527056, 12.4117313805247;
  -7.70676061905396, -0.08056122911217561, 12.49914662310649;
  -7.655932049093779, -0.4461821382565452, 12.42932455158652;
  -7.557816472918376, -0.6313202730465886, 12.33098804917273;
  -7.808289227743862, -0.03984777846528683, 12.71034164224932;
  -7.595477571074098, -0.6089545798083048, 12.50728725381807;
  -7.281865774429887, 0.9418558651551293, 12.05115408659175;
  -7.489472943084475, -0.8032264095541261, 12.37658256582978;
  -7.517509444011886, -0.6904542943845681, 12.49109818325399;
  -7.409620670570098, -0.7991592044534461, 12.51374306816926;
  -7.376494686593976, -0.892794480364739, 12.4655634892078;
  -6.721553601289384, -1.897073278866044, 11.45537693205085;
  -7.329679708215473, -0.8601627697541348, 12.50461975901217;
  -7.24161450472665, -1.067037464677785, 12.42203576393406;
  -7.134159086649929, -0.8408662355903459, 12.29297248832659;
  -7.086588832683556, 0.06572366760802127, 12.35590893221583;
  -6.895296286640688, 1.745366845349787, 12.34326759017849;
  -6.797080359465317, 0.6777622829064399, 12.30684043453813;
  -6.85503298728217, 1.807577483169526, 12.41673332374442;
  -6.807856250000364, 0.9102002389862777, 12.55659526393207;
  -6.853173509278951, 0.8253067494735534, 12.69681802487756;
  -6.784187375770469, 0.6977943351259169, 12.60836515242094;
  -6.762309993279976, 0.7376923888851453, 12.66985068997978;
  -6.745557722307241, 0.8316706850787419, 12.6689668656871;
  -6.664651145157555, 0.933292480461651, 12.60066118519588;
  -6.794871752019219, 0.5366080154742259, 12.85071797648322;
  -6.724660378518284, -2.240586582225975, 12.73219965044228;
  -6.83436664912504, 0.6898883519938674, 12.93680652585698;
  -6.686210186504223, -0.5740226203830536, 12.80730369247117;
  -6.619051856260901, 1.199769606196974, 12.74360185868838;
  -6.592497112571776, 1.69414998084907, 12.73651046058462;
  -6.696515750571013, 1.820344208152197, 13.09016002401329;
  -6.538871097628508, 1.811413962393436, 13.30305199801074;
  -6.747599786458922, -1.978559988235237, 14.97730418667431;
  -6.666184280492951, -1.412679429561613, 14.91472049617232;
  -7.0936183971402, -0.9899447722236004, 16.32604336288038;
  -7.387101140032494, -1.133911731121355, 17.21287442397501;
  -7.315667502758459, -0.7212086500857476, 17.24420349826139;
  -7.148179877890708, -1.104099125101809, 17.26129081131201;
  -7.058712897707122, -2.121230822938475, 17.41083634336244;
  -3.619364525777708, 2.029661008761667, 9.465612813759838;
  -6.930121381407601, -1.1012620128294, 17.25682808191009;
  -7.111160344593815, -2.046808258327109, 17.68539806768268;
  -7.170106520551794, -1.323909668703627, 17.96504256867628;
  -3.586766855900685, 2.039336752253109, 9.498879582087753;
  -3.742545749690315, 2.004648397514052, 9.979254083495672;
  -6.650494263711559, -1.559831359044348, 17.02525612143145;
  -3.61160995410801, 2.056990602538024, 9.74176353926566;
  -3.610770993407327, 2.017688750252345, 9.802493439066206;
  -3.648374835196042, 2.000712278984535, 10.06978595151162;
  -3.551032426633004, 2.055850004834167, 9.972514684778785;
  -3.643293113435808, 1.999650428006298, 10.37096492327607;
  -3.52937822858412, 2.06383028966676, 10.14987281548605;
  -3.783975485818814, 2.004187754218222, 10.90331110055007;
