m=[-4.37857284757319, 0.1840628927400999, 6.268630213618927;
  -4.399793597416758, 0.1049578700148304, 6.297540107618737;
  -4.35447656084344, 0.3693276810107991, 6.2488672355711;
  -4.365445432392704, -0.02564177270662383, 6.281861355944976;
  -4.379383056863873, 0.1390431537587679, 6.303781512133998;
  -4.382723522068758, 0.07249840841601668, 6.329783239718009;
  -4.356685261450778, -0.05116855697437427, 6.340561952025675;
  -4.35472345355212, 0.15127806615008, 6.34139521394707;
  -4.3619039177493, -0.01058129084315766, 6.353163778100406;
  -4.371951750146412, 0.03610421353593361, 6.377472212640398;
  -4.334494847972242, 0.1065937566920913, 6.343351100350493;
  -4.319794244406984, 0.07310141020644151, 6.338765654150049;
  -4.301314985874114, 0.1870614423016241, 6.323225816482535;
  -4.28993480302347, -0.0806160951282091, 6.323353005749301;
  -4.285194816226361, 0.1096467393876681, 6.339575064753566;
  -4.307183976290918, 0.07600260435373911, 6.385011353169428;
  -4.258776352389064, 0.1732973958060069, 6.343159599306505;
  -4.204252207273693, 0.1480412427467678, 6.298741391068202;
  -4.280672646309252, 0.1155787882818649, 6.402998028720973;
  -4.198287639783595, -0.1317125088548025, 6.296143389013275;
  -4.189745913897191, 0.1120067843103171, 6.344713315390331;
  -3.505193478826245, 0.4118776928895663, 5.50380438923616;
  -4.152378558445077, 0.1975388777023776, 6.352341482594021;
  -4.097551163874035, 0.05395207708105686, 6.310601277789086;
  -4.063959832146571, 0.09744218996692609, 6.322801209493142;
  -4.064014698854525, -0.0138997897258744, 6.342324025517198;
  -4.061558494211283, 0.1637768619683077, 6.365156209121725;
  -4.006036741366582, -0.06083101634740421, 6.299528817845856;
  -4.011848306655294, -0.01226393947885639, 6.315208716591787;
  -4.018250213250278, 0.01811002349515192, 6.327823000510821;
  -3.591689478939451, 0.03331066766232189, 6.26233427144781;
  -3.391338229213201, -0.9944226597966487, 7.527581046041748;
  -3.571783285898773, -0.4100719966303827, 7.919742171016547;
  -3.693389375078147, -0.3641095449508567, 8.705912065870834;
  -3.62391112637521, -0.559744882253613, 8.750952675406106;
  -3.570142588243589, -1.072872152503555, 8.806020194782064;
  -3.53615510637787, -0.5619285833252872, 8.805447608096129;
  -3.528198324883512, -0.6643532618852309, 8.864775141010064;
  -1.846149794157896, 1.003750851234899, 5.848972285885708;
  -3.45255015307395, 0.7426027973370749, 10.20092104100709;
  -3.4039110464375, 0.6172660542873797, 10.14407132725454;
  -3.347530482378566, 0.688954472000499, 10.16185440312701;
  -3.367002274161986, 0.6113034142971724, 10.2764427400782;
  -3.355046628005178, 0.7644146225097056, 10.55073537874295;
  -3.389813209740655, -1.093481899224804, 10.64038001212671;
  -3.364295057803321, 0.6640792139844548, 10.71893965158583;
  -3.350925167353574, -1.096253247445234, 10.70632400186731;
  -2.894586185402615, 0.8607818351087602, 9.42047832774835;
  -3.35951634964615, 0.7722279751974667, 10.93901040718453;
  -3.429112194801324, -2.465686949854115, 11.21557726454746;
  -3.390315962077374, -2.55398198214219, 11.1285126843486;
  -3.517301744783061, -2.447511941703242, 11.75865212428291;
  -3.583147774779291, -0.7831661661727458, 12.02240028633057;
  -3.55645212001509, -2.735299240179456, 12.11397324165594;
  -3.377262175588955, -2.255232573239982, 11.62812959052833;
  -3.539223495524844, -0.6843063326468641, 12.21481618221527;
  -2.04350652921173, -1.027390539343656, 7.88238798052403;
  -2.136308154029412, -0.7106242757160521, 8.217254421842341;
  -2.161743359204961, -0.586576622002955, 8.444054224809747;
  -2.068674111247661, -0.7064983081703354, 8.124498851227761;
  -2.050156807177916, -1.154961710609534, 8.055526703578185;
  -2.053095407757513, -1.039336623393639, 8.07757339878321;
  -2.065175048387992, -0.8684675670798393, 8.130458767354352;
  -2.057734269527715, -0.9901901351019112, 8.107726213337617;
  -2.063201935103041, -0.6683146965801766, 8.179220198939618;
  -2.039122606612195, -0.9561276720123175, 8.144316551883916;
  -2.039751137252524, -1.107067800563126, 8.127244929324903;
  -2.029117147404008, -0.82696141079077, 8.113990522402517;
  -2.033127627898167, -1.062382537486824, 8.133399280366652;
  -3.402044057697356, -2.471163807850165, 12.94392944868561;
  -3.35297004480334, -2.310756086743337, 12.80029229250364;
  -2.067068711846214, -1.205669399369652, 8.385647340050868;
  -2.043261756232518, -1.097568951106103, 8.478296261257903;
  -3.445643828788191, -2.397295138090545, 13.87388134592967;
  -3.423244683800013, 0.628368761648535, 14.79759526588118;
  -3.318164465430166, 0.5915557510158791, 14.71545013246084;
  -3.323112961172431, 0.5513584290377432, 14.88684758959831;
  -3.578372554674205, -3.29113677735681, 16.0812691426304;
  -3.358219818376047, -1.162331713835294, 15.53293004017946;
  -3.177752473344336, 0.5837370338835509, 14.81453022683255;
  -3.327633143510282, -1.163967063230727, 15.7641443223893;
  -3.193538673187254, -1.005420663708411, 15.17608464603444;
  -3.272463438945738, -0.854448194644552, 15.62388002733757;
  -3.316788185759527, -1.176439438692285, 16.07627328602043;
  -3.380125620211986, -0.7904129825987496, 16.45883994245791;
  -3.398518682706584, 0.6683744729580352, 16.71297964472615;
  -3.312890077162672, -3.275573506638597, 16.68804713513577;
  -3.389657202462503, -2.445485487999904, 17.10896688376918;
  -3.312245176564059, -1.187457525482588, 16.77305054416343;
  -3.38702665732051, -3.288055150147846, 17.20831963467031;
  -3.312857654141138, -1.148901476366861, 17.19078432918467;
  -3.358694777876457, -2.443908851510912, 17.53800627967092;
  -3.239558631041526, 0.5166589344138602, 17.03575309016508;
  -3.468025400009707, 0.4812356166519926, 18.26620536416442;
  -3.316219921749459, -1.215778927847316, 17.82025698746149;
  -3.468151369710329, 0.6326546431710398, 19.16538972018007;
  -3.500124377488129, -1.342508911616618, 19.45504340449273;
  -3.335497857935259, -1.486596557577253, 18.58247097235725;
  -3.132179679686919, -2.334401573352281, 17.84396058853491;
  -3.376664553196031, -1.436944881255649, 19.21882060716501;
  -3.29941476094946, 0.2707028385199312, 19.07149019282977;
  -3.44922468487678, -2.585393668408669, 20.08862003067712;
  -3.393226947918265, -1.381423518607756, 20.15030064401747;
  -3.147009280497946, 0.3872691165372427, 18.83002175761446;
  -3.155628750383931, 0.4263441098899957, 19.62487927455994;
  -3.304938714922636, -1.379224261299268, 20.97567637203231;
  -3.258263634084327, 0.2079297202147168, 20.87447788413931;
  -3.140642697831051, 0.1852824071884391, 20.18964118769254;
  -1.797231459628466, 0.7991552979353576, 12.03368235220925;
  -3.159433515525844, -0.0847490237820101, 22.09106671929487;
  -3.02338238752091, 0.01054670434848642, 21.87966181394697;
  -3.154381148231245, -0.1208698707434564, 23.24040452442764;
  -2.225220139154449, 0.3756338680788256, 17.02801583642568;
  -1.788151073785332, 0.7493478963625173, 13.95208085923104;
  -3.188252473315353, -0.2109338792926984, 24.28652957285767;
  -2.037957650215797, 0.2778227416061477, 16.66211692198413;
  -2.416528154112609, -0.1959177684151806, 19.65404105916865;
  -3.127310445552674, -0.592741839445238, 25.22958091283863;
  -1.961791327861338, 0.5254968283744345, 16.30516498085591;
  -1.711360246473493, 0.7354109354839814, 14.69374296619539;
  -3.045656590970506, -0.6686626146767913, 25.44303719662063;
  -3.367790050626083, -1.173425854435668, 28.08422055294141;
  -2.729829979866334, -0.8420662962249851, 23.1424278239752;
  -3.423442334871911, -3.305654749406188, 29.27651248108501;
  -3.095711856211922, -3.318409681921247, 27.2352072569337;
  -1.722479676551619, 0.7233774031407392, 15.73501019423171;
  -2.954785886671963, -0.9297191192424154, 26.43613829208783;
  -3.076274293494524, -0.7012096847553848, 27.53713863793083;
  -1.77303050871151, 0.6787170262019365, 16.34302748394274;
  -3.236428141796587, -1.657648518935789, 29.53286222146036;
  -3.336180836472041, -1.888992035591553, 30.46155195045211;
