m=[-12.01283359601897, -0.6295416660849605, 15.32561016300123;
  -12.02433249255696, -0.7965076830083429, 15.39637587366488;
  -12.01209732172205, -0.9735409854401521, 15.41083187957321;
  -12.21384374288114, -2.100319133169858, 15.74325609429631;
  -11.88950171208776, -0.8074172933358236, 15.36062603606152;
  -12.06326126924435, -0.8887019878953422, 15.62550710773192;
  -12.14113468886394, -0.9647896583340131, 15.73932734610869;
  -11.96850645941995, -2.327476425525566, 15.54816340022859;
  -12.12179440817596, -0.01064734587288378, 15.73766378299572;
  -12.0798580862869, -1.016869670262339, 15.71348251992857;
  -11.89107735102671, 0.1237494690969543, 15.47967395160695;
  -12.11110561067729, -0.4129867143198341, 15.75641585879342;
  -12.14054548753752, -2.142535976360103, 15.82039320862519;
  -12.25351059479495, -2.040909528375998, 16.07492780039471;
  -12.07762598060895, -2.262972918470789, 15.87402356912043;
  -11.97160651867342, 0.111830438445875, 15.73015522963529;
  -12.28598791034026, -0.9137687865139462, 16.18258107188458;
  -12.23730492274268, -1.121676862651736, 16.1421781398751;
  -12.07775111072425, -1.955961120071256, 16.10798723063396;
  -11.97668493566757, -1.732545955451015, 15.99361101422631;
  -10.40746603647225, -2.1650572303804, 14.26679321444398;
  -13.52618084043119, -0.7551896883538808, 18.23709142056838;
  -9.533214664422072, -1.832214685839902, 13.37306396490734;
  -9.99736800739271, -2.149813099768855, 14.02598055966405;
  -9.451299872891182, -1.78770540554884, 13.39625651439323;
  -6.383486193326923, 1.789281927128106, 9.40119984001042;
  -6.174553320988172, 1.433749833781343, 9.190593875235667;
  -9.56401141303844, -1.402966759977167, 13.83644528002204;
  -6.158242326541463, 1.339247522853634, 9.255159815834265;
  -13.59848575040755, 0.05562862712469304, 19.29068970941454;
  -13.62205436646921, -0.1796121039873031, 19.34199317706591;
  -13.61981930380538, -0.08139310476610469, 19.35016615628729;
  -6.117219834979729, 1.565193016053214, 9.243404725093139;
  -6.143274269327073, 1.733134577930802, 9.294482588887089;
  -6.109048620076443, 1.373419382420838, 9.252008549108403;
  -13.60206784008196, -0.160324680911584, 19.48489744384482;
  -13.51904299951937, -0.3067142042799713, 19.39863484668624;
  -13.64450390676153, -0.4629292752625145, 19.69800212665626;
  -6.052765567409059, 1.443963630787043, 9.299406207710959;
  -6.016180125518598, 1.350656792226073, 9.250969560455166;
  -13.54283257901715, -0.2358326476208852, 19.61636924880662;
  -13.38456902714061, -0.3234100094176874, 19.40357418565428;
  -13.35277737347088, 0.02194892515740436, 19.38572687938427;
  -12.86370039934001, -0.3510508467762517, 18.78910371040509;
  -13.49391217361217, -0.7428231434179365, 19.6643016469522;
  -5.971631628523648, 1.54273543993503, 9.252046531365336;
  -5.948357364160007, 1.67895156248611, 9.233398077139256;
  -5.937038590228469, 1.489165676046544, 9.243534721173985;
  -13.32672033255721, -0.4852257177941507, 19.55023408619494;
  -13.40267154692235, -0.6347900257298611, 19.67082805569831;
  -5.924409316147756, 1.258015293342697, 9.246883848297397;
  -13.19268629400644, -0.01820127424512537, 19.49303881642729;
  -13.14776121083498, -0.7987178651036031, 19.45846721266188;
  -9.801600260594082, -0.9656948774037873, 14.78791099755897;
  -5.853205346180944, 1.377159855151681, 9.233537900853168;
  -13.00589937666048, -0.7730604290959715, 19.35736766530105;
  -17.98278952824894, -3.998672393993927, 26.41698456177179;
  -9.28841740209295, -1.086967010954468, 14.12597961676373;
  -13.06120957511421, -0.6970114468658072, 19.45435523975738;
  -12.94470560168691, 0.2101620048604698, 19.28983323180951;
  -12.70756284347349, -0.9119304366819094, 18.98996413555241;
  -12.88835025680043, -0.8355394683537566, 19.24915373166018;
  -5.822081530467113, 1.315916449321979, 9.232779653587588;
  -12.92340193907007, -0.6679581345996517, 19.40887985292368;
  -5.771982424581178, 1.637517742381608, 9.208081626764072;
  -13.00623656437457, -0.8333864500640055, 19.54292830783464;
  -18.6132472776597, -4.050856511902478, 27.56247411413114;
  -13.04829968351494, -0.3766756542964336, 19.63613375664921;
  -12.86068703311477, -0.5400825957427414, 19.40010711447578;
  -12.89378203427266, -0.6183888585600752, 19.45308741898058;
  -5.737448804465632, 1.579350285008303, 9.204621065774918;
  -5.763371482716778, 1.488360848683172, 9.244963196812432;
  -5.7654267530544, 1.529652661439983, 9.256366566635213;
  -12.59157694571324, 0.1142433061810386, 19.07629815706958;
  -9.202096099288427, -1.103249489793653, 14.26922252208816;
  -5.724613268052873, 1.63308930703944, 9.235699229933029;
  -5.719639809036695, 1.373219534408062, 9.23378813279149;
  -12.68299700436414, -0.2350006627794652, 19.32986699892957;
  -12.73351220902401, -0.0620635772280578, 19.44194400881038;
  -12.78408738467571, 0.1870199372691652, 19.5325988074092;
  -9.237158669287549, -1.038354916826257, 14.41131546123688;
  -9.326221760729558, -0.9796926286828811, 14.5508316338;
  -9.2578163402956, -1.198278881854824, 14.47606230879811;
  -9.148985301303789, -0.7486824208631987, 14.36351117984281;
  -4.887552721962689, 1.759187765452707, 8.127331822525788;
  -12.54311813541293, 0.1581055523626147, 19.38906303588719;
  -9.06347868482122, -0.4576356202548947, 14.30900380812619;
  -12.94342545181908, -0.06981747660381001, 20.02366623102635;
  -12.31077577063516, 0.2378645114404432, 19.1011315250127;
  -9.041459480788905, -0.8097683566787215, 14.35887285727443;
  -4.864090331112482, 1.763357248475717, 8.184003681158259;
  -8.913824886527559, -0.6324555965980119, 14.32596337088827;
  -8.947014397959702, 0.0778892738796296, 14.377152619045;
  -8.977919767080651, -0.5071912034955605, 14.43599596295327;
  -8.93841221202236, -0.04339096996467175, 14.41580323038624;
  -5.548917907599461, 1.760957188956915, 9.312570361367394;
  -5.55257516566162, 0.5724847540267892, 9.401287051447813;
  -8.90746029946069, -0.3972024680560559, 14.49906851359789;
  -5.455263545825201, 0.8228866011584742, 9.264351937427069;
  -8.756040284392466, -1.040372237034268, 14.2966717546186;
  -8.86314092244802, -0.3246907962102383, 14.4796369759764;
  -8.595000263043945, 0.06617663269986077, 14.10615620772636;
  -8.814765096370172, -0.03286705669512501, 14.49580309198989;
  -8.769033174712815, -0.2866712436247417, 14.50078976660895;
  -8.993900819619514, -0.8118403110643504, 14.90448066134933;
  -8.34283432105954, -1.613557640989204, 13.90480936362954;
  -8.791210658591931, -0.01243451960078305, 14.68985421328718;
  -8.825059150565942, -0.3836122723533966, 14.77832341697588;
  -5.289313448896206, 0.7889060591313533, 9.259893969382627;
  -8.757881595832773, -0.1884909188408441, 14.73086415564183;
  -8.653013639140083, -0.09643002139139248, 14.56737818347879;
  -4.838141073758473, 1.811451770622932, 8.647365809081832;
  -7.814542398027205, -3.020326482528428, 13.41759028778642;
  -7.72045160439172, -2.845221059196615, 13.28543580822215;
  -5.389296573932326, 0.6622355100738901, 9.569341917161367;
  -5.258663985856695, 1.174515044348582, 9.360420734481952;
  -7.583614132294581, -2.664538244127646, 13.2562982980072;
  -12.21665684501603, -0.7962999018971021, 21.04615989298051;
  -5.198645955805675, 1.300159862822719, 9.546194566124036;
  -5.301124819696282, 0.7058669665079036, 9.721468476930363;
  -7.569853504356574, -2.988424516152823, 13.4998991476139;
  -9.475328536205156, -1.601908653248818, 16.63666408535472;
  -12.25474685493301, -0.6874051176330921, 21.63209537680229;
  -12.32557898446925, 0.2770841634684014, 21.75275476305938;
  -12.15898273981303, -0.3978722643367524, 21.5868963491318;
  -12.5308769733103, -0.2439140533269078, 22.33942856345013;
  -12.81590629440137, 0.09638414758146671, 22.97368360604511;
  -7.107582163301725, -2.718852125496694, 13.30717297484435;
  -12.48567922580432, -0.1132141593365985, 22.77429651943971;
  -6.194987240299441, 1.837739850472357, 11.81624715444748;
  -12.45717560773508, 0.04226279150385288, 22.82831723810298;
