m=[-2.94160472687817, 0.6246333661138975, 4.591289322786326;
  -4.69364766801167, -0.6885219367563141, 6.790393310657326;
  -6.568168681004126, -0.08660386784555467, 9.326161120492467;
  -6.584182686767081, -0.03934759039523183, 9.354384676505662;
  -0.3596810437534916, -0.06994599976890131, 0.4672579372543609;
  -6.567027043621793, -0.0774041511691257, 9.407234985173774;
  -6.532722280496921, -0.2216415057276714, 9.431019130736949;
  -6.457105539764705, -0.1124429683764657, 9.352915337873261;
  -6.47049503417367, -0.1563459275898896, 9.380259473346538;
  -6.488643764042108, 0.01066585268117886, 9.420293045344433;
  -4.565501780976423, -0.534272913193698, 6.94329101573746;
  -6.319548731944625, -0.1724607122929239, 9.23052098862304;
  -6.431220124118291, -0.3046015396087884, 9.438970790784431;
  -6.3646490553701, -0.00878098063950771, 9.404176550884188;
  -6.292532241201912, -0.3740231669955333, 9.365508421300929;
  -4.394719660470678, -0.2482716722188436, 7.066464940964328;
  -4.441517032928988, 0.03866614283058897, 7.137170613816152;
  -4.40340230094573, -0.02137604447529419, 7.101773738884361;
  -2.617462911530003, 0.5846065799002748, 4.659083404970877;
  -4.340508869755547, 0.03341945926858805, 7.123664254096193;
  -4.301470241769441, -0.006084112656451116, 7.187630146552184;
  -4.298973900945646, -0.09252437724753243, 7.230926777271444;
  -2.573236819741916, 0.6435558910930918, 4.725195667255938;
  -4.296073817742106, -0.04787586237816698, 7.232455028628625;
  -5.495209242877487, -1.317957180056143, 9.296460967514614;
  -5.94062951807449, -0.3332275387673796, 10.48640709224482;
  -5.946995539489325, -0.4772655286746859, 10.52158699753795;
  -5.98619698883226, -0.1958833071547863, 10.62781457039834;
  -6.020504501128154, -0.1171893762161108, 10.73305806970609;
  -5.973960666141197, 0.04492816140070924, 10.70887060705502;
  -4.565012264013348, 1.753152158925472, 8.554578628351901;
  -5.935182383861168, 0.02013597492121021, 10.87648039902822;
  -7.268829091488018, -0.6517274221711317, 13.25757514875431;
  -2.391940276061444, 0.8826642002559574, 5.134345609357975;
  -2.807752875228912, 0.9636541702129557, 5.977725535158583;
  -2.411155352353203, 0.892959103999429, 5.292528527649136;
  -3.055107539072244, 0.8191073761430567, 6.809025254245744;
  -2.906433622273316, 0.8324702701382245, 6.740450787114726;
  -2.834849387516124, 0.804156258818833, 6.823782754100095;
  -2.815892218895368, 0.7585881355953688, 6.831236726526241;
  -5.745615643840666, 0.7138871013772294, 12.89030373132857;
  -2.773825559128115, 0.8505899834825994, 6.763130110464226;
  -2.7460603888408, 0.7788207749484153, 6.829584210647555;
  -6.123999923734091, -1.963541236062415, 14.1493216621871;
  -5.796597342285194, -0.135294429819461, 13.73698005119545;
  -5.856698853231791, -1.442241278203756, 13.94059686267126;
  -5.864647543001659, -0.09949697244362808, 13.92112730189747;
  -2.645461690961338, 0.8027296572057446, 6.825338022007509;
  -6.119454329540442, -1.57099129078642, 14.67191176593337;
  -5.733341800133619, -0.08005860943062534, 13.77213534593767;
  -6.027861316865661, -1.72433921178634, 14.51427189510436;
  -5.935563481710545, -1.97399050901955, 14.33435268571935;
  -5.987259322795421, -0.5932712234079827, 14.45279667516948;
  -5.890788441957845, -0.01963696251637223, 14.23342851847418;
  -5.8615228866595, -0.6222299219340763, 14.21027751554894;
  -5.731491105287142, -0.2165416961456291, 13.90535726380831;
  -5.994040068752221, -0.3739358091867974, 14.5005728642864;
  -5.835516845728082, 0.5915469486107692, 14.11542493942749;
  -2.653393541146154, 0.7875551210419761, 6.97047427531471;
  -6.039564885601167, -1.499592148083175, 14.67676298408454;
  -6.000947155969244, -1.652543805015814, 14.59795986185654;
  -5.848858838443608, -0.07417778707174925, 14.23398586408809;
  -5.971732049055975, -0.3802000128218397, 14.63625305295309;
  -2.602503509288268, 0.7807786763915894, 6.989120429014773;
  -5.841800241865967, -0.5808244914633508, 14.51148634401275;
  -5.943448998748639, -1.358295480348164, 14.79234964533416;
  -6.014890982664936, 0.624218477738038, 14.98300793302977;
  -2.552039620371679, 0.7781000520155819, 6.993214370884692;
  -2.73152574653783, 0.6553245997447111, 7.465911636876156;
  -5.733644814650438, 0.619627010535435, 14.69837160141648;
  -5.786963954557535, -0.3943251839869422, 14.86262535874353;
  -2.514298254349794, 0.8327519899447629, 7.029738922994927;
  -2.495892175170027, 0.7628120236399527, 6.989035839304866;
  -5.772946630869574, 0.2765428813633734, 14.87999819962523;
  -2.859949132895264, -1.62849343583813, 7.943528125683092;
  -5.73946197673607, 0.4731901414357741, 14.84079751235328;
  -2.80634289908024, -1.558279277635754, 7.853638765440528;
  -5.724796182354724, 0.3145532214389626, 14.93038564807766;
  -5.713107316707396, 0.6520847111732032, 14.9431024699029;
  -5.737098999870766, 0.2658286759355225, 15.10172890065896;
  -2.824429758462921, -1.641664105729496, 8.024121257520443;
  -6.084980208239545, -2.017341673447838, 16.06670850913067;
  -2.480923317791405, 0.8280725023976234, 7.141849314065251;
  -2.772527750413023, -1.648407044146036, 7.961777218345147;
  -5.726421776668628, 0.3264062782464058, 15.29339434656039;
  -5.810592185190473, -1.625842255013321, 15.82936925888274;
  -5.777517339269452, -0.1124837608990554, 15.69975442712561;
  -5.861429433410136, -1.973032988534193, 15.97433122822364;
  -2.752219914967203, -1.63201926193416, 8.10350267014892;
  -5.718291933806786, 0.1935775408204047, 15.63672839239863;
  -5.730961001463503, 0.4635110491992718, 15.67465836118048;
  -5.819992071735123, -0.6521433079440671, 15.94965641556146;
  -5.735158270852041, 0.5430317509900933, 15.71310416232467;
  -5.972278063517702, -0.1256638534743801, 16.47105884229933;
  -5.281736183005664, 0.7111054439497654, 14.71128049546083;
  -5.686396990619272, 0.6649856242606473, 15.76343214057571;
  -5.764675162974433, 0.3239015898386364, 15.97647912756249;
  -6.323843310493047, -2.942939554718063, 17.55063166719759;
  -5.723591022164656, 0.541256083716902, 15.90765941584398;
  -5.855430152565122, -0.6086678283565897, 16.36220893072745;
  -2.635596914162098, -1.79192766205248, 8.016052909045115;
  -6.429461521232351, -2.940604923772231, 18.04554175075532;
  -4.614447336243858, -1.201318262874253, 13.28334266423101;
  -5.730455711867727, 0.5772905220173791, 16.17022638899674;
  -2.585101167347711, -1.744351553238426, 7.953660875026452;
  -6.35023065979823, -3.000737493874821, 17.99383894744073;
  -4.508887732124363, -1.814707741271035, 13.09855455042824;
  -2.438815087938655, 0.8401040570233764, 7.527241163057868;
  -4.938631212608605, -0.8776664983916764, 14.26497509513296;
  -4.375343941912384, -1.588428352030655, 12.84757850531259;
  -4.468350628088364, -1.196123017431071, 13.08599719328077;
  -6.361362612045927, -3.075844997174041, 18.29741130309466;
  -2.412977078267256, 0.8629453858058135, 7.51844283380818;
  -5.214043078199373, -0.5102815194239556, 15.26812506157016;
  -6.257039057698806, -3.140439262953884, 18.2198672507995;
  -4.389609418310777, -0.7954694952763614, 13.09285841022478;
  -4.501414430424657, -1.110999632963067, 13.43057304874427;
  -4.303235735135218, -0.8391689259662838, 12.92532867760029;
  -2.396726575796401, 0.8237266534047429, 7.619916582809003;
  -2.406181839861636, 0.8574475458924092, 7.6476160337567;
  -4.529703686210238, 0.5137272734617164, 13.71755204902319;
  -4.27270161764147, -0.9594639412747887, 13.22932093478115;
  -4.045921269270184, 0.7444281909315723, 12.5528412231276;
  -4.20110765738822, -1.533068250905201, 13.0844119251729;
  -4.207785673724649, 0.5791671877019435, 13.07005022170491;
  -4.031828789210048, 0.696713818971901, 12.56858551217773;
  -4.184810243961271, -0.8642103450214412, 13.16089936621708;
  -4.10427372156014, 0.5350627090449946, 12.92366506375511;
  -4.076558950968963, -1.015220404393087, 12.9761066521413;
  -4.316517438999, -1.207423506619023, 13.72631191141725;
