m=[-94.73662440564789, 23.15296463765758, 120.2428090859923;
  -2.480534482728193, 0.2853499138694441, 3.249809856085983;
  -3.533966961676346, -0.3802362891458177, 7.315719226702566;
  -3.471389154592602, -0.9545188347712229, 7.210962554232036;
  -3.78381885571937, -0.3036107834004341, 8.422271347760333;
  -3.733787384713705, -0.5046521044299814, 8.515732423168814;
  -3.609399450516186, -1.014318735232072, 8.415228464938572;
  -3.645839569383012, -0.5103111644403056, 8.575359291038028;
  -3.628403673630581, -0.9776990198700841, 8.539402300737127;
  -3.538788246297355, -0.1214002846001801, 8.469485288323353;
  -1.944261986762143, 1.061101535869642, 5.73250408000069;
  -1.84626091322625, 1.098066039211695, 5.625604453278758;
  -3.511925616899855, 0.8390947129033493, 9.880371771437551;
  -3.60975117454899, 0.742339075832382, 10.22884479264256;
  -3.428851479495831, 0.7899491221301878, 9.919221333823296;
  -3.437370060703945, 0.70777126869276, 9.99915296770245;
  -3.311990053355208, 0.9458042566604268, 9.702851436199099;
  -3.243682984705407, 0.9023173496457241, 9.643124911082619;
  -3.437768821006841, 0.8038430519603886, 10.22679959531892;
  -3.427959521097196, 0.867884372434261, 10.29020808248985;
  -3.435528693071731, 0.76121254646378, 10.4498605216627;
  -3.484906108757575, -0.1510287182044972, 10.61257603553291;
  -3.394987919379725, -1.025992824389176, 10.36804957354292;
  -3.475828636170035, -2.195800727615622, 10.67469193480914;
  -3.460439019705739, -2.242477780057376, 10.72879833151704;
  -3.556521600171471, -2.467520974085183, 11.14327181373726;
  -3.516931701574726, -2.562006206183676, 11.04209737570648;
  -3.581897354606785, -2.403574176273096, 11.50170221923744;
  -3.639335019107301, -0.6978466755404609, 11.76088264106527;
  -3.590035365358195, -0.5067044208169602, 11.64920876666664;
  -3.577410790197761, -2.661608904521738, 11.72735088164611;
  -3.499168684799956, -2.249482330796007, 11.56044703379491;
  -2.224342754819112, -0.7078821777211839, 8.017831726933908;
  -2.169483439861181, -0.7886742764369003, 7.885408414742196;
  -2.102399142140091, -1.119118764862918, 7.77385367430461;
  -2.101656923900357, -1.000419024694777, 7.782266277521559;
  -2.116910295323214, -0.8257055871029178, 7.843685323081576;
  -2.110489943974575, -0.9594493322841429, 7.831812823041628;
  -2.10566312031595, -0.616632562759147, 7.873113842830913;
  -2.041077366044744, -1.089625414320932, 7.673263696441008;
  -2.077202723762165, -1.020640161642393, 7.826348715870354;
  -2.101432404489652, -1.069943181946904, 8.031434457109015;
  -2.106926107578711, -1.163307075406419, 8.062419650902926;
  -3.461215270782767, -2.287755801991172, 12.72374332945674;
  -3.466395868053045, -2.425703635952317, 12.72733075661238;
  -3.737891919557871, -3.05248718105859, 13.7478735042404;
  -3.601895870238177, -2.652284232873666, 13.33857025901856;
  -2.017239475648674, -1.021039578491025, 7.911816369860549;
  -3.627876516806298, -0.589651370231735, 13.74491415122999;
  -3.613685913152916, -2.698522884651638, 13.66828666978709;
  -3.5257990071469, -3.21571409319564, 13.60672657567015;
  -3.399343365501856, 0.5731820285157178, 13.28313977789171;
  -3.508642798925474, -2.337440150178316, 13.66612412277727;
  -3.565624171101588, 0.7721303884500614, 14.91735640261124;
  -3.39635643480751, 0.7245200031587215, 14.58674557605628;
  -3.438761524961281, -0.9799873090387837, 14.79041456380961;
  -3.381167053723613, 0.7806115773508094, 14.68082589835495;
  -3.472281914767728, -3.214693975287569, 15.08506663203888;
  -3.150339672784964, -1.135353820274392, 13.86924280967044;
  -3.391228309697839, -1.054048062191823, 15.2233564601035;
  -3.239081328856143, 0.706190380307496, 14.67168093504135;
  -3.174732559049506, -0.880786395807625, 14.63182392028;
  -3.410117231123005, -1.067583232263573, 15.68777761029858;
  -3.390017788747792, -0.6876843283915894, 15.69225494321578;
  -3.409768312324781, -0.7976601358314365, 15.84983868247484;
  -3.399010110387035, -1.081897374024022, 16.01538749353334;
  -3.442321652524679, -0.6799695073288918, 16.29780711842544;
  -3.272883998170561, 0.7668520334820442, 15.68430163188185;
  -3.388586364066724, 0.4751972229321851, 16.34298128977435;
  -3.370952545216831, -0.7059983536978159, 16.3603598903399;
  -3.611630749402941, -0.8493629454156291, 17.45632397947631;
  -3.36787709177977, -2.310052276204007, 16.55080025648918;
  -3.396963561089618, -1.086434468080526, 16.74157343089506;
  -3.532261128527831, 0.7354719860123221, 17.60305642904157;
  -3.377684472542249, -1.046400596970117, 17.09214458118448;
  -3.401918998078183, 0.305773591329178, 17.37722339139561;
  -3.509294447247513, 0.6227057963565645, 18.07825937995666;
  -3.372307642172365, -1.107030955314196, 17.68366297368552;
  -3.075819940930208, 0.6152823932760883, 16.48397174981026;
  -3.249481750983216, 0.7288639560157778, 17.53271513159878;
  -3.393956572615654, -1.37803097898885, 18.48214506571285;
  -3.576535928004247, -1.226067802181249, 19.45075552707882;
  -3.458583736070695, -1.330913950851268, 19.25225173315495;
  -3.474999616644637, -3.315131661112078, 19.32738944012794;
  -3.364083898575647, 0.4226482680183272, 19.02216927417992;
  -3.370337168958446, -2.391301090277647, 19.24417705991865;
  -3.224845906986988, 0.5469161007610291, 18.87219496681298;
  -3.461397995672315, 0.6313261451935017, 21.06369041058988;
  -1.742191970030463, 0.9731882994870594, 11.15553830554372;
  -3.374193372416758, -1.257098188435222, 21.00401452480839;
  -3.32661547787613, 0.3722371484514456, 20.90005857059949;
  -3.372391788570582, 0.3432751325457107, 21.18891673421389;
  -3.277043038155789, -1.35656653698433, 23.10980018572303;
  -2.496884504186292, 0.7678337285141627, 17.98586764724179;
  -1.701953198666127, 0.8927107371883983, 12.78894994911791;
  -3.26481134015894, 0.04165558892725244, 23.74391148047409;
  -1.740604701703502, 0.8371059656257275, 13.19167948656841;
  -2.28287167660111, 0.5194953040161343, 17.05801323282888;
  -3.211634957974632, -0.04014761262247312, 24.11690116264382;
  -1.843428861353887, 0.9495859736993395, 14.46812642838282;
  -2.997821496132198, -0.04639394653490139, 23.81596768897706;
  -3.05923166914438, -0.9759925283625089, 24.28684787213769;
  -3.117834007013678, -0.519385914819776, 24.83987049012943;
  -1.891908751285443, 0.1595375865721671, 15.57167944294507;
  -1.835582052444267, 0.2182645415418538, 15.15836925416174;
  -1.790255289306412, 0.8889002193669496, 14.93255503815781;
  -1.825275231192407, 0.8159490099222451, 15.37204966910551;
  -3.263440019553388, -0.9402115184712673, 26.90337578242546;
  -3.511785185342689, -1.797908023225877, 28.91346300781851;
  -1.739653974854631, 0.8534111277204254, 15.47971803495914;
  -1.74648586540984, 0.7935924398586847, 15.71347906070035;
  -3.003083188955695, -0.7524905819333572, 26.53805676732666;
  -3.121469444671026, -0.5203272550593776, 27.57920026651457;
  -1.639589355564399, 0.356493195784788, 15.16153216423912;
  -3.457286177135497, -0.06580884539246736, 31.14519301238209;
  -3.133741826314714, -1.571045324259335, 28.29646969150391;
  -3.163458708825243, -1.414350381285487, 28.58513898296885;
  -3.609718789444117, -1.212956561189136, 33.06829417760883;
  -2.558921399707733, -0.3762743849899912, 24.53280307485574;
  -1.458099941506402, 0.9072686721291677, 14.9142241545533;
  -1.605682643614313, 0.3882934218967891, 16.45040895441794;
  -3.54063198207697, -1.834232132252389, 35.1576821732103;
  -2.176000121962504, -0.06909723786413868, 22.85980603905262;
  -1.431500879731817, 0.1594898254542423, 15.63914319389377;
  -1.456535949953989, 0.375132760886278, 15.93611076754164;
  -1.507076205328801, -0.1032244854249116, 17.76186539700198;
  -0.8931687043089454, 0.8586887383681034, 11.68739212928454;
  -3.644322901427076, -4.53900339396175, 49.37567201364443;
  -2.018170622200858, -2.410029536168876, 28.72313151711226;
  -1.139859919517843, 0.443847185086321, 17.32475548350346;
  -3.63764406947502, -4.665102302432933, 53.19237726244504;
