m=[-7.366133284229809, -1.070897392930664, 9.786498755702095;
  -7.411665392530473, -1.158261429656048, 9.852228470105073;
  -7.360487645031543, -1.01166851557037, 9.839223589586812;
  -8.775408877883855, 0.4850005813112942, 11.56586330839307;
  -8.801777878969547, 0.3237816883168388, 11.60501176705075;
  -8.787416824395031, 0.8553220182456087, 11.59607616505983;
  -7.349698703419824, -0.9605549672136053, 9.847293243791372;
  -8.814459815876678, 0.5413126029898573, 11.66355731065048;
  -8.695389122654174, 0.05717038067603694, 11.52896561523606;
  -8.776214415863889, 0.3943105730574634, 11.63578520245762;
  -8.774880454189658, 0.2558335840166275, 11.67847767633268;
  -8.773501673892552, 0.01650851434593799, 11.68449634033062;
  -8.775986468720138, 0.449657265841902, 11.69204093410355;
  -7.525008456589611, -1.202868688982203, 10.15940990407856;
  -8.76846085112552, 0.5376054990151516, 11.70503305033317;
  -8.702153548422027, 0.4850152068887951, 11.64119621551244;
  -8.712083532105664, 0.412848081939806, 11.69235794752351;
  -7.289327002903193, -0.9654281309618773, 9.934737024830532;
  -6.970089147573037, 0.9004616181313528, 9.55147163391595;
  -8.735026230871895, 0.09013620666153374, 11.72857829990052;
  -7.238667964143851, -1.076608746374425, 9.881164843586854;
  -8.711604663065275, 0.183316272863889, 11.72302945273159;
  -7.330333100241917, -1.140615684983449, 10.01153476794487;
  -8.648101309375775, 0.3250521512676494, 11.66787559738105;
  -8.607049152247868, 0.2546370505520614, 11.64427943436614;
  -7.286744037495787, -1.001971741876959, 10.00008868616614;
  -8.441941720870801, 0.4737099347623248, 11.45235231699434;
  -8.741386229657618, 0.04012880821572638, 11.84891474922162;
  -8.591497642775034, -0.05159230320744602, 11.67013479299296;
  -7.209012898372139, -1.044374263610267, 9.947599065738245;
  -7.175261948210743, -1.285583678384124, 9.908500592972066;
  -8.57490615858474, 0.3307354542015967, 11.6915078233328;
  -8.53863327408761, 0.3861257749299462, 11.66889876457471;
  -7.16388518412135, -0.9954879210028355, 9.948156368146831;
  -8.573420749462635, 0.2587410422730155, 11.72566834813752;
  -8.461892402818524, 0.4525538687968335, 11.62178907023823;
  -6.992277439804672, 0.8298073834925628, 9.791323010048588;
  -6.960850771911144, 0.9034380410024606, 9.754809199401624;
  -8.350012211848902, -0.0870326827072966, 11.51532361969741;
  -8.459792772429326, 0.247389119536791, 11.67808042904121;
  -8.497731032783911, 0.3393378459418249, 11.73206022341795;
  -8.410123379918355, -0.1556009662697353, 11.61863263211633;
  -7.031717329797568, 0.8148585645990404, 9.88705101233643;
  -6.955561593551147, 0.9943255326425855, 9.84423571706211;
  -8.364387286984146, -0.06540845158061476, 11.63862563283434;
  -7.006920787878521, 0.9455139484237248, 9.918828103368375;
  -6.984698753213197, 0.8491450120002609, 9.90007045784793;
  -8.345542835911026, 0.3305626374464427, 11.65205218616071;
  -8.382324964996675, 0.3775020798620818, 11.72659317805186;
  -6.982140076448765, 0.9185231001769013, 9.969077140413464;
  -8.300374739602914, 0.5066783275421681, 11.70432089301895;
  -8.138062285946639, 0.3086434100952586, 11.66523622002794;
  -8.181520850407182, 0.4787198607945997, 11.72584880074621;
  -8.183575791190915, 0.4118106309379648, 11.72939879601147;
  -8.11549099851282, 1.866192090905572, 11.74014278535149;
  -7.98299172327026, 1.764945770219821, 11.6291479655135;
  -7.904442493593369, 0.2093453337251761, 11.63691159586486;
  -7.842518687440149, 0.2071847667578708, 11.63171327547533;
  -7.811402074202011, -0.2131476658873033, 11.604707950785;
  -7.813534164257924, -0.4130960945853276, 11.63873422346881;
  -7.841502718370775, 0.154315785285829, 11.72871668499901;
  -7.644105797995425, -0.5327480366108905, 11.48612076357218;
  -7.831094558175409, -0.0411358438932619, 11.77289854621856;
  -7.785341752948012, -0.164040089845035, 11.72750264063937;
  -7.733830884805056, 0.007261018922420229, 11.66371675126664;
  -7.646828222658897, -0.5013999812890558, 11.61110767088466;
  -7.550908066402492, 0.7612425803644872, 11.61544842191393;
  -7.528101788666416, -0.215143991912049, 11.59187877896754;
  -7.453663827567345, 1.117842754699967, 11.49874273205882;
  -7.337909398767549, 0.8970540854187077, 11.54622262044769;
  -7.545440587319773, 1.065447787131918, 11.85115029433808;
  -6.944346984185501, 1.859468674535542, 11.43517516485759;
  -6.93912024176022, 1.948820533146818, 11.43467987633215;
  -6.753994791753313, 0.9692063437060753, 11.26581632953039;
  -6.876002718512329, 1.922298127165782, 11.46650792937822;
  -6.803937290668472, 1.02171464484112, 11.571474987048;
  -6.846985380345302, 0.960957824338727, 11.86815474881157;
  -6.72510416559229, 1.04613426095702, 11.72462165259772;
  -6.682464664034528, 0.7891083468868736, 11.6955068940333;
  -6.861762274615368, -0.551668519631217, 11.98092748257843;
  -6.760679441344437, 1.262031683662465, 11.83598870686035;
  -6.774703849793613, -2.154294433505119, 11.85667677907059;
  -6.791101823481446, -2.090572004966895, 11.89962896025845;
  -6.706584543151699, 0.7501656115861753, 11.86624935158028;
  -6.620290171185778, 1.813776042257708, 11.80399692697031;
  -6.526405325375943, 1.939267393262772, 11.74203374652445;
  -6.389868957345726, 0.7321071488906294, 11.67810320527969;
  -6.709856761739797, -1.745342180035181, 13.69173204542824;
  -6.779513440884883, -0.1835204987171541, 13.99098104236688;
  -6.833683885291997, -0.7352685041816121, 14.14651385567105;
  -6.734871302410936, -1.085107959471937, 13.95305534281393;
  -6.701343473060967, -1.842650961458853, 13.92040324357153;
  -7.02448904213676, -0.6913300181333949, 14.62526074642338;
  -7.39005184651038, -0.9884149424662556, 16.25989940545888;
  -7.327387538967566, -0.5879440733855036, 16.30977815708619;
  -7.220156248791818, -0.7350316484463297, 16.2688891746838;
  -7.220132699979478, -0.9758603760422075, 16.46711818260404;
  -6.985067037609648, -1.341434856787794, 16.12002675355939;
  -7.115326672942619, -1.184452141017297, 16.5540323197188;
  -7.115503103738923, -1.999609133783233, 16.58962524981246;
  -7.095424285789113, -0.9931523756246434, 16.68910861683788;
  -6.898606385273593, -0.2366608907422208, 16.51063619054948;
  -6.77789375528443, 1.789521269155845, 16.99236254226522;
  -6.657096789375382, 1.680274090343251, 17.01512702258634;
  -4.04938860011888, 2.041519270715595, 10.77425399200285;
  -6.836077671299454, 1.707785330431947, 17.98299628677489;
  -3.525086338438638, 2.119755069479217, 9.85532671891184;
  -6.641425360692841, 1.730994069681924, 17.8404741382721;
  -3.559356369072459, 2.107508103215976, 10.26013648740815;
  -6.890676212716949, 1.646370284893349, 19.3860719630914;
  -3.460232622960736, 2.17153281349658, 10.26238331336066;
  -3.707862399543846, 2.023605107612793, 10.93234166906879;
  -6.974285168313112, 1.434249663228908, 19.76282493632461;
  -6.541045136326932, 1.506945662171156, 18.92239277488195;
  -3.71274070608141, 1.991142263356762, 11.17413422331338;
  -6.650959820951832, 1.369465081550056, 19.34733923240165;
  -3.568111303318853, 2.053273033635763, 10.84233884748963;
  -6.609563962629467, 1.673397027143056, 19.84089604658285;
  -3.705202644903936, 1.933151552926602, 11.66503046065812;
  -6.89437245182421, -0.6654556260960443, 20.89299033819602;
  -6.95359625373993, -0.9565494839436315, 21.07045592892186;
  -6.693671151116857, 1.483121498128736, 20.36016466639013;
  -6.761798639048707, -0.2930425524653585, 20.5916888301622;
  -6.64364884465688, -2.007764446957078, 20.28922700355251;
  -3.334168033041436, 2.083873164599996, 10.7182274923086;
  -6.057878247062558, 1.729674139957168, 18.76666125402355;
  -6.837965903879764, -4.319778699934585, 21.00022386750209;
  -5.382554488259706, 1.804882482747538, 16.87308627682234;
  -3.674758295043721, 2.003365218406995, 11.82579728904815;
  -6.727606522121726, -4.359709289172779, 20.85837467980596;
  -6.692789638466921, -0.8662174329362705, 20.9387924063894;
