m=[-3.597017057389135, -0.09147918376605468, 6.859649875665397;
  -3.727363719109908, -0.2663897500630558, 7.380815487137913;
  -3.881572328387257, -0.2729992855439637, 8.118853942624893;
  -3.878060905346599, -0.4846630148785738, 8.31846030675899;
  -3.746307524535151, -0.4207008113957478, 8.177164081673752;
  -3.713427162635968, -1.004549695743005, 8.150618109239407;
  -3.626417791486188, -0.08378754282351585, 8.161350399778412;
  -3.65281851696327, -0.08837051323020244, 8.333303949497148;
  -3.573468873513086, 0.8988139874955289, 9.528498204646455;
  -3.649928975109281, 0.7998380563780531, 9.815227390344569;
  -3.575905922561338, 0.790272540382316, 9.748429040400907;
  -1.996843527622614, 1.119876111106927, 5.890322103591109;
  -3.543407573652708, 0.8746437933856694, 9.714363307417948;
  -3.564387248466082, 0.7834783030808818, 9.829925147333187;
  -3.552087905194755, 0.9522545226398301, 9.832583232881346;
  -11.88082975120824, 6.945502144387575, 30.70691396281974;
  -3.57053469517997, 0.9328537840247411, 10.04757850813013;
  -3.559135910288166, 0.9531054826284517, 10.14103014292752;
  -3.030122809927689, 0.9995379558273266, 8.855524495571878;
  -3.53307642269769, 0.8276858332302839, 10.20946859680418;
  -3.532644431670909, 0.4921632080393375, 10.2246455312155;
  -3.572407413146087, -1.148907666669686, 10.32964365358064;
  -3.534182296935369, -0.1022596794622555, 10.24363421761778;
  -3.52207900740027, -1.013703632013695, 10.23893415931279;
  -2.944268942791943, 0.9926328826210633, 8.790195668321116;
  -3.558341501182749, -2.196747552131574, 10.42822735136339;
  -3.526249414447761, 0.8703283399664754, 10.4219021047373;
  -3.630263924808126, -2.304044659668699, 10.74335558375082;
  -3.679474840125448, -2.495917720513242, 11.01298226144734;
  -3.551777198444422, 0.9308611962610364, 10.77128138596264;
  -3.6625114030074, -2.403803120442071, 11.263474946128;
  -3.5852228058503, -2.250434659442024, 11.34615057663587;
  -2.214236909268895, -1.003876100479575, 7.493485248638336;
  -2.267823293537127, -0.6425451859516423, 7.694239786666834;
  -2.177528794036265, -0.9964819526344475, 7.547012995530237;
  -2.136430631792955, -1.143628328686201, 7.427835996328713;
  -2.192379066341579, -0.8149131176476234, 7.607833341708808;
  -2.184310704461661, -0.9468233100456318, 7.587501884893815;
  -2.173685442382143, -0.9428873494801473, 7.550831871731465;
  -2.126100663346571, -1.096142571848686, 7.473433503303174;
  -2.195399638585408, -0.8245142002633409, 7.690247836527456;
  -2.172050994561146, -1.085346265260876, 7.650750594110485;
  -2.158642505282847, -1.020862201599195, 7.614456400410219;
  -2.126716794378349, -1.037217805857588, 7.831031660381655;
  -3.448572213938327, -2.217971770188304, 12.1952368461341;
  -3.836100304503441, -0.475697012566497, 13.54071738268352;
  -3.607530881197619, -2.877907364767547, 12.82571180771697;
  -3.574943956224412, 0.6343416527839062, 12.99179856595691;
  -3.694395381541621, -2.693446278839999, 13.47184800438039;
  -3.480274612895105, 0.8035665650208567, 13.02592698365882;
  -3.614207434158708, -0.1982022373911455, 13.53727126054772;
  -3.479151418357713, 0.6485905666087718, 13.06246986972736;
  -3.603361303826674, -2.333537972377068, 13.52792953413063;
  -3.753359824672828, -1.192700908315147, 14.32607985183385;
  -3.599146572742991, 0.8516140793137917, 14.52372287970499;
  -3.520097749810627, -1.017871214443845, 14.3068309912296;
  -3.403381695088787, 0.7963343598066378, 14.09025038561224;
  -3.455204042326519, 0.7628205965410826, 14.45771752109926;
  -3.558302111598684, -3.21648410207147, 14.95034735784712;
  -3.241315737341871, -1.098958294374621, 13.7338078110439;
  -3.763326824562788, -3.258660190285444, 15.99574499784033;
  -3.437465742871604, -0.994650179758336, 14.92434712326555;
  -3.46629765593164, 0.8376120574839452, 15.092072283207;
  -3.482903590165568, -1.012001280359296, 15.50005988363667;
  -3.549453976170657, 0.3479536731348681, 15.82205803148864;
  -3.519167930910253, -0.7417274457642641, 15.81076532836332;
  -3.495699089034803, -1.031771051956053, 15.94119366710522;
  -3.455613188249554, -0.1804182820158788, 15.80773400019604;
  -3.493069970962909, -0.6193373658731425, 16.03067203014028;
  -3.364933584779274, 0.8663682316958236, 15.57957934710126;
  -3.478005068324954, -1.026762083185498, 16.22268623201254;
  -3.345444684144964, 0.7101077771699991, 15.73781168672113;
  -3.553446861409777, -0.7519758316296594, 16.67662016267956;
  -3.427443104612579, -2.268948612264635, 16.36835206507131;
  -3.469929866902378, -1.026583541339371, 16.57570778092882;
  -3.605764776711028, -0.6503672852376594, 17.60952964637311;
  -3.453725616554317, -0.9733275412472031, 16.92908229984053;
  -3.279547838292385, -0.4424662261484857, 16.18606978826306;
  -3.57569609615851, -1.259107748941541, 17.6236471473487;
  -3.435499293788404, 0.3897994196422293, 17.00988441908902;
  -3.553166719656461, -2.365567304076608, 17.57836638795638;
  -3.509787802359013, 0.7090075217789166, 17.49656846488163;
  -3.434342250677085, -1.040114562034526, 17.48486175798958;
  -3.29760075620489, 0.7432218558938751, 17.12871537420444;
  -3.467415398501926, -1.256053980526592, 17.95372926082692;
  -3.522510923835966, -1.025924861816209, 18.35938503229572;
  -3.140644444171632, -0.1310324591530194, 16.51549698339111;
  -3.477320220064921, -0.2700859229232535, 18.18221343141219;
  -1.866123926842361, 1.089896967174745, 10.26398944575964;
  -3.44937530937397, -1.308204093339656, 18.25328943712292;
  -1.968794689559275, 0.9943865445193687, 10.94242029204824;
  -3.339902610521205, -2.261833723488411, 18.04329931557886;
  -3.510533402286759, -1.252115669711259, 19.00703631342548;
  -3.512888618380143, -1.459569185332834, 19.02664550228932;
  -3.474695952321246, 0.532429097855716, 19.06955882082596;
  -3.465530979601663, -0.249709326696979, 19.14234521367684;
  -3.491240499799191, -4.351139531151151, 19.41907124625537;
  -3.604697129246086, -3.321529521600612, 20.48704720297361;
  -3.494899859483553, -4.672976095690532, 19.96806594104092;
  -1.809787320558372, 1.065977047660058, 11.03609054608137;
  -3.298190745165857, -4.757342344809937, 19.49711493665042;
  -3.388374565807674, -3.066164987414109, 20.02190688353819;
  -1.88556577634703, 1.000135304052136, 11.60636383687116;
  -3.51977393690185, 0.7417833028331566, 20.80983036288824;
  -3.457189176283468, -3.092720662218744, 20.92068956477767;
  -3.456153582969406, -4.94942555905231, 20.95993858708561;
  -3.43687953606084, -3.251022109711331, 20.86419336530068;
  -3.393765007681182, -1.158804889663843, 20.58853583021032;
  -3.413770504723728, -5.113198618930255, 20.75420110928952;
  -3.23523158695235, 0.4277530197043175, 19.80228060855032;
  -3.412888287891186, 0.4861308403862036, 20.86187665343174;
  -1.819734470978967, 1.055388909966796, 11.77427195362468;
  -3.38342569763341, -1.127269250987948, 21.82161671763574;
  -3.083180004323852, 0.1779522716667367, 20.63107745475851;
  -3.296725782406288, 0.2848815004994241, 22.82062463857155;
  -1.825005121312087, 0.9453438202807127, 13.25698436625331;
  -2.350576757908459, 0.6221430670744647, 16.98257442122337;
  -3.64339028571784, 0.1861932126702261, 25.75196920962697;
  -3.395129329051727, -2.430899652581704, 24.25041167514557;
  -3.312567125295126, 0.07351914476546947, 24.2598645787987;
  -2.104415723919407, 0.5048855162953452, 16.23444361003372;
  -2.055946430157608, 0.765083764705498, 16.0897275279643;
  -3.029548066061851, 0.07307551336346459, 23.48878123261531;
  -3.169020810337845, -0.880804272483604, 24.55315786433887;
  -3.19798818857778, -0.2957265650493765, 24.85222555487736;
  -1.835240054464371, 0.9857278856412314, 14.72191097871503;
  -3.462072988367906, -0.8542901381131262, 27.92855640131619;
  -3.148342974054575, -0.6612790864704755, 25.65578372839213;
  -2.034175664405738, 0.1747023681874722, 17.20270670091057;
  -1.815550723342844, 0.9058293792692721, 15.76290848633864;
  -2.833008108145525, -0.3429476284515563, 24.51924376562876;
