m=[-8.406432396558143, 0.4769246644528147, 11.02941983944773;
  -8.514522700529973, 0.5501292227216874, 11.16954528799991;
  -8.433630002800987, 0.09605565548193312, 11.13502212233086;
  -8.439675867967571, 0.511852859457905, 11.1621353079591;
  -8.342831716822584, 0.4213013935463483, 11.15306657014055;
  -8.343686295726315, 1.963034099248898, 11.3337514889507;
  -8.166230797318749, 0.003944404285605825, 11.24642166617201;
  -8.850267370614882, 1.852001110940152, 12.23709089093288;
  -7.767444218908328, 1.149280216498325, 11.02083812862876;
  -7.721990198955286, 0.9862194336394152, 11.10349801030535;
  -7.477057984150491, 1.017584005658519, 10.8813928318496;
  -7.677667089728685, 0.9940207304130951, 11.17892869683649;
  -7.183919511604482, -0.5180409019738362, 11.51718464983823;
  -7.144211570373895, -0.6122521548196995, 11.53115579836347;
  -7.155358830324804, 0.8600638635182668, 11.60558050521417;
  -6.976524604403043, 1.441136092446229, 11.35839937339561;
  -7.30992275549695, -0.5706529808994751, 11.98997367736349;
  -6.992413082202586, 1.516753539514716, 11.55535391961183;
  -7.079929965146437, -1.763991429790057, 13.41450727196105;
  -7.207080902900664, -0.6987852986616875, 13.88639622373303;
  -7.106036029529456, -1.887616693636839, 13.73225385347508;
  -6.955961071495818, -1.275974932987223, 13.53347843003583;
  -7.411708976333228, -0.6405921964154374, 14.39645773929897;
  -7.204533664151896, -0.5148984823441384, 14.26620465648493;
  -7.730824536461406, -0.5437254278851986, 16.17010581216431;
  -7.591152954421997, -0.699377116317304, 16.07324454102056;
  -7.642302422108011, -0.9551013826023597, 16.39277744784977;
  -7.513339613565698, -1.363127988261164, 16.28909124265442;
  -7.424937253325846, -0.833801578375307, 16.20660605648254;
  -7.252671418042284, -1.961979741955312, 15.91892136596985;
  -7.408665742852633, -0.9651153221941838, 16.40520960202944;
  -7.167639653934852, -0.165606653446699, 16.1309650786638;
  -7.211478663990055, -0.1744631077963471, 16.45180108271638;
  -6.903587803597257, 1.901378260318269, 16.2830803046387;
  -7.242049987567998, 1.913866008789916, 17.41866124561593;
  -7.012453083171017, 1.9337748330042, 16.96440932567454;
  -7.167694393573939, 1.973705418333917, 17.58581511618908;
  -7.056324311520304, 1.848756020383525, 17.52325667890629;
  -7.187713396524628, 1.96028729975794, 18.21722690904164;
  -3.938248619492387, 2.205968408783546, 10.56467987101866;
  -3.791648939851613, 2.199993933353405, 10.44008941990807;
  -3.964969484724259, 2.184896664306019, 10.88135098537522;
  -3.75687489764759, 2.215893116230376, 10.37614782815354;
  -7.097464526572295, 1.785184261578583, 18.9250782342762;
  -7.423365140770629, 1.626741228793582, 19.96258484893926;
  -7.125895696984455, 1.574817631365894, 19.42620696844118;
  -7.108666303403022, 1.754681258727447, 19.48863224652151;
  -7.042510750814761, 1.54799520586651, 19.42195073209008;
  -6.966860445251875, 1.867697124806345, 19.28506192080063;
  -3.97740496013853, 2.138088986400245, 11.46730919155656;
  -3.605191728054357, 2.310019852528106, 10.52456117383514;
  -3.97506843192552, 2.130637572750623, 11.58626504453462;
  -7.097638939244619, 1.854360735117283, 19.97294258495568;
  -7.177210124256778, -1.747944817515923, 20.20787357213313;
  -7.055506335205464, 1.988834146205724, 20.06933587967169;
  -7.057794415050812, 1.890015644753717, 20.1097422828736;
  -7.161149577433196, -2.035862918974048, 20.44068663376043;
  -7.006695916597309, 1.641442826049024, 20.2471255555904;
  -6.969197588671352, 0.9709391106418703, 20.17117101917393;
  -7.150048560328575, -2.299498533619834, 20.67442068958981;
  -7.144194783364091, -0.2067134650061006, 20.70705809478316;
  -6.903233923725667, -1.986847338295833, 20.06819196356798;
  -7.048259225540924, -1.215309349292229, 20.53142217138789;
  -7.059866420570658, -4.358419300848323, 20.68994560513538;
  -7.200703003137623, 1.777235570925672, 21.28182467085666;
  -7.089368267986762, 1.915002072987393, 20.9875983440243;
  -7.105428200626927, -4.509651154682682, 21.02771129462179;
  -6.869896486349406, -0.799672979728616, 20.48451165343741;
  -3.754674292646663, 2.188002895393792, 11.68742873899659;
  -3.765226983550951, 2.085110573546789, 11.73524793858211;
  -7.354534129809037, -4.988840217231645, 22.01274840352883;
  -7.029423701996877, -5.026049857278787, 21.12605149279728;
  -7.010115485731742, 1.837233622039757, 21.25919567195293;
  -7.652130651024284, -0.556217394895464, 23.50423261002786;
  -7.28905184980111, -4.783997550759448, 22.41632690176689;
  -7.909453517094067, -1.408726644025724, 24.40546785028442;
  -3.87940468075007, 2.132947726842211, 12.56559324168831;
  -3.646833107258829, 2.262773780920447, 11.90668609933066;
  -3.725113677688684, 2.174170612287751, 12.17374814395152;
  -7.266056497996528, -5.32463715810042, 22.87789403854035;
  -7.11446349697341, -4.465729496866473, 22.51513461783167;
  -3.743258420526895, 2.165527537795144, 12.56691864860183;
  -4.565914465042361, 0.5326564421408194, 15.34859180796861;
  -4.371049557400136, -1.981717568846173, 14.79263363479024;
  -4.595456130211145, -1.371690682099737, 15.51062383339904;
  -4.427589240133897, -1.254474349799137, 15.02186408770939;
  -4.374676214270764, 1.908862038651549, 14.97322654606724;
  -4.172088411734529, -0.9138015182606734, 14.42001334782355;
  -4.345192237698627, -1.271457511058, 15.03536440756294;
  -4.326975294932226, -2.229223335671932, 14.97613771082605;
  -4.312750949384924, -1.448425223905208, 14.93491983095113;
  -4.295853915872552, -1.965871087466193, 14.88883426882008;
  -4.315552969569397, -1.740443231109506, 14.96876600731405;
  -4.307749902648002, -1.601202071807318, 14.94843836097925;
  -4.244112191152833, -2.271867319114166, 14.75571864434756;
  -4.278303751134581, -1.855815200085915, 14.86174204010516;
  -4.351567273726065, 0.4935474733175929, 15.18152305060282;
  -4.400595174198234, -1.203381049637701, 15.3798968062691;
  -4.195370330876868, -2.162985085149477, 14.74710098636021;
  -4.226116315447376, -1.514653551172724, 14.89331567190006;
  -4.264047880324875, -2.016547573847786, 15.0411226474673;
  -4.228293097261628, -1.104466782648287, 14.9575649004867;
  -4.165373496369438, -1.887479130787493, 14.75068194342924;
  -4.077249099110088, 0.9383324233621094, 14.70053048193077;
  -4.272003438145537, -2.280333614725797, 15.35162862034333;
  -6.946057284581132, -4.467402164015492, 24.56344494974141;
  -7.038140442432358, -4.806690536851408, 24.8583663267931;
  -8.060776415924551, -0.9995795093053841, 28.45303476681732;
  -7.088467493761704, -5.65482416561874, 25.20134802094218;
  -4.021457694226793, -1.96129900181386, 14.80787785549075;
  -3.821910571529658, 2.091228825949372, 14.40185003613655;
  -3.905031545776676, 2.041942134955959, 14.71951495792283;
  -7.449020755107508, -5.430804004923263, 27.16332850990292;
  -7.443650341144072, -5.12206044949346, 27.30138765310981;
  -7.119980287064831, 1.260091498433558, 26.32831258005628;
  -7.698294658852086, -6.979839050920459, 28.36526442062023;
  -6.964780993072969, 1.608110210036141, 26.06769257138434;
  -7.338725789973059, -0.402453898308508, 27.4877199318162;
  -6.892626891822303, 1.28493768842637, 25.87835948232489;
  -7.216431443039371, -4.673363389761878, 27.09230849142099;
  -8.023258485215871, -2.549541778557915, 30.6237203732859;
  -7.247778960278646, 1.981835584115393, 29.03869865310182;
  -3.65596412221319, 2.140852351278481, 15.14044408781341;
  -7.364333907053944, 1.742515986292655, 29.71747404500724;
  -2.496616511877368, 2.190799545611002, 10.769466147473;
  -7.136779668090973, -2.063670700158455, 29.00621169923882;
  -6.971786601346622, 1.631281389302713, 28.86370899561055;
  -7.418046942830718, 1.862922619408315, 30.98082131780632;
  -6.721229740350864, -2.278812608861531, 28.47858246094563;
  -6.881480146338059, -1.991195251546172, 29.87712637974223;
  -7.42326879991194, 1.793792706206429, 32.32051036189367;
  -2.428704225172522, 2.179613573192202, 11.23769612536042;
