m=[-3.690123180497589, -0.04623869464247365, 6.496347474761227;
  -3.70505476036251, -1.086935216807929, 6.55118336770116;
  -3.96328115098498, -0.2218553989577091, 7.764304943565096;
  -3.88189075169817, -0.4282079702101444, 7.806832059594576;
  -3.82565121221953, -0.635308764806653, 7.773773106782367;
  -3.820342555337497, -0.3671318653186036, 7.811371162288367;
  -3.832988889355195, -0.9779476820023371, 7.875628095982102;
  -3.779358572083214, -0.9203215821754942, 7.853365625693497;
  -3.710878055510628, -0.03357031074241509, 7.936335672103476;
  -3.66606064011899, 1.018809118734741, 8.560191712699222;
  -3.64298894915822, 1.055217555787438, 8.702722280177426;
  -3.613748329388082, 1.056582704318608, 8.850050394466246;
  -3.659100758365963, 0.9874740684317576, 9.217596234017504;
  -3.709251828490273, 0.8809514816748599, 9.450294044688199;
  -3.388918498572009, 1.076704814857554, 8.869063150712869;
  -3.627779329635693, 0.8629859550981738, 9.462978167967131;
  -3.42423158068952, 1.06134903912066, 9.085397740743536;
  -3.641758949123157, 1.020593377459761, 9.70814882653897;
  -3.61370266027234, 0.961523432083616, 9.660615950489868;
  -3.633784338116336, 1.039452341564713, 9.808846106160262;
  -3.663469357914966, -0.9685979595894858, 9.925700777513995;
  -3.702225876934925, -0.02191135633932747, 10.01479295565822;
  -3.657761386591524, -1.10316959566487, 10.04572364983787;
  -3.59020693507936, -0.03437227024526782, 9.879083636848501;
  -3.667852737013482, -0.9832474915811629, 10.11255507110085;
  -3.671947207761396, -0.5602795570353428, 10.15301122182666;
  -3.646086061802077, 0.9729913860452936, 10.24110858431125;
  -3.629626587038677, 1.051457597173473, 10.20306034866079;
  -3.832721050590604, -2.356558625612157, 10.79495054908134;
  -2.334659665708128, 1.335777472899258, 6.9426815547134;
  -1.95323292892242, 1.175575869424697, 6.020859812964041;
  -2.452626579309201, -0.8101965498798583, 7.423237897296838;
  -3.784650119918164, -2.401033452926583, 11.10309936691598;
  -3.789448122611825, -0.1990159496017508, 11.11497983222751;
  -2.307115489705574, 1.094529999139438, 7.210185174543941;
  -2.312940564242402, -0.9890176793213691, 7.283571503854214;
  -3.738242752100586, -2.265409879736541, 11.29019923906282;
  -2.249147728193559, -0.9726445837837492, 7.259237978198124;
  -2.246001263017297, -0.8511356539327974, 7.258605589680635;
  -2.252356447023909, -0.7824457867540536, 7.281279044358926;
  -2.235236071380437, -0.9184241750581794, 7.235469044013033;
  -2.146110433245476, -1.052777784676467, 7.022351092136134;
  -2.203828700179051, -0.5525011270197981, 7.190652089406458;
  -2.203755382376596, -0.7329992917117266, 7.230488297953399;
  -2.213641115611116, -0.9910580653228388, 7.277575925885262;
  -2.239548524058593, -0.9585057477466195, 7.38169041684591;
  -2.230419681632207, -1.133393914907597, 7.481367680163639;
  -2.198855944958371, -1.005481641295646, 7.527445302220286;
  -2.011504602343244, 1.151550009612995, 7.033332644780304;
  -3.094124537513438, 0.7776632017813346, 10.36254624865335;
  -3.603168067788503, -2.228621601427649, 12.19940630838564;
  -3.57781725788024, -2.765784310572281, 12.19734561291892;
  -3.856013906080228, -2.653239433438818, 13.29533547739195;
  -3.786406030695161, -2.665977009729154, 13.27616865452866;
  -3.779123689472502, -0.4560829277835333, 13.23838778006636;
  -3.835357490935735, -2.614212557162984, 13.48333197895198;
  -3.787509332649329, -2.508847618019491, 13.35361212599675;
  -3.588041770228422, 0.7209502116237271, 12.71877452518744;
  -3.600024121977487, 0.9159951264876315, 12.908480479581;
  -3.682874230219661, -0.1142295757007722, 13.24814712005303;
  -3.389466604800877, 1.009332607229917, 13.0563006128043;
  -3.622561210090034, 0.9495063652820749, 14.06931818518362;
  -3.602384170820758, -0.9437180449887462, 14.08932340121808;
  -3.671094342259474, -0.3145963097213846, 14.56741368786611;
  -3.677485492065535, -0.200393053443433, 14.59313357952477;
  -3.548346068398874, 0.9212310484935428, 14.12169629991468;
  -3.728229080411928, -2.348807637019423, 14.88422519324484;
  -3.59599305588874, -0.8463180784680378, 14.37478304387322;
  -3.59536185277734, 0.7864824380615278, 14.33735219074527;
  -3.684550116085239, -0.236426786713984, 14.83220661571308;
  -3.690081272112619, -0.3010964685091413, 14.85516033997651;
  -3.664330866678018, -3.202361526112329, 14.84728292342967;
  -3.781128999525436, -3.234542872591314, 15.42502786803568;
  -3.962970881587366, -3.310813663097689, 16.23043821891686;
  -2.959622025870205, 1.10957125038442, 12.50523098661712;
  -3.635559423770583, -0.9399831672559803, 15.19562412724602;
  -3.45100288220707, 0.9257960757477109, 14.49429012857707;
  -3.606738995498151, -0.935878006737322, 15.47833533312421;
  -3.564171641089378, 0.6930324891676299, 15.32432173271033;
  -3.569942582978223, 0.443250697234993, 15.36285491881662;
  -3.590405534523677, -0.4251385195611592, 15.46096769644387;
  -3.575132002802622, -0.6529875375823998, 15.51481962557714;
  -3.602565150811703, -0.9514984425059833, 15.85662940879885;
  -3.485905923677439, 0.3308062717853491, 15.36248624206566;
  -3.548332125677201, -0.2920232111982596, 15.65730014528234;
  -3.558361833018307, -0.09395248330835726, 15.70612624545671;
  -3.615762533283079, -0.5281611395724146, 16.00796467104624;
  -3.451787806226925, 0.9892151901485096, 15.40174616769505;
  -3.58976474597338, -0.9451803081412779, 16.17033790746202;
  -3.5407879040468, -0.4338997906503103, 15.96446707835369;
  -3.550365652854035, 0.684124619916161, 15.9886334474936;
  -3.520679388037736, 0.42996517007837, 15.90840974494734;
  -3.580370115080184, -0.5538368596754432, 16.24772288758396;
  -3.804571693199785, 0.9483887794927987, 17.2425681970849;
  -3.593510028954347, -3.218217876698096, 16.53471581410365;
  -3.688446766029871, -2.323172998138485, 16.99667197551078;
  -3.538001239078539, -0.3506910346824814, 16.33494009277366;
  -3.509324446934218, 0.9216953328915717, 16.40090019606832;
  -3.519490758261188, -0.8801657360792159, 16.69371109893879;
  -3.499245121109775, -0.3611732458800188, 16.68172955020659;
  -3.731076335163762, -1.189347961721215, 17.77216257978466;
  -3.657686974803274, -2.314205361357695, 17.55693832392345;
  -3.44518731457323, 0.8049216061664627, 16.66796477112019;
  -3.566151368021097, -0.958453541076958, 17.56794331016774;
  -3.572801995516564, -0.38435918277879, 17.7325702747544;
  -3.564570656683602, -0.9184290405095299, 18.02067817306805;
  -2.004014281417591, 1.080662069524534, 10.55087146325769;
  -3.635518724135396, 1.020471807800727, 18.37080805013711;
  -3.463253847564593, -0.02317782104887185, 17.63252090665922;
  -3.418844761426896, -0.2424039238790441, 17.4872039667611;
  -3.532231604246166, -1.219687943253706, 18.1239255075579;
  -3.537871873550047, -3.20541110166727, 18.41429090469842;
  -3.624797018812417, -2.322666601749598, 18.95814605067655;
  -3.634269257541365, -3.224955667801907, 19.10569279084441;
  -3.462654286724047, -1.317818552976529, 18.21861431787616;
  -3.503385222381681, 0.655184789566282, 18.6489925834201;
  -1.977069594587915, 1.114213429473902, 10.97905468414754;
  -3.620330702128197, -4.36867463632974, 19.58522773031162;
  -3.63947579328247, -2.343177889005671, 19.63520378805661;
  -2.04883400830319, 1.100146267601527, 11.48437138455213;
  -3.542059303911514, 0.8246083521690168, 19.49864240554375;
  -1.858675853142153, 1.164162661688911, 10.75154782419189;
  -3.742243899218329, -4.850791220197768, 20.78423565101946;
  -3.837109492036867, 1.055975325353143, 21.2787338160678;
  -3.945691314939203, -0.1852496882203207, 22.29944305299296;
  -3.553780019904649, -3.071244652220312, 20.39883706793906;
  -3.456440957028677, -4.952592045412532, 19.87092266141452;
  -3.34456489909153, 0.8181307566274223, 19.23381718610438;
  -3.510829023256878, -0.1590677794009192, 20.49018364421697;
  -3.609017880210988, -3.072505871441704, 21.22884144588367;
  -3.541895891689387, -5.146674931221542, 20.95580086117806;
