m=[-7.347807358902591, 1.516453114640728, 10.72816665965047;
  -7.412223876679796, -0.4526031793140791, 10.83973150251021;
  -7.300422448425303, 1.062337986583819, 10.7661010773415;
  -7.431873341819266, -0.3398136958415183, 11.04131444747208;
  -7.44850264551001, -0.5302110461724696, 11.11836176429261;
  -7.259228850684435, 1.661427837443988, 10.93489622805079;
  -7.516715132018824, -0.09418739665406313, 13.23294399072213;
  -7.398164792733611, -2.17036626259848, 13.08124637189617;
  -7.343614300030278, -2.027201524094168, 13.11582512227617;
  -7.442223374129209, -0.6244949430534923, 13.28977067598411;
  -7.318248071056185, -1.84138536432253, 13.10139455613491;
  -7.260271142319978, -1.221945932658817, 13.06604430298376;
  -7.65627605698032, -0.5524942163609403, 13.81864656520084;
  -7.914496612594378, -0.4430353882666594, 15.50497247961419;
  -8.001290152572569, -0.8826153115712196, 16.0913154121857;
  -7.499080325867801, -1.245338687383599, 15.23822892600033;
  -7.680167872804098, -0.7380579925125295, 15.70347186781413;
  -7.718756472874098, -1.969361304842606, 15.85970037967874;
  -7.422552817765535, -0.9939882868566266, 15.44910324371395;
  -7.604918782462154, -1.851893847249803, 15.80273652612397;
  -7.451739544050967, -0.05889626244979387, 15.70185308991953;
  -7.522626533985406, -0.06805314175441889, 16.08839967697761;
  -7.394913401855067, 2.155918739347492, 16.32977965428033;
  -7.586512185284478, 2.128358253722057, 17.15517439301348;
  -7.418709254378365, 2.165647141594433, 16.84457819975545;
  -7.289803979757244, 2.111543363167883, 17.41458467158367;
  -7.390595079130093, 1.99448484008934, 18.61755821093039;
  -3.895601281793656, 2.326558473188407, 10.31896117917574;
  -7.386161529127772, 1.754221671604151, 18.81818801724002;
  -7.382542657700874, 1.757506601848959, 19.03284428107913;
  -7.260324510930767, 1.922221033433367, 18.82903787915537;
  -6.779602259908051, 2.153970477347864, 17.74274613130315;
  -7.431759002621077, 1.767886924252489, 19.38557084133856;
  -7.46221706692163, 2.134473727783423, 19.52772465826868;
  -4.001829870579134, 2.349108060265463, 10.94814037462003;
  -6.895080958762947, 2.137147379725003, 18.29448490524529;
  -7.412317643917739, 2.077282545246999, 19.75965016961384;
  -7.354813037772225, 1.956947136840285, 19.66183464032387;
  -7.4145589873103, 2.120951598636846, 20.01447011829952;
  -7.507545379418819, -0.0444328648521865, 20.30846174149023;
  -3.845546563793772, 2.320027646396167, 10.91349557203694;
  -3.944006369433237, 2.271590178751423, 11.22018616598671;
  -7.354482937967411, 1.844307999265695, 20.13318567949284;
  -7.407709275647745, 1.171232694645344, 20.32050120916288;
  -7.355326563151378, -2.218343892086399, 20.20076494836213;
  -7.229430029213814, -0.06921381613282934, 19.89304382639121;
  -7.407540007531867, -1.985751788149297, 20.42316353424345;
  -7.356530537149889, -4.389093330998358, 20.49132182561683;
  -7.145033789662413, 1.906717563026485, 20.06893574046354;
  -7.610557139074188, -4.679371087816526, 21.43531628909023;
  -7.356856336659926, -0.7142873542389499, 20.81856541498777;
  -7.61732525691263, -4.985450341126477, 21.71109913405313;
  -4.008910046697665, 2.293701223314712, 11.92147457058636;
  -3.879711163124191, 2.356525791048848, 11.61459860580258;
  -7.486725312226528, 2.110716025178228, 21.57087575562906;
  -7.590292060522833, -4.815384402083764, 22.26778283370638;
  -4.899994903853149, -1.659621735891411, 14.74439854073809;
  -4.882397344840438, -1.612842948577379, 14.77729928625708;
  -7.942221384361249, -1.241467534534276, 23.44042193653556;
  -3.885496948007097, 2.338531357507066, 11.97708275405567;
  -7.830854369203316, -0.6879580906665259, 23.25675492241256;
  -7.352790147531167, -5.218493563799704, 22.10161385937003;
  -7.447761513705364, -4.513412754051057, 22.49364660106888;
  -4.606035168700719, 2.185171783436636, 14.39475684463118;
  -4.526007046926713, -1.935329015948935, 14.25263427122977;
  -4.690285761427743, -1.216876301429398, 14.82701942937913;
  -4.621430705251176, 1.931360341841203, 14.73960757657945;
  -4.527189250938604, -0.89534812223616, 14.54456200958704;
  -4.472816388733663, -1.392825168660099, 14.42688102532166;
  -4.447333259142231, -1.923250550669812, 14.35399288885242;
  -4.333054025827027, -2.20670683345965, 14.01833235626156;
  -4.472991651387576, -1.695067022858744, 14.45577201490053;
  -4.499394460543177, -1.563044003647068, 14.54536498481224;
  -4.48847556050394, -1.844245677987277, 14.52921523084523;
  -4.338155357829034, -2.128088804960021, 14.19500578487818;
  -4.117716997140973, -0.9667583248929532, 13.56277219335294;
  -4.406010289117283, -1.972592577058098, 14.48521812463289;
  -4.387926213314177, -2.041001923214195, 14.68842033221861;
  -4.385805967033353, -2.228659402504643, 14.71105518097862;
  -4.220119151875016, -1.471863590462533, 14.36665476160727;
  -4.380463605586095, -2.003076075028615, 14.99584375457586;
  -7.114929401052575, -4.400706560865645, 24.0893327721437;
  -4.071214248347578, 2.330696535001623, 14.23521678421275;
  -7.827852921687279, -0.7778075889446156, 26.57453399104434;
  -7.600178712625231, -5.875217632937003, 25.91021279067858;
  -7.633974480125422, -5.264536347262552, 26.10049432256457;
  -7.69955613974129, -5.29789737991482, 26.54766927667389;
  -7.645689905867102, -5.383266703919156, 26.80786683933187;
  -7.923633630037993, -0.9562624358495715, 27.75673495784929;
  -7.04948380777887, -2.086593306112992, 24.95113308181285;
  -7.45700141163086, 1.897369773042863, 26.73830893815519;
  -7.311920251875581, -0.3414844434143239, 26.26371676192714;
  -7.668591651961085, -0.2378522631693974, 27.58569097341438;
  -7.544134592201887, 1.603072360433675, 27.14691592746186;
  -7.556069417869155, -4.698269740796555, 27.26156373741062;
  -7.606155555413338, -2.222345687307628, 27.9955291657784;
  -7.714633872608828, 2.022075968643393, 29.96212688790739;
  -7.550350475897238, -1.977968382109051, 29.53025679746416;
  -7.814955600717457, 1.924500473105069, 30.64473108409201;
  -7.759908843284067, -0.6649893623733405, 30.7923991489347;
  -7.255902488113657, 1.88379671205747, 28.87701744524938;
  -7.562573057349804, 1.654306614942895, 30.15754125212948;
  -7.522640360666887, -1.770455736731736, 30.07133813136495;
  -7.905229606364324, -0.5072554247286921, 31.82260932057174;
  -7.454474832504022, -6.514674648532806, 30.20434041320934;
  -6.728000328857557, -2.09021123085713, 27.41422255968023;
  -7.196088189611934, 1.930485263001711, 30.22373309185891;
  -6.2692869557069, 2.350374644349098, 26.48949116380804;
  -7.607548654652342, 0.9445673612516903, 32.73824817982385;
  -6.885468768438223, 0.6534187389597135, 30.34445608724721;
  -7.525052479420213, 2.156533552230124, 33.57649852564403;
  -7.702637440433611, 1.484231323343439, 34.68787687122676;
  -4.04511524859944, 2.325024318879872, 19.19286447213364;
  -3.995944544786919, 2.310082828363835, 19.84870871505811;
  1.23209888831846, -0.6779868145848376, -5.199676103492756;
  -3.799731424817401, 2.365574696468701, 20.85409799451138;
  -4.140463636859559, 2.33343338093207, 22.99280551946403;
  -4.300514150539041, 2.309213226795943, 24.105760373538;
  -3.921852922206656, 2.456412574010745, 22.68603704151457;
  -1.872747347791964, 2.247508511890575, 12.44774148294659;
  -3.958364855240811, 2.393170715287011, 27.18900568621602;
  -4.044541412058289, 2.276620351325422, 28.10559762391744;
  -1.657358804000485, 2.427773635426947, 23.42263976912333;
  -0.09075935810017551, 2.118512942877439, 12.59265190953366;
  7.986610596505976, 1.9427130679501, 29.65370742342365;
  10.71419131772046, 1.742441883764838, 33.82962354614223;
  7.229267574514103, 1.32892538964482, 20.95612785953749;
  7.2150146971973, 0.7354199890785904, 20.54913385790595;
  7.12268737957067, 1.307398609496625, 20.18624248327322;
  12.94820612325832, -1.192312141813801, 34.08119481331422;
  13.23726899088357, -5.375826331712527, 34.26964137687865;
  12.92080829736208, -1.472963322238338, 33.45871150149836;
