m=[-7.367575779268818, 1.241855612205225, 9.921956512319394;
  -7.386247534155235, -2.079051621341994, 12.03541894419279;
  -7.367469415111717, -1.767475830374765, 12.15658455055581;
  -7.511329199633637, -0.532400163581218, 12.37743232975704;
  -7.478285032342975, -0.1019022580918345, 12.34649406953901;
  -7.266783611113679, -1.151026292397437, 12.05434214615555;
  -7.728575256137841, -0.4489594660283546, 12.91268836037836;
  -7.069740312430593, 2.297141641846701, 12.00609825623684;
  -7.700909284495799, -0.3411701714759553, 13.11208823560277;
  -7.623576815859583, -0.3506573429101544, 13.01275757825744;
  -7.212959812013704, 2.265810593006958, 12.80586730072681;
  -7.144211620045227, 2.241582380289237, 12.87095499410494;
  -7.940075656742579, -0.3546065156671208, 14.51931315541516;
  -7.536807560278966, -0.7428688074237363, 14.1825254970602;
  -7.553543380351838, -0.3504582895063714, 14.32587029223995;
  -7.781523222232982, -1.205879471186635, 14.74264463709029;
  -7.599625710557728, -0.640492937687198, 14.5157599148654;
  -7.530518134417666, -0.9141911378469236, 14.46667693081746;
  -7.595247101985633, -1.844707382454207, 14.58753546678721;
  -7.486633412215678, -1.734498786646074, 14.5396879202297;
  -7.43303200591925, -1.732686217476429, 14.63681588441251;
  -7.481638771454833, 0.03152667670599856, 14.72660380654499;
  -7.346742590453085, -0.09970920468767798, 14.59661530313329;
  -7.197732720596567, -0.0973717436538655, 14.35313141056059;
  -6.979084545582134, -1.254528629605725, 13.96951112147953;
  -7.328133953060065, 0.02253800911926579, 14.66374312090017;
  -7.253077525668385, 2.205155676234418, 15.00358374912257;
  -7.239204195723845, 2.206575910873744, 15.42846993218934;
  -7.315600165955015, 2.215805371865133, 16.44025660477892;
  -7.325552078459779, 2.07689808746313, 17.4216964979091;
  -7.527374103419136, 1.882412649721025, 18.11007421012412;
  -7.211271062711637, 2.031002116741704, 17.68424938846146;
  -6.842097364967018, 2.267912066861816, 16.85598064094487;
  -7.169932826981754, 1.803749396771006, 17.69320929570798;
  -6.87589175335366, 2.226459730575727, 17.20375869142115;
  -7.258141398668932, 2.133238016698059, 18.32222415649095;
  -7.197913763606549, 2.018033493849543, 18.21945935228192;
  -7.575638292339179, -1.675361840247499, 19.23998781095559;
  -6.178483944954033, 2.245233187989627, 15.94920503077106;
  -7.228445076296199, 2.172155565603764, 18.49291941170052;
  -7.50434610815344, -1.817216826505776, 19.19711636025539;
  -7.374282489473379, 0.06605704591291041, 18.91236078637196;
  -7.292373002219101, -2.091207540386847, 18.98014904233966;
  -7.192603504057384, 0.03766330693712833, 18.74311105900786;
  -5.984989728329379, 2.220406857739143, 15.76507588599947;
  -8.358136149383167, 4.955986512836425, 21.62431814430259;
  -7.289525049752935, -1.845441783796505, 19.0563589293529;
  -7.294611519486879, -0.9947908409409774, 19.0877724312637;
  -7.570835445458209, 2.116746808817411, 20.14384607416051;
  -7.388037193283, -0.1964212297251405, 19.71138884678189;
  -7.726085027492245, -4.622400962024372, 20.6782336412998;
  -3.911612115507651, 2.322013070669982, 10.96599388704243;
  -7.970790620999252, -0.3918139402968098, 21.41681691998668;
  -3.920963968841636, 2.431409209528174, 11.06091478044865;
  -4.862091688177654, -1.522866394117256, 13.67748201285178;
  -4.881136525921127, -1.334838462910105, 13.74169758577848;
  -7.774682414110945, -0.3747293294084765, 21.29274076270182;
  -4.731704317618612, -1.377749679218244, 13.5083426741259;
  -7.563688708551387, -4.664774621475979, 21.11651824843081;
  -4.657897515743128, 0.6816162999394698, 13.4871475496485;
  -4.636352926884409, 2.269637330924837, 13.44341298054524;
  -4.643498332030668, 0.107366046029717, 13.4976322619399;
  -4.657301227205188, -1.900665639358104, 13.58715750232468;
  -4.522619314760984, -1.078195199133985, 13.28272079953715;
  -4.535552921175636, -1.371536238716696, 13.35791506220548;
  -7.515487926816227, -4.426609234761277, 21.61807361824569;
  -4.426610499338203, 1.911160363092129, 13.11408735579919;
  -4.455024500038703, -1.303225672197553, 13.32760475845888;
  -4.471078489064889, -1.85330394132635, 13.38395386316758;
  -4.442476310409431, -1.59493170219982, 13.31399537739132;
  -4.442265994311427, -1.455962621552396, 13.32460318692358;
  -4.422118906881647, -1.74120269820116, 13.28109220611243;
  -4.386706731693843, -1.938616298469448, 13.20295452683368;
  -3.803692536158331, 2.454854400176832, 11.58984247247883;
  -4.315352927722919, -2.043619531467707, 13.05626071806621;
  -4.414244125242566, -0.9650881073430441, 13.43097145007678;
  -4.375083109852363, -1.873319960774804, 13.34254232055902;
  -4.414965258352104, -2.016508174359133, 13.46364662287251;
  -4.461494171329946, -2.178652192942836, 13.89720685561507;
  -4.201625517367989, -1.384127504239584, 13.26190204222853;
  -4.346119279283101, -1.895371571095319, 13.82943553613236;
  -3.987002903001017, 2.357421923353128, 12.9340004478029;
  -7.332040650602888, -4.396829001610629, 23.70504141179953;
  -7.218392282884363, -0.09011775426018706, 23.39884279730409;
  -6.757676213170568, -5.099939155211644, 22.07884906386388;
  -7.355954324654118, -0.6157416793202254, 23.95008412027465;
  -7.767252600329019, -5.201106012638692, 25.68428223061986;
  -7.029645531826708, 1.540438787182575, 23.49125420002633;
  -7.748483324197369, -5.82642484792187, 25.98001208229099;
  -7.554156997055694, -5.171915731965213, 25.40184074256805;
  -7.425276936266137, -0.7701941421031998, 24.9818416886149;
  -7.388338566572201, -0.5957601369911142, 24.9455170174525;
  -7.340757299094748, -2.038376334985798, 24.8451648021197;
  -7.294610440664931, -1.917386539664504, 25.02284623800469;
  -7.223672108994742, 1.960906107935721, 24.85003270575545;
  -7.101825203346107, -4.277188368168249, 24.58623161784438;
  -7.315376561995635, -0.09928679314085243, 25.26695736750942;
  -4.089195747536531, 2.328672933151672, 14.5662945930949;
  -7.334902403537457, -0.5425144211672104, 25.77984331881046;
  -7.656314606997392, -1.72568345121892, 27.11190888333508;
  -7.198286604783701, 2.088814222040825, 26.27307649489089;
  -7.164424690503212, 2.008112454141394, 26.80130618298939;
  -7.109902306809372, -1.718479910033004, 26.7482307310305;
  -7.439474307626579, -4.621449674182196, 27.94869272287034;
  -7.375088822623111, -1.442212809047023, 27.75423821564277;
  -7.253888919105359, -0.4831162576250501, 27.7342260709857;
  -7.079427772055611, 1.790305621589322, 27.09711501561939;
  -7.507478314258734, -5.749924837722294, 28.75773476266228;
  -7.299223237281526, 2.034824701243704, 27.94676572340533;
  -7.483052113621618, -4.556209213842022, 28.76117654576091;
  -7.145926145957413, -1.53055290178138, 27.49045943007889;
  -7.207872055749029, 1.713629682429865, 27.68958134679645;
  -6.550236150745204, -2.309946258130447, 25.29471510482535;
  -7.217900876872976, -0.3291952315884447, 28.02601422057507;
  -3.845574779533756, 2.284325249081401, 15.3946054049784;
  -7.292856667788406, -6.198117247016527, 28.42661486992846;
  -3.587577993626466, 2.280713094054378, 14.52480217881922;
  -7.517319212822049, -6.267059474873168, 29.5718791899707;
  -7.349670785562813, -5.984103579522254, 29.14706691626678;
  -5.825433354840755, 2.305743985638972, 23.6133308889592;
  -7.269515123003867, -1.729711253516843, 29.29398471370174;
  -7.334517288001327, -4.483645265420742, 29.65624002243611;
  -7.002682065712368, 2.019340464236596, 28.33685964631624;
  -7.189137254794916, -0.1278158372750074, 29.1458144406549;
  -3.813229307595536, 2.263026787852059, 16.14461239077331;
  -7.141248705659763, -1.704559335494852, 29.5752853239931;
  -7.154759638305169, 1.03418538355049, 29.72317388319188;
  -7.114061561746099, -1.135736828246993, 29.78925275673488;
  -7.087720510713824, -1.728813386434406, 30.13978121044408;
  -7.401850170432146, 0.815052565038108, 31.41443802203949;
  -7.055690378312309, -0.03957482517951745, 30.08321954241789;
