m=[-3.760792409159599, -0.9958680603309194, 6.192097628162547;
  -4.04651670794197, -0.1807188309564253, 7.399506731568398;
  -4.012813963963634, -0.6218538250980409, 7.602559110334842;
  -3.926117247187988, -0.3308913445385012, 7.499129237196421;
  -3.899854883367421, -0.9471832841313634, 7.490114628604109;
  -3.900133189133019, -0.4734690408130572, 7.492441532870603;
  -3.856120949012392, -0.8933838133852279, 7.488919530882589;
  -3.826468277540204, -0.4233856084624185, 7.537318874048623;
  -3.857307962052641, 0.01625420643657467, 7.592594062909399;
  -3.799163287246802, -0.05156183780581334, 7.548233015512368;
  -3.818194508057808, 0.01174303078968732, 7.64028384448564;
  -3.794582173639548, 1.149332299961278, 8.527516981159403;
  -3.809139066314546, 1.079945041271637, 9.058930169480636;
  -3.779543280118825, 0.9451715808082534, 9.0931855309592;
  -3.781028587180574, 0.9500371572974087, 9.211765778109516;
  -3.544113061362409, 1.174747500575085, 8.731167939457199;
  -3.737539126611178, 1.052650747910984, 9.165592783759642;
  -3.554085179451885, 1.150836548179531, 8.892464568864707;
  -3.778320304628873, 1.110484912098107, 9.537873093672015;
  -3.753368352725504, 1.05230811306077, 9.500578137290626;
  -3.854458967069359, 0.0345273148025704, 9.885289684188393;
  -3.784421708297297, -1.085244982667057, 9.849864788963828;
  -3.813692467645243, 0.01996999694084502, 9.938051141795047;
  -3.817944827442145, -0.5206660471789718, 9.990396586117624;
  -3.837758177738504, 1.07300738924583, 10.21118614440263;
  -2.502285470551393, -0.7837463166020339, 7.039144201600769;
  -2.528426846321355, -0.6914458112780064, 7.118194073326992;
  -3.816759890507483, 1.133445209703504, 10.46043146947848;
  -2.366403391101737, -0.7155925777351164, 6.969429317794951;
  -2.259348003975496, -1.106432150678125, 6.763934077534935;
  -2.31824392240923, -0.9609338348375679, 6.939549322826364;
  -2.314685820135054, -0.83101530254993, 6.937058108150293;
  -2.313907802831469, -0.7583884609690637, 6.9405801731228;
  -2.27343549975662, -1.004698828281465, 6.842505633237516;
  -2.301831758422602, -0.9063428082708096, 6.913165491546261;
  -2.252063962395607, -1.06650880629009, 6.813703244965794;
  -2.246839123687535, -0.7387265423601832, 6.809969568001185;
  -2.276928655512714, -1.039973131745029, 6.943602273046593;
  -2.274864493960097, -0.9740498540465735, 6.937576960732049;
  -3.825113941911273, -2.252985416803343, 11.00282451380989;
  -2.277904753117343, -1.012925817229097, 7.091305137854634;
  -2.313735593410623, -1.129851330271111, 7.207106165789665;
  -2.27932086418891, -0.9940270134741197, 7.252843038091117;
  -2.263981292067368, -0.9948300368257212, 7.231857954150309;
  -2.087739358360846, 1.234431640353835, 6.772711847189752;
  -3.71816469411144, -2.282904897294114, 11.82441942595158;
  -3.760552825132323, -2.255103116793414, 12.1581514204632;
  -3.756521667142442, -0.04689815726353674, 12.17698574827383;
  -3.86562203490693, -0.3235779476516503, 12.58599072630342;
  -3.838192108467588, -2.566858695291566, 12.56219366416259;
  -3.960900661105437, -2.652297447242466, 13.09766730941279;
  -3.767670000081355, 0.8256269792200055, 12.59057705157503;
  -2.138286045191498, 1.217689038186327, 7.616877836510309;
  -3.908947456599235, -0.4054594136627397, 13.15138914926201;
  -3.90622826053373, -0.3149794859352016, 13.1887409691901;
  -3.803030023231748, -0.9996254955350102, 13.0456089854154;
  -3.725289338730023, 1.011250581134156, 12.81530508431755;
  -3.755593289215058, 0.8631027269855489, 12.97277727500461;
  -3.846434818908358, -0.05220512914929753, 13.28540011066067;
  -1.988081492402384, 1.250083375126718, 7.681669873362981;
  -3.876593998010906, 1.124918348033268, 14.149207476914;
  -2.037082875777266, 1.208852962329348, 7.940073515182966;
  -3.787068808179622, 1.061475326619946, 14.1669980561889;
  -3.746965003865512, -0.9056501488877997, 14.09649248886346;
  -3.785849843428211, -0.74033022091507, 14.24706616154201;
  -1.90543731339552, 1.211334175391152, 7.714424631430685;
  -3.750674702380518, 0.9934020733905915, 14.17739311773944;
  -3.838688437356162, -0.2556604895285307, 14.67668641262361;
  -3.754921198852869, 0.9495762577685353, 14.37228189565381;
  -3.852642549027709, -2.950711831088043, 14.75772129103051;
  -3.407336977677152, -1.201600235570042, 13.15794058916102;
  -3.667985953015231, -2.233328211753272, 14.09793623780936;
  -3.776347244602583, 1.052742792485518, 14.45861954133643;
  -3.746571223410342, -0.8024607784346233, 14.41310225089988;
  -3.873540715727045, -2.442745711122175, 14.98899644101408;
  -3.75290969300012, -3.189555938679039, 14.62835804188208;
  -3.572770838340127, -1.039124126603301, 13.9684857250827;
  -3.851976820546526, -3.211326690640214, 15.1530339413386;
  -3.797499636619809, -3.09192504423052, 15.05999101898282;
  -2.032960484652272, 1.206495509265288, 8.607234546606737;
  -3.788392850469046, -0.9014116671224886, 15.26609689550792;
  -3.838905643346531, -2.3467517269808, 15.52215404397703;
  -3.768922720791874, 1.086831886019873, 15.25121848381777;
  -3.751656163395464, -0.8954905228009039, 15.53738093199306;
  -3.781033261845944, 0.5465297971974334, 15.70762887662862;
  -3.732367500370689, -0.595860352055027, 15.62882720152843;
  -3.727239017300752, -0.9091358353944459, 15.84968937906969;
  -3.878137427599635, 0.4270399677315852, 16.45933179611599;
  -3.766678584825326, -0.4783726221656698, 16.12683286412733;
  -3.734687323497505, -0.9105341550209066, 16.26363851175936;
  -3.747692407945851, 0.7982464640738379, 16.32034182930083;
  -3.801621421408493, -0.3866587797309016, 16.55699934433745;
  -3.788102872243909, 0.5409540261516865, 16.53571273080068;
  -3.846788032204062, 1.013216871054982, 16.86814942679623;
  -3.980815743306232, 1.076432715248772, 17.49654141322132;
  -3.719060699388628, -3.236613625900178, 16.53454535670152;
  -3.720478082115053, -0.9022886406930935, 16.61204825639488;
  -2.005853358391926, 1.207827124911868, 9.432485013737571;
  -3.749080799029216, -0.03707365147448455, 16.78478974777819;
  -3.772789258122558, -0.8495690789986959, 17.30289649827159;
  -3.719132525534791, -0.2992907117311313, 17.12934862587128;
  -3.77998113474127, -1.120164096174953, 17.47548325200776;
  -3.961150278618556, 1.000004384864051, 18.51289586509704;
  -2.01320083338524, 1.2958166947513, 9.938120782851192;
  -3.682549809603522, -0.9171701753976701, 17.58685471574515;
  -2.080895493653127, 1.17389582941894, 10.44439148899167;
  -3.61279740005442, 1.009959231666292, 17.57462614140577;
  -3.789318654046297, -1.169756384930959, 18.44232198342129;
  -3.758498820674646, -0.8746849687541634, 18.41536701562977;
  -3.643998940841752, -0.1732667873634398, 18.06764354511966;
  -3.682526019722856, -1.186595027285691, 18.320608130744;
  -3.707165144123116, -4.35043794337485, 18.7474829716648;
  -3.718332451168815, -0.04835215576179044, 18.75476210526769;
  -3.849065201864701, -2.368801568102294, 19.52480064475609;
  -3.755269796105619, -3.226552772507567, 19.12521908335913;
  -3.61935510359999, -1.290465088428895, 18.46911734917021;
  -3.727474595246821, -1.105987181225283, 19.00691220131984;
  -3.925193792966629, -2.873657656719024, 20.05596862342284;
  -2.094835327136474, 1.18147910589445, 11.21894580958553;
  -3.69700037613894, 0.7764053091613163, 19.11687177688859;
  -3.66373497198765, -4.310148904871087, 19.19684585415191;
  -3.76177629520169, -2.324738900255348, 19.70149382798567;
  -3.638046707373232, 0.8280010260955516, 19.07054046892973;
  -1.932497956189428, 1.260355358193497, 10.64223024214642;
  -2.005429840858103, 1.193325479654806, 11.20737770758404;
  -3.643925139321059, -4.985119558982789, 20.30112240036829;
  -3.648304118049433, -3.051887963331136, 20.35151605784182;
  -3.569493307350509, 0.96163891385865, 19.96138510305545;
  -1.908795531481483, 1.236027281560887, 11.2264780629666;
  -3.578226320190368, -4.257097834848152, 20.36032961629386;
  -3.728642319330547, -5.042344663404341, 21.34825318961078;
