m=[-7.553589493518124, 0.0801634860511851, 11.15495759300114;
  -7.472624258836417, -2.001375244781698, 11.09586721907072;
  -7.50204904348747, -1.830814758552845, 11.14716731394335;
  -7.445144577034123, 0.1473091579963705, 11.10850853928591;
  -7.430567777866827, -2.040463788575631, 11.09859823307734;
  -6.899262644919922, 2.320494693335764, 10.67561655213959;
  -7.35275431373076, 2.344392947526005, 12.41345984955301;
  -7.99025282281564, -0.248309154197743, 13.5175249986236;
  -7.822551703663043, -0.6592878337777229, 13.59241532402668;
  -7.689617429347228, -0.2484280129577169, 13.4772596104043;
  -7.833595298008482, -1.088422510509052, 13.74108098490536;
  -7.660843173688073, -0.5403327730112835, 13.53490103721593;
  -7.599629877786407, -1.730955669686049, 13.50322517129444;
  -7.633537793630648, -0.8169977203716061, 13.5600020999215;
  -7.526969587604588, -1.620250763429221, 13.51728775413563;
  -7.435786666135247, -0.6934510146315674, 13.55120982733676;
  -7.48343548558172, 0.1361788672207797, 13.63906375795012;
  -7.390189822339631, 0.002580100973545424, 13.58567148758918;
  -7.36251820842732, 0.002116421043541985, 13.56736994535632;
  -7.478764241796688, 0.1284452587197112, 13.85143146567889;
  -7.171436959550879, 2.342117050671057, 13.45590726614432;
  -7.381304382579693, 2.338168360181632, 14.15747729111086;
  -7.37460526526716, 2.342500843634985, 14.59963775684819;
  -7.177742385313287, 2.212202471262692, 14.51323438497474;
  -7.388829102796597, 2.246197501149447, 15.10545702064758;
  -7.365632164176317, 2.326728757870797, 15.43717774507043;
  -7.318067163118823, 2.338745497487369, 15.75829502246763;
  -5.269945157394989, 2.371924226652863, 11.62382048150061;
  -7.378738996429475, 2.200332378842898, 16.42657090483342;
  -7.191910595508057, 1.914287232520974, 16.2388857680816;
  -7.256796131106119, 2.367718413553896, 16.39753702930392;
  -6.828817000890946, 2.359011859800962, 15.70976179044974;
  -7.199118483683056, 2.142034565515455, 16.54359985137329;
  -6.823593448163673, 2.306375877058704, 15.96210102113544;
  -7.250755531438501, 2.353607830483334, 17.02826879345048;
  -6.575823162986456, 2.31949420675581, 15.61615872495225;
  -7.304720753969243, 2.253109535199035, 17.30467116844718;
  -7.26462381333559, 2.143464721207974, 17.25046269490579;
  -6.258401056341292, 2.358882311749857, 15.02473792394089;
  -7.282157965540415, 2.29676467286277, 17.49318414897265;
  -7.458452994536557, 0.1891544562024312, 17.97466501425267;
  -6.080870616550389, 2.342929015130158, 14.88627317746258;
  -7.120038094041208, 1.979696420283369, 17.366799540988;
  -7.34106862430993, -1.963215332540482, 17.94691897376698;
  -7.481654024084113, 0.1641617212184618, 18.3096529555942;
  -7.414492726671322, -0.8791950415084751, 18.23451986896924;
  -7.197133206193802, 2.117085390632396, 18.05659246959471;
  -7.263776025639375, 2.31634936115393, 18.2419970891744;
  -4.766763344334459, -1.389723176742831, 12.31633898725212;
  -4.836020795327951, -1.222404255280474, 12.51211091255254;
  -7.297706267318401, 2.302082436207384, 18.54060156640332;
  -4.745681043681961, -1.009381031518356, 12.42824882217765;
  -4.611124097368179, 2.321984533094269, 12.27029338935159;
  -4.546637433892321, -1.094958135564874, 12.10714561517568;
  -4.494775440269921, 0.1846048927356522, 11.99340749208069;
  -4.606261975661949, 2.386381492892141, 12.28445940034455;
  -4.533405340812687, -0.9903552729548382, 12.20304728889283;
  -4.548862474153851, -1.274381511190295, 12.27875722262477;
  -4.438362046721676, 2.184593560558005, 12.0384189721487;
  -4.487528767606158, 2.02665586973515, 12.20072849537228;
  -7.670170048996181, -4.547674516230273, 20.2035954690041;
  -4.449441936303591, -1.018981455991324, 12.19376348358829;
  -4.450386709400689, -1.202661104996191, 12.19933603352819;
  -4.45670914926255, -1.739399804254199, 12.22280176407828;
  -4.453424213007187, -1.496896825399405, 12.22707478634443;
  -4.440051407713464, -1.35941583345708, 12.20527658731682;
  -4.376336064762342, -1.823909509686074, 12.05126698910858;
  -4.434853130942808, -1.651653484505431, 12.20600479426903;
  -4.528748637877201, -0.9429313643936029, 12.53848998513529;
  -4.495572458266911, 0.7400816431556411, 12.47389115666121;
  -4.366446053138951, -1.535178207060509, 12.17300002534132;
  -4.36127184248987, -1.87608096003817, 12.18238670127538;
  -4.384436280509726, -1.769414730207964, 12.24562696169337;
  -4.272346297490456, -1.635720358942765, 11.98694240548136;
  -7.394280028880186, -4.175686498847864, 20.08517332375674;
  -4.462794549326114, -2.063812919527946, 12.76718984063159;
  -4.41883193396209, -1.812488755908431, 12.9076152696949;
  -4.017616107793345, 2.440383043673529, 11.92208909678445;
  -7.032667503528805, 2.196952980871512, 20.49967807557604;
  -3.911236544851999, 2.383400526171606, 12.03351619250786;
  -4.048725172925676, 2.391569673507564, 12.45710017468955;
  -6.917436479939926, 1.961216348908934, 20.69097473681305;
  -7.293404000563644, -4.179811267830334, 22.34089561546166;
  -6.928793900485308, -5.023943029043088, 21.29835565802322;
  -7.126385407761373, 0.05048091017839682, 21.90459270345784;
  -7.310463848087385, -1.849553442944721, 22.50717081369307;
  -7.426015513467803, -0.467064115769145, 22.94599586070679;
  -7.080039131343265, -0.1301777585436412, 22.02833143623863;
  -7.686293436707228, -4.928872678442985, 24.14898808794528;
  -3.762809819909555, 2.442571315325468, 12.37786110111709;
  -7.366122748048774, 1.743614947930646, 23.34618822216211;
  -4.070618385914123, 2.389848129168432, 13.38172315295932;
  -7.616531352519638, -5.501244257239142, 24.26854654452263;
  -7.51985590081642, -0.61914798598711, 24.0464038549758;
  -7.495119978916136, -4.748698026573107, 24.02602058103816;
  -7.539462661838902, -0.4482676883024675, 24.19353132716197;
  -7.19295251224028, 1.707258877583705, 23.23131065879461;
  -3.962131546412435, 2.428542362285484, 13.34227393425693;
  -7.286624644448948, -1.743546271985676, 23.74513412053256;
  -6.989765331833742, 2.021674937494122, 22.85865830683027;
  -7.353905927053444, 0.05299351967738516, 24.15230003345609;
  -7.485163550937841, -5.132360711875245, 25.31861412500303;
  -7.051958537908496, -1.557462169433835, 24.55102727458009;
  -7.578206500586627, 2.356226977936122, 26.36356021161934;
  -7.379386035410251, 2.47205009836332, 25.94211140778286;
  -7.26023790528388, 2.173987836765903, 25.88246643611982;
  -4.050539584860244, 2.388070284236527, 14.87810269192387;
  -6.795358062628382, -2.121758338196683, 24.38064470195394;
  -7.213468457877435, -1.56675030678118, 25.83166592417698;
  -7.075989294623409, -1.214191259061569, 25.38486719392135;
  -3.696090554079735, 2.453160774258228, 13.72919662334449;
  -7.227273839003942, -0.2739486415659249, 25.95037974050171;
  -3.846882447455771, 2.357430522055678, 14.25409571175999;
  -3.660246220615613, 2.392440003372546, 13.65316048861133;
  -7.057490492236557, -0.428563315340989, 25.55573087371249;
  -7.336411512321067, -0.3052923703235543, 26.74581030495414;
  -7.210708562327685, 1.960315384816287, 26.30078577363383;
  -7.543788408636845, -5.524594389727279, 27.52422719207851;
  -6.482026901906895, -2.108153144738172, 23.75659758293621;
  -6.772469557267749, -3.918692106522773, 24.81348219342972;
  -7.072070805169122, 2.109903583347055, 25.83998737632413;
  -7.146080713398169, -1.342679842303684, 26.18696170063202;
  -7.407206340572825, -6.035400861249702, 27.48158979818328;
  -7.482294916508678, -0.2832000389350109, 27.70898800797777;
  -7.56953106324587, -6.049934871599997, 28.38870051728726;
  -7.507297396195174, -5.85010261001582, 28.36109471925544;
  -3.894664817370689, 2.384546891151905, 15.29870031115633;
  -7.192570476496401, -1.530120819897606, 27.6662091979798;
  -7.559951638622306, -4.38230460935182, 29.15400717901996;
  -7.335026504946002, 2.266045145240731, 28.32784053886936;
  -7.03641455456338, 0.03816308116855362, 27.23305309761563;
  -7.778447278697835, 0.983576802737414, 30.12538186086926;
