m=[-7.58696055261689, 0.1801874023561125, 10.21683373290201;
  -7.732209149288758, -0.02954414795111391, 10.45319087223695;
  -8.267137992367893, -0.2180359859338812, 12.83641875230851;
  -8.012928447679213, -0.2108953147074455, 12.88553012893482;
  -7.924511315219703, -1.048815116075977, 12.76970811111415;
  -7.823576984461805, -0.7477725347268528, 12.6863515819806;
  -7.928220374906483, -0.5192486582883709, 12.85495420507939;
  -7.813396032435231, -1.730562291789367, 12.73530505091169;
  -7.829922229743314, -0.7936547967803015, 12.76524704947583;
  -7.901036267508603, -0.8705978823978727, 12.88624191019945;
  -7.784277621252535, -1.629361544703641, 12.82514997568708;
  -7.817250097595352, 0.03722401265450759, 12.89274678183086;
  -7.704574544411937, 0.1725747416467933, 12.89455644681139;
  -7.560597465560651, 0.03618361049949473, 12.75864432772207;
  -7.777675981842508, 0.03351010892804551, 13.15500761775128;
  -7.610762418818539, 0.1555815569877816, 12.95830772646103;
  -7.561174337869148, 2.348123605024689, 14.10158396051776;
  -7.545116172110267, 2.315212235891375, 14.26875448764725;
  -7.629757301623943, 2.436175970142611, 14.48848090567626;
  -7.65324804001098, 2.433844419985261, 14.85503385180295;
  -7.359770770080262, 2.368302980881104, 14.69586018859703;
  -7.597272772871706, 2.278911092691672, 15.71947122491388;
  -7.457840906498199, 1.998827374401467, 15.63756305338782;
  -7.567896213382889, 2.031808376582732, 16.0678436677418;
  -7.123531532284544, 2.473692155680232, 15.18686032541406;
  -7.4410171199934, 2.431303181139155, 16.2753684431797;
  -6.867724711103553, 2.433423461796113, 15.1046826750809;
  -7.52240107120203, 2.335201356190627, 16.61035689162263;
  -7.514655638971508, 2.236011976855513, 16.6309773771807;
  -7.493732099914106, 2.378382695005237, 16.78860628514049;
  -4.873376034421929, 2.474567970539378, 11.31933140189598;
  -7.559946411883195, 0.2309416787363113, 17.01512833109029;
  -7.50076722097887, 0.04197437048945469, 16.97456874081675;
  -7.928846353119828, -0.07289400514475226, 18.00468550906573;
  -8.092928393200452, -0.1785941835066401, 18.36183417161617;
  -7.329744909518734, -1.65655492921772, 16.79129806689973;
  -5.119770337484497, -1.457521494978193, 12.02559357560568;
  -7.548673451365757, -0.3479907393706935, 17.45680421302984;
  -4.800505271834924, 0.2250733822417599, 11.61756404250183;
  -4.742684734111333, 2.459575314158529, 11.49804236826963;
  -4.764814816446587, -1.002322888486247, 11.64331155560619;
  -4.780346693147272, -1.376719755152218, 11.73654102908872;
  -4.708796082010649, 2.325395865787252, 11.59313033350458;
  -4.510105859463752, -2.037510515535281, 11.16943173012597;
  -4.642214333068327, -1.757015984229093, 11.54737558563629;
  -4.648878446528943, -1.211270201667006, 11.56291570571263;
  -4.635956030684683, -1.509736826118503, 11.5488919675157;
  -4.626516225890783, -1.370042182973853, 11.53888363455743;
  -4.624211669723548, -1.67410948245482, 11.54650208643514;
  -4.202169699942097, 2.495549961157794, 10.5780688151476;
  -4.574506836048629, -1.794009360870217, 11.59031429947854;
  -4.639835398331941, -1.945795227118591, 11.75469393820726;
  -4.58869363123093, -1.710558284253093, 11.66187072938938;
  -4.615914709764526, -1.886781264846551, 11.98197744639722;
  -4.622754742281511, -2.08008995898028, 12.03401882036383;
  -7.816941885820294, -4.311874761390136, 19.90625580486704;
  -4.466760615471345, -1.776565609146475, 11.8815233338926;
  -4.437490415192053, -1.775042909198621, 11.83931602414656;
  -7.626441678194209, 0.1902712904389897, 19.64328793458305;
  -7.720031172463015, -4.414159212804969, 19.88585810354482;
  -7.671550306618306, -4.250499122086649, 19.88049324895172;
  -7.831455216645208, 0.1862599489594839, 20.58357929161733;
  -4.229260692740579, 2.494181970784291, 11.82784266248851;
  -7.505669778038673, 2.36491343397714, 20.55028977474086;
  -7.138880552028501, 2.056202762993989, 20.0701663600017;
  -7.30458368420256, -4.184738752920933, 20.66679002798817;
  -4.193051100358458, 2.459792193027289, 12.38401967203057;
  -6.994420930300856, -1.057916483153144, 20.19798967239529;
  -4.077387662075977, 2.494569800648315, 12.19695330935694;
  -7.574312333052125, -4.230245352543184, 21.81388090590244;
  -7.47959771992852, 0.09981101298905913, 21.64175852957495;
  -7.505075589458001, -1.824810840678923, 21.76732467480413;
  -4.239525937417744, 2.483654091838149, 12.73279414625893;
  -7.74385007890774, -4.819850587992712, 22.63166138668468;
  -7.79944038052037, -0.09337822979246534, 22.84530139947085;
  -4.099282347024076, 2.503131464945685, 12.60174603473116;
  -8.040807592311657, -5.031342506805573, 23.85070537526964;
  -7.433739409524666, 1.779850955213059, 22.23614141810178;
  -8.525743487116133, -6.011353166841055, 25.64218863966849;
  -7.977834861013132, -0.5955144791920837, 24.09801948994372;
  -8.016820119768212, -4.953116527703483, 24.25068950139007;
  -8.039524334137669, -0.4219199041095103, 24.37588423250313;
  -4.252158544644978, 2.503228052377996, 13.49061127841456;
  -8.036434136210325, -5.403273010892432, 24.65251335079108;
  -7.715942787397335, 2.245102928216074, 23.78372295062264;
  -7.611568955675991, 1.927498455105869, 23.5973978881719;
  -7.815769784585651, 0.1068729068729887, 24.24779047837964;
  -4.013526557492091, 2.583338755796313, 13.06241482476639;
  -7.809603194895151, -1.429513310986593, 24.8318085816938;
  -4.098396939899796, 2.498537379658036, 13.52130671092491;
  -7.898105597119224, 1.535128147394916, 25.62997003817782;
  -4.258367564566294, 2.503802563577941, 14.38410204563528;
  -3.931931325921439, 2.557690009746721, 13.39807672114293;
  -4.10005261960707, 2.506151049793123, 13.92980724878895;
  -7.541620903265974, 2.541100469527766, 25.10206423271472;
  -7.676053273051865, 2.310193557245269, 25.89513989897445;
  -7.700922582777703, -1.589035380041515, 26.08019719778961;
  -7.692750727376008, -0.228364759999184, 26.13546284852172;
  -7.724661412911529, 2.212791171544399, 26.32720203226878;
  -7.931431182526453, -0.415874289532683, 27.15493602021236;
  -7.564473779814633, 2.074097339456944, 26.11941837608424;
  -7.577651392451463, 2.275183951986957, 26.19248672855415;
  -7.877198943091014, -5.60658415181238, 27.20013012836649;
  -7.696103668652461, -4.320378327670345, 26.59484694160217;
  -7.652452339855219, -1.347939241307699, 26.52414221198884;
  -4.001883577700457, 2.483351662288294, 14.40260136620819;
  -7.272228576068057, 2.300624557976039, 25.46134785266971;
  -7.787274885784024, -4.534300499885503, 27.21441658453936;
  -4.052164931737893, 2.471980489932839, 14.65289171815182;
  -7.449636136215798, -1.877912438114981, 26.16536729032805;
  -7.953474860349564, -6.298600332946849, 27.90767798070613;
  -7.728586924816016, -0.2436572336247476, 27.13712689007096;
  -7.911268542672964, -6.156642074367912, 28.11282569184711;
  -8.044779548619518, -6.09226226115329, 28.77740316153457;
  -6.306534273030182, 2.629306619211834, 23.08434677822182;
  -7.539068232995365, -1.520320024919416, 27.46845343120676;
  -7.564654173705156, 2.347291692829536, 27.70513554705674;
  -7.492636788937504, -0.6830879751941317, 27.66395199676434;
  -7.510258054262553, 1.791975473451771, 27.813706314879;
  -6.844121086875968, -1.146968728086262, 25.47811876877414;
  -7.651683251063399, -1.536149552925796, 28.66172916152052;
  -7.556059507745312, 1.807767625739402, 28.41768647196008;
  -7.622433630791225, -0.4957766942923748, 28.66930497776444;
  -7.633294241954282, 1.295744143722325, 28.72343573016631;
  -7.6378948427715, -0.7276700696937983, 28.79971874611529;
  -7.556769139977736, 2.212713786317719, 28.5018987840558;
  -7.777253879206331, -0.9737464440814887, 29.4679152260404;
  -7.594298433372187, -1.54597542041211, 29.22031580036832;
  -7.676135831914482, 1.05413575840432, 29.58751072362126;
  -7.60456943308227, 0.2086809342008638, 29.37479574437769;
  -7.531137905354632, -0.6931166539300839, 29.22013380024106;
  -7.630041549710205, -1.544560442084909, 30.09588346987056;
