m=[-3.872754206992218, 0.9825122800809932, 7.503454487078805;
  -3.848790358046391, 0.9832984800602428, 7.566586166564602;
  -3.549446646925317, 1.182596657226384, 7.279196173747454;
  -3.847754924733855, 0.7132314435373748, 9.556136333657891;
  2.969537096618572, -0.04662094831284199, -6.312568106816201;
  -3.800907061399886, -0.9649495220399413, 10.34849979989163;
  -4.015957728585522, -0.3552756320364843, 11.43390406618902;
  -3.962118471310736, -0.2666822393898281, 11.32838351696125;
  -3.992993834379358, -1.020861855666623, 11.43472016435172;
  -3.883092222473743, 1.056976546177688, 11.27461656451658;
  -3.809257347979103, 0.892234806439882, 11.1167986608171;
  -3.991206183925065, -0.005740263794065188, 11.67001549684879;
  -3.925539186201888, -2.221362345049093, 11.4776876736366;
  -3.959105550542655, 1.107600000300098, 12.606632174193;
  -3.867261067720578, -0.8484006569989768, 12.36513752050561;
  -3.895165627146881, -0.1805423062107952, 12.49413406422643;
  -3.86725975988792, -0.2673492291790992, 12.51797741082336;
  -3.819335394075276, 1.064916119690872, 12.46283892380146;
  -3.802581497138877, -2.163477664939354, 12.41204155482046;
  -4.088937483854382, 0.9844963718507338, 13.41552942557423;
  -3.803193704064437, -1.005710678924617, 12.60549147808414;
  -4.027539259117278, -2.374662414611922, 13.30447741192676;
  -4.059722986224931, -0.1916538399779893, 13.47096346650142;
  -3.849248107040726, -0.8235542168637178, 13.24947346082054;
  -3.757412087314283, 1.077809600371933, 13.00405437812729;
  -3.948578799358047, -2.250968844528877, 13.65200891201387;
  -3.908733655803874, 0.8483694025578381, 13.68174165408978;
  -3.985381849057269, -0.4262892505395443, 13.90393866194369;
  -3.901314296634431, -0.8397676278326532, 13.82361119107522;
  -3.86823380412236, 0.8394412626596172, 13.75589843351639;
  -3.932293449569811, -0.3143395911856163, 13.98992205714952;
  -3.874630465511225, -0.4316375719637159, 13.82001650640875;
  -3.910877896257138, -0.5565427052331696, 14.02950691784542;
  -3.714548291812081, 1.065347588462249, 13.59666190376444;
  -3.91078959253099, -0.4238813999163378, 14.35327603578987;
  -3.887478488261195, 0.8379590830007656, 14.54543292862838;
  -3.881309383386424, -0.8410602214574265, 14.49143890103093;
  -3.97620101340507, -0.3316497820882491, 14.86736380979511;
  -3.953169086596474, 0.5762427520080954, 14.82153308704629;
  -3.871956462183512, -0.4415339335679124, 14.57608720009571;
  -3.645450317726938, 0.8242325892075471, 13.78799736885892;
  -3.912915764471522, 1.027327324319132, 14.76835454371956;
  -3.908074547539683, -0.5500818694587372, 14.74819443908984;
  -3.887849409354109, 1.049153865697927, 14.76394103427333;
  -4.027270969753341, -2.596501325103504, 15.26519573504246;
  -2.199063005238139, 1.208518602379804, 8.864390737810142;
  -3.981745321721637, -3.229594293648749, 15.16698847830847;
  -3.851698524426085, -2.166885351499403, 14.72640953203876;
  -3.889315447020269, -0.8387901509366039, 14.90763851674592;
  -3.926899041071265, -0.2612781048532969, 15.06697938601616;
  -3.913652324418227, 1.100548307415175, 15.23561786331881;
  -2.183177381736317, 1.20409550052269, 9.033123184796173;
  -3.837914283435469, -0.1941182328336027, 15.06481175006299;
  -3.953198520997833, -0.1407274197412163, 15.55345964214859;
  -3.886628101472839, -0.7758902086780793, 15.336236681404;
  -3.809887652941428, -0.3031192560607851, 15.08739611482537;
  -3.859684171904446, 0.3633700729156318, 15.37584158983512;
  -3.907332959939143, -3.057360950342726, 15.47863584617969;
  -3.925437594453784, -1.050757635792455, 15.66960820444082;
  -3.893388148467338, 0.9488548575556899, 15.62391823743233;
  -3.918445699062946, -2.206937188143439, 15.67196380721132;
  -3.871444801458208, -0.856851388156551, 15.91332041273201;
  -3.874503767893625, -0.2628729123070689, 16.07365954625698;
  -3.935974568144444, -0.8869704562750373, 16.64413607473629;
  -3.937291123394035, -0.8145925795944812, 16.6602612238644;
  -3.814401004581213, 0.08130138843475619, 16.20494875540014;
  -3.681768752687273, 0.1329226184969493, 15.74106522556341;
  -3.870749957335285, -0.1211116565511883, 16.52739061941131;
  -2.069389945091834, 1.194742992677781, 9.351862498028179;
  -3.91777812013229, -1.138566811512836, 16.8019910468172;
  -3.887542279094992, 0.003643285876770193, 16.92188223303427;
  -3.905271914898903, -1.033004183490233, 17.19617926139131;
  -3.932267607469029, 0.8325687599565564, 17.57180756976662;
  -3.994675831298292, -2.264943033294338, 18.08604487093948;
  -3.944994509410805, 1.004698047693063, 18.2959980273006;
  -2.123041760513517, 1.209945575608579, 10.36369742084748;
  -3.321019651760486, -0.03522918031121593, 15.80376775147434;
  -3.977722258133973, 1.061368598795315, 19.24270813169892;
  -4.032961258842856, -3.077832794612726, 19.37975800896588;
  -3.976019725153703, -3.143845581137258, 19.15373811582779;
  -2.105755280117773, 1.283798486133542, 10.77072953482089;
  -2.104526672025611, 1.189917654971441, 10.80169672158671;
  -3.960266518794794, -2.981253545905093, 19.57810595103294;
  -3.927017555702303, -0.9647144621475557, 19.50049443997181;
  -3.952996504887333, -3.162045955656646, 19.59459821487195;
  -3.695285113966353, 0.7198653867530717, 18.49675470787551;
  -2.033915602781652, 1.236216144664517, 10.90214730427955;
  -4.028264376945496, -2.284927627093625, 20.47682382773104;
  -3.895908518573321, -3.268575078206438, 20.51325210042004;
  -4.005931533934883, -3.936984722583567, 21.74045941563568;
  -4.065547482735691, 0.5011634363229588, 22.28434384499141;
  -2.692035788190964, 0.8735560174922435, 15.18733088557747;
  -3.8922655498441, -3.279501413633736, 21.67104337284471;
  -3.955599878790251, -1.056954378378216, 22.38300253440936;
  -2.429412578071429, 0.7579936491440771, 14.54580238174366;
  -2.364715763367399, 1.017016304422796, 14.25762805139803;
  -3.951014461088266, -3.023134194363467, 22.95259422904908;
  -2.092841917250329, 1.22958713033301, 12.75008790125066;
  -3.76466408961377, -2.157647470709347, 22.3917208474235;
  -2.289996885879631, 0.5774753507338211, 14.14231997065158;
  -3.946690404282343, -3.168162543425212, 23.63806340513586;
  -3.463294059019874, -3.251809182223785, 20.96679454520894;
  -2.061997682793852, 1.211278568054345, 13.4867545780988;
  -3.99050427889036, -3.375743913480377, 25.06237577912553;
  -3.940666748044008, -0.6498784794134899, 25.06037975613424;
  -3.879673356597359, -0.2555939523493184, 24.76497031858536;
  -3.890861379003799, 0.01338609990687897, 24.85934471128188;
  -5.499738732862008, -6.052867722748637, 34.63199769262256;
  -3.613682910400363, -0.06824150366069429, 23.86390880574225;
  -3.510599247873816, -1.181258180713278, 23.26742635400393;
  -1.969576054036092, 1.209531574428371, 13.64542577398625;
  -3.738663492793285, -0.3932536572009879, 24.9868536266752;
  -2.04916465635849, 0.6651372790323594, 14.25485382935752;
  -2.019927982864665, 1.177799139941128, 14.37521785699124;
  -5.3976066111785, -3.504753349270918, 36.53640508239401;
  -3.60843240490791, -1.483522936651379, 24.86784986153186;
  -6.860088205833169, -8.493017961771828, 46.25702599849593;
  -3.812288281573799, -3.374499783023901, 26.240589721116;
  -6.441689836955475, -8.721279602758044, 43.46827575660414;
  -4.032274313668216, -3.013251141950715, 27.824842988997;
  -2.581110475935957, 0.3242240942178117, 18.25240209768124;
  -3.531885253351706, -0.9705729723329951, 24.76052233896463;
  -3.587703657015233, -3.552890406001522, 25.00720838334985;
  -3.398395100442589, -0.3080054498984429, 24.00171486256428;
  -3.46309466259783, -0.03844753262584996, 24.52840016608743;
  -1.856866370868332, 0.6982545831652185, 13.88252545022478;
  -3.125956334216137, -1.089444627917808, 23.10698332179977;
  -5.900051319261684, -7.309328963080412, 42.49007915674852;
  -4.617943350251118, -3.194475421299915, 33.68972152632919;
  -3.373181189620405, -0.5041346301084512, 25.02210912895409;
  -1.781291739758298, 0.47419984875795, 14.08505151158527;
