m=[-3.957616389614293, 1.096682328935754, 8.110295314888287;
  -3.88443770793099, 1.0630762593886, 8.084099176311112;
  -4.161376809759092, -0.614345420521636, 9.036786155388301;
  -4.14736424602166, -0.4033845063848211, 9.054149350186371;
  -4.14717649458785, -0.3427363344756743, 9.088732761549233;
  -4.146181005335231, -0.5102354833393672, 9.104377274034448;
  -4.082293025684604, -0.406472378565695, 9.071718033124954;
  -4.070681261631703, -1.011231617060344, 9.050399303037933;
  -3.974765152035266, -0.4908895411747292, 8.90051546950631;
  -3.953679280966504, 1.058868064245649, 9.46679605160241;
  -4.094353624611451, -1.118347612234162, 10.1818953829216;
  -4.057419244686268, -1.120600570663227, 10.32453236049073;
  -4.140654947755864, -0.3904765331816029, 10.63298903907941;
  -4.19770142037286, -0.4790009052762582, 11.21169171154638;
  -4.015639488518568, 0.7738826949712629, 10.78324876831174;
  -4.182954328538657, -0.3895483248795461, 11.21258830980008;
  -4.211707163755825, -1.174263365016747, 11.30788136383624;
  -4.167286046851689, -0.440642748138693, 11.21267281237459;
  -4.143205738783442, -1.097682891182078, 11.26037454325319;
  -2.159525183969224, 1.195351281577953, 6.442418326305915;
  -4.224048802824245, 0.482375847406732, 12.22714240329847;
  -4.109272910708372, -1.020354941740271, 11.99221355067612;
  -2.14429213767614, 1.205545171196975, 6.80049838602826;
  -3.95433378507204, -1.429701774974725, 11.81391453753915;
  -4.056970712926169, -0.9963308149425906, 12.19314457440985;
  -3.902139698483218, 1.04410803986063, 11.81778245871399;
  -4.14777273962228, -0.313982481392827, 12.50893210223662;
  -3.79792811043529, -1.327477851855514, 11.60187909146159;
  -4.046091869111843, 0.9836072889408362, 12.40084176182441;
  -4.071162299959426, 0.8821227296489076, 12.47150553555279;
  -3.988533973141752, -2.355360927207002, 12.24010896450635;
  -4.228906484438848, 0.8653459775201708, 13.0706469294144;
  -3.919929777967572, -1.139905144251717, 12.21528021434742;
  -4.237240880255731, -0.3248962825624058, 13.24260346106065;
  -4.057300773046847, -0.9833401979054642, 13.15281693067288;
  -4.014648985656239, 0.9976321555536138, 13.07723419162296;
  -4.137128309829418, -0.6685624502073067, 13.65710847749739;
  -4.106319426209989, -0.9986303224320233, 13.70664704703975;
  -4.042984491311676, 0.7241574371632854, 13.54145936797823;
  -4.110284549597846, 0.452124251735024, 13.77891768425428;
  -4.10464208349223, -0.4597925378249464, 13.76580327631116;
  -4.067947754428633, -1.00816929340053, 13.96351618722673;
  -4.252671475245409, 0.3158742490880225, 14.59680417480385;
  -4.096853228316432, -0.5788297627171203, 14.18284001548797;
  -4.112857832588999, 0.8667267180326411, 14.45169233885983;
  -4.10862136545034, -0.8940666710081551, 14.4201871618877;
  -4.084164240186849, -1.009956764097032, 14.38366290961107;
  -4.117737311781164, -0.4720774076167587, 14.53655555895957;
  -4.101098340393683, 0.4345588002885904, 14.50976263662876;
  -4.083988359253009, -0.6007694321330036, 14.49095351591182;
  -4.231685927570546, -2.824664086238587, 15.15496196534312;
  -4.221744872136004, -3.408709412716872, 15.37940028583294;
  -4.103799065994932, 0.9791410770317228, 15.06594066699768;
  2.640609496481625, -0.4934501665337593, -8.058796883712295;
  -4.143092754740327, 0.1772669914041876, 15.36596210801181;
  -4.104622318061555, -0.9466759612203562, 15.28085736200851;
  -4.14821481245024, -3.46438629720047, 15.52356390812663;
  -4.223481049171821, 0.2291390189753016, 15.88360179997684;
  -4.184108735252191, -1.248707911702571, 15.75122830823121;
  -4.078852022399105, 0.8240739178734712, 15.4511639217603;
  -2.309492653228291, 1.133456581102537, 9.217719821070027;
  -4.201490265679891, -2.474691757510295, 15.87883506671273;
  -2.141005119734937, 1.226740710559559, 8.695628034386916;
  -4.07744722831494, -1.037704303888124, 15.82921018807668;
  -4.050601827256316, 0.9608626192463313, 15.83739283737318;
  -4.121709081635019, -0.433828761339527, 16.13682867095617;
  -2.235563850765049, 1.167808581136275, 9.285515741106112;
  -4.114684575564897, -1.079169332486105, 16.45132261011625;
  -4.253300196798618, -1.024424748100961, 16.9980713288155;
  -4.06279299537066, -0.2917717389611545, 16.38088539883536;
  -4.06296880745185, -1.312215908215354, 16.47383213479775;
  -3.843656149106298, -0.7052820981294218, 15.83054451280636;
  -4.101254899907617, -0.1631514306185663, 16.86328656679061;
  -4.178445502204967, -3.497600518172003, 17.15335790785644;
  -4.23167607755455, -3.542157587978716, 17.37188010950552;
  -4.159312535934649, -2.470502659722882, 17.2003636008513;
  -4.100086429784973, 0.6743406493989026, 17.30721371254687;
  -4.147114337293592, 0.7452390390759501, 17.74043175482435;
  -2.289469794144224, 1.171014008992657, 10.30509809698025;
  -3.892843703022157, 0.9635832203411869, 17.0919971788392;
  -4.052673277759019, -1.126119188569662, 17.73070029216907;
  -4.215935176950414, 0.8613052585019593, 18.46579641997115;
  -2.230827457538278, 1.218098836622469, 10.5583261886268;
  -4.272730793939621, 0.916068643303819, 19.49360030386065;
  -4.119328900381495, -3.284417071749289, 18.83617452841689;
  -4.181547276545798, -1.188040653048902, 19.62710813712773;
  -3.962665629847344, 0.5646593914233485, 18.69166362914724;
  -4.221586584979932, -3.290596036262209, 19.7484283393779;
  -2.153287416314398, 1.166358246189365, 10.6618189287;
  -4.138256607903371, 0.6371297850298304, 19.58406289427528;
  -4.413239853407029, -1.149594082143703, 21.07353026836816;
  -2.267176673395188, 1.140347341766444, 11.44624667782336;
  -3.26867274739402, 0.9852404216402998, 16.23228217025164;
  -4.455477621366467, 0.1886069234460275, 22.00512881177285;
  -3.971512294751183, -1.080081068390207, 19.88126912525378;
  -4.211493447386188, -4.235422350879327, 21.64611295597248;
  -4.124680842717879, -4.328911098809688, 21.62366229750417;
  -4.174161937838525, -3.619754691087811, 21.98320367244176;
  -4.060425873708858, -4.211249360528867, 21.43898621338157;
  -4.192840776226158, -3.442942967868586, 22.24242997761331;
  -2.598166398957023, 0.6446006920253566, 14.48345495954186;
  -2.548350528531625, 0.9200617080317528, 14.26837369886824;
  -2.308962237099252, 1.073894446424609, 13.22804313504899;
  -4.281467839921112, -3.405572295064177, 23.52286556339534;
  -4.058723420898577, -2.466998807904887, 22.42880388526818;
  -4.277453790948454, -3.603958714524015, 23.63611555596189;
  -4.152693114573562, -2.530466089807948, 23.35220045122662;
  -4.171861941908988, -3.477170711888974, 23.61626548992343;
  -4.02029308840743, -3.868573592783944, 22.93059295527947;
  -2.208355545334951, 1.121554516065573, 13.36655816208969;
  -2.404753612773603, 0.5826316588501721, 14.61854968944699;
  -2.352272558912362, 1.112536002349426, 14.42705912618177;
  -6.239778273560188, -8.689479494839853, 36.22514925430886;
  -4.31864485980975, -3.78280651010172, 25.61948552628711;
  -4.224330908348708, -0.9197295088940574, 25.34965518410727;
  -4.249895028021313, -0.2355561892866554, 25.59795208677251;
  -4.01166088381382, -1.154380816203108, 24.40757154079697;
  -5.82121786553917, -6.536683217137523, 34.92892941696024;
  -2.142052711419662, 1.134747395089728, 13.71646717383992;
  -3.96147290196382, -0.3147443570210243, 24.60932371543905;
  -2.26253873419145, 0.5656434829500928, 14.54555020791092;
  -4.284023312646735, -2.862962545291605, 26.62616313939763;
  -4.154867862094007, -2.04539523921095, 26.26138573425466;
  -2.24966814821777, 1.115569783775863, 14.78187022068252;
  -3.833608369341341, -3.644848167660905, 24.40989730017201;
  -3.98572312158882, -1.807889549184415, 25.80603238089726;
  -5.858406008067838, -4.034658738793061, 37.59327123008629;
  -4.03057641488059, -1.525816390261847, 26.26520172784643;
  -4.252216782085198, -3.89633057572802, 27.59780641794431;
  -3.908512550380572, -1.276090368805858, 25.72579005597813;
  -7.154648445787377, -8.996632572367695, 45.90945643000057;
