m=[-7.489188998929873, 2.237808149001584, 10.03078192060283;
  -7.482436202221407, 2.245821759775873, 10.24597358797841;
  -7.364029752376704, 2.239338006611728, 10.53038510879198;
  -7.550200397574901, 2.20716566242751, 10.77670266685515;
  -7.43113361387308, 2.219640233621596, 10.66918404214633;
  -7.638186152817369, 2.227349493599924, 11.01540231127959;
  -7.60388876088772, 2.194833168910222, 11.14082027034358;
  -7.582598392616516, 2.103631457605651, 11.83326271204659;
  -7.649062074526861, 2.105719716142373, 12.14314207905505;
  -7.650553318160045, 2.178869275696968, 12.51725760711608;
  -7.566922750419202, 2.178658063858004, 12.74252543153026;
  -7.531135287594585, 1.993075711722835, 13.25279940705994;
  -7.5501297085211, 1.75380504351131, 13.47285991561125;
  -7.187687543433937, 2.227170447597589, 12.94272527488728;
  -7.603799575343006, 1.774659368036295, 13.75966733001436;
  -6.325767878399762, 2.267909349480845, 11.65018777018513;
  -7.613194371695935, 1.761329953253039, 13.9818934900418;
  -6.928982418409971, 2.200046104984054, 12.88847857109006;
  -7.422581866298133, 2.128373765252351, 13.82944586603145;
  -7.064648023207552, 2.180375503737687, 13.28489563151896;
  -4.883831121702604, 0.643859411757865, 9.47686141940822;
  -4.660069448296038, -1.139456877973626, 9.309297962022207;
  -4.581487770668109, -1.024437050169463, 9.227778668418631;
  -4.489454008504568, 0.05745033790931071, 9.123803731814947;
  -4.513622822687947, 0.5783222449347396, 9.202205129453843;
  -4.288082768627955, -1.170403536368327, 9.222451604026613;
  -7.355428529183496, 2.013002147270757, 15.30775318980709;
  -8.310556198959374, -0.4893895934928066, 17.32507819996826;
  -8.107980321749832, -0.4737289524490983, 17.17591723117791;
  -8.003756084092744, -0.3753516047853662, 17.31437377338679;
  -7.837569480143895, -1.157062947737551, 17.01995339714465;
  -7.945560459421426, -0.7728079314347556, 17.34602672999976;
  -4.290144327885667, 2.305662506823123, 9.853585569036978;
  -7.834460778554174, -0.6474656608753634, 17.16959006689063;
  -7.751629935379972, -1.995171657339857, 17.05888917907067;
  -7.66961496481106, -0.7636606725228882, 17.04350568311628;
  -7.703013900938987, -1.913569425517355, 17.12621233636082;
  -7.483742242120223, -0.9242535483192594, 16.75801237255033;
  -7.865800773476797, -0.08651714670819941, 17.66740123483256;
  -7.496144709593644, 2.055586372177069, 17.21296493532249;
  -7.659173730626897, -0.1020973191472137, 17.55233510423528;
  -4.372695336817803, 2.330142587671462, 10.48743233032279;
  -7.474394912001444, 1.19618288632765, 17.30803256123009;
  -4.278808644019438, 2.272885555569522, 10.48459172095634;
  -7.457389017034753, 1.997226004347026, 17.85617291761453;
  -4.109542178550346, 2.283098665579411, 10.48144393083553;
  -7.515438248109535, 1.80966271431201, 18.47482520498654;
  -4.113309614628284, 2.28471774328345, 10.61666997738916;
  -7.797142576903283, -2.129741732788558, 19.39004230766386;
  -4.066867390638397, 2.277810068695811, 10.74949194504824;
  -7.43875873283277, -2.05447768109135, 18.92870828164899;
  -4.281997163918068, 2.274227220264034, 11.40604064341259;
  -7.841302089700443, -0.7394589730968367, 20.1360606531784;
  -4.12253594132878, 2.263858923771066, 11.18476626409962;
  -3.884528650282996, 2.369347293760658, 10.69782294198899;
  -7.904076558423508, -0.9019364284659902, 21.11109408768607;
  -7.591435968037796, 1.463000088141429, 20.38538140341391;
  -7.816056384805505, -0.7278902499824238, 20.95127404358381;
  -4.079873804470374, 2.239384734755737, 11.43087161385451;
  -7.974994330312232, -2.223503039074263, 21.41181384605532;
  -7.896668988304867, -0.8349822606434788, 21.24710535298628;
  -7.856587529218775, -2.081490096707139, 21.35257667335443;
  -7.919168358686808, -0.231687474352961, 21.72484143077953;
  -7.837502112768137, -4.590360483967932, 21.49556983475409;
  -4.082491639262392, 2.302293282440197, 11.80287403420724;
  -7.829338668112803, -1.620638730887658, 21.98848560409994;
  -7.695638034125998, -2.123709308931676, 21.63623618436462;
  -4.082813531795321, 2.259939557039635, 12.18008148984976;
  -7.957497342831312, 0.9087263673228885, 23.03416880970066;
  -7.741227965554056, -1.922189248907647, 22.59145618327578;
  -7.103865626184772, 1.998835365101828, 20.89875909472544;
  -7.226664770829631, -2.612823300098379, 21.59028666632168;
  -7.629823817023898, 1.86434032666456, 22.86648117400726;
  -7.455494882800837, -2.510070519348574, 22.33811661723964;
  -7.543991874783314, -1.852690616812922, 22.67331713890048;
  -7.604335139805559, -0.5756409925092113, 22.93329888540184;
  -7.73153158920038, -4.677727308177889, 23.26930497150917;
  -7.676815461433492, 1.754433288098182, 23.1926826052142;
  -7.775810316870218, -4.509078279228926, 23.42607706617048;
  -7.546590986182995, -0.742532364481351, 22.96672755739021;
  -6.943717521908287, -2.427015718003638, 21.2116103285615;
  -7.810570865402072, 1.459559809730162, 23.83684684690532;
  -4.061364206291242, 2.283344662482797, 12.88038147632661;
  -7.589601572135369, 1.845036560711574, 23.26132257397413;
  -7.671772844109468, 1.66228823708641, 23.50153357771277;
  -7.502888215757485, -4.430703076267612, 23.02504376991511;
  -8.069726733310441, 1.651279259556338, 24.94180217417448;
  -7.431374001791824, -2.1610237767813, 23.15763826171643;
  -7.951435826439276, -4.858977749941138, 24.75865444890914;
  -8.078158904565919, -0.6194039640917141, 25.24658335264295;
  -4.053380804543926, 2.235825041516893, 13.48499869902057;
  -7.412893124019552, -1.796612131900549, 24.030859835332;
  -7.168400657501586, 1.781333069308492, 23.35019936050746;
  -7.708245080440981, -4.569873469824869, 25.13767213616625;
  -4.172710602201403, 2.263680183089057, 14.25388135868286;
  -7.823713425901753, -1.264316846377034, 25.82692509210539;
  -7.679192522448878, -1.867529948050988, 25.63268235774384;
  -7.560972266487122, 1.354280312162566, 25.32450939375928;
  -7.675825478557368, 0.844327639379841, 25.73168989920461;
  -7.668448582372184, -0.8590019210320979, 25.71779767205189;
  -8.974528563809166, 2.219466782246404, 30.69888922310837;
  -7.84061367757835, 0.5823746255055876, 26.91200181535194;
  -7.570665912034751, -0.5891676243226204, 26.08446581424567;
  -7.582700707585564, -1.07133270506016, 26.25044760639568;
  -7.4655380465239, 2.052505320712369, 26.11685054217385;
  -7.726350599503475, 1.628219299100285, 27.14872390711872;
  -7.692038276054479, -1.673844933137453, 26.99704395490134;
  -7.619605405722326, 1.338848413303256, 26.87622631675005;
  -7.524988396222364, -1.860824512328809, 26.50160231681709;
  -7.670498098648945, -0.8793831620048499, 27.07861462091973;
  -7.612806569308352, 0.806664901693181, 26.93425203469488;
  -7.675794862582336, -1.129137136327801, 27.23552977308193;
  -7.977506993608587, -5.325011801029431, 28.56989321412284;
  -4.249040038842542, 2.123319398846054, 15.75992574163707;
  -7.905697268684809, -6.571123163767212, 28.45140590058334;
  -7.42119082300573, -4.358502555376711, 26.79560764576051;
  -4.126356543917708, 2.198702946569625, 15.48236695880063;
  -7.906453701521905, -6.383806688903974, 28.80243122213796;
  -7.793497871582276, 1.859480392950344, 28.61162903773036;
  -4.265665735070146, 2.13806446875883, 16.24263168638197;
  -7.63999467387695, -1.762062070798885, 28.44248747181997;
  -7.369410238551674, 0.3998169786554137, 27.71476333551441;
  -7.821815088619046, -6.277161717867569, 29.24985028762603;
  -8.080222683159313, -6.748207122217669, 30.23803223435953;
  -8.010082810065637, -2.390533901294238, 30.15424576473809;
  -7.63960645617778, 1.543473602077609, 28.93971416563226;
  -7.688421654026451, -4.528505956779607, 29.05711346397063;
  -7.989087509103402, -5.527798956878368, 30.7103622959212;
  -4.265008203212144, 2.093187700610214, 17.02263507823713;
  -7.448848646060399, -1.895720990660743, 28.91745356233295;
  -7.555494640797184, 1.792274995139534, 29.54112544506116;
  -7.655478485341874, -0.8057741783754925, 29.97182534366262;
