m=[-4.319941317069825, -0.224104213728839, 7.872376313411019;
  -4.016475525825339, 1.03744839670218, 7.719111814931478;
  -4.094860967513832, 1.079605974828559, 8.244051080831767;
  -4.317820646430536, -0.6912394120099416, 8.731191708437198;
  -4.242048222899792, -0.4622671348682972, 8.63010737697187;
  -4.255647239635747, -0.3880189626345288, 8.681793286068967;
  -4.256312807200199, -0.3991374732232256, 8.687013674180257;
  -4.22468812341836, -1.132002865586283, 8.660399708225434;
  -4.192648750271226, -0.4679234745060453, 8.672924246946433;
  -4.164002566623578, -1.081076736277858, 8.62577609244468;
  -4.184925513877017, -0.09963656573263151, 8.764165424344851;
  -4.253697759040323, -0.101273925896647, 8.908189811688468;
  -4.106733059224862, 1.058417406191416, 8.766318470657248;
  -4.152307787990973, -0.1073891365891946, 8.86834402251168;
  -4.103892080871582, 1.031125609846852, 9.152356756532928;
  -3.955898078114429, 0.8865131915294833, 9.073019083549406;
  -4.173641682915847, -1.18790854722462, 9.728498302496121;
  -4.124750492290334, -0.1676797095276722, 9.804446105630017;
  -2.246472277059786, 1.167541893503229, 6.102265798520094;
  -4.299810418385654, -0.4578570428552415, 10.82860313912222;
  -4.256146860214004, -0.5128317812885066, 10.76645578533667;
  -4.218601474060503, -1.166475142150843, 10.78643650861693;
  -4.22353566822608, -0.1854913559387775, 10.89788185362103;
  -2.229329738284103, 1.198998234938448, 6.416590992440059;
  -3.960298530082274, 1.033326502148887, 10.91299687474051;
  -4.195665727025429, -1.100425096839016, 11.54204222875817;
  -4.025422043509736, -1.498525313445435, 11.31229280658686;
  -2.236239864164145, 1.177643449778428, 6.773158043780971;
  -3.959437623552837, -1.380462280867391, 11.1761506406995;
  -4.185256912998347, -1.075574764057454, 11.85080515383431;
  -4.169867922081805, -2.458821911157455, 11.86811806373461;
  -4.272434840508999, -2.625812556212035, 12.1457740374248;
  -4.41166513666635, -0.3992179113036989, 12.53314238616547;
  -3.910598906499775, -1.414377668758674, 11.22812111177887;
  -4.050595691287861, -2.430093679796418, 11.7320284728449;
  -4.406992603577842, -0.3772129841378835, 12.75771655884608;
  -4.046194002961609, -1.223338812516556, 11.88657948376488;
  -4.279571720163853, -0.3944511390145353, 12.64099265514684;
  -4.160202230597045, -1.055955972404991, 12.72426374154164;
  -4.218124559912882, 0.9622020770122689, 12.92383249677676;
  -4.249162964696115, -2.560396689199623, 13.11476164201835;
  -4.186247257288735, -0.6440494312473923, 13.01630128135933;
  -4.237335293096169, -0.7470266813882143, 13.22695154063636;
  -4.233753817166917, -0.9868210156530952, 13.29769939402178;
  -4.198003375820838, 0.6657108171247853, 13.26257694406957;
  -4.244196170654432, 0.3806536147750508, 13.42967405764707;
  -4.187388324943707, -0.663914007547321, 13.29545241605585;
  -4.204250850639388, -0.7902094036079435, 13.43977352757679;
  -2.397895007812718, 1.131909454756119, 8.17060821798388;
  -4.227261657593068, -0.6650017045567941, 13.83621037602759;
  -4.260004328392356, 0.6477678635640859, 13.9696336800785;
  -4.208856117340814, -0.74335483708289, 13.83872973312963;
  -2.413543130797246, 1.139285546572279, 8.451821973663291;
  -4.269726247382822, 0.7996987124442383, 14.16804128941289;
  -4.223553770701847, -0.9799377887848271, 14.03017025876486;
  -4.20643174447864, 0.6471894704860449, 14.01240745942182;
  -4.2287746901477, -1.100020733468025, 14.08684394070876;
  -4.248171947654257, -0.5577814940486005, 14.18843988667976;
  -4.291825220141746, 0.3662051937822541, 14.34620594245951;
  -4.181346845282635, -0.6818093610330978, 14.04026451850985;
  -4.216106382411922, 0.7140151992177271, 14.16278559262984;
  -4.225059064847266, -0.8012193007187967, 14.23570546538644;
  -4.419627637873384, 0.9026089760865714, 14.94201019404295;
  -4.342213827633904, -2.936136941497383, 14.76545917848619;
  -4.23309648540459, -1.104117767160761, 14.49264619466226;
  -4.235872259424315, 0.9081817936835863, 14.70139400477896;
  -4.355824015191828, 0.698835982773644, 15.18471956339748;
  2.897467484326794, -0.5678644072197899, -8.353879428551641;
  -2.243693016035553, 1.211424265822879, 8.364089691809518;
  -4.206724839118873, -1.028518112288403, 14.83523636679403;
  -4.229437640782814, -3.568222622638584, 15.06423865802944;
  -4.241528952314331, 0.751455327757486, 15.18687408022381;
  -4.276470123441781, -1.338366277952992, 15.28100515167944;
  -4.363516688959402, -2.615579125091187, 15.65368409230976;
  -2.188048996198528, 1.164174409652848, 8.505915418781724;
  -4.28520011283006, -1.147086047036237, 15.75736569895782;
  -4.257449433322709, -0.5237143182935691, 15.79417312425905;
  -4.217690990723854, -1.170445382705354, 15.99482729996224;
  -4.15527207828776, -0.3778179127871775, 15.87066197554516;
  -4.434614305359953, -1.160022533338894, 16.93034372216299;
  -4.237181136866588, -1.430712730749799, 16.29258410104156;
  -3.711879684266898, -0.7383288976737275, 14.48166831337168;
  -4.20704049291589, -0.2518644722915729, 16.38730740103627;
  -4.304790241952205, -3.636218182245792, 16.8133349858637;
  -4.326575820031273, -1.354576297217823, 17.08129877075364;
  -4.314346187139527, -3.541415822949376, 17.0556649310834;
  -4.272315755481651, 0.5941598076199364, 17.07864119816058;
  -4.421210826211302, -0.2780138799880093, 17.88410719869538;
  -2.328083672672115, 1.092147053347239, 10.21698103483304;
  -3.802506695427195, -0.282141027162765, 16.06143695663874;
  -4.199891232492643, 0.7747219725807825, 18.18475111093374;
  -2.282255091513501, 1.15196333685671, 10.44063465965218;
  -4.336996839132475, -3.464275411424515, 18.81955506980554;
  -4.339354762098272, -3.58929023720833, 18.88448450347869;
  -4.362994007273582, -1.312183503558925, 19.44930286374973;
  -4.345367525855407, -3.419468952362199, 19.35951310429332;
  -4.26952580786678, 0.4979296464269787, 19.07582100369088;
  -4.318576551310785, 0.5452549416488922, 19.36467759263692;
  -4.247415667335918, -2.592821910406337, 19.45587833988064;
  -4.397916731546296, -0.3435871910585355, 20.19873179084488;
  -3.436367064101037, 0.9251677905736275, 16.03118868535523;
  -4.323377906032018, -3.584692087489584, 19.89233286819443;
  -4.306919256012989, -4.820559042675461, 19.78290890679928;
  -4.379138449387651, -4.363803737759437, 20.14325492612335;
  -4.396768824108553, -1.281357526059384, 20.88825396844245;
  -4.337662551658239, -3.789628972320563, 20.60450024145654;
  -3.014694443473188, 0.6947850116175676, 14.88752505141622;
  -4.388778032019462, -4.433800818467868, 21.5114452957083;
  -4.35272594817884, -3.802236702123194, 21.80788714948185;
  -2.423637010093714, 1.143080497541197, 12.68205766772433;
  -2.744809401822258, 0.5912049870729488, 14.29945825730722;
  -2.740045829030083, 0.8848523886120908, 14.32369979554671;
  -4.418074119166368, -1.453994180444313, 22.43955950602621;
  -2.414664371524932, 1.023518161657788, 12.86544365462511;
  -2.671131108037825, 0.5332319212861011, 14.26296533124485;
  -4.218720276460173, -2.612959882550878, 22.08759733879838;
  -4.385624230335707, -3.685681373208657, 23.65482755819117;
  -2.362671904026102, 1.097862760954745, 13.27776144720608;
  -4.524374708478076, -4.382517676747344, 24.53235852197231;
  -7.362055673739163, -9.847585594409097, 39.65960767971007;
  -2.482821146074292, 0.6140880064970774, 14.26397634435743;
  -4.228592974266879, -3.724610034270857, 23.89057867591673;
  -4.429308802842824, -1.064633622633869, 25.20248771049933;
  -4.424491436611931, -0.3672082117732674, 25.24457550745666;
  -2.308638535461387, 1.11697206999469, 13.70532248895096;
  -2.361657940246142, 0.5042270054918113, 14.13095287538529;
  -5.830517732748806, -3.50710162426692, 33.45679426679261;
  -7.092249336306783, -8.01218267085118, 40.78949619842002;
  -4.366668305449834, -0.4614559132952985, 25.65795438086704;
  -2.40355966826955, 1.084052013822567, 14.68288576676827;
  -4.183549087378164, -1.661940606715801, 24.74933879579844;
