m=[-7.666570139552158, 2.182774241006466, 10.49613478360671;
  -4.937253310182261, -1.144660004033441, 8.546596205430337;
  -4.898195542580896, -1.296926733741247, 8.500230998729649;
  -4.787836120469252, -1.540562192058018, 8.403086576644681;
  -4.856596588581411, -1.129133050758235, 8.526109358015308;
  -4.743217187156694, -1.062702220311685, 8.396362185927366;
  -4.744324964016778, -1.392345072936855, 8.400961159086261;
  -4.743600223359143, -1.549823833552479, 8.414039599849208;
  -4.743062140260299, -1.694724169424186, 8.411137228280238;
  -4.724071801767463, -1.858198420384394, 8.397765589283804;
  -4.683717522442436, -1.603174956773738, 8.435654384363096;
  -4.492450219105441, -1.470355210059595, 8.362534814421966;
  -4.44413722611765, -1.433123404428054, 8.346191455956797;
  -4.358121673416377, -1.315555637987771, 8.314661232637473;
  -8.121500539518072, -0.5484024315823379, 14.96281757038374;
  -7.694632985219791, 1.987509845983093, 14.78802298330112;
  -8.500794895477361, -0.6072201177469516, 16.51492020532032;
  -8.300751940118063, -0.5881316114071439, 16.37743202362338;
  -8.131477469377609, -0.8119567121536827, 16.15256427511309;
  -7.746927003542636, 2.042469511404011, 15.59663745444728;
  -8.315615893822262, -0.4928072340708701, 16.75949932059747;
  -8.12952623356521, -1.301454922231313, 16.43895331843056;
  -7.964913166588733, -0.8679575043767076, 16.20397795217181;
  -8.068465571384872, -0.7566236568664094, 16.46750930281808;
  -7.949247953609632, -2.129996629304059, 16.29556138746365;
  -7.969361903973362, -0.889426167995135, 16.4854430233848;
  -7.903667519990365, -2.051985067354285, 16.37253225610881;
  -7.723476196062411, -1.033168233571287, 16.08407089663051;
  -8.074454750780225, -0.1922402056771505, 16.90970530122192;
  -7.844124009365161, -0.2028688015615203, 16.75318734114156;
  -7.951375524538475, 1.162431715502523, 17.13641731970287;
  -7.871645185427964, 0.9473567683779213, 17.30641583228745;
  -7.792959708453013, 1.958024278792435, 17.37958650849832;
  -4.259608365297753, 2.302896083230511, 10.08150177722046;
  -7.58662647609972, 1.700156151008573, 17.40024779157691;
  -4.436116744895149, 2.26752024891168, 10.63778373826361;
  -4.306692631452993, 2.276960133275946, 10.497201793623;
  -7.83189517059303, -2.229126484958549, 18.25565888521872;
  -7.763390063761354, -0.3155979963575193, 18.45341666590536;
  -8.049160445804537, -2.31485522759433, 19.17141536622742;
  -7.949507638512455, -0.8571530725643261, 19.15065162752473;
  -4.275068927811274, 2.256014732782492, 10.77834679777619;
  -4.240903820616723, 2.301845486703778, 11.06493112288041;
  -8.078934290280168, -1.031360605012821, 20.28220542524659;
  -7.792398073546157, 1.367685356235246, 19.60893895881708;
  -8.117343009952956, -0.8643596588554016, 20.44264222047024;
  -8.060175219380747, -2.342528776274524, 20.36638526021973;
  -7.9456426111225, -0.9573866192998159, 20.09949672047643;
  -7.966877759752167, 1.758278662730769, 20.32194407868776;
  -7.906379247312938, -2.186173525305976, 20.21562318426393;
  -4.086346029911049, 2.381794468553828, 10.96014615482932;
  -8.224699464634153, 1.536676676774678, 21.07698948319303;
  -4.054826249004916, 2.417461951114629, 10.9376634946861;
  -4.262354834590159, 2.260392882653895, 11.49469318530968;
  -4.289050983848452, 2.229115737661534, 11.65067977651737;
  -7.852084369464507, -2.231322502364524, 20.76368336327635;
  -8.139155035753005, 0.7939007377103529, 22.19176062490228;
  -8.831331395226179, -2.098369544151565, 24.0645279695976;
  -7.825461356866239, -2.05243568761247, 21.52740740490308;
  -4.474216073244459, 2.227316400732246, 12.77360643668353;
  -4.211491022748092, 2.265062101858784, 12.12176686886494;
  -7.788146038159354, -2.899257234855289, 21.88634817712248;
  -7.75336447945037, -0.8386277008959128, 21.82392290931547;
  -7.759743939626114, -0.8760652184966621, 21.86819660757131;
  -7.805971369988932, -2.006067008321408, 22.10307459378286;
  -7.941905107257983, 1.657919356885908, 22.57848951409931;
  -8.085929601543128, -0.7317073772548509, 22.97139603329659;
  -8.032983315005064, -4.937022854599961, 22.83634597896674;
  -7.912791835102504, -4.665890216701246, 22.52108447259098;
  -7.427658147981127, -2.686420690758335, 21.32631017816913;
  -7.904318553847219, 1.756488037369707, 22.78935009067465;
  -7.903573142045482, 1.548993354197623, 22.78731252051567;
  -7.703651516737056, -4.621689323978101, 22.31263395001991;
  -7.765189798726062, -0.4349451623962661, 22.50642156294401;
  -8.253804659157131, -0.7064777652324993, 23.89377742275349;
  -8.107935805138567, 1.487529814309725, 23.63683574963432;
  -7.373063605792588, -2.229194860532475, 21.65998627968882;
  -7.973906959027803, -0.7349606194388118, 23.55331465225111;
  -4.442662699417118, 2.172291451367179, 13.76540114211008;
  -4.353959246394035, 2.249001096887369, 13.58835999306989;
  -7.88331301325187, -2.000967981185528, 24.11165332300406;
  -8.206694308726217, 1.872040096754331, 25.1443363257199;
  -7.916904594336924, -4.770449257998561, 24.435004625612;
  -7.878468503217134, 1.243223578825575, 24.49318093403906;
  -7.829859431201464, -1.204615065350527, 24.34538695003358;
  -7.801329639248038, -1.375345821775806, 24.35205192730119;
  -7.916307770305052, -1.845166065735591, 24.86414789004373;
  -7.920306960260802, -1.66940591277812, 24.90347636234699;
  -7.809000829329397, -2.016970138755513, 24.65127277008085;
  -7.818211118875074, 1.239795980722082, 24.69974824848407;
  -7.953303682757236, 0.7133161792044237, 25.16619681235049;
  -7.801833541117637, -0.9950773592822364, 24.72770885749245;
  -7.74944831002083, -1.228681670897076, 24.60541350865791;
  -4.269913623364851, 2.169356510793603, 14.05296898259954;
  -7.833484295780834, -1.472341488044122, 25.04138278312118;
  -8.282659850414898, 0.4630521262496828, 26.8832932096042;
  -7.867052001849622, -0.3463786273990315, 25.62233641406422;
  -7.861777094753112, -1.23675693447213, 25.73230867245984;
  -7.858175723111678, -1.387886107666006, 25.83770197786904;
  -4.474820654472491, 2.112307582539065, 15.24754265483359;
  -7.950400310823659, 1.489070849888588, 26.38145711101634;
  -7.765357778313853, -1.801697798472545, 25.79564453653512;
  -7.829831970075906, -2.036754884747349, 26.08264311205928;
  -4.241633156618119, 2.141395787685508, 14.60253434571349;
  -7.841012136424425, -1.029518465400867, 26.18814179821865;
  -7.940332079399183, 0.6775184679435272, 26.54200332482697;
  -7.694649418660395, -1.254687591733597, 25.83734791986324;
  -7.775013421074387, 1.316730948708433, 26.11790075360992;
  -8.173778588693589, 1.617891105885998, 27.4764093247217;
  -7.850320239479244, -1.488695896591342, 26.45048152533422;
  -8.323629430473309, 1.699913036379379, 28.14077700478242;
  -8.110204886633843, -5.483993445742831, 27.5783054304362;
  -7.501497955586599, -4.483621129772004, 25.66085495364356;
  -7.791221764666494, -2.032182920450417, 26.67442635640077;
  -7.961778621475984, -0.9642297198446714, 27.28925527087052;
  -8.148388794937407, -6.63360286567215, 28.19216825969214;
  -7.865514234536536, 1.686386271416031, 27.2987514094286;
  -8.150044769648751, 1.307569940011879, 28.41164928257565;
  -7.908538175029792, -0.7115658797671339, 27.81776032592414;
  -7.730698160773872, -1.890107716352562, 27.26271360297532;
  -7.976564549867091, -1.107703184179715, 28.21186143295154;
  -7.777324479649676, -6.561445636245491, 27.70095743998075;
  -8.558730397642332, 0.2743625945405968, 30.41339957257454;
  -7.703604062081883, -2.410923868934739, 27.52709827525456;
  -7.912307844652877, 1.40179306838812, 28.33016685059875;
  -4.550795951591952, 2.088529028436631, 16.72671894531594;
  -8.227304722991541, -4.931610905412311, 29.51464111292089;
  -4.211773255962521, 2.274038510594528, 15.70074382844044;
  -7.808297887654232, -2.09016832871205, 28.71235929771082;
  -7.857882112345617, 1.666588665234565, 29.04637973377554;
  -4.538016473772514, 2.125196109335158, 17.20557593252276;
