m=[-4.108254806784431, 1.082830137238878, 7.160140915702192;
  -4.069572389710559, 1.055667783784519, 7.196384794220454;
  -4.058953812061321, 1.09116020624887, 7.37695977414892;
  -4.125027382504386, 1.04124149873395, 8.544092588406025;
  -4.117379147567974, 1.024577067851134, 8.902390511981775;
  -4.213142568311507, -1.162895914175738, 9.156246621613784;
  -4.224849532366702, -0.1286355252726103, 9.214212578886302;
  -4.153767839211175, -0.1465376360255503, 9.204825332127932;
  -4.060651958136759, -1.133731306662614, 9.039510085436746;
  -4.340632632345136, -0.5253502339881728, 10.20528608500395;
  -4.312414813767037, -0.4354509833369253, 10.17358169362813;
  -4.256286649448172, -1.139268646525554, 10.19135380948389;
  -4.222918383061336, -1.064441197472092, 10.90129130375621;
  -3.952626935635615, -1.431871827442063, 10.43328289755215;
  -4.218485677437597, -0.4240694705092551, 11.14400505904035;
  -4.216092453961197, -1.043725018140057, 11.21248548716898;
  -3.914645144966644, -1.368924913177864, 10.53851266946128;
  -4.255075393030235, -2.445643880551093, 11.3866580995558;
  -4.176726069721799, 0.9333876794352616, 11.30722740740791;
  -4.129772564538203, -2.414881106806726, 11.23994426518532;
  -4.194368618835522, 0.8741189273629849, 11.46246923792431;
  -4.18766977845977, 0.993674380261007, 11.52246531722288;
  -4.099867863963297, -1.192669944203906, 11.29675621741426;
  -2.23688242821872, 1.226433480413603, 6.710073571379459;
  -4.305555309150388, -0.3659758361659904, 11.96666871660949;
  -4.205735891538977, -1.026385556988411, 12.11356059348085;
  -4.333966162794235, -2.541167474506226, 12.60587487659182;
  -4.23731055413474, -0.6148836416893544, 12.4063939516502;
  -2.422417161832691, 1.143331906250682, 7.565952022929123;
  -4.319949765986258, -0.7252055565895744, 12.69793743925249;
  -4.266245914512837, -0.9576761146675801, 12.62948513794853;
  -4.237616413746125, 0.6858671631455641, 12.60235256087207;
  -4.229203552576758, -1.047284532706577, 12.57726188869204;
  -4.258437965426062, 0.3946064379364222, 12.69041883074353;
  -4.250074714011367, -0.5048420114978537, 12.68859881577993;
  -4.232359349063906, -0.6335274601582583, 12.65567968320084;
  -4.1693610002043, 0.7160502723239359, 12.54756214762599;
  -4.208591340045969, -0.751220900759876, 12.67818275917705;
  -4.233604387901425, -1.058377595324719, 12.94953264419888;
  -4.23356462907898, -0.1653480173710797, 12.99485665619369;
  -4.229597511255471, -0.6296461357094776, 13.05359593077072;
  -4.265917296303504, -0.7184109198700724, 13.22754669254117;
  -4.29852546956525, 0.8147587995191892, 13.4467508009888;
  -4.256164595095624, -0.9416242164891912, 13.33152502487235;
  -4.285244270181797, 0.3818788570653826, 13.50758767402412;
  -4.274659628804097, -0.5250863017385768, 13.46569329544588;
  -4.200194140931092, -0.6458058039445054, 13.29550242173242;
  -4.324713292156707, 0.7464125161695203, 13.69148668658552;
  -4.295998774192332, 0.8567625774884037, 13.6282178522924;
  -4.259249427528919, -0.7657119377689404, 13.54015184524317;
  -4.39130220884684, 0.9047106181444268, 14.0229130801319;
  -4.23908214797827, -0.6077376420065299, 13.58605840510255;
  -4.408279259520772, -2.893953845529831, 14.16660163339985;
  -4.254251317610594, -1.058336869960616, 13.74420273118361;
  -4.269079086259676, -1.157514320999868, 13.84028203244416;
  -4.274306768927849, 0.9214633875822339, 13.98781427100426;
  -4.362352534432973, 0.7097235920389348, 14.36065335485392;
  -4.146551387269787, 0.109322242978039, 13.73699590361083;
  -4.263751757784315, -0.9889419566414955, 14.19282970897406;
  -2.258853210361291, 1.194052710028964, 8.042680891684663;
  -4.289581034504947, -0.5579606487133317, 14.33306620840867;
  -4.374239426072219, 0.1709176548899807, 14.72116179526602;
  -4.232441724590018, 0.7529682106970119, 14.29618828715983;
  -4.458753919204361, -1.333378307704189, 15.0405918762144;
  -4.281777067429087, -2.486409200869467, 14.53727626736469;
  -4.264250881361432, -1.090916363784208, 14.81609191602604;
  -4.25787603251115, 0.9105762448139576, 14.85807321420453;
  -4.3110425206707, -1.19077284494109, 15.09688448619559;
  -4.267017298105483, -1.13468109077291, 15.29594073212277;
  -4.289965793631965, -1.051477144780585, 15.39975057860776;
  -4.146827164136912, -0.04658908529256062, 15.00971746086871;
  -4.305795865575624, -1.392692430418093, 15.64925547251065;
  -2.404617583492131, 1.141777404124136, 9.247837952752342;
  -4.019811230621367, -0.7481889192651715, 14.77696938266622;
  -4.286834223053825, -1.329925672030706, 15.74977829919287;
  -4.256816954686429, -0.2206046909452874, 15.67513419496832;
  -4.308418230850491, -3.526071412942819, 15.93694520543106;
  -4.17616555599499, -2.440007430936331, 15.5381962637107;
  -4.373768126870196, 0.7433326905902054, 16.4814570568014;
  -4.432253333522519, 0.6962113215275626, 16.98297846757712;
  -4.416888183495667, -3.463535600115666, 16.88057337857443;
  -2.38411247843062, 1.112149373610499, 9.670262636246532;
  -4.414723153240506, -2.585102782173568, 17.03298373131567;
  -4.207575253395006, 0.9283634169724733, 16.48189661378314;
  -4.390671366788649, -1.215434230358387, 17.22719237260449;
  -4.21526273450525, -0.2628286471521537, 16.70740266881046;
  -2.295197695744649, 1.14989141854404, 9.702225808617611;
  -4.23298932204677, 0.7900839271697235, 17.32621019136149;
  -4.37196150465201, 0.4053250630188247, 17.96008104455546;
  -4.47782877944414, -3.466989006517343, 18.43276685546942;
  -2.335064566092741, 1.149242946353903, 10.16910173342753;
  -4.275149106608812, -0.2726331949538017, 17.8018379381571;
  -4.454585167500892, -3.651038865964223, 18.63692636386099;
  -4.291542932054328, 0.5198071611708619, 18.11240695688209;
  -4.437448056748833, -1.264425733037908, 18.72753345603172;
  -4.442751722019835, -3.370852413791535, 18.75118663842105;
  -4.373709332735893, 0.5706608168376638, 18.55623915411438;
  -4.534584976168614, -0.3823083514949692, 19.47807542019606;
  -3.328608436401637, 0.8977945813312215, 14.60956228112556;
  -4.547565931185191, -2.667992094935422, 19.68851493433494;
  -4.470855644276783, -0.3051649413295577, 19.44161768928247;
  -4.400169555355124, -4.76296630328761, 19.15532056634991;
  -4.314587137301583, -1.336350123982242, 18.93694930815202;
  -2.963100329857399, 1.028855985599151, 13.50771088237247;
  -5.404923751311064, 0.1172202907709663, 24.02770282359746;
  -3.025372316000926, 0.7029491997121552, 13.98113163972643;
  -4.424765954174814, -3.726819596368211, 19.92250227025152;
  -3.328595906744368, 0.9225376608572227, 15.43915536435054;
  -4.244644574839517, 0.1896790986366122, 19.6314520933339;
  -4.478763847953603, -4.362556669575108, 20.81060533610817;
  -2.746621294145443, 0.6009656055278742, 13.35138195936127;
  -2.791487637213994, 0.9022949911630864, 13.59545543089179;
  -4.254879278430519, -3.583465960351592, 20.24168233033283;
  -4.692473981144964, -3.727538762340647, 22.44376368092569;
  -4.521478942414036, -1.404482002784928, 21.73871629289217;
  -3.289151292570708, 0.1296482478250773, 16.319896599614;
  -4.515401327086907, -3.475805951776236, 22.38385557138481;
  -4.436041349782454, -2.627520623415004, 22.04671147286365;
  -4.04015610073898, -4.07994968801804, 20.20786147725685;
  -2.377265900088557, 1.094109111291876, 12.39732753216138;
  -2.484411801360848, 1.213349978802444, 12.98479220476409;
  -4.557326023359477, -2.704334104849652, 23.06546051277475;
  -2.542082092761245, 0.5312783636942385, 13.40415409191995;
  -2.369728334097649, 1.010938742360434, 12.58687551883033;
  -4.629000075943535, -3.729925774715827, 23.62159853287425;
  -4.309027122913058, -4.008666400154126, 22.16410338158573;
  -2.394078471262933, 1.084101013251053, 12.90089718996302;
  -2.433572355071131, 0.5503634048774309, 13.24733871794768;
  -2.200238731291235, 1.051662377609964, 12.11757741084684;
  -7.608531979620601, -9.813127500865813, 39.23560139026308;
  -1.932831162491302, 1.079643697372234, 10.90079839087402;
