m=[-9.478039319910332, -1.699474271535211, 12.39463195990085;
  -9.369068815234872, -1.764608763778903, 12.28085940064869;
  -14.32698646440137, -0.849705874046313, 18.51944600852838;
  -14.17278693866555, -0.5210684029331157, 18.36653149535418;
  -9.494653368674475, -1.461768176702669, 12.66136267997539;
  -9.48570165895176, -1.385371057207008, 12.72705968183091;
  -9.344284286003211, -1.556510605646912, 12.66575021928914;
  -9.436742383348374, -1.435676195580486, 12.79462991448913;
  -13.44801395102999, -0.1744867645555834, 18.11626448028827;
  -13.52655359648841, -0.07653514573068593, 18.23407910656698;
  -13.45827685767783, -0.1488899846854634, 18.29874551616297;
  -13.30878499791946, -0.4476463114480075, 18.24426810777748;
  -13.08183809310397, -0.221845298348942, 17.99095629802536;
  -13.29181947614559, -0.3194165575593823, 18.28354632545729;
  -13.3967745329054, -0.5473662330376706, 18.45050481357956;
  -9.251713453979548, -1.07660554828322, 13.07221704292931;
  -13.17676530731387, -0.363668440840992, 18.22929346628504;
  -13.35537535272302, -0.7364353907472183, 18.47675340245185;
  -9.014281759242701, -2.638646115838557, 12.83893826813025;
  -13.13712891458738, -0.4783054474754149, 18.29247692204675;
  -13.12294244460496, -0.6214330022453394, 18.28602881554514;
  -13.11702035780479, -0.6874968888459644, 18.3900712017043;
  -13.05373151526759, -0.01392844692031972, 18.30865900066859;
  -13.09282990066622, -0.3351471833000216, 18.3938553860061;
  -9.189059330680287, -1.098269607036948, 13.2486143308405;
  -12.93094224390344, -0.7705345687022557, 18.25524728820343;
  -9.20875652896617, -1.033133284925191, 13.36901427827288;
  -9.220844410924849, -0.9632571038407428, 13.3968741766204;
  -9.170679096158576, -1.180187872541241, 13.34616815005884;
  -5.372020499832483, 0.7359727682686108, 8.33619638111205;
  -7.944982919526077, -2.157916525301882, 11.92086521647484;
  -7.924149533502297, -2.052275626342897, 11.905986551341;
  -8.872264852408394, -0.5012540913808563, 13.28146001163705;
  -8.872842903208648, -0.2572279995193708, 13.42571850623035;
  -8.786532391850829, -0.3898360146319121, 13.3203150462888;
  -5.233576479895308, 0.6481988691932294, 8.332941268025227;
  -8.685556121133809, -1.010014797677797, 13.18706861136378;
  -5.231181487997411, 1.175152634533165, 8.332744527908432;
  -8.809236839006973, -0.3215006207817369, 13.4028619659775;
  -5.228013643451649, 0.7604319250411331, 8.36747165909466;
  -5.187145181250019, 0.8036050394954517, 8.325056762063463;
  -5.249589469411209, 0.6695903045547335, 8.430481943817217;
  -8.905289963318575, -0.8265129774327318, 13.81763664710014;
  -8.690599077581846, -0.0102755972314276, 13.54144526668513;
  -8.717341229402837, -0.1885196219563154, 13.67394721383514;
  -5.115276467680047, 1.286089788841167, 8.426797387357491;
  -8.811316039311299, -0.0980659702532035, 13.82317283576152;
  -5.241082728013796, 0.7060565361376993, 8.635828703795468;
  -7.836406871498926, -2.788959362241235, 12.54371739969547;
  -8.398214070520748, -1.553273232700845, 13.48287886038501;
  -7.648585959422764, -2.852767252039574, 12.39778879395914;
  -7.74097237663892, -2.407101952912578, 12.6602462845193;
  -8.00396121677953, -2.820574795023686, 13.4951830845692;
  -12.86553731094803, 0.1320093390065545, 21.19733155680883;
  -7.89321911630225, -2.81898438613585, 13.55413076384005;
  -7.457133065869147, -2.873558851964425, 12.90655552322676;
  -7.723240047609493, -2.880618390883617, 13.36912061019212;
  -12.38340496400893, -0.7048859668739977, 20.85445780000441;
  -12.6338789048224, 0.08889593051702105, 21.25981806182537;
  -12.71520378442596, -0.4228945310982641, 21.53770891450163;
  -12.5664906874931, 0.03274399543998527, 21.29693187477264;
  -12.49291925427618, -0.2557706217276213, 21.28527903221627;
  -5.144213402391123, 1.137324179340129, 9.369371779987525;
  -12.03419879750365, 0.08238692325874913, 20.64721840550956;
  -12.39764761670752, -0.1249801592118201, 21.31293878491629;
  -15.46989109225403, -3.446808207914547, 26.50788760401338;
  -12.41874970378016, 0.2330466674284027, 21.49509452550614;
  -4.78439113634665, 1.831666744088053, 8.892927002646246;
  -12.31656428601209, 0.1537727909418361, 21.52772829028125;
  -12.1138321885411, 0.2930203375054019, 21.18949077735586;
  -5.778788824279305, 1.811085993922956, 10.62121436096711;
  -12.24140636913339, 0.03277531508666921, 21.46428353603397;
  -4.827454924016768, 1.737261240222526, 9.077656503741126;
  -12.36319650306775, 0.03729341724406362, 21.88064462149252;
  -15.57574497159814, -1.423179036440478, 27.38667307434462;
  -4.770999676631663, 1.76479202091688, 9.277423814613384;
  -5.043456673744385, 1.734808566453952, 9.767354576779516;
  -7.245545850274104, -3.118201252345874, 13.88011043206034;
  -4.938550456609696, 1.714688392519959, 9.805662345418886;
  -7.235735425852123, -3.355718737164733, 14.16579355132043;
  -4.748996562692502, 1.760681669849459, 9.712000828131504;
  -4.958324519325069, 1.778384658377032, 10.122992340436;
  -6.347995329198699, 1.681542647024603, 12.78084770247902;
  -6.230254591698484, 1.622097846808413, 12.57376527520693;
  -6.54918733777497, 1.465123878446958, 13.21121655365133;
  -6.477188336822409, 1.396543274949482, 13.15927455023233;
  -13.17053562066726, -4.743122882143087, 25.87796010519583;
  -5.829021256952474, 1.729825306219048, 12.03312096071136;
  -12.83398079687116, -4.715947468721135, 25.46957108914002;
  -13.099591153654, -4.400013659237052, 26.06383345803048;
  -6.198979415362452, 1.65903000538075, 12.84005220133848;
  -12.78968720242716, -4.733381962178846, 25.67966973049863;
  -13.27029781955022, 1.053389996465431, 26.72107925627716;
  -4.798359062396089, 1.764729946203738, 10.30478782356857;
  -10.37865804491274, 1.891545432482685, 21.24710361274784;
  -11.11847063377362, 1.78701105501135, 22.7996153531555;
  -4.689734271444826, 1.778390102123577, 10.20580825843681;
  -12.62756723422942, 0.7646853519566395, 25.95498490066222;
  -12.71101582992737, -4.58144248310518, 26.19760072134026;
  -13.03011947160049, -4.42059754046468, 26.8792716987667;
  -6.750482441896608, -3.077810050055751, 14.44872053899986;
  -5.898123546049234, 1.684680462564954, 12.70141397676136;
  -5.906585874747077, 1.475215814868372, 12.75538562537905;
  -12.66387414012934, 0.6861561089754261, 26.25145549930536;
  -12.51799740821842, 1.183030626747289, 25.98370419194261;
  -5.666832039649053, 1.704187285282573, 12.51957070111144;
  -6.164438011163568, -3.145545347034883, 13.61735797849236;
  -12.25426658821654, -4.315335874124092, 26.20271276228155;
  -5.733223129105478, 1.344974102367837, 12.8291629728551;
  -5.696567238955653, 1.611167013815373, 12.75607664696341;
  -5.715947889875213, 1.531087630086954, 12.887497730822;
  -11.79672791941045, 1.433921927186113, 25.5574384638789;
  -4.795780130987855, 1.744844094637173, 10.98504391953177;
  -5.037743851148732, 1.702571598812974, 11.51201898792029;
  -5.625314217251868, 1.66789140990527, 12.75672579119872;
  -5.480776645475368, 1.679405068457284, 12.67779075813338;
  -5.538262156177245, 1.566572282236977, 12.81113252278537;
  -5.576556999332004, 1.497490087682092, 12.92089745896003;
  -12.66998337050907, -4.119109740836417, 28.31126931511937;
  -5.599789824407212, 1.364678623257825, 13.10493225016051;
  -11.69407244468888, -3.926451971104271, 26.39337998910625;
  -12.57694777660875, -0.3321337501159054, 28.7918032870165;
  -12.22610119457181, -3.047965256994215, 28.12509516277288;
  -12.38378644089842, -0.2380234615707538, 28.43824017295938;
  -5.335629651205531, 1.611413874945627, 12.80231779482794;
  -12.7242874266502, -0.7188066543275682, 29.39783743007704;
  -12.84723651305732, -4.079833700587394, 29.74107706056928;
  -5.804074303177147, 1.230985790891005, 13.94841523819952;
  -5.424571281651033, 1.457451601244073, 13.09950625418554;
  -5.519989306681757, -2.84354506724135, 13.39434488246287;
  -13.11636800216748, -3.406300119520647, 30.4233353473108;
