m=[-4.555873482462454, -0.5111248757456749, 6.614089257921034;
  -4.566913349915922, -0.4770833918116621, 6.635223499906664;
  -2.599864100743108, 0.3502427144658117, 4.283844043742716;
  -4.403538230320052, -0.2487855796934159, 6.591937671905135;
  -4.396244193950575, -0.01996570537841464, 6.602207568477212;
  -4.381103229338298, -0.1943783675344172, 6.641718560011672;
  -4.333239501514283, -0.01524649486815552, 6.638295289513557;
  -4.364737083809063, -0.1423108636221424, 6.722739328826888;
  -4.307478795656761, -0.005093080096314783, 6.711791422901881;
  -6.208399949358134, 0.04368424730660944, 10.44726282187325;
  -6.189902445457098, -0.2058697553413812, 10.48479594504867;
  -6.155811610712758, 0.01603994880696462, 10.43249891855347;
  -6.108805514117808, -0.1250670842064575, 10.40810616598134;
  -5.993447518848544, 0.04103153929060441, 10.28302939031515;
  -6.07459639027185, -0.06123774827900354, 10.44290860747343;
  -6.048483355856552, 0.1135040904036795, 10.46906690055219;
  -6.021453538902029, -0.06103462643137534, 10.50696510347628;
  -6.034968608232785, 0.07534682112513053, 10.54832836669893;
  -6.003014942359256, 0.1452063589030055, 10.50046160271021;
  -5.997444677431883, 0.01605764346761188, 10.51601827161539;
  -5.992014666351735, 0.01807483226763846, 10.6047933031462;
  -7.359823576979995, -0.6724780513393054, 12.94070251889362;
  -3.134221036286661, 0.8302347535569049, 6.310338879178453;
  -3.106739268685179, 0.808865031782839, 6.269954102319606;
  -3.142884457415359, 0.7030971673690839, 6.339920516630966;
  -3.051137081399002, 0.8512436958918577, 6.23106886224073;
  -2.375761506620118, 0.8737523435099172, 5.102102182594233;
  -3.044923952190896, 0.8149115946841499, 6.307003117052773;
  -2.318919131177334, 0.8793553305612474, 5.046436034493169;
  -6.868234755293495, -2.200716861520178, 13.28489154814602;
  -6.406926304980832, -2.307335072513889, 12.58856800455804;
  -6.449573292241542, -2.207406313800028, 12.70681709344444;
  -2.9201152067016, 0.8340722263209002, 6.288371515207911;
  -6.271115490819017, -2.304370849003907, 12.44529069581913;
  -6.434466521709331, -2.161269023844862, 12.80245023267955;
  -6.241179516989323, -2.309820879968905, 12.53130167988966;
  -2.822324842863224, 0.8487581912596283, 6.235281929040128;
  -2.815131823493132, 0.7962071442845939, 6.303802940517494;
  -6.163662599854172, -2.221574267889161, 12.70340419149335;
  -6.178000573893558, 0.3741200862847281, 12.69840093799152;
  -6.261305683326882, -2.124210185803658, 12.91617755447204;
  -2.820624490398101, 0.7555392997928697, 6.35953868367055;
  -6.156515583599736, 0.3335733386913006, 12.76208947477725;
  -6.182645597187205, 0.3349891193799162, 12.81625543389035;
  -6.148908133345357, -2.148413901787811, 12.83514437307771;
  -5.956800614040867, -2.097685340834103, 12.73714214949288;
  -2.669200088280105, 0.7699953210976546, 6.336956345125839;
  -2.637821672200392, 0.7966487031676951, 6.329193280115281;
  -6.144453098665672, -1.997609299925178, 13.72987330633363;
  -2.629530989799588, 0.7770378644168453, 6.436285281966766;
  -6.81828348011369, -3.370456297721561, 15.18258373316717;
  -6.091175693744721, -2.045199302652574, 13.74770982699257;
  -2.592985420023996, 0.7755828787251046, 6.490249764342519;
  -6.108728963356413, -0.1613201465950818, 13.984420208357;
  -2.805149371112312, 0.6327385009918922, 6.965079543560789;
  -5.953009674053039, -0.1002266870575339, 13.82604539850533;
  -2.77654015540308, 0.5656858102410027, 6.978444272883084;
  -6.056057671878484, 0.5941095470325789, 14.19207143051908;
  -6.268201205681116, -1.576305680422793, 14.73969572401286;
  -6.210392375361279, -1.732605273770907, 14.61755523973995;
  -6.08350081722276, -0.09543143050334144, 14.33178033722944;
  -2.712254377112482, 0.6443613138511338, 6.94353271777857;
  -6.225985010048479, -0.4191536307893928, 14.78177722459997;
  -6.112564457617753, -1.587521846403103, 14.56570790505556;
  -6.008950514193364, 0.5826501723705085, 14.29525319881242;
  -2.502915430186478, 0.8259004365706767, 6.526996343451448;
  -6.201316864468313, -1.538727344337071, 14.83062253267864;
  -6.165185325467683, -0.6379449555701007, 14.82033728884597;
  -6.220356194395283, -1.445158609486156, 14.9825472153707;
  -2.858883723925545, -1.647079490431176, 7.450915878187145;
  -6.070585861764819, -0.0885110638631042, 14.64160104173322;
  -6.652893534577106, -3.034193042773984, 16.27651163125343;
  -2.476063179996552, 0.8222147354824312, 6.655918478017104;
  -6.065432799459718, 0.5367820769007037, 14.92134792733488;
  -2.861954918002629, -1.670123851498879, 7.607443225495924;
  -2.808983656451595, -1.67947846872902, 7.548105452713955;
  -6.119210061135996, 0.635632152569068, 15.20232375534803;
  -6.05284780826445, 0.3348010197441658, 15.07733622098523;
  -2.406415891741819, 0.8640162426948733, 6.584145735519771;
  -2.479319409811405, 0.8193930433626164, 6.774170988721871;
  -6.038101754453193, 0.2670866806106831, 15.10228060403628;
  -6.011492771809614, 0.4699930643835234, 15.08081523468548;
  -6.002639298063701, 0.3050149046789089, 15.18625828407035;
  -5.959957245577789, 0.255923830751962, 15.22996153925972;
  -5.963228845007267, 0.3785747080513269, 15.30130147626883;
  -6.320305143695883, -2.128438730985469, 16.2095204787492;
  -5.937043229185002, 0.323081621790672, 15.40345892757056;
  -6.048279961204546, 0.2590626777904446, 15.78282937184724;
  -2.686703404212096, -1.685840828676625, 7.60904764450363;
  -6.207162561634004, -0.334314338247707, 16.32150997003255;
  -5.858406253880805, -1.656340279089833, 15.49630975685594;
  -5.990652471794107, 0.6797889515397408, 15.8143442110103;
  -6.055233331671231, -0.1462600268587053, 15.98953094972342;
  -6.165740172303043, -2.104107590160175, 16.31130822054287;
  -6.282676812175073, -1.995166928850958, 16.61672157796055;
  -6.732010864424844, -3.293126770811722, 17.79109237489767;
  -6.659616488924777, -3.193155391224608, 17.62508819035076;
  -2.469783289936646, 0.7661009564122577, 7.127183237825951;
  -6.294946723893001, -0.2182533188966365, 16.7292323018562;
  -6.442369363791026, -2.883334472970838, 17.1654905438637;
  -6.639195627529596, -3.309462625105364, 17.80572590635319;
  -6.290213392046034, -0.1610527731052271, 16.87911712731425;
  -6.037233254741599, 0.5477738801426774, 16.32134176475158;
  -6.769959636464468, -3.183194395472675, 18.26801015755046;
  -4.414110906433066, -1.7956586769414, 12.3817675196817;
  -2.39416392173891, 0.8474561570855504, 7.144333210230929;
  -2.419962979098114, 0.8246638704147913, 7.213496872831575;
  -6.841025027420062, -3.162956122533517, 18.6898347686448;
  -4.856842099848216, -0.8951238178228711, 13.58130160927286;
  -6.691051091235887, -3.381615615420236, 18.42471603373624;
  -6.784394682490122, -3.242112466392663, 18.70964308638222;
  -4.660002079871124, -1.268429942001695, 13.15143189576843;
  -4.824745934071714, 0.7094219252742579, 13.55034761473191;
  -4.670019086254556, 0.1808075842789564, 13.33206560679958;
  -6.6878462071443, -3.264870583179796, 18.73100641245853;
  -4.433372975521097, -1.755243671001259, 12.76281339834821;
  -4.399781809348426, -1.129934093455865, 12.76951239480567;
  -6.693542357170387, -3.398930038792178, 18.97254862575599;
  -4.586921408680722, -0.8283945475974264, 13.36865259456823;
  -4.483759160795931, -1.216154793370645, 13.11202330066787;
  -4.378807167719458, -1.024849066573911, 12.84744516088495;
  -6.761657093055792, -3.315891763160495, 19.49329224172578;
  -4.376549812719997, -1.004331354678634, 13.06265552884073;
  -4.363017188573578, -1.369104108152423, 13.04832974181221;
  -4.20416902458467, 0.7535670820172781, 12.56870398085508;
  -4.435906043162713, 0.2780422604975895, 13.25488422812208;
  -4.196086214665926, 0.7051522402936425, 12.61916385710249;
  -4.29054328822485, -0.9081786678805579, 13.0207863135806;
  -6.695006165996262, -3.179787181118596, 19.85399613089461;
  -4.271712367802436, 0.5376491670194054, 12.98743563735631;
  -4.269132358479137, -1.082158020661976, 13.11828270261384;
