m=[-4.176140467940809, 1.156111342471124, 6.65043600003215;
  -4.166071816251145, 1.137823789813923, 6.728502064228183;
  -4.128921926388181, 1.153335648365842, 7.048305123982473;
  -4.215450720219278, 1.153845732583324, 7.683891211350662;
  -4.215656786115031, 1.129135854885194, 8.065019763469845;
  -4.291269720672919, -1.081546999780385, 8.655427291892783;
  -4.313383075027991, -0.04484731001908233, 8.728086992753543;
  -4.244141754972214, -0.06114202156622768, 8.722926435106073;
  -4.399053905723854, -1.060106503081971, 9.817383905045006;
  -4.34480510757392, -0.9763159980915741, 10.47872577569169;
  -4.093712030130726, -1.351265107568644, 10.06381243515502;
  -4.094635322607179, -1.257376292203714, 10.09621664398541;
  -4.324647143916559, -0.9477100370268151, 10.75317685490229;
  -4.360094456521091, 1.003187303207888, 10.87719685026368;
  -4.053990424085511, -1.293429831709986, 10.16753114487236;
  -4.281359917267122, 1.042535141580812, 10.82652647492514;
  -4.267143197255321, -1.110144329091584, 10.9969794571458;
  -4.431766898334481, -0.265020884192995, 11.53890630450332;
  -2.479423352034642, 1.212305631259324, 7.04908632510926;
  -4.33519794557772, 1.081724891808675, 11.70282196618473;
  -4.362096154581967, -0.9182610538466828, 11.75582979763691;
  -4.337780670770012, 0.8067695365521913, 11.90828639423956;
  -4.434944581565694, -2.430935872297219, 12.10692830733659;
  -4.423974891120516, -0.5176286645015479, 12.13625761211311;
  -2.530180242491088, 1.236081910182842, 7.41748211824723;
  -4.444256952491467, -0.6213225376897368, 12.25704827820627;
  -2.352901293445266, 1.317102838448791, 7.011423636547178;
  -4.421059282564899, -0.855518663105766, 12.27345113695628;
  -4.365393763407941, 0.8079258825319399, 12.17260916265323;
  -4.377805125354789, 0.5082294430935046, 12.23329850437692;
  -4.339938010441562, -0.5225894487742298, 12.16979220458533;
  -4.345874054701521, 0.987885169410462, 12.29286439796466;
  -4.377504138046348, -0.6476668555994701, 12.36714166772528;
  -4.355719578770984, -0.4870942255896235, 12.41598442439375;
  -4.390548305734489, -0.9525094677018057, 12.60054391158358;
  -4.399279586578377, 0.7865002827153436, 12.7662270271588;
  -4.372882703616836, -0.5184961521139683, 12.66677932919172;
  -4.540172644519362, -0.6290969355323881, 13.21212209769895;
  -4.408698871762738, 0.939057273444815, 12.95392395413187;
  -4.351514164495028, -0.8244747253478177, 12.80233104869979;
  -4.391542290000125, -0.950167193072721, 12.96019727941336;
  -4.363930428143265, 0.4933425282290917, 12.9225902264162;
  -4.385216825643111, -0.4048266104100488, 12.97566718966674;
  -4.419422147690569, 0.8649555816738652, 13.13817075209385;
  -4.338419736915378, -0.5331195515850189, 12.89427605717005;
  -4.411674188126754, -0.6546402447601802, 13.17037969417768;
  -4.475559040938199, 1.022190111299706, 13.43729382598072;
  -4.408296491575365, -0.494643141831309, 13.26998793524393;
  -2.33953106994377, 1.279111248131779, 7.58437038132343;
  -4.382141123268592, -0.9416149280881548, 13.30372267584468;
  -4.552040050873343, -2.788333097391124, 13.76300433897697;
  -4.552722947401305, -2.863761512435474, 13.85958507098603;
  -4.390837964603335, 1.048329775367111, 13.50277286207003;
  -4.462976388637245, 1.032672427606779, 13.75697801097634;
  -4.479202686518677, 0.8390650411822967, 13.86822257125713;
  -4.415074098856078, -0.8622792211605107, 13.81115027537899;
  -4.287748757811857, 0.9887168721899015, 13.51092959560692;
  -4.357404780073346, 0.8836062140044837, 13.83685448981324;
  -4.483373226452272, -1.179393566439842, 14.23727558343378;
  -4.388386573237185, -0.9641628557432196, 14.35416657911521;
  -4.433190313352235, -0.3599343154846027, 14.61960980128008;
  -4.414990638150453, -1.009683775623687, 14.89098747193136;
  -4.516160876861527, -0.2157625702825065, 15.31871490133496;
  -4.487739729828989, -0.9483372158928241, 15.28475552172118;
  -4.498724909959426, -1.1787700368176, 15.36938628383327;
  -4.468779976961001, -1.270593772815825, 15.29169198241504;
  -4.396830614361218, -3.360899836663548, 15.31728929057054;
  -4.301906979668382, -2.310058907973498, 15.06091608057933;
  -4.3823854049364, -1.133955379327907, 15.42130476735629;
  -4.576029993814553, -3.385552202702108, 16.13278709672825;
  -4.482665566681139, 0.7673153760920509, 15.9495084332643;
  -4.558137939217554, 0.8435551100815434, 16.45433087468791;
  -4.645230887054269, -0.09655899592362684, 16.76742574019888;
  -4.584382762568262, -2.460181101939943, 16.67721351082932;
  -2.366152963858364, 1.237522418908946, 9.183310739158038;
  -4.35973871597013, -0.1177065821403551, 16.29040064650809;
  -2.485971549123564, 1.211040544166084, 9.935173113234999;
  -2.426150674247496, 1.248781377007829, 9.723496157555937;
  -4.439322474906053, 0.9595480239581042, 17.10429580818801;
  -4.535069571410017, 0.9672796978630748, 17.51995135243277;
  -4.665047144275561, -3.343080300449803, 18.10810654254801;
  -4.60454072966221, -3.420464914520353, 17.92420742217091;
  -4.274385579699291, 0.6570575258382299, 17.0185900766814;
  -4.646334172755888, -2.478711415552269, 18.36540072662841;
  -2.522561654236996, 1.287168837354425, 10.51840193228312;
  -4.598379966344295, -1.109489381263006, 18.29780767234129;
  -4.532544591405303, 0.7372724773780843, 18.12198190159847;
  -4.660725080902453, -3.195854747097034, 18.76055543050884;
  -4.704525142280429, -0.1418720341850764, 19.28697044548078;
  -4.713791767880099, -2.50966426831341, 19.26303137075565;
  -4.581136379500673, -3.345844240023477, 18.76061939600736;
  -4.547049724516286, -4.599538116596487, 18.6685596853997;
  -4.614696560101735, -3.384334331686653, 18.93481833155963;
  -4.678335934179286, -1.238552037505742, 19.3297107151134;
  -3.19166243990314, 0.8404907529973669, 13.7373446499825;
  -4.615715874311968, 0.5605133209930167, 19.47776224416419;
  -5.604071509024229, 0.3248120718071608, 23.58365075438222;
  -4.714955694378971, -3.661352971157847, 20.00515809069151;
  -2.456041851795306, 1.211068014188606, 11.02401366460748;
  -2.520880172820851, 1.185312843797008, 11.28061532721417;
  -2.853264285065598, 1.007728132404901, 12.92295328681465;
  -4.500115882826935, -4.062753707450954, 19.72059565195058;
  -4.597302337454484, -4.150494698823836, 20.14649018988246;
  -2.757331153111383, 0.6567195945112123, 12.734357833239;
  -4.594508283579541, -3.554346459511065, 20.57132057784444;
  -4.591845266372581, -4.321332089231096, 20.49644700837597;
  -4.62844105051552, -1.205455682000928, 20.97941332100342;
  -4.843210122157627, -3.523724011260715, 21.84841296552043;
  -2.473085134189652, 1.207571712530767, 11.91650010375026;
  -2.63680825639785, 0.7056067480699951, 12.79141913820935;
  -4.724399431922883, -2.505211449997005, 22.03012602051587;
  -4.569798080040055, -4.265854728316903, 21.49382021531276;
  -2.425355593244238, 1.166489381569495, 12.08528658246849;
  -4.659832292742117, -3.422078218155674, 22.42448515124914;
  -2.281354431409604, 1.155405739922832, 11.59511277284152;
  -2.536460643552939, 0.6671701868932037, 12.76552485272238;
  -4.441844525128771, -3.784447463426357, 21.50616548331703;
  -2.109623947548811, 1.22974987979844, 10.87918055767782;
  -2.478397169909868, 0.6330942140031176, 12.71873217018785;
  -2.443421654103192, 1.15632115670288, 12.80321750032415;
  -8.047116399272266, -9.66545340256198, 39.43810284586197;
  -4.953335486215873, -1.497663116652523, 24.85928868650966;
  -8.271041847382156, -8.888906771772559, 40.67165090359617;
  -4.765072764552206, -3.672443291145823, 23.99435894151059;
  -4.681218415330728, -0.5393170527535646, 23.68030662043868;
  -4.648983652018221, -0.7950018035120952, 23.55180951004874;
  -4.567545044983472, -1.053429564020995, 23.41384939172844;
  -2.418332272151696, 1.036043819868133, 12.95299422305637;
  -2.405573576212781, 0.2094996988497402, 12.88098067607527;
  -4.630038113089859, -0.2090980252243859, 24.17980989903913;
  -4.501709766310405, -1.417919766653421, 23.63898647330509;
