m=[-8.428844742371002, 1.960399845618352, 11.33849100509936;
  -8.234579924751241, 1.935941595373986, 11.27298825395593;
  -8.115493224886636, 2.342014580075141, 11.43667558066364;
  -8.293524783747911, 2.340475105474999, 11.9085626681141;
  -8.207298515681814, 2.147653455541691, 11.87202903155325;
  -8.237937448469621, 2.297105748052763, 12.10850346218494;
  -8.367122577920222, 0.07265565877980419, 12.52099514096636;
  -8.293430848417971, -0.06453977142367745, 12.48359684791866;
  -8.29031444250176, -0.8074152553175018, 12.56093733174703;
  -8.47764523263986, -0.420330450138045, 12.85106400964505;
  -8.257070493345799, 0.0280450169857882, 12.561822214499;
  -8.213483790740247, -1.043661736191677, 12.54518066798889;
  -8.740980130016721, -0.3720663113438373, 13.42256747985767;
  -8.778755694523385, -0.2713648249960953, 13.51695417756947;
  -8.585503241510605, -0.3994804065388206, 13.38580091856755;
  -8.228600577961116, 2.277983351823434, 13.10391303493233;
  -8.236268408660505, 2.249462454802254, 13.3021588281398;
  -8.235509193489605, 2.326661705253334, 13.68937528768859;
  -8.771571968759252, -0.3165175164906446, 15.11333936100355;
  -8.719849978169146, -1.158483238653439, 15.09310148897004;
  -8.678856960637516, -0.7303149684842546, 15.08581034293942;
  -8.71735988893246, -0.8413598347216165, 15.21939655868058;
  -8.530788131997298, -0.9435866249632389, 14.96755374107144;
  -8.629659599312642, -2.062721141341966, 15.13239316080489;
  -8.441381734841505, -0.7246764355689248, 14.92428998461371;
  -8.59856299290246, -1.985707215050821, 15.22519550178157;
  -8.353748646686253, -0.1341561344043579, 15.07168976259279;
  -8.354030582734039, -0.1734975088883635, 15.1597691979265;
  -8.377922142655367, 2.293190065264335, 15.27121216541728;
  -8.367995170171342, -0.02364057172332158, 15.30247928920553;
  -8.259049411463556, 2.212131890923222, 15.80047904998261;
  -8.191966357810308, 1.989482444466559, 16.09607871017892;
  -8.470218125684539, -2.134785179590859, 17.08430415831297;
  -8.479506725357641, -0.08816352739978699, 17.15819603017289;
  -8.358561577232003, -0.1204152409893074, 17.17923715815574;
  -8.595559758550008, -0.6835293761342486, 17.97941014796099;
  -8.290388359780421, 1.638066214881779, 18.12223846034588;
  -8.681176113041282, -0.6736094360794739, 19.08529469296908;
  -8.620417641808238, -0.7673772365383703, 19.02312444423665;
  -8.453948060754437, 2.021367152657868, 18.77818305645905;
  -8.581433890939355, -2.067997816920568, 19.15121586791583;
  -8.54814982437655, -2.052915793967145, 19.75928806724094;
  -8.426121592896745, 1.009736795514821, 20.0818128334495;
  -5.444406149316723, 2.388082379297354, 13.44227498904877;
  -8.494244163243666, -1.908731522574899, 20.48627108802619;
  -8.022570736875251, -2.648114921115889, 19.72235627455643;
  -8.015436954082821, -2.461371918049114, 19.76380840018225;
  -8.446852818665841, -0.6319749839369597, 20.85898045989961;
  -8.837201328736535, 2.149894364059909, 21.82293568293378;
  -8.430963283075821, -0.5701171517169266, 20.84428652240883;
  -8.487245866114819, -1.859908525796377, 21.10342249257316;
  -8.374356851254266, 1.721584688096932, 20.91821035758713;
  -8.632694720899846, 1.986243606150324, 21.53612055055842;
  -7.982652071247464, -2.546873387704674, 20.02073390970013;
  -8.374137016735162, -4.719284739519984, 20.97804944653271;
  -8.750313166092278, -4.729328117056186, 21.90588511547947;
  -8.549596663459312, 1.503143257924196, 21.53438923300892;
  -8.469805154491903, 2.062445037682446, 21.41809413703696;
  -8.52157111165584, -4.676985978931675, 21.66884241670254;
  -8.330661301537873, 2.141622337427751, 21.44141368385426;
  -9.066092149689892, 1.868042756636516, 23.28267234421572;
  -8.1473528947269, -2.119623643988946, 20.99678128239486;
  -4.465271469924291, 2.521556180167496, 12.10209954255299;
  -8.654950284294676, -0.5175684167531937, 22.5347277263483;
  -4.629191877782491, 2.423824977599252, 12.56420454446502;
  -8.428222220019075, 2.154715685362911, 22.37059174621343;
  -8.412914161082338, 2.099202568126266, 22.71057466807796;
  -8.37818990761579, -1.788862953592958, 22.61846734094259;
  -4.602193929257036, 2.433772673125359, 13.0328536300659;
  -8.780618435160097, -4.81293958524491, 23.97015699597116;
  -8.275700023178006, 1.539170183807172, 22.7188540566125;
  -8.636694086911737, -1.010539285584465, 23.69297903705474;
  -4.862637032060393, 2.377569869985872, 13.82464522589036;
  -4.69547498698955, 2.442167472673872, 13.38969453071817;
  -8.712474765209356, -1.218034193014645, 24.02858902205428;
  -8.635994620727903, 1.963417612583246, 24.01057029001967;
  -8.633516531442389, -1.67067077114515, 23.96779516317354;
  -8.511292855246216, 1.575228756957381, 23.73317208272039;
  -8.546319361931904, 0.9921618266326734, 23.88175646803741;
  -8.532886141605612, -1.027479253036899, 23.92740426220069;
  -8.456182159304635, -1.251121355178759, 23.89005228419598;
  -8.563104326876717, 1.94652759425562, 24.22184329111894;
  -4.952823450680147, 2.419628202332172, 14.51970842365193;
  -8.572408305637287, -0.9586408191710625, 24.43566122141592;
  -8.731394412075447, 0.717907316002443, 25.02661601820516;
  -8.543939986064389, -1.853568885137443, 24.52046611848611;
  -4.60831178904647, 2.579632454076565, 13.7323339029611;
  -8.480965857427625, -1.005594812696232, 24.56652288559945;
  -8.680841409089492, -1.202837679508328, 25.26166857247189;
  -8.59662937684945, 1.831090663765863, 25.25917202529157;
  -8.502910696822324, -1.611033469365515, 25.01590791233983;
  -8.536967350118687, 1.546646710555248, 25.15852446238577;
  -8.47855436307149, 0.9585009463556383, 25.10692724150119;
  -8.57053879770231, -0.791199684944384, 25.35985414103269;
  -8.391095559223073, -1.03112593366097, 24.93928875578191;
  -8.766752694109167, 1.715801618971079, 26.06202575528421;
  -8.616581600270603, -1.278598746702177, 25.72348874874991;
  -4.514431035473994, 2.498021971772119, 14.02459403234858;
  -8.758165901366478, 2.000311133337747, 26.29527339866718;
  -8.516579868973404, -0.9556226156968012, 25.63686728576439;
  -8.928507312499841, -5.469119816941322, 26.99516777295201;
  -8.526184116269359, -1.83206839252111, 25.88460430079285;
  -8.777481515667972, -5.521226314689699, 26.72076758917359;
  -8.694464511480945, -0.8695091494393092, 26.56273324745226;
  -8.53867576344638, 2.038642308640737, 26.25826785368396;
  -4.716171461509977, 2.364515025089284, 15.01984285726998;
  -8.488289546172094, 1.86022445696739, 26.32150896251635;
  -8.740522433119052, 1.637315238574267, 27.0618498368896;
  -8.632069455519, -1.685872979807262, 27.00267442138078;
  -4.637678038614489, 2.535596222942273, 15.03458039350905;
  -8.397472707045228, 1.936382800900607, 26.46089333457564;
  -8.41365339023228, 1.706143173130681, 26.71739339451689;
  -9.092209504905052, -2.391791370733955, 28.87296815261634;
  -8.380092828487882, -1.84117194282361, 27.41081406596089;
  -8.613863535192472, -1.969942627231444, 29.05304778657752;
  -8.434494499303217, -1.782354929758227, 28.72697485423567;
  -8.704536751388973, -2.280790071026476, 29.73806810408573;
  -8.65313211074281, -2.460317095929028, 29.61010199714711;
  -8.991625211743923, -1.344818033078313, 30.92427884807685;
  -8.715161788179843, -0.1660792436184362, 30.18075940329147;
  -8.724158546607892, -6.668672415660295, 30.3924512895093;
  -8.411496710805757, -4.51684636558192, 29.44853216776906;
  -9.016900699270746, -6.671107502622586, 31.78907031866151;
  -8.978733213350042, 1.661655786898029, 32.41214923683774;
  -9.078323899123609, -0.1887083466210061, 32.76911859176861;
  -4.95142918878914, 2.421203473209321, 18.43448040012019;
  -8.851252734848853, -4.749970897842356, 32.19936888836259;
  -8.056503398400158, -0.2175138330088715, 30.10356278671811;
  -4.65595691602599, 2.435113516778209, 18.07030221675813;
  -8.568518348209423, 1.852062988383629, 33.01370272020215;
  -9.163691424390748, -6.56691247330124, 35.57029446948273;
  -4.673101988547029, 2.405325768963546, 18.72879937417635;
