m=[-8.522361102146011, 0.191965697840147, 11.55916931720166;
  -8.408556034485065, 0.04169471056488362, 11.46896018133633;
  -8.437583132624649, -2.214789743382086, 11.54449836815585;
  -8.473350604431511, -1.664828742123996, 11.62785747645683;
  -8.422443681492611, -0.7046338744156931, 11.57668473126669;
  -8.141238533728647, -0.9201632997058645, 11.28150830130961;
  -8.357608135114786, -1.847348129921853, 11.58134345837434;
  -8.867784154550902, -0.2592673093080539, 12.41534558731587;
  -8.912886136194429, -0.1599875871932614, 12.51792347064026;
  -8.876106754068953, -0.2888285953235638, 12.61399038417819;
  -8.366295373358216, 2.40123416581788, 12.09362722397412;
  -8.318457635034804, 2.355784140374901, 12.20863421015871;
  -8.131857408130831, 2.380868732313811, 12.3088550291622;
  -8.694486218822163, -1.014410282765389, 13.83928421253949;
  -8.685256020053824, -0.5937989346364423, 13.87801619562117;
  -8.681531687105403, -1.921255714506201, 14.00944466461406;
  -8.672931484578816, -0.6011270081125993, 14.08315586816988;
  -8.607050585366681, -1.819030093973033, 14.02536676311623;
  -8.577669498630373, -0.7510364449430315, 13.99063057564134;
  -8.453840469244453, -0.008920731958317253, 14.01020566757451;
  -8.517849047145955, -0.04340536191657227, 14.2039228157734;
  -8.357800966886883, 2.383868632802735, 13.97885082613736;
  -8.545610853669531, 0.01572440818470646, 14.27592022355498;
  -8.513733978904444, 0.1016359611944414, 14.31345765827469;
  -8.474821989508792, 2.376692791477427, 14.90868510869355;
  -8.445724710008779, 2.353215117787697, 15.58255258788241;
  -8.513448290169727, -1.96708644392851, 15.90656798304164;
  -8.584403523905408, 0.05470995552617623, 16.07482767790946;
  -8.438103338957744, 0.02729812379301374, 16.04842441517726;
  -8.4193591438949, -1.962129480180015, 16.07903126033005;
  -8.016038309994318, 2.307008029742926, 15.7618915842768;
  -8.564261418397487, 1.832893913845184, 17.35162092945825;
  -8.815013684891573, -0.6848176803919288, 17.9835763742806;
  -8.809021484490202, -0.5134077666384742, 18.02253613459815;
  -8.817865740951925, -1.91354564761151, 18.32377843361723;
  -8.651265161637065, -1.887504525809931, 18.65286954383504;
  -5.541996380904712, 2.503268380748654, 12.39268793685949;
  -8.303996341326572, 2.342585075145717, 18.64767920127003;
  -4.791268479730925, 2.501450539969873, 11.22928474645406;
  -8.58830670957374, -1.718207134015012, 19.3358273833427;
  -8.144370567893267, -2.474417219827857, 18.66017101885748;
  -8.160523677623417, -2.293847763981403, 18.75231966991652;
  -8.761444743441434, 2.27713971240827, 20.20949247481513;
  -8.62289317087682, -0.449823093038429, 19.87682019660777;
  -8.582359791757712, -1.665945859275157, 19.94177835907474;
  -8.634377512138476, 2.133486902732754, 20.10618759903482;
  -8.682518182256025, 1.935490404589326, 20.21706580480479;
  -8.036119119201379, -2.346933971660799, 18.79041605563819;
  -8.736079209665958, -4.652037763607413, 20.47174645476643;
  -8.780723156866216, 1.694242912638141, 20.64293912013099;
  -8.622214242021192, -4.382565850487585, 20.22028861106464;
  -8.481345048970598, 2.207711877407485, 20.00815648641878;
  -8.708037375064487, 2.044948038096421, 20.58161246044255;
  -8.529347686188194, -4.669570891826987, 20.21320070728266;
  -8.700865614003236, -4.501522256326097, 20.72050424727668;
  -8.787504198098405, 2.406874181517446, 21.0940867805222;
  -8.69071293664155, -2.023079621201311, 20.91436292600665;
  -4.985039007601048, 2.594519201695098, 12.54333760604903;
  -8.840361479659535, -0.3284508211558491, 21.54666474880493;
  -4.562240923641493, 2.621393262428322, 11.75838751941963;
  -8.472578714947193, 2.313549977824275, 21.00666291878122;
  -4.969383028641412, 2.499892082572766, 12.79687599165957;
  -8.757769705055296, 2.342008383439665, 22.09456245269869;
  -8.518407971841176, -1.573234961294306, 21.52813525975769;
  -4.717507161974635, 2.546022024853512, 12.46046277778975;
  -4.777657656731455, 2.476150510163744, 12.63582368747125;
  -8.794669073770182, 1.796792155227522, 22.5604356067291;
  -8.765050046037048, -4.509786179462584, 22.48438468708064;
  -8.816914866345142, -0.804238440989281, 22.67797641910625;
  -5.079593036588171, 2.551082185416048, 13.52664928835587;
  -8.819742472091841, -1.007323446311051, 22.82169741237868;
  -4.729712275722546, 2.708218439041251, 12.74318573748602;
  -8.811395693793964, -1.468661758341401, 22.95086704289289;
  -8.751486869996782, 1.793465728828426, 22.84611906883185;
  -8.765918315129161, 1.199815274278749, 22.94347304785801;
  -8.77398559344917, -1.647941181676687, 22.9470380498609;
  -8.728318892829655, -0.5558129845456603, 22.9163417107875;
  -8.585804563091406, -0.8087160255569419, 22.57518882692414;
  -8.715902267723227, 1.88021219912403, 23.01151143265396;
  -8.632847288383614, 2.134379879328213, 22.87535739833366;
  -8.809587935378767, -1.071918572974258, 23.33702272124907;
  -4.927850346368616, 2.539152264560278, 13.60745022981483;
  -8.604885274589794, -0.73867464050163, 23.01322981088033;
  -8.768712133333144, -1.643308714530064, 23.61805388684454;
  -8.726851834654067, 0.1255410694092519, 23.57247995346238;
  -8.643944009132866, -0.2754855372595676, 23.35703789527898;
  -4.683741147383315, 2.658801410906222, 13.17314095512394;
  -8.761860954356067, -0.802118993240354, 23.81101836734276;
  -9.021341953980803, -1.394224333905823, 24.6329448291068;
  -9.240986044219262, -1.030599712830826, 25.25867567156378;
  -8.847462171130125, 2.061067087850348, 24.37447692774178;
  -8.663202079239202, -1.406709063858006, 23.93691131810361;
  -8.760750749054273, 1.182969335046152, 24.32558131053922;
  -8.708592456251116, -0.5659835757240569, 24.19442523752066;
  -8.708517415584412, 1.889421594797158, 24.30461452878739;
  -8.713003676729436, -0.827125649233484, 24.29895153919275;
  -9.023638806654299, 2.187824791902649, 25.21872680288103;
  -4.920279166490197, 2.541058632554111, 14.25015559403993;
  -8.775819093732272, -1.05170757970452, 24.61370300313937;
  -8.956795136125187, 2.228393523951878, 25.2446649174521;
  -8.873412585323019, -0.7467266660272166, 25.08437240114571;
  -4.638763421917738, 2.60809240032192, 13.67614706504318;
  -8.738853403577361, -1.604858600960248, 24.92683640881919;
  -9.070997899351648, -5.202721930717328, 25.84496613971975;
  -8.92396400495757, 2.045207912012534, 25.63289902942826;
  -8.747371729973184, 1.851562423469553, 25.14553671729514;
  -9.249864432997731, -5.456414509854837, 26.528187161321;
  -8.828389435099558, 2.286857032294639, 25.47062417682363;
  -8.955545465969532, 1.885374557907616, 26.05620034126093;
  -8.8932457082086, 0.6608029610783814, 25.94535569487498;
  -8.726588978106149, -1.430922079782174, 25.67440176530108;
  -8.561644288452659, 2.153895227257764, 25.30730561285833;
  -9.200494104079246, 0.8971194735283258, 27.12317749445226;
  -8.824734409592834, -0.6296416164913231, 26.07056746779843;
  -8.819729572972863, 1.987460291034921, 26.28608458132305;
  -9.02378129880603, 0.830489334281825, 26.87051776772259;
  -8.59302045268759, -1.971143956313485, 25.72213419540517;
  -9.172587591317504, -6.393928372572362, 27.36456957456166;
  -8.89646975469703, -1.645230962672182, 27.35806858487939;
  -8.966054378902067, 2.339780721389817, 27.64210029580678;
  -4.699266589302315, 2.409630750756846, 15.18941260883362;
  -8.786497986193766, -1.708370476918283, 27.90559762798377;
  -8.604935647086824, 0.3711148949359763, 27.5129109842734;
  -9.257552857697913, -1.636859767156875, 29.66942698927733;
  -9.001372514811525, -2.04258791572968, 28.97699477042604;
  -8.933987976548453, -2.218369337969845, 28.80148004841841;
  -8.592101482767845, -0.9575491289737957, 27.88124584589575;
  -9.078917084221676, -1.596160016355625, 29.5694236534626;
  -8.916606575509366, -2.096238893362571, 29.054540332918;
  -9.128315039693845, 0.09562175302379451, 29.76708406706153;
  -9.084533534491509, 1.793140137110025, 29.85058608424416;
  -9.035949102441142, -2.493780266208356, 29.64174316279357;
