m=[-4.259902915345809, 1.215038378984078, 7.124906135402669;
  -4.286803151730021, 1.202198012160251, 7.541231944601855;
  -4.266430694031812, 1.194082613800152, 7.682069205423361;
  -4.326869399021085, -0.999750729594646, 8.084343723417304;
  -4.379792227733271, -0.01884214227137022, 8.187035939968329;
  -4.374029109781805, -0.8750837941591682, 9.847747023540434;
  -4.23686851514128, -1.287242559092439, 9.707403465729085;
  -4.192630229591587, -1.178509597824036, 9.634374634392806;
  -4.475834252780223, 1.163289870747922, 10.3241350369519;
  -4.096867114234059, -1.196482588816005, 9.579479405323964;
  -4.397269133413477, -0.8535662082081407, 10.21739574795582;
  -4.384189634136426, 1.197161120845009, 10.87003106313338;
  -4.412445880463348, 1.179979103304558, 11.13195075439985;
  -4.511072365571002, 0.9216332496575579, 11.57198261436473;
  -4.481236676923932, -0.4087578085289194, 11.52618361731347;
  -2.524786763036203, 1.300936022056633, 6.971784409854828;
  -4.643923376175378, -0.5303933663024441, 12.01647490646175;
  -4.440019652567369, 0.9099051624592333, 11.59085526349477;
  -4.485626218458797, 0.613959959257593, 11.74045211764653;
  -4.460877934996557, -0.8378477918863105, 11.66675447775727;
  -4.443758182737113, -0.2829752817779544, 11.66715861852496;
  -4.417475538467559, -0.4160918448833393, 11.6151426096888;
  -4.483102145930149, 0.9671039309277223, 11.83617634939078;
  -4.460436213358827, -0.5427296322754428, 11.81591034920087;
  -4.438971280707475, -0.3810574354380298, 11.87175226013559;
  -4.4610823183165, 0.06417538140618133, 12.05002393895114;
  -4.44807131083305, -0.1417615978931634, 12.01925533740854;
  -4.459851737802048, -0.4082844734198285, 12.11998366530054;
  -4.465795413561743, -0.4980472266438527, 12.20649803245571;
  -4.564012216667426, -0.7053559132533823, 12.46212167835284;
  -4.54185669063373, 1.058051581542094, 12.51267074938175;
  -4.463361397181836, 0.9039480642974156, 12.33399694091015;
  -4.470842404931878, -0.7259641962144683, 12.35318733018285;
  -4.483059294263645, -0.291360279206656, 12.45494532845851;
  -4.443787341364597, -0.4218488395222868, 12.39289885148176;
  -4.507786728003994, 0.9780206184566953, 12.58078885001213;
  -4.527520003926098, 1.097719082363995, 12.65324250228108;
  -4.590953241397362, 1.142199895879451, 12.93956984271334;
  -4.488108455722215, -0.3776889930096729, 12.68749568416115;
  -4.499230617791906, -0.826267316912671, 12.83367283965865;
  -4.434229284335438, -0.9121615716718318, 12.69992400951914;
  -4.549655293706447, 1.042697056873928, 13.06827937646255;
  -4.526518155788788, -0.3433935519862766, 13.00890073824082;
  -4.530453816800185, 1.173543628381948, 13.0707290799154;
  -4.590945553715514, 0.9665130925419578, 13.35737700824481;
  -4.504896706784876, -0.7386799333678978, 13.25380721509327;
  -4.400938147170889, 1.107165790972281, 13.00870287544603;
  -4.554002517533542, -0.3249264367127479, 13.45371139473873;
  -4.527941252032982, 1.020337796538718, 13.49495420981282;
  -4.663108024523876, 0.4291617173261365, 13.88554563510504;
  -4.496004926134908, -1.031333858275024, 13.45822958178514;
  -4.547690933032658, -0.8410079658550664, 13.98487758394887;
  -4.537601462160998, 1.184132057853373, 13.98930113725377;
  -4.513110983326678, -0.9293667474309669, 14.00548165228674;
  -4.559709913688229, -0.886550456404418, 14.48147263581542;
  -4.620710096559773, -0.7987566245313356, 14.69845723697341;
  -4.706466163124245, -0.8321664727517396, 15.08370044986629;
  -4.617297665428387, -1.047755372773655, 14.86388993283656;
  -4.568174224865351, -1.134308402646919, 14.72692588578895;
  -4.523739858279513, -1.063503178487864, 14.74049360089688;
  -4.628932624905404, 0.04848941456312125, 15.0947711584398;
  -4.706772270269372, -0.8274953537081924, 15.32964141085076;
  -4.501962935410987, -1.242471178207092, 14.76834669462858;
  -4.55395514686977, 0.8988771658387668, 14.96369952505566;
  -4.718765552682529, -2.604120944571673, 15.46070925384407;
  -4.585613515914199, -3.284651550629707, 15.07880346924388;
  -4.53421311076056, 1.00826725902983, 15.1506846166933;
  -4.661866547772115, -3.219746622669105, 15.52288528004185;
  -2.471245227446855, 1.337652709392602, 8.789859251175823;
  -4.616067017779987, 0.9719929246164851, 15.69999767815521;
  -4.667389005413352, 0.04812217651409884, 15.89105419308671;
  -4.598171350612688, -2.262734111251266, 15.79106365010419;
  -2.52103729157145, 1.344920266730802, 9.270094969503855;
  -4.542129152949419, 0.02558200427604167, 15.95351680059805;
  -4.780644729842621, 1.160885339466285, 17.33699223710466;
  -4.479271721297362, 0.6990904061754824, 16.34792706138787;
  -4.750971894386131, 0.03134684499152104, 17.55208272650087;
  -4.490995130588825, -3.165611148937626, 16.74963342517875;
  -4.599824708217706, -1.020878028225746, 17.18695519093828;
  -4.737801708687488, -2.298316552050616, 17.67034245528486;
  -4.73235494598135, -0.9510183713947549, 17.77176233877129;
  -4.667218911864906, 0.8944522604300128, 17.58360498884849;
  -4.719072909102509, -3.046367547040875, 17.74154690369121;
  -4.796076489719609, -3.035624803062402, 18.26152630496298;
  -3.177083688733389, 1.266853883258431, 12.52989833725702;
  -4.7691442023258, -2.3003525668541, 18.41206585568438;
  -4.845441556545086, 0.02711557019081817, 18.74233717611993;
  -3.09707932692022, 0.9015708586838843, 12.40899204773941;
  -2.618140194888839, 1.348015183177898, 10.82717095691219;
  -4.535968897191277, 0.6946816942373197, 18.04760575090908;
  -4.762917123750012, -3.415386105795302, 19.09638499714611;
  -5.549542790864483, 0.5111138457013019, 22.13557633985142;
  -2.980575369465731, 0.7307396988696338, 12.4213881360806;
  -2.973453221395943, 0.8385385988676928, 12.45309273262299;
  -2.929375460594662, 1.112299184664439, 12.30321721265018;
  -5.688778022237218, 0.6331615658092232, 23.3123060638084;
  -4.638029455605195, -3.892937186912171, 19.22447531779792;
  -4.713518625093559, -3.356157647343874, 19.9277987293186;
  -2.585451398055457, 1.323439931059584, 11.48904741879466;
  -2.913533809838069, 0.7355017506745636, 12.82849841465719;
  -2.482238972975674, 1.341769889696908, 11.10880041176914;
  -4.749662623057545, -3.162916976432638, 20.27207982865644;
  -4.826394551020992, -1.029572307178425, 20.64556263552992;
  -2.734083872457385, 0.8076669409249212, 12.264347855101;
  -2.662437274823036, 1.279668465340728, 12.04836793265838;
  -2.649773640269941, 1.340307765524927, 12.17828105568884;
  -4.910819817055874, -3.135062351990919, 21.66655338338767;
  -4.542632355280621, -3.926718557297678, 20.15694694230544;
  -2.223445666007609, 1.340175383034567, 10.47974687725578;
  -2.644006628724167, 0.7846071693902089, 12.3061003694033;
  -4.892712183448482, -2.312816122181783, 22.03605507279898;
  -4.799716418740351, -3.20957114409491, 21.8125501730987;
  -2.594796692720197, 0.751191422146661, 12.3093613505967;
  -2.592628531107041, 1.301031565018593, 12.53660798778623;
  -2.498204443865348, 1.142901455888516, 12.34402567550288;
  -4.860597860147092, -0.4483127152191548, 23.03378438165976;
  -4.862811056012621, -0.3334057158814351, 23.19518368943802;
  -8.121510493823871, -9.092386579592127, 37.99656736322766;
  -4.971420965690036, -0.1975583399362431, 23.79514257076851;
  -4.928260485078791, 0.08373086158031326, 23.60293352822945;
  -4.790376430061452, -0.8576129998440799, 23.12707938977518;
  -4.696078284406551, 0.0005619080393719193, 23.09949426143853;
  -4.728199992626353, -1.223032214522911, 23.38385127241967;
  -4.798216370161689, -0.1991856995096025, 24.00225890366309;
  -4.713908982352921, -0.7491663294724359, 23.61469714877259;
  -5.436437815828604, -0.5116192104648603, 27.11620897474788;
  -4.849488916901242, -1.687997886085252, 24.33036965736067;
  -2.325210097115346, 0.5596331977391859, 12.27617927083993;
  -7.9723126066081, -7.345040831435364, 39.56401004120261;
  -4.500273563260993, -1.418475297298167, 23.02511285726392;
  -4.613673440118434, -1.338062574066083, 23.65430431092488;
