m=[-4.460708356832289, -0.2094534908814255, 6.554083281635984;
  -4.381986194417938, -0.3559894993054944, 6.545501901214957;
  -4.363617070186434, 0.03071637215743226, 6.681491418678764;
  -4.359255423729207, 1.237990493227958, 7.025632130951244;
  -4.466517796356834, -0.9323703364889276, 8.643854835694347;
  -4.2620835556681, -1.235087747842253, 9.092907268959374;
  -4.233769020036395, -1.134810072497255, 9.061569580913579;
  -4.147836008025678, -1.157712496291013, 9.033932105996675;
  -4.436768285430913, -0.8050225562420346, 9.627738524622542;
  -2.562750056390318, 1.32264336305589, 6.416596954627843;
  -4.542171160035256, -2.253437478703434, 10.94533751940728;
  -4.522321370190227, 0.9693435540176533, 10.87858853672054;
  -4.52188822548514, -0.3595521469530936, 10.91006215965433;
  -4.497234304496674, -0.4591439246559175, 10.91913919756327;
  -4.46645533428535, 0.9453386020722102, 10.92338212478029;
  -4.6160278989541, -0.7104618592153689, 11.28642332805559;
  -4.501589128772211, -0.7864865706331874, 11.05218776955451;
  -4.532728332285536, 0.6497885177980246, 11.11673092793293;
  -2.578114191568999, 1.303594332104138, 6.759072137362081;
  -4.471299241463839, -0.2319572941022115, 11.01271312787783;
  -4.489211609376015, -0.3694355607716784, 11.06696308324509;
  -4.5147377406074, 1.009262932646697, 11.17236090470559;
  -4.475538012196848, -0.4880171122361677, 11.13211115850923;
  -2.52501824942573, 1.326733573089554, 6.713114718307012;
  -4.493469480529665, -0.3314282840411958, 11.27370471802852;
  -4.486684490710013, -0.7774897360164728, 11.35310674529777;
  -4.488831339556428, -0.3546704091508704, 11.45796962892116;
  -4.524807595336363, 0.9331564820259338, 11.54829164347433;
  -2.425493051444614, 1.373603404132473, 6.658278815818339;
  -4.525427286404089, -0.6240030450280262, 11.6258985688811;
  -4.435856551283455, -0.4394225586707071, 11.41589857712886;
  -4.602823015904523, 1.100734878828898, 11.89993125736497;
  -4.52990189830765, -0.7774599362885998, 11.80348870083693;
  -4.575218344432839, 0.6554534315273775, 11.92563873648682;
  -4.552768590458846, -0.2368616206077254, 11.88337624133811;
  -4.471388427666626, -0.3668987110486949, 11.71810702151846;
  -4.551102425369042, -0.484899959701797, 12.00164377624282;
  -4.488729760359988, -0.3239830432590181, 11.936700287843;
  -4.529273181001435, -0.7624156076874699, 12.15303818092556;
  -4.610868051241779, 1.092140691297996, 12.44997396761327;
  -4.6203026475623, 1.228131480830027, 12.52362059083959;
  -4.631619243489159, 1.012719712714875, 12.6738795107613;
  -4.557671207418495, 0.3792727300084012, 12.50671806753991;
  -4.494968165651955, 1.160417326186748, 12.47320765268797;
  -4.694816120753059, 1.090952625543322, 13.15404472801922;
  -4.730497748102805, 0.4830186230727316, 13.26304842479301;
  -4.627557080730271, -0.9838897401543695, 13.03869990614394;
  -4.823116101951987, 1.253304131258242, 13.685070408003;
  -4.55169002690132, -0.7730789107729303, 13.1991929699895;
  -4.544299375930508, 1.215583201640574, 13.18467737380662;
  -4.580101467459182, -0.1719064607525041, 13.39122207990618;
  -4.587392779775237, -0.8237436185266951, 13.74402585432991;
  -4.427996785612248, -0.03471887979296776, 13.34398809336953;
  -4.670816872062843, -0.7457213956996952, 14.14200025895427;
  -4.665822543309648, -0.9722753158149183, 14.17989732264614;
  -4.593342200373053, -1.052702051469372, 13.97735824346503;
  -4.639221087726654, -1.006385391365332, 14.27101633191435;
  -4.615260147806445, 0.1093402882999895, 14.20380809579771;
  -2.540366063022661, 1.378504673203094, 8.275940451483871;
  -4.431799350852143, -1.137267473006433, 13.73408101933245;
  -4.589911433317101, -2.60233334388069, 14.23210621797439;
  -4.782555253190771, -2.845877793452865, 14.83594332821862;
  -4.670896848779019, -3.216953779527962, 14.51905034398261;
  -4.694152125138654, -3.105249863028718, 14.78842480645611;
  -2.707974018690118, 1.330011848304267, 8.940951848239298;
  -4.572687108741816, 1.056326346546519, 14.40032721390149;
  -2.555155919235037, 1.367656250351978, 8.639910887898608;
  -2.597200744499641, 1.322398393646118, 8.781191050032069;
  -4.739785893919899, 1.044141824622079, 15.20540254622031;
  -4.713797776761478, 0.1130726202481138, 15.15963224081623;
  -2.566554858187609, 1.36738310957161, 8.909687351297977;
  -4.753018059312074, 1.142542606947392, 15.63765119246686;
  -4.468201824948793, 0.09206656584454735, 14.82629346710594;
  -4.97456709763246, 1.254636554556013, 17.02043919556504;
  -3.532315237708211, 1.33448958972589, 12.47066655640224;
  -4.708978567611297, -2.994415930770654, 16.40342480675862;
  -4.664274200053652, -1.00329787382549, 16.29572829082618;
  -4.635271668667802, -3.120246411300128, 16.36583911283412;
  -4.493430358879407, 0.8684893512216667, 15.86062028729033;
  -4.594416822131889, -2.102429375967381, 16.25409507600963;
  -4.774058700201904, 0.9687393070301696, 16.98315726294639;
  -3.264737394224045, 1.317036807470268, 11.99022115511163;
  -4.931560829510461, -2.965261211966186, 17.79405823873934;
  -3.073831842791681, 0.9218430310497785, 11.5045666048505;
  -4.762407325707656, -2.161683601916058, 17.43365015668363;
  -2.694489112274199, 1.394962068790585, 10.28205574271131;
  -4.731838939316621, -0.9479981415626727, 17.47849725824248;
  -3.021958099531575, 0.7740579177840848, 11.72447216109655;
  -3.019431590164706, 1.167968160938542, 11.79761734468938;
  -4.710061454756493, -3.202831583850564, 17.91301445242834;
  -2.871858654222051, 0.6929800062933602, 11.45682112825898;
  -4.69749551392685, -3.758319292035215, 18.47143290224325;
  -2.646732740633141, 1.36457536480311, 10.88018424956933;
  -2.929118958807009, 0.7731811962103143, 12.01126003240851;
  -4.762649532251751, -3.210825558488545, 19.09960662800004;
  -2.826912657579, 0.8727410186834437, 11.77870223167613;
  -2.661091956462548, 1.290450285674796, 11.15653308991177;
  -4.9126854947003, -3.09495629763159, 19.89379184396663;
  -4.917019908377866, -0.9224100038365893, 19.89795873088263;
  -2.729660875610346, 1.391713080788499, 11.59651313228562;
  -2.75644607783196, 0.8830498804208624, 11.77517848253705;
  -2.569837973106804, 1.372418857889743, 11.07898398848904;
  -4.166891400950467, 0.3227648473233136, 17.38033307136677;
  -2.712459186305998, 0.8297558993317634, 11.69704102105105;
  -4.845614976309394, -2.136932957719838, 20.22492819940621;
  -4.930001933478204, -2.96231413793005, 20.62324660923214;
  -4.475263552052978, -3.655242762291036, 18.82946273456131;
  -1.683954073061238, 1.328418184222559, 7.687323656369912;
  -2.688796317260193, 0.8076063720984108, 11.80796758703317;
  -4.868570318109478, -2.138801188568877, 20.81903009505495;
  -4.878306028161222, -3.072627071349553, 21.01501779714843;
  -2.669805622391031, 1.351702535601215, 11.95978818440634;
  -5.353229514713517, 0.2037458739840565, 23.00937828732994;
  -2.549658267318795, 1.395454956524401, 11.51795322212305;
  -5.120147186505557, -0.1378334315770593, 22.67270819723594;
  -5.000131395278051, -3.291705084505403, 22.53641489457424;
  -5.077998000179062, -0.09036385078875805, 22.98465940085599;
  -4.927261190659702, 0.07441174179434622, 22.33269435480785;
  -8.700224131916093, -9.278687736238116, 38.98923425218954;
  -4.940265720188641, -0.7582775075191153, 22.5565804345372;
  -8.38386427578228, -7.474976833068601, 37.94348475710368;
  -4.453748519993166, 0.1006514882893895, 20.69429389191552;
  -2.387897738027548, 0.8475532800088299, 11.62486800572535;
  -2.370319443553229, 0.6046926884178225, 11.56068126407454;
  -4.390392349858118, -2.188850256899023, 20.61737280267975;
  -5.024844635040423, -2.296435387272834, 23.48048196117913;
  -4.838398826689454, -1.106962571800221, 22.60832417138368;
  -4.847174790735938, -1.512053389838906, 22.97532779629541;
  -5.106122712617422, -0.09511531053940399, 24.14173970737563;
  -5.559130299516109, -0.3997655213175145, 26.26615569041033;
  -4.62775709172365, -1.300830728897868, 22.34586153033375;
