m=[-8.86926415078575, -0.42627136642766, 11.84750149858112;
  -8.756520327709122, -0.7150060013845558, 11.88384306122155;
  -8.890910978235395, 0.1618826079150589, 12.22905638988112;
  -8.628943358141234, 0.02339460837391198, 11.90231188872174;
  -8.702722684942936, -0.0228118829606935, 12.10644848421006;
  -8.631494183118804, 0.04939308687799877, 12.03717861856291;
  -8.612199736967597, 0.1288944991219223, 12.08830424026126;
  -8.569867778586822, 2.383452714488935, 12.63077342917213;
  -8.836797612754571, -1.93923863919233, 13.99458896020309;
  -8.83965922938973, 0.005848086342084995, 14.01795520308686;
  -8.823721532604745, 0.1054780620606214, 14.01171737539256;
  -8.875973822806293, -0.7056773045559265, 14.18425457737073;
  -8.576008171810571, -1.904325478529948, 13.90034185009508;
  -8.395518223831955, 2.400967025998369, 13.97563881034458;
  -8.686039858908256, 1.871746727598664, 15.04043133184944;
  -9.065018812082723, -0.6333115044598434, 15.90452635130237;
  -8.972465692443304, -0.4570202161831291, 15.79399306607758;
  -8.928877131240885, 2.172013814147668, 15.73640055080407;
  -9.048574368603166, -1.995222391170744, 16.02394985133117;
  -8.921727149214838, -1.841428030714271, 15.96928869824031;
  -8.992240773348758, 0.08270851233607468, 16.23748343038319;
  -8.831471112670556, 0.06858069278576991, 16.20279157707162;
  -8.212885216120345, 2.430044450224329, 15.68161663621257;
  -8.311408646132609, -2.410334629458534, 16.46776336429907;
  -8.404827082702727, -2.235719685346648, 16.67607901794601;
  -8.696886815581403, -0.2586122782260693, 17.40896062047111;
  -8.867660089727472, -0.3896945968303434, 17.73400643636358;
  -8.31543547060585, -2.300149334928781, 16.77196120209977;
  -9.023539822653383, 2.328995420496519, 18.06591751993942;
  -8.839471328484772, -1.590329033133764, 17.83484888382209;
  -8.92696634289177, 2.195733974442026, 18.02056852484054;
  -8.926515595935301, 1.984190653309587, 18.02221858500647;
  -9.528008975624871, 1.844935340012258, 19.55053911510831;
  -9.419421634377915, 1.955213487893823, 19.38899567036684;
  -9.315128273054125, -0.2163677855513551, 19.49913820976716;
  -9.224417962672627, 2.057703120734851, 19.35873658639975;
  -9.301432507384439, 2.317579195069, 19.9816172103784;
  -5.075806284631891, 2.562826828356855, 11.48048884431993;
  -9.125744759854394, -4.470965962299774, 20.54752916543986;
  -8.992554738087804, 1.878275541251788, 20.2245038467675;
  -9.078133846944891, -0.72955204066429, 20.46293187734421;
  -8.528880985206467, -0.8523408620010063, 19.41035327545757;
  -8.933813242636251, 1.843384724710494, 20.42182870075159;
  -9.321110651192861, -1.442444013342358, 21.31967411504111;
  -9.042640937108173, -1.571806968965441, 20.74788229018627;
  -9.015443801491102, 1.238257993379585, 20.67984571402187;
  -5.184423915811254, 2.566486368813528, 12.31100502805881;
  -8.934083806599112, -0.4771711181019593, 20.56529323586458;
  -8.974977322129444, -0.7450982288331425, 20.68276001631551;
  -5.088016365066301, 2.575603832632709, 12.14141478883257;
  -8.937903209889349, 1.955508346637124, 20.70729207587026;
  -9.196349027986525, 2.276921689644309, 21.28757880959231;
  -8.971973357146464, -0.9870204174333078, 20.86223836014597;
  -4.989238983259818, 2.561895299035899, 12.01883568518474;
  -8.926458741240378, -0.6734287109120435, 20.95528734644556;
  -8.928604717761306, -0.7179611101386962, 21.33393833143989;
  -9.069139060639827, 1.812758950072394, 21.67115885659438;
  -9.056112723927209, -1.25183937984065, 21.78452154596816;
  -8.75393689955177, -0.8802735106741902, 21.09071211012256;
  -9.173179869273689, 2.12524954357844, 22.23395939374405;
  -9.108444572635882, 1.85760944364314, 22.12519780708767;
  -9.183643092721795, -1.064932056594807, 22.37657470948608;
  -9.055323837578241, -1.548424072082612, 22.10404525480962;
  -9.115545101637277, -0.4815930431714757, 22.29427578381008;
  -8.940381478716878, -0.7427228594338635, 21.94020966136324;
  -9.204137597226085, -4.909613051886299, 22.7969051861594;
  -8.991680856985086, -0.6538753842570043, 22.4019277460268;
  -9.235172557559789, -4.379071660710501, 23.2469102163952;
  -5.236272340131521, 2.540627472402552, 13.540403171073;
  -9.003530015170012, -1.493856338138285, 22.65093165212214;
  -9.364062369357502, -5.08562346533874, 23.60973359025617;
  -9.142981081620556, -0.5811976478681129, 23.19156400279255;
  -9.250378369826084, 2.124279088391306, 23.43931444622505;
  -9.289068551352989, 2.391382598466464, 23.63067886619578;
  -9.361860473296137, 1.854559017138073, 24.05923615171409;
  -9.241387709940332, 1.959953096215162, 23.75436822149027;
  -9.14590849307484, -1.331842682980785, 23.7682298342432;
  -10.18612695370496, -0.03897201233938853, 26.40257189169074;
  -9.024918648845635, 2.254769618254556, 23.49182203858991;
  -5.204973589306019, 2.608894161140301, 14.01184186973683;
  -9.59292274032051, 2.157993496762155, 25.24857879223698;
  -9.43166274016321, 0.918861097827657, 24.87162543018835;
  -9.282551951435512, -1.952770033790108, 24.56764733692105;
  -9.403570830883117, -4.413715185522938, 25.09619227415022;
  -9.815628103729901, 2.469441490619533, 26.20276971284937;
  -9.087422633909917, -1.52871342206098, 24.75807596083656;
  -9.088901891885499, 2.352730895809392, 24.77965188698182;
  -8.923186515862206, -1.361921533522296, 24.46690121700668;
  -9.180925443138676, -0.3647608374034643, 25.229074187746;
  -5.091956325381046, 2.525529514628377, 14.56231211303943;
  -9.055997738032424, -1.615939494434419, 25.52570225398819;
  -9.122186628616289, -0.07877994236403374, 25.79616725853844;
  -9.310267106215626, -1.481412718906145, 26.53636936176752;
  -9.397183426553848, -1.944380282971028, 26.87511487100122;
  -9.228231030290058, -2.099435690234214, 26.41359831176715;
  -5.099391774216033, 2.574972234620777, 15.10487338496359;
  -9.565198500449624, -2.062828785502475, 27.6672801809728;
  -9.235487818728373, 0.1821716812852871, 26.75041020142804;
  -4.987829633701741, 2.630255406002688, 14.89574450684978;
  -8.914702829852594, -2.265787491506927, 25.95736544563852;
  -9.189634268061978, -5.122182859365929, 26.80963795029954;
  -9.891759243217004, -5.795949155739093, 28.88788739521957;
  -9.603270529056861, -4.960466793748005, 28.02707648504872;
  -9.239406751919875, -6.23840865738832, 27.03968419875078;
  -10.65706863549869, 2.694210170619644, 30.91855624238665;
  -9.124136949694057, -4.224686177765071, 26.73351815777922;
  -9.453232197139236, -6.129967235755657, 28.03348291243535;
  -5.391904579883572, 2.564941073654318, 16.3706937791877;
  -9.227915696329097, 2.055711412532784, 27.35019291513809;
  -5.073605057284394, 2.635578043819281, 15.74475021123409;
  -5.230975384346631, 2.586716499065946, 16.23590367470679;
  -9.702884677339839, 2.056557006467178, 29.32596182145356;
  -9.601541652756518, 0.1917137797361919, 29.08685625043541;
  -9.753582387814555, -1.709557817751723, 30.30005878574429;
  -5.112466156288803, 2.638570381508777, 16.30224347639063;
  -9.651107834018498, 2.234005209467621, 29.93701850246167;
  -8.977472684783839, 0.1512057761775623, 28.02818561575409;
  -5.082300402212834, 2.614795348726315, 16.55876941273795;
  -9.956920373009211, 2.396049235693992, 32.18132560433826;
  -7.453635507437582, 2.703334324269942, 24.50085931820875;
  -9.55880317621599, -6.31418584286902, 31.80140323819742;
  -9.373870482779083, -4.21770671691039, 31.24379968630687;
  -7.052080254842196, 2.244865905730277, 23.80758868364434;
  -9.672448646179495, -5.819932400917574, 32.50175820324038;
  -9.736254538542053, 1.895084915426066, 32.68653390074741;
  -6.580307594905698, 2.559455196431161, 22.49878355409451;
  -9.991758189158732, -5.906979635605501, 34.06975803368311;
  -6.41125128763129, 1.847640647588928, 22.25106072822988;
  -9.974744278766844, -1.597126289041784, 34.1897804139011;
  -9.731567124908935, -2.052680207341134, 33.52162165929383;
  -9.821615542380867, -4.381953670368726, 33.91125305601369;
  -5.245171762817845, 2.621520123139875, 18.51359970267806;
