m=[-4.554372007292436, -0.9400139834209986, 8.152018124656257;
  -4.343033464314504, -1.155265339160889, 8.617044528797488;
  -4.244814910273418, -1.174166792259385, 8.561652752506213;
  -4.532435872504316, -0.1991805901582812, 9.064200265017931;
  -4.529570330415411, -0.1346921636872687, 9.067050449429656;
  -4.515000166615478, -0.812303765999454, 9.109633674870665;
  -4.722018322687775, 1.17655548376098, 10.14398185542201;
  -4.549007691420265, 1.208306443739089, 10.01556091349415;
  -2.626459456029147, 1.329539560377365, 6.267458945424576;
  -4.595259015885245, -0.3692918224099862, 10.35812797940369;
  -4.617679984757455, -0.8026528567234178, 10.59503318154926;
  -4.595364229118773, 0.9481980420198347, 10.50455595565285;
  -4.627561752965244, 0.6355888247585917, 10.61481444403237;
  -4.610553146363124, -0.2462505218826763, 10.61299395517863;
  -4.596811171561034, -0.3816250157830906, 10.59331281732499;
  -4.611232688791786, -0.5072887125492923, 10.72234966135339;
  -4.58703136979165, 1.003588640341177, 10.62721268119783;
  -4.60095210300422, -0.3471044154810765, 10.80095435161213;
  -4.641276752967389, -0.09628146148289406, 11.01491979126761;
  -4.4560804007489, -0.4480920508365253, 10.7359591404602;
  -4.677571868935184, 1.083703538050972, 11.33750176899768;
  -4.649573264633406, -0.7950583874199182, 11.34960821947763;
  -4.654388969982037, 0.9492330810248354, 11.30591242124434;
  -2.744137108522873, 1.33144910598317, 7.096025644298118;
  -4.620929232828371, -0.3838840413262082, 11.34002575168946;
  -4.696084334712665, 1.020330457943428, 11.53472931474635;
  -4.692135420371055, 1.239998755978826, 11.59123253512403;
  -4.641720635460432, -0.3375461064954911, 11.5644106977004;
  -4.798482423780894, 1.181832478800924, 11.92124065256204;
  -4.669899780132781, -2.214341492601316, 11.75513941203449;
  -4.639515495119974, -0.7697835867263315, 11.67201622051124;
  -4.706431379444804, -0.2034016859008368, 11.85600028653347;
  -4.68076739742751, -0.2975452948351096, 11.87296743923526;
  -4.731929636241717, 1.086651677600118, 11.99012432216502;
  -4.688024222449413, 1.206887373559311, 11.92597452642477;
  -4.757624170441455, 0.9424723676040568, 12.22671538037278;
  -4.74640410584995, 1.006637716664853, 12.20031389193614;
  -4.631722740426111, 1.157181368790215, 12.05635314664001;
  -4.83162918649476, 1.086907988886143, 12.7168511112192;
  -4.849872115263733, 0.4724892035397207, 12.78928286117528;
  -4.755672270830012, -2.232150243415727, 12.69190904689407;
  -4.864787604505177, 1.223896038711133, 12.9865259722233;
  -4.662705503686246, -0.7843742691139617, 12.70322969380881;
  -4.70942761124445, 1.219070903652815, 12.8396123296;
  -4.709181873542892, 0.07170738310519498, 12.89730042142752;
  -4.708719437854389, -0.1870787924253698, 12.93950514713004;
  -2.646738960116084, 1.336488670874037, 7.839887313178609;
  -2.617574346613755, 1.302293223784047, 7.776323478335925;
  -4.704418965984053, -0.8394499010941279, 13.26011791052128;
  -2.580004811097607, 1.360525940190565, 7.70497296717638;
  -4.685250735495387, -0.04046220472463204, 13.24918208117852;
  -4.833528693304375, -0.7690918855248002, 13.77665122417335;
  -4.736502494520294, -1.077561057069324, 13.55710253485166;
  -4.809228375210541, -0.9950820798752219, 13.75396851991215;
  4.380747613499015, 2.336750774644707, -10.85028194488627;
  -4.758930566079933, -1.026310009087194, 13.76517856135864;
  -4.559774866460946, -1.158925996043069, 13.27691397207476;
  -4.778689296094257, -2.800011556107112, 13.955681177438;
  -4.72439013653982, 0.09318945692027218, 13.68410381612326;
  -2.794691984324328, 1.329441230386304, 8.48513656069038;
  -4.831140273005864, -2.692814879868098, 14.09426293019532;
  -4.88027038005087, -2.520851525686616, 14.24303426583118;
  -4.67444362114638, 1.181744621980786, 13.5616136993676;
  -4.923155925505304, -0.9249900126790678, 14.38324318338739;
  -4.86627527704886, -3.155545890167023, 14.43089960993862;
  -2.632094459285107, 1.367290178842425, 8.168091391803875;
  -2.719998420254728, 1.345038788016591, 8.442332280660571;
  -4.713178201964118, 1.049959117304538, 13.96917107927435;
  -4.897111168944941, 1.037958155832017, 14.80101021001378;
  -4.939035798252955, 0.09861762364626021, 14.96228725293239;
  -4.894516808454804, 1.132965897383621, 15.18242700996851;
  -4.808654941699929, 0.9042635794727636, 15.21294352337121;
  -4.718481020363726, 1.135462815704156, 15.25039554256509;
  -4.857107020688702, 0.7683951813505385, 15.74333261519142;
  -4.847616666113777, -3.124528758265147, 15.94018424457369;
  -4.783413907526637, -2.152263251834087, 15.9434703325609;
  -4.851858021236765, -0.9678228049757052, 16.15753672816338;
  -4.891800955485636, -2.943406775379025, 16.43762997866879;
  -3.435382784280972, 1.336215396034856, 11.74594539453407;
  -4.916564898698344, -0.8767284652498697, 16.480821280282;
  -4.887958167587728, 0.9514023851739021, 16.40984320180029;
  -2.773156238934899, 1.330559700756455, 9.774481979191842;
  -3.329200882438197, 0.9594331275469876, 11.55441390271538;
  -5.063475141425678, -2.993451600765216, 17.26536707674938;
  -4.859835661031021, -3.057162376896044, 16.82731450092746;
  -4.954488156572481, -1.045050570577815, 17.06636509498761;
  -3.254891090330569, 0.8487315542320744, 11.5497385623183;
  -2.814540492050069, 1.34082317430498, 10.24863654403341;
  -3.127994341637109, 0.8755510907621023, 11.32732070972444;
  -3.173647552231732, 1.182220881220407, 11.51002681196956;
  -3.066235650725759, 0.7164851811800628, 11.35747297714478;
  -2.95801660373003, 0.8144354841461574, 11.04347721078905;
  -2.117928921805003, 1.362979140476406, 8.28463065040884;
  -2.670751931344992, 1.395415999373288, 10.18241640392193;
  -2.752301812298296, 1.367160694261942, 10.46262208757496;
  -4.859839645742691, -3.802608895277402, 18.02336075500941;
  -2.963441173549884, 0.8758519073816999, 11.44832194093862;
  -5.12397616855404, -3.376989467907004, 19.37459276297649;
  -2.730201000620356, 1.338591557195902, 10.7694819950467;
  -5.188145707263653, -3.185869385289714, 19.80102146039497;
  -5.03031938405359, -0.9391319933148412, 19.23565805861374;
  -2.828622182059735, 0.8289539440640149, 11.30416234018849;
  -4.067162398757881, 0.378263871253721, 15.99975719741851;
  -2.783133472794139, 0.7986401134786285, 11.32661493463798;
  -5.083825774216242, -2.981783321966658, 20.08487772155453;
  -2.756601662889386, 0.9286636547521409, 11.32451496342992;
  -2.818572187517334, 1.36767755439708, 11.68904473079231;
  -5.041897512123136, -2.172861800917616, 20.32799632984411;
  -2.624027001796922, 1.381206141659472, 10.97792749549461;
  -5.07642476226741, -3.123365209530455, 20.64713469056924;
  -5.23874739854992, 0.14131413724596, 21.29979610716461;
  -2.671304987205882, 0.8661384327669869, 11.4878890110429;
  -5.105723560555917, -3.273333397223436, 21.73542939473675;
  -5.135541928852283, -0.3668081452310709, 21.73355986990236;
  -5.209038329712976, 0.3892238275453951, 21.97322894355207;
  -5.14619985594835, -0.902508590230479, 21.91484116876724;
  -5.156423952949579, -0.5156365166123242, 21.98018348185263;
  -5.155824411900833, -0.1180193771673113, 22.05239716778296;
  -4.211008145884364, 0.03555124565337699, 18.03399178774512;
  -2.491319685916773, 0.5990942962894903, 11.20538524189916;
  -5.087901891042307, -0.775340354153098, 21.92129720503649;
  -1.390981595152801, 1.286701734523052, 6.722740224006389;
  -8.792004263602431, -7.64689106097812, 37.88616393566703;
  -5.123511391248303, -0.3898406745798523, 22.36222961385676;
  -4.922897947058325, 0.0850734620353312, 21.57483000816317;
  -4.9935038458429, -1.128106116315973, 22.0213038237156;
  -2.429432827840736, 0.8612797308513165, 11.33131796608689;
  -4.908783169458534, -1.500617975628462, 21.96921735475713;
  -4.96568235409592, -0.6555978967122078, 22.16579320735251;
  -4.932499709785767, -0.1185195068494735, 21.99674720753237;
  -2.443376291261129, 0.9385045096648479, 11.41112090340209;
