m=[-8.797478228833349, 2.408272370912393, 11.81720027204585;
  -9.072304671287387, 2.463119902017865, 12.93742598343339;
  -9.032558707516211, -1.99112643093389, 13.08934207815497;
  -9.197466814786594, -0.5126248632595447, 13.29018329070843;
  -9.104739387564846, -0.0247884412040824, 13.23593975480673;
  -9.182485616439779, 0.08642792759600569, 13.36842562356582;
  -9.213732653838918, -0.7536646605837658, 13.50100333332298;
  -8.97559684565668, -2.004106382645454, 13.30411013663708;
  -10.08537955136859, -0.5728971384869593, 15.75494152143718;
  -9.127775779757252, 1.920496806884661, 14.58335620050994;
  -9.501043992434985, -0.6963057953600431, 15.40307751272756;
  -9.41906469981854, -0.5117111118300171, 15.31513107709859;
  -9.283193350521753, -2.061923358377828, 15.17985629745574;
  -9.260029181338839, -0.754729658051705, 15.13882553473214;
  -9.341678597817522, 2.213187614172918, 15.23656918729003;
  -9.272157942692667, -1.925593733752298, 15.32089930954197;
  -9.427026677839534, 0.04541293084282971, 15.75705917397026;
  -9.238381112995446, 0.02607174698484549, 15.68504771507633;
  -8.741756252858766, -2.530814849639075, 15.99646537244181;
  -8.95464509539357, -2.395622728371886, 16.42998643994666;
  -8.644707019768598, -2.405203204342806, 16.12710740038436;
  -9.233219029441509, -0.4487087054069774, 17.1667147048688;
  -9.399345253232399, -0.3298955484769163, 17.47453260683714;
  -9.198893103095148, -1.677515403283069, 17.24159286621623;
  -9.543109113905812, 2.385240487734663, 17.81836936648233;
  -9.266800390226869, 1.983750737877023, 17.43906686312396;
  -9.280811801540033, 2.193378909447567, 17.46088572091369;
  -9.542285676291783, 1.316533773957431, 18.13884611722161;
  -9.965797321619363, 1.848336843962386, 19.14068307993874;
  -9.83548259417565, -0.00158334361857817, 18.99486093225625;
  -9.58727027724375, 2.301281842406215, 19.2998110547369;
  -9.391557954377843, -1.584815333178613, 19.33708368123333;
  -5.331489702975826, 2.628463467068447, 11.52505897669506;
  -9.297159762519442, -0.8055201240476082, 19.61136589126253;
  -9.353402088982348, 1.867353269181693, 19.71091337981815;
  -9.280044924018231, -0.9860700537442214, 19.70639590381757;
  -9.443065649710704, -1.687704568450788, 20.2742624482758;
  -9.81856869279701, -1.577139716216168, 21.04773527735772;
  -9.447808563526225, 1.861976694542413, 20.24331985781581;
  -9.500552472040498, 1.212768137993134, 20.4260618184082;
  -9.505852410715095, -0.5411895402398752, 20.48341486896943;
  -9.416923259338748, -0.8399176725691037, 20.31387599578421;
  -9.488690920659041, -1.098323989424673, 20.65649912490101;
  -9.411259736729889, 1.965265685657428, 20.44868455827614;
  -9.499270273281466, 2.248583639387106, 20.65109840024498;
  -5.304049592101173, 2.622860791929374, 12.03482605397702;
  -9.493138096844461, -0.7666918349542321, 20.87082942206048;
  -9.457162131531243, -1.66209299711239, 20.96225288793007;
  -9.492845062634222, 0.1256762237881396, 21.1327704938444;
  -9.064525606903963, -0.9724594680293909, 20.45153673069965;
  -9.443371040141741, -1.159246965666053, 21.60384483755596;
  -9.573665708897325, 2.110104391279439, 21.82519304479211;
  -9.581334829197104, -1.684223159910081, 21.93599613697035;
  -9.538321024620602, 1.843837337616119, 21.78452572135933;
  -5.658030070515086, 2.664618647398486, 13.36264655561569;
  -9.43386997650202, -0.8448917447936956, 21.718253365805;
  -9.695634790118307, 1.217650850794471, 22.26516590150024;
  -9.501815116995676, -5.056924053995315, 22.05506252434648;
  -9.646070141884366, -4.640103571753939, 22.37522791301655;
  -9.627526799071781, -1.09450135325616, 22.34504285621201;
  -9.615308617420222, -0.7684114408066411, 22.49255112960888;
  -9.523280666971569, -4.517413177541474, 22.48412434103077;
  -9.77750432637119, -5.296038617998109, 23.12377054443681;
  -9.595064724307981, -1.651261642690413, 22.66199906348059;
  -10.35287222165862, -5.289578326155508, 24.48913152599921;
  -5.206737944726567, 2.527400182243357, 12.8267623850462;
  -9.6328211217151, -0.678364944174541, 22.97363408291026;
  -9.709992088533085, 2.09394988851589, 23.17545374257304;
  -9.521829607365756, 2.33220419264809, 22.83438565141474;
  -9.55772662413912, 0.6228781032756513, 23.1633712862498;
  -9.401892618567866, -0.2116251177718609, 22.83041575949187;
  -9.747117181168845, 1.802808757435012, 23.61632566378571;
  -9.812593894557631, 1.972357213321163, 23.7786382180479;
  -9.650724515666305, -1.456625059041736, 23.58577031306054;
  -9.576270276434602, 2.268214549363169, 23.48317326401739;
  -9.730947249858769, -0.7083803611892866, 23.9183741871327;
  -10.11408692156811, -0.2317039018660053, 24.90983923810042;
  -9.823822003059014, -2.11722598027996, 24.47083016512969;
  -9.83129591264685, 2.0829352608026, 24.44340579882923;
  -10.063131790068, 0.8766637387848326, 25.03797169914868;
  -9.725888361185801, -4.5709114544361, 24.40860119847375;
  -9.771663900802682, 2.328130437285302, 24.67840505594024;
  -5.468041742916929, 2.621295603005073, 14.34144554342517;
  -9.646146404999248, -1.679463970082243, 24.73927201626481;
  -9.854396214184833, 2.416665719950987, 25.35518827658204;
  -9.748355989678521, -0.4731929134325751, 25.25543313200482;
  -5.40803182183844, 2.634079592233728, 14.72014668875361;
  -9.860877382043958, -1.840646702663441, 26.19263995917079;
  -5.252295546987118, 2.672452259614912, 14.39833299999207;
  -9.730812450124812, -0.1759491654752762, 25.96048827537009;
  -10.16433166421215, -1.688917657148896, 27.33350186544589;
  -9.843625169784449, -2.29632777560255, 26.56514712747537;
  -9.971285853173098, -2.119975258217019, 26.90733957108645;
  -9.618583785538016, -2.13114703835604, 26.2748510541426;
  -9.429505687297494, -2.449765338037754, 25.86065598878798;
  -9.364071455557076, -5.431505395765946, 25.76789525063992;
  -9.789585851842631, 0.08687995867851807, 26.78347587028886;
  -5.715167505786711, 2.616289411996071, 16.02400462736864;
  -10.26126579778869, -5.731138774650427, 28.19822812824511;
  -10.08393825534111, -5.207913151424991, 27.74958745023916;
  -9.961229907551534, 1.905473054030707, 27.4856712165041;
  -10.09830968499404, -5.382791860863035, 28.05881017159937;
  -10.14679895192047, -6.544356761829689, 28.33609414568057;
  -5.380197244672878, 2.692640301825736, 15.3770296973098;
  -5.576433794908787, 2.651941062517647, 15.96908647411552;
  -9.78080104653769, 2.038713450282181, 27.4270518855958;
  -10.07869118992192, -6.761798135438764, 29.01250576847501;
  -10.1031769638266, 1.993917994028564, 28.9521233681863;
  -10.36456646179247, 0.08741346298523556, 29.72821787388169;
  -5.565933156942606, 2.749679294853858, 16.74027506525228;
  -10.17268874251085, 2.188311799796082, 29.92405986701366;
  -8.111868106009421, 2.592660365572589, 24.99107667229289;
  -9.158396777056023, 2.035677089309988, 28.11391048571923;
  -9.97820945822436, -6.18077938516979, 30.88334755596921;
  -10.16831914970305, -2.256915199735222, 31.69762819941649;
  -9.744130006408923, -5.945199004077231, 30.64280895999935;
  -9.990522798833093, -4.525921566726863, 31.47239954277114;
  -9.669305739708227, 1.61899235164479, 30.44826503165713;
  -10.14691888350824, -6.097416078709041, 32.22925190107736;
  -7.178627976136995, 2.648665271835671, 23.00042651060929;
  -10.12858400101459, 1.801769655884207, 32.29175523612635;
  -6.896583784378438, 1.868870722574237, 22.4103017811348;
  -10.59036513458183, -6.234062425366027, 34.15039258246537;
  -10.41048351050948, -2.288146742396564, 33.99293449112938;
  -6.222867679681012, 1.476439643390468, 20.70584781290291;
  -5.702253740885301, 2.584036738037098, 19.33600923717175;
  -6.444739954929883, 1.681428585769252, 21.8113672288792;
  -6.502511961828096, 2.278868000812394, 22.06504357432255;
  -6.444707136587963, 1.063613331183749, 22.13196554909807;
  -6.472546045885487, 1.419713655448418, 22.38688204144747;
  -6.175912416362123, 1.017546954721998, 21.59354344689041;
  -4.129913933099279, 2.72629058743825, 14.81225552015862;
