m=[-4.991533015758722, -0.2835426239365778, 7.79755589415869;
  -4.645554157975927, -0.9647646245559519, 7.676106029607173;
  -4.45092924793817, -1.055047049605161, 8.235878969400892;
  -4.335326147992361, -1.206210958818764, 8.087754766527525;
  -4.613346177369938, -0.2241957636054372, 8.577290044693884;
  -4.637772120287452, -0.1627752078589757, 8.622185690133357;
  -4.901594262344681, -0.0007890724142746855, 9.466246365452074;
  -4.877941792946212, -0.1440063514669906, 9.541315049787663;
  -4.758424304045167, 1.021254502728136, 9.342938980491072;
  -4.773660749885986, 1.145846365841487, 9.609695757810631;
  -4.687897533630259, -0.4061666034863328, 9.888619335487936;
  -4.673999912371469, 0.9331373690010389, 9.849764452931296;
  -4.689301934667524, -0.4982713174990017, 9.957844083052454;
  -4.854105470050388, -0.7797065705854698, 10.40558253841478;
  -4.683183774292766, 0.922963138526775, 10.03441025064102;
  -4.651281355087291, -0.4148587922657989, 10.03359059712472;
  -4.717798866380602, -0.268594891770327, 10.16601429025952;
  -4.709404880510261, 0.6011667431763079, 10.1251580368942;
  -4.697720209380609, -0.543765082529367, 10.22674826332741;
  -4.678389498854989, 0.9769444902637953, 10.16515469544128;
  -4.732594024830857, -0.4113242960289197, 10.59736618476822;
  -4.854706997748176, -0.5208221576287474, 10.95327243663038;
  -4.75442317548185, -0.8357405066106824, 10.88501866076959;
  -4.750865087559263, 0.9183820099792748, 10.85047802768407;
  -4.756463922121447, -0.2862848351897872, 10.92380311601897;
  -4.72658663380995, -0.4233102679923705, 10.88134628993208;
  -4.748053582512243, 0.5962963343314236, 10.90348419802203;
  -2.638657329517253, 1.28082939573597, 6.500313812712109;
  -4.773393882740626, -0.3814677840219374, 11.16613207555182;
  -4.766647592745167, 1.167506241875683, 11.43094067897763;
  -4.705213403245911, -0.1059086059584596, 11.42556957320374;
  -4.791536410193499, 0.3122649588469865, 11.6123991892155;
  -4.848657242877516, 0.8967986715239291, 11.74782926597968;
  -4.844075500256989, 0.9736719319550437, 11.73853927506424;
  -4.833202134051211, -0.351840924167965, 11.87986474451015;
  -2.695076635465175, 1.383084420632763, 7.048202418128668;
  -4.815863566427867, 1.020326528959753, 11.97361044484124;
  -4.917588778430158, 0.4284025941665413, 12.23540059208083;
  -4.866479305741476, 1.15945438864154, 12.2903272894572;
  -4.825494398583465, -0.8401535328195388, 12.37584559961153;
  -2.691573388384732, 1.310979440748455, 7.326205985063909;
  -2.626144977643201, 1.336224707233928, 7.199158835616883;
  -4.816177423634896, 1.181106445075399, 12.39193987084759;
  -4.81423403977611, -0.2336867297049806, 12.47241750323037;
  -4.815417357724732, -0.08707070142904239, 12.84688061731403;
  -2.836995374074255, 1.298719757829843, 7.95427727288136;
  -4.89336044329943, -0.8130866965489706, 13.15902326132837;
  -4.861803185724527, -1.134164853123584, 13.12062524790637;
  -2.715211665425179, 1.358888536205653, 7.760289914103981;
  -2.782442719684999, 1.323224550638931, 7.968007876376071;
  -4.844775484283359, -1.073435461502601, 13.23435518976316;
  -4.755645403704024, -1.235506468349312, 13.04247686657877;
  -4.990310559761062, -2.787196327450893, 13.71350458783143;
  -5.012218660744081, -2.588591760494062, 13.79292460189043;
  -4.886793607990815, -2.270870285897725, 13.48383604955472;
  -5.017584429549022, -2.674567672320845, 13.94168464034105;
  -4.911714102481517, 0.9395565565940868, 13.55271991342452;
  -2.697464383851195, 1.337778859845768, 7.934525379250752;
  -4.805693534024209, 1.001700371895149, 13.47599294544615;
  -4.984606235659325, 0.9837396793120935, 14.28411431308631;
  -3.632176254223509, 1.255498343320833, 11.24337673329072;
  -3.931903843311386, 1.256688486865805, 12.11342555526553;
  -5.003847277206672, -3.110713897840562, 15.51753640972214;
  -4.758423537437217, 1.057675705933774, 14.60713011689939;
  -4.989545628241881, -1.107457506236946, 15.55387472399052;
  -4.961751013983119, -3.2667754807076, 15.59092425020429;
  -4.845202784984568, -2.956210021099508, 15.23692964021278;
  -2.818182812850673, 1.343863566121225, 9.227704001703501;
  -4.737122395767611, 0.7931660383907181, 14.91701287315827;
  -5.045148989782749, -3.031695919022474, 16.0247045962346;
  -3.412428078554856, 0.9247168059274431, 11.08861219377248;
  -5.023538200612232, 0.8936351511851608, 16.01594714298181;
  -3.192572954622579, 0.7574709148986177, 10.62290460487398;
  -2.827818250047984, 1.281455820568464, 9.588966448813544;
  -5.118291594937963, -2.300527249572929, 16.73407898539641;
  -5.258342694032543, -0.8892596054471856, 17.09977323388279;
  -3.206424801350782, 0.727847919526922, 10.79613535113536;
  -5.150831377480781, -1.1321143753908, 16.81880322011951;
  -3.194440039185547, 0.8334273896193016, 10.81115844433933;
  -3.246164452110888, 1.137649625055125, 11.01524464787093;
  -5.181169957293629, -1.08065023671267, 17.11383441848556;
  -3.178199045352269, 0.5245195479249999, 10.91435037917843;
  -2.169771852093432, 1.336232570762969, 7.790546421641023;
  -3.155050944957986, 0.70077649446749, 10.91591100774207;
  -2.70568335542253, 1.345208951636348, 9.579480544892563;
  -2.825601892134272, 1.334479649315588, 9.995233813857945;
  -5.180203733813727, -4.030497112818504, 18.17201490110964;
  -2.954105639792612, 1.303729700140254, 10.66832222833759;
  -5.012873025026979, -3.723221846393083, 17.66328020559253;
  -2.840119080641473, 1.319777644696235, 10.42890008588663;
  -2.729687457319885, 1.329639688681419, 10.11993664310215;
  -5.083262061852619, -3.340615016937733, 18.20308655307509;
  -2.899389866835273, 0.7863401599590273, 10.79791895013268;
  -5.325892639643679, -3.270999408967592, 19.28823276269698;
  -2.875246071603706, 0.8895109538134605, 10.78987462804752;
  -5.242948194733307, -1.034533059867721, 19.03518235676076;
  -2.849462819988029, 0.7526716966124762, 10.8021052651374;
  -5.179136961114314, -2.267211211917099, 19.35680620619202;
  -5.293015305383568, -3.108495682687994, 19.81767668531054;
  -2.782262555953902, 0.7871526496911738, 10.82279539895597;
  -2.86131627304184, 1.311128489551242, 11.07781995220964;
  -2.715799762571265, 1.352976022959206, 10.56992771236754;
  -5.264116467727413, -2.297269402047061, 20.1639341967039;
  -5.396667564470188, -3.324168353936507, 20.80626253144904;
  -5.023503253411341, 0.0519254392071616, 19.47687595635068;
  -2.57938896100964, 0.5567401838966355, 10.76831087234882;
  -2.598846155193846, 0.811245201140384, 10.84890725734478;
  -5.264379657523066, -0.4628640066875322, 21.20732186842605;
  -5.30867438640349, -0.2180633628767948, 21.60907795207046;
  -5.276254350216911, -0.05442328553171826, 21.47868891668754;
  -5.309290316685978, 0.06267627670242805, 21.59918959344645;
  -5.227578787045679, -0.8706324776099692, 21.42082716239165;
  -5.111635627791309, -0.1904206518319808, 21.19601976817265;
  -8.980512624038044, -7.740874996122781, 37.04071578508141;
  -5.18885142169115, -3.487836792680295, 21.67761575978849;
  -5.513716299550041, -0.001870031541286863, 22.90069110994197;
  -5.664051680187512, -2.532745837796644, 23.70382106954286;
  -5.166028509706488, -1.23145946733459, 21.63025581867401;
  -5.622696699542495, -1.770156170963618, 23.86272560329334;
  -4.950826912627665, 0.1870824485624256, 21.15681157296958;
  -5.037649593978246, -1.447372198777694, 21.73688172616591;
  -5.146328033182406, -1.375783604367298, 22.25007547016832;
  -4.811282960239844, -3.582074740881228, 21.02178741438041;
  -4.968146567052197, -1.159864079360834, 21.56768721924942;
  -5.003192707195978, -0.9792551679793999, 21.86614938592334;
  -8.553503638245998, -7.245342290519615, 36.95362306723084;
  -6.597114411713505, -0.9032905107137933, 29.53380263624486;
  -7.337377788781123, -3.5103344781019, 32.9815409398369;
  -4.908985006195634, 0.06551941751538541, 22.48276923875294;
  -6.977705533815309, -3.486796254217174, 31.9328485242207;
  -2.251343448564695, 0.5714536138477343, 10.9918764474472;
