m=[-4.652873582514215, -1.225999128937567, 7.507841843320579;
  -4.758276734756624, -0.8940121659469216, 7.937636236085014;
  -4.708103129082241, -0.2310328966170132, 8.096383450750398;
  -4.677133309274554, -0.1680832860474419, 8.052794988310309;
  -4.758036510852304, 0.998715921303076, 8.310983186942734;
  -4.801603587365563, 1.119529940228486, 8.390642184264612;
  -4.700260655301968, 1.157641061128759, 8.330049608849278;
  -4.427238048249012, -0.4195742698795686, 7.933307463804955;
  -4.800286494278018, 1.129442680168859, 9.02108119386369;
  -4.71607971305128, 1.181824822809668, 9.066916504875612;
  -4.838921005681801, -0.4217748388507602, 9.500028686627454;
  -4.937359718208994, -0.5360575461675212, 9.758598388071246;
  -4.82475545755235, -0.8631584831318838, 9.648126495179474;
  -4.906616197977914, -0.7891745016724819, 9.817667032984611;
  -4.764739089958611, 0.9172071033769271, 9.545751626508263;
  -4.765246486124969, -0.4305504294013843, 9.582833596124036;
  -4.778075998918061, -0.5603312056725746, 9.701949742239691;
  -4.810067739174003, -0.3995054454207131, 9.871002664772327;
  -4.824327565144369, -0.1515456302125959, 10.03526426735303;
  -4.794440537058838, 0.9365900066467365, 10.09564977953719;
  -17.08067073492809, 8.397122685519062, 33.57828702558431;
  -4.780227251183615, -0.6097484510208735, 10.22004849593502;
  -4.863956647095824, -0.8577197539045871, 10.40605077812257;
  -4.846180650676446, 0.9083826793584082, 10.37822314048367;
  -4.828744695077522, -0.4420253632060592, 10.39069652944543;
  -4.898910262323782, -0.5662848474176676, 10.63914766269321;
  -4.896822595338099, 0.9841892035149072, 10.62714291584005;
  -4.689034302241877, 1.149844058965418, 10.24203455579771;
  -4.860591650544104, -0.4018852692960221, 10.64478399389808;
  -4.951352275739029, 1.118168817048126, 10.8967157592983;
  -4.919564113943884, 1.16899524568678, 11.0859816906937;
  -4.927998527525705, 0.9567252707189929, 11.23644488210629;
  -5.115158831046382, 0.9032365448863254, 11.65051196414394;
  -2.706443279085936, 1.343831945769332, 6.777553703280246;
  -4.982255730822728, 1.016376991704941, 11.66533045416854;
  -4.995065119699012, 1.147609727831635, 11.88505711867569;
  -4.925362082805423, -0.8492577029522983, 11.8523703601051;
  -4.877477138155602, 1.152653896005402, 11.83488231108372;
  -4.939069358566155, -0.2622975931989007, 12.02903249939507;
  -4.983728788921691, -0.840255039317093, 12.61924186257087;
  -4.996065603235378, -1.17234750208566, 12.67257794076293;
  -5.049935853132719, -1.077195659294357, 12.81633207563674;
  -4.872223705663352, -1.269078785167654, 12.53849070577547;
  -5.040799232092167, -1.12801354871318, 12.93591367082715;
  -5.045974030415536, -2.780160394222937, 13.01708557327467;
  -4.962955367943729, 0.01371341437194121, 12.79209471287393;
  -5.161545495780752, -2.637106604521752, 13.33404371291618;
  5.06644226979328, 2.377124001273538, -11.15629942266976;
  -5.118442156529087, -1.009725561093895, 13.31495509387266;
  -5.110687652706991, -2.697021620250915, 13.33499526463872;
  -4.984636966275921, 0.9103611379304357, 12.99519080417683;
  4.850990458279691, 2.382620395560893, -10.82277105798071;
  -5.412449029415743, -0.8571112724709148, 14.09368533963142;
  -5.313591344185086, -2.693438071914079, 13.87879332524727;
  -4.945984809078627, 0.9827814871981201, 13.09936770159357;
  -5.096660592293734, 0.9530357013910884, 13.81513508244422;
  -5.257661995953979, -2.408657298241542, 14.28951101884685;
  -5.204603315980582, 1.058239903543677, 14.49236295680698;
  -2.993410390112261, 1.270309566646668, 8.902902392166896;
  -5.090521792044597, 0.8275324297741692, 14.44642755223245;
  -3.986308561230613, 1.220495932186185, 11.54469913752852;
  -2.872944368010129, 1.268008022322686, 8.708315670437283;
  -5.077125721719793, 1.079455134894706, 14.72352001724335;
  -5.315156773186782, -3.232280982756918, 15.4459782221808;
  -5.058334824081842, 0.6747733508521633, 14.72680713324269;
  -3.530514168201922, 1.254363668697727, 10.59515436525238;
  -5.103830752009134, -1.151383680303473, 15.01793718006856;
  -5.126341503884253, -3.229002029877188, 15.13993026297931;
  -5.140810187948004, -0.02022700452292446, 15.17257158307897;
  -5.307775886206548, -3.209448047293302, 15.69052177030496;
  -4.758920106902924, 0.7369747335433661, 14.1686482811839;
  -5.172106931884247, -1.095484715893978, 15.3981564591581;
  -5.193860133351459, -3.092023016885044, 15.52957664899114;
  -2.937441154170778, 1.237724667685006, 9.188864269124581;
  -2.898947627364037, 1.263454718217717, 9.113835307296965;
  -5.240806842279976, -1.008933056812388, 15.72887421014263;
  -5.363281195879114, -3.119433514625644, 16.29778544579954;
  -3.289885474716809, 0.811761246621975, 10.3721581077922;
  -3.360703414044352, 0.2203522944574929, 10.61274539429753;
  -5.242739116075751, -3.350439794907156, 16.15835923841392;
  -5.351059530105435, -2.395949199823025, 16.48141672372232;
  -3.270524419599729, 0.4977651154274048, 10.4570177487466;
  -3.229450670767965, 0.7555078656830727, 10.37233601314708;
  -3.275286450912205, 0.3156904002524367, 10.52173613752511;
  -2.753049201318356, 1.315622194234296, 9.04270875050813;
  -2.898475329743183, 1.314390633065036, 9.521226073769983;
  -3.161884854046464, 0.2899289922666147, 10.49591667584809;
  -3.059590527833831, 1.292494033953699, 10.27955222595927;
  -2.798429483171452, 1.306277243126242, 9.624427995891198;
  -2.960775945565237, 0.8034684809727201, 10.1908533704073;
  -5.560606894883716, -4.269013815459646, 18.35403050711082;
  -5.247003199719407, -3.845913267569786, 17.38763617438096;
  -2.974041208871381, 0.7575900890237105, 10.30051717594604;
  -2.921528279310083, 0.7234516811050582, 10.29537359201979;
  -5.364383477210783, -3.261259771642095, 18.32963442639991;
  -2.849104942703246, 0.80267605496321, 10.23808005860408;
  -5.422441833851154, -1.104983538907594, 18.64638269696726;
  -2.765018032054956, 1.316629091292602, 10.00646656444826;
  -2.917313923198005, 1.270962697986761, 10.52669418196672;
  -5.38781741143919, -2.360631384535726, 19.03336206079561;
  -5.491771797415503, -3.199630608444594, 19.42096316989031;
  -2.704634906860242, 0.7599404949054472, 10.06550938979024;
  -5.583577562530355, -3.18446793633465, 19.91488814268275;
  -5.602106864473818, -2.448097276091368, 20.26056520212919;
  -5.647690382567041, -3.448089513441272, 20.56165705692777;
  -2.656431046111175, 0.7739377678410577, 10.29038453490446;
  -2.588067592867997, 0.7894359171579816, 10.38895714045218;
  -5.70439937822062, -1.353650025654666, 21.76793560416942;
  -2.603106106874669, 0.8685274376417866, 10.47655271589115;
  -5.478841551074346, -1.08026212792463, 21.0338825447004;
  -5.472658593972693, -0.6878139972639551, 21.05547080355091;
  -5.491698470892046, -0.2976618109777364, 21.22176500636808;
  -5.484155627623115, -0.01968357356663446, 21.20005968660702;
  -5.748597668026453, -2.837656979740405, 22.32235673809646;
  -5.476970595919829, -0.9628760385042657, 21.26926468160129;
  -5.34966139488497, -0.2683163341957064, 21.0408309175513;
  -5.38673951178814, -0.09239314612423169, 21.29056711185021;
  -5.374510322847673, -1.323756946720609, 21.32280404741408;
  -5.39774112696442, -1.360003732687391, 21.43212702729318;
  -5.306874243086262, -0.840365902271377, 21.33300696878482;
  -5.243606115423657, -3.775457053719681, 21.22814229444657;
  -5.381477870802678, -1.475823417517786, 22.02356962842139;
  -5.080913101030989, -3.743625788141971, 20.91966662435448;
  -6.62399394377527, -0.6568223706363658, 26.90177497436324;
  -5.428991092721582, -2.827120212729173, 22.4175103072172;
  -4.935985155045008, 0.006234838233437181, 20.72309438435778;
  -8.637794444303971, -7.22114869124672, 35.5599862089254;
  -2.31221936760196, 0.5322045718387602, 10.42213344204321;
  -5.079569917854992, 0.1110612787844886, 21.79394079220554;
  -6.606537236639881, -0.9867698416558187, 28.20269755967698;
  -2.270148713127447, 0.7051189565149737, 10.37224065643785;
