m=[-9.245936748276423, -0.008092604077454267, 12.22778953390253;
  -9.214266945201191, 0.1065320707653835, 12.21619156681364;
  -8.811878405694381, -1.182518866482566, 11.74923987437839;
  -9.010851703693792, -1.976438856262532, 12.12380193420399;
  -9.115915251224237, 0.0542263622773041, 12.26371913722456;
  -8.551229280486666, 2.466533574381362, 11.89208350061983;
  -8.91342243420296, 2.481223190411889, 12.44879084844323;
  -10.02326344898598, -0.5545038263789539, 14.42005628782037;
  -9.213298416248366, 1.929284578622848, 13.52008970620129;
  -9.53674098201423, -0.6888475661178086, 14.20917418152001;
  -9.68285444923626, -2.118986553264444, 14.5118319677537;
  -9.457504754283677, -0.7576965969266891, 14.18988495206086;
  -9.337858786039133, 2.193678246943532, 14.03406453709919;
  -9.443856848000166, -1.930950894815729, 14.31252044006324;
  -9.372673809220668, 0.04506997475707086, 14.42971475559602;
  -9.289366966176473, 0.02698010268130133, 14.52007373316097;
  -9.282522954165035, -2.445878843327576, 14.9782092745373;
  -9.84455737641977, -1.543319759727624, 16.32546562179908;
  -9.464545313792931, -1.778252743032103, 15.78851378947255;
  -8.908738618407293, -2.5335907655421, 14.96960193570797;
  -8.832409975998266, -2.428589940404534, 15.14168876503852;
  -9.375373534225165, -0.4600620770388159, 16.12254809335506;
  -9.308185701202616, -0.3345105508742956, 16.02625074129698;
  -9.353070470937832, -1.679858330137838, 16.19455936143412;
  -9.460391195344746, 1.985744179767502, 16.52470551394049;
  -9.588521478076892, 2.235635799980859, 16.75562160324461;
  -9.737441708660654, 1.745480516582045, 17.16088242953143;
  -9.631764913005791, 1.322887545149325, 17.03341892049207;
  -9.414198557979026, 2.318650731857235, 16.68433875620553;
  -9.630200294003315, 2.119100308222101, 17.20957096535245;
  -9.937615149655681, 2.076383482728148, 17.74370271288996;
  -9.354959645043406, -2.003561288292279, 16.86524448883481;
  -10.10594743925164, 1.837692068645453, 18.1105718553689;
  -9.972721281572268, -0.01483304593327247, 17.92665287304152;
  -10.06722256798764, 1.962264485253329, 18.15488703331253;
  -9.440474348789003, 2.175654282758959, 17.2300291289825;
  -9.704258699096318, 2.283281209824498, 18.23701684371502;
  -9.443765444259929, 2.366558052853082, 18.15614620290946;
  -9.679847758965304, -0.8437245046661454, 19.00399516428971;
  -9.49685506881247, 1.828857060890493, 18.67705343192888;
  -9.72079157331202, -1.055402882309291, 19.21296125705618;
  -9.769021019883793, -1.20753560131288, 19.38347928656653;
  -9.64965772343723, -1.726343230570577, 19.29654656489869;
  -9.861542960008277, -1.586119218860765, 19.73199885752926;
  -9.487271072829813, 1.826289384449283, 19.0069448850717;
  -9.410650975749549, -0.8502728726316859, 18.9246668759718;
  -9.586450706095711, -0.5627918303052354, 19.27224536293099;
  -9.576233401270297, 1.177498533170864, 19.24079953157607;
  -9.554056422435064, -1.120416660484066, 19.39964438949414;
  -9.487976683580614, 1.936789794283531, 19.28664593339384;
  -9.617544260354856, -0.798795674392372, 19.73668774960559;
  -9.6381219597382, -1.680054893100784, 19.9243967520968;
  -9.607451571407298, -0.3017969413282042, 19.98481947027227;
  -8.079297282036965, 2.678965642088822, 17.27720173579309;
  -9.444895110510412, -1.204756565132417, 20.19303288238758;
  -9.729744996351343, -1.715762513797844, 20.81602033823008;
  -9.731627556871578, 1.8241255437713, 20.840535998425;
  -5.559772791362609, 2.543387203138332, 12.34861804366791;
  -9.765026990845716, -0.8938947645639096, 21.01279700439673;
  -9.592055000894357, 1.139904438962659, 20.65366190891225;
  -5.377318637650016, 2.559577848447884, 12.00700230952907;
  -9.741966929070465, 1.957991837751768, 21.1421330507627;
  -8.871461194307718, 2.175457949569675, 19.37751064629152;
  -9.782675018448083, -0.8088548199239029, 21.42423596564129;
  -9.748031556495954, -4.57367883500306, 21.46515306693502;
  -9.782827595517579, 2.209265701708316, 21.52961164829737;
  -9.766268416421777, -1.688093021565071, 21.58084031747126;
  -10.47151382214035, -5.277032318091901, 23.17713011580392;
  -9.853608279807235, 2.341431266096504, 22.2045934247696;
  -9.744940764614171, 0.6737937203461889, 22.12951343604312;
  -9.752100513153089, -0.2610073530038111, 22.18620331373901;
  -10.02577066981053, 0.5712538112601525, 22.79423391524833;
  -9.995466344908973, 1.76500296161014, 22.76611618230788;
  -9.876980962044787, 1.917524372626621, 22.52073566210102;
  -9.754269739054942, -1.468953462310852, 22.34063803477282;
  -9.992336434827152, -0.7677463130275951, 23.04612482006816;
  -9.876228427845369, -2.129568237582187, 23.07174120512678;
  -9.768360323127704, 1.992739276245652, 22.87139747960234;
  -9.993186284176408, 0.8101820889118311, 23.41079569354876;
  -10.07718700532197, 2.315220634637668, 23.97725360606407;
  -10.02096058757893, -1.756576282214274, 24.11374904006536;
  -5.402014130881174, 2.566813566579478, 13.45394733917519;
  -5.440179599360817, 2.542845716932356, 13.56627425139138;
  -5.293913171507559, 2.628589962692141, 13.25717080334048;
  -9.783652374798431, 2.312089776650051, 23.73939869907397;
  -9.924427066177376, -0.527053407100172, 24.1707996082041;
  -9.823258708077486, -1.858866308317989, 24.52731929395542;
  -9.967761537441703, -0.241575827973841, 25.02273701023609;
  -5.69715016334668, 2.536572021719964, 14.6929709027687;
  -9.846166492459645, -1.660060441417877, 24.93136397463817;
  -10.07337018155378, -2.363758066403509, 25.55121947742833;
  -5.545235413183296, 2.699327826950634, 14.53412460197352;
  -5.615963292217947, 2.600084968065646, 14.79025378570736;
  -10.27712841452525, -2.299782149553724, 26.37360462759897;
  -10.08353992325463, -2.626481739974057, 25.94962367226329;
  -10.19775790546955, -5.61861842089694, 26.3071285168909;
  -10.50214630857217, -5.36569510326483, 27.13064877029828;
  -10.33121849224174, 2.356107439190353, 26.74553296399323;
  -10.3194561179008, -2.035740231144292, 26.84470989435081;
  -10.54122798047435, -5.562836490755735, 27.50456196019885;
  -10.12718035102434, 1.849561260079724, 26.40205131492156;
  -10.1218582507449, 1.755855812674849, 26.4231613634316;
  -5.616553690989188, 2.56334905290639, 15.15954745200413;
  -9.910150996525605, 1.969175666865364, 26.24688851520877;
  -5.417782943475277, 2.595499572733594, 15.01582496416318;
  -10.36300199370822, 0.01504943750076766, 28.09340521963433;
  -10.4007536177061, 1.944859646733008, 28.19254168211425;
  -10.49918289628823, 1.706782661531267, 29.7957048933378;
  -7.92642146888078, 2.42684805026125, 22.95561161156727;
  -11.07287774527207, -6.733696424720204, 32.17805905051383;
  -10.48852521417215, 2.22998070571229, 30.41642445086337;
  -5.880836119223495, 2.495642564349724, 17.49058870334609;
  -10.09492893344622, 1.346646526957099, 29.39031847375561;
  -10.8118883207947, -6.863528677333587, 31.5631513275682;
  -10.53986509683533, -2.377709852608111, 31.0133779119459;
  -10.60437665071062, -6.679530363863171, 31.31853834795746;
  -10.32873118531608, -6.245464549450297, 30.53316209977657;
  -10.67136553408345, -4.812486371000964, 31.65742120754028;
  -9.919592036779237, 1.536165460638905, 29.53342512686663;
  -10.69792688108631, -2.265888069277001, 31.84937087980665;
  -10.79601788792239, -6.42711489009976, 32.27995806390444;
  -6.889954219841806, 1.791225163569381, 20.92681532666839;
  -10.82903916638648, -2.084750672423219, 32.50045269569609;
  -10.71064353260562, 1.783004704692272, 32.36326247233216;
  -6.716806098174568, 1.529350336254636, 20.79539631649401;
  -10.84583519720242, -6.931170338475917, 33.42735495261642;
  -5.734557815257155, 2.499304940933691, 18.02854766850306;
  -6.194015507570803, 2.609919785068188, 19.3760367587646;
  -11.14002687092164, -2.494565484235087, 34.38444151387944;
  -6.534646262933888, 1.612388223662849, 20.60204974870076;
  -6.682244917147336, 2.23926309157654, 21.15692603416946;
  -6.541195263460226, 0.5895355713161699, 20.88477754181409;
