m=[-4.762510094200781, -0.8652491532715149, 7.329904882427822;
  -4.439320128964343, -1.180506884878606, 6.995110852867093;
  -4.650933939607739, -1.05582532589036, 7.29531189295479;
  -4.719907808802768, -0.2043165043426111, 7.503489772543324;
  -4.739811585116059, -0.1446789199262149, 7.541757156843192;
  -4.749130208982251, 1.012908354576012, 7.69333884837509;
  -4.826628333441481, 1.140382004477924, 7.830065779473364;
  -5.082661651628169, -0.09737877196389769, 8.467108260744054;
  -5.067429235591805, 0.0198583861965301, 8.476464614194414;
  -4.989368137576217, -0.1278961044289672, 8.454518026017043;
  -4.841691921345829, 1.152339372332432, 8.48566947725374;
  -4.750514778759992, 1.201870659860425, 8.514463310492792;
  -4.856837253719175, -0.3934888577585937, 8.891108914855805;
  -4.836294167775865, 0.9598462402233168, 8.886086134563737;
  -4.789851722322185, 0.9370180558543351, 8.963679499233598;
  -4.939765756667002, -0.7609385263318084, 9.228881980229421;
  -4.809303297535364, -0.4052869951830352, 9.014119039976082;
  -4.833010061695831, 0.605872995718264, 9.069445865924555;
  -4.832607307319004, -0.5457238392893974, 9.151096874096146;
  -4.84351919556913, -0.3763485411054272, 9.2836202959916;
  -4.767303459057255, 1.188188743152628, 9.246697900398171;
  -4.84959596157652, -0.1197575869997706, 9.43203349881499;
  -4.856618311914776, -0.4043016223518763, 9.499425809614261;
  -4.7856118975244, 1.187702957735397, 9.602896613166156;
  -4.963464146677227, -0.6127580320630116, 9.918314628337486;
  -4.908490896449708, -0.8319436876872448, 9.82518882007381;
  -4.867989183589017, 0.92416092213923, 9.777162825066318;
  -4.83050782398582, -0.414192122336571, 9.734409261294669;
  -4.983787596630317, -0.2711403960650972, 10.02933429728697;
  -4.934367675380265, 1.004165081044101, 10.05094588151804;
  -4.873849900979201, -0.3733585710298553, 10.00440019767428;
  -4.943530913532719, 1.181737515016361, 10.47705280713153;
  -4.946987995638583, 1.149402072911197, 10.52103302066101;
  -4.912618149596816, 1.094299852400917, 10.47750252883247;
  -4.942160772580859, 0.9718560748261135, 10.60296628027716;
  -5.173625815303875, 0.9267629168883126, 11.09117858217865;
  -5.092155629244959, 0.4260894712419681, 11.22886920384381;
  -5.091494193452774, -2.307051353200605, 11.21561559445354;
  -5.225291649375062, 1.07658579518214, 11.51613401906977;
  -5.142957305452594, 0.5467125369864275, 11.42662326957497;
  -5.023856278744747, 1.159193819753248, 11.27262799338238;
  -4.919168412295582, -0.8176862084682738, 11.13580957915791;
  -4.991122258770556, -0.241672017424785, 11.44359999553142;
  -5.048811607693052, -0.09691364782646912, 11.94782439561597;
  -5.089288491797972, -0.8166097065327024, 12.1324227598822;
  -5.057957044452942, -1.145026843472526, 12.08473449798904;
  -4.886125990319247, -1.232148375904693, 11.84776574765361;
  -5.123935572308234, -1.10639956132574, 12.40033677547187;
  -5.067163404242046, -2.274177154400484, 12.35628077734945;
  -5.231929054044785, -2.602658448338938, 12.73462632686842;
  -5.182459536058523, -0.9834446036252642, 12.72206008379694;
  -5.04421681789626, 0.9319798243448018, 12.43666533398361;
  -5.195364692456709, -2.67774011116831, 12.78265955190675;
  4.814236200603794, 2.323317161518892, -10.08226223298669;
  -4.976656603574382, 0.9919697403122673, 12.45573833960876;
  -5.074392200086623, 0.8939077355745253, 12.78227103793757;
  -5.288226788269854, 1.055188398842974, 13.40626115161026;
  -5.152366221477632, 0.9672822498574437, 13.22876325010691;
  -5.276771794498497, 0.02739210620447387, 13.53188372054144;
  -2.984924396273595, 1.259788702084651, 8.224181686159602;
  -2.990525195639632, 1.243444208237488, 8.300079378789803;
  -3.914473508794197, 1.289357918673857, 10.61886745015405;
  -5.222068439750596, 0.8536173111918711, 14.05316047498372;
  -4.911341384344173, 1.04331915287175, 13.51457923820777;
  -5.357439254932556, -3.180120185903885, 14.73014955495026;
  -3.138705162597128, 1.288350054317922, 9.087997723900463;
  -5.307501191728337, -3.297918875421921, 14.65996637287791;
  -5.148088070759123, -1.122555924028344, 14.33874064058011;
  -5.238383834769512, -3.213365003387657, 14.6124951443033;
  -5.169791588786215, -0.002216531264863043, 14.46500750233407;
  -5.413552349779828, -3.193386395762057, 15.11158845640957;
  -5.125139410484318, -1.048678857143099, 14.45375652888351;
  -3.426745078599301, 0.7322988825563135, 10.02232397071347;
  -3.309932563921061, 0.816051609110566, 9.73579860391995;
  -5.29756564813603, -3.067090152485748, 14.97153722977554;
  -5.27261424047007, -0.9778023412152918, 14.9990281528178;
  -3.293218667807041, 0.505534792525514, 9.818333398411866;
  -5.478166137892125, -3.210389322895988, 15.72519778283865;
  -3.321891314265819, 0.325493341912336, 9.936464572912275;
  -3.274349826709636, 0.6815525515446346, 9.840521014340517;
  -5.444092372855372, -3.322391683125689, 15.70878655277304;
  -2.929931466711055, 1.320448730284394, 8.94549142848882;
  -5.357466678490319, -2.332598112532086, 15.65014884670967;
  -5.393634720006789, -0.9218750387542559, 15.77021204917505;
  -5.29416186050545, -1.083501245617519, 15.69542493458202;
  -2.822562415124464, 1.304678213380267, 9.024998725096951;
  -3.009901591595668, 0.7606565576445715, 9.701036782210862;
  -5.250838317229495, -3.744280138053058, 16.47723718289422;
  -2.898017580662916, 0.7636456207157802, 9.743620827184811;
  -5.57588730074661, -3.294869539798803, 18.08348777870288;
  -5.481560861291883, -1.075605606259763, 17.92023576345187;
  -5.410194482755421, -3.283301759490554, 18.09167256854789;
  -5.509599022748703, -2.344550195125166, 18.47575148407986;
  -5.640896688866416, -3.190323604577067, 18.92487594107428;
  -5.73990761464595, -3.182929049841816, 19.44752654985381;
  -2.68862470961189, 0.5285943079820716, 9.652689916944823;
  -2.695243253913856, 0.7773685609759125, 9.69669629916976;
  -5.706797778044813, -3.454701667961796, 19.48521655721797;
  -5.6522471798508, -2.399092730208889, 19.45046376428348;
  -5.517110883998177, -3.270927690816008, 19.08056985628675;
  -2.618474890913356, 0.789600909608418, 9.760031535669137;
  -6.098376115905994, -1.314353225575832, 21.96750678452666;
  -5.467724404172042, -0.5212363177916776, 19.89868875699746;
  -5.667260544371008, -1.080080518003804, 20.70940001525837;
  -5.677440133834925, -0.6891509362994818, 20.79757521050007;
  -5.665611079535202, -0.2917943076613095, 20.85865136604242;
  -5.693533191245526, -0.003721318206781962, 20.96565756172599;
  -5.938890569446619, -2.812220454210983, 21.86868420383281;
  -5.55231697877898, -0.9458753747827766, 20.52564150089263;
  -5.533818674901379, 0.1806911253312718, 20.51577922218192;
  -5.534077111365208, -0.2633913806834584, 20.71835697152136;
  -5.495861831981895, -0.08736269189561174, 20.69916531731762;
  -5.56419678948957, -1.331663671420515, 20.98884748168742;
  -5.674313349777563, -3.853233617391978, 21.27328256690193;
  -5.435556393179442, -0.830398516412982, 20.79000344154622;
  -9.479523002964033, -7.816120308174836, 35.65259421997764;
  -5.488670461348316, -1.017980700742998, 21.1788181319071;
  -5.540412733207472, -1.567980934457668, 21.48801454821996;
  -5.376257305289858, -1.42157302431851, 20.92237133523799;
  -5.417343688195749, -3.866986260246533, 21.10226863043542;
  -5.396940381116129, -1.266021369167369, 21.06792594359773;
  -5.29729481532586, -2.658099165147405, 20.7730752891115;
  -2.264586112254378, 0.5158990774352145, 9.456262218518463;
  -5.334385517747151, 0.01839622656378628, 20.9815444013644;
  -5.275753710549237, -1.057380715452299, 20.75634373446627;
  -4.899405241340614, 0.01847922306960039, 19.56433361302377;
  -2.290386507272738, 0.6977777452706118, 9.689592918541392;
  -2.297166789891135, 0.8510586606108455, 9.774002573053528;
  -2.32428144522167, 0.7780447103089418, 9.957297149389138;
  -10.03328506338752, -8.190140908207859, 39.57620811043699;
  -5.762617863216402, -0.2674077519376503, 23.4224892653212;
