m=[-9.446683231104386, -2.415208167388095, 12.90505271237414;
  -9.535477266907995, -1.740988739613902, 13.58437938062372;
  -9.152314368032869, -2.340548434166902, 13.08989527812673;
  -9.497804570288329, 2.449064630329666, 13.91627594855777;
  -9.497061203133118, -0.3538707137739686, 13.94586910831274;
  -9.49363539299082, -0.4214321670793819, 13.98576696302249;
  -9.631111252509427, -0.2992992768870851, 14.19541030976109;
  -9.553449876623219, -0.3588807716193181, 14.13978816925848;
  -9.55716546461124, -1.63708766649478, 14.18369287129017;
  -9.478780894037255, 2.001450147510175, 14.25792339297346;
  -9.753276220639807, 2.27617274263479, 14.69590732848712;
  -9.467196682139456, 1.848865285484061, 14.43928750025193;
  -9.432756617400518, 2.325090684853956, 14.39996560293516;
  -10.57452080409983, -0.4820253902925086, 16.17266744727558;
  -9.291568075368248, 2.478596944489728, 14.5111902186569;
  -10.15348221965703, 1.844185385335622, 15.85101039365781;
  -10.11033727799265, 0.03668316697534977, 15.80497120876354;
  -10.1300323794676, 1.974845455191225, 15.91693513107797;
  -10.07095985145993, -0.2749659998356954, 15.93409447853722;
  -9.998671710427422, 2.11779725422103, 15.90391101432395;
  -9.938688131967668, 2.33779305161793, 16.24647212950688;
  -9.643686790846823, 2.410165217258236, 16.13332336188456;
  -9.807385136368758, -0.8097799064642188, 16.8119679272271;
  -9.759563953563029, 1.918486322610536, 16.79084174869951;
  -9.411714623350214, 2.478156020493809, 16.28466479701138;
  -9.653225098928559, 1.869802095794386, 16.92422409097588;
  -10.03742601760788, -1.551728773105258, 17.59148735454086;
  -9.642748924167458, -0.8218316066385437, 16.94291998285673;
  -9.673878572368286, 1.185053610742247, 17.02111413097629;
  -10.09052322594958, -2.210620598142637, 17.86824966493339;
  -9.694114671179449, -1.101273966064343, 17.221328953491;
  -9.801129270389472, -0.7718909105142965, 17.63030433562057;
  -9.78380284023439, -0.2573537713318274, 17.87481057142462;
  -9.799529536863451, 0.1309897247297599, 17.91415473883183;
  -9.822226395886679, -0.8267802349256651, 18.05240875748833;
  -9.963297449310234, -0.826257089465998, 18.44450988614331;
  -10.24840192006908, -1.27056193718556, 19.26754912652575;
  -9.947295091794709, -1.690010921750824, 18.7416768249074;
  -9.861552515940835, 1.846527353834427, 18.63362062144402;
  -9.809680952332116, -0.8525359332229451, 18.59406528153178;
  -10.16745055754314, -1.19559743640747, 19.25113741922424;
  -10.13585919129651, -0.5548826699705304, 19.21360319333065;
  -9.93729821808663, -1.100316552427112, 19.05280107506633;
  -9.927166075851993, 1.992788935190119, 19.05608706909986;
  -9.876933551235704, -0.7739733720054334, 19.09833589387653;
  -9.966294167569613, 2.344934911040987, 19.9379775326969;
  -10.9312211674882, -0.5823591428028559, 21.80152055147675;
  -10.05063405415698, 2.301376260533231, 20.17555771924596;
  -9.848649598344464, 2.158000454921877, 19.83315123338987;
  -10.52715205555113, -0.3471234500616823, 21.226355330417;
  -9.972514827070011, 1.935971841051875, 20.21272814319752;
  -10.3856732600142, 0.72589801810723, 21.0200329116466;
  -10.23321509924608, 1.778383086716244, 20.77569473309639;
  -5.864722848454707, 2.59423179053943, 12.36994548697922;
  -10.49292806180262, 2.18166844983627, 21.56858347924493;
  -10.8595501211631, -0.8177566893975764, 22.32282697890074;
  -10.28581790285314, 0.2015897618317674, 21.26339957681528;
  -10.18981471351422, 0.8315904049201496, 21.29006106740579;
  -10.76484396032267, 2.175372327465918, 22.46894633414238;
  -5.862882088197586, 2.576262497732723, 12.74749703921086;
  -10.81996887781459, 1.118358041848783, 22.74313578216757;
  -10.18894764259642, 2.310866373115281, 21.64473019988012;
  -9.933818032008304, -1.639227270171386, 21.28393676717044;
  -10.16843068041056, -1.938301619048287, 22.03435260409608;
  -10.12965596554924, -0.5052445444896365, 22.00834143554369;
  -5.564734056829777, 2.641084654969458, 12.68292164708608;
  -10.16607958547905, -0.5131929234083511, 22.36404172239142;
  -5.715033515859218, 2.572949970236957, 13.06982010758648;
  -9.986867841641789, 2.271759946006551, 22.22752241340799;
  -10.58241143597255, -2.004882264565082, 23.52780830293138;
  -10.28080814786024, -1.658374614675117, 23.28724135225724;
  -10.30152640870073, -2.334949905849037, 23.37546062959954;
  -10.10387088812627, -2.547663871539975, 23.23119622007491;
  -10.58727671555753, -2.29085923672157, 24.34525822695167;
  -10.80758105435539, -5.094285735005397, 24.93592536832306;
  -10.62201317900771, -5.692294002424313, 24.53057150378889;
  -10.3095445102518, -4.614379525383942, 23.90123068537605;
  -10.70385726325855, -5.302692060435214, 24.79314479720856;
  -10.09537634449896, -2.364930863325014, 23.61237863382629;
  -10.5390401476017, -2.001508934222123, 24.62009857693436;
  -10.38061130746554, 1.853427234347179, 24.29867063546358;
  -10.78939430260084, -5.542337006619109, 25.25406885468254;
  -10.84774814509275, -5.121149090034197, 25.50145089116313;
  -9.987998583313857, 1.949419442990773, 23.76628820016466;
  -10.3332592927543, 1.787421743124732, 24.76343156635393;
  -10.69713036648716, -2.190707809075564, 25.97591125353852;
  -10.558119837275, 1.95272620852139, 25.81877750919099;
  -10.80517613952277, -4.801086231123346, 26.45926318552012;
  -5.919874076259957, 2.465138894648697, 15.17642338029404;
  -10.95418107626302, 2.177267455596237, 27.59328728656991;
  -7.796788024899278, 2.533566197243385, 19.96421011436573;
  -5.888923540071921, 2.546512778750605, 15.33381772335203;
  -8.293689750818746, 2.486228317768164, 21.30650950527902;
  -4.173057006416872, 2.617277099189219, 11.24101741908851;
  -10.96166535392838, 1.754333338974549, 28.12406649567168;
  -7.324513685285671, 2.548963901178088, 19.32172660985736;
  -9.68837991149333, 2.013372439457845, 25.42627620078979;
  -10.70811785055411, 1.411390338288337, 28.20626960777258;
  -10.9960606782817, -6.513858405727799, 28.92617636294961;
  -5.830721341186928, 2.488426056105793, 15.82626101305215;
  -7.209977115497591, 1.940454568173479, 19.34354268887691;
  -5.919369045119318, 2.468395373030778, 16.0332131521111;
  -6.347531009770842, 2.568449059056511, 17.17878981923682;
  -10.57014147416562, -2.314857226596419, 28.11571385285747;
  -10.89388491654733, -0.487518162927739, 28.98337759279212;
  -10.88225163063848, -6.646800380715376, 29.00803025762675;
  -10.53221911005922, -0.03327699594997412, 28.14915385767417;
  -10.55233500745077, -6.164563143545505, 28.20339703365629;
  -10.32425546583439, -2.120560761824393, 27.82757318856993;
  -6.959374061635947, 1.457508943014715, 19.12581689362105;
  -6.686472779032797, 1.617218000597988, 18.45479251157794;
  -11.01769825933612, -6.374463722747656, 29.79905990485474;
  -10.78319187343404, -2.006693755854136, 29.33778135608455;
  -7.011740776087184, 2.313937019826671, 19.53496858906971;
  -6.645164346028529, 0.9954923787901441, 18.60057948757583;
  -11.21160181745733, -6.543988241676791, 30.84058188756267;
  -6.598542642201895, 0.6386269671225245, 18.5656379791816;
  -11.19635886259033, -6.314340493757213, 30.85019855544329;
  -6.572217571453495, 1.356785498712226, 18.55901351753112;
  -11.44081123446587, -6.948569956196654, 31.60398240225508;
  -5.940916138736614, 2.643074463074254, 16.93308936704824;
  -11.28206728347406, -4.896951727135138, 31.53951470928812;
  -11.31811287447602, -1.925778966629677, 31.66496033781828;
  -10.91624433803828, -2.242466642879088, 30.98152230367726;
  -6.237207064664204, 2.585694120074825, 18.33156579206576;
  -5.803491768568513, 2.641060700510332, 17.30459944109546;
  -10.96784737366298, -1.644192828270797, 31.90028842016677;
  -6.047315244581387, 1.584571903790595, 18.13062346227851;
  -6.361868090930066, 0.4488211296385194, 19.01427654157818;
  -6.091916956116017, 1.508970366073878, 18.40462046703885;
  -6.036058214823648, 1.427621447301957, 18.3061915038557;
  -10.30503668786053, 0.2057945976550137, 30.63373405165542;
