m=[-5.020607605520133, -0.1589840549371924, 7.437270853685385;
  -4.816482351292339, 1.178411002024681, 7.54593047288188;
  -4.838806991591552, -0.4050452978679461, 8.201499476287564;
  -4.868388388731264, 0.04813460409202894, 8.393232722057952;
  -4.898533250662729, -0.431908735198885, 8.566813546615187;
  -16.1988562994693, -2.041396916933958, 26.2685108025814;
  -4.899697011887296, 0.8902458825843542, 8.745628779868284;
  -4.958869069983496, -0.5780220488081403, 8.998641400256091;
  -4.972457890393073, 0.9669842739647412, 9.026087040031852;
  -4.914834244243204, -0.4092591421557619, 8.994593687939407;
  -4.976260057149814, 1.138885708138566, 9.435184023253878;
  -4.969439048159601, 1.106633762727939, 9.460606756114521;
  -4.917693198890161, 1.050076435158701, 9.385683158164659;
  -5.228582035026861, -0.2036627312006678, 10.03007989689769;
  -5.197083520230523, -0.09928738368634911, 9.984402358044235;
  -5.22009328032302, 0.8776311228224482, 10.06791911835772;
  -5.196198510095944, 1.048975870182004, 10.16339494794297;
  -4.928890278073999, 0.9597953315314448, 9.80513236315085;
  -5.035633163898927, 0.4907215100311801, 10.09835922382142;
  -5.089781560950851, 1.123231908964661, 10.28973379010964;
  -4.999488418804336, -0.2791681324957875, 10.35171560002751;
  -2.897184638504677, 1.334247275320698, 6.477033495197389;
  -5.025856775544664, 1.111010513256498, 10.65747101867172;
  -5.118698429039156, -0.8518350861767461, 11.07869880876512;
  -5.118066540137193, -1.188031596251182, 11.10052903272088;
  -4.997620971020914, -1.107402526808756, 11.00199250866779;
  -2.738252935655285, 1.297742699005764, 6.478063338684953;
  -5.120981593182385, -1.134737505888293, 11.27356425225439;
  -5.110103208297936, -2.319533753595067, 11.34187426437879;
  -5.273793437386449, -2.64322282193497, 11.71070742220319;
  -5.176561079480031, -1.009625986850515, 11.58176897840438;
  -5.224830063443826, -2.504536251345384, 11.79432422707634;
  -3.050513661121154, 1.251737223752486, 7.294391082475448;
  -5.105675395644492, 0.9629456642896593, 11.60895062475945;
  -5.104293061632901, 0.8507717659335449, 11.70953257149501;
  -5.226550364940392, 0.9822206814636751, 12.1059658312994;
  -5.188628652521227, 0.9221591787607731, 12.16306863283576;
  -5.215141143527615, -0.01883118757538116, 12.23831009300638;
  -5.246765535722355, -2.363443797086411, 12.3473243472479;
  -3.834199785024596, 1.219770460052794, 9.304169628106026;
  -3.592535228856505, 1.226587244419929, 8.966878866462603;
  -5.094706676120273, 0.9769981325779108, 12.33257297756618;
  -5.247678225081797, 0.6918088181950428, 12.99262632138804;
  -3.328885833888065, 0.4758266892436801, 8.801717892961523;
  -5.279925856605169, -1.18984739530311, 13.51812345769784;
  -5.376926098421349, -0.2788007006937228, 13.77809898189281;
  -3.33034253876057, 0.4718065354506236, 8.930592387878482;
  -5.364650108193988, -1.135972405341905, 13.91230551577712;
  -5.296337753587327, -1.017226773650731, 13.88746919898764;
  -5.383251629845229, -3.178415696371744, 14.30987060828602;
  -3.113689473789843, 0.7866746318877192, 8.798432865611076;
  -3.20080935082785, 0.1264685474440522, 9.039364674381361;
  -5.473584126701421, -0.972727371770539, 14.79645753435748;
  -3.045637238211582, 0.6986033972405418, 8.715625962781679;
  -5.334174911541232, -1.13487694538222, 14.61860709475826;
  -2.958260652021345, 0.7914044468500554, 8.739364051865849;
  -2.932549353820998, 0.7338257268458123, 8.721427906847067;
  -2.941568657176477, 1.288556873538318, 8.818890974360881;
  -2.745494214303186, 0.5061446804747433, 8.708071706263818;
  -2.741424539110813, 0.755349387149853, 8.71583418340208;
  -5.528774208441015, -1.125528285388052, 16.8223130390374;
  -2.674802658868198, 0.7700163909117304, 8.812062165888213;
  -5.507304616341044, -3.364823502615712, 17.17407899299445;
  -5.528128471926823, -2.384177174552077, 17.29446474183176;
  -5.601925614740287, -3.185485329158841, 17.55694479812546;
  -3.101981276202857, 0.2607634316865457, 10.16021079181083;
  -5.712289194827293, -3.193908455742179, 18.11211966783266;
  -5.69476964266118, -3.468799952707681, 18.19753697809001;
  -5.635362188189446, -2.423011175406761, 18.1335875715344;
  -5.656929192204769, -3.380429279427822, 18.29241285496903;
  -5.347188308175942, -0.03010729252700081, 17.48348999297809;
  -5.503281612970085, -0.357415605455715, 18.62684989060825;
  -5.624663101377316, -0.6058740456906482, 19.12815498385738;
  -5.743399305796689, -1.14670423288169, 19.65488048646436;
  -5.628230504245823, -0.7391769305060576, 19.30552535222594;
  -2.41388319989755, 0.5179761155182249, 8.868958772908908;
  -5.568832734587749, -0.8473466470295613, 19.18515672853925;
  -5.610494907138205, -0.3468265521928769, 19.337901319834;
  -5.613847003124774, -0.06924860678679702, 19.35330644071708;
  -5.639028276871226, -1.003240613839807, 19.50749465920844;
  -2.359485632368528, 0.683912572323695, 8.801974812099667;
  -5.467990666543579, -0.3174654378393864, 19.15390610324876;
  -5.482381657305876, -3.784191669749303, 19.38226813288977;
  -5.560827958820643, -1.377540731935737, 19.65155314111335;
  -5.785529911314378, -4.313666962909896, 20.44267357477691;
  -5.581566617976948, -1.40838927725206, 19.74367478775485;
  -2.332081078494609, 0.8020243952875286, 8.824236950670061;
  -2.365061414125409, 0.7527587331311428, 8.954943080372669;
  -2.318634525880384, 0.6513729390995151, 8.826409816695367;
  -5.292992522499074, -0.8590114213542571, 18.94693881505278;
  -5.395564575260722, -3.786419681415953, 19.42278937146811;
  -5.400286803076772, 0.04773229919213449, 19.48152844336808;
  -5.400829925609623, -1.39687463375933, 19.51780001327369;
  -5.446581514509976, -1.054855544606177, 19.6852142801784;
  -2.308164321119049, 0.8009126163224143, 8.921567299756225;
  -5.444303996721748, -1.68508843300149, 19.70164984082295;
  -2.335224024132534, 0.6009178790485984, 9.046402170425264;
  -5.387884525975005, -1.470059583781078, 19.63473171982534;
  -5.127532506006696, -2.558608181231556, 18.80599396518232;
  -2.362924526475391, 1.079657775920716, 9.19349014857025;
  -5.496053205033287, -3.936947253549687, 20.08922821361487;
  -5.430047656729431, -1.316402398141542, 19.84993232894167;
  -5.315047881994378, -0.9695543351524087, 19.50940299143783;
  -5.235664821428228, -1.091095858205722, 19.270769026198;
  -5.418638674189596, -0.04823318196974545, 19.93395087068582;
  -2.290363655653398, 0.5195568214202998, 9.029259418406456;
  -5.260572123788201, -1.321442035118484, 19.49238425986796;
  -5.538132128046672, -0.07023332503070905, 20.60851259950807;
  -5.169345142274647, -0.08907525642351789, 19.94932244433196;
  -9.400548781346771, -7.720645800882047, 35.62346382056952;
  -2.268539769088604, 1.196452299396154, 9.377522904162584;
  -8.618610732346124, -6.669465002319817, 33.03900926680142;
  -7.985444811616187, -3.774135105701316, 31.15035271901147;
  -2.253930284079496, 0.883277327580779, 9.508374604176863;
  -2.571995793172921, 0.4465896011595166, 10.74500075716451;
  -7.442645986516521, -3.665585936179299, 29.49901810636507;
  -2.531304602612277, 0.5674777738258305, 10.75650258321211;
  -2.231241665191102, 1.099576578448888, 9.583375885006264;
  -2.253221817673215, 1.030613091650085, 9.713522698124242;
  -2.559901422622807, 0.5240111505198917, 10.96581129927244;
  -7.890115859942501, -5.934678740011115, 31.93420611247096;
  -9.964744758520164, -8.787807758036335, 40.11358576403141;
  -9.971942234451536, -8.579890744655671, 40.75489735848318;
  -8.028894182846468, -6.140043469467114, 33.56019918677881;
  -7.169507346770456, -3.752273173040781, 30.27595317148867;
  -2.577724436788629, 1.155669533125423, 11.73600978123325;
  -7.082158042752505, -3.711064426375692, 30.64772367009847;
  -7.806804880308786, -5.595706207843148, 33.85656629432599;
  -8.712187486869249, -8.084829813559971, 38.40608813352242;
  -6.694383337140006, -4.974838443520196, 29.79223431008846;
  -2.494242350016913, 0.8992746564471685, 11.77415812652588;
