m=[-9.469008427023292, 1.206475612379947, 12.42510813028584;
  -9.525035362023548, 2.280264178619361, 12.52308261988067;
  -9.031330258590238, 1.852516947199989, 11.92737638052025;
  -10.27526582334398, 2.068535484108033, 13.85216811995715;
  -10.2839237337858, 1.790559440603235, 14.02240605658704;
  -10.25911812596157, 2.099586757525862, 13.99680177256644;
  -10.23566862445521, 1.917057910387998, 14.06003588228408;
  -10.18300048165735, 2.093159387905347, 14.13145337791288;
  -9.908649608026037, -0.3697707815184431, 13.95935183711445;
  -9.681940188327081, 2.330649368839655, 13.76713900230279;
  -9.771227096769183, 2.228289592316103, 13.99474309614232;
  -9.878349265462335, 2.391488899865331, 14.45776061357416;
  -10.18222456294781, -1.833097715458874, 15.19331794840294;
  -9.908598864046825, -0.8988018583892893, 14.95237540114842;
  -9.807421615100502, 1.875786350031339, 14.86576466109991;
  -10.09125440560036, -1.131892897654321, 15.28087312568421;
  -9.979923919400742, -1.304122670789051, 15.17475871531078;
  -9.506866215141494, 2.410148354193762, 14.49692399567381;
  -9.975817343399475, -1.669257876805272, 15.27219232023225;
  -10.15228539719499, -1.358478277731454, 15.55426355020204;
  -10.20581889786685, -1.174106657313724, 15.66167067340079;
  -9.971269441353709, -1.236511659679143, 15.33295847553267;
  -10.04387359912493, -1.418017834741923, 15.45469886108499;
  -9.83595243025057, 1.841514063714389, 15.20686575979002;
  -10.15598821702159, -1.540543556210914, 15.71546465047683;
  -10.05878069840825, -1.640749393381742, 15.6075550822139;
  -9.924336240886674, 2.055018459952363, 15.63604182588852;
  -9.858861728697997, -0.851695502513822, 15.70538582637359;
  -9.83800614331815, -1.016989884946183, 15.92642128270229;
  -9.955240138360205, 0.06295247513017389, 16.15746287082693;
  -9.710980595257125, 2.300153587939282, 15.8391656110997;
  -10.00743657966321, -0.9115748084856807, 16.49668239080186;
  -9.786241409340903, -1.094917207581192, 16.20547296233398;
  -9.760758874136634, -2.56151517802458, 16.27624492325869;
  -9.853680889729048, 2.42980017168603, 16.45077573588488;
  -9.449497929502108, -2.481052456093808, 15.91097148886627;
  -10.05251675836777, 2.28278684541265, 16.86663345479413;
  -10.07616430808058, 1.80960017610328, 16.97474968494251;
  -10.31443638693882, -1.563811880955817, 17.36913855896563;
  -10.08006425171096, -0.6261387680420022, 17.07852310042672;
  -10.34801560788236, 2.138957218785281, 17.55579591595132;
  -10.27387405189532, -1.232949073376744, 17.61787674653422;
  -10.19870922966477, 1.947696589245165, 17.50659999444918;
  -10.14968599901308, -0.8803032898961464, 17.5548547969375;
  -10.07393132353649, -1.04028679388009, 17.69877425793181;
  -10.30416341692489, 0.4543941436232847, 18.43191689361095;
  -10.39205762985645, 2.349443649254174, 18.67337364370398;
  -10.52717494551179, 2.314678468153724, 18.9836860610626;
  -10.17963552280424, 2.136352336706288, 18.4092441771463;
  -10.18348120045737, 0.3767316634053429, 18.42929571570359;
  -10.63624245678542, 0.1282402533211315, 19.22232762552191;
  -11.06316250682798, -0.8391865518418643, 19.96667446420172;
  -11.06856962615249, -0.4733425612401435, 20.1826943443781;
  -10.96750495125382, -0.2443247057694721, 20.02520643677719;
  -10.92321259558111, -0.227805979197199, 19.97155720813201;
  -10.94129575032792, 1.802046411243433, 20.07274154741108;
  -10.93704084532013, 2.172831108176363, 20.35566758963689;
  -10.94416187662255, -0.3677669427206851, 20.46436695226772;
  -9.873142149053937, 1.888319710055629, 18.68586626574475;
  -10.61759979522329, 2.304596764459907, 20.4453998363639;
  -10.356191520297, 2.3132963935705, 20.32571893511183;
  -5.743807199955143, 2.573731117351857, 11.72106160171864;
  -5.660689391130807, 2.494325797030432, 11.69683491006045;
  -5.651926527190534, 2.469271321910886, 11.9249024359987;
  -10.71006209321695, -1.824806227068229, 22.16721244045848;
  -10.91442105474243, -2.57525373898466, 22.6215991630474;
  -10.95933034072103, -2.355568930936371, 22.7730199065503;
  -10.85060889039638, -1.836170438879935, 22.79984524849568;
  -10.90400177653704, -2.476428409558621, 22.9163238283359;
  -5.353722241287596, 2.521459469332204, 11.7142216658446;
  -10.66906333030213, -0.06177383384129948, 22.56582257229124;
  -11.33268580455314, -0.7183946842859248, 23.9520556368511;
  -10.78723913937008, -4.941910119168318, 22.91107916939096;
  -10.08230213889894, -2.637218426641709, 21.52233231829489;
  -11.42619697657851, -5.775771807870146, 24.29471936595433;
  -11.0633837579763, -2.1966631266431, 23.70643686898391;
  -11.27646434343953, -5.448419272079189, 24.38333667050349;
  -6.03932171627339, 2.457369515791812, 13.47440719144638;
  -10.94511909153605, 2.021914425193444, 23.83951969374127;
  -11.19287973832182, 1.945170401745268, 25.19073254123178;
  -11.5844093422635, -0.09219183054276271, 26.08257637101434;
  -5.804076618250792, 2.551908503700603, 13.52568129359679;
  -7.769068918080722, 2.442597806336938, 17.87284516466953;
  -8.156973554740466, 2.350894285150538, 18.92513774773335;
  -7.421397649964115, 2.503732170734718, 17.49792998961731;
  -10.39230081508456, 1.951332972886624, 24.22236889652085;
  -5.740972210494769, 2.611043506544385, 14.20347432292922;
  -10.29897822337831, 1.213922548754664, 24.98131156502894;
  -6.758053730756335, 0.9346708458471149, 16.87346466405356;
  -6.845581199250538, 0.5963389677188803, 17.19524754339521;
  -12.28927293861046, -0.6887042398191601, 30.37431543434727;
  -6.817456566314393, 0.9351139817108632, 17.27173778513978;
  -12.26746231489057, -0.1742308214340739, 30.4008887790945;
  -11.70282007040317, -5.257780013578342, 29.17121509201672;
  -11.17284107651304, -0.39918898362312, 28.01518200114953;
  -12.19210158082742, -2.64042728570361, 30.5114953848322;
  -13.09548568926739, -2.206160349125601, 32.76998663694423;
  -12.22564125271122, -7.183631391003122, 30.78811664659602;
  -12.03904264152332, -2.365331348619391, 30.45903316224417;
  -5.756524158181309, 2.553868813233831, 15.15700459529111;
  -6.524471389599673, 1.497087828298553, 17.13781227229667;
  -12.38338017482309, -7.377684543293746, 31.80297282869092;
  -12.26600194592195, -7.599896360178263, 31.65726510613548;
  -12.04597678321132, -7.603091213921348, 31.40832627457655;
  -12.32778581402861, -2.275049442309526, 32.24672687216001;
  -6.109891505436416, 1.376160681098207, 16.51043059768149;
  -6.116539300695412, 1.66964373838724, 16.59529933032848;
  -12.5489186652508, -0.2213480771883564, 33.16567304876826;
  -12.54645560130257, -2.729923262624025, 33.2302493534575;
  -7.141417168408841, 0.6246302118710895, 19.59095128958155;
  -5.676661273569166, 2.572927183354126, 15.88910684809534;
  -5.905308492244219, 1.44925510313374, 16.57888198847863;
  -7.24155506975971, 0.6198149430226089, 20.21604080193874;
  -6.948980985785289, 0.4726628624960305, 19.70093767530519;
  -5.503046204272888, 0.9848624867592992, 16.47814940239663;
  -5.477626738143007, 1.483073415013323, 16.44675232225154;
  -14.13162943115853, -2.955417163348941, 41.74861396700035;
  -5.414175094464623, 1.531495690703303, 16.84524688707003;
  -5.346615506245011, 1.660718053765713, 16.66519732140533;
  -13.1363075054426, -8.104335894410877, 39.80977548144178;
  -13.39335367799443, -5.857086139443951, 40.75229618572278;
  -13.78886766269073, -7.919096050182306, 42.01458850092006;
  -5.354397507996939, 1.570745198135431, 16.83198839550909;
  -6.352872461177261, 0.5060869571676734, 19.82592106015863;
  -14.15625080531359, -8.000542720843836, 43.68775059412398;
  -14.01521627600788, -8.624966930921369, 43.5904844980233;
  -13.69440633201205, -5.973774408009485, 42.93964925538679;
  -14.16697329699645, -8.559242300371919, 44.59682829963354;
  -5.314635814467932, 0.6400693315283806, 17.99644836498925;
  -14.6807775324192, -9.091603934627518, 48.77212749180185;
  -5.476918858663327, 0.3445572484929419, 18.74166520431962;
  -4.781515101626177, 1.000073369018377, 16.61795830344412;
