m=[-4.68566027617292, 1.193687206698319, 7.097469621186716;
  -4.877586119625255, -0.6886291468981515, 7.505234300676985;
  -4.791906090424862, 0.8971538364069964, 7.408522272484674;
  -4.887605677097366, -0.7972473294954806, 7.583779497003053;
  -4.796322378642592, -0.4143486652830635, 7.640648137399118;
  -4.828078267285831, 0.03053060225806952, 7.836023466729425;
  -4.869368373428422, -0.4435495051224824, 8.02687310189954;
  -4.86434476388268, 0.8735982137855758, 8.194689191595602;
  -4.817869875999469, -0.4595444649433782, 8.14228379993558;
  -4.937373945469525, -0.5925253317523492, 8.46672298915172;
  -4.90784061835114, 0.937273944933873, 8.424556540162064;
  -4.873066021597004, -0.422651109710201, 8.428434774567753;
  -4.953493648446432, 1.119889304744369, 8.900878058393944;
  -4.945665169453351, 1.08743558815009, 8.918532790229977;
  -5.227013333033185, -0.1164429375981674, 9.543831665178331;
  -5.193235546444716, -0.1083060590927373, 9.495100448112046;
  -5.183243620214296, 0.8536873307832525, 9.50910312087219;
  -5.059673759904901, 0.367095780094851, 9.577385734718678;
  -5.009239377462029, 1.087277452941649, 9.645861957835825;
  -6.353611223695103, -1.657170107627018, 12.17818591591463;
  -4.940377040327277, -0.2979486890542736, 9.876886008484652;
  -2.712155358143392, 1.277352373149269, 5.934336453334344;
  -5.348729541328221, -0.8815916949852312, 10.99614775202302;
  -5.07414582348472, -1.197242889800791, 10.51684668733272;
  -5.114045055021472, -1.099199063126771, 10.62676698486459;
  -4.857588624216861, -1.274585416351358, 10.19190657918896;
  -5.065849165580891, -1.150514558717134, 10.64660867845399;
  -5.084800110371408, -0.8604641218375294, 10.6844377865846;
  -5.001669779701393, -0.02895964794048825, 10.5788848861146;
  -5.002980993911371, -2.291993537955547, 10.62586006980422;
  -5.269386806981745, -0.3340337442392665, 11.13704625272568;
  -5.062193456538781, 0.8574128374609965, 10.86134339768118;
  -5.176672951954148, -1.027841647818642, 11.09248971305009;
  -5.226298989173339, 1.119675112462062, 11.28760312046761;
  -5.031243403266102, 0.9294319713332089, 10.95853093904849;
  -2.867220316600703, 1.260645644288824, 6.681701630009576;
  -3.755679393386753, 1.180786828424427, 8.63998981009477;
  -5.124428241807772, 0.8905559940668616, 11.53305532481927;
  -3.619766203190979, 1.221188450063896, 8.534567016837437;
  -4.138891996111715, 0.777148060562911, 9.64692713736267;
  -2.816972331745126, 1.281183229117985, 6.969341204822819;
  -3.229141757664121, 0.256939625014034, 8.382775618147496;
  -5.297636701414099, -2.380093703938708, 13.20523589755479;
  -4.950234709883367, -0.1768645189707604, 12.4123958620802;
  -3.14512881431999, 0.7216728812475369, 8.261301793418427;
  -5.251411643755419, -1.137291261946034, 13.14198549528682;
  -3.009538509751878, 0.7122053916866677, 8.103680003079452;
  -3.004951153787808, 0.6768198130497075, 8.120117587995168;
  -2.955980296580724, 0.6832601901239512, 8.094665228762141;
  -5.467477460542541, -2.437601689269108, 14.28665818202708;
  -5.427299383799576, -1.001588981397548, 14.19659974004972;
  -3.304113211481115, 0.2889971117306055, 9.064128233221791;
  -2.878938791620795, 0.7566600449983598, 8.038669177980292;
  -2.881312312670167, 0.7071191248253294, 8.089151797310306;
  -3.241330987390943, 0.2774301047100644, 9.048730398712275;
  -2.960363339636303, 1.217233949602244, 8.351079924125438;
  -2.710913780355059, 0.4851635236203336, 8.11747541843669;
  -2.678880864735145, 0.7253099165759311, 8.043426868851334;
  -2.841553512176207, 0.7166509634013802, 8.482321084300706;
  -5.483723768925553, -3.529524389538561, 15.8326471624377;
  -2.615999768709136, 0.7399820476354669, 8.139219953465698;
  -2.585949560195968, 0.758604090979748, 8.129144861505347;
  -5.581543737121572, -1.1672956921939, 16.4893734269052;
  -5.574121294151974, -3.438907871582579, 16.8924575748988;
  -5.463647152730102, -2.389323300081765, 16.62437746179786;
  -5.74504461216268, -3.246867796062831, 17.72984101652605;
  -5.65523017412873, -2.46692470389475, 17.73232035388928;
  -5.675541928390321, -3.42898497319198, 17.86628403834547;
  -2.366842184936352, 0.4950346882767557, 8.225862285100419;
  -2.302229357964424, 0.6524821714013388, 8.116101755871432;
  -2.306257837878974, 0.8071808512647802, 8.178663350756718;
  -6.086378432290914, -0.4399820617755612, 20.09178572989002;
  -6.120404261045524, -1.398132032189506, 20.19753899096338;
  -5.814113020637675, -3.600600356355103, 19.31550702053025;
  -6.038013939698785, -1.611330413535765, 20.07706257408647;
  -2.313153447634905, 0.7223448827532908, 8.284097596384434;
  -2.27093773793281, 0.5026529513906051, 8.148624552147208;
  -5.8329230260012, -1.200617120599877, 19.47359676167381;
  -5.749570764275119, -0.7933401518081763, 19.22922916305513;
  -5.75433433476494, -0.3872497413730298, 19.34021527401375;
  -5.662315795736732, -0.2260316650585629, 19.05030139117662;
  -5.734374082019262, -0.1045105414300884, 19.28233773826766;
  -5.778798549250647, -0.4564623531788001, 19.46604561601945;
  -2.351669281428276, 0.2273346535301241, 8.501782954328064;
  -6.05770009816133, -2.868021198416334, 20.43715582508603;
  -2.272410928303884, 0.7736989969180288, 8.295855977142258;
  -2.254235608039476, 0.5643294967534586, 8.268636577687255;
  -5.570940944875718, -0.3582326392094132, 19.02706053858691;
  -5.574711741059508, -0.4602910360923643, 19.0434074144253;
  -9.252031071590329, -6.994838300968916, 31.18964299178771;
  -2.351512316974451, 1.058636022692662, 8.654552370150658;
  -5.751015328925898, -1.452589761987144, 19.82343624853965;
  -5.653418454664912, -1.465772424667555, 19.51172557714467;
  -2.233962035946392, 0.4958726648644349, 8.335601376401733;
  -2.225308066148278, 0.5631292998240536, 8.323796782149875;
  -5.630024725029755, -0.9511482021701555, 19.64732348459664;
  -5.811081975048007, -0.4034968968976601, 20.25179150653982;
  -5.430323160514652, 0.01394522572773274, 19.11582879735448;
  -5.47212975028115, -1.448668619522414, 19.29832828223325;
  -5.656139516871673, -1.116378732339696, 19.94510279510131;
  -4.997859682477896, -2.506383024435512, 17.86767045812513;
  -5.464084996787769, -1.527445129814034, 19.41858389488461;
  -5.422529479007531, -0.08501854532730435, 19.48673867836073;
  -9.455158128322022, -7.893271529411265, 33.62237502797749;
  -2.251719711221602, 1.178529393945978, 8.821407200906473;
  -5.278613036829482, -0.002824955137026333, 19.67277377129215;
  -2.204712257942743, 0.8511301728374919, 8.828879756690728;
  -5.479088143944593, -0.1339933061717817, 20.62702937071129;
  -7.885904541469635, -5.019172596051371, 29.74422891498125;
  -11.07103091014912, -9.217020741407314, 41.47654799565708;
  -2.194309889620147, 0.9949444391467557, 8.990236903846023;
  -2.496626433440094, 0.540882550345694, 10.12207739259859;
  -9.858099598709208, -7.721911209299321, 37.26919572213296;
  -8.254870867999829, -2.83431777424011, 31.49936832019004;
  -2.46109343810489, 0.4875784177530262, 10.06878932058865;
  -12.6648909099775, -10.71350254797489, 48.88306972164147;
  -8.161089321394753, -4.084717215789877, 31.83626625475324;
  -8.427267205863661, -6.405709847509191, 33.58939288793692;
  -10.34415158224443, -9.209859592702733, 41.17594167461349;
  -8.002551089396237, -3.999688791371011, 32.30486321613474;
  -10.51406571788166, -9.11995234894367, 42.50047820487103;
  -2.546638408041002, 1.124591349074566, 11.11467006847926;
  -8.24095922520743, -6.376514577271307, 33.94209600362043;
  -7.821635164749674, -4.141778137620356, 32.47831288376187;
  -7.247856032709763, -1.456089706912326, 30.83817677759413;
  -7.448923715923403, -3.965335635835017, 31.78835766186402;
  -8.419032852153359, -6.115663019406624, 36.04338515367664;
  -7.49615403629209, -4.125266772824638, 32.25939822597493;
  -8.724054171354959, -8.167356686541671, 37.98482472071682;
  -3.620966378615691, 0.2460177393503907, 16.33915266521717;
  -7.512039813295584, -5.663172059982447, 32.89053397806877;
