m=[-2.565103721229314, 0.6158050756427884, 4.173502712847095;
  -6.11733016572681, 0.1701740967944604, 9.295835314192336;
  -6.104522929821441, 0.1823011973720468, 9.502819549324645;
  -5.898816064319238, -0.2101482528595281, 9.283418800312887;
  -6.167750670932161, 0.130638023290443, 9.693393796112614;
  -6.113086150301458, 0.1007400247199829, 9.811191940325719;
  -6.00445862815972, -0.2218548322464246, 9.708733543739895;
  -6.076663272138134, 0.0697843539353019, 9.822137913142568;
  -6.108259332088609, -0.14809867978037, 9.871320683871391;
  -6.08386781453331, 0.2524764976244381, 9.868297624112396;
  -6.043553996638174, -0.06736799174287424, 9.819407438610266;
  -6.023371106596588, 0.3886260765486813, 9.79507504648026;
  -6.023517521715792, 0.09757678480791424, 9.842131503816038;
  -6.016836724596434, 0.2245120547998354, 9.844505175937725;
  -7.44735434651634, -0.5860127635396764, 11.96181457043327;
  -5.990161375255698, -0.004373846752427715, 9.821547517329996;
  -6.014562166406237, 0.3026873011835905, 9.861471975712966;
  -5.956697898402571, 0.1810135356595677, 9.777823818813118;
  -3.250510526255534, 0.8722316494469815, 5.802148089159837;
  -7.573373135319791, -1.397430366214448, 12.17143721362784;
  -3.246449128903939, 0.8426020473629441, 5.809144951961783;
  -5.974891584951073, 0.37442554239268, 9.911302919265362;
  -6.13613271178119, -0.1291439033635823, 10.1611186345806;
  -5.9449785496014, 0.3355338716377359, 9.919151651943793;
  -5.979973950791545, 0.1326179335675547, 9.975740780572311;
  -5.953995310646617, 0.2539261395431428, 9.94952434867184;
  -5.931075204243974, 0.4102641699286161, 9.924917891548645;
  -5.93654040550924, 0.07051500841874123, 9.932039652575577;
  -5.934131930995139, 0.3109403089932797, 9.985305450204555;
  -5.936096319396325, 0.2423587488742741, 9.994380699482742;
  -5.911539103721544, 0.07777035254587335, 9.993303952306846;
  -3.160239517573769, 0.8278362172221222, 5.815954232204233;
  -5.913584933002768, 0.3137428136419767, 10.07634014841142;
  -3.124626569040231, 0.8636058698510589, 5.814342412662301;
  -3.176538679466469, 0.7761288769685307, 5.912659016256479;
  -7.047844749784416, -0.5847688245723027, 11.94167989969795;
  -7.078086643663842, -0.593353839790706, 12.13944426556351;
  -3.036381271579228, 0.8469814505829564, 5.814691462380376;
  -6.527238374995551, 0.7635636651505644, 11.53273647746948;
  -6.5020716271745, 0.8366510865129676, 11.69603452803485;
  -2.935642822508366, 0.8730872611656052, 5.840583218184155;
  -2.805001217794864, 0.8264882295076477, 5.804943065647855;
  -2.815638706184171, 0.7881829053367963, 5.872156891949837;
  -6.285197844127295, -2.198316068579387, 11.85216397286166;
  -2.776343432989664, 0.8561009051572621, 5.819170095393473;
  -6.360571738262598, -2.0057978113114, 12.08167003624949;
  -6.252331850551686, -2.234505421461945, 11.90111380295984;
  -6.340317305707947, -2.065761942110993, 12.11325902202302;
  -5.912199452161482, 0.8669543306601847, 11.41559319635086;
  -5.975546864424309, -2.25199645597549, 11.52740373392166;
  -6.171738829664078, -2.220890502529753, 11.88905147081716;
  -2.729527444399896, 0.8687225765721527, 5.832637258976652;
  -2.759894839535018, 0.8139932207033295, 5.90274602007979;
  -2.753887298594303, 0.7735714572786354, 5.903975918966568;
  -6.169916726844528, -2.120021683328306, 12.06344202592938;
  -2.782533371183552, 0.7106514626185223, 6.030230182964066;
  -6.159412861243024, 0.7405185204597307, 12.18602478120969;
  -6.118705766558589, -2.139764284753274, 12.10848485196773;
  -6.115578513562451, 0.5552545481163248, 12.12292472441391;
  -6.093550158540746, -2.003627435298511, 12.08383905192499;
  -6.095377417856589, 0.3831013861953303, 12.16742463649359;
  -2.643326530870192, 0.8315435522259674, 5.865187167198992;
  -2.695753088101657, 0.6841829809085174, 6.00908821767242;
  -5.934747615667778, -2.026030052266154, 12.18555490245155;
  -5.874120838710783, 0.7780017797358853, 12.25266904785607;
  -5.552759725613666, -2.085422846816724, 11.6570493575231;
  -2.598751492823198, 0.8082041849493372, 6.027004802975794;
  -2.771322285658419, 0.6584286959532357, 6.409381174356339;
  -6.114714334170477, -1.925165955074278, 13.16284232927349;
  -6.027124489263507, -1.941153938559213, 13.06482427691466;
  -2.502936993572393, 0.8584169055458919, 6.053033024794686;
  -5.920967639350809, -0.1033441503646651, 13.0927068967913;
  -5.972566169514388, -0.05878318658119561, 13.24316710646342;
  -2.721971491195195, 0.6717250110043692, 6.642901868232328;
  -5.859475414529075, -0.03937243564423639, 13.13733005835335;
  -6.255324962948386, -1.56258608997256, 14.02013215111071;
  -2.474184115692808, 0.8528264696632748, 6.176328788571459;
  -5.85592089085348, 0.02051459009773931, 13.24355661225503;
  -5.946333487208583, -0.582409694278859, 13.47078435690293;
  -5.982553113303363, 0.6459381745983575, 13.55435470309139;
  -5.936430181308718, -0.0334071774766125, 13.52099485332884;
  -6.123357456831562, -1.479212912220705, 13.91354470094142;
  -6.126392084233938, -1.650759259225166, 13.92696366898625;
  -5.878106586878063, 0.63095434352793, 13.5331239964809;
  -2.466593714922521, 0.8474255923880922, 6.269872280949514;
  -6.085096124746792, -0.3542412252308753, 13.98037556686964;
  -5.849183596423296, -0.03292115635605058, 13.61315619406437;
  -5.995346361941036, -0.5606538389174449, 13.94463304835105;
  -6.085389008182569, -1.352707490231258, 14.17611895347151;
  -5.777653735530687, 0.6420766910092594, 13.54499937630133;
  -4.920141480125012, 0.8340257508983073, 11.70106861877268;
  -5.942512433615412, 0.5896031976238834, 14.16554586228777;
  -2.533415510958238, 0.771495048959673, 6.653285931979134;
  -5.964890871298008, 0.6837300956031671, 14.37208970427227;
  -5.88717082428561, 0.386258858397098, 14.21731123233097;
  -5.954776605966638, 0.3196666363808824, 14.42871514103603;
  -5.941888511859085, 0.5229314315382032, 14.44675747399074;
  -5.850094708423488, 0.3571849150492369, 14.34834248056017;
  -5.890745548397895, 0.5996010856074524, 14.4599293095883;
  -5.792965911509215, 0.7005890717327247, 14.2616282671675;
  -5.815047954617494, 0.3055877855711919, 14.40636982607078;
  -6.590016763599532, -3.200718942476307, 16.25723114307352;
  -5.983175656981731, -1.960782909004464, 14.86751547687573;
  -5.794346088785585, 0.3719196628984192, 14.58145773815604;
  -5.839645410834407, 0.3117959585124033, 14.78138685593762;
  -5.984661371237309, -1.696417586129853, 15.13704587923296;
  -5.935785109751699, -0.1163681404193229, 15.03780814278895;
  -2.385404207902801, 0.8768610798879334, 6.652385409985542;
  -6.448449498857499, -3.207333113189253, 16.29054686640619;
  -2.444901755179446, 0.8646917868805482, 6.813031352000602;
  -6.449076066585025, -2.956623368069084, 16.30923098821342;
  -6.453508483006069, -3.062729003620421, 16.31859366057328;
  -6.004369993461121, -0.2628202966944669, 15.33266958448718;
  -6.017243809278565, -0.1598821522956985, 15.37337358823787;
  -5.759495704609493, 0.7088416082956921, 14.77163254386687;
  -5.888176021602203, -0.08573084455423859, 15.09132586945617;
  -5.993881092822795, -1.993433948608157, 15.36614902341282;
  -6.291897823622104, -1.951677359557591, 16.09753665506021;
  -6.357746252945588, -3.266553657398521, 16.27843108940981;
  -6.489071703438559, -3.038680558712964, 16.66185695194744;
  -5.939074800227269, -0.6208112896280538, 15.34623513544382;
  -5.850457696826362, 0.5879832852641472, 15.1413755016242;
  -6.118208093294579, -0.1515924916036316, 15.80136955102523;
  -4.560337502750875, 0.7675162509033638, 12.07184738910286;
  -5.507421679805039, 0.7745728993196186, 14.42831329617507;
  -6.016290423829277, -0.09376601204471682, 15.7019209452492;
  -5.896147290127812, 0.7288143776322276, 15.44933203728534;
  -5.975402687250346, 0.3843989627843255, 15.65736261698997;
  -6.416527427466105, -3.132639917463441, 16.71058255479979;
  -5.872458452950861, 0.5957090541023286, 15.43317063283854;
  -5.992697691560362, 0.5309510427269097, 15.74898377632314;
