m=[-13.41111517899927, -0.04877635049331639, 17.08056842351241;
  -13.52948569859824, 0.0466320726440713, 17.2496517648444;
  -11.29673147853509, 0.3179009725337664, 14.60308390303203;
  -13.28388331841619, -0.2521108520426036, 17.0235307855254;
  -13.20889845313398, 0.3037547615371982, 16.99376163842485;
  -13.40938956741895, -0.02015787677001945, 17.24798278760565;
  -8.324484636756781, -2.177326513399189, 11.1537478516269;
  -13.32366855793819, -0.3314638018657946, 17.27174421457293;
  -13.04696289254331, 0.3158363517837666, 16.96862941014872;
  -13.50736904263608, -0.1073245153961499, 17.55415948211739;
  -13.26545203196117, -0.4253297173799663, 17.28689219148074;
  -5.277004533397649, 0.7342980526076396, 7.481835258048657;
  -13.17210975988472, 0.1445506045776535, 17.17767131375842;
  -13.3753298267124, -0.247916202292248, 17.49826556181939;
  -9.17589650410757, -0.9410026056003649, 12.32436365333041;
  -9.210128012314724, -0.871906979557302, 12.38256603909147;
  -9.207195670701575, -1.09823395192486, 12.39358800745419;
  -9.215834578850332, -1.146185353017001, 12.47098155662108;
  -8.984319480689084, -0.7155073904193103, 12.27404842501235;
  -8.849250858624119, -0.5391698747623898, 12.23060015345425;
  -8.89728638728954, -0.4124441660174194, 12.320468592488;
  -9.00409612181082, 0.175132664924579, 12.49283176824147;
  -8.788821322404678, 0.0474348726592536, 12.22604971625603;
  -8.934342186377853, -0.251995478013848, 12.44981570369972;
  -8.757951428320792, -0.8950303738986659, 12.2906463585194;
  -8.898116723810933, -0.3068689282764037, 12.48213713522929;
  -8.782811418836209, 0.1533604244906629, 12.44128877648859;
  -5.116678533358131, 1.257453983235112, 8.197655500065489;
  -5.113307681401357, 1.227553021528957, 8.319508994249624;
  -7.853161405864444, -2.689271794025352, 12.24181939587284;
  -5.118246553715223, 1.283644438589854, 8.336258918078057;
  -5.146313121317412, 1.197443079891723, 8.391786743858537;
  -7.499585484620051, -2.611980777245163, 11.9141853706193;
  -12.44380878465831, 0.371613190316636, 19.37109103304942;
  -11.97811042600269, -0.4267261347253861, 18.85087012520879;
  -12.66471501151073, 0.2682490624074644, 19.90418816711968;
  -12.40533961659912, -0.4456566311554673, 19.72277331891095;
  -15.17447061825712, -1.202264247237922, 23.97196507880847;
  -12.08807269982919, -0.5735375180856462, 19.38851752657101;
  -12.55514552925133, 0.2069013326300643, 20.15036915848677;
  -12.40889587719506, -0.3008616689357691, 20.05353471046523;
  -12.29860430200901, -0.4544131225238554, 19.88586807278813;
  -12.42294399785525, 0.1426649926185112, 20.08007746515252;
  -15.06458834927587, -1.185392911279463, 24.19648697100597;
  -12.40739233331669, 0.5148985902495978, 20.12532882318906;
  -15.58291758227911, -2.875342576498359, 25.04386084891336;
  -12.30001171820737, -0.13710923875759, 19.98473524484833;
  -5.041139249551385, 1.793804122998594, 8.789471245253331;
  -15.7903207082913, -2.913612370044587, 25.37718578630414;
  -12.2907802914177, 0.7929974158730553, 19.98699950637126;
  -12.47844356651871, 0.6956496872105955, 20.29791942845663;
  -12.29067703704294, 0.1991004000674837, 20.08236204732605;
  -12.3557875266542, 0.4610434640746169, 20.2160403924028;
  -12.18785413857427, 0.5385381394798412, 19.98711351698209;
  -12.25890526385818, 0.6169384981184216, 20.09969260733257;
  -12.2617337952218, -0.008953171906336955, 20.10450029144354;
  -12.02292569526187, 0.3653554916147834, 19.73543920474425;
  -4.761193753039009, 1.829325239071825, 8.427918304258542;
  -6.574794207245385, 1.76203291360163, 11.26872510750357;
  -6.759929640251986, 1.390706321381073, 11.58196234619637;
  -12.11777537647219, 0.3407642735983034, 20.01651817619854;
  -12.14854305377045, 0.7613066710106796, 20.15231381552205;
  -12.6174643041871, -0.2655530229430759, 20.89386877442799;
  -15.3996492620171, -3.301743182786082, 25.37648554541085;
  -4.776167911355591, 1.831475814107457, 8.563711490662284;
  -12.12635757221307, 0.6844101574329538, 20.23273570138334;
  -12.17363561483616, 0.2699748213836721, 20.30795355465953;
  -12.25613683892398, 0.4127734481740241, 20.44623515273274;
  -12.14555099598717, 0.5179837598327665, 20.29602797075198;
  -12.105898635889, 0.143795457609273, 20.25359166596898;
  -12.08727668458521, 0.8361007683987004, 20.22655665217287;
  -12.12114345617631, 0.6351311591050672, 20.39612890699106;
  -12.12505308975136, 0.4950412760763852, 20.41449296980718;
  -12.70628005299169, 0.9978783823643417, 21.38884727062101;
  -11.93714315240729, 0.1570413076974889, 20.17943174377477;
  -11.9579001783281, 1.538526504795365, 20.24259410720882;
  -12.24210629482587, 0.6494999086607394, 20.85970330302455;
  -14.42580346291885, -1.19692763305834, 24.44269608172066;
  -11.97253650319903, 1.354013940001838, 20.47325217452342;
  -12.53592970104391, 0.8882360993757593, 21.43531939614966;
  -6.512016948455726, 1.747413902615898, 11.62392380792695;
  -7.498234533860501, -3.146140724833121, 13.30300241727509;
  -14.39639047601131, -1.206845013081949, 24.69087885004542;
  -7.037488362184813, 1.271773530454349, 12.64389387368849;
  -6.460594225509638, 1.706786331630383, 11.76160037699776;
  -6.448267107125854, 1.689146983928346, 11.86708354335884;
  -6.222308393537126, 1.776766935407711, 11.56824381726124;
  -14.2245115254492, 1.533020533950947, 25.17411742611378;
  -6.30655229438763, 1.743048476230791, 11.73530777925694;
  -6.31273292633569, 1.71883923220072, 11.75959468980205;
  -6.130249725769718, 1.811358158184693, 11.49148778178887;
  -12.94695731375465, 1.665943798330159, 23.28920203551669;
  -4.773648855117998, 1.815345204152579, 9.287220551977679;
  -4.800337768484901, 1.764656622725414, 9.373443641057719;
  -6.098492742989067, 1.701140195460376, 11.6786564381633;
  -4.653009624800466, 1.822559532497968, 9.16379135538144;
  -4.783478429853197, 1.760554349422135, 9.54708004044377;
  -6.296771502074762, 1.409148139472835, 12.31371290943686;
  -12.81593106005324, -4.669532257950258, 24.11734965895552;
  -12.87684957378016, -4.503817705145135, 24.2822161509074;
  -12.51887565402648, -4.177813105535424, 23.7257769915609;
  -5.896009286609797, 1.75352756145403, 11.73035514729516;
  -13.13211806680502, -4.141195911340405, 24.94397105936054;
  -12.61764029515132, -4.509387268541185, 24.01727494105381;
  -5.91984946273302, 1.548232796293711, 11.8128175958189;
  -13.04088255175861, -4.248897581625725, 24.91477643918868;
  -11.77781122229305, -4.438688162528136, 22.72052887235874;
  -12.56187294339528, -4.520370204241217, 24.19881302754687;
  -12.54938258605462, 1.112938980147039, 24.35662731271926;
  -5.736259883469845, 1.789282278641217, 11.69194822745588;
  -10.29221275291044, 1.768897492213467, 20.22605417153174;
  -12.63584183246536, -4.34175368289512, 24.70564063394047;
  -5.677974883030839, 1.673004410299063, 11.75055494274763;
  -12.3495823199903, -4.318755663062115, 24.4389477374454;
  -12.53979943853688, 1.507603717477237, 24.80923265770031;
  -12.59180583489303, 0.8800404351254841, 24.91491466702768;
  -12.39970901480006, -4.077162987975026, 24.58929263354572;
  -5.682419773821261, 1.59068211302702, 11.85097376467659;
  -12.42938164639618, 0.7812007381750623, 24.81118954467017;
  -5.636200914291567, 1.789163128684167, 11.79817670521752;
  -5.531016744864765, 1.760348344370295, 11.8190474370609;
  -11.97712675981244, -4.088803825645202, 24.59210486390568;
  -5.639938449905291, 1.440424955909448, 12.2227202817741;
  -4.863718572848246, 1.776212099121381, 10.72773768003311;
  -11.23956348339877, -4.221187956036826, 23.59550075228835;
  -12.09914937875565, 1.746537945233412, 25.50414307364928;
  -5.325000577373217, 1.67515055139879, 11.81546233013252;
  -9.839737287848848, 1.835347155375151, 21.00168479911496;
  -5.266679670311959, 1.731126511367591, 11.72959234706011;
  -5.400041817245425, 1.370532310195873, 12.03720318532533;
  -5.421533922594331, 1.524514433248794, 12.12812826163878;
  -11.79701471904372, 1.090175634983139, 25.25026101215858;
