m=[-4.857993804229091, -0.4494366167592777, 6.843595064039688;
  -4.824637155123764, 0.9089028655412227, 6.826356308597902;
  -4.871270059560476, -0.6534442953637196, 6.921372039786793;
  -4.760585361237333, -0.8635961998892083, 6.792053018123277;
  -4.893573328116483, -0.7762779193233093, 6.995222036239432;
  -4.913064054025945, -0.722536608335465, 7.030427924808681;
  -4.906514024520241, -0.8321372341757263, 7.083413665326147;
  -4.81453830729606, -0.5127149139542909, 7.307149951211542;
  -4.866138620165017, 0.008748196887764037, 7.411582151046086;
  -4.903492010218885, -0.7406329132959483, 7.57202849551458;
  -4.895367530000551, -0.4606709812095797, 7.586398945190405;
  -4.885542442631224, 0.8686161967002056, 7.751899641306573;
  -4.941487739042453, -0.8071451665644523, 7.871599273909141;
  -4.947312724918519, -0.6084345614417749, 8.001550118676999;
  -4.88124543426489, -0.4358100425299089, 7.961903500320441;
  -4.960090313031082, 1.105637462646063, 8.437353244207237;
  -4.914372733086489, 1.06261545258424, 8.395359138162037;
  -4.911214665537631, 1.018851637553057, 8.403771706485019;
  -4.881785162538185, 0.1467538974658644, 8.354791432556114;
  -5.182395192281541, 0.9250943141763439, 9.095746684062288;
  -5.037353425258947, 0.9688110533098432, 8.992977125127876;
  -4.988657529609125, 1.068507598120778, 9.137680911058338;
  -4.948262768867815, 1.089912008059392, 9.23530620979856;
  -5.027565835456752, -0.3194348881805497, 9.343665986252113;
  -4.936068913030557, 1.058455092713335, 9.519930131531307;
  -2.898534931792177, 1.149118348097306, 6.042534185450575;
  -5.053635218355922, -1.209071461163894, 9.998989355308952;
  -5.107367488286826, -1.115783896827683, 10.13475740890881;
  -2.914757319381738, 1.275308423740766, 6.312156735880006;
  -5.024463494232651, -1.161177753556951, 10.08690015960392;
  -5.087039099468308, -0.8804336718849269, 10.20937579322831;
  -5.092355886816571, -1.167639735720847, 10.24388068162881;
  -5.041503840638071, -0.04752791732364286, 10.18353886826686;
  -4.814578493604607, -1.277947361324204, 9.791168362432808;
  -2.894567449334022, 1.315834216335216, 6.382823344974815;
  -4.953423081160999, 0.894999365351188, 10.32982227475448;
  -5.346118735041557, -0.8749434037087058, 11.11061750118705;
  -5.137431650514377, 0.8735218946505967, 10.76044349631819;
  -3.810604906156441, 1.18492528924443, 8.286362497967009;
  -5.052505987384103, 0.8084114572715931, 10.64181393427599;
  -3.050153025703283, 1.248738523617677, 6.899976595347922;
  -2.846219197636229, 1.288740236322452, 6.569094031951959;
  -3.658684561873653, 1.224457019081477, 8.148181921886737;
  -3.354359830385443, 0.7556860703512721, 7.766378577282842;
  -3.410655609920103, 0.664363966328723, 7.894817945873863;
  -3.184463765528035, 0.703569428007445, 7.881989426399098;
  -3.069220720228567, 0.7571721719286677, 7.724899574803293;
  -5.161659016882124, -1.216106993934216, 12.27748162992662;
  -5.139661194004767, -0.09919490064087772, 12.29217622971997;
  -3.222840588970533, 0.09693721111899613, 8.126925555966523;
  -5.025156940520728, -0.2035681727998599, 12.12968838548379;
  -3.567409676056095, 0.06322546715793681, 8.918426318486143;
  -5.171030065412666, -1.043125207800162, 12.62337378612783;
  -3.165473381795142, 0.09412847845953137, 8.140771681171421;
  -2.836833189703187, 1.278227761183014, 7.46445330514688;
  -2.972128769353484, 0.7691308027957661, 7.809566118500541;
  -5.51849356685748, -0.8235540050738111, 13.58648058549768;
  -3.28845054199206, 0.2685946370753463, 8.565577646697411;
  -2.943938744772999, 0.7114464811925341, 7.785787118644158;
  -2.920233891908352, 1.25773823958225, 7.800677048908022;
  -3.203271397192994, 0.2536069724631311, 8.502610984067472;
  -5.237054768318623, -1.177835887254991, 13.41993254768076;
  -5.213643295776793, -1.164280557249003, 13.37876655900359;
  -2.776049496717142, 0.4842974041831971, 7.82846798234235;
  -2.743404177571286, 0.7316470783060965, 7.757813827441876;
  -2.762488890730714, 0.7092649362162867, 7.817667967962252;
  -2.671531655697041, 0.7452569843381862, 7.840828331998925;
  -2.684329751808789, 0.823103550361672, 7.887705060560348;
  -2.645931127238247, 0.7650042204755396, 7.845195295897277;
  -5.371400895707224, -1.155183208494305, 15.42790808585041;
  -5.357388849310956, -3.181684485536958, 15.74341745583889;
  -5.448521505816053, -3.406662171223541, 16.05382625839962;
  -5.313365962653749, -2.366335106310257, 15.7193882376271;
  -5.487857111760457, -3.191130360442854, 16.26528387216285;
  -5.606747091935153, -3.214222047947865, 16.85137724410715;
  -2.432836070346728, 0.4966232158945138, 7.971686775997572;
  -2.400704391675663, 0.8257679981893611, 7.89922053385323;
  -5.556423329790503, -3.470608537338447, 16.84186145488205;
  -5.568549476641817, -2.475404035127874, 16.99497566512997;
  -2.380487092822643, 0.7139609685528878, 7.892716129992581;
  -2.374662981955996, 0.6635053889137095, 7.893347846850337;
  -5.41197278492508, -3.316182342371601, 16.60263214140171;
  -2.368508486033848, 0.8191330805248223, 7.926438628483384;
  -2.352742565846684, 0.7871077564598765, 7.938515336082859;
  -2.342654768281758, 0.623033695615296, 7.940931574358381;
  -2.389857192220985, 0.52618599524965, 8.092211080204692;
  -2.323942497199809, 0.7813790900024891, 8.018701624258437;
  -2.306408731718398, 0.5626930292128489, 7.985247682792999;
  -5.653460508292556, -0.4584522036780925, 18.19113637800098;
  -5.562903950801551, -1.412653157328034, 18.06750761898083;
  -2.294738390646592, 0.4962090095389919, 8.089828068367471;
  -5.43686116003175, -3.419122893807827, 17.63822582057457;
  -5.490925037653379, -1.175212768907522, 17.91029215745235;
  -5.432153994169638, -0.7912354443267426, 17.74466821129457;
  -5.424714467990255, 0.05338199842671015, 17.76607362521156;
  -5.255399212999892, -0.8755971763008906, 17.23625965555993;
  -5.41221900710235, -0.1419124617567179, 17.77341657749178;
  -5.412243900051133, -0.4027165977750253, 17.76795955788491;
  -5.501004652045267, -0.2584018697980616, 18.05533529974555;
  -5.433248354082265, -0.4712093338320526, 17.8817921676867;
  -2.32835777360867, 0.3899507973305902, 8.262262994220302;
  -5.291198767768536, -1.023865507680706, 17.444150715497;
  -5.221008182167204, -0.3748944168657289, 17.41166945180162;
  -5.342655765393735, -0.4801591160429744, 17.81729697078717;
  -5.388131792206686, -1.414974657177181, 18.14959088915378;
  -5.323974636325337, -1.428057107394207, 17.95901393310647;
  -8.218403757477555, -6.280122030852446, 27.32189650036685;
  -5.366973043434066, -0.4153300586443232, 18.2847751997982;
  -5.09661832621086, -1.536953402157515, 17.38308372467499;
  -5.157227478793331, -0.02713073480415199, 17.7324450133214;
  -5.186475085626089, -1.420719005319783, 17.86049024237823;
  -5.287968182508258, -1.066140632454379, 18.2201072365631;
  -6.993780923894809, -4.115753187781886, 23.84248916571028;
  -4.934728452669478, -2.495599098265454, 17.16638382328117;
  -5.067101092733699, -1.45830261243374, 17.60004860817169;
  -5.100973864549137, -1.316985364289407, 17.78728879139624;
  -5.022145004678354, -0.1189711132479738, 17.63166531836166;
  -5.148373027591634, -1.145313669808619, 18.04386789678639;
  -4.965145533631107, -1.484385519957631, 17.52333668803169;
  -5.094694143313067, -1.355573539686374, 17.9869788026625;
  -2.263754979514765, 0.8624292223437711, 8.59786367789193;
  -4.85508013606947, -0.1331105600416223, 17.27229193772947;
  -2.23299480217516, 1.072369618205588, 8.534779886315782;
  -5.050903492888903, -0.2580899373412787, 18.28906286462454;
  -2.25942312430247, 1.014544364064532, 8.802506076454131;
  -5.024937381672988, -0.04330817206721937, 18.31202357100142;
  -4.888901604035817, 0.02889979270922664, 18.06537028508141;
  -2.491067346619461, 0.4774216460202355, 9.754587453506199;
  -4.41767609255967, -0.08432565656363285, 17.32411288205336;
  -2.480661996282224, 1.080979480820425, 10.39967230372266;
  -3.896810346074414, 0.1959299582376017, 15.96211830103104;
