m=[-9.395168154658039, 2.248578538034983, 12.40593504518539;
  -9.574248653227159, 2.168191468315012, 12.74856483702122;
  -9.328225078317708, 2.23931639908343, 12.72157640577321;
  -9.157312646906865, 2.316818526852814, 12.56400040702987;
  -9.541350090583801, -0.8827166679987781, 13.4411732529074;
  -9.769342353797942, -1.133799600251435, 13.83050922319636;
  -9.659635322911012, -1.295767534928992, 13.72494832375719;
  -9.260047045444452, -1.67982313779216, 13.21155398138422;
  -9.680442545483741, -1.644923525616864, 13.85257956730662;
  -9.775263683870453, -1.335358496677221, 14.01656246857219;
  -9.699966383262785, -1.233391839011428, 13.94766511381587;
  -9.679146693119078, -1.392712232119601, 13.93302044548645;
  -9.311689656635814, -0.891609744161359, 13.47359536837255;
  -9.706205507975184, -1.646157529639881, 14.01261025446228;
  -9.524737001629553, 1.772588063058068, 13.77447473569648;
  -9.872458440035302, -1.513987435209687, 14.30581820623292;
  -9.709435955031092, -1.606009433370199, 14.10202728531662;
  -9.536714556948565, -0.8420284948647901, 14.23034822792852;
  -9.416026639620416, -1.002741484268228, 14.29094841680692;
  -9.586585518362526, 0.01723447360264037, 14.60126224578516;
  -9.82663159440847, -1.516999894839785, 15.59287068050113;
  -9.752589106496103, -1.592992955664568, 15.53549808955003;
  -9.836761920761667, -1.5166468613304, 15.71275623421654;
  -9.786301623692708, -1.203547151276245, 15.82790239316375;
  -9.723000949585083, 1.839013712424014, 15.74860585064285;
  -9.6454203911495, -0.8611677342380484, 15.73285084893928;
  -9.884911033111749, 2.064312359659434, 16.34005264204723;
  -9.57601463552532, -1.020315606457589, 15.87343644369371;
  -9.654837545411734, 2.087627480690006, 16.49362655555737;
  -9.705477475168076, 2.013441132638174, 16.60742251322799;
  -10.04350631397362, -0.6570941716732668, 17.15805873274837;
  -10.04151174048645, 0.04642883645769246, 17.20040341017934;
  -10.40972555117092, -0.2699116618213672, 18.04954231641435;
  -10.31417694039909, -0.2524051939402114, 17.90612830537305;
  -10.31464079299051, 0.6248645003448246, 17.95313868284777;
  -10.25518471666899, 1.653034887020609, 17.87314393859244;
  -6.999992817002035, 2.42390349803628, 12.51114427767709;
  -10.30348566943329, 1.8392453017065, 18.08389598531794;
  -9.819444529947255, -2.13116127127297, 17.44277890341026;
  -9.943532020971306, 1.912393853993311, 17.75177329412314;
  -9.716815174589389, 0.902488458017815, 17.61949267811742;
  -5.666552074934468, 2.533660329427414, 10.75189977624078;
  -9.87336323964719, 2.114750026024739, 18.08495417201714;
  -9.830994907992531, 2.176380692777589, 18.09470353450883;
  -9.855394449138583, -0.6228117799408722, 18.49107744593411;
  -5.492812909656923, 2.46536643480747, 10.90259006874845;
  -9.69458357867663, 2.078836730479379, 18.69742095367722;
  -5.477206878344785, 2.571485076200479, 11.0085712856911;
  -10.02401125583704, -2.041590416352258, 19.37604628716657;
  -9.828886364336439, -1.704133738482912, 19.40656675942836;
  -10.00039347026028, -2.392572835764556, 19.78651476363667;
  -10.12906938707291, -2.21285281269964, 20.09952509808973;
  -9.994795783095714, -2.309845524402207, 20.06512880339151;
  -10.11584628411733, -1.75078891944821, 20.30188370124388;
  -9.812538590144134, -4.545572751957217, 19.90811835848324;
  -10.43632761866609, -0.6965227480693211, 21.11392459018044;
  -9.864502146264769, 1.782347886654393, 20.57134073352076;
  -5.688101254226224, 2.48874353839647, 12.31807067006435;
  -10.08900067569613, 1.715441408253645, 21.13159436277359;
  -10.01503743926356, 1.602426801892104, 21.09411948042652;
  -5.670410026921823, 2.577697588560501, 12.5038459558934;
  -5.813910998380417, 2.407439679423292, 12.84973130022408;
  -7.466573875342773, 2.321765815871287, 16.23646094849186;
  -10.0907519186529, 1.710444138797665, 21.78925885199852;
  -6.230151018839071, 2.435427480058914, 13.89159527318027;
  -10.18718726756242, -4.689025653041732, 22.0891013537492;
  -7.236230429994135, 2.421759239380768, 16.11566151034615;
  -5.93203571198177, 2.428586846169616, 13.41929641907218;
  -7.191067647364651, 1.309869264724227, 16.0522833296017;
  -5.563020815443458, 2.518881457308481, 12.83949137462911;
  -6.548668527516796, 1.475315063328662, 15.16218936952529;
  -6.560669185752217, 1.685515583073339, 15.26993098059443;
  -5.749796229079758, 2.513078172870536, 13.5554071210144;
  -6.728400151405899, 2.075756313998201, 15.9034281713218;
  -10.24705588318543, -2.414246327783169, 24.373566706976;
  -10.6436269300185, -0.6797658242213056, 25.3873071417665;
  -5.664097934431666, 2.499258178968163, 13.97563372247766;
  -6.569969152187454, 0.3317492077833918, 16.05286343006866;
  -10.54976838012691, -4.806472803346227, 25.34632714164954;
  -9.678988001842336, -0.3920940033133845, 23.36307298235708;
  -6.221298572297938, 1.374521991852339, 15.39857670737012;
  -10.15123083538622, -2.254426761394536, 24.51365536821923;
  -11.00887333626916, -1.908646741722005, 26.63655301947892;
  -6.270431775166955, 0.1886032374287497, 15.81193075914026;
  -10.54525930511566, -1.573724863507513, 25.9623317635903;
  -6.018305479100996, 1.333239826663221, 15.31378464253724;
  -5.978912688747144, 2.46592234789871, 15.23755865042553;
  -6.188551709278908, 0.1840226992944129, 15.91534043283991;
  -10.59889791611505, -1.977993302779317, 26.80131382802624;
  -6.379990232028297, 0.5211059552313717, 16.61825258424135;
  -5.5367346582621, 2.494756467240585, 14.56860328256029;
  -5.768345843915491, 1.492738980720348, 15.15690663437675;
  -10.88847199309393, -0.2520714907055828, 27.83943101499935;
  -5.72533409178546, 1.383611938422482, 15.14169834576319;
  -6.089314465970461, 0.4820985844171589, 16.16318620681706;
  -5.689249555588008, 2.450347124734326, 15.19741228836418;
  -5.433035146602634, 0.9478234525167153, 15.3211755562776;
  -5.328434008185271, 1.421056804501529, 15.06777578209659;
  -5.153089139025832, 1.437518310362017, 15.12409079354427;
  -5.093666244973148, 1.472705065896972, 15.10273871173817;
  -10.84805420460165, -2.333002191664176, 31.15812549248971;
  -10.62206846586385, -6.308310147488561, 31.21439619304559;
  -11.05055935939143, -6.909309709122758, 32.55998160683245;
  -10.70139946622737, -4.765923789472258, 31.65967751476816;
  -11.25087167312422, -6.449871770104484, 33.81509452451828;
  -11.40993180506531, -5.072091277857434, 34.82262556546741;
  -10.9850932457231, -6.731107804577913, 33.69962663259436;
  -10.60894115513402, -0.1008740949264894, 32.90114469318881;
  -4.767242170707074, 0.9731535826115363, 15.62084755048348;
  -4.559864784388788, 1.568452337603587, 15.00367044827916;
  -4.609453791590867, 1.382477604464452, 15.28305295207717;
  -4.59579663796267, 1.284113096810066, 15.2763662770134;
  -4.574055209935824, 1.581906907532102, 15.30751024057461;
  -11.36601325524391, -7.147836773543936, 36.87353834771556;
  -4.597690591425969, 1.53815295342848, 15.51331531142849;
  -4.603814812515674, 1.415630736274306, 15.56641148981861;
  -4.562417798363205, 1.004528788494436, 15.44864186053168;
  -4.674292479539299, 0.4279560202936106, 15.97846056294702;
  -4.472750996156828, 1.503872882997699, 15.43310805710638;
  -4.473959269055181, 1.091508915596203, 15.48974056281672;
  -4.655762352515749, 2.070158468141389, 16.22160228582274;
  -4.420041132092081, 0.9557796397257364, 15.58233084846846;
  -4.582229114312885, 0.7699929435936426, 16.23636754203631;
  -10.60364855735876, -7.491061547339665, 36.35908467716838;
  -10.86195588742224, -7.826587732475375, 37.25657993149755;
  -9.967014697981485, -5.040535286034943, 34.67214083183816;
  -4.406184705361248, 2.277807847981109, 16.36919828070746;
  -4.371638055546145, 1.665475478897121, 16.60371744769259;
  -4.430245560341632, 1.552462446734857, 16.972971663376;
  -6.887041395829531, 0.4320547706174711, 25.98548688274095;
  -4.266828939829374, 1.915925886908743, 16.62317574165466;
  -4.862492030123719, 1.021488489082257, 18.84493429854913;
