m=[-9.495958970310998, 0.005718608410408967, 13.26093047131012;
  -9.693133280664538, 0.00396095214531164, 13.76137245931108;
  -9.770828705433237, -0.9439761347824053, 14.13590851597245;
  -9.827102685179129, -1.327033574531905, 14.36879869325463;
  -9.971790146039199, -1.440023846879039, 14.67255289215791;
  -9.855665834309043, -1.499410199096692, 14.54604376526876;
  -9.950014764649245, -1.559751496555871, 14.78353711395572;
  25.80277473969642, 5.947025176224662, -34.83205457056949;
  -9.840715343646776, -1.637338299404783, 14.67524101489833;
  -9.942830832902846, -1.574278240970494, 14.88161152567299;
  -9.827904360024593, -1.240428717095749, 14.89920859312342;
  25.76660307005692, 2.344431093833371, -35.76713337375896;
  -9.762885590825702, -1.075721532266945, 15.17270052771205;
  -9.632881378653984, 0.7910911707096934, 15.2610246015279;
  -9.937759276827851, -1.878331039538974, 15.68129231536666;
  -9.890766849228674, 2.173940446720351, 15.81871371515293;
  -9.835154364527151, 2.102130038867184, 15.79060525747559;
  -9.77369976483353, 1.999506082495406, 15.72298879313866;
  -10.29589928561727, -0.6800046512931492, 16.57404009496167;
  -9.67151660615799, 2.068996641324512, 15.73446410050918;
  -10.00724506863353, 1.897250149649471, 16.34302036707621;
  -10.45377024685696, -1.070974932553538, 17.12387016001054;
  -10.43941663635228, 0.5881367334417776, 17.16200472602628;
  -10.26306785569435, 1.799190888236637, 17.02118539165264;
  -9.746614548142203, 0.02857566390765299, 16.3527843207198;
  -10.03595581739408, 1.901911131206855, 16.91391133623699;
  -10.17417198089976, 0.6700845297444216, 17.29206102357472;
  -9.97878092757507, 0.9015417395567271, 17.07590392545359;
  -9.915006463533256, 2.091255544285675, 17.16143726779159;
  -9.816655388464037, 2.25768211949203, 17.45387572350134;
  -9.867927198390589, -0.6659159645232958, 17.77530182837313;
  -9.880988840366685, 2.085312683401497, 18.04222271610919;
  -5.75685342394418, 2.403083139257612, 11.00941430950208;
  -5.900108185630964, 2.575607200072393, 11.44954460772166;
  -10.03529860454652, -2.436216835563697, 18.86059225726196;
  -10.17240641792006, -1.838280647789173, 19.16774800580811;
  -10.11674386415309, -2.238953881527029, 19.08284796136401;
  -9.833180416984609, -2.658511443571797, 18.65034936002411;
  -5.869518898153758, 2.466742625140297, 11.65656658737527;
  -5.821893430377561, 2.532680103197989, 11.59449341232875;
  -9.9270345394029, -2.336227171272745, 18.94631091302799;
  -10.05308937270557, -1.780016222889362, 19.19074991963383;
  -5.953721284620668, 2.45648719133737, 11.87739445006241;
  -10.04392118635798, -0.1331493563207069, 19.28387055694914;
  -6.188951656156307, 2.446553298897898, 12.318325755942;
  -5.759487475024081, 2.603038030467355, 11.69421435173906;
  -10.13724651042021, 1.64437089310838, 19.80029741848925;
  -10.21089520344559, -2.102047744244561, 19.9492396509605;
  -9.773913593787938, 1.73257252239759, 19.39670392477108;
  -10.29957122567945, 1.708079037230184, 20.55299316302849;
  -7.602061498042455, 2.333067913520749, 15.51642402193112;
  -10.0185477656895, 1.568813784080476, 20.10641453231138;
  -5.776255383598707, 2.486669525257187, 12.11841360331452;
  -6.110016409560302, 2.482195983399654, 12.80019977697898;
  -5.816509751322648, 2.49457312978531, 12.33057301913278;
  -5.669844570508181, 2.550637335976141, 12.0758669570757;
  -7.211854779721634, 2.401011343720204, 15.08143379470877;
  -10.30394186414288, -0.1674789963088018, 21.29718061681768;
  -6.67629327211979, 1.480644781449519, 14.44794241777013;
  -6.082735765438534, 2.420724532640881, 13.34236385809229;
  -6.690643431231193, 1.007743932701747, 14.57537966314843;
  -6.62046692171623, 0.8651789641825574, 14.57320414344818;
  -6.345791962675054, 0.2966597533495217, 14.55177979559315;
  -6.321009834804713, 1.367994555940332, 14.63673505109157;
  -10.24376148087091, -2.462006160760769, 23.37489730110223;
  -10.61190270239169, -0.7324792562306276, 24.31826774029993;
  -6.101067840988997, 1.397058344517949, 14.46453793635886;
  -6.404232396698612, 0.1651817563525599, 15.1419737318221;
  -10.25739351596308, -0.4561397583888227, 23.70612592217869;
  -6.727337748965698, 0.07551394916852738, 15.91338963191828;
  -6.043523051456244, 1.352555869776705, 14.57216556513857;
  -6.253177964806304, 0.1636493353261967, 15.0862168138897;
  -5.644263776757729, 2.525995327478007, 13.84348871833814;
  -5.922270035853012, 1.514170749865748, 14.54863421456003;
  -11.42541972868216, -1.752403868534665, 27.05071661601665;
  -6.553175455659718, 0.51393359159937, 16.05716905944012;
  -5.851029171534409, 1.393519256697531, 14.46479673258177;
  -9.612781910958569, -5.640804389485283, 23.02001929482941;
  -6.2264098290493, 0.5880576974571379, 15.35488304569834;
  -5.821412737388095, 2.485638448137316, 14.53527687804175;
  -6.018119501143414, 2.433633656315473, 15.01443007550093;
  -6.487709439859467, 0.5094431177978599, 16.18087544785508;
  -5.755788738092798, 1.384900602528044, 14.49682279667787;
  -10.17382876438199, -4.651997750436211, 24.77153420500136;
  -10.28081630076206, -0.2890682759139948, 25.34185211484894;
  -5.61780498126642, 1.090771145159803, 14.6839000560138;
  -5.456953280027762, 0.9363053841481552, 14.4018275514293;
  -5.447372581475821, 1.431408535099104, 14.39378209732958;
  -5.314751534305657, 1.440851641481861, 14.33205033487955;
  -5.334790725939393, 1.469064111229404, 14.63653517763411;
  -5.291315568465932, 1.512818359069784, 14.66638029193975;
  -10.39966214549603, -6.358549219102505, 28.74759399418567;
  -10.56256317826904, -2.324910767425309, 29.36543350872375;
  -4.749616666176022, 0.9507052211785134, 14.5836892228369;
  -4.854603495698475, 1.652623845268594, 14.92604639925079;
  -4.711707984537524, 1.394632636041737, 14.61558897515759;
  -4.700894642077487, 1.2913740267499, 14.61547609184271;
  -4.710245771028697, 1.602384464969239, 14.73939610827115;
  -4.618085074581821, 1.524033523437041, 14.58955329388646;
  -4.782789998344495, 1.032031129704966, 15.16325614348153;
  -4.759549240058768, 0.4070378847148733, 15.26800351352467;
  -4.62445022746721, 1.538853115459645, 14.94159520192179;
  -4.54030290970015, 1.083228403389438, 14.71662179968117;
  -4.748579580542174, 2.08862439428552, 15.53329326193646;
  -4.540146282641518, 0.9666466778016416, 15.001082554462;
  -4.589269101034939, 1.118966110694289, 15.19658032386577;
  -4.628350261011526, 0.7546360385309323, 15.40605752032997;
  -4.556141628326301, 2.334856624335286, 15.90346605965727;
  -4.561028581392051, 1.674793980834432, 16.06080875735172;
  -4.288543461480002, 2.419027654538438, 15.30852013293252;
  -4.487539362514816, 1.689953236413051, 16.03321440486458;
  -4.5038357298427, 1.544186183697487, 16.23650688311989;
  -4.579965831028438, 2.045997586036999, 16.80275783247229;
  -5.08761057444921, 0.9500466195647885, 18.85027248946145;
  -4.412227368658197, 2.3734424942019, 16.59806555161003;
  -5.202457379215266, 1.325040596120714, 19.55550778528886;
  -4.72931203957353, 0.7136849849401328, 18.60736649875583;
  -4.76412542068922, 2.047433124543007, 19.02108949539308;
  -5.208233239769157, 0.9246797039977351, 21.73946373707993;
  -0.4573857704297238, 2.32100191497745, 13.48103912867909;
  -0.1264679067266015, 2.344646591629947, 13.81794836835141;
  0.9882983831202582, 2.338590318224528, 14.01319275969812;
  0.984953944503433, 2.29903482219671, 13.39716930187071;
  1.271373321340244, 2.232852489662965, 13.37284956610904;
  1.299468241115376, 2.304218929630829, 13.12461318851286;
  2.278721718009966, 2.316622673902566, 21.70511964171965;
  2.647741153747378, 2.160335498050871, 20.44284771893358;
  2.988191066261916, 2.389990393395304, 21.38315496939477;
  2.405077159742841, 2.332915380700589, 16.36820073591705;
  3.719125843637561, 1.98382689725579, 24.38008048028173;
  2.497263463115157, 2.357818489709719, 16.42986987666446;
  1.849390421447823, 2.334539386474379, 11.8088679106061;
  3.349092125208052, 2.151351683644911, 20.41434828350162;
