m=[-17.80159820843966, -1.706137976015195, 23.22673843966129;
  -17.22214572054863, 3.176294922524834, 23.11403347769703;
  -16.87862483282965, -1.535738831061463, 23.42955429243256;
  -4.853994066711771, -0.5348363336311751, 7.543691632186794;
  -4.886706844666558, 0.99972377854694, 7.861264291184716;
  -4.844338431217195, 1.036333840056263, 7.881190948705153;
  -5.237805466146405, -0.151429571433495, 8.581986304731487;
  -5.15670546256813, 0.9772457848623875, 8.690757568880342;
  -4.966693014267869, 1.047566064737722, 8.596624813733373;
  -4.953578531493094, 1.080450889008962, 8.61580373587223;
  -4.832743818343611, 1.111457912598393, 8.592550789550186;
  -5.478413364402161, -1.522475980634138, 9.552112174296937;
  -4.965313988158981, -0.3298340965662392, 8.816113615231993;
  -4.979059060987559, -0.3360011530645209, 8.968882304359175;
  -4.883311811350369, 1.098200534695697, 8.9092326640703;
  -4.976655499675291, 1.050287881309617, 9.087139795125927;
  -5.146847936555295, -0.9005783209704423, 9.642058898570175;
  -5.051293473070687, -1.226276036758143, 9.493527828279312;
  -4.830756294467905, 1.084760951304707, 9.201111961012503;
  -5.08679483201627, -0.9192472375559551, 9.584988791400557;
  -5.098025884527234, -1.128252824778127, 9.616221796643812;
  -4.918468693313165, -1.329763591384651, 9.328737555571221;
  -5.032526748144801, -0.8910673049563815, 9.606794360122464;
  -5.029983557672613, -1.1837557542332, 9.600010153366116;
  -2.902169787951597, 1.24937986455945, 6.088666705648619;
  -5.123702040160381, 0.8311198204699186, 10.00772982827369;
  -3.01052516184, 1.223026742276884, 6.306909985524425;
  -2.896550460616023, 1.242266798654796, 6.140474010226987;
  -3.799443219011049, 1.166046744794324, 7.754971733470853;
  -4.973012859484291, 0.8815409867495185, 9.869133497435833;
  -5.100219354418373, 0.8458194592448182, 10.17758615620343;
  -3.304538965028031, 0.7328689999431107, 7.151241974851646;
  -5.225278106632258, -1.232096366056421, 10.68894738861137;
  -3.291017470213463, 0.8366327673404611, 7.164533393525759;
  -5.209781860534528, -0.08467914983356757, 10.76807950985599;
  -3.121033990685395, 0.6754549699722556, 7.226969867311473;
  -3.007711475285354, 0.68872343726777, 7.130744628604978;
  -2.949428452482763, 0.6442057089025161, 7.021358640878596;
  -3.144911178229083, 0.08111541240453295, 7.435733043386543;
  -2.962220921639593, 0.6629525958660107, 7.142518253529004;
  -5.194185052404881, -0.1674946808433035, 11.80451336504627;
  -3.114915876971328, 0.08151917564674092, 7.514946246771731;
  -5.22668306629046, -1.256191481379267, 11.92659357874492;
  -2.904496681138938, 0.742604422128359, 7.135179506418369;
  -5.269300963245939, -0.2343224586745633, 12.17801695549332;
  -2.888156341947428, 0.6878621454217393, 7.14004206669008;
  -2.903847310912327, 1.239890529865146, 7.250512303411305;
  -3.247298241096935, 0.2546697641980432, 7.956816843456054;
  -2.965534367384586, 1.199215842100866, 7.398624834075005;
  -2.836747431329955, 0.6825499346194726, 7.144776624401962;
  -3.222455335615128, 0.2530411863167042, 8.037065917519557;
  -5.693715724244154, -0.8732886579610113, 13.48038796001866;
  -2.756393679588888, 0.5351902923690737, 7.204701736902796;
  -2.693738870897797, 0.4621923771166955, 7.109234896556521;
  -2.662270422425567, 0.721752782507382, 7.179224363166607;
  -2.594590992169688, 0.7418088822038215, 7.191644062959258;
  -5.492438823248449, -1.208932902372256, 15.26976400923801;
  -2.369435274554476, 0.4742771143628123, 7.275346645090512;
  -2.337673898834357, 0.6919351374143633, 7.251400336235119;
  -2.307184293905122, 0.633802307630036, 7.173229662544198;
  -5.604161329928833, -3.372037109879562, 15.94829088434396;
  -2.298349398313112, 0.7818783880833492, 7.192041312431391;
  -2.298574954192662, 0.7585623109465112, 7.261707234188007;
  -2.311357001934396, 0.7012016136406204, 7.320507391523881;
  -2.313100598705185, 0.4991211875974573, 7.333405162247909;
  -5.718515730683432, -3.320251191032789, 16.69186908408771;
  -2.26472207276223, 0.7536192295076645, 7.31731531136053;
  -5.728934657950302, -2.58091900283218, 16.98447538979319;
  -2.283761015173641, 1.004493846234608, 7.470513863604572;
  -5.645567137386073, -3.495632384840284, 16.81200601461178;
  -2.228205656093953, 0.4744092945104153, 7.362207055570276;
  -2.230682254163675, 0.5438900598732386, 7.386523061978572;
  -5.459791583998981, -0.473006092965559, 17.11468545895675;
  -5.746259663215013, -1.131478302935566, 17.94617310896971;
  -5.681103775893361, -0.4915818122897557, 17.84920946125197;
  -5.511042724137856, -1.339149003628092, 17.31521623626262;
  -5.494672120710288, 0.02291478360444147, 17.50307535742814;
  -5.58462388578883, -0.8484041038194005, 17.73770764403379;
  -5.652502112701658, -1.247787079799203, 17.93502027117491;
  -5.555296021267683, -0.1766759419834716, 17.74308761499953;
  -5.5869036655002, -0.2972645859331548, 17.84283944233022;
  -5.582197633571489, -0.4520904051247181, 17.82312909439979;
  -5.188966435817506, 0.07272016592150388, 16.75608660595014;
  -5.396956264159144, -0.4173725144363966, 17.49748371680409;
  -2.20574223590134, 0.8099409495110784, 7.767108577954269;
  -5.398670336413999, -0.2556124315072793, 17.59700958003093;
  -2.100751866131469, 1.184965689432818, 7.498910183801833;
  -5.465154518996368, -1.441586343134246, 17.91530409257718;
  -5.478543782190699, -1.50649669537499, 17.97481954022165;
  -5.418364096111054, -0.3341299265849761, 17.85039853826903;
  -2.197503989695876, 0.8275535163965655, 7.851307760472702;
  -5.44487660683221, -0.9991224475620897, 18.06665784093775;
  -5.327911577420014, -1.639926146746711, 17.66952834126709;
  -5.343998526262309, -0.06115613225952499, 17.86200389809981;
  -5.212711984125311, -1.461650730816867, 17.46604725480113;
  -5.338967725933214, -1.100082347306413, 17.92100108913153;
  -5.190741509007903, -1.523175881665779, 17.52746359678105;
  -5.241299298043705, -0.1595655522476019, 17.90204717780882;
  -5.919672210233976, -1.819717901211208, 20.20775815801463;
  -5.04601777962984, -1.075419277480844, 17.82273856673696;
  -5.121051910561981, -0.08297642473941592, 18.14892999268545;
  -5.060008019000795, -0.1988956885975222, 18.15962054024808;
  -5.723844885901549, 0.3121679361019089, 20.76506833188514;
  -2.574363736585716, 1.163945013446804, 9.907906044667277;
  -2.414996958848173, 1.037870402769761, 9.642036938378448;
  -7.934787285183375, -0.8114275045935736, 29.56876394696374;
  -5.087018467615668, -0.09102064367944399, 19.33879698787204;
  -4.068742637470912, 0.2620036774437215, 16.17140015388923;
  -6.431550769330717, -1.49082125091483, 26.03088259756706;
  -3.936395158578993, 0.1985720290440094, 16.72497941235322;
  -6.276634050416946, -1.342441485602486, 26.31617556461067;
  -3.270369976549191, 0.5046038831714342, 15.12982047184014;
  -3.151657675749522, 0.5017898718694674, 14.89368724031534;
  -2.789241258406157, 1.121117444005953, 13.57481198129778;
  -3.42161107653599, 0.506356140673582, 16.51579429976654;
  -2.966190864870072, 0.4264956630877632, 15.13710519329741;
  -3.476247315657176, 0.1854359392704837, 17.71690250967956;
  -7.986258329978059, -1.894783406228889, 40.3978929304115;
  -3.027803999445814, 0.1545281873993412, 15.93789754845343;
  -2.811647319516244, 0.9503787637665854, 15.63724381160386;
  -2.797117952177459, 0.9610688315883426, 15.63877446426377;
  -2.726742041741176, 0.8149821893231178, 15.54054673289907;
  -2.689106452052633, 1.002875711616595, 15.55029857200675;
  -2.767234480942696, 0.8521376493433904, 16.54972376751436;
  -2.818125960038776, 0.2837058344440676, 16.84271049690328;
  -8.444240051799726, -4.66224036516774, 48.4786456435156;
  -2.860042135431152, 0.481440164548522, 17.43876550395187;
  -7.681711055917568, -4.822914014353049, 45.66509610890664;
  -2.524780158344536, 0.8146986105461508, 15.89932456003273;
  -7.584080048841519, -4.155610193543384, 46.67486540175899;
  -7.472891600054605, -0.06128751318565524, 48.29978498701448;
