m=[-17.23752222443483, -1.994444447289013, 22.52796297449172;
  -16.55651406392519, -1.819783509923198, 21.76360507182296;
  -4.891287260011755, -0.9278534681443936, 7.263938946793392;
  -5.082056998895597, 0.01926798150331315, 8.02862920050549;
  -5.128795516775446, 0.9807979358078234, 8.139481151284805;
  -5.031639375651897, 0.4665980281228241, 8.122338827008537;
  -4.929222350812821, 1.048104867068553, 8.039466579626714;
  -4.805023518535996, -0.8051847008438636, 7.930574948556407;
  -4.872342569477814, 1.066499262665771, 8.107472593434714;
  -4.781486978351356, 1.109417463032792, 8.018057591659092;
  -4.995712173087187, -0.3249966664834268, 8.316066365405279;
  -4.927157143550144, -0.3842574319383931, 8.28778724508058;
  -4.972641192103258, 1.060542668191024, 8.582584178698919;
  -4.895821349474396, -0.9433129203561583, 8.439440145107632;
  -5.200920644691791, -1.435069734823804, 9.10671061922848;
  -5.004728790466816, -1.207733730609361, 8.957862565754628;
  -5.025744129572799, -0.9017772405321591, 9.02165464527617;
  -5.022795258797118, -1.101899618149922, 9.026067386420639;
  -4.837322716042233, -1.30236780468182, 8.73548592676258;
  -5.019737176917382, -0.8006283188563653, 9.114211841178589;
  -4.998864780271275, -0.8778207899874527, 9.091141223287059;
  -5.000541867708803, -1.171256004980523, 9.091959711119007;
  -4.930022162625064, -0.05289637882864506, 9.003502958601167;
  -4.861532217090278, -1.122653124804288, 8.869077385711936;
  -3.787509945006228, 1.174553058040927, 7.232046048406513;
  -3.547592124221253, 1.197274099265602, 6.927416794712687;
  -4.992181175663744, 0.8433802366031069, 9.489948980230368;
  -3.279101359785254, 0.7449223295067422, 6.61422326302292;
  -5.372392320956262, -0.8740883850902688, 10.20224366320085;
  -3.176859816373863, 0.696608835727018, 6.578271122325597;
  -5.143993638671581, -1.136256631027656, 10.0864700413895;
  -5.106240736667169, -0.06614268285072991, 10.09205955513054;
  -5.079713501773426, -2.368248121587746, 10.25157266470313;
  -3.014377886016814, 0.7449133432344743, 6.599689885209337;
  -2.979106392126543, 0.7011419930047919, 6.584763252682055;
  -3.005097813001963, 0.09648450983108779, 6.659453711699863;
  -2.95565275579615, 0.771055738547045, 6.591416917461403;
  -2.917408346908295, 0.6715817416379236, 6.56217398108467;
  -2.862134166602307, 0.7004601181181944, 6.596348228733171;
  -2.842385431128051, 0.7188060152926676, 6.562620334138374;
  -2.936947824680099, 1.205649956722848, 6.837300189204391;
  -3.085716382506943, 0.3106730179548843, 7.13468174149953;
  -2.800524670131539, 0.6930206970403464, 6.577024378180905;
  -3.189673354066797, 0.269091157711833, 7.350813548856235;
  -2.870298649557929, 1.234772738408834, 6.75579824984951;
  -5.118994325769741, -1.21375416213919, 11.2461893587747;
  -2.768341655475084, 0.7251521406503069, 6.597038354578702;
  -3.185575859983958, 0.2692134310817985, 7.476595267711264;
  -2.669133776756109, 0.4789463222284651, 6.57132451587829;
  -2.684002595220043, 0.7259478373324613, 6.609272594527234;
  -2.684119172936093, 0.7557079808533881, 6.613066751436855;
  -2.67911906514434, 0.6973884826686447, 6.610100608808326;
  -5.625805289796875, -0.8330216202807685, 12.88816128869764;
  -5.249756952021417, -3.02318281121343, 12.10529955496222;
  -2.583396486182946, 0.6941016885376043, 6.591482007638764;
  -2.586955870522577, 0.7237015653238592, 6.610495822373628;
  -2.56900640836007, 0.7290438155500153, 6.576928758205542;
  -5.365635687898919, -2.442030413083034, 12.63873998881575;
  -2.560102760025586, 0.752818222342552, 6.621214656634662;
  -5.285388804198868, -1.191033335204021, 12.60325583085553;
  -2.307319202686439, 0.8105650357751733, 6.629075980994265;
  -2.3772282254242, 0.4999887465550578, 6.817102630282222;
  -2.272788609983894, 0.6483366992561922, 6.596268302749643;
  -2.273004361873557, 0.7975025301702829, 6.639718639111486;
  -2.237053078232923, 0.7631181943760248, 6.593912012709549;
  -5.393992628169504, -1.153999854012071, 14.56931545861062;
  -5.487907350782507, -3.337442715885113, 14.77594084740671;
  -2.218307892283347, 0.7632457589123859, 6.698728011696097;
  -5.362815299140594, -2.395254448844679, 14.97789145394556;
  -5.373011958559452, -3.386033958685983, 15.00304336923036;
  -2.270580491325334, 1.020314540134173, 6.949152859421569;
  -5.520052616071626, -3.216240750117997, 15.49109579654563;
  -2.201181690785588, 0.4941678893165817, 6.807625515194819;
  -2.183116991753305, 0.5564740085890954, 6.769726946958139;
  -5.541722983445509, -3.477374979349965, 15.95572608170444;
  -5.567171282645896, -2.479347508124437, 16.12160691695435;
  -2.130115635679406, 0.4298139361638977, 6.805916380089355;
  -5.661778136614397, -3.488797441144522, 16.48832925789202;
  -5.530551200458057, 0.0185121732541482, 16.70195590599176;
  -5.557722060111099, -0.9190868780249772, 16.80647296936771;
  -2.167038771732361, 0.8225523798918287, 7.166337068037961;
  -2.071516437149853, 1.195620394544044, 6.911916391029724;
  -5.359254905432716, -0.4290365609207432, 16.41812358694106;
  -5.506640652317889, -1.297717784150848, 16.88194513647547;
  -2.173060367018194, 0.8475666330588594, 7.292421329874596;
  -5.576459018489667, -1.41524055276808, 17.22418341018167;
  -5.406409844059119, -0.7782629423876988, 16.75544711065213;
  -2.160988569277736, 1.061759763950513, 7.291632146873276;
  -5.461353142727987, -1.162668505524338, 16.92282076540929;
  -5.518999689264263, 0.06983581683087796, 17.12158045378011;
  -5.425132135920118, -0.5202371251787207, 16.84063333058315;
  -5.319727175839916, -0.8747316565060674, 16.52634690306678;
  -5.861805882986511, -3.749766484066234, 18.08662949155702;
  -5.444516603810055, -0.1258206572264499, 16.94349844621159;
  -5.434114557276446, -0.2436672376086196, 16.921701399185;
  -5.470258520557255, -0.4038336721378317, 17.02880275462614;
  -5.350870134821767, -1.058971733334405, 16.68365344456414;
  -5.463426077968514, -0.4684759018827589, 17.05871511527922;
  -5.261961898715954, -1.009949829774256, 16.4502821470086;
  -5.379685077845863, -1.174532531891612, 16.91740841877003;
  -5.540436018586475, -0.6158886236190541, 17.4215563772103;
  -5.358306626970507, -0.3715350357052372, 16.9216521126123;
  -5.334973378105586, -0.4666536227670857, 16.8747650690026;
  -5.351295105320345, -0.2048906577778128, 16.98933589411417;
  -5.339250027324148, -1.359334945643151, 17.09707997766401;
  -5.432064494123125, -1.451072235202848, 17.4216303437262;
  -4.914651005719665, -0.370068259384463, 15.90479757072112;
  -5.208131448385271, -1.025784667244897, 16.8134146759699;
  -5.334417923668767, -0.9196228655841824, 17.27220555555895;
  -5.41172140039217, -1.624267835913121, 17.51950433868236;
  -5.162211069332457, -0.0113276208574399, 16.81650460637123;
  -6.016621971252284, -0.4557906376970066, 19.54742495765158;
  -5.306345711235815, -1.037475234501191, 17.38009486633757;
  -5.603345393422551, -1.730430040231961, 18.36683740763452;
  -5.434919874132853, -2.689581954036988, 17.92258692874198;
  -5.102663461422622, -1.309050936350288, 16.90721730713022;
  -2.514169744633894, 0.5033866645907175, 8.851369536548019;
  -5.351414773921889, -0.1062591955496737, 17.79862984634114;
  -5.204998434622712, -1.357987008382062, 17.46519926011645;
  -4.999747816361356, -0.1212258860239403, 16.83046958181524;
  -9.27238199105952, -5.851700184334455, 30.44991082573973;
  -9.622955104106277, -7.903461015477949, 31.72914098483676;
  -7.615418056553905, -0.9736344124651517, 25.52065805495972;
  -5.124873868458689, 0.1143329388356196, 17.49445621840429;
  -8.892593026217444, -5.42412489351356, 29.70572602330637;
  -4.921044567770943, -0.01801735465241814, 17.02805846027204;
  -8.404175369175947, -3.828496313238183, 28.59782215798238;
  -9.500249667626076, -6.693847123344082, 32.78738465873673;
  -10.46928602269703, -8.945886778725168, 36.05061560192147;
  -2.408512534692785, 1.070327547694614, 9.122652031533427;
  -8.881214554547206, 0.6405321724914992, 31.26416459082864;
