m=[-10.31994012667583, -0.003390487020157131, 13.6252714920498;
  20.93589941547067, 2.023200015572205, -25.26558742993806;
  -9.577483630633033, -1.129375360502532, 12.96004231544167;
  -9.836293663645479, -1.500035320820458, 13.44168623784477;
  20.12500385266614, 3.717913623241067, -24.5971654886706;
  -9.402077699866062, -2.530171180781734, 12.89064080331445;
  -9.837841951762661, -1.494964453894277, 13.58363261499047;
  -9.916721336485391, -1.72340940616365, 13.76643461335714;
  -9.998671972673895, -1.560911671598636, 13.91429410345241;
  -9.900739313421896, -1.652144110328266, 13.82570527658155;
  -9.940319401850372, -1.56151439633672, 13.94092019077041;
  -9.81859939883854, -1.242842551013507, 13.9473947187253;
  -9.803982987696132, -0.896629176649112, 14.02745730644952;
  -9.674186194201987, -1.06612120915647, 14.10322399336749;
  -10.19390365088465, 0.8363902303542157, 15.12030493382533;
  -9.77473483216118, 0.2507091594117956, 14.6331852054057;
  -9.832532991761488, 2.022302475173716, 14.81991603699112;
  -9.645796234262399, 0.1957466886111228, 14.56467302784719;
  -10.11462895164202, 1.412491270614561, 15.26331330309054;
  -9.769430160493798, 2.106484586537839, 14.89231506688673;
  -9.413661097941894, -2.616857432866308, 14.5723219733701;
  -10.30442380600214, 1.571973575455544, 16.0007184763216;
  -10.48246164547241, 0.6082449732701729, 16.26555590515088;
  -10.43192711746034, 1.846253443044259, 16.30065258834751;
  -10.27615920340404, 1.965146729239846, 16.30843028740918;
  -10.1434570629487, 0.6886182230579707, 16.27905650863868;
  -10.00564481758098, 2.127509023758398, 16.31901370918945;
  -9.678276320907049, -1.621802680896787, 15.97376067769545;
  -9.822287759942205, 2.149984838769676, 16.34407426879578;
  -10.19198747644606, -0.6630409919390677, 16.96599830272602;
  -9.571090137437118, 2.220718070928395, 16.04972517637002;
  -10.07490719714191, -0.7857183876627832, 16.94662559588678;
  -9.767321376383571, -1.881977008962185, 16.50564315168506;
  -10.06776601878281, -0.6627687097254743, 17.1796172068206;
  -10.07854353782406, 2.149506679077799, 17.39517189565622;
  -9.875523696360608, -1.902787792504006, 17.0234747528063;
  -10.17080704256829, -2.114046401428342, 17.71563322594787;
  -6.07549424265614, 2.424989640816882, 11.10330836680351;
  -10.13926070505667, -2.446791358657578, 18.1480571109593;
  -10.14375341222872, -1.820109763824336, 18.2089333902775;
  -10.24093597193493, -2.246654075180313, 18.40317461095172;
  -9.811416464048268, -2.641558909998936, 17.71796001103352;
  -10.12777686350255, -1.615340540390187, 18.38875235114101;
  -10.05067491323699, -1.764938997162869, 18.2785710440096;
  -10.16243039754843, -2.380303563737372, 18.47727910013411;
  -9.660554240781307, -2.230871034368187, 17.62411505762649;
  -5.945964612424278, 2.58776838742721, 11.43650010414025;
  -10.3581925781919, 1.698766502037393, 19.23309396655283;
  -6.040329543065854, 2.483761470143086, 11.6604684167528;
  -5.88081752995642, 2.550154762036254, 11.44743682160118;
  -7.697813490436443, 2.387185910189329, 14.69855985679522;
  -10.16518508651538, 1.834713978319165, 19.157156031591;
  -10.11763949607157, 1.709276344708636, 19.2332528086417;
  -9.582309533537583, 1.531174173718362, 18.30117897107783;
  -10.26916931204692, 1.849371485602575, 19.63989189086538;
  -11.22101976502235, -1.825660238403543, 21.30886408756795;
  -6.646904617072978, 1.509995309106087, 13.40736571443395;
  -6.593047823517638, 1.310304259911646, 13.33856446060447;
  -6.511317179733996, 1.357495066569088, 13.4058395873059;
  -6.556882549416393, 2.066125509159633, 13.54610814486788;
  -10.3041189646482, -4.803954076174831, 20.7951539540484;
  -6.671445070049782, 1.331618476643789, 13.95703966958215;
  -6.273420991758561, 1.394437991114517, 13.55494225843443;
  -6.355311836732067, 1.306290729380214, 13.71720204430104;
  -6.102153816102518, 1.507964817938084, 13.36007771452272;
  -6.041609418552818, 1.421911644336035, 13.35385932892005;
  -6.268716873020513, 0.2012693470895879, 13.89180400951053;
  -5.994284367203865, 1.563758581163367, 13.36788542178363;
  -5.917636347484536, 1.362228406878713, 13.31063555437363;
  -6.303774760520377, 0.2037288675130049, 14.25099531765876;
  -10.57269119007121, -2.506868951262539, 23.22770442561694;
  -10.32384812272868, -0.2015417253259471, 22.7512975112344;
  -5.810426541708944, 1.524040053251867, 13.31037755272152;
  -10.7761851552167, -0.4308716860575988, 23.94522416859857;
  -5.816057262050829, 1.423384062248391, 13.4042420045889;
  -5.793206757011197, 1.46503419950374, 13.37560207249625;
  -5.90912070388696, 2.560864216549405, 13.73371671872233;
  -6.531862489386177, 0.5510490398781485, 15.05310981923205;
  -5.958036149495425, 2.445840530576926, 13.87048191660294;
  -10.43224631212935, -2.087082526280974, 23.56157048498452;
  -5.706523161544225, 1.412142053690428, 13.40175373151328;
  -5.822295886903507, 2.504691362763099, 13.70388979171446;
  -6.495455346001166, 0.5489317777993178, 15.24493304698345;
  -11.16458828849234, -1.653157716409943, 25.57696314960615;
  -10.35156846612067, -5.961168134426672, 23.86945496549918;
  -5.520253617828906, 1.117125077108019, 13.47724614927835;
  -6.78089839482371, 0.2015055855590196, 16.37896858994001;
  -11.04839390326665, -5.02839094878307, 26.0244612119918;
  -5.434883865921777, 0.9752293654181677, 13.38051539420706;
  -5.479323742640608, 1.542691816274118, 13.49982296917854;
  -5.445485781990667, 1.417487978158055, 13.43546442227804;
  -10.93781969582176, -0.2516870576723436, 25.99462860447709;
  -10.5648457695238, -2.380729963100474, 25.19236691557315;
  -6.50209354928019, 0.4704957853028552, 15.98079210417668;
  -5.60984902472431, 0.1874891498905582, 14.19770785281856;
  -5.252178433757289, 1.636903470750844, 13.47143084841537;
  -5.206512574505966, 1.531015708488418, 13.46564595240194;
  -4.992964307157812, 1.424213825561613, 13.64183100722352;
  -10.98144907852514, -0.06478309657597228, 29.69731530670076;
  -11.13460671438026, -2.38215648567491, 30.07486455991354;
  -4.857359032570242, 1.021620401562123, 13.92929575840406;
  -4.766073176233729, 1.466629830157276, 13.8032390661348;
  -4.650077164693673, 1.326483099660313, 13.49582467637682;
  -4.605831775758974, 1.615994476877647, 13.45418759553617;
  -4.888092946438324, 0.230255643260427, 14.20401237185498;
  -4.706253739218366, 1.605428092293925, 13.87209957950765;
  -4.569693773600392, 1.222404564240063, 13.52398982421362;
  -4.590028330787413, 1.028912778938586, 13.62196565050585;
  -4.639619487010443, 0.4387045575088713, 13.96166487617808;
  -4.560493987567688, 1.569113875790092, 13.77153682226055;
  -4.514535075060952, 2.028664386322526, 13.81681664476334;
  -4.497169522970379, 1.009619869349352, 13.90845931477985;
  -4.457048502052228, 1.136096533434565, 13.82106477216772;
  -4.60229700907776, 0.8015658896435571, 14.37190638242367;
  -11.74470976915783, 0.03931255569034949, 35.46836790461286;
  -11.55626894957201, -1.911073464200332, 34.94599399305746;
  -10.97506158944139, -0.886074293618665, 33.53405877068426;
  -10.68379908793991, -1.057466364706244, 32.73323113053536;
  -4.363510633473444, 0.8804675433820046, 13.94181987006486;
  -12.14254880853212, 0.2398160750093901, 37.14577789832547;
  -11.71958111634256, -0.9382141484799024, 35.90303774508688;
  -11.18423945216975, 0.1415221130187323, 34.69684116256831;
  -11.34710225080168, -1.633436872157787, 35.16673302735099;
  -11.13559322851959, -1.831044260164106, 34.5940065313406;
  -11.41424488760095, -0.2637787517254674, 35.52147134281977;
  -11.3274329675073, -0.5079253061924173, 35.27335249838962;
  -11.50215534989712, -0.8491294543014724, 35.80597406327203;
  -4.426869083737167, 2.314024091008944, 14.47168497607338;
  -11.52436443033269, 0.2410459296571121, 36.12295862711164;
  -11.22807374215074, -0.7785337923166922, 35.458507880661;
  -4.385578226558902, 1.664653099203219, 14.50298546557376;
  -11.23238782283135, -0.4300662333399086, 35.66067762275201;
