m=[-10.08969415135894, -1.485014702860748, 13.1036654993831;
  -9.802620599496521, -1.559448184373504, 12.77163973587795;
  -10.02451753147391, 1.807123467993576, 13.06054600364578;
  -9.886014462973382, -1.286085220486209, 12.94274010611916;
  -9.8873580822468, -1.482030283761987, 12.94544234129747;
  -9.862283160638098, -0.6456683074443509, 12.97084530282338;
  -9.823517144310038, 1.930539807949032, 12.9555157864637;
  -9.74314042458578, -1.156424373535166, 12.91639470822554;
  -9.683622500949396, -0.8086930259951567, 12.93106149270516;
  -9.66405428825321, -0.9867267089093559, 13.15741777712987;
  -9.677334302086058, 0.8756150922412597, 13.45976500622337;
  -9.56258245811472, 0.2967467339314282, 13.3859386099645;
  -9.813269471475634, 2.200277440981957, 13.79646266716313;
  -9.667817652250177, 2.083300793003557, 13.6104594598917;
  -9.617262784141182, 0.2301272036234534, 13.57914854481613;
  -9.99629664308176, 1.507397012765376, 14.1332245138385;
  -9.744521762646299, 2.196880840118894, 13.87780051310899;
  -9.792934415243575, -0.6658588054071979, 13.95335700770884;
  -10.46803307125802, -0.6053012508361925, 15.03303570147178;
  -10.60872302638302, 0.09517862427719037, 15.25383125037173;
  -10.46689017004847, 1.700709558544981, 15.26893171190164;
  -10.40654012422805, -0.1919271998551992, 15.17726757011552;
  -10.41267406143661, 0.6976294489767368, 15.2093330603055;
  -9.487673435680023, 2.387814240421295, 13.9621761995207;
  -10.38337346321139, 1.941489161343199, 15.25652416006547;
  -10.43334723416394, 2.100322326460597, 15.5681603625795;
  -10.12059745304524, 0.7880189655322528, 15.29103354788695;
  -9.969025755489492, 0.8583183576282316, 15.21239027958185;
  -9.906935512644413, 2.213626588015909, 15.1921971117612;
  -9.861029524987622, 2.268022720757523, 15.42948207146402;
  -9.741980400264193, 2.370540585174318, 15.3425743029164;
  -9.965025293825974, -0.5482441597013443, 15.6804583019878;
  -9.835825679526771, -0.5358163702198111, 15.61693119169393;
  -9.862359488262333, -0.4183136225663008, 15.67043229165103;
  -9.801619092296507, -0.6565733422336901, 15.58600202367321;
  -10.5163471256208, -2.392617203688546, 16.85768131442599;
  -10.02461619665974, 2.253570589664465, 16.33411298198487;
  -9.845922334339395, -1.795606408733682, 16.06925803224675;
  -9.727755133237629, -2.322652753604734, 16.3761403667789;
  -9.731623689233723, 2.329843331419987, 16.5654270344921;
  -10.01952678399714, -2.310075128867021, 17.05097687180867;
  -10.11293839471436, -1.698949222877703, 17.25233250590591;
  -9.994822071812545, -2.077484851840976, 17.08492018626404;
  -9.667870592342796, -2.502503022474721, 16.5831541985715;
  -10.11581271978753, -1.506904881422827, 17.46417796293915;
  -10.09933554763048, -1.656877926342944, 17.45899518020951;
  -9.98335194995378, -2.225527458944955, 17.27382171718347;
  -9.906051831044728, 0.01067416296526621, 17.16982847583236;
  -10.17402959535935, -2.268034057709013, 17.60374413890109;
  -7.630086821698236, 2.465737622859535, 13.5981922180355;
  -6.792632538276211, 1.791225021653074, 12.52104497823104;
  -10.08446032834664, 1.83664181041257, 18.21441450842611;
  -6.62302579329346, 1.600446820564101, 12.40136972612858;
  -6.671039037709218, 0.9825877264727042, 12.49199912870084;
  -10.49522815864913, -1.584346656852864, 19.09354676736877;
  -6.561786813687787, 1.812766039390032, 12.36301004602479;
  -10.20974278203035, -2.146058083750039, 18.73506127565291;
  -6.534124130138451, 0.9801087097360502, 12.48287038787269;
  -10.38458450155711, -2.306910745609553, 19.48344002905875;
  -6.545989654978811, 1.410585269018093, 12.75977571381836;
  -10.10411367551681, -4.601447533897251, 19.57193337739741;
  -5.858752931938037, 2.649201128717526, 11.82476747390135;
  -6.101034196493793, 1.614730028513105, 12.40524810138603;
  -6.027830473581203, 1.516528403141966, 12.36972216178807;
  -6.06236964922597, 1.456099119850371, 12.46241827330989;
  -6.283306338876948, 0.3989551256675895, 12.87955075759458;
  -5.981400700877892, 1.659522120044416, 12.38318512298536;
  -5.9039712915105, 1.457044865502613, 12.32822890723212;
  -5.858633776605053, 1.717864826603151, 12.34547087727331;
  -5.945359091221955, 2.483178308975294, 12.5413068817857;
  -6.182750349440003, 0.2989905891358061, 13.06703696269184;
  -5.855395805296605, 1.511275714589773, 12.45138318197666;
  -5.785543798940684, 1.517108154276154, 12.38629726226108;
  -5.729399531755022, 1.549699907193624, 12.28549086771085;
  -5.673918776835397, 1.655349917077261, 12.26545756461375;
  -6.45652589720944, 0.4934662196243106, 13.86168133319112;
  -5.943553803962795, 2.548739151256089, 12.86859537618557;
  -5.648751789145086, 1.499111437078785, 12.32431068212869;
  -5.681995151736675, 1.624299266540608, 12.39512617843862;
  -6.401823616230963, 0.6462573395363767, 13.8390925017746;
  -5.807843306829198, 2.60898117750453, 12.70290977612271;
  -10.1021351774474, -2.250403453181125, 21.36411483164288;
  -10.30234948175982, -0.04445379395054961, 21.79432601264488;
  -10.91968336186401, -0.618330110820507, 23.22570276618288;
  -6.419832875569878, 0.6560442707252581, 14.14836067640485;
  -11.14684361497942, -6.091976956324272, 24.07248933752488;
  -5.671785888757118, 2.60883292921162, 12.82134231086998;
  -11.05842139779731, -1.765996050057836, 24.01898361799778;
  -5.395026164024226, 1.066297970446897, 12.34810970371241;
  -5.411427982624324, 1.628307720741371, 12.39376678406649;
  -10.78566847120755, -5.779784211723383, 23.70504382235685;
  -5.424010930053792, 1.516008645074527, 12.43772126673105;
  -11.57149374541496, -1.526143529713683, 25.59898187688581;
  -10.65813123684272, -5.956758869205308, 23.72287252189555;
  -5.332952839095987, 1.594100014424342, 12.47111995399848;
  -6.383527219340234, 0.5894417224822258, 14.78574835186918;
  -5.5996841801574, 0.2951516080975245, 13.25480347935727;
  -10.54235873461603, -4.649731504115099, 24.0618109787866;
  -5.404727459276759, 2.600418569714878, 12.90935833458611;
  -10.5527379597124, -2.217568956964619, 24.30824664667293;
  -5.185773285023811, 1.632574469794389, 12.4687852832223;
  -5.241043090821671, 1.704000704105033, 12.5965430372477;
  -5.110164188450364, 1.53042251125906, 12.51147127726507;
  -6.123269890043076, 0.6174726457406341, 15.28035796243981;
  -10.35216889606274, 0.3380885321534333, 26.45313598979046;
  -4.813331235994085, 1.120982012950233, 12.88139195727981;
  -4.599712237947727, 1.594844571163025, 12.41702355240519;
  -4.536335611984853, 1.40380163431264, 12.26751176241125;
  -4.63168199199412, 1.740750679182168, 12.58633257289744;
  -10.68207580538128, -2.069739495221849, 28.04506478291249;
  -4.686029055220485, 1.711717260495431, 12.87539334787702;
  -4.620174711716738, 1.562232336478902, 12.74638630779932;
  -4.489912137355045, 1.113879388745424, 12.41770416952089;
  -4.558023306632661, 1.627531069022693, 12.72960015133042;
  -4.470266921472964, 1.649451658319533, 12.57880548786417;
  -11.01907234610108, -2.078210499778653, 29.86676057900658;
  -10.59028686390358, -4.544166151833395, 28.83270045616537;
  -4.723590763432043, 2.238463706503428, 13.45724257035964;
  -10.83914938688756, -6.123822239441062, 29.70062126060719;
  -4.468315084651035, 1.335693776431103, 12.86784599707603;
  -4.466836736997801, 1.117999736551841, 12.90030604905922;
  -4.433299963099969, 1.245285504708015, 12.82875870588243;
  -10.75522875392127, -4.590764440988518, 30.45008341076266;
  -4.319262904488811, 0.9836054475798179, 12.89244277613026;
  -4.490357165877247, 2.479741695472773, 13.72641378556999;
  -10.85460373461419, 0.2810770460732122, 31.97708324148503;
  -11.00186041855039, -1.58118908233113, 32.48342569405749;
  -4.440747423435929, 1.812787107484473, 13.74528449550608;
  -4.19799817272887, 2.540568872904125, 13.05783174214872;
  -11.12521565011706, -1.87405871112552, 33.15242324916672;
  -10.58948413979513, 0.4515732986441436, 31.63619817804908;
  -10.22393624711301, -0.5890143317575408, 30.58404190291704;
