m=[-5.10983150593527, 0.9554392433453927, 7.507990355964146;
  -5.017607769285243, 0.390685441461662, 7.581015753886429;
  -4.964440888281401, 0.4274310102394662, 7.575565974525111;
  -4.859443475919736, 1.117665065873202, 7.603536304095033;
  -4.9136343669559, -0.2703326148364545, 7.731845783673304;
  -4.901290740219548, -0.2078890641972682, 7.787725115649691;
  -4.873060074225621, -0.3264278390857389, 7.748875309596052;
  -4.956342081713747, -0.9000368993430742, 7.913766985830747;
  -5.088055582860193, -1.157604363516692, 8.156141909482642;
  -4.862713666991091, -0.8868158337826155, 7.936300734293312;
  -4.940599763018403, -1.17964499382031, 8.317227778361628;
  -4.990667007534852, -1.150634753427369, 8.4929906925632;
  -4.989949325113561, -0.8382994335782523, 8.512685589924582;
  -4.985696360120482, -1.111430730583571, 8.62656455391523;
  -3.37297680262372, 0.8894578666326953, 6.217500213385485;
  -3.331469895791843, 0.8220151639138915, 6.159475131633717;
  -3.247430613154671, 0.8971385535602124, 6.118458041101166;
  -3.250964405953011, 0.7005453327674588, 6.336945039626929;
  -5.082917160526191, -1.12915795667153, 9.536511706841639;
  -3.104312703821482, 0.7374528393258065, 6.233710592814481;
  -3.002155541166152, 0.794565404234893, 6.104290375641536;
  -2.966196568544866, 0.7462587684268467, 6.086937512751682;
  -2.986947733192467, 0.717424409429722, 6.140270911443368;
  -2.944299376957898, 0.8168872457211376, 6.095529469712484;
  -5.057106956022993, -2.303023607882798, 9.795748900320294;
  -2.916072477179261, 0.7196593988214469, 6.089123275453416;
  -2.868253961767378, 0.801101783534503, 6.098300886678183;
  -2.869781117677901, 0.7406895543101911, 6.102532695105954;
  -3.044117703492581, 0.1472099784278725, 6.433641389697221;
  -2.84694055666779, 0.7465360013437308, 6.095028099058006;
  -2.838223460291112, 0.7676885873693979, 6.085972571587814;
  -2.847380986197366, 0.744059375775701, 6.123990609451311;
  -2.812042324687882, 0.8204054749592473, 6.07886491857647;
  -2.792090952902269, 0.7981688061679645, 6.090874549993709;
  -2.792980394928141, 0.7412237269160096, 6.093657395663059;
  -3.189813656446536, 0.3220083230667954, 6.895554907677552;
  -3.163156441791952, 0.3232437200884445, 6.971128233675903;
  -2.657298600505199, 0.5252008087531771, 6.08201214173246;
  -5.068929903431186, -1.129180827443348, 10.71983285001099;
  -2.667317243216896, 0.8026002147201041, 6.108943509494424;
  -5.110231614702413, -0.02205023074025644, 10.8105489925512;
  -2.673950539198792, 0.747367987676024, 6.131597431580018;
  -5.380040875538122, -0.1347256525416404, 11.50278589294957;
  -2.616024489565275, 0.7819691646208796, 6.117578046592393;
  -5.560985523146683, -0.8880723672062265, 12.07850699259735;
  -2.55862285362517, 0.8493135828332405, 6.099337023022149;
  -5.393595745766822, -2.890300181117222, 11.85419557951289;
  -2.549341035902528, 0.8025782966704721, 6.129690644628745;
  -2.556536648055712, 0.8311971821003066, 6.144487529578012;
  -5.61961169655162, -0.7411604948232236, 12.43195918695989;
  -2.51829940492471, 0.7541953560117997, 6.165678735622739;
  -5.299609816086784, -2.337405066710988, 12.0957949606945;
  -5.307653459421548, -0.0335625440663244, 12.17712591169854;
  -2.405206499094821, 0.7391397985673358, 6.118062474332576;
  -2.371389585868386, 0.5522755324996772, 6.346290591961174;
  -2.28199029033034, 0.7912277198462077, 6.160282581945686;
  -2.283290750781735, 0.7065807210317657, 6.174652525315243;
  -2.271767274734965, 0.8538108689832809, 6.17339845383656;
  -2.249631756149447, 0.8217476804736704, 6.181116977077012;
  -2.242416667143353, 0.6463559313853362, 6.173374362800644;
  -2.266744632943784, 0.7664605745632002, 6.253616920451138;
  -2.232957816081347, 0.7973211142209589, 6.236181397348516;
  -2.211162588989121, 0.8158809895003885, 6.221951529411489;
  -2.191849337100804, 0.6551998825008611, 6.312083902831806;
  -5.369082430329975, -1.040303604057695, 14.0961613947306;
  -2.193270341058378, 0.6160755614010355, 6.346725061782587;
  -5.422138243393769, -1.022621893635123, 14.69649165149709;
  -2.170456454221379, 0.494267850629849, 6.478532623020193;
  -5.369249402092268, -2.30388106642335, 14.61810824148992;
  -5.490139586039065, -3.101778349442591, 15.04366723740076;
  -5.643296607137111, -3.252897437837564, 15.73206929369838;
  -5.614667132814008, -3.141345096423939, 15.66550062311503;
  -5.609176517805731, -3.426728855916461, 15.7840383273107;
  -5.56863895559659, -2.376919197812108, 15.76586835686932;
  -5.535966573028746, -3.312945740791234, 15.77876396100533;
  -2.154842186186025, 1.122481633394995, 6.814429706468856;
  -5.508620504697074, -0.7916997916139777, 16.26441874679464;
  -5.5738197646063, -0.9389180230402204, 16.60962247943972;
  -5.893024130266046, -0.3459201352838243, 17.54978548807036;
  -5.630277978222918, -1.20932705203746, 16.82253033678994;
  -5.756720474006246, -0.4370149128543441, 17.18156381414698;
  -5.634814644525882, -0.3246290374081917, 16.85607216613987;
  -5.435815484525576, -0.5221706916632527, 16.30399468599612;
  -5.662951528519952, -1.212255704612337, 16.95476004457158;
  -5.40638648998864, -0.6594778665983146, 16.36140742781949;
  -5.445289874014919, -1.037704724004379, 16.48837933697566;
  -5.331347193804256, -0.7549265854771267, 16.16748906367588;
  -5.480124817800638, 0.0002458627298458822, 16.6419917829048;
  -5.491656679640968, -0.1190852413464285, 16.68719601378659;
  -5.513163404963293, -0.2806994454258974, 16.75739816774902;
  -5.426353287008973, -0.95713495287775, 16.52354020243346;
  -5.358270501070225, -1.047770858704133, 16.46948313540932;
  -5.379440910770805, -0.2425698213036732, 16.58451717824426;
  -5.403210514729434, -0.07825976141927199, 16.74444129379591;
  -5.324266821357901, 0.05703141633559519, 16.63964878523924;
  -5.437734929036124, -1.254548461112291, 17.01838161155152;
  -5.320886040858027, -0.1563046904097465, 16.68508547318043;
  -5.541868184407029, -1.355454226633506, 17.37572661172089;
  -5.323400106014293, -0.9182283574474246, 16.78466299605049;
  -5.329754987635068, -0.7997219055008052, 16.87521565836351;
  -5.216894477410893, 0.1171798095741008, 16.58465718983782;
  -5.388710947525355, -0.2084955647990683, 17.10916631942271;
  -5.29010839569332, -1.244722847739951, 16.84520339014717;
  -5.364176518461537, -0.923152133443847, 17.18069362424991;
  -5.5971854954683, -1.40032055421334, 17.90356476271237;
  -5.240091526388092, -1.383304985582867, 16.9049979199586;
  -5.267668548196241, -1.234630359200416, 17.06332428353858;
  -10.36209903959027, -5.882343158913619, 32.72622813612546;
  -5.281048225624544, 0.02785175650084636, 17.16606685531928;
  -5.235711743041714, -1.018511038429215, 17.05709985306676;
  -4.973464412612961, -1.33295305046383, 16.31351288675664;
  -10.04645968171909, -7.824226253850033, 32.03386056288598;
  -5.127656072851522, -0.0005471522295488017, 16.84762106819317;
  -2.53159544618554, 1.254653443659224, 8.806212262722323;
  -9.116122518652114, -5.190885681069926, 29.29658415768824;
  -8.302043294353558, -4.677907919651873, 27.08843893996098;
  -5.301733819767103, 0.2525314525915822, 17.70612925375346;
  -9.519694994101052, -7.652998474447185, 31.22476458937494;
  -8.831236694343634, -5.189065644577503, 29.26984736146648;
  -4.970609073939372, -0.01328594146308086, 16.99835145831996;
  -8.514009944130947, -3.681662530248071, 28.66737126079402;
  -8.535632101924756, -6.28824918704727, 28.7964685950623;
  -7.78458002751963, -5.340721918861892, 26.58497589181533;
  -9.581561594508084, -7.987449784922397, 32.8651253892056;
  -8.284171290380787, 0.8185593921084418, 28.82440799733038;
  -2.342690435350168, 1.063208458822854, 8.830812739951176;
  -9.692657614823903, -7.61079949198196, 34.00704589334239;
  -4.643638077688091, 0.08676136129634596, 16.88133443100444;
  -8.045670914477006, -0.5155750738539745, 29.18235222068128;
  -7.965587188650062, -3.713912081050188, 29.10047689619505;
  -7.59072811936097, -3.691745642550234, 28.1893386071273;
