m=[-9.503403754782283, 2.1924451490378, 12.44648715914916;
  -9.376694700465865, 2.257978971600328, 12.44196661933848;
  -8.972460777380135, -0.4021633750954718, 11.94228878606537;
  -10.4577365079642, 1.885765577491298, 14.00221287119137;
  -10.18388804600769, -0.4353696133855099, 13.72508785639712;
  -10.36702278184889, 0.2524462721649748, 13.9999637443134;
  -10.30741610272314, 0.977835755632319, 13.9349622187319;
  -10.24875014210472, 0.3822905018083987, 13.8877953278189;
  -10.1678851178284, -0.03762602472628224, 13.92467886100133;
  -10.18799605180368, 1.79918677982869, 13.94854834909187;
  -10.18253088204075, 0.8490936544376559, 13.96399424055238;
  -9.987446033641046, 2.022391502874022, 13.77229341404543;
  -9.913479849192452, 2.151386513457323, 13.90185406275159;
  -9.884113583973965, 0.9273735741348426, 14.02558159310684;
  -9.978979092326224, 1.189331338274509, 14.254338674667;
  -9.82185737556061, 0.9965598974753764, 14.0705334159447;
  -9.619148521092177, 2.307848111941758, 13.83967632424855;
  -9.511828447756349, 2.344359119850065, 13.97859723035044;
  -9.738173888298235, 2.525162506843348, 14.39668113861884;
  -9.624346322267346, -0.3751987370306179, 14.25627317468411;
  -9.672149768511407, -0.2565636259459067, 14.46621382910136;
  -9.62376717632613, -0.4918107693442807, 14.40095741334653;
  -9.522555297749772, 2.369824332304174, 14.46515886110902;
  -9.524415079270117, -1.590965911035966, 14.66670012257253;
  -9.676697217487556, -2.164053689873082, 15.39533195128323;
  -9.423705171118241, 2.427360784134945, 15.14330824775306;
  -9.850026174354275, -2.107792538336353, 15.87707299806021;
  -9.755399939027877, -1.475157938832567, 15.77182556516882;
  -7.470503847143171, 2.559407823636704, 12.39053160459165;
  -9.704922319586489, -2.005169741040911, 15.91976728100996;
  -9.688531554619726, -1.991842873932767, 15.90755448557221;
  -6.680189404157201, 1.881010566115104, 11.38045233626498;
  -6.409835008966177, 1.906486544499553, 11.15674710488263;
  -6.250063866899814, 1.786712594684265, 11.03000864843301;
  -6.422671107284304, 0.9891312446522593, 11.33455339891017;
  -6.438733191057995, 1.521204334915373, 11.62778346875446;
  -9.828007571730437, -2.010834318678405, 17.60569847671098;
  -5.893943370183576, 1.684934889977386, 11.0748813716849;
  -5.826357604804516, 1.593691770521603, 11.04875116830629;
  -5.873782575288228, 1.540278653696992, 11.16625691502462;
  -5.784109532091129, 1.732253092270011, 11.06606427943216;
  -6.111232183606128, 0.5557393226442109, 11.67401477617535;
  -9.98304506840223, -4.371736170479388, 18.47981928693389;
  -5.747485860451816, 1.542332887673134, 11.08643890268584;
  -5.614832218973323, 1.574631346558894, 11.0406967898626;
  -5.983749029959093, 0.4160197321269862, 11.74777544109167;
  -5.592515613556887, 1.595037388227963, 11.06785900046947;
  -5.612400237387397, 1.64690493772034, 11.11631160958346;
  -5.562382008803308, 1.750675224396205, 11.10440501572814;
  -5.553752773390547, 1.704330298421902, 11.09026901193035;
  -5.476753822952528, 1.694170636375235, 11.04525196245834;
  -5.512374942685516, 1.588656897606283, 11.11192591918549;
  -6.3387877327913, 0.7833275319953272, 12.78904559520928;
  -5.421044033829213, 1.649335158377511, 11.09700548680981;
  -5.301968521854564, 1.623072209239513, 11.01899901715696;
  -6.211753160873576, 0.7709291905138997, 12.79829904556232;
  -6.232467748343768, 0.6862207856536949, 12.98505374784474;
  -5.228919377106351, 1.155125427790396, 11.06329280424404;
  -10.0009586901262, -2.035751201858457, 20.29804223513658;
  -5.255125903747148, 1.651157532025989, 11.12337021376931;
  -5.248280853346922, 1.708394393303566, 11.11486612933025;
  -9.9830693396112, 0.1611924463928149, 20.27556485893135;
  -5.262794599819782, 1.599060205785714, 11.16264670678903;
  -10.13120710572989, -4.375195841881911, 20.67833310849149;
  -10.12742981340223, -4.500803780364951, 20.80247973689046;
  -5.122811186560528, 1.656639413502408, 11.08303605611288;
  -5.146250298491356, 1.590399942462148, 11.13149862508246;
  -5.102036474511997, 1.600473246018046, 11.18970483273982;
  -5.056564849950373, 1.642789335983405, 11.11075805734974;
  -10.95044838041057, -1.529563564407078, 22.94863300133232;
  -5.067242449770235, 1.666391031524305, 11.14451482927576;
  -5.00324509262398, 1.702983796920239, 11.13175440648148;
  -4.978600646498669, 1.74552774718077, 11.08161412678331;
  -10.70962014009955, -1.175881583295611, 22.9160135339454;
  -5.246968335348401, 0.5261067893417067, 11.77611507633763;
  -4.954686686068693, 1.611578957853493, 11.22958026247808;
  -10.38517836191222, -1.606466718283798, 22.81852916026683;
  -10.41694758339364, -4.38422202414393, 22.9563376421653;
  -10.55351437995119, -2.10982667029727, 23.26357125717077;
  -10.02713722994874, -1.773583000320277, 22.29971968994569;
  -5.895498794861516, 0.7473400264281874, 13.84201434897443;
  -4.513997937863097, 1.821944765395255, 11.17124488333189;
  -4.666478185790983, 1.212943563433617, 11.59551323733585;
  -4.520258250733023, 1.692059672928434, 11.29112900959989;
  -4.590898161649911, 1.555889336671428, 11.48319236420934;
  -4.447145053017341, 1.797221891069115, 11.19643167207459;
  -4.42245560159232, 1.75191655374107, 11.23016080097832;
  -4.314476255563701, 1.702020791217592, 11.00787606280682;
  -4.43925921770004, 1.626107133903277, 11.36031575459512;
  -4.366727003091315, 1.690650430770032, 11.31655032965596;
  -4.365509214464257, 1.74390999737657, 11.38793476212445;
  -4.44769194838859, 0.7630385234304932, 11.62669697022539;
  -4.340715099822166, 1.065451559552509, 11.48899543882008;
  -4.659920673572711, 2.341680715304025, 12.36359478025698;
  -4.293601948642296, 1.417165331927599, 11.48930424005697;
  -10.47882439324893, -1.774910639595541, 26.72890673065506;
  -11.03474926306244, -6.287057188190228, 28.17578546220753;
  -4.313257448408545, 1.209449037469015, 11.57535864024519;
  -4.33235365530222, 1.352184554858645, 11.64674242341975;
  -10.35598217361774, -1.675189532413093, 27.3302148509119;
  -4.358725574158033, 1.127688065921308, 12.09217291569405;
  -10.42495082558707, -6.156770964176425, 27.6457171199008;
  -10.51423382739668, -4.264505864384249, 27.85630188320099;
  -10.72520680049709, -5.80532510470657, 28.62568517665049;
  -4.26329908023239, 2.491741800309399, 12.16418920655507;
  -4.056758618508319, 2.594913671116231, 11.73670993668029;
  -4.285823137486471, 2.172737059715084, 12.56231195294816;
  -4.249173054828227, 2.421239310857199, 12.46667712262809;
  -4.2244177187862, 2.350674984970351, 12.49395589982849;
  -4.255859454971311, 1.757550846736709, 12.6572739600337;
  -4.19986537593539, 1.318527206375733, 12.84512919893488;
  -4.655153579484785, 1.230075834560308, 14.79536043287373;
  -9.401689408098569, -0.1981929679443179, 28.93202428945621;
  -5.048442030090907, 2.690324858091409, 16.70033530031274;
  -4.573089611404384, 2.264532842033376, 16.43899172156023;
  -3.079679231581174, 2.560250263990063, 11.40450865814165;
  -4.622223115346213, 1.676017004742629, 16.67585725053207;
  -4.817262477247691, 1.710164323149682, 17.68371826303848;
  -2.995606031064134, 2.55363867144766, 11.39008122182853;
  -5.089968772371592, 1.886398623340772, 18.85709678703321;
  -7.523575380309132, 1.088171783096931, 27.57460571016609;
  -6.319230678555721, 1.375619236420731, 25.32076529337265;
  -4.697727458929085, 2.27771706038039, 20.29676228871879;
  -5.111811777369383, 2.595239728200576, 21.99471178721873;
  -2.453874309564101, 2.541052556447498, 17.51960045240246;
  1.121591574307697, 2.67843636034652, 26.93224960622908;
  1.534778526207726, 3.347829166764297, 30.92981302185258;
  2.052580218531344, 2.755924842991253, 29.57362162898788;
  2.362967736610214, 2.487600433072685, 28.00223425064234;
  2.286487763017574, 2.609718021729733, 26.64437025422732;
  2.316188057848798, 2.294404304321102, 25.75484427154149;
  2.557522836640418, 2.413124604973342, 27.34274235157327;
  3.047440336808349, 2.426649620143392, 28.32603779029469;
