m=[-4.664225621740526, -0.6851497648902128, 6.821545282152256;
  -4.763621033085442, 1.174079039982861, 7.00062455344579;
  -4.819860949445459, -0.1878990718269476, 7.139524291671479;
  -4.80344951045827, -0.1274163916964383, 7.184310561629785;
  -4.830292362363185, -1.080225181691881, 7.684848731852441;
  -4.87182799598892, -1.042515270135998, 7.852808445088241;
  -4.693385021080558, -1.139635361788767, 7.613686302715508;
  -4.945218719301328, -0.7477887835081131, 7.995072217428773;
  -4.910631958698252, -0.9426032748404689, 7.952640086426513;
  -3.210469657514049, 0.8424947137415747, 5.555174888850134;
  -4.85925751669785, -1.003989090849651, 7.971032253210684;
  -4.870423855131821, 0.09004882797346377, 7.993980708176786;
  -3.189631671868481, 0.4912230897203064, 5.628974285581161;
  -5.208390453270424, -0.9989842592154726, 9.102764630816585;
  -2.922172276517091, 0.7993058828540476, 5.541430262971943;
  -2.925499498792808, 0.7671520645570876, 5.561472286313438;
  -2.901980420236012, 0.869099129048384, 5.552021739874498;
  -4.952758107653191, -1.013346388094837, 8.872272964282509;
  -4.994059329470338, -0.9646104543050309, 8.94559517658837;
  -2.81729987068831, 0.7900874889995013, 5.539783278524447;
  -2.797312455636059, 0.7978194897622351, 5.536016701354529;
  -2.80406694265746, 0.8228265088433299, 5.553930687456199;
  -2.78513025208835, 0.8546980874677486, 5.561616620191803;
  -2.758660861207904, 0.7950412754723334, 5.560948855007429;
  -2.753790017455668, 0.8518531847760721, 5.553710387169261;
  -2.716380040308352, 0.8264498639076418, 5.560494255987464;
  -2.681943334020914, 0.8760074469528167, 5.559329941885284;
  -2.675754516012582, 0.8191189321071327, 5.560979145870662;
  -2.618834354726014, 0.5785291254555799, 5.540902274951657;
  -2.626319759560336, 0.8549066023008166, 5.56204847949633;
  -2.621868090015922, 0.796634724772923, 5.56111142959174;
  -2.5770559257051, 0.8333807868076806, 5.575377015287837;
  -2.547258038991043, 0.7990570750475672, 5.586605609647217;
  -2.535097146047277, 0.8236086514838832, 5.570352972311936;
  -2.540241070481958, 0.8353724890256187, 5.586816608943817;
  -5.019724348893266, -0.9965962635788958, 10.10315627651647;
  -4.971967428205761, -1.012071840429055, 10.09115305606471;
  -4.937453346339845, 0.07972299467950067, 10.02794352679113;
  -2.498502529520664, 0.875990223226037, 5.56128978660137;
  -2.509221177227037, 0.8540782889102254, 5.582783449408152;
  -5.088835818200328, -2.261566054785447, 10.45284005349347;
  -2.47611579047335, 0.8053902008285925, 5.612007937150182;
  -5.393593330912471, -0.7533795469919751, 11.30324436129647;
  -5.367641705781485, -0.5893496636659621, 11.48546338394359;
  -5.140990438174833, -0.7952516317131806, 11.29589075295815;
  -5.179921779497406, -2.180094213512103, 11.41524735323752;
  -5.084807482642095, -0.8993921100610549, 11.30829058583023;
  -5.168831154531411, -0.9809116526746567, 11.49926103861601;
  -2.262525838096246, 0.9132031436510568, 5.599300340886742;
  -2.344578300157602, 0.6094191475707615, 5.82593288408133;
  -2.296552380426911, 0.7783185847297165, 5.74435586030238;
  -2.198245707387553, 0.8671875047066643, 5.608564022415218;
  -2.225473106292069, 0.8151940485976694, 5.695111718196993;
  -2.231299600986175, 0.6215626685720899, 5.716370777269018;
  -2.179902514367039, 0.8708156600644202, 5.686527367563786;
  -2.187158262251397, 0.5368496037897944, 5.788965808885597;
  -2.159747455929713, 0.5587691608518641, 5.99166872219919;
  -5.213998081865904, -0.8831506591805038, 13.29962820197606;
  -5.226634092256309, -0.8454632862739385, 13.79347997067521;
  -5.219591095611977, -2.117032700844585, 13.82873042897084;
  -5.173621607046206, 0.3048157120930362, 13.73985755291415;
  -5.320690867775103, -2.87997619473838, 14.20097761622185;
  -2.137833762644469, 1.21816811869099, 6.27220471297541;
  -2.136397598531753, 0.9667963350307669, 6.287358229614302;
  -2.126643641302256, 1.183369719174421, 6.289669639184137;
  -5.449319017919866, -3.013257381691332, 14.82386928937919;
  -5.392917472697161, -3.166799931363167, 14.81389069655204;
  -5.427928211858836, -2.183545897677345, 14.98446872545034;
  -5.203906067081189, -2.986578985533727, 14.47937117645005;
  -2.121878841789251, 0.6661534909101806, 6.489686079806509;
  -5.494411974112368, -0.6429853620681668, 15.85254739394684;
  -5.304982942091479, -0.7558919606718211, 15.46267453323304;
  -5.243308334308272, -0.3570384518748915, 15.36529570630045;
  -5.22840758320795, -0.6570332555421337, 15.45099613399691;
  -5.249705782262213, -0.4909113439225871, 15.5206874703607;
  -5.333818440290753, -1.103375627721495, 15.76156913284192;
  -5.261064927104011, -0.8578375748074466, 15.56779385409149;
  -5.196253708423983, -0.5877887553286537, 15.38774910146325;
  -5.277933209889793, -0.2389376250901002, 15.62940391779046;
  -5.279735717040834, 0.1499836314106254, 15.67139388400196;
  -5.297466234699095, -0.1323996128083234, 15.74319922017628;
  -5.266639755561339, -0.7821942473470206, 15.66993823123808;
  -5.312880358253196, -1.154927602476431, 15.86124541090965;
  -5.201949121705009, -0.8750913186066791, 15.62545258516513;
  -5.160197980718988, -0.08631051141341735, 15.54958571245911;
  -5.101783891201529, 0.2055833605647515, 15.59027905580219;
  -5.24726165771364, -1.067032189777184, 16.0645953441753;
  -5.132997510240563, -0.004813265193598929, 15.74048911882773;
  -4.890733495849571, -0.1030994478643549, 15.05036107375452;
  -5.172655026609307, -1.123895851671763, 15.88477495049088;
  -5.192953719546254, -0.7422955283682481, 16.00497493437597;
  -5.105650016194416, -1.270255630148947, 15.83103188130651;
  -5.16187154274977, -0.6229478281105989, 15.98501849553003;
  -5.074454543155279, 0.2685832601892766, 15.76610289156358;
  -2.509350195002134, 1.337237739293047, 8.300974715101598;
  -5.077813172256122, -0.8855888278185184, 15.88218559311492;
  -5.146718114477399, -0.1031365628557236, 16.08771931142574;
  -5.07779116000581, -1.197113013739397, 16.0237734840213;
  -5.234429016236182, -2.278840178503124, 16.53942431238978;
  -5.050617716201373, -1.041421038162316, 16.00622091546627;
  -5.07157334714851, 0.183007687450109, 16.14631814660786;
  -4.904471194036654, 0.1352988372241399, 15.76086544268477;
  -2.369833046422215, 1.21873381745136, 8.119485209862745;
  -6.523301722634259, -4.654802072457777, 21.14518576847613;
  -4.881220209994117, 0.2541675134507355, 16.1336067291674;
  -4.932082622807074, 0.148335592062673, 16.49716092986767;
  -2.299689020548737, 1.138775260495476, 8.266745675983801;
  -6.718823805761767, -4.390604535768785, 22.85321267031816;
  -4.259142342409647, 0.2111186979872274, 15.18003123109016;
  -3.214495062004652, 0.6997562626853963, 12.88028229099684;
  -3.133133664001329, 0.7195071516017273, 13.19349088381622;
  -2.554533593506443, 1.29692315711644, 10.99145128713183;
  -3.07982020917403, 0.7706264537464955, 13.07850276569992;
  -3.049516607381822, 0.7860015535589597, 13.22150298806627;
  -2.955985892389285, 0.782465689606563, 13.13296650228703;
  -2.842552645148166, 0.7198859780612563, 12.72745216802243;
  0.3206874643123452, -2.479185154694078, 18.10429633294362;
  0.2843684494175706, 1.360148029349842, 16.37911008033979;
  0.3371546103045784, -2.206484940713787, 18.05512737290371;
  0.3837908378012736, -2.374829615523814, 18.29850238086457;
  0.4719567446689592, -2.925121866902854, 18.93192107219865;
  0.4777116220596721, -2.678255577673079, 17.7864806354867;
  0.5217824312285568, -3.01090266009894, 18.46562755212703;
  0.6532802847808104, 1.177907659838665, 22.30024224676835;
  0.5419862463298578, -2.623653177075991, 16.81476248360979;
  0.587625539027158, -3.095088466934584, 18.08666635257391;
  0.6344027585473221, -2.959848105233193, 17.13820481047047;
  0.5829371468167994, 1.392093241066404, 13.99779483231564;
  0.8073713012273363, -3.250491167341576, 18.13927467218728;
  0.8611818432545191, -2.491018871718549, 17.30644900007842;
  0.693138154990685, 1.328304420891675, 13.92649318678101;
