m=[-9.795641452161572, 2.251577533431677, 12.85113376959589;
  -9.45883929521402, 2.461582220025406, 13.01459636873303;
  -9.41701406339784, 2.56145448408788, 13.05968095141028;
  -9.582619241074978, -0.2613284517793807, 13.29778068740661;
  -9.467745434824169, -0.1407694852703345, 13.28120524167592;
  -9.512814473987376, -0.254059780601051, 13.39001215246821;
  -9.716355680707384, -1.505888879232103, 13.73118962727901;
  -9.238775929856784, -1.434859734946982, 13.35201938884317;
  -9.592372457875733, -2.038166367713632, 14.37219679931904;
  -9.581560162731927, -1.935407850425071, 14.57463212918275;
  -9.531555294018936, -1.318500851565002, 14.53829673437061;
  -9.152052828615759, -2.086031908471357, 14.19351923973455;
  -6.229861995147645, 1.952458358334166, 9.965750628467429;
  -6.29496823341367, 1.565153543867598, 10.06800685126562;
  -9.678983058810474, -1.888091581388776, 14.98811720147068;
  -6.181250455746185, 1.041352643519553, 10.03447500673181;
  -6.194231056052057, 1.142798487468529, 10.06046936573872;
  -6.08723215669785, 1.634991077580624, 9.920602654471541;
  -6.193317159491743, 1.527862623574943, 10.1917046267636;
  -5.88670036980374, 1.593014916802492, 10.065221157642;
  -6.234803930579624, 0.6285763962932393, 10.6507523401895;
  -5.706572630336538, 1.645097511356552, 9.934335607415955;
  -5.669942275399551, 1.574346225483108, 9.907149460332636;
  -5.667083447063776, 1.784911780344225, 9.9572110237205;
  -9.556577406104971, -1.833073623452107, 16.2676514194661;
  -9.950805212906474, -1.908691552713849, 16.9387243641388;
  -9.94736487680902, -1.7674063908678, 16.94008951897239;
  -5.471460011789778, 1.740841398313474, 9.878271381124407;
  -5.493998335974965, 1.626427602426644, 9.920091181495945;
  -5.436411838955256, 1.634985782030995, 9.881985661538502;
  -5.443118517893082, 1.682228901895348, 9.906830970230885;
  -5.426382502898273, 1.625001907656181, 9.917381307651318;
  -5.425831191524401, 1.751268160906178, 9.95508036959553;
  -5.358907720867497, 1.631540581830103, 9.92861731373598;
  -5.375719380019097, 1.749616194430069, 9.958253511983077;
  -5.306111424275426, 1.712103790540442, 9.903976044304255;
  -5.272859043283582, 1.745758233135565, 9.90687799688035;
  -5.280652854449374, 1.692573138188465, 9.934427877864831;
  -5.245439863363055, 1.618653683373449, 9.882386587116695;
  -5.196377828681345, 1.748502510234322, 9.915208740783799;
  -5.172169987282425, 1.625015154017977, 9.86177140624309;
  -5.237517905043809, 1.681648878260529, 9.993462434105464;
  -5.081322618745576, 1.198803766076206, 9.874750999039803;
  -5.067785085293535, 1.774710601668637, 9.853814882905617;
  -5.09180296638487, 1.742159922425661, 9.914185830886162;
  -5.058613670077152, 1.619917234480153, 9.867994996154263;
  -5.017056494702912, 1.709652108961934, 9.979493151356904;
  -4.917919988713524, 1.627351070858518, 9.925795668127057;
  -4.914071818635712, 1.681823303104117, 9.930344236684825;
  -4.925116323132722, 1.704040746673135, 9.96413152404495;
  -10.20520000888682, -1.131634301319597, 19.68845708745035;
  -9.886102812827129, -1.880757007295416, 19.22993561890134;
  -9.759206092424694, 0.3001822576095573, 19.01070148646504;
  -4.846791178338014, 1.784363083181332, 9.92016437480622;
  -4.865049457851595, 1.740257753233335, 9.956998947910448;
  -10.248020893961, -4.421015041401133, 20.18030413026801;
  -10.65501334518297, -0.2689149663685067, 21.01930402142352;
  -9.952064872181195, -4.1261279153901, 19.73587256287038;
  -10.17142348333066, 0.1020130114489446, 20.1483675965179;
  -4.778766453291705, 1.638359237865049, 9.9729355227994;
  -10.83724729024382, -1.025584737851495, 22.36932668059091;
  -10.2054722900786, -1.41476757600403, 21.62488841544181;
  -10.3513676536764, -1.666928203659088, 22.1756952755399;
  -4.363276380587401, 1.846013645685493, 9.947092871439317;
  -4.533971253896236, 1.258008846424142, 10.40884928810872;
  -4.418838932943277, 1.578119349224278, 10.20494786928779;
  -4.306874088231137, 1.779096678359915, 10.10582837249508;
  -4.630924121535245, 0.5248457858603786, 10.85701951449752;
  -4.284461549269832, 1.65418875020167, 10.11885473187262;
  -4.268957233232495, 1.762501799160711, 10.09839582396868;
  -4.279926191563909, 1.181009256338184, 10.1994419231477;
  -4.177266810564916, 1.75127650052749, 10.05952442873686;
  -4.224184617944001, 1.116161244592439, 10.32700876611643;
  -4.150507466135518, 1.251528719013306, 10.30397128098406;
  -4.125560877561339, 1.361027158101104, 10.25574711716041;
  -4.096405978919014, 1.137450003606567, 10.54958188059335;
  -10.55092503462381, -1.621460503445174, 26.15326725625091;
  -4.072520406494785, 2.1226901764719, 11.0221970077829;
  -10.79600649070611, -1.581332064492439, 27.72142280518212;
  -10.53901364611567, -4.120723878403414, 27.15805874428252;
  -4.107920663266261, 2.176013389994246, 11.22952876439129;
  -10.71628779582822, -5.63916827055558, 27.82481369926021;
  -4.131223891447955, 2.455239459198635, 11.30285379015506;
  -4.104620056594553, 2.388996238119174, 11.32888546288133;
  -4.116970821446657, 2.389977640091024, 11.46290531262087;
  -10.99393989390684, -5.919742062560806, 29.14951791766662;
  -10.67617941393289, -5.556711511663822, 28.31464510823157;
  -10.91371904128679, -6.249058375891331, 29.21120169754741;
  -10.88437394492792, -4.214513431311253, 29.3321548908066;
  -10.33164452094783, -5.779781478738413, 28.01110190854026;
  -4.099757729865641, 1.374576382039353, 11.71514081779713;
  -4.441720542593802, 1.135546870249087, 12.84986265550017;
  -12.01338477282747, -1.201697555630851, 33.88726239070873;
  -10.98832623641351, -1.371538050055553, 31.32746248875836;
  -10.87665525578116, -0.5563057429184553, 31.18407072402373;
  -4.518197903045403, 1.292859173193317, 13.56913898040756;
  -10.89421013289489, -0.8273570904241948, 31.52133189093292;
  -10.84160130901918, -1.582415769323332, 31.39490079343993;
  -10.77668575361728, -1.027385031146703, 31.21869027516386;
  -11.6109318598751, -6.717490317573951, 33.66351398545367;
  -10.89921028687789, -0.08144032650790067, 31.73894797671113;
  -10.83648968065124, -1.415159026957044, 31.56294023385442;
  -10.87606114541897, -2.1825691552288, 31.79740963827925;
  -10.74470006241219, -1.614875135884308, 31.58657961886774;
  -10.58273493867857, -4.216096819086365, 31.32796370169858;
  -10.39876050668141, -0.9736907007529292, 30.84745496347772;
  -4.653072903860866, 1.141107665081947, 14.37132674544102;
  -10.73531627435182, -1.987715390966506, 32.20397055060011;
  -10.43209242518929, -2.089145149434645, 31.39652554394112;
  -10.72639661498837, -1.339719714564772, 32.3982404558644;
  -10.58011254453486, -6.943621700440922, 32.08785071409365;
  -10.72832526703293, -1.103268379163082, 32.55861484417977;
  -4.843288690288992, 2.705473762432528, 15.28018151213342;
  -10.48439323795134, -2.195663222962947, 32.03364404626921;
  -10.37118545164154, -1.631261829717993, 31.79466936947053;
  -19.09795844341264, -10.84673992749374, 57.84486265160816;
  -4.385874369269161, 1.10494126685663, 14.0108719029727;
  -10.49894732019544, -1.310574814798358, 32.26969905796195;
  -17.36766930450155, -12.35130562189295, 52.78497017860337;
  -10.75462281711185, -2.169474707175473, 33.07226872681806;
  -18.67229920317647, -10.93529921357055, 56.87588364005822;
  -10.4421514629213, -2.277580483153279, 32.28814896493348;
  -10.87631066919147, -4.499955276646879, 33.63093818732156;
  -10.22760438771931, -1.921586417629365, 31.77780672536679;
  -10.20374985629962, -1.608629889564123, 31.94945658851508;
  -11.76075991136053, -8.191057401125859, 37.67082591158133;
  -5.795200481241492, 1.509686243102252, 19.02849537966978;
  -18.73597475285963, -9.68642189170526, 59.84041185558204;
  -18.15200814564355, -13.86522172199054, 58.62924504071198;
  -17.17295086669964, -9.333050812242899, 55.92579748548007;
  -17.1824677672658, -10.70762190156174, 55.93067743963154;
  -16.31943853497996, -11.7643055050838, 53.34388013509822;
