m=[-4.643670601867484, -1.045837836941182, 6.533559526610443;
  -4.575018645724287, -1.020642588746946, 6.46312373906934;
  -2.802417391349509, 0.7795914228742829, 4.44165188235398;
  -2.550533171375952, 0.8493522900956725, 4.427358323837505;
  -2.559468510762306, 0.7974078068401558, 4.453651292212778;
  -2.51329228937287, 0.5628369823234209, 4.446815678811647;
  -2.515278702814046, 0.854061145804461, 4.452454618962212;
  -4.791093635480389, -0.937186795462519, 7.759241875342221;
  -4.760293780313019, 0.08614999563856803, 7.876127661732009;
  -2.398568648695133, 0.8316002940721051, 4.476065357367435;
  -2.402822308707234, 0.8585948835349896, 4.482614203731929;
  -2.375299603777479, 0.824243674002402, 4.47345457023185;
  -2.358876469905232, 0.7822519979014065, 4.490285251768117;
  -4.837952808099801, -0.959049137989755, 8.93542964561037;
  -2.171288605865911, 0.8931658210306768, 4.516908938491762;
  -4.797039695154146, -0.9857089735185031, 8.936973335461246;
  -2.142371951504323, 0.7811863650613945, 4.51411133599015;
  -4.839170568665904, 0.08430379732874739, 9.024856586818101;
  -2.211612098943785, 0.5848007886962128, 4.655677258421593;
  -2.161595511464772, 0.7469675200020473, 4.569630269080311;
  -2.110853759294648, 0.8475524624401543, 4.529460834926576;
  -2.1111695828516, 0.7897328725971481, 4.56044789941694;
  -2.113195946474727, 0.5945230075938794, 4.656000335056446;
  -5.178180540289649, -0.7286157541584724, 10.08617020019105;
  -5.147867428713396, -0.6497935261651137, 10.11968762717673;
  -5.016954770763709, -0.5389064913918069, 10.03297207062246;
  -2.037064311313445, 0.7447785479044637, 4.674713758288009;
  -4.99547279849318, -0.7677862113365908, 10.20326231162361;
  -5.002450214312625, 0.08421986872031879, 10.3221185367047;
  -4.918094895684841, -0.9352987925191596, 10.18872513074609;
  -5.161191187171296, -2.114176255382738, 13.59987695085856;
  -5.197129616026579, -0.6262527259366323, 14.40524096074406;
  -2.361668130884229, 1.287067903624645, 7.074399464071082;
  -5.207672425634965, 0.3854357383914424, 14.6208462462022;
  -5.374049431158491, -0.1725772022715912, 15.14189805956061;
  -5.024834115606142, -1.067510262269564, 14.26079892678334;
  -5.207590598225373, -0.6729470976410258, 14.7640598325622;
  -5.126526761493727, -0.4912136435833908, 14.54637711188;
  -5.118004109077615, -0.8516765248310407, 14.53232651524243;
  -5.122622241419594, -0.5925000417630323, 14.54904176018082;
  -5.124549297061041, -0.2346577039557778, 14.57474869988141;
  -5.060013074104504, 0.5455772370636296, 14.42213936476678;
  -5.081578389802576, -0.7702994253919284, 14.51748688411666;
  -5.122867373105708, 0.1487383094259887, 14.61298251159109;
  -5.085195850865656, -0.1421416918314229, 14.5266974981283;
  -5.128709844457517, 0.03648183466972552, 14.64413121630174;
  -5.452268071713944, 0.3758502587781646, 15.52325420073456;
  -5.174849763164755, 0.7079082309282819, 14.80356572895157;
  -5.170877464110092, -1.14956931591869, 14.83200473044062;
  -5.129603656032074, -1.531075778700718, 14.73439314129215;
  -5.052169668850834, 0.4199339130384943, 14.52630041132958;
  -5.018851183399746, -0.8624847710298157, 14.47400722080994;
  -5.005823405132999, -0.08614845676047904, 14.48985332377643;
  -5.111906769692464, -0.1854605396322285, 14.83774645651592;
  -5.02747833122519, -0.5743585846139885, 14.61988853132269;
  -5.208764475515053, 0.509602261354847, 15.11103017591082;
  -4.845174070506345, 0.1984168192260062, 14.23312440484475;
  -5.066602155813398, -1.053298488632947, 14.92419996056015;
  -4.97913687656968, 0.001945882555207004, 14.68637806351691;
  -4.967262814205244, -0.0920734957162446, 14.65701285328766;
  -5.09694224099999, -1.132966938905917, 15.04841885450082;
  -4.95008891627226, -0.7241290829930821, 14.6819694512359;
  -4.916060754859263, 0.2643877896767632, 14.70034640898875;
  -4.967457644689462, -1.151409339615021, 14.90060551933409;
  -4.918071525843858, -0.884039331602014, 14.80105925446479;
  -4.941434711894145, 0.70242055219735, 14.83417113276804;
  -5.001211321927445, -0.1027837175208782, 15.06336246530742;
  -4.93146423991833, -0.719403716682359, 14.88430080756102;
  -4.949541482913063, -1.108523145612358, 14.95786515005683;
  -5.108673436126284, -2.215877014181751, 15.51714046561822;
  -4.914507689685808, -1.183351111565276, 14.92449452592324;
  -2.181531311100677, 1.113102582208344, 7.119223547760374;
  -4.810441930693963, -1.012256062864849, 14.67328656435645;
  -4.882388670963668, -0.3394590676263828, 14.93256401062501;
  -4.765542750485931, 0.1750463611253623, 14.6328134027354;
  -8.473822340272808, -5.032652287086868, 25.53206072911369;
  -4.650684402484944, 0.6812312401302616, 14.40791777000371;
  -8.662257121638515, -5.318385272242533, 26.26558911627711;
  -4.819191450972789, 0.7447590151156124, 15.17460122302389;
  -4.801171975709893, 0.3751728633841996, 15.22395182177872;
  -4.765926001824617, 0.7105043345831692, 15.17191317097197;
  -4.645286069559533, 0.2473444963028156, 14.8214435028805;
  -7.794139634425607, -4.667675973026785, 24.65993927394805;
  -3.618363299873124, 0.8083486275815995, 12.02722975967001;
  -3.60870958907738, 0.872368549141599, 12.02017533166544;
  -8.161179665969385, -4.536216373490681, 26.26062094132991;
  -7.731695304367217, -3.19649730728474, 24.96368644022772;
  -7.816410319401492, -5.119648216775079, 25.35951026856281;
  -7.648772223825238, -4.381850196603937, 24.8075967273163;
  -7.792687462910871, 0.8829877329331433, 25.61568650287463;
  -7.773910717575146, 1.008821717782887, 25.76083314826987;
  -3.492456708399594, 0.8184571629613694, 12.10502099463369;
  -7.43984783554429, -5.008208171717259, 24.88375463463012;
  -2.467142538723794, 1.270327546260555, 8.829450739837998;
  -3.456665028338576, 1.2584086552479, 12.11363840547263;
  -7.687244102117974, 0.7093876012507444, 25.95107364419968;
  -7.341058574050564, -0.5342639138621741, 25.27058490978212;
  -3.341004254634907, 1.252281511247129, 12.14424203228867;
  -3.223238413100254, 1.284223391342209, 11.76607733705637;
  -7.40541743298898, -0.2424866251523168, 26.40663597292317;
  -7.10061373966191, -3.178195841549456, 25.48040122644876;
  -3.111274007595819, 0.6921908615021182, 11.89677266542924;
  -7.091262168361459, -5.242957309110812, 26.5847874527407;
  -2.333076184840285, 1.253773494451873, 9.400615970785278;
  -2.382275068919872, 1.248751266771416, 9.673770647672665;
  -6.265395802422712, -1.242704472486311, 24.16094332016303;
  -6.097839964715123, -0.984084668076882, 23.59391073794634;
  -3.003254132028012, 0.7094746863612425, 12.11523713807489;
  -6.578735515537001, -3.270436478971636, 25.65610905350737;
  -2.950042591089308, 0.7576669091768593, 11.99457584113862;
  -2.88507780898711, 0.7635436915944895, 11.9957324943962;
  -5.995303469511484, -0.8340609026518953, 24.01333227424684;
  -6.362447140286576, -3.162424554340793, 25.46148190729901;
  -6.41612962340875, -3.312111110152431, 25.92096749529416;
  -6.959021012950795, -4.90943979978172, 28.15630764421614;
  -5.924205234258593, -1.096482876831911, 24.03961455403201;
  -6.333027550533712, -3.176305513338938, 25.70192016623324;
  -2.698676972908831, 0.7067856984692779, 11.56742585408798;
  -6.45317929481756, -4.717739608605731, 26.79615436419618;
  -6.534971207752475, -4.597641015585261, 27.33999536353228;
  -6.304047226253184, -4.194999488182804, 26.7896218856256;
  -5.899322050941137, -3.806964215173919, 25.21103374747853;
  -5.803372224030531, -3.080108969960122, 24.91561817272832;
  -6.304773277782906, -4.89704806613099, 27.24574478028301;
  -2.670310497009874, 0.6884149978231015, 12.04619377046415;
  -5.837398238207428, -3.857014229238528, 25.48170744267068;
  -6.36836033964865, -5.754232380351556, 27.92545178178402;
  -6.30656631703007, -4.389363437010838, 27.69145460789822;
  -6.338544843747221, -5.257866686003713, 27.91611228575434;
  -2.632065647365354, 0.7728273467638313, 12.11839560724696;
  -5.551013028588951, -3.799276298240021, 25.05610132386895;
