m=[-9.260750725445412, -0.3507372324204516, 11.99691249095983;
  -9.240843956590172, -0.3461494335543681, 12.08741070279573;
  -9.236226962841268, -0.4608391301863733, 12.09751776052749;
  -9.307186708501686, -0.2369756474907468, 12.18788062738035;
  -9.256749398678204, -0.343998815055626, 12.17087952379277;
  -9.284452344465825, -0.4113161056374754, 12.20941649596659;
  -8.933127782594291, -2.311964991115172, 11.80167661234464;
  -9.229112283238461, -1.533768471321794, 12.45302030197391;
  -6.182932249670143, 1.653186930342344, 8.941539285546414;
  -6.142142783423275, 1.468623399632711, 8.95168330751048;
  -9.3925053390582, -2.115360521762403, 13.21508306641393;
  -6.072516470593013, 1.506899956639036, 8.960475964164893;
  -10.11995718883065, -1.385979140175875, 14.32498305259035;
  -6.080332244521347, 1.060687778830985, 8.998183219469572;
  -6.004462894486291, 1.547294925672248, 8.901278850001484;
  -6.170638028662393, 0.9854728897796464, 9.127171390778546;
  -9.093776653991204, -2.219882257819096, 13.02640875538698;
  -9.475766316341648, -2.034196093608066, 13.54999083608002;
  -6.112301039564235, 1.462009390353271, 9.098860917836067;
  -9.387742540509889, -1.428110768964943, 13.50597547652018;
  -9.493085107389556, -1.816658427140392, 13.66315838712212;
  -9.293023534887773, -1.92543861986109, 13.55474054878669;
  -9.342770142596375, 0.1856567709652217, 13.6566022118432;
  -6.081487430105013, 0.5392868712074295, 9.52225376439776;
  -5.625803792883275, 1.565016116886645, 8.916538301377441;
  -5.579813618463806, 1.700038543577411, 8.927954215687606;
  -10.02920306367854, -0.2333166846488672, 15.32823524706723;
  -5.502798936569801, 1.640231659394903, 8.918189802053657;
  -5.426926840576903, 1.608890081551774, 8.914317387816642;
  -5.420971646190066, 1.667714758536662, 8.906639594317129;
  -5.41101381178017, 1.545267791144813, 8.895813309914487;
  -5.401072324814328, 1.567687677758429, 8.935785811334403;
  -5.390121659723, 1.611779283308413, 8.932727077632563;
  -5.368649357185429, 1.55251657803957, 8.934909734994021;
  -5.323977169423674, 1.663804515139766, 8.898891058253838;
  -5.276143654433225, 1.664793358228406, 8.905997863632706;
  -5.297232950335208, 1.555687081585452, 8.938110138171258;
  -9.660138812692916, -1.986392368163562, 15.623166082929;
  -5.247507243724812, 1.638567267397501, 8.919100415122168;
  -5.250849428605172, 1.576399365684159, 8.936066941504082;
  -5.202989106387073, 1.668885922530633, 8.902787770422767;
  -5.20216799115918, 1.613057011237125, 8.915559482911752;
  -5.201503898544027, 1.549492441258785, 8.921878179455236;
  -5.281044804196052, 1.453162585525637, 9.051146481078209;
  -5.128533188388353, 1.234691393354983, 8.881258379066463;
  -5.131773199070129, 1.598814751837997, 8.929638416443916;
  -9.601329492992882, 0.1737612282180199, 15.8858466092805;
  -6.116606869171089, 0.8225885682006496, 10.55223855621843;
  -5.071523358465755, 1.135737739271807, 8.973142392249311;
  -5.046081422671524, 1.672569975032226, 8.950760715805947;
  -5.057456931759807, 1.566383763344945, 8.984286898740562;
  -5.800680661311537, 0.5882272510732332, 10.25636275054582;
  -4.933432424744408, 1.626415710296728, 8.947056790522414;
  -4.867417268716013, 1.614350850446253, 8.966277659348643;
  -4.86043737388168, 1.629308880137693, 8.966471461441921;
  -9.814282390795551, 0.5479188358050743, 17.17510182232931;
  -4.834945583700674, 1.727659812917649, 9.019891179314135;
  -4.777836769735179, 1.657938950778025, 8.998206247078509;
  -4.739961780736596, 1.571868904651236, 9.022846575277066;
  -10.08674161650226, 0.7063992595150792, 18.68786183104983;
  -9.574896675172239, -1.967476229718061, 17.83820891919077;
  -9.848519589499874, 0.171572294813797, 18.36708907580592;
  -7.832379653692358, 0.7362466676025069, 14.95823005370214;
  -10.28062302993889, -0.4272079743878583, 19.52092634523763;
  -10.21555073222768, -0.03703062642753662, 19.43331271830645;
  -10.3832811391678, -1.461019398414218, 20.22477586311078;
  -4.333122667539308, 1.782442488079997, 9.014149687753791;
  -10.42191705786447, -1.31551449764561, 20.48742446506483;
  -4.306854307310013, 1.570434983903741, 9.07481067301814;
  -9.510423121649227, 0.6615891409587557, 18.89694478690836;
  -4.463353462127383, 1.180212672072387, 9.395830860143947;
  -4.251258317479662, 1.770313491274997, 9.010069189806581;
  -4.381357995579763, 1.514035396003224, 9.262225985430217;
  -4.287023661053143, 1.405615145011894, 9.137993932186586;
  -4.260528980280283, 1.593751547819955, 9.20339161588328;
  -4.239080033058217, 1.701159955678742, 9.170596857735147;
  -10.08641072831828, -1.550245070179579, 20.60151232829227;
  -4.193381098611916, 1.102349194845514, 9.149078955648202;
  -10.11674337476046, 0.1703226943591994, 20.87501521173027;
  -9.871077077810712, -1.758059426511973, 20.41373385229972;
  -9.805171333352645, -1.864698649181145, 20.31318990267063;
  -4.187711351594989, 1.709423095963246, 9.222938702654597;
  -4.239606142543961, 1.192763690032408, 9.341115599394385;
  -4.185755943413929, 1.04920235714583, 9.383043803994429;
  -4.10307602059577, 1.302558523819461, 9.349596377863685;
  -4.128856299521456, 1.13346278826542, 9.642061233840463;
  -4.105646816770933, 1.081477996751371, 9.720877820534453;
  -11.06417866694524, 0.6416310223160571, 25.52454070919758;
  -4.328200831292459, 1.026265470280917, 10.56987214160395;
  -4.042401980955286, 2.059811180565277, 10.10793123514162;
  -4.06272090906433, 2.366954970683139, 10.29085217818907;
  -4.077972061502361, 1.889856444824594, 10.36530698130422;
  -10.07903766208739, -1.715254224820746, 24.30463626242394;
  -4.080170623447448, 2.332512869512841, 10.43692255325652;
  -4.08663717334437, 2.054438214556593, 10.53189004908984;
  -4.049733489296604, 2.309335047849349, 10.46334000599056;
  -9.151244051100703, 0.6551887742490108, 22.79055041121244;
  -8.592571627656511, 0.584343171073994, 21.4667671657745;
  -10.16196077866038, -1.729012692877595, 25.38280518039486;
  -10.03438877188163, -4.142826646766601, 25.20594145015365;
  -4.042929470850321, 1.296432166495251, 10.74025725862178;
  -10.18472416875015, -5.593519231085272, 25.7953017549146;
  -4.360744767134345, 1.04422177355639, 11.81966325766256;
  -10.03653319810229, -5.65116498879189, 26.01699301515735;
  -10.4479696788738, -6.243758839955127, 27.34234684808547;
  -10.37632647671679, -4.250449607389398, 27.34189805563591;
  -10.15949766672972, -5.946278314924396, 26.90507418899615;
  -4.559832950437651, 1.235218571947216, 12.89380437641575;
  -11.17217198116225, -1.346243729665707, 30.96667609505555;
  -10.56425350751645, -1.528536401875635, 29.52552178323404;
  -10.58450549072174, 0.783391572258346, 29.71662092456909;
  -10.42513079536314, -0.7288581329309514, 29.2983501480286;
  -10.71080048468673, -0.3439566392931315, 30.17870437422774;
  -9.97299420119926, -2.118731367125104, 28.3039920779798;
  -10.31934741088967, -0.9887794362413468, 29.28086128698293;
  -10.11806748594727, -1.170290356277296, 28.73688112215355;
  -10.27263368124409, -1.709447817555785, 29.16864927140918;
  -10.32387819738928, -0.4727396329483736, 29.36217833272239;
  -10.37300936820822, 0.7150598987558241, 29.53318859809454;
  -10.35865226462781, 1.116883454542993, 29.5244151356384;
  -10.29303928521058, 0.2988500678691916, 29.36090125142472;
  -10.30489056090678, 0.07330134188403882, 29.42380717962217;
  -11.37111153206807, -6.852253439933526, 32.37154288600169;
  -10.24903339924677, -1.553616599540284, 29.28031342525826;
  -10.39264055285743, -0.2904956965477621, 29.68828535727701;
  -10.78436857982576, 1.475278246214072, 30.85057855265275;
  -10.42974534810928, -2.3187003189014, 29.91639879578365;
  -10.14292854791396, 0.8430753426703884, 29.16355482795232;
  -4.285112575160659, 1.006740396322972, 12.92861137199762;
  -10.12280132131091, -0.1742098434854202, 29.30145442628298;
  -10.01660729071693, 0.9799801374102357, 29.0589554858506;
  -10.22104690065948, -0.3708207053073199, 29.66746250758931;
