m=[-2.465477514256744, 0.7621571543366937, 3.945664999921315;
  -2.42537061674823, 0.7089501250407481, 3.970347842367311;
  -4.95684345750228, -0.2461841753271349, 7.165760625568905;
  -2.404962258890368, 0.7191261967382679, 3.961879945810272;
  -2.793221395282111, 0.2469647559692637, 4.57640434054102;
  -4.764913893156207, -0.02663898537738634, 7.374299904143778;
  -2.103708722978181, 0.71553729760745, 4.012604356756961;
  -2.141597327536468, 0.5085556416747027, 4.095923348570929;
  -2.104881021140923, 0.674876091012616, 4.037658902092155;
  -2.062930506934719, 0.5107033242697835, 4.094744191743311;
  -2.042817457342379, 0.5190907411666023, 4.089060768661184;
  -4.717281857930199, -1.059967288561908, 8.389792848379592;
  -4.71224091417376, -1.115805765404135, 8.394177260917362;
  -4.963226972967523, -0.789297465810798, 8.836208876937057;
  -4.745654661830129, -0.05183706198916872, 8.475870138255193;
  -2.008957460242401, 0.4941597288266555, 4.280453443646592;
  -5.110378445929444, -0.8874674666862429, 9.586642646175598;
  -4.889315132812534, -0.9120854373413111, 9.629054870856081;
  -4.795267555373391, -1.07555990925849, 9.574505301049152;
  -4.949504774512415, -0.0690367678425582, 9.853331252783679;
  -1.98454130808348, 0.7729246654040433, 4.695518892188394;
  -4.961596094043765, -1.029048930992867, 11.64122558313574;
  -4.963416106405982, -1.038129415034246, 12.0893173711168;
  -2.241635072830598, 0.5316392757728005, 5.958403578865622;
  -2.014968203234617, 0.5854813022061113, 5.522451367370528;
  -5.080258320322628, -2.31068704671202, 13.10518133891418;
  -2.103131676899734, 0.4173788966184318, 5.971829788783277;
  -2.053426315050578, 0.4284506444794201, 5.963543441305895;
  -2.139407754733304, 0.5247336679424676, 6.252665412531905;
  -2.186315157121623, 1.073253497058761, 6.39784497411271;
  -5.162747219106579, -0.8407191349459227, 14.06731551189394;
  -5.253262584506538, -0.9844783224668637, 14.41358647813806;
  -5.173374867285365, -1.222074919199792, 14.24612344130982;
  -5.064849807992633, -0.5647076925403861, 13.96849923130484;
  -5.103816374576557, 0.17373890272741, 14.06222839721278;
  -5.116279692000656, -0.01228987474916487, 14.14476462107392;
  -5.151259027037747, -0.3777037031075688, 14.25606589853467;
  -5.056882019175507, -1.062267155076838, 14.09445286996587;
  -5.233538379170348, -1.345102754765401, 14.56715095462211;
  -5.07410763044139, -0.7061364568242848, 14.13246897450943;
  -5.123710798676665, -0.8102668024555405, 14.27507025698693;
  -5.043747401873252, -0.4407584746278159, 14.07970348155621;
  -4.997947684491935, -0.9747092252627816, 14.01783681014717;
  -5.042379069923209, -0.05703157568986677, 14.11570539703996;
  -5.052901893744246, -0.1718953855431032, 14.16050935201969;
  -5.057558469905344, 0.3451120417671789, 14.14578364587105;
  -5.053003670712176, -0.3543618238634486, 14.1728929389179;
  -5.067773720353364, -1.352845698120394, 14.2836525434089;
  -5.083091551032139, -0.3998745066262249, 14.31209522738918;
  -5.005097818143674, 0.4876318031261672, 14.06963192531024;
  -4.980284385705761, 0.2131533688431231, 14.0486031997935;
  -2.146155866423417, 0.8216639981794268, 6.591975113177944;
  -4.919738639266309, -0.2891978659750538, 13.97886159806548;
  -4.946750399069988, -0.7807775923717635, 14.12591353666213;
  -5.071805381845975, 0.3020835265962026, 14.44212300350545;
  -2.143655676063637, 1.018255370134229, 6.635859832397723;
  -5.043544168552024, -2.520944642536779, 14.60530713750502;
  -2.163682890320829, 0.8937679183659895, 6.711043386142683;
  -4.811536046740392, -0.004059156944610483, 13.86533727823281;
  -2.140907104350036, 0.9489025044642975, 6.664003751939375;
  -4.998883262474381, -1.250373353230378, 14.46326299541607;
  -4.895995599556332, -0.205183564700455, 14.19080358008578;
  -5.081022616621304, -1.365372327662934, 14.74866958461461;
  -4.864896618611854, -1.468526318154884, 14.24487470326834;
  -4.850434488064682, -1.288191320329752, 14.23270040850504;
  -4.950821038462158, 0.5672475796021721, 14.45926555760224;
  -4.776361134150564, 0.0572983964409601, 14.02225256854799;
  -5.244186994946533, -0.8809507676439097, 15.35631631460786;
  -4.851520930726035, -1.349995406922186, 14.31467481792835;
  -4.860720388337352, -1.097631105789442, 14.38246115378808;
  -4.807837570163096, 0.4865645014127647, 14.18285518350779;
  -4.848769908388571, -1.31046846665855, 14.40970746843238;
  -4.868389525945141, -0.9315020577244589, 14.44770798346828;
  -4.785437586118839, -1.226360237694294, 14.35182847340584;
  -4.844489579298463, 0.751315778421246, 14.64153107022719;
  -4.700606293499447, -0.3853708785568635, 14.34706128941782;
  -4.702896040526229, 0.4855769772751009, 14.30693740769187;
  -4.693794927696664, 0.4209440116629905, 14.3886506629933;
  -8.451918715669128, -5.659404206320584, 25.61539895876278;
  -4.725495146743663, 0.1656477260020598, 14.73726022321927;
  -4.628508265150577, 0.03627675477170463, 14.52147427698635;
  -4.671754331902189, 0.4883504544934564, 14.63136621730682;
  -4.675576427613173, -0.1895952797551553, 14.68974838266732;
  -4.649405093164222, 0.2534692597025371, 14.6487314436346;
  -3.490067874522358, 0.6973508415317283, 11.35262797657709;
  -2.380641619183578, 1.13121163522145, 8.19489017352142;
  -8.331744816971877, -3.894219666054872, 26.8470583776102;
  -3.371871789344335, 1.119500892654256, 11.37434329191517;
  -3.355508937118233, 0.6386118177069756, 11.36928557517892;
  -7.956813638424106, -1.08193984633168, 25.85893131116923;
  -7.881838623468081, -1.138567401014796, 25.70857583295782;
  -7.759797713504533, -3.639092857705768, 25.56635915901301;
  -7.801164032195595, 0.5279553877779543, 25.5491217606357;
  -6.889141617766806, 0.5804882710629962, 22.75339649377297;
  -7.86797914729621, 0.4252286052081626, 26.08477252797132;
  -3.340495347041995, 0.5150941095338452, 11.69766486510128;
  -7.329614484774841, -0.9018804508254823, 25.16360378104899;
  -7.155209135610923, -3.629023724612314, 25.66215965222618;
  -7.183567955149829, -0.595462966758141, 25.58940920676124;
  -2.273529040288108, 1.141990070426755, 8.740657824948972;
  -6.859684654021502, -3.628437130601966, 25.01002959199869;
  -2.282167083829976, 1.125745901151709, 8.894930650238882;
  -6.792177322176132, -0.938052340246249, 25.03687331956602;
  -2.255540352121343, 1.083918926782172, 8.912965681238029;
  -7.088256044535039, -5.743431762138169, 26.66410368948522;
  -6.165461844783896, -1.178862795863133, 23.37541468724846;
  -2.868736394790185, 0.5336010610124685, 11.34389266505082;
  -2.879257185890534, 0.5939926228731516, 11.46714292914291;
  -6.501071971882839, -3.641998051825845, 25.32954308419067;
  -6.485484264981671, -3.657634760017595, 25.3550402371755;
  -2.80133729161258, 0.5970426421790464, 11.40782860116088;
  -6.364776649631286, -1.310215029489622, 25.09829720104957;
  -6.221868026711101, -3.51251060248555, 24.95782303818585;
  -6.073831897922815, -1.197665056705324, 24.34016715694937;
  -2.775080680951997, 0.6635805063416979, 11.62749602233615;
  -6.277607453056651, -1.111870683847615, 25.25316764234785;
  -6.300480081294603, -3.685541426221589, 25.52528027048858;
  -6.988759138188136, -5.442852507279697, 28.37949758435583;
  -6.309325304412808, -3.596418069580928, 25.67020628615137;
  -6.032313672772729, -1.498520122526306, 24.49214707953604;
  -6.15460128882014, -3.957329781660418, 25.29319975699772;
  -5.865470748431354, -3.987755438746587, 24.43520729053107;
  -6.196518395508514, -5.001073418500432, 25.84860489256174;
  -6.531383469712822, -5.087377476519972, 27.44374623593051;
  -2.577983046475363, 0.519038990084382, 11.40302505705045;
  -6.208990058037592, -4.599701611387957, 26.48720131812613;
  -5.800624358960196, -4.19113901196805, 24.9373003853215;
  -5.943422285896645, -3.595737207224035, 25.64455780423786;
  -6.637929715206111, -5.688353518516763, 28.86588677001841;
  -2.565939910143916, 0.6128527214828448, 11.60168169852049;
  -5.855176294740779, -4.329370938373286, 25.67855174199411;
