m=[-9.060376212679074, -2.271373127418364, 11.91707727984993;
  -8.828607037691841, -2.385497168310274, 11.81036800529787;
  -5.519524946973861, 1.418340608715719, 7.882169150854551;
  -9.21907581866577, -2.153939421535811, 12.60063598314023;
  -9.240072518819934, -1.601043939476112, 12.63324871913788;
  -9.261729246832418, -0.03434918754496968, 12.69732112638545;
  -5.467943592092629, 1.379819332698805, 7.94673142658291;
  -9.762241102046083, -0.4680645248337395, 13.75901222101749;
  -9.939134408410739, -0.4758831122498496, 14.15508478494642;
  -5.185134575792631, 1.408169682682053, 7.888421951481806;
  -9.88818459269122, -1.527987475013026, 14.32019279807973;
  -5.145312588608703, 1.429357703898902, 7.89487032967913;
  -5.115198779323541, 1.527146782731121, 7.888557512972082;
  -5.115279718597173, 1.470853728417012, 7.902075232171229;
  -5.123369968717301, 1.410845719526697, 7.922173999684002;
  -5.043777506948406, 1.457236507317969, 7.913669289881542;
  -5.05422970367806, 1.411792899734162, 7.944172714333922;
  -4.971090606799108, 1.063906593692765, 7.885143759491039;
  -6.085129721465883, 0.5065533269298304, 9.483561854118078;
  -4.918869156782819, 0.9834159231351434, 7.852005033115223;
  -5.996425261024424, 0.7713644797311281, 9.388088114818787;
  -4.949814627076014, 1.472347790949833, 7.913841869126968;
  -4.94676051324869, 1.417529349054278, 7.930286814429731;
  -4.853670035629738, 1.41875635620576, 7.945490153320283;
  -9.439502169494825, -0.05277299147507086, 14.60880962479728;
  -5.671214881783754, 0.4231113575087375, 9.180841657245582;
  -4.849573514264226, 1.560015731071351, 7.973715986603509;
  -4.814689059541267, 1.439677075623953, 7.931608888993473;
  -9.306387326554907, -0.07437520328267423, 14.60628179841302;
  -4.760893138096995, 1.485600834580078, 7.927455451616791;
  -4.715631541286036, 1.575572088069281, 7.946856864908696;
  -4.708791217802444, 1.416475966818731, 7.960740194251337;
  -4.662412065962037, 1.508811148634581, 7.930438952341403;
  -5.109076350821405, 0.3078242203056663, 8.628292728702222;
  -4.635264682085859, 1.424455563811639, 7.970702901707423;
  -4.290292660129357, 1.659128444826316, 8.069075168610056;
  -8.683428159623091, 0.4676771989992354, 15.45314004642989;
  -9.41797747422409, -1.585614183163296, 16.73847665335917;
  -9.441464961815937, -2.235632946220562, 16.818607523618;
  -9.868970504526915, -1.569453392281034, 17.57007794591975;
  -4.199091050604006, 1.428242527084859, 8.009326985258477;
  -9.358551329776242, -0.10222400068684, 16.71463083721076;
  -4.150053761871521, 1.627904322753963, 7.955475039256285;
  -4.319686331790845, 1.02577680035881, 8.261639047354267;
  -4.165793989181676, 1.519877616254836, 7.992357486221613;
  -4.20421125941848, 1.347972465925717, 8.064670091740354;
  -4.144626216759186, 1.561711295914438, 8.073817964788827;
  -4.12436212084776, 1.436377142275261, 8.077586080881805;
  -4.117694264402988, 1.019384871224735, 8.173278070133476;
  -4.047416719500158, 1.547202683408231, 8.08490281764144;
  -4.147382885985431, 1.053871969054275, 8.30172103275574;
  -4.143677371930516, 1.002698383443273, 8.295699933842448;
  -10.1437041437389, -1.76155396601385, 19.02874077985614;
  -4.025805426034053, 1.127096233140687, 8.111107755143479;
  -9.991686217024771, -1.586334445712071, 18.92834133816945;
  -4.075241125110626, 0.9106910302785382, 8.307429015357732;
  -10.31928014029875, -0.4785932206789263, 19.62074275767741;
  -4.001156622196919, 1.161371091799856, 8.287662761427567;
  -9.70167600194876, -1.80981531335473, 19.10655542227126;
  -9.704899095939211, -0.1353660409162472, 19.32023301796899;
  -9.669518024415853, -2.168835379635919, 19.30671240223445;
  -4.050728807798288, 0.9506968790919087, 8.76078098525635;
  -3.970361198734581, 1.836958485134202, 8.920257119314851;
  -4.149932646344881, 0.8550737419144869, 9.339237475781273;
  -3.94791309586144, 2.083878760959113, 9.043351632410799;
  -3.949773240534721, 1.900606734225963, 9.057274761667733;
  -3.937772167932443, 2.121331018526566, 9.084984219087056;
  -3.953656842208938, 1.634366084496959, 9.188681185877702;
  -3.98322400534397, 2.044817848412856, 9.25544391517008;
  -3.971902750810156, 2.20426660356916, 9.245085436185981;
  -3.969979857601913, 1.727145028579648, 9.284264158106774;
  -3.964009261459177, 2.057139368712753, 9.318301736205473;
  -3.947344206414374, 2.152824357280807, 9.30088526206033;
  -3.9711460922406, 1.54665299840991, 9.395920066669369;
  -3.99082454769123, 2.101746231422781, 9.461854193483509;
  -3.988242337582172, 1.887605009773432, 9.468070242717767;
  -10.53004381925151, 0.3769784435738364, 23.91352778405413;
  -4.274096389990077, 0.8824398115499388, 10.80502340728281;
  -9.985658398030147, -4.541842177772179, 25.75929329639397;
  -4.005836034073771, 1.163959854993598, 10.97885050906533;
  -4.203684655216952, 0.8342460352804292, 11.93633737840018;
  -9.482929470573405, -1.544232154491058, 25.83883253975747;
  -9.930554110924282, 0.7801452605395908, 27.0893015596305;
  -10.15107733800282, -2.397927336771581, 27.95341619915398;
  -9.954232759250118, 0.3388518218837445, 27.42627953404892;
  -10.44213694484954, -0.7656446262408319, 28.89852589938644;
  -9.810351136122442, -2.521416560339829, 27.30635672540896;
  -9.899427773734084, -1.377650487899569, 27.57201188212161;
  -9.889386553164568, -2.077400753952741, 27.56352474863121;
  -10.03706476392936, -1.587267644850038, 27.96406946231731;
  -9.869885917786618, -0.8625007390850916, 27.55194819383919;
  -10.04987792226251, -1.174171327653195, 28.04676412034982;
  -4.241137938019582, 1.040226138071746, 12.39521378575992;
  -9.617417536997055, 0.6562626260221258, 26.89952247114852;
  -9.769629221994329, -1.905291597913702, 27.40106075029537;
  -9.885585256787842, -0.1118104164706746, 27.67384348282722;
  -9.680753812278473, -0.6789010657513606, 27.15301557065888;
  -9.900045870662591, -0.3367910633568474, 27.74439224923477;
  -11.06305423182836, 0.3197609736012962, 30.91248771289452;
  -9.683934164132809, 0.9434769208092272, 27.22212316897708;
  -9.926732314255087, -2.649948053875678, 27.97875420103847;
  -9.907906336399034, -0.7794310053616742, 27.89697914486747;
  -9.771155823898271, 0.4181999701328039, 27.5629021040021;
  -9.601086911963421, -0.5643823888975783, 27.28036486778693;
  -9.899809024865235, -0.7769255077322433, 28.22016661049673;
  -9.70388618723007, -1.531627084992915, 27.71036462162976;
  -10.53145657883595, 0.8629259923258005, 29.96013120402003;
  -10.43885902926979, 0.6217524356296752, 29.72497459318839;
  -9.321944349513625, -0.007864273441167531, 26.86291887649591;
  -9.869781669852619, -2.468733785968979, 28.55622756186473;
  -10.79854943752837, -5.170560294139901, 31.30447507855061;
  -9.424991774850991, -0.3949867540345905, 27.31787729403894;
  -9.915053532946995, -2.664373049019126, 28.78039707850016;
  -4.665870556909067, 1.217637865097407, 14.02103057654092;
  -9.473613302205743, -1.812181296017534, 27.61485181478436;
  -9.370965299236181, -2.488765942781323, 27.49735966349304;
  -9.563683068054033, 0.1147282813167166, 28.07668342055734;
  -9.465536786817115, -2.633902103838557, 27.92857807173229;
  -9.441693956889449, -2.132090750023778, 27.93717509172912;
  -9.404348462050635, 0.9517422445688704, 27.74230834258066;
  -4.280414157332166, 1.63877296397795, 13.14740650512535;
  -9.480175848349559, -1.813906480421353, 28.13390579347541;
  -8.813604599557326, 1.432292249959304, 26.16018743714955;
  -9.540190073195507, -2.578410296438785, 28.35179865106791;
  -9.812609430634856, -4.701045154181122, 29.33081127433266;
  -4.258399402354076, 2.022777308894037, 13.18222038171629;
  -9.169471463101123, -2.349853069996865, 27.4998219623523;
  -4.236243264130332, 1.393899329182459, 13.1635334341393;
  -4.298334335533821, 1.775543610709736, 13.33204063449286;
  -9.378007525296749, -1.072204663197986, 28.20378167851554;
  -9.788481943910862, 1.518063112918632, 29.5837900291;
  -8.860344857089242, 0.9148361852453294, 26.95453996613459;
