m=[-9.850062279076097, -0.6855045774731675, 12.91144215101092;
  -9.944718661562753, -0.6067396591893168, 13.12017268309421;
  -9.840528923705907, -0.6028382677440812, 13.1479927446493;
  -9.806239060550016, -1.654666786151937, 13.31417796140007;
  -9.495073996648358, -1.616396320827841, 13.25195077300967;
  -9.820496586899061, -2.314089626760807, 13.76391094677826;
  -5.084006430128151, 0.194833767747737, 7.751647651829397;
  -9.41732498722096, -2.240499969647368, 13.53574408855918;
  -4.901172059583322, 0.306327548998073, 7.511997605456254;
  -5.016256760864097, 0.2405225813353154, 7.705039494769455;
  -9.522726581944561, -0.1921816765752087, 13.87175852854674;
  -4.210016708464297, 1.377735539660424, 7.140270234852483;
  -4.152202546241656, 1.46494699343442, 7.085286577462703;
  -4.249100650672092, 0.9453580494628674, 7.24666275988811;
  -4.210589642540202, 1.296694899223708, 7.188475329742736;
  -4.075990335693432, 1.484386587297167, 7.072616085968934;
  -4.14691195968922, 0.9480081214439661, 7.217505201710482;
  -4.490201003914629, 0.3158488722930668, 7.753086031705101;
  -4.136163163069285, 0.9614949387365526, 7.312829452495348;
  -4.088571258324043, 1.512344583353334, 7.279022258646918;
  -4.136259235037599, 0.9408658803754841, 7.392604968178695;
  -9.510044351536568, -2.390818051824123, 15.93218723105382;
  -4.098603509205778, 0.7933891756181349, 7.445443212230051;
  -9.296833925147304, -2.382631408284487, 15.70078551172555;
  -9.447040117787873, -1.775091515663193, 15.92887514760059;
  -9.84034961380174, -1.756378308387377, 16.6721348402088;
  -9.493519747860775, -0.2755343125522473, 16.11698311762131;
  -3.980028032700189, 1.232949808316074, 7.342350083843678;
  -4.011933656069014, 1.014174585340955, 7.427977349338367;
  -3.96621219240677, 1.279001441318803, 7.399665181275635;
  -3.991762480942893, 0.985448609699343, 7.636596082435681;
  -9.36940003724971, -2.649561051986619, 16.84007368353648;
  -10.12533870256345, -1.965446644168791, 18.16114533383749;
  -9.9096911867743, -1.581839406192721, 18.24887710871514;
  -9.678383407940464, -2.026975745812714, 18.23632712692426;
  -3.95437726040803, 1.771202020360435, 8.032869490856816;
  -9.353404835701983, -2.302325326816047, 17.86573393417636;
  -4.181323736626893, 0.7804349432380555, 8.52854580335231;
  -3.931783493405555, 1.798343010556945, 8.073458283035135;
  -9.899457395732174, -0.3488301268227576, 18.90567244972705;
  -3.905965791167325, 1.816656027996318, 8.112848666711637;
  -4.027731057175247, 1.670526849887436, 8.458198558437994;
  -3.958396553002436, 1.659646875484712, 8.411996348194538;
  -3.957322217620301, 1.467149639544477, 8.510657390251458;
  -3.956109940630868, 1.062994996996437, 8.846542432840904;
  -10.09042141353428, -2.355267714948765, 23.84212617437072;
  -4.04400682827356, 1.078202144943611, 10.25165902776023;
  -9.992394132576425, -4.883112617422935, 25.00438527104384;
  -4.198876755623995, 0.7179566470406265, 11.10889834145839;
  -4.532671771585042, 2.215741522503098, 12.10740458289656;
  -4.055107021145239, 0.7359700755663201, 10.98850796371492;
  -4.139517207797145, 0.6861559586555234, 11.21737903554827;
  -10.80931293909648, -2.108392630320945, 28.67632767552903;
  -10.06999349549986, -2.736033386846872, 27.07368556878573;
  -10.03309080276912, 0.3167708397357281, 26.95267832914242;
  -10.04213136386902, 0.05603082756896097, 27.07404668811951;
  -9.718168159210761, -1.040741953417191, 26.33215451644913;
  -9.399130563191831, -1.933876674633173, 25.56183849121053;
  -9.892259016213902, -2.426225256347982, 26.91253746637962;
  -10.63728302173429, -3.12195777030451, 28.88328401408433;
  -9.930411671885061, -1.722928904122129, 27.01605343837961;
  -9.98922231915185, -1.926682294614379, 27.19455262860458;
  -9.859043303115788, -1.190695991218407, 26.89528182775305;
  -9.960786712206582, -1.498293740777824, 27.17465808808469;
  -9.781093994113395, -2.252932043633972, 26.77782473783564;
  -9.835062658733905, -0.4320371470756825, 26.93226149072009;
  -4.649718781523604, 1.038522490472567, 13.24505218088016;
  -9.843233507521756, -0.6658284882678736, 26.98150841001543;
  -10.159351055247, 0.3717205911195334, 27.78782471622318;
  -10.06651677013313, -1.04888819365505, 27.58534059787094;
  -9.8800609565613, -2.999707577627413, 27.18819943264768;
  -9.954385774144186, -1.121148223126523, 27.40871898390817;
  -9.891703822075888, 0.6558257594887945, 27.21500854182467;
  -9.69079973747135, -2.437672379619054, 26.77673302317225;
  -4.221552917849502, 1.734257200255742, 12.17104559337824;
  -9.373347686371339, -1.443076509821109, 25.9351149734234;
  -9.7002672977909, 0.1026725212811044, 26.77953422932279;
  -4.26733325433726, 1.520554038517276, 12.35195911894226;
  -9.635636565766017, -0.891605131821027, 26.75892205983664;
  -9.634850525810188, -1.861757902750391, 26.88194689059081;
  -9.472422185867735, -0.5859079272720488, 26.47924304963442;
  -9.449096458982066, 0.271497174782547, 26.4176247422417;
  -4.266859097945603, 1.9269133221165, 12.47163868482077;
  -4.314078516276529, 1.676081980124542, 12.63866212031812;
  -9.494111085885333, -0.3296108651012171, 26.74430837039449;
  -9.696133696655831, -2.772363223665221, 27.41274617988088;
  -9.692386595500354, -0.7474376918929784, 27.47147587737881;
  -9.891594937751126, -3.039906822605989, 28.07751563894192;
  -10.09147302998068, -0.9534907121815722, 28.60484765898541;
  -9.57851612907797, -2.911122968817697, 27.43848713443837;
  -9.10960306060111, -0.2089950562055274, 26.19587458370204;
  -9.055301764716043, -1.866473508547687, 26.10409667618458;
  -9.492649341818886, -3.00586371466208, 27.35485383845621;
  -3.955651963912425, 1.274098221812206, 11.9211040957437;
  -9.554100488294449, -2.501801594895037, 27.61559589387321;
  -9.38140170103221, 0.6387114231700879, 27.12110877625622;
  -9.298290675527897, -2.563040766571959, 26.98712830838114;
  -9.408394706013775, -2.904394885427205, 27.32586625162466;
  -9.543026781360702, -2.174197430588853, 27.68651425504809;
  -9.545918773420119, -2.805462115512247, 27.9488010907891;
  -9.538501874106593, -0.4015497046517567, 28.17254830764781;
  -15.7895831782267, -10.94865151004806, 46.94540437710102;
  -7.623651850352635, 1.771904816110132, 23.01477079213424;
  -8.894377938754765, 0.4756469388018451, 26.76603697889831;
  -8.965921384516012, -1.302752488419495, 27.17773592856808;
  -16.67267973525008, -11.90590056192413, 49.92675911484481;
  -8.509960166089385, 0.6292410934498458, 25.87049320119944;
  -15.89525061553749, -10.1512461116273, 47.90456483883967;
  -9.060369301796627, -0.01979426111586301, 27.74220283595667;
  -7.673946682871931, 1.156172723689842, 23.64259137077273;
  -9.08948300065747, -0.2806460143575795, 27.95349461249512;
  -6.982067580925419, 1.01666946037497, 22.05763713456453;
  -6.824036143347564, 1.12302735479124, 21.60717841415271;
  -4.674386425975831, 2.096021797894692, 15.08780870696243;
  -16.15837809973116, -10.60397141933289, 50.23958422869328;
  -4.594828331215777, 2.04500442269567, 15.19976464343897;
  -6.011196667375755, 1.990850583363012, 19.63756540566089;
  -17.14512254129092, -12.48340532557033, 54.75201550395668;
  -16.44712190328013, -8.406749703238134, 52.46271766957507;
  -6.477443871178909, 1.927134359002755, 21.3221771272516;
  -6.544693511800044, 1.004705120704275, 21.59914808168472;
  -6.288170393326774, 1.886905506905203, 20.86015608801024;
  -14.98232529503759, -7.722906576690428, 48.92352591670679;
  -13.31238921016134, -7.44739970147747, 47.41599149448187;
  -4.485343878492619, 2.053933978617681, 16.88952252373659;
  -4.60234846148563, 2.043681825841558, 17.53198177488702;
  -13.69953110213906, -11.88784745110094, 51.07372266429196;
  -12.33536485617215, -7.200881076170123, 46.31639785555927;
  -12.16731737342914, -7.560991651752575, 47.25511125862219;
  -11.53945419449394, -7.201567600653916, 46.00980316279356;
  -11.58859009316138, -7.477874763150277, 46.69088077519518;
  -12.41212336416676, -10.45996996384403, 50.19839940975854;
