m=[-2.038734850163087, 0.4637465764723611, 3.643766148515516;
  -1.999350251899635, 0.6193671224380651, 3.688398516054872;
  -4.763329646338646, -1.197497517812881, 7.980011129646822;
  -4.695646394325438, -1.203419860072452, 7.930155305537847;
  -4.732103058760914, -0.1373417655254659, 8.033608938990145;
  -5.112978606007551, -0.9924889367246719, 9.170809024788085;
  -5.042157667854959, -0.9033145526516946, 9.132418206939562;
  -4.883111993368813, -1.02268624391602, 9.200919611783649;
  -4.789606870976455, -1.178953910179345, 9.148523292774398;
  -4.928097398623387, -0.1736528348814166, 9.411525449757727;
  -1.996983717746359, 0.5324303888010004, 5.062403954215029;
  -4.937513269978913, -2.411585221504822, 11.6866400806233;
  -4.909924725671399, -1.121522615281831, 11.6334766584832;
  -2.086949416520838, 0.3568428636591466, 5.521407333721701;
  -2.385677658638858, 1.183243915085688, 6.219051036407482;
  -2.247557550330005, 1.098691200121924, 6.00354271310349;
  -4.984558129884159, -2.435868558963613, 12.47306803874052;
  -2.128925538564167, 0.8745844280317664, 6.137847919710843;
  -2.130770757864048, 0.7592451509925197, 6.167597355145363;
  -5.475436684030223, -1.06800223265284, 14.52593864221931;
  -5.147052996973724, -1.398462556096351, 13.83811166394659;
  -5.107542134932999, 0.1612584240363693, 13.72079082324222;
  -5.103730802515923, 0.02847665004493507, 13.75989230016132;
  -5.106870487534897, -1.406282844270119, 13.8695500974307;
  -5.003011674418995, -1.227063834699807, 13.6110203859248;
  -4.97673333337046, -0.9598929418197391, 13.54860591033126;
  -5.23632125733621, -1.536818546968225, 14.21811883312762;
  -5.032556534752304, -0.8731498151181387, 13.69125679446539;
  -4.999898429559772, -0.6038475370824844, 13.63962742010188;
  -4.970730269159944, -1.144935066608248, 13.60843112710368;
  -5.02607675397743, -0.2207867847027375, 13.76337071836973;
  -5.009952962799952, -0.3388895940511014, 13.73289457130862;
  -5.087955979354849, -0.5301433533012767, 13.94255846807885;
  -5.162598088972673, 0.1888943499353107, 14.12072188435598;
  -5.03490688693381, -1.528659429105425, 13.85518299620001;
  -5.105700133801117, -0.02319380427953045, 14.01611240953746;
  -4.927622410726941, -1.239518860489344, 13.61555633234711;
  -4.826321869639695, -0.7430378080437098, 13.35394960008255;
  -4.936953844701238, 0.05225520937957608, 13.62945168561204;
  -4.89097333127275, -0.4525717519541886, 13.58261836413115;
  -5.075906137448848, 0.5243527330301215, 14.05548528943955;
  -4.90591516406621, -0.9479779994983579, 13.68786682646353;
  -4.866986630714228, -0.3010429637645337, 13.60519193351364;
  -4.819668417896041, 0.1384816383796773, 13.47474779188864;
  -4.981888084413936, 0.245413462279672, 13.91877809233901;
  -4.799095676342067, -0.1666121307485325, 13.51874793817525;
  -4.887600369775472, -1.39748521844449, 13.81814159715611;
  -4.926740302434981, -0.3799303054954152, 13.9640351773923;
  -4.997286358464478, -0.472167553215635, 14.16508913689045;
  -4.830312115082621, -1.468038718657875, 13.83684644249529;
  -4.753663934755734, -0.1090598848947987, 13.66979257158892;
  -4.848318813769958, -1.53522847780999, 13.97134221830449;
  -4.822442897973788, -0.993999112279641, 13.90185759624268;
  -4.829959969386058, -1.264755543391436, 13.96073056396755;
  -4.795713875587726, 0.3265052848399138, 13.86414118322055;
  -4.863958317452536, 0.1713483114202371, 14.05503244450006;
  -4.839212929517416, -1.333911839207058, 14.04521161982808;
  -4.810236213407496, -1.484931903100049, 13.97091379704518;
  -4.880853461067819, -1.112009773970397, 14.1604778046517;
  -4.753957520280959, 0.6140779750991906, 13.80435260222868;
  -4.839641198351327, -1.422328259533514, 14.1696333704553;
  -4.771124972663202, 0.5357006049429831, 13.96400150446155;
  -4.79543383052362, -0.7289664459496869, 14.11697739703519;
  -3.886292228421401, 0.9032600191511545, 11.73218906425193;
  -4.606728914725488, 0.2463552281303097, 13.86312537339349;
  -4.612152321059203, -0.6701478471143177, 13.98047701606585;
  -4.460054279320797, 0.3297840855646614, 13.55867732142064;
  -4.679377812736244, -0.4061337656400034, 14.20367665682584;
  -2.371501543695755, 1.063394952052882, 7.654643493039409;
  -4.623309556256382, 0.1378262641232211, 14.06366965668535;
  -8.585137100189987, -5.953018088886705, 25.52522940295473;
  -4.606174020667248, -0.0100631451404649, 14.10377543371501;
  -8.248620714782003, -5.890310349786675, 24.70070234636239;
  -4.578004229625948, 0.3093975995703222, 14.07392688312671;
  -4.618589056391391, -0.1426031173101947, 14.20385563137387;
  -8.300798124861679, -5.301171194245805, 25.01666262486349;
  -3.517978738501804, 0.51225822497828, 11.11394261965892;
  -4.792912443018524, 0.07979874283175462, 14.80303835633097;
  -3.546981942509375, 0.5837245971025207, 11.23092991503145;
  -2.370017121441139, 1.054815358886143, 7.840054045565239;
  -4.54000713315012, -0.08048819916469376, 14.24965282413779;
  -2.9681975448195, 0.9830385097382443, 9.696600635221149;
  -7.955450291845043, -5.220781875629704, 24.73506391219929;
  -3.335025681608724, 0.51197468207659, 11.00643038874349;
  -8.131796713617295, -4.032154524279465, 25.63790503504448;
  -7.887545957919825, -5.214306787666022, 25.13211751706583;
  -3.473071639236203, 0.7372850026022241, 11.55920052433537;
  -7.758514543375829, -5.912567097413915, 24.85686650558058;
  -7.638847485823777, -5.188716219427904, 24.4806637876735;
  -7.713693825203191, -3.976160949660424, 25.18841984400543;
  -3.331193020527184, 0.1613552483269742, 12.04387280140054;
  -7.027277659798415, -3.93129623237238, 25.02971724204311;
  -2.860756470268394, 0.4049173364554077, 11.04213529195333;
  -2.171839289794379, 0.9907384332370626, 8.669892581602168;
  -7.082206473717222, -6.145625682298278, 26.40343283234037;
  -6.595202709904634, -3.850009378806119, 24.76343717528241;
  -2.778127396287423, 0.4671304208840861, 11.05605000150129;
  -6.385521761151991, -3.968079014162144, 24.79992359914486;
  -2.754963083408839, 0.4659992003279616, 11.30339853440354;
  -6.330906616199108, -3.951005931609788, 25.24242155164797;
  -2.800732550737948, 0.1535546364808481, 11.69439261554898;
  -6.190967378253472, -3.99490173913804, 24.94364865935983;
  -6.189206761429022, -3.904016025752593, 25.05032738683351;
  -6.773359421935536, -5.708059292441774, 27.39352418859856;
  -6.007461264104167, -4.238562719255572, 24.53464551543686;
  -2.522690269095306, 0.3859368752053052, 10.93178375495556;
  -6.181119864646301, -5.39422930645372, 25.63144775030176;
  -6.155404026793971, -5.197614748225645, 25.73759911200224;
  -2.521410266814721, 0.4760016676643284, 11.17030493127051;
  -5.793754477638588, -4.682371507685855, 24.62477817077676;
  -2.51338323188212, 0.3678285509816922, 11.30930584589902;
  -6.526890093477672, -6.045710602429034, 28.2270446217292;
  -5.71442374252405, -4.610835318011222, 24.92825755713299;
  -2.636505254862056, 0.1313405856532774, 12.04939164936983;
  -5.444364210012935, -4.333339959619096, 24.12979567652744;
  -5.944908374412119, -5.844107036316512, 26.22364592987476;
  -2.481785250579557, 0.04061488765422754, 11.51419478092268;
  -2.680151707214146, 0.03022674038733288, 12.73416195336643;
  -5.748515821882365, -3.888904536226095, 26.37603824016503;
  -2.476511723615219, 0.9105881354340282, 11.93205424548125;
  -5.777999727972473, -5.377420747847151, 26.88369583855951;
  -2.365621211808684, 0.7998813943723891, 11.51045896733636;
  -5.740520794350831, -3.875287058809019, 26.78749736629058;
  -5.764908805785321, -3.908528635190975, 27.34140453393166;
  -2.37642240156858, 0.7731276482519676, 11.77148526080021;
  -5.443426462089648, -4.13858410216812, 26.21204657457494;
  -5.374216551295988, -4.725679070368003, 26.66242167051441;
  -5.69041610425454, -5.876657178868413, 28.14881791592534;
  -5.920787889932348, -4.099088132043783, 29.50608968015782;
  -6.218374250082297, -4.169330656031184, 30.96747011008051;
  -6.096978265928541, -6.094064120537018, 30.57812840458038;
