m=[-4.361859244068638, 0.9618121344815701, 6.474074836301758;
  -9.490124297497525, -0.230002502703406, 12.9311709985596;
  -4.095273893483662, 1.267185586837872, 6.599992071811321;
  -4.076411614370218, 1.018436632135467, 6.596339175945462;
  -4.021275899507625, 1.249328644528239, 6.608431505591884;
  -9.568181178819859, -2.476837485845311, 15.10915124928902;
  -9.56303794516915, -0.2776719333870371, 15.15394802429491;
  -9.540392009924922, -2.389496638202809, 15.14794581507531;
  -9.513422434484435, -2.510823357972429, 15.12849331289866;
  -9.65699607212291, -1.87203483682858, 15.35790066571077;
  -9.4472866957991, -0.3375135723070978, 15.17226988305752;
  -9.935586457163485, -1.841219832509878, 15.92938235783746;
  -4.343264406524905, 0.5495133254392489, 7.648514028648593;
  -10.30898808824036, -2.086616699999706, 17.59332316292334;
  -10.26954084758634, -1.723360953604606, 18.00844763672403;
  -9.836293015799003, -2.152262267577155, 17.64047088933123;
  -9.559492846335639, -2.573225582696015, 17.24543021695104;
  -9.808986859449554, -2.524361944897412, 17.80976167721499;
  -9.779099249242924, -0.4299940970579128, 17.85168316802916;
  -4.303605247151555, 0.7679024721178044, 9.124984754454479;
  -10.53195301182362, -1.781411666590206, 22.29558775616145;
  -4.046401961850244, 1.050604282224732, 9.373020095237049;
  -9.92798514489454, -2.448304454752494, 21.67876477405063;
  -4.264042444434766, 0.6880565108691754, 10.3868978320713;
  -8.97843500111698, 0.2951435978242818, 20.86587085294717;
  -4.183066255077126, 0.7313377595997815, 10.29062018863296;
  -4.175154304867704, 0.7856059293081347, 10.30201560393713;
  -4.527590754422249, 2.185394120485358, 11.27101753027797;
  -4.297226006909901, 1.890259199151226, 11.46102970714381;
  -4.377163156056517, 1.76620635862284, 11.76760883518321;
  -4.348633218701846, 1.511210125397471, 11.74365812558063;
  -10.77364403891066, -2.288326587901649, 27.87602259752663;
  -10.37076991740089, 0.3097784748195814, 26.88158294697087;
  -4.297446808140372, 1.903635246936182, 11.73783825732415;
  -10.28152105312625, -2.481050778864668, 26.83721076978213;
  -4.431424704581584, 1.687286546171341, 12.14762624976774;
  -4.359515589745203, 1.791665032205794, 11.98203159779638;
  -10.27518264831112, -2.984298282643129, 26.86774274312623;
  -9.993379910286153, -1.717755696627689, 26.18546283918693;
  -4.291844458211638, 1.881054591294222, 11.8246860613315;
  -10.11126204814046, 0.1496092151352499, 26.49243161756215;
  -10.0824846377097, -0.09950704895444844, 26.51316028191634;
  -9.735366375107615, -1.202740138947388, 25.66935588281858;
  -4.410427035148708, 1.6921628294442, 12.20016924044625;
  -10.37869680360861, -0.5235158595105993, 27.36283642491565;
  -9.889598897374496, -2.604250926410591, 26.16769508679987;
  -9.69635719030598, -2.041249985850265, 25.69873238008557;
  -10.03168882913561, -3.136629193318005, 26.55477368161989;
  -9.89066896229548, -1.366454339963634, 26.27709169022977;
  -10.08906408700796, -3.317596628668206, 26.78306076331589;
  -10.1854249099939, -1.709381602196207, 27.06441093686682;
  -9.87689228052135, -2.456197464200016, 26.30016687675325;
  -9.997174199168194, -0.6038013369020623, 26.68540407605475;
  -9.922660400940732, -0.8386441586929014, 26.50838832851713;
  -10.0017995831755, -1.212760607772992, 26.72502192813641;
  -10.16290526012105, 0.2072637814341231, 27.15159744018449;
  -10.02273479556352, -3.237585573530659, 26.8256503881462;
  -9.953894960845775, -1.574329311985924, 26.65462489311816;
  -9.799815155205398, -2.65408904929662, 26.33616350527685;
  -9.725505568353078, -1.658057901892217, 26.16031277331442;
  -9.768161168652386, -0.05905547303000627, 26.29665043178104;
  -9.682517648876482, -1.070301852015281, 26.19430392486255;
  -10.14625505541481, 0.9022755697405716, 27.44822184277971;
  -10.35758460161514, 1.535959713780428, 27.98315384669112;
  -9.759997251677238, -2.07115932554459, 26.50686257362178;
  -9.734954563490476, -0.7644779504162413, 26.50848866301261;
  -9.57449166191712, 0.1190788548803756, 26.09688898271327;
  -9.981375291977997, 1.368252549000851, 27.16018509420223;
  -9.868645355011639, 1.252043292870719, 26.9947687555948;
  -9.453432282286334, -0.4904269804712262, 25.95973984033581;
  -9.746308881480545, -0.9201846657788073, 26.94834088198936;
  -9.607412019444901, -1.092715513683111, 26.60495765693336;
  -9.667832236714226, -3.48271734415876, 26.87551450108063;
  -10.14073380271086, -1.147376195849105, 28.17768215573632;
  -9.493311817697995, -3.066679840674152, 26.46341233232998;
  -9.530212262629144, -2.42907096815863, 26.67635388045181;
  -9.581953367119967, 0.6230993193832174, 26.82337083510587;
  -9.675334708443982, -0.389647809562919, 27.10845150331842;
  -9.670298833247296, -3.259056842680836, 27.11751068401691;
  -9.98532666083967, -2.223931341242436, 27.9853618593216;
  -9.495895906549986, -2.683473855314095, 26.73878395056639;
  -9.749423871413617, -1.050130776600856, 27.44790693048378;
  -9.816055561362195, -3.439357902581438, 27.64739669205067;
  -9.506953500709885, 0.48959374423321, 26.84347078168963;
  -9.470658664003425, -3.424501244656859, 26.77732134220711;
  -9.330344390190302, -1.623777843850197, 26.39641686922194;
  -9.843348579501713, -2.91626945689906, 27.80180444690151;
  -9.588899146514294, -3.152515650822339, 27.10221321511218;
  -9.70474591416048, -2.404945859366788, 27.43917916455622;
  -9.568956056717939, -3.008101729918153, 27.29601530132216;
  -9.224533463528028, -0.9089630789424934, 26.39721243035302;
  -9.336370535133794, 0.8939299276661694, 26.72343344310525;
  -9.228248654484711, 0.9657275972853118, 26.80016930696451;
  -7.811279109140748, 1.702529350815821, 22.9169187087533;
  -9.384127527074378, -1.299241346184745, 27.35467454221221;
  -6.129053680079938, 1.973462253467956, 18.32857846431712;
  -7.908841941772596, 1.345898290355542, 23.3419946400785;
  -9.247414449451156, 0.3245575251715181, 27.17009002319659;
  -6.840094087097514, 0.8886056207550858, 20.48073537008699;
  -9.256324086240715, -1.522239186887126, 27.35837721523011;
  -9.084201051305124, 0.4792629127937176, 26.93043452061584;
  -4.874803008826959, 2.133605039517708, 14.95101111629908;
  -7.933785283713736, 0.8638409304420122, 23.86521059517955;
  -9.09143941723555, -0.1905387759466375, 27.20972893402423;
  -8.930085326446434, 0.4280030106864415, 26.85683404808901;
  -8.818089710638843, -0.8816597593312704, 26.56653883655012;
  -7.019176217776914, 0.9038279020219685, 21.49416020352531;
  -6.977424000914316, 1.033059475969815, 21.39718519273537;
  -8.250435882161662, 0.4803437525785839, 25.23836452964887;
  -4.95299749673096, 2.144595804519509, 15.57480415139308;
  -8.408141310038227, -0.3356089639598881, 25.91718498138385;
  -5.855710699430049, 1.852662204988798, 18.46637841752156;
  -6.363158865007924, 1.791434244282808, 20.30418824854386;
  -6.751094926758515, 0.9111935226632599, 21.58133229037295;
  -6.579066978624542, 1.866133353649528, 21.13176627790392;
  -7.040494863323891, 1.363695778429633, 22.75574610666456;
  -4.915853481181866, 2.118655808071484, 16.25160805071227;
  -7.689674057246673, 0.3138902457462499, 24.87190720601665;
  -6.342759860591546, 1.934113475386936, 20.97377903901282;
  -5.817843762576431, 1.86750941040601, 19.41184683930229;
  -6.101580838126778, 1.847246371452905, 20.5886308267853;
  -6.092983030427681, 2.188200154784071, 21.02222201717868;
  -5.845863557958668, 0.6943252640541303, 21.89158678643259;
  -4.292707255936952, 1.903536686408279, 16.52491059181314;
  -5.659270543049696, 0.8197983741513285, 21.86921924730627;
  -4.719812245156003, 1.850802302917939, 18.52808376956011;
  -5.251483573419162, 0.8917211630715625, 20.94984799652309;
  -5.467427111731372, 0.8019502874069507, 21.85572588859781;
  -5.199741154267244, 0.6438541340544505, 21.86847345295272;
  -2.020313339775295, 2.123012775914777, 12.92721242845132;
  -1.238247208180776, 2.173483072341796, 12.1166236370745;
  1.563022660306595, 1.727788711942617, 20.69898479709749;
