m=[-4.760565723743447, -1.232329051680061, 7.517427419898878;
  -4.768318130859453, -0.1384526676555802, 7.556055464032678;
  -4.716845385700886, -1.181386066770583, 7.489264408250169;
  -4.720236645359703, -1.245785153129159, 7.506243837735501;
  -4.790203834919018, -0.9285939838336231, 7.618049558657493;
  -4.677588544962658, -0.1671114332007226, 7.512171281689763;
  -4.925491488908563, -0.9127707411471855, 7.896870261798138;
  -4.882626160770537, -1.068358988048905, 8.756533026640756;
  -4.83922350942989, -1.245383630857798, 8.786373010857385;
  -2.068697670170598, 0.3616764897174594, 5.089133355943706;
  -2.068249730119283, 0.3891662756936459, 5.103318209745247;
  -2.24559992751067, 1.083914413808453, 5.590212879607631;
  -4.833275107586941, -1.213532772463329, 11.00175903659369;
  -4.844043543985792, -2.440972689698201, 11.03763543442894;
  -4.64026454127131, 0.1525370926444168, 10.78396854570221;
  -2.125914866451212, 0.9351451672451003, 5.669977189953946;
  -2.136662140616025, 0.8469303239109987, 5.693455479029402;
  -2.150391754341673, 0.8676934020138564, 5.781134516880565;
  -4.935399136979543, -2.497248377910613, 11.93472613789568;
  -2.137053445709756, 0.7426555984954322, 5.771198397367105;
  -5.018707686810862, -0.84369266755713, 13.02557829153334;
  -5.285787683578455, -1.12270355792808, 13.67659228214667;
  -4.993708440437427, -1.205040008336421, 13.03476453010903;
  -4.907259926192096, -0.8435057776971747, 12.85839961985943;
  -4.998205599651159, 0.07395492405282311, 13.09575594310965;
  -4.983676747302186, -1.447446577571735, 13.03141261274063;
  -4.967903574830618, -0.04902972253215777, 13.063726698076;
  -4.913989437720675, -0.6070909004741824, 12.95677417994135;
  -4.982690021893331, -0.251333794487513, 13.13657529505263;
  -4.854467378484497, -1.278338110457091, 12.84483056261495;
  -4.794882712693383, -1.009405292868567, 12.70811349138403;
  -4.91029538422737, -0.9438040350642176, 13.00626475173346;
  -4.951141705708475, -1.548083864929616, 13.10611300849598;
  -4.856179841892018, -0.6709099299444356, 12.90168374415258;
  -4.972933238490933, -0.8345887051295829, 13.21393166386843;
  -4.86059062670422, -1.208737529249949, 12.94276994941125;
  -4.910740104169807, -0.296594955834921, 13.10821251900982;
  -4.961295428217916, 0.1011813871078067, 13.25478224985403;
  -4.933248084133671, -0.7802530660309602, 13.2102938301555;
  -4.94314589776337, -1.596755593447402, 13.23023170579101;
  -4.801939849966453, -1.300511873880329, 12.90480187925243;
  -4.92264837124264, -0.639599912341553, 13.21248620357763;
  -4.812419440343597, -0.02909449399548525, 12.95540783662989;
  -4.757323562298812, -0.5258727537620526, 12.87008025998534;
  -4.89885427098548, 0.4356401947603857, 13.25265707111293;
  -4.921272492863519, -1.786219740013308, 13.27936488064471;
  -4.666066885688519, -0.9901814206195406, 12.67242095555081;
  -4.697624582431431, 0.05842479952839921, 12.80416668989304;
  -4.751768617805965, -0.3731524692900097, 12.93916717462363;
  -4.881798497910767, 0.6691996887285916, 13.28379576133336;
  -4.824608028121591, 0.612102057074351, 13.1972700781459;
  -4.66463010794378, -0.2419925790488407, 12.80937763530809;
  -5.078980596011542, -2.763076986163822, 13.89347643458006;
  -4.809896707342998, -1.46558438186234, 13.23353004628882;
  -4.843125972033979, -0.4572572353384883, 13.39114235100679;
  -4.780426635444286, -0.5437100372089322, 13.23801331312322;
  -4.628495376772468, -0.6634394942662181, 12.90324137404516;
  -4.805537617601554, -1.731135667132389, 13.35886812732212;
  -4.915175335659495, -0.5561289043059937, 13.65761601107249;
  -4.741446989956853, -1.531657252911314, 13.2171858627034;
  -4.721807251291223, -0.1901579540228456, 13.22960773315003;
  -4.761735424017314, -1.213676354501474, 13.32874187433114;
  -4.76236221504374, -1.604997883922793, 13.35464502954151;
  -4.839506078916069, -1.077854496963417, 13.56343497203766;
  -3.825461267316422, 0.8719908604994169, 10.97755206359644;
  -4.625765934052524, -1.620779805220228, 13.02869416170835;
  -4.65931663291385, 0.2399477683051704, 13.15586847973163;
  -4.71683679375485, -1.332945131284972, 13.28178838515886;
  -4.804207651830841, -0.5174712248547864, 13.52546019553165;
  -4.617520880219748, -1.669652192370032, 13.05556929043921;
  -4.862329150115149, -1.440552661052727, 13.73328629948949;
  -4.787532843447099, -1.186404815774779, 13.53626077483;
  -4.632328330147066, -1.456221011035102, 13.21399160273828;
  -4.554262542726956, 0.4360571991088303, 13.03563643762849;
  -4.655627805168863, -0.4587542341223265, 13.32268961412579;
  -3.80687463964392, 0.8297380900505459, 11.16870046917718;
  -4.729878698533097, -0.9031667215746013, 13.70157662024605;
  -3.803878868183657, 0.6473304313198227, 11.22669043158933;
  -4.598640856406988, -0.6366861830959247, 13.40501006626358;
  -4.693779164022885, -0.8418851215717854, 13.67274906063798;
  -2.338309878110858, 1.012463575354692, 7.352864284886324;
  -3.650949878734074, 0.4742997014409264, 10.931741195907;
  -4.565070275045735, 0.1602207750936092, 13.4127621307784;
  -4.499741223176196, -0.09430576890994906, 13.46725566072226;
  -3.463490712661435, 0.4459781956419959, 10.60592040029233;
  -4.379794521495048, 0.2099157144485889, 13.17203703308058;
  -3.52693671497479, 0.5221891910357048, 10.81581369334646;
  -4.411200361895825, -0.4336294449626167, 13.27977804055349;
  -4.517557075750229, -0.01007790002826168, 13.6607516668287;
  -4.215613980499697, -0.1682652310756526, 12.99417354133666;
  -4.306344474675788, 0.0921282621778371, 13.33741966139179;
  -3.360188396624375, 0.4535237520949014, 10.74156757274701;
  -3.384535888552132, 0.6555614900318403, 10.93923663945773;
  -3.562736351092763, 0.1454298557322754, 11.52351156423521;
  -2.260197029558028, 1.000770445820259, 8.161975682811251;
  -2.169664087779023, 0.9621050171911796, 8.3521896386551;
  -2.85234899641671, 0.3387793694595101, 10.68147502608746;
  -2.777184701171444, 0.3881938151524429, 10.49345894581495;
  -5.391910815746177, -0.5146364102545137, 19.80451910643796;
  -2.77192846318481, 0.4015398150868615, 10.71161218360311;
  -2.392758798578744, 0.9382838267097899, 9.393008271869009;
  -2.598744315094189, 0.4412763118808741, 10.36722244712356;
  -2.487220343773927, 0.3079782345182617, 10.46046532813017;
  -2.473298612263286, 0.4024424319884052, 10.67128904978803;
  -2.696805281914531, 0.05963479744214834, 11.67841043400447;
  -2.441776223628641, 0.2900405166916994, 10.69357027962904;
  -2.59746033923677, 0.04998201013299723, 11.5912273514539;
  -2.545268856519627, -0.03444703016023468, 11.53079279114698;
  -2.495015659236249, 0.0605194485549798, 11.49004627995735;
  -2.526908742589907, -0.004342143288247814, 11.73219125150253;
  -2.401470762288047, 0.8267094895250727, 11.3480545062663;
  -2.607817516722179, -0.03796682661786367, 12.49225242538592;
  -2.312023744654937, 0.6891998564992713, 11.21805655838678;
  -2.279889934799491, 0.8782088218495286, 11.34820144706163;
  -2.31399766330365, 0.6930201928817474, 12.08370820185507;
  -2.326693865529771, 0.1572094870369626, 12.23130565499189;
  -2.250492445036625, 0.1518057991363865, 12.16236711202469;
  -2.368010688809537, 0.6277310613240814, 13.07074518571814;
  -2.30412651953277, 0.3788129382102751, 12.9060283744821;
  -2.321606525557368, 0.7404826880940709, 13.03876641297924;
  -0.5906471277356231, 1.036757058993715, 5.779660880161491;
  -1.099218691702216, 0.7746402709714578, 12.48981828775366;
  -1.000695020949014, 0.8411315834344445, 11.74462865957988;
  -0.9056613052903936, 0.8352118016739339, 11.91019615558806;
  -0.794698340788535, 0.8701098729036468, 11.18308256604137;
  -0.8371850119503207, 0.8209324787583484, 11.88046558582452;
  -0.8595131216964086, 0.8022049218970374, 12.71825373312623;
  -0.6112291428713733, 0.8583101094244889, 12.00850748307199;
  -0.8746272095394068, -1.289006454252409, 16.15845668674856;
  -0.3977116420400462, 0.8684211512936859, 11.50620889317729;
