m=[-5.014010764705322, 1.312042206137828, 7.001086001573535;
  -5.024346750144769, 1.311832148149093, 7.216646338710434;
  -5.106825926899984, 1.27732403520716, 7.325116129024544;
  -5.084170941543493, 1.234939719640952, 7.317765933740139;
  -5.03684108140495, 1.256200090605802, 7.317840005050605;
  -12.02410677236767, -0.5676133081967429, 16.20262799878377;
  -11.79638951392419, 0.2493098215327511, 16.05725274843666;
  -12.06507261234668, 0.4419588375967538, 16.6228362842188;
  -12.23004733206219, -0.3261300100068312, 17.49686424778395;
  -16.5809521547897, -1.135945910020701, 23.50357972206077;
  -12.08809906249004, -0.3324849084869987, 17.76177062820141;
  -11.99293666167108, -0.5724424283822992, 17.7560905680148;
  -12.32911147987126, 0.4721264012099549, 18.24338958351289;
  -6.749174446143871, 1.788313145450473, 10.51390865409515;
  -11.93953108752021, -0.3220147628106358, 17.83546766662144;
  -12.4063015957442, 0.3843443386669579, 18.56135665479607;
  -6.639864991832761, 1.793917503421056, 10.54167469787637;
  -12.00262191351583, -0.4653617255196987, 18.30242421208996;
  -6.731231715934309, 1.624618374397049, 10.71236987051545;
  -12.28376755454195, 0.3106704349691217, 18.7801346882112;
  -15.15826433958202, -1.085858294688874, 23.00715621430977;
  -12.28948839153421, 1.419745778617183, 18.88164625597056;
  -12.08036539692265, -0.3411734785888184, 18.59533272568734;
  -12.27155537114298, 0.2539836781194785, 18.89160217492323;
  -12.40672118689445, -0.1904358623390303, 19.09548794984819;
  -12.30982453789068, 0.6177588340131244, 19.01889283395584;
  -12.25237333069068, -0.02562558000507539, 18.95591513321287;
  -12.18590345013714, 0.8975968460669008, 18.8681840974485;
  -12.21457244790051, 1.336628071442986, 18.91748400904352;
  -6.598811581027394, 1.644788730551989, 10.68138264872193;
  -12.13719582669235, 0.9932238732231515, 18.82581679229135;
  -12.05888378927263, 1.292691011753883, 18.75985711520498;
  -12.18412289288062, 0.3086322974471466, 18.9612989127257;
  -12.14679341107285, 1.138413269533356, 18.91560882226034;
  -12.09083692193164, 0.5578681838829623, 18.84780449590379;
  -6.46388691657944, 1.775003067903532, 10.5390667060026;
  -15.43330472290376, -1.082278122935924, 23.82294268398607;
  -12.06920193379886, 0.1027947467572991, 18.84891687907476;
  -12.18587493105842, 0.7266720805447982, 19.02996926540336;
  -12.00827024865663, 0.8947594328419768, 18.77025625191602;
  -12.17667592503332, 0.4796051814922617, 19.01937385009737;
  -11.88748849186691, 1.783169571096122, 18.61015742896962;
  -6.492088534807206, 1.81250525392815, 10.61540085306463;
  -15.40833175741921, -2.71559913736456, 23.83722344653556;
  -12.15183410646406, 1.026538270990183, 19.02348181902979;
  -12.05704493929361, 1.695814387243388, 18.95245564200333;
  -12.37824852457787, 1.543929773808784, 19.45893876050848;
  -12.13490389090548, 0.8688038585295775, 19.17507400918801;
  -12.326945206588, -0.1559115726680465, 19.48349702133083;
  -11.90791373259963, 0.09113722531788619, 18.88790629345323;
  -12.03895030256223, 0.7909014364016546, 19.1386290104156;
  -12.13206666115217, 0.3773323760172511, 19.28763345087425;
  -12.05633623012438, 0.6262501221519744, 19.19924938500508;
  -12.02774809585768, 0.9476109678713656, 19.17655653806976;
  -12.01906784468236, 0.2524079685801985, 19.16096301699242;
  -6.319876825531398, 1.737925254328528, 10.55096600540544;
  -12.06359622097301, 1.726014886237506, 19.25467295450347;
  -6.32170058589733, 1.805696611545122, 10.58252329903008;
  -11.81840685065591, 1.272655611996061, 18.92689501208883;
  -12.30425258519826, 0.5377323743829492, 19.67530907561503;
  -14.64279422095142, -2.998701786767026, 23.2341521261929;
  -12.00328438603991, 0.7403459267571224, 19.25259116419306;
  -12.00910658959576, 0.6119299728165247, 19.27460397826318;
  -12.24396790914905, 1.098013690795913, 19.69590790067087;
  -11.80386772121458, 1.624378140606938, 19.03730669442023;
  -12.08078438215408, 0.2606950762987683, 19.45731302626132;
  -6.192587183514251, 1.689531052375106, 10.45994471585011;
  -11.89452861796675, 1.482130708519628, 19.26319733143363;
  -11.78258266032342, 0.7208501775230571, 19.15993739104994;
  -6.187786441817819, 1.779104494850553, 10.5575190760797;
  -12.01184731955079, 1.45082299070982, 19.58150833472801;
  -12.00817809970696, 1.628002668598548, 19.58628265307251;
  -6.220701630590734, 1.763421220700044, 10.627494898443;
  -14.56016092902123, -3.793533796694973, 23.54227435003767;
  -12.13860105054651, 1.865463444154564, 19.82635116263154;
  -12.32399114552611, 0.9883853437220838, 20.13707782248858;
  -14.4259396692934, -1.067536672401958, 23.50181624115244;
  -4.709126293011362, 1.792275786225849, 8.43531452841666;
  -14.59914971053531, -1.094787068051857, 24.08596479792108;
  -14.51542439225078, -0.143862198822425, 24.04881296665603;
  -6.03916945372156, 1.753494044863965, 10.59983934682868;
  -5.894304672342858, 1.564464769393187, 10.39771875866228;
  -13.86008779958368, -3.610103664317883, 23.26525736303308;
  -6.740244135650741, 1.382345383753161, 11.89703377826032;
  -13.44496653501109, 1.611057269223323, 22.91082621807268;
  -13.3288769928925, 1.226763446076633, 22.89551819825108;
  -13.50694522155992, 1.729848814314662, 23.29255900867416;
  -13.70697843639954, 1.902458146507831, 23.65432884596836;
  -12.84730482817482, 0.8536231864617737, 22.22968941946038;
  -5.835482689499296, 1.805097460634832, 10.64642231301933;
  -4.702800907737999, 1.827639878737244, 8.861626285542911;
  -5.638207828545477, 1.830624388730306, 10.53733124559901;
  -4.67420404262164, 1.83093161950137, 8.933425720968991;
  -5.95412331176791, 1.375078178255118, 11.17862658262407;
  -5.524930489358106, 1.696783428446522, 10.48796619492348;
  -13.20529513468987, -4.019092242878945, 23.70270053135481;
  -5.563544220828997, 1.626514012639891, 10.65156260453244;
  -12.77112303236285, -4.342992232980492, 23.15424643445173;
  -5.448379401592278, 1.798160609853288, 10.4655644537998;
  -4.728441600361299, 1.847169330932829, 9.215094624395274;
  -12.84444285394073, -3.930899504252023, 23.48693535247929;
  -12.88463499590256, -4.492453692471043, 23.57821109548966;
  -12.84441121570773, -4.06852873899778, 23.62513449179978;
  -12.62956092916033, -4.609180128776687, 23.34040846033379;
  -12.6138002177571, -4.422371049052464, 23.3640708438317;
  -5.368622875847227, 1.777453041650337, 10.52929162151043;
  -12.84222564506863, -4.216315783163419, 23.84286279233779;
  -12.18568262345012, 1.210694569694333, 22.73748919842188;
  -12.55054654412797, -4.19432536862254, 23.61532267733475;
  -5.474487655016075, 1.459767234426529, 10.91913706801964;
  -12.74391988791461, 1.669925476565124, 24.25877716264571;
  -12.59497427827618, -4.282134392469398, 23.97380156624566;
  -12.46006106198709, -3.988897973106561, 23.78208613154262;
  -12.52920293363857, 0.9091756781754493, 24.06508886863088;
  -12.34019652248909, 1.154833101347463, 23.7285241445952;
  -9.971742210364425, 1.889993254153067, 19.36625821571126;
  -5.226046917370243, 1.710981706158842, 10.64242058157716;
  -12.26206162866443, -4.04924166948803, 23.66953896308871;
  -5.229390894720341, 1.786182432227031, 10.68162442356593;
  -5.364128713608232, 1.430239429462183, 10.99335363015024;
  -4.730090432797101, 1.840509121096038, 9.8742286408096;
  -5.272442461886261, 1.478388968258414, 10.89469877613434;
  -11.79540933987929, -4.776895771411075, 23.14188978863558;
  -12.27378671059695, -4.066867537465886, 24.24678958256923;
  -5.77551303267024, 1.278233374599995, 12.03869614067144;
  -11.34353786253679, -4.16104922458103, 22.88537440258863;
  -5.732368181201375, -2.822132994572371, 12.05636302513328;
  -5.072625120003939, 1.785614165722422, 10.80024107510618;
  -5.136233517830303, 1.66859259912983, 10.96317952384376;
  -11.74114685500045, 1.827963662239791, 23.84235306300063;
  -4.710989649837386, 1.87666501565212, 10.15852224689846;
  -5.396466002872202, 1.357026434279852, 11.56562596876209;
