m=[-4.743192943799077, -1.199029271017728, 7.034604194261761;
  -4.712683335238918, -1.155329173565562, 7.030497020358222;
  -4.708873072985536, -1.216840720055109, 7.034616313950044;
  -4.721700069246359, -0.1376793339173973, 7.125018883954762;
  -4.896997058710956, -1.045015510616861, 8.338008541953911;
  -4.889264622263163, -1.286922488936092, 8.36085736188976;
  -4.840135523538795, -1.246097490070686, 8.322776643455395;
  -4.851257480557216, -1.150999980882673, 8.347334187292985;
  -4.844699129669418, -1.218613680089817, 8.355321625384558;
  -4.898167760197024, -0.1815558177122774, 8.49492355238282;
  -2.054694809955257, 0.3836176952068175, 4.589071271931949;
  -2.1083724505469, 0.9601299286886036, 5.169286412972189;
  -4.807697807031844, -1.132797814274408, 10.57950878962303;
  -2.108201698018073, 0.8779913031986855, 5.219312911365884;
  -2.099518318910275, 0.8146059435499131, 5.207870233766873;
  -2.110153018837663, 0.7638025038654472, 5.2496311229534;
  -2.140607837822561, 0.5149714449614284, 5.469552982378678;
  -5.089751005302425, -2.548336536532188, 11.87942896537749;
  -5.145544962166736, -1.053402784810917, 12.94319813517328;
  -4.992168450679674, -1.168943298016877, 12.65032927199576;
  -5.044009836889539, 0.2259096714809232, 12.83125317029443;
  -4.993867032976214, -0.817627798656931, 12.69090970685816;
  -5.077348862052415, 0.1238701723981594, 12.91231048669903;
  -4.988949636023325, -1.416405966048826, 12.66547173414445;
  -5.04434292242296, -0.006400550064328342, 12.87514864440536;
  -4.93853487070506, -0.2101913841908816, 12.65393991252249;
  -5.1278153942569, -0.5899924268703956, 13.10364715310114;
  -4.852503427433496, -1.312311780071326, 12.46483584035536;
  -4.921929762315545, -1.261963513292795, 12.63134603996241;
  -4.938168518316689, -1.421061971765373, 12.6674887410645;
  -4.943458066601248, -0.9176249321014904, 12.70645491673878;
  -4.935561361672783, -0.6429036368299943, 12.72173819697266;
  -5.068589992888978, -1.556274639169271, 13.02438077067774;
  -4.890059213460774, -1.180453710754323, 12.63192150581786;
  -4.953808630059863, -0.2574188926633956, 12.83862334754705;
  -4.943717533070624, 0.1440451139438292, 12.83389541016752;
  -4.96540256331769, -0.3805735824491173, 12.87602490646615;
  -4.979957943883189, -0.5642750180506152, 12.91967876802178;
  -4.917034178764897, -0.06522654630944053, 12.79883224029075;
  -5.020806311473003, -0.7546561066478936, 13.05183705513476;
  -4.994116144275675, -1.581773024284567, 12.97865901709197;
  -4.899464110875876, 0.01065367515222495, 12.80010038268249;
  -4.787389769206659, -0.4904404207207102, 12.56561533561613;
  -4.840899598095047, 0.7829062614013334, 12.73613199368523;
  -4.911906905903188, 0.4833739706326483, 12.91925707286517;
  -4.747594829249624, -0.3353976388957684, 12.55034803414877;
  -4.780947649207087, 0.1024194685010359, 12.64324168701325;
  -4.958159234218701, 0.732233782887192, 13.11397812860243;
  -4.797352750026383, -0.6755528538575294, 12.69312743458941;
  -4.77850155431745, -1.120139910444516, 12.66457515529304;
  -4.952143500770334, 0.2100417469776447, 13.12388618360878;
  -4.870346703794583, 0.667372269794525, 12.94583525099083;
  -4.774866968974317, -0.2065697062722382, 12.71862580499154;
  -4.904381094272963, -1.609943394520913, 13.04565423136333;
  -4.923444734619292, -1.469626306403508, 13.14840962061551;
  -2.918822178790851, 0.9918877673709715, 8.285496123365807;
  -4.885720341301722, -0.6091015838890439, 13.17015895115254;
  -4.909302358542697, -0.5148939400318706, 13.27567546964628;
  -4.705104024966469, -0.1465845662417575, 12.81163048901247;
  -4.861635519257368, -1.1985662968294, 13.21073966600271;
  -4.841947235119153, -1.599513020782224, 13.19188986069077;
  -4.814888504496066, -1.039876877148332, 13.13063862663386;
  -4.702507927945274, 0.2858680059890504, 12.90074436291776;
  -4.810563719631293, -1.551852958842318, 13.21308910487814;
  -4.828705752596819, -1.393559993646945, 13.26241380858074;
  -4.829698913657665, -1.165471524676558, 13.27821188332947;
  -4.756527875382233, -0.9457374133025972, 13.1478868754078;
  -4.697445598844706, 0.4971362290010931, 13.06316633854467;
  -4.678401333216006, -1.435609240354613, 12.96908058694225;
  -3.818604462009292, 0.8804554852906773, 10.81591052737162;
  -4.780072510157565, -0.425613720216243, 13.27950233401768;
  -4.866354709838396, -1.021436903992632, 13.51387291886791;
  -3.71543738570146, 0.6872174461148055, 10.60260418111817;
  -4.679320981753607, -1.229972346726751, 13.07140589642521;
  -4.791996489369939, -0.783852611293048, 13.37722838321509;
  -4.773445306833024, -0.8736728936033422, 13.45889377547492;
  -4.718439771400518, -0.6109846676881511, 13.37303493792674;
  -4.665913592873585, 0.2040206161117819, 13.32978944469425;
  -3.495431445659804, 0.4876347481664267, 10.29975554717426;
  -4.594524450937324, -0.4447186433213216, 13.24764045236942;
  -3.462813658392279, 0.5601238581058561, 10.24706134528555;
  -4.572241212705428, 0.09201798591982224, 13.21848353651272;
  -4.635839700741031, -0.04890640815629813, 13.49246475555809;
  -4.546897848729744, -0.3399797105361578, 13.26665517882869;
  -2.34560618408323, 1.051445856940602, 7.34836323008667;
  -4.633216462010822, -0.1961206605253995, 13.54683658888645;
  -4.56464350145448, -0.4100046159995404, 13.35865458687843;
  -4.516082913788362, 0.02639108390731761, 13.30909441029857;
  -4.569888373871939, -0.09583455918542577, 13.45958697102743;
  -4.514732981220184, -0.2486987751594478, 13.37081999271962;
  -4.527592707270552, -0.1280434002907105, 13.52097093477125;
  -3.322576502346835, 0.4880485860303396, 10.22656248060155;
  -3.497447015691713, 0.1945133657148075, 10.958949344338;
  -2.996198355157093, 1.005912327882951, 9.575942837818381;
  -3.204860396074155, 0.463983897915601, 10.19549407779681;
  -7.58363289767781, -1.484288175199443, 24.09504256877291;
  -7.461174605613747, -1.521619831751882, 23.78013413531503;
  -7.092695307266244, -1.310869504138817, 23.83465457531161;
  -2.850154237894012, 0.3775154945974276, 10.29720303174929;
  -6.856669901187453, -1.006870816406104, 23.98056600048307;
  -2.773860867557374, 0.4413968684386276, 10.34402521230632;
  -2.692237497657897, 0.4974258615868756, 10.34412609318836;
  -5.900699813316462, -1.562135928161792, 21.83971556101916;
  -2.521113783839138, 0.3545110720902311, 10.24324992773091;
  -2.565319413051605, 0.5022785774750114, 10.52589388037997;
  -2.489014892831546, 0.4448748378221076, 10.37512331312566;
  -6.18909273141285, -1.715205882572541, 24.36205793144767;
  -2.445343272661584, 0.331022425928977, 10.36753946785678;
  -2.928068537057422, 0.1204776547413579, 12.27376069649156;
  -2.596814523256358, 0.08911337812597035, 11.24200868411774;
  -2.582542494300626, 0.09038924643278964, 11.51694980433581;
  -2.567857776670718, 0.02850781186634556, 11.55891249185972;
  -2.361062699918291, 0.8657008555738182, 10.8396298276204;
  -2.399520907252343, 0.8798018377265057, 11.01619131044313;
  -2.480537832234698, 0.1032798442756089, 11.42688037950867;
  -2.468898027808357, 0.2751877861909283, 11.47804277097663;
  -2.338761052717584, 0.7999367938294517, 11.23183770260284;
  -2.647982037551685, 0.1304335291853025, 12.60241063941703;
  -2.368475171796126, 0.754713993814166, 12.01434198151097;
  -5.62778612547617, -4.152458410471348, 27.89167481044345;
  -5.615988178176638, -4.024183201126562, 27.87734630903531;
  -2.267195074860207, 0.1849162371889597, 11.9270041327104;
  -2.375937982728917, 0.2752557395526886, 12.55320271747;
  -5.897196646563813, -4.180048857039673, 30.74512307255904;
  -2.322792048742493, 0.7920600908712907, 12.77923064886156;
  -5.622185404134017, -5.231547747058599, 30.49347942051565;
  -5.593225972183563, -5.092278804770886, 30.7851297401744;
  -5.313657604958261, -4.438613034363792, 29.33913171732411;
  -6.097786752775129, -7.023781521091376, 33.56412361391067;
  -6.139209222051814, -5.40097908052683, 34.07276812660112;
  -5.837449060236041, -5.994154220709392, 32.71143230273766;
