m=[-9.226347980273966, -2.294560090788764, 12.8360039106898;
  -9.257175878262578, -2.235444772637896, 12.9454695559539;
  -9.210870425641838, -2.338061276749856, 12.90298540139173;
  -9.346071652776338, -0.2127259680619391, 13.1973467877695;
  -10.71890154625618, -2.648738095386999, 15.47187111693339;
  -4.078093898792022, 0.8226654673458496, 6.825672387437888;
  -9.822795451385245, -1.521671806110274, 15.52064545421773;
  -9.566259224058449, -1.985334214628221, 15.44924311771669;
  -9.443921374704493, -2.371651936497104, 15.40850969922852;
  -9.516223738507541, -2.332098110377429, 15.56755649983664;
  -3.947396812695524, 0.7950726043742582, 7.923517859962415;
  -3.899024378186145, 0.7607396956778836, 7.940417183917226;
  -9.854737872777353, 0.7775117150439709, 19.21253562847482;
  -9.539366987751189, 0.7518750570739987, 18.83408529006797;
  -9.987228888080075, 0.6901099723590544, 19.78202300219765;
  -10.09440432173177, 0.697515713869917, 19.99430880414806;
  -10.06017417600108, -1.662565621736026, 19.91735606293235;
  -9.593811786738511, -4.769653358930801, 19.98443811911497;
  -4.05235526016494, 1.917983564370045, 9.041415307211901;
  -3.940864806980474, 1.891971704486576, 8.860937765622946;
  -9.324175470582834, -2.212134540826901, 19.65969261603408;
  -9.574130844013265, -4.718978698651994, 20.24292151066791;
  -9.129661536822296, -2.058797676560173, 19.35347618579553;
  -4.025008607163999, 1.746472994541804, 9.083145082293797;
  -4.035716587643062, 1.638779837492411, 9.120338938892713;
  -4.049682423238516, 1.539330557271506, 9.189625337857349;
  -4.053258891407221, 1.776292744359485, 9.226991643096108;
  -4.039567335156814, 1.938094880152099, 9.289210281236755;
  -4.068216622259228, 1.670016854867989, 9.394427686143766;
  -4.142273279996116, 1.148917712089918, 9.758392526283707;
  -3.648607603862137, 1.364609027997866, 8.98217662309216;
  -9.718511264396321, -1.44827711432589, 23.74450201674165;
  -9.713307585337939, -1.883346843232148, 23.75704807824972;
  -9.832914999148379, -2.20267096833357, 24.17724998655012;
  -9.774969653207572, 0.5659756312395373, 24.10438912195821;
  -9.825420603721428, -1.505226901906206, 24.21449813878895;
  -9.932020772026565, 0.3568049508508297, 24.48514524180246;
  -9.981443323762495, -2.756793003738963, 24.60778113751024;
  -9.878514751792451, 0.1055165314197793, 24.44197200722583;
  -9.657642511072069, -0.293208449037406, 23.97593610461802;
  -10.07529213515589, -1.043763490685053, 24.99628280498271;
  -9.842390168783417, 0.2688874492258294, 24.45764288067425;
  -9.419058768829396, -2.445105208333307, 23.47712626322871;
  -9.69716562589384, -2.382342863688447, 24.14519130364204;
  -9.647926948055289, -1.676683364533362, 24.06567605233331;
  -5.712730354249905, 1.982574137624124, 14.66780078246662;
  -9.727569800466522, -1.15282047890866, 24.31326717423745;
  -9.671952317090115, -0.8170427467712401, 24.18109367267728;
  -10.07827282697898, -2.987651278896562, 25.15775021955521;
  -9.528572517646742, -2.195350086353627, 23.89037933663442;
  -9.674704307376299, -0.3776581479584723, 24.31807521595328;
  -9.588398381343284, 0.4060540247446444, 24.13307670513452;
  -9.54362537671479, -0.002311777097159709, 24.08980548813488;
  -9.827565822791279, -1.367240586668868, 24.81365304958321;
  -9.661246028898443, 0.8561872745405562, 24.43105512650894;
  -9.788912572513187, -2.998944622940015, 24.7282952330398;
  -9.629725359764297, 0.152428001465912, 24.38255318338456;
  -9.744620927129471, -1.075855356480699, 24.6582026892357;
  -9.306506561147616, -0.8409814531988037, 23.68367997200796;
  -9.671192441949261, 1.09107754901679, 24.64278617081846;
  -5.693591891006881, 2.037474839443787, 14.90594990450312;
  -9.235778483225291, -0.533349974242571, 23.66578153947443;
  -9.428096405461297, 0.3272162164231268, 24.14691998105689;
  -9.77685631557312, 1.578844055244862, 25.05616019415098;
  -9.510975459928581, -1.242977137962782, 24.40714056664235;
  -5.83896189039597, 2.015755189154003, 15.38509633686132;
  -9.541095616993097, 1.4424334295037, 24.57039179218103;
  -9.115303603870054, -0.1719089732472441, 23.53849174107391;
  -9.378588995704861, -0.280319512651285, 24.21288295726028;
  -9.587198614399854, -3.428875400955241, 24.72485958901405;
  -9.856149598355659, -3.131547972068802, 25.47203068719381;
  -9.437848840855718, -1.867707381134127, 24.45690561195476;
  -9.59407870391591, -2.761058369630434, 24.92464986289863;
  -9.370431291015013, 0.7704927652985039, 24.4484708024207;
  -9.252192929904517, -0.3359978914619766, 24.17543323733142;
  -5.640766202637012, 2.027515240520167, 15.1651279606628;
  -9.415917883577642, -1.06006442968195, 24.67302252676178;
  -9.263951618852159, -1.13359760209944, 24.31271948789114;
  -9.390462536790855, 1.368708363976773, 24.67249588479239;
  -9.628630832074792, -0.8912843111423389, 25.30138888095394;
  -9.483882915032037, -2.890195881777406, 24.95871623358923;
  -9.103119222851271, -0.160447704314653, 24.04946629596493;
  -9.418113753602389, -2.211764030193688, 24.89692224452647;
  -5.786040241910174, 2.048805831323121, 15.67716751909439;
  -8.819134650756086, 0.3780217385509014, 23.42319869282929;
  -4.354705955301947, 2.050580050393959, 12.05350821169547;
  -9.506094231649643, -3.025490845941673, 25.18775534318042;
  -9.476642789318561, -1.945455114726147, 25.12998169413831;
  -9.152024503029965, 0.6903061383070848, 24.34423495064367;
  -9.151094255352323, -2.428838691143588, 24.34674505553237;
  -4.677492775358682, 2.179627832248079, 12.97881481984527;
  -9.22220750221387, 1.263219598380224, 24.66484975448559;
  -9.571398900919427, -4.74734717515256, 25.55558844683723;
  -9.218788138819193, -2.545332014253996, 24.6535800643566;
  -9.395285394325963, -2.1508792671511, 25.12826973806344;
  -9.546788755703329, -2.306741745391499, 25.60221266431646;
  -9.174221243918234, -1.704405496035671, 24.66284574775942;
  -9.422333724314941, 1.14615369083729, 25.38874983498259;
  -9.324256854845185, -2.756376284146927, 25.1181576550517;
  -7.417945845473734, 1.840237623429805, 20.19878325145321;
  -9.044001192118579, -0.6867814319938275, 24.43256681122106;
  -9.396330878889685, -0.5824774178102917, 25.40888604466838;
  -9.333811681255099, -1.830360740402249, 25.2407736156384;
  -7.073167406416967, 1.448912873381372, 19.42129018625309;
  -9.117241440574007, -2.281897425924862, 24.76714519371344;
  -9.408857042848153, -1.421800532477475, 25.54046443714159;
  -9.069222487392819, -0.03455381957625421, 24.71402194173683;
  -9.370406277074334, -0.3759438909952454, 25.59215014441809;
  -9.246023987801557, 0.8759864363542658, 25.28838871817081;
  -9.373404858112325, -1.593552006703073, 25.70930643576731;
  -9.254016941598179, 0.4538953137298113, 25.43155756035315;
  -9.371470532460929, -1.08397440527855, 25.81388259209581;
  -9.45550477951913, -1.50857390207094, 26.08067931072082;
  -9.092172212503652, 0.5532058406301094, 25.22669481898551;
  -9.35139390004429, -1.231947859247942, 25.94547240649851;
  -6.740128591332879, 1.057614327574909, 19.06874270087884;
  -8.928330411268114, -0.7376418482312444, 25.0320954423789;
  -6.627994029159801, 1.192884184303199, 18.82940551699717;
  -5.855963337637184, 2.043529632373375, 16.76376364679887;
  -9.103914409403272, 0.03871932112855531, 25.7532673200995;
  -8.668521540168671, -0.5175823412209697, 24.59543851136969;
  -9.115104134780303, -0.6804634706861412, 25.91905162128641;
  -5.881971358884703, 1.945030496992449, 17.1320028796742;
  -9.009339057303421, 0.2152084670666119, 25.78214772796242;
  -5.969180623163347, 2.098717028206747, 17.49519390597652;
  -6.316710742059867, 1.981479216431731, 18.5322450014008;
  -9.135196757323483, -0.1145527841198227, 26.50490521594709;
  -6.196299439800397, 1.026438010174969, 18.34085367912557;
  -5.872689201380468, 2.021662555476707, 17.68267130059554;
  -6.782531070370402, 0.4962051671075805, 20.48057822000245;
  -6.040113650000758, 0.2403888547974811, 18.38032741991524;
  -6.178361044578014, 1.015318425249473, 18.87094311108938;
