m=[-4.638430605063327, -1.153561276143787, 6.453139802807241;
  -4.610830939318214, -0.1378733694371757, 6.431563324649027;
  -4.621918962950591, -1.116111946143884, 6.463408712527621;
  -4.630407711744463, -1.175369586815053, 6.486475256540938;
  -4.795108609142124, -0.9951531692394828, 7.743967306696561;
  -4.741192524965838, -1.190655659550392, 7.735633124024372;
  -4.713927917145395, -1.155221092957857, 7.711497880127318;
  -2.04749156403067, 0.7782749363708335, 4.64621132953398;
  -4.78774616363836, -2.359824879026995, 10.12290007130369;
  -2.029708449328201, 0.6866061401321659, 4.907793189958484;
  -4.675331358330228, 0.2547983329399067, 10.0264455979167;
  -2.08325280626182, 0.7344750110119948, 5.136171783037734;
  -4.89035536369747, -2.48928348384039, 11.06092226847186;
  -4.836178767198737, -0.7206995844088058, 11.81586905308861;
  -4.8701885507167, -0.9442977227224841, 11.91162768531771;
  -4.850381340972549, -1.086533766033003, 11.92615640641133;
  -4.88371778608207, -0.748171878783925, 12.03579775472049;
  -4.870364015898007, 0.281996512118038, 12.00997584337929;
  -4.912051642326828, 0.1764640232885402, 12.10954957286763;
  -4.926969145847671, -1.360788578398763, 12.14671811276521;
  -4.92685566505564, 0.05262579786989052, 12.19030099915389;
  -4.741242955814618, -1.230785169702969, 11.8176096200467;
  -4.890919533634725, 0.1336166170224462, 12.15358883974601;
  -4.835502830757955, -0.8403470713592078, 12.06162166252907;
  -4.856686774935347, -0.5755690361144267, 12.13889240197749;
  -4.864921262152906, -0.4109665247037823, 12.16291322512552;
  -4.792619069214016, -0.7045286894043715, 12.00467819151831;
  -4.826849432917749, -0.1884190936895388, 12.13263825296255;
  -4.796820241321312, 0.2031380098635642, 12.07313528501216;
  -4.799477974703581, -0.001162589982556666, 12.11473484041934;
  -4.751738725034117, -1.198785609784473, 12.02266088588678;
  -4.878396673644039, -1.494552266619861, 12.32357857076842;
  -4.888884456668966, -0.6801563452458138, 12.34396033511668;
  -4.877554870041537, 0.4322527754816976, 12.33420736374144;
  -4.821830607794159, 0.07632429539726951, 12.20891944925523;
  -2.234303516705054, 1.052107367272922, 6.184389040834116;
  -4.679076749910153, -0.4228242615973544, 11.90755688842171;
  -4.861959436662617, -1.685036442752659, 12.38928918019645;
  -4.846348140653686, 0.5467517767561596, 12.34878963026832;
  -4.601110922931239, -0.2657060687076602, 11.78989796461147;
  -2.309752051121694, 1.076303074745183, 6.408955735686297;
  -4.883844627453833, -0.9421134348658502, 12.46743510855711;
  -4.671545556273952, 0.1621329901640354, 11.96460365741135;
  -4.801034254593162, 0.2717813763021093, 12.29313539027725;
  -4.78407516893983, -0.6252246245762362, 12.27693159567615;
  -4.855280159619012, 0.7840690268049045, 12.44312829606779;
  -4.64034750403071, -0.1386967646687809, 11.98007408657811;
  -4.776565303943675, -1.708345464664604, 12.31850003403278;
  -4.770124683840456, 0.7211527462965177, 12.28410625827591;
  -4.662228284996068, -0.0879267342425822, 12.03929421887697;
  -4.744825965375161, -1.450268151924966, 12.26048707118751;
  -4.710626254328861, -0.932211521219544, 12.20694923366363;
  -3.750958262996539, 0.9594439444871875, 9.964079693049126;
  -4.608383957385772, -0.1673557073938792, 12.04143488336431;
  -4.703227184700027, 0.3867273988595766, 12.27122945904814;
  -4.676636461669369, -0.5265058621863961, 12.25443532908147;
  -4.663726652328967, 0.6797622216514918, 12.25347273220752;
  -4.746932376071507, -1.446618914142442, 12.49249270745621;
  -4.734990709615521, -1.111972355486059, 12.51701759078475;
  -4.592259148225319, 0.4476173751631914, 12.20348256238241;
  -4.557222003788898, 0.3437357845580594, 12.12213572480607;
  -4.717912538720196, -1.574272233611372, 12.53810855443325;
  -4.668289318323204, 0.2001006804017724, 12.39875255213645;
  -4.741884288622004, -0.4113967353507615, 12.61697606350479;
  -4.620974397666769, -1.275863366671951, 12.35775902132965;
  -3.729985765568241, 0.9253316596864342, 10.15660879429178;
  -4.706767726100114, -1.077528642554978, 12.58854032122143;
  -3.479036584629513, 0.7126681166716474, 9.552633946904987;
  -4.726584406047519, -1.55196991997106, 12.66949484096556;
  -4.612533731000459, -0.8569259049620941, 12.39976722704546;
  -4.611021744636628, -1.363080316261109, 12.42140504446425;
  -4.627811306542995, -0.9075139309374749, 12.51466619569042;
  -4.565167090678211, -1.142587163127671, 12.4013559260608;
  -4.739161714062854, -0.7161489028758511, 12.86451592033597;
  -4.517691219548573, -0.01721244434332818, 12.31090317622278;
  -4.59088766659853, -0.1841879766436345, 12.53848370984723;
  -2.915820924570914, 1.017521135038255, 8.347069473904858;
  -4.711964395957389, -0.8010707349520687, 12.92394155633324;
  -4.493695692999514, -0.5197744686332384, 12.37796486921619;
  -4.567544007654859, -0.08033427947973301, 12.56181646039291;
  -4.724875819768522, -0.7538280100780961, 13.03240534606645;
  -4.49102303503973, -0.06588562187910392, 12.52667263805918;
  -4.492487710957702, -0.371160876179572, 12.59545469021627;
  -3.008041962285339, 0.994689194472271, 8.761311542636401;
  -3.480825443403723, 0.3704187005984239, 10.04286653947415;
  -2.971515077209221, 1.044761364384235, 8.709274480415644;
  -4.386090282146142, -0.2618858206119854, 12.44477657925304;
  -4.557671172234921, 0.01938396230239713, 12.89279740310857;
  -4.518425279242325, -0.3373108306922634, 12.84826770247645;
  -4.461449494273765, 0.1065718251306603, 12.76739050562913;
  -3.197576793693257, 0.529689436959472, 9.464727886485857;
  -3.625502041948653, 0.1648710962711761, 10.60714939302542;
  -2.903490744950332, 0.999521397771135, 8.742412667642853;
  -3.431424072293792, 0.2510405536729121, 10.36155210930341;
  -8.038682410304194, -5.706297354830355, 23.1484761233657;
  -2.205757431415058, 1.035172703136798, 7.170511397500364;
  -7.765576963724591, -4.591415268051882, 23.094886332694;
  -2.956085197203644, 0.9679216663981628, 9.406978474334503;
  -7.358585565028596, -5.350240953339923, 22.18524628767197;
  -3.008723957210346, 0.9620592257530043, 9.651911270088139;
  -7.822778788890993, -5.618547458155654, 23.87822772607703;
  -7.745523254410679, -3.911998736072126, 23.62840519855767;
  -7.588975505917169, -3.986234783446143, 23.52137581683059;
  -7.441685712426194, -5.158036935750993, 23.14793161270091;
  -7.383382501884834, -1.402178032866161, 23.31179579594659;
  -7.238858463280086, -3.821359854695203, 22.95614937647791;
  -2.247383793279768, 1.024140800751437, 7.802273335124982;
  -2.73883275254185, 0.4250425202877622, 9.521537923264205;
  -2.741530451010053, 0.4827895929259928, 9.597427796639488;
  -7.089358089259302, -1.202989106125016, 23.57280803092499;
  -2.434033990193494, 1.108896093420938, 8.754476213376119;
  -2.637114798389884, 0.4822417086568507, 9.468177730567723;
  -7.002148687914105, -3.884321841611354, 24.048943191592;
  -6.772205112972837, -3.889373935775035, 23.47663314881861;
  -6.774561918458868, -0.8795324462048946, 23.45872058147537;
  -2.620055255870024, 0.5462123014924396, 9.680088527468929;
  -6.608460384203209, -1.254311065915209, 23.6270451739772;
  -6.66038014427929, -5.959245538264551, 24.25056303930181;
  -2.46966118885773, 0.4044120213091597, 9.643204644023092;
  -2.388193441927115, 0.4914683744052331, 9.59336606466948;
  -6.363274430318964, -4.051719503972722, 24.02291118847873;
  -6.25957730893224, -4.014009747534412, 23.72317065621841;
  -2.328714608944148, 0.3768518025849052, 9.503299567055867;
  -6.306536838130528, -4.296369158219624, 24.31637302797273;
  -4.647908010108819, -1.208273833684695, 18.14284613492469;
  -5.990749208642161, -3.857844992474903, 23.33264669277645;
  -2.791157104452281, 0.1817436961370337, 11.37070459422148;
  -5.915440476472329, -4.220630744166041, 23.24157104516954;
  -6.036556676553303, -4.022061543460414, 23.74644958684559;
  -5.894908673642441, -3.838121937060702, 23.30901803727818;
  -5.838798509387998, -4.295112476560082, 23.63364098573083;
