m=[-9.264280648289079, -2.182862348108116, 12.01671977974245;
  -9.175440418907858, -2.096592278949425, 11.97135488733263;
  -9.259155556906825, -2.236645448148076, 12.10009760326743;
  -9.12783709621759, -0.08292063071212415, 12.03186404212832;
  -9.928855678770184, -2.209153573354315, 13.35292043714939;
  -9.800116037240708, -1.362518662609787, 14.64250074952141;
  -9.564931560121286, -1.83712072260017, 14.60605353066148;
  -9.492513514730318, -2.30988525420117, 14.57635571385463;
  -9.487242610058335, -2.250844550753342, 14.63897292860633;
  -9.585460535678365, -2.081535612906616, 14.80346123993869;
  -9.293805128228046, -2.139585165827847, 14.38636690285311;
  -9.620651643291513, -0.1304375380037452, 14.970001876154;
  -9.455977660053565, -0.1472206923384304, 14.91613914852208;
  -4.189408624242909, 0.7867086260267027, 7.261043748532206;
  -3.996232207745538, 0.8380220374634594, 7.021589893359209;
  -3.926914693733099, 0.8762022249851914, 6.982335809156017;
  -9.686428659080182, -1.466659160092354, 18.27029164340904;
  -9.618783129784733, 0.9403928393663568, 18.1739039038447;
  -4.073357848251534, 1.620717915333046, 8.286750697956476;
  -10.16440507604277, -1.484712744379135, 19.33172597143579;
  -4.057425853432362, 1.650452438838052, 8.318198704057263;
  -4.058160564727843, 1.774061107875957, 8.486081306771306;
  -9.935899650150084, 1.711586085801462, 19.3984672821284;
  -9.602977184399814, -4.63157623902643, 19.24896069094977;
  -9.616758240422648, -4.585172443297752, 19.57363551988517;
  -4.028988994796586, 1.531756545626557, 8.793829978568507;
  -9.229415464868023, 1.99003641474617, 20.13460122166267;
  -9.0030137825793, 1.919933513060183, 20.71221907881361;
  -7.918633385910496, 2.207989819093203, 18.34883390588573;
  -5.687764285949555, 2.194382843575118, 13.68047390371155;
  -5.830155082116341, 2.190381590915965, 14.13522808064023;
  -9.743706472783181, -1.249272238310818, 23.09087806138401;
  -9.855977889073401, -1.695724897432383, 23.38356994775242;
  -9.695765406302504, -1.970216964889102, 23.14562094115241;
  -9.79450493360075, -1.276791866782547, 23.43406989243685;
  -9.805710742569181, 0.8009388692781068, 23.4588743254412;
  -9.823021297871796, 0.5844025489432875, 23.5102780186829;
  -9.919660854839691, -2.558864469861161, 23.77318547916892;
  -9.572219327112331, -0.9617003027304103, 23.00013704330279;
  -9.926279774232429, 0.3418312695661282, 23.84593596556355;
  -5.778977425373443, 2.237416075532977, 14.30542702460296;
  -9.717225068006687, -1.657619125246991, 23.43860226003558;
  -9.639603397658949, -2.29607806976328, 23.30132536115801;
  -10.12669363655454, -0.3015205345429198, 24.40321843245344;
  -9.817499682460285, 0.504540506944188, 23.68742310260625;
  -10.06442177250567, -2.593243869564036, 24.34362077614533;
  -9.839187777009077, -1.50621767574152, 23.8251876464249;
  -9.813716660722379, -0.941848658801013, 23.81774288087703;
  -9.892884506855266, -0.6075206420341471, 24.01023581308267;
  -9.74398382623704, -0.1547002125835497, 23.7795444168965;
  -9.539224385969471, -0.7503587799829886, 23.33111361662915;
  -9.769317632640687, -0.400692511489681, 23.86672474919494;
  -9.692802931971627, 0.6452497489006859, 23.67539202256864;
  -9.761104055605744, 0.2287197038180981, 23.91157669902116;
  -9.964126253743292, -3.654186611614247, 24.45712452837242;
  -9.866798882496207, -2.817464582390269, 24.22965229673387;
  -9.869308827235219, -1.154499098138696, 24.21975232256356;
  -9.934397011926311, 1.131283448130215, 24.39351772770279;
  -9.76451404937918, 0.3887620461763017, 24.00609826312196;
  -4.498038799067708, 2.26954757168058, 11.59107869047164;
  -9.487162819794643, -0.634510204312507, 23.42161688042911;
  -9.789726047807452, 1.357614175234216, 24.23214411931243;
  -9.832490268838118, -4.419185754772567, 24.46718005783045;
  -9.25225589104647, -0.315760785300307, 22.99802565550079;
  -4.50235540907054, 2.233979354108818, 11.6852316569025;
  -9.357062973469335, 0.5522321898616874, 23.2611749426433;
  -8.741199896158188, 0.7106579814828331, 21.84129024417185;
  -9.353579126341325, -1.870104581861888, 23.36031178157753;
  -9.745552534816449, -1.050325783894593, 24.29451007149499;
  -9.737465142959056, 1.825990682735048, 24.25381999042394;
  -9.260440689574024, -0.04808741036570755, 23.2162685918582;
  -9.676841405291196, -3.267847713012437, 24.26995952331804;
  -9.621461198968857, 1.705601060307944, 24.06420762948448;
  -9.607362967361175, 0.05701634220992818, 24.06290476405675;
  -9.387490620775882, -2.569624733103824, 23.66365417827243;
  -9.542293391630711, -1.680165135909579, 24.02889154153201;
  -9.33528921475328, -1.904913384780714, 23.61197966193107;
  -9.281332933315959, -0.1127291448318664, 23.54923722389569;
  -9.534205590449833, 1.027479767424018, 24.16084180612798;
  -9.398450809637494, -0.8336151049613453, 23.93835160459969;
  -7.799978863141532, 2.035492840143709, 20.04826883053418;
  -9.387206335061029, 1.604925072223575, 23.95482285693048;
  -9.586195114853455, -2.694412022813951, 24.53716354722973;
  -9.797912014970232, -2.475458826711798, 25.07387483152884;
  -9.651092850506142, -2.045326874254223, 24.81389710466597;
  -9.279139860297429, 1.35306998653297, 23.91188916211225;
  -9.14251544834444, 0.9320356477719519, 23.62442191932167;
  -10.00504036820523, 0.6765489458941668, 25.76686293330635;
  -9.151674728553529, -2.615644483825933, 23.78487082951115;
  -9.393792799649773, -2.383583261719167, 24.42861146208046;
  -7.464064038976916, 2.07147311728896, 19.58076069187185;
  -9.56647811682463, -1.968655229472705, 24.89693456496078;
  -9.704409818857629, -4.556893276591653, 25.33263529536779;
  -6.777352537237914, 1.591611980254842, 17.90139767335984;
  -9.181342552717979, -2.763901236611121, 23.97092109563767;
  -9.406806922048244, -1.52951041210523, 24.58909160869676;
  -9.25661058820978, -2.533313045497526, 24.26959050171296;
  -9.044153310202669, -0.4387569510605196, 23.75640266322492;
  -9.335396406780475, -1.618411982255066, 24.57219703238181;
  -9.133505174385387, -2.776017366534415, 24.13686239746323;
  -9.28342368085009, -2.115072646660906, 24.5315121898116;
  -9.679344803793182, -1.22411666159027, 25.58477990481689;
  -9.111011094891103, 0.1967690684455689, 24.13874304166513;
  -9.121253431777351, -0.1335149613744525, 24.25674444693171;
  -5.740970727567423, 2.186686392302448, 15.67716848523516;
  -5.869788974153404, 2.123148024432977, 16.01386285163614;
  -9.616530625648021, -1.399966706363158, 25.69292287194512;
  -8.746906480675445, -0.798646261974307, 23.47185373660604;
  -9.171018709544081, 0.6978688787746837, 24.53561987727619;
  -8.814003040556536, 0.9508762520754678, 23.72142715391806;
  -9.634847610564696, -1.310866141419152, 25.90244646732435;
  -6.833595096562795, 1.439381366251554, 18.65331009947312;
  -9.232886676303956, 0.09994248917099732, 25.04367076930867;
  -9.198005420547496, -0.5410565729284628, 25.09563638969994;
  -8.868906558850037, 0.546609166137344, 24.22844551619066;
  -6.090455328188974, 2.205779500657628, 16.94341389045738;
  -5.844472402493828, 2.251094226020884, 16.39321497350374;
  -8.906410254573444, -0.2810302694824672, 24.58667045260983;
  -9.261141016890026, 0.2862500395279781, 25.52246824659713;
  -8.786304049298277, 0.01229639962652666, 24.34217343442783;
  -9.127710357931942, -0.4541023723037332, 25.29481769909194;
  -9.001961158565374, 0.4496723798160167, 25.09585710306026;
  -8.971216206632628, 0.1981434580812904, 25.0220504750116;
  -6.301801254018836, 2.202113983523647, 17.8724751532226;
  -6.54999389014387, 1.278668558236742, 18.60019753875662;
  -5.685878157895003, 2.146203858183899, 16.39240502319863;
  -5.860590525944742, 2.286867937832509, 17.14167919140569;
  -6.744967838256945, 0.6903541933127794, 19.66065208752128;
  -4.336882407034314, 2.199685951505535, 13.33209276278513;
  -5.889631861970527, 2.129103293366105, 18.01222672367123;
  -6.050963175703108, 2.143274727046021, 18.67599721068494;
  -5.47889920396892, 1.042180229246297, 18.34471867850528;
