m=[-4.623446356521427, -1.125058241523334, 7.099594708187898;
  -4.649013735433731, -1.102976666970058, 7.173505413003758;
  -4.615980909468193, -1.062673914868892, 7.14531820540078;
  -4.656553768927714, -0.09303421529710715, 7.310195540564177;
  -4.699618737223254, -0.7115872229574317, 8.864299522962893;
  -4.863029668149571, 0.426441356106319, 9.246815428088281;
  -4.782002675782641, 0.823761262726853, 9.336197598152959;
  -1.791515309359536, 0.4995366461659518, 4.151248738169726;
  -4.672900617928891, -1.032598932061026, 9.467175987748577;
  -4.418830138590679, 0.307706822058689, 9.173726995534846;
  -2.816916027712375, 1.090610455780225, 6.973065250600071;
  -2.212842846042675, 1.116520406357504, 5.70231532094478;
  -4.595842026829338, -0.7907164400399533, 10.90375756852347;
  -4.698506723209292, -0.9547547065954282, 11.21622182960079;
  -4.691908620351648, -0.6116277246030839, 11.22573476491439;
  -4.7764026347535, -1.232115409455648, 11.44699475323152;
  -4.663824233416298, 0.3809451661476979, 11.15758657785924;
  -4.766401352697423, 0.2835682643186978, 11.40783650492755;
  -4.62035060511518, -0.7881654973292173, 11.14459728752831;
  -4.640615025842313, -1.105358172063198, 11.217523805937;
  -4.777299981075425, 0.1645158664445895, 11.47652413875485;
  -4.723498737888404, -1.058319322707321, 11.41889035835053;
  -4.785694730747482, -1.23310348101857, 11.57554207376081;
  -4.849147286387168, -0.3936757596875973, 11.69363122837155;
  -4.735854897039014, 0.2433848441915491, 11.42655485888442;
  -4.747453941022676, -0.7267570456827656, 11.49576403571877;
  -4.662177510041118, -0.9733815144845782, 11.34472192325081;
  -4.686562536019775, -0.2878011442307814, 11.3743844441547;
  -4.697324590869084, -0.1926626667669121, 11.47569945861136;
  -4.652986449054696, 0.3097492396123777, 11.36526544800612;
  -4.799065833454645, -1.759981926190187, 11.77939216341864;
  -4.758270303078457, -0.3742872329011031, 11.63781672051248;
  -4.716868402969904, -1.346901849670752, 11.5830962700739;
  -4.627427960579138, 0.1084287132432957, 11.33571550597681;
  -4.544968955302707, 0.2960378091193932, 11.15779733448672;
  -4.706729933651006, -0.5505872355100617, 11.55053866868994;
  -4.644146997143857, 0.1849009669321909, 11.41765464190269;
  -4.518031540813127, -0.302170118770423, 11.15397783432481;
  -4.725162512269554, 0.5380797781122116, 11.60244908381954;
  -4.878128925205767, -2.18298121969794, 12.12084992378571;
  -4.856391752269728, -2.182691939115582, 12.08465080415351;
  -4.512256774731565, 0.2663029464473459, 11.21723713100565;
  -4.70626626668919, 0.6526529715828803, 11.6492455336697;
  -4.401193366186714, 0.3578162301384446, 10.99708768516511;
  -4.656620865819387, -0.5018667688382418, 11.60840517965702;
  -4.516364010854225, 0.02680304229810908, 11.31182796384433;
  -4.692711401236961, 0.8799874679519818, 11.68848113155088;
  -4.557623730681871, -1.352023325417628, 11.46591590256515;
  -4.616179970857377, 0.81831244652428, 11.54551382337691;
  -4.583045359500584, -1.254510623173976, 11.55277857008335;
  -4.672715784146499, -0.8227512850760996, 11.76658232706813;
  -4.519398742670966, -0.05489167979167534, 11.46692978963213;
  -4.596517547204164, 0.4953562974446963, 11.64813704335607;
  -4.523266612910312, -0.4012005221565677, 11.52099944707485;
  -4.421466421217833, 0.2989831461437658, 11.38699246049854;
  -3.57941409982824, 0.9933810916841456, 9.390012001485378;
  -4.480480408198311, 0.6533368024251123, 11.54597867117603;
  -4.421074673164934, 0.4507073813692732, 11.42413529468948;
  -4.761073816507021, -2.225810269334308, 12.37335311501514;
  -4.717044438600295, -1.419993305133513, 12.3153993430766;
  -2.845915066208224, 1.029389468195577, 7.764179216380875;
  -4.538931661562983, -0.7380127277751167, 11.86462179532911;
  -4.465965855981639, -0.2166563851035579, 11.73081431903948;
  -4.54539488441782, -0.7880031253605518, 11.96417739784164;
  -4.457131971530302, -1.354690835737826, 11.77873981895458;
  -4.505663757772243, -0.167293264442261, 11.859278275175;
  -4.610254690073002, -0.5830445856295411, 12.18598509936787;
  -4.400411452524868, 0.09503499153634606, 11.65846471086619;
  -3.262015281265175, 0.6870884133364262, 8.904153923498443;
  -4.375672555401112, -0.06405016115288355, 11.63651155553248;
  -4.328120168385559, -0.3951839432024898, 11.61427800459983;
  -2.912774656689306, 1.054919259980981, 8.103227742185403;
  -4.405142471193098, 0.3352094172499072, 11.78526667555039;
  -4.394239844184699, -0.001717881397368156, 11.86845889156408;
  -4.40662627334514, 0.04770005460315369, 11.95271873922957;
  -4.383381673065251, -0.2578447562737951, 11.95952248286154;
  -4.323173324565222, -0.1364121491931168, 11.93437477080259;
  -4.277250394618849, 0.005985995915899668, 11.84998497025633;
  -2.83927412616459, 1.071718548093568, 8.18563644093441;
  -4.30972804645205, 0.2152826070754538, 12.01475070839435;
  -4.307824561180104, 0.09514509913702461, 12.01516061196376;
  -2.823220268417973, 1.101652109066804, 8.257655250550675;
  -4.238945963558829, 0.05568074400509773, 11.99641747998281;
  -3.030861644919008, 0.5920246815929555, 8.899888376389837;
  -3.36151084501053, 0.344053991563451, 9.798341044315599;
  -7.800983490118782, -5.379982715043624, 22.27805566680151;
  -7.654667374200092, -5.43298906780152, 22.01779262113813;
  -3.229384061678397, 0.1725952753369053, 9.789438312744995;
  -2.886624674084658, 1.043515493725483, 8.828147380736345;
  -7.75976748100126, -4.893009444164949, 22.4626023075177;
  -2.920180533234508, 1.03433931980028, 9.012992131958733;
  -7.200119913363448, -4.105228294883752, 21.28152989797359;
  -2.133983792510878, 1.063458331794209, 6.964088503499067;
  -7.944870418640143, -5.63987416437646, 23.74959737333322;
  -7.612382349429919, -4.960851619402631, 22.77001768895657;
  -7.268942591594713, -5.072729918674282, 22.03787038531555;
  -7.256623489570994, -5.509399333100927, 22.36006657484278;
  -7.073176290635172, -4.744907423653227, 21.89057606577121;
  -7.409498396306454, -3.720259629347962, 22.80941822268319;
  -2.670651276378192, 0.5080034977530733, 8.942005415624159;
  -7.126075883111447, -3.591885830797117, 22.42067127426869;
  -7.247250703275165, -1.161419783428558, 22.68723956426127;
  -2.654690035890443, 0.5617311676627834, 8.951912275955383;
  -2.509417891192133, 0.550526351422068, 8.681474520240991;
  -6.678185143618145, -0.9413793379353254, 22.07396818695617;
  -2.544053269661205, 0.6283161618860649, 9.072084608485477;
  -6.475117848214531, -3.453981448169097, 22.23211503697203;
  -6.430951267835403, -3.532789984615098, 22.15674689392911;
  -6.480951277177368, -0.6471442438493792, 22.31150536717924;
  -2.382019183118829, 0.4858538153048054, 8.986988861955869;
  -2.357883658181021, 0.6216994985857954, 9.012614692861041;
  -5.610668697860178, -1.147179083098583, 20.1647117340463;
  -6.339428437753827, -5.53176009120821, 22.98689036655399;
  -5.49831584281969, -1.195128771704093, 19.98852932196607;
  -6.286987746375596, -3.620863753469669, 22.87422939044917;
  -2.311333635053612, 0.5709764131964321, 8.965974037713361;
  -2.256681050499183, 0.4569979041295075, 8.908148187286482;
  -5.916423704014544, -3.639310864239069, 22.34183472231902;
  -2.589840714539261, 0.271912690901666, 10.2780883988235;
  -2.354112095558015, 0.07772913865293762, 9.480482915898641;
  -5.879936753886779, -3.852893962617196, 22.58386111377288;
  -5.21927745687174, -1.19762585358917, 20.06475529946905;
  -5.817193310046478, -3.588403192314423, 22.54741037883012;
  -5.60056947127401, -3.854992699037884, 21.9188337928064;
  -5.723302879759742, -3.65704600021839, 22.42564970176326;
  -5.661096088137133, -3.531920902813054, 22.28928640340073;
  -5.537282114111696, -3.889375823862474, 21.98641823463178;
  -2.398329379734325, 0.2570196030235256, 10.09170985549904;
  -5.476900991950008, -3.887947902152701, 22.09058403491258;
  -5.855780545478117, -5.148765693706313, 23.69249810091932;
  -2.397897351756992, 0.1926391827137667, 10.18800589091389;
