m=[-4.612509355242446, -0.6007491452644994, 8.241715580389817;
  -4.9276552248868, 0.4744904727813535, 8.870985992786034;
  -4.466813670997479, 1.053264387177142, 9.308245567926209;
  -4.448858217083321, 1.033590489018863, 9.469663772122962;
  -3.578939563748956, 1.071115782451568, 7.883426964863108;
  -4.663020712953868, -0.5065046298045105, 10.60339560357836;
  -4.603037856271162, -0.8984980989550992, 10.5986173724815;
  -4.722199253180502, -1.135881870618757, 10.86988072849883;
  -4.539398285856401, -0.6919565881148766, 10.51330156674848;
  -4.717371552042735, -0.3818675837456544, 10.87694690999666;
  -4.725893823207853, 0.3765969512173621, 10.87709687996994;
  -4.609118735542644, -1.010882832096097, 10.68895341054555;
  -4.79929387027352, 0.4841628798192115, 11.04083539684358;
  -4.708320402369752, 0.2577759470179322, 10.88226027452152;
  -4.714054091858668, -0.6332473226942617, 10.96853979952218;
  -4.598459895362824, -0.487189403874279, 10.73922363760203;
  -4.61966670780308, -0.196627434204954, 10.78361060165632;
  -4.569313307922642, -0.9667563486810601, 10.77608564199923;
  -4.653031280342058, -0.1029225446734291, 10.93182605256623;
  -4.660960952467102, -1.245614797367342, 10.9995284779877;
  -4.594578986375555, 0.3972980899288154, 10.79615549523571;
  -4.54509545912485, 0.1942984166788945, 10.71253496846216;
  -4.608878140687705, -0.4580708311963094, 10.88113981350226;
  -4.568631133842558, -1.400276399743859, 10.87685770711686;
  -4.575988874274659, 0.2735508572778089, 10.82760278349171;
  -4.731420782162415, -1.982891399994666, 11.2885852890647;
  -4.642851721103915, 0.6207595737011029, 10.98484223482358;
  -4.494148949120407, -0.08342748678703262, 10.71359877389107;
  -4.527239111485579, -0.6817167575131099, 10.81033721003765;
  -4.532286837646451, -1.445753732336123, 10.92152582408219;
  -4.645243859944375, 0.7387810412997391, 11.0784029826369;
  -4.605172021616121, -0.4058733703953719, 11.04407344314853;
  -4.372703872157339, 0.1091372302035681, 10.53986793691185;
  -4.563345421658551, -1.221115216315565, 11.01912969401141;
  -4.45381272655947, 0.06461366319078445, 10.72756497367649;
  -4.513685961064519, -1.147498640074219, 10.92151769448786;
  -4.59328817854479, 0.6447995506536062, 11.04313268694417;
  -4.644546015223643, 0.9689281760782172, 11.15122995405495;
  -4.581599167473396, 0.552613114529352, 11.09829608812362;
  -4.489134139159935, 0.03350012335540273, 10.94999354325933;
  -4.457293020463956, -0.3074706422627143, 10.91678689069547;
  -4.527526229828823, 0.5816702296167913, 11.05176814371221;
  -2.785445305537414, 1.124026436789437, 7.164529015626905;
  -4.538100914743347, -0.3572965642207193, 11.14366226543868;
  -4.461403082349347, -0.2163901946199764, 11.00662513477268;
  -4.398088333523528, 0.4362787607399677, 10.88455182134219;
  -4.347948606203208, -1.914042331509663, 10.89546713787908;
  -4.457051762265476, 0.5470913757398902, 11.08289051083926;
  -4.472847361202857, 0.4000391916948329, 11.12556313879119;
  -4.396496373357903, 0.1150394823943052, 10.96735883192461;
  -3.250766521840046, 0.8544300386459972, 8.377101011397329;
  -4.417351698897794, -0.004777734566159977, 11.08022076913318;
  -4.345032069249671, 0.08375306139195006, 10.92458259867649;
  -4.531429902494705, -0.6472401509525091, 11.39865486993972;
  -4.440060079393464, -0.5836843346734946, 11.23031120082237;
  -4.515539472989967, -0.4791355058418848, 11.50771261810181;
  -4.429605682874497, 0.1871126811367985, 11.29871721108191;
  -4.418415301475511, 0.02361834609004726, 11.31234927301977;
  -2.088225516225585, 1.127556828239408, 5.860962514992344;
  -4.338017159801686, -0.2979727555781981, 11.18466135825995;
  -4.458538522018309, -0.5640843310339885, 11.48820383985194;
  -4.356171995379847, 0.4211626345482056, 11.23235497209287;
  -3.328003447939032, 0.5180727211141409, 8.817871022557542;
  -4.458877041312272, -0.5168098477524107, 11.56367103015127;
  -4.213454933108176, 0.2409144998798037, 10.96644421733192;
  -2.828881771287903, 1.13605483800579, 7.708339571817533;
  -4.328568862512223, -0.1630161246291053, 11.38377004697872;
  -2.817066644359599, 1.116986796166728, 7.767721773480803;
  -4.226313192269976, 0.2177215116917985, 11.24203797277871;
  -4.395520796848031, -0.04442887045618349, 11.68871332145703;
  -4.257883787293372, 0.08656488082329963, 11.36203806638842;
  -4.240268765344366, 0.1836475438638001, 11.40579647785591;
  -7.946857187984429, -3.947271895295461, 21.22886935365649;
  -2.845999568652362, 1.102908438316088, 8.279866794086455;
  -2.847431201601718, 1.080164608225086, 8.3753374306574;
  -3.152805547071529, 0.1890326136283329, 9.222090785524758;
  -7.741608132522618, -4.039115264099697, 21.72598481562659;
  -7.933373913579309, -4.831857146068487, 22.52839436406676;
  -7.890841992582563, -4.32607609052255, 22.84015553685147;
  -7.57741755776837, -5.107748626431063, 22.52607557124026;
  -2.61774196488641, 0.5639575776798615, 8.337384398898513;
  -7.677137541115207, -4.791255797984833, 22.88239300547594;
  -2.582326622958658, 0.6114295521564344, 8.291186865512511;
  -7.555260561594326, -4.915908247996712, 22.89077241057289;
  -2.462475962863624, 0.6022856624449755, 8.09946275935118;
  -7.274487899258856, -3.504451880315867, 22.46926537047412;
  -7.290994131078584, -1.022508273975849, 22.48329394463578;
  -7.647810379672841, -1.194022900041714, 23.76404025482561;
  -2.437198266552775, 0.6295164472648122, 8.330189765408296;
  -6.871622602389526, -0.805861216903725, 22.34896866235331;
  -2.346238668220699, 0.5400737433459538, 8.425896925300179;
  -6.532641359138101, -3.438223425601425, 22.11261315531222;
  -2.298360428372553, 0.6014781024050526, 8.345866653690583;
  -6.654043256731982, -0.502827122938723, 22.55644184342508;
  -2.25649289136404, 0.6199811282900716, 8.338766920222689;
  -2.226924798630968, 0.511739728619856, 8.350780190290182;
  -2.216642390570772, 0.564681897518813, 8.341145678235687;
  -6.041101209271879, -5.113307261076176, 21.47359143609211;
  -5.66234552827916, -1.022166335054182, 19.98277271785939;
  -5.556318701323936, -1.071127180159599, 19.83530017239718;
  -6.327932482315236, -3.493559146539423, 22.62811366729454;
  -5.560246134914051, -1.029729871185606, 20.41355609339347;
  -6.145965970260258, -3.611204377548814, 22.71973351366535;
  -6.107607752610832, -3.610213422704287, 22.64425754079959;
  -5.044738458404113, -1.008702798599341, 19.04447875082727;
  -5.895287247230781, -3.714728593583967, 22.25511474658767;
  -5.26540981743165, -1.071416870033822, 19.88615040389933;
  -5.88888500506553, -3.484321186738406, 22.42104375782785;
  -5.807379952457803, -3.848477699085887, 22.30555345943568;
  -5.847971786518875, -3.590782866176525, 22.50882324385675;
  -2.330146985295099, 0.255478437460038, 9.49101501684852;
  -5.815826609601421, -3.686530630598139, 22.50593555899729;
  -5.842707027953476, -3.498952636094438, 22.59444099739204;
  -2.183643769767241, 0.8971994352761306, 9.014732240703975;
  -2.180994543203665, 1.046532204098378, 8.989076365770607;
  -2.190033871697992, 0.9631482398144838, 9.049994583383864;
  -5.465199574363152, -3.731801186639744, 21.64087338519254;
  -2.145522460863166, 0.5919109381191302, 9.072622476274153;
  -5.605226685759342, -3.784241922060493, 22.52482196900018;
  -2.292559655545365, 0.496902130796535, 9.671661152502047;
  -2.106384050567188, 1.021633999070315, 9.019331294461006;
  -5.738157605170808, -5.432289428543147, 23.35672183698098;
  -5.443467410164391, -4.155380155411075, 22.2218928532205;
  -2.09762349165131, 0.9627524434410888, 9.097352740211816;
  -5.44704014128511, -3.4748298544464, 22.42491636596651;
  -5.285547072046274, -4.136741165804972, 22.07838482202621;
  -2.236080897053018, 0.3636162277705169, 9.792159094571813;
  -5.769884719407494, -5.40603526884806, 24.57965107504945;
  -5.871991626603794, -5.740375203145161, 25.11447079804196;
  -2.207062115164183, 0.4042643492698336, 10.01022122908959;
  -5.04529926579552, -4.013603156309652, 22.27353176187425;
