m=[-9.404544599545174, -1.451998618510177, 12.89788416019782;
  -3.7766214233539, 0.9943952350115343, 5.799030824174901;
  -9.423885647396009, -1.173212101502819, 13.14813743265227;
  -3.771373494127488, 0.8745247419539211, 5.851897810735217;
  -9.105690913038556, -2.080591822895078, 13.04593633898009;
  -9.211760987282643, -2.048685365735047, 13.26658811086924;
  -9.250773183800517, -2.005301634374992, 13.35351912420933;
  -9.282128581589509, 0.01204044748098635, 13.51690444831368;
  -9.058558371971147, -0.005923114494295694, 13.36927649189451;
  -3.990589639380268, 0.9337742898319649, 6.982502078038873;
  -4.043778421583419, 1.332059221745766, 7.444310852787202;
  -9.27777187893909, -1.208369045343368, 16.57769148132939;
  -4.064787125917853, 1.352715855592938, 7.812671412499298;
  -9.696730367683182, -1.238616805464723, 17.52834741225741;
  -9.278116225403176, -1.769359492378218, 17.01786038813281;
  -9.344425778184819, 1.777534607079694, 17.37931086601125;
  -5.587699866497412, 2.246940147287526, 11.5128305607872;
  -9.142725390730346, 2.09295364550922, 18.34443917393497;
  -5.432039001791934, 2.241773717119443, 12.0033483935744;
  -5.542901869018814, 2.256871597088473, 12.42730053867606;
  -5.523191558004943, 2.19072051521127, 12.51239277582052;
  -5.493299476009701, 2.245922893027405, 12.72088107636259;
  -4.334581913427928, 2.285767034877456, 10.26748972630103;
  -8.844362737602596, -1.365022474230716, 20.14598111145054;
  -9.409473870588322, -1.736155467183117, 21.54783800496323;
  -9.282094655283199, -1.03349394491107, 21.32533713204638;
  -9.074506113183261, -1.771314237736148, 20.89429223503826;
  -9.527091640261125, -2.291654818802386, 21.93011015987263;
  -9.126645070168399, 0.920715188463487, 20.99596079524932;
  -9.519354145040399, 0.7585781404938898, 21.9097045223214;
  -7.826053339084413, 2.23021773453779, 18.16790925224569;
  -5.462417853213145, 2.290230770037719, 12.97270130936004;
  -9.075164692796642, -1.383359556039363, 21.01819165781339;
  -9.241874514326971, -2.026949796471163, 21.43272321191764;
  -9.474847791292511, 0.5187386697434414, 21.89905335975546;
  -9.436633198879701, -2.258583716839368, 21.94132793790884;
  -9.406033498141301, 0.6639350488146578, 21.82925079356818;
  -9.485909778183547, -1.274259237018136, 22.07157086219583;
  -9.178186304014348, -0.3906522564853218, 21.42448652513588;
  -9.27913755983613, -0.9830894688899549, 21.6704583027119;
  -9.333504045075603, -0.2064520801949791, 21.92812309531457;
  -9.196098561511031, 0.7951963398865419, 21.60861970465454;
  -9.208444900946498, -1.948284560403026, 21.71682793346123;
  -9.613542227077989, -3.337927733751874, 22.66691236696481;
  -9.823017734743246, -0.5839935210156221, 23.07484884523292;
  -9.357559359503551, -2.500753497896454, 22.08315875395572;
  -9.043788440721064, 0.3866131725095463, 21.31570190106694;
  -9.276395469696626, -0.9219697404877729, 21.90072138814386;
  -9.106244017958307, 0.5443677697071032, 21.54699143398356;
  -8.871700467127683, -0.4088325936795007, 21.04095569117132;
  -9.252699582792022, 1.237106458190461, 21.89159836856083;
  -9.104861578732066, -2.790622052454912, 21.67657684186259;
  -9.73727961168613, -4.08079705659395, 23.23194584476433;
  -9.100233611292891, -1.283248366168384, 21.69907211445948;
  -8.953213717908627, 0.7041506982964667, 21.39366334879297;
  -9.304323870009243, 1.479762588256832, 22.1898036832375;
  -9.251068199955144, -1.839541410783854, 22.15714409462935;
  -9.017534959503667, -1.11740632573751, 21.64450274562332;
  -9.100089802059651, 0.9248873053857036, 21.79514937405981;
  -9.216427915528794, -0.8122829382970402, 22.10273716265297;
  -9.007982573583101, -2.873455474706746, 21.70668314350509;
  -8.739231717880346, 0.2181203144968679, 21.06484931738267;
  -8.93613689517807, 0.1296409559675877, 21.52380332137219;
  -9.293904604792347, 1.938860333787173, 22.31401456232517;
  -5.58295611192611, 2.242867766650033, 13.78453637428857;
  -9.189360741408395, -2.459000402706375, 22.18958865880317;
  -9.279069303273845, 1.302583135362993, 22.30863589313645;
  -9.125774448023716, -2.548635188396256, 22.04997724760456;
  -7.113983496983577, 2.180462297239164, 17.33536976779577;
  -9.104128206700322, 1.803513957863338, 21.93901771284746;
  -9.285243643454832, -2.360555108514761, 22.46699341167863;
  -9.499398909457975, -1.490773618536156, 22.9929649190515;
  -9.175769385809367, 1.106742496046745, 22.22704382413521;
  -9.082724927766755, 0.06777975352287356, 22.15478001574218;
  -9.125179996335646, 1.172350037155673, 22.27471879118304;
  -9.003427557481475, -0.6210697032829358, 22.05116412126958;
  -4.463931045235916, 2.358034593047516, 11.38918735409845;
  -9.273241351695848, -0.7301065658073427, 22.77117051176083;
  -9.337297500186068, -2.440800339559727, 22.97755294094457;
  -9.153854205716604, -0.4439868482035536, 22.58326358792694;
  -6.947479714008296, 2.087500765658588, 17.4004127551125;
  -8.839146633096929, -1.197182892874959, 21.98072998578736;
  -8.891329743592126, 1.482331552188697, 22.06672108209495;
  -8.791735492956255, 1.079162397597519, 21.86150106974906;
  -8.81604034592972, -3.880973752617979, 22.09199937143969;
  -9.123037728005345, -0.3885098654656335, 22.75465157582301;
  -8.803622382583782, 0.1696950250605198, 22.13468125281339;
  -5.536238440413217, 2.130938244194144, 14.2489944303656;
  -9.091243145909898, -1.298534394819884, 22.86870705025829;
  -5.601260459772208, 2.260308189721427, 14.40717324743128;
  -8.948703100712706, -1.176384490780056, 22.63409027530459;
  -9.103318883578462, -0.2646942922571099, 22.99431142159347;
  -9.172540637988371, -1.415214333037455, 23.23499995559532;
  -9.043348766620323, -2.565068926526952, 22.95640120558693;
  -9.167307663614499, -0.1589003096812237, 23.21950200396411;
  -8.555598264126337, 0.4642064214472539, 21.73313343363965;
  -6.501735233766492, 1.708913220845115, 16.75472305891519;
  -6.872264956879852, 1.891522511980927, 17.68394576958625;
  -9.14259205617333, -0.9701034606702326, 23.2996129468708;
  -8.782965786781583, 0.3710046433819412, 22.40295272401208;
  -6.297830921391165, 1.470524244853922, 16.36116226337551;
  -8.676800058840021, 0.04638125951523615, 22.21497666934532;
  -8.858096477574254, -0.6084511239510623, 22.83873155195001;
  -5.601957081549275, 2.160817036902682, 14.75865376914149;
  -8.284387831664629, -0.1874434864768956, 21.42350530175532;
  -8.779904963797041, 0.261405963261682, 22.64438848078783;
  -8.735697707342714, 0.8445831489076373, 22.52492731734188;
  -5.583519312290029, 2.282447890930661, 14.80076716662354;
  -8.630516133224907, 0.9925588386101477, 22.50197556308758;
  -8.71785488425523, 0.2779947267475654, 22.80230505242195;
  -6.630481773971192, 1.032171927906579, 17.56811073513275;
  -8.674793104254833, -0.3266971599001368, 22.81397224824093;
  -8.583752506637575, -0.594344552641551, 22.66938426491588;
  -8.695721376634781, -0.08789426700986429, 23.12394798987997;
  -4.077252439116252, 2.231132224399769, 11.35703850461386;
  -8.598380566949327, 0.1748093245927898, 22.94452648109379;
  -5.695021553658514, 2.287072176097158, 15.5182024395575;
  -7.59963573186726, 0.7402949245301085, 20.545009336565;
  -8.542053971123117, 0.6021303991279809, 22.97258129952662;
  -8.566436709272555, 0.3710154116126725, 23.04265108026976;
  -16.05356278739485, -7.973941862936235, 42.88475041298234;
  -5.468218662263269, 2.267578649313232, 15.16278722797907;
  -6.822950095575432, 0.8495992141457578, 18.97056425204476;
  -15.86034770603108, -10.5990216345135, 44.40824134110451;
  -4.464060381437586, 2.230341916524144, 13.09022346837426;
  -16.81797285466184, -8.7746279204065, 47.19781944722913;
  -16.80590041008191, -11.54862261018203, 47.28048019141384;
  -5.697355391986538, 2.207892582669314, 16.57531654038735;
  -15.83366134806619, -9.643562822890408, 44.96283308489365;
  -5.688529250160132, 2.157926753566433, 16.7320467400426;
  -15.12531410651381, -8.292303885864206, 43.78043902808442;
