m=[-9.002262314390704, 2.109047159756128, 14.79573813134697;
  -9.42959192344081, 1.088016819133421, 15.71012512296392;
  -9.348808182848513, -1.175788962472424, 15.68796694490949;
  -9.807059861116775, 0.9955546010544454, 16.74319416278952;
  -9.425377516773621, -1.783391081755217, 16.24836259138239;
  -9.172249136458969, -1.879483583588754, 16.65611742869731;
  -5.517341263462787, 2.262489652944548, 10.39964207851584;
  -5.548685506198017, 2.228127795022097, 10.48643273883868;
  -5.449951423854601, 2.262129092546557, 10.40998407486832;
  -5.379623505898903, 2.293884451572969, 10.34551046249454;
  -8.776031101590053, 0.781742479956025, 16.34865404800696;
  -5.352897983170504, 2.269785188317001, 10.38067945198244;
  -9.188497747748738, 2.093500247947767, 17.48838230625339;
  -5.544571409186207, 2.209503602017304, 11.29690285314823;
  -5.490415461761046, 2.234319239831176, 11.37531134576438;
  -5.421842194706279, 2.144336899206358, 11.35287782426246;
  -5.456604352805149, 2.22572495389215, 11.69874992498229;
  -9.353254136111998, -1.468043039716777, 20.23469107413595;
  -5.587749613011634, 2.263405114878764, 12.5422602017217;
  -9.460577173750144, 0.4907824710448202, 20.62658625166849;
  -10.12973882645014, 0.9456714763517596, 22.10963022188844;
  -9.689568769644721, -2.367942493637744, 21.26095653226638;
  -9.702685392491365, -1.638774609522571, 21.28224149637344;
  -9.370780408221005, -1.45908401426981, 20.65919742849517;
  -9.633302652882131, 0.7391166656770568, 21.19877119628021;
  -9.509707488627937, -2.117574279006086, 21.0005661099358;
  -9.253345206041828, 0.9246425055056151, 20.43211790163901;
  -9.617937656861539, 0.4983689155429514, 21.24838077086917;
  -9.727374721675243, -0.642527732486151, 21.57181646958217;
  -9.778160207817386, -0.2624611355670138, 21.67246754722546;
  -5.470358492015261, 2.217856412966559, 12.51522917858784;
  -9.682003117213256, -1.347954881561979, 21.50465248551987;
  -9.639402751499, 0.6542396141833156, 21.38405841433761;
  -9.52144886593614, -1.836456466830864, 21.19913635308253;
  -9.40615787146897, -1.026961151312818, 20.95203246819842;
  -9.58589543023211, -0.4482122188559708, 21.34455889597087;
  -9.765559025892998, -2.711239417752534, 21.78882193051611;
  -9.525052076193743, -2.810138077705277, 21.31563906359591;
  -9.584444440835309, -0.09608618032536868, 21.44628868266317;
  -9.387611919322083, -2.014441101434426, 21.09555371720708;
  -5.775851303270746, 2.312449949513951, 13.29140307434265;
  -9.771487128374155, -0.5192223857197792, 21.9020849184621;
  -9.564952858238055, -0.2516031283148929, 21.46427931499849;
  -9.633083276991966, -2.60631603917557, 21.66877559386861;
  -9.424039021842171, 0.7835172922542686, 21.15913755096953;
  -9.567830976922824, -0.6004074216344718, 21.51088734062006;
  -9.39380565569012, 0.3716521759159728, 21.13262420118701;
  -9.461744492603472, -0.9687077950682523, 21.31823879376827;
  -9.514576377477564, -2.949060007040241, 21.56481654402204;
  -9.454723639128545, 0.5342196439957488, 21.36803646486268;
  -9.307064801410657, -3.866547471524878, 21.18107700968291;
  -9.561445349306203, 1.253825849311248, 21.64260523087077;
  -9.375298230333485, -1.894999620891551, 21.41999728872873;
  -9.473301600304659, -3.054796557273562, 21.73106881051845;
  -9.509620221710501, 1.48944140957209, 21.71837173810353;
  -9.517038536440801, -0.8751294698848577, 21.79447842606207;
  -9.304408303573252, -2.072634651359987, 21.36249624425342;
  -8.992492967735039, 0.2070990092323419, 20.67590902593942;
  -9.478231961381017, 1.707621213185602, 21.72538746396;
  -9.410505237082575, -2.544087674057653, 21.66121865879416;
  -9.133791031220882, 0.1049243343258323, 21.00312240645387;
  -9.087555125208274, -2.346962674455192, 20.98108379551868;
  -9.326096935637851, 1.285852137420664, 21.47303688046949;
  -9.440506077718176, 1.380150787476933, 21.72324435729871;
  -9.388532222751993, -3.081246706529466, 21.72569736920691;
  -5.425616647328601, 2.26517610934988, 12.91731241149154;
  -9.306751433924534, -2.682954933890131, 21.62485824370416;
  -9.395862111996733, 1.102895603855616, 21.78635714361748;
  -9.341651648968457, -0.4619459073909835, 21.71066914796177;
  -9.297861462271397, -2.84804364544881, 21.68707258258633;
  -9.141377591286863, 0.03325986088265406, 21.31522597339142;
  -9.020908579136258, -1.907096053015242, 21.09421751791376;
  -9.111666132019707, -0.6606649144710262, 21.31158739285437;
  -9.218867255367636, 1.15612902069961, 21.54549133136926;
  -9.165285834586062, -1.668560411202086, 21.49618458902708;
  -5.536517102496656, 2.222446638732724, 13.3166627022668;
  -9.409386267294087, -0.4037003848771483, 22.04510377612073;
  -9.181389978001249, -0.7547909263335175, 21.56115531621779;
  -8.974503791076247, -0.4633770801850371, 21.17278216122942;
  -17.42349735510071, -9.480930395025879, 40.40929069348231;
  -6.411500868370087, 1.703129769661336, 15.38620190583642;
  -8.977665285800068, 0.7458035254415691, 21.25976967372578;
  -8.972829931433376, -3.88494409238109, 21.36676634923732;
  -9.297229725763675, 1.111960698158946, 22.11375717745827;
  -6.553823165761766, 1.706453412156533, 15.94080541048141;
  -8.82774780230314, 0.1346285224427695, 21.21932452590704;
  -9.374147316436908, -1.370260033953826, 22.53995444333536;
  -6.776481034326241, 1.849361852155054, 16.51698066082574;
  -9.128864885533274, -1.234863645911005, 22.06376562305416;
  -10.97334983415009, -2.20445968730698, 26.40984306085892;
  -8.711208122428646, 0.4282381299944222, 21.14265741558478;
  -5.535478007014985, 2.246544870239435, 13.74699614042885;
  -9.53427066015079, -1.494956819175261, 23.09891075185072;
  -8.338295104213064, 1.086719552832091, 20.28519684133081;
  -4.109256306259741, 2.234039075286357, 10.49175232600842;
  -9.254481446243291, -1.019534171441401, 22.57303567652011;
  -5.595284105996467, 2.229628195246192, 13.97636070935384;
  -9.204509052763445, -1.222303602482363, 22.47151307488515;
  -9.215330819445898, 0.3462203889903129, 22.48961161719337;
  -9.316785948827517, 0.01275769655648957, 22.80591861093309;
  -4.183073493101988, 2.228338123295618, 10.76852297393001;
  -8.790361954058366, -0.6396210659926864, 21.68047830177968;
  -9.02890155063484, -0.3777012688962652, 22.25290117619114;
  -8.930826013488041, 0.828197456250508, 22.05200700558121;
  -5.626079676678902, 2.242665554616328, 14.41215560171463;
  -8.929854940587035, -0.3856444790189711, 22.47211653285436;
  -8.726894023368024, -0.6439422533440957, 22.03985037752689;
  -6.164576144051102, 2.181279901307265, 15.82460437072832;
  -8.927158239284076, -0.4750974113456329, 22.61607177477456;
  -9.228169710357598, -0.1309846086879148, 23.50354635608231;
  -8.685453259277301, 0.1405597652647463, 22.19731761960196;
  -8.663020329335502, 0.3393374989010136, 22.32774798800506;
  -5.575394074170734, 2.197774845179604, 14.79345260674172;
  -8.668538658094972, 0.2449979509118629, 22.66318021535031;
  -17.45655758376249, -8.726170121163442, 45.37176366085945;
  -5.711544845701353, 1.160873235372185, 15.69750444425556;
  -5.7069782111157, 2.190790390437319, 15.67780858116993;
  -5.727917877775784, 2.146263045456267, 15.91264622621177;
  -4.394455175955639, 2.281507299551173, 12.43461560673728;
  -5.954784926512403, 0.4285525840025239, 16.60234864300608;
  -4.30053909196251, 2.173336583092433, 12.29184795505904;
  -15.79990553468596, -8.318252725530043, 43.24400122568982;
  -17.82658989912688, -10.92278545772185, 49.26547398747999;
  -18.68635372389497, -10.33324683817962, 52.6456322148772;
  -6.356786739619858, 0.6857797362632279, 18.67545464687888;
  -17.99937202988328, -12.25150124068798, 52.03814982876372;
  -5.257277081486756, 1.096001624129054, 15.79092611554948;
  -5.211449075682644, 1.199890945979318, 15.77344809274949;
  -15.92046348168229, -10.3995977405923, 46.97918431794879;
  -5.042865196416778, 1.191677560987967, 15.59232197022544;
  -4.419561249073877, 2.26880436282229, 13.94194050082137;
  -4.175752887910471, 2.153870561098483, 13.58670375842972;
