m=[-4.766497264034215, 0.9065652653010239, 8.379755291398553;
  -4.530546397643954, -0.9283532808994663, 8.227132919380317;
  -4.434078918666168, 0.3949744263749008, 8.260137347245717;
  -2.953726479794897, 1.168197902729669, 6.184852794893439;
  -5.009938603380926, 0.3950218136940848, 10.72324705716713;
  -3.3956385347176, 1.375456339321703, 7.621848687394372;
  -4.625458092063313, -0.8660551004158524, 10.09162993588483;
  -4.657029802154864, 0.2415908196777527, 10.15356939926114;
  -4.676120275278446, -0.9216846060030722, 10.24000860910784;
  -4.709720947984032, -1.150964364982379, 10.33412061307496;
  -4.719723937525769, -0.7971570178662791, 10.35242312528968;
  -4.575653543804965, -0.7124553825576502, 10.08766888219145;
  -4.642587965311, -1.033788355227759, 10.25236324075126;
  -4.658597703309029, 0.3574316436710726, 10.25157730079395;
  -4.70361346026635, -1.137052497550953, 10.42223727633717;
  -4.696644185505105, 0.2433641756610301, 10.37603772859825;
  -4.691918320613887, 0.4688409450851856, 10.36012665441779;
  -4.687335351037875, -0.1258154226224746, 10.38908354120804;
  -4.734417588145488, -0.3127251375209468, 10.49923440023986;
  -4.636432115153352, -0.8942552610199339, 10.32283615496612;
  -4.605052925786914, -0.502778128875273, 10.2576652164771;
  -4.698656788856485, 0.3189043433467125, 10.42350380330423;
  -4.667075090322483, -0.218220623939168, 10.39200352876108;
  -4.754631947684997, -1.32004174254533, 10.60848934285951;
  -4.672023341686549, -1.378368389734584, 10.45528806052273;
  -4.59222177561976, -0.9854221042808788, 10.31949999440438;
  -4.689120756478987, -1.268683170883841, 10.54776570315528;
  -4.663471509311865, -0.1226711765275109, 10.46508608426601;
  -4.581011312549063, 0.3808665871475767, 10.28542520464072;
  -4.757386896427073, -0.2527907719370736, 10.66334022924324;
  -4.586585323458, 0.1814615373115468, 10.31813809652388;
  -4.684652805803759, -0.2939747074513999, 10.53227622630662;
  -4.628623802116135, -0.4738855462704007, 10.42874361880812;
  -4.539775022527911, 0.3750210595262931, 10.22635774327836;
  -4.628270881557584, -1.434540857842048, 10.4899901495445;
  -4.579460465836847, 0.2587529612845942, 10.34975552520942;
  -4.716984852275743, -1.959634561803368, 10.734943995922;
  -4.660000442491718, 0.6110821951225124, 10.54804438743663;
  -4.762374499738496, -0.4357448576393285, 10.79301837563548;
  -2.757618533785287, 1.106952245944386, 6.632739535723373;
  -4.503450380001226, -0.9102682979400724, 10.28915481509108;
  -4.461794741105953, -0.5660162336532462, 10.21197935925111;
  -4.643079861286098, -1.497225040839705, 10.65088943807044;
  -4.556066282581814, -1.014901812460815, 10.46051996802908;
  -4.645984882250975, 0.727675986058024, 10.61064736654503;
  -4.413164781572037, 0.1016361154934364, 10.14692965206128;
  -4.453487278478971, 0.05115939115814313, 10.2407793353004;
  -4.611735642222556, 0.4532964552347236, 10.5603193980199;
  -4.47521904568032, -0.8405168891331167, 10.35541879726183;
  -4.556016227584292, -1.495250765835257, 10.54292912046671;
  -4.568050316435448, 0.6678241811996688, 10.51139339813317;
  -4.603177144861478, 0.634671203987572, 10.59866665348835;
  -4.557670872721185, -0.735628692978121, 10.54754868728451;
  -3.437891814043091, 1.026675167311964, 8.1501837579699;
  -4.566362745332152, -0.4122247507641906, 10.57917579441456;
  -4.524903825172817, -0.2237570915639104, 10.51620137061326;
  -4.455817000176906, 0.01621198250094232, 10.38976295491582;
  -4.461507813839479, -0.9432003292826421, 10.43265381279509;
  -4.431700986082751, -0.8068008955878779, 10.39407435398447;
  -4.499900539865068, -0.3262769247932371, 10.52497119900832;
  -4.562850129174293, -0.1957645590219913, 10.69023013351752;
  -4.550615364993604, -0.3741005659231125, 10.68645650648572;
  -4.47910719991391, 0.1116354233942341, 10.52654353222614;
  -4.430443393742498, -0.2287553687100608, 10.45236762244641;
  -4.440936735956272, -1.922781448977648, 10.57508704990737;
  -4.39163742807003, 0.3648274436669296, 10.39971944141843;
  -4.414622991309786, 0.0673256853018451, 10.61146285666353;
  -4.32730449854894, -0.1371111054977463, 10.46435031319149;
  -4.422324248795188, -0.5982088149778616, 10.68841821606896;
  -4.355763632250685, 0.1636462335053065, 10.63005054348158;
  -4.48310601432796, -0.4938882640104285, 10.93495217326588;
  -4.470845665269508, -0.5937014925484718, 10.91494030230048;
  -2.800203674643023, 1.116216031042603, 7.173195794353063;
  -4.655610995716002, 0.006375038848657421, 11.39614949142693;
  -4.613324906066501, -0.3356835372207329, 11.37826758986385;
  -3.035194679035949, 1.073976376514523, 7.791412395843941;
  -4.313555495638726, -0.1862850934200797, 10.85512837709718;
  -3.815554284831509, 0.3431041049387996, 9.830896269528244;
  -4.249676694593791, 0.06877402258830061, 10.86085211151867;
  -2.83643914193617, 0.5765071224318492, 7.795616989668575;
  -2.860965488832702, 1.072009870607945, 7.948007052586079;
  -3.017213038894013, 0.2171420899766133, 8.412196816532317;
  -8.469462103236594, -4.233707980107953, 22.01318507608257;
  -8.015181314242643, -4.911096648075211, 22.15071467825133;
  -2.57678130287014, 0.5932815441888724, 7.799121806033484;
  -7.895089751011862, -4.365855019776581, 22.2430762831873;
  -7.841657554880761, -4.966911902683032, 22.40179557995131;
  -7.888082927352924, -5.369123856691611, 22.80530901599273;
  -7.335892548721806, -4.791966745358453, 21.64724969091489;
  -7.133390570819074, -3.487874806581847, 21.05980807492199;
  -2.421643612283592, 0.6464461676213564, 7.772496132881555;
  -2.426197061370992, 0.6080328853000443, 7.850695570027082;
  -7.426706184751421, -3.624964748181003, 22.36775032250108;
  -7.353553678226545, -1.083409065652872, 22.18106540130532;
  -7.140020736909131, -1.157908567067161, 21.78201928545438;
  -2.273090697336798, 0.575268278912921, 7.789032982054876;
  -7.002869532406637, -0.8775244051579483, 22.28068376434522;
  -2.253587895612732, 0.6006190635643641, 7.858229896322228;
  -2.180787426961341, 0.4834077096073825, 7.727212583421834;
  -6.313795275195184, -3.267103022141506, 20.74619347538067;
  -2.216775029006131, 0.5443624845208261, 7.87467085579952;
  -6.829438736059561, -3.638605676616971, 22.50509416886484;
  -6.740312372492642, -0.5668066076876828, 22.37069011028418;
  -5.703493667269045, -1.080068952154124, 19.6313526494543;
  -5.61141813738474, -1.133519039270169, 19.52427484467457;
  -6.261604861510877, -3.50647926164674, 21.82896919623686;
  -5.506414029252916, -1.278674311724981, 19.53853781276773;
  -5.987239355765633, -3.585965135113267, 21.63150117213066;
  -2.276045799263872, 0.2264739660390221, 8.814505205490358;
  -5.789468601351543, -1.375885146302806, 21.00952329725734;
  -2.139407933128217, 1.008194990642592, 8.375836186238011;
  -6.146060723784271, -3.922150342466995, 22.58002270294862;
  -5.479863125920312, -1.151565074082864, 20.13324443639569;
  -2.313808972755958, 0.1854974878653975, 9.055028266603168;
  -5.910169265952613, -3.972257963516552, 22.09504552818243;
  -5.971468977021129, -3.720331757256293, 22.39152836215744;
  -2.289232614938253, 0.3162595725011344, 9.105519231654961;
  -2.153672702639665, 0.5724643097388122, 8.637899541658339;
  -2.112111677018056, 0.8922010386271407, 8.488544408348469;
  -5.977534966112827, -3.634827396133916, 22.52245380191851;
  -5.763578403511494, -3.95200394364595, 21.8578384099605;
  -2.278050633488684, 0.4690341488827826, 9.143645483114799;
  -2.102703387144941, 0.9981064226758141, 8.547909016882549;
  -5.579624995970416, -3.85725991333166, 21.48420716174469;
  -2.124597535108476, 0.7579203459312055, 8.684292567617099;
  -6.202484209441862, -5.32932319475693, 23.9791008711962;
  -2.094348079686909, 0.9421107172933159, 8.637137781062499;
  -5.930916602641954, -4.914998986902059, 23.15516857348629;
  -5.687621867907968, -3.888385485762784, 22.24291724139871;
  -5.412814831463901, -4.185922550126772, 21.51412517864748;
  -5.630250469724908, -3.656007750613118, 22.57352319569687;
