m=[-7.855730672447384, 1.864088616125907, 12.09169497481114;
  -7.783623049384578, 1.840011280734859, 12.1495695273211;
  -7.749138796416865, 0.9100982915892009, 12.12599241989537;
  -7.771989294721705, 0.9014746910458783, 12.30866912491669;
  -8.427557133174924, 1.339875444273896, 13.42123990882475;
  -8.238868296812225, 0.8199269206929559, 13.24174969698213;
  -7.428574157156961, -1.530795189220995, 12.68544630161772;
  -7.487788967573413, 0.6938504210852448, 13.14072110358628;
  -4.943891001166153, 1.985215433931898, 9.239113210437054;
  -7.4698101833428, 1.777305467886321, 14.0236008777729;
  -5.006511186517708, 1.947448972016853, 9.748457740539239;
  -7.553015555539954, 1.758489980611411, 14.50751678072207;
  -4.85579157093212, 1.941316258362272, 9.72842447961145;
  -4.78901941027416, 1.955114778889707, 10.14769404324805;
  -7.382398462380017, -0.8274285112168288, 15.24126065627074;
  -4.779400927124907, 1.922134789182792, 10.2337742178996;
  -7.190512541691329, -1.477099649807878, 14.93798016004466;
  -7.056976724138393, -1.14075212604969, 14.6914586702534;
  -7.426712815250639, 0.3792174983734126, 15.44516245168111;
  -7.053623318879266, -1.394531364689821, 14.72014215322709;
  -7.370963983446789, -1.810688182030953, 15.41099302067032;
  -7.1729754606922, -1.213756049061462, 15.00087112677975;
  -7.135330881169884, -1.324128886265039, 14.94931728143047;
  -6.905663037823723, -1.074451819875836, 14.49632148533608;
  -6.997829805320047, -1.56089391403849, 14.7172521765673;
  -7.201365433290607, 0.5512010023780323, 15.14153821249171;
  -7.537775721136357, 0.3863414939024567, 15.90881910000897;
  -7.598166720967667, 0.7512870008782218, 16.00194716605489;
  -6.958172399014635, -0.9108255321968583, 14.7085393402142;
  -7.10428606513484, -0.1903609696020164, 15.0471994660211;
  -7.120429552422961, -0.4780692325044629, 15.07978667685118;
  -6.982453650686983, -1.348805131129452, 14.81643479926286;
  -7.04226592774604, -0.7741979757249589, 14.9537571250978;
  -7.356560213573587, 0.5014337645084195, 15.60036216028836;
  -6.909126326862952, -1.566327717848117, 14.67970033649999;
  -7.214788354922653, -0.3432138493627865, 15.33694706259374;
  -6.891698774271092, -1.039586203125873, 14.68207451222688;
  -7.171880818181227, -1.998292932872136, 15.26025375639377;
  -7.066259244131047, -2.565819237501992, 15.04727744957946;
  -6.889522844096148, -2.032365810650308, 14.68315715579523;
  -4.752477658413055, 1.941471267017506, 10.48635315994938;
  -6.814502613571885, -1.468283456191586, 14.58919062734288;
  -4.696162395355254, 1.97291195934877, 10.38472183153279;
  -7.05391171120039, -2.463357045982688, 15.11267309806236;
  -7.010764459985793, -1.901425482481808, 15.03551706306172;
  -7.218093924145468, -0.2021948571589568, 15.47042838892278;
  -7.186285603301536, 0.5948306236261557, 15.41632191563059;
  -7.284974089580498, -0.3880481452389193, 15.60792770314217;
  -7.023456157346434, -2.133038215627032, 15.07844954737664;
  -7.167810694522895, 0.2786253984587698, 15.3992877242299;
  -7.193705717754984, -0.4602727586612512, 15.44402224673583;
  -7.018199966185863, -0.726077847983728, 15.08799987134008;
  -6.941332607972599, -2.275817477824105, 14.97832256592296;
  -7.096694039546421, -0.5073919398551977, 15.32711920217582;
  -6.956273443675525, -2.157110201451378, 15.02205322014293;
  -7.093152308899688, 0.3982020441619786, 15.32088731685357;
  -6.969364829876589, -0.07551129475605295, 15.06208609707332;
  -5.469409926494287, 1.327961277927338, 12.05373545204621;
  -6.232766805515889, -2.518029265523619, 13.48905729939986;
  -7.370714442298489, 0.964936815867193, 15.96576674116041;
  -4.740231593249723, 1.913643304424648, 10.61446442043277;
  -6.627750716778367, -1.344278023096614, 14.43874487159464;
  -5.378678749547376, 1.204472388882727, 11.92927433543885;
  -6.694263803968284, -2.159557621903382, 14.63487849031617;
  -6.96701271762588, -1.553563244669746, 15.24695364591797;
  -5.716030637008891, -2.516490572515361, 12.51879635638085;
  -7.451130322833109, 1.167492674537342, 16.29266857744472;
  -6.875993594566174, 0.1520935353576403, 15.08014512459321;
  -6.848264274851942, 0.07663312418407636, 15.03228640285126;
  -6.858514925662627, -1.864345368857002, 15.05391314262016;
  -6.777583095898341, -2.226317939336627, 14.94670252878838;
  -7.161921771975149, 1.045494399844525, 15.77648461752492;
  -7.325379330124429, 1.008160189982778, 16.13615971864933;
  -6.806976245319031, -1.09562712558457, 15.0370470996411;
  -5.342234532123951, -2.344532481434393, 11.86544802307521;
  -5.338407381688265, 1.418445494963474, 12.03656053142948;
  -6.852549757092854, -0.3420137725298648, 15.21801713374805;
  -6.878850987824972, 0.01656827916550675, 15.31986924858994;
  -6.763589466543444, -1.432989146332886, 15.06844906769036;
  -6.471961930877714, -1.183095132828627, 14.4795351006405;
  -6.851445863437604, -0.5011523871381157, 15.29599375102177;
  -6.498964532520449, -1.727490201565467, 14.55300515035652;
  -6.875737913616876, -0.2997050674307245, 15.40513306274847;
  -6.920115064188327, -0.5742408812786251, 15.51876027745436;
  -7.003260560359684, -0.3757080679271933, 15.76811666942695;
  -5.359945690297688, 1.403081566967233, 12.28393224471485;
  -5.257220163296147, 1.075753200484976, 12.06669119593475;
  -5.44555497627763, -2.305739491835044, 12.3291693556282;
  -6.87796487243831, 0.566847095038102, 15.56749800240122;
  -5.61908586050286, 1.540352203872978, 12.93529178392889;
  -6.948370935213836, -0.4023101788209089, 15.81988085292888;
  -6.899274240387737, 0.5898520964383314, 15.72036230811502;
  -6.75600464930078, -0.1072044504865487, 15.5108973687552;
  -6.837709658791514, 0.1012398230880857, 15.69948663934173;
  -6.608317777482539, -0.4508973292052248, 15.23848238539769;
  -6.485425268411054, -0.8774443254193285, 14.97833865112922;
  -6.621507363128581, -0.6451282212260383, 15.36926676998561;
  -6.454236431603521, 0.2394433874228291, 15.09078220932993;
  -6.637529528299083, -0.7385045366479025, 15.49043851303443;
  -6.630001033303938, -0.8851962057309523, 15.48047455020641;
  -4.782964996019929, 1.915362727473016, 11.47785747150326;
  -6.747050646959968, -0.09300077379697808, 15.81642240006496;
  -6.967875204597908, 0.001255178716469511, 16.34401858549101;
  -6.349178418850544, -0.8355152882998317, 14.97378471375002;
  -7.273657893363439, 0.6763475571892191, 17.20415847135067;
  -5.083827138597684, 1.802197547940873, 12.29756288200583;
  -6.426682840750403, -0.05922045050230939, 15.33713141413397;
  -3.757177662995108, 1.938414901448471, 9.376467104591532;
  -6.353687162975028, -0.8388882625421674, 15.15523489529009;
  -6.48266739423348, 0.1777525422173443, 15.53288836116101;
  -7.717366134665691, -3.705994730057614, 18.44450480345303;
  -6.444386513413257, 0.111498019876368, 15.77514855785832;
  -4.540527303567363, 0.918880144035405, 11.739258688622;
  -4.747811507383971, 1.826813689705009, 12.29014213601593;
  -3.792173165207846, 1.923678901496192, 10.03350134716346;
  -4.796367945264499, 0.5158177447806277, 12.50525564153681;
  -4.854220501749607, 1.820056753644017, 12.71659227221066;
  -4.850193228740065, 0.2619261369229724, 12.72995261330606;
  -4.689238901342973, 0.3318643738346019, 12.33105442638212;
  -6.388223980225107, -3.207290166772281, 16.19080441651443;
  -4.233674044306363, 0.9056014587021041, 11.57957278481092;
  -7.987152363927327, -4.911558914567999, 21.54261778205709;
  -4.618798142308661, 0.3140539059007454, 12.88022887838825;
  -4.06566626984228, 0.9316166760204948, 11.58665484134425;
  -5.873544828502554, -3.270417895116563, 16.18492168306768;
  -7.306987226932639, -4.976368858391105, 20.61759608910819;
  -5.492521589371491, -3.472754613788651, 15.56628937253181;
  -6.306884429139678, -4.147322129626098, 18.1544736167455;
  -3.530818193389697, 0.8853372427547017, 11.39760423829749;
  -3.547280118704789, 0.9377087007319007, 11.65793502877203;
  -3.352376648391992, 0.733715865208178, 11.17587015646631;
