m=[-4.611995088444818, -0.9503869443505929, 7.875699266113585;
  -4.47937875431087, 0.4150783159539445, 7.861101211938203;
  -4.47223924855894, 1.041224905689445, 8.590090337929196;
  -4.345334205647093, 0.9684604913644316, 8.677601249329415;
  -4.767571501702107, -0.9793708243698805, 9.904424488670562;
  -4.756054929474582, 0.2428502753975172, 9.891057166504229;
  -4.680095755758101, -0.9252748589066095, 9.766849135689323;
  -4.76042317535106, -0.8055224023612005, 9.955491267704085;
  -4.632479404488689, -0.7207672745438195, 9.72446966407869;
  -4.776444610618321, -0.8863819194783749, 10.00718637305922;
  -4.852840623561259, 0.1215253097465008, 10.14385690266674;
  -2.755110184693557, 1.112244845884522, 6.169322838876975;
  -4.690760970836271, -0.394464919210997, 9.850953176141099;
  -4.675033490164591, -1.042784909855391, 9.832140638279368;
  -4.690132053638144, 0.3589882381610226, 9.861437302362266;
  -4.732436838961923, 0.4679310694483569, 9.966641565627048;
  -4.729512914094953, 0.2424066664040974, 9.981852494033866;
  -4.709339808636837, -0.6164530988201626, 9.954842431265552;
  -4.662578162412807, -0.9006732682193713, 9.893769267349068;
  -4.736679153276195, -0.1269204010148767, 10.03250085545901;
  -4.77176339533331, -0.3203786017830372, 10.10573499032058;
  -4.661917250987774, -0.5125121567039691, 9.899253879906709;
  -4.690673347006698, -1.063395186482849, 9.966191939890349;
  -4.718344429948601, 0.3216091680172847, 10.00574721978944;
  -4.681753286504137, -0.2227151356604401, 9.952308894306849;
  -4.794479488948882, -1.335880325183182, 10.20164382064279;
  -4.653726709805438, -1.002712938143941, 9.963178524825802;
  -4.816293675237801, -1.68193924820189, 10.31868200768106;
  -4.694121409345788, -0.1314927760463906, 10.06083737276813;
  -4.778463294322206, -0.254534030684626, 10.2377728064362;
  -4.77338544850565, -1.449687070222614, 10.24783953128108;
  -4.726188988949927, 0.3912009762568567, 10.13881926071614;
  -4.695961083729944, -0.4858273252853729, 10.09556019613406;
  -4.680418204318922, -1.451377369987416, 10.10735013899264;
  -4.627197236052644, -0.3308304639611345, 9.993611562474834;
  -4.749707704773978, -1.557261180175261, 10.24913487278249;
  -4.596597197629144, -0.04980296115035889, 9.934096497210074;
  -4.606027096460834, 0.2585774737946777, 9.948809647680813;
  -4.596683136973204, 0.5318475885312218, 9.954974314695235;
  -4.675743156213733, 0.6121247469685907, 10.12816670054119;
  -5.021456468285043, -2.028661545865111, 10.86751937633781;
  -4.555768008130814, -0.9240267284273727, 9.924871162859304;
  -4.566765823514199, -0.7921721967673233, 9.961779307237251;
  -3.304326710083108, 0.877978580631027, 7.450298491262102;
  -4.620626460732925, -1.030346251354238, 10.11200643909604;
  -4.471857605073479, 0.09891525107135997, 9.807493380202697;
  -4.668780767847888, -0.4358019062736276, 10.21370125904113;
  -4.509173802927987, 0.05045834420793217, 9.897864528207467;
  -4.869308595209228, -2.143719996036294, 10.664372983784;
  -3.181762800504706, 0.6510648992263188, 7.302975332943094;
  -4.706326896899439, -1.545946372135318, 10.37893112277184;
  -4.538892170878633, -0.9117127725843874, 10.04484059899532;
  -4.629197902572871, -0.745099528626359, 10.22619506604221;
  -4.49840305470215, -0.9530683056837298, 10.02189113502823;
  -4.503236710986844, 0.01084641651753235, 10.02914552588416;
  -4.564488558944165, -0.3338717670654945, 10.19031455051008;
  -4.58978788087107, -0.2000632810050757, 10.28344796193885;
  -4.578611228011194, -0.2456314688621966, 10.30892330864822;
  -4.446207051160863, 0.366433908522563, 10.06348835315744;
  -4.491920555322192, 0.4258124338699222, 10.16161868694997;
  -4.428660547521134, 0.378627463897168, 10.09093796259571;
  -4.460422926033212, 0.09876337026813346, 10.16640010008733;
  -4.631109712898734, -0.2681409202397742, 10.54399722726446;
  -4.490013508844461, -0.07124764648329079, 10.30847998709101;
  -4.476139574029584, -0.652726491543196, 10.29353745115729;
  -4.503937550395186, 0.06668575642364778, 10.34110995133359;
  -4.575903039620905, -0.3122220402743923, 10.55182577692484;
  -4.473487463327937, -0.4358483426242309, 10.38346987257412;
  -4.315437041681542, 0.1600968409540371, 10.09001161085629;
  -4.467977903457094, -0.5965364209693095, 10.43233898123306;
  -4.533758144101064, -0.504434811658158, 10.5807290897527;
  -4.433506842054849, -0.1915944918107257, 10.4548902593992;
  -4.466128264035558, -0.5877167403314603, 10.53283412718611;
  -2.74833498485418, 1.086623983273645, 6.8435202941947;
  -4.446775960516679, -0.5871154911702372, 10.60674415968635;
  -4.329796818711221, 0.1187215608956121, 10.37447188349908;
  -2.838453021276652, 0.5744262607955761, 7.338648589578503;
  -2.844833022530204, 1.066650671056125, 7.452603691364694;
  -2.675113488834958, 0.5722185157217328, 7.316735069213155;
  -3.151623730066588, 0.2403591346540634, 8.473457048473335;
  -8.872911674034089, -4.454759640685878, 22.48818732154587;
  -2.568435746042449, 0.5885376254438882, 7.319729780161919;
  -2.528225558401532, 0.5923564090307252, 7.35381734911654;
  -8.261257337137687, -5.080114948478036, 22.28192240540452;
  -7.992933505177996, -4.450503662279063, 22.02503029712209;
  -7.941471749883562, -4.509558889932959, 22.33060242699471;
  -7.865104327562554, -5.35647032465248, 22.19239464750696;
  -7.95002522874075, -5.026559539842401, 22.53107087807877;
  -7.767614262932337, -5.107878365142806, 22.35920917623303;
  -2.310181396254222, 0.5119132876281682, 7.386243509040706;
  -2.261479204746129, 0.5670560346113107, 7.300133724554898;
  -7.865945455587373, -3.869933787937103, 23.14407233191201;
  -2.257885178267882, 0.6368216201871011, 7.316842251392219;
  -7.679818719047569, -1.171459150698479, 22.70433040529887;
  -7.23003421501539, -1.209796825823706, 21.58844241955023;
  -2.246872667782357, 0.5939514161586725, 7.384219656296701;
  -2.193694014289919, 0.4801214990173519, 7.313151843627447;
  -2.224435329021523, 0.5388726736146046, 7.439547893184825;
  -2.183249950820814, 0.6007771913649443, 7.423127607829113;
  -7.265525261008039, -0.948327330218199, 22.66395818561328;
  -7.124864239326128, -3.836347836287172, 22.94795905686227;
  -6.984058143361756, -0.6217563073726159, 22.74238244906394;
  -7.019750787362606, -3.951162449877279, 23.01953202628074;
  -5.864942478053019, -1.272249253809838, 19.72153749139534;
  -5.809132465949514, -1.210068911766597, 19.75332161410296;
  -2.125828792579289, 0.9982853764539125, 7.900316021453691;
  -2.162880228321673, 0.9147038733643451, 8.042830066460214;
  -5.688723264630227, -1.360433383878915, 19.72744922274806;
  -6.29333699103887, -3.816619849815913, 22.219198273823;
  -2.099556875900031, 0.8803361368384092, 8.005852443871099;
  -2.148716315314637, 0.5622806697314258, 8.177013855189642;
  -5.823464293050141, -1.4289534513682, 20.67020110709699;
  -2.069472373400103, 0.9773903149532593, 7.990258853161278;
  -2.336182830772998, 0.3301256579364007, 8.922663549028249;
  -5.639737192295669, -1.249110583014624, 20.29491265559622;
  -6.017033754505797, -1.307890733766544, 21.59312911907714;
  -6.476574505056541, -4.175999035420792, 23.24452708801652;
  -6.449352262060634, -3.92028359174857, 23.37567080360711;
  -5.538127764288565, -1.491831897879127, 20.18275337940633;
  -2.065853287323496, 0.9235779352247243, 8.091009250936908;
  -6.159155750549142, -4.18650039271137, 22.5001447174662;
  -5.724064506836598, -1.210649593842789, 20.92974400646618;
  -6.282150153223777, -3.961022701442426, 23.01693798332445;
  -6.214444849259595, -4.03818788495647, 22.8805814282101;
  -6.253613397835992, -3.849054213682225, 23.029563210372;
  -6.080077395120638, -4.216467278934185, 22.50620016512065;
  -5.936104211196191, -4.148760511189002, 22.30723836442895;
  -5.949415788067169, -4.307467724553758, 22.60366295775952;
  -5.920481431113869, -4.094389805481238, 22.62405191538036;
  -5.771831621219527, -4.504417391077791, 22.37097397209818;
  -2.184771596145278, 0.3588285560944106, 9.011153869404261;
