m=[-3.138715821955458, -0.6447657263061172, 6.520546957471897;
  -3.123476509600746, -0.5049063654703138, 6.502561626899706;
  -3.117016335257178, -0.5784358759544053, 6.530498296880843;
  -3.087765607957509, -0.6887384631409746, 6.493931172760772;
  -3.200411932374855, 0.3028279210253596, 6.690959386388766;
  -3.125310225646682, 0.2392149301513231, 6.571254388613482;
  -3.124172548225529, 0.160126479500578, 6.593708508408787;
  -3.075614891973756, -0.5941185370080054, 6.526308629358043;
  -3.157747645063906, -0.2120127700167721, 6.687540480010679;
  -3.125303165067038, 0.2130251755974385, 6.627535127868844;
  -3.09423544266603, -0.1471955107855079, 6.577618475944739;
  -3.138384318912823, -0.8744444259617026, 6.677821662943106;
  -3.136761095233898, -0.9253247504062447, 6.685159068885575;
  -3.059104876503382, -0.6591285286147378, 6.549247498042836;
  -3.053685201588688, -0.1953830427548964, 6.555895394978954;
  -3.146400131609105, -1.098781392652444, 6.741013861742387;
  -3.100018165012981, -0.08683840036608795, 6.644220694574964;
  -3.059138013186716, 0.1189140707239692, 6.572236413719474;
  -3.085598296508571, 0.2554043159833183, 6.619355153299702;
  -3.12962241758877, -0.8488009901507475, 6.711891624539299;
  -3.131348209864235, -0.1667972802639025, 6.708857968736989;
  -3.124643001903006, -0.9489605664127629, 6.708203312193613;
  -3.097481354413366, -0.3204543339913463, 6.65908616198433;
  -3.035413754822291, -0.03288793575052695, 6.560090400115203;
  -3.085204270534776, -0.9567084530845466, 6.662490070617108;
  -2.162182703905263, 0.4424343838590578, 4.962773136146918;
  -3.049744094442938, 0.1712093974147982, 6.587308939859487;
  -3.070376183827519, -0.2195225155989697, 6.631259781357841;
  -3.121976589732632, -1.0235857132261, 6.736742790651774;
  -2.996671919242886, -0.06674950772490113, 6.504862332039962;
  -3.051713412223059, 0.3530907767220941, 6.609054339668007;
  -3.027488326701229, -0.6140523680927237, 6.595470080114627;
  -2.965122685101085, 0.06558702909533713, 6.502984592493506;
  -2.959074543770045, 0.03311249652198499, 6.495318265196391;
  -3.169189982207699, -1.3952403720686, 6.940908214358601;
  -3.089284776651502, -0.2883656915223753, 6.758302302416023;
  -2.993178817382086, -0.601230268466153, 6.624084241920261;
  -3.031662725965437, -0.4879658454039039, 6.697137401047592;
  -3.043555876059826, 0.3243598008242373, 6.714431404961005;
  -2.964947997494991, -0.6281780289694431, 6.605541053253224;
  -3.020235376222214, 0.3537593815753973, 6.703486432856573;
  -3.000622734986949, -0.2194820299995947, 6.698951946546636;
  -2.945035127656084, 0.0652094206286464, 6.712458866135014;
  -2.968931749911772, 0.04395830477171672, 6.816713002858801;
  -2.966680900224172, -0.4647140111832351, 6.880902107640079;
  -2.960878055612048, -0.3953178901925026, 6.913392193443676;
  -2.915093569683609, -0.0401814024907792, 6.833556415439593;
  -2.986757619339161, 0.0005380283780877497, 7.005811758600964;
  -2.767872858661285, 0.2418530941243445, 6.712976641670734;
  -1.813527067182353, 0.3879213988249215, 4.96019968752774;
  -1.748559472940856, 0.4006691784046756, 4.983182026722144;
  -1.711681178606149, 0.4010422697433971, 4.978745154110582;
  -4.981612251559336, -3.063354866444118, 13.43619900860227;
  -4.775062171425997, -2.658777489863324, 13.15798372752221;
  -4.786597753197462, -3.259876506812494, 13.50599584363662;
  -4.695470844561611, -2.968803631271179, 13.30737744357163;
  -1.532243801784371, 0.4050422567418626, 5.035632397692643;
  -4.602295053145175, -3.02640714847876, 13.24778423602726;
  -4.587504503728206, -2.256987260022352, 13.49787341607359;
  -4.574766631119767, -0.6978227518630719, 13.52466990691683;
  -4.384081546783694, -0.7335854550226226, 13.09060084927288;
  -4.316029916035656, -0.5633466240055569, 13.46335165467672;
  -4.161986155352155, -2.241000817055927, 13.40503968638175;
  -4.140233555781155, -0.3685846071813478, 13.48195748391921;
  -4.109473316487334, -2.313073091726933, 13.47599871926049;
  -1.456347439912749, 0.6838981376938729, 5.412291456635081;
  -3.551014084941421, -0.7703016758886796, 11.94068955845811;
  -1.433346895424819, 0.600996849931344, 5.46551697521064;
  -3.511567384247362, -0.7314755771465669, 11.94070204410368;
  -3.900833040947457, -2.209239214284211, 13.28766123501258;
  -1.4159927645097, 0.6687586806495144, 5.46716586704031;
  -3.457495090494804, -0.6970908801568223, 12.1130908595237;
  -3.761735858924615, -2.281320032500914, 13.28115036938432;
  -3.446874764091058, -0.8457892661005898, 12.23457223731383;
  -3.529662817557334, -0.7672240975790762, 12.66678368045504;
  -3.310250231894867, -0.8916978979333686, 12.06363718895518;
  -3.693433280887418, -2.245079087005048, 13.38684522118589;
  -3.623697154883249, -2.463098868807336, 13.23780623503054;
  -3.371587090404815, -0.7130965307482164, 12.32803274900154;
  -3.660845940453833, -2.308237390534153, 13.41283826759393;
  -3.59998175449549, -2.339292255333161, 13.25455091674334;
  -3.623465181445323, -2.230216842249819, 13.34377665008092;
  -3.572233063325103, -2.477304620550519, 13.2230869995466;
  -3.518370026682737, -2.458999052429186, 13.22165448029735;
  -3.492329263975618, -2.415168006551012, 13.34530637298554;
  -3.43562806947615, -2.681211761016961, 13.3161102339679;
  -1.445688490069164, 0.2559597594034872, 6.175052625208908;
  -3.385670097060427, -2.712600450008451, 13.42615476755711;
  -3.687683887520749, -3.516374611954305, 14.94747989715895;
  -3.359630024837368, -2.302046310414572, 14.22407543037466;
  -3.308021086008215, -2.199075408999498, 14.02623491555553;
  -1.444073147489547, 0.573356508293714, 6.672323893338819;
  -3.325387461003397, -2.198896090257821, 14.40350362336846;
  -3.242175846309802, -0.7923236091266738, 14.2214466491634;
  -3.309041044402226, -2.2160582000835, 14.64030631566511;
  -3.340835795152743, -2.299588148914471, 15.73186446122413;
  -3.327435245284229, -2.212188478371419, 15.72230657501785;
  -3.316207579173391, -2.199300670141334, 15.9640563090638;
  -3.533365410504839, -4.171864709706485, 17.2477985530032;
  -3.326500006381527, -2.226741958866257, 16.30815327933444;
  -2.885474835144717, 0.2731744029050849, 15.47773572607144;
  -2.010078178822266, 0.5205578869731303, 12.61051076331154;
  -2.161886230980911, 0.3390321388349177, 14.89203588435973;
  -1.988938386304922, 0.2627534816280407, 14.11743877909646;
  -1.897337577831405, 0.3715616551621153, 13.9950317284628;
  -0.5869244218811656, 0.6891008055830097, 6.305526474271159;
  -0.4060342026051817, 0.7210375578863482, 5.019111275493307;
  -0.4574241089382974, 0.6718348666866656, 6.514800577706065;
  -0.6412581864144192, 0.4956326583584477, 11.83536153529342;
  -0.119267039487423, 0.7544091655840211, 6.302984913764906;
  0.04038297135040656, 0.7103173577020496, 4.821189796898453;
  0.06425396246217953, 0.6915836312450324, 5.700429894599325;
  0.07235803639747852, 0.6485910291813056, 4.837012716821629;
  0.103286997441008, 0.6843097141347582, 6.090840817227134;
  0.4815926484084825, -1.507741691241539, 7.652975345490755;
  0.4985657847187138, -1.603327005250469, 7.657318870978664;
  0.5097750969629435, -1.678189523466402, 7.600698572373212;
  0.770544744148683, -1.552178638132955, 7.924044400655111;
  0.7929089110973642, -1.531108038211405, 7.658880906222896;
  0.8580081621162007, -1.474759905246907, 7.542481791837108;
  2.463288268648949, -3.210665839465163, 19.642452576828;
  2.645568647435528, -3.671342101001463, 20.65201599793035;
  0.8730302177963066, -0.8592420602824731, 6.61675211264063;
  0.896818412122077, -0.837824728786037, 6.586864297533466;
  1.194642560535015, -1.700545619416833, 7.917605036018713;
  1.092606275877775, -1.044598550052669, 6.523081887006573;
  1.193159954594548, -1.056138779586959, 6.436419197672223;
  0.7781645328985565, 0.7042513515433901, 4.417723115666068;
  0.9573174349103013, 0.3465168220732652, 4.421179317759385;
  0.9969608136938289, 0.5651268505079176, 4.574067482042516;
