m=[-9.119508175509152, 2.186150951665838, 13.08171934210123;
  -9.225488150704514, 2.199580258173217, 13.42310947794088;
  -9.359850791481575, 1.111806108820131, 13.66212562971201;
  -9.995821291334201, 1.610056370785558, 14.97033653007223;
  -9.591314827051892, 1.860433070431868, 14.98241968914667;
  -9.320922673673616, -1.931020775438883, 14.92724468091367;
  -8.859169289992781, 0.8374370962343657, 14.62549767858982;
  -9.319556909149984, 2.148790818561373, 15.85320199264001;
  -8.903838892115806, 2.085616387366667, 16.1842510836974;
  -5.556463611839171, 2.287647015988889, 10.82969871613147;
  -5.554156709040595, 2.285204898877837, 11.3080468068645;
  -9.441445296431484, -1.362066823898347, 18.63857703753324;
  -9.593591420057601, -1.790276437704579, 18.93364588641123;
  -9.507041687624936, -1.959487895001739, 18.7910073747729;
  -9.626121082278441, 0.4903800482880454, 19.05873056170346;
  -9.358268069592365, -1.856591768483046, 18.56658687247894;
  -9.539521645283326, -1.344215181297185, 18.9604876906879;
  -9.531396403037903, -1.619415286302404, 18.97008247071897;
  -9.7126613384068, -2.41361022309164, 19.32312096895752;
  -9.299660518400676, -1.446343816731162, 18.55529101679904;
  -9.523856757355432, -1.769742494474025, 18.9962629440466;
  -5.585600856365352, 2.272519753931181, 11.55840515533101;
  -9.304368780447636, -2.079698367086099, 18.61108730659132;
  -9.520072453487346, 0.7389322470728977, 19.05734188034099;
  -9.400412872678274, -2.186501254795585, 18.89463687272076;
  -9.503713940655185, 0.4752285931914959, 19.1099641008209;
  -9.402646705625372, -1.224117166984653, 18.92330481505552;
  -9.632096847208421, -2.340173949104629, 19.36099259977854;
  -9.792202536175235, 0.9757333345269019, 19.69240388382554;
  -9.293595368599203, -1.80050163215461, 18.76441952297754;
  -9.682337203387009, -0.2590160873398497, 19.520397721749;
  -9.569726929590068, -0.637254217095796, 19.31383075039355;
  -9.337766084679844, -1.030589072170238, 18.87182241263949;
  -9.355642902245656, -2.121469931968025, 18.915127433141;
  -9.472976002763758, 0.6483151374346875, 19.14821338706038;
  -9.352010019565807, -0.4512448753353122, 18.93510404512341;
  -9.538699167188474, -2.669275106942034, 19.33554045875146;
  -9.521355661397676, -3.464760616778322, 19.30151189782505;
  -9.51473737623343, -2.377801595172539, 19.29126144350094;
  -9.296715032097103, -2.001888789069558, 18.93941825212726;
  -7.064275821472734, 1.579950550941193, 14.63615728944416;
  -9.419877522948241, 0.01239246797938733, 19.22677143318173;
  -9.620339450932313, -3.366108034871923, 19.63243541285753;
  -9.40424350084408, -0.2691878172393593, 19.20848765504004;
  -9.535867474916158, -0.5128529805281584, 19.48765544503359;
  -9.54208338944599, -2.906303951829208, 19.51169499040158;
  -9.783071734597112, 0.8120172983148942, 19.98828795538113;
  -9.416229905694893, -0.97649263072537, 19.28580590666215;
  -9.341553652398078, -2.909613775944937, 19.20402107882041;
  -9.393625160737287, -0.6889083483399271, 19.31046948589201;
  -9.48529541683045, -3.116191319959929, 19.49180724158936;
  -9.240249154513906, -0.09762877807853577, 19.01908070694882;
  -9.318940046623997, 0.525398609536655, 19.17288855859851;
  -9.056095167605093, 0.1424256818593616, 18.67529361387229;
  -9.486210465444248, -2.759882931230289, 19.5241317025287;
  -9.027284809870903, -1.085020903611747, 18.67424723911131;
  -5.672568258660741, 2.199147094425372, 12.10841442429754;
  -6.821755582898097, 2.068013908871822, 14.3599006402059;
  -9.396709155772742, 1.233025685378052, 19.42031881643684;
  -10.05879349401512, -4.004882232083111, 20.7638948353387;
  -9.254400266596594, -1.881804860114562, 19.16795665710277;
  -9.50411437695456, -0.8556174403186304, 19.65644875547886;
  -6.565334263275603, 1.649462063565456, 13.88650607060665;
  -9.193960563323229, -1.172957283251014, 19.08137564087629;
  -6.807805998910336, 1.831297975169512, 14.37835962333694;
  -5.707588361937976, 2.344187882494043, 12.23191687318556;
  -9.221421446109744, -2.074520196570711, 19.22347406185643;
  -8.999006717836693, 0.1982011376310552, 18.78731024143977;
  -9.115009738283943, 0.1030381680786704, 19.04992535150658;
  -9.73961495509098, -4.205078164273846, 20.32567926307868;
  -9.342799117892808, 0.9180564019611552, 19.52945952295354;
  -9.077154291159793, -1.714763132402731, 19.05907664987907;
  -9.103502737542735, -0.2293174011706589, 19.11368425884272;
  -6.311752222679886, 1.302916374207537, 13.5782603062836;
  -6.513522854396936, 1.715441016878375, 13.98953356998142;
  -9.601864188668179, -3.167586662791449, 20.16099294467454;
  -9.344414038369418, -1.512640893520573, 19.66754490481296;
  -6.432080930349348, 1.493099313903049, 13.89098803788496;
  -9.248634872857728, -0.4670519265601014, 19.57402469117453;
  -8.843497486775783, -1.885201281107888, 18.77462949813728;
  -9.104704013344771, -2.573383300048224, 19.30300903976017;
  -9.074726384761629, 0.0164770624093883, 19.25700893975355;
  -8.969383211132413, -1.641542972532332, 19.09896614656277;
  -9.069818455834795, -0.6669654721458209, 19.3146700704919;
  -9.361665726659419, -2.71754870206352, 19.98925417149099;
  -9.210647743491133, -0.4054746053957249, 19.68732149568426;
  -9.021124379512214, 0.2181092837380541, 19.32980007618929;
  -9.286985406283682, -0.5193912060298197, 19.93842396075071;
  -8.975171071828292, 0.7380591767199943, 19.36798606076456;
  -8.955316789574315, -0.6907794747623111, 19.37848366124446;
  -8.81476606730943, -0.6006142309289979, 19.11445214639809;
  -8.815291042181167, 0.6624439108494726, 19.14313303670213;
  -8.681559192124437, 0.7478515067862085, 18.89414805134043;
  -8.686542570338132, 1.045851633298038, 18.93876836929416;
  -9.360598019250626, -0.5561979074181559, 20.34763330174291;
  -8.955772930848726, -0.1454804466759495, 19.62872244411697;
  -8.913649316368449, 0.1315718870623852, 19.55250453337809;
  -9.332043940942189, -0.6396680051060398, 20.53847577928332;
  -9.023701824779534, -0.8927071069280792, 19.98194438470936;
  -8.779173944714579, 0.3257562325223302, 19.56352435074;
  -8.852112250169567, -1.194684830530913, 19.73721287749554;
  -9.035780700924885, -0.4506004213322341, 20.12750040358984;
  -9.110909588911277, -1.024964376660045, 20.30566905186349;
  -8.768643112636024, -1.438225700699514, 19.65139320692767;
  -8.646713551925355, 0.6438459430800538, 19.48267865503788;
  -8.94858913688485, -1.178823751806934, 20.15050038262975;
  -8.901634700873304, -0.5368917254233645, 20.16423994940134;
  -8.54770379182945, -0.09688506178950961, 19.43656601901093;
  -8.844031374663066, -0.9847669776735283, 20.15485238450006;
  -8.931062464611808, -1.185843562913166, 20.3456386944174;
  -8.230867556596714, 0.8900111760590613, 18.83159875768449;
  -8.705571660215474, 0.235146752859748, 19.91902639093421;
  -8.613993317018261, 0.4343676343077538, 19.84467439574739;
  -5.423825880752891, 2.241285046066526, 12.89983089922572;
  -8.13168662001714, -1.146095807645265, 18.88615940076067;
  -4.35898845765073, 2.225353499469799, 10.60084648162377;
  -7.958406211218561, 0.6436216641437592, 18.56520848072867;
  -8.615084042591597, 0.1395552583937114, 20.15184741032308;
  -5.971283599545049, 2.182625465401219, 14.29497876082668;
  -8.032081810796811, 0.5093253405420265, 18.92874750785137;
  -8.250337653188412, 0.226120090698274, 19.49243344929733;
  -8.452295720287609, 0.3357411803478472, 19.98204226920851;
  -5.733682158535689, 1.163998301248736, 13.88506114849013;
  -5.73272147567589, 2.210937997952792, 13.89789855125002;
  -17.40582815210323, -3.583447572065949, 40.47984436932156;
  -17.50755977613318, -8.472838906743656, 40.92466874249292;
  -5.69629405143912, 2.147023620652745, 14.0141829141538;
  -7.325289345061623, 0.4097258080814492, 17.84675767496334;
  -5.68011707847829, 2.185338868394953, 14.4365817810487;
  -5.459535449680622, 1.165850615319614, 13.97434381201621;
  -6.132020821780449, 0.4325999726904118, 15.60730826912884;
