m=[-4.500456301470578, 1.054177364022833, 8.180349583672662;
  -2.85155889506304, 1.160165949048089, 5.900792749246667;
  -4.679555324297965, -0.6750944222736971, 9.238019145892048;
  -4.735692908764381, -0.8837357210189204, 9.346232149710959;
  -4.729435916984629, -0.9747798246830864, 9.347898969482255;
  -4.731986554384489, -0.7661457686005772, 9.366504571285354;
  -4.740872234124405, 0.2415125610021007, 9.386439851040363;
  -4.739096406404286, -0.6677866639433968, 9.419296105171005;
  -4.620619948428609, -0.7186289304487107, 9.219363185513846;
  -4.672513680417527, -0.8682560255707038, 9.319785119018638;
  -4.808770563790734, -1.194986357381973, 9.566940725983601;
  -4.652140939841597, -1.039839471579661, 9.30545674155816;
  -4.74667209588439, 0.3684288218463332, 9.501918537605988;
  -4.662260581918255, -0.6069730570507925, 9.38303659394904;
  -4.712225185105101, 0.2356325284517823, 9.475290889924928;
  -4.632720360172779, -0.8975235351853103, 9.353786658782026;
  -4.614167423795087, -0.5092556914580453, 9.325329785987321;
  -4.810769108997082, 0.4793638374022224, 9.674596490035953;
  -4.770526832082494, -0.3176724230357366, 9.627980871654739;
  -4.710971489509239, 0.3224112599652961, 9.522528856313224;
  -4.662484808724774, -0.2249700729430439, 9.440177542293714;
  -4.723531866644297, -1.321816089121656, 9.5748948483321;
  -4.742062813628792, -1.725606422367191, 9.613019938807115;
  -4.757055637828636, -1.188822564058119, 9.644996007967682;
  -4.73964669747559, -1.396600164303692, 9.615956430563584;
  -3.453552704493793, 1.046943846217503, 7.269781669776084;
  -4.605729624848203, -0.9917652062730079, 9.382866896538232;
  -4.544790447561376, -0.2930103094716123, 9.302590731626491;
  -4.663252057060061, 0.006134814561669797, 9.518094180947131;
  -4.748151562890042, -1.661354176549867, 9.689655896691203;
  -4.674520104870742, -0.1338038369124231, 9.547866526381089;
  -4.612914862789731, 0.1789707416869784, 9.440596058416908;
  -4.688340012109988, 0.3891429290814611, 9.578984263540077;
  -4.73689949908583, -1.288801062752082, 9.674922438530576;
  -4.701425851035363, -0.2528495982959138, 9.607911113105786;
  -4.716818384018309, -1.436636775224093, 9.644971425829001;
  -4.677066173809531, -0.4850264594089547, 9.579310546161628;
  -4.574640636094379, -0.04833382390258769, 9.415921368382595;
  -4.49440319874271, 0.07068371392800933, 9.268266046484531;
  -4.668219048384682, -1.454010216900248, 9.596752354220714;
  -3.209557460098099, 0.6625394694195134, 6.904613033539334;
  -4.610891805029474, 0.2599604816605801, 9.486498924908489;
  -4.673689112718336, -0.3427583485824739, 9.607699844668863;
  -4.723997042827729, -1.551968381950004, 9.707577436676708;
  -4.731334326487943, -1.376516881760594, 9.737839451859506;
  -4.5476334578711, -0.5465959552266392, 9.407439039951383;
  -4.620233646109638, -0.9394858531779704, 9.569549157493539;
  -4.588527420038148, -0.5854002330835877, 9.523144540067644;
  -4.635949569304219, -1.492035172189678, 9.656209784326181;
  -4.473186257435223, 0.09852094046134843, 9.338712662544038;
  -4.45020026196175, 0.05030608806152365, 9.300701285436796;
  -4.604540989481302, -1.035872108702553, 9.598875270513812;
  -4.583302370371484, -1.185897712726467, 9.563527607028332;
  -4.511066011000702, -0.1267594706678405, 9.424737670392565;
  -4.740336427515739, -2.046639964163976, 9.892645476134543;
  -4.61651818012544, 0.4536353630805795, 9.650010002149479;
  -4.505920191756173, -0.8512123485548133, 9.460969325657013;
  -2.806753701951352, 1.132249870155371, 6.27050761550904;
  -4.581316721247989, -0.7416074448621659, 9.6424721730372;
  -4.586237387647865, -0.4198004530676438, 9.676172797904311;
  -4.434506100576286, -0.945320173877844, 9.414398451522974;
  -4.558874390977854, -1.2885351580419, 9.665332717153133;
  -4.503279083967214, 0.008176644382140212, 9.556176340895785;
  -4.497790972807734, -0.330753178180986, 9.578289698834142;
  -4.611714643619265, -0.2600693241450012, 9.889548675384351;
  -4.428397539490387, 0.3641623559069753, 9.556268190317875;
  -4.436253474187698, 0.5341207855869284, 9.672107895034106;
  -4.44038924021459, 0.06554334491864085, 9.74020041262192;
  -4.48186616784631, -0.07280487089999452, 9.823083693569739;
  -4.590380680026204, -0.5132513839813415, 10.05162181151858;
  -4.484482897677501, -0.4436460591661826, 9.93036888802134;
  -4.342436717232375, 0.1611285792809569, 9.676692476319873;
  -4.512952365383687, -0.5077007254809902, 10.05810849992818;
  -4.359987845533643, -0.06440909790572089, 9.765117856197279;
  -4.367308405367286, 0.001597738387544204, 9.823932405793492;
  -4.452205002269445, 0.401582882152897, 10.07316241309034;
  -4.414257844807207, -0.5861138325977543, 10.0560146757801;
  -2.95681635642261, 1.08077644755217, 7.078482592577998;
  -4.295481410384586, -0.1806224548223502, 9.885138277668867;
  -4.288652051173747, 0.2162587753762343, 9.880075409863098;
  -2.861074967823169, 0.5808285688340219, 6.928566980208177;
  -3.873789998773185, 0.3132857382976045, 9.036698684267597;
  -2.822200290393164, 1.085798743895605, 7.172902377159343;
  -2.710049279900895, 0.5787145535805184, 6.936700152218534;
  -8.60466553070323, -4.164255088675802, 20.11377319208291;
  -8.616126572078215, -4.150688097632192, 20.4115833505609;
  -2.190556595139233, 1.107445606390704, 5.980504900207745;
  -8.453104079492691, -4.140000162549071, 20.34376240292541;
  -2.60375198906772, 0.5988769588782521, 6.952138304246184;
  -3.19073396424819, 0.2224156855511442, 8.437006603714606;
  -8.118928839480281, -4.1104125912066, 20.14546783962689;
  -2.432425661592993, 0.6488527201840472, 6.889845380074216;
  -8.1644103573748, -4.686227988975678, 20.85705416364153;
  -7.82250991504692, -4.853276978743875, 20.62692830545077;
  -7.557779639749102, -4.233422706115801, 20.33052888583944;
  -7.469075304762097, -4.78207404122486, 20.35915749219605;
  -2.300332002976561, 0.6018122362089239, 6.953820958335693;
  -7.498419238268026, -5.14615598095389, 20.68276404607385;
  -7.543635530486993, -4.787128149828615, 20.84723271997459;
  -7.570584620494168, -3.587377978256628, 20.96428031241391;
  -2.270845918775051, 0.60171793005689, 7.002815482051767;
  -7.178467774252264, -4.753911625911483, 20.1906186096151;
  -7.309192784636887, -3.609184831842699, 20.56163583536955;
  -2.241663258210952, 0.4910836336410692, 7.003902112459867;
  -2.236313018017446, 0.5459277529693466, 7.028561960292743;
  -2.228497224493844, 0.5786517448215559, 7.065891773437409;
  -7.124865740926184, -3.539738620282462, 20.52077254470642;
  -2.204460589963286, 0.6076637068091861, 7.040038681136831;
  -7.220937472947072, -1.128365968146688, 20.91709459618604;
  -6.732676073448394, -1.154344270346827, 19.70525696735952;
  -6.768425760684677, -0.9116241427941458, 20.69948491004212;
  -6.459649336528011, -3.512574824763142, 20.36535578995575;
  -2.286827605535966, 0.2843484154152733, 7.880590031379789;
  -6.515445836497437, -0.6137045413460922, 20.80737604125721;
  -2.183007205001801, 1.022972321926971, 7.641630482255085;
  -2.142298971740534, 0.9061590005738996, 7.528571098294469;
  -2.305225118159282, 0.1697054756463165, 8.121684110614458;
  -5.529091782273058, -1.108663551302783, 18.17292043467349;
  -2.405117937308369, 0.1382688513694141, 8.501810480841098;
  -2.126073087258985, 0.8939695800398356, 7.65862134534709;
  -5.499775747200858, -1.172533710539106, 18.26619194981117;
  -2.134326639313728, 0.9437092078999054, 7.686799756509133;
  -2.159338347010366, 0.5663553671153118, 7.770478383906589;
  -6.168600405133294, -3.528698763767686, 20.54646119393414;
  -2.095771085967292, 0.9904478902799105, 7.645135713286404;
  -2.332108542869206, 0.2145913947990296, 8.434313266188136;
  -2.288007495922832, 0.1685515909689767, 8.313241340835679;
  -2.433284405415019, 0.4082204019354735, 8.856291769338583;
  -2.203124354718471, 0.2441301665814615, 8.121062902736496;
  -2.089522491689497, 0.9347425439822295, 7.743449016245006;
  -5.989524074440741, -3.65335364494474, 20.65251684866578;
