m=[-4.508687929714996, 1.099650003466229, 7.708554168883361;
  -4.737075627071925, -0.6987594613208303, 8.726394840487998;
  -4.665028805386053, -0.6741313356628853, 8.708029223184715;
  -4.654474741206304, -0.8235737484557013, 8.721558505549384;
  -4.696817252057858, -0.6357312628249332, 8.796603784672467;
  -4.732983469103854, -0.9346122624948259, 8.879378111075358;
  -4.649471989577756, -0.8753261660876535, 8.748078653916283;
  -3.293089302119406, 0.7242549003921707, 6.490131549627474;
  -4.702949762554683, 0.2885265309934922, 8.846532035490114;
  -4.70764820770084, -0.4602185582043453, 8.880198237503626;
  -4.723678451863931, -0.620784229750756, 8.915398229527082;
  -4.64166444005367, -0.6740867152187852, 8.783353400639291;
  -4.740529783178989, -0.7624875610029394, 8.959809596359435;
  -4.660305313472482, -0.9980050445193142, 8.842304329959818;
  -4.768001466692002, 0.1565917478537553, 9.03563048835192;
  -4.76822322512047, -0.3434615427962811, 9.045727800026262;
  -4.727915534332042, 0.4129904842831077, 8.991212861382104;
  -4.670971919660416, -0.5582383052494019, 8.92564179177548;
  -4.764487985698914, -1.114600667675485, 9.104567862566189;
  -4.657433525422189, -0.8589857258907757, 8.924583597649654;
  -4.68811730371259, 0.2812979249790131, 8.957132517206096;
  -4.630514005381151, -0.4657106672508266, 8.884706136622766;
  -4.659258616275102, -1.014143430572249, 8.944179616889118;
  -4.739865294558891, 0.521715049531948, 9.072804524911708;
  -4.7672722269495, -1.644260393749772, 9.163591227920671;
  -4.734344118723108, -0.2670606070608754, 9.083339137006092;
  -4.746489719745309, -0.08392620319279077, 9.102267587027493;
  -4.669454726006966, -0.185956749125176, 8.978093042233317;
  -4.705583704121179, -1.132424294461592, 9.068125450860915;
  -4.602594802796481, -0.9464298776527128, 8.902884643667802;
  -4.74051869024071, -0.3340997090304488, 9.131387295772576;
  -4.741545636325886, -1.611330671082845, 9.203183760994998;
  -4.642401895815866, 0.0538596493571393, 9.00648547592861;
  -4.754038339338922, -1.486615905755639, 9.226382157366198;
  -4.666039592184538, -0.0887429661078976, 9.057725414130776;
  -4.725046706549972, -1.395041130472106, 9.188528138091174;
  -4.65356212168139, -0.2083138851831561, 9.045286609345547;
  -4.575952189888024, 0.4217199255908519, 8.904361679990219;
  -4.681145956992906, -0.4431932183807675, 9.113884270954385;
  -4.539293253857577, -0.152187368716316, 8.877621257000483;
  -4.682446428187943, -1.418230989414582, 9.148410212151289;
  -4.559561796425994, -0.00465171796249112, 8.914568728046872;
  -4.72900428306656, -1.514281587697569, 9.243760137729813;
  -4.710143441706945, -1.328366797670865, 9.22081823417164;
  -4.569460279398871, -0.8834272249193187, 8.992397251999773;
  -4.561328867962044, -0.844052305633806, 8.978621138133736;
  -4.681643656597437, -1.456732226275505, 9.200295571068359;
  -4.685799104478686, 0.5806327227965, 9.176722516208404;
  -2.813208128805449, 1.158697044923094, 5.902672826963006;
  -4.536339980432175, -0.2124767034405146, 8.9463316629286;
  -4.637369461755381, -0.5443028717787996, 9.14307240280657;
  -4.45135711595717, 0.1428954150196306, 8.821968719765275;
  -4.557677404382679, -0.9806988834701322, 9.028933687459302;
  -4.713077368190906, -1.938976312341147, 9.364396284887226;
  -4.678089010644034, -0.3952337356463115, 9.28098914078773;
  -4.496723558755671, -0.8063659755035875, 8.968873925504921;
  -4.488306629270965, -0.8589229211880398, 8.985174082320279;
  -4.53575954925897, -0.6899301743379447, 9.084059514698867;
  -4.586717966636025, -0.2791346775031216, 9.181829800571238;
  -2.72959318883481, 1.163592466503098, 5.860701675100878;
  -4.500692525071909, 0.05274461186235421, 9.078830483080049;
  -4.525901436110429, -0.2892584427149773, 9.163146772047126;
  -4.552496424008933, -1.167634447585198, 9.229651963023747;
  -4.386551213439571, -1.344042359508775, 8.983711786302585;
  -4.467214350702183, 0.1513735901089589, 9.101035932949039;
  -3.007901157662459, 0.6378227149129264, 6.484468995819881;
  -4.571836961462522, -0.2110714789646374, 9.347702523001871;
  -4.411990333488243, 0.4088450666742841, 9.054288218684416;
  -4.572131341227272, -1.208186827940325, 9.385527443526613;
  -4.55694771455075, -0.2609869233427276, 9.389577113649462;
  -4.583415859513249, -0.2625028151530054, 9.444114647048643;
  -4.451752662389889, 0.1402587970986304, 9.205869957014441;
  -4.608285614351857, -0.2285881323436006, 9.550257105939167;
  -4.411165640922961, 0.109961032917124, 9.206237944391399;
  -4.577972989614345, -0.0281325596219393, 9.548298357091523;
  -4.526091151666186, -0.1096767785316802, 9.502381601699121;
  -4.392482469182689, -0.3885880615368663, 9.264367737926278;
  -2.942789993558325, 1.113742862098359, 6.573709470706168;
  -4.513319791065164, -0.4609302513113405, 9.588858175025486;
  -4.293963617378091, 0.03706867207185486, 9.255566474486981;
  -2.903261046659476, 1.131490412299874, 6.654188475848446;
  -2.73759193290819, 0.6537188655912986, 6.442308799139052;
  -2.754114479979561, 0.6131977510346097, 6.48274721089031;
  -4.294090933255918, 0.1030925101954052, 9.572945208891765;
  -4.218365679199208, 0.1555279454747863, 9.481601765874444;
  -2.84196171061059, 1.166170730688279, 6.697923408357736;
  -2.692157689952289, 0.6109842771843753, 6.419671610453158;
  -4.181282258660933, -0.1269065321924758, 9.432575467677747;
  -2.817663690416121, 1.122213709304226, 6.688222347031788;
  -2.604048251020935, 0.6340906917474735, 6.474757289630904;
  -8.3618525665617, -3.837801442212023, 18.80731218731033;
  -8.677915182527082, -1.864115880684684, 19.51553667583337;
  -2.560827892859745, 0.6389453785787841, 6.505929538705643;
  -8.580026544145087, -1.67641226505523, 19.50912851481486;
  -8.462060294534862, -4.014584387141936, 19.339712501853;
  -3.400357892375726, 0.2778246054317342, 8.492962236684717;
  -2.446512930721333, 0.688292057398654, 6.456322348680447;
  -2.295878982074543, 0.6358258962755016, 6.470447479493299;
  -2.307492237116585, 0.6164767676592311, 6.505456741188942;
  -2.270600468838889, 0.637059395256129, 6.529296317489316;
  -7.738184977329318, -4.717661329124608, 19.963934904696;
  -2.237771584018498, 0.5240297709949583, 6.515868947455693;
  -7.670650754601526, -4.749071983753916, 20.13173387090842;
  -2.238922690630985, 0.5806735241545518, 6.561726413419175;
  -2.226826030606516, 0.6143332372025362, 6.593122032403669;
  -7.600719984225022, -4.788225364046169, 20.27673962376662;
  -2.218547339407744, 0.645718177034836, 6.606154210856699;
  -7.509691960932769, -5.080746320451922, 20.26945296325724;
  -7.119304365057354, -4.080288325807898, 19.51047139059001;
  -7.413993008892316, -4.707408766367405, 20.28631982982278;
  -7.406924675187387, -4.827513100185788, 20.39313644490443;
  -7.245590753330672, -3.506664183795647, 19.9640409328818;
  -6.894656285686291, -3.352609791967506, 19.45175413792385;
  -7.063662208969255, -1.024593742130845, 20.04783050305732;
  -6.905737331046076, -1.109032695497177, 19.74958321644971;
  -2.160142495671901, 1.052869875661318, 7.103915550375183;
  -6.651948270463485, -0.818209073246942, 19.92703895490658;
  -2.408221259455597, 0.2134047533229223, 8.003455134853576;
  -6.48747493506301, -3.338518433240084, 19.93504642821686;
  -6.478544214060756, -3.450851328888697, 20.00245366360273;
  -2.132146100564885, 0.9345043566470379, 7.21335282739193;
  -2.126055765265859, 0.9798285254292642, 7.195981205661353;
  -2.147204559054845, 0.8990282586677885, 7.276554558022964;
  -2.096969638763421, 1.031254572113446, 7.182971852279229;
  -6.460261102145791, -3.599700287110532, 20.31026963192969;
  -6.383642973613024, -0.5193403198380612, 19.97620388360619;
  -2.098975801237895, 0.9791822539663893, 7.306768931802529;
  -5.4904885837009, -1.147687327743445, 17.60896878850708;
  -6.521199531981185, -4.690529706710207, 21.02991243229484;
  -5.437272538687069, -1.089557163159903, 17.63792070631776;
  -5.347292040569331, -1.159461412280887, 17.66149937127062;
