m=[-9.033404136975802, 2.23481775978076, 12.193457369555;
  -9.971388020857219, 1.687377928317499, 13.96732589898651;
  -9.187148664612293, -1.624020597395564, 13.91892873720955;
  -9.159092077992646, 2.194755238255603, 14.63254682794079;
  -9.116462181556255, 2.22346674372333, 15.58651733067389;
  -9.355567142468482, -1.380026744657011, 17.23434018560085;
  -5.704435764667398, 2.27977764008507, 10.94336844710781;
  -9.342436478497698, -1.264532687052032, 17.4973194983918;
  -9.418066146790407, -1.666454857096436, 17.64757990438213;
  -9.488489626710532, -1.87367203278183, 17.80101021872603;
  -9.256734918419532, -1.742705903980663, 17.41674007850975;
  -9.38847203759909, 0.5759838835417228, 17.66028191630248;
  -9.426213819229481, -0.9215043991849921, 17.78099034820091;
  -9.489652320170434, -1.247126908872241, 17.91062417906343;
  -9.242422837726439, -1.342232841647222, 17.48930089848376;
  -9.241886693524268, -1.630362974568488, 17.50601856791225;
  -9.618203913063962, -2.319229940591828, 18.19570913597492;
  -5.661032083482023, 2.264118453312873, 11.11972790095724;
  -9.377739472751994, -2.008244239478978, 17.79300298318098;
  -5.446238323252103, 2.311109727800373, 10.75618836782157;
  -9.519276834573519, 0.8315230509909921, 18.10308235935231;
  -9.309547352388268, -1.112604833859525, 17.78937795820243;
  -9.39971875718423, 0.5640049534785131, 17.95913392907043;
  -9.307727098460786, -1.716654606968294, 17.83548560401458;
  -9.18227324650621, -0.923500629852393, 17.61830314444012;
  -9.504982090453225, 1.046209521568814, 18.19394416513567;
  -9.218446048090582, -1.010563864086575, 17.69543847067055;
  -9.583170842306148, -0.5405790873107512, 18.38632524076269;
  -9.419237323075684, 0.7427359078122381, 18.0943187988253;
  -9.365418510475182, -0.3729691971751896, 18.00715580305102;
  -9.623391050466752, -3.319164504262767, 18.49796227586849;
  -9.444779304797864, -2.548872720751118, 18.19631199904176;
  -9.440247407826828, -0.6653246444578919, 18.18420322363559;
  -9.542900197311973, -3.386588711937066, 18.3870804198292;
  -6.64607191758514, 1.461682242134136, 13.09830286280177;
  -9.605595123761116, -2.311638675427708, 18.51093234961623;
  -6.980951063814593, 2.199755044983974, 13.71428894249955;
  -9.199612360441577, -1.891712908434817, 17.79498111841357;
  -9.291681946059706, 0.1077990968433567, 18.0263149059885;
  -9.470536852649847, -3.218394943915343, 18.38199980665995;
  -9.50605057224241, -2.972598236045816, 18.44883215623251;
  -9.360777981932131, -0.1780317519348866, 18.17116099164664;
  -9.050901891328428, 0.8341314580549689, 17.61218225762713;
  -9.336709457217641, -0.4179521345159529, 18.14807900280198;
  -9.419272796265449, -2.780982662396108, 18.31712118503827;
  -9.366304967034861, -0.8867663774667983, 18.23558169308975;
  -9.116023367341196, -0.009300273038867256, 17.82307608997517;
  -8.969624413927948, 0.2327638151708188, 17.5531907285479;
  -9.074600534070276, -1.242744799022899, 17.75596504907587;
  -9.420072029660835, -2.853174783710795, 18.40462768277738;
  -6.518953834195788, 1.412328646844416, 13.02556860283918;
  -9.144762410425129, -0.3065933948188451, 17.88466455565911;
  -9.174073591204625, 0.6116688256948401, 17.93872301253049;
  -9.362195016776926, -0.5957677709204373, 18.29601480770545;
  -9.496076279619917, -3.040752895295628, 18.56193103751451;
  -9.537417333059295, -2.689767026750101, 18.67093704044553;
  -9.421527235679619, 1.167452314915803, 18.45122660894587;
  -9.228614090316766, -1.021232232672328, 18.11465469295476;
  -6.333031935496821, 1.544761932781188, 12.73100283949727;
  -9.358503865791965, -2.911976043245298, 18.39119078337738;
  -9.097009740904229, -1.683358571252069, 17.9067561927374;
  -9.303048793367143, -1.798585845218143, 18.30778807332139;
  -9.048239838080635, -1.484481238999314, 17.8409610522311;
  -9.048219310442772, -0.4238076994631533, 17.84442331467939;
  -9.227835209755778, -1.08310050480005, 18.19366909187952;
  -9.330875091395249, -2.536722272216414, 18.43438379275625;
  -9.245176115104201, -0.3000509608538932, 18.29116310389652;
  -8.94583709417876, 0.2871751402933225, 17.72940093573932;
  -8.740085711864152, 0.1900604737086534, 17.35412283603526;
  -9.282170284011619, -1.99729231054316, 18.38833522738051;
  -9.2425544977706, -3.802418852202771, 18.36399792329591;
  -9.383310273258552, -0.7927597708359604, 18.61580670068639;
  -9.175962806787128, 0.9952076532726681, 18.24805902351385;
  -9.016659971515853, -1.616894549712431, 17.98404670801034;
  -8.890294931154452, 0.06016306580930568, 17.74811872949424;
  -9.414343141178577, -2.370347041759992, 18.79499162177863;
  -9.061321668686791, -1.734056409322714, 18.13992655450021;
  -9.057155570651442, -1.377675525786268, 18.13935226154699;
  -9.186941521284547, -1.263372920058733, 18.40366818049691;
  -9.161794736885037, -0.3705974894177161, 18.44797353861104;
  -9.218605481529075, -2.520007062759534, 18.5788125018804;
  -8.996655661184603, 0.1054337989687158, 18.14812080752672;
  -9.036274514195521, -1.571899276579793, 18.28200042343714;
  -8.983020013015203, -0.5741208500720988, 18.18703566515022;
  -9.185424700101116, -2.355898236179911, 18.62237006214697;
  -9.021760064130824, -2.070796021077852, 18.30685452084752;
  -5.584655794552099, 2.300193896001518, 11.71772385729654;
  -9.035271333685538, -0.3078969030271303, 18.37998024289707;
  -8.896462373963285, -1.16209612291576, 18.16523871319948;
  -9.269337405367109, 0.3140957139791443, 18.88437987928974;
  -9.027981296328662, -0.4168016883243346, 18.45885674678754;
  -8.985575184854794, -2.753186520652965, 18.40257044020491;
  -9.10678974206084, -1.829521402748964, 18.65673515254992;
  -8.784520611590414, 0.8140334959228613, 18.02759649689189;
  -9.024018475242436, -2.384599094642696, 18.52422135964817;
  -8.85871963725727, -1.455079924022521, 18.20604554166787;
  -8.881300823571959, -0.5943698756012896, 18.27475462555748;
  -9.143705106450595, -0.5236811157753193, 18.84057697816978;
  -8.837619008251355, 0.2784417521183401, 18.27549225880049;
  -10.4384443165406, -4.143941877991622, 21.46592247035434;
  -9.112015693218101, 1.200312687378394, 18.87310739447308;
  -5.388215811798425, 2.296931041646498, 11.56902265259981;
  -5.438205329918792, 2.234696294536961, 11.68734153423214;
  -8.900501869350144, 0.2218706933049463, 18.57562030171084;
  -9.032559020399155, -0.0555068817043133, 18.83924799260883;
  -8.912305006839501, 0.9701642117309569, 18.66166075456059;
  -9.061486743911544, -0.2195790233729348, 19.02429757467159;
  -8.988230535807105, -0.795158342704927, 18.95745141413605;
  -8.837469093471972, 0.8374618069024477, 18.66899647473068;
  -8.64244354644919, 0.4108727385711594, 18.3251545712463;
  -9.0688262222431, -1.122308493352687, 19.24580446486532;
  -9.014275231348513, -0.9205977728412802, 19.15144743679829;
  -5.490882510951887, 2.338981308474206, 12.08443989261581;
  -8.995579334806964, -1.093869138999338, 19.30233221397119;
  -8.709585368276661, 0.07518758719609457, 18.7733650129355;
  -8.449807407558222, -0.01443863518043263, 18.27559890317926;
  -8.79462304375692, -1.076627033611944, 19.1009678712209;
  -8.622977353692969, 0.3228943222978882, 18.79204237177147;
  -5.842865366118472, 2.211319737378734, 13.05200149429311;
  -8.576586110857917, -0.5653470923680048, 18.75512287954197;
  -8.809844690707774, -0.6668756411178906, 19.30284921160881;
  -8.600892859939807, 0.5207134915710285, 18.86847933715491;
  -5.695032770876175, 1.228354114082323, 12.83963466914716;
  -8.994144557928578, -0.8818187209212007, 19.72154485450478;
  -7.594647176517932, 0.6803744172558849, 16.80758181928752;
  -9.192726993060687, -1.164552137879531, 20.27571135009823;
  -8.642592369161966, -0.4278448758562373, 19.19151613976439;
  -8.632438422685187, 0.4999537642774897, 19.27832681913736;
  -18.55346040577689, -8.266137721630635, 40.54309544620327;
  -8.652123296572645, 0.3189972284635905, 19.44733903271276;
  -8.390796229045085, 0.1090681271493291, 18.94703353917475;
