m=[-8.92991094866494, 2.31142506338167, 14.32093697024729;
  -9.692962133668916, -1.283571615195423, 16.84275081720465;
  -6.596690913691215, 1.62886835942303, 11.8639550787251;
  -9.563916716084245, -0.8840361712131685, 16.83314057740249;
  -9.284602160534647, -1.493783724768589, 16.43176275503036;
  -9.541944763863214, -1.145066694853909, 16.87324899534807;
  -9.556616747152001, -1.744117662392367, 16.94287445166903;
  -9.610875882675911, -1.754020153945311, 17.03907018132531;
  -9.436641436694925, -1.627391336645296, 16.75600900751856;
  -6.577525071375999, 1.839317686207675, 11.95147576567125;
  -9.479657599371578, 0.8056383250726555, 16.81688691775431;
  -6.463866182826473, 1.528701502968497, 11.7959320778499;
  -9.498171145288277, 0.7271089245438501, 16.88799952992419;
  -9.496427834391081, -0.7850339744967562, 16.93180194002676;
  -9.508221182356801, -1.106698802967846, 16.96802932090314;
  -9.414723562438944, -1.217939493823417, 16.81954131541697;
  -9.369090379418493, -1.861662430450993, 16.79711318706587;
  -5.911002654466704, 2.389865724042166, 10.94073187849928;
  -9.44584937832888, -0.3973009176593529, 16.95231713525107;
  -9.464614762040579, 0.9728553281771568, 17.03988208983945;
  -9.518883161312271, -1.319746842886928, 17.17589518753852;
  -9.477026149972062, -0.990309777464532, 17.11679088644928;
  -6.513071403849516, 1.878576719018988, 12.06209296233533;
  -9.426364345731237, -1.591094364224002, 17.07145217553055;
  -9.438455952367916, 0.7099665908640731, 17.06238169164578;
  -9.431194734681474, -0.8024226529693038, 17.09490740879069;
  -6.455284935762169, 1.688535991264694, 11.99106107257378;
  -9.269420907819768, -1.165827004091733, 16.84883697580512;
  -9.534135761149221, 1.198309888457535, 17.28364938236116;
  -9.593942339077099, -3.162125016086275, 17.4595115710866;
  -9.453098269417339, -0.4029641306587427, 17.17905342053994;
  -9.344846627348886, 0.5153214940825053, 16.99339025332868;
  -9.411597394058241, -0.2340708092396314, 17.11999621560988;
  -9.522802657989065, -2.428117856642465, 17.35808889322862;
  -9.618140711771812, -3.26156916178187, 17.53708692172134;
  -9.349233161993737, -2.110133575303065, 17.06380813207256;
  -9.313332875693607, -1.769766820804995, 17.02311614295664;
  -9.631046503690437, -0.5290342041356581, 17.55995654363858;
  -9.738261345806784, -2.629507739657948, 17.77533751548589;
  -9.261640566965173, -1.398969137875779, 16.96976185629391;
  -9.643412242848839, -3.125870858693731, 17.71369157466998;
  -9.387162899529216, -0.358306707681016, 17.23083336338988;
  -9.364150849325137, 0.2501121668373042, 17.19057428645982;
  -9.657079365483822, -2.869931705098436, 17.74230430232927;
  -9.406229064121824, -0.03876787230788505, 17.28473209073415;
  -9.569019690634487, -2.37784019104172, 17.60216878273209;
  -9.622241743669228, -2.692553762910464, 17.70778605235137;
  -9.36095378931954, -0.2708629619039673, 17.22216871975471;
  -9.363199744784197, 0.6012307460586075, 17.22005815308572;
  -9.321636600559454, 1.007503242271942, 17.14571552709296;
  -9.400872593647399, -1.57399824761269, 17.33926587753838;
  -9.472179945124776, -0.7528755647119916, 17.45763723956158;
  -9.075233099121528, -0.1552537428412358, 16.78647150742069;
  -9.445868561472427, -2.712507119492506, 17.46830609620048;
  -9.190177488318437, 0.1334862912445784, 16.99106692371089;
  -9.560170287657302, -2.903709835087104, 17.69313809526809;
  -9.168389108358912, 0.02664147635740226, 16.99740262613987;
  -9.446635931275482, -2.521925940364959, 17.52206594292929;
  -9.118258696252845, 0.2539408982089066, 16.95204394178014;
  -9.083156305244872, -1.612989221840174, 16.9198166248859;
  -9.247633676005533, -1.560953448488071, 17.2079990457753;
  -9.50591852207158, -2.808548932029045, 17.68125394193571;
  -9.391113971332858, 1.31772823340338, 17.43539639549016;
  -5.588983445819432, 2.403203908393258, 10.75855211542661;
  -9.728498842179262, -3.365074487773742, 18.11576725968768;
  -9.17584649542483, -0.2850390486774655, 17.11137533667726;
  -9.431758252711669, -0.9601408095817228, 17.59998620770682;
  -9.28072953964392, -2.724266400598269, 17.38697847716745;
  -8.920989200937223, 0.421489392091719, 16.71449072125989;
  -9.05965937396345, -1.821200852064198, 16.99608858071701;
  -9.141328839123077, -2.132141542812892, 17.15113512714056;
  -9.604462589766001, -3.683788818629656, 18.04372536560919;
  -9.419264531218202, -0.6335781390515421, 17.71262578259645;
  -9.065368191707261, -1.48121633147588, 17.09805086153915;
  -8.992490683015175, -1.579971097056341, 17.03177980693858;
  -9.242923116677883, -2.428022342709294, 17.52604540247051;
  -9.185456219262758, -1.248369034786562, 17.40612977285135;
  -9.245220704992425, -1.124305802348597, 17.539307373349;
  -5.451070916640404, 2.423996396226491, 10.72521687949095;
  -9.096539738692375, -1.693475861146179, 17.3328404335299;
  -5.543692008921022, 2.378612066372543, 10.92709915431961;
  -9.256365612476609, -0.2260623184887626, 17.65910194197462;
  -9.088933650305334, 0.2493256117772509, 17.35681756005857;
  -9.026029826719269, -1.4232733718183, 17.28506509235773;
  -8.942336839824474, 0.3488168953661178, 17.1307977498714;
  -9.053364944228548, -1.928705013595151, 17.3866187532754;
  -9.212177705984571, -0.4393122227587888, 17.65535159186187;
  -9.141925603900093, -2.189748741216154, 17.55544924768169;
  -5.419759779782093, 2.412772857668152, 10.78834157635879;
  -8.980760038034912, -0.5163945604872658, 17.2985406829858;
  -9.257652374321973, -0.1686590199937964, 17.83939937417903;
  -8.671362103870226, -2.518896603522718, 16.81053707837051;
  -8.687430382440828, 0.4339682996700554, 16.79505825128389;
  -9.380128476300335, -0.2920090099740405, 18.17135116512211;
  -9.249760468909766, -1.711094774839434, 17.95681966930274;
  -8.924706078438902, 0.9745350114929636, 17.33782379148375;
  -9.061842594585858, -1.3471366716058, 17.62567832111645;
  -9.397132578919621, -2.322359215309283, 18.26551040264065;
  -9.060189987988643, -0.4588180734692488, 17.65262298296259;
  -9.164603009486125, -2.415481849634121, 17.95469560308581;
  -9.292742020378865, -0.3770148267218918, 18.16307516261923;
  -9.042027081774759, 0.4384896702588994, 17.7122421673663;
  -9.575888754172775, -1.643085569671824, 18.7511665580485;
  -8.881710801242832, -1.836570080078148, 17.46769294894323;
  -8.460181137638577, 0.6081198421136722, 16.67346755531685;
  -9.00591166370012, -2.501692495614664, 17.75921256509356;
  -10.56022517314438, -3.935778163658647, 20.70339282360335;
  -8.816261579044049, 0.368536213775624, 17.44519933292233;
  -9.078120469743109, -2.175539030186801, 18.00682665456173;
  -9.304243471300254, -1.543322010754474, 18.42142196845251;
  -9.376015959629731, 0.09793517205491516, 18.55323627975787;
  -8.90625759421911, 1.11894591882697, 17.69047328091521;
  -8.957304568543744, -1.754935325095289, 17.85206412965406;
  -9.144761091517372, -0.07414211574078596, 18.22334696394969;
  -8.684253114895757, -0.6282502983730217, 17.37871708118018;
  -6.017921072086413, 2.432722086180001, 12.31516891800459;
  -9.027338053417365, -0.8120690198487277, 18.05117782754802;
  -5.694414962455201, 1.405425074368192, 11.7611848909758;
  -9.040252840255068, -1.406273399101153, 18.14580847723687;
  -9.099737930404677, -1.479890904956669, 18.27454077957129;
  -8.873485619464113, -0.9522636032362957, 17.88015464647958;
  -5.856919906300869, 2.322928526742486, 12.11653055635011;
  -9.148464646894444, -0.7782723778787981, 18.45129036424576;
  -8.722753971401357, 0.1029099667974839, 17.62733183952039;
  -8.977848984314806, -0.942258427856612, 18.29452944648865;
  -8.540951443432061, 0.2154129732861048, 17.46375346193915;
  -8.50051906931941, 0.11881061237343, 17.4122759611667;
  -8.712210769714533, -0.9116833057904917, 17.95922749938594;
  -8.662582318620652, -0.1074467987557853, 18.01343929336618;
  -8.841912949031046, -0.6303428412822468, 18.46074630988975;
  -5.466774070966918, 1.318472899295379, 11.90082665524898;
