m=[-9.086368265018439, 2.394901967152946, 13.30878486108397;
  -8.943552202599166, 2.423991848883757, 13.37420755958161;
  -6.536543843760675, 1.627804121468657, 10.94223339306591;
  -9.413336944525044, -1.111473533399064, 15.57604650076421;
  -9.534833777281666, -0.7752976539006645, 15.77892465621659;
  -9.552794931789219, -1.416193929210803, 15.86122548484243;
  -9.696991209388891, -1.051983676736562, 16.1211718411318;
  -9.430022174929464, -1.610838847412491, 15.71398505899355;
  -9.581523174460246, -1.540287489416793, 15.98117696757183;
  -9.422334161022205, 0.9097616058918866, 15.73754765450659;
  -9.453632143183855, 0.8343331988382627, 15.8291479771271;
  -9.23281413030314, -1.088615085880144, 15.50323352356998;
  -9.363885362362298, -0.6604352485057429, 15.70434482713217;
  -9.533315791940858, -0.9976368105837916, 16.00054467194492;
  -9.469148226373436, -1.266865985506292, 15.92020527785635;
  -9.324885360757861, -1.742170319197284, 15.70265023524172;
  -9.434719758820215, -0.9142832191449992, 15.90316384988278;
  -9.439328932185427, 1.087286359413244, 16.01816840371687;
  -9.291141805583488, -0.8638488640875104, 15.79288739851123;
  -9.297166033887228, -1.458953935441678, 15.83484101377891;
  -9.158138683702513, -0.6700969587908771, 15.6235600686902;
  -9.341638438295719, 0.8042621493491819, 15.91154950942277;
  -9.332113202600988, -1.773060080849999, 15.92181098986687;
  -9.355700980526963, -0.2821702993989915, 16.0130654097075;
  -9.265431961280997, -0.1300637677562613, 15.87182048104116;
  -9.593882083017236, 1.318348214893901, 16.40828336620507;
  -9.533858740878404, 0.08219529135337667, 16.3206305920568;
  -9.474465184621465, 0.6347130420121732, 16.22872728717037;
  -9.355229497752191, -2.001846545056833, 16.05090746956395;
  -9.461485407848082, -3.092379216668267, 16.22935335904299;
  -9.178615448797979, -1.632703646574629, 15.77198103569852;
  -9.332182032546953, 0.4744809983186711, 16.03308693459596;
  -9.398944904219361, -0.4120710640474277, 16.15938288594159;
  -9.220154428615516, -1.129752825760198, 15.89337273866512;
  -9.565482299344389, -2.495994886514853, 16.4600254534648;
  -6.123043938118087, 1.456746232058974, 10.88497080807674;
  -9.292061591566144, 0.8061772537025708, 16.02572176429332;
  -9.303419277796994, 0.1619110668789632, 16.04876170313447;
  -9.08043556225266, -0.2338226478064009, 15.70176779772513;
  -9.249521548011336, 0.3554752986253661, 16.0017374147914;
  -9.530529267796823, -2.968329141971645, 16.47911963238137;
  -9.44689735865148, -2.393643151234319, 16.34257722070419;
  -9.488425786919056, -2.702058580265368, 16.41534362681605;
  -9.374422008888551, -2.212636590508324, 16.23624546812177;
  -9.345975683225063, 1.262397734326571, 16.17701849545107;
  -9.052574522642098, -1.400658902367994, 15.71687412427509;
  -9.396067676909418, -2.512668087217695, 16.2828910635257;
  -9.359695977327759, -0.1546633550650967, 16.22264759783522;
  -9.281414079352384, 0.7043344670562859, 16.09258509705514;
  -9.128144370184996, -1.573891696336385, 15.8582954456592;
  -9.314187472658997, -0.6416203883529823, 16.17906372179904;
  -9.349692451821708, -2.571483823514248, 16.26863819913386;
  -8.968993889622936, 0.1295280028012299, 15.65538430330951;
  -9.450175734942347, -2.751675876808136, 16.46520412253073;
  -9.075337974148839, -1.425832175320834, 15.89007893392909;
  -9.202760458264596, -1.528499877435406, 16.11263600457581;
  -9.366585668083797, -2.648099230737667, 16.40147387876073;
  -9.161102701812839, 1.397873816825555, 16.05845470396121;
  -9.487017681771178, -3.12881474607653, 16.63900389142282;
  -9.376452630934338, -2.899777624535779, 16.45683796039128;
  -9.283333682074495, -2.111590900466402, 16.30839507729403;
  -9.206163379540699, -0.8315428183193241, 16.19542377837632;
  -8.952576437585716, 0.532501097509569, 15.78290744885673;
  -9.197862637323318, -0.04120248747941641, 16.27173863388533;
  -9.260468549356338, -0.5102445559821712, 16.42783024432458;
  -9.049591762781315, -1.483214198580716, 16.11648765486918;
  -9.328154153469278, -0.6037939526168689, 16.59856272079748;
  -9.051465216694064, -1.124870330888964, 16.15490911944767;
  -9.18274012637181, -1.010502102872107, 16.41735355125738;
  -9.024529000667432, -1.571879338388435, 16.18469184991256;
  -8.851618402566704, -1.865929556341635, 15.90316565516992;
  -9.178615759441366, 0.1676060155559191, 16.46281888231185;
  -8.935198053722768, 1.137848497677442, 16.05092249730891;
  -9.042127677997121, -0.1154427476348671, 16.27617053863689;
  -9.054944739454395, -1.318060448571484, 16.32178847716755;
  -8.996842193838173, -1.535392944440926, 16.24671083012501;
  -9.02512967205093, 0.4560762358937575, 16.29093841039722;
  -9.018324066562963, -0.3228217136618182, 16.30450748100324;
  -8.903182353462203, -1.214379203385477, 16.12219368565512;
  -9.084889771253902, -2.520713017826219, 16.52930611423666;
  -8.971936273362552, 0.5591253708050464, 16.32613327177301;
  -9.10024945849206, -0.05641195013749793, 16.55693864402027;
  -8.88521574911209, -2.31202581847607, 16.24461146791175;
  -8.823132842260788, -1.539843394104387, 16.15974391305327;
  -8.822084690057716, 1.067442496282774, 16.17009778137024;
  -8.970003771936975, -2.104181412231189, 16.45233884392301;
  -9.204272553906552, -0.1823411038553004, 16.85111885264778;
  -8.908145124420624, -0.3464353436007133, 16.37238861994506;
  -8.813867864895256, 1.003767327073214, 16.23910858443268;
  -9.050381314733892, -0.9613108086790876, 16.66850577605505;
  -8.83401371679874, -1.829598174828592, 16.31235884330742;
  -5.844294912126648, 2.39905243892466, 11.1328440448669;
  -9.165364544603419, -2.290838081316287, 16.92209221880827;
  -8.828977259333023, 0.5316091516839323, 16.33082554032485;
  -8.871161938233211, -1.134783940372894, 16.41613844333288;
  -8.599592600016146, 0.7262177157868057, 15.94861296440454;
  -9.116002381226428, -0.8025189555342309, 16.85588454970749;
  -8.8671936070045, -2.337974887354482, 16.46487674812481;
  -9.741618038448742, -0.278836205023789, 17.99285004731401;
  -9.435810269605524, -0.1163389440411954, 17.51816414407337;
  -8.767512217805228, -0.9112676132669532, 16.36590469373544;
  -9.399003646105072, -0.1980482597827629, 17.48559072428623;
  -8.584898730072052, -1.596878639695743, 16.13752755370111;
  -9.085574012167694, -0.05490940657321618, 17.09309094729434;
  -9.119186324435065, 0.03840876626961468, 17.18104588457793;
  -8.872662153434609, -0.688782263129029, 16.75276550526422;
  -8.764835105049219, 0.9984358025328287, 16.5625486313665;
  -8.816253106424666, -1.758249059981055, 16.69973808839201;
  -8.780756907140233, -1.313371066291623, 16.65167820492843;
  -8.748195931463503, 0.663514721110353, 16.60281872199328;
  -8.940774884215172, -0.9496486713758406, 16.96541422820408;
  -8.850589056179443, -0.834005710956119, 16.82774533383561;
  -8.552919802274626, 0.1961357507731026, 16.31058328087066;
  -8.949220090278644, -0.6501008551183882, 17.06559228077019;
  -8.86871704766018, -1.49024823030212, 16.95116761482853;
  -8.86992460614583, -0.9359246259184006, 16.99991147072275;
  -8.469335278084959, 0.316433826598333, 16.33560516023863;
  -8.951463229964899, -0.3132282172155081, 17.21388014060483;
  -8.82090896468458, -0.816817343139257, 16.98370763484059;
  -8.425663201635164, 0.2148359612217837, 16.27533419039936;
  -5.438800017717857, 1.471427269641281, 10.8570741024401;
  -8.798893238078961, -0.9049345226163291, 17.02503547722719;
  -8.861672021685594, -0.8172338747464623, 17.24162970319788;
  -5.559752496541265, 2.475877269263972, 11.22327592034434;
  -5.645537023598468, 2.439044410668728, 11.46833921134324;
  -8.510611533721365, -0.3383603616264394, 16.81032781461146;
  -8.975413579572704, -0.5324950633285801, 17.72071452549354;
  -8.745920643779826, -0.1433353043196002, 17.33171651963582;
  -8.738920192649074, 0.4885325186445539, 17.51267693765399;
  -8.664678147474973, 0.4469733456477817, 17.53230944041774;
  -6.158426654408144, 0.7026411881752834, 12.77499427044304;
