m=[-4.517013092038487, 1.190553059733005, 6.616059761530905;
  -4.443273845686539, 1.204270891511368, 6.64448144429705;
  -3.292639591990271, 0.9630393679568249, 5.496836067646894;
  -3.262199568094266, 0.8123898544742239, 5.460951521486222;
  -4.730949431520385, -0.3846835802968907, 7.829113372715031;
  -4.756093453165943, -0.7050869115507432, 7.896900459635281;
  -3.052321407992634, 0.7261841912395012, 5.426129513138694;
  -4.687467338120618, -0.8007143932594617, 7.81109422113301;
  -4.723645476398098, -0.7593544261448892, 7.878644440542271;
  -4.598907001666639, -0.5422441597889882, 7.722231617986447;
  -4.633906830243871, -0.8657538006365706, 7.803272143616285;
  -4.699825874432645, -0.6287840675614189, 7.901681429249777;
  -4.66761214139649, -0.4523207433232661, 7.867727136562328;
  -4.669479962279132, -0.1414724577862611, 7.886029632741924;
  -4.709870267384279, -0.2119605790217252, 7.965189860706094;
  -4.734476848212742, 0.2857700397604572, 8.006209413723607;
  -4.695640311334492, -0.596666067262701, 7.973399992675351;
  -4.617283531327711, -0.7245653088830618, 7.864111533301763;
  -4.599843528320026, -0.6243338178518673, 7.841695797452597;
  -4.695353375954647, -0.9713765628038577, 7.992057053966748;
  -4.588565056468767, -0.3357432766360681, 7.827979490680681;
  -4.623852861555994, -0.8785115172267705, 7.888900371046792;
  -4.638467011659121, 0.3993457328843952, 7.900669458718991;
  -4.594308027291304, -0.06449273112785646, 7.870116854615843;
  -4.648018132278572, -0.140185398264312, 7.955472126845489;
  -4.548314610178699, -0.809059916632626, 7.8155504145806;
  -4.637220047708038, -0.9922795516029909, 7.956147940534495;
  -4.754913210202844, -1.506871007729362, 8.138050596067117;
  -4.665510565066739, 0.3125517214523128, 7.991511619967531;
  -4.720590841049077, 0.04069814228277111, 8.080990225150989;
  -4.760608427829038, 0.6541814427495499, 8.142002518212783;
  -4.56269355310924, -0.6340089213495139, 7.860324459131735;
  -4.685409640986338, -0.1604373615393994, 8.040890005999902;
  -4.63505856282491, -0.2032114810086799, 7.968946172014054;
  -4.699104523733256, -1.226173495009333, 8.086093063435211;
  -4.597591484839216, -0.1183887058222324, 7.950093740419077;
  -4.708650315512824, -1.466531769449329, 8.141668702343079;
  -4.52621458312275, -0.7003182060553098, 7.85831087990161;
  -4.523261115631053, -0.7799091273694097, 7.858246784947109;
  -4.602762704555505, 0.0303814858441102, 7.970933086985881;
  -4.703549403494871, -1.339449378519315, 8.137322402891932;
  -4.661443543846436, -1.100236424168222, 8.073494188966587;
  -4.598281842488493, -0.07598384595150408, 7.969949672180793;
  -4.578896127308116, 0.3474766168129722, 7.939121662851572;
  -4.632603369096634, 0.5541112236746858, 8.033655579169713;
  -4.651342256295686, -0.3204139957035989, 8.079541342431337;
  -4.651752823142674, -1.279390439561191, 8.094136150624133;
  -4.686620886100624, -1.36463722979718, 8.165580376377346;
  -4.500858403193843, -0.7071327531952126, 7.880587533038496;
  -4.466775950743389, 0.181621302966659, 7.820083114446286;
  -4.494033357987918, -0.4879115196620726, 7.869887608114656;
  -4.530915582352357, -0.7525463629857122, 7.932945106741485;
  -4.626135749392694, -1.307890297848628, 8.100651330378314;
  -4.557517933969529, -1.036654905194786, 8.006369865013703;
  -4.517633596519657, -0.4080533462324279, 7.947392149661853;
  -4.440870692426998, 0.2641439069637449, 7.829014543417525;
  -4.483259983012077, -0.9883652117830379, 7.908079933566591;
  -4.559956157608334, -0.8596533108419685, 8.040407521922781;
  -4.494903813780709, -0.6805327334713884, 7.974079015386637;
  -4.469028560250902, -0.7324669209597197, 7.958927375791942;
  -4.596316133670287, -0.2532534150165972, 8.153745222582069;
  -4.583299929925247, -0.2966684228400061, 8.155546113782547;
  -4.50085828157246, -0.559343909883123, 8.033059262517197;
  -4.460607461497531, -0.4908614594227014, 7.974892977584034;
  -4.386450625199633, 0.1702613597251423, 7.898463534941619;
  -4.454640417541724, 0.5672740409689333, 8.002182790514839;
  -4.475413243134276, -0.6514523673552266, 8.067056222228642;
  -4.519270832648875, -0.05769848212789924, 8.134857790326379;
  -4.443955657703116, 0.2245710191977137, 8.021625234081091;
  -4.478169962121426, -0.1603014585161033, 8.096222214870997;
  -4.530060118733881, -0.2060008220981356, 8.22045286069168;
  -4.421315728284806, 0.2755335883696519, 8.045419362916489;
  -2.864691405352575, 1.210297700490749, 5.612590383687524;
  -4.349035905766733, 0.4952899468647511, 8.012880087825298;
  -4.701083210196743, -1.504690628016332, 8.631752482892074;
  -4.381362515357167, 0.2638099908510534, 8.104139898149658;
  -4.926860840979618, -1.655452020498317, 9.036385459698366;
  -4.614287014424315, -0.0568919110731089, 8.566708636239968;
  -4.386638284319003, -0.81595941857334, 8.245816101866112;
  -4.490338419755529, -0.1460029003730344, 8.416593816127801;
  -4.369524878029419, -0.8714260941261361, 8.276749788482025;
  -4.330663649218325, 0.328463046089222, 8.218977269964876;
  -4.226790118083705, 0.1579225910153925, 8.152608463013452;
  -4.393289325339302, -0.1537293007562684, 8.448401554757426;
  -4.404024018908116, -0.4078132098004973, 8.479472654508424;
  -4.349191133076928, -0.4010875501823575, 8.461963254952485;
  -2.586932823270995, 0.7143937804977905, 5.461548886936401;
  -4.264377137747993, -0.1695408355466329, 8.423081858059254;
  -2.513675474975744, 0.7123362270528452, 5.428826671282965;
  -4.22607586632882, 0.1496450379510355, 8.577640211181798;
  -2.435346223182294, 0.7080742373705901, 5.43232831175727;
  -9.246119005174371, -2.161257136484934, 18.4499852221938;
  -8.687957225940124, -3.512126833102051, 17.50704032566125;
  -9.104833300835933, -2.111531810295996, 18.33308535962118;
  -2.331099404925981, 0.6611078485870465, 5.475268270867924;
  -2.298958134983702, 0.7012433393014831, 5.438176741308302;
  -9.10251674636257, -2.030177768296792, 18.67326765258998;
  -2.277698594653713, 0.712533102819887, 5.452700311558288;
  -2.24748402478147, 0.710949387915493, 5.498476978369657;
  -2.234081199768322, 0.6830057474805453, 5.50059271900489;
  -2.210001297996831, 0.5953341100212092, 5.469139621323157;
  -8.558344809446354, -1.617466632492653, 18.31895504957428;
  -8.341192201974931, -3.705176124036935, 18.07080329447161;
  -8.160418632062697, -3.608422301929552, 17.92874587047509;
  -2.199161664870824, 0.7203044076560043, 5.584025502845775;
  -7.526451218548188, -3.63037973333513, 17.92136657040427;
  -2.128454622643834, 1.12787976339351, 6.064503874066271;
  -7.387392941206688, -4.352082342129791, 18.94549753965889;
  -2.125314528474896, 1.018091715982551, 6.23794905244316;
  -2.065773923197716, 1.10325591615843, 6.139663526417658;
  -6.869115075084615, -3.108550187053322, 18.37955332710369;
  -2.066532413109551, 1.052235985542858, 6.258863002087346;
  -2.070625239005706, 1.002738421386691, 6.277181339420743;
  -6.83048392970219, -0.7893021875672521, 18.50279661616805;
  -6.493855162462539, 0.5987517916150492, 18.36190765440647;
  -6.431117479806246, -0.5802600150859881, 18.38407138614257;
  -6.337982324926087, 0.6537570442087493, 18.15896634442541;
  -6.281993469284355, -3.018869204223226, 18.33942008200047;
  -6.113810462264907, -3.042222099091977, 17.92794391587329;
  -5.509180526283638, -0.8875063123470388, 16.4120270618151;
  -2.201395859836364, 0.4845644384861755, 7.208582380933881;
  -6.142253165521312, -0.2912133727243653, 18.35642901970626;
  -5.340946546435973, -0.932290203987389, 16.21380558489882;
  -5.985550383345235, -0.8302855994541668, 18.09301466248615;
  -2.163403839859368, 0.5202913309036937, 7.216898943070976;
  -5.307226912701872, -0.8796694252136279, 16.30019683885874;
  -5.780210322318384, -3.024982840034402, 17.90769792380542;
  -5.163427550444697, -0.9363070124028717, 16.14508549161349;
  -5.160889085299457, -0.813948443392665, 16.15167388537389;
  -5.3176461885461, -1.04538035444337, 16.64656960114003;
