m=[-6.029603228953758, 0.540479492143447, 8.225459220278626;
  -6.069990897143968, 0.2560081869231143, 8.28822755656147;
  -6.084059893042896, 0.8069381082657483, 8.534878213038235;
  -5.871734921604696, -0.1243979217940532, 8.304820242955627;
  -6.031126420930531, 0.7681645128211949, 8.513764963675987;
  -6.045023042568881, 0.1188366451303658, 8.728137993163918;
  -6.066140804977195, 0.8969953693117834, 8.766053184219022;
  -5.835485606139286, -0.251206760937482, 8.494585564498038;
  -6.067736962423544, 0.1921257744622821, 8.807883173825832;
  -5.98798167908574, 0.7289838134685237, 8.734946310432591;
  -6.019732814170873, 0.1621537154784079, 8.801892437556671;
  -6.011413686386739, -0.05864028587410277, 8.794166481568677;
  -6.045348327953808, -0.05897131234912886, 8.843809860481191;
  -5.991783852468317, 0.3358829110171815, 8.794990579046925;
  -5.988742852637272, 0.08820315455198161, 8.791902003111034;
  -5.981571531460546, 0.02299652079997901, 8.792020187534332;
  -5.979140938074278, 0.4799056816888206, 8.791209889190942;
  -5.998077580701041, 0.6946883143005959, 8.821401236393347;
  -5.962750855899952, 0.5284983827195218, 8.781387026370719;
  -5.902979724431242, 0.185507701079998, 8.726981529555115;
  -5.951666422622929, 0.3485885613050306, 8.797787679405452;
  -6.01368611109933, 0.684634187700557, 8.880163347236124;
  -5.967712054584025, 0.5961025748276732, 8.82521023043774;
  -5.946324374535718, 0.312989040452787, 8.80246955704787;
  -5.894073676023138, 0.4770653744998414, 8.746188569233636;
  -5.920980531904499, 0.3903710487845188, 8.784829271248576;
  -5.949962498753535, 0.08387464381828226, 8.825399979098243;
  -5.931207927758025, 0.9275925020773985, 8.808340380828394;
  -5.915961887301342, 0.5381894580562971, 8.798208466964283;
  -5.877199217383639, 0.8649661509163884, 8.772977557105342;
  -5.95431456473731, 0.772683437381297, 8.901065099897529;
  -5.872783092108636, 0.4616634031681693, 8.820502324280067;
  -5.889721216615279, 0.5165078621281057, 8.843339952910132;
  -7.464414678953203, -0.4736574011707661, 10.94828210828989;
  -5.943069857986054, -0.0383819293682259, 8.938034544900855;
  -5.895073148887779, 0.2226902351351199, 8.911799058424432;
  -7.505529599976334, -1.808842094139254, 11.07248597131806;
  -5.883147763613796, 0.3432867764618834, 8.905798795558392;
  -5.895417644580757, 0.1613993427978301, 8.934149604952248;
  -5.870916575467311, 0.8785778294804186, 8.906302664750058;
  -5.832700562909837, 0.6663059110649675, 8.871023551442624;
  -5.851229943337975, 0.627207818842867, 8.911033661667583;
  -7.495834260406728, -1.28033247714627, 11.14688569641643;
  -5.876438970534766, 0.4016591725016965, 8.961052786598136;
  -5.860085252804111, 0.3334982835622656, 8.942699776703812;
  -5.851251912197656, 0.4856698113192239, 8.94316577004383;
  -5.802343171176328, 0.5605187881173673, 8.884012246126932;
  -5.863757764433834, 0.1667478890479165, 8.985095619624151;
  -5.824546486647385, 0.7610752344413646, 8.966119970255855;
  -7.122546385760232, -1.814907608136064, 11.06713358319473;
  -7.074449001395464, -0.4792949346264399, 11.06843483965238;
  -7.005299394945154, -0.02696419324817783, 11.15558439279931;
  -6.804097130440884, 0.9189604804852988, 10.98027354881888;
  -6.453860700796428, 0.8172292453878151, 10.54440388477225;
  -6.49985698390486, 0.9482055141568836, 10.7695150414121;
  -6.524528689673868, 0.9245822072126096, 10.90540796706153;
  -2.551911629924045, 0.8550305193946425, 4.969657240119731;
  -6.469014187884238, -1.928514434139759, 11.16482776645396;
  -6.131861662226495, -2.139857747631491, 10.669783902826;
  -6.262563003503322, -2.092680540403556, 10.90867733664467;
  -2.467771409770766, 0.9104697522153392, 4.914509642261155;
  -6.172417721929986, -2.198944928165132, 10.80572837578889;
  -6.141332231706099, -2.100059104238264, 10.80353260864044;
  -6.322942616995873, -1.896020887535197, 11.11379652622673;
  -5.839923785512234, 0.9628145413593375, 10.36414506150487;
  -6.286774498479969, -1.951832407133724, 11.11815993545146;
  -6.073592789833392, -2.183534121586576, 10.79118125618356;
  -6.070488526448504, -2.089866441144548, 10.80674870702516;
  -6.169343673634782, -1.986087674244375, 11.01750151336129;
  -4.768359054671275, 0.9438794994196823, 8.808082423796565;
  -6.090477974514874, 0.8491960547970391, 11.14671234022669;
  -6.037517725764432, -2.01590401073106, 11.05916146294417;
  -6.034909893987074, -1.88792432985043, 11.07629408531446;
  -5.957404788604408, 0.4681296817185632, 10.99911728535559;
  -5.93945367328566, 0.9607060609200677, 11.1083720334878;
  -5.978868962437652, 0.5479706524751045, 11.18521838197185;
  -5.753190199506292, -2.294360875660789, 10.84798562612784;
  -5.854787454363246, -1.902351766852961, 11.13591453231084;
  -2.402743354710574, 0.8879807578700564, 5.170214931473916;
  -5.761299878552697, 0.8754421930412726, 11.12348779075007;
  -2.342917756433685, 0.9338200259564075, 5.121604276296663;
  -5.721262379187087, 0.9415584717889476, 11.16302307120483;
  -6.162295496067077, -1.836741261736392, 12.37329947124903;
  -6.034911438010163, -1.83583996283872, 12.19178642163839;
  -5.885767727950633, 0.005262224265045901, 12.12503050547356;
  -5.978052866108525, -1.855256470707978, 12.30836289235652;
  -5.824186846912814, 0.05856939697252541, 12.04259602908457;
  -4.900533730630636, 0.9407552376060817, 10.30519967186674;
  -5.980522557772633, -1.351464931419411, 12.37837204661476;
  -5.853165636378746, -0.02646622997587617, 12.21120181916559;
  -5.828295432822516, 0.07709258023978649, 12.17791400417256;
  -6.22416959475955, -1.443374513734187, 13.07781030728549;
  -5.805262683801983, 0.7404541441157104, 12.28427523167862;
  -6.143646226190641, -0.1729591849810758, 13.02656251161583;
  -5.882513707948382, 0.08541576780988826, 12.51677438076373;
  -6.05337903803613, -1.349439200751539, 12.88592073535807;
  -6.12063585243557, -1.539908576185652, 13.03886320467105;
  -5.818032238061734, 0.7489830681806364, 12.51223017126854;
  -6.03246026449799, -0.2297649725166551, 12.98436958401535;
  -4.923286488517947, 0.9437648077776092, 10.79797483175627;
  -5.883544800037478, 0.04993427364718433, 12.74619756725573;
  -5.961887386325627, -1.332403208176668, 12.93319127440611;
  -5.989690895513311, -0.1030896704112158, 13.04355980695094;
  -5.990529278985292, -0.4404653849226235, 13.05299758128091;
  -5.729200443696374, 0.7579689779944149, 12.54749399233137;
  -6.017180997556835, 0.09427500010022748, 13.14026895846078;
  -5.927469450442477, -1.203927071524498, 12.956023043009;
  -5.792210535217605, 0.5099672759100499, 12.69103437011377;
  -6.665465454776709, -3.026873937422381, 14.60490838995069;
  -5.872600373390234, 0.708377740349727, 13.12582596621566;
  -5.872675342522451, 0.8013093319264472, 13.28263902654054;
  -5.792768867353344, 0.5036279830103693, 13.12267039607752;
  -5.831832776810327, 0.4467407114686991, 13.27308759127048;
  -5.741241920305633, 0.6376633572364002, 13.1122500016453;
  -8.311163499658443, -4.41261462346347, 18.59414620099826;
  -5.809450312912712, 0.7217745744104946, 13.39513548097394;
  -5.650689345801783, 0.9050634103067502, 13.05841695026221;
  -5.81594201570345, 0.8312962618269347, 13.43374959858864;
  -5.825166634095477, 0.4311441723967746, 13.55344356702049;
  -5.733762646215356, 0.706366604834662, 13.42601517931047;
  -6.976851942511275, -3.431971696978342, 16.12258811032474;
  -6.032636226748863, -1.850077647467133, 14.11830967994828;
  -6.412478195717324, -2.991386849430186, 14.99674134259001;
  -5.790901662567805, 0.4991382182719729, 13.69973028359936;
  -5.671213204043031, 0.4292136616092634, 13.50985712422087;
  -5.832779870540288, 0.6067178323491821, 13.9425986513879;
  -4.46257638901606, 0.8992542105913116, 10.9061323310081;
  -4.491456201790856, 0.866992750261535, 11.00505686814203;
  -5.769467743276042, 0.8310609113375971, 13.921076598451;
  -6.388367332948707, -3.058179949783945, 15.30835013704203;
  -6.410366460700939, -2.819155799026054, 15.37881219506514;
