m=[-11.96334301387937, 0.293058018026373, 15.22274821513861;
  -11.90335392299216, 0.3845658459495493, 15.17578474193099;
  -11.88675649495113, 0.4575918784330584, 15.17360959766581;
  -12.01854299016607, 0.3244407761804357, 15.38465123010693;
  -12.08178219261339, 0.5128501294697541, 15.68798112135409;
  -11.7282971585429, -0.0573401365542593, 15.41047384391052;
  -12.09518019922498, -0.2845224783371255, 16.00467536834824;
  -12.38937878005205, 1.307633892021726, 16.60859567245841;
  -11.99846496096349, -0.4812911209952878, 16.16961200206146;
  -12.40156370751205, 1.235785020990577, 16.70750937139317;
  -6.823657468104451, 1.857529958258965, 9.647646174024125;
  -11.94096694709752, -0.2543413880039281, 16.15550566010127;
  -12.37627014798009, 1.109379829851767, 16.88345012695406;
  -12.20532282742408, 0.1033131562254491, 16.673509153999;
  -6.632264512370752, 1.840533898604137, 9.559462609572195;
  -6.7657213211623, 1.684360137707732, 9.793080412361611;
  -12.14088653968659, -0.2652333799908497, 16.88610379538552;
  -12.27374823717673, 1.739547577827891, 17.18349603300833;
  -11.95034319424713, -0.5005060411595499, 16.74849190199888;
  -6.566379576759037, 1.686867883358551, 9.664438724689022;
  -12.40226306341867, 0.5436804968512722, 17.39398481789567;
  -12.35642737721569, 1.573797057791553, 17.44279776912962;
  -11.992801576681, -0.2540781579117749, 16.96228842642494;
  -6.496738528539659, 1.864716840099129, 9.652461597593888;
  -6.51730303890173, 1.812886011964693, 9.7094842126081;
  -12.26925997961545, 0.4587988989803805, 17.41640162470344;
  -12.27244122679731, 2.061738079448384, 17.48770131120492;
  -12.23938384450803, 1.836436933391761, 17.44621826581716;
  -12.37760896133721, 1.596255329160052, 17.82684926121168;
  -6.408192028221851, 1.813357261394241, 9.715743678602873;
  -6.37517033870478, 1.908846383046125, 9.680187005191476;
  -12.27909555927959, 0.2413897368503426, 17.72923605384542;
  -6.363287549356017, 1.867838913801565, 9.676100957110549;
  -12.10275009777262, -0.398135796022546, 17.50090019608787;
  -12.41173878767008, 1.835313847069424, 17.93594409019971;
  -12.4601144169066, 0.3945308023505132, 18.08701214246137;
  -12.37720329360166, 1.506815040626933, 18.05519990492473;
  -12.28948152404287, -0.272163132705451, 17.95464826522471;
  -12.36771981215871, 0.3331496233215584, 18.0837493697722;
  -6.25871383284984, 1.714401435301582, 9.649473431699905;
  -12.4302309242856, -0.1212547219187215, 18.18432832198171;
  -12.2311927567838, 0.04702357518597647, 17.97803354347067;
  -12.28876444427561, 1.423266195172012, 18.0731443373244;
  -6.258552775772234, 1.846470711096735, 9.696702865660621;
  -12.29591426576565, 1.089827658501799, 18.10828334441027;
  -6.216878536873582, 1.812970636569288, 9.652977973521471;
  -12.05311441896451, 0.3787825218951971, 17.81935764958986;
  -12.09697141491371, 1.208341780248555, 17.88932088407386;
  -12.21922360952414, 0.7156788159561043, 18.06252691097478;
  -6.336732719177159, 1.669936490309403, 9.858043194472939;
  -15.5737810944331, -1.007266716934815, 22.77526519640651;
  -12.24364257273025, 0.6444528920918383, 18.12452268419148;
  -11.8273370326256, 0.9573027554369558, 17.55053052357156;
  -12.08921875897579, 0.7970438309157706, 17.93650937511491;
  -12.1562524686014, 0.1713626508037075, 18.03100276762799;
  -12.32702491781397, 0.5624839197981768, 18.2936330569282;
  -12.05622479394251, 1.774353049621742, 17.9964955463531;
  -15.27261004544017, -3.680718271719735, 22.53082320454519;
  -12.22876196184507, 1.586910084252992, 18.28069463413305;
  -15.39115921027684, -2.999010313742835, 22.81830832531234;
  -15.44193682448331, -0.9947220324224808, 22.90327430575584;
  -12.12298632272535, 1.063143316613138, 18.2025065963904;
  -12.07539033120086, 0.9492545029250455, 18.13637704856953;
  -12.06529727710376, 1.953210142959527, 18.13920629287306;
  -15.49199530418481, -2.64612370480415, 23.03779604323829;
  -12.07811885795124, 0.1652346601207967, 18.19775222551756;
  -6.082138026375301, 1.749055358103878, 9.665496873685875;
  -11.96966310074092, 0.8678682780748702, 18.08476781003685;
  -12.08527282477595, 0.4565290674177964, 18.26975175040206;
  -6.042736418214004, 1.804242035259507, 9.637235833758483;
  -12.06539631441683, 0.7040263433681008, 18.26437075564192;
  -12.04480579152893, 1.032042747719648, 18.25277926668203;
  -12.0215510775008, 0.3291150110633349, 18.21793506159728;
  -6.012467077325263, 1.642642440891361, 9.618169172148905;
  -12.09469472929819, 1.80996110350099, 18.34790368969139;
  -12.00929428744908, 1.371896891523962, 18.26507829625627;
  -6.070576840260759, 1.871490864904768, 9.726989486260344;
  -12.14665193152901, 0.6169080006481476, 18.48883710915438;
  -12.08684035220925, 1.295618331089954, 18.4074531824492;
  -11.87885548441144, 1.569638625814978, 18.1125716060799;
  -12.07691466330432, 0.8254665069030719, 18.41623308601513;
  -11.94295226688129, 0.991297496858617, 18.25383755633321;
  -11.88398067647224, 0.034177258383822, 18.2262261294619;
  -11.91221360743888, 0.9484971110088605, 18.29180702037093;
  -11.92586190774833, 1.558314998114013, 18.3582891575691;
  -5.080438761809154, 1.829380157605573, 8.405341560525713;
  -15.05093152341871, -3.013856394955928, 22.93974313648334;
  -12.21495973127608, 0.821846492529247, 18.87955623571416;
  -11.58407766723348, 1.323745272590783, 18.02268183387888;
  -6.20644740866383, 1.511978249196848, 10.20603699969993;
  -14.72904484734634, -3.753131830418106, 22.88624012394538;
  -5.843645898586709, 1.859570405707526, 9.69333630666622;
  -5.76423249328329, 1.708058667737114, 9.618698651358391;
  -14.63639386441256, -0.9916177838057318, 22.8995886101918;
  -14.45595533109631, -3.731214363449341, 22.7585930531051;
  -5.789948122200006, 1.729803765900937, 9.78042305448307;
  -5.630740556286765, 1.874039893702159, 9.55550437223433;
  -5.684430887094792, 1.846803451956661, 9.70148041023141;
  -14.33668129341926, -3.646341587705998, 23.11444739725287;
  -5.572590317938682, 1.76105105639132, 9.603888464144413;
  -5.925615853368054, 1.422157732885216, 10.16785029979632;
  -13.897583283172, 1.847871169921285, 22.58414353950297;
  -13.09226145814621, 1.657826136616253, 21.39031178077566;
  -5.524754737957748, 1.876323147530334, 9.63366631179688;
  -5.525862135879196, 1.821860208713929, 9.649282978725267;
  -5.523152352885222, 1.765934350279516, 9.683660062369441;
  -6.236134795708147, 1.322642101678676, 10.8196568729406;
  -13.36627206240224, 1.804358666880325, 22.11617570251719;
  -13.22161576097408, 1.175950582412981, 21.94704941267142;
  -5.424305254547341, 1.848564540209399, 9.664131803355575;
  -5.443248770295445, 1.725255833940908, 9.730129513228796;
  -5.460028782394829, 1.65321814294331, 9.784069200530585;
  -12.80127003946788, -3.816259066593413, 22.09362524667317;
  -4.695956299697436, 1.808102268397691, 8.748355930498828;
  -5.274884698408368, 1.779689265674017, 9.770187961510542;
  -12.60185387651879, -4.39771412625072, 21.92793396917947;
  -12.85752527292283, -4.296434689972897, 22.39635664688846;
  -5.270999842777244, 1.852469427910962, 9.795475159983457;
  -5.211840607663905, 1.686911997158335, 9.714318467357749;
  -4.73755022527165, 1.892218537463325, 8.922888733715373;
  -12.7116530977623, -4.528569900349989, 22.25362520324136;
  -5.260831810070955, 1.667735471186685, 9.817209356419836;
  -12.53550876994868, -4.286579576769777, 22.05185660903678;
  -12.98783852512059, -3.894581149822736, 22.82864220460996;
  -5.685355075771422, 1.419185837921689, 10.56830043874392;
  -5.37910635275671, 1.488021243634561, 10.06176265796039;
  -12.87465532336407, -3.997148219153477, 22.76882637250351;
  -5.356548656671082, 1.550686309703373, 10.08908003238639;
  -12.4567542856254, -4.47836214380599, 22.13238490155881;
  -12.47525366722213, -4.294813155531323, 22.20858022392761;
  -12.58801383128032, -4.052440654322279, 22.48026188410297;
  -12.54655761602219, -4.113087936906169, 22.70038477603984;
  -9.628675268329776, 1.905961587234609, 17.78602752499033;
