m=[-3.201238949306414, 0.78245605321521, 4.946717522243707;
  -3.175297234838455, 0.7240667540569277, 4.933825257681047;
  -3.041790523331454, 0.7180419159341893, 4.922931076678807;
  -4.875179487568778, -0.5992908361842688, 7.453690429878696;
  -4.763485322963384, -0.3984453061973057, 7.394758548802589;
  -4.742637914733331, -0.7151675615523074, 7.388078064968163;
  -4.727773217173487, -0.8222025450413404, 7.386941254766263;
  -4.698265880230682, -0.7689917306531783, 7.355989730108659;
  -4.727737047329791, -0.6401714683086939, 7.398456053977625;
  -4.683801772469615, -0.4566766558216656, 7.355560511694445;
  -4.692819972865564, -0.2866355326141781, 7.377430911082887;
  -4.681669941316179, -0.3533226520049, 7.364935308050607;
  -4.682381051921963, -0.7124022229234535, 7.389495695963034;
  -4.687220771504991, -0.8892752348459673, 7.399940324154957;
  -4.732743459291272, -0.6463897312916834, 7.467868365993935;
  -4.711286665452133, -0.4682412869278843, 7.453258834359559;
  -2.867754777877167, 0.6896840563208045, 4.937613550728902;
  -4.674306920306365, -0.4474623469665628, 7.453705238751115;
  -4.649529675041829, -0.7430612178929208, 7.429176047644694;
  -4.70272390567316, -0.6170025477502293, 7.508199768078415;
  -4.658353845387422, -0.3557305631971311, 7.450476608809065;
  -4.667962428636228, -0.8993729875893756, 7.473329442526337;
  -4.674283682012188, 0.3907951040733083, 7.476580396317095;
  -4.700318499428045, -1.019862423151167, 7.571362545979484;
  -4.663264537417899, 0.2992750264121208, 7.510271439552201;
  -4.695961321867697, 0.6367305643162809, 7.559379994232866;
  -4.772320121968413, 0.02877517600174589, 7.683080770045266;
  -4.560676897576999, 0.3825822560488454, 7.389737150108196;
  -4.597630834911137, -0.7307454458725354, 7.486320525684281;
  -4.654346583526132, 0.1661582322766559, 7.563329272590076;
  -4.746985294558332, -1.367231395698154, 7.720670653169883;
  -4.605914860572002, 0.3392032039194888, 7.505224713266355;
  -4.663213203749962, 0.6180825038992152, 7.589199385770154;
  -4.670079533651364, -0.33377829864608, 7.623078583417174;
  -4.568210633024837, 0.4185181827626925, 7.479603510822424;
  -4.720726092934824, -1.31321696526502, 7.717770435872027;
  -4.547074231403252, -0.7251332216163008, 7.470448215702753;
  -4.566796562819675, -0.7711120432846352, 7.509679525056341;
  -4.671664336741289, -1.330447543919978, 7.688192534796468;
  -4.636685047021268, -1.296894618515623, 7.639289673884373;
  -4.52212610257766, -0.4223584272288655, 7.47602639174043;
  -4.466024004893532, 0.2512901647516231, 7.388886250909779;
  -4.481846645958609, 0.07848003326077062, 7.433279786218633;
  -4.703555575719724, -1.222736239442146, 7.828265379221759;
  -4.604925431960748, -0.3093712861928935, 7.713157435268816;
  -4.511143501289157, 0.06879627677570571, 7.6141045605673;
  -4.392488591059847, 0.210246459544703, 7.456927494212152;
  -4.570290218590643, -0.07049421294361932, 7.735333015681879;
  -4.518582770310204, -0.1766211494872168, 7.681773757408702;
  -4.43692293229105, 0.260748851596715, 7.594222409176617;
  -4.512744906895749, -0.5580604104552897, 7.775371553254533;
  -4.261320531662431, 0.2857678538310049, 7.444156638717651;
  -4.427504257614677, 0.254909715180972, 7.703854696992043;
  -4.633060497598948, -0.7208067933814888, 8.057803227436498;
  -2.602868766120782, 0.7095877341571318, 4.99025379065344;
  -4.532304421405536, -0.8442380842247089, 8.000781410297432;
  -4.538430431254636, -0.5649375845858988, 8.077008686371707;
  -4.346051536573489, 0.3146584731408699, 7.767315223694369;
  -4.363371687566894, -0.8162273554089228, 7.81240285413022;
  -4.255778018699695, 0.08819921351751101, 7.633720477415394;
  -2.473125870685196, 0.6969384521730444, 4.871959524898525;
  -4.473461560700148, -0.3389187653819659, 8.044538704761894;
  -4.358347606267668, 0.2553795500899966, 7.857446444641897;
  -4.207417747347384, 0.09478667222189713, 7.643049672041914;
  -4.299728631201885, 0.1506925484018469, 7.801805822446555;
  -4.323489184714814, 0.3298810744373116, 7.844708166547528;
  -4.378431417876646, -0.1672158586152941, 7.945216066130446;
  -4.365855960490216, -0.2513840476321732, 7.96285068926696;
  -4.366955124804896, -0.06852394148626276, 7.972763731213267;
  -2.453992827219202, 0.7275801335341845, 4.923253389524158;
  -4.364032902666857, -0.4149520172839928, 8.011760155491629;
  -2.419462122826759, 0.6976860540691918, 4.913298681259411;
  -4.311781298316983, -0.1153455269052083, 8.01746467494946;
  -4.374737677968804, -0.08926871350377358, 8.184774786508944;
  -4.278064968477596, 0.05385739552309737, 8.072774291772433;
  -4.241649406066109, 0.09933728573567664, 8.028797574061818;
  -4.207606952224342, 0.3435831606753908, 7.97195889559221;
  -4.180949435720789, 0.2014235421842951, 7.994047396734842;
  -4.208105569657281, 0.3097161035086578, 8.040617572817336;
  -4.233741925451841, 0.1299382724001511, 8.116954925259432;
  -2.305698257307912, 0.6504728722701667, 4.93715275089682;
  -2.278815955196341, 0.6886030123358581, 4.908913394581067;
  -2.263928291577591, 0.7027085999696676, 4.936659512729904;
  -2.257945585910015, 0.6749263581734398, 4.927914253897723;
  -2.230801056857609, 0.6996405879474448, 4.975198725417615;
  -2.209399328278252, 0.6689057569109501, 4.962721354782346;
  -2.19262391625731, 0.6929870438038384, 4.991025583901835;
  -2.218359393120055, 0.6537067044204233, 5.057240313490423;
  -9.835325478677936, -2.339772397520599, 19.14653100941048;
  -2.180811723779041, 0.7063367731395233, 5.05479719710189;
  -2.500850579930655, -1.198099178420083, 5.6964130591042;
  -9.295106836091705, -0.139974862598933, 19.0555612574893;
  -8.268692838351599, 0.657146773913823, 17.76848170867628;
  -2.135292490089255, 1.129705063506048, 5.616333442466798;
  -2.103295391548194, 1.009491647909657, 5.578213574213153;
  -2.125289838806803, 1.046810384193398, 5.666473967569847;
  -7.925959015283375, -3.937414507491726, 18.68200336112188;
  -2.108308018813608, 1.002468396585664, 5.711788343447037;
  -2.092808483537399, 0.9337265138628086, 5.690341515742873;
  -2.038232763817354, 0.9767558319709898, 5.709087143020811;
  -7.627923449648498, -3.419596784152916, 19.32064509898538;
  -7.368902895380772, -3.383277949433799, 19.22608102102836;
  -7.171852674612914, -0.8636648268463826, 18.9741571497537;
  -6.938329976797488, 0.601004417742999, 19.16658004557154;
  -6.832230118606664, -0.6610699774277268, 19.08644176891113;
  -6.8437297738787, 0.6791304330020962, 19.14375462708367;
  -2.126919300405521, 0.4784564702881783, 6.758571214573792;
  -5.82808022642621, -0.976089322308537, 16.90383265834867;
  -6.338172054250105, -3.353928223043471, 18.47668865920954;
  -6.564655259177483, -0.3522599859073943, 19.16413983916504;
  -6.621288307050466, -0.355298920300444, 19.32946819322272;
  -5.738682490454983, -1.041828354778541, 16.93845865042403;
  -5.595299690659124, -1.187548809849872, 16.63562354973442;
  -6.606863725855235, -0.9676375569303374, 19.5034216644457;
  -5.506846808067062, -1.041940405083394, 16.76268825718581;
  -5.545402866430345, -0.9121065283594008, 16.88636915621223;
  -5.423966226665256, -1.188659280275322, 16.73203713475034;
  -5.427171360005393, 0.3966061898760466, 16.88717469749902;
  -5.414343471197065, -1.137905574580593, 16.92933642974306;
  -6.018344691260387, -3.435128490064729, 18.85030236390714;
  -2.22884660813352, 1.096265873940203, 7.572110459558442;
  -5.598201187209925, 0.4974280776616926, 17.62302702412096;
  -5.407404004319881, 0.8577651718810837, 17.0752994225858;
  -5.403244508497122, -0.9907420183813165, 17.19970155462297;
  -5.234540667424482, -1.2218211384478, 16.79385377056633;
  -5.219638328246345, -1.0525459487416, 16.83370454294046;
  -5.206916537567862, -0.9193741062199951, 16.81385933283385;
  -5.84728269864554, -3.753967662786687, 18.88139067993244;
  -2.158786356842171, 0.695255124476719, 7.59605843611795;
  -5.858313096735907, -3.398101726260182, 19.14107515636527;
  -6.094730877838197, -3.74220502268135, 19.88698648122952;
