m=[-6.488868693198081, 1.59175454154937, 8.921387951097982;
  -6.432953711892086, 1.555774458698425, 8.957528510424538;
  -6.371516751205499, 1.435359519754785, 8.919042491548371;
  -6.115978272434351, 1.426870844989668, 8.913855469975676;
  -9.883977219415939, -1.257237148340047, 14.09926580508573;
  -9.57329563200298, -0.8486649876541312, 13.86953320255027;
  -9.393826825637175, -1.460806829843987, 13.66608280308913;
  -9.493562202782876, -1.692001853034491, 13.83700278933326;
  -9.378674897364922, -1.574033959594403, 13.69986121173318;
  -9.442612575794932, -0.9886201478335518, 13.78891511603271;
  -9.54316901683397, 0.8535422627194708, 13.95386412952085;
  -9.421748346705472, -0.955618328455593, 13.80109580238976;
  -9.287844738802322, -1.158992749800091, 13.62157027876408;
  -9.452054898156936, -0.6145664864587229, 13.86416343572805;
  -9.438296615377272, -0.7590969477210428, 13.85024540015181;
  -9.526874483434602, 0.7794706086004352, 13.97848249065895;
  -9.483129338240854, -1.483376568078673, 13.954007917784;
  -9.443596717654321, -1.831105762942091, 13.90501844134351;
  -9.504989369368337, -1.336186662388283, 14.00372208264904;
  -9.613241534782263, -1.07876435169151, 14.17749461785372;
  -9.524781610942858, -0.9821095742392625, 14.06326480511175;
  -9.485513862043121, -0.3523891082042065, 14.04401242230946;
  -5.772583282677156, 1.371128950332401, 8.952973520841102;
  -9.399412280580428, -0.9468710592353893, 13.99516946786891;
  -9.332969217693032, -1.530222366290889, 13.91794295548821;
  -9.54382369081481, -1.284604575342977, 14.22172063970314;
  -9.355192636779742, -0.751001691271585, 13.97246359041941;
  -9.410105970902206, -1.853640567535254, 14.06035184671021;
  -9.417267572845915, 0.7497670179768171, 14.07729227584203;
  -9.327903403831281, -1.036220261324916, 13.9686026389074;
  -9.494972193760333, 0.9656212440026637, 14.22104979281916;
  -9.272543090399431, -1.722063492146724, 13.93770276126632;
  -9.442131528297127, -0.2097401741948731, 14.17736805556361;
  -9.640076893135564, 0.52539024021944, 14.46258660863641;
  -9.506674345092112, -2.102840883242522, 14.3002563219655;
  -9.616455537921897, -3.121114730919496, 14.46779545633992;
  -9.5949255906506, -3.18412879659363, 14.43664142470615;
  -9.433033465065615, 0.8950002856635339, 14.19848773211779;
  -9.39691345156063, 0.5764016849296867, 14.14916128677403;
  -9.25124526314503, -1.351380678465378, 13.95532286859606;
  -9.262506838598107, 1.22136614411528, 13.9702570705959;
  -9.653440556851457, 0.01119979726252106, 14.54255736853499;
  -9.467769136969913, -0.4818580627171273, 14.29107716097635;
  -9.36503999333093, -0.05993307587178812, 14.18290328853956;
  -8.977582086309353, -1.611918729006564, 13.6532741712198;
  -9.438653455938404, 0.1055493484435016, 14.30371697639127;
  -9.25604192569223, 0.5566849567151826, 14.05122767527027;
  -9.251472593341109, -1.510817451301943, 14.06529687781232;
  -9.22331988843974, 0.4074665351049642, 14.03034435137168;
  -9.331300726956979, -1.966858463898166, 14.19717820415013;
  -9.531926094781749, -3.038902590459106, 14.48825267881398;
  -9.559029625065923, -2.483396262827478, 14.53082008471815;
  -9.392289797166862, -0.01172970194777153, 14.28527721523602;
  -9.535311045291584, -2.791098276900255, 14.50501214871827;
  -9.325431754597728, 0.6491658421983448, 14.19985886658722;
  -9.138455831397373, 1.025810473607103, 13.94359705528592;
  -9.178251316529522, 0.0745209574740005, 14.01464616603142;
  -9.437814631262238, -2.551414318004247, 14.39616654055444;
  -9.289895394618975, -0.7228334082346445, 14.19492989231891;
  -5.577688343090714, 1.422254349275, 8.911891161237991;
  -9.20005447856453, 0.8011927699776293, 14.07833709591337;
  -9.510719044605251, -2.686015836037099, 14.53913726620406;
  -9.175344162666828, -1.49980591403508, 14.06951464700638;
  -9.120351085166778, 0.3083761252488746, 13.9876601892134;
  -9.257586059463346, -1.603469111368693, 14.20926231838048;
  -9.343509637495146, -2.312625926254171, 14.35939689151836;
  -5.54229933232153, 1.452409104607361, 8.909026421204153;
  -9.434534182333985, -2.729564450770072, 14.5125202492992;
  -9.408446877055722, -2.935476508592808, 14.49324398441069;
  -9.130952008600797, -1.475908882164313, 14.09281739543172;
  -9.139089433655116, -0.8975926643986006, 14.10620586441355;
  -8.992028229816517, 0.4666672567272726, 13.89051979661978;
  -9.145804340873641, -2.081788199733146, 14.13060969441679;
  -9.026859415710872, 0.2018255244087774, 13.96411199481663;
  -5.433966927556465, 1.170391060118607, 8.801851796090697;
  -9.031666112948146, 0.1167890176032576, 13.98885714102183;
  -9.593967524605743, -0.8083364969718769, 14.80479997019884;
  -9.187682800055205, -1.78982578488831, 14.22578632551464;
  -9.229665943430554, -2.542872155108375, 14.31939367622296;
  -5.463719035080278, 1.141958031963255, 8.866700902942139;
  -9.122476323891943, -1.485583603084872, 14.21372787970722;
  -8.964360706857846, 0.3332725729299167, 13.99170062213385;
  -9.195764920286523, -1.051234939671376, 14.34000218862484;
  -9.17400809269561, -2.728329219445326, 14.31924666077554;
  -9.036335439113588, -1.547526489539871, 14.11522214614466;
  -9.413458006261942, -0.1077924988851494, 14.66113545485291;
  -9.31002957601414, -2.467452629560633, 14.52362576707116;
  -9.449482956057501, -0.725844123590245, 14.73270808024231;
  -9.042173455479484, -1.115972004628663, 14.16767875820068;
  -9.129749633110311, -1.077049149631568, 14.32690763999347;
  -9.327308600870053, -0.667013121196924, 14.61812590795735;
  -9.324823927840271, -1.237037765180858, 14.6232972563253;
  -9.00951322332835, -0.4672016296492565, 14.19771877298962;
  -8.760200974817398, 0.272123898155086, 13.83841117039312;
  -9.047053455864317, 0.1001609842856115, 14.29014982301382;
  -8.820348601930583, -1.349470430610537, 13.97424101129825;
  -9.335045807120183, -0.5828046536321314, 14.7431510096387;
  -8.750401639152893, 0.3816926154214213, 13.88994958829118;
  -9.349372021124728, -1.101159487581035, 14.78833543830841;
  -9.164929430767666, -0.182728113227955, 14.53035559249877;
  -8.892077728506839, 0.7976406467314349, 14.13024532497159;
  -9.101608196011371, -0.3927434313755948, 14.48124688725041;
  -8.778716248014492, -0.9646611806376653, 14.01462787544681;
  -9.056065103760997, -2.095659480222296, 14.45468495226787;
  -8.9700073019052, 0.489164405269009, 14.36026786314544;
  -9.107103444899716, -0.484855606376898, 14.57446633653499;
  -6.003272645696922, 0.8700127795312913, 9.961499306081322;
  -9.102487686380737, -1.164725297979363, 14.68317347709948;
  -8.721180644262566, 0.6025191207441814, 14.18509828855035;
  -8.861018671402567, -1.197931199337084, 14.40558543565035;
  -9.058274279135876, -1.045209419350478, 14.71928933784627;
  -5.224525338059563, 1.353206941633552, 8.899754224992979;
  -6.308346983197501, 0.6408994362240991, 10.56175310833133;
  -9.359721040957906, -1.446222298998054, 15.21140021067724;
  -9.011388040197195, 0.490726082876766, 14.68270875418598;
  -8.591349965918207, 0.6873517999033273, 14.07244556809985;
  -9.348388333777313, -1.502693644964438, 15.25712231457941;
  -9.176648671369549, -1.552526182160605, 15.08006102794718;
  -9.186466464250172, -2.198424127458048, 15.10173634513396;
  -8.402120068151211, 0.713688940724203, 13.90328425568226;
  -5.13995814870221, 1.392666728088731, 8.912194889177783;
  -9.067700613016237, -1.744141711421493, 15.02208653722843;
  -9.115127802720235, -1.605434155999812, 15.10442145517339;
  -9.290636703794155, -0.7541583649976119, 15.37578369207486;
  -9.093847641681935, -1.071247115946193, 15.10125776555133;
  -8.873503399570733, -1.749717652500773, 14.84430922440885;
  -9.161903565847714, -1.188377958444544, 15.30519211848691;
  -8.746358462413753, 0.5960474628465682, 14.65042186082832;
  -8.673870726113464, 0.1527032396803345, 14.55069463543699;
  -9.398327478849151, -1.340667366504782, 15.79201546712286;
  -4.995956356962352, 1.391177468155497, 8.850815829374973;
