m=[-4.823551086102445, -1.2774982768165, 6.803253047285423;
  -4.641053373339521, -0.9480535628216311, 6.592133532523135;
  -4.828840335448827, -1.178686511097411, 6.834932739905111;
  -4.536660943685771, -0.9547824238886764, 6.578943210281389;
  -4.570532940877969, -0.5705967485284904, 6.663057795123469;
  -4.499846796730203, -0.6952595021053758, 6.625899865293001;
  -4.491564591765878, 0.1886611230114556, 6.626751361856596;
  -4.623041774328274, -0.2951644520529425, 6.814402792174792;
  -4.541962389913661, -0.2046076005502378, 6.736316523574398;
  -4.503918317429602, -1.018306903481096, 6.696414800684326;
  -4.528224777971741, -1.057957756521591, 6.733623573628347;
  -4.50112639179157, 0.2380669551807885, 6.714641645846502;
  -4.565545997446275, -0.06782850419490569, 6.834283935555304;
  -4.355442490053846, 0.3297900287494718, 6.592062862405502;
  -4.340917384053801, -0.9762628108441339, 6.574576919771559;
  -4.546738876008504, -0.5914569707265603, 6.842450841149324;
  -4.495379628915913, -0.2129328903022271, 6.787876668566675;
  -4.253889664612373, 0.3315552596223713, 6.483189070305372;
  -4.373439782529146, -1.010053438320322, 6.647797428190974;
  -4.388654583106943, 0.2395287228588173, 6.675736827753164;
  -2.318838801750181, 0.6930014350864175, 4.006613544390364;
  -4.507268183805659, -0.2573370849621136, 6.851659043478742;
  -4.413463517252558, 0.202702285940187, 6.925490740319052;
  -4.56009803030594, -0.6027919752836094, 7.128106384161447;
  -4.209240877945768, 0.07339640446544869, 6.670783982433969;
  -4.551919106416065, -0.6641269268876177, 7.172623945503759;
  -4.347692776511126, 0.303722216449771, 6.910090533006377;
  -4.493013596652459, -0.423753703465321, 7.151158509778368;
  -4.402861550416595, -0.4567303865765626, 7.093800727423054;
  -4.308224585754769, 0.3223848730218479, 7.1675590753058;
  -4.249548266221534, 0.1123695497403486, 7.085457784542637;
  -4.272319716507428, 0.1795978900062688, 7.175031594287688;
  -4.259997522129579, 0.1359778655817525, 7.174620165143796;
  -4.232276810528648, 0.3245225564927006, 7.152699091421236;
  -9.458308565949878, -3.853198124424023, 17.06943556685429;
  -9.58675987510733, -3.989810452989172, 17.32174782084355;
  -9.605911434662117, -4.047681999069301, 17.59156310183482;
  -9.68440660358212, -2.405326337945255, 17.88169214499351;
  -9.23203495812432, -3.871107875342258, 17.11763563686633;
  -9.52943125235681, -2.184151402389928, 17.93219304095446;
  -9.649500859757898, -1.73522367148726, 18.19526901730838;
  -9.638314240435406, -1.910266915818373, 18.18163155539546;
  -9.656764499587279, -1.604366012052374, 18.2699125609188;
  -8.971081547494183, -3.880228699858481, 17.14430899367856;
  -9.195193966048638, -2.380529877921086, 17.66973600587788;
  -9.264883157800799, -2.230937312300752, 17.98117406261452;
  -9.186957092923432, -0.2351385135099348, 17.88818475131782;
  -9.219456264686491, -1.777839690658118, 18.15162786108238;
  -8.945352932617938, -1.85375889942568, 17.70859927177905;
  -8.799949265563999, -0.4719895930433455, 17.51268777011771;
  -2.460959270024653, 0.4327246005084157, 5.896439284421358;
  -8.135562665679764, -3.933889089043635, 17.26088120186648;
  -7.892849764847373, -3.966479921215036, 17.05452016060255;
  -2.214489717695048, 0.4257905839711891, 5.75410366829561;
  -2.171546063905768, 0.4450877419509552, 5.681199272713714;
  -7.223934710544048, -3.971872676525826, 17.26440144170841;
  -7.744181899938968, -3.603571727425813, 18.62009574887739;
  -2.074045785132339, 0.4817808958106876, 5.742730545119414;
  -7.144672099533753, -3.392006747840588, 17.68002103152345;
  -7.007645977584124, -0.9382011197697883, 17.60381145048788;
  -6.734972822879661, -4.00580126128896, 17.31646773937394;
  -6.897820776460438, 0.7953761826679491, 17.80334229992796;
  -6.812130823947478, 0.5616021939904835, 17.62020029820625;
  -6.754086302339315, 0.4829696381287013, 17.74808971834771;
  -6.728418804670841, 0.5666579507167662, 17.90542784283676;
  -6.725652140699276, 0.7955180463876351, 17.95732004708561;
  -2.193681131063361, 1.067814342323341, 6.541209326887502;
  -6.578844302152564, 0.6620177190597284, 17.73402632200914;
  -6.580783514554013, -3.430631773566234, 17.82446941761777;
  -5.815866334187396, -1.059931405140135, 15.90899479159825;
  -6.604023018107661, 0.9028353873618712, 17.94816297734231;
  -2.204597713401873, 0.6109054494547589, 6.668860597914967;
  -2.149398615898827, 0.9608872422500737, 6.557414196862264;
  -6.3047350755166, 0.8362991312882488, 17.48363407836175;
  -6.413002734833213, -0.4507741192077565, 17.8054318212434;
  -5.604973810824656, -1.284293323307159, 15.6995275998483;
  -2.193220994439245, 0.6297128362081821, 6.783430188321237;
  -2.125480003759652, 0.9497610551003534, 6.614519740644053;
  -5.88820234580331, 0.7660060457049687, 16.70062160577462;
  -6.055812024079137, -0.911541002481719, 17.15723367452547;
  -5.41348560631555, -1.118137969345665, 15.53499872617301;
  -5.400682734278103, -0.98251651253677, 15.51330617410213;
  -2.133403283155374, 1.003546255239241, 6.73339033686176;
  -5.484705935401743, -1.215201154715713, 15.78798289342961;
  -6.060385054072133, -3.336970734324807, 17.35858200746418;
  -5.460663795714814, -1.291077006351818, 15.87649738734033;
  -5.418510356797284, 0.8996748048665029, 15.78040733854772;
  -5.236517934666273, -1.19460238171558, 15.44504784705656;
  -5.346912812654431, 0.6961207189582325, 15.75688869996238;
  -5.378057446304363, 0.8214183969217755, 15.86770070241126;
  -5.358774673581756, 0.7526559545622448, 15.99788468677563;
  -5.92719474439007, -3.495135784071137, 17.58936409294119;
  -5.192035464004631, -1.059606131522405, 15.5302004257301;
  -4.900165701648337, -0.9916063286247525, 14.73211720231663;
  -5.270710714132809, 0.8932451682393522, 15.80603598670488;
  -5.123391229933247, -1.359034421970123, 15.49564079275337;
  -5.160836321767505, -1.296380904441906, 15.60920571899309;
  -5.85761329739884, -3.677550908841489, 17.62628713698754;
  -6.192675505131753, -4.513189669868564, 18.59954406904013;
  -5.618638212657278, -3.719529018841451, 17.19016856843352;
  -5.832961784930427, -3.457674803915539, 17.80853134154096;
  -5.694165516710402, -3.502050769045787, 17.55638800020634;
  -5.516798305440068, -3.493965914437215, 17.09918532942836;
  -5.594280919542273, -3.790815315764983, 17.34501919475117;
  -5.689571641040273, -3.413578829447604, 17.63024276036486;
  -5.482868513612696, -3.738641328742268, 17.26016964046126;
  -5.332706904207338, -3.601353141560316, 17.09851407466243;
  -5.675442654638115, -4.397981652876663, 18.20707990628678;
  -5.504598516449093, 0.4340198816021659, 17.8302027117329;
  -5.301880067405691, -4.057879773996461, 17.23565739960538;
  -5.482329473175583, 0.8523074576728315, 17.78380865545313;
  -5.398943283258407, 0.3515851930485457, 17.68840592188207;
  -5.409646384310975, -3.47649164673024, 17.85941772804355;
  -5.235809142923576, -4.114707178973025, 17.41071958856111;
  -5.040598182268356, -4.149693573351182, 17.55903151135046;
  -5.053385396021294, 0.3354203666713265, 17.76518419230074;
  -4.963302375747959, -3.505047706729883, 17.77871283684297;
  -5.298046646498051, -3.569538084244163, 19.13524187415709;
  -5.272077291156808, -3.275106881457776, 19.4856047226642;
  -4.99680541232518, -2.283005118076588, 18.59173830460696;
  -5.220296544638878, -3.388633550521029, 19.39775204564395;
  -5.257716709278423, -1.403781874023727, 19.60651913305234;
  -5.237443852403873, -1.274279864897707, 19.5705523868002;
  -5.132398801346069, -1.175842771570814, 19.50869206085722;
  -5.135880680721066, -3.376418072142875, 19.57344238660393;
  -5.355675893978784, -2.459403492259125, 20.60139483637732;
  -5.02494853773603, -3.412861905784421, 19.53538990256472;
  -5.064906655717297, 0.4587058367291207, 19.84069360632376;
  -5.043245151129309, 0.654382232527405, 19.77157246058327;
  -5.25273820688888, -3.483517070261915, 22.70442915595694;
  -5.156632167876046, -1.230882146788457, 22.30943607468255;
