m=[-5.827547134789243, 1.38610819358606, 8.051313558651227;
  -5.791693895550339, 1.40625206271419, 8.089419189706103;
  -5.739669582380617, 1.447297491136295, 8.059544949708183;
  -9.582751873720643, -1.263440594550596, 12.8267137491063;
  -5.713688263903106, 1.384005268854641, 8.087652883148426;
  -9.671403675480386, -0.875933736466924, 13.01615573629317;
  -9.54016863910914, -0.9840500863352635, 12.8588989128729;
  -5.672881142090978, 1.448488324331424, 8.070360332772149;
  -9.595835569543715, 0.7166890273888814, 12.97976010264519;
  -9.626633841402754, -1.728663467557161, 13.02796075366759;
  -9.996331316194182, -1.554820596407571, 13.48963067348567;
  -9.620340915108022, -1.126783580500377, 13.02685531045981;
  -9.626093307318788, -1.627668170202793, 13.04643633022828;
  -9.606488525136896, -1.351041785253882, 13.02783837800255;
  -5.64604177154167, 1.483142953344389, 8.081416971091969;
  -9.646585264152956, -1.225504283297864, 13.12378838431177;
  -9.72544840644585, -0.9987317832593771, 13.22803684837199;
  -9.533970927878736, -0.631806209458075, 12.99104984648012;
  -9.578960248066375, -0.7876359069920224, 13.05694160214098;
  -5.581347748858488, 1.203290169260308, 8.036158739390773;
  -9.554730203363009, -1.508194297272182, 13.06385699216385;
  -9.664713307540602, -1.448143150319594, 13.21932251172499;
  -9.592741799123127, -1.363251274996443, 13.13659144536962;
  -5.614670159265488, 1.376924198084383, 8.114325250960008;
  -9.677395586425496, -1.094976505184564, 13.27881842607374;
  -9.641478246912097, -1.004763676328743, 13.23729695241469;
  -9.627463904435059, -0.3722355966444498, 13.25592697093498;
  -9.496005017361696, -1.021511579955023, 13.11742404120517;
  -5.555347505967437, 1.387747153745484, 8.105286517165101;
  -9.481143347252688, -0.9707443435939012, 13.12271073865544;
  -9.511212815094121, -1.574542714831553, 13.17702774467746;
  -9.715891342309577, -2.078288440281837, 13.45375861208946;
  -9.588449450115318, -1.315442853630158, 13.29818863178615;
  -9.560607238504518, -1.903269081882377, 13.28133913427355;
  -5.50948042522091, 1.437358910528662, 8.084894473794098;
  -9.530683585391765, 0.7575369335604657, 13.25819243954919;
  -9.413108827596304, -1.225139033154302, 13.10790052221624;
  -9.381624723111111, -1.74974372415815, 13.10023653920642;
  -9.588634650170951, 0.9627603530389911, 13.37335608248873;
  -9.507717374961306, -0.2330169137010727, 13.28620565413088;
  -9.377005768635218, -1.818033031190215, 13.12376090778362;
  -9.523235686280668, 0.5139467134314759, 13.32067801928254;
  -5.474209059467506, 1.390540427237676, 8.094117812125095;
  -9.388027559933967, -1.382225512971947, 13.15952346678141;
  -9.500246419364697, 0.8814310551170944, 13.31283195178423;
  -9.749180363704953, -2.17235933858593, 13.6498064118265;
  -5.41852467069594, 1.421731012605354, 8.040286943545116;
  -9.762053219636062, -3.178187050547848, 13.6754921874333;
  -9.469063888008614, 0.7547433174879041, 13.32017419125384;
  -9.2054724898281, -1.657372631563819, 12.98521598118521;
  -9.750188716009628, -0.01257618904668843, 13.69633797717635;
  -9.546037609596466, -0.07094792626750965, 13.45630101371009;
  -9.403003825845666, 0.9160149095823804, 13.28184785132971;
  -9.774479237064892, -2.588731861492274, 13.78616178582285;
  -9.173120305472084, 1.022027477840121, 13.01589452136073;
  -9.501301348205892, 0.6524590205526571, 13.47067982331255;
  -9.692434743250679, -2.365856250763696, 13.71905777660805;
  -9.698816213847177, -3.114262623197889, 13.73297663590148;
  -9.498408381224717, -1.940292253194944, 13.49150103620013;
  -9.277211249315965, 0.7990805543010916, 13.21031773221388;
  -9.436994920382988, -0.7505522806871365, 13.41979579405216;
  -9.12040823645054, 0.3008492236115544, 13.0079848175123;
  -5.40919204148968, 1.434061963508539, 8.125767334139095;
  -9.520102479467768, -2.70368501611301, 13.56002229597659;
  -9.358328199659127, -1.634478368850141, 13.36509616774912;
  -9.127760789430894, 0.3668306046361246, 13.07594981384611;
  -9.310187121464375, -2.320009037718863, 13.32114927309057;
  -9.055751206515293, -1.392371752980637, 13.00432346113571;
  -9.097998458219553, 0.4575222503423965, 13.06261465818764;
  -9.169129386777669, -1.492557549229414, 13.159767202834;
  -9.336864098879193, -1.992038555640416, 13.39198581454187;
  -5.352926076289844, 1.391215727850272, 8.119807147390633;
  -9.260429839510385, -2.120497648662836, 13.30503869671157;
  -9.540549510526006, -2.747685737830226, 13.68178387488324;
  -9.266382235972982, 0.1930846833129498, 13.3278083716396;
  -9.158709017359026, 0.1079459924088212, 13.19107917644013;
  -5.307261971758718, 1.424502003144666, 8.079409037723398;
  -9.559593964637216, -0.3684618131541506, 13.74845976148194;
  -9.538920545791916, -0.8254958857184573, 13.74152150269414;
  -9.597767916169415, -0.2577796457065028, 13.8257915566198;
  -9.525565122113743, -2.637832049134599, 13.75443026158641;
  -9.190093001661033, -1.513348295578053, 13.32495895880993;
  -9.170761675273626, -1.930071955985613, 13.29919097009538;
  -5.315788574048713, 1.328960660532941, 8.13801485340106;
  -9.303769460756913, -2.488220792351373, 13.52553497179832;
  -9.461292548493029, -1.094351742880753, 13.74006556694805;
  -9.447522393052847, -0.1190991830831845, 13.72929712824585;
  -9.218297914565921, -1.150835336941666, 13.43870672675211;
  -5.231676987945101, 1.418856947467567, 8.078067214357294;
  -9.166217952358023, -0.4835860644141342, 13.44475108314164;
  -9.693333876991449, -0.70648572439291, 14.16943623373597;
  -9.078123468244524, -1.402636998034945, 13.36728555049095;
  -9.247743507102809, 0.08804506630370806, 13.60471304123688;
  -8.795826491242732, 0.6635787060518928, 12.9922391541149;
  -9.350395806935435, -2.355718935265363, 13.76118971780912;
  -9.096884900660163, 0.3821003764280183, 13.42133529919961;
  -9.326505163593152, -0.5954635325744813, 13.7473477269749;
  -9.181149398974588, 0.4208372129947948, 13.55421851321112;
  -9.307584285963277, -0.1984313499949396, 13.75972594908913;
  -9.095572084644012, -0.4097398921672075, 13.48990750368459;
  -9.011935213896852, -1.001194411219222, 13.37579636193159;
  -9.103698852388614, -2.058287636506445, 13.53535731325147;
  -5.162591928579591, 1.436955202307715, 8.137113095219279;
  -9.107792503144919, 0.4817159619414941, 13.58672419305334;
  -9.047947777227806, -0.5001495515585505, 13.50361940582301;
  -9.035394710841739, -1.302946913546167, 13.51117335443344;
  -9.112404799450173, -1.685018897643128, 13.65031922530634;
  -9.102865617831386, -2.214063490352779, 13.66363742635984;
  -9.08594108509878, 0.5552871464277903, 13.64894687023901;
  -9.222383903238018, -1.199682540615809, 13.87889434976976;
  -8.770443976786286, 0.664089808981549, 13.27426964268472;
  -9.081085228781241, -0.4301442557614571, 13.71214260820388;
  -8.793444727206223, 0.5861689579604495, 13.31506331962639;
  -8.919342082439261, -1.230350559553053, 13.51013102425342;
  -8.637170475353624, 0.6731954811102274, 13.16357819291945;
  -9.276312747009357, -1.079667683737261, 14.06480787482477;
  -9.046483835691845, 0.4621636555114083, 13.74817306968552;
  -5.011747348197292, 1.468900359415289, 8.067731359993074;
  -8.982350499075594, 0.4902484127130059, 13.66336923787122;
  -9.161684469988577, -0.5230754147979012, 13.92700316298787;
  -4.951562074642429, 1.411308697955416, 8.064376492792469;
  -8.895475060130138, 0.6210222470201789, 13.74888180517822;
  -9.323808103399076, -1.351048879928246, 14.37028587472357;
  -4.799478448671824, 1.494662372063634, 7.896711571298606;
  -8.906627528569088, 0.5934251794297824, 13.9235941946592;
  -9.177545307813931, -1.213164854699588, 14.34585810760968;
  -8.910198306269709, 0.4092290686897046, 13.98164856767438;
  -8.455827397494398, 0.1474440037414551, 13.40075315170849;
  -9.186629852293065, -1.34033318906256, 14.47570567854772;
  -8.909093090838242, 0.4657280555398599, 14.07092394677857;
  -9.039256677181474, -1.390348524092877, 14.31021960848412;
