m=[-9.569115158474217, -0.3099209628227361, 12.76624965235589;
  -9.733776697472912, -0.2038856856631783, 13.01264915419603;
  -9.343673327676925, 0.4013336743058511, 12.54832239205382;
  -9.683166323276462, -0.5192253228931045, 12.98929003521713;
  -9.536945316969694, -2.485207328722893, 12.84676603697503;
  -9.676507872022768, -1.058343779736713, 13.03630358144477;
  -9.48225747679426, -1.11928470821108, 12.80061457968525;
  -9.5848574455307, -2.169303003350684, 12.92457635261515;
  -9.495238352359925, -2.577779374151569, 12.81582569139941;
  -9.340276964716438, -1.997012714055648, 12.6298111716488;
  -9.373369381493754, -1.592772790475544, 12.71105153174869;
  -9.70153890746149, -0.5645258276890579, 13.14051292191201;
  -9.34142959689596, -1.657157084866191, 12.69756592023567;
  -9.688336602294887, -0.3476107960014505, 13.1429294812602;
  -9.406768493920765, 0.4170840701802943, 12.81029580359393;
  -9.336279853905991, -1.376794639540581, 12.72467204182783;
  -9.26018279937068, 0.4550184543180979, 12.6482771697614;
  -9.323980971560488, 0.4977955794896582, 12.75403473315302;
  -9.597063257973161, -0.548436936491758, 13.12244418909534;
  -9.275769255653589, -1.518429947106405, 12.72813677089296;
  -9.233118460610138, -1.930695339711101, 12.67473915849756;
  -9.219889500725314, -0.9592675082947018, 12.66662977222974;
  -9.516572042414811, -0.1358528095438255, 13.05096614798431;
  -9.180871872756521, 0.6608696709931057, 12.62933761296453;
  -9.343418818259169, 0.4355215457845068, 12.83711650934544;
  -9.497246650515576, -0.3604764934192658, 13.04629580095704;
  -9.569806833148881, -0.4897092552812232, 13.16439454419384;
  -9.328475363869659, -2.049465826957292, 12.8530678739207;
  -9.293356456687457, 0.557822914731065, 12.84712564241755;
  -8.859851622742584, 0.8127516315070639, 12.29959093411119;
  -9.16257663917512, -1.256529361885161, 12.69288349427075;
  -8.973311696464243, 0.7610151724755931, 12.45878464367184;
  -9.463420559248212, -0.3860465666581647, 13.11385813759285;
  -9.273626081307912, 0.6308053861291708, 12.91387131602057;
  -9.462137878930667, 0.09484210832751534, 13.18537493545548;
  -9.030418111014422, 0.7471491472665495, 12.64130496269936;
  -10.58634260106624, -3.236870106597351, 14.63408856336505;
  -9.396711430882153, -1.157761754218056, 13.12832650163261;
  -9.11714361505271, -1.201619771404514, 12.79470436596376;
  -8.743144791726852, 0.7466241068187027, 12.31632985079026;
  -8.955476784608853, 0.5586134745812621, 12.63004007984821;
  -9.134347335031114, 0.4796016393815511, 12.87509303590634;
  -9.138935366064022, 0.5295894893000803, 12.88213541959368;
  -9.291415686996302, -0.4643773537550577, 13.11509904108222;
  -9.279373109876467, -0.5145125576059617, 13.11728810676097;
  -4.70342363485577, 1.480966806741483, 7.159095246179978;
  -9.571966085675715, -0.9353661764671679, 13.53776304591572;
  -9.303675665044359, -1.131732919384504, 13.19586230464637;
  -9.472378562481925, 0.2497922883006845, 13.42515230552904;
  -9.009931239234895, 0.7693725477319998, 12.89492589600765;
  -4.668252180770758, 1.477359455079725, 7.164465762565772;
  -9.074005246066994, 0.7012117415182151, 13.00882877977723;
  -9.462881519511678, 0.1950945212611954, 13.57132941384568;
  -4.667508746209534, 1.178570383347604, 7.199296719062524;
  -4.619821326587258, 1.415035084792048, 7.141155584677603;
  -9.185616026693618, 0.5675481350433053, 13.24994706386289;
  -10.14426132805837, -2.935563834317283, 14.60545464589103;
  -9.414630431466939, -0.9724262842452591, 13.64269496111403;
  -9.157453929555015, 0.4875049211099036, 13.34608214012756;
  -8.78759750548795, 0.2301421603736202, 12.89248078410375;
  -9.434764421041107, -1.02222645743006, 13.79961765270721;
  -8.636254781003602, 0.1846553502859785, 12.74456715506942;
  -9.489512894425873, -1.317463657453558, 13.92648708947513;
  -8.66723163137682, 0.2346490260347763, 12.81920405567048;
  -8.99122632498313, 0.737467648127228, 13.92494762437421;
  -24.9274038170692, -6.76143216263758, 36.8411392298837;
  -8.704520022486239, 0.2885705258184822, 13.51769904541404;
  -8.800282790912453, 0.2496902595039011, 13.7167374455381;
  -8.876487258943399, 0.6402327142209845, 13.88583792637749;
  -8.923581587768133, 0.3526742576179779, 13.98972976041571;
  -8.785435600958468, 0.7490585213989741, 13.82830134470145;
  -23.50301244780045, -8.577467183264202, 37.66601240316339;
  -21.61611307674988, -8.963021100270687, 38.49525156466108;
  -21.27405549463647, -5.148823027135872, 38.24596855437144;
  -19.74787713339668, -8.157972555054146, 35.6317171406605;
  -21.46183652263692, -3.992903550467193, 39.07384315208781;
  -21.42605521605725, -4.767565754109389, 39.2402127399227;
  -21.20120740946996, -4.49704344251523, 38.88713328307875;
  -21.56022909085451, -3.738712419541993, 39.58983527877969;
  -21.24289293464211, -4.087997290662923, 39.03853468631684;
  -20.99590376961364, -3.537261712043323, 38.71046070159365;
  -22.23333427730882, -3.539916180631247, 40.93530290980418;
  -21.10510611199155, -4.893233820083687, 39.03543341329861;
  -19.5936660732439, -8.344268142584914, 36.41733725805753;
  -20.69725003892551, -9.075958689298483, 38.89042172173076;
  -20.2822477283785, -4.754716834933033, 38.34350310981527;
  -20.91980033636983, -3.886835754550976, 40.09574083963452;
  -20.04409825445682, -3.997042095889547, 38.6067104041735;
  -19.71471143727451, -0.9168499815229164, 38.1590775841121;
  -4.925383237454793, 0.6152861930466193, 10.29867254850757;
  -17.99624065736197, -8.297698911336159, 36.08654803664795;
  -5.132312709763429, 0.9660808365685987, 11.26640720611167;
  -18.71716559068404, -8.914569834264061, 38.58437297596063;
  -17.11048608033941, -8.462846394572321, 35.96288425676671;
  -4.440575781472815, 0.966228205202649, 10.62431406462014;
  -16.69033927303982, -8.83910963320885, 37.36176892001776;
  -4.277634256068788, 1.055481209761923, 10.55967783469664;
  -4.242611310016722, 0.9657285209185549, 10.57480517130708;
  -16.08849280088928, -7.47989201638574, 37.88500462706308;
  -4.227835186982695, 1.022181536451832, 10.71182499868034;
  -16.16368451075849, -7.535748549111296, 38.92186418511397;
  -13.35469357085847, 2.35533371631088, 32.4033608919783;
  -16.54828481769198, 1.999218033184762, 40.0215253093575;
  -16.88970529659035, 2.324012116445342, 40.95667740995479;
  -15.85022365339479, 1.643301181098814, 38.73678367692447;
  -16.22025627687044, -2.075514254164709, 39.70121361884116;
  -15.78811718465723, 2.229610728296012, 39.14719013984344;
  -15.63800758001525, 1.659295547142714, 38.87521706990489;
  -15.29550305871461, -8.956946575261938, 38.22749735584931;
  -15.57963651723857, 1.937168001839475, 39.1406139034857;
  -15.16685255712867, 1.391019929625355, 38.19043597920651;
  -15.27479348790995, 1.239668835961078, 39.07498065932977;
  -15.03670447620696, 1.403645771746245, 38.9734570168915;
  -15.22784012040794, 1.945746628605193, 39.59042525251808;
  -4.421382460110691, 2.227342415919133, 12.2370041551713;
  -15.11062569552127, 1.664809460873009, 39.63513183423871;
  -13.26661941065723, -2.281077686228187, 35.20338939927218;
  -14.87452047202159, 2.175803125697687, 39.36845109771362;
  -4.505047586357125, 1.326895531444951, 12.6653299326155;
  -4.461767412329013, 2.057557137744277, 12.59300108858716;
  -14.62175717401286, -0.8770797012192486, 39.53277924627162;
  -12.46806582278428, -2.738874169312398, 33.88630708939443;
  -12.64453438881662, -2.280329958987489, 34.55844041914046;
  -4.554445991024531, 1.372859566059829, 13.07934144314185;
  -4.358027125059167, 2.010464829643661, 12.5700739759419;
  -13.08129753629078, 1.843354410442038, 36.07449744585556;
  -4.427589594015086, 1.707422381701495, 12.84961588325183;
  -13.71780034830007, -1.949117430854365, 37.80769962716084;
  -12.34431025079124, -2.423980344021003, 34.33658969234773;
  -12.42214769497995, -2.140577521448105, 34.57822820544043;
  -4.334056718788757, 1.987044815165066, 12.72248897261076;
