m=[-9.375066708583603, -0.3355785078460563, 12.19875958000561;
  -9.17606960733638, -0.9925502121799299, 12.00663277711848;
  -9.601094163350656, 0.3900494786490899, 12.56534669722667;
  -9.291681465354982, 0.5827778149507485, 12.21842452570738;
  -9.209317439396074, 0.9215286456483279, 12.12983883045077;
  -9.920090816390385, -2.37972990560433, 12.95874275183864;
  -9.174252485118691, 0.8391065937995524, 12.11257828509565;
  -9.147767481779178, -1.94817748506771, 12.10660192704679;
  -9.326327938300913, -1.560461345556496, 12.333578608543;
  -9.467023952353028, -1.488481488872174, 12.54524399852219;
  -9.272102221292496, 0.709155111689557, 12.33673250426442;
  -9.285689651661654, -1.592301340450248, 12.38495014974275;
  -9.18723721227771, 0.2372532720168693, 12.29389317147481;
  -9.192019074067696, 0.5766061942008048, 12.35053778364833;
  -9.465711248951411, -0.8347642562734651, 12.68548404064161;
  -9.25722577492251, 0.6273737271709829, 12.45158211075691;
  -8.921645636244108, 0.3849570004667404, 12.05008367378676;
  -9.293172157974446, -1.225740112822902, 12.50714420594001;
  -9.599108647296511, -1.063522906371127, 12.93233370136467;
  -8.910723229609113, 0.334349435821188, 12.09253535270818;
  -9.428205719711306, -0.8850743676431413, 12.76522626862399;
  -9.515031581412416, -0.4573426308824531, 12.87746767711214;
  -8.999665407711685, 0.8292398917894207, 12.25579481763479;
  -9.436339009219298, -1.093911878786605, 12.87097083386044;
  -9.431799873313484, -0.8686096224816464, 12.89279110515191;
  -9.266158075418206, 0.1269261944816751, 12.6965401773046;
  -9.182934643596717, 0.7001612976063198, 12.67601594015779;
  -9.028338791709821, 0.7658154451330562, 12.49349120384721;
  -9.056290328651269, 0.4446603978883234, 12.99454303579584;
  -24.83092405442855, -6.07919876491604, 34.10755406707315;
  -23.92635884495147, -6.148089815929727, 34.32525734610984;
  -23.58310429638184, -6.145519369705223, 34.2656914059638;
  -22.51785975952473, -7.468832617493806, 33.4656301839365;
  -21.62225265885192, -7.561291568978407, 33.65976695995575;
  -22.36233406116041, -8.129847696590428, 36.03101437039521;
  -20.29519974112951, -7.80252407726669, 34.55240996585457;
  -19.89233341904948, -7.765532815697528, 34.39556865413192;
  -20.60684570230441, -4.657283376957204, 35.98497303708051;
  -19.27471461920333, -7.756240299120233, 34.19482641001455;
  -19.77849793403374, -4.067769575991638, 35.20076107531889;
  -19.94878027822893, -3.902544944411241, 35.55110139062518;
  -19.61118398944081, -3.651300165067015, 34.9979699446359;
  -19.32142734640847, -3.392427296019962, 34.49916049911109;
  -19.82722801388627, -3.29490727293657, 35.42417168332407;
  -19.46523686353101, -2.782842445269047, 34.8641309110765;
  -19.86253351472866, -3.015184122502561, 35.57284849269709;
  -19.18014057386439, -4.122507315140621, 34.46973268585653;
  -19.0893034263496, -7.798968366404549, 34.42383353289395;
  -19.09907304714209, -4.147106489074784, 35.0650477577364;
  -18.7469627640683, -0.03124814847502325, 34.50600984232408;
  -18.51609337399132, -3.116334354628117, 34.50071973262487;
  -18.38488864361761, -3.352158756534802, 34.39505770378386;
  -18.38375228910353, -3.316545909907727, 34.40786628833666;
  -18.16902941020108, -0.5280687335275778, 34.14028199167768;
  -18.01725536731759, -2.853821575352416, 34.1019156675496;
  -5.143626840247448, 0.9819788799245832, 10.62064458324692;
  -16.98716017763359, -7.511782190690673, 33.03108894809328;
  -4.790074146029939, 1.153732936300888, 10.3621414408159;
  -16.67816404089838, -7.625510229700609, 33.40133354104836;
  -16.43534129018341, -7.798301987554603, 33.48563448715198;
  -16.03459896303229, -7.606450655921166, 33.22545724489336;
  -15.98454989786102, -7.721646688415195, 33.65708998793229;
  -15.79841538000952, -7.776793792558456, 33.84700568971995;
  -16.68037002999158, -8.489281894267819, 36.23705349057131;
  -15.00455992918435, -7.664754133371034, 33.27970833261635;
  -15.32762488927909, -7.970314124273197, 34.56921973993592;
  -15.64079658946421, -6.926263432734323, 35.73626443508958;
  -14.7210719692842, -7.827875873542924, 33.73459624588367;
  -14.93851732580457, 2.530932175998284, 34.77545837634732;
  -13.37142019523945, 2.44756908389072, 31.38286517968572;
  -14.71645439598071, -6.542437958467612, 34.41666954388504;
  -14.96096518114877, -8.121203241216357, 35.00687410835302;
  -14.8298595804334, 2.092181394624416, 34.8443193777805;
  -15.09939866441886, 2.405277298892549, 35.60584630656198;
  -14.82522704097923, 1.840706794978127, 35.16991605995333;
  -14.83509642117516, -1.574787273619344, 35.26821406804509;
  -4.599520627050662, 1.871462533090886, 11.75422514651631;
  -14.50985436308763, 2.35745918956498, 34.93626355632679;
  -4.585342095890838, 2.12271973885571, 11.77597419214274;
  -14.45726836788221, 1.844692922082561, 34.89331972811334;
  -13.68553581078904, -7.71068989305742, 33.21516814278505;
  -4.742661740256308, 1.522933634826898, 12.25605907727567;
  -4.623393612724463, 2.250574043852839, 11.98554553633813;
  -11.19419590284068, 2.547722807851813, 27.50971039358921;
  -14.26582174789621, 2.080690361085894, 34.80100522786358;
  -4.604606512863826, 2.17217793706581, 11.9853273679824;
  -14.06590278546024, 1.447941780650328, 34.9346261298919;
  -4.539419197391548, 2.218581241641102, 12.03119487789051;
  -4.796859773724329, 1.577165481926899, 12.69805175939097;
  -13.90729563996324, 1.607057423224769, 34.99470697470086;
  -13.60840492666079, 2.04025767902807, 34.3623517575564;
  -4.569549894686395, 2.328738511887116, 12.30404915953715;
  -4.490134187319115, 2.176602333365239, 12.11564738340737;
  -13.47204036104316, -6.591375952906734, 34.50706951171603;
  -13.50672628889502, 2.28018712504473, 34.71493059172813;
  -11.66920951396549, -1.706472836640399, 30.45511433909879;
  -12.8045332687469, 2.106060227376972, 33.52206041725993;
  -11.59526758167481, -2.271276222820896, 30.46739423366855;
  -13.45433906586882, -0.4978515306334346, 35.31959192027223;
  -12.38339025455679, 2.040803010061416, 33.08634856140388;
  -12.58026231674264, -1.502742454653298, 33.62777904164587;
  -11.34580542034842, -1.956859759126377, 30.5219342099715;
  -11.20487537841433, -1.660250171677307, 30.16964823847546;
  -11.46051986748916, -2.15219897138948, 30.96000683578634;
  -11.20797784688579, -1.564385059042063, 30.35555003252118;
  -13.18958705759792, -6.808020149615255, 35.66149509378313;
  -11.55846883311154, 1.555809791108947, 31.50992348905706;
  -11.12873557207825, -2.25981903616121, 30.37913405633774;
  -11.34158495800224, 2.270622100883071, 30.98843840541867;
  -10.73948662115479, -2.078229434680459, 29.68412547082503;
  -11.10620283546185, 1.821800594139507, 30.70005170769477;
  -11.06517280574243, 2.377642298005092, 30.650615996103;
  -11.39493477206926, 2.135639474538523, 31.55611432857216;
  -10.88451819135785, -1.836607655193445, 30.52122930350748;
  -10.93413659403543, -2.422241853865415, 30.70795555805204;
  -11.18266545648878, 2.272429269029898, 31.45606022487939;
  -12.31750041599957, -6.815194876585077, 34.52219221803765;
  -10.43946259834315, 2.642496606773675, 29.59514332435849;
  -10.95019471605984, -2.515627231309197, 31.04347387253505;
  -10.81633221004709, -2.337244976297994, 30.68095229569342;
  -12.4089284943966, -7.349972525569299, 35.28534559241519;
  -10.13722751538658, -1.765423269380207, 29.27138049058093;
  -11.9735011515392, -6.663222377419321, 34.5603002068965;
  -12.01967689284175, -7.500270046879233, 34.67584629096521;
  -10.41167787123521, 2.192718090816772, 30.37706232767972;
  -4.04534348135572, 2.495794435000521, 12.47239008367512;
  -11.92481469407125, -6.892841667658871, 34.72631858436235;
  -12.01721891821114, -7.168793638565818, 35.12973853181651;
  -11.60456821419172, -7.428536562300625, 33.95597565000799;
  -11.81395139261463, -6.653017971953229, 34.58818559749599;
  -11.82101528145775, -7.6093849953955, 35.10672460378716;
  -11.33166222373384, -7.21553984748117, 34.25962183464835;
