m=[-8.518219723674333, -1.964164105836788, 11.38277695314269;
  -8.473428258211783, 0.1231734160568848, 11.64062451496856;
  -8.155006933615258, -1.974117998899455, 11.3834458417564;
  -8.045766201320026, -1.975557495061603, 11.37398103214233;
  -7.784436488212075, -2.437453060728558, 11.15381191200015;
  -7.899655751112391, -1.85536406202715, 11.37175868167132;
  -6.823089205331788, -1.415259180970013, 11.60288267978217;
  -6.836324245104331, -1.359231945997176, 11.73865107784204;
  -6.770253931671511, -0.05327006449362365, 11.67523406876795;
  -6.805573301657024, -1.274255769653367, 11.78642029102724;
  -6.75608970301819, -1.20349191796729, 11.72082505337947;
  -6.795400655921811, -1.141485809400853, 11.79806407580511;
  -6.744162768473729, -0.9000548257277636, 11.75478490451026;
  -6.741567997277682, -1.32248078134764, 11.7822263950472;
  -6.577966753963863, -1.306522202710051, 11.75137176553399;
  -6.344359200752417, -0.06221707485756239, 11.5807735976022;
  -6.309563965021679, -0.877849626946515, 11.60681296410231;
  -6.034252664286113, -2.503462045035248, 11.22292552912334;
  -6.133928161257139, 0.3071415472164604, 11.69599973128138;
  -5.830129624571685, -2.546107861514609, 11.35250625108446;
  -5.313867518890969, -2.237046091512858, 11.8307619511306;
  -5.229438727008399, -2.201436084998807, 11.89810557320148;
  -5.254122537824699, 0.8678655908076676, 11.99382288623734;
  -5.176473749398873, 0.951365365135739, 11.86761575853008;
  -5.161374432987695, 0.7723004509056616, 11.90353011133876;
  -5.160567584345527, -0.4275356849836778, 11.93228373779419;
  -5.059280584528766, 0.9461609618350816, 11.83496246562782;
  -5.073565005909124, 0.771594417507503, 11.89738113607201;
  -5.001782869845769, 0.8538615471607131, 11.85375140192315;
  -4.932869612189097, 0.6317106896579615, 11.90469101575441;
  -4.88640711555899, 0.8322018891362916, 11.86452000905492;
  -4.854763449778084, 0.6856124436550188, 11.87100029298517;
  -4.881824166965173, 0.8568325242291744, 11.97042977323115;
  -4.552258261055476, 1.076720564708073, 11.33458715766419;
  -4.125096684128979, -0.5747077245414731, 10.42457360399274;
  -4.782020616213372, 0.9312536256684516, 11.93829442506536;
  -4.72760999046578, -0.04817964696269216, 12.06833783173861;
  -4.007411643194371, -0.5822935199759368, 10.43502992926381;
  -4.331073020058892, 0.8265760669175389, 11.22087274005001;
  -3.969093093202096, -0.7309450866792953, 10.44169701775646;
  -3.924569404868499, 0.8940539632710711, 10.37520187012424;
  -3.974377226173409, -0.6976578300854082, 10.5004431998408;
  -3.891847681432837, 0.7528348975460115, 10.41061413280232;
  -3.85268139792852, 0.936947053724585, 10.3223041102104;
  -3.854670341136823, 0.8302914719798247, 10.33562352146998;
  -3.859719336350485, -0.5439258044695198, 10.47605938178514;
  -3.902421675471567, 0.9042638698851753, 10.62721397191302;
  -3.80164791396784, -0.7639558534876437, 10.43917201970846;
  -3.812456274383503, -0.7148329400725835, 10.47015488892217;
  -3.82466492678919, -0.5966195919687281, 10.55906185286977;
  -3.819266253246811, -0.4979758104908356, 10.54823705151283;
  -3.788080455301599, -0.5494247069375973, 10.5704650049097;
  -4.087401766653335, 0.8296476384541039, 11.96680466368419;
  -4.065788050851376, -2.465069793367985, 11.95652832651417;
  -4.130063539768081, 0.7357965858142835, 12.18264605520707;
  -4.063643628932525, 0.5258885198607048, 12.09126300223895;
  -4.027446353087361, 0.9049492207930702, 12.00321067633655;
  -4.000657589681918, 0.9052696342518311, 12.06975315064711;
  -3.827322057690596, 0.7821911803504426, 11.881529610199;
  -3.733295733957133, 0.5211438680491395, 12.0759460036761;
  -3.851364769892044, -2.29988118971621, 12.87395989914173;
  -3.8456718059453, -2.220957253056649, 12.90152082934529;
  -3.933843447872491, -2.132287392512523, 13.47460826561714;
  -3.880107115240743, -0.7447916440018374, 13.42963167529181;
  -3.86763926184044, -0.5786160902091275, 13.62335720633807;
  -3.937958172990244, -1.495309192808859, 14.0914103988428;
  -3.907508960070955, -2.33711979826841, 14.09943270517462;
  -4.02193301354546, -2.384835742617909, 15.53569855398226;
  -3.843554082740408, -0.635765251402262, 15.37378687869223;
  -4.097877818312227, -3.477327968095031, 16.36469885641261;
  -3.954307275478556, -0.5920329851070908, 16.03163833654542;
  -3.590690278180504, 0.9200609438836872, 14.6756301553988;
  -3.953179717016461, -2.268674052361184, 16.03769138891768;
  -3.989725784598842, -2.377032578828096, 16.60740300680388;
  -3.868118714549915, 0.6817039175875566, 16.1967705086997;
  -3.959162042962333, -2.185930408492885, 16.52474124743382;
  -3.817814204010797, 0.7869945357914628, 16.02733870428265;
  -4.006433889986925, -2.309319898373866, 16.91460512612021;
  -4.08553935727932, -3.678392572982721, 17.52905004421017;
  -3.918495176422428, -2.32754137367221, 17.00925118124075;
  -3.982260116620391, -2.283929810084862, 17.47070516382247;
  -4.046958695151016, -3.797891312486649, 17.92765868603959;
  -4.076504891088786, -3.982150082439723, 18.32533517398031;
  -4.035439542802851, -0.7738111509475993, 18.43021155910057;
  -4.013445404991208, -2.297132555036537, 18.31431951106011;
  -3.864961046165829, -2.39253232790441, 17.71665634321445;
  -3.986657281502087, -4.103151858869961, 18.36111691102502;
  -4.063179422268811, -4.051215365080112, 18.7053982995303;
  -4.247111831035146, -3.695036445206047, 19.65376842682811;
  -3.932607079677042, -2.332059920175346, 18.37095576516612;
  -4.03337370263919, -2.033347910610527, 19.16468198894052;
  -4.70343496383376, -3.814256095659194, 22.25392194737254;
  -2.395863330178555, 0.9584829611545314, 11.96279811378123;
  -5.092440219235067, -3.668383682592343, 24.78778691934363;
  -4.990841429794834, -3.669503115042755, 24.38047182434671;
  -4.038054307168443, -2.294819249631651, 20.46298186719351;
  -4.169974116798668, -2.718908268938191, 21.23568790780416;
  -4.139617424176939, -2.260902399971781, 21.35925310034507;
  -5.295904808189629, -4.700146538299979, 26.95122564393864;
  -4.173757431365539, -2.44324446162051, 21.63554442305031;
  -5.58655639390914, -5.215556217987126, 28.70175417748713;
  -5.206418897022699, -3.97310311567497, 27.05926201131506;
  -5.121820052943994, -4.717370950001032, 26.91016904655497;
  -4.182853969675445, -2.218076416098469, 22.50972782435598;
  -3.870566054291118, -2.493230845645022, 20.97582029655451;
  -1.087091991258448, 0.8531388183300077, 6.75105308487867;
  -3.810714672398435, -2.693449385604652, 21.29524138187821;
  -4.179093168566664, -2.401063057167518, 23.34843885434569;
  -2.665359932076552, 0.8034243156282529, 15.37781031643615;
  -4.743924548934941, -3.506600557627718, 26.62085182863581;
  -4.319671390475107, -3.623190645257566, 24.34117558064402;
  -2.567488715806331, 0.5955941681177901, 15.06022472159628;
  -4.625038758152403, -4.607555681530406, 26.23676847740047;
  -2.555278172960038, 0.7106078502101648, 15.12143682817451;
  -3.848401144408996, -2.37585035816475, 22.6001540980152;
  -4.090683339354317, -2.719692574400796, 24.06145263754938;
  -2.353423723645413, 0.8298469336397222, 14.51692436235443;
  -4.088459439807793, -2.276658782310628, 24.36395559451602;
  -2.438910313688713, 0.5933199906002907, 15.253165011048;
  -4.489075799082273, -4.375990001097891, 26.94438815719128;
  -2.520450684764697, 0.3184972281146288, 15.92961145197713;
  -4.010588662593763, -3.658370473767533, 24.70808588533906;
  -4.131813426284077, -3.938420183407061, 26.33200340671041;
  -2.326267797897871, 0.3501300664324669, 15.56322046984766;
  -4.224406771537075, -4.766030462707059, 27.46395714317093;
  -2.232662068892362, 0.4456491748536065, 15.35205986604752;
  -3.79817949467282, -4.224988310167087, 25.30643600439747;
  -2.12103386752323, 0.4253475491180753, 15.38856391133962;
  -1.947105132356887, 0.6481706224533218, 14.50447256561776;
  -1.99089082656204, 0.5390000634256247, 15.54411492195212;
  -2.023411103673646, 0.5298647854928396, 15.95526846877861;
