m=[-20.62590401251169, 2.025457387760407, 28.11174605565489;
  -19.20902883565034, 2.303694000635443, 26.66322920811826;
  -23.97344751882871, -5.630558390226732, 34.51039748326286;
  -24.32470897061049, -7.687329626416641, 35.15654701447063;
  -21.23300114552411, -7.382514175888131, 33.35307272469865;
  -3.983454784312833, 0.8001946308658613, 7.273093562321837;
  -20.28642386789765, -4.207851717028113, 34.49771636396233;
  -20.68449259748525, -4.240101990516247, 35.42533127624819;
  -21.1237751622518, -4.199933910559582, 36.27163036540198;
  -19.71841903125343, -0.1551494913053922, 34.00421313282913;
  -20.07800044492144, -7.711078905627844, 34.66056328739978;
  -20.69419709562156, -3.874721331855938, 35.83981741772784;
  -20.48672934942668, -3.649391035557703, 35.54147164643089;
  -20.59537792072922, -3.459594632624492, 35.75736011421738;
  -20.80097082087204, -3.087343905488948, 36.16780290724776;
  -20.61151872930833, -2.75074868960948, 35.9249883989878;
  -21.24174708184395, -2.644245435578419, 37.00202640985724;
  -21.73867453961204, -4.264435113940454, 37.99264281801881;
  -19.34207678301355, -7.54404425168145, 33.94785761613665;
  -4.523454892731722, 1.192287947737219, 8.815686339906305;
  -19.94408190406055, -3.961313091863948, 35.62959950134191;
  -20.53269885515035, -3.068091969794165, 37.19945198336005;
  -18.7276041917546, -3.005498106699413, 34.07773515862208;
  -19.11899646961879, -0.1874938030637783, 34.8991541181578;
  -19.30867575498753, -2.686416034818467, 35.51944148835763;
  -18.65019109906488, -7.737502578488213, 34.68693100100519;
  -19.32409087407652, -8.158754135552019, 36.52089446898575;
  -17.57578227029293, -7.542114611968821, 33.7213019037519;
  -17.83241422045497, -7.787691348255553, 34.72351507527846;
  -17.47377883257756, -7.768838211787553, 34.62957619792881;
  -15.17016974095685, 2.865022513494917, 30.36589117868926;
  -17.03874013239377, 3.009227076641674, 34.06188484827889;
  -16.47252536430126, -7.60383350234585, 33.73138062110988;
  -16.81202639224564, -7.908909958412807, 35.03467773759859;
  -16.09932911699822, -7.844841155846507, 34.09624431874908;
  -4.402847294441441, 1.910766376000843, 10.24963984052067;
  -4.356023819669869, 2.321250479806501, 10.16548762328153;
  -4.364471329349096, 2.14224415269297, 10.21435641857135;
  -14.34367362285932, 3.10021638846152, 31.42548080712863;
  -15.90535476015463, -7.907083144018073, 34.91499067931252;
  -4.339154787206716, 2.232554386023388, 10.26625218029476;
  -15.48160653258262, -7.857456239363263, 34.07766207893631;
  -4.445093530392914, 1.559435749297343, 10.51673703847162;
  -4.446427175180451, 1.644020725262065, 10.54177284002207;
  -4.398866298503569, 2.19681991901232, 10.44913884937945;
  -15.68106016821669, -6.535407099577892, 34.78893993062871;
  -15.79210685835662, -6.648203177563057, 35.15944955041463;
  -16.26548056422133, -8.275599198592818, 36.2548014742625;
  -4.335832903873048, 2.242924708379397, 10.49248057024776;
  -14.4059532359904, 2.977286483815716, 32.72686368506703;
  -4.473355136339199, 1.605895752063165, 10.87612962535654;
  -15.76674696777396, -6.637325252256916, 35.87276374415917;
  -15.52683925910427, 2.853621560981942, 35.59692779141547;
  -4.258624532453422, 2.284499377087445, 10.48215829456992;
  -4.311438459823035, 2.217783573591568, 10.63166569497017;
  -15.96384214536793, 2.388682054969183, 36.81695217760981;
  -11.93504844141184, 2.97454518098765, 27.84610767620104;
  -15.60961370091613, -1.293204047205235, 36.09260738716061;
  -15.12980355639474, 2.829499025823974, 35.39251366089872;
  -15.23705568065087, 2.31727140358863, 35.73050874742287;
  -14.60175927809681, -7.864946354327309, 34.44559545572991;
  -15.22294813159004, 2.598731368838401, 36.0769444519696;
  -4.234475100653099, 1.944832864573551, 10.7350623651412;
  -12.99523631788688, 2.997817840491136, 31.17629277867162;
  -3.911589035139163, 1.714270969787978, 10.13226626872315;
  -14.90847633515709, 1.909201865818637, 35.97922066441358;
  -14.68440147322969, 2.500894083905965, 35.65469904162877;
  -14.90730649505399, -0.8300276957298829, 36.37375922482273;
  -14.51547091642388, 2.049942821883041, 35.49362626711756;
  -14.66030820762807, 2.573101459188474, 35.94766707102254;
  -14.50150477624135, 2.824031927996305, 36.20294589243069;
  -14.43891687872039, -6.68996164943663, 35.97988298290174;
  -12.25004658024781, -1.474662880250107, 30.94387132146628;
  -12.18242123253217, -1.697252724497689, 30.78632006420258;
  -12.06521128897094, -2.041901921037868, 30.68659376956556;
  -16.09952227463506, 3.066712479770562, 40.8908317730192;
  -15.64418783303394, -2.024995039684515, 39.80227083512465;
  -14.29696605696208, -0.1457021155829652, 36.4963727321591;
  -12.82594002514322, 2.447803352980405, 33.22923444770022;
  -11.89231664995332, -1.728002895467428, 30.96679134056359;
  -11.89106314717246, -1.442325005736276, 30.97669377220311;
  -14.21523913280249, -1.330677971635131, 36.90113943340975;
  -11.86469549816112, -2.184993064078089, 31.21306371269572;
  -12.17855195661185, 1.960833076516952, 32.14182751646993;
  -11.81639514499968, 2.691886375575002, 31.23845506578206;
  -11.89728865090102, -2.088437033461707, 31.43305141952472;
  -11.56523188927452, 2.237166219530039, 30.93676228132599;
  -11.36518118745346, 2.763938132635633, 30.45018374673122;
  -11.49812267001632, -2.220777913741352, 31.26605816237669;
  -11.92758601281951, 2.763844090486998, 32.48162788848608;
  -13.36696462457522, -7.017692208889543, 36.44705392400156;
  -11.12749347272329, -2.086397404264401, 30.5594534861185;
  -11.07612241623877, -2.22578964315497, 30.41458594564724;
  -11.58438497744699, -1.807078834551729, 31.98194870550556;
  -11.61979746142708, -1.515049665279142, 32.0921271224552;
  -12.65229373123531, -7.131860959403952, 35.02805904726893;
  -11.01689828074577, -1.597895340577749, 30.74215004496286;
  -10.90712813282591, 2.026833225115749, 30.62552389271747;
  -12.55304872715739, -7.478616030947365, 35.25313624571682;
  -12.88668714141476, -6.800022056205669, 36.18994424672301;
  -12.94391403955067, 3.100210490263977, 36.50890931253344;
  -12.62835488970739, -6.93255848381967, 35.78723357556371;
  -12.47566464772266, -6.488315448952696, 35.39149434601774;
  -12.0883126218774, -6.854767020734807, 34.39793496716354;
  -12.64506836412474, -6.749142430889154, 36.01813105120147;
  -12.08318080586301, -7.839617919512972, 34.80340330571502;
  -11.9158279912697, -6.710502221605451, 34.7000797194384;
  -12.11390797443173, 2.458842002132455, 35.46623961132264;
  -12.43261759354852, 2.214948387593398, 36.67308704176669;
  -11.34001965004473, -8.019031291505693, 33.59293174243484;
  -12.24176915279745, 1.584244694688502, 36.42505690836197;
  -12.15244217582938, 2.730599519797276, 36.21856404286007;
  -11.92655668328892, 2.698743735132581, 35.98173347195725;
  -12.27037242632155, 2.507700409532631, 38.09211535218412;
  -11.01902022851663, 1.538183747879537, 35.64279467138229;
  -9.134298313597153, 2.884771374978777, 30.30046544820159;
  -11.77570924420086, 2.828879978486122, 38.91531523240229;
  -9.253070855383793, 3.184898143464311, 31.56871372167923;
  -8.069559256213912, 3.127823508649005, 37.97519480356768;
  -3.699887456412375, 2.034149452799978, 20.85075795743027;
  -4.343144802993667, 2.433211761697764, 25.55930752918443;
  -3.995228780697554, 2.30991010481479, 24.67653864510722;
  -3.321915453700362, 2.1389446935593, 24.02592585082085;
  -2.069470141123329, 2.02355131909929, 16.44329003189224;
  -1.722488844618849, 2.289939207212743, 19.03279731958842;
  -1.581512302359417, 2.666310264475379, 18.85834848731734;
  -1.637985126377216, 2.272723350813417, 23.91820944488849;
  -0.9968465271980043, 2.331239775273229, 17.72652445909885;
  -0.07837917942876867, 2.414757587567277, 14.55305463469295;
  -0.03199765674959887, 2.344418162502207, 14.72511959571122;
  0.6049284057151955, 2.390491173416567, 13.71786301240703;
  1.754160156835012, 2.348367937910858, 12.03467622240085;
