m=[-5.903804579247666, -1.449620221874979, 8.345974717836201;
  -4.955580886475464, -1.027896768687032, 8.427124709290634;
  -4.932314475657419, -1.011072247845699, 8.447336739603728;
  -4.866708062020856, -0.03829248576965603, 8.392588570813805;
  -4.907767905793276, -0.8742422421127462, 8.514257737089528;
  -4.926327295378367, -0.7753206550308648, 8.55336550828364;
  -4.899379008559294, -0.6538557669955318, 8.539406356042131;
  -4.954482443907997, -0.6167509450837446, 8.630452548479529;
  -4.761185685155348, -0.9456713664799559, 8.505738189887261;
  -4.610727501146264, -0.7399522455362025, 8.389922654485407;
  -4.569815774593201, -0.04481470249972847, 8.341583474977055;
  -4.557115352869975, -0.6340314536228651, 8.383080962460641;
  -3.782860020127285, -1.576585381794422, 8.392397490631607;
  -3.734990396390229, -1.572318381563904, 8.49791198845673;
  -3.731004311290677, 0.6162799283065128, 8.516932099557614;
  -3.671284476576237, 0.6747320793388977, 8.416809515033778;
  -3.625094980920435, 0.5424257675334164, 8.360452786772715;
  -3.591331104989209, 0.6716325050157961, 8.401049935669423;
  -3.595067968454772, 0.5467426497519933, 8.430343117901238;
  -3.500391680167005, 0.4482654146964151, 8.447634878395443;
  -3.467531050541109, 0.5905537182341277, 8.419394978401806;
  -3.436189440580771, 0.4852747746804933, 8.402264348791594;
  -3.444064388720353, 0.6044843654476753, 8.444984802738668;
  -3.384123440964434, 0.6590262729990513, 8.44844998618802;
  -3.33539749905171, 0.6353421524471457, 8.471504663511146;
  -3.331996688398805, -0.03395678248664024, 8.505706217502359;
  -2.780482130410809, -0.5120514193290747, 7.314757121409096;
  -2.762550738540003, -0.5364270581403585, 7.300302116418325;
  -2.774559285461839, -0.4870431014426735, 7.330482368336656;
  -2.739946996166644, 0.5300124478101866, 7.329303008826912;
  -2.725359664774014, 0.6627897416128907, 7.301925169473975;
  -2.698553742748626, -0.3802900904231689, 7.324420972200459;
  -2.704484714701096, -0.5223513520273438, 7.354120217347031;
  -2.710385239224233, 0.6280467999410636, 7.381017808658501;
  -2.664539941119652, -0.499599413860659, 7.317630389283249;
  -2.665326629257638, -0.4157713463662921, 7.358382832259937;
  -2.666109182061542, -0.3476211902392233, 7.363391236128821;
  -3.087789821462071, -1.621097921731906, 8.419326697543914;
  -2.777441196324085, 0.6652278674460483, 7.833901588627238;
  -2.956408237627998, -1.537562108573855, 8.386864217741803;
  -2.960395764157814, -1.678714299276649, 8.423963224467942;
  -2.961820222851201, -1.580833409760236, 8.436429591746013;
  -2.878451717644445, -1.766255227551726, 8.321318685156736;
  -2.884235067887991, 0.5854327392873422, 8.444258634703187;
  -2.893817468979912, 0.4350600567103812, 8.51903878130401;
  -2.885176250797535, 0.4060478976962363, 8.500090822266833;
  -2.87930066243056, 0.5129653760891479, 8.493210944373148;
  -2.838453798623273, 0.3673329659675662, 8.445743409806287;
  -2.832534497738192, 0.4160245493852743, 8.430877243321561;
  -2.82610049557494, 0.6350121682919351, 8.422776287232477;
  -2.797273319076204, 0.6329675903765252, 8.439212229313897;
  -2.599685817644357, 0.362899277010565, 8.409102251087909;
  -2.718965922973686, -1.623657834389402, 9.088689425924539;
  -2.757886950600596, -1.494875851737522, 9.446600199684657;
  -2.635138506548468, -1.000300329357666, 9.074750331890014;
  -2.73812798745752, -1.039713417683015, 9.797992640059709;
  -2.707157511113812, -1.619177711659102, 9.76821436375263;
  -2.534442990371085, 0.5274945548120011, 9.849194488438885;
  -2.818173058718172, -1.671057130160721, 10.88588173043792;
  -2.759006781434886, -1.582159983282173, 10.70850485541364;
  -2.794839307845695, -1.589561212143181, 11.08516137393876;
  -2.639809161610465, -0.4366528736571503, 10.55894169234187;
  -2.691335962967234, -0.4029428046632334, 10.91127264388103;
  -2.772856462464626, -1.591303193284427, 11.24922705116381;
  -2.695360615244011, -0.5088908083262516, 10.94949181459102;
  -2.804218722026426, -1.670721152352761, 11.67267951489052;
  -2.750672165040817, -1.518699629899156, 11.48074902986498;
  -2.622269610109351, 0.4621397630476658, 10.98009193128412;
  -2.600060568653067, 0.5359698903385977, 10.91515960668645;
  -2.809811281319589, -1.619583220590187, 11.86263135932933;
  -2.927494595901929, -2.635753431141525, 12.5604466847904;
  -2.966145209754829, -2.783595774574958, 13.13975331584934;
  -2.819877594525393, -1.613982992155985, 12.86778167805445;
  -2.7506816952874, -0.527453861207511, 12.56260812191008;
  -2.815485797719278, -2.807195582201531, 12.96147124696816;
  -2.894620995898897, -2.979205053606101, 13.3315885379498;
  -3.046011355156966, -2.650065130748687, 14.09560289001217;
  -1.593242411316941, 0.6373884874819793, 7.955227275621819;
  -3.692854129536615, -2.660179648219951, 17.97520979066528;
  -3.666012216717011, -2.695425899271834, 17.90862499132819;
  -2.861327599839449, -1.562748866549847, 14.76363976319021;
  -2.905834475250994, -1.701024581517215, 15.06300064370412;
  -4.25752784784041, -3.778580903644206, 21.66685351576861;
  -4.229159570787287, -3.948303380652877, 21.72792858771559;
  -3.775983325702756, -2.881514417648087, 19.62487540504604;
  -3.496772801148007, -2.877772819729738, 18.72832353991017;
  -1.716127387561543, 0.5172954148854273, 9.901207385601444;
  -2.749660893273152, -1.943486479649337, 15.36580339238801;
  -2.951375220098714, -1.695687969370917, 16.48922411709249;
  -1.67237563567139, 0.3879499720392523, 9.809722916045482;
  -3.428642226546126, -2.5343739386015, 19.24005657020413;
  -3.208343624425571, -2.691047433011321, 18.07888805092492;
  -1.661157446170857, 0.4619581281503558, 9.830275094795775;
  -3.53896846763315, -3.525590837710935, 20.07574448331835;
  -3.303190603673337, -2.420613935907832, 19.00930462902707;
  -2.929666707015351, -1.947790167937208, 17.23233769685574;
  -1.561890303762918, 0.5507422510603358, 9.634407596987968;
  -2.947179084453863, -1.641136776442992, 17.56283543957477;
  -1.568992885936861, 0.381692938486133, 9.812622980038736;
  -3.325110007957792, -3.241346058435568, 19.95801780359604;
  -1.532676120588627, 0.3014578817660464, 9.730553469914732;
  -1.626575545256952, 0.2055425268246202, 10.28019178865626;
  -2.970634243371134, -2.709747001898536, 18.30122513029649;
  -2.886654905476857, -1.654365000757657, 17.96202595934208;
  -2.961285137494701, -1.61751190174821, 18.50421645250712;
  -3.108961305321029, -2.96344357574728, 19.81337762307171;
  -1.411469030478903, 0.2817354303315611, 9.705435209787162;
  -3.056219165624047, -2.14175086537242, 20.00427121245418;
  -3.091413550718663, -2.139270538640602, 21.19845744868804;
  -1.323598520812621, 0.2654315876159822, 9.602996322856461;
  -3.748557080651986, -3.352176136924895, 25.81997255123222;
  -3.21323784099581, -1.733403299860005, 22.36483705775371;
  -1.279078938699335, 0.4257917962858734, 9.528178559709895;
  -3.157033116999921, -2.762990442900957, 22.43975382781203;
  -3.405097353325749, -2.597973418350728, 24.21297692400891;
  -3.216291436086346, -2.394393032261681, 23.26030202859672;
  -1.23664566262194, 0.3664930711168033, 9.516212888150102;
  -3.090269583235881, -1.642308915267141, 22.72360228023534;
  -3.111771622403179, -2.565568067240281, 22.79904707894145;
  -1.252107749459327, 0.3389870239844929, 9.775978919884834;
  -1.257034474218307, 0.3291759647011484, 9.91213425400769;
  -3.50948874002916, -2.651098508251106, 26.92452802387535;
  -1.147732058672023, 0.1861517142482436, 9.444427521180337;
  -3.201383523486167, -1.962015645726726, 24.72563027201982;
  -3.367759390665091, -2.87476090221574, 26.54017560428374;
  -3.61805205334002, -2.45543556178121, 28.49409658448282;
  -2.698181862337258, -1.669159799851526, 21.63009160407167;
  -1.191708057148555, 0.1612011574722273, 10.03878301019686;
  -1.14609233475801, 0.2071169361683504, 9.877586663575553;
  -3.492322168792116, -2.920006437979661, 28.78614011302856;
  -3.124616509121339, -1.591556026139565, 25.88510916513392;
