m=[-11.99676762445565, -2.817638161988453, 17.26965714502005;
  -11.43527424042608, -3.817186053879825, 17.31644463175436;
  -10.27419948323524, -2.131095565100261, 17.47160672316905;
  -10.31913775748228, -2.11531398895574, 17.67308875580029;
  -10.40413225785717, -2.068601258254591, 17.86493354673266;
  -10.19415763055429, -1.815930050984351, 17.68536881636169;
  -10.28072015329301, -1.726946910066102, 17.84921909030811;
  -10.32595595064355, -1.625130944706733, 17.92850336012991;
  -10.32934937495241, -1.378522593644041, 18.00361057026824;
  -10.25658248050848, -2.012014596345644, 17.92541095389445;
  -9.940949411680164, -1.974481113719673, 17.75925549769992;
  -9.881776788816103, -1.778220250506411, 17.70369041637462;
  -10.10928068178616, -1.510576037713787, 18.3151617798205;
  -9.678421117719726, -0.09491313970885609, 17.6666547715759;
  -9.485093903171659, -1.319661103463161, 17.44838652740124;
  -9.128323863720059, -3.787115588126646, 16.97749574434992;
  -9.195002806703915, 0.4604174216693024, 17.53276978944915;
  -8.868766281476191, -3.805762425420803, 17.01581987602133;
  -8.734429778663918, -3.814460699394363, 17.00779829045826;
  -8.45901794999981, -3.760877513319278, 16.76410177019252;
  -8.70348689987207, -3.94611676920013, 17.24180567573485;
  -2.108960631623913, 0.9152556956276856, 4.909569981968767;
  -8.384247720816296, -3.870227685286924, 17.16872457852937;
  -8.153346382451776, -3.835592503489315, 16.99080505393247;
  -7.906580482992535, -3.852698924547332, 16.74508906022238;
  -7.847184569561327, -3.831417126558253, 16.91988582001917;
  -7.842923255871339, -3.898979130706589, 17.2165661506219;
  -2.106530749977938, 0.9674989545126839, 5.340387754697866;
  -7.807690083856569, -3.286902152479764, 17.38299316682781;
  -7.726240286602792, -3.930979332058028, 17.22133610668656;
  -7.65613172394741, 1.47802385360206, 17.31192012571548;
  -7.749314601503096, 1.424218468463564, 17.76612662109706;
  -7.578141629621168, 1.133923196925586, 17.47725111738671;
  -7.476021158391697, 1.398127510767849, 17.48834213156142;
  -7.528262208353845, 1.144907986146453, 17.65358375831504;
  -7.341565547706794, -3.954387830246267, 17.31877591266478;
  -7.457386620893716, 1.273061195095071, 17.67329958383971;
  -7.303772086540998, 0.9353320206341012, 17.62648453648795;
  -7.250548991841657, 1.234837872815188, 17.60481301617812;
  -6.143177830310996, -0.7792244914589354, 15.03004760297111;
  -7.266556910427501, -0.4045964635028692, 17.730365411153;
  -7.128595513322852, 1.006733662778337, 17.43103661025885;
  -7.12737560199566, 1.250960095923287, 17.47661246967209;
  -7.076406525420148, 1.378063743840489, 17.66621923073491;
  -7.051184672427685, -3.267014793274238, 17.57062538248104;
  -5.891847194623713, -0.8208510863747756, 14.88934671037946;
  -5.851904554941892, -0.9903693243556326, 14.88370270149562;
  -6.96801782388341, 1.327300702172628, 17.69791921569764;
  -6.642468979603676, -0.8598060109296903, 16.89990890941804;
  -6.953895974356496, -0.0708679975157539, 17.75145708604297;
  -6.300214263223674, 1.202382481734837, 16.32249148311971;
  -5.707101270669514, -0.8292654670006179, 14.86090720675369;
  -5.702260048076344, -1.050123760575857, 15.00122832604947;
  -5.617652941710006, 1.279754377788998, 14.85112818599561;
  -5.578054131243852, -1.083136365977549, 14.74053663945974;
  -5.698029239091444, -1.000225818658689, 15.05439191380402;
  -5.590731903112769, 1.081465263804352, 14.95509519576738;
  -5.529588885027748, 1.344760046060545, 14.81516174848639;
  -5.565182035920426, 1.198733685505594, 14.92206110023863;
  -5.455332046016306, -0.7687853994543199, 14.80687518472784;
  -5.617586643948763, 1.301699575420318, 15.29801242296304;
  -5.551569974344598, -1.072244951583616, 15.09600433842962;
  -5.422407310166518, -1.089653723422359, 14.88971202824328;
  -5.432383134372365, -1.018568116737826, 14.91896266850815;
  -5.402500196782537, -0.8427502865515808, 14.91511931892489;
  -6.496897520448158, -3.410888589274747, 17.71477526252606;
  -5.467161733219762, -0.7128369992194563, 15.09947569430036;
  -5.321251553613165, -0.7717964573042242, 14.84870873084742;
  -6.378736948677915, -3.595574524346888, 17.65962593278104;
  -6.358029842237832, -3.432927880411301, 17.72824513743624;
  -5.648645380225583, 1.35291300684228, 15.93226602828055;
  -6.147135285136216, -3.662223057285318, 17.26320055294113;
  -6.205736929388892, -3.274631216834344, 17.42769658484609;
  -6.164094301866927, -3.383888449500347, 17.46829927487289;
  -6.083686526453235, -3.163989926851502, 17.25845984031139;
  -6.02123008671271, -3.678818068314118, 17.13630076378732;
  -6.034981348888613, -3.422180780321886, 17.17285964224799;
  -6.117873768316676, -3.265336354662548, 17.4261121250324;
  -5.917459183562991, -3.839272108792524, 17.04416426597869;
  -5.923985919724174, -3.635034429974099, 17.12565627633546;
  -5.935512992581436, 1.204771299333465, 17.3775734845705;
  -6.08159608385538, 0.855898943367682, 17.91714424476615;
  -5.861975769754584, -3.554090675349198, 17.2386948025325;
  -6.151908331466366, 1.096000849127271, 18.14657838667121;
  -5.931726794095642, 0.871214090617684, 17.65544620264111;
  -5.937786561160083, 0.7684270745753208, 17.66772520379854;
  -5.916932949202979, 1.32950842604307, 17.63454718461899;
  -5.753101350842075, -4.00468171005768, 17.17330800989481;
  -5.871132244412943, 1.328521029455664, 17.71286727652768;
  -5.630192826683889, -4.030429115767993, 17.2067422631646;
  -6.004897995982534, 1.227223155136241, 18.6415912405715;
  -5.924318242109936, -4.218576261524373, 18.50554182066339;
  -5.606108942218011, 0.7825764437245921, 18.13386179433269;
  -4.264123875383083, 1.346684996783782, 14.14503158502766;
  -5.461944173944908, -3.261654871836003, 18.25764487862015;
  -5.801166979426584, -3.144445216492053, 19.87075834791593;
  -5.504643235057342, -2.089566232416568, 18.95659863803594;
  -5.840730741077, -3.342546821324218, 20.12960514715934;
  -5.5511397769554, -0.9189992434139123, 19.23732423600972;
  -5.696925141349518, -1.093532244281315, 19.71791088692324;
  -5.781133649662306, -0.8648833882589819, 20.36344225377751;
  -5.584347230068977, 1.017961471077642, 19.89916623891229;
  -6.007588214883276, -3.478619439277966, 21.2580981461436;
  -5.79396298020438, -3.465426625976057, 20.90630935729991;
  -5.634270985618417, 1.172662899319666, 21.89555296716259;
  -6.341020859586122, -5.707826402153036, 24.47756151380063;
  -6.248437451266046, -3.553790653063074, 24.78315561392229;
  -6.297534573023027, -1.041680060913256, 25.18943464893897;
  -6.122419454172195, -5.195289206834028, 24.44961882280703;
  -6.28319101014188, -0.9407099829595698, 25.47344929380524;
  -5.611002564079941, 1.43773589903085, 22.93291597212275;
  -6.208836187031348, -3.563163468700079, 25.18868500294355;
  -6.515557410697919, -3.88189391216796, 27.12128441286043;
  -6.024482927711252, 1.24187162908473, 25.29102340788596;
  -6.273911999418425, -3.463948904065508, 26.186039185703;
  -6.109677753493696, -3.521635648115281, 25.79420738888676;
  -6.466981765916906, -5.822510962960009, 27.74665401467136;
  -3.636923394520355, 1.409699604569674, 17.11529341409943;
  -3.944913404274896, 1.189122457308423, 22.76020184577586;
  -4.226100086247827, 1.091531138615977, 24.35333564999123;
  -1.424214235856796, 1.117708951954529, 8.844647911883344;
  -3.851466242441167, 0.8934453415816027, 22.59170478986491;
  -3.853235084474796, 1.071562043110615, 22.80239056967147;
  -3.580359052535142, 1.262479829375242, 22.08518637485901;
  -3.750549737395327, 0.9124058898138469, 23.45627623350782;
  -3.711125370992196, 0.7299311173960769, 23.56094896430441;
  -2.799144345454804, 0.9318054287772207, 20.85152552430931;
  -1.149654932079374, 1.124145600407376, 9.134758269339024;
  -1.572729963883225, 1.093696281913382, 13.76913176286999;
  -0.8363138199089265, 1.111825955637513, 9.240925698662247;
  -0.8530029071664875, 1.119802822876196, 14.11283008437303;
  -0.03964324866300489, 1.221355418651788, 7.360760445492352;
