m=[-12.60509248551935, -2.787336266435305, 16.21104320620707;
  -10.05349140323023, 1.048517527652474, 13.19632837315232;
  -12.65412660689209, -2.846573324537776, 16.43397129990282;
  -12.67805514903258, -0.3602012978983067, 16.55936505789107;
  -12.69065148095148, -2.117166975032667, 16.64009618656356;
  -12.77905117570148, -0.445089547079165, 16.78386855978011;
  -12.26692935154324, -2.505678804129679, 16.3860335613858;
  -12.59155315969628, 0.2562044824436852, 16.79543038999706;
  -12.29787796658786, -2.083973720898928, 16.50810665092763;
  -12.29360802041257, -0.1280010832482142, 16.62339355780948;
  -12.12230893838666, -2.86190751707701, 16.44222928247906;
  -12.07105914347607, -2.886853129669141, 16.56957040554654;
  -1.982043064928778, 0.5731394768211475, 3.616568874671681;
  -10.15240339791047, -2.035598106580249, 16.76612634768614;
  -10.03237130421216, -1.980727568433643, 16.69544906433475;
  -10.01037601051549, -1.913362455808674, 16.71211202243552;
  -10.1807697532269, -0.001549466737481942, 17.02351839954303;
  -10.02795656006229, -1.803078299454811, 16.88047001275981;
  -9.972688555998198, -1.698605633534321, 16.81000195863245;
  -10.04489042043564, -1.606093946059212, 16.94576238989013;
  -9.907270729891923, -1.245325944471425, 16.7796500273121;
  -9.669146380813855, -1.822120140626594, 16.4507501079054;
  -9.708948201494401, -1.825298939172787, 16.52260743252578;
  -9.690622274845405, -1.846281983833174, 16.82289972353873;
  -9.647349398740939, 0.2455571279976209, 16.7562711844617;
  -9.72468945546092, -1.237371282137495, 16.94595146758786;
  -9.337676678126877, -0.01392612514588452, 16.53951540548193;
  -9.234061058682574, -1.199536463633881, 16.49834420761442;
  -8.779949577982176, -3.570361255594351, 15.87177404422552;
  -8.887680306446155, 0.5191898305256621, 16.63249104474831;
  -8.506294065959811, -3.642383372302712, 16.10144189959049;
  -2.266448227208965, 1.022087132026189, 5.25377324090852;
  -7.82231535024613, -3.206946637825342, 16.92454610767984;
  -5.758273265542349, 1.498413070277238, 12.93085065307618;
  -7.626900838400649, -3.131471805784287, 16.87875251396082;
  -7.560949386544052, 1.47194738553513, 16.81781272090791;
  -7.553616887245045, -0.3150914345869983, 16.831730041663;
  -7.424851670716961, 1.192792777882243, 16.63073245815308;
  -7.489295187418181, -0.53152202594238, 16.82122072637864;
  -7.388410915660959, 1.463538864727201, 16.76543016407871;
  -7.390419097210244, 1.206642412505504, 16.81747764471023;
  -7.236676657965131, 1.3172575495627, 16.64613353763861;
  -7.274236179245882, 1.083975482407874, 16.76158297928375;
  -7.144043539997592, 0.9963432784963826, 16.73492134771349;
  -7.104402636908495, 1.295192208883055, 16.73861708502275;
  -7.124383776519093, -0.3159293609624988, 16.88928343617272;
  -7.063659167321073, 1.080900334491451, 16.75870255809402;
  -6.258229633593436, -0.6920003711049285, 14.98526033227167;
  -7.098319820697127, 1.329039521673394, 16.89176364584778;
  -6.960843831475592, 1.184102155197228, 16.72543468789358;
  -5.904579398967431, -0.7521355964270343, 14.43002496871307;
  -6.914896642069762, 1.428781839926797, 16.75567935250156;
  -5.863563251406414, -0.6889813901862776, 14.53137879866545;
  -6.843882327524444, -2.179088960227204, 16.81019807739171;
  -6.804981680426304, 0.01261359236947435, 16.87553727917307;
  -6.794027265352576, -0.1613843710812041, 16.85653315453024;
  -5.706167844216243, -0.7593290447373836, 14.37210325495736;
  -6.28621060354253, 1.280875708623006, 15.77095069411726;
  -5.626543279101735, -0.9663329408153192, 14.32291223856478;
  -5.614266927584009, 1.349622960909501, 14.34222678022793;
  -5.62906694871181, -0.9191506734669508, 14.39424376701266;
  -5.674246152659405, 1.217714934570884, 14.50689869227665;
  -6.598119970336551, -0.4494436521684712, 16.77439626436224;
  -5.634806303830619, 0.7350087989050409, 14.51994489432505;
  -5.586585190190877, 1.153896181594689, 14.43861962912597;
  -5.562885191633288, 1.424005815967332, 14.39001183348582;
  -5.545701240116157, 1.35915898080244, 14.61226864689072;
  -5.424345445197775, -1.023017831175592, 14.40397057468019;
  -5.450476104831573, -0.9479998180806321, 14.47233741037046;
  -5.370893692463662, -0.7679465091910143, 14.35711790894344;
  -5.352517820648296, -0.6284605682529774, 14.31383147776057;
  -5.417695417141605, -0.7144766568238522, 14.61905508859353;
  -5.826923351760414, -3.253887009099922, 16.46048180441588;
  -5.916244298447088, 1.288195171173927, 16.8041152193813;
  -5.907818951737381, -3.498094063428633, 16.89265951738891;
  -5.927310747997272, 1.138265492530302, 16.97535292388533;
  -5.809358727993125, 0.83352616886353, 16.78213891987198;
  -5.775290875520914, 1.380551618937091, 16.70469937442833;
  -5.772372121378107, 1.394958220823173, 16.90157978042979;
  -5.320564835827702, 1.169700301193036, 16.05335866989647;
  -5.36183226142597, 0.8349147574271283, 16.82896185255631;
  -5.349571264754982, -3.294806548484293, 17.1898259907185;
  -5.659651927021151, -3.301240313990074, 18.43519411094967;
  -5.628055519185883, -3.143846423263681, 18.36864613842177;
  -5.668680253005069, -2.984490114604891, 18.95234866282046;
  -5.5037966603652, -1.998854960142777, 18.45607328394983;
  -5.503480484642027, -0.7283497485146983, 18.89486623033753;
  -5.500641673261356, -0.9568189886727748, 18.92435891311012;
  -5.793563191049793, -0.8817902831958099, 20.27907848252102;
  -5.542989269031008, -3.228136837453859, 19.57296111467805;
  -5.337448705481733, 1.022610216659563, 18.89081727621718;
  -5.347420176010053, 1.227751455862551, 18.93957532195669;
  -5.275627905622772, 1.067638077484167, 19.02307277628696;
  -3.496420643604599, 1.358730683792181, 12.96129992883411;
  -5.698256388311124, -3.278056846634697, 21.15557646903196;
  -5.724187464273459, -3.203300465796507, 21.31062528520956;
  -5.681409068614273, -3.254949276895513, 21.51325906008015;
  -5.765082014181365, -3.213853764857303, 21.9487494626594;
  -5.50123835604203, -1.967923284017367, 21.45117189812946;
  -5.418700701102446, -0.7902452802818172, 21.20104481676742;
  -6.282803642341446, -4.038123549725317, 24.50690704283525;
  -6.368084400729099, -5.286172412483708, 24.91787189553788;
  -5.167663357881088, 1.428411303473815, 20.5908529162503;
  -5.841791890939147, -3.246995323501937, 23.22891711690557;
  -5.812925256768285, -2.065890734360615, 23.3022179924291;
  -5.839599561189963, -3.368524074218272, 23.85734551928931;
  -5.547511275184982, 1.099670578987502, 22.7193593525579;
  -5.674283152680121, -3.014285774004306, 23.23910842360112;
  -5.520932109293419, 1.263579509382806, 22.65872222459443;
  -5.611115688120352, -3.217401221707622, 23.93079152494608;
  -5.935252418236203, -3.271880796103557, 25.54987397937701;
  -5.615141588257612, -5.731820760417717, 24.51003884745094;
  -6.042995779631901, -5.543894880670327, 26.33842631984897;
  -5.98129288822814, -3.251458539902245, 26.29464231705834;
  -6.047008046434136, -5.776491985742291, 26.76687525708315;
  -5.827279996608016, -0.9861437939276899, 26.13401042715554;
  -5.90589437263064, -3.248516556792282, 26.49827730539165;
  -6.072288292039867, -5.192957737804726, 27.30991050951026;
  -6.045565902735873, -6.10174416427786, 27.42833174539317;
  -6.647021370949579, -6.498309947121851, 30.08834680057787;
  -6.156913286067792, -3.266165393729309, 28.3793173830863;
  -5.021222938384938, -2.411105785046276, 23.61110145946424;
  -7.40813460703178, -5.830015637511812, 34.58710674233004;
  -3.297693183747547, 1.401285891087611, 15.98141246684647;
  -8.396469056307524, -7.438199024432394, 39.42623434926634;
  -1.948443561008435, 1.190847918797199, 10.01808448436593;
  -8.983420998587274, -6.279245807074909, 43.20412303913273;
  -7.903907892376257, -5.62814799658415, 38.19835226162766;
  -9.497884279183934, -8.463818819378131, 46.21818494559349;
  -4.669647263634257, 0.9054053738643535, 23.28250595212886;
  -6.311521876878991, -3.955772370336426, 31.70280815027349;
