m=[-12.50152671241282, 0.1957554204832448, 16.16391274836699;
  -12.61235250188151, -2.194558514144473, 16.41446912543803;
  -11.9543839635301, -2.919614525428649, 15.91141025895164;
  -10.04792460941143, -2.062383526849111, 16.09603249154516;
  -9.925038476193972, -2.009849048521865, 16.02145096320914;
  -9.966213198887571, -1.956016849637946, 16.13828200063224;
  -9.952960457339524, -1.740400662421247, 16.27053603033304;
  -9.919033066689847, -1.537114336813459, 16.24017993097402;
  -9.873594221874098, -1.343396194106676, 16.16723032042968;
  -9.819639043426188, -1.286158044620129, 16.14015867355419;
  -9.604509158781376, -1.882696195929922, 16.17745571384371;
  -9.630262314392905, -1.275241629412071, 16.28502696577131;
  -9.293024374897877, -1.425122714270971, 15.94605755678261;
  -9.120462632663124, -0.05944520125125698, 15.66996114009974;
  -9.2151978060076, -1.247532233036237, 15.95905888584301;
  -8.947307089189559, 0.483555251494201, 16.04622563879583;
  -8.388389859475675, 1.517725567971205, 15.74081565906894;
  -6.894836743249675, 1.522200955320994, 14.04940662760892;
  -7.388818764313923, -3.081040682027617, 15.89190661682239;
  -7.380741341128439, 1.397574348496439, 15.91777730509124;
  -7.34796999440974, 1.134390353523841, 15.92832458957742;
  -7.404898125389783, -0.5672696412999037, 16.12551753151893;
  -7.308234531952818, 1.40655746900525, 16.06761830711087;
  -7.283558121428703, 1.146245099525518, 16.06338329744943;
  -7.172998320241534, 1.026323918025711, 16.02228048506003;
  -7.116144515238252, 0.9529845975655583, 16.15419881747656;
  -7.034590524876542, 1.240606685288769, 16.0620067311218;
  -5.882204436807821, -0.6720432384240821, 13.6402933681451;
  -7.089758644930361, -0.3458667399414734, 16.29609812428344;
  -7.015890733481907, 1.033645033857926, 16.1268841161771;
  -7.054874038549108, 1.279280140547428, 16.25958425162617;
  -5.8488012694968, -0.779619199242427, 13.79553048158928;
  -6.929669335741332, 1.138975391309175, 16.13190312996603;
  -6.758291758414738, -3.095083102992209, 15.90044057252184;
  -6.874596163142644, 1.3802972954801, 16.13917237885122;
  -5.774359747638745, -0.9922829534434695, 13.80267323866928;
  -5.874956504580821, -0.7217195708142316, 14.05226693117776;
  -5.799073794291626, -0.7662057754407941, 13.91104300953627;
  -6.84220653721315, -2.218731098326076, 16.2966906077665;
  -6.780073641324203, 1.338199991084866, 16.19885499666987;
  -5.760144499738241, -0.8002082998688845, 13.99919997455964;
  -6.773891571234731, -0.02292088846143669, 16.2867043396111;
  -6.758605067179631, -0.1987488414977027, 16.25947504420925;
  -5.596932834921634, -0.9953608723841221, 13.75471059387837;
  -5.633144770110873, -1.05594746837059, 13.89092656086852;
  -5.579896440919296, -0.9458642233479467, 13.77496340413074;
  -5.617287983939662, 0.6947841996977637, 13.96157204165232;
  -5.545893098281156, -1.005520173654399, 13.86122352290063;
  -5.692599278675965, 1.056350160441785, 14.17043001579031;
  -5.586254279034311, 1.107843253397592, 13.91613501343173;
  -5.582295410739716, 1.396391667923257, 13.92160837090307;
  -5.541624532820512, 1.234727355434262, 13.84118937309995;
  -5.507277008864107, -0.7357735674808231, 13.94831130836973;
  -5.441495915594488, -1.015419020779405, 13.82999345934323;
  -5.461479676352899, 1.303175186808481, 13.87191106184459;
  -5.390581900363124, -0.9732940559992649, 13.82599896481429;
  -5.427935975340638, -0.8078463258618823, 13.99208684195015;
  -5.380780338199865, -0.6632082616819633, 13.88412815038504;
  -6.111445312360829, -3.177491120395576, 15.75481583130877;
  -5.729339583559111, 1.41713341843388, 15.11116767311231;
  -5.964573734049914, -3.068692249459874, 15.97485034784598;
  -6.0174744361645, -3.378409422051858, 16.16503631507366;
  -5.965823192691387, -3.146911086889717, 16.04779642857424;
  -5.792324228834031, -3.51715898926529, 15.80401657995638;
  -4.988519569461459, 1.415039213639787, 13.79734078333274;
  -5.952861350900367, 1.260993625125789, 16.38178809717802;
  -5.858314599557795, 0.8636872648047087, 16.24626408571251;
  -5.774754808340923, 1.074948652699365, 16.04432243093965;
  -5.820095402409094, 1.28652175573956, 16.16804826399166;
  -5.77683202959956, 0.8003090148000958, 16.1763627838138;
  -5.771987582604767, 0.8942820870989757, 16.16238036699709;
  -5.758095688797173, 1.341294658270993, 16.13745613149544;
  -5.694003313064478, 1.334658988301759, 16.15609923815505;
  -5.569696337341139, -3.136921629256142, 15.97195749240241;
  -5.19151973219434, 0.7718308413664241, 15.82013677624803;
  -2.514371389932075, 1.33916545382699, 8.178696702280428;
  -5.184801443193801, -3.235799062798605, 16.20455041799093;
  -5.640450672766959, -3.331842769376005, 17.87194029355493;
  -5.567202888923943, -2.972566190810607, 18.13115884899803;
  -5.3499498565383, -0.8326615047631717, 17.54849761337563;
  -5.400022641539462, -3.184034906220089, 18.57648349354966;
  -5.271525760911338, 0.9708003663665751, 18.13498485818914;
  -5.272041997249488, 1.151419084512318, 18.1469193299931;
  -3.548923451800204, 1.349987096808054, 12.62739678823047;
  -5.157899811074385, 1.131661908688981, 19.02538804121111;
  -5.590061374516869, -3.111371505952522, 21.24559529013008;
  -5.195338306265597, -0.7911027028325049, 19.86158997594499;
  -5.430299515211229, -0.7412017739316942, 21.04659305063471;
  -4.98225297875652, 1.341664427248135, 19.36316511391792;
  -5.52938968166413, -3.111847391090872, 21.52517196226362;
  -5.47435340683754, -3.199080507534462, 21.92402721339558;
  -5.467372456342313, -2.951929668787894, 21.91283459589525;
  -5.293803375513583, 1.163574327545494, 21.20533698784312;
  -5.7472509376535, -3.255237329125128, 23.32877198473241;
  -6.022737128900333, -4.403939437638074, 24.72425240394414;
  -5.83139077804129, -5.185633511792666, 24.14064262066287;
  -3.283456491325136, 1.32424975281062, 13.92480143288138;
  -6.094100463126716, -5.651735172673316, 26.07038851710006;
  -5.582355666327761, -3.11678938739357, 24.57845585335813;
  -5.606005106240142, -5.531306278973005, 24.95816573997028;
  -6.011755042873055, -5.159144716875832, 26.97462989710441;
  -5.423150683018058, -2.915011983565822, 24.53295448554573;
  -1.966599422064666, 1.183736338208253, 9.595685967443329;
  -6.591439354161594, -5.240866050654321, 30.31828957320519;
  -5.249515370920854, -3.027608505868768, 24.66229487262197;
  -5.728552917579778, 0.9290998656543318, 26.8767495107058;
  -5.68365838075846, -3.139316899406595, 26.91531951543997;
  -7.991628627888117, -5.653835914255386, 37.89981511036529;
  -5.768799794756643, -3.161468691011437, 27.81871768786937;
  -4.691112996873921, 0.8687420078368898, 22.81294062308597;
  -8.65388749095353, -7.7990837122466, 41.66207768598015;
  -9.087434441042975, -8.028811434210251, 44.36263862420192;
  -5.77955538960308, -3.291448718732104, 29.07093900712534;
  -8.177062470847718, -7.155987488075092, 40.89880148159431;
  -8.42091453631333, -7.760348484187776, 42.49865201821796;
  -8.380738148783236, -6.26240177598903, 42.48203170384579;
  -1.606536016671746, 1.301211959196327, 8.917013488788994;
  -3.581829644703687, 1.14221358747639, 19.59937313656307;
  -1.966109898980156, 1.129169307527425, 11.20798531273346;
  -5.489498493673028, -3.787642230775072, 29.79902395964401;
  -5.873321551749651, -3.272841337060515, 31.92850750975196;
  -3.469350363972856, 0.8758795912589075, 19.31840671754116;
  -6.577719069072768, -5.417680184842779, 36.18690507167086;
  -3.438802341662254, 1.022163191176159, 19.30887410739018;
  -7.150278380758844, -7.007542454311913, 39.700756495898;
  -3.289799852480011, 0.5598699403314892, 18.9031390886417;
  -3.271780966053425, 0.9045651818976395, 18.85960719679757;
  -3.228377314162466, 1.20619231914827, 18.87906228905934;
  -6.392354491330567, -5.574270618685213, 36.87978862339087;
  -3.2767824634747, 1.068454686812701, 19.26331662515932;
  -3.182239300662038, 0.8485792043110468, 18.92439626267307;
  -6.438876682039766, -6.177756200571778, 37.91546105604616;
