m=[-24.28575329320799, -5.465882853629701, 30.28176544115877;
  -20.27011825443834, 2.014415390886017, 25.57656304553247;
  -25.17772735702344, -5.786427165928465, 31.69054370731433;
  -20.58832308172611, 2.6967853571284, 26.06701213787499;
  -25.4784015870142, -0.8324154008577015, 32.24027585860993;
  -24.95585660352976, -4.53594534621593, 31.70999208134487;
  -25.21228387124988, -4.325125951273896, 32.04887210595953;
  -26.00482940126223, -1.026152310924134, 33.0882836572439;
  -25.13686845752132, 0.3936061864866742, 32.50084232601174;
  -24.26226299497702, -4.22165141832946, 31.57635871538609;
  -23.92261758159144, -5.842611546573088, 31.84125455313783;
  -23.23584379436228, 3.134738198333229, 31.20223457277514;
  -23.58514188854336, -5.521022817759367, 31.96253116399588;
  -16.42574512054339, 3.253397366795026, 25.19700901552016;
  -19.91233686697786, -7.38921534029261, 31.5601764368888;
  -15.38973443983702, 3.295929970266667, 24.76044510468786;
  -20.27965285614418, -4.162493610029208, 32.48650482349449;
  -20.01951067322, -4.054008916434368, 32.31640958649799;
  -20.0154210389964, -3.928322626014541, 32.41095716523167;
  -20.07663589349781, -3.510652991941432, 32.82014723892019;
  -20.12157190722659, -3.316599774313333, 32.933696469885;
  -20.09276408673209, -2.733811233947566, 32.9003134486316;
  -20.44445237453498, -3.168198013043312, 33.47318059334572;
  -19.51258723092087, -2.555722356739959, 32.07208051598047;
  -19.72419170555444, -3.817193226219732, 32.51487123830606;
  -19.35391996330554, -3.793796318881403, 32.5989780341234;
  -19.49512526308828, 0.3981614990188385, 32.82227434339512;
  -19.35827416701511, -2.563427275958495, 32.73535097268102;
  -18.79445907572298, -2.88220599136687, 32.24972991350487;
  -18.35497417507481, -0.1196337486095645, 31.53587089112087;
  -18.20831113169194, -2.638403743648507, 31.5445375791163;
  -18.66482863301693, -2.526801467962662, 32.32411343946362;
  -4.740316905116337, 1.793569946320135, 9.133852956816595;
  -18.23653783886831, 0.9855896923122419, 32.70566195123463;
  -4.735684872454104, 1.763811134205977, 9.262799527065987;
  -14.22835241008904, 3.205839742375798, 25.95409506503204;
  -17.28223387789954, 3.12690381200115, 32.43011617320523;
  -4.806618322206402, 1.973105600902425, 9.805085272091656;
  -13.10762051064229, 3.103331116300532, 25.44083038355153;
  -4.659934614898774, 2.1941052940616, 9.723510423537418;
  -4.665861808840298, 2.081728310029957, 9.805156411485942;
  -14.07163143729963, 3.1066509062384, 28.67335070261407;
  -6.63471380252735, 2.948981875820308, 14.25319991208925;
  -7.354878315476758, 2.999194522061174, 15.71122341929809;
  -15.97207466276481, -6.6530064823819, 33.54292489732997;
  -6.645939988796081, 2.986596704874136, 14.82105487994399;
  -14.96899267983337, -6.241873956671965, 32.19538080494498;
  -15.23803403360143, 2.885385695364457, 32.8633156350639;
  -15.63411190565564, 2.413617059566213, 33.89034104555621;
  -15.38970435232361, -1.17896450698228, 33.51389082415287;
  -15.15233962555131, 2.916249660576849, 33.3133821169276;
  -15.0758068680429, 2.372545046774152, 33.24864855917307;
  -14.72939022657433, 2.598286180834252, 32.83064803834535;
  -14.7173510607556, 2.105781812468893, 32.87405296430931;
  -14.6284959993884, 1.959028704815418, 33.20781811959434;
  -14.4653552733749, 2.551081885116689, 33.0285939099623;
  -14.63963775905103, -0.7141799938800048, 33.64980183014451;
  -14.56985932747695, 2.146564607396758, 33.49060609537338;
  -12.25240088402086, -1.399839678648776, 28.41219551574472;
  -14.86203223924075, 2.694974082874828, 34.25298085038761;
  -14.32735327077104, 2.354874671123898, 33.35331945505513;
  -12.15085297252894, -1.381590560046484, 28.64035451553081;
  -12.28203176976277, -1.637140215953398, 28.96955048537454;
  -14.21641199456749, 2.854404035067274, 33.37521482632172;
  -12.10917069200471, -2.080875488044715, 28.94501443581833;
  -12.26457033455068, -1.506663144003044, 29.33553908066034;
  -14.27471623833879, -4.628880561486601, 33.9993586549375;
  -14.03754950969442, -0.04749900455299917, 33.75097107959354;
  -13.96764471619129, -0.4107435155924824, 33.60258047805493;
  -11.92578297836439, -1.656748458681187, 28.98389454898385;
  -12.968555030758, 2.559191963434653, 31.46257180538319;
  -13.15790205739554, -1.279715773041777, 32.03377583631689;
  -11.62299398661156, -2.06703810380656, 28.56402305254198;
  -11.83282573108135, 2.770278280611503, 29.12010671239933;
  -11.67825412453519, -1.97961429652332, 28.82984028339922;
  -11.72145865722114, 1.449789345985451, 29.13327391152678;
  -11.5874988255478, 2.297985690664765, 28.86606840105754;
  -11.5563710626367, 2.890785792570043, 28.8202720001782;
  -11.44124281106615, 2.549219167650622, 28.57653157006372;
  -11.98501587998428, 1.998015080809633, 30.15144677703863;
  -10.58652823867947, 3.051041381332726, 26.80150792607289;
  -11.55992717395295, -1.544409123221523, 29.27789226233873;
  -11.67947105750928, 2.786863227395156, 29.66532759622922;
  -11.98730546930169, 2.4455517032786, 30.48858020487351;
  -11.16930030941208, -2.167412011615351, 28.64302561261211;
  -11.23858291195773, -2.029177210966134, 28.82520636524232;
  -11.45179995912508, -1.704385343436899, 29.52035179719738;
  -11.19881883454604, -1.380310792362741, 28.89652170484262;
  -12.8226136353436, -6.66679302261945, 33.05566948169715;
  -11.41953077351321, -1.575150387402868, 29.7450172633961;
  -13.08267121136765, -6.825733736116829, 34.6980825121725;
  -12.30716476520982, 2.607024655454982, 33.86831195559915;
  -9.472413366668903, 3.070214923375338, 26.40720929285847;
  -12.20947356243629, -7.324159629633185, 33.90222166324799;
  -11.95781570320071, 2.225901931077115, 33.22306436886196;
  -12.2444411424406, 2.706611975828077, 34.01468561402623;
  -12.02999279308183, 1.666607516187544, 33.68654769784722;
  -11.89759433450401, 2.771433576241769, 33.34382007873404;
  -11.84210248814178, 2.775756819446388, 33.60064483064955;
  -11.55731783930624, -6.509223862573217, 33.14237941806793;
  -10.18637001355584, 2.17219082204256, 29.82250827593489;
  -10.53639213159852, 1.566460848346021, 32.10758568755687;
  -10.77888705249282, -6.727029569908369, 33.68827535743701;
  -11.84374150950342, -6.99615807320576, 37.5272568435222;
  -11.46478061919843, -6.489873170768546, 36.42446015994337;
  -11.5395732597202, -6.161468517066473, 37.58185932793929;
  -11.4133421056593, -2.083726986044909, 37.44255011116791;
  -11.20963398575974, -1.553106215252391, 37.45421447486726;
  -11.47541357743934, -6.766289665678579, 39.47628464798164;
  -7.390668746878037, 2.811361693362779, 26.29668068773467;
  -10.23808800956708, -0.7427875424510656, 38.21148163643567;
  -10.43745750925249, -1.589328809696758, 39.90202162390678;
  -11.91087992277547, -7.75422820624711, 45.56064608019658;
  -12.6259138929508, -10.58342666502339, 48.41277940350978;
  -11.18707415805146, -6.295896932009206, 43.549778342658;
  -10.87081715373941, -6.352644170554015, 43.53611712622543;
  -11.28074224151827, -6.090669325090101, 45.21240153861611;
  -11.81245571055513, -6.690563400618757, 47.94815622994202;
  -11.76947744477595, -10.46614760988771, 48.72298215653503;
  -11.29018113773229, -6.323365328774425, 47.67560191923593;
  -11.86834533420438, -11.00683278403666, 50.77244390537485;
  -11.08879160827975, -6.191190613700316, 48.82264608383157;
  -10.94572481640865, -6.648816827347627, 48.38129077781245;
  -12.53232093300784, -12.3653304185702, 55.7944092138524;
  -11.99026667180512, -10.28976072920841, 53.80009723166603;
  -9.940643427431139, -5.735788142319072, 44.88254918025757;
  -4.14858648313353, 2.497118893246202, 20.24231912929978;
  -3.492069626520968, 2.8283976911946, 19.38259188735028;
  -0.4352564164904855, 2.414966561105722, 12.70564925926746;
  -0.3537921428446298, 2.396068818252403, 12.63028759601975;
  -0.17494762537473, 2.347588658891623, 12.42207665164368;
  0.4066687744603309, 2.249410037470764, 11.5631964919247;
