m=[-12.20784596154006, -3.060754455326542, 15.71159022782393;
  -8.99380801545222, 1.615795273829783, 12.08854606840785;
  -10.21807535535921, -2.172815294249194, 15.83723468709594;
  -10.2009913686372, -2.13523929971765, 15.92812090181071;
  -10.24467784881782, -2.088024467226615, 16.05014521065613;
  -9.93097261417989, -0.1231973968105611, 15.61170015487494;
  -10.15156895480626, -1.634158562456452, 16.09989824152404;
  -10.08018589498135, -1.393330768555368, 16.0287490293146;
  -10.24175443953515, -2.05907078113932, 16.33589948671997;
  -9.828618329553111, -2.006828261847019, 16.02024939211359;
  -9.82463529432982, 0.1226599461922735, 16.02800949357481;
  -9.85027309057438, -1.381583612817469, 16.12557673224629;
  -9.556785586742299, -1.922510647547023, 15.81433381891986;
  -9.482364547002012, -1.527818265076332, 15.74137197140481;
  -9.576175231513474, -0.138155394200335, 15.91796146625585;
  -6.868969386152807, 1.489780077229377, 12.04556460841104;
  -9.242490521742573, 0.4797809052246898, 15.89401982657604;
  -9.136949752241003, 0.4155453954035983, 15.87748898771711;
  -9.082019074297373, 1.432375175605162, 15.87935002842061;
  -9.126353070173892, 0.406022745264215, 16.03608637281299;
  -6.884656596428733, 1.454634598877317, 13.53777957854218;
  -7.60758069907112, -3.253716114999829, 15.46339193063429;
  -5.897992861776998, 1.442435369606621, 12.21938149582992;
  -5.830157562044028, 1.444290313065675, 12.25593918091036;
  -7.772815419514796, 1.390730885229877, 16.25163224518709;
  -7.429268163252868, 1.071531441386771, 15.6271581054243;
  -7.52102151839979, -0.6522172722288464, 15.86695164438524;
  -7.446900394006464, 1.352611812640467, 15.87909516331812;
  -7.395129523733221, 1.084409951322054, 15.8143460857302;
  -7.374187594297192, 1.218565584360403, 15.93098872782557;
  -7.415882652327108, 0.9782718034993316, 16.05340814836292;
  -6.038340175232889, -0.7548734155749658, 13.47825825345035;
  -7.229202906892295, 0.8849840761885278, 15.90814747663073;
  -7.378390319626879, -0.4528892222218072, 16.43442425925609;
  -7.25324849701659, 0.9840986388197124, 16.16704681226187;
  -7.070801737851017, 1.202449707632153, 15.81788101656818;
  -5.940192085145132, -0.8616587616391214, 13.4963080789297;
  -6.972327367925409, -3.272473177378515, 15.85092208663138;
  -5.857201414860097, -1.075075234207707, 13.48291993151689;
  -5.949797800340806, -0.7996952624728203, 13.71487386710009;
  -7.020927835070968, 1.328077835284261, 15.98552006858221;
  -5.872813648210605, -0.8880010031416703, 13.74789033613916;
  -5.728283388873064, -1.088818087343809, 13.54891009514003;
  -7.078669441994055, -0.109000821048409, 16.4949713710194;
  -6.276641325454503, 1.164655474395434, 14.73726289923819;
  -5.7087166015297, -1.035932364779008, 13.56850518791931;
  -5.859574822432818, 1.298610830846057, 13.91581997699577;
  -5.698664553508009, 1.061973194016165, 13.69411258899553;
  -5.659225694991185, 1.344529008598679, 13.61528495711643;
  -5.668916768374545, 1.196500555485438, 13.65562154273408;
  -5.256218551580803, 1.45022117679502, 12.80284266603072;
  -5.601123063677734, -0.8218623676333472, 13.66902950014651;
  -5.395884584707893, 1.217945228548616, 13.23476765777736;
  -5.507994582294823, -1.142226194592108, 13.59517267534461;
  -5.511199996452194, -1.065009221045748, 13.60784127407319;
  -5.477488132114291, -0.886130163411333, 13.60757866739382;
  -5.560496524995308, -0.7563427964162948, 13.81676978651828;
  -6.348053955988793, -3.385291366798388, 15.82185686406761;
  -5.476226388657357, -0.8278394259941447, 13.75127732529137;
  -6.310744147661146, 1.336820893870126, 15.91611359431928;
  -6.099918341099922, -3.263158169618416, 15.66299776652112;
  -6.132382818110282, -3.518119610356768, 15.92928668037417;
  -5.953888975381966, -3.442650266184439, 15.76378346044844;
  -6.097746935650562, 1.208651930950554, 16.27854483849347;
  -5.9522014371913, 1.021594418709954, 16.02724613804999;
  -5.864417293892355, 0.7259651006664796, 15.91885883757853;
  -5.86888598487021, 1.283608916651706, 15.947160929771;
  -5.774118416140113, 1.270784670104206, 15.88884222629956;
  -5.570487931335514, 1.097551260307008, 15.74036213122476;
  -5.420120595481127, 0.7254518715920175, 15.98505053409788;
  -5.773221687318829, -3.322280988349657, 17.65626059876027;
  -5.553917462236401, -3.366684687928641, 17.07049389479963;
  -5.550729475829612, -3.23397371676586, 17.09883617452051;
  -5.6533977817123, -3.111113651352665, 17.8654582077724;
  -5.375780121987318, -1.074068507549677, 17.1293713357424;
  -3.895007173754631, 1.3565065069742, 12.68259597866899;
  -5.500482857721351, -0.8583612218726131, 17.85275806802764;
  -5.310971045792777, -3.227579794466421, 17.75662296114009;
  -5.76833478499167, -1.030219227301375, 19.1586788302651;
  -3.630705677937435, 1.317274849627272, 12.4129142619143;
  -5.345204011462449, 0.8896616546210309, 17.89188065554152;
  -5.382849076159666, 0.9622049328766027, 18.37697265291945;
  -3.350289072745743, 1.251327062314924, 11.92789832169323;
  -5.665406438849302, -3.419675055007702, 20.00490097481841;
  -5.630772343190824, -3.380453471688127, 20.28295116679858;
  -5.628306546115447, -3.294719592159001, 20.40533628995105;
  -5.480880185091595, -0.9444443822925859, 20.38750484355891;
  -6.518567965431287, -4.371143402985638, 24.31757580350022;
  -5.540688130039899, -0.8695674672144496, 20.95460486110278;
  -5.341882992990975, 1.324185718267781, 20.2186142066703;
  -5.724959151105779, -3.341352950848303, 21.72096738619378;
  -5.534455462968939, -1.095808502603675, 20.98585648772936;
  -3.58917095790683, 1.355446540457146, 14.24586046434339;
  -5.447571930921544, 0.9146841519768141, 21.27961082863568;
  -5.392129264424352, 1.062621419152113, 21.09682640988107;
  -5.657323061432048, -3.329289230849096, 22.43865468069221;
  -5.997301011923637, -5.456079548736017, 24.23559655037527;
  -5.700338921514021, -3.432516087028943, 23.21642006196354;
  -5.643120548225895, -3.285069977457818, 23.27194645688853;
  -6.470067766504513, -6.139226674180163, 27.04577048059786;
  -5.842185785587452, -3.338944159008495, 24.60545056363126;
  -6.227136305693345, -6.157131157773483, 26.47089560466158;
  -5.622145506048489, -4.305275102133773, 24.03489187334996;
  -1.891198627308998, 1.174330295687522, 8.730684139712796;
  -5.715810474721086, -3.331713773879474, 24.60651831320451;
  -5.618829748646886, -1.128907760277816, 24.16266701645496;
  -6.004147758076788, -5.336826663415052, 25.94742147830859;
  -6.156157552671649, -5.423188426448058, 27.02977634157715;
  -6.494370891158212, -5.008449787646646, 28.48330362135104;
  -5.702063999931443, -3.208059150815229, 25.26424752858487;
  -3.307176187260724, 1.293670558108728, 15.00458941067437;
  -5.538520254863249, -2.822875634320661, 24.84534699641031;
  -6.72058279294093, -5.492407882593491, 30.31630753833235;
  -3.106832478656509, 1.204592837949593, 14.50607983801507;
  -7.879402814754219, -6.869861950632547, 35.77155386256429;
  -1.967170740623197, 1.069605478949116, 9.630599522749854;
  -6.787465001934289, -4.987393794187328, 31.76306398545549;
  -7.39919177160919, -5.529275341204353, 34.68558740263563;
  -5.878764446645435, -3.374880887702406, 27.77481369745171;
  -8.888580742355359, -8.240573582209683, 42.1465642627381;
  -5.771412956924902, -3.349111814537668, 27.7780686195202;
  -1.556428359754718, 1.227751493642668, 8.210760307917981;
  -5.651678754424579, -3.141368434648922, 27.73416213267779;
  -5.757921905019386, -3.436340174359725, 28.4304361217627;
  -8.650097091210039, -7.786660627967796, 42.46060255256358;
  -8.313344430746181, -7.902820520714146, 41.39298931855346;
  -6.601416109232615, -5.12767411866983, 33.09834188980663;
  -8.320587187855221, -7.73402723361813, 42.08928747989314;
  -2.038070872600605, 1.113148886917383, 11.09575236271467;
  -5.876172627601096, -3.86649076697896, 30.31172381443079;
  -3.461164565116279, 1.005396441352394, 18.51501990574544;
  -5.484251115085962, -3.947577735554791, 29.18844893616917;
