m=[-25.72173010689898, 0.257740098643421, 32.22816567631399;
  -27.35423432929417, -4.914145400751964, 34.42305171408056;
  -24.48166355556857, -6.037124505178305, 31.11321180950057;
  -24.61172170910762, -6.170657551850771, 31.67547227520515;
  -16.96524026063229, 3.245448202117789, 24.99496352452342;
  -4.506738924917984, 1.596573109649669, 7.673621720983059;
  -20.70728561852457, -4.40328587621136, 32.09470772803588;
  -20.49973461921064, -4.290939714672916, 32.00887439957155;
  -19.85574928008227, -0.2463179305858267, 31.21366014728629;
  -20.5983845508038, -3.755838212907154, 32.59525010991791;
  -19.98945894892741, -3.217822352947302, 31.70231679591594;
  -20.20085546649854, -2.891894718953395, 32.02674924877614;
  -20.65638141767197, -2.855222323884629, 32.84621504475481;
  -15.23377036351425, 3.012344552849272, 24.92519820236527;
  -19.88846425224056, -4.060869067030427, 32.41739038629621;
  -19.6981308274741, 0.2459299093555975, 32.13573007546131;
  -20.01626754949474, -2.80744980183483, 32.76801112970235;
  -19.26363829801832, -3.875209860291436, 31.87699502585959;
  -19.17206092909025, -3.089042265927364, 31.8269289318415;
  -18.93867466310925, -0.27322808955118, 31.48074113318871;
  -18.99238985901616, -2.725204244496997, 31.82685508853234;
  -4.744848892674603, 1.916030580892457, 8.667601775389294;
  -13.55188901979331, 2.939208654971067, 23.76486858174288;
  -18.34921933677743, 0.834516311395756, 31.88586299070246;
  -18.94329499771411, 2.987651234479523, 33.12118258060401;
  -18.31306230529939, 0.814730678751901, 32.17822569655321;
  -16.97309232235024, 2.919462322343575, 30.87125581442933;
  -12.69304077290304, 2.891960208732319, 23.66189022326468;
  -14.10364231278618, 2.979908408069464, 27.73297378174853;
  -11.6792134471149, 2.856312471057847, 24.19683577550585;
  -15.33617081857619, -6.548505787843388, 31.86389053844524;
  -11.46814081742966, 2.840973767041674, 24.10789672162073;
  -15.33238028254778, 2.451888372103081, 31.94830378643403;
  -15.03194287829981, 2.689551481356007, 31.42923051735573;
  -14.52826816650368, 2.095427946228699, 30.5596108051307;
  -14.97217406367796, -1.298375560189222, 31.58650208598819;
  -14.8058007882841, 2.689239815528171, 31.57054710648646;
  -14.78691820545111, 2.168330006920767, 31.62154784333488;
  -14.72100770122955, 1.941932933457394, 31.86705562403603;
  -14.59763985341269, 1.787012895694025, 32.12268497505199;
  -14.40833733961619, 2.376968215972684, 31.89194394630486;
  -11.89617335292119, -1.487181038263576, 26.55360447166295;
  -14.52308560269975, -0.8914341283045631, 32.34832260274507;
  -14.22486709420029, 1.929986591601234, 31.70635782087607;
  -14.08035752670819, 2.394484023036991, 31.49875053573495;
  -11.7664278069623, -1.706787502447499, 26.73370362355353;
  -14.11615852499673, 2.15597821315238, 31.86375421595748;
  -13.88867773675243, -6.518673459289968, 31.57458579818504;
  -13.99904294523489, 2.648057220854633, 31.87356246907423;
  -11.64833668094307, -2.138024185684285, 26.81375962350407;
  -11.88649167266007, -1.597629263553192, 27.39954188082331;
  -13.84936556658438, -4.652216343063383, 31.93490491089826;
  -14.06618412260997, -6.71525325603344, 32.49505191532501;
  -11.81289124454015, -1.78617267693336, 27.65324137811848;
  -13.8663438580343, -0.2135207580818365, 32.31185561541842;
  -13.89510004630766, -0.5756324470537926, 32.38910785615714;
  -12.65247574288819, -1.442860125294707, 29.75869272434974;
  -11.42452240112386, -2.171545258003616, 27.02202673726178;
  -11.29264683098475, -2.049220368217527, 26.84041752405424;
  -13.03821804281302, -1.155993951633063, 31.13147535816064;
  -11.34801224824212, 1.264249336130418, 27.20470022681613;
  -11.28988741634928, 2.103924118896027, 27.13003861604707;
  -11.33390412523963, 2.692729305803849, 27.26774697788678;
  -11.29019047658358, 2.382945407159688, 27.19647766813352;
  -10.27816240820986, 2.835804606800756, 25.03505037260042;
  -11.1194866213681, -1.631581291396299, 27.13609198119737;
  -12.07862390802268, 1.88479059318304, 29.36682678120976;
  -10.74689628646692, 2.425761865052531, 26.3594732542486;
  -10.97947097412099, -2.121722644282635, 27.10968543789231;
  -12.34114458965383, 2.339393716329724, 30.32951437783988;
  -10.91438299559007, -1.765693280230424, 27.1143125528288;
  -10.9819286085856, -1.493769945997538, 27.28799104805381;
  -12.16402102991644, -6.486831344475558, 30.31754313387345;
  -13.20049342955779, 2.796293909739358, 33.29251638315481;
  -12.07547416703656, -6.927643581862878, 31.36687573386888;
  -12.23641784424944, 2.425415520100133, 32.66634031261329;
  -11.40981886991438, -7.021950712950838, 30.6666086723578;
  -11.65079959645142, 1.999662136243057, 31.37162523947339;
  -11.72687581976141, 2.427899662411694, 31.60592864614076;
  -11.8971994817298, 1.472772346606087, 32.29474125407376;
  -11.82776150401493, 2.586899825575521, 32.13884485568988;
  -11.67937808648412, 1.67115086251262, 32.02212537637814;
  -11.62512217822727, 2.558490489368091, 31.98925252987517;
  -11.39334415509307, -6.570143939814781, 31.56572972603853;
  -11.00294486547443, 1.472680691336842, 32.44994767185414;
  -10.61451929412219, -6.77965769579717, 32.05881923282633;
  -11.40999516074975, -6.916533466373827, 35.06970603283722;
  -11.49958879004074, -6.699906392942838, 35.42409797693679;
  -11.51263420160537, -6.335502083986701, 36.38139277152652;
  -10.97725749783386, -4.251854046240578, 34.7518910577404;
  -7.848944960809824, 2.733536663029421, 25.55707688230097;
  -11.05572086292316, -2.197825194948064, 35.96103199394018;
  -11.62124507936505, -4.50344326628584, 38.46575043523275;
  -11.60945608379765, -2.073438058269105, 38.55910740171569;
  -10.81183387411853, -6.57056049681845, 36.14812733224909;
  -7.206872468009317, 2.614762167109348, 24.63936710308357;
  -6.237175981941458, 2.329574233493707, 22.20596471280997;
  -11.78647095820632, -7.076048229476353, 42.45677152323236;
  -11.86366683476518, -6.876878866418574, 42.84552721817805;
  -11.75673154359845, -6.882200434370763, 42.62384410873571;
  -11.10530332210011, -4.283257105077951, 41.18809912291776;
  -11.58312036179581, -1.995959149932429, 43.08631360378686;
  -13.43115539804441, -9.006503671355427, 50.10504473568474;
  -11.44310999215646, -1.795906201431373, 43.27726857025769;
  -11.88817748121314, -6.938494381988283, 45.10472625832413;
  -11.4787148492086, -2.272757169135872, 43.52563031735642;
  -12.85244642159414, -4.942829954713152, 49.18676408964029;
  -12.09423922584932, -7.328027443840295, 47.20465767997357;
  -11.5040351540064, -6.446697280063397, 44.96439392495978;
  -12.10107226283563, -7.121383935282491, 47.99651333737657;
  -12.27833748610849, -11.17028908791552, 49.61779190856849;
  -13.35816819668247, -12.67511028799685, 55.8389748186332;
  -11.38728072196148, -8.72004755489262, 48.68107034749984;
  -12.36407624742422, -7.20695049582613, 53.2272492157723;
  -14.08442186737787, -10.55820968616784, 60.65733499577399;
  -10.44113065868304, -10.52997529566033, 45.49899662978114;
  -12.40576049998191, -12.91528199310896, 54.03500359419377;
  -12.89466045887026, -11.35938655975013, 56.61645031365098;
  -14.28568585755119, -11.01710104007916, 62.65480283453653;
  -11.02251110087715, -6.201415417742864, 48.83765752935832;
  -3.920717633520385, 2.256695078438448, 18.1224715642184;
  -11.70762067617413, -5.967145667404757, 52.5194248312948;
  -13.83203138380389, -11.30425151290191, 62.39579664902275;
  -16.83990379972118, -14.68230741413436, 76.45116514212855;
  -16.58865425714877, -12.18925641199556, 77.62934857892562;
  -17.05805423057898, -12.74715962734864, 79.96395406372452;
  -21.19085601368808, -19.64597198500937, 100.4796829382988;
  -12.17146458561866, -6.765256185655678, 59.72833681415827;
  -3.636423857408583, 2.208083119462629, 18.46523331820051;
  -12.53230757610327, -7.479308110041384, 61.87978508185189;
  -25.36881753270961, -22.83654976090168, 124.5275361798518;
  -19.42689610714014, -18.46757036091054, 96.72849594460055;
