m=[-8.475476442722069, 1.55776981025564, 12.01623677210863;
  -10.66849131500842, -2.358365023407492, 16.00465742481222;
  -10.7259717676879, -2.341859596678386, 16.21012685774171;
  -10.70903401533261, -2.275138979997703, 16.24536510436138;
  -10.64832282189823, -0.22719348794574, 16.21289693678373;
  -10.69047470552677, -2.048001298116236, 16.38660798046964;
  -10.71255635217481, -1.830638121475749, 16.44624343411731;
  -10.54178702456845, -1.552205591410969, 16.24655022440441;
  -10.11208706096027, -2.340533330231305, 15.76385148288612;
  -10.34188619970444, -2.205804329744421, 16.32355157466467;
  -10.26019234284529, 0.03460999841707872, 16.23124618692037;
  -10.03783126321342, -2.115180850478604, 16.07742329565193;
  -10.01968815297452, -2.021956961785466, 16.05220036822624;
  -10.0179675091142, -1.755851911629203, 16.08137753901864;
  -9.961632833102282, -1.709467344220231, 16.00335650992619;
  -9.894181369797179, -1.685200942005202, 15.90187162604169;
  -9.933338615990525, -1.517693573252747, 16.11819327621954;
  -7.234244014285591, 1.500991604962022, 12.18388728703736;
  -9.582106726394502, 0.3414884955897432, 16.14694457547284;
  -9.442566012588607, 1.400538245736368, 16.04418121588179;
  -9.490720819541584, 0.3285429083742859, 16.17648465612594;
  -9.135989012561776, 1.480356175742092, 16.11314224184496;
  -7.782986490866012, 1.151186919050775, 15.74176327163722;
  -8.121913769969236, 1.3501502782473, 16.47334831073001;
  -7.831231742972785, 1.021993590273135, 15.95876618104367;
  -7.973234638332393, -0.787303753106726, 16.2959432937178;
  -8.082234353654938, -0.9242562546690974, 16.62121806833175;
  -7.844075476957567, 1.326526861951045, 16.23039580918549;
  -7.812057679861202, 1.048021189648316, 16.20891262652667;
  -7.776403070544347, 0.9271498393681226, 16.33561701245958;
  -6.442886904929996, -0.8854775965755851, 13.84644688662975;
  -6.341252897291495, -0.9885563038019473, 13.70427429588059;
  -7.588277777039754, 0.829840198388957, 16.20689275787339;
  -6.27687605362001, -0.8716645120014948, 13.72095140251872;
  -7.529974845845821, -0.5638277292795534, 16.26351984140074;
  -7.681063786443889, 0.9415729270445314, 16.61208741817342;
  -7.562496260711713, 1.186039671046236, 16.41472265104546;
  -6.184599562405084, -1.22105854711111, 13.70785493772323;
  -7.41834460497918, 1.034970232133069, 16.25237619915766;
  -7.404157500178029, 1.301217460257346, 16.36527088677071;
  -6.008967309455565, -0.9960171669491399, 13.56274478758497;
  -6.008432624447548, -1.226391464485064, 13.68761693814757;
  -5.923924625656169, -1.267570808089007, 13.55066567190883;
  -7.035694714472169, -0.3954630212238666, 15.90541920724954;
  -7.054853480220872, -0.2108464458852387, 15.9451776011935;
  -6.066418821420823, -1.18657069112717, 13.88454172406709;
  -6.618595435229335, 0.9052174970313042, 15.09553970065377;
  -5.97084248783749, 0.5819222454113645, 13.8154288056395;
  -5.921296920105594, -1.231977231196596, 13.7268196436932;
  -5.94901586608216, 1.031730965311942, 13.80726455094291;
  -5.914052736371137, 1.322575378365433, 13.74351838583766;
  -5.927970968517878, 1.167267884928467, 13.7889859891087;
  -5.442713562304682, 1.424067745682701, 12.76439622572138;
  -5.795096401858558, -1.237208336933684, 13.65762789373119;
  -5.820480515227335, 1.226477235760819, 13.76795955455672;
  -5.763451804374449, -1.198205779497348, 13.70851225374439;
  -5.795584396089566, -0.8738447045197022, 13.8808480021846;
  -5.354650386081422, 1.359505594378539, 13.79371778921729;
  -6.255300231843259, 1.137012707967466, 16.22407494996987;
  -6.224142313606629, 0.8006066795423255, 16.24683651022075;
  -6.271084034682921, 1.195492514505963, 16.40574813195831;
  -6.159671073183277, 0.6482216400010352, 16.22703355074891;
  -6.120643851278749, 1.238555634363346, 16.15407319462551;
  -6.16151780103738, 0.6909646635778046, 16.41328084884548;
  -6.066721213772865, 1.233619880460967, 16.21199929484844;
  -5.810175362897777, 0.6684022029306207, 16.63893151802935;
  -5.637372833112725, -3.524066350816644, 16.79844123147167;
  -5.714563458486359, -2.329518908582949, 17.55850630526528;
  -4.084035674193846, 1.34693548245778, 12.82862487918939;
  -5.967021406938154, -3.407456244394595, 18.3124902915483;
  -5.428813327856243, -1.047391686138589, 16.86636564015452;
  -5.868987813167115, -1.035748284179618, 18.52618589296679;
  -5.820997856771384, -1.280356525830194, 18.41274537248447;
  -3.810849405334062, 1.306541169882597, 12.54873390423908;
  -5.884225949715214, -2.408015021232127, 18.95681271862579;
  -5.477834461437554, -3.442271977011164, 17.7729135157924;
  -6.027058329652227, -1.209292921846297, 19.5052105336229;
  -5.669866848565353, 0.8266885466067473, 18.50125300117958;
  -5.671312103333291, 1.019959722064374, 18.52165605375001;
  -3.732466700688786, 1.312011988765506, 12.7352972788652;
  -5.245243240618699, 0.9317016556578877, 18.40898303735228;
  -5.933005639309108, -3.701099852645182, 20.83151819533486;
  -6.116008082666106, -3.693867640989384, 21.5415498493945;
  -5.968799184224105, -3.643944821679327, 21.10733088326677;
  -5.860814525225449, -2.40639193124927, 21.19791533928828;
  -6.091387010529429, -3.660139938041253, 22.00835026697424;
  -6.734611193675424, -4.680475437657608, 24.56703470527672;
  -5.540550320984179, 1.241911942960225, 20.51306422497685;
  -5.970940996081056, -1.087542739602328, 22.0705209518197;
  -6.149071059967778, -3.744550848037167, 22.77762133076305;
  -6.041651522682463, -1.044231527615395, 22.60714829828518;
  -6.003230830612167, -2.462596420018746, 22.48984128591818;
  -5.955893510438883, -3.766813639862198, 22.71946774406301;
  -6.181846525926406, -3.623661211395968, 23.58966699100709;
  -5.824694247994139, 0.8319142583179393, 22.28070318811921;
  -5.978515335343168, -3.676089546800136, 23.18051681416647;
  -6.190801157645462, -3.763701784090665, 24.94728018686905;
  -2.097459607068797, 1.147294241916523, 9.200170653278544;
  -5.747642750803112, -4.575245410709912, 24.03085181689469;
  -5.787472637701955, 1.020551761711939, 24.40911000502586;
  -6.062469556781978, -1.396137676555771, 25.5785482073027;
  -6.254571900365282, -3.826361391532005, 26.37700702390411;
  -2.012593117649214, 1.143288554197427, 9.233319794991743;
  -6.674154673751067, -6.081757539650225, 28.71812688564119;
  -6.719875257530651, -5.374303740348402, 28.92008207618337;
  -6.548189202820263, -3.894604675850876, 28.40392044215104;
  -2.019614748795782, 1.043027694595995, 9.464045289545531;
  -6.819819111061159, -6.135617183188087, 29.91835642342867;
  -7.189205014509656, -3.893699218589535, 31.61238274053389;
  -6.983941718622221, -5.901646621251746, 30.89432525106838;
  -6.848512490306839, -6.557698629963478, 30.43270938039613;
  -1.653667106593183, 0.9859598001244535, 8.216258651265605;
  -8.928405590935361, -8.081759073199539, 39.92967371466899;
  -1.6410576410139, 1.249398937326475, 8.170473427477274;
  -6.32570124628725, -3.828242070717023, 29.35324151363331;
  -7.993586993094418, -6.163428262982918, 36.90777552827371;
  -8.282610349366278, -6.468342756016486, 38.26715674378416;
  -6.217380746390201, -1.473884446261181, 29.39107589741975;
  -9.825491137574421, -9.281360882792752, 46.73068688861694;
  -6.507365735826862, -3.842067765419881, 31.3628382773488;
  -6.531834612501408, -4.13325047285494, 31.70227486467478;
  -7.703701324734172, -6.406497947019451, 37.33388530968347;
  -4.201360590545871, 1.282660537458496, 20.84436442148206;
  -8.937501577858344, -8.396854651237005, 43.51164392134791;
  -9.084102752254664, -8.94833437426594, 44.6229599947747;
  -7.475180228413245, -6.071035902272123, 36.93546613570659;
  -3.851194802519498, 0.9729374836548942, 20.09963305314613;
  -3.716498880068058, 0.6865794736736198, 19.71540560503206;
  -5.779417249290902, -4.38376223684505, 30.28352974863107;
  -6.347560525351272, -3.969233337396947, 33.40367586557419;
  -3.627568288622323, 0.3637085965979589, 19.82608786075224;
  -7.377794046976427, -6.580082606591862, 39.35820111658276;
