m=[-25.15830919524251, -6.460532984724027, 31.3045745967179;
  -24.71822829765419, 3.045582001437766, 31.23596616548079;
  -24.84212327974108, 3.226478197449077, 33.0003778880092;
  -22.15082107868873, 2.909325688881919, 30.16206340760389;
  -23.82856572553742, 3.140658874814335, 32.69380634591064;
  -16.87951924070977, 3.102410308435936, 23.93119739833641;
  -19.20494837518741, 3.19104799222573, 28.00954834447706;
  -15.78808037725312, 3.145658698948139, 23.36394240858799;
  -20.96788440786531, -4.635137597459049, 31.45560107443186;
  -21.16880956833819, -4.62190101853646, 31.99235425585201;
  -21.12336691804935, -4.487668579186541, 32.04367521158186;
  -20.73398215017796, -0.4423819415031502, 31.56909508778615;
  -21.55870491040179, -3.684105433024464, 33.09758169988876;
  -20.51679891188966, -3.020957444375357, 31.61961090554915;
  -19.96724950505411, -4.621599151380891, 31.12718015795187;
  -20.25029332520895, -4.31915260260909, 31.96290319899121;
  -20.46212558249181, 0.06902347542382577, 32.37032861949282;
  -20.23281909512352, -3.025070950846634, 32.10104650685208;
  -19.77057721797224, -4.166073849798515, 31.66619665122318;
  -19.51125095767043, -3.323203533941295, 31.35837078340502;
  -20.22605585378769, -0.4805299892372016, 32.57424869080433;
  -14.28304794726127, 2.963507316006171, 24.05545706795835;
  -18.9936552950293, 0.6768986150595998, 32.00647916910372;
  -18.16178560849817, 2.693788459795249, 30.85930022816498;
  -19.01258907074641, 0.6581640560079082, 32.40605863601964;
  -6.744955271570463, 2.877370500370525, 12.46697396894835;
  -13.62201395516888, 2.96020057536564, 24.38258542876328;
  -7.027577365857404, 2.890396027468626, 13.05679326392569;
  -7.043548734544865, 2.888272419645181, 13.29542143031442;
  -17.80150527173474, 2.958347210519858, 32.61098422238796;
  -6.692244526778552, 2.882692555894542, 12.91241771104345;
  -6.53435946934608, 2.913994502121807, 12.65850614734602;
  -7.063549147710249, 2.879958994143562, 13.63930618605252;
  -17.84524091482243, 2.816409242651245, 33.12600020653543;
  -13.87005568631053, 2.779414510083687, 26.35558114241624;
  -16.90193971297379, -7.332433715978289, 33.04161605578427;
  -12.22292171783378, 2.848682722727573, 24.34468094558154;
  -12.17380681614728, 2.872794366993455, 24.59870649437552;
  -15.79953789166046, -6.940606313047756, 31.7392958366828;
  -16.87187082585912, 2.804703637006538, 34.22053134763509;
  -16.13701957660579, 2.093530526024543, 32.83488336062298;
  -15.98951691186811, 2.086668398002212, 32.58401361616216;
  -15.73331823566373, -1.553560262256533, 32.15624190435418;
  -15.67591894164303, 2.650985144513438, 32.43548201989729;
  -15.47298423014818, 2.075767487238732, 32.10424957622086;
  -15.62861208463002, 1.863337722127245, 32.8304769100584;
  -12.58439806873984, -1.729535644608566, 27.0452053606093;
  -14.98682618272509, 1.638931939250258, 32.00856529781225;
  -15.76029969632398, -1.180096105559491, 34.03968168087494;
  -15.54159070115211, 1.905145101546771, 33.61230560285961;
  -14.87604725999735, 2.333036816213258, 32.28909892958026;
  -12.3717602442923, -1.718055966665322, 27.04407728071163;
  -12.35079012899951, -1.958213757694401, 27.02163865400611;
  -14.48094719024206, -6.988094760375108, 31.81694697505809;
  -12.12366833596245, -2.393640638264764, 26.87150318877128;
  -12.26082787075672, -1.810740379382039, 27.24262258188129;
  -14.76251342258443, 2.5943856842981, 32.629307402547;
  -12.06183778333109, -1.999311508692834, 27.22458271110001;
  -11.81968173424378, -2.412535464378184, 26.92603645930439;
  -11.65673688610594, -2.494248378922546, 26.66417187094662;
  -11.88289769907128, -2.324253987474954, 27.19703234517754;
  -13.3749868654109, 1.829281189886523, 30.50536132603745;
  -11.61206518051696, -2.415990973361385, 26.91922505735848;
  -11.85610229364779, 2.056190156426359, 27.517213703322;
  -11.6922284944873, 2.614764225880111, 27.17127567989899;
  -11.78112212403397, 2.319803112538409, 27.40393446037724;
  -13.58101593496498, -6.900439764015925, 31.52136109964715;
  -11.0870282131457, 2.90088373989854, 26.00159267217032;
  -11.62438404778532, -1.872976214818959, 27.33548404394016;
  -11.44074482109382, -2.442510683488991, 26.96304336602911;
  -12.33505000351275, 2.265467424386793, 29.00468001705039;
  -11.22507171668583, 2.365319305559099, 26.55216059705215;
  -11.38752675898722, -2.36743549524314, 27.08551323304797;
  -11.32407746042754, -1.999900104102668, 27.10557502230347;
  -11.61862804220038, -1.751829650744338, 27.82746291409725;
  -13.57975574127425, -7.412565086727259, 32.64651272128888;
  -12.68834831405599, 2.492918388788132, 31.1102757273269;
  -12.898830078794, 2.827415693548115, 31.89860668962175;
  -12.87749912822484, -7.5922181194013, 32.31814238193972;
  -12.5194932097463, -6.967151514274917, 31.46668533190077;
  -11.16051998609755, 2.833572364820008, 28.74978793560547;
  -12.25789719581874, -7.494496054733693, 31.52635429253168;
  -12.81988996676638, 2.330244315493509, 33.25033938617131;
  -12.74636779126714, 1.490819814291468, 33.27628942470023;
  -12.45547845743328, 1.967507301961914, 32.57888629736929;
  -12.22322808558582, 1.286328581771236, 32.20086428101317;
  -12.39930878443427, 1.536235989163891, 32.67447339475519;
  -12.24533223902953, 2.477929709328292, 32.31882104044705;
  -12.45623382127505, 1.396866436110061, 33.18138008025447;
  -12.06592055766025, 2.453509721561046, 32.24356100761627;
  -5.099584772972138, 2.568072758509728, 14.64959354665681;
  -11.29737237092735, 1.299648996530335, 32.35293144745728;
  -11.25178915664254, -7.033781998682059, 33.52847585076346;
  -11.13817784033422, -6.714518290639073, 33.29108691670901;
  -11.75439589466839, -7.085998029619849, 35.13291141444649;
  -11.6755600404883, -6.66730639184687, 35.83170987810188;
  -11.31905576732891, -4.61416775381855, 34.77880917835439;
  -11.58648747150866, -2.247587772566109, 35.86497360198628;
  -7.96570667257684, 2.627130078206849, 25.02158917118555;
  -11.69671451023761, -2.064214881710555, 36.9221259699102;
  -10.90698186323738, -6.853948998622734, 35.38786115905411;
  -12.42990293256985, -2.493985094128098, 40.22656831102236;
  -7.548722729355958, 2.588062653991837, 24.8571651020845;
  -7.477807951221736, 2.628549554073297, 25.5145229388106;
  -11.49492696631346, -7.17071162368625, 40.36011337428776;
  -11.53611478236417, -7.042784390300893, 40.79490435233298;
  -11.91876507524971, -7.161644464330487, 43.06282888814128;
  -11.92015089093274, -4.894294948211305, 43.11386213127329;
  -13.82834338074911, -9.610535734843008, 50.44409869873179;
  -11.95902012710694, -7.282589275994885, 44.29905416374276;
  -11.56930331684216, -7.113771998773736, 44.85769710731332;
  -12.63868463958259, -11.84228867032122, 49.91302110490378;
  -13.69790272865546, -13.3726960550909, 56.05273032535967;
  -12.12604305997358, -11.89222837129099, 51.58066545461191;
  -4.046621497604052, 2.335301427847078, 18.2370825199778;
  -4.041295490069739, 2.295728250985564, 18.54054518950986;
  -3.749877995558673, 1.936620141567063, 17.57217073275892;
  -3.300829315103929, 2.289482711336226, 15.8538450988112;
  -3.246071355556754, 2.471356277048753, 16.16149188878306;
  -2.611512850324746, 2.459474382640749, 16.80677168943584;
  -0.8192719556461769, 2.383889190015833, 13.08794994557701;
  -0.8003335747608891, 2.424388686155373, 14.18201430792246;
  -0.7002906473522244, 2.450526456894018, 12.8887790863825;
  -0.3805193056186068, 2.280833663918697, 12.05867905363203;
  -0.1877428690897768, 2.444403699287328, 11.66225111425409;
  -0.1343751189879134, 2.492034748268815, 11.15293412248752;
  0.4712633708943496, 2.494078624493752, 11.60747515585708;
  0.4896795379781052, 2.50770836301067, 11.55652167723197;
  4.669845888446517, -10.20888737515862, 44.27891800836986;
  6.148061475291054, -9.317864961485098, 40.92091294732408;
  6.951326235926925, -10.2021045580227, 45.75344388177852;
  7.388932343334345, -10.21432425910128, 45.69145349682989;
