m=[-5.899464891329698, -0.3426395819075677, 8.008249086035521;
  -5.913164915532065, -0.1256559515588095, 8.02871325369083;
  -6.037835062222822, 0.11858527715448, 8.254552799491581;
  -5.801918068227905, -0.2487660881777274, 7.990775011423602;
  -6.021969257047603, 0.193857242185339, 8.286551007480025;
  -5.968271474299487, 0.7312826448297993, 8.250198620173178;
  -5.985025663547228, 0.1617915998022525, 8.29573624529359;
  -5.990769804922083, -0.0575913951560874, 8.311588935116729;
  -6.038559274823425, -0.05805081228193437, 8.377892005036181;
  -5.952374730371288, 0.02528954757389132, 8.291735234900276;
  -5.956894170518603, 0.4271889342595473, 8.302222187968381;
  -5.963188960742918, 0.6949861710203222, 8.311406825421901;
  -5.951055429266405, 0.5307043372991528, 8.307306206884302;
  -5.911634829767098, 0.1878649546217149, 8.277928359440205;
  -5.956963569277394, 0.5973894691407157, 8.343789179962711;
  -5.894093741068177, 0.3122580242251153, 8.271685913878972;
  -5.896240668884574, 0.3910540827953506, 8.288121913990649;
  -5.9646992574544, 0.4916387390052967, 8.375415648189847;
  -5.88256923928325, 0.3550772888149474, 8.274361141700659;
  -5.916710362000314, 0.08656597912963843, 8.318606879629977;
  -5.857279105279342, 0.0270030130202815, 8.263799392246478;
  -5.85572048223311, 0.8659600755224648, 8.280983727978228;
  -5.882980174152729, -0.197496950754563, 8.330156711614052;
  -5.808986514229002, 0.6113514570326499, 8.243948409604725;
  -5.882702693241873, 0.7666117892481584, 8.339153902368148;
  -5.835828846620488, 0.4631448652171718, 8.309525521397507;
  -5.99462109385074, 0.2630995914522168, 8.510926764569069;
  -5.868417307192239, 0.9541398505952358, 8.361937809011074;
  -5.820345256997775, 0.9228433017269653, 8.328956999609064;
  -5.832226097213345, 0.2917035978707829, 8.361962018042195;
  -5.862583352999478, 0.22471938623514, 8.406714194577706;
  -5.853465939426001, 0.3452149698571628, 8.404356376445834;
  -5.849785219325572, 0.1612923553041604, 8.407737573436327;
  -5.804577795181649, 0.8755702997656929, 8.35244425337285;
  -7.528271040579611, -0.4877358728228911, 10.5641194730716;
  -5.830857191556521, 0.6304362784106543, 8.425308428135867;
  -5.889413444014251, 0.7801649092058419, 8.510944247234704;
  -5.846312372601416, 0.4028638131855786, 8.459580006867537;
  -5.818591518980836, 0.4871631979365919, 8.43431968982687;
  -7.513507755117884, -1.817033467442424, 10.63737137566957;
  -5.816128184224389, 0.4647870798986288, 8.470927562258968;
  -5.653749954733125, 0.3757130924541693, 8.303271433938868;
  -7.437525159826989, -1.6557791052832, 10.60969891912682;
  -7.461999048728175, -1.280393208458978, 10.65789716073714;
  -7.286946923096814, -1.461844173519981, 10.66571775412905;
  -7.10046031918701, -1.815979940017736, 10.59720496919469;
  -7.05622417733389, -0.4785423524346399, 10.59726721369505;
  -7.026232452015695, 0.0301310296861501, 10.61277698409528;
  -7.038819180161654, -0.1031054094625093, 10.63091707748315;
  -7.05241661610998, -1.820732837156217, 10.65995733642885;
  -6.351278360931836, 0.8627957489339471, 10.06620032700704;
  -6.191391222955302, -2.168322892493257, 10.33329537800912;
  -6.211107645058866, -2.081592934194833, 10.38617266607705;
  -6.134059488990988, -2.195329863304972, 10.30873542307;
  -6.112749932749849, -2.09940202053153, 10.31773792171303;
  -6.359523755775517, -2.025968235034945, 10.70810151326111;
  -6.268449407538797, -1.88476594867225, 10.58535954435182;
  -6.256667571789991, -1.948045270067161, 10.62979349509648;
  -6.043269808471812, -2.176253107913317, 10.30175261099236;
  -6.033625431342703, -2.083283884264256, 10.30820497560657;
  -6.144368725798904, -1.98520504329044, 10.53669040551616;
  -4.735373310907002, 0.9506561176062077, 8.446677427356729;
  -5.890373591071158, -2.130478077858346, 10.29289816352145;
  -5.952816336653001, 0.5319665044952689, 10.45407369613955;
  -6.097395929610704, 0.919664436073008, 10.69895498403286;
  -6.031390895228558, -2.021996458969078, 10.6114379356309;
  -5.977350502573945, 0.4914273003082708, 10.59052416969798;
  -5.974047266020295, 0.6089403942027832, 10.59114942195896;
  -5.963789018500393, 0.7417530159459659, 10.58391435480965;
  -5.94275351966094, -1.931188683388666, 10.60101723726814;
  -5.855205875557655, 0.5440452576726089, 10.53165470137632;
  -2.379963794999682, 0.9256120532842007, 4.877707516311077;
  -5.83769316737637, -1.89989534936858, 10.66970520847371;
  -5.659870207612286, 0.9420418787938989, 10.6077738416982;
  -6.516705185045347, -2.8217110257163, 12.43129298062016;
  -6.18057346619294, -1.795516768417561, 11.85168902319874;
  -6.09313635353956, -1.810886234368101, 11.78158599753223;
  -2.447375031588881, 0.9113616759140052, 5.37434058862332;
  -5.870645895582706, 0.005510344690622402, 11.65211913380295;
  -5.821675646156787, -1.185072591397334, 11.58454205168693;
  -5.7185036229603, 0.1365995105849978, 11.44903785013882;
  -5.99828469786679, -1.369501362910355, 11.98839475248444;
  -5.821241943246639, 0.1891075038740732, 11.6795826114253;
  -5.772646727975927, 0.08127775295291458, 11.63738479212241;
  -5.884573099296508, -1.431841571824347, 11.90827635301544;
  -5.848229491906459, -0.06198006136522022, 11.9288318000396;
  -5.85828850368577, 0.7635417723955764, 11.95861024522356;
  -6.191948453577561, -1.437882121713975, 12.59066780569975;
  -5.876851999623799, 0.09040655726544812, 12.07632481730598;
  -6.151604482198143, -0.1701643949856281, 12.61418699814072;
  -6.099287922623963, -1.537458441482031, 12.57346080806901;
  -4.933120973369427, 0.9534110404812158, 10.3676419184427;
  -5.813001047044886, 0.757720888238505, 12.07121522020118;
  -6.009035486010349, -0.2246240923526408, 12.5121239292145;
  -5.934518775721162, -0.1241182848910509, 12.39111514875382;
  -5.871954730851869, 0.05551672744616288, 12.29559718611078;
  -5.995879446058948, -1.341797192045316, 12.58573597153136;
  -6.01948461161962, -0.4384393462178601, 12.69420895448255;
  -6.570346700931641, -2.87052174908373, 13.76959616349184;
  -5.937334846338687, -1.20821618310041, 12.55748907948161;
  -6.554568523690434, -2.898623353764556, 13.86038230706597;
  -6.533992868374758, -2.845784991328856, 13.88500658629534;
  -5.966722583864336, 0.9017804666713007, 12.78006817626504;
  -5.901502586451038, 0.7190039912024915, 12.75523189611327;
  -5.905019237272017, 0.2093508454227684, 12.80992091788851;
  -5.842779055845123, 0.812219047276022, 12.79851001196761;
  -5.913288536234398, 0.7011185584507597, 12.9635599396252;
  -5.847725363882089, 0.1693145545351918, 12.85285079664036;
  -5.886510847039726, 0.4542819126647901, 12.96481267890604;
  -5.80465686407522, 0.6524749175514668, 12.83314208564893;
  -5.805447369200121, 0.6001437107513927, 12.8893891642243;
  -5.60211374836317, 0.9083647989593872, 12.52985465613291;
  -5.839325491909678, 0.7307067060680326, 13.03793659353114;
  -5.784258660360834, 0.8350054774758787, 12.94204412606806;
  -5.847866536578731, 0.439315638030213, 13.1834310865952;
  -5.785945328887138, 0.7203919631794289, 13.12259408378222;
  -5.874854221736677, -1.805881523248222, 13.35098632184855;
  -5.850333864313599, 0.2760089070841965, 13.31024164637883;
  -2.361248528214482, 0.9164651691856827, 5.997906063111197;
  -5.794679122843449, 0.5084790152919548, 13.29499858392191;
  -6.470003809903392, -3.030646621679721, 14.73483804470748;
  -4.484388920958174, 0.875562736030659, 10.55507803037768;
  -2.319591003455872, 0.9284471732606242, 5.942594423234233;
  -4.475261685802342, -1.61327953294806, 10.54524266604124;
  -5.821402561795525, 0.4453034831723241, 13.43856127805766;
  -5.905790248523401, 0.6121077122935731, 13.68655757607728;
  -5.811746965998182, 0.8398576846313829, 13.59815310880225;
  -6.435093923575838, -3.19358984563553, 14.9537096787394;
  -5.991845368768358, -0.006376110422284927, 14.04256961088874;
  -6.358549087080312, -3.05906061475722, 14.85236426230081;
  -4.538660405238515, -0.9583566505389668, 10.88588155391687;
