m=[-11.06368913769588, -1.79014390545976, 14.10527511563299;
  -10.68356109195509, -1.488958087443839, 13.76573887956875;
  -10.51024575654153, -1.042401382836516, 13.62369916708419;
  -10.85017332680346, -1.770138691895344, 14.09876617139041;
  -10.28475012858313, -0.07974560303541606, 14.04818085484421;
  -10.13324433194628, -0.07103846929825511, 14.21836209462946;
  -9.94394992815606, -0.4063117354868223, 14.10766479734369;
  -10.02199689842103, -0.7299155192718189, 14.2402905092817;
  -9.925323921043635, -0.4033107294717374, 14.19634891888213;
  -9.891182634531136, -0.3416377240290657, 14.20636775979153;
  -9.980838189016167, -0.1816802519516207, 14.32825917758084;
  -9.694301463797444, -0.4432490544526706, 13.96559153483856;
  -9.894436885583529, -0.5675294866321203, 14.23930176238364;
  -9.807975318374329, -0.7005874806190763, 14.20792664080223;
  -9.726820375150597, -0.8354223958276146, 14.1025057690485;
  -9.79668730487627, -0.5618433135479313, 14.2346627935465;
  -9.606077214682037, -0.1527460248162683, 14.02878671892544;
  -9.857405261868497, -0.7798585590350808, 14.37057191942307;
  -3.570887911214034, 1.040106209040682, 5.86697371791392;
  -6.375493459942246, 1.227516928768856, 9.748496698722976;
  -9.631756885056014, -0.09051182422076765, 14.22261973126309;
  -5.922481950211695, -1.355303327669303, 9.128412948391141;
  -8.234215260455864, 1.048189929417596, 12.33539690716333;
  -9.607612054202404, -0.2934118797081605, 14.38285056277272;
  -6.323834222357208, 1.167828144312136, 9.81799143851118;
  -6.207943867061321, 1.22112780849778, 9.758249047556449;
  -9.34088485720317, -0.3066528167034499, 14.27675441718756;
  -9.263757337190926, -0.2204761359110787, 14.2070813197973;
  -9.02246535423369, -0.04989216893287805, 13.86763687116295;
  -3.421642235529971, 1.080030350214608, 5.896819975655609;
  -9.134508257598405, 0.1159391457393532, 14.20473074506157;
  -9.005490272526274, -0.2897814419211767, 14.10299080871184;
  -9.037353634757556, 0.3174352547958449, 14.15511022583716;
  -3.656231332395977, 1.022616441059841, 6.367851989832258;
  -9.022956018745106, 0.1796739869400823, 14.25755711400822;
  -3.67585412708949, 0.8974370104825786, 6.426689554877032;
  -3.686740533446688, 0.9377435668353553, 6.486036242783619;
  -3.425942312217603, 1.233418471296065, 6.144281372066738;
  -6.350446934800342, -1.182809889639208, 10.59844083648145;
  -6.164390775722544, -0.01930877723961055, 10.3924917225966;
  -5.853681887497691, 1.176708140894051, 9.955816137757669;
  -6.23871712438797, -0.9144151900137018, 10.55136528516205;
  -3.260811744019925, 1.213333886847233, 5.989938229380655;
  -3.305197194373238, 1.206919936148015, 6.069766253045867;
  -6.300934267075573, -0.7440196321583807, 10.68351518979516;
  -3.242892085852167, 1.227455400017592, 6.010801112812024;
  -6.187713033948658, 0.8632835525777712, 10.57468368459461;
  -5.855676721745885, 1.175737540604479, 10.08492699449846;
  -5.989900303119265, -0.7734265849721024, 10.29664454932707;
  -6.049997101064732, -0.9712550823040618, 10.41322876211736;
  -6.036058894989809, 0.753773922015638, 10.40206126756115;
  -5.779870027024558, -1.549882304066073, 10.0047326309778;
  -5.68689504613026, -1.562301254252779, 9.879877775160756;
  -6.067757118661572, -0.1077259876295442, 10.49462228480462;
  -5.971500329793554, -0.6283839982456647, 10.37951801875425;
  -5.82059932906926, -1.541792956855737, 10.17553546942221;
  -6.027853723681732, 0.8368766070357461, 10.51628315147672;
  -6.083343750392546, -1.504341387019333, 10.62189466736405;
  -3.380894616698709, 1.183330136326153, 6.422515208918456;
  -5.488768120067673, -1.93034559487913, 9.817804486646176;
  -5.588079616555437, 1.162254709584144, 10.00427928815649;
  -5.748975531264666, 1.148679044502976, 10.29058736192836;
  -5.335703963410883, -2.194863607958904, 9.766918653781348;
  -5.44200822233944, 1.156891525574837, 10.0477916795556;
  -5.969047208389418, -0.8758500722258865, 10.98454847299221;
  -5.130605605103056, -2.142877480872106, 9.645704012038932;
  -8.428918776983796, 0.4582017367057226, 15.34422577093397;
  -5.077597369692946, -2.067081558650682, 9.693222696362016;
  -8.463058532260464, 0.1905001801433763, 15.51640841969311;
  -8.438876628538532, 0.3395943422165501, 15.51344395113043;
  -8.360623332051768, 0.6329318283710743, 15.40490068238357;
  -4.994982471335153, -2.066906705010061, 9.645548994806928;
  -8.427516531267742, 1.089494978845544, 15.64278141116339;
  -8.45164282343981, 0.5525766455137404, 15.7203483959013;
  -5.954902916979104, -1.227324109199875, 11.4008386888499;
  -8.380808187341899, 0.6914950918531623, 15.83417265827717;
  -8.436084856331606, 0.9754326067376056, 16.16220847443361;
  -5.722601949616314, -1.875874476356392, 11.33585444650026;
  -5.745828872483629, -1.663477477024402, 11.38556602892618;
  -8.362270281377221, 0.8892720251659578, 16.15320983889689;
  -8.407167040055558, 1.076140170505807, 16.34039380736012;
  -5.753898778132185, -1.373963480546319, 11.49488528522931;
  -5.692900596463157, -1.435571086452128, 11.42302091852035;
  -4.910878685889551, -2.09032638684835, 10.04443575000118;
  -5.665560539725588, -1.356333200094234, 11.46294743194495;
  -5.663211149955069, -1.564106037845892, 11.46157960682605;
  -4.837888353600492, 1.093928102393384, 9.971636467760199;
  -5.601614343517632, -1.410928472673215, 11.41279398903077;
  -4.828579828922768, 1.160360395034785, 10.0585747585334;
  -5.563236677914777, -2.007209241927901, 11.48782411444107;
  -4.680989413748057, 1.189815947982525, 10.01319720279207;
  -4.675330170792214, 1.13523232743452, 10.15351454337299;
  -4.557355437239274, 1.148368058713382, 10.08079209372649;
  -8.571797510013894, -0.821407926126968, 18.21823008851543;
  -8.429179262120456, 0.8958955988385812, 18.16302420789474;
  -6.822379271839786, 0.9191025535110129, 15.10269624709265;
  -8.063031787117719, 0.8039040716677322, 17.7616065622432;
  -4.597799507894623, -2.243809952945251, 10.61574794753107;
  -4.238423515910905, 1.1500494149032, 9.885208469643182;
  -6.391221702277043, 0.9994688130580678, 14.46487709768105;
  -6.303990353557659, 0.9415891512444994, 14.41256241175346;
  -4.300411416436462, 1.13022206206312, 10.18918204877879;
  -6.257961777171457, 1.102937076876852, 14.49266622114735;
  -8.702350182794387, -2.040266498032521, 19.827489133629;
  -6.214221299838591, 1.031911177092625, 14.48065177245782;
  -4.180490775587515, 1.136677035328166, 10.06580331304244;
  -8.796052347419026, -1.260425262386393, 20.09566246302587;
  -8.592852231420975, 0.1999541058743939, 19.68563158768767;
  -8.642023446009453, 0.7492838104678514, 19.79432137386584;
  -8.697914738233074, 0.3365625018771257, 19.98416787727406;
  -8.71891690638425, -1.060421868908295, 20.05103700887393;
  -4.175976675306342, 1.171576004706019, 10.12850200128327;
  -4.355246568675226, -2.053831896085051, 10.51640395742943;
  -8.683004791782331, -0.5100610441191178, 20.02481643615369;
  -8.390178672257184, -0.64276369646774, 19.37651266147003;
  -8.747427287687419, -1.715716886684711, 20.17830135081757;
  -8.672265056674164, -0.2437809096219877, 20.01228426704682;
  -8.673312896878729, -1.165911000768996, 20.02089035031478;
  -8.628727276739825, 0.4936718150243143, 19.97358926376656;
  -8.46056043913641, -0.5893633226356745, 19.63422531199013;
  -5.727182701329579, 1.127046368685382, 13.63151843292774;
  -4.397774716337619, -2.133075741951368, 10.71095859401242;
  -3.422133321679807, 1.19616371823473, 8.562670407222763;
  -4.146385815786629, 1.095421333580353, 10.20530260234793;
  -8.549963913541419, 0.02826902802915977, 20.02978958478376;
  -6.003942758747097, 0.9269308598672003, 14.39421428814374;
  -8.800450993098597, -2.385084321565192, 20.64077940317115;
  -8.800998955163827, -2.065767566999242, 20.68592801308146;
  -8.659189847955028, -1.299393207744589, 20.37425998819412;
  -8.626980641718216, 0.4867035630306576, 20.33080916843517;
  -8.667439690354946, 0.3122781957985269, 20.43235106170267;
