m=[-8.745147111759133, 1.561020135817714, 11.88685429396852;
  -8.48281192797279, 1.545219268361169, 11.70779394396301;
  -10.74660791638646, -0.2955110141246309, 15.84156394673822;
  -10.7206472900782, -1.892240607665695, 15.95174619127995;
  -10.83473231114156, -1.660296810953148, 16.16180132198047;
  -10.69245367838869, -1.850670779193153, 16.19623411316487;
  -7.556647357036761, 1.483118159978045, 11.78026808624183;
  -10.43062480443224, -0.02995306129361687, 15.98963324394232;
  -10.55367617019869, -1.6471686570943, 16.21501808454274;
  -10.1915013329775, -1.802638759102895, 15.8492690249421;
  -10.13386421937061, -0.3071614807636816, 15.81689164657582;
  -9.826303685950641, 0.2291754344690862, 15.95755161738334;
  -9.761757425308527, 0.2831187522656064, 15.93568471725419;
  -9.689015696007116, 1.368637874923889, 15.9325561065456;
  -9.659178520807851, 0.2642687891852682, 15.95454435230088;
  -8.985948322017432, 1.431257392211308, 15.96266484673245;
  -7.423503751073044, 1.435879995719778, 13.57758926308102;
  -6.087682915243422, 1.428585036816383, 12.14769048801488;
  -8.129382664752665, 1.293886624521806, 16.01499488485287;
  -8.168128626220518, -0.8718244411140279, 16.17083272226942;
  -7.893851944364515, -0.9616510650991457, 15.77794192318385;
  -5.954646059946891, 1.423566353350983, 12.16020704494983;
  -7.991985577897212, 1.288693540083989, 16.03184589199096;
  -7.999276550434442, 1.007240404442335, 16.08310737194124;
  -7.930561780510868, 1.144907746821513, 16.11892815751488;
  -7.814323500328547, 0.8714332998305958, 15.91972784168688;
  -6.611170226497987, -0.9585204258227656, 13.67918406737146;
  -7.772933344393668, 0.7859406958714724, 16.08527772243962;
  -6.411221209459925, -1.071144221896343, 13.50427686512028;
  -6.389559872561343, -1.257634878827263, 13.54373090996772;
  -7.492769738214784, 0.8498715115459786, 15.72314611230759;
  -6.347294478621586, -1.307169888101623, 13.54058516492927;
  -7.686380427792495, 1.139324196934355, 16.17014905765624;
  -6.293487569070021, -0.9829568370954989, 13.46708564589232;
  -6.222308040958639, -0.9355396548917588, 13.50295968873625;
  -6.17715544171327, -1.079240170145242, 13.42709571744795;
  -7.477275343192866, 1.248899527879403, 16.02418701348868;
  -6.19110655832616, -1.319725870440201, 13.57625896022801;
  -6.144496918979802, -1.369071052933869, 13.52385829734427;
  -6.67314334155234, 1.09054430729654, 14.66585182298962;
  -6.247363937179456, 1.24120702949471, 13.82996976032705;
  -6.047684103910713, -1.313258163917325, 13.4951775309871;
  -6.066470303201127, 1.303349969427322, 13.5845279247832;
  -6.108222820883523, 1.15068266951523, 13.69590242996215;
  -5.618843311514283, 1.423238336874114, 12.67891945903418;
  -5.970518463577528, -1.332572318760863, 13.54636929124347;
  -6.121308481700592, 1.232916880755457, 13.93830434335671;
  -5.938897224252477, -1.374344436559069, 13.59323878142125;
  -5.939734884024695, -1.293457434171987, 13.60367272371682;
  -5.904294274960093, -1.098735918778351, 13.60837903908307;
  -5.866991862152834, -0.9408088264776408, 13.54434592386092;
  -5.953728045643479, -1.044407704368916, 13.88282128108618;
  -6.283776680273451, 1.078611060368458, 15.81128094765002;
  -6.418314427324161, 0.7511951459625376, 16.22077582997677;
  -6.375266006332724, 0.677490356095065, 16.14375924300609;
  -6.31725813963896, 0.6027154779261765, 16.12862774978245;
  -6.309864368152971, 0.7137912207482097, 16.11931092537488;
  -6.282134385271119, 1.205706504263549, 16.07065649052893;
  -6.248585696740134, 0.6326439668882269, 16.14379971822178;
  -6.214079557628003, 1.198915421376308, 16.09481752301431;
  -6.094005969426618, 1.027284710567649, 16.19409365667327;
  -5.953596169631809, 0.6167360213720483, 16.52352653662754;
  -6.086322167366814, -3.757248715274875, 17.67950544525585;
  -6.036727902075654, -3.530887237743444, 18.00300397950738;
  -5.932256586450916, -1.124263636272407, 18.2139240181201;
  -6.124726600585739, -3.797032073310468, 18.92931799313995;
  -5.965462001836911, -1.091671374128671, 18.59546183229715;
  -6.164845857925509, -3.953089980070309, 19.42114803093777;
  -5.977039723056249, -1.285053140225143, 18.85930664448144;
  -5.743075209402687, 0.7593870374953567, 18.22920939729851;
  -3.8374249197947, 1.301305785458154, 12.58809282012507;
  -5.750799408918324, 0.8096759793217502, 18.6415875978888;
  -3.925419255803605, 1.333164397120301, 13.42685501644955;
  -5.242684610826872, 0.8601826432541717, 17.90509903464764;
  -6.112816891418781, -3.908597873885121, 20.92779444157771;
  -5.858974306740239, -2.49689138760677, 20.69361876509168;
  -6.172633068333017, -3.79899488271924, 21.76707230155992;
  -5.965787837723855, -1.438127106254428, 21.16947581192646;
  -6.065805329395168, -1.297217149057484, 21.51704081161157;
  -7.619910502340974, -5.415723377561015, 27.2292070940758;
  -5.968940624974284, -1.176251629051226, 21.55266195268258;
  -6.074549875094668, -3.794114162122234, 21.98194539244283;
  -5.980668488922278, -1.435131427007249, 21.65400999739434;
  -6.01194454176269, -2.562319477030405, 21.97288379650448;
  -6.10188847317819, -3.849527157189735, 23.11639268628379;
  -2.090050547564333, 1.21483798220275, 8.612674433979073;
  -5.983526609251342, -3.88920479073563, 23.35669455750369;
  -6.230494686246489, -3.898441488055999, 24.58087136292393;
  -6.161671756893381, -3.787748285771282, 24.8778184862074;
  -2.104863252452127, 1.16451251388262, 9.147908584237385;
  -6.172050528460084, -3.891946777984612, 25.50387889504757;
  -6.115729855767828, -5.72720875714816, 25.37489114106717;
  -6.483620090768605, -6.028580276277512, 27.38259833170311;
  -6.504418936811331, -5.322515558115303, 27.48660356437097;
  -1.683414944138207, 1.257218060196254, 7.878707435855816;
  -6.634763286424168, -6.541278081006292, 28.0794446257231;
  -6.072567964820998, -3.705143444978069, 25.84393332075374;
  -6.797461738086444, -6.260620280242811, 29.29489026086445;
  -6.467625470627925, -3.62179815190163, 27.88286436030698;
  -6.920026233227477, -5.959339694255238, 30.0849716454397;
  -6.436606362365463, -4.059711714473283, 28.77546367463871;
  -6.283791447466928, -3.932009069866141, 28.63263879023556;
  -8.63858643579167, -6.789147085849396, 39.12115688644977;
  -6.214077752730246, -3.94416562328774, 28.86590060749122;
  -9.562468488484024, -9.394879976496457, 44.24220455068367;
  -2.218536920138871, 1.096017189261654, 11.07252318971489;
  -6.044257791590865, -3.697119885456555, 28.63548745253228;
  -6.234721467882581, -3.813621707409772, 29.53783483754994;
  -8.770461990849556, -8.404186857888005, 42.04125106703343;
  -7.296652133555817, -6.079140747045198, 35.47096777781531;
  -8.772741516203192, -8.834924584126606, 42.57163608042738;
  -8.035040384293538, -7.96289518814449, 39.71870150138816;
  -5.716785978988511, -4.112222161786812, 28.58049496592144;
  -5.440173215710631, -4.252212241970826, 28.00187109199424;
  -6.68762256907178, -6.13485815483739, 35.2431433977567;
  -7.446957857379032, -7.982950100402065, 39.66392019411941;
  -6.823250116441409, -5.527199919437663, 36.74261037268943;
  -7.462869548009666, -8.272313493446811, 40.88716675881847;
  -7.493225474514311, -8.572891019240373, 41.66731061924074;
  -6.601101488428083, -6.561392180952448, 38.16538468177625;
  -6.347287736081675, -6.618784745867873, 38.05680041891591;
  -6.224052571040182, -6.984392160967667, 37.71091804887769;
  -0.9707274968503303, 1.20849684341211, 8.052393260689192;
  1.631760795414288, -3.595788420024335, 27.98659315875056;
  1.845449273312807, -3.689425294551473, 31.59858950870298;
  1.404659275666639, -3.114706975363988, 22.53456731260209;
  1.702542076887327, -5.076330551167812, 25.09906249829488;
  1.665754801361713, -4.792658017731021, 23.32444679213191;
  1.636752262921286, -3.097494759434054, 21.95732707191233;
  1.543534129419281, -2.452826621557541, 19.95510380414777;
  1.949565599853305, -4.720581412474275, 24.6772558191706;
  1.904150176583904, -5.113161862777903, 23.6666409755022;
