m=[-10.85452749285857, -0.3497801793620168, 15.52786023760828;
  -10.96759343571751, -1.736585790215286, 15.87475230646727;
  -10.77627457832433, -1.922352398566601, 15.83873506179947;
  -10.63396238132808, -0.08355228208441631, 15.80909378701637;
  -10.44393532085326, -1.906159824970219, 15.74308213061864;
  -10.33716645671417, -1.699189766050908, 15.74616974032762;
  -9.931931053686826, 0.1792943472357172, 15.64246300247197;
  -9.883483100754498, 0.2377193683540028, 15.64953774764161;
  -9.742793699609575, 1.328078463010874, 15.55413463523868;
  -9.846868434376315, 0.222090973472479, 15.77182198565759;
  -8.160469947667798, 1.443202043888217, 13.4502086540124;
  -6.221987178044465, 1.448980389765921, 11.70192293633741;
  -8.476248212222833, 1.139654667117861, 16.09121207514884;
  -8.296790869866321, 1.253391702188185, 15.77620013914917;
  -8.141629332496841, 0.9401403771520838, 15.58168358278958;
  -8.200938371906029, -0.9447252439042179, 15.7702583050696;
  -6.103943112932773, 1.425391118187637, 11.96448807740476;
  -8.139660243826874, -1.047436499853001, 15.75403773374959;
  -8.094548289925069, 1.257369646847922, 15.75339278661146;
  -8.057091988414106, 0.9669951071645169, 15.71985870567088;
  -6.803506766787683, -1.021055663668038, 13.58611020528488;
  -7.954203723749156, 1.102109095732896, 15.69102698179216;
  -6.622157495037434, -1.121433475762978, 13.28665035306733;
  -7.960728173595246, 0.8416892579300547, 15.73532961419652;
  -6.573882872771819, -0.9997048196347059, 13.47133550885518;
  -7.560789919076787, -0.6894571121947831, 15.35110007114728;
  -6.447634687648454, -1.367946592180398, 13.26762390077022;
  -7.697909776315559, 0.8268569250504412, 15.67868787511923;
  -7.701545027132918, 1.095407311771409, 15.73408567233184;
  -6.340649894640825, -1.145917690501714, 13.27758229170307;
  -7.631101232882436, 0.9506494541739128, 15.72444855999615;
  -7.49059837668232, 1.204972394334288, 15.58111894726361;
  -6.262624870206754, -1.377001641859613, 13.24536948422282;
  -6.224203256320133, -1.318423622294034, 13.24149392132491;
  -6.11629310207806, -1.372348355963556, 13.16774866646271;
  -6.085075743943427, 1.315072315675958, 13.0650044749118;
  -6.18424545235555, -1.247880112237425, 13.32534757675664;
  -6.234230878273062, 0.5136375755551627, 13.41216126596312;
  -7.947226260137141, -0.3520956746147845, 16.86775123354241;
  -6.221529150180692, -1.456925244699407, 13.45484947500977;
  -6.129367383876422, 1.278944480024208, 13.24266250125993;
  -6.104138830435545, -1.403314585492058, 13.35495756391271;
  -6.308227247542548, 1.058594040981622, 13.80125378964917;
  -6.025050263933072, -1.436128452625938, 13.30385100150093;
  -6.067239230378601, -1.361544503479051, 13.40112465743574;
  -6.164137644124312, 1.202683271819846, 13.5562911355541;
  -5.943820825844123, -0.9937484178337687, 13.23422176097234;
  -6.642682374235514, 1.130349334405487, 15.39882860579354;
  -5.700239286016068, 1.354227525207811, 13.65861263023722;
  -6.419515618796117, 1.064229743105304, 15.66899177076197;
  -6.388014300486306, 0.7116517800672148, 15.68694323577586;
  -6.398723189352334, 0.5569213990073143, 15.85410138486216;
  -6.336939067078953, 1.171206780073521, 15.73022590213117;
  -6.234406575052825, 0.5883651638560379, 15.63341782514813;
  -6.24498929031736, 1.161908839053539, 15.70188585050525;
  -6.080604030678777, 0.9806503760546732, 15.6771178387312;
  -5.923114338752791, 0.5669803744626454, 15.98252275126833;
  -6.219343862638956, -4.039949595135064, 17.46926654435978;
  -6.068183053313743, -3.828412375426969, 17.20042802114083;
  -6.000967048956734, 0.9754667113121568, 17.13540239337646;
  -5.911965098855855, -1.278618669830388, 17.31941853542513;
  -5.787778099037262, -1.369513513819512, 17.14073480786357;
  -5.959740392252502, -1.18404362990405, 17.83441080260192;
  -5.912785104953532, -1.437051215080626, 17.72511235263898;
  -6.085974104281187, -3.834950804943995, 18.35230525598965;
  -6.061621598079483, -2.625082053415689, 18.53301489116823;
  -6.192936220114712, -4.031265082420717, 18.98042985860856;
  -5.971311047011441, -1.341161018095548, 18.37398250787903;
  -5.734420700853052, 0.7104382442173002, 17.74878650736455;
  -5.720778054928983, 0.7679720448710176, 18.09086816996276;
  -6.219652705542235, -4.053613851262337, 20.83609370347543;
  -6.15837760870023, -3.916553403509322, 20.77180046951217;
  -6.198701293055307, -3.890309129240841, 21.41078094730975;
  -2.122052277597824, 1.220934503572626, 8.264848999530974;
  -2.25818261939519, 1.180851587082417, 9.286282884439141;
  -1.734440974848941, 1.28159697684483, 7.624612599885838;
  -1.339030745266021, 1.227265192078276, 7.640000180530451;
  -1.368828362265906, 1.219340799262362, 7.9974980437011;
  -1.852844816105873, 1.080544282136103, 11.82959439477121;
  -1.852076668753308, 1.075266613670036, 12.07788926575265;
  -0.9476864854393476, 1.179745804364444, 7.446449423422636;
  -0.6776959481127554, 1.217352100138434, 7.579064124054886;
  -0.3798318826363047, 1.257215035128839, 6.921490476065999;
  0.07544679774672307, 1.084051820800255, 11.85896892236887;
  1.429362300086252, 0.1853501378685074, 34.42289245795148;
  1.753934503117377, 0.1575450332249331, 34.74438661135707;
  2.338819566731841, -3.391282379306611, 39.76200214128399;
  1.263504037295083, -2.822501801031125, 21.09859417978796;
  3.483337725783088, -3.162830591032785, 55.25327858593727;
  1.552973321516012, -3.443806456597416, 23.8617847030955;
  2.360055217365095, -3.768582471639189, 34.28968433729482;
  2.244619054079595, -5.442301648054608, 27.47603366581712;
  2.071906862974283, -5.547813477812104, 24.85624923157473;
  2.277016525018611, -5.418779120206259, 25.65108023017127;
  2.057253893894718, -4.829370885236017, 23.05432446311696;
  3.047604571791091, -6.379071138583579, 30.72559435182186;
  10.16468642442343, -4.932842211950291, 102.3398940623334;
  2.914518807911492, -5.454969708864496, 29.31217764454811;
  3.09410411566783, -5.391961810027587, 29.79234091732101;
  3.321112269955656, -5.331348971390417, 30.17050660061871;
  13.07353160647483, -2.682328614652171, 116.1588849182865;
  10.0526596130236, -3.145988736498723, 85.89518619664722;
  3.53271088741167, -1.260162245631922, 29.92842881093698;
  3.400131538847889, -5.235367332069188, 28.52750430803188;
  3.382726731567018, -5.488213944952747, 28.1567256554678;
  3.123276777003822, -4.267692752061935, 26.00387420472945;
  1.318677387328974, 0.9497138000895639, 11.50664418524077;
  1.335936950126351, 0.9384647344319769, 11.54131843557176;
  3.527300052962207, -4.957330836201198, 28.28790163684799;
  3.52426220883336, -4.706453722508847, 27.78261191246073;
  1.556984007697216, -1.428857587409649, 12.27556070579339;
  3.560558084069644, -4.883961838121522, 26.70714370888394;
  1.469191875225644, -1.271800889172727, 11.5253949980947;
  3.858640415309675, -4.758733434750629, 28.24132427528652;
  3.187530171886098, -4.461291250788472, 23.64032004385221;
  3.774781592034932, -4.744160681620239, 27.51743875719449;
  1.676753562860113, -0.8125351185087518, 12.62156048477164;
  3.845083124508871, -5.374096668106753, 27.28236389572215;
  3.733373467248654, -5.589061751662124, 26.18509409694276;
  4.483604539481571, -5.063572105487535, 31.44166412308566;
  3.869421966536645, -5.361540347978819, 26.79105675886328;
  3.855064512408465, -5.795611993772706, 26.39146893875975;
  4.001254740020047, -5.151097998051906, 26.89795373107229;
  4.306810853341978, -5.311300926123858, 27.79921966259567;
  4.050854391793152, -5.386172673310858, 26.01900119315442;
  4.071868352828035, -4.637018834856963, 26.16433500364544;
  4.182833021573349, -4.843386188690046, 26.50589510534244;
  4.337732174937132, -5.174100536219278, 27.23800727797169;
  1.811229253241048, 0.9406289347851414, 11.84592750643988;
  4.689012305042865, -5.595944113868796, 26.39973733064362;
  5.219250567420093, -5.743494497479523, 29.12288772118963;
  5.06862745287533, -6.199513213978221, 28.26810948267938;
