m=[-13.55261198516888, 1.651687597294394, 16.94246013740798;
  -11.91920976333793, -2.782773235402602, 16.31950162170344;
  -11.89668496951163, -2.747157457508408, 16.41537545747555;
  -11.98278062344641, -2.706860732832473, 16.60061347873731;
  -11.78125448235595, -0.3947050826884072, 16.38829576588072;
  -8.504418394270484, 1.623070509853757, 12.0897439433092;
  -11.75460929286193, -2.512745220140206, 16.4032896982613;
  -11.57503157124292, -1.883831175173153, 16.16252375744839;
  -11.73604568237187, -2.285153054342616, 16.46533607346043;
  -11.81702670972727, -1.948514064786816, 16.62099238580495;
  -11.7602623238995, -1.878668313948653, 16.56613376797052;
  -11.6296374804886, -2.600770328207969, 16.44579469918176;
  -11.57160781633991, -2.082400887866142, 16.55428645298965;
  -11.42830056500261, -2.603652024488281, 16.48040281769395;
  -11.3442254683702, -1.850014518257883, 16.46499528638114;
  -11.1347795382923, -2.397091417928217, 16.28755024504143;
  -11.1562069369589, -2.276869955108767, 16.3284666654222;
  -11.16848946878228, -2.056142131877999, 16.38135971723652;
  -10.98823981773613, -0.400937381148836, 16.1841521124213;
  -10.86153719451758, -1.800899278169524, 16.1051754355532;
  -10.74932487761185, -2.344074352414303, 16.09541340777529;
  -10.64536430479925, 0.2363570038022533, 16.24243675233575;
  -10.55404074749857, 0.1784004959035739, 16.18921828933018;
  -10.57136643789545, 0.2795344074372076, 16.22231699167042;
  -10.54254272604559, 0.2410444746889312, 16.25550214828504;
  -10.41612491753489, 1.512157395840252, 16.05943060566571;
  -10.64425253427215, 1.442021287060529, 16.54089800510961;
  -7.912013876807767, 1.460328006275208, 13.2556047028659;
  -7.876319357929143, 1.476838699810571, 13.45969655223472;
  -6.29192018451215, 1.468021105189863, 11.89907751852863;
  -8.318805992106828, 1.265113929918098, 15.50158240811253;
  -8.803801487791473, -1.025644303535838, 16.48201098379672;
  -8.639771852977111, -1.136184733483948, 16.30251237764563;
  -8.549818231728079, 1.317244760355, 16.22548773436373;
  -8.556267001396996, 1.015056992026285, 16.27654057533461;
  -7.244644959752765, -1.099246773190409, 13.99855749614364;
  -6.961385347118839, -1.188883696225225, 13.51751006725865;
  -8.465882327305065, 1.160675665590429, 16.28465434205962;
  -8.532736205031229, 0.8844489577856191, 16.43491599132268;
  -6.924743681558296, -1.216858249711691, 13.60879761205665;
  -6.853115334539385, -1.413588862181463, 13.55626644614402;
  -8.333770773878948, 0.7782855361975608, 16.3175236802533;
  -8.278818578532045, 1.195195353863077, 16.24437427192142;
  -6.761762666099567, -1.120142182066135, 13.49972892104394;
  -8.432360209742493, 1.144219517421632, 16.61621651676613;
  -8.356647923163434, 0.8903342149545941, 16.56991602288201;
  -8.200778906438108, 1.154520066328831, 16.33386672181531;
  -6.695061885178224, -1.228151137611466, 13.57282804922928;
  -6.622325275762889, -1.319495163178381, 13.49341123231564;
  -8.051617090153492, 0.9909385197365552, 16.18314522505404;
  -6.638897950521232, -1.479925234698289, 13.58987263726893;
  -6.687343320537367, -1.558859367099303, 13.73630905826007;
  -8.021110300050477, 1.2787530348275, 16.26666918554163;
  -6.746363571202972, -1.638790672476761, 13.9693846229867;
  -6.42909806470342, -1.465811038399614, 13.38895298917577;
  -6.695388027012672, 1.273383144832054, 13.8753668015708;
  -5.821863291902024, 1.439635520771545, 12.21809898515854;
  -6.588637496679538, 0.542302266931081, 13.74166177529488;
  -6.50719490521062, 1.348166651686108, 13.6246568862108;
  -6.43961245519078, -1.504545025331554, 13.63917114807316;
  -6.388297357264807, -1.547748140417106, 13.65441538644524;
  -6.363361855026722, -1.450856865895772, 13.60973415100272;
  -6.423664823793795, 1.241520876436618, 13.70453747117591;
  -6.392613046763839, -1.256413475154671, 13.7623791712511;
  -6.366101044386814, -1.085560579710149, 13.7234002417141;
  -6.376747003476205, 0.950589767618893, 13.79086465208282;
  -6.228719784362515, -1.160658906163376, 13.59020838600343;
  -5.359020990733361, 1.39079897608142, 12.47163568336515;
  -6.077768519059361, 1.380932254415354, 14.15706609999935;
  -6.84729751217234, 1.110718165874648, 16.30163778284206;
  -6.832975939677144, 0.7363101487098402, 16.36686110392486;
  -6.731472294646968, 1.158515672142566, 16.19894208480551;
  -6.76800403424191, 0.5753879878282583, 16.36891682013909;
  -6.705555250928487, 1.228388868687998, 16.2534342990853;
  -6.149032169536226, 1.408568346601626, 15.0276836817378;
  -6.587372105187908, 0.5963307032328336, 16.12440079595793;
  -6.594228115938009, 1.211284978898282, 16.18455529927659;
  -6.263609402417551, 0.5785651766492231, 16.50434089926816;
  -6.473817929081791, -4.136455949586962, 17.92867695362211;
  -6.105510183532248, 0.7975168358177369, 18.10964575375319;
  -6.17325426586746, 0.7443216151934579, 18.74390128853008;
  -2.214641281136021, 1.213440959558733, 8.701302089273955;
  -3.722090673060028, 1.216060442816787, 15.35835744143509;
  -2.288011883666774, 1.107253169324464, 10.56308081287762;
  -3.926038323846482, 1.297074239847729, 20.98430362090926;
  -7.312576834298691, -0.572077089764056, 41.71324435054693;
  -7.627477583182749, -5.23332369787945, 53.31991049968381;
  -9.22682480482756, -8.507801292061901, 68.02250152501998;
  -7.678587945325585, -5.985680740545299, 56.78175687749092;
  -7.574848021384036, -5.190473086811022, 56.10806195961983;
  -2.815276621365952, 0.8061584723513491, 21.31555855114162;
  -1.290527281527124, 1.116470814206005, 10.32067892864465;
  -2.472247339097213, 0.8899008429664673, 19.27606479942536;
  -9.432517969971142, -7.324272270559319, 71.73987490214731;
  -12.22551347909019, -1.256837191280349, 93.14134543143889;
  -8.014138814840997, -7.30148546839687, 63.99362374637038;
  -9.038494949331806, -9.267678447006265, 72.27232580558669;
  -8.32383726962957, -5.706424334935772, 66.42147132762707;
  -7.172238249134698, -0.9474275947174303, 57.05824575363074;
  -7.446386685945868, -4.590381766070124, 59.70460301742565;
  -2.586240381721029, 0.8317617914808576, 21.55605166555905;
  -7.429581029613272, -0.9447843946612304, 62.40378727898339;
  -7.766881666595128, -7.852531751371803, 66.88530516691593;
  -7.583435998308597, -4.390804490824878, 66.88722442475206;
  -2.826304098310419, 0.2374260240394142, 25.43833950573131;
  -10.69348171392068, -7.115886182738504, 94.60914266291286;
  -7.695058519867718, -4.189084387219168, 68.78694385239538;
  -10.24911572566507, -9.178803651827789, 91.8711166801104;
  -10.21171803331624, -10.41480055665695, 92.20755879522811;
  -2.423469734870303, 0.660183458283046, 22.35063420507507;
  -6.10646105527947, -3.61759907511578, 56.36656008619848;
  -2.710496388925437, 0.3668627031725744, 25.42334820834777;
  -7.12557744311561, -4.596188078324521, 66.04385162899747;
  -7.411324645403672, -1.846749021915296, 68.71351431181317;
  -3.019760007303876, -0.3916782477790974, 29.2490268420628;
  -0.6717043505613723, 1.226330510785309, 7.182864956166999;
  -12.51914795773964, -11.74061106465866, 122.5120994791534;
  -7.988157075346427, -3.759644324515586, 78.3403179563755;
  -7.786056608027245, -5.237563749527785, 77.08328247506154;
  -2.954860943876027, -0.08877903739223952, 29.82702400499115;
  -2.914314321745551, 0.1260257665248941, 29.70735596336561;
  -2.757553808570036, 0.3130515829424955, 29.46484523593128;
  -2.898197526433864, 0.001015229668723547, 31.99226229520034;
  -2.52721796673019, 0.3107151031527495, 28.62662794677529;
  -3.955445045779221, -0.6873284820047794, 44.57339085624512;
  -8.095748389844813, -5.199158504273753, 92.02927127541967;
  -9.884265197525112, -2.385166298539559, 113.1664002475977;
  -9.549035274190636, -9.619034442376016, 112.5580985877849;
  -3.569120497162901, -0.08447673860608804, 42.61370609560765;
  -8.63554769835927, -7.162962452610329, 103.2404333174279;
  -10.26923240741965, -6.88980181114597, 123.3623972380163;
  -13.89937394441718, -12.98318272964514, 169.1279497708998;
