m=[-8.015605998184217, 1.055887821313499, 10.90236833933608;
  -8.033931917276027, -1.875678938314242, 10.99987059175007;
  -7.992013774178279, -1.845499002159849, 11.02760198329756;
  -8.017228645240564, -1.81105889258112, 11.1068472412725;
  -7.936996222181456, -0.2659116442027006, 11.04074627847069;
  -7.907014260608606, -1.690257140319406, 11.0340584134777;
  -7.841688243522446, -1.276231229972372, 10.94955739466945;
  -7.895918191960322, -1.301960977948561, 11.10583900428031;
  -7.924826561548271, -1.265968406543396, 11.16333405588891;
  -7.649170647445872, -1.742671933469072, 11.03063511273341;
  -7.643282965027482, -0.06777973191369556, 11.06586992528436;
  -7.527767354152664, -1.620575105123906, 11.01134410358952;
  -7.494981644032422, -1.529650589651124, 10.96981784436987;
  -7.48136961252466, -1.377335700361362, 10.97328400075317;
  -7.430942564603789, -0.2711392088941032, 10.94474700216283;
  -7.226400075756792, -1.575840275620139, 10.82039086115378;
  -7.04345052555085, 0.2527082172236831, 10.77952125993165;
  -7.114336293950186, 0.120257364286406, 10.91293334960468;
  -7.110537371167591, 0.1880210909617425, 10.91149303109043;
  -7.143411200922386, 0.9962548422477915, 10.97985498249519;
  -7.103630873391838, 0.1624172665699097, 10.95305847210522;
  -7.076999864181215, 1.027401050746494, 10.91121593826097;
  -7.051609254781036, 0.9553109173882083, 10.95802162525412;
  -7.024075595554379, 0.148520206624247, 10.959498979887;
  -5.351175408627531, 0.9876715887236082, 8.965235275987984;
  -5.977766915052752, 0.8957784149533994, 11.08962240871888;
  -5.828498147261075, 0.886390932015754, 10.86104717804777;
  -5.908827965280109, -0.6883794178647595, 11.06219484391658;
  -5.589969425842249, -0.7351163931597881, 10.54779539393184;
  -4.840112772937642, -0.7344015306598211, 9.352369552434082;
  -4.661671057031856, -0.7961324421099562, 9.051960536814203;
  -5.768075117219866, 0.8886699716370731, 10.9464119035924;
  -5.764967794030653, 0.6839163466008874, 10.9666671458145;
  -5.692580758588171, 0.7804549727311021, 10.95003525726745;
  -5.735417911605747, 0.5944968029591288, 11.04699703440824;
  -4.593366041283725, -0.9474714431196206, 9.086217129088661;
  -4.572244460622222, -0.9870925237562459, 9.10300047888019;
  -5.620448166390298, 0.5248900687981906, 11.00483785037235;
  -5.583500267186953, 0.8060780067025434, 10.9557260166028;
  -5.632369384341752, 0.7642779504895821, 11.09875134182454;
  -5.602115770651376, 0.596860773914179, 11.10811281313578;
  -4.442781802134983, -0.8852221621352951, 9.052452027849036;
  -5.528960619249108, 0.7783767924597626, 11.01228394220969;
  -4.470424185940752, -0.9232557652180776, 9.120024697068541;
  -4.441814466055974, -0.9901573070042509, 9.092426683157573;
  -5.447989725252381, 0.6705016909564238, 10.95004989943962;
  -4.394565808192188, -1.067504497799617, 9.099625209602584;
  -4.375053385962851, -0.9974963023102982, 9.111291120505426;
  -3.945958617402896, 0.9757601483032872, 8.281216950907973;
  -4.521898250734687, 0.8600112483249508, 9.371077018267991;
  -4.40911991240268, 0.3629089815416264, 9.195927776188956;
  -4.304961712922418, -1.005807224346134, 9.117957019466561;
  -4.256905854036336, -1.031357457401825, 9.098756294727238;
  -4.270008907734584, -0.9735689848171946, 9.132544617241029;
  -4.271920784384117, -0.8396095304111407, 9.196832843496615;
  -4.261018746480749, -0.7265976377588258, 9.185475581943836;
  -4.228665963192769, -0.7879691142458312, 9.226366512564393;
  -3.740534965891089, 0.9707616763497984, 8.705058150760932;
  -4.066585269395957, 0.9239704911809231, 9.472377284456423;
  -4.655786857745498, 0.7552274499750428, 11.08421984208552;
  -4.598222461726081, 0.4954968222461548, 11.01401044294825;
  -4.544715883887627, 0.3863731337113678, 10.99173048629162;
  -4.539562727844101, 0.4716633742795077, 10.98742591528623;
  -4.5257043309553, 0.8290625630664632, 10.96974601619791;
  -4.459688665646513, 0.4037193034973725, 10.91631174341015;
  -4.446392042708514, 0.8167518315916723, 10.91301007976168;
  -4.426894614619918, 0.4552226939176667, 10.92750552417808;
  -4.421373495561064, 0.7016038092080829, 11.13894678367001;
  -4.013860068929186, 0.8459494912943212, 10.83226152556373;
  -4.137004723785519, 0.531977610531754, 12.84723882807415;
  -4.322050052856683, -0.9299431241548278, 15.06790873685035;
  -4.317417065777201, -0.8931909478613469, 15.27282900869483;
  -4.556580730518038, -1.088702981068928, 16.23631772404095;
  -1.502570361551113, 0.7471968953421675, 6.513239405550632;
  -5.500658556480173, -4.664120854013802, 21.88095238345307;
  -2.6125720076263, 0.8535647708638028, 10.78018196198986;
  -4.605083337358652, -3.032750426885277, 18.52670303539007;
  -4.034642832002447, 0.5577434280226182, 16.2034595292574;
  -4.87654033029961, -4.691935724678096, 20.09642904310183;
  -5.1207104408212, -4.350256258606042, 21.12733309132028;
  -4.475813301474142, -2.859501192826801, 18.56519816368105;
  -4.992093391036406, -5.030862854233251, 21.29784789981756;
  -4.375877355159799, -2.894919726813846, 19.15927862955019;
  -4.627227004520397, -3.029978884138924, 20.63456244096066;
  -5.522493961589579, -4.751692521389684, 25.00899984492633;
  -4.598987793515127, -3.065329985375021, 20.93430778143772;
  -4.454900551637619, -1.269472886390182, 20.28220987790459;
  -3.02850627792564, 0.8057168827318888, 14.17066135642172;
  -4.50719880424954, -2.902977885819922, 20.95159355189127;
  -7.448125470396424, -7.604207148781681, 34.17638407139406;
  -2.59779334920019, 0.3209550182065024, 12.72525802987611;
  -2.666033212602644, 0.5565494893214452, 13.08934147404212;
  -6.860336325314659, -6.855235920627027, 32.61970473684671;
  -5.774388618402431, -5.02525077069479, 27.70279122052204;
  -6.752008052331239, -7.065747151123162, 32.46986500681036;
  -5.27829634460313, -4.007387410641298, 25.92511312601227;
  -2.63351427495754, 0.4955391458021542, 13.27714237363837;
  -5.427272109472735, -5.094190142785894, 26.890287687494;
  -2.589805282936874, 0.1411567146972817, 13.33531185645743;
  -4.413984871171861, -3.021209774162804, 22.53103755846986;
  -2.473065308076126, 0.6449702285711036, 12.96072896191071;
  -2.529548551650898, 0.3710483978768073, 13.46798028382017;
  -2.488377068954743, 0.1306417501507434, 13.28372797806422;
  -2.43020791291059, 0.8028857136122281, 12.98923151022356;
  -5.316848356762425, -5.105156083827515, 27.69297788284652;
  -2.378991884059997, 0.06276610647940895, 12.87862431463836;
  -6.288288431409045, -7.032210882582634, 33.20910816945121;
  -5.781862097586558, -6.680646920530252, 31.42768981493735;
  -5.170599274564476, -5.267482962044403, 28.30308197349794;
  -2.371276370352275, 0.1092161792387787, 13.63081362127402;
  -3.842636325927684, -0.1450376557047517, 21.81002092613374;
  -2.261436890140644, 0.210925812560342, 13.28024262996762;
  -4.946143906575192, -5.155525170817215, 28.3681238811176;
  -4.547893319479457, -0.3557905282529205, 25.94261771389105;
  -4.72948058120475, -3.286237525955001, 27.18986847548371;
  -4.994221616739709, -4.981956137693569, 28.98866695284172;
  -2.329675407805848, 0.1652536543600531, 13.97506348682322;
  -5.098602381873476, -5.583272374656632, 30.35845624402402;
  -5.211144298384451, -6.531689082687803, 31.39470517622154;
  -5.438248275300783, -6.41822660515733, 32.77570908960458;
  -2.119196135705898, 0.1815548916573716, 13.15898690907424;
  -5.117526157030801, -6.259295576805583, 31.20280214817928;
  -4.875925596182036, -3.243173848116306, 29.90975325192985;
  -5.034608404510673, -5.038550757549038, 31.02446988859077;
  -4.544463978734593, -3.171894477130204, 28.14062005077788;
  -2.187087331083199, -0.005913403010160033, 14.09420326392172;
  -2.032572461253837, 0.1688338096833668, 13.16449296772565;
  -4.95962013920236, -4.148610815619049, 32.07750340303797;
  -2.035440443248673, 0.30716570029638, 13.62361473375417;
  -1.983621283295188, -0.06984347478831568, 13.33995106115644;
  -2.029608194740137, 0.289933882608386, 13.8250155537085;
