m=[-24.5172176470319, 3.429060177508195, 29.65378263073561;
  -16.98593213492317, 3.632230639232338, 22.58543542569987;
  -16.44091986447962, 3.481586623590737, 22.07136087921647;
  -16.25354006558385, 3.541768388713851, 22.87564060963964;
  -19.85405077791964, 3.555383763080367, 28.59159288489271;
  -21.72098396064246, 3.5892619936573, 32.34669931332187;
  -20.48602823725782, 3.1837739445493, 30.809015024529;
  -16.25432835771599, 3.34746997425484, 25.95828237041986;
  -13.24353842036657, 3.275758206468709, 22.50202013077431;
  -11.95996992182321, 3.272529613901861, 23.85867224929922;
  -13.66912207694885, 2.906768880207405, 27.18537895643675;
  -13.2148986783787, 3.060808587353333, 26.53304379511224;
  -13.48407699587977, 2.592213154338733, 27.09486407352702;
  -13.19756720017069, 2.718946555717418, 26.55682052484602;
  -11.92749978745474, 3.046999315691881, 26.80497604730095;
  -9.320115010039592, 3.209835407407721, 23.62604964037838;
  -9.553204602807758, 3.109353324481621, 25.14061912214491;
  -8.682437879885699, 3.105899461866019, 24.48368038315299;
  -4.283907727130131, 2.472114659786123, 14.91261747346541;
  -4.333892527526412, 2.641396735171054, 15.96751854658823;
  -4.67974417823648, 2.659752877852186, 17.75352829481666;
  -3.523360801830307, 2.798991373965226, 13.67796543925331;
  -4.269303551960997, 2.495408747582869, 17.51123886954956;
  -3.164383454467287, 2.65748677049814, 13.2240483987102;
  -2.938041051429249, 2.824628081419492, 13.27187772034174;
  -4.428631867492993, 2.439369956313139, 19.8038913926275;
  -2.808787085313409, 2.615867021545484, 13.14737243751158;
  -2.624902611165739, 2.720899128582567, 13.24898179619911;
  -2.555065381120039, 2.615330760120336, 13.34203862951379;
  -3.592572834776365, 2.201575497901054, 20.18580680312692;
  -18.0969325032652, -15.02257189588436, 104.7023306068348;
  -10.99121274440575, -0.6226780192462099, 66.09263525063018;
  -3.95607620420231, 2.677532362423344, 24.61591154866261;
  -12.691137511527, -8.7166205627371, 82.20379121266237;
  -14.91431142539747, -15.59456125078464, 96.72528280894183;
  -5.54065460801539, 3.227538220760947, 36.41343587678525;
  -15.20708049095373, -18.83961017628517, 99.47912083142664;
  -13.95353833033205, -14.59124518918695, 92.67660383982741;
  -12.31341873461484, -8.733245720282922, 86.13597199632605;
  -13.05994536765031, -14.16502381489914, 93.41507086119859;
  -28.72915355753851, -28.00247564239391, 204.7235456433907;
  -13.83975818643958, -12.66508408966839, 99.61391118619383;
  -15.75124889147573, -16.70525377343003, 115.1815582326482;
  -14.49016151012952, -13.77690176545898, 106.1324913075871;
  -13.55435844030726, -15.73080673768212, 100.135594133656;
  -12.79872285460733, -9.163552917713378, 95.8112857726871;
  -2.515622764894915, 2.563327406853932, 20.40318571665816;
  -16.05542951629944, -13.18845563019164, 127.9055756360976;
  29.95484610753315, 10.10817487468252, -240.6675239166552;
  -4.638559482569772, 1.181504795591665, 38.20761655440398;
  -5.087347225153669, 2.233566803328467, 41.89034610340176;
  -11.62810221601403, -10.50326656053511, 96.23549273370128;
  -12.89179369315132, -10.66967817029098, 106.7543340700732;
  -5.049563900614383, 0.3895520552682688, 42.22422123118311;
  -8.814565171116797, -0.7003387039948891, 73.86063668156245;
  -4.986697638185197, 1.430729526683283, 42.91751123582291;
  -10.95412211948687, -9.924505799434808, 94.04107986832756;
  -19.68147232149164, -23.64838064786935, 168.8261535446869;
  -12.14608637595005, -8.783066706621263, 105.6670388858894;
  -24.39281912759415, -23.67404476426372, 211.6886613982833;
  -15.20852985888624, -16.65468244396256, 132.2567523740959;
  -13.00263092896148, -1.472399741107529, 113.2181355567947;
  -11.6891247880981, -7.595749368127641, 102.1913248616939;
  -4.656789737497147, 0.8049227771109713, 41.13978065302881;
  -4.658696512071116, 1.87009737824093, 41.57777615598372;
  -4.589422097862492, 0.4152138251497041, 41.65289727804224;
  -13.15602346709289, -1.445953520116555, 121.9282950622578;
  -11.71330241514449, -1.35752607897559, 109.2560509825765;
  -18.81563423372797, -20.51215340193841, 177.7605871510609;
  -10.21790924230449, -6.262327080781255, 99.61002172390145;
  -5.764885939059536, 0.4238489064435024, 56.76947205246175;
  -11.93150358366932, -8.486765906831995, 117.240309843198;
  -20.46372431404729, -23.70549128074242, 200.8262171336914;
  -3.739898651813528, 1.314377616657412, 37.40879153751008;
  -11.19284809265736, -6.442363977058599, 110.8870626422253;
  -13.78204287907176, -15.21371504556929, 137.8426306339334;
  -4.605420918591028, -0.3008320141323755, 46.78760881752582;
  -4.610622508530921, 0.9134089523931431, 47.26795184284264;
  -1.2336116118504, 2.719638388876314, 13.30835143104726;
  -12.1017373296912, -7.604156578241692, 123.7184517405215;
  -11.15013291226313, -7.674056057821646, 114.8046638916317;
  -8.270246616187764, -2.054861885357511, 85.74063375462076;
  -7.09718921763012, -0.7285626478529154, 75.6249190673398;
  -1.687726319060299, 2.539411639797614, 18.97186109340981;
  -15.13417864811071, -15.50246625743546, 166.6054840522487;
  -13.24475709042575, -6.570108319114526, 146.1858060948239;
  -4.314322848421641, 0.04250904109770659, 48.276190841645;
  -13.0004229634578, -9.414827803052027, 144.6053907040429;
  -4.349356973688149, 0.4026253403962251, 49.235720895234;
  -3.730465316726483, 0.6624285298559743, 44.62645361380281;
  -4.583526597627187, 1.980445085515548, 55.68336107967594;
  -3.053248313555006, 0.1657530752859982, 38.13180966598345;
  -2.725357277595972, -1.682462902230997, 34.06844698831993;
  -3.938890531256494, 0.761299014680347, 50.38268413408372;
  -3.607905614544906, 1.006615299484141, 47.01833736533463;
  2.353152968281511, 1.66120713331183, -30.83679564597918;
  -5.376887741048299, -1.286085020766904, 71.55059316236935;
  -10.63806395489113, -11.97343033453167, 144.9349134673812;
  -3.546382567626626, 0.04555664593677736, 48.8164853356526;
  -14.33987243822092, -13.24989600592479, 198.9647713858923;
  -4.025823865017536, 1.739985343074131, 56.1286127985766;
  -4.438717869267648, 0.7704533630521596, 62.23184927788449;
  -4.407914912812476, 1.39653447113037, 62.93476173222554;
  -10.31743163126435, -7.816037240204592, 150.3575889882359;
  -1.623023835810547, 2.546754449169653, 25.72492397524853;
  -8.235620801435701, -7.680595138601952, 136.1473803880445;
  -4.59833072051126, -1.386918871209563, 78.60640989700951;
  -5.746738514324431, 1.249578003392291, 98.23222512900112;
  10.02169131185121, 2.53841693408151, -170.8865015023235;
  -13.13483552697848, 0.4247200573300461, 225.2957318316524;
  -1.487124217886433, 2.155482982885284, 26.36361545093269;
  -2.383300287155162, -0.902015964556958, 42.70008651730139;
  -1.721105625667244, 1.916306677812616, 31.40071165413869;
  -5.535094977153642, -5.445940724221143, 104.2322159490159;
  13.36491122006654, 8.443088117534463, -253.7159329256888;
  -5.212717578798238, -1.605573141833823, 102.0147664952889;
  87.35230250372381, 132.051595244086, -1706.05477157798;
  -18.80673932067508, -23.26995926961744, 372.811661886284;
  1.435722218199995, 0.2713862968872459, -28.32521527728135;
  -5.570857310667673, -0.191408769109551, 117.7950748284047;
  -19.24520974604235, -20.17484307966016, 410.5930496333132;
  24.11322096918123, 37.1547244590023, -517.138784425157;
  4.789440635602231, 8.234486404566301, -106.1015297371684;
  -2.923521299362251, 1.917255294127048, 67.19224617918891;
  -3.867729455403686, -5.48828438857469, 89.04150618048246;
  -4.084530095808284, -4.30981440180918, 94.90786945330756;
  3.007501603501933, 3.625046640426256, -70.54163089579934;
  -3.65372440376916, -1.309663698602274, 89.94489322031492;
  -3.512525996773228, -3.383458954176771, 88.07553532562461;
  11.63496308097615, 21.88828114111932, -293.1599944643682;
  -2.428287010040355, -3.024008179978035, 63.18524227082776;
  -2.189164055782511, 2.669727240013982, 64.00120761871344;
