m=[-12.86412960180984, 2.031779034983661, 16.38640189965803;
  -12.66198442164852, 2.034752623985602, 16.48023369298988;
  -12.5344643871864, -0.1222204737941849, 16.68629284419403;
  -12.01970134884749, 0.1907513291336828, 16.67147641748802;
  -11.79377055929333, -0.1462732199687516, 16.62369475950146;
  -11.17243938522138, 0.4850976918369343, 16.41680839887093;
  -11.20713107618164, 0.5989535426967484, 16.4759771395019;
  -10.78581338834839, 1.915421166677694, 15.95322422117023;
  -11.16148510333005, 0.5560399309261209, 16.49473450116338;
  -11.25603834247702, 1.879310187152466, 16.78656130320027;
  -11.16434266159443, 0.5459110998681959, 16.70134823031471;
  -6.931728669495661, 1.819798896071024, 11.55488652237907;
  -6.637253429785274, 1.795833752899415, 11.49880280699256;
  -7.873484757688618, 1.839417679898983, 13.53415178566713;
  -9.182916305459781, 1.722616672364568, 16.48643314925942;
  -9.175736012369773, 1.366188513330075, 16.5184661839015;
  -9.142926327643181, -0.8468537264225673, 16.47907256629959;
  -7.364778836659912, 1.802249455075702, 13.65012807772106;
  -8.937364386186749, 1.371377823021601, 16.40300079561886;
  -8.865858940474199, 1.533713546224863, 16.46009151514005;
  -8.777293197109358, 1.213534667586772, 16.32768034986453;
  -8.616911809579275, 1.094207696624154, 16.29364884952019;
  -8.690385821550175, 1.576638869150659, 16.47237100533833;
  -8.296002993614366, 1.473391118660101, 15.97673729229665;
  -6.189955518443179, 1.808457562354309, 12.17879867841164;
  -7.579990114375292, 1.207179376264016, 14.72477089299476;
  -6.837139845095678, 0.7051190150089767, 13.41591504053152;
  -6.77482713134905, 0.5780985211626426, 13.38386304232264;
  -7.073722472520006, 1.615265024835898, 13.94284878093903;
  -6.788048000966181, 0.7836124415161412, 13.4269929721787;
  -6.720250822014012, 1.667988303389638, 13.36340054425955;
  -8.493712247335497, -3.025454566726067, 16.66098122281059;
  -6.763678291680993, 1.50569835076853, 13.48216548011152;
  -6.782797469828687, 0.7018870000088917, 13.51766000359536;
  -7.022670561415048, 0.952249567193307, 14.08123544541175;
  -8.598072488847002, -0.1839184070563583, 17.19280210148507;
  -6.657519018944943, 1.564032937287444, 13.53876953353389;
  -7.840540766391022, 1.608369273460021, 16.09288438434187;
  -5.348899349075714, 1.652334009409182, 11.80269844273919;
  -6.111794524671113, 1.680122019145552, 13.64064617820994;
  -6.876347483834907, 1.420714538225685, 15.96620100809584;
  -6.996030356846164, 1.029321944916213, 16.32075201162579;
  -6.877753860689903, 0.8533538488652178, 16.20312097695547;
  -6.917007863538159, 0.9862215092777141, 16.30706554580677;
  -6.736855427782161, 1.536281891467299, 15.92079172752788;
  -6.89773412612384, 1.138816820774846, 16.28068176578145;
  -6.834069416167067, 1.000844866343106, 16.28189308072238;
  -6.749136088691937, 0.8767648733823933, 16.09025936248738;
  -6.741613180207901, 1.551361190749279, 16.1383989399642;
  -6.71856331101294, 0.9587272546496306, 16.16187218656795;
  -6.332282006936457, 1.285575080164497, 15.6037621216715;
  -4.826367723650943, 1.690823815025465, 12.63169665950631;
  -5.911093435251922, 1.546750181617223, 15.6276724496944;
  -6.659784999644161, -4.236415675715249, 18.04887665136592;
  -4.012713049326917, 1.550591228426549, 11.26823093615229;
  -6.652465501052001, -4.030247746497853, 18.45512835820532;
  -6.835963153671387, -4.247489365450819, 19.22962858290405;
  -6.454444544525405, -1.43507392913345, 18.49789384718474;
  -6.758676712096288, -4.334155411098071, 19.79032131972776;
  -6.161679898906242, 1.132160803249394, 18.23027374872824;
  -3.879797507421352, 1.543428687790952, 11.81742645876109;
  -6.626549664171651, -1.258980321967627, 19.64924485700641;
  -6.581838133905213, -2.854569455127557, 19.66460189091364;
  -6.445059094720784, -1.357467104528315, 19.44622699901844;
  -6.028216997547291, 1.075562940974624, 18.78876110055951;
  -6.874943239757979, -4.462062633448373, 22.2327128391959;
  -6.761934647990567, -4.535048231172085, 22.45155423598755;
  -6.697025549686971, -4.360131354176685, 22.38071184166437;
  -6.74390738627926, -4.420624156271996, 22.59271878824908;
  -3.93407414171738, 1.581136488132951, 13.51826162015762;
  -3.895089032460174, 1.626003352285889, 13.47528693439834;
  -6.875178130360301, -4.436926105736751, 23.69623505525636;
  -6.362413357085233, -1.327852937406016, 22.07810460659194;
  -6.465954933298863, -1.233961088799509, 23.00605363512701;
  -6.515663045403451, -1.569300034980169, 23.24894051109376;
  -6.830095441185947, -1.502911258208162, 25.01733958054233;
  -6.640027154393436, -4.576069266035075, 24.47885830444638;
  -6.705772847533114, -4.182666386921581, 24.75375291639329;
  -6.120559018362664, 1.004690439660622, 22.77628372283484;
  -3.669761509316059, 1.544474642380179, 14.21140694485397;
  -2.171987740309033, 1.337982832737028, 8.953596211435114;
  -6.729649352046693, -4.655095753700723, 26.20947269604148;
  -6.550713453015072, -4.365147227300984, 25.93181428466578;
  -3.753903926890981, 1.56621089256411, 15.27991694988072;
  -6.440467420765295, 1.371274268251268, 25.86371720608713;
  -8.036372259219645, -7.348394740610962, 32.11526271350429;
  -3.593317392441156, 1.492513210513226, 14.95767192752148;
  -6.583520005989323, -4.260280467308792, 26.7581971501418;
  -3.804338741839044, 1.572795173639969, 15.90936004308082;
  -7.196462253933961, -6.081740871814383, 30.01560123417452;
  -6.214023499901523, 1.230335088345503, 26.04476162493066;
  -8.136238550391354, -7.138664130664306, 33.85271630634341;
  -6.750669199969022, -4.547252221438236, 28.27006472736061;
  -7.179452790235502, -7.511409325138802, 30.04157003695253;
  -6.804297656213541, -6.870382566143797, 28.57329268639296;
  -7.43028612454571, -7.281242243404589, 31.20211225829416;
  -7.274146723844607, -7.298687854884693, 31.28995320105601;
  -7.375511592473713, -6.485837494598473, 31.86073186866186;
  -6.643909166322718, -4.355463182466268, 28.80679978973421;
  -6.445858451769894, -4.370154275872077, 28.31771952576519;
  -10.9660625443424, -10.58254181139664, 51.57485431574058;
  -10.54712479634887, -10.60119038320624, 49.98907911795062;
  -3.924324351163159, 1.381836142644127, 19.32155433503718;
  -6.690931576511554, -1.792599582391343, 32.46988958872002;
  -8.581579762034194, -7.742219227560061, 41.47176684992737;
  -9.257386064836718, -8.135312878717963, 44.67251097150061;
  -7.026306674368211, -5.040865368398741, 35.13984861594037;
  -3.820744586153323, 0.7141741629342338, 19.55901747060704;
  -3.84334887215813, 1.102801517912796, 19.79847324048683;
  -3.731058011442796, 0.8095845332040527, 19.62461138032419;
  -9.043013522251902, -8.309052881073832, 46.81292319373198;
  -3.678939566372889, 0.9905691824841328, 19.56451607005181;
  -9.679421892735205, -10.75138402504681, 50.35192176516979;
  -5.92575487177918, -4.721113405498404, 31.44595345071526;
  -3.670528259684711, 0.4347698319161223, 19.96315725988239;
  -8.414928236845695, -8.384116124972904, 45.06112452629999;
  -6.752067893322034, -5.85192222343613, 36.49767006720008;
  -9.846819626681919, -11.39493026531565, 52.73686843527399;
  -3.438080893942581, 1.216121994472048, 19.06728086149522;
  -3.38769702749889, 0.4081527534446715, 19.19567692739677;
  -3.512016847396473, 0.799342857054502, 19.88954991473618;
  -3.492262409925429, 0.3121789820894534, 20.03433873671032;
  -3.211412486355719, 0.5527460344209442, 18.5082132057475;
  -7.134253642772282, -7.335808767002131, 40.50982770482449;
  -8.559352239933611, -10.30120719206626, 49.52376065562444;
  -6.62204315589191, 0.07730020928072644, 39.50410739071904;
  -3.963746461790186, 0.2903782566688161, 23.96807575571341;
  -3.858267205595646, 0.4339052103569923, 23.81978370769957;
  -1.621349887438607, 1.235132804374307, 10.44830411048922;
  -6.966915296241785, -7.873760198903181, 44.11845144946459;
  -7.001733129699051, -0.2330381550555313, 44.50689132915668;
  -6.576917566743324, -4.856535089229991, 41.89949274696382;
