m=[-18.15711052202794, 4.001968657839033, 22.67795525346809;
  -13.90992652306511, 3.651797428612375, 23.1872351288012;
  -12.06001261327102, 3.467207421249543, 23.24361404965459;
  -12.03486325134133, 3.516105954871571, 23.67871242751098;
  -7.841488033608771, 3.119435373338638, 23.88428983398567;
  -4.71234164306377, 2.926108872717299, 16.00310038777545;
  -8.396908481134204, 3.374786012863128, 28.85344850133918;
  -7.764970469185236, 3.241483803855829, 26.86336672600067;
  -13.3720823287673, -8.629731484420375, 46.08869763554824;
  -12.87847292111146, -2.68777225524937, 44.68937435648154;
  -4.245847232306178, 2.796368794968786, 15.37778230162693;
  -13.67909420293883, -10.23106216256457, 48.45879464799749;
  -12.66657769987282, -2.417286258740493, 45.06804778920792;
  -13.60969448848087, -8.959866441808829, 48.41137022570548;
  -12.76509503897903, -3.074478215279559, 45.54792553139236;
  -3.424549372192617, 2.936506492620892, 12.96551504245892;
  -12.67090662357423, -2.557925036630385, 45.79387951577;
  -13.44000466192682, -2.409833701114733, 48.62966441923184;
  -4.553677682204042, 2.810141044196763, 17.11966303456036;
  -13.26143386410972, -2.918079026270938, 48.5741081014426;
  -13.86679932531856, -9.556502215338121, 51.12078729920097;
  -12.80070690287648, -7.984327490483509, 47.2526497740736;
  -4.45550200765638, 2.661703794144728, 17.10362381519701;
  -11.94072419777159, 1.960071197440175, 44.43471933995333;
  -7.577755033400566, 3.061842744160931, 28.83508753183794;
  -7.139068705226553, 3.004585054762119, 27.6465406048021;
  -3.188261290624983, 2.891542808552108, 12.98306932529452;
  -12.47413014267773, -8.628721530733088, 48.58208151394207;
  -12.14979333261142, -8.096161900306933, 48.09646866072816;
  -4.338766618921369, 2.672756914614674, 17.88571990555905;
  -11.36053238232513, 2.418831539973322, 45.62178140979376;
  -14.34391372633449, -13.11596038441963, 57.32170471976164;
  -7.680082024452318, 3.204298340273527, 31.26105989587603;
  -12.84430097657456, -8.311712354022518, 52.20464697825337;
  -7.454681096929066, 3.096361607447973, 31.0311230526756;
  -13.59629174035736, -11.49024621608228, 56.70854049418212;
  -17.70396064430498, -15.53329932983755, 73.66145344417137;
  -12.66281474421201, 2.507152619759118, 53.07350246082682;
  -14.08362365713528, -14.73480850989498, 58.93125546355636;
  -13.18148586603166, -8.879051707413577, 55.2006693850758;
  -13.32928804113866, -8.961635508201747, 55.86951830676158;
  -13.31216943274136, -13.44146029601447, 55.90180393493288;
  -13.96358960503489, -14.01069922425165, 60.0647858570233;
  -13.11653978484543, -11.53435181672739, 56.66082303443759;
  -14.92314462354453, -15.89731005245765, 64.53869441581917;
  -13.60734585578925, -8.920394966624421, 58.9990136716975;
  -2.803025804040591, 2.849902754556171, 12.88428261964769;
  -13.12865212248324, -8.90094556664573, 57.6763345545916;
  -9.728035044259446, 1.344368005256061, 44.24987734044442;
  -18.04984802906582, -16.69650339467764, 81.9977740289161;
  -9.398391523955738, 1.381612233932615, 43.19427357981647;
  -13.52967030741568, -9.205459175527444, 62.30429281986488;
  -12.68289483156209, -8.539868203906581, 59.83233805893022;
  -20.72638124074944, -20.00150876326511, 97.47893454571324;
  -20.58861242920675, -20.6941516576749, 97.58164386266871;
  -18.47764038865488, -16.23799469627009, 89.16583873767473;
  -18.12883927699156, -16.35566549700162, 87.61032544163912;
  -13.04290329906177, -3.494386803946182, 63.29486786617066;
  -8.0343117784606, 2.829048112054662, 39.55722760942131;
  -2.490331450225677, 2.803694140361147, 12.87491335518768;
  -13.06130446940847, -8.667644302578701, 64.5939574276721;
  -19.11039708536055, -20.68479630497917, 94.70430348034309;
  -6.766382202584722, 1.26477319712418, 34.63821899866935;
  -7.463454644143415, 2.141546183865669, 38.44694092802641;
  -19.33631725181773, -20.54986516048579, 99.62259936993743;
  -18.16823345054249, -16.69364002661136, 94.05140388137376;
  -7.624223583670875, 1.654344015048598, 40.10187578090877;
  -17.77959358044354, -19.74862140641634, 92.48865427086294;
  -7.150012924592125, 1.925169557608963, 38.02360442201464;
  -11.03638752458751, -8.79281006690738, 58.56633220098644;
  -16.35217066048132, -16.29229553171342, 87.56428785463562;
  -7.207082350612229, 0.8536705783190138, 39.19765989284424;
  -12.48036191812488, -10.81655404227104, 67.46142645536415;
  -7.213846103874309, 2.551690080100993, 40.00732792428346;
  -3.356042794426764, 2.305941659689114, 19.22611698810411;
  -3.717782680633954, 2.716474388439292, 21.42942029053354;
  -7.027230433613128, 0.8466469779580461, 39.81833204181129;
  -7.522268052450789, 1.712084963667893, 42.60074265080974;
  -12.52652173285485, -12.88041784735469, 71.12828651008009;
  -6.958333088162357, 0.6220166429441574, 39.91842128898929;
  -6.330719684616562, 1.089638972125118, 36.48559945710048;
  -16.39739650520085, -19.73431798056803, 94.87408826456216;
  -9.426582588082692, 0.1100380637375505, 56.23471821620054;
  -20.52102674678591, -25.6818545878556, 122.5863231387951;
  -13.52571022373513, -14.83212926532233, 81.16921643944451;
  -8.548701312767417, 0.6262653295091661, 51.6924890763162;
  -7.583269255602718, 0.852823266562231, 46.8168283429759;
  -6.055467203069559, 1.039962734530336, 38.27125057679655;
  -12.47363450246266, -14.09725864388454, 78.99011467702597;
  -11.93753236780575, -0.3973159883956776, 75.88156332017431;
  -12.37328706742285, -9.136696971224167, 78.82635694859361;
  -13.9964229571805, -15.11640407198617, 89.92808779630128;
  -14.12831446544926, -16.87114437658314, 93.53408664480276;
  -6.346784311405568, 1.016681634920655, 42.7034930335231;
  -10.86190392747514, -0.1553666803406963, 72.75816698273597;
  -13.50417164725308, -17.41023264870874, 90.66727666774892;
  -4.119378927589092, 2.7401580063081, 28.56471095994294;
  -18.57314003748504, -16.79065923657943, 127.144974116526;
  -13.10052748564718, -9.282135104762133, 90.27775416801772;
  -14.35829653578026, -15.68872504294361, 99.12816621912523;
  -14.22240763410658, -10.61719170501533, 98.81263788666362;
  -13.13631730333005, -6.667678087643697, 91.3679497482301;
  -3.062698407167164, 2.496224129803704, 21.94926062313917;
  -5.473490072439106, 0.9211294382146512, 38.73565314163317;
  -6.618624170350291, 0.4414292976811439, 46.78349561825903;
  -15.2121942955222, -16.6633152760947, 107.7723802562381;
  -12.68320765211917, -0.3672058128811369, 91.17046796773134;
  -5.401323802858656, 1.35055692727066, 39.87254598770334;
  -5.525054654815968, 0.1645589829778903, 40.84083430355816;
  -14.44481985767833, -15.91339170735476, 105.8889255187556;
  -14.40901721914279, -13.12540051264071, 105.6263398824487;
  -6.080475162390105, 1.486455603241726, 45.91302256802346;
  -12.70966394679522, -9.338908239121549, 95.19269199846357;
  -4.54203068157512, 0.6011823644558348, 35.14544245382361;
  -18.05862235444619, -18.4213232798826, 138.6423503936134;
  -5.622959627031315, 0.02995303472797246, 43.85752483330875;
  -12.19613553443268, -11.69447504627876, 94.31109875804047;
  -15.34128779517301, -17.12795976202298, 120.7540764539307;
  -25.42522405328828, -17.20807355860055, 199.9164168024381;
  -22.84220504257596, -22.799819326014, 180.073161591949;
  -11.89325832081941, -14.56875194576162, 94.51098000531174;
  -14.07931052737224, -10.47930984105293, 113.6085123152118;
  -4.924833032032569, 0.4087194239337063, 40.41957825344113;
  -7.314039159563416, -9.458259785405396, 60.56761084235635;
  -6.595477181292394, 3.767758629202982, 54.73457089883384;
  -14.90314706613006, -16.38421756886333, 124.5825466369708;
  -11.6009927043798, -9.990288247654938, 100.3607556292967;
  -12.49321931446973, -9.391157926270401, 108.4465099288737;
  -8.997089507669946, -10.71595861817565, 78.66159850078097;
  -4.852625155708354, -1.626279388905401, 42.90001384403139;
  -4.518393103493557, 2.37652234708425, 40.15087054859986;
  -14.27494960512983, -16.44502956436421, 126.7351542347214;
