m=[-12.55249754568338, 2.129381286434985, 16.32831301526487;
  -12.45458837836063, -2.644715345737122, 16.42047998968652;
  -12.41032152301432, -2.557917849774873, 16.4405106988368;
  -8.113844388466447, 1.958992233955037, 11.06788784820976;
  -12.38756381526651, -0.050833786496706, 16.48762734794773;
  -12.25809171917114, -2.107881877570597, 16.34183889775724;
  -12.33560473325378, -2.389089628775522, 16.44999332712074;
  -12.33575318438435, -2.546142407548081, 16.45171176180082;
  -12.28097075202603, -1.715918954525375, 16.3824200871926;
  -12.17468014459674, -1.520779969753086, 16.26417215355348;
  -12.0922624430817, -1.86654003877358, 16.23790576318111;
  -12.3342423032359, -1.756999333318285, 16.59779569291624;
  -12.34454038711315, -1.58032872771684, 16.64205803074204;
  -12.03716714832426, -2.452974059927894, 16.29359411802238;
  -11.88352163548982, -2.677923036862351, 16.13143295581174;
  -12.19724254220078, -1.925934360616153, 16.69812500937912;
  -11.78374972866523, -2.462908775702882, 16.25667696796596;
  -11.83024841601516, 0.2628968870497399, 16.41540101732046;
  -11.76037838529346, -1.648937393320199, 16.33609066936024;
  -11.67654836641174, -2.394475123986356, 16.3241788044281;
  -11.69346876894943, -2.27442998752856, 16.35677910533363;
  -11.75126465760057, -2.154326350791141, 16.44955642207865;
  -11.66359199322377, -1.885804200679091, 16.36210322575537;
  -11.52106346215505, -1.943820071030791, 16.26916742337971;
  -11.4630432750715, -1.638077756437447, 16.24988874143998;
  -11.3554208953721, -0.07040693793439468, 16.22752023887482;
  -10.94672933238223, 0.7060522319186351, 16.01765453173611;
  -10.99654222598073, 0.5577789742850967, 16.16430120446499;
  -10.81309557403195, 2.030364898481814, 15.97712833751563;
  -10.9520335272561, 0.628546196587756, 16.19606269128663;
  -10.81700104636736, 1.917880902876955, 16.14047550568358;
  -11.04825921009413, 0.6073260690001187, 16.53947667368188;
  -6.754669897140398, 1.869366072584839, 11.14624363013015;
  -6.485348525735454, 1.882552718614673, 11.31484056365386;
  -6.157130164162462, 1.847935411030701, 11.18518827119016;
  -9.002067609492128, -0.883320116639277, 16.12675695467893;
  -8.886142794691745, 1.596609760424768, 15.94855082750925;
  -7.135262213478007, -1.00134231334924, 13.00941979727176;
  -8.36233199865227, -0.8746792702613137, 15.1575677608771;
  -9.119918727664512, 1.458062404504154, 16.45952938527919;
  -8.862068098661066, -0.7761480095380249, 16.04338331467104;
  -7.055302478611608, -1.05790377219435, 13.04296954258969;
  -7.076584894006198, -0.9052786470863375, 13.08269784261352;
  -8.629197450675415, -0.3332877509713627, 15.85854911695402;
  -8.745942962262612, 1.779905356854414, 16.08095161883207;
  -6.906843247612515, -1.389166697863397, 12.93299807044851;
  -8.659335256992696, 1.432134356416198, 15.96061516253476;
  -6.876751092097373, -1.325180187366129, 12.8858236727683;
  -6.76457396571715, -0.9471482550662146, 12.6922970475646;
  -8.642373141798219, 1.605667400326845, 16.11753966972802;
  -8.577482717242138, 1.286007422850886, 16.02506368641678;
  -6.811243565486856, -1.075505531984386, 13.00942447130783;
  -6.862080323447053, -0.9064139719209312, 13.10172949910822;
  -6.710849402060823, -1.395711597061923, 12.89164424574402;
  -8.263319658596801, 1.824903034513737, 15.65823404779577;
  -6.73605401156032, -1.228654022958645, 12.96918519941769;
  -6.70401387316119, -1.345637810448885, 12.93186259509246;
  -8.420284046192705, 1.172132775228065, 15.99380821631008;
  -8.434103232143627, 1.17028005065946, 16.01994774755331;
  -8.392402088126966, 1.630603324032567, 15.98484575728052;
  -6.704034637419069, -1.415989422161919, 12.99326989384489;
  -8.147984686844401, 1.502823187537408, 15.58820752239922;
  -6.651175431987025, -1.271155228539133, 12.91366530913491;
  -5.950535740261064, 1.8397713166218, 11.63690545664131;
  -6.67896912889571, -0.75820598125188, 13.01498281883288;
  -6.710940573828919, -1.499909565254374, 13.09860159806975;
  -6.63840261287181, 0.7570627106459775, 13.00524753949027;
  -6.673715443638466, -1.207223609346274, 13.15125914093161;
  -6.612226487676828, 0.63942522737208, 13.04954221514131;
  -6.625532395923252, 0.8240664393294455, 13.09069080107088;
  -6.911046683718236, 1.681266167322121, 13.62330697451015;
  -6.531214955943357, 0.2692360389044788, 12.97563126820152;
  -6.609789459185159, 1.737998369862855, 13.12512837217292;
  -6.674998550614352, 0.7586463745743985, 13.29229542321512;
  -6.544596555448622, -1.003596802955005, 13.07027419341341;
  -6.465794125689355, -1.369274837433221, 12.93783706523366;
  -8.121253646220357, -2.912169838583347, 16.03579638702058;
  -6.444861092369358, -1.423145900213731, 13.01345051060062;
  -6.276260171852381, -1.076596899581723, 12.79400082414049;
  -7.960901376841461, -0.07727672808903066, 16.06809278557139;
  -7.823034037053021, 1.60363923221327, 16.20878759601169;
  -7.177744350907274, 1.695740667299445, 15.96049319941068;
  -6.721533103435865, 1.503190598823287, 15.74633536955292;
  -6.773695087257025, 1.096414115920351, 15.961737521883;
  -6.650940603864703, 0.9113089066335728, 15.82336795330129;
  -6.671213716508957, 1.053365972232858, 15.8896628299383;
  -6.622747031193009, 1.630062666136665, 15.8047571018291;
  -6.547674991562133, 1.063061186007535, 15.76752444218091;
  -6.55813108886576, 0.9478148438546726, 15.79755051399028;
  -6.449703999170589, 1.601609212669502, 15.60428378863857;
  -6.450734820001524, 1.019659106088911, 15.68737884319226;
  -6.180693182532227, 1.359716309415795, 15.37680493546807;
  -4.377011006376632, 1.70859995036223, 11.74000387586042;
  -5.97315542779359, 0.8292780723297845, 15.94559380489857;
  -5.819633122693471, 1.649998134114446, 15.57028700798388;
  -6.267129461132153, -3.887122362886907, 17.72897731430625;
  -6.130875750870954, -1.203718724880747, 17.70053847756005;
  -6.046343468252039, -1.365773754779734, 17.48256817016854;
  -6.160635328350835, -1.310638840435757, 17.84222271817934;
  -5.956406929195468, -1.310755910582589, 17.42395612903207;
  -5.949885087705777, 0.130888952881268, 17.57798000827789;
  -6.109124679631015, -1.081715239237262, 18.18321733582561;
  -6.278700761234902, -4.141942695984662, 18.8125493340841;
  -5.870209576632991, 1.1812413311429, 17.73055350731786;
  -6.333894554334994, -1.180067311571433, 19.22403735667028;
  -6.262391912003525, -1.396750790473769, 19.08586863367225;
  -6.180518471430087, -4.236769677429852, 18.93149866533411;
  -6.242493458003705, -2.755704661915315, 19.11004184018698;
  -6.110041072465065, -1.433491760895123, 18.83298292532542;
  -5.808658778457092, 1.102742391275418, 18.05880929162555;
  -2.018866127372056, 1.457251636714483, 7.037924682517724;
  -2.055797051711708, 1.467568077737228, 7.402233971769682;
  -6.201238862308909, -4.281333610194231, 21.27052845932222;
  -6.227076094786991, -4.208557033220422, 21.54485244443747;
  -3.681524798226558, 1.676408721775128, 12.98683940283657;
  -6.004740318038593, -2.71434270781154, 21.39156346241159;
  -6.367961181989204, -4.234502759716956, 22.70862121067496;
  -6.351073128616176, -3.316682844432333, 22.6540285710331;
  -5.717843719486485, -1.181428575018436, 20.52729474848379;
  -5.874058997679941, -1.406881006758716, 21.1366346292634;
  -6.230245863715989, -4.233443775995952, 22.98936339177722;
  -5.993512943326319, -1.116632286294732, 22.08930163454006;
  -6.018676513075348, -1.446148355403464, 22.25758447506319;
  -6.092402569682153, -1.208970076070176, 22.83454512799014;
  -6.324495919438921, -2.877483646580204, 23.72783593060593;
  -3.741584145081653, 1.665145338037228, 14.31771780995868;
  -6.214457058388389, -1.356076733563613, 23.65273484864509;
  -5.846738205114484, -3.769926893478554, 22.42977717487081;
  -6.115972754514121, -4.36030003205003, 23.45646149740177;
  -5.787810512798214, 1.093940539226375, 22.3564577359766;
  -3.589482009148057, 1.660850335368584, 14.26978608977806;
  -6.295429572947998, -4.356837491103807, 24.66054176099735;
