m=[-12.51687651512376, 2.231249483429939, 16.4373063737935;
  -12.20009427804737, -2.634897302992789, 16.11206358440069;
  -12.29422064252743, -2.625751017620999, 16.37767613643498;
  -12.08329135357772, 0.0514489139493309, 16.16809155792642;
  -12.26276658978017, -2.542087106521184, 16.41992140175051;
  -12.12957070298328, -0.000459646089841841, 16.31828412731932;
  -12.24229539880663, -1.699595474189347, 16.49776381745787;
  -12.09936914175064, -1.500540791012225, 16.32908309135398;
  -11.87737643967751, -1.798760817001843, 16.10473488023244;
  -12.03452561630259, -1.613004542126783, 16.30713505983104;
  -12.21352378461859, -1.865144062094703, 16.63477922658066;
  -12.23114656775389, -1.559410506130648, 16.67506085355451;
  -12.04490637262644, -1.652021595744439, 16.43741401970976;
  -12.20886935465287, -2.505776793055621, 16.68799315531512;
  -12.03844225979648, -2.533002962206383, 16.77716210971554;
  -11.62728464954957, -1.62709003701272, 16.33127147369656;
  -11.73669928183439, 0.3188788766619289, 16.46540108520531;
  -11.53687859229257, -2.385736113050844, 16.3157783135829;
  -11.56653546854269, -2.265141805443068, 16.35954015948911;
  -11.49803145824812, -2.117378238244324, 16.27723869267357;
  -11.49429947373871, -1.984799165815411, 16.29025638691923;
  -11.59354052781073, -1.878722332700442, 16.44341018904121;
  -11.32926685743093, -0.02671840308926125, 16.15661162629299;
  -11.34919561523389, -1.62095318325298, 16.27888866174087;
  -11.53028209535251, -0.02727866112932497, 16.65185531736867;
  -10.970696293589, 1.946208097084029, 16.12568472274432;
  -10.74773430052983, 0.6718301669804658, 15.89047665644541;
  -10.83893505939892, 0.6138673211970417, 16.11838900545595;
  -10.83078070631038, 0.7280429460542137, 16.11781615801038;
  -10.79584237949581, 0.6863960987675591, 16.15387927463206;
  -10.34198130349017, 1.939915936559269, 15.63567635571428;
  -10.79481695848626, 0.6738576158655589, 16.36834156601065;
  -6.662401843726837, 1.940304580707942, 10.99398908436577;
  -6.107663268631378, 1.93665504524205, 11.12786779625671;
  -6.960277804516656, -0.9629508424371905, 12.80211961711614;
  -8.773362718775406, 1.872742174612966, 16.06546669837486;
  -6.783935099292336, -0.861970654092441, 12.66381009096599;
  -6.854007642200655, -1.031055232822547, 12.79057915963315;
  -8.740259341113983, 1.497739877884486, 16.0495885139226;
  -8.764937558023114, -0.7456707304790424, 16.11787126201075;
  -6.717343428903506, -1.366602190951984, 12.70150679492049;
  -6.740177749291019, -1.312444712079182, 12.74646245496871;
  -6.690964619761456, -0.9382699139838168, 12.66353702036468;
  -8.567518997404356, 1.517459555249701, 16.04851445239775;
  -8.460470448209259, 1.679161414829402, 16.04441382499084;
  -6.568790411857437, -1.042597230559551, 12.68125747306466;
  -8.4677004405383, 1.365447560119272, 16.08313673504181;
  -6.487065009862244, -1.138689537019873, 12.56723922512797;
  -6.53781382185924, -1.375919720270575, 12.68183693845639;
  -7.704318622417042, 1.948530010961594, 14.79313706014827;
  -6.589258623865464, -1.207399610278241, 12.81265861290736;
  -6.720592190530916, -0.7643907303133035, 13.0511482344274;
  -6.52936576026215, -1.328450774447672, 12.72747847500325;
  -6.823131053510985, 0.1326858753511449, 13.26846023255999;
  -8.018528026406056, 1.887011965054454, 15.45264680819161;
  -5.660479654368424, 1.860748306160964, 11.16689715442202;
  -6.551867423269029, -1.40221619406047, 12.83183080002217;
  -6.512643223725863, -1.256803030994608, 12.77634288359188;
  -8.257259460889847, 1.235265316340902, 15.95342479481738;
  -8.414723130625745, -2.865717206528363, 16.28239840684741;
  -6.479690878698266, -0.724587621953411, 12.76449879623916;
  -5.868613704100146, -0.5292481373163159, 11.58371079875687;
  -6.343518975025707, 0.7806905772096738, 12.57119264488594;
  -6.444053598822767, -0.06812857851495786, 12.77646736514215;
  -6.398850553656129, 0.2728741021471875, 12.74908129512667;
  -6.591603394869781, -1.202356060904558, 13.13558893772854;
  -6.370435447308245, -1.395868586769193, 12.72765342092088;
  -6.426518832901798, 0.6778541159787871, 12.82719863682386;
  -6.429646807136434, 0.7450112414795843, 12.84151538326958;
  -6.485261512219968, 0.883262815931665, 12.96147026206498;
  -6.343220530044193, -1.267793405821398, 12.71850855069947;
  -6.547144652927292, 1.822365198890215, 13.14701976614786;
  -6.51950054871589, 0.8101805765122266, 13.14185475400325;
  -6.327558563424267, -0.974435479325505, 12.794211935389;
  -6.290400643691281, -1.351670739019657, 12.73058792182351;
  -6.228978683478856, -1.395985206449129, 12.7295901683607;
  -6.270335203595729, -1.308414920963432, 12.82608438259736;
  -6.446011286730717, 1.715505354153502, 13.23997481284067;
  -6.167722169502148, -1.065927821443685, 12.72546733727118;
  -7.82394401823445, -0.2750593129871669, 16.08366709783915;
  -7.846901769578182, -0.0313160361833352, 16.14462533320821;
  -6.293548482527062, -1.015963842256453, 13.18287363071718;
  -6.852903227073488, 1.73499845811862, 15.60057864445639;
  -6.568263364900373, 1.58543794393798, 15.76016425653321;
  -6.562023439057154, 1.160488952185137, 15.84640192903416;
  -6.425827681977511, 1.265056064747075, 15.71146619373842;
  -6.524998009870959, 1.729470019904363, 15.9512619105955;
  -6.355818661092762, 1.12440330119466, 15.69729217940565;
  -6.345013855687135, 1.013127186752193, 15.67316069071454;
  -6.316364955722925, 1.699965927520353, 15.67648169981441;
  -6.090778037094708, 1.457118076068075, 15.55482907472398;
  -4.457781307575705, 1.806038345229526, 11.97445161564324;
  -5.785029862076667, 0.9593250063871467, 15.52840570268575;
  -4.355326042545301, 1.793318695881845, 11.9641300781018;
  -5.695172776256561, -1.139841794192705, 17.04760256031031;
  -5.740584892877948, -1.329277510683889, 17.21524656206463;
  -5.901912158573323, -1.283207575952102, 17.73586613557232;
  -5.869177391153151, -1.04688067709462, 17.66819914553095;
  -5.672156161195658, -1.280183077554198, 17.23737317821552;
  -5.940216651385796, -1.067006727467801, 18.39643869825632;
  -5.645128065271336, 1.254688433781713, 17.74457633949631;
  -6.00732886980841, -1.141636642973613, 19.01114171017628;
  -6.0833293581574, -1.471310115456458, 19.54722023236288;
  -6.090288235222243, -1.362665573026865, 19.56845432778016;
  -6.135395024631046, -1.308793943723597, 19.78173588904679;
  -5.565151394634409, 1.174928032543777, 18.0467240070946;
  -5.914326240216216, 0.1652200015398009, 19.51944353466692;
  -5.436055983569494, 1.20307517144459, 18.13782279673316;
  -5.175000851900736, 0.5063787511810225, 18.35900359484115;
  -3.33748540467919, 1.667508577874071, 12.26339875991812;
  -3.535690457853547, 1.723587357397377, 13.5649663594505;
  -6.019067656562826, -4.238151146598316, 22.68349271738707;
  -5.976729867644545, -3.295670836036813, 22.5317859936492;
  -5.481379059121913, -1.154858561287963, 20.76618935370723;
  -5.713741156536274, -1.086807961253723, 22.30387540833083;
  -5.71725978752694, -1.423336242848795, 22.40305546257465;
  -3.436991178128373, 1.759933023234599, 14.09407913172213;
  -5.816369906912506, -1.317422057255933, 23.54861111325843;
  -5.609941112434498, -3.848775094582474, 22.89529139241605;
  -3.243365409141396, 1.666473927920756, 13.59383230002786;
  -5.478010687140019, -4.137683749818579, 22.54150606465364;
  -5.503158454300972, 1.184328047265805, 22.60822547830396;
  -6.046643705920484, -4.459856712116189, 25.23586203047575;
  -5.511021198591691, -4.216562386753735, 23.90869838284194;
  -5.513458141694645, -4.240152287628437, 23.97556660791358;
  -3.180484929148457, 1.637700164941383, 14.1853237963897;
  -5.26371970851016, 0.9594998308401457, 23.07804651797899;
  -5.833903958333003, -4.306846304709526, 25.79866340101195;
  -5.166983759622966, 1.394921003819908, 23.23941675710291;
  -8.472712107885203, -8.713572310593969, 38.21365271938907;
  -5.997233149104714, -4.342616232035102, 27.44488144918712;
  -5.267492632866022, 1.355893767736516, 24.90108780377059;
