m=[-24.54945370968053, 4.297521461464037, 31.52692648595932;
  -24.55149632638435, 4.376532230663734, 32.24130769079932;
  -24.06447766547114, -5.139595957799457, 32.05735711576885;
  -22.45645968545313, 0.09561637042058147, 30.04794684138661;
  -23.80995862105533, -4.935834697190687, 31.88168398006416;
  -23.7932713164969, -0.0009016381859651466, 32.00981891020258;
  -23.7488891169813, -3.573619548743678, 31.99631087271183;
  -23.70237854508322, -4.923766542819452, 31.95016494993319;
  -23.89497559791437, -3.317334785602294, 32.20095995043037;
  -23.59081333062213, -2.925687883478498, 31.83772199652167;
  -23.62541895595374, -3.166548420818404, 32.01313537759504;
  -23.83789641312917, -3.640318038580293, 32.46713651615377;
  -23.7477504716189, -3.027720367609998, 32.37596590439622;
  -23.88209754531441, -4.901617345567945, 32.64383202027526;
  -23.20396607938495, -4.882335566812127, 32.33779687611869;
  -22.85177448164892, 0.6208686106253397, 32.05872650510654;
  -22.6183787368546, -3.165153327311219, 31.76897225619811;
  -22.23820021790048, -4.598685591139389, 31.44988845516091;
  -22.58773486980766, -4.423487282169883, 31.947764887723;
  -22.79393030541236, -4.197533479360605, 32.26832746741268;
  -22.66276459736489, -3.672479676736197, 32.14316915511936;
  -22.20919212748951, -0.05237710039109034, 31.67241942952524;
  -22.10367149604123, -3.735418661013079, 31.5727205687526;
  -21.72737483471189, -3.103220580212999, 31.16498541724149;
  -22.31431641285504, -0.0527918285714932, 32.22599111973307;
  -21.85247592630163, 3.876642325241947, 32.12067199461404;
  -21.16751788063583, 1.323160461047917, 31.2960796528579;
  -21.57856334048379, 1.516184191494076, 31.91088337931859;
  -21.14763214573602, 1.197704407658231, 31.44827048056519;
  -20.8723357427332, 4.136438031355107, 31.18646840766573;
  -21.0686909218153, 1.339540421814577, 31.52519994844861;
  -19.90519803131184, 3.733753692658349, 30.09396604777847;
  -21.0527969449046, 1.314203623012104, 31.92266924388746;
  -21.4930862700367, 4.096478138514415, 32.96405253620608;
  -14.51021829483313, 3.800093878409091, 25.05381239813384;
  -16.75843237423809, -1.729120122216705, 30.77083314326931;
  -17.05956858079026, 2.923345311135615, 31.3261935671384;
  -17.15278815999809, -1.459261060600509, 31.54231613370979;
  -16.01401533642889, -0.5529724317876826, 29.92427395439643;
  -16.62185286793157, 2.944024923439217, 31.13574023675303;
  -16.6039521596735, 3.295409631280999, 31.48769104636946;
  -16.54919581550693, 2.668618145729242, 31.432734427112;
  -15.26551074122566, -0.2771088630028227, 29.22701772728725;
  -15.23908742229631, 3.854178498746462, 29.26071985829767;
  -15.61624046999895, 3.674992781594522, 30.09433248346945;
  -16.60851566356374, -5.656194312412403, 32.13729849248179;
  -13.59419018230739, 0.2643591351072226, 26.43565987714509;
  -16.23462933523729, 2.428659852152452, 31.36608936635414;
  -14.97153389254336, 3.3346656265345, 29.07484892094126;
  -15.99761549288919, 3.322665275827987, 31.00469724003846;
  -14.49962766868585, 2.370868697792524, 28.4837432131352;
  -14.72408167042651, 3.002340610520916, 28.96196499261412;
  -14.50889822189355, 3.494482033244647, 28.68441727959716;
  -12.8061501178303, 1.350762643496971, 25.56081069791595;
  -12.78327613269605, 1.481214242005585, 25.53120599476746;
  -12.78666108406237, 1.741484480493482, 25.55547329585567;
  -13.17970661771638, 3.392479577759944, 26.30935777155671;
  -12.75910239262291, 3.551432785129744, 25.62096612286058;
  -12.4954281183508, 2.984990252796236, 25.14589831685446;
  -13.71615950245693, -0.04193914554752599, 27.55600207882645;
  -12.6607627360335, 3.202722259621678, 25.52001857662003;
  -12.92290128578977, 1.605933389482412, 26.04967825819444;
  -15.53311561166203, -5.708668322194981, 31.24519073623258;
  -13.73511788741637, 0.2411333360054751, 27.77409154583683;
  -12.5832375247712, 1.986686807454434, 25.6003705913506;
  -13.5374139108353, 3.134830335451474, 27.47720830463966;
  -13.799788484442, -0.2329491934259307, 28.03582974354175;
  -12.82170917848857, 3.412297895037042, 26.33552735630641;
  -15.02283927095803, 3.338511755998793, 30.76351782280826;
  -15.50801737851558, -0.06189062226319821, 31.90700452090339;
  -12.67255887240603, -2.045723750118957, 26.54476129906163;
  -15.08293758350129, 3.593534659549644, 32.39331014304025;
  -13.15166847005139, 3.329701844771395, 29.93966666015113;
  -12.90654987263457, 3.115364405567366, 30.96851247847977;
  -13.10189772629199, 2.317060843386145, 31.63931664251304;
  -12.68558918198854, 1.898802152908798, 30.93183416228252;
  -12.68774948622639, 2.182461014430002, 30.98388977034881;
  -12.63088114798275, 2.486648193846009, 30.88312852058727;
  -12.95735303114413, 3.434384741693412, 31.67604519651279;
  -12.41169098502441, 2.195743311935528, 30.65379146593305;
  -12.62191456685713, 2.01537854564096, 31.17807143218584;
  -12.25511944307228, 3.298303001323431, 30.41577822451426;
  -12.25187845671742, 2.11650311318494, 30.55788428852007;
  -11.71974713076897, 2.803755987689244, 29.93027529616797;
  -12.13299086529493, 2.012000251830334, 32.56785341392298;
  -8.645449235972603, 3.632702888862442, 23.61823934711459;
  -8.560041275950571, 3.524622934707138, 23.51453055384611;
  -11.29337521733212, 1.735418511050696, 31.07554520222477;
  -10.9532229631446, 3.366438164974435, 30.19826493467151;
  -7.140722484682526, 3.485045972702972, 20.78556144746825;
  -11.82250543366457, -7.670770028341954, 34.66963186394223;
  -11.99819592124136, -2.401339819392207, 35.91470944635738;
  -12.00810827792413, -2.610831049510265, 36.08562703688269;
  -11.01244980285336, -2.485466104842954, 33.46623426145853;
  -11.46061921188269, -2.0586046802136, 35.49274229354462;
  -6.981625823689195, 3.258755092090122, 22.0161345711274;
  -11.12016906624734, 2.471573248258471, 34.9545106191753;
  -11.96876182076476, -2.274551196003426, 37.87703853096411;
  -11.85408709818261, -2.712866356919666, 37.67213847394323;
  -12.07793633649321, -5.571224958555758, 38.53987031272953;
  -11.51951968118113, -2.57742364254097, 37.01289430859451;
  -10.84450898640835, 2.289518595952067, 35.16667324789378;
  -11.54515380201693, 0.3225203094100437, 38.10323755986718;
  -12.41281459619794, -9.027510948782776, 43.21992849948279;
  -12.72552975682049, -8.992619124125321, 44.60182479601651;
  -3.891771021315178, 3.046318460297348, 14.20385170056416;
  -12.21856021313056, -8.939010317325845, 44.09443309811794;
  -11.79333334295706, -8.432984622926565, 42.99623507746015;
  -6.757596470644704, 3.376299433343813, 24.83040077477049;
  -11.18251949787376, -5.326912285151418, 42.06294286635924;
  -11.69287018847728, -8.233193913726359, 44.06581731582304;
  -12.08408276469662, -6.312419981480177, 45.56298143725093;
  -11.8432907921202, -6.530592636885625, 44.6482440227427;
  -10.69529204959946, -2.253365340315229, 40.51908424861993;
  -3.966205863205823, 2.855529376919147, 15.74802632553459;
  -11.15255651542869, -2.121322418575863, 43.53456416553554;
  -11.22222778901923, -2.793821538853887, 43.97424656468079;
  -11.41168038340904, -5.488734227830108, 45.48840460118919;
  -11.21990909550874, -2.87770384283305, 45.36474337709078;
  -11.35771669001545, -2.572550702063743, 45.98374205015325;
  -6.582687026759086, 3.370706434667078, 26.99364270845329;
  -9.88053777727777, -6.778675026370336, 40.32445029113318;
  -12.10151849704277, -9.214653160050062, 49.31467252654804;
  -10.6071211657732, 2.282745663547801, 43.57646413107909;
  -6.604318322174617, 3.393365503798386, 27.68050601841059;
  -11.49874997362423, -8.481197130996998, 47.99040293596121;
  -3.963492791469046, 2.978267126403789, 17.13645653507146;
  -10.57874469698374, -8.093951262566534, 45.89421944047431;
  -9.972582446908792, 1.817857275982636, 43.72339986911702;
  -11.42451893518367, -8.434085907224876, 50.52145538088531;
  -6.088144547295951, 3.134916703398143, 27.15381573769636;
  -8.992508885111922, 2.427690913004744, 40.4453877533217;
