m=[-26.13674440588927, 4.445778105306309, 31.10691078216753;
  -24.50786558049414, 3.292446199186655, 32.01318040177498;
  -24.89859323057725, 4.557049420666524, 32.51697942482043;
  -24.28375168712332, 4.52791364224997, 32.46252513638199;
  -23.08411182115932, -4.570603685815564, 31.15256986559761;
  -24.13490290622305, -5.0056557580413, 32.63571485383015;
  -23.99038445420679, -5.223438254286484, 32.46548387622767;
  -24.32035153435965, 0.1311452510437772, 33.04351392080511;
  -22.97458561705519, -3.06651347165932, 31.28257498109166;
  -24.17566407591437, -5.106262030093176, 32.88084895797066;
  -23.57307662251098, 0.05519237930457531, 32.25571338172325;
  -23.5199173004496, -4.664469331807085, 32.21150625868175;
  -24.23448362325013, -3.681908813303509, 33.17087760579055;
  -23.94051338543573, -3.371893763040456, 32.7972890030012;
  -23.72952033775835, -2.977242888774982, 32.54577840850863;
  -23.43990759825505, -3.180115048908578, 32.2822831921675;
  -24.44159463215664, -3.522261157076827, 33.81368241748395;
  -23.78922753548486, -3.69849867643802, 32.95317147231027;
  -24.07011989554172, -3.108422360227072, 33.37169574495776;
  -23.83909904405225, -4.989751499718905, 33.13362783210131;
  -23.06517974443069, -5.357680472014764, 32.12928809790707;
  -23.44224057924741, -3.779183391778336, 33.02312251323386;
  -22.71124036187908, 5.38426317895691, 32.21726546853432;
  -23.9249827642769, -5.138069204861777, 33.90250769193793;
  -22.85009461056409, -3.248990103095853, 32.63230204038779;
  -22.99504906252658, 0.6991905204318509, 32.83832054623437;
  -22.92326614200359, -4.84252298212591, 32.94384763817581;
  -22.2461575349538, -4.168512636117849, 32.02637322603834;
  -22.65157296755189, -3.738959519241694, 32.67924371730501;
  -22.03644076652484, -0.004604019353016716, 31.98167448112242;
  -22.8100956616755, -3.308635026690533, 33.25358043534902;
  -22.69499470760386, -0.009947377410621289, 33.38298759995545;
  -20.31735819728391, 4.194648377484742, 30.15364793720914;
  -21.40498555703182, 4.030561906324327, 32.08264832277667;
  -20.67626438117838, 1.374300659159531, 31.13195948133942;
  -21.23888106249481, 1.296290454592785, 32.16793429152347;
  -21.15661809155411, 1.4451058723462, 32.24930170563194;
  -20.56479525455086, 4.045024291505458, 31.65316908126304;
  -21.22073078549163, 3.052963080897382, 32.64302715609192;
  -21.04848483535372, 1.401041989154645, 32.53863028280144;
  -20.31898691869845, 4.063866163703077, 31.82995362103019;
  -15.29327004232399, 3.907880717201505, 24.36402339137821;
  -12.15619651747893, 4.056121169243588, 22.37046579521219;
  -13.43672594493748, -1.891698173380057, 25.08598545948098;
  -17.36596155270187, -1.7018870722158, 32.32445493063241;
  -16.54560699708245, 3.354294928990275, 30.88562484365543;
  -16.87591597473602, -1.78758272774537, 31.67853222840606;
  -12.92516173628435, -1.685609220258809, 24.50625993085881;
  -13.1482634389985, -2.042569100681135, 24.92316787198308;
  -16.93656905712212, 3.062192657814929, 31.8584772288523;
  -17.07586129963778, -1.484650224148172, 32.13144494131846;
  -11.64163831566431, 3.995223510170892, 22.24481548170332;
  -13.03284888854067, -2.747011584663385, 25.0182604239303;
  -13.01075263421863, -2.621806263611847, 24.98786747219661;
  -13.05138220339501, -1.887727731878971, 25.07831432227486;
  -16.82645592488596, -0.9545394411926551, 32.09955235338231;
  -16.92380482795812, -0.8171526153496123, 32.29510791211283;
  -16.88012215777576, 3.853390922990022, 32.34268427069243;
  -16.79009282962239, 3.137860607898039, 32.23231629262635;
  -12.92417873061746, -2.770184735830045, 25.07787069315069;
  -14.63181647055832, -1.349616290905179, 28.33789331848289;
  -16.35178270724592, 3.42259747582439, 31.80774868383092;
  -12.67703500906391, -2.078525980998488, 24.87053550993335;
  -12.76609816874665, -1.723996572495271, 25.05032415233026;
  -16.43727765396893, 2.799941157131064, 32.01754093683732;
  -14.5928931582743, -0.2013998061174652, 28.55429630439619;
  -12.68411972763464, -2.305820503008543, 24.95247215647934;
  -12.468065986679, -2.718033193827083, 24.58439897627242;
  -14.84748659970132, 3.961479309168143, 29.19151246332019;
  -12.60372652862995, -2.401926875623766, 24.92856250517733;
  -12.87984146615801, -1.498688389253047, 25.46252593844678;
  -12.60742663937304, -2.653640323652146, 24.9776724912925;
  -13.19593163757392, 0.3030415544694857, 26.15380019867573;
  -12.53689576823837, -3.074896299546134, 24.91953683603643;
  -15.62465920935397, 3.874166051481592, 30.86165379855215;
  -11.22571198188012, 3.882824168329976, 22.42623434930317;
  -12.7011553284347, -1.995773381840327, 25.26935607552949;
  -12.59166279620023, -2.797815425355843, 25.08187037687903;
  -12.59103431695995, -2.513086104058972, 25.1149149098775;
  -15.97319046482455, 2.529258266031957, 31.6628405549649;
  -16.39366106768125, -5.784572106978528, 32.47031048643041;
  -12.44736108574206, -1.426715806477875, 24.95116012567924;
  -12.47382225994782, 0.6752349125765679, 25.02866435783007;
  -12.72457301105295, -2.992080443116948, 25.54941420168259;
  -12.46919193753256, -0.8579828436011294, 25.08694394641111;
  -12.21353304449817, 1.59253142279425, 24.64763153148263;
  -14.20276976666181, 2.478825331247732, 28.55130644356322;
  -12.39362773621869, -0.111536249521814, 25.02406623140753;
  -12.53132857287746, 0.5893543748038087, 25.42123120874013;
  -12.73559233044648, -2.413856778617973, 25.85180267925203;
  -13.25727487055448, -1.610562171617097, 26.89780752358323;
  -12.38857594377517, 1.395058039927865, 25.20551830073408;
  -12.3975046534076, 1.525459022640678, 25.2409109494941;
  -12.54418859247391, 1.796461878201139, 25.56349040728746;
  -12.44669692910639, 0.6643424856523847, 25.4889699907486;
  -12.87539384446405, 1.36933901345442, 26.37100375150125;
  -12.71279822827972, 3.714072866219848, 26.05105017547582;
  -12.56219544177271, 1.650284852419741, 25.84488639288601;
  -12.81853265831799, 3.417340408086714, 26.36504605758989;
  -12.30231833166652, -1.963489405062895, 25.32278300326834;
  -12.0349383503122, -2.693831688408568, 24.79857264757616;
  -11.88589388204521, -2.765363322934567, 24.52963675528157;
  -12.91316037558683, 0.2630175901487865, 26.70119081628062;
  -11.90687593300406, -2.776054756380672, 24.78048372967227;
  -11.9078632296324, -2.578825140587584, 24.81962231087882;
  -12.87296734617101, 3.299914951897861, 26.78280343924725;
  -12.26420948341174, 3.425092225560514, 25.75497396297909;
  -12.16658434665348, -2.181352554598412, 25.55193741193607;
  -15.25337196009919, -1.946882864019894, 31.88963364581046;
  -14.85056464928013, 3.487993726016736, 31.25759761955773;
  -15.16639273605979, -0.04873751938842438, 32.06175805788046;
  -15.13226657004761, -0.03369626113245159, 32.00400802397804;
  -14.85678772451988, -5.259987939293321, 31.52938804578383;
  -11.99165747718664, -2.005681026598379, 25.64805412818249;
  -9.712369667390233, 3.750864200976793, 22.28471898460222;
  -13.58013979692157, 3.648903205545313, 31.88982049166123;
  -10.13247764180266, 4.0052804992226, 24.09140556923967;
  -12.73296122722319, 3.281010908064116, 31.62811546781837;
  -12.52696055216799, 2.376322055717433, 31.33635380585174;
  -12.53082398881147, 2.650120447476254, 31.73816434100641;
  -12.4254608007226, 3.511885903516661, 31.50020489769161;
  -12.34040973041321, 2.327483613768772, 31.57210709098924;
  -12.00430264933265, 2.043163876710386, 30.73195006894153;
  -12.31235644521732, 3.528878442070372, 31.66967309094764;
  -11.95311394446408, 1.940068468381499, 31.07424684666248;
  -12.01196107615804, 3.06668695794452, 31.81757974803136;
  -8.241567047531845, 3.610288349814391, 22.31473974634542;
  -10.24108038396555, 1.810828990413895, 28.65777552179553;
  -8.429628356190124, 3.71756956319514, 23.91330531787227;
  -10.92641563875358, 1.798117241046628, 31.33846614659138;
  -10.79545724602732, 3.556233099544746, 31.02336260700318;
  -12.14165225752442, -7.674368930663698, 37.35724186577731;
