m=[-24.34444889736584, 3.21776357256169, 32.49413366847694;
  -22.98385971323404, -5.626313150970494, 31.19329231127833;
  -23.63456661920697, 4.424496067648104, 32.31771309001984;
  -23.32930787681597, -5.452390187239964, 31.97442996658094;
  -24.00645131885428, -5.295812316597689, 33.21180361564081;
  -23.60758889861015, -5.47224377272691, 32.6822856528885;
  -22.84566502563495, -3.274713271156477, 31.79192832118311;
  -23.79655244151895, -5.356103181910212, 33.12489822675728;
  -23.19918042184066, -4.093164891540931, 32.50296818999371;
  -23.7889392951671, -5.028877280740137, 33.32805230851331;
  -23.35475414334864, -3.84776878723636, 32.73387842562688;
  -23.60923579908176, -4.704985255017481, 33.0823631387597;
  -24.05540000576166, -0.08536637802636622, 33.674889230647;
  -23.39549564303491, -3.562912900140542, 32.80576153603809;
  -23.27449823876862, -3.169414352966079, 32.66702220831137;
  -22.97105230859775, -3.770600772144575, 32.36194205003171;
  -23.67955603752974, -3.464039169606658, 33.36818562888088;
  -23.58710827104617, -3.696376635438309, 33.43910183643533;
  -23.55541111183432, -3.941012966947397, 33.40915370907023;
  -23.52625955310299, -3.297052493214367, 33.41026279906102;
  -23.5746121330198, -3.547544065295154, 33.48254642998741;
  -22.53393720255072, -5.041026958909934, 32.07674062277574;
  -22.72296916738785, -5.617645072343517, 32.38860870599889;
  -23.16358607207732, -4.024030998760424, 33.4244185348178;
  -22.49731165791683, 3.254436060560707, 32.51639885984449;
  -22.21951833501727, -5.112497795932026, 32.28340679640389;
  -22.62742025623599, -3.48246495522684, 33.09820505649909;
  -22.39584149415643, 0.566709029511298, 32.76455742828402;
  -21.93673151591145, -4.95287148795957, 32.30388342747506;
  -22.16800897665247, -4.747242868277039, 32.65611410743663;
  -22.40257756136056, -4.513909448740646, 33.02364448782562;
  -22.11742966622168, -4.180437397985442, 32.64426502824858;
  -22.25325384537787, -3.95517589228725, 32.89180975080372;
  -21.94575522396834, -0.1435364069290036, 32.61485727278893;
  -21.92565345385742, -3.453788826269291, 32.77308382074538;
  -21.79164464215733, -0.1654370202233468, 32.87287153095446;
  -13.84012829508044, 4.028957831426316, 21.52851226466724;
  -20.70356276240186, 1.305306365296348, 31.92448516256813;
  -20.6485892971668, 1.176386069220994, 32.06136301104467;
  -20.59793780114104, 1.406411273287734, 32.00792663027699;
  -20.31601527432155, 0.867002014652796, 31.72915234019062;
  -20.20500091829209, 2.871254823963941, 31.88128376568358;
  -20.90060158962702, 4.133986792343625, 32.97237868941224;
  -21.24233777576421, 1.318544369645936, 33.69050278996546;
  -19.25758082685267, 3.890585566696493, 30.94542146543565;
  -18.54689159881784, 1.839361486646834, 29.95847958100258;
  -11.90560854780294, 3.933038886530383, 21.3101149324317;
  -11.54915777244131, 3.880184920861968, 21.18922502698651;
  -10.99723975468628, 3.779265321901706, 20.60059134959351;
  -13.38962439549071, -2.800363110198473, 25.79971293165405;
  -16.51545180330494, -1.832828192679165, 31.72254950758752;
  -10.9124830169837, 3.862890261176684, 21.24877630712775;
  -12.69762266812769, -2.635307928463341, 24.79197314835267;
  -16.5242979045803, 3.774333283593786, 31.9830093690463;
  -16.46466736283169, -1.6257187504814, 31.977220108151;
  -12.74693836134629, -2.924756788732042, 25.07097811787296;
  -12.72829420700777, -2.800883185502168, 25.04697049439006;
  -12.64871004050086, -2.021393249985175, 24.90410594212848;
  -16.21097353164391, -1.097896502923361, 31.93442643775722;
  -16.30339954275236, -0.9581201879066706, 32.13200657634183;
  -12.49084080077033, -2.915510775162592, 24.84611451982282;
  -16.22606145182606, 3.782485671295092, 32.11840095714149;
  -16.02843204516669, 3.030269485320925, 31.78173198208866;
  -17.43403810650242, -0.01645125648576656, 34.54884718207867;
  -12.34066129750267, -2.848611374206858, 24.77566702555504;
  -12.51079202070611, -2.261043764511378, 25.16472791930266;
  -12.54471131169125, -1.877238348473064, 25.2430522522249;
  -12.40824272631693, -2.95167544920541, 25.08101428821362;
  -15.97337403258346, 3.395990381547041, 32.09558245767443;
  -14.46681505469318, -0.276697343391304, 29.1734907016285;
  -12.33847232539358, -2.5678863069723, 25.02961659349557;
  -12.56351128263216, -1.633337673479595, 25.49294584916422;
  -15.90148268580775, 2.734098962039851, 32.00681704221906;
  -11.05873533104035, 3.950476414313728, 22.55995973259807;
  -14.15671331489347, 3.870670862951353, 28.68669198658668;
  -12.66540962800537, 0.2109071009641669, 25.78979278519903;
  -12.40977932972024, -3.31264568842335, 25.3093598613624;
  -12.32709044626497, -2.98753101085959, 25.20085567541631;
  -12.25231819894715, -2.676929151484198, 25.08426452811933;
  -14.26606135844881, 2.764155112286404, 29.15390210393403;
  -15.2388626795531, 3.868281632118886, 31.0865892577207;
  -12.23549105889215, -1.580701139254174, 25.17138326900155;
  -12.10387825952352, 0.6024315754414581, 24.92460353109227;
  -12.33522853713175, 0.4288544700776908, 25.42755136408359;
  -12.43497653248292, -3.187823985858123, 25.65215657761883;
  -12.18253058673716, -0.9759950668603323, 25.16170830352583;
  -15.48754003461496, 2.453225058116041, 31.72787285357962;
  -12.10606374043153, 1.561548826109242, 25.05634166817161;
  -12.10463968274818, -0.2025830109570312, 25.09110283666685;
  -12.10840777764626, 0.5027835780876993, 25.23309705484061;
  -12.3372153784713, -1.66500715692467, 25.71710149411054;
  -12.23835230363355, -2.554316452896087, 25.54634108287066;
  -12.08994652882009, 1.341140250840481, 25.26205234542884;
  -12.1582990184882, 1.472907128008918, 25.42030146662374;
  -12.0517143928679, 1.698684596173218, 25.2281096624649;
  -12.20052171759728, 0.5878244803441795, 25.67899094573834;
  -12.04844596585628, 1.240953716182734, 25.38802627347956;
  -13.5646992409006, 2.98813867782656, 28.47128458450267;
  -11.74935278831842, -2.083293489212604, 24.86563229261983;
  -11.90255002612785, -2.915371308576344, 25.19923420648615;
  -12.02084832591342, 1.559488725866683, 25.42936384906636;
  -11.91807942598334, -3.028827695693725, 25.26238056000831;
  -10.07384767391412, 3.805563625129666, 21.56969328961277;
  -12.21899115256788, 0.1694608015649678, 26.02518266967079;
  -13.30104317875065, 2.640466929153654, 28.31186759587055;
  -11.59068224058844, -2.749868769255436, 24.83453641322804;
  -12.28374240205193, 2.728681547901795, 26.27197585154225;
  -11.94612292073697, 3.130964970931347, 25.59616761056093;
  -14.71611103985126, -6.081816012367087, 31.44407938630221;
  -12.25982223986748, 3.485401748861737, 26.47212046573587;
  -11.67257295786984, -2.881264752512794, 25.29564056957178;
  -14.07830209158751, -1.983202580888716, 30.46160441089571;
  -14.86652480710584, 3.567352386101844, 32.41136466817862;
  -14.85639665014221, -0.6753099718690281, 32.54126968576513;
  -14.79755706732614, -0.1557850641156474, 32.45530068601057;
  -9.551648729667026, 3.792458129239617, 22.09387248908823;
  -9.535255768488117, 3.836899097412074, 22.48152435860941;
  -13.40781261562079, 3.716112332916799, 32.81089932447691;
  -11.82118253595388, 2.551198456782208, 31.32205010124454;
  -11.71957220820369, 3.431370501532088, 31.08192780422834;
  -11.68362066610876, 2.23383670400983, 31.28484893979212;
  -11.66531074333943, 2.018963105422077, 31.24713067727979;
  -8.732242027131262, 3.847035091239302, 23.6761807474522;
  -11.45230832911898, 3.40355431398117, 30.84819687424226;
  -11.85898842352681, 1.941136285802024, 32.28937410076055;
  -8.032540631488327, 3.710843539250899, 22.57075247399517;
  -11.60330281788789, 3.064916226281753, 32.25224527884629;
  -8.089319693419082, 3.702934530343373, 23.36348077851652;
  -11.64060147332236, 2.100049460848739, 34.20219484746668;
  -10.37556239758605, 3.589890063225708, 31.44632656242202;
  -9.273527847212826, -4.831767496465677, 30.15116332679785;
  -11.30553523641908, -7.846722178081334, 37.02677149340821;
