m=[-11.70112631212302, -2.734719204733747, 16.03720289400021;
  -11.89399929595185, 2.226609607928323, 16.26375735728923;
  -12.00529854068169, -2.648363434967225, 16.60876954217358;
  -11.91104594885677, -2.680925788024709, 16.58022462706475;
  -11.86896462845181, -2.509046991349278, 16.62829389225013;
  -11.84234652899648, -2.222549680047979, 16.59131009421955;
  -11.82510745859238, -2.086371751419347, 16.56744266741602;
  -11.765314873712, -1.79174627361415, 16.49762501433927;
  -11.76479842372669, -1.602076255366991, 16.51253347941216;
  -11.93426241195694, -1.745841534776339, 16.81723605268647;
  -11.96066307081031, -1.67620925498592, 16.98565364990588;
  -11.6517568886924, -2.606593781929694, 16.58611099155455;
  -11.4248160272605, -2.824479538091508, 16.28457500950361;
  -11.5628931446195, -2.008732167140236, 16.68493724315968;
  -11.1783372306216, -2.572028051736498, 16.24134252968106;
  -11.27741193106389, -1.735646016684715, 16.49600742701074;
  -11.29701596089804, 0.2858620406491369, 16.52725253997101;
  -11.05796892914806, -2.496666332639148, 16.28389074155099;
  -11.1172245066169, -2.380735446726682, 16.37699409218189;
  -11.1341476484612, -2.243426415393699, 16.41284948620937;
  -11.08719314983315, -2.095601413985115, 16.36416514326207;
  -11.0687228164893, -1.967296375908703, 16.36031870188574;
  -10.98872916131016, -0.0718718806636362, 16.33098654149017;
  -10.82876711827692, -0.08220944284648257, 16.33528245174708;
  -10.56996281568316, 2.202109498091661, 16.04287018527433;
  -10.4671850057607, 1.987580507536355, 16.08084005446769;
  -10.07015726805332, 0.6348975068868943, 15.52798375710094;
  -10.35563359668008, 0.5899784690261074, 16.07934194313633;
  -10.31801194381507, 0.7980993451213355, 16.04689236358803;
  -10.30634749913282, 0.4398315282207014, 16.09625044357269;
  -10.39069047847108, 0.6717752694301722, 16.24155527913191;
  -10.25414185774287, 1.457176586812228, 16.17991544085058;
  -10.42141328485018, 2.061279657065308, 16.44061697618741;
  -10.50858027547758, 0.6522836375858742, 16.66668503376704;
  -9.937226320524932, 2.007605713471612, 15.96834303596803;
  -6.471128644634533, -1.353399423503326, 12.46885322874331;
  -5.493597871686066, 1.944668842492528, 10.69712842760841;
  -6.381500814194633, -1.091288862523865, 12.38548053392954;
  -6.546013013269684, -0.9456288890050751, 12.69934672910729;
  -6.342392763580982, -1.316321832215702, 12.38345438360641;
  -8.255658842720111, -0.916184701229338, 15.85730438833856;
  -8.183820549899641, 1.677340736672564, 15.73893106311037;
  -6.320082050389233, -1.450128835507065, 12.43048599567677;
  -6.321400943721065, -1.010224533345512, 12.4462366755991;
  -8.230416506073444, 1.879918598423603, 15.93008609170231;
  -8.233929718145326, -0.813016967664549, 15.99170983232639;
  -8.299760621748751, 1.527582992916187, 16.116418153486;
  -6.230827468641673, -1.454349223783521, 12.39402977817004;
  -6.171990136872081, -1.11544814992558, 12.4145979133813;
  -6.206723905993123, -0.9287977893804544, 12.48945886288355;
  -6.046093497906932, -1.204944506380968, 12.19728346913236;
  -8.074184370067968, 1.882187293438353, 15.9823067211756;
  -8.250241925388647, -0.007785164008192156, 16.34941634027518;
  -8.027849035573267, 1.517712144064414, 15.9178980028926;
  -6.141394689414868, -1.460916289957765, 12.41371653925521;
  -6.110225923432632, -1.271661926006658, 12.3951011219112;
  -6.1630157808384, -0.8012318873791507, 12.50553480105931;
  -5.498101112188189, 1.964068956985175, 11.21619570264636;
  -6.150801111398637, -1.641884536433863, 12.54436800429113;
  -6.075196746291945, -1.055846768369833, 12.4069232619454;
  -7.876082065509717, 1.674480224665484, 15.82555074847222;
  -6.129390382940917, -1.485487911889936, 12.53060347793432;
  -6.09120170588136, -1.330826962643302, 12.47056372544988;
  -7.926047939783721, 1.362803700348146, 15.95370515372972;
  -7.007630511145445, 1.915997776778012, 14.20002888788802;
  -6.075801131156171, -0.7849317794990031, 12.49940179780676;
  -6.034025126450445, 0.3003241758748475, 12.42541280974076;
  -5.957754258992067, 0.2071311072917707, 12.28117517069805;
  -6.14280732858703, -1.574766827377742, 12.67201872134095;
  -6.089058974713472, -1.308088418583394, 12.58817255864315;
  -6.060638846674388, 0.7817556291967047, 12.54391525814434;
  -7.708050691170517, 1.220954590757789, 15.79076158846454;
  -5.986354791903448, 0.2485744564642289, 12.47515563092253;
  -6.086242281431386, -1.270284463959774, 12.70442436832554;
  -6.016065617722223, 0.6673633942376254, 12.5706233841603;
  -6.016921668587735, 0.7289150234632218, 12.58004614658503;
  -6.010407839137742, 0.8471647170052505, 12.58171436352987;
  -5.989906543755811, 0.2885953390267703, 12.60722774511121;
  -6.012225630414529, 0.6192411668471757, 12.66873277264213;
  -5.851396686385374, -1.433221786687694, 12.38816179823702;
  -5.899417132192893, -1.04603355802424, 12.4851759746066;
  -5.872161880002166, -1.492334955997327, 12.44703805205166;
  -6.020647161248077, 0.0834981940117482, 12.8233534343944;
  -5.829059022266511, -1.485648595638843, 12.46971244166967;
  -5.718947322762668, -1.356810091886675, 12.25358461084617;
  -5.760625174634503, -1.141665230302438, 12.45441317679898;
  -5.832378503076232, -1.439667729204205, 12.63935130772036;
  -6.198102848668557, 1.762087417395361, 13.38330377543454;
  -7.231362767246497, -1.018678048677151, 15.6466959250129;
  -7.212081734949589, 1.730601961100994, 15.72347365380462;
  -7.304847625756238, -0.3320479764256806, 16.00044897837858;
  -7.307819514935295, -0.07693493774006356, 16.02815104122981;
  -7.237561817180596, -2.777567960637736, 15.93146491556852;
  -5.791969073486754, 1.695829119994374, 15.36110374919836;
  -4.227656724944811, 1.86251637598272, 11.46266496587917;
  -5.793103926413057, 1.107605985403402, 15.5120049177966;
  -5.773423648122039, 0.9992300757341732, 15.46490506403113;
  -5.690601306020667, 1.691211070086821, 15.32833245282091;
  -5.390389976506057, 0.9724656917315727, 15.83794176811314;
  -4.656877669155607, -2.42636357247858, 15.14097779280718;
  -4.643783310261979, 1.105624662817654, 17.10973950831902;
  -4.807540883337939, -1.201586603004985, 22.27738564916921;
  -4.39037091477019, 1.098538371483232, 21.70530004313584;
  -5.606071238537991, 1.355681126511638, 27.9484571740205;
  -4.081276502058317, 0.8335146866340435, 21.8625085861531;
  -4.432155052271698, -2.924490421685694, 25.29683689876774;
  -4.813413169839046, 1.479060796174482, 28.4546309072756;
  -4.355480831256372, -1.576434027366799, 25.97698869650655;
  -5.069780555037112, 2.008569746478656, 30.83375717097352;
  -4.144247550813737, 1.079258875744423, 26.34830756644428;
  -2.521549586705406, 1.510773881757265, 18.73963836216387;
  -2.534406779307384, 1.429275814400436, 19.16271947415686;
  -4.07265363389808, -1.700583748243737, 30.64096830967229;
  -2.591371048116401, 1.307765251218444, 20.63331271891569;
  -2.220230504165062, 0.8739905148643478, 18.35274937776772;
  -3.330145389878105, 0.7113082284892091, 27.5577175185749;
  -2.032906997226408, 0.596870036020233, 17.0602912412829;
  -2.231981934973441, 1.085300756512032, 18.73705609197877;
  -2.289739181265521, 0.5330134242443071, 20.0064437047164;
  -2.057973211246622, 0.9374124383342501, 18.20099664722396;
  -1.882953304129289, 0.1900151336017329, 17.12494897658141;
  -4.961183705198065, -5.635892190589769, 46.52472354100114;
  -1.931007011062049, 0.8502118316763226, 18.1286883254179;
  -2.029632343705174, 0.5072855546488184, 19.05136845369562;
  -2.001201442908762, 0.3808963324961238, 19.28531451731934;
  -1.72065301229875, 0.2925514606611726, 18.47199007473642;
  -1.612973278362101, 0.05799237086675933, 17.48886535674914;
  -1.606054218528975, 0.4076756841220415, 17.81988594703383;
  -4.370767725844394, -5.947446090771961, 49.22450121974929;
  -1.625237336503724, 0.6122190417509318, 18.73314175593321;
  -1.550626139981498, 1.019934534925111, 17.9828558141452;
  2.821907446264234, 0.2110860295094232, -33.163354464355;
