m=[-7.470672482972858, -1.818141845257943, 10.09619667263029;
  -7.452000298541744, -1.289256346994626, 10.15819260799044;
  -7.10446834583163, -1.827521374749717, 10.11351318896899;
  -7.077637022105241, -0.4892441817870167, 10.14332887566279;
  -6.447895979006886, 0.9410422747938104, 9.759164045882592;
  -6.374181452204027, -1.921191573021483, 10.09257538080601;
  -6.207130696110487, -2.184185999576952, 9.862712422834184;
  -6.20325036694369, -2.092803641287287, 9.890139603593886;
  -6.409393364578725, 0.5539330766258688, 10.21872027426117;
  -6.122348089512031, -2.114835562454931, 9.849300770881349;
  -6.258310954805853, -1.89344614930148, 10.08614530693529;
  -6.239467360518562, -1.955387963891071, 10.11876127873322;
  -6.089543571291127, -2.11397402460624, 9.912737202908327;
  -6.153298768796373, -2.000712774109136, 10.06893109886104;
  -5.993208662463915, 0.5315178760056337, 10.03069298552091;
  -5.991264111768644, -2.020501375136603, 10.06065791154987;
  -5.969669100244759, 0.4716884366607454, 10.09454141773718;
  -6.082113079621842, 0.942887486441487, 10.26979952849793;
  -5.836736254691456, 0.5312198045711046, 10.01642914880056;
  -5.860120514927851, -1.923314568604942, 10.22620913293006;
  -5.72102223043568, 0.907605316289393, 10.74966496604587;
  -5.889130140314717, -1.211076180913077, 11.22963306847761;
  -5.879149946024309, 0.04948550254871134, 11.23479064578812;
  -5.727011709483869, 0.1248959325735358, 10.98172771891419;
  -5.99854203642067, -1.381657439889088, 11.51028715145997;
  -5.799554565980469, -0.03377545384320824, 11.19699420644558;
  -5.811093914538954, 0.07137745402230518, 11.23361648437799;
  -6.116986843483007, -0.1416164587142412, 11.87938018911534;
  -5.873865403355092, -0.07505473419531963, 11.49908511980564;
  -5.872861946716261, 0.750868500807644, 11.50686082694226;
  -5.795919396396806, -0.02025517907390942, 11.37110855932742;
  -6.21023830841276, -1.45536539662105, 12.14945256763842;
  -5.923467861365474, 0.07940265994293554, 11.69019742439058;
  -6.099842392566484, -0.1810511372291146, 12.03723822925137;
  -6.11882935280689, -1.382633618522065, 12.11504030094454;
  -6.084006993413365, -1.544809932349476, 12.06513383603157;
  -5.826807001829757, 0.7498735517647214, 11.62196175533329;
  -6.042616113442049, -0.2407609869159486, 12.10256801674989;
  -5.958438212335953, -0.1326467039487755, 11.96251844327748;
  -5.927665125374258, 0.0459099682125807, 11.93079436213097;
  -5.952135380146232, 0.7905611259126572, 12.09509000783387;
  -5.974006502128433, 0.08527951643318203, 12.15156450877371;
  -6.006802186796196, -1.236821621643687, 12.2184922535475;
  -6.536639317246852, -2.865578401792439, 13.41471454827327;
  -5.966134059168396, 0.7166462775086933, 12.41953978688054;
  -2.307507899600103, 0.8956397023014412, 5.398652953370558;
  -5.820852532104436, 0.7925224517612848, 12.27443406662233;
  -5.884262810644136, 0.5075174980869875, 12.41610455522094;
  -5.868466294164009, 0.6866215006646129, 12.41258296706258;
  -5.875649550776804, 0.4434654721015147, 12.46774689588762;
  -5.891790102855262, 0.6453167771296957, 12.53145494250433;
  -4.580415490441009, 0.8828570400954566, 10.00917649699331;
  -5.695179978140608, 0.9094009062704458, 12.25356473465888;
  -5.889430137922074, 0.5221923562640839, 12.66008554067468;
  -5.85889673665611, 0.7203557789780074, 12.60341790847707;
  -5.777267262170866, 0.823101760198464, 12.453613960978;
  -4.539894078633924, 0.8744026105744118, 10.07913183336923;
  -5.917322053156193, 0.4309858583939119, 12.85931578587661;
  -5.769843055191686, 0.7053645446311289, 12.60867115098044;
  -5.856340573438381, 0.5717488361512301, 12.8202572411133;
  -4.46759221287878, 0.8665704561145337, 10.03812048225029;
  -5.94115962947496, 0.2687216856062628, 13.03434029721083;
  -6.002047086494127, -1.865445272372632, 13.16975904894228;
  -5.901231307789828, 0.5007899193220503, 13.05126913038071;
  -2.289758425300313, 0.9129903628058695, 5.675069725643495;
  -6.575045200032653, -3.105896494770096, 14.48622411786217;
  -4.486417110592217, -1.705744621628775, 10.20666547115716;
  -5.964022251715087, 0.4471279904356935, 13.26871984753798;
  -5.886476567325031, 0.5910287546725364, 13.17049983983004;
  -5.071338163701655, -1.195647641977711, 11.57716848546882;
  -5.921249458257462, 0.8370983637154467, 13.37067469381301;
  -2.299429905915957, 0.8847763596143533, 5.785745744516329;
  -6.492919572091155, -3.246798509844334, 14.61318614433047;
  -5.333262616034423, 0.3214147269854242, 12.19516618943513;
  -6.001349899674945, 0.008045019239110713, 13.6025726961467;
  -5.630314027146246, 0.4779239861212594, 12.84906323741464;
  -6.427051606671251, -3.113109203632527, 14.52994488200657;
  -6.434891283979747, -2.864441488584128, 14.56862650296555;
  -6.442877879174877, -2.975328690246114, 14.5928556775562;
  -4.403556620330762, -0.7798006619161875, 10.28943982728395;
  -5.839213969372501, -0.4796835434443204, 13.35793094842996;
  -4.378919801677505, -0.7459234897925453, 10.31520289649625;
  -4.415028450641359, -1.610358651600887, 10.40519035228448;
  -6.204556139779317, -0.26592107443248, 14.24613411429015;
  -6.336164411024011, -3.171244241561378, 14.52747220227288;
  -6.171415161115156, -0.02700858047360323, 14.18853933234148;
  -4.40307229159234, 0.7390788729177384, 10.42882150235906;
  -6.182003863937212, 0.03701448574740557, 14.36279971413207;
  -6.351607198229992, -3.118777513662685, 14.7383423676468;
  -4.316500065359605, -0.8738857837946619, 10.33936218989974;
  -4.426885099124321, -1.678419066465704, 10.5942388621463;
  -4.093477678716788, 0.8492523148560565, 9.914644780446242;
  -4.366779649229898, -0.5707078976521658, 10.51314900318895;
  -4.300024127342922, -1.182915274045975, 10.38229577257753;
  -4.22976265924222, -0.7956280642638319, 10.24395981072334;
  -6.079979904031971, 0.07430260515645618, 14.32111087478194;
  -4.2377015203816, -0.8998432104970068, 10.28573130057252;
  -4.298292843489249, -0.5302596876618133, 10.43375407932495;
  -4.072931677058217, 0.8906113050571531, 9.961701917492922;
  -4.120564171586675, -0.6657885601811273, 10.07365294787741;
  -4.320735881390521, 0.6660803964896881, 10.55307309199296;
  -6.116735913320913, 0.1585826343092007, 14.53984259060187;
  -4.055868549956706, 0.8456142683357008, 9.973797191106996;
  -4.297667074280069, -1.514233873704686, 10.50915701325243;
  -5.999745375307278, 0.0123255003720716, 14.30247067914629;
  -4.19261916882942, -0.8240607455886874, 10.30088870700004;
  -6.297863699173585, -2.817620650328727, 15.03003639461765;
  -4.334956329296857, -1.297409749431401, 10.64488918579647;
  -6.512999996838667, -3.022416497935208, 15.52204324687335;
  -4.232316860144721, 0.6060483045743742, 10.4389426046806;
  -4.137823529544332, -0.7413753446962921, 10.33231272459738;
  -4.164320953594372, -0.8930749076449558, 10.3956457007401;
  -6.574599223551821, -3.164473693404049, 15.90447455086655;
  -6.525561002853503, -2.957366255758304, 15.82178894755799;
  -4.122688234079394, -1.084091363381797, 10.39353786241699;
  -4.067696867987554, -0.9731339343271389, 10.26887572460649;
  -4.165108253443668, -0.9346769707705036, 10.53118269311427;
  -6.550763804157449, -3.030236130587037, 16.16395616081416;
  -4.22274789086609, -0.7304092179486016, 10.77589621822482;
  -7.130927330071977, 0.5874256259935938, 17.56438282926764;
  -6.529801234834893, -3.017748519234352, 16.3860715293019;
  -4.026976693766349, -0.7971965965103736, 10.48135527392552;
  -4.006951428513764, 0.4443918857675673, 10.43631774063782;
  -4.004012049667993, -0.7627572677160869, 10.49161075525027;
  -3.793600821789548, 0.842472342542673, 9.999382930658797;
  -3.808200487316174, 0.8845530478842864, 10.05577147905375;
  -6.565370574019238, -3.044576190976322, 16.75697957546664;
  -3.675497315855033, 0.8120036545361425, 9.8461195797455;
  -5.768536529543731, -2.294117421193716, 14.92451907301861;
  -1.536934467305655, 0.8639706865785087, 4.709514478494614;
  -5.96270976416367, -0.5451974864612609, 15.50431295655866;
