m=[-12.00931236709996, 1.546768740074476, 15.40101356690476;
  -12.12660945632478, 0.2250723909520738, 15.60735800922134;
  -12.01568002603423, 1.7793988647367, 15.48554441343133;
  -11.74305096913865, -0.5177387760918549, 15.18479212523215;
  -12.14162076334257, 0.3800900698419723, 15.72921303497887;
  -12.13716034651377, 1.468830900728941, 15.78151197263479;
  -11.93952800085551, -0.2757487361955232, 15.54551950129659;
  -12.09977389196366, 0.315102611424202, 15.7877872754313;
  -12.2318433740424, -0.1278886705870448, 15.96717102041001;
  -12.28827438025365, -0.13118467337295, 16.05234821799726;
  -12.04187714658422, 0.6716317341092482, 15.77166437582713;
  -11.99229760495242, 0.03616461881909378, 15.72812810178759;
  -12.01964329386026, 0.9570594247993047, 15.76722103097913;
  -11.88446266158059, 0.8433589529209861, 15.60683964755471;
  -11.99449714383447, 1.386317233514994, 15.74517141330071;
  -12.10783942767289, 1.065314422329504, 15.90630536776784;
  -5.52327413802556, 1.442062958826337, 7.803519054005862;
  -11.96528931979066, 0.368529586554827, 15.76866950822955;
  -11.93142394889514, 1.350472295552232, 15.73843226053073;
  -11.91192006880825, 1.191354187769423, 15.72522852437115;
  -11.89697961660199, 0.6204307257456148, 15.71615592025423;
  -11.85552228515519, 0.7766201264040676, 15.69273367047617;
  -11.98204321187796, 0.9708030517800882, 15.85401901238187;
  -11.90495514469343, 0.7078809614799889, 15.76016901791601;
  -11.90257634823458, 0.1712558214833097, 15.76146131166202;
  -11.88952637427709, 1.080572266306992, 15.77824870776034;
  -12.00640788495879, -0.02040025334966154, 15.95675368990105;
  -11.81502696645418, 1.735309568281786, 15.7300054751006;
  -11.88829091386797, 1.237910932341817, 15.86412948335749;
  -11.7751261947853, 1.521649958808114, 15.72887050585748;
  -11.78639496245374, 0.927027085373028, 15.8021942794868;
  -11.87475526801185, 1.044258254153667, 15.92144661026959;
  -11.7868921715602, 0.7249463060197524, 15.82130980290534;
  -11.88508891286889, 1.178406478993872, 15.99891825005754;
  -11.74743237606798, 1.850465431335948, 15.83184732496425;
  -11.76832368714147, 0.5784563748459086, 15.89419368506538;
  -11.82134679593444, 0.4408640764363976, 15.97371896229453;
  -11.80857313638956, 0.6851617324987959, 15.97649293615796;
  -11.71195784642173, 0.3128684258809498, 15.86982466460654;
  -11.66770394415372, 1.748891055440839, 15.81908782692728;
  -14.63797300945219, -0.9456693782509408, 19.64195908425562;
  -11.85260541218799, 1.270332381546922, 16.13393655609318;
  -11.81252351817111, 0.803793756383017, 16.11199317340753;
  -11.67255492444238, 0.973142995700543, 15.95463969296437;
  -15.19978481219343, -3.699180344065611, 20.54166036529235;
  -11.81458837946653, 0.3256288522820985, 16.19890174142218;
  -11.79148646299282, 0.9340260220061781, 16.18729672128418;
  -12.02787207340872, 1.887256273998012, 16.55033749922174;
  -11.24988349137821, 0.7309619077493159, 15.5701615988702;
  -15.3901688138961, -3.471887814479344, 20.93554880415717;
  -15.20740103053193, -2.631003423838105, 20.72996545173585;
  -5.193634244027171, 1.521680449209272, 7.873873637578829;
  -14.81269181935024, -2.989753039327769, 20.69366557115137;
  -14.33192762526795, 1.845524123314414, 20.27743063976586;
  -14.54845389066315, -3.742378621525876, 20.71034356689863;
  -14.40670078886928, 1.655093526853561, 20.57413382054645;
  -14.373897104971, -0.9936007605714335, 20.59997780407368;
  -14.28241013573853, 0.04488683497794031, 20.59146752093864;
  -14.28070055275785, -0.2279879950435648, 20.59047032628429;
  -14.02929661202073, -0.07230394444515069, 20.47995098091906;
  -5.449996791220438, 1.361292349860646, 8.600824560245243;
  -13.65393459745466, 1.10083970598518, 20.37102005340574;
  -13.37731617025159, 1.328269494918698, 20.29167486160092;
  -9.16371694261621, 1.88433600950963, 14.60629041750495;
  -4.786013841522799, 1.797200676760048, 8.18239700887953;
  -12.85127201962486, -3.873400167824367, 20.34809215424189;
  -12.83641681969704, -4.516921469026746, 20.39620137395125;
  -12.59213562762961, -4.248235317651793, 20.07624582239849;
  -12.8556325564912, 1.82654858569608, 20.52773435318678;
  -12.53038683894195, -4.50640794386079, 20.06014944258033;
  -12.38663048447054, -4.278699326557652, 19.92693773624391;
  -12.90924245803606, -4.13496296324867, 20.75364182607287;
  -12.6989560847998, -3.842057333448479, 20.46614769426303;
  -4.705938553210268, 1.75924001165806, 8.230824548507586;
  -12.69357142361013, -3.978040968300861, 20.58560636486538;
  -12.29530645055683, -4.452901565212365, 19.97091205823315;
  -12.28593192542561, -4.265039022115667, 19.99939946956382;
  -12.48913079130381, 1.3286359601792, 20.41519680462502;
  -12.43833971904848, -4.04426082653502, 20.35343810224637;
  -4.612621218489814, 1.857915163202444, 8.176474406806939;
  -4.628698810744246, 1.820596715496691, 8.204488752837461;
  -4.84291015136362, 1.662179081149586, 8.688070695278574;
  -12.3794362850145, 1.09789130513151, 20.71917260056614;
  -4.808290586237773, 1.59587366078335, 8.657532575260758;
  -12.25020375363381, 1.836191545784628, 20.54298543605609;
  -12.24043350671449, -4.127979049363565, 20.55439585082385;
  -4.769118012585893, 1.7839150454137, 8.65684106933044;
  -12.18348343343661, 0.962667805752279, 20.60192551143213;
  -12.12898409952681, 1.492535079148573, 20.54683520946636;
  -11.95413713605373, 1.087983783424584, 20.51450715493353;
  -5.010047216945226, 1.573701620017664, 9.187792367785439;
  -4.827471439349689, 1.876665712605152, 8.890685422894627;
  -11.61715118214933, -4.674526190765283, 20.04475684734944;
  -11.89237612372505, -3.903124551077864, 20.75280278261885;
  -11.84755645989651, 1.801728575820291, 20.97393594673359;
  -4.748375285304915, 1.815216742220387, 9.004022022354924;
  -4.630457696054789, 1.85148466227641, 8.854425918523583;
  -11.44953719026009, 1.892913309715889, 20.49375146705712;
  -4.907485987426859, 1.617657499379759, 9.382001421541759;
  -4.804414360589753, 1.808008131551743, 9.243683682150044;
  -13.23156153476633, -5.762485897747797, 24.26945002802366;
  -4.681017621336656, 1.87428414112259, 9.257528087294778;
  -13.32780031385406, -5.74150040958907, 24.71826298155927;
  -4.700581775076481, 1.81427674009343, 9.375402111361373;
  -9.967672999859509, 1.920590460693556, 19.07499712718828;
  -11.72539717138053, -2.521494641915291, 22.28205299833723;
  -11.73760171975374, 0.01333659845041607, 22.36260663775822;
  -11.96745445694373, -2.46105939139461, 22.82002929349652;
  -12.05348499407589, -3.761238290132818, 22.98047336464474;
  -11.78770691137531, 0.2570689082338918, 22.60330418335269;
  -12.22212533073811, -2.815149129895493, 23.45239414907429;
  -12.32614274721681, -0.3445497147828553, 23.72366495942779;
  -11.77847421409721, 0.1446745679959179, 22.76935531213166;
  -11.97323439371302, -0.5300320143194595, 23.19307194772875;
  -12.1479988883101, -3.012550839947682, 23.58236793491568;
  -12.8909721008105, -0.2984433128617596, 25.03467189175953;
  -11.97824897367604, -3.690621666064945, 23.36494669745182;
  -12.65148996310506, -0.3855904720538559, 24.66145984803701;
  -11.99525394830758, -0.1532722551288528, 23.48273865902457;
  -12.00194120708106, 1.53449539299682, 23.51573532223835;
  -11.8216850810416, -0.04131360909206604, 23.19315629100619;
  -12.62761757412432, -2.959274144801933, 24.70414710998619;
  -4.587080317377827, 1.839832685441381, 9.636162691025513;
  -12.03067184232508, 0.1612682583139702, 23.74300532668315;
  -12.54462450537083, -0.3723405272859848, 24.7551697158063;
  -12.52139167802022, -2.829380603133082, 24.79186067405825;
  -12.44443388411624, -3.159806536623253, 24.67843322469164;
  -9.892466748570687, 1.897940106472076, 19.84340275379623;
  -11.85893935668909, -0.1388369350437824, 23.60136117303181;
  -11.88067805127026, 1.528968823728254, 23.6968181537386;
  -4.617086628541121, 1.846243196291122, 9.854297515057032;
  -12.2898033802688, -0.4896728726907325, 24.61486523880139;
