m=[-17.03453292303523, 4.441001092458614, 21.37278475316061;
  -24.45912995612572, 3.26941113187159, 33.66611268492829;
  -22.59251200858127, -5.58500567650564, 31.89904518397175;
  -23.07491601109313, 4.424005326834767, 32.55484065274846;
  -22.61504646722957, 4.181200067841517, 32.19510862828226;
  -23.14078610738161, -5.394513956570801, 33.02114008692503;
  -22.95222471119482, -5.465724464579192, 32.95798257152673;
  -22.67294068383207, -4.797319825537238, 32.78140053047155;
  -22.79196616525231, -5.104708381028407, 32.95128448356601;
  -23.16826864525261, -4.357823732948909, 33.47990541144482;
  -22.84492485276933, -3.692412347136297, 33.04504439973641;
  -23.32750932976674, -0.1705207982625259, 33.73080701314395;
  -22.91529746957036, -3.337072483362548, 33.18030498645381;
  -23.14805581942597, -3.618658355249744, 33.6748538398362;
  -23.41514300588556, -3.510926598628797, 34.33625872944054;
  -23.25971196512677, -5.512734337862932, 34.13964656774553;
  -22.11752811316974, -5.785804106416293, 32.51450064087474;
  -22.18832212959041, -4.109618875490694, 33.07065084438293;
  -21.66588816554332, -5.281662217650453, 32.47838665013082;
  -22.08091465834705, 0.5863777732856252, 33.16638506838014;
  -21.61623411921482, -3.557411181646443, 32.66239709369805;
  -21.95258921416784, 0.5003486476693336, 33.18373342843312;
  -21.42741132773843, -5.14352939406641, 32.57252346699265;
  -21.4369174126485, -4.88119673561901, 32.60887539493466;
  -21.26477878158216, -4.559486775247161, 32.38052664439042;
  -21.36181088679135, -4.305641309319484, 32.5615265738563;
  -22.03063045148749, 0.591548918698017, 33.54562479776217;
  -21.16353312447832, -4.012239608267288, 32.3135345494596;
  -21.17565393235542, -0.2260328629800575, 32.52202760345679;
  -20.74549790383616, -0.2274872927529692, 32.36125644542993;
  -20.95730255220989, 4.311433998358109, 32.96452650835199;
  -19.98336879565699, 1.113302441550723, 32.09322215909638;
  -19.61097510189158, 3.753824261565069, 31.58525461058672;
  -20.121854313228, 0.8151405667759223, 32.49797520813337;
  -20.00704972916337, 1.2764559713999, 32.36458573683402;
  -19.98400719348988, 2.883220798640571, 32.62979974461273;
  -19.99919540782976, 4.080090237242732, 32.69332162499231;
  -19.98180425234382, 1.255131559126154, 32.85652236602504;
  -19.47813656414759, 1.986522201135873, 32.15340140723658;
  -19.72679060657431, 4.093913191057589, 32.79554904304633;
  -11.93430224301171, 4.03235578291591, 21.45254302820407;
  -11.46794586852437, 3.961759253541965, 21.02659974775303;
  -11.2664844803748, 3.958494328380114, 21.1863382534069;
  -16.50346469095755, 3.74863495239418, 31.01681570981345;
  -11.11989958038965, 4.000844727424107, 21.33989865889433;
  -12.00417415827765, -2.698206466682029, 23.91332635491614;
  -10.67908550061633, 3.964987850758914, 21.37066744148;
  -12.12249668007175, -2.960177263246356, 24.27000884251875;
  -12.16496168059476, -2.738100303744684, 24.54035777343262;
  -15.8164072170605, -1.928926911822952, 31.640974699599;
  -12.00586511704641, -2.987561777349133, 24.41704080902311;
  -12.138727582454, -2.119799860363158, 24.71059789503824;
  -15.69309274984147, 3.726269150965207, 31.68544449907678;
  -15.73224982521767, -1.731882143656635, 31.85076574069019;
  -11.90895442013402, -3.017182599760043, 24.49956657020577;
  -11.66801789773011, -2.303638459124664, 24.2999340723231;
  -11.79146117699811, -1.930242387755515, 24.56943928653434;
  -15.36458206588577, 3.726736844962393, 31.76237871122419;
  -14.64515175088763, -0.1205038621478033, 30.36116022464126;
  -15.38041708954564, 3.007886295833738, 31.83687595593298;
  -11.6384790977312, -3.003590179077457, 24.35568173780241;
  -11.43685076543478, -3.066482132506164, 23.97500488328214;
  -11.59175705625436, -2.627162229341502, 24.3499759534295;
  -11.62537156272171, -1.652657239194573, 24.44569697942198;
  -10.53514911674806, 3.96665749185417, 22.20531930879458;
  -13.11276023599916, -0.303370274336706, 27.54283790809129;
  -11.65887461171315, -3.37215924790846, 24.63553063079903;
  -14.84428723824429, 3.279594960795879, 31.17005034241937;
  -11.65587372808418, -3.072109530593043, 24.69124930274015;
  -11.60164062899279, -2.757371978640796, 24.60740557460186;
  -15.08013259590744, 2.672378414031639, 31.71390705299394;
  -13.28519188607744, 3.793635528011547, 28.04550351963582;
  -11.80308041059172, 0.03606184661434966, 25.11728116371656;
  -11.58510493389977, -1.649941393349633, 24.70547840500494;
  -11.56452954528317, 0.5486900073667546, 24.68824302399914;
  -11.04552700548594, 0.3496421954585032, 23.62389770350953;
  -11.59257166072939, -3.221273314248739, 24.80211384033463;
  -11.49345133779651, -1.044620753919031, 24.6163589360156;
  -11.63381078415363, 1.514083743666107, 24.97515629727902;
  -11.20494774973105, 1.165633768791644, 24.09989268367262;
  -14.66917683585931, 2.396400502168131, 31.41830069189538;
  -11.37357927033068, 0.4425891967783991, 24.59850130041339;
  -11.57750696100704, -2.640051480186053, 25.0820173250224;
  -11.50664114781767, 1.299128255367688, 24.96144377519788;
  -11.4389573147581, 1.413192148156645, 24.8362129890179;
  -11.41165282293632, 1.604646746060141, 24.80038337823702;
  -11.31042202457195, 0.5316463683085964, 24.73834725016337;
  -11.39005863492188, 2.811119980951311, 24.92386975899749;
  -12.40646628165607, 3.589278235168397, 27.06569780066589;
  -11.52197758557474, 1.196347650052644, 25.21962579886089;
  -10.98758926489033, -2.93037670084919, 24.14480295701198;
  -11.36082328124966, -2.208085338260455, 24.94529684913502;
  -11.04634341617121, -3.056350725424699, 24.30732376075264;
  -11.50312833610344, 3.690749449047168, 25.25802162353097;
  -13.07971871338779, 2.988229317595825, 28.63443088303075;
  -11.38617695311105, 0.10902999018689, 25.22581756368479;
  -10.76859272988878, -2.783197346420183, 23.94901582413261;
  -11.60385591038999, 3.176399502797602, 25.86404207492872;
  -11.98279496374015, 2.765239813708543, 26.68086712744599;
  -12.83591782752978, 2.648466588882972, 28.51696120258253;
  -10.81848437099085, -2.222300528015983, 24.31408156748871;
  -11.251116617877, -3.154743613852185, 25.2887831194905;
  -11.20390160424745, -2.982950930458867, 25.22372514621277;
  -12.95510622615532, 3.311136524213658, 29.02491016875826;
  -11.95924136832762, 3.53750504750361, 26.89916290660691;
  -10.798060649529, -2.17460721097797, 24.50805684909788;
  -14.17692286504315, -2.180358553089107, 32.09169939534789;
  -13.33406831305789, 3.346539241729012, 30.51867803330233;
  -13.66105526829268, -0.7464127686362984, 31.40118886030797;
  -13.75685178734064, -0.2310977051241163, 31.66559139844387;
  -14.24134851942855, -5.923529834238948, 32.82273541301611;
  -9.168732626527836, 3.793424769904349, 21.41596749744521;
  -8.735682008935628, 3.73437872093923, 21.44621502353982;
  -11.02110483517584, 3.222072716955831, 28.52252852268349;
  -10.90620934023476, 1.80019933591945, 30.54930889751725;
  -11.11756177009495, 2.182471594880062, 31.21670519519011;
  -10.84079072603353, 3.366511546627736, 30.52479124613077;
  -7.790794025499572, 3.68914712548969, 22.26613070473444;
  -10.88574716564158, 2.180368140798431, 30.96642086137824;
  -10.7633383346731, 1.935260400854973, 30.62282273810534;
  -7.058495505278762, 3.445005062958165, 20.40762761578321;
  -10.71075834576548, 3.382043520930241, 30.66002845036216;
  -6.879503186849787, 3.312093970855365, 20.19432396050078;
  -10.13047190640452, 2.853629630993583, 30.04995028980966;
  -7.363624554806778, 3.637892101416429, 22.51295999339001;
  -7.215014788063687, 3.524979508230945, 22.73970730867914;
  -9.363589620686762, 1.7681065868143, 29.51578562304548;
  -9.923058611893607, -8.211419622896646, 34.39790281931288;
  -8.6227712380611, -5.050284290536455, 30.20900744423394;
  -10.00225046331138, -8.546824180660799, 35.31471718353996;
  -10.33901284207309, -8.019752223247089, 36.68049222142712;
  -9.375034419503269, -5.687840056242532, 33.48047752768799;
