m=[-11.81769006989942, -3.065693235302134, 16.51065505597463;
  -12.15010983480022, 1.388462712770654, 16.98151520526334;
  -11.71288560628863, 2.245636269701524, 16.52491928088858;
  -11.55189635399888, -2.855698679588309, 16.31046886759667;
  -11.51267947924135, 2.128530502442011, 16.389617725255;
  -11.72834308593225, -2.73407783862322, 16.73595954048203;
  -11.78023327451907, -2.892693680935039, 16.81647683919303;
  -11.68469755158811, -1.801847833549664, 16.76214442203412;
  -11.703938177, -2.787115498862733, 16.80613514853097;
  -11.55652038294976, -2.588309671339678, 16.70773763078247;
  -11.61300377085487, -2.034909104763937, 16.79003458646885;
  -11.57502804629143, -1.870865268851798, 16.74320743810752;
  -11.77050235761986, -0.0860407096873874, 17.01975713995358;
  -11.61990657562727, -1.692165268387255, 16.8250944420597;
  -11.61655234897248, -1.948496638008105, 17.00625228697072;
  -11.63640938049205, -2.077601606596253, 17.04119931343939;
  -11.5607738894777, -1.860100614232294, 16.95583649614472;
  -11.43307964038873, -2.709729631028516, 16.78100307901345;
  -11.24149341301919, -2.940702885896632, 16.52587680285846;
  -11.42077273149556, -2.115302947015127, 17.02212475420336;
  -10.99069799899011, 0.291867484622806, 16.50845210195966;
  -11.0163803157338, -1.812979740149331, 16.64588690255942;
  -11.07981620628913, 0.2525338128070867, 16.74835090469618;
  -10.88341136231383, -2.612501594035805, 16.544237032543;
  -10.88253281803091, -2.477958124487468, 16.55401986271933;
  -10.85542890050861, -2.327566396052687, 16.52989238024191;
  -11.18868810698288, 0.3004297296852074, 17.03680400987751;
  -10.89468828831826, -2.195910271602831, 16.60662965766199;
  -10.8191019367207, -2.051114483629592, 16.5191427239523;
  -10.76802588645225, -0.1149399082329753, 16.53776720344164;
  -10.69733263099987, -1.803259879097949, 16.52147468440385;
  -10.68471201366753, -0.1171645154578281, 16.66726473004644;
  -10.68230068315395, 0.275964152080145, 16.7268784461482;
  -10.47742907926566, 2.155465563146557, 16.48034081496862;
  -10.02486979689288, 1.918905065509855, 16.14596231588205;
  -10.23718279821672, 0.4147104366440674, 16.53365080567496;
  -10.15437250346339, 0.6478521117969354, 16.42631292174199;
  -10.0849224739839, 1.455016401272135, 16.46661740960735;
  -10.03210844319255, 2.04667772294506, 16.3998071533262;
  -10.1711558576821, 0.6388881879007602, 16.72465637766715;
  -10.32260574825456, 1.052774500525115, 17.03997120562347;
  -8.481308544197656, 1.949383482900853, 16.16080613097482;
  -8.304932965239489, 1.926229684746748, 15.98319480947306;
  -6.267307703854178, -1.530406009284884, 12.54754836446996;
  -6.192112965842501, -1.540856892645991, 12.59326783260187;
  -6.201472380722285, -1.08297020403546, 12.62423011936758;
  -8.040523226610352, 1.909193690150085, 16.23437498914124;
  -6.125866609042402, -1.552013509263712, 12.60237225651805;
  -8.086089665897269, -0.8901558556441348, 16.3707130618965;
  -6.016451442896918, -1.187839190237245, 12.52992365054307;
  -6.074816842414514, -0.9944373128203602, 12.65787516458729;
  -7.87374194007978, -0.6025489480723273, 16.17883290070139;
  -7.192944374700037, 2.657194312803076, 14.76360891300519;
  -5.978512223553913, -1.542899243910795, 12.51114855813298;
  -5.841060968259122, -1.566122480865024, 12.24458271859225;
  -5.835114523170393, -1.636418131355431, 12.24375435984623;
  -7.398638350032162, -0.0608777915708309, 15.33826676639846;
  -8.064113469067385, 1.955980882412526, 16.67051045556936;
  -7.895854547199022, 1.544160509311522, 16.34411734881572;
  -5.981087175570904, -1.729942134499418, 12.63820576397855;
  -5.992461343020067, -1.579418071357935, 12.69414549344653;
  -6.003460824812231, -1.426847734951961, 12.73350900028815;
  -7.465094747091833, 1.649286807880567, 15.67521399601427;
  -7.284043211918537, 1.290818878587815, 15.31853038583149;
  -5.804658556692809, 0.2754074978806487, 12.39192831475093;
  -6.138187218885735, 0.01875394882330738, 13.06223196394841;
  -5.803174345357681, 0.183697402372161, 12.41168456899078;
  -5.615245853700226, 0.7307968662647069, 12.05466080253203;
  -6.006364712049366, -1.669012099197372, 12.85051718588592;
  -5.81563991166107, 0.6049922248256184, 12.50842939104997;
  -5.853691080729313, 0.1423037750825903, 12.64057075863347;
  -5.821298194735462, 0.2265288376664741, 12.5901624994021;
  -5.822560045705137, -0.9325152126092295, 12.60992741759294;
  -5.918762152466689, -1.349671983279007, 12.82266513428582;
  -5.879519940949363, 0.6638123484657152, 12.75448713015586;
  -5.853953487626358, 0.823152225296144, 12.72210897265495;
  -5.871338777127191, 0.0003469504171740494, 12.81973573495944;
  -5.794042909009147, 1.429997010030017, 12.67859766756832;
  -5.955973465255593, 0.7077642504803396, 13.04430372195198;
  -5.677108200933584, -1.514077856311431, 12.47522596382259;
  -5.785113893162985, -1.124392559537722, 12.70254626785568;
  -6.060559016099621, 0.8005007175764908, 13.32138487140551;
  -5.936576337763322, 0.05684654845217436, 13.15235063235056;
  -5.604482768832532, -1.448506964793852, 12.46419563666004;
  -5.63802471892251, -1.158146084069363, 12.67121975634413;
  -5.809604027562417, -1.628977089779805, 13.05806536834802;
  -5.770735284577688, -1.536413009914064, 12.9918528251406;
  -6.154541979073875, 1.820493678947401, 13.84302082480754;
  -7.228895543739019, -3.226897827997033, 16.15512989507806;
  -7.715315013865366, -0.103671862836464, 17.34686681472048;
  -7.139750424904957, -1.098067334784482, 16.16195041582882;
  -6.92110888469552, 1.737036434426457, 15.84085882315472;
  -7.062304427159882, -0.385870205258865, 16.23335465313231;
  -7.071597970154175, -0.1187938990494063, 16.27744016716304;
  -6.985988436766008, -2.905743853566772, 16.10095067510935;
  -5.615780247493684, 0.9269512033765969, 15.73032390349914;
  -3.777222369455336, 1.866082025347853, 11.54817922298554;
  -4.989139024205842, 0.9420884434898621, 15.72669925182277;
  -4.135244831937214, 1.053049324102767, 16.74273104096223;
  -4.245261270445313, -1.284442137469323, 22.35294019222386;
  -4.276171356264587, -1.187834529429332, 23.09956411698455;
  -3.792134364568665, -1.258773225191876, 20.67731435354949;
  -4.280712273524638, -1.577571731010304, 23.97951176404614;
  -3.996455884183461, 1.103552910281237, 22.68620161467329;
  -3.741309786890148, 1.29178841581326, 26.26044654365563;
  -3.574568341069427, -1.63934065372247, 25.39611038936701;
  -2.822153870861759, -2.708061595431731, 25.64632496181955;
  -2.256706055950615, 1.56819130580001, 21.35420080960837;
  -1.868028597485473, 0.6545966960841113, 19.40193103473271;
  -1.818293564566176, 0.8886730904668901, 19.35418232845482;
  -1.412639409917441, 0.3365629802975754, 15.11608054592854;
  -1.628134725834969, 0.5864460490358862, 17.69071335922462;
  -1.841208333071873, 1.13009488698012, 20.01372149026221;
  -1.675529993516844, 0.9453132544027944, 18.76826791045636;
  -1.666460999857123, 0.4625302899819111, 19.11981422639115;
  -1.580188868406854, 0.9187957805043931, 18.42729194712678;
  -1.555054104805221, 1.332338590705871, 18.62999560282325;
  -1.496679346425772, 0.8586518568588691, 18.93586962744278;
  -1.434513123224034, 0.4375532524930367, 18.1849005078989;
  -3.591743437026928, -5.707706594946319, 45.5551075893349;
  -1.561548099960081, 0.3544848945849456, 20.46094307803507;
  -1.433556406058512, 0.6349234305096494, 18.84243924851696;
  -3.166402584373644, -5.318724560422841, 42.64168923957092;
  -2.744277433580643, -4.739326209899789, 38.59066254160705;
  -0.2697072864466332, 0.0004816973738049634, 4.174617352661003;
  -1.378173894150123, 0.2797046464724514, 21.0277601795598;
  -1.129395912057017, 0.3095439990358717, 17.9271712591766;
  -1.745511147229532, -0.08888675085919463, 28.4458301187853;
  -3.128519089868737, -6.440036975588985, 51.52011208141195;
  -1.102873280299484, 0.5730654790513522, 18.7215004463616;
  -0.9793949466811522, 0.9075568389523854, 16.78209584027135;
