m=[-16.33034377860833, 4.512147091241196, 21.61060275060883;
  -22.85221779390729, 3.24948551293553, 32.7948464067393;
  -22.69488679415675, 4.626210723368237, 33.37943910053222;
  -22.63660849243881, -5.809084659364677, 33.26070619155095;
  -22.26797833772924, 4.399927984678695, 33.05367917652548;
  -22.79141038331206, -5.52378330013449, 33.89223549877993;
  -22.14289636278376, -5.079821836211306, 32.9466316242648;
  -22.91384990162923, -5.684673291572352, 34.29426309576027;
  -22.29777532670579, -4.614539539187086, 33.60680787052889;
  -22.44713926045957, -5.23203113647071, 33.83137560721037;
  -22.45497881331176, -3.763068729558035, 33.86940618189604;
  -22.67059054239595, -0.1149840953271825, 34.21622274162554;
  -22.76235316616413, -5.656427950850071, 34.32643034690942;
  -22.55494978308322, -3.401584902731449, 34.06100950331692;
  -21.48243357890736, -5.315936682257609, 32.91989600149415;
  -21.86532102301981, -5.964046339996652, 33.5088023069211;
  -22.02116794930059, -4.059196185526991, 34.1509711176404;
  -22.50869184135917, -4.328194710786194, 35.01069583067278;
  -20.74928814219645, 3.397454470660377, 32.40961882916984;
  -20.74067910260787, 0.6364491819528504, 32.54173226367391;
  -21.42083490802385, -3.664281402596163, 33.78336402051195;
  -21.24622598756724, 0.561747955587436, 33.55281229806241;
  -21.09988742215113, -5.290850931141244, 33.47630747735568;
  -21.06068398033899, -5.001186547631823, 33.43785351500731;
  -21.15230259769289, -4.738818722631556, 33.61628083625195;
  -21.63836392868633, 0.6587836776093334, 34.44042885197777;
  -21.21579281665942, -4.465782610160145, 33.75916245351858;
  -21.11746238561154, -4.179182714567629, 33.6543486713946;
  -20.79668632778154, -0.1859418908272072, 33.36328986324043;
  -20.92513701843949, -0.1933385152406762, 34.10885618489012;
  -19.77498070056512, 4.344815416180181, 32.54653896970009;
  -19.68474964158498, 4.140273440904909, 32.73644860297292;
  -19.58770101716309, 1.35286476796692, 32.59575562250122;
  -18.59440132102801, 3.454154944964954, 31.30576894738453;
  -19.40083645033302, 1.629135283761764, 32.6452702442993;
  -19.3246847639976, 3.972128097167264, 32.55796057340379;
  -19.58360096452334, 4.349808576033079, 33.01105841904885;
  -19.70820636100029, 0.8874104592494504, 33.3093895010748;
  -19.45298562371849, 1.361861040958859, 32.93224392571742;
  -19.2646323348336, 2.972012119011248, 32.93756813712596;
  -18.91824331370367, 4.139198108424351, 32.40104580568931;
  -19.10083324670818, 2.985005194933627, 32.73441491436949;
  -19.49538996496604, 1.32871120976727, 33.57972836083127;
  -20.84106721888353, 2.301679383019693, 36.02677821006633;
  -18.2167213670172, 4.058832028821305, 31.75384397275883;
  -10.88518057912548, 4.054531471043012, 20.67684533834151;
  -10.76745589030398, 4.084695456962502, 21.01029905022616;
  -10.1317493993217, 3.940839508221576, 20.20397225807442;
  -12.13624574480521, -3.049637010719104, 25.23705804468803;
  -11.85139604770905, -3.066869121437939, 24.81271282442867;
  -11.73868529130649, -2.31060321238084, 24.6292497277792;
  -14.72719466196124, 0.8076146150491165, 30.7151657627381;
  -11.63090255978076, -1.930404144310745, 24.44324461384649;
  -11.66503587855202, -3.08409639151676, 24.83855075497223;
  -11.53026392597112, -2.129115547834729, 24.59108234848739;
  -16.05934688520762, 3.720947718599283, 34.01732027246272;
  -15.41673261089082, 3.959148354030945, 32.84662511178807;
  -15.19401869459928, 3.916816835096338, 32.43220112693216;
  -11.49094063688161, -3.09757142134705, 24.77049932372175;
  -15.44829565830155, -1.796464411605197, 33.04693774809002;
  -11.27824278139895, -2.362269626715728, 24.62388887778051;
  -11.3734676596973, -1.969716520263586, 24.85758056317614;
  -11.5775547944488, -2.668464415655762, 25.32022177939178;
  -9.839246310577307, 4.055526105701602, 21.71598134308679;
  -11.16796351701211, -3.070030510650444, 24.507850050897;
  -10.83009531018354, -3.09763746952649, 23.79619646854946;
  -13.59992715488557, -0.05863931079937609, 29.803580911246;
  -13.04473241033382, -1.309757724443168, 28.62562068820539;
  -15.62406526583022, 4.114400998695063, 34.19036764741067;
  -14.9136071077834, 3.177610905559676, 32.68298501804435;
  -11.15966692137678, -3.44520879999942, 24.75212391230582;
  -11.06603548563715, -2.232895426649557, 24.57172330061196;
  -11.20276887715803, -3.151012401037401, 24.91834138433929;
  -11.29290105970044, -2.856693632687599, 25.14835691186966;
  -11.25802177010823, -3.01585840175224, 25.11368566278341;
  -13.73973681621328, 3.303099343335524, 30.54994671898637;
  -12.77676878999541, 2.478820576659627, 28.47379094788257;
  -9.165510332652124, 3.909143646949361, 20.67666099266335;
  -11.98066675537164, -0.0854739105032423, 26.75266049957409;
  -10.41404006243824, 0.5681958096559406, 23.36996927089897;
  -11.60705608063133, 0.06838025475132574, 25.97175541021217;
  -11.05455487451335, 0.4159519219045242, 24.81164437372162;
  -11.34559632525518, -3.377045510480384, 25.51216749729715;
  -10.90078035636383, 1.239457603455168, 24.62884976609142;
  -10.73219330290229, 0.4821478490121449, 24.41360471788293;
  -10.95147609316801, -2.667584287497004, 24.9648884575303;
  -10.83594871607949, 1.34023646985274, 24.7413729735685;
  -10.8126524040948, 1.649672092376399, 24.72656334164866;
  -10.60966212053579, 2.854891880208264, 24.45389425003114;
  -10.6129363972116, -3.027408549368686, 24.52281844496801;
  -10.62139956318187, -2.2018045687935, 24.55670665657362;
  -10.62337797495873, 3.733313373464091, 24.61284326938554;
  -11.17584981016454, 0.1483198670756689, 26.10691444828401;
  -10.49481421356484, -3.117499165254239, 24.54525151551734;
  -10.50250318239126, -2.919275667244001, 24.58062606534069;
  -10.87074533466912, 3.235956223899754, 25.58241122942363;
  -10.03000907603881, 1.579426260248023, 23.65787281375918;
  -11.41337551060918, 2.872092171413041, 26.86364829986442;
  -12.10951071117011, 2.730453041121233, 28.50340259930256;
  -10.55055356958921, -2.454132234753149, 24.97908539826006;
  -10.61176096446707, -2.329027279989784, 25.12552047179044;
  -10.82333172907441, -3.239038473132399, 25.65706461341891;
  -10.69390570371708, -3.02864860234541, 25.39089453378725;
  -11.47414129448444, 3.700526831123507, 27.31134817617598;
  -12.86216114481422, 3.584111976230685, 30.565267569708;
  -13.14892361980706, -2.173320923400186, 31.67760330528344;
  -8.855153206385083, 3.934961705457588, 21.77365104185528;
  -13.08479440970842, 3.596758685996131, 31.87133837852186;
  -13.32680584941619, -0.7528269017483202, 32.6167605061274;
  -13.23229021846313, -0.2049186777213234, 32.44489349737854;
  -12.52845350739765, -5.625985782745302, 30.77418154776582;
  -11.89512203747962, 3.843776243593625, 32.99243761864477;
  -6.981703999149219, 3.69495636597569, 21.38689989344812;
  -10.24498853333031, 1.897222148167777, 31.03370793946179;
  -10.04839966150584, 3.473273809135553, 30.59395937263426;
  -10.08652920239595, 3.491607457109769, 30.73531318635379;
  -9.919496795836601, 2.223386237854381, 30.5707021021144;
  -10.00125394533121, 2.034072178714494, 30.83719235545858;
  -9.759289690323843, 3.44335099408727, 30.28738363598904;
  -6.99973955393744, 3.766119780102989, 21.96084860208489;
  -8.986247310764755, 1.729714693282291, 29.11807275116291;
  -6.663391338540274, 3.706916026059514, 21.99524771548358;
  -9.320906192661925, 2.005901745875192, 32.12693474591159;
  -8.373227724193823, -5.515054643110084, 32.41107293030301;
  -9.312681858524112, -8.988123792987878, 36.51672122674953;
  -9.881239825221041, -8.646490324292339, 38.97458079412198;
  -9.591868649241159, -7.171394438109308, 37.93457977804412;
  -8.835236086758746, -6.062771566322944, 35.07223287235165;
  -9.002862350017203, -8.537829921170481, 35.78901953590992;
  -9.042492653917305, -2.858098045635374, 36.49637223052595;
  -8.34825482577501, -3.01707756723722, 33.85511544203705;
  -8.116628587992075, -3.157044304986316, 33.49953062925897;
