m=[-11.41362502836396, 2.326596073275691, 16.78705890917579;
  -11.38719890542742, -2.922222315094072, 16.73158226262926;
  -11.18929412783333, 2.210891694574698, 16.60893201456645;
  -11.43091279534196, -2.770424653071766, 16.99847363151409;
  -11.48698064093149, -2.849793130820365, 17.19211472394254;
  -11.25580663646775, -0.0570888853050212, 16.98814092600804;
  -11.32377779539647, -2.493856373196228, 17.06624611851802;
  -11.34070776729713, -2.643318396150006, 17.09223343229627;
  -11.3169812816916, -1.896531665791691, 17.06968592441066;
  -11.3779558962083, -2.827413637115516, 17.15835826420485;
  -11.29432940137448, -1.703334334488578, 17.05595732970063;
  -11.05788149264874, -1.791507555436554, 16.78618977346072;
  -11.0408330876187, -3.011528625507095, 16.92017660510125;
  -11.23610968992644, -2.780432088718142, 17.21832682945842;
  -10.58718003764322, 1.733527526538538, 16.53678271487392;
  -11.09031748516375, -2.132556339503685, 17.25021315655517;
  -10.73748325816929, 0.2838979154208637, 16.95702382746773;
  -10.73683391851776, -1.836659542885102, 16.93334411354782;
  -10.60064317070128, -2.658138485209175, 16.8185916417533;
  -10.53692316840965, -2.502156076814757, 16.7293756334355;
  -10.67811444057777, 0.3250970140016599, 16.99568608218347;
  -10.60007507491152, -2.374769082197684, 16.84616126106508;
  -10.55236535683515, -2.221202389835123, 16.79121866567943;
  -10.66999705522711, -2.111611065924071, 17.00449583677419;
  -10.52913333584256, -0.09414033228086831, 16.89146635938592;
  -10.39671180773957, -0.09606077238692692, 16.94707889049627;
  -9.9922688054404, 1.900846502683182, 16.39082471192073;
  -9.905133600641173, 2.083336711009722, 16.47259441582927;
  -9.806828259027084, 0.677328718950481, 16.31947399457411;
  -9.643564850280731, 1.982204386071996, 16.24734416198323;
  -9.846354667359771, 2.187021582615633, 16.59748836425493;
  -9.800628545041056, 0.4412974026544916, 16.56431577701196;
  -9.419675422083248, 2.060968454762156, 16.13296381512148;
  -9.91362850681862, 1.094857288516682, 17.13713082545676;
  -9.574696851226493, 2.133319463093696, 16.68979965027009;
  -5.826738213662095, -1.507826034523342, 12.19916889256855;
  -5.750107742485472, -1.131831810088858, 12.06445492292002;
  -5.724934923041729, -0.9501788914958794, 12.03139515639611;
  -4.844185266769175, 1.991222008734928, 10.38480080781314;
  -7.40202167347633, 0.4059144339179738, 15.43772102554177;
  -5.804723873365199, -1.385202060268193, 12.25710745257732;
  -5.722308309809908, -1.512910083875521, 12.18460421970479;
  -5.68021839744964, -1.048878098780234, 12.11444241570669;
  -7.60696241235401, 1.762531791363894, 16.11326279526259;
  -7.633386459478073, 1.967785955397542, 16.29374886983596;
  -7.473143459269808, -0.8690431983144989, 15.9865212411521;
  -5.555301548569898, -1.163578437686879, 12.12893982386672;
  -5.581189657350493, -0.9665795691988727, 12.19811544702169;
  -4.016430343993076, 1.713030981668426, 9.060746822524267;
  -5.560300934689877, -1.281571579490314, 12.1604307063191;
  -5.489472690336838, -1.509035073497921, 12.04652695617537;
  -7.549481621609359, 1.988060994055829, 16.52063965418147;
  -7.462510216116935, 1.590021359299985, 16.35399858851472;
  -5.465107938160258, -1.102744929482902, 12.13507043590688;
  -5.50146309649165, -1.547401239013375, 12.23691544964732;
  -5.522067111185939, -1.396882330979788, 12.29718686715252;
  -6.005170133041418, 1.86617333717787, 13.38570373514052;
  -5.658078828560807, 0.03333324738093508, 12.66042297084243;
  -5.43729960054852, 0.2045903471005587, 12.20386940710062;
  -6.475409427489187, 1.256294012592969, 14.43083594692969;
  -5.681400857599998, -1.521963703748515, 12.67371108136192;
  -5.302833647152219, 0.6029510978985682, 11.98104071091033;
  -5.330213855081579, 0.2394618762883565, 12.12517613566966;
  -5.379133906664673, 0.665314281825229, 12.28200333414931;
  -5.413515627177583, -1.318635871943082, 12.34060254944961;
  -5.340475801029602, 0.6105676877344218, 12.31595702551853;
  -5.297093488835155, 1.861527473556232, 12.27260595747454;
  -5.125072835997323, -1.062422020617203, 11.84918329063006;
  -5.289009812156619, -1.566213855056208, 12.24210232356496;
  -5.436677250263686, 0.0721526560207551, 12.70014095272424;
  -5.1681838657335, -1.535216208637562, 12.08733859232158;
  -5.102767475571999, -1.186939250689836, 12.08111628447375;
  -5.172219353568595, -1.135178224696975, 12.24629010093848;
  -5.396639722544607, -1.61502244636933, 12.79291234183683;
  -5.266731714172563, -1.491604665965268, 12.50497556246696;
  -5.861295782747444, 1.890327280494114, 13.95136121978182;
  -6.662545609936734, 1.856554994444702, 15.83268060245104;
  -6.520282415553995, -1.077705416043001, 15.70827588405792;
  -6.475949852319476, 1.780114241926747, 15.77381979440762;
  -6.554751358895635, -0.3702757594734647, 16.04246041144793;
  -6.521919719353831, -0.101000140038482, 15.99141094998329;
  -6.384519702255614, -2.867011243912764, 15.68257153977448;
  -3.328334044404012, 1.851587905083708, 10.98652744033204;
  -3.981531935832559, 1.114531346202924, 18.2201248650878;
  -3.515117646722699, -1.282653989950976, 22.0749838795322;
  -4.246847938811577, -1.436613629108867, 27.52571578698516;
  -3.492657298254608, 1.199922411589247, 24.06996078702875;
  -3.722060644050812, 0.8554379156244841, 25.97802605520004;
  -5.13734312897652, 1.66502899051055, 36.07377738339766;
  -4.96905894588155, 1.41041390514486, 38.45655974399872;
  -2.709019059793421, 1.226240141618269, 24.54016317560711;
  -2.653306523324445, 1.060645163513079, 27.00094301460617;
  -4.917988824753613, 2.496410933273905, 51.3047258374812;
  -2.087851310115133, -1.708062193242404, 28.47484425283439;
  -1.458965281187973, 1.491098711349552, 19.8234339549513;
  -2.137676267357993, -3.130173180852738, 29.96015806300015;
  -1.713493787313097, 1.6271766821403, 25.76167661264524;
  -1.468568911608624, 0.807227587669794, 22.63721701847031;
  -1.174348688472614, 0.8969417504790336, 18.98829634492536;
  -1.191559474899127, 0.4653817900735389, 19.63232650222779;
  -1.232557857412996, 1.193665721930852, 20.5891086998489;
  -1.263633761791405, 0.7249048761504006, 21.09968343654362;
  -1.083687109193306, 0.4908813702443773, 19.71729821366132;
  -1.008676689088199, 0.9687472235680226, 18.84374942439229;
  -1.843537880831731, -4.979870572701615, 39.42853774839232;
  -0.9594451987550393, 0.9556758688516527, 20.52435333717705;
  -0.8617792939337544, 0.9651799565365109, 18.4154937549395;
  -0.8981047926451896, 0.8152851874404808, 20.24979429091651;
  -0.9672615639508241, 0.3939633237801664, 22.08055322834901;
  -1.695942573160024, -5.102287743802834, 40.43001002692451;
  -1.850847896691163, 0.008601054080863198, 57.68846975351806;
  -0.6687537855777866, 0.2784324414176971, 20.30896659169262;
  -0.7590540679757736, 0.450613631697673, 25.09935701803784;
  -1.080935634712578, -4.878385713291253, 38.61873705346989;
  -0.8536704758824586, -0.3668086673688619, 35.69825472882157;
  -0.5059275354522693, 0.6172740046282665, 19.5579498129603;
  -0.7324991701336158, -0.1574740184707265, 31.87802793675507;
  -0.7383492971581227, -0.285423813386443, 39.00568679158535;
  -0.2755406407819485, 0.5826766977207926, 18.35421351458751;
  -0.437089089952429, -3.185903813395129, 39.08674953136944;
  -0.3224755127977591, -5.285438844941142, 41.0145761287238;
  -0.3046955271167323, -0.4977213320647642, 43.00482681770703;
  -0.282002090921012, -4.463498205031065, 40.63157041358595;
  -0.2127787905671812, -3.467889354992495, 43.11117554581597;
  -0.2145697534429637, -4.850600348959977, 42.33146491911109;
  -0.1288204440594029, 0.5271535997287289, 19.15189737887967;
  -0.1135276872878678, 0.2085362346448044, 20.11885710344177;
  -0.003152358186063958, -0.5514963287527189, 43.78260099669586;
  0.1326775960524279, -5.239086840342957, 39.22687599401968;
  0.01480828793508032, 0.7300640700985096, 18.69326052729568;
  0.2955866150563712, -4.886847244923972, 46.98990933435314;
