m=[-29.22931735214984, -1.728651679015959, 34.83826643758702;
  -28.6606562593609, -1.147019499485784, 34.20689288154377;
  -29.60873915774218, -6.460394085761718, 35.43510827430067;
  -29.34803912249979, -1.093121917060305, 35.23488880895886;
  -18.26252875691499, 4.854876433093241, 22.30813681067489;
  -29.77063327691035, -5.510921803757829, 35.92811996203569;
  -29.33270489773181, -0.9028884937604822, 35.49254400015052;
  -31.12702491418636, -6.901522862766758, 37.61121825303558;
  -29.92051481785728, -6.248558889884134, 36.2846376836828;
  -29.43651763885424, -0.6572097650015604, 35.84434889287222;
  -29.22120898108323, -0.3885042718192813, 35.61050903056204;
  -29.13839607853952, -0.9825847763086464, 35.53703043090642;
  -27.94173524764324, -5.986430459865537, 34.53497641161707;
  -28.83982390588444, -8.541052154426517, 35.69478433901649;
  -26.8492839912586, -0.7473596041732079, 33.64580364134585;
  -27.92018937767237, 4.05499598706424, 35.00628809206999;
  -27.41708545459674, -8.319117827898637, 34.56361066939022;
  -15.54540245546981, 4.559484990605406, 21.26817759654339;
  -27.58966448144417, 3.415273268265485, 37.90112609057335;
  -20.84277661478916, 2.702225594400101, 31.43729377542209;
  -22.09716996197058, 4.69959974923609, 33.3464567933608;
  -21.94289612066329, 3.319272056350392, 33.12756934737527;
  -23.03353897490696, -6.522941382615422, 35.33478298736367;
  -22.00712145999712, 4.462424379921626, 34.00124906055333;
  -21.62241626855286, 4.706057689515952, 33.49681436474748;
  -20.03817864433485, -4.733582084611864, 31.07966888021676;
  -21.81016630857939, -5.890882702150768, 33.81005492755913;
  -21.14896040450567, 4.484438644421269, 33.07755663877575;
  -21.83158679853833, -5.57622939645075, 34.28367491194223;
  -21.89977779267874, -5.725706655646151, 34.6316040222677;
  -21.16320275647252, -0.0759165734883633, 33.72594672074828;
  -21.34145839444187, -4.944254373951813, 33.99027079517158;
  -22.05806162080604, -4.822696830280103, 35.11651837827139;
  -21.81559964907438, -5.359568210415616, 34.73506173327072;
  -21.7137897016956, -3.834698629263059, 34.59547448323231;
  -21.62003553570686, -5.662626115130095, 34.4590084095539;
  -21.50456411083297, -3.40592196578111, 34.30578745238701;
  -21.77694920233994, -3.99701960772619, 35.17531213691206;
  -21.25039756717808, -3.744873365494618, 34.38764384196942;
  -21.26864444782207, -6.132102923495801, 34.45314504914229;
  -22.53766481573681, -5.896458434056989, 36.48675939427997;
  -20.42505225010657, -3.970634480077893, 33.50297404472899;
  -20.39419874443246, 3.599300556309153, 33.60936946275254;
  -20.75507721910903, -4.21557102759146, 34.1741990698381;
  -20.55303909018114, 0.6225385583987892, 34.31006599491855;
  -20.47482139798817, -3.689582038070384, 34.16434696884624;
  -20.30590436402276, -5.389997362171559, 34.0973170009233;
  -20.06591852658886, -5.037280389458405, 33.71471300770312;
  -19.88924079286842, 0.6845847516860705, 33.49584061288468;
  -19.97380566149232, -4.44188266907159, 33.64353166211578;
  -20.54451652393127, -4.296698083926704, 34.65653698559743;
  -20.22766747706475, -0.1486455333323268, 34.32356973322511;
  -20.11507448548829, -3.728156093290032, 34.34874193837299;
  -19.54752509478521, -0.1477483120465991, 33.74605744081634;
  -19.24328084982654, 0.6537779212573598, 33.36221573359656;
  -18.75097950887259, 4.256714196134293, 32.99118489623548;
  -18.57927232450811, 1.422727948381532, 32.72677053506947;
  -18.13121068394351, 4.016170730830059, 32.32683622932252;
  -18.61118794605386, 4.461286580038122, 33.21584319867605;
  -18.47346486893557, 0.925829151534957, 33.09175656430167;
  -11.75836052557821, 4.382074688223865, 21.402443837632;
  -17.65654158286006, 4.175079444971028, 32.02504774286611;
  -17.68991123469307, 2.136120928110175, 32.50636965542854;
  -11.34616511585821, 4.217921722414523, 21.18770512813378;
  -18.97140457766148, 4.582990787515273, 35.03588158126281;
  -10.13420578569576, 4.209006898502809, 20.7735889849764;
  -9.924337749145243, 4.223740935687461, 20.77091372722832;
  -14.61740363006786, 2.307038192153089, 30.66722355138633;
  -9.783472926895641, 4.160327796959404, 21.02723782659869;
  -15.25848506156413, 4.160012468635854, 32.73665852673199;
  -11.08536564532064, -3.077331220405732, 24.70346100037487;
  -10.93970974893646, -2.303257168910598, 24.42486080122128;
  -10.9550888152009, -1.936125490839885, 24.49216905416803;
  -14.08374395307568, 0.9086915644613661, 31.44909151116575;
  -12.58868269073919, -2.006497822819781, 28.36644059051206;
  -10.89314551539592, -3.102018779781837, 24.72385878604039;
  -10.87722559279525, -2.145875651158327, 24.71183434749365;
  -9.020820318479482, 4.142878368700529, 20.73583061475351;
  -13.39401131749432, 3.437406997288442, 30.47886297420185;
  -12.07110948062148, 1.513063803363862, 27.57325022414558;
  -11.06478770094416, -2.328516700857729, 25.29730567903706;
  -14.28293251199941, 4.066050983963098, 32.71631281305636;
  -13.89153323376427, -2.043087118076335, 31.78418817054374;
  -13.66426703423224, -1.699452674130384, 31.43308223328658;
  -8.893164699324897, 4.057802233181568, 20.82519408820525;
  -10.63893231904077, -2.391613211057072, 24.79016272234024;
  -10.64050184342972, -1.969359667994306, 24.82660836197942;
  -8.624087290793293, 4.029504391273694, 20.34857094868212;
  -10.33526402092186, -2.558057234838873, 24.15085511641768;
  -10.47405409121474, -3.105299193339494, 24.54145499659984;
  -10.90619313121894, -3.374689891699259, 25.56671083439119;
  -10.3979802172203, -1.766277168242045, 24.46656031390632;
  -10.47537570164194, -3.030374720718843, 24.72024473153512;
  -10.12549685626824, 0.2476139040723037, 23.99053517826803;
  -13.48127021421185, 3.941638034838629, 31.77335755519097;
  -13.92347565784083, 3.299472434858164, 32.82185260060719;
  -10.49488956645936, -2.26960030401409, 24.8986099375042;
  -10.63075053007086, -3.548088766978794, 25.20797238369171;
  -10.47729134127558, -3.183532837582926, 24.92455539121455;
  -10.45730914568484, -2.846312796201596, 24.91078136799389;
  -10.66146112155011, -2.669909367226916, 25.39607791659708;
  -10.67883370216824, 0.1052269714418095, 25.57664663013447;
  -10.37137028020428, 0.4615014748493484, 24.87858885995889;
  -12.48192212921211, 2.695680158563616, 29.83223841885209;
  -12.99596099465858, 3.463256136705647, 31.04477016802447;
  -11.09181417544266, -3.214344619381985, 26.47865788883456;
  -9.931798847487098, 1.287400492562133, 23.98689877095433;
  -10.33400549500923, 0.1721128722834497, 25.06700974831053;
  -10.24765685200307, 0.3389447785825499, 24.89097708665074;
  -10.26423893141689, 0.5553179355214781, 24.96910484379461;
  -10.14297393071629, -3.169502534666661, 24.70006150217042;
  -10.3079101046919, 1.444649298043316, 25.17941406267186;
  -8.504047329721777, 4.113685894364445, 20.94694665346908;
  -10.95581105438622, -1.956841959174985, 26.69787780337837;
  -10.37974309234817, -2.722289038065792, 25.34998497542676;
  -10.06998122511247, 3.025986469834503, 24.83082457735299;
  -9.624809966203561, 3.9563234129165, 23.8837485634846;
  -10.45939905473539, 0.6946315802425463, 25.83257072215268;
  -9.966787883027521, 3.910373018297384, 24.72991275805476;
  -9.602027747201364, -2.140095555183448, 23.79571723414154;
  -13.85628479895982, -6.60352324454153, 33.94210516492029;
  -10.84126019603109, 1.738236929262629, 26.96789755628184;
  -8.460255376307071, 4.159419361677251, 21.29528525814943;
  -9.67151290909942, -2.958054532013906, 24.21718560741204;
  -11.54761062672118, 2.59224154485928, 28.92688100669012;
  -10.1815832334302, 0.2048866136200338, 25.55492703474995;
  -9.887433998269469, -3.189813581541498, 24.82165945949127;
  -10.85602414139401, 3.581142597404448, 27.39429006610342;
  -12.1689696842338, 3.066789493494899, 30.85062966802212;
  -9.583386717882899, -2.412278885363359, 24.38802228347492;
  -9.788604889323461, -2.319231045840117, 24.91438439102061;
  -10.38805388621822, -3.353625995566593, 26.48932172105706;
