m=[-11.47099999550801, 2.43963859603536, 17.31068758511453;
  -11.28825130920937, 1.707558424816841, 17.04206801144575;
  -11.21431447592274, 2.273947113548226, 17.32624142745417;
  -11.21242808550399, 2.440353231320997, 17.36996538654395;
  -10.99826964633487, -0.03945295782773034, 17.52698116542258;
  -11.10042735439463, -2.426958303820229, 17.67192275995741;
  -10.3566730035815, 1.8278128682785, 17.06765996272889;
  -10.54518144948464, 0.3607605184485142, 17.46844878063622;
  -10.50932642106565, 0.3183208522693885, 17.54366745894832;
  -10.30640950914298, 0.3547451040525136, 17.35721608504819;
  -10.27119982487357, -0.07547919094786222, 17.42881347207589;
  -10.00562908311666, -0.07562669958608854, 17.27331373834297;
  -9.685960794991754, 2.291824138621808, 16.85322349988165;
  -9.350503856525943, 0.7160249839591586, 16.47060168745917;
  -5.671255987049113, 2.113548675193721, 10.32276034465988;
  -9.495102437351902, 1.685688662263625, 16.87392425110377;
  -9.463129555824809, 2.096139337116251, 16.87217939830781;
  -9.511646377955948, 2.280036097805374, 16.97566837577545;
  -9.582555269522473, 0.8853164752942007, 17.07563752272354;
  -9.477396939216689, 0.4749758872657311, 16.97698372237667;
  -9.513272977626379, 0.7341113215924834, 17.06422558130648;
  -9.264862418438485, 2.190776515444953, 16.80440418578942;
  -9.174074795646421, 1.107802798274946, 16.85796285789033;
  -9.46497314922749, 2.286487780565587, 17.4796587711084;
  -7.677647681512422, 2.093203221421957, 16.47218117815316;
  -8.025129622200762, 2.212177019353634, 17.39889102229351;
  -5.513170692128258, -1.160748338986481, 12.30914071935928;
  -7.4442691499863, 0.4127829989183221, 16.53966889132952;
  -7.077240349120637, 0.4566277707361398, 15.80352356075055;
  -4.51538785097757, 2.073725226051424, 10.37935734580386;
  -6.503815964745672, -1.036636866133962, 14.65523547680659;
  -5.45957951460355, -1.148935020084508, 12.48217820285423;
  -6.927587287196361, 1.777879415723088, 15.76413358651548;
  -4.493034867319024, 2.050096623056335, 10.52137527196535;
  -7.16470547034354, 2.039641208345812, 16.41138787040045;
  -4.319808198394554, 2.018380092635842, 10.1926059704394;
  -7.596575066012736, -1.117260737003962, 17.3811606887962;
  -5.316562152864422, -1.195153789956905, 12.38831462975486;
  -7.149618901699912, -0.8892126398779617, 16.44687990294539;
  -5.15275641929397, -1.275346794339725, 12.04066712574025;
  -5.362126509293709, -0.9924302290879891, 12.5110090475501;
  -5.278774586960602, -0.8966913606744073, 12.42101390051636;
  -5.258705319460511, -1.091688598246281, 12.40994035398604;
  -6.730567536473194, 1.967875472879826, 15.86295100444479;
  -5.261183616732526, -1.137771280049641, 12.48189967632072;
  -6.843983574203397, 1.621831768347988, 16.13334382834087;
  -5.022715264579647, 0.3362098305123709, 12.02713830295799;
  -5.222388008256531, -1.421450739147758, 12.4404628456637;
  -5.11608991442385, 0.2276539143024386, 12.27235110817259;
  -5.196985736450611, 0.8053006359583477, 12.4784156133814;
  -6.06354285689728, 1.309523645535666, 14.49208337444622;
  -5.021244613061266, 0.6508743166667754, 12.12711695909695;
  -6.5948539901576, 1.757443605861719, 15.75379662190964;
  -5.090527999836487, 0.2754087778423581, 12.38337573662107;
  -5.115753270638705, 0.716970685263063, 12.49639049386432;
  -5.14612084120492, -1.349670047701037, 12.56814208652664;
  -5.607664346253714, -1.001597492987578, 13.66514416280527;
  -5.004610965349772, 1.503864280319417, 12.34050135551365;
  -4.986809121549776, 0.0459683916908741, 12.28396849952582;
  -4.749735812001588, 1.952401248873906, 11.78636214898386;
  -5.013959314231776, 1.967178538092567, 12.44079615906535;
  -5.134355215015169, 0.3409837656894689, 12.68080446213439;
  -4.904120259484295, -1.093028081747257, 12.15337656266678;
  -5.115962105587146, 0.8202694243880752, 12.72607976107821;
  -5.231412624597818, 0.1052730594573583, 13.13041055062191;
  -4.910755509135496, -1.467806972557994, 12.33090916062297;
  -6.052875174497324, 1.358767194390107, 15.1625133181987;
  -5.711299986327313, 1.599194609715282, 14.44544333231399;
  -4.858720200644158, -1.151184960450812, 12.36662671503864;
  -5.689265330889256, 2.043883878734805, 14.57388480435129;
  -6.594345691214076, -0.04683577885647631, 17.15594801650655;
  -6.10828206885193, -1.088679336090011, 15.95641341343299;
  -6.166282211948692, -0.3547033950415028, 16.39193430756206;
  -6.175283670093511, -0.07312223593701293, 16.44472699133731;
  -5.177074561023074, 1.904106424290554, 15.77457925746905;
  -2.999436973168695, 1.942786447278758, 10.96214631182768;
  -2.873030995603224, 1.909673967135876, 10.86386965690639;
  -2.792594559370334, 1.905532051643436, 10.93873254025922;
  -3.741106812546663, 0.8004613416009999, 15.51379897167398;
  -3.60521438526867, 1.264450998663845, 19.52365579815324;
  -3.159825936025995, 1.485871640455165, 17.72838298230905;
  -3.445395526381704, -1.365391927604264, 27.55549257938382;
  -2.317685354522433, 0.6541365689793129, 19.05102419201919;
  -2.509324842622829, -1.152117776068257, 20.34566088874803;
  -2.878635071970552, -1.988983474123459, 23.78134755422991;
  -2.793442910531997, -1.190295539569636, 23.62447486486863;
  -2.327881125121441, -1.508523576485144, 20.61683299615926;
  -3.157245532190977, -1.858953034925625, 28.39493172011187;
  -2.167222762714562, 0.6049268881822604, 19.57965625664712;
  -2.354158053237521, 1.13924517621851, 21.53501466582021;
  -2.041946902009144, 0.01698408592204155, 19.20588532922465;
  -1.639833697053415, 0.7530180675939194, 15.36183596274126;
  -2.055546019931584, 0.8642111243303401, 22.03879317047921;
  -1.741465107423243, 1.255064524710113, 23.50587119647442;
  -1.798586017781921, -1.584100159545394, 24.79719089284514;
  -1.838374198088169, -3.151934057011942, 27.01697218264168;
  -0.690270761918627, 1.510332732999763, 18.98680585793271;
  -0.6219387224379458, 1.387165325525978, 19.4135687767253;
  -0.4259906854895116, 0.8883229125833315, 17.36393992657802;
  -0.4071226351517198, 1.109741646398494, 17.89212938932922;
  -0.4225244508667148, 0.7042188264208491, 18.53297528397878;
  -0.3485763069949756, 1.01542484847188, 18.1310065194763;
  -0.3238221541155289, 0.2421165710851842, 17.32122916963913;
  -0.3193627175493239, 0.518406307844552, 18.26537347775794;
  -0.2912951023214553, 1.607281199052167, 20.55181751189193;
  -0.1692168023904608, 0.5318585048088728, 18.74133451069001;
  -0.1647017429845073, 0.9208104940172908, 18.16509169862829;
  -0.1577417029568264, 1.010111078280145, 17.82391652698865;
  -0.1259675793661949, 0.4188812494976706, 19.93058773360271;
  -0.1714975999718344, -4.833816699353459, 38.67006736353336;
  -0.1057019797510341, 0.7007114261525503, 18.21777859235225;
  0.03335495459175288, 1.032677233287708, 17.85825451534828;
  0.3782814936738204, -4.758715552576228, 38.07265315163476;
  0.539742485064178, -0.3144901441815173, 39.86570238627065;
  0.2189050433937705, 0.6241112432563202, 17.71585455377506;
  0.2420843132404614, 1.101570655842771, 18.22264003561049;
  0.7115249198887509, -0.1890253084534728, 38.26868589836516;
  0.6771100225759, -4.714033406432268, 38.12239478924927;
  0.653071969480065, -0.474661424971809, 34.93706774925523;
  1.013767457219376, -2.798442894358855, 43.04492176957616;
  0.8667111413505582, -0.04091094887185626, 31.88343399392407;
  0.400409913868371, 0.6080719121841749, 17.04221833526434;
  1.271686675077915, -0.3874110317627536, 41.8157054826252;
  1.334654520089999, -4.64857041384461, 42.86749385311757;
  1.267562801784475, -1.963767974202451, 39.92293355297478;
  1.402444077129507, -3.390267196458998, 43.27790280885564;
  1.325645625659348, -3.354618443205629, 40.18362279231253;
  0.4954822471123188, 1.017806826576052, 17.02708735398893;
  1.470469134657398, -2.002468920046904, 41.97224776640397;
  0.6466961375558415, 0.2604103748396702, 19.43138472363935;
  0.6403783564407702, 0.8900238139031034, 17.96422465059012;
  1.79979298214936, -5.766157298650992, 43.28297021329775;
