m=[-28.89576757215059, 5.066011422750274, 35.03946682554866;
  -27.72433808264997, 5.272730439156293, 33.8715154378011;
  -28.51462061001819, -8.292587796753262, 35.48814199322629;
  -28.51639285464758, 4.868678385283748, 35.60414938282098;
  -28.75230790237254, -8.319669481718304, 35.79399626271763;
  -16.9046153796437, 4.750191899365798, 21.54096663570176;
  -27.66193252758977, -7.880567903373697, 34.81981180075976;
  -28.16187592910982, -1.767332265385571, 35.60447059996059;
  -28.29757365956702, -1.197999159813018, 35.80356375749184;
  -28.80743951836291, -8.560922556762941, 36.46264974528498;
  -28.70327922604097, -1.967347869018864, 36.46430574182508;
  -27.98550911380991, -1.110872155630547, 35.64946895148005;
  -29.15443047168894, -6.737095997370449, 37.0747602370104;
  -27.87530004561778, -0.9493486553230384, 35.7998200070388;
  -28.52134402856735, -5.600163030461306, 36.58538720255157;
  -27.94612144462558, -0.3422026835261959, 35.90956800928186;
  -27.77664753110394, -0.04451737956447259, 35.72655492492905;
  -27.57931288118821, -6.485899978983854, 35.47269569808332;
  -28.2207743974517, -6.253535015577993, 36.39628018567826;
  -27.81723832329445, -0.404557333223587, 35.98272800107814;
  -27.86591006132096, -0.1600969418420811, 36.05694051038487;
  -28.17684565681655, -1.007316022881057, 36.48082947634199;
  -27.47176976793778, -7.893403783979903, 35.56527999641354;
  -27.25325905992581, -6.198474988952319, 35.79282630211959;
  -27.15925613739044, -8.535312697616408, 35.77417578513239;
  -25.81825933882793, -0.794606741727693, 34.31729391109858;
  -26.72472734720474, 0.4622493312680648, 35.78060123689186;
  -27.25077834952542, -8.79647885489717, 36.55481970201783;
  -21.33392526696432, 4.926715697440899, 28.9073197498379;
  -15.02364749571164, 4.662663523403199, 20.79295342080659;
  -25.94611889545228, -4.958436931890417, 35.23849408793699;
  -21.1839909291529, 4.830145323719857, 34.04856027835383;
  -20.69150636686312, 3.345138390952072, 33.27537477485218;
  -18.88862448270698, -5.69540710907475, 31.03016487354629;
  -20.24101590629759, 4.408810172199231, 33.36061035064702;
  -20.6346053749405, 4.826474512705359, 34.08867648490633;
  -20.63275371294462, -5.956669816600188, 34.23128728876988;
  -20.68412163607274, -5.672392734450955, 34.80248445431513;
  -20.30249905357682, -5.698424036270208, 34.41979546129918;
  -20.21556417076013, -0.06339625491315724, 34.45931406461735;
  -19.62784701583336, -4.583252475990817, 33.50431448597375;
  -19.85932864874643, -3.749026154969269, 33.90718617524215;
  -19.99337286381213, -5.26402633268121, 34.13347594946804;
  -20.21120826207984, -5.032727880487176, 34.49999588580985;
  -20.06560153820265, -3.403427413614183, 34.29539581614837;
  -20.34538587628389, -5.718480732236637, 34.77090356415826;
  -20.14315360254511, -3.642338890721954, 34.59001408023341;
  -19.93713182476576, -3.935268359047575, 34.55616829660473;
  -19.89110279242035, -3.754674018477249, 34.51519214620451;
  -19.06144985005437, -5.906487413875745, 33.14189117451407;
  -19.17993108849806, -5.392270218931319, 33.36954593989856;
  -18.37124734716623, 3.52032051768508, 32.39911699622001;
  -19.24772795382693, -4.006254281599545, 33.85630166892886;
  -19.3765263891184, -4.219391280890413, 34.24053217226479;
  -18.82989937639916, 0.6357266209527801, 33.70810362838324;
  -18.84620244091177, -3.641892272545061, 33.76757491140219;
  -18.7011676500432, 0.7263974413239085, 33.76937037123579;
  -18.60726566918307, -5.309612253341925, 33.57924333226378;
  -18.22965837948596, -4.639557006565507, 32.95065147550043;
  -18.55321855703156, -4.429215088038917, 33.56846866741357;
  -18.34740611209001, -4.120799802025916, 33.27233387708739;
  -18.23340435777371, -0.1240823492358163, 33.2164893944198;
  -18.11277865757247, -3.619209210949272, 33.26463895539467;
  -17.18093024702061, 3.809453019591073, 31.9326879276829;
  -17.92579788019354, -0.1252209178506439, 33.24060217597118;
  -17.97798107376105, -2.74922233886181, 33.32120408142158;
  -16.37144849009476, 1.376600169665765, 30.96652186510527;
  -9.762670818021615, 3.991313973447945, 18.82469275891;
  -17.35378272842961, 4.191599022585259, 33.20582674299133;
  -16.98468216883651, 4.435137589146545, 32.55306435705877;
  -10.10596008815772, 4.186661100403562, 19.77674318982769;
  -16.97332556237463, 0.9405327780148616, 32.69735148354278;
  -10.06011100986161, 4.099417020824321, 19.91200187094375;
  -17.05308198251565, 4.401219026453894, 33.21630363051089;
  -16.57203901253249, 2.204279406627313, 32.77010980196381;
  -16.26632781252359, 4.31536348130853, 32.38848952851372;
  -17.51233062801344, 2.285413082453401, 35.12319508206718;
  -9.074832885709553, 4.17279678088059, 19.831326756259;
  -8.882331440896856, 4.195061732444844, 19.85106330255923;
  -8.652884117826027, 4.091555437564206, 19.90826683456868;
  -13.17020780869018, 4.001587335061981, 30.7330425517884;
  -8.00256427220689, 4.061622830838491, 19.48661455954701;
  -9.552123110477933, -2.194981697298947, 23.1345243528524;
  -9.677895700740551, -2.964804896240809, 23.42639433977564;
  -11.88900026561656, 0.9051895442732993, 28.98376662992167;
  -7.943648309063164, 4.087985802869835, 19.64879943434913;
  -9.401665474672337, -2.944139080451318, 23.2055846053273;
  -11.41130747557535, -1.966390622097208, 28.04313284837555;
  -9.212493039506123, -2.131769036090043, 22.93245514130079;
  -9.39392524614191, -3.498168722462736, 23.40817437668603;
  -12.21588742786895, 3.513075534112347, 30.32075384177541;
  -7.971462440521038, 4.085414017424289, 20.1261317313955;
  -12.12450937601463, 3.880276694171222, 30.37904165018049;
  -7.600702615785294, 3.992171215979556, 19.32893370075627;
  -9.076847206945978, -2.243020496353315, 23.05143524807646;
  -12.47111780837396, -1.660410977327862, 31.43369474348142;
  -8.768887043919149, -2.38432817436268, 22.31763735065089;
  -9.207208055050693, -1.860567894121306, 23.40773442831301;
  -8.853736209499699, -2.062919064432649, 22.57983540209953;
  -9.000989274099906, -2.944405024939489, 22.99961466949537;
  -8.689021765219804, -2.963227249813871, 22.24411578537879;
  -9.100717179307978, -1.678484902248032, 23.33571041726931;
  -11.35155272136659, 3.733743563937077, 29.30680388355104;
  -8.970381686576435, -2.130219695267189, 23.23478463927607;
  -11.2438087137022, 3.014559453156216, 29.07922625903609;
  -9.401979750811679, 3.649603706796248, 24.47455446232331;
  -9.576841283764987, -0.01147922265103937, 24.85394831534342;
  -8.87787611677248, -2.664537046976025, 23.10703335339061;
  -8.544334479515301, 0.4591272032623394, 22.3607105401507;
  -9.924330714454419, 2.423744289589922, 25.98270424087647;
  -8.937350658002053, -1.72927679246308, 23.4164237288806;
  -8.698221578629884, 1.286441714263127, 22.88666413866742;
  -11.29921869251731, 3.397724603439932, 29.59118566797081;
  -9.381190632684769, -3.043659707736385, 24.57678388313226;
  -8.521915753223848, 0.5551687298061214, 22.65114111784804;
  -8.626742677094493, 1.380553870391661, 23.0216260813095;
  -8.623846413598521, -2.986760300543882, 22.9983134366486;
  -8.648756790212156, -2.510425560077364, 23.15300564946156;
  -9.678575191898565, -1.889924938228496, 25.87029238957679;
  -8.496735817296949, 2.890445057267979, 22.87375936723041;
  -8.757289976420323, 0.4735936959501578, 23.56473860578435;
  -8.07736380939668, 3.759005903012873, 21.86053177548471;
  -8.644590042394368, 1.28889811010784, 23.35415954687555;
  -10.26693600942845, 2.353252114049274, 27.65739230836109;
  -8.670371980730982, 3.857324081778196, 23.50142028958184;
  -8.274788035853261, 0.685781573401529, 22.41291951191734;
  -9.145170023603521, 3.654371203904314, 24.75692463526054;
  -8.50048036913234, -2.087686609789286, 23.06379356321705;
  -9.521790317124962, 3.062118577087868, 25.89544141384484;
  -8.128049914676318, 1.476519209364727, 22.17248188638352;
  -8.113964158729056, -2.898754049541593, 22.1288013449304;
  -8.152292216889562, -2.783093664336768, 22.41673850013172;
