m=[-8.607284471627857, 2.418644379327217, 10.96796487015;
  -10.95700388736459, 1.520269696002619, 17.58106273693736;
  -10.91294304894253, 2.488251671375629, 17.54013209592232;
  -10.70199380654607, 1.730161628026305, 17.21058140654623;
  -10.55509479232665, 2.299064903874627, 17.39657763281518;
  -10.65621678228384, 2.492509925293609, 17.60422939250665;
  -10.31048586909359, 2.357901928456707, 17.20182096847043;
  -10.53322420945868, -0.03303231912795895, 17.95486280178938;
  -9.652335756751164, 1.849592189684267, 17.02264138956341;
  -9.767500268695901, 0.3297659651201414, 17.48516572850767;
  -9.856975429236366, 0.3828681644364271, 17.79909470034;
  -9.419021282237946, -0.06409852297845585, 17.15899095902417;
  -8.970977994821496, 1.989095975579326, 16.67356985890926;
  -9.358399041780315, -0.06537323055054242, 17.35369447044388;
  -8.956240215259596, 2.215286807044466, 16.90829641965046;
  -8.798374395920154, 2.125142287154552, 16.8353666968685;
  -8.808778357728714, 0.488115587559182, 16.96919799510314;
  -8.782062631426458, 2.266556929977417, 17.10586151915;
  -8.652821396088259, 1.150928741973003, 17.11038134970346;
  -8.303781573675483, 2.202945629327172, 16.53396793952406;
  -8.585010226047899, 1.120370275114649, 17.21832435419405;
  -5.128200398848336, -1.1784088087397, 12.4201159932002;
  -5.168493359287748, -0.9941478697853245, 12.53483589923882;
  -4.154776269781084, 2.138144306513068, 10.2769360428986;
  -6.505912693139826, 0.4953388858789555, 15.86053082679706;
  -5.033386132063945, -1.084666447556096, 12.42861153454713;
  -6.046841400141045, -1.041988593156105, 14.86003046190487;
  -4.145131653840894, 2.124400521112387, 10.46551574841595;
  -5.002872248181045, -1.157663631815159, 12.45353922299636;
  -3.997032841391401, 2.099390051860237, 10.16463696797557;
  -6.450895639135724, 1.855164741552731, 16.01160946252583;
  -5.119738324546995, -1.030016459091206, 12.78961140534022;
  -4.893028210256508, -1.209138185827529, 12.42626656416854;
  -4.781347494613342, -1.114053171104418, 12.19395257256155;
  -5.479229890649444, -0.8712654088857846, 13.89333631610091;
  -5.036365460552906, -0.9288788148435034, 12.91405541205233;
  -4.931064657352356, 1.914110892482138, 12.83619128228701;
  -5.943972256552585, 1.955086559687137, 15.34581510458629;
  -5.947382589801936, 1.594543171636794, 15.38137906660968;
  -5.44075094249434, 1.636057663946634, 14.24861981113395;
  -4.80010543648327, -0.9287663928967969, 12.57657969852142;
  -4.414723841525165, 2.054503594496913, 11.94798366087948;
  -4.71432076137531, -1.368399138145917, 12.62039133127467;
  -3.730054270460462, 2.083678871420676, 10.21359497750503;
  -4.647413662781382, 0.2513318411394642, 12.50559116476351;
  -5.133110562321059, -1.002336962834678, 13.72051861790841;
  -4.57801704154251, 0.6825769046245349, 12.3679364634029;
  -4.598241565327498, 0.3810840014133894, 12.4547018791897;
  -4.6280564822677, -1.136633593374794, 12.55700086003798;
  -4.961833028432086, 1.88260269178687, 13.50906880795711;
  -4.776559349957594, 0.1334200820205059, 13.15584404872535;
  -5.698331456346126, 1.454990322861863, 15.69459555384077;
  -4.475301015172358, -1.248491822423399, 12.51849986593768;
  -5.79871431180824, 2.060179518277073, 16.47162539461437;
  -4.593618060144475, -1.288112228135849, 13.14184157548114;
  -5.533853404317294, -1.036259357179643, 15.97714093625417;
  -3.469176508903605, 2.069584353775002, 10.33725733942624;
  -5.386521789465804, -1.061791309726709, 15.63864209333942;
  -5.348589070263817, 1.885771059944543, 15.64641924382472;
  -5.526631406474291, -0.3283312843914201, 16.34540295072961;
  -5.502234528211162, -0.04313709943918023, 16.29904116446426;
  -3.224194017428278, 2.024834149713203, 10.24300944432008;
  -5.296825285504094, 0.3386664937128482, 16.42618319674617;
  -4.52159186308703, 1.945023354785863, 15.53100851435276;
  -2.450610132004359, 1.976786534217636, 10.69526441557365;
  -3.195556771273053, 0.8708782758646141, 15.76425230417975;
  -2.95945753233872, 0.6394092993588038, 14.7658440362034;
  -3.402345052088961, -3.635471469285686, 18.67436776379951;
  -3.256388777899548, -3.769406568449057, 18.58874358087325;
  -3.03668493651856, -1.54314132346544, 18.10654378756567;
  -2.929300431465393, 0.1915523560188509, 17.81540072586878;
  -1.754569923655966, 1.922779338836969, 11.15307479810995;
  -2.769163966857883, -1.992359893158733, 17.66458473029404;
  -2.687994164037421, 0.968591935173246, 17.85849111196843;
  -2.50791404741195, 1.180770046349142, 17.31842484785669;
  -2.721655577913398, -2.068325084772487, 18.78265758006345;
  -2.355377240262358, 1.340255158932014, 17.58833307915244;
  -1.79306043559863, -0.2512463679555236, 21.81428817112673;
  -1.774979390666258, -1.188684938400858, 21.70103925417737;
  -1.819029826448912, -1.880350850861347, 22.92225337142741;
  -1.86836026040913, -1.174580295441009, 24.35901338591114;
  -2.102586854424557, -1.646747608742866, 28.1535102377338;
  -1.647278701166877, -1.661178436455377, 23.16751128216387;
  -1.717737585909777, -1.55244700837218, 24.50999129154726;
  -1.620579637807864, 0.810883848074451, 23.57647629557524;
  -1.490503181802986, 1.246357466291527, 21.83997620390739;
  -1.29395246452045, 0.1451557571860591, 19.01876541095297;
  -1.591263222990845, 1.278560359499919, 24.40179280185526;
  -1.446014385888434, 0.08788952851630542, 22.28707151717972;
  -1.183128144194815, 0.672753287645827, 20.09024251710946;
  -1.242774235058902, 1.027364271091299, 24.02871561949524;
  -1.118906236339181, 1.643730373166926, 25.19854405622971;
  -0.8108056629156425, 1.444651506950276, 25.11256819155824;
  -0.7134231001295508, -3.169406442905607, 27.44348703535722;
  -0.4930526024547344, 1.485671741725389, 27.06867980644842;
  0.1880144934711041, -2.279295841499647, 31.70427741843945;
  0.2048827359669979, -1.790204967530308, 31.96099311337445;
  0.1277512446280413, 1.687213672715596, 19.8506611165579;
  0.183215379497495, 1.496554580719216, 19.46194446117011;
  0.2891949665928025, -5.879229866409216, 31.26606196418011;
  0.2512636507586787, 1.452955138196456, 20.20839385615659;
  0.3755417042042266, -5.703598372345153, 29.8359568595851;
  0.3281408184661075, 0.9961805960601085, 17.66043337670769;
  0.3959595381320433, 0.6094817523740351, 19.61319279130892;
  0.3669862266457836, 1.220938859524836, 18.15605707780515;
  0.3764090343496584, 0.7767406625943414, 18.34216647701155;
  0.488971224467148, 0.9446076895863033, 18.70853820776036;
  0.4661310155001922, 0.5949601679314885, 18.04320042891201;
  0.5609019784851768, 1.632195706836542, 19.45138148475396;
  0.5651568546796656, 0.9246114646280529, 16.59743567547625;
  0.7292569400569888, 0.4961234814554051, 19.59776857194748;
  2.107321107357334, 0.3171595330875315, 45.99154230033646;
  0.7952600599944532, 1.105776996298054, 17.4634492481815;
  2.250265137359163, -5.202260932022273, 42.33102424265707;
  2.458555432269133, -0.2180423257280122, 43.72908481799655;
  1.920194887633575, 0.3390650208432015, 33.87726941516933;
  2.31691712937953, 0.05035551929628211, 40.20432246009059;
  2.555207004131464, -0.04790307579440307, 41.81042153531509;
  2.392694640417246, -0.3800543850074823, 38.9202635647199;
  2.597088961389886, -5.188885401972941, 42.59235950118329;
  0.9912652139559894, 0.7032061774177447, 17.50737190932708;
  3.061580647504425, -3.391664211037231, 43.89053888126405;
  2.222674958907443, 0.08488315614216263, 31.69147947892593;
  1.317846037792877, 0.7817524435894917, 19.2226403246986;
  3.457571601872753, -2.147065379631276, 46.29877914030038;
  3.517802698777226, -5.024686676769103, 47.33537572972388;
  3.239456930531363, -3.190310067529487, 42.99079613132205;
  3.570899774256497, -5.250241631618295, 47.10740955850009;
  3.766719527894026, -4.022125414415098, 49.49563426972813;
  3.698578848466008, -2.15647040210285, 47.52121169089102;
  3.859084157897626, -0.6032046096756794, 48.21173774038606;
  3.871897258528606, -0.321379475996313, 48.26716244187418;
