m=[-15.66692114738417, 1.032846144028694, 19.05716008331867;
  -15.54698071578692, 1.9568177728057, 18.99235842396615;
  -15.62775130046847, -4.34986247371081, 19.04190371384194;
  -14.44161783310889, 2.659992872998093, 18.70301826622789;
  -14.16665909866232, 2.832925847464142, 18.4700515908494;
  -13.0849081211228, -0.7580186487817748, 17.71117789540249;
  -13.36894495324231, -0.90824097615208, 18.10769092699084;
  -13.35884796026761, -0.9928484858744134, 18.19539688371208;
  -13.4569254241385, -0.855930275585853, 18.35408525619441;
  -13.28505752761645, -0.6664382859967234, 18.26315655681821;
  -13.39216620508028, -0.1950853411347186, 18.44272499776253;
  -13.43560878870392, -0.5103684719356604, 18.49433034211236;
  -13.38874455226009, -0.2256225501759608, 18.56596286379759;
  -13.29776558921945, -0.5290515406360069, 18.4662229333198;
  -13.39313707144363, -0.3962812078335129, 18.67919542436927;
  -10.08541954688947, 2.483713721648341, 17.48680801374515;
  -9.802316445623951, 1.708911863052401, 17.00246877721055;
  -9.842916730025479, 2.318203769195359, 17.51583573864019;
  -9.790585886725824, 2.478525877566773, 17.47399437176645;
  -9.957471837398973, -0.03698175394999623, 18.4049089105141;
  -8.274067693685486, 1.742673000555267, 15.8208862793944;
  -8.800407022181332, 0.3680425828379895, 16.97120474468681;
  -4.933922151519194, 2.216740186427787, 10.1631562525969;
  -8.183881398534799, 1.985531885078767, 16.53127277863923;
  -8.073600284895191, 1.720486142743408, 16.78943132858982;
  -7.717661919407414, 2.044455062833432, 16.09687251041567;
  -7.977163007836346, 0.4895142548819462, 16.77654911736146;
  -8.039816418754612, 0.7583649963912383, 16.93221431181796;
  -7.82270891663208, 2.228005874070479, 16.6353236121278;
  -7.340059500512362, 2.148400826332366, 15.96926973036299;
  -7.067742271378918, 1.022239506273052, 15.54372494322654;
  -6.184646143465693, 2.119270957766196, 15.98019393251395;
  -3.807508248117635, 2.193587730024703, 10.14634025837929;
  -3.756868564416384, 2.205393948895403, 10.19983978865703;
  -4.588113389112728, -1.185604668177443, 12.29400237385564;
  -3.677618062546905, 2.154149396647861, 10.22374694646756;
  -5.728907140066277, 0.4312399642753318, 15.48459060328029;
  -3.588776954973723, 2.154338096178769, 10.03643331698684;
  -5.363395842429906, -1.040385483151947, 14.68995862075022;
  -4.444503187283179, -1.157980382951426, 12.27435056349655;
  -4.627880959118752, -1.076856698264198, 12.77949202830041;
  -5.712671136825206, 1.874119938963272, 15.80738269734831;
  -5.313508146235391, -0.8993397341010339, 14.65849825268013;
  -5.833514447433966, 0.4930166446658508, 16.19418783222104;
  -5.684723868113125, -0.8569482925732831, 16.06363696232928;
  -5.199622018910048, 1.598407018235966, 15.04693970050772;
  -4.498740864890633, 1.551338414899441, 13.20481328158431;
  -2.999614376755754, 2.097681970935986, 10.05246635607507;
  -3.903088964350319, 2.020297572503641, 15.64292119822479;
  -1.993043318338821, 2.046079313243321, 10.54723208723807;
  -2.676774284836959, 1.107924888510529, 15.15586125138225;
  -2.555919067897423, 0.7136534711100508, 15.87232023255737;
  -2.289542994568211, 0.8344206341268922, 14.31602076568696;
  -1.677731124080002, 2.027593013273463, 10.73644016645316;
  -2.113673391286489, 0.6237315708422514, 13.43915232210314;
  -1.619383966231296, 2.041595125072844, 10.87834333395165;
  -2.319549368225147, -3.652612966822126, 17.84346604983409;
  -2.742866827529618, 0.2949775153135018, 22.86870282834098;
  -2.128391276643382, -2.035621401433869, 17.55959069709121;
  -2.159554028165464, -1.133688849001376, 18.49279646020044;
  -1.983370691688195, -2.007198566105485, 17.67731589502077;
  -1.374664525301505, 0.01050225792267929, 12.76829230652771;
  -1.78735574101521, -0.8791504218969087, 16.60001154699767;
  -1.947777717394855, -2.044519889194959, 18.27453989054346;
  -1.810386745089915, 1.292626697302156, 17.94407205814462;
  -1.874668695759183, -1.489596116687284, 18.20494257259899;
  -0.01211271543589895, -0.05714013769281257, 0.4237269120822679;
  -1.660546382091453, 1.686263934066736, 17.17113697465845;
  -1.764350387311949, 0.2078648983622385, 19.41288313027548;
  -1.323381566227218, 0.5722418384140473, 15.83648225601242;
  -1.523912473792012, -4.724814100264517, 20.00051296298672;
  -0.9616337705901314, 0.929653085328865, 22.51977340848405;
  -0.938676876075709, -1.6121791851597, 23.07317634890456;
  -0.9170789588693049, -1.097892225384071, 24.21253448987768;
  -0.880314269653827, -0.2252927266524495, 24.05208898187955;
  -0.7823994532267338, 0.8926607446821713, 21.59881067846176;
  -0.8186199561223457, -1.222859391318902, 22.80023682605565;
  -0.7758502860248415, -1.891747997810482, 23.31019757344982;
  -0.7764459963115878, -1.173238828822433, 25.14843781422108;
  -0.6410555659896299, -1.263831829344496, 22.12060816600304;
  -0.5600109754917964, 0.8867777354160161, 23.60356428670639;
  -0.5237247144747144, 1.396672866587303, 23.12456211426499;
  -0.4780836311536438, 1.486392719690732, 21.62368718430933;
  -0.4970046423587273, 1.02018789403581, 23.9517411258194;
  -0.4579304261519969, 0.1542075430700177, 24.05376869136891;
  -0.1460419702388132, 1.165704326380427, 25.45573355682303;
  -0.005198860549215859, 0.7923964494405031, 23.24632203808416;
  0.233411664087617, -3.253254841871579, 27.08621473753194;
  0.5272980573967395, -1.943678817895139, 28.99742186407869;
  0.7335709346681788, 1.398555523385168, 28.06343498772526;
  1.09604972386119, -1.833326608341581, 32.2448940819593;
  1.581385690309957, -3.379298140025998, 32.57687603048674;
  1.913786428639664, -6.305969816328057, 33.46811590366924;
  1.942632578603117, -6.094704157375046, 31.89348993760557;
  1.194785114175275, 1.446938627105638, 18.36087296699705;
  1.253895299980878, 1.318944518053885, 18.26092593852899;
  1.239843019387981, 0.833404601233519, 18.02845654372936;
  2.723905424101061, -7.057837246943052, 37.60082992124551;
  1.341579702829429, 1.221157348329191, 18.53893679055451;
  3.360195285511132, -8.449372065197393, 43.1648712065726;
  1.346916140935099, 0.6650506920111404, 18.10566690785515;
  1.434021195996618, 1.68005837119449, 18.81488980210239;
  1.348460196381406, 0.6549078801853508, 18.05374759911216;
  3.133384251696755, -0.3658191883586932, 36.6254922657759;
  1.462878130981994, 1.062979837573035, 17.58544642349398;
  1.55021229214739, 0.5259562378805271, 18.10516695679681;
  1.666925154240136, 0.9120523979526037, 19.20731763818018;
  4.218147765835375, 0.0943124465973802, 44.3684844261343;
  4.58575241341075, -0.02773042612127393, 46.32812025310054;
  4.570004373578322, -2.215117596405243, 45.72616079746367;
  1.673429219310873, 1.202224028775398, 17.62342411846598;
  4.756407712707793, -0.06627000966992579, 46.25248858547256;
  5.55769331847895, -0.3921661099750021, 51.0431330259137;
  5.002859952503734, -5.56388167581233, 46.05105331564532;
  5.774464454042118, -3.094548522776615, 50.94604991337217;
  1.886704738799089, 0.7884935076651983, 17.72583935085306;
  1.85831736822441, 1.235062499700102, 17.37404006023408;
  5.968896933865284, -3.846940726220507, 50.92490381303978;
  6.223825737669491, -2.24524462871305, 50.95141829856221;
  6.224689121482518, -5.349670311804696, 51.08699611205839;
  6.527668852863215, -4.202912192897339, 52.78266201835329;
  6.302362512972032, -5.637104977625275, 51.09888447297773;
  6.493590629662045, -2.228552415846597, 51.85679582881517;
  6.758623317915954, -0.5595082044109824, 53.01811239956464;
  6.487621623299643, -0.204717755246525, 50.91298908354445;
  6.701270143294268, -2.423980469792936, 52.01575734551444;
  7.273842536130746, -3.909211079008751, 55.5940692130279;
  7.281860646433626, -2.769275259924131, 55.3940510669112;
  7.550601801212967, -2.614548776206705, 56.13609301943521;
  7.809473265467505, -5.697169194887045, 57.84018331514338;
  7.764521041020411, -3.836003549360258, 56.96237976011536;
  2.257777577628528, 0.7173243767440496, 17.66755686903091;
