m=[-30.25498723282363, 2.96267053401749, 36.77526176761758;
  -30.46947510085961, 2.008708639843738, 37.06290848018497;
  -30.25527751172537, 3.808074753446824, 36.96017157439216;
  -28.33970608518182, 5.667129089442777, 36.94843151214404;
  -28.03703136185871, 5.042816039692172, 37.43110335887918;
  -28.27911025715249, -8.79770784107769, 37.74472413132869;
  -26.34992074199841, -1.526470887794249, 35.66613761986766;
  -28.30187453861142, -8.641789029804583, 38.20379423580856;
  -25.43487187525032, -1.204376089261581, 34.48277287316378;
  -24.286278095337, -1.804990558032913, 33.07908511925361;
  -26.83229877700552, -8.541156848277463, 36.46753573572102;
  -26.87983456430445, -1.709696939024253, 36.6617752358711;
  -26.05087030201623, -0.928773799738537, 35.58554290170061;
  -26.14030510956493, -6.456468860177233, 35.68771855479627;
  -25.19597647742916, -1.263943595481315, 34.63726536769896;
  -26.38787011930386, -1.002376383699763, 36.32332517909221;
  -26.18925664113234, -0.3815021399571534, 36.06595458358368;
  -26.65481262824714, -5.609802302176262, 36.70046383271436;
  -26.30344139947899, -0.4432566103408549, 36.47457118228217;
  -26.62717128555256, -6.323812121911145, 36.86893612040804;
  -26.16647812148127, -0.1627646199555979, 36.29803194762605;
  -26.29075957387904, -1.045977744436085, 36.50921834350515;
  -26.12997193883141, 1.094563287349214, 36.34568572271608;
  -26.42659975152035, -8.133474307051854, 36.72973429523409;
  -26.1419927302561, -0.7734991734243595, 36.45982180172369;
  -26.67299831766535, 5.279918049537313, 37.61046792959483;
  -24.44886694697989, -8.243809978764155, 34.60718159616143;
  -24.75915767809058, -0.8920340798402688, 35.285143941836;
  -14.55949742374608, 4.824116330688968, 21.22570275823077;
  -20.54211302478946, 5.037776843484449, 29.65819707192488;
  -25.19416395121925, 0.4698617014134193, 36.19233496859784;
  -25.97683796909718, -8.993081621980462, 37.48370245109477;
  -24.35016795741494, -5.008281650707538, 35.53273278766861;
  -19.83747456989213, 4.885330507374587, 34.3956052267795;
  -19.51962026692197, 3.403002833204056, 33.85748011425493;
  -19.36620934538357, 4.56112966622429, 34.46288849920801;
  -10.8355690864497, 4.252201749856459, 19.68260427694331;
  -19.86472912771405, -6.565355933154056, 35.32076699910336;
  -19.3553033993419, 4.899872275107334, 34.54486448277697;
  -18.69688780089565, -5.569449991605302, 34.14202843573643;
  -19.19204333978856, -0.07127867757797467, 35.4736438368592;
  -18.72638797115049, -3.853575014434031, 34.69889817447442;
  -18.83216907796341, -5.40299566973237, 34.91195185806275;
  -18.66178972469478, -3.448210750256731, 34.62239335337292;
  -18.43151163093217, -5.644544152316976, 34.22536501783784;
  -18.94863535535089, -3.741232570316833, 35.34339670326496;
  -18.64046960539312, -4.006817346469464, 35.11069196339903;
  -18.59533761750891, -3.830824278399643, 35.06861348309706;
  -17.97846773408779, -6.07664205363864, 33.96367482697569;
  -18.85216947847654, -3.618660014536325, 35.6231166915973;
  -18.12431360365729, -5.554178393007941, 34.26157579623335;
  -17.69493637834804, 3.726883682209148, 33.83457647761476;
  -17.7870434927336, -4.039349639363673, 34.01889651418644;
  -18.05854432361856, -4.302592219487764, 34.72558555414941;
  -17.61433146348503, 0.7366504788296275, 33.96847724816788;
  -17.5780482748098, 0.6489760705728597, 34.2021056897862;
  -17.432089155867, -3.680012468542298, 33.99775034206775;
  -17.2109749597634, -4.066086018506857, 33.57865024335128;
  -17.98660593047945, 0.7681115814691044, 35.32347690843871;
  -17.32054027104589, -5.411782663157587, 34.05598575740872;
  -17.66710527483605, -4.920834425381263, 34.77277040722795;
  -17.25104815399061, -4.511319067775548, 34.00495260569;
  -17.14583484131975, -4.212174439037753, 33.86632837197221;
  -16.83304347667553, -0.1214509624541687, 33.36717661205237;
  -16.89501001334534, -2.630581661318034, 33.58687733409241;
  -16.22230936781427, 3.935774595312917, 32.76873260978893;
  -16.87304545437335, -0.1312954710302421, 34.08902787732829;
  -16.8366192869572, -2.821433931723889, 34.0298856917181;
  -16.97348589590595, 4.786721460205348, 34.43054494798449;
  -17.26748421112663, -2.806973475958168, 35.23235915681188;
  -15.36003774570288, 4.068966386768866, 32.03671940150706;
  -15.52164212499119, 1.741162943503715, 32.43864824628969;
  -15.6754322990549, 0.9619143490344069, 32.96656463489981;
  -15.7871047000162, 1.489136937371816, 33.24835123352106;
  -15.54593150463781, 4.427676790656094, 33.05908531017707;
  -15.44221642931378, 2.275407432279234, 33.39101187035794;
  -14.52996963150791, 4.252853639774551, 31.61186965900425;
  -14.34136758801806, 2.074256807838538, 31.54023796263379;
  -8.320552749410226, 4.367269973878623, 20.4778282654904;
  -12.31826150971704, -5.598662242591091, 32.42228079864999;
  -7.571340632009985, 4.345760694421792, 20.4757231254422;
  -9.081360489231267, -2.346695139440949, 24.33380737219286;
  -8.987491659245533, -3.100933638246822, 24.08460600738802;
  -7.38576028528156, 4.335661671912202, 20.05222443521937;
  -11.33188278610444, 0.8530005127287491, 30.62880256515321;
  -11.4479017384494, 1.032138417187162, 31.06513889124279;
  -8.804344622734915, -3.115190817577474, 24.10783120117732;
  -10.52576848099821, -2.041776711690094, 28.82932902588225;
  -7.291954860977503, 4.27123205754534, 20.27157251671433;
  -8.670437244202507, -3.638973706604496, 23.98974462792589;
  -9.199466824580302, -2.140614151059534, 25.40353003628789;
  -8.885101445254961, -2.314943367253584, 24.53791691348845;
  -7.115485641721091, 4.271416692399325, 19.89928548279869;
  -13.30336183019757, -1.404798677321961, 36.48229336248165;
  -11.2413249386396, 3.687870473072212, 31.1055758460963;
  -8.578973303389335, -3.107641833064236, 23.87948700615245;
  -12.00566716677755, 1.014653138665538, 33.32845592513216;
  -11.320006613656, 4.130067599184571, 31.64408859787774;
  -8.615020538347141, -2.407489433790368, 24.34021751978221;
  -8.518270587233694, -2.620759803545822, 24.09992194684543;
  -8.421596157835856, -2.218556984627387, 23.88816328178568;
  -11.7252912942643, -2.100967934277895, 33.0196756771276;
  -8.4182014164771, -3.12359927849816, 23.95479762762545;
  -11.45139589431926, -1.726249926449781, 32.35883934311654;
  -8.30982336281151, -3.222813617597816, 23.67765547280284;
  -9.073726467691911, -1.872975008026139, 25.90931033940202;
  -8.283964934763151, -2.133034881080047, 23.76447238841676;
  -8.570595214981047, 3.811081556446518, 24.8366526162074;
  -10.22213035767005, 3.840325740159751, 29.50856613602013;
  -7.570099459554706, 0.7312647570208634, 21.98784398417064;
  -10.28765661323295, 3.162511134845949, 29.77096184220224;
  -8.352885384431081, -2.849751774249133, 24.26998957908911;
  -8.307683694531619, 0.5273472275943597, 24.2130299606083;
  -10.2127115206894, 0.06862397271522755, 29.63417581136191;
  -8.659257271684838, 2.422024375398582, 25.32299920774211;
  -8.202394322181183, 1.392853846144448, 24.04891430148289;
  -8.547311226608445, 2.947440772466297, 25.08827518557189;
  -8.31733262281892, -1.815073124625733, 24.34063399943308;
  -8.385063530886805, -2.139943857258162, 24.56645440160183;
  -8.014412521740148, -2.901417847423395, 23.68452503067775;
  -8.163358318354854, -3.338903804091768, 24.11659317927628;
  -8.125029256475326, 0.6234175906525235, 24.10792554277388;
  -8.012195324497865, -3.168482568912234, 23.92992496206089;
  -8.040329186912969, 4.310481695089242, 24.23748153191167;
  -8.311679120407492, -2.752828386327648, 24.9322769252312;
  -7.887355869426526, 0.5019044695952969, 23.76263028694972;
  -8.750476368024838, -1.936407943155705, 26.27598446840736;
  -7.784573358452905, 1.343359977830102, 23.53203546849742;
  -8.647101965993004, 0.1881246105150688, 26.06401286770459;
  -8.220034100897022, 3.799242023058624, 24.92412767558338;
  -8.675557870294124, 0.8130451738261675, 26.22403851091595;
  -8.909242845630539, -4.214882014980437, 26.90268095697;
