m=[-21.15680579598914, 3.063540112176927, 25.35482899949781;
  -20.4226299765783, 3.094719197755187, 24.51149475995529;
  -20.798450221528, 2.986759523367165, 25.14641392615033;
  -53.28417708151866, -4.880941994995297, 63.50217049580365;
  -46.03648648606941, 4.634744349917568, 55.16342327910155;
  -51.30292388324011, -1.305550809046013, 61.31834740664991;
  -49.73065761517754, -3.188090529329509, 59.49623722543679;
  -49.03329232729048, 0.6514358810029118, 58.8703517003523;
  -57.06035514286773, -6.348136412052888, 68.27912314580325;
  -58.11935949316423, 1.597853971790038, 69.99579277784761;
  -57.46812209464481, 2.817148787320446, 69.28323539733187;
  -59.16896007527129, 3.942526040308577, 71.42019289837018;
  -135.1636864083463, -24.82632233234294, 161.6528711013278;
  -57.98172521366706, -2.093045324901079, 70.02206318335826;
  -54.42680520371044, 0.2752359795054168, 65.93860022379579;
  -62.11391633321762, -7.54455862581898, 75.10894679312825;
  -57.22311755386274, 4.403203887526052, 69.43917163326618;
  -51.77029043066607, -0.9474240225544388, 63.12571083960054;
  -21.77822232984132, 4.577523681350479, 27.13811793012156;
  -64.21014930494418, -7.232719721982374, 78.51825269516228;
  -75.15337554342359, -2.388083209922033, 92.57693750817516;
  -69.03618879721, -7.386226084774893, 85.15960580572548;
  -207.2969834869488, -40.59679931036866, 254.2993940966454;
  -77.2050329724698, 1.205569734774477, 95.42516782261303;
  -82.20360075187709, -5.4301663402026, 101.7299820315016;
  -36.51064982697312, 4.10313568054989, 45.74008051927907;
  -36.00999343206818, 3.408010630777555, 45.21676715456244;
  -48.78423655725204, 3.944816492693757, 60.9626551692274;
  -107.5106708929373, 2.167907347035821, 133.9838932756582;
  -104.3920341202415, -9.097989163214116, 130.2518746600969;
  -100.185177475761, 1.018165358655953, 125.3422787011857;
  -118.6512953489265, -12.51492690707419, 148.646669976894;
  -45.73142574204528, 3.454233012070851, 57.9315829891957;
  -99.77385124647587, -3.220542602303915, 126.7796747415691;
  -30.72028471409718, 1.990347605401684, 40.26073124150528;
  -30.28284305308368, 3.869857555104204, 39.84533696497116;
  -29.20306185121796, 3.088234748110963, 39.20713146991878;
  -15.50346616480907, 4.872625922663547, 22.02831882071676;
  -26.71599756042289, 5.577291265365683, 37.5727575779996;
  -27.17856741598889, -5.339094185192417, 39.11764291869872;
  -25.40530158587622, -8.576146036040434, 36.71096895764877;
  -25.2585606118568, 1.699599565475067, 36.88585422782165;
  -24.06799291007598, -5.691713046667036, 35.0609714790722;
  -24.29433350574006, -1.634506090340241, 35.53767067320029;
  -25.97605242193381, -8.659082540576124, 38.00674679150592;
  -28.42034545370703, -2.425936890918422, 41.76749463027177;
  -25.21798851817749, -1.859081976572846, 37.2100958752816;
  -27.1521842527686, -8.380032678038742, 40.00959356919589;
  -28.37829355632406, -9.874055616328294, 41.77921930079424;
  -26.50898392252665, -1.583853371004484, 39.37971093633801;
  -25.67886469070003, -0.5493024347393757, 38.24644767383585;
  -25.63361241930436, -1.195097242824789, 38.17424555311678;
  -26.10237333890676, -6.050364800521051, 38.92926202231392;
  -25.60845169380236, -0.5989215321949838, 38.42580493770624;
  -25.24337246707421, -1.207646648968916, 37.93941555960404;
  -25.43072185770219, 1.01422608716922, 38.26499306303364;
  -25.72019807637039, -6.722019766233429, 38.59891942798639;
  -25.6183168105998, -0.9793597382670628, 38.68153867669916;
  -13.88158558468172, 4.894150291920623, 21.5141911537419;
  -13.86476616669759, 4.681677934387909, 21.52030440497362;
  -24.69079741435244, 4.102983761030585, 37.99505887716681;
  -24.61537934867008, 0.3550627374673106, 38.30589624748707;
  -23.4461244763229, -5.339319224866254, 37.12063751033189;
  -27.35840781643334, -9.128519465988527, 43.12579897622727;
  -18.78454690269041, 4.964143769533589, 35.55524052524017;
  -17.95047452844258, 3.332426861256537, 33.99085990198553;
  -10.91553739023319, 4.65229919149313, 21.27538254480343;
  -17.67598492827716, -2.597849926803172, 34.17126085998534;
  -18.3680679538775, 4.664837812127704, 35.75762478043822;
  -18.07827881637832, 4.92768465275947, 35.29567222886542;
  -17.13294289459877, -6.309642475037994, 33.43914840614486;
  -17.46556968866134, -6.41369672936975, 34.08691938883209;
  -17.35990105545227, 4.670984036083293, 34.23223903878985;
  -17.93911707181858, -6.366462239163896, 35.57232435080437;
  -9.708835347550933, 4.389032569835513, 19.97772439033231;
  -18.98918632948983, -0.1770866517853701, 38.57673316172738;
  -17.3496774418458, -4.019439733127453, 35.35487862867403;
  -17.2993088388468, -3.627465739154666, 35.30544682787575;
  -17.61238510662192, -6.061499928959925, 35.99594664841192;
  -17.43729944334838, -3.903429446155653, 35.81497117564564;
  -17.08179398627295, -4.161491659265392, 35.45689958774808;
  -17.52811144821981, -3.818745892954194, 36.51236337920198;
  -16.45180631101954, -6.247671771237251, 34.24955298412019;
  -13.80650994861184, 3.170539530617742, 29.03797871379648;
  -18.34373394232132, -6.330395500107139, 38.22191843555299;
  -17.57735383410021, -4.511228028502423, 37.05423750754523;
  -15.74189754409146, 0.6448078754096737, 33.43132841369275;
  -16.77998155217568, -4.527876644911534, 35.61006374441089;
  -16.11815753972343, -3.862220074608924, 34.70251127231435;
  -15.89730901502952, -4.25671192359079, 34.23644499708288;
  -15.33227052886466, -5.115497521860363, 33.33649935079082;
  -16.22878654011079, -5.732710264080416, 35.28141331713252;
  -15.75768733753884, -4.964022769125586, 34.29939889429475;
  -15.44809154716081, -0.2071912527934386, 33.79441594966843;
  -15.6557549165141, -4.362359193446426, 34.17977912975377;
  -15.59273118608664, -2.797949865920567, 34.26388423370383;
  -14.78341568854652, 3.90654620577905, 32.9426376864923;
  -15.12591075168099, -2.909342162830571, 33.84903903411247;
  -14.89921306370385, 4.448587197431119, 33.84567534513807;
  -13.77249977805782, 4.000307200238344, 31.75995958336101;
  -14.4461062854712, 0.9126764388039247, 33.68252145004336;
  -14.64462385134946, 1.475234759125263, 34.20065981712796;
  -13.95052563952184, 4.370405975278744, 32.88340290427666;
  -14.23374152977419, 3.102095417796389, 33.57701675416367;
  -14.36710445058105, 1.113420242206632, 33.88495503762187;
  -14.92121627681526, 1.823633897843506, 35.21489970711038;
  -13.14315358535798, 4.242217572753324, 31.72432804718612;
  -12.14399759018789, 1.916260063245517, 29.6919005799584;
  -7.229947264484191, 4.303636929472702, 19.70749432976384;
  -6.452257557103933, 4.358969774246681, 19.62605624102415;
  -10.42356103252339, -5.528878169922802, 31.27937421982349;
  -7.694110238503611, -2.35176186393052, 23.3432405601249;
  -7.76044556207188, -1.984476771151865, 23.58278580181942;
  -7.662082092328059, -3.112250710747603, 23.25170921828532;
  -6.243156392094349, 4.224335020873475, 19.52036145753549;
  -9.768903764547611, 0.801154537088652, 30.07237781964576;
  -6.090122631258351, 4.227349575018468, 19.15436874385705;
  -8.592563625880681, 1.552449086013548, 26.76725484193491;
  -7.395770142247999, -2.132862345663572, 22.99221300173368;
  -7.358652834332793, -3.076796786244812, 22.89229058521676;
  -9.133239107730054, -2.105486300824866, 28.5419957790097;
  -7.281765456166283, -2.262317813367719, 22.8856082582009;
  -7.679526631808364, -2.115323200231801, 24.13109462856133;
  -9.783738957612986, 3.666243672561709, 30.89330679479903;
  -7.385872072595383, -1.988034612929565, 23.33951519407168;
  -7.315541191513177, -3.138904975750745, 23.18331095997023;
  -9.429289003757679, 0.890575412879134, 29.99404632681545;
  -10.05001612550535, 4.21005296778261, 32.12466131564193;
  -7.145860416280579, -2.377774069321214, 23.03681135806915;
  -6.968909053932072, -2.552564037107775, 22.50208577490197;
  -7.507454236253246, -2.355524153336537, 24.29026001328688;
  -9.034383815289161, -1.933773171801111, 29.24740297126823;
