m=[-10.37764727819568, 1.528229064505248, 12.52961054761642;
  -29.88918819360501, 0.7781601885030854, 35.54385811901817;
  -29.66277429017521, -0.2005557973018974, 35.27473758839147;
  -31.21154306146929, 0.5472103810647646, 37.4485761292886;
  -31.36771562272453, 0.8219517359442559, 37.71084191525792;
  -30.76139141749006, -0.1686515119446099, 36.99357753819751;
  -31.11191401177604, 0.2079774388059095, 37.61291653137998;
  -29.66587960911343, -3.58006813247716, 35.8324880076578;
  -31.47898391094202, 0.4711581654332672, 38.12727437415974;
  -28.30845833752624, -3.871470727673874, 34.20380097156202;
  -26.43686049321427, -2.099355354014562, 32.40604083593627;
  -27.52119042360743, -3.290592226429337, 33.92285513559679;
  -30.2456954105194, -2.678733246121115, 37.30456867164692;
  -31.06061658890982, 1.122058017970513, 38.41934625935436;
  -34.49743838991748, 0.263032830514043, 42.70358398456084;
  -27.84466504119437, 0.7288085672218503, 34.64343155722327;
  -30.34248494650884, 0.9792598501081458, 37.79174735707851;
  -29.7566585870621, 1.234145096593157, 37.26010313193051;
  -30.30681485671254, 0.567439564055878, 38.03253974371322;
  -30.12402793650544, -3.495625639662255, 37.78247718900062;
  -29.67471050557807, 1.766204264456146, 37.38146715229934;
  -33.46688273698414, 1.050640820831278, 42.18522606561871;
  -29.76382636984256, 0.3040996790676909, 37.73229502108228;
  -28.90621954440791, 1.452218839734937, 36.76733465861528;
  -31.48575331518593, 1.325378798270768, 40.2422348837565;
  -33.89495403739927, -4.244052242132159, 43.13833853735194;
  -30.77457198256272, 2.073478907338722, 39.49740372362341;
  -31.44657965047662, -6.952806711396409, 40.03009228332577;
  -28.84166336575365, 2.108059276596412, 37.10068467270433;
  -28.75138211823367, 2.406333934949964, 37.05002720138493;
  -31.84823313369588, -1.397303333463446, 40.89048585537636;
  -27.83708281594015, 0.895834035866016, 35.92189328046572;
  -31.12629034740245, 0.7057333557987969, 40.15232026784017;
  -10.90553592495552, 2.329281412358568, 14.57746351670487;
  -30.65894353792221, 1.766503439187313, 39.60435061736003;
  -32.44970885407994, 1.269462344600906, 41.94698234635113;
  -31.13699507469609, 0.3712554247491767, 40.25824608142803;
  -32.6890354095115, 0.03515255511363438, 42.27256983932906;
  -29.55282481428259, 1.40632667764807, 38.36945552421932;
  -34.74775120892713, -9.527012740008969, 44.73732538531016;
  -32.39647516747769, -2.94330360558163, 42.00563615489858;
  -18.560060824732, 2.502071053254935, 24.5604309390952;
  -34.30396047746766, 1.015911574014233, 44.68635171463689;
  -31.60534565489223, 1.264022969776651, 41.20538395480251;
  -31.12532190875848, 1.632709702993668, 40.61374944589567;
  -32.32309661583598, 0.1170101399480075, 42.3940706962548;
  -30.16312072798789, -0.6016717600208347, 39.77666247468469;
  -38.97780049182261, -4.995851141786479, 51.12966542106739;
  -31.47067986604183, -0.4216416754187065, 41.56244438575437;
  -35.19914320326423, 0.6523426226502196, 46.4077015376247;
  -35.24529430012294, -0.176566774407484, 46.73266886693385;
  -40.7757545159075, -1.273791033578978, 54.41493992708236;
  -33.46425517563412, -0.1545971705123539, 44.8700653097906;
  -50.4812385971223, -6.616357404915038, 67.80853188643846;
  -43.47435504466193, 2.551446351067154, 58.81621726476379;
  -15.95275489653179, 0.9439500881259337, 22.73883419677246;
  -17.31148042083883, 1.808277087356929, 25.28155045545373;
  -14.68579255524951, 3.155999576051074, 22.45518797045106;
  -13.4395512868747, -1.007904557664916, 21.85794129295952;
  -13.89716620439934, -0.460513494350083, 22.64039589296884;
  -13.94517683359874, -0.850871627641474, 22.72155594858455;
  -13.62617596677058, 0.4557316963104014, 22.42220068784311;
  -13.74472981036554, -0.860529310852245, 22.60986750756869;
  -13.79761541087269, -0.7181353441609495, 22.8141335640427;
  -13.70364322468919, 2.333209084658667, 23.04781635596103;
  -12.69577553275657, -0.8148151432541664, 21.45879399161564;
  -8.971723749384644, 2.543156048072636, 18.78473300838207;
  -9.529211300573232, 1.868054852458197, 19.95776378452709;
  -8.87053539665963, 2.416532771010298, 19.14933784628172;
  -8.607272737702798, 2.525452118970989, 18.63161779727105;
  -8.087011854463739, 2.353547321964884, 17.69412215957813;
  -3.970794619152325, 2.104399341920126, 9.475572979070382;
  -8.393480180039724, 2.098987838362151, 19.64551501261785;
  -3.841892954081981, 2.131769082151028, 9.469099064214982;
  -3.75628003783058, 2.115386965337418, 9.375092104180775;
  -7.096883810588574, 2.042762700083006, 17.73333851863545;
  -6.810299536281841, 2.240452051777706, 17.39743491778982;
  -6.877887360747943, 2.207389309521967, 17.84620071833689;
  -6.803114678593929, 0.7138807749157726, 17.97432624348932;
  -7.053968679319655, 0.4407588923374526, 18.60802895747831;
  -6.812756696385289, 1.624259267370073, 18.16533740150355;
  -6.798413057167632, 0.8831328995654043, 18.18133785093657;
  -7.033308130741765, 0.5578673619072185, 18.79370370444844;
  -2.633803498206299, 2.105413754725768, 9.231355802734376;
  -2.585529667457406, 2.134365962755572, 9.406154999900625;
  -4.116768965421104, 0.3682736825715143, 14.90484996064981;
  -3.966878036911645, 1.749315690768914, 14.754718686368;
  -2.278026225081296, -0.3716822002456903, 8.503939771335027;
  -4.964089165360345, 0.5215841743812116, 18.67970112029305;
  -2.395368262624229, 2.145352947259387, 9.710668723396562;
  -0.9763180827971922, 2.150232486642616, 10.22972780568418;
  -1.273082616742661, 1.215794149384773, 15.94104170376226;
  -0.9442893397984695, 0.7027144013692878, 15.01580551380595;
  -0.645064049907554, 2.207925320547864, 10.74769443441522;
  -0.8968852473339106, 0.7482546040130423, 15.24170452431169;
  -0.3653905414614381, 0.7432958422014154, 16.64921985778497;
  -0.4915925913967364, -3.492153582104292, 17.22405318064074;
  -0.3225106326597126, 0.2190736422159487, 15.99870867556377;
  -0.3497533156592718, -1.47561622533541, 16.46048641265624;
  -0.3535032953113328, -1.618543188837569, 16.36229919164565;
  -0.3442839213356497, -1.370408525920465, 16.44857182943284;
  -0.3320119465530327, -1.23403737607984, 16.40577543867752;
  -0.30907529175328, -0.6634209761740942, 16.26784780360101;
  -0.2987185199788563, -0.1415143436132933, 16.7155788087012;
  -0.3968335320440035, -3.415512434902762, 15.89744444057366;
  -0.3724142588587904, -3.259267554364366, 16.83993640537172;
  -0.3014034686769541, -1.999713836307506, 16.4051777146622;
  -0.2550356724626217, -1.10325715022436, 17.19254015684609;
  -0.2340789683730885, -0.317899103550263, 17.37146213535606;
  -0.2270321201165986, -0.2024946718608732, 17.00299246662067;
  -0.2016184019218827, -1.14313350075522, 16.52050976572638;
  -0.1878721872293584, -1.306185924674737, 16.94562756689257;
  -0.1530587716283292, -2.038923547592114, 17.09517266743971;
  -0.08455715626893483, 0.009628955520246204, 15.73189605717488;
  -0.006396448614222445, 1.322456531016954, 17.37446713844738;
  -0.1036303397626552, -3.150536379687582, 16.41910900432058;
  -0.0359886455409926, -1.198824848011035, 16.77277520351475;
  0.004798185069019676, -1.367412664957319, 17.15076231267228;
  0.01780682676521867, -1.605156169908698, 17.0771209547524;
  0.004173715140589201, -2.11192688075767, 17.08617283238964;
  0.06422087707794645, -1.549169291087439, 17.31948617268271;
  0.05661946265378334, -2.002352343415146, 17.27857024971771;
  0.1840355366003578, 0.2034855127670389, 17.18537136461082;
  0.3228126376228562, 0.6708571383634001, 17.14846059148312;
  0.8422979880838539, -4.209941436491484, 18.53913291487409;
  1.059492449769468, -4.602216189857457, 19.79897601430295;
  1.149426942082932, -3.098014851968746, 20.03897209831017;
  1.147432347547188, -2.898744809699591, 19.52289285459903;
  1.25543066729209, -1.552802968723064, 19.69071527168811;
  1.244237824666733, -1.403804819411588, 19.51464215385925;
  1.234014888454851, -3.40350382047244, 20.06843640829416;
