m=[-20.08576120249386, 2.895165828743829, 24.19465970052071;
  -19.6257364123501, 2.925194007130575, 23.67841557024971;
  -53.7846465319405, -3.248904599740554, 64.36758639925499;
  -46.55151506879176, -2.419380262352325, 55.97933384865289;
  -51.17611990722133, -2.176344888737425, 61.92377479759782;
  -63.33187095730338, -4.98872386029148, 76.50968137021032;
  -56.10403524537023, -6.153436683233141, 67.95056541551907;
  -27.45245696074164, 0.01609504123386416, 33.81584313546083;
  -27.25882406080755, 1.614768968144218, 33.71230381071935;
  -19.50016728326893, 3.299092984539081, 24.54863499839612;
  -27.40962802893977, -5.054692301555215, 34.28526308921649;
  -45.88089840512571, -1.062944596731161, 57.94489696146833;
  -42.68370162417205, -4.796933110540072, 53.90696224432059;
  -45.11155043917466, -6.465165530950317, 57.21836445278407;
  -45.30749065464787, -5.34306521578121, 57.62648533159162;
  -19.34156352982068, 2.791602019719208, 25.1131524019919;
  -44.90425248612309, -0.9903355536593577, 57.29181491887061;
  -45.51172971747488, -6.017927063453044, 58.10408390420921;
  -43.97142892455182, -1.024300611336328, 56.68473646458061;
  -43.95878042219133, 0.07144262653602611, 56.87468085643602;
  -44.5795258016097, -5.243707674250664, 57.71745343560308;
  -44.59347275154248, -7.108995428906988, 57.76026931735191;
  -21.92173267681099, 2.183612288361449, 28.83876180226967;
  -44.15999993657138, -6.167781209529917, 57.36287158186661;
  -46.82723730763203, -1.354137165149625, 60.94880310867794;
  -48.9740123952962, 0.6347790874032272, 63.85014311152005;
  -44.09021788716352, -4.062035392680314, 57.48440698751307;
  -43.77718053460166, -5.51928838388302, 57.06257269190822;
  -46.18751076072745, -1.00139904808906, 60.27851407244797;
  -34.91420283382746, 1.95945343281724, 45.87591952996539;
  -43.50162447272037, -6.498552548507278, 57.07291778624734;
  -43.49504469572874, -5.83934472539766, 57.19171459975632;
  -47.12977772640193, 0.2076260011987265, 62.1210592406933;
  -46.25719372624663, 0.6341968029082032, 61.09316553230678;
  -47.59474702347311, -0.9715864326372264, 62.89130944513386;
  -43.9842456695807, -4.99853291290734, 58.15562658209414;
  -45.85949978299345, 2.103433552907065, 60.98393577851876;
  -44.22444971859319, -6.367436768848148, 58.76076791790957;
  -46.88064135409493, 0.04405581031424759, 62.38573413124303;
  -41.34481697319896, -6.669829090730417, 55.00468154127464;
  -46.59661848607711, 0.3612792287847516, 62.33503377022967;
  -46.95098267834739, -0.6935094342847391, 62.87480591358104;
  -41.71352133222937, -4.720236299132966, 55.88718628190253;
  -46.47441223296467, -0.1605553304876924, 62.29134817116786;
  -45.54957614522983, -0.4070265974366379, 61.30892602625698;
  -44.50010395122416, 1.396712522999063, 59.94059821942816;
  -41.16455637332274, -4.133200168965119, 55.43244142404131;
  -18.59734228588193, 2.384624145876061, 25.59783375359449;
  -18.72617776412167, 2.772099032599126, 25.90123714234585;
  -34.22561945813831, 2.852494992096229, 46.68892183242343;
  -36.27848860061077, 2.270171277599996, 49.48306285816003;
  -45.10465382893973, -4.973032570966779, 61.23427061068026;
  -44.73566606766348, 1.086220125432637, 60.86022535674492;
  -45.48041510361165, 2.353648595092488, 61.92687940330617;
  -48.65204567636381, -0.3180413209724776, 66.30568448385493;
  -68.376652439924, -17.68234159399098, 92.74516209035102;
  -43.72693926609492, 0.64626858521442, 59.79869411401844;
  -43.40385330526922, -5.444937122384137, 59.27952061622525;
  -42.39645441234613, -4.115594455624719, 57.95468900449299;
  -35.29929170548339, 2.39376975719958, 48.48345663719639;
  -44.24016005983597, -5.230382824620959, 60.58180007715342;
  -18.73958166847173, 3.366259947387124, 26.21829420660322;
  -45.42294527686938, 1.359093715262487, 62.51471216533504;
  -44.66288992460946, -7.218688877210716, 61.51423158552192;
  -45.27452316604816, 0.2559587283260548, 62.49784049255669;
  -44.0797291740737, -6.14669219710308, 60.93980905093358;
  -43.04782432522128, 2.329240492919496, 59.82831491026779;
  -43.48787270996954, 1.225486786086994, 60.51746614426945;
  -20.4632529595941, 2.996016437431157, 28.89887618961679;
  -45.51061958266079, -0.1541329540275982, 63.47721960505048;
  -44.22652601218203, 1.748889788088801, 61.86062404647699;
  -50.2312834490331, -0.9149242624773857, 70.44830388683022;
  -45.04079739946346, 1.249106433595882, 63.31014327060876;
  -50.75000323808101, -5.960242551106878, 71.21847175645577;
  -49.10565193127514, -7.33256958986884, 68.98738049423145;
  -44.32601723585065, 2.566206188836628, 62.63345301888256;
  -38.42868524367044, -9.751072527438046, 54.15118899799194;
  -45.15907104007476, 2.907080972070219, 63.89323481562167;
  -44.28293342988618, 3.349181881385617, 62.7577932416791;
  -45.21567086350517, -2.794086183910975, 64.01648894634788;
  -42.41183424586131, 0.8687769782875309, 60.22951552824164;
  -28.69566211655321, 4.447731907081619, 41.06831479262738;
  -45.28302390213474, 0.4497895777664188, 64.35413095889004;
  -19.46056651652405, 4.181878465923035, 28.15292560008011;
  -28.38725596316249, 2.521767133347913, 40.66953889693793;
  -47.16956048115348, 2.274268509650701, 67.1264513150457;
  -47.99124459610776, 1.327899779569714, 68.33198705040941;
  -42.81659498379641, -4.18024904865864, 60.96241830710007;
  -46.97853144855761, -0.6353742354946335, 66.97248116982233;
  -43.84400430326046, 1.616619673635925, 62.69338256502791;
  -49.58467509718971, -15.45229923871185, 70.70420675132885;
  -49.33677763840163, -14.30532180987178, 70.39251337360393;
  -46.21148272993202, -5.186799544726441, 66.15406163964774;
  -49.17992193063597, -8.069119087783774, 70.33603828799311;
  -46.2472232389916, 2.93174477700016, 66.43930162244888;
  -30.0772728345475, 3.883930240010176, 43.52772730333302;
  -47.26321289645761, 0.8075712544461077, 67.88750448237016;
  -47.11197808084342, 1.366379162058271, 67.70785775879064;
  -46.2035542253993, 1.953739217751559, 66.44492973665622;
  -28.96894659428499, 4.255236636206375, 41.97057028222373;
  -42.83955213631379, -3.012840010881359, 61.8154309706366;
  -48.07133214102169, -6.767820703793089, 69.31450702898034;
  -31.4142176899872, 5.501545898967739, 45.73481578284042;
  -46.71284106873993, -4.639297819791356, 67.45757031961351;
  -46.65604484440095, -0.4932375590511828, 67.5127881694645;
  -30.67352731121851, 5.163627319599253, 44.75499860453397;
  -63.04880062600839, -15.08245658782678, 90.97081375724292;
  -42.69567196197207, -1.545611166865562, 62.11078600685708;
  -50.31833540529648, -6.650802149281832, 73.12998281903317;
  -53.77262000202819, -8.190591939230346, 78.09970546396187;
  -49.22690694344388, -2.898410887973846, 71.64190122477113;
  -46.00481513758991, -1.329503078545482, 67.02746563418907;
  -51.48188751790057, 0.2997059204482497, 74.98090901309874;
  -46.97970726328649, -0.9611882141803145, 68.80937746200601;
  -29.76233948302074, 3.387832851450281, 44.27584524854352;
  -53.71686565329257, -2.571039842140676, 79.31902970368854;
  -29.08493257618092, 5.445812296253487, 43.39119447195655;
  -43.92886436533948, -4.989974802626266, 64.77576115766217;
  -62.62794269820608, -10.44571208603199, 92.18988599949205;
  -30.64950629832861, 3.229438003140151, 45.87299958938522;
  -188.0813404684828, -44.70937157434005, 277.5209664876625;
  -58.7518503452663, -9.203596639314672, 87.56160984293345;
  -56.85900653557528, 2.814742397340666, 85.10135246467335;
  -52.76817261949621, 3.415814312596853, 78.99296203678733;
  -55.73724080108122, 0.5926024318907126, 83.4156862058077;
  -62.22891714436372, 0.9552434593756569, 93.76579595992605;
  -61.3877632585203, -4.920728419386293, 92.50432281909711;
  -56.66212691727313, -7.41696751595078, 85.40097955167745;
  -68.02581066724113, -0.772009964260312, 102.614651195284;
  -62.56682546849599, 1.6384069154816, 94.66685349547265;
  -51.6925380487357, 2.533821484942143, 78.38928457716027;
  -56.47088965476317, -5.866814019221017, 85.50222878553331;
