m=[-21.71764733903823, 1.39594456837098, 26.238873130924;
  -21.07927867836575, 2.653385516278695, 26.24749964542907;
  -19.53140096006317, 2.625827803489322, 24.49676567412556;
  -19.44199249775726, 3.5013245300114, 24.47066275738463;
  -54.92687426657928, -0.2848530698694444, 67.65699934085767;
  -19.41312381659078, 3.431158092691737, 24.44777372346389;
  -49.4245388947592, 0.7030471256089118, 61.47515762845087;
  -52.02382271263139, 2.86852436866735, 64.93082479202431;
  -69.04818688907901, -1.106155048017468, 86.68936752491281;
  -18.48425017751239, 2.721459325092117, 23.82324838222021;
  -51.96169485899182, -1.491337312460539, 65.8667788326771;
  -19.20712558102969, 2.811407403427763, 25.03745142998171;
  -26.92768549184839, -6.485311576270941, 34.69595661880823;
  -53.64198310754288, -3.33656446249783, 68.63167985100058;
  -58.90879252677428, -0.1220029570768259, 75.36352983888713;
  -68.93701630397227, -19.31352872892974, 88.31041978292177;
  -51.8356384749955, -1.520582885392626, 66.74900601875299;
  -62.33680565179721, -2.668959064288189, 80.34120002799259;
  -49.44412158141326, -2.976420377593708, 64.1077800263603;
  -63.36849535965956, -6.685003625665668, 82.05856070093279;
  -62.23661446275224, -5.047031364042935, 80.65200983337279;
  -48.56111660422162, -1.548944175068091, 63.11542884792626;
  -52.6686998934334, -2.861088812692246, 68.81576150878861;
  -66.72556431813435, -17.81759564077177, 86.89967455137439;
  -50.22580767890204, -3.242254423230906, 65.75105303046726;
  -51.45035964837918, -5.412118628640321, 67.52620570520618;
  -68.95659830274202, -18.47222922294929, 90.91616921138586;
  -26.82646310729742, 0.3891260607448951, 35.88175761973915;
  -49.82110059994439, -5.79395381250503, 66.14899222021553;
  -53.13997992598564, -3.762197443467449, 70.5640034704296;
  -26.17838121410933, -0.376753299771557, 35.28297239926253;
  -18.95790897913964, 3.18925434095428, 25.84752083997313;
  -26.71269202316618, -0.103768507398916, 36.1424867374537;
  -26.88580243089405, -5.516676918452538, 36.46540890178628;
  -26.66121128109591, -5.748279666816933, 36.17477588011732;
  -70.47396650898659, -19.86233717675126, 94.60906723093679;
  -67.24299192758318, -17.17305796266752, 90.42432396188924;
  -26.84727685043735, 0.7428861122962174, 36.74580996570823;
  -30.40010421101756, -0.6044831083043618, 41.64421575702492;
  -26.65329992056769, -5.705308721421321, 36.59260164587932;
  -35.61378109655743, -1.578703371161115, 48.68980480415263;
  -26.77119866125914, 1.569872598064395, 37.01444195908921;
  -18.17467978077311, 2.575733966274331, 25.61613458188105;
  -44.1231877859712, -2.20279598540792, 61.08742549079194;
  -53.06325980771808, -6.621566498340805, 73.44491394557601;
  -47.47871238227901, -1.922793540576863, 66.32422123895965;
  -49.57784740045992, -6.820899809268748, 69.27227598869573;
  -47.73445343618545, -8.104728031980589, 67.06971009326345;
  -46.62998093142095, -1.829915928065805, 65.81885391926809;
  -48.70025186813615, -7.728680869860043, 68.89802244621977;
  -33.33535877576653, 1.605725260280438, 47.52457310466978;
  -45.66520592782739, -6.053117178368258, 65.31644885850942;
  -45.06566845859997, -6.702916146670494, 64.51010422738645;
  -46.69359652357205, -5.44736274620653, 66.95277534062963;
  -45.2618080254159, -8.522764762062218, 65.01792458208297;
  -52.04665638128921, -1.445034086118217, 74.94041889418571;
  -32.72051200341775, 1.490175602315259, 47.41236610171587;
  -47.87173391462596, -7.976152302952355, 68.94670567007236;
  -47.07133801741602, -2.208186017659143, 67.89203074386239;
  -45.76361842301296, -1.80492905787287, 66.17527451584714;
  -51.93517187373253, -0.07525077757540304, 75.0420276303809;
  -45.61091915329402, -6.945030285080696, 65.91270843813227;
  -45.84082876214887, 0.3484403069704958, 66.54000698337266;
  -44.63685308553092, -7.934392864617499, 64.96291966123162;
  -45.30584648696912, -7.305957674539025, 66.07789285535984;
  -49.86692683923723, -0.5365970493024193, 72.86025964560672;
  -29.8734369525811, 2.060462522792364, 44.0100772461948;
  -51.37330963363335, -0.06052441359618561, 75.19019307157805;
  -44.35349957055721, -6.16042687099829, 65.05918290714354;
  -44.14775340698151, 1.516060695624904, 65.05412741431265;
  -48.03185313086048, -1.124752497493188, 70.77194243255023;
  -47.13417756139643, -0.6798769658785138, 69.56358499838285;
  -19.24998530822204, 2.390683640637791, 28.85839804060094;
  -44.39546503046878, -7.692849143308472, 65.51161879895172;
  -44.26880258881563, -8.409200100896916, 65.3425192525247;
  -18.15620793031265, 2.626129516433488, 27.35534043752005;
  -49.09589344136256, -0.3508587004220241, 72.84929281096505;
  -47.86470624926057, -1.515760436633197, 71.12745975244337;
  -46.84042543395266, -0.9042689230842835, 69.65164538215106;
  -46.4446751140196, -6.452232302920065, 69.03742483521407;
  -44.99928576511697, -6.643941750968661, 67.05041367323425;
  -40.85153898247619, 0.7685260431079363, 61.00738278411134;
  -43.12458663595409, -5.404168141341336, 64.42656412808722;
  -50.61145610315411, -1.270222063097502, 75.58180566552416;
  -48.46781823859471, -1.259640333515599, 72.53545345432102;
  -17.68108732737378, 3.201333087046178, 26.97212803065445;
  -32.74415605632058, 2.110907758832644, 49.42146766216477;
  -39.8719373768463, 3.007626264254733, 60.08048117037473;
  -18.18259856619916, 2.968840048712059, 27.81752947632456;
  -44.80252048289633, -3.671243380917958, 67.44181792203062;
  -48.63374868306939, 0.5186644700099786, 73.40216972050061;
  -44.60934134388671, -6.04691748930381, 67.30515840934818;
  -46.68670233603184, -1.068850760042648, 70.69501217378256;
  -41.25535739568501, 2.418072272393448, 62.66150550470419;
  -46.43647542379809, -7.059310041483303, 70.48637502897228;
  -46.51984867101987, 0.2913224742810311, 70.72285858541149;
  -60.59260032450332, -18.01716344668585, 91.9019000568962;
  -46.89948000124501, -6.788232461735833, 71.40370694494655;
  -46.84793494769806, 0.7903442418142124, 71.5872069242017;
  -45.90299185538854, -0.4384348773094152, 70.38538084390629;
  -44.48002137992771, 3.478286233640325, 68.30985207192484;
  -43.97842998774982, -8.445157070922317, 67.41225144509824;
  -45.5899489623023, 1.757974580473349, 70.12706132699898;
  -44.23178420010864, -7.405836350392919, 68.03628159972142;
  -46.60906256144442, 2.020953297027665, 71.89623885917744;
  -48.46007781877408, 0.2475912843846097, 74.77712965757708;
  -44.78754775769208, 0.6830798138866953, 69.2131971572429;
  -43.57074561247336, -0.8407550795950609, 67.55866808498023;
  -44.20288863760252, -5.7887312099312, 68.61746851927254;
  -46.5869400532268, 1.284815306768669, 72.38952958097828;
  -43.53692897141998, 0.0167038102731701, 67.72223211542654;
  -18.80795260231145, 4.093315903143473, 29.74835039815111;
  -45.88324670090344, -1.627380338647285, 71.65461682630037;
  -45.99955815782844, 0.6628604261501325, 71.8730622424942;
  -42.84596125152685, -13.1200326849826, 66.75253612526547;
  -33.02146277319765, 4.568018876943693, 52.01589545920465;
  -24.16090780711149, 1.976714855144454, 38.23158313659718;
  -45.6476343079081, -6.625349579638608, 71.45423569131972;
  -26.90793319761185, 4.129279328212675, 42.49863322884274;
  -44.55388751790127, 2.112254341343, 69.96475016226228;
  -49.73518334839699, -8.879066028349586, 77.92351445579328;
  -45.78644340910125, 2.503404796569509, 72.01378826553443;
  -41.4820579690095, 2.769430992446235, 65.33103503472239;
  -42.64634577556716, 0.291405575580947, 67.32343511381627;
  -46.39761362316076, -3.854147795632173, 73.14212921863131;
  -32.20442956889313, 3.79520109938192, 51.06457792913226;
  -59.73067712944462, -17.66563615980537, 93.85327369782409;
  -48.07082031835224, -0.2309825384948874, 76.01521700516678;
  -48.56014868774532, 1.80491416239655, 76.90483693941341;
  -42.52053197365864, -0.7289200840901114, 67.44120258162029;
  -42.65810238519332, -6.280379425670517, 67.52540802412446;
  -49.31399354832148, 0.6965951791903829, 78.16741243277386;
