m=[-11.25931530669055, 1.148445259980831, 14.40140737133226;
  -5.444533579867064, 1.415596700756499, 7.491887739173404;
  -11.16100194517503, 1.402976969022655, 14.29487589180238;
  -11.24633805251531, 0.7057944066763024, 14.41287987676605;
  -11.05271841028872, 1.228730675108453, 14.24659896481367;
  -11.45101369539223, 0.2559926461141094, 14.75766971787313;
  -11.29964143001077, 0.8313238393605128, 14.57833686916071;
  -14.18602775057375, -3.547324717165927, 18.26814145012729;
  -14.35019082906316, -3.31752688797834, 18.61642447571265;
  -14.09762620185066, -2.529645964665938, 18.31867806532368;
  -13.9843189004843, 1.617801537237022, 18.45272663412866;
  -13.76523434028531, -0.2906250500250434, 18.18810250980329;
  -13.89088814655047, -0.418906230904007, 18.34934544252092;
  -13.98192943233126, -0.1372939295706175, 18.5894407019475;
  -13.81651826723409, -2.867492614050809, 18.39806764614226;
  -14.11761050378823, -0.6226585845143545, 18.85997779085688;
  -13.53078374901626, -0.383154037232261, 18.1224241113997;
  -5.762514199899703, 1.405860024160237, 8.302483107503999;
  -13.42933255866427, -3.547148811049737, 18.22575067911186;
  -13.44910774277828, -1.013791415061699, 18.36733561555976;
  -13.47335440940726, -0.04090585666698154, 18.5091165355667;
  -13.23440274499727, -3.538971426078011, 18.20522966215707;
  -13.40557389151655, -1.0358428546193, 18.56836508952336;
  -13.42682022948101, -0.1460219552102326, 18.67281401585629;
  -12.63477610284156, 0.9444335959723504, 17.95245299640469;
  -12.49948703369145, 1.074397467048127, 17.79992453281455;
  -12.7108717546205, 1.7073608654308, 18.1432157757911;
  -12.31160876614299, 1.575796414140456, 17.64707238327638;
  -8.864651852013346, 1.773369739479784, 13.18833625026018;
  -4.841638458790095, 1.584095741330178, 7.735645971816783;
  -12.24281970697997, -3.774629808615014, 18.46780792652605;
  -11.69031061675727, -4.204928747513844, 17.70246091481087;
  -11.86315890199278, -4.086761226446624, 18.00823987864255;
  -11.96222555355652, -3.70764613811776, 18.37434814204065;
  -11.9003250234215, -3.819711182003829, 18.4000493534237;
  -5.061127304608451, 1.582776567287467, 8.413061083243939;
  -11.72027179364903, -4.156810452380872, 18.16360239282741;
  -4.745419419882233, 1.762315604319059, 7.972439086317699;
  -9.043729097534403, 1.754237649840266, 14.29094619236884;
  -11.80918898492794, -3.928936851766539, 18.41353126975881;
  -4.758521936667342, 1.795737113595889, 8.046133085594683;
  -11.26229899354168, 0.9229840126946236, 17.96745140422597;
  -11.39410303706119, -3.93295783070519, 18.24302113399272;
  -11.34675641786441, 0.8079576069419321, 18.28186570833557;
  -11.33712690895684, 1.060450036440847, 18.28125278730369;
  -11.31544413158975, -3.781418983740168, 18.3648862660086;
  -11.04352716839654, 0.9329809845219037, 18.05769385333028;
  -11.20899975824713, -3.769017687873943, 18.66029561822801;
  -10.91357629098027, 1.583021361365434, 18.42648839454594;
  -11.00496579095715, 1.751425300421961, 18.76936391813842;
  -11.15936960295011, -2.384366471287513, 20.38931361069299;
  -10.72868412552151, 0.1541258805690056, 19.69644684857732;
  -9.564288941954249, 1.772331585374636, 17.71776031376115;
  -10.97736998669501, 0.2596450295903255, 20.23460706101302;
  -10.97602186785496, -0.2304339193442774, 20.23983696144881;
  -11.33754214688642, -2.728159505021526, 20.87997937068456;
  -11.00263391725503, 0.05550736523909283, 20.37163243404294;
  -10.88859713777614, -0.06535904690476677, 20.21843853663685;
  -11.13149424607735, -0.5659167994858545, 20.67241038339974;
  -11.36929526702823, -2.873526577426188, 21.17685853691298;
  -11.13812830391923, -0.3378763976773626, 20.80244516854864;
  -11.02035588376504, -0.2198784413342657, 20.69294595581141;
  -11.57391509329435, -0.4381509920796552, 21.68385642778902;
  -10.99635124224438, 1.33124601918427, 20.6641733261408;
  -10.89841442330985, -0.1159898776761004, 20.49721332870135;
  -10.91978651268147, -0.9141230930463474, 20.5725536749794;
  -11.67569730503826, -2.831700124956077, 21.9622845244544;
  -11.44743785579393, -2.957537431723296, 21.65558346426031;
  -11.14727588885055, 0.06800353913187435, 21.11010131559758;
  -4.694000305821677, 1.786779206583558, 9.485527021782735;
  -11.3298120291044, -0.4221854594943821, 21.49211692727847;
  -11.43821290026061, -2.676162345977954, 21.77797005393951;
  -10.9350164521006, -0.2111648272664203, 20.87786036503564;
  -11.38791365308928, -2.982933134248734, 21.71318662375225;
  -10.91577036461948, 1.330469744865667, 20.88945629354286;
  -11.30945079374318, -0.5311682743402445, 21.77118271213465;
  -11.09257911352785, 1.499732110924077, 21.37354514693089;
  -11.14051623762103, -0.3214357697542067, 21.48942118926547;
  -11.1423253931367, 0.002868745715102118, 21.53774186603636;
  -11.12632685204099, -2.635277297691699, 21.6174315385064;
  -4.654925529830872, 1.778528742100387, 9.644852994872858;
  -11.13818353145566, -0.9144846792549333, 21.73267185532072;
  -11.455932845998, 1.456332798181863, 22.33835479149989;
  -11.17293921092855, 0.07064220350078396, 21.84543648408103;
  -11.26797926881053, -2.41436052484136, 22.04504569796534;
  -11.81320086324888, -5.295781636352139, 23.08629234457646;
  -11.16584510609599, 1.588773587841256, 22.14985349477312;
  -12.17252028472383, -5.452946756238455, 24.12913651957091;
  -11.23976972507895, 1.265713201306907, 22.4955988166432;
  -8.71342578076869, 1.726262313310545, 17.70640874403993;
  -10.73792169094901, 1.377855488359795, 21.78195530115179;
  -10.9598490634461, 0.8572440117207502, 22.24764859711959;
  -11.14701749629366, 1.214732173485409, 22.65976225639381;
  -10.85954660406572, 0.7340612478337177, 22.18018314772587;
  -4.625136201470275, 1.759077451137459, 10.05327822026151;
  -10.81841055952819, 1.106003471739619, 22.15834978891773;
  -8.637300604490612, 1.607240368943575, 17.99790292668587;
  -12.19508228714078, -5.690096126766883, 25.09431028110367;
  -10.715314930749, 1.629515712871806, 22.15735386848307;
  -10.99668975144987, 0.4185134924015309, 22.72651209236377;
  -4.575133074758846, 1.800330651094737, 10.06103667494856;
  -10.92259581332286, 0.8779719039038788, 22.6071510144155;
  -10.80568444716567, 1.248184072021342, 22.3837647604782;
  -10.68492416834, 1.443896335521456, 22.16776061166664;
  -8.601037159959505, 1.593365932258356, 18.2076611619421;
  -9.088860958920042, -3.659801370728349, 19.21809893761322;
  -10.9984290152591, 0.7081832438596294, 23.02408186843183;
  -10.54876029597176, 1.201433604219478, 22.20593999988875;
  -11.91147597791461, -5.459886056982898, 24.96350747461701;
  -11.05464956754896, 0.495312591503323, 23.25356057632864;
  -8.450304796124875, 1.578494145787754, 18.10368784324606;
  -11.04680469030402, 0.3955315823108279, 23.35718012958871;
  -11.56993986075533, -3.679776827595652, 24.44780198612224;
  -8.656979383203815, -3.223860252761719, 18.57452671579025;
  -10.85888848708457, 0.5953343626334189, 23.0345419996749;
  -11.05566832000427, 0.2660766922130211, 23.46298876531752;
  -9.112935892503797, -3.674005495266976, 19.61134662072525;
  -10.91486602857003, 0.8371500066309464, 23.26998841224054;
  -4.778144067872915, 1.821903976105234, 10.77779520834629;
  -4.559881941431543, 1.791317802383253, 10.36055265651708;
  -12.04050055432532, -5.798793255411452, 25.69844191403812;
  -10.86265968796711, 0.7184986082925845, 23.32452049049862;
  -10.79192421428303, 0.9895865374329597, 23.29068564936359;
  -10.09283841035674, -3.210103747928096, 21.88468986492315;
  -8.841023983403739, -1.437397315910313, 19.33966217145975;
  -9.109354079024248, -2.214616813918182, 20.00398757196929;
  -10.99902408290886, 1.468348694057587, 23.95490540030227;
  -4.594078901893201, 1.742539030048518, 10.61455702990652;
  -4.575046246375512, 1.840859249834477, 10.58062014771953;
  -8.349978106225857, -1.715169278941181, 18.48486708734721;
  -11.8819302398228, -5.955232450651867, 25.9001397457907;
  -10.92258277930459, -0.4104739599225049, 23.88133733450147;
