m=[-51.88973320312066, -2.936408284729329, 61.94107991740381;
  -61.87811004500415, -8.423483793133535, 73.76836922433796;
  -56.45375948881975, -12.329308014372, 67.39606712266024;
  -29.67148899007498, 1.693889431123626, 36.04107240052314;
  -53.12179385143428, 0.9534938631328573, 64.0667249585979;
  -57.7688194134963, -11.24612714681313, 69.96341703383078;
  -61.09723752943333, -3.03747872805469, 74.15336922467755;
  -58.4653078846795, -13.25285204672318, 71.01865187566877;
  -49.70680876863715, -10.84310539120592, 61.96428427955586;
  -48.823365622356, 1.168426479825723, 60.82267790277623;
  -56.21122643094081, -11.76997657416839, 70.05100498521085;
  -30.60483063347452, 1.630052115715577, 38.60824270452542;
  -55.47831876737938, 1.467106909450382, 70.23329602852304;
  -51.88591033347531, 2.557527127191962, 68.55241986515112;
  -47.28403134027336, 1.561862628316591, 63.10848143884194;
  -43.76947738564913, 1.870495226715462, 58.71373541084271;
  -45.88312449695376, 1.186250771119796, 61.66446910915649;
  -46.17023019497894, 1.543527874912771, 62.42456208032431;
  -18.5634271838826, 3.51047634999327, 25.63881105655618;
  -18.20849471480798, 4.229968557433621, 25.37262679714847;
  -18.01080278368103, 3.610607857543515, 25.24264205624878;
  -18.32186129595875, 4.519663022458401, 25.81557332396704;
  -44.07662489566914, 1.593942290310214, 61.13560692101963;
  -42.49134007722625, 1.770696685259039, 59.31998215335377;
  -19.14154546451447, 1.612470524719584, 27.78835096813733;
  -16.96841626178483, 2.550876556954811, 24.81192219465334;
  -15.74389748417456, 1.243862076499554, 23.39548822915571;
  -17.08863477530059, 2.340817095058933, 25.57194968881652;
  -16.2134275859591, 3.033327093140964, 24.33855740732974;
  -16.65968901087941, 2.364876040983317, 25.11820614931179;
  -18.44464132506773, 1.647564708459211, 28.25849222196062;
  -16.44325543423493, 2.51116277648744, 25.30886641279387;
  -31.72899467849226, 0.5326335333677491, 48.15005342824917;
  -41.14364636215428, 1.775827576691544, 62.60732827138128;
  -16.99154314936601, 2.473412093697894, 26.47918736158708;
  -53.54709768630576, -1.423602837684839, 82.44054471578907;
  -16.02227644841118, 3.886877904655417, 25.59391101132673;
  -24.9863056967493, -7.813317768172885, 39.51347104086821;
  -47.16414258600393, -1.243502171431302, 74.1259657732047;
  -49.79479055370186, -2.172907451448522, 78.2857135950388;
  -36.19884718337718, 1.033289593865556, 57.25219618180473;
  -41.46477263332839, -2.392023751587805, 65.53838859443965;
  -39.16412285467583, -4.392641139280323, 62.33423315657817;
  -36.27293438029208, -0.9207355608151644, 57.99252260757973;
  -40.40672034093796, 0.3926374952891792, 64.51132106670224;
  -41.28076834864265, -4.799302268706454, 66.14801777055756;
  -42.95204645935701, -4.632575569420435, 68.9113143295973;
  -15.53346983696263, 2.790300071685555, 25.54875946348028;
  -40.1013544490579, -3.821628905301143, 65.04879570606268;
  -50.11271726019325, -17.08645530986338, 81.16072463343777;
  -22.33616109137806, -6.140868096145932, 36.87654949077657;
  -22.14601143743467, -1.620722139911329, 36.59540768480675;
  -45.30252883690218, -8.918659776749257, 74.08527361537279;
  -49.24023676989437, -16.92237612104064, 81.08194890954131;
  -23.04643003369191, -1.47808163911514, 38.3893708911259;
  -22.03698211517057, -6.54856797297658, 36.86017752624247;
  -21.98166498403044, -5.921431803213655, 36.83440073471527;
  -49.66041610386969, -18.06964823896186, 82.77912343965851;
  -49.38799448482471, -17.0382811927071, 82.43784401945344;
  -15.87412911221158, 2.867955998656266, 27.03759868417824;
  -15.18701183097021, 2.246810187295243, 25.9528207220583;
  -25.96970738934239, -1.629661631782391, 44.00235007659678;
  -21.60576782463554, -6.046035149079124, 36.72542055731937;
  -40.21754553365229, -5.172043199842117, 67.90763437141523;
  -37.04248463520693, -7.703587338806004, 62.97419942000271;
  -37.12355552469334, -2.688569237343601, 63.22635734372325;
  -47.85210870062338, -15.89672413668505, 81.59088544745853;
  -36.99787663086855, -2.955351212101336, 63.4108938388023;
  -45.90695613809765, -10.65922357364867, 78.50288672311061;
  -35.27392880344947, -6.466514090055305, 60.64442679918068;
  -34.82056426315153, -5.251358619018207, 59.88786789379281;
  -37.17933931374858, -3.478365949324218, 64.03451144010388;
  -35.07878146722121, -6.109391933587182, 60.62542076238535;
  -37.34899030909779, -8.012489916432878, 64.60624878917088;
  -38.29913593931878, -2.76098314093459, 66.6400595847187;
  -35.29612761643404, -8.742223275707955, 61.45832099137872;
  -15.30171661439118, 1.139118267747911, 27.10180851185174;
  -37.81178616360135, -3.158802668055261, 65.91476732578664;
  -37.37729104672254, -6.555487645559916, 65.27425959464736;
  -35.30286721245409, -7.345971547966893, 62.00485836300649;
  -34.90004974622188, -3.366409350814712, 61.3631569230833;
  -35.95061251813151, -2.658868181533964, 63.32679850835893;
  -35.80264558924316, -6.827282449763414, 63.27518351855992;
  -36.31201838183485, -7.226508793042407, 64.64351313173488;
  -35.2654702782015, -2.548048209443102, 62.8379484426046;
  -35.05228484870003, -7.59632427828561, 62.53396068216318;
  -33.81839805583223, -7.344895806274081, 60.56265014116489;
  -35.18507912966825, -6.522098002921771, 63.72495224013623;
  -27.78821266438652, 0.878474780917508, 50.52635014963646;
  -36.3907360077092, 0.7039400116578741, 66.08772154301057;
  -36.88691929582656, -3.310861669558345, 67.04842355769796;
  -32.6146292334543, -8.261739635836557, 59.40506869392938;
  -15.02416941240962, 2.286270959103788, 27.80309002446293;
  -44.17786185099524, -0.8604898707043164, 80.38838024140762;
  -34.81255806108522, -2.894483531128167, 63.61891462176303;
  -40.08828545032044, -2.350873256975926, 73.28862709653787;
  -45.39481553986153, -1.816392213386933, 82.89511021346351;
  -33.17177906967955, -7.012502998685745, 60.79609276801473;
  -38.20464085986878, -2.797652657502814, 69.95961605549893;
  -37.03784653690141, -1.018794719426029, 67.91659362661491;
  -36.12282540294309, -0.5720534499985369, 66.4579966317279;
  -26.82488002840574, 1.65850088417711, 49.59654186469062;
  -32.97323821695673, -7.977103346357538, 60.92454798936747;
  -33.04440295927595, -7.311670466026783, 61.21617204344165;
  -14.65517313053538, 2.588551810796293, 27.59073156430043;
  -34.34251231334095, -1.316240272661941, 63.72951408506667;
  -35.29183226494264, -1.746681054356543, 65.60205008847328;
  -32.55244624485705, -6.383566918573699, 60.67242508226887;
  -26.92727801427519, 2.052445431061472, 50.52068473823623;
  -26.73703912125025, 1.758763792193389, 50.1781245319057;
  -14.2545424500347, 1.761796500417103, 26.76900716788804;
  -31.36558762164492, -7.398373952510396, 58.84748431813435;
  -31.93640790936084, -8.230295716974663, 60.0399913853886;
  -33.3120340568594, -6.112844325235875, 62.63060768412407;
  -34.59118886208543, -2.210750200343701, 65.43866153299825;
  -33.94578395052236, -6.643350740715329, 64.32867747502387;
  -32.13271044838827, -6.640624836251882, 60.99501210180004;
  -34.24448553693435, -2.522499146394534, 64.97503572550291;
  -14.7517742391234, 2.638107915879598, 28.43500878749505;
  -35.26545248373099, -0.01861272230193541, 66.93610629808029;
  -33.33257026231245, -7.487528515947655, 63.31491232536903;
  -32.43446465587392, -5.858991238060101, 61.66923858781539;
  -27.71781794203798, 1.902569905123047, 52.91490628750134;
  -31.10451753073064, -7.605353352599432, 59.44258898206579;
  -34.20968063596546, -1.970876424419054, 65.33500106973088;
  -33.43654639793755, -2.448041195976289, 64.05100857858;
  -34.69142331366071, -0.4164610158154882, 66.77719098369599;
  -33.88030897130884, -6.567640194791617, 65.29982732058937;
  -32.70977360873546, -8.086999339105491, 63.14323581200222;
  -34.18741282296141, -1.80536580045725, 66.01537623882496;
  -32.60764444597422, -6.92290028418218, 63.24213375185717;
  -32.07717305898505, 1.166871746280045, 62.46853320977492;
