m=[-83.08130084937552, 2.695759844317507, 99.61151592973383;
  -78.23307067989703, -10.87563036835795, 94.13288709628469;
  -75.61137041116423, -9.414041013160199, 90.9969974655192;
  -76.84738455649301, -9.567931728190187, 92.48451945378913;
  -76.89983161996956, -12.21598567818882, 92.56613533364448;
  -75.20425785259809, -3.965196363218641, 90.52246955953292;
  -31.26841373572431, 4.241607104630517, 38.20232650854198;
  -78.15089448064312, -4.791120812851474, 94.62199639225095;
  -80.15391136773435, -13.49493446166244, 97.07166238981677;
  -75.78572784857713, -1.714981350086783, 92.00345401832254;
  -71.74320626568957, -10.54861683072519, 87.17121508899525;
  -76.23083630663253, -10.00603390025372, 92.58925391812329;
  -73.49354918646998, -19.48025984319425, 91.46302594917827;
  -70.13115686135063, -12.26005336080009, 87.93703854156541;
  -74.0643156441576, -4.415764249377847, 92.99845141761327;
  -73.92915055770281, -20.0789237567918, 93.19024376665351;
  -69.11213433882614, -4.644911048477794, 87.29689357932432;
  -67.38298427069027, -1.63394079262973, 85.33488060184772;
  -65.14306514354918, -11.86386926669131, 83.31297452804336;
  -64.76782473296038, -3.949179880014217, 82.9337932271838;
  -64.12274716140333, -12.79581900244926, 82.66161313558831;
  -78.1697949963059, -22.89667288559321, 101.4275732409447;
  -59.9632473368803, -11.72002406969767, 79.00575048953132;
  -66.73024380791939, -19.11570077964346, 87.88450937682288;
  -68.54535389863848, -19.04550225383148, 90.49416797200627;
  -57.5358365074288, -1.081271217409847, 76.42970737383097;
  -57.42641672735232, -4.271659533536868, 76.31634579959213;
  -58.5489017688931, -9.401741939555491, 77.86547342207246;
  -58.6683564472831, -14.61940055552061, 78.05248932091381;
  -50.96602783961782, 0.3261556527359683, 68.5103531119596;
  -51.80697981960249, -11.61894508451941, 69.97923718519905;
  -57.46562677401279, -14.1698274163528, 78.58875232003734;
  -47.16310276796218, 0.639940100424947, 65.56319192194243;
  -52.60647852937802, -12.69231911610415, 73.18721169128078;
  -51.4797634599061, -12.82846070870585, 72.91779213700605;
  -44.91577061072446, 1.075754647018694, 65.29348188441679;
  -16.75129496023271, 3.227673381923769, 25.40626852216623;
  -44.36865170036791, 0.943521598611099, 66.2081966263675;
  -45.64966882845366, 1.54174295261697, 68.51675924188885;
  -16.53859252307133, 3.968836213190913, 25.30884694113614;
  -45.9468317808597, 0.6249117080933859, 69.04617195902908;
  -16.20262801294929, 3.324772617422281, 24.94166223584797;
  -44.40165615148028, 0.9619401114708122, 67.15137401515527;
  -16.79594081618713, 4.303880236385295, 26.02533916836122;
  -42.68195436062026, 1.039985116909779, 66.2785363617935;
  -15.3317713405423, 2.310221902466291, 24.66936394827496;
  -15.28924265590999, 2.21920082091342, 24.95897519483039;
  -14.66599743199671, 1.980242061321966, 24.20017789437078;
  -14.75653166838146, 2.821409073859031, 24.39608811811006;
  -14.61229488265422, 2.067703496816967, 24.29834855990929;
  -13.61083113565904, 2.197833539267897, 22.970594393258;
  -18.50854918720667, 1.514223770594131, 31.41218966809252;
  -14.34468075763558, 2.075000438335458, 24.74333807090744;
  -36.62810648841081, 1.170347643874953, 62.76523903156284;
  -13.87276790366919, 3.507762520550135, 24.54436484025183;
  -55.84474006383935, -2.612381021653663, 97.14293666919195;
  -15.04323711514598, 0.7283193284484316, 26.90656287022327;
  -35.83834676014215, 0.8821432550986135, 63.29479828979749;
  -33.44035702259306, 0.5445855632881111, 59.66414922958509;
  -48.0487388689495, -3.128999800695165, 85.44703396463194;
  -16.26113768759269, 0.7510737412687503, 29.45152295738606;
  -43.25218285260295, -3.46967054899062, 77.21282287361899;
  -13.4933656336731, 2.481423134003521, 24.64175196235235;
  -36.81645366718624, -5.177007715670903, 66.17423379139271;
  -36.58630688307104, -3.289412684482533, 65.80298678108765;
  -32.29526755031792, -1.475162659802849, 58.24564149246972;
  -41.10506965765828, -0.2466814990227357, 74.14585753856572;
  -40.75542208873875, -15.44266658756212, 73.56763012135204;
  -35.82850538329203, -5.222629997189846, 64.90706531472137;
  -39.81867304150743, -5.435391903121333, 72.26689401524948;
  -19.29296809153584, -0.8300213281616383, 35.57449322174246;
  -21.15881456643183, -1.890090380726808, 39.02389785243136;
  -20.07844785361614, -1.96865199363294, 37.22127175589323;
  -22.13324695444463, -7.1151398843231, 41.00112102668751;
  -45.61143322922739, -18.04889718258231, 83.79233452499155;
  -18.96187731429756, -1.199881130588028, 35.29421822012351;
  -19.45248005254397, -0.9870277759948972, 36.36533957108377;
  -19.57901903979865, -1.764354981103667, 36.64135424550188;
  -45.00470851425031, -17.5878328656937, 83.42814386318239;
  -19.52153184104822, -6.839016621921883, 36.68518433936806;
  -13.19310898187148, 2.445506730513285, 25.06581708891411;
  -13.5837716930407, 2.032948270729259, 25.87703634599005;
  -46.08893172933049, -18.44495476374963, 86.19017622164876;
  -45.89349708821576, -17.7927296493456, 86.69362969802845;
  -19.67013170819103, -6.454400878151024, 37.60048999265943;
  -44.76993247518258, -18.9930477170659, 84.86239638668845;
  -46.21887065569315, -18.59671672041192, 87.72167255975592;
  -25.08989372456649, -6.8772698070843, 47.91092389351216;
  -15.15448245492982, 0.7144029566047492, 29.2714792981815;
  -13.03336334387709, 2.460879791909898, 25.59521697069389;
  -35.38431406146279, -3.4955684873192, 68.39911050861845;
  -46.51611634029042, -19.74765644941844, 90.15467061872897;
  -33.54441447085709, -3.595252061700481, 65.29056262996923;
  -42.87668813666478, -16.68439078739135, 83.25744911692378;
  -29.16578268963395, -6.517236442000215, 56.93262680029315;
  -41.78001641620606, -11.63960165693561, 81.34288889204473;
  -35.03522396334255, -6.532344440876209, 68.40652287142922;
  -14.1578936577004, 0.93972005369333, 28.06994459326458;
  -34.96868590809421, -4.295401127447291, 68.43038523099459;
  -31.66810601882564, -6.750200164664175, 62.16766295825784;
  -33.02918133085667, -5.308132777093561, 64.83688563986499;
  -33.28883620330963, -6.226476868496988, 65.64459321239987;
  -34.09645787237972, -3.355414589147526, 67.510203708256;
  -33.80326148566452, -9.926596489699623, 66.94654928780783;
  -34.65811396193757, -3.88059476344166, 68.73855263948224;
  -31.40501675440138, -6.70523499985782, 62.430786371451;
  -31.40761462315619, -7.884553683615786, 62.77107319651833;
  -30.92361017924254, -3.901244775022117, 61.85719661665533;
  -33.89742963729263, -9.463171946458052, 68.68763771275049;
  -30.97907294719792, -7.465736865426663, 62.86920659047288;
  -32.18832283506356, -3.193132118668163, 65.34859314882836;
  -30.0440737851459, 1.071120080591432, 61.18738652716466;
  -44.14076713058083, -11.54013996362044, 89.74048595007926;
  -31.55019033763935, -7.97422360788324, 64.52738374884086;
  -13.04427392345069, 2.004105812319225, 27.14701943361325;
  -29.94583017418222, -8.102843075514436, 61.72200658813922;
  -24.10809145532118, 0.4070304727779504, 49.86553347962894;
  -31.50614638251702, -2.368113407072238, 65.00951715975583;
  -31.86075191340946, -7.269479550736798, 65.857335437573;
  -31.1848217749215, -7.845529064813295, 64.50731630695582;
  -30.53290590562551, -7.390064139665138, 63.35190489022535;
  -36.78178733736304, 0.1005434968849155, 76.2593893948674;
  -33.29455561032093, -3.998411407607386, 69.12091949879748;
  -31.72560834964312, -3.560542317450231, 66.21658842701447;
  -30.43256881467781, -7.850202082950466, 63.69199965200841;
  -13.54440061376324, 2.460238301794273, 28.72020013307414;
  -34.6602743945939, -2.921129919624385, 72.50646588573997;
  -32.17647881995706, -3.256447699690006, 67.3819162103874;
  -36.17147365548873, -2.28829610734156, 75.67717376184477;
  -24.46879956104405, 1.248239891598451, 51.5314781114516;
  -30.00969009861397, -8.740529773955801, 63.37323240598234;
  -23.96565238006851, 1.755270518364134, 50.86716315367394;
