m=[-76.75294369957544, -7.107237397205677, 93.62804759840367;
  -48.84849329541479, -5.603659425427705, 60.59880107947274;
  -59.80245733160955, -5.787844729023197, 74.15926229377222;
  -49.96727350554106, -6.447674895181601, 62.1230348336687;
  -51.00683816842069, -7.753421932648707, 63.74112343532595;
  -50.85037868160937, -7.481846684238336, 64.02863331778526;
  -54.20901363341958, -5.147626714379651, 68.36314491443403;
  -43.94719579319771, -0.06804021359237822, 57.30444901334274;
  -72.24995328135327, -18.18076340085118, 94.89834402441073;
  -48.81325063640737, -7.559850120462915, 65.40938353634917;
  -51.37645446058123, -6.692858022943376, 69.15062198348913;
  -47.89504173551858, -4.982279910123136, 64.78091991783587;
  -60.21642006117193, -10.12399699521621, 81.28445608455867;
  -52.43335228312306, -6.292066093576931, 71.14533741169775;
  -56.04709432605776, -10.40129556168579, 76.23836028705985;
  -54.67796241208095, -5.917069450157275, 74.63726122616212;
  -47.05872660743864, -2.847151815564416, 64.35295436260726;
  -50.58134251471221, -4.067033498698667, 69.16755453895205;
  -53.30193857892031, -6.480669746157564, 73.54522416102846;
  -51.111925172641, -7.035889029144854, 70.54542985829694;
  -52.92879125888611, -7.842735732162489, 73.04850458045432;
  -52.49897882930898, -8.68182500974668, 72.49811785191839;
  -53.39015105509972, -10.73198955928783, 73.77981217075168;
  -51.17992770587754, -9.023314588606541, 71.14812237657952;
  -53.05444900447863, -7.800842386077443, 73.75090619680471;
  -90.09362419232411, -28.2585770866389, 125.0742111495678;
  -43.2377131239222, -7.354597522238028, 60.44098586027842;
  -58.5429377685276, -5.594816255904376, 81.78182514093255;
  -46.53292330482405, -9.974441618288505, 66.19034306927189;
  -47.75411414378419, -3.084777705413225, 68.16598008460859;
  -40.30840307866616, -4.684346113475074, 58.27716968573104;
  -47.92629755239556, -3.436305265065752, 69.24431456121398;
  -45.24577925944012, -4.822673712955441, 65.50344526602493;
  -43.27175816285504, -9.448850153244802, 62.65833795261452;
  -44.22433640072855, -8.321190331652149, 64.05875813013246;
  -43.23971014387919, -2.111358296578242, 62.78393813732957;
  -13.2537814034558, 1.535469791568392, 19.7126004621069;
  -43.56061964056831, -2.47979261498801, 63.52972383923521;
  -46.85500946281321, -3.157751867751351, 68.57771821628722;
  -40.37179730001829, -1.672982740009944, 59.4319078337914;
  -44.22470368834903, -10.25419461007645, 65.2715460029133;
  -42.55575639325382, -0.9302413325279045, 62.91785499123203;
  -39.17978775046458, -3.105828029002806, 58.74937976502162;
  -40.22723926664227, -2.598087329329414, 60.36487559021607;
  -39.706476811033, -4.623955483911172, 59.93005732692967;
  -39.64286753632947, -2.814258681916666, 59.98413531174158;
  -41.5445886938298, -12.93751645785449, 62.77210622867263;
  -37.10272218630296, -8.063863493032775, 56.16738514504612;
  -39.19158944262049, -7.790644782046462, 59.31558314669232;
  -35.55522409343621, -9.155289562262276, 54.51940376652706;
  -34.30611691666339, -7.721399012144365, 53.70041174052177;
  -34.51625561313848, -8.752171346198965, 54.01509091337305;
  -33.33222813196166, -2.709662711282808, 52.26475358031208;
  -32.1001941280192, -6.661099576313963, 50.33175493483346;
  -33.61427663474094, -3.89514057225203, 52.70988298705105;
  -32.75689040466506, -8.705086955181763, 51.63342405033077;
  -33.11267663788226, -7.218306508958624, 52.35914560520099;
  -34.55430401043477, -2.321375639144842, 54.6571090412406;
  -34.36498562096161, -2.565446153513131, 54.37548154633147;
  -29.30383642933269, -3.560155135009434, 46.8818576046868;
  -30.46967864045449, -8.26403468991346, 48.71387132470895;
  -14.67218847681883, 0.1786987306030923, 23.97496925793489;
  -31.87025718186654, -12.63209797877034, 51.80333699168456;
  -31.03256354668284, -2.30428909933247, 51.17407023584642;
  -29.90349942673907, -3.750977450274494, 49.3440934276478;
  -31.8247047192321, -12.3822454977991, 52.54706766288856;
  -25.92706330347551, -8.967877552906462, 43.1534259940816;
  -27.30719167316876, -8.098790588089388, 45.43777515456159;
  -28.03911663950201, -6.462411497838856, 46.6560301193177;
  -29.73970274676047, -4.061009515890377, 49.50160435061244;
  -28.93194031140466, -6.937375663332461, 48.20997559702735;
  -28.28606336662512, -7.488138930347202, 47.20968382434351;
  -27.62307233916007, -2.433578228930465, 46.17633615339376;
  -23.91611681086723, -0.9384659408553724, 40.23473601486688;
  -25.17076446130748, -9.037110548429004, 42.6908976733755;
  -24.4210820623947, -8.426052499951092, 41.94515839425045;
  -24.10863277700695, -8.014166607795051, 41.64387006833774;
  -23.32622906496312, -7.959870688099581, 40.7946905210272;
  -23.37616040192368, -8.213147866713564, 41.71150022601139;
  -6.768088894272553, 1.253661684295942, 12.51921837614184;
  -6.644857203531383, 1.620010731201411, 12.41455121947069;
  -5.638813131997939, 1.121843925254694, 11.56763888788227;
  -13.06584990079578, -0.369352479873525, 26.90554974972854;
  -18.83894097368456, -0.2867232913302008, 39.11440016750374;
  -7.575922345165046, 0.3213212110000893, 16.16320525705054;
  -5.439128563899516, 1.440409212039684, 12.0310840161485;
  -5.675642493114079, 0.006866962682737559, 12.78540575680286;
  -7.712438158788796, -3.968630921458554, 17.39322557264257;
  -5.705114272127783, -0.02048694877086826, 13.03547464544017;
  -7.928641274001964, -4.187710355662754, 17.88217684112945;
  -4.97820080288552, 0.8731152539451429, 11.46550416915087;
  -16.10555286316308, -0.4586542346434149, 36.08055777906752;
  -22.26055898935625, -2.713497740089263, 50.56058069669722;
  -12.64191028951654, -0.5318566928214555, 29.31446250848335;
  -12.64559694706877, -2.073123284385636, 29.51082202076761;
  -4.870470270435454, 0.6315257689492723, 11.81100412611302;
  -7.912871438594302, -1.744133086260684, 18.88791649182895;
  -7.735339588542533, -1.474163063265348, 18.49304350640954;
  -8.809043500002687, -4.168267497980075, 21.0882592051431;
  -7.273713931274699, -0.194915140144288, 17.48001612677608;
  -7.462466065413584, -1.090822059350134, 17.9247606145513;
  -7.36093518665239, -1.32503921335387, 17.78447230450968;
  -7.579105611714294, -3.951050379882727, 18.42168629190064;
  -5.051705839986787, 0.08275113745131998, 12.56999868901984;
  -10.37522630796427, -2.725758834423411, 25.48329891931496;
  -7.858595963339745, -3.81889597873885, 19.5329753795109;
  -4.865547206996958, 0.8856409995913072, 12.26097868826233;
  -10.87494566957894, -4.044491555088526, 26.90127648296555;
  -18.03623400731129, -10.52811913247077, 44.7136379378989;
  -12.20050065085803, -2.308260024283223, 30.50884339055146;
  -15.08330204984329, -3.141279435237718, 37.73878198864041;
  -5.0855705233282, 0.1020880680439946, 13.04258338293619;
  -14.09733329853716, -3.232004997251328, 35.55993408040994;
  -17.98338704975046, -10.24229319750805, 45.09935167935094;
  -14.6673596558213, -2.542362243693548, 37.16962511685928;
  -19.43518295739458, -11.44650800146312, 49.0674442673758;
  -14.142246973076, -2.859938557319223, 36.01371877959406;
  -22.34918774443203, -8.27243781378303, 56.95276898895514;
  -15.57078530658887, -6.020460447708125, 40.14381181594344;
  -14.5205172853879, -3.028075435036321, 37.5479031456963;
  -12.77326429175956, -4.612917571280732, 33.08317140719461;
  -15.7679056579598, -6.833284573317922, 41.02078600507695;
  -13.35666129141994, -2.483274696252337, 34.96733996881936;
  -13.80598287199198, -5.471496982182288, 36.1156212819005;
  -12.44738295979084, -2.47146798434646, 32.90448175783353;
  -13.64844127476706, -6.190787310881277, 36.11277177636797;
  -13.77445590176209, -3.008297108321114, 36.50560233397532;
  -4.597184436116396, 0.6162194333250711, 12.49941085798578;
  -13.89293680166466, -3.261531151866844, 37.1297417163298;
  -11.58280886294448, -4.693280267300174, 31.3659628545268;
  -10.8211653898954, -4.233831761551168, 29.48130360494982;
