m=[-164.3972050053539, -15.22299871629031, 200.5420065129169;
  -101.5611691318425, -10.53811696049536, 124.7748076534647;
  -140.3370164775398, -16.99572421105238, 173.2826423455802;
  -79.12501702716855, 1.185406331469242, 98.13281045740037;
  -83.14782712526035, -12.81728791928774, 103.2759387116172;
  -142.1650408662399, -13.75911992823937, 176.294671239734;
  -125.4075935899508, -16.18233968210003, 155.9160578199477;
  -104.8477131792872, -11.17177030832504, 130.9230662232466;
  -102.7405463600331, -15.61733356005933, 128.3905860960066;
  -95.59221005397406, -15.47554043905673, 119.8227774368264;
  -147.0120838586141, -36.99368362621996, 193.0963644423684;
  -88.34247431043693, -5.30760240310396, 118.3055812023994;
  -102.1295556074887, -15.8171013648134, 136.8528255347264;
  -99.61860202949588, -12.97740700147123, 134.0825941336743;
  -131.317973071323, -22.07807709992388, 177.2624477573679;
  -108.4174951585921, -13.01023138010367, 147.1086424674755;
  -121.7663603022052, -22.59756581859263, 165.6333438725195;
  -114.081478888993, -12.34552283560729, 155.7250629921675;
  -98.29785771586808, -5.947226885174304, 134.4226248257937;
  -105.4389955983916, -8.477907185699376, 144.1827582267677;
  -112.1050545317711, -13.63019534870563, 154.6808912571906;
  -112.7959893292971, -18.65322074820062, 155.7648760027653;
  -114.0035521374381, -16.7624724856165, 158.4761586927607;
  -113.583247137516, -20.02537746452404, 157.8985186089117;
  -206.9713455478228, -64.91819787827819, 287.3319616901823;
  -101.653148467294, -9.714761663607945, 142.0048314938976;
  -98.62512922201711, -21.14052854743356, 140.2884382675314;
  -99.43130808521629, -6.422975023216359, 141.9319086585057;
  -98.88985595445007, -7.090381482240853, 142.8768889384156;
  -95.07560762201769, -20.76077348805999, 137.6713081777286;
  -98.02276141745723, -18.44382801355846, 141.9855418064595;
  -86.94860892620717, -4.245626675605067, 126.2491368648224;
  -90.01311029499141, -5.124211914417771, 131.2770131861425;
  -112.4894978032698, -7.5811300832754, 164.6413728454538;
  -82.5629488847506, -2.458834303786094, 121.4605451204538;
  -84.99391854283495, -3.522096320638902, 125.1207791352963;
  -101.8584361463684, -23.61748389052686, 150.3335702951024;
  -87.29575874601247, -1.908228870132323, 129.0650749895232;
  -77.81850604364693, -6.168764843362813, 116.6874357110481;
  -81.46474003321571, -8.750216202396413, 122.1534432117644;
  -82.29710463397375, -16.99645475652248, 123.3778018348729;
  -80.60730742307295, -15.30298192586274, 120.8717203083315;
  -61.99145448207919, -10.78054683001408, 92.83947464761837;
  -85.80994487005218, -5.542058927275394, 128.7661480358993;
  -80.79725483633405, -19.58316933132958, 121.9330824456967;
  -88.3063062967052, -27.49971360808397, 133.4270723046478;
  -84.28882598372036, -5.983688240914052, 127.5385121533379;
  -72.42596975482852, -15.74097799403685, 109.6409400177292;
  -84.20539430717727, -16.73865043773821, 127.4429574932142;
  -70.06468933240733, -17.22713370299111, 107.0101720109669;
  -76.11389290686822, -27.28360281029992, 118.2817595808036;
  -69.08681003367543, -15.54961256740537, 108.1436920902447;
  -76.46994338757394, -19.39022745872306, 119.6691492413223;
  -60.97321625206898, -12.65252986705904, 95.60343983430956;
  -70.03270872706763, -5.693139344198325, 109.8109088204704;
  -72.73407380806567, -8.428247466202055, 114.0528639438985;
  -67.8981706347703, -18.043821381448, 107.0252698994753;
  -80.6372428270235, -28.41073306290836, 127.0673702340634;
  -68.41230220818649, -4.595973101236275, 108.2128194631261;
  -70.76111281597049, -15.42537339419814, 111.890423405965;
  -67.90350090128514, -16.20515395043703, 107.4230978312107;
  -70.51710890802423, -5.264307333060804, 111.5787387901611;
  -57.12836188759072, -6.940587162341559, 91.3970337522811;
  -58.59479869580072, -16.66804578693922, 94.41603113450029;
  -27.53625530250001, 0.3353755900760012, 44.99539215974018;
  -62.34864521108729, -24.71251457607214, 101.3442678047373;
  -56.26590563253523, -13.87787616866057, 92.7581000238645;
  -58.37845766326234, -4.334828588264561, 96.2686594752663;
  -62.41293187479958, -17.4959693526674, 102.8713820684671;
  -57.92744887980186, -17.18017302528893, 96.38832249689067;
  -63.35003560674444, -14.60081655770727, 105.4120644144734;
  -61.05777308965, -21.11919218586273, 101.6255509367479;
  -61.08808301820719, -14.64785893682663, 101.7925158104947;
  -61.85138270321326, -16.37384957788824, 103.2304914144565;
  -54.86177545122961, -4.83329372994155, 91.71013832580125;
  -50.79235319734016, -1.993086666558716, 85.44936197753741;
  -59.27138103031835, -21.28032398668043, 100.5272790349544;
  -52.06639292592996, -17.9645668097783, 89.42818719971412;
  -50.42367648955821, -16.76178604164905, 87.0989678892836;
  -42.73172199299417, -1.202944354701521, 74.66538553622662;
  -48.81584104065695, -16.65797678365841, 85.37287026682154;
  -50.91872370157967, -17.89014961203773, 90.85736573795377;
  -47.85303883631949, -1.161551614155446, 85.84094173108963;
  -13.79099453010367, 2.554523396605617, 25.50978198478618;
  -48.81386942483456, -2.109568832858567, 89.36016816408692;
  -44.68152051695073, -0.9407113494038647, 81.89650714925296;
  -13.25680487241117, 2.666015593348824, 24.92087568254352;
  -45.29698669109516, -0.5739899029346628, 84.67789539014585;
  -43.2236082957056, -1.532232596678439, 81.30673250585474;
  -41.22797063871551, -1.116884623106094, 77.88803158471774;
  -39.63270885209622, -1.073652349456126, 76.02839673240068;
  -35.90781635497411, -1.219475091972569, 69.29719020177974;
  -13.69940957971841, 0.006406841517123064, 26.93248662063533;
  -11.71625751960104, 1.487540082127311, 23.56093178637761;
  -11.6388641127923, 2.145435296742051, 23.71233932839163;
  -12.27780397049593, 1.979690822861344, 25.06271688821689;
  -11.53797395612877, 2.295484118631129, 23.66936323264858;
  -11.38736339379699, 1.38530030962084, 23.38013249040396;
  -36.12142272482555, -0.7998419678503411, 72.92898643392994;
  -25.89970830590047, -0.1897202053126477, 52.43091879529208;
  -33.18094057479544, -0.5111150542333609, 67.63530294315704;
  -38.17629379087496, -0.8750193474425421, 78.1168996101252;
  -33.46608411605001, -0.9460372845065533, 68.91426106602856;
  -24.75814403244198, -0.4187279064118628, 54.99642762585576;
  -30.4259594293195, -0.8664710397656859, 68.16193126061523;
  -15.34362074588294, -7.89544972491643, 34.60320215729699;
  -16.17727567010542, -8.544433088712196, 36.48606291333827;
  -11.97047700554, -0.04298573831789176, 27.35104715813941;
  -30.44236894592175, -2.950855227632026, 68.99865205825755;
  -10.1517512142049, 1.78049242895963, 23.38092625817394;
  -45.75066112775999, -5.576873232928485, 103.9138323068792;
  -27.65957569963134, -0.9024803884815997, 63.40156138106877;
  -25.01054964170044, -1.052216628139856, 57.99525570088726;
  -21.63586747946977, -2.136447096628621, 50.43090371936979;
  -35.66510489012138, -5.196466246408571, 82.95172575538057;
  -32.36984836960341, -5.306723490235269, 75.54098379642163;
  -17.70637827252234, -0.7608015523104205, 41.87682615609138;
  -25.49970140176351, -7.360376091426165, 60.06036191720023;
  -21.31613052945428, -1.547399292484454, 50.42867995771426;
  -15.88325267419123, -0.9547825054993695, 37.72356307433851;
  -28.47798359102256, -7.121842814294532, 67.45909885549513;
  -15.0028327436876, -2.859166248867854, 35.86759643485491;
  -24.7408013835694, -5.846882148295967, 58.88423760752507;
  -17.26591769409049, -8.169895352095209, 41.33344871637151;
  -14.30594672871897, -0.383359262939326, 34.37971054258706;
  -15.07555958880827, -2.203662008291906, 36.21132671037685;
  -9.952591997747224, 1.290495160717558, 24.13526797698779;
  -15.02637842984423, -2.704892809047173, 36.30465480897411;
  -14.8554868315313, -2.961542744161241, 36.1434817232829;
  -15.58574781749597, -8.12497911889438, 37.88253807610474;
  -23.66116113538205, -6.216213225920273, 58.11578698077829;
