m=[-88.22783738555624, -17.52339142978581, 119.5509729360278;
  -60.50334599808816, -6.921965749166786, 82.42196674786122;
  -53.03438537011837, -6.713812625912116, 72.60917865637886;
  -59.79768284602022, -9.935582053926357, 82.05259494490431;
  -72.50797279586743, -13.44654983106258, 99.81347751534443;
  -42.42792655190159, -5.503131901373771, 59.09029669341529;
  -42.68052361565324, -6.807473236859631, 59.47885152939066;
  -45.45455384167514, -8.135703870770664, 63.35021165031065;
  -42.33923883215722, -5.285296412116824, 59.48165528272049;
  -55.98012086885827, -11.00078439555259, 78.50676453094289;
  -34.74835667880753, 0.1933291483964034, 49.71544618745099;
  -43.58149802349457, -12.18597582409345, 62.81413422856969;
  -49.72114411958184, -8.037865652839054, 71.71169816358899;
  -41.5599294960749, -6.523779923799184, 62.0848936807896;
  -43.491189347942, -7.571388199714325, 64.98017336374318;
  -41.41567670862219, -7.605024719915741, 62.08203485897379;
  -45.07869472638379, -7.082455883114172, 67.87563437564873;
  -51.87751989858194, -10.26620348854192, 78.46798658527845;
  -43.93372939150181, -6.421006163087452, 66.74263658770967;
  -43.45351962733223, -9.442788723016795, 66.23142452386527;
  -38.22648488879995, -5.100465243819924, 58.45253272004293;
  -42.1480452401392, -8.253525422802252, 65.24167959095612;
  -39.87694011241608, -8.291137546282251, 62.1625391323436;
  -41.08413930985461, -7.225592616475377, 64.04066754623376;
  -41.29573526964458, -5.024363415694861, 64.76979838936522;
  -39.66147442371644, -9.50176028267618, 62.48164904243158;
  -36.58677324350411, -9.156466316972555, 58.39502593916212;
  -40.25336475657559, -3.496058146522678, 64.4659658941727;
  -36.3160626836098, -2.210387786083838, 58.34389314454373;
  -37.47089450779995, -2.820300528231297, 60.39580730451368;
  -39.01476503740749, -11.98869270415924, 63.20157675027266;
  -38.4224654589723, -3.629194828037473, 62.32972867099356;
  -34.76000548998685, -8.891626382074168, 56.53358890904386;
  -36.77419231272398, -8.155664511762247, 59.82531510797109;
  -38.45538758306228, -2.690149938780643, 62.65855607214644;
  -36.35074755574069, -2.861378574678369, 59.52102153670582;
  -37.49113364419546, -3.369186916355135, 61.69889481497479;
  -34.23072355234866, -1.674651552648051, 56.5401045420333;
  -34.40941994695552, -2.126917910004118, 56.88426398912777;
  -33.9926518378712, -1.42738464730294, 56.46426925254478;
  -35.26346706910186, -3.667691657842207, 59.4179167923724;
  -34.03664979901695, -4.591271582008089, 57.37054788128277;
  -31.41949296316786, -7.062535458503972, 52.96781628854181;
  -30.75406047077879, -8.311983889191415, 51.84690490612092;
  -32.56368465130073, -7.899455751901409, 54.89496693382375;
  -32.07781597101088, -2.801813844500597, 54.12664546122294;
  -30.50492502698493, -8.627468360287221, 51.78442541275778;
  -31.64748945192424, -2.993524506260613, 53.86818772351637;
  -33.73278290998411, -2.940144320818714, 57.40352603247689;
  -31.76944616131838, -8.065381365387717, 54.08948912982341;
  -30.4978334255398, -7.166551541441422, 51.93791058907535;
  -32.97589590060234, -11.83493265402086, 56.09149174312212;
  -29.67535954979323, -8.545891286083958, 50.99201920198545;
  -26.46148914911382, -9.615664670151558, 46.27259924967878;
  -28.96006332827288, -6.805950550339421, 50.91568135570478;
  -26.18378684940621, -6.422466850329416, 46.21131288805837;
  -29.62290697605606, -7.854813135416712, 52.2361927959247;
  -27.74048053722644, -8.236014553875588, 48.94174425789196;
  -27.50529775993097, -2.929711024680668, 48.57844400647813;
  -26.76461433136572, -3.89032379815165, 47.28767612283007;
  -27.59410307556938, -4.291417718767228, 49.05310908572203;
  -27.04527417411262, -8.396180885956746, 48.04920138939306;
  -27.40320224477909, -2.492453297281912, 48.84748760140072;
  -26.55032696874871, -6.841740687560942, 47.33414843649094;
  -27.93021059684032, -2.776846140767507, 49.81178880634673;
  -27.47443133393533, -7.709921106454261, 48.99752522375628;
  -24.78379235409331, -3.90249852550279, 44.68584838759148;
  -24.44821684526667, -3.66094076783106, 44.08872894641268;
  -23.29745228603343, -7.742069122123641, 42.3423643122365;
  -29.0780190761377, -13.30096513330934, 53.41078233601565;
  -24.97455974011104, -2.479219137671996, 46.51017996883226;
  -22.38061716993796, -6.070131328678412, 41.71520216348955;
  -26.40058715353387, -7.695087141886104, 49.15822359437393;
  -25.50671783237849, -11.44059137048058, 47.65796750584055;
  -22.49628372301737, -7.803137430659025, 42.32092484853412;
  -22.56706490405654, -6.172528961843112, 42.47245762026314;
  -21.24408404697261, -8.552441219977874, 40.01551391338756;
  -23.15374876358627, -6.573493339177804, 43.63409556831815;
  -22.0808666571997, -6.853309197551431, 41.69008908518062;
  -22.02907485916784, -1.324088393730195, 41.89021848276065;
  -20.94540736020667, -7.779841226567558, 40.11719031703132;
  -19.54118219851634, -8.183401720939195, 37.57394022856216;
  -22.14349011955642, -6.323513555774288, 42.54371979863917;
  -20.55293193975411, -8.267831382914066, 39.98885197575905;
  -19.46693536859338, -7.785336209657604, 38.62068468341192;
  -5.890894954743868, 1.123725180807533, 12.16706941657655;
  -19.41455978681028, -7.999259964049112, 39.37793038937053;
  -4.836269366624545, 1.010141482293135, 11.17960123647377;
  -12.87650315716917, -0.6749898000327776, 30.45127071287421;
  -15.03851412916436, -0.4756102058804296, 35.52958362668868;
  -13.2632796404169, -0.667925780518234, 33.4740202332199;
  -4.295315543895531, 0.8045713004046157, 11.28159484057154;
  -4.698411846539426, -0.1208031430521324, 12.31522904197706;
  -5.303000050633348, 0.2631753182552252, 13.95494543740233;
  -14.16603330692257, -0.7947714642277689, 36.79307612262996;
  -4.062711876200849, 0.7609857713470327, 10.89132303606272;
  -16.62445580797327, -2.723907560147398, 44.00158395130386;
  -10.79486176818469, -0.6565381337611623, 28.75159664988103;
  -10.08133112849138, -0.7198588410821513, 27.18292939248738;
  -10.16876193624441, -0.9469263862207721, 27.49972244274803;
  -4.0483505104641, 0.5274850792956078, 11.31883545563132;
  -7.296850351233225, -3.747861278855217, 20.20292977966059;
  -6.736949563390695, -1.652555586713994, 18.70422600927277;
  -6.527800645877424, -1.262739136257246, 18.22033770788637;
  -8.829336125992867, -5.041166663896116, 24.59104694121049;
  -6.373047487317614, -1.483018632298313, 17.90930808109279;
  -6.477505710899212, -4.122904005889315, 18.38512392343518;
  -5.997334920135453, -0.3138181245153091, 17.25279996440538;
  -8.494933808141338, -1.999786618105221, 24.370685692895;
  -8.051295449670082, -2.669333514954241, 23.20291687146409;
  -12.11661460664468, -8.414887979027274, 34.67422132047783;
  -9.149628514181634, -1.899063549129257, 26.38004539992855;
  -8.170896402854631, -4.809368118086746, 23.70143621249275;
  -10.59120139622078, -2.742610587727632, 30.47500937437644;
  -5.939053461791255, -1.192427701000348, 17.34985435305632;
  -8.705280356460339, -4.398289275386866, 25.44837564109749;
  -13.87635519581675, -10.01700803901952, 40.4418386526139;
  -4.448860973462631, -0.002686650259217425, 13.28825623687056;
  -10.17668585901791, -2.49617069824726, 29.92228350676077;
  -9.971119729135285, -0.7467252597544892, 29.39300920049116;
  -13.62716441173017, -9.659911774995315, 39.91816717828346;
  -9.522427312535188, -5.574209458385688, 28.24696267022233;
  -10.80287680324603, -2.904136295340652, 31.88741334160863;
  -13.08708817528173, -4.248666109868191, 38.69663036314629;
  -10.63985217062345, -2.247946769932371, 31.64374228090205;
  -11.94810969934689, -3.50802457948106, 35.53228184245914;
  -13.3813108194609, -9.290620016977014, 39.74088983078642;
  -10.66988127456774, -2.633408481937554, 31.92419090160417;
  -10.79152202987308, -2.459209016474938, 32.30451928745656;
  -14.43335945623141, -10.35807093683737, 43.18254830521956;
  -10.56637144010694, -2.771319696571864, 31.8082323892111;
