m=[-121.6563475967208, -6.156061544230787, 151.2137782159525;
  -65.53125165974601, -3.674277301244657, 84.71024173506949;
  -60.9653759301802, -2.770914020118249, 79.96015254143273;
  -73.91615664568163, -4.233166472190291, 96.89206752261882;
  -61.97617207900522, -9.816680067210923, 92.18013907333946;
  -104.8883063575281, -18.54468882210658, 157.2376440742413;
  -52.74584532904377, -6.913614522167729, 79.8509548190726;
  -84.53315631555667, -18.75076286692155, 128.4881827708665;
  -44.17072728409401, -9.435249504978685, 67.50615334497557;
  -45.48952584970213, -5.967417421828071, 69.46816738444737;
  -35.03102711244976, -0.1757719057738313, 54.07645161836526;
  -50.51500837525303, -9.474089625464711, 77.71475846629855;
  -42.91780851829407, -6.743949476726543, 66.44753803734858;
  -41.6262341782773, -5.677783478373933, 64.56493881812924;
  -38.07473950568691, -6.877152331525493, 59.43179031663736;
  -39.48879981314289, -7.977577363520076, 61.66010082816209;
  -35.19917518642433, -6.930372624109416, 55.415324467923;
  -34.20355638156537, -4.374380489578845, 53.91422952047372;
  -36.45270123336198, -4.924707767913789, 57.5204737173903;
  -34.82278835236974, -7.172743479059765, 55.12129255492497;
  -40.27564613007736, -12.60163111617295, 65.17637005713065;
  -43.47582769569284, -7.939250375844489, 70.45127575234837;
  -39.95389582439042, -0.9976833469973293, 65.2423218722121;
  -52.09088359469386, -16.76881620266268, 86.26041437756496;
  -37.52443799096517, -7.072423057349414, 62.65324644355665;
  -40.34522933187376, -7.997726613639265, 67.74314249232982;
  -37.03902301285118, -7.722057260309962, 62.43475176907121;
  -35.80793033706375, -5.739012649913573, 60.5514677383976;
  -38.3610730476812, -6.492890864729964, 64.90064416583877;
  -42.06651927479368, -6.201079753703243, 71.64380262642744;
  -44.33454550205362, -9.925481952898082, 75.53624062808311;
  -37.97948550377699, -6.368085587894192, 64.959225224596;
  -41.10863072610623, -10.1078977309149, 70.57883458796486;
  -34.77257168131605, -5.35482816992561, 59.89483639443453;
  -35.1958590077101, -3.417008950631938, 60.63374517878825;
  -36.34665402620001, -4.391934636359585, 62.67079819347313;
  -36.69833420417109, -3.70694763242822, 63.88422600682711;
  -35.83888153172372, -7.975371685808359, 62.53034790037877;
  -37.01732902861381, -9.83842341225145, 64.65815440432014;
  -36.70366334419126, -7.390497378470895, 64.51305960332522;
  -35.53335075910238, -8.031945418181337, 62.80008632439492;
  -36.65891004297577, -5.182015318350828, 64.83549339913013;
  -35.09445590004508, -9.521552677111163, 62.37662158315121;
  -32.97480987647949, -9.361045682247374, 59.42002176566807;
  -33.60137552993692, -3.470161385737361, 60.75822919220889;
  -32.55637083172432, -2.440157416336828, 59.02101818707575;
  -36.06865847422543, -12.51735556811837, 66.0222672891919;
  -31.78093868234807, -4.912503169051924, 58.36662388490547;
  -31.45175773731203, -9.145258358245235, 57.79534183096296;
  -32.45145033779427, -8.182209512934616, 59.65052387054808;
  -30.28402457235139, -2.871901043950493, 56.04617177504869;
  -32.54422405548576, -3.460940471711986, 60.55978087326611;
  -29.38895587422784, -2.614707216255098, 54.88557195252869;
  -29.91861583837926, -2.275142542740118, 55.91204755712013;
  -26.03481942347483, -8.001437771634395, 48.89721680044242;
  -28.7102876340271, -1.565691295891664, 53.93237156342457;
  -27.69050550813992, -9.744084796029098, 52.13496797500758;
  -27.11230239215918, -8.355191997139038, 51.76422833134483;
  -27.45076258656399, -3.339371776931275, 52.39728773956222;
  -27.2429979538561, -7.013326060245496, 52.01559523268212;
  -26.88013099166139, -4.5265111199109, 51.69420966510217;
  -24.49107271458557, -2.564461764558973, 47.22450883816214;
  -27.77000909445498, -3.140393968980042, 53.54579951637039;
  -26.47753719805933, -7.12292748273568, 51.0981584776181;
  -25.2343707822154, -8.637714410503499, 49.39932177080638;
  -26.26177516632251, -4.397427150252881, 51.67492927471243;
  -23.4068919484806, -9.676892146519073, 46.47731895079188;
  -22.47135214159103, -2.252106322954418, 44.92061915382229;
  -25.66826421186925, -6.934980944635947, 51.24720713323667;
  -23.80235899504342, -8.098346675180167, 47.70466794129167;
  -25.01541136933558, -7.563499427312208, 50.11346201472648;
  -24.30165840010719, -6.858543084941384, 48.72903953662797;
  -24.66532722028609, -4.201380595043907, 49.46738369584716;
  -26.18508762995369, -3.311421006406477, 52.50155913298129;
  -23.58858496247084, -8.36529123952096, 47.6257895671577;
  -23.28839847043676, -4.23312299928406, 47.04459514678678;
  -23.39240680758004, -6.923126407350165, 47.39474586537202;
  -23.65811920575161, -2.825117558433063, 47.95040254917014;
  -26.33655257787327, -13.71176750272549, 55.16986180879167;
  -20.30181651097527, -2.124182692141393, 42.8992224780389;
  -19.81117501515632, -3.652192394174652, 42.11028007389751;
  -19.37604482473768, -7.953511684643057, 41.26907221446399;
  -23.59846670367497, -12.08798766236485, 50.32671113252732;
  -23.89750596220995, -2.788605162461991, 51.01799336683629;
  -18.69785801629535, -3.715772498014641, 40.1536531072108;
  -19.79376468471978, -7.880862284566496, 42.48139269936829;
  -19.54403219722437, -8.989665579955499, 41.93900853985389;
  -21.55596821407611, -6.808627907066211, 46.26441318652378;
  -20.2049352656894, -6.623184341859253, 43.46367322838778;
  -20.63341710728683, -7.392171400596681, 44.45465681899773;
  -20.61481567967109, -2.825845363255152, 44.44429182797686;
  -18.41658329063598, -1.398780839178777, 39.909429572409;
  -18.49421839611965, -7.895695528972451, 40.46445507773068;
  -17.95356958850953, -8.60896394360598, 39.39416232047189;
  -5.754627525906084, 1.206150949804319, 13.26345935767765;
  -17.89904849194473, -8.020828500337366, 40.10302353833163;
  -17.28950351899511, -1.076280628998358, 39.19199222271781;
  -17.01231767934852, -7.852135091209032, 38.68045303592114;
  -5.361421716349678, 1.538485299965686, 12.63531472147165;
  -17.31920563051269, -8.250703866940878, 40.34085832063948;
  -12.24207675935647, -0.6581334609358442, 33.36686445379002;
  -13.00808892913192, -0.607982858204545, 35.87622945858171;
  -11.40620647079565, -0.618119918681692, 31.87239681144577;
  -4.235961148957864, 1.391618225888783, 12.33993652311684;
  -12.46062697682318, -1.706190572646182, 36.06787602078294;
  -4.3834187024015, -0.1460988014333538, 13.14075790970821;
  -3.674883386612074, 0.7676614803655389, 11.26690649488294;
  -3.941938635904271, 0.841474157876025, 12.05762738366069;
  -4.447388843043808, -0.1765896345064218, 13.60059162377334;
  -10.72215578489327, -0.8238295640447834, 32.96554561718908;
  -12.1358312474309, -2.479287119541811, 38.20805530339146;
  -8.194133414355123, -0.7824213419518653, 26.2537347596139;
  -7.76443602487356, -0.9491835472642851, 24.97596163627397;
  -8.781868668645528, -2.165002232877515, 28.30776384826132;
  -7.442674516963017, -4.611306348938963, 24.47654505322646;
  -5.533192507602108, -1.682786197043925, 18.25298750113489;
  -7.603717208983416, -5.230563379859192, 25.18220141350003;
  -5.609068628187797, -1.364810541734908, 18.59899297218029;
  -5.564845145220715, -4.405494951590462, 18.46470752256913;
  -5.349773455024188, -1.551783313478055, 17.8728027513875;
  -5.490168070738201, -1.742559621863635, 18.42873654090434;
  -3.943265551750357, -0.1627835860504331, 13.49137545353153;
  -3.959674146842309, -0.05399813788973219, 13.56697865263697;
  -4.425545942732383, -0.3258382351532225, 15.21751662240221;
  -10.67760473646514, -3.948727328862526, 36.43546289528599;
  -3.580392052914209, 0.8014268329827543, 12.45574057842072;
  -7.086881496819765, -2.087230595256457, 24.3720439684732;
  -7.151985390307185, -2.91141367494478, 24.68934045698365;
  -7.274030187743243, -5.19994391963959, 25.2655611944869;
  -7.165990571499379, -1.856622274068458, 24.80191032332564;
  -8.698836833819399, -2.810069806859293, 30.11010478597025;
