m=[-196.1784182128465, -10.99954435139103, 253.5938320894602;
  -239.1614139272328, -13.69673593462647, 313.5017419550351;
  390.1730296998458, 48.22907599946222, -517.043458873439;
  847.062352893054, 116.4165895321439, -1122.613425497656;
  442.4868514284747, 48.48195822080393, -591.2529947770254;
  -234.4944007611056, -21.65526894134488, 315.3135824094853;
  357.4341064490381, 45.71186808872073, -479.7220124148136;
  -418.3858364574123, -43.66553988625963, 563.961919112296;
  1400.667282892586, 165.2133121934244, -1902.89907092802;
  722.1554171539991, 86.39521611314078, -990.0902524727713;
  225.3898764004884, 30.64968341342345, -314.1473313324595;
  -128.0595311137766, -2.930044824931065, 182.112635851743;
  -443.4780444889594, -40.82007433174081, 629.4716497031401;
  -144.8500463263401, -20.591296043924, 205.7468420959453;
  -138.9220249585518, -15.9394962081061, 197.3707573701862;
  -597.4768897421888, -93.09828226193366, 849.0289885123784;
  -535.6536423344558, -37.742942044887, 761.9435604145813;
  -406.5656745822184, -67.92529970418119, 578.4952701602374;
  -270.2085461690712, -32.40270411657855, 386.7651242724394;
  -690.8906522972128, -57.71296125801889, 989.58745602037;
  500.6766834031919, 96.9458051634947, -717.506118965863;
  -232.1226626169699, -21.28181893596709, 335.3992617109668;
  -220.0237191356864, -18.28626681970421, 320.0130181718939;
  -433.752687401014, -69.15082869972419, 634.4708674190924;
  -257.3664990235971, -28.32116008235589, 378.0207466368904;
  -393.1382876671555, -62.63970786379377, 584.2794285668084;
  13.13992184554716, 2.342018747068496, -19.53419557865326;
  -198.071799837853, -26.73819508689904, 295.3585926540198;
  -192.7932499370315, -42.76452778384122, 293.0406885841067;
  -137.7030187768778, -18.06418901798334, 210.2896475408852;
  -143.9592418300731, -30.75093956407252, 220.013009790465;
  -144.909097802328, -17.81320042005996, 221.5452706892714;
  -150.1533914591737, -28.16126798760674, 231.0033181319217;
  -88.03242975802921, -0.4417120828001793, 135.8932872101077;
  -113.060783555036, -17.76596332427519, 175.0464661447794;
  -197.8227370376856, -41.40231840750857, 305.8213813443673;
  -104.3345859457334, -18.26132470448232, 161.9434224817917;
  -91.52759261746229, -16.53193705695821, 142.8676535479684;
  -105.3261863773973, -21.27812960146146, 164.4624121930036;
  -87.03852925453927, -12.45143235301666, 137.0243354436711;
  -76.04578139034086, -9.725689887849633, 119.869105604245;
  -95.84176260904576, -18.87030375894436, 150.8871257473759;
  -90.87941932786956, -12.27767949053515, 143.4030147021369;
  -70.32031458266998, -0.07552760447259735, 112.6397494973937;
  -98.33074005012833, -30.76617838705871, 159.1244664530071;
  -95.27795347024342, -17.39899084136963, 154.3950679912309;
  -93.50063286661778, -17.62254325892494, 156.1147483416324;
  -124.3577850962281, -24.65172670840646, 208.8075169063132;
  -94.23045304858881, -19.64557633860061, 158.8393663389687;
  -83.21304492397994, -14.08441360703627, 140.7828246059354;
  -103.5607810817645, -18.60681598988604, 175.5079709846376;
  -126.425259391073, -28.30369898386416, 215.4006251037256;
  -98.68139500311244, -16.54607904707187, 168.7823539064797;
  -95.62839602526269, -23.5133603362989, 164.1830590259289;
  -66.88082802532503, -10.29936310780239, 115.2004599836242;
  -95.65040486926219, -9.661774834199751, 166.5076144414736;
  -90.58071579834979, -17.09474056804427, 157.9121026862967;
  -96.89047714641859, -19.70817158873567, 168.9414707819824;
  -94.28431209014566, -20.98147042881503, 164.5037619638332;
  -98.36925768746522, -26.14446890887403, 171.8215446413763;
  -91.7143372949093, -21.67170941542313, 161.1778962246199;
  -95.70667519293717, -19.27109905849516, 168.2210950786523;
  -97.64394057550803, -22.07140008932933, 172.5716197936999;
  -89.9061942251976, -12.70892329159331, 159.0094319606109;
  -89.57318192612929, -24.30229357580683, 159.2066988848159;
  -80.65848866608356, -22.89771494945923, 145.3451640836652;
  -89.18739459943755, -9.210773307710184, 161.2692360555507;
  -81.57915489303014, -6.114501547474077, 147.8937812053661;
  -79.0034004959071, -7.18367614775407, 143.8156811778599;
  -100.7406161963781, -34.96127015598655, 184.4017540643505;
  -83.28795565563922, -9.360399590495689, 152.6823439113357;
  -119.811608384588, -19.80985638430153, 219.4357996004934;
  -83.52365399409905, -12.91057570822175, 153.3936346843731;
  -81.0807077700543, -23.57591669819023, 148.9928563168181;
  -82.75276210234829, -20.86502853485321, 152.1117102550872;
  -78.84623549406831, -6.70139545346144, 145.1682895444405;
  -79.86481555351185, -7.573757134395145, 147.8045680685815;
  -82.86270627653342, -8.812098062596034, 154.1947144327997;
  -73.49268130505993, -5.588705263653703, 137.3434624925945;
  -76.08121404640619, -4.149024772296238, 142.9188156263577;
  -68.80387025783413, -24.21157482626094, 129.542148350968;
  -69.33741446319449, -8.434862390930771, 132.3494181733054;
  -65.77662849244226, -16.93326643207545, 125.588618742641;
  -66.04843218924012, -20.35413016825574, 126.1031274776547;
  -68.72151085292067, -7.208698142606245, 131.2732421752227;
  -64.28213354052548, -10.82486511591221, 123.6234336058433;
  -67.51523693167827, -7.635015248044601, 130.1820726362583;
  -74.86874639632451, -7.839511144789214, 144.3644309540476;
  -66.7201001731262, -19.35509686166216, 128.7251142406343;
  -63.40530843972572, -17.057153414924, 122.363891880882;
  -69.95104558118665, -28.43185514603066, 134.9336483606137;
  -62.9274031061119, -28.80234776081328, 122.5978596188872;
  -56.92926118397465, -19.4868619452442, 111.4458892465614;
  -51.09403095139057, -21.12332675076106, 101.4536051277649;
  -60.8667473931414, -28.48823044846114, 121.2642673711149;
  -56.37422535944502, -5.649893632732431, 112.69304541654;
  -63.85002688005647, -17.25082444503319, 127.4778662856336;
  -47.72397170846489, -13.46891272842459, 95.69483966643374;
  -56.92511231451972, -17.21151205685684, 114.0382787050482;
  -55.93214040169569, -7.073295582466574, 112.1449207362852;
  -57.00135970424966, -9.709354528878393, 114.318699545005;
  -55.73183205743759, -27.83326871523269, 111.6563937246657;
  -55.34834840921393, -10.06064744730541, 111.8084889461245;
  -55.79707554059816, -19.78748568230196, 112.6553280914133;
  -63.90811848409246, -29.43509456112962, 129.2324490755948;
  -51.98522285033293, -5.714539466130375, 105.332555375376;
  -61.59347237165868, -29.78154625224299, 124.5905128593268;
  -55.22747291069227, -16.34490966510272, 111.8949437276719;
  -58.23159284101392, -6.953684439576186, 118.0241038403071;
  -45.28713775371043, -16.31823592424298, 92.84980883536699;
  -45.75128218987711, -8.02104291137338, 93.78881535280669;
  -27.46901411994057, -0.3702368207379537, 56.77949819484586;
  -62.12269838584103, -32.34333705559644, 130.1347499830161;
  -40.07991170462207, -4.8033555370986, 85.15919480163606;
  -47.50901802688769, -8.758292941219395, 100.9843209005794;
  -43.64341286092073, -17.91482200246889, 92.95618240640545;
  -55.51448400158105, -28.43652539464181, 118.3916495550871;
  -42.77241467737122, -8.500041127349597, 91.85376742170932;
  -45.04115303247409, -17.93307790816743, 96.66735661872211;
  -48.44404665004939, -15.30144620167694, 103.9728472591449;
  -43.79158807161418, -20.14281024541542, 93.97118095057274;
  -46.54097981275969, -15.2561482972977, 100.1162296097938;
  -47.26739997440411, -16.93411810823901, 101.8375208363507;
  -41.94786619412975, -3.186034594517754, 90.90260582909922;
  -41.17969614839007, -17.58075609356419, 90.09918284844876;
  -38.96002193653749, -18.68182382563143, 85.4870347988842;
  -20.65687890883651, -0.5853496791176289, 45.63336322131002;
  -27.67012944902673, -1.272958288543898, 61.35712687655123;
  -41.37155756204433, -19.13508947364325, 92.06910790282214;
  -14.22630384834603, 0.8129834718034013, 32.2576864376785;
  -40.73468404976118, -2.535755368739154, 92.33772495081438;
  -10.98352662183535, 2.302110954616794, 25.31520212157364;
