m=[-51.44128967914568, -3.349732476569745, 74.5494681534707;
  -126.0203980601134, -14.95722409335367, 191.1188807728228;
  -72.67090853177008, -13.08375763599847, 122.1085413196684;
  -48.43140623252846, -6.990383922583149, 82.31453306644912;
  -46.01242710467807, -7.562969735789283, 79.71708806876919;
  -28.30713226119386, -0.2980264393619061, 49.28672056518384;
  -38.80808421833939, -8.201100493668271, 67.49018795368782;
  -35.2199513717491, -6.280366789295576, 61.6050071279711;
  -34.98762016648536, -5.876567840312682, 61.60544528565254;
  -34.7847857844647, -7.912431312538837, 61.3766023247743;
  -30.86322343486514, -5.021585525266477, 54.88078922703967;
  -30.12473082608815, -4.404111214705656, 53.59939932996572;
  -28.6990481710505, -0.1821209910956963, 51.9159685427518;
  -12.31203314927763, 0.614589386924541, 22.92135480559757;
  -41.90729334374682, -8.661104902568894, 76.89860175253784;
  -32.68281190777696, -7.01251380563524, 61.93456278027746;
  -32.24113470953487, -7.253705524644858, 61.52961769592029;
  -31.80556447949969, -7.532884842911685, 60.89521810555134;
  -34.53931105827636, -6.684090813429818, 66.34960280354558;
  -29.63426716487625, -6.075922323034515, 57.08739150368026;
  -28.95205865913828, -6.692062840780745, 56.09177392177953;
  -37.03141153058927, -9.399124840457205, 71.7975766146854;
  -31.69877845575599, -6.074499419345314, 61.65575345207227;
  -37.37638181169801, -10.4195457315999, 72.99978446107383;
  -30.41831413642784, -7.713881000915129, 60.454261161356;
  -30.56880716328429, -9.22838546401162, 60.84660781586486;
  -32.12899327183085, -10.16375349016011, 64.79057609157792;
  -30.94387575243797, -5.104811614969002, 62.46704846154863;
  -31.37746490062288, -8.561894287839476, 63.48532379328666;
  -30.97270900834765, -9.566441395139414, 62.80841304382569;
  -29.15555844476839, -9.432602398941693, 59.98933277335459;
  -24.44393352439563, -2.066883172823115, 50.70679992821204;
  -25.80668939095033, -2.771475026759036, 53.64909254887009;
  -28.46769830182977, -11.21143411126561, 59.61779143037377;
  -26.59194820959888, -5.089624225825272, 55.75804601232927;
  -26.42526462865867, -4.729080106103549, 55.48809593096468;
  -27.79249045027451, -8.006620556390255, 58.42078349902288;
  -25.39599010923144, -2.536631920486391, 53.47044727915249;
  -24.97245324367043, -2.79670728751957, 52.86191906730836;
  -25.5241039587779, -3.19701709061877, 54.36489113856484;
  -25.27190496737687, -9.553823382275807, 54.02213716927466;
  -24.0852787699586, -2.183039890618052, 51.51211895928658;
  -22.82230435212237, -9.167276119861914, 49.22913667007583;
  -22.01696488576697, -1.511321995413571, 47.38844513387603;
  -23.74563351569357, -8.971439979028252, 51.99852455628438;
  -24.01593401863021, -8.474436491595753, 52.57849125234767;
  -24.53072377971294, -7.782058502281409, 53.70911337353541;
  -23.33602718934024, -6.905933334191239, 51.08945637992699;
  -22.32990694141188, -4.063751098530384, 48.87341640902532;
  -22.66694373216734, -3.234623885990446, 49.60258923332771;
  -21.23311246188467, -2.632692024728352, 46.50068144409492;
  -23.64931546349257, -8.726923240356367, 52.19578929281891;
  -23.06141303966508, -4.5099775159986, 50.86813714866241;
  -20.01610458542767, -2.480537688254594, 44.30786294246159;
  -22.08983635270569, -7.323147791442515, 48.90982058326279;
  -22.39418753459567, -2.985122736303479, 49.54671605777078;
  -26.17920901742448, -12.15780452242823, 58.0049229816783;
  -23.56884957221807, -8.847419455089662, 52.72223575235727;
  -22.54352739390721, -8.855735780427985, 50.70042001154209;
  -18.72585531309812, -8.876447669728687, 42.75544653736645;
  -19.24425208172547, -6.017109709710607, 44.26660532402661;
  -20.22064366616926, -7.884492297443292, 46.65723734563952;
  -21.70786534705043, -7.574920753901834, 50.08253808062949;
  -22.25906500163741, -7.232537967211556, 51.32549961729072;
  -19.87115583533654, -3.964290600213708, 45.88705606968723;
  -20.5309334683584, -3.077779863204766, 47.38753150218406;
  -20.26137293157128, -8.281376886062958, 47.15557969045761;
  -19.43747970931027, -4.122916599435878, 45.23201613819826;
  -23.4170751311903, -12.37417598831012, 54.62901456767633;
  -20.09365921467203, -6.870924015491218, 46.92670190624046;
  -21.25489296530004, -7.857129618857925, 49.65772818147543;
  -19.11768113983164, -2.705662683630269, 44.65960706475462;
  -18.86017766719705, -3.905551725165738, 44.60052417814137;
  -19.68796072979164, -8.64176720923137, 46.97934146392792;
  -21.94913936318023, -13.19207856296366, 53.32356240347961;
  -17.19797385886446, -7.555595328307804, 42.30233693837244;
  -18.51300722975476, -7.166447940092838, 45.54520810186534;
  -20.55900599259487, -12.16056628199162, 50.85506610151966;
  -17.66613716732813, -8.160416706101795, 43.95312292621452;
  -16.30462302936628, -3.806715043507179, 40.55647044447641;
  -16.84897860493612, -8.995973108413532, 41.94970730912342;
  -13.3987314804345, -1.214739411000032, 33.71064333102014;
  -16.20737223739739, -8.040103087130563, 41.17735376383606;
  -16.00410966603938, -8.914551752998673, 40.78637539425281;
  -11.91202046221502, -0.958622995268217, 30.42337076948614;
  -4.585654709051844, 1.518306071604801, 12.41576106700178;
  -13.71108150258023, -1.085233544703853, 36.23160465169269;
  -14.20025405373059, -7.661782553710551, 37.67293725316954;
  -13.18221554025945, -1.134893354261332, 35.60460331364032;
  -15.1136124202946, -8.451741701984815, 41.23402979139269;
  -11.49853249706618, -1.10685227800931, 33.48324267436318;
  -11.44464817354576, -0.9732712491269104, 33.54380480474944;
  -10.33115662074135, -0.6331045247214132, 30.56509610617818;
  -3.812551254185133, 1.052399299652468, 11.74917957129634;
  -4.003884984899451, 0.8820700852241653, 12.67097454299477;
  -9.200492609966322, -0.457902781767269, 29.02927406191888;
  -9.078229638707123, -0.6431344585454559, 29.57650452261446;
  -8.65451023441701, -0.6225039882722691, 29.02693382184167;
  -3.682536265863638, -0.2192310234489563, 13.089984899749;
  -4.646594769182213, -4.322629999388304, 17.06244077579666;
  -3.553707344114151, -0.1936534688990054, 13.07726715477177;
  -3.17128702154556, 0.1676651487001167, 11.80760713853582;
  -7.187350238175235, -0.7195310604186619, 27.0187600304865;
  -4.501154543742742, -0.3534702663379038, 17.38217967955601;
  -6.856478063677782, -0.7670314082287744, 26.59072844808035;
  -8.387508605488145, -2.179703817145016, 32.52217221263591;
  -10.0205129777778, -2.945218954247651, 39.19947164194772;
  -5.938751743484366, -0.7526599356352229, 23.39438807495908;
  -5.624418613307774, -1.230844632329631, 22.24667878877272;
  -8.635735975934956, -6.645608786977546, 34.82935953340525;
  -5.556542775505704, -1.664845027102831, 22.2774588235946;
  -4.200712557911873, -1.623507463164409, 17.06615273876872;
  -4.281571875094063, -4.277136653002196, 17.56525722654479;
  -4.021420917121575, -1.488877365986665, 16.6008908096926;
  -4.152533535440647, -1.679734582231958, 17.24464069143656;
  -4.075978356097874, -4.019109539681366, 17.1215916219243;
  -3.922632175726641, -1.052964310237186, 16.64939736161231;
  -4.668225030649317, -1.987382722590498, 19.9069038819313;
  -3.171693092119914, -0.3160888512276446, 13.53904668495237;
  -5.006251621203087, -1.887919493108497, 21.49680776200934;
  -2.940503541520785, 0.8210632531237752, 12.67720084864929;
  -6.924408714779283, -6.232313410627266, 30.00645898367674;
  -4.87433673969408, -1.615183037943891, 21.10277973216535;
  -6.820197895252957, -2.827569498130678, 29.59881124186406;
  -8.673596160083068, -4.03526822534038, 37.61160358359972;
  -8.306703399629466, -5.916257402023431, 36.49378693088752;
  -4.226800447517462, -0.2370238290356472, 18.6008990006251;
  -2.797679782257756, -0.0537321347824803, 12.52119192383739;
  -9.730442046561503, -10.91364047380978, 43.39158022363314;
  -6.314393857005408, -2.517696616772656, 28.27535921492251;
  -10.120342725647, -11.18297266600898, 45.46286154155791;
