m=[-398.3990318717674, -25.94278222841336, 577.3656944479455;
  -152.4384250938652, -10.15709923916943, 224.2618148858518;
  147.2795900017645, 22.66524447535327, -219.8342348732169;
  116.3032609289213, 16.22237073762845, -173.5678297089801;
  117.8232315098244, 14.5380277075535, -177.2824078283553;
  353.322733201698, 37.11807751404852, -533.7528732818939;
  160.7326158491808, 19.07717949930879, -243.7624235255163;
  151.8062081291095, 20.19915234973409, -232.4428935225314;
  206.0176311698175, 16.51510313183625, -316.4962770415038;
  156.4643335134952, 21.08169623959268, -241.8464430363547;
  213.9058449300526, 34.5586212255964, -342.5966277782142;
  192.5352494410281, 20.21647628698385, -308.2782607581711;
  92.83008891237969, 12.84728359310315, -148.7398253024629;
  214.5138249136828, 27.67295021875417, -343.7975162968561;
  192.3609220361675, 35.9249636322219, -308.7102056004024;
  169.1011039190186, 22.91244436386622, -272.8649433122951;
  169.9115061359176, 20.70876760057563, -274.1029436765065;
  611.2120513936166, 59.0300198704453, -988.1158611940332;
  125.216189047839, 27.12486914385384, -202.8712669132686;
  263.6765461638085, 27.77032088230893, -429.5298737135867;
  -83.59061899716998, -8.019866423797678, 137.0968802634065;
  215.0828788943839, 38.60118498587742, -355.3192708436075;
  491.5875692334247, 62.11585402769987, -815.6561106473685;
  -1545.445997025126, -307.5585731079816, 2599.505972957572;
  80.52035863389331, 14.49698205808128, -135.2979306020766;
  -649.495226875775, -93.74538847681691, 1103.888994518995;
  199.8124003429704, 49.43578705565363, -343.5501946777241;
  -110.7582679268708, -26.47079196862204, 191.2468066457795;
  -161.7994161943685, -24.16665465832627, 279.0798716131628;
  -278.8026963169282, -45.82623624057857, 483.0290531195915;
  -107.6935589389423, -1.133831841976595, 187.5097165307109;
  -175.9324882134526, -37.1788519067838, 305.9598775833095;
  -204.2411930872763, -36.41997095715277, 357.2486521392409;
  -161.2386186136083, -27.08185570360145, 283.90547426972;
  -153.8400477393882, -31.40929601834895, 271.1767649871061;
  -131.2910828248108, -29.86454138993484, 231.6587668315125;
  -102.4039767351823, -20.74979656310843, 181.6291615341579;
  -84.94209631831319, -18.8718171681836, 151.1373813085158;
  -118.4232767127434, -17.3129939007163, 210.7045050504642;
  -135.4994405611223, -20.86847731433639, 241.5932144874974;
  -176.3271227818408, -61.85835607721619, 323.1995646894937;
  -113.2541318233312, -23.40656811990468, 207.8178685622819;
  -69.11380501381174, -0.4589833538606679, 127.4325708326448;
  -30.49193900753155, 1.522089964635843, 56.7669485801602;
  -177.2864517777429, -38.03906757324269, 335.961266389949;
  -169.1497039086312, -34.5469203314475, 322.5468149709672;
  -144.5750928375833, -32.52693055284686, 275.9099600802176;
  -57.42790524629832, -6.794105848770515, 109.6115023885891;
  -144.2487150910781, -34.16411490572484, 276.1798795483887;
  -206.1611337750088, -39.89656128423598, 396.0330684193757;
  -351.7280836491316, -89.2738362236649, 681.9406279578334;
  -154.0865732747972, -29.52791386561151, 299.7063052560771;
  -243.1678212314395, -67.78875083573495, 474.9308969282914;
  -54.04725533582908, -9.524194771802579, 105.7203192991269;
  -218.5738927499139, -25.87674110809856, 433.2510142910733;
  -98.64630462550473, -25.01604302093411, 196.0525963301553;
  -109.1310836380436, -32.94546956110131, 217.2232698245385;
  -168.3661857726196, -38.72917324164026, 337.2814899854345;
  -86.73860519286947, -22.31659087823095, 174.8043161560075;
  -142.5309536655701, -23.51333341646081, 287.7302139243639;
  -75.73803757579324, -20.66645834346812, 153.239079517603;
  -113.3262290744619, -35.00270927805489, 229.8100757828332;
  -101.8669472292875, -32.95668003163425, 209.5974325965966;
  -173.9006341005302, -21.02437420872176, 359.0898313816369;
  -189.3240771783419, -16.92309485194712, 391.8701924834645;
  -93.44273426990992, -36.80055364280224, 195.6901953688775;
  -121.0710567732723, -21.66694389090316, 254.2264952538189;
  -74.75311491687005, -24.76222004010486, 157.0723433833402;
  -136.7805884246941, -39.40453889714276, 287.517563693148;
  -126.8916994680331, -14.21081610065441, 268.6055183341884;
  -118.7713065432654, -56.26573238416898, 252.5840754516139;
  -73.11712475276939, -9.15827242472573, 155.7353211681362;
  -71.0656919427355, -26.86576537212217, 151.9125908045214;
  -154.5553571830175, -14.00857815522093, 330.5535311028626;
  -93.86425762746978, -6.443173156317609, 202.0297187050905;
  -66.22195722826888, -26.60007323286665, 142.8449000000824;
  -80.26617995817941, -14.60739526750868, 175.6784050623467;
  -66.33747641909957, -23.40832259491921, 145.233761089563;
  -106.1351749445829, -15.14572833797283, 232.2580206749442;
  -72.59836325832784, -21.48435347480349, 158.9392608624783;
  -65.00992871568275, -24.561680914017, 142.3596625666186;
  -94.68299991219868, -18.51656704716456, 208.8487733555836;
  -68.67722412495657, -25.34284191965085, 151.5757158035112;
  -54.35008702623042, -6.735448381231619, 120.3099332635518;
  -126.7613544132006, -16.89716139774662, 280.4570973832696;
  -72.39924033453423, -22.38094319776297, 160.3333725677443;
  -70.66765681386117, -32.81854532079718, 156.5773812362097;
  -55.65824319259477, -20.89333304747856, 124.5044655306804;
  -59.08549994488117, -30.91548130653798, 132.3251149326032;
  -63.3789775882799, -24.8970566916323, 142.5393962302619;
  -172.3033806558312, -34.59697056891193, 388.8474498162854;
  -45.85877826702196, -21.73802150442679, 104.706167471728;
  -16.41568997780975, -0.4994153440047601, 37.88710533768924;
  -53.49233548699593, -28.67891065023911, 122.7422971030763;
  -63.86341377455382, -7.624148595693645, 146.8897017293161;
  -61.44631615561595, -19.21244972242922, 141.3419349489279;
  -42.67863767660527, -16.64137876033875, 98.47695061248091;
  -84.45191898470829, -29.46934595349446, 194.8402747536199;
  -32.7320601688715, -10.63548122524471, 75.47438949241439;
  -93.01586858388397, -18.55664242952981, 214.7949727961588;
  -160.7587982600066, -24.09925456532137, 371.0480397074915;
  -47.72340000734919, -10.61017950702149, 110.7046102688818;
  -54.82456460164561, -22.40829797733374, 127.5966902044999;
  -70.26423847689782, -14.90386611307247, 163.5085009093511;
  -58.40954048018926, -30.86508153768079, 136.2619208379909;
  -45.47288028918551, -25.23296393927753, 106.1311537503581;
  -56.2849047542577, -19.24633535654284, 131.4476830230894;
  -60.0690050018701, -22.20523806664373, 140.3389952320302;
  -81.19219189352671, -11.49086451446056, 189.6679497983818;
  -30.33595226244939, -12.60463384657372, 71.71515198730401;
  -51.00072799263811, -22.38608786672305, 121.6977546917532;
  -54.64957442492976, -32.84600217426225, 132.7664809062981;
  -43.43606600435803, -16.81424859178817, 106.8602545628159;
  -49.79030021093009, -21.87440001688581, 122.4705929355652;
  -52.12144313189014, -11.33568086432639, 128.2876800760729;
  -42.79992610971631, -20.33194031082152, 105.5319803140487;
  -51.68334417330837, -30.57048247959462, 127.8446966369821;
  -46.86412098014932, -10.94158104818255, 116.5708237482425;
  -40.39411056254206, -18.65901818493271, 100.5000295330003;
  -37.33915466839849, -19.93604711382325, 92.96507795733798;
  -46.11701532464554, -16.95164455499691, 114.764350342018;
  -45.08241753214419, -17.1997980190848, 112.4592471794389;
  -50.79019814281441, -21.12995583504931, 126.9121967817711;
  -37.08083887455705, -3.361777675718136, 93.293826773121;
  -38.24224881060486, -18.97109649962192, 97.16039003320782;
  -35.13474412418653, -19.57062912959523, 89.54068005863188;
  -43.79140827857301, -16.85063359415738, 111.731323695555;
  -39.27884891875607, -3.160975748876787, 100.3184126357469;
  -8.271399782934827, 0.5037004519926724, 21.58923331793048;
  -7.50108008186469, 1.79910148040797, 19.83698722403779;
  -20.1575345966676, -0.9963777394516039, 53.31132281612602;
  -47.79697067017953, -3.783135261557863, 126.303745225685;
