m=[-19.49923117295148, 1.202685284403721, 25.50051437638064;
  -127.9334970228763, -7.870292356491661, 201.8960976041458;
  -94.64872057888648, -14.31369060915391, 178.323374296941;
  -103.0849689706724, -19.92367910803316, 194.0541662308145;
  -64.23055080284061, -8.625363315949354, 121.3658967623731;
  -135.6447754455638, -26.47647001470426, 259.8460528922774;
  -51.83418895056866, -8.027251825355462, 100.3910005300594;
  -55.23113817207987, -14.88193900342155, 108.4769328326119;
  -51.65992437448512, -9.175281861547378, 102.0792521895541;
  -34.04395967017656, -0.2037853725646459, 67.50330178700833;
  -34.34025267298801, -7.904647138448926, 68.13325489822492;
  -35.90492416134084, -6.926902593290458, 71.6237094819453;
  -34.52388043559441, -0.287008002364018, 69.24973790392497;
  -38.16522258658796, -6.934372798172501, 76.65031672976339;
  -29.91322481341803, -4.741652107126383, 60.75858178293503;
  -29.77530624971904, -7.561534665060917, 60.77018665258525;
  -29.23564808208583, -5.46706536518031, 60.4373287036623;
  -35.82842258732725, -13.80730123533745, 75.13361640349518;
  -32.72775475507238, -13.49086685627967, 68.73243569345662;
  -41.41283453849959, -9.367344160656371, 87.12831180500395;
  -24.8062120424015, -0.7609130234392946, 52.62387918915236;
  -31.28507842123025, -12.0360442885229, 67.16204968072879;
  -29.80839753050582, -6.674203221114385, 65.29392904535817;
  -30.48381680028112, -7.539424245053816, 66.81720239756547;
  -31.33651394916362, -8.174171231296951, 68.94034122436179;
  -28.15280513179851, -5.65221248426112, 62.14712163029253;
  -38.42877842564214, -10.74505934702289, 85.7808102932427;
  -33.24435989624517, -10.24828312299038, 74.83070639562084;
  -25.97946698352013, -5.038415614493489, 58.60627721992176;
  -32.17816851879145, -3.942789241767812, 72.6220211811201;
  -32.40902750465634, -4.944476107896955, 73.25129034872849;
  -28.42203769174797, -9.543981272597714, 65.25286933423496;
  -29.67037274760052, -8.40119951372329, 69.02382392807975;
  -30.04866183056101, -5.45284738250418, 70.09806775470953;
  -28.18754627202289, -9.70238871730268, 66.0396616646831;
  -28.48651641688478, -5.904860505363195, 67.52623500939991;
  -25.88938922147878, -9.359517234708372, 61.62502745396123;
  -25.53465915523611, -11.29311505633738, 61.98366566284231;
  -23.73435370176505, -8.827008189648929, 57.81323145301423;
  -25.68930392346134, -5.087423792009882, 62.55306678362815;
  -27.13659095239329, -8.719324284873954, 66.13114641871823;
  -25.51783312077779, -3.10494583553779, 62.68174542436291;
  -24.42535106216122, -3.30431890494703, 60.45775736999585;
  -22.99602629170228, -9.786944202033292, 57.04052256780976;
  -23.0875118546758, -2.648273747883732, 57.32588800203438;
  -23.45953724505428, -2.28476609905546, 58.30964032059379;
  -22.21755871820776, -8.820163697398842, 55.47464378981535;
  -21.94597978441014, -9.944041703000696, 54.97304733158193;
  -20.31456627581231, -8.094716036089912, 51.75972616270263;
  -30.37602662147186, -9.35805461655465, 77.25768118945234;
  -20.56850035982716, -6.855414745912703, 52.42320612510886;
  -22.28387465185633, -4.51545039980929, 56.76605257087638;
  -22.51641703099216, -3.539029857399071, 57.37113257854822;
  -21.09819366523066, -8.802116262945798, 54.24297108462763;
  -21.3672810367832, -4.664494573363784, 54.93390115567416;
  -20.39810385823872, -2.777202512941657, 52.54323288633106;
  -20.70635172163221, -7.221149761790889, 53.44441889576542;
  -22.32774923122922, -11.75784730827344, 57.66859043007305;
  -20.22795200936, -9.016696546889598, 53.108991099781;
  -20.94389235015369, -4.681903937819231, 55.27316154029786;
  -26.46931122283594, -5.780933130514971, 69.99763032050866;
  -18.18093490916653, -8.691686054172122, 49.08664855942851;
  -18.53425882656667, -4.151505926222915, 50.16117473779688;
  -17.80349142445277, -8.300158442618484, 48.54510197962581;
  -18.18224087400452, -4.345936998153134, 49.60605094566721;
  -19.82456446803641, -11.98461275871385, 54.22931849647046;
  -17.93032863165638, -6.984331617254158, 49.10224049183895;
  -19.11809858049063, -3.009476367085359, 52.39939071707373;
  -16.72288932152508, -8.419980183127287, 46.93516609769155;
  -17.14148005080938, -11.86787224961884, 49.07588096794439;
  -16.12679617982155, -2.251664898458699, 46.49740680392581;
  -15.1098835591978, -8.269295101939703, 43.92899750902858;
  -16.24469313543627, -11.0968829694051, 47.45596518417688;
  -16.0849777281742, -11.59716124962141, 47.01137122571834;
  -14.95527137682525, -7.982568901243039, 43.9634221578124;
  -15.42758016035343, -4.109556899305775, 45.34348039859416;
  -15.06293781859971, -6.623836536461728, 44.42918122321487;
  -9.713262368633437, -0.9619581889612351, 28.89469802132663;
  -17.18934022725362, -3.150802886614197, 50.8712636067952;
  -4.387437082393358, 0.3595420697434088, 13.43032624525481;
  -13.87339338942816, -7.980765991988209, 41.74723595777158;
  -13.3322174297992, -8.633666725031088, 40.2597032647279;
  -10.26530841831911, -0.8901726757328637, 31.08279700583222;
  -3.447372521921809, 1.404346833630636, 10.97990704487607;
  -12.42864925268551, -7.854844768172313, 39.28860379762411;
  -13.71117564235997, -2.318182751144542, 43.2117877278582;
  -13.56103244376081, -1.164850180694317, 42.73841731312131;
  -12.94036670078332, -1.232226876363254, 41.84006611838741;
  -13.00911075007659, -1.283760988097723, 42.25980985257814;
  -12.35413925184064, -8.127441792833814, 40.36742635517769;
  -13.58494067787945, -1.481040138365683, 46.5529295536198;
  -10.96541177651317, -0.6894178253356467, 38.35237107348281;
  -2.707328471874356, 0.5667254615758924, 9.714967100865204;
  -10.5432172206039, -1.142117231471081, 37.21703146324728;
  -11.95632251547528, -1.136279394358884, 42.51720304635952;
  -2.688522115715106, 0.4979793388517352, 9.841236951483817;
  -10.63021420860652, -0.7608564441029564, 38.24802102257375;
  -2.655448001333004, 0.933449596016694, 9.846503416624101;
  -8.562785774760537, -0.7651661871528904, 34.01233811673634;
  -7.33348371059817, -0.5119737638618568, 30.15685013660874;
  -2.604692673877769, -0.1250605295458235, 11.69855548993655;
  -2.360913612858873, -0.13992532791032, 10.95073649362267;
  -1.850351976777119, 0.6534025190895302, 8.865539514194943;
  -4.360160835375941, -0.5062161447045066, 21.02559437403194;
  -4.751563573230423, -0.4293884906731771, 23.55478778100485;
  -7.424750129437451, -1.005296840089182, 37.19221104321335;
  -7.283408482187333, -2.379743476708339, 36.51121946649346;
  -5.535644503161906, -2.358787385395177, 28.16206588493759;
  -7.770024162128339, -2.880318669229567, 39.42537831130662;
  -5.970149318593697, -1.640850886274003, 30.61100841761043;
  -5.464025103674556, -1.087556181025003, 28.05957545262232;
  -3.288522103590034, -4.152632903986774, 17.27591478973792;
  -7.259657561376399, -7.192502278151592, 38.18877489201472;
  -3.627385586871883, -1.810600960407549, 19.18587790110875;
  -7.391162513227396, -8.173403501838232, 39.30616550136758;
  -7.17772528433393, -8.665458146752481, 38.63889429945859;
  -3.521616664179392, -1.309016332183911, 18.96434613050244;
  -3.743155080371116, -1.797871425849443, 20.19427338364347;
  -3.693906613408676, -1.941817245696395, 20.08778360720055;
  -5.697872266437233, -0.4787195106884415, 30.8958212831931;
  -5.002318301726891, -0.7819331583211442, 27.43923525763804;
  -7.414338470125895, -0.4752502706465244, 41.11301615070285;
  -9.504317611566046, -1.981004457959287, 52.74377501520998;
  -7.388347441673021, -0.1360106319523447, 41.07482024996533;
  -5.390502973552352, -1.872803387442998, 30.20189229204245;
  -6.645849159302582, -3.659768310603754, 37.39423168177731;
  -5.245007696594573, -0.6218431135053324, 29.48446659303623;
  -3.840590522332194, -0.9841006938416587, 21.68035269535983;
  -4.936287793583657, -0.9981771838296132, 27.90679672737809;
  -6.081289340895944, -3.737546956285946, 34.50776972472382;
  -6.610300010841252, -7.821637390429967, 37.92156450116845;
