m=[-25.49463379060487, -4.111459853323443, 50.10223028300074;
  -19.06754279836792, -0.1141373198271558, 37.80764953092342;
  -20.06840291806044, -3.871665947312764, 40.03276692385879;
  -22.23832427642293, -3.721637888176337, 44.43661019001466;
  -19.53552502945708, -0.1624050350972724, 39.18533985857191;
  -22.26406713540413, -4.045236240144127, 44.71473456625819;
  -17.33548778712828, -2.747910086813139, 35.21117027773082;
  -17.11336781342821, -3.200199297504671, 35.37757168450099;
  -18.94860180934749, -7.289935716706543, 40.67840006551273;
  -18.2162574843323, -4.285127991531014, 39.63166752912321;
  -16.26803990464265, -4.023500576720257, 35.65776956480578;
  -17.26874960582938, -3.866532715349508, 37.82640480123613;
  -17.84872224790712, -4.655862874566692, 39.26719494662924;
  -16.69315679368309, -3.35146955300778, 36.85002758317647;
  -21.48288367491132, -6.006822737776218, 47.9541438621354;
  -17.22739473360162, -3.62863755176596, 38.57858436320673;
  -15.27854642928467, -2.963096469411904, 34.46640102816986;
  -17.79745982768786, -2.180721786525035, 40.166596300274;
  -17.77491363856221, -2.711825765002526, 40.1750826887609;
  -17.39355847101589, -5.840671879743738, 39.93308328122106;
  -18.00225032014304, -5.097357485936594, 41.87962743094489;
  -16.72654567406709, -3.035319885839671, 39.01999159145609;
  -18.85191226970382, -5.737507571885337, 44.09005921483746;
  -17.04472856018696, -5.86693784822217, 39.93352583507182;
  -16.29125472436303, -3.376951579368397, 38.6178176024107;
  -16.08587208876935, -5.815355308778174, 38.28952087710542;
  -15.74062017103464, -2.06867067756217, 37.63565398079086;
  -14.92387571965709, -5.55031642546556, 36.35226355847182;
  -15.79412546901072, -5.07484901113365, 38.48986137496529;
  -14.5956990256693, -1.7759679943049, 35.8527264555502;
  -14.02070998861153, -5.967113821788654, 34.77768786560692;
  -13.9842545820128, -1.891822830686815, 34.6139004662795;
  -13.41955475794894, -1.539302060675149, 33.32051967893406;
  -14.21228844007519, -5.642146022703275, 35.48642083727918;
  -13.58510322639981, -6.1556072843398, 34.02967331628644;
  -12.60386490673309, -3.882919173290139, 32.05637751288385;
  -12.4369477544197, -4.955732702380225, 31.68824779857931;
  -13.23805246262038, -5.655753314488806, 33.74979523544766;
  -12.47830805296638, -4.158979776543407, 31.80362708556548;
  -12.17539716720247, -2.46713836195006, 31.01566699968577;
  -12.78167632007973, -2.008966793522727, 32.5673150273444;
  -13.10806670720281, -5.468654282446452, 33.70053828569778;
  -12.84919828457725, -2.804990282446759, 33.03445989592738;
  -14.2638923345099, -7.511400560529594, 36.84108758383007;
  -12.76634004731142, -5.690650945174616, 33.51834331205197;
  -11.44690420021093, -2.564002751270778, 30.97993651467561;
  -12.40251480215926, -3.110598529833645, 33.66336566425827;
  -11.18156386023382, -5.21295230601377, 30.4889723563553;
  -11.17208861042025, -2.670363547327546, 30.48046721074792;
  -11.15187754740864, -4.343947762820099, 30.53943876419699;
  -11.25974338982428, -4.74171127414844, 30.8421837290922;
  -10.64191115123812, -5.358205707233283, 29.86803643060203;
  -9.164221931037504, -4.635800415043264, 26.60699651231886;
  -9.563533692912227, -5.233904153807591, 27.80408241582482;
  -9.637246082819553, -5.144004340406198, 28.33023268533033;
  -9.072840674300343, -5.609041241989749, 26.68587230737663;
  -9.326310589596249, -2.484317283084903, 27.41112844756535;
  -9.535289616098863, -4.193086402233541, 28.12499895248712;
  -6.812772307911686, -0.6747065880035533, 20.26641421329794;
  -8.246486594183182, -1.905517218564272, 24.40888996235946;
  -3.179974699915316, 0.2605928390238102, 9.734178945358588;
  -8.908840659135468, -5.124872521430082, 26.80811122897507;
  -8.525826731350906, -5.521148071686794, 25.74569880052146;
  -2.557396201319528, 0.816825333901553, 8.122225676120587;
  -8.394576194759747, -5.113674678256869, 26.04832766976448;
  -2.586345712363692, 1.053592667672398, 8.237530271847779;
  -8.038102621706564, -5.08004104392128, 25.40950531053366;
  -8.066339612695327, -0.6928732892835792, 25.42155916125282;
  -7.598462621002655, -0.7235521277827678, 24.56809654718686;
  -7.764255668285156, -0.7661898434143484, 25.22201359432665;
  -7.964516124929252, -5.2396318265398, 26.02423459649813;
  -6.766847061946954, -0.643093130961985, 24.06320255614342;
  -6.179827185682645, -0.4423204693149492, 22.23531487469875;
  -6.280432889256201, -0.5909691264034128, 22.84736681815292;
  -5.29968237999778, -0.4735769253713067, 21.0509282564453;
  -5.400334412096456, -0.4282775880010866, 21.80286033298209;
  -3.773105276279792, -0.2634124497954916, 15.51581415555313;
  -1.809792105668115, 0.9293483453902536, 7.766478453512912;
  -2.330401909215932, -0.1118908575065233, 10.46662292339829;
  -4.460238148547435, -0.483612244223211, 20.49164564124605;
  -2.229111216716078, -0.1321137360760409, 10.33939124933816;
  -1.591729000813397, 0.5620767031853262, 7.626406505199191;
  -2.416280585960843, -0.280530991615125, 11.6518030899382;
  -2.564339556790559, -0.2317338019146451, 12.71212583557461;
  -4.378147137459217, -1.430493307620842, 21.947346682987;
  -5.232700788695612, -0.7084975893197409, 26.21175240464308;
  -5.452479330245642, -2.021213535607979, 27.66607359823594;
  -3.023396504687574, -0.4661587164869109, 15.4433241110802;
  -4.1186343250295, -0.8197704316100749, 21.15054898397275;
  -4.569985209280572, -4.527710673812782, 24.03999568045244;
  -4.86089430239918, -5.868415753548371, 26.167006079374;
  -1.010383441657109, -0.08488962970386776, 5.478646200058592;
  -0.7674179456861536, -0.04919057686075012, 4.255385227213441;
  -3.67307932416596, -1.276124961695662, 20.57951673023245;
  -4.026491578663666, -2.217327828134542, 22.65587968491825;
  -4.102202422943369, -1.051135294747864, 23.15716680547472;
  -1.430473382324102, -0.16959556082796, 8.041312252172029;
  -3.48132684547199, -1.712512683916981, 19.84093822243656;
  -3.360792119750989, -2.240510792367455, 19.23847882728571;
  -4.498029740896121, -5.322293624640151, 25.80402170367735;
  -3.799592435565415, -1.29817588129471, 21.70783844408009;
  -5.417124776252154, -2.336124941461982, 31.20671374510656;
  -4.008727023017884, -2.185370317529733, 23.23574497225198;
  -4.328683136675722, -4.08851984044008, 25.48465549268606;
  -4.245470392808912, -3.660073826791539, 25.03692607511827;
  -1.295166331870907, 0.5096130285876347, 7.365772636935632;
  -2.059683086344228, -0.1287779052058177, 12.13372265884572;
  -4.070797089446554, -1.95580486488173, 24.33154053691374;
  -4.246589461544874, -1.943218306484335, 25.34679133750421;
  -4.567953300868118, -6.765254445148349, 27.681568504179;
  -3.939781799599214, -2.084466979892747, 23.77581559721271;
  -3.915234090791493, -0.6806729003818933, 23.76727903423812;
  -3.658577387937356, -2.121382803086775, 22.33377135683108;
  -3.632065481541714, -2.508009073625214, 22.26769534083406;
  -4.251603979667531, -6.266901037477942, 26.53500459072972;
  -1.81172170691293, -0.1802428666132575, 11.18673244493935;
  -4.531094950908081, -6.943704116918809, 28.69855020646165;
  -3.828128737201324, -1.917741850349635, 24.0207489007793;
  -3.075441487173695, -1.921940790410532, 19.34509221713669;
  -3.478508370067222, -1.894522657736933, 21.86580699261998;
  -3.448336665268609, -1.997794883038006, 21.89272080712379;
  -3.832124336924579, -3.973876975951028, 24.42022483978952;
  -3.620368853583985, -3.642661400383942, 23.49728749159139;
  -3.314682385974419, -2.015540790444866, 21.81626713705248;
  -3.608390295894923, -4.322134668627348, 24.35258598072509;
  -3.009595871035073, -3.344856505891073, 20.42588240143866;
  -1.02348497172193, 0.1294887620293691, 6.719618362872288;
  -1.535365868442458, -0.2799032595263606, 10.35592336988596;
  -3.761408149265792, -4.778419117175831, 26.24890217868052;
  -1.131625155426338, 0.2284491949635392, 7.632277831289414;
  -3.052411162328417, -2.147024986334131, 21.73090850311671;
