m=[-11.11822461243171, 1.971032195896882, 13.51353406721692;
  -38.27819970064302, 2.360945777046347, 50.05909069493166;
  -411.3681837819498, -25.30680351795598, 649.1937836204822;
  -105.935380486436, -6.998017821262399, 173.1556976636009;
  -105.0770698744117, -2.861774420244573, 172.4623704012866;
  194.3524732241129, 30.20656893934599, -325.8120628160979;
  -1020.188311260577, -166.9514353596329, 1726.684682272952;
  -1488.580601946234, -260.7256846530531, 2519.532408239909;
  -272.9818602818761, -40.61102872685492, 462.1075851709986;
  -282.1978796560737, -35.33106186983817, 485.5874946312625;
  -262.0894925642957, -40.6651766501587, 454.5131079503918;
  -466.3881452280795, -65.60347908995634, 810.7424115326106;
  -314.519772548934, -26.08367912553444, 548.3131755294437;
  -511.0449703066612, -73.22489323449592, 897.1706158831457;
  -188.0130851722072, -20.6717520139152, 342.360678570948;
  -132.5660153508049, -18.07568191031426, 241.5790451707896;
  -178.8521201499467, -35.86750331423737, 326.5594042231996;
  -167.9325497155024, -21.83844633062689, 308.2790687902448;
  -147.1895331301334, -14.93784676834242, 270.5058520113915;
  -666.886002931097, -156.0855382756065, 1231.154338318686;
  -148.0204188218133, -16.37262774267715, 274.3920384968542;
  -175.8464473870467, -17.61167622603117, 327.8866587197686;
  -234.3519254915554, -45.29421319583283, 441.1600251709626;
  -156.1261617050763, -23.61090103461688, 294.1502410280821;
  -130.6577605585169, -17.54571058132176, 246.8824582841117;
  -45.84462653264053, 1.278347774808098, 87.97552799902434;
  -222.2994949617079, -43.39058318541415, 425.8449773388277;
  -105.6281203177253, -22.65705138141278, 204.4835568466604;
  -102.5183225330094, -15.87640143207934, 198.5546061416523;
  -91.68206444733792, -14.72339192567483, 178.6506749097451;
  -73.56923389001169, -13.39538785769092, 144.180324110389;
  -110.2362479512106, -19.57898039067469, 217.8252076690926;
  -54.82462018810022, -0.3281773259922695, 108.7077683609606;
  -68.75424803085923, -15.82626881428971, 136.4128199938113;
  -64.61621501686456, -12.46598448050358, 128.8974456928079;
  -78.8701169061313, -13.19910671659517, 157.5982343379328;
  -72.14970751282158, -13.10913274612559, 144.9041184096493;
  -71.53135277728961, -17.75114653552398, 143.9345506988656;
  -55.05518080246491, -8.726993351219448, 111.8259474271178;
  -54.17746153902357, -10.13118377679733, 111.9982372947752;
  -64.84407295084725, -24.98914503914628, 135.9805805364276;
  -66.78072395047731, -27.52800679802895, 140.2479897823504;
  -70.18218414009444, -15.87480499977973, 147.6560416850881;
  -56.15908532590002, -1.722640253815189, 119.1358405109141;
  -45.3100894581858, -17.43176846459743, 97.27060416009255;
  -66.22806523872298, -26.37752369491536, 143.0988893747357;
  -62.69665756089498, -14.74854000722714, 136.4041483151969;
  -64.43373374212219, -15.93610332844601, 141.2317183535403;
  -63.91440956017537, -8.259266888459804, 140.2853474813843;
  -60.40178454129665, -15.75588562012469, 132.8839462996015;
  -58.1341353747252, -11.67153625325991, 128.3306997328026;
  -59.59720911583297, -12.64953281193961, 131.7615241359879;
  -52.82834164428904, -9.825771339592123, 117.8897775023525;
  -20.61711137635031, 2.197233036850425, 46.39682595607028;
  -70.92116712982619, -19.83024652330925, 158.3103973786365;
  -59.01182826535835, -12.4297689437848, 132.1495693554728;
  -66.57170941273164, -20.52214956679537, 149.8482165656426;
  -59.3217204613992, -9.05040515203946, 134.079696432722;
  -18.30223757172782, 0.3815820200839384, 42.21555195819334;
  -57.97700238152223, -16.32288455231732, 132.898424487442;
  -55.22962756610773, -18.54583886279622, 126.799201029701;
  -61.64132504780214, -11.18588041744826, 143.7980101761569;
  -51.92593620603039, -15.80346056660357, 121.4421947946886;
  -59.83617740602114, -20.59611173488062, 140.1881835711132;
  -53.84016137839161, -11.16032012735702, 127.626113947241;
  -54.49807210872154, -19.70211196549903, 129.7228436390317;
  -49.11855960736126, -21.72347559743128, 119.2319959328206;
  -51.14989581223594, -10.12955421794605, 124.5492232195644;
  -51.62775499568507, -16.58863999155716, 125.8154582084029;
  -50.15198397770466, -6.102367432943918, 123.1928227345267;
  -85.34136008913401, -45.5326777379218, 210.8769462934691;
  -45.7018586218726, -6.182654859336461, 113.1214807470835;
  -48.81258005615115, -20.77428470932014, 121.0772260810371;
  -46.82984293860567, -5.371659122579331, 116.277680693759;
  -44.90520661457241, -4.373398020273636, 111.6137295832498;
  -40.15956878017156, -18.19688301217874, 100.5967332994894;
  -40.55195920199846, -2.975304270737554, 101.4829039878707;
  -41.41016535044366, -17.69185313289972, 105.5732786367022;
  -49.84351480413096, -29.10419985991149, 126.9869835116702;
  -45.6903346099684, -18.20616198446678, 116.4149495286064;
  -42.74459580968168, -14.24663574375592, 108.9437109008679;
  -44.07292070623112, -8.930632151403538, 112.2715763236251;
  -43.76011946600944, -6.878020119293094, 111.4994278211284;
  -43.51164816710477, -18.15295622157526, 111.8674475560585;
  -43.54370298393197, -9.505625255879197, 111.9480513947257;
  -47.14201425483572, -6.418386795338424, 121.4325532871588;
  -40.18721996125792, -5.902149360332088, 103.7163084272113;
  -43.72899663176406, -7.473647217566418, 112.8197570376017;
  -47.43646339147013, -24.98015754410648, 122.5199168283224;
  -40.79705625222085, -17.37102135014892, 106.4345335840957;
  -45.7416344104568, -27.23390358297569, 119.5399049123437;
  -40.20370160684836, -17.92097278473417, 105.5558184945445;
  -18.1546943557961, -0.4947820675680394, 48.61008180323029;
  -27.2685562718761, -14.76632451528877, 72.82546076637648;
  -30.90134670719555, -10.97060462591757, 83.23122734984395;
  -39.7433236823429, -17.69983346175281, 107.3368786571944;
  -38.26413885487995, -15.13150337901509, 103.3670919063278;
  -37.1150088272907, -13.77953851066277, 100.4256273191081;
  -33.8360823552157, -7.578975654343212, 91.57407670543817;
  -32.78075660979735, -5.427615687412371, 88.75862954715713;
  -36.45546169802454, -16.99588586184936, 99.40376657885464;
  -35.61966605325316, -8.513847420425151, 97.18004404130247;
  -41.40076177185434, -25.02814619465802, 113.2501599085452;
  -38.81783550004651, -24.70504942947137, 106.2338037501082;
  -36.43620306494707, -14.19285336632973, 99.78061430206121;
  -40.76465583864739, -17.16684132886904, 111.6607156576057;
  -35.47566526207362, -5.584403478376755, 97.23264252400409;
  -19.89186579019479, -0.5107481280871666, 55.20236692196056;
  -22.93318288007018, -15.64002103030183, 64.32949645012977;
  -32.67698308062788, -16.45287155187488, 91.71259816248407;
  -37.16196308221173, -25.7290169283787, 106.3943178390628;
  -30.77774712999067, -4.297268477476647, 88.73959916490814;
  -36.74670160128531, -16.36807519618973, 106.6611660382232;
  -32.70127268496978, -8.065328932247793, 94.95940475258287;
  -34.6722028845994, -23.68486585090155, 101.2886386484565;
  -38.71757534119367, -27.91511259849012, 113.1593924520268;
  -28.74412281470298, -4.48031352057902, 84.20286116189739;
  -28.14410289279109, -4.352922866514986, 82.66198119677625;
  -32.30659401440342, -17.24406105288654, 94.97042182311638;
  -31.48398289286024, -8.386617847397703, 92.53514461333238;
  -28.84904916257054, -17.83515354826028, 84.85347310487809;
  -25.77095589786401, -5.954899658344067, 76.27980953482505;
  -31.84847888802153, -5.837820293739245, 94.25448234593782;
  -25.31813247505508, -2.507394934809233, 75.31555975395555;
  -16.02475321891429, -0.5752264501565679, 47.89964451317383;
  -28.5617847405806, -16.43036522714137, 85.94692974313803;
  -27.93123599705107, -18.08768751983686, 84.34480452928669;
  -18.36209968845035, -1.592298910627169, 55.59944172728653;
  -9.154533615606468, 0.7501965046744947, 28.02282306773919;
  -7.406605642510804, 3.017208936913018, 23.59009389199622;
  -16.94893818660424, -0.9224595701041204, 53.34311808004497;
