m=[-14.10460171611786, 0.9359592531230335, 17.64606942863605;
  -10.35810819019358, 2.134232800338563, 13.31563981706202;
  -13.77027011504699, 2.055065079341609, 19.15514200339797;
  -35.82823035348241, 2.81766177006003, 52.07871875434445;
  -272.8209463621577, -45.78754319630346, 418.5650729199409;
  -108.2451603724698, -10.41395138838109, 172.8676286568107;
  -316.6181318065528, -17.64920173658359, 569.6814777118884;
  -85.69606424484206, -2.363859302436582, 159.9652567840886;
  -481.7833655770284, -29.14805147646642, 896.5509088036627;
  -87.52254907580741, -1.502540274797749, 163.6014568795502;
  -104.2050918593856, -4.35698414704104, 195.1353022149331;
  -106.4763596632773, -6.076975199157294, 200.4623172943551;
  -94.27276353073913, -5.447546402215608, 180.323602270893;
  103.3180390253911, 16.39231537673897, -198.4227866826526;
  -62.09761238733202, -11.25177104600269, 120.4417761964022;
  -21.40426138847753, -3.602005527133855, 41.51130944627024;
  -537.9788497415058, -82.14718667718037, 1043.572385817385;
  -211.4603829853623, -32.59125128039069, 416.1680952671852;
  -188.0463914603142, -23.68873691047605, 370.8326073762927;
  -131.6460760361428, -20.90391320507757, 261.7750320907095;
  -204.0768117217625, -29.13787694731353, 407.2316094693539;
  -258.5283765018303, -20.33345764929694, 517.2486504775353;
  -111.4445448073633, -16.27373784307108, 224.7362883704802;
  -283.6306597473255, -47.72476683212413, 583.2465845548708;
  -66.82432227274164, -1.047184579424373, 139.5883082859781;
  -131.0685208083528, -27.5520516735938, 275.3218343319714;
  -131.3409752868348, -17.31812433868747, 277.5482204991813;
  -131.7342752896608, -18.96241969383, 280.7711935621778;
  -108.3163614044411, -20.79949198933575, 230.8152219341955;
  -119.4044130017307, -13.08509232431364, 254.9697627232101;
  -224.0662981804277, -39.1187247411668, 478.4237777586193;
  -81.83284021150521, -8.062498323901524, 175.9445637272522;
  -130.0927127699241, -27.65001167297949, 281.1045536583929;
  -109.882894951862, -16.99776397730743, 238.9626405561695;
  -184.4569755926548, -37.43949373102735, 400.8451931880239;
  -90.1427327255111, -12.32827829354644, 196.4583449299387;
  -44.33889635440967, 2.068794307237078, 97.78594579585145;
  -41.28406005293557, 0.5855704014472869, 91.55369653629168;
  -120.4532684946583, -24.72590509236339, 266.7851874296567;
  -77.78996734001713, -12.44413098538402, 174.0359770626516;
  -62.21596325236889, -11.73836879376066, 140.9840077460563;
  -78.73064312536502, -14.67745869066568, 180.1313137093238;
  -62.25603971472281, 0.5065839526223324, 142.5478745303792;
  -72.16959321092182, -16.35735563199796, 165.5439606756969;
  -71.61745521150959, -17.73510612056269, 164.4101004150231;
  -59.28131759947048, -12.01809781557129, 136.6982482472016;
  -65.21596952423909, -12.46824497211135, 151.6279323276617;
  -55.04184694981815, -14.62974849511673, 128.1893976226778;
  -53.61322280565003, -9.894336054706646, 125.9168063564666;
  -52.2491205488905, -8.61016697800469, 122.8139565245327;
  -46.11304785223928, -5.142227924866821, 109.3144910533487;
  -45.82619123437171, -9.974225537418933, 108.6995754297171;
  -50.08510956675059, 0.6676541554632042, 119.4577398834466;
  -48.06493789847953, -9.455435579026004, 115.1924281967206;
  -45.61619060753757, 0.6402556371237118, 109.4497947198063;
  -23.85620271893832, 2.058901420558159, 58.08306257611169;
  -56.42973209996306, -10.08851069263873, 136.7018256480669;
  -59.20100170591496, -24.96458164984268, 144.2019308638662;
  -56.66536198933927, -25.74444480045934, 138.2890498045574;
  -62.36255415559401, -15.01741462078463, 152.6873369799008;
  -33.62418101611909, -0.6416269456693057, 83.02703785762479;
  -50.81955353968991, -21.33061132316263, 127.0177110786091;
  -47.14912273211321, -12.62606497294947, 120.7710433338105;
  -53.15166606717979, -15.06675455465099, 136.6590505962057;
  -16.88799339014996, 0.4960202353373203, 43.86492026656162;
  -44.11369536414883, -9.491423101087626, 113.8781019400379;
  -60.36963823223407, -18.08382623875844, 156.2277845143888;
  -58.36268745069986, -14.13884830245732, 151.0925028168639;
  -18.37531556547676, 2.544397247882864, 48.01348027487032;
  -57.80470170750245, -17.63530348919023, 151.182127884838;
  -53.93848547617852, -18.25369416936267, 142.3475074620186;
  -50.43934981710473, -8.046388169573081, 133.7474264379306;
  -19.14646775233036, 0.7928873929372966, 51.35366023930315;
  -53.05501281784214, -19.74533247483701, 143.0954647245938;
  -48.45951127291522, -12.29990206159759, 131.8769007380988;
  -49.13403081362952, -9.560090085565836, 135.1235524573593;
  -47.49807099840722, -18.150178355205, 131.1038625587428;
  -45.90082297976714, -10.26435138245888, 128.3862106130955;
  -43.91845788881012, -17.71089262570589, 123.3784419674575;
  -25.73327713602228, -7.293391280681704, 72.43922329648515;
  -43.09872720369215, -4.248145411901694, 121.6495301984229;
  -41.10585644672214, -4.882951589698843, 117.0872983800105;
  -49.95437199874218, -24.88277035493448, 143.3720562282525;
  -41.58520291586841, -8.895060174528588, 119.9283492599004;
  -45.46057339534207, -16.25932357346795, 131.1725511918241;
  -31.97288737590102, -3.444143646560228, 92.54612978931135;
  -38.11781690410948, -4.755727687803288, 111.0599746212908;
  -62.6001242391657, -37.84510866403106, 183.7188010402395;
  -37.03456144821035, -5.218998967219733, 108.790364189133;
  -37.70555542428737, -18.10970072905615, 110.948261348457;
  -34.02743456953873, -3.940057931555716, 100.3461269948194;
  -37.99213063769366, -3.654740197103922, 112.1426875821621;
  -42.46759190027112, -21.7457626144813, 126.1403586209139;
  -38.72304885262658, -25.84409610530919, 117.445636017938;
  -31.72717200549518, -14.26761572521278, 96.23923563597141;
  -35.65184144962004, -14.25544982384509, 108.185251994847;
  -35.2245339195224, -13.17198629944677, 106.8981474724458;
  -30.9272128899406, -4.408195194134538, 93.93212554213157;
  -36.69147940172686, -8.093785106411177, 111.3732401288298;
  -34.2490964687921, -5.697318965638412, 103.9897599261105;
  -30.67091579907917, -10.37604712757635, 93.29079166285504;
  -47.18296687308376, -28.18025733866248, 143.5541449905215;
  -35.68771296725881, -16.86947401224006, 109.3618314494156;
  -33.64008603483426, -8.03857095261589, 103.1821779433183;
  -27.00878601666844, -3.840151991186421, 83.09889920084808;
  -42.37887150935811, -17.97497458442882, 130.4134104485503;
  -34.61750016379734, -13.60197921249062, 106.6124514504397;
  -38.48338820321918, -23.15989720675902, 118.5902897248291;
  -36.01226341862434, -7.415771905563136, 110.9029536181276;
  -37.83752418012488, -25.90162460883534, 118.199903513662;
  -35.95052088841675, -18.26136955003733, 112.8189197356285;
  -22.89681118361381, -14.39585763552584, 73.44200610969408;
  -24.73310688489181, -12.60672059156493, 80.21596572472213;
  -32.9226324299645, -8.127614939281687, 107.0219323244332;
  -30.08776487111182, -16.11405476364129, 98.62756443759849;
  -30.42471912470235, -8.082839766779465, 99.88770056453983;
  -33.76225035429474, -24.94461521489344, 111.1921923319613;
  -30.71127926552405, -13.66104364649624, 101.218315737528;
  -32.34487649282455, -5.442787734187377, 106.7994431758491;
  -29.82678122255052, -17.40363472009453, 101.1042094461169;
  -17.11138553544772, -4.376489801914772, 59.05911952965297;
  -28.44438963645363, -23.06200469821253, 98.6976853215164;
  -12.61915839103281, -0.4563351243479007, 44.11200021693961;
  -26.14058484446697, -3.875204770388125, 91.57027372441672;
  -27.78439402871286, -22.31915719006754, 98.73633269343581;
  -23.87854234048396, -20.21869733048401, 84.85972714300486;
  -24.01221892594219, -14.99483260934645, 85.97148333201439;
  -24.81228916664638, -7.489877467703503, 88.89904078319472;
  -11.23735847804123, -0.6134340713215962, 40.68650342316442;
  -11.30094517737083, -0.2457453575018422, 41.07784173358692;
  -12.42527333620095, -1.238013579326139, 45.12121113294884;
