m=[-9.556392018528751, 2.287691827042652, 12.99047003285622;
  -13.82351616797367, 1.452815171294412, 19.28662848663563;
  -11.34858713002051, 1.405519677924393, 16.66451851463315;
  -12.33403515783682, 2.201945512943377, 18.59500000163278;
  -86.66874006606382, -4.745742988435381, 138.1110101694903;
  -114.1128889834278, -22.19275190677159, 182.2550967935562;
  -116.5175169325667, -18.378705606033, 186.1145392419035;
  -29.20116897565037, 2.967797319692654, 47.47710207771447;
  -81.17628549241027, -3.934248421795062, 131.6137900997327;
  -108.2186339925923, -6.64430260100827, 175.6338526643157;
  -104.3596788627734, -7.579233060039874, 175.7108622595459;
  -114.1183189518315, -10.05083362260607, 192.11983143565;
  -97.5423813246051, -11.39839351207045, 164.7393381365451;
  -87.46954179292101, -14.78200023061757, 152.7610734519894;
  -83.81422469822509, -7.47117453036623, 152.4626762975042;
  -148.2810355012357, -32.25017416560561, 275.7621558024948;
  -138.244978049326, -29.67320576671412, 269.1912655117786;
  -85.38843324572643, -3.870760235231735, 177.0179169485541;
  -153.2199636215189, -35.97225688765224, 322.7025191585158;
  -63.20874698512675, -2.273041160690051, 134.3528386426955;
  -49.20193587418847, -0.6490370819244108, 105.7733629560629;
  -59.26721740892436, -3.027956787541848, 127.501807518304;
  -64.62872362474427, -0.1014891599766068, 139.1637959723396;
  -51.78618520065295, -1.517385017748181, 111.8137642878809;
  -52.54541672808206, -2.432794166770087, 114.1354089654321;
  -51.03999534255678, -1.359422910334113, 111.3247857830248;
  -51.67426533115263, -2.407812788915578, 114.1794783681674;
  -91.37581557757913, -14.63557025668538, 203.6571653556274;
  -91.3528947315198, -16.93622494417857, 205.6134122772769;
  -92.25427002337123, -15.73637200795642, 207.6705474062983;
  -79.90880121655312, -12.35213672723148, 179.8894212941659;
  -63.8225572140344, -9.526409414963352, 144.8050426996083;
  -90.75645707894076, -14.12541512993535, 207.5719939364895;
  -65.75146671485635, -8.133620839124239, 150.6993911592615;
  -73.29484710561792, -11.76530304269948, 169.4773784407601;
  -88.05763057442985, -12.58412765355469, 204.3609808055433;
  -76.6565372482184, -11.18652775420395, 179.9736181525624;
  -78.63201193297647, -10.54516632312267, 184.6545602310384;
  -57.15051261876938, -13.02074622506471, 135.6943551457224;
  -85.62293732330727, -14.76357430446681, 205.4682289010393;
  -38.26495684895419, 0.08291521080198705, 93.08045047184787;
  -51.26791451658115, -11.26811076623824, 125.7980114478594;
  -25.16188283165364, -3.697448136749755, 62.72861909869384;
  -52.85620447786828, -10.51062451652277, 131.8090172078204;
  -52.10002662055823, -5.489311234707906, 130.1756349971861;
  -40.45379173028597, -3.801660952032772, 101.6912509254119;
  -42.85527850471716, -6.120066353719284, 108.6399338287829;
  -54.5007022621161, -12.14415047368684, 138.0764114646074;
  -52.86645588154819, -8.35628299924498, 134.7346492360843;
  -59.07593449916529, -12.59153856257562, 150.6177042939666;
  -46.60563680487107, -6.383917833740715, 118.9869244418862;
  -20.81744817117798, 1.559540347426335, 53.68952041470575;
  -31.36144767338766, 1.164621867101168, 81.3128877813288;
  -34.70569496312071, -8.319340673874173, 90.35743737395369;
  -33.81099934727807, 2.699158209576031, 88.1203124927128;
  -61.97527875686575, -13.319820282335, 161.3840710486772;
  -45.34073625360677, -7.437117832028495, 119.137818907274;
  -31.82269159658649, 0.9775861100836224, 85.81081638607469;
  -38.47574724131813, -9.237617586882992, 103.9727635140284;
  -34.03402352004312, -9.080331480317891, 92.05167927647246;
  -33.73138270062064, -7.192921397595016, 91.58248115534538;
  -32.93406168375653, 0.9298387993790975, 90.12252904626531;
  -32.16576233051963, -9.228208159980255, 88.26124187437709;
  -36.16345494555483, -7.255783344775487, 99.16529332113663;
  -29.63070939184672, -5.711400457005593, 82.10171573814995;
  -29.77488886019086, -5.066478888858575, 82.57072732251889;
  -27.88147785145838, -3.002363455845141, 78.02977811789671;
  -30.39384828177143, -6.989466226183693, 85.10079538435616;
  -27.95645324984788, -2.289928515572065, 78.28879233781578;
  -27.19384130034549, 1.030335710151133, 76.73449356511681;
  -30.41831838085558, -6.292130394470579, 86.19414860942969;
  -31.45267521659332, 1.212680228817491, 89.29042680290473;
  -29.76067891098865, -5.556525078678865, 85.46760241486592;
  -35.90235060421334, -16.84698415527992, 103.673844121435;
  -33.5014836657696, -17.01608947197254, 96.92442170340082;
  -37.37018321295132, -17.43337467645492, 111.143495647479;
  -12.86358041586268, 0.7172468153472357, 39.58057858441812;
  -29.47801945838861, -8.629558245970481, 89.98584070746351;
  -28.32971836625197, -7.37993118028768, 86.54451856833093;
  -28.41928310424247, -8.831794043006834, 87.35336067960652;
  -14.57719337788641, 2.726474289448423, 45.24225498867476;
  -27.97735620608713, -6.449186410941384, 86.32187771810403;
  -33.69171197345291, -11.11353172702889, 104.4072216919056;
  -35.23454822323892, -11.83206736450287, 110.5350825982454;
  -26.33529030570362, -5.810455811615607, 83.46352728163403;
  -27.28096421124747, -3.384754089269758, 86.80760548197688;
  -26.67522338052012, -4.393192960614027, 85.02341597296798;
  -34.02298535471091, -12.44675614994324, 108.8369979465462;
  -24.04364082734434, -5.07709336912162, 77.49482152319285;
  -28.56381569581611, -11.94563955714214, 92.80543656110835;
  -26.07497793581533, -7.28808898869608, 85.65697307011887;
  -28.61970925739436, -9.932810192299648, 94.69583413283948;
  -22.8818682009243, -4.753922829900857, 76.08651942846294;
  -27.57755651007465, -11.91161504629595, 92.01884216994158;
  -21.59735854177054, -2.680630580104637, 72.89514482773473;
  -25.6590697083898, -6.2199337620208, 86.99664634339145;
  -27.27425223318163, -12.49686217636653, 92.86081779357961;
  -22.43072156856646, -2.631055301810785, 77.69457066592884;
  -24.22090136059784, -13.89675822843653, 84.62749815827785;
  -23.7356334256321, -3.676330378090602, 83.22705069682719;
  -25.45727848884063, -12.13440300867588, 89.34736889735923;
  -24.76301147424622, -10.00425311752279, 87.04818235048712;
  -22.89198886971391, -2.313790707081482, 80.87566900047997;
  -22.50513419558177, -2.800452433282246, 80.04109011561182;
  -16.30962442977737, -3.784589806048898, 58.54207073753651;
  -23.4400096639353, -12.98331835584292, 84.1951925800488;
  -29.79590747899519, -20.91731076418622, 106.9113767372268;
  -21.76653264862508, -3.121243972174469, 78.16644515710918;
  -20.19970927607174, -2.345900890037473, 72.86845275396158;
  -20.37465665579886, -1.855145177987071, 73.60651124601293;
  -25.30996517972818, -13.0482454471062, 91.75818067299265;
  -23.2560741198349, -13.82937455112634, 84.59366502776027;
  -12.55071040576676, -4.881019639462778, 46.8155693172769;
  -25.49140797547184, -19.98096687196813, 94.89646117267476;
  -20.1532840152025, -10.52797489101171, 75.0921580090078;
  -19.76803572676176, -8.490741596933708, 73.73765127218411;
  -17.36828361545597, -4.217704416910353, 64.83264192600009;
  -16.02275166558457, -4.46940364304038, 59.95684936805924;
  -19.67628075683662, -3.451862898777935, 73.46000053640557;
  -20.02308891046502, -2.947346918796531, 74.73519230570443;
  -26.76705268107466, -19.23633709926316, 100.6770418670023;
  -22.1474614818748, -12.16422884720103, 83.51585044234992;
  -20.56613775679805, -5.441076971530571, 77.69066650758049;
  -24.91007363559558, -17.60456982831449, 94.55938445142583;
  -21.67191631183999, -12.88947619050509, 84.10121313740547;
  -8.032205777566965, 1.179567488771514, 31.63029775334608;
  -17.6891287258173, -13.32825055790343, 70.66384827837686;
  -25.78120259037063, -21.73294341624735, 103.2843706508651;
  -19.11257240435901, -11.54480956960058, 77.12394413638397;
  -18.39037427811947, -5.09488137165572, 74.55435567473953;
  -14.10858206350771, -7.000013295960567, 57.64567306187486;
