m=[-3.199649277577609, 0.7659597353818204, 4.349439409290903;
  -10.0012941300441, 1.016459784104985, 16.26073472323293;
  -18.40366908056747, -2.676776765093613, 45.88310432364243;
  -21.27724392752404, -4.231047686413235, 53.05966704726802;
  -18.08822030633599, -1.905793094245025, 45.19470942875029;
  -15.06759841331249, -1.415983473458104, 37.87637364891003;
  -15.84483281371761, -2.262765091419638, 40.16731773708886;
  -18.05602441870432, -4.023344074407077, 45.74456756651739;
  -17.80329622629201, -2.814060051984886, 45.37321127919176;
  -19.3011318422109, -4.113873914190704, 49.20941484878347;
  -10.49342654087774, 0.38967824883595, 27.20699706359698;
  -9.63756267274232, 0.7693740767981803, 25.11801043403726;
  -13.67992959332399, -3.279231111850979, 35.61615414479861;
  -17.93939000022004, -3.855560726319078, 46.71430041845052;
  -13.87470711162953, -2.709466381362481, 36.98071772631051;
  -10.50619628289697, 0.3227480467765953, 28.33026481783955;
  -14.7985413639901, -3.552972346626921, 39.99000284361982;
  -14.09590878493327, -3.760810831200744, 38.12514479273779;
  -12.31976739311226, -2.627082301422528, 33.44881753386238;
  -11.33496516743512, 0.3200240074697516, 31.01760533971461;
  -13.21781381882054, -2.652003065120025, 36.24510950020906;
  -10.673872685758, -2.057418218688767, 29.57550727126514;
  -10.67934310881868, -3.163150563539483, 29.7804475380118;
  -10.11517276038389, -1.089232974203636, 28.30856708248924;
  -10.06659016444568, -0.8245599563766863, 28.1903136957645;
  -9.832653743677042, 0.3725451717456692, 27.74538900514294;
  -10.53773919935805, -2.179766424794055, 29.86001550725213;
  -10.69184887944231, 0.4122318262697044, 30.35289504575773;
  -12.58608906696527, -5.905954332227537, 36.34436782180839;
  -8.431498720363825, 0.002324926092926531, 24.67435734798835;
  -12.04991227019679, -3.1175957741452, 35.042420105601;
  -11.7362777936636, -5.475031441991599, 34.90512563036047;
  -5.52884524136937, 0.308277051467708, 17.01197384262092;
  -10.08861821473416, -2.628099127791824, 30.8197418388023;
  -11.67846405363801, -3.418818076180576, 35.65017003676118;
  -10.2716917261766, -3.192109578066966, 31.57246398001114;
  -9.879288796062488, -2.277319364417619, 30.48174935164156;
  -11.37116574017288, -3.818536233193818, 35.67273621233357;
  -9.739607358634807, -2.148886817760931, 30.86740169003429;
  -9.508331819155334, -1.179700422529462, 30.2553645449477;
  -9.829744404930763, -1.618879186440573, 31.33088842505082;
  -10.98217071328658, -4.017648640771007, 35.13114675003352;
  -10.23178866359765, -2.85983698538074, 33.61168888327678;
  -9.445460015645667, -3.278159140981637, 31.25278831121791;
  -10.25094918729785, -4.427707746102334, 34.20464300430142;
  -9.047504021188713, -1.122962139370488, 30.53702677012633;
  -8.756592536924048, -2.122657843002959, 29.68908042129356;
  -9.355110256302247, -2.981781614596993, 31.87199490333152;
  -8.304716935213399, -0.974117995073819, 28.76552209036715;
  -8.073230936002043, -4.632021606861683, 28.20775849734937;
  -8.319859205166514, -1.28863429043187, 29.17290351775889;
  -8.559314960225461, -1.987056015348988, 30.07583613106146;
  -9.568572934129321, -4.560932161367152, 33.58280486037431;
  -9.09123118781284, -3.672856108288241, 31.95795273326129;
  -7.820078963215265, -0.7904086506729551, 27.62774878959298;
  -7.702379200781025, -1.104493997272385, 27.66024387513733;
  -8.711981548055736, -4.825528298423364, 31.29294632164573;
  -7.300245022973283, -0.8478167216580411, 26.33491167019025;
  -9.853211795850209, -5.079703786299573, 35.72161327574753;
  -8.770172747208655, -5.215239819681576, 31.90138850564636;
  -6.50442629816394, -3.39787980439565, 24.23582216035994;
  -6.06063972335193, -1.471762408793017, 22.62326512660718;
  -7.145134480564215, -1.051745322105185, 26.66886222414945;
  -7.836358050183693, -3.598299689355276, 29.20688638086103;
  -7.912401766076039, -3.398524756606093, 29.51441054724881;
  -10.28718406065229, -7.392959648963836, 38.69246542411135;
  -8.496524842031825, -4.666614847439154, 32.03954090032231;
  -9.647950224685957, -6.818446862713397, 36.62390757290458;
  -8.260278197659041, -4.912840084081836, 32.05528331133561;
  -8.105799435763226, -2.22383539494267, 31.7629066551531;
  -12.20273204484439, -3.38065290234764, 49.46972863718678;
  -7.493542722532548, -4.748259128779275, 30.62134928140142;
  -7.117414077796065, -3.721520371014792, 29.30533483252038;
  -6.30631700109751, -1.135131173035428, 26.06670946331796;
  -6.553448735096882, -4.568936949064151, 27.89596285237246;
  -4.341457121875922, -0.06895906215422837, 19.09039342372969;
  -6.185652334671254, -4.79118077499511, 27.67814969796303;
  -7.497138876975726, -7.365333629620074, 33.81783459870141;
  -5.510189505133786, -1.933973899148078, 25.14716402248289;
  -6.179574669762142, -4.686019082010511, 28.11671310161007;
  -6.110413926794602, -3.76923003524892, 27.98431153067669;
  -4.362044368804246, 0.0206572054167026, 20.12325076428477;
  -6.612563249250044, -0.2283785239820397, 30.36334195287836;
  -4.899118905092167, -0.4784879838940473, 22.61212010016782;
  -2.914717714478604, 0.5655031025873857, 13.70128096183384;
  -5.521657569404733, -4.5891395384049, 25.98517017500549;
  -5.40101533594866, -5.100452656107868, 25.5211873666834;
  -4.678670032330649, -0.3601780853136357, 22.20939227444224;
  -4.396823641154475, -0.1516783146283209, 21.2751597880808;
  -1.706288953752015, 1.26159345048925, 8.48927100556844;
  -4.187433693534832, -0.3089587881882251, 21.26059192960505;
  -4.741927776478033, -4.473925624449501, 24.03649392745866;
  -3.282247621833945, -0.06681525251359549, 17.16862413835807;
  -1.518703004245917, 1.258913615079965, 7.965436083439355;
  -4.558611309944891, -0.4307375994854186, 24.26430500090563;
  -4.709086482766001, -4.711697355960821, 25.11756408327794;
  -3.50632096862722, -0.3957421657087084, 20.38051409906189;
  -4.100602712022859, -0.1234516022921663, 24.57179198238612;
  -4.5666960984685, -0.4015225874849677, 28.1720722494631;
  -3.279020471433507, -0.1572770528232221, 20.61278322246722;
  -3.12073536741664, -0.2773017278484194, 20.12913155170444;
  -1.193519943934167, 0.499881099226664, 7.453210664906013;
  -3.619109557554939, -0.4198257511373694, 23.63509264311993;
  -4.485796889106924, -0.05068944542718958, 29.77999261331523;
  -2.4094730902043, -0.05249309656012974, 16.60020904589546;
  -2.409362521351792, -0.1182968590931811, 16.71057545382145;
  -1.012653275223269, 0.5733084751081147, 6.842740895706105;
  -2.152577334221244, -0.153868732694825, 15.36995654374166;
  -2.259867037648796, -0.181648559762911, 16.90707794867085;
  -2.332613984399273, -0.067022068272268, 17.52827404420697;
  -0.7957956141344579, 0.9486495454332331, 6.714669519668388;
  -1.668127327375033, -0.2532483894473371, 18.52161394066831;
  -0.4745981680382083, -0.006934015335721724, 4.721386866588411;
  -0.5860106563777566, 0.5791165953177923, 6.335923062460318;
  -1.028190968654079, -0.3757019709529318, 13.31791037187828;
  -0.5376977525522794, -0.546813338414165, 6.868629557820969;
  -0.4972615106089909, -0.02700570944814022, 6.368710571835558;
  -0.8236193970271669, -1.997962963686027, 11.23244435960106;
  -0.4964426399283235, 0.5414409120517966, 6.286247540547402;
  -0.7879299277801495, -2.183555769168941, 11.02028945241174;
  -0.4750495049994388, 0.5339992415507989, 6.200760417000331;
  -0.643821404687418, -1.721479509103729, 9.636634326696433;
  -0.6077162638647313, -1.12212353960954, 10.51511384262328;
  -0.4308171501186985, -0.07359105679400999, 7.14777903976112;
  -0.5991611131301838, -2.006704617876315, 10.18065539703233;
  -0.9705258159986886, -3.182333394427423, 19.06132123657472;
  -0.7124251040222883, -1.854458658643381, 13.55135567147002;
  -0.3352154922097519, -0.001262853101620994, 5.329589429553792;
  -0.3477133295707728, 0.045105352059181, 5.589576854677905;
  -0.9713970534782883, -1.775708924516032, 20.76603305697379;
  -0.6570154364693054, -1.054844167390121, 13.58460012547802;
