m=[-14.35324425191745, -3.807446759172581, 18.49545535360099;
  -14.31958476277116, -1.0935410815431, 18.58266291502273;
  -14.07962717371967, -0.05466623872623912, 18.38925461261466;
  -14.06614352651764, -1.099408142329941, 18.52516606539493;
  -13.61054918007227, 1.393320790652652, 17.97566663629382;
  -14.14335207368098, -0.1707305530527344, 18.71012797926582;
  -9.204894571866182, 1.840047930464374, 12.71475127389153;
  -13.17457617840034, 1.107171731496796, 17.79679338815759;
  -13.19310131254535, 1.765888651313732, 17.88603112052318;
  -13.07240016713678, -4.049529770022248, 18.73790233293739;
  -9.292947399417749, 1.798805285188632, 13.72246222469905;
  -12.69800909772723, -3.955021275483929, 18.5288469342549;
  -12.59769845437334, -4.064430723718202, 18.50579042078352;
  -12.38241043525066, -3.962741511085841, 18.28932390802461;
  -12.43871407109511, -4.158545123226731, 18.42699088643916;
  -12.29508263506467, -4.168182529823524, 18.46839882671879;
  -12.02864746751214, 0.8559735795360671, 18.41684518158591;
  -12.09940439159657, 1.128607279003947, 18.54042204621229;
  -12.03891550438927, -4.048341827404598, 18.56392200414836;
  -11.78546882410136, 0.9774066733173801, 18.29777615178638;
  -11.62552108415417, -3.930048541608641, 18.40370530461081;
  -11.63798078369404, 1.684662550111476, 18.68330626842332;
  -11.58515335375283, 1.839274940778473, 18.8078422295746;
  -11.50552779877458, 1.739607273002443, 19.70981825858566;
  -11.78094465042896, -2.537523958053409, 20.57656992618269;
  -11.45011305217017, 0.1466893691953769, 20.06286886760726;
  -11.7419929474265, 0.2645794357776977, 20.68842196944433;
  -11.6750264558782, -0.2612500604605373, 20.57768209137307;
  -12.16060133264831, -2.943916045938503, 21.43364993337263;
  -11.73649033580253, 0.04390649569700061, 20.7782685649786;
  -11.50359483735175, -0.2448362664608008, 20.39048403378761;
  -11.75020222672091, -0.08695166025935136, 20.8538033069391;
  -11.91099256967231, -3.0064739363987, 21.24222054498353;
  -11.94271059516614, -0.3796429191678356, 21.35114032571557;
  -11.6182409158498, -0.1381097650035813, 20.90080069056814;
  -4.626304794365066, 1.779817170079747, 8.905654465434138;
  -12.0904825728152, -0.2581979826549555, 21.72576512819128;
  -12.51386878182596, -0.4759045295553757, 22.48964913312519;
  -11.9566924643623, -1.00703887769263, 21.54790275849883;
  -4.552593122836041, 1.804015526801947, 8.803871897716611;
  -12.68131897940614, -3.098561349529391, 22.8897353291041;
  -11.8483663047403, 0.05794922251677964, 21.49589229095712;
  -12.32842046308182, -3.210351435308241, 22.36455053261355;
  -12.63422352355047, -0.4856685662588646, 22.98036307106735;
  -11.72415957051378, -0.242621311908538, 21.43241268495794;
  -12.39387131677439, -2.92272966571553, 22.63547645764134;
  -12.23307453126291, -3.232632897553129, 22.3714329925936;
  -11.72375178012428, 1.420315165777424, 21.48536004384629;
  -9.616093160822132, 1.717021747329875, 17.97064781741613;
  -13.28749041465028, -5.889279407487157, 24.49504163994408;
  -11.83617345745251, -0.0180916453389812, 21.94198750898947;
  -11.99929419694144, -2.873129867587732, 22.35915652220144;
  -11.88933243881774, -0.973340907819135, 22.25566360227632;
  -11.72069301510478, 1.450539194255983, 21.95883074987212;
  -12.14988409927224, 0.05266394071499606, 22.79977000798803;
  -12.04559581965393, -2.603658996187989, 22.62158368976675;
  -11.96679257470432, 0.2530656905139533, 22.68559438288492;
  -11.84384459026501, 1.686907632232537, 22.57202040748855;
  -13.31201255807773, -6.00013722405557, 25.42859742367696;
  -4.59547522846085, 1.761421043062248, 9.447403703015999;
  -4.515791396112411, 1.779210863181861, 9.308320650180322;
  -12.19812090959054, 0.3711214169037534, 23.53999196672694;
  -11.81689338761999, 0.9068868179312636, 23.04616684104827;
  -11.86484504766002, 1.278461277448231, 23.19407768898324;
  -9.143196826463342, 1.697889389158719, 18.09632955032867;
  -11.9411529679821, 0.7864071214766855, 23.4288604329803;
  -11.80328653592632, 1.186193077395738, 23.22273574108082;
  -12.09419668744517, 0.5153890697346822, 23.86697236776743;
  -12.40950185736415, 0.2212010287195453, 24.5329071358858;
  -11.47072344193917, 1.733951341844319, 22.78712730157956;
  -9.008642250720797, 1.664444574657353, 18.12703415466452;
  -12.08606697915675, 0.4298302848326847, 24.02323370083805;
  -11.99614048074376, 0.9426671037628625, 23.87442546566632;
  -11.91166661021822, 1.357777584318456, 23.71515983583119;
  -11.6337825636728, 1.557944667403669, 23.18745558156938;
  -9.447315835549491, -3.822231412525811, 19.03178217053056;
  -12.09003684751353, 0.5995626535264034, 24.08560949392053;
  -9.55290250900835, -2.612261553825212, 19.32557143705376;
  -8.87196382871984, 1.649844920113637, 18.05986504888203;
  -12.35776143691352, 0.153081897801374, 24.87225027008272;
  -9.641168878377572, -3.608391776745358, 19.67184582836424;
  -11.85194263199201, 1.33340628980858, 23.97093266790289;
  -12.31675274951912, 0.05234603786013267, 24.89824392337615;
  -13.72561239877612, -6.583493644782658, 27.67918837938416;
  -12.35104518081717, 0.5329740987267482, 25.01605545262256;
  -12.05233412989738, 1.047548553318026, 24.45276249782767;
  -12.29120049440832, 0.4283179122608644, 25.02969294983402;
  -9.004371911585725, -3.711348987480211, 18.57265684247059;
  -12.40109237863071, 0.2737563192125659, 25.35220404374712;
  -12.05064109155356, 0.9044083212489581, 24.73986129147518;
  -12.40680370130842, 0.8055494796491126, 25.65735185555186;
  -13.40509239777069, -6.502119348915257, 27.65324973018179;
  -12.05832246820148, 1.088908675756035, 25.06247111451918;
  -11.9638887493847, 1.177559805315815, 25.11751886899702;
  -11.68392474796782, 1.549049468580109, 24.5408547876368;
  -3.496423333176841, 1.738538096619843, 8.051785366855272;
  -13.35596259171624, -6.272926597516958, 28.05504833376132;
  -11.70362266935802, -0.1045942402130994, 24.71106090979624;
  -9.233649460950492, -3.740972080362283, 19.70320673231051;
  -8.920151583571174, 0.5654262444588588, 19.09796586779472;
  -8.899805201791708, -1.613567748771187, 19.06313886521924;
  -8.74842102992902, -2.439182405229484, 18.77485512386923;
  -9.044049509766257, -3.408492474356216, 19.40255510938522;
  -13.24471680264903, -6.460421637263552, 28.01674421606311;
  -8.9691183693397, -3.152499943903569, 19.28470887041474;
  -4.578885924499387, 1.742080115188417, 10.31963758106798;
  -13.10952770445327, -6.537572708262076, 27.77511441627716;
  -12.83335185959015, -5.8918989788953, 27.23174310428712;
  -9.212960176129373, -1.157762787850982, 19.83526255212901;
  -8.698083965863546, -1.759559411045936, 18.7863299702358;
  -8.658982446109171, -1.386557801942751, 18.74699087714886;
  -8.666628335607673, -1.311515926686274, 18.77118929220151;
  -8.760242891138805, 0.3716012185125459, 18.98203520685053;
  -8.824545161223822, 0.2708233325251176, 19.12270300504424;
  -8.606416619201026, -1.145382972650491, 18.73963874662097;
  -8.671881087190819, -1.455096743082423, 18.87659237069663;
  -9.146044565127442, -3.729686218319941, 19.88517030200276;
  -8.735361536191119, -1.679344874544446, 19.05437995736124;
  -8.908991442465068, -1.920934305399559, 19.41976689574403;
  -13.02323814435541, -6.702574740873283, 27.98094396343388;
  -9.040248995670108, -3.540114287685196, 19.73244072813782;
  -8.253256909387822, 1.49299933645941, 18.09950060677;
  -8.724865713119847, -1.103727608010743, 19.1295774443124;
  -8.66901415619474, -1.230737501156258, 19.01686700495597;
  -8.61321654457606, -2.481731996480706, 18.93448102436558;
  -8.602386413107539, 0.514040868874292, 18.93382775195564;
  -8.669690572823344, -1.735240027936709, 19.08528274907852;
  -9.02879065983589, -3.410836808544246, 19.84427669263247;
  -8.700065672339889, 0.2671462992688309, 19.15731862293108;
  -8.614448092624983, -1.143890641247824, 19.03538092028381;
  -8.243759051667272, 1.736239003476316, 18.26086300743589;
  -13.53903129005813, -0.06256068994481444, 29.40295507526371;
