m=[-3.952514031168752, 1.073048202488601, 5.659674898654923;
  -4.565551990289047, 0.663173621874248, 7.209352418541769;
  -12.87513937187388, 1.582275819435129, 23.5147512236677;
  -5.714303557094576, -1.326604081967729, 12.2719466599609;
  56.30106237017757, 6.843677436138891, -125.415396347808;
  -152.4811848572836, -34.99572524923661, 344.2086094731116;
  -7.516029222000284, -1.903038927015265, 18.50542210312233;
  -49.21405720574154, -1.355760321881667, 122.0247178688005;
  -51.96329705317246, -2.293754264171856, 130.4968739038448;
  -35.96199962689246, -0.7352900096626039, 90.65151301310928;
  -164.0258077896854, -26.96517231586772, 442.4072878549183;
  -98.88317579279384, -12.65925577083514, 266.9723534350304;
  -139.0490416018166, -20.81965804606057, 381.246279239952;
  -101.2699720802339, -15.52276260754641, 281.155769992039;
  -13.07200947956081, 0.262639559959432, 37.61982679283948;
  12.96355534206857, 2.395437444185508, -36.92557967578394;
  -69.65461183267512, -16.69125674383068, 202.879125890938;
  -34.49710772550634, -7.495896718471349, 102.4750030301743;
  -58.11586299435891, -6.220347368617538, 172.9469269458624;
  -40.67004999398161, -9.546027020747287, 121.1729188047185;
  -26.59468530845228, -2.527210106493065, 79.60023394301005;
  -30.24236309366555, -4.592085670156919, 91.41568722845008;
  -47.71382297867839, -11.70939627750841, 144.3390700057112;
  -34.03197883922184, -5.762393718081931, 103.6423790543874;
  -51.70366475563422, -12.09211432290211, 157.6127544948475;
  -13.85542808498318, 0.8394802503545255, 42.86073051098482;
  -11.04055689647221, 1.240473164308744, 34.38434105010438;
  -28.75103498905819, -7.640576427476885, 89.42809730623389;
  -25.52103947951691, -6.015695229170003, 79.7269822376536;
  4.663727927809664, 0.6536310897864576, -14.70853235190082;
  -14.13003979738607, 0.7635631552458736, 45.7772615247525;
  -19.11356820016384, 0.8024911310874209, 61.98496525324573;
  -21.21438100193571, -5.700262911418853, 69.04454548593589;
  -18.32373238002401, -5.521773330753895, 59.6682929826244;
  -20.45804965356294, -4.821669630072947, 66.82716728738039;
  -17.54241540749723, 0.901656985824753, 57.84770296446798;
  -19.64337217179611, -4.363210065952245, 65.00557144230861;
  -17.22737963327929, -1.591358420903699, 57.3635729245366;
  -16.87941346102197, -3.568948899158085, 56.39842575035985;
  -17.53482757751549, -5.365070353640073, 58.62696768920769;
  -14.14508889828731, -1.572568227696866, 47.82095506221143;
  -13.73825382187168, -1.102014628901405, 46.48041823855861;
  -6.139455443504869, 1.033377932281363, 21.1221065576569;
  -12.74733189664687, 0.8125124507921776, 43.55119244374986;
  -15.74362425411907, -3.609168191792994, 54.04071726365795;
  -15.84085665659562, 1.023611477138175, 54.54101047954762;
  -18.49597506157165, -10.08712036372463, 64.99400449435426;
  -22.19410231890604, -12.07213465644814, 80.7851600638643;
  -6.480695590050179, 0.5549150477178552, 24.2700205239296;
  -15.79258170724394, -4.984267319481146, 58.7354518413178;
  -15.17794716437897, -4.511647896802023, 56.97743840134353;
  -21.58632866838935, -7.264789556355637, 80.99098157917662;
  -15.79460781493195, -5.659864628619415, 59.71793348288004;
  -14.37233989802735, -3.739637695414508, 54.58672075030311;
  -11.42749394874928, -1.931184490084565, 43.35716220098068;
  -21.80814550760487, -8.493382357261227, 84.65731903285595;
  -16.20645515754926, -4.044110670961724, 63.56393130476685;
  -17.23690640318186, -2.263035330105148, 67.98339771076375;
  -17.54213078577203, -3.191302790563473, 69.32654993304173;
  -25.50049052309908, -10.90489908034271, 101.3298645840683;
  -16.40343259327146, -2.505654511193163, 65.39711771149871;
  -15.42643166587131, -5.01682009755303, 63.25077602323133;
  -13.56660801830756, -5.50706029860684, 56.09912539826048;
  -14.41830120088001, -7.575796875555574, 59.64153590846949;
  -9.346150255501742, -3.511459879969194, 39.14508918407643;
  -14.00934582327205, -3.743321526210779, 58.57137022970907;
  -13.87189137387616, -7.140512324626142, 57.96976333874028;
  -14.63927038769386, -6.482674864239259, 61.36806535895924;
  -19.48850781692953, -15.46314999008198, 81.47096756901311;
  -27.19472213081997, -3.632085980637641, 115.1206864581771;
  -16.34784970338113, -1.489876342417233, 69.48181461222302;
  -15.81252730894783, -4.418059749521291, 67.37029701810066;
  -13.42937316867592, -1.990913889719455, 58.06276807418345;
  -18.26830886700163, -2.266163132562753, 79.86293689851392;
  -13.38279892238614, -9.281101697450708, 59.03544395635925;
  -10.59325612115095, -6.274384336921561, 46.61063007909844;
  -13.30306609600918, -3.875145090945992, 58.81539755005169;
  -18.3201995403693, -3.127696379127896, 81.35146810806538;
  -11.50515913732923, -6.631880865755212, 51.15018337458633;
  -12.68278126469564, -6.149720282248561, 56.48549916594492;
  -5.5265555315997, -0.5662182273611887, 24.76686483121456;
  -11.59328740256848, -2.142327851734081, 53.02073821511289;
  -13.76162695886743, -2.164757016702001, 62.92656056287706;
  -10.97282243170899, -7.4245048085001, 50.15715145310331;
  -15.8417262874725, -13.67410712414752, 72.43226577532313;
  -18.85922885945684, -2.303523480696517, 86.65064002436333;
  -11.95909236268244, -1.086893444719593, 55.06348462148382;
  -11.40461857460608, -7.181528416452069, 52.79757638389124;
  -10.13939809383517, -7.410361258386375, 47.09271402056837;
  -6.652926319295888, -4.282868250876394, 31.83084538972734;
  -5.140211172305984, -1.475691004875176, 24.63463352532171;
  -10.14477752688024, -7.023528563179164, 48.56575785355338;
  -9.468360348052524, -1.548971575578511, 45.43870762193814;
  -10.23212690037592, -5.372766813202054, 49.02471308820945;
  -8.678241694504536, -7.273499735963756, 42.39219807250954;
  -11.57917418204105, -10.36489626203547, 56.15761608216139;
  -9.958809590136406, -6.767819281383765, 48.41605066713902;
  -10.5124011176273, -9.277875413994501, 51.57143792628446;
  -5.765972168252851, -0.6097404700237467, 28.55781718987968;
  -3.270834690942967, 0.126190902428028, 16.27698389094203;
  -2.152276032757251, 0.4741847278172263, 10.89647148711381;
  -8.296527500844567, -6.177965075277154, 41.86581889804685;
  -9.516428204755046, -8.474231520370152, 48.19452759085045;
  -2.092705438197807, 0.08843955116318807, 10.80600434679123;
  -5.922581752249951, -5.702766385198185, 31.0715664464402;
  -8.425525973182973, -9.080797219103145, 44.45273972549794;
  -4.053318827908299, -1.365677399935156, 21.63030827611398;
  -7.786148378559775, -6.270502666310484, 41.93265167904373;
  -8.067984430241038, -1.480022183025617, 43.79894462248009;
  -7.768606648317474, -5.137945060295348, 42.25491974515629;
  -7.669967948085229, -9.524065325318933, 43.11435919632893;
  -6.379024345912524, -6.835346149854987, 36.15173000209303;
  -6.454829787580358, -5.810884922516465, 36.68033118845856;
  -1.832937247521363, 0.459948446755549, 10.76081270849803;
  -1.787062625822133, 0.01785795115847625, 10.52407410982484;
  -7.548177103221692, -10.67093408522019, 45.28038157121472;
  -6.394164354858869, -6.500881016095505, 38.74164835808459;
  -5.693787754604359, -5.337447011730201, 34.49221389079375;
  -1.642624415302829, 0.669491066924197, 10.17776974504569;
  -7.120345792964788, -9.268498588946315, 43.70515469861837;
  -6.734422740652841, -9.305242705673663, 41.35817855156555;
  -6.209069778766718, -2.773704425099838, 38.65519706069889;
  -6.148090446091506, -6.165501689484309, 38.1720539867242;
  -5.6575417298307, -6.690261667693404, 35.13303787028048;
  -6.277187673827519, -5.088604702473901, 39.28545684399987;
  -2.790445749158785, 0.1096606003362483, 17.56295967448947;
  -3.570856253067362, -0.06007139166095595, 22.50727869718727;
  -5.875683414813733, -0.5898495016752936, 37.17830875092905;
  -6.769839442712831, -10.23665957501303, 42.82692330315575;
  -1.925231096227698, 0.5901243553736639, 12.33090947214775;
  -5.423508228032844, -6.05083773971296, 35.23761593405502;
