m=[-3.02889200359957, 0.4399646054990832, 4.782849902508704;
  -3.281361290528223, 0.6766335141774131, 5.359638451151576;
  -8.383357974471101, 1.030263380111566, 15.31110238847438;
  -86.95979611882798, -20.18815054987626, 186.753463281872;
  -22.42436962609137, -2.725794966721793, 49.95218715438823;
  -44.4158413062821, -10.19381230886399, 100.2636160580928;
  -25.37651387847284, -3.889737428095191, 70.4528020760487;
  -28.2929680580696, -3.963414089586129, 78.60000003239615;
  -9.751139200026323, 0.1959174610913858, 28.06272197946589;
  -19.04160315800079, -3.518553976776384, 54.23837951952009;
  -19.42932025432847, -4.655826286163817, 56.59070384775512;
  -12.89764575638669, -2.086039433295344, 38.27884021711328;
  -17.44299347549017, -3.790198256434404, 51.81509196304454;
  -19.11324226935903, -2.045758251365849, 56.87907473348998;
  -17.42091775752978, -4.089017634947703, 51.90412731848655;
  -13.15877704572759, -1.998065803301333, 39.77594750104367;
  -8.06323340936301, 0.8352557386232434, 24.65670803657195;
  -20.17434218611877, -4.950962898128756, 61.02939582985448;
  -14.62406982837526, -2.476190071401324, 44.5367398596136;
  -8.189099298539956, 0.4961656245588847, 25.33236620403144;
  -6.693470926811468, 0.7520518338566313, 20.84592193261408;
  -13.83726688677705, -3.677248322923016, 43.03985752422339;
  -12.61241327658677, -2.97293667983933, 39.40081085190243;
  -16.7218247614765, -2.343598235413214, 52.73753192598999;
  -8.054349664563116, 0.4352432641035485, 26.09377441914323;
  -9.935792654207607, 0.4171583977321829, 32.22160069668382;
  -10.84309981439104, -2.91351982936227, 35.29006565286792;
  -10.10576682503281, -3.04532682446929, 32.90780738467396;
  -10.47862922422754, -2.469663000668957, 34.22892797544517;
  -10.29104523712483, -2.032724085920052, 33.78965265984022;
  -9.927232640170749, 0.5102466480238534, 32.7359483678821;
  -9.488322045734014, -2.1075578010167, 31.39958817749147;
  -8.635960550708694, -0.7977364426574962, 28.75594335118859;
  -8.65411612547039, -1.82980873657169, 28.91560935244624;
  -7.197824377381751, -0.5773737960431116, 24.35228609153888;
  -7.710569666803356, -0.8572160247735388, 26.06747883959211;
  -4.421173116912466, 0.7441609074052938, 15.2105492978319;
  -7.539584496553195, 0.4805716464368958, 25.75895081555649;
  -8.308081168639021, -1.904597175637062, 28.51787226314648;
  -7.756933708856406, 0.5012409709849506, 26.70758355279608;
  -10.21948756933682, -5.573385605480416, 35.91080863811651;
  -12.12856492473984, -6.597143099417332, 44.14722635370699;
  -3.857651174982286, 0.3303146484971006, 14.44679384952508;
  -8.69584049267298, -2.744478033200228, 32.34139483621578;
  -3.590738068199843, 0.8883996147917079, 13.61917141396112;
  -8.494715997707891, -2.858861505000891, 31.87181097164455;
  -8.307314260727384, -2.469350861916622, 31.18534288233993;
  -8.370026683005914, -2.999328537867211, 31.64628730022265;
  -5.532312521365886, -0.9349308066561493, 20.99019893697952;
  -9.406299495646302, -2.447489581922942, 35.72550103223174;
  -9.2751557711138, -3.540148016157914, 35.46465656747768;
  -7.741296421809058, -2.148090433636056, 30.09577452307065;
  -9.83382468286827, -3.8298732478994, 38.17404983841676;
  -7.639414068675063, -1.906316690151249, 29.96282569811288;
  -7.412174422169899, -0.9731451919455674, 29.2340626477445;
  -7.676273325256171, -1.396484428441675, 30.33665365296883;
  -7.959970694648741, -1.215900170077403, 31.7347687770883;
  -7.771388913791794, -3.849651022147326, 31.44548338746247;
  -7.568942668639559, -2.461491064149661, 31.03384553447599;
  -7.678580585241307, -3.116947599103031, 31.75161061267532;
  -8.022763012909875, -4.215394179920162, 33.186288845901;
  -6.772855864846857, -1.582181711689315, 28.13078333679774;
  -6.039459340240925, -2.269096750020389, 25.29546048739858;
  -7.540753583074584, -2.014902449226662, 31.52697317183572;
  -7.78724704987333, -4.008460853380488, 32.54241663048149;
  -7.875835924217117, -3.487638538578688, 33.01563540762867;
  -9.078506029755207, -1.212511542393684, 38.43112796418952;
  -7.263128657347372, -2.029336345143441, 30.94503018813951;
  -7.475737862236166, -4.106801339541104, 32.01996188119546;
  -6.300967496088148, -0.9341228029833326, 27.24264265898018;
  -6.458863045622581, -0.8012146837904988, 28.23598919878354;
  -7.662847696279545, -5.314259683172899, 33.80306454153681;
  -6.971520129360006, -2.030783866722656, 30.82242281420395;
  -6.693905561918689, -1.142809833599396, 29.72451493439642;
  -6.785989399094159, -3.911625446800844, 30.16947423312572;
  -7.033367334275755, -3.410390894976779, 31.32461692766971;
  -6.48339986233021, -0.6642508441889816, 29.05489452135628;
  -3.940329643472076, -0.280301081892788, 17.88047550386631;
  -5.035233584516974, -0.7920616701350952, 23.02416219037059;
  -6.610619734852747, -4.472921922690377, 30.21737181144211;
  -5.389461607547269, -0.6582852063472485, 24.7624280484051;
  -5.213815234338717, -0.4738538200327784, 24.00607222259743;
  -6.640612466732103, -4.181617019500338, 30.74265409706776;
  -6.198787356781099, -4.530372834024035, 28.79043879781142;
  -4.26108185105945, -2.74310150126833, 20.38709450316013;
  -3.299240003083622, -0.9471709687154135, 15.81171778037763;
  -6.068313181948076, -4.201272117678062, 29.05063494917737;
  -4.551167824742342, -0.7445459759739033, 21.84107665160573;
  -5.709630060015133, -2.998058096893142, 27.35628459824655;
  -5.65317094827176, -4.738095439961145, 27.61508045214398;
  -5.950704536801701, -4.043986636904139, 28.9301256090206;
  -1.986354864828583, -0.2100532076070582, 9.838056350034616;
  -5.348882142563197, -3.98301663740223, 26.9914528776951;
  -4.278510792403774, -2.670739278526712, 22.95214180740292;
  -4.988386130965425, -4.017350686629327, 26.86517747932228;
  -4.851085498988674, -1.78142563251642, 26.25056273225571;
  -4.530489201980526, -0.8310904138282872, 24.59482258375661;
  -4.818066933596037, -3.186538374549257, 26.20637661580983;
  -4.058385254883929, -4.348700760857626, 23.00001379882666;
  -4.367597777942526, -3.931878749815395, 24.81938924263432;
  -2.588360294239052, -0.9927721575935875, 14.9788298278137;
  -1.107836474563458, 0.277995150365161, 6.503889225089888;
  -1.361286711715945, 0.01360321191839733, 8.016664906876224;
  -4.779794432573059, -6.757243587874984, 28.67326942375258;
  -4.04471942374589, -4.112224562585984, 24.50657958186569;
  -4.554034892644898, -5.927951704002341, 27.95296819469165;
  -4.27597454959314, -5.908298679715883, 26.26008578827048;
  -1.04764956503046, 0.4269947643056354, 6.491280628147456;
  -3.9604372081264, -3.971653070478659, 24.58942727749554;
  -3.990525270746669, -1.782640233774481, 24.84342199598379;
  -3.617037455698252, -4.277286531158019, 22.46161318426058;
  -3.979369550038113, -3.225877519901884, 24.90468006495436;
  -2.772125276671226, -0.04663459165714328, 17.47283893938916;
  -1.148979957486295, 0.3521868403629127, 7.359099834215448;
  -3.538778342259483, -3.948103818695428, 22.99214951970686;
  -3.453072521794853, -4.387149084427565, 22.50692318620683;
  -2.209481566138863, -0.1623350048617882, 14.47986135511336;
  -3.316491565585557, -4.071696906170267, 22.94736597904342;
  -0.9022264304346302, 0.9938946447732786, 6.247109005978548;
  -2.294008950683468, -0.02712943193347786, 16.54147046679802;
  -1.729530058171064, 0.07140094548370969, 12.47646120802298;
  -3.972245169228327, -0.266673699527504, 28.65652723355384;
  -3.065559754455174, -4.00471017912565, 22.06388750538612;
  -1.694607945885799, 0.01656060219627031, 12.74292640126031;
  -3.132578159685873, -0.3065147370679351, 24.17785519815212;
  -2.894575279476268, -4.091785121720508, 22.37192432370357;
  -0.8059431857976762, 1.028407356718846, 6.08944669322172;
  -3.354259920773439, -0.264749417902096, 27.26089620900172;
  -0.8121786736523056, 0.04806409277773764, 7.026584543618295;
  -0.7124574450163107, 0.1480173339295355, 6.268427473578731;
  -0.5694803448529475, 0.4174980065733721, 5.557029172415742;
