m=[-33.6879746816827, 1.097638956163406, 40.96100550250981;
  -7.35531706089801, 2.214318984241246, 10.98874782102545;
  -8.446471071404742, 1.387720525026356, 14.24529493375211;
  -54.59776417159215, -4.84333655019224, 105.4116074745409;
  -61.70602854233247, -5.411309376699157, 123.3654143221396;
  -21.1757025067755, 2.991672288622311, 43.43138000355818;
  -59.55800874675884, -3.329462187833109, 120.9874040641535;
  -64.47152446485336, -8.683119081197086, 131.0338860091547;
  -60.75381228929601, -4.18012034647565, 123.6784941969958;
  -85.29016658866169, -25.69617115561495, 173.9519571732942;
  -56.46648537412723, -2.874896975199538, 116.2690326137289;
  -68.92919781730328, -12.17935385120326, 142.7352435461053;
  -64.06833478805754, -8.82633891431899, 133.02199974627;
  -56.25422642890986, -2.473395181979755, 118.1932348575926;
  -76.02839648152124, -21.02304870407205, 159.8274320928195;
  -72.89732223961237, -19.36965092309163, 160.1943099892715;
  -62.99708069190057, -4.616325173368978, 138.7738603156539;
  -65.20779152734818, -6.0303081968725, 143.7042527951564;
  -62.150065034702, -7.997724529760391, 137.4897130737579;
  -62.40226275754587, -7.069716590089638, 139.0862956417804;
  -59.75327765043279, -8.480988260505757, 133.7903644624282;
  -62.87100443514699, -7.956839007228839, 143.3688600741561;
  -66.12903806078613, -12.86333009642245, 152.3249204771695;
  -24.90943823880806, 0.2414848013051795, 58.55974796847074;
  -52.47287463491905, -4.969791375209132, 126.4937502084493;
  -99.7730164502694, -25.73078246945093, 248.3563326773298;
  -56.88099802247206, -7.751066158545623, 148.0590966109341;
  -57.46713201162473, -14.77167310408082, 151.1895699832638;
  -41.46459620159549, -0.8736729679370262, 117.9965648801296;
  -33.5676042926398, -0.8065123651295073, 97.92721120978249;
  -64.72787826022011, -19.23917749351045, 188.5153161765152;
  -29.75540565615337, 0.1442129294375689, 87.71668112248555;
  -34.75796354446545, 0.7449526165653249, 102.7916220684397;
  -33.42847274339368, -1.502886552251065, 98.87983326885767;
  -28.19983117179315, -0.4954053763408337, 83.64729361907536;
  -48.4954696959641, -12.63709289807982, 148.6172390563182;
  -35.86095806928182, -6.62765525224006, 115.3276650917857;
  -36.19804134866579, -5.168535301473924, 116.4989066676661;
  -38.27106159620158, -6.455928513565182, 125.4067747981095;
  -36.92888359026462, -6.408578581030325, 122.7271095792286;
  -20.28197685577394, 0.6657227732838686, 69.95572611457804;
  -32.08158261946566, -8.86636683074855, 112.6339346669327;
  -31.49342935677119, -3.751424687947351, 113.2800391501066;
  -29.68557572226992, -8.116683992202566, 107.0527094712934;
  -24.98851168713777, -2.621201376528571, 90.31139192391554;
  -23.90345864359725, -4.149842319087001, 87.50673890123085;
  -29.97671835253793, -8.53391709186147, 109.9822608330382;
  -24.64501873583078, -4.816354258858839, 91.10082990937305;
  -28.84093225023086, -7.853140456564164, 106.852103874145;
  -16.51590052574479, 1.350291429843069, 61.87669245564501;
  -25.38745675712579, -7.906173583925622, 96.13322952390227;
  -20.69594310922076, -5.724240172519201, 78.87088428804239;
  -20.10835439881562, -3.731852370246332, 77.05892924585275;
  -20.10593657205206, -3.241748153018686, 77.90387855157211;
  -19.70859483049201, -4.903221049766657, 77.24890491910186;
  -17.54907536097715, 1.318840029849466, 69.43350040237039;
  -18.18998212626831, 1.087752582803237, 72.24441037277336;
  -20.35267912493596, -6.493559397146881, 81.35671924421571;
  -19.61925343110769, -7.055872535998302, 78.47191673370143;
  -19.6787648365671, -5.472119685655435, 78.92688270719856;
  -16.96541376488155, 1.224370622849243, 68.72593006238368;
  -18.63162997345983, -4.887277540141376, 75.89783454393853;
  -16.79307468832727, -1.742682662437029, 68.83886420167531;
  -16.5943273033614, -4.12689716819351, 68.32657451078998;
  -18.3201464563538, -6.670231773813071, 75.49613072536164;
  -28.56611248395964, -15.47090423976366, 117.8396701022112;
  -16.51441548294296, -6.659659558551851, 68.59126844710087;
  -14.4760988872107, -1.825890085155496, 60.36852481777811;
  -14.94187529164121, -1.343456685906417, 62.37645546826999;
  -8.66676802022884, 1.90127565637875, 36.7222976691497;
  -18.45763606211024, -4.538214374684212, 78.30548554023031;
  -16.8839684607604, -4.594494897477952, 71.77631038039084;
  -16.21227091330546, 1.45526943711671, 69.1488239486285;
  -21.59374440545893, -14.38277691289204, 94.65961490928363;
  -12.33488145499237, 0.4359924295044788, 54.67030604907314;
  -21.6578389764324, -14.44837846274635, 99.16167960912667;
  -8.573399598246359, 0.7541960787876952, 39.94631863339466;
  -10.60390719730052, 1.235935764119127, 49.72153524099559;
  -15.78223001471899, -5.731145324166572, 74.92606990312173;
  -24.66898258669491, -10.18730280367061, 117.0762955693241;
  -6.756161821702142, 2.797096367863897, 32.52384276500217;
  -7.065369549552742, 0.9357678545237931, 34.05047430899987;
  -15.89807176314386, -7.01267838928194, 76.2280050055538;
  -13.17438867463614, -4.18513994700946, 63.53028131712324;
  -14.64385943112375, -3.006944246969616, 70.48290396835024;
  -7.159038246627605, 2.128880198551804, 35.23913176598864;
  -18.440703367719, -8.900077124023696, 91.48527767744848;
  -14.20204737888741, -4.332221698570832, 71.21107499075113;
  -13.54871390941244, -2.108541983245695, 68.45369220361253;
  -13.60391398459413, -2.992501432436765, 68.93074848291467;
  -12.89653244225247, -2.360765613983133, 66.04122047360761;
  -13.39860880777073, -1.719155613670655, 69.2373228008705;
  -14.7355120901673, -6.008453223828046, 78.28918066284496;
  -13.3093574148321, -6.816790823526488, 71.44833544370866;
  -15.15986000913667, -10.10536962371941, 81.41879107904616;
  -12.74638863045036, -5.601785624954554, 69.25702863922093;
  -11.19344566261022, -5.327796311667533, 60.92997656686821;
  -15.01488449318009, -9.849313063832046, 81.76287268529066;
  -19.96855112985229, -20.29544932990671, 109.0074027435602;
  -8.979745651427177, -1.416545292288303, 49.77916258307857;
  -13.00693023711661, -4.566656162618445, 72.53858354583375;
  -10.39481488820666, -1.880279643305771, 59.04450613111962;
  -10.88685200891825, -1.622366757130104, 62.76265861384466;
  -14.30518187039996, -12.84673997843208, 83.39644551386837;
  -12.42814287289305, -9.554006592729026, 72.36467750919786;
  -16.68472022689193, -6.198075193841989, 97.67301775631547;
  -13.16080558289833, -2.790232380051056, 77.40837642324675;
  -10.85700104838295, -3.71444997767796, 64.10579660632148;
  -13.42429356625179, -10.0678075214625, 79.18731033814497;
  -13.23523442058149, -8.305806648698193, 78.20221969658282;
  -8.167984586199378, -1.037999299952514, 48.55382553008261;
  -9.919286992971788, -1.949708342707446, 60.63783003171209;
  -12.24847383304859, -10.89075297828097, 74.91987386074121;
  -16.99959095021368, -19.3211414743659, 104.1576672498542;
  -10.32653463264502, -1.526063256915139, 63.50479525031158;
  -8.420513312541733, -0.8927888271090934, 51.87197060957088;
  -12.58633308024314, -10.45032731585642, 78.36580544664886;
  -16.47029547714669, -20.76865504739654, 106.0292587117031;
  -7.784989829752493, -6.698439665832031, 50.52621174077355;
  -5.209418401210479, -1.957935375813549, 33.90429396303859;
  -11.68888549955691, -10.79696628172674, 75.96402735157011;
  -8.244644823003153, -1.706128397307967, 53.68394891833662;
  -12.57549557755318, -9.343734403080461, 81.77057533165961;
  -12.03698299642191, -8.41640908496511, 78.39842460673384;
  -13.63883318403835, -17.91009631116904, 88.86261276080899;
  -11.56719430870134, -12.96121816813012, 76.72254116333497;
  -14.65186639366822, -17.66164829379524, 97.05641969958445;
  -13.80415828051501, -17.79435221219944, 91.47872078261801;
  -12.01219159017531, -10.96124998650418, 79.76230445054578;
  -13.71115753655724, -16.3781047347008, 92.25654358539622;
  -5.530169023725187, 0.3924608407022683, 37.63192044720784;
  -11.81248789789169, -16.41443589632961, 81.68192769454026;
