m=[-29.71487238503257, 0.2483101334962396, 37.24130112987957;
  -29.30917425494079, -5.074421548079944, 37.16073856471739;
  -29.59222613611597, 0.530002252341836, 37.51981040917326;
  -29.29871392900202, 0.6676355504332384, 37.64903336554644;
  -29.60253738021568, 1.020210588053077, 38.17606084490123;
  -5.714390397031789, 1.338400913988989, 8.545591041995694;
  -7.200596682556476, 1.47716727024174, 11.48771681914025;
  -6.448744433644071, 1.159312569158854, 11.52227843462578;
  -75.96098333270292, -15.69811252321488, 160.4921499632218;
  -67.02705978245811, -16.19547128048338, 141.7726308294014;
  -74.46138791230929, -9.878856028432338, 157.3935806644799;
  -81.22760680646458, -18.99548943141182, 176.1954440063355;
  -78.09542855913729, -7.945004676617176, 170.7441885473427;
  -53.90376074103426, -5.938087015238722, 121.2784636329606;
  -167.2601249493311, -16.90998956354022, 380.4465855650071;
  -18.71380807359908, 2.918088867760046, 43.13082252063609;
  -121.6068840961094, -7.910572063918713, 281.2045985437989;
  -50.02603276070528, -17.7056927291146, 115.9706934569365;
  -102.4567920790595, -8.224574755429467, 237.7308413525291;
  -156.3921441759793, -53.17411287273792, 364.3976065314892;
  -123.965220375945, -7.448750094969431, 290.9762748033377;
  -95.0331411852206, -23.74938473617756, 223.3362585041741;
  -99.67441226902197, -5.183518878888251, 239.1306788382725;
  -138.628505785272, -43.53652230702956, 334.158583302164;
  10.11987790088238, 3.065457273182238, -25.58104694045105;
  -686.4404475355018, -58.88614102934491, 1738.2364560561;
  -828.123249672241, -88.80088376099235, 2097.87690492527;
  -355.3896826060367, -52.79989706488084, 904.3068008164377;
  252.9078939049205, 72.2072856988637, -652.1270681239008;
  776.2201276531494, 113.7320512284976, -2042.805986316194;
  38.83185303444312, 8.695765585041054, -103.3976319022006;
  -21.06163813703963, 0.159862081418973, 56.79764555197688;
  44.28178877040713, 13.82287123431132, -118.5354489831171;
  24.32763735893398, 6.719480002276983, -67.07178961833891;
  78.48956567344388, 23.30410866377461, -228.1208641137513;
  67.51287715329583, 10.77112060973444, -206.0223996971719;
  72.01646138204185, 21.68152022162915, -222.8369431521558;
  67.3499535573859, 1.864399938894068, -227.4469629399375;
  -64.85964207559997, -2.045934264235663, 225.1097167122275;
  19.30110462251914, 6.816675000104934, -67.20089810368796;
  -92.41103027790935, 0.2411907244685249, 324.2323777577184;
  -37.09139689990865, 0.8473540180576064, 130.7593446328357;
  -73.62736441043533, -4.153586213366304, 259.7425452027743;
  -62.22596381754281, -1.558519975846285, 220.0616622230421;
  32.03354079605771, 10.02135857910141, -118.1530011476803;
  -109.2455291289448, -15.59102534378737, 416.3922311169162;
  42.06049963358571, 7.328741780226955, -164.0366310276328;
  36.82867094708235, 8.303534895169213, -143.6317008393481;
  40.53344572889092, 8.614508304934089, -164.3048794585803;
  2.897976858276322, 1.009075084607147, -11.94074244926728;
  -18.63615892532346, 0.803879408701494, 78.63198102611315;
  -28.89195035053504, -7.656535535159369, 122.2090211624195;
  -33.03044583851115, -11.29852330526633, 143.1314215530639;
  36.39230288510527, 7.956403285875049, -161.6398943259445;
  21.56110469535356, 6.787147141654736, -95.95837180199317;
  50.06220763547865, 7.480059465284988, -223.127402123901;
  5.028839080147066, 1.709605178748766, -22.48450008600156;
  -19.2749486681403, -4.19441331380746, 87.58604454737623;
  15.54481602366643, 5.509244198861453, -70.94072340010071;
  15.40924894963372, 3.776439053545662, -70.88310187007561;
  -21.8436059848698, 2.160766469691156, 101.6368983216869;
  -14.57693786303047, 2.569357666555955, 68.19448810983629;
  -36.12914674924814, -14.1035016707651, 171.1936023800446;
  -8.418802082778681, -2.941003109322823, 40.18703534113053;
  -1.576408323433667, -0.3698853950381522, 7.565834019668195;
  2.241462345660404, 0.4623581550410699, -10.9217337280663;
  2.723041721020471, 0.8616129395583817, -13.45082067108696;
  -23.91168943016986, 2.197186504362693, 119.2166658451033;
  -35.28139827987279, 2.579254118329102, 176.7961452467838;
  -10.90066114905126, -4.433448531954083, 55.20876843500416;
  -13.2852044902281, -6.092133562099155, 67.33422002685525;
  -22.15127532171178, -7.851303091719188, 112.5545322742402;
  -19.28745900727114, 1.713271223186557, 99.0293006630739;
  -12.93365448038702, -4.353071378411853, 67.01903843633569;
  -15.43229832952522, -2.082159592579982, 80.4718358197857;
  -10.46706134568365, -3.350407801304378, 54.90047178733523;
  -11.49436259631855, -7.9305335661715, 60.61803001854084;
  -14.22598792609668, -7.384048413239701, 75.47956087087006;
  -5.67428769916665, -0.6690125426420863, 30.24182191567119;
  -7.964095527300628, -1.31901987958681, 42.4160211971179;
  -13.93996765075998, 3.923465435273851, 75.04655989938354;
  -20.95267057304143, 2.306325538424223, 113.1087628999295;
  -8.539792437731524, -2.717081514502298, 46.56552074751127;
  -14.02265353527566, -4.943110517463348, 76.60810586507968;
  -16.27328323648383, 1.837878427108647, 89.18408958955199;
  -15.21102831512315, -13.15661463518709, 86.57045224775592;
  -24.2614338743854, 1.023523157805347, 139.3858653644085;
  -23.17425088714936, -20.3130282506123, 139.4900049219895;
  -9.163892241918369, 1.067854331559397, 56.27673425823805;
  -8.828184999851594, 1.314726829651753, 54.54845694103977;
  -11.69844671575963, -5.994194648002207, 72.66177885118661;
  -7.954785044827342, -4.386046577332048, 50.34283014137335;
  -6.443346408465393, 3.552634186497432, 40.80951049036937;
  -10.10749256294626, -4.904662996784915, 63.72734910867067;
  -5.402848737326909, 0.951582892396602, 34.35881428017432;
  -10.21145921283776, -6.030454654706181, 65.22595113094207;
  1.667471868659332, 0.4649623313704309, -10.72163562243821;
  -4.323581082221389, -1.849855068390929, 27.79136928763886;
  -9.201369225243395, -4.8373882371615, 59.68306004846978;
  -7.313357150788623, 2.920345265371911, 47.84422587074652;
  -13.67241744931375, -8.924802884056073, 91.51168437913874;
  -10.76421242364702, -4.496365284318296, 73.08396681589433;
  -13.17622023272828, -2.808445700043637, 90.16196714553193;
  -11.42588859251733, -3.445591464784447, 78.52215420602032;
  -9.598360339263932, -2.428528292317544, 66.91566931648073;
  -11.17238857263867, -1.988831379483028, 78.85273030514381;
  -13.1081745276247, -15.65056259690419, 93.61756458312257;
  -9.296122911903314, -8.491617983445678, 66.75394916847932;
  -9.848877360667759, 1.133263727918058, 72.03367728039591;
  -11.39552392684505, -6.454494102268703, 83.61525755839207;
  -9.801745772043578, -7.006453725147843, 72.9144714893131;
  -10.12897837912496, -9.395058028160642, 75.39949710766365;
  -7.463102481488579, -4.5816913266249, 56.35024066655989;
  -8.341527691949663, -5.554415619139919, 63.05181993412715;
  -12.18631250816426, -5.729972534821646, 92.45312111639598;
  -10.44524055413106, -9.591691784037588, 79.2832080477794;
  -9.952575278209997, -7.849057389383338, 75.9220680776011;
  -14.7938730806814, -21.08784428483295, 113.0990407233404;
  -9.249103683602803, -2.098794200531849, 71.75501367879647;
  -9.84681599706159, -4.88344444702706, 77.16068839293986;
  -10.92386977427648, -2.838271285323992, 87.76516448400187;
  -12.31837465958971, -2.651966941471075, 101.1172864472709;
  -10.32255170306375, -13.32590115166015, 86.16413294796675;
  -11.97236406013256, -6.445670928017726, 101.0133439321322;
  -9.07944470072953, -2.785282130463725, 76.79695943618194;
  -9.354968162716604, -4.651098406937599, 79.46900240241806;
  -9.318079819436424, -10.12832120482309, 79.20568588796297;
  -9.93540624395553, -9.04132814077958, 84.62398057357231;
  -3.153056834187893, -0.5932864569552347, 26.98904557550513;
  -6.841671106188787, -1.972886179672192, 61.03496844018109;
  -10.32307900373499, -13.51475201389243, 92.37430769036533;
  -12.02633511143901, -20.12307040224048, 108.2052188705723;
