m=[-2.49742100502052, 0.4489698097658287, 4.462260907441263;
  -6.750166942573558, 1.052569681872209, 15.55750979382638;
  -5.739547116187842, 1.08771625409203, 13.43765909574558;
  -25.10487517751584, -5.621830856018131, 66.84678787419863;
  -28.84650570419896, -8.564732110988008, 83.83903964104316;
  -19.15491746863439, -3.056008498285398, 58.45317559091291;
  -26.46712584740669, -7.968282712819421, 81.89590691733454;
  -13.26162675342437, -2.310743783556693, 51.72055951614482;
  -16.13360168953665, -3.637544368796768, 62.92099583670451;
  -13.29333383491358, -2.739128179891501, 52.99467118636263;
  -6.67699219243178, 0.2880151729261662, 28.17238925095123;
  -7.179628670100897, -1.902643517482666, 30.36885296552595;
  -7.092071106050538, -2.42594154090685, 30.73219853365987;
  -9.74876975792405, -2.131361238118632, 43.30009338660869;
  -7.948704942861, -2.50214591483441, 35.37596032432276;
  -9.958783156724978, -3.385589991532421, 44.52682958733794;
  -8.094957061484688, -1.76154013470932, 36.78376954477785;
  -9.766903711004961, -3.461492083841412, 44.5724937228558;
  -7.858230714909894, -1.925864749187739, 36.14814518891627;
  -5.520322381759627, 0.5460695231663655, 25.68570615156057;
  -10.65785876010034, -3.623855344441635, 49.2168781065217;
  -5.17572200692355, 0.9122822051795968, 24.21329611043484;
  -8.050515778690919, -3.14262784901365, 38.146397609021;
  -9.268703101123665, -3.237905389836375, 44.2440261012007;
  -8.095218426035821, -1.669843021616152, 39.44470461030645;
  -7.199262890813382, 0.6615226126639243, 35.89341191853437;
  -6.119049013092424, 0.447334378362205, 30.66273818030712;
  -6.41915294268243, -2.610757622954005, 32.51119574451449;
  -6.181918106575099, -2.834813028502206, 31.33219622492851;
  -5.998818741068753, -2.126222686702468, 30.48105482834851;
  -5.827717670748646, 0.5176659599579926, 29.92176445733525;
  -5.5809046555444, -1.878361321507085, 28.9188847735681;
  -5.547216456683438, -0.748442630564174, 28.9260019750264;
  -5.692430322983366, -2.655736779889693, 29.90891666633497;
  -5.642106821079904, -2.928555129946257, 29.93561835241203;
  -2.976440902428542, 0.8377324319096994, 16.02382846698364;
  -5.05940755849512, 0.5569047067664585, 27.31219048917961;
  -5.226712308750951, -1.662968216063719, 28.50005807858565;
  -5.127380884927007, -1.807447521652326, 28.01174090588073;
  -4.62814949211953, 0.5226957575426685, 25.36410710370037;
  -5.078847726028736, 0.2142626148756066, 29.17880241587769;
  -5.605351685591281, -2.588684015467782, 32.3075399733296;
  -7.298983056345428, -6.397809782343434, 43.93389833453993;
  -4.565623666948125, 0.4954301136614344, 27.9301707177518;
  -4.379119717841972, 0.5102921155842602, 26.89278203411226;
  -4.70182064762994, 0.7002129830484496, 29.05207142193384;
  -4.905125507735722, -2.513348804387776, 30.4668776582331;
  -4.403786845469349, -2.428125224254878, 27.86990369833303;
  -4.761333955545188, -2.811841864748412, 30.41313973149391;
  -4.337088166990786, -1.855634108669045, 27.87819092315053;
  -5.419748780386187, -3.537793497409474, 36.27524844407209;
  -3.941625245008018, -0.8401377842053635, 26.97167166025927;
  -4.030602883213627, -1.215468782133182, 27.69951926068988;
  -3.432629364203738, -0.611052949803634, 24.22688718113104;
  -6.133086072603213, -7.322625075611604, 43.80202447608271;
  -4.022143752110242, -3.674059448341581, 28.88236118660695;
  -3.720302051233289, -2.107201722579466, 27.29791242648106;
  -4.483219945596416, -3.204681473995433, 33.3503460001856;
  -4.14764919192422, -2.546293364677422, 31.31687267394656;
  -4.435512492783483, -2.953497342289406, 33.5270882431356;
  -3.820413839727058, -1.796348678783898, 28.98409040490366;
  -4.097968832780436, -3.763097056589723, 31.10508693973064;
  -4.225286271456696, -3.3322545677044, 32.23210706591954;
  -8.524406139701243, -1.934346806026288, 66.13277351861365;
  -3.776177115899551, -1.872762847719838, 29.59052203711583;
  -3.482302737158681, -0.9047819197695672, 27.97771108819941;
  -2.619422726150595, -0.5639236236479913, 21.50193718295973;
  -3.842231975147076, -4.960130496354044, 32.07177801059032;
  -3.788532412023226, -4.225126232997359, 31.74941234488135;
  -2.614973359269501, -0.802189870557482, 22.11831335702505;
  -3.347871924617286, -1.664493294298588, 28.43965232086261;
  -3.422916992316265, -3.72055224117225, 29.09553184428191;
  -3.411937848919263, -3.104900688564412, 29.06089143771424;
  0.8998118832385681, 0.1693106823652691, -7.702069833562551;
  -3.479768974462219, -4.55563836511165, 31.13811778656925;
  -2.159147457647813, -0.6226186720981757, 19.26188717490728;
  -3.998973290072303, -6.6912837790677, 35.98018649075132;
  3.320884063988514, 0.5347946633225055, -29.99781347717548;
  -2.963386624096954, -4.270916231235922, 27.3886298052393;
  -2.941504487812539, -5.582491584502439, 28.43301684578117;
  -2.62967453758664, -4.520611461789466, 26.5753368501777;
  -2.963782682050032, -5.475480608159669, 29.967731123361;
  -2.874398883858842, -5.682381359800179, 29.07497649981446;
  -2.589133025669292, -3.62542270221561, 26.21254458868652;
  -2.632612809264691, -4.860875150852219, 27.25138869852448;
  -2.595278975115923, -5.668623554593123, 28.02644818508264;
  -2.282290904492853, -3.674268773498973, 25.04660981898095;
  -1.775369143229977, -1.259878330068243, 19.94569580314553;
  -0.5466991814727191, 0.2862599327777057, 5.86138611092233;
  -1.847641015826187, -3.490586008876132, 23.4597504876224;
  -1.798630688926989, -2.808222813091673, 23.28870196391545;
  -1.891611841683762, -5.958489938218039, 27.0018552899048;
  -1.488242603589563, -3.411152534003102, 21.53078995262612;
  -1.562608023524915, -6.150603141028784, 26.10387137999462;
  -1.373272776542193, -5.219210387331193, 24.61342182722824;
  -1.337461674526522, -5.421702385783279, 24.05283202268573;
  -1.103748409006161, -3.285109929942671, 20.33239407004689;
  -0.9718012311149427, -1.2612730168173, 17.89703517346908;
  -1.15068018247662, -2.790743846470924, 21.62782896835495;
  -1.056064544808396, -3.753871015392553, 19.6219043546915;
  -0.9359682392529423, -3.996217930301787, 19.51844399440882;
  -0.952280826719597, -3.503865005315876, 20.32690089701987;
  -0.9074634668321958, -3.849049305243777, 19.63786003707468;
  -0.6736754700344815, -2.762466464345976, 15.61205166535325;
  -0.5921928960604876, -0.1242786100499486, 18.34489445780555;
  -0.6029539000123365, -3.471012775562536, 18.97890681491166;
  -0.4055361131265146, -0.1844190464670074, 17.61106774973754;
  -0.4135068221775298, -3.448812532754419, 18.71150581616004;
  -0.2287227570653005, -0.03734101604664259, 14.06908831907531;
  -0.02934063772916212, 0.0420161632850882, 16.89315186675511;
  -0.03217603862713621, -0.1478879579029917, 15.58676101888859;
  0.09136810906114989, 0.001890723485557456, 15.17699366339771;
  0.1977264285985604, -0.1746905668297307, 16.44030973514393;
  0.3676199966661931, -0.08509971622572553, 15.94644768716255;
  0.3923256595076524, -0.02683288753991201, 15.22012581369961;
  0.02298195508208977, 0.3811209920137462, 4.465412147001954;
  0.4875352591743178, -0.04520151995237978, 14.95320873532421;
  0.06623364825274787, 0.3911347431590895, 4.504694721814741;
  0.7116917991343214, 0.0008548850440047628, 15.6344894619978;
  1.446186197410851, -0.3795669390519331, 15.29736097554271;
  1.982852780829131, -4.623811476569911, 20.23799990495567;
  1.546675647404355, -1.593742162544134, 15.2495152989851;
  3.42988806811405, -3.830849597925648, 28.29395022030345;
  0.3736192296514391, 0.5421026092513477, 4.667753264197208;
  4.168248055600247, -4.550517334496491, 31.98550031672492;
  0.3776231549707825, 0.5297840084950275, 4.617675212199178;
  2.140809910448461, -1.240388563059918, 15.61603259986;
  2.182863280494648, -1.078755297494592, 15.39756411638986;
  2.324579403842324, -1.11306642816464, 15.92371773708032;
  0.4850642580322171, 0.5173324184188061, 4.65679757026703;
  2.195016395404027, -2.385833972293324, 14.35081893102771;
