m=[-15.26502650579834, 0.273399452711564, 19.35443780924457;
  -14.91739389262314, -0.09306657485965264, 19.74294757562104;
  -3.510603708126269, 0.6311130865929886, 6.272562638337175;
  -11.64392126736368, 1.272974522740098, 20.56976846672763;
  -31.23899591053393, -3.178085749463216, 68.29947803844658;
  -9.818227966759798, 1.530979778046959, 22.62865186155669;
  -8.158264041297151, 1.546093484948582, 19.10045667032431;
  -50.1655664835584, -5.071736051512786, 114.1056093757299;
  -35.42879583379694, -5.173396419219188, 81.36246041658131;
  -35.92895469675422, -2.337191577783696, 83.08236294923987;
  -41.24903291071444, -14.59925286467887, 95.62379199577586;
  -45.39962543250032, -3.644391022412374, 105.3409045134829;
  -64.92568888523009, -22.07505963495672, 151.2784785760343;
  -41.00006619630805, -2.463588142281592, 96.2370452963511;
  -31.35543494641877, -1.602371388898205, 74.05319560980574;
  -68.18030022010707, -21.41214135302338, 164.3459431493612;
  -58.72499426571122, -17.78864948298569, 148.4451541414242;
  -57.30791663141304, -4.916146874752449, 145.117774261392;
  -53.83493547112694, -5.772799941245647, 136.3795399389149;
  -57.82789282648317, -8.591433398762964, 147.1459620785979;
  -55.72728824440698, -7.322190620200444, 143.0241379521395;
  -72.99432082207186, -20.84047949873546, 188.2170291026531;
  -58.12455100173855, -8.516430039182236, 152.9684383440127;
  -11.57913296058064, 0.08788795458650103, 31.22584698374806;
  -47.26723704577219, -10.58473343618272, 125.8585412536933;
  -87.27791150906018, -27.24441279110199, 233.6293703191361;
  -53.22795809462851, -14.70197022020087, 146.7505600508147;
  -37.30771567654167, -4.107279613355809, 104.2695693733225;
  -95.11657403595176, -28.24078535842566, 276.4453449888592;
  -83.70994861960459, -25.20200116636216, 259.0195172581504;
  -38.85303626674561, -1.075540436413942, 131.21026271142;
  -20.9723576732059, -0.6615526048602662, 72.78920054939603;
  -16.02601452757732, 0.3661147580943671, 56.49695972241682;
  -18.78281162926435, -0.4704368615743901, 66.42527483347575;
  -39.64716555158368, -12.40320154324975, 146.2352109853257;
  -19.38202211286267, -2.766114095331197, 73.87509123239708;
  -35.64823927661735, -8.037390195536887, 139.028021037893;
  -23.85843532950536, -5.070595050404577, 96.71167280235991;
  -14.80369342332472, -5.154643713243658, 60.99672257941046;
  -10.0701252244356, 0.434379549101682, 42.48911477688851;
  -11.92196624618855, -3.159390664369697, 50.42829603405874;
  -13.59197354703689, -4.649323555503119, 58.89834200272249;
  -20.1423427689122, -4.403694998301041, 89.46414209957746;
  -21.5842875146187, -6.794444782834726, 96.06154766528472;
  -19.37746563706534, -6.587567244880772, 86.63880884618526;
  -13.92961388408573, -3.031217303742038, 63.29665532110577;
  -19.65981157845941, -6.96764134901549, 89.72002326449113;
  -13.50392198606419, -3.309488900522885, 62.11852900244659;
  -8.112897015899872, 0.8025266458366016, 37.74878972228665;
  -13.75717327700255, -5.370298879290534, 65.1867055760336;
  -10.36182253757577, -2.431277966281124, 49.73066197074933;
  -9.580394835514682, -1.976198123198217, 46.68136478215268;
  -10.73034047510356, -3.395247354400249, 53.00391997528227;
  -11.89693651389774, 1.093180322031732, 59.31463391993708;
  -9.415519553372446, -3.829421057191301, 47.68694592094862;
  -8.958369936772803, -4.107997448865512, 45.40425801110635;
  -9.572264382829003, -3.392795577327106, 48.63836166392919;
  -8.767040461317796, 0.7787608585052858, 45.0133885154014;
  -8.19532139931678, -1.105730766830531, 42.73456513437464;
  -7.109873060551426, -2.275803435333692, 37.29178347973502;
  -12.32897218366879, -8.50637231248437, 65.01952584711012;
  -8.871966554844768, -4.60502503600761, 47.07245240889696;
  -4.390286911354424, 1.235665632745941, 23.63534392064942;
  -8.925258394698354, 0.9824309173844851, 48.18120592634325;
  -7.738941282527429, -2.462276976155593, 42.19866389996583;
  -7.396738836677215, -2.607416452708499, 40.40962364441498;
  -7.560160530887695, 0.8538323670324667, 41.4326982637689;
  -8.364200416952542, -7.234524802501813, 47.6031335808205;
  -9.702902592973347, 0.4093387700519553, 55.74474622854143;
  -8.526590920467486, -3.937781402545229, 49.14467324277695;
  -3.423972287854051, 0.3989902480519431, 21.02708908663422;
  -5.309897609736102, 0.7907701130346861, 32.80931710548531;
  -8.085497594041529, -4.142947143516681, 50.22090986563062;
  -2.736958497244998, 1.509062482123018, 17.33477131669961;
  -5.169654324979121, -2.850403188808811, 32.71678971907264;
  -6.980356972148948, -3.38721976122522, 44.01088033426281;
  -2.424406909002295, 0.4270014303521151, 15.41774548498545;
  -2.443077847217866, -0.6812343841669616, 15.70868508635223;
  -6.619134183244825, -3.908979873835369, 42.27988515321064;
  -8.324246262348776, -3.561549753804675, 53.50708070896691;
  -6.12730901542541, -3.221278467486826, 39.74371019694534;
  -2.847989018895112, 1.137249429458627, 18.63163894337229;
  -7.289455806447524, -4.758262863590922, 48.78949765308605;
  -5.926549164616182, -2.47560424031071, 40.23849636486685;
  -4.544577803729411, -0.8089943241586027, 32.07482138473307;
  -7.870583378288916, -9.397117621257776, 56.21109531086874;
  -6.143478826827625, -3.47970379508034, 45.0780997615736;
  -6.205327120908764, -4.435672821270033, 46.1609756019034;
  -5.731590982678429, -5.316294285603766, 42.6656136033837;
  -5.332228873926596, -3.273521547351906, 40.26105511484435;
  -5.649628811103227, -3.761947171981411, 42.70433326453161;
  -5.324877634450998, -2.503743653073813, 40.39791007641298;
  -5.747270843810921, -5.277623837147321, 43.6238943139117;
  -5.690977537080983, -4.488165931086925, 43.41296316987722;
  -8.371651781986325, -11.93332457447584, 64.00121054498636;
  -3.947863364918113, -0.895843858845654, 30.62772344675166;
  -6.191781941056144, -0.9421733786662281, 48.27362506601984;
  -6.089819310439363, -3.020193969689069, 47.72046622200942;
  -5.900602181223975, -1.533111441563057, 47.40694750950398;
  -3.243163794019563, -0.6982060056778836, 26.62201235290376;
  -5.637136036073591, -7.27726242077163, 47.054154130694;
  -5.637474386547387, -3.035098546812041, 47.56455251917821;
  -4.555344526271557, -2.264823920367135, 38.69694464005445;
  -4.908501937701713, -5.335314273208956, 41.72332392421744;
  -5.344671450037279, -4.86370936405764, 45.52278606979382;
  -0.4155015793690357, -0.07818173691329967, 3.556545806816565;
  -5.165065880341158, -6.761992665460737, 46.21870904010474;
  -3.272404337984502, -0.9436409895338233, 29.19332022723579;
  -6.259067698040219, -10.47298772011201, 56.31506056637176;
  -5.083668453191193, -0.8186731925842473, 45.92118697919051;
  -4.256061511383202, -5.257428135201757, 39.16665153726606;
  -3.776096066665137, -7.166409094995851, 36.5003023179546;
  -4.45466614085894, -8.893121550908456, 43.90737322590223;
  -3.879245968939606, -6.66872023120511, 39.20343254487912;
  -4.163593400146008, -7.692087230563079, 42.09939152362914;
  -4.297998017346316, -8.496685674132836, 43.47489558680545;
  -3.805403447793998, -5.328500279415189, 38.52614236669294;
  -3.88207150041913, -7.167884629221091, 40.18511155194686;
  -2.172005171535102, 0.2358243715020428, 22.68546118215576;
  -3.472264910319209, -5.590012433641558, 38.10577530923007;
  -1.065321030993347, 0.5578181512862743, 11.42174363224185;
  -2.686341879000695, -1.906343778370696, 30.18017866657125;
  -2.903112764984128, -5.484596148734011, 36.86121953376585;
  -2.697408082609659, -4.21149431088674, 34.92608754965092;
  -2.214223514383304, -6.045293245094359, 31.88873317325582;
  -2.399026970683637, -5.498731799809539, 34.70734252056091;
  -2.285207289520549, -8.994836146509048, 38.17512534442674;
  -0.8852450986625886, 0.06099764670710697, 13.9026166654937;
  -0.6996631966561834, 0.5255025921468706, 10.85354975870054;
  -1.875519355405238, -5.401196089811796, 32.1835046577399;
  -2.060847564108846, -7.83238202710604, 36.93695184488234;
