m=[-26.20269283053193, -6.069339395803156, 31.71803456059879;
  -32.16190435927268, -8.537509298916989, 38.82553002094009;
  -26.1283735226224, -0.5344823128050169, 31.76633728559824;
  -31.05382083182057, -7.660185369043194, 37.85059179972197;
  -26.50145561061913, 0.3570044269595952, 32.46875867618397;
  -26.58568354192248, -6.159441014263925, 32.70833692256996;
  -26.1106269154374, -0.1476397180436749, 32.43282839678913;
  -28.22540792815121, 0.5006748408892248, 38.6322474880241;
  -27.94533879843922, 1.194225878834312, 38.51419560115635;
  -26.84835624276749, 0.6147662008437074, 37.262423313098;
  -27.344777916629, 0.9574621709502638, 39.11059269655465;
  -26.8903719037905, -0.1147240027480065, 38.54098526614924;
  -29.29017294150581, -1.821067210692484, 43.29742516759779;
  -6.053034123318086, 1.372859687373115, 10.03403823539841;
  -6.362886585592692, 1.261160165974474, 11.91565825999395;
  -6.798092369162763, 1.916185627820621, 13.58842181271708;
  -68.2734488265302, -31.27875868954643, 156.0876436848083;
  -19.41144800826866, 2.999873544715999, 45.13240361823753;
  -73.80362882420438, -15.75680584896468, 178.5912400269145;
  -52.39165696146613, -6.042785533955846, 129.8311833541354;
  -65.78347865131543, -12.8221028062786, 166.938029054004;
  -58.16347552959207, -7.422668698950296, 148.7105360711941;
  -16.93960799721539, 2.943776671092911, 43.98137971965119;
  -82.48987384943459, -9.584014126669711, 213.9546831625227;
  -89.18082747567148, -16.31792035634735, 234.1625060390174;
  -54.28763637257568, -4.111750735401756, 143.2942590002344;
  -66.78033744290102, -11.68173538594733, 176.557769010704;
  -54.13741342615721, -21.50635698146893, 143.0359820100371;
  -77.68706909408456, -7.293959821173599, 205.951389139922;
  -77.69102184544742, -25.40193497587761, 206.0161232148271;
  -66.09445163112954, -4.614459441737978, 177.3819872839976;
  -72.23253740290666, -16.5746031582227, 195.695957916697;
  -73.39654824327749, -13.29119809853415, 199.2412775521835;
  -84.98165329642075, -28.0210202966903, 233.0136391420645;
  -27.49448882142591, -1.689531779091607, 75.55957994550302;
  -73.9147156451421, -24.21505962814885, 203.1837950438656;
  -71.95475711911368, -5.848957691250785, 199.2731584290401;
  -130.9638559814535, -46.89622647411247, 362.4948581914117;
  -55.86074054756544, -4.997948044904389, 161.5493873067441;
  -84.4414279073265, -29.36584548908538, 246.5615775011858;
  -83.25591489536829, -8.377330220070084, 243.522024111653;
  -73.99566526179073, -9.233730352276929, 216.510139400594;
  -71.93517376354259, -10.94089191113416, 210.4024800374659;
  -90.17859153261614, -15.5270499076478, 265.1795371782203;
  -71.27743864372124, -14.45180386769729, 210.3273268757751;
  -83.38781069444389, -27.36508975575379, 249.1040078701558;
  -81.6270466143131, -13.92650418390084, 249.3748681763166;
  -20.12772209394312, 0.1120867926801699, 62.56979241939285;
  -61.4627276339243, -15.98049735551687, 190.2339034523789;
  -187.2630095721969, -67.87099329555139, 583.7985212088707;
  -88.80552550465332, -28.63303067330373, 286.0099589551877;
  -56.67483304913077, -7.500730904495526, 185.2973762279246;
  -93.41105492736212, -32.54649021375321, 319.9054965120522;
  -133.9278100213191, -47.86530928828416, 492.6921629757628;
  -65.86941014854732, -7.331546075745233, 247.404930629878;
  -44.18947828581251, -1.626498725891575, 179.8236092377076;
  -32.46804354833244, -1.367881187074787, 136.0937914575917;
  -15.157053701372, -6.314086479267732, 63.70990545702403;
  -26.26518441529206, 0.5912497723550326, 112.0150614898285;
  -26.47629607410923, -0.9085754952376792, 113.4727568222442;
  -28.24551941041784, -0.7778464828325613, 122.9742112309392;
  -86.51055922613736, -33.32040434311581, 391.1767295747206;
  -29.36942396520093, -5.270445532438375, 137.8187762143508;
  -45.94360287495682, -12.95320921015262, 222.2889108093447;
  -35.40658575276589, -9.533408531085735, 179.4066700183935;
  -38.97333805919494, -9.513201817438151, 197.6639629979118;
  -15.227950191348, -6.712453381308946, 78.75601284364878;
  -14.39074909213713, 0.7351172451282211, 76.25118962609611;
  -18.43334904065281, -6.198159943503312, 98.04231475418925;
  -11.7390564631314, -1.167327738916948, 63.35952837677269;
  -23.7844273118769, -10.34740979007935, 130.4070488385769;
  -7.997096990874832, -2.438511352192865, 45.28521757748482;
  -32.36070334877129, -9.17362197590481, 183.5461837816721;
  -27.28971045029055, -11.0661835110475, 155.3094448915257;
  -33.46632349362297, -14.68952867288005, 191.4651632449371;
  -29.7170541116514, -8.453702983779833, 173.1476633164038;
  -9.817329303450036, 2.003619150549453, 57.52487670666683;
  -24.96709491145924, -11.46448502571093, 146.6631142638712;
  -19.14899297478134, -6.139732851897313, 113.4737793398781;
  -10.06761878504428, 1.231870702945585, 60.34534040394065;
  -20.42130600393638, -10.41810656526542, 125.5639654516352;
  -14.76917333649405, -4.602143831090341, 92.31994454068459;
  -13.09362795689324, -3.61293286750987, 83.43706507158133;
  -13.79227504650669, 0.9951209639302729, 88.10612328072833;
  -12.72606649132847, -5.361021234071171, 82.66436876005565;
  -20.73072335079115, 2.383199890597778, 135.8854458836202;
  -14.58322677368559, -9.451899370079307, 96.02832226990944;
  -14.11287684409734, -7.699920035981126, 94.64765551885428;
  -12.73038598928767, -7.820642876923949, 85.43427110865294;
  -13.4397028717152, -6.3837471849478, 90.4004994815505;
  -13.8117036277043, -10.19939722809792, 92.79285819354206;
  -11.09150487778402, -4.441058324320498, 75.38382995278572;
  -7.243071626993914, 0.8115019850204961, 49.47667635330318;
  -12.7667264492143, -2.377627333016901, 88.75317646011729;
  -32.71933607388638, -31.3019642869182, 227.5844355271065;
  -9.561878183195754, -4.154601137384131, 66.948858844434;
  -6.523048507246895, 2.471576414491353, 46.09771398143263;
  -0.07566639533905775, -0.07072573773666822, 0.5367378754816029;
  -13.90467536537871, -9.80009688873359, 98.97720781166042;
  -4.923702039005196, 1.851928544295566, 35.69337810240393;
  -9.048032131629334, 1.290786232287668, 65.98432382083063;
  -12.47024050173094, -5.47697349017772, 92.10400634139343;
  -10.98524044902133, -5.318174377369372, 81.21982520792685;
  -13.18676646074539, 1.935997317678672, 97.83866271332208;
  -12.59877675325183, -15.13681921052101, 98.75320139726797;
  -8.531791448777993, 0.4349553734051017, 67.58365016411197;
  12.68657740366246, -2.010020325176681, -109.8383672574285;
  -8.527798605650894, 1.741911696471997, 74.42940798220516;
  -12.92288052984945, -9.563456602445891, 114.412691471487;
  -5.036197415032118, 3.10640536588626, 45.03188531415506;
  -3.87969440141171, 3.098620780863814, 35.08477137030452;
  -8.545596662206616, -6.846232294755611, 77.26779232321857;
  -10.43120451250075, -7.373524103165024, 94.36689948701546;
  -3.84013343726014, 0.9570645679817397, 34.81766844056412;
  -3.707745531786963, 2.634388523603873, 33.66740916523288;
  -2.869566855409188, -1.193149069612937, 26.49103984740938;
  -10.41358119156819, -9.002957728441693, 95.96167156386809;
  -7.502105053609928, -4.707832961758919, 70.01861471916071;
  -10.34594432536111, -8.033775224628997, 97.4265004783266;
  -4.282799202107551, 2.113146847544375, 40.34476073590145;
  -9.996825724880335, -7.341195342231107, 94.50703603330048;
  -3.687263836872698, 2.138712797062778, 34.87932820512826;
  -10.11004854229359, -3.843851876462591, 99.15214189520769;
  -9.796862177049638, -6.792604274158245, 96.3487599077619;
  -10.58672222815403, -10.29558847339785, 104.2582299387533;
  -3.4736045994853, 1.413671526944708, 34.58726574577133;
  -9.280124138570789, -5.857133374135166, 93.30251794059504;
  -2.982495026432847, -0.8239726764696594, 31.76362367754277;
  -2.089358721838548, -3.831483323448642, 22.74927870499385;
  -8.091187607394168, -10.7578211160831, 88.3474417141699;
  -10.64127849965383, -9.441604324047367, 120.2288686172475;
  -9.527297992744774, -10.7490272971669, 110.3039576902876;
