m=[-23.66308990826567, 0.9226940989405725, 30.21485484446055;
  -22.99688441523985, -0.4555375232899472, 29.74272615510193;
  -28.63564909324648, -7.989334748937208, 36.96138679138458;
  -23.74011438496453, 0.3893596962465915, 30.96520195410521;
  -27.41979693841248, -3.390034756642316, 35.70796575161202;
  -28.45438983877924, -7.390757365623586, 37.07444100819181;
  -23.79213951237104, -5.797650098694503, 31.17534041536486;
  -25.63124427856967, -1.034416123123613, 33.57397612995061;
  -24.10294269015538, -0.368330765194844, 31.68094063048998;
  -23.88046204342366, -0.09644298969879178, 31.58952007692651;
  -25.71793044156502, 0.7989125608337341, 37.50891005739807;
  -25.59021831485547, 0.5357576695022089, 37.57682346748181;
  -25.60473295103545, 1.222274615869461, 37.86487464298304;
  -25.47641553477278, 0.9458122391000849, 38.08151226079054;
  -24.76989674649899, 0.9920283313170171, 38.08071489547775;
  -24.63633740658898, -0.1579749303425304, 37.91043292210722;
  -24.60170410117618, -0.08653016883574834, 37.89677587829375;
  -6.237553537375285, 1.390327968338211, 11.15523682590983;
  -5.905292191664734, 1.437755810690998, 10.89434088329475;
  -5.581076783296261, 1.239048024273337, 10.80828713428497;
  -5.876644944712234, 1.851295076424439, 12.32421361991128;
  -18.69654549613541, -0.3810289565555867, 39.74201890896962;
  -32.80280448075247, -11.04378566435939, 73.77773059536007;
  -33.16834205087668, -10.84777061812334, 77.64393904154835;
  -48.80215946583699, -24.50080204702996, 122.1794262821605;
  -52.0854305012916, -24.44578533716911, 130.8269398110348;
  -54.59460518778508, -27.69581136337796, 137.9025779747519;
  -41.56642786564542, -16.12344509675649, 105.8197948294436;
  -14.4350994162232, 2.545956409015058, 37.37916681585262;
  -54.58110863762681, -27.71443866980117, 140.6457979180828;
  -37.34292944940053, -16.22423052172334, 100.2897772413909;
  -43.38652028994581, -11.12358654154057, 116.9812735012505;
  -41.00098743177777, -6.7553364484551, 110.5750676811442;
  -43.78829206673341, -10.26372300547575, 120.1207684255133;
  -42.93187786173357, -5.440155761234133, 120.7067720550371;
  -13.92799096057472, 2.794651497596514, 40.73092459177914;
  -42.78776528806895, -9.216715572162103, 123.6513326300127;
  -44.6704537751821, -6.186642312631863, 130.1820414752366;
  -11.8981438987877, 2.916788750627829, 35.22971245768469;
  -50.99891963554851, -6.558941289836429, 151.2305018001135;
  -40.51765282329113, -7.463803336314944, 121.1988570605041;
  -39.81209357947341, -15.91234815263814, 119.2601306653582;
  -43.81834035282279, -3.61316583469857, 132.2153040980151;
  -56.37378928958501, -23.9059516568362, 170.0679097683769;
  -51.22376675198971, -9.967833305458427, 154.9888069098024;
  -55.33015417811541, -5.704920214959335, 168.0499912719277;
  -87.41079063135055, -37.93467189486946, 267.4966986527123;
  -46.22153871478037, -3.52954383167359, 142.2568199605049;
  -55.71620214232944, -3.585833313754717, 172.3514597422525;
  -65.61356737425771, -16.88522240934359, 204.1211331154155;
  -53.28086572367176, -10.7538113644769, 166.1175828669928;
  -41.99890217942567, -2.565501729038985, 132.5680493301749;
  -65.79135680464208, -24.48128524662428, 207.602020878864;
  -59.0481503818048, -5.285473819141388, 188.3281264645747;
  -72.84287904004258, -28.87376369250029, 246.8685916317782;
  -69.55750536008694, -21.02043170291986, 235.8512782147685;
  -61.16674218556059, -6.834892529059412, 207.608215734535;
  -61.93342972756739, -12.03362501306864, 211.5419423871519;
  -29.4876867572408, -2.322267273276456, 101.187766142646;
  -84.53458169992858, -19.49688201122848, 289.8928771571128;
  -58.85869073253019, -10.15022496707681, 203.2217710076064;
  -96.23654609395146, -36.10803606204176, 334.7600722544261;
  -71.45518905365189, -13.78994425446487, 254.8239480006531;
  -16.14025120520709, 0.1874451979367417, 58.18680837378584;
  -82.60142336185319, -24.66211736421366, 298.9770418403335;
  -82.44697698987332, -34.29938224694546, 301.3811181046398;
  -121.5785141097354, -45.24022536674612, 460.8530584995149;
  -47.39152841052807, -7.13306658773521, 182.5200590586016;
  -21.46362504919003, -8.693923288403303, 87.35698035517832;
  -67.04293364733532, -28.27130746604723, 296.9887881605156;
  56.21462052606568, 22.14802813149839, -257.7361066720971;
  -30.02880566636658, -1.164318822194781, 149.7682260546557;
  -24.5148343486645, -1.111542555689739, 126.5758549830351;
  1.70449035128087, 0.8541692508525502, -8.836949282579205;
  -25.27742646808563, 0.8250643156779498, 133.1518745698612;
  -19.18476718149607, -0.7446678819321598, 101.7698759365635;
  -16.69036924678385, -0.4681435504755557, 90.21354782138377;
  -25.38300652856208, 0.7278396200369801, 139.1494784997243;
  -26.3620560982904, -2.096484517810967, 146.4439623826024;
  -38.57756941872779, -18.35402285474988, 219.297238835846;
  12.17805666665136, 6.856061733264585, -71.20813260957637;
  -21.19470159697013, -4.682482475477958, 125.8041472818782;
  -44.07941734781151, -15.58177973148181, 272.5803140221286;
  -12.79381090446429, -4.390726868223876, 81.78006428149161;
  -10.38244795873766, 3.014094703820239, 67.20841262464626;
  -10.75061021369086, 0.8351577806186783, 74.43936410139766;
  -12.57629942873754, -5.4361156997201, 87.37150652964866;
  -11.08981259026553, -1.352268190052463, 78.33094559531554;
  -9.715065962399367, -5.490778984580098, 70.29344571790692;
  -8.781344765735549, 0.4101074095980904, 65.09618884093766;
  -21.05634614239769, -7.795186865618396, 159.6212970631952;
  7.416092481550419, 3.956342642881618, -56.4236976978133;
  -12.40718570914208, -7.185233527723281, 95.12197785896565;
  -6.202181775506416, 1.76660449458604, 48.79505806704446;
  -15.07097511961413, -5.655780580744041, 118.4145445409561;
  -17.66884755120926, -10.8097317341954, 140.2015378119678;
  -8.159024337423222, -3.487269436014505, 65.50418971383827;
  -8.674819537437806, 1.531311399617611, 70.44328500430856;
  -4.055587701520337, -4.484985512114519, 34.40144195942681;
  -20.99493541489972, -14.53490886414162, 177.1431102875899;
  -23.64929163399411, 2.609296058716363, 210.1607939238995;
  -0.5522017480609306, -0.2086571281897586, 4.895504078730705;
  -16.39173964409348, -12.38871373460533, 148.4972778498213;
  -3.430542697902181, 0.5906101905706045, 31.67907410922258;
  -8.306339397546823, -7.841733630823357, 77.12887614429644;
  -10.99647429761242, -10.01388881572321, 102.4105323955294;
  -16.51773313962635, -5.481342467819316, 156.6590166447525;
  -9.920992445398314, -7.619181064567071, 94.40215987713907;
  -8.28649157439339, -7.196003784845242, 79.01393681218002;
  -9.083300461446973, -6.072432071084288, 86.7968886445976;
  -8.430149535651092, -8.828097785525305, 80.68167875539513;
  -19.77460352885822, -22.41151401068809, 191.4627532664684;
  -9.521633896348947, -5.386902923921459, 92.33214539660574;
  -9.924397492254995, 1.693796198382837, 96.50339908838997;
  -3.403707743910735, 1.69200102767216, 33.99815679178573;
  -4.39808058084668, -1.136419956586766, 44.04208393255826;
  -12.85571105831833, -16.75710308734975, 131.4360575158379;
  -6.584957188591918, -6.74106356845309, 68.4877706505137;
  -2.735125652965719, 1.57527339021861, 28.95280939705013;
  -73.30530565474582, -109.8536186164778, 775.3233414091072;
  -5.83472858937345, 1.299497642484826, 62.54604157426712;
  -17.20942516029916, -28.0633820206165, 184.47118499824;
  -6.440276624156074, -4.134160625435399, 70.41637396390991;
  -8.151053403352023, -5.788464862449744, 89.24021389329302;
  -4.870647218527893, 1.124572532062016, 53.69875815059659;
  -8.065399203966756, -14.75401031393714, 96.39293272265535;
  10.94017322961739, -1.021078531123012, -133.3872501862074;
  -6.119621785358522, -6.083233582061713, 75.49578338525897;
  -3.367321588331185, 2.629639368740317, 41.29302127650682;
  -6.214521568792068, -11.74254574891457, 77.93462088747519;
  -6.893128039973347, -10.41717423835813, 89.9543822529096;
