m=[-7.486735197825913, 0.1227893385530761, 9.765254860120319;
  -8.963536500170402, -2.500823131369764, 11.56966054873286;
  -7.433167915332015, -1.811308591038216, 9.739836133885799;
  -8.008372809316899, 0.2487754465212431, 11.67999641702509;
  -7.917138163639059, 0.1657534703100175, 11.62557112574631;
  -7.889093965063575, 0.3765959720863332, 11.66657565244265;
  -5.507725745615359, 0.729707942953459, 11.69601951387437;
  -11.96745777455933, -1.971762359000403, 32.27489229606965;
  -13.97235565275783, -1.796976505817448, 41.43315920801061;
  -17.66205555711346, -1.821079649645455, 53.64359319626092;
  -15.28123737624146, -1.166897481593485, 47.03132553894359;
  -16.96522806674119, -1.091863365377324, 52.47991983900193;
  -13.28502688928004, -0.8115154845993505, 41.933717516872;
  -22.59434733207993, -8.407467011820694, 71.29556820825138;
  -19.29333070831383, -1.726970170673659, 61.53413446592588;
  -26.44668146873533, -3.423572465110143, 119.9808554459571;
  4.801824155022601, 2.406332507625599, -24.89511101656343;
  -18.02027052922351, -6.370045317806692, 111.4345718515566;
  -4.459686658680087, -1.530526453950754, 28.50702299303989;
  -7.114145407125855, -2.424115758800451, 46.58004460448724;
  -7.592814127682554, -4.318214324967082, 51.21829383351224;
  -6.42231247958368, -2.776049814701161, 44.61782417991599;
  -1.598089037816648, -0.9032109239703345, 11.56298737105052;
  -4.206166045415752, 0.1964368678423491, 31.18034725809892;
  -5.499464421828995, -2.035935035407597, 41.68964730294276;
  -8.587351715843315, -3.222630034819483, 67.47190106638696;
  -7.038025207098109, -4.305836258235682, 55.84642429760595;
  -6.276959373438357, -4.345573379192114, 52.96134922951956;
  -2.414906725238921, -0.9125061698987743, 21.40917837488786;
  -2.942086206165921, 0.3246090437278771, 26.14501873669682;
  -2.744710960122762, -1.603880676697606, 24.96880207723433;
  -7.208723790386157, -5.448281718109985, 65.30581151765183;
  -3.625115666551993, -3.301194932713103, 33.7608232747446;
  -2.903909391933421, -2.741482480996798, 26.9643770986339;
  -3.623590478292753, -1.202473741811588, 34.36719289832722;
  -4.349272580772501, -3.340179470394926, 41.38504567754045;
  -3.970331512733625, -2.654274017807795, 37.93911955852887;
  -3.834938895670544, -3.330267648273768, 36.56717886704251;
  -2.796552838548063, -2.928565124104159, 26.76471832297064;
  -4.482309396818097, -2.535884687280266, 43.46535977383829;
  -3.778595808979644, 0.6448926719702369, 36.74251657415488;
  -3.517028711753486, -0.9087649810990668, 35.21928961257112;
  -3.535519529034609, -2.205061291979802, 35.7877604094868;
  -1.746305795994966, 0.9918670789954562, 17.82528807010015;
  -2.55185725960549, -2.612352899487493, 26.54094927625202;
  -3.197284258419238, 0.712091966666063, 34.27365490762504;
  -2.998859230070209, -1.925036217183352, 32.78877683882376;
  -2.98078624646371, -2.116803264107321, 32.63455519690446;
  -2.919439946713353, 0.6740627735446468, 32.18674902945102;
  -2.644935807216085, -2.184816425973065, 29.42635590950277;
  -3.128306083110743, 0.7733573098070506, 37.34614916252617;
  -1.981279876311903, 0.1849186757273032, 24.15660785288647;
  -2.532308376135507, -3.826926966463155, 33.04627947256569;
  -2.296872089502705, -3.309233109521829, 33.07198216174061;
  -2.051116657261537, -2.466698212836183, 29.73239632041616;
  -1.933957734272415, -2.558320222895999, 28.97163661306703;
  -0.8575284493372987, 0.3009607188066772, 12.19817161246096;
  -2.297729875494057, -3.329664276683472, 35.64699535624754;
  -1.444148101186475, -1.00479981733899, 22.32283721526681;
  -2.061789165958883, -2.372998076416545, 33.11136183985526;
  -2.095094478930295, -2.759545739176471, 33.66532566809971;
  -2.155432123186586, -2.697414996549106, 34.95116230512423;
  -1.761995760481483, -2.595000558853419, 29.60954399566521;
  -1.985037761102728, -1.303719442545589, 34.30915427041809;
  -0.7641447146530886, 0.673586977584641, 12.30416730460976;
  -1.885857299740781, -2.290298951902563, 32.73650781579624;
  -0.744169593121527, 0.7749909066027692, 12.07311357628743;
  -1.898207516886594, -3.25306881192682, 33.09557272561027;
  -2.227308122182762, -4.476465588567018, 40.61246842677401;
  -0.7272673047962288, 0.5515051301943197, 12.80942952000145;
  -1.671110532995204, -0.8547346318199722, 33.60326090130562;
  -1.584546584739312, -5.381028589785998, 32.13838229704727;
  -1.537025082536174, -3.92756458130507, 32.25938624369935;
  -1.737637604016772, -6.059568760370936, 37.07063775240577;
  -1.533611883844445, -2.693636500802343, 34.55848772441643;
  -1.513721755308647, -4.541991626685174, 35.99689205546773;
  -1.680204845944921, -3.424589502413042, 41.57826892476196;
  -1.516852231874244, -2.386216232840186, 38.0543827932353;
  -1.171778137191332, -2.588036615221405, 29.03257269177483;
  -1.299421667546846, -4.015978697214642, 32.78706245695091;
  -1.681882053370553, -8.146437843855184, 43.42294191708201;
  -1.376178608970302, -2.466835011974371, 38.64605098551524;
  -1.02771151788647, -3.869236291439794, 30.25786929430045;
  -0.9912783797642906, -0.9940372072058697, 30.64630420687187;
  -0.9316866370487282, -0.8366100265304207, 31.21880491611294;
  -1.120300643329916, -6.239823225601964, 39.8522638635967;
  -0.7667945408021157, -1.77910226838115, 29.96931900181872;
  -0.7358866788032857, -3.754934113030766, 28.93067238826411;
  -0.7581330644454617, -0.6417730168677079, 31.41469091922003;
  -0.6611254111921922, -0.5764461906913473, 29.08471992020948;
  -0.6515025993942227, -0.4157282866213938, 30.48560298165073;
  -0.7603903522859669, -2.209114819290044, 37.65167826988356;
  -0.6285631024248065, -6.164929093169421, 32.81596019496794;
  -0.5110383649429479, -4.195014829368268, 30.70478849124606;
  -0.2635829402291977, -5.910902778987137, 28.71502943924478;
  -0.207718161533767, -5.107302780812456, 29.45826361463476;
  -0.1848630313826909, -5.25728738615522, 28.28171935634295;
  -0.1735292032076001, -1.744116515073106, 27.34704378401875;
  -0.1807757218691198, -5.655779116339826, 28.46733485078121;
  -0.1184018473307533, -4.906937915550584, 26.99966733481252;
  0.2255486740031016, -6.04248922234658, 27.03768919193155;
  0.2465201442657186, -5.926167304957675, 25.77613324068257;
  0.320874328579306, -3.463104503547727, 22.76158024042609;
  0.557006688490865, -4.560641218716455, 23.39163743175833;
  0.5277776894085356, -3.549365633265476, 21.85256200610095;
  0.8875590634651064, -5.115796271594828, 23.53466049516483;
  0.8836482856056388, -5.377466591046928, 23.25348690988988;
  0.8417033562320403, -1.535457198710372, 21.1825758376531;
  0.7859071413655736, -3.298150377432764, 19.84117899194144;
  1.036993998685557, -4.723937595401614, 22.30448006876986;
  1.004931506866897, -3.786416168897567, 21.31642843667293;
  0.9469919518499872, -3.967124783256931, 19.60455274907866;
  0.9792780863615564, -0.1462266034865519, 19.62541497322526;
  0.9612915615349357, -3.383839443501079, 18.341645445025;
  1.131282624145606, -3.657593169609078, 19.81627668508423;
  1.518256356864226, -0.1480262569748142, 19.30835719994323;
  1.776405823153219, -0.2104144008449022, 18.20954653805802;
  1.764982053194771, -0.1292361641639375, 17.77397097529902;
  1.973152271259635, -0.19879772241705, 18.07686058820772;
  1.966278884884026, 0.0852810689472582, 17.60507602419989;
  2.06127856421056, -0.08764906350397592, 17.055324371704;
  2.051310062875196, -0.01595050843540393, 16.5326844467542;
  2.200882753921082, -0.04178472876415112, 16.74508059002394;
  2.223794210060753, 0.00313657411215836, 16.37125857478679;
  2.441538433698197, 0.008978186355234353, 16.86083355320664;
  3.672755182436001, -1.155973458379809, 19.52650952682716;
  3.816687796660589, -3.292365440740011, 18.93323326468437;
  3.148148490027269, -1.079237316791258, 15.79466921369212;
  2.763743552676956, 0.09924445922895185, 13.240468047936;
  4.454472239053584, -3.199806084129626, 20.43873747662981;
  5.018862704762024, -3.182694440750982, 21.4944228300146;
