m=[-10.95222202008032, -0.5531251452787813, 14.22935701305471;
  -13.91147022491176, -3.881294679746066, 17.95619265152473;
  -11.57998835901965, 0.189922452642542, 15.10425233630426;
  -11.46521169185912, -2.79383389048714, 15.02310783114221;
  -12.44949258742152, 0.3867362510640754, 18.15725020264972;
  -12.36276765105076, 0.2588273184632915, 18.15355898403373;
  -12.31622427382897, 0.5879306893004586, 18.21351892617727;
  -12.38634225621243, 0.3102193117264489, 18.43943307090833;
  -8.725903265279658, 1.156078064923091, 18.53003210047967;
  -25.27302434713644, -12.68815506191737, 63.27268401534136;
  -26.15691264603516, -13.28159448231039, 67.40170623135887;
  -19.19513915750789, -8.339633959621391, 51.5512911977737;
  -20.64121702173462, -3.400853843322909, 55.66704882406115;
  -22.37145372004241, -2.834821091083696, 62.89932095264587;
  -22.77637787739948, -3.154418439847996, 66.37665657962515;
  -19.50045732060672, -2.507942434954384, 57.82600821746471;
  -24.61139395832044, -4.533693132191476, 73.61909218738262;
  -24.92844178840113, -2.05554554227476, 75.21785364768613;
  -31.87998795607856, -13.51907438727621, 96.17524355654722;
  -30.38834499804063, -5.913387018877609, 91.94664183939251;
  -28.22692905793247, -2.910390917589647, 85.7314650985569;
  -50.89247186845363, -22.08639469228461, 155.7424216479375;
  -23.68764246748782, -1.80882278441492, 72.90386221410408;
  -29.24982303610631, -1.88248634744283, 90.48085662043866;
  -28.65823720704483, -5.784164216875176, 89.34984500351573;
  -21.75202059117827, -1.328721550824179, 68.65948367990733;
  -38.21574129599727, -14.22026401365379, 120.5882582113447;
  -30.70904673115379, -2.748805194723218, 97.94341057249045;
  -38.66829377724856, -15.6622151282245, 123.499255722488;
  -33.35067166995138, -3.726669894311864, 113.1967012063854;
  -40.41384324567019, -12.21315266268281, 137.0327549517324;
  -39.49814741919086, -5.539634991059764, 134.0986640372821;
  -38.86435265228829, -6.692032565428349, 131.9507711320339;
  -17.02859704896318, -1.341066661558619, 58.43407487719357;
  -35.55600367603255, -6.908508330360013, 121.4463031393316;
  -33.695264420744, -7.771406465112319, 115.5505469249566;
  -39.53645850287785, -7.630034515257991, 140.9951688477469;
  -64.08616291761321, -19.1340585545672, 231.9607899257368;
  -58.34596448869377, -21.71094623122482, 221.1650338270213;
  -36.93471177553331, -4.781267638095916, 167.5619801190226;
  301.8499761070925, 118.9260320491199, -1383.939567907147;
  -32.36517076815513, -1.254907635274958, 161.4208125943459;
  3.27004773855903, 1.638715188383473, -16.95359906000267;
  -10.76869666688042, 0.3514941427055807, 56.72540081086576;
  -10.57683510144062, -0.4105459981881988, 56.10718055068735;
  -11.24747547932539, 0.150202655161736, 61.41352759704252;
  -8.375442011475933, 0.2401598299403556, 45.91411922737188;
  -16.14322781616664, -1.283815915492401, 89.67730886506239;
  -38.13850962583492, -18.14513168833426, 216.8013687819255;
  7.087339599380552, 3.990065011852588, -41.4414410982179;
  -10.93652634682694, -2.416174284281541, 64.91529805189816;
  -36.74120874370464, -12.98777198426882, 227.2019645334268;
  -5.087441947218677, -1.745966718985016, 32.51973415729653;
  -4.862704457873275, -1.656946524443069, 31.83867879890371;
  -6.677315033006777, -2.886274876690733, 46.38940709965566;
  -24.45878518548007, -2.982452309670564, 172.7603380216794;
  -4.424193373309583, -2.500473809638163, 32.01129029240826;
  -29.346019790029, -10.8640742547825, 222.462611074517;
  -7.818853402978515, -4.528044387861363, 59.94468187355344;
  -3.677245839059227, 1.047411904732415, 28.93037172052923;
  -9.557695497415445, -3.586777110433653, 75.09601404056821;
  -12.29261469516724, -7.520573528152473, 97.54136363435249;
  -0.5917922264765283, -0.53816676596998, 4.851295866210199;
  -10.70382887375708, -7.410319398601964, 90.3127111949964;
  -4.254303103525086, 0.4693898021307457, 37.8061098686168;
  -1.208176686956415, -0.4565264031332368, 10.7110017662781;
  -3.425047150693074, -2.001437317658073, 31.15786166679851;
  -11.54046894715937, -8.722171609221313, 104.5482823039516;
  -4.81216551948034, 0.8284735812370336, 44.43756033431247;
  -4.241799094944169, -4.004538825832666, 39.38741018932622;
  -4.038571268807694, -1.340183426981513, 38.30299220074912;
  -5.476935225483782, -3.661479354959146, 52.3357053856899;
  -4.835257490469894, -4.198946066589079, 46.10548703183547;
  -4.210383605109816, -4.409136282018664, 40.29594208594501;
  -11.97301230387558, -13.56959357525698, 115.9257578665438;
  -5.897559727176521, -3.336568291132327, 57.18917027713382;
  -4.899833412351454, 0.8362542122105541, 47.64526810093942;
  -2.666314470488614, 1.325438951753375, 26.63265598700487;
  -4.604540416872966, 0.8417791092289216, 46.04785557390574;
  -4.595346623036428, -1.187391525429226, 46.01749284730167;
  -11.95770676785097, -16.35696102059055, 119.9367127345714;
  -6.301393493036665, -3.930103839879689, 63.7849002735597;
  -2.671836049378487, 1.517549918192815, 27.27257011084624;
  -6.76464765534529, -8.817551794373323, 69.16137227018916;
  -3.697597956528498, -3.785255114296468, 38.45738606216862;
  -1.713880582923755, 0.9870955922499218, 18.14236863044719;
  -11.65285270028189, -17.46269284190461, 123.2479506337858;
  -4.417302865196269, -2.835567575998399, 48.29768480764145;
  -4.35402833067102, -3.092010167892584, 47.66922755858169;
  -3.737450263310619, 0.8629312938286252, 41.20529136783983;
  -3.728475411073223, 0.921726850565105, 44.51105331492666;
  -2.910696713812636, 0.2716638816137217, 35.48845366821271;
  -3.990738666513621, -3.967009126519995, 49.23244482773843;
  -3.938939706978182, -5.952685196623405, 51.40262679264683;
  -3.367527248290249, -4.851786356841402, 48.4880292610214;
  -2.7537761076455, -3.311725142122912, 39.91794533984373;
  -1.248413324843454, 0.4381468298842798, 17.75843121180639;
  -2.71437492122242, -3.590688736585851, 40.66266933122194;
  -2.959482543009816, -3.45031443212292, 44.45204858359596;
  -1.10859705090897, 1.51659478405575, 16.53433117453415;
  -3.583322289587456, -5.192629624018588, 55.59168393952179;
  -1.274486493552726, -0.8867537857583151, 19.70030255571417;
  -1.341812662224938, 1.15231346571975, 20.2389154341884;
  -1.138603233345361, 0.5051043260768827, 17.14412572416241;
  -1.160673170232501, 1.438480468473135, 17.61831484342066;
  -3.193019884577087, -3.372273976563781, 50.46449908793147;
  -3.061168885821013, -4.032006976640031, 49.18883062440023;
  -2.949424582411326, -3.69105666293264, 47.82605593451937;
  -1.06343824671021, 0.9374116456130157, 17.12335615850406;
  -1.093668926593725, 1.138965473433061, 17.74325273119042;
  -2.531922056425235, -3.728918819646518, 42.54780811892081;
  -2.837055959534969, -1.863302092540978, 49.03533448926515;
  -2.795659885192497, -3.395218135440323, 48.52972793566726;
  -2.795433657671262, -4.790697522100367, 48.73886395140918;
  -2.947395694962452, -3.314787847987163, 53.32571090427569;
  -3.326974140136836, -6.686585077317305, 60.66364634390437;
  -2.233537264696089, -1.14240297927778, 44.91272956304596;
  -2.003571134694652, -5.119731040281657, 42.05134700482066;
  -3.273101900248171, -11.41410958096595, 69.82812445490777;
  -2.513012438824815, -5.758020957522629, 59.31382681805051;
  -2.18891218969301, -6.56793152524097, 52.05318317910461;
  -3.128380801038764, -6.37625827389088, 77.41476199082209;
  -1.79759469033011, -3.970240381044311, 44.53812275628403;
  -2.363566882381445, -3.718214301714303, 59.29653331387532;
  -1.875775145628883, -5.797250587510857, 47.32963778496729;
  -2.589136731312852, -12.54085648194706, 66.84650310280195;
  -1.7594447466518, -1.421587715844515, 48.03495014394181;
  -2.267439419571557, -4.064442588535154, 63.67456872541786;
  -1.474337941207104, -5.550742371455385, 43.40743870655017;
  -1.385529968168627, -1.389386037437708, 42.83496317384612;
  -1.352880989303237, -1.21482240417095, 45.33211704480708;
  -1.606424280238739, -8.947422813406977, 57.14505715418891;
