m=[-21.54540192965052, 0.2539186885719674, 29.08311403772808;
  -23.08233784278371, -5.666351275091531, 31.11143682198599;
  -21.5198699633427, -0.3779306365043434, 29.38893741297138;
  -20.88175677003224, -0.7359432925352635, 28.79583048365783;
  -26.06231408702864, -7.670901576128753, 35.73751170192539;
  -22.02466259116474, 0.4237933406337718, 30.36885621269568;
  -21.44592634874353, -5.4993741407365, 29.72142456938164;
  -24.74737174284993, -3.203518207699103, 34.20583905523417;
  -22.23976019644032, -0.3389043086178045, 30.92791525633498;
  -22.1193484011049, -0.06900923047558001, 30.96011073769947;
  -23.17025716122492, 0.5629142409908329, 33.74350249872585;
  -23.0030605029234, 1.108817304553386, 34.72275560687358;
  -23.62246146456635, 0.2810767467101219, 36.5060196407504;
  -23.51937421520805, 0.2724279405242241, 36.36201988832688;
  -23.31189084553345, 0.8037791973669189, 36.25570519871917;
  -23.10857458647266, 0.542114414103428, 36.19485492434524;
  -4.980210166790593, 1.022738033643908, 8.485881858254501;
  -22.79998300616215, 1.522851430905418, 35.97082070794036;
  -22.85300255067563, 1.188143794079026, 36.06309816991995;
  -23.14492309284217, 0.8492640181187731, 36.53317280492107;
  -22.5464448195165, 0.9175711377924547, 35.98381610614531;
  -5.191969567878009, 1.527047370149886, 8.988439732476765;
  -22.70790116724383, 0.1800986918776564, 36.9593934115516;
  -22.47272650011764, 0.9919412297767061, 36.93157273340336;
  -22.34181594036813, -0.115918648971254, 36.75139940990216;
  -22.31044230224173, -0.05598453587619905, 36.73837331236187;
  -5.47806580785045, 1.465860610220581, 9.727085146239931;
  -5.460428450062004, 1.350416421746068, 9.921546650459932;
  -4.740389957909319, 1.691403002231233, 8.79690325953816;
  -4.948066686283599, 1.222280363616011, 9.757674120934226;
  -5.160390752900376, 1.804375897246948, 11.2013501661315;
  -16.84995001385584, 2.1955401675548, 38.7196245001926;
  -16.51527170336139, -1.066639645184352, 38.27978132252604;
  -28.07426528162681, -15.94375982401757, 69.80269400706858;
  -29.83698009847978, -11.04149767940028, 74.34866066985093;
  -30.29905626743847, -16.81456046569074, 78.83729073986018;
  -29.52101590667092, -10.66105427730442, 76.88366361642912;
  -43.27724259783194, -24.16828467773328, 121.8095500113243;
  -47.13327875973575, -24.4823838004981, 133.1070363997665;
  -45.50355971389749, -24.77725976489704, 129.0752660029279;
  -32.77974046096163, -14.15714269753078, 93.85666088131566;
  -27.59955001621323, -17.7113697375774, 79.61459018681106;
  -41.38713404159798, -23.43399604411162, 120.3317816678246;
  -32.52989575000042, -15.72129646257135, 98.71207395740669;
  -33.26999019846622, -9.476130547767305, 101.5194145275229;
  -34.06972558572041, -6.272758985920016, 103.9839849912808;
  -38.25946172710228, -9.904871586548612, 119.1351018180598;
  -38.2910000777527, -5.416487383434205, 122.4529255263286;
  -11.79879974665301, 2.737304591228009, 38.88441546665365;
  -38.04410191376254, -9.779325272326915, 124.2051140674423;
  -9.530743395558465, 2.701029208098906, 31.74827697627732;
  -37.63344289896302, -9.163343715848209, 124.220284051421;
  -14.05405790573014, 3.516754562402301, 47.17772265098201;
  -41.45875536731995, -6.384773783671588, 138.0548238263751;
  -44.85808325549615, -6.442977570291394, 150.7757386067654;
  -26.63075735919842, -3.815025895334295, 90.50310695175793;
  -49.45712526647016, -10.18083816795724, 169.5279932387468;
  -34.39925592150021, -15.66158482079707, 118.2857722885008;
  -34.58585286648566, -3.184195802880691, 119.7826200308303;
  -52.48973675439203, -25.26663050953826, 182.061261529926;
  -52.21807152471477, -11.43929463539395, 181.5684414939189;
  -37.26119642447939, -4.311008298054773, 130.1844528882057;
  -21.30344873289656, -7.737694211992535, 75.67438779102004;
  -68.68738702491534, -33.86599335679467, 242.5006297502938;
  -37.78298038797818, -3.17285155940298, 133.85083388263;
  -45.00364088134928, -3.164610007235511, 160.5049780982118;
  -49.4481066211327, -14.46458535255666, 177.6971299559208;
  -12.49895019850292, 2.862663298023364, 45.471698202643;
  -44.9698642511263, -10.28694289098667, 161.8294134790415;
  -30.39447675064123, -3.582683179800752, 109.8736401874985;
  -35.32568180837222, -2.359832498175527, 128.7227136640817;
  -58.67800761471401, -24.91626120032551, 214.3118955646578;
  -47.47533977287921, -4.741695115070844, 175.3629569602939;
  -20.65393715059924, -1.477616420702256, 78.29330713466297;
  -63.87493589212042, -29.15410038781972, 253.2114802206681;
  -50.74684986785337, -6.426714752382408, 201.3509632398789;
  -55.08698455052395, -19.16106462441307, 218.488150321438;
  -31.89327239787689, -2.83091707747905, 127.6471890412979;
  -50.42037126773334, -11.20299688698962, 201.5358140998942;
  -35.41823303656293, -9.380597518319865, 142.3737073621946;
  -65.53189893583991, -9.071908309960193, 265.5649780012033;
  -47.8718800808557, -20.78772612550407, 195.7494455622078;
  -81.02048783743615, -38.79008631514594, 336.7536704974389;
  -12.68770869512949, 0.9738998460846401, 53.73730980044861;
  -40.38037597459566, -9.002989191470016, 169.7964015966451;
  -270.3796094552064, -93.68684480677447, 1156.995882185903;
  -38.11244311639211, -18.49485546531014, 165.0007724615623;
  -47.92323322860861, -20.92477436987269, 216.6705164990103;
  -33.59583011397403, -5.23978267124685, 152.8447374261469;
  -31.10661911078594, -14.92583360848534, 153.0392587784492;
  -54.48647249982961, -25.0400197794763, 275.0452573797561;
  -34.67151311211724, -9.318901615085414, 183.4881923215574;
  -62.24435345405148, -31.76995866483194, 338.5430110415252;
  -22.72298443597202, -10.85269736245745, 129.3093089501603;
  -34.24755438541195, -1.534374380047562, 215.151771647239;
  2.247825254164582, 1.39470806006827, -14.80850356043308;
  -14.06127012327677, 0.159806290153181, 93.96569969770019;
  -14.86074535459965, 0.7283064693486478, 99.81616611649292;
  -18.58766969822712, -0.7808873031756808, 125.7811368808354;
  -8.912420533901805, 0.3973347721323862, 62.99217524682123;
  -19.51893078559002, -1.878730344578327, 140.3577699271664;
  -45.08069758535431, -27.57938145230252, 334.4452772743143;
  -15.22899148768428, -11.0232327600075, 117.3440350699231;
  -13.59824318704149, -3.859044251519077, 106.5122674775521;
  -24.07097882287541, -8.564555134839885, 198.7580031411266;
  -18.06982727113655, -8.390531504286185, 149.7898181695085;
  -6.7095406766312, -3.090639354702094, 58.12555661323451;
  -5.542987504916968, 2.245051856783269, 48.51152342853869;
  -8.441731346487826, -4.994974240087659, 81.5828186760495;
  -5.889432667722683, -0.9662726728194772, 58.53740356354974;
  -9.306720601357243, -7.315712787510771, 95.08996770704715;
  -9.394716669671809, -10.04435073549871, 101.7689570816245;
  -18.73251676446085, -9.841950870731321, 205.5691282908617;
  -11.55133113640086, -9.668143185928518, 128.9565733718552;
  0.5752459911814043, 0.4066649835014123, -6.463614415744184;
  -5.574795165109158, 2.400068435114984, 64.00927238063997;
  -8.357389749898083, -4.526956674584452, 96.53869053032922;
  -10.48789948684211, -9.383227767526703, 123.0322081668348;
  -9.408932123225066, -8.235507409933295, 114.0920821367532;
  -89.08946461944862, -113.3181158291344, 1085.081043267543;
  -4.954677195091082, 2.434558810146794, 60.6681619383913;
  -3.535886228316462, -5.831116738094417, 45.11903945411874;
  -9.501431046670998, -9.909469585683471, 122.1800907204629;
  -6.485245060891277, -6.154580002895867, 85.57711390530733;
  -3.676186488862594, -4.740250826155399, 49.42073230670381;
  -5.047705050614948, 0.9466647631088649, 70.28829469941769;
  -1.603673381478636, -0.930775387751434, 22.37917507930377;
  -9.887546052858623, -11.70652201951653, 141.808400869895;
  -5.871973722056455, 1.721821809107084, 87.18227748806446;
  -4.797386349828948, -7.278007290215588, 71.68557443846561;
  -6.293072198681928, 1.489130455593211, 94.18562004085129;
  -3.47917489632061, -1.831608652712986, 53.81672376114224;
