m=[-10.52115238690326, 0.1239947727627114, 14.20200354932927;
  -10.53327184848766, -0.1849846742082207, 14.38492275447434;
  -10.44225979941238, -0.3680203319539145, 14.39982020486534;
  -10.79038340202026, 0.2076260015213944, 14.87839373971912;
  -11.00262330949106, -0.5760244176371353, 15.17415058932492;
  -12.88232077380091, -3.791643919183996, 17.66466660881817;
  -10.6698730019537, -2.736073169220995, 14.7871358147711;
  -10.60463456847348, -0.1616004990534125, 14.74742696688989;
  -11.93902738024272, -1.545493072648253, 16.50213417764689;
  -11.30382664750908, 0.2746229769181437, 16.46208326784154;
  -11.36836358385225, 0.5479896148874592, 17.16036482719404;
  -11.58291120611363, 0.1378216662192532, 17.90016610342323;
  -11.53645847048255, 0.1336282842093892, 17.83588834065554;
  -11.50825844839353, 0.3967974455625564, 17.89816314859625;
  -11.33744491404407, 0.2659702044367875, 17.75778823315205;
  -11.27191925408033, 0.7528715420747137, 17.78335476887508;
  -11.27443947834822, 0.5861660964774615, 17.79158851520245;
  -11.1249473476906, 0.4527512287376455, 17.75526309155965;
  -10.83855416039572, -0.05623493445780015, 17.82899089481965;
  -2.400420330050805, 0.5929561624500711, 4.733670910060704;
  -8.157180536757295, 1.062876596531136, 18.74444536059762;
  -7.973895638617289, -0.1578894051767453, 18.49339173584421;
  -15.22672232180975, -8.450119400236957, 39.61950247241548;
  -20.57070149231041, -11.48775984428678, 57.89897280380654;
  -23.14685294548288, -13.06409556991657, 65.8280401118504;
  -22.66866735880192, -14.54709039872163, 65.39080024101693;
  -16.19697797609524, -7.827799219428139, 49.1497821004477;
  -17.12514637716502, -3.153002085452108, 52.26754642846238;
  -18.79261133592049, -5.352608680986148, 57.34341636066641;
  -23.58648093587213, -3.281507306587607, 73.63328375812091;
  -19.18270381342147, -2.713506384648355, 61.34543878950002;
  -22.61824574627569, -15.79196366931882, 75.86734303880724;
  -30.76228871183015, -4.418395120724773, 103.3973470365002;
  -18.03531109260348, -2.58367337889196, 61.29197403987195;
  -23.05041103738308, -4.744968560386395, 79.01166728639325;
  -21.37850714334033, -9.733387946864594, 73.51243973404408;
  -27.90525956589217, -13.43256656102699, 96.78971688615414;
  -26.33734904489254, -3.047152028824932, 92.01833824322635;
  -21.76457786187862, -1.827695277071932, 77.10368176362307;
  -45.01281117011223, -22.19335499696209, 158.9176052311291;
  -24.99854156319546, -9.07980077719051, 88.80014462362456;
  -23.13170709014118, -1.626597988702701, 82.49897268680822;
  -19.37934638370815, -1.294582554351049, 70.61610499350383;
  -30.30147523596159, -12.86682187118247, 110.6712184037422;
  -26.88754806760211, -2.685447980747531, 99.31640209640547;
  -11.02220716452178, -0.7885467153271986, 41.78210888032788;
  -31.62432697257773, -4.004988077448667, 125.4775166206935;
  -36.74487636254671, -12.78107626227163, 145.7389642172091;
  -15.34532325487387, -1.362084677913161, 61.4169456799016;
  -37.01939359562667, -8.225408516090313, 147.9706205684676;
  -36.39464040493981, -9.639201173878009, 146.2986557577872;
  -16.19215151197872, -2.241560465102239, 65.61794225253311;
  -45.7619564704002, -19.87151990828838, 187.1219093921703;
  -37.27159413959966, -8.309872087342122, 156.7242110538075;
  -52.06578591874829, -18.04085454129125, 222.7974958324083;
  -59.05027208653585, -28.65537231744653, 255.6472299240571;
  -71.24280874939042, -31.1068264414819, 322.1029786311603;
  -24.13336485385374, -3.763966734297266, 109.7951085531414;
  -39.8745444916319, -10.71735623023614, 211.0236165567873;
  -56.07983639461931, -28.62354551570373, 305.0146016178882;
  -36.12687586639962, -17.25451388367908, 205.5866105957892;
  -10.87708811202863, -0.4873202080591682, 68.3326100115026;
  -9.410142456521008, -0.4964717526271188, 61.63923669663529;
  6.243859481186487, 3.874127282897262, -41.13407623065348;
  -8.250375616637838, 0.09376549259818269, 55.13387558801536;
  -8.357429826826275, 0.4095871414767879, 56.13491005975842;
  -8.646668874313582, -0.3632555370488342, 58.51125283052716;
  -4.713628785717894, -0.1368007465415954, 32.63708661451793;
  -5.69896330411967, 0.2540719748602213, 40.27975271282961;
  -20.38961344725927, -1.962535034238064, 146.6187213106493;
  -38.93411172104635, -23.81903511205084, 288.8449045252754;
  -11.91841815444193, -3.382326851598718, 93.35454035599008;
  -4.678202249505874, -1.664523964424262, 38.62867996537253;
  -11.60242855945261, -5.387463913936672, 96.17832191573613;
  -3.087129926207637, 1.250366660003408, 27.01816946354601;
  -6.178190514529619, -2.845881657973587, 53.52240635046662;
  -5.630662001267294, -3.331663908336995, 54.41600285782964;
  -3.532248778886603, -2.776586798641137, 36.09020155484206;
  -5.221334736753529, -5.117838523724457, 53.356876267598;
  -3.183542301634431, 0.2479825458571029, 33.67944678917313;
  -14.28736276219771, -15.27531778920914, 154.7689045747978;
  -4.479317525531979, -2.353406302794806, 49.15566929098066;
  -2.90034575292004, 1.248660818261094, 33.30149643140405;
  -1.060912644610407, -0.750002659263865, 11.92069196252191;
  -5.741987417570376, -3.110268761327919, 66.32740160773652;
  -5.797341742853396, -5.186718092372065, 68.00787488627823;
  -2.06416196091906, -1.300276311769607, 24.63108992818615;
  -7.235557845307815, -6.333183135942164, 87.73789088714648;
  -3.130609846011367, 1.53827453971987, 38.33314212516491;
  -13.49063281471789, -17.15952720601257, 164.3115714238764;
  -6.224774068843859, -7.815243958342871, 76.39467261932771;
  -5.452227154953531, -8.991401580893003, 69.57216274300015;
  -4.853358165494231, -5.061785418760083, 62.40993993917867;
  -2.103736238994883, -2.712658205757657, 28.28153191527711;
  -2.14402991682794, -1.244399452054375, 29.91982122925622;
  -1.836508320877961, 0.3444253768986741, 25.57301521808942;
  -5.261753658152603, -6.229739384387153, 75.46471774138698;
  -2.643968976006002, 0.6256427070134004, 39.57111082025367;
  -2.927860588996083, -4.275249420794798, 43.93919993815119;
  -2.49489823915318, -3.784954191473509, 37.28034400347784;
  -2.348058030855863, -1.236133144940782, 36.3203328913813;
  -3.381516660636651, -4.206737809741449, 52.4733808221968;
  -2.796720496612208, -3.022696253223792, 43.60620681331516;
  -3.263677343747248, -4.620647171177457, 50.8842601848171;
  -2.359239306971943, -4.060675242372171, 37.16099206211014;
  -5.416996217314461, -10.03104352991609, 86.43364354297506;
  -2.806762242390676, -2.581354119766006, 44.84493257438153;
  -2.959569521167638, 0.8935791347772402, 47.67451569663011;
  -2.426086377744031, -2.598589422223014, 40.16379259908437;
  -2.258188907118885, -0.960305429907138, 38.20047519338212;
  -2.818552913530342, -6.15116354901275, 47.96220220441199;
  -2.066998477408559, -3.663352564208164, 37.22501536171895;
  -1.011206092375464, 1.062725214926925, 18.56742098338855;
  -1.959788654537927, 0.8145032916553677, 37.09499009016102;
  -2.028566906049149, -2.329151700336023, 39.98575341098412;
  -1.970263694239011, -2.504149038807523, 38.94674165250489;
  -1.771451198866702, 0.784284504298616, 35.24170138456612;
  -0.9992592539318986, 0.2080608798553064, 24.1443875235178;
  -1.547075570930013, -4.975199702177627, 43.0073410237105;
  -0.5806204287785286, 0.4445245689116927, 15.61444882665657;
  -2.23220699680396, -9.722746541807371, 66.89911049509988;
  -1.281653381432572, -3.92223270713372, 42.23942460180562;
  -1.244569282607745, -4.366827209558828, 43.77649664269315;
  -1.114651105794863, -3.285276200998557, 39.63345752681926;
  -11.20561310903382, -71.35824270869036, 465.590554333586;
  -1.000685210283095, -3.451510771478866, 39.33768758470781;
  -0.4050206581698124, 0.375230990488951, 14.25109653983978;
  -1.029198514159419, -4.030781226440822, 43.3210848134276;
  -1.191158603796636, -2.396731242135671, 51.97541766531424;
  -0.3960824401721512, 1.473452100335843, 15.38664831904872;
  -0.3749326713781848, 0.4781527774087296, 15.10387116217234;
