m=[-9.687854424652489, 0.1399101131519027, 13.64951887233155;
  -9.700990594002127, -0.1489649858033243, 13.83848200060172;
  -9.889083650277467, 0.0522335262308617, 14.18933329942088;
  -9.685821033778932, -0.3493905141639416, 13.94688895481335;
  -9.95135540138957, 0.232786957443797, 14.35099386563847;
  -9.956133214502426, -2.67065627983977, 14.42789790791369;
  -9.578763424485841, -0.1320286936957568, 13.94246136839887;
  -10.18975351372159, -1.528230933956399, 14.76636760442114;
  -9.607152802741272, -0.4910605620003884, 14.00137300428562;
  -12.12436266709043, -3.740308851100612, 17.47475143958266;
  -11.00713868393913, -1.476957239372191, 15.96979769289682;
  -10.3927432954373, 0.2842118896940219, 15.90246225112924;
  -10.40768602867149, 0.8033013124666115, 16.19190469077619;
  -11.49954639446474, -2.156979029549129, 18.13820848407113;
  -10.40908218474636, 0.5599854084634509, 16.54192562991655;
  -10.43060282411073, 0.1498316822140595, 17.01271749288781;
  -10.42528950052284, 0.4028192760697124, 17.10703932253862;
  -10.38999743034345, 0.4821856546134835, 17.07258882930494;
  -10.33515718774114, 0.7629297841252216, 16.99294011044905;
  -2.17226783553932, 0.5917545715660038, 4.258173763207001;
  -10.3570476774911, 0.2812957047762716, 17.12010371238961;
  -10.25227832820588, 0.9974981671197194, 16.97365852471147;
  -10.44171598488191, -2.307746832160216, 17.24312714411786;
  -10.27356793694109, 0.8322888423052519, 17.01679696015514;
  -10.28749249591046, 0.7550372080593206, 17.12980448467242;
  -10.319531751522, 0.5838665881014741, 17.188302016983;
  -10.27395296124039, 0.422213167191179, 17.12323421783092;
  -10.24215037097302, 0.3366409628430387, 17.19816268001827;
  -10.21474126500073, 0.4598029207907246, 17.21425846130002;
  -10.20278094862994, 0.9386818925596804, 17.24405674148757;
  -10.24995804061014, 1.066685121600733, 17.32278987783512;
  -9.633832442379799, 0.2326577174996916, 16.78287162707536;
  -10.17469447889106, -0.7541352442636199, 18.35905773863098;
  -10.83666262345187, -4.668927396794563, 24.60265437827274;
  -7.227014882626897, 1.053726660089733, 17.93453008341923;
  -7.140578013455736, 1.176475616824238, 17.84192889850589;
  -12.00403139588237, -7.480925690334548, 31.03514181081128;
  -12.85656667613915, -7.986879457610865, 35.13625651957674;
  -12.39499283754164, -4.993264451185376, 33.95723756346829;
  -12.90416240759541, -2.110447069103914, 37.13781107812726;
  -12.86551363598237, -5.088791340180989, 37.00881081661989;
  -12.90425051274704, -7.855624147002432, 37.08930102489039;
  -15.62219010095934, -11.13198315144541, 46.62261946086103;
  -13.41096950053541, -7.968553694479382, 40.32870243717998;
  -16.65363455841747, -10.2750235271488, 52.35498180331835;
  -18.87284833561308, -10.84372583461686, 59.61143431528905;
  -18.90605312760022, -11.3900647897811, 59.98570105141155;
  -20.44400765251853, -13.18436827021209, 65.57002439903364;
  -17.70124243460315, -11.09535536120577, 57.64444991025447;
  -12.79886824224576, -6.883889649173208, 43.64961059359001;
  -14.93578112807798, -5.557150469887465, 51.27288393076231;
  -13.09853274870518, -2.662136323009381, 44.98334350730787;
  -15.34812738162136, -2.37552260133161, 55.56140813740586;
  -16.00247912862283, -4.577035659002237, 59.29957341447542;
  -17.4882640833311, -13.47962698525511, 66.37873149544244;
  -18.81175403307579, -2.961207044981704, 72.73836353383859;
  -17.47649884006463, -4.01506838236223, 68.53704525672764;
  -16.96982652584785, -1.741703619057266, 67.34325259211302;
  -16.14353688767024, -6.30543268152775, 64.06436808181867;
  -20.78390826182944, -11.30613159600904, 82.63423871314662;
  -21.18403287477161, -2.731557270916706, 84.85852272972861;
  -4.402008586866519, 1.19393819218869, 18.2276569744521;
  -31.14695287875834, -17.41144991787412, 126.5192115488795;
  -20.17503821312743, -2.886041771873732, 82.6182824361142;
  -23.13243724269822, -7.640160414234635, 95.72903804562347;
  -22.7835757049831, -5.856462394421366, 94.38028627327812;
  -17.52565255684051, -2.303288367807156, 72.84737480129472;
  -4.753660902041379, 1.285760105152828, 20.26804304145211;
  -14.2879610174114, -1.027266843707873, 59.95792008014013;
  -19.84141380922058, -2.169553831857637, 84.68831765189279;
  -20.66877240234368, -10.91726607902404, 88.58958029913217;
  -18.8827065322016, -10.04201655463838, 85.15103272941605;
  -23.88167192245675, -3.365891473680218, 110.7211826272028;
  -26.0430914776353, -13.66725712173998, 120.7339885333235;
  -24.28419770786357, -4.370949208057114, 112.7403434401755;
  -26.06803160781964, -10.39816494532623, 120.8784189251807;
  -21.88672568471283, -5.835955985391455, 101.6542425379213;
  -14.47611540848101, -1.42042033284722, 67.66340514402609;
  -23.29512332038845, -5.900044751970599, 108.9688263396569;
  -34.96021296169828, -10.60890898672942, 164.3683274905704;
  -5.897310226445467, 0.1571540774366777, 28.42746560682564;
  -20.59913201052689, -3.193987901696174, 97.95531095374122;
  -31.38575924229111, -13.19304069859232, 148.8235205146491;
  -15.07420751984088, -5.350803623392445, 72.02900781515244;
  -24.31811895004073, -13.44503834157912, 116.3636431083006;
  -32.29651920447405, -16.24821666937387, 155.2407263175475;
  -5.15817678370372, 0.5038441400174729, 25.52789284961844;
  -26.98091664475893, -14.95752996154479, 132.2255141365042;
  -24.2999880870685, -6.247463159554163, 120.5979138385709;
  -5.297434508854946, 0.239679297519743, 26.76406683747493;
  -32.81606202586406, -13.17221719477296, 166.6478163326144;
  -32.48683272835416, -18.47623050122867, 167.4294675320707;
  -36.04683624542481, -18.49546450546012, 194.8016169517863;
  -15.55876202949206, -2.793706217574763, 84.59389867398623;
  -28.2513822626781, -7.12456120323018, 162.4564000618541;
  -41.76671855118625, -21.08709115802227, 246.567302970002;
  -32.47418269417174, -18.69128368783868, 194.1685738757683;
  -19.90864735922296, -6.092409324664973, 120.7877269727512;
  -45.42658758932898, -27.4123077987475, 289.0526312734723;
  -9.301127898201658, -2.994445370933982, 60.69704440864717;
  -14.43218892367158, -9.348207164924917, 94.19493359932001;
  -27.89413550472689, -17.37528092695608, 188.5782955543386;
  -14.06470892710104, -8.309237477096271, 100.3880323270709;
  -16.43664023222365, -0.7510930730139803, 132.9967138843253;
  -6.232056148089708, -1.319781710511393, 50.91987163212692;
  2.368445707719028, 1.632095296181815, -20.02550711378822;
  -8.266744907778767, 0.2207503686987819, 72.20099515234813;
  -6.88475447279671, 0.5268189651033189, 60.54522514026098;
  -5.297086648078302, -0.2306849286616575, 47.11481396722139;
  -11.23394580038836, -9.099101859718003, 103.9919038203814;
  -4.233969831699101, 0.3060726873709809, 39.70332580430122;
  -12.89887877402407, -5.413229010603642, 122.7701599485853;
  -10.82471407950624, -8.685715381019628, 103.0358077983401;
  -3.921602131639043, -0.4563571210017078, 37.82864145206307;
  -18.3591574108067, -14.97093319371095, 185.0308977882155;
  -1.930643813368119, -0.4686336416159785, 19.48460765732318;
  -17.00625707992449, -16.62239785836174, 179.6611411775023;
  -5.591253820770725, -2.113936355184583, 60.509564494662;
  -3.749684044490129, -1.256077844441375, 41.92094425237264;
  -16.03064541849356, -7.801635475366917, 187.1156328614318;
  -8.944760135318006, -5.741073774257105, 104.9277474956648;
  3.396729805613075, 1.739830729706426, -41.13312589189097;
  -5.549859553188972, -3.635653257353232, 69.42717871239559;
  -2.790103106987794, 1.710867289840943, 35.13966167925287;
  3.762128527773992, 5.415973445641735, -52.39197515078045;
  -3.797391118966267, -3.346661950610254, 55.60225404953994;
  -2.783882337716821, -0.6415573433778083, 42.5590518434049;
  -3.013650431244702, -3.63336229000346, 47.98513721227583;
  -6.640025358370612, -5.53908378282585, 119.0970346903116;
  -1.695920407592459, 1.289928675675646, 32.64190597002981;
  -3.26699747214045, -2.921800199960575, 63.88451826827201;
