m=[-19.38058830440258, -1.530359825397646, 25.1439661331197;
  -20.34595890522648, 0.9811997353995534, 28.62584883900882;
  -20.17045453776193, 0.2912977892733777, 28.41877961915834;
  -21.87602119271011, -5.603170541343068, 30.84960316556123;
  -20.2330359899321, -0.310691355670613, 28.86246529682398;
  -20.55017507559403, -0.7412935063306161, 29.59078107903688;
  -20.79665545988721, 0.4864855041593696, 29.99115827869672;
  -25.02319011047416, -7.719536442688775, 36.06573305439525;
  -21.14388246611998, -3.171100773453483, 30.64042134669568;
  -20.83672211976842, -5.589290699664151, 30.19546775867544;
  -19.89916321009603, -0.274279717312119, 28.9644186859245;
  -22.25120110199171, -2.98570532233469, 32.28333813412097;
  -21.07242874224369, -0.02149119673761938, 30.87742152984893;
  -19.78981556111493, -5.160010220561861, 29.32413492873926;
  -21.70004903771851, 0.5934344540358831, 33.20434276688749;
  -22.09832254403512, 1.705625194114341, 34.37977774053983;
  -21.90359020058321, 1.472958461963537, 34.47458043892997;
  -4.909529095251576, 1.095351107613114, 8.428911867260892;
  -22.12626924778731, 1.190343942201893, 35.16266793442809;
  -22.42679783589923, 0.3324297936710305, 36.56670913797871;
  -22.342101725713, 0.3209358789909268, 36.44083388721324;
  -22.43085928925378, 0.8666984739431595, 36.80718812464158;
  -22.2506416364825, 1.032622026616102, 36.561708354082;
  -21.84561127834141, 1.612618675644082, 35.91828913539151;
  -21.6959358186493, 1.920038328799232, 35.69183857261869;
  -22.03730358581249, 2.339398961695395, 36.38077550302677;
  -21.92215292715523, 0.5954020537396176, 36.23711538254484;
  -21.80862670860091, 2.121876179402795, 36.10633371377396;
  -21.9889379155733, 1.61384966244827, 36.61399582737051;
  -21.71824055938343, 1.228791704924405, 36.17409074371181;
  -21.55092959948313, 0.9700862820236019, 36.31842085691409;
  -21.28348904751866, 1.95813532408346, 35.97192712850751;
  -21.84638404016958, 2.273493483982833, 36.92115800074254;
  -19.93819413585514, 0.2493507989745916, 34.32561581713436;
  -4.971207885436981, 1.49116260767277, 9.226261556074626;
  -22.27750261302789, -5.804843012754249, 38.56300036318249;
  -20.46397756627369, 0.4942064687143363, 35.64981128001453;
  -20.39338942530446, 0.0209882741473147, 35.53047152121477;
  -4.369602969927867, 1.190337807833549, 8.565485534410952;
  -4.349802969162367, 1.226787096507003, 8.737584640899051;
  -24.109092186647, -3.659881406074211, 54.77683082124639;
  -23.50696155791849, -10.1278687587491, 53.36824359939261;
  -15.45994537588547, 2.254119698198291, 38.36533616367123;
  -14.85354104560411, 2.44725690703492, 37.11405753530182;
  -15.83211517448165, -1.069123092648006, 39.65921584823634;
  -26.22224913709971, -16.3417347688187, 67.79482606547227;
  -28.78108016331596, -17.87965821006191, 78.65703503919089;
  -28.63120632250169, -11.53394653780665, 78.43785692858;
  -31.970425350074, -5.228691979136523, 92.00997160726725;
  -30.48549202113845, -12.05815113082194, 87.69426847494377;
  -29.76292223095022, -18.11855173858027, 85.54437012158729;
  -29.71944543629491, -21.17733581073371, 88.69424749088876;
  -32.10307679370186, -5.256219240801266, 96.6317659980098;
  -32.11595397322906, -12.49472124281581, 96.62928520383925;
  -38.24282798778447, -23.59520715678117, 120.2261618257913;
  -49.01601222325077, -28.16300902774641, 154.8210816451093;
  -35.62905965205358, -3.199141694392214, 114.0681512071309;
  -39.69876313495404, -19.00592682231566, 127.0215234214586;
  -62.38237958949664, -40.23048122752801, 200.0788798985393;
  -31.81867512106546, -17.11372007044541, 108.5152805975569;
  -36.31669574202832, -7.380978978434873, 124.7198011376911;
  -42.40486045971076, -13.42551773408762, 145.6166080549342;
  -46.36120719368047, -17.24959693313782, 159.1528943111593;
  -44.89357775645742, -6.948450841162925, 162.5182235235916;
  -48.63780976203687, -19.53287796455358, 176.1513568235199;
  -10.6935252348711, 2.877836077423037, 39.44436676990056;
  -14.53379186231194, 3.940945583031951, 53.61291411906022;
  -9.751897801689403, 3.199585707574244, 36.22406717754682;
  -9.690948129619093, 2.818561332275268, 36.63759785988984;
  149.612623981603, 23.45428576065196, -573.4665545188283;
  -114.3521501382386, -18.00046885594922, 442.1591018576223;
  -50.2722765958416, -11.54960327675025, 197.1512330781686;
  -55.73159972727078, -28.77115896775142, 219.2910353948687;
  -58.18913131154721, -22.72783546967134, 230.9190329630563;
  -59.42944231914704, -32.32871734579923, 236.2840838846788;
  -110.6854623302821, -14.27224368468221, 443.3813370914168;
  -9.595897169892208, 2.566425180060921, 39.56690335797342;
  -15.94645735465733, -1.456876394560906, 64.82328380229514;
  -142.062210033582, -79.41415858079384, 577.0580150907083;
  -10.93518281006519, 2.965903436548194, 45.27995738342649;
  25.75440512068176, 10.50942417853114, -104.4877834722817;
  -58.78116743382203, -4.453217495895233, 241.0113258123522;
  21.54973649542986, 3.08269253528425, -88.24777417496021;
  -206.7866426727416, -68.29730499061245, 855.7458159751017;
  -130.0266758924043, -33.42303892487477, 538.631646445374;
  -65.71102715847238, -4.724450142579962, 275.7493885901859;
  -10.86445632962085, 2.938595074546192, 46.32246032024926;
  -62.03739342274128, -29.92473247984081, 261.6850449767128;
  -155.1915112776963, -16.96937230389481, 662.3977570517255;
  -85.14347122933579, -44.97286593552044, 364.9381895831797;
  -11.17973358922412, 3.318591499921331, 48.87278657176363;
  -31.78147059484197, -2.359037515853858, 139.0182775142541;
  -46.50371948217536, -24.73115387859689, 209.7072118826498;
  243.1606123909716, 34.27114460993885, -1127.351161162489;
  -99.51937023997202, -52.22716446053956, 461.3649848642066;
  -50.85435457024753, -20.28507464487333, 235.813507839544;
  17.23646243307362, 3.851780469686177, -80.02158595604045;
  -81.30177241466836, -21.67859972210107, 377.6110785532521;
  -35.81525050249148, -3.51425148282191, 167.4055322648987;
  229.5649865814228, 58.14279991943564, -1073.848239067386;
  65.3760039588182, 19.8387829237489, -307.3706799355223;
  -2.919732040408827, -0.4527175615212704, 13.88423841226369;
  31.1335813766074, 13.08703743706324, -147.6277553436619;
  -54.14793448741072, -19.22057684777795, 258.734795261014;
  -15.21377296263568, 0.4054232120183325, 73.33665536297505;
  183.2816768549426, 92.20809147298849, -880.9859804247187;
  -28.80063129473544, -15.96633321151787, 141.1433988897493;
  121.1438955862579, 31.14577760154474, -601.2225614939731;
  -12.10945780944731, 0.5478852709291266, 61.18024444396298;
  -48.32636843018782, -19.39798324050407, 245.4128640977344;
  -55.69084923952568, -31.67304661437769, 287.0174914418317;
  32.83429970971815, 16.84712690756073, -177.4406672303867;
  29.61553460958908, 5.317717631954208, -161.0213929097095;
  43.72206363871367, 11.02602752068003, -251.4188154044463;
  3.54284140649533, 1.788702160205042, -20.91495048574247;
  10.41741383082458, 5.995988845640839, -62.28746096719905;
  23.08550949084394, 7.064587098706278, -140.0620628359831;
  -3.686150219595771, -2.033452867848544, 22.74445210547239;
  19.2000635768082, 11.58612346762809, -122.1713800663747;
  10.22363777266029, 3.291442192550386, -66.71713395372885;
  -6.461233969799644, -4.185155419609846, 42.17069967513391;
  4.296058883719347, 2.676018762822736, -29.04350492438038;
  17.7137718868501, 3.224754807429525, -124.0743754440305;
  18.7594795087154, 11.08284366157632, -133.8973486846349;
  0.6854357567009224, 0.4865682015397735, -4.98670351895395;
  -4.127261873860093, 3.350027706855671, 31.90457133135426;
  7.184817630309678, 0.328319332707342, -58.13579424924109;
  -4.450787515014883, -0.9425569699800689, 36.36577135074438;
  -2.678298659017961, 1.11826111749325, 22.0584092091216;
  12.65736917071568, -1.090868760483586, -105.9497121998905;
  1.537817250706081, 1.059709451259414, -13.00243876959251;
  -8.385243423402983, -6.592957084223309, 71.94337706973296;
