m=[-19.06847483492871, -2.184110084357909, 24.48139151050041;
  -17.82234811681477, -4.784673393665381, 23.79461322501412;
  -18.66239637282783, 1.315073940700235, 25.80984055540511;
  -18.22696088675282, 0.3164210059806172, 26.43844386620984;
  -19.6862073490531, -5.220603583057399, 28.68534026562756;
  -18.12906283443638, -0.238775382089722, 26.65232740523674;
  -17.95159548089404, -0.6480874307128338, 26.66367407643133;
  -18.66048637922318, 0.4994204822787819, 27.76699916181597;
  -21.52601376049924, -6.530088985941195, 31.97875641117465;
  -18.62390988977458, -5.193949749276666, 27.89063892169944;
  -18.12006589934286, -0.2312753640512444, 27.19243707525674;
  -19.31750485871163, -2.994502182251635, 28.92711487895177;
  -18.38550009860139, -0.7223386609551092, 27.63602299774866;
  -23.0893792643217, -7.413411132594198, 34.5647092073409;
  -20.98287664397804, -2.841713917011512, 31.52305662016683;
  -22.27206686115683, -1.992801984339061, 33.49056354670305;
  -18.94514811964157, 0.01514710280375119, 28.6814458415678;
  -19.50698429292665, -5.806736394669179, 29.77198306802309;
  -20.73121606486338, -2.489588835916365, 31.88390519831978;
  -19.88899697552534, 1.247307679540484, 31.05883033607727;
  -19.22214571743409, 1.384283277690168, 30.48804202673505;
  -19.62719995927192, 0.6070025590496472, 31.12909830418504;
  -19.3562486342618, 1.6135809927729, 31.25210142790058;
  -4.244403854557845, 1.380238664064298, 7.638173549763046;
  -20.39940971882017, -4.062977711360409, 33.62130545317174;
  -19.26856194712082, 1.145650890095634, 31.82630294946089;
  -19.27119344143752, 0.3362049166955205, 32.72608107232046;
  -19.89045235226833, 1.738660249557606, 33.81470410626495;
  -19.35768511875804, 1.998383542075172, 33.0709584635129;
  -19.18589700943504, 0.8271646271985441, 32.79059726220439;
  -19.23034185486058, 0.9837547674375352, 32.90573351824421;
  -19.32827969239105, 1.549867219691753, 33.07720505845603;
  -3.975279868444424, 1.17514060619372, 7.512549142069577;
  -20.11356285573913, 0.8735274955058782, 34.48262987310362;
  -19.31998823236835, 0.6053309184595095, 33.26173488357836;
  -19.04707145954767, 2.00261460095192, 32.83301316294539;
  -19.54360621164985, 1.884367764017736, 33.80841986937185;
  -19.27174383539931, 1.21600858138063, 33.44324979522517;
  -19.10235492007249, 0.966344713828163, 33.55408852245686;
  -19.20741283225465, 1.931771629412274, 33.83204526317162;
  -18.99278800310558, 2.137129883170903, 33.46315969144326;
  -3.939025697912997, 1.207401737644252, 7.656226172956736;
  -17.76471602004908, 0.3058543370268612, 31.86716184555259;
  -18.89183568934238, -5.020651647111898, 34.26696518756007;
  -17.6529295273718, 0.5274839079732164, 32.09202493899737;
  -17.91510524077476, 0.09887267814097864, 32.57150368175464;
  -4.01698926473044, 1.655649652144741, 8.689942947551995;
  -18.96841674686051, -8.935716900363456, 39.83302665818292;
  -18.59154626201396, -2.98260381820204, 39.09639211555125;
  -19.16509354286184, -10.96557494823429, 44.6129152163773;
  -19.84575090834981, -9.115293190949981, 48.10574271321327;
  -13.21289833173755, 2.155013705805855, 34.90044748779967;
  -13.41501743027509, 2.45594151349405, 35.65713479743984;
  -21.75697287589163, -14.6173061798237, 60.83398061971049;
  -22.35219948811909, -9.768471787150054, 62.64536076520849;
  -22.90587462573814, -15.36692749380957, 68.05507461452912;
  -22.23895648384861, -9.640464475525221, 66.19731738273792;
  -23.02956643983476, -3.965872189261459, 72.32076614389088;
  -22.95053648193794, -9.78512684523777, 72.07486215741665;
  -22.17466334871, -7.392187375243185, 69.66758990020328;
  -22.74294762331114, -15.02942477320656, 71.43658899058951;
  -21.95807101071527, -3.207622677220338, 70.66381535330382;
  -23.11070814947337, -17.94691142017216, 75.65717114814142;
  -23.50565015738533, -4.063324074556062, 77.52549968676621;
  -22.55322969165242, -9.493596598161412, 74.43075095932944;
  -30.58945601713692, -20.62182548612669, 106.1911224212183;
  -34.69670853371028, -24.7528658063098, 120.3398231473698;
  -32.59012809078593, -20.45475572248478, 113.8825195898584;
  -24.67526453210348, -4.328405054023331, 86.81567649554471;
  -24.02714433688169, -2.191704353452293, 84.84894065599472;
  -25.47569100163131, -13.30592336465225, 90.13448663074261;
  -31.8231717368121, -22.47462123380627, 113.2532665935544;
  -26.79313082464109, -20.90058234827133, 95.98673797558122;
  -21.51041605576241, -12.67200101212407, 81.50755472865063;
  -24.12572024529743, -9.799279295566546, 92.26453224946602;
  -23.38315232213915, -5.153836748894507, 89.35632548442007;
  -32.94647408608812, -5.306184431874055, 129.8655566826422;
  -7.294225878374355, 2.77340187065545, 29.89789342770854;
  -27.77795571563245, -4.546878924799647, 112.5620206768884;
  -24.49684076742333, -10.82922477975849, 99.50596547733093;
  -8.152993084547218, 2.319423876508842, 33.78808382596549;
  -7.849505178858554, 2.511947563205739, 33.80305347433593;
  -29.33751013721352, -4.921794047669899, 128.2849958458271;
  -38.17447047721529, -9.51187437234316, 169.2839548239539;
  -22.64873349224828, -13.01171942392277, 101.0099167214315;
  -10.49627707570767, 0.5701605802795356, 47.66619306394114;
  -25.87690615631554, -11.20166273642768, 116.4759341049564;
  -37.09218940408621, -22.53385304118296, 167.5464552468529;
  -39.01415905402392, -5.294800794673122, 177.4834749077189;
  -6.901050954206134, 2.212528295064816, 32.07900331065991;
  -50.36181032744986, -31.48850543870103, 233.4368280673634;
  -33.53567686717781, -5.039694357437828, 156.6256686302074;
  -38.68495102388616, -21.86464130236301, 180.8986062073654;
  -35.56578382372369, -12.99977992196301, 168.1268901730907;
  -45.50619051752256, -12.82058937558522, 215.130825689373;
  -7.991438040573314, 2.582266299891826, 38.46432751266579;
  -7.568515563207313, 2.467078374494851, 36.56277302215837;
  -24.73831409630713, -1.773956305685946, 118.4045360761929;
  -35.52740136008102, -4.04745421217299, 173.6467431772888;
  -8.734409555506701, 3.101394344146798, 43.30165921693886;
  -24.83474166514493, -14.76325935248003, 122.3030058388331;
  -30.38715649433683, -18.33575368687936, 158.4750001574783;
  -21.04945319395742, -1.253598728467051, 112.3801182627508;
  -6.456774082921068, 0.2108552764098035, 35.01615152833733;
  -43.78877556583043, -6.590347608142118, 235.5469701528683;
  -45.01422009052725, -26.7159744890414, 242.2265108493149;
  -46.89052345861038, -21.11634735688872, 252.5623166113773;
  -36.32175729913712, -10.77684464803611, 195.8157545190696;
  -15.58594997693275, -1.564555669581937, 84.24218617381541;
  -30.8559861568351, -8.666083370351258, 167.7947319937246;
  -32.83023788918555, -11.10912478233511, 179.909124391241;
  -10.8739225800304, 0.4817834588807149, 60.54544248450058;
  -13.14922261127587, -2.145149587470241, 72.6846122188161;
  -52.54827952514818, -25.00011440412305, 290.5698419728143;
  -8.709544854834725, 0.8428521080363223, 48.71435982062491;
  -21.31183105736771, -8.546961019963641, 118.6237288355423;
  -48.52463254213591, -27.76998788102524, 272.664359646558;
  -35.92792079687202, -22.85026143827188, 206.565988951108;
  -35.50191205471533, -10.19086712411289, 206.7881137279562;
  -11.23234247994164, 0.7470092663947243, 65.92160491343083;
  131.0896134125291, 60.13044948382369, -783.3172157778897;
  -65.86785937398686, -43.21768186545075, 401.355239318078;
  -11.22468925975761, -0.8992227947865594, 69.47116466097562;
  -31.34680019996492, -18.65270130367379, 202.3967654106404;
  -24.21049809170652, -4.81476829551224, 156.8069426128643;
  -33.11632688860983, -9.48686175402046, 229.5132486271349;
  -115.3721050612117, -68.55039540057715, 826.2957622920392;
  -59.12137011144159, -40.23033122840867, 429.998384070737;
  -22.69744191777849, -8.046776812000529, 167.9460947350115;
  -4.572254098745654, -0.05751038382175967, 35.57422698870713;
  -31.95201109311204, -23.09891965860325, 250.9731103780885;
  -8.198973108044477, -3.11156103203343, 66.35279711888451;
