m=[-9.168296327281915, 0.1591621096370153, 13.29873308576591;
  -9.206561498833155, -0.1212583496285705, 13.53496833147122;
  -9.363984196180583, 0.2506132695723486, 13.93370655204906;
  -9.246901212598795, -0.1180227740985886, 13.87664817343887;
  -9.378614726356291, -2.615565361668011, 14.04514725783514;
  -10.9191065637393, -3.312398584406483, 16.22127779506626;
  -9.577661440489541, -0.3762919204210758, 14.39658809466677;
  -10.44686441381306, -1.414820307890666, 15.6945639059622;
  -10.99768862413892, -3.531077485698324, 16.46349626356706;
  -11.27456376085522, -1.008796048218336, 16.95359018308303;
  -10.4885452572895, 0.6577728913491154, 16.37900332627599;
  -9.653470911344655, 0.6951949356061112, 15.31126811623336;
  -10.03728046717561, 0.7300584684569815, 16.40167887610738;
  -9.738080368989222, 0.5789970457147873, 16.08459919428285;
  -9.775997664069925, 0.170551890844341, 16.60146752661639;
  -9.832374009547161, 0.8594655137259074, 16.71549806442943;
  -9.652324615672463, 0.996454200819466, 16.49017558054624;
  -9.740494156790748, 0.7810561952470119, 16.66927050531538;
  -9.735869319941561, 0.498051877128774, 16.65939814426502;
  -9.702702619006754, 0.9297325071421166, 16.61126357625981;
  -10.0746487604444, 0.4375397219742845, 17.27194663618735;
  -9.735275122297235, 1.112913023004705, 16.73388391924818;
  -9.691362669672667, 0.3036482939533352, 16.68487226297575;
  -9.76036897025852, 1.026208015863765, 16.82475563533755;
  -9.670546376639496, 0.7736177715876762, 16.77635053851192;
  -9.677061805233029, 0.6106032904038066, 16.79310383120476;
  -9.60289498356598, 0.4857886288703064, 16.86788826292036;
  -9.596272864956799, 0.9651381906829322, 16.90292913264018;
  -9.562437318189671, 1.075996348998903, 16.84794075338886;
  -9.085281850375237, 0.2714756192757293, 16.51652725786818;
  -9.444440513817865, -1.515152313869118, 19.86083053213578;
  -9.508183181080252, -4.47915259754047, 19.966859605483;
  -10.15296634239274, -1.608096860537532, 24.60380947757987;
  -10.36155035952896, -4.759133069646754, 25.11621142517652;
  -6.575585690708889, 0.0125006401852445, 17.45301276512906;
  -6.607957191719716, 1.209745456603796, 17.56395931242784;
  -6.390437590814785, -0.06401778229524388, 17.07363672937258;
  -11.18552295807802, -7.514933938298308, 31.27548536897089;
  -11.49155297790182, -7.709369944960055, 34.14226734958046;
  -11.41088648076483, -4.946556095469591, 33.96607545566187;
  -11.47523601837994, -1.976125755966726, 36.03619124568998;
  -11.70190678720053, -4.989192402278746, 36.74917661860246;
  -11.65825059546744, -7.704225644532293, 36.6190728630123;
  -13.8317017937153, -10.74118219470058, 45.28063022166716;
  -14.6674495273568, -9.888034109213081, 50.91796753410748;
  -17.462619454722, -10.96017831614589, 61.02115022692634;
  -12.75823627706812, -2.237982669253187, 44.88766115729452;
  -17.13720108446653, -11.72596312532904, 60.38682802804074;
  -10.99850212856932, -6.479327491563912, 41.67567060783988;
  -12.83616707117154, -5.213738074388983, 49.08964120681486;
  -12.66533770590142, -2.79154333028193, 48.39929291086668;
  -4.463785181890145, 1.394838820696304, 18.17731607874406;
  -4.144740305900952, 1.402035325319592, 17.32171893996027;
  -13.84747212976535, -2.266645531195347, 56.1128205455415;
  -13.64425356663395, -6.031663030670962, 55.42284563366714;
  -4.026431060170728, 1.315174050879083, 17.07878886629584;
  -4.610714635767316, 1.475490891470045, 19.85554883223988;
  -14.79759098435995, -13.0414246120475, 63.99611902418589;
  -13.80738260890499, -2.30232036014392, 59.91530382367173;
  -14.06976000480383, -2.36040688933409, 61.52325454090074;
  -18.14290804298355, -4.52064062438889, 80.45437663259024;
  -5.508579629094142, 0.2992275199279256, 25.01582401213354;
  -12.32555246712998, -7.081041882629978, 54.97009484775592;
  -4.020208542849211, 1.288908778117897, 18.68762946562515;
  -16.14191811133123, -6.987555680339161, 72.65725581356442;
  -13.40021735374178, -6.115386166865708, 62.29510189594197;
  -30.63046994118121, -19.1515696727674, 141.9782112436252;
  -4.438709609534211, 1.434276306906574, 21.36436262008387;
  -31.47256847465924, -17.7882200274104, 147.1720558032075;
  -18.27092172775658, -6.678271526629888, 86.37046398045757;
  -21.28774151312165, -5.997456380538841, 100.6379430292318;
  -12.08301352986603, -0.8664591273094947, 57.83270459888445;
  -20.55129036901749, -11.11986021122976, 99.24260136461244;
  -15.58402606246471, -1.775407981288745, 76.16980887258491;
  -21.6932824133559, -12.89578763464451, 106.8323432326164;
  -18.705106554101, -11.28674960181771, 97.55081113493628;
  -17.63381872464288, -2.916470853429063, 92.79052002688691;
  -9.630757557791371, -0.573559099962154, 51.41728211805368;
  -4.905431286524322, 0.1601939384197017, 26.60296349769037;
  -18.40218845402052, -2.769586888315968, 98.98837495490554;
  -23.9041215114121, -14.18711463172106, 128.6307290670108;
  -15.20477237320704, -4.511331002663145, 81.97108829370909;
  -23.75651269813604, -10.69834024277802, 127.9576221183574;
  -14.74877852067154, -1.480518357114994, 79.71726765539732;
  -20.40995079254214, -5.732253516511134, 110.9892325538619;
  -5.157633575747729, 0.2285157472360912, 28.71743887436158;
  -4.690989114626651, 0.4539628797989057, 26.23771224023323;
  -13.70828881196693, -4.638622829309228, 75.12118082688673;
  -29.2618529815832, -13.92147714115187, 161.8057160676638;
  -22.1488943924399, -8.88265942508165, 123.2829049434278;
  -25.62780663540819, -14.66644552258195, 144.0049953870666;
  -15.93275477783738, -10.13327807539467, 91.60466774592771;
  -4.670716453065699, 0.3106269664919, 27.412013587682;
  -14.61485158832807, -4.195210960630493, 85.12717815611239;
  -36.9683382101137, -24.25592534877569, 225.2606410854695;
  -28.62821542459145, -17.03502583248445, 184.8436894500893;
  -17.07068019733211, -4.890251978243553, 118.3086301069262;
  -38.75509952141294, -23.02703408741699, 277.564273311643;
  -28.44406014738756, -19.35533562657954, 206.8778155298618;
  -23.10689601686836, -8.19193791703035, 170.9757849161558;
  -33.18750588203583, -21.76750571570088, 250.713234408309;
  -10.81109202189709, -0.1359832673958859, 84.11523797163359;
  7.474159065202831, 5.403259258380729, -58.70719506788459;
  -4.395693727677099, -1.668192971431274, 35.57354930499054;
  -31.03142422207464, -24.31575823952992, 251.4136019969901;
  -27.25871738152481, -20.68308080149984, 231.0507953031641;
  -17.44025863853056, -12.61384396626883, 157.9555197300163;
  -29.72051115103272, -25.20023486312372, 271.2471387442942;
  -10.09725118813842, -8.949620989021529, 94.15053832620814;
  -24.15335945224751, -21.56216634788504, 253.8273404790049;
  -6.228521862537318, -0.204738033082852, 66.07164367457034;
  -2.125251531967068, 1.263796519624879, 22.98758592784602;
  -10.81270721832352, -2.734064047542931, 115.7619170285284;
  -2.589618216229779, -0.11578507825094, 29.3742786710463;
  -15.85963037936613, -14.14578074155321, 179.5303482424593;
  -2.34870294481061, 0.1594294531224231, 27.67577297345104;
  -3.2164269423503, 0.4214032671975577, 37.9371636196372;
  -1.34918417053428, -0.04402937724232563, 16.22307152203279;
  -0.9497471259336653, -0.5195637639459864, 12.51440063742122;
  -1.399091865683398, -1.524573261695887, 18.59108749050414;
  0.2726019441622269, 0.03532365180763676, -3.662694782125693;
  -2.556804595640775, -0.9848959244987562, 35.36346789500936;
  -26.52728642806291, -29.75978528931727, 379.6730119886281;
  -0.5932855131728763, -0.1815236381339644, 8.502233668017478;
  8.300025753051267, 11.53371572373492, -127.3317595182958;
  -9.79792734965883, -5.050696351339728, 155.3634043246773;
  3.474689362928542, 1.593971790814136, -57.72526105485036;
  -11.61875792605035, -16.50495882038061, 193.8322699769632;
  18.81897891430718, 13.0455533117409, -333.9274070153537;
  25.36242833273266, 23.73903169452284, -453.6703915415566;
  -7.552397528481269, -13.71256123128776, 147.0872828997101;
