m=[-3.60438574912352, 0.9251203096409943, 5.607300776553835;
  -8.582717729935924, -0.08624865281097124, 12.87543585390711;
  -8.582446031848646, 0.7384822173080384, 12.93809802384962;
  -8.631286329667983, 0.2669874097269164, 13.12554913282617;
  -8.485240009316007, -0.09419262918474522, 13.00645722163511;
  -8.407451675911172, -2.421560617952218, 12.87963778591726;
  -8.508521442634459, 0.02822105960064284, 13.18354409502297;
  -8.789770197766254, 0.9872207715408046, 13.60774153653147;
  -9.851688655726303, -3.261356247279495, 15.18442036417857;
  -10.17940065663858, -3.148249936505405, 15.83464751855747;
  -10.31557463744526, -0.7271255300076719, 16.07568894058212;
  -10.15600355187132, -0.2553825817193861, 15.87833422084934;
  -8.918398518358682, 0.6968494227207741, 14.52162964411158;
  -9.140033125541393, 0.8192689055432351, 15.16690190851504;
  -9.166735803320366, 0.2720340406349923, 15.38012519676722;
  -8.970876619423526, 0.6603740359719601, 15.13312598737196;
  -9.444050058030753, 0.7466100861493749, 16.32591999698241;
  -8.999375219352691, 0.1912225832268363, 15.75585365161883;
  -8.944560374044391, 0.8437520823091502, 15.68842267240137;
  -8.778765741586451, 0.9754490566369652, 15.46630809209617;
  -8.96549108957003, 0.5044857032989647, 15.82035964703331;
  -8.970165293576621, 0.7797050493174292, 15.83224460920524;
  -9.095485048208701, 0.4409039828822202, 16.10308737451152;
  -8.892515019013393, 0.3184073782252979, 15.79720549766297;
  -8.918078380163321, 0.8449121428556428, 15.8649847054719;
  -9.298679696530517, -2.219167456805712, 16.53590588819884;
  -8.869124700722606, 0.607107942074088, 15.88484766273344;
  -8.909437192626726, 0.45854519581222, 15.96631119290715;
  -8.795143628858948, 0.3688131876331864, 15.89211821656762;
  -8.760551571624728, 1.061519093646173, 15.93884266395416;
  -8.793359889942623, 0.9413470529973909, 15.99513812013637;
  -8.392546338827369, 0.3004290636489368, 15.76122138236153;
  -8.586918232048994, 0.094000168647282, 16.13832494718882;
  -8.60604090061082, -2.35386801212759, 16.1589632307341;
  -8.612262810137214, -1.430963064270951, 18.92299117282681;
  -8.657795777336645, -4.288110228649229, 19.01719900241145;
  -6.725741807364146, 1.160407264366055, 16.12378968549917;
  -6.7205858467661, 0.5241244367588774, 16.43597748917787;
  -8.842133333438881, -1.210713962964853, 23.65745297662418;
  -5.914896550409606, 1.067922755356748, 16.47587162321702;
  -5.751657829384064, 1.167171062201355, 16.14082212669914;
  -5.788019939221124, 0.1945440458790218, 16.33379627227916;
  -9.321635952796752, -1.629825203546409, 25.78265750907444;
  -10.11800548693801, -7.276960720076283, 30.31836365784675;
  -9.961276460944385, -4.617261331926404, 31.93974049690733;
  -9.895652152354549, -1.961298019341455, 33.12704232785448;
  -10.32282239060233, -1.869420831541452, 35.08621445167544;
  -10.34132367716153, -4.736356025459834, 35.17061593831363;
  -10.33291279520988, -7.376062396725446, 35.16759143364571;
  -10.69226851397595, -1.667300959425371, 37.34422679198974;
  -12.73197940130514, -10.68960078449277, 45.30519022563009;
  -10.29228585617151, -7.221197785502007, 37.00948653856962;
  -9.757152785594936, -5.570674943211151, 35.98311813569386;
  -10.91724413438084, -7.998930088893529, 41.55852351041009;
  -13.95509124318475, -10.83357014176411, 53.13588705292369;
  -10.96875450273653, -2.039167315416753, 42.2613124496675;
  -11.45867316950959, -5.129486816897406, 44.12611805954251;
  -10.88282148210885, -6.187148608903176, 42.25195720717737;
  -8.847282186657994, -0.36246600706943, 34.90264120759435;
  -13.98210047364381, -10.78005250216592, 54.74993187278733;
  -15.56044505993865, -13.22769832418178, 61.23533645064356;
  -3.450858586934167, 1.420073693030246, 14.5427700726336;
  -7.582129287514773, 0.350302690564141, 31.44919684161984;
  -10.86341936079661, -5.685340611449774, 45.11677212203286;
  -12.5020176912003, -4.560219550468584, 52.86684482280511;
  -4.022345676659549, 1.314732912799947, 18.27230124829909;
  -12.13460780154315, -5.872027977657824, 54.84623876629093;
  -3.997402913245705, 1.481431394768862, 18.96651042454836;
  -11.34699574183574, -3.863848904761217, 52.77540000065601;
  -12.76391275997102, -8.136693166177384, 60.09816776270272;
  -12.39128993555047, -8.152794666041105, 59.93393691827282;
  -13.52755362689802, -2.431546247382838, 66.47407614037772;
  -4.671565996207265, 0.330790284222489, 23.69942891911473;
  -3.263288346341766, 1.209064528293837, 16.83377529376133;
  -12.91156519648201, -3.503878602217471, 64.55516489967751;
  -11.47304962289543, -7.36083428051914, 57.67684864015952;
  -13.1530313187412, -1.442790855113743, 66.7001403750125;
  -14.17880798433924, -6.817441021523352, 72.02224546456594;
  -16.55435898373838, -11.20809606426659, 84.56967300776904;
  -12.55705926648605, -1.810337310444572, 64.61261005539075;
  -21.70093244883622, -12.6039669950497, 112.1072469137393;
  -17.82767354497493, -11.00315151206591, 92.72973317780705;
  -24.07392838777418, -16.8339239908942, 126.7996574872242;
  -10.95502072578539, -1.734608541693151, 58.06099658895642;
  -10.90408494254697, -1.616028909109974, 58.726251642879;
  -13.25766310840924, -4.098665731198562, 71.3032144387317;
  -16.25741341690254, -6.595699206953823, 87.39515897888846;
  -10.99486218947399, -0.7694733757198825, 59.77561063397972;
  -9.269725232670975, -2.005427656547124, 50.73927632682629;
  -23.80804467616753, -16.54662516721042, 129.4120065296317;
  -10.32030140524544, -1.240688277641097, 57.59863550082167;
  -19.80666927114008, -13.18499173023137, 111.3314500414941;
  -14.86138359564186, -10.15499533284084, 89.32409513268297;
  -4.275905963209092, 0.2068925194245571, 26.44346550459124;
  -9.39907796133493, -0.5282756397423905, 57.87146625982277;
  -6.473307898676914, -0.6939335914374976, 40.62509781857963;
  -13.32376786587158, -2.159434230233209, 83.046257134549;
  -14.87617482555285, -3.191283186533244, 92.92155190299577;
  -19.62646671366101, -13.27029261343969, 122.5835782611585;
  -20.16117070906772, -10.26719353700467, 125.9713472338656;
  -4.117413932740434, 0.2705287549600111, 26.47458684550436;
  -3.866897189049737, 0.4883358842106515, 24.91942978289113;
  -14.72222068530965, -4.636943173610071, 92.9524821694844;
  -24.0259036207907, -9.171928528061855, 153.0613809958837;
  -16.69303312398159, -3.023233626749041, 107.537422982174;
  -18.1387513821465, -9.804241474050105, 116.8769008875498;
  -14.51535868350806, -6.510384945536419, 94.0038221292106;
  -3.541151703575642, 0.5722521877959811, 23.50668165993191;
  -20.82489976597992, -15.12767426072331, 136.0524531219722;
  -17.56066146897281, -11.493472044069, 115.2898775764137;
  -3.270894056359665, 0.303207777315348, 22.38282543067213;
  -15.94866899925424, -11.63744772923992, 107.4231318530964;
  -14.01741755738974, -2.1557620753714, 95.6881852344663;
  -7.512038752649001, -2.433241227947203, 51.37743300015094;
  -10.2283527306171, -5.38259013691833, 72.37382590983467;
  -27.22935193561674, -20.72595764991865, 196.7095154907199;
  -19.54034148981689, -14.61826686675905, 147.6590824679191;
  -4.897859175564857, 0.0501476530892264, 37.87762901636212;
  -11.46427675040938, -2.551379313926668, 88.73516091588907;
  -24.72385489608453, -17.22560500000975, 191.0280079747757;
  -11.98530232293545, -3.087909225437637, 94.47943423675908;
  -10.34990017970309, -7.967628356355166, 83.44901724849831;
  -9.545790211261148, -0.01183177563152051, 79.47051133793985;
  -16.47328375661245, -5.45633368930263, 138.7498962059381;
  -15.95888429602952, -11.29727118842367, 140.0515486121225;
  -22.68879164066699, -18.50964981605987, 202.7124304783094;
  -24.74110060908499, -10.34454590455075, 225.1676435699157;
  2.562066752243619, 2.267304512979857, -25.1986839084937;
  48.24103947759895, 46.78599625398831, -491.9563914156629;
  -22.24104627512775, -21.01499867589134, 240.2348463421131;
  -15.04473838019227, -13.87284451859038, 176.7294106316236;
