m=[-69.78758649173442, -10.83364484863624, 85.18977614327199;
  -18.00234112110946, -5.185133613639938, 27.57834857412784;
  -21.19764344218972, -6.649346390648118, 32.35023392142861;
  -18.96266922744248, -0.7211392375519186, 29.1354886832583;
  -19.50158433965502, -2.696107015752904, 30.07870083683226;
  -20.06903157802428, -6.643760658818096, 30.93242411853588;
  -18.15039648129678, 0.06020122583311923, 28.12316499013681;
  -18.47837163699756, 1.272153901193119, 28.67570952562612;
  -21.59483687104356, -1.289971991935466, 33.40576628614879;
  -21.9117647911918, -1.991501910178086, 33.88278847379381;
  -21.30307945014262, -6.647703683077665, 32.95498897236963;
  -21.78623432048068, -1.117774018276675, 33.90703830314985;
  -21.14584856045963, -0.5317329174252112, 33.06033215836928;
  -20.96562104587547, -1.330917092999989, 32.93449947034076;
  -17.53155588390427, -4.873350865573475, 28.06393457414708;
  -19.45379193264735, 2.227544501022476, 33.03104160172907;
  -19.65983707835147, 1.554230712941745, 33.98594091757718;
  -18.84053171134384, 0.4003316958562635, 32.98547433873625;
  -18.44763678132134, 1.740189712743226, 32.3564614726218;
  -18.63162859429657, 1.198127387919963, 32.67361821833914;
  -18.27848203805609, 2.031006246848027, 32.20277690259147;
  -18.64006970656903, 1.620232849025435, 32.89952118701353;
  -18.69035234434406, 1.051700955713522, 32.98069152745942;
  -19.14059240323921, 0.927840943125444, 33.88743208697539;
  -18.47064129305499, 0.6613639061263088, 32.81237260281646;
  -18.96555714907436, 2.139802548783706, 33.71404387957722;
  -18.57918344206737, 1.760219749745879, 33.05179082123715;
  -19.79314841493835, -4.723714792170506, 35.198291596461;
  -18.66694621061483, 1.629196456550509, 33.41335809511455;
  -18.41171650286346, 1.260315949238401, 32.97589353249175;
  -18.48475003945974, 0.9513612524704317, 33.12591638194198;
  -18.27503579541187, 0.7663404362949408, 33.02152204993262;
  -18.17494095457839, 0.9973143202696942, 32.96588028567802;
  -18.21910515166525, 1.950392245674545, 33.14058641674396;
  -18.19897505506367, 2.205176163600586, 33.11099737000807;
  -17.14654927767897, 0.4039556252823385, 31.76394514877199;
  -17.41546317933102, 0.1322181166200281, 32.69259862879383;
  -17.46943295744172, 0.6253555445504282, 32.80763538864569;
  -15.98762577937082, 2.390349912853107, 33.64338724767524;
  -18.05190552067343, -2.999398718927504, 39.66391369505411;
  -17.95231027840928, -8.891580179593118, 39.43297646396664;
  -13.97824372515025, 2.411697627759585, 33.51039460810043;
  -19.88955036637648, -12.36953963675109, 49.25654722986955;
  -19.80671883587702, -9.621588280011412, 50.77831590179516;
  -18.77445676942152, -2.570702804475614, 50.23174967341418;
  -16.65556624673789, -2.247911692832963, 45.14885767902897;
  -11.92023196538157, 2.418946018249292, 33.45163248051236;
  -12.37979251400307, 0.416103425369519, 34.93578303809773;
  -20.85402992793012, -14.99840624090903, 62.48860646525947;
  -19.88436405212897, -9.240517624757441, 59.71710517117795;
  -20.86181018370981, -15.03994209899029, 66.8098314499852;
  -21.48535796513274, -9.958915699604958, 68.89044396870814;
  -22.39241933215048, -6.285885812666638, 72.62355090659892;
  -21.31110371962206, -3.859353549749238, 72.43425557619503;
  -21.75298056974814, -9.962927745968855, 73.98141176277393;
  -22.00010572885553, -7.876518653975654, 74.84399911746731;
  -21.52494158823182, -15.36539748155723, 73.25914448430703;
  -22.38047718773384, -3.489904040356968, 78.16691235533679;
  -30.27587545651234, -16.07044081874586, 107.694732714914;
  -27.96980670194271, -23.48307817970151, 99.52713346957825;
  -22.95722260093578, -4.161708577238025, 82.34724437104285;
  -22.97778903629691, -10.44674813980963, 82.51957052868164;
  -22.82699960919127, -16.01571131341111, 82.08240099022569;
  -9.468193036390225, 2.789312598214041, 35.12273866797633;
  -24.55784579652515, -17.99323063973719, 93.48401476942858;
  -31.63362025035597, -21.58146267042339, 121.3536919253332;
  -23.3953851971321, -4.349363896664341, 90.13964926005551;
  -24.60852221326777, -11.0160302514053, 94.76477253430565;
  -23.50408230402734, -2.157233724266639, 90.8996249753112;
  -25.01914728609186, -14.22399352792569, 97.1354664072995;
  -18.73476881454734, -0.767548350138361, 73.90890221942583;
  -15.70469650028647, 0.7255742061273681, 65.14002503079119;
  -7.30869903925874, 3.007625776154348, 30.80066220634316;
  -25.06205461132935, -13.11615727570645, 104.0850002430886;
  -20.51222892592739, -13.24683362809066, 85.77370261465727;
  -24.68838920753071, -10.92730035390109, 104.3479566183983;
  -22.67553862728321, -8.271099683239584, 95.88725688061408;
  -27.09907412107389, -6.503255531249146, 114.6080699778549;
  -8.691849737863446, 3.234973807485584, 37.86585507268435;
  -6.689924849607753, 2.911116049909582, 29.93142645708712;
  -27.27658979855323, -4.769860646829717, 123.0462144202047;
  -26.82944180849375, -12.98296867117396, 121.2642382399724;
  -25.98924799973621, -8.84978982138073, 120.8771898843093;
  -9.607350298168472, 3.560469299976701, 45.58407384422194;
  -28.46398304915369, -18.14511746621837, 134.0210686684957;
  -13.53838914868066, -4.404097959562447, 64.25013616372868;
  -26.74473718626499, -17.59658210008352, 129.3583960793815;
  -27.39082515826193, -4.923437005924007, 134.597862062632;
  -34.76327907890332, -9.433891852296265, 173.8092306580749;
  -10.16794387063421, 0.7199849141928248, 51.5832299514307;
  -24.08645282866859, -15.45329215028943, 121.0864364523566;
  -35.5466745402986, -3.899208913413859, 180.2602095476277;
  -7.658355947894306, 2.837458887758791, 39.50586937590575;
  -29.41316992283177, -14.14241249521336, 149.4062509636208;
  -34.80253053354697, -20.21341466424221, 179.7902414076469;
  -56.72725037208153, -39.6670707661076, 298.7877923997179;
  -7.931840288854201, 3.015602122550377, 42.78605141936964;
  -83.85879138883689, -52.95379493451802, 445.5349554452703;
  -36.54658542484467, -14.8270993867267, 196.4638876697993;
  -31.07330279185526, -4.605187494204946, 167.3518327071677;
  -32.70238661732267, -10.11008880379595, 175.8820741307142;
  -23.28569231403264, -1.629644825199071, 126.5969916784251;
  -23.62036882167584, -5.110069576375487, 129.289745974405;
  -7.32003733885129, 3.078488446054308, 40.96602684621603;
  -31.04687263893158, -3.732399803842981, 173.2757048802224;
  -24.87994978374146, -2.086426557989422, 140.5645160347883;
  -57.60351321483726, -38.34576298381266, 323.7840025448692;
  -23.64766541286436, -16.15878699010512, 142.1338936183568;
  -17.20114805555809, -0.9667913736575632, 105.9099268484059;
  -13.4196760425519, 0.6493198424366672, 82.99124058558205;
  -30.67725867455438, -4.971981134648647, 191.2095390520722;
  -35.61665101973244, -7.640594500452849, 222.4734869783947;
  -33.74970770379031, -22.81961921019732, 210.7949431732984;
  -24.23148836268769, -8.053522688584414, 151.4767384967753;
  -40.5708034568189, -20.66091781344772, 253.4951389264922;
  -22.50446693201721, -2.41246141941016, 141.2332280154716;
  -60.88204504830635, -19.17554350097879, 384.3942654956483;
  -8.84649770056096, 0.5812463958649137, 56.88215357453118;
  -8.898592187914971, 1.123769697477613, 57.34516134053817;
  10.69643229228987, 4.08338075597869, -68.14356388952216;
  -47.38039447671742, -25.60974671292486, 305.2951965987529;
  -6.978210884988464, -3.194474822683196, 45.27975510730994;
  -8.46598209097586, 1.36810766071125, 56.19842430085918;
  -40.96603280914376, -26.81231306008706, 268.9516517189485;
  -7.133170482681506, 0.6612359587312432, 48.81249802959906;
  -24.05128207004293, -3.698886869737634, 164.1831331928466;
  -18.98461691843072, -6.149349611171796, 129.8423658179684;
  -49.36375451553564, -37.57383164862308, 356.6122416910146;
  -12.64504076751028, 0.1294686300642973, 97.79051334878194;
  -94.76865716829148, -66.02722195319386, 732.2267451169269;
  -20.2079295030366, -5.206397824442779, 159.2979213289965;
