m=[-58.78264218450507, -9.591772119315893, 71.46457531944444;
  -55.37823478659055, -2.659275538146511, 67.57225697280641;
  -58.52003553878323, -5.21344162304533, 71.39731108528841;
  -70.22390114107047, -11.00130499419458, 86.01277101294004;
  -60.58146863554225, -10.58615915876941, 74.54180461084857;
  -66.76405169081426, -10.81683192384104, 82.48168065617691;
  -16.23786455524533, -2.830216926702524, 37.02688007967829;
  -16.50246094462647, -8.613691885039559, 37.6521216059827;
  -12.63227247563507, 2.325648359644521, 31.38954131864477;
  -14.22585153119629, -1.303382828905204, 35.9003086290429;
  -16.62542220404283, -10.66495942685647, 43.36867996037586;
  -17.47276754920232, -3.039517679669609, 47.0250931595251;
  -16.53045464059576, -2.401885463830365, 46.58154663047956;
  -10.25127982812716, 2.554918642982904, 29.79575724716186;
  -10.62546348059098, 0.09605495004680748, 31.13083031877509;
  -10.79307847150437, 2.361041862653582, 31.66026153934715;
  -10.76668701524276, -0.0911956951008487, 31.75728197832719;
  -10.63221761681166, 0.388728230705346, 31.41820148379893;
  -19.10145815621775, -14.73414855821482, 61.02099234143617;
  -15.97171759774347, -6.448465059391682, 51.09474366672214;
  -19.2448361478899, -9.606208908362868, 61.57058309702239;
  -17.4750566843335, -13.90278811218977, 59.64749141786604;
  -18.21739304510568, -9.092222260484137, 62.61794373770226;
  -18.19525386333558, -14.14863200825192, 62.48480395711894;
  -17.09053998240076, -5.15400896785717, 59.4737380462043;
  -18.10287860971274, -3.105100000276072, 64.59869836913997;
  -18.48410459738371, -10.78508359511273, 66.64542796652444;
  -19.38148112033973, -3.758935014130887, 70.90786025364514;
  -17.39889187794922, -6.715476744683358, 63.7728287814615;
  -19.23328202262748, -9.512294374222657, 70.48295580321003;
  -19.22872463820927, -14.86142070430859, 70.56679488757992;
  -19.74476043206222, -3.291508286613661, 74.45556595835592;
  -21.71367035046676, -19.79488737681943, 83.89609209175737;
  -7.61429520629223, 2.482749630174226, 30.18560427478668;
  -17.40887268784196, -13.26528173851006, 67.86963642989106;
  -19.95541108277413, -2.35640434911214, 80.65379118094853;
  -18.8310165324714, -15.09020670099693, 78.2531499962512;
  -20.82677748260896, -17.68239170524427, 86.87832553252379;
  -18.82403752346187, -3.755067908980659, 79.11607474922208;
  -20.80835264487588, -10.16742992418658, 87.48821230277557;
  -18.66694428084164, -1.839389733437651, 78.72495683226039;
  -18.6618708160479, -11.62245940399615, 79.24064344382502;
  -26.33962571366163, -22.55628645057137, 111.7628427376654;
  -26.61525948258658, -21.72300857966205, 112.9368316415352;
  -15.84543710536328, -0.6492056423593063, 68.14983813776702;
  -6.097894684640807, 2.805643277438826, 27.68166430918209;
  -14.56509524169701, 0.7788379978181719, 66.01796812730811;
  -18.60513850415686, -10.71788984027255, 85.06901586341247;
  -17.70030128777746, -12.62970357326008, 81.47002554203243;
  -5.860808148781645, 2.449343869168203, 27.75451904040261;
  -23.36461023176164, -9.284898001252543, 108.9071516159816;
  -5.912555480712508, 2.905251833105447, 28.67632370026248;
  -6.27457898966543, 2.88313467500244, 30.51079799653776;
  -6.8638912750917, 2.777710015075737, 33.32604610244349;
  -22.88342624524914, -10.49968475888993, 110.1070291058363;
  -6.995155186526021, 3.079689106102662, 34.76564247857481;
  -21.41626976683461, -11.48319293206475, 107.60724094615;
  -6.251887066087663, 2.627392565696527, 32.67958333525598;
  -20.51623028630741, -7.763579592540367, 106.3915873549438;
  -22.61370183499794, -16.09296443320661, 119.0812933103952;
  -12.65178207045295, -12.88507134983726, 66.87657191903965;
  -23.17017689946565, -17.09263074866497, 125.7547688241811;
  -22.28394347944007, -24.35203914007549, 121.1324857004047;
  -17.66553782929277, -3.461790308794449, 96.40481788430782;
  -27.86010607111147, -5.538177508028687, 153.6128372173928;
  -8.251152438041641, 0.7093270362610649, 46.63807815325085;
  -4.829649722900979, 2.067049040246509, 27.69404898910936;
  -17.77168566109918, -5.373176766485609, 100.0919527774145;
  -22.05803284912364, -15.92551056016832, 124.9151751736564;
  -19.27412439984289, -2.322456554155906, 110.2451501029248;
  -21.12626036755857, -11.35501992151797, 121.1440585295191;
  -44.25494599256439, -28.87422540491027, 258.9367544967287;
  -38.12411855156316, -30.1431949098122, 228.5402856281897;
  14.55850744496981, 8.312785592763769, -86.77352881682975;
  -16.31538017713811, -2.693652929755549, 99.86695724529027;
  -10.24795140816731, -3.543286454933726, 62.74689923193314;
  -32.20449300086687, -14.77404639727898, 197.1019264965589;
  -18.92434699361877, -1.401863305611801, 116.8919071453728;
  -5.689162644923871, 2.788126255724473, 35.79563819336389;
  -14.72959428455998, -3.572757263011446, 91.71108663469411;
  -29.24665917034735, -20.15324997953521, 184.2002108722942;
  -15.7317322010498, -2.105404005676314, 100.2849973564806;
  -25.70037676427899, -19.54970271059843, 166.0248985179631;
  -13.86990098458019, -10.00249717119642, 93.78374619470898;
  -14.35663529660971, -11.38140215935474, 100.3498085174777;
  -5.069250847085394, 0.3315707736781292, 36.22288834204499;
  -29.93850052820472, -5.954113151670269, 210.7446847434654;
  3.265621700713102, 0.1891841360673382, -23.23639339639091;
  -7.139021204502613, -0.8465307304615531, 52.02114353138192;
  -16.65883169705118, -3.02242112117047, 120.7454944020045;
  -32.18856118778368, -7.90996331072884, 234.022736355946;
  -38.10348245520436, -29.76929294806862, 277.1879254990741;
  -36.09618111575949, -21.19396915147109, 262.7644465824483;
  -7.351083085293897, 0.6092448623410365, 54.56912189889613;
  -6.359076603285635, 0.9866458437289679, 47.34265248853043;
  -27.72810396329071, -10.07222477679199, 204.6036407327941;
  -3.504589907495785, 2.356109755593316, 26.863846017843;
  -31.52176305552036, -13.6840471529104, 235.4702014799919;
  -21.64011674731143, -13.54717800605894, 163.4449254278029;
  -5.227251042509957, 1.03797549864588, 40.29069420438676;
  -32.61260666962423, -24.91602271025494, 251.7552310378915;
  -17.08747108982853, -2.160619714754391, 133.2920096294639;
  -5.904759790415889, 0.693208087102264, 47.04898734464766;
  -13.02608029568902, -11.08604940284164, 103.3560195312918;
  -16.4273628456777, -11.88967161809591, 132.0738931105698;
  -29.86987345859422, -5.264489463346146, 240.4237106892357;
  -18.56902311229271, -7.071707360652507, 150.3006138884131;
  -12.06012742037443, -10.90777878065669, 104.3506882171825;
  -7.189078164479385, 0.1586215327753734, 66.90012428054311;
  -26.31989729177458, -22.05874942967953, 247.1747925008716;
  -26.22584074867751, -7.956059544089148, 250.8043078154463;
  -11.98475495055668, 0.12431159968337, 122.5785902940727;
  -8.582159102885344, -3.423686183625922, 89.05798887369083;
  29.21996984671619, 20.86890030857027, -313.4847445607859;
  -28.69641582925938, -25.08212141469815, 314.4088636102479;
  41.79337486334243, 42.42349744075238, -468.4277527967386;
  -9.310622588220362, -4.813700853941241, 106.9573900515178;
  -32.23631366588987, -36.80072042032192, 415.4197727503913;
  -34.50116644760262, -42.90258733026476, 458.7443632750956;
  -42.33600198601783, -52.41239817774825, 606.2778406273043;
  -6.802859859950326, -8.426313774334027, 109.2717303339726;
  47.4416291545666, 69.3755630528149, -772.3830529750022;
  -1.404823849846024, 3.10505703718769, 24.83167920555825;
  -5.350796533059253, 0.008542467356760416, 114.9839244103197;
  -5.335713696452523, -9.271921851677055, 113.3766433406021;
  -1.200347092222222, 1.577798841397381, 26.05635847405227;
  -3.40763252618251, -1.554681620756633, 74.84526142007083;
  -0.9140301973173028, -0.01502958872989815, 22.35667244847321;
  -3.411140545124924, -6.434211571967462, 85.06373337762281;
  1.762236038110958, 4.082692481369526, -46.33260243948749;
  -1.791833658288811, 0.4311186915440721, 47.50795352492251;
