m=[-5.860521525981562, 0.3968044807863358, 8.495039333411219;
  -5.859250460954328, 0.5231804313924705, 8.502759136967237;
  -5.876331998908506, 0.666149743383014, 8.536757087789374;
  -5.654477360727326, -0.09423638499441646, 9.694347976390498;
  -5.648347064211455, 0.6592945331466066, 9.880159440168891;
  -5.980144703793371, -0.2634172915947081, 10.41140111650864;
  -5.732324512119369, 0.1327068032968969, 10.15814699772421;
  -5.622926627539347, 0.6681064257484795, 10.06461700470613;
  -5.721984921547668, -0.5010117663671032, 10.23793495035425;
  -5.558619264166972, 0.7651113102037536, 10.13455026706846;
  -4.495908334138274, 0.8166907456490773, 8.42079494564082;
  -5.790700590212072, 0.06999548417747813, 10.61262105857363;
  -5.880863292465482, 0.3536304014863771, 10.80269580412583;
  -5.805161876725939, 0.5999841987482896, 10.87082703103445;
  -4.905407607360646, -1.780007125040055, 9.350919983902701;
  -5.765020756550077, 0.3482830224237817, 10.83741467764697;
  -4.655366472244432, -1.299388764082095, 8.940118500663925;
  -5.696006768143481, 0.5421596379809112, 10.73377200516798;
  -4.542924303380238, -1.148887373634328, 8.781635823628552;
  -4.526818234465931, -1.71788254789149, 8.774118892265513;
  -10.51312198647283, 4.239844031171866, 19.12164619397098;
  -5.567140914770779, 0.8138709721974093, 10.58509560951211;
  -4.523864661857699, -1.217497552632621, 8.785051318808106;
  -4.550050996298205, -1.878444681040638, 8.836662579057455;
  -5.722280675272664, 0.6219640581342407, 10.9219486268899;
  -5.745340574849042, 0.4122805624002153, 10.96259178045121;
  -4.420624925769357, -1.754922999685838, 8.681832065877259;
  -4.117519919504363, 0.8044049181946267, 8.216073664878607;
  -4.489464169133384, -1.299440961494418, 8.884601082070951;
  -5.936874531324103, 0.03802537620176396, 11.476785962725;
  -4.384271966285047, -0.8934208663425196, 8.850002518204132;
  -4.454916295514297, -1.77476872317503, 9.031537539113185;
  -4.371768397826824, -1.672523348066934, 8.904489529351521;
  -4.232077878913748, -0.701725250706691, 8.685488752071246;
  -4.26389564611485, -0.6700890841649313, 8.755123316380191;
  -4.260888019401508, -0.7914520260125318, 8.770553143607076;
  -4.300345723765171, -1.393440030614839, 8.853643851529549;
  -4.264390056662446, -0.7407858438373103, 8.802671278849816;
  -4.243564603762732, -0.8416112969951396, 8.782365862993904;
  -4.26574343105804, -0.9451773684982914, 8.830680259171963;
  -4.192491897214387, -0.7664759167646772, 8.711900385456181;
  -4.371963538049679, -1.811933455957176, 9.038176239508323;
  0.5837530301033513, 0.1445727027279431, -0.9816035837815444;
  -4.349538040670907, -1.732848871636948, 9.024221967802761;
  -4.007990117805091, 0.8283860176308374, 8.409191920612788;
  -4.206433850768189, -0.8675606693375692, 8.786529594738569;
  -4.301512068997872, -1.652548998350808, 8.988229264779834;
  -4.088424504660492, -0.7373331510063581, 8.605352220726887;
  -4.125340246492502, -0.6384014146321424, 8.684147703572156;
  -4.13788212401519, 0.7372435257731532, 8.724050301852174;
  -4.089120423671353, -0.7732114155954106, 8.647665838450198;
  -4.225617895604124, -1.567323233723858, 8.939206053824828;
  -4.141517264628071, -1.489998988536043, 8.829136060312615;
  -4.103060973980711, -0.6640531514230197, 8.79471012699633;
  -5.831555651518964, -0.1148892539651325, 12.09463274901937;
  -4.013507592337668, 0.6044258787306213, 8.646843551531593;
  -4.075032400930424, -0.5867586105635034, 8.764351032073714;
  -3.867673542552447, 0.812991666079919, 8.380988665580974;
  -4.122854614693249, -0.5651169593770361, 8.926936559675767;
  -15.82987846923122, 7.510670554699435, 31.18038944225342;
  -4.048680864449153, -0.6569905427411292, 8.819038457919801;
  -4.048870562664484, -0.7620528471812489, 8.851704811973317;
  -4.128586476627785, -0.6125374616777636, 9.011956046759604;
  -4.034504573048746, -0.984147206238997, 8.826294059259746;
  -6.074934903150934, 0.07421009612955339, 12.91239337201912;
  -4.038554744585935, -1.083020933697299, 8.943180741300159;
  -5.900616848458269, -0.1548501761080772, 12.67379639341091;
  -3.676357801126839, 0.764153949018816, 8.304921737965563;
  -6.190507421631658, -2.888926787648732, 13.29091194449836;
  -4.07562155746471, -0.9006740283820959, 9.10778184996221;
  -3.681376501835298, 0.8016315265986674, 8.347463888059497;
  -3.917861748642019, -0.8496474723779538, 8.827788001265297;
  -4.211577988306595, -1.745965997273891, 9.424474768042868;
  -3.970348589863749, -0.9660021673143736, 8.947240107595613;
  -2.289387431966599, 0.8472038816822218, 5.660419195017183;
  -6.305105516387356, -2.997498661582708, 13.958561372757;
  -3.537901801418866, 0.8129614519037709, 8.337923550820147;
  -3.542264711635391, 0.7536219212734304, 8.35658837307132;
  -5.731596566119881, 0.4154230418339162, 13.07783048569291;
  -3.559169065187117, 0.686100476872642, 8.5149791671972;
  -3.473094185165958, 0.7678098220554825, 8.341175195699915;
  -6.280008188169329, -3.18032955798997, 14.40737468333123;
  -4.132918041262291, 0.6597817665230301, 9.834227492735643;
  -6.248357010888613, -3.026466527510181, 14.37100985013119;
  -5.78593731189455, -2.443165753241062, 13.54071134485351;
  -5.757516408282151, -0.5788591460221789, 13.51902443462542;
  -3.359068374631969, 0.8036053543631053, 8.321575886924807;
  -3.967870071041563, 0.5412277874123426, 9.668688984322042;
  -6.296718902414608, -3.067356901636543, 14.7574644273106;
  -2.249583684176132, 0.8548476416564145, 5.920967885703672;
  -5.731494487612443, -0.6313498233906473, 13.56649182186374;
  -5.648541336322156, -0.6774263383694995, 13.38827088354571;
  -2.285948910733539, 0.8915390866444015, 6.030486294099761;
  -5.74444155240451, -0.3499887634959244, 13.66760869117374;
  -5.798139905249393, -0.8576193775492597, 13.78635666912875;
  -6.342305699436643, -2.910086894225022, 15.00196034889542;
  -3.93646542052808, 0.5174377737128095, 9.70209299425402;
  -5.52647137700001, -2.293933829173407, 13.21460833656406;
  -6.250521775691905, -3.194716601842604, 14.87268489197768;
  -5.439157163699155, -2.292632738730975, 13.08212115375684;
  -5.747073958725501, -0.4332046319362032, 13.79344244566284;
  -5.980998560525618, -1.898789574906041, 14.37260591357402;
  -3.266243950975811, 0.8024014823589657, 8.308384412435697;
  -2.318502323805203, 0.8564051742268105, 6.191576673620052;
  -3.990938196156804, 0.3828002365226153, 9.953863845187954;
  -5.907273123575136, -1.564690118875645, 14.26340673328383;
  -2.141102106580488, 0.8642777908566021, 5.826968704684515;
  -5.976724109208196, -0.1527498921692604, 14.49716999873412;
  -5.687629280650843, -0.2156293873933627, 13.88257501829266;
  -2.292685105964586, 0.8693925298146775, 6.203292133000736;
  -5.852061658106153, -1.910672052676362, 14.3309466700402;
  -6.306619778828793, -3.208450736467965, 15.47144939313486;
  -5.850982830828999, -1.908264907472937, 14.55677517454049;
  -3.714850436328102, 0.4308762263721552, 9.667123613462845;
  -6.354190470724767, -2.964313760230692, 15.97030523269974;
  -6.336731389051637, -3.22935130145782, 15.99669139360904;
  -3.087185424050003, 0.7593338678964653, 8.351986992121306;
  -2.226641399756231, 0.8388177153350065, 6.3225791114208;
  -2.2970422000588, 0.8405273751751177, 6.521040695027701;
  -6.316853196641451, -2.998506368818645, 16.21915820521434;
  -3.026880598381268, 0.6773365008745126, 8.298443857025568;
  -6.008396959865882, -1.561577101596433, 15.55856381349197;
  -6.416439605320817, -3.039942052568124, 16.68721453310451;
  -5.657363437872784, -1.934645713580246, 14.92855626666365;
  -6.33573546339135, -3.104961787869939, 16.63269000284894;
  -6.302486101713183, -2.957657430964205, 16.55327507434534;
  -4.502072776368949, -1.091819151765605, 12.31227378319083;
  -5.677206089742706, -0.01022194415557844, 15.36192036405362;
  -5.822083911601266, -0.1308182968910622, 15.78299123207572;
  -2.251984776284068, 0.8426068542539245, 6.724947676542583;
  -2.885863762067478, 0.7985433075847334, 8.345265684279962;
