m=[-9.520543094927213, 1.81061123673229, 13.05575795554022;
  -12.61724158996079, 0.9257714597905979, 17.62885092349184;
  -12.68307067874407, 1.03590718366979, 18.0922267439799;
  -12.16502744568163, 0.8236702788198944, 17.63365021098254;
  -12.12235287338543, 1.082421352023337, 17.59157546559818;
  -12.1346910643079, 1.375606643740062, 17.62849852094917;
  -12.19397499235587, 0.9522483712653439, 17.91390379078581;
  -11.83657366341976, -2.611411939574644, 19.68392278048924;
  -11.90350334281901, 0.08209187791965249, 19.83529437777329;
  -11.6814360610635, -0.3126206549000441, 19.70785232978853;
  -11.78888635898077, -0.01232177208428973, 19.8845738338241;
  -11.82900822201151, -0.1425212768352114, 20.00510223125836;
  -11.89924708468237, -0.3697649095300662, 20.14393966649783;
  -12.04717614666483, -0.441561187070931, 20.54650055154847;
  -11.79913288544518, -0.1966419809045037, 20.22908444299879;
  -12.15086575345065, -0.3197021237244904, 20.84646970051563;
  -12.39207850925423, -0.5141618410270763, 21.29971338772654;
  -12.57745881604832, -3.145629615573874, 21.72482056590338;
  -11.96289338815097, 0.001241579102061562, 20.71245344020057;
  -12.30207626025432, -3.272974450967272, 21.33331135774874;
  -11.98334836298682, 1.597493466274701, 20.8285864738833;
  -11.8070354220773, -0.3025527876141652, 20.59490535861033;
  -12.41648408414105, -4.082127931289261, 21.6299729337365;
  -12.53571799787006, -0.5521814348571428, 21.82462044379509;
  -12.31796055301636, -2.971488953654084, 21.516678436878;
  -11.86613560467699, 1.385056237657383, 20.75639304385431;
  -12.33151724641815, -3.333635673766917, 21.5599689166943;
  -11.84810208698892, 0.2742907785097233, 20.99580412609588;
  -12.12849597639284, -0.07262606840062533, 21.47904460849941;
  -11.96675407896632, -2.922482355797939, 21.31373904944485;
  -11.38296708876715, 1.35250448028998, 20.37465748966228;
  -11.94755027128445, -1.046116574448599, 21.37689004262757;
  -12.07201143924397, -2.677237500016093, 21.68441361757599;
  -12.14837873839372, -0.01417177111719639, 21.81420545547093;
  -12.21568212484829, -2.774644147231287, 22.15538469874002;
  -9.349805130325752, 1.676784142299704, 17.20515546301326;
  -11.15323483934134, 1.535177301303699, 20.33472949809299;
  -12.09168562315833, 0.146159065993744, 22.16044077548871;
  -11.92696006708452, 0.7171966881867186, 21.90891286960255;
  -9.371514891407092, 1.702354433343146, 17.5527611698258;
  -12.13624700416735, 0.2347323129695065, 22.63207486861162;
  -12.13390635422749, 0.8777678613572825, 22.66144894846988;
  -12.25134314863206, 0.01369028692521841, 22.95403215314433;
  -12.03945927400416, 0.7273415728007667, 22.63246190376355;
  -9.266861429863809, 1.67360987861633, 17.64774235770296;
  -9.375120156670004, -3.848791540946625, 17.91248881488956;
  -10.37241324606557, -3.763799251697773, 19.77238469610438;
  -12.13627981166226, 0.4634658132608834, 22.96895735257087;
  -9.265204978844498, -3.877453337176008, 17.82036715836681;
  -11.68541730537804, 1.708313493130259, 22.21809386687077;
  -9.651307268785939, -2.693837380694577, 18.53427247536679;
  -9.130502646884683, 1.657959709790236, 17.58625182267386;
  -11.67881895971712, 1.500782665404511, 22.29365975443222;
  -9.25576165469189, -2.34074507702715, 17.89171967081457;
  -12.0121536322232, 0.8619815293127153, 22.92019680270864;
  -11.98254263545347, 1.302402183192121, 22.87072629091279;
  -12.36535369451234, 0.3755628546365404, 23.57511274552114;
  -12.38025215626436, 0.5505886571242075, 23.66020488420477;
  -9.35153703540651, -3.54881540123978, 18.12564444257198;
  -9.381951073968612, -3.873248037663271, 18.22070478799812;
  -10.6459472425357, -3.348039449036083, 20.58356580290318;
  -9.219222393108819, -3.90008328570108, 18.04636353779149;
  -12.30635699104116, 0.07882158394767022, 23.78986189144942;
  -9.309358782903093, -2.617508651344846, 18.31687353929157;
  -12.58551777454531, -0.004455447398082475, 24.44112141218048;
  -12.39434035953354, 0.3822399463136501, 24.25689239427182;
  -9.198221631766277, -3.431587106740829, 18.29269690925013;
  -12.50769517182489, 0.2264673595853297, 24.5868436542841;
  -12.15919323455241, 0.8556092513753004, 23.97754973532786;
  -9.228126432340014, -1.880494817680179, 18.62770895431387;
  -9.030037953511265, -2.747871455583577, 18.26909167117599;
  -12.82140339602948, 0.7404613217596187, 25.5359244850946;
  -9.064109385156847, -3.610998899443183, 18.37584339196244;
  -9.136098948377146, -3.760548981711464, 18.52685981747305;
  -8.913014325310295, -1.668245977343294, 18.11324800100787;
  -11.56864772620281, 0.03347769121069757, 23.21273062797632;
  -9.043296815624094, -3.459726978023184, 18.41953518067691;
  -8.994767889028202, 1.376998325726097, 18.39592326130721;
  -9.012730385485238, -1.875031003207754, 18.45383174681374;
  -8.847932077849846, -1.390489635505545, 18.16759669226784;
  -9.251422905737597, -3.948825977200004, 18.9535605382682;
  -12.01301661417918, 0.5145815929145597, 24.3150069613346;
  -8.985384161319718, 0.340694517228637, 18.47301079351592;
  -8.821169152065185, -1.638515766058991, 18.15737294307071;
  -8.928586649069787, -2.89312786757385, 18.38236536460906;
  -12.91284875620418, -6.147179460855845, 26.16629010858808;
  -8.940820161676607, -1.553148966220262, 18.45588696174514;
  -9.124588995853291, -3.518632796769146, 18.83045207768976;
  -8.826090368470146, -1.750447573207205, 18.26623652365762;
  -8.786095444486634, -1.946769351183163, 18.18843558005192;
  -9.013751889748841, -3.735694149914834, 18.63416230481506;
  -9.0831348355643, 1.342312550330729, 18.77637684764652;
  -8.576585238639872, 1.512956257973663, 17.80191968538337;
  -8.873629405284113, -3.073506390815247, 18.38877405870237;
  -8.737547331939025, -1.597407881926375, 18.1564195794005;
  -9.033502983219606, -3.598932876325999, 18.742297527948;
  -8.61492916661704, -1.139248759282551, 17.92511982655194;
  -8.866950330035142, -1.317325334954781, 18.45439331071322;
  -13.43328933418003, -6.286429461859168, 27.49451006032235;
  -8.766354679076276, 0.4763662828508959, 18.30263372197717;
  -8.759041247001239, -1.806518289980009, 18.29615723643373;
  -8.884292199489375, -3.413155174232134, 18.56418251615165;
  -8.468223870767263, 1.750243399440544, 17.76723935511944;
  -8.697830487635264, -1.211297056257482, 18.23572128675341;
  -8.843622933302962, -3.474205714668473, 18.55924411503204;
  -8.482482511154384, -1.529786241907177, 17.85400455149188;
  -8.872072971911502, -2.035529861861859, 18.62809388444401;
  -8.663344574323787, -1.340663097158198, 18.23698395649532;
  -8.823511985521625, 0.5199463998886467, 18.56174042532294;
  -8.461333160399228, -1.656471125628251, 17.84366577334855;
  -8.352981379355102, 1.633742496973271, 17.62878231630595;
  -8.771009620131022, 0.3948380249400083, 18.47842301883429;
  -8.775799387557317, 1.563577958011663, 18.50234322811572;
  -8.750266452967699, -2.791191285533525, 18.51783537690924;
  -8.940232829303648, -3.316020277849827, 18.91287508826893;
  -8.601152746106898, -1.831692166052332, 18.23900500661484;
  -12.5853818383698, -6.304299001358223, 26.21782383293303;
  -8.600149180989771, 0.4478934976995126, 18.25273179103628;
  -8.63873872812731, 0.3223893828667914, 18.34323412394728;
  -8.569211804580643, 0.7768171947094311, 18.21967024578525;
  -11.16755024491399, -0.7923161550987242, 23.45123328014994;
  -8.461675756405004, 1.41587537149233, 18.0194506092024;
  -13.23927528380077, -6.29441941707297, 27.67473535704588;
  -8.543486401816725, 1.111792560151403, 18.20373950989439;
  -8.442728303122498, -1.431893691541047, 18.0342884849378;
  -8.386458166360596, 0.7078502212031279, 17.97940271705575;
  -8.526735556339908, -1.379995484699041, 18.27663981186423;
  -9.419635847141134, -1.073963576474649, 20.10529695345174;
  -8.436240191035116, -1.214723242873245, 18.14419203347649;
  -8.575467386869187, -1.580945125840505, 18.45116464936894;
  -8.209635049796397, -2.155833670405521, 17.71038412840957;
