m=[-7.610322767459526, -0.1642984194723136, 9.891319561221101;
  -8.178505015723278, -1.012607183591169, 11.0373374029074;
  -7.513243966686649, 0.06224588617303478, 10.90049738389108;
  -7.408402791008507, 0.2899064688872934, 10.86706326572235;
  -9.713311783466317, -3.140651608851271, 14.32454991161303;
  -7.414968002511154, -0.395791909460639, 11.18020415475466;
  -7.481492226344244, -0.05797853092633733, 11.39355934321813;
  -7.569947541386492, 0.2648762296158981, 11.70622844570816;
  -7.591922007623426, -0.2408476884184348, 11.79145450341493;
  -7.440888743098292, -0.09394801209927442, 11.59689956481897;
  -7.323297403680146, -2.251278414337502, 11.41731406970799;
  -7.331286727906205, -2.154722879481089, 11.45659184544062;
  -7.282325622561399, -2.186424415848673, 11.47951257133622;
  -7.63352643619982, -2.418426920612026, 12.00536705539777;
  -9.065986577889332, -3.051197248352577, 14.28670323589334;
  -8.812235370956705, -2.926446098015491, 14.17240280711398;
  -7.293533359647899, -2.1649921240932, 12.0928759040663;
  -7.763758526266891, 0.6499549974919848, 12.98325579102681;
  -7.92306339581187, 0.7659737730798197, 13.55421426178196;
  -7.529115642939389, -2.147428626579762, 13.99774087235282;
  -7.440825122772887, -1.346749736064499, 20.82396920343491;
  -6.637053856685273, -1.032065004896652, 18.96910802341994;
  -6.036082696574336, -0.9157201094824916, 17.72484310567948;
  -8.081119642076514, -1.568375407612922, 24.70734203970661;
  -8.210555785916588, -4.329342809642502, 27.7048568907994;
  -7.954262873084864, -6.75554015081834, 28.78347039619938;
  -8.144328773099732, -4.328285056475299, 29.68783846395535;
  -8.395593161622216, -6.974405832710633, 30.60515336349191;
  -8.004982599621481, -6.937581832167457, 30.70244593820929;
  -9.110833579540195, -5.678583416908709, 34.97829091930039;
  -8.271458583263282, -1.673227782062754, 32.24031603890636;
  -8.377400405716532, -3.462814840501286, 32.73179422997607;
  -8.511247865544711, -4.489645090708155, 33.25643933780452;
  -12.19137781806998, -7.531520216115558, 49.57218207461747;
  -7.81388088028117, -0.688447449540347, 32.7385681901281;
  -8.696798534169046, -7.153248974816076, 36.38946310420538;
  -8.299619172993786, -5.512232914944779, 35.62032906002329;
  -8.71854293305614, -1.04945787555423, 37.88474448476962;
  -11.03812165493908, -9.587678679955689, 49.54979476583016;
  -8.892050247319686, -1.883118950906568, 40.29287339394853;
  -8.678283504397191, -0.8682679288779553, 39.46066491166991;
  -8.987496351465635, -4.715269655956027, 40.79424966794833;
  -12.58573583850354, -11.5447825383244, 56.69272307543143;
  -2.668950705647078, 1.369058313935285, 12.87038331138428;
  -8.20240604003248, -5.549877002344273, 37.71928384764976;
  -12.18498855432726, -11.28750479090932, 56.03610016371242;
  -11.18325889036379, -9.897040160177468, 51.49964439308253;
  -11.91196942834288, -10.92201209700537, 55.52970243237756;
  -11.75960507934904, -11.89657172479025, 55.22820293545092;
  -12.75565155658619, -13.14820093907713, 60.40329085938254;
  -4.863202383047278, 0.3038304062850911, 23.85281188248986;
  -2.917908317328356, 1.365212782635436, 14.73186587119843;
  -9.901663243422206, -2.202847752154195, 48.08827387316546;
  -8.760552041538638, -2.050146905446703, 42.92045155307891;
  -17.36224077778469, -15.46224281352721, 84.47733451075267;
  -2.439604202443798, 1.342709771428478, 12.65671855852679;
  -9.796823413267457, -6.12046489220511, 48.71569289889997;
  -2.665859125795258, 1.376094793996415, 13.90407885969064;
  -2.790030240892555, 1.277507455982652, 14.53060110490086;
  -2.861689369280918, 1.30293836473993, 14.93753823312692;
  -7.688619563236366, -5.983942084555159, 38.55035746537944;
  -9.928633303516623, -4.256490804193893, 50.50441291489055;
  -2.678117889757424, 1.330314276000014, 14.36585559233922;
  -2.905916205073631, 1.281487179671919, 15.74548428523004;
  -10.03420974968326, -5.006654787654754, 52.8829168114538;
  -9.708440892870614, -5.692872869538571, 53.65863392197361;
  -9.891325448955346, -1.357816928715596, 55.38603238951692;
  -10.97375352099805, -4.536452799691736, 62.78403145912385;
  -9.596596503178086, -4.894148025174843, 54.98080724719973;
  -9.208147432650636, -0.9082298868920963, 53.23843559627497;
  -10.58811702858152, -8.29728586320357, 61.68901077833444;
  -8.257838176047486, -9.185695918405454, 48.17063032837906;
  -10.4080176209967, -1.632584504503756, 61.70047498955692;
  -9.881158723770243, -8.0549353701137, 59.55994404377039;
  -23.16837146849334, -4.890775580637104, 140.0387243236374;
  -3.711658494305771, 0.3889173414817066, 23.09911554792214;
  -8.714954312671534, -10.6839898448981, 52.94072979602058;
  -11.49698274272372, -2.465974230200575, 70.51757089781582;
  -3.480206992516165, 0.466440624074078, 22.24887764268632;
  -11.95703709336291, -1.504686176606994, 76.221394041669;
  -11.60405119570768, -6.912759344195174, 74.34065752471915;
  -8.837217001651318, -4.985647083019883, 56.97487709186234;
  -10.9422625552185, -9.295048813340644, 70.91339166356866;
  -10.51308972935366, -7.615113357977169, 69.099833300256;
  -10.98201045436313, -0.8847487130437317, 73.7860144155465;
  -20.20067409884348, -17.83971848881135, 136.4519849454867;
  -16.04338797828257, -13.41866751076321, 109.6009652975877;
  -10.33697512024493, -1.874139085133233, 71.26452369322108;
  -11.2662384976872, -4.242614851527495, 77.81597795727677;
  -14.24914773419699, -7.270023089112301, 98.42076836248542;
  -9.512168608817031, -0.7035806802838653, 66.12039593351291;
  -11.23993021235735, -1.014521642447259, 78.37699667471408;
  -15.4061122244601, -13.16708241709741, 112.9898028302545;
  -15.63741068770926, -12.85066591265673, 120.8441091381941;
  -14.16223702407779, -12.69400940327565, 113.2732848147455;
  -4.088947769837599, -0.2042046966383519, 33.64756707349849;
  -2.855312071503563, 0.6677406033407156, 24.06505868371765;
  -2.777432459925037, 0.02597310457697998, 23.52386917726543;
  -2.567357957172197, 0.2852623562797366, 21.86853479956736;
  -2.677753019163049, 0.5215063565499992, 22.82532871391386;
  -16.24504457820328, -3.182742316543332, 135.74817825385;
  -10.84015769985454, -7.250030033257007, 91.3275433093806;
  -13.59377145600792, -12.13714373702898, 114.4673393792232;
  -13.78418833828338, -5.676909619055246, 117.9734334355297;
  -21.087302382999, -17.75841689215193, 181.866093087435;
  -4.902370898839683, -2.4270581308478, 42.60348015842509;
  -13.52905242032947, -9.719981496345671, 118.7898537364329;
  -13.71182981713602, -8.144307830642326, 120.9798629807984;
  -22.35657616924466, -21.87150253851439, 200.5007948472018;
  -2.564773155352798, 0.3918369666606095, 23.66345120847089;
  -14.99513026662665, -13.22854401568567, 135.3119111988982;
  -12.63356763519132, -10.8664502256016, 117.1486516643442;
  -10.17824805453451, -1.965558641979938, 96.34332908483314;
  -14.10596895084753, -11.78235330423092, 133.0689030854234;
  -19.19147199442307, -8.415453737862363, 182.8929635804872;
  -3.772733293218547, 1.08627186344264, 38.53848839070785;
  7.022761731248567, 5.052563799797868, -69.79282167181827;
  -2.995990963296345, 0.3367997306663648, 31.26339509942783;
  -10.61172192842266, -11.26193168986892, 109.4983467671406;
  -13.41238920195956, -4.021138143739647, 151.7375521462968;
  -13.41147654337468, -13.40801671099393, 152.6179619641075;
  -6.579119147584949, -0.8935398360336445, 75.81347670028421;
  68.15222311169399, 64.75799483417423, -786.1347538794593;
  -11.90421534017297, -4.207974354821276, 138.4267641096978;
  -2.12526624788725, -2.398336459467046, 25.61025903321941;
  -1.752086685486614, 0.05333892085497494, 22.04000532197958;
  8.200158602514485, 3.916407952476213, -105.718229440956;
  -2.868277654068791, -2.504186872612376, 38.53543557936261;
  -6.439975371346523, -8.134946795988844, 91.47015874092406;
  -5.242204465129366, -8.723414621048505, 102.6344709059191;
  -4.14777220705892, -7.210317010859138, 94.74848269099358;
