m=[-16.43687199372108, -2.035102335281567, 22.18245286813641;
  -16.0966803017403, -1.278431514274242, 21.82692322124236;
  -14.86695655265031, -4.320643591863306, 23.21569198778313;
  -15.4947811975883, -6.711029370045628, 43.48465331486817;
  -16.52880420127796, -3.207893358187216, 50.53542541085022;
  -16.72373620981389, -8.818256522232865, 56.43085930517797;
  -15.21090545360523, -12.91859272967171, 55.04251667426161;
  -17.0640517177339, -9.068651586947034, 62.20215625502722;
  -16.92633838770837, -14.06108548914691, 61.70298777770689;
  -17.30172358656835, -5.543785711894611, 63.82680531195826;
  -15.79628550798815, -2.840707078343815, 59.8769264381897;
  -15.27447430974506, -3.399799234182611, 58.42095441264247;
  -15.72439373248502, -9.800670894785354, 60.36905555377762;
  -16.84985258349218, -3.408545322757083, 65.67699844377968;
  -17.37877310703293, -7.183549849625582, 67.90154436460773;
  -16.7199788108348, -8.819713862252163, 65.3308386544466;
  -16.53643183650922, -13.70162970576343, 64.79392038091955;
  -16.31970320196484, -1.437858884565418, 68.37622998175938;
  -18.11583897664788, -14.90055289639077, 75.80095726633283;
  -16.30751050363318, -10.83071334784023, 69.98861974044876;
  -15.87118150163376, -1.910426610172308, 68.96515398015367;
  -21.26756302628945, -18.47294014109094, 95.46944816018304;
  -17.13575174002155, -3.628933479024307, 77.6478602984663;
  -26.7224431997632, -24.5122573358153, 120.3718313861617;
  -17.22811947968064, -1.723684598631157, 78.33727136264062;
  -16.6997223753154, -8.761471615660073, 75.80004678977636;
  -17.280518643038, -11.69227084559182, 79.4655598064946;
  -24.01394195574951, -22.24519815226909, 110.4348724463984;
  -15.4234945352787, -0.5742953135086417, 71.51303131741591;
  -21.49762394253156, -19.02512045848796, 98.9979753835939;
  -22.46894805173566, -20.60164139140017, 104.7428812495703;
  -24.33284120263158, -24.61625102898968, 114.2775699411012;
  -8.866123406872511, 0.553914409623212, 43.48615523143327;
  -26.62921088184438, -23.71510278296205, 129.5664991756884;
  -19.66268875255955, -12.28406301918423, 97.77470374112529;
  -14.45250172635581, -11.24817434341145, 72.46412743375609;
  -20.39927471779134, -8.74534516424831, 103.7658821729992;
  -5.697984246797926, 2.941253115148443, 29.71845794181621;
  -5.971287373573436, 2.718750500817273, 31.16911793475137;
  -5.666125322615872, 2.814561463148968, 30.39400859241822;
  -6.106461505198189, 2.558638425074581, 32.72935258716378;
  -14.71493522585921, -7.342142803114432, 77.55156757208583;
  -6.099642412172499, 2.689896404491849, 33.05044501238508;
  -18.38248309527905, -10.77919106091633, 101.6001376401018;
  -17.88547373502447, -2.455201695752435, 100.1489065041875;
  -18.18432636564857, -7.517239939288533, 104.037813171151;
  -15.54809813278704, -1.533560090323562, 89.89391483371045;
  -21.18126658246448, -16.59851542111009, 123.4073423043264;
  -18.54176246221571, -2.908430325957109, 109.9186793029939;
  -30.36905182965932, -6.410818183642466, 183.5624606989472;
  -17.55699398798708, -21.5237784094693, 106.6534649983097;
  -21.37461181537476, -4.584615207030197, 131.1027195424749;
  -7.847039417490541, 0.8222334337694499, 48.83522298503286;
  -5.361373448961037, 2.56857011196458, 33.37663917153954;
  -12.55640207313343, -4.113574646616599, 78.65249579569282;
  -7.307858603837826, 0.9794481004001382, 46.71896018152864;
  -14.99132577725258, -12.02070751416623, 94.76584923931711;
  -22.01342013575157, -2.770192040007425, 140.3268683763885;
  -21.06193463883095, -12.54700475082896, 134.9320201528;
  -25.67805550481178, -4.378804646150171, 166.7259124212106;
  -29.98547822357606, -25.47155877251172, 194.3265344582474;
  -33.70390845939387, -29.76476111372331, 227.6639476089846;
  -23.79429854168259, -15.24333347554249, 161.3271876778182;
  -28.67046315986545, -23.97993572446187, 195.8632704079604;
  -5.306822547745934, 3.022608652694953, 37.06801324613774;
  -15.64017689560873, -5.889742773637232, 108.0267971254507;
  -24.74717152080595, -12.62619433123735, 170.932022132845;
  -17.69534989173902, -1.308860978678458, 123.0028176686554;
  -11.13452083738038, -2.956243573518729, 77.98402554423632;
  19.40552542762121, 17.15888318949583, -136.4225350024951;
  20.9130791191411, 16.16678950463608, -149.1996300885749;
  -23.7989274580227, -19.55771783131471, 183.9153709360409;
  -6.724767530932735, 0.5845533150332346, 54.36714309526168;
  -24.33208188710888, -21.8095259775068, 194.6143703885416;
  -13.53636746808735, -2.96076440949411, 109.5554130629206;
  -6.002418787348604, 1.40372002856319, 50.58941255613055;
  -26.85645831402048, -5.261739106779899, 224.4201468902318;
  -8.4677344956054, -1.015230975991217, 70.70294767685745;
  -6.017906039241246, 0.05627632900058744, 50.96953262798962;
  -4.927045433297489, 0.5474501854614147, 41.96815025972975;
  -5.774387028573521, 1.124591969098846, 49.2212243270093;
  -26.00136725435872, -17.3900323887701, 219.0596354569105;
  -34.22478842344862, -30.55746360081806, 288.1923154532341;
  -39.50206604931498, -16.26861540371545, 338.0826092379929;
  -23.53516941031392, -19.81985853025627, 202.9775659809158;
  -21.45147473671605, -10.72477192495039, 185.6447109122173;
  -7.397560630023049, -3.662372767386191, 64.28763429477105;
  -5.838117644880369, 1.469317335180316, 51.82852385276342;
  -27.32042347067934, -19.62842646749565, 239.8829575989159;
  -25.13488374505585, -14.92916942794289, 221.7657914419979;
  -28.04255571865253, -27.43411262725844, 251.4944447921132;
  -27.01841829643747, -23.83536050127528, 243.8067394051843;
  -14.28524884963516, -1.912616030097152, 129.9710421146613;
  -4.864887419537535, 0.7432402844822875, 44.88507135481732;
  -21.40443563480395, -21.33450007307562, 200.2936631468229;
  -13.77263378618075, -2.659683593503314, 130.3663834991482;
  -30.65579308890059, -25.60599603284434, 289.1919565233841;
  -27.93027690033417, -12.24741662383954, 266.1729708596698;
  -5.29218249129961, 1.501840972597546, 51.4429575469545;
  -6.081733727410893, 0.6836890719866724, 63.46335711252129;
  -37.0671774340025, -39.3383866457983, 382.4821905176739;
  -6.178810824100903, 0.2674388903433924, 68.93376331505164;
  -7.296839256810798, -2.187648913439817, 82.5508796800879;
  -43.04071924099435, -43.02961578988373, 489.7884905353628;
  -16.78012015689689, -5.931538809849495, 195.1256482107119;
  22.51210238197962, 25.40462682058321, -271.2793156895045;
  -9.358558704754227, 0.2849033818956763, 117.7240175200323;
  -30.75837550624352, -14.69024591804399, 396.5436714849674;
  -36.88094507250804, -32.19938570769122, 495.4971081448724;
  -15.94356568594983, -17.26716550330188, 220.0547778070845;
  -16.20648793067068, -20.4719598233922, 230.1887721880157;
  -5.931722698567036, -3.758970942621486, 86.42865525372008;
  -5.330992784669515, -7.91133218689221, 90.81564516543308;
  -7.510267449102248, -12.24915851445532, 132.9962663703447;
  -10.93038807130272, -18.18897140491129, 214.0005419393423;
  -10.40651381287372, -18.09025660594531, 237.7183086849893;
  -0.9644594310742719, 3.297816089185067, 24.98432759712922;
  5.810707587880426, 14.80741572840598, -169.5894776393214;
  -1.328544021408709, 2.016394542292136, 43.47917515907871;
  -2.310076489252657, 0.1371510431156214, 82.56322800400878;
  -1.737210596433237, 4.141804582728999, 64.0588901640693;
  0.7200020232479654, 0.518660475376139, -26.86143692715854;
  -0.1855146880863916, 0.006701777872528601, 8.429955113348397;
  -7.141041496452008, -24.47793011076564, 329.8195661687576;
  -2.736831272788976, -11.62592640827114, 136.6766266151216;
  -2.494166378801908, 1.443780266015764, 131.4875593920197;
  -1.415798703964156, 1.259907040970944, 76.66023704000433;
  -0.6297250597379784, 0.09784200189638538, 37.04108343356718;
  -0.647989015863837, 0.2050133880109401, 47.77187841291151;
  -0.8637111110751639, -3.360384670587354, 91.61086724922338;
  -0.282268279190143, -2.74225940811715, 35.31910669355288;
