m=[-14.87632217809908, -1.119343565698652, 19.40641277060766;
  -14.83458692285574, -0.1172456855690932, 19.39573216028359;
  -14.47309602221513, 1.577368360370013, 18.98770785619704;
  -16.5486784980821, -2.131075449492049, 22.04297162345359;
  -15.47292138224867, -1.277951694036536, 20.68945086027485;
  -15.20707176223945, 1.221316223341142, 21.28725536086063;
  -15.07941718172662, 0.1110156790897771, 21.59733519207459;
  -14.56207978896032, 0.5428249250641869, 21.11084065106789;
  -14.83741283279409, -3.122649576438748, 21.51517566872729;
  -14.81554932705035, 0.3232303985877245, 21.93512168403962;
  -14.88993338875662, -0.8386376596470812, 22.21043785868015;
  -15.09260643297736, -0.1446117828489232, 22.7517972948936;
  -15.18573087145493, 0.1543556676159836, 23.12728178738432;
  -15.19633408923758, 0.522286754125374, 23.29523046750536;
  -15.23526531192228, -0.5252719817901524, 23.46999726848528;
  -14.86843090358728, -0.2184516793242269, 22.9713550837952;
  -14.57814252921355, -4.610534717644096, 22.53700256735752;
  -14.47682635444746, -4.395187922150243, 22.44635811623948;
  -14.44321927810926, -4.472643225452115, 22.59077028094542;
  -15.42388490357372, -5.025297629909368, 24.09250612895444;
  -14.94975062458047, 1.051242844056845, 23.45385690046347;
  -14.38843976221414, -4.374382149796944, 22.63830191951309;
  -14.44215437001994, -4.458232335133528, 23.21750689807553;
  -14.44427768747656, -4.378422530113218, 23.33832092744874;
  -14.45661477866547, -4.434214146265588, 23.85512689627547;
  -14.50634101920896, -4.353728008058303, 24.03738357617555;
  -15.38263783450304, 1.282817305386979, 25.63806513652952;
  -19.62374681518015, -19.9759607206154, 101.5968699118906;
  -17.46228955616312, -7.769988762743501, 113.4369585580143;
  -21.18599875969741, -4.895539959486881, 140.2001960227526;
  -13.96726900755346, -18.91250869801366, 93.10055818584115;
  -22.17017464585981, -15.81141199927439, 149.2595804918118;
  -12.60296511667355, -11.8507692270738, 90.27574767474044;
  -22.7986281650477, -22.38087680119865, 171.0766931434408;
  -19.06949846020723, -16.95292494305092, 144.6277002877322;
  -19.72737610833295, -18.37663657907919, 149.8462785441204;
  -14.70132594986343, -6.084194246607776, 112.6604853580748;
  -16.27143074364071, -9.231364248745646, 124.8471545394174;
  -13.29952598418475, -1.380461424992691, 108.3628751242783;
  -15.53725475693596, -15.92380747642335, 128.5288351579839;
  -18.01129637794091, -16.68789838583844, 156.8568862095222;
  -16.3476647436186, -16.61190062329185, 148.1238544156796;
  -11.71908755559918, -11.04437540800627, 111.2703716741223;
  -12.04341365570535, -2.675277238848758, 114.5212263513061;
  -11.04441014029196, -8.420822719311278, 106.1347868482481;
  -11.58124309415749, -11.77800669330161, 111.347984235094;
  -15.84046276830858, -10.88883927425166, 152.5372519010907;
  -10.32942346222002, -4.833883120779388, 101.0735952308866;
  -12.35820506085371, -9.168990183697279, 121.9291378347077;
  -20.35166321062192, -19.60747310494169, 200.859372782852;
  -11.45268371699778, -6.541205443258953, 113.4242246937557;
  -12.22159428093561, -10.05420397340736, 123.1267856523856;
  -12.13119821918663, -8.278268167322446, 123.0046868799951;
  -19.04810456936245, -21.48078931041152, 196.9738522258192;
  -15.84958945986344, -16.12913062821464, 165.0286267847914;
  -8.16830336433064, -2.653242758976417, 88.46348533132517;
  -11.10404987861781, -2.446444345159144, 121.4612237876848;
  -13.78075857053388, -13.37948377009752, 151.2633225078787;
  -11.84927114890162, -5.998202585285958, 131.1317299269921;
  -8.500410260487506, -8.044955587619866, 95.27804429703015;
  -1.944352019009725, 2.945014260828293, 23.54326881946325;
  -8.931216608187858, -8.757871017946515, 107.0227123409569;
  -11.52988585094942, -14.43973618167212, 140.6438148464455;
  -1.798984833795605, 2.913522368636956, 23.25902346590818;
  -6.694929989325358, -2.402723194328012, 90.75051347563957;
  -10.05485379109506, -12.06890991188207, 137.802764033809;
  -7.653591619877671, -3.221831980179386, 107.0205158150644;
  -9.89251903016528, 0.4464214255926336, 151.6602720566249;
  -14.65667914746472, -11.39842035601579, 227.1851044602274;
  -7.460341711247838, -4.358637575693679, 118.6960562575405;
  -9.494059116119301, -10.26763415920488, 159.0948340197448;
  -8.877369204861694, -14.20246658850632, 159.9524523215409;
  -3.562732974814981, 0.2691726323723527, 74.30724900804576;
  -1.032707588803843, 2.755729608243452, 22.21759983858854;
  -5.479998400442327, -12.09280214526607, 131.1978191030489;
  -7.09090085932392, -16.56676233292158, 195.3470373647803;
  -2.173545567598221, -1.235211589427603, 67.31506510161253;
  -5.201810607707261, -13.61019602548214, 179.4728127786944;
  -0.4697962177370137, 2.648975085656504, 19.13619912535669;
  -1.20300024727698, -5.323552752080698, 61.4213713574413;
  -0.6725617518328532, 2.02104410012777, 41.87307612263144;
  -8.75738676442634, -38.60823032359788, 576.8966492085241;
  -0.6062833051440948, 0.1084427706246415, 45.33656702080508;
  -0.6457341693325494, -0.9897602792907951, 52.57498630068705;
  -0.3050482010444671, 1.594055957868327, 24.00546209350775;
  0.2661875605290093, -0.05668523896427245, -34.88973681051231;
  -1.816605074792516, -19.81451835074433, 268.4941935795234;
  -0.1241311980947271, 2.691009688925071, 21.15476428040591;
  1.376743746901139, 23.6075332738901, -277.8621867056678;
  -0.2080329895597069, 0.5630400543752917, 47.96237326725959;
  -0.3508505546399167, 1.638074402437556, 94.28062604332747;
  -0.06748860850882332, 0.09350474109942422, 30.42887533545908;
  0.005609488880711934, -0.06466764433776057, 18.48547418619696;
  0.02838795666793773, 2.719331746761718, 38.90004509626775;
  -0.0008057795374193235, 0.0109936111453653, -0.7201046719559379;
  -0.03350217656367981, -0.1578143300756607, -29.41113778284295;
  0.0487516562617544, 2.682471425136644, 37.9550625175431;
  0.3131575693129804, -2.022066099136059, 55.86113789912412;
  0.7589339103626184, 2.648596701588974, 123.525109817758;
  2.22866113849779, -25.81193310858275, 334.7521393581039;
  0.7475148059152486, -2.81039546424781, 90.37563426619809;
  0.5155894778603923, -2.937474044408898, 60.57031839017605;
  1.367533354744803, -8.498750360885424, 115.631650220848;
  -0.07205087616750204, 0.09397274849552896, -5.82963240125035;
  -0.9794577773175723, 3.635877077140221, -78.33784542569111;
  0.6143352200989005, 0.2704634206871839, 39.74096565070913;
  0.4724645454974593, 1.523708388819571, 27.07447724248577;
  -2.753310281978054, 13.95480249660094, -163.7195340034707;
  1.470762204087263, -2.149338468294988, 78.18311260733071;
  18.08733591030626, -66.49165959566064, 824.2773441710077;
  0.6119308570179703, -0.33737016144029, 26.64049877701979;
  -2.295262999302574, 4.573881710379157, -98.32328490440469;
  0.9093141077779, -1.207293639342032, 35.9000345663461;
  1.769458337868138, -0.04087056297465258, 67.59763260179484;
  1.064117541852231, 0.4144608708373722, 40.44435441145642;
  -6.819523652583083, 19.741629489325, -222.8520583260357;
  -3.128165068567444, 4.089953668150273, -100.3491957405779;
  2.421829896149988, -3.469908759731338, 76.81117328110533;
  1.493219855173217, 0.06805251987066963, 47.46774144439873;
  8.720976229276346, -13.16305828007055, 259.9910506161489;
  -6.313773233715365, 15.29416380699648, -160.69749132749;
  5.127726364274349, -9.645119862013038, 129.9722002199228;
  -0.1820555219741761, 0.06109690250214399, -4.173474960944647;
  4.155073708360945, -5.024917143460828, 94.20125843158208;
  3.567142423486125, -0.906830069792204, 79.06726433005792;
  4.076221709383444, -0.5888145989529644, 85.61952779868902;
  4.192404406922334, -5.994261810446347, 86.19811131775506;
  6.213276501932549, -10.90203860723731, 124.7087334704199;
  50.79378104906041, -81.40894654264304, 985.9366487599382;
  2.080712701395632, 0.7338454548750947, 38.00064968009436;
  5.815345921378747, -2.481720544913467, 102.9268075649519;
