m=[-13.51467954013949, 1.503931876779109, 17.15293095035015;
  -15.30488191093313, -1.610981319250364, 19.4665414192007;
  -14.94750825311231, -1.711532915417145, 19.2564987756322;
  -14.39860119537149, -1.872560318852809, 18.71896089236293;
  -13.9967091585757, 1.158024926788992, 19.07901183708528;
  -13.76803809728211, 0.09744003549984881, 19.22735455606558;
  -13.63421422512942, -2.901022074876682, 19.28826029225927;
  -13.40628316797481, -0.7471428755196391, 19.53067333390459;
  -17.94993491348362, -6.091920081833631, 26.14557054200066;
  -13.71311299164814, -0.1129931965205369, 20.21131835473276;
  -13.50171388573248, -0.8046317506357462, 20.11099044789378;
  -13.74980774477442, 0.1479308060254663, 20.49174500806789;
  -13.85515572156105, 0.5055071686651116, 20.78814695221921;
  -13.59513731789539, -4.349975381511843, 20.56543028848218;
  -13.36448461116443, -4.123230532597645, 20.28327025273254;
  -13.63600717565385, -4.485841989495775, 20.90214012486375;
  -13.63932493454523, 0.008198356093313024, 20.95217140053871;
  -16.99213180870143, -0.7289015325292459, 26.47067517599118;
  -16.69474998498845, -5.89078077171706, 26.01674733838931;
  -16.75741901273756, -1.028075036989608, 26.1771915937153;
  -13.26950920798824, -4.086126975156794, 21.0303788791337;
  -14.90694349934163, 0.2822229068823309, 23.61655297030888;
  -16.69594173277152, -1.73789742514713, 26.39331673543477;
  -16.12790984325391, -5.617203180602156, 25.64824413332635;
  -16.14875930548532, -0.4613606321419678, 25.71946816011094;
  -15.85048655288576, -0.5403006820014155, 25.45255018112236;
  -13.37438384013073, -4.07732354624259, 21.77116219022318;
  -13.92504983330031, 1.188869494315572, 22.82616599013462;
  -14.17240756144548, 0.5678610093386941, 23.36286867977725;
  -14.22567338214722, 1.239847340275605, 23.76747802536417;
  -14.3959356518641, 1.461637177234439, 24.24154018900564;
  -14.77305165588278, 1.917374502912235, 25.54503997595762;
  -14.23662624146474, 1.029529601992282, 24.66296630368046;
  -13.91037458687822, 1.501562969813294, 25.03652661096853;
  -14.31400394611055, 0.3516392262339975, 25.73699956945139;
  -14.57827804985355, 0.8047374209306576, 26.34998915133772;
  -14.09874524380262, 1.664689182364918, 25.55461203027258;
  -14.18534397999687, 1.414193315164484, 25.71320253884792;
  -14.04459983169883, 0.9101680120692696, 25.464406733195;
  -14.06955077341882, 1.974388674311049, 25.63397031999615;
  -14.11230802531334, 0.7940696320223587, 25.73117599331465;
  -13.83985043179225, 1.792645963171597, 25.3068394617438;
  -14.09347265688618, 0.5949621119376543, 25.76204072358583;
  -13.98675500056576, 0.6941035340887732, 25.73338498476641;
  -13.85985348473952, 1.390710069429625, 25.53852051553453;
  -13.43325438224909, -4.040723522115821, 24.78394101045608;
  -13.93041237907762, 1.10161005719757, 25.68777940722263;
  -13.81898484042054, 0.8359968656231753, 25.50813073074802;
  -13.70450770499947, -3.72498247652274, 25.30355890110886;
  -13.38473917703831, -4.213172256105676, 24.91732727817168;
  -13.78414017453568, 0.6777763677622224, 25.67516447051435;
  -13.69244266978784, 0.9000280332031789, 25.61985887158356;
  -13.81028607419821, 1.93810931942585, 25.90699346971843;
  -13.87418460649242, 1.720465718386872, 26.02496352285576;
  -14.63902009658642, 0.1476713565278467, 27.55637521081539;
  -14.2494503164227, 0.3792486992694991, 27.23870540185198;
  -13.1875288849747, 1.017595182995426, 25.63644692623754;
  -13.87288882272048, 0.5811122226025239, 26.96331912898715;
  -13.49489880774541, 0.19314428059762, 26.2837100791812;
  -13.366004543063, 0.3162471297903837, 26.12331645404536;
  -13.28336713952625, 0.3824367710708908, 26.00318792741644;
  -13.0712498485673, -4.005111222927379, 25.59524301393185;
  -12.65502472652708, 1.926486790019613, 25.80023418057168;
  -12.5413462328052, 0.2095772982300786, 25.66522189789341;
  -12.47837657298294, -1.075043492382879, 25.54626735967988;
  -12.80008696011566, -1.647119880701813, 26.44035064956844;
  -12.91885973304088, -2.99653194169692, 26.73908372983376;
  -12.49085686731848, 2.097762088045162, 25.93702489398233;
  -12.01217874532752, -0.7517297288580049, 25.16803718653114;
  -12.1980576855436, 0.7831430505767044, 26.1004735786291;
  -10.5810067232931, 2.326771061414879, 25.76975404901285;
  -0.6063602796210236, 2.487530211563984, 19.34420572080207;
  0.1086174692347674, 2.707478334315718, 19.93871549645727;
  1.046175623596571, 2.706549960140045, 20.22142465701255;
  3.304476169995309, 2.218360510372263, 35.19221927106945;
  3.896332076257603, 2.83807493951881, 40.25093869980012;
  3.476339791024206, 2.428182096487228, 31.96701424679076;
  4.096476191541627, 3.0385627848883, 35.86583191279526;
  3.468149046266178, 2.651560336231728, 26.90224786805909;
  2.888697793078249, 2.859463119530384, 22.08655161022562;
  3.756620941916042, 2.976408753055179, 27.43213404083738;
  4.004734172318604, 2.847565613963829, 28.95977940432211;
  2.942855499388661, 2.785933421879386, 21.51593984060119;
  6.186932188228249, 1.627366816925427, 43.75563932539152;
  7.56072492935556, 0.0592461395942191, 51.36062493787774;
  3.702515378316881, 2.600755241926746, 24.6491346055702;
  3.670079763598098, 2.770445799322259, 24.44021564079415;
  3.908269859549395, 2.762486085772451, 24.77367302970205;
  8.843895163242946, 0.2489723310592519, 54.14874703721004;
  5.401144317969425, 0.7909997358210004, 31.95292510564033;
  3.38962085000119, 2.430026611744548, 20.12899787326872;
  3.097071323243761, 2.69976914573444, 18.46887584481565;
  3.246021851531571, 2.322875769408348, 18.89695646355549;
  10.90890654435718, -0.9244243480759665, 60.64381592364229;
  3.247122733791116, 1.948101916806858, 18.84915042515483;
  3.049735858578925, 1.085801425337621, 17.40939991702761;
  11.35727355421786, -9.304487378789371, 61.56903691373354;
  10.54406265278153, -0.7591780879951096, 56.91887215514176;
  3.426687903368301, 2.551633619399355, 19.31587550263343;
  9.486521582539199, 1.400559563876061, 50.88235109671699;
  9.594082152252305, 0.09443928815767171, 51.11174875128479;
  3.158462953442355, 1.069583948216146, 17.61088649639793;
  11.38339480980624, -3.021040128950511, 59.7434214309135;
  11.08785785235144, -0.3524017138205606, 57.95404308652738;
  11.45184682800221, -7.795531542963461, 59.76559361302035;
  7.503472371247161, 0.6211839431518691, 39.46074826764221;
  11.43800726276395, -6.253776321603276, 59.58811958196342;
  10.59794630972292, 0.8742204107036433, 55.14541381696186;
  3.435803802893868, 1.475767204085227, 18.41872476918958;
  11.14396806045253, 0.2608977201747599, 56.41967449677586;
  11.78292495415086, -11.76676590075533, 56.423682496764;
  11.56457194104956, -8.211819397521687, 55.38591440240941;
  13.68403525459512, -14.46185171795179, 64.77902221803065;
  13.06434012472456, -13.37524645355549, 61.77083169609772;
  12.44434707591158, -11.27081013396202, 58.07377582988376;
  3.565923605887742, 1.020396284725307, 17.42269768192637;
  12.9161850041368, -12.54445598303284, 60.1334234690049;
  10.03477252338555, -2.643649747423168, 46.80940428050949;
  3.212690633202916, 2.242720738595274, 15.6421521784196;
  12.67524693276288, -11.10827780999501, 58.35072678974179;
  12.86114202792001, -12.16901333532062, 58.95096316944687;
  3.292108615719721, 1.045592399307658, 15.70321979409949;
  12.99274982965351, -12.64863424530471, 58.20081467744707;
  13.57528467943822, -14.17148455874983, 60.09396845321196;
  12.52504621514345, -8.523926434781188, 55.32549846749031;
  3.322982935802724, 0.9165214648677069, 15.35179408830473;
  13.45599020263896, -13.26677785304762, 58.69142654244763;
  3.24553998816093, 2.163494417654603, 14.81148740341277;
  3.295267711336228, 1.709429703125984, 14.96592206801972;
  13.0313580605099, -13.10078289126165, 55.73025927931004;
  11.71765233356214, -3.01493731098711, 48.87997475454409;
  16.69986659479315, -16.64651173922095, 69.11849714460392;
  12.99171639260071, -12.19550036751218, 53.28046324662122;
