m=[-6.926536929708851, 0.573070593241045, 9.441610779699245;
  -6.657630989862552, -0.3710350959762686, 9.699035475492476;
  -6.883944810474355, -0.0567222722718172, 10.14602593777546;
  -6.864402555126672, 0.07385242191834143, 10.23022208043922;
  -6.938005501830193, 0.2531340381801203, 10.40971901188429;
  -8.20005346641678, -2.89340764794048, 12.77879090066507;
  -8.322390750087733, -0.3570007248260488, 12.9647830368426;
  -8.273326959675796, -0.5075722528410004, 12.92397503316373;
  -7.715226834278303, -2.414052854489627, 12.15947185832497;
  -7.697019013194914, -2.370170329975503, 12.19873497581496;
  -7.859125289356133, -0.2678965557054528, 12.62010349900876;
  -6.884874130825453, 0.5878052089096818, 11.28579657615192;
  -6.956685228263508, 0.2787409463244639, 11.4679261607327;
  -9.267505594959403, -2.80685471308076, 15.28847545574303;
  -7.145441723894396, 0.2270177803850264, 12.22032745927926;
  -7.052019217792379, 0.5099707202672718, 12.21663822533746;
  -7.241970831302657, 0.9399256528859742, 12.52256058528557;
  -7.101043977212714, 0.6433000516635736, 12.58350372060788;
  -6.933273978120973, 0.7484160401357635, 12.47882272114409;
  -7.023798170162492, 0.1725473154176977, 12.6289954342583;
  -6.932607398375013, 0.8782916653258994, 12.51489322561412;
  -6.961741795752025, 0.8219977067037466, 12.61847118796458;
  -6.973614637616302, 0.6952273569789274, 12.64079079490479;
  -6.960390830867702, 0.4510719537524718, 12.61995537524526;
  -6.91471074493341, 0.9703455924638593, 12.59823379306874;
  -6.958011806972329, 0.3915125623150554, 12.68664388898151;
  -6.867461808810197, 0.8895275096700922, 12.55748784004093;
  -6.913409311318482, 0.2918525976308428, 12.63730640084517;
  -6.907564005790182, 0.7512632737439919, 12.6327514732898;
  -6.89140835079156, 0.3419914691391835, 12.67908561857129;
  -6.630417223786655, -1.994429799006826, 12.2329157680648;
  -6.872616708665663, 0.6896044947802168, 12.66365932388224;
  -6.882224828231798, 0.5442429039690041, 12.69087148375107;
  -6.869521151059605, 0.4155803206194969, 12.68028336396485;
  -6.643283392762849, -2.091135053856859, 12.36728368850761;
  -6.799530706754829, 0.3343379540949297, 12.66521284662746;
  -6.802301693038998, 0.9546221008018135, 12.76057458866559;
  -6.811548743625012, 0.8446648531002017, 12.77698925124878;
  -6.592837840020891, -1.958047866609596, 12.48751491726609;
  -7.22684046036952, 0.07290087226821611, 13.60374710880285;
  -6.48414495348652, 0.5003389738944747, 12.60512408442828;
  -6.715889764005517, 0.2813174442170343, 13.0529899904776;
  -6.439273040199196, 0.1523567952067241, 12.58529928081092;
  -6.402278362492707, -1.961697406062143, 12.53651123108167;
  -6.339477438594721, 0.9650648501286413, 12.92451070090326;
  -6.062204440023021, -0.5222741431647172, 12.41080476359161;
  -6.203782294695206, 0.1036708426667048, 12.69572231273619;
  -6.345510314942109, -0.8165425926797869, 13.10752952697181;
  -6.366965938049897, -1.476818945271727, 13.17816268931984;
  -6.006906647104032, 0.385657070774288, 12.85312074051266;
  -6.290131777905605, -0.129571220953893, 14.90303384958681;
  -6.409027174719012, -1.221470990768763, 15.23149289892831;
  -5.378902272465511, 1.182824515383761, 13.10017016717029;
  -5.310545701302301, -0.0491214778555907, 12.97210902176575;
  -5.230923058973838, -0.03266951208669653, 13.08451023235935;
  -6.521211246329796, -0.4969433824840184, 16.15122406370446;
  -5.070383939092086, 1.074263950107433, 13.01857498622784;
  -4.971292346609487, 0.4928682282847218, 13.07616468759481;
  -4.878482735269176, 0.3620081696581881, 12.992545605647;
  -5.727099307617078, -0.5650339909802288, 15.17120321767044;
  -4.712837825143393, -0.6665603732730434, 13.1797643613808;
  -5.241711669999988, -0.4381068971729848, 14.59258200778698;
  -6.412757518082035, -3.724235616328485, 18.70692323773886;
  -4.216128592584275, 0.1640450676820257, 12.99886408139497;
  -4.210190366038934, 1.093128434444229, 13.00585379336924;
  -4.229444329724264, 0.07716202313664637, 13.07306919783561;
  -4.196109637641392, 0.1489184616518958, 13.10068121160972;
  -4.165886172258883, -0.3311645929189289, 13.01040393180928;
  -4.200458412032117, 1.000609154687225, 13.25137486290144;
  -4.103112902868437, -0.01128738260115659, 12.99160281398458;
  -4.176386035428119, -0.07786533855293151, 13.20833017880707;
  -3.847303250286152, -0.4299652010920778, 12.38560852318406;
  -3.160636931307727, 1.280569343785686, 11.84436284726497;
  -3.10938669504048, 1.283204436600334, 13.74558292522239;
  -2.236187912994712, 1.33322668256818, 11.41621104169808;
  -2.320332000784749, 1.317155541485698, 12.52871521280301;
  -1.996019857348101, 1.291076779782263, 11.06091721537302;
  -2.230546050349737, 1.358531436795072, 12.53391486706334;
  -2.415755671073062, 1.304326437022618, 13.58612693129709;
  -2.399917898008453, 1.287576311593436, 13.55262652333092;
  -0.7414387996940073, 1.311323713576444, 9.84537238843569;
  -5.452471249604166, -5.862824351797115, 67.33737844657196;
  -0.6784288273931848, 1.285846161067634, 9.649652679024248;
  -2.200637815448986, -1.458776571072945, 41.68206528085145;
  -3.77866911101843, -4.823452994592586, 76.54313876503431;
  -2.596826260002174, -5.019495733415802, 57.45662626101185;
  -0.3526381728828668, 1.25314744508323, 9.462131596048927;
  -0.02175311034024892, -0.05263684052309205, 0.6118032803986766;
  -0.3152061819598407, 1.2931006974713, 10.05575964195845;
  -1.846370875407612, -5.338396885432023, 58.73490665542322;
  -1.708611969179517, -3.23620290843856, 57.35779938048766;
  -1.461430555941777, -4.696955220989251, 56.42614699499079;
  -0.7153572434413321, -0.5403482604661979, 32.28092626522313;
  -0.8506888544125943, -3.380892879721651, 45.68484752749645;
  -0.5190958306907637, -0.9412312799878944, 27.985783080071;
  -0.2284013033796822, 0.1264498594924796, 12.88739541362536;
  -0.147365138940264, 1.554898700893957, 10.46889630438017;
  -0.4295364913601618, -3.984047274810471, 46.30210348840149;
  0.006810217203720504, -0.009125953917663417, -2.165000732517073;
  -0.03764361070706473, -0.3224133362264209, 19.12503436451474;
  -0.03099379198283893, 1.182582357716075, 16.53021467221764;
  -0.01696936433894907, -0.6046439162640896, -28.32091685437734;
  -0.0009873369381115857, -0.002422732000263953, -0.7124491353672258;
  0.1481386776403317, -2.195429749191793, 26.5004766969781;
  -0.3586031279910599, -0.8227417886928231, -60.11291387498012;
  -0.2011952728148646, -0.5869938636313627, -30.1183955775735;
  -0.1535307299818502, 0.07945027775776281, -19.32897092649213;
  -0.3516639014195213, -0.2338832522312964, -42.84788329881227;
  0.09734839579835333, -0.01108420203772743, 9.190363537212294;
  0.3054515145112298, -1.036381941872489, 20.3628643306766;
  0.105938448460258, -0.2237119391493069, 6.452942676477458;
  0.6108937930496695, -2.673569842963013, 35.46964441094536;
  0.4364708138766206, 0.6178827303584261, 26.25882909369669;
  0.3060538335998313, -0.4761830314778977, 16.17945850343633;
  0.6924223665171632, -1.706723334397058, 36.56091728014274;
  0.3970841712241028, -0.03820483541651425, 21.53568027491084;
  0.1393839409440331, -0.153294342828625, 7.261781612562619;
  1.256228742771809, -4.067469426682222, 56.54789962088876;
  1.056811682360308, -0.6753589449403165, 46.8511452390475;
  1.252443528239365, -3.784412189424644, 45.66193304056483;
  1.65389310581027, 0.5543288835274105, 62.59577949846109;
  1.11631763765084, -0.9790360496911601, 37.91233807213813;
  0.8683222272619046, -1.321914444139675, 28.81571690516637;
  -0.5903357849657045, 0.7799165625353575, -17.51498779993811;
  -0.0978243461356121, 0.03168835883112033, -2.912329083322277;
  0.4701806895716196, -0.4194402945807333, 13.12945915170967;
  0.83796934831869, -1.053253394500428, 23.05084956816997;
  3.280251445921188, 0.1297498532623849, 88.4620412748629;
  1.433101168441189, 0.4881644836695028, 38.34976121850168;
  2.225059510542797, -4.696076106799329, 54.21744713392047;
