m=[-6.321306008719836, -0.1467670283085408, 8.925740544784937;
  -6.673499976353185, -0.03944579913748956, 9.490615718461161;
  -7.302806846958463, -2.288574568369733, 11.13233899711546;
  -7.974304230438134, -0.4816386536781919, 12.16134418929475;
  -7.322937631084024, -2.292885250560707, 11.32956909659454;
  -6.943347686760827, 0.7399498604931482, 10.820088578979;
  -7.547942633692819, -0.19868817917137, 11.72953084720676;
  -6.674957405048102, -1.620149736878584, 10.48942877364593;
  -7.535785222187932, -0.241443675842227, 11.80306822807466;
  -6.22020360190806, -1.917616940733575, 10.31013863178655;
  -6.720833486235687, 0.5128142042898272, 11.34848927960875;
  -6.860746436235786, 0.9236517512508033, 11.57923620003963;
  -7.301105254102956, -2.251873623258208, 12.27042109206584;
  -7.330066501083575, -2.261357440896405, 12.48262693384931;
  -8.794444345342454, -2.639775750372633, 15.03895781201379;
  -6.59628470358132, 0.1823525397256503, 11.58342526850147;
  -6.638758865648809, 0.743858182349078, 11.65600617195368;
  -6.435597921081793, 0.3835119884278693, 11.37293509848107;
  -6.59503517973257, 0.8097298737325642, 11.67213558421852;
  -6.584721281622364, 0.6813053367292333, 11.65590249462757;
  -6.587059224865648, 0.4591423186602771, 11.66291747715405;
  -6.581334681870118, 0.9547284036307228, 11.70920521691942;
  -6.508369793597712, 0.2968994831315185, 11.62121756360818;
  -6.573388832794435, 0.8192671293477712, 11.76905500703833;
  -6.27619034851319, -1.894740309561631, 11.29977056863068;
  -6.528886032718423, 0.685258407312395, 11.74874752154438;
  -6.506519903203881, 0.543010691579575, 11.72027944150106;
  -6.52011178068082, 0.419488691914218, 11.75309383579679;
  -6.505799134713989, 0.470609841619634, 11.75601883690047;
  -6.450848326347224, 0.3396787982768698, 11.73766329385039;
  -6.411336205925434, 0.4451851582496522, 11.71786671352626;
  -6.409774231180253, 0.9278861120686763, 11.74865755562269;
  -6.418364211986768, 0.820891181106804, 11.76514162928229;
  -6.793820461018237, 0.09360650959527167, 12.52856328786102;
  -6.613953156897662, 0.2040179561262773, 12.3831343732165;
  -6.271044737781403, 0.2882707847001906, 11.93446925842301;
  -6.018524038063196, -1.851175429668957, 11.52181819162028;
  -5.715229914753482, -0.4834456505472228, 11.44097482334451;
  -5.827494864322261, 0.122132727125795, 11.66304551009257;
  -6.054164457593996, -0.7858723529538308, 12.24984335139182;
  -5.957536905355512, -1.171463425671271, 12.21889621855495;
  -5.520803689869489, 1.016106053767657, 11.94602855522664;
  -6.043807710050892, -1.145793259176781, 14.16590101863549;
  -4.973785313474724, 1.130992748353919, 11.87094443651563;
  -4.870780980523597, -0.009657183173264354, 11.9562455140894;
  -4.90257155881918, 1.047595624410111, 12.13947331325526;
  -4.53555580565441, 0.3768234624265345, 11.87128567806979;
  -5.305616912693411, -0.5092280086267509, 13.89153824369351;
  -4.330435952252365, 1.075797781902327, 11.70057354763189;
  -4.319757418280047, -0.6389084677500572, 11.68703005197602;
  -4.35789177598883, -0.607590853925689, 11.98106628662491;
  -4.97872017953755, -0.4019872347395476, 13.6768257403372;
  -4.035035938371527, 0.044067110883525, 11.91266164010264;
  -5.845570660136664, -1.120451079309717, 16.87969136667539;
  -4.242556300205998, 0.9924314652005025, 12.51848134161555;
  -6.170500466661927, -3.620728506178089, 17.92367011422919;
  -3.954410705725652, 0.9513605685853207, 11.94507821711808;
  -3.879047574426785, 0.1807173498690551, 11.78341622233661;
  -3.909719442358829, 0.09339219349769756, 11.90156613380136;
  -3.866254238356457, 0.01548480766186091, 11.87536982822589;
  -3.87134441899604, 0.1591304299689493, 11.90636852747946;
  -3.87610601203215, 0.2196431631901622, 11.92090702829455;
  -3.871598577090636, 0.9617660706275427, 12.03993621038494;
  -3.787134786414494, 0.007521806121556787, 11.80529090377952;
  -3.790580209839854, 0.1898507492985684, 11.82695083189647;
  -3.741780254547455, 1.003561001731852, 11.70254095813385;
  -3.886351599883435, -0.04835613321013432, 12.11724835586139;
  -3.866545483925879, -0.4287278643126822, 12.22057549624982;
  -6.209609310105001, -3.444788375307011, 19.69021401597133;
  -6.094089149906954, -3.672078759624739, 19.42336534601197;
  -6.698612907467896, -3.924675308667141, 21.35014612310535;
  -6.365751372396418, -3.601446459437984, 20.56153315544876;
  -6.241638271430651, -2.837692118996303, 20.22624933778295;
  -6.337836120450554, -3.835496923561883, 22.46491260208346;
  -6.348032401603279, -6.060072966207637, 24.92532070541304;
  -2.691177180517518, 1.240368345059179, 11.94320081952695;
  -2.090922841908379, 1.243673777267276, 10.08705704121827;
  -2.103022754701358, 1.259201847484085, 11.31923621989774;
  -1.776489241734627, 1.210500374085925, 9.784063013205573;
  -1.962727862324025, 1.267235229827321, 11.03995885416522;
  -2.087769656514838, 1.188469878273037, 11.8348752369276;
  -1.907622208580719, 1.193072738267123, 11.13886660711859;
  -2.159399650077094, 1.200192225723602, 12.84982099490866;
  -1.743848409459355, 1.012020423127881, 10.56307961914784;
  -1.800021510958314, 1.205546387471309, 11.21235461436551;
  -1.071360717518062, 1.21729471838383, 9.434291697957292;
  -0.2294246850598894, 1.255379310236424, 8.876206312781314;
  0.563522930051796, 1.303040546900101, 9.115740578861036;
  2.054311002007043, 1.460505233285744, 24.55780435252353;
  2.465465856345054, 0.6063749389562491, 26.02190396598936;
  1.922090158507293, 1.237297707611416, 18.56184066244056;
  2.718133064131846, -2.510474330286166, 25.39597608097677;
  3.104044869464967, -0.9274042520648089, 28.34551200523956;
  3.235040334503851, -3.145528541528163, 29.31546331219655;
  3.458523540993159, -1.968063461148593, 30.58425636718768;
  3.111759744418183, -1.558530247497773, 27.6059457009783;
  3.308221559087591, -0.7926538965027176, 29.20367162546348;
  3.006494659833421, 1.006363002564574, 26.567486103102;
  3.161431116081146, -2.846337837208189, 27.6985973312139;
  3.193615053202424, 0.9017732130653612, 27.75814118181905;
  3.261744482668409, -0.6697064944675198, 28.12572293187589;
  3.44485567659083, -2.688093804489673, 29.59687094407294;
  3.169057835588003, -1.1530496349834, 27.30584317154725;
  3.40159107018501, -1.533627078528075, 29.18589844442651;
  3.444648272964596, -2.066137924627661, 29.32785579779926;
  3.412414776719705, -1.356222043570053, 29.05511998554017;
  3.400364879927341, -2.489235931785281, 28.9395076425516;
  3.190536029273354, -2.475576017910155, 26.9562200625288;
  2.985923676357516, -2.398226000218369, 25.03188739609579;
  3.181046367461965, 1.083715391547484, 26.27282930564159;
  3.787033799774568, -3.88773397333069, 30.82934092352194;
  3.264526543872539, 0.4004340489019371, 26.68892672503235;
  1.927233876591665, 1.29672955651295, 16.15728856248499;
  3.948348499520525, -3.136208527426273, 31.65023230082053;
  4.019412630696357, -0.1654727634223857, 32.24057980350361;
  3.435987465766199, -1.043726881984038, 27.71294240834234;
  3.843969258731514, -2.050313190156402, 30.73678723243863;
  3.496816938503762, 0.582847890817218, 28.05969565562129;
  3.926028912165929, -2.672167523569119, 31.15727707958589;
  3.328034084033108, -1.510648978048451, 26.65626860401773;
  3.106753417349223, 1.03888562204529, 24.8938672931593;
  3.707828098604735, -0.7876219081841659, 28.94489192951699;
  3.800053433477756, -3.216104847499878, 29.5599235478278;
  3.484433929218913, 0.3238584976369299, 26.83693540315617;
  3.993556829990109, -2.448316542102465, 30.20749411918136;
  4.152579297125787, -5.267757029081341, 30.93051941075435;
  3.614756457302639, -2.816357869977174, 26.84070388432582;
  4.256714836881485, -2.321512057386771, 31.5083228060133;
  3.98563051934124, -2.593740957981218, 29.53897097871786;
  4.267122538994011, -4.703272341827584, 30.86532201438691;
  4.361693349666869, -5.234166573187307, 31.44318969830812;
  4.180054731236125, -3.273464588839368, 29.95686136079046;
