m=[-13.19077914433003, 1.130708016271477, 17.28724499170624;
  -12.67933576965332, -0.6779991814093044, 17.79250947492113;
  -13.23898017234999, -0.07825311373554529, 18.82761276171627;
  -12.88848779898134, -0.7417146372605679, 18.52189034228297;
  -13.08972241223211, 0.185760372560184, 18.83922444318413;
  -13.2480934870834, 0.5321038389053358, 19.20983782182767;
  -13.42275482215291, -4.492493022407974, 19.52925807454125;
  -12.78530121393277, -4.08952149622359, 18.68426621135949;
  -12.50523936852218, 1.561380104249264, 18.46965945986189;
  -12.8755323180512, -4.218700177816575, 19.08036535782753;
  -12.73629468049221, 0.03299178119270205, 18.91580771342601;
  -12.48473787024514, -3.866878190305874, 18.58508241226106;
  -14.00607730206878, 1.421880437236484, 21.02472999314053;
  -12.47519869177507, -3.909513569189731, 19.01709079859515;
  -15.48380792278045, -5.482223307396581, 23.55922828168846;
  -15.55463762926562, -0.6329463460752565, 23.66614395446682;
  -15.62632465051291, -0.9438117419553062, 23.83118413806834;
  -13.55545921444609, 0.5281247311067872, 20.81895020587276;
  -12.39750230669739, -3.816425678553342, 19.29356777776327;
  -14.97870387088587, -0.472688462751314, 23.12113926680873;
  -14.07772719010769, 1.500257907326599, 21.93786946289693;
  -12.46018724633512, -3.816968367605737, 19.66450759080213;
  -14.84584479919915, -0.4756551883602051, 23.25258933235359;
  -13.01529443580228, 1.143059830259956, 20.71304830728711;
  -14.44024175841918, 1.464155419499718, 22.87339762675599;
  -13.03218947649349, 0.5582809624765709, 20.88294104170665;
  -12.99707123985805, 1.012122446469947, 21.16820002791458;
  -13.24872807384625, 1.010906751217121, 22.37119083852021;
  -13.46878710583785, 1.813282113419273, 22.73196782245645;
  -13.01988677399549, -2.912386977855851, 22.4396612314161;
  -13.09563106795979, 1.467336368147281, 22.9926646897198;
  -13.08956188275833, 0.3618574637812582, 22.98596386903015;
  -13.01741242678119, 1.598261030214803, 23.03869481515674;
  -13.02152558239061, 1.347306057797656, 23.04997068642029;
  -12.9976603511534, 0.9059848571361593, 23.0134017164042;
  -12.88248062050326, 1.868810925464423, 22.91991162582803;
  -12.99958867656617, 0.7801242138160371, 23.15169596123884;
  -12.90556529145831, 1.730245152050015, 23.03334546094399;
  -12.86848380686068, 0.5870358188161995, 22.97771251111249;
  -12.43352056212044, -3.842822038774147, 22.28936803483051;
  -12.96366348208467, 1.615712022665033, 23.21026071852332;
  -12.85867520802212, 0.6854207699442648, 23.11046668567864;
  -12.48479140022814, -3.769075857950125, 22.47785210230463;
  -12.88721942491176, 1.352615961366906, 23.19058511961631;
  -12.85801654767924, 1.073083700928801, 23.16131345852632;
  -12.92936456548533, 0.831844976174802, 23.30635426000437;
  -12.8139888844892, -3.491991195294418, 23.10624235743359;
  -13.27420540025532, 0.960215889191494, 23.98657036575536;
  -12.60403792273443, -3.999739714870194, 22.91214691971612;
  -12.7072162851365, 0.669116950021916, 23.12145916497189;
  -12.70118466430821, 1.838637747879176, 23.28036273817509;
  -12.69505820600796, 1.623663129849662, 23.27059556806183;
  -13.43782302481141, 0.185148800609171, 24.78084564987061;
  -12.97746068261688, 0.4003105164746158, 24.29736583307726;
  -12.07586572433683, 0.9729103000651892, 22.93773198351913;
  -12.28455683943105, 0.5647031695471099, 23.37882634934099;
  -11.94456038811925, 0.3497700747356516, 22.84258302627137;
  -11.94460890761542, -3.67391845358456, 22.86667151832814;
  -11.94086000980564, 1.885767001507848, 23.80740158926842;
  -11.15942827451658, -0.9439650096983795, 22.33938788745477;
  -11.5564525452031, 0.2422003104432829, 23.12888043799317;
  -11.93097764470195, -1.548723286319135, 24.14083862443335;
  -11.912323183058, -2.774701547015591, 24.16065060919621;
  -11.83135133534979, -2.326464038043947, 24.26607780842167;
  -11.09140196020407, 0.7757098501684501, 23.24000919209329;
  -11.01567325781065, 2.027438922366843, 23.83594032410946;
  -11.47133610010287, -0.1947335568204769, 26.79049191160015;
  -11.82527820407588, -2.241852273292487, 27.71691764418428;
  -11.71711185395725, -5.612311183473773, 27.69024997993293;
  -10.20289198867342, 2.320043211387912, 24.3512649332061;
  -10.13487281888146, -0.05857073947245836, 24.25288127770692;
  -9.724944997576593, -0.01928142028291782, 23.87170157454753;
  -11.22265457987964, -0.7944612696780138, 27.53331413109421;
  -9.631248538745501, 2.058032953878236, 23.84835860255967;
  -9.556531120069913, 2.105706011224793, 24.06565495673081;
  -9.069746445936668, 0.9619204560749977, 23.4445408590655;
  -8.922685684100467, 0.7413153883884988, 23.35408388968043;
  -8.667102351174469, -1.281897233300336, 23.44869765442955;
  -8.798212754493893, -1.226674244178508, 24.18875356111878;
  -8.45795033143073, 1.361870481154712, 23.80231067778446;
  -7.909520527731125, 0.08638082125030923, 23.35132653622262;
  -8.117788560647194, 2.475474756564767, 24.47892638180929;
  -7.868335161830287, 1.892980868815721, 23.76785972445319;
  -7.644007202863773, 0.3561195622318819, 23.22026650863983;
  -7.423055837256833, 1.990894399235614, 23.21585156275268;
  0.2334966654807611, 2.572534587470403, 17.74623024669536;
  2.209383630327169, 2.627908868629676, 18.86387016313791;
  4.210996933302962, 3.12801470891655, 29.88219347398103;
  3.874820584865341, 2.969059105470786, 25.93346231171001;
  3.016936771894117, 2.759033744102887, 19.9882475098136;
  3.966759565687725, 2.650438779259476, 25.38583218469293;
  3.954160083738446, 2.907634163933486, 24.47779310777837;
  3.991468449763009, 2.729391924441097, 24.34951575715908;
  3.743233732538621, 2.746876954446666, 22.83142648510425;
  3.392324670412356, 2.735097413162528, 19.89214373853498;
  4.033697543987151, 2.932607602451211, 23.23083725818929;
  3.087908103262037, 2.164206247366904, 16.33854395716911;
  2.962357708309898, 1.736061117347461, 15.60184950727965;
  3.334189128265708, 2.542089807335618, 17.43408815735342;
  3.35038008172441, 2.417436741776393, 17.15512624988583;
  2.784886449166866, 0.9824848876820927, 14.35937069106117;
  3.224947796862653, 2.53511848865518, 16.42656467299945;
  3.210805377365389, 1.908727779022226, 16.19094363177497;
  3.090541330562759, 1.039077948462026, 15.59160450114143;
  3.132317910920611, 1.092058975486622, 15.49866700298675;
  2.971297580853487, 1.101003234738759, 14.61115446836587;
  3.402465333349387, 1.443314635228703, 16.58044417478164;
  3.432317785919302, 0.9952424105230909, 15.25232734959968;
  14.6589312360326, -13.94397331920357, 61.05634855150011;
  3.037815948477234, 2.07600144531785, 13.33642365402157;
  15.9123926344226, -15.4239390406336, 64.9079745777066;
  16.61015453441495, -15.05228615962725, 64.99820306750296;
  15.94507034379913, -13.13035025917692, 61.88304401011689;
  14.03694070420275, -8.892103263438816, 54.44832057410469;
  3.160590469748415, 1.623730967876847, 12.94175515968794;
  3.067204369946818, 2.004242755367115, 12.59277376530948;
  13.98742725092719, -12.50903899041728, 50.74313901888941;
  14.7903188197737, -3.505977963296978, 51.72891045356214;
  16.80655254129047, -13.6690501910733, 58.23834198666279;
  13.9691277261383, -3.262984780530015, 47.50816324005663;
  14.07203637283094, -8.78631259398094, 47.59806371776407;
  12.46028443447774, -9.27720631942514, 40.89456592443684;
  12.9584642799458, -8.425015638033379, 42.45426491896879;
  11.55530722056139, -8.966678732584796, 37.53823787088146;
  12.33244182378331, -8.226138443065379, 39.14405843148083;
  13.15391685508632, -3.074101387560211, 41.52021272054756;
  12.93687924131156, -8.097327935641738, 40.57859904548556;
  12.94892928787817, -8.513143753556996, 40.45690060350845;
  13.1818726689491, -8.615322044862678, 39.95393202114335;
  13.62032264816276, 0.3426397484085313, 40.45503121454048;
  12.8636021523966, 0.3334019639162311, 37.63010858873574;
  13.78960425523096, -8.74222281429183, 40.17773366286326;
  4.030444151667502, 1.291471154684175, 11.95590530370326;
