m=[-6.475951540196632, -0.03490553240779779, 8.806190141033751;
  -6.30567456972497, 0.0139807798254297, 8.958878539632934;
  -7.018410800205399, -2.181625217028713, 10.30527999294606;
  -7.677886287913075, -0.3101543203654864, 11.30330091415094;
  -7.69630668671628, -0.4638066632472045, 11.36084583271637;
  -7.029816822469698, -2.176723678760704, 10.48032862532871;
  -7.31884795412513, -0.233086379922426, 10.92109456799021;
  -7.051780408524148, -2.21414458510992, 10.6130476651162;
  -7.034237803897326, -2.167275785324515, 10.64624923834015;
  -7.291287712100788, -0.2357140802345028, 11.04317018933035;
  -6.397573129640904, 0.4964677129589215, 10.03061394138983;
  -6.531635785269151, 0.6222264122985591, 10.53354506326665;
  -6.54976749699994, 0.503012402110783, 10.67696774939263;
  -6.525899962842357, -1.461180524357467, 10.85937669068318;
  -6.558222412566185, 0.6324674111480553, 10.96737787854251;
  -6.378572369547021, 0.1791743264937876, 10.82960723077456;
  -6.441582529443733, 0.7286255124249143, 10.93417612715852;
  -6.408635633116496, 0.6304386732946894, 10.88725945561623;
  -6.392177022463432, 0.8477819661967666, 10.88575170634651;
  -6.382444921464075, 0.7925304881342798, 10.92211027253413;
  -6.377771624581643, 0.6688378875127775, 10.91640334579306;
  -6.383002342823629, 0.4468683433835957, 10.92770124306818;
  -6.368221298116618, 0.9322157088796624, 10.95249212579228;
  -6.35214639966297, 0.3858426604134344, 10.94179887034168;
  -6.36877594949283, 0.8618639074352795, 10.99077355263154;
  -6.346182631225838, 0.7250207324017063, 10.95972264854573;
  -6.046776439285353, -1.841049540355033, 10.51991355677773;
  -6.370551832341027, 0.8018582599918447, 11.03282448961513;
  -6.28706901551575, 0.3371252199954822, 10.92872423377199;
  -6.137859653002012, -1.6820442818859, 10.70561944098333;
  -6.31080225515003, 0.6705520680303071, 10.98486219981669;
  -6.292866796974787, 0.4138606637721675, 10.97524450528518;
  -6.028537880111212, -1.872797766362946, 10.57763027920184;
  -6.2275579854664, 0.4596297662641452, 10.90235029641531;
  -6.253638988681789, 0.3320609747376541, 11.00623936393871;
  -6.217373223505447, 0.8046855448904703, 11.02659794319281;
  -6.414846276205993, 0.08605027508207243, 11.48003419386571;
  -6.306869676788502, 0.1903589911576934, 11.4505378408958;
  -6.080638440431541, 0.2781062933841519, 11.20225169877683;
  -5.964075947858807, 0.1383499581800643, 11.02055332000361;
  -5.639052239150543, -0.4885323226752582, 10.91145231618934;
  -5.73043923494453, 0.1264817559956694, 11.0989374124054;
  -5.866443691278171, -0.7617250617677627, 11.51039118496475;
  -5.589056058201421, 0.40019667463547, 11.33890128855055;
  -5.358607366730152, 1.000291297697055, 11.24200412054435;
  -6.270288780528347, -0.9469184681799859, 13.69012380113577;
  -4.730801276435195, -0.02268675921835647, 10.99368162421462;
  -4.679193497745524, 1.013389297030851, 11.24495049037112;
  -4.802964327313013, 0.1847842699462254, 11.56846456470175;
  -4.559458067537494, 1.019856530457601, 11.15016272189403;
  -4.479382588202954, 0.4863946439699057, 11.23418479930498;
  -4.432903218405672, 0.3768474228581973, 11.25642156085785;
  -5.174760419262385, -0.4993125745225516, 13.22718230201365;
  -4.192466352421623, -0.6239707602749994, 11.01119256079146;
  -4.175802189703238, -0.5829883812998022, 11.16126364307668;
  -4.958802644238952, -0.3995272947677975, 13.2985360591474;
  -4.014038246225219, 0.658892251002183, 10.97657815725784;
  -4.2241666156587, -0.4434042820993221, 12.0864518776719;
  -5.664234824813187, -1.091189935154073, 16.08666349561554;
  -3.805174491047115, 0.9303210744275304, 11.17574719770885;
  -3.839023503547022, -0.5202479237569813, 11.2934865111602;
  -3.735772305904896, 0.1851988982661036, 11.02406327934956;
  -3.742460736723619, 1.030712476771942, 11.06338578714481;
  -3.794091031543341, 0.09563036060735466, 11.22962807282884;
  -3.768440186785758, 0.9460063065378512, 11.24010255554112;
  -3.757640292694513, 0.2240939905284815, 11.23695903935418;
  -3.755129188439963, -0.2905733298245378, 11.23297211574888;
  -3.756916384248265, 0.1620876060666252, 11.23661590564848;
  -3.755776015576113, -0.2906233815552082, 11.2349070135432;
  -3.567486533798767, 1.085956313749271, 10.80749458939337;
  -3.772680083840351, 0.9518013563542291, 11.41162385777128;
  -3.675341841829673, 0.01368730936140426, 11.14567911613766;
  -3.630326828829392, 0.9884859951990774, 11.03073576162996;
  -3.772517635434677, -0.04684131798859995, 11.44265496864118;
  -3.598358113731739, 1.062164234221273, 11.0661021827343;
  -3.843512080924817, -0.4288169653830007, 11.81529800456561;
  -6.096103638633508, -3.716842659203472, 19.20519777154757;
  -6.212591152439284, -1.313878231686022, 19.7799116846376;
  -6.15410435657931, -3.509448977135276, 19.66537838962903;
  -6.045104605430063, -1.518557447816527, 20.56897396732662;
  -6.17233263850436, -3.777204374692602, 21.72244299206668;
  -6.094764921813535, -3.723564922812904, 23.74749096216129;
  -2.461437214053717, 1.158884524969379, 10.64831112773123;
  -6.256962469013918, -5.950903977227052, 27.03431705556258;
  -1.960365723923336, 1.193783388547628, 9.2132666381289;
  -6.010773982969694, -5.875511752681951, 27.29235616104455;
  -1.93757393928324, 1.242554127905552, 9.547195383477607;
  -1.713452019918364, 1.25408483293795, 9.125526947768387;
  -2.002420060125113, 1.232287237055941, 10.56463648936827;
  -2.065216355291322, 1.211988426738626, 11.4473606255589;
  -2.010183816600201, 1.175926842206995, 11.19605655745091;
  -2.154160412897353, 1.168005018175145, 12.48991598798542;
  -1.975386951181046, 1.181450690101054, 11.62246452677293;
  -0.5973778422241509, 1.253656140605372, 8.319410946789342;
  -0.2509560821482454, 1.276487337346907, 8.497306897997126;
  -0.2472333158122831, 1.260957951155149, 8.382460895965174;
  -0.03857686062416881, 1.436997035407677, 8.631069294221479;
  1.794519489478941, 1.128559488228888, 16.3663032783571;
  1.800391695847932, 1.224475712317165, 15.85300820492725;
  3.231036364688462, -2.494213856204259, 25.71079903298908;
  1.943175592326479, 1.273863404074407, 15.28103740717554;
  3.879061284380645, -4.172455657652076, 29.24591436321015;
  1.88758062036469, 1.319469244238243, 14.17858648825553;
  4.337761305161399, -5.336201784003928, 30.91960011388106;
  1.998963870427428, 1.321433750216246, 14.42822510198943;
  4.483897772561167, -5.227468879883909, 31.00685877046912;
  4.267994685556772, -3.896063450998291, 29.37156510462923;
  4.19211906873158, -3.179813584217023, 28.77496983381784;
  3.742260427594238, 0.2718432488406846, 24.63356458703835;
  4.616183103783594, -2.874684191344632, 29.68877382987384;
  3.912832347353915, 0.1747220478079348, 25.12237580072921;
  4.472726443478119, -2.481007285334491, 28.04366566472164;
  3.516745125879302, 0.9181519020354131, 22.19369777729107;
  4.49281750334633, -1.779548272026636, 27.95898078064471;
  3.906080833043593, 0.5126649060639849, 24.42110376790496;
  4.170788416044283, 0.09011366531112341, 25.51807581213573;
  4.965053558415669, -2.493652559076732, 29.9264059415331;
  4.481025930444578, 0.09076329806843067, 26.89611910687108;
  5.17784465090738, -2.886805541142028, 30.95586034434578;
  5.228527499182024, -4.170380241683159, 31.1566060482625;
  4.902823300169485, -1.678386278351609, 28.96861961831215;
  5.538888787405694, -4.214001891460573, 31.97823891595693;
  1.892752026603979, 1.371116383720097, 11.61019839201208;
  2.069623141232478, 1.317860427158996, 12.55966797089717;
  1.971035135480289, 1.293715054665191, 11.80236005346738;
  5.936174881407113, -4.272601714980762, 32.93491871601527;
  3.347449194920977, 1.164072073522807, 18.9115023233901;
  5.662817916520782, -3.756814364723219, 31.19519928702817;
  4.399421555979052, 0.1803402429338905, 24.44315242781818;
  5.469441999569244, -2.119527915581902, 29.96707753470192;
  5.675152869121476, -2.968785581155818, 31.04056604866527;
  5.68514663986697, -2.857171923761821, 30.93393000626775;
