m=[-13.71721511518637, -0.07393611483592623, 18.65307418685928;
  -12.8041474914904, -4.107112026938077, 18.08585726880916;
  -12.98914678416652, -4.198355257146145, 18.64615139551663;
  -18.01330567771831, -5.683452345865892, 26.28555239459072;
  -14.0033027060661, 0.5899668154042309, 20.68279829934753;
  -16.46757747793119, -0.992394465645031, 24.30849192743264;
  -12.73301301306013, -3.997959406240447, 19.16339792214747;
  -13.9020348232058, 1.487124604078279, 20.88802933640036;
  -15.49019031611448, -0.5007697003864789, 23.4609872330333;
  -14.049902349613, 1.429366486418592, 21.50233889632651;
  -13.36691354554221, 0.5698524183236929, 20.60458263796751;
  -12.72541363051887, -3.880262646438649, 19.83963915023783;
  -13.36108802236987, 1.272823858812556, 21.54737762557375;
  -13.88849512999602, 1.066615769222819, 22.64004251425498;
  -14.22445332108469, 1.934039227247762, 23.19330750268222;
  -13.76494753995225, -3.082038244334379, 22.90546151717727;
  -14.02973202355598, 1.353011187152974, 23.46205464794831;
  -17.75425330434421, -5.368329742456398, 29.67588987253534;
  -13.53860894421109, 0.3803000105200749, 22.98599260499881;
  -13.7078536224588, 1.550533867144643, 23.26820857268685;
  -13.69097844794739, 1.346826810409997, 23.2588093780528;
  -13.57103335512668, 1.799899674351832, 23.11120280043852;
  -13.62791233728579, 1.6922254950604, 23.32108826065982;
  -13.58903386760456, 1.425084063894247, 23.25943660426135;
  -13.59444221760517, 0.951734864994251, 23.27368770076719;
  -13.70601006485269, 2.006362104956558, 23.57251111165452;
  -13.45284459121492, 0.6217679200391082, 23.22552307166545;
  -13.45787942387032, 1.537497762585442, 23.24147199884458;
  -13.58729045811263, 1.710225640019995, 23.53111549187286;
  -12.88291709446184, -3.922435174070059, 22.41312797879627;
  -13.50398690635373, 1.434861366369086, 23.50563831933886;
  -13.09436096959904, -3.58843248934365, 22.8391089546711;
  -13.43045986437741, 1.132587830961084, 23.40023515881718;
  -13.44572707666163, 0.8842802036619816, 23.45038389953481;
  -13.01446617999423, 0.9605428102513881, 22.78393385437432;
  -12.77556518895224, -3.9687981440456, 22.41591707043986;
  -13.36771780614956, 0.7098103060892547, 23.52683008890494;
  -13.17145021670005, 1.92779471995391, 23.35846555867872;
  -13.23393101065757, 1.712805810996452, 23.4705608327945;
  -13.02252539273313, -3.886247196976605, 23.29343767844123;
  -13.96847830958085, 0.1873764934127622, 24.99804386974374;
  -13.74205905458788, 0.4147738310953717, 24.94961451248965;
  -12.75074955049846, 1.024304596834066, 23.4236544336402;
  -13.12120727232719, 0.6001163126175149, 24.17296602920508;
  -12.79864915720279, 0.2968930293880692, 23.64963100639439;
  -12.41994694244707, -3.854290305111752, 23.00172445741514;
  -12.03260238749927, -1.042429639395994, 23.28284286485738;
  -12.08891420761203, 0.2668254621278725, 23.41427884899702;
  -12.62051908212907, -1.638704159330548, 24.76238062398707;
  -12.2970256831552, -2.433169541867717, 24.46828762581287;
  -11.37047296983833, 2.122526317760281, 23.85450084906317;
  -13.39889829658747, -2.023457721708783, 29.25424695729138;
  -12.32385284602926, -0.1914118009451195, 28.06176295141682;
  -12.69833968035296, -2.407461903142538, 29.05470046872913;
  -10.01589695442724, 2.322292023225615, 23.22105115023382;
  -10.1570203557565, -0.007191317809234633, 24.19927138302371;
  -10.21465058594909, 0.2464641420751985, 24.43477215675692;
  -10.28166936421013, 2.226737084995665, 24.7087159388928;
  -10.40346828293323, 0.4002522526845418, 25.05789049831272;
  -9.647419150767757, 0.8201408569229313, 24.49758354399451;
  -11.3663838363086, -1.096742248238757, 29.05356363125029;
  -9.02156239672876, -1.34269202764232, 23.69444436738215;
  -10.66032937927914, -0.8588953551489299, 28.58891244995082;
  -8.691906133677907, 0.0970508623435638, 24.92861964572704;
  -12.72723977338058, -6.090775653734952, 36.37044139257045;
  -13.29495207296083, -7.868392437655724, 38.02853441977289;
  -8.3277492019857, 2.03603819046479, 24.45848936133884;
  -8.339430642607368, 0.413422778667814, 24.60921158726283;
  -8.314022958585461, 0.2095555976430902, 24.60757658097015;
  -8.17062771796371, 2.051104692246526, 24.37047928081663;
  -8.226869468832332, 0.3549383167580026, 24.60586365849406;
  -8.298354372863479, 0.494888068410872, 24.81564517050844;
  -8.219955077564688, 2.073794813800592, 24.86376617904472;
  -7.961805701068003, 0.02965049304139263, 24.1446198335017;
  -7.924814025087694, 2.157813345109308, 24.07952054801335;
  -8.418058650372764, -0.1045224966969205, 25.53333077551061;
  -8.548108351933982, -0.9537042699653521, 26.27764540006707;
  -4.201226242653372, 2.558376755319201, 19.7447941005643;
  -3.598804443384447, 2.633984504201736, 19.16656349059489;
  -3.77636356960137, 2.635057185872671, 20.2171613025153;
  -3.101558256423152, 2.630419069239982, 19.04278549674027;
  -0.07344858582409242, 2.735976914046288, 16.4331628741491;
  0.273929934406988, 2.367564570436068, 15.35217402664168;
  2.229114403637227, 2.579833963692953, 17.43628782043182;
  3.192145996545243, 2.324890232113083, 21.2814979211186;
  3.49583951575377, 2.61266680882015, 21.83444313380393;
  3.709283063118497, 2.361935979853771, 22.5100709180791;
  3.583179797239571, 2.351867586638137, 21.4557200640803;
  3.395427749250371, 2.453462147116422, 20.29452096451053;
  3.548840603210342, 2.385846059905124, 20.24669191346105;
  3.572504405270175, 2.57451494917036, 20.31721482785883;
  2.689830906905674, 2.417240643576209, 14.15200887892507;
  2.995752408349579, 2.061877001892171, 14.54871668339726;
  2.857624616171352, 1.666842183850833, 13.83290828929783;
  3.103738983359794, 2.313719673571523, 14.93275930622619;
  3.208654642045667, 2.264032541626853, 15.10909031578303;
  3.008104153890591, 1.578568757773801, 13.95934324109794;
  3.005684630478901, 1.760271464684848, 13.92513155362161;
  3.067490207010789, 1.067592337134783, 13.93200794557732;
  3.103588003244744, 1.293013529104916, 13.91155746469491;
  3.064797208562996, 1.113356024111323, 13.74637092910011;
  3.190793656452017, 1.003428135625628, 12.65764354560475;
  2.977658221678171, 2.002773501206018, 11.86561648488658;
  10.12718253985026, -6.292363990309975, 37.81863729117706;
  3.031245581532326, 1.548132978145868, 11.27758119636217;
  3.015783826867432, 1.949564975147212, 11.21358493026161;
  10.68475255746693, -2.473757812503898, 35.99355237376891;
  11.8100215911291, -9.451379957738695, 39.5298344507229;
  10.21725985566147, -7.543531825559098, 32.82537935341149;
  10.34399485258969, -7.586814352089347, 32.58795149320861;
  10.49657879887672, -6.710206383582267, 33.02151410143329;
  10.82409371244951, -7.109615175377569, 32.94840148563328;
  10.57094319947573, -2.416845757953108, 32.03662488722722;
  10.64524972591583, -7.287016624001932, 32.23197083348556;
  10.72007776856401, -6.603128862941441, 32.27411871285526;
  10.54457076824907, -6.826033358184896, 31.6240004212569;
  10.95565730476597, -7.052352113500564, 31.87568840076229;
  10.97810328653821, 0.3018815514306802, 30.79405437296494;
  11.22237658524474, -7.018648307364949, 31.4147650969379;
  10.95007382663613, 0.3114855452266344, 28.04360908120781;
  10.98571434724569, 0.2493292793946462, 27.71263454822668;
  3.962593401619106, 1.264315321898888, 10.63846275866621;
  11.31237047207353, 0.4617868094517677, 28.36255523462681;
  3.99852716803288, 1.284123910137704, 10.55139099502294;
  11.05221138150491, 0.2260104266804113, 27.23824320179762;
  4.046098442109876, 1.208948019990727, 10.61974436854661;
  4.124115545412075, 1.294858069511478, 10.71239889496179;
  4.086610814804308, 1.229790969390609, 10.60599352506587;
  10.61384577526099, 0.439531899730464, 25.76894484203709;
  4.159016146611437, 1.280950154335954, 10.6009200213177;
  4.199249801175506, 1.316032821651984, 10.60811886707553;
  4.304311670153165, 1.206323894869128, 10.58986520252426;
  4.335596759276119, 1.323301810343298, 10.63076266798486;
