m=[-12.81173025195304, -0.05998168876439617, 16.53313725569505;
  -12.29027854142215, -0.7077769530534017, 15.97986188771327;
  -13.86703222804289, 1.773528741875084, 19.51825649267872;
  -14.09539099885008, 1.802734763525975, 19.83967819183321;
  -15.20588985152475, -0.9099766741261726, 21.57892807503021;
  -12.84910908393007, -3.14080445477083, 18.53233829738005;
  -14.41264433925243, -0.3759007897996787, 20.77799380194673;
  -14.50337384265191, -0.4619622132787051, 21.08684318366067;
  -12.863503588212, 0.5431630595270925, 18.91845107124161;
  -12.74848665373971, 1.371467895638373, 19.52604409739481;
  -13.42566855832513, 1.3087358177384, 20.71618699844777;
  -11.99514732861663, -3.651744007023611, 18.61568138498928;
  -11.97383077103038, -3.726675472318165, 18.75358508466088;
  -13.13293627383242, 1.015233365745741, 20.52252493261765;
  -13.42795899623016, 1.834749357972069, 21.01280983050451;
  -13.06568503576884, -2.921569466550194, 20.84680406122546;
  -13.07683640546744, 1.272695989020572, 20.99985134227437;
  -12.77903962983854, 0.373107127522002, 20.81556170930269;
  -11.93044386244999, -3.711875520842162, 19.50491338787334;
  -12.8659741696524, 1.466438373057441, 20.96467169753277;
  -12.76081736477116, 1.267067786367286, 20.81023492479145;
  -12.79421744363459, 1.698980991523365, 20.90657832493334;
  -12.58010382634173, 0.7562587233654534, 20.58627283349421;
  -12.71966124246709, 1.586879206122071, 20.89637224748211;
  -12.72821892128847, 1.341707852208766, 20.9120121353536;
  -12.72479125261988, 0.9004391250374826, 20.91186849097127;
  -12.5952062552659, 1.854872234253335, 20.80752224626838;
  -12.74583719419513, 1.462880021123718, 21.12833309994861;
  -11.94465557389699, -3.651868513418874, 19.91048511041961;
  -12.72021487190527, 1.610007474600443, 21.15787092200264;
  -12.15494720358829, -3.344307953458463, 20.32986001244127;
  -12.574645165834, 1.342247146117958, 21.01999515471559;
  -12.55552087180426, 0.82694948907073, 21.02558762020339;
  -11.99924850336511, -3.740213439126074, 20.17131402760251;
  -12.69408788447716, 0.9365191378909051, 21.31032703600283;
  -11.9431825572048, -3.663362769562078, 20.19919919738715;
  -12.48139305621428, 0.6710577669032883, 21.09708220743215;
  -12.33321960352151, 0.8793196092359494, 20.93836971921755;
  -12.44804112583055, 1.625893379485412, 21.2044420271148;
  -12.47940842173875, 0.166761740537747, 21.50208741416541;
  -12.32373374391468, 0.3658128162590971, 21.53994708626695;
  -11.98966404907922, 0.5376622997849204, 21.2362582669351;
  -11.76616614179427, 0.2468355103531436, 20.88363415973678;
  -11.31845882300732, -0.9850326986957553, 21.02425289298883;
  -11.45265160914694, 0.2589148761763055, 21.30208898593343;
  -11.72129444803377, -1.519191610549774, 22.13512339737221;
  -10.86689339754966, 2.040249699904995, 21.92013349361889;
  -12.72540759345903, -1.937051479571313, 26.91885098180094;
  -9.532819077481957, 1.98300933937949, 21.28172444239912;
  -9.249953207160621, 2.029114724957756, 21.42579946367301;
  -9.732569866054535, 0.3940106340569988, 22.59565121212702;
  -9.02349453962978, 2.039792254749654, 21.25840259028093;
  -8.891707914348466, 0.7594857204812671, 21.74024321566139;
  -10.34493603940052, -1.004574193001905, 25.6229129094694;
  -8.513624199028309, 2.161330175204225, 21.47234101716044;
  -8.52485909686839, -1.27863409592577, 21.52670587325408;
  -8.453685231800748, -1.190909141479168, 21.74402968285522;
  -7.948082016749064, 2.095024633969197, 20.8272781271731;
  -10.18572921901569, -0.8293767637615745, 26.45830523588696;
  -9.594674721403786, -1.47241542566948, 25.51009106121621;
  -7.841954191043298, -0.2251229738620562, 21.86992952883655;
  -11.17765131785365, -2.184418346304007, 30.98404014314922;
  -7.660026629761879, 1.884761934838765, 21.6782557341039;
  -10.9263039267619, -5.277416279864395, 30.50215646716741;
  -11.75370102657548, -6.974692487333958, 32.84073717236061;
  -7.472684124478388, 0.3822238623078224, 21.25150149180418;
  -7.796851206602201, 0.05950844368099667, 22.17659963309022;
  -7.694470759643913, 0.1971980786038542, 21.9427007794486;
  -7.659872051067367, 1.937302574204604, 22.01559547840664;
  -7.620362884637988, 0.02361818208469755, 21.9272218990765;
  -7.58696537160402, 0.4538419782391437, 21.86830474489083;
  -7.605619598995754, 0.3326931367763688, 21.91921632349365;
  -7.64439977815484, 1.938885390424928, 22.29657879697966;
  -7.536243215065122, 0.02243960318542232, 22.0019767484408;
  -7.346225577998322, 2.014308165583914, 21.49991192246814;
  -7.543154100411786, 0.3933107296343576, 22.04665245015357;
  -7.541862562231595, -0.09827687714956358, 22.07318536085522;
  -7.738143437534191, -0.8678469487121818, 22.97880933827151;
  -4.038252733599501, 2.483174349462313, 18.17319889400111;
  -3.802084595165916, 2.486491534492247, 18.08238940318183;
  -3.542565710698682, 2.637276652326517, 18.11457411469737;
  -4.096637335972687, 2.552938095576567, 20.89281599932576;
  -3.836095463440767, 2.493573989763402, 21.22999243252034;
  -2.039526565639873, 2.468587986546811, 17.1155138248075;
  -0.4589207252253576, 2.516837449289325, 15.76445287346115;
  -0.0399654179011135, 2.924595637105135, 16.54024109685826;
  1.363714110655084, 2.453808501635497, 15.23733939971168;
  2.067282375575509, 2.484369537892505, 15.818177410263;
  2.098427240980295, 2.385274626641312, 15.26193776462547;
  2.526282380341902, 2.469830696351656, 15.89920816978932;
  3.558906772562949, 2.371492807891342, 20.86596723678649;
  4.069235420748849, 2.551589914857181, 23.38126760943474;
  3.822409731451907, 2.466750249937792, 21.61222079320286;
  3.4451223282407, 2.449941524846344, 19.38606183973178;
  3.540493232815462, 2.344716061743655, 19.02664211230017;
  3.618928496683832, 2.569425125123055, 19.38794507854859;
  3.677379737635499, 2.456980851520286, 18.79684928264963;
  3.486380057953638, 2.566816923462746, 16.77385158506572;
  2.965355235854986, 2.41490635422276, 13.60019333380569;
  3.224668517976769, 2.187383156767202, 14.45311848233748;
  3.127190899515589, 2.288305304617841, 13.89515936580436;
  3.078313057180398, 2.122524769522083, 13.38984455432201;
  3.054412034835108, 1.76519469042342, 13.02660888190677;
  2.93685742123162, 1.519879389749589, 12.54900374434961;
  2.930489311536328, 1.012169071009616, 12.26795597501304;
  2.889462917126136, 0.9177366437883465, 12.0198251557216;
  2.929837068286287, 1.048175043648493, 12.09108718400415;
  3.259743048231464, 0.9218037696597514, 12.17125825634656;
  3.210285499669121, 0.9539544836896242, 11.86756574260418;
  10.9952619675751, -6.921042807541707, 37.6422685417371;
  3.339622649605426, 0.9553976032929757, 12.00900716704989;
  11.15352347896573, -2.580314801655156, 36.3740559299738;
  2.934466177788947, 2.270000590378649, 9.968138661632461;
  11.57006897878029, -7.075263903119614, 36.36121847565207;
  3.003665051577493, 1.516578691084407, 10.11128324226754;
  2.959149497326081, 1.890960062257128, 9.946569858184612;
  3.049677068205492, 0.3692581095782866, 10.19413611925417;
  10.19386595412302, -7.495413967939965, 31.60407892523437;
  3.252152369886928, 0.5357152393809244, 10.68881822070906;
  10.48502446713679, -7.656380116517449, 31.8670435490524;
  9.647066921268545, 0.3789880616380531, 28.3631909140678;
  11.19241676455602, -7.320578534501172, 32.88597052849569;
  11.03701576267941, -2.523673205928466, 32.27780207771404;
  11.18486111142803, -7.615179512531687, 32.65418871219096;
  10.88821655799462, -6.680731746925209, 31.62510096129307;
  11.03297094888755, -7.118861793418455, 31.90682053872781;
  11.5544859137246, 0.4154915511624172, 31.97745699203911;
  11.25258346081839, 0.2832980422778522, 30.97095921476081;
  11.71239809470451, -7.309691898879231, 31.62471323602469;
  10.78368957286917, 0.2750433276948341, 29.16062281569812;
  11.38711987869871, 0.2405735408956569, 27.59344197214069;
  11.10260851029085, 0.4630954605552753, 26.76403800162868;
  11.47143069520265, 0.2170431453496666, 27.14109326171321;
