m=[-9.858428998790677, -3.12719142845502, 13.41389360666517;
  -7.423704657242206, -0.4442619366346949, 10.5351012280832;
  -9.855401835866209, -3.073158219995449, 13.7305667676345;
  -7.07714286132684, -0.1845812280160592, 10.20276550553997;
  -7.106519477559365, -0.2263572257171627, 10.33235876222329;
  -6.781105571370897, -2.077833564948112, 10.21343416942475;
  -6.2747336019053, 0.6750288032165792, 9.610609348229341;
  -6.537303277335038, 0.5053621117749286, 10.21568723884781;
  -6.401521537184228, 0.6230246010110538, 10.28008583093008;
  -6.21933320371545, 0.7088673383373511, 10.13419404346447;
  -6.258202983247638, 0.6213996465862698, 10.20582542368747;
  -6.207609983733106, 0.8243264124294205, 10.14363597518211;
  -6.800492280385601, -2.068046292334555, 11.01421752121442;
  -6.222252008078283, 0.7762755735903221, 10.22216643194405;
  -6.223748057352939, 0.6560581406054401, 10.22539726159683;
  -6.22049108286917, 0.4401780301746771, 10.22272891489967;
  -6.185023330880714, 0.9108567031098226, 10.21777714018646;
  -6.076153291230174, 0.2809353799430569, 10.0676638201041;
  -5.869370967492329, -1.79445701863525, 9.78362436093739;
  -6.186048055335161, 0.7099922878335878, 10.25439772170761;
  -6.218590978093129, 0.7870918893301049, 10.34354738156379;
  -6.155155636326987, 0.6570157628955897, 10.28906501502323;
  -6.151186958237116, 0.5232728890625398, 10.29075395889735;
  -6.148895797994647, 0.4049872793346031, 10.29699593416059;
  -5.869531173095378, -1.800376228975106, 9.926987952562532;
  -6.07824952921899, 0.326794976921896, 10.27395975895283;
  -6.044910546300568, 0.4309830320317636, 10.2625734404258;
  -6.087736143934881, 0.9007693671938948, 10.36871166635298;
  -6.084212873960112, 0.7946857928212083, 10.3640675558826;
  -5.954547607751253, -1.782508688546998, 10.22230665130066;
  -5.865845258709832, 0.2630468909779511, 10.38966599547094;
  -5.547180992931033, 0.1254074365420493, 10.31783268759514;
  -5.68771393839753, -0.7371820012481652, 10.74098517305847;
  -5.245075340286467, 0.9847582926884648, 10.58009381679338;
  -4.652489227395912, 0.9678070583634262, 10.38653864128762;
  -4.670925997207593, 0.1890964605568412, 10.84426992285698;
  -4.364431755271177, 0.372788178387474, 10.67104416516406;
  -5.025987727504579, -0.4880627145654133, 12.44864592061553;
  -4.166034262476633, -0.6248588266701562, 10.51993859454848;
  -4.15338712375056, -0.5851065610024826, 10.68307731206871;
  -4.856864256092846, -0.3954719659371447, 12.61612145913611;
  -3.77900695905355, 0.9298307711152614, 10.69477734725157;
  -3.735099658104398, 0.1910483828359255, 10.62221748357169;
  -3.767572763846375, 0.0287555047147186, 10.71611482101983;
  -3.758789018536739, 0.09633228788395765, 10.71912355030456;
  -5.430577818177294, -1.061283223078384, 15.05336285183127;
  -3.724087439294432, 0.1629030108174137, 10.73273217612388;
  -3.703962731763637, 0.9394536439364982, 10.80342463849765;
  -3.681279037070707, 0.01096122278027706, 10.74745247290329;
  -3.618605420739292, -0.04715350319000148, 10.5907721787149;
  -3.625575519993526, 0.9941195376216599, 10.61083048981963;
  -3.68580720149095, 0.1921832035263388, 10.77264355040925;
  -3.616156174773314, 1.040842060491067, 10.58660684861191;
  -3.623953738826349, -0.5077674767540834, 10.71971441772916;
  -3.703108033787288, -0.415310343342245, 10.99656709058562;
  -5.896075499435519, -3.33485803153326, 18.13267083276034;
  -5.811098525098582, -3.566511192340305, 17.94696383962201;
  -5.888715246915621, -3.511581578222189, 18.26822821307189;
  -5.875819993146431, -1.253945377450902, 18.37481021529866;
  -5.817177054079759, -3.336625000248031, 18.24181447580547;
  -5.697917704670571, -1.444466720162901, 19.0638424082634;
  -5.869738325910035, -3.348741130107255, 20.27178630110464;
  -5.737834270433109, -3.536725981395334, 19.87391175135901;
  -5.833389448147929, -3.403152164582204, 20.58700197358503;
  -5.53686623058243, -1.096865466148789, 19.79761626475122;
  -5.569660366615175, -3.432132772286778, 21.43596430061627;
  -5.714826998134357, -3.438016656166139, 22.25848739184161;
  -5.505990770155734, -2.583747316552834, 23.37908504730451;
  -5.681433072801376, -3.4311799849965, 24.16283340936537;
  -5.741809451306611, -5.513581342041049, 24.54860290816699;
  -5.489319375251264, -4.692774035457672, 25.42780574263934;
  -5.631432548817395, -5.404381453066687, 26.16949747794783;
  -1.764502581305159, 1.244529720379821, 9.067970281009341;
  -2.009059374588944, 1.252003483106844, 10.24618593313703;
  -2.048555760738944, 1.209621462523909, 11.0504918099529;
  -1.917133194872896, 1.246192519244348, 10.60993492137415;
  -1.462390195027335, 1.256215811336342, 8.609748604791571;
  -2.088332161674373, 1.207979297681861, 11.93045834986002;
  -1.826380884135159, 1.185608919204447, 12.46346603656153;
  -1.728995260367459, 1.274178899333062, 13.33389958470285;
  -1.664828441219915, 1.372657236360427, 13.54220772603296;
  -0.2085878861299589, 0.3032371400292011, 3.471975194571625;
  -0.2226603032878623, 1.22112547762976, 7.648636605479944;
  -0.0202436245277312, 1.481391139696994, 8.378104069659148;
  1.930986335835952, 1.238410854403783, 14.41934300982324;
  4.362077274252207, -5.022684764341227, 29.24803330055267;
  1.82735878531893, 1.185362840172344, 12.55073511156083;
  1.75084667491542, 1.166684199005369, 10.2652616913346;
  1.942954960080241, 1.218318373983421, 11.16395223610695;
  3.204982134012567, 1.097768536085675, 17.42762619339968;
  1.833746968493334, 1.18338851945509, 10.36815703869892;
  5.965015563688841, -4.002064760713397, 30.9965870630014;
  3.87575833383609, 0.1287853966670715, 20.41591670213942;
  6.03519357713258, -3.852112362079978, 30.93470185939027;
  5.85285514479702, -3.104868541660544, 29.9535482518322;
  1.76717030437825, 1.254684027220095, 9.467388161198256;
  5.478598461162825, -0.3729406887397687, 27.08990202123366;
  6.119759556967909, -3.96195585289319, 30.03664250541837;
  3.222306334442411, 1.005217892901401, 15.97249409545616;
  5.910850088000186, -0.3379682144740673, 28.34912573488466;
  6.582529423988854, -4.078524341923052, 31.16644067919005;
  1.793518850208099, 1.198310151846158, 9.16753392855461;
  5.957602144979151, -3.961171233107235, 28.08189161234099;
  5.987368992611954, -1.434825909900227, 27.98942832786926;
  5.979728262496721, -3.761540131155851, 27.79027328223881;
  5.774432554112873, -0.1226327130298249, 26.87648978013033;
  5.817167448634617, -2.945929405960502, 27.01227436041598;
  3.533143504130458, 0.9057893558159458, 16.70859363107245;
  5.173759140236407, 0.4923635236431376, 23.9992305991384;
  5.503246804054179, 0.4813822105825459, 25.41444008113413;
  5.858916923490865, -0.1177447621797157, 26.95865790729543;
  6.450527193056543, -5.29218307327289, 29.11111379849541;
  5.650216335307593, 0.1828733691693493, 25.44677884329361;
  5.206407866348945, 0.7498533212394515, 22.98596416113533;
  5.747614954534813, -4.314454482430437, 25.05755885236325;
  1.41499460316988, 1.249427739293502, 6.841131551779517;
  6.843173595909963, -6.408321740407339, 29.24119589112735;
  5.504027215706108, 0.6129853149905564, 23.67090874307676;
  5.613096336283954, -3.711768126980275, 23.96242409684203;
  6.351325037387491, -6.095201295872569, 26.93090916980276;
  6.448910082356767, -5.394237359623221, 27.14674059144103;
  6.366641287114188, -5.406293315986629, 26.62435721056317;
  6.407138245373812, -5.831757126310889, 26.74184744379202;
  5.720071832317146, -1.280360662430524, 23.73736898444725;
  6.033261700027691, -1.447586898450868, 24.92206640155128;
  6.498553597196591, -5.765010487215557, 26.69200447371032;
  5.810730745402607, -3.634126820859524, 23.83224080343565;
  1.36119722818262, 0.8400135588436024, 6.092085657472912;
  1.383267879683205, 0.6041862931395247, 6.151852072279806;
  6.872276834373969, -5.681382422776193, 26.73630840366712;
  6.624868339136856, -6.212621000447671, 25.64769520622622;
  6.262679396263641, -5.504269182049998, 23.82730637279042;
