m=[-7.125279003214724, -0.2896112811550375, 9.635944900474428;
  -7.04800408572872, -0.4216490451298393, 9.561795650543893;
  -6.790375036636535, -0.1778791848882093, 9.341107537431967;
  -6.887066340054691, -0.2201857128896985, 9.561985734476659;
  -15.3566486201232, -4.797948023513939, 20.15678641984153;
  -6.005192081149655, 0.4693887728050026, 8.548366360258207;
  -15.37268085067396, -4.783925214073019, 20.53023837093006;
  -15.2287604581332, -4.798854122356192, 20.55682820423328;
  -6.085670898988537, 0.6533419254187109, 8.865202478208445;
  -6.053998253785048, 0.5854851523816513, 8.912799207630005;
  -9.154395653280119, -2.853114786034625, 13.1779642439889;
  -7.566765256080116, -2.326366968241028, 11.14675644257229;
  -6.12144035539511, 0.6028255285933174, 9.38605650357956;
  -5.999991340592155, 0.1767058657005805, 9.327025726815752;
  -5.968097312291115, 0.6809235634423392, 9.284291667454873;
  -5.965473545650867, 0.6289660235369086, 9.355930320088865;
  -5.969447951054702, 0.7461573480874664, 9.361141084436657;
  -5.962841661501234, 0.4195353631854038, 9.354405712773943;
  -5.937628122388496, 0.8754013798338481, 9.361229207170265;
  -5.647937614464842, -1.736110648910736, 8.967800082751953;
  -5.946323850287742, 0.3649937899635301, 9.387770360926584;
  -5.906384151055456, 0.8044299924007802, 9.346709858833899;
  -5.910847853355633, 0.681188195633973, 9.358249552003768;
  -5.959662705658388, 0.7559295240540562, 9.468390183299073;
  -5.931410113967812, 0.3193328706110006, 9.448566839641813;
  -5.901573105528628, 0.6323160386895148, 9.419773841459742;
  -5.901430403047591, 0.3901681567688191, 9.436438691403639;
  -5.956124459528734, 0.7127883183211559, 9.571832756242308;
  -5.81950343138652, 0.3147874813071742, 9.394163597817387;
  -5.826191710698614, 0.7627430079535437, 9.480774023676371;
  -5.655240497253923, 0.1589065088089713, 9.451590563556341;
  -5.535267889201299, 0.08257620955773998, 9.373764534477848;
  -5.623677030922598, 0.2428951774640133, 9.517744220751604;
  -5.613051686584355, 0.6922125274258585, 9.532461289966662;
  -5.279814198500197, 0.1016533025266081, 9.389151070687113;
  -5.29819649675187, 0.9409291795747912, 9.564145822937702;
  -5.445227187957122, -0.7036855421010634, 9.843543639128983;
  -5.463581742090424, -1.284863641997825, 9.894573089484879;
  -5.159079328574796, 0.3693097667990604, 9.634091400661738;
  -4.94957675145423, 0.932136206859305, 9.555080184162657;
  -4.430925445053013, 0.9237648060135946, 9.454239916687026;
  -4.435134038922784, -0.05047240864892162, 9.562889934381765;
  -4.331985839556392, 0.953301862976214, 9.594332327913582;
  -4.34847731544509, 0.1841099424037104, 9.677714911189574;
  -4.216082176345875, 0.9546386937537523, 9.493282851911189;
  -4.235207505432048, 0.4623404093273142, 9.78479448082255;
  -4.162764320090445, 0.3532312458768184, 9.739370689682662;
  -3.939184676187751, 1.003178982462537, 9.502005298501521;
  -4.768438212849978, -0.4665875877333196, 11.38723517571649;
  -3.962691828154709, -0.559586012853152, 9.754015935294024;
  -3.857026705599053, 1.018043297200219, 9.651445259387947;
  -4.427397573398999, -0.3608575637772539, 11.10246712920589;
  -3.826359447763441, -0.4037126282294007, 10.16276240654857;
  -3.617932524629441, 1.019644432454919, 9.742497339246572;
  -3.617320887804816, 0.8912709402909798, 9.797127898597315;
  -3.654608913040272, -0.5001381829524084, 9.921136105972648;
  -3.646148814310783, 0.191922206837615, 9.91417361177044;
  -3.610349924240526, 0.02635582473847384, 9.839043145197501;
  -3.601173507397888, 1.004894481463744, 9.813115665347809;
  -3.638004559564836, -0.2698907674761885, 9.911029283184362;
  -3.555523626377532, 0.9009659377046193, 9.787724837544873;
  -3.539728999956696, 0.03779423050180716, 9.762490283526242;
  -3.55576512259557, 0.2155761263168988, 9.813324208906062;
  -3.55938163146314, 0.153515922364989, 9.823465157674661;
  -3.457388760304494, 0.9518789381482353, 9.681555432941167;
  -3.549385916671759, 0.9006481287322755, 9.921444565750434;
  -3.518025641026827, 0.1983247558537963, 9.85248299105033;
  -3.506735478939441, -0.04705215419823751, 9.832165702175468;
  -3.401385348934536, 1.017552244800321, 9.646976258212311;
  -5.642330755124164, -3.212325735056773, 16.95783900127458;
  -5.341063648338349, -3.290808337754279, 16.11856535867049;
  -5.44453288116291, -3.132942497486793, 16.68505439706272;
  -5.577946654426635, -1.198606989236301, 17.05537897633252;
  -5.342773955678297, -1.362244841703774, 17.50298256286041;
  -5.504143965792639, -3.153646359241015, 18.63387060395547;
  -5.281601391570088, -3.271263976011577, 17.93458561851132;
  -5.381987575929472, -3.140225647778236, 18.61900081542014;
  -5.32385362743164, -1.06547908077038, 20.07174843771378;
  -5.311166533783809, -3.294461242894527, 20.0751009108086;
  -5.303079485463035, -3.209896554236829, 20.32295236611574;
  -5.200125222532219, -1.344423752887287, 20.32568079642792;
  -2.594338381269969, 1.1476635207134, 10.80428075511262;
  -4.898338012705686, -0.9040304402920375, 19.68495146120449;
  -5.128376572807177, -1.278244789132549, 20.87684560983104;
  -5.159778378174138, -1.150610185324194, 21.52181831319578;
  -5.246643372996582, -2.489688969820119, 21.96201023008007;
  -5.30374629426204, -5.119250393542631, 22.35642798536234;
  -5.047788349933304, -0.5943556637814772, 21.97555494419883;
  -2.00072392037966, 1.195047987398067, 9.38755043810052;
  -5.374840904652183, -5.350198378472268, 23.8597060410698;
  -5.078132559695368, -1.166091411461549, 23.02726890273654;
  -4.952954021312169, -0.4466112545894407, 22.58548836302246;
  -5.123066561428133, -3.137662599786429, 23.38406261030453;
  -5.234048176136477, -4.519028321766621, 23.95190399843691;
  -5.323034805961349, -5.140144927404752, 24.42128290343537;
  -4.000900895244604, -0.03069468968700549, 18.82027630273501;
  -3.91039751971526, 0.01685202577255706, 18.81181219026184;
  -5.239817310532434, -4.102860704104709, 24.90210870594548;
  -1.92348122010898, 1.150132553230286, 9.952971023132541;
  -1.916499820172168, 1.139767571013558, 9.937860211734023;
  -1.926448296459994, 1.197738649718753, 10.03487845817614;
  -5.091038923609252, -3.771327641832885, 25.03686680642149;
  -1.821956855901629, 1.19498630224376, 9.673365687155279;
  -1.948081366963581, 1.088150919945998, 10.67196326706108;
  -1.899344886145046, 1.159125192681321, 10.46154504608381;
  -1.958840435086144, 1.140961257818133, 10.80052389099538;
  -3.335921561844713, 0.3329712115492701, 17.7292669211104;
  -2.190390935813867, 0.3695258497160578, 15.47553963100333;
  -0.5517010580775097, 1.234602807378281, 7.214123579620641;
  -0.2055362383337401, 1.191210175135858, 6.984744397533879;
  -0.2090287410833234, 1.201398225826302, 7.068493318557737;
  1.769067414688331, 1.160745605769335, 14.16336350511667;
  1.852214474582727, 1.1750556802469, 13.24612341768544;
  1.752942422213166, 1.18671281018619, 11.0278112761222;
  1.765940300779271, 1.16390930439125, 10.21509458125192;
  1.819316085153175, 1.281399664026998, 10.20924382049951;
  1.73728015662095, 1.14538055494056, 9.627232412182826;
  3.179431888081175, 1.074175807779968, 16.69027260371264;
  1.742697919399519, 1.229659314828762, 8.969972723088487;
  3.255440128637477, 1.006015428155237, 15.52523168541571;
  5.99260548658367, -3.967233186914922, 27.54206814316373;
  6.284803095219112, -3.937578460784773, 28.47957777102711;
  5.939359598123633, -2.999154722350261, 26.89427148825603;
  5.64641230608515, 0.5274197801478959, 25.4549835694393;
  2.986115765918072, 1.036452486270489, 13.76969447705296;
  1.772540589950749, 1.175380494162333, 8.529462766754534;
  3.310356101747504, 0.8420651236167228, 15.10649481877608;
  5.461127940254594, -4.08821952431597, 23.24475639293863;
  7.221922980483348, -6.728941347866032, 30.08305386873091;
  5.880455020912792, 0.6611080511109214, 24.60857690836756;
  6.140304760575062, -5.258563871791058, 25.61125842016673;
  1.788218286438109, 1.190850792828457, 8.103271630906278;
