m=[-11.98047671340875, 0.9355763387593857, 15.35917557486374;
  -13.66094869561903, -0.5580303053466282, 17.54586413566193;
  -13.65880151285118, -0.8177293770121713, 17.59525715474853;
  -13.03198697337959, -0.4159792651579853, 16.87086294834625;
  -13.04570985203334, -0.3435884427936427, 17.01344346644328;
  -38.36475678098505, -12.07151449853723, 48.44468092496272;
  -38.81466884050889, -12.06702855996593, 49.35624403912205;
  -11.6400067124959, 1.076370001460904, 15.81555935951084;
  -11.62415603654673, 0.591378480960956, 15.80596548316744;
  -11.82030126606532, 1.259924436119144, 16.26571205340465;
  -10.87237445499991, -3.39428398890561, 15.46844532692304;
  -10.88948406461813, -3.354390266044629, 15.60096257806343;
  -11.39424724752492, -2.578017839451083, 16.36532752991484;
  -11.768747663133, 1.158702040439341, 17.11229970740439;
  -10.88255211701258, -3.337769016889027, 16.08052526909338;
  -11.64916124732167, 1.323595329693422, 17.15851575800518;
  -11.51042546218317, 1.205411988407411, 17.11135938293337;
  -11.52523501228254, 1.441371798170509, 17.13263887951143;
  -11.50574379843367, 0.8165945107698496, 17.10823017203773;
  -11.43349954739984, 1.683034915779584, 17.09028163289386;
  -11.3242903283441, 0.5138469335776636, 16.94736264308671;
  -10.88581629362044, -3.354090873170446, 16.34171134746539;
  -11.48183966426719, 0.699752955832102, 17.18393674540284;
  -11.38792269248135, 1.548103476931241, 17.08237173406585;
  -11.4465851837556, 1.316769815335888, 17.17489871668037;
  -11.16270569489883, -3.084963256908071, 16.83802595354232;
  -11.49457087141934, 1.459219000083033, 17.32274890147789;
  -10.88653694816984, -3.406945745224205, 16.49374808861673;
  -11.37947154402351, 1.21816389693763, 17.22410967348753;
  -11.39132956249364, 0.9662681754746424, 17.2555088898503;
  -11.38429710692721, 0.7516026431265711, 17.26265691598979;
  -10.81152430461973, -3.340772062913548, 16.49269064406948;
  -11.22530242506482, 0.8356157380423565, 17.09392060437605;
  -11.36002879051888, 1.351065271771452, 17.33802375379469;
  -11.25334132510924, 0.5989196515383362, 17.21917819810503;
  -11.21689674601983, 0.7898865631255242, 17.23698426640367;
  -11.25090883970949, 1.660834105042097, 17.36591157877298;
  -11.2373259477146, 1.468829904491269, 17.34666657257741;
  -10.8654069110754, 0.4627743509438646, 17.44381888602908;
  -10.20713170607655, 0.163342541626547, 17.20571581036944;
  -10.6479107402192, -0.7752819331858294, 18.16015506903836;
  -10.27037574916229, 1.822640568249743, 17.58952462485289;
  -10.53599200672031, -1.383885643541286, 18.09874405949287;
  -10.49990425110999, -2.478048162912954, 18.07666658684408;
  -9.918689684783933, 0.7048171323743827, 17.5847995572627;
  -9.520900480919744, 1.790498600958276, 17.44339803543147;
  -8.516702748134012, 1.772223624760565, 17.23417539244764;
  -10.29864230671273, -2.137028239018458, 20.69291726165569;
  -8.281825814707789, 0.3453360218154822, 17.50723664935511;
  -8.097715377291378, 0.885859662138295, 17.77920901581191;
  -7.965008872931429, 0.6740878144486775, 17.70216118553861;
  -7.521652163065631, -1.135886167318332, 17.23574334888582;
  -9.076039047048038, -0.8995458810040173, 20.74999374421959;
  -7.574703831412876, -1.073006276709215, 17.70924279775462;
  -8.25581206822689, -0.6756461497197748, 19.81558599853114;
  -7.223454084039156, -0.7762926029129464, 18.27630860967094;
  -7.08199270935166, 1.992452584457438, 18.09305403472182;
  -6.908385707847771, 1.698890125695304, 17.78073691017404;
  -7.054476773334934, -0.9682252036651121, 18.19239377554788;
  -6.820920801076227, -0.08894546050427733, 17.64494950986432;
  -7.004118621168899, 0.3578209567054054, 18.09890560711811;
  -7.026157835097314, 0.04721827270506732, 18.17518783955038;
  -6.93657892766021, 1.935364241917499, 17.95878203847597;
  -7.228524635712447, -0.5136974225259304, 18.66922927886088;
  -6.83010335494741, 0.2927222987801873, 17.9057128971354;
  -10.18098229210679, -4.748870955336072, 26.18407954870895;
  -6.584237675428412, 1.809590883557625, 17.51362792740539;
  -6.881883582129788, 1.739870997370091, 18.27329632253559;
  -6.716902182911712, 1.943249580490744, 17.87145086374489;
  -6.782296500343952, 0.3624572137181609, 18.04052844972067;
  -6.934009200208638, -0.1036268619087466, 18.43459366824312;
  -6.700576818208886, -0.2714348289876165, 17.90620075562738;
  -6.6302837607237, 1.987144130489752, 17.83751619102645;
  -6.99883960325259, -0.7813271147167121, 18.94903094027329;
  -10.25841418803969, -5.846781107483126, 29.96724495603725;
  -9.668699968393463, -5.966119406314719, 28.32893825498753;
  -9.935568956384882, -5.718759874407114, 29.57422337329997;
  -5.115602273477174, 2.233170522087321, 15.74153413526024;
  -10.20898869750781, -2.20846732370943, 30.35637643479625;
  -9.691634421029104, -2.480516270146187, 30.89952585328688;
  -9.844077869930421, -5.635603452635283, 32.47330760741588;
  -9.439951284249757, -5.858277545815751, 31.22307479725968;
  -9.616577783436938, -5.603661799294241, 32.41131655776853;
  -3.834185151993167, 2.37363230084338, 15.40193679625376;
  -5.036380293920702, 2.222690638295705, 20.00646987765206;
  -3.909396194775787, 2.332084375769477, 17.3595152902443;
  -3.276267586511891, 2.326975360659038, 15.05597477531807;
  -3.655729915447794, 2.186040148403874, 17.99412506226565;
  -3.552698777949249, 2.114463899792004, 17.54695224448361;
  -3.414051232057278, 2.242019060146541, 17.23915993536314;
  -3.65326594780736, 2.12514967475783, 19.25467767322819;
  -3.194137521332452, 2.097162718043394, 20.24815301094576;
  -0.8090772408145566, 2.352281367298095, 12.74695235426168;
  -0.3924071792230741, 2.319721767936916, 12.61785670471012;
  1.946083082188042, 2.30567063926602, 12.83864170882749;
  3.120508054339345, 2.358560146177208, 18.17175663601356;
  2.362260250848643, 2.303410643745908, 12.9617233610606;
  3.651553235380478, 2.470184521890515, 19.19842868606926;
  3.558589205839662, 2.337816685340916, 18.71425517938759;
  3.610467718573341, 2.537108701594, 18.510735493346;
  3.702936054051363, 2.597881150590192, 18.52435630904198;
  3.561306020250011, 2.327065252980869, 17.01282191307738;
  3.415176366272166, 2.396156685617706, 16.27961294959582;
  3.597003806253631, 2.378770764512708, 16.31207568744342;
  3.529478826588916, 2.458746556352738, 15.73694774599693;
  3.535445914683119, 2.348184730672017, 15.06838462605188;
  3.412259248518884, 2.377426870879445, 14.56318868653558;
  2.55303069131236, 2.337900521648411, 11.00490170635338;
  6.269256614230863, 1.935854540074892, 25.37633732214144;
  3.656214827334292, 2.450357846339674, 15.03940476945054;
  2.721655933742292, 1.697464994537969, 10.23704368901633;
  2.763167521353476, 1.340796403610109, 10.23179477009273;
  9.377095359872678, 1.909283831086887, 31.8274310560571;
  2.860371982836743, 1.646687838166812, 10.30958994965265;
  2.814844488985025, 1.175823731444759, 10.07801837835625;
  2.855612191925128, 1.162201594145867, 9.912573850811951;
  2.812190058515321, 0.9642936902379186, 9.181665989768058;
  11.32895482450789, -2.593521580522883, 33.65923545516341;
  2.778934288490286, 0.4120931451905458, 8.743620434146987;
  11.04412437413477, -7.205718153795305, 30.33295818437312;
  11.06713689824846, -7.138854366322189, 29.88504327349855;
  11.89244692314959, 0.4140928920319207, 30.6604251397762;
  12.0646096342068, 0.2881591728789478, 30.30031874924251;
  12.39063339167707, 0.4467480911583667, 29.24797538015923;
  11.46607029586469, 0.2210244621526847, 25.67929572245627;
  11.62455026178235, 0.2010408241811862, 25.37059537890789;
  11.68022401334061, 0.233659564432276, 24.8379331430574;
  11.57150345432626, 0.3707177685612777, 23.8102818092496;
  11.7037259274044, 0.4015400752550294, 22.37909085615768;
  16.26050104341296, -0.03599875110333749, 28.58671225591316;
  16.92729702814198, -1.779765162740578, 29.68018161933727;
  17.61883735922361, -1.002412491122375, 30.69973408106531;
  17.48426955738655, -1.225470422479342, 30.33572623160397;
