m=[-3.858567851420967, 0.511426203775571, 5.701214930988797;
  -3.850204724287305, 0.403206896888979, 5.723701261226198;
  -3.850719120778431, 0.4815795892622533, 5.724219944532032;
  -3.76175692696608, 0.1706921321990431, 5.629655984434634;
  -3.829710741669282, 0.563741387214324, 5.724479620286638;
  -3.83776857582177, 0.233890211260169, 5.743676482058336;
  -3.816383888711699, 0.5188090336545485, 5.724739272239293;
  -3.794331354942172, 0.4512655221027601, 5.791024686192767;
  -3.757229496341848, 0.5546338501979906, 5.799328404861115;
  -3.759046603713668, 0.4913446570475154, 5.802708613134251;
  -3.600222933283019, 0.1533390184867328, 5.779961791721021;
  -3.52484925850746, -0.4629832939683544, 6.054991740438709;
  -3.513870653541973, -0.8292971544767102, 6.049490234795169;
  -2.857679980596341, 0.5946489062011418, 5.782725951293086;
  -3.531820702867718, -0.7328733586813431, 7.096437706143835;
  -2.888006928561585, -0.2363511603124154, 6.931789287877614;
  -2.420560246528563, -0.2601335860135407, 6.124342393427384;
  -2.296883596872224, 0.6462067735176927, 5.868071422157659;
  -2.291835117944568, 0.01540194486574011, 5.928493885782984;
  -2.289690828325988, 0.05756822969577875, 5.938679293185608;
  -2.266836959169507, 0.09715134474024322, 5.942711210380673;
  -3.82575776807251, -0.827609988566078, 11.3758714400679;
  -3.723643691777126, -0.9530444876912302, 11.87197324249447;
  8.605680419223679, 4.904805827670468, -25.1392201961315;
  -3.753934919302031, -2.187449857740491, 12.65210719933208;
  -3.725787943925593, -2.315409198366749, 13.75853804083456;
  -3.829304258719861, -2.322826164004498, 14.33707505931297;
  -1.258254857946863, 0.7505907175320754, 5.587229678777921;
  -3.676863190290389, -1.010595567960035, 14.87566469351726;
  -1.197901654488125, 0.7513877448508843, 5.544226519109279;
  -3.889981608008392, -0.8749242457181815, 15.88888275530139;
  -3.831060923586718, -1.825621057722625, 15.70325415643992;
  -3.862367212622175, -2.350265903270513, 15.85313242720046;
  -3.760213103565709, -3.74865389724024, 16.38110211381072;
  -3.959676876992032, -0.9160549025670842, 17.61540711036799;
  -3.91436880083823, -2.404719933388015, 17.52181371228063;
  -3.930991572606654, -1.873659451002897, 17.59876024279546;
  -3.842107084224754, -3.321300636774535, 17.24278492107836;
  -3.849407298332209, -3.725242445463901, 17.33002286240153;
  -2.996029925454233, 0.01276462711352665, 14.01201584884148;
  -3.657421637304978, -0.1416303269457091, 17.37235396966842;
  -3.785239504265468, -2.807032962923222, 18.26902531439988;
  -4.060682329455389, -0.9860939841437437, 20.2613020169828;
  -3.998489219975173, -0.4234764705914969, 19.99763239059853;
  -3.976237141711808, -2.47031405176363, 19.92505632314074;
  -2.373827187192493, 0.2355837244546482, 12.28258967159133;
  -3.792423384245124, -0.1181433735172813, 19.71774549135327;
  -5.547021235736131, -5.362538981606195, 28.71910622613822;
  -5.445668822641574, -6.073869475871565, 28.61455058128926;
  -5.574030028544314, -5.94635091064306, 29.32895980795847;
  -5.362567481010423, -5.943488039175549, 28.67121184768553;
  -3.910027936515689, -1.073646126783001, 21.65825202258437;
  -4.687641573125771, -3.726284375365868, 26.07801732630277;
  -4.181580962029575, -0.6090509690374724, 23.82167434488786;
  -4.77356368266187, -1.315519611031903, 29.17735012810379;
  -4.353414777220181, -1.155911871379307, 26.9153761083163;
  -1.502602687201414, 0.3100505629629156, 10.62395969795158;
  -1.153902993295401, 0.4497324978764922, 12.03234566745049;
  -1.001176478852974, 0.2103916920581027, 10.60535273864115;
  -0.9996808624762121, 0.3354028249829695, 10.59142454848998;
  -0.9597584167712977, 0.168556939715345, 10.60906857854018;
  -1.002127782367734, 0.289495196789362, 12.08407855770817;
  -0.256880445533765, 0.7468447450628585, 4.047132504510689;
  0.03007783046734924, 0.7230437124171069, 7.817127717523894;
  0.1205920690845405, 0.7224399543934741, 8.201729354011706;
  0.2394119194286891, 0.7333193215784775, 8.357258384572253;
  1.151611991355853, 0.7482352633909212, 11.3748696201821;
  1.247503784627474, 0.5687639905836995, 10.83836654198653;
  1.548998148520837, 0.5292870053027018, 13.09136396510923;
  1.769988482165156, 0.4633290913174637, 13.37440572327434;
  1.096504148035279, 0.7167304673779147, 8.457841554835095;
  1.854410644385374, 0.2087553282597811, 13.23079472844587;
  1.910260373591319, 0.2906301841730863, 13.42440899343254;
  1.904547326722997, 0.5294238705147832, 13.26108478116981;
  1.847581692955322, 0.5775503218989356, 12.86925735322116;
  1.158590187431159, 0.7314036997776428, 7.978689993255322;
  2.192116258343096, 0.1402833595302783, 13.27055437750623;
  3.04843363941775, -0.3404599933748149, 15.32630600449032;
  3.182292878327212, -0.886140394371098, 15.80454448879074;
  3.194407419748171, -0.7723743938177076, 15.86849748879552;
  3.290570686337945, -2.098250058079941, 16.168946043652;
  3.250597610522689, -0.8232583176210848, 15.98426642093294;
  3.209645968879653, -1.709300170551917, 15.74071505200139;
  2.994235735898037, -0.0805502664140143, 14.44845270562731;
  3.351267511044128, -0.5120468907811696, 15.81503082310054;
  3.308016592713116, -2.134799902606103, 15.54742664459562;
  2.780939350991226, 0.4225899592816911, 13.13136074184616;
  3.08693146659198, -0.06590350572348143, 14.39736159758053;
  3.233457590776873, -0.7576761218015394, 14.75988781485448;
  3.270289493963166, -0.7888296795378027, 14.61075508965667;
  3.348069942135588, -2.104801134854191, 14.87586393759058;
  3.272322203982396, -1.665226382515159, 14.52222060112432;
  3.201336939967993, -0.07857242868142722, 14.22054314752704;
  1.974431223359192, 0.6059098918880005, 9.111345635464712;
  3.214737931583636, -0.2111567614692309, 14.12264753902738;
  3.189310535685185, -0.0793273279983962, 14.00633992193784;
  2.922908866401155, 0.2585885426864494, 12.87923385241758;
  3.249785824069505, 0.1911204313156343, 13.70265626338046;
  3.264136568693995, -2.449024338190398, 13.56512305499963;
  3.537323457160769, -3.29939604000149, 14.47862537181067;
  3.544229778601102, -2.819375158444885, 14.393842265309;
  3.486808173727208, -2.304547441065683, 14.16132989907973;
  3.174647572835863, 0.3528421623862187, 12.99264790341114;
  3.731078070759298, -3.161975535949697, 14.90718091953791;
  3.756010587680541, -3.081131131229403, 14.8305446269079;
  3.109415536384715, 0.5037070197999914, 12.25536652149268;
  3.097176899271799, -0.7478637757211685, 12.18681562658546;
  3.345595437711645, -2.089826325684516, 13.05065090851775;
  3.400207592216047, -0.8091107747093352, 11.97996976989229;
  3.930403064277687, -3.161556933710695, 13.6419170647706;
  3.329554425649417, -2.057862595196782, 11.41644034512687;
  3.372943127405486, -0.7721630923868089, 10.0212851636248;
  3.467390718645735, 0.08281746959306288, 8.708366635025261;
  5.125252080595208, -0.5388778307689601, 8.986574309179542;
  5.189011349168645, -0.2952254843455589, 9.041531249490296;
  5.20621088756833, -0.3649027164082779, 9.03293029605269;
  5.203656737605931, -0.4250575516596079, 9.003629448674287;
  5.390858165344463, 0.1073267448583488, 9.017562810262895;
  5.443965877237185, -0.1720474121632716, 9.077234321197745;
  5.570997434485744, -0.2138068487917229, 9.223111736530624;
  5.506351996090795, -1.407927589631658, 9.064045402066588;
  5.566340934746746, -1.441608707977684, 9.080903199601263;
  5.590156652279286, 0.05318911333723525, 9.126597753475894;
  5.631347695901051, -1.129777603263155, 9.146658287107194;
  5.685685192593438, -1.250349025619483, 9.19516353522013;
  5.650018512246199, -1.065980268288721, 9.14399319678998;
  5.756622927187849, -1.151328015686632, 9.181948022933835;
  5.738912519615493, 0.03669725535965279, 9.160401043773264;
  5.732079576871252, -1.24833859542243, 9.124073359660594;
  5.71989507604433, 0.01905570053859777, 9.049718923159764;
  5.877125390205317, -1.526621547749338, 9.168964628343622;
  5.872080518171932, -1.315956701541529, 9.161446000229269;
