m=[-11.83008727874784, 1.266700476000844, 15.27805597970972;
  -22.42161739981599, -6.874956179262456, 29.0161090188454;
  -11.70374811021995, -2.661493945597898, 15.79510036696707;
  -11.80512362699756, 1.174733029404772, 16.16228602247906;
  -10.9407919168145, -3.336646343608876, 15.15686717659171;
  -11.46047368529427, 1.31278497615014, 15.89668881787071;
  -11.64351154563681, 0.353471008283448, 16.14628139304684;
  -11.57397325589174, 1.45823572625132, 16.20038520084993;
  -11.56709962970243, 0.8257997765081109, 16.19406900402903;
  -11.55587075504954, 1.7102873346066, 16.26164378766751;
  -11.52336947472058, 0.5313832405630584, 16.22682596699778;
  -11.54193342530117, 0.7166153966988198, 16.2680486733602;
  -11.53742024958886, 1.576631100828422, 16.29250867828966;
  -11.48689674675923, 1.332361541594153, 16.23121823662134;
  -10.93321636406637, -3.405385109520181, 15.55755102633423;
  -11.52172979203557, 1.470838270541505, 16.36090041329052;
  -11.47246498473179, 0.632969642336338, 16.3282179485038;
  -11.48776262728535, 1.458900982737034, 16.35034798442031;
  -11.45688955174318, 1.239206858609163, 16.33371063113691;
  -11.43658619563877, 0.9847260813659564, 16.31931694255495;
  -11.43719441584147, 0.771309867691349, 16.3373194025187;
  -10.96190587105461, -3.378771131578046, 15.70931603464664;
  -11.33791277743663, 1.357249593710864, 16.30547867921037;
  -11.30901104987104, 0.613310553595571, 16.29830866329657;
  -11.21765775963703, 0.8106868661445158, 16.23667983092443;
  -11.28285509913899, 1.679487042397504, 16.41156582944786;
  -10.88226347746759, -3.40018272541553, 15.98766740460297;
  -10.97682398836937, 0.1275735667079855, 16.16507888023121;
  -10.85786197436068, 0.3097434841180907, 16.21099303962589;
  -10.73076869668564, 0.1606253114010546, 16.21655189366182;
  -10.73204488908358, 0.4833823977162278, 16.23937323535523;
  -10.78304084174218, 1.339523127492124, 16.37751160627838;
  -10.80852271497714, 0.5187665583799836, 16.66433768084822;
  -10.54570410027769, -1.364998063521695, 17.11007751607271;
  -10.49059175475722, -2.45156585044708, 17.05482009379448;
  -10.06638638200346, 0.7285652522642601, 16.82677963515608;
  -9.849011444517666, 1.756515297935442, 16.63850407507055;
  -9.353606801363545, 1.768545778025862, 16.14849478769301;
  -8.614091945537295, 1.79661467247773, 16.40907110846542;
  -10.61242618977262, -2.188623192522359, 20.2954983785576;
  -10.58163464188996, -1.979230909627383, 20.66191799809462;
  -8.067891513001264, 1.827068074017658, 16.22389030499363;
  -8.152642433060526, 0.9038618723796522, 16.88184618456199;
  -7.977719091850687, 0.6818096540205541, 16.71701916662389;
  -7.627824997338884, -1.143257774813872, 16.45093231589114;
  -7.836181352657005, 2.003577452181634, 16.88273628991838;
  -7.63198604794896, -1.070533437548625, 16.82175604963841;
  -9.819133861855944, -0.958542317724406, 21.36451678023488;
  -7.420997038124718, 1.972229351433258, 16.61862358895546;
  -7.361420648346568, 1.231894897274869, 16.55884927714676;
  -8.793767595419514, -0.7114543929814114, 20.03610072189525;
  -7.174892361757559, 0.07538851935151075, 16.98959858293128;
  -7.072832614335444, 2.221127093812165, 16.9320847065341;
  -7.371690089399959, -0.7890224403192695, 17.61984256903734;
  -6.805480600869108, 1.925123186764583, 16.41292527317552;
  -6.839982038692466, 1.68521657081242, 16.59748626417662;
  -6.916499336275385, -0.9395713371119903, 16.84119356904515;
  -6.799452382097848, -0.08071867353033611, 16.58836434720075;
  -6.729145941562623, 0.05477393451174941, 16.43401104667855;
  -7.151322681791847, -0.2986161455655363, 17.40639200224002;
  -6.737861472425721, 1.890649411104389, 16.45929282604235;
  -6.834984662184267, 1.743416695031268, 16.86041890580959;
  -6.87751143323654, 0.08228630105187772, 16.98126757649326;
  -6.787783038893862, 0.2957784593747828, 16.78461605625405;
  -6.7539738196062, 1.863046146180499, 16.92071948045003;
  -6.622401777406451, 1.925806333607788, 16.61882664781684;
  -6.805467837372725, 1.719178571029737, 17.06399414258294;
  -10.96834154421041, -5.1043348463568, 27.15879949044687;
  -10.97720048814048, -6.350969136699155, 27.19326688462595;
  -6.588889780085009, 1.978533440868077, 16.71410507548951;
  -6.447995665726149, 2.007814520440855, 16.45982049357756;
  -6.492987669468415, -0.7015988656165795, 16.63282750369194;
  -5.141365346725213, 2.24915853194772, 14.78784419036203;
  -11.1472718425996, -6.849968329824007, 31.52566387523099;
  -11.59983623610651, -6.586832266485402, 32.78648021047795;
  -11.57937207819512, -6.620045115652396, 33.30468757278916;
  -11.4878233344835, -2.465847601922592, 33.07418693536166;
  -11.28963983519665, -2.870943819826345, 34.87661805535227;
  -11.78799036842474, -6.708206059279394, 37.7134313750248;
  -11.77502118167956, -6.825484125410138, 38.49415998458133;
  -3.605434806390971, 2.238089435483257, 13.5121282817289;
  -4.084080645131358, 2.20450837797022, 15.978239497116;
  -3.832168719002797, 2.219657729771005, 15.90908300809402;
  -3.758452042483974, 2.246596076559424, 15.69466590325101;
  -3.193267088299024, 2.266475457595459, 13.65185949335726;
  -3.620755741411361, 2.265540642793464, 16.40446809773868;
  -3.741643515393092, 2.217039917545352, 17.36562760212167;
  -3.383621517662828, 2.225383013369029, 16.05340432672286;
  -3.837217603831401, 2.232130199017222, 19.12917995547042;
  -3.329168554151277, 2.179306321967465, 20.0027250076529;
  -2.908196519381979, 2.225927024180146, 20.25356220388417;
  -2.808799654674743, 2.181537910580065, 21.10509907199913;
  -1.084691744091775, 2.290220236152395, 11.2924179759767;
  -1.13090172706986, 2.267931262799324, 12.09919845417841;
  -1.035311760963946, 2.304227666467835, 11.40517825564894;
  -1.003213188512274, 2.287616275218108, 11.41070640458161;
  -0.8033986033168983, 2.333446800870704, 11.61519915647966;
  -0.6744243719196004, 2.297153460290151, 12.0581608508049;
  -0.6091623434015784, 2.305777296882085, 11.57680923441062;
  -0.5208764080095082, 2.310984702607356, 12.23879578624943;
  -0.3988499148287005, 2.296840391419404, 11.48955225905781;
  0.9747420676495261, 2.333541588258757, 11.50192534295847;
  3.34354817415326, 2.140031131624113, 20.11906645876698;
  3.652704591147615, 2.400852993006868, 19.1203744791544;
  3.392523647632908, 2.496023853390177, 16.98763149031179;
  3.354595602961894, 2.272840603259071, 16.73577284200573;
  3.391727003671155, 2.235081682426876, 16.91378190690505;
  3.505651872483616, 2.475457189919328, 17.0449494342739;
  3.315347594764433, 2.337424049303138, 15.7291086574982;
  3.430209220677961, 2.251901021835892, 15.46906847194325;
  3.464255712440691, 2.43805577234893, 15.54150907130318;
  5.748266183269004, 1.988849211819563, 24.61762381524925;
  3.477275235592063, 2.307912813114291, 14.84419386680975;
  6.356277499460963, 1.676419040098508, 25.81262136970085;
  6.712471537309911, 1.325162932521942, 26.63678933770728;
  6.65891515981065, 1.533802275575431, 26.3128419099923;
  5.402490549525487, 2.004863380105277, 21.19313830932045;
  6.61820358312056, 2.053725252441601, 25.72639793101259;
  7.033899409566518, 2.424650226140292, 27.1926509772669;
  3.481647272917743, 2.320337589832889, 13.89923019804979;
  6.040978890746379, 1.969696705990103, 23.00111098538596;
  3.493477398550653, 2.347430743899969, 13.45311792422546;
  6.577370870707341, 1.762916459533199, 24.21316041524971;
  3.219467693233358, 2.239124246973034, 12.12763839187253;
  8.010321593224049, 1.197011001352365, 28.35003131503195;
  7.72289242805553, 1.561628348279885, 27.10500683655991;
  8.164777644776777, 1.600222415313864, 28.32960430178234;
  8.32889237279934, 1.189120239946756, 28.83807337204749;
  6.854638472278071, 1.737983453654446, 23.89820549326689;
  6.360476326326226, 2.107590594859674, 22.24151940319054;
  7.911975193839495, 1.511955821459862, 26.85184412027209;
  8.123387054867733, 1.659728520794233, 26.66873947577329;
  8.030358424309071, 1.048484170342626, 25.95410984191355;
