m=[-5.643529800252833, 0.171324961628142, 7.82599131265292;
  -5.637263619677139, 0.6457425050420055, 7.819382340304191;
  -5.313066163456846, -1.652459361774763, 7.434562639739114;
  -5.624619405889121, 0.5937593376358628, 7.872639101694524;
  -5.626106568211692, 0.708848155778064, 7.875004682567739;
  -5.614453647960651, 0.4008277542449357, 7.860297974915624;
  -5.477728436496786, 0.2525973929670131, 7.713555156632129;
  -5.60271715790009, 0.8292110908520219, 7.884251442065699;
  -5.603153950211479, 0.3478885419658868, 7.897496704196447;
  -5.582714968280289, 0.7628986251380349, 7.883602235288734;
  -5.607792986911223, 0.7158783175183333, 7.963087509709259;
  -5.573535066218619, 0.307508325552402, 7.932549406423288;
  -5.561628474010021, 0.6015601458757719, 7.929030800384171;
  -5.549598798110801, 0.4778379303170759, 7.918941906364374;
  -5.552753342597048, 0.3744706341678569, 7.931762075825218;
  -5.537209974888386, 0.6628535724551717, 7.963269868112921;
  -5.506537449969659, 0.2986306686714348, 7.935905856828289;
  -5.461836711231514, 0.3947204828046577, 7.905580279704023;
  -5.487676227841886, 0.8168571728122771, 7.982142717652724;
  -5.492690535982471, 0.7248002051773683, 7.989626263426374;
  -5.308482325163896, -1.658644815719561, 7.798951938046984;
  -5.291665219892903, 0.1509559456425729, 7.900556136215318;
  -5.221892222437999, 0.07816476974207026, 7.891427781350823;
  -5.23848034918294, 0.2359465710167765, 7.92669416273006;
  -5.228896869645141, 0.6495596549209755, 7.941759697240472;
  -5.147230677880282, 0.2470468179940789, 7.935884708699502;
  -4.990241704167336, 0.8914972364675744, 8.059002107535719;
  -5.124462393632721, -0.6632920075686765, 8.314281147045133;
  -5.110079742231689, -1.194184015733492, 8.307585759324223;
  -4.859455777944071, 0.3517081989873118, 8.122973668926147;
  -4.594593987511566, 0.8687290337211993, 7.932317301180557;
  -4.172358114164598, 0.8702159036766661, 7.947967286415951;
  -5.140060008291377, -1.060045492325277, 9.829993415125136;
  -4.000328258684843, 0.1674397574261029, 7.968745977094361;
  -5.089053100383813, -0.9518766748136086, 9.936990021543492;
  -3.913271615943393, 0.8862059712786002, 7.869279021464307;
  -3.887706829808755, 0.4310197587231794, 8.050355360288281;
  -5.056004310723347, -0.7451882293103904, 10.23333913054174;
  -3.653264092108207, -0.5475509176217526, 7.878995694357768;
  -3.661148593517277, -0.5135467969373014, 8.069583476004315;
  -4.240435000471888, -0.3430698021641241, 9.661590649536775;
  -3.3946583057539, 1.066046370426219, 8.126679241109851;
  -3.491101596549768, -0.3736670244823614, 8.344444730818687;
  -3.286799595806887, 0.9297644770786994, 7.926845922827648;
  -3.284174697327551, 0.8091462214478618, 7.969179468557552;
  -3.222133668116632, 0.904133328809914, 7.871049558560996;
  -3.282814486320977, -0.03897143709391562, 8.008957151716894;
  -3.269509668025858, 0.02661317052671822, 7.984840642211125;
  -3.276722969527534, 0.8358019531006701, 8.082962089174202;
  -3.265420124992255, 0.03906926888808146, 8.062650775712989;
  -3.260993884918951, 0.1420981993362439, 8.063682944273426;
  -3.183905714239757, 0.8782626982498885, 7.976633739156841;
  -3.239416514324773, 0.818332491924167, 8.122495873430562;
  -3.212481593697968, -0.04610383800599011, 8.070912382487085;
  -3.235097213343763, 0.1743731280949512, 8.12047473105533;
  -3.142080798623898, 0.9435143311665243, 7.970548966020229;
  -5.240380482625993, -2.438714786353009, 12.97574863142503;
  -2.409146773319843, 1.053913241815812, 6.929304710519988;
  -5.270654828240638, -3.238803104532774, 14.9059693585734;
  -5.483608982526041, -3.113803664784778, 15.49920479290621;
  -5.498563921146835, -1.180260199360701, 15.83072142641217;
  -5.378190618233036, -1.367668352813774, 16.61462214553679;
  -5.459273954533494, -3.106715689144362, 17.46590786104218;
  -5.468112094517974, -3.169634408400445, 17.87600875890528;
  -1.706898620560922, 1.059564789064191, 6.396963019284796;
  -5.354731115341108, -3.312001146157819, 19.22312836316631;
  -5.541283826077364, -3.342731856978984, 20.18097305114786;
  -5.355916924323292, -1.376483599452975, 19.9151973146077;
  -1.786307072192986, 1.067756197114287, 7.459318991377798;
  -5.424890902044459, -1.479212021301166, 21.34157773709594;
  -5.235916640628065, -5.123229385964799, 20.84687282020227;
  -5.58156865324119, -1.244752471255404, 22.22692306818797;
  -5.355122445651053, -2.532625655796935, 21.40079472454515;
  -5.512483197975415, -5.299092632348872, 22.16012439195307;
  -1.731082569347095, 1.08315451164857, 7.842972796705876;
  -5.455836957649713, -5.407908247592013, 23.16519903444834;
  -1.733124929810166, 1.026930314359049, 8.043738532337084;
  -5.706777709138263, -1.307947126449864, 24.7911011810551;
  -5.599643619102695, -3.420112240841308, 24.46929706405733;
  -5.676275476496724, -0.5058159331677439, 24.78018469088767;
  -5.487309265258467, -4.71385793265538, 24.02658332788166;
  -5.462747247083187, -5.253592577554842, 24.00098347434695;
  -4.290340208900145, -0.03342593591341168, 19.12725198493946;
  -4.047013188459477, 0.01781701111318271, 18.45148016241877;
  -1.739600068427985, 1.060839420300993, 8.633138209972763;
  -5.369484493839466, -0.1971117811842144, 24.89964357341595;
  -1.805622505873622, 1.050340361036963, 9.001334146913182;
  -5.284054118730692, -3.903828877315754, 24.94663160190896;
  -1.752441931115436, 1.065777101578739, 8.894732652280556;
  -5.76075210429039, -1.382198574576362, 28.12125801209083;
  -5.671947449418496, -3.504844234693676, 27.79308938551754;
  -3.293533582219995, 0.3229342583234587, 16.52693636063864;
  -5.548515801452001, -0.1684027870015501, 28.21824117020377;
  -1.440533357636067, 1.219357930016806, 8.43622508302707;
  -1.550739042192582, 1.015128955894403, 9.317343389216626;
  -1.43885526865689, 1.101296561302529, 10.02062429134663;
  -0.4849009205695559, 1.079213198188525, 5.341754671341597;
  -1.915084000194207, 0.7460571146940511, 19.11848329983404;
  -1.392335278309349, 0.2910167962772194, 14.13472675236396;
  -1.386652017193559, 0.464734592433498, 14.10500645071529;
  -1.44695225839369, 0.08445245185911954, 14.71475778155318;
  -1.025419351720759, 1.070670132350343, 10.76278915343804;
  -1.294836872583257, 0.2303445773590533, 13.76427118980765;
  -1.434120781215216, 0.4146256824098985, 16.60318011729613;
  -0.370856632515587, 1.077141806262059, 5.361689237927172;
  -0.1870062858359023, 1.076905308959878, 5.387035107696335;
  -0.1811828488945062, 1.064980135688379, 11.10371963508474;
  0.1926657176530962, 1.196797368606166, 12.97823289008741;
  0.3426376768539758, 1.103031747132933, 12.09789982395638;
  0.9476291274283275, 1.110911944980877, 13.90109697002463;
  1.695225852547125, 1.111091553209395, 16.50297332940513;
  1.674714652161043, 1.094605714593508, 13.0975075886372;
  2.041656241876898, 0.6372453531118789, 15.49409405782815;
  1.709157398449908, 1.12325803202282, 12.76357362864367;
  1.851859181627918, 1.169702135709544, 12.2617637712656;
  1.735895081072413, 1.174121915245263, 9.964467825755646;
  3.895343540361695, 0.5885084709369816, 18.12099312934583;
  4.381919690193296, 0.2269566730245453, 20.13552316648562;
  1.689638799941556, 1.113438884550406, 8.425849761116876;
  4.85698314599418, -0.1278520386049382, 21.18960768330868;
  3.086035059721528, 0.9491287046678686, 13.77837891041392;
  4.808486999159405, -0.31639436115009, 20.75306276698685;
  4.807079897051071, -0.124917511916927, 20.73169689783743;
  4.422866355983744, 0.3843033233496532, 19.09958095933385;
  5.016807565333815, -3.19910850332694, 20.73843415887409;
  4.933627611917813, 0.2869622579028689, 20.40536434100546;
  3.173005210781076, 0.6964163060884949, 13.44695921605953;
  4.865354513237172, -3.665402042177487, 19.81868226142698;
  5.054970061036922, -4.728136323210232, 20.33568990512129;
  5.335512150007928, -4.592899739292849, 21.37927710956969;
  5.220519537193078, -4.172199832533716, 20.82206266690568;
