m=[-11.06393815448413, 0.3912498813467703, 14.3698416813432;
  -11.11420020721985, 1.169496079979672, 14.45574665063901;
  -11.04285608683347, 0.7338319501528987, 14.38618738856263;
  -11.0590685747765, 1.530061992310784, 14.40805073103552;
  -10.45392339036318, -3.153380770676691, 13.75291038867787;
  -11.04813774420329, 1.446635349434125, 14.48758717699602;
  -11.01849594176231, 0.8411073741295218, 14.45097409243522;
  -10.97475696644872, 1.678293925113652, 14.47203917490125;
  -11.00197383855269, 0.7396851879787031, 14.53123017529953;
  -10.91992354794374, 1.546713725709743, 14.45195264738672;
  -11.0265628104021, 1.465440261227996, 14.67865196776623;
  -10.95510330145104, 0.6617896791250632, 14.61426825167471;
  -10.91679265907266, 1.232694524438638, 14.5880169852916;
  -10.8926078762948, 0.9918139554530344, 14.56798464580682;
  -10.90836870763667, 0.7897688060775383, 14.60533011674331;
  -10.93128773710729, 1.366651127232058, 14.73438995078353;
  -10.46025756619607, -3.261292964248122, 14.15900803945611;
  -10.85209527866681, 0.6433076836244357, 14.65728304192936;
  -10.76737078129452, 0.8287545210984995, 14.60208717860125;
  -10.79264371055789, 1.662954905009931, 14.719852390016;
  -10.49877031738947, -3.219012575079941, 14.43392509309191;
  -10.56266341981924, 0.1963910230890129, 14.57107645804716;
  -10.45845044674381, 0.3769222510095331, 14.63092988585315;
  -10.38843576524441, 0.855743835044384, 14.63262577558603;
  -10.31923993040605, 0.2206813481329397, 14.61045492630598;
  -10.37454882565871, 0.5366667581611272, 14.71015038197085;
  -10.28670223508439, 1.330307233690322, 14.64698224246235;
  -9.979598291036734, 0.5390734107775695, 14.44071210208968;
  -10.12793307087335, -1.255115987377889, 15.4457918732024;
  -10.11410263906947, -2.311168011956874, 15.4538602575977;
  -9.565968030533911, 0.7492821503802846, 15.01645560620891;
  -9.56011652037107, 1.755654467939108, 15.15589642110777;
  -9.207899745531524, 1.794277082238017, 14.89026423344324;
  -8.518495352505678, 1.212676148313168, 15.18098377002359;
  -8.29805888793393, 1.778475287834877, 14.81999237373326;
  -8.224193694137069, 0.8851743443464049, 15.0315679371354;
  -10.10912629586351, -2.018510418265755, 18.342823636664;
  -9.946071783356855, -1.787544253954783, 18.44083919145646;
  -7.821684404616306, 1.816298775703384, 14.73477122562043;
  -7.658824279794176, 0.9074142538567229, 14.8972749561882;
  -7.257619723497242, -1.036308601690411, 14.67370794321539;
  -7.29817823500302, 1.917525433383044, 14.77058758005046;
  -7.212154137727345, -0.9587630203720842, 14.92273862185822;
  -7.095618188496024, -1.010790931022572, 14.87713193732769;
  -9.160460538417473, -0.8324672422383584, 18.95898117981672;
  -7.3271022447408, 1.278836173128488, 15.46130859667766;
  -8.389940750629965, -0.6211954443978652, 18.12482660482306;
  -6.762849606965972, 2.175800461479532, 15.21195015768434;
  -6.888668109431175, -0.6846549306265778, 15.4995840161481;
  -6.609677279666339, 1.91532288005323, 14.94390555913987;
  -6.577012343243548, 1.66168310934679, 14.96950901819723;
  -6.430190705881018, 1.850555991168307, 14.72884990017367;
  -6.621580244523095, -0.03225671278888433, 15.15219876807777;
  -6.636622582477608, 0.1055617539255377, 15.19371093193326;
  -6.627698553130772, 0.2230132680159975, 15.21731125719015;
  -6.548794081020914, 1.718576263487816, 15.17086044228217;
  -6.490808342731332, 0.1244211894842253, 15.05402350942803;
  -6.52721963615674, -0.462211371432958, 15.14890364390083;
  -6.547696436250371, 0.3419715218313291, 15.19935561527407;
  -6.276764990580883, 1.779951342944129, 14.7723256453831;
  -6.438540193594333, 1.672483394933451, 15.17094561021352;
  -6.260679632141596, 1.927835137245114, 14.90726770493029;
  -10.10827105396106, -4.61760794678696, 24.03546916980108;
  -9.851586849403178, -1.841066550096157, 23.77614832904311;
  -4.794825587355124, 2.141493142613413, 12.84185849484559;
  -10.03381884298464, -6.065726642715513, 27.37708199590287;
  -10.37731613298312, -5.792613727352017, 28.33558607118185;
  -10.37912500280072, -2.137502310732682, 28.88886344881846;
  -10.0560271377687, -2.467356804872426, 30.07512554600422;
  -10.08206564333246, -5.619621339721351, 31.26052103727734;
  -10.04835462423142, -5.696526487611253, 31.84111417699621;
  -3.497444117509778, 2.20788299825755, 12.11604103850203;
  -3.803180438524977, 2.186122123280079, 14.45347054546893;
  -3.668525707485577, 2.230979218091942, 14.30928328465393;
  -3.132811368231074, 2.259785009594111, 12.38785011860288;
  -3.383660455630849, 2.224188000480702, 13.64296670971171;
  -3.497912703252387, 2.237626967486657, 14.20828188594873;
  -3.641918200032291, 2.249983963659288, 15.30859383195587;
  -3.572752788455005, 2.278458684014027, 15.1690192065011;
  -3.473988980730282, 2.103708449241528, 15.16847628795433;
  -3.354017155811176, 2.179204221837834, 15.08750508867575;
  -3.645091341530114, 2.166087979091448, 17.1793938007933;
  -2.413750927276094, 2.29660951174396, 13.1988327061886;
  -3.111244206136218, 2.087618597407535, 17.72627360770351;
  -2.287635741299855, 2.295034224265488, 13.46478970381186;
  -2.582707478554549, 2.205844841413952, 20.0991193668049;
  -2.15628761711202, 2.023303930648486, 18.40586267651412;
  -1.049630692941834, 2.239157440514536, 9.912221018378864;
  -1.111803847178514, 2.258501242417066, 10.87559627521989;
  -0.9972952631793104, 2.244437466228707, 9.981721793083848;
  -0.73814181828, 2.192418435380106, 9.812522945824167;
  -0.506821661691915, 2.261301535531653, 10.82732444053318;
  3.576646152218038, 2.318386371543695, 22.80070154665874;
  3.46515786151427, 2.399333115352077, 20.62993097346708;
  3.702899901659053, 2.41995869591588, 21.22944740416775;
  3.409524584210273, 2.335343567648465, 17.81219259427979;
  3.157516352089818, 2.112615362893357, 15.69680401495599;
  3.30584558478297, 2.450358852015258, 15.55767947304796;
  3.219678773082099, 2.21808258300791, 15.12568455085428;
  3.173376258025333, 2.124744062803376, 14.90711408483413;
  3.417141578365317, 2.459324128581571, 15.88754847216479;
  3.011276586968101, 2.162014717368019, 13.8079985094753;
  6.020124238730383, 1.907967839722125, 25.99975577956491;
  3.244668900084249, 2.321379356273627, 14.42830690642259;
  3.430983002285529, 2.14745638123294, 15.13819460221266;
  3.327556327722022, 2.217668872820071, 14.04947590364448;
  6.813420437417857, 1.445414818309161, 27.63389443047456;
  6.840206710014851, 1.858156395034858, 26.77973811213555;
  7.456987254962732, 1.546709408141499, 28.59398818209443;
  6.110090774182679, 1.540415637158173, 23.54532682465298;
  3.363798795310024, 2.264505796743932, 13.40260431777068;
  7.08006569194566, 1.699221316960196, 27.01527299914731;
  7.535643488341553, 1.452170692438051, 28.41337929210821;
  6.047849681121718, 2.12315638130369, 22.78263701003502;
  6.765197520961537, 2.142261537020329, 25.33229046473706;
  6.48043815114433, 2.160934104985758, 23.6571789411749;
  7.810285609131594, 1.19847618296374, 28.13838067879516;
  3.326193334409154, 2.245545588137184, 12.32770501384732;
  7.567757220895477, 1.181461277836531, 26.72414230026926;
  6.753700934591725, 1.856314105778172, 23.89374765789314;
  9.143926715607314, 1.640699986632184, 31.96819173645793;
  3.253812373197181, 2.296430415103484, 11.94851206288087;
  9.405188182802343, 1.500459879629376, 32.25329140093027;
  9.26787668359397, 1.887626301013851, 31.12300813406764;
  8.504034940763653, 1.281904879648614, 28.52246409460556;
  7.158342049470359, 1.862675311240906, 23.9707735911728;
  8.140571706344176, 1.615891396003195, 26.68025181239049;
  7.380845903393506, 1.81739240461535, 23.83614605000541;
  3.327780147976785, 2.296058759282484, 11.1606102234734;
  5.966228922323706, 2.186287257488917, 19.20224996814287;
  8.463209015610344, 1.788393481186521, 26.81987227997551;
  3.306766352629873, 2.322159514045036, 11.05606419944175;
  8.593868780647687, 1.635444743959013, 27.05616437844057;
  3.369257126943786, 2.379351782658401, 11.07049241025245;
