m=[-5.040798261779849, 0.6518911734752202, 7.177468632882888;
  -4.929128668211965, 0.2662594350837826, 7.132564451590882;
  -4.679435420340957, 0.3665303316012701, 7.345679394639327;
  -4.515343316001125, 0.8798724197957434, 7.301844822169865;
  -4.021513354472755, 0.8619078530555592, 7.182257688097913;
  -4.128733068191246, 0.5877582727182724, 7.357899148296711;
  -4.02244599477531, 0.4329380032272759, 7.351926826216055;
  -4.950902749437368, -0.9885571202774521, 8.983321932812723;
  -3.765878310424975, 0.8744868510209785, 7.094297404135681;
  -3.707937485961805, 0.3432297467914424, 7.293128104798482;
  -3.527746341612626, -0.4689684486772345, 7.299294437527171;
  -3.506464602983265, 0.6120009826952062, 7.399177669311876;
  -4.074318359765325, -0.3016645861203208, 8.801768212492897;
  -3.314157053458926, 0.06009296436973134, 7.372126169768348;
  -3.249120675039852, 1.045334241481968, 7.308378070998052;
  -3.188552739722357, 0.923964629170962, 7.20904047151194;
  -3.208646432871301, 0.8106649802543379, 7.302990964037891;
  -3.143450363078914, 0.904659156845155, 7.200316551123525;
  -3.167438137793619, 0.05038109687884479, 7.251450396995602;
  -3.210887433768132, -0.015641685205607, 7.347491508332834;
  -3.154811693866588, 0.8279057832289768, 7.30840019356183;
  -3.148969772442577, 0.06036206032426259, 7.303353062013368;
  -3.151078112779256, -0.03283007174653022, 7.312585945018404;
  -3.158012559028621, -0.2236280372465886, 7.329373091407406;
  -3.156049183009583, 0.164833381112942, 7.326227527329975;
  -3.059721987722513, 0.9126913026047132, 7.204483047478501;
  -3.071301368674634, 0.8709529517135282, 7.228287826811517;
  -3.11312008452515, 0.8086680351832225, 7.335354608391233;
  -3.036192472726431, 0.934927016918594, 7.229460163120435;
  -3.015407229274402, 0.9620653741886268, 7.218172053881535;
  -2.999813748865785, -0.2902074404955901, 7.207266989041367;
  -5.040052617555964, -2.302370691764444, 11.98424821186124;
  -4.855700507807684, -0.9074342965114525, 11.71890958074836;
  -2.280569798125238, 1.018561466931359, 6.107991646740534;
  -5.249336271371166, -2.930177413443642, 14.33347677067018;
  -1.671973220568088, 1.055491131009867, 5.792142912094068;
  -2.054721714433264, 1.006252565744408, 6.893472219142051;
  -5.168717420198044, -2.93020467451784, 16.37857417255946;
  -5.072254260479746, -3.077566970138506, 17.68987901202052;
  -5.143079108792133, -0.7845778302491958, 17.91409471261501;
  -1.468540664335714, 1.059299711721567, 5.806944467625695;
  -1.891324343229951, 1.087160090315554, 7.187721205624551;
  -5.238426225547886, -3.097624514064258, 18.54623546142782;
  -4.943302804405003, -1.214753265578334, 17.86841642869176;
  -1.661843878109262, 1.063087330324831, 6.750296040452935;
  -1.674934532348802, 1.06815930358154, 7.111355191697416;
  -5.221860194977269, -1.104861389734028, 20.26668442634293;
  -5.206868708758597, -3.078931835896764, 20.29285186689319;
  -1.643064460585838, 0.9949739643838159, 7.174111503582727;
  -5.123174416422901, -4.985257902621054, 21.17358436892421;
  -5.196859906883826, -1.127593126014575, 22.04959859141446;
  -5.292971619683319, -3.734675261481647, 22.51095912899281;
  -5.190740788512021, -3.098130201337316, 22.1372453911112;
  -5.04613422754974, -0.3862866885698107, 21.51906870450966;
  -5.177974153051348, -4.376619299378198, 22.12657694008555;
  -5.224922731823599, -4.944473415974838, 22.39355380688402;
  -3.835875863045494, 0.06222606257552672, 16.97154434754631;
  -5.574196560778743, -4.289479605771416, 24.80896136939348;
  -5.114897625894672, -3.896113156321785, 23.22942725310818;
  -5.142125001762294, -3.712057957826166, 23.66674458533323;
  -6.947213133057243, -6.953618579574212, 32.61284532344091;
  -3.090860956360118, 0.3503522323011105, 14.97995686974765;
  -5.209471743868205, -1.183268539665586, 24.8839065825051;
  -5.201984902372468, -3.133701301585011, 24.92703971541038;
  -5.21312546547713, -0.4669351311676192, 24.95749043158273;
  -5.749985537980209, -4.658403309275602, 28.2476606918549;
  -5.134889540881496, -4.610144640626908, 28.11283204971696;
  -1.981411223886346, 0.3620075564295326, 12.53801331879563;
  -1.367875555999818, 1.063666547757865, 9.009206087880839;
  -1.903499738698173, 0.423316828372589, 12.46607767928263;
  -1.902123698220714, 0.4230108125225272, 12.45706594834666;
  -1.26108776908168, 0.2904117872454018, 12.29668504741065;
  -1.241861180909855, 0.4457779718531569, 12.14482334856927;
  -1.317119331135881, 0.111292222941131, 12.88441834946386;
  -1.178402499840929, 0.7368541265256813, 12.13710644083791;
  -1.180165852264567, 0.5388447321459138, 12.23369802703173;
  -1.26846936265797, 0.3998062535621674, 14.08650699054014;
  0.02639877751257791, 1.052056687225287, 10.1690223602507;
  0.1868465621973337, 1.059785851187738, 10.14601315337464;
  0.3137182432824412, 1.058047458009755, 10.86671909946979;
  1.553870853160991, 1.101739401353252, 15.47054492870511;
  1.567734008859981, 1.064909380004353, 14.92215306895344;
  1.624114535996266, 1.091360582810282, 12.26616272392023;
  1.654260402904908, 1.115413856800309, 11.90708490238775;
  2.349848447698785, 1.181782709255703, 15.60238298978454;
  2.852293981995391, 0.875372271897476, 18.03109368604351;
  1.715454847414602, 1.187809556674695, 10.2130166949443;
  2.861113092675803, 0.9954195772450594, 13.70172672482778;
  4.372325306290671, 0.6370494259590275, 20.21492152323558;
  4.645116830877814, 0.2992729469376956, 20.32067394464114;
  1.655653124059487, 1.108547760925226, 7.777523999194733;
  1.689746130622885, 1.1063274509081, 7.920533338445099;
  1.631802243647378, 1.124171816706631, 7.666021279246764;
  4.968584892166072, -0.2894067717588002, 20.99783060201305;
  4.914799830697288, -0.08349223324469811, 20.74817889625814;
  4.56503011290754, -3.416360482280917, 19.12642661581012;
  4.865949435574211, -0.1736989251294439, 20.33780949753736;
  2.902227913934652, 0.919807848433864, 12.53416274924763;
  4.909746781500501, 0.1863597040036083, 20.24129865084488;
  3.073348105006116, 0.9396548635635683, 12.99819902642489;
  5.059728371333575, 0.3309289325925682, 20.47429314838713;
  5.623891218925894, -5.271788509077115, 22.1873036676585;
  5.501038730513839, -4.733441208569857, 21.68034697864714;
  2.914003160806658, 1.03445964169315, 12.00826393729371;
  5.180972582170128, -4.117702865633712, 20.28598876095188;
  5.678799352386782, -4.746327578804777, 22.05964351088722;
  4.843086368289555, 0.5928112571305256, 18.97587803734773;
  5.590392451217663, -5.083043755784141, 21.54352145683159;
  5.764837241555598, -4.727214626577686, 21.94290204426129;
  5.678471174887003, -5.038226355415123, 21.49448784077905;
  3.304607518372851, 0.8977035130172919, 12.93769730318969;
  5.023317955015653, 0.4953025675799249, 19.0871023595098;
  5.049484193820027, -1.190964997251498, 18.94105293312016;
  3.428876487624718, 0.822933045328055, 13.08349928149933;
  3.042064485245144, 1.067946289132573, 11.45965170807695;
  3.113472930165281, 0.9859096181864434, 11.65840322868104;
  1.688824481071658, 1.136914857214984, 6.728894223259186;
  2.778058805639646, 1.051550403276817, 10.40444920761484;
  5.039754562689626, -3.192861119607442, 17.86087523573265;
  3.097319263442252, 1.032816404430902, 11.30692622076218;
  4.456477826266744, 0.7996283585149933, 15.5803455178836;
  3.286136084948614, 0.9032234069993703, 11.62593771084797;
  4.262439430105222, 0.6800097169685304, 14.6172195968796;
  5.106739507640223, 0.5133331962435822, 16.9658968482419;
  4.064809373267826, 0.8278963287427495, 13.65027821438279;
  5.069774971600537, -3.123327768294032, 16.5056043597816;
  3.44877251842092, 0.8974066033382792, 11.54872799248862;
  3.986140811057121, 0.7912430320863844, 13.06434540902919;
  4.108934100626782, 0.8682747816616452, 13.02119415724946;
  4.310537383749489, 0.7448744442841333, 13.35769798072335;
  4.576272060024995, 0.8556621039638689, 13.99101033746311;
  4.808201718940245, 0.7405621296745334, 14.54814237069963;
