m=[-12.31478050964995, 0.9281470290501281, 16.58929695128672;
  -11.9605086378289, 1.496138396972993, 16.1684870470189;
  -11.89417898156145, 0.7621284920330631, 16.22711975549812;
  -11.92954817711564, 1.035378943821161, 16.29491372193559;
  -11.98355255244514, 1.317085603745658, 16.38617916864561;
  -11.74705624852972, 0.8931253048329232, 16.26242352334952;
  -11.40092392856663, 1.56383387758613, 16.34264653021753;
  -11.46522546410575, 1.670123661498586, 18.05344666608605;
  -11.62592905036612, -2.604264422876182, 18.30417974268834;
  -11.50917992061318, 0.03850834256712172, 18.16853467377601;
  -11.83689126847536, -3.722730263157313, 18.6542432766791;
  -11.68636436261316, -0.3548021888512951, 18.58667088021354;
  -9.759443280317845, 1.730829316309841, 15.69322830719016;
  -11.62827377043642, -0.05178743160804603, 18.58337076435774;
  -11.59866208417862, -0.1789609100884146, 18.59083520588125;
  -11.77747239295511, -0.4731506450301479, 19.06280423303208;
  -11.54009002554308, -0.2355409341407949, 18.76151900519299;
  -11.67610311659121, -0.04956731996305372, 19.19291377583886;
  -12.42576257042471, -3.149680614814118, 20.42058705451079;
  -12.28951010130459, -3.312151722004247, 20.25864900629006;
  -11.67586537204636, -0.325743370482851, 19.33300954949799;
  -11.47830777371371, 1.299149337313236, 19.06884221804124;
  -12.22310969887951, -0.5899949301104518, 20.25548192484735;
  -12.16998212671175, -4.047103241400258, 20.16720198762723;
  -12.12518856032386, -2.969548153179392, 20.14283431955239;
  -12.23077848338556, -3.35146501505199, 20.33839782176105;
  -12.13878352069043, -3.169389693560436, 20.22005351214566;
  -11.62445427043691, -0.2927398237096537, 19.44700306740499;
  -11.87885939992276, 1.492230109253411, 19.94797524338153;
  -12.0044380408156, -0.4492742269155524, 20.18421665448451;
  -12.07377125548256, -0.6856194618366912, 20.29631370406656;
  -11.86666978255148, 0.2340028156571246, 19.98023467200071;
  -11.92502698278313, -0.10859131428577, 20.08834972952362;
  -11.83987814103521, -2.922368574733405, 20.04267707669971;
  -11.87271609034053, 1.388005321611646, 20.17251819581723;
  -11.72925704020145, -1.078160037214099, 19.95435863172853;
  -11.84504980057952, -0.07250373093935172, 20.24381996034947;
  -11.72964836799208, -2.713026487271817, 20.26111616627219;
  -9.11953615682677, 1.628723868913472, 16.07341572560142;
  -11.92544058926236, 0.0959273941577804, 20.81855967211045;
  -12.50506828238971, 0.6866067905847989, 21.86676527952594;
  -11.87314175037035, 0.4892955422119921, 20.92666042601142;
  -8.986364478140683, 1.670588796092314, 16.20505419776895;
  -11.92337564853604, 0.1905447233806944, 21.20286686207061;
  -9.771983471188635, -3.5692000613305, 17.63168033568543;
  -11.93322161657354, 0.6601530366214592, 21.38715810618037;
  -12.0043785688754, 0.1368549672231749, 21.51898363686728;
  -9.471359890144298, -2.677286362233463, 17.16002073309481;
  -9.407997044354417, -2.410287018466077, 17.12172930528785;
  -9.195278792172223, -3.529525879940996, 16.79661480285142;
  -11.6555650612842, 0.9700912928534234, 21.08944337877927;
  -11.41563064188221, 1.619243603463077, 20.67961500305153;
  -9.255183879386319, -3.85793704423756, 16.94303248670752;
  -9.115116580275446, -2.219360774895911, 16.75320750601184;
  -11.78774806227927, 1.237362677659788, 21.46694918061665;
  -11.85835863346443, 0.8129560623152485, 21.591937386481;
  -9.170536077479445, -2.662405842300235, 16.92561613904229;
  -9.02231576455377, -2.160955296083657, 16.69136825732483;
  -8.921865840162617, -2.758176685215571, 16.52258942851908;
  -11.44777407591522, 1.159074717163539, 21.1430950550332;
  -8.861046830625314, -2.368443847343232, 16.56010853497799;
  -9.125743728586711, -2.683744983871851, 17.03658733233467;
  -8.901574895199824, -3.05466675940552, 16.6439936795404;
  -8.83241036296778, -2.748234375790582, 16.52729689016897;
  -11.93949057795217, 0.6143287964888748, 22.04900486840661;
  -12.00253537535194, 0.6175726731231934, 22.16543153131317;
  -8.92171456830847, -2.935618407100014, 16.7109942094412;
  -8.921133770703781, -3.207346048533119, 16.72763374616935;
  -12.32162235444156, 0.05641754445642203, 22.77164817359791;
  -12.01380174606263, 0.4304896860720998, 22.34788999604302;
  -8.916496231701043, -3.692949970656302, 16.83717525236703;
  -9.181564367096941, -2.41885467009324, 17.32999003543493;
  -9.009509102617175, -2.139094821051102, 17.02849038230125;
  -8.819415856422989, -1.740620993979742, 16.74758315887668;
  -8.590284270460156, -2.858183427701582, 16.34881609495802;
  -8.811440591278091, -1.826467284844167, 16.78455597636078;
  -8.871230496265715, -2.739236369228831, 16.92076687198057;
  -8.936091919646845, -3.722655248950604, 17.10172436904899;
  -9.210408003480227, -3.709203508279249, 17.60991856384081;
  -8.222201095633107, 1.620048345168542, 15.8976174921506;
  -8.886505256669578, -3.433608871089374, 17.0696834163908;
  -8.708540681112455, -1.404354345370545, 16.85056676399969;
  -8.714579530331163, -1.650239683347727, 16.90236342844194;
  -8.729125240616151, -2.857367474032566, 16.94431468931001;
  -8.74901825126463, -3.585384951089602, 16.97794032616048;
  -8.618099502698859, -1.534094850598323, 16.77957993940243;
  -8.316565376709908, 1.431536051333171, 16.25082089608098;
  -8.638998865626691, -1.747585704787352, 16.8530846051613;
  -8.767103146617981, -1.978950692474691, 17.1038712415087;
  -8.621010608399793, 0.1360278798717055, 16.88212071008507;
  -8.516307423397826, -1.589730894384679, 16.67508569225771;
  -8.918101197137748, -3.745061626855827, 17.40737619114636;
  -8.795879428715669, -3.083946479979101, 17.18962389034199;
  -8.814058129772446, -3.549501898345608, 17.26474377631826;
  -8.049535982944031, 1.632402430463751, 15.8997409484043;
  -8.532615881681618, 0.1830016000477892, 16.8102632740223;
  -8.553889599299106, -1.803451332407859, 16.84510947767446;
  -8.566338222942681, -1.11942182110054, 16.88302203430221;
  -7.919750113458234, 1.51700236266368, 15.7269826238461;
  -8.771493345791935, -3.408374342700813, 17.29474835372898;
  -8.341650347918213, -1.540843419996612, 16.52827623275478;
  -8.627820811250327, -1.896567085261058, 17.08106081317308;
  -8.328534359479638, -1.325211799361296, 16.52481115549344;
  -8.429442969137204, 0.4604141287192498, 16.73233647160849;
  -8.407391865934166, 0.3416556363177459, 16.70836659438868;
  -8.273766742197365, 1.440364439147163, 16.46014170860186;
  -7.925844196847846, 1.611972425500898, 15.83538812074157;
  -8.26137286808093, -2.157593624304791, 16.477178562861;
  -8.405711365996041, 0.4022953111918382, 16.81706567031963;
  -8.387559412075763, 0.1808985942701494, 16.7899718231976;
  -8.358237931724636, 0.2816256130821053, 16.73589635955528;
  -8.416636391800775, -3.1608914812249, 16.81912372611467;
  -8.519604205919622, -1.852517654646612, 17.028411799119;
  -8.318802460940134, -1.88985246188706, 16.66524865601767;
  -8.365780694611825, 1.209498533095871, 16.80259452425288;
  -8.259740414647515, -1.261504389467003, 16.59788921625545;
  -8.271035573876883, 1.256972623906121, 16.64302241891966;
  -8.32309682338453, -1.16986990822412, 16.74362887255588;
  -8.330301271228287, -1.532348251679951, 16.77739880864246;
  -8.37772038839932, -1.387493631345804, 16.92617796055695;
  -8.164288985925106, 1.199613870098266, 16.57676418977873;
  -8.303654951047525, -3.076983397948465, 16.82498171385103;
  -8.352170891420538, -1.227810258625305, 16.92440636968624;
  -7.91337814607841, 1.633326462279565, 16.12303217992755;
  -8.261217803933976, -1.299045997006935, 16.79666533314648;
  -8.483714089059633, -1.198887392011307, 17.3248220249723;
  -8.270068449635723, -1.375941837643975, 16.98300999176805;
  -8.470143207085274, 1.234358543819225, 17.39505815310086;
  -4.511161939674448, 1.717234181626183, 9.721934105957292;
  -8.147354447039414, -1.565155416395101, 16.80903429917435;
  -8.303842392632776, -1.277297667059535, 17.12807249340792;
  -7.935093603515392, -1.972033199491647, 16.40103244260386;
