m=[-4.00948817727634, 0.4595557578224528, 6.828308294184822;
  -3.890480833499924, 0.2039224199598548, 6.76691222770663;
  -3.548423788677733, -0.4438191520249044, 6.835139962886442;
  -3.47430936314729, 0.6336343687727972, 6.843665077421789;
  -3.235137001965892, 0.8388422222137885, 6.854394022965471;
  -3.15866567441163, 0.9334408415466919, 6.728467123090059;
  -3.187224654218902, 0.07726397617923721, 6.800559674418129;
  -3.242339653065839, 0.01398302165583112, 6.913505862525409;
  -3.196193501012616, 0.1360034178136484, 6.840448721526617;
  -3.169731442228399, -0.191843739024281, 6.853778333863006;
  -3.074605994772041, 0.8973605778251225, 6.731024870686153;
  -2.298961485462084, 1.047268010568662, 5.661467704086318;
  -1.713856421738579, 1.099892599148107, 5.426884967224327;
  -5.078998850849976, -2.768755585258976, 15.21405805121945;
  -4.923125546077208, -0.7203626658791923, 16.6116898659032;
  -4.999584474828085, -2.875308158944941, 17.15732676857495;
  -4.80353710789475, -1.114600801196532, 16.83448295531116;
  -4.910927307978239, -1.216043098307645, 18.26879287900324;
  -4.947061689545272, -0.9825033479512129, 18.66507630495808;
  -4.74817838905272, -0.2906763607892096, 17.96130332267387;
  -4.782949237075525, -2.142446960020032, 18.09080006783407;
  -4.919751955897849, -2.827970540502711, 18.61960335402299;
  -4.74889077275764, -0.1367028203824558, 18.79697116181881;
  -4.838193997280989, -4.569880427177322, 19.97327914457778;
  -4.877768950307365, -0.9848722652092738, 20.14862164508194;
  -3.99543115191625, 0.07259727636046989, 16.74808536095072;
  -4.865419871397959, -2.818541718740443, 20.19292201583016;
  -4.808664841290439, -0.2986813879803388, 19.96164522805686;
  -4.788161569738124, -3.949047519143014, 19.8924690955528;
  -4.862150111744596, -2.162466734800805, 20.19977691602427;
  -4.885056511394476, -4.524287657565753, 20.362044262995;
  -3.888233596342781, 0.1211375023909039, 16.63548393261667;
  -5.347366887097914, -4.057067706027059, 23.26173969877428;
  -4.375667534466764, -0.03483242378061846, 19.29076840856159;
  -4.818277377668774, -3.381972039329001, 21.5836302660956;
  -2.933227424583941, 0.3736215874312341, 13.72508542444341;
  -6.647911709692994, -6.424280764402314, 30.4090488097191;
  -4.741604327890482, -1.000589667089528, 22.0995037911433;
  -4.765387840588622, -2.78115508349357, 22.26883647155593;
  -4.753520384377159, -0.350609342736152, 22.20863430690807;
  -5.498226675849707, -4.335353614113631, 26.37828875062154;
  -5.131442463786461, -4.436708572547047, 27.30057907013128;
  -1.155853397082301, 1.110142662644565, 9.282464344500177;
  -1.355229347209309, 0.3526791906887537, 12.63028462577906;
  -1.331949837347781, 0.511648180104566, 12.43529021875606;
  -1.390431772111145, 0.155095129065313, 13.00764178801838;
  -1.251769480602753, 0.8148802810315508, 12.31398055153177;
  -1.153941058596068, 0.3933781876640814, 12.33865098385184;
  -0.0990490377368788, 1.053733546082756, 9.467634470633307;
  0.3155167506308712, 1.091079048143036, 10.41471177384321;
  0.3440934625529022, 1.06927257246033, 10.55590017078322;
  1.492102356323597, 1.054851004732428, 13.78989120205686;
  1.516820283252036, 1.052653315607051, 11.02490401877565;
  1.55235007028444, 1.080868249168222, 10.74742227677787;
  1.588262496787363, 1.058696995105307, 9.708708695279231;
  1.638142863553567, 1.161303044020365, 9.302781736290639;
  1.862046173175926, 1.245310211013569, 10.19361216200617;
  1.699956820396154, 1.196111592090507, 8.791317044525615;
  4.323108313623439, 0.6800205300867875, 19.55773556118555;
  4.702405700679184, 0.135027000271504, 20.77597380777774;
  3.980757085791626, 0.6794276629123018, 17.61946065555815;
  5.055797210144084, -1.146139143336052, 21.3813455015292;
  4.971030046692397, -3.069886929018906, 20.93918310038429;
  5.073413772312797, -0.04666228233731944, 21.27027659872472;
  4.926992346770203, -0.2464251999141956, 20.41724078453066;
  1.565250883897214, 1.054035905133984, 7.087980093628786;
  4.266290312966142, 0.4285845738280275, 17.58761836302727;
  1.528367253522098, 1.106713822731192, 6.818984500449694;
  2.78836485567514, 0.9123463307797032, 11.5950017918895;
  1.63488294090615, 1.054603855246422, 7.192166774095043;
  1.571216804264942, 1.194114716595619, 6.957754001938191;
  4.804575563940608, -3.006471079279507, 19.11405545924925;
  5.059539015643195, 0.3886801313015694, 20.05189469207378;
  1.518822203344099, 1.06593467943354, 6.6812761676908;
  4.873607934568566, -3.281024772617317, 19.26457493959248;
  4.929153916205325, -3.665569327748698, 19.28932737792347;
  5.435117107148363, -4.646216427354719, 21.03941233828322;
  4.924914134284363, -3.279577537149727, 19.10970701121653;
  5.041777651436099, -3.984415262806049, 19.37287569510251;
  3.172598357959392, 0.7588147218139562, 12.50356092099084;
  4.673856663445946, 0.6243449981074023, 17.90204205166689;
  5.325971496044209, -4.49447812866535, 20.19198369325992;
  2.697339097604583, 0.9849282496298784, 10.67755684584767;
  3.126930806028262, 0.8788919141825428, 11.80023154679439;
  4.755925802993835, -2.93571562789617, 17.39874552301968;
  3.997387081380043, 0.7189850814681319, 14.64969337249812;
  2.819533935265813, 0.9620114865736199, 10.29696389401798;
  4.826012806886312, -3.020515206741033, 16.6949695244092;
  2.861574691506854, 0.9289358737769794, 10.30134019778839;
  3.539088202020318, 0.8260396857988233, 12.15434825211272;
  2.828505969926078, 0.9663472966955037, 9.899970108980465;
  2.853175686405617, 1.023333782967276, 9.907184974360758;
  3.106220634685441, 0.8774386873636393, 10.54140440817472;
  3.682417332697456, 0.8435953943788621, 12.17727750950758;
  4.564697621208609, 0.7332243594397683, 14.79933021715157;
  5.152056874205907, -0.4362221822264982, 16.61885313037793;
  4.930366503786801, 0.5307137975933195, 15.94628163836673;
  4.839184238069544, 0.6455766727665744, 15.60892707851138;
  3.617544444280243, 0.7664938322503044, 11.7694389375262;
  4.849816602193054, -1.090779185713333, 15.43945781178776;
  4.793967467340871, -2.933696100701105, 15.21140484949912;
  4.804977740848409, -2.904830967922475, 14.96963159363193;
  3.225486735213039, 0.8632710981883026, 10.36231319949358;
  4.011861168459491, 0.6726963896962258, 12.24041497227839;
  3.911899759946871, 0.8580847625287373, 11.94951184646632;
  4.046461126270786, 0.7203510467649549, 12.09967587200279;
  4.399311428483243, 0.7083547598968444, 12.8886340840486;
  3.673839892817411, 0.8156775400714625, 10.75325031287451;
  4.973731745110214, -3.017264691911558, 14.11744766684818;
  3.660306120410556, 0.8759045315828621, 10.567475708035;
  4.138881932471273, 0.6500137794257643, 11.77143994601874;
  3.710468985908474, 0.8055612421138773, 10.62109169445511;
  4.560336771646172, 0.5688798695661701, 12.53229813691887;
  2.860251629792927, 0.9712856245676768, 8.18020814452;
  4.804210034464733, -1.061544970156077, 12.99649177725171;
  4.227857749998848, 0.7581315463136492, 11.467113023632;
  3.897035773574033, 0.8243460770516544, 10.48370599577541;
  4.392477269991177, 0.8242385957855539, 11.59764001922442;
  4.439234642645029, 0.4990598734869681, 11.63189826818172;
  4.411920951056104, 0.774963716357353, 11.5482800575806;
  4.544356874638862, 0.7634456862969856, 11.80153786292587;
  3.137278964440086, 0.9262481965522694, 8.403020293850108;
  4.541119434928317, 0.4969774557394444, 11.67615235076377;
  4.483618113248431, 0.6689310990065125, 11.52740117932582;
  4.549462616638921, 0.6072814188713487, 11.68445225289831;
  4.651322360684093, 0.7729005420835902, 11.65930055464872;
  3.744480362346384, 0.9024766552768241, 9.250083931554322;
  3.328405257368256, 0.8693274742221869, 8.238216103607973;
  4.95344806851399, 0.8446870093558871, 11.51210421876314;
  4.975391119444476, 0.3408566268432856, 11.5563991124181;
  4.937784003856185, 0.5289295107209394, 11.42629929930912;
  4.987677710614999, 0.3633217923476205, 11.51116456899835;
  4.887629555494694, 0.212760498592048, 11.26954650802832;
