m=[-9.911388013356499, 0.4215178097683898, 12.90007439173362;
  -9.741554259463374, 0.269178308894586, 12.83025590514311;
  -9.625986525960936, 0.5552827467779377, 12.70286379269029;
  -9.734718669390146, 1.322132689177964, 12.89716264333521;
  -9.607587670372912, 0.5848542686891554, 12.92112792981475;
  -8.987838177882523, 0.7612500042799967, 13.14901285512071;
  -8.797189786911838, 1.670525223336234, 13.00629109776393;
  -8.783378983654126, 0.6300433010388896, 12.99566249603391;
  -8.709971071721224, 1.75522560678456, 13.11898745276865;
  -7.67708818169926, 1.698617514740242, 12.76372182498556;
  -7.859466284372576, 1.173840737174138, 13.06154429510954;
  -7.737889626398449, 0.8868941804990265, 13.17791537954238;
  -7.367868336007688, 0.3861922485485252, 12.81531010402391;
  -9.449155956027044, -1.815212283758518, 16.18598384401228;
  -7.149747246139347, 1.712914242369298, 12.53246429058493;
  -7.174548007241924, 0.8916526063145914, 12.99143583537463;
  -6.730767837340026, 1.821162661601606, 12.67640898243154;
  -6.765073951087129, -0.8461417133820099, 13.03120204032576;
  -6.592999610758242, 1.202411964517103, 12.98683464121004;
  -7.711275867472554, -0.5053754201057663, 15.71081249745513;
  -6.142439797200853, 2.028564707895045, 12.88395073700399;
  -6.055552978841964, 1.805906739951741, 12.7491719912432;
  -6.160257290947822, 1.597299870826875, 13.05194516626143;
  -6.036804784264288, 1.783981186652935, 12.85936743748643;
  -5.92457422676851, 0.1436221828051051, 12.64122393171338;
  -6.022046484977556, 0.02597087764455532, 12.8405590200662;
  -5.975276955706617, 1.619156688244742, 12.90298246015778;
  -5.970769256724556, 0.1244404643405023, 12.89455239116081;
  -5.991823979693527, 0.1694089695886812, 12.94277066002302;
  -6.009090657811863, -0.3636921426756751, 12.99320655625497;
  -5.960658243711231, 0.3572171314640279, 12.89561166823956;
  -5.911479686258885, 1.725336136104182, 12.94159864985064;
  -5.92361323003714, 1.5851493173615, 13.00749242005655;
  -6.002907582005636, 0.01109163788782699, 13.19539332748069;
  -5.805017920294943, 1.8387578791084, 12.86811864449758;
  -5.904322859753213, -0.5404709304722127, 13.16329877398474;
  -6.190786831779378, 1.602017118078443, 13.89312596848286;
  -9.739423526376246, -4.358558945837784, 22.16019236527378;
  -9.145821351256736, -1.613480155990999, 21.10788613622548;
  -9.512335241002212, -4.578976764021539, 22.03561075295905;
  -4.292994929331968, 1.955629221043336, 10.57201362437531;
  -10.09687294085553, -5.513472030442732, 26.53687410734977;
  -3.174647397395597, 2.037376721299719, 10.05244431134262;
  -9.876806946464264, -5.463306443565151, 30.23935250376649;
  -9.824797942273666, -1.849369937475114, 30.62126078885943;
  -9.824116435469858, -5.820044321623637, 33.18319714218564;
  -2.739103853459681, 2.00898388926615, 9.919798581585118;
  -10.05008267191101, -5.779897279485522, 34.48937673147312;
  -3.235373822669974, 2.006428708255292, 11.69906337205706;
  -9.240391238429272, -2.144117396490059, 32.38388822854756;
  -3.028351313073081, 2.024906301107912, 11.27056749968658;
  -3.120365042611673, 2.034818395181069, 11.74252874804945;
  -2.517204938735585, 2.027737352389792, 9.819806479920779;
  -3.164392143006773, 1.993224664759183, 12.38832733026268;
  -10.06396110660814, -8.142597839008818, 37.70988975873973;
  -3.096049696858486, 2.012988970320564, 12.23586393427835;
  -3.061258049453532, 1.88588963738833, 12.42814834885587;
  -3.157929772169685, 1.968029442024172, 12.84624349319594;
  -3.27522499765786, 1.989525165627472, 14.48559678368375;
  -3.120148518165763, 1.979471618436816, 14.03124307631713;
  -2.038470507891591, 1.965203710801114, 10.24410215365259;
  -1.968933711321375, 2.008755274741181, 10.68440310474201;
  -2.41136271452349, 1.948429780402697, 15.1281390721433;
  -1.773969734751528, 1.849565884696829, 15.70852904962711;
  3.455755485696223, 2.449834781945359, 19.62474685979656;
  3.316322713926752, 2.333407527560874, 17.15034408538536;
  3.73856740223214, 2.627463908530598, 18.77293538225092;
  3.310528668032311, 2.315289847760434, 16.36516093713913;
  3.38147948607241, 2.352259527752155, 16.28358318114212;
  3.376815166696787, 2.303958562466813, 15.75828836766578;
  3.3291687112528, 2.41070136935801, 14.85346521858511;
  3.484201138231181, 2.373413316048611, 15.30263483820941;
  3.343477840571142, 2.346508348597609, 14.70790903913938;
  5.690057991333754, 1.861773404492333, 23.66126243170404;
  3.355020242070931, 2.447256129373834, 14.30178545113224;
  3.592005752369178, 2.284865336543578, 14.82831407742679;
  3.283179938946541, 2.387009206148202, 13.61792195687251;
  5.780376376547416, 2.110693457789841, 22.88191996541768;
  6.488336952746514, 1.823688222734907, 24.4853126421689;
  6.824101392449426, 1.59576717462553, 25.42258053608243;
  6.693960122466483, 1.655226361217827, 24.61785869748366;
  7.222373217934424, 1.299043222678626, 26.46867839177435;
  5.84296271236135, 1.851913145436771, 21.43086244200175;
  6.590963715166597, 1.318499420800971, 23.99980126999946;
  6.007561083379263, 2.049751094043371, 21.93966839446178;
  6.12938531243234, 2.210421477344261, 22.11124930402707;
  5.88102125918444, 1.909120750304345, 21.17100101601162;
  7.097527930967858, 1.410589805910219, 25.09744630188986;
  6.014725123027745, 2.054905814166018, 21.05196155313921;
  6.103416119434206, 2.189080727234309, 21.19311220785916;
  3.364918469138089, 2.415542168019973, 12.14947096455449;
  7.131165078068508, 1.664447175152215, 24.49067637044771;
  6.473478342814476, 1.828614579521422, 21.96867549496482;
  7.850897512884472, 1.321474039257245, 26.11841018206814;
  7.532463409138787, 1.725592421004078, 24.90888157864061;
  7.387754935319689, 1.565334905851018, 24.03556664912036;
  3.430673167935618, 2.351475974133396, 11.71455286432171;
  9.610253075413848, -5.881049916621748, 30.49362583959096;
  6.722449412533333, 1.799200171409064, 21.5967796487686;
  7.822991591073269, 1.610352324060668, 24.70532143867855;
  9.410792504850562, -5.689258717763762, 29.31878239603484;
  8.375674119119486, 1.40440695842107, 25.55465470654906;
  8.056584723682768, 1.767231527810895, 24.6101026369383;
  7.574134738315637, 1.482685390923176, 22.98108672685271;
  3.612567332234198, 2.381208729897191, 11.50689080504566;
  9.904797379280289, -6.102837779935041, 29.42135855546854;
  8.256464395955359, 1.469815867398504, 24.68837335201571;
  8.903049981833927, 1.717407313999489, 26.29405053396528;
  9.206299475829873, 1.482351536314919, 26.97163570732911;
  7.586547863525415, 1.684389325471994, 22.20566234979;
  7.654527235638875, 1.831714308110521, 22.09897969135795;
  7.545091890532925, 1.73541277303946, 21.70889630964103;
  9.96635685460333, -6.045990854643288, 28.28852228758032;
  7.737595872754469, 1.679870486966267, 22.14860589625471;
  9.689650998811576, -2.166763326677703, 27.27891543404495;
  6.161431410081708, 2.09230184261983, 17.62145360836685;
  10.06023913683736, -4.726387179284362, 27.83688797234925;
  9.499528890291463, 1.065859041721674, 26.2183004657339;
  6.085213107065302, 1.98387408971025, 17.19391267310088;
  9.342061297255778, 1.165376786491938, 25.67299373995975;
  6.175288762902006, 2.045870699083332, 17.29531352403875;
  8.111198858898455, 1.506037903643172, 22.22015735390855;
  9.715108040837555, -2.146663863838127, 26.28159902711767;
  8.43939871526676, 1.513337197299118, 22.88997043939925;
  8.043682326348083, 1.701492712932829, 21.63890852752166;
  8.959788298313653, 1.68128435768837, 23.65690086599122;
  6.672631760359301, 1.970023451642032, 17.87225832679336;
  9.047937424187865, 1.589290309006771, 23.6831340536539;
  9.111320649092038, 1.138789888670393, 23.68648899994643;
  9.35720459555478, 1.571997464402998, 24.30033718123413;
  8.796976036782704, 1.368690598569899, 22.78181732070989;
  9.275847369420879, 1.383905278799013, 23.84824291559461;
  8.3587998668413, 1.8308883988809, 21.51504961737343;
  8.501916353682686, 1.785227080024808, 21.57847896069751;
