m=[-8.044776639031701, 1.224393263152037, 12.36033097091667;
  -7.867712776574123, 0.9196074729523807, 12.39424277167269;
  -7.761177166157381, 0.4231923313098315, 12.46047197835542;
  -7.628784410143263, 0.5945480761029854, 12.30881747912745;
  -9.702243739645867, -1.830864834056256, 15.59017440750496;
  -7.346884351139124, 0.7534013803962275, 12.44090034577183;
  -6.918608427928604, 1.891062241084091, 12.02215988001771;
  -7.08893460824346, -0.8702820494315194, 12.61017805225428;
  -6.845774672546305, 1.266153793009283, 12.46631684924838;
  -6.496606034766124, 0.1959174141266473, 12.46295838442814;
  -6.336253870824734, 1.656027005982607, 12.41508297442609;
  -6.134613652677603, 1.835503474202414, 12.07999949806117;
  -6.340072882621944, 0.1750484965324568, 12.48554219170137;
  -6.372105063279256, 0.05358199561215913, 12.56901739746892;
  -6.37257785629844, 0.1837958522434194, 12.57140904665487;
  -6.218055160734546, 0.00919195683393379, 12.42801631333057;
  -6.220768967019081, 0.392834041312906, 12.44115078990644;
  -5.933670069137018, 1.750521261024872, 12.01205507963841;
  -6.222312398866437, 1.678105276208096, 12.63382260771903;
  -5.964270188392242, 1.900264787124531, 12.21301096081104;
  -5.945003315662445, 1.961207291603, 12.23601687560502;
  -6.580746837119799, 1.720787811602487, 13.72593373448975;
  -4.523303780754181, 2.072018457824739, 10.12252982497115;
  -10.58511088119121, -5.708899713601664, 26.69714634346822;
  -3.35446602237464, 2.162695514425406, 9.611716466410007;
  -3.178143486921177, 2.160654645478057, 9.551894402955995;
  -10.02293546438664, -5.453761953770812, 29.56515457106104;
  -3.426126405527581, 2.132778250514608, 11.36929666537273;
  -3.369695010620811, 2.208894086990983, 11.64780729437515;
  -9.361585671525877, -1.271538457466751, 30.5648369872407;
  -3.372979881022666, 2.173483749477036, 11.67286703602852;
  -10.12362696694649, -5.735473828442916, 33.58438017646108;
  -9.82691291049818, -2.208056597719668, 33.26817862494469;
  -3.354188260713582, 2.122916440592211, 12.1128354973115;
  -3.545034963637574, 2.175011292338283, 12.79548003481018;
  -3.127899466718994, 2.11385893117289, 11.83677886881205;
  -9.948582940011434, -7.968266579740312, 36.11056418622849;
  -3.514237398866372, 2.097536221614381, 13.62443638058387;
  -3.558256160022156, 2.172358488017272, 14.68102529559338;
  -2.564739763186784, 2.173450370191906, 11.72733754293146;
  -5.772495647420573, 0.7758221338843639, 25.90796696136198;
  -2.084908932684234, 2.132237404188322, 10.29660746422757;
  -3.044150839082875, 2.082795117164387, 15.13083752603502;
  -2.566302099553061, 1.819380192402777, 19.31213616538586;
  -2.028390025461748, 2.115530446400133, 16.78538127326045;
  -1.898523371675183, 2.224810162977627, 18.17120923821228;
  3.321888406303611, 2.387578311503068, 17.96447541122393;
  3.192752713414373, 2.277351800177544, 15.74292198397753;
  3.088760771935913, 2.184423942115205, 14.35166957068731;
  3.057929272977601, 2.236481373663804, 12.72868173132168;
  5.589594993104049, 1.860229318471714, 22.34868925203333;
  3.146668799021103, 2.115174771006104, 12.92417397639806;
  3.015629469594459, 2.139823400974007, 12.36864823288718;
  5.705886892721122, 1.834850747175053, 22.41399862726458;
  3.026747907686413, 2.227732785325968, 11.99874278677766;
  3.031260539629717, 2.154367710494728, 11.95065189247674;
  5.198156037379731, 1.928653269545514, 19.7493129615658;
  3.378916284295573, 2.166823196316031, 13.00315941371747;
  3.053587280362036, 2.1725096478302, 11.82481915397313;
  2.98296341104097, 2.189336107952099, 11.45979920418859;
  6.123815968804138, 1.756200338027773, 22.2550137378354;
  7.751516374671957, 1.430614116170062, 27.45714036884071;
  3.704442406549858, 2.232691130854958, 13.57068690711497;
  6.36062871989477, 1.74561344651881, 22.35259027933119;
  5.476459747657401, 1.895801903084518, 19.1476579107347;
  9.424998000807154, -5.906010872229439, 31.81487344545191;
  5.771971817480458, 1.897729116700137, 19.85073456459165;
  6.988487754154534, 1.650411512424933, 23.11132230062391;
  5.525538763719029, 1.912738369089576, 18.47081756236554;
  5.545663332083739, 2.018438684488243, 18.40016097503716;
  6.960851846869226, 1.732536394503606, 22.6725822094649;
  3.049275667336155, 2.207444494752133, 10.40134212075502;
  6.142459283157269, 1.763097247521907, 19.95596649841868;
  3.144809640361685, 2.167780970766024, 10.69052668775342;
  8.172337061712268, 1.263811622590338, 26.11881936482822;
  7.188893395589871, 1.674892731970916, 22.90739570175532;
  9.496345359248819, 1.053261064947894, 29.88084262386176;
  9.885773382398927, -4.731921525660594, 31.05714861784239;
  9.297475502584721, 1.175243868003521, 28.88596347903012;
  7.134131190518754, 1.539017790372776, 22.32489600900044;
  9.523107394809076, -2.123517458709263, 29.46453054939011;
  3.30356554971344, 2.15607852703077, 10.85528313435932;
  3.05101782061731, 2.207559852945517, 10.09599105021598;
  9.203676060163797, -5.634708868293398, 28.41720399351362;
  9.408997752301593, -5.702173143995718, 28.50363815717268;
  6.36580148162833, 1.72822118939959, 19.55865390199555;
  7.173464600190463, 1.66461478549495, 21.67291542633976;
  6.7749930834362, 1.723347371552633, 20.10411749574095;
  7.654850979679917, 1.312766845491652, 22.52924747583129;
  7.639102459399735, 1.711554390846413, 22.46863058841445;
  5.418389327863752, 1.966840585435108, 16.19174546079736;
  3.126283446125117, 2.159626212090774, 9.748020367267605;
  5.034698371286797, 2.043183861761489, 15.08660768243951;
  9.864084060205309, -6.070385057363694, 28.44779580821988;
  7.795168521167485, 1.398110460618494, 22.45511510926777;
  6.989222803267479, 1.8041780352722, 20.17111919207123;
  8.251359927808222, 1.35798740136989, 23.37592528401117;
  5.137753272239189, 1.946148221651415, 14.84255839016563;
  7.204268581008098, 1.617686916844413, 20.19754335557244;
  7.798235670308927, 1.396605124577386, 21.71137600714967;
  9.484882045243174, -2.055509604645193, 26.19499593508944;
  9.689746665856344, -5.873682464713757, 26.66392710272792;
  7.118120969457072, 1.726385430052389, 19.67778118673884;
  7.190025818121429, 1.575657719640156, 19.71119097541846;
  8.268977630696979, 1.500748696339233, 22.25872958725227;
  8.26142069571201, 1.555743457115634, 22.0499875928427;
  9.965980918865073, -4.595081084381346, 26.39116278382004;
  8.886860789621421, 1.150559737158384, 23.55629780640934;
  5.570227976805696, 1.906637141634058, 15.04471588403636;
  9.578063254671315, -4.503935111809465, 25.15171574464657;
  9.341945485313572, -2.05162615267184, 24.41704766289848;
  8.465059706668944, 1.512782694711187, 22.03978707115633;
  5.653348395338159, 1.890263471561502, 14.93475220721088;
  7.695214682270114, 1.655372252993191, 19.79884763742714;
  8.580372942571859, 1.633339780919589, 21.77039667906174;
  6.239874462149605, 1.750273837196255, 16.07073161855018;
  8.622629994683784, 1.545048261942194, 21.68778922564618;
  8.769955893534229, 1.499293381382363, 21.91412035355426;
  8.716144010767911, 1.260250861754072, 21.73506521442567;
  6.162562147638338, 1.838667866626488, 15.60474091426815;
  8.152426632000005, 1.309031266969384, 20.24542282788872;
  8.791633121818787, 1.36402614439471, 21.72474014356583;
  9.099592368126274, 1.547198492601281, 21.92534184637259;
  8.576797260519614, 1.687952099110541, 20.40556135938693;
  6.299260361494032, 1.711766912396946, 15.24122395499262;
  7.976925890769107, 1.824663521617063, 19.00676882966607;
  9.308397370963276, 1.72476079387759, 21.46848283601962;
  9.566210981886158, 1.565883173115516, 21.96327281848283;
  6.585599266657058, 1.799862677208304, 15.41028373051319;
  6.580154320214106, 1.72701998142172, 15.36352639464773;
  9.581947976345408, 1.219155747469384, 21.55682052339034;
  6.859196030071906, 1.692941292432598, 15.66760511816206;
  9.718538501517624, 1.686662140925675, 21.68871535704604;
  9.747242071761686, 0.6861704757725674, 21.74513356943712;
