m=[-3.195613330791071, -0.7718179950091141, 11.53804918450325;
  -3.321773241536477, -0.6311783715998642, 12.15167807843328;
  -3.346729764990596, -0.1910287187584961, 12.24827703731576;
  -3.337719847043456, -0.6490885398667645, 13.39193731504969;
  -3.291569220644028, -2.681536290655745, 13.27159902947821;
  -3.30574417883132, -0.1830711477445361, 13.32359370096051;
  -2.028160033261849, 0.2725842583471329, 9.102735860456233;
  -3.33964540891623, -3.46219740848319, 14.97425431774746;
  -3.402999918518015, -1.952453582326736, 15.46601557471415;
  -3.317715019812585, -0.2252145883660538, 15.0881431065073;
  -5.02629105127135, -4.797237938585213, 22.49479805974151;
  -4.104619135508782, -3.185372304181394, 19.18647106377414;
  -4.545153526272475, -4.12510958434152, 21.78835445401631;
  -4.559768830731896, -4.800991521542972, 22.19768489353102;
  -4.433040966310498, -4.637481396619766, 21.96497279322198;
  -1.319855936622337, 0.2740988439297415, 7.621002065171096;
  -4.322948828114133, -4.620028734312263, 22.76444278804222;
  -1.258477817952908, 0.3418977639170974, 7.603418691796879;
  -3.767391746847632, -0.8663546595465108, 21.2304680586588;
  -3.344991701696931, -0.6183289074180887, 19.21699391184108;
  -3.431801989454173, -0.6494493768760026, 20.51219577157135;
  -3.402417953924068, -2.254870909173383, 20.45103668141355;
  -3.267775147881823, -0.5715629728691435, 20.80079094945711;
  -3.469494557697606, -2.731776308431783, 22.56917172688956;
  -3.429025103871544, -4.605615038943034, 22.52509541716342;
  -2.886619964551718, -4.206237963304167, 19.6656744098056;
  -3.334897140117532, -2.011197956318862, 23.13785673268443;
  -2.657944427242995, -2.581356016853692, 19.20225978501125;
  -3.154102800012714, -0.2252706281258063, 23.04226196667259;
  -2.726788689274568, -2.866873830771105, 20.38724169854781;
  -1.089719175552846, 0.226012052446161, 8.778809156853416;
  -3.561703097679501, -2.505734957119598, 26.46192251296053;
  -0.8722674717808827, 0.2328221119723581, 7.719588820293557;
  -0.8745476114926962, 0.3419588835096993, 7.748734844839473;
  -0.8263317843250646, 0.5424217646774977, 7.711631830376061;
  -0.8572418633355173, 0.2514203061996225, 8.029834972689269;
  -0.8219237183587089, 0.4014318340645739, 7.71635703322435;
  -2.673745955874039, -2.499766763505179, 23.87368270980416;
  -0.8223041548404498, 0.2872884363348363, 8.337084050811715;
  -0.9804607410672717, 0.3982768546409438, 13.00019898038805;
  -0.9292512647015673, 0.1672562150895831, 12.83525060434981;
  -0.06761629419404029, 0.6942664694499038, 5.828510900968487;
  0.09755563499908262, 0.6894974011514878, 5.744520942969968;
  0.2068942782856814, 0.7177749053475845, 6.436627871501209;
  0.9075010771522987, 0.6901266051148214, 8.602897771035352;
  0.9320066817152589, 0.6765765981939119, 8.409262259648488;
  1.273385051361984, 0.6236990223500545, 10.44369439819904;
  0.9338707277580388, 0.6661760159075588, 7.250011583749616;
  1.652342201207683, 0.5105431294502097, 11.62871478438832;
  2.055663860875238, -1.99399193840924, 14.06766376326994;
  1.669325511165188, 0.5461021537714008, 11.38387651644257;
  2.062271099269593, -1.794574305970907, 13.75875064925031;
  1.723653266124403, -1.259782682872619, 11.58926111007644;
  1.750196417679118, -0.01002011084892907, 11.58933814097382;
  2.120740013266302, -1.686984336867673, 13.83658801793453;
  1.796877293284604, 0.3531433095322045, 11.66987771146602;
  1.686781716901723, 0.6017971888996725, 10.8499300325976;
  2.01166327862126, -1.06242386422644, 12.73808657427899;
  2.245695684880559, -1.651029194288679, 13.99487024255928;
  2.289417794799753, -1.455529569022667, 14.11057966394763;
  2.275902482848235, -1.274106213790823, 13.93770529239748;
  2.288146505825186, -1.178472336346848, 13.95824714511733;
  0.9734189094891922, 0.6903637040558693, 6.487636303277252;
  2.229511802481148, -0.8328860010542039, 13.58132920390297;
  2.296782031059754, -1.688012428814389, 13.78187990247929;
  2.292930937765423, -0.9153754063719859, 13.74523471240916;
  2.303063693928335, -1.457955743120718, 13.78763264465335;
  2.318598400140516, -1.763479965783402, 13.87162232348262;
  2.280299794025335, -0.921648621588165, 13.38947581088585;
  2.353846198473484, -1.442231837356528, 13.67069566794558;
  2.378819703423246, -1.144223861848429, 13.46882685453995;
  2.422664815711124, -0.869516980078535, 13.64307498924138;
  2.761164409054161, -2.19506844953288, 15.1299566127416;
  2.479829897552109, -0.9113748538360689, 13.67171919293135;
  2.038645211334263, 0.1966195064105638, 11.40857656204773;
  2.48440450598148, -1.325556081550382, 13.65991725483189;
  4.297207771391252, -4.401258201295679, 22.82747257747295;
  4.354850924876846, -4.596229637493387, 22.89624424579699;
  2.601320632302756, -1.065222761397329, 13.98974627955209;
  2.452032088232437, -0.8664552187304525, 13.2153093311587;
  2.779983327314718, -1.326001033020204, 14.7860405592074;
  2.738875305260444, -2.14052459779467, 14.5336748884903;
  2.96906965433259, -1.529780122015826, 15.49529832511359;
  2.164807778442881, 0.1991422316492658, 11.50952154967846;
  2.135939278150987, 0.3281911799508382, 11.34334402714129;
  2.953647093094876, -1.700683352583201, 15.32413753830166;
  2.773041254904275, -1.146871219545854, 14.3140551410329;
  4.480742133556728, -4.723247808125003, 22.40997448875512;
  4.442899587794859, -4.487152931605794, 22.17583716191285;
  4.36963957510956, -4.37665566872877, 21.3152009839231;
  3.013273686781901, -1.975907276171292, 14.86142558113258;
  3.014118574565389, -2.118422166387486, 14.84200600630902;
  3.090125704734401, -1.990743080706662, 15.07634459914742;
  3.053222173148187, -2.076519103907551, 14.81594539610675;
  3.042433946441914, -1.548292973965564, 14.69346077036235;
  3.031741046804741, -1.473061866604433, 14.52926487129528;
  3.031158137639133, -1.54999667265051, 14.36586051284794;
  2.93530885282796, -1.07111483970152, 13.93895943635793;
  3.065348061590929, -1.674116760418889, 14.5025025007312;
  2.947055640611128, -1.134036325061411, 13.90458189264655;
  2.830875664193405, -0.2351460699278996, 13.30768320997545;
  3.010944887652284, -1.310071677485382, 14.06732276202223;
  3.013603755274868, -0.7861439811177775, 14.05940522537823;
  3.02086101376732, -1.887532601045224, 13.9643026185265;
  2.922783551682674, -0.6767567133810776, 13.49337124794288;
  5.059233367179233, -4.5029338697325, 22.56566944166741;
  3.261840585435866, -0.4584248730774111, 14.72928602091765;
  2.886797043982322, -0.1641979947696077, 13.07648115710201;
  3.091467909337133, -1.949831440938472, 13.58541286821158;
  2.93896903549112, -0.2255959926959298, 12.88731654428492;
  3.121039882910955, -0.007582438327944628, 13.55092211149063;
  2.436570621406922, 0.4273945433185654, 10.50708158581026;
  3.05479374067316, -1.88398226871764, 12.63484578299315;
  2.951526953715352, -0.1375300486271562, 11.99151412109542;
  2.978928566460961, -0.01412966461558203, 12.07922434060596;
  2.83725748392307, 0.2920612651344543, 11.44253574695001;
  2.86082488888675, 0.1482463576617327, 11.30765554361429;
  3.086729336765635, -2.050146777003436, 11.71809489260392;
  3.042817949690694, -2.06820732783694, 11.50665436839721;
  1.752423818140426, 0.5832104417072714, 7.006657082990757;
  3.393893629531265, -2.867958634047044, 12.62696068678563;
  3.011034495522666, 0.3347075361546353, 10.92424941354216;
  2.997843608456835, -0.6775312603717533, 10.74343763446425;
  3.019683349830149, -1.863644102495851, 10.78796381677816;
  2.477245908712213, 0.4571986686125276, 8.774810676514388;
  2.615493087426242, 0.525074165754771, 8.918676025545386;
  1.781894555884914, 0.6168435898004325, 6.230139353015349;
  1.818519780475051, 0.5978993047490445, 6.254180478384139;
  3.140813191287081, -0.2577168739833259, 9.870202097359163;
  3.149996405041147, -1.507776399295798, 9.896029649153489;
  -6.988966660186695, 3.222449326468607, -18.50765703058189;
  3.008064563841785, -0.6707556003962042, 9.306963217086665;
