m=[-6.686367051188125, 1.772008781065188, 9.273823710651492;
  -6.905868355624987, 0.7168065095760078, 9.745545010395556;
  -6.608787079893965, -0.807967889533783, 9.775543437054507;
  -6.013363580610371, 0.2026158548056708, 9.619698693336767;
  -6.009062926864295, 0.2135850330138129, 9.752275810897519;
  -5.825934829087558, 1.75263066083278, 9.511440478651666;
  -5.899270368810487, 0.2344560446720966, 9.653827925688914;
  -5.969450708243803, 0.279491899452517, 9.827601312072197;
  -5.963531185111997, 0.1239892928478684, 9.829506640919158;
  -5.856696118019529, 0.008001166590989102, 9.744901714211501;
  -5.883649846001692, 0.1954978656798223, 9.7883669253701;
  -5.708740836135984, 1.685101931653165, 9.574205904967961;
  -5.657646036099711, 1.735242910785532, 9.615207743804946;
  -5.626531322750465, 1.792956165808434, 9.562604741152248;
  -5.656975029251747, 1.865015709606728, 9.664376894727662;
  -6.283218205974817, 1.642034747757475, 11.100112125751;
  -9.318552994039012, -1.556313872724218, 18.43976106830467;
  -10.13858057313508, -5.390720047094433, 27.09799466881457;
  -10.10811501313459, -5.39243434599448, 27.57198582534074;
  -3.288448198303684, 1.985199194831223, 10.412226329312;
  -3.057264882975, 2.031579369212366, 9.827397137510431;
  -10.36236365515916, -5.458709125189633, 31.33711768528675;
  -9.825548339042163, -5.681058570096389, 29.85296990150723;
  -10.2414937592517, -5.707877878879539, 31.69048828722404;
  -10.06685985522713, -2.211689291046203, 31.81533575491147;
  -10.16675876270696, -2.383412835702062, 32.26089114868945;
  -3.107464541987434, 2.056923027832987, 10.73521102872326;
  -11.08110027834847, -2.592234785041133, 36.52702773022985;
  -10.80246756492432, -2.553187194448763, 36.40617979797373;
  -9.804779807689329, -7.784695565929624, 33.38475017053313;
  -10.75325374913587, -1.995502129235925, 36.88384904195482;
  -10.68487199128941, -0.5338781115602098, 36.69754126884376;
  -10.39167366041081, -4.541909037158461, 35.71511094209664;
  -3.108238995489122, 2.069681398765618, 11.57882413137601;
  -8.276578283997283, 0.2307457366144615, 31.12373851572873;
  -10.44382045018241, -8.339889409381012, 39.36454245379197;
  -9.650012533175358, -8.897447935706287, 36.40833270197852;
  -10.71073095332431, -6.00164498674644, 40.65720667761606;
  -10.349988026508, -8.330823936917641, 39.32059787240723;
  -10.49583455811937, -9.467768353650845, 40.00985187279512;
  -2.798262210196219, 1.9084158262875, 11.89603452913081;
  -10.59633267496383, -10.83926773571177, 44.97753099130852;
  -3.887060967185422, 0.8194672793637555, 20.2603852171086;
  -3.81642066546191, 1.045477993980443, 20.76857271928888;
  -2.275311053959966, 2.156117376979486, 14.79165688030415;
  -2.042514998663314, 2.096784137879477, 14.53992081130077;
  -1.712726568719566, 1.987829138036647, 14.21935277079517;
  2.794415402381246, 2.031174336332278, 16.99731791319187;
  3.052048191711054, 2.237754693066684, 14.74226253882232;
  4.785194372751033, 1.796715823784098, 19.75857990889035;
  2.873030269163813, 2.068713775807057, 11.57962896343268;
  2.896959210850258, 2.069816219459099, 11.29475453007474;
  8.341634349797289, -6.217295113399389, 30.44663758597604;
  8.298896863876109, -5.528127431571832, 30.02686647652471;
  8.289383870073749, -5.619213615962412, 29.78276986676662;
  4.911344735078544, 1.831300741313553, 18.0685321672451;
  2.964162340357617, 2.073632045301987, 11.1355696692407;
  5.268424394891142, 1.353302891695918, 18.80675869910577;
  5.146684841537842, 1.628357679012704, 18.20284178822737;
  8.418483628899359, -5.189921131580591, 28.45431603500309;
  4.949671118861047, 1.877338059761768, 17.03962315961869;
  5.694927662583795, 1.710337620005292, 19.32456446104444;
  6.531457255235643, 1.235916333452803, 21.88240705979043;
  2.882747172362459, 2.140302032901572, 10.16699058157903;
  2.979135912111112, 2.040474929963482, 10.42087415113812;
  5.399372053261287, 1.573662141201162, 17.99416930649394;
  2.909663999143329, 2.027080100632382, 10.07577646176998;
  2.858748091430186, 2.05758123754089, 9.905752430239396;
  5.897443809077134, 1.665853451992835, 18.98545205938497;
  6.400896789903218, 1.159485306864411, 20.37827379962026;
  5.102664223741946, 1.668458515541163, 16.14792277482935;
  5.228508266980259, 1.847270283713282, 16.4789689138917;
  3.246795360224525, 2.108684478073803, 10.58268333301823;
  7.011237610184926, 1.370589273421121, 21.45996075225475;
  5.122274405933894, 1.714376772582782, 15.92398588349277;
  6.16599225412149, 1.483998291818967, 18.73223674094414;
  8.852837853922814, -0.6916008955990538, 26.1518802683419;
  8.793948940404885, -4.194219904861488, 25.97469356025126;
  6.746890388516142, 1.2095258576015, 20.15532656233728;
  8.486266998966894, 0.9903063305490677, 25.05936352494587;
  8.174418739895026, 1.204075501786879, 24.07163222996154;
  5.427625192521428, 1.911079047727602, 16.2514744006713;
  6.993022379937316, 1.220509773079641, 20.4841918926769;
  8.351165356609732, -1.838054852197722, 24.20086402969042;
  8.300717311069139, -5.075714924416981, 23.98562717171321;
  6.530655494022231, 1.563289849124311, 19.10590991035765;
  6.481323331321785, 1.646539480000364, 18.93355947391338;
  6.817245469161909, 1.19087426776808, 19.52880009306459;
  6.803626656891717, 1.676062415507405, 19.4628283641706;
  6.557664339569318, 1.542668924647258, 18.69595892928797;
  6.900104987813493, 1.642025252979216, 19.0701379742344;
  6.941884885446979, 1.222387232905415, 19.14291458169899;
  11.72078998334375, 7.74052504792561, 31.44801193001309;
  12.58514733935372, 8.326711739321329, 33.23388484576449;
  4.890830473980818, 1.898925519026792, 13.53310451189465;
  6.399844752308551, 1.6546096097694, 17.1661107137462;
  5.323366942055999, 1.900308942440997, 14.35162582254372;
  6.932120975508122, 1.280648032811866, 18.21330643769387;
  5.374518043892061, 1.889007587362668, 14.17217698406286;
  6.980182943144321, 1.207651557576124, 18.03503492377132;
  7.182301072580987, 1.32234828399541, 18.24206249947204;
  6.660265001314358, 1.52836909808092, 16.90040317670044;
  8.883821101380221, -4.152048241659898, 22.10097259266674;
  8.267292104151748, 0.9935470627997545, 20.44572226296723;
  6.664483258278424, 1.65117629988249, 16.61593161309401;
  6.55463788403106, 1.647532539786732, 16.24698518583501;
  7.400815178288072, 1.369140138413342, 18.18572920284451;
  4.914796477599493, 1.895828262968085, 12.41587492269048;
  8.328204197499312, -1.807442831170848, 20.08849879298753;
  7.50429705494504, 1.207961536693704, 18.15221003674804;
  7.59830251818051, 1.384712749121809, 18.05073740409542;
  6.880064948981461, 1.685870212866208, 16.44249582392004;
  7.853171477140283, 0.8808612296293783, 18.22353184855008;
  7.920016859896515, 1.544562686205629, 18.33442956348689;
  5.202692449030316, 1.707556937445268, 12.32459090763206;
  7.935782526854953, 0.940053448375511, 18.24139654712291;
  7.957396385541972, 1.141356712121374, 18.28556859101877;
  5.2714004073548, 1.839281668805793, 12.39716087502088;
  8.021349780008579, 1.195965776908742, 18.24057711587616;
  8.095150677740804, 1.288387806065175, 18.23993299152766;
  8.077239982037435, 1.453024814292093, 18.20052034936481;
  8.059628479488868, 1.119521020980613, 18.14580743641932;
  5.489526445235649, 1.860273392564787, 12.61900150394099;
  8.175368393422293, 1.215526960266726, 18.25730692934865;
  7.380243854880269, 1.671799138575332, 16.39888545186177;
  8.379685141658978, 1.49701138560526, 18.4358404571309;
  7.468113353707521, 1.62159996714512, 16.35932685392059;
  5.805592880413097, 1.766600892449739, 12.69787917398165;
  8.737205635345656, 1.474435113093732, 18.30786032622485;
  8.808613708330203, 0.5236651390579429, 18.19004755412809;
  5.923133074880652, 1.639121545300052, 12.55753786362608;
  8.791416899219101, 1.399496560460496, 18.02800128569988;
  8.849552760825279, 0.3762900705834192, 18.09930455752435;
  8.783985976441446, 0.4182026677290895, 17.86100790870419;
