m=[-5.726013723593438, 0.3698098412065034, 8.354088431920605;
  -5.638452296402704, 0.2268034449183047, 8.247003773323613;
  -5.6440630626153, 0.2642854372408738, 8.321439497703603;
  -5.668333283139792, 0.121915856257293, 8.367259728557748;
  -5.602375147491165, 0.02796820783783322, 8.341724711633512;
  -5.624445545235632, 0.1909522377717897, 8.376358461472242;
  -5.454530608987895, 1.610413985619648, 8.172153235582474;
  -5.355086288529193, 1.712576369065156, 8.132729038756077;
  -5.469563488031619, 0.04025403869169, 8.311554899279864;
  -5.2934232901366, 1.746300517713111, 8.088356100023582;
  -9.421195492127028, -4.986058202512519, 24.08140310866496;
  -9.134421170583657, -4.824776311051561, 23.81861181600026;
  -3.093999176120318, 1.863110517381595, 8.831442911908988;
  -2.864133368122636, 1.889808759730353, 8.450897860400664;
  -3.042661637903736, 1.812634174790473, 9.007229665925467;
  -2.96366197896941, 1.841532983880225, 8.920623548910337;
  -9.388472545928764, -4.919094824122647, 27.2694263387781;
  -9.422714329514967, -4.068201106689037, 27.39243645323784;
  -9.334394365801725, -5.375803022151955, 27.20489516060107;
  -8.981574906072584, -2.910591043480975, 26.68253430599895;
  -9.052881646621671, -1.975177976453478, 27.49614442029318;
  -8.284069334783716, -1.936324241561669, 26.34586133743114;
  -2.856588728515001, 1.896098043151269, 9.689842548429288;
  -8.940873563299267, -2.111449090466535, 29.06499783503974;
  -9.303762458629473, -5.330086627954925, 30.46103482485616;
  -9.518076871421803, -7.548467809858042, 31.22788861655748;
  -9.363642241491267, -4.087772320416806, 31.03087391290299;
  -9.500220849811294, -5.264053252530323, 31.50233685151306;
  -9.141755031102591, -0.4662487116594422, 30.29428799789121;
  -7.270518078554412, 0.1953186162057274, 26.24400038645938;
  -9.538365743962928, -1.797991675847858, 34.86436123451985;
  -9.439417320267831, -7.567723597882592, 34.64779680830664;
  -9.54029698998206, -5.325833152848991, 35.00234454079318;
  -2.440423674956373, 1.857415757299803, 9.65444825439482;
  -5.858858981098671, 0.8026815041596731, 23.02170641076995;
  -3.460992279931227, 0.7173807206552909, 16.99364523786232;
  -3.332290443276051, 0.9003359252726966, 17.10144827093434;
  -2.010092254452662, 1.539962575413161, 9.787916853374981;
  -1.768739501669103, 1.796104197700466, 11.62635521598607;
  -1.561851551442177, 1.789064317704132, 11.93392854978748;
  -0.2113944621275855, 1.831503949078924, 12.66873446495976;
  -0.02485214308408854, 1.852307592808342, 12.80355212504933;
  0.07591408620128877, 1.398627436044612, 11.09685922993239;
  0.1731747497325794, 1.692610661692192, 12.33672854804479;
  2.690781703000212, 1.923875636442294, 16.71544794499197;
  2.676300089140435, 1.941777675036889, 16.36504308594744;
  2.660596139117189, 1.88678990374807, 15.93594336222141;
  2.792999318930855, 2.031087202907706, 16.13153252720165;
  5.368772240393233, 1.53878800218614, 21.25830107043001;
  4.850320616938959, 1.813402371263187, 19.15426049898114;
  8.265199929492527, -5.176954678065344, 29.82583485594264;
  8.333645588267727, -5.613990686860759, 29.38351416414452;
  8.450222343946354, -5.79392620097622, 29.57872032001463;
  6.778045370190821, 1.408550103676919, 23.75787858999604;
  4.927022608880162, 1.825853536656859, 17.22929945275324;
  5.296640337069221, 1.791276089104098, 18.43949032189004;
  8.700058735831716, -4.217316487680992, 28.96958166474044;
  2.864229014533216, 2.04569755726131, 10.22388441818332;
  8.165058062763251, -1.85774561531179, 26.91308984293501;
  8.256384905724071, -5.149933856791765, 27.13528809732495;
  5.682361031886677, 1.706337358721415, 18.4087431158706;
  5.389367244479559, 1.571392537406675, 17.04757078166519;
  8.482000931748317, -5.317277805088793, 26.13515367943432;
  9.670256152764672, 1.696525133530558, 29.45213523951648;
  5.820805627693341, 1.633486913840242, 17.85904731082171;
  12.53360579624102, 8.667304842106232, 36.24837324760209;
  5.254941697820491, 1.699024788727967, 15.8046973518091;
  7.498324658474011, 1.432279511567378, 22.01217186254054;
  8.628958530952538, 1.159180515156178, 25.14386815820025;
  5.260352845185564, 1.702114989829806, 15.69392187820212;
  5.121053929392121, 1.79080540808695, 15.23526702782967;
  8.787130959014826, -4.242229620001181, 25.12907015228453;
  8.809021071992397, -0.7196903761565349, 25.19655885651573;
  8.509594277587409, 0.9720476062124253, 24.28259483487984;
  6.45708957308328, 1.535511291833328, 18.67393132483356;
  5.148822077060885, 1.716813579997291, 15.08242586459246;
  8.891233782599837, -4.208207773620564, 25.1238124923469;
  8.741601226926173, -0.6385336924585375, 24.71830301125084;
  5.046283947576734, 1.837882244400687, 14.54115955371813;
  5.530464520919411, 1.7270606916617, 15.80454373661272;
  6.679172667177306, 1.583063872972845, 18.62178634687934;
  5.213018586471843, 1.821513032467736, 14.72022593508965;
  6.787275887456501, 1.524793187767287, 18.81906305047427;
  6.359873439866833, 1.602363810985928, 17.69633771941473;
  5.513465218835787, 1.692420644350258, 15.4798387336233;
  6.836812367743135, 1.681399643898269, 18.66436960794664;
  6.352312560565991, 1.475410336620909, 17.23373517968759;
  7.244388707559395, 1.244671848497688, 19.03413839888701;
  6.92399583346526, 1.62878101027258, 18.22938772329031;
  6.70144017430176, 0.9507041958296837, 17.55574820404123;
  7.270658195245233, 1.34513954575252, 18.69752152317837;
  7.476503544408431, 1.480582642392353, 18.97670039463767;
  6.020056683435172, 1.661221031046607, 15.44523742247809;
  4.956245441849138, 1.904439420890437, 12.74653760908788;
  6.170427714224062, 1.691804781204025, 15.61852636987068;
  8.756469406970094, -1.899372905858356, 21.61432124316396;
  7.001283459851606, 1.279584829004629, 17.47645770591867;
  5.284238543665578, 1.874506023597564, 13.31036643978616;
  5.484434996259696, 1.912936484499298, 13.49651075263194;
  7.15004660681425, 1.294995873807193, 17.25061295378928;
  8.345902143388649, 0.9871522926144025, 19.73684045644586;
  6.489164425241697, 1.47744505514784, 15.56822851063815;
  7.580325183264871, 1.542337569491224, 17.94879722574233;
  6.608347976590031, 1.619624566171563, 15.55610009387051;
  7.532209016656963, 1.372456436895102, 17.5769880232044;
  8.53579663324035, -1.88561052601486, 19.67322200213817;
  7.562321381285503, 1.003350633076372, 17.38089336480434;
  7.816702188000161, 1.327317704061798, 17.89925125011407;
  7.698107874170663, 1.412570377433698, 17.37212275057753;
  6.930341511105673, 1.679965519178906, 15.62541079202486;
  7.893010491031015, 0.8622578337055302, 17.39552393954652;
  7.81115395828691, 1.505618176289808, 17.17875573559899;
  7.936546083958118, 0.9164090407321627, 17.32669101069703;
  7.934360356831959, 1.11421928734714, 17.31840408196796;
  7.974979135390465, 1.244861878037929, 17.39933709705598;
  7.100681823631116, 1.554972024080291, 15.56310205893579;
  8.0266876780374, 0.9814605996877107, 17.34030405498809;
  8.127203485060315, 0.9119369907986764, 17.39281407481882;
  8.094905302543163, 1.259168643992527, 17.31996738974402;
  8.083581886815242, 1.434518348128095, 17.29572394815509;
  8.095684958305636, 1.103540696567503, 17.30490472001828;
  8.168642452394586, 0.8541498814242934, 17.34354986207246;
  8.173882205229575, 1.188245321949427, 17.33523706426149;
  8.396207546902405, 1.481543677669495, 17.55318173181992;
  7.592767231358535, 1.63377947022552, 15.68533901465685;
  8.743336052273195, 1.431285110712602, 17.39676906551837;
  5.725575964119581, 1.595612905163263, 11.69830271503978;
  5.814766531386962, 1.759745509222115, 11.76034460534988;
  8.717129665933729, 0.4863874704054843, 17.09138070071912;
  8.718599420618721, 0.7310564118364562, 17.08910182135528;
  8.779544158947157, 0.3502191997989048, 17.04354642674447;
  5.95527097829836, 1.499202007935736, 11.87005607864451;
  8.904268725003281, 0.6220562780801776, 17.17349614122722;
  8.837988346982334, 0.3954530617962768, 17.04341010640847;
