m=[-4.556196922737364, -2.597261893314507, 12.71376394017848;
  -4.525965099524801, -0.9672865533213536, 13.18361165955789;
  -4.34395745346468, -0.0611946482095209, 13.24094580729731;
  -4.384390619327341, -1.020090498219935, 13.68811264185398;
  -4.557772188862695, -2.586046773880607, 14.33809660124516;
  -4.623368895903444, -2.530932976509812, 14.74384883313864;
  -4.56825290812115, -1.974164473334735, 14.55978243580836;
  -3.56432204598345, 0.1031934265601121, 12.31951708757333;
  -4.612549734282572, -3.655324960086559, 16.30770153741551;
  -4.626900054210096, -0.8562854239758976, 16.32662713433286;
  -4.547267163005695, -0.2273833435926262, 16.12214272113387;
  -2.92299102130488, 0.402320312024874, 10.9393996213498;
  -4.583872820181098, -3.130289816199817, 17.81460439396813;
  -4.681380992793876, -2.598881751971799, 18.8904623370458;
  -4.606787611207922, -0.8850924236269483, 18.57648646027722;
  -7.185782599057873, -6.682902626610381, 28.87750524898722;
  -1.851372828563031, 0.3838445539234007, 8.530279981097408;
  -6.640228972593699, -6.267192260754174, 28.32011830359605;
  -6.332553689677855, -5.580893632390286, 27.7026499504714;
  -6.427693244034202, -6.111725388648633, 28.13695248316479;
  -1.739624002896252, 0.4709155853963102, 8.385315075988531;
  -6.380466426601616, -5.935530118075666, 28.19810468167938;
  -6.344737039191663, -6.478367989225784, 28.18008694313332;
  -6.211446786491484, -6.535272288503904, 28.09458129834535;
  -4.961060754869533, -3.302650669348174, 23.22964374637093;
  -5.960745224738426, -6.16798451821012, 28.63094922420563;
  -5.964902787034115, -6.75882470699705, 29.22045353422328;
  -4.857479861781748, -0.9228073799704613, 24.69792817794635;
  -4.762404560234812, -3.036134329021968, 25.85191695361605;
  -4.414281335619966, -0.840804816456276, 25.45091182269363;
  -4.71890725868899, -1.997067199369997, 27.28326755856493;
  -4.47180238512356, -1.897450408239146, 26.57996676121276;
  -4.582968011826776, -6.336764652454869, 28.10267571995441;
  -4.819255305563193, -6.881926347004413, 29.89500210006775;
  -4.685484101411112, -4.128926743668423, 29.0252335635503;
  -1.208685822386445, 0.4641038698604069, 8.478510065961865;
  -4.054169003314578, -3.838997773691846, 26.46449537018486;
  -4.019472598761507, -4.044169884091154, 26.96436905924294;
  -1.153325953204797, 0.7397931170274352, 8.534813580685984;
  -1.145927307029929, 0.5510693669156772, 8.500721929454164;
  -1.143874616709401, 0.4360000929995136, 8.74272171555744;
  -1.185466409792914, 0.4066808557237189, 9.497440702265676;
  -1.291777829946585, 0.2332338807884425, 14.32112551422359;
  -1.294362311205735, 0.5077110686662503, 14.44280859377547;
  -0.02135795550545281, 0.9285084940378171, 5.955781390305048;
  0.08445870760927443, 0.8697317790808798, 5.866343757486406;
  0.2319402476943134, 0.9415847489155993, 6.619474211457492;
  1.157983096612481, 0.9714773661448891, 9.802292997698203;
  1.16036968063859, 0.9199173060615609, 9.700712669804037;
  1.228258427263614, 0.9264617172653311, 9.729324644985445;
  2.402859140283224, -2.242333255394008, 16.88237322508541;
  2.054708240692473, -1.838387748614704, 14.29513133050815;
  2.049087196074403, -1.744438540257802, 14.06671163616427;
  2.241075245321325, -0.9459642740562005, 14.60405244807488;
  2.800783459988521, -2.816319738665658, 17.95813818001687;
  2.788956223400095, -2.521462807439824, 17.42487282025634;
  2.440586785280156, -1.83645435975174, 15.3537443655601;
  2.884880747853701, -2.496175928233567, 17.70696645660426;
  2.426389998971088, -1.845183985206392, 14.961314950545;
  2.444920355539424, -1.306238952844493, 15.08813433280665;
  2.460408438642095, -1.524767029712031, 15.15907563304778;
  2.30047019963509, -0.6055337740727189, 13.89043384009311;
  2.46919980640657, -1.372463458794355, 14.91680840810096;
  2.39268131994371, -1.404624522143139, 14.36826913642125;
  3.063773025932856, -3.856252957307807, 18.06790322566226;
  3.049999295235442, -3.704189761686515, 17.92433573514862;
  2.916355711857507, -1.847237832558666, 17.07986544820408;
  2.269179234817255, 0.4482688856185298, 13.46149007004243;
  2.776689411673445, -1.514843678174751, 16.23904657648214;
  2.38936099422126, 0.7858232740336268, 14.03871567391362;
  3.25005512883426, -3.52982876780602, 18.56905860327634;
  3.177516433956895, -3.777852147075798, 18.13697976661994;
  2.315286377424491, 0.8490249484539559, 13.49299691581949;
  3.124189473287121, -1.812260214726096, 17.85578575441095;
  3.050493110605045, -1.677240982097695, 17.10227192008739;
  3.177726775927226, -2.089063059736642, 17.73953631298542;
  3.336691315139561, -3.266303121993895, 18.51851266341391;
  3.409676021976828, -3.342286903855396, 18.87578363829943;
  3.323819623533558, -2.63540731475597, 18.15343014715686;
  3.182565089444678, -1.331820530161425, 17.35393081137557;
  3.457827071758058, -2.199379359062242, 18.67231248089644;
  2.616865241775366, 0.8897971379755874, 14.34468030203691;
  1.276570957817774, 0.9293846090680643, 7.378973990983263;
  4.131230901526881, -3.371773745109459, 21.42419390245908;
  4.00566183959587, -3.292875344710645, 20.68633662353641;
  1.301099845531856, 0.9243833648951547, 7.348958630446955;
  1.27097178856791, 0.9414119151469589, 7.20515886169154;
  2.496671304887389, 0.7473174348426677, 12.87243110924793;
  2.781829387442645, 0.2705636280137341, 14.13456577261444;
  3.826384849426086, -1.876697957737305, 19.00365237651318;
  3.839910669184843, -3.093382161757532, 18.97185061665887;
  3.41469089604066, -1.248545089091186, 17.00223779425557;
  3.660831366863102, -1.54670435272964, 18.07608580682093;
  2.912505489384452, 0.2026277858276307, 14.45892859206356;
  3.690549385173623, -1.420975743291112, 17.99225528402671;
  2.652688467505474, 0.1367172468210737, 13.2156380921414;
  4.181233737073765, -3.209709589563159, 20.12277093390991;
  3.894269795012782, -1.685652653885112, 18.77834127992329;
  1.133818194301424, 0.9504990130832293, 6.142349828291949;
  2.947840074404905, 0.4605828521857204, 14.18241206556857;
  4.239843327548436, -2.856690902885878, 19.54944744164728;
  4.186161065890165, -2.92893713197854, 18.95591623760419;
  4.208231004480409, -2.213863395119455, 18.95823319916969;
  4.26495276747714, -2.247774774038025, 18.80070979189879;
  4.251844758487773, -2.391740637722104, 18.71500659073006;
  4.29862075369727, -1.906294478524964, 18.61689246451169;
  4.206932100056688, -1.141862696698887, 18.16689674704108;
  4.176516302487275, -2.672883804757416, 17.87946427186853;
  4.141328588343365, -0.9978966801575095, 17.64643829237317;
  4.140610713143208, -0.6065055715167506, 17.39994119937516;
  4.063166523407427, -1.135319061236875, 16.86549226501202;
  4.097441559587722, -0.6012803919172824, 16.71795679591095;
  4.284233697130611, -2.765621836497147, 17.34953691362156;
  3.942097207795202, -0.1834495720199293, 15.25328936574635;
  3.486719471741712, 0.6005656588728462, 13.52960467143602;
  4.1906235395529, -2.181335511782504, 15.82649935334587;
  4.14562063736278, -0.2715664832004701, 15.68857984431319;
  4.110177173281083, -0.1125570297095258, 15.41894696132061;
  4.068239837164225, -0.08638333885516368, 15.26596513193791;
  4.099212924610259, -0.3081084139933433, 15.36174218804872;
  4.121959625426425, -0.2027136317766391, 15.20763749812156;
  4.158787427099763, -0.02900684272378534, 15.30931257650973;
  3.808052841294167, 0.3676720466403661, 13.54683701865661;
  4.12398071102196, 0.2406643697138099, 14.47127629242949;
  4.2246806537403, -2.883774710166197, 14.51689001424093;
  4.241947084236511, -2.945253990550062, 14.47076193884532;
  4.289629973354747, -2.869234434938933, 14.55237457056588;
  4.151294548585251, 0.6237284748802261, 13.94975795566833;
  4.336229010438898, -2.128733823168205, 14.04452938012728;
  4.172470427870253, 0.4691611758571495, 13.53007835458611;
  4.176822488718083, 0.6222160397547148, 13.52222135819671;
  4.188947073974588, -0.9724617790008022, 13.38323085224837;
