m=[-7.879190555729997, -4.090343207490876, 19.57243572075701;
  -3.392439115641429, 2.065643918515258, 9.79394142217202;
  -7.584346564658078, -3.934739282185911, 21.09839040838724;
  -7.443218878308805, -3.175532444943169, 20.73227634832596;
  -7.376028120950911, -4.204707805090258, 20.58231501757541;
  -7.223074671351848, -1.543711197412518, 21.0399791781624;
  -6.910459710306478, -0.09734974512721964, 21.06397760749235;
  -6.840009027281116, -1.591424857472789, 21.3545785870435;
  -7.095085433580829, -4.025699845366217, 22.32011959469043;
  -6.964246948419475, -3.00959013995443, 22.19621427219386;
  -7.042938708667924, -3.855458266611427, 22.45981793788258;
  -6.934328633685581, -0.3335519268686781, 22.11599816756377;
  -2.82249736791987, 2.144606034530546, 10.03678403980353;
  -5.792179663381758, 0.1676938444408275, 20.01975562722696;
  -6.58468620452391, -1.2186065729383, 23.23493379979669;
  -6.708233473321441, -5.316099482000259, 23.71700591391921;
  -6.674786312097704, -3.681435192171116, 23.61350782069478;
  -6.523260034003171, -0.3261916717194502, 23.12794157573803;
  -4.958504429959138, 0.6824882577118951, 18.55738217743177;
  -3.377275769177966, 0.9142273233982652, 16.27910478121156;
  -1.844632641930954, 2.098170190863908, 12.91079295834605;
  -2.329211126584763, 0.6048604449465183, 16.33271964441399;
  -2.36079652530677, 0.9064843676122537, 16.56016537364632;
  -2.402793934956125, 0.3221402184026677, 17.14733104482404;
  -2.254096657247793, 1.44587502562717, 16.68070913430765;
  -2.248916240432019, 1.081489935058236, 16.68291826651337;
  -2.247070913215732, 1.001823674082085, 16.72370811038595;
  -2.213678284692029, 0.8437672485234689, 16.91931347030816;
  -1.139368849380563, 2.133009913395405, 13.67157764897461;
  -0.6927098260256959, 2.207417495516828, 14.03305947089154;
  -0.04861904186505042, 2.113647691238716, 13.55768274170259;
  0.1983410555253431, 2.042459847774105, 13.77639850134994;
  0.5078099216728005, 2.06150541938417, 14.49267522239421;
  2.780275417663584, 1.996113330758882, 16.35500474577562;
  2.724284608243178, 1.983366588528996, 15.74720554713731;
  3.122028878964605, 2.218086160218893, 17.63405103256529;
  2.696585118558712, 1.997367198590265, 15.28698302987603;
  2.099152181866328, 1.759754859468254, 11.3719528480397;
  6.831609381075427, 2.534239639312314, 27.51310707493363;
  8.778779970192481, 2.502274066840958, 33.3050820078606;
  5.674013512162306, 2.114638061448328, 21.34078943684516;
  7.786280564452827, -5.364461643263461, 27.25865445441442;
  7.827805524321206, -5.343274310485762, 26.89798381537596;
  8.14385316113037, -5.654411887976211, 27.78152532773553;
  8.018580395396679, -5.363443264968937, 27.20266926584127;
  5.37485505224676, 1.739998889933086, 17.92336183875891;
  5.083977434207859, 1.824261963942194, 16.98112781672709;
  8.675935085507328, -4.259174600711837, 28.10032055851947;
  35.92130440197265, 4.039065513558182, 116.4820869457201;
  38.64485506795407, 5.756875888842751, 125.1104843444487;
  5.17513865190486, 1.910547367465911, 17.11410474842011;
  4.988793773588988, 1.683142122858133, 16.49759177021817;
  10.29397279849109, -2.389740171891997, 32.88812484762541;
  8.559921876047103, -5.4013015444916, 27.29995123007827;
  8.856080104061311, 1.670598498539425, 27.81440694091412;
  3.766940745492153, 2.689633180975919, 12.15805662948418;
  20.90031249290193, 1.805234581237087, 64.68974388023105;
  5.799197171371308, 1.739418152000115, 17.84185421223717;
  8.755424156119123, -5.552154416311691, 26.13550768756689;
  5.588185206628364, 1.61984746313661, 16.70059479875389;
  9.489233365562045, -5.922752265745899, 26.99610666566535;
  6.127059515756153, 1.716481607792531, 17.81619968746943;
  13.8074705343797, 1.862944179467741, 38.827176554715;
  9.983139777943066, -4.87576923950955, 27.58813776257202;
  13.08917084607123, -1.114594782219017, 36.15443504492065;
  10.09991221063487, -4.777678450176047, 27.83782348269119;
  14.2561832547111, 1.591894449970067, 39.20433418770367;
  5.044585844459253, 1.622080902501694, 14.2576901885403;
  10.02846929664331, -4.805099750139287, 27.3869092768452;
  15.42114475515589, -1.168276360822524, 42.06066310217405;
  6.823230028744461, 1.795956401078708, 18.94332992453631;
  10.14862548089374, -4.971153900425258, 27.45619215167012;
  4.605658676412642, 1.485301662572763, 12.90727348065992;
  4.905730903850315, 1.709514043829593, 13.67927730759437;
  13.09381543448375, 1.780855681242074, 35.34933746462336;
  13.2216787771741, 1.505986946267526, 35.7428438285154;
  6.563239908162797, 1.536221157933209, 18.03450195946924;
  10.73891138656119, -2.455111769463246, 28.92303248424716;
  9.918733824581862, -4.856328203394899, 26.38104758852365;
  4.871281049606799, 1.616786779770923, 13.36326836219246;
  5.212900840673272, 1.648578959985402, 14.21540437091382;
  5.897021274139764, 1.409855333149526, 15.90059255002718;
  4.702774531524109, 1.704425716226346, 12.6543534097227;
  7.120684245969841, 1.783022830110747, 18.76127958164087;
  10.03968013034436, 1.620415981046795, 25.96598033026286;
  5.334727533376284, 1.626157346365887, 14.05213852835019;
  4.927858916413668, 1.712163434459004, 13.00562950871445;
  7.236231994794507, 1.069739858039984, 18.51591794728144;
  6.427343424050593, 1.480803079689211, 16.48222445069399;
  7.223383332487712, 1.492647062896208, 17.92927122642251;
  6.86924331541883, 0.9623176676095374, 17.02985864635994;
  7.742879203231487, 1.676378727769429, 18.87843748395479;
  7.109501357281926, 1.628652348584682, 17.33110649008285;
  7.072389663936852, 1.034855622173624, 17.01598020744917;
  10.32000933413673, -2.275817567960127, 24.41169285353783;
  5.940192340602112, 1.627515248418185, 14.29500705065633;
  7.26823413286431, 1.309215630658567, 17.16340345618499;
  6.0267800992436, 1.640915774575519, 14.32025645988203;
  9.805063796362134, -4.63573540665066, 22.65680044861286;
  10.68319883559015, 1.140173468567239, 24.74770811597882;
  7.222448323984287, 1.416666287479027, 16.76119362797493;
  8.349439068727866, 1.272343810436183, 19.0220287912332;
  9.809185770132217, -4.599856625173137, 22.12181996420063;
  7.635077274241495, 1.365130714309898, 17.41093590350776;
  10.5067971483287, 1.216535188772095, 23.6803286689564;
  4.712672748270647, 1.661904842187007, 11.00330273735398;
  9.95243287674869, -4.736438208842405, 22.23938697563882;
  8.076710822430556, 1.632646773146942, 18.12127996436162;
  9.726866706865252, -4.579668992784553, 21.41478655448533;
  4.851299895837189, 1.683906697208453, 11.07990572551808;
  7.740827467423663, 1.385186916261762, 17.09437497866086;
  6.660458615739962, 1.616814555550583, 14.71277729315905;
  6.434947285673774, 1.5016676548891, 14.12660386810075;
  7.940639719021715, 1.034057293014018, 17.25837398934222;
  7.921214897195496, 1.232729825773551, 17.20378370806388;
  8.102945499463241, 0.9559252362078424, 17.5003435576926;
  8.093641563221292, 1.142598800495684, 17.28152068736271;
  6.837542206235845, 1.644794660084339, 14.47116232729663;
  8.139257318024598, 1.553067210125706, 16.9129183246543;
  6.769686571630079, 1.580094560926702, 14.17593851059614;
  8.423098239023348, 1.158372252972263, 17.38163754474058;
  8.428452788933809, 1.29677692490067, 17.38920763552332;
  8.454453697159817, 1.516149939706837, 17.41961767795175;
  8.466169507409571, 1.012712881014427, 17.29272372462658;
  8.504870001823653, 1.432685499003789, 17.35831567645734;
  6.895477750019803, 1.498466525635707, 14.18287422750492;
  8.562778268095482, 0.9390829427282671, 17.32935089880415;
  8.542527595047886, 1.297861531067925, 17.28069468764577;
  8.578633733880952, 1.504002860535749, 17.35003272755367;
  8.561656004014283, 1.144503912785489, 17.30064834792161;
  8.583839776357245, 0.8739453710590153, 17.23217803014721;
  8.706703209491261, 1.246813281107346, 17.4572313029934;
  8.978314710740909, 1.558041071267027, 17.75980005930964;
  7.396452569401166, 1.575507996230794, 14.34662594272171;
