m=[-4.475259765032762, -0.9265273482555836, 12.45883598941137;
  -4.437176711910436, -0.05746883364690947, 12.94272618154446;
  -4.406555911129814, -0.9990660535989011, 13.16199415869999;
  -4.594511243121581, -2.474440891640458, 14.04469480601131;
  -4.523963940899648, -1.928854159514747, 13.82633350158864;
  -4.589544157222002, -0.7995494986989012, 14.03449606700262;
  -4.541183385145676, -0.1972347735803181, 13.89821718017758;
  -4.585287387214568, -0.06706350518594684, 14.79083225508927;
  -4.644774739599725, -3.596817676944981, 15.65534093218974;
  -4.640078654389737, -0.8303933819929433, 15.75804986691817;
  -4.638933276919595, -2.512671090300574, 15.77969710488426;
  -4.553099567440306, -0.2095131921925363, 15.54138563993907;
  -3.019314612488386, 0.4285907269654605, 10.69396926510471;
  -4.578318401630179, -2.493850020639784, 17.82840376313889;
  -4.583205373276297, -0.8517780781306413, 17.84575543530195;
  -4.556337416256961, -0.2489996358868981, 17.79827078714433;
  -6.930720116508802, -6.353275379150221, 27.09649751131951;
  -7.135501173050196, -6.266571231287156, 28.41182794674533;
  -1.771605224354701, 0.4846015589161541, 7.964463428005939;
  -6.438216297733423, -5.983550681242436, 26.68794529760842;
  -6.143508099246498, -5.327857326198417, 26.11355366089345;
  -6.26250542530958, -5.869700805283559, 26.6515176988528;
  -6.111890768815769, -6.144493597480096, 26.37254429234207;
  -6.072777814436008, -6.291218908870555, 26.66221571525571;
  -4.876067370537222, -3.187889892383693, 22.12851479441732;
  -4.816687448167971, -0.8831341755920749, 23.75982793637351;
  -4.673446620923003, -0.7878625688177828, 23.56239946797484;
  -4.576181885861654, -2.859555634381201, 24.0806001068462;
  -4.610801795433455, -0.7838322829701654, 24.23173612403899;
  -4.657003898952112, -1.922411153917052, 26.82349642171366;
  -4.227721585961048, -5.723102900335112, 25.07136296316337;
  -4.65913791561332, -6.514490025796092, 27.95846896499076;
  -4.529096126450476, -2.557241347452563, 27.70300131629948;
  -1.181063831960326, 0.7569465692901416, 8.138057253787936;
  -1.185224009968421, 0.5721258550975513, 8.185034237366576;
  -1.186639192224194, 0.5296969640901293, 8.222024284346741;
  -1.303325480892006, 0.3491238249319044, 9.024018080307627;
  -3.834208505530175, -3.789463154485261, 24.90867086127203;
  -1.288453372757957, 0.2649922665787104, 9.187876874564777;
  -1.116306838131156, 0.3821988900028911, 8.372346248008221;
  -0.02971733710592036, 0.940926058474854, 5.516462256274764;
  0.2134383879768587, 0.934956353515375, 6.085849995873255;
  0.7759313545906245, 1.069148531533791, 8.813582370764614;
  0.8566194151204007, 0.9306748736599437, 8.81331905979556;
  1.113890163203337, 0.9480606694833078, 9.080071613633212;
  1.127541542855228, 0.9099891445326427, 9.083407830896103;
  1.225874324820124, 0.9377447052154655, 9.373612523913771;
  2.352993117944391, -1.284697975336133, 16.97035805192773;
  2.767994146112407, -2.130391645702773, 19.72876983527531;
  1.558135984353215, 0.6050034888187761, 11.46221508690877;
  1.264953336299038, 0.8960520753699162, 9.428442686644576;
  1.673285352232731, 0.8645091867473439, 12.14076862084144;
  2.278163581351697, -0.8952993937795232, 15.87309592213032;
  2.405511428911709, -1.885997330199422, 16.57663849441691;
  1.778460693991471, 0.6895140343067421, 12.25766567417495;
  1.966043741417461, -1.780122651926851, 13.36675247639061;
  2.756646548071875, -2.021124957216796, 17.931023119225;
  2.590104825405926, -2.985199938373216, 16.72072417438663;
  2.620527910202743, -2.677169382870774, 16.57448126827006;
  2.170172394426443, 0.8094162764003432, 13.68680943704878;
  2.196474469088106, 0.7047974956121602, 13.82706513338505;
  2.170673653284097, -0.185494665946118, 13.53656844111103;
  2.181153784227547, 0.1794179744699092, 13.53881161186126;
  2.416890568595796, -1.834411374900091, 14.82455435966593;
  2.181911478216662, -1.2456257032116, 13.42244354045936;
  2.161569289627609, -0.08463612297541846, 13.12432478437623;
  2.172195259406537, 0.2997294640853157, 13.18770675899376;
  2.160466807981086, -0.2740909151295523, 13.09831212943917;
  2.224681877779411, -1.714428209478664, 13.41355584646891;
  2.242094512677185, -1.210162895155104, 13.53908789499607;
  2.253360388840096, 0.4614934445814915, 13.39807648863457;
  2.918892187428771, -3.404257860791546, 17.04464671141648;
  2.378358900705614, -0.4339008774614114, 14.04373280316286;
  2.908287539643307, -3.716606728399228, 16.91409036323099;
  2.506274756891051, -1.054491628627671, 14.70261297523057;
  2.299124614827471, -0.2884587091704743, 13.54893000678699;
  2.331044901182704, -1.387466608248827, 13.67920288852173;
  2.847170088420481, -3.509491333318695, 16.50021428815926;
  2.633070313643841, -1.391875687464682, 15.36920334893699;
  2.722113776947581, -2.159037465853756, 15.82515518900904;
  2.412733770985488, -0.5097664881210088, 14.03036685116982;
  2.514730995772468, -0.871572637319519, 14.61356599673379;
  2.660453077239309, -1.214058339767424, 15.33970893363879;
  2.641947709570567, -1.69377789075669, 15.20615890687599;
  2.612972040829359, -1.441849250832674, 14.98145870251202;
  2.714621404858268, -0.4963306849747641, 15.47357152826523;
  2.437771219537207, 0.8069225746382863, 13.91002983404165;
  2.849262390280939, -1.674598111963078, 16.02650323784649;
  2.862718021159604, -2.841773342158118, 16.03965820134539;
  2.211908852479693, 0.8194601430754613, 12.55632269294463;
  2.858203633635403, -2.131582537968075, 15.87066423713525;
  2.93363566806509, -1.637831290890734, 16.13779000086404;
  3.024611753035124, -2.415220124214222, 16.59993641793768;
  3.072135172453828, -3.048234623913788, 16.79823808086432;
  2.850249556755719, -1.194003312012732, 15.63901495714251;
  3.035275508761911, -2.445210813640912, 16.33659132732018;
  3.099189683852429, -1.45514167553112, 16.59742600433293;
  3.000021527894782, -1.276731509032548, 16.06644962635772;
  2.947803755106597, -1.892785835578653, 15.70001214419959;
  5.767333343414546, -6.187893490017563, 29.6040877626427;
  5.657667720577688, -5.57691799395068, 28.78352502171836;
  3.206296161112589, -2.189948138983521, 16.69856937980996;
  5.694093729930099, -6.278305720647811, 28.8721381365778;
  3.241101742817451, -1.633965698112832, 16.74354757679466;
  4.092572686066345, -3.398375925722743, 20.74917425148769;
  2.375818079910362, 0.5323678038130217, 12.36125300454052;
  1.248754768800918, 0.906514350934305, 6.951885005692448;
  5.539275035049091, -6.239619597306355, 27.30284655213248;
  3.308553158831788, -1.855483792321526, 16.6542875317189;
  3.281532302693132, -1.641848898844547, 16.47319911981203;
  3.204964907753594, -1.246230719716344, 16.04535100353539;
  1.230438715115183, 0.9043783001404119, 6.712369193806371;
  5.853117680779589, -6.449305345225377, 28.17771944785854;
  6.007773609102527, -6.348081653453581, 28.82610814155115;
  3.591418134684321, -1.783817336718197, 17.55053735959373;
  3.231713277278713, -1.197584494120981, 15.7756677273769;
  6.298714145138114, -6.774491643204392, 29.71710756446049;
  1.034686877857645, 0.9439826107223359, 5.674490885560671;
  5.754334256534643, -6.026465073961559, 26.98536217518301;
  3.27415725737435, -1.285043556267145, 15.68558474499599;
  3.888696406961366, -3.02281916945487, 18.45034326631028;
  3.756426633650454, -1.657472754679097, 17.83076966362238;
  3.560736411830362, -1.074356659729448, 16.78475566344761;
  3.379474621310147, -0.6526529605907728, 15.94515990922482;
  1.271979605995793, 0.9115124407879762, 6.496920582089731;
  4.000953217852314, -2.729737205869542, 18.15276928639576;
  3.987645265691018, -2.926123618037508, 18.04396176959573;
  3.981008465664366, -2.819009411502504, 17.72808350242039;
  4.018680940252826, -2.035129657940714, 17.63024517988983;
  7.364300431397203, -6.819072082879746, 31.2913690921938;
  4.002001694068537, -2.279419120918465, 17.31169087229022;
  4.028198223096407, -1.808286121237437, 17.12936903629207;
