m=[-4.391679422527446, -0.05456311328429896, 12.2615912643327;
  -4.216556777359791, -0.9511533760347901, 12.07150089113022;
  -4.359210689506165, -2.425264903301855, 12.59753164184653;
  -4.437563990569269, -2.37391535065994, 13.01885532820055;
  -4.329942608557105, -1.838540129612737, 12.70777221033367;
  -4.428874716407122, -0.7681828658039076, 13.00788062358297;
  -4.454991535840604, -0.06857243835592726, 13.82984107889594;
  -2.82231173927576, 0.3913747663873159, 9.493391385006257;
  -4.379250587943155, -2.351923053321039, 14.35546633427621;
  -4.414768117651597, -0.7772779333452727, 14.45673981018099;
  -4.34636366240661, -0.1976069457641334, 14.30310945264394;
  -4.401243693848856, -2.955164148402269, 15.92535823561951;
  -4.40167828391474, -2.386680350834057, 16.57484346497388;
  -4.341525262960241, -0.8042239561250006, 16.36065927450884;
  -4.31782907794281, -0.2343138063302786, 16.32119978251869;
  -1.767215853026495, 0.4807618672240264, 7.40319180354883;
  -1.638135325022316, 0.4164498484400184, 7.57201747506326;
  -4.583536302817501, -2.983665901484363, 20.20404206874702;
  -4.282031037886881, -1.436107066260971, 19.33217417523192;
  -4.268123283381424, -0.8393753966621871, 20.2264650204172;
  -4.402647398226448, -0.8050543868089829, 21.16820107603928;
  -4.161809735511247, -2.588194462992315, 21.32793869953953;
  -4.118222326205386, -0.7025580357490917, 21.08108965890547;
  -3.996296589822623, -0.7302368526320184, 21.77870947183644;
  -1.193038909860076, 0.5724594622867911, 7.672395775548114;
  -4.022146458153828, -2.255024262076672, 23.9994078441811;
  -3.961690835356404, -1.190835963482857, 24.57063184885664;
  -4.049296315303302, -0.1911575391108858, 25.43189737808328;
  -4.214443509216378, -2.773742330668056, 27.13565461063362;
  -4.536085745284595, -1.547012925819173, 29.27139862264314;
  -2.838192706822614, 0.004917001109834454, 18.93294512475406;
  -4.058585297381678, -2.715894444638309, 27.04834071892731;
  -4.458348076225748, -1.685918036629279, 29.67092049890508;
  -5.171353669032945, -4.627384526967786, 34.8259503930945;
  -4.897532715611602, -4.566882343358111, 33.14108079279171;
  -4.335357612787869, -1.54616420932862, 29.46645827928482;
  -5.377523916982256, -5.014992332342419, 37.76338115662311;
  -3.945496459154312, -2.13466661897478, 28.7251232250647;
  -4.551955703742674, -4.043065967139129, 33.19566985114202;
  -5.330511403852776, -5.266020301602513, 39.41871613179978;
  -3.752608987401583, -3.215021202648702, 29.21372609791447;
  -4.216521988015945, -4.270386354722655, 33.63467087682496;
  -1.354572181968756, 0.2438399918947884, 13.57365457671683;
  -1.346162143478106, 0.5186030700845387, 13.60127143295755;
  -1.331055062521513, 0.142926266723036, 13.77989051103795;
  -1.281904361560793, 0.2292891197030021, 13.44406984537729;
  -0.03820235858373116, 0.9421609464935002, 5.044479810064262;
  2.535406559200436, -1.202232387330896, 25.89622522134606;
  0.7681815876706947, 1.052959585750147, 8.28963539826051;
  6.337272385699123, -6.60340171543237, 53.90362140880274;
  3.312727742562832, -1.342867735598893, 27.17025797007292;
  7.311294927998409, -7.55366871790094, 57.26178996159025;
  1.501646233405851, 0.244858856292475, 12.54676441792581;
  2.330882071875577, -0.4180196789228691, 18.74681420131595;
  2.30439758215575, -0.006491037081653881, 17.56556438737787;
  1.096197158386878, 0.9406151013379869, 8.558019152470719;
  2.402415666466421, -1.447012065883952, 17.58478063588637;
  1.143175751192672, 0.9277060914920333, 8.806156543370269;
  2.463725207273383, -0.2163945342721295, 17.88724949130693;
  2.277647829207527, -0.6368476265199778, 16.36283165623138;
  2.328175867141661, -1.425127837748013, 16.60671535893855;
  2.388976374284047, -0.3712035462196629, 17.08380440813967;
  2.396509308333333, -0.3247503263709156, 17.09246638733896;
  3.082256441363514, -2.40106440504143, 21.58893240773794;
  2.390931782837607, -1.326460071246548, 16.89663667920873;
  2.504282790985728, 0.02640855688787065, 17.58117925951422;
  2.039595800345417, -0.4812372561133179, 14.45757392560322;
  1.205814320539081, 0.9267299443690749, 8.824753427334075;
  2.349433207039759, -1.426923998311866, 16.18300127996092;
  1.614731283547481, 0.8333478277470392, 11.33805808051555;
  2.489584380309231, -1.741020474347966, 16.44842521502629;
  1.836729456813966, 0.7086607235833115, 12.23223760153202;
  1.888031137212362, -1.730889624774928, 12.47268209447207;
  2.660828389653552, -1.187477435175659, 17.24965610565224;
  2.350911373031374, -1.295707312354378, 15.32362755304493;
  2.008451910753569, -1.745798894267538, 13.0557266782587;
  2.506504166603495, -1.792181740048972, 16.07084164721941;
  2.573480418078352, -1.895890217721027, 16.3635927280416;
  2.659338011886402, -1.72295434437867, 16.81765588897523;
  2.581817498574265, -2.664880893002221, 15.96404803090207;
  2.644373221899281, -2.803475919540666, 16.04327644040312;
  2.287377817670137, 0.851400458822086, 14.00769658053389;
  2.171628637193371, 0.6942029386847969, 13.29080808465376;
  2.519512566960318, -2.16640350727848, 15.18449954041138;
  2.637592908201948, -2.443168069302449, 15.83988198226869;
  2.386739129201691, -0.0423539966192993, 14.32042869576182;
  2.695877644682283, -2.39463679696282, 15.92847981645516;
  2.170960517146909, -1.34524487343286, 13.00145630554071;
  2.319696883706876, 0.7914525017439145, 13.70280694691376;
  2.091301885484784, 0.4941451674917268, 12.34823575629795;
  2.228275684651855, 0.6816503214560021, 13.1523584033195;
  2.218808964026066, 0.3027504465056166, 13.06730653298684;
  2.178852782340665, -0.2870188405530266, 12.8106853904049;
  2.168529500228297, -1.366368762614558, 12.69010416289522;
  2.858746130230252, -3.68956987156434, 16.26234547508678;
  2.85003227980835, -3.54584580423418, 16.13705522679909;
  2.282977676674495, 0.4666271673802952, 13.15883880400381;
  2.352345009889611, -0.6745544965587459, 13.49325751593421;
  2.403566071666623, -1.025356523957061, 13.73698913952055;
  2.296733837955427, -0.2958247870878694, 13.1394548539812;
  2.091696799795036, -0.112870327247174, 11.9813975842756;
  2.29521477700168, -0.4960295409200599, 12.99835071036796;
  2.340893605089145, -1.700450024834304, 13.22553002068074;
  2.641775605115258, -1.710259398436455, 14.81833795226633;
  2.638972971999487, -1.466581114940072, 14.72275967546606;
  2.427565249764926, 0.4850045028957999, 13.5709380121258;
  2.852714093981412, -3.476088825433579, 15.69910419343756;
  2.829626135946399, -1.6818463487241, 15.53223136466117;
  1.197025522605746, 0.8935610095757521, 7.104938740041417;
  2.288862396090635, 0.7579345787000239, 12.70169458695367;
  3.054805515078016, -2.379594971371903, 16.39145187273359;
  3.030784498834194, -1.711719805595257, 16.28071020147865;
  2.21809293546241, 0.8225382605204815, 12.1773886018739;
  2.953912071505744, -2.38362564468897, 15.84454196151259;
  3.024509914824191, -1.380979497488575, 16.20851103466979;
  2.973804684687759, -1.998984835866283, 15.93119729779952;
  3.122576368037645, -1.323544124123446, 16.66232474314042;
  3.008155085407495, -2.446013016396464, 15.81055650089052;
  3.13768253260753, -1.49122925690786, 16.40914230564259;
  5.700466822063452, -6.179451659067011, 28.96245845564375;
  3.040685228452857, -1.307845644825808, 15.88360147395955;
  2.93212911855059, -1.90378510089705, 15.22647604239071;
  3.095243566264793, -2.135581006970747, 15.76581574905486;
  3.640682459927233, -3.062111460857449, 18.19919693897312;
  3.216267599111994, -1.749831641990302, 16.071454471693;
  6.03454822002923, -6.714072874398196, 28.72307387159903;
  5.897781495578775, -6.279465919103103, 27.98619489320569;
  3.495267331965176, -1.522065772637162, 16.82412925471413;
  3.845224658852913, -3.172138988077379, 18.30548510735964;
  3.687752546136381, -1.848976669430815, 17.61100174574768;
  6.296863410384401, -6.254115416018032, 29.14438033883015;
  3.547762938688708, -1.134401147455252, 16.77959670381332;
