m=[-4.370412846081366, -0.9892605288092937, 11.63412199668716;
  -4.51635607670733, -0.0817809256587867, 12.06798599275495;
  -4.486665347912966, -2.512495797323683, 12.41275573536854;
  -4.499907451604625, -1.936690503533579, 12.65961839155671;
  -4.561146789629802, -0.8027023581670395, 12.84853631569668;
  -4.564520020428459, -0.2243343408846381, 12.86911159497059;
  -4.620361459087407, -0.09352813461823847, 13.79217233031111;
  -2.886413066549646, 0.3776200495790807, 9.182220760691665;
  -4.502032683297025, -2.514412584437262, 14.02471075998301;
  -4.641839419795911, -2.510468537408678, 14.63924329582651;
  -4.620119707613517, -0.836785978754612, 14.56914700508442;
  -4.561625971569162, -0.2369545687565709, 14.45483927685786;
  -1.73394086282141, 0.4561184473803202, 6.730607906826872;
  -4.715744489718826, -2.579950004427221, 17.16463905223984;
  -4.69840091128181, -0.9010114657160945, 17.11862810175101;
  -4.64655562803576, -0.2849150523513923, 16.98635562609936;
  -5.40670679159068, -1.230428169834628, 25.20594347175779;
  -5.397995872134731, -1.032800376380655, 25.25476279695188;
  -5.010835799612675, -2.022655027451991, 23.87158781600042;
  -5.210862533617018, -0.9277785964345016, 24.91016946560093;
  -1.384865693446619, 0.3063919948011207, 7.464106378121429;
  -4.970787531744965, -3.125784978883188, 24.78274616827879;
  -4.89125787490203, -0.8733296007844401, 24.38862175875065;
  -5.04311631984955, -1.332592977785363, 26.05283232724105;
  -1.173011658443899, 0.7296946216181296, 6.977366454861924;
  -5.418325304601845, -2.272937931387814, 29.69131167811204;
  -5.132401580280265, -2.920911529901074, 29.86394600057423;
  -7.290137618807056, -1.309958751508245, 43.24419299431491;
  -5.240755695090805, -1.623880106240319, 31.7162313091124;
  -4.060077783382369, -4.047991261661752, 25.05643547990446;
  -4.829594300527531, -1.093123133976732, 29.79176057538718;
  -5.047546674333583, -0.3129164383314848, 31.13491365985075;
  -6.720537921578439, -2.45216123643206, 41.74988390022647;
  -5.826475960484618, -3.891935066200962, 36.69153032167196;
  -6.767820009552798, -2.739742897977919, 42.89938192821614;
  -6.502590062819309, -1.032690300540944, 41.59771114683198;
  -4.640888554617723, -0.2105155031255983, 32.19232104385618;
  -8.157916313976255, -7.668548064297372, 56.28063457107125;
  -6.457723331106417, -4.58109085406176, 45.23283854364682;
  -5.838078498872001, -0.8460373058694748, 41.26013399772768;
  -5.06275895847185, -1.282667200658304, 35.96251362350377;
  -3.924890095216483, -0.2601401060990716, 28.21222510749918;
  -6.010113717075939, -3.314747303890045, 42.83888513826247;
  -7.16976398879392, -6.432654282814771, 51.29767734325652;
  -4.059622087747281, -0.2423300012500956, 30.67134517696177;
  -5.455257048240807, -4.726579955702578, 41.49720746127653;
  -6.440435974378073, -6.563406584357788, 50.29309846586381;
  -1.468399586030377, -0.01544958969234682, 14.06110188005886;
  -5.871448572721817, -4.139294957087523, 53.32252045196736;
  -1.383264155159204, 0.2269072989514243, 13.3064684500887;
  -7.862447751245878, -5.924699492913438, 72.15128232750676;
  -6.262907634468959, -5.041878635132411, 58.11084034801132;
  -6.975855166281318, -6.922631347889211, 65.25672862356284;
  -6.526757292373184, -4.47650243359818, 61.46443234864733;
  -1.392073111069547, 0.2175480079675619, 13.94154920383575;
  -6.376238947393451, -4.879970365727509, 60.6392148241706;
  -5.23912515364774, -3.537958243013339, 52.09836090978739;
  -6.412765458082442, -5.339082425855414, 64.44494550479271;
  -1.3755969460044, 0.2857009764094348, 14.7474663414404;
  -7.763559259429312, -9.051066960222896, 80.66449632214675;
  -7.289694441849295, -7.66615206607483, 76.4871882568778;
  -7.186562010274649, -8.59577481639227, 78.71366835474679;
  -6.371040107780097, -7.392148070577236, 70.84523094328108;
  -8.508869365677846, -10.07544224091928, 103.9287020077493;
  -6.472911349613762, -5.612210731688249, 80.7126518863338;
  -3.222700656715773, -0.9693850821100987, 43.95755828159524;
  -3.324677114871666, -1.259876472650664, 47.21007912584788;
  -6.907469170799958, -9.937587067814643, 105.7004442549848;
  -5.633744804093515, -8.407837263443613, 108.3259153896875;
  -7.170673796137376, -13.11181570804943, 144.7372156752044;
  -6.118501425883763, -11.30700585634325, 140.4957578150365;
  -1.443770154101018, -1.637635219544958, 38.97433202103899;
  -5.562930764740503, -14.85779101676441, 161.1507435320101;
  -3.328507967059313, -9.805663086947975, 116.343500246115;
  -2.628944098504802, -11.83842007860807, 134.9127343309551;
  -0.4743795246081876, -10.32097764663854, 129.7760215325699;
  0.4424318020612444, -8.196812310305992, 112.9208469881121;
  0.4370852008085515, -6.591731778870145, 79.45109103939296;
  2.779218915362026, -8.599643995543035, 119.6137817710596;
  3.504330062868867, -10.0284259907205, 122.044703535582;
  2.655868163165386, -6.720315849770015, 78.75631138949743;
  1.04206726196134, -0.7224283573958771, 27.81403698891304;
  1.918193051060597, -1.593965261810552, 47.58318594284895;
  6.476907131924039, -13.27445995983916, 148.9221936240829;
  1.833175152132074, -1.32670522384399, 41.34406219755807;
  4.363395535597891, -7.864215216301473, 81.76979336791312;
  2.876169987153918, -3.776190327165598, 53.97114563940869;
  4.553272795991855, -6.702815768972942, 73.19627309144453;
  4.68100323888398, -3.869803151299095, 72.62493946175583;
  4.014126585457164, -5.862853331625042, 60.87504742705015;
  2.698146394874958, -1.132243048407573, 38.16579068103972;
  3.147224317561651, -1.589193569994357, 44.06621764000814;
  2.764016924548776, -1.179275223158051, 37.1336291513827;
  6.917050446789918, -8.0119331400306, 81.67178880899076;
  2.444094011808393, -1.909709379673304, 28.48027464711596;
  3.162660757025817, -2.65520514632912, 36.40952852675808;
  1.864225319049338, -0.5286280539050828, 21.80206232145529;
  3.648298472331189, -2.778611261595905, 40.54806171628009;
  2.873814212895112, -1.413158521026814, 32.04865003810257;
  3.788238077771549, -2.650733890297576, 38.73765749531495;
  5.30046352628679, -5.688513305075892, 53.54086045422682;
  4.010163570369182, -4.536246862208357, 40.1517054325105;
  3.364469831786429, -2.8903094253509, 33.91499633530228;
  2.254063153168502, -1.149691174028966, 22.81258931336427;
  4.758791360476181, -2.75286506298513, 45.48473631331145;
  3.798653570059781, -2.398500115692551, 34.86114828082695;
  2.969419910579771, -1.380017814137796, 26.18342730398736;
  1.119028877170069, 0.4391848493948931, 10.44737742867909;
  5.280820883015822, -5.6631605098744, 44.80859305514836;
  3.521001755045906, -2.968173377077084, 29.88628545033933;
  5.39231337322122, -6.010781982318734, 45.17890283993944;
  0.8439827952956053, 0.9151186755853468, 7.888702879488279;
  2.751843010694385, -1.251318405848116, 23.33442041738303;
  2.475665747218809, -0.9203620331358958, 20.76359855544484;
  5.666870357120418, -6.069809193175588, 46.10319833338082;
  2.555131487520034, -1.096793687917877, 20.70667036880063;
  1.965694101068802, -0.3908391487047244, 15.45943277387202;
  1.34763634708972, 0.1977910467305603, 10.89016219019196;
  2.024729050752776, -0.2280491191862158, 15.50154630854969;
  2.311570898780105, -0.2999261820017135, 16.90700156164112;
  2.033735026926808, -0.1138914968993303, 14.80388915179717;
  2.251713282705779, -1.023102005363631, 15.87638422107813;
  2.041313365780332, -0.6094829608451526, 14.32355114914975;
  2.215594912274004, -0.9924264571145347, 15.43312265221058;
  1.084671877077262, 0.9161390976942323, 8.024737020328736;
  1.11732113592084, 0.8942960682988186, 8.171099248005687;
  2.106087822668334, -0.4225807580161927, 14.48122514413551;
  1.946629124881202, -0.4829411475044512, 13.38255482712444;
  2.136195049223031, -0.5521460361990016, 14.51669015215737;
  2.211254992977312, -1.390645009961407, 14.87251865931802;
  1.92733727620258, -1.853178358729278, 13.02935179438028;
  1.090113183883201, 0.9264959040149665, 7.761721038942609;
