m=[-4.344704034179617, -1.019940568146124, 11.03191011737185;
  -4.551601815326734, -2.477659943874877, 12.23424520963782;
  -4.53883237227673, -0.8373841424304757, 12.23801798821883;
  -4.53209658543272, -0.2670693686586948, 12.23988429237506;
  -2.995559728760629, 0.365358643435046, 8.954825284068862;
  -4.585630810444423, -0.1275848046732173, 13.14925126950049;
  -4.527917280155343, -2.571757338773825, 13.52802359244535;
  -4.623599647377531, -2.541413294173568, 14.00283850445494;
  -4.600110984512321, -0.8803644663445556, 13.95302831595192;
  -4.531722072307456, -0.2869153054326483, 13.81489457009688;
  -1.718945029983587, 0.4298326682928988, 6.158649551448131;
  -4.738272788819074, -3.266234810766233, 15.98571032805994;
  -4.693563399044933, -2.614556297773424, 16.49092866535385;
  -4.600488668479007, -0.3425825395402838, 16.25948073066697;
  -1.587410450430854, 0.3650068904665043, 6.290478048544731;
  -5.332587867321253, -2.605972194922983, 21.08350710141238;
  -4.810630250413797, -1.707818705237508, 20.46967759442723;
  -5.208779869396806, -1.087827596552668, 23.76876245710268;
  -4.945923124561997, -2.144439130185604, 22.81885605749997;
  -5.432291372227951, -1.063964095604614, 25.31332474237951;
  -4.920685599892571, -3.169289464390793, 23.86000353867053;
  -4.941483461619602, -0.9803984849185109, 23.99664893392525;
  -1.144303490063357, 0.5085956476112843, 6.301550455865872;
  -1.138518858656351, 0.6843952004106966, 6.281941931234822;
  -1.16291623352266, 0.4727539160676426, 6.418625278729513;
  -4.718672991831405, -1.005789306484635, 24.43744244612948;
  -1.151459789537363, 0.3362012086067817, 6.853549134460066;
  -4.995141677077923, -2.940688964174494, 28.37191551734063;
  -5.809836068909822, -4.000242374269243, 35.78452491334335;
  -5.335469135878332, -3.729489060135987, 33.97826996393025;
  -6.957032099205841, -6.410760660834014, 45.09671575282103;
  -7.010069083739061, -6.724902156503333, 45.58280809129156;
  -4.487539898241633, -3.996153700389979, 33.42765353281455;
  -1.444417192373004, -0.06917639898811719, 13.23717388263278;
  -1.457164136021666, 0.1789275084105704, 13.34243656305933;
  -1.402503965697122, 0.1617312081857229, 13.41687745657568;
  1.179066896760171, 0.3522615284295486, 10.12036501295583;
  0.8470834429592369, 0.8843213805723923, 7.511129989127422;
  1.208431232757996, 0.4091121382319516, 10.24431841735638;
  1.235221881986003, 0.4107496543225624, 10.36845079065293;
  1.937058527187596, -0.4568209845018628, 14.87386959466678;
  1.986018450047989, -0.2028590472432436, 14.96409953747413;
  1.324786569474943, 0.1462041047163452, 10.31701405847709;
  2.619079610452778, -1.096855981273567, 19.22668428970222;
  2.256371823411647, -0.9825861496404662, 16.18620835834276;
  1.854919284186828, -0.09844262060649792, 13.44038318193832;
  1.986588384677653, -0.5934573810694378, 14.17805254192103;
  2.07012049355141, -0.1836294791899296, 14.67893822020015;
  2.157929922432723, -1.427359333638841, 15.07289941064387;
  2.247224035349641, -1.098444189488542, 15.41385859829584;
  2.200263094482625, -1.47930782034033, 14.9464557024972;
  2.12282273759961, -0.7091734224375408, 14.46911265368887;
  2.117862107309684, -0.3881969934185601, 14.33734358652788;
  2.388355164377277, -1.214927770308694, 15.84968519081846;
  2.118566727959598, -0.4932903811492442, 14.16285618052289;
  2.161775014376892, -0.08017604617440603, 14.41563223341832;
  2.181775311090002, -1.628237216908349, 14.52486578550544;
  2.205625514961222, -1.468395689335424, 14.44209061760744;
  1.082604509157826, 0.8865752235731764, 7.569229006150049;
  1.134752218320926, 0.8762132286132738, 7.855176605852377;
  2.069173986175021, -0.520979953249886, 13.46820241851637;
  2.209685280226613, -1.310206613990505, 14.31508256144758;
  1.81387619338773, -1.819235943870572, 11.88472777417327;
  2.325234760297645, -1.239837903423528, 14.80537389162102;
  2.340118019833068, -0.1289023475305181, 14.85635110795073;
  1.611526788105216, 0.5169579313914632, 10.46938619328506;
  2.408870078322932, -1.816997877289196, 15.12139753997505;
  1.613320467978771, 0.7727571561676436, 10.4589432153336;
  2.173765394219269, -1.396596229792108, 13.71444885041668;
  2.228041754307488, -0.0788860918724091, 13.8388099457614;
  2.35049729183471, -1.163754289450583, 14.48294386925659;
  2.300349648300833, -0.5269204480281552, 14.1282287878927;
  1.15243878448237, 0.8433260909843943, 7.582677098727578;
  2.463227623702136, -0.3576889471243099, 15.03820926165554;
  1.852799816683268, -1.804247590732907, 11.41829495953627;
  2.487245895785732, -1.744344255675706, 14.96297734819942;
  1.765872986850161, 0.6096123041053629, 10.90082986116642;
  2.483447519664758, -2.702230529465028, 14.56478363248469;
  2.42153866787412, -1.758682833612414, 14.17561485481887;
  2.53994580361334, -2.836784869583937, 14.62779149495424;
  2.518786012702664, -2.465325509204087, 14.32870847977267;
  1.311800890657614, 0.8597373226279015, 7.939431253995349;
  2.122962172145369, 0.7111824521576057, 12.16644062703241;
  1.945351987803639, -1.781349305218507, 11.09930686254897;
  2.048345517642516, 0.08498852872623501, 11.50655569055071;
  2.142750938370572, -1.064301839921185, 11.97281622621463;
  2.073812320727423, 0.5572342481049438, 11.39876957739403;
  2.072222360266531, 0.2050532237877973, 11.36896114776356;
  2.090458832685481, -0.3665430965060836, 11.44810308166998;
  2.144995634571764, 0.3590426360589364, 11.51618030714791;
  2.149105641134148, 0.5524997874831814, 11.53442908483416;
  2.182626764245095, -0.7219359428363958, 11.71171394382773;
  2.2641744866888, -1.902610190293439, 12.08970360015156;
  2.320858664598508, -0.8914989064745473, 12.29354465624507;
  2.0760434049945, -1.566063882248297, 11.06507977344514;
  2.294715671130024, -1.577579795731441, 12.09554760217539;
  2.412577089315837, -1.43734747587698, 12.64661751139496;
  2.82435690187135, -2.958729217253077, 14.59636535278179;
  2.811131240148249, -2.801352992656734, 14.4557852670141;
  2.191632365430006, 0.6025677539872777, 11.3699599251542;
  2.201793956588936, 0.6536796764241568, 11.34542630804759;
  2.833825108621001, -1.589947401647993, 14.15504829883268;
  2.832967681011606, -2.364789582704334, 14.12683615133284;
  2.344796166430899, -1.93615765740171, 11.93133211880155;
  2.166260494343411, 0.7317453697145449, 11.00702061088936;
  2.952759680272297, -1.52505110287135, 14.61818054656774;
  2.850094286015017, -1.343257000092735, 14.06694729572177;
  2.922480865426683, -2.02789826611339, 14.32249680139574;
  3.529714425513464, -3.12478296847597, 16.81854592843092;
  3.054340235585408, -2.231542962445685, 14.68791521835061;
  3.070621926814434, -1.687738919397446, 14.66049470756569;
  2.339107887823976, 0.2498733657323954, 11.38043221695928;
  1.181251171918192, 0.9053824476045488, 6.212552953094057;
  2.979611630916149, -1.67933583705794, 14.11542667805435;
  5.774372659951268, -5.21195369221263, 26.229546095922;
  1.199514248663536, 0.8608392429240899, 6.20493219009593;
  5.548830177547057, -5.751702332846808, 24.97034533662459;
  3.156612984839677, -2.092976685142497, 14.59865130884399;
  3.08744989538649, -1.528595318638369, 14.24331653421705;
  2.966691563969325, -1.279248893865167, 13.67660144964641;
  3.357964452769787, -1.589808444508933, 15.31116230076573;
  3.717445408867919, -3.222088560714111, 16.8633836377825;
  3.132592764526125, -1.287222253515102, 14.03964515790778;
  3.709364340302808, -3.062122239958927, 16.42043027308864;
  3.657457971118106, -2.003925132235586, 16.22196868262957;
  3.40910396222748, -1.505775370791245, 15.09949298202052;
  3.729488681518081, -2.704213426723645, 15.73894378739791;
  2.258211797692184, 0.6363303055390178, 9.885372602638149;
  3.238506745902028, -0.5666637475270799, 13.54629677115938;
  3.721103109624576, -2.790252464748823, 15.36162873945848;
  3.778159878190726, -2.059137794459953, 15.36883024560829;
  3.763932406654612, -2.689877292671898, 15.31142627504136;
