m=[-8.855385600387661, -2.078845175496021, 22.48526418131315;
  -9.264887664642606, -0.2540910760038443, 23.66168769953242;
  -9.195420749356615, -5.21777106871077, 24.29752190347357;
  -9.315626630251611, -4.098051917477784, 25.06781494075298;
  -9.427525218543693, -1.739315196699353, 25.41936201778066;
  -9.458055102119214, -0.5573484053674355, 25.54347593847529;
  -9.383833047170866, -0.2610839284493871, 26.90804901416249;
  -6.213982300859678, 0.7578991405091415, 18.57586924014266;
  -9.538281453653648, -5.41753389251017, 28.49745005323587;
  -9.83040383501865, -5.403391491212146, 29.77194563405088;
  -9.677283000972752, -1.852028377902237, 29.35307521680759;
  -9.543662152423762, -0.6042344825472548, 29.09372736118075;
  -10.170354471225, -7.010733086143452, 34.31215292085624;
  -3.410303807734189, 0.8527672262921727, 12.21846286498444;
  -10.11409357500131, -5.634070492830734, 35.53606960843429;
  -10.14137965897767, -2.068123925471637, 35.71262061893861;
  -9.960795957447177, -0.7417461536913289, 35.20438405639274;
  -3.06801359930264, 0.7054546626466121, 12.15770766395785;
  -11.64212489583121, -5.689367812254567, 46.02958807692163;
  -14.87649288380512, -14.10987282601166, 58.79166530389677;
  -14.52388225947233, -14.91727807881239, 62.73290909735488;
  -2.54737781138959, 0.2672692297356288, 13.72368958260474;
  -2.245346767900517, 1.349740093916723, 12.38902448052844;
  -2.31956640600427, 0.9429605249345749, 12.80266552318333;
  -2.232301678502046, 0.7523508727408557, 12.92469611523903;
  -2.246734510275857, 0.6559975994270695, 13.37268178895709;
  2.155802892271797, 1.765447506478967, 15.07269334802576;
  2.168530338314031, 1.674458034452236, 15.01137297427867;
  4.075176426786317, -3.853819110414412, 26.93144315423071;
  3.800910979741075, -3.812142140132929, 24.90401078792528;
  2.249573765142849, 1.646182231354769, 14.80147292900138;
  4.020099326701916, -2.582824981017871, 25.36310805952899;
  4.482926273771132, -3.436720101311126, 27.23776909184943;
  3.519359674773793, -3.274633688575745, 21.47386134801218;
  4.566682902063709, -3.689891970150571, 27.30499610004868;
  2.290456131280034, 1.729985793754076, 14.07694194350087;
  4.845722748721524, -5.272613914823576, 28.41892281567731;
  2.528863473376358, 1.657384384608982, 15.30547649464271;
  4.53864868254735, -3.29626928187816, 26.569113489154;
  4.180494708796975, -2.049740009576159, 24.47247868711859;
  4.940453123249319, -5.517835321125576, 28.45254338682258;
  2.540304104384087, 1.494880065462632, 15.0950857861738;
  4.851845085889285, -4.748866079383522, 27.6008654463383;
  5.06565057588849, -4.760594724079429, 28.35831689134736;
  3.802474368617711, -1.888684491651863, 21.24667221239035;
  4.029447691672266, -2.624535148422665, 22.41876838747506;
  4.088059900395989, -3.089230669780302, 22.73143754631928;
  5.242479692020364, -6.474718293257079, 28.45748515953125;
  3.974800905698865, -1.095014248558202, 21.76004061328163;
  3.980198212744111, -2.853272046651204, 21.70618904449716;
  4.485953508272447, -3.769595014960018, 23.95303391938985;
  3.885013159954987, -1.285025311935997, 20.84651555765934;
  4.573099098072938, -3.449718493459566, 24.37410807997107;
  4.535695091368912, -1.742272063239519, 24.02549151458188;
  4.480771890931738, -3.447736224365063, 23.62488064681892;
  4.460702284231144, -3.066660452495511, 23.51255865676838;
  5.521412316028028, -5.784100419146401, 28.53483261081328;
  5.466862641296538, -5.447846689588107, 28.11245213250043;
  5.058006171520064, -4.048772370639268, 25.94431898733668;
  5.397088639898846, -3.278714787934273, 27.44267285055627;
  5.327293611697092, -4.398881432501907, 27.1075628174015;
  5.524614306016321, -4.70910446652828, 28.02460952559495;
  5.330121350034999, -2.663478415726135, 27.0372634015547;
  5.453205986887589, -3.911469020711459, 27.64286424088613;
  7.119205936382451, -7.542295332386437, 35.82791245213279;
  5.412984421002806, -3.037011878098051, 27.03803268840716;
  5.598462290968951, -4.520582105538637, 27.80054290818003;
  5.515299129964243, -2.84855996815891, 27.30450398276582;
  7.764442545878016, -7.847525742382254, 37.98907292017753;
  2.399755332882948, 1.722200104136873, 12.41362420659041;
  6.021259364171328, -4.17812878396359, 29.50899319955924;
  5.912300720308757, -4.31960817938766, 28.43146638136216;
  6.836092825206479, -6.051851185671651, 32.57293007068899;
  5.756512516027589, -3.164013820280847, 27.48411340982332;
  5.806307794359312, -3.272487145265422, 27.50644113853668;
  5.693357079727675, -3.313323790782242, 26.87110831261701;
  5.67574452497727, -2.810059046992745, 26.1838826785174;
  6.203971138037251, -2.937233506628042, 28.28797336594882;
  7.242774539051323, -6.277660711422661, 32.8552735065397;
  6.380730410495794, -3.424713904905378, 28.91183616007593;
  7.082969121378882, -4.314613248602526, 31.71636985766323;
  5.936127815953818, -2.439230502903127, 26.60452041252956;
  7.07596309625643, -5.841287611129258, 31.32352284045037;
  6.43272715560345, -2.841286808865397, 28.49162701328197;
  4.293988110013803, 1.20998161856138, 18.79702889789368;
  7.056277788281306, -5.116433583060231, 29.77844121323832;
  7.000859737677159, -3.331700161196982, 29.27728274216083;
  5.163509261723247, 0.6525302476300703, 21.77059322996689;
  7.105292192835867, -5.327871459015027, 29.3323935231479;
  2.45127362338966, 1.81957554659768, 10.69114594954557;
  7.228846096336184, -3.939798919898621, 29.40556040720586;
  7.316321044153707, -5.228575786263447, 29.76230659031934;
  2.507398588646713, 1.747182868572456, 10.83048414979725;
  7.164832049750966, -3.613224043687163, 28.80866549994447;
  7.171075351303071, -4.370798895075485, 28.72635286635196;
  7.063918089476066, -2.948806462416882, 28.18957687916179;
  6.871783251287622, -4.856597156063852, 27.37208540781129;
  7.392824707102833, -3.266907594851903, 29.29756273664528;
  2.430358065433315, 1.84370474008928, 10.3328668607449;
  7.322482188431961, -3.885313942911334, 28.95170637435616;
  7.071603567030968, -3.431092987419266, 27.78387998654718;
  2.446511506997764, 1.771946876921017, 10.27733141522232;
  7.045105622610755, -2.176021562813279, 27.52740905891409;
  7.269689826072214, -4.975289659464651, 28.13857125868088;
  7.186545610490725, -4.240569357544322, 27.76641262791069;
  5.610857499752211, 0.2827765350235175, 21.85912791883906;
  7.490242559414846, -2.08334724788042, 28.76688343846797;
  2.474926349227785, 1.878311184286604, 10.15334025881776;
  2.081711632531903, 1.850539727378946, 8.545178615037488;
  7.130665486407247, -0.9805175941400286, 26.62485598567346;
  7.056090560342027, -1.239261201438108, 25.70512714116378;
  7.314802223163824, -5.016933620154545, 26.56685371252429;
  2.18786964407131, 1.86769685793626, 8.553766535531215;
  6.375045577115155, -0.2265993273058665, 22.77030097635724;
  5.446430885981076, 1.203301452213249, 19.54212380997359;
  6.629259428236968, -0.4404318677969564, 23.33414245683604;
  2.475354417490292, 1.868870258873194, 9.342819903927847;
  7.453429813543133, -4.970981363453308, 25.73806526829918;
  2.508406456607766, 1.819136554092791, 9.246985613406604;
  6.799088736918998, -0.5225429938159812, 23.1837435566548;
  7.454362988077631, -0.8807095588417409, 25.0398081294289;
  7.521418781181738, -3.940258174115148, 25.24551989230374;
  7.317204393686535, -4.119478720385168, 24.54198386122677;
  6.825738892709695, 0.9961283848250128, 22.94274186141391;
  7.004380574051616, -0.6896556197158925, 23.45462384070305;
  7.370438592294265, -5.029481080888691, 24.37295645786872;
  7.163963633540124, -0.3513475811510381, 23.68860447935637;
  7.431533565797571, -0.8778942445254981, 24.37853599645156;
  7.325533517400759, -0.566678225736529, 23.80452271950833;
  7.438247799664283, -0.2520166766287113, 24.14754573201411;
  7.168357278834022, -0.1004595759792663, 22.83724924995072;
  4.24130518529436, 1.505931386876347, 13.85702373560689;
  7.228206052929726, -0.1193711602086499, 22.44456803104004;
