m=[-11.73818611612881, 1.210823863178931, 15.0818431792908;
  -11.11689489738643, 1.58294346971812, 14.87892338925916;
  -11.0660528403223, 1.559645416498081, 15.06800915180219;
  -11.98572546762964, -3.103192120732488, 17.67685622844705;
  -11.13865926294483, 1.537221605586468, 16.57546201666854;
  -9.521217892478989, 1.614716567882325, 14.34386593133097;
  -11.237130251367, -0.06244453246342251, 16.77790521086925;
  -11.61053318158393, -2.702637698836269, 17.314266195409;
  -11.38506262465972, 0.07344303516167412, 17.15132458144367;
  -11.50849915574537, -0.4425846458741433, 17.33761695278494;
  -11.38161674971399, -0.1431829291474464, 17.22711481081678;
  -11.36907336959975, -0.2688715788309252, 17.26015325359444;
  -11.33858238659525, -0.3234443201986291, 17.4697371013106;
  -11.9169950706154, -0.681927594318713, 18.48872875359127;
  -11.79672672572987, -0.1504012007288103, 18.39784370087047;
  -12.15410483795794, -3.189540328758855, 19.03165577617882;
  -11.84716035119334, -3.292531694737255, 18.60016711737264;
  -11.42781300480337, 1.203584688294573, 17.99923995239794;
  -11.45344398998037, 1.080863326447422, 18.06020528825876;
  -11.89049064206827, -0.6757496327907095, 18.75069180765997;
  -11.76543001048102, -4.024146950876557, 18.57253958317614;
  -11.87327150062185, -3.012276572357923, 18.78008123523376;
  -11.84725985657819, -3.34743817746948, 18.76771232382747;
  -11.88275854079715, -3.200084124948812, 18.8492099190425;
  -11.59269048677671, 1.361249177596992, 18.49815572112948;
  -11.70009607090939, -3.006108050612173, 18.68995110633054;
  -11.42810010896478, 0.1343365146869294, 18.29411364854085;
  -11.75713306774611, -0.5389043449240887, 18.80806672881585;
  -11.81288738292255, -0.7634335576466049, 18.90048790107834;
  -11.57901994083257, -2.964893805090431, 18.65993692834646;
  -11.46333695520225, 1.238632861278058, 18.51629196679682;
  -11.51214308195415, -1.162293939843713, 18.62768502682303;
  -11.58764748335442, -0.1826619123329817, 18.84131695929021;
  -11.57928078837207, -2.791462157270609, 19.05242616881403;
  -11.5823562408044, -0.003158863350521087, 19.26434265961518;
  -11.29104004199097, 0.5365072209577464, 18.85458552448555;
  -9.290755472544083, -2.828914573539305, 15.77628988292033;
  -9.830238108405919, -3.670789702536883, 16.77279093131772;
  -9.251065051180749, -2.712230408765356, 15.82936689391799;
  -8.9603642006626, -2.390360593271639, 15.39732692570161;
  -11.52925812235433, -0.07235546166754824, 19.5372054984458;
  -9.164211470924437, -3.605556942086142, 15.79099949023437;
  -9.254009236064041, -2.607255851480564, 15.97200528113829;
  -11.45914999415573, 0.5323004311295787, 19.58775013225809;
  -9.098065753940855, -2.303741536322254, 15.76497267103966;
  -11.30261692111491, 0.9370379467987892, 19.34992554352345;
  -9.089171993872633, -2.374085980771738, 15.75932926739682;
  -11.67288409566471, 0.05047417745576355, 19.97233598015463;
  -8.686817342778067, -2.768728306536243, 15.15719484258871;
  -8.952085477796553, -2.684082010942567, 15.58868298472649;
  -8.948394967879633, -2.230222547490942, 15.60367715696316;
  -11.22000478119099, 1.505508090315397, 19.35252308259771;
  -11.38807996702841, 0.8567039828815578, 19.64047578303768;
  -8.568258402498115, 1.569362159608337, 15.04760277498572;
  -8.636462978316974, -2.77103835214867, 15.22734937631178;
  -8.882808441295289, -2.461794033018779, 15.6420461557401;
  -8.979432735003099, -2.183620662119524, 15.81392301887941;
  -11.47841703073694, 1.115387807100838, 19.94107158978063;
  -11.53257698021004, 0.6877208573528125, 20.03573224984929;
  -9.007854969804271, -3.185308330957788, 15.88161925295591;
  -8.67917753357135, -3.208739776036541, 15.34970926844048;
  -8.898129538656665, -3.022453844469058, 15.71964883150801;
  -4.575075921738421, 1.708126721316819, 8.59880864226651;
  -8.667117723064738, -3.572751767836592, 15.42884689517517;
  -8.838992260277507, -2.405825981379492, 15.75956280442436;
  -8.798130393968389, -2.170938711434478, 15.69201704566507;
  -11.4522019790291, 0.4804946167535682, 20.19941650514546;
  -8.602755155583139, -2.961498206579283, 15.42598298162409;
  -8.503290123556864, -2.617773781269907, 15.30940604145876;
  -8.587132231017781, -1.607875952534994, 15.4857370871187;
  -11.43963372269104, 0.6344999192346063, 20.36561263709861;
  -8.703451086345735, -3.446015237033119, 15.7868263775411;
  -8.591945509093018, 1.220172872198439, 15.61197234262317;
  -8.319640270482562, -1.486570615913741, 15.15370208496464;
  -8.773358984115633, 1.173659004790028, 15.92896359368859;
  -4.751163571939344, 1.716156277592764, 9.125818295933684;
  -8.566340454840486, -1.705224487605346, 15.67027730128658;
  -8.163614716549633, 1.336382199032339, 14.98386910897696;
  -8.924084215031378, -3.755896359410008, 16.35639775869838;
  -8.549495462894079, -1.817334947182615, 15.73008011901552;
  -8.54823222680413, -2.330505343921337, 15.72843037131796;
  -8.441786885497409, -1.655372439816923, 15.57627666394596;
  -8.720285578141581, -2.050569324733579, 16.05862649747873;
  -8.268353876672048, 1.598737499143201, 15.28077825816208;
  -8.764076015909632, -3.776926825973231, 16.18129118536259;
  -8.696882176361065, -3.594474731742222, 16.10306932961344;
  -8.104619025564032, 1.486332093059614, 15.08618854233324;
  -8.303070099474189, -1.612190993756234, 15.49531705421052;
  -8.270427333459562, -1.401363949347358, 15.45525798627817;
  -8.305017695138327, -1.902732910456567, 15.51858343265339;
  -7.993997753295918, 1.561511601430892, 14.97799890795003;
  -8.459249102438683, -1.827170476498918, 15.81104081815699;
  -8.244359774732956, -1.322537759017341, 15.4652775552579;
  -8.344402519548641, -1.690051376508374, 15.65575907961949;
  -8.4068443563578, -1.501098293003792, 15.78513701575494;
  -7.990521013664456, 1.235600226464116, 15.09008327053112;
  -8.304511218667152, 0.3239647465134575, 15.64820229174778;
  -8.325793168809451, -1.894195016557483, 15.70565047735218;
  -8.431885935084219, -3.256060649764326, 15.90212418546384;
  -7.963226630253685, 1.146624804630368, 15.07774833411946;
  -8.018084980853061, -2.817293870737904, 15.1883416178609;
  -8.183671559360038, -1.225697655607401, 15.51535985058567;
  -8.235787939032445, -2.782623281145483, 15.60629558922209;
  -4.655700360282247, 1.673840402213625, 9.262115696386399;
  -8.179947358498554, -2.412454189925256, 15.52553416964334;
  -8.239922450588066, -1.586454018236057, 15.64377610986111;
  -7.612006979786314, 1.508525203287312, 14.56090555225965;
  -8.244856685167884, -1.4406621028749, 15.71065338662814;
  -8.107349690870285, 1.112889850060411, 15.48066009261469;
  -8.119895501058791, -1.270744059501352, 15.51753242091852;
  -8.497807775157293, -3.208292943121627, 16.23730687401053;
  -8.297174686631381, -1.386623028248838, 15.90417086036068;
  -7.989996169630448, -2.860838164769402, 15.37485153505812;
  -8.249933523140152, -1.243172372113367, 15.91040954816151;
  -4.558798278271868, 1.697677769081678, 9.247802046973815;
  -8.035391611030722, 1.098748606592488, 15.566717862029;
  -8.150749824215009, -1.429748748186749, 15.78994326484474;
  -8.06624102229442, 0.04316721908603209, 15.68616550966977;
  -8.054698177782246, -1.309839381887618, 15.68013281672316;
  -7.984816010656594, 0.3394412495941341, 15.57976605962298;
  -4.671875292383064, 1.669850162464753, 9.536265924137824;
  -9.642429439022596, 0.9269502523151753, 18.61353195468898;
  -8.532084981715599, -1.725240070099417, 16.59964300564379;
  -8.069947204091204, -2.658213535072644, 15.76378888236607;
  -7.901495609898722, 1.17080210304866, 15.48625100022519;
  -8.077931109812727, -1.414137809008593, 15.85131119430881;
  -8.067427046146387, -1.723127658142287, 15.86138454553037;
  -8.275444809026906, -3.034603528018113, 16.27832252242553;
  -4.603864867855561, 1.709832040399331, 9.509595485172895;
  -8.446969036253609, -2.941581079457849, 16.62036690524468;
  -8.116056425139071, 0.4286580078904993, 16.03264973742375;
