m=[-4.51386370203955, 0.7712484417377127, 7.466942190011459;
  -5.570341952478602, 2.111227871588594, 9.353196384745406;
  -5.550847188139183, 0.744816558711033, 9.574229283441827;
  -2.333625328383048, 0.8389965109437968, 4.642547009230454;
  -4.317147363866539, -0.8907967741969816, 7.726894158177069;
  -5.605435506644656, 0.3342683009253454, 9.738413638829679;
  -4.288895370207508, -0.8030634143242929, 7.734445483125176;
  -4.261949634438353, -0.7705222456979072, 7.698414456785601;
  -4.262677337432075, -0.7278443373859712, 7.77649869713384;
  -4.255329393391071, -0.847070218921433, 7.784209833158606;
  -4.196692762285868, -0.785582505071282, 7.702306505715284;
  -4.142961671610428, -0.9742146677680013, 7.629368726699495;
  -4.245011077853826, -0.9023464620156236, 7.810328065621947;
  -4.207123093527844, -0.8249859555099335, 7.762730113057652;
  -2.328878515426088, 0.8324019636579935, 4.753723812860179;
  -4.204491859024682, -0.9262223284669604, 7.808228609515918;
  -4.153950274487387, -0.8065644563766722, 7.752165856661025;
  -2.303031998832717, 0.8553243882467136, 4.75706896855762;
  -4.169593849650433, -0.9006188006541166, 7.793318030196546;
  -4.171268112393338, -0.844836691257455, 7.826128769691903;
  -4.156163373125, -0.7421107707465316, 7.803832868039853;
  -4.111008624056177, -0.660185864143825, 7.781093002782578;
  -4.100830489815294, -0.7895437181217778, 7.785567695795984;
  -4.125638865977596, -0.7208920411017035, 7.861444376392551;
  -4.121015580549759, -0.688703723807282, 7.899235388749101;
  -4.112390981165246, -0.6687490383820717, 8.005618007740178;
  -4.005544179301587, -1.319412814417539, 7.824407174496661;
  6.704003358516219, 0.661187033303614, -10.37328805069124;
  -4.054042367211963, -0.7097082796154276, 7.955240801636272;
  -4.000985360807299, -0.8222669358822687, 7.907087579999083;
  -3.676273696146638, 0.7532436763466985, 7.354250496907542;
  -3.988917959341015, -0.7353073670960657, 7.898136921516452;
  -3.9837965952187, -1.519594025593963, 7.953714061417093;
  -3.653567327743291, 0.7619700162750959, 7.385538620463485;
  -2.304397156867936, 0.8487463873711877, 5.05744684314459;
  -4.044280504898943, -1.045680438892696, 8.124694564255393;
  -3.873458297312832, -0.8169011497648201, 7.845305166407906;
  6.690441416024108, 0.6754832230077019, -10.82573718037509;
  6.651562725977423, 0.1048519269571445, -10.81532742299665;
  -3.965685215118323, -0.9486498203973135, 8.086560609941271;
  -3.567572397939526, 0.7738590915808183, 7.417472916396984;
  -3.553712531772146, 0.7111816096297473, 7.399160015075354;
  -3.495960851253597, 0.726382201879186, 7.407476048579408;
  -4.10885961219573, 0.6050369590780672, 8.805188214634882;
  -5.704271071894266, 0.3160439774759635, 11.83813596012431;
  -5.601120973882384, 0.3198274089054876, 11.82361182121745;
  -3.939236482067527, 0.4822351286945472, 8.626723535671273;
  -5.584479384822831, 0.4462176493446826, 11.81688847732664;
  -3.924222940711645, 0.4599455172693769, 8.69586495732654;
  -5.662891768344095, -2.341711387016673, 12.24654956111728;
  -3.93804596806553, 0.3213455271448112, 8.857354230194426;
  -3.897685769680418, 0.3663643354388976, 8.819879001468356;
  -5.656569814020029, -0.2237544953254057, 12.35676736950365;
  -5.527529414849891, -0.3079520039609343, 12.10079625288332;
  -5.619527670639035, -0.706403237137198, 12.35037711415505;
  -5.590409382916013, -0.7657687249243131, 12.29249166297328;
  -5.518207566379386, -0.9017853468637531, 12.19892809427337;
  -5.601020806299087, -0.4251287735348404, 12.37889303407721;
  -5.593700507557752, -0.06633956226656756, 12.36560327400962;
  -5.665038833817433, -1.87809330425462, 12.51598466287776;
  -5.383711438329329, -2.327253531032417, 11.93962795664811;
  -5.63682024464404, -0.6427866063127821, 12.4579858114329;
  -5.703304352827707, -1.597088966457166, 12.59108792550767;
  -5.404338758114795, -2.368317529106989, 12.04416002597315;
  -5.666794953200547, -0.5205342230179293, 12.64399334092885;
  -5.13755500950094, -2.290778696273632, 11.63415329244177;
  -5.836710630101003, -1.950205380706462, 13.08829436314741;
  -6.164722106150606, -3.039204621910346, 13.80785040249392;
  -5.813238409637481, -1.653285836291639, 13.09916478763675;
  -5.765350599379454, -0.2364470747320853, 13.04689803926678;
  -5.924211098604587, -0.3237469367385268, 13.44795503763871;
  -5.734083673858709, -1.966343504252239, 13.10002183126559;
  -6.058886137224528, -2.984710357620312, 13.8114907624342;
  -5.689891851597037, -0.2193174672957456, 13.08527865976903;
  -6.17374631038237, -3.041779796459859, 14.37830438519736;
  -2.954595110609668, 0.6879556903037577, 7.457378619413897;
  -6.176729792670488, -2.995808239263869, 14.60202736551898;
  -3.513197571262702, 0.408231287899272, 8.784276395515475;
  -3.732026366774113, 0.1646355671063658, 9.285551551373732;
  -5.682109479743639, -0.09233042571686757, 13.6466063196961;
  -6.080685029290435, -2.740292482443345, 14.53250230361907;
  -5.640806601630875, -0.1795271979714077, 13.59581226273861;
  -5.633545098790902, -1.947544954688234, 13.58376561776796;
  -2.412316631023521, 0.8989167794106026, 6.430772238204917;
  -3.489361127149206, 0.3734559509115143, 8.849141878927121;
  -5.712024107706734, -2.045456147309175, 14.10196569507777;
  -6.231794599141267, -3.23032934875854, 15.31319407874436;
  -4.52759880803431, -1.168632670956241, 11.41115837561659;
  -2.77650472861491, 0.7605431682780148, 7.442939669971537;
  -6.171612822482912, -3.018548100752017, 15.28757791556192;
  -4.461377212867738, -1.076574011047436, 11.3982396796274;
  -3.158113301170972, 0.3443070497476656, 8.409561598260339;
  -5.660161167027123, -2.059852015050766, 14.25125567226815;
  -2.760008345235729, 0.7039225189032387, 7.489604806741298;
  -4.306461714784538, -1.086657398557779, 11.12778661075199;
  -5.527253013684788, -0.1047983977256622, 14.0121069330039;
  -4.372207666966928, -1.134761543113483, 11.44526335497564;
  -6.158182067849563, -3.037496580221473, 15.76030953136534;
  -4.352426577970868, -1.211346726360711, 11.45184035235241;
  -4.406483959002022, -0.9845264035065641, 11.65026824248175;
  -4.242236691726399, -1.173314787545581, 11.55151927626609;
  -4.213698332703224, -0.9700447781271041, 11.49073396304376;
  -4.140703543964696, -1.17944130161044, 11.42594004905217;
  -6.043479344825036, -2.879640459978942, 16.20768086373891;
  -4.335924373164875, -0.8465676548747143, 11.93711477926149;
  -6.027774510158569, -3.002066120247226, 16.23309897830819;
  -4.073616067883465, -0.8391447720616421, 11.32660712428408;
  -4.128019374094381, -1.771426652927759, 11.65287392012473;
  -2.52910261367188, 0.7165239529065176, 7.542992889003911;
  -4.059819973092353, -1.044059719602017, 11.4816113399715;
  -5.387830898879044, -0.2469640057221766, 14.97012774329373;
  -3.880295632904775, -1.561742502233092, 11.14173899498841;
  -4.008111772052198, -1.032553507413397, 11.50065798547236;
  -3.965044607055352, -0.8196140693862205, 11.42819134602053;
  -3.875638531246749, -1.628392669670395, 11.27459482610207;
  -2.915222041129038, 0.580889890207277, 8.747404799894879;
  -2.949657655094295, 0.2878407015389533, 8.846605405178842;
  -6.11090052569837, -3.006963934144518, 17.24736652188228;
  -3.846166818125818, -1.384867062453109, 11.29762300040445;
  -3.89313173187239, -1.14545443285882, 11.62385741883289;
  -3.81716316090636, -1.657889702711535, 11.43155321626466;
  -5.649731291472484, -0.5299443550914257, 16.52671485474237;
  -3.804420982140885, -1.715445011281873, 11.48061681756473;
  -2.832052405121681, 0.3851495252309207, 8.839162738417517;
  -2.876037074096184, 0.2174172748194632, 8.966684987719125;
  -2.824653836922119, 0.5808185228742963, 8.827312214096253;
  -3.995203996307219, -0.853723601793518, 12.10588361672403;
  -5.467418061086322, -0.1571937035711274, 16.66226661011767;
  -2.673517176752656, 0.4508644967266204, 8.722767389489954;
  -5.473934999438663, -0.347954672601149, 16.79611881462277;
  -2.62036017561371, 0.3892512312983956, 8.625496122163687;
