m=[-8.414305800582051, -2.037756095225929, 20.31392243514782;
  -8.592954457640859, -1.637085737568635, 22.14769108886069;
  -8.548207110162181, -0.5792942308169899, 22.08026762625998;
  -5.697828823458216, 0.6171518448905491, 16.04779490820909;
  -8.775997484599413, -0.2767163466054, 24.17531505402381;
  -8.587513566564924, -4.952086890836142, 24.5909991718672;
  -8.686385851341424, -4.83215328928723, 25.23551291335891;
  -8.655683945508365, -1.740256719339262, 25.21441326698155;
  -8.452327910246414, -0.6220835844779487, 24.75163224921623;
  -3.397160081609246, 0.808855470500563, 11.14885435176827;
  -8.895753837293116, -6.239015233432302, 28.9455702241285;
  -8.777896140340744, -4.987652074601922, 29.7495129418485;
  -8.392737526788217, -0.7270489169235049, 28.64456162420789;
  -3.210036910570735, 0.696255342802377, 11.64470560589035;
  -2.40227500015732, 0.7993624332895509, 11.45682523454661;
  -2.471715684867212, 0.2106232671124312, 12.28786735700161;
  -2.277883745105952, 1.050419468314672, 11.51594935344076;
  -2.267861890172247, 1.319148215785004, 11.47094090134262;
  -2.407607914771123, 0.416491433425494, 12.11990012097716;
  -2.275204337899299, 0.8813087093535068, 11.53808753431686;
  -2.290544991405046, 1.104448490190232, 11.62370120174806;
  -2.520531654702828, 0.2209938800088053, 12.91533355010961;
  -2.50472016784336, 0.4377872144234248, 12.8572572818892;
  -2.594508540533659, 0.1785375422497101, 13.28138233339423;
  -2.570892368166663, 0.4502089418143743, 13.50705899353298;
  -2.480359975091302, 0.3898354648269649, 13.09934559472058;
  -2.250811910719079, 0.6177702098485873, 12.36178779964494;
  1.752974910304908, 1.780174583211134, 14.61086834852359;
  2.032054918535426, 1.861804091216126, 15.38945829232995;
  2.249717234617297, 1.792889863195194, 14.78294325333138;
  2.371773996377053, 1.780408349144772, 15.42841366158164;
  3.501851577026138, -3.618720970522151, 22.16057427619507;
  2.303827612752252, 1.851124714479598, 14.4852444129717;
  2.452100773824483, 1.739090427382437, 15.12685045293882;
  4.51251168042486, -4.732001774790668, 26.66993302378446;
  5.175047480123693, -5.794846324147449, 29.484894427464;
  5.304067639348225, -6.090786956682922, 29.67301390099939;
  2.818542087652893, 1.787020448857009, 16.030356723607;
  2.366807965912282, 1.740862935732578, 13.58525630439818;
  4.825817965384831, -4.125425879609749, 26.39173532592544;
  5.210118137009386, -5.051885225616767, 28.3377048177554;
  4.817858840460198, -4.439244594704532, 25.94012300281062;
  4.654904749604182, -3.604499697942709, 24.84244434938811;
  4.626445174381349, -4.12479941873212, 24.4465137467625;
  3.870780501188797, -3.373374121504523, 20.57027418636723;
  2.29468378283907, 1.831545965055669, 12.20919758132649;
  4.803986311794338, -3.404476032610104, 24.36745590109435;
  5.883685413613976, -6.336408016314221, 29.53997557064765;
  5.88786840879938, -6.031838205481494, 29.38663803513544;
  5.7448119935508, -4.744882028906188, 28.50650963482443;
  5.966082483816214, -5.246915633264819, 29.37997919215732;
  4.516142939908545, 1.251436129485804, 22.41144910697494;
  6.332202494198959, -5.275714111262051, 30.50706936724172;
  4.636587341463664, 1.478674315071619, 22.60803333101006;
  5.735656437196677, -4.112186972681526, 27.32030202620506;
  6.462024376578256, -4.884602506941437, 30.18250503250234;
  2.473201976537704, 1.734285442633461, 11.80938996232475;
  2.512387910190193, 1.699301585277325, 11.65808334976236;
  5.492288904860628, -0.1154374594090101, 24.14391314226986;
  7.960920223862918, -6.757675885395969, 34.31353252158689;
  5.441934784175777, 0.2471967770199122, 23.33344254625887;
  4.873094444264279, 1.228663452067896, 20.57742713100933;
  8.078413414206128, -6.029439036399086, 33.12736231195597;
  4.914793038956263, 1.30294504633356, 20.48657300905662;
  7.982435976077063, -6.165258760631695, 32.01884026058283;
  2.517716542201491, 1.756843519285615, 10.74493572519469;
  8.065542218116899, -5.058214587963537, 32.14273485001988;
  8.107604541024674, -4.587858790574448, 32.05218683805423;
  7.871686819995783, -5.773908998101021, 31.09033272633448;
  2.446047024533034, 1.78676555550079, 10.31633009098937;
  8.279156205762938, -4.328975408311405, 32.30884987770045;
  7.865768897817983, -4.953467616746645, 30.58278936363767;
  8.062128473293504, -3.520407506313211, 31.21544203540655;
  7.990605090217043, -5.78679792303728, 30.7932772086097;
  8.225003473628538, -3.785829606309975, 31.66091748371585;
  8.159312148692148, -4.486798641036151, 31.32005631462766;
  2.490829248270408, 1.815659539336801, 10.21737868063585;
  8.258616561156225, -4.157452530176141, 31.44743028311163;
  7.905894363793047, -2.313502500046612, 29.47206608585816;
  6.370381406032661, 0.2163550580806992, 23.81753875059138;
  2.521342444382426, 1.720499521995865, 9.935645917640446;
  2.482160099050605, 1.730619606500041, 9.732826721987374;
  2.426332771416063, 1.808086663391747, 9.338845757057973;
  8.032958569209967, -1.538872625546819, 28.2820917073394;
  8.434975714407281, -5.928966139241789, 29.60503217850709;
  4.673105730245935, 1.177456280069461, 16.5254611614923;
  7.700791788488733, -0.3879918901252298, 26.43912952808412;
  7.518219271424302, -0.8060517362804327, 25.42355093681125;
  2.448847509435807, 1.82545355119523, 8.917451222108877;
  4.706977790924823, 0.9742359145053214, 16.10691773526062;
  8.239633659916578, -5.800108395870573, 27.31159389648698;
  8.283355505021675, -4.477628271794402, 27.14379113007356;
  7.579722561806356, -0.6896387268833232, 24.85859259708797;
  2.546908971929307, 1.738982111200567, 8.9658029096883;
  8.416208976187852, -1.124846289235408, 27.2866451982484;
  8.276459418098259, -4.478956754229723, 26.81100085884305;
  2.466255373345672, 1.786189420331536, 8.68427120356848;
  8.010484857238346, -4.65096925738026, 25.89935238596886;
  7.757198057993775, 1.021330784746921, 25.06851790792798;
  8.391294688831035, -0.9483522644436913, 27.03850347371844;
  8.415691018179274, -2.140908960917366, 26.95379830359641;
  8.107522382843969, -5.664669616607169, 25.81294167092419;
  7.85312617609249, -0.4970229176166502, 24.99954178791353;
  8.304019636851942, -1.102652578814521, 26.25718679745814;
  8.113121437182267, -0.7403291282694855, 25.38399349693526;
  8.027168366245165, -0.3747256956980973, 25.1094240463921;
  7.577418351751198, -0.0253874692395023, 23.57030020286133;
  2.475387037753032, 1.841066092987597, 8.358982024159726;
  2.497710369590032, 1.8651883704409, 8.260265906348588;
  2.483448775192929, 1.819888941263212, 8.210680087502206;
  8.530430663912286, -0.2692634262224299, 25.43246402449716;
  7.504409792582383, 0.4656654851909929, 22.48961265669641;
  8.076898447824972, 0.7817654827711009, 23.25644040894792;
  2.625638727962458, 1.795022277033595, 8.169620998901891;
  8.01983536603978, 0.8941639715723798, 22.41825627817315;
  8.082216859815622, -2.186860900936166, 22.51065039329679;
  4.685463076019826, 1.265117824540933, 13.28457197372571;
  4.817830782076319, 1.346855676568553, 13.49769699368165;
  8.397615092916025, -1.064131740362059, 22.71503097648331;
  8.162131299385246, 0.6582579301305607, 21.84068732355445;
  7.820231333044497, -2.129517086858801, 20.50577659884313;
  8.277753464278352, -0.9993208680267102, 21.61580020134234;
  4.531418501613956, 1.542389723702822, 12.273836155444;
  8.10249607142647, -1.017853307313684, 20.97966928014699;
  6.370826480181591, 1.056638890525333, 16.539976743449;
  6.432889763874876, 1.323004607763983, 16.63730010646009;
  6.361986495015357, 1.240976952057815, 16.3376745922314;
  6.300647679927559, 0.9630212306961551, 16.16740519615999;
  5.030344762441135, 1.414173546158142, 12.22444990591382;
  6.397806319887379, 1.07937162371854, 15.24464946232631;
  6.201213306637495, 1.286023344595997, 14.74261860532949;
  6.550796740554914, 1.021843228377819, 15.43988043114262;
  6.377181859025014, 1.044744164642095, 14.88527404667439;
  6.40266322705611, 1.130184693124031, 14.91890700974228;
