m=[-4.511580389022558, -0.3090420599775011, 11.14155805834227;
  -3.644393481523186, 0.03427691000311369, 9.314393225724254;
  -1.718186407116745, 0.4122433179689388, 5.139811499456578;
  -4.601749746650641, -0.9225635178206819, 12.88912221942555;
  -4.563252589319059, -0.3410313923779659, 12.84359686685476;
  -1.559720699063807, 0.3423105592574258, 5.180458282680362;
  -4.754374388037023, -3.340024604385992, 14.95430011777027;
  -4.703587138008056, -2.665735650307575, 15.41016799699839;
  -4.66692943271839, -0.4038640913065664, 15.3973433611133;
  -5.356516152758309, -3.348109532076431, 19.74130026891892;
  -1.193694573836365, 0.3992573447887187, 5.203516930085653;
  -5.715428653281172, -3.513272731625569, 21.60244446075729;
  -5.812727820289297, -2.901782576027686, 22.48122424403002;
  -1.160737264930833, 0.3604653325316238, 5.428838719388622;
  -1.217271065180633, 0.3126086500798558, 5.742217768849885;
  -1.280976412096251, 0.3703434418569769, 6.204348794321485;
  -5.329958551571726, -1.210750579511992, 23.13050112200708;
  -1.28542201829098, 0.4082149796945061, 6.397858978928161;
  -4.84764858934961, -1.044674393925369, 21.53947062485785;
  -4.936631455271768, -1.074626184266111, 22.79968650563936;
  -1.350210823176813, 0.1168784112921018, 11.31109582088947;
  -1.393492819162932, 0.1759377249365358, 11.6677806348455;
  -1.371769689398908, 0.09919622071185802, 11.99204502956903;
  -1.421610713623099, 0.1687916155921048, 13.36322330819133;
  -1.723784756355518, 0.194742166343054, 17.37385136242257;
  0.04182771583223899, 0.4621285646137324, 17.7769860126613;
  0.3389770383500834, 0.4547756397152681, 19.91044353708771;
  0.444067453005, 0.5270673050902471, 20.08197602405471;
  0.453051641439077, 0.4725196792456941, 19.86479785075789;
  0.4724126922087839, 0.5790810365588993, 18.73107164021834;
  0.5586352298715926, 0.5099811090635249, 19.26477131117263;
  1.20695333847788, -0.04192087740725253, 20.89389005361127;
  2.246221554635661, -0.3187948332907181, 23.25204256603502;
  0.9901285331066559, 0.3606089916303162, 9.579203645819609;
  2.730139912201105, -1.247603240506534, 21.70864714451834;
  0.8586589375244801, 1.028013504351405, 7.180887390641938;
  3.148319214801479, -1.550556831384688, 22.781175036834;
  1.232513428649872, 0.3765082076187179, 9.525165593126495;
  2.046043198550343, -0.5593311225685701, 14.80820283788717;
  2.078439694177448, -0.3966307372667413, 14.73866502279947;
  2.014527060435809, -0.27791417258269, 14.31041620633867;
  1.853097000387663, -0.9356319072437001, 13.04499198845171;
  2.068328004618852, -0.1799403394906015, 14.00683388549555;
  2.020646932606565, -0.6762527403411345, 13.53632613597662;
  0.904505452136534, 0.8858482865581479, 6.638545923707824;
  2.079813746661281, -0.2555910067364504, 13.87655938426676;
  2.258501409031247, -1.880141151323767, 14.96173547445201;
  2.142703752152844, -1.504087114621768, 14.12008199260172;
  2.290255955424194, -1.204141640211496, 14.83254286231876;
  2.099251679172741, -1.502167748594955, 13.46626204725905;
  2.126470252353335, -0.7851209929228263, 13.62148510341406;
  2.286535465540757, -1.414680882456213, 14.39643355871972;
  2.197541160700283, -0.238981879013652, 13.83094134683969;
  2.204888586317596, -1.681664444358208, 13.81895703756567;
  2.27469021424182, -1.778982305521837, 14.21910708039546;
  2.183254150629434, -0.5786598082150837, 13.68755313206133;
  2.224375700940714, -0.149795687228082, 13.92946820947729;
  2.241646639199946, -1.58750159631147, 13.82624791095932;
  2.313441175690406, -0.6588832984521311, 14.06740564916879;
  2.288676477905091, -1.434679648729399, 13.90784984345984;
  2.414527363876117, -1.371541169687412, 14.46586775924271;
  2.184126728750704, -0.3337425270115322, 13.16236067650387;
  2.314743367618105, -2.799436450136513, 13.79077861168741;
  2.454008700423279, -1.938700236600869, 14.5104792480637;
  2.273424164552861, -1.542180120613932, 13.42118047735801;
  2.593994046808214, -0.3842131974014094, 14.96345489977037;
  2.342654594321401, -2.099687120045354, 13.53602480326458;
  2.368275323552559, -0.6150985249270822, 13.63123287631476;
  2.374396215426337, -0.412904257993695, 13.64479832109625;
  2.483999849958295, -1.891449764492648, 14.102564481932;
  2.362557995441068, -0.8025906983526746, 13.50853032597575;
  1.641438922424164, 0.7460703948580871, 9.700762379771971;
  1.578618401200704, 0.4750754938333227, 9.370953303224585;
  2.330179982728752, -1.866020007304545, 13.28021119199701;
  2.492172589378332, -1.829645637760957, 14.10089413590294;
  2.307025013230942, -1.172686821654429, 13.10422593856339;
  2.372387596952037, -0.7526534300732497, 13.44437823683335;
  2.439541079889648, -1.486656698681032, 13.6581396355311;
  2.379844474222691, -1.842346221874202, 13.3424518069235;
  1.115464185907535, 0.888455974123166, 6.816492339948724;
  2.466152733510254, -0.5970233026686274, 13.75079690550117;
  1.139317786226598, 0.8557804614256976, 6.917395550542054;
  1.863453918641752, -1.881317533738579, 10.56603954134409;
  2.54567906307291, -2.862209168662133, 14.0150360030623;
  2.434919559705572, -1.849311464177426, 13.35699496716766;
  1.79833746799992, 0.570121800954743, 10.15042109918399;
  2.557991954870181, -2.952211754592355, 13.84026777621033;
  2.519697427128993, -1.772681924727647, 13.44745763450567;
  1.194638302830334, 0.8471204002239523, 6.866750092171708;
  1.226198778044244, 0.8093174042137549, 6.943382474492817;
  2.134676063775592, 0.663640301662487, 11.3097397533452;
  2.125381682272779, 0.5485398850019788, 11.01356247216661;
  2.083575602894195, 0.03612633701039419, 10.7666992524255;
  2.110514401389394, -0.3996126069298389, 10.84261427269921;
  2.057862566838068, -1.741201824929979, 10.4645269386793;
  2.117877485539479, 0.01187420389039689, 10.69362673998099;
  2.099309527590362, -0.2831132042313402, 10.59061994460502;
  2.128123145450964, -0.2170989884172623, 10.73022485385963;
  2.12370713956265, 0.1594828863345865, 10.70280421565553;
  2.095675708458347, -1.809472227458882, 10.54537152987572;
  2.855575227520685, -2.936068003778643, 13.76595085983591;
  2.368320312721392, -1.145785851648412, 11.61827378368542;
  2.176210737975924, 0.5115664272309005, 10.74277274704901;
  2.167856094352409, 0.4575234141312974, 10.70253073409073;
  2.229695174265788, -0.1524280137005952, 10.95552393193907;
  2.128488590782812, 0.3069970555104083, 10.50814130543738;
  2.105246337288911, -1.648410070636317, 10.27752708061146;
  2.13532578692051, -1.12179129930957, 10.43603736979193;
  2.269473693490209, -1.610983217836584, 11.02289976239959;
  3.053741643325741, -1.661845666284287, 14.18657749944813;
  2.33270314076637, 0.6419927552887588, 11.03250206945832;
  2.891696667756079, -1.440307167072009, 13.35155591541422;
  2.852871965536155, -2.059433374073551, 13.09495164266065;
  3.075109751351022, -2.334730262988358, 13.87930866698081;
  5.611155758839495, -6.127535052496013, 24.40882277207993;
  2.158593941289766, 0.6860606576086026, 10.03892699925974;
  3.802943332563826, -3.419709743803418, 16.78844728526835;
  3.199609320062689, -1.833623970409236, 14.31453443938919;
  3.093548317854986, -2.179421775700744, 13.83451154869017;
  2.403159571324992, 0.2026994841656603, 10.73195070184349;
  3.127383195948486, -1.349762410505795, 13.58189821737483;
  3.214629465290408, -1.673067451123366, 13.88048394628817;
  3.319466897617546, -1.66191693124828, 14.25229340720485;
  1.081516793286778, 0.8922428007496861, 5.351573397547118;
  3.806552385080061, -2.238134128186821, 15.98264179661097;
  3.702562176964517, -3.156890783856436, 15.49015930924674;
  3.502275152745944, -1.638730955980208, 14.58884358093777;
  1.176798559214481, 0.8933727195854928, 5.579342432720769;
  1.211867745755343, 0.8587542900343921, 5.662265534782664;
  2.617656740827076, -0.06487525714378474, 11.00755197324578;
  2.61415267539198, 0.1144065462539355, 10.70628506274778;
  3.826112301585996, -1.814034838770421, 15.04873635960742;
