m=[-9.41237336949354, -4.204766374921582, 19.4947484350944;
  -9.47738695940795, -0.3726841664893142, 21.99863226728558;
  -9.629443805557051, -5.298054719317691, 23.61100795804013;
  -9.629651339767285, -1.823427672968735, 23.72340716561846;
  -9.618916900702702, -0.6588932563361889, 23.75436363016184;
  -7.581463125649928, 0.071306550889015, 19.37681239324285;
  -9.770234430132083, -5.629673038216497, 26.85768744135883;
  -10.00983273280743, -5.554878636705889, 27.93703999789503;
  -9.939206197932364, -1.992622271774691, 27.83889835436284;
  -3.443316569809899, 0.8261526465791719, 10.3003946652546;
  -9.920421099905864, -0.7413955187568296, 27.92172619478946;
  -3.083753733686785, 0.6767887775190157, 10.2423835120051;
  -9.982828003785892, -7.013097504036682, 31.39975816131146;
  -2.393184345924084, 0.8004530208030908, 10.43229611139962;
  -2.296852424256165, 0.9912945966815537, 10.61593571379437;
  -2.294584346489844, 1.063941660978197, 10.61003701528267;
  -2.31205936762441, 1.351967580053843, 10.69312647242651;
  -2.273210323460879, 0.8848011694645804, 10.54427871907488;
  -2.262632475132128, 1.095804364779966, 10.50950751753241;
  -2.543363152378636, 0.4573433923810497, 11.78194626657291;
  -2.389002438986906, 0.7419013626994997, 11.17350957303745;
  -2.299403651540303, 1.345527116434345, 10.85076425759717;
  -2.523479236209322, 0.2301525989070631, 11.95577810497012;
  -2.670237034754921, 0.1911636451370888, 12.66697217981484;
  -2.742496476879854, 0.3174152001213981, 13.44148345027243;
  -2.555661080889961, 0.8116082666987371, 12.72014868331575;
  -2.510682021273105, 0.6792872812378511, 12.68295291984476;
  2.357369408011537, 0.7064560810483688, 18.06186159364086;
  1.693514843195938, 1.717257530426088, 13.10441566474362;
  1.839613133146671, 1.801667572128526, 13.50169447558705;
  2.550544284714312, 0.1997404609903694, 18.11346363378184;
  2.191318957470047, 1.745363449199073, 13.39093543001227;
  3.073361093257887, 0.9249091091279998, 18.24400581354003;
  2.295528165085199, 1.724249525532804, 13.93735488664279;
  3.532676784025761, -3.56654205844979, 20.0307623458761;
  2.215843445529308, 1.784844624092671, 12.95564661251839;
  3.41402925595771, 1.082339962634242, 19.2699285921268;
  2.358013504562812, 1.672072073184169, 13.55380068715112;
  2.411204932160556, 1.591446796119032, 13.65351064456057;
  2.194848507785275, 1.760484332908054, 12.26211275467255;
  2.374167074667408, 1.761590923198467, 13.08977050771189;
  3.960812173129467, 1.231359937935959, 20.9848021674754;
  4.018356430422165, -1.558894340702204, 21.13971285677197;
  4.204024286668589, -0.3168794824397473, 21.92480899328948;
  4.283147589988258, -3.989648175701306, 22.24795235456167;
  3.922086044191731, 1.012251420812178, 20.32394464919196;
  4.032935364370949, -1.042881065777519, 20.79343176943696;
  3.715414217372299, 0.06442017556913082, 19.1990861387835;
  4.004862081356128, -0.7582954068788211, 20.57468773248713;
  3.428422872669416, -1.175954120370373, 17.77357790209906;
  4.157460284978913, -2.283777074406015, 21.2357116570099;
  4.160951898388648, -2.549745550548099, 21.25968687780286;
  4.225853972030908, -3.236364010489256, 21.54210914665846;
  3.964224899986145, -0.2613754252379952, 20.01980913950876;
  3.969088947797276, 0.02225330395504937, 20.04079839146898;
  3.872128847275303, -0.5221958890488245, 19.53415847405051;
  3.950158196181632, -0.4029726147720006, 19.91712074742911;
  3.989845650849444, 0.2996232807118623, 20.10754498876919;
  3.695695083844371, -3.314950649576058, 18.74498547180882;
  3.962489483101126, -0.7912114098007678, 19.94590062994239;
  3.952090496834776, -1.208009967778953, 19.8972716660266;
  4.093629140537117, 0.962297996829406, 20.20802801864235;
  4.060748032440856, 0.8570159747085444, 20.04758560026991;
  3.950937654262097, 0.5698532900839159, 19.50539520848;
  4.594135828680185, -2.02423409058152, 22.48661240494972;
  4.40412870462265, -2.130703491199973, 21.60534315989425;
  4.415462832303564, -1.270384783479313, 21.63798059400929;
  4.425282025847927, -3.059338352025749, 21.70014874202131;
  4.059574650367483, -0.277523541139907, 19.94656836903238;
  4.289735984310226, -0.8822184229762772, 20.98733666952682;
  4.358161428412667, -1.773466977905252, 21.33741233263583;
  4.137998878817391, -2.173893635923626, 20.22375751747664;
  4.663610359476979, -2.890325463393707, 22.63791320197738;
  5.200261265639973, -5.346845905576604, 25.06904400598194;
  4.169055830358435, -2.959399351574892, 20.24922547183817;
  4.477805838724076, 1.23235522678043, 21.17774924679268;
  2.162479267371567, 1.784028292541839, 10.70040390666797;
  4.078148207237074, 1.296147917106949, 18.96615725704903;
  2.201875376125641, 1.758596671693347, 10.73321861387307;
  5.652757571299238, -3.982398746624106, 25.27943056545172;
  2.362041892257569, 1.793156332949257, 11.19872254613697;
  5.85912434249437, -4.033513051530239, 25.39468988462327;
  5.725165704758305, -2.608526102483339, 24.6221553409491;
  6.142061751673265, -2.669103516946682, 25.72772202697729;
  4.8219295157772, -0.1195053241268033, 20.27677614425294;
  2.403070245655677, 1.803116282378796, 10.65889308310498;
  2.451334847517421, 1.720088261064058, 10.69171784236647;
  4.882885399235126, 0.2136960321938714, 19.99789970381186;
  6.904897402927021, -5.178262555685619, 27.45050350646703;
  6.844091266590271, -2.870057470728776, 27.0639553018148;
  6.815687022450873, -3.231450813337667, 26.8072312116779;
  5.144493567341285, 0.4606541868422761, 20.31666520840003;
  7.052466880984051, -5.462134128961254, 27.37948440633096;
  4.571554221187987, 1.203317409446118, 18.08541029603102;
  6.976573392565013, -4.400743169696801, 26.9260275671874;
  5.196539264991015, 0.2160002069218338, 20.19226857269464;
  6.992196115361048, -5.14891455359194, 26.7125217162316;
  7.096958113325531, -4.937146600115436, 26.75334981650883;
  6.675766814196564, -3.510941964027101, 25.2232225659233;
  7.095475002757368, -4.506562697950014, 26.69960378783057;
  6.93552206187773, -3.046452088531712, 25.96268329515344;
  6.876072216902631, -2.464103051845295, 25.69576451966297;
  6.930242065768987, -5.036910825381761, 25.82183695518297;
  7.151377880031231, -3.953435675039004, 26.55262410110256;
  7.10325352044582, -3.598977858504537, 26.16782949615821;
  6.977251760136467, -2.540092259453341, 25.66211033953559;
  7.042561563031137, -2.327505018398263, 25.80783042239728;
  7.212052010078259, -0.8875234660273172, 25.96279689902004;
  7.144496130638546, -1.439004097581131, 25.71909028767888;
  7.245544700734247, -4.198745341946295, 26.01310466132248;
  6.770335204942347, -2.003943127780011, 24.35463782453376;
  2.492553884197519, 1.744128421361567, 9.635231992891837;
  2.41867267956318, 1.808422187979669, 9.334107080207657;
  5.777457743020134, 0.1856187340705411, 20.65550793565509;
  7.042166500815883, -1.0460348780256, 24.88124521348643;
  2.504677693759577, 1.830385936487461, 9.518903822983351;
  6.84694536832462, -0.6348582939888837, 24.00308182607367;
  6.805983735842599, -0.7294764060326405, 23.22899672165794;
  6.739924720526031, -0.7882492829159551, 22.97726784836424;
  6.58437923713502, -0.4209377505484224, 22.42301109836081;
  6.910564710704867, -1.32656470806464, 23.43147267713286;
  7.089578375256527, -4.975994416155103, 23.9938476145024;
  2.486514134916729, 1.816336712346086, 9.043792542014;
  2.472058360692752, 1.754465087560677, 8.86485565798804;
  6.593703984145302, -0.3477606999759644, 21.74583820968018;
  2.586606180227916, 1.769204649073771, 9.153392688641176;
  6.763748198856516, -0.7289773295561363, 21.93817764884543;
  7.300333916398367, -5.172644486483468, 23.34396787162603;
  4.649376993406395, 1.275892988252206, 15.2148490597657;
  7.476566383775445, -4.066651734194504, 23.5901130711066;
  6.921281615521771, -0.636033152863684, 21.75260384845915;
  7.414340142702556, -0.9986813701266383, 23.12225915593284;
  7.468139175939886, -4.057877010923641, 23.27212888301723;
