m=[-3.795668826454341, 0.06610173559201157, 9.207801883434259;
  -3.638014601793807, 0.09646643481426659, 9.009998442262452;
  -1.60875996535779, 0.3734562057543309, 4.842763463596604;
  -4.684852855991902, -2.667348986669585, 12.41888815162579;
  -4.826501482325657, -0.9245108672513003, 13.03532617433861;
  -4.774581494056039, -0.3179905705471924, 12.95650062014676;
  -5.013916290855636, -2.802544531651334, 15.94753865419829;
  -4.938111854337223, -1.014990557809672, 15.76161676877685;
  -4.913168205683324, -0.377195700285907, 15.74088901860464;
  -1.168584559073949, 0.528192362974713, 4.919532140738681;
  -1.1764338464241, 0.4794777582133277, 4.964146075111565;
  -1.340352526186872, 0.1221717701989263, 5.889194852156479;
  -2.223068023362465, 0.4360150684062443, 11.93357475078387;
  -1.570861333210162, 0.1771779043551951, 12.6633841953476;
  -1.527938829731663, 0.2389145373550454, 12.36606160653752;
  -1.484442307051553, 0.464448210865546, 12.07813007746781;
  -1.524282656619838, 0.1532525072245611, 12.89117634752863;
  -1.441019426370375, 0.4348419842975912, 12.59176414755018;
  0.3520685232055386, 0.4635324820443062, 13.2063113798577;
  0.7462371052895128, 0.2076782226265425, 8.634852253024707;
  0.9027048707861503, 0.3571952022715227, 8.19115210956411;
  1.092219933433965, 0.3791879724035409, 8.364520109852174;
  2.625869681403944, -1.223800866065519, 18.46185588225781;
  3.189486299757231, -2.649251394904463, 21.33094847437519;
  1.147387145806722, 0.3723713963501202, 8.261050113271494;
  1.828221708942676, -0.2061997919595898, 12.45399772903372;
  1.892911374612341, -0.8366088690969398, 12.28130967869297;
  1.827570513021817, -0.1165560792582517, 11.86411293351635;
  1.31304603641513, 0.137493855350963, 8.774224396141554;
  2.203579013937055, -1.76836891058066, 14.00011440652437;
  1.891083217302087, -0.5875140977369647, 12.11231434198287;
  0.8531576605662625, 0.8850181423153237, 6.043117743660678;
  2.067568170477916, -1.393064073558682, 13.0471893171132;
  1.903838365514702, -0.08491414589168403, 11.96312695411547;
  2.105910841342225, -1.053527547001374, 13.09689688745809;
  1.915661918029631, -0.5479208035934906, 11.91296881776624;
  2.006159762789776, -1.387839579108799, 12.33453455870481;
  2.054926870342077, -1.32616407458229, 12.52721980778417;
  2.147110386071339, -1.336048010311722, 13.02655599553319;
  1.971510855241421, -0.4209350611396427, 12.0171699775278;
  2.061469827285429, -1.229211319343585, 12.47663120194781;
  2.052144525048439, -0.1756142637955132, 12.37810853268724;
  2.160682773251521, -1.634653059217643, 12.95783981487235;
  2.125324508442386, -1.560004223656961, 12.73515784947511;
  2.039967158280086, -0.09022793145242647, 12.24145659141465;
  2.0146220873211, -0.4877381865299122, 12.09056069836488;
  2.179554164138407, -1.663969263714609, 12.886842088804;
  2.342359900213524, -1.787032979880451, 13.26887948412081;
  2.313085170485451, -1.808444266663666, 12.9582387793243;
  2.267677974994126, -0.2874251525102093, 12.59236417470505;
  2.162531009379244, -0.5847818803518808, 12.00606837868377;
  2.157612530470962, -0.5106252575936398, 11.90604257283162;
  2.241000385811614, -0.3431594544979503, 12.30215330852187;
  2.157274653052384, -0.3888227704725951, 11.8742638119327;
  2.293428770615261, -1.693581297289931, 12.48968920668456;
  2.255408198979942, -1.754277783623435, 12.29494827437223;
  2.235798196091628, -1.097367113957468, 12.12230613675224;
  2.350990325174882, -2.054529172069326, 12.64910478377435;
  2.310080753272762, -1.88653916783432, 12.39354454876216;
  1.523534058101418, 0.4945947121318539, 8.525638490729605;
  2.40244539106836, -0.3173763617668453, 12.71287210234562;
  2.428653454516704, -2.668110082398428, 12.81729716533062;
  2.455645050994222, -1.062124263928986, 12.9147463266495;
  2.32902622715992, -1.720670455841787, 12.24026140322406;
  2.470568755278295, -2.789758577923287, 12.82088737223162;
  2.369887886428963, -1.318196503875867, 12.28192553195489;
  1.631971872095172, 0.5459423171418724, 8.703446750781357;
  1.104709769002402, 0.8501450109372832, 6.181587726621033;
  1.085686271140215, 0.8841903220370481, 6.091078196988759;
  2.586449457545198, -2.643221196347779, 12.77748524786522;
  1.083294123997823, 0.8932866605404353, 5.804250840057136;
  1.998145892714727, 0.5505425774414942, 9.821572490835919;
  2.082938443430849, -0.2068718550034245, 10.12442054124373;
  1.941620572941335, -0.3429590820541777, 9.487867921829857;
  1.207222173921135, 0.8129080859121616, 6.280953537185361;
  2.080390032656051, -1.529595681696951, 10.06456603671556;
  2.040475932767944, -1.768530915198137, 9.743018905723305;
  2.008776532968591, -0.3173740012994492, 9.598651131619491;
  2.003504770545032, -0.1705366580372816, 9.576883847955276;
  1.993408339816328, 0.1856692245321169, 9.526719942202766;
  2.770738053174656, -2.566803912760328, 12.79588439920523;
  2.069078627219302, 0.5211455726757226, 9.686900320753255;
  2.159392385670248, -0.828493072211181, 10.05323947567018;
  2.089527841760316, -0.8778511722144125, 9.756912575771221;
  2.06651644217313, 0.3331802462313533, 9.656131254045564;
  1.114196902975219, 0.910962173235812, 5.668249771808049;
  2.271175851956421, -1.560099690953958, 10.45635108330336;
  2.083082869074491, 0.234261654923504, 9.648522373473682;
  2.836121654644353, -2.446952868133007, 12.64459781162962;
  5.391496445800912, -5.639124126593988, 22.86295045230307;
  2.747586929265846, -1.296937331342819, 12.05788325277969;
  2.861826443925783, -1.932198697613792, 12.49233788855397;
  2.925974502924565, -2.165991767843823, 12.67933624272698;
  3.057703661996442, -1.688528391629436, 13.13378653855491;
  2.927441240010428, -2.004164625487973, 12.5549374969446;
  2.103600648801304, 0.7020445029677146, 9.243585138204683;
  2.781748213655404, -1.021490832168099, 11.82892325612787;
  3.103459981050037, -1.501872839758639, 12.80759920489165;
  2.995363465466917, -1.311812010056281, 12.34762715818256;
  3.256088804244918, -1.737109614837426, 13.31700225439308;
  3.570903135886448, -2.978755673763117, 14.39469173972456;
  3.550523388224202, -1.998245858291224, 14.32663147191522;
  3.283939310965952, -1.486346386901165, 13.16421551996165;
  1.409814958216228, 0.8152011383442916, 6.223024593704325;
  3.682900711179104, -2.699604677269782, 14.09727704378057;
  3.659759833427514, -1.479533548573599, 13.93506389254595;
  1.158161216453844, 0.8693417499905769, 5.13058544413176;
  3.606417168273836, -1.562536515620108, 13.75361700095327;
  2.522750872482849, -0.01601830548846121, 9.904679838758383;
  3.648854575713391, -1.673679520345915, 13.81196411063486;
  2.490701975347614, 0.3015129532563569, 9.681849608853916;
  2.479062477419754, 0.1131185879520754, 9.63582860023118;
  2.473266163574312, 0.1437468970935203, 9.607097442242516;
  3.620481642601394, -2.748393729619024, 13.53911180085539;
  1.115531963694221, 0.9064815099133604, 4.88770781117226;
  3.624383248120829, -2.224084736015928, 13.4558129696616;
  2.554922491691761, 0.08219133676917675, 9.731564828102059;
  3.652324355497075, -2.631461860253628, 13.42303081389203;
  3.671529319431664, -2.524705228758512, 13.49034207051203;
  3.657142434581866, -2.200132171694321, 13.32701580263247;
  3.700141076228376, -2.519589530838091, 13.42474977087441;
  2.574781755902607, 0.2678215661501129, 9.653795943610918;
  3.686673322948924, -2.279058656975357, 13.33958893765375;
  3.570170372527671, -1.82181552863521, 12.94590353034465;
  3.69468221310493, -2.540872888921077, 13.27059027815265;
  3.612099714017052, -1.53162250828425, 12.99472769842299;
  3.690365671696474, -2.626625965673417, 13.24424933223476;
  2.22398907815814, 0.5922887624261906, 8.390925722179571;
  2.676486768670566, 0.1479922892489607, 9.870597473771714;
  3.509604724862542, -1.206215593409591, 12.60058206674401;
  3.714313844051819, -1.996610129933894, 13.2652471342163;
  3.64748361047993, -1.426558465538219, 13.04358204285194;
  2.239537777031453, 0.6229842411672536, 8.352344409160837;
