m=[-8.68525255340661, -1.832998992770725, 18.0404347145934;
  -8.781435464758859, -0.2806207583022629, 19.46464636437563;
  -8.790882070604591, -4.999617897415337, 20.238450926367;
  -8.87113925084053, -3.974754299915826, 20.89046237318009;
  -8.640050383555179, -0.5259516588682078, 20.44517599350281;
  -7.072454051643041, 0.1231670909880375, 17.15685922948484;
  -3.392568762785428, 0.8529970187545699, 9.197553070310816;
  -8.855666085279097, -3.845428481778098, 23.48134187404527;
  -8.882061858490777, -4.841792004738069, 23.91072114430604;
  -8.774161029960034, -1.6806805618761, 23.6970922624867;
  -8.67126846359821, -0.5775127326950402, 23.53071056927918;
  -3.112870773335225, 0.7226192427997032, 9.370507205935386;
  -8.989579393973175, -6.375115182423264, 26.74822617738029;
  -9.20557085993036, -6.744238947912413, 28.02001664936175;
  -9.267686446252819, -6.460563738895562, 28.30296336147111;
  -8.705533783543261, -1.789354889405489, 27.78658955311677;
  -8.622281174748585, -0.6619531938697297, 27.62420608802364;
  -2.34727294395074, 0.8315718763842883, 9.307769076772816;
  -2.262239643255773, 1.025899302901696, 9.480967227594199;
  -2.189093861443361, 1.06021781142602, 9.218354626476435;
  -2.23919793613739, 1.012102410452665, 9.426623114918737;
  -2.272084490097016, 1.376863264918021, 9.573201619409174;
  -2.281516969566371, 0.9298751861130905, 9.627216646477233;
  -2.227916781364215, 0.7389453415515856, 9.546035533324487;
  -2.794515221085521, 0.5726645912166635, 12.20269691800007;
  -2.563667417843893, 0.8644163879175377, 11.80977317471084;
  -2.403987697298669, 0.6952214999439603, 11.23604914672417;
  -2.409220980382289, 0.7616320782878253, 12.0203928523785;
  -3.974024384172986, 0.7794338704456053, 21.3328231757098;
  2.112308250329505, 0.8358284054445913, 19.16710404549825;
  2.451254126008849, 0.8510063343788125, 18.77237706777191;
  1.818941715984365, 1.822554187190931, 12.26130714437777;
  4.267405712028446, -1.192488036847734, 25.02540968393777;
  3.945930511602383, -3.974026246428315, 22.67427895223034;
  4.831515672592979, -0.8708225013172432, 26.59406006865246;
  3.189434718490884, 1.035406814876947, 17.84795505885903;
  2.317508547766445, 1.887394806071546, 13.00203029353054;
  2.300357162413097, 1.770272355575674, 12.87203209478152;
  3.880995873941493, -3.81610140572223, 20.84207025732097;
  3.745903234073498, 1.253114178232637, 19.97722502991589;
  2.262484251978539, 1.865649371859137, 12.12230901031718;
  2.465828920945749, 1.791789069091506, 13.03421417086765;
  5.482292987045137, -1.991754415249286, 27.40870026694375;
  2.553465373879408, 1.719428862693252, 13.28520774270996;
  4.516209867879354, 1.478469979606613, 22.72994557993802;
  5.019717044003431, -0.281091216170164, 24.94823580392045;
  4.969989925433834, -2.069172025662346, 24.58061082559167;
  4.86210662449729, -1.152652478478156, 23.81538330249708;
  4.54741697547236, 1.252934869023193, 22.35211434435337;
  5.162385337321632, -1.666130751600951, 25.18883659551121;
  4.625371508756183, 0.1469054909476641, 22.60417846255047;
  4.73622190012932, -3.705425391329861, 22.98050265838639;
  4.34538626962333, -0.7675493899115549, 21.23404107377307;
  4.668857305427369, -0.4636983750365521, 22.69364942410214;
  5.08654907437936, -3.364050054464244, 24.63540674863394;
  4.560736670081121, -1.53145674243813, 22.1331019118804;
  4.884620264075627, -2.564181616371473, 23.70822930401187;
  2.227951553209818, 1.821562762700713, 11.33424967288911;
  2.353241280874002, 1.787193006089453, 11.9007133352901;
  4.787447366050078, -0.009301288883802109, 22.9588461143138;
  4.460003378346759, 0.1097698627527391, 21.35285398871708;
  4.486601258895214, -0.5475784198340981, 21.45405788686247;
  4.527286635858244, -0.715282686286897, 21.63299116513823;
  4.525210968899349, -0.3851821901775693, 21.63080441523119;
  4.447740853246117, 0.2869943878687505, 21.27378870173523;
  4.548430206979129, -0.8227813632672634, 21.70578097575371;
  4.454805815525871, 0.4149277018104898, 21.29001196278809;
  4.638975152849178, -1.83457431837069, 22.10578224857368;
  5.18119670446062, -2.808123520965655, 24.54931489941511;
  6.165695814527879, -6.216908685890218, 28.50970119931412;
  4.557225555779439, 0.255830562149155, 21.38189859780582;
  4.980812143359668, -2.28933920517125, 23.24239742708914;
  6.072484050682152, -5.625532086516263, 28.04408155419674;
  4.621152697895768, -0.4879764108469984, 21.57978503473148;
  4.562074870141931, 1.149064655887361, 21.35847518867357;
  5.273507796393353, -2.94770470708874, 24.54698644021617;
  4.568029268136826, 1.040276651078806, 21.37810063978801;
  4.827772077585387, -0.2713641383955529, 22.50608557413413;
  4.543044789067011, 0.7324658786018029, 21.22810923783765;
  4.961183648930254, -4.186551699517882, 23.03207268919605;
  2.669678034456622, 1.560835074846649, 12.87361132176572;
  5.313958433501956, -3.162618907949347, 24.58493302046259;
  4.681429408203469, 0.5264694059245739, 21.68366753693157;
  4.915355411165084, -3.376420390909763, 22.62998782506572;
  6.375724560633357, -5.500856239548091, 28.42560462627519;
  6.564336626340165, -3.44225513263001, 29.27352936268742;
  4.764830062167873, 1.387640463025268, 21.43154787951008;
  6.105024509840535, -2.928182653140292, 27.0171237151333;
  5.819633166416735, -4.084730082526992, 25.60267869982944;
  6.464109022166429, -4.364325817302234, 28.21688723463604;
  6.461825584464246, -4.783452831595982, 28.00149462867354;
  4.536109169217617, 1.513856971343553, 19.93244835979058;
  2.397716880115231, 1.808654016912543, 11.02188939910026;
  6.810094074961325, -3.760677445024749, 29.25146834851246;
  6.600314769083518, -4.518661962019737, 28.30681560860593;
  6.409105880544813, -2.353499453053726, 27.25366056827237;
  6.613098200504095, -2.746837683443328, 27.56060031751526;
  6.425285290118, -4.305042848878792, 26.72278526588609;
  7.035927800531383, -3.404931570132739, 29.03641221539822;
  2.358230880513801, 1.821678407252043, 10.42633225970497;
  2.218259080758667, 1.863378323644342, 9.866292971763111;
  7.503903710969265, -4.0033009137052, 30.6900421467159;
  7.877670679789683, -6.57135053528572, 31.75573146273236;
  7.424432867421294, -3.360378473022368, 29.76207083177552;
  2.397667168658717, 1.858333108303131, 10.27860998665887;
  5.610827568645481, -0.06044214317635262, 22.39717046461818;
  5.468467884506858, 0.6619876315853038, 21.25701275089473;
  5.529191460235008, 0.3213581002928285, 21.47746244121408;
  8.069698837070664, -3.262342530588865, 30.72654327234031;
  7.979298675949107, -3.457155666818567, 30.43026161550389;
  8.366447024063701, -3.837574436491965, 31.66940847657733;
  7.744765316648927, -4.050217851012634, 29.26438776364275;
  7.674662159169052, -5.710039022848807, 28.99129219495857;
  5.277904408162917, 0.08285484246546433, 20.27008731948561;
  5.695557475197671, 0.1832249252392001, 21.69407760208265;
  7.902258404573766, -6.03502692110284, 29.62908103289017;
  7.944355598927622, -6.030749295076694, 29.70862146461506;
  7.872818292157754, -4.831115749719221, 29.2284681920243;
  5.658949125371639, 0.5886279930508301, 21.21746434872584;
  2.428549457870174, 1.855667488819056, 9.685478734268997;
  4.803668272971691, 1.279304275568052, 18.12384065567339;
  8.08929387234603, -5.828252430380018, 29.7297913170559;
  4.837146521531706, 1.345575004823385, 18.04011261598813;
  7.909168467976339, -4.035954710853107, 28.67967668421735;
  2.464918662248472, 1.762807316104257, 9.669747470945902;
  8.018946109739591, -4.957219409015175, 29.01516772621456;
  8.060753006812945, -3.417965094109905, 28.9990029791531;
  8.234922319024737, -5.861224255999139, 29.55408057831048;
  8.296857616024143, -5.879178449035729, 29.66922606226989;
  7.75436989599811, -2.665098385398705, 27.84062078507725;
  8.004651203757788, -3.130679711785974, 28.62502915726336;
  8.257364344672419, -4.438703348541781, 29.49023246507803;
  8.362156046066529, -4.116664694848822, 29.62119511356505;
