m=[-1.588348003036341, 0.3993984857810541, 4.306582720586563;
  -4.25502856009397, 0.00227126912534396, 10.3583389794854;
  -4.596340061804546, -0.8145741616271436, 11.96965147839321;
  -4.527567995651825, -0.2373473762704979, 11.8433853723237;
  -4.637771898998179, -0.8789016286767476, 14.37743914701326;
  -1.15843370978788, 0.5575199751784585, 4.409399656786463;
  -1.167945686869089, 0.5133827507532187, 4.465771407042634;
  -5.18718941175346, -2.80591070557366, 18.15267995417568;
  -6.315315757853158, -5.464682283046344, 22.94497120792052;
  -6.119812175662749, -3.590884371820474, 22.2527162854211;
  -4.924866908393415, -0.8055070063726997, 19.36660227371126;
  -5.222242321545195, -3.104815565301005, 21.08784004390928;
  -4.819336001913387, -2.6540651704639, 21.41836043202364;
  -4.75572696832178, -2.999951633851217, 21.16427222552367;
  -4.785004560268809, -4.160706018857314, 23.44303845446387;
  -4.72646588948755, -3.547456665314053, 23.1339927107074;
  0.6850371768104171, 0.2851455361344493, 12.69872811644468;
  1.755781532478944, -1.945885742140106, 22.81060132831431;
  1.626103625721018, -1.691820573515419, 19.36626347393548;
  2.64986971126687, -2.426310181172953, 30.82355760238529;
  3.067552947358911, -2.432341993368582, 32.38566437360275;
  0.8053305343155878, 0.3180709313091484, 8.883904050958709;
  0.8301918667385989, 0.2607870115919946, 8.92952156492612;
  3.084569721075345, -1.565841912833043, 29.7436499174634;
  2.083612090068987, -0.2881913072863759, 20.25351747311553;
  2.250989704602674, -0.1394175033556317, 21.81104468040026;
  4.043219030303581, -2.445648991514092, 36.4008610026759;
  5.104400300873029, -3.319459067292129, 43.71698356305288;
  5.02757066297692, -2.618317873281587, 40.97300270170854;
  4.568011847176574, -2.831460890606534, 37.20293756776113;
  5.5235676778031, -6.309899118151959, 43.87431785086451;
  3.435880368092986, -2.965889046538112, 26.80670685366496;
  0.9760545038479476, 0.4228343424525624, 8.243130548879286;
  6.303788715323129, -6.853816955145649, 46.58379387923669;
  3.030164255716239, -1.182485383470779, 22.60359536674719;
  6.573179515970586, -7.153897272348206, 45.50800980314741;
  2.803787551731678, -1.064220656551837, 18.80988253357129;
  1.17472788032509, 0.4458960055750972, 8.384131311843467;
  3.676551843261467, -2.916367376623705, 23.86707462194219;
  4.24096781316412, -4.428786405287079, 26.69512254022501;
  2.038504843433101, -0.1645250414715931, 13.24218791648696;
  3.940897611790469, -4.026107119065629, 24.15045476548062;
  1.242110051419302, 0.4821288973218147, 8.267740253353482;
  2.025397344869789, -0.3580920263665742, 12.66644254572166;
  2.218642764818501, -0.9023326270954487, 13.71321039881038;
  2.133661808337862, -0.3163750652877183, 13.21015676036074;
  2.004708994684838, -0.06745368847583573, 12.4025056696444;
  2.158971865065952, -0.1487237851660983, 13.15293996824311;
  2.008026946451862, -0.5589786288204899, 12.26304251058983;
  3.780849344120856, -3.060256595765393, 22.0221088338371;
  2.22194340212634, -1.041449082264568, 13.22569193419935;
  2.182499559196698, -1.431017760822243, 12.77427434641726;
  2.2509858159665, -1.329606418054915, 13.06640761957288;
  2.195841893592192, -1.34503264910408, 12.77875885699489;
  2.152238498254477, -0.7606759670512802, 12.54249063276095;
  2.220503115609096, -1.246328988392752, 12.82511584572912;
  2.180989145017505, -0.1735406658096494, 12.61398377031577;
  2.238746832818988, -0.1293535163527767, 12.87358046034353;
  2.194804388471351, -0.03785588526068195, 12.56527123368031;
  2.140616600466226, -0.4579255192817258, 12.25772699556947;
  2.216070603376348, -1.266677198625897, 12.32873258290999;
  2.153268306886806, -0.5007229381123514, 11.98589320292291;
  2.407998700356539, -0.2473716181201594, 13.21185316290437;
  2.362484993554184, -1.472669195983656, 12.73536719205758;
  2.318686184086089, -1.353116116185828, 12.49260113965919;
  2.275636000807793, -0.6357737490913853, 12.23514995713244;
  2.309781374463904, -0.2336945307111394, 12.26418471653356;
  2.310916402760359, -0.5628688885588666, 12.23977972591285;
  2.313059652041525, -1.941902564549232, 12.2207949157822;
  2.31173108234379, -0.4855580821092047, 12.15766120972655;
  2.309723252678361, -0.2909154357891762, 12.12936939099714;
  2.350646660998846, -0.3625877281092862, 12.31315238353671;
  2.296203781926435, -0.6691405056633416, 11.99480373536243;
  2.324627940170549, -1.078054843153751, 12.06719323000444;
  2.333698864455014, -0.6270268311826718, 12.07584214094872;
  2.381644651310348, -0.406630003596382, 12.30418166714772;
  2.413674358747363, -2.036788170374683, 12.4173169454296;
  2.388105223523316, -1.876931512334148, 12.24318422358945;
  2.366219971281477, -1.705579637581019, 12.11968929456454;
  2.263309537226325, -1.247251822294625, 11.65385404761688;
  2.466279933027628, -0.4802750402680187, 12.58027310254585;
  1.689002161885094, -1.70810099350543, 8.882479289278384;
  2.451673626423138, -2.617124383092111, 12.38971806607725;
  2.500757052949962, -0.2678389864353113, 12.64452504156335;
  2.552742577116942, -1.034765506349111, 12.87375325134594;
  2.384320237473158, -1.404932632631154, 12.01152852662393;
  2.410865008974937, -1.705867789405893, 12.08714723668655;
  2.519232372510945, -2.767803026572384, 12.50843412807725;
  1.616583337147705, 0.798175510287364, 8.424042970172481;
  1.863891099603278, -1.773824584266557, 9.447528599948024;
  1.900608010205621, -1.722982707533115, 9.533472890568223;
  2.497981944549517, -1.431058644917814, 12.19949659343497;
  2.460623531251889, -1.607811242356471, 12.01055847450545;
  2.496984822684304, -1.517000967044109, 12.17259973135911;
  2.616557397834155, -2.600647700681655, 12.37588817012332;
  1.149937235601604, 0.9085452967738911, 5.862032869340426;
  1.118605610813216, 0.9341983547159203, 5.724173259622703;
  2.070051963221044, 0.6106182652595285, 9.615023878955515;
  2.108846108039603, 0.1187498402569671, 9.749480320998305;
  2.108289060163611, -0.6651743089932514, 9.69034678379392;
  2.034666841042509, -0.1609443250334905, 9.360928467517878;
  2.812104095729963, -2.606100885965172, 12.54432714117778;
  1.85137419263401, -0.4586712542342515, 8.504704140970489;
  2.87728094791321, -2.59196872896183, 12.72719355331319;
  2.086966997852904, 0.09766263372835686, 9.425454904945376;
  2.073224480581946, -0.2087865694405945, 9.357773207423932;
  2.07610471561763, -0.1309734975516445, 9.369089558782839;
  2.092952082674447, 0.1740166914722308, 9.4408357120339;
  2.098490177515559, 0.2380900263475508, 9.458054102901071;
  2.107461101862827, 0.1622049803322472, 9.329505951508537;
  1.996356082322449, -0.3933571765576037, 8.80459185584963;
  2.165063785880521, 0.394753406493898, 9.543445468290164;
  2.3667044799193, -1.554228244623441, 10.30622905526113;
  2.994429077114261, -1.385862697889747, 12.43105025221717;
  3.053207157147725, -2.018465021343241, 12.53619801944218;
  2.183387646556797, 0.6764426303247902, 9.270332786408266;
  2.914592832604374, -1.017068248497592, 11.85611967589788;
  3.237843827734545, -1.270163562274377, 12.89109839359544;
  2.167204561841787, 0.7630265549653834, 8.958299165571182;
  3.132545806533134, -2.030403527409506, 12.45439876969345;
  3.148050321974086, -1.516967256684845, 12.49199265073214;
  3.456906520487117, -1.759286072144237, 13.55685698156373;
  3.710143895546734, -3.014651382727533, 14.39898344794682;
  2.385688570528429, 0.2856728781901811, 9.545903090200154;
  3.891953755365717, -1.702812393399073, 14.44364443290964;
  3.815984791809377, -1.773818511769476, 13.88964390337336;
  3.778011306756355, -1.659528637164395, 13.75065237534655;
  3.71112267176283, -2.689214622144262, 13.46098940695564;
  3.747053911603759, -2.765888678042778, 13.45461259464878;
  2.589069006266051, 0.19552698209165, 9.506230687061047;
  2.590141270574502, 0.3563586562678981, 9.511051281189671;
  2.679696633558526, 0.1318069336118135, 9.654375639086096;
  3.777435730601781, -2.269894989268301, 13.12793645704311;
