m=[-8.757273703026048, -1.741737923460143, 17.28099854836926;
  -8.593884819310663, -1.91486955699841, 17.92730339952722;
  -4.063123525783689, 0.5230496190916433, 9.206249070719519;
  -3.452333199273745, 0.9271681457483791, 8.403844221308614;
  -8.724595138825455, -1.440771065835795, 19.71471580404823;
  -8.840445903378607, -0.4256277243811377, 20.01917441308244;
  -7.252267697466971, 0.2269878393762648, 16.67458631288288;
  -8.145988482687194, 0.00434820398378861, 19.83039804198035;
  -3.168990913086262, 0.7968594852771784, 8.592274162780484;
  -8.773447630275667, -3.725404227815649, 22.43001566209246;
  -8.943909043767636, -4.745095701900306, 23.20749310546933;
  -8.812733637959241, -1.561813316303149, 22.94985766933667;
  -8.707574117671781, -0.4564746178290693, 22.77760511442333;
  -2.983712628806857, 1.018685567766214, 8.499501061105665;
  -2.926181422382297, 0.9921200479324807, 8.570128609167236;
  -8.659571559641073, -5.703343129222687, 24.92062354049274;
  -8.827128371690071, -4.785837271776576, 27.27468083076914;
  -2.454391753396954, 0.9328226109584423, 8.777760725900874;
  -2.318922176841264, 1.187898232009537, 8.798308199263285;
  -2.309947692952856, 1.111709690038655, 8.792460438988831;
  -2.315598345283156, 1.474340546574373, 8.836111622315819;
  -2.296737369719462, 0.9988233446502601, 8.778437433027625;
  -2.474210001210125, 0.9075326358523618, 9.825683548645678;
  -2.81032737215797, 0.6661574677797719, 11.12013432909735;
  -2.559831156996903, 0.4402654659764307, 10.79492945168037;
  -2.602365194097728, 0.9501221358426446, 11.09693291148187;
  -2.647632967777184, 0.8372788493730254, 11.40006177169081;
  -2.496923607601629, 0.9165892246369281, 10.93725774403653;
  -2.792213883108226, 1.106284349302436, 13.07333485841077;
  -2.421133619825297, 1.377380957261593, 11.97304671957435;
  1.979455417092074, 0.8575153604646211, 16.71721133855672;
  2.451926294963406, 0.9306871482322979, 17.49960341304412;
  2.581934457309489, 1.002185926631395, 17.18588736950166;
  1.661770225535346, 1.832636197659413, 11.12335136319544;
  1.786737396800562, 1.826563972753256, 10.89459847128905;
  4.961154851323636, -3.482264268368863, 28.42200355531232;
  4.954465890147808, -4.561188767767698, 28.03881750224605;
  4.870660439642768, -2.784006300045182, 27.09709247125308;
  4.389945506855384, -1.081715115025818, 24.40543585859547;
  5.041400247379904, -4.220458251280086, 27.70923283155646;
  5.315161339110445, -3.890247710213319, 28.85885583732359;
  5.485024884043907, -3.419123172411391, 29.56793636635224;
  5.233804413586793, -1.462235371938189, 28.13999331343182;
  5.15407644238924, -1.255376124904294, 27.29859040768715;
  5.029571681650436, -4.222518921447098, 26.57318585857739;
  5.227826602063798, -1.098057415884188, 27.49374491545447;
  5.114488312161533, -0.6441826285663301, 26.85842033767819;
  5.445751540410922, -0.8400082886324579, 28.52592423714861;
  5.116404351681585, -1.49097977366367, 26.72683779733495;
  4.976018720292049, -3.550769423333994, 25.995204171332;
  5.083274842826914, -3.79761454722916, 26.46283907496903;
  5.35034815834376, -6.165667417426248, 27.69625643066449;
  5.342450606264368, -1.435429362981748, 27.64477934565491;
  5.269904574213997, -0.899756945179136, 27.22566660563181;
  5.308869764031626, -4.479909683861062, 27.31185267104574;
  5.131160060623686, -4.032835704955261, 26.30610129073605;
  3.272158067867292, 1.615602719355667, 17.05127074830914;
  5.496569387539227, -1.070383393459979, 28.03750827159734;
  2.131239394870414, 1.606726695581558, 11.43812767852571;
  3.307084915249211, 1.124762389029667, 17.22719269499028;
  5.982281058349858, -0.6407212141417272, 30.24808129951856;
  5.2294230680473, -5.582329749518155, 26.42728492204465;
  5.501101706803551, -2.229895933943898, 27.74264299846895;
  5.166931447309299, -3.044553532199205, 26.02953391036032;
  5.299922353454246, -3.750092516774283, 26.57176639535098;
  5.447809895952505, -5.98534096446985, 27.0493393024677;
  5.30312770211238, -2.800510415515363, 26.26570288040516;
  5.186140378160579, -5.186182275209337, 25.22440492316176;
  3.400783832202841, 1.207183238046172, 17.02386172045132;
  5.514127476154384, -3.158965904916755, 26.92956989056335;
  5.672265045895354, -3.446088851554732, 27.65183486363266;
  5.343306734217957, -3.491403105563175, 26.0812339488165;
  2.297745542846491, 1.815408564489343, 11.71321310462643;
  2.190050930339673, 1.829011008071033, 11.20701599516246;
  5.657259802287654, -5.622861439675043, 26.75791279044726;
  4.93174527119771, -1.480618267930159, 22.89837586153948;
  3.757373189832026, 1.859658513071463, 17.6233825014437;
  2.213707952290604, 1.868030795235843, 10.75228781270741;
  4.297017166797922, 1.267522368906052, 19.95888190302013;
  2.345437576795718, 1.746913519868175, 11.30397241006085;
  4.677712534420713, -0.370012068495351, 21.52083650406786;
  4.299442758815903, -0.6645102054698059, 19.82096367749087;
  2.492953141427518, 1.739989822922375, 11.8740320248733;
  6.092931338388866, -5.646588183990532, 27.1795500292972;
  4.522177653891427, -3.671300478062114, 20.34711649315419;
  4.396656039846651, -0.6030407670372252, 19.84463822444268;
  4.38640553047787, -0.2767215303182101, 19.79506426002288;
  4.350552136187313, -0.4381275950552314, 19.63679312048594;
  4.423476348665024, -0.7029047924817973, 19.93997213695392;
  4.392530711208394, -1.121691877444493, 19.79024355463233;
  4.364810354706862, 0.4952216710323459, 19.67253072044186;
  6.10951323873369, -5.999710737629619, 27.07670684126096;
  6.099271843818773, -5.494465842858139, 26.97915660507701;
  4.564352019487324, 1.241142769084561, 20.16338341294652;
  4.608332814246179, 0.8402316313010838, 20.31319963841359;
  5.121291214518175, -3.028185016523686, 22.41815010706188;
  4.628581169347394, -2.606303935373432, 20.31191402204668;
  2.377453251368495, 1.980915339666363, 10.88348069201378;
  5.119358515880212, -3.361911749964606, 22.29314303003399;
  4.54204361166857, 0.6021456931064469, 19.865332049738;
  2.318102338044677, 1.800758122370623, 10.60674270454277;
  6.024338697732759, -5.065936001825968, 25.77918308814281;
  6.299037520523809, -4.104422352942659, 26.32109705518167;
  2.650363275346344, 1.594384805051077, 11.64592876012469;
  6.528346413134314, -4.676307871587336, 27.07712332704356;
  6.582084763736222, -3.046278777522841, 27.3248169701886;
  7.106160773625126, -3.759048510254412, 29.23907809145806;
  2.445672145426595, 1.753087319308474, 10.71323943489771;
  6.453108608568445, -4.266128478977014, 26.49589208796255;
  4.57662852042884, 1.611333399156102, 18.91782999055906;
  6.061465305578089, -2.115192157446046, 24.65711754667988;
  6.439280376960014, -2.526045027874512, 25.63724544473162;
  8.361631650615809, -4.903152120435706, 32.94498685855891;
  6.80498143484607, -3.279151526566582, 27.00330978799566;
  2.155346639776181, 1.844512225800438, 9.231498121021614;
  6.985062814421244, -3.235058725003721, 27.62554336609492;
  5.020620325296537, 0.6011912352457209, 20.08910788693356;
  7.385208574325982, -3.758474378086764, 28.96237310086343;
  7.984820752899966, -6.488010061403338, 30.98890638549916;
  7.618520187018013, -4.103362709684553, 29.61566737768301;
  7.418956981178591, -3.216069534667918, 28.54224789143291;
  8.49343638306304, -3.299008558317086, 31.62072498695222;
  8.663263748160691, -3.790361809236536, 32.15071634251498;
  2.18462951945253, 1.866018651945357, 8.782949099687111;
  8.58246845965318, -3.326533209268324, 31.4230537341288;
  8.501396761632776, -3.513500330427493, 31.12161052089589;
  2.333877098152525, 1.83918480199808, 9.22404748848953;
  8.217099666825586, -3.609441874126846, 29.90739621398951;
  5.405675197277683, 0.7437274450653061, 19.8497489673061;
  5.255430787297515, 0.3968911291838445, 19.29625564363936;
  8.070504834892688, -5.957244938428227, 28.97890410929419;
  8.20771486515566, -4.893707111125119, 29.27575446966373;
  2.326045443739332, 1.793323153060007, 8.946292461430046;
