m=[-4.521721895698676, -0.8711078857814713, 11.08642775428014;
  -4.547708611595568, -1.922814009960244, 11.19401260310299;
  -4.475380002706645, -0.2136955999204144, 11.28476935991948;
  -1.127805808394267, 0.5604957367387135, 3.835481217703927;
  -1.126546255557705, 0.7359322380563689, 3.844942908698217;
  -4.609546631111523, -2.482032545504993, 13.82902501996854;
  -4.606951399546096, -0.8493289308532247, 13.875517512743;
  -4.549436381930391, -0.2485275508609152, 13.75745958570992;
  -6.044132824939585, -3.533147145103784, 21.6342548784761;
  -5.57437556888139, -3.507842031492511, 21.16259376257954;
  -5.409926867217141, -3.060709542386913, 20.57236761463664;
  -5.362415123495556, -3.112309203351375, 20.8480709980391;
  -5.123429087700989, -0.9728487498042859, 21.15293282233617;
  -5.275852738843629, -1.176399417252699, 21.77126086658841;
  -5.086239189160811, -0.8938200709045147, 21.47774625274992;
  -4.724974364950889, -2.968734397929433, 20.70509777883617;
  -4.812232517847003, -2.63638353305071, 21.07200320410225;
  -4.768585759958063, -0.8440109652052338, 20.9853594382887;
  -4.635145870157269, -3.366421105199478, 21.1807948901157;
  -4.405909837126265, -1.86198891306534, 20.40244393285846;
  -4.739061804025758, -0.6228939751019711, 22.46406734563226;
  -4.580113926297459, -0.8931847408542789, 22.80423228083588;
  -4.809453667055635, -4.397912474417457, 24.46063910640522;
  -4.810238644055168, -4.171875151199764, 24.63335056188537;
  -4.868043968917537, -1.071642839296982, 25.20785227264747;
  -4.92072518229059, -2.809221384253562, 25.81471670130036;
  -5.349983189950097, -5.326979913407052, 28.6914872534218;
  -5.72263775361844, -6.093543886979846, 31.36590098730341;
  -4.738322180415431, -0.3211208305093191, 26.61573996316189;
  -5.812419120225631, -2.148941824063783, 33.4997266872907;
  -5.872177205803769, -3.928346361222439, 34.02676187764097;
  -5.438625247781777, -0.5973950509965436, 31.70412534705358;
  -6.127156081718468, -1.036566637449231, 35.75051974983495;
  -6.145409043840296, -2.198108142488397, 36.39911001289549;
  -6.202343485360655, -2.539537225214268, 36.76258395141024;
  -6.072244721194316, -0.8081831475639985, 36.06679635428439;
  -6.244622033879008, -1.008897163728654, 37.40845794352938;
  -5.718897894775473, -3.911925229054345, 34.85228112348862;
  -6.100176630904062, -2.411261503854643, 37.23549367175463;
  -6.902754581112325, -6.267396220989966, 42.7909513633489;
  -5.709080868278743, -2.149511402872999, 35.68939580369609;
  -4.279708979271434, -0.2111475553419243, 27.05572373549759;
  -5.639542082422719, -0.4531739340942052, 35.38861111324901;
  -5.750227227374986, -1.090405586479795, 36.15284038048713;
  -5.861108517961255, -1.449703668673818, 37.09953998310699;
  -5.826382518287513, -4.165270868765634, 38.19245216414468;
  -4.253652387256229, -1.084135876953742, 27.94372205902504;
  -5.270453214526082, -2.930372716032325, 35.1766165316538;
  -3.008317164995413, -0.1613714684102838, 20.9697794084513;
  -8.088242891946491, -8.135119178104, 56.24240821076006;
  -2.762377158429981, -0.1980448569372383, 19.82457834749375;
  -1.334452730395563, 0.2286850571164481, 10.1124388096901;
  -1.363492263748343, 0.2920760930145422, 10.34805272855146;
  -5.005569743331344, -4.381136942946829, 36.13891781897039;
  -6.445077659899304, -6.532204371530432, 47.27547243620975;
  -5.087445436074104, -4.848176336187775, 39.70340644130728;
  -5.382129841082231, -5.688355272496548, 43.85695638687686;
  -5.473729357000886, -4.184242731597364, 46.6817798065156;
  -4.606231995345958, -3.314882856929073, 39.77852673447338;
  -5.459950211395881, -3.438603776465218, 48.20073787851752;
  -4.992468874921458, -2.315684732604254, 45.01268882713652;
  -5.342676510099127, -4.178922704257364, 48.79486560457927;
  -1.977617863666583, 0.1836692843866028, 19.06158312629712;
  -5.143427408931315, -4.481982860820769, 48.33289341905397;
  -3.861715877883879, -1.576963630905134, 36.48444393158821;
  -6.24819728661166, -7.430262233282825, 62.85612405399358;
  -5.594514054695794, -5.986589651453657, 56.72727483804678;
  -5.525207491623319, -6.747883750203535, 58.63386269310744;
  -5.793407261332725, -6.90201632621633, 62.50467371214864;
  -3.300962169520771, -1.457422669595784, 38.88151914236443;
  -5.132749537581684, -6.210796766803355, 61.17662776651974;
  -3.055446128887286, 0.359901172998518, 36.85362791019691;
  -5.257630401151309, -4.754086564773811, 64.62327150792311;
  -2.720400517827831, -1.082443739026028, 36.7435576777363;
  -2.919231009321642, -1.071213185545595, 40.80704513332139;
  -2.877026142422451, 0.542848731303222, 44.36392746146687;
  -3.503162321143579, -2.97946135243253, 57.74508401128964;
  -3.374208638886886, -2.062263345472118, 58.20376595776062;
  -4.087462133175807, -6.442397391795437, 78.6910406343588;
  -4.201011779982443, -8.036070416889817, 84.11448620776498;
  -3.586499791940141, -3.158223819423392, 74.44017027145374;
  -3.533830273990127, -5.71623675136171, 76.72693072116064;
  -3.808545950970681, -7.415492575905991, 88.09226456507237;
  -1.449240668799137, 0.4033825581186678, 34.05119705790176;
  -3.48315212122415, -9.785015973318561, 101.3610365844964;
  -1.647094284388091, -2.223371995895116, 61.99560031870529;
  -0.8666388066330727, -0.5648631531744105, 39.52541797753305;
  -1.400713210889828, -7.025873849839708, 76.40154037589329;
  -0.5831887700941848, -5.749582596341456, 63.1582021233684;
  -0.2108891951979483, -7.031063895499786, 84.38818595396353;
  -0.00298305209460929, 0.03195317964352289, -2.322729275922845;
  0.7702305300132943, -9.05300751128075, 103.5768655089152;
  0.142193515501807, 0.7746846242919643, 20.55852283529201;
  -0.2865886134788859, -0.2592091109747015, -31.3197921217116;
  1.612299120348314, -13.82711559589177, 143.8992664918234;
  0.2988569645443991, 0.5757325998718355, 24.07218340062149;
  0.5625113660477462, 0.6487602717657471, 31.72246980464608;
  0.4041152113762256, 0.5854114864791293, 22.63354388880306;
  1.522670214015901, -6.18003862504024, 76.83670160717493;
  1.175749581255638, -2.068246559369129, 58.88065135039697;
  0.3953496162675599, 0.07565727658422645, 18.98370761354477;
  1.650527257901155, -3.467221025957092, 71.35088018268026;
  0.4520055019676709, 0.6772743031906228, 19.79225473364796;
  0.432858136705609, 0.7129365419089678, 18.33119734072386;
  0.4589043801859177, 0.004599467979637109, 18.88818835567981;
  1.756413143045309, -2.104536721446295, 65.02921003335645;
  0.1611915725184149, -0.1247838837210597, 5.708316638818704;
  1.599690101945557, -1.774062766088615, 52.88106235799425;
  0.5062794095539044, 0.6005291556642353, 17.17982653786327;
  0.6107442959488091, 0.07451409816982002, 18.98073396240698;
  1.278711279011046, -1.05906306488477, 38.15348502299224;
  3.815074011454648, -5.13117760576908, 104.0774434304347;
  1.580128843775483, -0.7307453340012292, 42.57626742278025;
  0.658884467399641, 0.6904198405508411, 18.23814832844422;
  1.329522353553074, -3.051426698484246, 35.48551599867913;
  1.739142484563061, -0.3924391235982108, 45.26235692234845;
  1.81705169255407, -1.720899003190639, 42.93650627634626;
  0.8544055205527605, 0.06753045450593882, 20.52438748344056;
  1.210013335483251, -0.832958302387763, 27.90761476257941;
  3.419275232177719, -6.915386037180558, 73.65394286237414;
  1.001708409869802, 0.5799927366548018, 21.02862587228452;
  4.521304611888704, -4.72199797374645, 92.0745034369031;
  0.8045598585678804, 0.6345119929715536, 17.24485826877912;
  1.060360800431927, 0.07291493165498512, 21.66047591004075;
  2.41189142638527, -2.506302052758282, 45.80989277907785;
  3.839412389560827, -6.896587893568201, 68.02290921489994;
  5.069148750920829, -6.497411011853651, 86.24001618140392;
  3.390310074157835, -3.930365342147204, 57.92447715436094;
  2.71465610686589, -3.42526225235447, 46.1305139781823;
  1.127297757951183, 0.05971992485409419, 19.65614231674628;
  6.232064274969834, -9.437411857710025, 101.7934801871824;
