m=[-8.385132991267154, -0.9407886669220519, 11.50014406271996;
  -8.156273371627066, -2.46940600277632, 14.19715478445722;
  -8.523831728283934, -1.645594916891294, 15.93934282842069;
  -3.363682971959431, 0.9282454289999116, 7.247933400168746;
  -8.665214491710682, -1.63850871629155, 18.19830575610611;
  -7.140556089648819, 0.2569453314768858, 15.54064937272243;
  -8.574452829366518, -1.364637412257902, 18.51571609867676;
  -8.386437753728957, -0.3711963105918599, 18.174062516067;
  -7.096589640429789, 0.2406424002220193, 15.53586233076442;
  -6.41545426982269, 0.28958551970047, 14.21750472886399;
  -3.075758882013377, 0.8001522537378353, 7.407091142977783;
  -3.015395692740917, 0.7703115399529099, 7.298035047060316;
  -2.878661906328777, 1.011060141833299, 7.275526932948393;
  -7.983962336989746, 0.04518254273991862, 18.5960111958072;
  -2.795691258768492, 0.9751364905856462, 7.272855787381737;
  -2.721999198798412, 1.08007939654939, 7.303117312272177;
  -8.586478595013292, -4.755730681965447, 21.06645743411239;
  -8.550033882749895, -1.647160553161656, 20.96310545500889;
  -8.766406005508841, -4.599766515236609, 21.89607051641237;
  -8.5079614149696, -1.463059378155178, 21.35493080562198;
  -8.273314643974292, -0.3950437583188897, 20.86134530315414;
  -2.363745228544438, 0.9287340130716593, 7.542005103611055;
  -8.422010466019529, -1.55266607445518, 25.36596190818782;
  -2.364495441121408, 0.6980478501653704, 7.925096701883031;
  -2.209540872228698, 1.098095283617462, 7.514283444991525;
  -2.233147681490353, 1.013398385447497, 7.634377297101848;
  -2.207298149749095, 1.480836027276669, 7.873860947902434;
  -2.3275556600615, 0.7449347160110511, 8.553074213005749;
  -2.716330558898543, 0.6703007225604006, 9.859854931770959;
  -2.587497968877778, 0.3283730244554262, 9.539268008861196;
  -9.239296479256435, -4.935625665939331, 31.62455885814364;
  -11.38475921968292, -9.857470936755753, 40.74793395619654;
  -2.64385818230059, 0.7146535312401096, 10.57141966478079;
  -2.851406088198246, 0.7274995791390415, 11.54758794918904;
  -2.28369789977178, 1.334063874520437, 10.46151812429625;
  2.009671419939214, 0.6244219636910678, 19.93724820076638;
  2.166426774003549, 0.9409036713477068, 16.86284207261804;
  2.531265483564492, 0.9639366960885415, 16.73959306408582;
  10.06399067183225, -7.836288565163526, 63.16285531302653;
  8.936778999473816, -9.325144630238285, 55.08453445872721;
  9.832520682765985, -9.792592909723819, 60.24132072203241;
  4.985971980756299, -0.3701966727807729, 30.77364348947736;
  9.987457281247799, -10.04490169037571, 59.25977459619136;
  2.663423734449357, 0.9492321601796558, 16.54995769479065;
  2.661367029099055, 1.035420843407159, 16.41436139235371;
  4.473978686568163, -1.641830469420464, 26.87870932947017;
  13.01079798189864, -13.47372098857794, 75.66220546951001;
  4.767013722587633, -1.193556418754117, 28.408186944256;
  4.946345766167303, -0.8368063323623466, 29.3619541174957;
  4.806448650703655, -0.3911655170574878, 28.50646963364622;
  5.881230914822363, -2.333883127820286, 34.55025296385701;
  5.299127037103213, -0.7543954239634592, 31.18827210083058;
  4.920613571360592, -0.1361496923508599, 28.83265415761566;
  5.050634099545065, -1.826545139768, 29.44713583428313;
  4.765816467931179, -1.272924220843171, 27.6096927397293;
  5.994776552356576, -0.05407403376153911, 34.04173226995944;
  2.949009240241059, 0.4076939485999946, 17.19004372268836;
  5.296392292473575, -2.434461189887928, 30.03390297865683;
  4.721590943705595, -1.164717690258444, 26.5376424809849;
  5.08692426215935, -3.280184971177214, 28.34202233806274;
  5.248335427321606, -3.050136034161841, 29.03772921556389;
  5.178550409788566, -3.111890883354713, 28.6646743234121;
  5.127853101394365, -1.766924337006734, 28.39364563991287;
  5.399393117456504, -2.971936149347718, 29.64181550913286;
  5.167479633974325, -0.2670576131922371, 28.27031758730985;
  5.148224354979592, -0.05864117632244464, 27.99113862007463;
  5.071895898896369, -1.040749021154731, 27.55981404641512;
  1.791378042005554, 1.881113490347617, 10.32931982143903;
  5.260181192536152, -1.384931768241269, 28.23928174908024;
  5.235798862144797, -2.937546682091134, 27.66740621108804;
  4.92792498694343, -5.139489142008625, 25.96665235839121;
  5.072904018445401, -4.182943010739002, 26.53987193461576;
  5.63806216815784, -0.55024860125662, 29.46605593285514;
  10.64664602701228, -5.30959947623549, 54.69555862557983;
  5.408620696494811, -1.397188459643626, 28.0581483659979;
  5.269030095195084, -1.023232975180062, 27.19441657429505;
  5.271804808798929, -3.228655273475565, 27.08478981820545;
  5.243958970751454, -1.424776528934068, 26.79497835615332;
  1.8214274029973, 1.848630573528234, 9.944342166130744;
  6.82940772924022, -2.702137175749472, 34.20728175046367;
  5.042517301980775, -0.4820041539453807, 25.46365493301491;
  5.452220346604753, -1.289501631692903, 27.4197665025531;
  5.227213983062595, -4.32414729418445, 26.25851876670992;
  6.103313345304064, -2.84452197713169, 30.48967474029224;
  6.249821771568993, -3.16945590540823, 31.14396324197747;
  5.543536873410772, -0.07307148506742453, 27.71757140448495;
  5.36465057966287, -1.09396148580838, 26.79727411513667;
  5.448047035775697, -0.6606733464975392, 27.14708526757395;
  5.338121361374556, -0.7915750859773403, 26.58796386781399;
  5.36435170490511, -3.755100593541002, 26.58548373430728;
  5.361839753740359, -1.52357868712612, 26.58479175177001;
  5.409732955985422, -3.97802628799682, 26.76283369666922;
  6.098518030937905, -2.32689048438591, 29.90045002911692;
  5.729325475646991, -2.400746281341891, 28.13622467435811;
  5.778329110087618, -2.573594673341022, 28.36027463557924;
  5.315858093799535, -1.391522171403289, 26.14042645428209;
  5.592041676764137, -0.9226874473427142, 27.43379296609223;
  5.376923814945656, -4.473373248900035, 26.33602242415799;
  5.472417580065201, -4.238319172586446, 26.66943694966719;
  5.802421361755908, -1.095301282415678, 28.14009095249041;
  5.44412445757932, -5.738265305390822, 26.18634527410002;
  5.529249910360987, -0.5630890616882379, 26.64361250619033;
  6.193942853662717, -2.464006557537843, 29.71577783114944;
  5.522941504343828, -3.20058741226733, 26.42268103189963;
  5.421032927022339, -3.778782322851193, 25.84488981097045;
  5.482013448650983, -5.955190806909907, 25.95068224186431;
  3.433285490713761, 1.706180707136296, 16.65911372216747;
  1.835962988488828, 1.882465218234932, 9.289354159045484;
  5.920225489436206, -2.443456381469536, 27.64164804260959;
  4.075284497707188, -3.891064299769662, 19.27782078138167;
  5.652584646270438, -3.198053391467434, 26.28153715279621;
  5.658086347275437, -3.684958776412372, 26.26385097329602;
  5.600315277632647, -3.604332898064324, 25.9784459484257;
  5.490313865251433, -3.286807650216874, 25.49083693930259;
  5.688559947397729, -3.974911055619899, 26.18802246642644;
  5.786248157978583, -1.771968863720588, 26.54170601110378;
  5.749642517642852, -3.287555578840938, 26.3066249717639;
  5.847771633534896, -1.935305589266553, 26.47061260018096;
  5.701333235682043, -5.610856237184096, 25.71946000015404;
  2.338693580639156, 1.837173520641111, 10.76936649695106;
  2.308688742567766, 1.917767093426809, 10.63024651641222;
  4.495066385514957, 1.329306293857204, 19.58593753128813;
  3.910071037922443, 1.932785185792077, 17.091705346719;
  4.190598611781616, -0.3091607915909622, 18.1621427874836;
  4.138443484945606, -0.9816337833220485, 17.9375931372058;
  6.136009413218278, -5.624148887456903, 26.10825592196937;
  4.49180679005547, 1.238071846862632, 19.37198394682799;
  4.534499148331156, 1.066880453920031, 19.52915228200379;
  6.44467225157496, -5.744127067269244, 27.18866442394785;
  2.376200188369674, 1.832134311410402, 10.61529560776362;
  4.505451807649622, 1.277699216227034, 19.09361727746681;
  4.624113067320993, -0.4348297649881786, 19.58314487838738;
  4.592825319546517, -0.2637089961952816, 19.45357901699756;
