m=[-3.009040526957221, -0.5796904347792609, 7.377612153358167;
  -3.08548273999376, -1.661393015870577, 9.256706011403498;
  -3.06921369163337, -0.5658344873210262, 9.244058518352365;
  -3.042970239482217, -0.166232007104202, 9.201917902725199;
  -4.020015900496836, -2.349933086100599, 14.38916898848008;
  -3.695930694916143, -2.325774587109818, 14.03125406687554;
  -3.577975094923798, -2.07663236822187, 13.91050060286308;
  -3.331020318504387, -2.071856904143369, 13.87037644722939;
  -3.39348327379576, -0.596346995804155, 14.3297178832759;
  -3.161363357365629, -1.986306679880278, 13.85326826622169;
  -3.184884739700133, -1.744840393989641, 13.94610530367379;
  -3.175374359668378, -0.56202214096601, 13.97403247904526;
  -3.108746234467195, -2.257825153205952, 14.2057484709613;
  -2.953769878568735, -1.248297620458938, 13.67802033311053;
  -3.112153445582912, -0.6069124073162177, 15.49530671261019;
  -3.246792963126517, -2.815913281287592, 16.62690672559504;
  -3.19876822022842, -0.7041713426719061, 16.56395818624608;
  -3.845569682646548, -4.094815824543333, 21.07765039459281;
  -3.36906429599054, -0.5980080453281279, 18.5704974045578;
  -3.11153947260534, -0.210872140297972, 17.4779008971308;
  -4.053645507432091, -2.711792069739981, 23.48914645856315;
  -3.80831996219874, -0.4183173861734254, 22.20036276492493;
  -3.899583572696765, -0.6597152377859524, 22.75315622329097;
  -4.118210547341112, -1.686193131826308, 24.40949317520866;
  -4.166045218842601, -1.490123416063167, 24.67538566718227;
  -4.030611385793828, -0.536452719866246, 23.94028019445397;
  -4.142100025866646, -0.6692083116168005, 24.81328313785446;
  -4.197059237105315, -2.870934613549779, 25.57784578688864;
  -4.083009348282688, -1.613921015256503, 24.92269944766555;
  -2.82318369544936, -0.1392871193958594, 17.84777387635416;
  -3.843964113210373, -1.447281074522848, 24.02992002685194;
  -3.657406597206778, -0.2938964391105789, 22.95054063963635;
  -3.901477868963757, -0.7398304615846341, 24.52937963445312;
  -3.834972492942276, -0.9485532771223034, 24.2745403706528;
  -3.708479845048053, -2.651185880346776, 24.30941302585845;
  -2.12331216683992, -0.1022320474669875, 14.2938294924136;
  -3.299330251037113, -0.8409061130111257, 21.67444800899308;
  -1.964139232582448, -0.1053599121170327, 13.69123140139432;
  -0.9041452412860006, 0.3405986357821026, 6.898096595817433;
  -5.423979971545458, -5.455415233895446, 37.71618876460721;
  -3.578027486962056, -3.131677153613282, 25.83243225760794;
  -4.498510047167411, -4.559322407907128, 32.99714898116499;
  -0.8532408914500331, 0.3168757320713103, 7.034657080016321;
  -0.9004250155860882, 0.2030860981069411, 7.389346921823787;
  -3.292167206493916, -3.137332349968958, 25.69270851444022;
  -3.534594273441181, -3.735701026384445, 28.80208234895427;
  -1.070236058316441, 0.05333426903536593, 9.359656905093804;
  -3.692273788797091, -2.822457735160395, 31.48893574241927;
  -2.84348363277039, -2.046317935734157, 24.55577353018217;
  -3.754830975538066, -2.364742437673781, 33.14785238376342;
  -3.7630457500311, -3.086682354931862, 33.44680691545958;
  -3.860742489094876, -3.872076763344525, 34.58792620761573;
  -3.42529634537076, -2.679190596589959, 31.28336041163791;
  -2.504104930755423, -1.022571967654805, 23.65810402266653;
  -1.010305365502731, 0.3317375882957884, 10.12598938698298;
  -3.802619710679094, -3.313602976079355, 35.73329583116137;
  -4.129551099815809, -4.146900758132705, 39.54707038829389;
  -4.048840964097806, -4.814820775356568, 40.7308601569834;
  -4.039957773968204, -4.323086717719027, 40.96437916455635;
  -3.881161136765245, -4.740025457216831, 41.18713542033122;
  -3.535514301117688, -4.278089283256657, 42.13937204202454;
  -1.782683939476857, 0.209982442445153, 21.50205495879246;
  -2.22408300756865, -0.6916778815794167, 26.78727971852548;
  -3.957064064621888, -3.578080555348411, 48.6375811746503;
  -1.750557495426474, -0.6965444934713083, 23.64420602035302;
  -1.858157461632568, -0.6818517504660516, 25.97461974044946;
  -1.55939749263249, 0.2942333189090199, 24.04600925471286;
  -2.288738390783958, -1.946586242953009, 37.72688175423736;
  -2.274072806960166, -1.389877596981061, 39.22685749239301;
  -2.46165554329792, -3.879904629066121, 47.39132255518792;
  -2.495028347752108, -4.772712990287303, 49.95654345578969;
  -2.335914619101941, -3.778517913560358, 50.71764777995721;
  -2.616678039023347, -5.094846385395036, 60.52417302107376;
  -0.9961876675256994, 0.2772795011512892, 23.4063142884866;
  -1.603382676765556, -3.812759687911681, 41.77471795601964;
  -2.033777246540407, -5.713371725084377, 59.18368268648828;
  -1.218693950228611, -1.64508493908819, 45.87087926011829;
  -0.730081337973052, -0.4758568892655824, 33.29734350702709;
  -1.054400057347528, -5.288792689747941, 57.51197884583784;
  -0.4087861891671477, -4.030170125670626, 44.27074402768522;
  -0.001178400788681567, 0.01262252582207852, -0.9175521995031543;
  0.5452608580767386, -6.408796394620843, 73.32403529020755;
  0.00330606680860984, 0.002990218724603519, 0.3613029978030836;
  0.213347433103019, 0.4631793949333777, 13.56981593714203;
  0.1837027908846751, 0.1626526213821367, 10.49844317575847;
  0.2687216499234108, 0.3099242809235151, 15.15438609790955;
  1.062547569588763, -4.312545789992455, 53.61807816059906;
  0.2385109385860925, 0.111583811930553, 12.49936196016819;
  0.2542752509233827, 0.04866015343395309, 12.2096666299112;
  1.355550357555697, -2.84757048328749, 58.59928133906539;
  0.297791616230669, 0.4462038813701454, 13.03959243930551;
  0.3999219102236683, 0.004008303472030174, 16.46051049852175;
  0.4076108273351798, -0.3155454177098947, 14.43482206598766;
  0.3383016868812954, 0.4012804442543304, 11.47975641199443;
  0.4003351831642873, 0.04884305156349247, 12.44163172351545;
  2.241339064847169, -3.01454409061231, 61.14503651296405;
  1.959181758045303, -4.496576915541189, 52.29139279504534;
  1.106011756681602, -0.511485461283321, 29.80127380796407;
  0.4487612107506042, 0.4702397140952899, 12.42186442491662;
  1.099851362066185, -1.041650669815076, 25.98923030308754;
  0.568368590849722, 0.04492268406944541, 13.65325587370948;
  0.8028404822874622, -0.5526655166550388, 18.51662476639879;
  2.731597747818902, -5.524578058733727, 58.84081589790728;
  2.204992201449677, -2.302868220821482, 44.90375664954654;
  0.534654076374838, 0.4216521865194966, 11.45972381262071;
  2.801140772638418, -5.031580768266501, 49.62784018549593;
  2.115745374422123, -2.45277042823365, 36.14815221159433;
  1.998474971008176, -2.521608856148081, 33.96035223466136;
  4.252212447204478, -6.439259673865278, 69.45491644472725;
  2.212864998939474, -1.272323373391683, 32.58184292484707;
  2.319097226223167, -1.919735040059572, 32.98977251856827;
  2.041198610182492, -0.2932030912471121, 26.39019287715519;
  1.987707491149946, -0.8768840611510403, 25.58490094609288;
  1.650663061310201, -1.669130131327994, 20.93966437182482;
  2.062384852013638, -0.1736076652716193, 25.88988468482164;
  2.202373269664917, -0.9573287866316038, 26.72723962417943;
  2.188508009980466, -0.8063645445877122, 26.533112527259;
  1.6371487015868, -1.571187378826006, 19.24065487313284;
  3.609840522498109, -4.183148440631269, 39.94140867274118;
  2.002097804852593, -1.771915767435286, 22.4015889936949;
  1.840324765547285, -1.414883666489838, 18.73991006791594;
  0.4951052580338644, 0.2107961250699936, 5.805241062684488;
  2.923049474921378, -1.432755714658714, 27.17683497894029;
  2.687941521238372, -1.906016404400539, 25.046376344791;
  1.485596783210878, -0.1818461866281992, 13.83356382782037;
  1.620593611185707, -0.08512425786139641, 14.99715592437947;
  2.593113990196737, -1.528277346717571, 22.62228672133495;
  4.041677168394293, -4.670386545276063, 31.7768884855569;
  3.311300361746466, -3.558318259543538, 25.89717976245734;
  2.803214173697515, -1.691340303992262, 22.13717746373668;
  3.473458058631425, -3.888779493451771, 26.83431418464654;
