m=[-5.074296445539751, -0.9974634257930274, 10.15461872017004;
  -1.804660319789257, -0.351726040154424, 5.27920340107698;
  -2.01700925389497, -1.266472052673203, 8.067359583350923;
  -1.866341198764951, -1.066168340835178, 8.054409099311846;
  -1.87500887044273, -1.224272634579598, 8.095314174922917;
  -1.860258661458184, -0.3638884430413034, 8.08050442457411;
  -1.81344299087112, -0.3894666433316404, 8.456296698913596;
  -1.882226587000289, -1.103451209570423, 8.807684630750105;
  -1.860953582946722, -0.8330135459404912, 8.730495588173692;
  -1.857319506036799, -0.2887181730738282, 8.710372587406793;
  -1.103252254272321, -0.8600651863851035, 5.272173609898436;
  -1.828152601114257, -0.3987533297384905, 9.010507843278147;
  -1.88420177658123, -1.688686293606068, 9.548918028638397;
  -1.878233319736503, -0.4596975406214691, 9.644493331551665;
  -1.905343477507729, -1.141986112511511, 9.912580216193902;
  -1.329860089761897, -1.234141078843514, 7.376874572706954;
  -2.351876631660197, -1.696153356427294, 14.36193095545934;
  -2.286900500354108, -1.728007871189106, 15.00163895291237;
  -3.266100643261234, -3.226397038327399, 21.46196307012155;
  -2.195657288218052, -1.30874048273822, 14.69878935200271;
  -3.167822796813943, -3.33910004766729, 22.17608230190319;
  -2.238162850371595, -2.064907740467194, 16.20877533486665;
  -2.616494733108641, -2.793073758692919, 19.33661535573708;
  -2.083631236035787, -2.110193068000008, 15.75525290623388;
  -2.123765373164783, -2.13790048952252, 16.62365619539784;
  -2.076223660766054, -1.61147609810242, 17.95684332286401;
  -2.0736404836146, -1.423829179496225, 18.54895144221397;
  -2.315898631386542, -1.905027337750804, 20.6481061617422;
  -2.446468042485476, -2.149282436785627, 21.96328801769844;
  -2.220331611707138, -1.869700489566477, 20.49121736390851;
  -2.231579533974133, -2.083949149808924, 21.20568071269042;
  -1.899226385877804, -1.434105048239647, 18.24761948280951;
  -2.476714583845664, -3.129732826787647, 25.2685088791184;
  -2.260052047812968, -2.580352508695675, 23.25274309532186;
  -2.24209498458178, -2.920045466529431, 24.17430773783424;
  -2.14720315221467, -2.666980059983202, 24.44373413605737;
  -2.079114302117579, -2.293266182866554, 23.82868426749436;
  -1.420016989480704, 0.1278727467468351, 17.08316221247534;
  -2.130846180499731, -2.763790383044367, 25.86974071177384;
  -1.160612314601962, -0.3563263416662089, 14.5585035277925;
  -1.098081825629682, -0.4263147037522284, 14.50582956384236;
  -1.053046900382907, -0.4991079319780456, 14.49802497524737;
  -1.052246234366094, -0.4731062610989167, 15.05884053576734;
  -1.862978797219453, -2.600122836084355, 26.68180341392435;
  -1.657760981135123, -2.717819666074704, 25.98895846045809;
  -1.355973883132619, -1.313137097819228, 23.11397967456469;
  -1.285263877806849, -0.9333848049808988, 22.96532168655984;
  -1.243914595275079, -2.179252677789572, 24.94861263806209;
  -1.200743844711854, -2.024391776315782, 24.86600883966913;
  -1.163356697042618, -1.204899163677449, 25.31175614880093;
  -1.341728106388439, -2.437808032183277, 30.49725908605999;
  -1.382168496319826, -3.00610171888702, 33.60149822245962;
  -0.9267866742395832, -2.976200887443755, 29.19310975862439;
  -0.7293670950350516, -2.65153603964625, 28.35492223879647;
  -0.5025132220798739, -3.00739377536776, 30.80562227676719;
  0.0538767456946184, 0.09125081971592601, 18.27031013236311;
  0.2262632665924326, -2.351652173214462, 28.68041291797501;
  0.3820036294337492, -3.674825955422274, 39.61764538512382;
  0.08486021655025293, 0.2982455416036353, 8.725338178144597;
  0.1706109848678446, 0.2177574492198182, 11.16873233369531;
  0.1377736319255944, 0.01671937415769598, 9.208262506409495;
  0.1724097989477359, 0.2756099145947046, 9.264011771548779;
  0.1740084983246874, 0.09588217510726492, 8.463807421463256;
  0.1985497272457382, 0.1503645570382796, 9.574226267460068;
  0.2552012279506143, -0.08189002092611894, 10.18468124681704;
  0.2620095839951154, -0.04406695340246274, 9.646962375926924;
  0.4053997046437788, -0.5195845137247591, 13.76801088009122;
  0.2091267926572409, 0.2751860488212757, 7.811413939706;
  0.8957902666077312, -1.431418260988435, 24.95684672146512;
  0.5243441241202204, -0.4490656078453786, 14.82452834008275;
  0.2542237588440731, 0.272520242484399, 7.955079548168425;
  0.2443236661776072, 0.2302718263976449, 7.38446900820073;
  1.057869454439331, -2.344862954829341, 25.77288445767394;
  0.2678121519025709, 0.2926117131590008, 7.396184198769734;
  0.3339457777509358, -0.2370439641105696, 8.886290611991214;
  0.6262052720164679, -0.6351346337433389, 13.88397953687339;
  0.307576876396289, 0.2636189139424708, 7.743308069531527;
  1.498940125645308, -3.032487938171063, 30.45116287412106;
  1.115269687778878, -1.219499817090586, 21.50657061158515;
  1.027722841810893, -0.948670887165136, 19.09862370891502;
  1.068123414415486, -1.151686772479613, 19.11432921500697;
  1.767593093569189, -3.183868256660876, 29.654903768818;
  0.4529473149101639, 0.03079067685620454, 8.378741357493706;
  1.317175466534558, -1.579039867342244, 21.38636203905009;
  1.764240255661445, -2.720486615563492, 27.70552748450407;
  1.280959199968679, -1.217116913142399, 20.40745180772282;
  1.058709893121216, -1.368778488701966, 17.12838407450676;
  1.288289835102407, -1.12210084670451, 17.59322813314927;
  1.191099202162859, -0.2373471021874287, 14.72724625136502;
  1.302830062528116, -0.4810103274404812, 15.91500647427849;
  1.226290834762285, -0.1724670027638105, 14.7298687811984;
  1.278890264114756, -0.6196996881124179, 14.88576887756519;
  2.043146563852177, -2.403717252913708, 20.74643340506811;
  1.453876834466205, -1.165456181495457, 14.20139861707622;
  1.607353777603167, -1.190696145839258, 14.45496636022412;
  1.593595523702251, -0.992470031892956, 13.41148848172476;
  1.754482480617019, -1.160448658693825, 14.11240379107605;
  2.109916781362747, -2.490887890189199, 16.18312421829591;
  1.885904642950334, -1.009145311206139, 14.43663629965861;
  1.854623266210737, -1.168108930921949, 14.15457221123128;
  2.084377368296388, -2.37419687776634, 15.62049525965304;
  2.079173804779419, -1.1214722998818, 15.41963099999267;
  2.184432880703174, -2.391758214374047, 15.87800784472484;
  2.182760035450375, -2.374054070553422, 15.2817985031129;
  1.446016601933643, -1.255876807872308, 10.50371882889869;
  2.359555333579396, -2.566874768276549, 15.49323864405721;
  1.488695467504214, -1.562849621114222, 8.801480088066027;
  1.451983136979812, -1.223411221975197, 8.222161088345265;
  0.932172025314243, -0.07206036665088979, 4.821410372937136;
  0.9508824751927982, -0.1326803793462697, 4.765410531983299;
  0.974084094797301, -0.1193895523823098, 4.823307201682737;
  0.9266193826473993, -0.2298623888330635, 4.619493460240761;
  0.9494797850565356, -0.2055174061327612, 4.631491857398214;
  0.5288717858237231, 0.1709805550453875, 3.025775460006473;
  0.5288353896638349, 0.1883695616981906, 3.00322196162133;
  0.992487868215358, -0.07673726841130203, 4.684276661302643;
  0.9958139411093449, -0.1698720058937561, 4.6864587218203;
  1.031286242988612, -0.4515388080344754, 4.798595032337575;
  0.9925093160814845, -0.3025095565129317, 4.650906385517533;
  1.063281533389004, -0.2227693597420432, 4.88475460173102;
  0.9964469964470217, -0.2815714978501098, 4.628540272182852;
  1.018217771230847, -0.6075217857286782, 4.610015660390876;
  1.049703758898016, -0.6112158780810512, 4.618887055829621;
  1.043162391207256, -0.6967319162985945, 4.585719689419364;
  1.050301465386356, -0.6457105163898932, 4.610128884280729;
  1.044889049073656, -0.6901835814528925, 4.588771293238084;
  1.05592169802718, -0.3061742276147917, 4.603848983695076;
  1.075890619059037, -0.717829843788936, 4.583887589552819;
  0.8233033211315117, 0.03049390506415969, 3.347337166557694;
  1.577727427772267, -0.489071682121501, 4.837093822712886;
  6.524715500638111, -1.625713795313099, 10.58177191488124;
