m=[-3.029924664711744, -0.6126751818893106, 7.141183073433487;
  -3.082409335986329, -0.6007577259792047, 9.01702424085588;
  -0.7883738746702648, 0.4554271824347272, 3.323357034702728;
  -3.179480548134487, -0.341974930452622, 10.71484315626442;
  -4.00945174357252, -2.183772130109924, 13.81467290900411;
  -3.944033259686037, -2.383421492633594, 13.90629031171041;
  -3.848126998689464, -2.313722381826986, 13.77782816018761;
  -3.89714076532182, -2.421757840395416, 13.96171649039349;
  -3.761785724154279, -2.448248927876779, 14.05616807934075;
  -3.682374977424022, -2.159955268487329, 13.77747917162429;
  -3.511784708516976, -2.15487085562599, 13.73323676582309;
  -3.456737366980028, -2.170471583240105, 13.82578848896332;
  -3.279015231710782, -0.7926517929003862, 13.35636404254172;
  -3.188816136748256, -2.082112993953414, 13.7676513855349;
  -3.215476126143625, -1.836876798665917, 13.87675532543015;
  -3.226508813362514, -2.10672413752203, 13.93038878059274;
  -3.177013830748069, -0.6214612195302974, 13.8001638418228;
  -3.0851367459404, -0.8881496167014269, 13.97807235740859;
  -3.099938940092259, -0.6657627615582313, 14.45537773059164;
  -3.222955070761609, -1.889450343431196, 15.0814848958144;
  -3.155253311266923, -1.412377381813603, 14.80258581730297;
  -3.293848252551648, -2.958354762519508, 15.73859814481878;
  -3.13283250848973, -0.6833277449113741, 15.44094944383652;
  -3.214651366107074, -2.881080873682643, 16.29148362300333;
  -3.233802018304861, -0.7914729331284776, 16.60516916262297;
  -3.421054277692738, -0.7023361276067345, 18.80817679778666;
  -3.496845412216019, -2.759438591737949, 19.9664835871848;
  -4.60635871700341, -3.241083606752863, 26.63013465471183;
  -4.289608766758019, -1.086725556694995, 24.84718048269222;
  -4.146138817125508, -1.83400317859823, 24.58688365096273;
  -4.146943143704085, -1.611610396915557, 24.57776258656843;
  -4.134626866037989, -0.6673279851664427, 24.58783937667158;
  -4.12036758224596, -0.7840457996471353, 24.72289400513412;
  -3.951798317061001, -2.850003222607463, 24.13198626811759;
  -4.043313044788769, -1.730025960117039, 24.7051301154227;
  -3.967887452123912, -1.620505547830942, 24.81782554653403;
  -3.829941743950742, -1.071474824612363, 24.29936791734365;
  -3.84290914526159, -2.03045953530361, 24.64458215203301;
  -0.9310915373473913, 0.1286013218752963, 6.810757973497193;
  -4.020960277984562, -3.038283042493619, 26.3767463101199;
  -3.193886300141867, -0.9238599652003208, 20.99579146564835;
  -3.815481718639891, -0.733554540511841, 25.07562556784925;
  -0.9132385910442927, 0.323081027184816, 6.757532847876109;
  -5.409687071289331, -5.343925448561232, 35.54774234666452;
  -3.638583202364888, -2.168808931293146, 24.35843167250495;
  -0.8843267367735402, 0.2916582050239546, 6.741757240441466;
  -5.358201518087496, -5.647907756220286, 37.50964794331261;
  -3.747008929836281, -3.456954770531575, 27.13583862379444;
  -4.271655998204001, -4.559936667853177, 31.56871211094016;
  -3.661311825922681, -3.707985703625626, 27.68479027783495;
  -3.595518157064285, -3.619448798442398, 28.14371984899555;
  -2.817215574612621, -0.7193063611250262, 24.09177710532889;
  -3.506987984402353, -2.721974236201314, 30.331237891704;
  -3.3848943433883, -2.324178840889045, 30.2782672833868;
  -3.816403518271536, -3.139322652409369, 34.02631874009882;
  -3.899887004747769, -3.426146795785356, 35.01142873492615;
  -3.836168774784583, -4.089087037950079, 34.74523780072398;
  -3.341784662057943, -1.734766142790025, 30.51510794261189;
  -3.83840605836975, -3.232251276632933, 35.42426386143453;
  -2.121609517623326, -0.9808263755887571, 20.25675359876551;
  -3.306074944514008, -2.496415805425314, 31.7645110755236;
  -4.148737906425172, -5.242607000486835, 42.32721093880075;
  -3.951183236500793, -4.511155212769173, 40.65209418951334;
  -3.377744072825174, -3.725656761005656, 38.71225211897936;
  -3.506505073418398, -4.548073478366812, 42.57105833541649;
  -2.512448617469531, 0.1836702743748649, 30.66255397902881;
  -1.967869333839926, -0.6041670175150451, 24.68458440299132;
  -1.833177857145371, -0.711705318176927, 24.21656103880217;
  -2.137475699922731, 0.2381372953706079, 28.56390539628207;
  -1.827294187604278, -0.8660744576134717, 25.15762285552346;
  -1.857137514150127, -0.834997890199544, 26.57775030710938;
  -3.053139818852526, -4.261207146643534, 43.72743080245137;
  -2.48899497727209, -4.080587958681038, 39.02033393759835;
  -2.166650747224569, -2.098203740934493, 36.93280671271682;
  -2.202700458861932, -1.599645935536947, 39.3582403507798;
  -2.24314898014028, -3.929842482932387, 44.98978885492387;
  -2.299772588323529, -3.877297173499851, 47.62561620643142;
  -2.007546110829847, -2.079233855043674, 43.67922387344736;
  -2.190426364466188, -4.763995472946738, 53.25082129133428;
  -1.144331223443585, 0.2062735351109603, 28.09326641724321;
  -1.043548545378486, -3.409775430318427, 33.62397906120493;
  -1.499600531114469, -5.451637289904864, 58.29856698836296;
  -1.104033765903715, -6.607317239598737, 67.68070108177319;
  -0.5318827497425877, -7.11253880512926, 73.61106381011885;
  0.06918097969573438, -3.668354399601593, 43.48358332045753;
  0.04968597267010898, 0.08415292490436034, 16.84916410980785;
  0.1875235985259982, -0.7442531809852213, 41.41235327257272;
  0.6312450024812133, -6.072496019964828, 65.46650013902426;
  0.119017538842592, 0.4182931858466339, 12.23739836814004;
  0.1536366731120018, 0.04133437345521948, 12.87455054122538;
  0.2183708810823286, 0.2787152661078995, 14.2952455386793;
  0.1440774218106211, 0.0174843639472965, 9.629583707246551;
  0.2169478771550188, 0.3468073523612354, 11.65715463995096;
  1.51711823309002, -5.844806792453743, 68.00645325370809;
  0.2459539672355526, 0.1862644680917093, 11.86009654285831;
  1.45244883168306, -3.037498308642619, 56.5098882310282;
  0.3144454231291659, 0.361771481295342, 11.98812500839692;
  0.3174217190417938, -0.0533866276517775, 11.68718843870734;
  0.849941355011718, -1.089335686680805, 28.86534373162223;
  0.3579328754712713, 0.3836933041195302, 11.20030838276235;
  0.6903487630230579, -0.5912374576761271, 19.51789737159321;
  0.367185515962975, -0.008936008071842748, 10.29753465095086;
  4.038909572339403, -5.619214619899615, 102.5013030179797;
  1.027104840040123, -0.4957507462042024, 26.78549119935979;
  0.3820402534557715, 0.4174174034494925, 10.550828503598;
  1.667084903501178, -3.695243885122825, 40.6152067429152;
  0.3875803076119578, -0.2751152392052514, 10.31350440218331;
  0.4344611998625424, 0.3723693113728754, 10.9376457496093;
  1.238140821394302, -1.255796066019493, 27.4515763379808;
  3.496367362928198, -7.073459222348974, 71.02915601145313;
  0.8162903947008326, -0.6158242918998171, 17.48178203429169;
  2.87978807591057, -3.14892538577529, 55.53308431103994;
  2.253130780186178, -2.429401772478804, 40.32032526925919;
  0.6112736550281827, 0.04155346320226409, 11.30750461595472;
  4.844218065549749, -8.725623664948591, 81.2714312426818;
  1.980359748055189, -2.56035561832502, 32.03933635717808;
  3.578708316912506, -5.518425308528112, 56.19982953856228;
  2.066174660150673, -1.799638771045786, 28.2162298952498;
  1.987173278055411, -0.3959786206172413, 24.57023743858809;
  2.387714707122425, -0.8815542917997603, 29.16765287780062;
  1.72244143657158, -1.808357595549412, 20.94289638204096;
  2.018376040974702, -0.283866809054862, 24.24417878034235;
  2.277565012968355, -1.103618009923014, 26.50994173463622;
  2.301791959988238, -0.9608994835110427, 26.76468936996226;
  3.483916299095298, -4.12040443990024, 37.20523568965583;
  2.367260241985485, -2.160973833411142, 25.27778627654408;
  0.4964087671563825, 0.1967252085631029, 5.71922758270559;
  2.818338429172594, -2.087769818969481, 25.34537682560797;
  2.029741341327561, -0.6155252265288149, 17.71119751909108;
  2.788322012049583, -1.736529749906433, 23.46614808572317;
  0.5684342886161445, 0.2403914186893594, 5.401802319312887;
