m=[-11.32594675618654, -2.226361382907649, 22.66534330194957;
  -2.282727988159625, -0.4449008310432732, 6.677702848940115;
  -2.883933925288266, -1.792131723056312, 10.33184846700743;
  -2.709802366734682, -1.589477425431146, 10.1386322402783;
  -2.76765023446442, -1.801244732191327, 10.34151324214639;
  -2.598078669683234, -1.594210485724279, 10.16008453492646;
  -2.548544253885936, -1.600220755712749, 10.19332106210121;
  -1.003396251622002, 0.2217800176131901, 4.819244603263832;
  -2.343027634287512, -1.529861890223836, 10.1159760463454;
  -2.370796339319944, -1.354343997348148, 10.23144300767197;
  -2.346250748106353, -0.4589542031986426, 10.19153408288532;
  -2.258901107492294, -0.6502927805147172, 10.23458139102132;
  -2.293430734231064, -0.4925518884635686, 10.69453566761914;
  -2.377704850194869, -1.393924254959313, 11.12622391488837;
  -2.345206087874584, -1.049778165948787, 11.00232246047016;
  -2.342802238211728, -0.3641859033360975, 10.98716743517063;
  -2.387076975839504, -2.143942282254465, 11.40588223345852;
  -2.302186935287336, -0.5021488389791712, 11.34690475207357;
  -2.367175922401323, -2.121544297642309, 11.99657548534439;
  -2.377590139304326, -0.58191510509322, 12.20862818411746;
  -2.392100162760315, -1.433728457811735, 12.44493973314894;
  -2.17555251802656, -1.38623493026714, 11.7228771883693;
  -3.021619652846276, -1.174280302213597, 17.90828759427632;
  -3.02728333399771, -1.339088607968617, 17.9519949510767;
  -2.85623724526052, -2.05989392686871, 17.44185113990698;
  -2.9660988586751, -1.269114700974018, 18.12322158266213;
  -2.836839713230944, -0.7936419239244194, 17.99855363941456;
  -2.812667855012902, -1.486115869508578, 18.03764320182216;
  -2.825630194572529, -2.135078118411748, 18.53560484457501;
  -3.889226143014144, -3.841947655561782, 25.55660004689101;
  -2.72953947139808, -1.626965567267429, 18.27285429895959;
  -3.779944368401178, -3.984317693970238, 26.46118889433678;
  -2.606177157284231, -2.404434236861504, 18.8739349410022;
  -3.227624911772844, -3.445447196931912, 23.85303537660701;
  -2.561303886242024, -2.593955020597786, 19.36714606670913;
  -2.521128709155657, -2.537908551273359, 19.73399576757247;
  -2.659479465822365, -2.064174334178266, 23.00130616492736;
  -2.548432730898338, -1.749837019921286, 22.79602243142144;
  -2.740362992140735, -2.2541860617894, 24.43254865155934;
  -2.815761109340307, -2.473715492453675, 25.27863481537481;
  -2.605861431790709, -1.487051138094228, 23.76254036892449;
  -2.322956947522679, -1.20587873583679, 21.21180422081478;
  -2.681508480741819, -2.258049064736253, 24.74737235299619;
  -2.818267269584122, -2.631824495148029, 26.78070620920089;
  -2.309469411351594, -1.743879384891538, 22.18920258211038;
  -2.859500735547825, -3.613445561567838, 29.17385806072291;
  -2.718518379380425, -3.103793882515969, 27.96971403238895;
  -2.699876154747903, -3.516247607740441, 29.11011240279404;
  -2.492268448521953, -3.095575865505618, 28.37195320271408;
  -2.513928403085089, -2.772866786145903, 28.81207932011676;
  -1.489855418538465, 0.1089145272859128, 18.18256973465777;
  -2.467562490685445, -3.200524535148771, 29.9576770995082;
  -1.420806430563984, -0.436210051581537, 17.82232979215802;
  -1.321028347812246, -0.5128705307757259, 17.45098736278613;
  -1.28848738889852, -0.6106986078389206, 17.73949701361774;
  -1.293560901977985, -0.5816050861966067, 18.51232792286962;
  -2.12791758018714, -2.969892680371818, 30.47628810393744;
  -1.90819135005013, -3.128388251874995, 29.91499154305169;
  -1.601055724032696, -1.55047651953746, 27.29165356610175;
  -1.47907936992775, -1.074137562791409, 26.42845108843066;
  -1.541768816394481, -2.701072754047976, 30.92253529605322;
  -1.372659996068403, -2.314233481151318, 28.42619243597957;
  -1.57402623099406, -3.330747684500889, 32.98330945626286;
  -1.31818064695143, -1.3652517436184, 28.68034127496922;
  -1.640843058161505, -2.981274945119356, 37.29609272254985;
  -1.450743764173903, -3.155247232706904, 35.2686117090126;
  -0.9510348986219561, -3.107488813105845, 30.64311445725969;
  -0.8463924893552485, -3.076969340251762, 32.90440901781576;
  -0.597424776081848, -3.575411499428059, 36.62399551316546;
  -0.2167244706449165, -2.898122204995514, 29.99405197024723;
  0.02176587623438227, -3.459660433128786, 38.77083573247603;
  0.1384327407623277, 0.2344629562758924, 46.94435555808612;
  0.1027555214427063, -0.4078213318145486, 22.69233306176564;
  0.2953889425785947, -3.070105277007908, 37.44256401910115;
  0.4855593279703275, -4.671018503064288, 50.35742015719169;
  0.1024557930600908, 0.360086089027847, 10.53451757608823;
  0.213672178551927, 0.2727181289455092, 13.98765367454252;
  0.1464246494918518, 0.01776920929315333, 9.786463426166613;
  0.2018003899300579, 0.3225929649779442, 10.84324208499253;
  0.7529520753040629, -2.900801867739598, 33.75188498470172;
  0.2018567335820572, 0.1112271116769325, 9.81835103579971;
  0.2308134913109987, 0.174798368453473, 11.13001071343131;
  0.3032976331439898, -0.0973233934822996, 12.10413343733345;
  0.3884818751067504, -0.0627609474730865, 14.04581215184043;
  0.2611562522811101, 0.3004619475681408, 9.956493460502218;
  0.2475718326199549, 0.3257751603821994, 9.247433290748731;
  0.5773240411814105, -0.7399330284723215, 19.60683145368411;
  1.167688617263406, -1.86589525718871, 32.53197419726335;
  0.3055830911443739, 0.3275759058730419, 9.562197528987447;
  0.2925288558809547, 0.2757045806146088, 8.841428683732287;
  1.070896183691387, -2.373737873863586, 26.09025479714797;
  0.3182050309799934, 0.3476710021909016, 8.787887350830358;
  0.6019641117422666, -0.4088800784972682, 15.04308312689434;
  0.3607514070236347, 0.3091939005202025, 9.081987286657634;
  0.6992607396539678, -0.7092318343808826, 15.50373692803935;
  1.525071209963789, -1.667600296126494, 29.4090765885541;
  1.237763206101805, -1.142555046031592, 23.00189579558691;
  1.343973358225401, -1.449117506781956, 24.05073129061289;
  0.4722704960382774, 0.2137393614054306, 9.094439940286394;
  0.5107262486052778, 0.03471840182098366, 9.44755162616514;
  1.343883736655818, -1.737472334964089, 21.74208151117054;
  2.127041868433772, -3.279932489494038, 33.40294314080741;
  1.46382572377057, -1.274992660281473, 19.99039284775606;
  1.534903158620667, -0.3058559825876999, 18.97818145453999;
  1.667166606633157, -0.6155249087500581, 20.36563946550397;
  1.511403510855448, -0.2125655889244817, 18.15456395762669;
  1.691050345521453, -0.8194161775306221, 19.68314663899916;
  1.650300115815888, -1.506490627562941, 17.62203110578231;
  2.013287444019758, -1.491403842429476, 18.10553636808143;
  2.020144340133093, -1.258118944148634, 17.00126672430247;
  2.181592054300295, -1.442947194513768, 17.54791416718021;
  2.656522343270649, -3.136189727158841, 20.3756050710496;
  2.610188878850762, -2.973119158174771, 19.56096992274087;
  1.804106261669387, -1.566880497732879, 13.10484601953441;
  2.77454907573636, -3.01770667422131, 19.4249936886226;
  3.095263923001096, -3.367225490345067, 20.3240254394242;
  1.525734428304437, -0.6783127173077165, 9.600946982551326;
  1.964139835287602, -2.007803280855809, 11.24085736351257;
  1.806975668036201, -1.522520650418789, 10.23238124942529;
  1.084638543061913, -0.05921437334855378, 6.006186219058394;
  1.052513348880023, -0.3072115793272009, 5.755038079357429;
  1.081025456519421, -0.292623749955397, 5.729137219580656;
  1.116914394616258, -0.04226917861194354, 5.739578657353062;
  1.156964586358728, -0.1028879362300222, 5.885811479543442;
  1.10309020436395, -0.2923260515306725, 5.632645959841469;
  0.6418019842228744, 0.2074900995536067, 3.671870472387613;
  1.193324411183078, -0.1462609522719678, 5.908904844197132;
  0.6446007871364544, 0.2296048451303301, 3.660646163709235;
  1.167002105366324, -0.06616108374736818, 5.701267367311275;
  1.211805445143127, -0.3562304916680348, 5.851445804665585;
  1.245041732897862, -0.5183632743383181, 5.944796574511684;
