m=[-4.520866592713558, -0.9141556535207113, 10.65516128672737;
  -4.602880985665944, -0.8328011934413507, 11.11796197572477;
  -4.638368631298436, -0.9040122473871471, 13.56869832249594;
  -4.801248453303701, -0.5164071869751353, 16.18019778784011;
  -6.063674772531126, -3.279016763916937, 20.86970084394982;
  -6.040482571255018, -3.650328239715178, 21.29817339962952;
  -1.189128652363059, 0.6869348783591018, 5.012722007880102;
  -5.752290349304444, -3.458618422023417, 20.59549177748377;
  -5.895796925451919, -3.663761021065735, 21.12200972840554;
  -5.636532067902266, -3.668373108967344, 21.06128523544236;
  -5.542138611130731, -3.250829034302459, 20.73572076424524;
  -5.322215509068807, -3.26577169153864, 20.81313399637303;
  -4.806621828679438, -3.138446789446758, 20.75249586100081;
  -4.848710826194499, -2.769880437818279, 20.9251666438465;
  -4.85194781033294, -0.9490979781466281, 21.07566359533346;
  -4.727369380443677, -1.360915787208424, 21.41866526564527;
  -2.099414068784959, 0.4640321193146241, 10.08334434641636;
  -4.615435969051768, -2.055979033147781, 21.04440860671441;
  -4.785176103430158, -1.027695099396798, 22.31383566555827;
  -4.916821776995574, -2.882475985909091, 23.00775894702347;
  -4.761967813512197, -2.131586585683179, 22.34034173010515;
  -5.034263869736147, -4.521501099292155, 24.05461634104686;
  -4.846324577567945, -3.778061667173207, 23.15940388420826;
  -4.87469304914218, -1.063259206924945, 24.02614526057495;
  -5.168288392017614, -4.89590445225842, 26.00036495804149;
  -4.880296533964606, -4.373889234194734, 24.73278188009769;
  -5.064489552061493, -1.239533644261197, 26.00552082604014;
  -4.989333994184733, -2.990405771611034, 25.95709069077214;
  -5.901319314745213, -6.469469060224586, 32.10321686822623;
  -5.023173388878266, -1.031248223463242, 27.61626256560815;
  -5.295078571844079, -4.178464425789889, 30.23413589523802;
  -6.548278932146849, -4.607439585867274, 37.85670210094367;
  -6.799771312193611, -1.722647837235527, 39.3870756569718;
  -5.929098850683103, -0.7969223698397903, 34.56982959499084;
  -6.52345601908479, -2.885585746678364, 38.68453547211635;
  -6.587746048157873, -2.560170143535538, 39.0437131017927;
  -6.367515269596819, -1.02771574631798, 37.86640191485461;
  -6.536162628564656, -1.243736329937659, 39.21806796136391;
  -6.215773325547466, -4.482762678532295, 37.95713862477655;
  -6.476158818725565, -2.770975869077543, 39.57011106794372;
  -5.99521717926176, -0.7667242845430993, 36.95976185571519;
  -6.635930271916855, -6.289502356572005, 41.20705219273615;
  -6.116979913071499, -2.49820591050203, 38.25968911315797;
  -8.262078070392708, -8.172776959603706, 51.59915846520239;
  -6.194875771373691, -1.368795890484201, 39.04305829595032;
  -5.98986003753208, -1.675739387760733, 38.00314014051954;
  -5.935329593779602, -3.136021725551135, 38.06327764830285;
  -5.903949341136882, -4.461090865565232, 38.72880188635502;
  -5.310022578621228, -1.535971169192849, 34.90673000277546;
  -6.041674710379099, -1.161556585225625, 39.70632911175769;
  -8.729490760404209, -8.623372703956759, 57.36259496697247;
  -1.383475205494803, 0.1975386115543829, 10.16829970600591;
  -8.403733392267537, -8.858104878507144, 58.82964272421158;
  -5.561111909736178, -5.130628911167933, 40.27357238192005;
  -6.881607207360727, -7.34602530067972, 50.8569690258487;
  -5.504846594516973, -5.541485127251425, 43.08888277017618;
  -4.811583061594533, -1.228518802208553, 41.14686419041641;
  -5.838933079167836, -4.531930385586122, 50.49976476841576;
  -6.301849754451776, -5.183817589391312, 56.18607869177975;
  -5.563849844310052, -3.820320745694187, 49.76927360811403;
  -6.163699315826707, -5.414961673349787, 55.33491587752732;
  -6.022756629544873, -6.419836433808309, 54.54976660175083;
  -5.720557601768682, -2.969619723886429, 52.23658923684222;
  -5.573276649953869, -4.693153953204452, 51.43521024573153;
  -3.853822794306586, -1.781633713509839, 36.79562054615295;
  -6.452770676773469, -6.025886938399343, 61.31773149943916;
  -5.241472868683448, -3.957833967073847, 50.35966388651429;
  -6.447593813368178, -8.147586380404983, 65.78112899431089;
  -6.361229383772408, -7.262759375249636, 65.44806469143461;
  -6.210153988210807, -8.087941021422504, 66.95799002393731;
  -5.611247471358695, -6.189214347982796, 64.31038649755818;
  -5.507741635709578, -7.143755144961812, 66.86726115060651;
  -3.790171067460131, 0.2770770136541984, 46.2561996841151;
  -3.343931047334293, -1.026639733087206, 41.94564484352135;
  -3.017156078564006, 0.3361429504373759, 40.31941078770397;
  -2.966927927690191, -1.406221566939618, 40.84774873727884;
  -3.574116066023314, -4.988323439833813, 51.18891443880947;
  -3.103427070742417, -1.395349044814239, 44.41357150671836;
  -3.607158338723971, -3.493204029375216, 61.48775102628429;
  -4.542508018774028, -3.298861840311322, 81.16633456853484;
  -5.083069717777656, -9.063452840768283, 95.87949098036579;
  -4.078351194516516, -7.144990335651603, 81.79758042912069;
  -3.565225204396508, -6.010784578476046, 73.83166845981965;
  -3.561737357564853, -7.536881039788858, 74.63527808701227;
  -4.368694304004585, -7.937553080797173, 99.29970269136669;
  -4.334542621388378, -9.42727030708531, 105.3758109633943;
  -1.821196286316209, 0.3282830953252559, 44.7102651936837;
  -1.264865802893993, -4.132925446025774, 40.75500029212017;
  -2.508979895911109, -9.121127977999187, 97.53926429028749;
  -1.9372167773378, -11.59367240843995, 118.7574091361895;
  -0.5036562645811188, -6.735083489760385, 69.70459833184975;
  0.03317351486544515, -5.272891179381798, 59.09088527689717;
  0.1054184070622265, 0.1785467168358723, 35.74876258494881;
  0.02728976593407457, -0.1083090089163433, 6.026619777302509;
  0.6392192791638849, -6.643682952363986, 81.02540526197686;
  0.9360550163056889, -9.004729286793168, 97.07838575234426;
  -0.0004156092151519107, -0.0001118154029409125, -0.03482750399034965;
  0.2991763924313216, 0.4782557631294726, 16.07549940994613;
  0.3011636323503416, 0.165947206090328, 14.64865803166359;
  0.3577062966947959, 0.2708961105030724, 17.24888303478992;
  1.579534162817313, -6.085268637859402, 70.80431430020046;
  0.3763385528058337, 0.06854071704694932, 16.69485226861319;
  1.551136401356485, -3.243883084084053, 60.34948891807947;
  0.4658203095242717, 0.5359292614821325, 17.75924116323751;
  0.4654915779480421, -0.07829024939430322, 17.13899037700596;
  0.5375769502145237, 0.576266362721594, 16.82166695065375;
  0.526002035380147, 0.4957499667175767, 15.89795122708911;
  0.9901355962744403, -1.004706080660036, 28.05072666521992;
  0.5351952332457866, -0.01302477553275373, 15.00928337251716;
  1.802553427786907, -1.279502357901892, 47.96591144476742;
  2.644778866525957, -6.440195293409984, 67.24531631291443;
  3.620742252955743, -5.037430880363237, 91.8888606375146;
  2.457010220794347, -5.446184519460605, 59.86016541655259;
  0.6724377424687987, 0.5763349619792496, 16.92875179214557;
  1.532021986746013, -1.553867824052881, 33.96739514109743;
  0.8038654155085455, -0.01850625471164603, 17.73525098954622;
  1.057593954549033, -0.7978680778381349, 22.64957068493597;
  4.24527866804584, -8.588572775367965, 86.24338621333661;
  2.61228766983475, -2.856425105479142, 50.37467604894975;
  2.697057726830139, -2.489601322803268, 50.12060504093447;
  0.8044016951080747, 0.5146613922338977, 15.75214252255754;
  0.9331267288824895, -0.02342304667163293, 17.73032012707655;
  0.8895018639754825, 0.06046699815869933, 16.454244919715;
  4.892359559898261, -8.812338291885125, 82.07910094188247;
  0.7108347985835479, 0.404406443264177, 12.45679535797557;
  3.318514234893287, -3.978259852520386, 53.88116364320933;
  2.548841458677016, -3.295330838425813, 41.2365424493558;
  4.783143495063854, -7.375683565140163, 75.1142102894226;
  2.788735625310654, -1.73981120945848, 39.23594100863021;
  2.71766157086936, -2.36708407272841, 37.11310817041169;
  2.670924529818369, -0.5322278750271821, 33.02442248136786;
