m=[-7.87842573357069, 0.2010260586355727, 12.69053595432388;
  -8.26567569494903, -1.886792919932797, 14.25941181893008;
  -2.889938016680591, 0.7312051433317927, 6.096734183716795;
  -6.958001181068342, 0.1850716434459698, 14.38950056303975;
  -6.923144444237317, 0.2608148518311882, 14.40104981639725;
  -9.331683982091461, -1.542395685996423, 19.22278504424421;
  -9.126720501922534, -0.4731247783809564, 18.86527219743747;
  -9.136932201083278, -1.84756131510668, 21.53469567656488;
  -9.243292538337647, -0.5425636868483843, 22.42820897490453;
  -2.080076125906409, 1.026650807558259, 6.176719448950589;
  -2.101912179512067, 1.098975583871571, 6.237369145896215;
  -2.073604408228837, 1.028743192472334, 6.199465700036345;
  -2.11786963728676, 0.9342493030597528, 6.350732469436899;
  -2.061589661363394, 0.9269176741598648, 6.203432367600404;
  -2.080057011926285, 1.263325477352083, 6.587484592383916;
  -9.788951472148726, -1.907854403849671, 28.63578554815226;
  -12.45713186816096, -6.10073718411589, 43.52951001465013;
  -13.73641881946807, -8.301064846685144, 48.43332075804341;
  -13.68912193187942, -8.230712710920072, 49.01251172467091;
  -2.466449212956128, 0.9483667133888784, 9.57296314011642;
  -13.03996234049633, -8.486680571592386, 48.72470572403418;
  -12.59314952954601, -7.386710978635762, 47.11683530661027;
  -2.16898207347089, 1.252975810348142, 9.143253047329152;
  -11.9386666708777, -7.325701032217293, 46.68752491055841;
  -10.58857339740458, -9.51007883081221, 50.59410417573757;
  2.401693648618437, -2.639362523646206, 28.25289520270716;
  1.713441583852944, 0.5996706201414189, 17.04341862122376;
  1.674773454994325, 0.7082633382470643, 15.91528750937326;
  1.73395084387469, 0.6010552265782377, 16.18878043624864;
  1.667379732341574, 0.4164935553261624, 15.14523270217744;
  3.324624703001225, -1.58527418471842, 27.78187702788049;
  2.527019315579469, -0.112840874928526, 19.99563902441999;
  4.31752988945744, -2.328804914629029, 32.01979438844258;
  2.651916157837873, -0.09369181664506732, 19.87343731901841;
  3.955496104068109, -1.872136884825653, 28.2612080895096;
  5.955373200403201, -6.477293774148091, 41.69437399499676;
  6.142079722168024, -6.680362994216155, 43.00153162959143;
  4.05712028902123, -1.651043655344928, 27.9747320367613;
  2.083707430892051, 0.8174856143675391, 14.89086889903608;
  7.113156781959121, -7.73814557622948, 46.70618822416286;
  3.68794761590688, -0.8045746393585785, 23.78105948480646;
  4.398974371445987, -1.955700942383889, 27.68130477647435;
  4.715620412795051, -1.853089389698858, 29.07467055750409;
  6.3686254121313, -6.453330303961193, 37.62935978993975;
  2.437732255136717, 0.8438339106732695, 14.84502921720433;
  3.745075711500792, -0.3815057293801735, 21.86678351907134;
  5.590450421124443, -4.71039890678476, 31.65710589070836;
  4.13055064824955, -1.615198000398801, 23.39048630125579;
  2.515535833867218, 0.7369389123524799, 14.68428384982303;
  4.241392055830294, -1.461554963058407, 23.8975478378917;
  3.838347150389815, -1.844357796904825, 21.57856153179655;
  3.68342495293509, -1.020876543117818, 20.72935284095663;
  3.852763349361445, -0.7567749391924673, 21.61589028956656;
  3.979499054527648, -0.4339903795905478, 22.28321683177216;
  4.039499817257251, -0.6883669808611387, 22.51728639591872;
  4.935372224606943, -3.733738150107882, 27.33233650846128;
  2.597401046218577, 0.839721619609986, 14.86022237545268;
  3.995876073356451, -0.2181494463531855, 22.12716481299589;
  2.587025291270579, 0.921490561606601, 14.69154924550796;
  3.841283095380495, -1.478530148709972, 21.18734913332959;
  5.42564347330612, -4.41479686513718, 29.41153814986208;
  3.882336976256693, -1.133191208667668, 21.22823160298136;
  3.92683779605755, -1.311057952051906, 21.22877446907732;
  4.086694905911782, -1.964882279189668, 21.95542310020053;
  3.847438542211935, -1.513060141039634, 20.68602296749454;
  3.94497031157836, -2.622490785890736, 20.81860764084213;
  3.880063955769117, -1.421562850945667, 20.31621189817896;
  4.339391146489441, -2.474760833527667, 22.5849906243067;
  4.187059234644802, -0.4096993488942752, 21.74557031605756;
  3.996714234807591, -0.1512540519365603, 20.53823984381739;
  3.937107189907722, -0.8988846850624828, 20.2108214018157;
  4.380064378706462, -0.3895156254506239, 22.28264676835701;
  3.98128410500822, -1.055066084201115, 20.32940165757896;
  4.022388203712256, -1.147345896152325, 20.42371746685529;
  5.812570666548584, -3.007612780618811, 28.75855233942006;
  4.290507223903467, -2.482014478551311, 21.44623940089912;
  4.322865486054836, -3.781299408250354, 21.59580244605077;
  4.390256181898355, -0.5380959644039608, 21.73893852952086;
  4.396861747083333, -3.699213260118916, 21.77356922941744;
  4.408458658744887, -3.563559355032919, 21.66942116209393;
  4.237066801429655, -0.9171242951625426, 20.66809709793375;
  4.32269700381539, -2.722922589315804, 21.01303024841971;
  4.332924526995948, -1.273735681580427, 20.92239570884953;
  4.464509617323911, -1.858763254597494, 21.31703763709817;
  1.856870242554072, 1.874404333906949, 9.506383248010172;
  4.801487500963638, -2.339498800686363, 22.80479003711916;
  4.420255621276493, -0.5282903975931904, 21.04914922167016;
  4.370712034917982, -1.127321703123135, 20.79104821791879;
  4.437455429994799, -3.738629556880289, 21.09456741160505;
  4.430035895281222, -1.000655058747729, 20.91508571954684;
  4.448970708440499, -0.7589325146055241, 20.93756345333651;
  4.512012483264051, -3.230178015225346, 21.16039954853112;
  4.522732395286456, -1.378495646294215, 21.19355923052902;
  4.47068028163384, -3.361897586773858, 20.94825072901616;
  4.57453338195524, -3.142805746910414, 21.37893435190172;
  4.818900636633718, -2.236636821740854, 22.41888712745143;
  4.594694850503498, -2.011743151024852, 21.37920488577349;
  4.514102194819259, -1.275574637663434, 20.968203904442;
  4.440015426605775, -0.822820497137234, 20.61261320467492;
  4.612077741220215, -3.911051748499575, 21.39889745700048;
  4.583337701388222, -2.483241078055916, 21.14873640788189;
  4.845482808986341, -1.01518278000983, 22.26032683306767;
  4.647828726737632, -3.375959477747939, 21.41597571144571;
  4.536820881947564, -3.063233425726883, 20.92226733715095;
  4.655740562359997, -3.669585862440856, 21.47272735534624;
  5.122237248124195, -2.132249879961622, 23.33329072143345;
  4.846194508495774, -5.16929254630626, 22.0851373334518;
  4.708042898724631, -0.5923963151621062, 21.44687914419024;
  4.691948445025146, -2.799460958555911, 21.24295648775183;
  4.621538404524319, -3.296636391110865, 20.84695894009944;
  1.955089790643023, 1.903827946722663, 9.40601387854432;
  4.798991847798379, -2.594347838342577, 21.43768223652128;
  4.807343439260762, -2.070719667608034, 21.26954981896674;
  4.749449771550496, -2.765484154851083, 20.89844099935137;
  4.742036785924342, -3.167223439863322, 20.84589287387733;
  4.746192661614658, -3.135016346819546, 20.84354569234207;
  3.714557359234137, -3.546920312726861, 16.56248661665165;
  4.698294380568874, -2.888445070875811, 20.62240541837844;
  3.361236344757026, 1.564602241556249, 15.06377740700744;
  4.762161343842349, -3.405294518171246, 20.76805784189196;
  4.727151051695789, -1.370681012404154, 20.61051459192818;
  4.809959978057518, -1.563770719497553, 20.87709021783764;
  4.836847628943161, -2.847413827943949, 20.95500323988243;
  4.939278589161092, -3.789452506954494, 21.28275787376669;
  4.832006705807695, -1.005147266090646, 20.85264639173643;
  4.857737625914653, -3.621430611917128, 20.9552810815959;
  5.120124056101937, -0.2650515601334421, 21.87126529409423;
  4.742762389401682, -1.657449495016971, 20.31768611267846;
  4.991850507426586, -4.97054439446712, 21.32277933398914;
  4.929141655772553, -3.51180156740095, 21.00165290138018;
  4.889718231417751, -3.262400110245699, 20.83289724842937;
  4.596273710262127, -3.681942178377225, 19.46532203662508;
  4.151109540133517, 1.129241896164185, 16.90651281522344;
