m=[-7.791650788896342, 0.1555467748974977, 11.65541256839518;
  -8.222668557945143, -1.940383098152962, 13.27749759865651;
  -8.632120083901141, -1.75190749594837, 14.3545607062722;
  -8.216123230593903, -1.982443972579474, 15.2612203207902;
  -6.882017352202585, 0.196140648582048, 13.43854714796518;
  -8.977213788658423, -1.434324724707937, 17.31834928203417;
  -8.59104200531811, -0.5301774483454739, 16.93461073753003;
  -9.073708482354455, -1.593259420274444, 17.83566743213056;
  -2.195067323221709, 1.195109348663348, 5.662350654376327;
  -8.644120409257411, -1.850699749696811, 19.55962237909213;
  -8.694223797416514, -3.90691514102411, 19.74951472662769;
  -8.927278074448632, -5.083303790757451, 25.19012015303425;
  -8.77476418457776, -1.845511585493548, 24.9461089293308;
  -8.770256703754869, -0.7005228700856755, 25.05091167998473;
  -2.250378742106356, 0.8463578457981422, 8.002135455608599;
  -9.745889326987021, -5.318550240538174, 31.56449893382856;
  -2.272651214996613, 1.534050208360174, 8.56713592863802;
  -2.267090217037905, 1.296853300909858, 8.727963434259506;
  -2.181290209613244, 1.328417283955505, 8.507306660628696;
  -2.252519979277417, 1.618754745285537, 8.774497501949691;
  -2.255223470598029, 1.330968999982454, 8.809974142966251;
  1.866880436079982, 0.543400969656568, 16.93183242114017;
  2.326965814347065, 0.06828594798720697, 20.67543988763224;
  2.074717475694975, 0.7484347218921976, 17.88711229098387;
  1.916266646863741, 0.5554020552767985, 16.26952808123994;
  1.969096297043523, 0.3741926938402075, 16.19247787153716;
  2.252430885576408, 0.04423744548650051, 17.72664092787409;
  3.24175825880035, -0.2769275433655423, 23.86110036242858;
  3.387942328200889, -0.2445311868382133, 23.61754659919052;
  2.245172961841476, 0.7838966061582502, 14.59155898859737;
  6.032042976901756, -1.057001859059861, 35.72556144031348;
  6.109736597681354, -2.546204765638098, 35.8875990274716;
  9.297022299925063, -10.03901315975565, 53.72246659656572;
  6.408721550181382, -2.155205824767042, 35.76087897399983;
  5.501470050228889, -1.128604651613345, 30.44848693100647;
  10.11354629069673, -10.87044846460363, 54.6292654527188;
  5.3729673047977, -2.372837551283746, 29.56143524212758;
  7.972344079829822, -6.854490660480224, 43.19993036464375;
  4.398558669133521, -0.5801803032731775, 24.16575300637095;
  2.589929748828344, 0.8046358351848874, 14.39468195670403;
  4.336787240030993, -1.803061705086364, 23.21205173339435;
  4.900719638173027, -1.782873217909239, 26.05881399946415;
  4.761983524109244, -2.38526734520171, 25.15476432245949;
  7.997377910900456, -6.638507205323471, 41.37821660628257;
  4.792572537909274, -0.9631666803089576, 25.23758865912059;
  4.55203707438903, -0.6218681217060201, 24.01335447877536;
  4.345020548993593, -0.3656005529134364, 22.67302298011763;
  4.63210402861063, -1.879517163162745, 23.98211003170164;
  2.757738134036395, 0.7147599453419222, 14.68960194943083;
  4.643834821482604, -3.087255708786709, 23.7843570083942;
  4.348499035902054, -1.373804690998824, 22.34459081382937;
  4.876293255056532, -2.447715189649778, 24.67683221794449;
  2.77508125998202, 0.804460814453553, 14.50995955386105;
  4.580042493799374, -1.90080697963632, 23.10668624865257;
  2.785926480139119, 0.8942708274905067, 14.44462075256201;
  5.876109312706653, -4.014518955433417, 29.1304220008855;
  4.688683647161102, -1.647403718813071, 23.09762661073487;
  5.601042928418665, -3.73738249708504, 26.67490916438837;
  4.827558685689972, -1.221884480776678, 23.25125678872042;
  4.77982592958379, -0.5385864995813257, 22.92437804216727;
  5.027049864395589, -2.327559194751954, 23.70505848214047;
  4.352227524859403, -3.871556391514248, 20.47905871597056;
  5.192255399945521, -0.7704574568240116, 24.24113667972208;
  4.843966366243337, -1.632697618768099, 22.61416169604531;
  6.339031134715532, -3.414978652786497, 29.19048066497052;
  4.866693804248613, -4.00428387284712, 22.52797185507618;
  4.911381420565146, -1.175860806344762, 22.51453790502073;
  5.048342580209329, -5.335531137634619, 22.93685953610434;
  5.132201791448219, -1.619206388904411, 23.30858974812449;
  5.21343929271876, -2.27258335985846, 23.44056641963749;
  5.367221588253294, -2.717576626625371, 24.10173768863793;
  4.967963835480047, -1.039044745915884, 22.36839103503673;
  4.880620616701445, -3.987864022722365, 21.93819883081366;
  5.035793156605248, -0.7150891664805725, 22.55585884559682;
  5.179495022637565, -4.960113008047861, 23.1489118674736;
  5.130827233400832, -1.433842988268903, 22.94926049393988;
  4.95145568317837, -4.236242230659622, 22.13522889589451;
  4.996582441685296, -3.774918757067344, 22.21392213822043;
  5.011908473417557, -1.241243260401817, 22.25863385717924;
  5.164325845979004, -0.9979125584653623, 22.86620952205348;
  5.066759626022837, -3.706105781447902, 22.3700464673168;
  5.570746724237586, -2.702013482952656, 24.51397265112072;
  5.012421312789319, -1.634942577687798, 22.1231566984929;
  5.115188958128458, -3.596958942887714, 22.52273766561229;
  4.978910399058637, -3.814786080026502, 21.93853396664855;
  5.006382770250077, -1.98247426041052, 22.03329799218529;
  5.314105253442627, -2.428112393039056, 23.29783179847413;
  5.220196833789802, -1.583139330908925, 22.81775752940136;
  5.250371329402558, -1.092185456686057, 22.92013494296373;
  5.147270459787961, -4.421520703103505, 22.46167978835252;
  5.548974702312603, -1.279410465150171, 24.07037459380177;
  5.177568022554134, -2.895341768160615, 22.49508431013121;
  5.038997948788115, -4.020171794524527, 21.84164714936287;
  5.827394725648723, -2.527313495951119, 25.1168855906;
  4.887593718342803, -0.7247338226957845, 20.98433464583633;
  5.161776676244388, -3.756676516795989, 21.90319502544894;
  5.874546083586417, -2.414323030595359, 24.64447075913661;
  5.363470492217179, -2.985744107632485, 22.57471737250643;
  5.22476255089367, -3.111227308591525, 21.98588622091285;
  5.702512726055251, -1.533202539399363, 23.91830464865144;
  5.629581093597513, -2.633464934805603, 23.57873237493267;
  5.326953314942611, -4.451973504260509, 22.22851678975206;
  5.526813274158407, -2.482217908717086, 23.04711622850721;
  5.332844355152702, -3.190310820606033, 22.08827888538927;
  1.894843015646164, 1.844052190392382, 8.50998636942006;
  5.337828054696842, -3.363187673969508, 22.03467749298874;
  5.334568835508431, -3.890250869218907, 21.89036993693921;
  5.447024327789597, -1.87585942191458, 22.263286759005;
  5.415264215519511, -3.276557565061161, 22.09988389195588;
  5.482378203125148, -2.773651523724268, 22.31515218708527;
  5.498057987070234, -4.300651677919614, 22.34437139646284;
  5.498132115545377, -4.169667347880343, 22.32006539585234;
  5.321621385168677, -1.21440075069545, 21.62155740370594;
  3.457372301267976, 0.7666904340727948, 14.41623371684047;
  5.801168749168363, -0.4232220331886553, 23.39159945986739;
  5.519258880540247, -2.026899874838466, 22.22191895217976;
  3.691938218825164, 1.438276039812831, 15.23210980510939;
  5.447176121836952, -3.959628379214577, 21.86411304299135;
  3.532047603746098, 1.529973245630419, 14.54185734080306;
  5.705173527344979, -2.734049249563497, 22.79171520323112;
  5.600457777561302, -4.303270974657713, 22.27362724016069;
  5.154497477352822, -4.216670011265366, 20.52004796214317;
  5.581184838176861, -2.841216639891059, 22.14669124769622;
  5.542961618370803, -1.697368089416163, 21.91974148407051;
  5.641408994328359, -2.533025579596057, 22.27676356749711;
  5.975820654895846, -3.126124786445976, 23.47601870717172;
  5.527411571905527, -0.4561254322292337, 21.80721395112463;
  5.820247926175381, -4.229820483258219, 22.84185699205345;
  5.726449336631004, -3.77827552345595, 22.50639263648971;
  5.653110749270542, -1.227265201871039, 22.19375037476273;
  4.11403292949718, 1.222065506968809, 16.21958462977453;
  4.577847824754782, 0.05995927811449657, 17.27172270582513;
  4.395905059011602, 1.083194876069178, 16.62774096228512;
