m=[-7.785968726165924, 0.1416715496648271, 10.7344799840117;
  -8.318871093615906, -1.99278428256032, 12.51029155393246;
  -8.651635647400791, -2.127266575515269, 15.14536819451257;
  -6.718897336074083, 0.1054511458491444, 12.17065572553625;
  -8.744098403939358, -1.84293181556193, 15.73348528752433;
  -8.636417569902864, -0.6172738697450041, 15.60456603919105;
  -8.649751215978739, -0.5756683787648408, 16.1815145174085;
  -8.615275992229719, -1.902034037780146, 18.65821278536323;
  -2.306655942496554, 1.020254993391267, 6.848068192398345;
  -8.461717944300288, -4.913314357328966, 23.12186030170962;
  -8.264535053755902, -1.813611131130579, 22.78156843425338;
  -8.155342002130769, -0.7206493027991524, 22.60265211666875;
  -2.393340273816334, 1.625880440936773, 8.100352254043409;
  -2.380344831698264, 1.364513941265069, 8.244501040536871;
  -2.353432463592881, 1.705136948102858, 8.263764632239326;
  1.694904903883969, 0.4826167723856201, 16.22858069474252;
  1.581344025556489, 0.4002786709058064, 13.98016396655629;
  1.728176648792514, 0.4420364530395102, 14.26633615871667;
  1.884274614289163, 0.6162107059991475, 14.88240321010349;
  2.469270150456308, 0.1794224488648641, 19.30510986272793;
  1.857968385332319, 0.4676984711955649, 14.32075838215982;
  1.978610797728153, 0.1007342897060344, 14.20439354731499;
  3.817638748075059, -0.4253402091203625, 26.2520034353139;
  6.056944861601264, -2.758411633001253, 31.63000157111858;
  5.258661162025346, -0.7789845883350764, 27.17931161616358;
  4.910678353455042, -2.105303676339717, 24.70909527158776;
  5.096054083340748, -2.502507075779969, 25.42053148125815;
  5.245733967311211, -0.9905243484165646, 26.13485475228163;
  5.232694963978333, -1.144472949244132, 25.99800260150063;
  5.314948399005348, -0.8147275721021182, 26.38633247387782;
  5.195427148622782, -1.652104720833351, 25.79159329833177;
  5.393591258043759, -2.918416592180835, 26.44472391143055;
  4.919761071318107, -1.354581032834711, 24.18159676987905;
  5.390193206568689, -0.5439020933053842, 26.40101553311143;
  5.311235154365052, -3.578996977156199, 25.63473050082656;
  4.939491589138131, -1.634850673513492, 23.83280050019561;
  5.456097755119874, -1.576774706737681, 26.19138495220998;
  5.397078036125781, -2.770760249281985, 25.77593603353589;
  4.808079081776259, -1.774958736891868, 22.92195125421316;
  2.519363326989506, 0.6018441843321017, 12.25105517885318;
  5.121185322558564, -1.573921627019978, 23.94870927905879;
  2.546371686434578, 0.6869549914386909, 12.14826553954701;
  5.446661137334868, -1.002883029075329, 24.91538485581592;
  9.226129362073257, -7.618307497819537, 41.53497339229335;
  2.559220498567786, 0.7706318324182979, 12.10764059000898;
  5.304482317398845, -4.97967441870823, 23.89131972883471;
  5.403465062259677, -0.6986096698605776, 24.3723397160071;
  5.109092520077076, -4.560107473501454, 22.95963319031375;
  5.477970199578728, -2.591424024224558, 24.35098012742589;
  6.818094917250212, -3.753992727220868, 29.88411642288867;
  5.452813481517044, -4.864087847162158, 24.01697636752577;
  5.480984664855876, -1.915026897084701, 24.07085194648167;
  4.876946055273006, -0.8002389439661144, 21.47965431829903;
  5.410676522623144, -4.491964281602493, 23.59586770261638;
  5.318219474102349, -1.673163443484632, 23.09714392334156;
  2.69218594393721, 0.7188124382286802, 12.08570337476871;
  5.375818192683879, -3.385273291435412, 23.1529800797057;
  5.306123280914879, -3.474481455550981, 22.83519350798087;
  5.151413960573485, -0.5052884759049051, 22.21554143454243;
  5.676526369925769, -1.858384534311862, 24.29290839504686;
  5.521726374154159, -3.679334552827132, 23.53426727938336;
  5.836279225670626, -2.611300150773552, 24.74985265576992;
  5.584142919185508, -2.877079835135264, 23.67232734700356;
  5.633396469544441, -1.256373287913999, 23.85398336659764;
  5.667907461145628, -1.653550425828623, 23.87514611637908;
  5.296999679213326, -4.563452371392048, 22.2927604552193;
  5.389639746543448, -0.8455376507257879, 22.71046090465649;
  2.762383049691036, 0.7260044152513544, 11.99320729137953;
  5.609259129963543, -3.688614707345665, 23.38764084315935;
  5.62313547700792, -0.6541566466599434, 23.5094240528097;
  5.904282608508549, -2.928329667845262, 24.56480712688581;
  5.620233182425904, -1.162651512734762, 23.43182075030297;
  5.522850295204286, -0.9903582008838573, 23.04047760418103;
  5.427272442179051, -4.019545043483174, 22.58562847332858;
  5.47271913453418, -3.891305862588323, 22.70383981462895;
  5.418190807711362, -4.190128317172793, 22.4691816815162;
  5.466237541465064, -1.841675975679394, 22.68474124555621;
  5.816476610298526, -2.715352198257795, 24.0464873885245;
  5.487273861152832, -4.737567495188338, 22.5505113681751;
  5.900579191827148, -0.7807738108161819, 24.2517988920263;
  5.527113526644115, -1.742939055682369, 22.75561244045396;
  5.680731634908478, -1.253700681742068, 23.35782006902388;
  6.394793755853065, -1.552432661651426, 26.18954195395236;
  5.71911819239949, -1.989910610933757, 23.44295584494837;
  6.296193281153115, -2.790922929364366, 25.67648953309572;
  5.4957560792252, -4.446528110154207, 22.46885110096143;
  6.429350085866114, -2.770982758710508, 25.63949398748706;
  5.732080242020155, -3.248150655705734, 22.74586523670896;
  6.111442111803867, -1.714181410864348, 24.2068128076511;
  5.858694040432653, -3.547252491385323, 23.22075910382895;
  6.029748642737291, -2.877923790372135, 23.84265210290029;
  5.587409188039568, -3.958116082645596, 22.09367048030923;
  5.701151385798842, -4.807396900920217, 22.43376585572261;
  6.764665199551942, -1.053542079326551, 26.44513479015826;
  2.967616403399692, 0.739145227307788, 12.0167481492336;
  5.768890621682695, -3.496486451377292, 22.49811143677279;
  5.766668067771147, -3.680037828683674, 22.41846198256082;
  6.996587765447337, -1.093755782673439, 26.92489707567116;
  5.770520880203757, -4.251085033656741, 22.30277738564567;
  6.208668793639352, -4.899515117122019, 23.79378011162528;
  5.872066647465451, -2.084073986509665, 22.59962186302712;
  5.765324409122552, -3.5355131167312, 22.16218492586574;
  5.84202204547451, -4.475402328401689, 22.36735187991852;
  6.040771739323511, -3.326377025447412, 23.04855354881485;
  5.878603901513847, -1.41500223197047, 22.45694592790985;
  5.827271181701168, -2.203383679963364, 22.09917746581479;
  5.928144070404136, -4.349317979945441, 22.41004199206034;
  6.004545770328535, -3.110404082766081, 22.44782382238274;
  6.145531573085854, -2.816455886001539, 22.86646441219576;
  6.136073415431632, -1.944548344385645, 22.83947621153845;
  6.022543871520142, -2.047925258390855, 22.38213422152377;
  6.217744934984119, -4.128938469934094, 23.02488358086935;
  6.184158014626087, -1.417596988436866, 22.86564005329006;
  3.254042237871545, 0.6704229734747298, 12.42091459605557;
  6.123135032409693, -3.355803807413114, 22.58178651311927;
  6.066143442777604, -1.7765458669326, 22.36448264577884;
  6.030613576249861, -1.964836957394114, 22.22277934833156;
  6.248941987384018, -3.047970165551659, 22.97358144582715;
  6.045689159474083, -2.157629143310683, 22.2381999524148;
  3.448220684424825, 1.273819317374684, 13.06901428473552;
  6.040607393113906, -0.7784312951830378, 22.20594901593648;
  6.476751441476385, -2.589747833586856, 23.56766925945555;
  6.724351315542476, -1.36187662565829, 24.45159529492322;
  6.036815182618766, -2.03760868581861, 21.99050219007732;
  4.584660308499679, 0.008718941239579843, 16.06844217630529;
  4.642933777734987, 1.287604084979667, 16.22865158332096;
  4.362839161352179, 0.2648864608580765, 15.17794977929351;
  4.604829029120371, -0.2248629211896856, 15.93372528351649;
  4.407352370944624, 0.9312213887451905, 15.27783733938858;
  4.412035819106547, 0.4425231955563806, 15.27475426139688;
  4.378007064417456, 0.2504986217270844, 15.13546440170005;
  4.464060402145116, -0.01701009586234586, 15.2072594057611;
  4.476184936525232, 0.9898498566344894, 15.24720891711506;
