m=[-8.772734332828875, -2.071882725818752, 12.22369083500138;
  -9.053038457172416, -2.205012892759009, 14.92353898644577;
  -7.343045505306066, 0.1501846482589637, 12.32416683857484;
  -7.278423183244421, 0.2368377289799611, 12.31841409454172;
  -9.164272938946928, -1.004765960639614, 15.60477989812834;
  -9.513216021956586, -1.975978749691828, 16.1643287936502;
  -9.602873306763399, -0.6465464766872309, 16.37960621662327;
  -9.45160258223286, -0.5988816007479207, 16.73828152219226;
  -4.026364955979366, 1.021121222320475, 8.641854423618092;
  -9.685322902142598, -2.108933274136436, 20.04708932742376;
  -10.13619155647089, -0.7450344660630333, 21.72656036047227;
  -2.201767967268672, 0.8554884538085289, 6.062874304958899;
  -10.4119878624988, -6.014615336328411, 27.50598120326681;
  -10.97123252498397, -2.367659374075065, 29.27587841373454;
  -11.05947271029649, -0.9270858091950415, 29.67497232896765;
  -2.225585150846712, 1.422731631640628, 6.729230970876524;
  -2.22707281790667, 1.313063548564681, 6.818932942294516;
  -3.723175585932917, 0.3930665252972515, 18.73494963994502;
  1.545181803743696, 0.4399812579741278, 13.50579260475605;
  1.615423907977677, 0.3925696376288125, 12.92252337927;
  1.85515570623267, 0.01652662568069614, 14.1496593013855;
  1.651837861493442, 0.423683546685649, 12.41239311723924;
  1.874672197825612, 0.3166781262201026, 13.73247932589721;
  1.726196610603054, 0.5690326337781988, 12.47688797200939;
  1.879714220257954, 0.1006810718146446, 12.31368118787312;
  4.09558323080533, -0.8988875998668194, 20.49398910397905;
  4.058199996839992, -1.831762300130551, 20.12437301606672;
  3.709063496100011, -0.5351276336385872, 18.05376672362999;
  3.757070301566105, -1.504101078419928, 18.06877023655148;
  3.630582038160544, -1.132122642903862, 17.44905374980009;
  3.770189794600768, -1.024966510500292, 17.9682922109305;
  3.818248267760654, -1.609975260821213, 18.07822419746673;
  4.129652118939432, -1.983615912466424, 19.38581243213739;
  3.550321757218712, -1.302263625833265, 16.74892879606877;
  3.693577241279663, -0.6778649659072195, 17.32310188744616;
  3.812323209112035, -1.185487133557437, 17.8164161880302;
  3.72389325239813, -0.5541607414243197, 17.40909061214972;
  3.592221530822642, -0.7700998029326358, 16.80430822860152;
  5.636891180141283, -4.258897148214191, 25.56436867211777;
  3.854250188068103, -1.038018902399457, 17.8003008575664;
  3.845475096206227, -0.3757980475863605, 17.73982384462255;
  5.392543165821525, -3.69520935902924, 24.28763814796813;
  3.803323569558847, -1.232978782001194, 17.24242519924175;
  3.825516369428733, -1.086302486708972, 17.31107216877343;
  4.129968988388125, -2.08055349596904, 18.59334904261009;
  3.823774406575913, -1.386438860829871, 17.1148664866264;
  3.857858772157234, -0.773146321399046, 17.23017340264214;
  4.244219475500409, -0.7404085573373257, 18.83896871624727;
  3.891181817551653, -1.17139895974872, 17.10778102695453;
  3.969240419572118, -1.420515263204267, 17.29098570355049;
  4.146649099316655, -0.5646613924319472, 17.97309987154062;
  2.586123167939413, 0.7669971162269722, 11.48975233401746;
  4.065206884033002, -0.3221604559907602, 17.33316639257966;
  4.145249897465674, -1.623810323600882, 17.6354630114463;
  4.251661520506017, -3.936844455696952, 18.06386595661926;
  4.105293001911788, -0.5118872059018316, 17.4228389791909;
  2.531788657967234, 0.6085552451460217, 11.18795887411854;
  4.256456387282869, -3.749260387892104, 18.01957902361594;
  3.961136652084745, -1.173163367913824, 16.77471824172645;
  4.192699038270428, -0.641924669932276, 17.69816113508707;
  4.171853482126854, -1.422061439872465, 17.56670077936468;
  4.253571927941424, -1.98209301378512, 17.8186486723105;
  4.376022084570183, -4.049282341931328, 18.30172607664883;
  2.598797532727202, 0.7061880801554236, 11.27933942973431;
  2.609222379793682, 0.704444163732084, 11.30199924890177;
  4.124617219302086, -2.242631252450134, 17.16582755131827;
  4.428747622871263, -4.002869948134245, 18.37058288624356;
  4.257283744552963, -3.750406730317963, 17.70324567631777;
  4.330620295119191, -3.476845065241682, 17.98799536122811;
  4.219634727719971, -0.8557454083783539, 17.48996324799901;
  4.396095601205337, -3.742357793571797, 18.20233119299152;
  4.408657620317854, -0.6972523267702822, 18.19479966596955;
  4.259279580416679, -1.462028433877456, 17.61036510285729;
  2.636221757472266, 0.7912769088300119, 11.31670900729844;
  4.384578127479967, -3.591050691878881, 18.0290998129763;
  4.684177134226142, -3.188791941984485, 19.05614474099626;
  4.309722787737716, -1.343833608594117, 17.6143324756892;
  4.134873332486969, -0.2783731894675283, 16.92592258209256;
  4.245630562026177, -2.441392748644219, 17.34392391425369;
  4.444818989442286, -2.649126152238366, 18.05713482968904;
  4.455849511086353, -0.426105135204435, 18.03333072860113;
  4.442538726456303, -2.869082675452542, 17.99660888706731;
  4.35461879622258, -2.703134433656994, 17.65891193232144;
  4.390152639000641, -1.412165297191569, 17.69886404142811;
  4.504277059750574, -1.983431708697304, 18.01562908274988;
  4.40037367800026, -2.235435584114355, 17.5765977067833;
  4.491000593422774, -2.439555634491939, 17.86298130354113;
  4.312335475336705, -0.9399449653321071, 17.18703786267226;
  4.640874200110334, -4.394298318703878, 18.43088318091491;
  4.618263673817953, -4.032292322832184, 18.29355854031485;
  4.554953106784488, -0.6961500894765414, 18.03400050122854;
  4.493443498528748, -3.82468418352254, 17.80865842973547;
  4.321880045532456, -1.23645680931237, 17.14015204034996;
  4.497378077138184, -2.610103113821594, 17.73159450041702;
  4.731921224007774, -2.024094705106507, 18.57416079351466;
  4.685191505885014, -2.289847464301658, 18.39074537921264;
  4.357303749826047, -0.4928888614065694, 17.13917405843743;
  4.635059833213287, -2.893364428471476, 18.1781514252848;
  4.437994975980371, -2.887318357654207, 17.45758228696623;
  2.774682770255897, 0.7459379315351458, 11.31780928584306;
  4.396871715744592, -0.7723261718660884, 17.24793454928677;
  4.364051720897755, -0.8854376129892781, 17.11981064564733;
  4.586295323677844, -3.214475674462854, 17.9091139787859;
  4.520602487414703, -3.449297067625806, 17.64704209582927;
  4.439437417759694, -1.477163958613192, 17.33012394872436;
  4.542630334340275, -2.087395573042569, 17.70124452392026;
  4.580141332450578, -0.5887561107288202, 17.73459828709882;
  4.551892092891247, -1.084054588549481, 17.61130227364349;
  4.852966573445858, -2.117572522087119, 18.6976579160414;
  4.619167101980533, -3.944010892337672, 17.89542191008066;
  4.444557913981744, -0.9618041904475624, 17.19695770939938;
  4.368037266582921, -1.353472241103454, 16.91029908384432;
  4.500325858471584, -1.538570559604938, 17.36629021833412;
  4.614211504872234, -3.685460453587917, 17.76476927255751;
  4.548715947738081, -3.121133940043952, 17.48304682681711;
  4.595035480849891, -3.384132460465621, 17.65448559078199;
  3.243566669990879, 0.06087763909851125, 12.74271688778033;
  2.884448671727478, 0.7522153308017164, 11.35899881857133;
  5.014679088257227, -2.133013971432845, 18.90485103011842;
  4.711050159967553, -4.258876015112579, 17.80693200401348;
  4.962902821781557, -0.6354099798649009, 18.61346280890842;
  4.720102646713043, -1.300406138284389, 17.62600736465293;
  4.742901202665039, -2.234190279029936, 17.68907890295171;
  4.715793476065107, -3.300403806566365, 17.55317662514898;
  4.679948827434229, -1.510904418696562, 17.39293627819846;
  4.884585021895231, -4.070055163910773, 18.11147947600518;
  4.997785759391086, -4.018444784730434, 18.33214921585835;
  4.75892350768238, -2.849789196495585, 17.48055346993811;
  4.859938331706464, -3.311442814807444, 17.81287573888762;
  4.81158386687655, -3.244597686914109, 17.62242245236049;
  4.838611672892188, -3.049879496355072, 17.71490591649789;
  4.833540838683738, -3.515699244243814, 17.59132697086863;
  4.727321822826135, -1.493877753044639, 17.18299658748448;
