m=[-4.383903862045161, -0.2777771641987892, 7.763658741542499;
  -4.304497588022197, -0.9372840000834478, 8.909630430356778;
  -4.35902396787947, -0.3203987490145431, 9.343410374917246;
  -4.414305413082815, -2.549978869298598, 11.66153892236626;
  -4.345666614437557, -0.937821550390772, 11.59607246872066;
  -4.30344426250886, -0.3607461414249312, 11.54707758266908;
  -4.409131591869806, -0.5710040417862916, 13.89134897277547;
  -5.803802784816912, -3.638358093286838, 17.99966736933052;
  -5.538680599094657, -3.422400341297724, 17.5332100870502;
  -5.570642567064984, -3.143446892498495, 17.89274456127473;
  -4.437059487849876, -0.1932008497733667, 14.72440331898763;
  -5.469772826380005, -3.172765240877741, 17.94908005477942;
  -5.454429844680941, -3.195671761858741, 17.9409359370073;
  -5.213837305696328, -3.149717904975645, 17.83375619564063;
  -5.388350091600874, -3.586713351063413, 18.44619624167462;
  -4.470743302010154, -0.5797665907858824, 15.57943636325061;
  -4.530494678580801, -0.886293357166532, 16.17457687307054;
  -5.370416158058403, -4.569770130583308, 19.18550810412316;
  -4.462343428565353, -0.4287053780390447, 16.28725449997885;
  -1.717691838329546, 0.2848041269925875, 8.001999348105825;
  -1.568761078052418, 0.1656186907492105, 7.893976288806557;
  -1.190390059980502, 0.3942385653184994, 8.017086824289869;
  -1.16117340403774, 0.3519963733177878, 8.061040752979775;
  -1.157602440650942, 0.4424014334240731, 8.049801718868439;
  -1.17540408176696, 0.1268003065118808, 8.219020388305752;
  -1.11783430840821, 0.357214834851062, 8.237416804373732;
  -1.186008118803855, 0.1909409517556092, 8.781826448182766;
  0.4658282529549168, 0.6356099542580694, 22.94097356283429;
  1.038858910601851, 0.4420707202863892, 32.06217530541288;
  0.9733828117278675, 0.6142365032266711, 21.85810224668267;
  0.9558062464821562, -0.2048935292195572, 19.61163362535717;
  0.946538848632383, 0.6508473328893181, 19.08310986479485;
  1.13562695813647, 0.5938176947717966, 21.32433862125809;
  1.849346106553895, -0.4688520682945527, 30.08461669620062;
  1.299102549700754, 0.5145050685851472, 19.77310525599529;
  1.974807776217659, -0.1641416627058414, 28.77025573468417;
  2.674383723267769, -2.708377952926846, 26.04150355733228;
  3.942989202094193, -1.273651101088534, 37.78185362226948;
  3.38171450642011, -3.153493882890861, 30.50488264591561;
  2.882032251374946, -0.6044262542179124, 25.97327049810581;
  2.734416395915245, -0.4709239819709587, 23.30016890568341;
  0.916625719275839, 0.2610036800079479, 8.011844839701656;
  3.752987579812634, -3.400773954203378, 28.70875997821577;
  5.078206299223029, -3.358928391372949, 38.11700787324801;
  1.3545505959169, -0.05117931165270816, 10.90386339767067;
  5.834656189044533, -4.046808910668926, 41.99013907287324;
  6.315730612307789, -7.47053186772208, 43.8284396139316;
  1.217320899061702, 0.01084448424705869, 9.284760262607886;
  6.048864937142555, -6.664854621776597, 41.40172784055921;
  7.267649286861048, -4.787331359430852, 49.49480364547015;
  6.368392326643066, -7.281665453981574, 43.15013639437393;
  5.995011081989666, -3.738598607700612, 40.2740068263077;
  6.30508973948361, -6.900740870137661, 40.06284525784508;
  4.20034493195006, -3.703973610281037, 27.02997518744601;
  4.949002433353142, -4.034555088677801, 30.34764238065587;
  3.098698324995509, -1.474073786805634, 19.17434068619617;
  6.703959478268888, -7.330664535366337, 40.09860000503188;
  3.729579072703046, -1.616383652606064, 22.81571526169061;
  2.744294269599289, -0.3966072800386313, 16.85127760445512;
  3.160240639842963, -1.62705604955995, 19.01605364929385;
  1.386330471020609, -0.1479941937448492, 8.908839352698683;
  3.245357198144154, -1.456958745640578, 18.30227417611377;
  4.091398876748235, -3.564281542104462, 22.75465538353547;
  3.531945874378393, -1.671355739663454, 19.40615237364676;
  3.602245080891509, -1.318254267255996, 19.54617186482246;
  4.202854657650363, -3.413225951200698, 22.45903472976675;
  3.744085428576148, -1.56944141381398, 20.08690071320517;
  4.116442695431949, -4.353524507134931, 21.58048817331942;
  3.833848552047108, -1.566974964080818, 19.85734776471737;
  3.936126164669444, -3.368346459861345, 19.68471225828968;
  11.75448036138519, -11.69939885838726, 55.07588913468248;
  4.052900813087776, -3.34868509202396, 19.36504363509547;
  2.334566626098841, -0.3368211721124461, 11.36344020874209;
  2.359030251387457, -0.64132766164502, 11.2428676540522;
  2.416191069690883, -0.4434322528243365, 11.33208305812807;
  2.355949398442416, -0.3505940092558397, 11.01399362849906;
  2.288096348092649, -0.4905216818166304, 10.70364841371048;
  2.402715673937448, -0.647094548859227, 11.09659720681352;
  2.370356916474761, -0.2316425094451502, 10.93485540671667;
  2.296077682764655, -0.7443529357676137, 10.40930306682005;
  4.545366307388548, -3.686078227900433, 19.56094811106294;
  2.524961580162414, -0.4404822068443587, 11.20763723294436;
  2.368637798073548, -0.7130532529139577, 10.41383792420851;
  2.37914516155664, -0.8514505694099804, 10.36414039630832;
  2.504120008410383, -0.3409933796902955, 10.85377564474887;
  2.490234419787092, -0.2894899604450185, 10.76831511633755;
  2.390935512845841, -0.2779464541733823, 10.33892505082609;
  2.465652170556513, -0.4456103873508039, 10.61978526176404;
  2.422509967759112, -0.5017711847692514, 10.35289767135077;
  2.458832773585468, -0.1948581487093855, 10.48393324420512;
  2.48222890765498, -0.9723584887499717, 10.56034187797833;
  2.494903199457565, -0.3819830372287928, 10.53144965507926;
  2.355741071934944, -0.6976959829016761, 9.976149828452293;
  2.575571690593286, -1.200173111189948, 10.78933373233005;
  2.425350961797651, -1.318708519092045, 10.09382305024828;
  2.631414931907837, -0.4161720736750069, 10.86001038126705;
  2.827765322702053, -1.977080548342075, 11.39784965729286;
  1.336388136660643, 0.396348425970508, 5.937369458154747;
  2.731307501903899, -0.2611901837097509, 11.05391270077564;
  2.559494742861394, -1.58880919225221, 10.37929939921171;
  1.335313757469858, 0.3209636746206016, 5.900743474620152;
  2.583076546455302, -1.668203841345981, 10.46397593679364;
  2.660692130715771, -1.351659268646031, 10.62771451365645;
  2.647062141225775, -0.576971051254338, 10.55000416973391;
  1.37026518015027, 0.3723510295389069, 5.947245170516067;
  2.673101244627314, -1.45205485219674, 10.63227593983869;
  1.383233332286119, 0.373448677872251, 5.991556029727823;
  2.692350891292338, -0.4114818023227755, 10.65957347633928;
  2.575492090965412, -2.192181534791315, 10.20732962404129;
  2.85521879422288, -1.221329132443229, 11.20756041235265;
  2.762678271590255, -1.35023548705236, 10.84431929701927;
  1.380095170869385, 0.4142433911720124, 5.924439173919137;
  2.637752853089164, -1.530849045210989, 10.39974028891457;
  2.690812309163551, -1.679697975684957, 10.55304470127742;
  2.602733614134993, -0.2944156481325903, 10.23768527548405;
  2.629823380942569, -0.4619378403091193, 10.31620308326419;
  2.618751127240826, -0.5313275129195986, 10.27314209218759;
  2.569989652531085, -1.672011424730189, 10.10947648173083;
  2.620620588398472, -1.91368645674641, 10.26446181526034;
  2.712934113349225, -1.246627227259022, 10.57147656384277;
  2.615448743866227, -0.8702559032781626, 10.20986369385748;
  2.587239664118888, -1.974108144110259, 10.09978811271596;
  2.587973209908096, -1.813877289249652, 10.10582701707068;
  2.918846671559022, -1.273627051482057, 11.24582165325633;
  2.710666386138698, -0.3484437014375882, 10.49587249806345;
  2.700915203025326, -0.6432357049270261, 10.44985976935693;
  2.634131450125781, -0.5700271468959188, 10.19202539949128;
  2.637692927405018, -2.252157024556864, 10.21886127152875;
  2.592529053442556, -0.8033164311424723, 10.03664552330284;
  2.660827359777721, -0.9096831582181726, 10.26785650727905;
  2.675097674180083, -1.835537377964419, 10.28177148042327;
  2.651819655347302, -2.118059924108363, 10.20953726978803;
