m=[-6.780506553075247, 0.1723933180437857, 10.48585934942257;
  -6.853597704084963, 0.2729686192954001, 10.69163282534087;
  -8.340000938995472, -2.003071832743014, 12.8572417471136;
  -8.504073342374236, -1.734917012623761, 13.58338402147475;
  -8.667198776458942, -0.5161561219290489, 14.45695851372241;
  -4.619035644298017, 1.225478142469234, 8.833120876503807;
  -8.331971158367466, -1.783232340145776, 16.41557008722024;
  -8.303004720230387, -0.5665312053295747, 16.99823020728484;
  -2.31807751185158, 1.055106656059706, 6.056003948401258;
  -8.161948646340861, -1.855638545415073, 20.72361248563476;
  -8.175024138338547, -1.267428335806577, 20.77141207992946;
  -8.346738102328976, -4.807662769127348, 21.32014051764817;
  -8.094674903438218, -1.70730186345357, 20.88131702225522;
  -7.971071505464148, -0.6263933595550522, 20.6770420880974;
  -3.707197864848946, 0.8008395573047561, 14.98469917079127;
  -3.126088368198812, 0.3754919832512008, 14.96248193938149;
  -2.287076352501734, 0.8145783324760875, 14.7803915921525;
  -2.188465583280053, 0.8936739285399864, 14.6309226521352;
  2.865106071651413, -0.01318335801515477, 22.69284569832026;
  1.854043817912573, 0.5548484223892554, 14.77397710326704;
  2.371690267155735, -0.05153731923529286, 17.75014962461992;
  2.851222513112573, 0.06563507907088788, 19.98197560573128;
  2.84509575756309, 0.4984003558352297, 19.09511177819116;
  1.901271828851592, 0.6462159023971814, 12.45535163703645;
  8.283948309009551, -0.7124214770082329, 43.04546599866109;
  8.719567045156959, -5.306472108109201, 43.04447947096201;
  11.15066196015913, -3.343765977849258, 54.1318772578005;
  9.227126740802676, -2.530432797289254, 44.02629067966232;
  6.983717681812328, -1.506346031243697, 33.2651562926081;
  11.08066452201418, -8.941060961465059, 50.84896992061784;
  5.271762923248165, -0.6880428698354594, 24.12706644479775;
  5.454029818988972, -2.092993939042294, 24.65556464730505;
  5.369890503313911, -1.382312384957477, 24.05774226644283;
  12.90377709440874, -13.25434739073086, 56.43503539769264;
  5.825469465357016, -2.721852070890713, 25.8575928896476;
  11.82216956244825, -8.718552426951584, 51.35108066642128;
  5.547592780040822, -2.692746416133282, 24.55445873250327;
  5.907327175200862, -1.007408963197493, 25.98408941240197;
  5.40373509704986, -0.7402204113690583, 23.70475061045159;
  5.467793452947196, -1.084647083256412, 23.92436174595196;
  5.432634832115358, -1.386147845973426, 23.57327700000436;
  5.213735048869689, -0.4491686613048312, 22.59753534044216;
  5.268763077166849, -0.6258695401672935, 22.60491404442069;
  5.248474649967892, -1.124017695304081, 22.4828488746379;
  5.719409798667034, -2.603974335347905, 24.33944588835043;
  13.36768541655771, -9.209619905129165, 55.28506450931589;
  5.013196644239416, -1.55061380052192, 21.305088113763;
  5.283878247150097, -0.8530480047773229, 22.12378527222553;
  5.128732596804015, -2.072051478551772, 21.48607027530715;
  5.010020650229082, -1.651217123878566, 20.85907182834691;
  13.07907880839485, -9.034235402649898, 52.77711933478782;
  5.274809023082528, -1.514565107640632, 21.73380997594967;
  5.207331784095373, -1.79087507293359, 21.2768648561843;
  5.420471049568114, -0.6717927789009233, 22.09676214151744;
  2.485345115064795, 0.7720160304898815, 10.54864127003849;
  5.41767025892194, -1.959676076259255, 21.81835745273286;
  5.326467058321229, -0.3690577019382069, 21.31323881913774;
  5.578143916104367, -5.048346284035165, 22.25376945514719;
  5.429047589000575, -2.048413035011042, 21.69199857779234;
  5.342822807718957, -0.7532502708210458, 21.19177964222634;
  5.126747954851722, -1.462931694301416, 20.33806194889993;
  2.583831156671647, 0.7664433085687629, 10.68738369050251;
  5.302528375406224, -4.689621198451032, 21.00607111607222;
  5.775341561794084, -2.603413712920584, 22.73388101054469;
  5.153657389673536, -2.87545608953779, 20.30197593992113;
  5.566064958070063, -4.355303761940817, 21.70356811703265;
  5.892500897306134, -4.509793700566121, 22.8789592828092;
  5.516065253080244, -3.18918790195779, 21.4721449171305;
  5.277746026162361, -2.783897153395504, 20.58230688708204;
  5.597495560113625, -0.8291610668258123, 21.75792246246942;
  5.461804595111017, -4.540191060726177, 21.25017402992741;
  5.644293619373062, -2.637361378132923, 21.84669612984319;
  5.591737978922406, -3.027758768220286, 21.5578906310569;
  2.587813652148878, 0.7903336897291237, 10.39518491019208;
  5.246266604739506, -4.645389748101763, 20.16537476898102;
  6.010404383016224, -0.509716856529165, 22.89112154455487;
  5.460995101670192, -1.443270226997983, 20.89502389441468;
  5.601080523696527, -3.381964460456751, 21.32082939533933;
  2.63976981560445, 0.6565467877809484, 10.51554920215655;
  5.302241686300329, -0.3282404438947819, 20.22262883767982;
  5.557841349532775, -3.494822899096336, 21.16035412163262;
  6.074227030294761, -2.47636250656756, 23.0018115904103;
  6.01149212494911, -2.964750097128138, 22.54719370109022;
  5.904051183063094, -4.232895309871115, 22.07384429051639;
  5.940817188542968, -1.227157682687121, 22.21214977912684;
  2.710941082474352, 0.7570999710635574, 10.61690914219741;
  5.911226534106898, -3.122818161798277, 22.10158330247635;
  2.762143026219117, 0.7702974712582967, 10.80107271652512;
  5.70509368260025, -0.8041032209477319, 21.25574009973107;
  5.544665403913567, -4.614909423785552, 20.62915470640707;
  6.339712404258901, -2.623826275407305, 23.4568265555869;
  5.982265969474643, -2.840599825002311, 22.12172307154186;
  2.715681787679626, 0.8358998007038211, 10.52456890037001;
  5.741279208827191, -3.242795519566794, 21.26383652052201;
  5.777008544930616, -3.510814839627064, 21.31091637729465;
  5.628595152830619, -0.5785938284818428, 20.76644938852724;
  5.72638583255872, -0.9454353091371126, 21.08132702734466;
  5.745641125781038, -1.100792296274026, 21.13965944945977;
  5.530677175792262, -3.499368679591389, 20.39961943690681;
  5.998984810424562, -2.679055017712176, 21.97413385372571;
  5.645094809539595, -1.802757947091868, 20.67848660050766;
  5.531457907392534, -4.125069303808638, 20.26910850902948;
  5.373976266006215, -3.681462832217629, 19.72697187977278;
  5.711047181485011, -5.06701036546469, 20.87731167261672;
  6.455784096067242, -2.729661457519099, 23.45825161503445;
  5.757033065040964, -0.6772251820138179, 20.95761495202698;
  5.836601797418729, -1.318512404922019, 21.2177809882886;
  5.690199442984844, -1.168345525993812, 20.65780932599692;
  5.648591236875323, -4.696167796430987, 20.51963191295338;
  5.898024835448936, -3.230821201148113, 21.35942059495669;
  5.656544786566103, -1.683354887326429, 20.5200372399383;
  5.76664237788468, -1.898457879040672, 20.88917470864567;
  5.897366404273619, -5.055496817849802, 21.33395208886062;
  5.822381115404997, -2.085501212493891, 21.03857367070375;
  5.922127795112846, -3.966536417408862, 21.35812912793578;
  5.713831829582411, -4.44277328765676, 20.62676868206454;
  5.795024335548789, -1.005709949666197, 20.86785766934533;
  5.53582302056495, -3.981721949931875, 19.96487366595112;
  5.922375562962295, -2.051255264948693, 21.15138850225165;
  6.708273704130428, -2.881435391261843, 23.78470160140478;
  5.846264396524251, -1.917035021857785, 20.82817648313887;
  5.865816819743897, -4.760457385901638, 20.87621283808543;
  2.914532424771201, 0.8040589777906712, 10.73766817062965;
  5.789282271549922, -4.103223604295284, 20.41776734226495;
  6.025777028206005, -3.301751080933411, 21.16816414430974;
  5.779030081538821, -1.532005944691725, 20.28993824993436;
  6.013625428715272, -2.750475470985514, 21.07715078364153;
  5.883367156902423, -1.829913757760862, 20.53314450991606;
  5.726497489056204, -3.916515195404308, 20.00976123556846;
  5.956634205459129, -3.482428225181088, 20.54549399707191;
  5.90501446896386, -1.579873245962649, 20.32077418321996;
  5.764926196635321, -3.839777322677752, 19.85904722260586;
  5.93745328470965, -3.652180258041893, 20.42261887522956;
