m=[-4.491653876783936, 0.8220468105296854, 6.672309343070286;
  -4.435301303703224, 0.7343620069539982, 6.949938955423761;
  -5.654901516485237, 0.7629069876041832, 8.988591950082148;
  -4.480813818859551, -1.105635418771259, 7.318262588396516;
  -4.308309278065869, -0.7951834764195443, 7.273078174271791;
  -5.625737152284883, 0.7662602293732541, 9.209334281448095;
  -4.068340285052303, 0.7513696580951563, 6.941315249848163;
  -4.26391305357691, -0.9666314921858717, 7.215735040885933;
  -4.319331519707274, -0.8542558269224265, 7.299239428173451;
  -4.239285678121091, -0.7411502353528359, 7.215869531379548;
  -4.260559779426553, -0.9231501674099361, 7.266500179996492;
  -3.964910698704433, 0.7838345731478728, 6.854476504261242;
  -4.202843702856995, -0.9732684243556028, 7.191726168980812;
  -4.255539120610337, -0.8935487352441864, 7.337576234124902;
  -5.652837968991769, 0.2412617312811617, 9.485557168184258;
  -4.207638290495432, -0.5723443164961558, 7.324655598751159;
  -4.158576352324438, -0.7955401876616544, 7.265129461360536;
  -4.131393141777256, -0.8516940045689242, 7.232316048149518;
  -4.14472556616742, -0.8843264984870676, 7.262452758710816;
  -4.126672288335059, -0.6519174695249927, 7.246250466470189;
  -4.124810406130136, -0.8229450194793133, 7.249608326572609;
  -4.149850485016549, -0.7297305344201744, 7.303825012480335;
  -5.79583332298438, 0.4357450361198353, 9.835759763069927;
  -3.879666578983162, 0.7790381018481297, 6.915484573931026;
  -4.104033385755816, -0.7797501939150111, 7.299362325342766;
  -4.088554294875063, -0.8189419362743559, 7.300665730962552;
  -4.144458474474242, -0.7129100988553994, 7.400212227749113;
  -4.124680720942425, -0.8067328207284883, 7.402454419164436;
  -4.040350734782742, -0.8400082702585691, 7.34226297089269;
  -4.076556022758802, -0.7039688067987864, 7.402760636150994;
  -3.991353265158302, -1.307577987617911, 7.310125801722763;
  -4.075154557282672, -0.811491396381418, 7.456075560112601;
  -3.716898511234518, 0.774776056975228, 6.924675327998996;
  -4.051202431046831, -0.6992440159154673, 7.454286156890238;
  -6.073393577408525, 0.3348031702256997, 10.75686228883257;
  -3.996825062216901, -0.7239126798742099, 7.41985240192282;
  -3.645013536384045, 0.7723867062584808, 6.87606670391208;
  -3.983717513593863, -0.7636632647260607, 7.415471257733465;
  -4.004485681918229, -0.6803583368477909, 7.450903441580035;
  -3.985016629257738, -0.8973674721069251, 7.482433629832014;
  -3.591666546786817, 0.7724190204289173, 6.899682049157817;
  -3.831105053430922, -0.7949186255956651, 7.285445853377176;
  -3.874088397054733, -1.458436011077722, 7.391644070822323;
  -3.564801558722017, 0.7858211801457297, 6.914767621479203;
  -3.950425536040581, -1.579246656320424, 7.611980060457121;
  -4.145937607555054, -1.045643126508883, 7.942973106072211;
  -5.773762792311311, -0.6120108418561671, 10.7712315035061;
  -3.890660235150626, -1.324181808830271, 7.743331408781012;
  -5.77354992828492, -0.02880847692031445, 11.03320590319595;
  -2.29159502779665, 0.8460163174966868, 5.038998105441782;
  -4.10796854793792, 0.621305561748804, 8.311228681332947;
  -2.275788112066606, 0.8378121237767449, 5.091140205076187;
  -3.942033381543088, 0.4952427318814788, 8.146362959296138;
  -5.864815772895012, 0.3416093272947032, 11.66671083032602;
  -3.952545648940553, 0.4759892803125913, 8.264246724553411;
  -3.864707210839327, 0.5709146307842248, 8.110983493951157;
  -3.937628048791761, 0.3344011813785202, 8.363650810545869;
  -3.808196610375964, 0.2790877043418785, 8.223850339597259;
  -5.821695812853637, -2.013529539553382, 12.11434766464859;
  -5.563749312787392, -2.327438029026215, 11.71941388600583;
  -3.731824803350214, 0.3861523354196844, 8.233623882047791;
  -5.719519268259447, -0.704820347773513, 12.08211413754241;
  -5.789794442170571, -0.7854270247061272, 12.22147009509885;
  -5.640113363927313, -0.9086023865818035, 11.97599597647145;
  -5.689673788964416, -0.05335182796736675, 12.09362898613584;
  -5.729204716812164, -0.4212907298726316, 12.16833469312267;
  -5.576028802472816, -0.2105715215881224, 11.88679996335655;
  -5.821336535642042, -1.909063361741112, 12.36431905123863;
  -5.791136037505883, -1.611802767114123, 12.30592200193041;
  -5.687485981489357, -0.5058650203314478, 12.21724079538588;
  -6.359321928559413, -3.015633497124322, 13.595444971214;
  -2.290164509466942, 0.835489728373332, 5.5797431136118;
  -5.864142091998543, -0.2980807171605931, 12.85888347041678;
  -5.856487464713799, -1.575417352965524, 12.83607720556885;
  -5.852660377819371, -1.991316848758834, 12.8830898590643;
  -5.820064440471255, -0.2092666441633815, 12.89561596972098;
  -6.209567767059673, -3.056890656738104, 13.67334655101482;
  -5.854748724623661, -1.989232546267543, 13.11445332737343;
  -5.964507068683617, -1.911643480544982, 13.37195628090783;
  -5.717468219636832, -0.221334952046487, 12.90729397315199;
  -2.802380024457627, 0.7270532955565828, 6.846958483912527;
  -3.691867816765038, 0.1736601247712861, 8.707662604556409;
  -6.333909180616466, -3.10747717820197, 14.26550318786833;
  -6.383351056187107, -3.174511764524499, 14.52336713138316;
  -6.355299257915062, -3.067707337888703, 14.53626479831214;
  -2.752349992563222, 0.767172451861734, 6.894047160985117;
  -5.809678588865163, -0.07813513970551601, 13.46470154925247;
  -5.732406796177229, -0.1677544864832963, 13.33779929097715;
  -6.344195606764187, -2.843931895671854, 14.67191439679866;
  -6.263227454630535, -3.084388366945562, 14.54739620567602;
  -2.74800396628274, 0.7137636966235211, 6.964855261184208;
  -6.345511270285308, -3.116767194184523, 14.84651251997212;
  -2.68554968718815, 0.7516950688212953, 6.896018239877396;
  -4.54699060030089, -1.160432478000741, 10.97843006767283;
  -5.721731774817036, -2.03590186436044, 13.65240141062718;
  -5.826271527898229, -2.073099112776474, 13.90183964516902;
  -4.43686995234368, -1.056362811793024, 10.87322562025202;
  -6.343592948768852, -3.086345511100118, 15.22918779765017;
  -4.402762773774498, -1.099987587045293, 10.89426376262111;
  -5.807139629389442, -2.100471829999991, 14.13787265721688;
  -5.668796849317442, -0.09208348314865437, 13.89329660901504;
  -4.426170102813036, -1.026302361741585, 11.06496444142272;
  -2.578153091424963, 0.7831397552620488, 6.904933836842236;
  -4.51914645172293, -1.246627906985462, 11.39509693115141;
  -5.358193894310469, -2.208257945614669, 13.32378577108271;
  -4.360652406673973, -0.9551072241151095, 11.06305252274397;
  -5.674297841509727, -1.892210905922719, 14.16772720212632;
  -6.365255878317216, -3.127093952101153, 15.80587028806235;
  -4.362339138245519, -1.281785720575189, 11.27456686655491;
  -5.373484023756713, -0.1565386200887942, 13.68944649747627;
  -2.529468992211582, 0.7497606127388543, 6.97994329386844;
  -4.236943001711157, -0.9158704447947212, 11.0031424889136;
  -4.285405920948697, -0.8734711829014169, 11.17834101613486;
  -4.278171732585414, -1.168988017195946, 11.16341931402287;
  -2.487257376077924, 0.7172416458325801, 6.936077501991761;
  -5.315392186811047, -1.887128306178462, 13.74434625591426;
  -4.22449271143849, -1.0402504204779, 11.15765781044222;
  -6.322064325785749, -3.092877550231045, 16.28620005844052;
  -4.175443074778496, -1.733945401593753, 11.09867784417148;
  -4.209948636910365, -0.8521107123554408, 11.213182685494;
  -6.297429600232054, -2.985820316130102, 16.4063199196751;
  -2.903487458752746, 0.5545414429252531, 8.216661261695684;
  -2.983451569362471, 0.2512968335298517, 8.421587609505309;
  -6.310696205065915, -3.094314171182517, 16.73889983313385;
  -5.491886348591948, -0.2360475533379604, 14.79013834746706;
  -4.060534083331504, -0.8289673881037774, 11.20986390174907;
  -4.016202333415635, -0.8706530541991533, 11.12783552353047;
  -6.255920331544687, -2.98697122756519, 16.80092157109857;
  -3.923898640277618, -1.635717020834158, 10.91855255004963;
  -2.858146434810789, 0.5361678216004422, 8.288811652497801;
