m=[-11.36023605440729, 1.573685147435151, 15.53233649168066;
  -9.612248887208395, 1.65612566535582, 13.48055953368193;
  -11.73357136831975, -3.423648939147659, 16.3322705962389;
  -11.74243123437609, -3.023140611620486, 16.35442253338791;
  -11.87493351921147, -2.856278221823819, 16.58138014882352;
  -11.65330463307762, -2.688066883912284, 16.38742983950994;
  -11.67247725564113, -2.913159921672541, 16.45219046378934;
  -11.86324253333954, -3.033499092132896, 16.78354608664746;
  -11.59336448146971, 0.1001177437418799, 16.45952617009013;
  -11.59133038982237, -0.4184047588644323, 16.46784022087077;
  -11.55073222271767, -0.1216366594626187, 16.48111666178824;
  -11.44606685694157, -0.2454552651723047, 16.38297815040782;
  -11.46750813788176, -0.3999729554212239, 16.4382399188479;
  -11.43745041323717, -0.3008732765940742, 16.6263262460433;
  -11.45518593009773, -0.2151408200983713, 16.68472731757026;
  -8.992591186340979, 1.645792642513661, 13.35840913770407;
  -11.71256432978861, -0.4121233199836564, 17.36792838087424;
  -11.52259936417391, 1.240975416059915, 17.1538499194079;
  -12.21037781575427, -3.365655370316846, 18.15373870570537;
  -12.03225426678833, -0.6600854369722942, 17.97731576493247;
  -12.18024808477582, -4.148012423205721, 18.21106549320685;
  -12.01256564817101, -3.021691392317817, 18.00325300480935;
  -12.02049246179235, -3.374368693702946, 18.04387529645322;
  -11.9598909283102, -3.190513305118369, 17.9777639027632;
  -8.9080201796291, 1.631385476272363, 13.65754062650559;
  -11.67812692294596, 1.399008300662285, 17.64137684984607;
  -11.30828487240437, 0.1469312066112858, 17.12734641148661;
  -11.74780932614792, -0.04174895862636891, 17.77430070579992;
  -11.85022037230891, -3.013200516545351, 17.9291904389185;
  -11.50424365940671, 0.01555200723315629, 17.51667114679196;
  -11.77036714018227, -2.994452770038882, 17.96908219028602;
  -11.61050180362024, 1.269169425655022, 17.75458388583231;
  -11.73367169447333, -1.165080859128878, 17.98296186790097;
  -9.004472281848194, 1.490889092684322, 14.10964631250623;
  -11.7652551119345, -2.738329996545269, 18.15578882931439;
  -11.77910372829642, -3.072222144976627, 18.19177025242779;
  -9.463857367989537, -2.978315815075428, 14.92663163639841;
  -11.84378586431275, -2.829278828205232, 18.47998528603909;
  -9.306653226020275, -2.81117173085857, 14.81305736855878;
  -11.77899915459178, 0.02189190292123136, 18.58988626585158;
  -9.217146812946865, -2.85747261769003, 14.76823703773065;
  -9.221972262498571, -2.690573226162464, 14.79891580254287;
  -11.84314979086999, 0.5826534459749628, 18.74294132150552;
  -11.30338491576422, 1.52494810222196, 17.96698215987109;
  -9.344377669708752, -2.472484315929892, 15.02710220587103;
  -12.06068436360827, 1.538757962480139, 19.16116674882285;
  -8.792539831121569, -2.909005778105878, 14.24171177607052;
  -8.968514839281408, -2.519386549289621, 14.52883021965474;
  -9.009503375599778, -2.263830520113651, 14.63462051325117;
  -8.86998278210439, -2.642328929564669, 14.468556547162;
  -11.75045289716135, 0.5542984177323579, 18.86563135294155;
  -9.04080125338719, -2.230806831951923, 14.76583501490617;
  -11.50145989967396, 0.7161319111825061, 18.52259827918894;
  -8.954011271949957, -2.157017794709629, 14.65848251874699;
  -8.930360368329035, -2.345747824173321, 14.68711661971119;
  -11.5982384931741, 0.5585276529776471, 18.8291565882895;
  -8.844531668185889, -2.432876030370794, 14.5920593950039;
  -11.66986283417319, 0.09327501693128294, 18.98363324368636;
  -9.086761103661766, -2.180653525648382, 15.00001786476512;
  -8.791166394204124, -3.233762328287583, 14.5497006593172;
  -8.94612685932853, -3.157631929275223, 14.80129263636875;
  -8.76338698137034, -3.381719051424032, 14.51946673858962;
  -11.8297051973459, -0.1320603210821445, 19.2738617178888;
  -9.054998880077447, -3.050900702031995, 14.98970219482875;
  -11.28173173086235, 1.536641707532862, 18.46819998352282;
  -11.52526491385783, 0.9027093781124049, 18.88166477958735;
  -11.67450592967012, 0.3826873042709234, 19.14206414228284;
  -8.826825107427267, -2.878394189414061, 14.71302144692329;
  -8.701993795683316, -2.348335160426838, 14.54288825777046;
  -8.751833800546317, -2.910457838806194, 14.62487208185344;
  -8.848681019262331, -2.164740963610261, 14.78945463279862;
  -8.88363179137127, -1.915702464196735, 14.87638773778592;
  -8.731752910445117, -2.985566153149887, 14.65481924786349;
  -8.774826019847021, -2.676357871401112, 14.77654098105148;
  -8.674922102249596, -1.601128022552821, 14.64458155931276;
  -8.73448121470177, -1.727462094252292, 14.76040201501186;
  -8.698177033156071, -2.802113630672202, 14.70199112956048;
  -8.638276635769477, -1.958302181453614, 14.61838330903568;
  -8.584484300697731, -3.183730223278853, 14.59054399718463;
  -8.545821516484047, -2.19492992244166, 14.53318774267623;
  -8.658363740717487, -0.4072545607663319, 14.71980601479296;
  -8.256520819893385, 1.524872255227067, 14.08709937277973;
  -8.568453637318147, -1.856556372693158, 14.61372991373545;
  -8.372446223876663, -1.243523309434334, 14.34077438350692;
  -8.338152835862752, 1.392151764613791, 14.29294407394139;
  -8.593483275561567, -1.990025449113546, 14.70480058859756;
  -8.557189851881095, -1.674958432515366, 14.663624684743;
  -8.60580484329525, -0.3667815563200668, 14.75959497504002;
  -8.594500327788834, -0.4820869204163629, 14.74939252373502;
  -8.579792424048701, -0.5692187927849873, 14.73711578389744;
  -8.078823422763579, 1.597125784242281, 13.96654541336907;
  -8.529732361127428, -1.791014333846307, 14.70731667189522;
  -8.483267721473405, -1.637057505653655, 14.65755012669606;
  -4.588203154202419, 1.662323324395978, 8.385681471811777;
  -8.535543005139433, -2.20245611632035, 14.77941762174828;
  -8.064038184221774, 1.503511389892961, 14.02512515096071;
  -8.414547100248063, -0.3758231596288516, 14.60554770269388;
  -8.508360600058749, -1.157350393721714, 14.81135183273467;
  -8.405316157124616, -1.607946139850692, 14.68428252159975;
  -8.322334762067777, -1.715664033323998, 14.56887621009187;
  -8.31328161020342, -1.773737512876181, 14.56666165229116;
  -8.435431963273727, -1.682961406181467, 14.82579119474239;
  -8.309208005664507, -1.461132833694796, 14.6243826096381;
  -8.182413123165171, 1.291931609334464, 14.43857140106625;
  -7.955497155001938, -2.165292173909384, 14.11693915059505;
  -8.419389643404932, -3.229130326448451, 14.89187703159469;
  -8.253959357644069, -1.568219798607778, 14.6803484053534;
  -8.2180725256007, -1.646088994096183, 14.67447810034556;
  -8.078521657064343, -1.234353577631778, 14.45217774268651;
  -8.3546022797431, -1.437119076915054, 14.91771007703934;
  -8.321791412474731, -1.740176824323476, 14.90033047742568;
  -8.172285010028697, -1.86413521765799, 14.66383456371657;
  -8.32045976376644, -1.627371529849592, 14.93250709928889;
  -8.288678907203435, -1.365043669823929, 14.90102298261301;
  -7.839759497799393, -2.297500307541077, 14.16815629830436;
  -8.047733829100288, 0.2515327969518695, 14.5396714111936;
  -8.114778555203856, 0.4666623435932597, 14.71191057755135;
  -8.175264169855668, -1.699676578844481, 14.85636850158869;
  -8.046692907132425, -1.978453230974744, 14.64392446186065;
  -8.2320779951884, 0.08319540723409352, 14.99944319277248;
  -8.252095041077764, -1.555937888446364, 15.04099477421263;
  -8.047180828507084, -2.63627792748618, 14.73833567153953;
  -8.252241990231688, -1.643280833106811, 15.09865183138709;
  -8.178382213134466, -1.860455456492584, 15.02649035840029;
  -8.233016790697084, -1.421031859506196, 15.14890063799647;
  -7.812154019220495, -2.471361203637647, 14.4249006163221;
  -8.157745051265488, -3.207691549947298, 15.04667321622199;
  -8.047285238581459, -1.638388695203195, 14.91763370964757;
  -7.541006669204425, 1.571899634905437, 14.04908492192646;
  -8.156158471445355, 0.4582994384806125, 15.11811513692853;
  -8.030084767336543, -1.454424472687667, 14.90734340910027;
