m=[20.24698071027594, 1.122371690009392, -31.75983369554655;
  4.250778014474346, 1.779429541101951, -7.880530839180428;
  -2.924492475986338, -0.6521160526642243, 7.167791222125134;
  -2.943051557143649, -0.2132156577683219, 7.368025090614436;
  -4.042463308973983, -2.414117828977094, 12.03088126821624;
  -4.040150072511116, -2.522894906231111, 12.13160200238631;
  -3.926145335946614, -2.415560772773249, 12.01932798659915;
  -3.901914381788323, -2.338438249925157, 12.03547164472999;
  -3.125126392640912, -0.0960983234757634, 9.912883139855241;
  -3.871232774558104, -2.169752741858552, 12.04183668762205;
  -3.792139136729895, -2.183616022849678, 12.0552117133345;
  -3.798661558564213, -2.208141234214609, 12.10229492070874;
  -3.729804861009828, -2.187525981080408, 12.10119772295933;
  -3.140803872665876, -0.3620817817954245, 10.514166802626;
  -3.624425118272837, -2.179362372408888, 12.02150078626168;
  -1.281545137558064, 0.2967828027013498, 4.914263736756334;
  -3.670712599194864, -2.358762236571051, 12.20362774838817;
  -3.712510229000211, -2.461436311476663, 12.34249207214125;
  -3.166714249453562, -0.4215107602818983, 10.84604938241639;
  -3.632432842787612, -2.45530220755629, 12.33540558832565;
  -3.747244699730206, -2.740263500790528, 12.84593588511101;
  -3.555318724644084, -2.468453117955788, 12.34820314479989;
  -3.471851479466866, -2.296279615699476, 12.16635868201697;
  -3.429005162910209, -2.255276767530212, 12.13179511639126;
  -3.397309793510829, -2.193723779645088, 12.07253584653371;
  -3.473570871814375, -2.465843637889753, 12.3463389883415;
  -3.549801681880026, -2.866021801782943, 12.65896877993205;
  -3.473413363815693, -2.67158739083586, 12.50294903925817;
  -1.16190641907266, 0.2276599267014226, 4.893272353475703;
  -3.189806031144901, -0.3949952152541962, 11.69517297155128;
  -3.421582679953339, -2.486644415008287, 12.44189286460095;
  -3.367630968601953, -2.348462720579138, 12.27187614633808;
  -3.382012289078423, -2.66447147601902, 12.46415017877073;
  -3.239067946507385, -2.186130800797357, 12.05714284782639;
  -3.322422700664064, -2.472308642919256, 12.3670228820272;
  -3.27957322765089, -2.336141480319911, 12.22664845112778;
  -3.253670963870919, -0.5535720727349895, 12.23969085174669;
  -3.318814226330624, -2.579477584160555, 12.44209440517486;
  -3.157407251632056, -2.189411717872963, 12.05600209938405;
  -3.270078986572613, -2.501622622146719, 12.46760591734348;
  -3.205864484212887, -1.910352664205946, 12.28792989772217;
  -3.451476245972825, -0.8972527159751969, 13.30250930730919;
  -3.151338153102696, -0.6940895227825228, 12.34454854870768;
  -3.058478802914333, -2.121373008227217, 12.03657253705584;
  -1.097948411641786, 0.1507488081623849, 4.998697355347997;
  -3.106205221334149, -2.525301391155366, 12.33936015993527;
  -2.965920363182144, -2.09565009760915, 11.98050363512026;
  -3.002200112334205, -1.865447435266647, 12.12668770636594;
  -2.990580597084364, -0.6631420295034425, 12.19194032141538;
  -2.914096456380053, -2.132619475691438, 12.05921541345105;
  -2.921710779331741, -2.372454192881119, 12.34523359163862;
  -2.989620270886849, -0.3717901686559424, 12.65222592082282;
  -2.946706278461124, -0.944915950262581, 12.61970227484381;
  -2.888089275185797, -0.7044557221636436, 12.7748297444516;
  -3.033302182284439, -1.940158444718836, 13.4979089715407;
  -2.95581740230901, -0.5260729016211195, 13.20625358013295;
  -2.954244778846215, -1.463463925032027, 13.19707957028673;
  -2.976412553539206, -0.3005656849976431, 13.39549371658404;
  -2.889882185035971, -0.6379544834918022, 13.06322515703839;
  -3.031630596993589, -2.949316673456152, 13.81241995165018;
  -3.055039415195688, -2.565548508753565, 14.19842815642683;
  -0.8151259956768032, 0.1618777900200142, 4.99118494282671;
  -0.8276392492408146, 0.1749094641386915, 5.716423852414736;
  -0.7509925184630173, 0.142849827173663, 5.477221440275206;
  -0.9972263713515888, -0.004271450494213136, 8.021049191544066;
  0.3100823483920019, 0.3890552782418034, 11.26090254414974;
  0.5172153577313726, 0.2717491109872462, 15.80963547814893;
  0.5072947706376131, -0.0206249169440265, 13.56194888276182;
  0.503722580600499, 0.2458399858268876, 12.50360831915779;
  0.4943242510370333, 0.009656644057884769, 12.04452241310817;
  0.5144405037511757, -0.05921169644261495, 11.90215151234497;
  0.5921973763814598, -0.182847722379274, 13.49921024528016;
  0.6904797283993088, -0.1420903675472872, 14.82744227479479;
  0.5252046869319378, 0.4052779710162832, 11.07151645740643;
  0.5509584018145028, -0.01355296829255239, 11.38824215167998;
  0.5549773229155641, 0.3669591931821862, 10.40435020376706;
  1.091706247294277, -0.6361088201546835, 18.56474220378599;
  0.5437699362948846, 0.3897144825369219, 9.2580005958479;
  0.944878618259659, -0.2462696556151034, 15.29131792382419;
  0.6598519878576721, 0.3705418663715958, 10.54766691265908;
  1.108914490424404, -0.7135933085899959, 16.46498454255664;
  0.6233968299945059, 0.1949970441441152, 8.412626507068394;
  2.722736585047699, -1.494043196350403, 29.97511279476727;
  0.6677707361270534, 0.183144262473783, 8.04265112272428;
  2.627001525637342, -0.5820800788325314, 25.71764990196364;
  2.691410393350867, -0.967138070987303, 26.19484607797212;
  2.74018021206923, -0.7646372343408101, 26.22362097195608;
  2.745854665001322, -0.4646111478676551, 26.20408431391524;
  2.76760315293759, -2.0651968147077, 24.78163480705626;
  2.610930366436597, -2.347230796848022, 23.35061953834931;
  2.325500456621318, -0.580217256696877, 20.38406671022883;
  2.639678501027913, -1.580764241190723, 18.40512437131129;
  3.780184108006747, -3.819231071286059, 26.0049684272864;
  1.822694907285063, -0.5885997257983142, 12.88479862074767;
  1.851834964630587, -0.3323933770868237, 12.97062201324593;
  3.213418281046957, -2.023877850762859, 21.54755602990563;
  1.85690360024281, -0.699447451406816, 12.44892510537013;
  3.570550282365835, -1.850238983193401, 22.93597864787226;
  3.774410736773544, -2.273687633988989, 24.13526306834633;
  3.874578817562325, -3.97675297646117, 24.8139489847241;
  4.006244666229804, -4.272088886532922, 25.42692800872314;
  3.838947676271212, -2.183467697606928, 24.09937573741772;
  4.420558825235603, -4.526414819716642, 26.32757718081585;
  4.22620517671673, -4.409952181166377, 24.92673890990099;
  4.379608934294756, -4.487159554551528, 24.57514712914056;
  1.992960532106674, -0.9325852146294827, 10.92461119872868;
  2.751233533754676, -2.237708135401914, 14.10175948775065;
  2.123343181872671, -0.8618389865480054, 10.90280950119369;
  2.142380857186943, -0.9091893957238035, 10.74333503492312;
  2.361619600135518, -0.8862202206343819, 11.6002065861588;
  2.756430480278261, -2.218287790251288, 12.66368176195785;
  6.49477157133377, -6.443291933000931, 26.18994697289372;
  2.892911149438356, -2.332512236283601, 11.87138615250834;
  1.502523636205338, -0.1501176113481498, 6.437139826775966;
  1.52407152068069, -0.361511032679767, 6.402790221937221;
  1.550319937222191, -0.2343871722291158, 6.416765968838935;
  1.547572770959142, -0.1826891252739732, 6.367887083298289;
  1.510175122381497, -0.4754966158548954, 6.242299245001864;
  1.463929538866856, -0.5625971269533884, 6.056204175366338;
  1.601898833016744, -0.6924528684973488, 6.399582363097759;
  1.628979664903095, -0.04761998338055697, 6.425254429389327;
  1.637880665892264, -0.9745679339129606, 6.326725509047712;
  1.517520542723082, -0.4688425198465335, 5.897455322468369;
  1.644548813692964, -0.1764708702701555, 6.277734102040555;
  1.529389961053521, -0.4080187167519516, 5.893540747631939;
  1.56998428549468, -0.508157168843197, 5.994822455411901;
  1.625726108110263, -0.5552354393615306, 6.126416839479711;
  1.65851860840273, -0.6404193584743787, 6.205331657081893;
  1.604158108129123, -0.3666204754315994, 5.98247572412235;
  1.684847118602492, -0.7235967275695681, 6.21812549196258;
  1.689129853387287, -0.2226038567568366, 6.148518240078738;
