m=[-4.381327048575932, -0.9226350969665704, 8.201368990571483;
  -4.489794815599192, -2.200988674085731, 10.93270231165676;
  -4.359645563637072, -0.9721327304886479, 10.68528281717507;
  -4.436568549798002, -0.9111914631324567, 11.05143620154908;
  -4.399840933626028, -0.3187558765193838, 11.01514457501796;
  -4.963926643363597, -2.683753394706077, 14.4996556973161;
  -4.585019904203953, -0.5200254138011238, 13.72913719854813;
  -6.245730438531084, -3.900182227455938, 18.75443103215082;
  -6.041112851628817, -3.716794458596511, 18.49399616030245;
  -5.97671966622876, -3.58188020265675, 18.43521744278464;
  -5.99411095850187, -3.359585807572218, 18.64525060960831;
  -4.765781662436154, -0.1465488336376144, 15.11703232261012;
  -5.861123800674966, -3.374993211376743, 18.63251472258234;
  -5.894199527215013, -3.426266019774374, 18.77854604841924;
  -5.748643262750299, -3.371572230141933, 18.65123548111438;
  -5.584952074928146, -3.358224823694398, 18.52418068219789;
  -4.786803922399719, -0.5518378617690274, 16.02432273138285;
  -5.680211779248544, -3.650045782270261, 18.8843959347739;
  -4.896101479005452, -0.9538941805673841, 16.63293943709826;
  -4.880344027520541, -0.6496062983366354, 16.71526009484516;
  -5.605757079696287, -3.789148575762771, 19.03663197655015;
  -5.024277691551127, -0.92174899802456, 17.29099603526138;
  -5.769170092831228, -4.218845445661964, 19.77730174070182;
  -5.379027391861905, -3.38556070553454, 18.67121297076674;
  -5.47603087223649, -3.802001037740297, 19.01915042633517;
  -4.850284798972213, -0.3933262565566431, 17.0752786091273;
  -1.869274051607035, 0.4328902477129553, 7.167992306050041;
  -5.283347615308522, -3.474888652975607, 18.69244511233061;
  -5.276633337546161, -3.407247714398391, 18.75082020433289;
  -5.304056890835246, -3.765282305133956, 18.85255456253149;
  -5.4694983083438, -4.415937227294956, 19.50481027732957;
  -5.382942274733613, -4.140307875990169, 19.37651695688992;
  -5.337254818819624, -3.878864294132702, 19.40784685282968;
  -5.224207485102284, -3.643171308769182, 19.03736716335124;
  -4.854067956006649, -0.6010815699828505, 17.79705844395379;
  -5.269001525622439, -4.151109774928481, 19.41850611235533;
  -4.999190030945039, -3.374082756575828, 18.60904103340227;
  -5.149262261863749, -3.831711597720302, 19.16705066014024;
  -5.008250138572587, -0.8520921263306066, 18.84008373465569;
  -4.926025975810686, -1.152199415570191, 18.76070361185896;
  -5.121790989023751, -3.918189210921228, 19.52750129411318;
  -4.840860139146424, -3.356752888862503, 18.48396970970627;
  -4.981021220562772, -2.968156391521559, 19.09202334619875;
  -1.698711064326396, 0.332839573001153, 7.153980519572145;
  -5.133742453958399, -1.334578027389273, 19.78621665288656;
  -4.882020448110534, -1.075276304355755, 19.12404683646787;
  -4.703327587242238, -3.262246638073427, 18.50983685596682;
  -4.787962805788581, -3.892546780622825, 19.02012046313663;
  -4.58191155312405, -3.237471751682102, 18.50811933436632;
  -4.699425863982745, -2.920035839441894, 18.98223560035419;
  -4.497046894225488, -3.29106806630432, 18.60983602760452;
  -1.584678431045596, 0.2175770575992241, 7.21466309195684;
  -4.469580968358883, -3.94433815037658, 19.16163372345969;
  -4.502657065476245, -4.444662381240656, 19.67929350417716;
  -4.775798107991792, -4.646127071988488, 21.75902602952206;
  -1.165768392247889, 0.2315126888519667, 7.138240808256618;
  -1.16294260770448, 0.4477828561154984, 7.179927712143872;
  -1.096179156900905, 0.4160363719396651, 7.475512909290226;
  -1.081528036030535, 0.2057225461401734, 7.887919521926497;
  -1.090823382267851, 0.3261938929040804, 8.222879415233933;
  0.8101117540441577, 0.4663431952430116, 14.59538911939348;
  0.7943190941265063, 0.5692805616396488, 13.52374626818025;
  0.9769813663494688, 0.548626821710036, 15.61694777276549;
  1.104671117525106, 0.4780766415541189, 14.47830777980819;
  0.9695582657015963, 0.2659131703302042, 11.67738933786984;
  1.926255108730168, -1.89437549451981, 17.08019751082457;
  2.165518278970005, -0.3261096028755965, 17.67434100095241;
  2.302331823043329, -0.2729293448682204, 17.74062319169509;
  3.415180011683735, -2.827864159968269, 24.01046063188142;
  1.261925839872707, 0.1203699519349257, 9.21727247755927;
  2.738668466802948, -1.031585419460146, 18.36039233658152;
  2.737630538636792, -0.9530279104181947, 16.47924472971955;
  4.312532597466716, -3.278821352940393, 24.64736007201766;
  5.861563388616557, -6.005506555136198, 32.89078656179873;
  2.992972905836037, -0.316961771213891, 16.58146227027328;
  3.087748692347438, -1.227723508346124, 16.68614035185954;
  2.955169784985501, -0.4433843249382817, 15.68307473709136;
  3.020617989905591, -1.338347621804108, 15.96414993007693;
  3.2016218684711, -1.230773660343073, 16.50032396043427;
  3.090288714760507, -1.254310333255231, 15.86782082536807;
  1.582454527738952, -0.09756728346159389, 8.64703521969045;
  3.115095326946076, -1.321992599227659, 15.62117802296289;
  3.464934009573851, -1.277793347930094, 16.45028001059207;
  3.637370477725253, -1.112164982079808, 17.04089531471263;
  4.073928351328036, -3.27856827326813, 18.71657294873178;
  3.943929990573356, -3.613673510163351, 18.01077770916789;
  4.478512043612106, -4.453210561829472, 18.79331842874431;
  4.11991958284552, -2.932982534446813, 17.14585888354063;
  4.156109916702429, -3.351011052631225, 17.05506431575774;
  2.34082830393424, -0.2612864162802385, 10.04694833424993;
  2.290741683923648, -0.228868725602704, 9.814038309361786;
  2.314403876038802, -0.5489785248996442, 9.723062406215986;
  2.340562612820881, -0.2763006331005684, 9.630848196298794;
  2.455582884058212, -0.1687477495606241, 9.967297255709459;
  2.390040640079295, -0.2398506944524882, 9.6049614335156;
  2.400926405231124, -1.037848547041136, 9.591695780860961;
  2.48960407949276, -0.07277862790059118, 9.819852257111009;
  2.264613682284771, -0.6494990475116867, 8.987924124544776;
  2.353668845533139, -0.8977344221996582, 9.212677940794482;
  2.470030661179173, -1.424049543630346, 9.508764716172152;
  2.312778867209007, -0.6170153391615129, 8.912348610402132;
  2.504636410106755, -0.2687639085697442, 9.560945393667812;
  1.17479784651409, 0.4093659644806115, 5.044550351188823;
  2.486539751588953, -0.123040670999626, 9.460408627375866;
  2.476860058089664, -0.2164769690048299, 9.425837068802672;
  2.392541122049113, -0.7743943262071095, 9.135670577388725;
  2.485185051414353, -0.381533154800544, 9.410191841509901;
  2.499595859427534, -1.20496258919822, 9.43164336817809;
  2.470543863441509, -0.8437666717885073, 9.310043956453932;
  2.444931580224596, -0.2190203972163147, 9.208102127410191;
  2.567304110212894, -0.9913372348921734, 9.605544000379462;
  2.443432206424351, -0.4283220562268117, 9.153456756636764;
  2.492087271033044, -0.887834493223762, 9.314921018042922;
  2.428998737988326, -0.5551327313880675, 9.058599592085415;
  2.402694773095599, -0.6860849064957211, 8.955696125114647;
  2.469829238995736, -0.45305513429214, 9.126997077566749;
  2.567500091986518, -1.368518090476377, 9.431273346619644;
  2.555023789355442, -1.558015939927501, 9.380186541353474;
  2.585759442626579, -1.436162824427412, 9.417365546854276;
  2.507489083894768, -1.778502407078352, 9.159486294360912;
  2.524294614875037, -1.274046507910037, 9.190858283298471;
  2.608843351376725, -1.164387898374234, 9.455104150077041;
  2.610854840613156, -1.358495923005891, 9.423184451302964;
  2.632279430621783, -1.692662920378925, 9.467821058104331;
  2.736994135635633, -1.060131453421872, 9.727319365217433;
  2.593746591698855, -0.12247510500237, 9.237929366562373;
  2.564507925533987, -1.494038218009175, 9.139062792680329;
  2.569248568737801, -1.554680510790912, 9.147398874383891;
  2.650129072978093, -1.249627931110049, 9.321556421047575;
  2.667690496063681, -1.853344207905963, 9.356688325680642;
  2.763410631634305, -0.3429989530075196, 9.639312344979583;
  2.840328087638914, -1.119248665682584, 9.874664290811205;
