m=[-13.66975745367468, -1.254368049551733, 20.43247177748481;
  -13.36504688559231, -1.548607529386241, 20.11219080773202;
  7.293987723703374, 3.053355687781727, -13.52234696837162;
  -3.057490085037673, -1.825901872708287, 9.099476576615569;
  -3.061667438617675, -1.911875808281855, 9.193453253554351;
  -2.966445898225555, -1.825105729199932, 9.081346500047006;
  -2.981357872257307, -1.786743788572493, 9.196011143099433;
  -2.928040772934392, -1.641111466378622, 9.10794851554731;
  -2.867275903739745, -1.651054821457849, 9.115071154781615;
  -2.868502318216577, -1.667444743797685, 9.138866545645929;
  -2.390921964640667, -0.2756330290551082, 8.003859319925301;
  -2.801541057205375, -1.800241525688722, 9.313985570937712;
  -2.810335553250437, -1.863284287856999, 9.343151169011428;
  -2.402253138829483, -0.3197558943350569, 8.227757265217504;
  -2.745002569775844, -1.855453675544359, 9.321774552945545;
  -2.817519987286362, -2.060379773027496, 9.658745027861473;
  -2.689354856800465, -1.867215542601802, 9.340569066294;
  -2.587605278698924, -1.701883138500552, 9.154928497286106;
  -2.690541966339112, -2.172276827041195, 9.594757624585213;
  -2.628746394560963, -2.021908994355717, 9.462473585989628;
  -2.581408108320216, -1.876045285423034, 9.386768091768085;
  -2.539060911976513, -1.770648254708252, 9.252510542364865;
  -2.570201363913363, -2.024897497826194, 9.472282490796912;
  -0.7891983518656227, 0.108357286814197, 3.593031942563399;
  -2.453970368296964, -1.656248122909143, 9.134686818408229;
  -2.404792206785716, -0.5624818441543555, 9.158618744837273;
  -2.393685048178194, -1.659830891523324, 9.139863712919434;
  -2.479636697323655, -1.993147732383584, 9.444318050601316;
  -2.436741488049292, -1.452037544506203, 9.339917121098296;
  -2.501758686932082, -0.650362226651125, 9.642154789964517;
  -2.392831235582277, -0.5270266184443625, 9.373294747003619;
  -2.302527013198444, -1.597041853570768, 9.061541765954122;
  -2.350142953804452, -1.910633344472744, 9.335912558240999;
  -2.253640306947181, -1.592369636035213, 9.103328000575901;
  -2.272662841845543, -1.412142066123084, 9.179891917163134;
  -2.275377512123994, -0.504550341411124, 9.276214412529923;
  -2.291542589931612, -0.2849769966739681, 9.697925464761985;
  -2.254973502037115, -0.4437669768927321, 9.770080932949583;
  -2.205312658220294, -0.5379145079035893, 9.754717066436886;
  -2.275729064515037, -0.4050315798728701, 10.16769678742232;
  -2.254464069577629, -1.116808891305313, 10.07104825152242;
  -2.299596281208446, -0.2322190620576364, 10.3494481969507;
  -2.232815741527699, -0.4929041123179692, 10.09306708653692;
  -2.299724485467195, -1.114129317891755, 10.48652262872557;
  -2.303013015402625, -0.3668029403439236, 11.0159499352891;
  -0.5882802768176449, 0.1168279647915449, 3.602161721484791;
  -2.28136450952755, -0.6414804603996973, 11.37062794362168;
  -1.902188036942164, -0.1747619005788781, 11.5078172583077;
  -0.6640875718353784, 0.09608316268017782, 5.535780397657065;
  0.2940581941356368, 0.006834701348414257, 16.0289356740678;
  0.3744279159833062, -0.02934778338267503, 11.26860831212736;
  0.3883567899730151, -0.01578929451169922, 10.38227720594798;
  0.3744445927592998, 0.1827463308616461, 9.294617127362891;
  0.3649124035938945, 0.007128578430900076, 8.891321060391512;
  0.4512418339335187, -0.1393260842882276, 10.28611174361338;
  0.6702949992742404, -0.6401057162457441, 14.18458458827763;
  1.477562544380052, -2.936124373885658, 29.78048075098159;
  0.7321571960615987, -0.5087501713041254, 15.00498515340718;
  0.4622160442030536, -0.09511712640618454, 9.925681279293638;
  1.14777768865593, -1.309972448504801, 22.60300390497705;
  0.3849834005413795, 0.1693161683068948, 8.433852794508471;
  0.3991329285016503, 0.3079937926180366, 8.41387538335413;
  0.4153403724071973, -0.01021691452442331, 8.585034225387133;
  1.698333240954972, -2.901056917178988, 29.33656716027821;
  0.4213759965330233, 0.2786200252323164, 7.899680319114452;
  0.7791767165700682, -0.4540059957500481, 13.25009810117588;
  0.422720730107587, 0.2433404218488669, 7.615953618688073;
  1.152517518165957, -1.021265786680621, 18.52252635889332;
  0.7360315139494101, -0.1918365216010977, 11.91146848309901;
  0.4227786957514782, 0.3030012688179798, 7.198054095907922;
  1.646727806804842, -1.538499239246278, 23.85525397271429;
  0.5036962248691534, 0.2828521284800629, 8.051532923819297;
  1.352987144898288, -1.093555304030666, 18.96201410685631;
  1.46966556297827, -1.358248747288496, 19.85764638116331;
  2.756090914076822, -4.234909910001871, 35.64645115227189;
  1.743567795970916, -1.81612567552606, 22.00685963987386;
  2.55694873098408, -3.387270922513135, 31.70981994045988;
  1.249178965830138, -0.2444785329305549, 15.53237789253692;
  1.857196030337491, -1.944519343327727, 22.44020399380664;
  0.6198210241883576, 0.2682445018318947, 8.123648219118961;
  2.657026233931017, -3.429763226375469, 30.85049625514608;
  2.000070795937985, -1.550923017372057, 21.41441646653862;
  2.807563460969643, -3.263387600674017, 29.50930839871944;
  0.5523630507690387, 0.1514922982962475, 6.652677438643811;
  1.651318456184107, -0.3658922797618325, 16.16597079154368;
  1.693486582174625, -0.6085416591886256, 16.48229510622697;
  1.847427425989339, -0.3125931564883756, 17.63026450434541;
  1.688562172283368, -0.4711870787696371, 16.15959935719116;
  1.786344716640096, -1.332977748222072, 15.99526375748696;
  1.591095884564335, -0.3969817708076842, 13.94667739625015;
  1.947078277717038, -1.166002494249116, 13.57597822920699;
  2.296379973446103, -1.44630799936781, 15.39836143823196;
  2.683159880247458, -2.960768273480737, 17.44383685873232;
  2.55047159342899, -1.536392334390398, 16.30885114225086;
  2.82265163907734, -3.009955632391358, 17.91487190622994;
  2.557694828529832, -1.454733043888624, 16.05618359306755;
  3.045024020690129, -3.232455425005436, 18.60682007637648;
  2.951718941767705, -3.022401666817221, 17.57958921660171;
  2.982453808456931, -3.05569431047412, 16.73533921596522;
  1.592365449116674, -0.6331423605178216, 8.605115254769229;
  2.006364261851837, -1.631870786773366, 10.28384756085772;
  1.598191741602786, -0.6143799550825334, 8.236663344609667;
  1.754348166683022, -0.6583358383620016, 8.617307019472657;
  2.066153536199647, -1.608432212393953, 9.073866569337575;
  2.166012541953573, -1.746424448269462, 8.888475991286217;
  1.158685714760272, -0.1157646559506535, 4.96406298142282;
  1.169067181713668, -0.2773037081255707, 4.911378382374634;
  1.202128409419646, -0.5353894715183183, 5.019209661250033;
  1.222538998990445, -0.5638674504873789, 5.077961557304417;
  1.186591814767557, -0.1793964544840413, 4.911297205882509;
  1.205654068639098, -0.1714074772939888, 4.871840835374004;
  1.229548263908715, -0.531496874054234, 4.912042647205944;
  1.262969459726264, -0.1355249037467202, 4.821131717796225;
  1.238998697410946, -0.1082881859798413, 4.715082635416112;
  1.168183445346571, -0.3116541382113215, 4.501622811174027;
  1.196461879883126, -0.3872590873217875, 4.56856581994878;
  1.232630842996639, -0.4209813229101404, 4.645069249810251;
  1.255491170211625, -0.484794590620556, 4.697408316210582;
  1.227377244157618, -0.2805095249069876, 4.57732596949359;
  1.288391422548171, -0.5533296207657343, 4.754959343027993;
  1.243946188670932, -0.2281842803795059, 4.596873763332061;
  1.282822101652688, -0.169058137708093, 4.669537439629419;
  1.281196985703651, -0.7115926761412068, 4.666134116344228;
  1.269900332035169, -0.6409363130156253, 4.623657601958121;
  1.280569343630364, -0.2795697634966512, 4.546716530392989;
  1.352078710723855, -0.1678221748346414, 4.716312826789928;
  1.31971520597861, -0.09957861025569006, 4.609149173734691;
  1.298103844849983, -0.2434886301438092, 4.552006975164606;
  1.28331929946378, -0.3078603096813546, 4.49411325232573;
  1.325533133541004, -0.2316745749377556, 4.56475203786114;
  1.314558125749709, -0.3304726495700014, 4.499788089910489;
