m=[16.93541244473647, 0.9297828423605092, -24.77148775434343;
  4.242687259040943, 0.5184038674140903, -7.702068793930842;
  -2.992926346593837, -0.2054459668875662, 7.205147775049749;
  -4.24746331342639, -2.373745353439889, 12.1604201039756;
  -4.286980763581126, -1.004265692456482, 12.52602269962132;
  -4.181109757224762, -2.431656641209818, 12.21293746419583;
  -4.212591211203422, -2.62623502170465, 12.41006886261868;
  -4.212627605712008, -2.302772078874463, 12.61107271396013;
  -4.072924184550329, -2.513954366158506, 12.24709758882292;
  -1.271136925595948, 0.3078817053416311, 4.5857036571882;
  -3.959577328106241, -2.283006199070756, 12.36052893775812;
  -3.942000540461015, -2.297615743131253, 12.34153578557738;
  -3.875019672041121, -2.289634704016521, 12.36652307385171;
  -3.975181001201385, -2.574887673851018, 12.7036744615865;
  -3.343484080015706, -0.3685350073643489, 10.93608028266801;
  -3.78805306329063, -2.282257231284241, 12.34313137882189;
  -3.82890593095479, -2.433423299862402, 12.51894068141391;
  -3.339849454640562, -0.4321358914883607, 11.19865798324123;
  -3.808349248082434, -2.577070876862798, 12.70573887506573;
  -1.145040760755653, 0.2374395820591634, 4.544060145823814;
  -3.852654912986036, -2.821744977130457, 13.00166285057352;
  -3.677695081059629, -2.360629912992552, 12.47847461034812;
  -3.70598012786453, -3.00191600115458, 13.00850441540335;
  -3.614324548777938, -2.780480328682089, 12.79250321646001;
  -3.539734751783714, -2.566594188848554, 12.65066526078381;
  -3.581324012343957, -2.748100768552824, 12.80334755551869;
  -3.624656085728547, -2.905538645735108, 12.93795155832175;
  -3.539868139059862, -2.692482500691249, 12.75439677696482;
  -3.549443646547602, -2.804962780387927, 12.87317527852504;
  -1.072954107505999, 0.1598071415029031, 4.607047114254764;
  -3.387350598501175, -2.284949188160435, 12.39108565804125;
  -3.507827790414305, -2.752844415315855, 12.8316971811515;
  -3.539468943212301, -2.909960973032155, 12.94114074589864;
  -3.482833865846288, -2.715791774800863, 12.8505040707346;
  -3.438069663718862, -0.7888839976069559, 12.85254444235955;
  -3.4050507828208, -2.629519958489757, 12.66672023194251;
  -3.310594693443311, -2.297081881232915, 12.4272964267614;
  -3.372866587605597, -2.016157444639084, 12.73340734782793;
  -3.514546733863734, -0.8954528793523922, 13.33288897431401;
  -3.3758655866711, -2.702658566631668, 12.76499347694452;
  -3.480431437155766, -0.8586945768315593, 13.28565920114236;
  -3.377577454690655, -0.7274208148560646, 13.01279092030018;
  -3.19217698356667, -2.217399957014847, 12.35230391826691;
  -3.295472151887751, -2.701805682109829, 12.7647532120989;
  -3.234964097642265, -2.610843641990849, 12.75522851159467;
  -3.127358430248969, -2.290184328542058, 12.35827390309487;
  -3.12978730867636, -2.214027264281175, 12.43250924087949;
  -3.14743488136817, -1.953689668761091, 12.50770908339972;
  -3.234563427602408, -0.7015040041596902, 12.9663458853288;
  -3.1441596379868, -2.613895514424861, 12.72146974607575;
  -3.256421730678163, -0.6245377875561355, 13.89385268776416;
  -3.138025018738631, -1.509899878467439, 13.61845792998936;
  -3.18120744850693, -0.7628848017924775, 13.86257630433745;
  -3.158506456617704, -2.083806521237205, 13.69438284863892;
  -3.293496808756008, -0.567330375529243, 14.51013053858612;
  -3.228976684351466, -1.598448961163923, 14.23099853664603;
  -3.350609995140935, -0.3206422090094291, 14.87320106342071;
  -3.219211311370092, -0.6985745106659667, 14.35845294357264;
  -3.127308163182578, -2.671408037702016, 14.09697289229899;
  -3.168854692014691, -2.670044198838518, 14.58678762562327;
  -3.247362039208658, -0.8029622570592878, 15.17644787012054;
  -3.162640985870294, -2.712976824880502, 15.37205698086044;
  -3.404608790027707, -0.9400045734016819, 16.78705639554318;
  -0.7158588175918662, 0.3184863376637679, 4.709443653879879;
  -0.8940901992039042, 0.07886395301890779, 5.673286021915587;
  -0.7875139472577748, 0.1818360340433674, 5.374735195718085;
  -0.7956641056844931, 0.2685099580290759, 6.067144023408577;
  -1.047883442523845, 0.017823137386159, 8.234269197389448;
  -0.955191349214035, 0.1565102840335911, 7.762619955479142;
  -0.9031919824437473, 0.1927494142324585, 7.840140587225056;
  0.2917078336487522, 0.3551373277095865, 9.489195563041376;
  0.4004873852051401, 0.2191799109168048, 11.17881779279677;
  0.4243409038928928, 0.006261338998576801, 10.46205412208953;
  0.4322996206753679, 0.2185586956090687, 9.84428077360864;
  0.4192959830992463, 0.0273023720134018, 9.378759757627297;
  0.4589481445547505, 0.1545618562567122, 9.329287541903572;
  0.5256505686670283, -0.08026714536798166, 10.44689148697248;
  0.459129927340028, 0.09258925687347538, 9.237640521235806;
  0.4512280758561293, 0.2058788465036755, 9.093647137297669;
  0.4768203552895702, 0.3125779004477614, 9.420299995549948;
  0.4886961003261071, 0.3797416664155914, 9.523763586909192;
  0.5075408794669454, -0.08776960810441932, 8.918573780733468;
  0.5161669305638352, 0.3468854891846391, 8.97344895343308;
  0.5160960187029789, 0.3035256241665894, 8.614805635399437;
  0.5341009019013471, 0.1389910788776789, 8.775270427117862;
  0.7854188692463379, -0.1736745358631317, 12.04591660577259;
  0.5539932038050371, 0.3968471320163333, 8.661029075732575;
  0.5729767886379746, 0.1758583790844756, 8.798063598224658;
  0.6144100016718083, 0.351522528198752, 9.169059647700726;
  0.6586280319592452, 0.2124251304094738, 8.929810449467693;
  1.063343582510954, -0.06223036841092251, 13.37340697391139;
  1.355261399611156, -0.2288047608582974, 16.13770030024266;
  0.7951671291046665, 0.3514105035773831, 9.72864389579153;
  1.796914438992218, -0.3551425209076273, 16.96541011415474;
  2.016993390836951, -0.6581894353584363, 18.88278328248708;
  1.997465845242786, -0.2880165403163652, 18.42078560245696;
  1.814874254523716, -0.4606963669669844, 16.77969119080737;
  1.799608943544572, -0.1861317330893448, 16.33500380713953;
  2.059153073185165, -1.458468489976152, 17.74927332446557;
  1.518515369797, -1.467906756406761, 12.41642083714429;
  2.394395763817411, -1.391047160898785, 16.14482164058773;
  2.75041328038597, -1.674872809344413, 17.87400232611403;
  3.067150521914969, -3.291580813519396, 19.41440501026624;
  2.997729384355979, -1.486816847593033, 18.68963020692283;
  2.947115929077183, -1.714854206941843, 18.31891812418617;
  2.991794472781797, -1.642433789225776, 18.24472601948072;
  3.932420276532833, -4.064574816740916, 23.29582485531392;
  2.36025907872005, -1.550968022966987, 14.33231335468191;
  2.480569168567984, -1.797212274912014, 14.83335352935593;
  3.561972061812679, -3.547829190755908, 20.6168194608611;
  2.404915232393178, -1.893000027637257, 13.75183358745982;
  3.573658836748058, -3.572288420732479, 19.51828210967463;
  1.775654270387105, -0.1703046816238211, 9.410402421018768;
  2.005023720091449, -0.7652318645789367, 10.38367733030519;
  1.790981492983357, -0.4295238421198263, 9.377790945476708;
  1.835384981619933, -0.4328330370518042, 9.365452382348227;
  2.006715295571659, -0.7387055257815984, 9.908183587168161;
  2.235127283132627, -0.7176186834342123, 10.81414413670881;
  2.214701340796621, -0.7940475942735352, 10.43322977452946;
  2.289664703140487, -0.7231406759815608, 10.23394863561807;
  1.084039148169765, -0.03248146117050082, 5.213827929496185;
  2.59546864457928, -1.976484131372226, 10.98762056958294;
  2.691174675163678, -2.198702040909253, 10.97851798945451;
  2.850431047959012, -2.186429249936287, 11.08896013898535;
  1.517716134370927, -0.1317706524009497, 6.09391461937794;
  1.529767974512152, -0.2804533221680609, 6.107446333701637;
  1.529269490377239, -0.3425187419989713, 6.021521369564705;
  1.550017942247527, -0.2151994470061401, 6.01522337153621;
  1.519612998819699, -0.4571233429753163, 5.881126265598892;
  1.523558233439127, -0.2568950079569796, 5.876270710101474;
  1.59951258473451, -0.06411194427678069, 6.021768332221465;
