m=[-9.382278856494654, -1.428907472240257, 13.59592945686156;
  -8.799042091144994, -1.834945992868701, 15.57297389004306;
  -10.11172992352683, -4.344561831473074, 18.24957921385077;
  -9.234357091059273, -1.128324134400136, 16.76382189884509;
  -8.972623062231913, -1.593080356571852, 16.51987117145802;
  -9.094999768404406, -4.432999765309315, 21.28539693380879;
  -9.016886461768811, -4.028944701570769, 21.10009049235396;
  -8.71975626888532, -1.91779147367856, 20.53454852374899;
  -8.70850824036564, -4.115883958655631, 20.77085212438821;
  -9.010793550997603, -1.81585461340734, 21.58606745988431;
  -8.909241531828627, -0.6115645788692671, 21.44803926548055;
  -8.944464671304278, -0.1290061438439729, 23.37314386814311;
  -10.23149015769664, -5.094311988615371, 29.03472001966096;
  -10.70460524062805, -5.721781177047053, 30.34128651133247;
  -9.388618139463997, -1.019220684140085, 27.30321985210589;
  -9.700994442114327, -0.2468131167648426, 30.00167690484545;
  -3.773538179224135, 0.9139875857564216, 13.61326815432934;
  -3.402675272380149, 0.7055904228455684, 13.50341544540208;
  -3.216135068240044, 0.4790152238079876, 13.80943106656219;
  -2.325763205719249, 0.5763736279678197, 13.40216401722921;
  -2.413266741719127, 0.3761771762728214, 13.92270919944765;
  -2.338008976234326, 0.5044364885450986, 13.5650300453;
  -2.288742006457239, 0.7212758510782817, 13.32291538801325;
  -2.430700553012561, 0.1568458658670142, 14.1528711786259;
  -2.307936140862115, 0.9369917609770848, 13.51335295864276;
  -2.359458693787347, 0.9294681786185427, 13.877036097858;
  -2.312068489107295, 0.5705451066362928, 13.77205556714498;
  -2.409206914937927, 0.2049227798304282, 14.3518565850075;
  -2.292778363407805, 0.8624239786848277, 13.86485922879319;
  -2.276858013512705, 0.5067143281556905, 13.81919709060166;
  -2.416002305412453, 0.29316183881283, 14.99645168508473;
  -2.212326986801143, 0.8824003838020744, 14.33812720340287;
  -2.185914070544039, 0.9725154592873737, 14.38054389283159;
  -2.096875679007386, 0.5990788306014593, 13.96834739977212;
  2.007653182592524, 0.6714455073794297, 15.62107867666408;
  2.57476081659489, 0.1087571487245812, 17.46695704620679;
  2.958040548492932, 0.1637096041488555, 19.04940770510293;
  1.951899468156807, 0.6601781180380423, 12.87008551318684;
  1.923861055207779, 0.5863150792291737, 12.25842464069588;
  2.755498526960926, 0.1792768522509568, 16.79469798425209;
  2.032254624600417, 0.2186817910376206, 10.43810624841205;
  3.49887876911258, -0.104838183262199, 16.82831462232722;
  6.322940303436174, -1.069271933530677, 27.93698920242819;
  7.7451420220384, -7.11097924296179, 34.00446648068384;
  5.449752580953323, -0.9755418148997211, 23.12435110035799;
  8.285242894284775, -5.757322013108707, 33.09767498472159;
  4.592396522410474, -0.3987195445429617, 18.43933241013958;
  8.240130961173334, -6.320610130076737, 32.05637401188735;
  4.607021480663022, -1.031859467443949, 18.14021561955886;
  8.7992569624522, -5.700933150350615, 33.59602376178974;
  4.808143418382336, -0.2932773479700891, 18.41807110151482;
  9.070199066093581, -5.904474798002028, 33.78892368662889;
  4.75276320986777, -0.2789650927632053, 18.14469295985749;
  4.558933398834528, -0.9284470497882421, 17.34155742626959;
  4.86046019630954, -0.1948178190276821, 18.29842763945354;
  4.68678477266406, -0.4166058408710678, 17.66639732571694;
  4.585632678261524, -0.8308113942434789, 17.16117361146959;
  4.938223067047519, -0.09721507474093483, 18.28447113915808;
  4.504954786326925, -1.238337836306481, 16.6951608074524;
  5.01733810529914, -2.365826759040022, 18.25043118953751;
  4.701742831041938, -1.016225521946882, 17.13924004381615;
  4.942085928880426, -2.858114049806172, 17.89309816565915;
  4.867857696165657, -2.725388191419113, 17.56262542652337;
  5.037913501063589, -2.688205902511176, 18.08123016032347;
  4.567259513291974, -1.161256147309594, 16.43512439494936;
  4.965916398408032, -0.4811030778319139, 17.77342464414624;
  2.403406939068689, 0.8552635338757979, 9.139154738475702;
  4.899728984754144, -0.1960570427098118, 17.47566962796076;
  4.949587898337738, -0.3824039760504638, 17.63854860129146;
  4.755633607870325, -1.478069772720307, 16.97741125354688;
  5.121439051622887, -0.7280963419083992, 18.12469361064826;
  4.934703475086578, -2.304428196942829, 17.44651858523701;
  4.800010210255525, -0.9112108159224871, 17.00053042137845;
  4.977067951266625, -1.635361339848573, 17.54237409518511;
  2.406007834868428, 0.8418911243905529, 9.036907000379106;
  5.185579310136954, -1.931661300395685, 18.17660404589642;
  5.134587427003432, -2.92679971222251, 17.96209762148768;
  4.848088734989693, -0.798163228174316, 16.98794710466727;
  4.934051700045512, -1.691933958441293, 17.26829171151159;
  4.765150038057177, -1.0350192743074, 16.6248401250232;
  5.179288854549859, -2.249915052551124, 17.96177340596514;
  4.918973230601949, -1.614084819993706, 17.10681667443845;
  4.836412523543225, -0.8343899407144326, 16.73004674785813;
  5.107159989521711, -2.645983252184708, 17.57677639229024;
  5.119316458205395, -3.041738561742569, 17.59679655585256;
  5.046542872498145, -2.680858013805886, 17.34200831068922;
  5.123860221816608, -3.788655153604402, 17.52189111854663;
  5.175439143944556, -3.579527384024614, 17.63903859781321;
  5.057515381697315, -2.481193504263175, 17.22289926936962;
  5.150829041515766, -2.229278870102067, 17.50402789067245;
  5.015839443735101, -1.493279913722322, 17.06880537119507;
  4.947806917477004, -0.1537405664371985, 16.85202104951557;
  4.990377522321637, -0.8066764245587799, 16.97517465728286;
  5.167105272467834, -1.215027934126189, 17.52509089146789;
  5.201325160650645, -2.637118327134128, 17.59643445601887;
  5.256093480858517, -0.2861918818825893, 17.73990443129214;
  5.450969111087045, -2.042436674131061, 18.18856320036349;
  5.025566922124682, -1.174856227176438, 16.81196624095073;
  5.0581237562647, -2.876948147386783, 16.87823552161519;
  5.246517342324149, -2.27078599352645, 17.44867764864343;
  5.118576733406639, -3.018260144323273, 17.04634958553735;
  5.171136261313883, -2.790102083189, 17.2107449883004;
  5.495046992483905, -1.52691947979499, 18.18698886205358;
  5.039810464748211, -0.9451929164466224, 16.69930014895291;
  5.28394689331248, -2.417273878436479, 17.40440177503697;
  5.359573446189974, -3.641119108809991, 17.60687679563568;
  5.237599840004899, -0.5924352367018433, 17.19739510159596;
  5.2810573157362, -0.938239928501501, 17.28480981557365;
  5.330860300492018, -3.318934709830176, 17.42993601426031;
  2.60237844795456, 0.8774644276729696, 8.995828751392146;
  5.293351277930437, -2.343199022654118, 17.13451201009612;
  5.223583065756715, -3.330287113726274, 16.92442781385281;
  5.200377657719032, -2.74946382852755, 16.8552607856154;
  5.301286682280139, -3.024903835387259, 17.14221085425247;
  5.270308573561658, -0.4072703976027919, 17.03303338571413;
  5.317786780006705, -0.7389795142132349, 17.14329738983466;
  5.51268869598721, -2.28204471260343, 17.72751272401994;
  5.231068266853138, -2.823232892870389, 16.87600596371108;
  5.275293876567846, -0.866667847639174, 17.00205205501059;
  5.305283277393381, -4.027198138007537, 17.07367775441617;
  5.211387025248205, -3.36022822633042, 16.70947028587515;
  5.262278163586063, -1.187825797631224, 16.85500148800462;
  5.186236414487873, -1.506092124005639, 16.57178605497017;
  5.083952302272087, -3.579969538492778, 16.24922098841289;
  5.391455129253803, -2.758245476090145, 17.12271423762236;
  5.343471337505598, -1.430737883181723, 16.95771566905406;
  5.214838920993733, -0.9286980706303361, 16.56574791409729;
  5.229424714370165, -3.513866211560013, 16.604311821464;
  5.385215746229358, -1.760540479477176, 17.03845203731259;
  5.20349395960023, -1.557349416725831, 16.49088784578181;
  5.845935952753597, -2.232123915284415, 18.39257739572452;
  5.419393842287325, -3.422545980998697, 17.10273085357167;
  5.294768643374148, -1.278520829167466, 16.70747305280732;
