m=[7.401915081936722, 3.091470667370385, -12.96973509325529;
  -2.195880516543298, -0.1507336778949572, 5.286345798670655;
  -3.062081861606014, -1.711280840934757, 8.766691806892787;
  -3.073876155698178, -1.768829454009182, 8.841518749362697;
  -3.017826256675062, -1.755112323081452, 8.815009767895802;
  -3.043943562220689, -1.897670765189838, 8.967295264876208;
  -3.024664635594748, -1.653389267392734, 9.054744265338888;
  -2.941220329430016, -1.815426301587563, 8.844115621252653;
  -2.849604614226495, -1.643020065045984, 8.895550554170306;
  -2.843118925381274, -1.657126815560118, 8.901179388509602;
  -0.8526904095775471, 0.176816809859535, 3.383876486921286;
  -2.861138055865648, -1.853276394460535, 9.143474584022428;
  -2.766532375823487, -1.758242292850952, 9.045418020366162;
  -2.741877582123532, -1.855400438489562, 9.147685339888268;
  -2.808302972161498, -2.056845210622674, 9.477258994371731;
  -2.559733911472468, -1.649724217339629, 8.932894943462937;
  -2.678144674757647, -2.169349288225808, 9.400659373408093;
  -2.501841751189613, -1.652491463207181, 8.940551940578041;
  -2.551351535527568, -1.8499363607669, 9.118280465021176;
  -2.618453557786747, -2.098962722054439, 9.346383349787763;
  -2.587663161690905, -1.985622942489471, 9.250978325766486;
  -2.562131934698518, -1.948800104308438, 9.231543663871145;
  -2.559840153836708, -2.022924455284256, 9.284066537413191;
  -2.524198576563468, -1.905342478944721, 9.172920121345277;
  -2.437413682276115, -1.644165920407607, 8.916172342635234;
  -2.517399681066326, -1.878443814321511, 9.21544670138983;
  -2.530694914424405, -1.986018065390446, 9.257327537147631;
  -2.561708252852498, -2.106098728282592, 9.36621498365435;
  -2.498728671507946, -1.948421037272601, 9.219481663984503;
  -2.462285702624043, -1.901478072285961, 9.159653149258821;
  -2.496514260866561, -2.021303858294258, 9.27612174691347;
  -2.382561439708268, -1.653158788938228, 8.943649104756551;
  -2.457322887737917, -1.877977848840875, 9.213003862885749;
  -2.364943888745352, -0.5834806771645897, 9.027570030619996;
  -2.439599804348292, -1.953100661474063, 9.224738008473052;
  -2.358302676798473, -0.5079020326984924, 9.085831508421601;
  -2.339599625365729, -1.747015904441077, 9.009477320780663;
  -2.290869371599948, -1.591319551598496, 8.864644680018467;
  -2.254891458315796, -1.651271255142657, 8.91057641301358;
  -2.331142003046177, -1.881395617857631, 9.191523628809879;
  -2.377298525029714, -2.101636131504834, 9.339167188659216;
  -2.247514292335392, -1.589902900525412, 8.927840601502638;
  -2.257907935992443, -1.401538577867121, 8.972784716745817;
  -2.256764121971662, -0.4894413429946337, 9.046656478390688;
  -2.262419860463083, -1.880861599252868, 9.153894560592558;
  -2.211910339476824, -0.4242145839635179, 9.437339189120733;
  -2.238649427423706, -1.07715409476147, 9.715331415559945;
  -2.237838899038375, -0.3854851110194121, 9.859227573272639;
  -2.294275049918063, -1.46381571789549, 10.07870959646241;
  -2.237206285837553, -1.107490209154198, 9.85999048374177;
  -2.254076922856491, -0.215707648717702, 10.00574203941366;
  -2.189073621567833, -0.475032822044753, 9.763792291075349;
  -0.5746652363457853, 0.1278916416488089, 3.487882035264769;
  -2.242043526347099, -0.6190230063157289, 11.05481229687624;
  -1.496062617109001, -1.460382941405672, 8.195580649401215;
  -2.587404767111267, -2.692513799442578, 13.9746153258671;
  -0.5813019549529225, 0.1342219302126171, 3.967350784712538;
  -1.253160837728173, -0.1643495157325909, 8.596567095684735;
  -0.674090224319679, 0.1104512227412349, 5.478175897848118;
  -0.5362271924854849, 0.04386563838433845, 8.349839225326338;
  0.3453218564295713, 0.03932143186241973, 16.58136351374856;
  0.3916278403925715, 0.005778643179299429, 9.655519004451897;
  0.3587185775571431, 0.2814692614077474, 8.789957481498254;
  0.3818290248939071, 0.1064654756025544, 8.843923102665707;
  0.3854894799903293, 0.0251010684914136, 8.622580152565435;
  0.4618701902727687, -0.06611717454204637, 10.10541558147931;
  2.116155961160675, -3.936229029182594, 40.39338815845947;
  0.8558242090796924, -0.5354511254110124, 16.46666283211896;
  0.5050330619370176, -0.07711884018490212, 10.03713476191739;
  0.4095434446181028, 0.1379236320463882, 8.325011444268174;
  0.4252838384856917, 0.08576377234613861, 8.556661166007208;
  0.4205622259761805, 0.1918871422233954, 8.475635021264113;
  0.4112541567800129, 0.2695962105028924, 8.124941580843192;
  1.270116611237919, -0.9652545853636041, 21.27943083554031;
  0.4356620227553285, 0.2927828671968005, 7.573888776396263;
  0.9189539502593891, -0.4836493534907346, 14.64767714969803;
  1.525687267149073, -1.267468435167659, 23.39576847986729;
  0.4575899379422638, 0.1190803440543768, 7.51819634806222;
  0.9077473010035376, -0.4720890219108226, 13.42275253789335;
  1.792218005142708, -1.575988061346177, 25.07772510762025;
  0.4409949717530575, 0.3159020518154478, 6.894435250056343;
  0.4867265359854631, 0.1493863998911252, 7.473690214786959;
  1.709601461395595, -1.299453912857276, 22.92991101127634;
  0.6348251741586554, -0.0791339941726394, 8.487042014309099;
  0.555690323012204, 0.1792249700973164, 7.534160424877741;
  2.200718952029905, -2.174494786907572, 26.69011265048123;
  3.312238998476264, -4.186179852134452, 39.63223210124063;
  2.1307679561448, -2.124662812707279, 24.79581835576149;
  0.639617193382115, 0.2826678716916323, 7.825534628231787;
  1.222611342735652, -0.1916345602881175, 13.70027786463497;
  1.799333784747166, -1.342192117644152, 18.82743017207484;
  3.26666051786056, -3.634158734367717, 33.18288984478448;
  1.85386126088872, -1.365422061953239, 19.18162507092711;
  3.870030260970537, -4.396050497204503, 38.28923839840491;
  3.544488718179141, -3.772904397797049, 34.34162402461074;
  1.783002241379164, -0.3523929114524124, 16.83405932027554;
  1.897920348223269, -0.6193332749761806, 17.76803969003161;
  1.985818338098947, -0.2863370749483499, 18.31337138438123;
  2.55412739736041, -1.555343904113293, 16.59840699838574;
  3.008741158218736, -3.228897505511297, 19.0446862647765;
  2.933666094659726, -2.927725307103573, 18.23416076858824;
  2.637161070544871, -1.534499105239877, 16.39227600616638;
  2.693767576467268, -1.478823137137788, 16.42728196737008;
  2.028105786336458, -1.332704214618659, 12.31536313461857;
  2.0872488278115, -1.512245359521299, 12.48136925951364;
  3.243725659468772, -3.230846391201277, 18.77479810097039;
  3.073221743489863, -3.112263643880861, 17.52512155900806;
  2.00136760175793, -1.575352376004527, 11.44425958802733;
  3.108336078238431, -3.107144102804286, 16.97682493999484;
  1.435978975943763, -0.3443850253992493, 7.51895577439419;
  1.483348406082741, -0.3498133645204352, 7.569108935030408;
  1.635978884940214, -0.6022312407914761, 8.077667605608509;
  2.047347584439342, -1.59831531926002, 9.049284406139003;
  2.96448695817669, -2.906706741049983, 12.36761346441939;
  2.067577251913308, -1.574487766333724, 8.752852549296325;
  2.180915978702128, -1.781818347830702, 8.89694211477145;
  1.130863426558536, -0.3091220058721391, 4.538938777689412;
  1.175557610388148, -0.2632959830762987, 4.628775579875395;
  1.194824933760429, -0.165885605583094, 4.636810110745287;
  1.211831083568599, -0.107719029580448, 4.567884051097108;
  1.204390026050319, -0.08527634574109544, 4.49605449033492;
  1.228246926654202, -0.1380175395947306, 4.499101258044031;
  1.266339593786594, -0.6757125881343629, 4.544932669358453;
  1.264514616577193, -0.1225074739868271, 4.52580217749158;
  1.237837651895465, -0.04953065570373783, 4.414946607227764;
  1.195737484852448, -0.3716399492055239, 4.268732351042663;
  1.21462397681817, -0.2305783647273914, 4.301918321822429;
  1.263967750458701, -0.4708360324827007, 4.430486923989105;
  1.295604898369392, -0.5389734567332536, 4.483850997881216;
  1.229726188248258, -0.2671039309974073, 4.290316383304647;
  1.285429954680783, -0.3826890300923239, 4.37429346789696;
