m=[-8.692770557567354, -1.798636304567278, 14.45193776863896;
  -9.09465849842459, -0.5319368552052961, 15.83937760398615;
  -8.989402499514895, -4.364497942257197, 20.12099574658602;
  -8.730455809991618, -3.897937825458872, 19.54333181792844;
  -8.668639358025873, -1.895248585292364, 19.50060619025721;
  -8.569251284480041, -4.046436910362114, 19.53755488719491;
  -8.774069069365153, -1.748243396183262, 20.12382286229455;
  -8.667175394607474, -0.5722115093177945, 19.97208875719826;
  -11.13901462490187, -5.944715396286158, 30.6436270265496;
  -11.47881250076451, -6.794030563133598, 31.83959782161006;
  -9.002345791971331, -0.9408968795910108, 25.3255463258665;
  -11.89730048519804, -6.656667277690644, 33.28521345725797;
  -11.68733064940235, -6.800224676174636, 33.34581486020892;
  -11.77287509947208, -7.356469500436413, 33.90648565369089;
  -9.012857648744095, -0.2022153603475805, 27.05778008002709;
  -3.811935266670643, 0.9506641154927366, 12.83722793696432;
  -3.688639788320849, -0.04626576308314407, 13.24628954085975;
  -3.405935453435889, 0.731907243149541, 12.61863313424147;
  -3.271643248458159, 0.5110848647653683, 13.14483993070363;
  -2.431778306697375, 0.9713951654677915, 12.69562119875087;
  -2.727892785835296, 0.2473109822469, 14.07598024522926;
  -2.38131828164312, 0.6169280234558439, 12.8473579662687;
  -2.41609822752915, 0.5475567611075529, 13.13759535791931;
  -2.416518429441128, 1.011927137787351, 13.25169312948628;
  -2.497310291254185, 0.1904130102651788, 13.680105141591;
  -2.361308300287443, 0.958883374556375, 13.03116963944826;
  -2.348145029421668, 0.7296775551814654, 13.02232072571793;
  -2.338799395637664, 0.6039402686292879, 13.07382468299019;
  -2.515187974680113, 0.2417789670976157, 14.11020695799741;
  -2.323497854287341, 0.9049392178750442, 13.1931300903231;
  -2.332903860137142, 0.5486446099288379, 13.30013733257886;
  -2.346329079728717, 0.5071699196710633, 13.62826747964317;
  -2.373058113275991, 0.3240946632746978, 13.93659768101833;
  -2.215740133556136, 0.915767395358031, 13.52711279634823;
  -2.14189005206706, 0.9833487266189528, 13.27153729321253;
  -2.23442449777411, 0.4082631938634454, 14.11813081365616;
  -2.327313948546848, 0.5726487353644902, 15.08982391158341;
  -2.168073783548832, 0.4825267830165167, 14.32310120445464;
  1.986655394282224, 0.6739567714137027, 14.24934304763605;
  2.500719331937544, 0.3018224938147133, 15.75034511209811;
  1.85828359504799, 0.6401325599937032, 11.13927233790909;
  2.856584196483539, 0.1981304106666913, 16.18819194265895;
  1.951976924966964, 0.6621652970587449, 11.29226190941465;
  1.87728461692126, 0.5754143066268962, 10.81197498850563;
  5.098590235995093, -1.582888671343097, 26.11969367476409;
  1.939228326150819, 0.602968593934772, 10.49319115361483;
  6.507788701577961, -1.267646578866274, 29.11479376837807;
  3.119933894555875, 0.05550490779110887, 14.2919777040682;
  8.160983316206183, -6.255911751870354, 34.82757770597682;
  8.239972851878687, -6.357013199975315, 35.11745042905844;
  7.943550890454131, -5.609377170948171, 33.20276335255006;
  7.368736542154942, -1.763812797835866, 30.73793064437469;
  7.416706115215526, -1.963085255526635, 30.60163995480108;
  2.010045506772662, 0.1771223582213332, 8.982907255525344;
  8.056073507914977, -2.485393322366952, 32.78161338709622;
  7.094576482719588, -1.23839573880559, 28.62185962831696;
  8.071264789038569, -2.333753746702173, 31.65432630460243;
  7.885116789019031, -5.415088231463358, 30.3770377699077;
  9.237251415653887, -7.187959395485099, 35.05682641822915;
  4.740475842529605, -0.2674536204467773, 17.98370276817835;
  9.545036999919578, -6.154805867620745, 35.23082975636277;
  4.593378349402046, -0.3746944400318518, 17.32325891666121;
  9.725225466670453, -6.265284985262015, 34.98172374798106;
  4.679103404520171, -1.020345336729821, 17.29114540549816;
  4.763959874805797, -0.9573445106926865, 17.33797950850422;
  4.801105322922481, -0.4866951470029044, 17.36358778609832;
  4.643324861401098, -0.9185828320651377, 16.53228578096527;
  4.867103681970677, -0.1726483123232952, 17.20932415097366;
  4.953746120721842, -2.181576109941177, 17.40004562198812;
  4.684352165602641, -0.8217981664150534, 16.39886664292192;
  4.918958586485714, -0.07683909757358995, 17.10620002247606;
  4.733084611848096, -1.550443588704009, 16.42511754423729;
  4.73264622765632, -0.8575327301934547, 16.37205681399056;
  4.731188443459401, -1.704064897120247, 16.19822188180527;
  4.743741824060736, -0.7328570395883627, 16.22537679990813;
  4.693045212707639, -0.9887761103762071, 16.00537791250428;
  4.966104740099942, -2.832420541300296, 16.86946612040635;
  5.035245737443162, -2.777740002012416, 17.0229536881832;
  4.803165916209949, -0.05249954522251312, 16.22625631454917;
  4.945839550661586, -2.605271650227892, 16.67015732746848;
  5.016724299791791, -0.4609133214147155, 16.8383376340289;
  4.737504631129333, -1.177839770862182, 15.90657494205009;
  4.893454751646257, -0.3557479977082778, 16.34606985383673;
  5.182226747538293, -0.7139092700007966, 17.22221809507363;
  4.777410729436086, -1.456743892313716, 15.94976516667514;
  5.123019399303309, -2.425990006582236, 16.9871786216725;
  5.105965569229109, -1.933749535423795, 16.88285221938118;
  5.371807120008291, -1.963167962714502, 17.68375369485056;
  4.953295061716076, -1.59492498043791, 16.3606124748277;
  4.777060601338232, -1.264965973592231, 15.77897014566974;
  5.221673769229179, -0.5602074311400878, 17.08808838136144;
  5.118584081002927, -1.799447247112856, 16.74784367500925;
  4.983660544645791, -1.678181786109034, 16.330918185242;
  5.143803851058222, -2.210798310601893, 16.79127113581687;
  5.228935633114509, -2.234002587963753, 17.01989564398966;
  5.121350771047666, -1.653423854255596, 16.66941804431218;
  4.941619324805565, -1.048948641231313, 16.10215456662571;
  4.859923959905493, -1.300343130433336, 15.8023449537172;
  5.170907112473698, -2.643891367019704, 16.68577234407761;
  5.081220645369812, -1.734067396087195, 16.31642355054181;
  5.177987426554391, -3.779232568956108, 16.59063673937725;
  5.290711172452474, -3.613943065058646, 16.90688435835532;
  5.032128931160706, -2.682367646184423, 16.09620803972727;
  5.0645311521145, -0.4722550069356005, 16.13748620923009;
  5.183721196070513, -2.275631186273508, 16.51092716982515;
  5.149658348124418, -1.503582777848252, 16.39792189299645;
  5.058269604047346, -2.446381330318306, 16.12872258868739;
  5.014338826498739, -0.1378542971968184, 15.96448092411579;
  4.962699163751534, -0.7771951662698461, 15.78901795315528;
  5.039863446663434, -1.157115600447017, 16.02147044958264;
  5.191545471027043, -2.596279258925795, 16.46845972141433;
  5.168851272798476, -0.2568361523653616, 16.36385530671881;
  5.438340095476019, -3.368920764239099, 17.194459596837;
  5.203739820621752, -1.86266277163309, 16.4658670973803;
  5.246691780787293, -3.651002930681791, 16.62955769378817;
  5.268283892386658, -3.936165419931527, 16.68669625234309;
  2.288175755453166, 0.8346212219731176, 7.779849884542634;
  5.703198396139558, -2.103530013428709, 17.88168269802759;
  5.087036941497724, -1.166139798137559, 15.91079871793367;
  5.180063753086396, -0.1818404868601528, 16.17016348347029;
  5.271357885314099, -2.581623869388892, 16.45123740841092;
  5.350878565640164, -2.28206414649502, 16.67892210685075;
  5.211115144932005, -2.921269135123495, 16.25755823138473;
  5.361280001142053, -1.448976397902099, 16.66804261022081;
  5.131897587937226, -3.35051046431089, 16.02476807505685;
  5.170212519603127, -3.009213402758007, 16.11242645825133;
  5.076854946924654, -2.698699351144346, 15.81790044017629;
  5.452505736766638, -2.59560618821796, 16.83393036464468;
  5.143188322635325, -0.9401362930167494, 15.92521418627378;
  5.429440402521944, -3.6494020022, 16.73166190368204;
  5.288222756319703, -3.340082762613607, 16.26992243496452;
  5.051774154267137, -0.5425011846899636, 15.53007126590197;
