m=[-8.500884929060808, -1.774599156923747, 13.2250378173533;
  -8.414588955515855, -3.58200738006685, 17.86215460667913;
  -8.582215862745981, -4.173666543878726, 18.36730831240013;
  -8.415825408469344, -3.795489161739277, 18.01578941512469;
  -8.338730113182963, -3.968772068456402, 18.17575253839769;
  -8.323183308962896, -0.5576304695237354, 18.31651624187959;
  -8.123859241697682, -0.9950737483028396, 21.50136524696445;
  -9.558228048501771, -5.108689968861926, 25.13483388048919;
  -8.456069521637131, -0.8656611407688337, 22.9823403511197;
  -11.28828281530475, -6.076167444999969, 30.29295694546783;
  -11.06453783127251, -6.58159867576323, 29.949090561353;
  -10.77916870387078, -6.070759823225653, 29.48132678816678;
  -8.743585300276198, -1.019090143348372, 24.21033395557233;
  -7.694179335965226, 0.1362249206478968, 21.7944643587916;
  -10.77588460044785, -6.488336750717397, 30.08065553259881;
  -8.327091772880953, -0.190877186970235, 24.22333715776788;
  -3.742326175947841, 0.9527522124785359, 11.68217649678875;
  -8.582506488764967, -1.595858515896933, 25.64022021569344;
  -8.589544704175896, -0.9081069912817559, 26.57705798670784;
  -8.107436045932262, -1.341584611819477, 25.48951733580293;
  -3.65097970476988, -0.03056128027260197, 12.20517179593746;
  -3.390862540564042, 0.7449677433427425, 11.63312850529574;
  -3.071442428305845, 0.4955423652267501, 11.47638581508689;
  -2.472268360230896, 0.9265796674260877, 11.8337899534255;
  -2.509324275692793, -0.03080228152961031, 12.11046771450497;
  -2.475154613204237, 1.016761036150672, 11.99156652598745;
  -2.408292016526628, 0.7082015355624192, 11.86952002770688;
  -2.408391082854505, 0.9442356835507284, 12.07343592538859;
  -2.427298167862457, 0.6572959475435397, 12.17984670497499;
  -2.394491378046766, 0.5687165559422748, 12.13346428345963;
  -2.327110929534785, 1.007600211648855, 11.89984098343794;
  -2.314143992909333, 0.9708712003260337, 11.88888651194651;
  -2.311329372132965, 0.6254741892640594, 12.03931050976563;
  -2.249773092431735, 1.103561644492524, 11.89369153044358;
  -2.286931274510125, 0.9194702214412992, 12.09985723057086;
  -2.280709262157224, 0.5647282416864174, 12.13677682110401;
  -2.362260693114091, 0.5355724443124279, 12.83002035215142;
  -2.299014068143508, 0.4548440675554084, 12.53575030608575;
  -2.291613322346704, 0.4625968926552835, 12.83645751893933;
  -2.213016109670801, 0.9447234678003624, 12.62071299391819;
  -2.087710524209332, 0.9944858775790393, 12.07882686598006;
  -2.269017351709587, 0.6981310565347203, 13.22114294139588;
  -2.25799380258763, 0.5839511670973828, 13.81100154707762;
  -2.372625373001991, 0.5573672944735097, 14.73181315772943;
  -2.20697375277471, 0.7979518836841053, 15.27400938193523;
  -2.091878948691057, 0.9096576845815961, 15.00204294480291;
  2.080849101854328, 0.9346486353187606, 17.71704955408727;
  2.206766888787655, 0.1651968184252592, 16.38013466533474;
  2.135963176735229, 0.9323083330021728, 13.2564889341044;
  3.192020175098423, 0.2214712472395392, 17.2723983720354;
  1.836792509738373, 0.6564808669973609, 9.907479594156113;
  1.988364141451751, 0.6998399430588147, 10.36980895523127;
  6.2204017273041, -0.4869827197844075, 30.34239362826594;
  2.068761280837767, 0.6597376319636773, 10.69058840732345;
  6.445529959086791, -0.3717284378656814, 29.87213450009443;
  2.813454415267138, 0.08319849300370252, 13.29295217247442;
  8.371709420004704, -1.074576925508936, 36.42028199893767;
  7.880637866478811, -1.435354668316243, 33.76317424477209;
  7.334163205509461, -1.19802301638865, 31.06853409688431;
  9.014463044618891, -2.106667659203724, 37.99012440301265;
  8.255652286136938, -1.608080439312863, 34.82145944567725;
  9.136812555690391, -2.696604515687004, 37.74247780723814;
  9.126315746031242, -1.902301593063257, 37.34326027172237;
  9.205696604880236, -2.108795069683826, 36.85314134459561;
  3.202717092764354, 0.05527078443050802, 13.31189061177111;
  9.366754966333458, -2.341862761058891, 37.0960292415599;
  9.902642028508993, -2.92879448792293, 38.75098959013362;
  9.526323480784694, -2.273282943325091, 36.98669006779225;
  7.989013203120386, -0.8628470605540903, 30.27202156205133;
  10.1077468780882, -7.97820864906236, 38.22273321317469;
  10.08827585705904, -2.756569498192675, 38.04171559764658;
  8.750689881617429, -1.115715900234432, 32.82503539876107;
  10.89682706126337, -1.947783320525872, 40.42715432380508;
  11.93811774145308, -8.007156278866615, 44.06591114292569;
  11.15211316836571, -8.465232681982783, 40.70350080440599;
  10.13728112763018, -1.549497733473644, 36.75885488365035;
  11.12791593594248, -6.991454857536714, 39.54402369703838;
  11.40762642286029, -7.171814165987907, 39.50806469525292;
  4.994549542800086, -0.3439365459428448, 17.62546350907803;
  5.065604403742944, -0.6967997049241763, 17.53619334325429;
  4.954521738453941, -1.011757446157743, 17.12260108959576;
  4.984140544046639, -0.6022590975653757, 16.99056128078014;
  4.923736778953796, -0.9233739388831812, 16.7638387515668;
  5.367553578528517, -2.278507797623016, 18.13257709683128;
  4.959097938436408, -1.184012077960438, 16.78306654387738;
  4.935834531506719, -1.382890322873174, 16.70244527307362;
  5.15991392494423, -0.770153504434496, 17.36975753512657;
  5.212487709008711, -2.061849706195944, 17.52599277177047;
  5.419460682581136, -2.207486266839606, 18.10564829814153;
  5.122414583136631, -1.044221352598647, 17.02115673739846;
  5.145359750136939, -0.118441701635279, 17.02803831306859;
  4.788753591959304, -0.8832414480081757, 15.90478684991787;
  5.011011650735223, -0.4996570125356527, 16.5689433334125;
  5.109481422792195, -0.2815860653576109, 16.68186554520247;
  4.87582574830934, -0.7914386888617453, 15.91717567440874;
  5.1724877393181, -2.057459348477359, 16.79465710821137;
  5.251767024422269, -0.5995638671457196, 16.94011899202648;
  4.918358532343151, -0.8297630257094841, 15.86495775999802;
  5.145176516799433, -1.573115458148712, 16.42024481752354;
  5.098107852319673, -1.763420753811112, 16.25324209401484;
  5.011069380354797, -0.7112902721727311, 15.97497698602201;
  5.227935134213527, -2.896084341321763, 16.56540476263961;
  5.17688443021653, -2.775036613684476, 16.33874125267608;
  5.364698332293854, -2.735460303267713, 16.85397615574872;
  5.355194894178524, -0.4293648759285648, 16.79877084226203;
  4.939882663753062, 0.002097414262686012, 15.56326575269633;
  4.776206668072947, -1.314613867831731, 15.04401343226197;
  5.158266031537662, -0.3101198016473037, 16.07645135997671;
  5.240244391429479, -0.6588811383830674, 16.29727064547225;
  4.803211204324616, -1.127681300051991, 15.00698430248512;
  4.917518837125543, -1.433367016260171, 15.27764418599162;
  5.260718215550724, -1.915046928738272, 16.24088225234383;
  5.282744721193374, -2.974181357360155, 16.27944308777385;
  5.659073720855695, -3.083152050626218, 17.31816339190661;
  5.011575321951068, -1.542345563083283, 15.42828706659791;
  5.250012503642047, -0.4966739046669392, 16.07528193031698;
  4.945130220012543, -1.242715922109526, 15.19170061973485;
  5.094988346929127, -1.793410070625739, 15.61146644228728;
  5.253881947389682, -1.694722973665879, 16.04438367471594;
  5.421496869687167, -2.250206416207078, 16.51641289930132;
  5.141027476424734, -1.737956271945656, 15.7021776036464;
  5.533755857425597, -2.271050054819861, 16.81922115627465;
  5.501853591904314, -3.386748070226786, 16.69715849746677;
  5.103078291316552, -1.0148939178134, 15.49086930666303;
  5.440843352650039, -2.151264025037039, 16.45512263523827;
  5.226948958994107, -3.14960290739703, 15.79942300050107;
  5.211955071210793, -0.7092513740914622, 15.62936543936148;
  5.349716848411047, -1.75738811482257, 16.01218357241675;
  5.29533907636162, -1.596770042831577, 15.85489366591175;
  5.18166220659382, -0.6482771677883756, 15.49211389811612;
  5.461244574919132, -3.884763465331691, 16.2939090895692;
  5.598795008426562, -3.723009458907846, 16.68272381792535;
