m=[-8.656966621485301, -1.796353121466218, 12.52514541177755;
  -8.545256451642148, -3.622827925375484, 17.26113196714616;
  -8.738817183013666, -3.945939492682675, 17.8287125337325;
  -8.700033562715667, -1.206739938874275, 17.85742948669492;
  -8.623406459205461, -1.665307351226464, 18.00787117009483;
  -8.559794070617587, -0.5419432725964873, 17.92261309395036;
  -8.803014679895435, -3.762972317100757, 19.01433218395588;
  -8.534013988124656, -0.8097618136271388, 20.89594855863443;
  -8.515502813123248, -1.001899946653797, 21.65474426453482;
  -11.5694622553801, -5.711006522985873, 29.28153014506206;
  -12.50002892028625, -2.776985902876767, 31.80742562223417;
  -12.54390338005899, -3.843628900424713, 31.93093036686631;
  -12.5311370011456, -4.255909612878968, 31.91680305042614;
  -12.59741370893843, -6.487043647157575, 32.12866656043038;
  -12.37659531663378, -6.168550781808167, 31.60529891929819;
  -12.41453067511371, -6.093494186820013, 31.89907955336332;
  -8.679823500831573, -0.8363048709932791, 22.73948580453477;
  -12.47492279550081, -6.69166821936509, 32.68866413689337;
  -11.65809103465036, -2.451437004714696, 30.64121735850858;
  -12.1146640016646, -6.819693658747797, 31.91144410678571;
  -9.116825963710546, -1.017660289128924, 24.39814524546148;
  -11.76921424294638, -6.994458345906518, 31.11182910736405;
  -11.79709730931117, -6.620333122914244, 31.47743762819272;
  -3.645296517089205, 0.9646280325613796, 10.44793363129227;
  -8.281321719139781, 0.2024052146365224, 22.54639452027303;
  -11.61132383769746, -2.659550274150362, 31.55216985027442;
  -11.67236496278681, -6.81443396022966, 31.79678703919905;
  -11.12326421889184, -2.70981641573135, 30.59724568055409;
  -11.76780640676119, -7.383087523651361, 32.40808761659928;
  -11.92611143385325, -7.319576211229974, 33.0613547679614;
  -8.897448286070302, -0.1433285043814884, 25.01135943058352;
  -11.58670560975572, -6.368310386452901, 32.44922602353262;
  -11.41227550273653, -7.053787459238253, 32.0084614256396;
  -11.29865321904616, -6.783903975623247, 31.95854812671428;
  -11.37949030776711, -6.386756677271337, 32.42533933323989;
  -11.01266289698186, -6.352596885028931, 32.09200808244541;
  -11.07012322119519, -6.446143208937669, 32.34098915013275;
  -3.337267561025796, 0.7689794280930462, 10.5118083983281;
  -11.03129112978293, -6.637574687866522, 32.46317435736454;
  -10.81146980295953, -7.03065641111469, 32.57791670450803;
  -9.270896939103416, -1.476829978848131, 28.25908662482678;
  -8.903182530560793, -1.633900762398127, 27.2848839228393;
  -8.34736919744147, -0.9975255237647169, 25.7687678470097;
  -9.325720617169484, -1.175962704544923, 29.0142549396942;
  -8.870173678470227, -0.5835009246638719, 28.19205322252262;
  -2.977477727093074, 0.5217279894473627, 10.21077429042252;
  -8.789895486118722, -1.46272514263953, 28.3046652268031;
  -2.969076072325479, 0.5340636577501839, 10.42501631853779;
  -2.321781534345156, 0.9996648057445409, 10.3717011252936;
  -2.327125660050437, 0.7305415179653751, 10.57168572693033;
  -2.317006107203393, 0.8757051905525802, 10.5444456303561;
  -2.393296202017625, 0.4367972513510119, 11.06813535620894;
  -2.252363328009506, 0.5788175427742232, 10.54572212171931;
  -2.255729733366321, 1.023860878363416, 10.6288889490784;
  -2.23795402614205, 0.9873819074848271, 10.59719355975153;
  -2.228361167464594, 0.8521115916087307, 10.62082720942147;
  -2.208454718898877, 0.6425770336081388, 10.6210795013393;
  -2.203082493587798, 1.128950326646921, 10.73078653140537;
  -2.175259029468174, 0.920618584644754, 10.62522551183946;
  -2.208997474803725, 0.5883370274382664, 10.85955979966445;
  -2.235976071192924, 0.484388322197907, 11.30413892051526;
  -2.294507795228091, 0.5781849758212285, 11.59903709009145;
  -2.223383404259154, 0.6023055230696709, 11.59011894241947;
  -2.096366803439438, 0.9471091490352243, 11.09550807249128;
  -2.052639913781616, 1.038650091424158, 10.99264475585534;
  -2.220371960012111, 0.523573409501797, 11.89375377337573;
  -2.308008259702539, 0.6452665831377853, 12.32651467215667;
  -2.17481052719375, 0.2893081025486826, 11.68920586858256;
  -2.04661153296596, 0.9344052095468262, 11.08984143142023;
  -2.251113708535216, 0.7296937250502121, 12.20774240607013;
  -2.238349972577138, 0.6411089539284125, 12.83905619749607;
  -2.110097769394156, 0.4403137656629834, 12.21945425971024;
  -2.064142784219105, 0.5386684559737235, 12.08065595946122;
  -2.168906476576848, 0.8360366130126644, 14.17109571966417;
  -2.031148735790482, 0.9419364714776438, 13.74585387378767;
  -2.120285393099177, 0.8698645722841097, 14.64673529851426;
  1.94864175899553, 0.5740047050015781, 16.09455228818447;
  2.220989018302648, 1.025575620868372, 12.625436158526;
  2.500643621715803, 0.4104605135133594, 13.54670082663804;
  3.001218093676255, 0.2781773333315051, 15.13564460975828;
  5.445456105784193, -1.284095276492113, 25.67393156662075;
  6.174137529430402, -0.2284533903238339, 27.3391447498675;
  2.12298904507316, 0.7985209165867362, 9.936937039224677;
  2.110459609327357, 0.7318284547885606, 9.835762840964405;
  5.922687286485309, -1.249744665124967, 25.606606571799;
  3.56947338837875, 0.1813012346909422, 15.46463587452839;
  7.030474752813563, -0.7600955014984598, 29.40241553290894;
  6.625908099486649, -0.2381057174699375, 27.33334488544832;
  8.291818291019471, -1.908202503580517, 31.59075009774513;
  8.355227716855312, -2.311822212916065, 31.48390194361328;
  5.743374678065599, -0.1830205354364996, 21.94498128774739;
  8.165858211908322, -1.790470029945721, 30.50397125901327;
  8.430736623522627, -0.7084468532914996, 30.67032669963791;
  3.490818973986788, 0.117265027977059, 13.27897833393609;
  8.390813713745235, -1.358608424701618, 30.03322188267271;
  9.393087298384883, -6.089787059129634, 33.46857746570765;
  9.545034997631317, -2.850727455362898, 33.85624354622958;
  8.678338721780968, -0.8508666061236159, 30.52096177147093;
  10.15460410651223, -6.199362573073643, 34.81246447188373;
  10.18142282668827, -6.183634329785096, 33.97075639023497;
  6.016575613475963, -0.708867674874138, 20.22631632588719;
  10.38169795867667, -5.993087626997642, 34.03880676058896;
  4.938637361287499, -0.7260427301768696, 16.21662584942952;
  5.019671303795505, -1.049023479780208, 16.45617400306758;
  5.235014060284735, 0.06638382289345005, 17.03797133488352;
  4.864676985499191, -1.115812393353204, 15.895328416299;
  4.920358108370795, -0.8217754273948272, 16.02503242195217;
  5.091630815183046, -1.618563075608668, 16.44089148638392;
  4.931679232962855, -0.9145290956748378, 15.91803136912128;
  5.12658281358687, -2.050246718324954, 16.47272215757355;
  4.971522233638207, -1.508977651456912, 15.96981134517006;
  5.169135097198097, 0.009752606040386521, 16.47558059429619;
  4.791054587481118, -1.148839528302727, 15.3494735965332;
  4.883760612169591, -0.3387923083780619, 15.61605554840124;
  5.043129429526472, -0.5185182636071601, 16.05490223200664;
  4.774079102014786, -1.611879888714817, 15.23105967881804;
  4.981577524962193, -0.8403875677685986, 15.82308807248895;
  5.275143548248593, -2.128313420198179, 16.68423908523157;
  5.052160720799608, -0.2685704534399963, 15.95623554158433;
  4.918039300525023, -1.079102368042545, 15.52611165584638;
  4.841220712098792, -1.262518269971268, 15.27546581142685;
  5.140068515481186, -1.932604106859092, 16.1561857614435;
  5.058761382412862, -0.4417692748153378, 15.89643519599086;
  4.930988571707839, -0.6481949625350586, 15.52093324285423;
  5.353556517575466, -2.080963458979206, 16.75389485730981;
  5.135728223155351, -0.9525528599658845, 15.93628997085312;
  5.061180392197583, -1.099604449118456, 15.69698450554668;
  5.089339987260479, -0.2762975023428059, 15.70693717098534;
  5.391150922529278, -2.155754719146593, 16.54415950124787;
  4.820365067589838, -0.8007944620335785, 14.88998384928688;
  5.06874048051033, -1.900835140397673, 15.55749879880798;
  5.278575784813898, -2.21766493227788, 16.1029468074471;
