m=[-8.754655077991988, -1.792526611719576, 11.69687550896857;
  -9.527829716395891, -0.9595276335051027, 12.76824746788028;
  -9.616935643717996, -0.8854587730038915, 12.93450153519607;
  -8.81011213245354, -0.36157881038903, 11.95311227261302;
  -9.541900184493066, -1.648297957031939, 13.52032641580347;
  -9.107033650880984, -0.4689387997766633, 13.00689811360104;
  -9.01354688784126, -3.790187572659633, 17.22854432445267;
  -9.278569403830099, -1.227485842337396, 18.03674459435688;
  -9.265513293413346, -1.743317913745924, 18.33939524673751;
  -9.142539162860201, -0.5346617624517571, 18.13280356059649;
  -9.289350067690673, -3.929800193825562, 19.08948409211891;
  -9.585405624877888, -0.8504263213225506, 22.4243332775443;
  -10.71992182874194, -1.192565251190697, 26.09432374691748;
  -18.26488384487583, -3.950450074963992, 45.16873173276631;
  -16.94573437917158, -5.667088787366076, 41.9667360720321;
  -10.35174225068685, -0.8934980231541416, 26.01943468392511;
  -16.21450714938658, -8.274096963813726, 40.23511101042229;
  -15.88695938438584, -7.713284023854733, 39.69842432738146;
  -16.03527406207383, -8.137598071538781, 40.0545615960187;
  -17.41867144617298, -7.748069607398998, 43.47028465691317;
  -16.03669614114476, -3.267368028692518, 40.91342537085193;
  -14.37532280329365, -7.640400289163615, 36.67015652608774;
  -11.66457107456399, -1.219288042251144, 30.04165928663534;
  -15.23680093640685, -8.50069652684142, 39.04285448244401;
  -15.00803724082132, -8.349191943042875, 38.9428919229185;
  -17.94605263899459, -4.135250754872194, 46.52405762402034;
  -16.58033966382912, -4.79092799065511, 43.13529666869101;
  -14.53460857395978, -8.326496724477286, 37.93572695685644;
  -15.80385369630977, -3.505414212712178, 41.72604602746434;
  -15.01854779686262, -8.689816264049799, 39.79760751855421;
  -3.085020720578105, 0.7421349608337539, 8.832156067794488;
  -14.86876180722309, -9.261510606263723, 39.87118076486349;
  -14.77510196366595, -8.991503631194552, 39.89531157983884;
  -10.88491741914518, -1.636180508839537, 29.84709951724428;
  -14.51026664713547, -7.900806133131225, 39.56064382243703;
  -16.18275517179814, -9.911960485031804, 44.16072559146728;
  -14.24311031054237, -8.134319533835599, 40.39121126954714;
  -14.10816134878493, -8.131205993604027, 40.11620747537173;
  -11.36886410740186, -2.018427847748563, 32.8137054094221;
  -14.10261739822943, -8.403855435328415, 40.40269628612315;
  -2.839699821260586, 0.5327226277525986, 8.832719375118048;
  -14.27525709000382, -9.356657518118782, 41.45292994714416;
  -14.07034303363698, -9.074198892071514, 41.05081914338784;
  -12.3054290726112, -1.859389434287986, 36.31738238628773;
  -14.16438199581222, -9.123094572196335, 41.55370365881009;
  -12.54801303528505, -2.202839434158696, 37.18951205225982;
  -2.717607131912575, 0.5231963643485539, 8.674468502831196;
  -13.58260998970985, -8.10147554227281, 40.24164957649685;
  -13.32416931416458, -8.992009429750004, 39.6824319173028;
  -13.75140543521436, -8.712046832903852, 41.02626083885385;
  -13.75998503258745, -8.812130087001897, 41.00770458471892;
  -13.58688075998296, -8.977934187500321, 40.53881312648962;
  -12.66967223218968, -1.504115897623171, 38.2051150401613;
  -2.669883046513122, 0.7759099206119248, 8.740773100919231;
  -13.14372114311587, -8.000275407946411, 39.83203763814885;
  -13.59309448550267, -9.27377536683715, 41.20082297381858;
  -13.20179123083307, -8.904931709373447, 40.25973547974404;
  -12.69086465263239, -0.3579000439441616, 39.03897263604038;
  -13.22773616267691, -0.7699921352666285, 40.70324710388045;
  -13.50920445143219, -1.485236674029282, 41.63277106788217;
  -12.69683665548855, -8.089850768388534, 39.26356087730552;
  -12.78360424515848, -7.976330273689227, 39.68439206748266;
  -14.18949210860689, -10.37726353355689, 43.98169524134976;
  -12.85272113365822, -9.069796486335735, 39.93332904564067;
  -12.91715827375602, -8.948849799049382, 40.33640774272715;
  -12.64456606675958, -9.675508928127529, 40.02592890537827;
  -12.3914527041796, -8.109163296859437, 39.30287594725876;
  -12.73737125032527, -8.166365764000352, 40.53240119386282;
  -12.55568734926114, -9.381319950941144, 40.19881816963667;
  -12.57842736510315, -9.870391169829926, 40.3197180226118;
  -12.68124186148877, -9.373376256411207, 40.86468902305114;
  -13.04332147055225, -1.05230428560382, 42.51635900772003;
  -12.17707471020701, -8.959030217491677, 39.59946256726781;
  -12.1546437489156, -7.963395392375305, 39.60005460675573;
  -12.27920106770506, -8.531043912101559, 40.19342843333487;
  -12.42449094566794, -9.008500874173171, 40.67071728794367;
  -12.25655392895642, -9.399776552577668, 40.19274901861879;
  -12.27301248160065, -9.841495345678533, 40.24026774246534;
  -12.05571891629835, -8.260497591900366, 39.66727957568589;
  -12.14750494789036, -9.218669900054152, 40.12196666249324;
  -11.86746611300156, -8.112948083759973, 39.44380800586544;
  -17.55215497340211, -1.926252509102485, 58.33471441339535;
  -12.09011151518212, -9.114123940853879, 40.26625278757309;
  -15.26246540510763, -2.259009126987552, 50.97655585270915;
  -11.68241032710277, -7.823970318132036, 38.97693359664066;
  -11.89010684189114, -8.452959564051096, 39.88592100879453;
  -11.78600046236885, -8.296250617308573, 39.79034362902169;
  -12.1874747342908, -9.50497224925773, 41.26998659312118;
  -11.48293023194532, -8.045278771997042, 39.13877809763471;
  -11.56589653577938, -9.369816787671965, 39.47852775141952;
  -11.79238756967648, -8.12056712700223, 40.40607483257734;
  -11.5239091585308, -8.389957184801599, 39.60990320196588;
  -11.42426245473187, -8.697643184646598, 39.26910579398581;
  -11.83674092623249, -7.074884523962363, 41.00619786371378;
  -11.60307646604729, -8.390587995757205, 40.20980347131548;
  -15.32073296260352, -3.51018395828685, 53.16050817919575;
  -12.94346188288136, -2.906081735347499, 45.099390723166;
  -11.57909166682327, -9.694078688001131, 40.20123577654829;
  -11.17417276616483, -8.080636747387272, 39.17143626872067;
  -10.83283511803254, -8.053376371669895, 38.16384728887938;
  -11.01687969363232, -8.612701440094355, 38.83983059227444;
  -11.23936513822407, -7.758845733292362, 39.70076681599985;
  -11.46368743503356, -9.405549989905303, 40.79800810695458;
  -11.23780549297337, -9.594029751881031, 40.33419586653031;
  -10.75369380973987, -8.755572976439474, 38.61321323124136;
  -10.89787515455116, -8.76187629827149, 39.42458266032605;
  -10.61247069554481, -9.002974289576295, 38.43959209001113;
  -10.84616441767791, -8.358091013120443, 39.33683138150332;
  -11.01281559620142, -7.726061979561484, 39.96734531103007;
  -11.19641953259671, -6.87298932899792, 40.66037393253328;
  -10.55093659568111, -8.043061725826671, 38.51296263863868;
  -11.03247816194952, -9.730229628056238, 40.28356697123824;
  -10.41504999790635, -8.758224134429041, 38.01331572844322;
  -10.81382225749404, -9.465467934926126, 39.81071956748875;
  -10.75171501626402, -9.002238387086383, 39.62554904398765;
  -10.65929140624013, -7.936533185252031, 39.41528407709114;
  -11.04645812588882, -9.188404129814582, 41.07587176982489;
  -9.794003067991621, -8.441574478430272, 36.64038675839272;
  -2.035277718725666, 0.6735378064040438, 8.425707704786932;
  -1.972980906633308, 0.5425870086646554, 8.421583558989013;
  -1.987358471181423, 0.9421279073668759, 8.542226743733176;
  -1.968888724127546, 0.9068778101441779, 8.499759942555473;
  -1.985599409743435, 0.9854988851653412, 8.60430623766556;
  -1.946548230119629, 0.7820404828299838, 8.462701809104155;
  -1.90975930300505, 0.5909026431020319, 8.379203169230438;
  -2.01744766448941, 0.2532614546571978, 8.798413092964449;
  -1.915091843002364, 0.5467872677295267, 8.611592281649456;
  -1.938621166745854, 0.2809828529011627, 8.804480117752281;
  -1.976815869498388, 0.5332728406189349, 9.195570789312495;
  -1.934310239073505, 0.8940887550560703, 9.089656632079032;
  -1.844830213577985, 0.8756600332158117, 8.954076024676267;
