m=[-4.323693067555909, -0.1879900575968105, 8.455893351168934;
  -1.72294708977164, 0.4219142757536489, 4.418864471509563;
  -4.359379831848717, -0.3790891865033263, 9.68200960148701;
  -4.345650829821695, -0.4478599012408494, 9.875463028461633;
  -4.193696077866972, -0.4509958639654932, 9.743321712444196;
  -6.449047622486879, -1.30507825930467, 15.1383528639879;
  -1.5480347293471, 0.3052475684412063, 4.426897580917385;
  -6.256072376668416, -1.338425346496225, 14.9651469561065;
  -6.239235465278587, -1.859825639289178, 14.9322243820527;
  -6.221053522299335, -2.075092064511884, 14.90086850943796;
  -6.258272103214494, -3.183714515849336, 15.02322180427516;
  -4.601786018792817, -0.4766243557655281, 11.35387867541263;
  -6.165057343753068, -3.119541947450792, 14.89651770741494;
  -6.180226750485854, -2.991418322792711, 14.93290474139265;
  -6.15086084065385, -2.731601555708447, 14.87285777031612;
  -1.516085750387217, 0.4447090227405489, 4.44555851749687;
  -6.252784356533955, -3.313323021832191, 15.39922448735318;
  -5.965676247664377, -3.317249341373981, 14.78066625431111;
  -5.93312897178226, -3.285705826439121, 14.87866332879071;
  -5.95043159918523, -1.357271007694236, 14.92579887187348;
  -5.933321919338142, -3.380942258340752, 14.95489635686677;
  -5.814451856098679, -3.444950790474156, 14.91811337222599;
  -1.401139643749505, 0.4960458982004795, 4.431882535264;
  -5.687471082939312, -3.450361146345823, 14.86084607527721;
  -5.652067045291087, -3.445827226237136, 14.94854276978117;
  -5.424353626179119, -3.090966592326092, 14.89060405338526;
  -5.428593171418461, -3.125807598445264, 14.94923034492235;
  -5.435075949681544, -3.231595400687964, 15.07588889150231;
  -5.331968996830526, -3.093412102186878, 14.94301498496473;
  -5.337948909803217, -3.328822603227119, 15.00688673529855;
  -5.425401660622914, -3.53552777232378, 15.243843796514;
  -5.415633838226989, -3.48238283618313, 15.3035757342442;
  -5.265727813724134, -3.382497917566945, 14.96808091753914;
  -4.9935866195833, -0.8688323499850394, 14.24316729477288;
  -5.205371076609278, -3.089337242267639, 14.9126189677766;
  -5.230022202965105, -3.292408667945653, 15.08861777398624;
  -5.349796866681076, -3.413106669379787, 15.43503736408895;
  -5.382305108561065, -3.625092533784617, 15.52455246283486;
  -5.284662209121045, -3.482883811623626, 15.27183445655987;
  -4.715471407892287, -0.7399321814821003, 13.78977353970768;
  -1.272346240881996, 0.5212747414812613, 4.48825986477642;
  -5.154298190051659, -3.196622710721929, 15.07126268552296;
  -4.500391616721784, -0.1221537016475816, 13.32173572707954;
  -5.242706145708669, -3.565062487851012, 15.39344213579383;
  -4.565035193664011, -0.259246864334466, 13.52969680652445;
  -5.176998893366109, -3.482446144403456, 15.28923112567856;
  -4.565828800153894, -0.3748753878922642, 13.65313128066012;
  -5.022517714550241, -3.19312527567456, 15.03305726336407;
  -5.138481354869876, -3.613790511722983, 15.45615550043233;
  -5.06754195493455, -3.497946359598231, 15.32010604778034;
  -4.914631672948754, -3.205976388880366, 15.08235599790673;
  -4.885175689919795, -3.27342793379123, 15.06422656505095;
  -4.982000446560552, -3.596088075401656, 15.36015106400116;
  -4.927709807263764, -3.475805428176892, 15.2529363079202;
  -4.955034881347459, -3.645001867563119, 15.45752509392567;
  -4.501295937062131, -0.3501115911175332, 14.13679288633233;
  -4.727001651161895, -3.084669180113459, 14.89762213018787;
  -4.885982886775808, -3.587624135638092, 15.39604525052261;
  -4.781248849045481, -3.307898816825818, 15.14648713854676;
  -4.814826810927208, -3.475993971444409, 15.25918533823984;
  -4.726866426653825, -3.229342083547262, 15.0574337589575;
  -1.174788384559042, 0.5647345603172672, 4.528134408500758;
  -4.675971835890814, -3.18368671601309, 15.03478340346147;
  -4.619044017458881, -0.4957657356871359, 14.85881626564843;
  -4.610595861599697, -3.08093390112928, 14.89114529162523;
  -4.651643814715339, -0.6768405739194534, 15.01353484825462;
  -4.771060603137972, -3.584295907625488, 15.39145380426328;
  -4.647593992723092, -3.287517849748626, 15.08057173373166;
  -4.603816901222234, -3.228072973079589, 15.04263442336466;
  -4.637832241327366, -0.817830164800885, 15.14446246888502;
  -4.697512160904204, -3.643946883393029, 15.40084012938723;
  -4.543139062453198, -3.172849579229343, 14.98674765747601;
  -4.662251802053149, -3.590268989049114, 15.40926671541794;
  -4.523118139280383, -3.088595098987363, 14.96847832293712;
  -4.570100596624862, -3.314233335522478, 15.20354015455389;
  -4.524521553704123, -0.9340531552154986, 15.07274645039075;
  -4.4974049287028, -3.233785852693023, 15.07408802053125;
  -4.581708850996021, -2.720579944408398, 15.34103998975504;
  -4.615725936618437, -1.042871409930408, 15.48860997629551;
  -4.605042423118702, -1.027421504155072, 15.49000170454768;
  -4.443285128056744, -3.198268615555817, 15.0649901026714;
  -4.485684910210316, -3.321197806278695, 15.28196857110542;
  -4.469371184548788, -3.483030354165269, 15.25624237069292;
  -4.324949241919011, -3.053508633727954, 14.86211904480697;
  -4.424496106743112, -3.417204870239435, 15.22883678832588;
  -4.3148744132283, -3.173454894562978, 14.9976305222555;
  -4.426620430711765, -3.593895110914023, 15.39459644268684;
  -4.41137740354095, -3.532657767283852, 15.45184102860955;
  -4.238727550731977, -2.960480268096298, 14.88617483455218;
  -4.300136959551763, -3.299447788325151, 15.09357800932161;
  -4.301532564087641, -2.627075795543732, 15.10810530540098;
  -4.266889346501493, -0.8307982099229194, 15.03443129574532;
  -4.256869658071786, -3.234693708533519, 15.04116639645148;
  -4.303116165594411, -3.586776548859468, 15.35507800970109;
  -4.168657063317271, -3.087106312820656, 14.90709554915445;
  -4.240342666321078, -3.5037730443831, 15.25708930749888;
  -4.180305820740983, -0.6279106972204884, 15.05865007551767;
  -4.262687876699138, -3.673709367108274, 15.46459224594439;
  -4.146415772390649, -3.378440641393061, 15.16714533084714;
  -1.113899244901315, 0.5364637591934219, 4.878029793815119;
  -4.18115154327737, -1.242502053929086, 15.67243133877075;
  -4.181707462855329, -1.255115978589481, 15.86321871802073;
  -4.068408560212517, -0.8759001375083595, 15.73369773054803;
  -4.109700458695466, -2.659400254584303, 15.95390367937211;
  -4.16131367072811, -0.5893447605180865, 16.33363965620315;
  -4.210816788305772, -2.019982564544363, 16.63360253500825;
  -4.117579933098428, -0.7927928411082248, 16.37381936702443;
  -4.080406341535636, -0.7075216498729786, 17.01943338162283;
  -4.064125893971458, -3.39682122959729, 17.00096711598396;
  -4.05115001055402, -0.858644496386768, 16.97697147506925;
  -4.10533515242088, -3.497510912885136, 18.25865189484263;
  -4.05124703437016, -0.9977925517924461, 18.1300126977253;
  -1.308128499919407, 0.4500486896374407, 6.589374073459351;
  -4.077493838775743, -1.910007962951889, 18.44529009744153;
  -4.005592187783726, -3.352059396342218, 18.18819785183996;
  -4.051557074697417, -0.89171935913691, 18.41598117047284;
  -4.118381437326337, -1.970647423613094, 18.85479112284017;
  -4.141050086820484, -2.669911942039628, 19.03065440976565;
  -4.140142700107728, -1.937277068467856, 19.40743559718748;
  -4.137486712684406, -1.00617416078488, 19.62362932455912;
  -5.001637848908827, -3.437856456503892, 23.63038542547343;
  -4.329665138574542, -3.041074556287272, 20.93464163757156;
  -4.038976508622752, -0.9242868780421049, 19.85041586670177;
  -3.994425437343881, -1.666541768083377, 19.83185802726667;
  -4.052784782791563, -1.190119662951182, 20.4799998667012;
  -5.530054360610637, -3.704496955789859, 28.2447411956683;
  -1.072601411570473, 0.5010910475990797, 6.318413182234952;
  -4.357534629278576, -1.816534742959432, 22.68913162770402;
  -5.250267260973773, -3.670879968540485, 27.17744372424631;
  -5.460259125647399, -3.279756895982471, 28.56864711168315;
  -4.301646709109945, -3.423595311760689, 22.85057369546682;
