m=[-8.957674976779192, -0.3843884576158955, 12.58951165489627;
  -9.33449282988015, -3.915723910729697, 16.75368758537844;
  -9.303066200935858, -1.964463028001399, 16.88983033926338;
  -9.333001424276622, -1.203253235061143, 17.06678887887569;
  -9.368820505440468, -1.731902060376109, 17.45800292868475;
  -9.34464373089998, -0.541649588951668, 17.43474046283118;
  -9.416397115733743, -3.97092398183894, 18.26478669135658;
  -9.405996660744298, -0.4089637785062002, 18.39540952190322;
  -9.683032517690249, -0.8420309910136402, 21.50563094384691;
  -9.758223928363675, -1.00567610606266, 22.1754999197575;
  -15.41053133405088, -3.572681966356819, 35.54038013521321;
  -16.32088729040298, -4.013636964599834, 37.62279504981317;
  -15.44560119424751, -3.383806830644797, 35.78305024631783;
  -3.431210295004482, 0.8402327704486592, 8.800068996246852;
  -17.3972003448135, -3.520629598642726, 40.83780630599839;
  -15.93718948656404, -5.141913461206868, 37.59885789497309;
  -15.9272008915562, -3.645171748304977, 37.58297168388631;
  -10.22456587432159, -0.8560012673645292, 24.51992090466164;
  -15.86248877412327, -3.393623947347066, 37.94464982209176;
  -15.92479266682846, -4.746949825335597, 38.11245442844211;
  -15.9129292060325, -5.307910147407441, 38.11516246390464;
  -10.61669802873523, -1.47590014648745, 25.7847887460775;
  -15.65553482363016, -7.96429951420216, 37.58171077271368;
  -15.3292938292919, -7.756679696374618, 37.03989829090545;
  -15.72456696661139, -7.611170211223137, 37.99431155072065;
  -15.4441140158221, -6.858741721699183, 37.34405916448117;
  -10.31929311520779, -1.068808156855978, 25.4605497881941;
  -15.36366178974328, -8.141137036719671, 37.837299890376;
  -14.81543758406342, -8.23821114783811, 36.70699334838231;
  -14.87457560821669, -8.237387047233804, 37.3013638648104;
  -15.26408732050012, -8.697825359632409, 38.47302522323064;
  -14.86154014850094, -3.241354540717619, 37.8784658775725;
  -3.122583115319658, 0.5977535766324937, 8.711762571569283;
  -14.49689084840558, -8.589128747407205, 37.19460863614545;
  -14.65051320815131, -9.093906797152116, 38.0139481823918;
  -13.64271601075707, -8.276489949170712, 35.64717951582139;
  -14.02845240396019, -7.619822546498765, 36.99733563590306;
  -14.18422869525683, -8.647526830385088, 37.51433725190077;
  -11.0747962162925, -0.5832069851259698, 29.83450818034235;
  -11.09984768416724, -0.884687783330909, 29.91740840096656;
  -11.34875041498697, -1.865370248713242, 30.5629390673494;
  -11.02864489660264, -0.2185229668516175, 29.79360917801302;
  -10.60171440730283, -0.2787464618272432, 28.68152883947627;
  -3.033945084327735, 0.8899382855852842, 8.896317644174227;
  -11.79077229860085, -1.750602875729157, 32.14022674275592;
  -11.64033258748173, -0.5504951734677512, 31.8622199211628;
  -13.64047869158307, -7.772771991769649, 37.44500843653053;
  -10.5119596156881, -0.3040218129949342, 29.18520444636225;
  -13.76858571338816, -8.186545814133515, 38.19149361111102;
  -13.86546867611462, -8.044234433974019, 38.85842290604101;
  -14.32176418682135, -9.332948636537514, 40.24010567529979;
  -10.74786488619227, -1.595501801008469, 30.50377489811512;
  -13.83049481469731, -8.893340871507236, 39.08241051025074;
  -13.03005888258663, -2.267095284780676, 37.16553304544652;
  -13.43201288425434, -8.455733825184247, 38.75136672094246;
  -13.60265858529097, -9.161668668453201, 39.23508284684318;
  -13.40494970497816, -8.834601054068612, 38.73817562825585;
  -2.782023312303841, 0.9849205672844051, 8.79969429563937;
  -11.92542540724683, -1.871288207138202, 34.87433206685799;
  -13.19314418177862, -8.182201099405102, 38.57699618453225;
  -12.83629411746082, -7.79056435823759, 37.64293957424457;
  -13.28260093113726, -9.032225153311829, 38.99988730317529;
  -11.53214726478675, -0.6549068935084523, 34.17858776583149;
  -13.45714004947221, -9.052303553712136, 39.74297247207382;
  -11.67035769096341, -1.242279975569017, 34.66327447069167;
  -12.85893474468423, -8.139302642637322, 38.09162326005332;
  -12.85777572008433, -8.174483590533736, 38.48501681130037;
  -12.77827440159422, -7.943831811529864, 38.37231996927368;
  -13.339537615517, -9.381428312480058, 40.12430005100566;
  -11.69032514603524, -0.6275567782863627, 35.33842137089446;
  -12.87143863750815, -8.884702351802268, 38.91271284337476;
  -12.76200926291783, -8.325079699622432, 39.16492216728467;
  -12.44196786312065, -7.922886061416648, 38.26622329144088;
  -12.90751049291856, -9.316848736685884, 39.79552253317917;
  -12.6999024137377, -9.455613462735036, 39.37739827956146;
  -12.66061877142239, -9.313350999819789, 39.49555089926417;
  -10.86144052641589, -0.8448047579412983, 34.11149529292511;
  -12.0025277497442, -7.832412629682926, 37.82717591791658;
  -12.63154942592653, -9.694485513746225, 39.76116931291033;
  -12.56927637724134, -9.22922579621509, 39.60659551102764;
  -12.33500859679928, -8.533954544330912, 39.07599352470071;
  -12.42789432619217, -8.97213699515666, 39.38657616033879;
  -12.46947143135447, -9.533975919146622, 39.61797113630811;
  -12.12857825302953, -8.286108519006994, 38.63558796701733;
  -12.44292210530531, -9.40605099014061, 39.79410826936331;
  -12.65309804171732, -1.358067261464301, 40.70324038534391;
  -12.14296604665396, -8.267671631166968, 39.04361933613924;
  -12.86253698608573, -1.871572128584232, 41.51481819537806;
  -2.501288694396759, 1.024767139358098, 8.823410873991163;
  -12.27645165839954, -9.222778560059114, 39.60386469546246;
  -11.98478530114166, -8.008581198706912, 38.70805088223754;
  -12.05737702285688, -8.528895218871297, 39.12392937045324;
  -12.23192762127465, -9.581459019543281, 39.80644112487689;
  -11.84138984789671, -8.302865068666469, 38.69087376154393;
  -11.92983443719633, -2.2950789578097, 39.13207987057244;
  -11.69259516648372, -8.165905807436223, 38.57112247990328;
  -11.76888433226949, -8.036340716711809, 38.94709016836715;
  -11.91476296725294, -8.640576673537897, 39.63732818888127;
  -11.89080467474547, -9.023535771722939, 39.57579035496182;
  -13.06018534337693, -2.696176199601362, 43.50799525193354;
  -11.64243389543076, -6.913178726562639, 38.982626303078;
  -11.60411975879125, -8.343753543170113, 38.89387889634796;
  -11.82509291156162, -9.410391120510301, 39.7416472581652;
  -13.33504632802907, -2.975154645164501, 44.8551547135374;
  -11.46265485606819, -8.250798276622144, 38.86421352224333;
  -11.69601025418141, -9.239166640692188, 39.64390861982355;
  -2.406107452990681, 0.8117899466216795, 8.931337819114171;
  -12.04312914702288, -8.916723957311586, 41.02890078249796;
  -11.38736464106569, -8.108552723296928, 38.85654475248129;
  -11.32111998519683, -7.77881766544984, 38.68201420278292;
  -11.70354850536952, -9.120704683597001, 39.95017760269205;
  -11.32445009054162, -7.995309121442326, 38.91498280056724;
  -11.32709218662972, -8.748339619241861, 38.98713752592315;
  -2.376409178183649, 1.03959780258953, 8.970727077138044;
  -11.15767617633607, -8.206121124913715, 38.78182509012156;
  -11.43948245115214, -9.287514187425355, 39.78344622160631;
  -11.33465150647342, -9.076857638990092, 39.70216491840703;
  -11.08102710744784, -8.502350210224675, 38.8946558314053;
  -11.12256711897278, -7.768402213208844, 39.06183560051593;
  -11.58862256548583, -7.07752164883052, 40.70226772793038;
  -2.350211275807661, 0.6627788476440299, 9.007019705466762;
  -12.38632814683467, -2.411719268123401, 43.64336274218804;
  -11.01943412748543, -8.373405132616252, 38.93592137404585;
  -2.327631435913125, 1.118919741477053, 8.971682163185827;
  -2.319156607339747, 1.08332805717362, 8.975370217879522;
  -2.251993896475373, 1.132351768451676, 8.75461603797412;
  -11.14007014752788, -9.285583010116802, 39.75180765895127;
  -10.91260817864343, -8.686401880480467, 39.00526195483047;
  -2.309196236398777, 0.9420394079788211, 9.003326935555347;
  -2.334163877204978, 0.8635251819386219, 9.101544038517039;
  -10.95380458123816, -9.051071633906549, 39.41265786848239;
