m=[-2.191465295585592, -0.1897077699492921, 4.597394996014426;
  -3.340859191940394, -0.6730409062720073, 7.354296904479065;
  -3.303410629440286, -0.8080765424764733, 7.335464386242801;
  -3.354719259099652, -0.7747249017448912, 7.440697653190837;
  -3.277944965741404, -0.7152153210438236, 7.304619618029041;
  -2.3756776441377, -0.2421408970462901, 5.574332684278692;
  -3.311822592702904, -1.080367013225438, 7.41992033279558;
  -3.243104503558118, -0.6549274530595578, 7.346458033366242;
  -3.261406479663008, -1.049628803368634, 7.410106520328028;
  -3.226444498243216, -1.44820433839702, 7.443153188904114;
  -3.236862733267475, -0.6906962133362622, 7.45716647945802;
  -3.228597966877146, -1.072161779263304, 7.449672176815744;
  -3.16408743080004, -1.526907241091306, 7.366553768272397;
  -3.185848046426234, -1.410095038704035, 7.418250139879635;
  -3.123548712718881, -0.6605971654176882, 7.441000299573287;
  -3.054280606109635, -1.554866367948292, 7.343716784448468;
  -3.032064348367751, -0.6579431772930806, 7.439252639095793;
  -2.864531341871041, -1.582413054557193, 7.402495094813195;
  -2.804516591644658, -1.590095412046654, 7.408944206588915;
  -2.807033069179729, -1.661078171791771, 7.497107497766129;
  -2.518864814672727, -0.4023008017359389, 6.836708857217419;
  -2.740302442997096, -1.588758272649513, 7.402596385368529;
  -2.485614191957083, -0.4307017888159021, 6.813773299152573;
  -2.686085832538452, -1.660344323861003, 7.494117535807382;
  -2.591174971098538, -1.634535638795685, 7.461979063541784;
  -2.414321776206879, -1.635834406617129, 7.472515889906891;
  -2.385318442292276, -1.589212825983816, 7.417442710298501;
  -2.392272677512001, -0.2569161836134537, 7.402493212244561;
  -2.391446218202112, -1.667642255797666, 7.518542443186235;
  -2.359873646350796, -0.4439289264190033, 7.448417540580756;
  -2.356108780089691, -1.637362753147939, 7.47836421205615;
  -2.319668091628997, -1.582999134775153, 7.397228902634792;
  -2.346476716045568, -1.386406333804461, 7.556410728524146;
  -2.291820599040937, -1.642429083864173, 7.478432622024372;
  -2.331095202952066, -0.514157404729799, 7.558619501531079;
  -2.313681050468481, -0.4385149706880142, 7.523366511045709;
  -2.240681494651117, -1.531741630208696, 7.364038132254366;
  -2.262086256312136, -1.603996432371779, 7.428415407904771;
  -2.232760561003777, -1.632423273763894, 7.464200331068194;
  -2.201775427554165, -1.529563185903027, 7.437548653818086;
  -2.220908927783046, -0.4329151061389463, 7.529298882744513;
  -2.160837503861786, -1.509625208526072, 7.454900987415635;
  -2.166234819383216, -0.6411005745607512, 7.823193843495922;
  -2.186658843217808, -0.3611156518380851, 7.959842948728147;
  -2.19125220435665, -0.6552264259538405, 8.013463468395862;
  -2.141006482095157, -0.4576642839627574, 7.975007234219743;
  -2.178213497369819, -1.400583476786007, 8.154605532786718;
  -2.196742561721993, -0.3074194758096372, 8.313728663085273;
  -2.227339412574099, -1.373938206797101, 8.4830513906197;
  -2.190277464614933, -1.043239140182044, 8.348846412160116;
  -2.137678807839357, -0.4102906822857055, 8.201198366669052;
  -2.174021754242428, -1.807629603217871, 8.419169640467544;
  -2.166961513478517, -1.799101382224093, 8.748615449674935;
  -2.135881500746721, -0.3694627538323985, 8.606609666057445;
  -2.148398541990988, -0.467631315089567, 8.696475220744464;
  -2.203133063858265, -0.595313855722503, 9.169108619573549;
  -2.148538857960801, -0.396072063464247, 8.994390300227151;
  -2.147244526888481, -1.81803071469022, 9.240295398092927;
  -2.157448532062039, -0.5283239606463382, 9.33623161096352;
  -2.210415141620968, -1.837682402015308, 9.707264053806162;
  -2.224142152545713, -0.4855667867214388, 9.780963331619102;
  -2.213934034213394, -1.415870040610586, 9.848263037859004;
  -2.203895110934465, -1.024611707923748, 9.999588562574898;
  -2.132216778960796, -1.038814375925529, 9.793570610417076;
  -2.212483157142923, -0.5351015047681998, 10.16178761898744;
  -2.241671505305571, -0.9316665878730666, 10.78632732243286;
  -2.296740032106773, -0.6328742055079042, 11.01377558879572;
  -3.125223905913436, -1.767672018616935, 15.62663631601308;
  -3.24957565386355, -2.250029528909074, 16.37164765912024;
  -3.248151998526672, -1.934359655494329, 16.57141049095882;
  -2.950205081584715, -1.407016305487201, 15.21826553611789;
  -3.122413105892703, -2.147723775201541, 16.11762674935382;
  -3.486065917103661, -4.023617388795347, 18.02351668961525;
  -3.126560996789096, -2.231243820358778, 16.23816439312829;
  -3.098734638470538, -2.09154470304766, 16.19085504643108;
  -2.960884257364438, -1.360804113778427, 15.51654351356884;
  -3.366936093629907, -4.021532051200001, 17.6683613162623;
  -3.060597253262958, -1.424396500398987, 16.08075125711779;
  -3.028048315305388, -1.555160438929492, 15.96902724290625;
  -3.120558918917145, -0.7624437790652832, 16.41072453110526;
  -3.006669402306852, -0.6757745674684922, 15.8977536914949;
  -2.899001943500458, -0.6235584508406683, 15.61441513906135;
  -3.150805941107216, -2.71386326145033, 17.26897634649405;
  -2.890177060061844, -0.7411989720118354, 15.85611321873197;
  -1.182514201548147, -0.08896503119784813, 7.098637017921265;
  -2.87290176039172, -2.213348812928445, 15.97012228149145;
  -2.586232745474487, -1.422693374215043, 14.66802677374423;
  -2.818420650602427, -1.476437036752879, 15.92603038966534;
  -2.852480626603301, -1.347149487128431, 16.10402141612396;
  -2.803023969433963, -0.528598715415822, 16.04665419258701;
  -2.843605674019544, -2.137007094892681, 16.42713469938691;
  -2.708072564124243, -1.778305451975286, 15.7560744867024;
  -2.960639019768126, -2.458852164503181, 17.20430626694233;
  -2.707760466976827, -1.247289257932913, 15.82529003250541;
  -2.78398544408353, -2.203318213874546, 16.34546327809281;
  -2.778411243460845, -2.284746339748794, 16.62516154292349;
  -2.56356972148946, -1.510715929395938, 15.47338705894724;
  -2.942064324146717, -3.236469644303879, 18.05876475740111;
  -2.566745172773682, -1.471360595635949, 15.85228885500405;
  -2.578429380982546, -1.826084065226447, 16.16671739461563;
  -2.53327364509198, -2.110220563032798, 16.19319595831281;
  -2.448979332836597, -1.620332217019551, 15.92700650758577;
  -2.857894147923111, -3.151316253506356, 19.31021829464016;
  -2.287243462559567, -1.773127181698793, 15.71379520044094;
  -3.388706749745505, -0.345050582704823, 22.82995716369015;
  -2.698635777566221, -2.916614944837204, 18.70181717492682;
  -2.548094026581216, -2.651070456787628, 18.56302731919352;
  -3.560747760294691, -4.256262537407702, 26.01099338404548;
  -2.174838984929928, -2.504272125023058, 17.2765047957662;
  -1.99414959241214, -1.665616523939051, 17.07356695436016;
  -2.240600928898274, -3.027119945849544, 19.81755025692213;
  -1.881245291242094, -2.222366904401198, 17.02776114417332;
  -2.679886473193891, -2.512590050453698, 24.68385462554269;
  -1.93385385135162, -0.4980261860427728, 18.36703064393607;
  -1.186017803861681, 0.2540648492653515, 11.68108685190503;
  -2.5690513650716, -1.994918310829896, 24.39738406280305;
  -2.484278622681394, -2.355961878371248, 23.9054379063476;
  -2.092844529918794, -0.4062521877558981, 20.18746249420327;
  -2.507139608264513, -2.55413721389201, 24.39378345002638;
  -2.36537600614147, -2.308471366492091, 23.67023393135551;
  -2.112651621966881, -0.5758911074167933, 21.83241906035164;
  -2.33345906641859, -2.557420265449957, 24.37548088173951;
  -2.340624638948587, -2.454153055880207, 25.9552581926834;
  -1.425103407223342, -0.1183189696514083, 16.48186952179081;
  -1.378521997427387, 0.05963995090444509, 16.00108560532746;
  -2.571439744613539, -3.919938232886843, 29.8052505788242;
  -2.534296195162641, -3.48613494510687, 29.64853190726699;
  -1.370208928258897, -0.3859959488615924, 16.42622420058113;
  -2.270398928463551, -3.792007652347917, 27.49800652433622;
  -2.392579759288189, -3.783888049863582, 29.60482511464019;
  -2.297333381055801, -3.573250478218133, 29.11036795290677;
