m=[-1.624992778725616, -0.3411508947524511, 2.75391744332254;
  -2.687117885385542, -0.6205518193766733, 5.959971669582086;
  -2.6493738678967, -0.864266141212913, 5.935747607645927;
  -2.61242227703798, -0.5275645808944478, 5.917802094454361;
  -2.583285225269305, -0.8578645318755278, 5.960676511879941;
  -2.603799710536442, -0.555610400734582, 5.998699827791045;
  -2.556627919820945, -1.23376289970715, 5.952280854661888;
  -2.565943532035652, -1.135717771654856, 5.974801901427554;
  -2.445431637219016, -1.244914890996787, 5.879799427578186;
  -2.570365044314981, -0.5436047324791649, 6.123191543925771;
  -2.446919083705673, -0.5309695084073852, 6.003582760672815;
  -2.203178438832035, -1.277347316082783, 5.951620701320224;
  -2.865665687080077, -1.730337299881825, 8.085095369961406;
  -1.923661198234047, -0.2783280997124035, 5.975891273580281;
  -1.86193624383285, -1.270631550104242, 5.937560053288208;
  -1.867250085185172, -1.103257205662964, 6.013146638126218;
  -1.872801383264574, -0.3848521142761308, 6.008126689480763;
  -1.861756769287597, -0.4106378956650143, 6.036780911231661;
  -1.797115950106906, -1.228517895855346, 5.906252368425251;
  -1.853143989388122, -0.3512287841155366, 6.025844153015495;
  -1.797919837871072, -1.263038056504513, 5.944097972907847;
  -1.762879146010661, -1.224663973078036, 5.954966730562725;
  -1.78381038879539, -1.083839049075905, 6.029308657274319;
  -1.780691296068423, -0.3471048055120724, 6.036878333135586;
  -1.727952172678283, -1.207198669192195, 5.961444271160836;
  -1.755995793636495, -0.2899938267054197, 6.392149730776033;
  -1.759803701971945, -0.5262150507964717, 6.435645631873011;
  -1.715490025135824, -0.3667053418870243, 6.390006511004086;
  -1.743878275519995, -1.121307484857945, 6.528579246815456;
  -1.721425008083851, -0.3303979243655745, 6.604241906158928;
  -1.769334122593179, -0.81295543964692, 6.924353539665804;
  -1.756553026736952, -1.458363223664006, 7.091684301866357;
  -1.712462956897915, -0.2962202161825373, 6.90042974408937;
  -1.721080120357723, -0.3746190217163015, 6.966738399354966;
  -1.754191995768081, -0.474004415715778, 7.300683382517106;
  -1.719193437526343, -0.3169244483395206, 7.197029144437853;
  -1.727381182002433, -0.4230074803913033, 7.475140452217702;
  -1.747283826428015, -0.3814607767394281, 7.683914904747651;
  -1.796730904768852, -0.8353172126390447, 8.152189147392559;
  -1.731216735478288, -0.8434474629424045, 7.951721189018037;
  -1.778703937526522, -0.4301895589282807, 8.16946858639232;
  -1.82188256755439, -0.5020256826420321, 8.736646493585472;
  -2.47104717011839, -1.397660158376449, 12.35564446249406;
  -2.536952049494464, -1.756603825487864, 12.78138732761147;
  -2.519637091522315, -1.654048472492167, 12.77191305442647;
  -2.480400839922523, -1.477143716296742, 12.65450031867949;
  -2.475180434046239, -1.702530602399238, 12.77666760300607;
  -2.399266906442191, -1.144262031020118, 12.37631956577217;
  -2.771982539684438, -3.199422332604084, 14.3315917585499;
  -2.461239361195427, -1.756442660396151, 12.78273777449842;
  -2.444619381170638, -1.650038262127139, 12.77310988583579;
  -2.407555842621139, -1.106497792556868, 12.61682043141741;
  -2.395646306262688, -1.114929516190464, 12.58701788024296;
  -2.378190136578652, -1.221402973646556, 12.54186826804489;
  -2.359299093116099, -0.53027257434957, 12.47478550124252;
  -2.72483231250795, -3.229697502357251, 14.50293295442913;
  -2.319058858725677, -0.6718097461318541, 12.43990995036982;
  -2.30543266905273, -0.4958851534594566, 12.4173710371084;
  -2.353515813728114, -0.7348351058086381, 12.70321586113202;
  -2.297655319608851, -0.9759045039241723, 12.50239610539346;
  -2.399101494932739, -2.066402542487453, 13.14902527899676;
  -2.295043827674061, -0.5885743642840076, 12.59108837185677;
  -2.277450246438989, -1.754599432864708, 12.66007749624;
  -2.065885285380419, -1.136448880148969, 11.71683435316056;
  -2.244091006450089, -1.05982351649086, 12.66928486404381;
  -2.234586495277261, -0.3424072996624457, 12.61369118035522;
  -2.219616659479117, -0.4185788376091377, 12.70678430265406;
  -2.238415705516376, -1.682198867343667, 12.93103212013354;
  -2.081344602973839, -1.366753056746342, 12.10965357110249;
  -2.366651365460299, -1.96553709983942, 13.75263740246359;
  -2.184867745331418, -1.594312425170954, 12.74605378878792;
  -2.146877168598887, -0.988926776630473, 12.54725234066731;
  -2.175937902529015, -1.722093634897004, 12.77546660913188;
  -2.158080884380422, -1.774635563066708, 12.91329475071833;
  -2.063498672573151, -1.216023222934782, 12.4550205866049;
  -1.999555223086967, -1.075695742045681, 12.10740239924396;
  -2.112362703509716, -1.128676123380081, 12.85691263823377;
  -2.090716455736395, -1.198481969401729, 12.91232239249873;
  -2.03781051494667, -1.443209318331997, 12.77704440614345;
  -2.007374515232456, -1.672145837050983, 12.83154267595995;
  -1.913739933327069, -1.266198708739204, 12.44606190147898;
  -1.895157061397649, -1.132063149286962, 12.49904044867222;
  -2.189528793458494, -2.414329333841916, 14.79420747434244;
  -1.937160902956436, -0.1972488467490786, 13.05079008001862;
  -1.838619684472391, -1.425343035278017, 12.63166499160823;
  -2.085312704800882, -2.25375141397046, 14.45142663635395;
  -2.68319633648036, -3.277193530003383, 19.5136953290656;
  -2.141645050650255, -2.632130750769801, 16.42743311071466;
  -1.67892121644146, -1.830549773895982, 13.82755843805752;
  -1.57274721752503, -1.313639540111017, 13.46559206133395;
  -0.8781061733695067, 0.1105339333210687, 8.169802185666768;
  -1.568006780133535, -1.382614072801242, 14.09918017841174;
  -1.504797074967999, -1.777658252656989, 13.62040627146922;
  -2.001402319239276, -1.876461411547164, 18.43448384455202;
  -0.9457970109462853, 0.202605537825225, 9.315152768502788;
  -1.577981318553388, -0.4063781847716262, 14.98708457889509;
  -1.906640042623436, -1.480543045928931, 18.10669495434814;
  -1.928267731455393, -1.828669789743201, 18.55511861683496;
  -1.752429110145718, -0.3401725019256178, 16.90383419746396;
  -1.949632079326986, -1.986178923101017, 18.96938750181857;
  -1.846213397924567, -1.801798426329363, 18.47499209538511;
  -1.536928353889547, -1.353075240213588, 15.88778205215314;
  -1.760985640522374, -1.93000187106364, 18.39538238802378;
  -1.696275075912349, -1.778550303150579, 18.81004618531906;
  -1.098364883664679, -0.09119155892673181, 12.7030127134073;
  -1.055035921736157, 0.04564474900813816, 12.24624643777949;
  -1.86780611863039, -2.847309423203932, 21.64951736281361;
  -1.808624432085641, -2.487913152102248, 21.15895501295675;
  -1.771332485407942, -2.958469657165011, 21.45354793374509;
  -1.760509858146441, -2.784263382671604, 21.78384493168635;
  -1.70508662629504, -2.652075512006025, 21.60578847298934;
  -1.661331134175112, -2.536178403996574, 22.02467488544142;
  -1.068999488498198, -0.433767744879728, 14.35874621930477;
  -1.651213833468491, -2.240997211237126, 22.11780002246594;
  -1.195979468243754, 0.1965603598238046, 16.12276946980346;
  -1.548920577795894, -2.255143166584027, 21.08560352294162;
  -1.617941109293798, -2.533207588411405, 23.00630446279776;
  -0.8270209394445728, -0.3504317372444833, 12.25574241224902;
  -1.106299364241232, -0.7702551937178788, 16.96595787619962;
  -0.7909333782711834, -0.4287087411008391, 12.39965939198323;
  -1.500957151466546, -1.893312955381114, 23.15440468257387;
  -1.249182526072003, -1.893538665364933, 19.55872620000383;
  -1.271206665340223, -2.097267618923977, 20.04111816441249;
  -0.9318973529162197, 0.1691748177454532, 15.46867256764017;
  -1.170098366148017, -2.293816719993376, 20.4838904075654;
  -1.164891143952603, -1.699657988908085, 20.31831776918922;
  -1.245063771206729, -2.23219613816193, 22.04080432142618;
  -0.6016202641872862, 0.0999886099297619, 11.48927843928552;
  -1.043920173155325, -1.619419248713093, 19.60858988746465;
  -1.014682164245788, -1.707604158700888, 19.90207664470787;
