m=[-2.242848574428134, -0.451838509328867, 4.937225240717776;
  -2.196473599238561, -0.4435659900825306, 4.975572356826404;
  -2.175061045368962, -0.7247378296208731, 5.018436560974013;
  -2.186262327701444, -0.4665144108779633, 5.036766612892345;
  -2.152331616218183, -1.038659898599049, 5.011007731229116;
  -2.156715605012804, -0.9545885209232125, 5.02191429265246;
  -2.142218495364684, -0.4530563137949109, 5.103249519001393;
  -2.058149724273374, -0.4466084533008928, 5.049726525823036;
  -1.612846885359799, -0.3824488094816111, 5.142677806712112;
  -1.570745796030284, -0.9280688384937833, 5.05830733531001;
  -1.56490221718397, -0.3451622488966887, 5.074224511215387;
  -1.559131592146666, -0.2955042330880109, 5.069807873602324;
  -1.484082052562012, -1.030984924279891, 5.013196320593709;
  -1.500049715057217, -0.9114267227875668, 5.070192880446203;
  -1.500141223832004, -0.2924180226457633, 5.085760833890739;
  -1.482278006572681, -0.4432295463687862, 5.42072730471673;
  -1.45007921146943, -0.3099707868969173, 5.401381218773154;
  -1.477995365713398, -0.9503457262036332, 5.533190020736211;
  -1.494781251416713, -0.6868067110130867, 5.84988087727806;
  -1.452362653102998, -0.3161286158889865, 5.879000370452632;
  -1.511974798662048, -0.7029314022743675, 6.860183966373923;
  -1.507631399775763, -0.3646291399106386, 6.924450494810427;
  -1.690142932021351, -1.745385519570849, 8.180492605793701;
  -2.145744096050354, -1.213664016368163, 10.72907530009784;
  -2.181359922591839, -1.510389282112876, 10.98988294915966;
  -2.164719141054581, -1.421057977231391, 10.97285190388181;
  -2.086271966427353, -1.242429641247207, 10.64373501213282;
  -2.056182019107832, -0.9806374634743307, 10.60655889744642;
  -2.122632354353533, -1.46003357622781, 10.95684486751832;
  -2.361501410088629, -2.72564500019315, 12.20933886202724;
  -2.110196273972627, -1.505923729260654, 10.95955397439052;
  -2.101404265708699, -1.418379265632808, 10.97981461130685;
  -2.065313790616418, -0.9611933528475393, 10.8514105537375;
  -2.054077833757109, -1.054943730387234, 10.832596270185;
  -2.337654823951036, -2.792139065825327, 12.26709652743721;
  -2.101692342583761, -0.5135048860632254, 11.05260146642056;
  -2.06676801584191, -0.4645237221264476, 10.92802847832388;
  -2.332062003565822, -2.76415352008448, 12.41241111536772;
  -2.016396598214246, -0.5841313089792893, 10.81636717051709;
  -1.968662241951222, -0.4234477940147083, 10.60348013334016;
  -2.030995004321666, -0.6341348633359719, 10.96239413488785;
  -1.984989028466945, -0.8431028434024377, 10.80106266895537;
  -1.972742826243791, -0.5059188155151756, 10.82287796018058;
  -1.962156678284734, -1.51169010181155, 10.90739771184506;
  -1.927725783808763, -1.009844198846036, 10.89298696747683;
  -1.932207172186925, -0.9125292129107564, 10.90850727997388;
  -1.970931753940117, -1.602538118514051, 11.17600780860509;
  -1.94184581829494, -0.2975504346815106, 10.96124205691014;
  -1.915399314231082, -0.3612090471047075, 10.96521141857778;
  -1.921390293656815, -1.443950097271582, 11.09961815464367;
  -1.836159706523937, -1.205747903533301, 10.68312182204341;
  -1.858390349695589, -0.8560396491826522, 10.86121414217159;
  -1.864491878258877, -1.475607181682409, 10.94689039885238;
  -1.861248567047446, -1.530544069360792, 11.13714111671775;
  -1.77316707001244, -1.044930323405339, 10.70261524954382;
  -1.902788104857653, -1.023638176519382, 11.5214728755728;
  -1.768947717854127, -1.014031309145544, 10.92506980836012;
  -1.726936704949432, -1.223043617879163, 10.8278698161077;
  -1.679435180331929, -1.019820672321991, 10.67490683716541;
  -1.735319794277139, -1.445523866091657, 11.09251404147004;
  -1.674182531186196, -1.107698973233162, 10.88809354638523;
  -1.875444785756423, -2.067998088803591, 12.67200474825827;
  -1.569661564784466, -1.216840110004124, 10.78387183821031;
  -1.537748117459042, -0.220856522632458, 10.89289244965237;
  -1.485957070905319, -1.711042011585514, 11.80415867091217;
  -1.444610180754898, -1.575077385318704, 11.89777787008964;
  -0.7547559948899337, 0.09500690388351836, 7.022165842469416;
  -1.283670951855828, -1.516435869807291, 11.61892202876046;
  -0.8157953633117719, 0.1747570106758282, 8.034766814796981;
  -1.707842513627793, -1.619629867452606, 16.43403553474355;
  -1.757017725028556, -1.789953914879817, 17.09530245580272;
  -1.701169995512807, -1.660244381434687, 17.02354790369122;
  -1.402570294064445, -1.234789593643008, 14.4988743870371;
  -1.607999033444311, -1.73606399298883, 17.35326484864817;
  -1.5972413318314, -1.334101434322101, 17.32064967722922;
  -1.602279150219438, -1.679995248896698, 17.76772249111249;
  -0.9536052806721739, -0.07917291734156309, 11.02881217718278;
  -1.670893009952798, -2.298452139355174, 19.54764593569366;
  -1.559063093083582, -2.465673373688245, 19.29122322223487;
  -1.551847190642265, -2.413728352101655, 19.66403444045187;
  -1.50967392670263, -2.304659397044889, 20.01411803743902;
  -1.382443983467233, -2.012762401890013, 18.81934176996083;
  -1.52143495394933, -2.064863689833056, 20.37942837963941;
  -1.462750778236947, -2.290226356262056, 20.79957642710635;
  -0.7437333605550802, -0.3151404772907347, 11.02149178529993;
  -1.44723082037226, -2.035044533010237, 20.9339390329779;
  -0.7117069004592267, -0.3857657012725565, 11.15760618411121;
  -1.022006342054984, -0.7115666142684409, 15.67325907342095;
  -1.378783507180673, -1.739202664286824, 21.26970197898509;
  -1.176322526816301, -1.783095857472838, 18.4179411292618;
  -1.155981162761921, -1.907165787317362, 18.22453870830373;
  -1.046093630430447, -2.05072251152634, 18.31304777591565;
  -1.04775667005342, -1.52875056517769, 18.27522947311473;
  -1.098056222514472, -1.96863559607543, 19.43839576257929;
  -0.5900586438291192, 0.09806708165526069, 11.26848355684629;
  -0.9766475129292304, -1.515060080566178, 18.34496644293909;
  -0.9847407517317879, -2.147734103924804, 19.75341074884914;
  -0.8419116903902745, -1.470227599498368, 17.13647300495657;
  -1.155995690122599, -2.433977096349813, 24.28992528629157;
  -0.8560392700955614, -1.408937543237365, 18.29485911659054;
  -0.7846419679419384, -1.141174094163551, 17.98584445141698;
  -0.8762622218181833, -1.157439238923867, 20.15102155533945;
  -1.04330316572054, -1.097240788601188, 24.77818615701219;
  -1.193304613252562, -2.791137860146754, 28.7866076828354;
  -0.9309050812124751, -0.9006670147750456, 22.84790414528223;
  -0.7072635303185253, -0.9066843235086846, 18.08475305365116;
  -0.8541780132684662, -1.785905078954562, 22.3749816322566;
  -0.8418406576378821, -2.238478891422466, 23.06822734077538;
  -0.6718349752915007, -1.813640756976207, 20.19899995758579;
  -0.7968338119657552, -2.110721074651016, 25.26823133951368;
  -0.3513084265872922, 0.08890432719746741, 11.82406368731331;
  -0.6738227754766867, -1.067244479966683, 23.01515114849284;
  -0.5770692780682798, -1.748324105755137, 22.97201808900753;
  -0.695629741496726, -2.680630337780735, 29.64451717326374;
  -0.4842002589581258, -0.02532381637937353, 19.60703069354615;
  -0.71983509241643, -2.095751134623011, 31.60766217364915;
  -0.4634939429949343, -1.047519590105552, 22.90502904269462;
  -0.4737275487257273, -1.293421323155081, 24.97264583857583;
  -0.43897758087051, -1.769283346273124, 28.08558226257869;
  -0.187645119552208, -0.2318022998569768, 16.98720113312412;
  -0.1965527020345076, -0.0326046882533911, 17.92489203157479;
  -0.2508449553834414, -2.603003806726598, 28.64831286273952;
  -0.2184486248296521, -3.11701692121305, 32.71365025055329;
  -0.04375060507270963, 0.2358107086412729, 8.107544844503044;
  -0.1613595342103793, -1.072413929184175, 30.38192474057323;
  -0.03053081411973737, -0.4404177195135007, 29.20834205979364;
  0.06122026113474497, -1.740906671677534, 20.86210678538148;
  0.1068287884498763, -3.133134553800616, 31.62899382582501;
  0.04613232484552991, -0.02061784333760408, 18.77321502415954;
  0.09766833101343748, -1.127758758577711, 31.41383789134369;
