m=[-8.350400004813928, -1.052941827173229, 14.26636355679846;
  -8.149614839182704, -0.4707546832938193, 14.21691142125629;
  -8.087812320033498, -0.3435389359067804, 14.8346681590262;
  -3.657219626824679, 0.755237662555053, 7.450548918051131;
  -3.545291021396219, 0.9958302934182617, 7.295074777056274;
  -3.254625711902553, 0.8005721590435581, 7.353868795920362;
  -8.146441383521983, -2.784225484040808, 17.06086025324893;
  -8.144365846113226, -0.7050303216891507, 17.08576761952621;
  -8.066982732035163, -0.825809095057596, 17.33882583166746;
  -3.081623771564975, 0.8408853008809742, 7.333016123931685;
  -8.192887120504793, -0.8931288481809768, 17.93804698849561;
  -3.048730146264528, 0.8212915504792858, 7.348511474736103;
  -12.34067392818808, -2.849903869168222, 27.37135850852274;
  -12.07783332889023, -2.635264329363815, 26.91441717281611;
  -11.83705316436968, -3.861427179329593, 26.52013777797423;
  -11.71852581972543, -6.324198843443891, 26.35560009105559;
  -11.36511170540261, -2.295122977008721, 25.74487380738315;
  -11.5856154990272, -5.245396217463669, 26.32648534803542;
  -11.55607852104683, -3.719129444709288, 26.25608716122986;
  -11.50246920546898, -2.454448204609078, 26.49968035667498;
  -11.4807524934019, -5.402353901158584, 26.46424176562466;
  -11.49286384320574, -3.427655342253115, 26.49473417309441;
  -11.35739060746355, -5.097816608825612, 26.20060508203404;
  -11.16472618530666, -3.707613278157492, 25.76150727893031;
  -11.4691721385126, -5.82125112774278, 26.5268041696626;
  -8.363762777431719, -0.8524763562123674, 19.62488316916149;
  -11.39727642929718, -5.748694452347023, 26.51949997581082;
  -11.20013664704041, -5.404897975039193, 26.07589411698385;
  -11.24252975768131, -4.976080215618643, 26.17824099962182;
  -2.823837562847547, 0.8319944264422536, 7.301799695232905;
  -10.88652706749479, -5.750928713710358, 25.83177291983693;
  -10.99931718787471, -6.095236044927977, 26.23638659525561;
  -10.90160647641776, -6.023200565262568, 26.33223221948127;
  -10.74404908970418, -6.113671674576125, 26.10937982330862;
  -10.69612476889021, -6.312584636079596, 26.42471263392361;
  -2.655290885348201, 0.884851407842595, 7.28175340226436;
  -2.600741348023702, 0.9028126053854191, 7.196284348984203;
  -2.610160796054198, 0.9326841889112898, 7.275482501313364;
  -10.77150515476917, -6.508168871609978, 27.06771150700655;
  -10.6105122965686, -5.820362885740467, 26.71410530488503;
  -10.47206526735754, -6.371046049960556, 26.68020331960574;
  -8.483575881010061, -0.6722956267080326, 21.85038613610994;
  -8.41435163091127, -0.1991051827829244, 21.69907770605224;
  -8.539262387671979, -1.47388184477841, 22.11559923326647;
  -10.1372930951207, -5.600003287488433, 26.19669797793154;
  -8.293634191244273, -1.421641814981642, 21.93201592148204;
  -8.34915857049956, -0.1911214707941832, 22.095493674278;
  -9.965698810335036, -5.650318491023689, 26.32728459707291;
  -9.984032013590154, -5.908109108629452, 26.66564996645973;
  -7.886327320936413, -1.367931798517323, 21.30637576491914;
  -9.674928356033691, -5.609279553146087, 26.13565150813916;
  -9.80878774600502, -5.823637324327795, 26.48029899016877;
  -9.758992925781081, -6.346851215088459, 26.45520978569664;
  -9.904449470311485, -6.350349608276715, 26.97625447921702;
  -8.913766333553348, -1.544557927521955, 24.43516102980941;
  -8.165124984773941, -0.2224107200000976, 22.6427054272304;
  -9.574882184145078, -6.005016490400203, 26.60847859558334;
  -9.940420259483412, -6.664322169858158, 27.62683684946741;
  -9.659195437217766, -6.340340628463425, 26.88931857912403;
  -8.083351000674711, -0.7617351625188177, 22.63372525560849;
  -9.492393727699183, -5.867512443094467, 26.48355962039798;
  -8.474096647076319, -1.315608253203488, 23.77700856563157;
  -2.378562254070122, 0.9804377293483946, 7.390239384492774;
  -9.461268583619805, -5.840736207905307, 26.63686937503907;
  -9.661863786178817, -6.54632557717459, 27.33466424137216;
  -8.155147835878898, -0.4479311546150354, 23.19051182704411;
  -9.383130158360224, -6.287496785023568, 26.70939040752399;
  -8.094289651918452, -1.255497836334085, 23.3243357753456;
  -8.184886269406489, -1.44757555308113, 23.57337177868993;
  -9.078931420733257, -5.727068659928837, 26.14520321339848;
  -2.259071275054326, 1.032422193339852, 7.237054151218931;
  -9.057856895961466, -5.606033076240663, 26.18151411592997;
  -8.155694788216104, -0.4343426048170377, 23.65484427205342;
  -9.304030522547413, -6.511572621199925, 26.97350021028467;
  -9.284279008964575, -6.384145320922998, 27.0377359951609;
  -9.164913160239633, -6.196484627469416, 26.82313050412646;
  -8.93700602335797, -5.80534033858346, 26.41304633940124;
  -2.234421783210959, 0.7602614847972504, 7.314276977896241;
  -8.8709116669302, -5.621784388572697, 26.25435329248706;
  -9.019388386382978, -6.485931872557928, 26.80264567687757;
  -2.210681198917131, 0.7400415979598111, 7.358286381563449;
  -9.102527248042474, -6.674625556912822, 27.36912763749207;
  -2.200298793529872, 0.971094803629422, 7.333484781967409;
  -8.417633958177587, -0.6368745833399655, 25.34647696780199;
  -8.694909780991429, -5.641622023780351, 26.35337282643075;
  -8.953745202391612, -6.540803624661103, 27.17721995609842;
  -8.690953508763146, -5.980698349612402, 26.50414534885993;
  -8.733510285286387, -6.280678138614841, 26.66496624316578;
  -2.193424208225903, 0.626026832547903, 7.420234807725432;
  -8.657813340875443, -5.888911102080892, 26.54684253680632;
  -2.166749766872491, 1.050342667268967, 7.374661843270502;
  -2.151795956187428, 1.012198117698951, 7.350215808350444;
  -8.49739398331776, -5.757446907649261, 26.30010307196941;
  -2.16920046096453, 1.095625359650089, 7.416670763631703;
  -8.186409356158691, -0.8791727920703181, 25.33149346279572;
  -8.403864633662561, -5.599055131110187, 26.13285646062084;
  -8.193821489295972, -1.185536604154623, 25.45426730034864;
  -8.705498688701495, -6.51709210155721, 27.06342218954888;
  -2.142879683942494, 0.8807619422121306, 7.374577106016157;
  -8.464035021655249, -5.961462969424125, 26.44431970701252;
  -8.429302414331513, -5.878058551366717, 26.50114708255902;
  -8.44128900696912, -6.132714924891349, 26.55563237226913;
  -8.379787996003111, -5.823480163513243, 26.59771364696574;
  -8.297653567758545, -6.04051646111882, 26.37458106428556;
  -8.503844111138982, -6.514360943281178, 27.06930592835936;
  -2.070011440946394, 0.9362251948533695, 7.301025117647977;
  -8.187054048344276, -5.587049078984883, 26.10783544956033;
  -8.288329697999732, -5.986013865249911, 26.55638541762932;
  -8.240499057209052, -6.2221798689207, 26.41149617616988;
  -7.896620733849872, -1.62271942567736, 25.33311765556727;
  -8.17452333841708, -5.846029002232519, 26.36385905857502;
  -8.297413546848338, -4.902493434894191, 26.7203438737164;
  -7.948960461111079, -1.753260388425542, 25.77465196709478;
  -8.105239694388398, -6.041839796426189, 26.38092482856983;
  -7.954581371075038, -1.507642125549713, 25.86580854972053;
  -2.110795540317445, 0.627754157080451, 7.572291923554497;
  -8.088709397210666, -5.796758948088564, 26.39424231176257;
  -8.303921338081681, -6.526125556816477, 27.10531611014193;
  -7.999645996334044, -5.891721417357199, 26.25695866963167;
  -2.167075319128945, 0.2287518570055904, 7.810296091918372;
  -8.036190340104126, -6.235897714523054, 26.42660366997421;
  -7.770232842858103, -5.458585851108894, 25.68914604387766;
  -2.192310497122602, 0.3384700320520135, 7.933306241392002;
  -8.106770053564837, -6.228926872132097, 26.85433852578454;
  -2.168922912874524, 0.3034242738791724, 7.880339670852051;
  -2.172299672768198, 0.2620798234339832, 7.933975540145353;
  -7.819045731003784, -5.716686532736191, 26.13935625401665;
  -8.071870352600067, -6.517736732953397, 27.03030864497718;
  -8.152519544683237, -6.491908403361108, 27.49047352071755;
  -7.674798107867947, -5.331646678459552, 25.9252981122184;
  -7.86559656497432, -6.000374346913039, 26.5590019876108;
