m=[-2.207643735767172, -0.2163676874985678, 4.472071671618555;
  -3.373308277635976, -0.8195788741054805, 7.1902082193673;
  -3.336500523660192, -0.755559525115217, 7.125990755685219;
  -3.315799900577951, -1.066931095360552, 7.144758778775188;
  -3.289724311606805, -0.6487887706191842, 7.158718458306438;
  -3.252784222286766, -1.443864700109222, 7.211566438991911;
  -3.255561053173695, -1.069929467853854, 7.220480582419963;
  -3.264934961968861, -0.6801619921209839, 7.232982085616174;
  -3.221059919941592, -1.539326862914131, 7.206906029665956;
  -3.228723270239811, -1.41468603785521, 7.22708989361774;
  -3.247316184202759, -0.7234751100533883, 7.271770319314882;
  -3.046331209305897, -1.555708994739022, 7.138911506707573;
  -2.886182078850947, -1.576348303373751, 7.163679306040041;
  -2.777605159467254, -1.589134407185793, 7.201142152439605;
  -2.409746771343044, -0.3374465132022582, 7.190798781189669;
  -2.340508387084911, -1.577259699389397, 7.160910365885677;
  -2.317327376368542, -1.504124533072623, 7.117307928018367;
  -2.40605576734937, -1.444476718146803, 7.411139356567456;
  -2.354328429631408, -0.4702650321022277, 7.250902237224921;
  -2.329689786746082, -0.5011881517097709, 7.257761025422471;
  -2.314981387084711, -0.4263306228544867, 7.233692747343246;
  -2.264630472187704, -1.575364926089297, 7.186181938486229;
  -2.220454732333649, -1.579505728205537, 7.15813320310903;
  -2.218560910750868, -1.522785534800315, 7.189893755710775;
  -2.240043020373697, -1.342498886161078, 7.267770045909929;
  -2.230770193410801, -0.4230334486786883, 7.263140962709737;
  -2.174405347037627, -1.58447802576623, 7.177079459886476;
  -2.149418494603746, -1.478928210334839, 7.119992308407876;
  -2.212239450387227, -0.3188291471156611, 7.362397327368849;
  -2.200486421556606, -0.3514087845692949, 7.705587740741309;
  -2.21798358459858, -0.6516649877934104, 7.800082510004885;
  -2.155232999232802, -0.4491646000362455, 7.719418416499689;
  -2.219405669881507, -1.409136793357715, 7.983241723947977;
  -2.202824594582308, -0.2967737963054166, 8.027798924849465;
  -2.165387973914548, -0.4047697508885578, 7.995739323094411;
  -2.187430522558328, -0.09182683720563019, 8.330555908251146;
  -2.235897066945088, -1.833787053667825, 8.693227612456498;
  -2.159452945343049, -0.3624607222334483, 8.381172665063861;
  -2.153269000885367, -0.4437714074908672, 8.395001386226458;
  -2.166228655100556, -0.3925518096728964, 8.74732835496847;
  -2.176178663346753, -0.5196868271789087, 9.09060630982791;
  -2.23788530582612, -1.836406511887096, 9.477013868310507;
  -2.194362844218314, -1.40594260821479, 9.304134166418514;
  -2.212696895190346, -0.4707405844855712, 9.395591699418377;
  -2.232121475546648, 0.006380762903474021, 9.551771133612013;
  -2.262317548603681, -1.032870111738055, 9.929891116938896;
  -2.231617262152614, -0.5242396342517186, 9.919039411113827;
  -2.276407362717238, -0.9252688931630574, 10.59022033214349;
  -3.255441343599461, -1.812954232555759, 15.84570107192982;
  -3.247984360625328, -2.218816412058489, 15.96832940721939;
  -3.312362525121209, -2.138645138742143, 16.34717927886673;
  -3.151693680263937, -1.853096192767977, 15.70184756515938;
  -3.120829921350187, -1.462609856900223, 15.65702815284478;
  -3.213658903458279, -2.175520175954253, 16.1625396798035;
  -3.595728794015809, -4.091815309492235, 18.13280939270084;
  -3.169102868184429, -2.22864291623635, 16.0481916672583;
  -3.121018684937136, -2.078824647232566, 15.91465028405942;
  -3.555146872271191, -4.081809815846776, 18.21846310998004;
  -3.089163298117911, -0.6754434115531399, 15.90808304726943;
  -3.060086781316923, -1.817462476792867, 15.88182931183341;
  -3.038869988236868, -0.8579545677661562, 15.87030065084437;
  -3.023723211380428, -0.6319996622064641, 15.85580988336711;
  -2.992539943838265, -1.247031516220149, 15.85932002932982;
  -2.923141519749596, -1.823325963253144, 15.56664773664156;
  -2.890361399673417, -2.435006496156431, 15.46263395061019;
  -3.016433355644594, -0.7536218589924966, 16.11144474560913;
  -2.955042627131725, -2.240448228346097, 15.99347227457425;
  -2.719472073952496, -1.46290839113047, 14.96911785034776;
  -2.894820742450641, -1.341201964967113, 15.92507425131923;
  -2.943697970532416, -0.5378710524288272, 16.3980842175942;
  -2.880689818255188, -2.139079656311434, 16.23636669640274;
  -2.753707721393945, -1.776866711251591, 15.56424424924483;
  -3.062732685394978, -2.501941504292149, 17.34613520888145;
  -2.838262150955786, -2.036566406562188, 16.11876955476888;
  -2.821115318567832, -1.16528238838769, 16.03174192613981;
  -2.919663356916494, -2.269701873033797, 16.64549397501052;
  -2.777100453723769, -2.248640104008145, 16.19026744641828;
  -2.751458416243819, -1.594374966670764, 16.13956444776285;
  -3.088852407840652, -3.339170568396325, 18.45555488322446;
  -2.787057729500168, -1.566280054043863, 16.73154054820962;
  -2.621716961771207, -1.825444445130114, 16.00819380162759;
  -2.790006252461152, -0.8851231498123169, 16.93956438039475;
  -2.585646137356615, -2.114066862180163, 16.0785399622982;
  -2.49317321247868, -1.616691169144154, 15.75636415501142;
  -2.468096373576908, -1.44440170641844, 15.82329200242264;
  -2.463983022638464, -1.518886365988304, 16.03980860275603;
  -2.850398872716069, -3.09429376330301, 18.77527263145562;
  -2.785155846480828, -2.948832200805638, 18.73738259879534;
  -3.218340422224833, -3.55179385418515, 21.87458153932847;
  -2.883616042482019, -3.463179221484408, 21.45746039951442;
  -1.094878352746908, 0.1451449023227256, 9.800861342570077;
  -1.961354897927755, -1.691823439051878, 17.16385843465931;
  -2.071402649276009, -2.404081137546492, 18.16945463882268;
  -2.985932159826342, -2.72343739715634, 26.61496451966831;
  -1.229216319427061, 0.2665757088260284, 11.63662930670779;
  -2.21988271133211, -0.5504207457481429, 20.43779689688351;
  -2.668102282559618, -2.022062532577675, 24.62696705121509;
  -2.805110671345518, -2.596173237308209, 26.17736932295013;
  -2.666842485113778, -0.4882849474758796, 24.90372065575285;
  -2.681479619895995, -2.669030945259, 25.36410619723066;
  -2.570998867654066, -2.448759244699103, 24.98215762608409;
  -2.102061494833697, -1.800401302969595, 21.04401617387197;
  -2.444049250185541, -2.612239508914444, 24.76369559217248;
  -2.426900536143028, -2.74892334639253, 25.67957551966354;
  -1.551264753296374, -0.2904208321450165, 16.81738319134549;
  -2.322311329979042, -2.367646083561399, 24.9690274749533;
  -1.471814178070195, -0.09984645559268801, 16.43293243368098;
  -1.402510992353277, 0.07087829431747703, 15.69832510410734;
  -2.489598203192851, -3.687846461721906, 27.96193225937545;
  -2.541831255448919, -3.398402798736045, 28.78329904926545;
  -2.506573532995481, -4.075975865059026, 29.37664322524882;
  -2.432863532780123, -3.733778444144445, 29.1014989142657;
  -2.396375835148588, -3.621469302523273, 29.36241185938298;
  -1.099550115144176, 0.187124603528902, 14.17048961740065;
  -2.35921880369639, -3.496282054280425, 30.23120750212506;
  -1.49419301181761, -0.5807223858835037, 19.33204548372448;
  -2.343257087860572, -3.095453531307737, 30.41442892131939;
  -1.211065858462959, 0.185615280373775, 15.99151428013928;
  -2.220621862900541, -3.13734199418766, 29.19581192182784;
  -2.313569546837086, -3.499227320288882, 31.7152277546878;
  -1.137360844317592, -0.460632328532822, 16.15638914468107;
  -1.18716937109603, 0.2801155433108035, 17.31443565579638;
  -1.664781199864009, -1.108039760920526, 24.50830549210432;
  -1.098188646131241, -0.5696036690786566, 16.47846394703091;
  -1.054287686753072, -0.4282955918759618, 15.91057657414874;
  -2.061848293682871, -2.496938728069665, 30.64880571795468;
  -1.806623400330627, -2.635369724374973, 27.12883913146116;
  -1.791066117854724, -2.84395769557967, 27.09973623887657;
  -1.780854969615015, -3.140735858907838, 28.40644917008789;
  -1.402252822877734, 0.2622883150442673, 22.3262671622022;
  -1.7559502450286, -2.473770816498704, 29.41143367431359;
