m=[-2.973889413417358, -1.002078793601649, 5.861348138556692;
  -2.976418133265097, -0.245347573827492, 5.879978915157556;
  -2.993769133251132, -0.2934146002688426, 6.064542894882392;
  -2.989733071110407, -0.3141632131075726, 6.182383339330494;
  -4.591220597189244, -1.11548281334408, 9.78618891540305;
  -4.52324146936756, -1.024300206860952, 9.660593986985392;
  -3.234444018988013, -0.318666008822966, 7.217155507227318;
  -4.510227594954934, -1.451264314041356, 9.718465881403629;
  -4.4550955396438, -0.8786195086191709, 9.694664857064971;
  -4.439987588759251, -1.987274745384535, 9.696680659260466;
  -4.456720713302589, -1.413977936743602, 9.734566928606329;
  -4.422129584548032, -1.962920492140368, 9.804056808410195;
  -4.422940894810352, -0.9214015976089963, 9.798373514494394;
  -4.438404985583672, -1.458667248680858, 9.843899866071112;
  -4.32585602623969, -2.067302860485277, 9.678813388711799;
  -4.357390963800969, -1.9092191067548, 9.753470198976901;
  -4.438736111418949, -0.9889135872659642, 9.939737210471803;
  -3.177362954752692, -0.474532804962042, 7.484133423653786;
  -4.033353554876924, -2.191283740234669, 9.765914712795563;
  -3.923927545545768, -2.143134549378525, 9.739426615668622;
  -3.833599846390169, -2.150346646127726, 9.73049168872469;
  -3.838097668909537, -2.245618320222433, 9.850521005958392;
  -3.764152551111474, -2.153561787743339, 9.75883757690776;
  -3.379894682976483, -0.57221472211518, 8.886168378485463;
  -3.220392448781299, -0.2961104717052869, 8.625168118985659;
  -3.219558184452609, -0.4868469344864047, 8.654102454171278;
  -3.679114575572768, -2.250051272369356, 9.862413706064263;
  -3.634547282975782, -2.215682217213164, 9.827568718254883;
  -3.434964593527353, -2.155930769275709, 9.768132925751926;
  -3.354208285633283, -2.151551388146637, 9.762697048814786;
  -3.314994923310358, -2.219999781312341, 9.84979720814111;
  -3.281005428131997, -2.15545972035987, 9.784863669015946;
  -3.297061834815011, -0.3395681896878796, 9.799013400410297;
  -3.283530108432223, -0.4598059012929174, 9.798209746559627;
  -3.283214148102522, -2.262092996171498, 9.909829299775376;
  -3.289491458127368, -0.5860228047970237, 9.950532191570453;
  -3.229908864452519, -2.211316604831088, 9.83368161476171;
  -3.18521351529904, -2.1465032722608, 9.745330802968224;
  -3.133902169362025, -2.034144672546805, 9.625289453313297;
  -3.171003493667165, -1.865858051813518, 9.843944229479405;
  -3.14004624225473, -2.226492505350022, 9.840381615954353;
  -3.217956057655969, -0.692281632514037, 10.02500684410785;
  -3.183880248685597, -0.586348407416616, 9.948767446605672;
  -3.064536463115854, -2.218936368719993, 9.838958569615835;
  -3.028220935315844, -2.154104852467034, 9.762148494985437;
  -3.033189112003186, -2.081933600150292, 9.829934057974832;
  -3.073831978298247, -0.582907977827227, 10.00805686753848;
  -2.969218209013371, -2.163654082389099, 9.800525485675241;
  -2.926634799514528, -2.013699415547096, 9.694537064036833;
  -3.05733842333754, -0.440625268564859, 10.17491132476749;
  -3.000997601095551, -0.8712445726059757, 10.41928354731068;
  -3.030684271556423, -0.4839880245784669, 10.61274604568694;
  -3.05471382989962, -0.8975044109869615, 10.74264935192583;
  -3.010691929407575, -1.359385279627084, 10.78771154630667;
  -2.980979807978945, -0.6212556153527775, 10.67700357089825;
  -3.056477817909983, -1.940607528288691, 10.99420514932864;
  -3.055665434187667, -0.4116721019791704, 11.13582431737955;
  -3.035952888275689, -1.424974048453088, 11.14351884618306;
  -2.975784837051711, -0.5562549075276715, 10.98814629309538;
  -3.03495861580514, -0.9536807188050006, 11.23016241357819;
  -3.029046583695091, -2.48837716779157, 11.28248339062579;
  -3.01531540568656, -2.473032607546669, 11.72362696499017;
  -2.995065811218673, -0.5027170049767268, 11.62431613116976;
  -2.998811969407841, -0.6358188480137185, 11.69939401235407;
  -3.075126762427042, -0.3308150310905449, 12.23781929602945;
  -3.013801412144951, -0.546144191910024, 12.1698651186367;
  -3.016814047389412, -2.112707051855951, 12.39581146747182;
  -2.987082522919839, -2.499164225434075, 12.40007759584217;
  -3.021233459079851, -0.7214918779238979, 12.62067513534767;
  -2.982279661172728, -1.363853110634771, 12.60003917626743;
  -3.020622536261294, -1.935332590165324, 12.8074887056766;
  -3.132540020113811, -2.570559302886323, 13.26570451862241;
  -3.15697138269039, -0.6716304239962581, 13.40518630589734;
  -2.91488776792497, -1.364038603247674, 12.48055080224242;
  -3.097453523851257, -1.950778745780559, 13.30737819817726;
  -3.137966183713827, 0.008970218886717885, 13.42809302280824;
  -3.048047058425231, -1.391598057382189, 13.37865916663614;
  -3.076008712680469, -0.7225995737885764, 13.67217047809362;
  -3.077205343843946, 0.009406876527378438, 13.98002747393481;
  -3.193563160274739, -1.298056182276004, 14.85697949577708;
  -3.153041869358403, -0.6375704813672827, 14.91168616431201;
  -3.560826204543211, -1.426181402178918, 17.47747392549347;
  -4.661541245992329, -3.057088799012838, 22.66032844064356;
  -4.557956459649599, -2.538324479896788, 22.18562951548154;
  -4.57686591741628, -3.126623802892699, 22.50161777500297;
  -0.9185487717484403, 0.3112716452435065, 5.311067063856542;
  -4.272598055676545, -3.315496737839942, 21.36998403307901;
  -4.570869237926717, -2.687526530729637, 22.77222956775136;
  -4.332644656974358, -2.030539613320284, 21.73663451072384;
  -4.453333364873643, -3.014730833787952, 22.39726722077041;
  -4.920272545505834, -5.599100399919258, 24.81231742957865;
  -4.423442768085478, -3.110746100873145, 22.4001114271347;
  -4.341522949698159, -2.891768946439407, 22.13822678413603;
  -4.46007056839962, -1.979221644310782, 22.66584633217222;
  -4.814034827164481, -5.69375628086483, 24.67373250028557;
  -4.881274621627549, -5.604391430296787, 25.01424689860735;
  -4.552655366910982, -1.085016834461131, 23.32691323646963;
  -1.645732780263244, -0.1180966716197269, 9.095889187317976;
  -4.361816739418492, -0.9537082033951987, 22.46179182884713;
  -4.119356047330114, -2.446589126256836, 21.37942950435235;
  -4.283016747155331, -2.319427722305481, 22.29932728121885;
  -4.20159644523998, -0.8781913384549731, 22.03234548440766;
  -4.08889025894975, -3.444716063443961, 21.87443180825052;
  -4.198329577830103, -1.048905302411824, 22.42421663004442;
  -1.693566708171419, -0.1124617452063387, 9.696007039167167;
  -4.099512571210947, -3.108160130389448, 22.18764631174581;
  -3.791077934176703, -2.039366307327466, 20.86768712210548;
  -3.980244217599977, -2.036541956380909, 21.89554281776485;
  -4.059128700224054, -1.88063851725276, 22.33019993217462;
  -4.744830022993996, -5.260140381042026, 26.4176023498941;
  -4.120568061332415, -0.7529081794191738, 22.95392488307378;
  -4.039377682526337, -3.377608216080879, 22.68067735328673;
  -4.037216570744655, -2.997868003655464, 22.75487220457034;
  -4.03845513925222, -2.605867153609077, 22.82577111891953;
  -4.188373946105805, -3.421476076325151, 23.72133262591223;
  -3.960269457911599, -1.635818366658196, 22.50528983673156;
  -4.183028681133359, -3.251822854861423, 23.84815309071709;
  -3.945922720264599, -3.195044696422948, 23.00440521635403;
  -3.791110658090842, -2.19681747449064, 22.23797911450453;
  -4.197104622611494, -4.537234667713351, 25.07724050414957;
  -3.753724008995058, -2.109530413181982, 22.53472714200016;
  -3.650518514820046, -2.541776569283389, 22.29005217336227;
  -4.033712262279986, -1.279686058006618, 24.49074388224189;
  -3.579815225198852, -2.926915880321455, 22.26066487769543;
  -3.488496426911759, -2.548023639962807, 21.75928153019591;
  -3.557669094274652, -2.306960534736652, 22.48376868155541;
  -4.114967108392387, -4.467065006787183, 27.10484840176807;
  -4.009086367844942, -4.244689930816573, 26.97148356737118;
  -5.046184799634398, -5.569021858176779, 34.29816811790683;
  -4.376362623152887, -4.462046113437141, 30.80715303665654;
  -5.285440784202194, -6.211398702362076, 37.70453794340745;
