m=[-2.704703531446906, -0.6571346857885915, 5.765076880666857;
  -2.661144278400445, -0.8580800574861451, 5.724805624527877;
  -2.664944256678373, -0.7223046591428923, 5.745824672477117;
  -2.629222855409837, -1.176802429306767, 5.742073350719121;
  -2.641540799307811, -0.5209561183217376, 5.748216290239259;
  -2.608736021671269, -1.213760197406501, 5.780292089650007;
  -2.608734347211271, -0.8573519913450406, 5.785889249525317;
  -2.618743396236873, -0.5455452393342745, 5.801439934468015;
  -2.585632402571691, -1.23565953873096, 5.785179479968039;
  -2.588021918211445, -1.133958585767883, 5.792960710497161;
  -2.53794793496696, -0.5770397272166684, 5.882079368008422;
  -2.522797712605202, -0.5620682891236025, 5.858013849151704;
  -1.946875902478379, -0.2726288474546543, 5.809570131249331;
  -1.920278411978849, -1.152840053046282, 5.914846658047901;
  -1.870095070158165, -0.4023151481653812, 5.825970131837107;
  -1.860952070154334, -0.34271586786724, 5.814973532025299;
  -1.780567048258666, -1.222153393080705, 5.770446887377327;
  -1.795942677771755, -1.07634140174482, 5.82689630465371;
  -1.795669372303296, -0.3405228425123895, 5.846500823788621;
  -1.737275754907185, -1.195349407066795, 5.754761133570217;
  -1.77763797302227, -0.52228719636819, 6.25149931621384;
  -1.736859541335169, -0.3619728453863935, 6.220926245574652;
  -1.786664560804985, -1.134382417862806, 6.42666424713561;
  -1.72893541310233, -0.2901990431787358, 6.710267179103636;
  -1.732228783571731, -0.3569984080325054, 6.753481814565081;
  -1.734950505824042, -0.3678504165073366, 6.76863696911833;
  -1.746198039990011, -0.417004418944549, 7.294437349243029;
  -1.756750194707811, -1.125561325118579, 7.448649411608965;
  -1.783476709686135, -0.3794260617253826, 7.573029548717992;
  -1.79315015959269, -0.8186698665908939, 7.87059528936019;
  -1.786802939612659, -0.4197462241526507, 7.941939273590343;
  -1.969030562758547, -1.994945521066688, 9.248079304143502;
  -2.518673408819176, -1.348640713582094, 12.18128487390048;
  -2.621806330610749, -1.719408741343197, 12.74492478436731;
  -2.586321910270955, -1.440321836299173, 12.58879504817714;
  -2.56799537459455, -1.754291169722156, 12.62524430685578;
  -2.596383825500131, -1.67636954125708, 12.81367952641215;
  -2.426786002932201, -1.426873408052673, 12.09033229654246;
  -2.471929057600057, -1.158495623382044, 12.40152902338708;
  -2.521478328433849, -1.706941259645248, 12.6813376152712;
  -2.81248555638278, -3.200511528145649, 14.1830119664439;
  -2.491754795868642, -1.752304013404284, 12.61813207559879;
  -2.465805506920745, -1.642405182579637, 12.57359736439449;
  -2.793683406481343, -3.207542405599368, 14.31631938441649;
  -2.82751494742539, -3.34421780671352, 14.49207368830475;
  -2.507667212312855, -0.5976426769223676, 12.84879499395356;
  -2.469584921757794, -0.5399730294894271, 12.71747662272914;
  -2.409841211297519, -1.431265284142512, 12.50705928345543;
  -2.407160399435275, -0.6796059943451331, 12.57123845433388;
  -2.345755376128039, -0.4902950771923004, 12.30067988259821;
  -2.355102008124713, -0.9814025821416427, 12.48114215667285;
  -2.30318768709508, -1.436626273395465, 12.26519864130649;
  -2.353058971041614, -0.587885249563687, 12.56821388881487;
  -2.330455486953341, -1.766900016617361, 12.61304147544408;
  -2.26391888044468, -1.158362536017597, 12.45394254039329;
  -2.269286106663834, -1.051384958211104, 12.48386444665144;
  -2.336011680098416, -0.3442358121984356, 12.82922980695828;
  -2.294903526777034, -0.4193236492081203, 12.78392745453345;
  -2.257015778089508, -1.675965424770874, 12.72116684705194;
  -2.220410051108589, -1.432749261837462, 12.54999000091349;
  -2.205369504841705, -0.9109440606575214, 12.53260174112618;
  -2.263969733914134, -1.759975626430998, 12.90727387327063;
  -2.188869083528873, -1.772344531882804, 12.76092689409567;
  -2.134676601863973, -1.23697124254417, 12.52163230507714;
  -2.111359241032073, -1.186548750370808, 12.67512056863661;
  -2.016739054846171, -1.40421149903945, 12.31420100187999;
  -2.19656720857922, -0.6968559603466906, 13.33649041566432;
  -1.978221534050921, -1.184280433977835, 12.2368169826084;
  -2.038434270187767, -1.666657428128189, 12.67576657153833;
  -1.98753342532596, -1.451709141473889, 12.39711728488925;
  -1.98539489219139, -1.287423743125581, 12.54730507944389;
  -1.954504394266082, -0.9742600546638983, 12.60846764511274;
  -2.20444316134423, -2.393066735675379, 14.5204314213566;
  -2.172849939451872, -2.300542670554779, 14.61804038604246;
  -2.383495818959374, -2.630450695269704, 16.20026684574046;
  -1.722238602669601, -0.4581937563745461, 12.58178662925766;
  -1.771646367643551, -2.000330683753148, 13.65419446680225;
  -0.8845540288250335, 0.1172628062203192, 7.918132059854424;
  -1.562828678259147, -1.813827431345965, 13.70846213207537;
  -0.9755417262917614, 0.2115622149377304, 9.235166555040703;
  -2.058985858826337, -1.905623203136204, 19.21451221437021;
  -2.042608715664402, -2.033125976685769, 19.32102858402865;
  -1.995916458413626, -1.90101946005411, 19.39413517442817;
  -1.644114356516354, -1.408172709018317, 16.45944668852922;
  -1.859670567739919, -1.954530828878061, 19.46473351588352;
  -1.183084111717314, -0.221491703136019, 12.8259079000304;
  -1.843562892586626, -1.879551809477345, 19.82161991915841;
  -1.118416478918134, -0.0758722962180244, 12.48721659610249;
  -1.964285186800833, -2.626229519378832, 22.24325781993943;
  -1.811217128121586, -2.779721665241789, 21.66547057709279;
  -1.826811844360364, -2.76072847956538, 22.38363489439131;
  -0.8948710995068369, 0.1522917395017804, 11.53268182124723;
  -1.762012274805311, -2.61124228332339, 22.57855804534603;
  -1.605012697145229, -2.2675962171159, 21.10203885716518;
  -1.759563865107991, -2.32439206437348, 22.83835196107741;
  -1.67543360204124, -2.53405956246603, 22.96743503960748;
  -0.8634123397646091, -0.3496828983842591, 12.2649076792566;
  -1.760369576581426, -2.418906563081597, 24.66191095922591;
  -0.8248092093086398, -0.4278084221387232, 12.37636982193605;
  -1.192708636677298, -0.7938392100653915, 17.55862430038632;
  -1.477212160956122, -1.788932903341018, 21.95835099219372;
  -1.387330718667115, -2.023736309959003, 20.83260511403027;
  -1.336416735930015, -2.122039283062309, 20.22066114025019;
  -1.316813673307911, -2.322347408308256, 21.00451823170324;
  -1.223580299890732, -1.723771642210241, 20.49445930334253;
  -1.246315501963856, -2.148543039421655, 21.15743743211654;
  -1.232780446467992, -2.262628940112812, 20.87141077547094;
  -0.6673926912357467, 0.1149993304896336, 12.18880202376674;
  -1.12851835156161, -1.680724347756836, 20.27879637486388;
  -1.457138048324191, -2.968258717282302, 27.14729782172855;
  -1.017306838412692, -1.721098716599355, 19.90608549709034;
  -1.325264575740121, -2.663371251067256, 26.53407683236274;
  -1.670965561201611, -3.500941043648703, 33.23554093502746;
  -1.017580598072075, -1.598522791275441, 20.66914435084779;
  -1.012755880725245, -1.388115658048554, 21.80524842353117;
  -0.9914118723106133, -1.239156121477886, 21.61118537330344;
  -1.086136049173742, -1.104639478131852, 24.65742877456619;
  -1.349078276421321, -2.996520008491381, 30.88270339652163;
  -1.039713655673405, -0.955184838578918, 24.22768990515047;
  -0.7880660084663047, -0.9523012421435776, 19.03487647218666;
  -0.856376147182168, -1.155645375604963, 21.02411715144327;
  -0.8832940443809999, -1.759507791018078, 22.04040827528828;
  -1.051204200967806, -2.659097438785952, 27.24361557822665;
  -0.8814450993428986, -2.275999665716423, 25.20345361187531;
  -0.9169472994580146, -2.280271806783096, 27.24067129745675;
  -0.3592941983988358, 0.09074029932260656, 11.41055443182072;
  -0.7777685760051519, -1.149681643877, 24.76092502555239;
  -0.7165193705638883, -1.99371433901021, 26.12346599484582;
  -0.8513414562496516, -3.003786771611755, 33.15557477838824;
  -0.5211359114482022, -0.01357777843506583, 19.79642280917092;
