m=[-4.359432637453996, -0.3593501225213978, 8.612154221140855;
  -4.376972014726491, -0.428980137387619, 8.866526893535825;
  -4.282765434271903, -0.4500359456227932, 8.856207907975259;
  -1.246471772792799, 0.5400618795090889, 3.372395282767908;
  -6.604764867875649, -1.60469346665775, 14.07805949869152;
  -6.583401114412161, -1.49082890422913, 14.06061684977777;
  -6.563023832088225, -2.116232446632407, 14.11875186655904;
  -6.513745345954421, -2.095939943676184, 14.03556928604226;
  -6.51875874726441, -1.766839889118863, 14.05494495807697;
  -6.454744982449516, -1.272983893224272, 14.04607124265465;
  -4.771842145058363, -0.4701345523904722, 10.64761876064333;
  -6.433210071872575, -2.879412532582873, 14.04976532790685;
  -6.431194796439238, -2.040416740030965, 14.0473007406493;
  -6.412404340309481, -3.211498431267734, 14.04681854084371;
  -6.372049134181175, -2.828462075402499, 14.12711466343839;
  -6.382477248991476, -1.329618657311037, 14.13943742878405;
  -6.39294235566125, -1.871430825397079, 14.16767929609026;
  -6.397938665383914, -2.102661568869243, 14.18993259422487;
  -6.382027230350112, -3.210142685346664, 14.1958871284036;
  -6.296084797041685, -3.139847150001432, 14.08006443459781;
  -6.299279209383943, -3.010390972229111, 14.09421570694709;
  -6.299778743473331, -2.760288908038506, 14.10126030578097;
  -6.362221755446051, -1.417450233856868, 14.24703130271571;
  -6.037141580877662, -3.156158341226367, 13.7557397387889;
  -6.055116970282926, -3.164104846469363, 13.83390968764095;
  -6.139516267266202, -3.191101434825039, 14.27534144045571;
  -5.96597826713341, -3.046722570495447, 13.98094559445827;
  -5.877662507989392, -3.112961721324441, 13.96091845737582;
  -4.693074993155421, -0.5097410484948806, 11.45582324192028;
  -4.545349275634294, -0.3351478256144706, 11.16859477688206;
  -5.851893152963533, -3.179279510514141, 14.16912469057726;
  -4.525292083342511, -0.2759757767950228, 11.32294452724245;
  -5.685622387047064, -3.105320786626751, 14.11206026622635;
  -5.572447970906546, -3.125703068942734, 14.14405802363921;
  -5.592503963757745, -3.16915163195055, 14.24271257621772;
  -5.567107759671973, -3.257238417104624, 14.28804492738803;
  -5.456254064869939, -3.121653572423235, 14.14573306325905;
  -5.465651478884624, -3.211800941568155, 14.1802036796239;
  -4.943181480567293, -0.8368785073435374, 12.99624606144501;
  -5.309217464037322, -3.104358879385814, 14.06389827286156;
  -4.640167817918242, -0.4266567827394545, 12.42774853263533;
  -4.665220279254715, -0.7054533763753443, 12.54001075765995;
  -4.503990737885051, -0.6730175719491859, 12.41692092714811;
  -4.530974864589409, -0.7800362423274221, 12.49419777487359;
  -4.847887119726026, -3.109669219618968, 14.11017123756247;
  -4.918422258887595, -3.349608887562159, 14.40949121422346;
  -4.853098880359068, -3.262169861640293, 14.28934298893824;
  -4.789772764616281, -3.207635225988681, 14.23178360630353;
  -4.619984900615545, -0.4758175574754968, 13.73079918392401;
  -4.741299100701026, -3.114801074729705, 14.13986240821331;
  -4.614460263433386, -0.6461813932997284, 13.76976852204746;
  -4.812579804446279, -3.347880424398524, 14.43137393009134;
  -4.743333565389582, -3.26809679562757, 14.31695400437763;
  -4.666404128247756, -0.8313197557621619, 14.11561789658512;
  -4.671716683981457, -3.198432249916039, 14.22336554763165;
  -4.604469311532537, -3.102934354873576, 14.08761968309906;
  -4.66638912185038, -3.331792269555618, 14.35673271584755;
  -4.703598695920547, -2.823807702199589, 14.48803717930385;
  -4.617907245418727, -0.9224032941537975, 14.22231221255144;
  -4.614476497562843, -3.266613934045094, 14.29460374373341;
  -4.561284562168452, -2.683916792880079, 14.15988059755967;
  -4.545298495919885, -0.9778339438578563, 14.16012142916014;
  -4.716325709214986, -3.473361618705548, 14.73065331281984;
  -4.564761657818926, -3.324462046742274, 14.38135559844367;
  -4.434777261394678, -3.211085484189615, 14.23823480826603;
  -4.378713345730722, -3.114768660238765, 14.11576328513145;
  -4.344529848621289, -2.982017386554242, 14.07971621546748;
  -4.453196655986623, -3.357237223527653, 14.43401351811295;
  -4.38767530933068, -3.277344891802992, 14.31461356792757;
  -4.383509991865809, -0.8312695564311745, 14.27222359183859;
  -4.288817139242663, -3.125239055780335, 14.15613764894543;
  -4.173482530777355, -2.871605071605266, 13.82474543371207;
  -4.321833500980386, -3.358329711451174, 14.37468835678062;
  -4.349206800487353, -0.6268100383917745, 14.47428691251197;
  -4.270616090439649, -3.267278826995982, 14.2683008215252;
  -4.292435335166903, -3.422611077589596, 14.48076917727935;
  -4.314491835713537, -1.252576008073432, 14.97965669230969;
  -4.267925526316482, -0.6815704505798342, 14.94527495912348;
  -4.350466962169035, -1.27820918941139, 15.29948260104472;
  -4.196885965440747, -0.8746583811290758, 15.03202615452943;
  -4.304636006878359, -1.943625903648867, 15.42408610474694;
  -4.415089959254336, -2.80321249602902, 15.88115721970954;
  -4.30482070493546, -0.5799635550465159, 15.68814653320293;
  -4.277194013006113, -2.007570832956604, 15.69951637812991;
  -4.213701040219906, -0.7876550257575113, 15.55917715851307;
  -4.242610471196188, -1.333163418673707, 15.69879879117922;
  -4.422418957360081, -3.633039656484587, 16.47246651847014;
  -4.103067856553128, -0.172243982253069, 15.62602140816228;
  -4.172605914236687, -0.1218091908947119, 16.04039193797687;
  -4.241538151219975, -3.478728007802507, 16.4912138043333;
  -4.20942945783081, -0.7065460003499765, 16.3374502711758;
  -4.159395806226722, -0.857217992959491, 16.21633597324832;
  -4.193310606807794, -0.8890807248280774, 16.35954288088137;
  -1.109398491937446, 0.4001517122658003, 5.088550206876701;
  -4.145120167422212, -0.7511554328311086, 16.73818093481034;
  -4.421617143636246, -4.245231120721975, 18.34308888304379;
  -4.248635002008791, -3.554651243303579, 17.63707674531288;
  -4.462344588038392, -2.712999126655284, 18.52160431062352;
  -4.188039408186243, -1.000133375443238, 17.49480321221191;
  -4.335273727278617, -0.922308560526325, 18.40851403337896;
  -4.05980531824362, -1.899809398046453, 17.38269551202071;
  -4.324821060148568, -2.723775817288781, 18.58043358638708;
  -4.3167833386086, -1.970844672998964, 18.94746763302794;
  -4.226075233423178, -0.9927670717840603, 18.78395883809482;
  -4.239185813028862, -2.379740116700914, 19.13306693639185;
  -4.216493705984036, 0.01288962914028776, 19.15591950054776;
  -4.345499398350134, -2.341190051006174, 19.92233466950104;
  -4.143969030775248, -0.9030516254126645, 19.09080832247687;
  -4.383307278782334, -1.781639763012963, 20.39186422696494;
  -4.743125482716752, -4.619895363587277, 22.45104925896439;
  -1.283928515163666, 0.3825961842843268, 6.941725890152792;
  -5.200180538673363, -4.232565881608901, 25.35432813225322;
  -4.788140190242658, -1.917744955268186, 23.50145458371468;
  -5.930304411468289, -3.302584610917302, 28.86546586207973;
  -6.263419927225344, -4.107618037166652, 30.44725879763923;
  -5.964046521644586, -4.074257396349534, 29.32152648643487;
  -6.084910487900488, -3.928756027136028, 30.0302644674818;
  -5.436661219333297, -4.218799031070163, 27.19220528971938;
  -5.633704595178882, -3.312440102247235, 28.06731229452119;
  -3.141193200344173, -0.1578833335423323, 16.0832430932523;
  -5.13035389087166, -0.6149438539020516, 25.73285444497763;
  -5.41702256273821, -3.985475742835096, 27.24179363274699;
  -5.950125130098854, -2.788588896029037, 29.85144305287933;
  -5.929227776512338, -4.013853070016218, 29.82002200213213;
  -5.914879612219866, -4.159585566156341, 29.95267924516571;
  -5.619585883924099, -2.493773549757285, 28.55844277396091;
  -5.834443342045459, -3.886162130609078, 29.75090339540298;
  -6.870576457929106, -8.12611234961456, 35.21427902621823;
  -6.629122168595758, -7.611166826684496, 33.97114719003373;
  -5.90475546569316, -1.407257647969189, 30.25480896970504;
  -1.492183279031525, 0.370034913915028, 8.431958900017349;
