m=[-3.772548889980695, 1.085266708212666, 5.69638309764438;
  -8.723682380470645, -0.1351623844832348, 12.55452124603348;
  -8.73883926434479, -1.788486408586509, 12.70674999466525;
  -3.586062254412179, 0.1612751001173397, 5.926825521454845;
  -3.251762522637947, 0.9128260889097231, 5.679254974971316;
  -8.601585476710183, -0.1494311422252563, 13.61418918528602;
  -8.568421659549498, -0.3308693094920808, 13.63699872206654;
  -3.060776162426352, 0.6371398123368095, 5.655732251889159;
  -2.81452032001222, 0.9979426373916801, 5.706254361511592;
  -8.610232370279709, -0.8354713279482877, 16.38450720840489;
  -8.516729951001979, -0.8905791915506666, 16.53802627139258;
  -8.337679263895252, -0.7919082173631264, 16.39021146518924;
  -2.49759370535951, 1.054860654581747, 5.705377990400161;
  -13.70731593192513, -2.972086541045168, 26.87171549212141;
  -2.498492175010289, 1.087053714740275, 5.724763465471302;
  -13.20847482703119, -3.216454970485355, 26.23953697047119;
  -13.24511904353783, -2.76532157080146, 26.43485114629603;
  -12.86674239149452, -3.105988503227396, 26.32245904472675;
  -12.91064704933522, -2.918624613272122, 26.46262144489536;
  -13.12190262055336, -2.818757178662116, 26.92071942385123;
  -12.48981684446505, -4.004903475880496, 25.8443140424427;
  -12.9309465969643, -2.532893234274834, 26.97661002660167;
  -9.338449979689896, -0.9147638816900967, 19.76720534431194;
  -12.67034225371183, -5.661173267116529, 26.54923123761;
  -12.52732707030841, -3.962483795087908, 26.26195274405734;
  -12.52784984491547, -6.250020668866324, 26.32807748889891;
  -2.376019721515877, 0.817165406974451, 5.832151473234733;
  -12.36841314227162, -5.469806863692051, 26.32071955549678;
  -12.36098159777414, -2.565207816627045, 26.29273111714887;
  -12.46078444008509, -3.639360389795162, 26.51053720005623;
  -12.39239323561226, -3.829586293868431, 26.37494354351225;
  -12.42733087918785, -4.069257867241304, 26.46204801091077;
  -12.49017840349418, -6.268154657077311, 26.67089158789711;
  -12.06184873173988, -3.650360837578926, 25.8884532447047;
  -12.40152986415837, -5.896345062055989, 26.60993693436591;
  -12.31881105328663, -5.373019661757112, 26.45450884045648;
  -12.37204612136307, -2.408173263769519, 26.5780987321929;
  -12.13099188588775, -2.683611906640522, 26.10041788454285;
  -2.340987850247528, 0.6906737899025185, 5.849568864042087;
  -2.34181265109818, 0.8708057175297452, 5.851346800417069;
  -2.32985905939699, 1.153853623198908, 5.857024494100147;
  -2.312616797801052, 1.111181617396825, 5.822265891889788;
  -12.27778156928561, -4.063589999472522, 26.69321918486922;
  -11.69689075867826, -6.091205294925149, 25.63365303833476;
  -2.309337830033075, 0.8834973699928971, 5.883927717508602;
  -2.271922003645968, 0.7524855421739471, 5.821311307254627;
  -12.08236449905316, -6.051988181042302, 26.71569978175145;
  -8.840672980269888, -1.495693634383249, 19.79859192433425;
  -11.90171095330907, -6.165198362820713, 26.56968875899581;
  -11.44186678791474, -5.824862089396858, 25.73511368255327;
  -2.251398345189165, 1.041163859183798, 5.862908289636103;
  -9.682347774232317, -1.623843987085604, 21.94160431132148;
  -11.63779636069595, -2.467789261848329, 26.35410409901114;
  -11.664720985284, -6.140254375666546, 26.54006880609322;
  -11.51588591091889, -2.532953191676153, 26.22966167346701;
  -9.183652595216474, -0.9872743645867298, 21.32643073285672;
  -9.069491891568303, -0.6759373638773617, 21.16194471140511;
  -11.59971952321677, -6.274146993684046, 26.92780996543564;
  -9.572764244554421, -1.601233643674207, 22.47549716894427;
  -9.45974029912967, -0.5879237113505847, 22.4349803198548;
  -2.399200938531604, 0.7362366214622776, 6.455480328663694;
  -11.11665514192826, -6.046316705137601, 26.46184485082713;
  -9.369718738408295, -0.646449272247497, 22.50008906217954;
  -2.48583844985861, 0.4892035480328672, 6.68357060971849;
  -2.455428529005175, 0.6036759528395425, 6.692223097523111;
  -9.045524132676617, -1.467323074613804, 22.00013655362534;
  -10.98790500676121, -6.12655346534159, 26.7291860572423;
  -8.642383178010396, -1.237659091152293, 21.21377576351051;
  -8.567026719593411, -1.439717240117038, 21.03929713767962;
  -10.98501246000025, -6.196566449759716, 26.82987092169659;
  -11.05195636459568, -6.516850049483862, 27.10874879407554;
  -8.726017541516242, -1.347576736759605, 21.61459011376326;
  -10.86002406347087, -6.332834380826904, 26.74468732173553;
  -2.298663626106627, 0.3973082996886815, 6.515127585888288;
  -9.676567595750768, -1.394074931822849, 24.3137273243982;
  -9.50103422409153, -1.603485776176459, 23.90289679754383;
  -10.30715131537503, -5.997860886561676, 26.17601137899688;
  -8.939288957247756, -0.8195962785749578, 22.85810557940279;
  -9.080549892194949, -1.377580722239156, 23.31401624718049;
  -10.4800862819556, -6.471609122269165, 26.84038561646108;
  -10.39957363698248, -6.326018750427171, 26.72842966019714;
  -9.015897723502738, -0.4406654622345465, 23.42084605061578;
  -10.21394329537015, -6.199987382027786, 26.48293964228973;
  -2.194752244123675, 1.09303386590184, 6.485157372442597;
  -8.937557020683183, -1.541385498640547, 23.51725464804949;
  -8.87623232745033, -0.4395711106377879, 23.569957427321;
  -9.927620180765921, -6.047508251887595, 26.4145818839647;
  -9.840756208106519, -6.289911221684508, 26.7683799313308;
  -9.763763331821568, -6.093401900602497, 26.59842603437663;
  -9.786818505140422, -6.419941497041751, 26.74986541015154;
  -9.654703540304352, -6.271524069524396, 26.82620899254493;
  -9.473948974227122, -6.050117459658583, 26.42558894685898;
  -9.608004868471594, -6.50665654319611, 26.98594177532048;
  -9.402947064168174, -6.297642481465156, 26.5552294308554;
  -9.311225811380906, -6.205850389420651, 26.52135235933164;
  -8.58946883780273, -0.8862743213947092, 24.49534593203987;
  -9.205267961796833, -6.016990455090898, 26.30944849780758;
  -9.038637319548156, -1.272348668268619, 25.83487141026652;
  -9.369511241201039, -6.495180068217935, 26.9546671776805;
  -9.282056537229179, -6.363751983483628, 26.85466142419369;
  -8.976856902208734, -1.586839015884845, 26.04122788083687;
  -8.813661800884688, -1.620804064915222, 25.61620057896893;
  -9.145790559088614, -6.25161620823359, 26.71050672457971;
  -8.921336151887312, -5.978566763680659, 26.14653637475117;
  -9.205029932923219, -6.541052161165212, 27.14036023962884;
  -8.587100009777094, -5.136711374939371, 25.43409170609335;
  -8.886989810758617, -1.773523103942462, 26.25460141001994;
  -8.968716645760884, -6.320421651681254, 26.63372368995442;
  -9.138820952017252, -5.319263368948987, 27.1206083601478;
  -8.824298331845716, -1.89611718680923, 26.3551255902387;
  -8.681975653902997, -5.833728190140623, 26.21598296504362;
  -8.774916725730382, -6.120273831211849, 26.49660286399133;
  -8.657629393231478, -6.221641666879336, 26.61205843559098;
  -8.765448998423082, -6.570733644683529, 27.22059440573949;
  -8.590868790011593, -6.37676074651019, 26.84237573393061;
  -8.4002206614675, -1.584260747770843, 26.22984447048434;
  -8.351630028672211, -6.029175083361682, 26.36890728702213;
  -8.298089861112032, -5.704023611126215, 26.32212831001557;
  -8.388804885702564, -6.479119024279772, 26.73397463146026;
  -8.205774795387653, -1.172582913860643, 26.21749428492922;
  -8.329843555191069, -6.33052599046572, 26.65128368207692;
  -2.946524227075046, 0.567837650923538, 10.16800099930213;
  -2.695278298777297, 1.517857570666236, 9.411663239751128;
  -2.118735226522021, 0.8969441051421973, 7.674326804906487;
  -2.942344044300023, 0.5937131942903418, 10.32400817756536;
  -2.136065100342522, 0.944170117632257, 7.83188172137338;
  -8.135992772566658, -1.303284178513509, 27.36688753540602;
  -8.342446686554535, -2.439067169439006, 28.18544651751128;
  -8.137732169692278, -3.661662936343255, 28.03101567788952;
  -8.344340552482121, -5.268191849076043, 28.87016927752028;
  -8.185250413259015, -1.096527626432079, 28.6873803903761;
