m=[-11.25516576047403, -3.249913064718923, 14.70721217560477;
  -11.23796700874263, -2.668072784636597, 14.74431044471485;
  -11.09482251687149, -2.527034019326926, 14.64928019968902;
  -11.36541314168379, -0.2110300644923128, 15.01852255572223;
  -11.25682826118828, 0.009380118256014907, 14.8905301544277;
  -11.21392633466818, -2.766255108610116, 14.84486774184695;
  -11.21835054111789, 0.1316501060551254, 14.95354275598413;
  -11.25604009236472, -0.371555614565884, 15.01533521100446;
  -11.1587180286265, -0.08273297125846024, 14.95016918101025;
  -11.26811033619372, -0.2855438086375579, 15.12250508452684;
  -11.13794866942887, -0.2052530157066426, 14.96358654158742;
  -8.89599181480879, 1.660105753911551, 12.22022260811332;
  -11.02900004492061, -0.1897419616917656, 14.96958612764993;
  -11.21985974279351, -0.4811182668039684, 15.29039942230915;
  -11.07958853701786, -0.2556738570691781, 15.13207107760295;
  -11.06277217565966, -0.1732991652771454, 15.14193292793368;
  -11.57035950870136, -0.5267734287321172, 15.91514988836824;
  -11.11598402656043, -0.4388700221005106, 15.41081640360518;
  -11.15654153541859, 0.0716751985057317, 15.52264047152944;
  -11.15492018215983, -0.1645937056095054, 15.53919184720198;
  -11.1439246856231, -0.4385126677444681, 15.59714605313991;
  -11.11255768878388, 1.232679750257511, 15.57088244600641;
  -11.58350384671441, -3.139081565440028, 16.26705968172353;
  -11.63155400461369, -0.05869892082434768, 16.35544216970752;
  -8.854182638150588, 1.574270532159392, 12.69940736602865;
  -11.4715434640104, -2.850500338574258, 16.23638853270077;
  -11.53276917873273, -3.193254807923886, 16.3489724984554;
  -11.45784772346186, -3.009868740472614, 16.26081539343531;
  -11.34096520713689, 1.395578542326794, 16.15214810862041;
  -8.656671185944708, 1.466207888052818, 12.59800231758531;
  -11.29465291958856, -0.005666604549595881, 16.12071934013144;
  -11.39325808465992, -2.865000605086969, 16.27644233882778;
  -11.5582773118104, -0.188517394021865, 16.51839955000974;
  -11.05810549267963, 0.05117470410391243, 15.86977641708832;
  -11.54179792904644, -0.1173655225928655, 16.56113839643848;
  -11.19049227926087, 1.275009648921381, 16.14350457825941;
  -11.31447539531456, -1.085258894781509, 16.37133320095689;
  -11.18982614808075, -2.866126010290185, 16.32569797188243;
  -11.28058255293413, 0.09442426939487233, 16.57543892254775;
  -9.026207037370872, -2.659178066430989, 13.45472428303536;
  -8.833826644146193, -2.445143519215839, 13.32413108989132;
  -8.704653974489178, -2.223236785589265, 13.17059102860818;
  -11.40930757262348, 0.07074004333293127, 17.03145778957689;
  -8.626794561111712, -2.54608239542039, 13.10274859556468;
  -11.30165700433704, 0.5904458038500539, 16.92323137462354;
  -11.1554701123447, 1.54454923395788, 16.7360414637036;
  -8.726832192500295, -2.123804186585358, 13.2879304113007;
  -8.830831992462901, -2.099487931736987, 13.47141133530426;
  -11.22604028917969, 0.4534742467268418, 16.93018005641444;
  -8.670942069122413, -2.256542391161731, 13.29330729218991;
  -8.699588238476558, -3.033009384247703, 13.41942532073212;
  -11.27894635662032, 0.7368014282659443, 17.17475368188894;
  -8.482015730474846, -2.254945762801931, 13.19949519042743;
  -8.579728631631836, -2.069396028202614, 13.37046250283341;
  -8.642963663000788, -2.844235942693553, 13.45704246147235;
  -8.275865434258401, -2.424614066098266, 12.9352680038113;
  -11.0863286990084, 0.5649314451632156, 17.0335025326127;
  -8.71102582635015, -1.741237736825525, 13.59477140724184;
  -8.44193430597101, -2.03471222462474, 13.21189893875998;
  -8.316715516940205, -1.9287198840494, 13.0364547218564;
  -8.510404230437732, -2.878086637276576, 13.30947092609919;
  -8.41915307130947, -2.534596930539529, 13.21761585105377;
  -8.41222470049166, -1.527423451988027, 13.2316980317841;
  -8.408169993073209, -1.457110367988283, 13.23228208430714;
  -7.947617308707525, 1.50129115578401, 12.59277128889621;
  -8.523441645870163, -3.156057702524444, 13.39110100702273;
  -8.277669935043605, -2.639971304151419, 13.0420352212217;
  -8.27504868503733, -1.838896754594334, 13.04321835620456;
  -8.395708724969653, -1.625721804100416, 13.22456628245732;
  -8.201129588761594, -1.945332519535207, 12.95651795226122;
  -8.304199396492315, -2.349767158513421, 13.1223578874088;
  -8.407996539367968, -3.087175459750435, 13.31269964201502;
  -8.118281964626675, 1.387196991726819, 12.9368779157487;
  -8.327387286307104, -1.767990701582586, 13.22840476602505;
  -8.121795510702237, -1.172231261914229, 12.93908629052842;
  -8.085473204878856, -1.836882596054957, 12.89238719121045;
  -8.32747329209794, -2.856137712141952, 13.30616763791769;
  -8.468958391550412, -1.525128674756421, 13.54410493104664;
  -8.349545813179883, -1.717574251432281, 13.41560071822036;
  -8.333533447603427, -1.048568126624593, 13.39892564777027;
  -8.183846190443482, -1.782967030463081, 13.18005896665614;
  -8.185127962536495, -2.063676607250877, 13.21209483168881;
  -8.261934976946302, -0.926425514127824, 13.36558940778285;
  -8.173110545044215, -1.343338960790718, 13.23720502715025;
  -8.188264608344843, -1.078876009123497, 13.28900557039557;
  -8.461162949403759, -2.756811919829287, 13.68785661930128;
  -8.191263166925236, -0.9749695246580158, 13.31467819665511;
  -8.085654553506892, -1.513539304416947, 13.16199366348755;
  -8.05670297810736, -1.628197556021244, 13.134283625245;
  -8.036637369734239, -1.205955520015184, 13.11721194291379;
  -8.118638417111459, -1.697107701100877, 13.24698541067892;
  -7.932674648920361, -1.547093163723796, 12.99921499774603;
  -8.147302337940404, -1.397376431806068, 13.35653743348611;
  -12.63175046333856, 0.9964678662350821, 20.23044522056631;
  -8.009478312789749, -1.222815844814728, 13.2279394641071;
  -8.213462915738393, -3.116492559377061, 13.55246903297165;
  -8.023716838042077, -1.492459069981879, 13.29723193651564;
  -4.561344842295748, 1.728621793687511, 8.02304418649603;
  -8.007053679436931, -1.277837590770714, 13.31861805527931;
  -7.99031209338547, -1.574891664765074, 13.29611216069833;
  -8.033843061030073, -1.181680297440481, 13.37377066534548;
  -8.083467326309798, -1.359034139599345, 13.46436537238277;
  -8.029199342818403, -1.536868566838686, 13.44284947341769;
  -8.033917759949842, -1.298071420795214, 13.47369924956176;
  -7.886393991537666, -1.674262629776235, 13.26962203844149;
  -7.971099300997945, -1.13875303350009, 13.46625154540609;
  -7.840080909387346, -1.595662050265518, 13.28615391879724;
  -7.929635279810008, -1.915224714307185, 13.44388337764795;
  -7.978632279031242, -1.172948579456178, 13.57107901503853;
  -7.936842845969902, -1.491398416347565, 13.51197970503432;
  -7.925898988496463, -1.305785118969126, 13.51145169598876;
  -7.751141300240747, -2.511936919039719, 13.23526379042207;
  -7.978903972228466, -1.237685074904267, 13.61134483534628;
  -7.897510318526408, -1.54323946131912, 13.49181168070677;
  -7.87709924573883, -1.751089557785566, 13.50592985310619;
  -7.26302223536991, 1.54568991178657, 12.56313874354006;
  -7.834433190422469, -1.317920775272573, 13.46138189925766;
  -7.763281345114253, -1.626622620467024, 13.35717927584491;
  -8.05782836479033, -2.711987053736248, 13.83206690044757;
  -7.857650659156284, -1.266325075858734, 13.52986957111069;
  -7.903606178918871, 0.4740937288815978, 13.67585207456358;
  -7.811701437914714, -1.377421074093877, 13.52609275528684;
  -4.65870381274473, 1.710306796711893, 8.496271995256228;
  -7.203147697349902, 1.557293298880236, 12.59803062935154;
  -7.801382864626713, -1.289785125929674, 13.54694203892733;
  -7.639059671877015, -1.524138156080586, 13.34447549003245;
  -7.638853284609172, -2.863077671933699, 13.35913714921813;
  -7.596490215462405, -1.454379678125412, 13.31309061051191;
  -7.689444034467077, -1.694159680244196, 13.48653033651933;
  -7.597781640551362, -1.541443277989647, 13.44395379818882;
  -7.566314625162232, -2.816836843397388, 13.4629394331946;
