m=[-4.542961215625442, 0.8077368925830043, 6.515893954650429;
  -4.460201282265632, 0.7554384545619648, 6.490904515596131;
  -4.353384197491558, 0.769437895344301, 6.404498416372459;
  -4.606025612461032, -1.32783347972636, 6.892265504216125;
  -5.829539782386176, 0.04879624188530789, 8.565797037172624;
  -5.863325229921911, 0.03635381710937359, 8.752588667132757;
  -5.775939408673522, 0.3017592186556981, 8.648958199782335;
  -5.788158147316826, 0.8014090972797383, 8.683708868958417;
  -5.765019993405189, 0.2328771349052082, 8.694323555141198;
  -4.345942203304055, -0.7891008952629576, 6.83578921689346;
  -4.326482706699999, -0.8377681386714612, 6.814893083950609;
  -4.296926354849561, -0.9122820375186537, 6.825848146298683;
  -4.29570304866179, -0.7715352704694718, 6.836414174059112;
  -4.265910154484979, -0.8199584194472349, 6.811228684965859;
  -4.03070686010297, 0.7685946185794628, 6.508011282408996;
  -4.292816994547439, -0.8830698221101841, 6.897467244784905;
  -4.169969710151907, -1.051354234554747, 6.730992540124417;
  -4.241140982727174, -0.8017654368147376, 6.827191112629141;
  -4.280971482629804, -1.4424169882085, 6.907081240067097;
  -4.224427695631526, -1.376400938667022, 6.83397317155845;
  -5.729776773471402, 0.5977365256313811, 8.9587338558597;
  -4.171872879571528, -0.7809254692341507, 6.791059900274924;
  -4.181406817015802, -0.8450300797603729, 6.816657289768917;
  -4.112449358207409, -0.8020425102281122, 6.739040202784128;
  -4.033725916564912, -1.295579293677799, 6.657125908464199;
  -4.132027849333705, -0.7685817639921387, 6.847765666433909;
  -4.146314137892428, -0.7936457415851012, 6.941947066620758;
  -4.06411753091052, -0.862802456017702, 6.838271536123402;
  -4.058971890269172, -0.8261072153786141, 6.878516422147708;
  -4.080233514588849, -0.7291478924090598, 6.913564751953624;
  -4.072569487533932, -0.8800284548945828, 6.935473621180289;
  -3.708072158364431, 0.789138397435822, 6.414000052172193;
  -4.096105165975668, -0.7696920395533755, 6.973363457795159;
  -4.109131130542312, -0.6374071286981884, 7.009835058316481;
  -4.068673547747521, -0.7950527851011178, 6.950769936660908;
  -3.657088932133036, 0.81623965408322, 6.452915000998898;
  -3.953127256317461, -0.7568426712285069, 6.927981194672698;
  -3.999259787934526, -0.8811280312556695, 7.014309254588254;
  -3.976591020546207, -0.718568034032017, 6.98104298514538;
  -5.680583140295505, -0.09690288682165364, 9.555117821616086;
  -3.991658814591524, -0.8098305451344503, 7.063071725447387;
  -2.293077450185605, 0.8606727940694837, 4.543040758563952;
  -5.933935449805072, -0.1060827806746509, 10.4273247943476;
  -4.44829752337067, 0.7485230026881, 8.160670507706007;
  -3.796548088883713, -1.435977972667737, 7.099628714009993;
  -5.82872492543145, -0.09576075768630625, 10.41667838657876;
  -2.330209314666148, 0.8461937132310867, 4.779178053292873;
  -3.933600171216575, -1.609226533600916, 7.41445224579237;
  -5.906183459216519, 0.01601665530365823, 10.64860027017454;
  -3.326126008303111, 0.7996631513628525, 6.457821359773939;
  -3.318118242467818, 0.7508815013005319, 6.446778894344451;
  -4.112904170517158, 0.6144858241051256, 7.86550149277211;
  -4.060643221600237, 0.6525662416440493, 7.833475287770007;
  -3.182949379117162, 0.7947853258416268, 6.411567087280516;
  -3.176048312627279, 0.7732518887169997, 6.440534554466972;
  -3.999309297702157, 0.5008981044313898, 7.853856805811392;
  -3.954967394690853, 0.600200552829424, 7.788216881690357;
  -3.949463262857584, 0.3542129396243327, 7.891677585281504;
  -3.889006595976228, 0.39434560079853, 7.813378508303052;
  -5.796221272049089, -2.102593248390628, 11.3370132955844;
  -5.758670089468637, -2.061339327619129, 11.3909235404514;
  -3.044210906767062, 0.6564169612080059, 6.533132380049752;
  -5.665924301120076, -2.31324889263116, 11.29300537672799;
  -5.793288739539046, -1.975917358289459, 11.5703199226053;
  -5.766388726976428, -1.520741575222488, 11.52221127787788;
  -5.741668531816822, -0.2784064589887372, 11.5615224022546;
  -5.815270077038425, -0.190306623135248, 11.70744391343955;
  -5.725471147692631, -0.7492732742278423, 11.59980186434857;
  -5.783210250876612, -0.6883733067265476, 11.71443264971246;
  -5.692347380521869, -0.8937948681759226, 11.58630670526504;
  -5.758057963271377, -0.02894415078912803, 11.73149090818234;
  -5.749225831020029, -0.3984165686701848, 11.71311231610888;
  -5.734449443492772, -0.6190404724952172, 11.69138359888313;
  -5.89346851123369, -1.907102221185262, 12.0118506388424;
  -5.458224217815637, -2.357842515758381, 11.19034727990517;
  -5.862513367454013, -1.610058775350423, 11.95596742212135;
  -5.706732761856239, -0.4878511214247383, 11.76084663148916;
  -5.965244472259653, -1.953391059957715, 12.39384362979677;
  -5.948912884945384, -1.657829876836636, 12.424819515757;
  -5.910354525360165, -0.2026731783787612, 12.38639326618271;
  -5.966168509276228, -1.84680165119313, 12.5185828667419;
  -5.800751012912117, -0.2699714196971585, 12.22382572112503;
  -5.898988173911159, -2.091734742474324, 12.40219624140006;
  -5.893156441293614, -1.545475146436772, 12.41456414869745;
  -5.766109204558411, -0.4197028533008719, 12.21802400356729;
  -5.868132254312493, -0.139521964808217, 12.49170837328292;
  -5.866025324174815, -0.1835944317595185, 12.49582147851445;
  -3.555756301034466, 0.4095181809322793, 8.009151998264395;
  -5.80868908024151, -1.614583070971516, 12.47543344020619;
  -2.761047172188703, 0.7349412433269773, 6.496176960682452;
  -5.734386636164476, -0.1950186780911767, 12.44650861951632;
  -5.841568415955702, -0.05196696780125879, 13.0415563156697;
  -5.810059126386028, -0.1425035550165986, 13.01391936751795;
  -4.617541363966609, -1.253024468161275, 10.57059782184705;
  -6.216623884766603, -3.030492015171775, 13.94992299732832;
  -4.587989260540241, -1.146734497198163, 10.57804541533839;
  -2.601475204976123, 0.8062921327442921, 6.462879542543258;
  -2.581425218533338, 0.7714266892669713, 6.465063381809204;
  -4.591906954846293, -1.068167912029014, 10.72970056756114;
  -5.755473698713887, -2.021864517166478, 13.24887712071922;
  -4.62108142506249, -1.221414017800422, 10.83780321436394;
  -5.837111843938006, -2.050543523920139, 13.4368049631624;
  -4.400283967522274, -0.9991130028549088, 10.50399915011859;
  -2.549850152841418, 0.7721739397165517, 6.530250839117191;
  -4.392618924231766, -1.10648490648878, 10.52463155849345;
  -2.307167109381093, 0.8486446754709505, 6.019657039529158;
  -5.822166156001607, -2.076726099965506, 13.67833226728103;
  -3.079333838686852, 0.468052738179427, 7.724864076308544;
  -5.764694680859481, -0.06460658162508343, 13.61477076270061;
  -4.302817485881272, -1.122756028907823, 10.42368242859138;
  -5.78988349059276, -0.2070517165905501, 13.69827220380591;
  -2.540841812505108, 0.7490128281775461, 6.576339516105675;
  -4.422007630604242, -0.9443672378575229, 10.71364544691732;
  -4.324329066776086, -0.8729056760175536, 10.62918104119534;
  -5.364609758607805, -1.76121006057992, 12.95112090087778;
  -6.358804250454679, -3.203447581112751, 15.29576319003417;
  -6.342014814891459, -3.083116495804509, 15.25827993618334;
  -4.278847597380775, -0.8475199823280813, 10.66606057531434;
  -4.221508505673892, -0.933633186170192, 10.53795637140501;
  -4.281144143046203, -1.148013090128079, 10.67848077271581;
  -5.91772580452835, -0.02459337930037382, 14.47909789257925;
  -5.468379991894609, 0.1536203542976758, 13.47074939192408;
  -4.182949626725224, -1.156942495906858, 10.56283731232256;
  -2.934570841751422, 0.525031460893282, 7.739260224557529;
  -3.002990520021152, 0.3266721608321703, 7.999648189488184;
  -4.156209454662686, -1.032318313624675, 10.76071777052969;
  -2.488568632113687, 0.714820494505625, 6.859386748188658;
  -4.367716726457408, -1.834488532489069, 11.30248240332644;
  -4.145144249493233, -0.8777974517518352, 10.79756514950832;
  -4.04349646367995, -1.589538581984165, 10.59583335494908;
  -4.073061988737255, -1.011086781061489, 10.69970013822968;
