m=[-8.83791281280719, -0.1159427779667523, 11.67862397562407;
  -8.750645647301315, -1.764109177190567, 11.68856619470578;
  -8.782869235845752, -0.3057012496738226, 12.92200849773264;
  -8.802341115780894, -0.701011628797793, 15.24115278371025;
  -8.866923665746489, -0.8337490768580947, 15.7981587802961;
  -8.922543243117502, -0.9139466251765266, 16.22559651402106;
  -8.469436668312712, -0.7668535689352544, 15.64090181779434;
  -14.37252280560768, -3.077751662141109, 27.03757044764668;
  -13.13756440545782, -3.241387513126176, 24.86624251206823;
  -14.6983723334593, -3.551178265121521, 27.99374607450166;
  -14.20651454649692, -2.935114385922621, 27.19222934502216;
  -13.55765185878454, -3.243733301922425, 26.59209405151033;
  -13.05250526276643, -2.915914482916738, 25.65491656960267;
  -13.17693891110656, -2.79414813502374, 25.94170215000774;
  -9.249508670635757, -0.8912489333481365, 18.53330897719708;
  -13.27097849736767, -4.222992058510295, 26.30209077358438;
  -12.9413542021582, -2.505551611601622, 25.91188247379542;
  -13.07979110038173, -5.794908590903711, 26.26175403244876;
  -13.11177737902795, -4.117459115861191, 26.34480103547979;
  -13.14609168554272, -5.772598350878082, 26.80182074567419;
  -12.92734419124821, -2.651159324646411, 26.36236322566836;
  -13.05822389958826, -4.001976390754773, 26.6398137587384;
  -13.07097284711229, -4.246211745615983, 26.68069690246487;
  -12.63636284394514, -5.969190621083057, 25.98571841476487;
  -12.87842685906478, -5.928742142606405, 26.47537336163721;
  -12.85989155203715, -5.572045389884355, 26.46483495228889;
  -13.1060334598274, -3.933574425078231, 26.94390610495739;
  -13.13522771291822, -2.876130541036493, 27.08550636187196;
  -13.07623459357988, -4.283861835666206, 27.25661830359972;
  -9.478762944840183, -1.567771630884717, 20.08737470168055;
  -9.238636321452956, -1.463273957598816, 19.73159194818557;
  -12.58345331233801, -6.255489943225602, 26.66186522099128;
  -9.100073260073661, -1.507015984688998, 19.61710510656612;
  -11.99101087333138, -2.509275385522266, 26.03160677334649;
  -12.4284484862685, -6.493363110917724, 27.08622994759034;
  -9.466894521091186, -0.9837274591379313, 20.88724787952475;
  -9.380908855242197, -0.6777254767381051, 20.78997658015808;
  -9.809892085637497, -1.621947426545841, 21.93348518097141;
  -11.86630667958611, -6.375738680820353, 26.40220288759946;
  -11.87563077667925, -5.182454448254954, 26.70937119091306;
  -2.027444796336127, 0.3114200751235004, 5.392966224447912;
  -11.56618001334088, -6.243600631793962, 26.36484299102904;
  -9.291420233516199, -1.486258636499893, 21.49682604027758;
  -9.246019169345576, -1.544556365735721, 21.55555396456002;
  -9.479143212129907, -1.34910182410528, 22.09815151193021;
  -11.22251438513451, -6.220748892029932, 26.15881501193559;
  -11.01850993685778, -6.173091599584764, 25.7847601690737;
  -9.265734187102581, -1.411623875793561, 21.81433410934334;
  -11.06228792116548, -6.260488325497347, 26.33978735982299;
  -9.576337798837223, -1.600597085255956, 23.00387560424731;
  -9.619147772672577, -0.6520427244148925, 23.10762388193441;
  -10.88588394123348, -6.414381917320842, 26.44163345109115;
  -9.357281279490019, -0.8089428323185236, 22.81116368962665;
  -11.00633894345141, -6.348027046028784, 26.74145239145997;
  -9.281968710491581, -1.399029734107804, 22.73080891042077;
  -10.89427039177374, -6.573832378668071, 26.80983611028508;
  -9.399122911342728, -0.4426308757382379, 23.29854860886254;
  -10.83624901771766, -6.532922947577297, 26.89948814053349;
  -10.59911126243765, -6.250541288816966, 26.36176292587802;
  -9.433180460646739, -0.4508966907311927, 23.90757868257187;
  -10.47857033078578, -6.466578398906075, 26.61340101637079;
  -10.39487794497009, -6.277330449028062, 26.46500927639551;
  -10.33134014571805, -6.49245896036483, 26.57651004392051;
  -8.944626714577908, -0.7961835237423589, 23.20804637127285;
  -10.27116050457591, -6.512550189066605, 26.74701546959824;
  -10.15461865100418, -6.294376416468213, 26.4852538325667;
  -9.990713091935428, -6.442086705793517, 26.57932285365475;
  -9.927776601041938, -6.286128343169661, 26.49258706921035;
  -9.823492831608947, -6.489990034410559, 26.76676880168715;
  -9.7113665562437, -6.292228419868129, 26.54505598282639;
  -9.930100849765559, -0.9970678823061006, 27.06516578699648;
  -9.820074193402197, -1.370609070388602, 26.88201998224221;
  -9.720861010973124, -6.612841474451488, 26.92061256129439;
  -9.621558069103791, -1.735773718045299, 26.76628513231889;
  -9.529066017857963, -6.460306396249862, 26.63029776309257;
  -9.426187354940957, -6.248192703870497, 26.39879185236544;
  -9.378759150968532, -5.436700810065043, 26.68223210899095;
  -9.502525804814997, -2.021827816923523, 27.19232425964614;
  -9.08522902108637, -6.054326988732933, 26.23119332776433;
  -9.157200591941299, -6.335132791949253, 26.44809836878792;
  -9.054402430824018, -6.459157039626455, 26.62803912850056;
  -2.68552502541822, 1.539937756749288, 8.540801780099018;
  -8.937309502914459, -6.263292796203928, 26.37463015278789;
  -9.112382151101134, -6.162645503215599, 27.03155317656834;
  -8.85922946402374, -1.65101283058785, 26.49834569575074;
  -8.784832386827086, -6.440653936763581, 26.48504200973968;
  -8.797472158419007, -6.291694228630812, 26.54937529742054;
  -8.86704084818148, -6.04700682448007, 26.89602516031349;
  -8.784910654913531, -1.245289787447738, 26.88879629548655;
  -8.756578199126643, -0.515860349135289, 27.44402269741088;
  -8.453561477101733, -2.433982420505202, 27.04113886477633;
  -2.741266608121391, 1.015765229093162, 9.400707619317187;
  -8.768838600342541, -1.394154455091348, 28.29769393299836;
  -8.72179323502732, -2.532511324192355, 28.28959943800592;
  -8.652532764887049, -3.856063771409462, 28.58203386343458;
  -8.636063704800069, -1.780738364673904, 28.50035348441521;
  -8.692163313860977, -5.441077678790323, 28.85123721122677;
  -8.775617981748647, -5.493318221706764, 29.12824194901993;
  -8.686332857903359, -0.3297903614446046, 28.91464771047637;
  -2.28652758870438, 0.9478811522555315, 8.390865053809526;
  -8.719002879727258, -1.1546069811937, 29.36618358022801;
  -2.217028807672894, 0.98164028380623, 8.221067584098664;
  -9.033336856822585, -5.401748756625961, 30.57610129588956;
  -8.923480232944616, -4.15580300520031, 30.25177089485591;
  -8.415171291470751, -1.572834964293542, 28.70332419218213;
  -8.896118913510012, -2.762377219813621, 30.39558469890908;
  -8.646775057849483, -7.003398196744731, 29.7631204831422;
  -2.183656959976283, 1.076012602240337, 8.307792591469712;
  -8.650436486603601, -7.165268137101548, 30.27957552433531;
  -2.17190428399562, 1.10935776230051, 8.321404289431206;
  -8.76352079892547, -2.618199029140896, 30.75246690364623;
  -8.631416694680356, -0.369128496670612, 30.37420795942076;
  -2.145543693612682, 1.15033749174827, 8.300961274305163;
  -8.769921177481001, -0.2606227908762979, 31.20544180415479;
  -9.208193057803921, -7.440893387501249, 33.06718681407697;
  -8.462957961077752, -1.404431100115839, 30.41444970853395;
  -8.570311029849346, -1.797768250103434, 30.95550328641851;
  -8.764175276853223, -1.559574933335107, 32.79982606879763;
  -2.775878842858071, 0.5029316605899763, 11.29332474885;
  -8.814832214147904, -7.27601899122235, 33.9336317135662;
  -8.823041387543125, -5.269291237040298, 34.03789403362502;
  -8.576944046538189, -2.029910818527057, 33.2820539559092;
  -8.925568135065799, -4.219527130767056, 35.03326734913343;
  -8.804045101097628, -7.110303894676737, 34.70008394170398;
  -8.446391964461851, -3.936846548833795, 33.58781510932484;
  -9.002445178586854, -5.585609807775194, 35.96197995294789;
  -8.36565878040607, -3.774345115407124, 34.21112252989123;
  -7.889516413509417, -3.737354400479839, 32.62542967183342;
  -2.577436206904598, 0.4821681719412693, 11.39038454624556;
  -2.597018406489761, 0.7652871839583139, 11.80814791003289;
  -2.534849270946783, 0.7871506039275251, 11.75318029925961;
