m=[-8.927696042071412, -2.91272643532531, 14.31151392782856;
  -8.931963569736702, -0.8031584096357123, 14.84655310207106;
  -8.796011499620754, -0.8656945928809016, 14.9479244861313;
  -8.90498604326273, -0.8627753614348129, 15.16293210067521;
  -14.47144926147886, -3.042270271844625, 26.08944117490358;
  -14.1239102492809, -3.415031708223822, 25.52369274367722;
  -14.49824688023365, -3.439844576500457, 26.48968645773232;
  -13.97246290566345, -2.832005534956199, 25.63576703176573;
  -13.54816511230125, -3.171499288338062, 25.43872222603664;
  -13.54135937553939, -2.965524760470487, 25.44831104086369;
  -13.29533913588519, -4.168250896315257, 25.20378029617535;
  -13.43374160944593, -2.536579334947392, 25.73108880806741;
  -9.524468568384428, -0.215098697062524, 18.52563447498134;
  -13.0922646214786, -6.16549777474995, 25.19982072935981;
  -13.19978537700771, -6.000294984099618, 25.69922929750788;
  -13.060756590235, -5.660090782881694, 25.46346002588449;
  -13.16546541272205, -3.976139829685726, 25.70413466520432;
  -13.01142585069628, -4.157680643852617, 25.41129594197818;
  -13.24070084301281, -2.655508921426583, 25.85107612871857;
  -13.01848867411562, -5.9174786136264, 25.57747698649952;
  -13.4074390938206, -6.256343984936929, 26.32981572640167;
  -13.25479224543384, -5.665341361418464, 26.0710746300065;
  -12.82297361149083, -3.792166554897978, 25.24063187212978;
  -12.90376321960925, -2.779998663712425, 25.4973098195699;
  -12.81595939610759, -2.774145260673639, 25.35904885968391;
  -13.01087563814597, -4.186174811643747, 25.9649503013242;
  -12.35054702537138, -6.07175157848795, 25.01350758880826;
  -12.69284285927597, -2.589520554408812, 26.35596864794665;
  -9.684100540062197, -0.6477143038786181, 20.34208866347155;
  -9.525862635854221, -1.534464402891604, 20.22597239782241;
  -12.03724641092993, -2.760076410784068, 25.51737693327811;
  -11.6241664454558, -6.202209265538013, 25.30129598676248;
  -9.394672676820079, -1.466817093632055, 20.62092843180673;
  -9.521987921446128, -1.383725786796981, 21.02791994321849;
  -9.405400751065168, -1.301292292868554, 20.83092258751189;
  -9.578464126834414, -1.43777001705842, 21.41383058028881;
  -11.32761906384069, -6.325224655372895, 25.73585462899752;
  -10.16015401216893, -1.66396222108634, 23.22622668115407;
  -9.413277153819298, -0.8012757673457142, 21.84352217840247;
  -3.573667270344532, 0.5468612942853558, 8.917662597889343;
  -10.84161856706908, -6.192338760151394, 25.16641712803188;
  -9.572700249389811, -1.422325684297089, 22.30180504033355;
  -9.632119641095084, -0.4332082140302189, 22.75064141736405;
  -10.43379523825817, -6.229805410141078, 25.3511768762901;
  -8.86711865822722, -0.7570308657025117, 21.90874892328532;
  -10.17403889900068, -6.223803765342924, 25.3089809054907;
  -9.893632296828384, -6.199204078691665, 25.19404490225599;
  -9.655555394822859, -6.188733592612277, 25.18072077979999;
  -9.380646242322147, -0.9244909591231737, 24.5001352888985;
  -9.88999472878236, -1.348475746089094, 25.92703254073629;
  -9.506719887718774, -6.234794395845984, 25.39329513340236;
  -9.620591383554496, -6.067719750457983, 25.75369336231804;
  -9.006839085925343, -5.168654854700546, 24.46390616174334;
  -9.139223942789945, -1.982786861159761, 24.84484598767099;
  -9.234647644301488, -1.928750592164644, 25.30020149120468;
  -9.149083674967843, -6.028486892219094, 25.180219549734;
  -9.285940575024315, -1.669591658389429, 25.50652281194792;
  -5.495120684120606, 0.3000366470512987, 15.72335250019255;
  -8.994144265496443, -6.215388485413315, 25.27935038684233;
  -8.915968321749261, -5.963491823107673, 25.2385217330337;
  -8.950289725488283, -1.641838764282811, 25.6075594003688;
  -8.786925565485108, -6.214276156005002, 25.27830741481491;
  -8.685054830820969, -5.863110470015841, 25.13756730478786;
  -2.358197761864477, 0.9824265503182385, 7.584982285260131;
  -8.800136971559546, -1.377968936645899, 25.72783409562409;
  -8.816365565882053, -1.234084286314511, 25.83471447299768;
  -2.217744392243559, 1.199728651573318, 7.290104366809739;
  -2.204435252441631, 1.08877589085651, 7.339339558396294;
  -2.177877814505856, 1.117064874534507, 7.307023249689562;
  -8.893590566765194, -1.389642692263466, 27.5181151476753;
  -8.951992600609911, -2.565849138464841, 27.81383610513425;
  -8.118574841708364, -1.746445138859446, 25.45762011841308;
  -8.62542362191091, -1.756117708294951, 27.28974094038637;
  -8.925693578376663, -5.525881854208074, 28.33341706735712;
  -9.225369765276966, -0.3358903172167519, 29.48771652206512;
  -8.783707182180599, -1.131541249732757, 28.40377675097449;
  -8.987581743232688, -5.307647564039957, 29.14475174757515;
  -8.86668802561061, -4.085470380192095, 28.82375985960145;
  -8.849744955051413, -1.631604229115373, 28.94552061412187;
  -8.874751201699258, -7.100478425956291, 29.19836186510299;
  -8.886839643963551, -2.634641686768869, 29.95584052315861;
  -9.263427873613376, -0.4840093657285388, 31.35659562637193;
  -9.275172153994317, -0.3610927811104472, 31.39699055967175;
  -8.87620637255502, -0.2579279973507149, 30.40012126525149;
  -9.435202960047102, -7.537362101064397, 32.49821980633789;
  -8.650441793026367, -1.422102354222821, 29.8706002425745;
  -8.676662166839497, -1.806310098168965, 30.12227070748184;
  -8.761287422127619, -0.8960277510268311, 31.17243708696556;
  -8.68908599763739, -2.247726873403884, 31.17580323860589;
  -8.637750852335378, -1.532335114901207, 31.13282184742358;
  -8.466002362033564, -6.915431197895924, 31.28188429207222;
  -8.753069544802019, -2.052902768869013, 32.70201965121301;
  -9.178232937687731, -5.308435710545007, 34.6202194436215;
  -8.576690870337068, -6.853645315183528, 32.46417244669939;
  -8.876357882156722, -5.552343235788496, 33.59163798363525;
  -8.278633549803532, -1.735535650859795, 31.59627743658329;
  -8.387542363076326, -3.88929649664538, 32.08990451233504;
  -8.679029831887917, 0.02300551992073019, 33.45924464986712;
  -2.585691090657322, 0.7605001433256078, 10.69287626903866;
  -2.550218163588862, 0.8329616031675312, 10.57841406667044;
  -2.527863944346185, 0.885143911403486, 10.63993483931805;
  -9.126488500884438, -4.338988055651717, 36.34385334193314;
  -2.467906602639553, 1.072309106365392, 10.57284965172047;
  -2.961676947761578, 0.5325130161332248, 13.91173186468871;
  -5.371705068933676, -0.04431718162564344, 24.55628471539432;
  -2.618629120815554, 0.9912649741064807, 12.82401493462604;
  -5.426348596347359, -0.3816987812504454, 25.75001959677508;
  -5.178752488949948, -0.3326449587234823, 25.63123554022437;
  -2.312012129454918, 1.068987168053524, 12.85058654181317;
  1.925596471331211, 0.7508858238909201, 9.047568419743987;
  2.127178950438931, 1.003063381198914, 9.748785156672073;
  2.001085095333494, 0.7495741514638729, 9.081499867623709;
  5.47619844539746, -1.042776556130181, 22.323674340584;
  5.445355935555925, -0.05907889999662513, 21.27015036444118;
  6.364782046775815, -1.870724129530908, 24.14974909119493;
  6.450129137092179, -2.182613466471404, 24.41664561750174;
  5.838579948996787, 0.5140571348354491, 22.25942387356139;
  5.840807687592649, 0.3370916458175228, 21.42257795669502;
  5.878082933010132, -0.4651514207313957, 21.30427305492079;
  6.955518599939468, -2.38364290053273, 24.96462506215088;
  6.656456321568439, -1.526388332996294, 23.88449597774192;
  6.856165079427071, -2.58924553024739, 24.46901080000867;
  5.790254923793147, 0.1500048267491149, 20.80014361319487;
  5.896500045522354, 0.02300816775773866, 21.01466837553479;
  5.897186728068051, -0.08441247088344162, 20.83836304269232;
  6.890729349528391, -2.556208967383781, 24.11981567049414;
  7.00319501355381, -2.385509256654402, 24.32574468825153;
  6.501934643553701, -1.216780878123636, 22.63215709646312;
  2.179766490726937, 0.8337774526754735, 8.163352951245367;
  5.881771295851927, -0.1664508769249806, 20.29819246425185;
  6.773423688059739, -1.359717735312757, 23.10826572654783;
