m=[-9.208676144960572, -0.7564164969448074, 14.21467681414953;
  -9.02355862384159, -0.8015537374812204, 14.28918991214398;
  -15.14512811282107, -3.062503356435008, 25.07632248098627;
  -14.80963933699163, -2.994363572104504, 25.54351285479775;
  -14.48464421785572, -2.819223121560148, 25.40745685976444;
  -13.9840208144911, -3.887266422487082, 24.91212516732038;
  -13.77217845146022, -3.118768776950499, 24.71118407884445;
  -13.58839183272248, -5.566201088350685, 24.46029490407853;
  -9.744916819111783, -0.1538937846370136, 17.85461847096635;
  -13.05078996699861, -3.976488336962116, 23.61981367589815;
  -13.53718504756475, -2.446216990131134, 24.79284485428137;
  -13.56626927688283, -2.848031764769154, 24.93642720871332;
  -13.46553677746862, -5.990628422546656, 25.02941402888678;
  -13.50556240767781, -5.728600223183825, 25.13396137961898;
  -13.34023282714781, -4.168015297532171, 24.88934384496172;
  -13.37550288610083, -2.5677364201823, 24.9712285367311;
  -13.11424816754306, -5.842251732564662, 24.59836896312284;
  -13.33236671787551, -6.094068802287175, 25.02052550726537;
  -13.29691606367395, -5.553686033998262, 24.9853380272481;
  -13.44351910080607, -3.859417187128684, 25.26614693281082;
  -12.8418289214595, -4.027124570778653, 24.4963338769352;
  -9.850032404702388, -1.381678931665258, 19.11259497686028;
  -12.63224076513241, -2.412102223415258, 24.4771801198288;
  -9.735454659878279, -0.8945237195561141, 19.26305406799762;
  -12.64721942422477, -2.491371784156288, 25.13051713341568;
  -9.877819975530226, -1.462842117762826, 20.52121981176472;
  -9.737437762818678, -1.340915344924788, 20.37425153670253;
  -9.628748526711547, -1.262447721802893, 20.19700455779917;
  -10.00472609754948, -1.310278989866405, 21.68595498959193;
  -10.62572604343389, -1.65438726627095, 23.11785739231072;
  -10.3299194902245, -1.4664919695949, 22.8649074426979;
  -9.559399508960595, -1.498045857111138, 21.48022066191585;
  -9.743950087415719, -0.3611044457147428, 21.89538894190487;
  -9.745435807463514, -1.467941534915371, 22.07996144360425;
  -9.934701547512018, 0.4719176641539521, 23.06140777738876;
  -9.45451351875367, -0.7385767639852184, 22.17623919208113;
  -2.43892410314023, 1.029624422185406, 6.775803663732568;
  -9.468867786574954, -0.854592607657959, 23.58933206886523;
  -10.22503740327115, -1.308769875602185, 25.6221677926025;
  -2.383736091895735, 1.145160368619208, 6.796755998725089;
  -9.777509178989201, -5.608232961962385, 25.21344344662258;
  -9.751875574933976, -5.430066211460179, 25.16156055275813;
  -9.51458895158191, -1.770895811695525, 24.60419847376633;
  -2.321615077617112, 1.197877842680345, 6.811883851375981;
  -9.618651020523604, -1.93047016581864, 25.15176846633849;
  -6.623479729397529, 0.4067695256494351, 17.65538670329978;
  -9.613575011636927, -1.649113939463624, 25.2144673370113;
  -9.313839443536635, -5.325394300746133, 25.19699550369799;
  -9.319940568525595, -1.630982708846961, 25.46077012926636;
  -9.323870835480681, -1.38352458654867, 26.03409994204997;
  -9.229739151612568, -1.213240720474784, 25.83653240850051;
  -8.983889298549689, -0.4589210081845122, 25.87331023588305;
  -9.123076148093302, -2.532254202095444, 27.12895858307652;
  -9.569818879403199, -1.959372631761508, 28.6269814788864;
  -9.083669141151061, -1.770630008304441, 27.49492587142634;
  -9.425081274457019, -5.711456343671684, 28.59687356929937;
  -9.158661458915317, -1.600785866748083, 27.93191102901613;
  -9.077950727788542, -0.2653902930363021, 27.85956627858703;
  -9.289257799167579, -1.115070022673212, 28.78789445089257;
  -9.498905098056413, -5.476789322211785, 29.4623324067488;
  -9.182047264589887, -4.13476718500325, 28.57741447654959;
  -9.393101159659612, -1.654834375018013, 29.45472165658259;
  -9.758357335055884, -2.487987350346855, 31.12668604109689;
  -9.268977123973345, -3.993078887956513, 29.74616419369318;
  -9.241470535309336, -2.634413436996634, 29.8720379272618;
  -8.564756426115334, -0.9087781280975837, 27.91552532661219;
  -9.199316628358522, -0.3142825191238164, 29.95564645112501;
  -9.290519575767895, -0.1966370595920858, 30.57426694208306;
  -9.250337814888216, -7.238020196385723, 30.54619537997207;
  -8.80143477745869, -1.366357772932533, 29.16285426730908;
  -9.062465580761597, -1.763165652903225, 30.15662584252726;
  -8.917884955909663, -1.77102629741614, 29.7078370780383;
  -9.071977915004778, -0.8347434582171885, 31.02779297745053;
  -9.078562647446315, -1.523484707973518, 31.43230531899262;
  -2.805677682775155, 0.8563810276087422, 10.46560612042955;
  -9.274607764953423, -7.291308818054493, 32.34436985320129;
  -2.764652034336247, 0.8824244569848395, 10.50737270442741;
  -9.243830534510156, -7.417891085007411, 32.73065991038344;
  -2.674722236724571, 1.177240836686293, 10.30793400962686;
  -9.010818546491935, -2.028170455932908, 32.37387541898131;
  -9.205514222647436, -5.19429273354044, 33.37625432913435;
  -9.14577568825025, -5.587335504345912, 33.23078948094055;
  -3.423308147573914, 0.9839576005610174, 13.1836945871646;
  -9.364407423953187, -1.877340338442411, 34.33263966532851;
  -8.879625053316241, -4.041222363115035, 32.64579716724305;
  -9.073766249613927, 0.09053296533786072, 33.69724362071715;
  -8.941556109779842, -3.893921958466735, 33.94774292089159;
  -8.725624283541418, -5.762230554118278, 33.95122752857445;
  -3.336761884874553, 0.9286528249275006, 14.13400315867552;
  -7.427873407751845, 0.153131077152684, 31.50545334732617;
  -5.590201043998743, -0.2490804375488523, 24.53097315816466;
  -2.876515882654589, 0.8860266772181774, 13.241119507603;
  -4.82141475937917, -0.4755152905089168, 22.16174283207082;
  -2.664575784020453, 1.260338184724994, 13.57351512888192;
  -4.963299778774683, -0.4114925837976012, 25.73341596756071;
  2.651260527786708, 1.661406442525825, 18.41942845271752;
  2.43902065329614, 1.641877204977889, 16.76743877988696;
  2.538668848886867, 1.691421169013868, 16.82091053699181;
  2.631504876698923, 1.632977153131745, 17.0726006207959;
  3.138452118563391, 1.633487095368719, 18.80336595915501;
  2.944172432205394, 1.634772579870191, 17.10183891752095;
  4.227969065263327, 1.56977838440783, 20.85502917423101;
  3.927037906198268, 1.658245240703468, 19.28086744116786;
  5.119645327348892, -0.8330966798769717, 20.60036193667917;
  4.819351679223249, 0.9287601524526754, 18.2194031710672;
  5.210655862993606, -0.07669117985107447, 19.53677378305994;
  6.062340044968608, -0.613519516729878, 22.56263972094897;
  1.904392098926022, 1.380403291701844, 7.738357938014511;
  1.839637718591126, 0.6957945861537389, 7.467092412360175;
  6.015532991638611, -1.487822257590871, 22.23409478818195;
  6.181476858259513, -0.9312234379671669, 22.81054754298666;
  6.340532922726879, -2.191309741788073, 23.23831207804444;
  5.113429694655899, -0.0005414106419544219, 18.86565724834045;
  5.071913123962475, 0.7387349092007273, 18.51906149862724;
  5.698845851447819, -1.187225984075335, 20.67235149473517;
  6.51969084586715, -2.418098364845389, 23.39125688456681;
  5.22198084125536, -0.07454014666472776, 18.79469379872069;
  5.174836557305773, 0.6901776306314683, 18.49896195482539;
  6.489862661218125, -2.345952052370284, 22.88283371691398;
  5.183017496791439, 0.4432753831668585, 18.40899184065378;
  5.519116330477166, 0.3059487376912956, 19.42100925679338;
  5.47298093241206, 0.4025315116513252, 19.11836605021131;
  6.550278288548316, -2.521312363317487, 22.63067628773448;
  6.734877463720013, -1.915716124753781, 23.20418166846176;
  5.511188087262227, 0.129431676693637, 18.96731073673402;
  5.441708260481483, 0.3299373169378421, 18.73870220015578;
  7.021423563400937, -2.434595336798066, 23.58813312241139;
  5.472806278249474, -0.09762373389989394, 18.53276536519836;
  5.516083257851954, 0.3668110613631632, 18.51254930576379;
  6.699709072276227, -1.776004980772367, 22.2712797556947;
  6.926880534523429, -1.773629887897622, 22.72360111815546;
  6.489058896142495, -1.307607482425689, 21.32988518673848;
