m=[-4.591593563132233, -0.3601187045365061, 6.561145150956397;
  -4.986239587124935, -0.4041968946482373, 8.321995522846729;
  -7.493968011246121, -1.431549318688933, 12.58234255938636;
  -6.974882756093279, -1.912245914699759, 11.88474367381031;
  -7.24763677573165, -1.281085217065652, 12.31352941561389;
  -7.142296951320344, -1.586717738015448, 12.25154467758813;
  -7.005576122225583, -1.754519852517626, 12.14243663274331;
  -6.941993809019556, -1.234361385311067, 12.15583386644719;
  -6.92781968928248, -1.426271791094516, 12.1778079849633;
  -6.937529810777904, -2.13929420732544, 12.37884780623988;
  -6.905448760472449, -1.997435136312818, 12.32374610936541;
  -6.843336630055126, -1.935268962470461, 12.30709899689136;
  -4.926885739942231, -0.4360888872580656, 9.200912403826171;
  -6.739752206968494, -2.085312251491761, 12.28613025327793;
  -6.56057386924401, -1.25920422842985, 12.46739413990907;
  -4.918908686138183, -0.6480510004960182, 10.48986361444814;
  -4.902522856310642, -0.1655865621126638, 10.46184824797021;
  -4.946703795122128, -0.158690927547469, 10.82070622699298;
  -4.761503467082449, -0.3466913830871226, 10.63278661375249;
  -5.20875056122895, -0.43508410324016, 12.36549172357502;
  -5.121015956962771, -0.6272163769821419, 12.27138981542061;
  -4.944700647839653, -0.468441266621469, 11.97187998390899;
  -5.021377914734069, -1.047714922359843, 12.37434815380567;
  -4.874288788000663, -0.9509313768191682, 12.17764497540273;
  -4.966692896020183, -1.116720167462598, 12.42003768048519;
  -4.760365396070118, -0.8051485821830051, 12.42855808404904;
  -4.726593706056495, -0.6717963585357, 12.62318007409221;
  -4.702571913797752, -0.590358753990591, 12.5863902755853;
  -4.705230677593582, -1.27241998151459, 13.40260311675425;
  -4.561634498151608, -1.124537043659486, 13.24040198751356;
  -4.749944697959401, -2.002906990562587, 13.7816675994134;
  -4.701798145648254, -2.806005248271403, 13.69426884199364;
  -4.730522250647634, -0.1040654788446429, 13.91901018509496;
  -4.731260903534662, -0.5322476051764649, 14.07403186893839;
  -4.850766337187322, -2.74997274637104, 14.45491333229234;
  -4.761388092125681, -2.116742353807493, 14.23239516952231;
  -4.602019379773846, -0.7913436507337934, 13.86466585438824;
  -4.838980363244892, -1.201374322747679, 14.85636643981454;
  -4.717389970148612, -1.992424018695172, 14.54861683707597;
  -4.700129381535049, -0.4715551902616978, 14.68113939623667;
  -4.761171367479999, -0.07029846069411071, 15.06601792476741;
  -4.722895575384533, -0.6981997876501885, 15.02198933873774;
  -4.686718877063975, -0.8969718892357241, 14.99742018427749;
  -4.692829008825342, -0.7491534131503178, 15.63569452928421;
  -4.796028544791862, -1.040038486639468, 16.59510574297002;
  -1.38233436667137, 0.35347147970856, 5.483581733234004;
  -5.091833515751251, -2.824077845947687, 17.80349626054188;
  -4.854554993579013, -2.916373740735984, 17.00716195116787;
  -4.636413052026461, -2.072578916124003, 16.42755373901837;
  -4.98465861708633, -0.9594147844993881, 17.63219778132671;
  -4.979925745331356, -2.90405916773151, 17.7348670429121;
  -4.887169970634258, 0.07747916617971307, 17.49371908851454;
  -4.942171786190651, -2.102171218945995, 18.09469674094691;
  -5.051905971544453, -1.076331957664275, 18.80035448343438;
  -4.708875520900422, -3.059689911954637, 17.67461641881307;
  -4.930124557855746, -2.586873028819038, 18.5600529896107;
  -4.869578274453459, -2.612479254015209, 18.69113041722394;
  -4.813837198661285, -1.096542788156266, 18.73303411947519;
  -5.290549017739501, -3.400246264422448, 21.0605869306655;
  -8.805083556729601, -4.296420371169056, 35.11314699951862;
  -8.719936087893451, -4.469071369238388, 35.48202127862341;
  -6.340255491645528, -4.482724002296334, 26.21352817471788;
  -6.263600429476733, -2.263062421527596, 26.29341913941642;
  -8.728996115684355, -8.906860052473997, 36.31916982549997;
  -8.058397082330091, -4.826721295824162, 33.65077830396853;
  -7.443819665022148, -4.879632250879753, 31.20161201339971;
  -8.166459430782586, -5.561164765577376, 34.11841731011402;
  -8.095943780781207, -4.975343818422569, 34.41006111293915;
  -8.1633363836632, -5.222533025628192, 35.0306241215544;
  -7.869674323546613, -1.952090119201435, 33.89923067115657;
  -7.903121213172155, -4.791350665271054, 34.12594993118875;
  -8.160591280009202, -4.474061857514156, 35.36369819270574;
  -8.060238108834577, -5.511868100546068, 34.99421610404962;
  -7.896672859598723, -4.947491719049753, 34.51647531094879;
  -7.714177427553386, -4.894895578499824, 33.86509132972847;
  -8.650118806231676, -3.787206924611601, 37.93914633647309;
  -7.588409609686367, -4.992476659967616, 33.48990531552562;
  -8.481565497571094, -9.034680534756761, 37.4139607812586;
  -7.701922548971114, -4.792551673936265, 34.21766502413948;
  -7.699300248652262, -3.282909764799781, 34.44474983022155;
  -7.685361855986122, -3.62793317116366, 34.48348048341256;
  -7.45959294268273, -1.969911681354331, 33.46421744682182;
  -8.520701706588566, -9.156000385441612, 38.20174271764768;
  -7.47140211334648, -1.640328706405009, 33.62439781066662;
  -8.406455412993813, -9.337343079426953, 37.78910408727017;
  -7.042522655187111, -3.9162843088671, 31.86777995467757;
  -7.139459578694944, -1.443818841474771, 32.27514496465383;
  -7.160680868602642, -5.433703918928945, 32.49695440045586;
  -8.253321415515705, -9.028145465723991, 37.49408122699511;
  -8.589947500354857, -8.967073199228496, 39.04719968945493;
  -7.906522156067944, -2.063643385050301, 36.15056938468996;
  -7.682274735456423, -1.472830335111028, 35.23329015323293;
  -8.360480331979581, -2.360705266484332, 38.49192421186847;
  -7.547176345866267, -2.927831838608443, 34.91056045441907;
  -7.567445152436135, -4.414689559557048, 35.02285168481166;
  -7.462512427442011, -2.682870780301028, 34.84476376303651;
  -7.425816600777561, -1.700563379481511, 34.69997043543809;
  -7.235449447687899, -5.125703944060307, 34.01832094097669;
  -5.819602691463204, -1.809609077070758, 27.74014451483235;
  -7.390672971971024, -3.531603247743097, 35.38978387384027;
  -7.155434664606803, -3.086912253431438, 34.28206441316007;
  -7.128970173449551, -4.923110960260618, 34.8430175614256;
  -6.177569101060192, -3.721071245812756, 30.31805515654459;
  -2.615144837055444, -0.1966283671516818, 13.44829761997148;
  -7.268165893267427, -3.05384834418779, 35.97329077878756;
  -7.124206031427663, -5.169509549358646, 35.27183627165814;
  -7.135208583964453, -5.384682470427144, 36.03124526420223;
  -6.729707659740376, -3.629208253376527, 34.23381355108747;
  -2.554301752607922, -0.2022947878336707, 13.71943164799764;
  -7.333624363362479, -7.396145256797487, 38.19675418506641;
  -6.611138801762928, -4.278750837466153, 34.83345702620526;
  -6.477437442825947, -4.929483545457797, 34.77753785335614;
  -2.565679360781151, -0.2623396258751395, 14.38584734830361;
  -6.451766084105882, -6.492448776206492, 36.83485130956322;
  -2.79794581635681, 0.3574655810817954, 20.30458599044878;
  -2.969425964472721, 0.4401876939331391, 21.67161968089173;
  -1.207584559886825, 0.9146263614048452, 13.59183010812003;
  0.7274739451159465, 0.8715954826976126, 10.61725428374159;
  0.8863317476581738, 0.8392450070003898, 10.46615235016939;
  0.931240884347769, 0.6915927857685262, 10.60609393112892;
  1.044948536616754, 0.5538353963048052, 10.71401874024501;
  1.149111701126321, 0.5899371007985573, 10.28917274891031;
  1.324067267717074, 0.8828913982601351, 10.51876847298781;
  1.329970183662522, 0.2566446419141367, 10.36095854569843;
  1.348970226793969, 0.5726412720980688, 10.26492611791604;
  1.33116477128215, 0.8526107490563391, 10.08841852672424;
  1.244700335963082, 0.9161037532211086, 9.426463473951287;
  1.428875709250216, 0.6371761349292939, 10.56974930518919;
  1.324428388924632, 0.8982739637218694, 9.811558701707616;
  1.432903701765761, 0.5845394346337739, 10.50294490971842;
  1.454390377863094, 0.6197693874882702, 10.30422689896296;
