m=[-1.011618621614908, 0.3265995018010029, 2.49117719236226;
  -4.941555969653873, -0.9439700130832202, 8.296852867967713;
  -4.929284087616337, -1.001441023175999, 8.300988087913344;
  -4.765479273050957, -0.8423414745866661, 8.096414186303854;
  -4.71534778446222, -1.047551792023282, 8.088475520613228;
  -4.579362130612695, -1.412116869616266, 8.171096688686751;
  -4.5630004990022, -1.319870415358255, 8.14331719735525;
  -4.564257621027108, -0.8622990326492931, 8.149319249715749;
  -4.517211662927992, -1.277449875807688, 8.123781443310238;
  -4.358612054554868, -0.8365705254703951, 8.282893458732778;
  -4.264710584746698, -0.8587786226009299, 8.166418599755849;
  -3.313597549425535, -0.1063006580575694, 7.248355090954525;
  -3.448310522353637, -0.2880355036540392, 8.186234822198912;
  -3.395809499453714, -0.4159149959829707, 8.137311513362233;
  -3.248568355188541, -0.6337674506064165, 8.116037811547217;
  -3.290998162650102, -0.739953948483226, 8.229685636346559;
  -3.260514276159976, -0.540413046458794, 8.170910048844322;
  -3.165026499659622, -0.5353195367894084, 8.263381571727273;
  -2.857628480626306, -0.7709453038233618, 7.984195173155009;
  -3.129384958605026, -0.8462692318449137, 8.913889131823426;
  -3.047793334542333, -0.573993443996879, 8.840115900473295;
  -3.071598879142774, -0.5281790601086345, 9.253914115442255;
  -3.168158372088734, -0.7865591163658272, 9.726702359162793;
  -3.097260769140184, -0.8599078004452313, 9.621344825023021;
  -3.035127909715316, -0.5718041425295799, 9.707538619145726;
  -3.064656190477473, -0.5865319694089713, 9.806847351964699;
  -3.05997418444055, -0.4884878822804807, 10.19530469263444;
  -3.102252910739992, -0.6727362842664083, 10.73434292860343;
  -3.150643192520651, -1.892748786500333, 11.03777773584123;
  -3.06911091679022, -1.305457785797102, 11.23688809418213;
  -3.176968967646223, -0.6768679479875431, 11.82289280739714;
  -3.141011635353242, -2.040937708241807, 11.78968855207317;
  -3.172411899392526, -1.664588121970777, 11.94293009570644;
  -3.061853150463153, -0.6974587739418383, 11.91519305064988;
  -3.123761608256138, -0.7640357949893799, 12.24342685393495;
  -4.903709408917064, -2.392753783995879, 19.55514314076317;
  -4.642680560098474, -3.161555110569684, 19.39652233989169;
  -4.464157472139313, -2.926380239491201, 18.71202093555763;
  -4.652968972206704, -2.786979122213378, 19.43017026082042;
  -4.618377021212056, -1.41434009780054, 19.30838571905771;
  -4.33710754402091, -2.265706544399708, 18.47246342639997;
  -4.684307233128575, -2.878730345344554, 19.90963654495431;
  -4.694529999562322, -3.003347750263192, 20.14523328612763;
  -4.366555608224287, -1.083133774958655, 18.80927592628995;
  -4.540102774246434, -2.752485234761229, 19.60432034095008;
  -4.576567913091131, -3.129614578321313, 19.8695627105645;
  -4.49599491016927, -3.374678831970469, 19.62531988425987;
  -4.445605211383982, -2.820880579598081, 19.51612183065691;
  -4.690604522058306, -2.053646929537667, 20.57284244936488;
  -4.448796950073132, -2.926899848661859, 19.63386220424469;
  -4.390132123530847, -2.731777023678305, 19.5042302048026;
  -4.268788878261184, -1.820171735056762, 19.09749720638275;
  -4.258391255251408, -2.010205788643056, 19.10699255192778;
  -4.334044884689769, -1.144524334164796, 19.44280627105967;
  -4.184956732671616, -0.91879737692092, 18.83403514695187;
  -4.085995120404422, -0.8263141875077699, 18.4714379824288;
  -4.241470969644064, -2.358644340703373, 19.1928759285161;
  -4.367886719296798, -3.314461797640787, 19.82255851754556;
  -4.233559046091375, -1.104980919326378, 19.35687613579273;
  -4.168573815208157, -0.7991906278555288, 19.11836998988453;
  -4.164935364215471, -1.615734124428578, 19.26551350570079;
  -4.633084833323263, -1.30822002227056, 21.33087372854451;
  -4.157655346243823, -1.494731452906057, 19.41337046424873;
  -4.081798403024035, -0.9347600755291953, 19.07376542177481;
  -4.130100818718516, -2.925827097394344, 19.41815725278183;
  -3.63097249087848, -1.129053154732782, 17.30765946859255;
  -4.003004251545431, -1.726928335430864, 19.17860423999484;
  -4.817805266662795, -1.238069562222157, 22.91226517941022;
  -4.110426088755477, -0.543546142151347, 19.78922031497461;
  -3.996476285131597, -2.759879158286991, 19.53287641814913;
  -3.929978756931293, -0.6535214600030603, 19.16575086720699;
  -3.854675511326543, -1.475014710649315, 19.06368448428936;
  -3.880667268066808, -1.630530932419587, 19.20709765020686;
  -4.058462009848022, -2.944925795669931, 20.09338400582689;
  -3.929154833487187, -2.965190282316482, 19.84137391646402;
  -3.822402031891683, -2.061351503402405, 19.44444024811117;
  -3.764950425578861, -1.96686720982773, 19.60398897506225;
  -3.666490055629651, -2.372964456880458, 19.31838486823593;
  -1.741453949153426, -0.1780629273022643, 9.76438874614254;
  -3.706822653698843, -1.057516086198612, 19.63659922142955;
  -3.761051263549995, -2.862249227559409, 20.19318655580224;
  -3.641071703323981, -2.185464462380335, 19.85472028500432;
  -3.663553785468987, -3.686654937727967, 20.91620452340673;
  -3.30428130074493, -2.326948047669132, 18.93615730608283;
  -3.688496576199511, -3.626266756339037, 21.52895764638165;
  -3.812765252866651, -3.573089503615693, 23.20263142608783;
  -3.424980029123292, -3.580876569544409, 21.57009443454297;
  -4.683843379713237, -5.081346931510819, 29.42594834101068;
  -3.111129753243894, -3.229903432783427, 20.49982740980023;
  -3.015397411149164, -2.076899750248127, 20.23822748130553;
  -3.176747293475404, -3.108945317386057, 21.6503398809272;
  -1.753767440449126, 0.224061342974389, 12.72702337324585;
  -2.660414296127293, -1.403944744709813, 18.75738033813659;
  -3.078199757084197, -2.441425735528844, 21.74711692190399;
  -2.168949191291357, -0.1009170887859186, 15.74568617952653;
  -2.899557022405486, -2.27295379556185, 21.53174526526587;
  -3.104444089816816, -1.985442040834167, 23.10232750640252;
  -2.909746862416923, -3.128786670768338, 21.83367420399322;
  -1.964796309500101, 0.3948675051843838, 15.32702801872211;
  -0.9208371018164483, 0.6123869664801797, 8.677905440954564;
  0.4780986791445785, 0.4905521611894559, 7.6716269814729;
  0.4516989904716514, 0.5411861170799933, 6.592405231478809;
  0.5287199330711886, 0.342358414227485, 6.52650830744938;
  0.5525153893716505, 0.4523245657082184, 6.628085000414449;
  0.5590267063604942, 0.5293281813863855, 6.601206254927929;
  0.5945757430553442, 0.4954235497141405, 6.590395671142068;
  0.5924467609291435, 0.2933289441173953, 6.565537110171435;
  0.601931442201359, 0.2304949282761216, 6.480472098919629;
  0.6425721518996378, 0.340571032860626, 6.588391519933065;
  2.641475588640124, -2.877166524260235, 21.15741584967957;
  0.7197415983868279, 0.3695047848353331, 6.444582918370974;
  0.7991598132568782, 0.5746545700134187, 6.500813682437461;
  0.8500824378848927, 0.3608621442858438, 6.468662721908332;
  0.849607554645208, 0.5441734556062982, 6.438869762510309;
  0.7803367855241133, 0.5743305736653538, 5.909708540756584;
  0.8751138431159851, 0.390238039998845, 6.473434935842183;
  0.8971110747606016, 0.3659679291762926, 6.575674404705504;
  0.841946397649894, 0.5710376900576674, 6.237261729900363;
  0.9326573411981989, 0.3974396956201934, 6.607794584566757;
  3.276331020030073, -2.125328541944878, 20.68512250914828;
  3.873541931723184, -2.412206531493462, 22.26918143799115;
  4.030174044428282, -4.665313337832208, 22.67494783905065;
  3.567674704923125, -2.079871219252929, 20.19609862942337;
  1.426771468464666, -1.276807023665631, 8.525454193150694;
  4.08685405169674, -4.576431064472681, 22.59238622500095;
  1.432911035581534, -1.301498480622683, 8.44432568604665;
  3.932801426328808, -4.033110232950916, 21.49905586590125;
  0.8528961742054895, 0.5902059846424036, 5.394475036905924;
  4.793646623676968, -4.769286139940681, 25.35126618890507;
  3.438174152411765, -0.726837945758457, 18.51346562346437;
  0.8816568519462061, 0.5688127876593755, 5.463629303071822;
