m=[-9.202376037305376, -0.7217423954553011, 13.14971024422631;
  -8.960507982148323, -0.7706966709530784, 13.13968611213516;
  -8.84091960814378, -0.60732425361863, 13.21772735021347;
  -16.01075878877115, -3.176058058356348, 25.36430744756051;
  -15.47925929923689, -3.068645437023629, 25.56227069042338;
  -15.11553119095108, -2.88747274415296, 25.37891690039528;
  -14.86774642603987, -3.020554492004266, 25.03750722883456;
  -9.831396331379651, -0.1172511742326144, 16.92863613917143;
  -14.36333804142639, -2.53884964188627, 24.40290413997127;
  -14.42367823715772, -3.954420561385536, 24.57700361090387;
  -14.3021985797237, -3.177346494235549, 24.53328755181903;
  -13.71772004547721, -4.138783129501973, 23.69477831242053;
  -13.97215932996141, -3.499274078142304, 24.21728867500366;
  -14.00670505711124, -2.490543255091319, 24.52655308758;
  -13.81415248559219, -2.844002426702732, 24.28268979124781;
  -13.84618244322034, -5.805949674718394, 24.65595812730312;
  -13.88360312837259, -4.28122293661214, 24.77294005444991;
  -13.73749998382137, -2.595347136519245, 24.52781642854168;
  -13.6555526530354, -5.651708374902184, 24.55115829793714;
  -13.5832013256997, -3.8412764646363, 24.42811342582537;
  -9.981136369061964, -0.8834511053236395, 18.63967753054885;
  -10.20993854632154, -1.539650464016671, 19.31293025239756;
  -10.2213557462091, -0.01027933534071319, 19.59731426129648;
  -12.96919604488097, -2.489243597364088, 24.6460267031355;
  -12.75253683563403, -2.567959959004786, 24.41960642794213;
  -9.895323683764103, -1.422512200958011, 19.4681568751604;
  -9.771473311571972, -0.3441618834477311, 19.83166305395875;
  -9.883146170603499, -0.009490655466762801, 20.09409807112288;
  -9.904690139663749, -0.1822587770911784, 20.4338944988163;
  -10.44367219853955, -1.576070090984162, 21.64190636687811;
  -2.365027032056944, 1.140002335281452, 5.682972511049542;
  -9.748223498736126, -1.474917514430678, 20.786538356173;
  -9.780816090083629, -0.330354749683303, 20.87199115125891;
  -10.02479548599742, -1.320735788972134, 21.37846911189727;
  -9.828072675003122, -0.7205451468334085, 21.90487264419005;
  -10.42557789920565, -0.870842855252047, 24.75015758782993;
  -10.36863140613906, -1.269938519910195, 24.84614750402156;
  -9.62795585626878, -5.453377032179236, 23.73603896940159;
  -9.970852013593442, -0.1559995701233155, 24.57725576234285;
  -9.99212901037874, -5.490526245312463, 24.6433406472329;
  -9.790991226899728, -1.762964628734628, 24.16760846847758;
  -10.21491832020413, -2.131351699970904, 25.17296204414203;
  -9.886449999589704, -1.928760465138534, 24.69974254673921;
  -9.723024111964513, -2.186142236266779, 24.31403116057985;
  -9.631196733302785, -5.43609784509683, 24.90504525764054;
  -9.500362226316375, -1.606852109096152, 24.80393707734179;
  -9.430099081305952, -1.18385037926015, 25.23957305714045;
  -3.123082028004817, 0.5500477363525865, 9.015757424561942;
  -8.927616005869574, -2.408536897194888, 24.94370038131159;
  -8.88497707615339, -4.110804463607432, 25.31531022894923;
  -9.548468791558948, -2.582160857937327, 27.19831318693798;
  -9.106853791266119, -1.811519596297667, 26.14840486730239;
  -8.997861783401749, -2.218158621271235, 26.11680245065643;
  -9.208995549382175, -1.734337762089619, 26.71066540530569;
  -9.535628968751485, -4.020884270321816, 27.66703133514955;
  -9.288820382201932, -5.543512914699019, 27.05424597110715;
  -9.412208653881859, -1.583201106051124, 27.52224328908426;
  -9.369593763680781, -0.2061191576603895, 27.56893723711383;
  -2.605207847858147, 0.5735137521192827, 8.417992686226585;
  -9.436221071919983, -1.061536484638362, 28.06982721864534;
  -9.757472382487711, -5.531658558690354, 29.07652272380507;
  -9.737445163228658, -4.328918835448701, 29.10646324625743;
  -9.182763355484797, -1.579028873605253, 27.66523454970201;
  -9.594266051408868, -2.381969756959944, 29.45577817662848;
  -9.537128130732341, -4.028075541197177, 29.41287953256752;
  -9.427722881555782, -2.617465254156287, 29.28632088779166;
  -9.771603661807744, -0.980366719692457, 30.52219712235307;
  -9.533656556894984, -0.1407639694117455, 30.16783675458822;
  -2.605114052842655, 1.156847360515885, 8.959854039549672;
  -9.470992459595037, -1.400125160206913, 30.12413581549884;
  -9.397089624549823, -1.770368477005412, 30.0556066009249;
  -9.454322370047262, -1.809423953121203, 30.25366975499895;
  -9.394375985290079, -0.7800621964876426, 30.91604475487648;
  -3.631200214701157, 0.935586662815884, 12.63565152817459;
  -9.33796854194714, -1.490693778088678, 31.11249597446924;
  -9.674039879992051, -7.490579526258895, 32.50061433299021;
  -9.796940474037493, -7.759868036903862, 33.44825847842956;
  -9.879242827392769, -5.934954779227107, 34.61035727118449;
  -9.915294423064061, -4.436163711547621, 34.76727485991395;
  -9.573659963886875, -4.279637204157187, 33.92101000731604;
  -9.903347010449133, -5.775167572304357, 35.26850629746688;
  -9.387066798556955, 0.1488186645432084, 33.60118649971265;
  -3.450163337694667, 0.7571221720355297, 12.95196611251683;
  -10.00204769838188, -4.254408327289233, 36.62034176885738;
  -3.532476432429835, 0.8274766046148399, 13.57527013930964;
  -3.360314816503576, 0.9588190740734272, 13.09128466575163;
  -2.90097931842056, 0.7417984222986638, 11.50789388046984;
  -10.43691747923197, -6.781604436424506, 39.17464206081979;
  -3.118591766889785, 0.7608469867235229, 12.36009814757908;
  -2.600402458208466, 0.8293731410500157, 10.9548103446247;
  -5.565202151548243, -0.3162632719141932, 23.21414112753032;
  -5.463811891311469, -0.2935934542404503, 23.4949710392955;
  -5.065217215926002, -0.4202167655304439, 22.05561382378173;
  -2.569661187909841, 1.141217337704904, 11.82690192076984;
  -4.892563233457694, -0.3678636479898887, 25.15984795784912;
  2.719748832959176, 1.77891876458692, 18.15592847961152;
  2.662908380480746, 1.842738319442248, 16.84260431517657;
  2.773306936703422, 1.789236306868295, 17.1861887222192;
  3.349427889756205, 1.813988634160902, 19.25033928870111;
  4.188765844089718, 1.61561423680824, 19.8700130681773;
  4.409651678574547, 1.441734828705874, 20.73124074446204;
  3.926638808510678, 1.728059844989352, 18.48732771386353;
  4.639648069485741, 0.5278665084347718, 20.81068642309611;
  4.978486094062552, 1.233533575020854, 21.82882427766302;
  3.716161452563382, 1.800300116353028, 15.96539184608514;
  4.899286403480584, 0.8797029000932239, 20.54968435983043;
  3.876642329021141, 1.722587080849663, 16.45271960380586;
  5.355117891159186, -0.3834628494601843, 21.74576991977196;
  5.513839027330402, -1.20314029204842, 21.74264674296059;
  5.020989225172941, 0.9660335623319962, 19.65124771960258;
  5.92084846551106, 0.2465079994996298, 22.93716753506988;
  5.026302269730164, 0.9264427333478638, 19.12662288604469;
  5.296796513960032, 0.846762967160277, 19.82913917109776;
  5.497363574189764, -1.1817584543604, 20.39281112848954;
  6.133624671762017, -1.978162912510962, 22.51421649445745;
  6.094122352005151, -0.3084060580818342, 22.0469636020647;
  5.776410072196152, -0.4003814307535351, 20.89626591053104;
  5.780039890499825, -0.5542731021429225, 20.72560220147511;
  6.330564844267026, -1.888268997702072, 22.39431675976331;
  6.027562698496244, -1.916664790774665, 21.3127065008046;
  5.934559127412033, -1.583095507934165, 21.00111400332387;
  6.099271411672032, -2.054764431326147, 21.53361252547739;
  5.404611353071935, 0.0467794511589205, 19.0359006583323;
  5.396346931456416, 0.3852878390758124, 18.6224417504614;
  5.676312633792379, -0.5745112465365302, 19.52169032259291;
  5.438003779049908, -0.02123628614057528, 18.67822138569087;
  8.402267699149414, -5.70991205982573, 28.27549235512965;
  6.932447191090549, -2.211985537782059, 23.4935352872746;
  5.071237003087266, 0.8653226582048721, 17.46024102874401;
  6.523762827236157, -2.311861936260406, 22.14521907524457;
  5.616634890190683, 0.5319047038787249, 19.01453630606696;
  6.635759171729444, -2.234989261918815, 22.24712769102881;
