m=[-64.63553752562018, -4.440118372847421, 96.63416816517271;
  -2.530978984092571, -0.3099915098803949, 6.064935159244803;
  -2.348192747570798, -0.3971636427236971, 6.130758361494584;
  -2.37947348513993, -0.5069578430193787, 8.855062872614683;
  -2.39778691297482, -1.558011970391402, 9.000017892334522;
  -3.802094706133087, -1.855223410805603, 15.16209465388978;
  -3.740944193503194, -1.917278569543112, 15.2221599032487;
  -3.515943052246569, -2.394273648899579, 14.68915792846214;
  -3.468210353519689, -2.273509012233626, 14.53739594738761;
  -3.617218374029844, -2.166597746325989, 15.10501559279377;
  -3.577402939386995, -1.095550319933965, 14.95630943704268;
  -3.565966501560101, -2.191456594888437, 15.15637071698349;
  -3.540447123457773, -2.265017776892264, 15.19281658566585;
  -3.387689618285796, -0.8403239014593273, 14.59273498382812;
  -3.523947571687478, -2.136430416104933, 15.21652713501428;
  -3.520521349447443, -2.407453608850826, 15.28464584271411;
  -3.32779009651051, -0.6405690918395876, 14.47970400157285;
  -3.461552474886493, -2.598229779204673, 15.10990914650328;
  -3.453038960663413, -2.191065126473201, 15.15877497843148;
  -3.520668688194002, -1.541424012070899, 15.44154104188769;
  -3.406574344500988, -2.241213084182547, 15.03422431256344;
  -3.350682953794695, -2.084975679375493, 14.88622434022754;
  -3.33321050605314, -1.421249849344497, 14.91195281448649;
  -3.289203165749368, -1.55269322321161, 14.75833868300579;
  -3.207730401079318, -1.783790390446267, 14.5151462878481;
  -3.218078566977941, -0.6507947019147077, 14.54787314249971;
  -3.276064280771062, -2.485959596264292, 14.86759618236622;
  -3.228282536831032, -1.252371478047482, 14.93288979893966;
  -3.667690980608236, -1.035626790561307, 16.88616893435096;
  -3.185444866351932, -0.7294889139206924, 14.88521042582117;
  -3.27075994772279, -1.175880962134931, 15.27218330449981;
  -3.233451901200753, -2.290627179796019, 15.20245636674417;
  -3.10719413932596, -1.484760177514035, 14.87860841114754;
  -3.111643754022088, -1.342388224172543, 14.90804914114246;
  -3.113071114788406, -0.4116599491510019, 14.9875581792504;
  -2.980292937346661, -0.495596926119886, 14.53431570024165;
  -3.093685864734764, -2.136431829242643, 15.12046597079936;
  -3.015036661053316, -1.153721867154046, 14.91116630855017;
  -3.032935661949173, -1.274341516867574, 15.01130795345726;
  -3.103697410023793, -2.252123721388561, 15.36635891777974;
  -2.723113529011658, -1.422595812274956, 14.1791741102088;
  -2.899793498765064, -2.206811638639546, 15.56907018560425;
  -2.875302378486472, -2.893433079419398, 16.41586725261141;
  -2.572618773416233, -1.811695097160244, 14.74314967403321;
  -2.504749134092401, -2.006740678258517, 15.04438002171879;
  -3.172889758720818, -2.973437476773919, 19.30866097036966;
  -2.894099270712471, -3.02583144436104, 18.22667403645837;
  -2.485509985251758, -2.580399363032544, 16.37749941797486;
  -2.385510482445068, -1.892030129237618, 16.85334918917073;
  -2.39903068980907, -1.798989031434997, 17.02143256344209;
  -2.310567744409786, -2.484502570994012, 17.33765366647564;
  -1.476484177897004, 0.2967308218930549, 11.51779156669171;
  -2.442407656559968, -0.5522948735860773, 19.24556295895963;
  -2.51296231860769, -1.992534935695156, 20.41529265414694;
  -2.860108848075901, -2.477634799520736, 23.9651523070521;
  -0.6816249686758074, 0.4533030283218645, 6.423586769792572;
  -3.831890769856527, -4.202231501304441, 32.17307181507396;
  -2.464763020418842, -1.911329255419302, 21.03603645399374;
  -2.732007295391135, -2.596236604300074, 24.49042200790657;
  -2.474286752534454, -1.825400813752234, 22.357547880542;
  -2.661929618346308, -2.442015119672564, 24.45418080668646;
  -2.438199164121529, -2.016248022982374, 23.25779439156071;
  -1.795664732805143, -0.4508346189779861, 17.36394392266699;
  -3.113860351112795, -3.731347199771141, 30.08927968000425;
  -3.035357028976093, -4.157682373883516, 30.77861367271524;
  -0.602005792783506, 0.4559600926413143, 6.775807451847824;
  -2.763192792048187, -1.813693551114934, 28.5292132720503;
  -2.895175554395625, -3.895478974754907, 30.03918135812635;
  -1.869986678296251, -1.055061651210631, 19.69880657223736;
  -1.231402188621164, -0.3319739043433949, 13.34156141570732;
  -2.811343320434003, -3.685500422821947, 30.33578097208077;
  -2.505434550312774, -3.096257628981435, 27.4622725853273;
  -2.696657677244336, -3.185517163161434, 29.68603508391554;
  -2.147767666927247, -1.085814532623926, 23.73391384784596;
  -1.30259744861439, -0.540674513601053, 14.80802806722091;
  -1.289848750228108, -0.4590707010143629, 14.88449182165194;
  -2.666641947846555, -3.497014386543516, 30.36042303214048;
  -1.210830278213118, -0.5524559243993439, 14.66785898747435;
  -1.706026496890595, -0.9886208824369387, 20.74121128316243;
  -2.17654019164213, -2.984950769496084, 26.96699538719981;
  -2.247754918889672, -3.254335118207778, 27.92064937346424;
  -2.168078587190804, -3.290499094248656, 28.20668364321565;
  -2.092180989024203, -3.378486511296086, 28.40868942843681;
  -1.910731740164699, -2.797860523549589, 26.16694485385474;
  -2.033460917580203, -2.465032666772848, 27.70424048760143;
  -2.296217222314761, -3.601837139424334, 31.45575488283728;
  -1.943370576032396, -2.471257915097441, 28.13127745473141;
  -2.710369308457072, -4.531716650717418, 43.12987580391093;
  -1.939032624755841, -2.567542635423386, 31.25420493088669;
  -1.669545499047147, -1.746250133508546, 28.66252663470183;
  -1.391790195099372, -1.368091892187768, 25.7650123732297;
  -2.059672778019181, -3.06129532361228, 38.30989350418071;
  -1.995874302526034, -2.585805340341308, 37.47848825785626;
  -1.774780467268302, -2.829614629172238, 33.60108276330297;
  -2.240639372479712, -4.536044124995466, 44.26532908551432;
  -1.804233837460226, -3.753178047208374, 39.37020327101467;
  -1.947563212024443, -3.744591623430955, 42.63048621090675;
  -1.242920088052767, -3.137047242602281, 27.6726154663852;
  -1.535027506131371, -3.181908309945948, 39.49050972014841;
  -1.882601714615495, -4.800295231443145, 50.68923171117017;
  -0.9567443184614216, -4.889854121532409, 49.00787620073611;
  -0.2664077862186785, -2.411817834015945, 27.10013595353122;
  -0.4357509778873243, -5.012063048606605, 48.24592634594271;
  0.407999877454489, -4.119602831790546, 43.51024757735999;
  0.9564994200656042, -4.694577187418894, 48.19153848207466;
  1.95630601153141, -3.411317842352092, 34.94438180068482;
  3.20400149951284, -5.359315361709117, 50.09942249126139;
  1.630210640615679, -1.361476570612796, 25.57836116254219;
  3.108455248230125, -4.626087669279499, 47.46660908778161;
  0.4297006280169952, 0.2020031563020505, 6.446835161758742;
  0.4459887032755924, 0.1233105211400712, 6.633031764061605;
  2.125379826103871, -1.839323663011212, 27.35453749581428;
  0.4209058050643595, 0.4038740451560379, 5.989268906392772;
  2.037646154184395, -1.862163015263736, 24.81897883982858;
  2.199576546898475, -2.18008401720435, 26.52086734847818;
  3.778598695441739, -4.859183854279586, 43.80125140469014;
  1.838093251591499, -1.429806778789437, 21.35459025468329;
  2.333220006162127, -2.331719788194251, 26.6553613702808;
  0.4515005683370636, 0.02104767399032962, 5.817093112592302;
  3.430818158817468, -4.023104680343764, 34.61168565344896;
  0.4392342237847514, 0.3595853316295304, 5.269141505085056;
  3.863983671896536, -3.939222889664642, 37.32857546175087;
  1.603023481446426, -0.6492649413452193, 15.43065190398696;
  3.356308687896096, -3.498132898915767, 30.52782779562145;
  0.4841201655592259, 0.1853819804287107, 5.212100590653996;
  3.823356306390505, -3.726653168831971, 33.42290920464192;
  1.985406653177355, -1.608394355993707, 17.55955091048794;
  2.009572821760564, -0.5072545328328894, 17.25600828893397;
  1.792741047488482, -0.2207349538933316, 15.16546172866049;
  1.927491458096375, -0.3538809206662066, 16.03356195308876;
  1.910909409229631, -0.6793319190810186, 15.17372744471336;
