m=[15.56393758994836, 3.186177610134316, -22.88401262015641;
  -1.874095061493276, -0.316976714199957, 4.892964591757473;
  -1.895116175973292, -0.4037632757172981, 7.052557212322017;
  -1.922918042927281, -1.249456034959089, 7.217612498504846;
  -2.786532658035632, -1.897562507637833, 11.64177510228692;
  -2.756752435474522, -1.807128422930804, 11.55523961882744;
  -2.836515110778692, -1.743173903427624, 12.05599507019451;
  -2.775600704160215, -1.775703666021029, 11.91069685349986;
  -2.778119775633607, -1.684264441370248, 11.99601699238833;
  -2.778966769647579, -1.900353076828987, 12.06512293680627;
  -2.659061728790796, -0.5118450104599451, 11.56996854915056;
  -2.725036320453659, -2.045403202344692, 11.89496664334882;
  -2.722552592330074, -1.727547852196129, 11.9519537961274;
  -2.690082508416077, -1.769827253330026, 11.87213304653563;
  -2.606826643614428, -1.111526550086171, 11.66229250583815;
  -2.596136990286823, -1.225526094989321, 11.64861732139405;
  -2.524474315883878, -0.2609646919816723, 11.37495851189474;
  -2.532848056156468, -1.408494311589342, 11.46126870501102;
  -2.598547162813227, -1.971842644742147, 11.79285464705457;
  -2.543326247152239, -0.9866513277458273, 11.7645249875671;
  -2.566630240834597, -0.9227371269293123, 11.98438532310799;
  -2.533932233595034, -1.795076662151237, 11.91358195345656;
  -2.443214864804554, -1.167480361287971, 11.69918441131182;
  -2.445811054388615, -1.055142624768157, 11.71800960236661;
  -2.414653638350444, -0.3193040432833762, 11.62509963733216;
  -2.36587478783877, -0.9940641022090148, 11.7097357075962;
  -2.169426443453011, -1.133341280344979, 11.29614132253081;
  -2.373679535671835, -0.6771848903935603, 12.57437921277031;
  -2.147697560896821, -1.289103065725395, 11.71136901518969;
  -2.012267585514248, -1.417083384651492, 11.53189213419536;
  -2.308287912283014, -2.322843208490407, 13.17863061372756;
  -2.243917264679968, -2.20605941005598, 13.09726029434345;
  -1.964671025270594, -1.57404396797405, 11.80048617225725;
  -2.307681734126111, -2.412721645507828, 14.53348997854207;
  -1.979686509600462, -2.05526505171522, 13.04453204820667;
  -1.892028053228378, -1.500632300052498, 13.36695423953101;
  -1.848664017803426, -1.386279177237869, 13.11650994927759;
  -1.20058004629477, 0.2412820328307643, 9.365512302372167;
  -1.930225272013207, -1.53048108193636, 15.6811399537471;
  -2.343345461614654, -1.976847266223902, 18.90733838754782;
  -2.194055221797548, -1.987517678419261, 17.91491120249036;
  -2.171124665256518, -1.880786470191923, 18.19208150608441;
  -1.890367397717926, -1.465907464862542, 16.13373665557433;
  -1.090898120096382, 0.2592787850881679, 10.10161210866014;
  -2.082366484713067, -1.97888054702494, 18.66687328096709;
  -1.98590390682336, -1.821839064885652, 18.24377807266484;
  -1.371173064717353, -0.3442581874507452, 13.25914117989596;
  -2.289010687766221, -2.742927638675378, 22.11874490456937;
  -0.4723003731664468, 0.3577210127958766, 5.315922913656388;
  -2.176352808340857, -2.928297938157465, 22.58096460152862;
  -0.9724441522560133, -0.2621613677183803, 10.53589436542768;
  -2.092987702872275, -2.743779817936322, 22.58436956813589;
  -0.9952876038388477, -0.4131181445742484, 11.31450609570915;
  -2.020576545190163, -2.386873691273309, 22.24342626667669;
  -0.9758972936903705, -0.3473320842100507, 11.2615803086507;
  -1.964147249310286, -2.575768071778334, 22.36233530888218;
  -1.287455889090075, -0.7460644834594772, 15.65239148514903;
  -1.686503268444012, -2.312904327809138, 20.89551391482182;
  -1.693061458334814, -2.451241153935387, 21.03048466211038;
  -1.648590013961622, -2.502069795706484, 21.44814180441309;
  -1.410679796324346, -2.065640733620018, 19.31887122662463;
  -1.570075493562398, -2.535382409335018, 21.31927749549864;
  -0.7194978471986686, 0.103834640128222, 10.41171896209355;
  -1.395355842208606, -1.847640710485117, 22.4909766277858;
  -1.224658030656547, -1.406258160852335, 20.80597448533676;
  -1.275911325293098, -1.33453105854842, 21.90466948376254;
  -1.850594039893044, -3.373831126728425, 33.25999959657286;
  -1.237090405077673, -0.955428308004502, 22.68221576443748;
  -1.348906472966618, -1.747609835450818, 25.32973912437367;
  -1.248367739125481, -1.990330456280666, 23.63475849266909;
  -1.307686575975198, -2.514296926660359, 28.62413615183797;
  -1.046054162113767, -1.214018278881036, 24.52806121016485;
  -1.112867232692687, -2.306826087107498, 28.62990669179844;
  -0.8690810113438524, -1.503640839891569, 27.2720692719902;
  -0.9847587830295217, -2.311694082846927, 34.69490731145753;
  -0.4223427293772802, -0.04861507349878006, 18.75713290924228;
  -0.6983668054975615, -1.523025987047432, 40.18556070295286;
  -0.5342681376146166, -4.836785894041837, 54.34803303050342;
  -0.3430579488647784, -3.94589606516164, 37.98304392468866;
  0.09396252691558613, 0.4314409793012042, -11.15714373435746;
  0.04173657715092952, -4.742521683567163, 45.78210198043187;
  0.3267726194716145, -3.288643094984626, 41.74956576995777;
  0.4164897165202101, -4.205325320911862, 44.41562775037897;
  0.7453823216830849, -3.594319679187903, 41.42894130443084;
  0.7559566419450906, -3.710296871596434, 38.08754384668426;
  1.007021598985103, -1.558801718973933, 40.3329747236683;
  1.350502352798702, -2.073256866120353, 41.30083851128831;
  1.383276506046679, -2.541236344939303, 41.72811672928167;
  1.682893539611604, -2.491871189519612, 44.22234805177222;
  1.958147550496421, -3.946215383933915, 41.34918065039975;
  1.224168983756031, -1.489574609226597, 25.33085083801549;
  1.645937326679599, -1.660923538997267, 29.95649479016289;
  0.7418147357709567, -0.394668522546033, 13.76262367229363;
  0.3673257239224432, 0.04953578103088474, 6.689208661874247;
  0.3656224051647605, 0.1087389068806275, 6.67310989860329;
  1.381103641244348, -1.153433919700129, 21.66981791095928;
  0.4746870028379411, -0.0625280802562678, 7.960817273892157;
  0.9765959799446179, -0.4312440588930143, 14.6190839784198;
  0.4333898196556487, 0.02646885039397871, 6.944176033605197;
  1.631077280630902, -1.423559851602524, 23.06045800400457;
  1.743193748018907, -1.321987030491361, 23.61165547571597;
  1.785602900101288, -1.545277520074303, 22.98146471682389;
  0.3487090288221164, 0.1639288375680573, 5.231711293063897;
  1.642837206612587, -0.2142147252486909, 19.88265441095996;
  1.866049200542668, -1.849512372350185, 22.49944125977724;
  1.664609144582053, -1.294857829926496, 19.33908749513686;
  1.874152218299919, -1.872947172558411, 21.4108418879323;
  3.672650145554241, -4.713469297712403, 40.68284635255318;
  0.3680772366155725, 0.01715871523280655, 4.742274336230748;
  3.027141406202965, -3.549738341001212, 30.53920724733195;
  3.221311425663545, -3.284036574741471, 31.11994688623045;
  1.644772047350574, -1.137996998421209, 15.84963439278509;
  1.306108561589715, -0.5290069100334487, 12.57255854076619;
  2.870016868517617, -2.991292327911017, 26.10468490237598;
  2.947387506791328, -2.872840015878395, 25.76538965665549;
  0.3813304671775262, 0.1888022193277797, 4.22593133865153;
  1.669288681416461, -1.352304571669315, 14.76370573188323;
  1.647495514414151, -0.6681169413124196, 14.28897361578491;
  1.683496131366315, -0.4249465530162033, 14.45601915127149;
  1.496843681061755, -0.1843019779056037, 12.66235611145908;
  1.619249671484368, -0.2972887698808623, 13.46949674729252;
  1.618096865539942, -0.5752365044711221, 12.84862626049147;
  1.633111791674389, -1.373188599072597, 12.47234314312173;
  1.801917988509139, -1.344933713957679, 12.524367785757;
  1.9642435822151, -1.274188390334101, 12.40125582168882;
  2.219381642958934, -1.382096022035477, 12.7593332816234;
  2.4192328759284, -2.582711235375194, 13.59963675600931;
  2.384480082114616, -2.673795360250173, 13.42608224323294;
  2.180076686524357, -1.270933908242625, 12.34110377832251;
  2.164390641979549, -0.6808331724269517, 11.91420066671167;
  2.187548678017008, -0.462452835980162, 11.77924836114367;
