m=[-5.077139980651601, -0.9988917196547248, 8.023032460786814;
  -4.95667548364777, -0.9354083110622449, 7.961269685148865;
  -5.064154636808812, -1.130797494801585, 8.12489749706547;
  -4.765782111112928, -0.8288135036508399, 7.733570401558536;
  -4.716582015199678, -0.913820128770787, 7.732267213800075;
  -4.734086081789419, -0.9633715947648344, 7.769199645179297;
  -4.58708412859772, -0.8037281540900112, 7.672881250609547;
  -4.575456183912769, -1.345592275834849, 7.66522781534945;
  -4.603691576675698, -0.9357236043106986, 7.727076076417409;
  -4.572737608949367, -1.393950269128663, 7.796861187160025;
  -4.575810465120266, -1.228408447028206, 7.800161737086119;
  -4.573453988614775, -0.8489303755260556, 7.80053774889398;
  -4.555999963928356, -1.276249064771088, 7.825352207464346;
  -3.456187483656613, -0.2784276140919008, 7.835669350390741;
  -3.390523928036487, -0.4040797532834835, 7.760121968633128;
  -3.157937153897306, -0.5215458836076112, 7.872383898337295;
  -3.108694541994866, -0.4272323848204028, 8.440728668573662;
  -3.120927233430109, -0.7575414738330027, 8.663148096209405;
  -3.08389625160891, -0.5170162731802135, 8.902826308596383;
  -3.143005553106901, -0.8188371977108385, 9.316707796609846;
  -3.214777570059105, -0.5142878206833447, 11.4912493406239;
  -3.22702983079627, -2.071248841558567, 11.70934241180061;
  -3.156598377490595, -1.704460393359378, 11.47344972369532;
  -3.235786724760717, -0.608233626328994, 12.05153922000483;
  -3.187854871617818, -2.025098189333948, 12.3131431390204;
  -5.127539616526161, -2.07485125176059, 19.57251628566867;
  -4.964213400485275, -1.84416233258069, 19.02338059834317;
  -5.089836693545231, -2.462163674018382, 19.86098149682218;
  -5.092915495162496, -1.473247623751649, 19.99060817489023;
  -4.505608994677601, -1.590965519628925, 18.35145287193747;
  -4.89595666602029, -3.282403820007642, 19.92548238643756;
  -4.946714436976437, -1.152910091305085, 20.07929263113598;
  -4.810518945319616, -3.110901262289919, 19.6504856593496;
  -5.008588586136638, -2.961322143449532, 20.4127826476407;
  -4.912309846260943, -1.477991723717133, 20.05576683456278;
  -4.879908336317044, -2.169680978157836, 19.96427642412461;
  -4.869364364514764, -2.95655015797878, 20.21069584323821;
  -4.792749630002433, -3.029647776877756, 20.09380735338711;
  -4.725949657594618, -1.154215075226053, 19.84853977736919;
  -4.869724422208507, -2.91063779194411, 20.51870057115265;
  -4.721362104439074, -0.88601547569079, 20.03392773011407;
  -4.77240406793373, -3.536652988299655, 20.32403473239286;
  -4.646197736339412, -2.000132861955541, 19.93474596139034;
  -4.705928706991188, -3.054520904824542, 20.25986663138968;
  -4.610966595209807, -2.823514771413017, 19.97163933871074;
  -4.603880567410405, -1.934910300009259, 20.09546228609631;
  -4.511335233494111, -2.103092935720818, 19.75514149026079;
  -4.552506638629009, -3.321312926092877, 20.0741577403008;
  -4.520423481106422, -2.473900660195642, 19.92257746761795;
  -4.576233568334112, -0.8965177426467309, 20.1464871340669;
  -4.593918155568058, -3.441897787181321, 20.31565390362303;
  -4.624283560822141, -1.178474363229674, 20.59894712244092;
  -4.463396337393763, -1.697281798327289, 20.13494158486108;
  -5.152500424038387, -1.424714165086801, 23.15381952005504;
  -4.719584794930289, -3.704606748316182, 21.40913628198446;
  -4.496876388732048, -3.451595240364843, 20.47577848376009;
  -4.357824777085297, -0.9753012623008235, 19.87742649477012;
  -4.504076272502266, -1.589534469409259, 20.5312234519421;
  -4.487247727664, -3.136442112755134, 20.57046713402668;
  -3.902333299478453, -1.191782115469257, 18.04549759773699;
  -4.514377853149619, -2.236046247380584, 21.00333505750957;
  -4.338218836391875, -1.842278431736854, 20.26386784585539;
  -4.329686882302602, -0.5502818889948874, 20.32942113719214;
  -4.473065820346521, -3.437377593253491, 21.2461421944356;
  -4.070585126216984, -0.6525783449920778, 19.3589523940201;
  -4.316333263720829, -2.926836983240656, 20.54093133442883;
  -4.393116773088042, -3.297819975524988, 21.08712129073235;
  -4.172811673295243, -1.564349883825179, 20.11898257727975;
  -4.188629386944023, -1.722957247116975, 20.20813551479327;
  -4.490509818129322, -3.210577188115497, 21.63679185726347;
  -4.108974892383158, -0.8315276473330789, 20.04192957353072;
  -4.218789155112175, -3.406296344748722, 20.63350422545271;
  -4.010552926987611, -1.947348779626272, 19.93723089723008;
  -3.701616493753222, -1.900952347800085, 18.77335811015662;
  -1.824311894390596, -0.1211277249846116, 9.821944913084998;
  -3.986226838895054, -2.991642719409132, 20.87858820945917;
  -3.876304050872027, -3.852812353094167, 21.590038186214;
  -3.570386435692414, -2.475063002679423, 19.92637731490865;
  -3.396773018195205, -2.678192532891668, 19.89013388774947;
  -4.803050204996668, -4.428322073627181, 28.4388687970852;
  -3.998203140433677, -4.119780493223812, 24.57395772759099;
  -4.893842122440043, -5.242131549640611, 30.14894195257036;
  -3.428313177604226, -2.667731612799851, 23.56120691590341;
  -3.469043968024853, -2.553895501809612, 23.95171813837693;
  -3.186858238280851, -0.3718620763910809, 22.07050829217784;
  -2.930293610791692, -0.3578526101414742, 21.24660289035182;
  -3.168074480560716, -3.347170595144774, 23.18393587044776;
  -2.139729445306209, 0.4393527243984204, 16.09395537709349;
  -4.078251004732824, -3.196223771813466, 30.97448514279803;
  -3.709102169846322, -0.8074908593805527, 28.44984989451619;
  -3.946644147683352, -4.383522522490908, 31.10433556855908;
  -3.579719554079721, -2.77345534312741, 28.34369783864791;
  -3.977224575978803, -0.65309065821102, 31.62536840401359;
  -4.595544812439772, -3.895819664933371, 37.47353019105398;
  -0.9257038131920157, 0.6173483457997705, 8.258811109878417;
  -5.864325133286517, -6.296359585573255, 48.03674373835115;
  -3.695079543697733, -2.793947248446766, 30.68428515710788;
  -4.176542681523441, -3.950991092451419, 35.40732002722142;
  -4.107358246613963, -3.819822397644543, 35.87150960451587;
  -3.962147582687898, -2.841002066254984, 34.76678950978243;
  -4.656438576713964, -5.615590813015358, 40.89075225914234;
  -4.231956297519386, -3.795765440344792, 37.80333708084402;
  -4.226212567121332, -4.936467792232018, 38.41308927204904;
  -2.59802299109677, -0.6198027268043633, 24.40080693925728;
  -4.567280167411612, -5.934559925192985, 42.597749133541;
  -4.71863539253987, -5.534197107199155, 44.43421212086003;
  -4.431109406013245, -4.631973876872698, 42.49949201227562;
  -4.402159916807615, -5.88407194549373, 43.44103356316049;
  -0.8056350070346873, 0.6127288201249923, 8.605394226750516;
  -4.19314713852408, -2.678777141684907, 42.20412010258308;
  -1.644786772752415, -0.05499689068630191, 17.50657543148304;
  -4.415173169354259, -5.646212080237437, 46.30351732315283;
  -3.670249396319655, -4.402133182296021, 39.00420755777388;
  -3.46707259109343, -4.008060667934443, 37.22300487395084;
  -3.661046797394381, -1.7853432603974, 39.27518075938597;
  -1.991134876118799, -0.7917741068624132, 21.83322121073901;
  -1.976076412928869, -0.6711442477095443, 21.9994765992731;
  -3.812968734876915, -4.875538862522546, 42.19698656199484;
  -1.844333940873637, -0.8064333098039345, 21.52796245829678;
  -2.294034529529101, -0.9088746628734281, 27.68465586241812;
  -3.371888901770158, -4.750284937822902, 40.61649081755945;
  -3.157139370471682, -4.653383408714942, 39.80192906180096;
  -3.046268556273843, -4.778726993539067, 40.06882844806026;
  -2.766717520805767, -3.926153209915218, 36.63867857611023;
  -3.226091727541124, -3.784041851085871, 42.50527445017642;
  -3.426671075382157, -5.208242578820509, 45.42438527967379;
  -3.108661235220328, -5.08236881764576, 42.85374205177863;
  -3.061412500706671, -3.759135958206023, 42.79628408020685;
  -3.269606512186312, -5.490885727487755, 47.93253296840226;
  -3.668373876802532, -5.555895086985765, 55.63034781393685;
  -3.88799077736515, -6.26245102480226, 59.77697444429651;
