m=[-3.403977990939898, -0.6318507459186861, 5.805865518890547;
  -3.181882379920223, -0.6286529738870411, 5.818749031222414;
  -2.441436428171302, -0.5391393324200724, 5.825357395045305;
  -2.336806873230172, -0.3859329512036268, 5.825398006935561;
  -2.388439092073642, -1.533004639554274, 8.666499110706878;
  -2.335090546111731, -1.206572777391307, 8.492287602211327;
  -2.540562258362983, -1.578344151005408, 9.731317534955357;
  -3.717109519682357, -1.504122818473555, 14.18871272590699;
  -3.729125305215999, -1.453099023932749, 14.45020842102867;
  -3.799894880709576, -2.164761342161336, 15.00998785147355;
  -3.564795906514588, -2.389951647713909, 14.50794663675783;
  -3.527536501480414, -2.281212875360596, 14.40963152273119;
  -3.525856097720368, -1.060842311364956, 14.39521325022395;
  -3.587754441672938, -2.178390271760702, 14.89126882952093;
  -3.467157994335555, -2.191699613071029, 14.53620785150409;
  -3.525521407336377, -2.107206682518486, 14.85486894995933;
  -3.423484195223209, -0.6424544253656566, 14.52670509804879;
  -3.450030414301796, -2.474303956377237, 14.69094173131795;
  -3.448982787473112, -2.555914190893744, 14.68803667212909;
  -3.450645353917543, -1.485461781650807, 14.80516810448832;
  -3.413420469115414, -2.215580564231559, 14.69538698246653;
  -3.349413919385533, -2.051005896851678, 14.50743253345597;
  -3.31408465070296, -1.392837288425714, 14.46563657245178;
  -3.283448694659661, -1.530677149255459, 14.378225111144;
  -3.249273209813913, -1.778235860536493, 14.32031700271785;
  -3.336633017067819, -2.499903004184403, 14.75557014353672;
  -3.307946609682396, -0.617882164775142, 14.79504511083656;
  -3.231605004222594, -1.228872351553956, 14.57817613915076;
  -3.293519938049208, -2.527954241904943, 14.99649508986341;
  -3.240705940434443, -1.143678189685298, 14.77232040036734;
  -3.224438511345241, -2.253779009040251, 14.78148977922526;
  -3.210368290858685, -1.590148676738661, 14.9363750807579;
  -3.124860410233386, -1.327010727921084, 14.59625730692274;
  -3.07572713694405, -0.3909097782263411, 14.44163376469674;
  -2.862661740594124, -0.4589293683891562, 13.6142914686684;
  -3.183496235182138, -2.446393383537156, 15.12095202813054;
  -3.101564212575311, -2.103121396941382, 14.7599857627564;
  -3.243107941470584, -2.434532634707881, 15.56703681078248;
  -2.993473955658658, -1.231340175866204, 14.44208158986563;
  -3.019917019562564, -0.6111364902893208, 14.72994257915165;
  -3.077494187072946, -2.484802348491219, 15.0515911030608;
  -2.844786727701267, -1.381303791107702, 14.14198263334151;
  -2.736375720432989, -1.405256287083917, 13.87798044727729;
  -2.787718494707798, -1.772212490020648, 14.29845279546722;
  -2.68463568569286, -1.583945268769617, 14.27049689448487;
  -2.532972937790932, -1.755907299681058, 14.13655787572652;
  -2.933866082225153, -2.916085873443842, 16.34089584232418;
  -2.820836393214254, -2.739299666475132, 16.07802160813567;
  -2.424217235531049, -1.911378965720878, 14.19523916653163;
  -2.941622447169329, -3.031071296433174, 18.07994819878786;
  -2.44579526996958, -2.35999079886387, 16.19575137195339;
  -2.451364147869516, -1.90752165656163, 16.84708920161802;
  -2.381652308247024, -1.753362359477301, 16.44391518716515;
  -1.597955018652022, 0.3281096553823535, 12.01900400127827;
  -2.439372246471367, -1.889949726129316, 19.31459401370424;
  -3.043928409883816, -2.516925535287988, 23.98863837666816;
  -2.385448150283699, -0.3917088092048801, 18.96817117570703;
  -3.00943701440011, -2.551215226830513, 24.53990406358938;
  -3.84138497401987, -4.124386106384285, 31.46613146497408;
  -2.462360583654623, -1.861855880509939, 20.44767194182537;
  -2.769132197059797, -2.619586935578233, 23.47576868607867;
  -1.401324150896528, 0.3414959444428383, 12.55594630920546;
  -2.770442883889165, -2.576497871350494, 24.19559301897272;
  -2.744260496871206, -2.4614075432284, 24.51400659824311;
  -3.033219620113082, -3.542981031750027, 27.56968188386664;
  -1.76550191731533, -0.4211906154334776, 16.58171293438539;
  -3.09041116943187, -3.624553102993601, 29.10163087834944;
  -0.5965415645357861, 0.4537019938332838, 6.371961608728788;
  -3.1382288737493, -3.280486404404284, 30.09926425459207;
  -2.859691085766684, -3.657030366617456, 29.99061433144864;
  -2.661818019463482, -3.192610682114294, 28.28747894251653;
  -1.667117068343668, 0.2226323608134161, 18.01577102167388;
  -1.297538144187942, -0.5159656021077222, 14.22778420045959;
  -2.560320515849647, -2.959822642088448, 27.48798028779997;
  -1.267304630667443, -0.4304207101523351, 14.1087856644147;
  -2.62132705272962, -3.351819226856973, 29.00944385063151;
  -1.727539473136978, -0.9650144319686969, 20.33776033478192;
  -1.287568605271445, -0.5101224358129914, 15.53851665149552;
  -2.231940049642907, -3.144335863016255, 26.88510065799423;
  -2.122800725507537, -3.128846882235989, 26.76206336635921;
  -1.828551586333904, -2.594834357390267, 24.21487315843248;
  -2.020909490175679, -3.170230908339405, 26.58185717215766;
  -2.10973501339609, -2.47461208782082, 27.79675016553115;
  -2.235842634821751, -3.398286720274778, 29.63861282120217;
  -2.392779504701963, -3.623957737372548, 36.28614763897881;
  -2.251189239981332, -3.626027727488323, 34.61152285933032;
  -1.755565370986006, -2.274543924769064, 27.47715581212594;
  -1.697903245668417, -1.871684170185127, 27.73857216819615;
  -1.869182187799118, -1.883722758509164, 30.94178014415205;
  -2.460736315042423, -4.362957771142618, 41.34165410653227;
  -2.604214721583869, -4.573307345728588, 45.10393174703101;
  -1.803255523474311, -2.750917411952485, 32.66697321255676;
  -2.231505775796321, -4.301434251248724, 42.08743521053258;
  -2.365393398299294, -2.49687864652662, 47.43173368253848;
  -1.491258999033191, -2.899885340536919, 30.52287572945291;
  -1.645670048770255, -3.032708205828548, 34.57433597253148;
  -0.4555565454227528, -0.09444472407304655, 9.582057488892179;
  -1.87828279218868, -2.063045866048729, 42.01231533472839;
  -1.62825720893143, -3.207332074961629, 39.7994898258743;
  -1.91009214689318, -4.635440968252159, 48.90365801310647;
  -2.233409396094613, -3.193854759945263, 57.24581335085485;
  -1.408918544504583, -2.286490788348784, 41.70446269740977;
  -1.629658422743779, -3.568565416476677, 53.76051980805388;
  0.006420764680820966, -0.002556730523651005, -0.221461033796913;
  -0.07146643237593929, -0.02449603213889388, 2.838484517401251;
  -0.8655232348828659, -0.06808497755420449, 35.43586107733668;
  -0.6147474612922752, -1.753905432591352, 29.31214341445657;
  -0.8460955350161971, -3.977533398118582, 39.88908289286291;
  -0.4398975873701918, -0.8568956479070495, 22.89609953456793;
  -0.0408688850161404, -0.04739895722784339, 2.868124410566613;
  -0.1398702551282328, -0.1412237493971037, 11.5851014024531;
  -0.5122290837747303, -4.967536051891307, 47.74223222159559;
  -0.1653743358831677, -0.6098779841683425, 16.02454552215684;
  -0.0419242940636023, -3.29733716634518, 31.76003791031869;
  0.2933937262243302, -3.59326640561681, 45.68066818587119;
  0.3381241221964888, -4.203975491476362, 44.47699816373269;
  0.654307986971727, -3.468015286237541, 40.07065099576473;
  0.4597508393928314, -0.2684637028617188, 26.80009142467283;
  0.6846847948102268, -3.665227434065616, 37.70726245411155;
  0.6190922132480106, -0.02015414159327408, 21.0747501073261;
  0.9716240988183956, -1.550057437491123, 31.21428949064702;
  1.064049691280948, -2.064173832864109, 33.93115110735186;
  1.507489634590042, -2.304152352763485, 41.04970046801918;
  1.439798242589894, -3.290942369377899, 37.96942984898719;
  1.853872873471994, -3.856899624431974, 40.44004055257616;
  1.188267285436259, -1.456107645541351, 25.21585042048135;
  0.4140576723940306, 0.1605190150258513, 8.836166045698773;
  1.657065671717317, -2.963429074900684, 30.37887614208254;
  0.8281603221784148, -0.4419531082575771, 15.61436156647433;
  2.414553031171388, -2.723823282928485, 42.44612595292596;
  0.4663569495551032, 0.1528076131436517, 8.488711863488776;
