m=[-8.809682371501328, -2.486454421129717, 11.84775203506511;
  -8.826657666173182, -2.387304348851894, 11.98977425649403;
  -8.786863631043977, -2.540024052324504, 11.94627185449597;
  -8.719235501382325, -2.277172457388812, 11.88985524717144;
  -8.629102916957921, -2.127555907936116, 11.84953288358968;
  -8.473914517567826, -2.141001981281838, 11.85208534367552;
  -8.315572429874226, -1.861638719050298, 11.64537476173631;
  -8.291538945751796, -1.457996986703643, 11.81858221563543;
  -7.603487435218136, -1.495932881205175, 12.01523431310055;
  -7.401243099513775, -1.396739473931081, 11.88766392211192;
  -7.574079172412223, -1.691249649317522, 12.15180446173865;
  -7.433982180234412, -1.493434181009369, 11.96936594586173;
  -7.166885553421047, -1.246387557657005, 11.62990936116281;
  -7.072423166700662, -1.55114406006761, 11.5893458824576;
  -7.059866129649295, -1.36782266372347, 11.57379882978539;
  -7.120940515497818, -1.449088948134975, 11.68631232523698;
  -6.976197429615256, -1.71961016622441, 11.54487899461992;
  -6.847531475929097, -2.013785094247525, 11.47161870335884;
  -6.888922153333667, -1.400208280631152, 11.56272627667305;
  -1.681650402888688, 0.5439386218389944, 3.599941577153047;
  -4.863479575062145, -0.4171537219865041, 8.56272882422488;
  -6.865609618685967, -2.092907836428104, 11.70638023431751;
  -6.854317090795195, -1.840089548534506, 11.68422125719994;
  -6.858744971924957, -1.273129009092157, 11.69835734583224;
  -1.670175106753552, 0.5047043137527886, 3.596221038884659;
  -6.80614688941287, -1.906571262309259, 11.69018810515318;
  -6.665766011406626, -1.17300174119057, 11.72596356080267;
  -1.585749826820237, 0.5508925016004511, 3.603351622842239;
  -6.581054163854082, -1.240448721564166, 11.94803211815234;
  -6.415319689847745, -1.267491792565881, 11.73177722277075;
  -4.643926756916787, -0.1552501546635036, 8.912610098965402;
  -4.944035341424697, -0.1556252349406622, 10.00179030000971;
  -5.145587590232656, -0.4145242937844381, 11.66578004266127;
  -5.038631341126247, -0.6004997907175398, 11.53225713548081;
  -4.823624002065092, -0.9236071465259904, 11.5060010380082;
  -4.958951375014751, -1.09507898832804, 11.83224094257898;
  -4.727781443704046, -0.7808119130924539, 11.78583002082248;
  -4.666149536129344, -0.5665722005095073, 11.93259242410582;
  -4.641668417524831, -0.6379112005942312, 12.60305995090575;
  -4.666249325692352, -1.243756772823432, 12.73114787365369;
  -1.886042481592561, 0.4795561455023096, 5.715376139437605;
  -4.553819089395299, -0.8384666221598074, 12.64234533707399;
  -4.723173801330129, -1.968222460117805, 13.13307837683515;
  -4.706154755552706, -0.08499734330681977, 13.27141831828336;
  -4.624028294704714, -0.7752199428761037, 13.34899665717155;
  -4.654101777485902, -1.327953443441236, 13.45400547083287;
  -4.766478848435667, -1.161325816010985, 14.05079291921597;
  -4.767790081969269, -1.98768997912299, 14.11648741483353;
  -4.707318313442539, -1.226382604606584, 13.95374856675691;
  -4.656289370993261, -1.275042778546953, 13.88482813139515;
  -4.573354622821026, -0.8553708722135721, 14.06139642801824;
  -4.612196964533608, -0.7178992274512933, 14.77475148494827;
  -1.301909443917465, 0.4255964294868717, 4.965924096997445;
  -4.727260822674184, -2.804597931792431, 15.96494904390848;
  -4.546264376088844, -1.906573616199861, 16.06823874513208;
  -4.751836554026902, -2.455338033143422, 17.28154084760976;
  -4.864094208569856, -0.9143079908961181, 18.11609574753813;
  -4.881747184264069, -2.425567755808678, 18.37525219795628;
  -2.771043730490449, 0.006191132851077716, 10.90722627456816;
  -2.698200544381869, -0.01939233164590344, 10.7531912402178;
  -4.72304866780775, -3.216780009845054, 18.20881695105533;
  -7.314299437815271, -2.717198964717442, 28.02915402512823;
  -7.442068629851412, -0.7326810952948608, 28.66349808467623;
  -7.526021161438653, -3.64064645474528, 29.36718327752708;
  -8.139539579240372, -3.212882187778876, 31.72616693808589;
  -7.772101762776316, -2.24826633476291, 30.50689554590337;
  -7.477111907356105, -4.259634362579044, 29.53538516638275;
  -6.671550150682331, -2.35577615917163, 27.17338284738903;
  -7.541678236026766, -5.056179035041353, 30.69299569154072;
  -7.177488454458862, -4.641590262267196, 29.31931784235396;
  -7.355648623502434, -4.349018645393204, 29.9783569765689;
  -7.30054802682794, -2.196553128761652, 29.80636270369554;
  -6.852317170340436, -3.04664374741363, 28.03363192631165;
  -7.465874857298393, -4.533083137021515, 30.98772542965649;
  -7.399823928854697, -4.677661435723708, 31.02407760768319;
  -7.161061964790164, -1.748940694090164, 30.07578022502401;
  -7.2217516118269, -4.31644613595686, 30.42902350829792;
  -7.138747597309073, -5.290263075664342, 30.40148152759273;
  -7.25348015983206, -5.20207433029496, 30.88681593519484;
  -7.079729788053998, -4.432939044905373, 30.3260803296701;
  -7.190831223074477, -3.095567311213668, 30.85262440770811;
  -7.126655152860103, -4.625764328632336, 30.68152790125175;
  -7.033757917956433, -4.307105456050175, 30.46555932093778;
  -6.82440902072117, -2.868149838451791, 29.78783921363454;
  -6.777386629724474, -3.159480110854606, 29.6781828161127;
  -6.874824853982602, -1.77561173313419, 30.10880537968238;
  -6.757160097344694, -4.929733212151572, 29.79551891689566;
  -6.733863588370026, -1.319213299187911, 29.64527359014238;
  -6.991060791383176, -3.826010987589491, 30.81126155089069;
  -7.252198822385353, -5.433559378656486, 32.07135093107138;
  -6.670404223177092, -2.536533800647147, 30.0910314093921;
  -6.535596611533046, -2.306478723641754, 29.79163457829145;
  -6.407488650205242, -1.434025480231248, 29.22659610598556;
  -6.610863897993057, -4.620781643841208, 30.30556073443786;
  -6.349171414427071, -1.939052448639929, 29.3603720425359;
  -6.645052637996256, -3.291404817713987, 30.91639015844639;
  -6.48866898696516, -2.755493758195909, 30.30864412472095;
  -2.80542149594176, -0.1930137012848533, 13.73216995662496;
  -6.234194027741584, -4.79073631456055, 29.61113878061335;
  -6.44323788700117, -4.369057203714592, 30.66262471452237;
  -6.348979092632062, -4.766044509478127, 30.47533200546977;
  -6.141773429716436, -2.302496087409139, 29.61222367566979;
  -6.205928293929108, -2.552756078740737, 29.94063889961558;
  -6.928661096437032, -4.953780786893141, 33.38462759571002;
  -2.6000310986264, -0.1870200106216839, 13.35938790495047;
  -5.793380776826001, -2.813011869197872, 28.80001145126664;
  -6.1627640984942, -3.164866187985934, 31.2554738084548;
  -5.901468189763917, -3.75169001289544, 30.26914822837427;
  -2.658510977769726, -0.2548743687476338, 14.23823385053889;
  -5.958778875624027, -4.472032867244181, 31.21018833184711;
  -5.828972169176955, -3.439115757255824, 30.98458747366702;
  -5.900765005268615, -5.865004397653029, 32.86577629609958;
  -5.213239855303038, -3.613921720339509, 29.09516554046122;
  -5.848087300095743, -5.679047402113181, 33.33255136788129;
  -6.060754359011575, -6.083921553416899, 35.65507185989008;
  -5.307922635671061, -5.469325936152118, 32.62382172411474;
  -4.170393960786409, -4.406152734528835, 30.51889932974754;
  -1.392798921706872, 0.9288522938914232, 12.42607305327519;
  0.7155897034247365, 0.8888033971140983, 10.12577562233978;
  0.8651221369134211, 0.7359954999501004, 10.06871884913324;
  0.8786491377084734, 0.8597306723884892, 10.03599756696698;
  0.8894034302268125, 0.5478114914126898, 9.912234006638265;
  0.9442894574516775, 0.4884719833036387, 10.12215185215998;
  0.9656579673254864, 0.3891926422927491, 10.04537720390693;
  1.023659062306362, 0.5649591954175098, 10.13811409343563;
  1.139928789951226, 0.607072419935474, 9.826947094777337;
  1.241871855422544, 0.9188076556374748, 9.72533704590888;
  1.277724996240325, 0.8750384637879567, 9.785894204461805;
  1.345470651884229, 0.5926614566269525, 9.835369295959808;
  1.341125991987171, 0.8795518083662141, 9.741023003168611;
  1.350454496105976, 0.6238166548526876, 9.618675717065473;
