m=[-9.574243485013312, -0.7276903591631709, 12.6028540156862;
  -9.456394644285084, -0.8035974059799231, 12.77318828241704;
  -18.80468581002932, -5.30745516110298, 25.28958992837865;
  -18.76976651768591, -5.076569968985028, 25.49609058212439;
  -18.78007441773097, -5.428767615893142, 25.53264553341244;
  -18.60993324641736, -4.86029164092052, 25.37715748408747;
  -18.64067094911687, -4.595966694028957, 25.59747467487673;
  -17.90131885768654, -4.522910758942294, 25.03777426899807;
  -17.87683209127505, -4.002154160249662, 25.03524694314772;
  -18.22577462375546, -3.204848298444046, 25.97862920789371;
  -17.73986412062865, -3.330324155747694, 25.91907444890149;
  -10.81657680610456, -0.8402502147737364, 16.88882221705263;
  -15.87506610135207, -3.605916356055454, 25.08496990892541;
  -10.34384551808206, -0.09703024435426375, 16.69961931904067;
  -16.80663761925594, -3.306588200658155, 26.55829850857604;
  -16.3763799820216, -3.656754342173533, 26.27415990811176;
  -15.94655299497961, -3.009383659170062, 25.61289504636303;
  -15.80434156424385, -2.748520893183812, 25.64615529785839;
  -15.25240093064756, -3.345200159506376, 24.99360484472469;
  -15.19095592053798, -2.943190906194743, 24.90373962164321;
  -15.4131811944905, -3.136533787345728, 25.29486785801256;
  -15.00245734942969, -3.698057349539521, 24.82750186883177;
  -14.78643745648405, -2.590812758016796, 24.73348548718475;
  -14.96098722265593, -3.040896344784846, 25.11130133770793;
  -14.83797701862989, -4.523198973403651, 25.2998656398106;
  -14.67487359797898, -6.023119248212703, 25.20231127220113;
  -14.86817760360949, -4.164946863848446, 25.5374730800167;
  -10.43833276195765, -0.8953238716806287, 18.37791470863195;
  -14.54501872175249, -2.559545633175442, 25.5866106356877;
  -10.63131180821097, -0.009778811475771004, 19.26118734580129;
  -14.42793837155466, -2.719491021073803, 26.19420335557654;
  -3.643701307525163, 1.015782640011991, 7.349288903184551;
  -10.52924222822032, -1.481526843411756, 19.57423239955391;
  -3.571729686679321, 1.013749683790651, 7.341990532339118;
  -3.421626744040065, 1.106743073592206, 7.324742619637076;
  -10.59191900571925, -0.1793389007316263, 20.69294413780432;
  -3.395777001849825, 1.026157852817891, 7.311787038396437;
  -3.392316658771049, 1.086751926316719, 7.350281230005813;
  -10.43678721010993, -1.353638046104901, 21.12480885525303;
  -10.65491787101808, -0.335388803364181, 21.55491351707036;
  -3.261923132723822, 1.114383323626783, 7.313726493730291;
  -3.267107724156174, 1.027822465935528, 7.331629858272287;
  -4.809969851689593, 0.7732960441765431, 10.46692846190774;
  -10.49944593360019, -0.733595934345416, 22.23624834305085;
  -10.47487291114855, -0.8602114767528174, 23.8270347746846;
  -11.16525902486795, -1.330666058660618, 25.5546852590815;
  -11.34918583733032, -6.364266946425177, 26.66741267454864;
  -10.99544338817227, -2.239821977439363, 25.89383534108937;
  -10.75283356921947, -2.058907146511386, 25.64920361869014;
  -11.18705414470057, -2.470423081152568, 26.69272393851214;
  -10.78857508528054, -2.330369751105246, 25.8206827518056;
  -10.49683098979291, -5.871054242597804, 25.92238349869083;
  -10.6877807459454, -1.765129507428372, 26.64344125705678;
  -10.5186617031694, -1.277194667988147, 26.89903141318698;
  -10.73555531599506, -2.533163175982624, 28.97729588288624;
  -9.273744270922485, -4.277652454073194, 25.26945244942042;
  -10.65202330932489, -1.463922961914766, 28.92237796629488;
  -10.72541160146683, -2.858784944729479, 29.26264577253701;
  -10.60120479221337, -2.573226384990836, 29.42709017033094;
  -10.82427477893629, -4.510649328294745, 30.09756892793919;
  -10.80575241724768, -6.386078042277199, 30.13748759468363;
  -10.90077979129073, -6.251115677421054, 30.64900045518477;
  -10.69638271627756, -0.1931861915088685, 30.16393996663285;
  -10.75263387096652, -1.154815414853812, 30.67598878770196;
  -10.93281876595865, -6.120943723317762, 31.26230745715139;
  -10.7998305569475, -4.735549561192755, 30.98279677570357;
  -3.730448303155076, 0.8639366696189109, 11.30702368248497;
  -10.72121045909047, -1.797414641510006, 30.95080597649557;
  -10.89334661626102, -3.108195274035684, 31.49031799859438;
  -11.38062717983026, -2.772825930124665, 33.54821050912171;
  -10.85255764243161, -4.524427397777989, 32.13228576432293;
  -11.20468219994473, -2.919120064797161, 33.21367024234781;
  -10.36939630432607, -0.9957257442885932, 31.1387440582562;
  -10.96894355976831, -0.1144604369663846, 33.3632773022775;
  -11.08487445759406, -1.595287864212278, 33.87242352603171;
  -10.87845959772073, -2.034637206572605, 33.4472931896489;
  -11.14610387859372, -0.848319674821136, 35.30742401874644;
  -11.29243430369314, -1.75769376828545, 36.17428131975765;
  -2.988462911480338, 0.9740507939782178, 10.70484435684012;
  -2.842714229883089, 0.7493933374633625, 10.26179269850998;
  -11.21226716119204, -8.552896684722429, 37.87534971262789;
  -11.43109347586446, -6.781860007969578, 38.60519478489307;
  -3.007128691130765, 0.7578492633890087, 10.91523677024099;
  -11.31314809469956, -5.013300050014234, 38.63868482696827;
  -11.58209505901086, -6.669272056304847, 39.77981396954268;
  -2.889275964334304, 1.131566528241266, 10.90517239083199;
  -12.1601236618065, -5.099609047213678, 42.97853226396224;
  -2.714900683401201, 0.8875056884065963, 10.35555183015598;
  -2.769336280307174, 0.9938325219403094, 10.72505586668211;
  -10.50758326684346, -6.744226366094506, 38.126976459222;
  -11.88063162331572, -6.138882587990719, 43.20763527098633;
  -11.54803764849349, -5.677107784834812, 42.77923370902072;
  -11.82708934195325, -6.255571946398034, 43.86617152281122;
  -6.508644221889925, 0.01454177016938953, 25.61895883766843;
  -6.204989658963949, -0.2048278800648107, 25.18106418591248;
  -6.619800796695365, -0.3853152923867731, 27.18077027224548;
  -6.655352106146746, -0.5201735452668815, 27.46549573102782;
  -5.288821763430955, -0.1870409158889822, 22.56684217050785;
  2.315593470421483, 1.554252492463792, 14.749870142251;
  2.261138342745329, 1.600396269079191, 13.56269943249351;
  2.305628152026997, 1.419174516381554, 13.80438851362948;
  2.637301649543686, 1.179458171671288, 15.56494993390051;
  2.34464182320644, 1.550931027402544, 13.80496814181515;
  2.804161071631791, 0.9495562299673138, 15.83073053377296;
  2.883006168996429, 1.099390012314939, 16.16437413999049;
  2.748741337472312, 1.587847914089608, 14.02130204779443;
  3.711521844129238, 1.24535129712368, 16.73512890156434;
  4.139670177952066, 0.5846817097360532, 18.36575858194561;
  3.370283691614078, 1.517087004196166, 15.11601199066395;
  4.032579741013008, 1.381494421590783, 17.45933489045676;
  4.143483651359193, 0.5012409690347924, 17.82440882245496;
  3.571165643651939, 1.736262053017805, 15.09660178960367;
  4.359924530582813, -0.6026952504402048, 18.14513568063913;
  4.423685439205544, -0.3153422384650334, 18.32616844614405;
  4.259582327055115, 1.104516441772321, 17.58581769135128;
  4.37735479042372, -1.76140851008536, 17.97405222475202;
  4.360432011220582, -0.7781059609989462, 17.69939692440093;
  4.606527711857261, -1.717355126223076, 18.61596856767218;
  4.824162086775888, -0.9511787970502815, 19.33215708313489;
  4.118968606663151, 1.310082924479004, 16.66698582338892;
  4.262313636776142, 0.7949387769390711, 17.12697330481463;
  4.661669088459959, -1.850750688418939, 18.5503174462632;
  3.314873702627248, 1.640895164844989, 13.4282408770073;
  3.629948651797592, 1.641163907758853, 14.54516214389099;
  4.810214998114968, -0.8976559292815304, 18.81206221823174;
  4.639822274990497, -0.8430074523899536, 17.94885735424304;
  4.44807283198223, -1.651912436413946, 17.1946563716022;
  4.887235775293779, -1.583064765472131, 18.7210848552956;
  4.821464009118919, -0.1591039507141661, 18.44510654991668;
  3.884564403298843, 1.585912037944434, 15.06282668941081;
  7.110803026072222, -5.51000357737695, 26.40546839821507;
  4.397603818900394, 0.877143980957466, 16.44139726938808;
