m=[-15.6113748242251, -3.902525155661138, 19.92328058501894;
  -15.58757684188823, -4.210789629173878, 19.91874891223535;
  -14.49057362766462, -2.608310686423386, 18.65228134375316;
  -15.63908021534336, -3.418090991675466, 20.05237030291167;
  -15.58339593240726, -4.327747568087238, 20.02220884834599;
  -14.56688259383365, -2.727351020988119, 18.95158132084678;
  -15.67072305366154, -4.170406677944456, 20.34316882634542;
  -15.81244070170277, -4.503074854690979, 20.53095947507558;
  -14.3752594464224, -2.583821741443331, 18.79423166451378;
  -15.45800925305441, -3.9710194374759, 20.14128840537118;
  -15.19660564670592, -3.685355271206351, 19.94664680931443;
  -15.07807419569663, -3.723957463462866, 20.1463599601608;
  -14.70958531076589, -3.230454572103314, 19.67354934187706;
  -14.3838408680655, -2.459166890236165, 19.61876183034056;
  -14.13258892213955, -2.752162189262984, 20.30287470056194;
  -13.78348929517378, -2.644387146159429, 19.88906522193237;
  -9.210479479449287, -0.04637979346822471, 13.9122984835394;
  -3.615504228965346, 0.996632734830798, 6.12156116836026;
  -13.07190128824596, -2.907788576196053, 19.72318544950246;
  -13.40467964301257, -2.605068487561512, 20.26741534105015;
  -3.554682138443054, 1.092558335709041, 6.119047702557703;
  -3.522310680757259, 1.001413153334867, 6.120628508327235;
  -13.12811710305611, -2.422981155560133, 20.15163370972839;
  -13.33080581166342, -2.918455872274209, 20.45947668891931;
  -12.59127678292346, -3.365289557002771, 19.51409193016415;
  -12.63011615514784, -2.157431964205951, 19.58408798528062;
  -12.57765462860026, -2.699131897775188, 19.67563524355984;
  -12.59259302026255, -2.380752629199047, 19.70680263910998;
  -12.64253177229147, -2.512924589795288, 19.81824355125337;
  -12.54826585922393, -3.035955861639893, 19.81466759570543;
  -12.20732809616847, -2.429773789066303, 19.56144779089472;
  -3.326010315195343, 1.055812655711684, 6.131265783647289;
  -3.323411900763324, 1.092838381066454, 6.126759159061181;
  -8.980235669832188, -0.7366561272183346, 14.86714442461844;
  -12.18646519453837, -3.651017957899212, 19.83788766544384;
  -12.14316150472319, -3.423412772848948, 19.77018855959702;
  -3.302585036437244, 1.018197664214768, 6.123248767971297;
  -11.9910159843758, -3.302396467239638, 19.67072983231987;
  -3.277527331916394, 1.069312722336968, 6.120127482094513;
  -3.233148524900149, 1.098647632426381, 6.102411034868617;
  -3.241943816816837, 1.00852617297063, 6.134645922455744;
  -11.77741202672203, -2.028214631388071, 19.79225193268156;
  -8.857575884596328, 0.008912225073349763, 15.12694091349135;
  -3.170573775455162, 1.016684074331786, 6.129063329702526;
  -11.56412921325464, -2.138394945693596, 20.07192071515517;
  -4.446012788587127, 0.7354415733233886, 8.711633124408202;
  -8.934855892046206, -0.2417544800169192, 17.14094345366481;
  -8.834515640200701, -1.216826710021939, 17.11831868855031;
  -8.923535013198636, -0.2178360215576302, 17.60689675522059;
  -8.974077025391278, -0.685660847949589, 19.44118560134539;
  -8.81544530727701, -1.009534419672578, 19.26114642783003;
  -8.490519112415273, -1.591071604423233, 19.32340818119887;
  -8.487578364371988, -1.821613911065125, 19.35863646274552;
  -8.481785864305452, -1.802468842574919, 19.37042832945534;
  -6.566453769914909, 0.5494224425912921, 15.34140087788215;
  -8.20254596709618, -1.317433359268422, 19.53835373731661;
  -8.226279256000574, -1.105510443729959, 20.07049307883472;
  -8.112864245859413, -0.9494370421109384, 19.83203715559084;
  -8.046746176139825, -2.285587952916184, 20.79541897574535;
  -7.993794435305561, -1.847865939559117, 20.66624707861228;
  -7.915632383061686, -1.053954197915815, 20.59074136715431;
  -7.94898876202069, -2.089266641428456, 20.77463701231192;
  -7.915686298009426, -2.213210168604801, 20.78839693106179;
  -7.958748480415173, -2.268558976639648, 21.13382701444473;
  -8.059708923763919, -3.311132017996484, 21.4789906688752;
  -7.810839147919541, -2.12097723921866, 21.09166547162383;
  -7.946987044164763, -0.1032054524039525, 21.52288893299408;
  -7.703126335662712, -1.262495657409961, 21.34073974930571;
  -7.770979413459424, -2.176171472879861, 21.56516168805428;
  -7.833619890546938, -1.870077828971004, 22.21254212237865;
  -8.100493736060084, -3.332011462357151, 23.0280826997265;
  -7.744035404915814, -1.977456669562383, 22.07240126625232;
  -3.73153738222545, 1.02909124382801, 11.39165602261268;
  -7.45646709979374, -1.357880425835931, 22.04961760431154;
  -2.778558874644894, 0.914723008445409, 8.9684823663057;
  -7.324442339168311, -0.5276230985925219, 22.35587286408589;
  -7.678143432047181, -1.779632817365937, 23.62704442742877;
  -7.361815355629717, -1.115615128310532, 22.72624278708421;
  -2.517259041327358, 0.8402859419490565, 8.635130405218471;
  -7.339339991659466, -1.52218040988016, 23.60302193794637;
  -2.49126718532676, 0.9098300383890209, 8.707813012180177;
  -7.6419776080652, -4.485920366313117, 24.8890984936553;
  -7.79277565374051, -4.19544576129281, 25.37112490276806;
  -8.200665798911624, -6.19352410232278, 26.70263455111271;
  -7.326870332480502, -3.222713247798634, 24.14018395915236;
  -7.197815295958112, -1.321559308565392, 23.74452889763604;
  -7.987993754332015, -4.514112877975305, 26.46490179475857;
  -2.507935569979821, 0.8912809860263157, 8.972357998215852;
  -7.498645673471142, -1.382835317423766, 25.39182288339298;
  -7.225337252518733, -1.473472203471056, 25.14997500358512;
  -7.804017182742624, -4.9780325035609, 27.3118826535667;
  -7.453485945801153, -3.812615665155526, 26.20230341648263;
  -7.029894441306501, -3.419028439344517, 25.16147465914074;
  -7.530263120292328, -4.394169082882202, 27.32884656760422;
  -4.560159743634692, 0.3719780186363551, 16.91429085075142;
  -4.703741598579708, 0.03418871228037807, 17.62463639716646;
  -6.958574528765769, -4.683541980459781, 25.98017690996841;
  -4.763411655869595, -0.1383876218746467, 19.22837273043161;
  2.365631271185862, 2.004705276910961, 16.37868611545634;
  2.741937060935382, 2.072348920038018, 18.76472692920039;
  3.045009626065069, 2.045031285954113, 18.31241295938286;
  4.601721037172696, -4.172500325184572, 25.8071775942891;
  3.786312928173484, 1.689110845079486, 21.19336944646135;
  2.987692041384413, 2.120178979584079, 16.79649365931579;
  3.045124660183399, 2.017388925899133, 16.82740894976339;
  4.247123119358413, 1.296642763129756, 23.09887848027744;
  6.27898865615293, -5.231742575640022, 31.86522695924293;
  5.433013760457609, 0.4136620125078399, 27.7420446093683;
  6.09600703864752, -3.898477398683297, 30.8915833255195;
  5.405932520949028, 1.680004084843662, 27.27088029336579;
  3.866756299818795, 1.983656071764345, 19.65220166315289;
  9.467370981575687, -8.417051377156602, 45.57052989474639;
  6.152817145403266, -3.77384323139846, 29.94362281884164;
  3.294220246185274, 1.946449910041368, 16.31158537652268;
  5.741271333598172, 0.6452906233190277, 27.34076654243837;
  7.768110757887111, -2.617309416104431, 36.03078146376339;
  3.450818897346474, 1.993933670309341, 16.52298987003965;
  6.428850368367268, 1.46678212618851, 29.72023008129504;
  4.145115720202963, 2.043909964721813, 19.21946839367958;
  6.559821164066485, 1.559577655648205, 29.7583958773444;
  7.195915917049008, -0.4812973863521632, 31.21665871505348;
  9.123001961611092, -6.927655870548856, 38.99790607703218;
  7.381503541349663, 0.7868605297709539, 31.40947535673074;
  5.77955505480799, 1.926059893520611, 24.77827326634161;
  7.873885985070957, 0.3448936252679416, 33.18417373928441;
  4.377621709901839, 1.964969747386918, 18.5235867209388;
  5.618879069264254, 1.91596492269857, 23.18557409872439;
  6.188653070057401, 0.7361660981508184, 25.42524452375972;
  9.426409162138894, -6.670740026732887, 37.388040720748;
  7.531862244051356, 0.4928837332737674, 29.95202809982672;
  6.527874846910612, -0.4504030152236228, 25.84854199110152;
  9.44914346444695, -0.1488302470043104, 36.98573658543498;
