m=[-15.7976147237963, -2.715586284293496, 20.54544307781887;
  -9.990492847015265, -0.749384611404062, 13.57867128767996;
  -14.17772215093682, -3.184573314174343, 20.40892567269328;
  -14.55616328433261, -2.851650181603719, 21.0244811926048;
  -14.55063792601366, -2.878918192272624, 21.02720368059949;
  -14.31254340968625, -2.674161053085492, 20.98921649060636;
  -14.56141663945949, -3.223123731413454, 21.36664370562946;
  -13.71677440988612, -3.695172832808356, 20.26463989461913;
  -13.60703836461662, -2.352408045168323, 20.12466637715741;
  -13.3792583000673, -2.897317998343498, 19.96320030096813;
  -13.68531415520605, -2.611495706471392, 20.43024023829412;
  -13.60325782082547, -2.724944430446757, 20.34515368104145;
  -13.17652847908547, -3.850521143824066, 20.07315638373043;
  -13.29319151531101, -2.679134347306366, 20.31794685605555;
  -13.34467977362681, -3.332660121480427, 20.60705860642878;
  -10.26060403054244, -1.517472156699826, 16.14638575055775;
  -13.11477043774291, -3.955421182087179, 20.36430639042293;
  -13.18500055669243, -3.510815858206695, 20.47512349711098;
  -13.16827836765551, -3.743475393872502, 20.45204622399049;
  -13.19725073303563, -2.412201398876928, 20.51957961774222;
  -13.19083790277568, -3.665250663924782, 20.63849064542299;
  -12.78354220212924, -2.409824335212737, 21.20608702322084;
  -9.639307938705462, -0.3005794646885789, 17.5227855264928;
  -9.838813810737291, -1.390913844397508, 18.05281288921815;
  -9.512679344653225, -0.6669898311455342, 18.1015328333975;
  -10.09924713652728, -0.8128959055624127, 20.88707005500633;
  -9.970309669417635, -1.189409614666898, 20.78923185698926;
  -9.359181843636767, -1.797874483031521, 20.32485894743451;
  -9.506336442376719, -1.55293520402782, 20.73253663656378;
  -9.173277317087324, -1.517077953268024, 20.86663537882812;
  -9.096274229495613, -1.26934082580452, 21.23186664037665;
  -8.991438322673517, -1.093830253207028, 21.01070493029432;
  -8.96333161654923, -2.592100746241478, 22.18854534860404;
  -8.903753275188228, -2.108984091112138, 22.05398611012676;
  -8.947021467321763, -1.24012281806913, 22.30126566167936;
  -8.814873212286063, -2.126887776467897, 22.05837615720464;
  -8.84980139660721, -2.524903125777598, 22.26952809771621;
  -8.921586399528108, -2.58673583936225, 22.70927477209516;
  -8.935939748148057, -3.718933065395633, 22.83688110453015;
  -8.899572946603005, -2.471818579480472, 23.05135031127087;
  -8.956673685718723, -0.161213429709737, 23.30708765326859;
  -8.98173693084779, -3.995790823953332, 23.73291039532569;
  -8.656582969021365, -1.488649695547093, 23.05350018051014;
  -8.904571375513303, -2.177726141030617, 24.28332254729344;
  -8.749900869469304, -3.654942168678633, 23.94953972822944;
  -8.839247936133171, -2.311072611424784, 24.22395567764584;
  -8.934888036902979, -2.462782057451217, 24.62504397503479;
  -8.846692511686245, -0.3104957853824147, 24.59346584020717;
  -8.650310470089718, -1.573158517868099, 24.56703275329975;
  -8.647631922849481, -1.860031400176147, 26.85975923158465;
  -8.621953343271899, -3.626016968701454, 27.02979428642955;
  -8.898580751775347, -4.850087910705219, 28.00043274780364;
  -8.864788956026361, -3.986300035852775, 28.24059688649357;
  -8.88461572638816, -5.045461076547563, 28.43419901786982;
  -8.280561575179199, 0.07745966292103718, 27.23729382413898;
  -9.656212240376565, -4.078382382817541, 31.83317418844882;
  -8.698391895915441, -1.835433491308651, 29.32150866481348;
  -9.165017223492141, -5.914250501123486, 31.08972797681347;
  -5.648618558865064, 0.4001191526081553, 19.91141013224653;
  -9.054235109039356, -4.488146695582159, 31.37149682895183;
  -5.446056835811517, -0.009942157684887683, 19.43262140399613;
  -8.582087254467163, -4.87800475372237, 30.01548964663877;
  -8.528493072573356, -1.630717349845672, 29.87712704995279;
  -5.36057286500195, -0.1770557302197344, 19.27002901498387;
  -8.11541936109159, -1.845486584618963, 28.62063577197724;
  -8.785360414602343, -5.200388679108256, 30.93393584230833;
  -5.338860370634827, -0.06239315460682982, 19.25922477109176;
  -8.544397180491249, -4.264203126418148, 30.21125125217445;
  -8.367841387390682, -2.047517674725156, 29.79623039263351;
  -9.203285144439334, -4.642138296041836, 33.1004127455439;
  -9.610244979419473, -5.453235241438391, 35.09773704270323;
  -3.393649715705438, 1.907683241232099, 14.87478487558113;
  -5.847270680320917, -5.966031793494689, 27.19164087338089;
  2.52747968833889, 1.673342340631554, 17.43876602421289;
  2.599119468636274, 1.726145241962194, 17.89039007895507;
  2.58549797120019, 0.477656444402418, 17.4713858134053;
  2.581342117417136, 1.079397839090453, 16.96075206481747;
  2.617739150747668, 1.6604374953696, 17.06345933859853;
  2.762595632380707, 1.216284399585209, 17.63705691815804;
  2.455180830218383, 1.797291359990507, 15.7265691263477;
  2.66446539202331, 1.073780576852452, 16.9128147679669;
  2.894278037967962, 1.220297246053307, 17.75936094730844;
  2.751058782617446, 1.75699792186036, 16.05891950092805;
  2.847736970371334, 1.676839907968927, 16.54660250055273;
  2.603902976010277, 1.780675530827439, 15.17716346235455;
  2.623858291060775, 1.720057043770578, 14.81223802708558;
  4.304186228027572, -4.002115334791142, 23.17991651096239;
  3.114501980782836, 0.5628524901546588, 16.4787894050491;
  4.499165723950392, -3.91017385130003, 23.3710769380498;
  2.591628910162844, 1.790059956018475, 13.57985595335627;
  3.295187498622556, 0.9463816647950135, 16.94100123160562;
  2.642810586776115, 1.701875212287416, 13.61104125679966;
  5.670605136681504, 0.3497394069852812, 27.60220229882346;
  3.717393403087332, 1.233298851261774, 18.39652638272758;
  5.593767188020886, -3.596699559188887, 27.14798632739796;
  5.01456270933954, -0.2003136988792236, 24.23799975237128;
  5.374323606712581, 1.292065303045792, 25.87530853101129;
  4.356642110615561, 1.283828433818391, 20.94038822209639;
  3.225759933665561, 1.741888814030338, 15.70618737625224;
  4.694888072106494, -3.421505979678669, 22.42062462831716;
  5.206834488111713, -0.5565769391129507, 24.76634008344846;
  5.21722139092947, -0.263187292711319, 24.80098184018827;
  5.227453232422785, 0.5762505331454055, 24.77878291861697;
  5.163841689245406, 1.122943599522268, 24.46515505562457;
  3.480654026798303, 1.726235742481391, 16.62625554649736;
  5.259096697134352, 0.454190788100397, 24.51652216587454;
  5.28777204416168, -0.2328339805194549, 24.63693699817183;
  5.265772023181671, 1.020817126646617, 24.54342467738847;
  5.289983698553054, 0.06829311813934176, 24.60389961779359;
  5.175665550497166, 0.6850973758673887, 24.10158313302562;
  5.899415463553009, -3.631075592443251, 27.47488701040265;
  5.29822203466066, 1.372627310402348, 24.63111808044693;
  5.270976110135099, 1.14101927350692, 24.48460225584851;
  5.306417722327193, 1.276359414997424, 24.62717642513454;
  5.376667069275728, 1.325637888374748, 24.478773203526;
  4.880104945102946, 0.6578522377460698, 22.28872063993591;
  5.431023994181345, 0.5289120157855389, 24.65053191059218;
  5.827253039804714, 0.3535897549705167, 26.35055066105749;
  8.09894875012035, -4.805611957904151, 36.34626694495066;
  6.337358490031494, -0.4700129564583981, 28.42776529732829;
  3.08040608888154, 1.772923404012332, 14.2069538355204;
  8.321129088235281, -2.362256354779087, 36.38662748371488;
  6.11178248653156, 0.4547351951133037, 26.83840602082212;
  5.424637887976885, 0.5175822741926671, 23.73328597005913;
  6.380801308820717, -0.1434474702877762, 27.60598984256107;
  3.071136004384202, 1.730233694730327, 13.71371945149266;
  5.226209034884682, 1.153899953828428, 22.65668648676243;
  6.590232421703625, 0.1774038615514013, 27.77896948626869;
  8.67991254056072, -6.749502720416976, 36.09207761625932;
  6.855316471720617, 0.5298833818862415, 28.44883074403536;
  7.541090890283256, 0.2268356451220985, 30.52493018030737;
  4.599509888582012, 1.716092207756454, 18.91810964823284;
  4.689292758566467, 1.496826545555979, 19.11511929247854;
