m=[-15.37023616306216, -2.985127234879344, 19.64746786373094;
  -14.19128261424615, -3.376879787527614, 19.16655213125469;
  -14.70806142416742, -3.406690162688971, 20.20579577577551;
  -15.28329479417135, -3.099067219999751, 21.09979729740676;
  -9.857990488431595, -1.358338285891632, 13.96826836167542;
  -9.898091428618258, -1.485063339163416, 14.12257489668055;
  -9.678899820247514, 0.3505379869743931, 13.86138501265364;
  -9.755949802715229, -1.241574104492534, 13.95997576465699;
  -14.14785097365014, -3.91353745630598, 19.93952290834075;
  -14.23463432358319, -2.569332639676385, 20.07959704387341;
  -13.48729539622856, -2.66856086659659, 19.21694001128801;
  -14.04957133423908, -3.551918053301988, 19.99839516237872;
  -14.05636000201773, -2.918000158353419, 20.06091889361648;
  -13.81599891309197, -3.020411249907425, 19.85081277580228;
  -9.330622274325123, -1.441971519489279, 13.8152895260451;
  -13.64276003372913, -2.85709672256082, 19.8989893951867;
  -13.59809773663482, -3.369312833358042, 20.0393121364139;
  -13.78506148360275, -2.65245273976554, 20.32786823596839;
  -13.56088328318242, -2.768085270535096, 20.02096271310757;
  -13.53846496123973, -4.201032194159422, 20.06699430151804;
  -13.58192472975889, -3.970211428546004, 20.13683891526124;
  -13.5991815042797, -3.729554672412345, 20.16072567279806;
  -13.56323111519719, -2.585115092552603, 20.1348569699434;
  -13.43664647870622, -3.841841006119876, 20.07843347170602;
  -10.74577185171448, -0.8400091322975662, 17.55405196676337;
  -9.971274437960547, -0.395265366046249, 17.14953579457922;
  -9.760403626176057, -1.45812205856391, 16.97495783750177;
  -9.894071759769394, -0.745492863923428, 18.899149584583;
  -10.18131963000772, -1.308354456724706, 20.2884387277757;
  -9.586323979756443, -1.938023061615121, 19.87504342608919;
  -9.757587500802586, -1.692578656420781, 20.33814576151225;
  -5.907001417036659, 2.267032431380834, 13.07436391489585;
  -9.282149296610104, -1.619280552768001, 20.18357014903546;
  -9.262793186673976, -1.38899080877457, 20.69079717518847;
  -9.198420044153261, -1.214572794325155, 20.55853115816005;
  -9.21814463952502, -2.76687843337161, 21.89035298174908;
  -9.177306566620651, -1.374272163878032, 21.95035904023569;
  -9.150563067652442, -2.315469223443686, 21.96444823596226;
  -9.226700368547821, -2.742743078600971, 22.28284111517485;
  -8.817017975608202, -2.247741533747525, 21.61548504783827;
  -9.166749569352813, -3.92781252056324, 22.5118259441895;
  -9.135842852949482, -2.554626654816975, 22.58889415261562;
  -9.230726262225094, -2.669485973153563, 22.98197387029572;
  -9.110574389237529, -1.063897437529644, 23.08189030049585;
  -8.984970284131638, -1.649419863495478, 23.00186648277461;
  -9.325265883419014, -2.39867979076476, 24.5125176117968;
  -9.441485824532, -4.063743385568905, 24.89185007105323;
  -9.149941299366875, -2.507379463138007, 24.16704493497457;
  -9.03523838747595, -2.59831332801604, 24.01360044482131;
  -2.645814834316384, 1.122184284699141, 7.992617050854707;
  -8.999681573202421, -2.061287050606947, 27.07492885605371;
  -9.996826330274919, -5.607502627240442, 30.53018819802335;
  -9.347359603156502, -4.338163017500219, 28.90011585967529;
  -5.467302629138811, 1.603892195551234, 18.13865002637467;
  -9.718434386082452, -6.414527157138928, 32.09973314557795;
  -5.402344461280936, -0.08070415177036359, 18.37493220616044;
  -5.286768275607052, -0.2453949523265603, 18.10775704450047;
  -5.363896346832877, -0.1400750222539677, 18.43613515459347;
  -9.469636708451498, -5.196141939968813, 32.0216166832891;
  -8.655393251896255, -5.27682532245966, 29.70680764566082;
  -9.074599658176284, -6.070275386125727, 32.11889238320503;
  -3.335098637660046, 1.830591787226206, 13.6844074141982;
  1.85509664525403, 1.69049207427019, 17.87512795293501;
  1.474954703170215, 1.867641470753767, 13.9748464929013;
  1.997842459366899, 1.626638370754022, 18.20645824894774;
  2.683228500303413, 1.154836705575442, 17.81357991695774;
  2.677642632288992, 1.865997443239137, 17.68778103751601;
  2.635454657643646, 1.110640224676872, 17.14177494964936;
  2.814976070526627, 1.805223747478541, 18.18672154013459;
  2.757246275470543, 1.262819466523268, 17.36590536794609;
  2.05850901925294, 1.763849128045901, 13.05002849627309;
  2.866658930718757, 1.138343847745388, 17.61906113863637;
  2.780648731218022, 1.70315678515934, 16.9694503232612;
  3.074807703218888, 0.4663113511429387, 18.49882305704133;
  2.933398649998324, 1.234850877549383, 17.5687546069803;
  2.864794446205626, 1.776367382685286, 17.14698725108895;
  2.924695537191561, 1.119276693809967, 17.36561492591013;
  2.572012278726229, 1.832824510593939, 15.37364910740079;
  2.943576894390228, 1.188114940504692, 16.95656200577577;
  3.183208503257811, 1.824479602860429, 17.92848620324223;
  2.863751516236034, 1.77676971101294, 15.61406883250835;
  2.883905954701303, 1.647756711504603, 15.68203935860949;
  2.751825668182822, 1.832974946367935, 14.93425665490578;
  2.846038598838369, 1.829068629658275, 15.38410783089675;
  2.600816138358516, 1.900467994584252, 13.96914760307523;
  2.485494736663396, 1.788045640140574, 13.28090415633286;
  2.786300902602108, 1.776000544949336, 14.61492966887826;
  2.701925014916488, 1.876975463684252, 13.86369634214673;
  3.53322196522122, 0.6090897346505926, 17.51396630022546;
  3.347320939917038, 1.381104224172739, 16.53551775587618;
  3.638772392807381, 0.9781869440497084, 17.50514015275811;
  5.369541864760564, -3.465888166104944, 25.40476700779063;
  5.455438349513779, 0.2424065672493743, 25.39183500324346;
  2.792337037803213, 1.880304804030342, 13.51348815005356;
  4.802239530697727, -4.024863230960438, 22.42524360445323;
  5.438697469958408, -0.6472119895250887, 25.06345471018534;
  6.331863604147482, -3.632744107215629, 29.12890037099881;
  5.31759114964856, -0.2804816759820915, 24.45710424378553;
  5.580181739032064, -3.571402453749413, 25.74656315109734;
  2.854410233492737, 1.797504635216453, 13.59794825194061;
  3.211080753286193, 1.60601428992034, 15.14688179153475;
  5.029944077026411, -0.6064296220445079, 22.78689070848712;
  5.036247156833002, -0.3283424825141483, 22.80676043824257;
  5.020848491308436, 0.475622222311328, 22.67308240497581;
  5.069847536253375, -2.050189617645929, 22.73174207531887;
  2.925896491788889, 1.808651638016605, 13.52204814019753;
  4.96258985193651, -1.574541895447444, 22.18138331183199;
  5.106159467021689, 0.9080563046976893, 22.66806203426485;
  5.140967060275173, -0.3087248358356627, 22.82260255330485;
  5.253709250404111, -0.03039903339370824, 23.29306119514735;
  5.088532551524581, 0.6072603704363327, 22.56021743875624;
  4.948211387368293, 0.0928465088493896, 21.96841438006067;
  5.253809638549518, -0.1403093508711196, 23.23052509560238;
  5.124911478773115, 1.16184497183195, 22.67053156258048;
  6.338806726030502, 0.304257812095947, 27.56795204943181;
  3.614527568449234, 1.744494583389154, 16.17537062708442;
  7.317413395124548, -4.343852475208927, 31.54683235692395;
  5.377264733286923, 0.4431274894408563, 23.25295712494498;
  5.954455288662023, -0.5167171208158322, 25.57014465127929;
  4.792851124552821, 1.433687288542399, 20.65042186005716;
  8.412508959861869, -4.583943207256272, 35.54141039521818;
  6.022583188294336, -0.2120917197132502, 24.92837713159832;
  5.109481842147028, 0.4236802650458537, 21.27392005985844;
  5.205518735109768, 1.075757942443144, 21.43876538671057;
  6.27751346720817, 0.2086510802856606, 25.46151843994777;
  7.94654452385763, -6.245973734993021, 31.8735386555568;
  6.247870030524431, 0.0907937481502009, 25.20687336293159;
  6.535039875767217, 0.4257804814479984, 25.98305974211347;
  3.309106530042338, 1.822056477930373, 13.67200493639514;
  6.561965971852095, -0.605699211543272, 25.90296061838003;
  6.401686713200038, -0.1368949125266014, 25.14513396900856;
  6.860383172334989, 0.1167860816302107, 26.66723061504669;
  4.652858361801592, 1.675992384255847, 18.04504865023058;
