m=[-9.864088584563767, -1.396394989311677, 13.05345003646009;
  -9.925439341681853, -1.478024582279071, 13.17353051718099;
  -9.935450739853257, -1.2993213754889, 13.27751569224546;
  -16.60713428116481, -3.923111244675027, 21.79351440593701;
  -9.984646693382334, -1.304073681465101, 13.48989696086563;
  -17.48046678645719, -3.662189539061478, 23.10443430116294;
  -17.17399454830508, -3.657338803869305, 22.71689063950808;
  -16.39157138051928, -3.034300969742491, 22.0810392868773;
  -10.57426353803874, -1.693779786346165, 14.61383747851625;
  -15.75981418606681, -3.191033023874724, 21.39627172925521;
  -15.69093921061805, -3.31964610887525, 21.38593649592528;
  -15.80262773011875, -3.536564623599782, 21.67248773081267;
  -10.05074828013699, -0.07266394856728922, 14.21274481098166;
  -15.69367551482484, -3.367843742603778, 21.85275367817172;
  -15.71512882108604, -3.996176300132739, 22.12165657093022;
  -15.50173280920012, -3.067697596648999, 21.84692053314887;
  -15.66659376768241, -3.279481872175099, 22.08883571543022;
  -15.58136732414275, -4.915006600708266, 22.06008254222682;
  -15.5222952282056, -4.617968941624498, 21.98618993444768;
  -15.42454195179948, -4.489585021552222, 22.01707054986106;
  -14.4533760229186, -2.988587576355194, 21.99221841003885;
  -10.37459415825495, -0.685806327848583, 16.85387852168723;
  -10.14583284020633, -0.4392480305862339, 16.53233473414425;
  -10.25634205915119, -1.579527412033228, 16.89094712399642;
  -9.618589815727731, 2.243985093357927, 15.97643544336333;
  -4.373851670483803, 0.9912902859644245, 8.314436216660829;
  -4.759901954503508, 1.129865593029069, 9.346843368482226;
  -4.461458028837673, 1.114137045521114, 8.936658620665858;
  -11.28295634752196, -1.498454807349963, 21.51089811519307;
  -11.05431843864747, -2.262947995142099, 21.32914498074472;
  -11.44670659256351, -2.649503155404082, 22.11352417037529;
  -10.95073473799773, -2.131512662554009, 21.30647847688821;
  -11.24191132986206, -2.543150560174457, 21.88345149568281;
  -10.36002584000918, -2.156006289278465, 20.53357604156441;
  -10.82728642528956, -2.38957647655667, 21.54594068721124;
  -10.98192327051777, -1.979614664786601, 21.90774783828348;
  -10.47319041051291, -1.754619765512385, 21.68686629452074;
  -10.33029966780623, -1.86542126392475, 21.49474092920897;
  -10.05522759186084, -1.38425644363543, 21.52605422929027;
  -10.59158718335844, -1.650055565158756, 22.66891655494537;
  -10.83312967991109, -3.337264381658431, 24.72934403478028;
  -10.62554975059822, -1.659681933349913, 24.42597710656705;
  -10.93414919968014, -2.837924323707388, 25.22949828274873;
  -11.04467026463509, -3.360319480431204, 25.65940412444073;
  -11.14957577535196, -2.918542421856942, 26.26049183512325;
  -11.31303817629404, -4.941175946140714, 26.74689578067207;
  -11.10969799538544, -3.185845389020791, 26.44426071831295;
  -11.27604528856467, -3.342433526526327, 27.0478499829541;
  -10.76431425186166, -1.327431175965387, 26.27499649359568;
  -11.38127276182181, -2.171784465818595, 28.07306088293244;
  -11.67964236847856, -3.576978316041935, 28.89845273888692;
  -12.10295583470573, -3.208429535249234, 30.74143708560099;
  -11.75489455755952, -3.309327396487972, 29.98398460099695;
  -12.92021491705967, -5.674325092726123, 32.94291683853457;
  -11.9933309008984, -3.545423679284228, 30.77932226424642;
  -14.00423021154036, -0.4507866807737266, 36.70758173871283;
  -14.42371764552989, -3.740659142009359, 40.14296676881132;
  -13.79087980905628, -3.270917263753685, 40.26871586641578;
  -14.15957222742745, -8.782680579746913, 42.02532685606705;
  -5.69846356943634, 1.646756959402932, 18.02574048814997;
  -5.365294704023692, 0.4261365204487661, 17.12351572687147;
  -5.431914877002112, -0.1061497319212427, 17.65313186420467;
  -3.14044049759253, 1.720595340419452, 12.09379123248317;
  -5.291798084723222, -0.31067049758742, 20.24948242691798;
  1.517129527031771, 1.410429722960902, 19.10199778528381;
  1.727212732374334, 1.523456247525233, 19.28502780981068;
  1.585988428412199, 1.783976949709502, 17.46310193445335;
  1.773558479161519, 1.45043884883711, 18.95013401369186;
  1.720806570510167, 1.029088549458287, 17.86226727409158;
  1.749403671909217, 0.4267661251466985, 17.60679417532185;
  1.855060565798121, 1.525743494775282, 18.46042841696174;
  1.79715090596214, 1.118685610457716, 17.68544975680119;
  1.938382754047481, 0.2668299250866448, 18.37846202349291;
  1.834045090751578, 1.797367020336579, 16.8421641005632;
  1.996433497810735, 0.3675362443746184, 17.47574023123506;
  2.210532421220873, 1.521202740216828, 18.7878322768199;
  2.122265773861785, 0.6175869612867878, 18.0674776780442;
  2.082653055671102, 1.665058856640897, 17.61960547900792;
  1.601662650507152, 1.993564664150326, 13.82864689550947;
  2.069127132195932, 0.9188558519972268, 17.30332189174076;
  2.042134077766818, 0.539200536498906, 17.04311286813693;
  2.473386576829625, 0.1747496719910691, 19.82641807696445;
  2.137497943204082, 0.7176354336010732, 17.31637246227086;
  2.163601563647574, 0.8782287024227492, 17.48790794942826;
  2.291674496932001, 0.9457169261439896, 17.68075903631199;
  2.171755122965249, 0.4721008102832743, 16.57327285883784;
  2.494197173383254, 1.176574922239968, 16.7515563929473;
  2.597902155622752, 1.274604631654824, 16.45813891128142;
  2.774325115528035, 1.744752359207241, 16.68280297514771;
  2.817687991377995, 1.262287887445564, 16.45581019357542;
  2.880226390197006, 1.120029190842822, 16.43756540937448;
  2.964274968665831, 1.220446842238616, 16.48573499760803;
  2.913419805096872, 1.770785688634831, 16.17489749006894;
  3.008994031501665, 1.126497745184022, 16.57761300793973;
  2.923737692547123, 1.885598512735514, 16.028213367998;
  2.775320851784816, 1.939861417772578, 15.26493281595803;
  3.07489975520666, 1.210887995126228, 16.40973990637204;
  2.791655091063177, 1.799139624635705, 14.59376781856034;
  3.252327834585669, 1.176497677958291, 16.52256061254346;
  3.045491352829304, 1.858593018729216, 15.32209604168725;
  3.101149454831229, 1.734188001413024, 15.54890046304426;
  2.983071565055763, 1.957230767346922, 14.89338901689139;
  2.953043570517552, 1.869999454462785, 14.72068111093476;
  2.738295947408161, 1.980965527506942, 13.4806264932192;
  3.065615044717858, 1.923036585400524, 14.76714441538185;
  2.914819304509925, 2.00454149469174, 13.70221788938627;
  3.47271697630151, 1.397367929692901, 15.89379687800022;
  4.59096430932355, -2.878860267463978, 20.51437348918891;
  4.707168364953478, 0.1718204674926878, 20.83939435362378;
  4.623360468717899, -3.951410833160067, 20.32928572054144;
  4.808424209707749, -0.5972752786506923, 21.06067912988418;
  4.888974079014618, -0.2782121484192625, 21.33736316153749;
  4.743354377932847, -2.956174607877445, 20.69274392899723;
  4.65015234263524, -0.5759030231674487, 19.92027684184422;
  4.629181542161954, -0.132485919023924, 19.82856720472803;
  4.664980572959403, 0.4186051653856671, 19.92127427696759;
  3.641599767475396, 1.784581774048703, 15.82369917663497;
  3.023375567710521, 2.008428359440177, 13.36725486857811;
  4.791194147658611, -0.04809747176470321, 20.1171693884583;
  4.718874567026315, 0.8215201950720523, 19.81958483621226;
  4.628281346445489, -1.413193128129463, 19.48875128053222;
  4.754353680981907, 0.09603871758241662, 19.92748210728134;
  4.777724831372209, -0.1567659392113313, 20.0128769601449;
  4.737527353883057, 0.4126933375830118, 19.84243759358149;
  3.045992422390172, 1.897050499299304, 13.27287580840993;
  6.451541285555344, -3.456103690080701, 26.16441773575067;
  5.270534054088928, -0.4747194807161628, 21.53516554545083;
  4.940905428682822, 0.3793098652242359, 20.24201102907339;
  3.215041227251433, 1.963443485390255, 13.58390519681737;
  4.742483219233543, 1.38631815597186, 19.24126561252302;
  3.658409869844854, 1.743031642553969, 15.18305319600003;
  5.417944884171281, -0.2148753470696144, 21.32581665679037;
  6.678846094188051, -5.228196574956895, 25.70460429970156;
