m=[-1.689419298920174, -0.3479024275286746, 3.197733761149801;
  -1.622700901261559, -0.2669341405822489, 3.216380949120497;
  -2.409570664809087, -1.64986280505309, 9.134109357156181;
  -2.415171325978816, -1.723141153441308, 9.164284796610662;
  -2.420335955526847, -1.814373209160511, 9.283349739377155;
  -2.386278585688679, -1.541771479585267, 9.218755442032867;
  -2.365120677553528, -1.589520646121659, 9.217606884634934;
  -2.388554113100213, -1.859497840131213, 9.315945812064987;
  -2.313941041581438, -1.662913301684865, 9.141597209469465;
  -2.350486001237403, -1.844830489336052, 9.31431332373613;
  -2.329602471012298, -1.552750669937153, 9.284156745008907;
  -2.299128287662769, -1.588803593516971, 9.214425273041501;
  -2.299928688659713, -1.498791765245057, 9.254460930103896;
  -2.245142976430368, -1.738743388813579, 9.215379992330851;
  -2.210934019958266, -1.753688839938657, 9.113077721230487;
  -2.248064942163917, -1.860299792295871, 9.528123943772483;
  -2.210593929114862, -1.795706193408765, 9.392330562044123;
  -2.167459380656163, -1.614189691710532, 9.256690037128326;
  -2.173328030926236, -1.712607431126339, 9.503250326194968;
  -2.084827505626731, -1.511027279313463, 9.252708148914866;
  -2.051292279608332, -1.445299515177422, 9.184189910504825;
  -2.133150286123092, -1.708827267136976, 9.554207922795868;
  -2.035269100693796, -1.556003946771431, 9.172266008393656;
  -2.037410719725307, -1.610038238313144, 9.364191665488288;
  -1.874872508662186, -1.286777929739683, 8.965608303715657;
  -1.732596664426345, -1.29514392359942, 9.013113643956579;
  -1.926537406122753, -1.9963243079814, 10.35439375328749;
  -1.801118210490453, -2.001034309038284, 10.21133884713301;
  -1.676580385264989, -1.834395191695292, 10.17971068102559;
  -1.678105573586304, -2.01527412418316, 10.2884198930172;
  -2.170360652023783, -1.996475825532367, 14.9721808290859;
  -1.638087538351257, -1.415389642939453, 12.52336928116162;
  -1.647800637999552, -1.350609431244192, 12.63751105707248;
  -1.950148520031934, -1.787233456814418, 14.98100423690835;
  -1.891816187175898, -1.84741084601044, 14.65719673620343;
  -1.839725950587989, -1.729812511011919, 14.64851725252036;
  -1.144930916682922, -0.2208888315780622, 9.563050699753392;
  -1.76256078979558, -1.502198637596588, 14.21807841610244;
  -2.345772033203065, -2.753170532701818, 18.94059346867739;
  -1.677818516035611, -1.755003424520576, 13.92232684941305;
  -2.127256655721211, -2.486168154250241, 17.77661295987566;
  -1.7224721613461, -0.6746856374559707, 14.71288990450421;
  -1.709184085626595, -1.388917863753481, 14.67851476293483;
  -1.378379787401838, -0.4370261584509452, 12.05287239516581;
  -1.660830304131408, -1.12366407020708, 14.53854151239792;
  -1.640816705931251, -0.8903120821437542, 14.41491267756694;
  -1.740913270455148, -1.742493160902509, 15.25989476400218;
  -2.085169449622438, -2.747078267548819, 18.05533470331059;
  -1.930059703595261, -2.475267532989281, 17.31651500947873;
  -1.58342295057868, -1.442603658822653, 14.40991499819167;
  -1.925770381647968, -2.739331989336928, 17.74818112615039;
  -1.862072605724925, -2.400408273841132, 17.33456750540078;
  -0.9341605818327249, -0.3214236503067132, 9.268456718685101;
  -1.004560097605324, -0.1297615035860218, 9.983827524734865;
  -1.808580128464035, -2.780461363556208, 17.26619855252338;
  -1.292873617348976, -0.8111342231458538, 12.79358153425502;
  -1.845778334987315, -2.702925465781492, 18.01072717809532;
  -0.8573655888199679, -0.4253593662372797, 8.976085067132203;
  -1.75934777791458, -2.535472129580626, 17.57128864586577;
  -1.736151715886907, -2.456594523694278, 18.05508043648668;
  -1.803867602804114, -2.293666764382042, 19.07786972801947;
  -0.7903637459324465, -0.4314561285083973, 8.836760312668785;
  -1.305824248244092, -2.1252030491118, 15.02246540412766;
  -1.381110913059565, -1.553889211250225, 16.25958085662819;
  -1.364537979391468, -2.150068614389237, 16.36743641431971;
  -1.277312822025984, -2.113019539829872, 16.07964061436476;
  -1.269471142898001, -1.706915363839304, 16.73244891534461;
  -1.247313078366751, -2.19451497944703, 16.40279696616496;
  -1.254580486688666, -2.1382090944305, 16.67078734035738;
  -1.508408910874894, -2.715283439929275, 21.65316630679825;
  -0.6123102471511374, 0.06834130684319094, 9.617621281149976;
  -1.340442026858547, -2.343096171021536, 20.78327905974824;
  -1.016436929485682, -1.48468694297045, 15.85690213066902;
  -1.521866288768719, -2.948070812482003, 24.26762536610873;
  -0.576844408923333, 0.07192689751181437, 9.798068252998249;
  -0.5848349772137704, 0.03173079998486372, 9.944836664661876;
  -0.8168440488757749, -1.089297113228654, 13.7112603454319;
  -0.9358744801301664, -1.135342122257367, 15.73891776052938;
  -0.8842015736620144, -1.021591811099544, 16.0360539102368;
  -0.9532498574897625, -0.8984229481471925, 17.28880639249305;
  -1.088690934377809, -1.847858822285964, 20.18315105570311;
  -1.12836928977057, -2.026199665389208, 21.01995722154841;
  -1.035979208728209, -2.361753898741617, 20.50040182241251;
  -0.8983882964982894, -2.125854905879377, 19.73106530420854;
  -0.9846494615877741, -2.167428546131942, 21.69441052488573;
  -1.452231563767415, -0.5856262581212848, 32.50815159538022;
  -0.8552875533657869, -2.451691370960305, 18.88064330815941;
  -0.8136441079624285, -1.142739286639463, 19.14980169574787;
  -0.7994871163740014, -1.232298704258874, 19.15322949652654;
  -0.7932377856729469, -1.888704995659041, 20.50188727938678;
  -0.9160882896799756, -2.652920547599184, 24.97198768841175;
  -0.2490360798589759, 0.01663213055195647, 7.550594923221899;
  -0.60493272761771, -1.26422344667361, 19.29009459552672;
  0.6701677538949799, 0.4322331789829821, -25.93100083530438;
  -0.6375248763966448, -3.044008839486049, 26.08883087449374;
  -0.5096136615010557, -2.704115143097671, 25.17266899334598;
  -0.4981479693146565, -3.073436888919299, 27.43704676773463;
  -0.1934657166200823, -2.304691580861068, 23.88557516948145;
  -0.1318224011206396, -0.9515689838514786, 19.90218652874467;
  -0.1885718184068715, -3.063241239664559, 26.40246891674734;
  0.1657918902335231, -2.67998333400525, 24.31606888787889;
  0.257265159947221, -1.099615794957678, 24.21676305244018;
  0.2971150643415796, -2.405016291412458, 26.71764143197738;
  0.176406279558166, 0.03167291742295866, 16.25195958874361;
  0.2396234256184037, 0.08592428359570165, 12.54326324104836;
  0.506639234194439, -2.408597005914178, 24.57381808165455;
  0.9943920914297321, -1.583398586869631, 23.84636385758455;
  1.084626575854198, -2.457846450475435, 25.09837723585894;
  1.465216888560961, -3.046700176687403, 28.5533636590351;
  0.9567387184873749, -1.075147529709538, 16.07297601661094;
  1.227100037539783, -2.196220779333015, 20.07021506167063;
  1.677638670905979, -2.929572379702546, 24.58875648289532;
  1.398667374052412, -2.195159334150568, 20.12273690661132;
  1.916818939608829, -3.097952731873247, 25.81751383728238;
  1.324589099052673, -1.247509840656133, 17.11058567456098;
  0.6419469166724847, -0.3355454296014874, 8.492390619820585;
  1.306786038460072, -1.223484778493593, 15.43223263408554;
  2.362775505226276, -3.162474817615172, 25.66570977888689;
  0.3394524157521732, -0.04100778631463815, 4.704702932443726;
  1.475322666163998, -1.553036868413059, 16.3369026686847;
  1.492468067032013, -1.57735952181247, 15.65412913655226;
  2.197856445395019, -2.369349203302403, 16.86214828319837;
  1.348926856720476, -1.150638093842397, 10.7338174959753;
  1.399109335799643, -0.5068260680596533, 10.22191592824888;
  1.419548360021429, -0.3968262089404989, 10.28838451851042;
  1.410371450547544, -0.3486042185175711, 10.15833093823997;
  1.364854573686632, -0.3197086319555466, 9.361251807987008;
  1.321913289755704, -1.140432324836941, 8.944768094641336;
  1.479838021797781, -1.153012240848277, 9.125048113479995;
  1.528887351685807, -1.102049617066173, 9.073335690219802;
  1.692059603892183, -0.1705418942410537, 9.427933103429732;
