m=[-6.998471131158452, -1.373777316618107, 9.419438161353291;
  -6.965403957249166, -1.44936677319252, 9.382237939401891;
  -6.987302575558124, -1.35389226448571, 9.465683222576386;
  -6.617424289964974, -1.356203812257075, 9.623343394916818;
  -5.048541019161928, -0.3228925587466557, 7.75239592677243;
  -5.077721374591182, -0.2063403549370443, 7.814182352609739;
  -5.028828649645061, -0.7634954315909428, 7.832474337622072;
  -5.237949886838694, -1.068362936087773, 9.632506649465046;
  -5.13173486572627, -1.037504126477599, 9.467633388596912;
  -5.306045087823688, -1.21380044292984, 9.814163685314474;
  -5.139091396554411, -0.9876380066069029, 9.560599082002383;
  -4.993498850914778, -1.028312138499481, 9.45169732110857;
  -4.93921257783335, -1.155391894758742, 9.384208991454992;
  -4.981441149213103, -1.086127735981247, 9.483992777566686;
  -4.821715837433662, -0.8560803046748795, 9.601054195868411;
  -4.771449360919361, -0.638943900499187, 9.779227015577035;
  -4.760110426623408, -0.7277068331695311, 10.5200399827344;
  -4.696137118563138, -1.205455041269237, 10.42584777573204;
  -4.732848034789797, -1.424106070278373, 10.58549134099648;
  -4.735700950323275, -1.341828879007558, 10.59670879135648;
  -4.713545402125635, -1.223839508878431, 10.69227232896762;
  -4.75221533731648, -2.068649256184364, 10.82773167088845;
  -4.748166965247187, -1.350550026098393, 10.88800621100223;
  -4.731555324831719, -1.389688845490734, 10.94098154419183;
  -4.767381105722676, -1.249521459263732, 11.70993705963792;
  -4.734208192655563, -1.318589212940121, 11.67135506472614;
  -4.778657452525074, -2.090927520498011, 11.79766894135609;
  -4.739125340725653, -1.389370838424507, 11.75987516929727;
  -4.668130349403023, -0.9102191536290674, 11.94575298195349;
  -4.786373383503979, -1.119695382177339, 13.58412221393928;
  -2.839290641775556, 0.8463164915596063, 8.564561023819426;
  -4.830548067450467, -2.99891448714938, 13.95704417421241;
  -2.816894742270254, 0.2465295281359903, 8.568972593340174;
  -4.852505824092355, -2.295480520113155, 14.24773067979367;
  -2.836328345682672, -0.03397085973068122, 8.803464433459222;
  -4.903735574991696, -2.18944408511376, 14.99031433375233;
  -4.752779055302354, -1.100493570654524, 14.8629830782955;
  -4.891745308159679, -3.285662336006969, 15.39924954795196;
  -1.701140241268084, 0.9572906458741924, 6.106245076789715;
  -4.799997911876694, -2.688065105306307, 15.51820001170261;
  -4.698672718579283, -1.172633700071029, 15.42052311285468;
  -5.032172482541002, -3.121809177744374, 16.4473835997402;
  -4.800998279244992, -2.521057216668787, 15.81399802786817;
  -4.637523236327076, -3.315632121901186, 15.68046513818109;
  -4.34432623287865, -3.169639280013832, 15.23145895748728;
  0.1300344026343664, -0.01837465434970799, -5.487359261548517;
  -0.5091360745330376, 0.6409539652798124, 25.74985091964972;
  0.4656468518063795, 1.133823069507815, -21.90508320034147;
  -0.4888973162110085, 0.8491414432734475, 26.71515336271293;
  0.7006618171355685, 0.4027881918588719, 61.45250143845878;
  0.6824613414865329, -0.2006452328454193, 44.82405862533786;
  1.051744482357835, 0.3771350440346445, 55.05433314997757;
  2.364807426911386, -0.1636700706624691, 63.00890865817809;
  1.720731436277335, 0.2571015447654912, 42.45251724824824;
  2.744709682069084, -0.9314042499589459, 60.16398249184516;
  2.861763950778526, -0.6220354347838428, 59.73804873736166;
  0.7499193221381034, 0.6350000637250151, 15.57654466942762;
  0.5991449603382514, 0.1444366124194114, 12.08410197316464;
  0.5382495761498519, 1.017141885611027, 10.79974164597547;
  0.8096887298164476, 0.2993977453693285, 14.24419131610052;
  1.862481198725536, -1.177846759450133, 30.11365988687257;
  0.8474222897046232, 0.2098294073147439, 14.11214654097513;
  3.172160094146336, -1.574945858984912, 48.75380203068814;
  1.628637464551704, -1.051748660273889, 24.12108251994007;
  3.686912019077828, -5.786478960627655, 53.04389158858449;
  3.766756950853445, -3.339684154578078, 51.43756691178212;
  0.9466637255836535, 0.05371929241049246, 13.50714803377097;
  0.9566365501040526, 0.1984300248584473, 13.59761826753118;
  0.9617777255232933, 0.4586358267512622, 13.72542415427101;
  1.078558074373653, -0.1302959619357466, 14.94847318753866;
  5.219549327297139, -4.915818161458648, 67.42434013022432;
  2.047228627820235, -1.070085690223626, 27.08302625028236;
  0.7814495465524967, 0.222798982632104, 10.77468925559861;
  4.342013859455015, -4.065231574796739, 51.27615845857595;
  1.039404280406339, -0.01300482719864946, 13.11168570429443;
  1.006864334842729, 0.2184585367041123, 12.58540293537867;
  4.179673036469355, -2.041902591881264, 47.49632373270766;
  4.733522208920268, -4.982865563246231, 52.41639227861743;
  0.7580407475812301, 0.2509252563507654, 9.120725489896636;
  0.8462456277000729, 0.5905495625543802, 10.0904870882567;
  3.962939760100146, -3.317480553140457, 41.95148064709178;
  4.982681757209666, -5.266096265312838, 52.26211896701852;
  0.8352368581835715, 0.7753268990024114, 9.618174968020643;
  4.420608149550378, -3.500449034201838, 43.88281020309417;
  3.383965908372007, -3.298927097476818, 33.86682388500932;
  0.8686367220241679, 0.7697182891405111, 8.92855104701038;
  0.8364429487032074, 0.129953426793682, 8.621036586775972;
  1.884693821105411, -1.047620779914629, 17.95039952393956;
  8.340648218621929, -8.904577942169135, 75.44335381717201;
  1.76942590929137, -1.142376085020649, 16.85821031402279;
  0.7361964092276709, 0.8299304603240693, 7.38931671876072;
  3.582081300597571, -2.666469270558665, 31.77425818766107;
  6.827593454357087, -7.457711750478499, 57.98792847081936;
  0.832286546098058, 0.5139942321653039, 7.901469183580427;
  0.8983754282127701, 0.739274353214932, 8.201080877208435;
  0.8492559285699367, 0.5374326573069856, 7.62950024781561;
  0.8920327568525804, 0.2516977024815666, 7.930936320466525;
  3.804907427009742, -3.245595865520298, 30.27679499976521;
  4.191086566867298, -1.12588831741396, 32.97005623225542;
  0.9871110458113621, 0.1552977751172824, 8.583572758749879;
  4.618391921835406, -2.121804554020539, 35.8945257777219;
  7.077114632992904, -7.629322630463149, 54.29624696770005;
  4.155068512741482, -0.9841775311292549, 31.85759000398427;
  4.1013866899017, -3.189870730606302, 30.90726281091201;
  3.948633308922756, -0.7011567182667305, 29.5439348502772;
  4.205535061239264, -0.9831870656654541, 31.17841712164643;
  0.8846034828391352, 0.8620284924802162, 7.383363395209647;
  0.9127304022148487, 0.7072196218887082, 7.547225809642923;
  4.296043483296431, -1.556237794387951, 31.38696468297042;
  4.406520084714059, -1.23181619526569, 31.93689929619091;
  4.36357685709393, -1.078553667275406, 31.42906627299948;
  0.9257062399418249, 0.1879149676620601, 7.40119640873294;
  4.309082385520338, -1.723561162547838, 30.36062096153248;
  4.162098536861874, -1.141359026492925, 29.37425062574095;
  4.520891339844058, -4.544640928454683, 31.75032659533826;
  0.9905019550890867, 0.3080160575571941, 7.752367751114148;
  0.9267924359090429, 0.5063126021123849, 7.31431961540234;
  0.9277091352254347, 0.6512130776126185, 7.303402814050399;
  4.380291449147965, -3.000757750327373, 30.09825890225701;
  4.275654562848602, -1.001545290873363, 29.32581959899279;
  0.9609863806387662, 0.4408986150003335, 7.35230256412032;
  0.9915911167064846, 0.2757895099343829, 7.543823894173999;
  4.157851753370499, -3.587034473569721, 28.13423542528275;
  0.9787756920637571, 0.4114675638220799, 7.253349384270533;
  0.9771331112151624, 0.3428670444847179, 7.244203398057919;
  4.224565413834145, -0.5736333764199305, 27.41872079128321;
  1.010774036783178, 0.2629490397213039, 7.27993980893653;
  1.095518576735563, 0.2574297481460514, 7.617762324972172;
  9.249112417262435, -9.181899209322172, 56.15467593901249;
  4.587483967255579, -3.574327116230627, 28.28756343898396;
  5.368240298104849, -0.5104823591260386, 30.19653787759833;
  5.036337386489944, -3.421257071108842, 28.20392280160139;
