m=[-14.59001801229694, -2.682374567130762, 18.77104216976898;
  -14.26760113160971, -4.257547786680053, 18.61110969581041;
  -14.25350213128086, -3.590548437147814, 18.65094307499408;
  -14.18834796541186, -4.325733910028909, 18.57218214799057;
  -14.29922951652127, -2.632167502667863, 18.92978003227205;
  -14.06704024656248, -2.761314641514092, 18.93322316153214;
  -14.07744066819251, -4.420550512508751, 19.0425199996894;
  -14.12415428354003, -4.187576823619978, 19.11071295496172;
  -14.06778347715405, -2.725839195056956, 19.05759491571722;
  -14.23795620846449, -4.128594184071091, 19.41599731262138;
  -12.97470593449367, -2.659092855502538, 18.86837615128327;
  -5.754405876016795, 1.391864443918357, 9.034668706646677;
  -10.03638827135262, -0.6419032899231418, 15.41159223209732;
  -10.17109986194829, -0.4133169586886804, 15.65245967326569;
  -10.02949487516669, -1.522715139418205, 15.621085286849;
  -2.699185171516869, 0.8195044098515895, 5.197933413668472;
  -10.34481514441506, -2.09145419255007, 19.08534244710358;
  -10.58187197245014, -2.420688229103422, 19.57243519716545;
  -10.35017198254064, -1.98911099960758, 19.25512451893541;
  -9.940350107802161, -2.04701812936535, 18.81510005105605;
  -9.97736791937697, -2.175413842043815, 18.99556422571494;
  -9.68843959747003, -1.593747372373483, 19.20360833212133;
  -9.648190117106744, -1.713005455628437, 19.21158345484069;
  -9.58513933530247, -1.283544233726564, 19.64502742156299;
  -9.63167450263049, -1.469382778447736, 19.76613119630891;
  -9.409565770637876, -2.415348659546893, 20.89008431474962;
  -9.383295597921123, -2.82341797623538, 20.98668572742709;
  -9.436576998077157, -2.673790357081988, 21.11549261340298;
  -9.479203683625631, -2.461209766961272, 21.50275824252616;
  -9.60763706965715, -4.182224471557442, 21.89061496532953;
  -9.7692206389381, -4.583016133770149, 23.1617652205846;
  -9.157795969602493, -1.728296674675063, 21.79179149291803;
  -9.698875912668619, -2.62048611199058, 23.3409981010509;
  -9.455824654786156, -2.478353536076139, 23.22598279831322;
  -9.564268899426802, -2.803959664354298, 23.7331997481268;
  -9.339775658042244, -0.2848510378798244, 23.74886062846521;
  -9.37928262065341, -1.828826971318557, 24.0015991302778;
  -10.08100099804138, -6.258515496762246, 29.12733178208577;
  -5.594882393866287, 1.6676845859304, 16.87664903984444;
  -5.554058580144009, 0.6858204425537849, 16.89256620064169;
  -5.548576246656187, 0.4856013479624289, 16.87872715873514;
  -5.549414373734451, -0.06646563948229517, 17.22440638442373;
  -5.139157192592748, -0.2170755604563307, 16.84300619053032;
  -3.341026989501081, 1.880111825629649, 11.99262066180675;
  0.9381751810470299, 1.772889965858461, 18.82407348362381;
  1.314955743558911, 1.331469054006988, 17.7482196022905;
  1.650557432632361, 1.151835753008331, 19.68096249745803;
  1.556378721518202, 0.6262781360748031, 18.0898791428052;
  1.597158349854296, 1.482597203985192, 18.39208640042736;
  1.691491077117854, 1.00323933795362, 18.42085815482079;
  1.716539215044778, 1.521063517517398, 17.64397891216026;
  1.722464505548233, 0.4462395702178504, 17.28269113114822;
  1.510745775215355, 1.703097055271532, 15.16358797010057;
  1.703910854714533, 1.052282240477234, 16.17639882948299;
  1.818402818753622, 0.4745655205272534, 16.64680980537526;
  1.868022027410168, 0.3756474338142585, 17.04608272916471;
  1.815713813408052, 1.494153349341991, 16.57527061180625;
  1.838414227476267, 0.5187305440417492, 16.34507932219749;
  1.79670586951025, 1.750854119580635, 14.99624702620877;
  1.894627068812469, 0.326964965120194, 15.71130393454956;
  1.9166507712689, 0.3890730689306927, 15.32398529149169;
  1.92399232946511, 1.0510892461269, 15.18430048631883;
  1.979862038278976, 0.6156770275965705, 15.49579840640354;
  1.972833339169382, 0.9051319606507808, 15.09372860051954;
  2.058369733739774, 0.5724907883577716, 15.65965902559314;
  1.899626999723578, 1.010889499982673, 14.39098666978204;
  2.018247552728786, 0.7081845508050326, 14.96274725704238;
  2.000821916743246, 0.8411256290890189, 14.827360891283;
  1.889104618543129, 0.5139027980805352, 14.08966939497983;
  2.391360699408526, 1.150985944494763, 14.72362245269993;
  2.628770927401369, 1.313825022548898, 15.26179997623031;
  2.706558735057655, 1.71933067735135, 14.96872952371017;
  2.817740134198867, 0.4892351067515893, 15.20886128773858;
  2.789609346591882, 1.27413820069521, 14.95835109315028;
  2.810114735077878, 1.121704446521446, 14.73088484208472;
  2.821246505517471, 1.18859573216811, 14.42726658921584;
  2.820091731548297, 1.73228420175753, 14.37726440962172;
  2.905589188137668, 1.116799012306093, 14.72992348984224;
  2.733373751574574, 1.787321138267128, 13.76666351735179;
  2.592008676165059, 1.827049071930109, 13.01659244331047;
  3.035902158389904, 1.22394870932657, 14.90311373515407;
  2.970096474743611, 1.192720921461295, 14.34763043092395;
  4.56607806495345, -4.14708777473162, 20.63162613232134;
  2.961732798049193, 1.673047782848027, 13.60233046359533;
  2.782437784496819, 1.842047495624147, 12.67505916542655;
  2.810782457751164, 1.800323518888291, 12.76975457808719;
  3.115834694691137, 1.754163259688252, 13.78879362679084;
  2.830770750937584, 1.80202830429062, 12.45217405062107;
  2.556608971601707, 1.855289386087882, 11.34282367878888;
  4.600591042619382, -1.352067445250186, 18.98493152773007;
  5.177191247338961, -3.049978112220747, 21.23373381667894;
  5.10388371489739, -1.654478714494843, 20.89020794662243;
  5.076851827006912, 0.3385930644495994, 20.70997007704937;
  5.012213627914021, -0.5604154745574591, 20.2013456596475;
  5.005546038852199, -0.06840605710222604, 20.16477720785651;
  4.986438980099575, 0.4892639082950027, 20.04064397156418;
  5.693865982227216, -4.185277110966806, 22.42142855774107;
  3.090125308318606, 1.768501460807834, 12.67668381697087;
  5.22391727909281, -0.1132519791485918, 20.60329280143336;
  5.044328145480536, 0.4902888887076919, 19.8815389668318;
  5.815161375113964, -0.461513652171937, 22.51191550013431;
  3.395966001883217, 1.69467157697316, 13.59633278573863;
  5.881300595900716, -0.1567482306855975, 22.70250632517471;
  5.329103664827682, 0.4560810733463148, 20.58574424786963;
  2.808621892631986, 1.886520888044932, 11.2283451148444;
  2.949907281809811, 1.812334336011799, 11.73818516279417;
  3.972447691738109, 1.141098218620551, 15.38961957533017;
  5.795004988314337, 0.3822698271993953, 21.92709264651738;
  6.079666272028854, -0.1786309778393299, 22.66544222234802;
  6.540410801986799, -0.802381208602353, 24.26426815499386;
  3.579756479751137, 1.726559946753946, 13.62852737461751;
  6.427474399355227, -0.6896013197336214, 23.5820386141187;
  6.157217226314779, 0.231534872649366, 22.53916178442176;
  6.241326184952291, 0.1185717015715599, 22.69441201185202;
  2.8957747336695, 1.787938655148204, 11.08973229885545;
  7.195100744991253, -0.611333643634554, 25.74892513177586;
  6.234544876528624, 0.4411265341776779, 22.39135760645949;
  8.49130280556064, -1.389989093465892, 30.01911795307544;
  6.365378452978179, -0.09387986589612839, 22.5748253357535;
  9.116908348728764, -2.85360345590658, 31.23933151396685;
  3.119313087779448, 1.840715989518821, 11.39289057603952;
  5.13201522838157, 0.741127777047718, 18.00692637547229;
  6.438429306139811, -0.5198218930405779, 22.21217647645908;
  8.459300376547239, -2.762068340712053, 28.72506271217319;
  8.676010786612952, -6.150154503686182, 29.45020906740427;
  8.302616357535218, -1.678493865494003, 28.11281226668431;
  8.386895330545714, -2.874620989912974, 28.35776152905935;
  6.658745697114921, 0.3917737090370011, 22.59778444208329;
  6.454651802319697, -0.05726755821393061, 21.81166896083383;
  6.391624572428257, 0.1900172836929265, 21.37275841516622;
  5.123086818517439, 0.8641529033609058, 17.32630418181831;
  8.51194294508414, -1.504914075871887, 28.02494600311428;
  5.92204386248093, -0.2071821689975535, 19.60386429539708;
