m=[-9.138864217736138, 1.646448584779774, 12.09569575222965;
  -11.26588922881952, -0.1476188332117564, 14.72193022528032;
  -11.62250575899519, 0.09319922413550147, 15.16645469925128;
  -11.48263011445518, 1.294651057866816, 15.08444248975142;
  -9.013391496762765, 1.547019515088293, 12.09638326696782;
  -8.802423759845842, 1.642260058080687, 11.883382923755;
  -11.83229564666323, -0.03789150631614958, 15.66018759278716;
  -11.98417400570322, -2.961898324817912, 15.9788186291571;
  -11.81177279354104, -0.4836605084804754, 15.77933373915164;
  -11.63770076778569, -0.3956488292121736, 15.58192222266624;
  -11.90892852427387, -3.109731826086967, 15.92368045436067;
  -11.76578169620936, 1.467778059697338, 15.74758106738529;
  -11.84282472369224, -2.960410914115032, 15.94075260182989;
  -11.73093791177876, 0.07592269202112874, 15.81411901222229;
  -11.82940682025916, -0.5791461176140692, 15.94508113716501;
  -12.15896750661954, -0.1742849858124526, 16.36777550392952;
  -11.82384836235406, -0.1031936098996117, 15.98179047483967;
  -11.60710211570999, 1.337391796872456, 15.7346560378648;
  -11.7935638547839, -1.112826416958077, 16.07118397830691;
  -11.67886245910553, -0.1312653551936708, 16.01210564907836;
  -8.808531330234468, -2.597960381635143, 12.41529962933593;
  -11.71223547773063, 0.1165296021685557, 16.21103989766192;
  -11.65290398049811, -0.7428473363220877, 16.13911112528818;
  -8.845798228279524, -2.779406643283182, 12.57119656237205;
  -8.795646377803765, -2.041076373410786, 12.57828054114224;
  -8.641511793837001, -2.642391086460834, 12.37916673737689;
  -11.62372983066181, 0.1220017770912407, 16.38105103443737;
  -11.35355302580728, 0.2459658720108809, 16.03310398151366;
  -11.48098107812702, 0.6218700538309884, 16.21207411464035;
  -11.51815656288798, 0.4507049264278428, 16.27093920892303;
  -8.733756697463155, -2.302788622073073, 12.61406446335517;
  -8.581315881906084, -2.81173035829248, 12.42487796438704;
  -11.4909467707801, 0.494675109414062, 16.3458556774824;
  -8.50006402788906, -1.947739176179149, 12.35079870431317;
  -8.633947594944434, -1.722301935459455, 12.53390055970215;
  -8.531264867024479, -2.29411480126681, 12.40943638295077;
  -8.69957718982595, -1.561616477177604, 12.69749236188028;
  -8.672055623279302, -2.154196838770671, 12.66318366393891;
  -8.462519543473116, -1.982886449667072, 12.38710896085866;
  -8.635104666789735, -1.65207831685891, 12.62137983981892;
  -8.785864998585124, 1.258870365622678, 12.82772807920363;
  -8.53023743268777, -2.159466951650925, 12.49927637747548;
  -7.960321431805017, 1.617811551520276, 11.7557708509831;
  -8.304795094505844, 1.441184213022074, 12.23300564234401;
  -8.597162554722219, -1.449236201063285, 12.63327479576897;
  -8.646244406194734, -0.3535974097112348, 12.70015383676639;
  -8.532561664100443, -2.223526121964506, 12.55267565127994;
  -8.623042732018462, -0.4841865805772535, 12.68251297406774;
  -8.494446628182446, -1.216949627676521, 12.53320956310965;
  -8.585574499248082, -1.806860466836878, 12.65789816426718;
  -8.41659861836014, -1.897918631404948, 12.43058697335759;
  -8.541582538670618, -1.44593924345165, 12.677271419534;
  -8.56661859196462, -0.4316583667304531, 12.71303532359758;
  -8.542292916726913, -1.36828842426523, 12.68834087109564;
  -8.648396118027952, -1.543947338879131, 12.85901452875295;
  -8.484508758259027, -1.158502142811087, 12.65359127662053;
  -8.364211670488377, -2.04206319221095, 12.50009765972385;
  -8.464950305471607, -1.041352594350055, 12.63842083385739;
  -8.555638327294169, -1.750652477457451, 12.77374199108914;
  -8.211459150013221, -2.051601758483159, 12.3024825142755;
  -8.535722655897681, -2.802077177905722, 12.77174161741217;
  -8.385446578545933, -0.5462718121283591, 12.56357137698545;
  -8.543361870219577, -2.920565863783815, 12.79518296793927;
  -8.389798174717809, -0.3300643939191742, 12.58292090509893;
  -8.417868295079041, 1.072458978207465, 12.64268572135128;
  -8.523496880791509, -0.9319304682804738, 12.80085085022227;
  -8.562207292996114, -1.382189378256457, 12.86720464739761;
  -8.449856607637786, -2.935124376563237, 12.72721723573858;
  -8.454591372166741, -1.798268497979055, 12.73016397033731;
  -8.454430333859142, -0.7379909386259801, 12.73355823514666;
  -8.137121416003549, -2.377967182220441, 12.30406341970037;
  -8.329799760120729, -1.537219632249414, 12.57734711288967;
  -8.479359430705541, -0.988617907549468, 12.79220768966068;
  -8.394862436601434, -1.673560183922745, 12.69302442350565;
  -8.327925618149378, -1.721304740453327, 12.61260139074528;
  -8.276297919521312, -1.244171462791055, 12.55224678005943;
  -8.253063129191387, -1.590806152649897, 12.53301529402772;
  -8.355017806725233, -1.004176260370786, 12.6776989150841;
  -7.815464339111809, 1.627076580628844, 11.92252311413633;
  -8.448563206072164, -1.429568515071749, 12.86192301236244;
  -8.281918171884362, -1.857990680343917, 12.64151689564682;
  -8.232816144607115, -1.235095258686592, 12.61525247293636;
  -8.166092747537281, -1.646533377963992, 12.54277458158561;
  -8.053092212509448, 1.183911331699678, 12.40075210991383;
  -7.987913781713965, -2.265554655010511, 12.31634795220945;
  -8.233333672499924, -1.516387689460941, 12.66810319371719;
  -8.032142522075768, -1.163110225447165, 12.41667590429481;
  -8.327635788104081, -1.298632417415428, 12.85911755189458;
  -8.335039272974294, -1.62290450942889, 12.8771681746991;
  -8.272244424446706, -1.55987632072849, 12.86916994117265;
  -8.306777991801646, -1.324569902462197, 12.94606399248603;
  -8.107890081379892, -1.708027148868666, 12.66642218400718;
  -8.118231564340963, -1.627751567660567, 12.77232950412471;
  -8.145566159305485, -1.35092423922117, 12.82176055622426;
  -7.462567311042033, 1.64197008529629, 11.86745344071258;
  -7.42113276074589, 1.603459160068672, 11.83512542428809;
  -8.037158171336658, -1.31034976622498, 12.73605933603972;
  -8.166549373012233, -1.508095550426309, 12.92374990112075;
  -8.182035304112702, -1.247020539744317, 12.98058707136908;
  -8.09647421453521, -1.556760612192413, 12.85654139848177;
  -7.791688206839947, -2.310407405741188, 12.41161899477143;
  -8.30497738979415, -1.814114772333834, 13.23760114578938;
  -8.147531534205511, -1.349721435414782, 13.00900353819131;
  -8.229601187536851, -1.305345851153601, 13.17273154655005;
  -7.818123693312351, -2.605626733884822, 12.62816788810436;
  -7.961363020706808, -1.462304158080273, 12.84872532113702;
  -7.975414480295736, -1.299006525132054, 12.8760276495185;
  -7.329791211592721, 1.661109204484002, 11.92877367263354;
  -8.182138864107602, -1.793014269478247, 13.22693537483935;
  -8.051617577726111, -1.8428371305679, 13.03314276480956;
  -7.944460546488383, -1.496221967746235, 12.92802408472465;
  -7.242263501823702, 1.614176942887721, 11.90223923039469;
  -8.029874379513741, -1.748593874639331, 13.09324445891284;
  -4.6636470442718, 1.728584730389146, 8.044045820039283;
  -4.59121213127109, 1.746647754445289, 7.99794482905044;
  -7.659386567940729, -1.658236952057125, 12.69457111219345;
  -7.798381186471787, -2.405000071896677, 12.91592578867615;
  -11.97198267320519, -0.4235307174139184, 19.34814915810574;
  -4.563072983372784, 1.734596731691027, 8.048731417761662;
  -12.16989563808551, -0.5280443744270805, 19.88708179203284;
  -8.87708766530583, 1.007603283884752, 14.84543702154075;
  -7.17910868748651, 1.370067343792052, 12.19552761740429;
  -12.1244660315172, -0.3179499028212782, 20.08975501397302;
  -7.798409968009601, -3.042523459362468, 13.30868469535099;
  -4.566583443090049, 1.728457355660922, 8.21366749292549;
  -8.812624957270399, 1.033233815618376, 14.95454938290967;
  -6.82659265855099, 1.624572986581698, 11.91324257275258;
  -7.74886973159029, -2.909694421974705, 13.4739092174904;
  -11.7409972220817, -0.1731773576206882, 19.98591303515462;
  -4.619244854653085, 1.700692705826607, 8.490501492191616;
  -7.386873448184143, -2.915531248187777, 13.01163470333915;
