m=[-4.036067420018749, 0.7713016605454391, 5.896445722580348;
  -4.304686730760698, -0.8586999407173837, 6.249113146762293;
  -4.309681155103067, -0.8245332353994742, 6.299185122360237;
  -4.248936800165756, -0.716249458776131, 6.243686314488174;
  -0.3907000853634716, -0.0118873485708802, 0.4922078612566678;
  -4.133191319035459, -0.9272526957482586, 6.308901731232544;
  -4.040015569405695, -0.8510791593295292, 6.311449997277904;
  -3.648446767390385, 0.7999568673469136, 5.884134218599563;
  -5.75426971817609, 0.2043432678455482, 8.827736053528399;
  -3.999588726178361, -0.6933435700752701, 6.438049068126882;
  -5.620760042744323, 0.3750519394394521, 8.702371987119195;
  -5.661447394384446, 0.27224809256907, 8.898237214891028;
  -5.732955755795697, 0.536777153210078, 9.10992962323242;
  -6.068966446037239, -0.2633287651528962, 9.917425399091769;
  -3.272256019261966, 0.798614907897033, 5.859298581465771;
  -3.234944120280452, 0.8139729158529107, 5.921175375788974;
  -5.845163154854472, -0.08621498590560346, 9.949829667747673;
  -4.081698941348217, 0.653652255628692, 7.270660531006381;
  -3.162215998583761, 0.8015879163688562, 5.871131909119471;
  -4.055891952360843, 0.6209423912618608, 7.268552782641548;
  -5.823105473721001, 0.0364428280375572, 10.02965437527191;
  -3.999956580964567, 0.6544295083301726, 7.228287862863552;
  -5.804524230205769, 0.01158090133829836, 10.09729685084474;
  -3.944705674798085, 0.5072313480880656, 7.25608847895069;
  -3.943536389762392, 0.5070809951659849, 7.25393763770281;
  -3.944437467482781, 0.6091341225549108, 7.261537855116353;
  -3.797602221707042, 0.4278327173680204, 7.233961992825297;
  -5.767538024776928, -2.061637236779235, 10.66411871402892;
  -5.784576633288662, -2.085930279829998, 10.83517346804525;
  -3.05471804298255, 0.6175762435768857, 6.203045278944919;
  -5.656002941961745, -2.294104394894935, 10.79301459807541;
  -5.712920457234486, -2.449236772875568, 10.93526210631897;
  -5.590511558861094, -2.300317338833149, 10.80134081518398;
  -5.774442563884365, -0.6237111503216917, 11.11807374930488;
  -5.822717616078018, -0.1709662431695597, 11.22785696900773;
  -5.743389696154726, -1.856401538459706, 11.12007269193503;
  -5.803049007343819, -0.6732296952036616, 11.26146213634821;
  -5.91484907036456, -0.7577813814142154, 11.48171912057039;
  -5.714375905311064, -0.8821074239545552, 11.14068517088843;
  -5.47302626158885, -2.350978073679614, 10.73940419223952;
  -5.766880611542608, -0.3821052622542182, 11.25675504473592;
  -5.762601260003827, -0.01151521146491179, 11.24756444958665;
  -5.682890897097227, -0.1738625509781295, 11.10875522428599;
  -2.71362036620148, 0.7861198343089096, 5.815735925720285;
  -5.827652782860628, -1.587415647846195, 11.40579507955053;
  -5.74783150864928, -0.4781072520066138, 11.35401042832266;
  -2.695288533710194, 0.7249107927412527, 5.903482783970063;
  -2.673038469583897, 0.7787930402285368, 5.873795760610948;
  -5.942307826235416, -0.1848650475494627, 11.97348759040471;
  -5.979402186328708, -0.2569834605832839, 12.10640757539461;
  -3.348050398326491, 0.423554520878464, 7.215007278000191;
  -5.891910135363211, -1.962976327853786, 11.99256148212886;
  -5.909169617232697, -0.1208363714571715, 12.08552215165611;
  -5.904325102881004, -0.1635871865147111, 12.08154871712363;
  -5.902401633554077, -1.962850472853813, 12.24334368422374;
  -2.548584141266064, 0.8041974050152131, 5.841976390840502;
  -2.47670370249023, 0.7625069710889864, 5.859261030163816;
  -5.902419387545893, -0.0318525269665078, 12.67690048902836;
  -5.871933799813571, -0.1231836493294872, 12.6523104551408;
  -2.49543466255115, 0.7502593408235108, 5.961299800924296;
  -6.342408612538492, -2.802769794316984, 13.71089920209136;
  -4.557059735315663, -1.101037466396515, 10.13593258804993;
  -6.248946601426698, -3.02807570715026, 13.55321361541937;
  -4.512730303749708, -1.03313337958332, 10.06417349873765;
  -3.076332601076215, 0.5202204689764809, 7.208163263276401;
  -4.558712019776932, -1.099538080086192, 10.26913233835506;
  -5.826113771275419, -2.027462216562828, 12.9336152701113;
  -4.406897257094696, -1.096186815647892, 10.07032521315053;
  -5.912766569705585, -0.1279465442483437, 13.21744362964525;
  -3.690191833827425, 0.1213386303668262, 8.611726458070717;
  -6.441470366003349, -3.108633708272357, 14.3466414571992;
  -2.837597815860741, 1.053529170666503, 6.883364039653175;
  -5.843821516346261, -2.064703064719824, 13.25240462217154;
  -5.755370486286345, -0.0424849330799834, 13.10434653987661;
  -4.345405042856616, -0.9959345076092767, 10.14114101340178;
  -5.799090022717724, -0.1937173204148144, 13.22604136234368;
  -4.284952712236426, -0.8463720392935913, 10.06259353399296;
  -5.143327364957735, -1.669668856833108, 11.96248283374264;
  -6.407379913778886, -3.133100778058142, 14.65518365745364;
  -4.272677144313721, -0.8262016507603804, 10.16847637776665;
  -6.520330986510763, -3.168198801781686, 15.05406179959993;
  -4.256161346956309, -0.8777693206193246, 10.19483631137584;
  -2.89268405346192, 0.6371528503850578, 7.231626168044217;
  -4.216602373334959, -0.776906851261168, 10.14724213844982;
  -4.220729284767463, -0.9977849509213882, 10.17189055673335;
  -6.44910250800637, -3.114668326982077, 15.04152900209633;
  -4.327008041748522, -1.7518013746571, 10.49289784869517;
  -4.300575232052467, -0.8631543955912967, 10.4437263379118;
  -4.296395511406859, -0.8284808065687676, 10.4459100633917;
  -2.403285209577747, 0.7393259950973026, 6.266428026049455;
  -6.770305892475117, -0.03970111714354784, 15.97189880098356;
  -2.813108674938428, 0.4603579737217836, 7.229709870690112;
  -4.070318931234085, -0.8415444172895235, 10.1291619792989;
  -4.24283714161636, -1.764841742321914, 10.51465967354494;
  -2.780112287926741, 0.6258075212252759, 7.226437992706218;
  -4.069861830669815, -0.79028790971761, 10.25645046354589;
  -4.040789569801837, -1.641498456803477, 10.24288919700194;
  -6.460263456726437, -3.009220375067621, 15.84914837084974;
  -2.688890181267808, 0.3743182106230725, 7.248643642471188;
  -3.774416346285161, -1.545586179712553, 9.830623206487383;
  -2.660847033625795, 0.3191503785809133, 7.227736364722905;
  -2.605869870744214, 0.4350870115870927, 7.1219046835695;
  -4.012144073593301, -0.8423629090976029, 10.46287695261879;
  -4.038264697936049, -0.8940435220229213, 10.58943460415771;
  -6.538426892822669, -3.204923219712183, 16.83049346057763;
  -4.022364957956807, -1.293957395112999, 10.81213819477206;
  -6.49657948664614, -3.125051156258909, 16.87587276219373;
  -5.959669217557832, -0.3900918101545417, 15.68463693030475;
  -6.425741787612751, -3.026313375424089, 16.85353102595879;
  -6.421039157308085, -3.137790502703085, 16.96676165280287;
  -2.719726803504689, 0.3636303298522889, 7.74665554290628;
  -5.872771411771519, -0.7483856577105152, 15.71040869709659;
  -6.464174141054481, -3.166925573410327, 17.21578562721186;
  -5.926928827786904, -0.09047859241039653, 15.86359555547051;
  -6.501262819851313, -3.132742851285277, 17.44762815419257;
  -6.111302148012252, -0.766523835995175, 16.45616921973702;
  -2.655853127248486, 0.4650929056948233, 7.688339397422829;
  -5.960852922987866, 0.01026846193445308, 16.10751427542994;
  -5.819116906326695, -0.2849998592906517, 15.77361740569475;
  -3.788218075440486, -1.457631776411433, 10.63161009578326;
  -3.687057416475277, -1.304336557947654, 10.373192625247;
  -5.64398836728521, 0.03307837562565937, 15.52423376725811;
  -3.526243431210444, -1.517823781034517, 10.06386307976428;
  -6.378523907296152, -3.543381012909844, 17.46292278749251;
  -3.589239434127435, -1.378741948225124, 10.25643766238932;
  -2.795731139271055, 0.7995502297559125, 8.22896329724594;
  -6.293906082924019, -3.600026299870766, 17.39116075214062;
  -5.983886426137631, -0.4445721727864775, 16.64327740950411;
  -3.682839751943866, -1.235497727365526, 10.63398719291958;
  -2.705054932798821, 0.6222612044644128, 8.069022428679531;
