m=[-14.91943116200677, -2.707869589606159, 18.83071021097033;
  -14.60903324278011, -2.824731356017624, 18.74842166569772;
  -14.55567635445666, -2.775165610410183, 18.80863212490432;
  -10.50249362549566, -0.6243778547406114, 15.19063157480765;
  -10.51240723091327, -0.3899707957842947, 15.2510045629693;
  -10.4588101273007, -1.546355684613309, 15.36100051013126;
  -10.3371046454248, -0.7848419680186803, 15.80955712020282;
  -10.50625404350741, -2.073214299460391, 18.5292562066927;
  -11.1755752811552, -2.490950381510071, 19.76904765391839;
  -10.75965204239403, -2.020167523900228, 19.12566144007795;
  -10.56610102726386, -2.126449327322741, 19.08776342915699;
  -10.70165615096894, -1.831422487456584, 19.4330060166376;
  -10.47873613230866, -2.235395361015825, 19.05117066092826;
  -10.1543005963987, -1.747799902764626, 19.32365521629836;
  -10.03870473880606, -1.292105819056833, 19.68688159121736;
  -10.07139391148311, -1.478991919008041, 19.78476841352573;
  -10.04629253903001, -2.472666820878017, 21.19869459422869;
  -10.00715688968742, -2.517389949379009, 21.33611160451531;
  -10.27706988284827, -3.053367328676465, 22.08284768940111;
  -10.18881761625274, -2.837966364544225, 21.90774835904714;
  -9.94944210645496, -1.933422631005608, 21.62868110971015;
  -10.01403561176046, -2.543077127333019, 21.84816734344594;
  -10.08221845172644, -2.900241312262658, 22.03215554631627;
  -10.11515534759359, -4.361647832859379, 22.18762795803436;
  -10.43317857508127, -2.674164224741284, 24.74426603863374;
  -10.22239172415265, -2.941699814410478, 24.51701332458376;
  -10.0754167650516, -1.897369651617987, 24.9363688920722;
  -10.35952786311926, -2.97121441403082, 27.13367237122717;
  -5.964699117088888, 1.857191386111199, 17.11437263382739;
  -5.990109943025937, 0.592820116256045, 17.34037276304255;
  -6.024127719636312, 0.8130901591734278, 17.43397001880647;
  -6.053487758757508, 0.005740807902988578, 17.91922762841715;
  -5.919957576557599, -0.1053760860058834, 17.71912520350759;
  -5.785703024777305, -0.2351010524209722, 17.53598517960516;
  -3.544138498652948, 2.062595507227044, 11.8090661165952;
  0.7175617157014009, 1.4489044400127, 16.66203977950201;
  1.051984741530802, 1.960821366950107, 18.95669277421459;
  1.23555179435072, 0.3947757686505777, 15.55911444343558;
  1.457140732173225, 1.470248794964028, 17.713141855785;
  1.225259892633991, 0.4449537949295029, 13.4522831481762;
  1.462189296797356, 1.030417087884539, 15.89928706131962;
  1.325917189207399, 0.6494331596237549, 14.18544633713034;
  1.535230364213185, 1.433656608918536, 16.11261066595834;
  1.281319885841284, 0.5438746070526734, 13.5318421200284;
  1.473402220136066, 1.02009318865929, 15.30190874939924;
  1.428125984912693, 0.2582502920329033, 14.39478662812759;
  1.420234627378901, 0.8674927886327591, 14.12908047308953;
  1.58366244553924, 1.417741722479264, 14.86553071966954;
  1.374818369189613, 1.54842367534463, 12.44326702591449;
  1.485496500714302, 0.8913810497693457, 13.16278316190011;
  1.53026749499035, 0.8544946450684352, 13.49241581834114;
  1.404789874149053, 0.08848577596581443, 12.31313498998715;
  1.488477781709166, 0.9373306920234241, 12.81701837448921;
  1.596730954247382, 0.3686752355646384, 13.31342411871065;
  1.533210076209951, 0.439958612735139, 12.79056485495187;
  1.638771610695879, 1.361019956506186, 13.62703646969872;
  1.548717857703998, 0.4766028601109601, 12.54409361601945;
  1.569945644940159, 1.279384804793555, 12.39125682402162;
  1.703169293535604, 0.3447084290069496, 12.85884710058697;
  1.662284155591405, 1.635795554566778, 12.60762886910495;
  1.630993878637293, 0.3776842067597788, 11.86158203554875;
  1.80931212106012, 0.6036862878382017, 12.89216558711163;
  1.667326647006235, 0.9433080620300742, 11.97586860709264;
  1.7878346429846, 1.464196616883392, 12.59064569599302;
  1.741765244970726, 0.8350430412580485, 12.12591493616728;
  1.747080837634124, 0.529353715100634, 12.12855921583878;
  1.74927187734163, 0.4368541595843477, 12.02560102592141;
  1.758207388164007, 0.6034388900190373, 11.89369283487967;
  1.786414246320453, 0.7870947063712765, 12.03171327709106;
  1.757315526558708, 0.6560205057420707, 11.85075425529691;
  1.717549938245629, 0.5015608638559334, 11.56728215022039;
  1.802039331023848, 0.8409531547492558, 12.0538684500964;
  2.16208614631056, 0.1662743233248781, 13.64624609539507;
  2.31407778844106, 1.194357078608503, 12.31762799801163;
  2.43361941803405, 1.708906519717582, 12.53633706373727;
  2.477727761130106, 1.600435996115389, 12.54263724732262;
  2.488769876845329, 0.4819226371956114, 12.31383608383347;
  2.473801451844552, 1.163380906460079, 12.14501550445304;
  6.536273277951588, -0.5180283112751287, 30.27602181306551;
  2.54329763675268, 1.655226912268316, 12.36342464381086;
  2.559953919640687, 1.056228426895087, 12.27106632812089;
  2.698313504978127, 1.172402296071235, 12.60321473122639;
  2.566119523578722, 1.605341605129302, 11.95628798633257;
  2.084880850487202, 1.772150284440401, 9.679603063618282;
  2.741643614272606, 1.145322449840359, 12.34250293427708;
  2.470484201178955, 1.764209820219993, 11.23820075166983;
  8.916285721656255, -2.075461763359306, 37.39624542365949;
  2.777721903327569, 1.155839784816951, 12.2697277041952;
  4.320600813736366, -3.566452701596971, 17.72808226351232;
  9.284541388214208, -3.980091961806648, 36.46873656979274;
  2.735991863617435, 1.572190064657232, 11.440105953667;
  8.061591555001391, -1.735585789428716, 31.602624785225;
  4.422619620546694, -3.628344335733256, 17.73142969540752;
  2.617852951919357, 1.75664362902846, 10.79173408408077;
  2.603630642097956, 1.693457790328868, 10.71511004225291;
  4.033604155967195, -2.247212886566273, 15.88142067136755;
  4.862013715382032, -3.818099702341999, 18.89262837856127;
  4.915535071229066, -1.317217023777713, 18.93640074942832;
  4.763900824896461, 0.3833863426938484, 18.25481170761494;
  4.50162120747032, -2.476991783924529, 17.31051684649836;
  4.355779740997971, 0.07273125442592464, 16.71873735147069;
  2.564234267343649, 1.658415092147767, 10.20013530227196;
  4.309767630743829, 0.4776809078456229, 16.40489144087193;
  2.587007164055458, 1.753018124694007, 10.26061114097937;
  4.545214081220762, -0.5900143131585863, 17.21558811269843;
  4.572449001098684, -0.4412688128246086, 17.28668917525672;
  4.52583873859064, -0.001854228287974874, 17.10149813134353;
  2.44730607180292, 1.794655061733946, 9.718004362151451;
  5.092951826420479, -3.690466637055203, 19.05196273972;
  9.131739653712689, -7.771816273343124, 33.2704932897999;
  3.35314831167267, 0.9532237096576692, 12.74754262583238;
  3.08171970099606, 1.2780823086059, 11.81250964837178;
  2.732185311430282, 1.741358356428303, 10.58858371414275;
  4.859776862841425, 0.1160672566132615, 17.95283471166663;
  4.683745074947355, 0.5231070993845081, 17.31157896929837;
  3.014465358546046, 1.616942313781641, 11.47984542526309;
  5.296717736544224, -0.059936006884792, 19.31197236668031;
  3.339434904789269, 1.048653474406919, 12.48818796814943;
  4.590314479289015, 0.3170181383990638, 16.70954532790829;
  5.40283396936947, -0.06265119835136288, 19.42555282718883;
  5.48100703178401, -0.1677469653954838, 19.6132275838473;
  7.177432725312238, -5.260587360499792, 25.25684117786525;
  5.535841053197089, 0.3268600334179195, 19.66064119285144;
  2.905278847314052, 1.686356561963663, 10.79658289695771;
  4.95172069128114, 0.392829036155674, 17.67138115065881;
  5.780676626499037, -0.6154943996723717, 20.32564510622918;
  5.691580678231355, -0.29356059135331, 19.84847010024045;
  5.878844799520048, -0.5440610658159001, 20.41808668744021;
  3.762194816341527, 1.1127517871361, 13.42749451496741;
  4.879567841146045, 0.5483866656174407, 17.06061960209961;
  5.676517780694233, 0.2897794454284487, 19.63277048343297;
  5.659208671678301, 0.1850119655620774, 19.44978184818526;
  6.014911590079056, -0.5968009123615284, 20.54772037872466;
  5.642317435922559, 0.4773238325919732, 19.14739404934428;
