m=[-5.047000470876764, -0.3000463927186786, 7.299897285807813;
  -5.009193252184142, -0.1858222418407838, 7.267148947693356;
  -5.18141037908943, -1.022455200951387, 9.138145720500164;
  -5.100327782708492, -0.9576068545039312, 9.066012731746456;
  -5.024042784400974, -1.011098831230523, 9.075981753265715;
  -4.979905514565284, -1.062347361838165, 9.053861900459815;
  -5.061417306423501, -0.8661830788262296, 9.190965545976365;
  -4.784561868727222, -0.7600132908235203, 9.063058942825249;
  -4.747159519958585, -0.6110183135497865, 9.309644002455251;
  -4.747077207378208, -1.168385278571999, 10.01681361989792;
  -4.691697099676999, -1.180238428801774, 10.00309818630375;
  -4.646178619938691, -0.9028673965202428, 10.10013573366201;
  -4.697765768207714, -1.193003613914334, 10.24937164429261;
  -4.728231525565952, -1.360118556252954, 10.33236216107052;
  -4.723898487521034, -1.210798822787313, 11.20362314068889;
  -4.699698773783264, -1.352433303642486, 11.27158697960435;
  -4.619430494635231, -0.8699160970374674, 11.43295861319358;
  -2.832686615890467, 0.8819960704324423, 8.12776191179711;
  -4.74314397702232, -2.083212154016765, 13.28730930172335;
  -4.745190532577436, -2.928348088428838, 13.36682384122312;
  -5.033307887866926, -2.853358456042229, 14.25378962741841;
  -4.768048817756434, -2.2355430248276, 13.6638234392825;
  -4.658124258933559, -2.055186337895499, 13.93171909394051;
  -4.781893251644084, -1.073848110287408, 14.61150201082111;
  -4.883352765086142, -3.266091433422188, 15.05204951955983;
  -4.697005618647158, -1.133185513571322, 15.06674604854674;
  -4.971059640734026, -3.066110265369913, 15.93835482047722;
  -4.731642508628568, -2.306090252945502, 15.24859908514698;
  -4.663034734619954, -2.425448604463572, 15.05714538664984;
  -4.792138380464592, -2.945401454472837, 15.67691901875154;
  -0.5618237270841376, 0.1072290223657849, 18.15805214415754;
  0.03589806212333487, -0.0112068996270691, -1.731217486275888;
  -0.1900350199748588, 0.4493669110992967, 12.91224362836555;
  0.4138735886736223, 0.1505394095000323, 29.94032368782747;
  -1.025806105432352, 0.2423511369385777, -40.22786366634327;
  4.234559150858269, -17.77530307794587, 165.8646969275533;
  7.63208503653878, -2.624064995772328, 216.8882639323949;
  2.287826069129475, -0.994163028825368, 59.44593083232041;
  1.821965741659662, 0.01934952862597256, 44.7244940105326;
  10.5041947490653, -2.780887365727567, 246.8393655040656;
  10.54740967268398, -15.02098388893173, 234.7758866724528;
  1.871800996305937, 0.4014378861696243, 42.51873195644543;
  4.321387993508338, -0.6068691406757842, 84.1764087584765;
  4.759650175212501, -1.454082947961059, 87.98075835723918;
  3.060430598745293, -5.878332870851185, 56.20579772552858;
  0.8960235216074505, 0.5507067051602486, 16.77795026821877;
  0.8008030902054351, 0.3153465593753537, 13.95625070875436;
  4.694441366068945, -4.832582812474922, 74.96630072197856;
  4.548345667900767, -8.477494418217782, 71.62004997783937;
  5.608475051151179, -9.314752962308102, 87.04098727959165;
  5.248116903037762, -5.7362312570041, 79.95330496558388;
  0.9136482294552732, 0.3711545230144042, 14.63858749250416;
  2.238199588514689, -1.246426673299359, 34.06490986172182;
  1.080910703353105, 0.04301761230474075, 16.97618924913777;
  0.5417824996071859, 0.7615359386121904, 8.877799686647546;
  2.08572210209383, -1.304611324718601, 28.44827605506461;
  3.080833291664384, -1.460062620398542, 40.68869711830137;
  4.630582460049649, -4.022021687598922, 57.16550933906667;
  0.9632659251146191, 0.101730496924797, 12.70083013946918;
  0.9791479966661535, 0.2408316894193936, 12.8438373188341;
  2.078362348759436, -0.9589661905392498, 25.9870026099009;
  0.9532494077670857, 0.4780096398982639, 12.54965350506419;
  1.041234197302479, -0.06993042253042606, 13.39854768691304;
  0.7841760345739876, 0.2505550137369906, 9.875008657284024;
  4.74289903491094, -4.114628685949044, 53.59108844612977;
  5.172693866123499, -3.449587067652757, 57.08599254945226;
  1.091381465216417, 0.2767682918425286, 12.62382110987613;
  4.882333122883853, -4.808892981548934, 51.90971897709018;
  8.555901121049036, -10.83864772903371, 89.45124497945076;
  10.36624956845197, -13.18248799010769, 104.4190765741772;
  4.895834014652229, -3.811081125807149, 49.65818711238887;
  0.7679835359939852, 0.2788936378626569, 8.431788260953685;
  0.8707833700192391, 0.613648360221762, 9.468565252449615;
  3.616405680433046, -3.276920415227145, 34.5615006588416;
  0.8659649760551296, 0.5995409546822629, 8.993414603751306;
  10.64074694321936, -11.49968268772122, 95.63207296623506;
  8.326164208588104, -8.419414640727958, 72.93234487168027;
  0.8266254348215462, 0.5049106603825954, 8.223611130543375;
  0.8940428620043885, 0.8003737606575623, 8.392206096231638;
  3.088242282568864, -2.139128879536429, 26.23338196647795;
  3.22819325366121, -1.344940868735604, 26.10799437392006;
  0.7614310617978529, 0.8575808336962852, 6.891593999694042;
  0.8717181911401303, 0.05490832613900686, 7.640704106895473;
  4.613276233759694, -3.741305466440365, 35.26740666116171;
  7.689174421655191, -7.923599332242364, 57.13639644048889;
  4.742217563584682, -1.361571425853177, 35.28800962157415;
  4.210162791823443, -3.089581844396238, 30.51856001477256;
  4.120124613928922, -0.6181228510288558, 29.6676323055731;
  6.0850983528996, -6.145908302912798, 43.11168218618472;
  4.055203869091195, -0.3708805875027289, 28.72794307209638;
  4.551202446805729, -1.858057641145338, 32.06921881658607;
  4.935979032328368, -1.232815741461113, 34.43558011288732;
  4.390816005549104, -0.9622080332220385, 30.50188750050011;
  4.680076726527233, -1.724914095658618, 31.78231977077973;
  4.281180398887938, -1.04898283690867, 29.07229862058311;
  4.658706156166779, -4.473833271623699, 31.50042533376196;
  0.8951399313025472, 0.7380193378708292, 6.853453722583175;
  0.9080212599328665, 0.7908404628538601, 6.955151434480865;
  0.9137125478794371, 0.8991524818097687, 6.93007188810613;
  6.336568420174663, -6.249861580711007, 41.63362420466613;
  4.831866007614443, -0.9892039292314317, 31.80731932431101;
  4.455101525978554, -2.896692199140379, 29.43450826824664;
  6.456084744582229, -6.649497641583873, 41.13745917874564;
  3.853732145318214, -3.544338577012768, 24.99410431078458;
  0.9655201045551297, 0.3221507450082853, 6.879766581299798;
  0.9329441889519946, 0.5278232531356132, 6.70103668330439;
  4.544358155094091, -0.5004602713141649, 28.33810037073242;
  5.081567361229497, -3.695865857055023, 31.43692374395156;
  0.9684931625503191, 0.4643182990525434, 6.742507774371267;
  0.9890007835910079, 0.2996605696507427, 6.865826875268226;
  7.68936282866003, -7.365660850208784, 45.49936098909983;
  10.19195206501073, -10.78598816933591, 59.71083812276198;
  4.65881913234281, -3.481406437928596, 27.71674767528412;
  0.9917594524147625, 0.340384318232217, 6.708925450158177;
  0.9839052141178645, 0.4335089619881756, 6.626719112033704;
  0.9896252613953591, 0.3694353430923399, 6.673705205687528;
  0.9880995021324598, 0.2885459274455745, 6.654610430327931;
  1.004989933882426, 0.4689961205838341, 6.722392929019555;
  4.682453465394188, -3.223542055513284, 26.78793918443813;
  4.662420822041179, -0.3445393580485175, 26.66557547362875;
  5.819243762522423, -4.712860772747807, 32.34781843688389;
  5.193511483399291, -3.374922909440204, 28.08992788660242;
  5.402087669411833, -3.344544042749923, 27.76620376309468;
  5.503094447149294, -3.123652886198134, 27.7850651027589;
  1.186716457591793, 0.5903658024336934, 6.666479535800995;
  5.6908987059504, -3.317799916822856, 27.6881324767062;
  6.166863171136503, -7.381311504713837, 29.67056050628395;
  5.897962301253219, -1.864969877655199, 27.81211416380072;
  1.238236714956175, 0.6390868936593288, 6.591022697895189;
  5.920751757685336, -2.763534374638696, 27.57557426267566;
  6.083445118672747, -3.388224189329403, 28.23289562803469;
  6.040504065270538, -1.651651979316711, 27.87442163715543;
