m=[-5.036958928167604, -0.9803788475511012, 8.452674718979868;
  -4.976482354788647, -0.9110784872980621, 8.442020100504998;
  -4.923267072907054, -0.9686946584954904, 8.487922084571697;
  -4.906663529009938, -1.100449277086797, 8.506481839805606;
  -4.874588163059457, -1.018808856929001, 8.457586181837753;
  -4.892041422042501, -0.8160342134234646, 8.486408011774117;
  -4.688769146801271, -0.7820869319357681, 8.521220113466114;
  -4.635381325585868, -0.5731683563227841, 8.691218894749495;
  -4.62897612449342, -0.1680518696330144, 9.101758702548759;
  -4.621846029140476, -0.6506581218113371, 9.426111558259454;
  -4.584215154444578, -1.132898180521835, 9.390502554603772;
  -4.550453968067595, -1.326859657218776, 9.407662244721958;
  -4.585585980883499, -1.254462938903528, 9.484400934593172;
  -4.540875994871465, -0.8570229306929658, 9.488176950246412;
  -4.606096922704234, -1.303408516878959, 9.686578681580375;
  -4.63094146238393, -1.981275614620039, 9.783787102012997;
  -4.609559222795441, -1.345172181920388, 9.767444400637553;
  -4.608851828971875, -1.264914681430588, 9.798773590783638;
  -4.608283392627426, -1.306942889579449, 9.885610428581432;
  -4.57643898541259, -1.147128414109803, 10.50273621454701;
  -4.614368039956239, -1.234838415731125, 10.62769210891297;
  -4.657041617096237, -2.001203624793631, 10.76099838106824;
  -4.577077558605327, -1.292915881055845, 10.61993760611284;
  -4.544801817261872, -1.134443913443747, 10.65160325235088;
  -4.49631470950348, -0.8212716623065719, 10.77459053227833;
  -4.609773695336408, -1.296155030138298, 11.73538493414772;
  -2.75304061701047, 0.8949126243568678, 7.501275195372133;
  -2.697638418313904, 0.3969811850568487, 7.422626062391107;
  -4.546351078039867, -0.9995330791270362, 12.23387536966045;
  -4.589583102370194, -1.996856490868741, 12.54381588401056;
  -4.593538975390858, -2.823382679940512, 12.63311696539964;
  -4.809170165679761, -2.705626272166601, 13.31952058208298;
  -4.646938850439713, -2.164192794809011, 13.01471513096031;
  -4.654755492939999, -2.031481859958637, 13.62173206188504;
  -4.691874855009259, -1.016027571599354, 14.03173895811863;
  -4.861328613858666, -3.248326339644516, 14.7095285639181;
  -4.66257479673564, -2.572199648628299, 14.48457306615842;
  -4.506326429368811, -1.05393642731367, 14.19351658188912;
  -4.678588232061731, -2.872422630190306, 14.7597386494569;
  -4.582357770491447, -2.36731412098338, 14.53076515262598;
  -4.618752517383181, -3.287464684584882, 15.05067085787032;
  -5.037253499865254, -3.170364955315027, 16.38818859457915;
  -1.257315857149574, 0.9503936761679251, 10.15690825685343;
  -0.5306480312779091, 0.1834058736247471, 19.53225393221022;
  -0.9283519132623841, -5.670876491079415, 50.87515437590088;
  -0.2662246626377923, -0.1910088272587367, 16.8260847091298;
  -0.1577097216285386, 0.09844759621801236, 9.734369015455457;
  -0.3502114516874009, 0.8560388671622955, 25.97400754631525;
  -0.3212762138944109, 1.06566497580429, 26.6153671773518;
  -0.7061733300963919, -6.57498994753387, 61.55907687397829;
  -0.300987873456667, -1.340862398418386, 29.73557252182478;
  -0.1016142891647375, -0.4316355064964011, 22.38490148930512;
  -0.06079449076767107, -0.3867439696682913, 26.17516078634692;
  -0.06918817146319521, -4.21035649328388, 46.18454358446955;
  -0.03382911611202714, -5.509562391559706, 49.76026383287854;
  0.6557556403022966, 0.3130186088962391, 36.98977694853856;
  0.9122953675523553, 0.6716692377807987, 49.91139278859348;
  0.9604579590953181, 0.5067230139260972, 36.6555776897226;
  1.365955995986891, -4.606503966964598, 49.70162864449121;
  2.044993863876779, -7.257307299144799, 69.42097754226033;
  1.445984160074474, -0.3250581589072992, 36.99539066540766;
  1.912245999406787, -0.6023485650383276, 45.11315472629026;
  2.434823217436683, -3.669381903138996, 55.91189452820021;
  1.753741414112503, -2.20445776153731, 40.53024622450592;
  1.552446357415802, 0.1398621843189887, 34.52181159880925;
  2.726811077076349, -3.396994262449574, 55.91371501132884;
  1.702917752328183, 0.4622670013055252, 35.1957642273706;
  2.126854037746616, -0.769551463020159, 42.95451621493741;
  2.815796621035719, -5.165853513811835, 55.8135941177565;
  3.927702075626483, -6.813383962374449, 67.04121223608607;
  0.9971870716433575, 0.4412934355916668, 15.74755743071665;
  3.794156949936348, -6.474023602968741, 55.94158132251121;
  3.847108954562701, -5.834373775873315, 55.94353754554044;
  0.6455726244363599, 0.9783579163313971, 10.30926863216392;
  2.834087353553734, -2.788693150877122, 40.48546886392976;
  0.9717879327260949, 0.9813059851340894, 14.3760851545089;
  1.015085293597597, 0.4449648883901829, 14.78751189956497;
  2.827655907756732, -1.018646722515336, 38.61217563628836;
  4.96198964401008, -7.43661487150845, 65.28394116936487;
  2.836021837412156, -2.201479905380105, 36.52922260361527;
  1.029716161302047, 0.3403126017426312, 14.29903452510181;
  1.894620987935678, -1.050482534859044, 24.04716216934764;
  3.337437251233948, -2.427048700167775, 40.88730268758187;
  3.253183197103584, -2.564356003328898, 38.09267488696533;
  2.007080080179464, -0.7967178786853955, 23.45478814493124;
  1.138714625875846, 0.1722619807920764, 13.71715445141444;
  1.116301148877611, 0.315360061267176, 13.38624502428652;
  1.06003801918877, 0.5434660715009715, 12.70335948653417;
  3.699426697142009, -2.939900462000845, 39.67639815264614;
  3.846969014894745, -2.864117064251706, 40.57684254206421;
  0.9710815468220219, 0.338880332652973, 11.06559362681538;
  4.064425301526199, -3.708701258103011, 41.11177816307504;
  5.861074167965738, -6.909860493366574, 58.48727406486225;
  1.234602865606252, 0.08812773242550903, 13.27928271349231;
  0.8052297602675127, 0.7965381693076487, 8.82761862126646;
  4.907338405899123, -5.123417709363493, 47.09216239125055;
  4.09864100203371, -2.919114397938709, 39.46844932090575;
  4.557983831994909, -4.687873712261344, 42.61647273255336;
  3.753700622310984, -3.128359486965137, 33.97844222625944;
  6.997053745135871, -7.514312128709868, 61.48670225503113;
  0.9200179993416529, 0.3584919128974646, 9.088616242583999;
  1.003048257308918, 0.7045399417790761, 9.850239570502382;
  1.889432749023292, -0.1819520179569167, 17.08199313379612;
  1.68010562649485, -0.9080974950308496, 15.22288081629125;
  6.077214739617237, -5.766636010853294, 51.09720233736922;
  0.9521783905175562, 0.8212499304413743, 8.715813630064144;
  2.018791070593613, -0.9335378906204213, 17.05599489212314;
  1.915076362938803, -0.7354007846010828, 16.13137942775207;
  5.479625275228184, -5.374593755321317, 43.28508483308075;
  0.9736761986301893, 0.6047364833487842, 8.735353498974813;
  3.06341371099362, -1.950759137446867, 24.74893130559709;
  0.9996854810475486, 0.900848442586382, 8.513782019509568;
  1.032196324006027, 0.2635963485190779, 8.546849970971193;
  4.508857854430465, -3.4245458827339, 32.93106532670608;
  6.121960471467172, -5.974395683768146, 43.8207252058529;
  3.807124762732668, -0.786166860604724, 27.56841743652391;
  3.964182389831612, -1.529242172537931, 28.43104811295438;
  4.314890871151101, -1.101716376936629, 30.76374760000472;
  5.141769170174927, -4.685233788681208, 36.2821363893342;
  4.026922833926821, -0.7074394955946334, 28.40881761436612;
  1.0129365573596, 0.08947785816046751, 7.985411098133249;
  4.332205038539247, -2.943643539675465, 29.93835054520723;
  4.475364052775634, -0.7816768408034452, 30.55579369219408;
  4.325656990980677, -1.287606152585264, 29.13131757177229;
  0.9457299438054629, 0.6011805988785625, 7.307279064734552;
  4.221373352097783, -0.9237791274623923, 28.22520859969475;
  4.478341533446223, -0.8427783914038339, 29.7495815054208;
  4.479740523064615, -1.51665490142829, 29.13927643290471;
  3.947738454071605, -0.1228559565842934, 25.75793976970799;
  4.410950473325701, -4.011176006238055, 28.56975536345059;
  0.9703121514868874, 0.8035576479618862, 7.149284562470228;
  4.38378014249715, -2.654191643262847, 27.76362266740336;
