m=[-11.51193760225727, -0.6388300841382235, 15.6503671966529;
  -11.27380964250365, -0.3682029225995165, 15.37589138020382;
  -11.18852826639235, 0.7807634887868695, 15.25254684013775;
  -11.56004779187858, -1.667171833967931, 15.97587887717512;
  -13.5750157698243, -2.631229970795569, 22.81342802573557;
  -12.69789336293665, -2.324689741106849, 21.54049052355835;
  -12.56757075991743, -2.472776407437028, 21.66702716363778;
  -12.43874662276464, -2.599748902769766, 21.58167378186202;
  -12.7796145950681, -2.131748659558023, 22.16927747142636;
  -12.03620935206575, -2.007640331517622, 21.87422455863098;
  -12.02833306979372, -1.487312350520653, 22.55281028801194;
  -11.93734334007963, -1.689766926561339, 22.42635596764081;
  -11.32747367615218, -0.411236324902076, 22.27272928980445;
  -12.87039968428796, -3.117289728734099, 26.08640207942479;
  -12.71297295452465, -1.789717583207253, 25.92771385090258;
  -12.65955213674579, -3.12855812800049, 25.93236850259799;
  -12.58860249109884, -2.375911831205089, 26.30393081131464;
  -12.62653407544915, -2.325595660467242, 26.38549442945098;
  -12.98518741481269, -3.239832567713865, 27.25421882042479;
  -13.13509623477247, -3.716898838588881, 27.62298434084071;
  -13.45752529588723, -3.927206006161077, 28.5158783615839;
  -13.30220587437704, -3.650834552792567, 28.2815131529385;
  -13.06507370591426, -3.718157557691081, 27.91280036596329;
  -13.30106959276555, -3.772280662226148, 28.53322616571147;
  -13.20395943867876, -1.351043554007956, 28.92465858729166;
  -14.05387957375817, -3.522739981658888, 32.2530662868403;
  -15.00116074848297, -4.014419615510408, 34.55028214713001;
  -14.77278630615689, -6.348097340520706, 34.13538950153133;
  -14.42757810102441, -4.075448714413286, 33.47550424443463;
  -13.90413028706426, -2.53965056530605, 33.3186887995014;
  -15.11906876161654, -2.870875581730867, 36.3506860003673;
  -18.11606275610803, -5.093791456918126, 46.11917720585411;
  -6.344826085439264, 2.062470465609832, 17.2878984202341;
  -6.428316904607146, 0.9459832887118121, 17.68769019210124;
  -19.52587038404058, -8.495403644853361, 53.36626826649488;
  -6.797847369137253, 0.0756418925021073, 19.16686619884766;
  -6.555371879560386, -0.1368501066678294, 18.50121892215582;
  -16.70455297055174, -10.2673223816919, 45.94073821126942;
  -6.64995041934517, -0.2035085288836552, 19.17664698852374;
  -3.41584661815315, 2.058882936980822, 10.51649966944178;
  0.6912995000999959, 1.33588938258961, 13.939607798854;
  1.241965639869007, 0.6367377160258277, 14.88355672870434;
  1.200578876482158, 0.4189684896905713, 13.68074391647874;
  1.358569162028554, 0.5293766622475161, 13.42094802658436;
  1.39106512660705, 0.9770825443035446, 13.6606834769971;
  1.412473487740553, 1.329096180127094, 13.49507332773677;
  1.371084961082927, 0.6043342668966766, 13.00985799316645;
  1.451115882632598, 1.012492424872083, 13.6301085187232;
  1.480050772504901, 1.276537680411621, 13.5477204950781;
  1.442194731692038, 0.6246686453469972, 13.04179495632288;
  1.456686213946986, 0.9047271563218445, 13.06868652413585;
  1.588412165563819, 1.431368818154686, 13.52764963694044;
  1.585915889641392, 0.4050020600203328, 13.13178981566025;
  1.584490380972671, 0.6086114159160279, 12.87043842109919;
  1.637181396032966, 0.3026898130833669, 13.19713332090145;
  1.502365105839938, 1.686837154475966, 12.14579036843465;
  1.543959180802632, 0.9499758670941297, 12.33921975474628;
  1.636907445165415, 0.1445963926725248, 12.90443985289042;
  1.692800804259732, 1.401881889920166, 12.47259929568638;
  1.647575330382239, 1.088311534656798, 12.08328025593534;
  1.799555626809976, 0.4854400779504519, 13.01854925341918;
  1.831940944952802, 0.3970469753948848, 12.49982251994109;
  1.78778575190997, 1.762083838342013, 12.19156158602265;
  1.762774683610619, 1.402348262054811, 11.95017700287687;
  1.791670020652772, 1.714147083213172, 11.83244586086968;
  1.823859671165112, 0.4648948627956545, 11.93808668399643;
  1.810823784442454, 0.6405429314375501, 11.69318263568204;
  1.839197186689192, 1.062985435512428, 11.86662836824688;
  1.870901766675201, 0.5204217291713619, 11.96085942399811;
  1.889576912441472, 0.9354789810430214, 11.85218357487303;
  1.907344688021379, 0.6072219289976303, 11.92561217685191;
  1.954218421290247, 0.4661235002469711, 12.14851383899384;
  1.891047652436659, 0.7241464677100055, 11.79855491908792;
  1.873083710015556, 0.5101632135588745, 11.61691051179031;
  1.941373723716335, 0.703301121656671, 11.82944337004611;
  1.91877145181599, 0.8803387701336, 11.65523885889952;
  1.939648699146517, 0.7575977770652914, 11.77238808518282;
  1.963667225720717, 0.6109761232449253, 11.88180650288536;
  1.954863196383682, 0.9438938240896202, 11.7878505160217;
  2.01498486209998, 0.926376802891337, 11.69063307687734;
  2.148643164045664, 0.5891579983721977, 12.35244328189411;
  4.580718041307995, -0.4885995872208542, 21.6891894595444;
  2.389940760087523, 1.258756358556468, 11.51683216891201;
  5.154122596515012, -1.981492736617876, 22.97263457901508;
  2.553669254644105, 1.815762689196715, 11.93345868630114;
  5.610466236710417, -2.778065752488667, 24.57503980636891;
  2.636354253486109, 1.724411038804881, 12.10362912031821;
  2.540415857630549, 0.6697094902549313, 11.56872283945494;
  2.262442867546139, 1.877070834836383, 10.38842153807455;
  1.968818046248658, 1.928312510107, 9.1957853777662;
  2.672858153778628, 0.5612284455921528, 12.00297264939374;
  2.607331190599692, 0.8116913362709366, 11.72303282338068;
  2.618135162371369, 1.262266111759297, 11.64264905358678;
  2.027417708309387, 1.930769138248649, 9.281686892081734;
  2.656119190177498, 1.74875436164757, 11.70002601674703;
  6.344868011527011, -2.821005018126469, 26.10701120727443;
  6.260747168451458, -2.536683774936538, 25.58957446170002;
  2.698100411428456, 1.148857944841627, 11.73462499825376;
  6.77307218923442, -4.615717042350562, 27.37098026828259;
  2.705465954844585, 1.688164306388655, 11.6467091408626;
  6.56844913145128, -2.549046606976546, 26.28023396578119;
  6.627772604274044, -3.098506494447466, 26.47169665009441;
  2.742094395232718, 1.738009078420224, 11.552514517244;
  7.038667880217189, -3.18915634274049, 27.20850456296014;
  2.701113409268841, 1.817353597250069, 11.18497246616848;
  2.828011538833553, 1.289393005266375, 11.52934160534553;
  6.91215888410273, -2.47039263472616, 26.26515696556878;
  7.039743867618406, -2.856537118133601, 26.56831705135016;
  2.596993852614732, 1.868955553134391, 10.6129970581984;
  2.262577337615046, 1.933178198701593, 9.284148519876066;
  4.123827470512441, -3.273769545499759, 15.74340195577035;
  7.349529598797417, -2.681465520365607, 26.86963561147284;
  3.010063854173532, 1.19276007992456, 11.7298011417093;
  2.727650406288213, 1.822824275859203, 10.65717719612246;
  7.873498200436574, -3.130682750386061, 28.13768541472239;
  2.89164416684192, 1.834284175564565, 10.99088783365979;
  2.961757669429929, 1.87616611955487, 11.14568032177967;
  2.760578865991008, 1.87100649751895, 10.20013912017484;
  4.320609744643055, 0.06888874046171212, 15.21932194574827;
  2.782964997816619, 1.82985300420328, 10.25957378046646;
  4.403643047852277, -0.1358061582505301, 15.25309595931011;
  2.721641955329966, 1.855686086225972, 9.89430054740564;
  4.464779683510477, 0.4161200359249214, 15.40519932435954;
  4.388328769356455, 0.5473406792077409, 15.1291549134407;
  4.658357463712759, 0.3902052321277191, 15.79010793630759;
  2.878039533525834, 1.829292365065317, 10.22684710909457;
  3.408353668907083, 1.021871949695242, 11.83936502182282;
  4.973317987090296, 0.3544865255927867, 16.595495294092;
  4.418724479312708, 0.5175045713077719, 14.87619263567909;
  4.686540111929438, 0.3435025410915409, 15.61004464339906;
  3.547884988978964, 1.145138166300057, 12.07499290037903;
  3.181155601001873, 1.729312405162749, 10.93496949350384;
  2.859701660850656, 1.845151022095146, 9.926315996385066;
  2.56967126525829, 1.898431966944812, 9.042524139462142;
