m=[-5.107161245757417, -0.9795509571118104, 8.199140351582114;
  -5.220875064504238, -1.148850392460218, 8.37704255420652;
  -5.043069158166311, -0.9197712134191373, 8.153103257726214;
  -4.972371513195392, -0.9737149245728346, 8.172424004271212;
  -4.916272341791276, -1.023159443309476, 8.130669474407323;
  -4.747282102453474, -0.7245603810686034, 8.182710821948481;
  -4.727509057757672, -0.7816682484291542, 8.195242171039702;
  -4.67238785356675, -0.5694242792933699, 8.367524941430522;
  -4.69512346574838, -0.6576978116723607, 8.422662175292281;
  -4.67987016947715, -1.384549032370677, 9.105005538871806;
  -4.684214666212324, -1.128299106445914, 9.11621801069089;
  -4.671277346449901, -0.6474997651686458, 9.146999240418687;
  -4.653363815995985, -1.14707178778328, 9.151165227054666;
  -4.601491218928207, -0.8625181127727112, 9.234691428817307;
  -4.660698844499835, -1.315121663357954, 9.428892910897682;
  -4.648954583473553, -1.356283054788587, 9.486315563814797;
  -4.661771809293228, -1.27692823197236, 9.541463339521201;
  -4.597954004370343, -1.307768263831621, 9.453639827085619;
  -4.698293063535452, -1.330773705703427, 9.705508874486329;
  -4.664292682305613, -1.361720625490991, 9.80745254736574;
  -4.700808146291002, -0.462305001061908, 9.928985505241524;
  -4.655475955974703, -1.308296522447803, 10.14806161563119;
  -4.694172573959139, -1.177987952093775, 10.40854692377689;
  -4.658614646851776, -1.241910585366407, 10.3834160555688;
  -4.695467035830985, -1.158562379782348, 10.51869299736603;
  -4.740134158722944, -2.043774226159123, 10.60664979501836;
  -4.656465609860122, -1.3152449528885, 10.44862686442606;
  -4.669025445549663, -1.191906405449978, 10.50216090317135;
  -4.607631744463924, -0.8256209814324723, 10.68125125435203;
  -4.590195061758188, -0.8811617419712399, 10.69279215387896;
  -2.751215014319818, 0.919870728424253, 7.113548948268691;
  -4.655078594464936, -1.306110849977691, 11.53267390919149;
  -4.588399680650316, -1.002103750594775, 12.04081878102108;
  -4.67733954646863, -2.043534434867675, 12.48426959743672;
  -4.856845917947908, -2.188971842006584, 12.98252498648224;
  -4.717507894104965, -2.211572023681333, 12.92699762481079;
  -4.858214583317872, -2.127421109171743, 13.91081562398529;
  -4.713741869491786, -1.012431202865316, 13.8343586335798;
  -4.684311714718952, -2.792032524680602, 14.43084474386999;
  -4.26329553384273, -0.3449876558266944, 13.35483078274538;
  -4.706317523741796, -2.285374956346148, 14.64847092455996;
  -4.748898786272114, -2.261736310151272, 14.82873074203654;
  -2.990673413514323, -5.275598917410132, 38.32213073024202;
  -3.436306428114182, -6.829298150757802, 57.07005361502481;
  -2.443760028016434, -5.32809367599567, 46.07642738509318;
  -2.256952353498161, -5.756995043136759, 54.93297356044661;
  -1.966600573972138, -5.493608884348478, 54.11074487628284;
  -2.58391640162526, -6.958002255551971, 74.06384992949243;
  -1.941864824263406, -6.169070729602856, 64.59703261863497;
  -2.151219340845941, -8.219634697784077, 82.13361566199568;
  -1.814029379180989, -6.500306467637159, 69.21414574956408;
  -1.07684898636039, -8.656287905205677, 74.65502837237445;
  -0.7138724928083929, -5.771616854849838, 52.24184461185287;
  -0.2043812322693087, 0.2189526249105214, 18.46397485160552;
  -0.2134548886843282, 1.113290201322792, 24.42285611867717;
  -0.1667139779934861, 0.9305649532483604, 21.61198185014306;
  0.1117003152571893, -0.6458348225518859, 48.00149362996017;
  0.1827542431316921, -5.690319209858393, 60.30064186130165;
  0.2946175501030133, -7.950793175794372, 72.49102765365802;
  1.138575036318912, -7.898994846386889, 73.4266591424672;
  1.305903548585127, -8.255781535599532, 82.87624830995179;
  0.8634642727014209, -3.003719076775869, 44.85636264213221;
  1.202203666089856, 0.5501468965366048, 53.47952334054313;
  2.006770261059454, -7.337186111943089, 87.92534635683093;
  2.233535614763194, -9.503361255544906, 95.06324077614028;
  2.406811886222488, -6.862538506369289, 74.80273965811803;
  2.01477871537944, -6.018473947473964, 58.59911006363049;
  2.230517549247952, -0.8956559949972749, 55.84811161124883;
  2.683711362224869, -0.4490230071753376, 60.86875071386315;
  2.961194853098049, -0.7327991282987941, 62.58858420064733;
  1.895895530471717, 0.2207920978871258, 37.67676179330235;
  2.542121305618927, -0.3168239554643123, 49.43276343890563;
  2.036382970755828, 0.5712124056612646, 37.88825147561273;
  2.427094383521634, -0.7192795413333062, 44.56735430913276;
  4.304554856258633, -7.309391051626297, 74.96575387906373;
  1.439366145182161, 0.6322192461162998, 25.29903102396019;
  3.850964273636893, -6.035921694759069, 60.54515146590658;
  0.4961386505761252, 0.89624384398852, 8.634285029124557;
  0.9846115778030052, 0.5999785889660096, 14.86623551452568;
  5.258610566575182, -8.243509832398431, 71.79258785462581;
  3.246637090894841, -4.548614787075666, 43.99996523893942;
  3.765796107509548, -3.402110968034399, 50.14120821462503;
  2.185267742486223, -0.9253394596248635, 28.51343412480709;
  1.816061450347157, -0.9110498340354583, 21.40452680185153;
  2.314915723274302, -0.8482240497082919, 26.75232211138908;
  1.041629520816422, 0.15415344810802, 12.69695436294655;
  4.013580691758208, -0.7271970351269571, 45.01565834821889;
  4.651482613472496, -3.398538479091247, 50.98703626497186;
  4.504942461015887, -2.863828233545765, 47.82143672074605;
  2.074475677525402, -0.7391958866532209, 22.49067187936707;
  11.05265901739059, -12.43206855294072, 112.0576122015361;
  1.125501480489581, 0.1135647524395787, 12.29587248214588;
  1.109317196191489, 0.1849313982370121, 12.1216035900431;
  4.451548182236235, -3.288912618782133, 44.95271764064901;
  4.627559596454288, -3.213284334990463, 46.07349474940805;
  5.703352548354824, -3.182651016748404, 56.42109526188806;
  3.668440954993193, -1.251668889360314, 35.63140804560418;
  9.487357025378969, -10.53737505204684, 89.89747585415854;
  4.915754622998598, -4.208514819668989, 46.98381605419915;
  1.070538247742672, 0.3686797874614252, 10.889181505694;
  8.590293954221396, -9.630041079263204, 78.81644173498752;
  4.932655042890796, -3.284677965596006, 45.02728880446152;
  1.266249051450995, 0.111837543098916, 12.38135144999141;
  5.497635286677014, -5.356035039555473, 48.86817948281873;
  4.37950886295494, -0.3293037565208841, 37.67225698662014;
  3.780761391572402, -2.948765566606725, 32.34204114709724;
  8.687963285962203, -8.355220952617525, 71.69229359444553;
  1.716134640302388, -0.9297952260778331, 14.99294380372501;
  7.145648396934019, -6.430718153104849, 57.38178413099187;
  1.890682955424936, -0.9318690938942492, 15.75868441494179;
  2.074235252475278, -0.8973167776890026, 16.36823081593423;
  3.44903617200687, -2.038753313624276, 26.21401523943805;
  4.589704441273591, -3.311283745663164, 31.93557851690488;
  7.130509265095481, -6.652088599480917, 48.89286103956484;
  13.1546218324998, -11.43447312116716, 88.68030519342878;
  0.9752085412255991, 0.8609951224414986, 7.465317766302231;
  10.12700191743695, -9.357743243772525, 66.19355018886786;
  4.450905850243889, -2.87025189384611, 29.30994490207799;
  4.553985703279646, -1.593945201553487, 29.27257738842076;
  4.321782008503308, -0.8700627137271303, 27.58020448443923;
  4.687358891395167, -0.8019127071202479, 29.68195658956923;
  4.513424690417572, -1.437160573101902, 28.02836742268413;
  4.517584406688981, -0.8872012257409603, 27.95137357209592;
  4.496509520214749, -0.5801082642646416, 27.68324210625979;
  4.926590195241044, -2.827859825110406, 29.69075768854514;
  4.329691758568806, -0.6902889219141297, 26.09552543078874;
  4.323563523000374, -3.62644155073583, 25.47316236602518;
  4.210976786538882, -0.3039669801148569, 23.99428399022154;
  4.409995448760482, -2.887787176001426, 25.02266289094373;
  0.9392110253977826, 0.7642977293945645, 6.180449258988095;
  0.9442299278383913, 0.6182122326630791, 6.165565283559749;
  6.565461462755796, -5.776617175094237, 36.09391984083607;
