m=[-9.92602877736241, 0.5917805086998006, 13.48209482893818;
  -10.16902229041948, -1.950413358447715, 16.32555484062284;
  -10.45036555587374, -2.299596604378493, 16.76790880589311;
  -9.95353628469867, -1.815358040760541, 16.09182951165005;
  -9.868055183205728, -1.932412448043513, 16.21880642681062;
  -9.770180067429473, -2.033339754970165, 16.15819859254744;
  -9.679443296680102, -1.615252484348088, 16.0216633738086;
  -9.501663445122368, -1.450204293320897, 16.37765833606832;
  -9.39331185602151, -1.553133698051078, 16.28351516786045;
  -9.281640098291772, -1.131154216916237, 16.62198375945002;
  -9.276760475665132, -1.299498321772266, 16.64173905918293;
  -9.260845153905738, -1.283673526037653, 18.13400004022205;
  -9.240614000945946, -2.27784631535662, 18.17231337713312;
  -9.062199737992792, -1.505328373759399, 17.98860902083188;
  -9.102073805187665, -1.667395565147898, 18.26982769598735;
  -9.173597791497796, -1.719528274206198, 18.41041107458513;
  -9.248041531041379, -2.60954422649717, 18.70938160585683;
  -9.189693152170047, -2.680995238220282, 18.75181346920743;
  -9.26123482740184, -2.536789164682002, 18.95539640275716;
  -9.312276356415623, -2.637666988367106, 19.23685466117988;
  -9.239365809317532, -2.69739397716886, 19.42730611361277;
  -9.486472647722588, -0.9329552730075745, 20.03720349434505;
  -8.650050607516906, -1.533269165112368, 18.40158686822666;
  -9.225168636774988, -2.592485958604925, 20.10913183225334;
  -9.345744555413543, -2.345285418498757, 20.72263411922466;
  -9.158932688248187, -2.441621880848333, 20.41401058816875;
  -9.327125358577913, -4.021518753206008, 20.87062284737611;
  -9.271535216645376, -2.618797371422469, 20.80436538261542;
  -9.247355998352704, -2.360660265499002, 20.80031941487388;
  -9.136535083474444, -1.637134971034456, 21.17999706422867;
  -9.131995393829946, -2.562233488390448, 22.62396281396937;
  -5.454382830928935, 1.823676841568768, 14.10286693277655;
  -5.395515626879261, 0.8350106423037312, 14.08794780731823;
  -5.21608755648122, -0.07569143567430016, 13.9867004385085;
  -5.392934240880941, 0.08211976682091458, 14.45571659239247;
  -9.024071263926967, -1.970851775914618, 23.68085047477041;
  -5.223885697367358, -0.1362637562631745, 14.32486139447912;
  -9.192551395998732, -4.016235113013579, 24.53580476161635;
  -9.286199092357656, -5.744004946020984, 24.94239874630017;
  -9.572772498764259, -5.41039160995317, 25.95309335577815;
  -9.352594939301479, -4.3845050778674, 25.62814419817854;
  1.214848695228074, 2.081720461406505, 16.98448104307018;
  2.305695389969678, 0.3843765100186199, 25.19453012407624;
  2.267160447543327, 0.2287598190044723, 24.76826218605367;
  2.19588073624091, 0.6358262887890417, 23.88243683893275;
  2.125815714083284, 1.066794264689201, 22.98134160800479;
  2.145883200488262, 0.01190191822494922, 22.99596647647374;
  2.107909747198386, 0.7259373676967135, 21.44100118166179;
  2.624814961133104, 0.23182868804997, 25.66537482317889;
  2.516158769556375, 0.7343083027874555, 24.37986820492539;
  1.725686265171877, 1.668498895357166, 16.76968930881935;
  1.807271885741969, 0.7118537193004064, 15.99116881348719;
  2.058263325720785, 1.389563846201863, 18.08023076579431;
  2.045178027893016, 1.485590969665962, 17.76137549206528;
  1.87507720868255, 1.586751145378909, 15.40550853599745;
  1.998209482744557, 1.218257630269246, 16.01452522254643;
  1.958833235663452, 1.72942072416937, 14.99506201724168;
  2.066594571357667, 0.5472798795671994, 15.36877609970863;
  1.995126701959386, 0.194044101533859, 14.10447140961119;
  1.812625650857713, 1.391268004328201, 12.59506831287569;
  2.070788678881, 0.7615632089814851, 13.71125947700879;
  2.045936793143118, 0.2401287613484475, 13.39791888928103;
  1.861968358867273, 1.515206008451676, 12.25262550441913;
  1.972257147178556, 1.40003370069267, 12.55441226986243;
  1.91408296540116, 1.452125448333188, 12.06228470979382;
  2.017166781, 1.899135249246659, 11.85775867870525;
  2.063451542786156, 0.5421386417331818, 12.04827361769595;
  2.052230027549743, 0.7149803450320665, 11.8823853863635;
  2.059893366880417, 1.189653703040572, 11.85695457581263;
  2.096515248349188, 0.5931895097851487, 11.96294734668007;
  2.17075882504383, 1.757436347628024, 12.23233232115581;
  2.124918113420685, 1.057651475374674, 11.89984313090256;
  2.253197263084447, 0.5546614144068812, 12.5428344840156;
  2.164421188014426, 0.6954704725792017, 12.07977409389148;
  8.802770785845956, -2.714855615645015, 45.72961473828894;
  2.104120478049242, 0.8143512480889531, 11.7084832728005;
  2.153938433343058, 0.5991787510682408, 11.88556785926263;
  2.18862671646562, 0.8603506642719379, 11.84896590516331;
  2.230280460842149, 0.6251398948573338, 11.52993384468607;
  11.01652585644929, -6.228471901865548, 52.17939136830901;
  10.86308254822106, -5.609708675402853, 50.57640675934641;
  12.84234384726843, -12.7804347687903, 58.47546480432402;
  12.57060833844452, -11.94818280389693, 56.91070732992191;
  8.231855037126008, -0.3269283960548885, 37.31181467109165;
  11.51340660632397, -6.139932144458688, 51.72781284531322;
  9.37746207920118, -0.8657431186337923, 42.27959012361123;
  12.60075488707966, -13.06111161872132, 56.17167618383036;
  13.2695481330828, -12.26296628262438, 58.53296770319011;
  12.7995813915484, -13.32701254792168, 56.27836673749255;
  12.17412244643925, -3.368114667844969, 53.09756863106606;
  12.10265712268926, -5.106957586226005, 52.12568674769954;
  11.59311607661052, -5.925869461919501, 49.81750775801183;
  12.25784665302883, -2.914224800731849, 52.36105596617136;
  12.47581934252751, -5.02609004655393, 52.76183856485147;
  12.28589858713757, -5.370769315161362, 51.94634716078654;
  2.537718573807271, 1.295573342713019, 11.55287961835312;
  12.23344238316673, -5.786268708942211, 51.32814727953735;
  13.71194589893779, -12.74302314763694, 56.75586509523742;
  12.91739019133253, -5.853331686902529, 53.44605791399535;
  2.656158058004957, 1.4499455587597, 11.54757764024613;
  14.55405708296739, -13.22071772792764, 58.45623779131621;
  7.511525428812891, -0.178323518590059, 30.56617164329589;
  2.678852048905271, 1.410028092336884, 11.54978557266511;
  13.40296905155429, -5.21617232424112, 52.62207390859907;
  2.761769086219715, 1.920362684426544, 11.64915152855942;
  2.759422493500833, 1.958976535480949, 11.61099387304158;
  2.747238746590562, 1.40181766304232, 11.5192688595755;
  11.55344333742727, -2.312313601036415, 44.88809664755357;
  13.83822015619465, -9.615266738455288, 53.36266433584662;
  12.94456340880762, -4.830826359558547, 49.82861172561083;
  2.843640211183738, 1.847837581465656, 11.76228860966558;
  13.68349260180266, -6.642771840646552, 52.41633601023781;
  2.736507589984816, 1.914616587446275, 11.15309448379612;
  2.903132691427842, 0.9166128137580064, 11.72265833362393;
  13.64240661387142, -5.990028371816392, 50.8062439550887;
  2.891848251517041, 1.394277644552846, 11.54010003065583;
  2.905496445965177, 1.907883915307825, 11.50186778196326;
  14.70316223565041, -5.05681988845773, 53.7618316341471;
  14.38897019644403, -5.623392610316436, 52.27055625711135;
  13.89181098879919, -4.132897444253782, 50.42226434392509;
  6.096271880946179, -0.5286494209200461, 22.67698061766399;
  2.96139846682106, 1.841330227714687, 11.45086278771033;
  15.92393268754555, -5.591421828114284, 56.08603619918548;
  3.057099353769359, 1.260049288843617, 11.53839148664787;
  3.085118046514241, 1.379552892644982, 11.58884805742627;
  14.5502835336562, -4.782188116328577, 50.35139521906427;
  3.147670986026029, 1.378054035442716, 11.58049838656677;
  3.176214140757915, 1.445213741658752, 11.62172924609673;
  3.206663770917413, 1.374696974541423, 11.57139232098988;
  10.68344320487035, -4.658630844451598, 36.03901132105845;
  2.79924431138148, 2.003997242014879, 10.16442296875708;
  2.877809837192696, 1.917520679624386, 10.00751060301146;
  5.319050348076368, -0.3576814956273261, 17.40057242984426;
