m=[-5.071958359320457, -0.9782648023398071, 7.744606879718234;
  -5.103127852262364, -1.119305126857934, 7.798537299316965;
  -4.943747284278709, -0.9716711146019873, 7.725648948594388;
  -4.849950800914076, -1.08422947304527, 7.623679882159649;
  -4.859072916173567, -1.014784467347158, 7.639222610233069;
  -4.884017919455253, -0.8130632348670601, 7.679547942222791;
  -4.730969789782705, -0.7244115318481758, 7.760424008921959;
  -4.682676818843099, -0.7781135415318008, 7.723103956983936;
  -4.601927515273524, -0.5609828049243417, 7.851887254018962;
  -4.62753452615624, -0.6492113744692122, 7.91006216295461;
  -4.614673196794951, -0.6407773152073946, 8.660261215709145;
  -4.580541741925432, -1.134550786159356, 8.635690990844115;
  -4.57757408327577, -1.349001697102105, 8.718691586653533;
  -4.506378650439951, -0.8336037457858405, 8.677068871894679;
  -4.518322353433398, -0.8503979326105968, 8.700559441244552;
  -4.63133991085535, -1.316610486422937, 9.00065577207836;
  -4.590218149167219, -1.184855824481683, 8.995194768294846;
  -4.582856958763555, -1.345381537039313, 8.984309278524497;
  -4.582882402720672, -1.263074629706655, 9.017170717519768;
  -4.467860302370122, -1.112305125832614, 8.846852743181351;
  -4.58212245019253, -1.349134622144991, 9.094732503796543;
  -4.630785834169496, -1.318643563871705, 9.203475483284064;
  -4.363899664297846, -0.731226280535919, 8.737928518784516;
  -4.598861574328034, -1.354086804586543, 9.312006906073851;
  -4.558233961580338, -1.216393734132769, 9.47167659410721;
  -4.565540567390718, -1.292223879790092, 9.602893966553586;
  -4.5987203804305, -1.16161154347068, 9.855038718666263;
  -4.58927230444773, -1.230444453838142, 9.878684540948589;
  -4.525091153620462, -0.2314960740805828, 9.808885476548065;
  -4.564200525099027, -1.297960278223967, 9.901524067180016;
  -4.661282894489405, -2.028163374048048, 10.08761609761378;
  -4.584971259218764, -1.177043628965503, 9.970080968851946;
  -4.570758533607486, -1.143654248155348, 10.01849988779585;
  -4.473268334264279, -0.80139403830514, 10.03499019240823;
  -2.705122766016606, 0.9249754341935399, 6.61023136494426;
  -4.595000888974181, -1.298835680860389, 11.06113198727901;
  -4.527504666293529, -0.9959900056107399, 11.57495540871298;
  -4.583982762904671, -2.024528207049294, 11.94381174866325;
  -4.604416832146629, -2.041219095802271, 12.95144498429925;
  -4.305915139652455, -0.477863746843571, 12.31779286440656;
  -4.590524246058239, -0.9882580963899855, 13.21651819788242;
  -4.492737956864156, -2.528060469253326, 13.50245187467886;
  -4.24532445492608, -0.3234925824823576, 13.00135236869827;
  -6.693404594744769, -4.923806859944621, 25.08855956018505;
  -6.407910189103172, -4.47609163354459, 24.19791805097337;
  -6.171893323432218, -4.559210960431795, 23.55138839476161;
  -6.470292581753899, -5.169898345054592, 25.21727821651317;
  -6.201826874091761, -4.549404467632559, 24.44805340914575;
  -6.293450852986201, -4.905315887339808, 24.96011185484352;
  -6.302417977787291, -5.15894278327692, 25.51828363908127;
  -5.975742499360808, -4.75623425864925, 24.58494505024152;
  -6.068334433668349, -4.946805018450096, 25.0192435084964;
  -5.313467215075836, -4.500723251830618, 22.69822966706351;
  -5.613336083745023, -4.527738149217087, 24.71700728564823;
  -5.490233131805849, -4.06738822701425, 24.51621022649146;
  -5.467381064311487, -4.501330736504425, 24.75122317992176;
  -5.519441385873154, -5.273861556260643, 26.49610690216603;
  -4.676087276431791, -5.224297793273563, 25.45352394725229;
  -5.008816531283625, -5.453071378531061, 27.80356684221776;
  -4.737926600824258, -5.195320962893313, 27.03847895730868;
  -4.986013345412444, -5.115864788024452, 28.8361214201609;
  -4.749867385057012, -5.577675380991944, 27.91914260615175;
  -4.573805275295353, -5.596009237487301, 28.08422159005261;
  -4.248975026067836, -4.924666459759649, 26.93999860926617;
  -4.073495583777769, -5.231086473900878, 26.24502381334828;
  -1.21700878135021, 0.9508580384352647, 9.332506024841312;
  -4.226220135881619, -5.281738101098436, 32.04807617094215;
  -4.793201438984434, -6.962203709491599, 46.78328782580172;
  -4.341266504571809, -6.878281150494284, 45.53220196995413;
  -4.139598311419004, -5.919642043489795, 43.90484424419264;
  -4.343372078928262, -7.529443934664593, 47.52543406306205;
  -4.094054792099278, -6.725352236818019, 45.90879936489048;
  -3.608211102533332, -5.121338662662533, 44.47084454991089;
  -2.74327625231872, -5.176040172325443, 37.37679580180155;
  -2.86013081268091, -4.943967368009287, 40.8632538579837;
  -2.889237432069848, -5.284538733106725, 41.43361063005641;
  -2.627800524721101, -5.105846826223284, 40.0136312985256;
  -2.54297678110929, -3.966878008733859, 40.92209321471609;
  -2.823290382692993, -5.921476558438464, 45.44580939584218;
  -2.508987009885876, -5.090643646866518, 41.00115598772914;
  -2.178948043238481, -4.807609275415411, 37.26561416261517;
  -2.912785684067159, -6.284263808815621, 52.4060122274114;
  -2.405647644060257, -5.313822041640033, 47.71148767923335;
  -2.335622037342898, -4.94360353486645, 46.25933034655184;
  -2.092381243010902, -3.758716959290383, 42.35256224614508;
  -3.059212326357213, -7.345974199084897, 63.45079643602531;
  -1.524929754126508, -2.236323588268801, 33.88644330237174;
  -1.411777489864706, -2.605893755288881, 35.60989938267048;
  -1.943904375745416, -4.573988745684088, 50.60003291004994;
  -1.566867641008789, -4.79034992365357, 43.79373638929421;
  -1.417109322814663, -4.607378562015264, 45.32832053545302;
  -1.53564938110097, -4.812082290622966, 51.25505717319574;
  -1.136751904254214, -4.754263737306962, 38.17437745228417;
  -1.304229712323242, -2.8047812457469, 48.72461861304115;
  -1.163545798465977, -4.350630617329226, 50.53893847743443;
  -1.251812377835792, -5.888858761920956, 58.89514833920365;
  -1.306393798763763, -5.780312181165595, 61.59793175894045;
  -0.6808954225918683, -2.526569139277454, 43.08335909459624;
  -0.6094849502192939, -7.685178458366018, 66.31457175848668;
  -0.5798350301552732, -7.529411017115324, 68.10280012920016;
  -0.2848438219250806, 0.6650820701950539, 52.2809397171286;
  -0.3003749889165374, -7.721525494818208, 76.3265937613124;
  -0.03731467303648531, 0.8255160141833684, 18.61582536702391;
  -0.09436661379146634, -6.055456869055849, 57.48849939566649;
  0.5914144716668365, -6.471967251301818, 71.8295206427148;
  0.4060426164350656, -1.756730402278864, 43.63976043403864;
  0.6741749461594293, -7.94655635355946, 72.37362556379414;
  1.007378394454086, -5.485454992930536, 50.30500983389094;
  0.228009659199937, 0.8836888476247484, 10.54465058925172;
  1.337328659582462, -1.849329126491981, 49.28965131128016;
  1.486509651765921, -4.580093744786161, 55.23549832461205;
  2.694116069630903, 1.085500902668609, 96.72515543588473;
  1.582521658943167, 0.7326522093706053, 43.1848171470192;
  3.192560305979139, -7.716108212326428, 84.42351402367358;
  14.75569663203181, -1.900392101923699, 296.8418184430617;
  7.441141184640124, -1.537140392049139, 141.002924727309;
  2.037415461269569, -0.0008069133971444942, 37.75020366765466;
  4.077319165846816, -4.066938252411723, 69.03651510918427;
  2.782070017986303, 0.7590639030335424, 46.73469476196978;
  3.912271158862901, -1.034431717989531, 65.26466337273179;
  4.864257206165475, -7.290473074587382, 79.90663658772492;
  4.205911592678651, -1.947462931205064, 69.50769791926476;
  2.032948166471797, 0.856017807615323, 32.33833396947496;
  3.201784663297775, 0.7295296288180883, 48.86566165345321;
  3.559140263227944, -5.056489036428106, 51.36267257227342;
  1.208798182236133, 0.6934721271320554, 16.20255208813106;
  4.099341503271687, -5.965233619441594, 52.03116429655731;
  4.096014535431324, -5.317668756089863, 51.52264065832841;
  5.838339810247271, -4.891795980086651, 72.03248973837538;
  1.05893116931089, 0.4507925679164452, 13.44316192101069;
  3.944964441812343, -1.120059544748287, 46.50982160948639;
