m=[-10.27822957782632, -1.98243548428946, 15.69430225180755;
  -10.44651937658178, -2.291308984321243, 15.96424259098142;
  -10.23888716049927, -1.87697404905636, 15.72980219413181;
  -10.03780170203636, -1.972884414821866, 15.68618452891862;
  -9.873584339845351, -1.643697577584401, 15.52505857879403;
  -9.908555584789658, -2.069334721819456, 15.57779913244927;
  -10.1726381459227, -2.274141439611149, 15.99045845309281;
  -9.500263807806054, -1.454691313573292, 15.58371298510801;
  -9.529809963790765, -1.583554549656556, 15.71744450620466;
  -9.425799950318773, -1.149021073720945, 16.08246071742866;
  -9.519572485403771, -1.335530767555771, 16.27225247022474;
  -9.784098213913362, -0.2915144391153088, 17.61051074364555;
  -9.451893744421962, -1.312456774053417, 17.7381724163421;
  -9.399469367691889, -2.328147184641293, 17.72081066183492;
  -9.4706903134543, -2.596279592805189, 18.05134572658074;
  -9.259493157584194, -1.742738393210934, 17.83023970216295;
  -9.378152029171023, -2.350232032087126, 18.17972322173478;
  -9.423531009409389, -2.678948206120482, 18.31391355542618;
  -9.41867937982804, -2.526570733857248, 18.32815368367988;
  -9.353323432372694, -4.049567582662087, 18.29528881626135;
  -9.437639972843263, -2.436102670460929, 18.49441724772314;
  -9.438354617390958, -2.770801741473835, 18.50310793595185;
  -9.416925498595067, -2.595370913303813, 18.52851925778996;
  -9.514647550795745, -2.70935197710663, 18.90992773185379;
  -8.454875843825173, -1.416720798201035, 16.92937657640424;
  -9.453756145363936, -2.783559853524554, 19.14244233951098;
  -9.346389434422624, -0.9017201536070827, 19.03148070017861;
  -9.365309406136621, -2.499192401236398, 19.46042757926411;
  -9.4400224990522, -2.671890068431197, 19.85559733008513;
  -9.485228908890166, -2.395916794575185, 20.3268062459963;
  -9.528301569286429, -2.554663363309973, 20.51024196641851;
  -9.681772584472627, -4.212620644609221, 20.95260193111712;
  -9.539439700131931, -0.4880217358145658, 20.67831748630413;
  -9.401158761391606, -2.673486972025355, 20.39476557250508;
  -9.47811427356293, -2.43320042582015, 20.61028551693806;
  -9.379666598883702, -2.346896138402606, 20.55899214048233;
  -9.34981692465159, -1.675036457184195, 20.97466866027448;
  -5.497140452727156, 1.879663260004873, 13.43279894525048;
  -9.570530326936607, -2.70523261556034, 23.03827609446566;
  -9.4232939736593, -2.072997668576691, 24.09146220440993;
  -9.603439616716093, -4.241384707218351, 25.02227448364799;
  -10.52573118266284, -4.836790864397565, 27.4942718688442;
  -9.502030927951996, -5.954223623211612, 24.94451269600183;
  -9.600294261475774, -4.563858993688594, 25.74849827051104;
  -9.793221862825645, -6.107092191188313, 26.9309008032341;
  -9.707596710217285, -4.303548636365465, 27.30582597221721;
  -9.381845748077661, -5.279157963822611, 28.19615163967805;
  -9.268464325284949, -5.811046313874322, 28.33814417803886;
  -9.551325940805095, -6.952246250750036, 30.23096954519581;
  0.6985309158388325, 1.782713524977614, 15.55752235286349;
  2.225151465934965, 0.2479312851623425, 22.00359411654523;
  2.141047295706105, 0.3678404622686261, 21.18788011345469;
  2.205285916030021, 0.7581742601998615, 20.25682248138214;
  2.441201525489634, 0.2387860940424988, 21.76635365327136;
  1.659814869338529, 1.527275761166511, 14.29555941650145;
  3.362783554895502, -1.701265409766839, 27.09807700951116;
  3.602056891431313, -1.670191677876658, 27.84722567101658;
  1.914767918395935, 1.244346316404863, 15.06969510561375;
  3.941613256689728, -1.607628631178789, 28.9493262324607;
  3.744413818731131, -1.219666832756781, 27.20213146259396;
  2.846349948266782, -0.1594738505331005, 20.76626379561637;
  1.867875357589048, 1.111520199194532, 13.40284216371253;
  1.813378126232416, 0.4801370962389403, 12.9891754202779;
  1.97389998088138, 1.700943084521969, 13.51955312526768;
  2.063432220152687, 0.6775914176728192, 13.88614674697563;
  1.80169578336965, 0.3510256608056681, 12.02017444094125;
  3.385137639843316, 0.1812658207444563, 21.03247292071676;
  1.858105875842138, 1.116785895217982, 11.72570557404442;
  1.868089544791732, 1.390456543461672, 11.55970070850052;
  7.991186563890596, -6.432991805647461, 44.73614487895148;
  6.897310143883675, -0.4647491929484865, 37.48822873283195;
  1.927152386483064, 1.536383017937032, 11.20676843416748;
  1.963850716045806, 1.371018673910548, 11.08699792294763;
  9.389358195702531, -5.676518653473639, 47.10879156282505;
  7.57058799765192, -2.232241922223824, 37.4241540827509;
  2.034844886067619, 1.879246375174608, 10.58513043062867;
  2.019685455113253, 0.2954744756848829, 10.52311568503245;
  8.928099511890467, -0.2883451571059187, 42.70140513348324;
  2.080425023097831, 0.5516053654160533, 10.74432839569555;
  9.812002533667814, -5.617751950254717, 46.67665604860169;
  2.1756944059716, 0.1880353505321052, 11.11582540110823;
  2.115169678493289, 0.4120017916688635, 10.82893559154378;
  2.041320926409484, 0.717696641999967, 10.45862966908487;
  2.07535658164166, 1.188051315291919, 10.5748452579744;
  2.117280414754583, 0.6090451286108365, 10.69767472638052;
  2.167375470828294, 0.5421924418135927, 10.7331088930665;
  2.178798252893405, 0.7036952040346305, 10.77985387812835;
  2.113910998048187, 0.8250949052615014, 10.41418928870258;
  10.52180837605844, -5.743989795753638, 47.65090653188478;
  2.194578533782992, 0.6158494709453403, 10.71878854748931;
  10.92211569402051, -5.445204702089884, 48.61240511472369;
  2.193358917182891, 0.8673873328768703, 10.53135560204232;
  10.96266708821262, -5.867996201534336, 48.36697944125167;
  11.97633553242685, -6.614385247214454, 52.32583671577665;
  12.58598604330071, -12.15105375008549, 54.93252632541795;
  12.40492238113339, -11.44094165062027, 53.82215686997235;
  11.98392671156223, -12.45298679569901, 52.0140615891106;
  12.09192117033312, -12.14759609466834, 52.44131918636251;
  12.26656353044982, -10.90329651222015, 53.0969762581446;
  10.92999970736731, -5.631623853752434, 46.99643538760787;
  2.67012401414108, 0.3856244705656461, 12.14439901168018;
  12.4400720195147, -11.15877625229405, 52.64063729107364;
  13.05937411978068, -13.1981978530344, 55.02483427153959;
  2.217076327256298, 0.6318111242093758, 10.14217372392347;
  10.68757652724691, -2.878652899316164, 44.80167763387062;
  10.9170661193043, -2.901583936351441, 45.64053532831109;
  11.44942955468779, -4.663065034231922, 47.24896954835956;
  11.78091285569635, -5.819796489286075, 48.45144736602085;
  11.55753259341486, -4.488518887974029, 46.85615418916358;
  11.62508180218252, -4.90613351750215, 47.10460179738541;
  12.21195866893243, -5.59217524911703, 49.11068570515889;
  13.37056031165428, -12.08575597793392, 53.13762401369386;
  12.17868215699632, -5.344446930344539, 48.35366101160133;
  10.34014282523519, -1.252935145018532, 40.86559661395602;
  13.76982437659038, -12.17174063066573, 53.15891260224621;
  7.607582183529213, -0.1457929048412271, 29.26788945880036;
  12.25559383851047, -5.656653779367081, 46.43252361023038;
  12.56657318225042, -4.735306489217569, 47.37757583293996;
  12.4485244044461, -2.416231977756219, 46.15749332460056;
  13.44519993649533, -9.085690138300523, 49.79525152627407;
  12.81969640593693, -4.635512878308844, 47.35416803926234;
  12.99695283235502, -6.116781523397568, 47.80974020148456;
  13.0062660530121, -2.204974210917477, 47.29651576378989;
  6.276816631749258, -0.2958882779391036, 23.3465600058262;
  12.63434712867473, -3.925913801213574, 45.34971292951118;
  2.702721874087253, 1.33715323518287, 10.49152486851683;
  2.654980973815066, 1.446490124337952, 10.27733914646161;
  2.705264012846826, 1.418427048445355, 10.37969247141423;
  13.77141590763218, -4.583335639370247, 48.43090403963074;
  12.34013404033095, -2.236410219514608, 43.41967543783454;
  13.7191111445149, -5.190055056587101, 47.90182323111698;
  2.789777562787311, 1.924778925990003, 10.49310735284714;
  2.756181039463641, 1.944867068154685, 10.34670139427925;
