m=[-10.28381282291482, -2.01981344070045, 14.86590477628768;
  -10.23816560025642, -2.278993374109911, 14.82812203014867;
  -10.05709537931573, -1.99985897481445, 14.65333514627079;
  -9.998406285592365, -1.999868747408961, 14.79290793115547;
  -9.775087115255174, -2.075381675762624, 14.54367469867239;
  -9.689081802523443, -2.180444749296014, 14.43472355086668;
  -9.922085602150229, -1.685212069783282, 14.76064104658228;
  -9.678537596585464, -1.516081756023103, 15.02796359318253;
  -9.444514818926299, -1.601622571368, 14.75336727218664;
  -9.24104830954224, -1.162599754745199, 14.95932543566394;
  -9.245203264599425, -1.323909553567673, 15.00364542174076;
  -9.304260691615141, -2.819050279430346, 16.56816120902104;
  -9.309462332770437, -2.298028949058556, 16.58180236336807;
  -9.323081683159575, -1.326713797987517, 16.70961823483934;
  -9.22471305909113, -2.328600214232059, 16.61310395046827;
  -9.320061822503313, -2.400633055930808, 16.9996977323992;
  -9.124518698444474, -1.755735373042942, 16.79061031113399;
  -9.426987982658041, -2.72600756393237, 17.53763453056348;
  -9.381956232350243, -4.12639103613637, 17.57343906673384;
  -9.250929741801171, -2.429468900657644, 17.36300075957233;
  -9.216172940342622, -2.752751598941484, 17.30714474634964;
  -9.243052257968559, -2.592773318907811, 17.42209905596119;
  -9.234886299200456, -2.694863525747022, 17.47206191037919;
  -9.313106422245223, -2.459490475045048, 17.73591637061391;
  -9.353517940106444, -2.708555522901655, 17.82911983165698;
  -9.208115448115677, -2.76178895552692, 17.7657665280229;
  -9.294502068348665, -2.785289416429685, 18.06586986905026;
  -9.405425259779685, -0.9454496581159172, 18.3736933405427;
  -9.166093330730023, -2.541258442207599, 18.20172414991917;
  -9.236400650037934, -2.509808508750455, 18.44199349531504;
  -9.304890947407063, -2.466905876774774, 18.75188015425285;
  -9.202874270932274, -2.653522815033319, 18.62252923609529;
  -9.264256708692427, -2.59298907922224, 18.80236468756714;
  -9.331468962643877, -2.41866220447873, 19.2711005114973;
  -9.240508382378524, -2.523707479845907, 19.169955897333;
  -9.265004701270085, -2.685080494549179, 19.36845805421223;
  -9.358058678861818, -4.14063844575715, 19.54763745428454;
  -9.282812677968897, -2.427304598416922, 19.45959893829441;
  -9.336950523818533, -2.385679956345994, 19.73041481156112;
  -8.983753123412951, -1.649741869059042, 19.44957088110345;
  -9.051719412008376, -1.785418630802269, 19.69921089207066;
  -5.374231224714158, 1.853356362420555, 12.32695496528848;
  -9.352174292369163, -2.698955886361051, 21.83980458398375;
  -9.295121918900193, -2.309672979138934, 21.74796225531381;
  -9.311966008082759, -2.095868059762069, 23.14976495307175;
  -9.317803857705286, -4.196737202540053, 23.66372004031798;
  -9.791855184336336, -4.566064916332696, 25.00354916543102;
  -9.425930461820805, -4.2674072202045, 25.95338956598888;
  -9.047996673444654, -5.791548721242287, 26.66649113290214;
  -9.267740727477671, -5.321560372911106, 27.32235493235511;
  -9.634167796304368, -5.942587413457657, 28.68480405053771;
  -9.448646435766031, -6.050634979492427, 28.3619001556539;
  -9.433993591932916, -4.632719385761528, 28.50437531446183;
  -8.95755209354526, -6.855211947762312, 29.11363962026747;
  1.193816634254974, 1.869660445564626, 15.58717541483736;
  1.943048322651514, 1.718966918231664, 21.04325864497613;
  2.099471317343628, 1.621928818505523, 21.91389099934845;
  2.151881050984444, 0.3100440027303297, 21.41952521082355;
  2.433901339913525, 0.04858792609678683, 21.59068902530258;
  2.440386409693675, 0.6101534075150461, 21.23921998234368;
  2.374503375334737, 0.8107056826872829, 19.94309098476852;
  3.655011759661547, -1.912086540565521, 27.75094618370915;
  3.46230893707505, -1.680242194549793, 25.84562285724214;
  3.971404237187334, -1.577937930542351, 27.23400275534373;
  3.930928036633685, -1.21470366892694, 26.56226101614474;
  1.917506117156503, 1.185597609939027, 13.50292358214411;
  3.15037705160132, 0.5104042892905111, 20.70637496091961;
  2.055376843206409, 1.320844105964655, 13.82397497808587;
  4.137218887513722, -1.623967022300093, 26.07752225048086;
  2.011771251046391, 1.513889048231077, 13.1820265413926;
  2.231295523256837, 1.282461079636209, 14.27031450662777;
  1.836537372138886, 0.4626720913406461, 11.68606622335573;
  2.112134679742568, 1.767978794696357, 12.9481228921378;
  2.00485691784594, 0.6538765556365919, 12.12087546892875;
  4.461394630414001, 0.01049298671748862, 25.51140793787961;
  3.537304903246218, 0.08314945892382884, 20.28549001889437;
  6.860731876617342, -4.589040209122346, 38.15141494335664;
  2.073191408969393, 0.3681007022537044, 12.2335428573509;
  1.978905170530061, 0.8897328784540737, 11.53785113452358;
  7.689000842541939, -6.008640492176944, 40.91343738732979;
  1.961151468206827, 1.154573967857383, 10.96732734984399;
  7.798888922088406, -4.772852376629945, 40.06888139882793;
  1.892075236406492, 1.362585300689589, 10.33348860761648;
  8.729055512809842, -5.54246745704617, 43.1968390300149;
  1.982806791863637, 1.17058842536637, 10.50352325407759;
  1.864596972886792, 1.401864529092836, 9.807388056222138;
  8.402141506812782, -0.2413488290107965, 40.23828394771073;
  8.456894581701651, -4.971652323727897, 40.49914886108086;
  2.451929639752359, 0.6770490246613881, 12.43475752397892;
  2.051123680053852, 1.594925443688796, 10.53626246372736;
  8.621352261365521, -6.043478027440678, 40.5464139425963;
  2.030592913745231, 1.281672265897647, 10.35608752094966;
  2.06287467550218, 1.912626659519259, 10.35085176075496;
  9.268496091418099, -0.2908289554622411, 42.33582525113685;
  2.045463356843353, 1.473529686782766, 10.16446021585383;
  8.956914177244668, -5.007598783462011, 40.73675253085087;
  2.133582749963848, 0.4607512514176355, 10.37798541510699;
  2.085292145664634, 1.59930174333152, 10.14879058006474;
  2.073813780093606, 1.644351347720922, 9.944851316401254;
  10.18474969251322, -5.41858006790007, 44.13888972103723;
  2.111041678496525, 1.596605778731019, 9.956552447930495;
  11.25963958289848, -6.065245386102455, 47.20152913683393;
  12.08747078780112, -11.39031913442716, 50.60545085870464;
  2.142428616769502, 1.933033753772989, 9.813934692519174;
  11.81155454241336, -10.63789820582271, 49.15722826607932;
  12.32280877322307, -12.49024035296586, 51.22766945015076;
  2.184439608074495, 0.5802269492046582, 9.957417083156711;
  2.315762423241426, 0.2125052184214991, 10.47576535164926;
  9.311145969685324, -0.2181252927275897, 38.54135704894232;
  10.60588625502931, -5.334025453841915, 43.67773364520483;
  2.154256581831505, 1.214917014645081, 9.680328732185016;
  12.38760049448137, -11.18224365368054, 50.32907571687937;
  2.229950508468136, 0.632625766577646, 9.934688841025048;
  2.228608125216973, 1.764416932414756, 9.896846252091162;
  11.6050798198101, -10.15035501509942, 47.07586676103686;
  11.85659230546108, -11.70495646188686, 47.94871574509189;
  10.97722529037297, -2.839738781946903, 43.97841758899016;
  2.252919721769259, 0.5599956284633784, 9.848816000644172;
  2.252526046970246, 0.7167568320266581, 9.84079787040813;
  10.81685764461202, -5.223535346331635, 42.67868851352671;
  2.320345201162641, 0.646862223195841, 10.00851689882268;
  11.86069730693628, -4.504009430233476, 46.12441528751906;
  11.24093897272592, -4.634407281613944, 43.6864603416031;
  2.277329075321624, 0.8281665003427611, 9.689292386063118;
  11.44523403409994, -5.129257070009779, 44.1969442747229;
  13.2611338712758, -11.72576623294732, 50.62344872776341;
  11.81372957898561, -5.070045562547883, 45.03055133869707;
  12.59340747152118, -1.513750385072219, 47.65715585335568;
  13.74277552442391, -11.88778921385407, 50.98643893542635;
  12.5306969431237, -2.068931936556667, 46.38347109765454;
  2.432408361780499, 0.6918556824132429, 9.784461049050464;
  12.2657355375493, -5.536229649590429, 44.59889726471906;
  10.91134792521839, -4.40932159859103, 39.68740308414798;
