m=[-5.111088003220882, -1.00385376739892, 7.388402421114095;
  -5.183004925383923, -1.153725612978282, 7.506640595316171;
  -5.012658752572858, -0.9354466324999257, 7.291428666524507;
  -5.044678360740245, -1.003137080267509, 7.350170196963599;
  -4.990916399311008, -0.9982768696142859, 7.384193508268462;
  -4.90729227461868, -1.041883754515187, 7.301220096747863;
  -4.735314036189144, -0.8030254585103661, 7.397079518054185;
  -4.678962175774261, -0.6365898588288762, 7.57215855156949;
  -4.658689729978789, -0.6671225784989545, 7.56038854290517;
  -4.66126982305454, -1.150628533620657, 8.302547688081182;
  -4.666931364537611, -0.6641239931188087, 8.364470470153936;
  -4.613442775015557, -1.164574308754381, 8.308508232170594;
  -4.560760787448122, -0.8775793340064007, 8.392547556223084;
  -4.627299144555721, -1.182307633592584, 8.58318212957135;
  -4.631420746098737, -1.263624845837902, 8.627229804191773;
  -4.625425993375728, -1.381554890676475, 8.686134439867159;
  -4.650184704991863, -1.22122634571992, 8.727896851285017;
  -4.623413783356393, -1.349174073781711, 8.747327172517247;
  -4.647128654302794, -1.227256314205327, 8.850010022362406;
  -4.66298555908951, -1.350289310413064, 8.888305858677464;
  -4.606750230454425, -1.381702040882176, 8.888078077248371;
  -4.641820535602128, -1.391017347212836, 9.022379589030765;
  -4.620798522213454, -1.272872520682746, 9.025089298240347;
  -4.625905998083367, -1.256998118051724, 9.236382391688682;
  -4.660913263477298, -1.235697912613766, 9.393004971267208;
  -4.624162425335778, -1.333313933757055, 9.357250509252619;
  -4.662363248732239, -1.304957037296535, 9.462545875517609;
  -4.637763507228157, -1.232626352645261, 9.485004694775732;
  -4.653827305441337, -1.206244831859023, 9.610959874092584;
  -4.568547242926923, -0.2474350634590923, 9.544908130803288;
  -4.633899235649182, -1.174193936782652, 9.676632592947865;
  -4.664163817602534, -1.289571986410724, 9.738059563575426;
  -4.621469587142312, -1.339342854611503, 9.661165075837779;
  -4.704484190272707, -2.081582171492547, 9.826990246234397;
  -4.622713889479951, -1.208764527558644, 9.690614409278966;
  -4.674045857838536, -1.194263318590134, 9.876978933127921;
  -2.72385826223266, 0.9393492444883036, 6.247754651114178;
  -4.532425917662388, -0.8323172622908556, 9.812573646885248;
  -4.508970320006435, -0.8893779456303047, 9.812849161238658;
  -4.656442109311436, -1.343808556976954, 10.87402592645998;
  -4.637635239692655, -1.152370124208981, 10.85075774441082;
  -4.560664985820107, -1.026480559181465, 11.33791965733102;
  -4.659254744835426, -2.098527509526007, 11.83275604016218;
  -4.85442601598421, -2.263679752533077, 12.39580010892852;
  -4.671864943994776, -2.115096252256079, 12.86352911071246;
  -4.618801615877279, -1.025396766141601, 13.02525128515372;
  -4.638358943913747, -2.968975650613197, 13.67029212246647;
  -4.64836780571486, -2.867225545517188, 13.84006615630117;
  -4.748643111173128, -0.3747768736568112, 14.2729483202121;
  -8.096546950104106, -3.243342499705192, 25.55245793895087;
  -7.677842176566122, -2.761957656135215, 25.64270983472118;
  -7.528120821132307, -3.936001840284265, 25.83406820717327;
  -7.4812078566996, -4.627168756225779, 26.17007894192516;
  -7.368071864377687, -3.013550903010902, 25.85089712355966;
  -7.333285621998355, -3.150644934803444, 26.11298166072735;
  -7.25367360949209, -3.058663905636165, 26.45733528017626;
  -6.944775657590655, -5.234478487534623, 26.08385555871948;
  -6.950346745868951, -5.344055344655759, 26.12960303076743;
  -7.015878745283279, -5.034042078007246, 26.53876383271613;
  -6.893381028507266, -4.525029570604255, 26.08220141848546;
  -6.834840384204084, -4.609179951907007, 26.39437129662795;
  -6.757352801364212, -4.738134772420385, 26.32335165447407;
  -6.659857339826748, -5.45601060552665, 26.03880562630099;
  -6.386046081821069, -5.107571611773948, 25.41130599063563;
  -6.749044996013834, -5.584173390257609, 26.86232833978132;
  -6.380347942601916, -3.053919188174321, 25.50254267961661;
  -6.482250405059936, -4.514378284850173, 25.90144800429079;
  -6.375600411494482, -4.339950453878243, 25.74777171576345;
  -6.288988967084784, -2.955301887306741, 25.55029787968438;
  -6.672790377280522, -5.604260400940331, 27.11614017579027;
  -6.267103636863988, -5.11645035212082, 25.86529105403738;
  -6.441114273540018, -5.391065404834933, 26.67331546856645;
  -6.114798367850153, -4.798363021848442, 26.34000533049531;
  -6.690415278517767, -5.771929155932431, 28.75837648582628;
  -5.918353149593729, -4.527763530772742, 26.60607625189239;
  -5.790522674276699, -4.904422186110594, 26.36329213482675;
  -5.77811594521463, -4.669337818642227, 26.3916105910787;
  -5.758365649295188, -5.263161517637142, 26.82626611130401;
  -5.560961281490206, -3.339058359577492, 26.01933803113341;
  -5.499288942820032, -3.219552435564259, 25.78386772295838;
  -5.451769239254392, -2.988994304851495, 25.56237023030926;
  -5.667949615237072, -4.761938954701732, 26.52330582393362;
  -5.313560900742862, -3.067345883851062, 25.395849780839;
  -5.213547066385448, -3.774600349576318, 25.3624662300417;
  -5.452848258022693, -5.356294986796685, 26.43503508691603;
  -4.849172720679007, -2.766355834076227, 23.73016624028661;
  -5.419927868645803, -4.622087247017177, 27.12108823246311;
  -6.14281956098916, -6.63814279100302, 31.35740624399501;
  -4.826599237720952, -4.52719669782417, 26.16771474991355;
  -4.672363893158382, -5.411709286239034, 25.7848625227032;
  -5.222045209502982, -5.875126743066089, 29.38301939498012;
  -4.840557354819263, -5.146005536279854, 28.45528885174833;
  -4.861599412069081, -5.91530421729607, 29.0470083557558;
  -4.494761763481242, -5.407265697399857, 28.98973271872896;
  -4.268325815948828, -3.403145943108849, 29.71097301848997;
  -4.384160205035651, -3.843998341983645, 31.92114581262673;
  -4.567748614835995, -6.254048928980008, 33.74906134943107;
  -4.204294265649224, -3.903750362611655, 31.27896468301625;
  -7.852376863418763, -7.988400415769567, 59.88298977287025;
  -4.279813317242112, -3.972842081130826, 33.54905493052457;
  -4.830318875314038, -6.313507601823597, 37.56203940768848;
  -4.867101508647147, -4.028743296535982, 38.28321030802997;
  -5.237184962853564, -5.235885870558958, 43.17563988596382;
  -5.315358218469355, -4.919858375426179, 44.14495741754093;
  -4.21067779314981, -4.048302555298069, 36.11358304104837;
  -5.494152954470854, -5.025789163599946, 47.27596141830077;
  -5.149356923204236, -5.249416131448649, 44.71378920756635;
  -5.124772996209345, -5.616953113400516, 45.04456343630524;
  -5.121403723630481, -5.41288940111281, 46.51620983059614;
  -4.676795417224618, -4.477081974042052, 43.08807098694954;
  -6.205638869550771, -8.313782550909297, 57.92307806874386;
  -4.258172522823051, -5.058780142316501, 40.46725533193068;
  -4.613668799469519, -4.190253740323109, 45.71326226189632;
  -4.571772299482996, -5.966479991542945, 45.50959444808475;
  -5.518013699065875, -8.209285073375236, 54.90317695559744;
  -3.657299558547217, -2.118652828167917, 37.17647818443385;
  -4.681209913239937, -7.030328232136073, 49.74543472841225;
  -4.87082165098621, -6.345847217144796, 52.82971238267353;
  -4.566566853367463, -7.674950116336114, 50.1562710856126;
  -5.071273734584241, -5.268990267114152, 56.28845348535774;
  -4.392554806045973, -8.109983341217854, 50.54029036356584;
  -4.468650234682917, -7.822907917179379, 52.65185855994183;
  -4.257616419531016, -7.391279657774913, 51.75609851458128;
  -3.9875103407668, -6.940235394076034, 50.36359199217124;
  -4.026958340914264, -6.92435895099113, 51.69026707969857;
  -4.185408369857624, -6.595824788109729, 53.82621416185415;
  -1.341777344802527, -0.5837503000465218, 17.68266150125709;
  -3.821323747424424, -5.820277702430344, 49.86930169754709;
  -3.328324923518096, -6.827267298186805, 48.39660336002282;
  -3.284395341643339, -6.155594740241111, 50.07241673902622;
  -2.174188975047374, -4.394546750754607, 36.85848345408496;
