m=[-10.28201719601155, -2.0679433013084, 14.0121303650412;
  -10.63354520722248, -2.413112474814537, 14.51501526673865;
  -10.23191841860363, -2.089822207686162, 14.04271934895849;
  -10.07775780906586, -2.063080740537238, 14.05317686937661;
  -9.980582882864031, -2.325559673994298, 13.97680989359677;
  -9.955312186591755, -2.164016297555421, 13.94503110416692;
  -9.595467846022833, -1.668564554715696, 14.12829887173416;
  -9.353962589733733, -1.242988275573424, 14.29646665581444;
  -9.487835481475996, -1.406634689615176, 14.53497804768153;
  -9.460129808237989, -2.397233775141118, 16.02373250624562;
  -9.489040157165579, -1.39719916257819, 16.17625191336409;
  -9.348936193436003, -2.422970311860003, 16.01475206501678;
  -9.459260037187079, -2.90796972681524, 16.39603509296496;
  -9.249277782705654, -1.83396050026794, 16.19899992522496;
  -9.487722254276919, -2.671444026510306, 16.65727757666689;
  -9.427319352212361, -2.882077523408879, 16.88548073502549;
  -9.496796600439856, -2.560683867548035, 17.00456413220592;
  -9.327871984901487, -2.435667393811255, 16.84803000097385;
  -9.403704895883701, -2.810301788159477, 16.97961466214839;
  -9.442238092225916, -2.896080323883077, 17.1517833577298;
  -9.4307342555269, -2.555083154663997, 17.15550495002121;
  -9.460502365186729, -2.800802581795165, 17.22819976264341;
  -9.452986272831256, -2.777000268756059, 17.38561810469099;
  -9.470559087931287, -2.558270904398283, 17.44811136716482;
  -9.371380794508843, -2.877469885678864, 17.27463423298575;
  -9.485059931263523, -2.845118751043562, 17.53825564493931;
  -9.43545803739366, -2.895221032838063, 17.53982952334589;
  -9.778845216793323, -1.007664803565326, 18.27831049080416;
  -9.438334917761139, -2.558846190882856, 17.7635712787066;
  -9.44371925072778, -2.635594216324555, 18.05889644533377;
  -9.531547649429893, -2.595669511179464, 18.41377479805873;
  -9.479154700234723, -2.804022770414335, 18.38245346682128;
  -9.579804970951848, -2.753323902223552, 18.64320859988274;
  -9.500276009661064, -2.939980697240793, 18.63423121101537;
  -9.43490283060601, -2.574811191785746, 18.51445398295815;
  -9.475423159126921, -2.521368548000166, 18.78748660696695;
  -9.523232771852007, -0.5536059826171107, 19.07186044353968;
  -9.420906307392839, -2.805468202128454, 18.92031084660763;
  -9.64750292627541, -4.363983564292886, 19.37625616842373;
  -9.420182693373446, -2.532173101353803, 18.97327552137233;
  -9.196023437746339, -0.3286863338207048, 18.59700854977729;
  -9.591611334631415, -2.521263368415626, 19.48900735654575;
  -5.480585877844947, 1.890091072013626, 11.71522516578042;
  -9.735490309183442, -0.1980073808737641, 20.17713974480953;
  -9.393181751261913, -1.777343160753069, 19.53692978750729;
  -9.209604150618093, -1.879172683469611, 19.27310204360606;
  -9.576948830950519, -2.846482625912782, 21.63343529009758;
  -9.574902873492063, -2.453130305520509, 21.66154334904852;
  -9.299863638982378, -2.165312962242272, 22.42888047329155;
  -9.662117964586097, -4.461144491105141, 23.84788710180866;
  -10.03041376564691, -4.792376928567344, 24.94863424299133;
  -4.86836102289192, -0.2904036866448036, 12.89081824167954;
  -9.703172976222508, -4.51009056876286, 26.08454349750306;
  -9.435491822938756, -2.183112437809723, 26.01155287340992;
  -9.943050336806975, -6.527430918264467, 28.68609376310571;
  -9.410055073450424, -5.945788447259107, 27.48314621827725;
  -2.365521993466011, 2.005529776538003, 14.93798696073052;
  -1.447867312231642, 1.961873503101831, 13.42927467330585;
  1.179849766957442, 1.720717419288527, 13.50197269159531;
  2.0371639711641, 1.563610045978897, 19.293482159109;
  2.203157456510063, 0.57271340550855, 17.974702820155;
  2.348251485938436, 0.03544778670789359, 19.05107162279185;
  2.189500857297684, 0.5144877855152048, 17.43025513263399;
  2.290970931445063, 0.6472229655085017, 17.66651243497115;
  2.389317484227162, 0.7790717114222144, 18.32906031801383;
  2.458209262167926, 0.6561723498664674, 18.11910800553602;
  3.528602875981429, -1.673068897554606, 24.45228486965294;
  3.284418444348499, -1.190941250045632, 22.34087074982531;
  3.727971077897479, -1.455135583722296, 23.85812561759405;
  3.757853770573875, -1.117378614190486, 23.66723816225492;
  3.823844329485594, -1.137000569638521, 24.08285153349726;
  4.097311639182559, -0.9080196258806099, 25.30044611050409;
  5.627483059368418, -2.506914945357748, 33.70876448280162;
  3.118662836563699, 0.5452931627567457, 18.38986305315286;
  2.027183599132797, 1.249096951686064, 12.19814433804004;
  1.96692332774683, 1.296330989033649, 11.62014309465794;
  1.977995475184032, 1.534833182868753, 11.63978624064676;
  2.007441418910409, 1.450195212429104, 11.72646860351095;
  3.260398459707146, 0.3050205866741056, 17.67315059487273;
  6.953861616024763, -1.786508190224422, 36.38227299955297;
  3.466626426829151, -0.0103789513085726, 18.54658759644571;
  3.658368277227858, 0.07784618019681831, 19.39370262370746;
  2.094955406344803, 1.698052315993795, 11.48002488394146;
  7.523849031355007, -5.116397265592751, 38.38255293946606;
  8.094317650602873, -6.201534413693843, 40.99455019237108;
  3.82456883480481, 0.2635956517261831, 19.62123603092174;
  8.512590936150277, -6.358450466239357, 42.27662448152535;
  8.838096529435855, -5.336142091829498, 43.29139606112797;
  4.507692403365057, 0.1174944805084443, 22.5324490206723;
  2.256474090226121, 1.822358662653551, 11.46013099641552;
  1.934529395718588, 0.840717882963357, 9.966732227496365;
  10.32535049707909, -8.669871157068467, 48.66548770726448;
  8.191101238090297, -0.1219364646288044, 37.978437136756;
  11.12832262275841, -9.382270059068276, 51.32375844875604;
  10.07794471002235, -5.828206086296516, 46.04420737658623;
  9.197310228505275, -6.345431835190536, 41.28743925097472;
  9.562154201209351, -0.3355274335618848, 41.81362962452522;
  9.953842575938356, -5.421379587885976, 43.18664781986941;
  2.254636461998613, 0.7946475616209556, 10.5424593459904;
  1.911361803543057, 1.411168117345797, 8.790261403424657;
  1.995421054148545, 0.2188632484254023, 9.153983797354369;
  10.30623808647651, -5.401802372033129, 42.78905473973659;
  1.99522282023088, 1.512713765918414, 9.019203348454472;
  2.009374733936302, 1.385956752118214, 9.059097688264174;
  7.748118314104247, -0.01625578372375922, 31.88282188631343;
  1.99642158681412, 1.228481876066394, 8.937577856577079;
  12.50320705517581, -11.58131538018778, 50.2809523273051;
  2.048180900460408, 1.855263831557316, 9.041580200167116;
  12.88428347802826, -11.40727844731564, 51.48108393075892;
  2.066485827240835, 1.455705391094603, 9.011021801206454;
  2.071959070493707, 1.892909817638798, 9.01874708988459;
  10.50947951548985, -5.216293841110408, 41.49614138978139;
  12.81825134224252, -12.35293443968555, 50.39282273883332;
  2.050838345920658, 1.747385588684339, 8.862999361817609;
  12.87546396905908, -11.41777352646142, 50.24934443907951;
  12.93037892825253, -11.12218179347842, 50.33212072499256;
  2.042769605819134, 1.526468457040232, 8.716259394084494;
  11.4574613331934, -2.95079387903157, 44.06921146127711;
  2.061104282298705, 1.595055370293248, 8.652660964019368;
  11.67269272493635, -5.571649956945839, 44.16906877799202;
  11.19259512520021, -4.202676812609332, 41.83443483004695;
  2.111044441171126, 1.556168277006321, 8.714684565514206;
  11.67524405646425, -4.75956928537734, 43.55251191855584;
  11.78713864903505, -5.220974058856619, 43.70345573719032;
  13.26054469605029, -11.54040587175765, 48.69836386849484;
  13.2677800286963, -11.54670264743814, 48.72493508935952;
  12.0641030384437, -5.133124575773934, 44.20200544583324;
  11.34566728795282, -1.361329889002767, 41.33783425149979;
  13.6088917993382, -12.00929111774213, 49.18259583065723;
  2.216855782873441, 0.2074268974838401, 8.828090106115592;
  2.159860522898701, 0.5639748028356263, 8.616535116254376;
  14.00600548657519, -11.93907499494348, 50.0346686932522;
  12.27092849725956, -1.982024456606193, 43.71446132572726;
