m=[-9.924406897574704, -2.092797985451508, 12.75664155247523;
  -9.86205288639451, -2.085980919662381, 12.88167394715735;
  -9.626786576457755, -2.09497240228622, 12.65084248431272;
  -9.258878797420652, -1.668049524848288, 12.77630649106085;
  -9.05730970737558, -1.335927918874869, 12.9997775876519;
  -9.227565102679533, -1.314078994559636, 13.23767026451523;
  -9.192959761286303, -1.423422997624423, 13.22878478214645;
  -9.1508694831602, -2.395079728919309, 14.666261114857;
  -9.14106868756277, -1.414243529371725, 14.7531694581756;
  -9.09894373432547, -2.891911046245872, 14.7510454925584;
  -9.139444447170209, -2.451241787487342, 14.81631907314654;
  -9.028405166513242, -1.638813629647982, 14.76161175116274;
  -9.015685635427024, -2.853181929382858, 14.8115007009629;
  -8.890911139326423, -1.832101656022157, 14.74556782374582;
  -9.124831617126894, -2.6542310584779, 15.20135930559183;
  -9.094589981354496, -2.468072197450693, 15.25570353641807;
  -9.099774050053627, -2.533047827838332, 15.47986567632697;
  -9.121768637232609, -2.872029224527191, 15.51633493854367;
  -9.057307276623002, -2.444337201031426, 15.53428208214976;
  -9.014094052666431, -2.777741089100009, 15.46396616745889;
  -9.065365036439287, -2.630849895628576, 15.62329392236045;
  -9.057285264375647, -2.86153468249088, 15.64103638344276;
  -9.071665173689985, -2.536919689630044, 15.68755741938012;
  -9.138425003109431, -2.788030196976843, 15.82477708028832;
  -9.13228701444401, -2.765727143905942, 15.98094587071338;
  -9.038002336682427, -2.520597013382837, 15.84617251542034;
  -9.058465828745723, -2.866073388738748, 15.882569183248;
  -9.077155311352769, -2.804926115897061, 15.97813751166607;
  -9.026608617343564, -2.578302487982489, 15.93112517427308;
  -9.124093857376016, -2.887299208996926, 16.14919944715074;
  -9.422533398065376, -0.4691695272812175, 16.66326501292924;
  -9.053083554104818, -2.641472338758296, 16.10199842744159;
  -9.093242385157163, -0.9935035229927024, 16.21783852308566;
  -9.091423457593576, -2.547357727180686, 16.30332117724628;
  -9.030133073485324, -2.601999905701325, 16.46990331479447;
  -9.054647740077362, -2.547989485920141, 16.70338388799639;
  -9.006152528998429, -2.749569946416316, 16.67710111869793;
  -9.049717938024427, -2.680323544283869, 16.82790017541639;
  -8.996093980588586, -2.745558282951751, 16.82856019852343;
  -9.070808036031918, -2.562144390168839, 17.00529806754018;
  -9.020174967739237, -0.5944507931450412, 17.28434967499956;
  -8.997122560118875, -2.643796828756367, 17.27773559630381;
  -8.952477726518518, -2.753992927933954, 17.19988673600861;
  -9.100981801152118, -2.537744079776522, 17.53986292393518;
  -9.401126077046078, -0.4119125468028996, 18.1664395638867;
  -8.857259361527348, -2.414652250694484, 17.24518958883407;
  -8.891037856630208, -1.758290267130507, 17.72206491551882;
  -8.900425086908518, -1.896681716731469, 17.83894697575851;
  -9.00503012333537, -2.697237297999703, 19.59529838476043;
  -9.023890469255763, -2.779861127160923, 19.64985370236688;
  -9.12647729015335, -2.434983411629742, 19.90459085769383;
  -4.864498951760562, -0.412003968795057, 11.73564344115403;
  -8.922808761449044, -2.17582191576564, 20.78947093006926;
  -4.564481688771964, -0.3123598576332843, 11.28978527624116;
  -4.830104478777602, -0.4043464008711973, 11.90423332687381;
  -9.012209124672697, -4.288404084761968, 21.56046467036604;
  -9.311262763993035, -4.74846652518711, 22.95363720940713;
  -9.209018225880824, -4.767789056679108, 22.81739078784011;
  -8.785979718955758, -4.219343291649265, 22.99677544476025;
  -8.857351999614606, -0.9187509436680598, 23.61931855713364;
  -9.206063343280929, -2.222007669548947, 24.69323906257107;
  -4.720266043629948, -0.1071302464127467, 13.83852645542337;
  -8.976270741006408, -5.325676412727937, 25.98704116473702;
  -5.155370338180084, -0.2724392728879738, 18.04949903624864;
  -1.52444108917987, 1.958975234972212, 12.4914972642801;
  -0.2488320800498517, 1.839754363201486, 12.70870755056328;
  0.9707169502264976, 1.88482816064884, 13.53089546906043;
  2.360736989373345, 0.3259899262786959, 22.1590009428216;
  2.605640671938156, 0.4806893314060863, 23.3412768034942;
  2.012246718074544, 1.594133188178833, 18.22299263966336;
  2.398525224347246, 1.727409668313327, 20.78013354113655;
  2.529339561225297, 0.6950164370359416, 21.52526907461033;
  1.634782617154273, 1.856031427224214, 13.63427704066887;
  3.323820453754843, -0.05735818846159181, 25.68996181953949;
  3.086756230653146, -0.1726769582008919, 23.6470838524964;
  2.605225672318829, 1.051139980596261, 19.42113371843058;
  2.823136377337136, -0.0005766538102264388, 21.02686351980409;
  2.606440964531435, 0.6166317422190215, 19.46088907657229;
  2.672746831244361, 0.5653499025600389, 19.43914111957986;
  3.048248890864832, 0.9304987713546489, 21.49407874241913;
  2.779385312340632, 0.594348679967882, 19.59392746262016;
  2.606187427369095, 0.1830159186534335, 18.01398870289253;
  2.848625739984019, 0.6968097227715244, 19.27686667675728;
  4.032325965602208, -1.890944397642751, 26.02902537980752;
  3.997295471089739, -1.465038449061786, 25.27146399084568;
  4.314264067740609, -0.9671853968259927, 26.11155035789323;
  3.223034439642252, 1.204856805267985, 19.67110128066614;
  3.114822057049956, 1.041955165588334, 18.92567894348662;
  4.216381599351727, -1.260639938748942, 24.80937309846128;
  3.255457763945237, 1.014608184441525, 19.38385556484627;
  4.989352882409491, -1.940904265441125, 26.74173869340096;
  2.1240279079937, 1.236676334995276, 11.40776249365457;
  2.151856227151686, 1.361663899326045, 11.3325731952257;
  2.154694510223433, 1.611314498719933, 11.31178049208805;
  10.03337619563751, -8.165483635071986, 48.71174937200107;
  8.919907068594892, -6.764341664472314, 43.08553410477363;
  9.776590481341843, -7.228762723659886, 46.36024980460704;
  3.792092857246157, 0.3103432643920601, 18.45751324411021;
  9.572355101609238, -5.765836792379916, 44.87789649858267;
  4.131319335926401, 0.2401719586488132, 19.71025089140267;
  2.134818654098008, 0.7170682022246055, 10.59464693643352;
  2.267600095815882, 1.777127222721199, 11.08961965368781;
  13.49566118337832, -11.24875023896578, 59.7324275326469;
  9.879122724630973, -0.2286668066611544, 43.82570965118975;
  5.165422303130796, 0.3449654256024919, 23.21232946360944;
  10.08210110360903, -5.79572578593736, 44.17410942819682;
  9.251227992693899, -5.31809590856497, 40.53368970364427;
  2.34946214051372, 1.596772708480955, 10.77161290040369;
  9.963562765833499, 0.01427558307872585, 41.8530245871894;
  11.43658068860387, -6.219476997340666, 47.5845419718151;
  2.469373361029075, 1.890737077911151, 10.95237216584615;
  11.0474926520354, -0.01335227349412979, 44.90564407936247;
  11.84784109758815, -0.7619571613312932, 47.68705258266488;
  14.92145731227947, -13.65896641581179, 57.6517935073554;
  12.36703406234591, -9.884659504813083, 47.80147217427733;
  13.43445759557342, -11.76371413652566, 51.61795401982934;
  14.57048356539018, -12.28443292620429, 55.75965993127426;
  12.38562130712239, -9.792421974312122, 47.07091144605916;
  11.13344411516257, -1.051555081070929, 42.23719853922717;
  12.51670525659145, -6.200561509728123, 47.4075933396659;
  14.41797972158421, -12.64585757810619, 54.09742669680553;
  14.55427428428453, -12.38453219453447, 54.47565363608168;
  13.05775432440401, -3.421549457299233, 48.32968102181066;
  12.87207596042806, -5.071059906252243, 46.98991085350318;
  12.91605743217783, -6.146447376458349, 46.97523625912569;
  13.22813565945735, -4.975787705227524, 47.49382320351588;
  13.56610279960466, -5.532176975141061, 48.65336489499184;
  13.40942807858725, -5.939431829651864, 47.80500242154252;
  2.156177197723927, 1.593224637842009, 8.499979736584624;
  14.93685849024679, -12.86244652018366, 52.7465778767044;
  13.46544293405959, -1.685059272852223, 47.18392714700432;
  2.138952599749727, 1.282555067859298, 8.342524444489589;
