m=[-4.638043826771948, -0.6840985278558223, 6.656892624607809;
  -4.674322904566918, -1.223422108221917, 7.491620373309073;
  -4.684723963404244, -0.7247884004144365, 7.560880336772355;
  -4.638810243591837, -1.244150624148422, 7.520160890098498;
  -4.653717743211496, -1.479087918406765, 7.544524303482575;
  -4.625905313283243, -0.8396828162949371, 7.563441933864825;
  -4.630885156757025, -1.465530008542787, 7.6078915702052;
  -4.667376099811694, -1.357646379190754, 7.775536479423752;
  -4.654699442105422, -1.263183310528824, 7.808017171249649;
  -4.65801289970805, -1.296622244986277, 7.923868615798649;
  -4.663295835577734, -1.468259331609012, 7.932371777880563;
  -4.631119125238561, -1.249821433070489, 7.942880665335841;
  -4.628911744921973, -1.426423806603607, 7.941045899610096;
  -4.647637032782004, -1.348785774589909, 8.009760127223833;
  -4.64495769934533, -1.467515615044058, 8.021382815529666;
  -4.640945819308608, -1.297855090778354, 8.025550174822177;
  -4.633735369404238, -1.332628641662922, 8.059338754933403;
  -4.653890235704465, -1.409437803398944, 8.144024364039613;
  -4.640158186256332, -1.294087833816036, 8.135508752838842;
  -4.636285615062164, -1.466907871060749, 8.128984358570831;
  -4.633173052756503, -1.431693922752819, 8.155581083833679;
  -4.627190131546533, -1.32168085870166, 8.166560478670991;
  -4.646042669904167, -1.470229869998085, 8.22326807342081;
  -4.820589957529863, -0.2400282191682371, 8.524965058492445;
  -4.632138255406741, -1.351546685484104, 8.238815256535721;
  -2.747053551406901, 0.9400610460108348, 5.429511393072247;
  -4.63972402571404, -1.336919553581785, 8.462312292519219;
  -4.65173929561753, -1.309005403270803, 8.581204860976031;
  -4.604167116385814, -1.405647915769928, 8.525745074838213;
  -4.630740850094759, -1.371521611279702, 8.610836856715199;
  -4.677874272330049, -1.427661436476274, 8.750674344097913;
  -4.634504222657544, -1.478288574762576, 8.68703837310677;
  -4.65011623505071, -1.313473857890194, 8.717703242272295;
  -4.631785378512307, -0.3052455747013446, 8.87537086454344;
  -4.613918894360127, -1.419350083104879, 8.864460188161305;
  -4.65169767944934, -1.366897415377548, 8.932945176908183;
  -4.739873944520667, -1.281648504349341, 9.097225277566992;
  -4.641906422920656, -1.294362608455304, 8.9461119846933;
  -4.576860505203625, -0.9753295551038993, 9.173311507094532;
  -4.647960412149456, -1.392183258864229, 10.11414397388914;
  -4.63248430602398, -1.427063314694818, 10.08740511667461;
  -4.636939950788213, -1.237155531310462, 10.11303590835797;
  -4.593655597856479, -1.120160343061357, 10.702870818771;
  -4.622568990851738, -2.199620921821712, 11.05885738278494;
  -4.577457950549359, -2.198259854252491, 11.98122189714403;
  -4.697673253682717, -1.1338468582596, 12.60047474860108;
  -4.575701195324066, -2.714791546594574, 13.24703083845385;
  -5.122883158319581, -1.901926114876501, 15.07181272144882;
  -4.897091985108575, -0.6818991921461232, 14.82031612562402;
  -7.9490604061581, -4.633398198868186, 24.18496408453487;
  -7.737834073439764, -4.26777533225202, 23.71000314842665;
  -7.7029516235308, -3.103877976803743, 23.78880720268494;
  -7.432110491056789, -4.327833980016294, 25.22375519154595;
  -7.203766139608618, -4.035756494977609, 24.63208971580116;
  -7.27033952094418, -4.806967652558164, 25.38818306998388;
  -6.990999491199547, -3.825354663091097, 24.75085986652514;
  -7.156704500270708, -5.290514261659597, 26.04184111590759;
  -6.936453952413369, -4.503861318606742, 25.32445526764889;
  -6.681395221734165, -5.371912290308374, 25.10942759304204;
  -6.573535387240111, -5.391354565695915, 24.73488296380987;
  -6.663694679976968, -4.686950892496571, 25.23017188760946;
  -6.612931249996739, -5.06057736071685, 25.03391867511385;
  -6.574801620983759, -5.620174216854317, 25.23463793583544;
  -6.514089036683449, -4.703081837942991, 25.19317439710434;
  -6.471932710044857, -4.864534998116817, 25.27162624731325;
  -6.453108741749154, -5.638377969650448, 25.27884370935089;
  -6.347927886203674, -5.110557701390451, 25.12546906414019;
  -6.348649473051837, -5.423948637772893, 25.30160200943407;
  -6.189025007512087, -5.465755068309396, 24.7259927639218;
  -6.274088102908489, -4.689937264369571, 25.13272077001072;
  -6.153159905015831, -4.772696437174992, 24.80281351120466;
  -6.254514242200758, -4.569567898572801, 25.3134712156245;
  -6.246130579709647, -5.607344423412219, 25.51315995230593;
  -5.85756328816911, -4.304823435995625, 24.20144325989029;
  -6.045101126613235, -5.282571226733762, 25.04393342510122;
  -6.316648008337022, -5.656428379326552, 26.29225160687455;
  -6.335561463995743, -5.958754681232157, 27.36907348317416;
  -5.788410054326323, -4.876074066514793, 25.07867945621018;
  -6.142934017880782, -5.662130168358347, 26.6211271965979;
  -5.894344669632468, -6.168422105481045, 26.38721869381143;
  -5.689180157647096, -5.300654147965346, 25.85333088804121;
  -5.628751452071028, -5.131567446901622, 25.85066554605471;
  -5.535733909822265, -4.821364100947855, 25.50548864122212;
  -5.444308960925282, -5.355496022750746, 25.63417745198361;
  -5.287399246303029, -4.787340413927496, 24.9845777137986;
  -5.102192742941397, -5.505454654187844, 26.33138878869365;
  -5.777923022185227, -6.758735129692846, 30.1677571083041;
  -2.515797309315217, -1.442363203473172, 13.79707217984391;
  -4.914236670637495, -6.0133979342099, 28.34406810113812;
  -4.712798910062547, -5.858737605968789, 28.08785323692247;
  -4.103195404695875, -4.753810445719204, 24.71463583750043;
  -4.411491423974808, -5.846100713952183, 27.07951582210779;
  -4.456736203082619, -6.192559011519111, 28.75688958116489;
  -4.108272499814684, -5.029199538988793, 26.68687858498653;
  -4.175525869658667, -5.508031493842528, 27.79706375523921;
  -4.212980819869739, -6.117517936525063, 28.39428380931652;
  -4.043402360455803, -5.988346743840438, 28.1967524185554;
  -0.1247149547213192, 0.9220872246820231, 6.369620373777571;
  0.3699797396577328, 0.852922301487433, 9.042382380197658;
  2.661718236353507, -0.1577882595921422, 37.41339137767403;
  2.124656853577052, 0.6316273008292689, 26.33799458021451;
  3.111824942252458, 0.429145666803363, 37.80957288364809;
  3.528081974387884, 0.3936932081180516, 41.44018718002597;
  3.595920657487194, 0.1578884916729637, 40.44695827670965;
  3.906929400227555, -2.14181421362803, 42.5519910276036;
  6.689225819263442, -8.49082662150966, 69.86739554592762;
  6.090784069821786, -6.931875098018377, 62.89743160401739;
  6.80128308066166, -4.523377321207309, 68.59734237181873;
  7.96259040371697, -9.20705765835948, 77.08043247106222;
  3.793983966213453, -2.417722610452209, 35.99580575220114;
  0.9861554335425995, 0.6446353248011595, 10.18142934680644;
  8.770536711351166, -9.033289052245941, 82.67608763364329;
  3.982688946138255, -2.110120068694154, 37.29525519981645;
  1.086330392831876, 0.2060778377028209, 10.72325300453631;
  1.164739985619186, 0.1608368504221374, 10.93280384712769;
  7.152406091440504, -4.51598752974688, 62.26419371141932;
  1.168847261809868, 0.2156292749212028, 10.47051029435187;
  8.90204760093947, -8.615122228804452, 73.56528189203424;
  3.637830080784426, -1.136761179408228, 30.11174936900355;
  5.720156336221512, -3.681602854179403, 46.1928366504582;
  7.290847314779366, -5.673381401663036, 58.3414063005335;
  1.13273575726343, 0.8157924206419712, 9.813697210193167;
  5.301370862699436, -2.840275151268347, 42.26547467843856;
  6.105829547736742, -3.667893248463014, 48.6279132346877;
  14.31338884091133, -13.80669477180508, 111.5009023996062;
  1.136240136849763, 0.5837966505458653, 9.583942968068794;
  5.537019234907241, -3.809498879574556, 42.53408464263386;
  5.856347279382287, -3.447861621428426, 43.37610793776068;
  6.564615216972226, -4.982339861534928, 48.51073444169014;
  1.175640150249369, 0.6420875682159579, 9.282929490477025;
  7.177201019388918, -6.053382900325425, 51.86528713104538;
  12.9694365465137, -11.73164162959411, 91.27351751071781;
