m=[-9.106560156140583, -1.398847205408254, 12.19890873356803;
  -9.209265855739677, -1.48416450480814, 12.38663785020456;
  -9.114385945642525, -2.456106238711821, 13.77389679715062;
  -9.161046990692775, -1.479271607329853, 13.94181573603075;
  -8.979303792162796, -2.476048124005808, 13.73585465106989;
  -9.089082700616574, -2.96236763818143, 13.90250627328897;
  -9.04217087068929, -1.697946913456967, 13.94205317317258;
  -9.074518911077227, -2.947820874212795, 14.0719425369115;
  -9.100067783866043, -2.724879496222171, 14.33682273077869;
  -9.074020843412942, -2.537986081411982, 14.39732418747522;
  -9.080829564517604, -2.60047382234838, 14.62591088883066;
  -9.084643884658139, -2.934994362993748, 14.63475167627676;
  -9.000556993180412, -2.741096193939628, 14.56492749414479;
  -9.01409125696844, -2.634415146597971, 14.63274919042562;
  -9.0125180224366, -2.504523935736035, 14.63921199226884;
  -9.052249114492321, -2.865204406819207, 14.70487100674545;
  -9.070961853114074, -2.706187475497268, 14.81215274670884;
  -9.069899430406483, -2.942801334656033, 14.84366891576406;
  -9.034699505701136, -2.601172870864176, 14.8079536088283;
  -9.10414113810308, -2.849118117385578, 14.94975452005803;
  -9.022484030900213, -2.808593145941537, 14.98462578412509;
  -9.06013362253262, -2.603459852327461, 15.06756620006028;
  -9.029019460402759, -2.933102822959446, 15.01904123575172;
  -8.993076735390664, -2.855932311164632, 15.02480035486656;
  -9.015723301110359, -2.653482924941056, 15.09995414692004;
  -8.9977295224244, -2.923899853572754, 15.12599619009294;
  -9.388809185755452, -0.5247047013357362, 15.7844722467957;
  -9.009195025804679, -2.704302116059909, 15.21627302459094;
  -9.064937897963329, -2.759006832977303, 15.48138852278174;
  -8.978793922230496, -2.710516585768682, 15.47493467586602;
  -9.052642722206585, -2.683324968318451, 15.70289082273484;
  -9.026899048492945, -2.744181485748103, 15.69991237816408;
  -9.071648377083539, -2.629972142932374, 15.93158124343717;
  -8.931852295017938, -2.806774904601639, 15.74681856994427;
  -9.12093060907387, -2.936995662330561, 16.13508304058787;
  -8.982353767740095, -2.723220930130499, 15.9035676500123;
  -9.231566360505362, -2.897572225762581, 16.45029663213077;
  -9.042478417358671, -2.631551796519072, 16.15801618697836;
  -9.010198053296287, -2.852367264718573, 16.515741057491;
  -9.116406272150172, -2.755642327770483, 16.7046542899973;
  -8.969013269758392, -2.575440610197693, 16.50774522295555;
  -8.75923882482298, -1.799843470437651, 16.68354988865532;
  -8.893192415251487, -1.969207680033379, 17.04209611768959;
  -9.045188769555049, -2.797896416669208, 18.93542975206234;
  -8.96607198617083, -2.848796522832134, 18.78492993342606;
  -8.879999669422336, -2.448607321631667, 18.64217638424584;
  -4.815678109935686, -0.4345904804730227, 10.79071004962638;
  -8.889066458120729, -2.249313874949006, 19.98999229929065;
  -8.989065905483637, -2.045546819221777, 20.68591900717243;
  -8.928346786418572, -4.363037008104999, 20.67881225224913;
  -8.955398845048091, -4.421593969618437, 22.77961243142562;
  -8.974653515652248, -2.257625487242089, 23.4465017273541;
  -4.655234111394665, -0.1312862204009035, 12.87558351602002;
  -8.909877868657611, -5.416531499147542, 23.7302891766902;
  -8.865503009236555, -5.538549269052422, 24.40209757012056;
  -8.585972587083562, -2.348847815698915, 23.81018104157398;
  -8.748072985664519, -5.336028932406192, 24.77797708638978;
  -9.204042512283451, -5.393596394630365, 26.04972510834297;
  -8.829457339689807, -4.530793155036164, 25.02037023949957;
  -8.790282707669537, -4.726723829468931, 24.92603490152573;
  -9.008186908518995, -1.968102697946773, 25.6991049198005;
  -9.334452301431142, -4.201307337316791, 26.8280969242259;
  -9.279205331358234, -2.873090723349677, 26.83378273054292;
  -8.926704352813889, -2.039593735980104, 26.13746286935223;
  -8.709831559996969, -2.228196335227371, 25.62085667461543;
  -2.519502734973814, 1.989309262410164, 10.9738920479155;
  -2.489690521244165, 1.957777458389549, 11.1033205242376;
  -2.178771615018039, 1.983310341478453, 11.15432757356645;
  -2.192989814851869, 1.988706211278325, 12.37675861603185;
  -2.733333521848682, 1.948444590778848, 16.33445520428038;
  -2.111094840328609, 1.958902769757573, 13.62748932345323;
  -2.054323229008351, 1.958835770096979, 14.86804262077103;
  -1.202369838122779, 1.979712684295134, 11.95950977762989;
  0.3735108393446854, 1.840875430934579, 11.95190136727717;
  1.536392604334951, 1.841334919736598, 19.53373104415586;
  2.19315801082729, 1.362845055111371, 20.68162389304907;
  2.057652781978789, 0.2771087945017887, 19.05927199959775;
  2.62584341982237, 0.4624255221662747, 21.62581434783293;
  2.626159486223501, 1.335472314306655, 20.94788040407897;
  2.56035251243953, 1.769639991689922, 20.31368565910643;
  3.122781065053941, 0.4659552557836988, 23.76595838666574;
  2.574203773099279, 0.2392489167844611, 19.64753949589498;
  3.373698471474331, -0.07077608649021612, 24.19616651391879;
  2.766196755101628, 0.3462348733077503, 19.12184856069975;
  2.75195790444129, 1.105492462396988, 18.91386331179885;
  2.855682374952523, -0.002327135003173972, 19.55995292123046;
  2.745690601883404, 0.6282771075804865, 18.7831130949392;
  2.761320735656715, 0.5659240871939356, 18.414428794636;
  2.868867588820595, 0.6006371642103068, 18.581347336459;
  3.335808975449243, 0.2305328719128066, 21.06371922269419;
  2.467402695531507, -0.1587908555005304, 15.73292954232301;
  3.155504364325228, 1.346635492813209, 18.84919835378185;
  3.830494971903279, -1.360891925206246, 22.55609698435793;
  3.205074202407473, 1.855002561770544, 18.74056531774322;
  3.299900260850366, 1.209970089568855, 18.60395616970587;
  3.230850572089139, 1.052000553661752, 18.07243501971493;
  4.600684871616965, -1.367339714795185, 25.30656437264832;
  3.306404173387423, 1.004537398615557, 18.16110937150961;
  3.487572721067774, 1.756878470127246, 18.53867430907602;
  3.484333222343997, 0.9735957646987462, 17.98641047355641;
  3.544366289291098, 0.4831364646632738, 18.27621617618203;
  4.939073227489002, -1.876866652290842, 24.82932267095889;
  2.228292726284417, 1.235218437372602, 11.03671835612759;
  3.922617064604534, 0.9917055642793002, 18.33100244519859;
  2.07807616019823, 0.9016418803835836, 10.26894506752934;
  3.637960650669211, 0.7495065162438636, 16.33700936287252;
  2.218227259036256, 1.630903835740769, 10.35190680527479;
  2.300172845647067, 0.9058835250204695, 10.68510391943654;
  4.164228981546863, 0.2492316905969699, 18.43192419675605;
  2.376447670303655, 1.224684367528919, 10.78436327425037;
  4.230969181770921, 0.6254650854421825, 18.3220610345118;
  6.350635424421563, 0.05400838257201514, 26.45992203529843;
  11.3506706296598, -7.589682241421581, 46.24886560113831;
  2.303642587506391, 1.941231624591585, 10.18803944798389;
  4.352718124848434, 0.6692023116719741, 18.31261232029411;
  4.490952207314174, 0.584219424666192, 18.84998769687772;
  6.081282727529004, 0.3055538635555159, 25.00978535641594;
  10.30163200359745, 0.01753325113152843, 41.45586360493514;
  2.348919053355711, 1.812258841976662, 10.20951250172529;
  6.905975055607658, 0.216903475682017, 27.62092887769031;
  11.05350801218126, 0.005904628232005212, 43.14760874784359;
  12.96994148782149, -6.52400648077322, 48.33332639840275;
  13.09008957615465, -10.25854153967037, 48.5300228008395;
  13.10982960524655, -6.794899206806931, 48.50513773344682;
  14.27346457988793, -12.25684823705624, 52.68200219012866;
  14.66161183961318, -12.11632197790648, 53.97544177407236;
  12.47564655420584, -0.3683419140419218, 45.71831942778631;
  14.28354786342034, -11.07378880827387, 52.06183319585864;
  12.9801160344123, -6.305210710914907, 47.21229725388019;
  2.568051743338046, 1.934132942934963, 10.12082685497688;
  13.75555964224125, -5.324891798939144, 48.27180932966594;
  13.59929214010906, -6.355463297243873, 47.52893127927266;
  11.69066625903535, -3.913865455669023, 40.76844483828398;
