m=[-9.26854347356495, -2.538816119350519, 13.11543087804247;
  -9.220870636229764, -2.59050855326082, 13.20872598249335;
  -9.148524105234126, -3.017730580819608, 13.11199624093921;
  -9.107060715452743, -1.731841377833983, 13.1533560370965;
  -9.284693415411267, -2.854930244603644, 13.54146417534951;
  -8.825682141170177, -1.82501723473101, 13.06713500026201;
  -9.24022318815013, -2.630388988371378, 13.77846090179913;
  -9.187786738146146, -2.671284847925467, 13.92173642911652;
  -9.120713525037715, -2.819020800504432, 13.88245868894911;
  -9.155050262521936, -2.721141780068536, 13.98501603207177;
  -9.213862758213631, -2.601610157381075, 14.08147705542082;
  -9.159061671651255, -2.939157159481006, 14.00376606452792;
  -9.140824787867125, -2.767040188364158, 14.0559410863576;
  -9.143494013249178, -3.008692152830793, 14.09530745808177;
  -9.147753491663375, -2.674484874826349, 14.11910239452991;
  -9.145983027142433, -2.899316509646311, 14.1512500334371;
  -5.364760085904845, 1.833441791260009, 8.785776306931933;
  -9.524953633632466, -0.6334002814839652, 14.8332913575834;
  -9.191863997392238, -2.905788276658715, 14.39088680326563;
  -9.151253261773443, -2.66930394963826, 14.34957367585402;
  -9.14794361778535, -3.013871613250437, 14.34623432361092;
  -9.222090000339927, -2.975609043841848, 14.52867945101172;
  -9.160576728948122, -2.741497403110511, 14.47146395168553;
  -9.157206193031769, -3.020017343229565, 14.52220394667082;
  -9.61372582389175, -0.5669728235979652, 15.27347932664288;
  -9.158395302798633, -2.790866990423886, 14.59667422188969;
  -9.157950261395213, -2.856190540272606, 14.65499374744461;
  -9.187783978645665, -2.830713065062595, 14.82167745417331;
  -9.12986159625776, -2.797900312338085, 14.86713622261264;
  -9.131746669506244, -2.854254311742072, 14.94887552072522;
  -9.178644939300039, -2.832829550294443, 15.0984861538528;
  -9.149029150337022, -2.690725919757581, 15.20951401308297;
  -9.172060360815628, -2.92347305419996, 15.29739329271086;
  -9.09562941490276, -2.971285849302638, 15.24692163921643;
  -9.216599907023129, -2.845068921027369, 15.45248110950001;
  -9.214763616017144, -2.9394736423943, 15.5813350255184;
  -9.126154341888091, -2.695668801914466, 15.45291261217778;
  -9.168275665531947, -3.050823360963333, 15.52018888023861;
  -9.112542154879719, -2.929518874477274, 15.85515428957862;
  -9.106750542856483, -2.794632378140408, 15.8489054348077;
  -9.220630772358041, -2.690439616442156, 16.10694125030166;
  -4.890816984190184, -0.3002955774565684, 9.160730551582406;
  -9.066249163154033, -1.884043090486531, 16.39253106264757;
  -9.006564500805466, -2.030752522347231, 16.41187185298437;
  -4.757274263439816, -0.3346308893572286, 9.555227705944656;
  -4.832918147781478, 1.04481951055749, 9.710793209658579;
  -4.788219263804808, -0.4339841515470675, 9.850605621434928;
  -4.637386329112312, -0.01879843618033892, 9.765052588687832;
  -9.25802179048968, -2.987824176497718, 18.56465512358822;
  -9.371797595175069, -2.62749060049212, 18.82016467400959;
  -4.820108845165582, -0.4406909836838174, 10.1610090725545;
  -9.389609141267089, -2.414167031134755, 20.27845416396466;
  -9.164397739650294, -4.546319402807707, 20.44675935455092;
  -9.33374135775386, -4.675816133493481, 22.98556531548186;
  -9.161130176013002, -1.193743410505722, 22.98126945645845;
  -9.307061878380221, -2.590683170821305, 25.03304562041835;
  -9.02660735576403, -4.099673289732286, 24.82256429809167;
  -8.714255762828742, -5.171974913740983, 24.02496933514716;
  -9.078739920328621, -4.730849264606031, 25.0311900373012;
  -9.136028176734813, -4.316061315916852, 25.20164198932651;
  -9.335871325208196, -5.782813771755118, 25.72891468405919;
  -9.198187965055578, -5.022013498283672, 25.37587279415159;
  -9.331407690526802, -2.093162277433823, 25.91148843209571;
  -9.177246608268384, -4.936549171144651, 25.55298793461231;
  -9.326520153711567, -4.18412864952791, 26.101809370134;
  -9.853996129329627, -4.664333200597845, 27.6152284058889;
  -9.789763825081822, -2.172533614478795, 27.6209492959736;
  -10.01657866965254, -3.801126943135433, 28.22919509247863;
  -9.882577873620223, -3.131700141415314, 27.88235501706336;
  -10.07541748369992, -2.448883755053685, 28.42860508861824;
  -9.305730625850849, -5.058631130915543, 26.31440274391753;
  -10.29769732688164, -5.351043358122027, 29.25148051633686;
  -10.20238746485223, -5.087381228238252, 29.00048651495677;
  -10.00533661059317, -4.69879948666892, 28.48389147523454;
  -10.04539058880027, -3.981258051271616, 28.62270572294951;
  -10.11024832205382, -2.370510188167837, 28.84097424805489;
  -9.995512914477725, -1.520600475340116, 28.95215694427825;
  -2.191649704808003, 2.03816884895643, 10.40593823615094;
  -2.133284160896035, 2.025011961810688, 11.11756590139481;
  -2.17437166232431, 2.018082339427338, 11.50962634270374;
  -2.107200987353437, 2.005940273803208, 12.88917045063644;
  -1.309748847617301, 1.974855161651598, 10.64750946196701;
  -1.113061163623705, 1.913210555089841, 10.52575337995138;
  -1.416355030195202, 1.894885699797449, 16.06467010043021;
  -0.8628811537453027, 1.99009583181291, 10.9680979466021;
  -0.01904366927374909, 1.984980543753341, 11.40503041905734;
  0.9056992694363765, 1.780737726577496, 16.75513204593101;
  2.152951352556074, 0.4800849815175618, 17.43492031911993;
  2.256492622357639, 0.3049223276162065, 18.04081571392014;
  2.508694542927613, 0.616612795496212, 19.76212246504404;
  1.507736363449755, 1.921773292096533, 11.93734667452349;
  2.558476790032909, 1.294378588372858, 18.90455504700364;
  2.601348595856388, 1.774922097898436, 19.082985017456;
  2.85487492200984, 0.454787841775207, 20.28738438811513;
  2.50959558927496, 1.238798167179188, 17.93550700059498;
  2.755972427898102, 0.2710488280080756, 19.39678219501247;
  2.663980547750474, 1.413788700737658, 17.85926810394703;
  2.486099893076478, -0.02988404694896535, 16.65305333320227;
  2.749761207855516, 0.3691276808916119, 17.56341122914438;
  2.95543693548737, 0.03062864889016635, 18.71960620086273;
  2.786393171749628, 0.6522761739134135, 17.59860634804503;
  2.775945051944555, 0.5863829941212196, 17.08120604134175;
  2.834388698684974, 0.7259988234422322, 17.0127037927348;
  2.895510175060204, 0.6240628413205721, 17.327029675106;
  3.08477500947636, 1.323277457827387, 17.09031521118016;
  2.972564730192161, 1.72400383736785, 16.14590475999997;
  3.421503391858872, 1.261230758952794, 17.88202259834897;
  3.27514349579096, 1.080404240532765, 16.96212795618095;
  3.339283994639036, 1.0272239859094, 16.98650366716666;
  3.509805388522165, 1.769737581836469, 17.3257379431272;
  4.511229823344788, -1.627129032019305, 21.85730833886075;
  3.653191793199884, 0.5207541547571434, 17.46019974859173;
  3.577200020775225, 1.747270004650056, 17.09358211136858;
  3.547428675759688, 1.005840126954712, 16.96657459439296;
  3.913974190625516, 1.015372269709384, 17.00773894986503;
  4.023282258635684, 0.362432549835198, 17.3565149506822;
  4.044536551056258, 0.2101397188350712, 17.24988476725213;
  4.145338872361047, 0.8861045878666602, 17.18670192568554;
  4.30241363053104, 0.2910430591922921, 17.70465174165434;
  4.223076032710964, 0.6449863379248539, 17.00237742217849;
  4.329979615257421, 1.195743029073753, 17.28915751809204;
  5.622313172098055, 0.3131920963189887, 21.8615840201252;
  4.729641779373268, 0.647245917896971, 18.50281937108437;
  2.30978280354306, 1.699371890036048, 9.566774987578333;
  2.304391744716361, 1.856373603497546, 9.503751849060773;
  4.456833893967156, 1.054652924589512, 17.16728690141981;
  6.046909267826242, 0.4333179260662894, 22.25997088822462;
  2.287930609496939, 0.9095498817097704, 9.018426988134573;
  2.323785990907101, 0.8468387488933515, 8.996291308755746;
  10.86718394588657, -2.745269738277777, 37.46998437719819;
  11.95995918830713, -2.58040444440152, 39.39075297318814;
  2.645322655696665, 1.994195304286889, 9.254495009591917;
  11.08363998894813, -1.684991592847469, 35.28282212217017;
