m=[-4.506204797448942, -0.7432067720970947, 6.424115272322938;
  -4.458860193446016, -1.252670807844558, 6.387234439453874;
  -4.478543761005349, -1.274894767476519, 6.678133076606162;
  -4.433909214949993, -1.370428121679287, 6.748766019031338;
  -4.439383571982623, -1.319511282742438, 6.781486572591525;
  -4.440029774482971, -1.253679033809359, 6.785664062451144;
  -4.444589719872041, -1.426275765404082, 6.795564537199206;
  -4.443301692146758, -1.345042119997287, 6.832511098629288;
  -4.451422114154037, -1.464752835665003, 6.862164861024404;
  -4.444202494818057, -1.299330197724332, 6.859405442390389;
  -4.453100197783686, -1.407741275673519, 6.971824309855505;
  -4.443264931810552, -1.296043754063105, 6.967237784434129;
  -4.442608279160777, -1.463656920154425, 6.967106712042035;
  -4.460777984522724, -1.439319212112131, 7.027605828708234;
  -4.42628779593833, -1.324660756307868, 6.992448857099671;
  -4.443540260131909, -1.465465379729997, 7.046908908962076;
  -4.433407307222836, -1.35100633896544, 7.065976081716179;
  -4.424700085936752, -1.379979817347313, 7.080618505547744;
  -4.434715894988308, -1.407595297686226, 7.137055566172469;
  -4.441152162836766, -1.368298109804511, 7.164439764306883;
  -4.423238744695572, -1.254820690839671, 7.154486062596444;
  -4.417686034113129, -1.353826123686592, 7.193793615098634;
  -4.417240704968069, -1.32976310428452, 7.246782532384335;
  -4.408032430679472, -1.405002096168612, 7.351827516007727;
  -4.441909468593447, -1.371171441377476, 7.44727153678943;
  -4.443490697220363, -1.41745619627181, 7.513542410987006;
  -4.415564796678675, -1.304262432929217, 7.476680141524702;
  -4.430035053277493, -1.474132642110217, 7.499227039107077;
  -4.369046072893343, -1.40456995605205, 7.601819383288861;
  -4.412388123716816, -1.354050784352922, 7.679086166394672;
  -4.41894497436004, -1.289380836887779, 7.719177662303338;
  -4.334203047844457, -0.9006839717403296, 7.83659888615891;
  -4.316544234367999, -0.9732715610910545, 7.865659632576949;
  -4.349858641625214, -1.366801309296601, 8.718870652049583;
  -4.437472848194568, -1.432097370089107, 8.898245749609712;
  -4.457692391957326, -1.249765025418725, 8.951805033210324;
  -4.331795251782518, -1.113750010798448, 9.355246862714202;
  -4.319494683811187, -0.9987093496727305, 9.562547658035774;
  -4.39151303973838, -2.19996534450759, 10.8146782666997;
  -4.499459338253062, -0.5863031997887862, 11.28717586957964;
  -4.236605631209759, -1.179287626278475, 11.39512591918565;
  -4.361368679719123, -0.9783146017333692, 12.11066516870475;
  -4.490350117776463, -0.9964935565303738, 12.6691241117082;
  -4.791777004465937, -1.518471082588031, 13.5193498406683;
  -8.424816588876009, -3.71344521009653, 24.79049907703115;
  -9.07943705485636, -5.176576284279515, 26.79101765323668;
  -8.760080126600297, -5.068332219419689, 26.05634285834696;
  -7.70668302192476, -2.435867538246102, 23.19514448132119;
  -8.190609402759538, -2.211359043026746, 24.74854745758627;
  -8.66802731775207, -5.297535425074981, 26.06986789403113;
  -8.188410090376024, -2.894986547971429, 24.78146272483068;
  -8.59032439935728, -4.930803497370729, 25.94866759620936;
  -8.102745041789833, -2.608165806638974, 24.69652738862137;
  -8.366160333206766, -3.556200131828379, 25.48506834512974;
  -7.785900047367211, -2.21738875180568, 23.85345002312595;
  -7.887767658333964, -2.097705755894765, 24.2367933350065;
  -8.142694559554672, -3.380791212080699, 25.17182865751075;
  -7.536792114432602, -2.051741247008544, 23.68236721007647;
  -7.643838162893679, -2.384480178098684, 24.16616686037395;
  -7.723042724905763, -2.265032078440391, 24.45647534998327;
  -7.808456124860637, -3.001410674127055, 24.88030511700042;
  -6.631481057413997, -3.281235129733509, 21.86406171876499;
  -8.133108723462922, -6.205949515890168, 26.96040430843344;
  -7.542246809228047, -4.624043634575608, 25.41750591602611;
  -7.277928385372706, -4.288227245670553, 24.67374817564702;
  -7.59343157699684, -5.286033262123005, 26.38193484899896;
  -7.067448649685645, -4.820005448256286, 25.66312902220903;
  -7.128961151945974, -5.532881756413866, 25.85353207159862;
  -6.849265776084975, -5.786151257640266, 25.65583636572752;
  -7.12775071332607, -6.145160218387312, 26.72637500473309;
  -6.842826516893523, -5.514044140972495, 25.82848974120973;
  -6.763629757638543, -5.963009867212525, 25.91644314401978;
  -6.712849827107466, -5.104336551987077, 25.88753632141807;
  -6.589062818450712, -5.212982661258669, 25.66707980426986;
  -6.654785985431503, -6.113842219083299, 26.03426616296513;
  -6.623134428384398, -5.613667626978752, 26.1704965409275;
  -6.380977938799644, -5.740482309652895, 25.41436085537237;
  -6.48265164734449, -6.023219915267241, 25.8576139515692;
  -6.232426052785075, -5.892742938179642, 25.47338871420166;
  -6.16744470423882, -5.681978501882067, 25.55772001440029;
  -5.86404127643165, -5.535865563102917, 24.46968520066369;
  -5.598065507760164, -5.535163164730617, 24.2756229051607;
  -5.635591594874753, -5.478776753750783, 24.52247444151911;
  -2.110148393515482, -0.329202633312125, 10.88288576228423;
  -0.8907714289830755, 0.8417660719790557, 5.212852181469159;
  -2.162776915001321, -1.32287648373103, 11.53468583417476;
  -2.126345265338916, -0.6289694439880742, 11.55170459595474;
  -1.76095764935665, -0.6896029831757197, 9.920208726280677;
  -2.01245361072647, -1.153608115409422, 11.21846010156128;
  -0.9703324742088642, 0.9501851214345862, 6.708609375524114;
  -0.9205854167332984, 0.9277520264996221, 7.592555996168279;
  -0.6152249141735935, 0.9510260877527577, 8.151022297873089;
  1.44634488362223, 0.2093550624408612, 12.27260454473282;
  2.959195381027765, -1.282199408286993, 23.70006271669972;
  1.446109738289218, 0.2700647230980817, 12.11299471277288;
  1.377923396138898, 0.3072620881017931, 11.15862863738678;
  1.393449939156503, 0.1882984214769213, 11.14072933800682;
  1.484742934636317, 0.2727157374698053, 11.7312143627462;
  1.48261104121181, 0.3644114192110085, 11.679198269496;
  1.52527214214383, 0.278002945337045, 11.63228044484663;
  1.595517110548861, 0.1688122346280719, 12.04040526878435;
  1.572613455540948, 0.2505207754911419, 11.17534551882244;
  1.454920843167782, 0.7181847472196745, 10.39798726116118;
  1.567502091498756, 0.1541632276506411, 11.03222091456717;
  1.47042247860191, 0.7803610605616032, 9.857680565121589;
  1.533039707148814, -0.01842783176599169, 10.26901295324606;
  1.704995135264317, 0.01766970451319773, 10.79936341164776;
  1.579213107901237, 0.2119934161875224, 10.08682832286939;
  1.560545383432117, 0.3653133313143241, 9.856262988914816;
  5.410607251760349, -3.926114726122119, 30.52427713608703;
  1.586867788091057, 0.3352055849245019, 9.764464044331152;
  1.622140606278413, 0.4154942376683843, 9.736490149564041;
  1.639448411251654, 0.3533466546022178, 9.81062733511968;
  5.735340408528946, -3.517272070359717, 30.25059245045503;
  4.349561430220772, -0.3811638838331235, 22.28749718969181;
  1.707097413082103, 0.7322944195630176, 9.457685826726072;
  5.429718097438511, -0.9980756208815934, 27.13644125557527;
  1.784710175383635, 0.6578778715712349, 9.32754524331329;
  8.600623934567075, -6.944476941596984, 40.53245999097135;
  1.822782518535255, 0.6012994438641779, 9.440279595510633;
  5.441772878173481, -0.5506362355037155, 25.71773936232695;
  1.841973039164694, 0.5666241296835068, 9.369877445232204;
  5.673085131009588, -0.7687640005996154, 26.14645082977031;
  5.484561987974466, -3.233094114120513, 25.19459967368123;
  4.745355410851778, -3.048454477815506, 21.18658255670905;
  1.968676377351709, 0.5581997210709609, 9.415748042179889;
  5.16739874510848, -3.632187669565673, 22.46232829699224;
  5.355129240030655, -3.068840182358576, 23.0972377600687;
  6.485468192415859, -5.118041971597845, 27.73102533237466;
  5.645177583558207, -4.232584848757994, 23.95847117374552;
  5.67002602075705, -3.355991185320422, 23.6227256362646;
  6.803053348407118, -5.415106331995984, 27.8895068880952;
