m=[-3.061380723920689, -0.8932642661866652, 5.347733867927817;
  -3.037073986351099, -0.9543015171234126, 6.087520866610579;
  -3.078942376654195, -0.9936613543576646, 6.174051504901771;
  -3.083018741496129, -0.8643595513194393, 6.191226370262967;
  -3.065345752212188, -1.535610702456689, 7.548816953608389;
  -5.817098380413321, -3.365607017161496, 17.30261683115541;
  -5.297514438081202, -1.674396548606099, 15.94416332339173;
  -5.465461242056324, -1.475604139767848, 16.51430562432356;
  -5.521091102569455, -1.951964336867907, 16.70906950783119;
  -5.949038352328484, -3.635803195041484, 17.89226524749217;
  -5.458074895500986, -1.75688167887555, 16.63578150993031;
  -5.823430198477025, -3.342619982022239, 17.59075064747424;
  -5.60920393823975, -2.384301876865245, 17.08680446398014;
  -5.407777112313054, -1.540110207961114, 16.5676595255526;
  -5.381577525599163, -1.431199122519248, 16.53600713840146;
  -5.488520830163128, -2.278796392794105, 16.96687809048811;
  -5.688679102974762, -3.687157334036897, 17.55714907387882;
  -5.191567777662187, -1.413300723217824, 16.31312269727538;
  -5.162415936990071, -1.610405428598657, 16.3210944917138;
  -5.214893894953208, -1.529436308780242, 16.51394774541502;
  -5.278780294758062, -2.029055074359041, 16.81992730432792;
  -5.172384928567282, -1.879238745545152, 17.01491143522663;
  -5.17723390527547, -2.141298942652227, 17.02474268917887;
  -5.260854127505104, -1.540654250337916, 17.32721641393387;
  -5.090624592533733, -1.910843810385581, 16.95919514209553;
  -5.086120407496559, -1.846247757815973, 16.98637075082317;
  -5.413280453548601, -4.130590940357395, 17.94445821701373;
  -4.954468417354122, -1.575747502640418, 16.75025447111385;
  -5.076557219585853, -3.112364616345327, 17.10808813681279;
  -5.008199341577237, -1.798235765986703, 16.97854201589412;
  -4.930972945325495, -2.905377933411241, 16.71706264084917;
  -4.988203635110152, -0.7222686068199018, 17.05653241597484;
  -4.831691360609796, -2.45580371004895, 16.72027624742593;
  -4.872305105744675, -2.053710070468943, 16.88814559549219;
  -4.896557364524357, -2.437845952605532, 16.95719382263981;
  -4.880540303122269, -2.283502440718932, 16.9102303708929;
  -4.98817368108882, -3.472428997103087, 17.33046143045944;
  -4.775735642218151, -0.7576763499466086, 16.85115176682407;
  -4.746941142839153, -1.761093752837705, 16.91030744400463;
  -4.629861147476346, -2.23659498039057, 16.74978811117932;
  -4.631770950928749, -1.447649178892274, 16.79460426038844;
  -4.410872225831887, -3.423336717372369, 15.99624743685691;
  -4.723724748592017, -3.221583934011222, 17.15266197143305;
  -4.881577269932025, -1.502819062507073, 18.06194746573951;
  -4.601980067393749, -1.795027291590033, 17.18244114415568;
  -4.622530989729852, -3.9050409743327, 17.31497981609967;
  -4.498970013450903, -1.47043368797637, 17.02652741813557;
  -4.533731681319866, -3.358201718928797, 17.10703639452288;
  -4.587990024931303, -3.697065745179457, 17.31752997086169;
  -4.449305322492442, -1.528120259351121, 16.97575814603866;
  -4.50073291042226, -1.18461291075425, 17.20680895604683;
  -4.464963295131318, -1.861571149658553, 17.1912099451921;
  -4.525271989818517, -3.989609498750795, 17.33964726601234;
  -4.482352184839962, -3.408304175607691, 17.2858112394914;
  -4.413557730079755, -3.491816750774242, 17.19260259008208;
  -4.115124609855487, -2.657756264958198, 16.15063867877588;
  -4.43601466605135, -4.075426889632558, 17.35418490866906;
  -4.368034128986004, -0.6777190238317051, 17.32612045715312;
  -4.285425219951461, -1.983098086598299, 17.04890833645969;
  -4.400310024774564, -3.729635598046083, 17.38728083018274;
  -4.332405827369517, -2.382231283877249, 17.23057818951923;
  -4.038247025890787, -0.5491331514888751, 16.29702028379955;
  -4.338721649970275, -3.903219086014837, 17.28039788272702;
  -4.314969408097461, -3.399515638935616, 17.25392549580456;
  -4.34275196281546, -4.034976971223018, 17.32210981719195;
  -4.304582082947722, -3.513463811338319, 17.30847756327431;
  -4.304356433158868, -3.315288494152771, 17.39531593661555;
  -4.203103530101342, -2.448262878474002, 17.07204163573375;
  -4.14511559047877, -0.6020212930439186, 17.13694235589342;
  -4.248543877043633, -4.016987400565726, 17.36479642641112;
  -4.161077018775132, -3.215515174744295, 17.12702076969001;
  -4.150514446093183, -1.081955990933452, 17.21319540362801;
  -4.109517573261249, -1.408146021706183, 17.03690528247758;
  -4.134577356239502, -1.155543513424407, 17.30698261621666;
  -4.033309080920873, -3.80758862256968, 16.83033915940791;
  -4.120714870066582, -1.509833833014116, 17.34857692436196;
  -4.096721156075676, -2.023537483047488, 17.24023377298941;
  -3.994527819973724, -1.221655443917941, 16.95191534971787;
  -4.056304528417649, -1.874218140777703, 17.296316973636;
  -3.99635190557798, -1.141702784102878, 17.18612720409895;
  -4.137507643797255, -2.028892587362846, 17.74198637092867;
  -4.008733101102212, -3.564938405501832, 17.38942909110861;
  -4.080146524651812, -4.034300191494637, 17.69327248724522;
  -3.953170523800672, -1.332918027199343, 17.37714228761912;
  -3.927059512122588, -2.1673424774113, 17.24693860306135;
  -3.912628655433876, -2.38699932018529, 17.19043899171655;
  -3.90415416528413, -1.142641231116224, 17.2910999149665;
  -3.936192245366654, -3.741365422529707, 17.40503638915743;
  -3.967302345821422, -3.750219285862384, 17.79391218460846;
  -3.820819853414963, -1.891645069656746, 17.40885191647577;
  -3.740617451829735, -3.168210186070298, 17.13487843781588;
  -0.4620394036025202, 0.4205988769759951, 2.948473880138377;
  -3.811217788119067, -3.673729372884008, 17.58878172569549;
  -3.715361846121223, -1.678344827303527, 17.31330447691904;
  -3.907331733992316, -3.601518030930122, 18.08104238351436;
  -3.593362698042783, -2.431185305704763, 16.99932150142323;
  -3.880490239627623, -3.724923981996163, 18.43114732365983;
  -3.803554941375823, -3.95946906771811, 18.01863383666233;
  -3.419922166971579, -2.842774515445067, 16.83170169625684;
  -3.527716875924479, -2.341450774043082, 17.46699454009833;
  -3.346798735605469, -2.43655264923396, 16.88095211171613;
  -1.597640630083785, -0.977207221110816, 8.52065814837783;
  -1.605242886255673, -0.2886325407598036, 8.63100032615529;
  -1.631805898129234, -0.4826855098149896, 8.865041816302121;
  -3.39335102488545, -3.332458900230121, 17.34925146770675;
  -3.281542198367942, -2.572891976378523, 16.88085562148456;
  -3.422951418167746, -3.920391097705017, 17.8617380686354;
  -1.525115416369782, -0.8742489823778267, 8.501784268529857;
  -3.071930176354703, -2.8336700745201, 16.783878416742;
  -1.357940424462025, 0.2912809281393318, 8.341531896829466;
  -2.870733834733583, -2.937954306647403, 16.85783495666898;
  -3.444351744687038, -4.497753104398963, 20.26401781722326;
  -3.417770662359824, -4.528052805263194, 20.76840553818751;
  -3.318104901849993, -4.717443225182307, 20.84733443922311;
  -2.691460665504637, -2.769400543098224, 17.1588062107334;
  -3.082470705888652, -4.172167290022604, 19.4641377975676;
  -2.909016740545684, -4.346427721387823, 19.30603256497616;
  -3.024740117363759, -3.978119898538366, 20.11716574032127;
  -2.963544662169576, -4.469646875834308, 20.1363058043204;
  -2.915445468192153, -4.145115565059369, 19.96683758347092;
  -2.881611645100557, -4.527631329601277, 20.07676281955549;
  -2.750810558560963, -4.388422896783131, 19.77372759276837;
  -0.5749905232356549, 0.6573221207640769, 5.462585289413214;
  0.2050574337903333, 0.5028407965432564, 10.42574120793732;
  0.217105181232296, 0.4952095641472676, 10.49132109783664;
  1.085863221759015, 0.3996576607320973, 13.67590773646807;
  2.515649537138125, -0.5313476337020945, 22.65191432447496;
  2.069699690136877, -0.5468760048881095, 18.37730843213571;
  2.749818150884219, -1.539363026363552, 22.925637177327;
  1.970551665251663, -0.6415702291309158, 16.6699749456245;
  3.362951482787829, -1.756426733138069, 26.08685447713618;
