m=[-8.852121251208001, -2.512869493587083, 11.79993990003229;
  -9.077857587010312, -1.74742335985528, 12.19081974803783;
  -8.74649748059471, -1.920778313695207, 12.07702486636151;
  -8.923916901543045, -2.576822512927578, 12.42697837618852;
  -8.863853699127651, -2.765817668554588, 12.60691958310341;
  -8.850669032925381, -2.66153998786925, 12.64089647571674;
  -8.811544162234194, -2.515355605424285, 12.59566459346083;
  -8.866380659746369, -2.875136650243408, 12.67725886607637;
  -8.889994860110575, -2.721645174298793, 12.78662902067821;
  -8.897353230473785, -2.955353120853947, 12.83295697602952;
  -8.871004081628655, -2.621545694985119, 12.81014050132518;
  -8.95940843269597, -2.867319601761687, 12.97329362298628;
  -8.860018177621114, -2.825546795810896, 12.99724692719346;
  -8.879804065283762, -2.617681857325879, 13.04304381586153;
  -8.861878139455142, -2.947044383772178, 13.0204210278885;
  -8.865596797224725, -2.886802360751479, 13.09675482182228;
  -8.773096783134532, -2.651050588899508, 12.9908446645355;
  -8.860613058706221, -2.950981662327189, 13.17721767589783;
  -8.828580523916898, -2.600739924718532, 13.15158406087119;
  -8.830450912062348, -2.716213103107677, 13.20075407756857;
  -8.860780821734933, -2.660381158829658, 13.29133529025353;
  -8.79978035064538, -2.772458209855217, 13.21301705940667;
  -8.806547011404739, -2.605883798782964, 13.30497714881241;
  -8.832130877236311, -2.745263002207791, 13.37869890754009;
  -8.799998570851955, -2.72375688679178, 13.45959612834543;
  -8.829609515573218, -2.789090430282227, 13.58260777003877;
  -8.86605979947441, -2.764243126570445, 13.71368407245888;
  -8.814962920910698, -2.618382335683215, 13.78540914699859;
  -8.72667882780112, -2.807671358821022, 13.69881646290058;
  -8.779280413103136, -2.718533837671826, 13.85989500193959;
  -8.803861899200728, -2.892717872910063, 13.97344576549629;
  -8.822004446203367, -2.846051353281435, 14.05926650474848;
  -8.807641969899404, -2.630363053353277, 14.04599407224161;
  -8.794718729350997, -2.953170592693908, 14.02760036357208;
  -8.741430706834347, -2.611360829685035, 14.17574403218456;
  -8.636190672556616, -2.804003117744004, 14.17891396914916;
  -8.795247346391152, -2.724287042426161, 14.44153870170065;
  -8.722443373419571, -2.565890290516454, 14.3884539647857;
  -8.663592289304944, -2.502262068560908, 14.44063128052478;
  -8.615527988762517, -1.814145642611537, 14.72273440709471;
  -8.570556994240198, -1.949944142904686, 14.76267574471074;
  -4.911444664544221, -0.447917373392098, 9.42197448256;
  -8.713603039664438, -2.836206889965884, 16.64921261727425;
  -8.717433128984826, -2.466210657791414, 16.68920977894917;
  -8.280253625293137, -2.147905549947206, 17.11549441795897;
  -8.471161242118129, -4.244297077431568, 18.12702332572595;
  -9.012602201271474, -0.6158570796235838, 19.38467875853178;
  -8.601155536414053, -4.442150516294353, 18.71183440321849;
  -4.698979653457984, -0.1296996867709294, 11.24384275353455;
  -8.278836594129247, -4.186277133725747, 19.66505105221861;
  -8.738774851305815, -1.143108396933179, 21.09979416426712;
  -7.873845823472714, -2.208569130999859, 20.47677872749798;
  -8.285313974628274, -1.880116936597243, 22.27093202674652;
  -8.560091712942125, -4.042211331504205, 23.2950369517644;
  -8.181412633553814, -2.00475236035886, 22.42147130392278;
  -8.979616718318249, -2.864206385829131, 24.60084558059442;
  -9.424769877533892, -3.551870725175995, 25.81396748933485;
  -10.70212300580634, -5.734218440445072, 29.37794095222299;
  -9.568070759263925, -4.941916409737428, 26.45432687849669;
  -8.514295688123044, -1.304001668016314, 23.9577518449449;
  -8.497075015228598, -1.426054319201259, 24.01836262766277;
  -6.164906830512918, 0.3646902035518765, 17.80444861503772;
  -2.59205364812397, 2.123659680670473, 9.526666328862371;
  -2.191500198110063, 2.087682252788963, 9.54743855604195;
  -2.178590490767681, 2.063560397157891, 10.66317881539259;
  -2.097798361940464, 2.073316965450541, 10.87996714340816;
  -2.187751305443444, 2.068106172932698, 12.03613794435005;
  -2.187135463628821, 1.985822879340219, 13.90199835557865;
  -1.331227769824338, 2.061285275969836, 9.976603252106868;
  0.005970060125043289, 1.924829235315318, 9.938346010877725;
  0.1709598189827837, 1.928476674022968, 10.02893737415684;
  2.899321961987894, 1.81969985688379, 23.76159224056002;
  2.544560976165791, 1.96457047002063, 19.35117838041194;
  3.292455377477144, 0.8498170903939074, 24.22101378342164;
  3.177045947829332, 0.6280937037195025, 22.68947248099456;
  2.931119504011541, 2.171937105115246, 20.72423537713535;
  3.118872942395933, 1.693481446066561, 21.99623064465171;
  2.942027178224647, 2.046428782892605, 20.20171286981046;
  3.187219041979783, 0.9019325558500007, 21.4296474033336;
  3.048872992717817, 0.5263914657905929, 20.2993986605878;
  3.102348803402092, 1.556868518654875, 20.60965332803195;
  3.083752600767966, 0.3436788617431996, 20.27618043803649;
  3.076229682295172, 0.5178309778364334, 19.61490482176609;
  2.903947077696691, 1.56904965332011, 18.12173247948583;
  3.445569612331357, 0.02297177402129978, 21.3291955179484;
  3.533137402718501, 0.09511877076969279, 20.87978279138043;
  3.180354994404946, 0.4692675447863396, 18.87352779768843;
  3.042804226218776, 0.7488013907960723, 17.86616529963101;
  3.184978721874441, 0.711343531123856, 18.18517020882751;
  3.295672343343037, 0.884143958035059, 18.36058507905037;
  3.251296194540319, 0.7358865855057232, 18.07950291917474;
  3.124296501058417, 1.468620720720748, 17.08910967624595;
  3.192083550684098, 0.8174102288615951, 17.02641698043245;
  3.273152633270472, 0.7417305449898359, 17.06861963450757;
  3.352713244624951, 1.465354898911051, 17.27090035161208;
  3.37465443424957, 1.977246369364512, 16.97889455587277;
  5.51875343072761, -1.429558890266554, 27.00049494142104;
  6.321827265866123, -1.212214684054331, 30.37608178997272;
  2.830341984383774, 1.918085583019296, 13.92960592306828;
  3.269009528655953, 1.238763527599293, 15.95286364408707;
  3.561778368122648, 1.198608011269613, 17.14967747412515;
  3.619118057398006, 1.15134814444525, 17.1280642753093;
  5.933253764324793, -2.040024612734829, 27.13493607532102;
  3.888027293078002, 1.992483097009624, 17.8995199553978;
  3.705305177135116, 0.6589039745193878, 16.79898847595212;
  3.892427789019203, 1.932673059629488, 17.33482521504417;
  3.925986671188292, 1.15404122783318, 17.4800288057629;
  3.948121140994127, 1.994096293350336, 17.12138395579244;
  3.957104253456004, 0.6944398280190139, 17.18584767571057;
  4.738013071957381, 0.1542997027483187, 18.88463337877449;
  4.527192016276145, 0.2983124447913425, 18.00405087730797;
  4.311415717887895, 0.96873258658332, 16.67935236724334;
  4.59662217178029, 0.3629852692946429, 17.67757623481014;
  4.450082403150394, 0.3514133420422674, 17.11401720503173;
  4.368188521284602, 1.220922639822586, 16.76213771657379;
  5.729004378769684, 0.260452654600899, 21.32111102351186;
  4.616772440497837, 0.7530843878581339, 17.3308241844434;
  4.896234725571748, 0.7347955831800741, 17.96949300950731;
  11.28697875917433, 0.2829213054379551, 39.7067752685001;
  4.879228030755379, 1.443531068128535, 17.56144522005943;
  4.793288775464373, 1.18479742824755, 17.24116597487262;
  4.918969285596753, 0.8756642135655062, 17.52980087380318;
  2.248726173645764, 1.475027688745824, 8.50339557777421;
  2.237120861641327, 1.642643229778435, 8.452875373307046;
  4.797758203987016, 1.109511646704297, 17.08384608477399;
  2.28861877074559, 1.071767773292282, 8.642894283838702;
  2.173968413329432, 1.241662350171529, 8.160355187670481;
  2.251007166302074, 1.496442731052678, 8.275721506642956;
  2.232474646530711, 1.411450314617369, 8.199568604168436;
  2.269842299680005, 1.625391846385605, 8.282655965761675;
  17.31384828484448, 0.3339742507307635, 56.6807651637717;
  2.174212138611216, 0.8434859328641718, 7.604706788702409;
  2.17648434535909, 0.9518706833056208, 7.565639963938758;
