m=[-4.581991292137681, -1.443601870635391, 6.879936395756491;
  -4.581804810533011, -1.355769850486419, 6.922214600741293;
  -4.601027816383255, -1.430122765617154, 6.969526004110779;
  -4.583689957972474, -1.418733990628041, 7.010752912643858;
  -4.600170896193394, -1.35649522817209, 7.097720491725779;
  -4.581645101550336, -1.368287907237977, 7.306582188220563;
  -4.569929237890953, -1.365192335956015, 7.410931836465802;
  -4.529416490627705, -1.470613427010105, 7.436404450301898;
  -4.571394641571626, -1.415968272110048, 7.506096194564893;
  -4.567714744402869, -1.343689424024008, 7.534855832299609;
  -4.533240197225857, -1.309313113360264, 7.556086206296294;
  -4.486989755189283, -1.020864734728986, 7.728782956605347;
  -4.584970875939789, -1.492370713864207, 8.760572935219621;
  -4.570292183467551, -1.292961256520823, 8.749658743853653;
  -4.477192989585302, -1.16138805714113, 9.254471552332365;
  -4.525646233778808, -2.28843861433805, 10.74994816236033;
  -2.644114769269024, 0.1564148137075764, 7.636288241812062;
  -4.558902054864727, -1.488627881514808, 12.82388821168891;
  -4.801000988747135, -1.391515647635391, 13.65302227458117;
  -7.63610316629895, -4.570785094379615, 22.40880814256069;
  -7.881463465900149, -4.610622609992788, 23.24858612539913;
  -7.68648368346772, -2.447768949428731, 22.80231139854434;
  -7.611229955743767, -2.076396037011539, 22.72143348619549;
  -7.79114455888584, -2.777008937954421, 23.29361201532034;
  -7.667744551491039, -2.493395430328206, 23.09105829360295;
  -7.847915615361453, -3.365069894744641, 23.64440846785353;
  -7.677895132751567, -2.058170993675643, 23.28272498622281;
  -7.768439015034649, -1.405459608590872, 23.68832302195224;
  -7.714345941154818, -3.219393293657965, 23.57047587448392;
  -7.683231029524621, -2.69494413624254, 23.49455155017807;
  -7.565572551979813, -2.117015834270774, 23.19559257270923;
  -7.711784474975612, -3.543977792172197, 23.6340442999453;
  -8.12714143011465, -5.332414831138794, 24.84936894850748;
  -7.417196911667325, -2.032134620444971, 22.99621879623232;
  -7.321459319026738, -2.307280001890924, 22.85625362389725;
  -7.379540515601626, -2.455285149617925, 23.02723294287094;
  -7.383012657322101, -2.182387330243656, 23.08597755672542;
  -7.449853342921974, -2.891724442266602, 23.46357793182186;
  -7.542948304278115, -1.13409388516893, 23.83674926656478;
  -7.208820845710231, -2.638041796760218, 23.45083184805518;
  -7.256335675368885, -3.024793911493815, 23.59949228708951;
  -7.308052845197894, -2.165393562577318, 23.81127011252921;
  -7.157069118102722, -2.708052434265053, 23.57464486660604;
  -7.101728727584637, -2.600148070528167, 23.45799417740435;
  -6.956764489195416, -2.235274603266971, 23.24823563960653;
  -7.048109105706311, -4.362874158017601, 23.53596932054072;
  -7.076006405964633, -2.546498856104986, 23.70454653881925;
  -7.058351995822273, -4.198682336425958, 23.67098922585957;
  -6.912346249505858, -1.006669405521622, 23.36279886515042;
  -6.848342546569541, -2.905335882650861, 23.4738049659158;
  -6.90369977990469, -3.470449814597563, 23.66128188707044;
  -6.861230210931888, -3.23934862507363, 23.5227270842854;
  -6.893359202269063, -4.839820386649622, 23.73967922227037;
  -6.283588805738365, -2.438026067644506, 21.8362592706029;
  -6.757656675488693, -1.075208675375662, 23.54699161895902;
  -6.578764574272929, -2.455603749255619, 23.18755297933669;
  -6.595668903736249, -2.246637787927155, 23.60722532400086;
  -6.492982423231072, -2.042048556129041, 23.2762883549946;
  -6.126437623579144, -4.813100158761577, 22.03307976455896;
  -6.390811755303243, -2.911832422497834, 23.59574321889431;
  -6.3514149106367, -2.503577995199255, 23.48928193522835;
  -6.30686303091302, -3.949445733113765, 23.53307858575034;
  -6.55118902626773, -5.600943988614714, 24.35676281922203;
  -6.213891770475548, -2.046737162253077, 23.27793863754783;
  -6.327179931460672, -4.737028012971688, 23.68637966566346;
  -6.506997482200245, -5.299657876753219, 24.36184688451845;
  -6.090766591783507, -2.104625578315233, 23.00885982208939;
  -6.084978648603546, -2.550429895186932, 23.20894680226663;
  -6.292555195687411, -4.84538048974682, 24.09261376065456;
  -6.221670357536889, -4.973308770322294, 24.04223076068631;
  -6.268127251187626, -5.824182760230903, 24.34929321192853;
  -6.243813518373169, -4.743986592837911, 24.30999209472092;
  -6.021469944062191, -2.794162924125002, 23.70108572732823;
  -6.15728968836751, -5.282773323313151, 24.17075581793291;
  -6.020541661798744, -3.338416551582196, 23.73175377582713;
  -6.057528569040906, -4.821642512639952, 24.03517765336567;
  -6.072777084077823, -5.712009638842838, 24.07433433039886;
  -6.011734493892553, -4.962553366465754, 24.00537705062857;
  -5.810536283586947, -3.158728722758138, 23.32122084766619;
  -6.11183793393243, -4.759328591915667, 24.50734384034718;
  -5.729590817629202, -3.35760340329737, 23.0742146748741;
  -6.052126374107306, -5.790443016759386, 24.56817297348885;
  -5.712526405568734, -4.471903467350226, 23.37334647562536;
  -5.792142324171736, -5.529328451180087, 23.9809234008902;
  -5.237392625582992, -3.070425050101898, 22.51974086348978;
  -5.682240637901702, -5.118983637497197, 24.49870596964106;
  -5.470809614414423, -5.266560609491803, 24.06881000276403;
  -5.384800566755073, -4.745298937766752, 24.3238215909061;
  -5.245031606231284, -4.496022001529838, 23.8775693443974;
  -5.624747808104473, -5.491001474177388, 25.77939761832817;
  -5.936695193344901, -5.526041894751863, 27.22561896907577;
  -5.378328166973247, -5.218629979169459, 25.42939018003754;
  -5.275937504049765, -5.559278592438928, 24.89161423425905;
  -2.21477313455315, -0.2314798456375307, 11.26053875005833;
  -4.698547584684825, -3.96104851376988, 23.02035757323642;
  -4.904384070018011, -5.575819653569581, 24.21827930908903;
  -2.350642545143922, -0.6710013177806398, 12.19592495365314;
  -2.331348355126203, -1.438391124781002, 12.13166407700278;
  -2.308995366960744, -1.404217603833346, 12.217081195413;
  -2.37663595078204, -0.703458644715336, 12.59594680583579;
  -4.767411539158856, -5.53197906615734, 24.80075532973289;
  -2.165753059677563, -1.250218947520651, 11.80222182607721;
  -1.99462102441989, 0.4341085555683816, 11.89300193226767;
  -2.943255663812226, -2.296726517741837, 17.75663833849837;
  -4.230744506377, -6.096393940869243, 26.6778507156339;
  -0.7097613179198685, 0.989517739773778, 7.750502647264494;
  -0.6129481870915583, 0.992020885301323, 7.892404071511447;
  0.2339118500405266, 0.9430560404819641, 7.935341689236754;
  0.4735841247566736, 0.90974666984187, 7.895339259717512;
  1.196910941994265, 0.7512165597353206, 9.809365818907651;
  1.106633700258307, 1.061520230174802, 9.131342988260199;
  1.393029759128164, 0.3595555173906499, 10.24785126242581;
  1.424208766251526, 0.2815623612481533, 10.17125535472146;
  1.391546149531398, 0.7159830290964165, 9.589474025368771;
  1.446097490422367, 0.2496704124696809, 9.628118170311749;
  1.368239417548183, 0.6866310044916504, 9.089545325945601;
  3.616179507930546, -0.6037760425848014, 21.46656242918871;
  1.418002380034428, 0.2386965977390114, 9.04158160929684;
  1.630925751450002, 0.01087345838950502, 10.09596036122361;
  1.373581625303489, 0.7421684057337417, 8.571670931493134;
  1.553795053329814, 0.0418311145745544, 9.182462926826835;
  1.472801369132273, 0.2173146971537922, 8.740205929744779;
  1.440589440321202, 0.3545135658691871, 8.458582004030308;
  4.663475339272087, -2.206440380508107, 24.87515411987879;
  6.075450230149733, -4.057744248866944, 31.77479323077887;
  1.478543124271707, 0.3302226415878067, 8.44198995469225;
  5.466678170737586, -2.423472662336522, 27.88544647335866;
  5.931985621813885, -3.509082935188761, 30.38151685510028;
  4.505065528404102, -0.5541631441057101, 23.21271162725494;
  1.528937967531832, 0.3460542728362942, 8.501974841187009;
  1.496758701066009, 0.6868199205557055, 8.299012472514823;
  1.521181803440884, 0.7150534898847832, 8.320478759843807;
