m=[-3.01974112105815, -0.6870412875211016, 5.201465789575889;
  -3.076524418940015, -1.001383665795497, 5.878361561802449;
  -2.943711687539306, -0.8256944458172554, 7.655437281181979;
  -5.356556717517562, -1.913637957593134, 15.64824557057098;
  -5.427270696130923, -3.174930276641792, 16.00925649795471;
  -5.248087738251828, -1.671259152894607, 15.56869640039521;
  -5.170019392731333, -1.410416955046673, 15.43380668266863;
  -5.249703783796589, -1.871159522074257, 15.69532720268304;
  -5.283542982910639, -2.265504918857747, 15.91839853640509;
  -5.180831431589593, -1.817210914753306, 15.84246401995746;
  -5.183119906623662, -2.163048117739893, 15.83654708325694;
  -5.05825807740177, -1.415413357034734, 15.50831648033346;
  -5.442173199699765, -3.570741980221169, 16.63986912051452;
  -5.014880813339355, -1.373957445050667, 15.54809691504544;
  -4.917347939887573, -1.549649881213892, 15.35105868565553;
  -4.967940483103742, -1.652909211157828, 15.50203871215174;
  -5.004035856341638, -1.479171844861231, 15.64714363017952;
  -5.015562392135638, -1.946833540667148, 15.79669204785069;
  -5.047596296675535, -0.7589138708022617, 15.95109531036492;
  -4.856306696656723, -1.69048630091896, 15.594639422787;
  -4.871248633504898, -1.782615738778419, 15.84653510461005;
  -4.894916669083862, -2.0404395276493, 15.9195430511996;
  -4.894742158973981, -1.450323825789337, 15.94816432602819;
  -4.84956136392267, -1.834950346290627, 15.97395316808085;
  -4.664800980202357, -1.378505491247748, 15.57575567176218;
  -4.681871178205977, -1.504329743613585, 15.64595790963787;
  -4.766026754615103, -2.950234545503244, 15.91534095104734;
  -4.750856184165866, -1.709728502831735, 15.91531791461748;
  -4.715405550152517, -2.804973456159272, 15.8136508407747;
  -4.672109774535089, -0.6804158529528553, 15.79110145794124;
  -4.621607254158336, -1.960667314714233, 15.84130854662307;
  -4.644505063066881, -2.3818094564633, 15.90345636930247;
  -4.624073061754605, -2.183133964951214, 15.85296008231101;
  -4.664429238304366, -3.274890957691441, 16.06358389620481;
  -4.495149203099614, -1.744113320257355, 15.62120732172783;
  -4.441843652415335, -2.198927940784916, 15.4774414075402;
  -4.661919478733329, -0.7417565745265342, 16.24441491562709;
  -4.44466745619915, -1.659026090144485, 15.66570150863645;
  -4.367033638256888, -1.487512932509273, 15.63049155445359;
  -4.357482181389021, -1.370431893520437, 15.62086652088757;
  -4.59346088185084, -3.608750901928735, 16.51989234586769;
  -4.291396831902139, -1.955280316709033, 15.8444187644727;
  -4.271093697263743, -1.683564425620528, 15.79568103144876;
  -4.225471621697121, -1.391789576584694, 15.82909274215406;
  -4.379699778973016, -3.744427622316879, 16.2833507487142;
  -4.283118785172416, -2.682148815917722, 15.98179165609282;
  -4.242265241194194, -3.585337136188183, 15.86846321110227;
  -4.332425541543712, -3.528566471632512, 16.22036706950992;
  -4.153457237637099, -1.435200677786912, 15.69035915557072;
  -4.175703400572748, -3.596379566995854, 15.84644980312144;
  -4.174488903205379, -1.368990971414223, 15.91592669969606;
  -4.128307094447298, -1.730319601467624, 15.74593195334149;
  -4.250616924717139, -3.273051356073504, 16.27454485928018;
  -4.214983912917885, -3.369258616456297, 16.28784716377534;
  -4.167922535769755, -3.166745542847421, 16.2276089120566;
  -3.979915993218318, -0.6210561082590094, 15.63160884906014;
  -4.204078806952864, -3.835162022613728, 16.36040428257874;
  -4.005899199817821, -1.858870861416587, 15.76760512498162;
  -3.970798884757614, -2.201825261668969, 15.65208360309604;
  -4.145902345326807, -3.557062184735497, 16.27495185474346;
  -4.058228685702791, -3.230249388670675, 16.10231735717507;
  -3.931284724173159, -1.367408194121761, 15.75176824471769;
  -3.908583698064811, -1.146420695836105, 15.69109872265403;
  -4.047229003910847, -3.340897695768163, 16.16093630678831;
  -3.919919285961764, -2.130949887437479, 15.73302340976119;
  -4.054402683343744, -3.157190164818728, 16.25740762468161;
  -3.923787499493408, -2.65583175908968, 15.83236555252147;
  -4.167338429889576, -3.987150006163978, 16.91701148585091;
  -3.850805023276609, -1.326605450902971, 15.80520985028143;
  -3.811041195256394, -1.071296473034093, 15.80227890454174;
  -3.953155660463265, -3.68315469076748, 16.26627796825984;
  -3.768935070806296, -1.261444517863688, 15.73223863357826;
  -3.951722168560148, -3.772415903282083, 16.36112189964047;
  -3.812110887733905, -1.89857741616579, 15.90433723859123;
  -3.769429045899619, -1.159257154350418, 15.83359286485115;
  -3.754533102572776, -1.570885983764617, 15.84939651190515;
  -3.752237845812379, -1.750865745636095, 15.86096892396821;
  -3.650017267117048, -1.047062526585583, 15.55594639401417;
  -3.70195107260682, -1.824728686632621, 15.76010209224412;
  -3.617137022834138, -0.6902384536785828, 15.7433770673555;
  -3.807097736727242, -3.429715892471588, 16.41411794981783;
  -3.619254609131887, -1.233920941953104, 15.78455066198826;
  -3.66666493957936, -1.796593901367104, 15.96087022303135;
  -3.610683593729868, -2.01283838373381, 15.73703921824351;
  -3.615277730140747, -2.22214013593926, 15.75972784450227;
  -3.593260380698308, -0.8287746012082384, 15.84418799126803;
  -3.76451850639589, -3.623972734721025, 16.56198754268476;
  -3.467827536178657, -1.88216698672636, 15.70058362613137;
  -3.604618866189526, -3.176532513086324, 16.28251689500245;
  -3.452913714941887, -0.990985656614979, 15.78280322710698;
  -3.537862994327995, -3.032643281310191, 16.10582648876398;
  -3.708271742048074, -3.69737863384522, 16.85190206436977;
  -3.798914620650848, -3.708583299007952, 17.41122159872301;
  -3.837276553282086, -3.571844318191848, 17.5977081383159;
  -3.401356560100735, -1.226937682853923, 15.82929260161285;
  -1.649920291275828, -0.2640477521982183, 8.217469720626843;
  -3.347790890945795, -2.342975608444481, 15.70086457392499;
  -3.419254625485133, -3.31772702241271, 16.16665203330128;
  -3.55613952147502, -3.747119881212986, 16.7776917493456;
  -3.405461508293463, -3.443843446298477, 16.36873811463068;
  -1.57502041560862, -0.4495965482238337, 8.171736204178256;
  -3.20564228984924, -2.702474413428115, 15.70592410402671;
  -1.528365657086264, -0.4043579103911101, 8.074757166126256;
  -1.563851795961835, -0.4628832886925587, 8.288267299694882;
  -1.550089565290746, -0.9426883597279427, 8.201649232517253;
  -3.178080705416814, -3.687761333066351, 16.53282947062166;
  -2.884263162512601, -2.698603272316898, 15.69741862819708;
  -1.331184905244369, 0.2897185727690474, 7.937239433682047;
  -3.736276712923932, -4.690697619521063, 20.26074735628555;
  -2.465486499699661, -0.7565805345477117, 14.29111469862449;
  -3.156581169929786, -4.186101074852184, 18.59606475896959;
  -2.520631824542825, -2.746946107115367, 15.57424144352194;
  -2.656843124891253, -2.400642471091732, 16.80138655373998;
  -2.701000844009681, -2.371167293858939, 17.17014063148568;
  -2.927315268061631, -4.218185956709411, 18.45880307856744;
  -2.863982154843751, -4.091318634147307, 18.4345714555146;
  -2.694597711845328, -4.0823117197409, 17.90406049222559;
  -2.718541277829398, -4.182895723636719, 18.57805975468818;
  -2.685908160362706, -4.298133677405025, 18.80075771328729;
  -0.6474507612976291, 0.7287363462209333, 5.515971232778287;
  -2.346713340269065, -2.651472745612808, 17.45650556025563;
  -0.4107122739947408, 0.6647138571135414, 5.288386998706665;
  0.1572393747963856, 0.6339377084899616, 5.334266587157094;
  0.327017373328289, 0.6281945504797121, 5.451857381357788;
  1.301647859213771, 0.4938985035994389, 15.60705436997757;
  1.564083754707021, 0.4635694182672261, 16.37831919429613;
  2.284526963349931, -0.6992812983203722, 18.63675751227658;
  0.8372957835982511, 0.2577959915919989, 6.591076172838009;
  4.668599683568133, -2.476662295364574, 30.89722690841887;
  0.8891816333468704, 0.2053153367533346, 6.660565764109157;
  0.9304303469570722, 0.2401537817867485, 6.844729441839629;
