m=[-4.06615338684116, -0.667538952328416, 5.915144073304604;
  -5.765950453026095, 0.2127914085716715, 8.062069884480371;
  -4.042481150986839, -0.663597655123212, 5.972564053278741;
  -4.039613222953949, -0.7867737434839092, 5.997535482489382;
  -3.956417355489457, -0.7192247174639382, 5.90215932905271;
  -5.740610507677466, 0.3790420372131125, 8.162038245903339;
  -3.900945823890102, -0.6931605596088469, 5.890273252122452;
  -5.672796073774896, 0.4855573781511396, 8.158533798375386;
  -3.829410913036896, -0.7575408089903992, 5.837699840871207;
  -5.676006595882301, 0.3721264197710812, 8.165552266241502;
  -5.658343942740107, -0.07204837826864487, 8.54662732463914;
  -4.354094241331632, 0.5014543796268909, 6.806552318324202;
  -5.989070655059189, -0.2401595465837343, 9.315786583437049;
  -3.189840250341324, 0.8181869133871461, 5.437436204103014;
  -3.14148172878738, 0.787259637109669, 5.395955221329027;
  -5.949259015583008, -0.1490739763155163, 9.386587150648186;
  -5.843279080974241, -1.462632106616477, 9.253625016719784;
  -5.882341640417306, -1.561504735430115, 9.330248749784545;
  -5.873483914917059, -0.08224436487339962, 9.359074377332458;
  -3.088033620057357, 0.7647014534301734, 5.408137500071055;
  -4.071881508075201, 0.6339178131839611, 6.816064134719525;
  -5.790689442665625, -0.07968433736107634, 9.383744879021652;
  -5.761849937687352, -1.426924040126073, 9.435218036112939;
  -3.94614005927287, 0.5181218348715689, 6.782090262870502;
  -5.741622526333122, 0.04457918635008833, 9.419820095900967;
  -5.745413132565695, -0.09653727853436873, 9.429757700294124;
  -3.938419118186558, 0.6171725616780767, 6.77745600283882;
  -5.715810440766957, -1.357129947168155, 9.399132744274594;
  -5.751485094827887, 0.01600494871188232, 9.534271237015821;
  -3.853738475373941, 0.4124271861284335, 6.771261075089824;
  -3.810009267671658, 0.4380280019383505, 6.778701996651215;
  -5.735300816620705, -2.050595595801057, 10.13085970736305;
  -5.734354137792043, -2.062256605498416, 10.27123110128408;
  -5.688087967495314, -2.014631929363267, 10.30633115760867;
  -5.60442062695146, -2.271414096159323, 10.22775467380981;
  -2.67452081734151, 0.7911367277535131, 5.412938763886407;
  -5.820336815373628, -1.519908610150876, 10.66635198328437;
  -5.727346018727324, -2.013857719797102, 10.55166754654109;
  -5.786340116443801, -0.6145838460760756, 10.65959636085005;
  -5.78589292938859, -0.2570974318831444, 10.67799555179634;
  -5.747787974240359, -0.1605656618409276, 10.61716445989021;
  -5.68712514436323, -1.833407602105548, 10.53797386888142;
  -5.713514547183906, -0.6558644337812544, 10.62262297353252;
  -5.755491978398236, -0.736723204387262, 10.69562756326863;
  -5.728504232444581, -0.8779254898432056, 10.69331334103304;
  -2.679090474348827, 0.7019220993805632, 5.526600565152318;
  -5.599762469216919, -0.1646595230279945, 10.48143244535391;
  -5.69302639968453, -0.003150350672800891, 10.64371821056221;
  -2.569417401099293, 0.8212951966201025, 5.413204642247377;
  -5.95705649252599, -1.930681164205989, 11.42743997167493;
  -5.904233283690766, -0.1750896119366128, 11.41198193604906;
  -5.882407025551904, -1.803101703966704, 11.40701155592853;
  -5.882900027285877, -2.065786882654101, 11.4211533826131;
  -5.813750600349097, -0.2416794889763052, 11.31590805332417;
  -5.810467506623625, -1.523896747364625, 11.31379717717971;
  -5.714602013430698, -0.3878471498162881, 11.155811399112;
  -5.801044739818942, -0.1522171352105619, 11.40595268382932;
  -5.739048305742553, -1.575128784849745, 11.34104723105399;
  -2.501293609251894, 0.7633439304256823, 5.508913411030116;
  -5.839478959884435, -1.934897512889654, 11.64423502027239;
  -5.510860084646795, -0.158243064873474, 11.03707430259703;
  -5.948462316153423, -1.856626248857928, 11.89519202425849;
  -2.467395136511656, 0.7981511904527036, 5.509366715919905;
  -4.710651902826378, -1.253474415596682, 9.804042077245562;
  -4.638497609444527, -1.136117915168225, 9.724042848931301;
  -4.575983727472377, -1.072364363596798, 9.625549680361106;
  -5.788133074955602, -0.02238162714826349, 11.9710229531593;
  -5.685371502242314, -0.1107391233753319, 11.79580508843045;
  -6.344229210813327, -3.017651053159941, 13.0915901406198;
  -4.51543658400527, -1.026690819414805, 9.607240532102111;
  -4.468704128629605, -1.165368661028158, 9.557669235472975;
  -4.395784694324825, -1.141291844041799, 9.459533549529462;
  -6.305510805864032, -3.051211525731365, 13.19702261428004;
  -4.446556288653127, -0.9987354216903358, 9.651094401566834;
  -2.98027958154663, 0.3275173273263363, 6.883514203321209;
  -5.740994459782639, -0.1173078145799207, 12.37975227573634;
  -4.320631603437058, -0.9824125802081131, 9.619994084617959;
  -2.888168491660273, 0.3371826016319859, 6.756238949381647;
  -2.89358218615679, 0.6516564886931902, 6.770608946528882;
  -4.28124819230461, -0.8990242411588741, 9.595258649717547;
  -5.68535523902358, -2.00623080394472, 12.43769715950806;
  -6.286615919640221, -3.140490064641966, 13.68259969409721;
  -6.305822663122166, -3.021680890800055, 13.72903135489812;
  -4.332583104858441, -0.8878938286018132, 9.77257989813106;
  -4.171808243190101, -1.096046471294507, 9.473040829905147;
  -4.240456132040012, -0.9135095867308565, 9.621709066071622;
  -2.870810076035662, 0.6562543712594992, 6.827862350553987;
  -4.301427668771968, -0.8278602836900125, 9.758184571037544;
  -2.846255158441798, 0.5798985158638369, 6.800500443617287;
  -4.209010423984664, -0.8638437781328496, 9.621516628448832;
  -2.809084900465689, 0.4710612190874967, 6.755649768186264;
  -4.235662802938287, -0.7744278841715399, 9.716765942492168;
  -4.132481602074664, -0.9456165979913357, 9.511276774007998;
  -6.291774059097698, -3.058450278676243, 14.07350933748428;
  -4.247314946824196, -0.8456777567374986, 9.845895055380842;
  -6.377117706632144, -3.251005478486087, 14.29862045730648;
  -4.175767107466418, -0.8051257131062449, 9.706871350873382;
  -4.096371940850928, -0.8522546455511465, 9.555042882143713;
  -6.275646623081199, -3.141874193715625, 14.1812702819495;
  -2.711875594927819, 0.6091577887754577, 6.735012066554904;
  -4.201514474112703, -0.7680708713621692, 9.907176894552707;
  -4.167555142536551, -1.73584316801454, 9.884143182026838;
  -4.132373952313651, -1.202926276807311, 9.809478811068265;
  -6.24957906123687, -3.039182979269396, 14.37279326109723;
  -2.69298007563101, 0.3830338544306087, 6.793245411831662;
  -2.553319835783997, 0.8053645742126636, 6.511277690597552;
  -2.711146631840877, 0.3368782828257482, 6.883527996209709;
  -4.043902456072139, -0.9571524891163497, 9.80874410444774;
  -2.683266185769505, 0.6311202192449932, 6.83334072544102;
  -2.671294247015926, 0.4544618048135147, 6.824899628842295;
  -2.649923198542251, 0.381955671353004, 6.813914249011082;
  -4.038856607096359, -0.945200306088923, 9.902769266259098;
  -3.755083085310131, -1.532038238013537, 9.320981826904136;
  -3.971435601203223, -1.013436613986153, 9.833350401822523;
  -6.213627906976619, -3.03148565209897, 14.87771035436358;
  -2.351235333554477, 0.7375938154718199, 6.281327583673834;
  -6.237937944233147, -3.011056483393316, 15.15441639366789;
  -2.608687964242424, 0.6156999159925664, 6.940102439337979;
  -3.882764239651117, -0.7540349937826156, 9.878381893061759;
  -2.640760812361463, 0.428062286605597, 7.030781996970118;
  -2.366511097983693, 0.8491714035953483, 6.40610335364454;
  -3.962955873943171, -1.26501605432016, 10.29052615811896;
  -6.295110944967111, -3.029659678297904, 15.90781739920862;
  -3.813559560890523, -1.561993307287975, 10.03788340750542;
  -2.278785222124003, 0.8403859508617838, 6.39944649398516;
  -5.625106131914515, -0.3580963004416272, 14.37088605695782;
  -3.793666068685532, -1.244602663164335, 10.04907296778172;
  -5.776757011728232, 0.04962742472324822, 14.76939371769339;
  -6.226480458332882, -3.112601923582417, 15.88546285105244;
  -3.349892169583048, -0.852713455884201, 9.0134114257497;
