m=[-22.94512065209408, -3.744907977992878, 28.53181282445901;
  -23.35278644241342, -2.166490215070373, 29.07006576011635;
  -21.93676887796861, -3.088384386012566, 27.55130954773834;
  -21.60253042120101, -2.206301730137872, 27.29063443724561;
  -22.39617811320274, -3.697004402681249, 28.39059649161065;
  -19.80008136527697, -0.737907953290836, 25.33178502842322;
  -16.05696956422827, 2.310110496457177, 21.17732383500017;
  -7.743275670498734, 1.981209077554003, 10.76290924856812;
  -20.98567627792391, -0.55025270220226, 27.59137700798288;
  -22.43628521225046, -1.146895272829142, 29.68028342504142;
  -21.14603002365711, -0.1740097071646726, 28.1729406341676;
  -19.80872706965102, -1.253892769090916, 26.97042308436287;
  -20.75535097184395, -0.1520744117888604, 28.42496262935426;
  -13.11897402519118, -2.547588203600937, 18.35986563431317;
  -20.78822370536585, -0.4910630961013584, 28.75312486890835;
  -20.29129407932039, -0.8392241037539191, 28.09568630805086;
  -20.55242388494411, -1.517203233663937, 28.50885282623024;
  -13.21898186210591, -1.98230595133216, 18.68586935247959;
  -20.21042135535465, -0.8335198856978904, 28.22164837857344;
  -19.34162787203973, -0.1599535977691706, 27.04477081650874;
  -20.17964228660271, -1.386128408098562, 28.20852096238658;
  -20.23029945885596, -0.7101623108574082, 28.36419565281358;
  -19.61332170144822, -0.3634842955002824, 27.53206308373959;
  -11.51555697371644, -3.783392445828444, 16.58880494552386;
  -20.4389901032762, -1.194074576113342, 28.69101494907524;
  -19.60273839906049, -0.9091939565009656, 27.56060865034588;
  -20.38647508393634, -1.185370350608254, 28.63599911198085;
  -19.98549304679523, -1.738205138969407, 28.27718432765277;
  -16.98104209218673, 1.108752342799708, 24.20890772720668;
  -19.61662038105528, -0.3248014972863477, 27.95475570447132;
  -20.41310998198826, -1.633604807647959, 29.05550101449968;
  -17.8219347360714, 1.093557111412328, 25.50218136612695;
  -19.87768027891814, 0.09129479918064395, 28.4513100275835;
  -19.64317842263897, -1.240011100845513, 28.13396600281239;
  -6.987389965823401, 2.054839066992572, 10.63534926746051;
  -12.64594117855523, 2.45316845570347, 18.56946146208528;
  -11.72036945777438, -2.854286165825628, 17.29048380537006;
  -19.60993831821143, -0.196236124060557, 28.27419423173367;
  -16.65324607800276, 2.1261669101422, 24.2171963535648;
  -6.792841580721366, 2.214757087383959, 10.45842213058312;
  -11.70335383729371, -2.566969671164907, 17.46122608895738;
  -11.66464012284057, -2.868655062716581, 17.43859647516856;
  -19.60067481297405, -0.6089048319172969, 28.6635256786954;
  -19.9191595327468, -0.814264864801838, 29.11581853833891;
  -14.4365717105109, -4.340098592924035, 21.39464918908366;
  -12.57097518655618, 2.338242494186157, 18.74928012583525;
  -18.43609686117059, 0.8533219692653742, 27.20938618435182;
  -17.55911160025082, 0.5182141611077933, 26.21117521543802;
  -19.45636351187224, -0.6489201867725616, 29.02455563021396;
  -18.9429433565045, -0.4643821281669162, 28.36589774161882;
  -6.632909610781851, 2.111629316730136, 10.60353944281684;
  -7.188389348004348, 1.927513968669153, 11.42275972032577;
  -17.3094427561078, 1.357409762820959, 26.30093691855718;
  -12.5767282802823, -3.63312018407777, 19.42061343349915;
  -18.57299015754403, 0.2370491065968381, 28.20444936338268;
  -13.86615432477976, -1.815724894480305, 21.36151244933998;
  -18.17376744509906, -0.6022204299048147, 27.79452240151905;
  -18.48175498708395, 0.6522833814646025, 28.26025119547967;
  -17.80966935461352, -0.2394006489017349, 27.3457316428349;
  -7.137978187720631, 2.015702012986441, 11.60615535081489;
  -18.35460930382856, 0.3630669548747972, 28.32872091944291;
  -13.60718392548452, 1.989277273929088, 21.38196314555209;
  -11.8470535738484, 2.369138928448109, 18.74138065380258;
  -7.252375268162678, 1.866552749689765, 11.92520056994257;
  -6.401030223494375, 2.454007876049237, 10.63853078109502;
  -11.64820886054168, 2.423705316634997, 18.57219689634247;
  -6.563773938826934, 2.388322952334402, 10.97493980399256;
  -12.69893599787999, -2.396469564732852, 20.45712044396718;
  -6.609829486222872, 2.2640263781859, 11.15484835212452;
  -12.21643773142001, -0.0420573489094115, 19.86048652308593;
  -12.22584859343982, 0.0608427362409804, 19.89960485713484;
  -11.71768080916066, 2.377095237633434, 19.16010474437782;
  -12.5015397464852, -1.842978516462962, 20.39708729307165;
  -6.377740061598798, 2.395057861417803, 10.87615446484606;
  -6.455282024154291, 2.374290665040693, 11.01799738432885;
  -12.10651041912958, 0.1575403732860646, 19.86413458638542;
  -12.30691760647583, 0.2856968910795734, 20.19777122077161;
  -11.71111329451203, 2.369786137872474, 19.40525762449028;
  -11.98132172857027, -1.560678683233372, 19.84815592217419;
  -12.15437634087929, 0.0836968249293925, 20.17187508703925;
  -12.04529333161311, -1.953853206671894, 19.99929752485394;
  -12.06310094455763, 1.525026784057535, 20.0382766501084;
  -11.76181845446663, -3.189650197883504, 19.57960843122928;
  -12.09763629584622, 0.1641251533579776, 20.14908784330104;
  -11.32383032136116, -3.140694851955071, 18.92648420292235;
  -12.20072168007686, -0.2198742539469802, 20.34893819232356;
  -12.11606642000578, -1.782189917523285, 20.21712447136973;
  -11.42059795130968, 2.3862542590158, 19.149517919753;
  -10.44276266282914, -3.816677421395337, 17.64778623863228;
  -6.445382839826617, 2.45610606981895, 11.257179423147;
  -11.6793886032914, -3.113689056571904, 19.66077467364626;
  -12.0943405798477, 1.699794337154846, 20.3486048080061;
  -12.1803286789, -2.989308449866742, 20.51857911995598;
  -11.50897173235782, -3.163100190516042, 19.45560786292031;
  -6.61012716185744, 2.351231362686521, 11.59943536940217;
  -6.644172894198444, 2.351944438721487, 11.78953402437883;
  -11.1816726469513, -3.977980390183123, 19.22108331878846;
  -11.94854658499048, -1.473877253794632, 20.47819831029839;
  -11.09322624312074, 2.330880114899186, 19.11181833085951;
  -11.67519467515011, -2.840163942235876, 20.14421566716515;
  -6.777359428264645, 2.143669368246772, 12.14325416333194;
  -12.02119911330953, 1.039194140560911, 20.8351882640428;
  -10.38768927705818, -4.314257161228046, 18.31084856571692;
  -13.17828337184042, -1.242516922410159, 23.00070496680712;
  -6.808683348106189, 2.250091280896041, 12.40556129214654;
  -16.84008917186561, 2.187300865633869, 29.57283027382946;
  -17.23708889192755, -0.4936299533126095, 30.2589240744897;
  -11.89773218389284, -1.533328354408329, 21.20088070368223;
  -10.53774878343426, 2.390686123622211, 18.91328706154681;
  -16.72437724238623, 0.8257441290030249, 29.46275364976111;
  -11.9215810764269, -1.364489440132375, 21.31192463942992;
  -17.15997282679145, -0.7009305287394384, 30.26164011277144;
  -6.717616751741236, 2.313652584177335, 12.44462533503877;
  -16.96648791846689, 1.667905202997384, 29.96688751417338;
  -17.15889936474651, 0.08407812135301221, 30.34086559172332;
  -10.17698013226413, -4.295874775962783, 18.39931722025913;
  -17.22519213466545, 1.089333443982357, 30.4961862982888;
  -17.23930566674953, -0.25264894927038, 30.55958753673172;
  -16.99148184401586, 0.2838484953984312, 30.1358729212724;
  -17.47530654550833, -0.06897561747179198, 30.97364198548743;
  -16.5607443530789, 0.5905308406788112, 29.45451590656423;
  -10.57508438731128, 2.351903776305621, 19.1748770781712;
  -17.29671634173955, 1.473926353288861, 30.79584359215355;
  -16.95400991369827, 2.063801617980538, 30.24356588033889;
  -17.20030680762748, 0.9463709484855477, 30.68714512847905;
  -6.426875179723754, 2.41381367504225, 12.1161220123219;
  -17.24568349505095, 2.358408360960635, 30.92470970029144;
  -9.97563068211961, -4.114198109792554, 18.33500787309562;
  -17.34120990854195, 0.3975200782160873, 31.17075878828243;
  -17.09024269569486, 1.910003106202674, 30.78752644958706;
  -17.38785561873885, 0.7072781689812829, 31.33299891992485;
  -17.18031877388748, 1.315945009976041, 31.02314744882841;
