m=[-10.81269097767996, -1.623569444403805, 13.68410419736362;
  -10.46426283545826, -0.5349109028564066, 13.84285695481118;
  -10.26123907574264, -0.08443926376341482, 13.67108998665374;
  -10.00416307500335, -0.07330048126552155, 13.70094689946225;
  -9.858379711682211, -0.2328763886888471, 13.63556727465584;
  -9.856281274555951, -0.4076442235104006, 13.6471821743522;
  -9.645929213913933, -0.07977100437459556, 13.48758990858702;
  -9.781136712050135, -0.3433559974912289, 13.71378985129451;
  -9.668056233411932, -0.1791734547748415, 13.57146628027748;
  -6.244877078181358, 1.183575356986773, 9.227431520297325;
  -8.957993811914692, 0.5496641067358296, 12.81838286646367;
  -9.573331886852683, -0.1585101037012378, 13.64252093256828;
  -9.761073875829126, -0.781151780666016, 13.89366403022413;
  -9.536833775509184, 0.04380105284607585, 13.65025549366111;
  -9.56224916588361, -0.6036342418536892, 13.69554290833797;
  -6.157182043179025, 1.205631180763764, 9.177924132684836;
  -8.081202708059886, 1.031749949021898, 11.75170725499282;
  -6.216264251044922, 1.156245479064176, 9.271395261657959;
  -9.507926939339336, -0.09514556854542317, 13.70881277960759;
  -9.510672400083312, -0.2954538266896797, 13.90816414040002;
  -9.309910118460154, 0.4334419477544955, 13.66932137695637;
  -9.084278699525804, -0.2226991125905801, 13.6031510941848;
  -9.071193104645667, -0.1302285749966635, 13.68976551800124;
  -9.008054482773343, 0.1149707854903332, 13.67939219085708;
  -6.455235175598472, 0.9437112559811627, 10.14358307908322;
  -6.226764341577117, -1.175078859665451, 10.03089299238209;
  -6.240109379691782, -1.245872232790786, 10.07769119062998;
  -6.115722051135342, -1.136978058384397, 9.987259425836042;
  -5.926678024481136, 0.7492553340438269, 9.844932444526268;
  -5.908210078129867, 0.08015498742321751, 9.840355665328596;
  -5.894712377230224, 0.8284700312366006, 9.917793519142855;
  -5.648937803323794, -1.212823219918148, 9.547775076210241;
  -5.952896488858228, 0.6850744159606085, 10.0599947030941;
  -3.363715646484152, 1.111619803801388, 6.128759187107474;
  -5.430205490237571, 1.140980785897181, 9.355357815136445;
  -5.758661483916565, 0.4978178312456511, 9.980934101112439;
  -5.207978118578589, 1.181527599119351, 9.347346116447284;
  -5.813872162044308, -0.6654291172062122, 10.39331986138739;
  -8.287251171635724, 0.409172126493797, 14.59936212660795;
  -8.224853369596088, 0.04030154877767984, 14.54342526836273;
  -8.375066049251084, 0.5296451541257418, 14.82756026764024;
  -8.300436917159132, 0.1386616277328974, 14.72154779805985;
  -8.39397132821545, -0.03313128464421664, 14.87767107715872;
  -8.19550238959223, 0.2922390934083425, 14.57631072311375;
  -8.328423898593613, 0.7097002241908372, 14.82829657854284;
  -8.224346563176121, 1.001144851885547, 14.6710759503088;
  -8.298453339671264, 0.4565857601182529, 14.80530811598526;
  -5.710351975532485, -1.032333727165601, 10.52599330882492;
  -8.295831376875698, 1.134484352908242, 14.87596459288331;
  -5.711950343943269, -0.9691380407405428, 10.56067822268058;
  -8.36876632759059, 0.1918408613159843, 15.04282561185834;
  -8.161362783354873, 0.9121127502174962, 14.70243442596106;
  -8.351609513795145, 0.3397147534741333, 15.04964025543003;
  -8.314333472606048, 0.636845322170758, 15.01350450210664;
  -8.378514198393939, -0.1545269003211783, 15.21017415790826;
  -8.266484463423081, 1.083820462955452, 15.05396849316767;
  -8.337439409608301, 0.6144334392126581, 15.18290468413619;
  -8.461306321564544, -0.4423575636877254, 15.39810240260434;
  -8.206605419314505, -0.8032275676644072, 14.99095458416815;
  -4.90683362048903, 1.089963398615363, 9.363742409794249;
  -5.560496845136082, -1.189515607202609, 10.51066792846053;
  -8.433091130944337, 0.4309383537939685, 15.49136523805485;
  -8.599140956585515, -0.7357590865308494, 15.89166333102219;
  -8.357303055597797, 0.6967823336162421, 15.4910861508867;
  -4.86223583260989, 1.135470855041914, 9.425573555269022;
  -4.801064021679243, -1.931823747277837, 9.409689680278675;
  -8.338686235082989, 0.9735398319267956, 15.68552080213271;
  -5.511030608192183, -1.334350000545191, 10.69549313089115;
  -8.359842218857741, 0.8196360831272168, 15.81107250388378;
  -5.506539802659426, -1.434432903106848, 10.7989884094745;
  -4.746746971874797, 1.122067693565483, 9.453812409827396;
  -5.512838214929937, -1.335341124115297, 10.82279999323154;
  -4.822030306330913, 1.001595215074093, 9.65376951513662;
  -5.487647283372627, -1.39639428814774, 10.84652398352369;
  -4.722137947931357, 1.148218368387177, 9.476253131074779;
  -5.456794587933982, -1.670612352613635, 10.80463859449583;
  -4.55995001716574, 1.122286034012479, 9.406285412718734;
  -4.544706135342896, 1.119247533195743, 9.513168870491505;
  -3.259984473799946, 1.139479287281677, 7.137478892843335;
  -4.480126915502476, 1.178323587452626, 9.487547026858531;
  -4.464639842216807, 1.139160384606294, 9.508351890980093;
  -6.615422452009543, 1.001770384518401, 13.89937021043466;
  -8.644208101358663, -0.6396048316505163, 17.99735165722348;
  -8.540074379525731, -0.8246040929192269, 17.90582201061542;
  -4.692216223845439, -1.865136603543706, 10.34837942041796;
  -8.912688246045869, -0.7132449759987501, 18.87428654792085;
  -8.725891818125753, -0.800819382235313, 18.60908000879958;
  -5.03128015233593, -1.836982959536324, 11.28040049622728;
  -3.271906029724705, 1.171471635736679, 7.716200907148793;
  -6.17323077414343, 0.9369339316367255, 13.828588727992;
  -4.068097841164738, 1.121545791144338, 9.449459138173909;
  -3.989468607365835, 1.135503836328919, 9.346569778859442;
  -3.9992192898849, 1.021050336699086, 9.384033452453879;
  -8.680638656253075, -2.114937878102095, 19.4018882213777;
  -6.108609452442451, 1.030507054945971, 13.94597326155441;
  -8.556488579195888, -1.5732380681709, 19.19298560817984;
  -4.018553884749629, 1.03690456996744, 9.525067685471109;
  -8.772980998110405, -1.573481389416666, 19.74316480943144;
  -8.761927506538569, -2.075173782768849, 19.75296802882236;
  -8.392549312542789, 0.7322276519572629, 19.00818430936003;
  -8.706911385446935, -1.257193634999111, 19.69884252169243;
  -4.270549330698064, -2.178533332457457, 10.16185802738021;
  -8.700222917038143, 0.3444574070612859, 19.77793309446856;
  -8.723660324649023, -1.069432904580706, 19.86473666357048;
  -8.761707097808468, 0.1144255987837698, 19.97124525946678;
  -8.690413004226473, 0.1540195445522748, 19.83279556983955;
  -8.605964450180712, -2.566994698298419, 19.67085008949665;
  -8.710364110061665, -1.186168380259764, 19.89831655185279;
  -8.82899324808812, -1.743738125566175, 20.15753370328015;
  -8.908239971059704, -0.2532745083988123, 20.33530095609642;
  -8.456093723916398, -0.5988544793869026, 19.41561848832516;
  -8.85907446348884, -2.208540879102969, 20.33367406565866;
  -8.703678000208715, 0.0781167801821714, 20.05195617682955;
  -8.732865482154317, -1.323038675678574, 20.35318243818565;
  -8.849413798668435, -2.102294246319681, 20.6098430741182;
  -8.844166911466227, -0.5331060495255799, 20.60573181567835;
  -8.815895416475708, 0.3236850387200791, 20.57370813514365;
  -8.822760010283146, -0.2125083405718772, 20.61491671282139;
  -5.875990721542095, 0.7872520865692455, 14.05015954972716;
  -8.644799658185963, 0.08102806379917611, 20.22768961028233;
  -8.727418424386546, -1.617810167454581, 20.46138462659221;
  -9.061326161936917, -2.012722758522786, 21.28462669186507;
  -4.217926355623121, -2.061547843435435, 10.41129018810537;
  -3.801022074179389, 1.070477887799663, 9.493398099574485;
  -9.025042052077591, -2.419880925151226, 21.23130727181649;
  -9.038899829341261, -2.26222081767259, 21.26455313583805;
  -7.351054040586984, -2.677592766102228, 17.47482078879416;
  -9.020379859952159, -2.57066736159999, 21.26224819783428;
  -8.86172356846528, -0.3204138681723732, 20.93393652551806;
  -8.852288252188183, -1.383620921567965, 20.91598120418286;
  -8.802608260975422, -1.725747268033024, 20.82785113563901;
