m=[-9.234241933788232, -2.76542561879036, 12.82307271629742;
  -9.189937013778957, -2.871646842248847, 12.81126237436138;
  -9.182690998798488, -2.799186676801283, 12.85026123628056;
  -9.213666550986146, -2.948077570401003, 12.90268129625513;
  -9.141757201673132, -2.973671699959736, 12.89099821145066;
  -9.202012385104785, -2.767906628208403, 12.97254512189409;
  -9.253046528920526, -2.920586383266445, 13.08517359905152;
  -9.209720418575897, -2.895902491100795, 13.15777508499198;
  -9.179569082665026, -2.94470242316187, 13.20038900852398;
  -9.187782865113494, -2.911119993660337, 13.29608220402491;
  -9.192777984261999, -2.89314820604918, 13.58982383509626;
  -9.198774059988169, -3.069547472589441, 13.68215603628264;
  -9.208047440713202, -3.014707010174535, 13.7560921319508;
  -9.185562484541082, -2.785808331741884, 13.7286730699663;
  -9.18878277691371, -3.132914868460241, 13.73947645173785;
  -9.16963423356829, -2.790281095918391, 13.95256399888608;
  -9.127577782759367, -3.00889531122549, 14.05898440997051;
  -9.307527389306454, -2.708110152133161, 14.33568018060809;
  -9.113752969836019, -2.86827395790816, 14.05842959366107;
  -9.179510464845116, -2.745637907638145, 14.22050359300448;
  -9.101274745814955, -2.672541159158943, 14.24974210509302;
  -9.250803165262234, -2.867289545749582, 14.59927092022894;
  -9.006852992196789, -1.928543002042195, 14.46744263073614;
  -9.015838380419343, -2.090227785149851, 14.60600829797867;
  -9.093796562628778, -2.926248531160803, 16.45055619879864;
  -9.108881513004503, -3.010632715398165, 16.52526861904904;
  -9.059579604860423, -2.603943743512373, 16.46468366685945;
  -9.128562966117626, -2.406443512613219, 17.9430148499213;
  -9.027493257479765, -2.144300335903719, 18.23422483508159;
  -4.886684707454403, -0.07587604269670077, 11.1626824156928;
  -9.040717834440581, -4.632021919077935, 20.64059543085934;
  -8.705740559979258, -4.649302989368624, 21.47492348412191;
  -9.121268648052725, -4.877204570487763, 23.11635139758653;
  -8.80054689406067, -5.218133119723627, 22.45076085261631;
  -8.900249632013448, -2.041038485244329, 23.10959500320353;
  -9.346334200692738, -1.770088777353051, 24.6567359376425;
  -9.436185014012452, -2.079924014474533, 24.9806481974007;
  -9.011042418840686, -2.405618945786085, 23.89410638187038;
  -9.240801907956836, -2.729861251010502, 24.49769144349342;
  -11.03538312067256, -5.852259442293042, 29.16590661937341;
  -10.36911581098093, -5.270935894762013, 27.46748403436026;
  -10.21503879445133, -5.046937875449802, 27.40552922843809;
  -10.07434793695559, -4.684042829051561, 27.09713910320356;
  -9.146174490976806, -2.289342796067498, 24.98043358151545;
  -9.73663451725127, -1.664663218310536, 26.69931195814261;
  -9.583824905601817, -2.610142101944272, 26.29329683135682;
  -9.346742784034504, -2.95672954625919, 25.86748159121017;
  -11.72508615354778, -3.291394724718139, 32.99107871102858;
  -2.386444845167264, 2.141597849236616, 11.23377414097703;
  -2.09236849168767, 2.102166383315517, 10.35740167367884;
  -2.130089495436069, 2.152074375200836, 10.87584559165204;
  -2.134656409088796, 1.967961166913689, 12.72997238785751;
  -2.041514392765306, 2.091011307655307, 12.4427530791082;
  -1.273022396301958, 2.099289132180836, 15.49607772444615;
  2.328643016379158, 1.47769721035214, 17.89222124613412;
  2.039814552924368, 1.988365010626841, 15.86239045969123;
  2.816559260123827, 1.550214691763717, 18.61002964384241;
  2.652391799669339, 1.882913455811383, 17.12218682941333;
  2.740258720673104, 1.524431007397151, 17.57413975327645;
  2.605954597803641, 1.547026999578307, 16.56324948712305;
  3.047611561323761, 0.5623304600458091, 18.93096811912725;
  2.686998917752623, 1.362888254390892, 16.6722860764417;
  2.68887151985072, 1.498303129942481, 16.32963135921115;
  2.841275062423311, 0.5022934808092571, 16.88106474354653;
  3.43321362334492, 0.0651017099253365, 19.88951680914386;
  2.779991727996158, 1.513318700371497, 16.11646231150918;
  2.942601772395106, 0.3406667703718814, 16.3212090593368;
  3.001648085119581, 0.1203920649612482, 16.59843348376082;
  2.932274979089456, 0.4696290208617529, 16.21353704517798;
  2.894534027590307, 0.7419547855112211, 15.79556408866248;
  2.919483716103702, 0.6824275537699153, 15.51206474259068;
  3.050407061185544, 0.7233416034492018, 15.78897291584942;
  2.789036632697552, -0.06761350120884355, 14.48459447209679;
  3.122363617894316, 0.7969490895869321, 15.99555009961895;
  3.267602342878752, 0.3333511902479734, 16.5296507552105;
  3.040847744017189, 0.8142721920161407, 15.06705737838539;
  4.856407090688287, -0.8813684371098134, 23.20130674492522;
  3.147102505083636, 1.405541024784242, 15.09145511310372;
  4.903113691443836, -0.9709176227787663, 22.77431720091916;
  4.885009224730943, -1.195559624935146, 22.65448670639203;
  5.523582651957124, -2.068911404905716, 25.45895914904491;
  4.863788840762671, -0.8708291554623693, 22.24842666685735;
  3.312114753125819, 1.281396536555516, 14.96938581158297;
  5.3874136784542, -1.775292736598936, 23.38294601564875;
  3.493032863834547, 1.139211207147565, 15.37438988392608;
  3.461652362111257, 1.881393618132206, 15.18286693081243;
  5.081740916587367, -1.829067330233314, 21.79780417972803;
  3.694284515379946, 1.918970411467982, 15.87683062097905;
  3.713499807862279, 0.6990713139160317, 15.64626273961396;
  3.648467478190459, 1.838547116458644, 15.14842019751519;
  3.629141230828065, 1.100279387839703, 15.06045805750584;
  3.508198234794297, 1.966415193690662, 13.91787045284475;
  3.654505758788134, 1.958258803592929, 14.34938337314767;
  3.577836891522219, 1.932451622852261, 13.80532051655955;
  4.595330756910112, 0.1936583269158922, 17.14146990961198;
  4.620023492619389, 0.3518869476252644, 17.15541928029726;
  4.131483153037315, 1.10261974169509, 15.35643532684005;
  4.604742542568721, 0.4141286477165838, 16.4970816710563;
  4.262869122306516, 0.9926176756840891, 15.34181112443481;
  4.395608317844082, 0.7570564833644337, 15.38776931702444;
  4.600282851102207, 1.400403329014782, 15.46891353598045;
  4.584272408217083, 1.173610719084382, 15.38576864515891;
  4.70396797685194, 0.7279797593983669, 15.75161431949043;
  4.582545283519042, 1.450696595116449, 15.3338469445041;
  4.665476098102865, 0.8742815330910895, 15.52553958855162;
  4.739735104501499, 1.136107341761931, 15.73730970486739;
  4.773654566354864, 1.415000741311149, 15.79687961723494;
  2.130332522337096, 1.050306595051833, 7.649180045038403;
  5.051718811288484, 0.9734749879346937, 16.30417516130996;
  5.297609355516237, 1.488944636710754, 17.02826635652784;
  5.723443062519807, 1.477764666871678, 18.1704253171729;
  2.325283088247682, 1.136923134982524, 7.907086220236878;
  6.503205223649903, 1.594688228479255, 20.15658319113881;
  14.19300818208693, -1.898462174208088, 42.19104667663162;
  2.326804482667354, 1.543357400607188, 7.731520743254622;
  6.656110348554481, 1.387556739631367, 20.26749406037571;
  2.319982332325252, 1.67077835440777, 7.636161793559048;
  2.318396378133101, 1.581650928674423, 7.612732411179339;
  6.697664825381358, 1.523655564309689, 20.02039893615483;
  17.13082490834881, -10.19410221938986, 49.4065456454454;
  14.78664287907349, -5.532664231816421, 42.63329937321763;
  2.324249178733091, 1.561404588373841, 7.482419833725166;
  2.31721641076787, 1.482642543033337, 7.444946417494309;
  16.66094969468069, -6.549775763672632, 47.06007656932556;
  6.512119533425861, 1.259559668407759, 18.9145929157612;
  2.324991740266775, 1.623546634434436, 7.35576806685148;
  6.707280387949648, 1.372448485588284, 19.31207521242464;
  6.36752693725423, 1.399806272467226, 18.34913402464276;
  6.995493719263276, 1.038859545192616, 20.04558557949317;
  16.21906446418296, -1.914177494771272, 44.63245575985619;
  17.05011284681331, -2.694461995916506, 46.26801505698225;
  17.15523592884496, -7.809637407544383, 46.4901589301634;
  7.173242028398611, 0.752336459588927, 19.74408808824191;
