m=[-9.325329422102838, -2.835963411452161, 12.40935367988214;
  -9.274286070550502, -2.814467652151393, 12.42376588686877;
  -9.309458410001742, -2.862894138305926, 12.95415952760767;
  -9.310538884418287, -2.862088984995811, 13.20159795346328;
  -9.380635914278768, -2.99048414812785, 13.49669412762337;
  -9.270127701393834, -2.810967027967024, 13.40636555415295;
  -9.334940369814248, -2.783139383741191, 13.64806131600242;
  -9.25093433015039, -2.894893873598959, 13.65106443759347;
  -9.148771141737965, -1.986752159759547, 13.73020499526102;
  -9.090999262064706, -2.142668206928945, 13.77379507972326;
  -8.935948544548992, -2.008371489998428, 13.67531413915612;
  -9.24909517971485, -3.015559416264602, 15.78338600546631;
  -9.200823128672855, -3.081660216202649, 15.75202219705837;
  -9.684667030922476, -2.592501185200176, 18.05317345370989;
  -4.785179212306042, -0.1464375336683093, 9.537096067407056;
  -9.080041437871778, -2.192357185765182, 17.40887775619804;
  -9.249366154532375, -2.447259707579964, 20.7625850862818;
  -9.218256720362904, -2.149055128118383, 23.00884987138567;
  -9.674408255554729, -1.480562885735626, 24.31412942046208;
  -9.47338315777513, -1.694396769366244, 24.06193828510055;
  -9.529157465598821, -1.819289084887525, 24.2229175074905;
  -9.528370597289646, -2.380299296212262, 24.3021904553046;
  -9.431513525541368, -2.110378860092578, 24.08072886449932;
  -9.429617316964587, -2.555806151508842, 24.07626060952131;
  -10.04244443384422, -1.95638793693166, 25.87267484067773;
  -10.21547165630204, -4.730170988361324, 26.55335830658115;
  -10.17939179568587, -2.062825525968969, 26.71633013510697;
  -10.67507409699392, -2.947651824608697, 28.31240539623392;
  -13.94820346888201, -6.304316160504352, 39.16557286069516;
  -2.8664913010866, 1.982265170812253, 12.80526515483289;
  -2.773413271740082, 2.043816822069407, 13.10000647965889;
  -2.196727615388681, 2.116211017312037, 10.68312163126202;
  -2.65616805035855, 1.972246880064691, 12.85439137053444;
  -4.542932584760118, -2.845466954829897, 22.6068031465603;
  -2.101694586954288, 2.084665388024303, 11.1012025415417;
  -4.3813988501928, -2.926502293306205, 22.71065268677699;
  -1.162775674344134, 1.969881328801675, 13.55806520450934;
  -1.005145752685563, 2.023417859903253, 13.75189036187127;
  -1.002866015681543, 2.034535721088134, 14.14275575150099;
  0.3056315092566621, 2.199201996514352, 14.80191265579735;
  0.9952292664585877, 1.85829723760844, 13.94336856191986;
  2.140595061249496, 2.079327886684979, 16.47895380645531;
  2.246288886709271, 1.464513193297091, 16.65619454767127;
  2.287679135852057, 0.4335365896545464, 16.30794882791463;
  2.479649431928522, 0.7346230018233206, 17.35886513805439;
  2.839229883875515, 1.562679693645823, 17.62240028016196;
  2.6373729768805, 1.9828691214894, 16.39023691415843;
  2.857228396367322, 1.487561346332211, 17.27390139192756;
  2.862346021045466, 1.698400903796357, 16.97241859722123;
  3.094810851036603, 0.5848663463646604, 18.07749409231076;
  2.799801600870173, 1.417142643903034, 16.20346281752595;
  2.717135459388593, 0.3362746997842713, 15.71173394484054;
  2.826480446028893, 1.578473318574828, 16.01244039335202;
  3.042886425099317, 0.5493302691335597, 16.88372158249456;
  3.035455280191163, 0.2021458397197719, 16.7148436041325;
  2.848071349113771, 1.556328139099722, 15.3985092178953;
  3.278169933564333, 0.1475693961465922, 16.91142386540575;
  3.083200484022038, 0.5043106355028793, 15.88446431796479;
  3.027709672704274, 1.05655350242298, 15.24734183255386;
  3.117080847841085, 0.7389724564306978, 15.39475235179043;
  3.149053619547563, 0.7590696488950575, 15.17548783154476;
  2.986742224606484, 1.403997844771307, 14.33099056601957;
  3.196348533233982, 0.8295887741572037, 15.26376342055769;
  3.23222042783769, 0.9041101042013937, 15.36282151632836;
  3.336839956507329, 1.600225504390902, 15.79548222679125;
  3.209816397180174, 1.93833381039998, 15.15712606995753;
  3.371238567181392, 0.9191069774800027, 15.51346931772537;
  5.092609550898107, -0.992439275295118, 22.46024704796011;
  4.850568417381138, -1.169625529468952, 21.35190094126182;
  5.27380689057227, -1.625007451827676, 23.08314462511911;
  4.779070304358837, -1.759694929884056, 21.00088431706418;
  3.423256899810302, 1.533936494463279, 15.24365573881727;
  5.302170354097058, -0.9231923017049638, 23.00368255956493;
  3.167724996101961, 1.976097163537179, 13.8898428772258;
  4.934453329229508, -1.199790113970088, 21.04139603428929;
  3.268572849050563, 1.953066057904425, 14.24731639833244;
  5.175643187547569, -1.670191543615462, 21.34698591016193;
  3.685978398279554, 1.439536278265363, 15.47573456075201;
  3.891203208335515, 2.124566340293335, 15.87694644306346;
  3.606577218726799, 1.189395259748111, 14.77190363449183;
  3.795256578328424, 1.980209855987534, 15.21960340332679;
  3.812235651680981, 0.7314580637210362, 14.95784237177414;
  3.816114302909432, 1.930517356410641, 14.7346063018428;
  3.872010847147163, 1.185048288354254, 14.92890182807506;
  3.935310691583922, 2.032401934049489, 14.78705232003967;
  3.684718616869847, 2.043750310258242, 13.89519279936938;
  3.696420900706164, 2.082177647307428, 13.56187812909495;
  3.772144184720383, 2.032466928234151, 13.7303843112841;
  5.6287600558368, 0.04838681861732797, 19.71945168873762;
  5.011860633864378, 0.1384918688410635, 17.59251492150595;
  3.53768354478115, 2.018790295761961, 12.64862344431543;
  4.169689453756346, 1.173202657429256, 14.6418744405683;
  4.446263971499636, 0.2011317723159793, 15.53614187667497;
  4.262024365684115, 1.151670882558325, 14.74636270892741;
  2.797592880398502, 2.067984290352631, 9.774860012900717;
  4.463265832442846, 0.4183922600604441, 14.94938665983322;
  4.356517294345741, 1.023452140914009, 14.58813537924545;
  4.592484505062185, 0.8095645808565146, 14.96809703422315;
  4.734518691638137, 0.887435281617136, 15.11833731433108;
  4.783562388106846, 0.8860736475214506, 15.20921882994809;
  4.530839165829204, 1.881479333800597, 14.35117394980595;
  4.683915934090864, 1.440908369189837, 14.67671986676151;
  4.774349951694741, 1.242349460742661, 14.92808160490332;
  4.847601402070923, 0.7704776073993798, 15.13955482055751;
  4.838473532110176, 0.9261708198408205, 15.00420054092769;
  5.262768591648327, 1.049686649781735, 15.89848128181362;
  6.567560082047412, 1.632435695734964, 19.27897688348391;
  16.42481681322384, -9.679207504481102, 46.13488532751561;
  6.66839384810763, 1.410262159720076, 19.23192119311303;
  15.87707312081166, -6.165953395776307, 43.65833690079143;
  6.799241266029841, 1.56624193681123, 19.239395809131;
  6.630151758512258, 1.498264175220717, 18.42000901604692;
  16.4471388949277, -7.40366725256916, 43.37631469792312;
  7.090960414688408, 1.088188685112896, 19.24455199873794;
  6.497001218660223, 1.352479351258668, 17.67815661994528;
  6.645476170791564, 1.477617138571598, 18.04014595994824;
  16.78251593230521, -5.024915577455707, 43.78953709271337;
  6.585555438901072, 1.73082125507241, 17.70774245076195;
  17.18946828044536, -4.704753352262355, 43.86778639837934;
  6.625927645542495, 1.786694830668974, 17.49856396112047;
  17.54220982555156, -5.699711885097488, 44.62278035661982;
  17.25263073831021, -6.148490214911126, 43.86653651737506;
  17.40968525464617, -4.592397064120001, 44.1140599040083;
  6.644525252236082, 1.546620752506888, 17.39188246892157;
  7.357016411590643, 0.7904580873911422, 19.14977648769359;
  17.42765676507184, -4.45252743504236, 43.34100409474769;
  17.47204556995323, -6.008527693055239, 43.33160824364033;
  6.597497888261248, 1.57316595291802, 16.79211800746996;
  17.5937359871485, -6.221566425995404, 42.87607178678798;
  19.20694661720121, -6.50781781778465, 46.50751481031209;
  19.3173023983553, -7.32618842558452, 46.21257261470531;
  7.715953035513876, -0.5497270539909612, 18.84426450111645;
  19.14369861038414, -8.74178649068288, 45.00275890129885;
  7.78657170327985, -0.3090147896772946, 18.6666132675953;
