m=[-4.782756896127001, -1.409913223088097, 6.880219585125181;
  -4.687035043839131, -1.421242661541415, 6.7783429944967;
  -4.694480559500889, -1.399622623579147, 6.863520920822377;
  -4.598446011233413, -0.9986010583078293, 6.901211694522841;
  -4.651687374870651, -1.558004074296201, 7.963796473208348;
  -4.696953974806516, -1.257333753203563, 8.755584940662363;
  -4.609917478426524, -1.113055020592696, 8.838449735852558;
  -4.758630871491561, -1.259070665003444, 10.68197287390727;
  -5.348141631154977, -0.8184748666358217, 13.44117431721999;
  -4.865938707885266, -1.364524463430117, 12.4008404651304;
  -4.95584434474505, -1.343233456508602, 12.65355697623506;
  -5.16832790512844, -1.006851910838007, 13.31533056919311;
  -4.8731513999258, -1.345597556051689, 12.92456021741117;
  -9.679086900179746, -3.726533609193197, 25.43024305000818;
  -9.45595184632276, -3.800268239939527, 25.14440548650528;
  -10.82322475584078, -6.574235266880001, 29.55417784686382;
  -9.624777762826634, -2.355355616292901, 26.6063666172805;
  -9.273129856498985, -2.931567987642372, 26.26127919213376;
  -9.045013352117232, -2.432189916036679, 25.66005298288174;
  -10.65785223272861, -6.544142809592432, 30.3272129241591;
  -9.052519569198111, -2.064506571278754, 25.98299225063231;
  -8.89010542994305, -2.93573690929466, 25.54010456180913;
  -9.324060248867696, -5.585363812288617, 26.69713189103994;
  -8.822113949481242, -3.373157908733191, 25.46852449216751;
  -8.996862156350277, -2.54189625997551, 25.98591859293739;
  -8.859544350299402, -3.259574226313931, 25.67861436586082;
  -8.694603837166806, -5.49744830212757, 25.23187501129526;
  -8.972397169661685, -3.012660324158769, 26.17548616800456;
  -8.929871463234315, -5.358076144951435, 26.05757552555983;
  -8.834032940085344, -2.623635572479887, 25.88307235702372;
  -9.084292944965497, -4.006414214606768, 26.56490835555631;
  -8.767157113483775, -2.440984610362194, 25.75673206635541;
  -8.9725268024852, -1.702373913999046, 26.5049309599872;
  -8.503529366921828, -2.46658814849958, 25.25717649131939;
  -8.81926513354685, -3.202008568169018, 26.16529429094278;
  -8.823872777495541, -3.792112502969091, 26.16818678759742;
  -8.753792354550987, -4.128781532352651, 26.04235591549037;
  -9.198982602489183, -6.161729970366237, 27.38068600561803;
  -8.837165191904381, -2.512734531417868, 26.53547897538431;
  -8.427321686115326, -2.742388160287248, 25.4788518853989;
  -8.668145239598456, -2.979738317874513, 26.21126520126533;
  -8.644270213096112, -2.64745586163138, 26.18954417067638;
  -8.684531946115513, -3.480467613573464, 26.54864398039318;
  -8.778470327223504, -1.393651957686694, 26.88217229344098;
  -8.391490924419429, -1.480045380290131, 25.99917928386777;
  -8.430071870994132, -3.189171674868565, 26.61981083219558;
  -8.363253446442355, -2.56965269650749, 26.44842408164186;
  -8.412363041374926, -3.987477760276704, 26.59530805477293;
  -8.268483838514632, -3.228813568471233, 26.44478766601158;
  -8.087496823063425, -2.695518898039399, 26.22283354163139;
  -8.167297304975996, -3.036281815520492, 26.57210427731019;
  -7.851192890244165, -4.790475807573171, 25.6134335970867;
  -8.326180680552161, -1.282015538607749, 27.2617153962137;
  -8.05595266540311, -1.249176762108454, 26.79972962625118;
  -7.851870919964869, -4.145493009455497, 26.13479618278683;
  -8.015089304435124, -3.504567399749984, 26.69128472525601;
  -7.868567521713469, -4.059720069663293, 26.21563430057202;
  -7.839916287002862, -3.805520237063604, 26.12072403346551;
  -8.035621151814441, -3.226805679815239, 27.04995407171032;
  -7.858568861976659, -5.687075628671213, 26.4124987594372;
  -7.848820191189692, -1.319877528405527, 26.51589768296806;
  -7.807738270429803, -3.95773074632336, 26.39391669442382;
  -8.30807069538387, -2.639922759032163, 28.08267782230512;
  -7.614270742234769, -2.93233129428645, 26.05215150783241;
  -7.501313489553357, -2.652224905564427, 26.09358183977255;
  -7.700132337541734, -2.507893210927607, 26.79348925278411;
  -7.640225712582907, -3.827707265000624, 26.58491557352583;
  -7.532107055482551, -2.639531790049191, 26.50339285995868;
  -8.86475616241858, -7.175233128837075, 31.04888057307502;
  -7.64947263698691, -2.43724325837272, 27.27120816328684;
  -7.312559658276522, -6.08388314495265, 26.03369672585769;
  -7.43655217916118, -3.486648449994258, 26.70258354540459;
  -7.404349720203954, -3.007373368291018, 26.6115972654301;
  -7.333350136929126, -4.335580279871318, 26.54548739390335;
  -7.831423994447723, -4.016302886648621, 28.34577774632402;
  -7.464575539396262, -2.540452183960394, 27.15383884226296;
  -1.497802304724654, 0.9871486875362685, 6.208685159875312;
  -7.163878152258152, -6.288822501529798, 26.03682951765411;
  -7.293236984986016, -6.099870351735025, 26.68540608055506;
  -7.466491332890446, -3.235256223559793, 27.69300791553606;
  -7.165729047966157, -5.667505299728187, 26.79567462765082;
  -7.09852936460313, -5.820543616685656, 26.78360201733238;
  -7.047627329616379, -1.156012727820168, 26.85288955316433;
  -6.871883891489102, -5.359408098218705, 26.13491795739608;
  -6.873835337972927, -3.920593846396975, 26.40242727374162;
  -6.898596009098168, -3.633660965911466, 26.48914919773031;
  -6.92970670377987, -6.100274776904482, 26.58592033020437;
  -6.537581372249604, -4.462680282042194, 25.2332174546023;
  -6.952613826168968, -2.497963923581681, 27.08249300156596;
  -6.972005392273952, -1.957599656366277, 27.28545546409244;
  -6.918013486358988, -3.886099636727694, 27.05636658007098;
  -6.866149132840395, -5.81443422785899, 26.78192418362723;
  -6.69737852991643, -5.351736455967629, 26.2485715319008;
  -1.423783917053198, 0.9845895113888332, 6.36036487330055;
  -5.350943825385335, -0.8038628528862316, 21.25438313907397;
  -6.65839642817921, -1.81249236642326, 26.57210391838911;
  -7.007976046733817, -2.494676309669371, 27.96976281092445;
  -6.725299948294763, -5.390929979151059, 26.82723760229433;
  -6.829530766514346, -1.990144235940214, 27.52861250037925;
  -6.668454142261551, -2.529913560032661, 27.06609060849868;
  -6.602126822752739, -2.284866217574646, 26.82647251928539;
  -6.616816823637522, -3.392590144689401, 26.89562705660842;
  -6.674209141759187, -6.537624940605567, 27.02825331191281;
  -6.689968874643428, -2.135075814754718, 27.3262145448025;
  -6.688348675126908, -3.214085730560957, 27.55125503728819;
  -6.709977521922375, -1.996976080100842, 27.79029669358314;
  -6.413352767315197, -3.260675126693221, 26.60654905940218;
  -1.33838524528795, 0.9862988349416675, 6.321760829590177;
  -6.465855381117905, -2.266396026886062, 27.41927056188153;
  -6.621313940676103, -6.136050557006427, 27.97681332115618;
  -6.475986879163599, -3.265217986590637, 27.45999996696396;
  -6.279120768314193, -3.599340995293554, 26.68339617483574;
  -6.306337026245044, -3.995063010685849, 26.82848981103996;
  -6.553381548306052, -2.001639237049236, 27.98192701170897;
  -6.537527378938187, -6.45870459824392, 28.15276011901114;
  -6.187649799995524, -6.089017331115035, 27.08437066053271;
  -5.970552654159259, -5.415324603011272, 26.43445871089916;
  -5.971254842721579, -5.261276059377906, 26.60446630290786;
  -6.007314447805568, -6.022103730434041, 27.04173741250134;
  -5.897189167096216, -5.661999481769962, 26.66578992655237;
  -5.601849020521589, -4.028966682036464, 25.68144328315379;
  -5.985551310485914, -4.213046893674942, 27.47649431748398;
  -2.485893540187325, -0.7313913003956144, 12.08282706270838;
  -5.317134321986515, -5.277687775107244, 24.64196061186825;
  -5.807556907116455, -6.294138132214626, 26.91644881863574;
  -2.397122793442933, -0.7757397314500785, 11.80837115077652;
  -2.363934971445425, -0.8069773363092635, 11.7876199817637;
  -5.402916654955739, -4.674122096597794, 25.86440517660503;
  -2.20984193986041, -0.6582739545735536, 11.22811179616604;
  -5.261782068445635, -3.925276877266025, 25.68417644806093;
  -2.282765363816353, -0.7935953162809551, 11.72320981176642;
