m=[-4.58162738362505, -1.2525622430314, 7.929912707337147;
  -4.617538620192916, -1.129312769276522, 8.366298570115305;
  -4.670452604514385, -1.245201114109521, 10.00252438051482;
  -4.415549550299595, -1.292715550936995, 10.13329041024375;
  -4.530516179523398, -0.4931531098658542, 10.48875185716523;
  -4.576111822788083, -1.083852297080726, 10.9556674187214;
  -4.969112212239067, -1.366630450862321, 12.19545112709712;
  -4.784228114750322, -1.167377340479285, 11.97521249202051;
  -4.993436795884981, -0.727426776625286, 12.57864092024803;
  -4.983260352241405, -1.011927666847582, 12.61424683501701;
  -5.114442861205619, -1.248674272757443, 12.9949385926734;
  -9.619642562477672, -4.079970044410727, 24.75012230812039;
  -9.509969070028998, -3.701390203386577, 24.49956047155141;
  -9.457487255115865, -5.332481288223418, 24.77996419895253;
  -8.774469975469216, -2.09431295831907, 23.70155184222195;
  -8.742196499287047, -2.177262915936197, 23.71203036657786;
  -8.861768975628479, -3.144878624928226, 24.1903717314897;
  -8.884733464024185, -2.849511665263547, 24.69008617279106;
  -8.629238994576307, -2.355060116922686, 24.02139939575114;
  -9.073353633777829, -3.382012555513918, 25.20716556990611;
  -8.510764011893137, -2.94961987231535, 23.78842594932477;
  -9.314357322642135, -5.555521580060922, 25.9735183669481;
  -8.656098249478598, -2.011177887153643, 24.37128403991118;
  -8.462939287527593, -2.828277937546967, 23.86699448366517;
  -8.371397292070657, -3.236715125949377, 23.70359331025557;
  -8.482058407249593, -2.431146825244227, 24.04074510816279;
  -8.430221125069398, -3.140755680853606, 23.98306149609676;
  -8.719492901139928, -5.251377888844814, 24.94581456818345;
  -8.781044934914503, -3.922505128652031, 25.1485508948503;
  -8.566818798585986, -2.58872045647415, 24.61311265188734;
  -8.639059788273819, -3.853328949979734, 24.80812725968993;
  -8.506445471029391, -3.155523473840496, 24.45046616732402;
  -8.35243644365818, -2.359381141646986, 24.07167800480205;
  -8.581045172606363, -1.325698464905727, 24.86767275356601;
  -8.500156645049799, -1.648561851867897, 24.63937686821252;
  -8.112786239390633, -2.389081004262339, 23.63482957053169;
  -8.471286518984803, -3.10595888478424, 24.66701435919492;
  -8.394417716467208, -3.653937202613276, 24.44589248543951;
  -8.408780453203669, -3.934722088806131, 24.54761122265462;
  -7.983058110404606, -2.637338042900118, 23.67702916897083;
  -8.27120976117252, -1.111283722285215, 24.82541835342553;
  -8.247997563308982, -3.346647409024757, 24.75605780666458;
  -8.379523642609488, -1.366524662710656, 25.18260512227436;
  -8.086494293630494, -2.86725202079482, 24.30499747097965;
  -8.283248228318133, -1.484769851689443, 25.16688485797456;
  -7.931132268655105, -2.887855906528272, 24.23854668876077;
  -7.887283281853502, -2.349095226102962, 24.18095958649017;
  -7.320515936053448, -0.9586009832551243, 22.55717942852628;
  -7.584319975533023, -3.950453781437755, 23.50792074586327;
  -7.905663259135273, -3.02527903056811, 24.51199814369077;
  -7.806552000489879, -2.438764777381511, 24.23981054404447;
  -7.727158595407528, -3.059366384864181, 24.28247712029044;
  -7.395213490881372, -2.294342017613443, 23.49301041701916;
  -7.498855311097129, -2.536056699302642, 23.86682224548314;
  -7.684599071232658, -2.907547808835801, 24.56368635868941;
  -7.841285785971685, -5.024779268118971, 25.02945362770849;
  -7.645827745611714, -4.710398852894996, 24.49498232254205;
  -7.695604905032943, -1.214833106898589, 24.73465678975429;
  -7.550488955894795, -3.113616741470053, 24.41257120924959;
  -6.940287931342294, -0.8434890497912199, 22.71529475571765;
  -7.547259279043622, -1.203606290932619, 24.64121502268847;
  -7.528481683239468, -3.323107948028778, 24.61666520899517;
  -7.41909986341732, -3.64293621442279, 24.2824176227089;
  -7.19466705473502, -5.262526081514803, 23.78502099952216;
  -7.098100958851082, -2.880767648563804, 23.51445831458285;
  -7.6376876281979, -0.9899728529174354, 25.29130616776883;
  -7.431551285002136, -1.282773158429899, 24.68616073875762;
  -7.355058599576315, -3.765897931921227, 24.4171849457608;
  -7.518646206570696, -2.428450591659809, 24.99453484651959;
  -7.14502971776805, -2.786332590307951, 24.00513832191838;
  -7.21986389860779, -2.382972158030195, 24.65633487261264;
  -7.25893870230253, -3.676457231945236, 24.80703773445324;
  -7.18354991740831, -2.551489612927749, 24.8070731105018;
  -7.196036714720095, -5.137277113428211, 24.84155912316307;
  -7.389993204168602, -6.010807886098462, 25.53839276737334;
  -6.943948088363443, -2.855284877638629, 24.5098183809857;
  -7.868691981048294, -3.734494979781947, 27.75535220453723;
  -6.88906962158828, -4.106576024059807, 24.50746547221469;
  -6.381778847113782, -4.152273125791097, 22.81629220887492;
  -6.896871335835481, -2.379806346885374, 24.64988698140155;
  -6.846013299108221, -2.481169054008665, 24.67211495646959;
  -1.424319322031391, 0.9892708632460455, 5.890682340815419;
  -6.558023524795916, -2.876310947639867, 23.89714038924457;
  -6.748568121561669, -5.392324481820043, 24.83417596490638;
  -6.564700982129494, -5.292140275316378, 24.27777526961773;
  -6.654811318562819, -5.512014466294645, 24.71533115270014;
  -6.733039067138784, -3.251820824497359, 25.32913140315018;
  -6.741341479204422, -3.882993494218902, 25.41095447061803;
  -6.811168049104101, -6.052997440229984, 25.71346429968317;
  -6.263978607172755, -4.318067336702995, 23.75670737580284;
  -6.512303920332492, -1.069697767340744, 24.89112686822748;
  -1.336293699274048, 0.9881614904907953, 5.853052491029214;
  -6.467855140421376, -2.359745880328149, 24.7485191579424;
  -6.412831909576127, -1.981116866548658, 24.56434267373832;
  -6.558774689560277, -1.875234444419452, 25.21309776284847;
  -6.478600889986656, -3.670771413253013, 24.89364616325645;
  -6.485156892636513, -5.230000556971141, 24.98626378507827;
  -6.629279544613833, -2.748938955973326, 25.63912296483326;
  -6.335501004565262, -4.457451647292595, 24.51997927637881;
  -6.349219119321223, -2.291003112920708, 24.89500621056113;
  -6.300992276179073, -1.86969792856789, 24.94984068109583;
  -6.24099291285397, -2.409208682254489, 24.86964101108249;
  -6.263497498736588, -2.199305002139446, 24.9741231793137;
  -6.171003445901677, -3.200301650734343, 24.65258511734111;
  -6.145164259921478, -1.991199226631996, 24.66637134797438;
  -6.236872059283274, -3.033087178388396, 25.23529226630155;
  -6.083981463399101, -1.842519735455485, 24.7477696223743;
  -5.90947672972884, -2.109664278778733, 24.63761435530894;
  -6.014405611129264, -3.491527423307424, 25.12058742979385;
  -2.293061367495343, -0.2864459655690149, 10.16863222959295;
  -1.244018530507698, 1.023330419063177, 5.976822477000053;
  -2.153423677353085, -0.2523000305324342, 9.736578412434081;
  -6.114282703524164, -6.104430344821003, 25.96592870363345;
  -5.611782538718926, -5.551500046229664, 24.17619355638643;
  -5.776126450657154, -5.291361476586237, 25.16894147523039;
  -5.622207328886158, -5.006248226739508, 24.65967221017557;
  -5.426134253472908, -5.490199486418802, 24.08219917274657;
  -5.299863373354979, -5.135671822002368, 23.58834441912002;
  -2.137027474906932, -0.5951718421269281, 10.14155943562307;
  -5.523047001021003, -5.277749230831033, 24.85304099770707;
  -5.396257064759667, -3.819347973388345, 24.35203117896806;
  -2.199982149059553, -0.6806600566077907, 10.51157267487141;
  -5.667001665222085, -5.717484749587857, 25.87533958304009;
  -5.591368422359386, -6.115962783288333, 25.53315839744201;
  -2.181463953646154, -0.7654827378429809, 10.76958975124182;
  -5.105845880224341, -4.458939839679305, 24.05118973077916;
  -4.003342610509476, -0.3645938430459267, 20.22764046156208;
  -4.885747155509351, -5.53948779177189, 25.22970135738924;
  -4.948844071400638, -5.845207436310392, 25.55759184583844;
  -4.607176834701159, -4.484992714222094, 24.20121147251567;
  -4.326176373532979, -4.854981006972942, 23.97806249280467;
