m=[-9.311947013641989, -2.85106505213006, 12.49498682138622;
  -9.266674455987795, -2.789522669239659, 12.58799644065241;
  -9.106074219090795, -1.994236537963556, 12.69922704521807;
  -8.985433545320168, -2.04056435070748, 12.77615345761127;
  -9.093135488834827, -2.165235794676108, 12.96736246000624;
  -9.181961364580079, -3.102331152406453, 14.76112865136831;
  -8.946100340897464, -2.44575705772749, 15.48397301534063;
  -8.872969209845238, -2.393934272376883, 15.6595047952489;
  -9.086880374288441, -2.222380987718394, 16.46408628825762;
  -9.339374661684465, -2.489994165142568, 20.00177084806846;
  -9.077965029759625, -2.150116437567464, 21.73355231608716;
  -9.340351593765679, -2.346076038586993, 22.89221682283952;
  -9.691883283621396, -2.665510911381138, 23.78631913841912;
  -9.854056079729805, -1.942379678898209, 24.46039699881135;
  -9.149614861885675, -2.232555139030042, 22.90203969443209;
  -9.192823251836471, -1.339179018282585, 23.15704142354409;
  -9.892820904717182, -2.415299434160738, 25.13599304046405;
  -10.30193097949788, -1.868584651749527, 26.38191192427986;
  -2.88233463983687, 2.001945514049944, 11.92072416667912;
  -2.198346466543639, 2.133096756896093, 9.744793684603046;
  -2.315909529622888, 2.165822954275982, 10.21532467069572;
  -2.641203355487851, 1.953115131700488, 11.56864085159659;
  -4.216071707621679, -0.4939645791706739, 19.06272007938574;
  -2.51992839854025, 2.072894672264238, 12.10686523027875;
  -4.439262251558211, -2.807361317867518, 21.23360588093075;
  -4.329283237867402, -2.715786423680545, 20.9838753499026;
  -4.247114026664082, -2.863804196367578, 21.16930807238777;
  -2.079003016742173, 2.106164744409333, 11.68064572996593;
  -2.058342521014767, 2.109656943811372, 11.80970925550787;
  -1.413105695104936, 2.06817823778321, 12.98889227695078;
  -1.210222611207704, 2.069823781598457, 13.18004993833107;
  0.3723336302252952, 2.565179259009266, 16.06117763007096;
  0.6209911550690944, 2.12078169272425, 14.32550157522594;
  1.070533006597018, 2.160257317463786, 14.96392812817497;
  1.123394535982455, 2.092384144074409, 14.49694787431975;
  2.262649084611411, 2.192773544845463, 16.26289618702684;
  2.577443281190769, 1.671825968404934, 17.83066004553455;
  2.815565375591308, 0.5614908984361535, 18.76222167278703;
  2.862100456340113, 0.8222352787508671, 18.7324105475416;
  3.054643898131574, 0.7443638460819413, 18.9054425312895;
  3.094803769201726, 0.8750466291238703, 19.00877634922257;
  3.021113023505153, 1.671635972165884, 17.6221436164293;
  2.936114822487477, 2.187784255184366, 17.00162154852785;
  2.969425137911917, 1.773092053707197, 16.5192137777531;
  3.336800606431802, 1.005621911210544, 18.42663564174191;
  3.396234765384024, 0.6578271795140677, 18.6606056291405;
  2.979153608472487, 1.649789759621874, 16.29072086579578;
  3.068002498478417, 1.556217457418614, 16.57969851723013;
  3.033830739117944, 1.634675862124942, 16.26522628364215;
  2.681330559069159, 0.3415614242243957, 14.43704281820326;
  3.045684141051136, 1.701552611115497, 16.09652494194382;
  3.310123651594607, 0.5900046565861458, 17.17337780334893;
  3.594793078537064, 0.1725278990737352, 17.36248647673203;
  3.352075604434039, 0.8038805774746846, 15.40875486965552;
  5.14169653648743, -1.87617526352242, 22.76624427129465;
  4.99297783301551, -1.82190867063871, 22.10775221387249;
  3.288153547645427, 0.9271523372133464, 14.82657830258926;
  3.45528951309245, 0.8448635152965384, 15.48679638355072;
  3.392696518109036, 0.8954428300463388, 15.08139331140372;
  3.377726898034428, 0.9554838344652145, 14.94735960508896;
  5.220774017714875, -2.002858035166924, 22.09741338751202;
  5.228237816002666, -0.9790722490016611, 21.94575716083666;
  3.430593661196382, 1.631837108586772, 14.76236229753425;
  5.480284143342792, -1.314907116519746, 22.93168151461683;
  5.054248698291207, -1.831354004390195, 21.051638136739;
  5.525488154410521, -0.93360293903081, 22.84357062823838;
  4.997454433052919, -1.856292728732743, 20.44205403822166;
  3.595657880608418, 1.622874776139652, 14.91379244081347;
  3.299263515971346, 2.137229514791485, 13.41454007264336;
  3.422278107552847, 2.13768993056782, 13.87009542679945;
  5.862799903174681, -1.895204767940173, 22.43464446738079;
  3.898796588722064, 1.532949221712182, 15.26096277050517;
  3.296171097731353, 2.125337526655292, 12.96522072825014;
  3.815253568028776, 1.346438705136072, 14.77126771171179;
  3.846358557044134, 1.421533217192484, 14.57623699282065;
  4.023815108903848, 2.107785603030831, 15.03100024938712;
  4.071168270747061, 0.7921118933898255, 14.84925468289503;
  4.137337451484731, 2.101159786120366, 14.84516202049124;
  4.07478721327686, 1.261072416274631, 14.61253907741247;
  4.24800883378151, 0.8178151931188199, 14.86032364077107;
  3.889597028182751, 2.173377027748181, 13.58409963367576;
  3.691094935676451, 2.179168593032762, 12.64197195166668;
  3.810004917434919, 2.156192411935378, 12.91264861604207;
  3.485596522418393, 2.198305737642085, 11.87412243854775;
  5.067114419258916, 0.2559106212319465, 16.51216474854949;
  4.522775622684767, 1.284040146054041, 14.74967334500884;
  3.921279208327721, 2.254272482198713, 12.88407606036665;
  4.539691965416481, 1.241043192948626, 14.59847603257654;
  4.834323236913948, 0.4757988425026067, 15.0621355240023;
  4.735877632855322, 1.137125270226531, 14.73615441358793;
  4.100948446092859, 2.258627578661385, 12.79140697544796;
  4.673114325322538, 0.7812762883293097, 14.30263820067906;
  4.984156094258323, 0.6434637152748659, 15.15273640338453;
  3.865003259535133, 2.235005790604451, 11.9423881251771;
  4.853458515318187, 0.8730808651187588, 14.71891421414629;
  13.43571927475289, 0.5515547506356988, 38.51535273461733;
  5.006230328892789, 0.8602475211085934, 14.91878055260376;
  3.819176549582142, 2.210395437502138, 11.60296998777465;
  5.151399759106973, 1.426663477131424, 15.27292488062967;
  4.9867527050993, 0.9510514757321027, 14.82818136790732;
  5.385236109241239, 0.6262655790791324, 15.90505962527697;
  4.930271991281406, 0.645394967926805, 14.64702986737604;
  4.193924642393998, 2.119408188992626, 12.57786314747568;
  3.985411090540344, 2.128001578915334, 11.9671592129132;
  5.041809937113666, 1.56633312423003, 14.68436657193259;
  5.067385039165268, 1.326778020914864, 14.73812773048435;
  5.126000752423665, 0.8288548820526148, 14.90716431147451;
  5.052711458285399, 1.090167279322185, 14.60375703048063;
  7.108884226102889, 1.61061994162738, 19.27233731459447;
  6.851740032223191, 1.595679628982012, 18.34555614832315;
  18.32204905754614, -8.190205312687271, 47.08828302094071;
  7.161437955045398, 1.634911258505527, 18.77801579581762;
  7.253579727963155, 1.540029365821355, 18.93717655341589;
  6.875354651105653, 1.641963874472567, 17.84122681222258;
  18.87068777703961, -6.072636906163018, 46.82413710768498;
  19.21824346985038, -6.802683590870784, 47.64875743208373;
  7.135007422209437, 1.112367296729794, 18.32057866645012;
  7.26189307903261, 1.524088416885874, 18.59972664455447;
  18.95130380957124, -4.967245619513244, 46.84654847392779;
  7.035499532502109, 1.866669966725346, 17.81588373108357;
  19.53403861082133, -6.668266083115798, 47.22753603053608;
  19.53200597445255, -4.714072944733529, 46.96181560784036;
  6.874645177903951, 1.870943891068881, 17.08646023076559;
  19.56509447502421, -6.876392263854521, 46.47367964653294;
  6.401712299115943, 1.958887339785046, 15.82336133118703;
  19.3957092631667, -6.54544566704582, 45.87437721415237;
  6.84197454173847, 1.737142103904491, 16.67930505737905;
  19.53712464802005, -7.36269240910102, 45.63225616237283;
  6.876621678039368, 1.895126141523311, 16.65243341013073;
  21.11920357394502, -9.589668636091439, 48.43525159925563;
  6.821781645428192, 1.639993782965999, 16.29509513204195;
  6.885592053762217, 1.574564694416665, 16.2223201221387;
  20.47968119142948, -7.772740291520641, 45.94613519628445;
  20.83262030553924, -6.834598225814089, 46.66760174768777;
