m=[-9.959392904658134, -2.382127793120795, 13.14895837027453;
  -10.22673744508302, -2.807853047337358, 16.61256094304499;
  -10.29275864030134, -2.529174218811719, 17.57284732993044;
  -10.43079929833462, -2.807770008993551, 21.29972572613854;
  -10.03048864889986, -2.948094775082909, 21.94736752125584;
  -10.39390556666662, -1.168301724771281, 22.9628153764681;
  -10.48326087183218, -4.071597167728616, 23.76497341040953;
  -10.34924510081085, -2.461342047101755, 23.71369391392587;
  -11.68486520745578, -5.174903436004372, 27.38538530841249;
  -11.62232594974845, -3.216010692479235, 27.41649070236971;
  -11.3415863433937, -2.924985560234741, 26.91542666905022;
  -11.2793925128532, -2.798044629949669, 27.11319712065385;
  -11.96101382300281, -2.425830548604528, 29.10552083684435;
  -11.50100852115634, -1.897953466318305, 28.07665862962152;
  -12.16522684102309, -2.985273045690646, 29.77306525283169;
  -11.70095234938083, -3.212423959132333, 28.8964016656994;
  -13.07709297424432, -2.995930390794238, 32.69713823601035;
  -21.87587860337798, -12.04129712481574, 54.06757952266469;
  -22.14337138468936, -12.92528301957277, 54.92738714870101;
  -21.59272467569416, -11.72563668557286, 54.01441689148179;
  -19.14612785244946, -6.281987490405636, 48.83735416526648;
  -21.60860763582387, -12.33788957660322, 55.67116880480912;
  -19.83605914466167, -11.91443815369038, 54.45360029393314;
  -3.370607516921833, 2.212666181338867, 11.98057210819371;
  -3.30452597796736, 2.220569197975041, 12.31620951509228;
  -3.218531943320127, 2.251349279585216, 12.22577262228534;
  -3.100921882773967, 2.314925694863634, 12.44926715722325;
  -2.960009628318413, 2.23423292555096, 12.28178707313136;
  -6.777618028345498, -0.5627770680036498, 27.03189242519897;
  -2.960515342878985, 2.371534947630996, 12.52145757586787;
  -2.807420687751501, 2.326027616704921, 12.40283635196242;
  -5.731112077970561, -0.6524588661313372, 24.6872174631132;
  -6.303625248148724, -2.085746845647325, 27.43158782410641;
  -6.556987856920924, -2.818976747214199, 28.68217838915215;
  -6.531269845895792, -3.084473693433116, 29.14973235977218;
  -5.95353213155887, -2.086593365921087, 28.15521281059895;
  -2.161362244331644, 2.323179001641753, 12.9232384787185;
  -1.549555970759802, 2.284707186473799, 13.1548309901651;
  -1.445839378907248, 2.226663330351722, 12.95163265168958;
  -0.6424448208718336, 2.007020491852848, 12.21539606320124;
  0.1415617366525221, 1.943615327506828, 11.90707952605746;
  1.037140891932222, 1.780807223587916, 11.59638932285558;
  1.845041533355586, 1.80084491887435, 12.35987419328975;
  2.06553976891021, 1.351428634810834, 13.38327662090405;
  2.238372706375567, 1.048648189922872, 13.7117287857069;
  2.327980969661621, 1.022944457217411, 14.01699399752238;
  2.376121640958933, 0.5919570005454463, 13.8239875870739;
  2.461201834391147, 0.5293410510928864, 13.27051113210843;
  2.456218821135393, 1.830081378399446, 13.26967423837348;
  2.511988633354306, 1.516035799013317, 13.04728533259559;
  2.592216763320818, 0.5263205311019987, 13.40451597163704;
  2.411172308412143, 1.006767537643628, 12.34862850003593;
  2.543241003820574, 1.428143051868125, 12.97924727332926;
  2.478780397915836, 1.353423142791574, 12.39942595296665;
  2.26905464339269, 0.3163151422891045, 11.29165821415686;
  4.016982748476649, -1.541806460808478, 17.36202002484987;
  2.657101113784935, 0.719520812420523, 11.67556154917077;
  4.237507074835655, -1.515856894932026, 17.85358254453221;
  4.217407295483419, -1.502205474176364, 17.73738118533838;
  2.722962381099973, 0.6775412368622973, 11.64077910209378;
  4.472202053134496, -0.7305892129635223, 18.30007816963089;
  2.800532173107651, 0.708650140328585, 11.67879955503355;
  4.913549685913706, -1.849980535840599, 19.76374414968961;
  2.779566445639563, 1.323190229930534, 11.56448233279424;
  2.850566600859903, 0.7738491918644639, 11.76352288968471;
  4.448025706435208, -0.797478953551921, 17.73736395970543;
  4.336110180867061, -0.9934884139938156, 17.2716293109771;
  5.019958443654047, -1.781279275002661, 19.82029121116581;
  2.873609255099874, 1.407045673741232, 11.73827426752688;
  4.326054963576258, -0.6988167069911145, 17.02660823786919;
  2.944595429376442, 1.410930781405069, 11.73584257307699;
  3.004055549816363, 0.8561095943240142, 11.89670401767561;
  2.998507215342367, 1.893850263290481, 11.22529085426223;
  3.110816992960017, 1.242051948590267, 11.32399342852231;
  3.228826866028709, 1.171316848592422, 11.613133375584;
  3.086859831513643, 1.946473572646823, 11.04813617830068;
  3.341905577776382, 1.259719671533523, 11.74313060382214;
  3.557492483818119, 1.886895755760688, 12.35601166791799;
  3.569024837671099, 1.993850180184486, 12.20859171743761;
  3.186123729999048, 1.935283972259197, 10.93189867911998;
  3.564009612419346, 0.7152639801328992, 12.06342900431141;
  3.588226323689617, 1.844633604006573, 11.96001006834028;
  3.528175718991449, 1.115055687248016, 11.73270971135665;
  3.501137284905525, 0.6265342273013262, 11.63413298351247;
  3.615657569502764, 0.6691903103824285, 11.81757793760422;
  3.45572919764921, 1.956307969677733, 11.13957012179248;
  3.56378065489293, 1.882291911659708, 11.34442784674208;
  3.788791040854884, 1.126683089957994, 11.87673417965594;
  3.449098980526006, 1.975711030538577, 10.74146876409125;
  3.895970559213821, 1.132746254558862, 11.79790369198126;
  3.945223201340995, 1.104296435537815, 11.77036848399617;
  3.418582143475464, 1.983987508275629, 10.31509061727109;
  4.198007389913685, 0.4437872917999584, 12.16212491647902;
  4.357793950584591, 0.5027666867031975, 12.40751792357453;
  3.404419948770747, 2.00613908173608, 9.913282505023314;
  3.573434636210945, 1.940880002076709, 10.33475658215487;
  3.616813830919245, 1.907373844464489, 10.41338349570936;
  3.618040939855646, 2.011003655573228, 10.35774549558833;
  4.267699955144641, 0.7962029209865674, 12.01638360039939;
  4.386632818367099, 0.7838685928995103, 12.15093465193393;
  4.481044325485013, 0.6142516775920415, 12.35351749440507;
  4.455235596264098, 0.5482419510319643, 12.28694274802656;
  3.455695748642505, 2.01931848034086, 9.742753709529435;
  3.782928652560429, 1.936608927974131, 10.40501063043813;
  4.447653849453954, 1.199122001125617, 12.02152661159471;
  4.426163235596684, 1.40213542694797, 11.97189371070809;
  3.437090445746311, 2.013350796517002, 9.505856765078805;
  3.607765285524024, 1.952347932221916, 9.892229633875843;
  6.888134559464506, 0.07117170489054266, 17.81720569523779;
  4.707928693441706, 0.9451276173226727, 12.40419715762076;
  3.415403189964359, 2.039478586705543, 9.062814831785289;
  14.50259296785418, -5.074085646168471, 35.12197668430554;
  6.268950462933531, 1.461840111149382, 15.52189423963065;
  4.054262509294445, 1.93620788189111, 10.3333565384841;
  6.178663116402008, 1.508295950281794, 15.09538803452746;
  16.06952194256295, -5.344270914213946, 37.09100520321982;
  14.84410977879936, -0.2091912741117253, 34.0293265635089;
  6.158586837203728, 1.663710566686144, 14.68198460641944;
  3.799890559265135, 1.987186880393254, 9.383597602005052;
  15.2253219649439, -5.669667785634433, 34.69966876288419;
  16.84349462367304, -7.572209100679727, 37.738574238342;
  6.178509498517077, 1.713451549574858, 14.42102072096246;
  5.482990527999247, 1.863705914392206, 12.79687590841146;
  13.63509202669997, -0.7202075533948491, 30.23794065995832;
  5.628571168733302, 1.759587754355586, 13.00473483866619;
  16.61835595388335, -6.233132975430271, 36.38682537317398;
  6.109702461233292, 1.581058569755222, 13.96383080053854;
  15.50723456281445, -4.575785524381769, 33.94508354735881;
  6.093321361533304, 1.493733915381268, 13.89937336647438;
  6.168950915568074, 1.731560090980345, 14.00614625807404;
  15.96752911994351, -5.879607965103483, 34.34438932123591;
  6.274010109890293, 1.530080206590527, 14.02383098930396;
  17.14495707588122, -8.407509303771978, 36.22333557256066;
  16.18911467438127, -1.798981461072995, 34.11672960477886;
