m=[-4.87601391028672, -1.318023709303356, 9.43961898645445;
  -5.199105178710377, -1.446059194319529, 11.75324349804198;
  -5.220215662810508, -1.315904478641738, 12.03201850994979;
  -4.617498576964999, -1.625638385167026, 10.93726578377417;
  -5.180189245976334, -1.429476576618691, 12.28143958019832;
  -11.0762685057202, -5.892694561033726, 25.7995380136819;
  -9.691109688058599, -3.74947932393049, 22.83338705847327;
  -10.18959303518763, -5.454831747768051, 24.41636628420471;
  -10.22531144649043, -5.65912133018016, 24.74474765932751;
  -10.03490099520417, -5.48303696572919, 24.58424474880022;
  -9.615137513944339, -3.789710803842041, 23.77602160878498;
  -9.606289402615658, -2.726008863186522, 23.84001283865094;
  -9.632096006359909, -2.996206752483291, 23.89920275910263;
  -9.600869600286668, -5.247529458667425, 23.82137487009209;
  -9.81465168076417, -1.464544055116077, 24.49244802309189;
  -9.998308479759096, -4.101503905852844, 25.01122730655516;
  -9.731687528414033, -1.427191707752318, 24.91658359327834;
  -9.164128592161596, -1.218801114581163, 23.54552713626953;
  -9.055457842384461, -2.204945002498645, 23.42979739023112;
  -8.947707658994847, -2.268937156223836, 23.2471781284276;
  -9.191404128097089, -3.47731498740348, 23.93715503424642;
  -8.832079751246578, -3.179852411241752, 23.12830536655035;
  -8.951481088950196, -1.157887828227537, 23.52343247336505;
  -8.543748229375414, -2.78369629382526, 22.79016245904308;
  -8.633330840520323, -2.397756997000528, 23.03679335149144;
  -8.476750372517117, -3.194895293013904, 22.62260979936628;
  -8.581887444988825, -3.021797851298471, 22.99799299348944;
  -8.645134137440113, -2.419358978889227, 23.29655116723813;
  -8.33132515675479, -2.825148008147221, 22.52414357769839;
  -8.910356022577172, -2.111225393633804, 24.05462125388675;
  -9.652850311626986, -6.043459505910613, 25.97676603152335;
  -8.659302812142323, -2.524342477951368, 23.52898630421546;
  -8.903566068418511, -3.492104811516394, 24.17272036618669;
  -8.586937311559428, -3.243669640161158, 23.42961648171124;
  -8.511987227711135, -2.597987618388997, 23.45926723455497;
  -8.967812799880418, -5.455530642849001, 24.67573330257843;
  -8.713658905270947, -3.933212454053876, 24.03971050690188;
  -8.526065310841362, -2.450559748073661, 23.55775711998521;
  -8.578895855803605, -1.35697696614302, 23.84409375140067;
  -8.218578999384118, -2.455000757553634, 22.93579895627879;
  -8.469926996600462, -3.142258188378779, 23.67348467350486;
  -8.525450185541496, -3.754477842358724, 23.83600882929826;
  -8.096047718187752, -2.712046988757185, 23.00997016144108;
  -8.214315792704889, -1.132896561878369, 23.64152536250895;
  -8.166320278466403, -1.363233182503284, 23.54974187984685;
  -8.18296454117006, -3.360324473642832, 23.58684796189627;
  -8.243318676565982, -2.965786330188318, 23.77361487712109;
  -8.099600653744901, -1.493082824775146, 23.6191983965916;
  -7.839600810826996, -2.374510523177326, 23.04955119495164;
  -8.121701375615931, -3.12268304712397, 23.85085242957813;
  -8.139450515586795, -1.116946134671461, 23.96576831500686;
  -7.892452370220358, -1.196822825285992, 23.28216137011182;
  -7.928783932229782, -4.158271673346706, 23.55366170066166;
  -8.010888418075851, -3.100096531335979, 23.83766884976869;
  -8.161407149459658, -2.588104811250159, 24.30490736088865;
  -7.792278614692404, -3.110340947444928, 23.48665806484399;
  -7.574176756388373, -1.073004357722314, 22.98003020366858;
  -7.523038802957362, -2.365133478810525, 22.88994624538843;
  -7.802991901472318, -2.690966652978279, 23.82316168302958;
  -7.87016204481885, -3.534790253713381, 24.10751255536188;
  -7.728536731649589, -2.954357289587023, 23.70778079534152;
  -7.633341204034376, -4.943891979994939, 23.45006311770985;
  -7.59290974805787, -4.729634642346799, 23.39007419958874;
  -7.777539982874987, -1.26202254995357, 23.97136693487444;
  -7.584891898058523, -3.162953442445419, 23.53786270479243;
  -7.554884220685406, -1.127063415747752, 23.57789822214232;
  -7.619795589637628, -1.248974993512091, 23.8531282991498;
  -7.574333246440164, -3.384874724665275, 23.78870310380403;
  -7.539215981017637, -4.061392229248135, 23.68184258795061;
  -7.574909472936648, -3.762220737987272, 23.8078543302604;
  -7.377808595552254, -0.9833878021170545, 23.44149035634618;
  -6.971565159512298, -1.228972801952627, 22.20542649882201;
  -7.431241572588937, -3.057877439535202, 23.60182039770761;
  -7.246841904531403, -2.866550628696638, 23.35871405533884;
  -7.250099169535142, -2.42863530831507, 23.765711357741;
  -7.315416022642785, -3.747879408978422, 24.03068295903449;
  -7.142472165379292, -2.568783465349394, 23.68041012721357;
  -7.342435335385752, -5.291956072616443, 24.39314491507761;
  -7.011453429926265, -2.917572512917032, 23.75928173684106;
  -6.955321191116509, -2.782749020103713, 23.63330635557651;
  -6.934782451346533, -2.425301014867781, 23.79038856240161;
  -7.161010577908776, -4.688601562280924, 24.52331147091241;
  -6.988922283525578, -2.564193251814919, 24.17747858168585;
  -6.780906596578841, -3.017225796605189, 23.7159676532626;
  -7.095542684923968, -5.752025520884478, 25.20968056319849;
  -6.658433223393335, -3.258067175298242, 24.09891004670016;
  -6.660620583726559, -3.877304236214695, 24.16482278827855;
  -6.331736384327413, -4.405128752401913, 23.06553102972633;
  -6.377426442646181, -1.847506753899909, 23.53823928011497;
  -6.439445048707005, -3.678034721692219, 23.78044028335172;
  -5.897928069862369, -4.189341450053567, 21.95680017111621;
  -6.537965829150975, -5.324961127986167, 24.26814314747743;
  -6.357853843478884, -5.087927452634697, 23.9984509095777;
  -6.386056909681884, -5.224732049338405, 24.15974565740021;
  -6.088567382738598, -3.187423959488706, 23.3677792226746;
  -2.563104099482779, -0.3489514088175134, 10.99312082039911;
  -5.842037455380654, -5.390185431762881, 24.51930244144434;
  -2.332076234234551, -0.8179807646994319, 10.53217518056951;
  -5.964832175650662, -6.098768564124222, 25.51288336712595;
  -6.017123617694155, -5.87845194945614, 25.75102177129423;
  -5.660421341692637, -5.459052388585175, 24.55261481335477;
  -5.923529490120172, -6.021678540055626, 26.09465616098782;
  -5.500731446683809, -5.826999005781785, 24.68165798878171;
  -2.227796313555278, 0.482999840721823, 10.6613786160587;
  -5.174909441995059, -4.574511457826092, 23.49243799634965;
  -2.037706558179392, 0.4090849220753389, 10.0487717148041;
  -1.034142691321507, 1.115537043013997, 5.670554535299901;
  -4.632736598492874, -4.826374125806962, 21.95604909216165;
  -4.409500717823423, -0.4131902366174912, 21.18005504676978;
  -4.254575159399685, -0.2599023232383858, 20.58181432892387;
  -4.864024353973028, -1.53645110778601, 23.4494955093962;
  -4.707123359794298, -4.610766296405606, 23.78006958174297;
  -4.843549500066525, -5.410371996878527, 24.76726802177457;
  -4.238635824849391, -0.3072648645006579, 22.13527329540665;
  -3.871855406939103, -1.348438931848627, 20.6281138914358;
  -4.471728939666876, -5.053716138441541, 23.85332222195892;
  -4.328082358682133, 0.1223796292224345, 23.564067309263;
  -4.356599811490433, -0.06479785096508593, 23.71646250138207;
  -4.187032744347528, 0.5026399533814427, 22.98148338924325;
  -4.063137541792387, 0.3514805631799275, 22.39828608005944;
  -3.367231335312228, 0.7989216431326564, 18.84340847193244;
  -4.035449724699557, -4.551732923382459, 23.39334301035915;
  -3.827239306180515, -4.211632200985574, 22.76290405108477;
  -4.133796309740442, -4.638197293039695, 26.32274113559353;
  -3.912981069150963, -4.674393201790841, 27.67872632051318;
  1.630854215567296, 0.6466451460503184, 9.90198018049003;
  1.625956777788244, 0.6156577173707493, 9.51847734024561;
  1.454315086986888, 0.9506654691547553, 7.358692098919773;
  1.75045807319159, 0.3708375602708805, 8.515067632801362;
  1.556789213614025, 0.8818150223691897, 7.428204814209459;
  1.56112110372599, 0.9474415475779136, 7.394222546784538;
