m=[-4.794125542212344, -0.2407193044282378, 6.920180278695407;
  -9.57692710773425, -2.588716361869756, 18.54025534409164;
  -9.368586198006076, -2.772660633450891, 19.46719529818455;
  -9.575335407192871, -3.748496225666429, 20.70945902231199;
  -9.343605112815219, -4.065454230961496, 20.93768471371221;
  -10.4460971642279, -2.574054957676386, 23.49439087075157;
  -10.8324267565232, -3.012889674209042, 24.48808880910208;
  -9.207983277060217, -4.468035473203456, 20.95993643316154;
  -11.13568876721346, -2.80706845618087, 25.66652836254973;
  -11.55799758138166, -2.375148198920441, 27.01488952097083;
  -11.71192077885569, -2.892839600118011, 27.54747322551406;
  -22.45164100085028, -8.68651438593532, 52.89869019870729;
  -11.11423280810435, -2.53934068334241, 26.73154182410602;
  -11.06852723924368, -2.2195027785577, 26.66358285761611;
  -33.9755819790906, -18.188271365543, 81.41250111322287;
  -36.70169437851885, -20.312275337346, 88.8162840632023;
  -15.90023875109591, -2.29973194028981, 38.65740294770289;
  -34.27728497530119, -20.09832937078983, 83.26160710625416;
  -36.70497491271794, -20.05547781375997, 89.9225699570014;
  -33.48027533372881, -14.376031602207, 82.73631075239499;
  -34.12588972236838, -13.45037996430367, 84.38546929582071;
  -32.4358390122476, -17.7283962619679, 80.47878082977367;
  -22.50802403574208, -4.269519050636395, 56.05106320034971;
  -41.65760056956457, -17.08877174478253, 104.208398750682;
  -20.48599393315504, -2.940283291619275, 51.64026360659342;
  -35.68154767627039, -14.39262862035286, 89.93857486160277;
  -34.84113384364876, -19.99955194204958, 87.94316494938826;
  -38.46674928354797, -14.49815446046453, 102.659417943123;
  -35.5138557739042, -12.04272993953754, 96.01343980681639;
  -34.20022904415225, -15.43746068905505, 94.35342999182879;
  -2.792378545505616, 2.030994190739885, 9.882907597450494;
  -2.70503727424203, 2.052375348704233, 10.24741145709306;
  -2.623374989318023, 2.110452251389802, 10.14750604272538;
  -2.559037755252885, 2.128462547945865, 10.32833376520635;
  -5.341527494715497, -1.599066935795195, 21.85189600716782;
  -5.042699131444127, -0.7808722571370852, 20.86751384391289;
  -4.855852634919869, -1.586086768316524, 20.14064948190136;
  -4.963158511962982, -2.097548795166577, 20.71473118522926;
  -4.95623108366007, -2.55102521092819, 21.16628540710995;
  -5.783228622209372, -1.731190285199171, 24.65638350259261;
  -5.594707175962372, -1.723012483866453, 24.38795621636955;
  -1.808659038718479, 2.22755455542679, 11.53380141966686;
  -1.529316597629095, 2.27699950595105, 12.00070136218682;
  -1.344590672192512, 2.345181487758569, 12.5397982304994;
  -0.5949091099809761, 2.331967568019421, 12.99324075440979;
  -0.083863741658127, 2.530714872965703, 14.12529092305232;
  0.1865856447477598, 2.508131695331725, 14.10933183403459;
  0.4124232428076001, 2.844022981247836, 15.03456537940735;
  0.8536581425590712, 2.185017935641676, 13.85958823176497;
  1.310062792101552, 2.459388262594991, 14.36937387557042;
  3.014253855477125, 1.141327170309757, 17.64567632611669;
  2.909745785204937, 0.6949043021079071, 16.827371330607;
  2.829603208266595, 1.315329610088869, 16.28505479835196;
  2.804247020498761, 0.7992027959650676, 16.03728597387727;
  3.190319811765226, 0.6383945921353801, 16.62356721755688;
  3.294622390912064, 0.7270785326107364, 16.68887194860659;
  2.983236802841519, 1.950100250042057, 15.09488644290913;
  3.440680108964502, 0.7289140121788514, 16.73711828884258;
  3.44499311589977, 1.104425274326113, 16.72427962042188;
  3.131827599825092, 2.17682076019599, 15.32059192584861;
  3.166800369965723, 1.941475539642899, 15.41467867498435;
  3.566914048377594, 0.6769917560197107, 17.00432678099303;
  3.186092390362009, 1.349815364314771, 15.21682868827956;
  3.237252465953298, 1.788613345871434, 15.09168934919394;
  3.171960529131335, 0.4689974938443337, 14.62498571560153;
  3.574734727449674, 0.2253678569885613, 16.24117313719573;
  3.191924795841096, 0.7226383057991263, 14.67095061930654;
  4.374847874923775, -1.6434032994263, 18.00092359128993;
  4.560621451690059, -1.609804807465604, 18.32085595919958;
  3.475739504807382, 0.9670359020071546, 14.16527155980745;
  4.978029611798593, -0.7967054251351706, 19.46671928608078;
  2.709620788529088, 2.465267608824433, 11.11467164229471;
  3.569184587215617, 0.9131224022001355, 14.14262536946419;
  4.671015185252452, -1.74588068657704, 18.0052059042418;
  5.039399670892598, -0.8711264660975673, 19.1701510905683;
  4.941643611620374, -1.118347253164691, 18.73746561028763;
  4.734640832001521, -1.665271462353433, 17.91621924611026;
  3.649865114218077, 0.9485288999020743, 14.10720062980747;
  3.645090129673259, 1.017735332448313, 13.95339959034092;
  4.977105399914148, -0.972476111603665, 18.37922155147025;
  3.641049477776512, 0.7652959775873559, 13.81836164349685;
  3.669153380876602, 1.785190453878311, 13.54567612448283;
  3.765754665705879, 1.095793745551301, 13.83299936879764;
  4.197353479383463, 2.35505896822728, 13.79229566520315;
  3.85646701811947, 2.386675709064638, 12.77022713699133;
  4.119891016447659, 1.577824673438816, 13.39510552836545;
  4.249504512413565, 2.281010532271474, 13.71081842069122;
  4.319697044110662, 2.26435256765484, 13.61317013412764;
  4.271411905041681, 2.308984202692003, 13.42803058468007;
  4.220553112297093, 0.8778533948437026, 13.25593182109299;
  3.439519973544035, 2.446738081710125, 11.01850708132925;
  3.889250428718253, 2.390199337299332, 12.25570201097954;
  4.324983712155643, 2.248034405654947, 13.34654944499194;
  4.349040484086647, 1.40173349851406, 13.37836899609326;
  4.402197885673692, 0.8111127340948159, 13.5193054578771;
  4.399645802076931, 0.8431508379109142, 13.31180317606063;
  4.437763091365679, 1.520034832625588, 13.30733484884087;
  4.285512799981242, 2.355160408041157, 12.74674811377469;
  4.19219399378623, 2.4001303601135, 12.42742215123657;
  4.321431787815629, 2.314438137788638, 12.67954926134508;
  5.47727851618523, 0.2663018620408279, 15.52232532361583;
  5.031039578813651, 0.3071191373047027, 14.27930160942255;
  4.301563934882254, 2.385639402077081, 12.26070715156932;
  4.001253544235913, 2.412789550768829, 11.48587628157373;
  4.312053845225559, 2.310117611177203, 12.27885687650151;
  4.2013654156856, 2.435422849439571, 11.9890565353045;
  4.812357987898563, 0.6368640342135731, 13.48137342207868;
  4.703481906257811, 1.402308403044565, 13.17949262201361;
  4.983262476681849, 0.5278846736654201, 13.75420737822025;
  4.807606089083715, 1.372342903644639, 13.25885443025763;
  4.86214949651873, 0.5670308950035474, 13.37992242971321;
  5.054750987980231, 0.548558551328619, 13.75491177829897;
  3.822795585041366, 2.454882094817506, 10.70730645402732;
  4.8544747200294, 1.411365165810517, 13.25860242778055;
  4.880379341699109, 1.518624139606476, 13.30149057837484;
  5.064847437635932, 0.5676329828456022, 13.60323441931273;
  5.166656134215699, 0.629830640205678, 13.6604816537075;
  5.020994351265917, 0.7738709112226435, 13.25534490973478;
  5.023412619812008, 1.076647321556864, 13.25414136884835;
  4.993563898288032, 0.8950392167931799, 13.13923156056556;
  4.292443829496072, 2.356661622027252, 11.32158098420913;
  4.341653207499164, 2.318776344662541, 11.41389135558;
  5.156532230979336, 0.9561991207010807, 13.23992277586651;
  5.27051134016642, 0.7603659920598243, 13.4881920258587;
  4.311317380578801, 2.422346719009369, 11.25836124933147;
  4.527399217435815, 2.318731869715676, 11.74971668851783;
  4.312128904201299, 2.375792177252793, 11.25054497987262;
  5.190494808747459, 0.6603029384867553, 13.27096943433935;
  5.328918614174015, 1.711052429355624, 13.32939484001057;
  5.264016127048298, 1.451701042911914, 13.17201763744783;
  5.389098474283204, 1.810177388139899, 13.42028478149408;
  5.334300099397657, 1.103429048149624, 13.24757117250914;
  4.317254906696141, 2.449620805815108, 10.9196384193139;
  5.270404356490987, 1.345055466607225, 13.04318899230187;
