m=[-9.454753800075535, -2.563819527823567, 17.32975306726489;
  -9.030693680382942, -2.684516677981718, 17.8055213845591;
  -9.905573518609501, -2.756412687884991, 21.42938955549649;
  -9.998726641990427, -2.53398362569645, 22.07180308514639;
  -18.70415388272575, -6.347420507812999, 40.92812520567355;
  -9.809743205260537, -2.585147664645472, 22.05425107794838;
  -10.123354488845, -2.52209621969007, 22.84129831518864;
  -19.46808234404195, -6.955818039478627, 43.37571565593691;
  -10.5862349356206, -2.654339594261492, 24.21320481160263;
  -10.58713569081361, -2.529846416238411, 24.33728623320972;
  -16.70077076914108, -8.957573836298414, 38.28814137730814;
  -17.01239928223168, -2.577533216077412, 39.15679362311515;
  -18.30887645176603, -7.089308364435247, 42.08175776505375;
  -18.01237927522311, -6.44492240689446, 41.76824784234928;
  -18.31625532739659, -9.846285069800272, 42.95343288929024;
  -18.13113928619331, -10.08280798750275, 42.96603864403095;
  -17.40285208387096, -2.55696822874812, 41.34712057965189;
  -17.43970712704703, -2.311205607018052, 41.46538632188914;
  -17.38579378385705, -2.950033458050855, 41.5871446984321;
  -17.51305990616006, -9.606485219738806, 42.02054120764679;
  -16.99944027136392, -4.930791770164806, 40.84190815057236;
  -16.9870683344302, -3.470495488423339, 40.82420095533264;
  -17.20841772243188, -2.6381655847164, 41.43092639259186;
  -16.84871479289106, -7.265513398295367, 40.7438852251743;
  -16.87493825136648, -6.688377315107449, 40.82236539632058;
  -16.85889944792667, -3.806681245932594, 40.81276309528909;
  -16.75516761189757, -4.315025825702728, 40.64712640109011;
  -16.76886365717628, -4.795025541564121, 40.70711635035342;
  -16.95927033552899, -5.303907459399111, 41.15252930473838;
  -17.43962891457435, -9.572489480983004, 42.31868432027147;
  -16.92768826639319, -3.261024962615791, 41.20170101943437;
  -17.42817628681084, -2.636194633833584, 42.53175861146649;
  -16.56699641675176, -6.845242250877886, 40.56892605705934;
  -13.64243327877522, -2.232726138160372, 34.22438633245269;
  -16.93806213378326, -2.50643915329456, 42.44105162300588;
  -16.93141244172522, -2.059425106821042, 42.53059294575375;
  -16.67088612734391, -2.233762502931392, 42.07843327865366;
  -15.83721557725373, -3.890640979897987, 40.05913300996313;
  -14.69727840018719, -3.752246175439971, 37.38183081995361;
  -16.13690969913057, -6.130835793801667, 41.10288301714584;
  -15.70370350662301, -7.297905868978588, 40.36252577339251;
  -15.13313495990048, -4.964790174779922, 39.43762425193772;
  -15.20290809939364, -4.254039028167726, 39.63986642428836;
  -15.05989608423911, -5.722348586278133, 39.27269958785779;
  -15.84036660674162, -5.817163814254329, 41.28290745744919;
  -14.83422107837014, -4.188120307247023, 39.09530031530024;
  -14.96966555483087, -5.117847707122546, 39.52200790552246;
  -15.56409277829067, -3.7168866550154, 41.08761176865364;
  -17.25350037544004, -10.85106943951219, 45.50149341305979;
  -15.21338853505381, -4.468988969489241, 40.41027235199048;
  -15.21897921266148, -5.786313249754056, 40.59384681927967;
  -3.230153466134059, 2.132007700155802, 9.455288757216803;
  -14.82309614805829, -4.573190271195338, 39.92685928788456;
  -16.31639655821295, -10.56648428732942, 43.85085875550313;
  -14.44038921916011, -2.632750361058242, 39.02410461755384;
  -15.0567155020547, -6.829081105327164, 40.65410404811788;
  -15.00401972529539, -4.344129235034503, 40.52205005557688;
  -15.02191156381433, -6.470199096942396, 40.54874373579572;
  -14.38691115480818, -4.329958574274079, 39.23292467905656;
  -14.66571007238311, -5.480744373134388, 40.09959290761646;
  -14.80264694043683, -6.557936967043375, 40.49695574688035;
  -14.05527910335154, -4.735156189181706, 39.04300200177391;
  -14.49081375049831, -5.156397893365478, 40.31630861099792;
  -14.12499078948813, -4.490382728006684, 39.38796959302324;
  -13.8542163049258, -5.717805142209834, 39.07890164205213;
  -14.2510270048625, -5.152335930317409, 40.19583120230252;
  -13.38701177665987, -4.078489185285785, 38.47761514464308;
  -13.27801998121947, -7.020135947744436, 38.64700469876615;
  -13.85843271477368, -6.102681651560004, 40.39794678744573;
  -13.29045463547233, -5.179367286003387, 39.20052503289713;
  -11.14002956301521, -3.107427721248198, 33.267068900596;
  -13.874297781562, -9.004603845896019, 41.64574102379661;
  -13.22939066620172, -8.263591008102665, 39.85897582193157;
  -12.99060973855652, -7.025653411094146, 39.92282759334537;
  -2.860873318502476, 2.175064679615363, 9.828985801740821;
  -2.828859069064964, 2.280923584931633, 9.910066139522355;
  -4.794335549668008, -0.7428291994722913, 18.85691950979598;
  -4.428010082204559, -1.408829945142179, 17.51945441493283;
  -4.950315328684726, -1.811325025239509, 19.521615960393;
  -4.821458079383087, -2.105411509978028, 19.23227369714604;
  -4.834039805056634, -2.324637044083474, 19.31986540902089;
  -4.723632037191798, -1.600021605391541, 19.08680223771087;
  -4.99826418378746, -1.65491942461955, 20.58844096504105;
  -4.616963738872173, -2.388770172539515, 19.34568200365626;
  -2.197464965318485, 2.385091601022689, 10.938389347399;
  -1.78797070967751, 2.220074518352847, 10.42489627815355;
  -1.528426685317557, 2.272685695429624, 10.88557675497421;
  -0.5379774047692357, 2.172513537288772, 10.99286658520753;
  -0.3634690578863541, 2.043718724784542, 11.09670630475522;
  -0.08102579908684002, 2.267309338705868, 11.5331691948617;
  -0.03218503580517849, 2.249223110279933, 11.6974290887169;
  0.3500870401716595, 2.480210180689771, 12.04275062211108;
  0.4443997764181841, 2.284395693260514, 11.8909952120722;
  3.4231541399994, 1.350284751844199, 19.75944287733638;
  3.616239113884011, 1.456583549827263, 20.48000196785554;
  3.537946230239828, 1.348078713806271, 19.61015941691727;
  3.411937595855856, 0.8372187318552004, 18.55864479513978;
  3.180399075071596, 0.9018351643633354, 17.04902613992113;
  3.633659767061229, 1.075103689781733, 19.16847689390379;
  3.4287179543087, 1.04009692231544, 17.60326372810286;
  3.08876402115105, 2.03372003590712, 14.53818965895111;
  3.788853995714425, 0.8333126171783524, 17.33516350649295;
  3.242724145868987, 1.40077813442463, 14.42012180154885;
  3.248734102139788, 2.097727925798784, 14.35754247589996;
  3.307263096184441, 1.845611070446949, 14.35153490117167;
  3.357432540942349, 1.805428681881316, 14.35393170393936;
  3.335087645550056, 1.867606685421744, 14.20164829730699;
  5.658421072317207, -2.105962156562394, 22.11386908453779;
  5.377635047143777, -2.117210615610205, 20.92680987866843;
  3.39843067082849, 1.799451525712679, 13.45998947897764;
  5.561485660525487, -1.937479479905909, 21.25314179365995;
  6.069346564192643, 0.05561980837822131, 22.18113551176936;
  3.676249123520984, 2.376287468279323, 13.8002579541193;
  3.520346468790093, 0.9999867656376136, 13.2674643002177;
  5.541144941202781, -2.032936961273836, 20.24589854004354;
  6.059120330431461, -1.339647691889287, 21.87306923076153;
  6.195519391630898, -2.138422088808485, 22.21787088313391;
  6.21223940400017, -0.9489634639748207, 22.16769624960711;
  3.566991026083973, 0.934193464065036, 13.07170746346244;
  3.557605605730439, 1.109346173977472, 13.00241524459703;
  3.579165370173822, 1.208671421627704, 12.96926085184857;
  3.626319098996228, 1.116368190826204, 13.03685516795496;
  3.682510857113403, 0.9796935345790108, 13.16369325014538;
  3.683727284549497, 1.05245768342868, 13.02615625367549;
  4.127124385977957, 0.5216217082347356, 14.46908604540888;
  3.662641122911097, 1.117005851466604, 12.87993231573026;
  3.507536433018939, 1.727850743750446, 12.35151548183987;
  3.769161896510528, 1.103766682289401, 12.84402430248082;
  3.774110327455226, 0.9720412450079121, 12.69113336046214;
  3.995220627500849, 2.363288059603942, 12.89468287637237;
  3.555885323729077, 2.377177893699495, 11.17150116570173;
  4.202051139943407, 2.383977309223689, 12.77556303422037;
  3.76103495830603, 2.350743472248551, 11.42287479269817;
