m=[-4.938011926183754, -1.339027083378356, 9.050952476762518;
  -4.781049277614563, -1.421242595337868, 9.426637439615501;
  -4.986764896371882, -1.507035257209474, 11.00087244763344;
  -5.263537825241349, -1.333941724777503, 11.61905656286847;
  -5.209095835960907, -1.372745611529098, 11.71108203869911;
  -5.310257028197392, -1.32297838539163, 11.98151907502969;
  -5.474535609505493, -1.243367268800339, 12.64560047342138;
  -9.54868099079744, -3.85640984192687, 21.92651101878933;
  -9.762738297253376, -3.780191671118888, 22.43901690149873;
  -9.212990946165805, -1.563266646193886, 22.03764707823089;
  -9.203844134596839, -2.669631363639514, 22.11264316805817;
  -9.284282681161345, -1.896799407871352, 22.31246819285601;
  -9.006895553167386, -3.883959169763823, 21.78064755468602;
  -9.122963875648468, -2.100058182301444, 22.12217513325315;
  -9.099174594849986, -2.343347096180388, 22.07410325396132;
  -9.071206565231359, -2.836964044749398, 22.01174264101232;
  -9.074023187187194, -2.594700144078479, 22.02756997720342;
  -8.977781200358139, -1.729519597864658, 21.85176445914488;
  -9.052541992910859, -1.606012009353429, 22.06804926324621;
  -9.408038312861974, -1.423064565512602, 22.95939678053918;
  -8.968025785601842, -3.705457976226223, 21.96072032743376;
  -8.198969191858556, -1.34184660804716, 20.56852200894447;
  -8.928465323990194, -1.321205158543326, 22.37171258062021;
  -8.550843139852955, -2.10063824479179, 21.62876176154815;
  -8.224787879232792, -2.415295852377368, 20.9310358362018;
  -8.428917454425282, -2.151920404601145, 21.43855193439535;
  -8.509295443562092, -3.232904816232237, 21.67432189286584;
  -8.296984104997216, -2.107191745416541, 21.29378601331184;
  -8.62888892107982, -4.010061643952592, 22.17844671646643;
  -8.206849703416536, -2.692455124558401, 21.38741614034984;
  -8.230341817089428, -2.302993287610267, 21.45968706267928;
  -8.334695579619355, -3.060806023766673, 21.7217489242324;
  -8.256697386040008, -3.137319165421025, 21.53154272884766;
  -8.170268047309456, -2.306697826856698, 21.5325820802153;
  -8.794599944362441, -5.321937805787423, 23.13527655603504;
  -8.238282528219136, -2.816514182848114, 21.75021653059789;
  -8.302835754268763, -1.982813894355079, 21.91863649940011;
  -8.291291583378781, -1.182490514034415, 21.98339340073723;
  -8.188111425349701, -2.405287918370201, 21.74951438231024;
  -8.691991044561251, -5.337648766025368, 23.06213183935075;
  -8.215596611498297, -3.123600792370996, 21.91360312120646;
  -8.034716359198947, -0.8565769129091281, 21.56174917104669;
  -8.369894304796929, -1.209021673896677, 22.49127219182459;
  -8.110252668959735, -2.502157999392127, 21.84543052735734;
  -8.319130788168526, -3.777878516527718, 22.41559156069515;
  -7.988618903114195, -2.312953032583701, 21.57523257058688;
  -8.112873248559914, -3.071718091305672, 21.89996981165347;
  -8.913682226335961, -3.099939306588395, 23.93871175732875;
  -7.90672850265971, -1.441543022437838, 21.36736036595096;
  -8.138092774207355, -3.691090237452842, 21.97337595644371;
  -8.101589238978471, -3.489495671383559, 21.86867260591194;
  -8.130176823824368, -1.302330054702998, 22.09264097892283;
  -7.811979600441667, -2.351133449634316, 21.30316952405901;
  -7.961185878710018, -2.97518664236942, 21.76780471061512;
  -8.034707559563271, -3.559573226076547, 21.98128468428882;
  -7.624251012034788, -2.56857363713985, 21.17877883007812;
  -7.947328242565319, -2.827970003164148, 22.11103831550834;
  -7.618738691241918, -2.42202300434836, 21.24508627157137;
  -7.708835406984711, -1.068350374540648, 21.72987573709358;
  -7.582015768453876, -3.129190983813921, 21.38676356298483;
  -7.333939848470866, -0.7379127417200239, 20.76379845752303;
  -7.933952197634008, -2.868452004430462, 22.37816286464267;
  -7.656996723985619, -2.960162593662186, 21.99146762203797;
  -7.43796572556932, -2.896684731921401, 21.65314081947958;
  -7.483770045691531, -3.044794939782719, 21.81029931156561;
  -7.47388296423767, -2.382957434434882, 21.78051482220151;
  -7.670320888476106, -4.055325679287072, 22.32523582862957;
  -7.609531718718664, -3.350923625532545, 22.18212288338099;
  -7.342845038616903, -2.861549316582358, 21.65790325793146;
  -7.364103139820599, -2.95296185038308, 21.70272320299381;
  -7.239673946730116, -1.044378515320077, 21.44296795847237;
  -7.36129173664471, -2.552185380429107, 21.97899306172927;
  -7.253582675375555, -2.789986772512402, 21.76157301842805;
  -7.484369114494785, -4.857455128435178, 22.46543232501248;
  -7.249941581192874, -4.528594972455818, 21.84342827923688;
  -7.408610302220727, -1.216494207481171, 22.31830575816816;
  -7.15365739560419, -2.999888707033613, 21.71320626180718;
  -7.192018288103951, -1.209618262223946, 22.0034036472223;
  -7.169799770392324, -3.57646865027714, 22.04359120071849;
  -7.071400399677623, -3.730664352965452, 21.74781755122695;
  -6.929234584247364, -2.861172547930143, 21.53069001681331;
  -7.379184073982929, -1.314393156815581, 22.91136999569492;
  -7.136369456401534, -3.704076138491308, 22.24765181981612;
  -6.747745381942153, -2.461965175752478, 21.61328141262035;
  -6.746725186724306, -2.276302039929998, 21.6310443879171;
  -6.897438091656798, -3.546690671147331, 22.13436924795373;
  -6.756451525997756, -0.9275837395840467, 21.84780667312423;
  -6.666995707849996, -2.406561220616629, 21.61217218677401;
  -6.725294195234001, -2.746281158757117, 21.87051689182281;
  -6.87634060728595, -4.982162237601948, 22.62347513045993;
  -6.801541682331439, -4.931015261346407, 22.62437174068877;
  -6.407803091818878, -3.882142237613837, 21.43679910742174;
  -6.275341975765528, -4.132672033109735, 21.07823898726189;
  -6.517307744589081, -2.291754274703614, 21.8600866279279;
  -6.408618482282806, -2.362155799675126, 21.68559191476258;
  -3.302387905506096, -0.4370633127154387, 11.68301173043368;
  -6.497079001024376, -2.275588903784278, 22.18484812812089;
  -6.30457784695979, -2.809649151499956, 21.56585350537301;
  -6.511195665321033, -5.277656079409433, 22.62412758655729;
  -6.463688963606479, -5.274337141394724, 22.54359645177071;
  -6.433660764162935, -5.389583631243554, 22.52480904260601;
  -6.326000134794141, -5.154217577828556, 22.32173465524443;
  -6.409724958985438, -5.112805329738971, 22.61897290643981;
  -6.05443618853993, -3.470510678379873, 21.87061577412953;
  -6.070816112211092, -3.747819066664867, 22.00964432958676;
  -6.356613722149247, -5.501793316271249, 23.02177503144305;
  -6.00777952324762, -3.788915409981748, 21.81779607931643;
  -6.236790582806901, -5.089428295621258, 22.65419954105069;
  -6.085098660422998, -4.992476746406469, 22.53668658481815;
  -2.392603310392627, -0.8754557970222319, 9.435254093896237;
  -5.627729339105875, -2.955582326699537, 21.12149946303065;
  -5.513900497143236, -5.102622603829624, 22.65230487212887;
  -5.379897029783287, -4.849992606525001, 22.2632771960246;
  -5.252044410457073, -5.155792891260609, 22.11974302555845;
  -5.40823734269828, -5.22629492456735, 22.97337156982712;
  -5.201729007033541, -5.289506700564417, 22.48084902325624;
  -5.324771779325958, -5.660903135094434, 23.42301405667168;
  -2.060937728297306, 0.4079335693231002, 9.735863605584823;
  -4.898597502916585, -4.336390030969576, 21.7369688178718;
  -4.11718012706883, -0.2923579612161388, 18.95091637461308;
  -4.003421197564595, -0.3782251843148876, 18.74785964530733;
  -4.670134025538301, -5.361572759511101, 22.82613408666032;
  -3.499696398873873, 0.4788433335194934, 17.37106772129575;
  -4.408221769266732, -4.330053624760742, 21.7956423876057;
  -4.617835689533063, -5.233994470695108, 22.84137943714048;
  -3.337909015055176, 0.6728764856177195, 16.88171830314978;
  -4.505473226198227, -5.280374692049779, 22.64225149719916;
  -3.761413416767987, -0.1003133149667413, 19.12303034085745;
  -4.009029362598269, -0.319204059885964, 20.39253494471524;
  -4.469908348060292, -5.177171104033812, 22.76138257638475;
  -3.105260661900213, -1.24314825061992, 16.2085300406739;
