m=[-5.085024537879547, -1.385998930751479, 8.788293381959942;
  -5.011013633571379, -1.976966257898624, 9.768019499762403;
  -5.634917027711745, -1.019030106291797, 11.73576883058005;
  -5.467436249925057, -1.388797978198604, 11.52591211999151;
  -5.284305555257906, -1.474633589623998, 11.48176735363014;
  -5.692289905873984, -1.345315283981202, 12.5485445738177;
  -11.07220879734395, -5.574501067870036, 24.47188320732822;
  -10.95361198745288, -4.269832473243607, 24.585907797914;
  -10.46590499492749, -5.64673744333836, 23.97659394676066;
  -10.37533877064351, -1.994440256354833, 23.96626846316109;
  -9.665690055248041, -2.549944847061328, 22.68314025608942;
  -10.22494709197764, -5.62803864969602, 23.95393862573856;
  -9.941010454028367, -2.348579943778212, 23.34362618686561;
  -10.07668749069604, -1.571293948888132, 23.67615987965833;
  -10.06599303950561, -2.612709845487094, 23.82078519393998;
  -9.952891632611802, -3.135983656072033, 23.56884545186178;
  -10.01537334733329, -2.880770961621889, 23.71651139109383;
  -10.13273072813029, -5.58200100714054, 24.01186253065592;
  -9.957775510971867, -1.934688470852764, 23.64838949838385;
  -9.73257200867398, -1.491243272933043, 23.19208597284791;
  -9.834066643437787, -4.098270615273228, 23.5479878389868;
  -9.933064158642047, -1.665877502530701, 24.20249527662838;
  -9.34376883729343, -1.396172498940556, 22.85935667702282;
  -9.440422790205711, -1.180242716558565, 23.15819092502616;
  -9.843771867931139, -1.345675260839778, 24.10822961075294;
  -9.262144078881784, -1.254769102568263, 22.82133924537513;
  -9.38963289737433, -2.328849203763697, 23.16083372325923;
  -9.254709056599694, -2.386506156807824, 22.91491105563024;
  -9.190130352787564, -3.343476167663309, 22.93528511702781;
  -11.07866994608371, -1.156541605404252, 27.48882826248255;
  -9.554761302921849, -4.457434116859306, 23.95331784605383;
  -8.767685851311645, -3.236896092405956, 22.29962022294323;
  -9.080657201443142, -2.999356305735373, 23.06931126157761;
  -9.135685209537183, -2.572877196951567, 23.22117819198084;
  -9.244568151891947, -3.532766348037999, 23.49941124648308;
  -9.068176796153383, -3.229542890878476, 23.15292980391206;
  -9.079452511744346, -2.578741322746382, 23.31826952584278;
  -9.070443418000343, -3.121568217400943, 23.34659121256959;
  -9.074506167543895, -2.191001655289885, 23.37663281460158;
  -8.998808997727053, -2.661385961825038, 23.31392786977069;
  -9.009410195695674, -3.563567579553013, 23.35150737932184;
  -8.94471013509529, -3.418841356536376, 23.27454191719372;
  -9.198551404870912, -1.349915727244486, 24.11413015458221;
  -8.784400660591187, -2.71142268399791, 23.07770702234137;
  -8.625145367977645, -3.925922044152359, 22.71760838128952;
  -9.11667238985798, -5.590465555539774, 23.99682505748884;
  -8.933455135809151, -3.888552491154487, 23.54687371602404;
  -9.184582338086072, -1.702048739431957, 24.18906495450872;
  -10.92069995090052, -1.083787981752121, 28.64541728082045;
  -9.484893154667406, -1.23933108937705, 25.05071943894684;
  -8.982795757917057, -1.460645137564966, 23.80666415574921;
  -8.579811198738957, -2.596947108576717, 22.80251776002706;
  -8.861628740180978, -3.328834126963824, 23.62916622371695;
  -8.867374148120096, -3.947290021177036, 23.66580250297161;
  -8.484962465247316, -2.8793226361079, 22.97231960229538;
  -8.67042762022089, -1.242168597758747, 23.78276961426601;
  -8.586474440516636, -1.471975948013063, 23.5961740258664;
  -8.527781400621937, -3.537855052897673, 23.44492811208994;
  -8.946022683788387, -3.252766196191924, 24.6092100961977;
  -8.490555970614629, -1.597698022079298, 23.59659155223438;
  -8.267470143777096, -2.538624175490996, 23.15074719621123;
  -8.407361256885876, -3.268021538538232, 23.55599866199778;
  -8.583796403775386, -1.212099305030586, 24.098415428775;
  -8.188590635267925, -3.204874123899807, 23.2471944748567;
  -8.597952856924151, -4.552934543869945, 24.37551075661427;
  -8.224633699415286, -2.642592344609323, 23.37934845673011;
  -8.367838195370222, -3.706984016840751, 23.79820788741768;
  -8.183480175503233, -3.212297688173586, 23.53181754469268;
  -8.222445336992116, -3.324115978796796, 23.63527923987033;
  -7.999083042992726, -1.173392033089775, 23.09717933093195;
  -8.112602925294025, -2.583365443256771, 23.49945526899815;
  -8.113391753498842, -2.822959985374252, 23.61990450206227;
  -8.168774675400798, -3.693660259850311, 23.87768601324854;
  -8.032175336524478, -3.107088357515912, 23.50004102570345;
  -8.121522571518822, -5.284102095765756, 23.79452479982099;
  -8.07827076382444, -5.052331950182663, 23.72473619517087;
  -8.163404124860691, -1.358825297193418, 23.98771075192713;
  -7.880135971402291, -3.319277162588703, 23.31638449615641;
  -7.75382755693442, -1.166076108719253, 23.05794351666172;
  -7.679678277219892, -2.408247500336097, 22.88447567822787;
  -7.953559690393405, -1.343000946886767, 23.7317914892441;
  -7.899628679308061, -3.563748614943621, 23.66832231298634;
  -7.769041722914737, -2.942917572784343, 23.31126579168699;
  -8.013910601458079, -4.351945960440544, 24.01913662974186;
  -8.051923301974565, -4.029280494491032, 24.14358612188136;
  -7.832299702570313, -4.150606966866966, 23.50200748626998;
  -7.819235924200231, -1.406936844397055, 23.6636106967202;
  -7.691906471537096, -3.195301102653883, 23.29128030093802;
  -8.054059417993321, -1.112689598744922, 24.36959967021127;
  -7.930273069844575, -4.128429629052335, 24.10835739758914;
  -7.59727934922702, -3.037099978172388, 23.33601341936595;
  -7.667312754851954, -1.094350537050834, 23.76507907255976;
  -7.63842973405783, -2.806541351747857, 23.84578978511059;
  -7.482711504453902, -2.537864023249099, 23.38365548884317;
  -7.276055213019586, -3.754055659296712, 22.8076338279925;
  -7.478614130779493, -2.716040610988028, 23.63197974587757;
  -7.559786820414823, -3.101844341779122, 23.96509795732037;
  -7.536048420255186, -5.457315119377348, 23.91922228434788;
  -7.561934594894663, -2.507534450668329, 24.21848591081881;
  -7.437470313540937, -3.121429551799526, 24.02674679320682;
  -7.367314761345557, -2.981008443343605, 23.86421444533512;
  -7.280959357033265, -2.575766085362353, 23.80919608872705;
  -7.202800135676849, -4.754212106184027, 23.58181687978942;
  -6.43629709968084, -3.103632675837905, 21.41903426999724;
  -7.193183473641426, -2.528700672069377, 23.96358233253491;
  -7.279998078776703, -3.259379199507007, 24.2653114728701;
  -7.187706728459552, -5.876606113885562, 24.47151380137079;
  -7.06763988176983, -5.765316062289529, 24.32660215333828;
  -6.833290539656963, -3.366017246726492, 23.588331738126;
  -6.723678916312762, -4.693668123288972, 23.32661632494091;
  -2.748435697819909, -0.4662174943440903, 10.14076233778031;
  -6.940130742635718, -5.805847053348018, 24.36869811580937;
  -6.733551579347952, -3.869174816304777, 23.7103075462121;
  -6.717562257356542, -4.2469617856079, 23.77645318318297;
  -6.851233234716298, -5.597060814873797, 24.27858417615412;
  -6.651281082115872, -5.341923987744206, 23.95918260995403;
  -6.706686389696706, -5.501058871976885, 24.21317899003859;
  -2.339793560925612, -0.978495573823321, 9.145536784499921;
  -2.47020283731524, -0.2294363015941515, 9.886881449124678;
  -6.114311935492091, -5.662244947198863, 24.51605386386666;
  -6.613881464631048, -6.486522483724249, 27.09935586248618;
  -5.405652500573686, -0.9188557141426259, 22.50334979272341;
  -2.39733488077915, 0.4503549139436475, 10.57790142168307;
  -5.895315469380257, -5.996488928739768, 24.84040849940646;
  -4.43425143462168, -0.3670553483643663, 19.05045370108091;
  -5.608945444321711, -1.370163997751453, 24.09919759206392;
  -5.295259891727778, -4.694353221790953, 22.90583620475783;
  -4.630791342786974, -0.4482843608076845, 21.0426532519597;
  -4.499482163459432, -0.2950840024990939, 20.55893872163571;
  -4.401657080294292, -0.2337946994977461, 20.6142370569505;
  -4.229798244058983, 0.5400054878075107, 20.28163739307311;
