m=[-5.132145354000588, -1.39394007284454, 8.309032794555952;
  -4.856465371131885, -1.447573940342663, 8.498943748239977;
  -5.019293496802671, -0.6043865070367894, 8.960213946114461;
  -4.991784943516597, -1.967258692443179, 9.171312786143416;
  -5.437927554123009, -0.8022376290260511, 10.94357895841888;
  -5.416904196662134, -1.016280611145013, 10.99340345068575;
  -5.4414065005203, -0.9263067161248149, 11.05647764452279;
  -5.534231403554887, -1.384892124403455, 11.35867187755395;
  -11.46412432215251, -5.843190227448913, 24.48387416300942;
  -11.65797338461514, -5.86770223317616, 25.04038279642158;
  -10.96257586091163, -3.12502204677925, 24.28085092627288;
  -10.69781577065306, -5.767891308346117, 23.82798993580219;
  -10.93746559946419, -1.372225587791596, 24.36364936294122;
  -10.6272530022464, -2.058975031092439, 23.85806937909896;
  -10.62447082697107, -3.644998582763123, 23.84502157823451;
  -10.28433332270696, -1.789867645092372, 23.3259717559022;
  -10.50356417252748, -3.411168178863537, 23.84806809003085;
  -10.09611277753766, -2.094432624225451, 23.01464673385707;
  -10.66854320312221, -2.531817286759574, 24.31654493415266;
  -10.40587743269276, -4.511917881803004, 23.84633913194467;
  -10.44936074762444, -4.418844947341869, 23.98867338149931;
  -10.3388392279086, -2.692321393278686, 23.77766657809685;
  -10.3289357473149, -2.984834744969423, 23.77053957033655;
  -10.41056064132417, -3.285455961051548, 23.94791722429111;
  -10.6143898477529, -5.837794960136928, 24.44298341972904;
  -10.81293311978302, -1.941593974604064, 24.94883360459158;
  -9.747820458999671, -1.50278418834134, 22.59013235529971;
  -10.36264702958305, -4.297859653823335, 24.04671627612078;
  -9.991985586603578, -4.289072605177527, 23.54512606853616;
  -11.82971606867314, -1.110534165342085, 27.7275097943235;
  -9.98727744215608, -1.69038850892181, 23.67573743627755;
  -9.581192130537392, -1.448243540593066, 22.76753291078901;
  -9.714493793653507, -2.417584944615458, 23.26775742378265;
  -9.184400906540372, -2.374148099317114, 22.11016432059818;
  -9.466369827220323, -2.816720455274901, 22.78179636566523;
  -9.536283433811414, -3.472049676826441, 23.09836102724631;
  -9.282967721093646, -2.386877515424474, 22.54036890500661;
  -10.09658056315599, -1.383655943736616, 24.54823842424624;
  -10.23118479625389, -4.771403750946066, 24.92831646716846;
  -9.368151972376651, -2.648751664141301, 23.11659638041097;
  -9.27346096664937, -3.427776560074711, 22.88700087988747;
  -9.745264606572741, -3.224790529054054, 24.0330531812226;
  -9.522970543407197, -3.262597418137882, 23.52233944392913;
  -10.29951836827529, -3.938998297052582, 25.4253153495722;
  -9.245390328903163, -3.293372952947149, 22.92017038214183;
  -9.488825064774989, -2.01511071525174, 23.53172129081652;
  -9.337023517066916, -2.664801971014347, 23.29157544495298;
  -9.059482171815157, -3.118569607182081, 22.64816844174156;
  -9.458120244616788, -2.295339437276479, 23.65629145187273;
  -9.644751185361919, -1.424311009152701, 24.23138034417636;
  -9.38677523090051, -2.78799009540517, 23.61254147577206;
  -9.403576660161896, -3.722728040269872, 23.66395628140071;
  -9.148638411156014, -3.498691458999241, 23.11456044677891;
  -9.137857504388776, -2.827601349397343, 23.2979092875158;
  -9.006901217786085, -3.430713610734521, 23.02822794624714;
  -8.916084789112814, -4.057742181590165, 22.80336843679672;
  -9.375079544300457, -1.760295070718807, 23.97661628856017;
  -9.280900322524079, -3.27553224887882, 23.7299677719189;
  -9.186529259583763, -1.501983441710951, 23.64899945065288;
  -9.265270905410693, -1.888921279275041, 23.85422339942135;
  -8.872290774387569, -2.696497473449347, 22.88397508195073;
  -9.176358158160763, -3.45149438119452, 23.75628171401695;
  -9.171913630907129, -4.081554957615871, 23.76999852275067;
  -9.169989939680807, -4.452662155311935, 23.84400218747696;
  -8.802029324086314, -2.990413581010841, 23.11786525779783;
  -8.213839422478248, -2.633385937687423, 21.65690471949593;
  -8.949871554207416, -3.213769295380585, 23.59729204480187;
  -8.907598956761783, -3.709081091821591, 23.77972292350912;
  -9.062200894232307, -3.297933275985731, 24.22746760093197;
  -8.57556227116274, -2.717829674928651, 23.0565660426396;
  -8.534509880924063, -1.617300863410678, 23.04695863227341;
  -8.793257691045818, -3.42321666432808, 23.91966267739497;
  -9.07715168817607, -1.308156905831435, 24.73460209419027;
  -8.979677292083416, -1.422782595911326, 24.51190473085488;
  -8.442528632994256, -3.319429158963166, 23.26828666738644;
  -8.586521245986134, -2.766640599284042, 23.68710863491819;
  -8.579953660456228, -3.791489867542639, 23.68942672619568;
  -8.540996442083497, -1.105683716605188, 23.78556115566278;
  -8.13415817552527, -3.186940990226067, 22.69776457874516;
  -8.543829000199253, -1.404113322883326, 23.8385908339884;
  -8.466390323569058, -3.428180938565114, 23.62571812985786;
  -8.43610535542839, -1.260859156095121, 23.63039608505836;
  -8.202590436244165, -2.616387713106471, 23.05900300620705;
  -8.264639415248919, -2.871258835790424, 23.34812125027403;
  -8.376975016286048, -3.237769784728295, 23.77686894726692;
  -8.193117047753809, -5.112508220742039, 23.34965639597974;
  -8.530440876020432, -5.534145959887304, 24.25844301122598;
  -8.245991551643444, -1.385831166773773, 23.53038997261912;
  -8.627237542732182, -1.159944734608893, 24.5819183250863;
  -8.307099801140762, -1.102840459256997, 24.03769144283098;
  -8.1934512798973, -1.406450981880006, 23.72433307108248;
  -8.099132588168384, -3.070203549482343, 23.57007034901436;
  -8.147746253388332, -4.316356962682477, 23.71645943995707;
  -8.173878513361141, -4.088328798919569, 23.78946203879085;
  -8.222976097949692, -1.147633612631082, 24.1607403486221;
  -7.973518886315367, -1.455495226426957, 23.47761655526952;
  -8.022620836449372, -4.178453380859663, 23.68993939700791;
  -7.83768936484896, -3.131374655821312, 23.34880406352803;
  -7.809822811002203, -1.133024685328731, 23.48985074381848;
  -7.7895819799222, -2.865015190926809, 23.59325546191796;
  -7.887790130908901, -2.680701711148293, 23.90888242134142;
  -7.861690665610277, -4.052951483794998, 23.88086638844263;
  -7.754286068225379, -3.181526418784109, 23.8510545859661;
  -7.820505342806123, -2.599566223853888, 24.28769235435789;
  -7.778599152304759, -5.624838391823757, 24.23278118746921;
  -7.645164876112937, -5.528331009023486, 24.07344616704622;
  -7.200103629652904, -4.734506754429004, 22.81908308996535;
  -7.511175689989572, -2.661115803214587, 23.82439597518976;
  -7.457613432860637, -2.767449246012436, 23.8527903363048;
  -7.241132332584951, -5.759442848206752, 24.18093884428;
  -7.389108675506575, -6.009344520892585, 24.66898284167317;
  -7.103841671175085, -5.780590027925947, 24.41666765677319;
  -6.860988375807261, -5.605709497687482, 24.02365909371222;
  -2.210146129447359, 0.3954175632920167, 9.212942614281806;
  -5.918987158144836, -1.009084609833124, 23.81955882292893;
  -6.020105749531645, -5.789268185136898, 24.17413527018962;
  -5.552904052820415, -0.7007265101528184, 22.92503517866469;
  -5.554431329189394, -4.887640554636757, 23.21710214895885;
  -4.252343383783526, -0.9599042226035387, 18.21019561446658;
  -4.552970543759097, -0.3409028544518897, 19.60229297896942;
  -4.6538436488834, -0.4677467181196864, 20.37059344722899;
  -4.610262680702848, -0.3100048938032757, 20.31235578164127;
  -4.002465636775945, 0.7122478833494437, 17.81227415699994;
  -4.183064651035087, 0.7907625208004667, 18.64039348613474;
  -4.716452856847211, -0.4210378425274358, 21.63045167684155;
  -4.443019280197405, 0.5361341924848105, 20.49489859831668;
  -4.312158052179869, -0.149358042526678, 20.49271459151197;
  -5.160265175904718, -5.733714539809815, 24.36382597912891;
  -4.65037877412339, -0.3976061619260081, 22.19060873708659;
  -5.062427019106125, -5.81659428560066, 24.29617124725465;
  -3.172606675192463, 0.7702803414189395, 15.69038203126948;
