m=[-10.31411442685653, -2.80141274726212, 16.69873105849366;
  -10.13317155374859, -3.993475289239209, 18.6174859066763;
  -10.38743407579134, -1.405687848594036, 20.56342833257116;
  -14.83273197376045, -4.775011171637933, 28.94150351862927;
  -17.99787141930745, -6.03287290660059, 35.0819679302545;
  -12.07617036474624, -3.663335962157283, 24.04053382967907;
  -11.08391875924644, -2.810369618429852, 22.19042975698623;
  -10.36673382846981, -2.831853542264085, 20.82768595029647;
  -11.20157565959705, -4.776003060513638, 22.49261867215364;
  -10.95135671844863, -1.615613735377103, 22.03910143291376;
  -11.00812731851389, -2.720116616391327, 22.30662796308871;
  -22.5588320162332, -8.453679817249247, 46.71338741332059;
  -21.73416040087539, -8.65658569348647, 45.50770095766371;
  -21.80014716908348, -6.678654454715538, 46.02220337502559;
  -21.91129671163802, -11.16804661379819, 46.79584906449957;
  -22.99085064008079, -11.57177677395042, 49.3824854329072;
  -22.3639143246624, -6.212550145699074, 48.11411154399718;
  -20.92529940052476, -6.48160838080383, 45.17112660381664;
  -21.12535525198745, -6.90562249333923, 45.73616526958088;
  -21.83457372865994, -8.854039327249975, 47.52443438475166;
  -22.47626364241788, -8.754780136639139, 49.03088661069492;
  -19.80548213624549, -2.89223223607456, 43.58750429942663;
  -20.66377523458558, -7.434708434817558, 45.46658867725337;
  -20.57155569803287, -2.789361969318644, 45.28449348599892;
  -20.62771836189252, -11.12175045834691, 45.94555337867177;
  -20.3409457740913, -6.978485773654443, 45.65218341732528;
  -20.76193003678088, -4.022516028740802, 46.61031097658176;
  -20.19189170643459, -3.048583455210429, 45.5013683620168;
  -20.07352122622699, -6.519135382991646, 45.5764056035226;
  -18.41849027793342, -4.886595546682464, 42.005319486199;
  -20.26745247717297, -11.14212054818684, 46.14931064234659;
  -20.56314150653019, -6.024483146537864, 46.84587979912785;
  -20.47776715561365, -4.859704262494533, 46.67446489272007;
  -19.7148792679705, -4.609673511662405, 45.3328926891185;
  -19.92369347840235, -5.188298705741699, 45.82128903357406;
  -19.88954687416591, -6.276917506340069, 45.7528886850227;
  -19.79507686399292, -5.720340860707371, 45.55548310151105;
  -20.19582149006593, -11.10747453236717, 46.50725448283733;
  -20.32519351031045, -3.983733764904945, 46.87579750728725;
  -18.2183824042273, -2.808658317968082, 42.2202759624065;
  -19.83868887785814, -8.269259898594681, 46.13543732646274;
  -18.86105294081208, -3.192312153334129, 44.71181858967114;
  -18.62622129412902, -4.635390493036359, 44.61276192040225;
  -17.17438158710859, -4.439541110726606, 41.34492852170853;
  -18.42053016094262, -5.481032861418518, 44.33090770101624;
  -18.42075204002046, -6.706781170187044, 44.61792520817715;
  -18.36273442136614, -4.721507090073799, 44.58733676534783;
  -18.74435807982105, -8.741597599124717, 45.67069205501914;
  -17.22370076043343, -6.366446999311227, 42.5082777483656;
  -18.08221847088685, -5.983559115457348, 44.59303422630626;
  -18.28980652634616, -5.171260630306739, 45.13142790510143;
  -18.39159288650466, -7.033770946335761, 45.40135103410994;
  -17.26622249544965, -3.66677114658413, 42.81920393036379;
  -17.85138236980375, -6.358980830223533, 44.25521377864915;
  -17.8205547702636, -5.086015836799057, 44.45408059043842;
  -17.68297377691785, -6.087057023728852, 44.20638630941673;
  -18.11640621866093, -4.39657147297117, 45.31206777721892;
  -17.91538013994382, -5.321092830811308, 45.06634559822776;
  -17.92343992392802, -7.095607851592777, 45.1040613694367;
  -18.2509088225983, -11.22671077869455, 45.98654065469038;
  -17.64398553713578, -6.747546326260677, 44.57854293627988;
  -17.89993640573838, -2.640796872147518, 45.60782692267387;
  -17.54738281095423, -5.429828960543059, 44.73886058811671;
  -16.62087792324518, -7.56422118445596, 42.50879303992057;
  -17.94403515597527, -6.834852981349215, 45.87807969196769;
  -17.3764776900004, -7.586296297062475, 44.50287292165778;
  -18.51715745259466, -3.476841005295023, 47.35733461223054;
  -18.6797669016155, -6.592698634989787, 47.76155880981806;
  -17.69998525627817, -2.893920437440845, 45.56529781534191;
  -17.82541185305025, -3.63408691497679, 45.89303009813138;
  -16.92767062219193, -5.144716536555811, 43.66092169025524;
  -17.73851433944295, -6.671969589469154, 45.92248216261847;
  -17.61755061200342, -7.839912578239058, 45.65777316204284;
  -17.5928414175641, -8.542537091062366, 45.74527911193489;
  -17.03660289524677, -5.78803896197233, 44.74535083689992;
  -16.9339100492419, -8.238238929327389, 44.65987440204274;
  -17.09744584210834, -7.119293695106086, 45.64333517916285;
  -17.57626608271064, -6.396387970017659, 46.98951414057181;
  -16.15625679405816, -3.061631942206592, 43.62905277282643;
  -16.6088997350052, -6.465847396570716, 45.17998824355494;
  -17.35739066901887, -2.501466456759592, 47.29767291989151;
  -16.21588091997915, -6.37575189898558, 44.69226960459321;
  -16.04979920640978, -8.521564980827614, 44.28560476724926;
  -16.35961863504555, -5.271190020717488, 45.13027484970154;
  -16.42008487330516, -7.256051475925602, 45.33618861333025;
  -16.17558692029464, -6.337550842367617, 45.13677456440269;
  -16.34746160058181, -6.619356551165344, 45.61808576659237;
  -15.93032683998615, -2.380944477282956, 44.62247887303595;
  -16.04433271557513, -5.117675362229119, 45.10359491878212;
  -16.02099116376246, -5.565930965142756, 45.2602981747666;
  -16.04390367482245, -6.201100808637959, 45.53837087220475;
  -16.1052688911286, -10.44833556226673, 45.79936175094569;
  -16.20470615094327, -10.11174293355414, 46.1819742616857;
  -15.91004993455795, -2.673861951731333, 45.40020167367004;
  -16.8329315107205, -2.263212317637061, 47.96271639893435;
  -15.39018857869739, -6.494654483442817, 44.20352499901275;
  -15.66139856281337, -2.405808312158129, 45.14901109169127;
  -15.45659206491234, -4.856553892715973, 44.64896520971198;
  -15.9548165161556, -2.118142022516916, 46.16737075792275;
  -15.8262395104169, -2.716661067297272, 45.82525294671212;
  -15.53993618503927, -5.890849015576672, 45.22427372477464;
  -16.08729474246561, -8.046382177667635, 46.82086808081927;
  -15.84668746363911, -8.39495458522495, 46.12653717987119;
  -13.8024049247717, -2.519506728164357, 40.64047191516706;
  -15.03544160187935, -6.241653701280019, 44.1746513040767;
  -15.8184667239767, -2.207692676772876, 46.47780349581873;
  -15.49927616140707, -8.07254938227538, 45.76770115982784;
  -15.08799395941607, -6.028072776600913, 44.94776435642638;
  -15.08936168006825, -2.189117433661315, 45.38474972632734;
  -15.21004840272229, -5.594269351147728, 46.06852568963506;
  -14.78085818326102, -5.023342554315948, 44.80263730716028;
  -12.0056337409834, -1.529037868147979, 36.61418777271539;
  -14.71456252853377, -7.585824801564585, 44.69731978204486;
  -14.94257092295584, -5.434889243242566, 45.79617694870815;
  -14.97814833108137, -6.145423859853583, 46.07060279929504;
  -14.78900320222517, -2.016114268267076, 45.56381571583436;
  -15.44856670422597, -5.135163323966185, 47.97772253594363;
  -14.82241984775282, -10.71834588553999, 46.17649653960754;
  -14.45945634941967, -6.081639537864772, 45.34821706910821;
  -14.63325837144023, -10.58152405197265, 46.07787580278484;
  -14.39868790943575, -5.101275422490812, 45.67061887991208;
  -15.48260490350122, -10.18075589771975, 49.06857816421886;
  -12.48731374762425, -6.015794404523867, 40.23552121271057;
  -14.48223097310219, -5.095067655616894, 46.77413878996768;
  -14.72399756236288, -6.587984134752035, 47.5897661648233;
  -14.35090608760424, -11.67116937300644, 47.91136138125633;
  -14.09584432760465, -11.21153516788127, 47.07147086795771;
  -13.8923375590881, -11.57928596530429, 47.31457268143953;
  -13.33757672382577, -7.660963355297749, 45.54606002668387;
  -13.37125088674868, -8.435551688106825, 45.8882817304634;
  -13.586434280201, -11.05565272293151, 46.69803548780167;
  -13.25272165455807, -10.8280182941461, 46.40422773715901;
