m=[-5.457700977625231, -1.477340993267481, 8.2584258472149;
  -5.484149923567765, -0.5927043148820704, 9.162507972167749;
  -5.702862204673983, -0.8380466035053859, 10.88215917892266;
  -6.08366940859521, -1.150161703584593, 11.70334804084745;
  -5.902587740872676, -1.156511766655996, 11.62198257958304;
  -11.90769130356873, -4.721836748072878, 24.21366078651334;
  -11.65780078449169, -3.189154947537077, 24.04603718541061;
  -11.53466858125883, -5.790147627190627, 24.10666320742562;
  -11.55446857820257, -3.760357755199716, 24.29287515207359;
  -11.39521095984707, -4.612242832611984, 24.1110655234322;
  -11.85750475900609, -1.861236540852381, 25.1083809674855;
  -11.1976390695448, -4.359843681008488, 23.76411614542455;
  -11.45997017930625, -4.117133256777926, 24.48681108537066;
  -11.07772547413813, -3.154957877069979, 23.89168582875612;
  -11.06044120734388, -2.141318476495375, 24.11926932188942;
  -11.2148801139667, -3.854936997498364, 24.4495163983945;
  -11.44787678005466, -1.730128712578801, 25.04381586387053;
  -10.61539060946237, -2.514523865143714, 23.50175428630299;
  -10.86741689492769, -3.175872751837372, 24.05056171360864;
  -11.62550576260272, -3.071742007497184, 25.69037326237745;
  -11.14289513486143, -1.745796092526729, 24.69767087201465;
  -12.51191284295415, -1.331347352761369, 27.71507145875484;
  -10.84205356090029, -4.676325423552061, 24.13653006488434;
  -10.90726764854288, -4.328979333807776, 24.29223802657326;
  -10.82997626199758, -2.814837603232792, 24.18278591175398;
  -10.98043418455064, -3.456092296754187, 24.52413032201965;
  -10.93545946649476, -3.147098865004754, 24.43043665242431;
  -10.95978301892747, -2.149597985855563, 24.55242296002395;
  -10.98554011788004, -1.705685630755222, 24.67006392972974;
  -10.62915812777697, -1.798199495190551, 24.4458259121058;
  -10.27342110093263, -1.558785905992053, 23.66477970293767;
  -10.18224407439027, -3.38029704264474, 23.51365080489396;
  -10.55376839508893, -1.462990451389427, 24.39163834774539;
  -10.20472137590544, -2.53476920540913, 23.71171856902341;
  -10.12003149025245, -3.003937312659187, 23.62426074732414;
  -10.51323513513958, -2.713177065655479, 24.50891579016265;
  -9.992281633583183, -3.626818879898814, 23.48058506107362;
  -10.07224260261321, -2.582565582386298, 23.72389405137379;
  -10.66691064679887, -4.953362413387069, 25.22695060635088;
  -9.756549831396788, -3.594190380677966, 23.33208553324078;
  -10.33372433254253, -3.405997437321068, 24.71911248887995;
  -9.99378693995244, -3.806640848522116, 23.9402800206759;
  -9.52269627594184, -3.262161003360647, 23.08444057997756;
  -9.993369714095282, -2.423508533862838, 24.25162923964484;
  -9.872319573283109, -3.887382281298986, 24.10030481771132;
  -10.08558380441783, -2.986552447517998, 24.61207448596123;
  -9.723649293853109, -3.704327612720953, 23.82783840238856;
  -9.682996569938156, -2.983957817419755, 23.94346200227663;
  -9.953805843216346, -1.474631480338814, 24.60606479892783;
  -9.526415025933114, -3.981216323768355, 23.59757182420976;
  -9.496460197788252, -3.349901512237155, 23.58917238567003;
  -9.786529610983996, -4.23846139171407, 24.3010600272756;
  -10.00608684083967, -1.86063818003892, 24.85156877925748;
  -9.867030830269792, -1.267460829884028, 24.62166546620719;
  -9.450914870929879, -2.856402945637491, 23.62567889824216;
  -9.810648161526576, -1.609375857045734, 24.50179041147952;
  -9.802479800984132, -1.996241310692552, 24.48816667751322;
  -9.607255423793349, -3.597978553791244, 24.13492393312022;
  -9.110060763383762, -2.695266273852246, 22.97973523788001;
  -9.644044045050531, -4.668853919361791, 24.3385541803599;
  -9.266210538386112, -3.133651988042407, 23.59937746762343;
  -9.532848978466809, -4.615090389440642, 24.3799608660585;
  -9.604866873849913, -1.197150721699027, 24.76229726490962;
  -9.62862382711714, -1.399762721296428, 24.87739346865567;
  -9.403449331710418, -3.904761916952954, 24.35716629038205;
  -9.523405538421862, -3.454071514941059, 24.71514044169315;
  -9.178569730869052, -3.12338532553717, 23.93149091265108;
  -9.447821091226844, -1.790680794219179, 24.72040893873586;
  -8.953660417957648, -3.167203682627161, 23.5562748962546;
  -9.010615064379172, -2.765290753330087, 23.73599237772926;
  -9.33684090467826, -3.616465469548721, 24.62907933416103;
  -9.69173291406481, -1.385412615811331, 25.63530497042903;
  -8.951907585905236, -3.499597372610241, 23.91625894126694;
  -9.055797429070582, -2.906958771209036, 24.22264802520663;
  -9.224428427484003, -4.066738198755282, 24.70632839354018;
  -8.565387256560349, -3.343609564033717, 23.17579308821975;
  -8.925610704344795, -3.605300295153216, 24.16063609864616;
  -9.071056824159946, -1.355446780611982, 24.6251671425431;
  -8.827902965251942, -2.805315312322172, 24.05959723298902;
  -8.736348816020245, -3.017146485478694, 23.92694808718156;
  -8.699956343519746, -3.5028670317886, 23.90631423112972;
  -8.650289245516831, -5.367590749720667, 23.91468894201737;
  -8.857199908644855, -1.485024096172023, 24.50170451150165;
  -9.001420661069023, -5.812031648322037, 24.83307957666535;
  -8.437342017329131, -2.638823496773935, 23.61842410079888;
  -8.739570793650502, -1.494292443221081, 24.53474998227138;
  -8.617502452668083, -3.249519067475303, 24.30891169148232;
  -8.642519543129021, -4.287928615871942, 24.3954564079803;
  -8.533922478506021, -4.493272483316773, 24.08942192752488;
  -8.503761539680802, -3.518297920153236, 24.20881882170667;
  -8.922266575867997, -1.619553769395962, 25.39596181195659;
  -8.540786028118447, -4.422815866530311, 24.4523429858806;
  -8.336682410587521, -3.316609736136888, 24.06871231959012;
  -8.225613495461458, -3.343544902236117, 23.76276663468894;
  -8.440243275937394, -2.438010439061896, 24.45840136918306;
  -9.073379280669059, -1.454750311230141, 26.27132651595972;
  -8.260251856085704, -2.502953976467127, 24.0842078732748;
  -8.307102046728895, -3.042616003474246, 24.39343577046583;
  -8.443747325000699, -2.852740915803673, 24.79498528750208;
  -8.344099645593488, -4.273530107705284, 24.55483454875601;
  -8.176673571879189, -3.336402081874264, 24.37961224709235;
  -8.253020971476696, -5.925706199289844, 24.92285744111821;
  -8.16939778900618, -5.872021047648378, 24.94047386224906;
  -7.478039339587777, -4.892556398862287, 23.0105001555995;
  -7.450286311898339, -5.055769139544768, 23.80138012755965;
  -7.330255009126779, -5.063831967698828, 23.86596496710462;
  -7.592946115525765, -6.132905609614637, 25.28967637236584;
  -7.507866541508109, -5.952201088953771, 25.38504375408751;
  -7.325626883263163, -5.940403561884857, 24.84957985820051;
  -7.044642119688075, -1.282356931370959, 24.30619622259378;
  -6.823724274919178, -1.454149984557635, 24.29836042378618;
  -5.849302929543707, -0.5099511294573165, 21.95144965443585;
  -5.464793387672268, -0.3707237490766193, 20.597271329894;
  -5.675125763547229, -1.816845717506974, 21.74316402228944;
  -6.573466507499844, -0.8451368464224064, 25.29429801108331;
  -6.654624586608846, -1.115744946655102, 25.85877396320571;
  -5.169394918437813, -0.4217921161482627, 20.55142239179594;
  -5.870556090590873, -1.467102070378432, 23.63038807737512;
  -6.04674119849134, -5.260579282171451, 24.39900136660029;
  -5.175819791916836, -0.3477579744963881, 21.93549956831767;
  -5.024844943315766, -0.2988367671201166, 21.81263192220345;
  -4.170910327765142, 0.8324049349673026, 18.49889668418875;
  -4.73880733822396, 0.5559520143956691, 21.02143559250464;
  -5.308015385930759, -5.127060718703516, 23.85280812455527;
  -5.025900704273123, -0.2957340745965214, 22.78420351950944;
  -4.792383530774733, -0.1684898973444903, 21.91299309382674;
  -5.049211015245509, -0.0117359685656679, 23.13842246607181;
  -5.462470267861994, -6.000608030567337, 24.91660672434783;
  -5.105214557251537, -0.424001151377949, 23.49638139178681;
  -5.009588616248242, 0.1707140141150394, 23.2598803293689;
  -3.703191302817048, 0.8875623260304427, 17.49762629813039;
