m=[-10.5585776024247, -2.858093469504296, 15.97691601998136;
  -10.15395172568109, -3.98729891299671, 17.54663426872771;
  -11.46550263134795, -3.463307241294694, 21.7305605575929;
  -11.69306786027499, -5.159926425322393, 22.24156468256937;
  -11.23355538088206, -2.752267080883726, 21.5948961999014;
  -11.22501301232767, -2.122169898117331, 21.59391400537115;
  -11.37098622509001, -2.699351681565307, 22.00455039416442;
  -11.21822143788084, -2.198019862377105, 22.08827379594026;
  -20.02880276574892, -7.477807048605007, 40.30449403601063;
  -19.74812311555245, -6.15020831787862, 39.76659624497727;
  -20.30311402944409, -6.100328956140059, 41.11926678051439;
  -21.52757057240675, -6.808331400900499, 43.71064850520296;
  -20.82993447232305, -8.259833711165149, 42.35657061138058;
  -20.4414300208393, -5.92818086536808, 41.67557527974449;
  -20.07356110625002, -6.580952068523931, 41.55178598503719;
  -20.90212676431632, -10.61793369766793, 43.38366718550044;
  -20.66080044156193, -10.37126327556029, 43.17965048859757;
  -20.10360742468946, -6.21059567395053, 42.13505283128598;
  -20.34051869170888, -6.619744273782156, 42.76524513107212;
  -19.81975987949766, -8.022102071687357, 41.93652322867345;
  -20.82223434959862, -3.268402941540382, 44.09128254803314;
  -19.62533329895375, -7.641198724099192, 41.64973500328797;
  -20.17968601457333, -7.249796910637844, 43.11845070009309;
  -20.94807938319148, -5.374643363511243, 44.77142828140624;
  -18.25688095148111, -5.199595395559803, 39.37520070560559;
  -19.75983977721863, -10.60669363067683, 42.74403759476409;
  -19.12451737563462, -3.702536060072565, 41.70442901751631;
  -19.62786340377805, -6.74676644316849, 42.79062845785347;
  -19.81872523592052, -2.995223152394243, 43.35620613333224;
  -19.32088488955048, -6.260101457992968, 42.59170126560569;
  -19.40437417358357, -5.670696523394109, 42.94360868713414;
  -19.32466652519277, -4.577536235004551, 42.78350001883035;
  -19.57919292646761, -3.067540176243361, 43.39630383173194;
  -19.07601680729918, -7.571069601578896, 42.48535525244306;
  -18.85583168889459, -4.900851377151508, 42.10411268588489;
  -19.0556270437687, -5.483989257620197, 42.57135155512926;
  -19.12931203905946, -6.020952074319649, 42.72415220852876;
  -18.51963229713504, -2.875477250743451, 41.58926259636444;
  -18.79985627508902, -7.773409559804733, 42.37448618503542;
  -18.56198513397986, -3.140244212797119, 42.69040423648956;
  -17.67354142243722, -2.68160596237615, 40.71092387079825;
  -17.81873374486031, -6.115850948697936, 41.04713588830894;
  -16.84275695037214, -2.127512959026823, 38.92079877898749;
  -18.02825185424171, -5.985011357194071, 41.63227827051534;
  -17.78831661542713, -4.418472147540782, 41.33298126077121;
  -17.59787841267047, -4.541528796770061, 41.02494755967765;
  -17.38007783445045, -5.15894287029775, 40.5721554290938;
  -17.5533277604366, -6.371191571766608, 41.24807733587039;
  -16.74117546317974, -4.29250815986906, 39.431722274133;
  -18.71444343129937, -2.555034843348054, 44.17143271822613;
  -19.86916276201344, -9.226585585055304, 46.99002402699234;
  -18.17800172623512, -2.583839415710612, 43.35774326177506;
  -17.10040908116752, -4.821070199172559, 40.94042350119295;
  -17.7884984162188, -6.553059329286039, 42.53991151867216;
  -18.53873590650913, -6.110370758574938, 44.34617022165963;
  -20.47243823266354, -7.797966888182812, 49.04206052628623;
  -17.06923102145414, -6.063548737608953, 41.04146432797667;
  -18.37295629893548, -3.908331258581054, 44.15372138204221;
  -17.24667473294132, -4.906868237158711, 41.72494566389539;
  -16.56770216103511, -5.675547170559862, 40.16258893496569;
  -17.42749407459328, -4.226370265682151, 42.29255365955469;
  -17.33973368099173, -5.134658049402362, 42.31453777979225;
  -17.31096330626684, -6.816466133360734, 42.25952059922062;
  -16.86310628954179, -6.424179685716015, 41.32310406171401;
  -16.92919459808135, -5.216980322021095, 41.86137262990855;
  -16.11593811776332, -6.114505309089269, 39.98650482670004;
  -17.09571865356469, -7.749462853405105, 42.36138600403965;
  -16.7432436021026, -3.113416743158129, 41.58427531002702;
  -16.45791479167701, -5.805573076771227, 40.88140012632885;
  -16.82062475576813, -2.759318949844667, 42.00899018804937;
  -16.88955999067126, -3.439500826047419, 42.19282962663111;
  -16.54159627668275, -4.999459309023895, 41.35117577869085;
  -16.63154652584275, -6.228620462006634, 41.7810386613906;
  -16.88941477676175, -7.483091668449229, 42.47103142386402;
  -15.70168793949005, -4.645438822533279, 39.60683040529742;
  -17.11454551602554, -8.285457069391983, 43.19176596127218;
  -16.1022664366127, -5.445472992659663, 41.00958662094589;
  -16.75118864080073, -2.435206714666867, 43.27990358406649;
  -16.53270605685995, -2.860268695079222, 42.77957442644565;
  -16.41027297944943, -6.8143302225143, 42.50650306405268;
  -16.37696773342517, -5.939809821278129, 42.50150389035657;
  -16.0110749679602, -5.44842585144989, 41.74603520294172;
  -16.00266967741907, -3.033045711904657, 41.87129865368122;
  -15.31450660541287, -4.699908186642594, 40.34186450731591;
  -16.31690192340091, -6.320072600404441, 43.04135371502443;
  -16.30315136451547, -2.330500827679991, 43.1229647901155;
  -15.51731362121257, -6.066232192149384, 41.45664899647647;
  -15.81627835956491, -5.077108831700052, 42.30573251810835;
  -15.86748101182865, -6.995435181280733, 42.49880626624675;
  -14.80097248961061, -5.777750811600248, 40.04772529822527;
  -15.53790208598867, -6.276187124025919, 42.05937391524682;
  -15.53433335823153, -2.321224808479599, 42.17100199125476;
  -14.87604472262376, -4.727283049148793, 40.54322366875325;
  -14.92716236500512, -5.155178257667302, 40.88223198476972;
  -14.99222249324621, -6.0363247620143, 41.19661844205914;
  -15.12172677832927, -6.778873264497004, 41.60054213486782;
  -15.32088539114393, -5.89614773071995, 42.16784489873623;
  -14.98329815703569, -9.297285941009751, 41.42299807335539;
  -15.88965389768742, -10.25962176544642, 43.83630701690598;
  -14.95117543059132, -2.506757892960357, 41.35949129277586;
  -15.10985934429712, -1.985582735382492, 41.81704695199061;
  -15.1806721003016, -2.018346916527519, 42.59460490159191;
  -14.54064207414528, -2.486160028220569, 40.82019887407263;
  -14.50938275575102, -6.512588988516066, 40.90496585411858;
  -14.87433681346151, -5.608868852300483, 41.95866981805747;
  -15.55773282020225, -8.373562507998933, 43.88810650913956;
  -14.89933668208267, -7.844784119130437, 42.05761285961099;
  -14.48064964771102, -7.184478055383794, 40.87489249831317;
  -14.87849427869671, -2.072795310180172, 42.39230466493046;
  -15.99928004734854, -2.904160516609999, 45.53967331577225;
  -14.78840740838587, -7.65812452287048, 42.33933609556225;
  -10.73321613468394, -1.086157884839641, 31.13660490195047;
  -14.41700518937798, -5.735564511405836, 41.6231221633789;
  -14.26283337610516, -5.79755222542756, 41.20353834432452;
  -14.65143820162491, -2.349089972375908, 42.42220070567915;
  -14.12793222692009, -2.045561905208047, 41.17774567001918;
  -14.13062149458706, -4.281745384527363, 41.20029647806283;
  -14.17926082765238, -5.193393035136571, 41.63676891488514;
  -14.69457090774359, -4.96459712201241, 43.15047045342847;
  -14.80505220631952, -7.582583985950809, 43.5679849058195;
  -14.0823847572736, -5.746162838578858, 41.98811128738634;
  -14.45083335730038, -10.3878788847667, 43.17976980338548;
  -13.74296495686515, -4.530889202177693, 41.40029267569731;
  -14.56221094699489, -10.45573299549415, 43.97564342969385;
  -14.27358321181751, -10.25960336488269, 43.57603071967419;
  -12.44654769303881, -8.143235652285092, 38.29898113950465;
  -13.73055120266217, -4.836328168622052, 42.19650678604516;
  -5.737688601514362, -0.8922532971271983, 18.71696579321566;
  -13.25696689140803, -10.47037473110849, 42.91779687569157;
  -13.49649969934974, -10.89267231204984, 43.69099704995077;
  -13.19301249157868, -10.70442952322921, 43.29015792063269;
