m=[-11.01460896079878, -2.954077831870916, 15.55762184189227;
  -10.59167053000378, -3.11106794672923, 16.21796119022353;
  -12.45434660007628, -3.004371505547069, 22.71917672385028;
  -12.65007213761389, -2.360571581497794, 23.09823318180197;
  -11.62389281943008, -1.884536412830268, 21.48535436340172;
  -12.59544115171508, -3.091890766167296, 23.31995835675814;
  -11.96175768881443, -2.295762529610912, 22.36865586225672;
  -22.83804686817837, -6.742816540619621, 43.47184692648798;
  -23.29201711148935, -7.28965929862737, 44.40131658572762;
  -25.10280697235218, -8.370091234045738, 47.89824600123736;
  -24.19210120875079, -10.91354507940309, 46.57223967194238;
  -21.39407758778252, -7.532922854118332, 41.48869139698943;
  -23.5257593931222, -7.878734502307736, 45.84586018089856;
  -22.35901600205701, -6.908025051658864, 43.71694251729074;
  -24.01516105613139, -8.905559496699675, 46.95123287575344;
  -23.90200920428996, -8.581502082201805, 47.08327403783791;
  -23.28109508475995, -6.968908357662413, 45.85795043115102;
  -23.45997192008414, -7.316061929059026, 46.31716816046448;
  -23.95232969026929, -9.427512118425193, 47.37156851552239;
  -21.98280506268553, -5.98382327923454, 44.15097300430359;
  -23.54119643976224, -7.667922080003566, 47.38087330021219;
  -22.60229003128407, -11.27017020745016, 45.97247572921936;
  -14.87577474236523, -1.660994387382797, 30.41315891719014;
  -23.70921540130359, -7.260014583913835, 48.31118633265376;
  -23.02491459906436, -7.427145032475039, 47.08007766579991;
  -23.15149159533269, -9.292065396244604, 47.61932839374965;
  -23.76368202258977, -3.663662150848066, 48.94378595403199;
  -22.9887732360199, -8.83712333863267, 47.37777647392406;
  -22.3529208474322, -7.107406597215549, 46.25630698008727;
  -22.87727695056359, -8.140430855534124, 47.54069167838453;
  -24.05560308759992, -6.78261364779637, 50.34107762813185;
  -22.45871961241434, -4.295396958367595, 47.58441580235746;
  -22.50851072928279, -7.661633480303856, 47.71295260264311;
  -23.27166542662431, -3.454217704172774, 49.49506867807204;
  -20.30632557048839, -4.762085523477533, 43.71488498290012;
  -23.04149835961753, -4.732496581149179, 49.49690535996024;
  -21.30937741308568, -6.162109491781331, 45.85486544343723;
  -22.29525998438022, -3.430791636214302, 48.04167205334052;
  -22.29280136330541, -9.548456828025497, 48.23486601382341;
  -21.8698470680705, -8.604446982943284, 47.3580802324934;
  -21.91947753572995, -4.963755002069759, 47.50293355446416;
  -21.73941231045292, -5.591555552985256, 47.17883247201128;
  -22.00166481375593, -6.858890075786071, 47.77944657054066;
  -22.00147522335829, -6.258685085951892, 47.77448947814466;
  -22.79708454359944, -3.49321317283641, 49.73339027022267;
  -21.27442920420025, -8.726996564982871, 46.62840005113653;
  -21.1313901499795, -3.523781968962022, 47.23492683184578;
  -20.60846061803002, -3.100572673103606, 46.10534817188092;
  -20.14412003081628, -6.622194580964743, 45.1971655526965;
  -20.33765055570533, -5.003408697923751, 45.9096699774145;
  -20.7757181875176, -6.099161613785427, 47.08177346473468;
  -22.05771512305213, -5.629272501751995, 49.93536168307323;
  -20.41427119131522, -6.609989818909348, 46.56435711527775;
  -19.95627511467994, -7.173904939420966, 45.55095898594462;
  -21.394782398356, -5.427548290685756, 48.88763906878079;
  -19.6093995580772, -5.594346710654867, 45.22265314084442;
  -21.19860520668075, -6.330656342637285, 48.87152498581429;
  -18.70759358190425, -6.822069790032294, 43.48340228891122;
  -19.31151803394543, -6.518452111353084, 44.96683881185535;
  -20.06282948850887, -6.532003661091999, 46.67748902526162;
  -17.19864465741036, -6.452080728106065, 40.13470761947654;
  -19.23036142243546, -6.520292937239257, 45.24345519402311;
  -19.984147641844, -4.781579213865846, 47.11494567229463;
  -20.29142841672729, -2.930063856877921, 48.08297179390051;
  -19.55709070048665, -7.630926630068275, 46.40443433326922;
  -20.40821693610033, -5.973269856197447, 48.39025761297969;
  -19.616715394411, -7.398626427772951, 46.68786746996617;
  -19.38778325359295, -5.898348225337363, 46.55782214661407;
  -19.95170125854042, -2.905003346984601, 47.91610835964198;
  -19.28260290863336, -6.720615994585977, 46.4897544296899;
  -21.06417046571784, -3.843541682380799, 50.78358727557975;
  -18.8821184554838, -5.63703730075802, 45.82968705347837;
  -19.95659282168854, -3.214701360401749, 48.39906013447001;
  -19.75143947120802, -3.96337597136204, 47.92784458926562;
  -19.21814991186271, -7.130745556327331, 46.90937427419688;
  -18.67001059789193, -5.451547498722775, 45.66816407049191;
  -19.02260342325504, -9.099965892607536, 46.64418604408639;
  -18.57820381784472, -6.215089794214148, 45.93731132724297;
  -21.58370619709848, -7.654685467543878, 53.63565126690502;
  -19.1804572271855, -2.726993891654286, 48.14487143420335;
  -18.71035916834471, -7.686512431254327, 47.08939241599627;
  -19.17814631478648, -6.878378839071459, 48.35818611022754;
  -18.07481859758365, -6.779316615718777, 45.6483931459474;
  -18.41916491586904, -6.185606425530342, 46.62468495180824;
  -19.41470177602648, -3.614712877265618, 49.31590387171135;
  -18.52471397562573, -5.614134422225667, 47.34200605049094;
  -18.43717823953686, -7.063674259595024, 47.2676582167678;
  -19.81117963637524, -2.776641791268133, 50.90953873767442;
  -17.88932886040013, -6.919218567183798, 46.40909592849607;
  -17.8804097442744, -5.670827814017822, 46.45682015818097;
  -18.59382425953987, -8.110417714984029, 48.3843373808234;
  -18.19819722387424, -8.674913367275604, 47.42294691462738;
  -17.49910920448308, -6.738432644229494, 45.90609358447704;
  -18.65122423407071, -2.358653564511663, 48.89264207437826;
  -18.87202701835464, -3.026438390913189, 49.57239298145792;
  -17.73036822399497, -7.078829851037416, 46.60816393312569;
  -18.12997255464463, -2.661783321891077, 47.79110784472348;
  -18.21293774848222, -5.716097784023837, 48.15898866348371;
  -17.60781589767561, -6.017137158936246, 46.81194156645396;
  -17.59074600670967, -6.998008290394402, 46.91187303285207;
  -17.68700578008425, -10.85110130138626, 47.44751427216472;
  -17.43264055347998, -2.23448403973363, 46.8176996916677;
  -18.08320072643378, -2.977170707308558, 48.54234674455763;
  -17.59604572922384, -11.26828063956696, 47.22481148361911;
  -18.6056610619955, -6.318501586051601, 50.34707728226028;
  -17.81774984664119, -3.008380832285036, 48.54325807023152;
  -17.22716831568001, -6.416179137386671, 47.18114886410424;
  -17.33528134650303, -9.207245158191807, 47.49956222178943;
  -17.80468240072084, -8.75374976153379, 48.79674572213901;
  -16.98540638885251, -8.842610225139465, 46.55119157437652;
  -16.68609835743568, -2.978704900082122, 46.19681340692781;
  -17.17620603026906, -8.78920019958445, 47.7438861044647;
  -16.64292777530465, -6.539511888006331, 46.63720901207824;
  -16.52275019512454, -6.624320228161651, 46.30248810019664;
  -19.51312565837026, -3.052845782877142, 54.83080359155994;
  -16.45287157234197, -4.925792493923692, 46.55919913574888;
  -16.78004098058645, -6.053969684353872, 47.80228177107554;
  -16.56909524792591, -5.520329729038093, 47.25704855602353;
  -16.19712173125495, -8.199511754172779, 46.31151982171823;
  -16.29426440866051, -6.566147255068059, 47.16049381474223;
  -16.32668583888844, -11.5905041801236, 47.89642052097154;
  -5.807310577181961, -0.8357620873682368, 17.77969532868996;
  -16.30891789627418, -11.59327919433963, 48.36248946127477;
  -16.16280460124505, -10.42628260545227, 48.10476584924249;
  -15.25676419788512, -10.0327288359593, 46.2962351507916;
  -5.713514984480722, -1.793104711868191, 18.4949706273505;
  -4.825590845546738, -2.090734406775396, 15.64652520263277;
  -13.32711320054869, -9.118094570418819, 42.20285270598861;
  -6.143571903420298, -1.973506443595192, 20.36245532369027;
  -15.1442643981248, -12.09421720336977, 48.98974973257116;
  -14.7587443595823, -11.58319651213827, 48.50347896707621;
