m=[-8.39175345346897, -0.8369721892449498, 10.96340761309835;
  -8.253045204348773, -0.9974946576911545, 10.80534208056384;
  -8.174673744419749, -1.552959479005588, 10.72132326123654;
  -8.309899970677368, -1.282007795018462, 10.8979579013303;
  -8.258968952595604, -1.084851920379527, 10.86277541613956;
  -8.209660649237996, -1.231969006447584, 10.8147622724428;
  -8.223572680025786, -1.039990840042851, 10.83112566786516;
  -8.28129855473099, -1.13390966952808, 10.90562655512048;
  -8.274970988703151, -1.853620518633328, 10.90383106269935;
  -8.33685696512295, -1.484526111038803, 11.00602566962397;
  -8.269695587923899, -1.289504605529632, 10.92950103490905;
  -8.216821175323, -0.9877227415415466, 10.86631124403705;
  -8.201937092129727, -1.214270542400239, 10.87194012352913;
  -7.987551557811321, -2.003761121346901, 10.61915127829924;
  -8.28527437444256, -1.506828128857777, 11.01239942207108;
  -8.228131292375265, -1.128217486888428, 10.96772413678723;
  -8.154483401652609, -1.324847920785182, 10.88847808103041;
  -7.89628061291487, -1.74529799612477, 10.57885161520288;
  -8.204619067378911, -1.418875132210328, 10.96269175975527;
  -8.328691793462653, -1.54852576170328, 11.12419859528308;
  -7.48682690927223, 1.692466169672195, 10.10537925437155;
  -8.041399325273897, -2.006808673166966, 10.79159826220865;
  -8.089540817192063, -1.284590540375156, 10.86069083440832;
  -8.208126251211454, -1.168953029351538, 11.0039074577387;
  -8.208986852507433, -0.4079387153466518, 11.02463117484917;
  -8.204858687562643, -1.495028654200058, 11.02906868867654;
  -7.796296212951489, -1.858418326661956, 10.53540623748078;
  -7.340210344300136, 1.703769426284751, 9.996220614946887;
  -8.224571245265009, -1.37655760316581, 11.08279836232421;
  -8.206096741879465, -1.219890065102233, 11.06583311299253;
  -8.237939849778208, -1.565714124114769, 11.11235967561776;
  -8.088834396071048, -1.256426198386555, 10.93670946545313;
  -8.183722824266049, -1.327502789168251, 11.09845578288815;
  -8.121319438568637, -1.172377288671842, 11.02567472567971;
  -7.272450111302061, 1.659677010536132, 9.993665184382724;
  -7.931154642379009, -1.938732041255069, 10.8165527790475;
  -8.169288085803041, -0.3428374350710125, 11.11884958845491;
  -8.08116806953014, -1.546192640265413, 11.02544997010287;
  -7.980874493377453, -2.027309229338753, 10.92214596964748;
  -8.164766768571726, -1.811060429737567, 11.16513496156186;
  -8.154129390717367, -1.379643448151185, 11.15385370691331;
  -8.031454030638484, -1.282574256043986, 11.00721443054828;
  -7.143403524509026, 1.673748553030138, 9.924635119063588;
  -8.142859476208081, -1.805037722989901, 11.23216970384102;
  -7.835729081644129, -1.381712497689824, 10.85471998687561;
  -8.045683289634527, -1.823613644026727, 11.16650620791698;
  -7.740969791156902, -1.510836861539046, 10.80849115112987;
  -7.690166393228216, -1.5805750942486, 10.78620775360041;
  -11.62981607389705, 0.4442345512506172, 15.9021138249921;
  -7.20708857737691, 1.414468820126628, 10.28101385417436;
  -6.969930790252397, 1.541605633502383, 9.999411108683924;
  -11.10913364131966, 0.5646426039941445, 15.57980403770704;
  -8.809853281218508, 1.156570570028981, 12.56927385339791;
  -6.824860036047943, 1.661344134072166, 9.963657280777742;
  -7.933705948236702, -2.419089756437449, 11.53910430471712;
  -7.816107955112209, -2.339051343847937, 11.41796356624809;
  -11.30931155781443, -0.138683378492928, 16.13541894423957;
  -8.775063712191404, 1.029213074768075, 12.75156567338248;
  -6.673110271692202, 1.666619320538737, 9.994927958995776;
  -11.89393181056386, -0.2422488047213904, 17.18126721660168;
  -11.87444793653049, -0.3906909332214527, 17.27845301518552;
  -11.99760439254262, -0.4439551043580083, 17.71678736339339;
  -11.87279832443607, -3.31169714719102, 17.75082337741598;
  -11.86675375099879, -3.435180450886668, 17.75177262081625;
  -11.95055654499619, -2.965991067070615, 17.92370511252011;
  -11.81818763252384, -3.106767017193805, 17.77635183341704;
  -8.297034483403378, 1.366855488111706, 12.83789058600696;
  -11.84435069702114, -0.1485398986014142, 17.91629868693834;
  -11.80217628673279, -2.971714900964495, 17.85879238984478;
  -6.212752738441457, 1.556506825839901, 9.915607064873246;
  -8.200559337906517, 1.293369135838087, 12.7654134823808;
  -11.72567574668862, -2.959493994978681, 17.8879316744648;
  -11.61221015806168, -3.684313557430406, 17.86331828353482;
  -11.63958901280549, -0.1394877233810344, 17.91191742876225;
  -11.66574506969782, -3.513675960293401, 17.95874857539991;
  -6.193199443713983, 1.47782938914746, 10.02119960068862;
  -6.220733702588563, 1.42849374052052, 10.10049122307597;
  -11.51175385179503, -2.845618102437703, 17.90275598248707;
  -11.52978728892263, -0.6012423190801253, 17.94316336400597;
  -11.56879257463573, -0.4829086017668116, 18.01705701285568;
  -7.955000466653214, 1.059728841037692, 12.70773244264624;
  -11.51923532319072, 0.1034313869996783, 17.95386469805054;
  -7.973698436683232, 1.264876925401696, 12.74965158228223;
  -11.42533385710937, -2.69745213768959, 17.83604982395581;
  -11.6218757831609, 0.0492454701941476, 18.30779805836413;
  -7.733539169455721, 0.7557708301394877, 12.57107479308995;
  -6.212656266592394, 1.407969535495359, 10.31871745936748;
  -6.006732937671653, 1.458557483727123, 10.02423791529065;
  -7.768519918909598, 0.8458639112382262, 12.6852601094865;
  -5.997509710284269, 1.502568538294259, 10.0364678111052;
  -7.677743459063525, 0.8975748205333671, 12.6970783761353;
  -5.859555836913997, 1.661208839255358, 9.999854750335544;
  -4.593496940501406, 1.762686846075083, 8.12935333586103;
  -7.684458418977537, 0.8786700211086532, 12.95102251142305;
  -6.20826709178291, 1.287724018852372, 10.66946572921417;
  -5.711899053987888, 1.473549391883519, 10.02726919421328;
  -11.51578573116704, -4.107892629995586, 19.38085330692413;
  -5.547976175909009, 1.647226013902054, 9.947125354187167;
  -11.60481358515467, -4.169734204628535, 19.81415929609916;
  -5.41537097301909, 1.566492097411701, 9.940995394150511;
  -11.34792642783072, -4.594598386232507, 19.73333087684737;
  -5.479286598645664, 1.510663223820594, 10.07035026558396;
  -5.47088653593925, 1.631571893706176, 10.07802281985892;
  -11.79286999647357, -3.067490942178099, 20.64272886123892;
  -11.17927801306828, -4.58777283821164, 19.68263693577367;
  -11.45876374312986, -4.025770817317066, 20.16389054896814;
  -11.68031242651917, -1.234071900329932, 20.56702738130441;
  -11.22071538699736, -4.454218276433731, 19.82738176864667;
  -11.59747928245409, -0.4974314629956763, 20.4697160001548;
  -11.61011260308736, -0.3129826972435678, 20.49783353454757;
  -11.38403904957566, -3.665502659342747, 20.14750761043327;
  -11.50426084477025, -1.311409257108953, 20.44259501780439;
  -11.04064305495774, -1.385326146086938, 19.65799371662011;
  -7.26934774219673, 0.3064478779171821, 13.32416267776876;
  -11.705390801461, -1.789148556308013, 20.87428252817933;
  -11.29244659815195, -0.319867953557633, 20.19161174374332;
  -11.46984305504006, 0.005479747890561198, 20.50322594911945;
  -11.57237399439476, -0.7434167171070789, 20.68646000247028;
  -4.604613526716916, 1.760444847077084, 8.844326965304058;
  -11.66195976123804, -3.180987216247849, 20.9264591852702;
  -11.58696505243341, -0.9588031880622109, 20.98031104606925;
  -5.201723794742937, 1.678140694904031, 9.988305824979847;
  -6.096198861502956, 1.14085542505136, 11.60234923438528;
  -7.625978517006971, 0.5365338154989294, 14.2602635919189;
  -12.03384766685226, -3.896552840744934, 22.1263157528833;
  -6.074580731954405, 1.004662497982692, 11.70290640316449;
  -11.63818154974782, -0.3337813703882593, 21.60083078111738;
  -11.87032409901496, -3.626227172790253, 22.05967660315311;
  -11.81508723297978, -4.144640021900699, 21.9893310236162;
  -6.370326513225136, 0.9485488897176493, 12.34481967162258;
  -11.66546420752128, -0.4759638758303084, 21.77673243207138;
  -11.64688253912368, -3.062490558149518, 21.74412466756484;
