m=[-5.732711619674749, 0.06300184881754685, 8.134592290281503;
  -5.645990282042334, -0.06923542633422587, 8.055346082751646;
  -5.761414628139684, -0.1655261005211899, 8.290426800256594;
  -3.113498975524599, 0.7800378691499801, 4.969171273655419;
  -5.920331509874195, -0.1205819282188585, 8.552159143175151;
  -4.111261057985675, 0.677290151247218, 6.361299297780114;
  -4.087052857269844, 0.6445984724111684, 6.362117204155785;
  -6.083830226298185, -0.2251238992920496, 8.983954041800814;
  -4.067357649634174, 0.6732567786480321, 6.376245302823627;
  -5.929051958088755, -1.716338251057376, 8.869416558689295;
  -3.052764910013906, 0.6918457754441885, 5.070394566281516;
  -5.943621216161377, -1.475138615244438, 8.914372613349167;
  -5.892352603675276, -1.548982576008146, 8.862994586515454;
  -5.899763088703706, -1.641934558946624, 8.883383652418452;
  -5.911049255751708, -0.07413041706863238, 8.941319514111237;
  -5.878952871501556, -1.480283926105087, 8.895901590611885;
  -3.955845560517585, 0.6275203169124075, 6.325252078494276;
  -3.9762751732251, 0.5297012236055316, 6.351909246454123;
  -5.80397157998923, -0.06955424125115127, 8.931609147477303;
  -3.88750484573239, 0.3799117971800778, 6.319243117978663;
  -5.815846029215122, -1.751709664451834, 8.953162954264501;
  -5.815791278870646, -1.679536467705243, 8.957137430419744;
  -5.87229467448798, -1.35200154167606, 9.059678514470013;
  -3.882548478000674, 0.4227456034681359, 6.339835366997741;
  -5.744880507873271, -1.420090820218205, 8.934276671053407;
  -5.807914235662434, 0.04841572875386839, 9.041044535942007;
  -5.782140878930618, -0.1488377797583234, 9.008681081765264;
  -5.757573045347765, -1.359328131091183, 8.988127698166808;
  -2.828208440269439, 0.781138387462598, 4.938824612485816;
  -3.832587164176827, 0.4480527064242509, 6.338146079819501;
  -3.793248864067768, 0.3813817531338656, 6.309846352684864;
  -5.790409930017056, 0.02453575179608367, 9.121561583672882;
  -2.706210243860464, 0.7828193086056683, 4.967789594444276;
  -2.733326763175994, 0.7535901153327462, 5.023566006253574;
  -5.771251703865089, -2.073672744206019, 9.853885179556073;
  -5.796345785086451, -1.507710862478915, 10.14616411978631;
  -2.521368535316019, 0.7949159396771605, 5.0015203190703;
  -5.722596397582524, -2.010501489786271, 10.07000493277085;
  -5.803164056715496, -0.6131275803151992, 10.21837684595545;
  -5.77591476545234, -0.1557057579148287, 10.19746693417032;
  -5.719672738004564, -1.427132083492322, 10.10593314976945;
  -3.017257810201441, 0.4990181055144989, 5.812859735530066;
  -5.751686341455896, -1.851963216965406, 10.17935232237518;
  -5.753886757329627, -0.655904839062208, 10.22441844335166;
  -5.738405191566535, -0.7200271496095902, 10.21729736553528;
  -5.714926107201428, -0.8735164820665532, 10.19145658720774;
  -2.535588548087515, 0.7817074548265141, 5.0970511155256;
  -5.96988077620362, -1.933043905940477, 10.97666105789263;
  -5.843962702652759, -1.535397634194133, 10.8193568329732;
  -5.890775382909579, -1.799554046218776, 10.9473506203242;
  -5.757439577136021, -0.3977882834517521, 10.76635915436347;
  -5.80940897381674, -0.1047678357197161, 10.95427623578832;
  -5.74806589399809, -1.511132697527634, 10.90211435182378;
  -5.774141587718613, -1.592872407684892, 10.99613695869418;
  -4.729554822043541, -1.149341312294516, 9.333225567416669;
  -4.520423260095014, -1.169609270824067, 9.021882754874072;
  -4.61500625895041, -1.077132283508504, 9.227695748870451;
  -5.847156345072314, -0.1079619321731201, 11.48123921577287;
  -4.544976487389451, -1.032077313497898, 9.181302661890124;
  -2.436912795756979, 0.7670369176429006, 5.400414439322622;
  -5.740735364825415, -0.0184725350016686, 11.416222430694;
  -5.701554046964483, -0.1080256166106855, 11.37299813804851;
  -4.502319289447385, -1.1638242354285, 9.189302986453306;
  -4.464422414546464, -1.069353741863984, 9.129029904228792;
  -4.452814252719775, -0.9976204185550267, 9.1877288142444;
  -2.869998858353608, 0.660447675688587, 6.35179707978022;
  -2.848979856343589, 0.4809368192054715, 6.370757687579939;
  -4.268990063909441, -1.115923555903247, 9.086250951623752;
  -4.379175233658705, -0.8609628055486488, 9.320364875702463;
  -4.304385203035552, -0.9022204660293094, 9.176738924923493;
  -5.715876046339195, -0.1123716405542245, 11.87212419199431;
  -2.832611459292975, 0.6488511286554051, 6.40464596382868;
  -2.830606544222788, 0.4480952407786544, 6.405296409113179;
  -4.316006322971069, -0.9917328193718402, 9.236635207673947;
  -4.2188173870185, -1.05389336719805, 9.077219225201297;
  -4.23054145418118, -0.9098693325375988, 9.132229119100447;
  -4.279824364965351, -0.8203821164498777, 9.240967577143229;
  -4.235888121989349, -0.8680789234941035, 9.208434626503484;
  -2.748833995421399, 0.6226248748733031, 6.342751617053181;
  -6.289243560083484, -3.015326098313572, 13.22576215368854;
  -4.238773945258425, -0.7729042244483568, 9.253261624429458;
  -4.241950406736684, -0.9844326176901292, 9.270589016591803;
  -4.267242201059991, -0.3468736997156724, 9.362364701084509;
  -4.170386317155388, -0.8029143144867686, 9.22810645955343;
  -4.221747147833895, -1.251107510576718, 9.335231744961076;
  -2.718046454352209, 0.3929106620333175, 6.380654572876551;
  -6.260545946008886, -3.068500982548355, 13.40138258101825;
  -6.364363386458082, 0.09312104075298035, 13.64445736125311;
  -2.707426641418087, 0.3401888943885897, 6.402056965040255;
  -2.661231660261048, 0.5143911409430143, 6.324224484132979;
  -2.666305306637501, 0.5153718292413301, 6.336281637637103;
  -6.22287725791028, -3.023379993582659, 13.46527760130289;
  -6.560713721238364, -0.04415982717180429, 14.28981517291978;
  -6.276189167099012, -3.033926808583864, 13.72168594777955;
  -4.037226029691799, -0.9870223428743018, 9.187540681431431;
  -3.998251377261908, -0.7723368264983598, 9.154014839594254;
  -2.338789510025937, 0.7395731892721892, 5.781051723181829;
  -6.349863167434312, -3.272652555290265, 13.94707088589591;
  -3.992847188403182, -1.62000713506339, 9.18845469102259;
  -2.664069240683401, 0.4699480673394675, 6.575145659908334;
  -2.635765172988215, 0.5051981746172658, 6.517319630218688;
  -2.648355727560832, 0.4344145076706201, 6.583733131474117;
  -6.377248387622724, -3.197027125449544, 14.5110339463986;
  -6.323465353422945, -3.292138946451503, 14.42533581113435;
  -4.023188460017331, -0.8402965922713388, 9.552461838231702;
  -5.586586212053303, -0.5801988550998865, 12.88682591680396;
  -2.610962221469379, 0.4564323637010161, 6.591085405893845;
  -4.046623630843825, -0.9792906890935874, 9.676260693448169;
  -2.2993366447375, 0.8265601666525014, 5.944778191573342;
  -3.945827973335163, -1.092217185855441, 9.481177235790437;
  -2.287760442470893, 0.8510076958932888, 5.950318059820608;
  -6.26650299623664, -3.063905209189779, 14.54216203380934;
  -6.059811011005863, -2.893075492187269, 14.14409309054046;
  -6.280812770043377, -3.037551978594454, 14.79433055194174;
  -6.320418469774616, -3.329532626768553, 14.89542746724234;
  -6.27126607098672, -3.175480980588938, 14.79107874037875;
  -2.67983900995913, 0.3661136615188659, 7.008976072756035;
  -2.635396689465028, 0.4486757002596039, 6.919622716747497;
  -6.101795343621821, -2.986168243616981, 14.70020053973145;
  -2.7976667919623, 0.8150829196724531, 7.3063060696252;
  -6.322655300873056, -3.104469357429485, 15.3737437471667;
  -2.384206488405514, 0.8288457527902182, 6.449139672235796;
  -5.541017698502582, -0.3524264530665301, 13.72511187091724;
  -6.268286306325178, -3.021796955557412, 15.38579300780726;
  -2.629463447745659, 0.4944489968358728, 7.062801851172433;
  -3.578233239172074, -1.224789163945479, 9.23433662036517;
  -3.73593293338719, -1.073703006634471, 9.59691341623517;
  -6.300915518340839, -2.966081366207301, 15.60775120614022;
  -6.226113872603244, -3.117955569723478, 15.42874191694295;
  -5.863733376428034, -0.8204370438258446, 14.62292058731179;
  -3.628909352269112, -1.39021949606061, 9.421705008159819;
