m=[-10.42079359808942, -1.785278989348966, 14.42654839128572;
  -19.40491349627699, -4.760576517653538, 30.73332309322548;
  -20.86416703852002, -4.718948632961475, 33.42312154983199;
  -21.09084783193158, -5.042646144824553, 33.80729432401838;
  -11.25803625540576, -3.893703666805831, 19.5988837536661;
  -20.34573671804873, -5.92746504189408, 36.61299668868438;
  -18.52817844014142, -5.378631724248001, 33.87191455577315;
  -20.11803395437779, -5.276173077589971, 36.95256555992668;
  -18.56448994902816, -5.953698716730248, 34.20900022432785;
  -18.93606776550862, -5.486183973342169, 34.9400528856044;
  -18.28237070235946, -5.622930860085965, 33.80168869064168;
  -19.91119057619997, -5.541830844497777, 36.90875995307832;
  -19.69329395254662, -6.458746745138134, 36.5054808344162;
  -19.46941120053719, -5.838631015577268, 36.11308800338621;
  -19.89283512422873, -6.489440327581831, 36.98919717481179;
  -20.16617587140985, -8.968624836742853, 37.69299283681975;
  -19.78620647969759, -3.560282379038972, 37.37167417800274;
  -18.20172369830966, -5.527827624023767, 34.50238171569626;
  -19.28794968858002, -7.028955228193293, 36.61051902731843;
  -19.15711184731134, -3.524106026108111, 36.60080444941234;
  -18.96097916489611, -5.606887863724362, 36.26490932801414;
  -19.46583418002557, -6.868415470442469, 37.22986396153975;
  -18.9111245984836, -5.746479050243649, 36.23041625569415;
  -19.50817952162005, -5.143125050790723, 37.50015427770816;
  -18.71791901870907, -3.267769926602299, 36.33993077917537;
  -20.07847131122602, -5.345626663877043, 39.09228148694075;
  -19.03343889323654, -6.100586097642209, 37.20338802159123;
  -18.30874136931716, -3.056047256671672, 36.12399488464631;
  -18.53962905031822, -5.578724462415313, 36.69806857632828;
  -19.76352048626846, -7.575773312236431, 39.23879364730196;
  -19.00463343786976, -7.513072009090354, 37.96257650542734;
  -18.48012434875677, -7.003747129035229, 36.98917991965068;
  -18.66912714369292, -2.804841499682898, 37.3575519968141;
  -18.61958919224694, -5.826139098499869, 37.39761534167023;
  -18.4189827848916, -6.456961524437269, 37.1737854164864;
  -18.30416054343603, -2.377218341027969, 36.94770769662684;
  -17.94004398904743, -3.345950116563852, 36.90140043391234;
  -17.93402090005963, -6.004562013974723, 36.91598327654465;
  -17.4471051031148, -2.512715860019197, 36.05171717403615;
  -17.56058045631575, -4.024227411004453, 36.62967281984577;
  -17.63294984728371, -5.002141793177247, 36.80785120190807;
  -17.6143608193068, -3.525297990563375, 36.75994583798427;
  -17.05717404765164, -4.378719022539853, 35.65297575393649;
  -17.24726255828276, -2.575698613824997, 36.08275636821562;
  -17.53788814241646, -6.789368189102119, 36.86735435507622;
  -17.36373018749019, -3.852873331647636, 36.53191616268615;
  -17.30342738844298, -5.297032184005978, 36.48335474641651;
  -17.26822419410765, -4.831991989104694, 36.4131592261263;
  -17.2191146209489, -3.235037745944062, 36.39919710460651;
  -16.78961843844791, -2.488593904982017, 35.58281974400791;
  -17.02908253395749, -6.509270294292463, 36.15794541285447;
  -17.38323104871739, -7.010720879315673, 36.96732573235203;
  -16.97960715330834, -2.462590772060221, 36.29910409357481;
  -16.56116863815947, -2.416748265266608, 35.93448892365527;
  -16.35011616958009, -1.952621085379299, 35.55375507209426;
  -15.84433802977441, -2.101767749312597, 34.53366501569725;
  -16.53590401530478, -3.969346886616026, 36.1964609228718;
  -16.41951013359491, -4.718915142093628, 36.10275726743485;
  -16.33509203188002, -4.074076722352269, 35.92334126535788;
  -16.74056914131607, -2.014499412643536, 36.95466576864406;
  -15.47950829046367, -3.836629020052714, 34.34369574211344;
  -15.81606553134447, -2.02960702031939, 35.23800690732245;
  -15.41856118466505, -1.87569453923108, 34.64895430627174;
  -15.70024483173778, -2.104051007334342, 35.31975670357276;
  -15.58702798620204, -4.983625413468649, 35.18120999675885;
  -17.61074584183002, -6.308964490478334, 39.64758834942941;
  -16.75858699121095, -6.211007940175003, 37.83667114707577;
  -15.92715398332394, -3.722044444335724, 36.42671071358087;
  -15.21048215713225, -2.125452749419604, 34.97647754603346;
  -15.95082112013354, -6.112369358341849, 36.70429343161901;
  -15.53214175138081, -4.458278811492889, 35.75062485589167;
  -15.63076713001145, -5.793350083210326, 36.08566554365947;
  -15.21831610112422, -4.541845796304656, 35.44510976093009;
  -15.05575359713616, -4.241161527422747, 35.13550078943177;
  -15.46502966326238, -5.296203375844574, 36.16413127298187;
  -14.68989690487266, -2.606901402847003, 34.4035142690573;
  -15.82763640093645, -6.663144134219493, 37.04588380052739;
  -15.01247923281849, -4.388845553372433, 35.32205670332417;
  -15.32406926030143, -2.389680972828989, 36.06335715158635;
  -15.32550861961077, -2.990931816856926, 36.08015037203246;
  -15.05227072814031, -5.484936141677201, 35.6366049438756;
  -14.92138847439442, -4.263301800597199, 35.37593668455899;
  -15.57453786326303, -7.356713536174726, 37.06524667572264;
  -14.74874779572245, -4.835758238098271, 35.34996661877185;
  -15.97183041891678, -7.542425056122696, 38.51638430274066;
  -14.57178205303776, -2.000298241145396, 35.48205805658556;
  -14.99215395670239, -6.057804037864401, 36.60031534977071;
  -14.27247317357179, -5.021569093373925, 34.92019810667399;
  -14.47477950867489, -2.154894676457959, 35.50664060588716;
  -14.28241487787629, -2.57757753366571, 35.20724774605459;
  -14.08453572970504, -5.293095648963459, 35.01516469833894;
  -14.23969869125412, -5.412136071928779, 35.81489045059733;
  -14.45260084758995, -4.485624392650518, 36.39558925728788;
  -13.80819681020496, -5.217999423028007, 35.10285386458588;
  -13.72586400493032, -4.211341887067934, 35.19815093825002;
  -14.15050718082481, -4.728056608324605, 36.45908564967473;
  -13.81669114964742, -5.389878274688753, 35.71578623398772;
  -14.28990157495086, -8.637748123925077, 37.18053721935294;
  -14.26147005103297, -9.005168027190528, 37.12637330209764;
  -13.46719004920652, -2.13886862453833, 35.05751358943363;
  -13.02480520268801, -4.666518908740878, 34.20755345832791;
  -14.05620740406337, -7.21761183683507, 36.90796635875033;
  -14.09408764719048, -5.58248849417353, 37.00595743166448;
  -13.96947221303424, -4.629015690884327, 36.67963748884622;
  -13.69618972373728, -5.620239714167036, 36.32931220366027;
  -13.03417322434901, -6.809002353642653, 34.62868503262989;
  -13.36665941675043, -4.877960705262384, 35.48297067560743;
  -13.56876662830106, -6.541026842770846, 36.05948942766511;
  -13.97384189699007, -7.171114932469432, 37.13883247581373;
  -13.37004794174112, -2.308577208327117, 35.8528378081504;
  -13.47863540103904, -6.781538633076226, 36.32802144522913;
  -12.98836695862458, -5.106273364463072, 35.26197085040871;
  -12.90268839147508, -3.57203627507115, 35.1643561255292;
  -12.74923878465838, -3.720686589160966, 34.94445141834316;
  -12.55339970943607, -4.450327992393396, 34.68038713174723;
  -12.66757573453781, -4.123591369809105, 35.00591691748991;
  -13.27233653541584, -9.282240799554248, 37.75318219468871;
  -13.20947128425923, -9.245520110769489, 37.98027713103218;
  -5.367194301472841, -2.357947725404813, 16.28785538179407;
  -5.325433257185059, -2.465661297879913, 16.18138603974093;
  -12.16204124299577, -8.015128828060314, 36.48267920146288;
  -12.14456303913187, -8.148454464207044, 37.12575891470572;
  -11.33053227482173, -1.813001361443386, 34.82298382262901;
  -10.33595697953678, -2.910985519647126, 32.17316059540332;
  -11.00035162629179, -1.507923269466881, 34.49511814087034;
  -13.38662839903106, -10.5138837756387, 41.96104204669454;
  -4.823546389523788, 0.7515684359041722, 15.81966584411496;
  -10.86698861159554, -2.941925863751636, 34.30369229226614;
  -9.006045982061906, -1.101156690384318, 28.80934999175186;
  -11.69975392519232, -9.034596800316535, 37.25663452566933;
  -11.76765891218234, -9.276884144108898, 37.53254002211381;
