m=[-6.298309608340516, -1.433704528051516, 10.59666993568632;
  -5.464894145476766, -0.5591501811942667, 9.5294356593341;
  -5.181361998032385, -0.5285750649629161, 9.259950021777854;
  -11.42596866446774, -3.401229252333647, 20.65272858717776;
  -11.78940925457647, -3.422402846111837, 21.55257000703883;
  -11.87959196998905, -1.440470739793832, 22.0458961624309;
  -11.779167897068, -3.577310081653053, 22.32806924300567;
  -12.29236313000889, -4.479608848248057, 23.33217379389738;
  -12.49092741993271, -2.297807359643406, 23.86466162188867;
  -12.20947292529554, -3.710063884056572, 23.39122055076278;
  -12.51284281102159, -3.331378426907484, 24.36219201094301;
  -12.32523783196869, -3.950477629902231, 24.09131676588763;
  -12.1486385042232, -3.655623671034954, 24.04749133474993;
  -12.28758316666088, -3.896787965459992, 24.39389604499237;
  -12.15420766000991, -4.804903902073241, 24.278554998938;
  -12.29963932559123, -1.847892434714328, 24.61199241460326;
  -12.06341288688082, -3.774687011401352, 24.22947521523026;
  -11.8790817013491, -4.164332764031592, 23.97474601437174;
  -11.62225308987004, -3.213314652582148, 23.64175392435138;
  -11.65587800150813, -2.17390695260335, 23.97531588022151;
  -11.61720461291645, -3.889603224843912, 23.91323917823667;
  -11.44057903232137, -1.647661558316907, 23.6401693657949;
  -11.28677231917195, -3.201848585561722, 23.56054090052853;
  -11.57121186964579, -2.651688427965447, 24.13642908721741;
  -11.44884507329696, -2.291345734608015, 23.89294332727492;
  -11.26265318177162, -2.891217126208665, 23.54124427017749;
  -11.28088409232391, -1.684682274716421, 23.60057956709918;
  -11.17217612240475, -4.70667789107834, 23.47265524438993;
  -11.31655211318629, -4.380928781371335, 23.78914345025808;
  -11.27203448019865, -2.501174607830479, 23.71546978483925;
  -11.41355696475394, -2.877745540403681, 24.0424159954654;
  -11.28675188682217, -3.455170276688579, 23.79751501120221;
  -11.32456579139988, -3.168838357032983, 23.87988554548044;
  -11.36240095557758, -2.13470882708014, 24.0187884840763;
  -11.3119595987921, -1.67668335133167, 23.97382768589761;
  -11.43640563515099, -3.942015574082183, 24.28183223010198;
  -11.15722693392899, -4.499750570060481, 23.72705288104404;
  -10.72069908111321, -2.789961956698538, 23.25734829739782;
  -11.07942264380707, -1.805333631832698, 24.03683594996592;
  -10.57864592197942, -3.414562776687337, 23.01317657176814;
  -11.11384270067879, -1.621827580779737, 24.11485965468517;
  -10.80149261170792, -1.432829113659679, 23.54248734287836;
  -10.5805960038408, -2.539810086434717, 23.16051964496469;
  -10.41346055217219, -2.597183851302464, 22.90077683302589;
  -10.73104796286501, -3.084069153737274, 23.59512657054491;
  -10.23426105483821, -3.255457556871642, 22.64847815692736;
  -10.65700227861056, -3.761112866869001, 23.58546047901482;
  -10.50162822636088, -2.602850869357557, 23.29949490870587;
  -10.49975017250455, -1.407112447224932, 23.62056296036177;
  -10.25211858703836, -3.277899980515016, 23.13987870179962;
  -10.25708755818509, -3.396794466824341, 23.14871626936343;
  -10.45113265717851, -3.873361635536528, 23.59602690080698;
  -11.22968076961147, -4.022978802329021, 25.28170949986255;
  -10.714409606407, -1.28861686501854, 24.47236602625393;
  -10.52781432275281, -2.460263324635882, 24.07797696831059;
  -10.17979810119448, -3.900908017162112, 23.42464339401682;
  -10.34224859305352, -1.44518500335502, 23.78198284272098;
  -10.29536062327423, -2.955135798921049, 23.69702654600579;
  -10.12511165035451, -3.752747125857293, 23.37514144813665;
  -9.93857973718592, -2.799668694537749, 23.19359000854991;
  -10.07445788459742, -1.787835446521653, 23.59422655109292;
  -9.819973563144954, -2.870834766094271, 23.10488878241262;
  -10.14738868104528, -1.582413994813618, 23.88066093570386;
  -10.17786031282805, -1.986314907565914, 23.96127526119937;
  -9.827361840634836, -3.581017981311381, 23.26651027479164;
  -9.778851251762006, -2.793988925424122, 23.18390298085802;
  -10.03267053902358, -4.738983834153568, 23.87636869934418;
  -9.61931450401136, -3.15394093125128, 23.05568251095129;
  -9.744171789986284, -2.841793359123396, 23.60493299662069;
  -9.752237066399033, -3.940537246993248, 23.80811676739461;
  -9.486103594223623, -3.337552227003108, 23.20947552272201;
  -9.300146584714097, -3.05624032434222, 22.8209041917605;
  -9.690308647448473, -1.748830437816252, 23.88735379861641;
  -9.382396844442818, -2.782984376040425, 23.25258813085089;
  -9.217199970991729, -3.463906940090823, 22.91461935526356;
  -9.472294228422619, -4.051315579180954, 23.90709635499573;
  -9.448061140549246, -1.46664887884009, 24.08300290350755;
  -9.14491731810358, -2.805825071679929, 23.45092301401252;
  -9.053500267441633, -3.531761973460461, 23.40306204423969;
  -9.078646436964114, -5.487725777350955, 23.62150291801788;
  -9.27678931008561, -1.473346222879194, 24.14914812342763;
  -9.189538273705912, -3.639858993636725, 24.12839132877123;
  -9.207282555738184, -4.72777539837455, 24.17594341447025;
  -8.906832659638777, -2.683274445478885, 23.42991407917483;
  -9.132569861821416, -3.747555551224361, 24.22425422136428;
  -9.05607680228874, -4.647409643333032, 24.06869361537212;
  -2.923953648490855, -1.28456870897261, 8.873338935506613;
  -2.903050480254666, -1.34410457689957, 8.820950004485926;
  -2.969474731924777, -1.615709480868732, 9.056785623567924;
  -2.885059127476798, -1.311071188904015, 8.844704835334081;
  -8.545478678489534, -5.976430045270188, 24.30762757024492;
  -8.368284303740531, -5.857095954708266, 24.06074778678438;
  -7.96248419224576, -1.274079128046978, 24.4717063143334;
  -7.663588711841805, -2.158348357377011, 23.85476940851746;
  -7.679183851541003, -1.05265907978584, 24.08053516682596;
  -2.448915421851491, 0.4141569465226582, 8.413379931407256;
  -7.633731515143921, -2.066614126877281, 24.09730849058316;
  -7.54995936251823, -5.830108832652719, 24.04205066632402;
  -7.431080943375953, -1.245793139706964, 24.02796695127899;
  -7.240872143442999, -2.134100957079148, 23.70689218952871;
  -5.932947163984302, -0.2717387570676739, 19.81014510946572;
  -7.504246052595218, -1.504312789950996, 25.03183360116625;
  -7.020602830647981, -1.693916399614333, 23.81529566589774;
  -6.927590353321522, -1.854826652922337, 23.5407409788154;
  -5.67064871703338, -0.3192374781137452, 19.84121339671238;
  -5.973884871082021, -0.4523799500716226, 20.87824022859703;
  -6.814574101984042, -1.860376504162694, 23.80877502684758;
  -6.603084194626603, -0.6432925777052307, 23.50015056990471;
  -6.652232698545801, -0.7745094715560408, 23.97376296326401;
  -6.468881049370458, -1.009148796983749, 23.56448268768975;
  -6.278731827450953, -0.712954231657927, 23.41496637005193;
  -6.501228184133955, -1.558946745952051, 24.46318074431861;
  -5.119089775430779, 0.5757340134701974, 19.64242146031471;
  -4.349007078247476, 0.8407212800363065, 17.1717884412679;
  -4.748086131023918, 0.8644888943065295, 18.69091700161242;
  -5.337043038745882, -0.2859198199247894, 21.00682415129662;
  -5.224947960143927, -0.232051346491129, 21.05042423319488;
  -4.528522612771711, 0.9341055877371934, 18.46374464543445;
  -5.632703444974019, -5.250066724950296, 23.6274483683767;
  -5.164817403489293, -0.2248348972372952, 21.74928626613985;
  -5.027757461629072, -0.1086068530399781, 21.30848373518979;
  -5.094349415469401, 0.05119131808719232, 21.68905888371748;
  -5.333141862401598, -0.3788356882440146, 22.81934759990946;
  -5.315049670038356, 0.2402454364992271, 22.92235989434663;
  -5.285239232024605, 0.06915098332136584, 23.03123633369892;
  -4.180361828770348, 0.9509204100015819, 18.55129512229211;
  -4.935544876220088, 0.5656356544558464, 22.14702435060681;
  -5.373900488574937, 0.1646972489271824, 24.04324453367574;
  -5.458059020092284, -0.07356043501834489, 24.44505300250868;
  -5.331898312109121, 0.425395216062452, 23.92845131734773;
  -4.909792318139715, -5.210557888182309, 23.43228615896652;
