m=[-11.82477564464175, -1.267515946581252, 16.14920393693705;
  -23.69726572118863, -4.873428967688086, 35.16514206408586;
  -26.55268223736544, -5.095070308785735, 39.40516579882894;
  -26.15447169987252, -5.790489670408507, 38.86359111931532;
  -25.79386226654893, -5.574228584143902, 38.3599136396385;
  -25.22459032356228, -5.352472107166393, 37.77165752665876;
  -24.59576777224892, -5.115192450324784, 37.3135076927051;
  -6.506593852111634, -0.4575497109007932, 11.2815615264526;
  -25.37264870742839, -9.305275377772894, 41.82514846206455;
  -24.93499912826743, -9.798594288501242, 41.50532694716905;
  -25.04482852297114, -9.620292386557614, 41.76001752585178;
  -25.54540203027094, -9.232976531836954, 42.68250977564217;
  -23.16793778197011, -7.110751277711088, 39.32547129499987;
  -22.58084435427367, -5.850436586994283, 38.54607635610336;
  -22.6158459869519, -7.357518852825556, 38.88877411107112;
  -22.02402966799215, -7.444206049206098, 38.26320901359716;
  -22.19614649352465, -6.922935415567104, 39.16659353180646;
  -22.66174667410266, -6.460335920009874, 40.15820227743556;
  -22.7606398089915, -6.249291121078541, 40.41488488835328;
  -23.94621094233101, -5.553814669740489, 42.7034473952293;
  -22.74758640048088, -7.184332303799218, 40.64914500077482;
  -22.86540992760642, -6.468123190376229, 40.91334948675394;
  -24.09419228822408, -4.015676881357503, 43.15760777831882;
  -23.00913365761524, -6.757714364179621, 41.43562671346069;
  -24.02259740176357, -2.429752596414342, 43.33502364125252;
  -23.36555391033718, -3.335713890718268, 42.80397859769143;
  -22.58202047225364, -6.717656458492695, 41.49966841561351;
  -23.52066471734089, -4.125864807254172, 43.20873237921325;
  -22.77933224429352, -8.155583266898645, 41.98598321210167;
  -23.01462165277986, -4.113354412613815, 42.72981009095827;
  -22.76806116706477, -6.768913392715882, 42.34677418148119;
  -22.73451827237781, -3.843916569143381, 42.88006478643258;
  -21.91070473302338, -5.713829046415487, 41.52367096239247;
  -22.78575529647019, -7.149260123122167, 43.26686489095167;
  -22.4566834332328, -3.619587051996249, 43.03520437374346;
  -22.73483067017369, -6.698083093114309, 43.70909159025208;
  -22.22833412246197, -8.635113455524323, 43.15079270868527;
  -22.4916567304, -3.25254901737556, 43.75963622373695;
  -22.24067739585069, -6.804431696140886, 43.4000204984298;
  -21.97014195362321, -7.556084776788868, 43.07280537181948;
  -22.07881900983521, -2.744433082782844, 43.32068741052669;
  -21.75154631626944, -8.901828671900901, 42.92597179909814;
  -21.29936926707003, -3.854402605077359, 42.57873208439889;
  -21.50477488205854, -7.053865949763707, 42.9902168749824;
  -21.16006451016701, -2.937798754951669, 42.4720643412584;
  -21.26208664702641, -2.659952741865275, 42.6927150503325;
  -21.05032019701697, -3.38041997955471, 42.45352109042501;
  -20.77702625640762, -5.757764301133991, 42.12523089347818;
  -21.47164576586738, -4.792029669691909, 43.50822396953782;
  -21.04555522557441, -4.089407368642925, 42.67501354692867;
  -21.29531092440709, -5.330904297983038, 43.19701653484601;
  -20.94014557114327, -3.015204497699992, 42.5525776294942;
  -21.0305869650654, -7.996764954681146, 42.92732066813102;
  -20.77627333949275, -4.479257114853513, 42.45619200436145;
  -20.7997358991987, -4.560596292146399, 42.55557543744459;
  -21.0655305908692, -6.310513167035025, 43.12610344727578;
  -21.14566765363518, -5.777449126446733, 43.29459169247277;
  -21.08823415156017, -3.839301607602748, 43.30201871291057;
  -21.37081259161936, -3.051362585629402, 43.97317794508156;
  -20.81079216526091, -8.230570471121801, 42.96037822810613;
  -20.8283966983474, -8.277382267992564, 43.07757307764341;
  -20.90731761268097, -8.132518825348098, 43.43770290768618;
  -19.77489529710789, -6.468106922929349, 41.66222357033311;
  -20.7406515102175, -2.913526729565009, 43.70518124858615;
  -20.75927468878332, -2.643206389090369, 43.88908621460706;
  -19.52880668050334, -4.561511698727099, 41.50369370216503;
  -19.26307031642621, -4.682098137702024, 41.12048649589596;
  -20.10679978607472, -5.643066210832253, 42.91176724504971;
  -19.96241245894271, -6.913039307060218, 42.88352272317221;
  -20.4642890149302, -4.94754029117294, 44.0140835106366;
  -18.82400581239963, -8.344571325502674, 40.79357923495437;
  -19.99990012050895, -2.567537634314729, 43.66921200198714;
  -19.57772975995607, -6.123462794894602, 42.85036554816539;
  -18.90152046766173, -6.849132591753723, 41.45011291646719;
  -19.82892242389476, -6.959793095658109, 43.43145835387794;
  -18.73641374244538, -2.124237592887362, 41.64811802995327;
  -19.541426481875, -4.439444169187196, 43.39923913669442;
  -18.80177873624975, -7.054270298759879, 41.98703715269052;
  -19.84460715192759, -2.654148667465754, 44.27203621699355;
  -19.43505865326488, -5.444730597041332, 43.40429010315971;
  -19.0141211955339, -6.909947264219043, 42.59109121215138;
  -18.92993034469264, -5.199383651339707, 42.83895053904876;
  -19.4940171223572, -2.640633761933936, 44.07075815805112;
  -18.57013553000766, -6.714669983884198, 42.09333555304082;
  -19.33789700637771, -8.389391274673912, 43.86386385405692;
  -19.08218222067196, -3.296864020662464, 43.34781608984808;
  -18.58011336362586, -5.303171667765148, 42.39941041325799;
  -18.92413038146173, -2.826292956955102, 43.24066627908832;
  -18.9358791224205, -3.573577697882208, 43.28103454607862;
  -18.60776676535387, -6.657004167891582, 42.73735753371506;
  -18.47177329667325, -5.14982804277543, 42.47665266796203;
  -18.79817597971787, -7.952265447776992, 43.24030308621048;
  -18.34628281515332, -5.696649746597827, 42.23573312988544;
  -18.66052464679414, -8.637754194396727, 43.07959323913501;
  -18.12566145122981, -5.455578685889654, 42.07318005455323;
  -18.13797599299804, -5.267091034400568, 42.10060702084595;
  -18.1928104984429, -5.831800810058415, 42.28334605986824;
  -17.75978369429629, -5.860343434039282, 41.84291229310676;
  -18.05831056725072, -5.717195744420793, 42.52544396727861;
  -18.38418255844173, -2.912817486574378, 43.52467396472819;
  -18.30827039324912, -7.246051465065012, 43.36529274521229;
  -18.36779249795841, -6.31609504199692, 43.55015285894575;
  -17.77219571604152, -5.284727271546815, 42.2423320994734;
  -17.70768264180588, -5.694491508937627, 42.11865746190248;
  -17.79640446248317, -6.27223377801584, 42.53062272150237;
  -18.34737849859803, -3.195726961247091, 43.87818362325143;
  -17.62456931690064, -6.484335763422716, 42.46244646416381;
  -18.35667536196038, -2.643158064104743, 44.38726550185029;
  -16.9714539512351, -6.273165970991449, 41.8093812678037;
  -17.14284048784796, -5.41786269621744, 42.46673958834447;
  -17.33712160848098, -5.186155070229527, 43.10159001695127;
  -17.20717045903459, -6.567644183119929, 43.12287803583615;
  -16.97021214004634, -10.07929144852615, 42.80525282246043;
  -17.56854445910017, -2.680424097400802, 44.3637923171847;
  -16.82474544020277, -5.899533712970683, 42.79517889002719;
  -16.9278897916945, -6.549529958373023, 43.125650785982;
  -17.29852491458562, -8.720020415068099, 44.05104157807706;
  -17.39963295539756, -5.622530377497707, 44.33704413040542;
  -16.74819132904385, -5.976982782706258, 43.10121982138132;
  -17.18588507280355, -6.896327818377235, 44.20594774033891;
  -16.88522499101768, -8.472258267802133, 43.50362686672052;
  -13.92209760582025, -4.333890366388818, 36.33158565526055;
  -6.696451020077588, -2.675276258876392, 18.93440038542803;
  -6.778211682436605, -2.902955241826472, 19.19607982851301;
  -6.74346672009376, -3.052060724620467, 19.11820714402266;
  -6.744462296848914, -2.984684452940346, 19.2782235379523;
  -16.04738783868882, -11.02527743884056, 44.23348902296826;
  -15.52997927212547, -10.67880974013619, 43.27757848362035;
  -13.83421959588322, -4.155502378702608, 40.03643030678117;
  -14.00144216895365, -2.240676876507381, 40.84891255632537;
  -14.76039444611624, -1.673176448535164, 43.91429429638167;
