m=[-14.34533700179997, -5.288531223299828, 22.7369778779801;
  -14.2721639555574, -5.152836784105453, 22.84008435917335;
  -14.24606381722452, -5.51298474056557, 23.01364816917945;
  -12.72091158883241, -3.22754772040736, 21.02728986082139;
  -12.87673120740617, -3.992740506337534, 21.27013803340802;
  -12.38718901309526, -3.047070567707482, 20.58826091726699;
  -12.36519756290929, -3.788025159713066, 21.13335743883338;
  -12.42738615549285, -3.486281064615871, 21.34802139357867;
  -12.67586140688183, -3.405483849549517, 21.82228338480071;
  -12.55071147098291, -3.477444129953839, 21.77991938826909;
  -13.54717745198319, -2.203694891035831, 23.57466734580446;
  -12.87695003907356, -3.842825405932601, 22.83846721322519;
  -13.03133518286485, -1.815667066988538, 23.18451210258084;
  -12.81601805002506, -2.188196612256687, 22.8710565446227;
  -13.05782682163446, -2.267331269201321, 23.54240420748514;
  -12.87062246647111, -2.108104599026482, 23.57462854269569;
  -13.093264821381, -3.337603739669767, 24.06873132983971;
  -12.85261824596396, -4.945973522839646, 23.67917524262039;
  -12.83997032588204, -3.950268500270218, 23.67606237579026;
  -12.73652738778191, -1.992370075585787, 23.70246354955432;
  -12.61112286198267, -3.645363378659838, 23.55044380788625;
  -12.53997624380254, -3.817103684173032, 23.49570643770387;
  -12.10986598289341, -1.69120214120306, 22.89039386892964;
  -12.62678028338263, -3.787218926580149, 23.92554147785285;
  -12.38657050602384, -4.182795265372184, 23.57288833244823;
  -12.32358441484792, -1.47593138475034, 23.48373683450234;
  -12.2600458294564, -1.742063944037998, 23.61964527204345;
  -12.15884099217804, -1.325873551152583, 23.4527840128607;
  -12.13096356691596, -3.898667734223961, 23.53712225945985;
  -12.23476581085538, -2.14834373179851, 23.73748454641148;
  -12.14485856031658, -1.623038118286354, 23.65846708177469;
  -12.25643435871627, -1.474084575571575, 23.88816446139105;
  -12.12539205807832, -1.880467698120233, 23.73172910437575;
  -11.66360525594572, -3.318700972600057, 22.98154305872508;
  -12.25536477380133, -3.326195958818913, 24.10143394136855;
  -12.1533416615499, -2.644598539252656, 23.91232619065842;
  -11.93941405242655, -1.665722827676023, 23.54466550665939;
  -11.80046413914423, -4.808403394378535, 23.34649966677089;
  -11.88868450038035, -4.438094136284798, 23.54626439228732;
  -11.6815099293626, -2.341908404602524, 23.16813603636959;
  -11.79397500219744, -2.473392282376375, 23.38443948661389;
  -11.82389817977719, -2.519915460899255, 23.47394319455786;
  -11.81878909348217, -2.835952777264512, 23.47471646260458;
  -11.79534494543781, -3.462023206511799, 23.43687524656018;
  -11.86635339300301, -3.170409869215024, 23.58418696803711;
  -11.60666077128722, -2.051549685357814, 23.13810922101624;
  -11.78305412534441, -1.621481850744881, 23.55080228689415;
  -11.50469816380261, -3.769590368246604, 23.02190247645574;
  -11.89595130940199, -4.627104361803424, 23.82702287298142;
  -11.75787377198426, -4.493471358840516, 23.70859808632356;
  -11.06015755921719, -2.74263950603453, 22.58466489354797;
  -11.16237034871458, -3.456799030387846, 22.84167656377525;
  -11.38154236427917, -1.715745268465275, 23.28157993810627;
  -11.99610656129481, -1.617778253382569, 24.54787602057653;
  -11.1466864685948, -2.542056853281495, 22.96195949306137;
  -10.84741818645034, -2.979941293463155, 22.46014209018582;
  -11.01332736807008, -3.363001971248489, 22.90790523544937;
  -10.85277154958769, -3.833668568893791, 22.618795937557;
  -10.93020800489418, -2.578754098441761, 22.82502650256703;
  -10.75249503281241, -3.096721473432656, 22.78637194043679;
  -10.58088702338605, -3.242922787704138, 22.46220614764619;
  -10.63428754543361, -3.657524611295298, 22.59913307915879;
  -11.07651865801492, -3.942118313745521, 23.53405437730102;
  -11.00963060181337, -2.436514974624822, 23.7258871889299;
  -10.70885123554354, -3.938203001089578, 23.17440402294378;
  -10.67851762026201, -2.924015367410545, 23.13804860496769;
  -10.68044808734724, -3.809361872521586, 23.19462825839064;
  -10.71679001594358, -1.398218614012248, 23.52036069879121;
  -10.48142074531418, -4.467904660792959, 23.06556820159531;
  -10.5931282319726, -1.754436765569879, 23.3534420157754;
  -10.23746260542837, -2.860267464968591, 22.64622949833857;
  -10.57939587831219, -1.93683250360382, 23.45863371002201;
  -10.69581864775968, -1.552043137549811, 23.7091151463052;
  -10.16695571955032, -2.772719469332623, 22.66357628864733;
  -10.51875418458815, -3.693711709587301, 23.42136896607417;
  -10.09922343504095, -3.067333555162798, 22.53246693391739;
  -10.55350125465913, -4.381628719393698, 23.53877315970033;
  -10.46587249736453, -4.75546836415533, 23.42255174348897;
  -9.971775381776226, -2.935373360344917, 22.42861832806029;
  -10.16257745444901, -2.884989732210322, 22.85803201625528;
  -10.14002496653897, -3.183266897248402, 22.83910268194234;
  -10.1061935861982, -2.808538030110303, 23.0289438650724;
  -9.9733280152111, -3.089637336680573, 22.76237965888538;
  -10.04423995638327, -3.244443697914039, 22.92319542986625;
  -9.817273444826668, -2.854258551498168, 22.60985572163504;
  -9.671655473499078, -1.419179266194935, 23.69568945027552;
  -2.659327875072373, 0.4270391179805521, 7.867991287010665;
  -8.460263252185809, -0.6718239662188055, 23.01087641094966;
  -6.012970266985569, -0.04669871594634961, 16.85361835046954;
  -6.592226257053962, 0.3775682346096209, 18.68068358812682;
  -7.831120470171102, -0.7000565518448729, 22.09306447521664;
  -8.708669254171614, -1.344341577172543, 24.55422597289739;
  -6.489863690964053, 0.06420901889657511, 18.62641086180247;
  -6.512027463960471, 0.2859203468614331, 18.69934349947725;
  -8.434199975655961, -1.052874183556873, 23.95631082706008;
  -6.50662132096146, -0.07446907905220068, 18.73166061110725;
  -8.230612502361641, -0.8752497745371303, 23.72422776311728;
  -6.173951734710315, 0.1117831329580004, 18.06843969155682;
  -8.184344094566875, -1.220786503711442, 23.63918419888946;
  -6.443461648484317, -0.1477576453394389, 19.09043544108393;
  -8.007579575015999, -0.9834864320618856, 23.56629121016699;
  -7.967176464955346, -2.035283213995754, 23.59513339544224;
  -7.93867906731504, -2.171150095319951, 23.73571626765143;
  -6.405426700570724, -0.2378712016060106, 19.34468582587593;
  -7.729776291702945, -1.18326103835121, 23.44021120883417;
  -7.755387715391758, -1.490756261794006, 23.52520282554964;
  -6.670734455254403, 0.7308357829691271, 20.45311609262188;
  -6.210098905215069, -0.2568099409929722, 19.12053976281859;
  -7.687732676911809, -2.143159992964332, 23.5823445648196;
  -6.702620917059805, 0.812543263111978, 21.06605893934638;
  -7.444755185369027, -1.37918740771619, 23.31566143709266;
  -7.510932802575251, -2.139207720844253, 23.71204499069851;
  -7.474200127988601, -1.677161734973307, 23.74149102803307;
  -5.943021176059959, 0.269693503253008, 19.1729000947519;
  -6.064158715361033, -0.2603203243406755, 19.69635792717691;
  -7.223559602187195, -1.991109796466116, 23.68400164813184;
  -6.757880017614517, -0.5645689705633945, 22.5008137591868;
  -6.995242422684658, -0.7144588768516114, 23.59850789693605;
  -6.994529828466906, -1.083641385170309, 23.84697842731253;
  -7.197701718166828, -0.6636480713458575, 24.59109200138979;
  -5.587933162074964, -0.222422620610628, 19.94578960278181;
  -4.885626243205933, 0.9350689403723625, 17.76824883394211;
  -5.612822011054523, -0.3949212520605631, 20.38673141500913;
  -5.580661657443455, -0.2120382756219953, 20.40474013722039;
  -4.762234917576184, 1.028107506023979, 17.91717364530459;
  -5.524899053635639, -0.1731880913141398, 20.66656154236932;
  -5.516875069559266, -0.1596366558594174, 21.58397580355329;
  -5.945822259518233, -5.314777172049487, 23.19997721403523;
  -5.079010102914289, -0.03837677918465046, 19.97730907476788;
  -5.367455479673406, 0.1220035368514849, 21.22544630188523;
  -5.675168424502553, -0.3181859988285816, 22.60065712859628;
