m=[-27.40467293863087, -5.755839933468057, 38.12947969753202;
  -27.91187252652699, -5.988409102568154, 39.40103557512536;
  -28.13334008708812, -5.599539223580601, 39.82237220419369;
  -14.11914879614715, -2.127440299622955, 21.73604261353304;
  -12.12431919012057, -2.210923498899001, 18.94410781772633;
  -27.9282834482343, -10.29600064540989, 44.2655869884956;
  -27.72196140219941, -10.52977793454797, 44.27501364099592;
  -27.65397793492285, -9.984220695168281, 44.2553204172246;
  -27.65619464867495, -10.7024776132135, 44.67689752824292;
  -25.54221199562722, -7.678802302710392, 41.42496395744037;
  -28.23325598424399, -10.08711526828762, 45.82896756036069;
  -26.08787459279291, -7.859443595877466, 42.90517406783344;
  -25.24492597635645, -7.827797047383966, 41.70026162007871;
  -25.41281259414405, -7.861276983915889, 42.08292846377898;
  -24.88327301656361, -6.526946744815014, 41.70725374186473;
  -23.51801265500182, -6.724596495622811, 39.84298044459319;
  -25.35260468128119, -7.228477740074069, 43.09428281839929;
  -27.21913119146041, -4.758310380073734, 46.45644958907393;
  -25.26726454207758, -7.088279451970696, 43.404630487246;
  -25.08604124957955, -6.739589964134147, 43.18717944122663;
  -25.7202038889121, -8.159958636163843, 44.49073255228328;
  -26.23419469303136, -8.126640658064908, 45.45456919994587;
  -24.89040383920354, -6.896420886013747, 43.1936460664139;
  -26.92499724626547, -6.067434553511408, 46.63941823040374;
  -26.72720806198077, -4.347666668322591, 46.51042930356395;
  -25.73732083450364, -7.420058464709117, 44.96594662113778;
  -26.83397555807436, -8.007974147903232, 47.59254863332986;
  -24.80046397908543, -7.231418528038978, 44.21317779864241;
  -24.27632280293188, -4.144919826741458, 43.322750432634;
  -25.49819069826016, -8.96457973645974, 45.60174799091512;
  -24.68133212384275, -7.182008852322031, 44.55643701220302;
  -26.4306488692728, -4.589357591057532, 47.65272412064689;
  -25.76015144991172, -8.182881755901986, 46.49104241305697;
  -25.0814166956224, -5.12556909257718, 45.84023754621807;
  -25.67047917675214, -4.204618335492391, 47.0196381473742;
  -26.2572801999827, -6.693242501741121, 48.2675200728924;
  -25.48630992764237, -7.84096572967537, 46.99508240757024;
  -25.11988456349673, -3.298904553621249, 46.64589734017586;
  -25.22958391013881, -3.946654097431752, 46.95183190782041;
  -25.14208553209968, -7.267555701811658, 46.95119372135707;
  -25.16008862938388, -7.658600393984406, 47.14156110740422;
  -24.22211662361666, -9.246595957345619, 45.64554430440105;
  -24.38507373290654, -3.405495070609572, 46.09332118601649;
  -24.8323417008515, -7.448099386392119, 47.05294683378894;
  -24.53615761656929, -8.285564100176138, 46.69477345012126;
  -24.61693311493153, -2.94824159575295, 46.90985670103289;
  -25.82936043883569, -6.836427846296066, 49.52214254293601;
  -24.29432911098586, -2.649200563768729, 46.86052344494404;
  -24.15354570193233, -7.762503677122765, 46.86395726521521;
  -24.54947190456806, -4.310724447079149, 47.63006656328516;
  -23.9394122975436, -3.199261522505006, 46.63453221670981;
  -24.4944768046562, -2.945957150968761, 47.74048252371511;
  -24.32053581594033, -3.771752845911696, 47.59997572801252;
  -23.85298664901963, -2.643826005015412, 46.7759051193549;
  -24.23627522612015, -4.584480912251335, 47.69384539306382;
  -24.45084975800716, -5.320568067142244, 48.10830727338291;
  -23.82617289131904, -5.82360612694105, 46.9170486280188;
  -23.90839466633172, -6.802769031643432, 47.10823021116934;
  -24.07728130250832, -3.359132778028925, 47.48068306267411;
  -23.62124137677426, -9.625083884518542, 46.73318756185535;
  -23.56094604297588, -8.795396704766485, 46.66388992344587;
  -23.52463259140161, -4.716216920084062, 46.65680133637869;
  -23.93241911463801, -5.019025453734939, 47.45187321918706;
  -23.64905466221936, -5.674659368106306, 46.97222773104507;
  -24.07726048733372, -5.131358544841118, 47.80050000150585;
  -23.62732922881115, -6.934800336608773, 46.94655138163051;
  -23.77013573677631, -6.350819871662758, 47.24276337516713;
  -23.26766480950796, -4.112704882100484, 46.38455282609968;
  -23.41489983102239, -3.222155708454956, 46.7993841513243;
  -23.30185860063208, -7.6350079326335, 46.62904741923287;
  -23.35411553731922, -9.08392503114769, 46.77717911018659;
  -22.33463161387215, -5.538424085639254, 45.60696064404409;
  -22.91591735349647, -7.355327268853947, 46.79899784477682;
  -22.1014160803995, -3.331745281319736, 45.20967973867018;
  -22.45037430230573, -6.952504682752402, 45.94043850265297;
  -23.54844152146239, -2.867935592216712, 48.35342270006346;
  -22.57980318408466, -5.149435537777866, 46.51395977944031;
  -23.3219930414553, -2.821706961819989, 48.1489883093323;
  -22.46864924546454, -5.334736952677698, 46.47467057078892;
  -22.39819149829703, -6.153104323759104, 46.37661745569383;
  -21.92250365057383, -5.172156477873822, 45.77970763254607;
  -23.12852679688322, -2.739827570491335, 48.54056779477214;
  -23.23170273342895, -10.18937679101418, 48.77847583916527;
  -21.73253106623073, -6.258974816493003, 46.05494209214299;
  -21.46386176927733, -6.831716073308111, 45.56684071576174;
  -22.86487203937851, -2.870491109948566, 48.46465518931002;
  -22.07431112257368, -6.76552791878848, 46.86164079690298;
  -21.77003746733822, -7.487520671735197, 46.26393369191044;
  -21.99383080349341, -7.827575240631613, 46.72984590876265;
  -22.00670056591106, -4.870250184606127, 47.4247060515697;
  -21.7387597744147, -7.994475513808001, 47.04358954001609;
  -21.67732649504001, -5.935733596169087, 46.97009939996551;
  -22.24412788648649, -2.878067390229159, 48.18523578533203;
  -21.31794230495712, -7.60340352324006, 46.29597400347569;
  -21.32124928997958, -7.569111449307339, 46.83618440056013;
  -20.77414866680281, -8.855375421686873, 45.71589620791024;
  -21.93497479644535, -3.632876464062796, 48.35749655896418;
  -20.91797313218394, -5.844319074860183, 46.27252264055481;
  -21.83419340927523, -3.168304471196224, 48.39923176667121;
  -21.62546070505508, -3.95910084854865, 47.95205390983966;
  -20.82790868560909, -5.680161250926018, 46.42834201801362;
  -20.62057018344034, -6.262874294948161, 46.00673693432433;
  -21.21864351820183, -8.809608828623105, 47.32655300637769;
  -21.0068218010127, -9.545050021517088, 47.01312487080021;
  -20.18571262903948, -5.942031468051988, 45.40190958011621;
  -20.70920567895218, -5.879005204516592, 46.57988473519285;
  -20.80539416502393, -6.531455568233311, 46.86147571049369;
  -20.66894496757137, -5.743954683686062, 47.09824419537269;
  -20.52385616151433, -6.35808550491499, 46.84211782668963;
  -20.66539271028441, -6.675239085779819, 47.1630345142968;
  -20.97634821928306, -3.201470997824385, 48.17836076959627;
  -20.62358959938306, -8.026767530858411, 47.36866401554747;
  -20.34015935705463, -6.873426222006741, 46.77428469112989;
  -20.16246006274217, -6.344848248538622, 46.46176567079014;
  -19.82104851237049, -6.843253916859284, 45.9017498513146;
  -19.9206470773949, -5.972109068127544, 46.22554655338948;
  -20.88324420826807, -3.518412925024029, 48.45682255724281;
  -20.20694361222873, -5.70878052386308, 47.06128422634304;
  -20.68731884180814, -7.465645522944681, 48.29197124835805;
  -20.26739017965707, -2.803428059551527, 47.5655951293772;
  -20.21547653188789, -7.311841773804612, 48.21854963799977;
  -7.448994010715562, -4.368395944010889, 19.49398777903178;
  -18.57723710492829, -2.117237798327078, 49.07700171255029;
  -17.81393062977376, -1.414592569155486, 48.45170225749754;
  -7.364205304462568, 1.316387509327796, 21.29232619796852;
  -14.71237032041994, 0.8426476082886162, 41.69109555258748;
  -19.47031746592218, -3.005597815952161, 54.89685747260357;
  -17.48294188407414, -2.182464041106071, 49.65815265883992;
  -14.30887768605186, 0.1415683042791314, 41.06758592214561;
  -14.5250330253793, 0.6377433915588027, 41.70875866018422;
  -14.33835825600473, -0.164104268832324, 41.27814534199155;
