m=[-14.76982722725909, -5.432054866344829, 22.73066921099296;
  -14.78825050862002, -5.330931683252886, 22.97827429561608;
  -13.4858661746028, -4.054342546119317, 21.50921559352502;
  -13.22909950501341, -3.551029285099211, 22.08302991387833;
  -12.94438785774008, -3.903685493389532, 21.68895345670298;
  -13.1054033583125, -4.14300643713363, 22.00024451999074;
  -13.08969003093561, -3.86379898812064, 22.03319345197673;
  -13.20948784070438, -3.670339119758217, 22.22871704916307;
  -13.85356795621582, -2.919078842331547, 23.3108570982734;
  -13.84054922488041, -3.113544839038531, 23.29431241251456;
  -13.12164939409707, -4.232317807295786, 22.16224987582181;
  -13.88660426936202, -2.249286265380418, 23.47719462223071;
  -13.77881988882838, -3.953688496642487, 23.36690976284899;
  -13.54983573080734, -4.076491395875289, 23.07980909095863;
  -13.58422533563569, -4.539805286276606, 23.15340306887351;
  -13.52698761249261, -4.402814154588266, 23.08579884196586;
  -13.55890747979196, -4.59889326849874, 23.41982666092255;
  -13.7477830522452, -2.326091119987406, 23.78581587758117;
  -13.40488176587564, -4.707217900546604, 23.27963655598602;
  -13.43541489479891, -3.855807278134231, 23.53988645931391;
  -13.35168373960812, -2.32784876903591, 23.39442107653915;
  -13.39477070361511, -4.544606145965608, 23.4702135574751;
  -13.21069621881887, -4.942784440330337, 23.24952951714032;
  -13.16239237669917, -3.314766932715664, 23.18125525712468;
  -13.33956761449415, -3.606037168031496, 23.514574438664;
  -13.30339294156142, -2.716257591068764, 23.60340053124671;
  -13.20091036361961, -2.164478778868531, 23.48762322709623;
  -13.01253093184239, -3.315835646770883, 23.25466599462183;
  -13.19651027582225, -4.055704937302224, 23.64121717094072;
  -12.92752842675711, -1.701057263013947, 23.31040456387752;
  -12.85943727173434, -1.588727754613966, 23.2257875290337;
  -13.13700537919813, -2.059545155136926, 23.74410441042316;
  -12.95866301579668, -3.738252456914644, 23.50689263993699;
  -12.90941206220055, -3.917806764911796, 23.49795882905982;
  -13.13806507267318, -5.000253370457599, 24.03278169114815;
  -12.4682403386286, -1.746522748224609, 22.874751076156;
  -12.95506983010509, -4.741420035458156, 23.75571837022488;
  -12.83124654372787, -3.843849069199596, 23.61700300448664;
  -12.75809675185503, -4.295502866317039, 23.57986829928381;
  -12.50690829758973, -1.632040900134574, 23.29021057430626;
  -12.64270371865972, -1.803257952080902, 23.64883553307119;
  -12.33636201449582, -1.353456372233455, 23.10151707002413;
  -12.54035371330407, -2.203592997907436, 23.63279612917767;
  -12.66759824591407, -1.703513100452571, 23.95298504328175;
  -12.36635614737932, -2.337177711219707, 23.63654169145416;
  -12.33092175915592, -3.010633713772567, 23.57512661322909;
  -12.32094736650756, -1.72384370783056, 23.59433437847859;
  -12.30754631794162, -5.001360832851138, 23.64523683694258;
  -12.14478490665172, -4.519652066096019, 23.35412958264318;
  -12.07427088161036, -4.767349352956277, 23.23261140761896;
  -12.2005259748678, -2.448394613134768, 23.48738176947828;
  -12.14977293836431, -2.594861684942755, 23.42924669664814;
  -12.17991658452761, -2.91742490456937, 23.48734208499156;
  -12.15109663149185, -3.55814323329394, 23.44201069251074;
  -12.16088390904744, -3.243636227259436, 23.47023635354396;
  -12.12349453109464, -2.323095773574065, 23.46329395841683;
  -12.59197204227028, -2.033148732435866, 24.37876652563379;
  -11.96450314903964, -4.384592334182968, 23.22883591883958;
  -12.06101627533879, -3.957885438662825, 23.43420787034095;
  -12.12194524525331, -4.699893137207178, 23.57399323330968;
  -12.41725209671502, -1.80368323687774, 24.18084409796353;
  -11.49485450988468, -2.844378686785398, 22.7649393644154;
  -11.35588935248659, -3.638310221083012, 22.5119250008058;
  -11.37857335301013, -3.512395520929289, 22.58863723294208;
  -12.16915155936729, -1.834509481816653, 24.13319405084719;
  -11.80767555246683, -1.434189295916934, 23.54981385665983;
  -11.47235777023118, -2.609823531168243, 22.9311469607624;
  -12.791878225785, -1.382916284584705, 25.45863176682466;
  -11.36529249890165, -2.693971768188711, 22.80931841113605;
  -11.26055846382068, -3.089627893132727, 22.62259434062908;
  -11.32746213482994, -4.007655010633574, 22.87649304410043;
  -11.39298544409807, -2.683299256490851, 23.0723353672254;
  -10.51954983088347, -3.608138222856626, 21.68712422541209;
  -11.14621233401087, -3.048836234651647, 22.92662533674623;
  -10.75837156046116, -3.292241187908833, 22.16364701707641;
  -11.13799049097906, -3.949671401722328, 22.96362611381361;
  -11.01385655782478, -3.638535591151448, 22.75119924936645;
  -10.81621021502585, -3.447678774436047, 22.51453068970271;
  -11.09416591442192, -2.915725114721343, 23.10034102667643;
  -10.66028861275275, -2.357184008560526, 22.29470613807171;
  -11.10148750216117, -3.035581791159997, 23.33914804056468;
  -10.86641462488633, -3.077393838117111, 23.0733964855952;
  -10.83065750257532, -3.830323191921981, 23.0817294893788;
  -10.52250676940872, -3.457620195663337, 22.4567221291159;
  -11.20146923105722, -2.04481063830192, 23.85708864095026;
  -11.34673432826492, -4.817499297492258, 24.21114983878736;
  -10.27367556673925, -1.488998917502851, 22.10620161467231;
  -10.51324732663928, -1.923673131382466, 22.62381631688012;
  -10.54398953242417, -4.355729214462172, 22.82090070932792;
  -10.08622626404437, -1.234507252839775, 22.99978881923065;
  -10.6390222801737, -1.475298470307402, 24.21253439931621;
  -10.10768050734418, -1.015047206984826, 23.10174958709823;
  -10.26628242612517, -1.131946300335915, 23.83576388104868;
  -9.087074484860001, -1.035806611047827, 23.27285843994831;
  -9.14738909017847, -1.157146731194416, 23.78354159859017;
  -9.440512283829159, -0.4117318270701059, 24.64460264759099;
  -9.167030258805527, -0.4963124009897711, 23.99747492644705;
  -8.934086583463603, -0.21934410370894, 23.52325841061005;
  -8.862790831182062, -0.7075047379237381, 23.35291523690736;
  -9.200374927753789, -0.6006423707041214, 24.25543879216555;
  -8.772582592839351, -0.5915337044242111, 23.50024083135139;
  -9.528521486997279, -0.7932571689903636, 25.51448878571956;
  -7.688330017471881, -0.2777364688573166, 20.81883298388307;
  -6.918665690408826, 0.3781013826628518, 18.89219575033616;
  -8.781126170516517, -1.190639054022426, 23.87888030270393;
  -6.853317042820492, 0.05678345120882612, 18.9429416312105;
  -6.737593482703621, 0.2836383873245554, 18.64220745948024;
  -8.494676998490162, -1.306111470949945, 23.27554038754382;
  -6.910229668067881, -0.08793497301188373, 19.16177885318986;
  -7.041607390535911, -0.1686824343475782, 19.50716384552469;
  -8.792978739243463, -1.096627659993526, 24.20239979074438;
  -6.672250905408308, 0.1216633404195187, 18.77139101532459;
  -8.460558297875199, -0.9039849195535538, 23.63171420256709;
  -8.517473620590275, -1.264912080707526, 23.82886719755727;
  -8.32035590954443, -2.19558379141378, 23.46269853312531;
  -6.704142834269706, -0.1613896070796325, 19.14584569153735;
  -8.302132343315273, -1.032502337839248, 23.67557914627792;
  -8.195544387881592, -2.083566316396926, 23.50766550407986;
  -8.135100573158697, -2.060147509029465, 23.36333576547397;
  -8.15754290775979, -2.221214094686814, 23.62581646187413;
  -8.142189359582817, -1.262341742717065, 23.89061366232431;
  -6.458805493883689, -0.2682201134367638, 19.16745112108565;
  -2.486283686477165, -0.9291580892738778, 8.020793831239354;
  -6.691345827927314, -0.3016134532995908, 20.02999109741523;
  -7.959229385501964, -2.206237380676212, 23.6434455960633;
  -1.991889661426471, -0.9916548029037695, 6.592317732738304;
  -7.921556332746063, -1.465567697283467, 23.99942562662671;
  -7.795841006167808, -1.745416552233082, 23.99470676120565;
  -6.910504284793219, -0.9650880934047558, 21.39967249883066;
  -5.822412025547504, 0.7917123092546626, 18.41390269529309;
  -7.566190396318341, -2.078728144169936, 24.01733547143546;
