m=[-25.35314481603698, -4.677718572205623, 33.98938473161461;
  -24.6794384141196, -8.995233006502785, 37.36280083648148;
  -25.07942934155006, -9.048068274049109, 38.33480029714313;
  -24.73620932291139, -9.097496142639749, 38.06886722515319;
  -24.75210630832893, -8.922744963604728, 38.46030927157359;
  -22.67442811719701, -6.808444018924225, 35.62951519833367;
  -24.56023724138006, -9.479646059324667, 38.53099970266696;
  -23.9726931398549, -5.556481114614024, 37.69742286383194;
  -23.68988975276595, -7.122043678469461, 37.78407256025509;
  -24.08442442350491, -5.625341124834992, 38.50543988487428;
  -23.0242769825822, -5.837077142775343, 36.87855504226235;
  -23.37087913057586, -7.23795948171255, 37.40683436795019;
  -22.40713614221377, -5.505507829414838, 36.08302528849695;
  -22.38679070473712, -5.863643091386111, 36.35175022846032;
  -24.05288504278922, -5.57885764724687, 39.21780426316073;
  -23.99910731853971, -5.526740723607929, 39.14190498115222;
  -22.45466367787355, -6.05352093734003, 36.99765148945467;
  -24.37121436880269, -4.280138362149427, 40.41186710952141;
  -22.29753634224905, -6.26268888117245, 37.14875301451105;
  -22.8590911849428, -6.135965807629082, 38.15815235571112;
  -22.80254545695592, -6.876645453685819, 38.2067775274941;
  -22.70739394259203, -7.178480257535673, 38.11925550783715;
  -22.79279025776171, -6.333119855996313, 38.3553466652564;
  -22.85831773717554, -6.747290786436301, 38.47621567047458;
  -23.3944460221841, -4.92943280945791, 39.36491955285201;
  -23.42618200449678, -5.868706000289094, 39.44251321445538;
  -23.07832003321263, -7.443788650760404, 38.97890272242242;
  -23.48411480506513, -3.80384548022241, 39.70309249942019;
  -23.18256617438816, -6.651995304811644, 39.31431982120675;
  -23.17763985169568, -6.973032832959964, 39.47911351721295;
  -23.61382294141935, -7.685914770440473, 40.30047058015694;
  -21.955490011879, -6.53721259359305, 37.85355174465147;
  -23.31550184027186, -7.908122732211566, 40.2720508584786;
  -23.09942793365178, -7.404360164005814, 39.98368182550071;
  -23.35760602466235, -3.95204955967488, 40.41231332589041;
  -21.52379062608546, -6.482518420158154, 37.53494702323956;
  -19.0264967451452, -1.477175897770363, 33.2621437340033;
  -22.79769478937525, -6.542672346321436, 39.9433252399027;
  -22.63267903002742, -3.945978278660198, 39.65630355278022;
  -22.79641804014723, -7.73441694700258, 39.94370725609603;
  -22.44339694107491, -8.397201127861578, 39.49817715913462;
  -22.38142289881591, -5.636452584672536, 39.41756653247695;
  -22.5811589678056, -3.702505209244557, 40.17736195896394;
  -22.55961332396036, -5.74861035326384, 40.31623636972523;
  -22.43516774031524, -6.895036541615593, 40.19204029924705;
  -22.49874585557422, -3.527225702204382, 40.6647143148949;
  -22.1198678939314, -6.381032549447214, 40.12523199024383;
  -19.67311189966636, -2.003912247761671, 35.81658172202059;
  -21.91737827359275, -6.651585095872707, 39.8944312748216;
  -21.70885114086134, -3.040926492078386, 39.82795907919982;
  -20.43793554216689, -2.290573933485842, 37.73105161615176;
  -22.2287649678244, -6.659058201386902, 40.91393671238854;
  -21.86105006332598, -7.360361426484974, 40.40419910613434;
  -21.91454590468239, -2.630121091856869, 40.54928288471289;
  -21.56408850914884, -2.81392280039626, 40.15637999983115;
  -21.89051011469372, -3.122293879367572, 40.94733887288343;
  -21.44462238917402, -6.862199875357232, 40.40441712406533;
  -21.62813535903571, -3.800499469516812, 40.75908266064999;
  -21.86664932570828, -2.940582963417036, 41.34734257256066;
  -21.71965111719316, -2.624376633078012, 41.11651629250044;
  -21.52061310321641, -3.344447501842798, 40.90774650350639;
  -20.6999959938452, -5.879785465109135, 39.60716127330867;
  -21.39059977249624, -4.653828637524079, 40.8896582365353;
  -21.26936976526944, -2.975831983427602, 40.73036003914999;
  -20.9612656960638, -8.517932864201706, 40.27074763578066;
  -21.18959989636645, -7.885657892459458, 40.74709149546702;
  -21.02394435413645, -4.21907319483991, 40.47345240386007;
  -20.95057087827827, -4.386306705250632, 40.33988682844625;
  -21.05455072017903, -8.313081571286029, 40.51194478243182;
  -20.9494966014569, -4.474243784285688, 40.39836189006219;
  -21.13935070254862, -5.063455712363833, 40.76441393991883;
  -21.04666645225158, -6.162987267041369, 40.60342823187757;
  -21.13324115678293, -5.636806265747883, 40.78668693622862;
  -20.97080699262651, -3.700305996459257, 40.56969190369397;
  -21.2800143791115, -2.937462342568436, 41.28144603800043;
  -20.87412907238851, -7.64967380370383, 40.52669075607307;
  -20.71193052501672, -6.796728099867943, 40.2426855448106;
  -21.28648119599873, -8.253146245445979, 41.39660372347785;
  -20.91017888444532, -3.037333770807993, 40.71961910148094;
  -20.27184771700093, -5.016228046941603, 40.14730101066925;
  -20.30464268144167, -6.267739706533476, 40.30858644983501;
  -21.14890539238132, -3.188214665836908, 41.94134942829849;
  -20.23813264865807, -4.603931979041462, 40.45232926591604;
  -19.71617727527014, -5.409647439009497, 39.61003194285879;
  -20.54115683796781, -7.267459307832653, 41.48410525925818;
  -20.13898005402193, -4.743173812570348, 40.78415653563064;
  -19.96513353508599, -8.712080468954351, 40.73303143756534;
  -19.73211110147142, -5.666854092541034, 40.55685757266817;
  -19.19880567066718, -5.875154844058834, 39.55204090533128;
  -19.40298016622884, -6.655097936754554, 40.00122134246043;
  -20.09255527059097, -7.125072606593914, 41.42559892457117;
  -19.53701716601197, -6.454245334525292, 40.35739597193532;
  -19.62399668202793, -5.157501737252376, 40.86120751735964;
  -20.03287532570596, -4.429633669275222, 41.89633927480617;
  -21.21027812709135, -3.188383715097728, 44.37341437689626;
  -19.44000463468764, -7.131631410282557, 40.82781112335545;
  -19.52002985567574, -5.337541224205627, 41.03782186568863;
  -19.63134954447619, -6.977847532525503, 41.35229719878112;
  -19.58557409840879, -5.546680034497563, 41.58738021422748;
  -19.68876374645105, -3.594152939520817, 41.93347963921317;
  -18.80421011548611, -6.178928470525954, 40.131209290228;
  -19.39350976030376, -8.233930304813896, 41.38099625167651;
  -19.19524230315153, -3.190546131668853, 41.07900844447434;
  -18.95125376419012, -5.279825168191454, 40.64993945475352;
  -19.26404012725185, -3.524859184161714, 41.45494648980853;
  -19.36624171228199, -2.806815609307658, 41.6709717013247;
  -18.83888228290852, -5.125464766044779, 40.72136938950837;
  -18.80139980411128, -5.695629186971113, 40.6676398031381;
  -19.14006287396287, -7.906772931668069, 41.42582587679951;
  -19.02483781521205, -8.62081022573458, 41.31880338698387;
  -18.76308885318611, -5.505709691503025, 40.89389539980024;
  -18.82211039415459, -5.329087557931283, 41.05314391180297;
  -18.67451870217566, -5.844198005703003, 40.79647922783727;
  -18.67038516801648, -8.476445599373797, 41.09959317140245;
  -18.66427841343306, -5.175719267829813, 41.25039101176787;
  -18.45101911452152, -5.702583964875456, 40.83982297009427;
  -18.482584568901, -5.954320414063081, 40.91659189757731;
  -18.31685198414297, -4.936356641353378, 40.9870676279788;
  -16.91892973139083, -4.772377274601476, 38.21065348312479;
  -16.49328071640526, -1.660895588666888, 41.95072462110711;
  -15.96507159770891, -1.819807544695564, 40.88806049693596;
  -15.79904207621934, -0.5269447389355357, 41.08553482626579;
  -16.39136922583668, -2.073511811129005, 42.61815125576246;
  -16.31447232802308, -0.7115278596488485, 42.58918116318225;
  -16.65052167913644, -0.9014762861032848, 43.58777763644079;
  -15.62149976206667, 0.05682647931681591, 41.04231725333241;
  -15.65271991653628, 0.5766977757122327, 41.15483961962964;
  -16.1281446922309, -0.3959681170488509, 42.46505915683371;
  -16.13269685891524, -1.287851612497959, 42.50867581839584;
  -12.33123710769944, -3.735576145538998, 32.85895503375222;
  -16.3526414675352, -1.067574899443024, 43.11134027913639;
