m=[-27.33651398913786, -6.264455199393498, 34.1576267919646;
  -23.81548885781115, -6.6315296484811, 34.08922130634393;
  -25.1069361902762, -7.432066955292843, 36.07289628228553;
  -23.92587794799353, -6.481116861076565, 34.86972691495956;
  -24.81491493231919, -6.868131847781401, 36.31321937187605;
  -25.26261646090814, -6.132031687581748, 37.11027017936431;
  -23.9621328033565, -5.972792260037783, 35.26123052849132;
  -25.07746509229884, -5.61659951126636, 37.08879957738012;
  -24.79029894238079, -5.386557135673329, 36.70790904784318;
  -24.80678650045298, -6.034950499606302, 36.94770982722283;
  -24.90091257922036, -6.587290571543148, 37.1346982553374;
  -26.88930489614971, -9.879557168081179, 40.11910643740199;
  -24.62216440792083, -5.596395290387818, 36.848187165779;
  -24.65955175057563, -6.277966595248655, 36.97426431075214;
  -24.51506542023927, -5.870245228185665, 36.86458872638949;
  -25.44318973090131, -5.536893912233952, 38.28889183157276;
  -29.55534600712134, -2.329574772627971, 44.44265743463626;
  -26.76291204369515, -9.631446343206909, 40.32382344362388;
  -24.31639364861943, -7.053421382000519, 36.88747405199585;
  -23.93641742977881, -7.193178382653462, 36.98319122604205;
  -24.35649690939563, -6.175886144478842, 37.75146601542568;
  -24.59662264547961, -7.629155588065154, 38.12669312638175;
  -25.26849426239595, -3.559010103027344, 39.16090156103197;
  -26.90607731293575, -6.291787360306342, 41.70070721020041;
  -24.10302099603223, -5.930007619960861, 37.52424687090018;
  -23.47858663262029, -6.144137638624803, 36.86234074496589;
  -24.06410094478846, -7.754085451309059, 37.90337424366129;
  -22.47117981265602, -7.404815521107748, 35.64224622045321;
  -25.48176522307055, -5.98158561244989, 40.3216608777008;
  -23.20452768286662, -7.43377283160049, 36.89169785186682;
  -23.62311915368123, -6.366796306441457, 37.65652018440033;
  -23.94121080381462, -7.302740041424311, 38.36333112730815;
  -23.01799213460478, -6.487582312376107, 37.11254623474042;
  -24.22772605926651, -6.497648699006814, 39.16897916784901;
  -23.26569173544243, -7.009297580505095, 37.75656424471987;
  -22.48418053812301, -6.932119518721531, 36.56031575083183;
  -23.92410495951452, -7.562953475115778, 38.89756023829385;
  -23.44366193793486, -6.917635368423105, 38.23002061731343;
  -24.10978889341796, -6.716329085977497, 39.3065405876936;
  -24.85623905679677, -5.252898422325125, 40.55710051126223;
  -24.8548623924495, -6.553116929069176, 40.59147148220247;
  -22.97106089634761, -7.40356978057806, 37.605508358529;
  -25.02871742917461, -4.078747559258546, 41.04393008788579;
  -25.31800938917231, -7.242979376860369, 41.62188281071719;
  -24.3371460309937, -7.311798771726283, 40.19372637519867;
  -23.82379000131666, -7.755438906494725, 39.45847119716954;
  -22.44822900687001, -6.670126805687428, 37.45570414958521;
  -24.14500499071621, -8.195012005692144, 40.46979628474205;
  -24.77428696082182, -4.229616154492156, 41.59771890633284;
  -23.57506483413182, -7.098570449002371, 39.77209307354693;
  -23.98569087558931, -6.82380995790114, 40.74267635217424;
  -24.18304732030642, -4.226635364473008, 41.07806779352721;
  -24.17235871909688, -8.196235890216313, 41.07630698536563;
  -24.13309174821087, -9.004922450930875, 41.16506218786988;
  -23.96937148019428, -6.032495272586383, 40.9111214017717;
  -23.64764089963486, -3.896211896681215, 40.80448357933207;
  -23.12373910015746, -5.904083138882275, 40.08246482745864;
  -23.89648721532556, -7.326521925677848, 41.51084085204638;
  -23.38683045327235, -3.683822697830704, 41.0050451818674;
  -23.41854961509944, -6.744247432443695, 41.18383742885423;
  -23.80546679454648, -7.2244667379444, 42.0013415836718;
  -22.3764927054158, -3.158428978930771, 39.78437427156578;
  -22.59862792870089, -6.7466147745558, 40.3458930194813;
  -23.11365281350214, -8.877570650799139, 41.45446435078606;
  -22.80972950807565, -7.668071180753346, 40.87500809726829;
  -22.58199370075591, -2.971817094399027, 40.75846416071746;
  -22.38165703016692, -3.206665757464963, 40.60685236569577;
  -22.48889715408559, -3.96864615087527, 41.09625721000435;
  -22.34911820649897, -3.016372839496976, 40.99877814836804;
  -22.37968747671407, -6.059724240443785, 41.47263241489675;
  -22.20201222724146, -3.137253621010646, 41.21958144332109;
  -22.89231413139294, -9.285672993498583, 42.62142577655497;
  -21.73237375506047, -8.073378517041764, 40.5152790663287;
  -22.01209693670745, -8.706642480826975, 41.06963362013992;
  -22.11572078901417, -4.442173076781184, 41.2595230253368;
  -21.94990099337994, -4.679743860774182, 41.01336698695994;
  -21.93430499578364, -5.260759215597587, 41.00382093052291;
  -21.95742132404686, -6.426332405663588, 41.05824017129181;
  -21.85999371849966, -5.833940801772926, 40.90005526121432;
  -21.45120862362643, -4.129621525506405, 40.25502140781037;
  -21.7887807555642, -8.00952332722793, 41.01688150257834;
  -22.25240387205244, -7.303667713794713, 41.89273992820551;
  -21.66440896407126, -8.408879712469677, 40.87823648771378;
  -22.67034536273134, -3.31489549192855, 42.78925794563835;
  -21.75431232778159, -8.275083244621664, 41.29788825210608;
  -21.33246736181509, -6.262621233031307, 40.59244722173062;
  -20.86584319668623, -5.166487968260793, 40.0206954964799;
  -20.37486009271891, -6.280565426031996, 39.17793889386634;
  -21.50629173434574, -3.256403425340847, 41.37766713280374;
  -20.72234246455032, -4.721174920404423, 40.12192959764285;
  -20.87721350513, -5.730701263174194, 40.59126720159146;
  -20.5129693183838, -6.22797986272519, 40.08915287007544;
  -21.81020810635474, -4.746496310244631, 42.57053287505697;
  -19.72108321249406, -6.949401973269837, 38.61026513305428;
  -20.49396050034459, -4.828488297800449, 40.20797369916216;
  -18.6826384199379, -6.391794196452584, 37.27626503075448;
  -19.86089857794783, -6.076918449621075, 39.58369476816881;
  -20.4005054990413, -5.278534957557671, 40.63290404211472;
  -19.41416544326326, -6.860772871923788, 38.792457437308;
  -20.08485588679195, -6.636250274945962, 40.17382031893298;
  -20.01961458706794, -5.264180833077679, 40.37477960624246;
  -18.18787263824179, -4.025766905439329, 36.87667083618432;
  -20.14989566751791, -5.509301473061002, 41.03245191363297;
  -19.27883089052101, -5.461138796037567, 39.66929931845353;
  -19.18643593208106, -6.286830751090301, 39.61456286998944;
  -19.75604565485233, -3.604533386901515, 40.78222025267942;
  -19.13729312664217, -7.494071884322676, 39.50923896371892;
  -21.17103700639225, -8.962074174992829, 43.76594833194207;
  -17.2732576554148, -6.709856759149451, 35.89623219897932;
  -17.10655261155129, -2.495760570040001, 35.66428144819805;
  -18.36069091466712, -3.37439246456617, 38.27484283783445;
  -18.86949682297283, -6.601848451951646, 39.49877759821656;
  -18.50511315497635, -7.627309450608323, 38.80000115618496;
  -17.52684720762363, -1.945627426090658, 39.45078677372089;
  -18.25084506267807, -1.769157681319088, 41.13042613917496;
  -17.76531126764779, -2.049683721030957, 40.86870942670021;
  -17.9064782574977, -2.644026653764366, 41.21085189683309;
  -17.73625915527796, -2.020856818326817, 41.38510131858384;
  -18.14680015058154, -2.746164957229792, 42.34824352612411;
  -17.34677048922514, -1.487363289692468, 40.70615956298685;
  -17.28304416561376, -2.774172588867485, 40.85645011127774;
  -17.47064134810347, -2.112141170909558, 41.3261298794082;
  -16.90157506884908, -2.380558703855409, 40.57762123976412;
  -16.9966369642738, -1.069977459108999, 40.80471225894767;
  -16.97655178063585, -1.444716825323896, 40.8228505544208;
  -16.39049124081078, -2.051681051253344, 39.65439631741263;
  -18.12066103103591, -1.434927836763358, 44.38227035011746;
  -16.15502777111831, -1.950176178673606, 39.72311898447256;
  -17.63712109456479, -2.071412147468208, 43.62965607541448;
  -16.21967460897156, -0.5473449307429698, 40.73170428815806;
  -16.62593979390468, -2.124235315435438, 41.81433072045873;
