m=[-35.97181185182306, -5.47157193598907, 46.68340509521155;
  -32.88954249122446, -8.640599856951292, 44.05507208540993;
  -34.24271124511864, -4.532907699923825, 45.94168351483312;
  -38.93214134693328, -5.38184283428592, 52.70345334349734;
  -30.88643989281936, -8.173650687177153, 42.32769089082468;
  -30.52798467268248, -7.917845453466219, 42.09086670945521;
  -30.44396832641087, -7.484412171787734, 42.071618334687;
  -29.11768547910126, -7.404331159572627, 40.38184148555902;
  -30.5947493790123, -9.241062972237831, 42.38221104145748;
  -30.32361938642637, -8.127020505778082, 42.27322944058238;
  -31.7250052968225, -9.914877426236487, 44.30000499846344;
  -30.49501850263749, -8.998497246348348, 42.733435990112;
  -33.10649365543173, -6.817069592136036, 46.44645160829663;
  -33.54895632883429, -10.1294872925203, 47.0730601339483;
  -31.80367932779695, -7.223201669818157, 44.82502060647558;
  -29.79475936591556, -8.206417193921155, 42.1698517285922;
  -30.08916545008228, -7.059234370720437, 42.72397493898428;
  -31.02297800978054, -7.021526016292285, 44.0806302366126;
  -31.2976451998602, -7.772908785203033, 44.51118098210405;
  -32.03337214215131, -7.736329145328926, 45.53887241187416;
  -32.1564799713541, -7.17510631008422, 46.0304187592517;
  -32.28041758814952, -6.989728833302696, 46.2499465894512;
  -31.72868523745274, -7.689718375518599, 45.73411848073128;
  -30.66020283684192, -8.088539063873276, 44.26537978825621;
  -32.18484641219908, -7.282394388679819, 46.60362119719795;
  -32.4184849055734, -8.245469581677863, 47.06449454565902;
  -32.09380943245874, -7.651308231507532, 46.69695555846477;
  -33.97548673085011, -7.440502460065607, 49.60959565028961;
  -35.18020598278599, -12.60392732362196, 51.42314439261651;
  -33.00063869996652, -9.589462909426571, 48.50358417521807;
  -37.70126271859203, -8.937698526598885, 55.77854123158697;
  -33.79993023461711, -8.519973659518097, 50.71105834169467;
  -30.45408326112218, -7.45761801172268, 45.89308217613544;
  -30.13533386067945, -7.847172755076965, 45.77196665846174;
  -30.89513719116572, -7.900034757829888, 47.15615358710543;
  -28.65417118562276, -8.131699940609266, 43.84532501918086;
  -27.56982662573018, -2.846469425636544, 42.30053060080472;
  -34.11087364380232, -7.994718795862896, 52.37452964130264;
  -31.723363406311, -8.500680571625036, 48.94335910090626;
  -31.62321731648063, -8.429854868611747, 49.53308942896658;
  -30.93515742085921, -9.276808901798631, 48.60115605631072;
  -30.43262763485494, -9.339696618734209, 47.86131438232755;
  -30.79901138481081, -9.688203779281773, 48.51618142039497;
  -28.18939496953398, -8.292772892006326, 44.53088315215596;
  -32.82127842421099, -9.409452143339275, 51.75524600692581;
  -33.78633452949925, -7.596695803430547, 53.50063779453616;
  -33.96130946289133, -8.918468759651827, 53.8049935206042;
  -33.18985332781576, -9.924983134953187, 53.15537746915251;
  -33.20610731403319, -10.8057550994837, 53.32239307541362;
  -35.03563574538216, -11.74479084780304, 56.22513017127906;
  -32.64968808859548, -11.01679141843359, 53.06469840601581;
  -35.12471399171576, -5.936850194573196, 57.20621255310906;
  -31.13088296011371, -9.31299187421758, 50.89491780161011;
  -33.00630774277308, -11.50994218399021, 53.91070552872975;
  -32.74663882454141, -5.704325460503052, 53.96694084182825;
  -32.49700412346503, -10.96252021032477, 53.57514834784205;
  -32.47439946682756, -12.04875235616715, 53.73766037002457;
  -34.41996554011685, -8.625705793804515, 56.9920828513775;
  -32.0159451018444, -5.255003749923399, 53.58176773983842;
  -33.00718324884231, -5.177870157640559, 56.13307757086319;
  -32.18724173095045, -9.223344713764071, 54.91295988885662;
  -33.27339798869291, -6.908925572891485, 56.91800908879905;
  -32.07731017532652, -9.663844815304151, 54.90985218339975;
  -31.19876345311861, -10.34684422866051, 53.63573299129;
  -31.36522934664593, -4.417176911673338, 54.04799261983546;
  -31.24953857081982, -11.35095726267563, 53.91825014820558;
  -31.60330944920443, -9.390921239488922, 54.70737302566706;
  -31.01118353632542, -4.019149282221402, 53.88505285571865;
  -30.48581647355255, -10.21438932108714, 53.00748742398304;
  -32.34743586114839, -4.242269944953881, 56.61343154238802;
  -31.31406796098775, -4.470919047200201, 55.08448246599298;
  -29.40555544734202, -5.161719333296887, 52.1110637615891;
  -29.45246810529601, -3.960062273174122, 52.39504068268527;
  -27.43876497382149, -6.667893109308957, 49.32133526708869;
  -29.08528495485303, -7.833261035350609, 52.28466480099442;
  -29.97085488263978, -5.645789738683788, 53.85987985402095;
  -29.74989565154501, -4.181275166215292, 53.56125570100578;
  -30.02848643539203, -12.08197245667289, 54.24011557931026;
  -29.93350766005033, -5.98197813019487, 54.16052604264817;
  -29.5737691349714, -7.04901301885583, 53.60290236194479;
  -30.11248960383141, -6.394650344722952, 54.56803598775517;
  -29.39251871507005, -8.552446442887534, 53.29601985994299;
  -29.53283413234403, -7.834871252122499, 53.57401364654609;
  -29.76571051893216, -5.714408059762496, 54.14939865471927;
  -29.81238190863793, -4.884191179574569, 54.36429183796768;
  -28.83223492776265, -10.52509602192037, 52.61824594443534;
  -29.0552487838654, -9.47160269972613, 53.06027060273394;
  -29.82981616769827, -11.48557471797191, 54.54738225354095;
  -29.30186590607533, -4.276306037114136, 53.69707796361085;
  -27.25055884103327, -7.9734541163442, 50.28798715446178;
  -27.74192712645557, -8.676173777969883, 51.45157164269052;
  -27.52096749227056, -6.773882450628949, 51.14283022438618;
  -27.850270880057, -8.840678938772106, 51.77321728296931;
  -27.1212433367031, -8.314989842145243, 50.50526649922984;
  -28.57173459751049, -3.832976498064706, 53.41450432464055;
  -27.17265878728964, -6.155390792210865, 50.97602080685052;
  -27.00416203073407, -6.366737137190889, 50.84937937984164;
  -25.86187311621162, -7.811714814318121, 48.97893896881029;
  -26.98878202594324, -4.907708858837768, 54.00080995272977;
  -26.40655527148954, -3.34592192331356, 55.16368003690132;
  -26.31443294691928, -4.024933199825817, 55.03774876850999;
  -26.19242126674553, -3.241323656892775, 55.97525177602739;
  -26.29974422746582, -3.645715974863665, 56.21640111447885;
  -25.53576148322895, -2.589615690418089, 54.69935352645793;
  -25.44724711317889, -2.82313198161743, 55.43864919498156;
  -25.31652702936441, -2.438729063877501, 55.26629661483614;
  -25.12964733194099, -3.264130009263445, 55.09349933617838;
  -24.74244317226376, -1.994546984056593, 54.34358240800919;
  -25.88678407174628, -1.898078975627879, 57.09805924762496;
  -24.97175401073347, -2.858035208588535, 55.62740705604629;
  -24.39872392160777, -3.575568346781647, 54.38911343963805;
  -24.35540032681524, -2.747164243057048, 55.03853196663703;
  -24.23996481314156, -2.062350973039755, 55.06720471227254;
  -24.13337906623559, -1.337611611732636, 54.96412642044315;
  -24.28554581423117, -3.861682239617628, 55.5787260017015;
  -25.04202949863147, -3.004247034092856, 57.36934417259119;
  -23.59193889371236, -1.473153202309315, 54.82581674709515;
  -25.34762810625834, -3.543748405802889, 58.90519767485433;
  -23.62855899242945, -2.001046006675636, 55.00838761909693;
  -23.69489365820924, -2.953972050428808, 55.46151579411541;
  -23.07724972126622, -0.858742802205668, 54.53661415158391;
  -23.15797334126204, -1.435914048304627, 55.00404278710487;
  -19.32730307342529, -0.2653819405275552, 46.11098743562403;
  -23.58288281398809, -2.833411787669756, 56.09513622235925;
  -23.29426526830186, -2.684199224799509, 55.84259704100212;
  -22.37371430101242, -0.3441813612774899, 54.13312082672761;
  -21.76618991492472, -2.750642777665799, 53.00482000060907;
  -21.36564559611146, 0.7436926196665122, 52.42337880459012;
  -22.70413807744077, -1.267976345658767, 55.68062609051818;
  -22.47756671999857, -0.6034299991805285, 55.38798319165699;
  -23.0356480875391, -1.866144676960532, 56.78969626332005;
