m=[-16.46175229633143, -2.54301396286529, 21.20173922507457;
  -14.9688124714903, -3.961280250116076, 20.51370340818283;
  -14.40200656066449, -3.540620987550207, 19.90265253128279;
  -14.79511176411359, -3.365424540484228, 20.4806420415437;
  -14.45497062973489, -3.87407061212688, 20.15123202150426;
  -15.33229016255236, -1.254268691679936, 21.4181509830171;
  -14.04545646598923, -3.62180204155278, 19.78227720880183;
  -15.46762657778191, -3.184991074662244, 21.70016483223317;
  -14.20966771141612, -3.913791012531917, 20.11157644013308;
  -14.64309086424967, -3.63667646222026, 20.82524942160577;
  -15.04340415282132, -3.633108792792173, 21.38581162531271;
  -15.03622163649717, -3.355046598382784, 21.52361138723669;
  -15.12811815923569, -3.275714863429729, 21.67489484771769;
  -15.42643229532302, -3.923631181882625, 22.39577946770078;
  -14.89399986303704, -3.550796423589185, 21.67098459145857;
  -15.96062246905202, -3.49531565760702, 23.30503852054118;
  -14.87181998329074, -3.96250362507219, 21.87231724112694;
  -16.71372624105786, -3.962261092252845, 24.72774652745421;
  -14.19852010429946, -3.697262510512607, 21.56585328764102;
  -14.17052923966025, -4.546146358480837, 21.61363010353031;
  -14.28183362483993, -3.651933355843497, 21.79878133413872;
  -13.71172218627428, -3.891217434469794, 20.98106107956662;
  -13.79999109850464, -4.52749063669497, 21.15708615357664;
  -14.38059028642296, -3.853462915977447, 22.18662584596511;
  -14.19406904404034, -4.309045823138568, 22.02925413427152;
  -14.65471846152841, -3.906533245327557, 22.95444745063654;
  -14.05520129728927, -4.313505807220351, 22.10457854864975;
  -14.1920371051609, -4.464277953601321, 22.35602429948557;
  -15.48717690467566, -3.482217690587692, 24.5239341164257;
  -15.25250471611235, -2.473313417261384, 24.2649869566071;
  -15.37842373365018, -5.004364983536759, 24.69468484971797;
  -14.98734664406832, -5.057091860890854, 24.35854907452228;
  -15.31989597566624, -2.58939980053436, 24.95089997550392;
  -15.29356655314142, -5.33316444194539, 24.97967871341089;
  -14.823394366765, -2.582172367383396, 24.42917122433862;
  -14.75456326527655, -5.474283799714711, 24.41540791131152;
  -15.18464750155862, -3.805300205150316, 25.14252047896889;
  -14.6921935544755, -3.953188372492153, 24.36623443637764;
  -14.44272707164315, -2.942397485503614, 24.1096253757724;
  -14.65858126292578, -2.406016728857839, 24.53254758299758;
  -14.58495194034516, -3.706151274089807, 24.50904439088162;
  -14.45826552110962, -4.406205056907441, 24.36677952581543;
  -14.60092451035799, -1.927511937928065, 24.751802935348;
  -14.72716525169849, -2.310265280394236, 25.04549095389734;
  -14.43323508881452, -4.135884139178166, 24.62378311641388;
  -14.31195081626229, -4.311722863814484, 24.49915842324988;
  -14.48652131441685, -2.040142183348919, 24.9629099929543;
  -14.16375050080678, -4.745618736749035, 24.6273484982526;
  -14.46065329280537, -1.874147248657958, 25.12684064761012;
  -14.26510704869616, -1.870826335478358, 24.96632700078026;
  -14.80880064549137, -2.019726503395504, 25.97865935351719;
  -14.37296859011169, -2.052124914412224, 25.28344567919567;
  -13.77783566764899, -2.418499486059515, 24.41639554332756;
  -13.9906920027263, -1.881133064214501, 24.88901351292701;
  -12.92997270449256, -1.449940151178056, 24.96518081001967;
  -12.65942797877344, -1.563310876032902, 24.48888805014102;
  -12.96060790884614, -1.272183963978422, 25.08390106084891;
  -12.90384824983354, -1.284761826072375, 25.280553633043;
  -12.87539078256524, -1.41962550575889, 25.24585427643072;
  -12.95893933448719, -1.912576163270727, 26.1148251671351;
  -12.85068073915037, -2.353984222573082, 25.91811752395991;
  -3.11225633612593, 0.3851984798869474, 7.156835589632476;
  -11.8637589086798, -1.503233216803411, 24.78356581329413;
  -11.59650676015174, -1.607527798842531, 24.78784089750339;
  -11.81431629338351, -1.46202683981632, 25.24811747447639;
  -11.53086871293042, -1.16936080260489, 24.69991210600856;
  -11.48830601285573, -1.274519164106521, 25.02809691196278;
  -11.31630986083839, -1.626599691571003, 24.7237686814557;
  -11.38713297026456, -1.479092880084714, 24.96481524198887;
  -11.07291411956847, -0.8926138501415541, 24.3202264531471;
  -11.53725644660625, -0.845938369054943, 25.4475391890163;
  -11.17729712975511, -1.279249696275436, 24.89869381846449;
  -11.12011682121804, -1.629623657622882, 24.78872654137564;
  -10.95128646643315, -1.235248946531839, 24.74780632511149;
  -10.98087342289199, -0.9342594002549897, 24.94582848445882;
  -11.05638442649527, -1.326414463448504, 25.32931779761495;
  -11.45731852767291, -1.82184595769017, 26.22066524815762;
  -10.76873614746564, -0.672432995521665, 25.02569870491326;
  -10.6995757369904, -0.9061214147036223, 24.9091114565568;
  -11.25857112655691, -1.574014866957266, 26.1637244702395;
  -10.69967160982665, -1.333896295974481, 25.04421478062447;
  -10.69072618454948, -0.3978196826839988, 25.26453611106563;
  -9.197476648468177, -0.1262899532156392, 21.9432958941953;
  -10.58908838881904, -0.6565782139991028, 25.15084814340219;
  -10.60269209897991, -1.273881272753622, 25.21996408612228;
  -10.45890131533786, -0.1608923240794679, 25.30527390315274;
  -10.24576333978196, -0.3360560431645961, 24.89103634250357;
  -9.901672201413581, -0.4468152363116481, 24.2442373431007;
  -10.18958654126361, -0.5690660734310314, 24.98938987623657;
  -10.09313214037563, -0.8176563883092992, 24.88256056088755;
  -9.844210485751939, -0.6506971367720953, 24.3215148894356;
  -7.716974190671049, 0.3971980344562539, 19.48937848855239;
  -8.281963050978936, -0.2895300885135205, 20.85801593156001;
  -10.03288809457004, -0.6898850607095494, 25.14561837180046;
  -7.539864710142371, 0.2972901378191002, 19.27638011490783;
  -7.769295385259193, 0.8728819349750538, 19.88594050061664;
  -7.686720143594856, -0.1129576045013611, 19.72533316480792;
  -7.700468391386252, -0.2132181912484378, 19.76352641992545;
  -9.805805980576366, -1.50377399961598, 25.11945343964633;
  -9.556346318677189, -1.198403840241035, 24.63335109154495;
  -9.568548723728194, -1.0264936981724, 24.99414220410904;
  -7.546550734952525, -0.1974131753426135, 19.93292019623764;
  -9.558237851033718, -1.423211127051144, 25.02001091105327;
  -9.380629065205042, -2.441991953162854, 24.72567673422372;
  -7.977936066536857, -0.5351679556324954, 21.20301317148572;
  -7.489812292942425, -0.2347951147299958, 19.97374573526604;
  -9.436320492987228, -1.174991397396212, 25.15901190216012;
  -9.693055654292692, -2.441112956256323, 25.98774057223167;
  -9.254750740771739, -2.492194527005575, 25.0539280472845;
  -9.263278559950315, -1.428961932251904, 25.40812854941354;
  -7.575331047295954, -0.3399705042988457, 21.00637647475929;
  -8.993978548400991, -2.463301082340347, 24.96154605740604;
  -8.94794362836759, -2.717543713541827, 24.93736212643491;
  -3.440167416858943, -1.715658090830191, 10.28614620921015;
  -8.62735770814154, -1.584709736091092, 24.424677634113;
  -8.844747884477838, -2.579107457823443, 25.08055375370311;
  -7.229312785748697, -0.3291028682638466, 20.94007835258459;
  -8.70830351478897, -1.938253129321868, 25.04444344112889;
  -9.097611154937461, -2.255613355458092, 26.17195949464684;
  -8.437310949819976, -2.134369182805686, 24.92317928279076;
  -8.481168648811666, -2.301847937949599, 25.13758592098255;
  -8.085245832876401, -0.6837828169179987, 24.21325747558081;
  -8.643995826464087, -2.93257442909935, 26.11696125149762;
  -8.268083196753953, -3.174282143921057, 25.03798196894793;
  -7.104164404135872, 0.1269827051854849, 21.66007922434526;
  -8.28969615853222, -0.8550579658117525, 25.23513356867689;
  -7.967121802579084, -5.22116435450069, 24.35690955380177;
  -8.131769863243454, -4.894788942338962, 24.86121016400481;
  -8.175514998282441, -5.226092651478443, 25.02305812838911;
  -8.194524096004518, -2.725884602365419, 25.08087487580563;
  -8.152845405637631, -3.817049295348026, 25.03537232320181;
