m=[-23.33615343125783, -5.247645478672829, 29.43953719987793;
  -22.52661235530092, -5.700419163593205, 28.67702871673545;
  -23.49841881851106, -5.307559613650612, 29.88504208766012;
  -23.99933496875622, -2.925504880275831, 30.74391787462526;
  -23.19035559708851, -3.716782228877853, 29.78786605890094;
  -22.21736358095876, -5.755075465294615, 28.61596271299222;
  -22.92767797416193, -5.200792428195946, 29.50776170262796;
  -23.01113529244604, -4.770676632698557, 29.67832403102916;
  -23.43036891794899, -5.109162200756382, 30.23710178589828;
  -24.23112820915964, -3.135270267055155, 31.34435809342252;
  -23.48126164815552, -3.833789797763819, 30.42638006324236;
  -23.45698640274285, -3.664884882478181, 30.57664365240708;
  -23.34069148372506, -3.879760822850362, 30.72266229335641;
  -23.6139657133319, -3.716174115778923, 31.08153314581001;
  -22.95253229097893, -4.766148926939765, 30.25831797019526;
  -22.96842341230071, -6.006073042676706, 30.3666447031999;
  -23.482985302748, -3.836909614145526, 31.13025382007443;
  -22.30059696275858, -5.407006993325656, 29.7253336391725;
  -23.88086554386037, -4.058184518877392, 31.76665350593323;
  -22.34910921355674, -6.471099362318048, 29.95061368129756;
  -22.3319738858085, -5.893382696102647, 30.03015674790403;
  -23.90855604347093, -4.157599539712613, 32.05426827299167;
  -23.00887561476427, -4.888103519602431, 30.90663103406696;
  -22.07082602256122, -6.585723777453881, 29.94435787471415;
  -23.11932460420052, -4.688407316767975, 31.35418342332057;
  -22.06119348946813, -5.482933705687662, 30.02013435588761;
  -22.1548337670465, -6.02214962811055, 30.24424077891757;
  -22.42447654319821, -5.175048743152452, 30.72012073214262;
  -22.40474237236725, -5.483318068439328, 30.77100435029314;
  -22.80242045276665, -5.427766523892929, 31.32047614882214;
  -22.81321300468994, -5.01246908080185, 31.5591365483108;
  -22.90586946287645, -4.883027118245606, 31.71947326939571;
  -22.12768260985532, -5.762515249358835, 30.84616623023984;
  -22.71954989126526, -5.066948897684359, 31.80012272471153;
  -23.0976500383482, -5.799249164154997, 32.4204496122848;
  -22.57902574171132, -5.30756474913859, 31.75724789550993;
  -23.3677382967826, -5.032391612688783, 33.02431838712025;
  -22.12558376876886, -6.360875659334522, 31.46140958664062;
  -23.42254199724133, -5.492823914324641, 33.61391352771896;
  -21.9043331503938, -5.282751630372589, 31.89139062177541;
  -22.25068779134186, -5.86282737875323, 32.58065473680129;
  -21.92413453627879, -6.770445620590867, 32.16400220641861;
  -22.08952115235058, -5.663171636685155, 32.41204919912409;
  -21.64710215134818, -5.900542314622328, 31.88165488917276;
  -21.99739507579938, -5.54252218475171, 32.45561332688285;
  -21.74424869389783, -6.071972539992611, 32.10959905894987;
  -21.26304787867932, -7.09661935967118, 31.5317117659128;
  -21.84008783974184, -5.994032738803701, 32.49291087878495;
  -22.59897637628568, -5.252611738238924, 33.61820225959868;
  -21.87059422957295, -5.78916539634583, 32.6423559813512;
  -22.26989756459285, -5.830410757142214, 33.74973323920607;
  -21.73482516673781, -6.428368844433839, 33.02418631882859;
  -21.62919674819838, -6.553089816668963, 32.88826221084218;
  -21.69433741829881, -6.737266030549242, 33.04975924463585;
  -21.68832437088145, -6.293361319242857, 33.07247635861263;
  -22.18274978635025, -6.263402175098828, 33.87073294489066;
  -22.93024195373008, -4.255827034411361, 35.16224074616761;
  -22.74637308309116, -5.014881291331609, 34.90197981202387;
  -22.22804364546224, -7.152666290390259, 34.1503241646799;
  -22.51432837439527, -6.872441497538001, 34.6391546766754;
  -22.22151916932934, -7.415281586410482, 34.23672454031717;
  -22.24902232918001, -5.994131304013886, 34.38981944119831;
  -21.50876687607738, -5.989471632366814, 33.50215467641635;
  -22.62420127818792, -7.263771375939924, 35.19513274683488;
  -22.13473172902358, -7.373692383430611, 34.84677339653253;
  -22.52957703668187, -3.769990138650824, 35.59289716098841;
  -22.02398881128719, -6.50942460157257, 34.85047738498609;
  -22.44887474414598, -7.728649909786683, 35.52607144390274;
  -22.43788530098945, -3.836766069004065, 35.82811236676276;
  -21.80008695643739, -7.989767072738321, 34.94834660383273;
  -22.15340649868659, -5.460300877087941, 35.57340212622398;
  -22.31106253270405, -3.584776118543606, 36.17200741472572;
  -22.12128158904434, -3.390076493300767, 36.47285293232113;
  -21.67119558077851, -6.125115523233204, 35.82585895002364;
  -21.46058120206241, -6.37015893293137, 35.59526233149899;
  -21.07282445493863, -7.545201149395683, 35.21539553652544;
  -22.23659807700398, -3.062522367445988, 37.11869178551252;
  -21.42321126551376, -7.040030865875703, 36.06593504724948;
  -21.18661229924816, -6.627983067702832, 36.34595121211533;
  -10.06468541430978, -3.704388778714688, 19.37182952276766;
  -10.0436600045904, -3.993002453133511, 19.35620908295146;
  -9.759861380699451, -2.760240361312621, 18.957125548767;
  -9.679854773983674, 1.408781792789922, 20.21472500587773;
  -19.94866805799034, -1.378863492373142, 40.1407197992762;
  -19.52924781664722, -2.405186873324277, 39.47983275761227;
  -19.71408184570541, -0.9369526358521364, 40.03436232777111;
  -19.29219611613634, -1.329682893242367, 39.73215007013769;
  -17.82707912148071, -0.3125091017692159, 36.95988362448218;
  -19.10620855295787, -2.579062653010437, 39.52597186993569;
  -19.45708912339318, -2.334144939824723, 40.24302381910792;
  -19.2652942407199, -1.887855066192495, 39.92168239870006;
  -19.33769130724556, -0.917918858879724, 40.40270724210127;
  -19.13287087591012, -2.049066781341128, 40.32848107695651;
  -19.05386141890782, -2.403035948796482, 40.40612010549048;
  -18.86442907668619, -1.477534865874982, 40.06305068621506;
  -19.03099431530803, -1.314198518659167, 40.64411390950104;
  -18.78588311988171, -2.082993257701638, 40.47920226442321;
  -18.83852479917986, -2.688594594805106, 40.60270197417592;
  -18.62631635277569, -2.039814739234414, 40.70009555218869;
  -18.66474320194419, -1.52470964400557, 41.00163409078683;
  -18.50437286753726, -2.146937556797962, 41.01857705423107;
  -19.0845292579038, -2.955241140664539, 42.2341920688479;
  -18.51731220132629, -1.098623867801705, 41.5992894204359;
  -18.37301637064916, -1.49611523002628, 41.34823870987535;
  -18.50655744305486, -2.492430627370553, 41.63645945601394;
  -18.25456663711025, -2.199753973566891, 41.3097029270878;
  -18.4160960944368, -0.6205844304816945, 42.06991742384694;
  -17.50152142134514, -0.2120304915582391, 40.20801451590216;
  -18.27591806125932, -1.057850776010779, 41.96794985406434;
  -18.16618359562415, -2.114488851239012, 41.77538351744932;
  -18.21454901810291, -0.2168003297985588, 42.58854093253642;
  -16.82299612512346, 0.6058239678363292, 39.84028320829472;
  -18.09195093440181, -2.185792623827058, 42.69297086543696;
  -17.74626999485896, -0.9330196667109434, 42.06113372196066;
  -17.02017401536099, 0.8696494968090575, 40.52260217181866;
  -16.04694735682276, 2.134440511509465, 38.43340795878231;
  -17.62274403650671, -0.4227209994816162, 41.96208732819156;
  -17.50819581740364, -1.357591226696072, 41.7241797931809;
  -17.46701287730483, -1.098004241208208, 41.67655300959198;
  -16.55554276882103, -0.1249157249257448, 39.86734290815844;
  -15.98668957892835, 1.418333943682393, 38.73541556085182;
  -16.0368773458961, 0.8638235219088418, 38.88089585068136;
  -16.50928586609054, -0.5350569214475816, 39.98438950949852;
  -17.29722178585028, -0.7440973937037492, 41.85432722510372;
  -17.45036482939264, -1.13476058080846, 42.2719519198181;
  -15.75045665750757, 0.6569094627767527, 38.65665331577536;
  -15.94690502395481, 1.82213575904998, 39.22415915176347;
  -15.72047310304474, -0.3883215369978604, 38.76086016404711;
  -17.16524843714212, -2.560232504936334, 42.47380241498914;
  -16.97564682315478, -2.036906633038728, 42.24512428464944;
  -16.94708500674173, -1.753001370706177, 42.75249812951895;
