m=[-16.00902167056973, -3.631401260125523, 20.60349927627792;
  -15.91451944547188, -3.29940374841319, 20.52555247267084;
  -16.34479909897339, -2.553687251059931, 21.30576746043794;
  -14.77909367090953, -3.864623814123265, 19.5394990106056;
  -16.16908680005613, -2.687674851101411, 21.28289102730608;
  -15.87261699918914, -3.295987367291256, 20.9248672909767;
  -16.47978879160544, -2.593455300322219, 21.69127827915185;
  -16.32326185493869, -2.667074885836601, 21.63895595745727;
  -14.96542595076956, -3.628520030609023, 19.94799870971379;
  -15.99349010813235, -2.717846798326286, 21.27475897732819;
  -15.17817601063427, -3.804097561850889, 20.28277129238673;
  -15.21635697211613, -4.015579425971707, 20.46167469751035;
  -15.29872019862426, -3.507753792012987, 20.57236376340638;
  -15.88471069358537, -3.221287607468303, 21.5426765807236;
  -14.72891185952521, -4.003627922013405, 20.10688779590516;
  -15.33466568961258, -3.752993364165383, 21.06085652773803;
  -15.83785337242034, -3.769958128928269, 21.75423042597424;
  -15.62936517683668, -3.434049806370962, 21.62121002761866;
  -15.5649699461242, -3.318108944294051, 21.55397981924215;
  -15.05626457997612, -3.920968850206269, 20.98855303688993;
  -16.13813600702555, -4.051887165767081, 22.65189854306873;
  -17.03348750485768, -3.994525765907551, 24.44492045872744;
  -15.37767277556513, -4.051858612890743, 22.51681620157153;
  -14.76965953697816, -3.786551840414636, 21.67158483269827;
  -14.56218210068265, -3.969342920708786, 21.44704916719481;
  -14.79231071242422, -3.727109960285706, 21.82501678217919;
  -14.64160970005269, -4.088596175086919, 21.62117549631684;
  -14.19010662936654, -4.735999561132328, 21.04300167679184;
  -14.82086437975353, -4.067600229517316, 22.04995826809743;
  -14.93661886234523, -3.953736059872198, 22.29324109553279;
  -15.26867895907065, -3.997444074096443, 23.13947966258345;
  -14.74746876780587, -4.468103394177228, 22.42425483610274;
  -14.51478429833898, -4.211795272804084, 22.13356146598742;
  -15.26086551716685, -4.739324776928403, 23.24882855291555;
  -15.30121504076371, -4.320368957456584, 23.36335095376478;
  -16.17029406284602, -3.001188333115122, 24.79623956526218;
  -16.0671181372146, -3.54230935444511, 24.65334718699949;
  -16.04609141346075, -4.149901876056532, 24.63395552966114;
  -15.88730144905394, -5.112306207978624, 24.40864806822265;
  -16.23331542988247, -5.417028605305458, 25.01069096644215;
  -15.87345615229377, -4.276483659264796, 24.53524846659094;
  -15.85076809023472, -5.089079350240411, 24.65810307358562;
  -15.83111763723831, -5.239798040823844, 24.63625646602106;
  -15.69192886939391, -5.227416252525277, 24.70384986637459;
  -15.62505668153103, -4.964833101149541, 24.66281239420125;
  -15.89644196420428, -5.472792563227004, 25.15663432401849;
  -15.44161290174585, -5.141438765404698, 24.66132448953387;
  -15.42191496172316, -5.652156737079483, 24.72331557457302;
  -15.25685530771072, -3.399238943814405, 24.48543139556444;
  -15.41979446578828, -3.80062168998936, 24.76073145986512;
  -14.38859147955159, -1.96492505199517, 25.08656687677723;
  -14.20790706061722, -2.782091813707933, 24.89548201595177;
  -14.18577283786662, -2.958286305670517, 24.89735672469075;
  -14.2076655970193, -2.469136610751693, 25.01738638119295;
  -13.7304290294513, -2.21004177364225, 24.24728504887499;
  -13.83796725099725, -1.870833452837205, 24.42732988738568;
  -13.37747137373919, -1.905707976070024, 23.73581758201618;
  -13.4391808059794, -1.423813151298847, 24.34680013174106;
  -13.35616629011298, -2.971579206900996, 24.23041731425026;
  -13.714542920646, -3.177499380635071, 24.97173622179896;
  -12.85060100159554, -2.276554686933471, 24.88268943825645;
  -12.82275151050463, -2.081468704831127, 24.94022810345253;
  -12.74440471858415, -1.799756589076283, 24.91508129250517;
  -12.74578783127178, -1.050030639487938, 25.19614226523266;
  -12.58038264191966, -0.8695633359882234, 25.31425221618773;
  -12.44866877386669, -1.533155552450064, 25.16591349863585;
  -12.44984496550213, -1.855299103444341, 25.19721323685118;
  -13.06720278467802, -1.012268051743611, 26.44183525053758;
  -12.11490747370178, -0.5757861096159743, 24.60234258767957;
  -12.03344038882304, -1.983992812989194, 24.63349519167846;
  -9.512182371845411, -0.1667487729556603, 19.72107438815564;
  -12.46757627201591, -0.8593071928824074, 25.67689072144011;
  -12.13784622161561, -1.638434218457559, 25.11017122980745;
  -12.5146188491424, -1.501300326853139, 25.88393881732221;
  -12.08300812049135, -1.184044625018001, 25.03849702890104;
  -11.89182546483791, -0.5644795279460732, 24.84587923119801;
  -11.89946752014879, -1.274393360480186, 25.08183188108991;
  -11.82714189398256, -1.491616135853375, 25.08094844222553;
  -11.79017932125444, -0.9234523319659254, 25.03921798146231;
  -11.31579218692384, -0.7814198818581063, 24.16691104004097;
  -11.66391292786684, -1.664649094684177, 25.13924978263332;
  -11.55569666525231, -1.265493398343951, 25.25018632456494;
  -11.48927493465936, -0.9385507266814077, 25.23897820304767;
  -11.36282266720613, -1.318351662609292, 25.18792830563996;
  -12.00110808278842, -1.85837270914764, 26.55853319502633;
  -10.9076504335221, -1.469023187960046, 24.54027154608116;
  -11.32809698519651, -0.6720909378963779, 25.4486601482155;
  -11.29606561504475, -0.9198389347240047, 25.42165141045822;
  -11.18683531060258, -1.348061880368583, 25.3155745935804;
  -11.16720124047885, -0.3763116344723317, 25.51046821396344;
  -9.909070000284356, -0.1200481336715589, 22.7651082907912;
  -11.07721955244796, -0.6411740991790921, 25.43720064520597;
  -11.06216788791425, -1.287602899442415, 25.43882173266963;
  -7.929460167266757, 1.054715307470534, 18.99153594293452;
  -10.7725920192214, -0.5663748054266429, 25.53254478737566;
  -10.60729049008047, -0.8224927718729049, 25.27847530050342;
  -10.49325639506174, -0.6596228048147373, 25.03706612366739;
  -8.924585943551367, -0.0673382406344519, 21.49126326410563;
  -8.027340266572628, 0.7121830396066052, 19.45007811272542;
  -9.514255763795241, -0.7660424992967591, 23.06785383056615;
  -7.838536749528514, 0.3269244236568978, 19.23827379856036;
  -8.074128571718756, 0.9225713937341358, 19.85970968242186;
  -7.616172060273948, 0.1425680635105817, 19.01887760585508;
  -10.20003723321889, -1.521356767522308, 25.2390384943011;
  -9.989209714486194, -1.198604550284258, 24.85887049195057;
  -7.942190678123836, -0.1801916515952149, 20.15776563974915;
  -10.01697621412171, -1.036153003699519, 25.26987719052045;
  -10.04341214522581, -1.440388284849218, 25.38362981608525;
  -9.753257995524216, -2.689066280072559, 24.74316524193107;
  -10.10773444317403, -2.571662110420654, 25.7102839823638;
  -9.852246876594888, -0.8628258546569978, 25.09565954360775;
  -7.462106612175275, 0.2608467049593943, 19.30473125066902;
  -7.659047949673378, -0.2708550406237005, 19.81981965909467;
  -9.826374090041984, -1.176859033675863, 25.29929277942225;
  -9.535850700913757, -2.338765225203006, 24.7291920617479;
  -7.384910412798941, 0.7814104684044758, 19.44311327779155;
  -8.000504840016774, -0.4089784319615258, 21.12176842160415;
  -9.489384690939666, -2.965951695260703, 24.98044321511584;
  -7.857882184159866, -0.3242441749470873, 20.94352129421678;
  -9.607769461929872, -2.759217113316928, 25.42595816953364;
  -9.969146189299137, -1.495492448850781, 26.39624793739066;
  -9.472818079432395, -2.534126604281858, 25.36755817199463;
  -9.404195235407897, -2.790418787462805, 25.28883154014918;
  -9.431558475518781, -2.101789493286773, 25.57448151957676;
  -7.026447164899488, 0.3001177766050603, 19.31700811342589;
  -9.161321400016359, -1.635285753521408, 25.0140305127846;
  -9.128746706121264, -1.734191214893538, 24.96576491208481;
  -9.145854207168659, -2.878574351426512, 25.0339578085559;
  -9.217822399847538, -2.627678426429108, 25.22430665755104;
  -9.46983160466006, -4.30051734540928, 25.97801680964086;
  -9.135227244057671, -4.715749601159233, 25.14464261397398;
