m=[-14.80598792562817, -3.750041951849129, 20.99479332847064;
  -14.89060223152845, -4.001328695937178, 21.16977614593019;
  -14.51442866016043, -3.614412809563919, 20.69411223408284;
  -14.03331131676771, -4.494943609319142, 20.06443494444859;
  -14.61093414279413, -3.96307487761636, 21.00436210134626;
  -15.52090264186313, -4.366782272381895, 23.16703033721565;
  -14.50230692825328, -2.187288640837115, 23.16453942519571;
  -14.94573856227187, -2.0288996412241, 24.18482785871207;
  -14.5093768538661, -1.572943085134279, 23.59945016048303;
  -14.36920783795644, -1.293451229411457, 23.46415769505972;
  -14.55166358677849, -1.680630469558121, 23.76148470644902;
  -14.13519741266639, -1.107711557718657, 23.17717872034149;
  -14.24793128325458, -1.95778694665221, 23.54314433116575;
  -14.12534773665111, -0.8610048231965414, 23.35417954630646;
  -14.45553976306881, -1.52260844266742, 23.89144368356245;
  -14.40026578335241, -1.008213485675019, 23.87843932472527;
  -13.98918111530668, -2.371951364090383, 23.24886946481273;
  -14.15353267122092, -1.193169160916115, 23.53054976508633;
  -14.44896793094807, -1.161922464216465, 24.00474522869002;
  -14.11646185994575, -1.824138717288423, 23.57099578426622;
  -14.1721572790126, -1.515236533371174, 23.79806697380388;
  -13.90660662720122, -1.102515196992649, 23.46477028106404;
  -13.07820213192579, -1.365184048316212, 23.30381897537825;
  -13.19448878967336, -1.49828533757329, 23.68211818491568;
  -12.99498012174824, -1.173620653384309, 23.3523809732897;
  -12.56948067550519, -1.338903430477009, 22.75942204283939;
  -12.74355155005951, -1.504120431338865, 23.09813877440724;
  -12.69750738626354, -1.176306550513657, 23.05057171398076;
  -13.00595239040806, -1.223787683666644, 23.90427886526616;
  -13.026226867522, -1.371323752160444, 23.96010947443213;
  -12.56280017955241, -1.55565542040399, 23.25797834176757;
  -12.86649276563026, -2.341807154849639, 23.86420982427819;
  -12.60068551476633, -1.060054678282179, 23.43691757579822;
  -12.68672088221814, -0.730805789664377, 23.69787053739801;
  -12.32900350453048, -1.96569062943003, 23.20627880852808;
  -12.54539135007167, -0.6791280671753047, 23.71803121845135;
  -12.3722277514044, -2.176824000832587, 23.41998858791541;
  -12.47043539221815, -1.73437835363731, 23.59614402960078;
  -12.17999671288774, -1.247190698407523, 23.48907052028198;
  -12.05581547687482, -0.9881747551179593, 23.37745951628725;
  -12.10258461037402, -1.467246341546766, 23.67621276446053;
  -11.46930896884166, -0.5263386572652518, 22.54501318607774;
  -12.02914833935468, -1.578869778497633, 23.70150439972084;
  -9.30240713991317, -0.1510428788661714, 18.56939400164014;
  -11.7858339240693, -1.908429204124949, 23.33619252176171;
  -12.08733607984804, -1.421660436752964, 24.20034836159519;
  -11.72137042581398, -1.127653613755966, 23.500967804863;
  -8.285491729144232, 1.089602576453404, 17.12132916896665;
  -11.60000188448611, -1.219571372752651, 23.66028268059833;
  -11.54755618534253, -1.586356027289422, 23.60568847807715;
  -11.316489626188, -1.403053231406372, 23.22295364064524;
  -11.42301310554248, -0.8773807821656433, 23.46051704604042;
  -10.82624023994609, -0.7262081917077922, 22.37063806311462;
  -11.07203685241985, -1.551173251090837, 23.08847579066523;
  -11.32184411837685, -1.233296201989733, 23.59937402235569;
  -10.78899467868257, -2.959691582973331, 22.58896496823114;
  -11.19907382821184, -0.7111356336249799, 23.544734670012;
  -11.19001908669364, -1.202061540261519, 23.65012949088779;
  -11.06187877569956, -0.8856688387943088, 23.50956115525272;
  -10.97906836561644, -0.5512317193054079, 23.38153166269547;
  -10.8995116757723, -1.238379405397589, 23.36972285468205;
  -11.02048888440609, -1.685564691386479, 23.64006151903028;
  -10.85372964112543, -0.6256534076072857, 23.59165059357832;
  -10.49045272085011, -1.384193007393959, 22.83996032145163;
  -10.80106886228839, -0.8612832615994124, 23.51274351782516;
  -10.38408772873338, -2.757413685169495, 22.6602505027316;
  -10.75265955894868, -1.2717967529727, 23.53498405844655;
  -9.729726565086239, -0.1146103206861464, 21.57266543119509;
  -10.66277657016232, -0.3469820255965197, 23.57239167430314;
  -10.62178735092119, -0.5900115432236696, 23.5939050490663;
  -10.86331602936294, -1.032714456345271, 24.1881095489977;
  -10.37544109329339, -0.8603713117040183, 23.6191030782928;
  -9.712259153262343, -1.144476672239442, 22.17989832338044;
  -10.21974519611723, -0.5214507927280914, 23.41779637129804;
  -7.900956531411398, 0.4295308553256758, 18.41073385039255;
  -10.37131332634363, -0.7843570881900956, 23.88172177515893;
  -7.79031850869175, 0.3354264739253797, 18.3606932505306;
  -7.969142082870051, 0.9090983432232251, 18.8392967298502;
  -7.919213617121785, -0.08608542702918057, 18.75345573243642;
  -9.981855915789296, -2.773717926624625, 23.65751638413134;
  -9.87237597659791, -2.858284053543507, 23.43463776093579;
  -9.762583377999572, -1.430083907851094, 23.34872594377589;
  -9.651276040631625, -1.138726855548011, 23.20348411373599;
  -9.580304289970904, -0.9979048057380916, 23.05673344287041;
  -7.642673369243573, -0.1679245983709367, 18.62786595848295;
  -9.603304503551478, -1.362152674357982, 23.45468653271252;
  -7.303275077065873, 0.2620013866277053, 18.14296925495386;
  -9.622994947556141, -2.410207114307629, 23.64631429572335;
  -7.548711413695359, -0.2571297734487127, 18.7623461959065;
  -9.454443671016577, -5.225707970047568, 23.33609848615561;
  -9.554009647153306, -3.246571512663914, 23.65750188107156;
  -9.341053356444837, -2.718146302620803, 23.22185130555329;
  -9.436242905678519, -1.116474525253099, 23.47226330123565;
  -9.469447539306394, -3.954011332949132, 23.62884381751777;
  -9.316633017688174, -2.953946151311693, 23.30481175329341;
  -9.292472485987736, -2.240130632321629, 23.26337350090348;
  -7.67933317341154, -0.379501768792135, 19.50656987091148;
  -9.265262049016997, -2.39860385505668, 23.3824514008095;
  -9.350386064308779, -3.157604505514994, 23.70976638749825;
  -7.626392091515732, -0.310132101067755, 19.54812071228382;
  -9.075485642580198, -4.153198876581406, 23.13634900615409;
  -8.801650911253477, -1.285778390286196, 22.51600259612742;
  -8.98909674490943, -3.45136224261415, 23.12787596354924;
  -8.937571784284279, -3.875291798652162, 23.01920433832998;
  -9.076151424672798, -2.753279670898403, 23.38378389093035;
  -9.048396344909106, -3.868338431222486, 23.34299278966937;
  -9.099486896857302, -2.394610225461523, 23.52595346041506;
  -8.639657709072674, -2.78851734128746, 22.41197864988232;
  -8.726167347588083, -3.931436642838846, 22.67704598313274;
  -9.004785744712287, -2.630693655543468, 23.37385378284493;
  -6.645460824931, 0.2805590449244158, 17.54809757751997;
  -9.091419872143982, -1.986147648645061, 23.79722249098277;
  -8.746036503843193, -1.632352555217586, 23.07707525498947;
  -8.899519021774097, -2.496009905202572, 23.50267469003967;
  -8.965264621289499, -2.774504543240932, 23.6757151463956;
  -8.84542780627959, -3.959277791158809, 23.4305940631907;
  -7.280123135080613, -0.2981741411524688, 19.46888316782064;
  -8.672395708220359, -2.330209461401221, 23.05484022089143;
  -8.266416872091838, -1.952722782671809, 22.17581883824624;
  -8.706615070893134, -1.846915556473298, 23.30950215558911;
  -8.732035553421891, -4.066940477651736, 23.59194126878898;
  -8.373986720394829, -2.562317493540174, 22.70845258312115;
  -8.530729290497565, -3.865626597360417, 23.40075499053162;
  -8.551512447962065, -4.224320575536038, 23.50213893383507;
  -7.65948780405596, -0.602678222515445, 21.30849788598508;
  -6.974527036755945, 0.1676094001013594, 19.65103474038651;
  -8.839940702356669, -3.6449182498609, 24.67370176585598;
  -8.130018064454305, -3.002332876437198, 22.88667795507092;
  -8.477780100306402, -2.76616978890372, 23.85894782015762;
  -8.617908798536861, -3.920201831780978, 24.32111112821394;
  -8.26841135598379, -0.7978654205449647, 23.41399558750021;
