m=[-30.75685969815127, -3.701091731738978, 38.09453836168324;
  -31.31675441703944, -6.995405300172232, 38.88502883061986;
  -30.39650418580637, -6.229138186971616, 37.84070216642719;
  -32.03095775661875, -6.898326419476495, 39.9371789784184;
  -31.17303953010669, -4.799493396431442, 39.25781852552794;
  -30.40341806404672, -5.797084673277687, 38.41723362966623;
  -30.65686650839479, -5.024705935341997, 38.98679544336584;
  -30.25043892064123, -6.216612129700726, 38.51215168695686;
  -31.36500905128873, -4.874278617915781, 39.91285856943434;
  -31.16927481444355, -5.023688162329489, 39.94120166908394;
  -30.18921756206525, -5.337928748971032, 38.73305817338823;
  -28.06178449546314, -6.734418172284775, 36.08343035595117;
  -28.29962299352857, -4.768535300311347, 36.43611195017061;
  -28.52687830305699, -6.511101050215887, 36.82717454354634;
  -30.69129290235067, -8.787335046469266, 39.69289989286981;
  -28.8426321580669, -7.532758839645751, 37.43000281046037;
  -28.68969818235597, -6.500805822704307, 37.24279298293964;
  -28.29543215682566, -8.138731642543702, 37.0580461860029;
  -27.99098102777003, -7.052100026847603, 36.66710741312441;
  -29.57637650338316, -8.770091415232246, 38.73950013566838;
  -30.64400280805461, -5.745341691377386, 40.06497493422993;
  -29.29605118846698, -5.893674197255919, 38.41719624978256;
  -27.06141770669406, -7.27830116793537, 35.65052782155822;
  -29.15638599642985, -7.058539098507195, 38.6660017298759;
  -30.36432397527101, -7.14559535790854, 40.30628459612487;
  -27.2500027744143, -8.513643673102809, 36.44215954221501;
  -29.49131664536431, -6.402084831124769, 39.42977246086566;
  -28.91477932876239, -6.0958871843375, 38.70937109326678;
  -28.50028183921297, -7.35291804802899, 38.36082292557487;
  -27.65841411092901, -7.635244044902169, 37.23814416822734;
  -28.73619979924699, -6.95547915990311, 38.8528420803654;
  -29.2555173753213, -6.449530122471131, 39.58075650358239;
  -29.19550536423175, -6.78741705616521, 39.68759608762358;
  -29.12366861221675, -7.267383603659321, 39.57809299224435;
  -28.37750900654321, -7.244232223621824, 38.74248064346576;
  -28.9274129458676, -7.557541894861014, 39.70039112338564;
  -28.52398018528934, -8.118604692568425, 39.18443981710559;
  -29.37427694765347, -6.763948727999565, 40.3958396305348;
  -33.14948287288362, -9.992137708701673, 46.0911101395374;
  -30.70192439704061, -7.186839714831507, 42.72863927779314;
  -29.25546244505016, -7.611693733953821, 41.41051756574728;
  -27.31296733615003, -8.339206630406617, 38.72033196020571;
  -27.48855416727892, -6.962266337158291, 38.97858869934246;
  -28.54308961072487, -7.66995731631847, 40.57934045762553;
  -29.75248960470029, -9.314924401034265, 42.36744133734781;
  -27.84100023702534, -6.933023010680758, 39.69462368129904;
  -27.82472397516408, -7.678559902859599, 39.68645677930672;
  -27.71253937696784, -8.876472484556695, 39.62261157922583;
  -26.95342440443701, -8.891564613783562, 38.57557593729275;
  -28.54506929292662, -7.742574560190433, 41.03577264649768;
  -28.29008577121174, -7.410674609783509, 40.80969209833121;
  -29.81364671168986, -6.904032795794695, 42.95881980530753;
  -28.8523088699179, -7.446191299981987, 42.2996462025889;
  -26.61305624557031, -7.788752533014045, 39.09288624601806;
  -28.19080596455899, -8.454320949842725, 41.43498666865762;
  -28.24129152922875, -7.615079475382432, 41.58011578112738;
  -27.21834595250489, -7.809033591609315, 40.12035589172415;
  -30.52162876934829, -9.382020290517987, 44.95662395805506;
  -28.87375702911529, -8.057918575902841, 42.66413498909717;
  -28.8517644363534, -9.199711898241413, 42.92979677343499;
  -32.31701287095217, -9.736246161419338, 48.1573821055432;
  -29.48406237911485, -8.295295955768294, 44.00892031620384;
  -32.82876505076143, -10.88535195718835, 49.01350581942915;
  -31.50294894982079, -8.404296855419286, 47.15059936373911;
  -29.86967567077776, -8.70133224551588, 44.87468701721341;
  -27.03343118945915, -7.415103115310391, 40.68791548743811;
  -28.81974605912168, -9.138935353597733, 43.45183278712022;
  -26.31767637826697, -7.425423445157784, 39.85783067747581;
  -26.49296044903147, -7.757399191342314, 40.32728179684488;
  -30.33691233093316, -10.0156402968217, 46.27640272130341;
  -26.86650841830977, -8.370021787578329, 41.06519247513128;
  -27.3182568672665, -7.990390301573413, 41.86357065045275;
  -29.64126229186522, -10.09042002623028, 45.47580983801515;
  -29.45196515186663, -10.67866897273145, 45.72980313774392;
  -29.95268542348281, -7.843177883592135, 46.60694941735365;
  -29.27583353282833, -8.128097536369097, 45.87764705453729;
  -23.94526827560355, -2.253116382264247, 44.01018496621449;
  -22.95413917007071, -1.242591779980942, 43.39657283192714;
  -13.87767020305728, 0.5499085273776315, 26.6606210809719;
  -21.73422308140486, -0.9371730285000458, 41.44943560024427;
  -14.34520058142399, 0.4387229654348537, 27.6273484587524;
  -21.84296249312248, -2.236645894843425, 42.12405786858254;
  -20.99023617961856, -1.720499250876024, 40.70221524770241;
  -21.3437106668916, -1.435179821850863, 41.59006771749973;
  -22.28398784874197, -2.701579926829267, 43.59403007975858;
  -20.1177148049591, -0.9232231014487048, 39.54502810794543;
  -21.48383115395956, -2.046301008880973, 42.41240320446772;
  -20.90113706876509, -3.384430888678053, 41.38467941282728;
  -14.37356864713086, -0.2333831615182832, 28.69240782560351;
  -23.55272404536985, -1.587273562286028, 46.92250876895764;
  -22.31091861509443, -2.96946503971777, 44.64540187089449;
  -23.26730547371088, -2.736600309886998, 46.58403590169163;
  -21.02363119290791, -2.022576953693443, 42.15169914925129;
  -19.9893388942066, -0.919029907567501, 40.41811535518401;
  -20.40151008614164, -2.144921863785118, 41.61253597680545;
  -20.96458440918695, -2.880028839292031, 42.85611957132387;
  -20.03178243651219, -2.483602071559124, 41.10790273567525;
  -21.59055772350954, -1.658331321851851, 44.34256030575224;
  -18.19625238060974, -1.220577711588543, 37.5995513760865;
  -12.67346429395244, 1.667443470594193, 26.55315124259822;
  -19.82803527974488, -2.77787351664239, 41.34732557657549;
  -20.32283503422253, -2.183132861030401, 42.95235570713667;
  -19.21823750561297, -1.538707342613512, 40.84408617159221;
  -19.11433952038683, -0.959683452760661, 40.70678128820838;
  -19.25165234362268, -2.187331918292318, 41.27760886436899;
  -19.33142219612954, -2.956707549897126, 41.46785272053546;
  -16.12085320490617, -2.127112420525481, 35.09854696892104;
  -18.82146264422971, -1.08494615481269, 40.91030319018637;
  -18.94019965314443, -1.510302095152844, 41.23073950353781;
  -18.22139939115888, -4.838550805487963, 39.76290315532085;
  -18.76201027203061, -2.219122033241605, 41.06552525316108;
  -17.89072616954736, -0.5821898606666303, 39.55134967250427;
  -14.77690586458894, -0.1740630539368631, 32.76322763981152;
  -18.212573122645, -1.011659151059334, 40.45512367724027;
  -18.04459417925046, -2.051363920289584, 40.13672951951347;
  -18.53543825211801, -1.762060036357051, 41.27075100909173;
  -17.11447534253928, -0.4929857274742361, 38.84991815477873;
  -15.17353331575067, 0.5509357295250109, 34.6197768830653;
  -18.92039309911102, -1.568951457799722, 43.07120158762066;
  -10.94149469927917, 1.453606341607018, 25.17276592272273;
  -17.85960254703597, -0.9112657632108852, 40.92396901223158;
  -16.77476596561912, -0.3846130698824098, 38.60466664255701;
  -17.9107944722059, -1.354549627163122, 41.24266588984389;
  -17.32429637169962, -1.064714633052595, 39.93852784970088;
  -13.05051161345874, -0.09776469186391547, 30.2735479701913;
  -11.11816352073756, 0.9838520767198795, 25.88508971003368;
  -15.95274539405445, -1.009661488803263, 37.35092948884885;
  -10.78667436855504, 0.4644400796692578, 25.42268574172319;
  -11.31695359397896, 1.29100769639122, 26.75362600112281;
  -10.88001398771745, -0.2551291436600997, 25.77086287614223;
  -11.18341500015949, -0.1215687696379093, 26.48339699910523;
