m=[-33.2035830493253, -7.5260491745614, 41.39486601070828;
  -36.24191542198353, -8.935461759025786, 45.13202249475936;
  -33.65312042630352, -6.989246071782196, 42.14983053366255;
  -32.64249607589186, -8.470026281098095, 40.92039623328228;
  -32.27276793141927, -9.209025731481882, 40.80688169025551;
  -32.09414709737651, -8.0324568830251, 40.5970005167133;
  -31.69950587469487, -9.347292236492576, 40.13964598838749;
  -31.7043845455312, -7.758992343666906, 40.21266368182076;
  -33.70243133006728, -6.738841461100489, 42.72860144742387;
  -33.00646055285434, -8.821778345559554, 41.96329680171075;
  -32.2743516411479, -8.178485748038428, 41.0612204290987;
  -38.16642752523651, -7.193267088840429, 48.38338504917667;
  -30.20247291846574, -7.266766387081697, 38.7244191157567;
  -32.20356930200919, -7.526080775744076, 41.35883700578476;
  -31.86625157597181, -9.899427027803933, 41.14605515119759;
  -34.25686802020625, -10.03689066459263, 45.77899945199319;
  -39.68297254000535, -11.87589361614461, 53.50108496073084;
  -34.12445661020724, -8.57702458699289, 46.78693745153662;
  -33.68095650786216, -8.967347608553524, 46.31887713622295;
  -31.76759178953121, -7.85154907483089, 43.81163720689011;
  -34.88173092785083, -9.557453316665137, 48.12200760505672;
  -31.32522404252149, -9.10065747920485, 44.49332806167568;
  -31.94785152264766, -9.513666607437335, 45.45498690676285;
  -6.3416507148596, -1.231509143055034, 10.20993601187765;
  -6.439352933635707, -1.77426084239836, 10.49486134346972;
  -32.65921486602869, -2.556844549784757, 53.40626349683617;
  -31.64418131839614, -4.203286802016075, 51.83547683004571;
  -33.0213559533488, -6.326104533613178, 54.3351589871181;
  -31.67422177027107, -5.383406320006042, 52.38551553073024;
  -5.618822171991299, 0.7528249695208448, 9.903406712065909;
  -30.23564235331797, -1.146693393749749, 50.75325262273141;
  -10.63271220566454, 0.1918579251081451, 18.37743118210631;
  -27.34214553069834, -3.936657375356214, 46.43348587632363;
  -28.75181249233116, -6.263903308270708, 48.90659743464703;
  -30.59286150929814, -3.171381047845763, 51.98986822287515;
  -31.21503635375396, -1.283761416650812, 53.13402312189513;
  -32.22137050082777, -3.757401786012401, 54.8656029276378;
  -27.19014980118772, -6.159255943387858, 46.47381718578809;
  -30.5396280862617, -1.708036049904228, 52.13773961009922;
  -29.43389675292479, -2.295591948745794, 50.38692031069703;
  -29.1961228389955, -6.063801742819696, 50.20039085152521;
  -28.42696722391434, -6.396217940723374, 48.96455171052484;
  -28.66378699163701, -2.956157626848964, 49.52229424705818;
  -30.18159467122759, -1.783594278805242, 52.19968039259724;
  -20.14849615742695, -0.4010555998745413, 35.10970000798726;
  -29.03291370925284, -3.259127806770454, 50.54323748352577;
  -27.06243008012586, -2.399073842489202, 47.18501463764534;
  -19.69051812177811, 0.5160451149326292, 34.62468250668683;
  -27.23937775528442, -2.88665618100601, 47.79897727403829;
  -29.00196451623539, -3.391718592598145, 50.92396489675889;
  -28.4716829729732, -2.631604531756951, 50.08521463295024;
  -27.55169601740461, -1.41828621949811, 48.64027722052312;
  -28.04670973826008, -1.106185584887285, 49.69020913889785;
  -28.53044800803123, -4.241236709244594, 50.83555908986759;
  -29.56339050483907, -2.756516345187838, 52.68698819543869;
  -29.49024242917417, -3.082470384585718, 52.60397117710902;
  -28.52713333117852, -3.508738355919638, 51.17122370163787;
  -18.8899139645299, 0.4811241775410033, 34.11464873456269;
  -27.53375793412689, -1.268214245255981, 49.46740014382649;
  -28.82678416838336, -5.199447630568009, 51.84295398818097;
  -27.3977415079878, -2.270359371516571, 49.40898051373264;
  -27.13125359124144, -4.705132768331723, 49.28106862752863;
  -26.59163212979998, -4.201892707068706, 48.51850801791744;
  -18.39325160548542, 0.462615966473246, 33.77627529700059;
  -27.7572090160786, -1.497816093422504, 50.88851105975694;
  -27.76195287352585, -4.843373581268246, 50.92435015093725;
  -28.112094628742, -3.882596047917563, 51.55518076972504;
  -18.6791095214114, 0.5652380084547509, 34.6201679257272;
  -27.07630562346196, -2.75836327572499, 50.60997564620743;
  -27.63427599065337, -2.244252420080231, 51.90236725126746;
  -26.64274897355417, -3.199750524982485, 50.52514323483343;
  -27.14424818790839, -3.946660700414762, 51.53427610429186;
  -25.29423415503072, -1.899689409045176, 48.11378831697647;
  -24.57711502457968, -1.119019443440366, 46.78000064857988;
  -18.52099933876145, -0.2922657529284237, 35.60592156872801;
  -26.38964733098101, -4.242992267167899, 50.61809485260902;
  -25.84541855095609, -2.636614986864539, 49.62927168816209;
  -26.35095343429399, -3.054169070049547, 51.16995634350886;
  -25.80201288353289, -2.461987682136514, 50.13146929428066;
  -26.23212026822966, -2.730195207072683, 51.83304100524746;
  -25.30648080286127, -3.444007824534741, 50.13144551268464;
  -24.76685247371698, -3.044442639301677, 49.22923800778806;
  -24.07747420691765, -1.807705821467037, 47.93112848654884;
  -23.67490038656916, -1.560347467685289, 47.32122178122079;
  -15.71383011258993, 2.065066785264251, 31.66999704324002;
  -23.70875256254591, -3.292559480672685, 47.88771829197206;
  -24.75146348099681, -3.512209804920304, 50.68129554769781;
  -24.27404129108056, -2.572205398779939, 49.70972407037235;
  -24.31946842719361, -1.932814541731852, 50.06618660699112;
  -23.87848091965847, -1.188665813665683, 49.2583633464706;
  -23.60341729613953, -2.656126427656186, 49.01902665012612;
  -24.52164516314175, -3.71832610479873, 50.94928067620698;
  -23.80060966800605, -1.358299598103468, 50.11047955955424;
  -24.71337148734335, -3.257017680455821, 52.02293906949871;
  -23.26518069774767, -1.841295544996208, 49.06362657362897;
  -22.57580412821823, -5.934694054921011, 47.65520942732132;
  -23.48878237894164, -2.753281023516069, 49.79336685462316;
  -20.86642023487853, -0.2645762148303911, 44.69750736533255;
  -23.70528309382893, -0.7663264763839182, 50.74498420816452;
  -23.19949920197417, -1.279629208531888, 49.91194459962258;
  -24.45176303288713, -2.302170745945066, 52.73515800466159;
  -24.16069012554153, -0.8928403479782803, 52.58424119512078;
  -21.60852380310431, -6.143008962364747, 47.19953410746943;
  -16.69349326392616, 0.6402097074972678, 36.811601463876;
  -22.33674120970093, -0.6205849360871381, 49.07188932533576;
  -21.16274101037985, -1.741631811171347, 46.69279057609406;
  -21.27240935729636, -1.07831470948685, 47.21712090108665;
  -22.0604665339133, -6.707250710083335, 49.10100697224008;
  -22.44997701325444, -1.684812388840458, 50.07628106249325;
  -22.12072499063062, -7.46252994159014, 49.4033186008797;
  -21.27783089239817, -1.296062107655134, 47.51358831520199;
  -21.81651554382354, -6.956237214987292, 48.93419616715488;
  -14.863331200117, 0.6307910350156578, 33.69617667177542;
  -21.88609342453286, -6.581039754759323, 49.52481278940303;
  -15.37688345644836, 1.738094931683507, 34.99824757039771;
  -21.48162489255589, -1.359726359844089, 48.67181500245355;
  -15.11510578788612, -0.1687868986982606, 34.45520836650301;
  -15.28384114648331, -0.3733041367970962, 34.83903846250267;
  -15.24908179723376, -0.6610209145807091, 34.85342031812662;
  -21.74688069522291, -5.989632515181873, 49.89517384649976;
  -16.49393399488599, -1.039392115793955, 38.12879146112113;
  -21.1590349858926, -2.109614565390819, 48.84072481738379;
  -21.35278073169947, -3.096752984983398, 49.41009662300461;
  -21.02873765704538, -2.453763816445814, 48.90613571843915;
  -20.39321379216761, -6.241847717097707, 47.59141200608833;
  -24.73351843208658, -10.53222046412369, 57.66706767230333;
  -21.90584626627856, -11.11412347998276, 51.14950421146858;
  -18.04698664541047, -8.403704960787142, 42.23548653501802;
  -20.82539876499181, -2.93321205663554, 49.22055066658379;
  -20.14030801964719, -6.413734527325292, 47.65598313013601;
  -18.27731319357274, -0.4345520679266839, 43.33016531325114;
