m=[-15.718248974129, -3.781837454745223, 20.15331865980545;
  -16.58654074555963, -3.468889865678077, 21.46668001422685;
  -16.91623212262969, -3.645669165670616, 21.87403774516531;
  -16.97199466634722, -3.440926343312492, 21.93682307294323;
  -16.5085684908069, -2.761706724531437, 24.76723541299326;
  -16.51111062453614, -1.165689128328843, 24.99444505279571;
  -15.47971145404354, -1.211885099683803, 25.31333200019972;
  -15.25388820892435, -2.026169245551841, 24.98698136210406;
  -15.37981950316691, -2.946406744247268, 25.30680263640132;
  -15.07960860035969, -2.562956742273864, 24.93993621251062;
  -8.278509031323791, 0.1493784027082631, 14.30845931601042;
  -14.01195068647076, -2.017407483662598, 23.79563496834938;
  -14.21728449565478, -3.097394135090134, 24.18348441957516;
  -14.93356255468556, -1.548074123381846, 25.37827162981123;
  -14.85204804635878, -0.6108109573886984, 25.28105542980797;
  -14.89256585196558, -1.736653427856063, 25.35862354416769;
  -13.78921313875454, -3.123605187927501, 23.5687326194265;
  -14.69176541261465, -0.8216886234043724, 25.08201597386672;
  -14.52687011221566, -1.132971497114614, 24.86807142296995;
  -14.2204442756623, -2.953472803836106, 24.4509130427108;
  -14.13402759074435, -3.180230945443419, 24.34541537244191;
  -10.75391201113134, 0.2818363501375717, 18.91015699980192;
  -14.16967399779125, -1.590635338965508, 24.66790640121852;
  -14.28508752498473, -1.513842811339889, 25.06711350379242;
  -14.05958589380119, -1.644238922282015, 24.68694346957415;
  -14.01361832823807, -1.29526243790753, 24.65168927387627;
  -13.73008716588104, -0.7067874662806813, 24.23935156618031;
  -13.95500306437565, -2.548825884217627, 24.73416446682025;
  -14.12294176675411, -0.9015334922530741, 25.11992885727002;
  -10.44465641254894, 0.2660243310595213, 18.86275317803822;
  -13.71739841954642, -1.433812369747917, 24.46875887235451;
  -14.08218017748128, -1.313034776195696, 25.0968393038529;
  -10.30541015678929, 0.2591954583040928, 18.92424341112225;
  -13.67271450363966, -2.37113765594256, 24.83504787246512;
  -13.67149468022676, -2.160309435357909, 24.94470896038554;
  -10.32690427345562, 0.3124966315091157, 19.14005374239752;
  -13.58497354091505, -2.370045877177504, 24.9192105663608;
  -13.65716126762279, -0.7369586735201886, 25.038273906059;
  -13.68842252837703, -1.89052491152918, 25.1033979225914;
  -13.21112469444358, -0.5656458075879723, 24.41391923659633;
  -13.46155353906215, -1.371378186992378, 25.16181144674728;
  -13.59046635332543, -1.103717608298679, 25.52545165376748;
  -13.26124397513973, -1.592653686505593, 25.14854048961241;
  -13.2206594052508, -1.922228847418032, 25.09987041654356;
  -10.30152293471803, -0.1625604699700901, 19.80428868567476;
  -13.13340004492917, -0.9863663322316186, 24.98188424171816;
  -13.11446726447713, -2.108576234206706, 25.15491547154609;
  -12.96568874360962, -1.322692034916082, 24.89716651375115;
  -12.76828647154081, -1.677449083406407, 24.7678910715382;
  -12.90574457220444, -1.495821621660525, 25.06119514752468;
  -12.8338065299488, -1.224581730668867, 24.93517001518426;
  -12.79569162571296, -1.331754184964296, 25.28349222038854;
  -8.984528789127804, 1.180721176870371, 18.10761591208809;
  -12.52907297957733, -1.540124812001317, 24.90412200674729;
  -12.81430832682309, -0.8445557624918247, 25.61314795016184;
  -12.29093767218956, -1.706907322608591, 24.82564020343366;
  -12.25917063619857, -1.739564989427999, 25.10197631989947;
  -12.28433682234145, -1.30171309820044, 25.15654424838152;
  -12.21044527520583, -0.9704375841763515, 25.13749153412125;
  -12.01592581237749, -0.5981502877328118, 24.78737410481767;
  -11.95248800124069, -1.812408908808007, 24.83400530032733;
  -12.05657665801392, -1.356743876813598, 25.03881726503791;
  -11.90803867851249, -0.6795911691693708, 25.07152283565737;
  -12.07955559545309, -1.591985381945517, 25.42809608355998;
  -11.49012504063611, -3.020507104937573, 24.2544766976076;
  -11.88804507201477, -0.9408654381065718, 25.07053831566714;
  -9.975745443518154, 0.0123283321520092, 21.30201411846771;
  -11.88527746707463, -1.393154757083418, 25.19534523073473;
  -10.77164837286761, -0.1365793424026593, 23.07371494791642;
  -11.5180572431827, -0.3723470496859092, 24.65626040408673;
  -11.71731130391479, -0.6462990282425721, 25.20889729411745;
  -11.6720826612186, -1.319190589946028, 25.14269595450027;
  -11.86613537961166, -1.117214726055693, 25.59171391064471;
  -8.274977110897563, 1.089757171725411, 18.30481397461292;
  -11.71017851642186, -0.4327409443671899, 25.48647610419395;
  -11.40772537902098, -3.243060927348227, 24.91791332077912;
  -9.173873717966107, 0.3518258830994747, 20.22973729024463;
  -11.19748799634808, -3.404477380349062, 24.92277012070658;
  -11.34400828296515, -0.8513383190978076, 25.30362266373943;
  -11.19054276723731, -3.775181893835963, 24.99239739568926;
  -8.603490837963491, 0.3651270914547071, 19.50469537190539;
  -11.07606797709994, -3.531625208583988, 24.84349446470592;
  -8.722934326045058, 0.985979245043251, 19.85365994012407;
  -8.782588095376854, -0.2145125977407508, 20.01963521621364;
  -8.829534513754901, -0.0985973746025873, 20.12711361203124;
  -11.02276306405164, -0.9091153974224453, 24.92188909893227;
  -11.16259048313373, -3.356535600513144, 25.25919967527369;
  -8.486975787513309, 0.1675200730009069, 19.55650959757639;
  -11.04649681849141, -3.042480319369364, 25.34464077298723;
  -10.66654024792263, -1.063483693105474, 24.62123425523327;
  -10.93910977852291, -1.586478186862631, 25.31297810425523;
  -10.88832217306979, -1.102650085772325, 25.31215277907798;
  -10.87768310085319, -1.269275675741531, 25.29802096105678;
  -10.90904906319443, -4.645376681970628, 25.43483137245826;
  -10.67713610961538, -3.268001715185298, 24.91711158507782;
  -10.76941986684612, -5.463959746314839, 25.14627739729406;
  -10.63405245512055, -1.066336444343323, 25.08201753078984;
  -10.66069131022982, -1.501535151192488, 25.19640092837294;
  -8.297228468750177, -0.2782756441852756, 19.84143205678421;
  -10.61483142092755, -3.380321230426396, 25.11680688455639;
  -10.80257450513572, -2.90060831871052, 25.58903434428389;
  -10.52383131020949, -3.16479500780819, 24.99529219840379;
  -10.51632041980552, -5.231682474726767, 25.00182804926771;
  -10.53533412867955, -2.616270048943313, 25.06345419255581;
  -10.54339231875827, -4.115349526466265, 25.23672427967789;
  -10.78730316753401, -3.632715993519972, 25.8261274071441;
  -10.50462547230226, -3.024407786049399, 25.26807679152769;
  -10.4897519981074, -1.2147117578114, 25.24152500864147;
  -10.4155173678313, -4.302122080001031, 25.13869471437921;
  -10.2385094982486, -3.214157840199889, 24.78063739874687;
  -10.51422022816825, -2.515395440614384, 25.45191737273846;
  -8.515383901730615, -0.4193324351317097, 20.83348998798125;
  -8.500416340780358, -0.346238161020793, 20.9830955433857;
  -10.19261806151939, -3.104976660730373, 25.04564382502996;
  -10.21680810469673, -4.621252048980931, 25.16689259884522;
  -10.07481699517761, -2.819287555034938, 24.90354268935999;
  -9.815012835658552, -1.416967698678135, 24.31557525154572;
  -10.38797431649201, -3.947364064336803, 25.84226462729571;
  -10.08927124286059, -3.03497554275201, 25.13773128331518;
  -10.01894978425974, -4.239006508733701, 24.98957126043795;
  -10.04724179262743, -2.615857242217019, 25.1229721927888;
  -7.57586134993245, 0.318724726263589, 19.19779887478143;
  -9.904601809409092, -2.864948211777744, 24.86510510807164;
  -9.947770540400562, -2.133245085804421, 25.18791419313636;
  -10.05160493043913, -1.743296359056304, 25.60571029143673;
  -9.783239799808015, -1.811853324041859, 24.96087429677224;
  -8.042771545091821, -0.3340377362751646, 20.70559824598172;
  -9.862587862036198, -3.018886766735983, 25.17901209614641;
  -9.899860332957946, -2.746823112938189, 25.27824746653443;
  -9.389500321474955, -3.612343311370873, 24.06833711926145;
  -9.823551356431077, -4.941374137615981, 25.21665149160974;
