m=[-19.00924012549004, -1.32269333132017, 25.32257499923654;
  -17.45810882004822, -0.9419691878189384, 23.39712067974256;
  -17.05187016952874, -2.503124179336756, 25.60458490457744;
  -16.33277218697811, -2.238182533206123, 24.85577047147392;
  -16.32701287536044, -2.147709842409464, 24.88101102740618;
  -16.43820494508123, -1.058578127092466, 25.16686991982761;
  -16.761890321215, -1.452839805188891, 25.74617464173875;
  -12.2933117666382, 0.5843770823075615, 19.20621837507612;
  -16.62826341208753, -1.253134930237883, 25.63300544839914;
  -14.71096089322537, -0.3091558921356976, 22.92508453819442;
  -16.7617746367088, -1.529771373687238, 25.99710035977583;
  -16.06958605684503, -2.141470525958377, 24.97343446603841;
  -16.26766434508422, -0.6886576343845715, 25.29971248557896;
  -16.44336046688759, -1.670306955962347, 25.57913879267645;
  -16.60042871775933, -0.9698911563072825, 25.81324625276523;
  -16.12141778702035, -1.082663097953718, 25.16448214356304;
  -11.90485715234715, 0.4094500452000813, 18.84208037901701;
  -16.32076500933533, -2.698233528532055, 25.49402656162783;
  -16.07125749279833, -0.8012477875839059, 25.15967794581048;
  -16.4673178642666, -1.347412581537751, 25.75615961697623;
  -16.73228076277729, -1.302967788488925, 26.17492537959316;
  -16.38874900646795, -2.051848880542381, 25.7371686412408;
  -16.11184356785775, -2.350279809413596, 25.40144832391435;
  -15.56933029577618, -1.616166207651298, 24.60323741752134;
  -16.14696774726809, -2.870234814721634, 25.59239332266138;
  -11.65922280461849, 0.08749649611261072, 18.77265323118263;
  -16.18992760159171, -1.22759276049607, 25.68891042444952;
  -12.09563614809357, 0.9682169516129944, 19.52755644076046;
  -15.6083342497279, -2.946835529189571, 24.9205823051184;
  -15.30940398736168, -0.6673721273454948, 24.46665586646831;
  -16.08930383659756, -3.177689440563817, 25.66660680142812;
  -15.70790437320076, -2.607394191296919, 25.19139872323035;
  -15.88170476414787, -2.864395513258702, 25.47063664169309;
  -15.7468360653859, -2.40641450158712, 25.30343122035558;
  -16.34604867141655, -2.117368507983705, 26.2607401610212;
  -11.81214263008501, 0.2400621690046502, 19.28845880830733;
  -15.04053426721199, -3.509235544742221, 24.53537075228142;
  -15.84250022962944, -0.5668378173697964, 25.78667393329946;
  -14.90239475990784, -3.192964851759498, 24.5518242288598;
  -16.04706632303141, -2.271052796151641, 26.38273538202715;
  -11.51436322314348, 0.3155685134576964, 19.22778596197935;
  -15.77978711463655, -1.5906057428333, 26.00587633608251;
  -14.88484160662023, -3.32163802547817, 24.62291841052529;
  -15.3843631960302, -0.7281616136800342, 25.42992498587906;
  -15.58018672987964, -1.76938857099364, 25.74540553742341;
  -15.37415653776732, -0.8277566337571796, 25.4586404024074;
  -15.41844903352962, -1.164330585144123, 25.58695127876376;
  -12.59226824842283, -0.2308443729832154, 21.13974056018267;
  -15.14354923588926, -3.09217574167754, 25.22961068431226;
  -14.82926672028307, -3.284466864674704, 24.73990456536393;
  -11.19880495922219, 0.3126090259032113, 18.96797852176865;
  -15.31107917809448, -1.550710609128201, 25.63771810427931;
  -15.43568201348685, -0.5833799879291353, 25.85454133512647;
  -15.11875506185696, -0.861755237948035, 25.36213394436281;
  -15.47492073831908, -0.7141045620571632, 25.95772253983516;
  -15.2150922378016, -1.670989475520788, 25.67584965698098;
  -15.0179422796983, -1.308800187192453, 25.36079677090483;
  -14.4996056370342, -3.53725086444678, 24.57704697391517;
  -14.99556887543202, -1.5606734191833, 25.4881869335564;
  -15.11170505704866, -1.733102357692089, 25.7236403886359;
  -14.8979615826398, -1.343562301935769, 25.40134491770645;
  -14.78876812961293, -0.7409479643004697, 25.29853080739972;
  -14.35223350853764, -3.557922768513643, 24.61186702923797;
  -10.89661828173935, 0.2960093309965812, 18.94875609261904;
  -14.59165729308834, -1.650710699409668, 25.18035201698899;
  -14.53324289404398, -3.008788388749623, 25.1269467631812;
  -14.64991472385354, -1.326792185668438, 25.32187376576971;
  -14.79044791482307, -1.502447908531075, 25.58609076784077;
  -14.45998433296774, -3.730850688874575, 25.08866521727767;
  -14.52952352179302, -3.64081463722982, 25.24404130952542;
  -14.43435255500361, -1.740721813580367, 25.10030223124032;
  -14.22064478236299, -2.509769131301036, 24.78950622758362;
  -14.77724655374869, -0.6533486572314794, 25.72937785032767;
  -14.13561305198189, -1.144427605453971, 24.70295752888569;
  -14.02208998929524, -3.524485000016056, 24.53072316784656;
  -10.11797733198319, 1.160443470709649, 18.03750125971186;
  -14.53422537064458, -0.8013288985611603, 25.5231130115929;
  -14.73362964411814, -2.498444934685682, 25.92147046439447;
  -14.65064739759543, -2.279052004723873, 25.89193184404553;
  -13.8395648611993, -3.544510597984723, 24.56612928546446;
  -14.3527198570259, -1.935873881772719, 25.51441096917841;
  -14.39417765399831, -2.464823717389163, 25.5872886064221;
  -14.40552356807865, -0.7485827752026594, 25.60313119771005;
  -13.53872422888644, -3.517539985449965, 24.56672446464306;
  -14.18582651965111, -1.409378703776348, 25.69795441975876;
  -13.99799467920515, -1.105009999540169, 25.4902344825339;
  -14.07555811984264, -2.250718875794489, 25.82023348244417;
  -13.97769949395919, -1.638587912038037, 25.68610582818056;
  -13.87541587374727, -1.977110920555276, 25.53234986161463;
  -13.84554900829602, -1.762524075045516, 25.62550016224368;
  -13.85727284306286, -2.186654717498364, 25.75360273247941;
  -13.86158700670346, -1.386022560004006, 25.78896603400027;
  -9.620180344346251, 1.265035910096874, 18.36193572100872;
  -13.3174664905959, -1.51019301934575, 25.06299504999472;
  -13.67314811108313, -1.271479244021141, 25.74032461200143;
  -9.260360752994407, 1.231127135171087, 17.94537709596889;
  -12.79046756713285, -3.495096640054326, 24.51264448859563;
  -13.36652890364905, -1.170050425966293, 25.60937621668795;
  -13.36595228421842, -1.781740879232959, 25.64984481691244;
  -13.3199193551656, -1.60302009870442, 25.64287196628211;
  -13.67336135973279, -0.8659196171339284, 26.45825759352902;
  -13.18520536475824, -1.797945510121454, 25.78198368156034;
  -13.09545819673884, -1.375727354669969, 25.61977069270438;
  -12.70087436471074, -0.7723189083822206, 25.06239025916855;
  -13.40424290740991, -0.9084754273008165, 26.50213050137501;
  -12.90833086645677, -1.78737573555881, 25.60322610036385;
  -12.95291450952675, -1.338345756786946, 25.69180115308607;
  -12.37203534423295, -3.876460594533952, 24.60906466015277;
  -12.59875786751525, -4.328508782593309, 25.0691595382809;
  -13.62212466048816, -4.143586712632824, 27.04799084402576;
  -12.85833311334105, -4.209077093520137, 25.59308524073161;
  -12.75749683213679, -0.9832962920218628, 25.44188280066806;
  -12.83165930893811, -0.6136604128696107, 25.63815661499632;
  -12.27762265372601, -3.481196253206435, 24.58676019229305;
  -11.7144527709558, -4.124037762128942, 23.61665189051053;
  -12.35714413840281, -3.840361201484308, 24.86540949915501;
  -12.76480504286703, -1.405789181910997, 25.67017914145661;
  -12.66478905684344, -1.88525093948379, 25.49135486802328;
  -12.07247334256321, -4.048280024981179, 24.36825701613556;
  -11.97187121253238, -4.121329486762623, 24.27290441415169;
  -11.98669877163261, -3.560550841711217, 24.32237504132865;
  -12.25083760786039, -3.460123126614702, 24.92371284565916;
  -12.11291582161069, -3.137960867827147, 24.73823841667033;
  -12.50303785755571, -0.6884283736372705, 25.49994520818233;
  -12.5377995328595, -1.611578060724656, 25.57247678433299;
  -12.48798563473214, -0.9590226419493667, 25.5019427198288;
  -12.03035398632916, -4.400717363545859, 24.65082566631771;
  -11.61271092101107, -4.147056549914071, 23.87455754287493;
  -11.35641875093698, -4.253452902570619, 23.40371354345664;
  -12.60885790746069, -1.444089874384608, 25.88479718639344;
  -12.45288213634328, -3.937434233345025, 25.63951980019533;
