m=[-9.092215628654213, 1.182183182146091, 11.96187973735024;
  -8.365671457916834, 1.393800635328612, 11.1480396917911;
  -8.838517663661136, 1.037853221172437, 11.86044296185175;
  -11.35968148560366, -0.1288537085980127, 15.23543100576528;
  -8.385903350207736, 1.475140396677519, 11.66992425628531;
  -11.89829502869534, -0.2539825531882795, 16.221048169795;
  -8.474985624854844, 1.187745975398998, 11.86408440754071;
  -8.2251900118856, 1.274652604799526, 11.7073187654822;
  -6.336537785998823, 1.51395767432199, 9.245902288399559;
  -6.280660996355704, 1.44753561295108, 9.205324566531848;
  -8.165087723837047, 1.345223716215439, 11.67297722770822;
  -8.16280188120064, 1.293980250633085, 11.73643437534216;
  -12.4588743491858, -0.4473722723744129, 17.39732773275905;
  -12.04507349568416, -3.131766227848766, 16.93355242303896;
  -11.97674127849096, -3.467735934471965, 16.9291888557958;
  -11.9635997018597, -3.480205712559883, 16.92437084789101;
  -6.016154824828829, 1.415370327768444, 9.023970823183374;
  -12.06893362994435, -0.2955325154067214, 17.10880072849484;
  -5.987419797232229, 1.362476869063011, 8.998068395419448;
  -11.93914001627734, -2.978057264462061, 16.94309224188218;
  -11.8611668526834, -3.140006307449383, 16.87515378494937;
  -5.891999379551833, 1.482442655041394, 8.894348570704821;
  -11.92308670558778, -0.1564370731815392, 17.06504678463633;
  -11.82632975086748, -2.992296885495821, 16.92882890520415;
  -7.861904152255754, 1.248731373480986, 11.60850706330972;
  -7.96299894941577, 1.059724359900988, 11.74276117373203;
  -11.69352386530688, -1.147556921386567, 16.9475010487413;
  -5.760030975304598, 1.639440599373743, 8.863687318740841;
  -11.69353256904734, -0.1500262199371839, 17.02659897206807;
  -7.826955978973484, 0.7685928186590806, 11.73510513978798;
  -11.70117926040503, -3.545920458714217, 17.04856691469897;
  -11.86861625080924, -2.746941336582756, 17.33650719823155;
  -7.771110525262986, 0.8472306265722311, 11.7129410983023;
  -11.63491266750063, -0.7651821170290382, 17.12636086807288;
  -11.57702409355819, -2.872199377188498, 17.0336048297568;
  -11.59579142410497, -0.5002043070510589, 17.09358679382418;
  -11.60401694073226, -0.500559128787171, 17.10571219150083;
  -11.57580857159896, 0.09032859326580257, 17.07356138490706;
  -7.485734120948488, 0.6469705973313975, 11.41594959818975;
  -11.72117901307719, -2.791536129961181, 17.3120977839195;
  -7.660431175401225, 0.8983821340383581, 11.69487776857297;
  -11.66194158973493, 0.04050141609797758, 17.40501981918874;
  -5.658839276249489, 1.468196921871319, 8.961181104142382;
  -7.506533994759923, 0.6598614509256122, 11.60162690137648;
  -7.486748210529213, 0.8510816317669144, 11.66634005723474;
  -5.505620294996249, 1.642553385476137, 8.896085873866204;
  -5.421047868548999, 1.51483148037299, 8.906217541713676;
  -5.395325485072344, 1.565691126973206, 8.923816000435553;
  -5.439615434646486, 1.503420545601232, 9.020457407020546;
  -6.221933934727284, 1.228482500984154, 10.23632165477297;
  -5.299154075933097, 1.413128875055819, 9.024056656210354;
  -11.58596655170772, -4.164006545799493, 18.5400604186853;
  -5.145056376968969, 1.667918254771423, 8.907776881943764;
  -11.61334540063957, -4.190151036137846, 18.86903250876328;
  -5.097369551284361, 1.597019399145059, 8.899373100869141;
  -7.905424257468813, 0.698160048851424, 13.2898869593763;
  -11.48780047093321, -4.085955772733632, 18.89077895394841;
  -11.6982510251827, -2.964137588174948, 19.52014246139928;
  -11.53268807932476, -3.010713678424754, 19.25060154708553;
  -11.75362025815505, -1.79707780850014, 19.63624402170187;
  -4.982647249879184, 1.5750790990802, 8.919788350369993;
  -11.57246608802521, -4.084077018212276, 19.39731878324883;
  -11.6896414703478, -1.24913052083687, 19.62724567637195;
  -11.65015305102725, -0.3246575766622387, 19.60980996783276;
  -5.98326729990285, 0.9839167957022539, 10.56090606412185;
  -11.77595809314758, -3.814097377276833, 19.85319712883919;
  -7.158367654994576, 0.7102213575859371, 12.49608841649959;
  -11.67001643014873, -1.345167982372573, 19.76787763383004;
  -6.586843759370217, 0.8765349884922028, 11.60663682345251;
  -12.10218825464709, -1.555951799003361, 20.50403166563837;
  -5.952659657007694, 1.048152241003475, 10.60096550203545;
  -11.30328068054926, -1.738548722862333, 19.23476057630856;
  -11.48957071061155, -0.7508595833287406, 19.59047991674058;
  -5.035099941014618, 1.560307435194834, 9.150776135472974;
  -11.39604932198723, -1.14414278015117, 19.52777950597941;
  -11.53555735061338, -3.173619375347883, 19.7593987400754;
  -11.37569390510713, -0.9613940219617988, 19.66209387346416;
  -6.001136044086716, 1.076678004887467, 10.95974728136276;
  -12.03003321250926, -3.917099064174167, 21.16889087888012;
  -11.69205384068457, -0.346738648992183, 20.74493791481274;
  -11.73222635234259, -3.776512032593066, 20.86624983504905;
  -11.86871506999598, -3.656588521985731, 21.11097001552503;
  -11.33240386933525, -0.475483630154677, 20.23119472109844;
  -11.58976183018489, -0.8083569509172207, 20.72348038367507;
  -11.69371700538028, -3.159768085709342, 21.08704928870182;
  -4.927736325039739, 1.428642425018279, 9.494461432978163;
  -11.64449909062611, -3.501760994419166, 21.19006936479604;
  -11.59527342543845, -3.175002270024094, 21.16781767717775;
  -11.85473235647833, -0.31625660898695, 21.72821936640469;
  -11.7146418476024, -3.902372957168003, 21.46925949700146;
  -4.85619198239864, 1.376980773706036, 9.498696033657881;
  -12.03507228237582, -3.771087153206281, 22.1612467686935;
  -4.887328072771511, 1.597249785936364, 9.707038330785036;
  -9.201693829637726, -2.264228050936638, 17.40817028583433;
  -9.290769726543255, -2.183285800247493, 17.61502888559374;
  -8.917089086145438, -2.037140183477199, 17.09944877204418;
  -4.815028243578294, 1.52130210265887, 9.710419464016798;
  -9.171318123813681, -2.381779894452341, 17.65940026561041;
  -11.49960650173324, -0.05048779520620587, 21.9368776363068;
  -11.71037533412588, -0.2330583114214973, 22.37898090449849;
  -8.99976848951664, -2.33558903362017, 17.41817502899685;
  -4.601640402354321, 1.744229802975071, 9.405478756832583;
  -9.049524879831683, -2.177177260898829, 17.52738861113837;
  -8.521686637393255, -2.497684070992093, 16.59748796748114;
  -8.855368112219844, -1.9904770827059, 17.33063892675927;
  -8.828188759940883, -2.34557087892321, 17.37227590828233;
  -5.652687098577762, 1.303919375714568, 11.56450220440824;
  -8.781687918973118, -1.819020796869624, 17.40562149389878;
  -5.8444618845354, 0.4739230430468873, 11.94463730924162;
  -11.73135569485107, -0.006360021432890738, 23.04288541135151;
  -8.882407595394215, -2.463635983433472, 17.70000389740672;
  -5.70771864269266, 0.9690339185469821, 11.78558062589081;
  -8.819061918084627, -2.147149935482424, 17.69519127602062;
  -8.61088319170532, -1.700742522751755, 17.40984584562747;
  -8.725987836075202, -1.838762162230136, 17.62738010274787;
  -11.58591380204393, -0.237258015723801, 23.11616151366229;
  -5.589596364870336, 1.381988975776536, 11.66259935448294;
  -8.491934763500888, -2.032320567922111, 17.20414461013935;
  -8.521481699644905, -2.182434864581534, 17.26856305027326;
  -5.529987143697474, 1.278709998914089, 11.5785079842628;
  -5.608905001137218, 0.8888434760801065, 11.7343949489644;
  -4.618632221185528, 1.744010122110003, 9.875716341778858;
  -8.470407639897431, -2.234828515887152, 17.30905235545842;
  -10.37550450495514, -3.686501920757251, 20.99382211959701;
  -8.494548821544813, -1.829013532719938, 17.37639648547303;
  -12.5293287610231, -6.071301345297878, 25.16077692397543;
  -8.519882752868833, -1.641385146026046, 17.45551178569588;
  -8.685055507646428, -2.813443908308356, 17.77330451910635;
  -8.514968168684613, -1.751487053522375, 17.55075292545445;
  -5.440391444948964, 1.234949666226378, 11.59781946687351;
  -4.730348636097989, 1.638546454670148, 10.22243309455354;
  -4.75175969367586, 1.684830117647517, 10.27894135937471;
