m=[-4.129070162848556, 0.6545467257400215, 5.936755749157975;
  -6.024616986391886, -1.566423984084991, 8.469700712440806;
  -3.980713311207663, 0.3908987954390007, 5.968359776632099;
  -5.957619426116161, -1.673781321161555, 8.424553947748487;
  -5.948508113266724, -1.730418304933892, 8.415089087690301;
  -3.92787356643133, 0.4282289863161484, 5.920254457278078;
  -5.945488892154771, -1.48302192301291, 8.437372087564611;
  -5.930976868335244, -1.570107309610592, 8.438136651411471;
  -5.946330434113611, -0.0780189352181002, 8.510749737943234;
  -5.907362543438433, -1.494680337230483, 8.456108690149229;
  -3.872569858713466, 0.4541581921727019, 5.91209947729108;
  -2.780916675639408, 0.7770859484552625, 4.568756719953674;
  -5.875523447200679, -0.5766010037922176, 8.515434776574457;
  -2.710708882918187, 0.8130628434937774, 4.507169426280543;
  -3.801823968541094, 0.4321853033986036, 5.924250423216908;
  -5.875177348745088, -1.359785098614354, 8.581881176793576;
  -5.816249732305442, -1.442981263898022, 8.55761366052578;
  -5.81857463163689, -0.2509941741098064, 8.577276603602391;
  -5.802244152005384, -0.09256591083355935, 8.561935656609924;
  -5.848630037385524, -1.392919777261522, 8.638384841339011;
  -2.547047406175309, 0.7892945626116446, 4.628996622388927;
  -3.07607869057219, 0.5058449400388508, 5.429504728546444;
  -3.022483259670826, 0.5322028781353135, 5.382676419023879;
  -5.776039732517627, -2.084022995531436, 9.384744681647137;
  -3.583098817875563, 0.3554991067021517, 6.254878457100165;
  -5.732860047048992, -2.039051136271257, 9.427234760626655;
  -5.828237376974126, -1.476776096247718, 9.725216500524718;
  -5.82781891394843, -0.8910483589043612, 9.736274594134619;
  -5.854438632798448, -1.528354738290695, 9.77235009103496;
  -5.812678211089923, -0.6211305778448185, 9.75965461183317;
  -5.810569780677634, -2.050627266779385, 9.739451685647552;
  -5.800610661221044, -0.1616469922914118, 9.763723469186493;
  -5.820042242161545, -1.88504473911009, 9.812063274837978;
  -5.788749282775973, -0.667251862050137, 9.805580665611661;
  -5.81331312554298, -0.7474049176507557, 9.8491573507489;
  -5.685313180259131, -0.8744535544995069, 9.674681264156835;
  -5.767269209419785, -0.1692850311179632, 9.823995262632636;
  -5.699865887552361, -0.3724942413561653, 9.718649287312298;
  -5.762020888538833, -0.002992284770448711, 9.820227949968624;
  -5.652227847000898, -0.4776867335040603, 9.769481795923314;
  -2.464620956715003, 0.8054739188594999, 4.895143060065064;
  -5.946111511932327, -1.936113344612051, 10.4631951987349;
  -5.89654227093583, -1.898050904246017, 10.48724432116903;
  -5.814373203320947, -0.2439587672364958, 10.38012038874001;
  -5.909930370182686, -1.820768586144196, 10.51203623163646;
  -5.857309276407433, -2.065154367698154, 10.42958809645947;
  -5.748057668144737, -0.400912670889951, 10.27801624186873;
  -5.86934382381795, -1.960068187974372, 10.52197073350188;
  -5.807930493418634, -1.746574438442202, 10.56897759737277;
  -2.954362428055013, 0.6692300008581835, 5.936157390428482;
  -4.617424613363248, -1.136193240747496, 8.735447564287716;
  -2.93493854959913, 0.634041710759973, 5.94653115246537;
  -4.605943073112049, -1.082374270836151, 8.732733957066436;
  -4.600235145359055, -1.014427160198032, 8.772417339106239;
  -2.882160692031636, 0.6648351668374696, 5.896444132710755;
  -4.503769545535608, -1.02890190169642, 8.636448047225752;
  -2.873004166512101, 0.5916965750681318, 5.900739107294132;
  -2.87286014464261, 0.4877428439757767, 5.932024155560144;
  -4.497337979812859, -1.167133718869534, 8.704159466788985;
  -4.506960643263137, -1.084305790478247, 8.729215256994625;
  -5.770625672435997, -0.02533531622301254, 11.00816008287582;
  -4.457098287648854, -1.001850164160912, 8.722885384936966;
  -5.78104493275877, -0.1150535770065591, 11.04780081482447;
  -4.420953002656809, -0.9157471237894215, 8.76248795408773;
  -4.446772498020084, -1.137234551042704, 8.824051974682526;
  -4.347619247157114, -1.205861260534604, 8.663515695792174;
  -2.773957103893951, 0.6296784770442676, 5.913518177020647;
  -4.326400762517759, -1.053335513957775, 8.680797316150397;
  -5.597491715514645, -0.003034616646797823, 10.99466792641912;
  -4.278913227871482, -0.9016633860464951, 8.643838532817819;
  -4.338474862956463, -0.8568956887520347, 8.771710971757267;
  -4.341818912458717, -0.9776161885032109, 8.782777749116093;
  -4.290505139693391, -1.026819221416113, 8.692303100477476;
  -4.345791095688262, -1.76541868812671, 8.801683411615169;
  -4.222447344232616, -1.114048595167409, 8.628458659443423;
  -4.243839151876024, -0.9137670996464238, 8.681171098403391;
  -4.281923158353246, -0.8249274400142854, 8.772792105726051;
  -2.68268224249212, 0.5195437396547622, 5.889833406510729;
  -4.321789203139735, -1.400003891266012, 8.844212395322272;
  -2.721628060443429, 0.6490586329653786, 5.966584590527976;
  -4.298708652279804, -0.8842232175362071, 8.860347092328697;
  -4.2172937545491, -1.267354180520016, 8.712847052157501;
  -2.382412375749742, 0.7547021864329995, 5.397372119892133;
  -4.098239851383545, -1.795759920767373, 8.51241531672714;
  -4.269016735762416, -0.7866485660324766, 8.842510007510114;
  -4.170444554920488, -0.8085121627015025, 8.75199458986082;
  -4.17133154483262, -1.237953694248086, 8.776839439080561;
  -6.306766780960645, 0.08550035511800806, 12.83510591487038;
  -4.247577089289029, -0.6004958481419024, 8.965472126004043;
  -4.080039438252268, -1.705019508454144, 8.746840240863577;
  -2.683136256460395, 0.5165490837221407, 6.141404049870289;
  -2.69569866009111, 0.4767707707826173, 6.166238809909471;
  -4.075854089885386, -1.004401340523995, 8.798576357876963;
  -4.048415701804739, -1.640096414826912, 8.745454470884461;
  -2.684812606639262, 0.4986014847103679, 6.194680029260534;
  -4.1907908191754, -1.150272904393618, 9.090441172916702;
  -6.372060766149207, -3.117921071324245, 13.31308966212863;
  -3.968999467379729, -1.622366644703383, 8.667584779539288;
  -2.308243750477314, 0.8622851463430221, 5.520945210396874;
  -2.637926888885283, 0.4642773489229791, 6.180186724087865;
  -6.323688969687106, -3.18687589235302, 13.3552192306159;
  -6.283886127258143, -3.07386208735018, 13.51925744414374;
  -4.131826957839724, -1.056231807057056, 9.281057169280535;
  -5.805771760709596, -0.6332885125011928, 12.84507085236112;
  -6.323571485805805, -3.179473329566448, 13.92566926832114;
  -2.684260775580482, 0.4574734180345356, 6.557772064668302;
  -2.839832454498097, 0.785891795759185, 6.908867098302455;
  -5.762251376126851, -0.4939867632621961, 12.99467235880782;
  -2.410351189790475, 0.8409491672204351, 6.036722713865482;
  -2.728631949677472, 0.6439767605880362, 6.724614905442762;
  -6.234250095411688, -3.071909697526957, 14.01139263613717;
  -6.147901912557573, -2.951010821440942, 13.87932817785493;
  -6.227366311032821, -3.034395376786457, 14.21833024515393;
  -6.284211495589585, -3.333268504308001, 14.35871061607098;
  -6.280029107743609, -3.200150333052836, 14.35692378919381;
  -2.305085652174579, 0.8585754401720142, 6.030829479755522;
  -3.719153228347216, -1.278272812994107, 9.090495812073463;
  -3.714600876945264, -1.032764158114394, 9.129118275169146;
  -6.220346444240156, -3.18206301401959, 14.69126744382272;
  -3.875076901569709, -1.00218177686617, 9.567960703431613;
  -5.593787898468595, -0.3685814183934315, 13.39276861030514;
  -6.269318413919399, -3.042836481317072, 14.93775951327405;
  -2.357703670346889, 0.8406882459522195, 6.281806289490257;
  -5.610079153484934, -0.487403449746351, 13.56951725883504;
  -6.174574097122444, -3.281641748903095, 14.80651509031939;
  -5.689411779324148, -0.7330860259370455, 13.86611637254494;
  -5.704125838828577, -0.088908601643254, 13.92536415725426;
  -6.129380619605793, -3.020693857622693, 14.85603906856374;
  -5.727873346064663, -0.9557045792162255, 14.01184477937812;
  -5.687162980100363, 0.006633944067823157, 14.02555284360778;
  -6.177230532679939, -3.151517917685918, 15.12341813451079;
