m=[-40.52439153799431, -3.219939667265265, 51.49766647146551;
  -30.89522627381194, 0.6492923138455448, 39.81037119792117;
  -44.96088587935807, -2.886791102965282, 57.98744632458774;
  -40.52043064051572, -1.842386186804115, 52.53501151969412;
  -20.3570909593411, -5.47125930984226, 26.47629797659137;
  -43.99718147832888, -2.543141404717574, 57.35981745668637;
  -42.16966221742655, -2.569520526828125, 55.35878088140137;
  -42.35540876974131, -7.601583019737708, 55.71022141738467;
  -42.89687817129479, -3.7065270661099, 56.42069989094934;
  -41.73691890623951, -8.925851307340784, 54.92384285656061;
  -20.55793168373986, -4.899369933793745, 27.06712512847846;
  -33.22193199412004, -0.3753929378280136, 44.0906618007688;
  -41.75157583400352, -3.851808026868641, 55.30374847076739;
  -19.73955633773465, -4.898346750518535, 26.2202658189395;
  -41.36224551030146, -2.987240203341524, 55.07405257706947;
  -41.94169114534929, -3.579799285538182, 56.57414011904259;
  -39.05265758517383, -1.608144919595487, 52.87280562129223;
  -17.86109844311286, -4.993383941778665, 24.43829617764613;
  -41.05873560524482, -3.074977659410346, 56.15046546094686;
  -40.81101292958866, -6.740919291168936, 55.85489389479234;
  -39.85380354392271, -1.674797813485295, 55.12755472602235;
  -39.6347254944039, -4.902261756289022, 55.84540946847181;
  -31.91284355698041, -0.7260622114351721, 45.39299001339993;
  -40.54992784414795, -1.874446260366877, 57.45188720858366;
  -29.58700831241396, -0.9480313586435888, 42.36177616692115;
  -37.52125669060857, -3.388173911965135, 53.65644330160271;
  -37.69768328412319, -5.003610283114203, 53.97337377057126;
  -26.32333831449256, 1.158913115742478, 38.21740226799319;
  -28.05308192861398, 0.3796683148670336, 40.74270006047319;
  -27.71732120719381, 0.4541197172456417, 40.32405944174017;
  -38.87097233499575, -3.392050779893546, 56.18033929284446;
  -39.20336033924728, -3.026694426493866, 56.8485091968164;
  -35.71173160801983, -4.394621331084869, 51.94410874828451;
  -27.31167921200782, 0.8404370640666095, 40.0716005879251;
  -39.242461780754, -0.9788928631120409, 57.24975981324479;
  -37.53522060424285, -5.045814797553176, 54.8048089419263;
  -37.78997894606919, -3.905538774167821, 55.28691418687383;
  -39.85380254314411, -1.800055189527535, 58.27119724192465;
  -39.04281012515076, -2.386946861430957, 57.12135615907081;
  -38.73083051213013, -6.444394494029339, 56.88429713720401;
  -37.64219072077255, -3.181046213597129, 55.38536294509225;
  -37.25729125881132, -2.973863146328297, 54.86459323523688;
  -39.18960505502457, -2.076550687624203, 57.66173862027166;
  -36.17112029600425, -4.574392066348543, 53.4301057808354;
  -37.64648228918647, -4.288490317681161, 55.59685154699921;
  -26.63445176099402, 0.1111788694302457, 39.73886935470195;
  -38.61586091473558, -5.675640926612138, 57.23082638390157;
  -40.35667834551053, -4.274234986210119, 59.87414091399523;
  -37.01651906504741, -6.602540448528137, 55.16403723367615;
  -27.48692662539364, 2.069579155277824, 41.21039398309377;
  -25.29579296577623, 2.479389857064001, 38.1839451946178;
  -38.66723520373083, -7.320949060274851, 57.98075194430324;
  -37.37232037410865, -8.458643321759833, 56.12594769174922;
  -36.76272164605275, -7.438292902489765, 55.2407676969208;
  -27.99225910834061, 0.4702274153102878, 42.41575730760258;
  -37.77249403019321, -6.301213551035778, 56.91677265086168;
  -37.11316182974828, -6.708039120194601, 55.94747999414605;
  -35.45030481582246, -5.456098099993461, 53.53259631570302;
  -36.56752772121765, -4.774907214839988, 55.29207238053549;
  -24.91663520697657, 0.6438668408287706, 38.01697895963513;
  -26.41013732695239, 2.082499787435764, 40.60271331470877;
  -35.10655939844329, -8.195314706925027, 53.73815719261734;
  -24.54279683668963, 0.5847222097916658, 38.01758205078558;
  -35.05626396034344, -7.5271816053148, 54.1934690023649;
  -38.31634084986627, -4.871721360996262, 59.31294517763451;
  -36.34548360181312, -3.733747192765234, 56.34426428239497;
  -33.8009042128196, -7.553593440761043, 52.46979161426198;
  -34.61764320816884, -3.976901813552944, 53.78539496542407;
  -36.60500261815754, -1.833218597344692, 56.86813246223121;
  -35.04214847485824, -1.984759701016332, 54.53843519563662;
  -24.65613389101773, 0.6019069352002172, 38.70552951132415;
  -36.92145455809184, -2.867312585050639, 57.59666930202978;
  -33.92556592633473, -6.953953526950159, 53.09115649386886;
  -35.16789800718449, -7.801743509140188, 55.06368025434198;
  -32.24231064553474, -8.079498633724702, 50.80346773817349;
  -35.19042473147297, -1.442965055156011, 55.42836383027268;
  -35.74290341559284, -2.140452166905996, 56.33848364190963;
  -35.42788596985663, -9.391719821372679, 55.88085564483439;
  -34.6890831086566, -3.872258225694208, 55.02388734522256;
  -34.16288833675067, -8.795935969020386, 54.28279670977779;
  -33.69850018152404, -8.208989821522799, 53.58091013123905;
  -29.49640486110302, -0.9244691641515056, 47.01290992948493;
  -38.79756601124768, -3.488305296516183, 61.55441792511713;
  -36.46431444479187, -1.548794147269735, 58.14373981777882;
  -36.00829760513213, -3.82694348174235, 57.5085933473288;
  -24.2042902863893, 0.5700150264912062, 38.99806167068085;
  -34.43798474675803, -4.0508753626202, 55.10355375926178;
  -35.27042333212465, -3.263254531965286, 56.49748155289723;
  -33.53127186759745, -8.306942658089632, 53.9376769649202;
  -35.43362527711339, -2.283958379257358, 57.41598170328786;
  -35.58612724318661, -3.313331428204757, 57.77185692213685;
  -36.03926826155102, -7.518564234803501, 58.50549506044848;
  -34.16676548526545, -3.542394085887498, 55.53591763857511;
  -34.99036608035394, -9.021849365055537, 56.98693071037655;
  -32.30679848642482, -8.053040829661182, 52.69421884761565;
  -22.55853574399122, 2.466260455825403, 37.15067068082255;
  -34.53322737236691, -6.125182496647505, 56.48039244793825;
  -24.11799395780157, 0.8896507458118009, 39.7589078177821;
  -32.00548597871764, -10.25945906368706, 52.49165903966502;
  -32.75173080890752, -8.711815112608157, 53.73044642996599;
  -33.02342635043733, -8.27215112820533, 54.16962192481431;
  -35.19041308801185, -2.988290932683116, 57.69920716061775;
  -32.66128913370588, -10.03617851129854, 53.85398600076708;
  -33.05566364368887, -9.671289804986728, 54.5204083105518;
  -34.35178238172625, -1.99381767732721, 56.67020669615067;
  -32.26370466415641, -8.452669207606808, 53.29898409399068;
  -33.40487286554122, -5.691042842303126, 55.23501904349786;
  -32.30144197594865, -10.44295091459177, 53.48556667065944;
  -33.25654610526875, -5.200435297788337, 55.23403455172341;
  -31.54293760835688, -8.965707882973181, 52.46242832607465;
  -31.65457734836429, -8.101267571963861, 52.68547776620637;
  -32.16696929856616, -9.543016812290459, 53.52020128881305;
  -33.13021403808332, -10.38094315594704, 55.24726708033843;
  -33.48569092173911, -5.772348293512437, 55.91000811561442;
  -32.5547030935215, -9.894550551745921, 54.37802485675771;
  -33.51499450151506, -1.836438543022724, 55.95932410397238;
  -34.15461117494089, -4.675506940779668, 57.02525230482997;
  -33.16806994329827, -12.84228372557812, 55.56318076946064;
  -31.93482908865739, -8.778731441227025, 53.56738487380239;
  -31.69112527041882, -9.029659654799128, 53.25137328989806;
  -32.1364824301291, -1.418783778746673, 54.04267352070701;
  -31.95773036126941, -10.22953409421228, 54.2961061731221;
  -31.30864009042407, -9.066329478985695, 53.23371532991783;
  -33.02705855564485, -9.957971897143777, 56.10581437017461;
  -31.53049807498512, -8.171350180708719, 53.63064606671512;
  -33.02804528356479, -2.037046286762855, 56.16540145323712;
  -33.53554881248774, -3.404446765734553, 57.06422731848452;
  -30.53500261672555, -10.02334619125827, 52.13515182294609;
  -30.80096140478157, -8.360277561952008, 52.81904088067467;
  -30.717968833061, -8.985149907171817, 52.69456315953271;
  -33.69618708522617, -2.849101531903238, 57.79398606655452;
