m=[-35.97087065301199, -0.5579254227556155, 44.96841031999188;
  -42.24547090537501, -2.722671168067544, 52.90173911247379;
  -33.69587397990187, -0.8576777169139898, 42.798307305764;
  -34.1932439890167, -0.6527202181342099, 43.4236890115293;
  -41.87094535294286, -2.448563928504788, 52.98536256362943;
  -40.91696799819634, -2.515645416808189, 52.10646732517505;
  -41.17299534409734, -7.355980995298019, 52.54146050178416;
  -40.87831184299962, -8.74061557494599, 52.17396468525049;
  -40.78604826833571, -3.57052341046092, 52.05017004125597;
  -40.81688461729299, -2.971740197244024, 52.71339203353776;
  -41.04111282247595, -2.13182377304149, 53.47134819380307;
  -41.19695739379957, -3.522515469372097, 53.92506309927907;
  -30.14005485591931, -0.21125644180611, 40.18367313855918;
  -39.8414565765918, -2.99722605620257, 52.86361839865535;
  -40.14010646435308, -6.622432090842058, 53.29341889707305;
  -30.09953193900823, 0.479714762276605, 40.26162647676841;
  -31.78769088705066, -0.8108599044453073, 42.72227530051563;
  -39.58705650071629, -2.828280984507532, 53.08672112429566;
  -40.61297900864449, -1.743492920870605, 54.48308171606359;
  -38.63709527132701, -5.997663986536476, 52.12050621849385;
  -38.41114890696348, -9.241251620147445, 51.93147873910405;
  -38.81996278258695, -2.373756186854116, 52.5925987874781;
  -38.26835655030941, -4.74614255542989, 52.30208910547261;
  -37.96044039712813, -4.485452906755972, 51.94331856990757;
  -31.45906569850396, -1.037222765851688, 43.45377111478436;
  -37.67169209217891, -3.392973874938539, 52.22486654738837;
  -27.20966262755382, 0.4180034448828753, 38.14675708296866;
  -38.90125994518561, -4.205332757728583, 54.25653989797258;
  -36.96296065256655, -4.201778818914065, 51.81013976068424;
  -37.77068433968665, -3.307034021183933, 52.95574888588131;
  -27.1587909478631, 0.8050147628527457, 38.39255314417781;
  -27.7766784351069, -0.05541626403296355, 39.32447744673347;
  -37.4751820022276, -2.91394110389207, 52.72379540909461;
  -26.80138968924345, 0.3549713207562071, 37.98298669618668;
  -37.80066198835207, -4.683323821652715, 53.25886631323642;
  -26.75586592733893, 0.3158101596724423, 38.17113509418309;
  -33.93061622906132, -2.093342780194315, 48.16696827656174;
  -25.86487913921251, 0.5119920667962545, 36.95507806888797;
  -37.21780725140568, -3.857013231190349, 52.80180842891085;
  -36.5191664335302, -1.673099516043908, 51.82679819258166;
  -36.65886248875223, -6.100906826601274, 52.23454814836325;
  -36.82363340597928, -3.138387016095915, 52.53971775741641;
  -36.57267195086492, -4.649428861355265, 52.35334830683378;
  -36.5892982642536, -4.189988609071396, 52.40123761857277;
  -27.69528850483658, 1.583257805985373, 39.94549039041665;
  -27.46675875815999, 2.027332249190475, 39.70072558621744;
  -36.49393787669899, -5.367208738390887, 52.47586338648355;
  -35.4589437587846, -3.764481131481933, 51.07979292313375;
  -37.91346168361459, -3.636106498641112, 54.66869645000411;
  -36.69454646785953, -6.547353108609335, 53.02242378148625;
  -36.42544241277319, -10.17107131910768, 52.65369732447229;
  -36.26234356199281, -4.823820671464024, 52.50717723167096;
  -35.97873826307394, -9.6721553546659, 52.11522870992089;
  -27.21823714390615, 0.4219345074343481, 39.78299911367703;
  -35.95621159963842, -6.793618690882141, 52.31968834445947;
  -35.83504955232948, -9.878638337934691, 52.16864741093207;
  -36.01175410056842, -8.121360464954822, 52.4531667677388;
  -36.2517131549647, -9.11442758237539, 52.82732063238394;
  -35.89512562107736, -6.01310343774348, 52.47052331311952;
  -35.02296808166928, -10.84102025061996, 51.29078556232754;
  -35.46187012102335, -4.640212822431245, 51.98992639794261;
  -35.58996108791021, -4.892615562621523, 52.38082798107013;
  -35.02035717077322, -9.861559384858978, 51.60098290862756;
  -35.20936373262702, -3.746263664881583, 51.86320878031287;
  -35.23301333757956, -10.40951465768494, 52.06311316848821;
  -25.38146129986194, 0.5777682386882558, 37.82678587901743;
  -33.55287254166021, -7.814498260608072, 49.77202600075254;
  -32.9454655897414, -9.559485997688039, 48.94989365018151;
  -33.54911530931215, -9.952486919510067, 49.9996860815437;
  -31.35025480146733, -7.706653067989433, 46.77397491219479;
  -33.71819494445705, -7.218584547151473, 50.51859535453205;
  -36.52518609205536, -5.216274591294833, 54.68138530151075;
  -25.36888778321638, 0.5937908914887694, 38.33106807444909;
  -33.926787294317, -4.29825468638679, 50.98109070109577;
  -33.10761788649185, -7.380235466167063, 49.78075347005741;
  -34.68621757212977, -3.562323831124987, 52.15246835642045;
  -36.07378860825082, -9.282273911169771, 54.22819203841907;
  -34.64805730436763, -3.990819255677719, 52.16582811381672;
  -32.5197686896293, -1.099594171022083, 49.03267570040308;
  -35.26531748026577, -1.804432215323115, 53.1387227265387;
  -33.2379848229033, -10.11890437342276, 50.22303030181282;
  -36.21058054495148, -2.092188008604009, 54.62218076480895;
  -33.54205442860752, -10.65313646374726, 50.75081178276243;
  -32.96704426753878, -10.88304890460569, 49.93620664315716;
  -35.1882401027426, -2.762424750550879, 53.25211552122178;
  -32.85872738398799, -7.271681049574458, 49.87367467998197;
  -34.9789450932509, -7.142990812919487, 53.03136447032277;
  -33.40699953548243, -10.24171296042968, 50.94727386431415;
  -34.78909178183697, -1.458668254385137, 53.12400268219556;
  -33.67724244314427, -8.863737107488594, 51.50596139018498;
  -35.12731902331558, -2.127606477288175, 53.69374924521065;
  -33.44875711840659, -9.236212175429268, 51.3223948422703;
  -30.83771950510108, -8.896812317661457, 47.42407539555185;
  -34.45843218112847, -12.27272325482903, 52.94892334116515;
  -33.8761353767918, -3.804059024014922, 52.08507827730986;
  -32.43443868333863, -10.03021104730835, 49.95027924671099;
  -32.95526283968311, -8.461088943588312, 50.74650260712439;
  -33.9891917710825, -8.249716202265987, 52.36096388414555;
  -24.73145140281011, 0.5555747080804454, 38.35585395813686;
  -32.68552024337585, -10.12966735925768, 50.42304898485873;
  -33.30341534958352, -11.07171702955424, 51.38465158650705;
  -32.3625089247498, -9.893217319884569, 50.09896464084743;
  -34.69791074188931, -1.522598751994468, 53.6741278777121;
  -36.08017229062881, -3.840427460286465, 55.89703407938259;
  -34.44818215923998, -4.03598496001504, 53.43502475184255;
  -33.24858235094394, -10.40038449064372, 51.71647952212116;
  -35.64860434136552, -3.319638918446766, 55.37328992416621;
  -32.48082091626574, -8.023571443514285, 50.62548334522679;
  -32.28508462767454, -10.70461325123376, 50.58998079884859;
  -23.89696478838476, 0.5132413871430567, 37.68427858688275;
  -23.10954241492822, 2.481296017844674, 36.58522856159286;
  -33.47157433330135, -2.173743941194714, 52.60788373797099;
  -33.14708587310609, -11.38281455187434, 52.18033958656108;
  -31.99191947540696, -6.67121528219811, 50.38834121718191;
  -33.36042772293754, -3.110992953739265, 52.53729731379782;
  -23.58993316827068, 0.8388769199491639, 37.44564825803698;
  -33.98079889890801, -3.539010412744016, 53.54158360819546;
  -33.72005408169561, -8.390048409433874, 53.26791101236825;
  -31.03969452736147, -9.904185859788001, 49.29881492840646;
  -32.36214260436164, -8.570759291524201, 51.43375053433611;
  -33.33023119810277, -2.818770911083, 53.01759381073754;
  -40.41418076245432, -7.171843925718554, 64.09052512219125;
  -30.92338672987749, -9.760623786203256, 49.39740727335866;
  -31.47000357342797, -9.160547065515818, 50.29545132337187;
  -34.20361759516845, -10.47749547787521, 54.64110414799475;
  -31.6107362973241, -8.251506420343187, 50.58174505048517;
  -33.37566091469162, -12.22826942760264, 53.39069187663322;
  -32.93228193226894, -1.92830100199365, 52.68138027429198;
  -31.75861340769955, -5.423712538796641, 50.89629336834496;
  -32.84402263997981, -4.081698380315631, 52.68641924936774;
  -31.1804270069375, -8.826718984553237, 50.21677088215351;
