m=[-9.960547063674033, 0.1636615311033466, 13.44085063604043;
  -13.80784341920222, -2.012268316929847, 18.35149847858114;
  -13.95872072370924, -1.892342908991147, 18.54974180374111;
  -13.93598760678063, -3.749087191908602, 18.5388366666885;
  -9.887836350615126, 0.3014477086378334, 13.45562838911886;
  -13.86026569345356, -3.91785362277128, 18.50082531749201;
  -9.816414588899367, 0.1445683747193475, 13.38975646283659;
  -9.762980251267239, 0.1216065985520511, 13.40449828692627;
  -9.886860489513762, 0.2029278939552722, 13.58344753586755;
  -13.58467229847757, -3.80149524338594, 18.33214117771965;
  -13.8495511315349, -1.461894954679944, 18.73859663924608;
  -13.73716956737562, -1.541292804655925, 18.65735213692777;
  -13.56247668197209, -1.167645981277476, 18.43354613583932;
  -13.37759137168999, -1.02225409539657, 18.24370886010338;
  -13.52460869642496, -1.381242502460998, 18.59849801238894;
  -13.47787177169458, -0.6000419110076465, 18.53572869907616;
  -13.3271154535428, -3.982378654776548, 18.38617283108605;
  -13.38911886054115, -0.922519444532369, 18.46776572456374;
  -13.25347668528, -2.175449419367743, 18.29991826927412;
  -13.41224553821861, -1.121684708365042, 18.54803501146209;
  -13.50951009928593, -1.692571918948864, 18.74112875936077;
  -13.53142206255575, -1.526048129418816, 18.78075959172547;
  -13.16138234296304, -1.908036374329198, 18.34067555164582;
  -13.017322623067, -3.283081985139922, 18.19192321706196;
  -13.47715849857982, -1.404251636906517, 18.80661249796181;
  -13.20435306608555, -2.327256506309627, 18.49267026521905;
  -9.31719815167707, 0.2200628176026477, 13.35913226941504;
  -13.14109726344431, -1.724184924177922, 18.44001428048677;
  -13.29944788373228, -1.035339638959739, 18.64989379716491;
  -13.24954904479104, -3.512113013151737, 18.59393360811023;
  -12.90046142640942, -3.514942137743004, 18.19425708931776;
  -12.97269219579366, -2.416935638582588, 18.29095477756937;
  -13.03726452492058, -2.908557614182837, 18.39970298834365;
  -13.04021389521797, -3.398818378287061, 18.41059968374779;
  -12.99662991456922, -3.228583578897061, 18.35290515303843;
  -13.05406778893884, -2.994901363541413, 18.45427419588809;
  -12.80438427660289, -3.919832558548639, 18.15945702816612;
  -13.05130342047104, -2.159628931690159, 18.48666859575458;
  -12.72896208148228, -1.642317858847329, 18.08081685835885;
  -12.98681831002145, -1.563146656717434, 18.45778518094744;
  -12.64621286737223, -3.524440766057177, 18.04746593623083;
  -12.1933296433129, -3.55972807767415, 17.45331110759831;
  -12.8629269765902, -1.340157485262452, 18.35887264771758;
  -12.37269935045236, -2.846244105193223, 17.76432418488731;
  -12.26813340900807, -3.519524637105399, 17.63532790709078;
  -12.43535264050219, -3.703705514712941, 17.87824447172566;
  -11.91537712616126, -3.492600612040304, 17.18760576833462;
  -12.35813564713215, -2.915005668249422, 17.82002079129721;
  -12.23533139136116, -2.58634809679576, 17.74813986189625;
  -12.21271380471383, -3.592505416808405, 17.74329595603751;
  -12.06901702954786, -3.766598744201211, 17.56091355365863;
  -12.95388264899191, -1.819997909897095, 18.80650894305038;
  -12.42767684969415, -1.556079374928112, 18.08447903990794;
  -12.26166725119781, -3.116172381199206, 17.86830251814222;
  -12.5417755165537, -1.265849293081632, 18.27067090877174;
  -12.64198503764777, -1.433178844594959, 18.44113924299782;
  -12.53671288498789, -0.6267381786080428, 18.31003394084242;
  -8.996620814146311, 0.2099028711961461, 13.42647985289024;
  -12.52740014970946, -0.7073512184668741, 18.32573141328245;
  -12.32164504969319, -4.024306977700261, 18.06241259557982;
  -12.27235420868684, -2.682274272045712, 18.02858687303835;
  -12.27278762989726, -2.479371517405471, 18.03007648050625;
  -11.81869088154854, -3.582386699150911, 17.44978617188968;
  -12.05155187391857, -3.133617919884218, 17.84891011817044;
  -12.4048714247662, -1.256786979425332, 18.36349522796458;
  -11.7879989346234, -3.373098594464147, 17.52737737873163;
  -8.317262770260252, 0.8982544780980067, 12.65600555808209;
  -8.760039295976887, 0.196104460466516, 13.28597299222872;
  -12.6090850289885, -0.7420868082472949, 18.68564553964281;
  -11.95795007386794, -3.212480648760382, 17.80531751162477;
  -11.96488887449039, -3.380068921376578, 17.81330609977223;
  -11.82171575411625, -3.617433507736629, 17.61862677295602;
  -12.90296861964528, -0.626811257981353, 19.12441993402818;
  -11.91298898343583, -3.026511774667226, 17.75907577741948;
  -11.66637978527983, -3.568988748070441, 17.41946964641036;
  -11.65453357268181, -3.522691375138197, 17.4603292375196;
  -11.8680945132294, -3.234939280560941, 17.77077609474789;
  -12.36737029034655, -0.5277202849663697, 18.54499585901214;
  -11.67811678200194, -3.61259022123374, 17.58948682005583;
  -11.78082246371751, -2.87554288984395, 17.77441604712291;
  -12.53375361084225, -1.298716938411621, 18.84131139244599;
  -12.58098896453041, -1.445485247662726, 18.91544662129592;
  -12.2982098040851, -1.117381496280571, 18.52982623215115;
  -11.81020697611777, -2.429083034840515, 18.00491509065143;
  -12.32258780573518, -0.7836547110431021, 18.7651742151374;
  -12.20116852630975, -1.118852517310008, 18.61574501106695;
  -12.085176597922, -1.239320611354479, 18.45428318739017;
  -11.65669068781801, -3.051820076353573, 17.93698449970739;
  -12.05123848293983, -0.5651093676956347, 18.54023926742658;
  -11.33026334249929, -3.130160200807899, 17.5346780549486;
  -11.5455729897755, -3.320847580137619, 17.85653303790757;
  -12.20731576939449, -1.020883171967502, 18.81355851110141;
  -12.01384827808316, -3.637433501164139, 18.60129079267121;
  -11.21357955559376, -3.137405452695253, 17.475832671584;
  -11.73827061765007, -1.431495443978594, 18.24297273053697;
  -12.07147692520566, -2.020197478377755, 18.73160996776073;
  -11.2407697697723, -2.830996488979919, 17.52789167038193;
  -11.92916628524457, -1.845116838678487, 18.59941708930055;
  -11.78155432990554, -3.635876356616578, 18.44074472207142;
  -11.64354397488583, -3.484600573723582, 18.24957276154497;
  -11.78156795741524, -2.001031666273887, 18.47314652754545;
  -11.66307844463979, -3.837790195520848, 18.30421413434598;
  -11.13474774476462, -3.121832200418857, 17.52790756674063;
  -11.75154948020408, -1.583750016250045, 18.4311196506739;
  -11.77136060547099, -0.6374907275687355, 18.460554156664;
  -11.69465056533277, -1.74688076468557, 18.4090133557788;
  -11.33763609040894, -2.888981138593612, 18.08394070167178;
  -11.60877331093922, -1.157109180031594, 18.55479741136282;
  -10.97097166743375, -2.928282532942492, 17.62222903144372;
  -10.96751625129686, -3.164320907067285, 17.62282788353899;
  -10.74789407089571, -3.407092566504701, 17.33037698371287;
  -7.774191759424414, 0.9825249651103932, 12.85111053980353;
  -10.87762785120311, -2.979738497901299, 17.59958644963753;
  -11.44368967756227, -0.7594879624724334, 18.47644906439083;
  -10.87083303558169, -2.82041476423591, 17.62951404568574;
  -8.715573622870398, 0.2612552772843644, 14.3236342404545;
  -11.45059822901877, -1.81967749418142, 18.52803627102434;
  -11.5133590187138, -1.356506012508534, 18.65770140365016;
  -10.89884385031878, -0.8182609300376605, 17.71874718489538;
  -11.35397546857348, -1.612213448061077, 18.43307028883628;
  -11.31032223284449, -1.699508339529157, 18.40249982281949;
  -11.43838414930721, -1.457257323198067, 18.66624631266217;
  -11.38717447449433, -1.151275432855579, 18.68284988043245;
  -11.38814190726255, -0.7581181837107622, 18.78007573445588;
  -11.33276273215285, -1.458071971362798, 18.77775072704958;
  -10.84975627417732, -3.586979751484497, 18.04131269196221;
  -11.24749707534497, -1.2811478087116, 18.65335663089337;
  -11.28949687216001, -1.062309431203015, 18.73971839099996;
  -10.86564091587061, -3.503286699053037, 18.09698230130343;
  -11.14603387153757, -4.182280208189462, 18.61739445112695;
  -11.27619990023481, -0.5162888409162114, 18.86637915679354;
