m=[-31.66998843052307, -0.5369115712584335, 39.35011778731051;
  -37.6992157691594, -8.908140512779879, 46.6467993127614;
  -30.50151518196167, -0.7487750612144504, 38.19170715587168;
  -37.73628166859749, -3.156268780778119, 47.91600466649889;
  -35.09864968515415, -5.595270703279788, 44.72609306340138;
  -29.6857582299384, -0.1682025757290404, 38.15095759697321;
  -36.21771366677979, -9.544624436177593, 46.59409293236296;
  -36.87396167028864, -2.722422878671278, 47.43745024701209;
  -36.26333570964647, -5.91554489960387, 46.68118840049601;
  -34.84121966481042, -8.202566823961012, 45.07946918827441;
  -35.69149276870978, -9.023278517817031, 46.17153500280038;
  -35.33401325347199, -1.477201085529956, 45.98516783852228;
  -34.85142276347963, -6.662407908106738, 45.43618892343665;
  -36.81579428017282, -1.744035842682628, 48.00656143810628;
  -35.98602576773592, -5.521634172766455, 47.04592687549974;
  -34.58690758074479, -8.230749828392726, 45.30998818330891;
  -35.57268923808728, -4.345208858257015, 47.12256115493699;
  -34.55114330356062, -4.68399736065898, 45.91500897474781;
  -35.34505467998558, -5.150966123629272, 46.97581638875501;
  -35.94810085519841, -2.000983662892236, 47.78725089732198;
  -35.41729882447505, -9.528032396515119, 47.11510490743919;
  -35.15672943309926, -9.937682496181447, 46.92756433113024;
  -27.39587393157797, 0.4501410057995829, 36.96823549993957;
  -35.89124837118926, -11.26199128062692, 48.16056334878341;
  -34.53892038919193, -3.037863699940232, 46.41407463948041;
  -27.2234557320326, 0.8299539009981888, 37.0463962801195;
  -26.92205590254709, 0.3964867040493484, 36.7221421578523;
  -34.61936671884176, -10.86026100771431, 46.91281526720106;
  -34.93152614996089, -3.919272427010644, 47.4427996876382;
  -35.09040527972112, -3.021068472009089, 47.69339847115471;
  -26.71362495316632, 0.3327419478420114, 36.67760568048159;
  -34.08670751770298, -2.604749643668845, 46.48579483960646;
  -35.1341504892507, -4.27653477008155, 47.99416441485235;
  -34.6788149791448, -0.8448876795074476, 47.64057179889289;
  -34.43478110819042, -3.516758547117609, 47.35332624943286;
  -34.68748454914977, -1.544304981490642, 47.70469802263127;
  -36.98648988627065, -2.220113139407135, 50.80798179739901;
  -34.03166829708326, -10.16926655172875, 46.95030497946417;
  -26.46742430874467, 0.5875209087100807, 36.8101644822701;
  -34.43711211191071, -5.652569308984704, 47.54951112395474;
  -35.05110374579829, -2.931372451462032, 48.47280029394732;
  -33.47595737108652, -4.194116958336275, 46.4396727063823;
  -33.72158137399744, -3.80305602315338, 46.80342612254867;
  -21.4058248929718, 2.882435993057047, 30.15717527368319;
  -33.72866914807435, -4.889724036217946, 47.00164173593716;
  -35.10024177056045, -2.929550729388272, 49.06290833220096;
  -33.80423861881968, -5.957969608412888, 47.34276910166997;
  -33.74033618419047, -4.426919443576841, 47.34553504870902;
  -34.73191647151706, -2.703821254413525, 48.70477024524541;
  -32.10997110640655, -1.543626741651764, 45.26765559135432;
  -33.41479475131231, -6.523587573038159, 47.09321165781921;
  -33.11878360448704, -9.023755367687199, 46.70931088960536;
  -33.67465909123209, -6.273908487638996, 47.47986441761934;
  -33.339086139614, -8.689542947464163, 47.06921018860776;
  -33.13599843975828, -8.231544726301316, 46.79227157452457;
  -33.09351466809624, -5.476059319595058, 46.87568885865025;
  -32.79515155327557, -10.03964736172166, 46.51079915276527;
  -32.80723558634154, -4.232859565293484, 46.60094157469582;
  -32.32943750981392, -3.89130354723022, 45.9488843481036;
  -26.12480970876779, 0.6170416406577789, 37.45812665258247;
  -33.01583078000631, -3.439840157104981, 47.12251214298726;
  -32.10759965751822, -7.386105785700998, 46.09905995120433;
  -32.16960537364955, -9.228927898304644, 46.24350913802866;
  -32.02073404432908, -9.536952645707091, 46.03604963674799;
  -31.31095129258217, -7.385547715471081, 45.14935091836364;
  -32.33214204126568, -7.798653676963118, 46.6386008704664;
  -25.05600319302937, 0.6094540957585451, 36.43400098682046;
  -31.6070307286187, -6.681207165998459, 45.84804318310913;
  -31.41755416706738, -9.241822524695261, 45.64513430143206;
  -31.55283178889998, -9.847268945026514, 45.91066116332779;
  -31.47928686425493, -6.933318294068988, 45.81101550917717;
  -34.63368897274523, -4.865972870869546, 50.28135571750345;
  -32.06643888406922, -10.00755969902421, 46.65798049983473;
  -32.40938150571728, -4.058004623483948, 47.1614113904924;
  -31.87268105103181, -8.100103058684306, 46.44643305162774;
  -32.28662488323407, -3.258709361405006, 47.03467202214969;
  -32.62057743198804, -3.69808391125068, 47.58434761778623;
  -31.21942687213392, -1.560728630744829, 45.59638326940693;
  -30.85919088201361, -9.284155214052188, 45.13199471452403;
  -32.12182705895896, -1.813737346776122, 46.98947651959873;
  -32.14394128458768, -10.49836175938007, 47.12009862228356;
  -32.8186395229887, -2.531620868186824, 48.13862711597603;
  -31.72432061437608, -6.933741280205072, 46.60431572122946;
  -31.9880110999714, -6.46227784684506, 46.99391075478061;
  -25.06792383027096, 1.597140839272392, 37.2209493200842;
  -31.47443029107981, -8.183911898659495, 46.61509846726818;
  -32.65309525969341, -1.334265588449169, 48.32690606370002;
  -32.58973914887496, -3.301796401001068, 48.24407273953305;
  -24.97018356259831, 0.5825868770464066, 37.2652880956182;
  -32.480990322506, -1.911614869891424, 48.13420407171316;
  -33.19997200826818, -1.612816153622512, 49.20807181669765;
  -31.32108217235458, -8.541083006465383, 46.53384892382698;
  -32.01069651189948, -9.159759515668469, 47.59616632405428;
  -31.09392191226265, -8.784001272542165, 46.29257778118235;
  -30.92873167703874, -7.85748821947487, 46.10645492207876;
  -30.28187803016064, -7.255977911728214, 45.18913297142339;
  -33.20416552083067, -3.686451669310179, 49.45379499602058;
  -30.53033907571219, -9.33986709171568, 45.58589079150473;
  -30.83276744933066, -10.1340576672982, 46.06050123746961;
  -30.68251756453577, -8.363270210342252, 45.94268684452591;
  -31.96600654559276, -1.364001375186798, 47.93334759935948;
  -31.67656736986515, -3.2822485483035, 47.61766412442801;
  -32.46613514140076, -3.730177295904724, 48.81265280482405;
  -30.57046708973936, -9.456881835361143, 46.04499492475033;
  -24.50692277977952, 0.548618186179871, 37.16859059345989;
  -30.51601477091105, -7.448555444334922, 46.04129671835847;
  -32.14270431110514, -2.920397652162064, 48.42970928324491;
  -23.67128606258841, 2.55647071583307, 36.01953385989941;
  -31.43240381352478, -10.30548586569487, 47.67130278998046;
  -31.89739100035009, -2.028513906451883, 48.5742206560982;
  -30.95845228215269, -2.83890368313637, 47.23438188556393;
  -29.86680031826995, -9.220476597231379, 45.63707221796138;
  -31.08394477472318, -3.187621887804492, 47.46574572626206;
  -29.83359383190976, -7.353742730854972, 45.66249305044894;
  -29.31662180415534, -9.247900134028898, 45.04134516593496;
  -30.03523907955261, -7.863479273482901, 46.21737268691194;
  -30.765820912812, -1.442677748622157, 47.33170634618325;
  -31.9114054801084, -2.668712554331683, 49.18092605392491;
  -29.85009137799553, -9.31499527664181, 46.12644029137196;
  -28.2666195071194, -7.286904249488344, 43.77686516521029;
  -30.35156338761522, -8.730005511066064, 46.94212187329784;
  -29.76369310162446, -8.222679805358755, 46.0621929505971;
  -31.28411691191056, -9.471893790877404, 48.43784792354804;
  -30.6051091200946, -1.755828554732018, 47.4322152526786;
  -31.32223328365111, -5.241868670159737, 48.60348578917324;
  -30.3453512525918, -3.700650076911547, 47.16107111785292;
  -29.0561989909766, -8.129525161607619, 45.28271004999952;
  -29.3593951656968, -7.394186193206351, 45.78052113086672;
  -29.22102881663338, -8.539373495791667, 45.58258107962364;
  -31.33877450804587, -4.84725413039693, 48.86200126690032;
  -30.38444759754738, -9.376869259801953, 47.55839730291509;
