m=[-49.24033371557665, -4.034732019424885, 60.59235976737893;
  -35.7667208028013, -0.9955675126305495, 44.5797897507515;
  -46.76838867310984, -12.18267022290922, 58.2543421427004;
  -46.71463956938818, -3.371150930976344, 58.22280006136091;
  -49.07071251199409, -9.169030630430342, 61.14746667671882;
  -48.41595659190738, -7.805371750992608, 60.35476920001148;
  -45.60124548624776, -10.62579637497882, 57.08081327771212;
  -46.95132087368152, -11.74697914342146, 58.79592193527621;
  -46.12572138796166, -1.887336800292507, 58.11163220311551;
  -46.14041850509421, -6.962612932976265, 58.41557732416103;
  -50.16969412923955, -2.331828012711741, 63.39831117235256;
  -49.06002656686186, -11.54060462128341, 62.17782321817533;
  -46.08126438614455, -13.15951167942693, 58.64376920758112;
  -46.74952420490016, -5.637607297139786, 59.97754040008351;
  -46.08761295625693, -6.64211051801295, 59.31851733799286;
  -30.49589444968902, 0.466743684026527, 39.55015176601323;
  -44.75634243537493, -2.444207733155211, 57.64419235959544;
  -31.01151634428294, 0.5378598551282208, 40.24293962902281;
  -44.93144807057097, -2.023356810122114, 58.0252155758031;
  -47.54835309565473, -13.22713353691886, 61.43234802163326;
  -30.99502911261158, 0.963441976229533, 40.56286073827366;
  -45.89912791324613, -14.22744925693215, 59.66038625508454;
  -30.57278651305755, 0.4781726185837318, 40.0910577845204;
  -45.89832060124688, -5.921009920611775, 59.76774860946406;
  -34.51674405570527, -0.8587794223577924, 45.20502835255486;
  -30.73236931102252, 0.4162872280594731, 40.56191510687491;
  -45.80296135260358, -14.22170867080674, 60.08968197872186;
  -45.76870791459042, -5.444120973622522, 60.07595293525007;
  -45.91915065686988, -5.073693272606363, 60.40129556111275;
  -44.66946637912497, -3.805408552106298, 58.81453412693704;
  -48.35714251882751, -12.38102159921763, 63.69513964190958;
  -45.39493191061015, -3.429298407401807, 59.93060130271667;
  -42.83037303803327, -5.139070899263772, 56.6790463482219;
  -29.27766384969177, 0.8490233866985368, 39.06842894423691;
  -27.9613625650283, 0.6331450943268874, 37.38382203907201;
  -44.00471404967654, -5.755539724387009, 58.4808344119991;
  -43.94955834705357, -1.041704049703174, 58.48293836816716;
  -44.67414672781239, -4.496561868574021, 59.49325956377424;
  -43.45495113047956, -2.571258476888659, 57.91305680620217;
  -44.48534159700292, -1.936800235445359, 59.26056228414318;
  -43.40495382929789, -12.80882632194079, 57.95999882184964;
  -31.32713369769104, 2.27946536895945, 42.09469423576083;
  -42.81897037649915, -6.94572676923023, 57.25777093803252;
  -43.19841367643944, -3.548546742099324, 57.88453557535399;
  -44.05273851519582, -3.415144880482953, 59.03609404229363;
  -44.79213227218953, -5.551626555841109, 60.14380202159642;
  -44.31262356518479, -4.930292285446156, 59.53870111728077;
  -44.43992289974797, -6.375343972338062, 59.95697456470727;
  -43.60075502188876, -3.587441564175911, 59.06836796115856;
  -45.27833515222466, -10.18474935972064, 61.34532523619885;
  -43.06333937061643, -5.577317693455416, 58.51023981731591;
  -43.28769199045584, -3.304689595147012, 58.81921832059704;
  -39.56796683762423, -1.847496445611426, 53.94768634461808;
  -41.62515045075305, -8.029403257531401, 56.78984293042736;
  -42.85852852795274, -11.54486467534834, 58.4971465837379;
  -42.17481430834565, -7.776716718778829, 57.58107672656437;
  -42.52675788497712, -10.97418728841102, 58.12282256956381;
  -43.42017671772315, -8.552606778980412, 59.35335579856456;
  -42.06907206297467, -6.890458178606138, 57.6821855864712;
  -42.45105276510768, -7.495335309296877, 58.21166246574544;
  -41.18624177208534, -12.0243617295835, 56.54752767380969;
  -43.25026316367492, -13.10608829035549, 59.35590841903817;
  -42.52679255121375, -5.428423785269726, 58.46474674046677;
  -43.34449922085453, -5.175300202019546, 59.60556098393985;
  -42.12961691539934, -4.339757585737706, 58.21254786746127;
  -40.51526549634361, -9.213455177654607, 56.27230290899204;
  -39.87551484645777, -11.31327679519171, 55.45194617090103;
  -40.37216018541332, -11.91131360912105, 56.15125879560273;
  -40.88736077650169, -9.539238248509935, 57.0023489026397;
  -41.7623855812488, -1.55855011196751, 58.25009839699325;
  -38.05548005724221, -11.26332418220172, 53.36201827865177;
  -40.86879422113017, -8.539923468174965, 57.33745276256913;
  -36.8598890142688, -5.116453166973422, 51.88243867880686;
  -38.61421434488542, -11.9281439125771, 54.36466345352525;
  -40.14358516536556, -4.96830941014052, 56.54533836511396;
  -39.55800968066811, -3.938981127001188, 55.77738687785076;
  -40.41858868670021, -10.16904435959616, 56.98745356095104;
  -38.72078617438374, -11.51859914627407, 54.7402856902087;
  -40.8744052637465, -4.584291947829231, 57.72919353830768;
  -42.91422616391625, -2.133784486280089, 60.62148645869522;
  -41.4579371714273, -2.291470754430483, 58.69694103329242;
  -40.9312746642721, -13.23264422696251, 58.06902507863131;
  -39.51030185786544, -8.530474078782127, 56.15480217670454;
  -39.82811661713247, -7.95812760808672, 56.62587081794811;
  -42.32802692174123, -3.202479754053953, 60.12548491512857;
  -28.00674751153034, 0.6620822646986925, 40.17455437495386;
  -39.81002858170724, -10.23903680289844, 57.04185397173096;
  -40.4117538473012, -4.030954145503205, 57.93252723064062;
  -41.87444354748578, -1.668850304151523, 60.02166604599857;
  -38.29191406508601, -10.31127899032138, 55.02858592496722;
  -41.31906117264197, -2.39151744492912, 59.29586710697292;
  -37.06383232648929, -10.47037998911447, 53.33502952096359;
  -41.05961267569363, -1.944252642091406, 58.96477400817616;
  -39.5671454245018, -11.4804865050872, 56.97286714214032;
  -38.33468312872943, -9.627701910111696, 55.26694805966687;
  -37.72299261069108, -11.4182295694981, 54.45625172895942;
  -39.04393455329171, -12.69623112055061, 56.40520048813641;
  -41.47728344206732, -4.514564467356007, 59.85392385683169;
  -27.07399674930351, 0.6223574193345531, 39.45904759426998;
  -41.41946355489444, -3.559870533520639, 59.8993428534162;
  -25.05887316146222, 2.698331277731444, 36.60631157924583;
  -40.56308883589308, -1.693002762130552, 58.89078120682542;
  -37.7930142432515, -11.56581113372497, 55.04509083832075;
  -42.16855810319017, -4.755241308016823, 61.40404148645295;
  -38.53502246556626, -9.297680126263998, 56.22121176909451;
  -39.98742590643735, -3.57237374971403, 58.34383071667174;
  -39.70885496633386, -2.11651557024058, 58.03517983719025;
  -37.61692002131891, -12.2094419258984, 55.21874090933191;
  -38.571430514421, -12.96778399706053, 56.82465141465856;
  -39.22524406664624, -2.444163863605352, 57.84531130402433;
  -36.8519105110266, -11.25483795365223, 54.43399635010772;
  -39.73922750430468, -3.597053591709555, 58.67349239412759;
  -39.69475983639989, -9.662130816539653, 58.72809326151194;
  -36.83487781565075, -11.48518688382033, 54.68042306376015;
  -37.03150757970233, -9.541158035295801, 55.12111997811831;
  -40.68273324737625, -1.884408241256439, 60.57005569746411;
  -36.39148663681525, -11.2345264399507, 54.37192504251988;
  -39.31007023403166, -3.206574180968681, 58.67813630245291;
  -37.27968218887315, -10.58271781265806, 55.76442176683474;
  -37.02671959952981, -10.09127295038785, 55.39289142003146;
  -38.21747561320329, -11.43848688860182, 57.28163106655868;
  -37.27489827024564, -11.73547372543149, 55.93948006016272;
  -38.92292191171489, -2.21185146762989, 58.37892954758806;
  -37.86503667475824, -4.540207448769198, 56.93123740535715;
  -39.29204562994977, -6.556946794682781, 59.05989473422858;
  -36.39072548383018, -10.06828452868805, 54.80370726251381;
  -36.0894737798145, -8.982808182031695, 54.39537364119344;
  -36.60950671965056, -10.5842722635361, 55.19620437411211;
  -38.59042708624708, -5.901034521011304, 58.26506334846953;
  -38.26103189023467, -11.32219376925707, 58.01743760370841;
  -38.39888378594598, -6.446384925266556, 58.25995988349682;
