m=[-31.21710537833415, 0.6542008289024451, 38.97804891347182;
  -38.68800930916549, -5.41588684535077, 48.24847084928789;
  -30.8644026290606, 1.051688567045418, 38.86388037148463;
  -38.84176556063174, -1.614685202839098, 48.59593202984279;
  -39.24318464354656, -10.76109998814539, 49.14507907967981;
  -31.18140943648402, 0.5838463364982949, 39.33039496724319;
  -32.74207441616947, -0.6994813057986392, 41.35514557524682;
  -40.51987615950885, -12.33474922167798, 51.02494560002275;
  -30.6444870558553, 0.5095270895568798, 38.91376184947532;
  -38.51436218542391, -4.810699957690749, 48.60177967210063;
  -30.90516193053727, 0.754800194493818, 39.31734374575074;
  -36.64267806091362, -9.928815799879377, 46.37176167979302;
  -40.56926527524956, -4.06358936702217, 51.49453874247865;
  -30.5667423217475, 0.2473592300210238, 39.13625206234655;
  -37.6170005579808, -4.318982509279217, 47.8547664253003;
  -30.80568580588867, 0.9761215065114373, 39.51166725088005;
  -38.31096693692713, -4.073661454818315, 48.84743585458682;
  -38.3560478570447, -3.14512828130408, 48.9211638180259;
  -28.75518686128883, 2.851525723684519, 37.08234974426884;
  -37.54290951511077, -2.699473983246125, 48.03549078327394;
  -37.66080878095687, -2.954567652544513, 48.47449729075147;
  -36.84339813936809, -0.7430223047357926, 47.50641615614863;
  -38.99151360716314, -3.772836630012495, 50.31538361713556;
  -38.61459213496111, -1.545464519440751, 49.84855340048763;
  -37.99430591404123, -2.114739937953143, 49.04670918695135;
  -37.05698303809626, -10.69146130895621, 47.92502099651338;
  -37.69698773879212, -5.940031414184185, 48.81332775009199;
  -30.87494849286349, 0.598918133081056, 40.27376875918143;
  -38.29302676342567, -2.996373735892886, 49.7020095157135;
  -38.06830030323651, -2.804544098221486, 49.43200543202047;
  -39.49137110314676, -4.716510709985703, 51.3956355435446;
  -40.26077707940775, -4.31080375297047, 52.41921928571176;
  -37.03762585803209, -5.151743748107109, 48.42240075575337;
  -35.79768417371931, -8.737876445764712, 46.92489014397726;
  -37.17907311069406, -3.661708028116586, 48.72288363687236;
  -37.74153810006902, -4.728397480120949, 49.67176478246103;
  -37.76041549292103, -2.739156831408699, 49.70919506758902;
  -37.41265321629002, -1.590217873566728, 49.36418812351922;
  -36.37032995247165, -9.593436842073787, 48.07499923234419;
  -36.96305233322783, -10.07090677830288, 48.83738960201251;
  -37.006730570561, -6.648055910000817, 48.92388663066654;
  -37.53957983549833, -9.468373561787061, 49.68659523282973;
  -35.17369741819246, -10.06643890295363, 46.74036314812673;
  -36.50625589429296, -6.251647448350064, 48.49174889976089;
  -36.43513277182066, -10.85118099311261, 48.43120805701735;
  -37.39938322621071, -5.919301106930528, 49.67463472345852;
  -36.05069318742489, -4.450085916612225, 48.00493271407895;
  -37.05329281485604, -4.237688233152236, 49.38949733807289;
  -36.19886687785087, -9.792997776070944, 48.38319091983625;
  -35.58071806273382, -10.05819454962742, 47.61954142354325;
  -36.98773167831507, -3.655553617677372, 49.5033886988534;
  -35.43182184492176, -7.871705849387672, 47.62925528195617;
  -34.96429588897898, -9.718834309849152, 47.04316074196948;
  -36.208347708639, -10.47169558434583, 48.73363431857099;
  -35.97416846433785, -8.198272877614508, 48.54996645649054;
  -34.29011821554838, -9.936483744254446, 46.48978039868108;
  -35.17220435688629, -7.167966675304101, 47.77331378099596;
  -34.58297580249673, -10.47221750449146, 47.08886770294179;
  -39.63503103055376, -5.318696812458815, 53.92661903478571;
  -36.01204511685971, -4.307780872029282, 49.10115473168775;
  -34.65559930538659, -8.532303669497255, 47.29542056757274;
  -36.75121226342152, -3.507918897172942, 50.15351068687271;
  -36.53443622570885, -3.943869386186037, 49.96665981027733;
  -36.78290757565363, -1.71468847113137, 50.34960203021792;
  -28.68509220598342, 0.7702003748302525, 39.57462961919275;
  -36.92943013245412, -1.912999206335569, 50.64398864749409;
  -34.26223991316217, -10.84930272588166, 47.0603997173655;
  -35.77296193089133, -7.535531803663282, 49.20366567367882;
  -36.73193759920724, -7.158103823767267, 50.54632773367015;
  -34.03270124067856, -9.994812321836033, 46.98647649723887;
  -34.48862494927001, -8.68123734626265, 47.83013436033311;
  -34.407108084816, -3.274186248333769, 47.77357159749766;
  -33.0670694874888, -9.162822919347731, 46.0020351340747;
  -27.10797480926393, 2.984733534453722, 37.99982118992922;
  -36.12312614038372, -1.293596622999178, 50.18562567502746;
  -28.09627802312707, 0.7338242381355076, 39.36390816223432;
  -35.75287637949284, -1.918162674763343, 49.71863992508445;
  -34.35363978033873, -8.885110551708182, 47.87124436104093;
  -33.76201228882873, -9.604405631615407, 47.04874909254148;
  -34.00165739462859, -10.081901051804, 47.40623386103533;
  -37.19915350231374, -1.608011180142745, 51.76224880963015;
  -34.57743943602308, -8.475344980044815, 48.22845238084669;
  -33.52561484517009, -9.935633970230336, 46.80465133754174;
  -34.15174990159176, -10.87948630727643, 47.74050876491829;
  -33.65362384325115, -9.853964094950593, 47.14825954296164;
  -37.40337519100985, -3.053963918551234, 52.41394843993047;
  -35.74447573187874, -1.358202544815989, 50.27200617716353;
  -33.81870551380732, -10.14043432531044, 47.6417078065198;
  -34.23900511707512, -8.071300843021797, 48.33663728450517;
  -36.38174427540913, -3.957489086573043, 51.33926667879467;
  -35.07555454614318, -2.986064002375072, 49.56417261122245;
  -35.50046460699181, -1.781594579572913, 50.23447187534082;
  -36.20878770103345, -3.214062057354682, 51.30167536259701;
  -33.79736661019976, -10.75448207664654, 47.98511481875953;
  -33.3387101687332, -11.00378079492908, 47.52568216902748;
  -33.11684461489928, -9.902369681540522, 47.30235455403339;
  -34.75562089916495, -6.882140888911143, 49.58496814971809;
  -34.84131804000425, -8.241886142297153, 49.76345557119407;
  -36.25028704160469, -2.10821227134781, 51.77060085580502;
  -34.21452096991234, -1.293250169166885, 48.97942501747492;
  -36.96269422445523, -3.198340373779994, 52.85104414755733;
  -33.0785024071993, -10.1062881629185, 47.48493955944879;
  -34.12536398757066, -8.587101312065434, 49.13175323165947;
  -32.96757378867773, -9.766138219345667, 47.52844742681645;
  -32.72246246198573, -9.896503286361071, 47.27238427966862;
  -35.08207221654492, -1.489729805981794, 50.61523840764636;
  -32.32108800531145, -8.616048016918647, 46.7698277188163;
  -33.79533290165698, -9.381478806552336, 48.9027008569544;
  -35.31246377258086, -2.718093069713245, 51.05979518431133;
  -32.64418883346512, -10.07136821597002, 47.38972224035576;
  -34.48399034250767, -10.09641088001128, 50.01947040623521;
  -33.23450496958542, -8.992252418624217, 48.40172399744309;
  -35.08307821963327, -4.031392364371205, 51.06483007057313;
  -34.76178779084793, -5.622559103619865, 50.60137192734362;
  -33.21611866293114, -8.073610986577808, 48.41127666292393;
  -33.23538786706106, -9.404742962598164, 48.46249315029228;
  -34.7324935854851, -5.144275774277693, 50.77147769195477;
  -33.09395581181242, -9.599111265588377, 48.56940477255252;
  -34.39243997893021, -5.592709738424917, 50.52273036389968;
  -32.28938219834688, -10.31034066051217, 47.46173159422334;
  -32.67285356023572, -8.851123098257007, 48.08074862535614;
  -33.99031582284874, -4.364534433080038, 49.95643872751163;
  -34.06571756560242, -1.672585848218221, 50.08909252198599;
  -34.00873125855409, -4.857643031486316, 50.17657169670398;
  -24.74917366205782, 3.120811337307509, 37.0998905683504;
  -33.10463594130476, -8.132849175562091, 49.41667814790797;
  -34.14075473489844, -3.237940165209614, 51.14171223448961;
  -32.13771584018492, -8.288909780289904, 48.26286171282252;
  -31.13149657677791, -8.638195087323163, 46.76122834309332;
  -31.72299330596781, -7.602494938080627, 47.70125138253959;
  -32.48379770614384, -9.953674128563012, 48.87931416962671;
