m=[-22.38120541166731, -2.37982648540254, 28.53659364679141;
  -22.49983370186709, -1.84494668387436, 28.69737921148244;
  -22.07534073613294, -1.587298607330871, 28.24500924845322;
  -22.62833732953319, -2.62195582688122, 28.99401827048443;
  -22.47720774539189, -2.843098063299607, 28.93766083139893;
  -21.90492151630219, -1.219214596867635, 28.2769822879176;
  -22.00910277770161, -0.8808661588028706, 28.41210730069478;
  -22.39210045144821, -2.166669846605364, 28.89518820836621;
  -22.25483955689104, -3.506764174409797, 28.8174955740122;
  -21.87177594820106, -1.711434706203949, 28.38822908982799;
  -22.18093568326333, -1.634100071923562, 28.80212997293056;
  -22.15099349097451, -2.64552470878075, 28.82818085540816;
  -22.18449556666768, -2.375339317418722, 28.88404104964086;
  -21.98354740653642, -3.057798665253264, 28.74093892067219;
  -21.48256588254403, -5.243691337929563, 28.16011893834183;
  -22.00105331703621, -2.166848896909162, 28.83220777083457;
  -21.60097504138645, -1.566944049140425, 28.43631533089727;
  -21.96021531140306, -2.751255830274756, 28.90191296994908;
  -21.38972009129777, -5.641986999668584, 28.27334198818055;
  -21.74124460331539, -5.923592177138515, 28.72559396752731;
  -21.79063512303321, -4.08097651539853, 28.78763803123319;
  -21.63578878126807, -3.886750633120253, 28.60309087509213;
  -21.71330680848486, -5.47661164630347, 28.73927442147972;
  -21.63286144187888, -4.152614696849613, 28.64816839875585;
  -21.3325081675927, -3.653163464338904, 28.33625646136775;
  -21.77207685819652, -3.445925240729078, 28.91812302252118;
  -21.40668499769165, -6.375379906729868, 28.45472312196626;
  -21.24387144091615, -2.622336625319531, 28.28823883651288;
  -21.28077390163604, -2.433826478147152, 28.36581167613748;
  -20.87714807017334, -5.647963106464219, 27.90427237265106;
  -20.25990107915226, -5.727203881918025, 27.11488837787251;
  -21.35071332140941, -2.110123378228908, 28.57522244780338;
  -20.3163443016351, -4.51357785036605, 27.31026232221196;
  -20.37419806695931, -5.663304527497773, 27.4127263336313;
  -20.62113673450318, -5.963770239517657, 27.75445444070231;
  -20.32701920330397, -4.63239200045436, 27.43290929599007;
  -20.82014819454092, -0.7049339171027327, 28.12904347330601;
  -19.62803926711128, -5.687752135564345, 26.61125953106019;
  -20.39340141450127, -4.156100659827552, 27.69972433206415;
  -20.09587942493363, -6.08531843771369, 27.36294912905244;
  -15.02805602227111, 0.4035062637486973, 20.73306045897262;
  -20.46256285334152, -5.037939138849254, 27.92580522157509;
  -19.9938014130655, -5.828303774487468, 27.33976086283244;
  -21.1632334930252, -2.020039670075221, 28.88096451222764;
  -11.28664409285035, 1.683525387772037, 15.92246577509699;
  -21.22779703693697, -2.291527323781005, 29.03239306919573;
  -21.31513376120677, -0.9936358088547544, 29.17682621718497;
  -20.15870497926978, -6.383350692662012, 27.68869509154417;
  -21.39370152217111, -1.108225442031041, 29.33872451133625;
  -20.5109655187766, -3.997056248736578, 28.22486514483422;
  -21.10108865868294, -1.520339732178074, 29.04159468842327;
  -19.73228743801352, -5.795029557857559, 27.24293476989069;
  -14.09507916356826, 1.55194387431351, 19.75841027011912;
  -20.61675495768561, -1.961893902891266, 28.62594602984709;
  -19.64204964556494, -5.44277510722394, 27.32550153083243;
  -20.55254156379708, -0.7360021460395041, 28.55351315893079;
  -20.68451573557015, -1.109736335851379, 28.76428679375932;
  -19.81212154569172, -5.636028152582959, 27.60900409667266;
  -19.93835746909078, -5.156790123698543, 27.78378036981382;
  -20.82114145368782, -0.9000373688283289, 28.97240939526376;
  -19.44424113160232, -5.762485299813382, 27.14583851454245;
  -19.89801022092825, -4.877240876984414, 27.75365249902995;
  -19.69132780603676, -6.272929845620693, 27.5263788949556;
  -19.48522849506389, -5.705380878641173, 27.29853446446654;
  -20.57347290646789, -2.144721749517319, 28.76762704535532;
  -21.15592228883067, -1.727368800377459, 29.64613258518097;
  -20.84187611225383, -0.7919402535580249, 29.31258336304128;
  -19.81623850470789, -4.67136302593108, 27.9754137034673;
  -20.63655520653808, -1.756838214894169, 29.16087279567595;
  -20.58355460276905, -1.032987869725343, 29.12649189902987;
  -19.62147865641347, -6.24364741080205, 27.85835112838914;
  -19.97042319180315, -4.879346046403978, 28.42019440168597;
  -19.35498633237756, -6.3883103399145, 27.59131724541458;
  -18.79320267100995, -5.619413398604109, 26.84321970547808;
  -20.61112163118134, -4.081315173617922, 29.40536762606499;
  -20.50240706548308, -4.849945816708822, 29.28335322832059;
  -20.51682747839282, -1.193199585135174, 29.30096760315937;
  -20.56271214765585, -1.779268363309718, 29.4015582551948;
  -20.10062595478066, -4.795788350781665, 28.79243486506981;
  -19.4213602591496, -4.887074266055657, 27.96176708981749;
  -18.86173371832928, -5.587499393508893, 27.19244446547974;
  -19.81112578406571, -3.336572900471323, 28.53545820052117;
  -18.81125754413336, -5.689231741723967, 27.17561358480122;
  -20.16577983773846, -0.8563223717149154, 29.09451151753441;
  -18.85940792649097, -5.027478166533229, 27.29027127601367;
  -19.00756903304143, -5.276441766869403, 27.50443279093015;
  -20.24857258691764, -1.558585806262023, 29.27827340853687;
  -18.64898143101328, -5.753574083359614, 27.07281392684742;
  -20.09198934857815, -5.882642288354832, 29.14368832149821;
  -18.99503386481312, -5.139481974202109, 27.66379060822936;
  -20.08252068299514, -2.974448822158177, 29.35635036814669;
  -18.5897404713479, -5.035987474225481, 27.35630779740928;
  -19.2376958029209, -6.142799389378668, 28.27723209694282;
  -19.74653793719091, -3.211073569922964, 29.00779974995669;
  -19.72557747806197, -2.532867377993491, 28.99118701289543;
  -12.83040385621815, 1.617883100400463, 19.23323119846967;
  -18.64158318602318, -4.579696472555298, 27.82707286388761;
  -19.37329616933776, -1.837380991905213, 29.02055169603617;
  -18.19861682676324, -5.049651309930481, 27.33532822188573;
  -18.14341219877106, -5.559498130127973, 27.30091946130534;
  -19.21384060504033, -1.436420577277562, 28.91096116855795;
  -14.74087476751192, 0.5081821793352253, 22.43167390953337;
  -18.28441866948567, -5.162746397582503, 27.62440414453688;
  -18.15256889131228, -4.804279422586554, 27.45643850388089;
  -18.06975204672364, -5.778947736497118, 27.37064698815775;
  -18.15753719430185, -4.544382555393606, 27.52536509544454;
  -19.31857677682707, -1.186682705652939, 29.24060042120698;
  -18.80631905455917, -5.853711246096146, 28.53310201072408;
  -19.21957845662002, -2.145934104628556, 29.18800929383773;
  -19.08205759745362, -2.584360859683896, 29.01675097068999;
  -18.99957961196902, -1.32460680381367, 28.9065334638897;
  -18.92382227091813, -1.449465243589132, 28.80305659807808;
  -18.96126051669093, -2.725190114449783, 28.90127624285557;
  -18.89816890914981, -2.282114571568481, 28.91260993875144;
  -18.87261557227085, -1.690240925711978, 28.95887379112829;
  -18.93850112779525, -2.835069334776068, 29.08036559301275;
  -18.90158653699843, -1.789161198457588, 29.06391724232624;
  -18.32927305075021, -1.123591596683007, 28.36146270016355;
  -18.32715583994026, -5.858544647393578, 28.4533558621139;
  -18.56563001439329, -2.266574076672262, 28.83244834570682;
  -18.58869993724048, -2.007210016578113, 28.86992619792199;
  -18.86684218763783, -1.665592933652264, 29.34166883664848;
  -18.00646667724157, -5.914308615364033, 28.16125892674119;
  -17.80969502905914, -5.141624124794834, 28.0835821736109;
  -18.68513166098998, -1.808125522080181, 29.5343117189976;
  -18.5814242815247, -2.121838712203827, 29.53628447536279;
  -17.84074559078281, -5.697605725034911, 28.49234714588858;
  -17.31346989754842, -4.372269644763787, 27.78386875201421;
  -18.63369352256347, -1.42469503490704, 30.0256751678525;
  -18.45231418788815, -2.383213083903272, 29.75286143624795;
  -17.47839187770954, -6.124026013467447, 28.24342689872934;
