m=[-22.91401398488001, -4.318166120923653, 28.94428146282651;
  -22.91227573972602, -5.450735356491835, 29.08217264101876;
  -23.06565339581606, -2.165405182970645, 29.30641742863035;
  -23.06983522689698, -3.775509536358662, 29.37948173924902;
  -22.84209646154487, -1.545967223664636, 29.15230131354664;
  -23.03577582891851, -2.764437780990789, 29.3936072794903;
  -22.22357900836265, -5.912550599847023, 28.4664259536068;
  -22.69843226609785, -5.840906435749861, 29.06944650732759;
  -23.06889075139601, -4.011088480827947, 29.5561199263662;
  -22.73831101360504, -4.756530995111348, 29.16442877882221;
  -22.9124697508456, -5.374338922655865, 29.40105276211099;
  -22.10440598766957, -6.181892651799689, 28.44159091756448;
  -22.5329552340685, -6.550957474229638, 29.01430111142079;
  -22.5111077271828, -2.665851638926027, 29.04076547844209;
  -20.90929684009527, -5.770504492503624, 27.10217850158474;
  -22.64800035821152, -2.477714808880108, 29.26898152764414;
  -21.94409349817547, -4.619439958813869, 28.38990691863968;
  -21.69233471099724, -5.728655496899978, 28.09774898550191;
  -21.31397673078111, -5.999477668396045, 27.71518762260057;
  -23.09647981686122, -2.1677672826904, 29.96592243936318;
  -21.37504861661808, -4.619405787226542, 27.8280103357268;
  -21.28933874811451, -5.775694217315233, 27.73075623700014;
  -21.69685309387685, -6.121171382625138, 28.28875404262429;
  -21.10999913880724, -4.680817490949765, 27.60469372380189;
  -20.699138572765, -5.862409977836521, 27.16688474204211;
  -15.83345569597087, 0.4923069049066783, 21.01845465956609;
  -22.00173549347599, -0.6539120405913286, 28.80663100955747;
  -21.28870927465948, -4.208736847942236, 27.99746466354949;
  -21.06623518588305, -6.228023767109547, 27.76109478114817;
  -20.6279795942252, -4.250201982026069, 27.27361314029193;
  -21.12956576300502, -5.072491784052446, 27.92579691378992;
  -21.91059305691579, -2.506960240135565, 28.94916963862683;
  -22.33519097940522, -2.026072027760332, 29.56244988610861;
  -22.06768676547686, -2.270627920665588, 29.26148201602115;
  -22.30375341846606, -0.9393573243388612, 29.60548602469991;
  -21.72066611025675, -6.724020496203099, 28.88106537404803;
  -21.04818691278332, -4.305226946386466, 28.05462869575662;
  -21.47614553601219, -4.035954806170139, 28.6267004564206;
  -20.71280566966743, -5.942564412537991, 27.68299379995942;
  -21.25708066737779, -5.210207115728085, 28.54172703979027;
  -20.68133500977617, -5.865912419059198, 27.81642031598255;
  -20.8325596198383, -5.642308220099141, 28.04949496852024;
  -14.97217904174364, 1.817556271304865, 20.47976019978675;
  -21.70741106033317, -0.6803874506686872, 29.23663142407021;
  -20.62171305893843, -5.97071196382599, 27.83293404733722;
  -20.77091793840211, -5.539442039162289, 28.02617681452574;
  -20.80067369109102, -5.242264427607091, 28.0652133408317;
  -20.90181695295663, -5.810517697497092, 28.20381894026346;
  -20.54545946111786, -5.948964693214085, 27.76237807649042;
  -21.92608329595242, -1.07894511840582, 29.55781283669418;
  -20.91225154811144, -4.99128362055732, 28.24917297632175;
  -21.36320694430862, -0.8267423591849035, 28.84332761849127;
  -20.73439940521741, -6.455697632411269, 28.06430088579056;
  -20.56215805419886, -5.877326757501455, 27.88074113456459;
  -20.47093394731879, -5.245256930901568, 27.77139119257538;
  -21.60103619621344, -1.648369929178555, 29.36313423154756;
  -21.88824918878554, -0.7326784361889255, 29.84128506812339;
  -20.6685423791963, -4.740538825431763, 28.25778499822947;
  -21.4414486523976, -0.977597558422843, 29.41068704781998;
  -19.69778401426276, -5.749810810935937, 27.22821009831545;
  -20.96339766239967, -6.760546942732869, 28.9214440228716;
  -16.0117612694424, -0.2347288976858146, 22.40404569217812;
  -21.66896570148411, -4.161322826111863, 29.95839133946457;
  -21.08486448383077, -4.855793842742544, 29.19158667324749;
  -21.15825790330873, -1.127001802658144, 29.3060343006503;
  -20.87759554403914, -1.690796939617461, 28.95507928640789;
  -20.99552459058878, -1.920762318537578, 29.12686727145835;
  -20.06246858191367, -4.911389693451488, 27.97365469627965;
  -20.26896028694566, -4.864709551659254, 28.28448939715494;
  -19.83942735410678, -5.858407966935978, 27.73515756427344;
  -20.80877383225881, -2.436440406568918, 29.07149246301661;
  -20.06064449916979, -5.220353611374422, 28.09528828158354;
  -19.857831188377, -5.367505240365605, 27.81820783025084;
  -21.29297184896553, -0.8018372346850957, 29.77195561529777;
  -19.71338543907597, -5.935522584675317, 27.68793381391788;
  -21.53281815748899, -1.54762269403032, 30.18145400983073;
  -15.43435983656919, -0.1119238532023023, 21.96814803715204;
  -21.14215471959611, -6.041491114135178, 29.72284322823619;
  -19.93066214498762, -5.253853799169606, 28.10016375589015;
  -19.85858521561028, -4.696061370559415, 28.02175678582742;
  -19.84554677205789, -5.47129747310826, 28.00957063511748;
  -20.70208665420144, -2.260170992606109, 29.19992938620902;
  -21.40698052110935, -3.332858555525623, 30.19422584512866;
  -21.2797122636657, -3.02455727256463, 30.14085152878279;
  -19.60063540030656, -5.170845642297107, 27.91276138249355;
  -20.87563232961576, -2.56839001134531, 29.72849938576096;
  -21.15202722842122, -1.694839883440531, 30.11555200819707;
  -21.30902475256067, -0.9448213508597663, 30.35473840569037;
  -21.07006350202329, -2.883771004066122, 30.10896070771638;
  -19.95079476153949, -4.765070433036658, 28.83884981264612;
  -20.13148856016183, -1.155382774586222, 29.08865076237936;
  -19.46546020552736, -5.274661059547728, 28.29175710586062;
  -20.35893670493194, -1.821710241579518, 29.55391364878634;
  -19.68115160781827, -4.58193000575584, 28.62537989738038;
  -15.86099308998938, 0.5862654203577665, 23.27049661946167;
  -20.45105258372483, -1.423408820691472, 29.80804214240569;
  -19.14513938789622, -5.282048599585431, 27.99727454499067;
  -19.27969340866865, -4.958704485368549, 28.21454536860968;
  -19.00701315384383, -6.128515357605576, 27.82779684441697;
  -19.06161969366353, -5.949631784555519, 27.93407862547468;
  -19.44782718988236, -4.73449165140771, 28.53192582882752;
  -21.03747531698909, -1.182786829118295, 30.83841455307207;
  -20.49353284187473, -2.99735115880517, 30.10043947549994;
  -20.16793809606049, -2.140330151932443, 29.68205914644936;
  -20.35287819625888, -2.639182513055352, 29.98465252264687;
  -21.45350718191518, -1.383265267844637, 31.58330474868831;
  -20.42772226056382, -2.814983026091115, 30.15637840245932;
  -19.67508342770539, -1.67067846355321, 29.26114645590735;
  -19.60681769216974, -1.105362574512432, 29.37301206740537;
  -19.38171561413804, -1.98036491843126, 29.18095983033794;
  -19.75180920968791, -1.637629261137958, 29.77434366024745;
  -19.52420380379808, -1.381512671253266, 29.45875287439081;
  -13.07099233160969, 1.752712915836588, 20.18132379606762;
  -19.67831966580204, -0.6681031162692631, 29.91670001549226;
  -18.52574973825387, -5.202269626392916, 28.27180591262578;
  -18.63075671285802, -6.245541688063494, 28.53249387935616;
  -19.63337841430958, -1.7934897004377, 30.06684288928082;
  -18.51182117297072, -5.299988409540607, 28.45954918046695;
  -19.06792577640742, -1.23526973039131, 29.35455394157864;
  -19.62248538203792, -2.129393935339572, 30.20623226956711;
  -18.92717672844218, -5.913234960404957, 29.27433478935416;
  -19.39732012090397, -7.112215488759311, 30.0357049025217;
  -19.73952410919483, -1.651732151561871, 30.55173872671141;
  -18.51068675007421, -4.540767266101003, 28.73808466595836;
  -17.81699034362304, -6.088783919024793, 27.88163018181015;
  -19.55432490580235, -1.392634774563882, 30.51824859044127;
  -19.23624612736155, -5.545966772986592, 30.07551689919455;
  -19.24529011738548, -1.824244751042375, 30.08094781439489;
  -18.71121369934997, -5.002170773322509, 29.47050642951189;
  -19.18185627151017, -2.036883204950587, 30.24491663078834;
  -18.52101981729832, -5.867355560792121, 29.2865689159621;
