m=[-47.20349794035412, -4.79459957628492, 58.36023671363651;
  -48.74961850739769, -3.768976469117047, 60.28317549569005;
  -47.94549371125375, -3.231862645623365, 59.45112436836148;
  -48.39674584535108, -3.589627140095876, 60.40450141641369;
  -46.90595414137626, -2.408995566714891, 58.71674058677169;
  -46.78305979194444, -1.653281972942171, 58.55512198278107;
  -46.96456028362776, -4.302440129143204, 58.77555675781019;
  -47.93077188156271, -7.288977421971863, 60.1558060869544;
  -46.19798540403298, -3.386274161075377, 58.13411279432842;
  -47.52795948336396, -3.281000193848403, 59.84403159566581;
  -44.74301454023495, -5.10342207144951, 56.50203218281994;
  -44.01565433151994, -4.470474323518149, 55.61967237197448;
  -33.85076385029221, 1.063501843991023, 43.17587452079423;
  -35.90928713096297, 3.02030012351739, 45.78273080234656;
  -46.71099221958071, -6.249201295733471, 59.17516534848384;
  -46.21071941713798, -12.32056544033884, 58.60510515398301;
  -46.91547484334288, -4.404428118465156, 59.60917152560757;
  -46.6943901813271, -7.641802106090091, 59.46540017148576;
  -46.26539095940408, -3.131270290084025, 59.04635854717714;
  -47.6118972926437, -5.713726712655576, 60.75269273520708;
  -45.5262929156858, -11.71511821476015, 58.30464946101623;
  -45.07464843080406, -11.99204410401939, 57.73661125678775;
  -46.11728182165424, -8.018612592837362, 59.08597543279604;
  -41.9763135414138, -0.8418855986098756, 53.9281194489697;
  -46.21149842889393, -9.666787672842382, 59.27141879120843;
  -44.42967622399594, -10.9070899313424, 56.99796759008179;
  -45.38444371541694, -7.524489339670808, 58.42457576133369;
  -45.87217933569815, -13.3363197572969, 59.06678507356745;
  -46.51456100907558, -7.107016485936196, 59.90413430533568;
  -46.31970292743579, -5.485356716345151, 59.75537259423498;
  -44.0553875789463, -4.819705249418672, 56.93466552661292;
  -44.19528129262199, -9.303526181709518, 57.17711338793545;
  -43.54006404301463, -11.49834863505691, 56.39677824411835;
  -42.45646744781329, -11.71704806799826, 55.03115518982295;
  -46.63906682419525, -4.377404866818422, 60.51063496168919;
  -43.95566714136448, -12.37268139798713, 57.15684019398145;
  -43.26582468605361, -9.35026649663391, 56.32744225017526;
  -43.72877091710171, -11.86340319464245, 56.95958438132162;
  -41.91379738629766, -11.82482712991032, 54.64797591259819;
  -43.48678328498477, -12.04060477356826, 56.74221922333913;
  -42.4374724336181, -9.4098565297337, 55.49376962260284;
  -42.06790314711552, -11.91447143026527, 55.21262984541753;
  -35.1566902703454, -0.2656057557864914, 46.41435557938684;
  -44.613577666097, -8.820018434153688, 58.67274751634989;
  -42.97759546911075, -11.9646776972777, 56.59299675848597;
  -43.50910564740708, -12.86303611759345, 57.33632018549147;
  -33.21482908542262, 1.032742947467228, 44.0917253038352;
  -44.1129259668345, -10.59001671151517, 58.30165303158947;
  -44.72116615009357, -9.214377401403677, 59.12880508674869;
  -45.05243049952796, -4.086800480097835, 59.63057222648175;
  -45.91044652463925, -4.723899828601615, 60.87668905242422;
  -45.69249201645152, -1.924410489913882, 60.65115626263965;
  -43.13430968598019, -13.35299667817942, 57.35389566699164;
  -47.88276444978216, -2.24427024903143, 63.65819132677508;
  -44.51326796329741, -8.365259840205408, 59.33411031253011;
  -42.47635042888322, -12.18658893724015, 56.77031708406685;
  -31.25033760307539, 3.548039268736483, 42.08920048139706;
  -42.37165124291921, -10.38548436003274, 56.89210681956607;
  -41.62705626298256, -11.80681354402315, 55.98844044549466;
  -47.27699109564329, -4.288410076556724, 63.59179342497111;
  -42.42926477691366, -11.491578269411, 57.12785517458607;
  -44.13151081837815, -1.383238473552592, 59.43853518036647;
  -44.93156352356844, -2.211005516659895, 60.57072424489219;
  -41.78753671778952, -11.1444105789659, 56.38387750456594;
  -42.72408969607852, -11.87691385142485, 57.64965279754425;
  -42.98067300277556, -10.83215171312294, 57.99147543341669;
  -42.86063251129176, -1.658678892682949, 57.867869214659;
  -41.85364602752554, -12.11877801862905, 56.55540325563224;
  -41.68282793436313, -9.948752569690885, 56.30696502244492;
  -40.36712593244922, -12.56838716262915, 54.63747205418391;
  -42.09030412326675, -12.03076398902274, 57.07128942607572;
  -40.04794956062224, -10.26146562447208, 54.33006996997506;
  -31.78847574849581, 3.858980265385106, 43.48200476569468;
  -45.40173155663801, -3.464595325464899, 61.71635128670093;
  -45.68071565621892, -1.529097874495026, 62.27867958993895;
  -42.62603031486307, -9.776710325012152, 58.27780101115433;
  -46.47125023493797, -3.733894014737483, 63.64175940858988;
  -45.96752599831828, -2.095835123419683, 63.05248042780418;
  -42.02834015784171, -13.06403351324767, 57.77001871060119;
  -42.33559498942272, -13.65292887554547, 58.4068747051281;
  -40.52127113141052, -11.82821593817597, 56.01247749584207;
  -44.95323415005606, -8.632849484060399, 62.15001671952091;
  -43.42615321555421, -10.00093918364, 60.12266839323123;
  -43.78380932736881, -2.332159493691992, 60.64439822147865;
  -43.58674531187057, -3.529924479365531, 60.45033603987101;
  -42.62103428386568, -3.899158426660283, 59.1277061548105;
  -34.10110343175745, -0.4999146742015551, 47.71509308578343;
  -41.56364414817051, -10.1749818402526, 57.9533383228886;
  -40.01463420965809, -11.57828654215896, 55.84693544618452;
  -41.7433195431769, -10.01872431663132, 58.2510628224708;
  -40.58052160734795, -11.98307021889385, 56.73082900687741;
  -44.90855344725989, -1.691137834834836, 62.79139753073053;
  -41.23349484155641, -10.73013500212398, 57.74824056518514;
  -40.09709597176534, -10.83811070354272, 56.17075392326606;
  -44.6318354393303, -3.207812414377865, 62.5581695268245;
  -40.32576347589867, -12.14172373361208, 56.63852480169052;
  -43.02654279387517, -12.29507963633518, 60.48916030919002;
  -41.01641391660316, -10.81219683101464, 57.82888392525287;
  -40.77801837047996, -11.2422535610307, 57.55320319600538;
  -32.92186849762609, -0.2387363269931941, 46.85859915627477;
  -44.00647374545193, -6.254788530857837, 62.33132173181259;
  -40.33118442315131, -10.63977391364931, 57.43460373020134;
  -40.77459139157832, -10.39128674334232, 58.07428489321411;
  -42.12162561518875, -10.34618362314059, 59.96305273026394;
  -39.70558353844423, -12.41643668597158, 56.53501415392412;
  -42.72715325323934, -6.698567887938594, 60.82849956719893;
  -43.72436482521928, -5.379536298413936, 62.26684453554204;
  -28.86550330899341, 3.722935176171045, 41.51952334183611;
  -40.48161954143199, -10.58754780135473, 58.28817493194038;
  -40.54600355647145, -9.684053444186338, 58.60919933486736;
  -42.91868479338089, -3.840348284214898, 62.30262035225962;
  -40.42342471606424, -10.95375408503509, 58.75277036240761;
  -37.96335722623824, -11.35335600292315, 55.30963983401551;
  -23.39545566777075, 3.956177580360042, 34.5907676676786;
  -42.8633049097536, -2.983318635691413, 62.47459361233584;
  -32.592957156145, 1.204724295599754, 47.81884053647482;
  -41.27250844486125, -11.386879511067, 60.35567183291222;
  -42.53139584614407, -10.93900296445759, 62.2418610221144;
  -39.6825493283038, -12.79501997599601, 58.09844566521346;
  -39.1159915330397, -12.20912756887813, 57.32299775976322;
  -39.74764145318664, -9.676395968859772, 58.31380270610123;
  -43.34073834350631, -2.436739851362466, 63.53232200795109;
  -41.29610331629642, -12.49216537264616, 60.63046240388657;
  -43.81576960813366, -6.408424004890398, 64.35561556605813;
  -42.02783900404703, -4.460220505064684, 61.8542558576799;
  -42.26732323102445, -5.480855300626843, 62.26986610560205;
  -43.71045427533604, -2.818334211189141, 64.3494131926966;
  -42.64750332520627, -5.876915518740096, 62.958279527713;
  -42.50593795949263, -4.901581981629915, 62.98848344024364;
  -42.6341241992772, -3.620208949756516, 63.40625475863035;
  -42.04228336277587, -6.042964442141205, 62.53564760865893;
  -40.85761631970301, -3.654997147614843, 60.8756330293263;
