m=[-48.00046716903369, -11.20739950914903, 59.12011739241965;
  -50.28040224889323, -4.569912374331092, 61.98636549599901;
  -50.11216326015741, -8.015437508788381, 61.91358568910978;
  -35.32220769570997, 1.226510512571216, 43.97960249223711;
  -50.49597268755949, -3.265160347414766, 62.49768387068843;
  -49.94442286772787, -5.814087497269873, 61.83084340373855;
  -43.64407566582849, -0.7676034106765495, 54.27738424835807;
  -47.26156953174571, -12.36326113220299, 58.71517811694079;
  -47.81740122305742, -8.507291262344136, 59.41093098200891;
  -49.1520094401576, -12.4241394972931, 61.04941010365877;
  -50.48292676980447, -8.591374749986199, 62.74915157883577;
  -49.04354333101861, -10.0540689425763, 61.01857109482203;
  -49.49308480151036, -9.039624956559534, 61.63041448535185;
  -51.5007521541304, -5.36749414420443, 64.2290884701365;
  -48.77832871799556, -12.94782549828356, 60.87457644117946;
  -47.76924490672119, -13.64342356896789, 59.65213572655429;
  -48.16921867029155, -5.542961186774912, 60.28451358969512;
  -45.42083084084643, -12.31526669580925, 57.01837637359017;
  -51.67112215479421, -5.501764667709828, 64.74236751546164;
  -47.35143937578218, -9.773954520582727, 59.38555003258591;
  -47.13877148444779, -12.2281080034829, 59.16865247748426;
  -51.5854231838107, -11.25095487561739, 64.69924943635307;
  -45.165711048958, -12.4896765380191, 56.9219064608824;
  -49.71790441385644, -4.488626242722619, 62.55994516030414;
  -46.97830449312968, -9.948939042769425, 59.25537967170498;
  -45.15426952661672, -12.03619421168062, 57.0089734965699;
  -47.87313066745241, -13.30295773906747, 60.49521885280316;
  -46.66947733641819, -10.14315728044769, 59.10673037365898;
  -46.02684930527783, -12.79010911606756, 58.47851755303088;
  -34.50303365512028, 1.157701227091358, 44.10623451585573;
  -45.00376393452076, -8.706361791530888, 57.38333659727174;
  -44.55246056193416, -12.94595895606334, 56.90844044227323;
  -42.10885129038404, -8.492769020074142, 53.98487187011379;
  -44.19329295642042, -10.41257817228455, 56.63645298632837;
  -44.54049500392187, -12.46048412338512, 57.13684179349483;
  -50.68832431028896, -4.426247987894009, 65.05341040424706;
  -47.83490486406934, -4.758935440554495, 61.53448983966852;
  -48.10868375157202, -1.897460585692463, 61.95831677455493;
  -46.68544845799912, -14.21791543436268, 60.18448492226736;
  -45.80806942946113, -8.415126826326034, 59.20558189200751;
  -44.70670145045092, -12.59689103652552, 57.89030726996925;
  -47.71254546768846, -3.04763074929964, 61.7653791005043;
  -45.99421915775888, -11.08421254703614, 59.8813063139497;
  -45.25144510204454, -12.60995196282966, 58.95908605959518;
  -44.40977573952171, -11.82083823080461, 57.96161520168367;
  -32.49539871819712, 4.007617386278747, 42.77998330264397;
  -48.65465357968645, -1.391689969327897, 63.53866587954927;
  -44.94211805256309, -11.78154375964469, 58.77057472694435;
  -43.74328180834264, -10.81994894913547, 57.21358776892148;
  -44.93563838689436, -12.26463704702795, 58.76229254941467;
  -44.49225261326653, -12.65486094413426, 58.2452567219641;
  -48.87090302428781, -2.259485306103695, 63.89782659954837;
  -45.99838748938314, -10.78676322159251, 60.22435833275645;
  -48.00545787271735, -1.734190757820805, 62.82397126975108;
  -45.76572947974857, -10.07304713871905, 60.01624248288402;
  -45.25804746373323, -13.88476867709218, 59.36548167712369;
  -44.29886699772747, -12.43811128552816, 58.2049126878558;
  -44.04509378823389, -11.11583226592506, 57.90796547075726;
  -46.44244015916872, -4.446512153881782, 61.04864871423645;
  -46.65307541399604, -3.408533013772577, 61.52689259643869;
  -46.97060076593043, -1.446885539457401, 62.15069661012072;
  -44.37945425839304, -9.980341117931683, 58.81838487822808;
  -45.64633082930801, -1.931422380816845, 60.74783145755488;
  -43.06108608072422, -12.33431663179683, 57.62946389810558;
  -45.74867133387684, -14.49336417160814, 61.16911679447144;
  -35.03794428867431, -0.3984995406058229, 47.27520022035131;
  -46.06201615809244, -8.655418052077655, 61.80945994453371;
  -44.74311386625441, -10.10931351902918, 60.09741249413384;
  -46.34506247854669, -2.332514563611775, 62.25710889688573;
  -45.09569379799704, -3.507470137917613, 60.65337852071512;
  -46.07132336815361, -4.076832832020958, 61.97756687220031;
  -45.07377684295648, -10.58611304752975, 60.72120674243706;
  -42.36742325432277, -10.17065460997934, 57.24837374066396;
  -43.54701110097793, -10.24955251803667, 58.90016215763835;
  -43.03531083702729, -12.48147228544064, 58.27907010055382;
  -44.06004981086417, -11.24187641005095, 59.7825152732574;
  -43.40888689762851, -11.52601000959584, 58.90920403565615;
  -46.03116637712382, -1.595936290749455, 62.44737012553288;
  -42.60600033278664, -12.60091274458187, 57.96431711056619;
  -48.07828092317913, -3.294811995070161, 65.37743301836656;
  -33.27910118121071, -0.1360748494836847, 45.65314882590598;
  -46.76191998422465, -13.1121495864318, 63.75046829374693;
  -43.31319656410997, -11.19962757554195, 59.16910576675658;
  -43.64737828175563, -11.79672053956811, 59.66424135156271;
  -45.94814303443148, -6.360682229256342, 63.15667481131358;
  -42.52140016251288, -11.00342453829319, 58.66132403351018;
  -50.16040387597795, -13.97455859536329, 69.18210084306649;
  -45.38048713832223, -5.408745528711063, 62.68566048152671;
  -45.20174265653463, -12.90797388994875, 62.44311562714544;
  -42.55804610077942, -3.084510973899779, 58.82569669917018;
  -42.77477440037846, -11.25772244368004, 59.5022807637171;
  -44.99263565395218, -10.51150860160805, 62.99480454679437;
  -43.43198524626867, -11.52934378832143, 61.14860410853267;
  -44.73429709002137, -3.838106482222167, 62.97227767855625;
  -23.08262792173901, 3.99029748544008, 33.00906607953753;
  -37.01262957034457, 1.482606650685592, 52.34663488878811;
  -44.73359926817191, -2.969445240600904, 63.24585506148865;
  -41.49288565209191, -11.19377101344539, 58.77313618602958;
  -40.81078025009883, -10.2230723978635, 57.84064140291549;
  -39.97992376794763, -12.67183764810862, 56.73019404791734;
  -42.19287062358239, -10.7019156680565, 59.83921407224525;
  -41.20358047176927, -12.63136985414062, 58.48916098560663;
  -43.13615192651547, -10.28172287837028, 61.30023179845745;
  -46.18101390703667, -2.465851091898816, 65.70461383924959;
  -44.13228251458764, -6.26220195807483, 62.8858022590723;
  -44.20574545618043, -4.531111650659888, 63.0912906004948;
  -45.11889010217745, -5.67014923366086, 64.45892627841378;
  -44.4257534671819, -3.022511920745187, 63.51752720144003;
  -47.37477068693631, -2.922582761687483, 67.7185587435178;
  -45.36052874760392, -6.061779092190801, 64.94378280214838;
  -43.18873761666879, -10.75799802233742, 62.07333697672843;
  -43.44889352546937, -3.497993039536201, 62.63098397070823;
  -43.26881741474045, -2.293495221668142, 62.84384017077458;
  -44.39300532362072, -4.406233155373789, 64.75561227291532;
  -44.18950974361464, -3.517297133014962, 64.58418927518491;
  -42.37953077542235, -2.868611783254054, 62.01232259869094;
  -40.73515091472724, -12.81974899798949, 59.74652374411139;
  -43.69214165137823, -1.33690960372453, 64.41225800232247;
  -39.77224576773477, -10.94271639308392, 58.79999216109102;
  -42.61104019294587, -3.727934432015429, 63.29602285451805;
  -40.10969928823558, -11.25246868434334, 59.73605879708229;
  -42.78723843033626, -2.647651391309004, 63.83573528516047;
  -41.93503435909314, -4.388985166980501, 62.63791234913461;
  -42.15537440824681, -12.94228801163817, 63.17904937294298;
  -42.22507954085472, -15.16090891385731, 63.37742211440332;
  -40.67972151156426, -9.766748273456663, 61.17723025910555;
  -38.5974225300589, -12.99884250981737, 58.49003783269559;
  -41.30756935930328, -2.800491608117778, 62.57977684073189;
  -39.84463480164169, -11.16085377405866, 60.39035243215979;
  -42.95477150383368, -3.91726461124941, 65.09485053712292;
  -40.53192006114151, -10.61542589220975, 61.88060335737183;
