m=[-23.00585980861937, -5.000100016733247, 29.13684125751183;
  -22.48970477526714, -6.249521364279622, 28.57385667960839;
  -23.68143355667673, -0.6476841661405396, 30.06554949828731;
  -22.69652485555742, -4.390836221842796, 28.93985328137787;
  -22.32124630820259, -6.10545820058933, 28.48277192263502;
  -22.18531521356156, -6.446561571674208, 28.33809117610755;
  -23.13632073214689, -5.451251357985258, 29.65063369943973;
  -24.00065207636455, -2.095804890113306, 30.80244396985052;
  -22.42483146731623, -5.072216741813984, 28.89609268251774;
  -23.70640917117999, -2.358471728826537, 30.49576033284289;
  -23.76399651621161, -0.9372787453693561, 30.60522777102059;
  -23.46547250675843, -1.025344708627178, 30.28142613389168;
  -22.88488384752389, -4.204045321735339, 29.57803901362962;
  -23.21651359820258, -1.482950868369239, 30.05450138383631;
  -22.27161560577043, -6.206299098074185, 29.01816943582013;
  -22.75822220729948, -6.057703707199345, 29.70299435851444;
  -23.18681708673796, -2.013599573907636, 30.26200671870494;
  -21.92025049902111, -5.421998111409096, 28.67037231768244;
  -22.23364816859852, -6.068404384763537, 29.07492104318227;
  -22.93151307314291, -6.799071796931255, 29.96597451941249;
  -23.30472363229523, -0.6665950270081665, 30.43390383742991;
  -21.8011472985207, -6.200865797545698, 28.54010185263275;
  -23.1196987820971, -1.06891046506201, 30.22859027339936;
  -22.37981465620373, -5.248135311163115, 29.30124404006499;
  -22.73493731865649, -0.821296575947389, 29.75284711821493;
  -22.09754862723554, -6.77933247707661, 28.98559906259137;
  -22.48260289073802, -4.948425848204125, 29.48322603125993;
  -22.03397041514041, -5.560799131559234, 28.96900172623745;
  -22.82380360090246, -2.185206456883123, 30.00191987283295;
  -22.65704797211927, -1.655352735533254, 29.88051151531872;
  -21.94320501210191, -4.934731057448007, 29.08246393362495;
  -23.14234572151681, -0.7128783713125081, 30.62155655517568;
  -22.67979179461988, -0.9596446563952474, 30.18310879321318;
  -21.29812866730217, -6.100586087280495, 28.50368740882569;
  -22.2673624515432, -7.054390515434013, 29.77299350537988;
  -22.26676391455125, -4.184101488000077, 29.87920996656262;
  -21.97719503665178, -4.9655541533941, 29.51901290396842;
  -21.31223252976078, -4.854535353787346, 28.68860290264296;
  -22.62940696742023, -1.138922217266168, 30.39895467817708;
  -22.4601374078257, -1.746913166573212, 30.2087206358633;
  -22.58448696511411, -1.998492147012459, 30.38183947896422;
  -20.97012456180506, -5.959620816176809, 28.34298948211001;
  -21.26802593359557, -5.105567660044415, 28.73811536906212;
  -21.41114725095379, -5.039488880446701, 28.95996793299851;
  -21.13767376076141, -6.130530582728648, 28.62495813103658;
  -21.21112189346304, -5.411995943455347, 28.78013583739086;
  -21.05765678808976, -5.591268983481259, 28.57686268638621;
  -23.11106405693767, -3.642115526713121, 31.26831156744818;
  -22.34304142018176, -0.7746505999010998, 30.31129313268082;
  -21.00827517487875, -6.213290154558341, 28.58119313409539;
  -22.44069501934504, -1.537864285239094, 30.51513089365697;
  -22.29389622926628, -6.251259621528437, 30.39324144918319;
  -21.15895442819842, -5.471136472989985, 28.90473370218643;
  -21.14538156179839, -5.715031848575863, 28.90490101902351;
  -20.56192528387648, -5.137785340069681, 28.37583019716551;
  -20.97794797227577, -5.428543429872227, 28.94058518432058;
  -22.14595421134819, -3.383718524515368, 30.57514862573206;
  -21.92930925133562, -6.262213237921052, 30.29384073993487;
  -21.97059879821988, -2.618600757871235, 30.34875964735994;
  -21.90234913226233, -1.587432752261861, 30.27443844585243;
  -21.33720360299192, -5.615653600843947, 29.68133198352036;
  -21.51338032618381, -5.026113253013719, 30.12117803482705;
  -20.30905800724464, -4.988191307337078, 28.54978697694651;
  -20.4585735494563, -5.430880640912115, 28.80396112467548;
  -21.66703165781228, -1.858984717900314, 30.5005873073208;
  -20.47966958019027, -6.156904868837962, 28.92085738159775;
  -20.3598403838251, -5.492589573975467, 28.83896004817994;
  -19.73017103866959, -6.253576810766147, 27.99646237744149;
  -20.4318892346817, -5.118174207678205, 28.95787757952635;
  -20.44365299673381, -6.267206374173787, 29.02010207775759;
  -20.70604368694233, -5.284982072474825, 29.39515538751838;
  -21.00755550130495, -5.007258514490505, 29.85356746570091;
  -21.83470231144208, -1.165871425957394, 31.06559519364893;
  -21.62899951939878, -3.069072239733082, 30.82000090044947;
  -21.47208792476773, -2.200900058485634, 30.64537709026451;
  -21.26494982662587, -1.446763629850533, 30.4034692410507;
  -21.86878108482044, -2.748277983531503, 31.24274875895454;
  -21.50661467938688, -0.4768189419961419, 30.74515266480974;
  -22.12636925753983, -1.364991205934208, 31.62792800094027;
  -21.6926334783021, -2.898906950688398, 31.05787599744152;
  -20.6715556526517, -5.149133017123314, 29.71034836093493;
  -21.64073651408068, -2.409972805903967, 31.10068639175167;
  -14.00282634844857, 1.866785152637119, 20.51164067973906;
  -20.97852171006737, -1.688943422196895, 30.24025125478014;
  -21.69072672464671, -1.871518096476426, 31.33769883482277;
  -19.25102595504859, -5.893580220861953, 28.04303396398758;
  -21.1422870611099, -1.120662344085066, 30.70716022066248;
  -19.47624016894019, -5.362982094238795, 28.43888016438439;
  -21.4238757425959, -2.126429398628853, 31.25078333528569;
  -21.15436982033587, -1.683797913837622, 30.91769590567254;
  -20.6480868256027, -1.397640419462299, 30.21354408240955;
  -20.18451808134626, -6.35226455868335, 29.60477036982336;
  -21.0134638040857, -0.6429783596179884, 30.9786749038551;
  -19.54898038875032, -5.378598669467035, 28.90155864792419;
  -20.69069713741587, -1.810177877181814, 30.73473055235562;
  -19.7049638008399, -5.528076550803377, 29.3469384485413;
  -20.66935555929058, -1.279008648644542, 30.83731407779392;
  -20.31617298087869, -2.12632189828054, 30.34605031079926;
  -20.31019892883699, -6.235514398829541, 30.43927563001928;
  -19.35109243846593, -4.645981871069595, 29.10163083433911;
  -19.49637610949186, -2.319412609542549, 29.54130882321464;
  -19.22858687230161, -6.475804757292658, 29.13875331323784;
  -20.40282383819961, -1.860637526236221, 30.91900438032405;
  -19.99862672876259, -1.640123914419268, 30.4508175672237;
  -20.01154474933037, -2.116753179225773, 30.51805119625493;
  -19.45982011937941, -5.656679764640329, 29.72835440051447;
  -19.87667699746502, -5.205758605358249, 30.3459782681731;
  -19.49743883274904, -5.915830198131594, 29.80131083260787;
  -19.12275176020341, -5.129558659707613, 29.24727472471692;
  -20.41258698336476, -1.148867929627287, 31.20433210947568;
  -20.33240529762222, -2.078910367886158, 31.09503414413894;
  -19.67687897601421, -6.642714993430086, 30.16716259594867;
  -20.0149495129014, -2.419913613134477, 30.70942880062797;
  -19.74907513093363, -1.748517130085328, 30.32285123457263;
  -19.91990509081143, -5.880506780584202, 30.59560570447792;
  -19.38470751251943, -4.943270974667354, 29.80800548097925;
  -19.99567705809202, -5.464771762559909, 30.73296046055387;
  -18.88737057721627, -5.323829108992284, 29.18830553036709;
  -19.89980048259985, -1.284971945509586, 30.70133443269299;
  -19.07909248970611, -6.289219456044059, 29.49602191843121;
  -19.90794927094975, -0.7421904246480711, 30.78564995051198;
  -19.71935535333179, -6.747577637365464, 30.52349793661378;
  -19.62447633527926, -7.108060106778205, 30.39791484632027;
  -19.76447137247217, -2.283187768035753, 30.61742296102154;
  -19.5632519552857, -2.553635455932223, 30.41335754065857;
  -19.61491087232198, -1.853122312973686, 30.50710989572408;
  -18.5564883478564, -4.740674872057983, 28.98516573101741;
  -18.02956667388448, -5.947681173188582, 28.26685739208523;
  -18.48624036059029, -4.294921837518411, 29.00517305795675;
  -19.03135502774723, -6.644399724416136, 29.83421925997196;
  -17.74858097680624, -5.723594901997799, 27.9095899347568;
