m=[-35.84478212992125, -7.648780288733192, 44.09315786633692;
  -35.00228790626637, -9.559268942331359, 43.17700755542253;
  -35.83193348571352, -6.799699054327633, 44.35282111605643;
  -35.0756403751892, -10.03201095826336, 43.48636018878371;
  -37.34593257230365, -8.647553484023371, 46.45025188979441;
  -37.85564749127365, -4.066656414313159, 47.13259135186935;
  -36.38954932097721, -3.05650686059808, 45.42206333549707;
  -36.96757163337568, -3.55544649775831, 46.2103364855614;
  -34.99802565476235, -10.51144325959034, 43.85258440088137;
  -36.19653359877817, -1.348382736899968, 45.31951161724306;
  -35.23246747131902, -6.920706309070913, 44.19856499491431;
  -28.19782484322367, 3.396171523047489, 35.67206031848442;
  -35.63851159084127, -6.427487833290546, 44.74753127339755;
  -35.96372354521569, -2.197611923440005, 45.24785905214856;
  -28.24340179140943, 3.53796258952226, 35.85287122807897;
  -35.18953982931291, -10.26986445703211, 44.29625765975865;
  -34.68085449225276, -9.505758798924271, 43.88235186820613;
  -32.78479459009063, -8.115111785433482, 41.57173771568379;
  -36.90030024026345, -9.661418805773074, 46.75936320477447;
  -33.98447285123829, -8.278656715964893, 43.15917423105669;
  -34.90213564723594, -9.377246005793356, 44.32933513185719;
  -35.54979218937712, -0.9184207638320647, 45.1342446695673;
  -34.0216205017022, -9.519815738166432, 43.24310600333938;
  -34.69211743218756, -1.500861043533095, 44.10112853872744;
  -35.12997510046883, -8.072341071309529, 44.66892922324681;
  -34.62910625201355, -1.154728123978654, 44.05103134883253;
  -34.02127219706082, -10.26993631663069, 43.34023673656533;
  -35.02445588336863, -7.556640647247643, 44.61004775206498;
  -35.48689197059575, -8.813408481455497, 45.30405255546101;
  -35.4104966146303, -3.285791310160168, 45.23054433586768;
  -34.87787034495599, -2.440518129016328, 44.69404685227347;
  -34.52671701512583, -7.616968324246558, 44.43068824645094;
  -35.34687175611444, -1.000226427726356, 45.45746296322151;
  -34.12727675320331, -7.914261236994452, 44.00180511397549;
  -35.98486792351443, -1.438234163410611, 46.5329131819661;
  -33.60913520850038, -9.463263998907824, 43.65485958578046;
  -34.68927215020689, -10.82572056880543, 45.07789786748953;
  -35.24604211804525, -10.14260672019868, 45.82444491159254;
  -34.34608137532892, -6.320506686211784, 44.78917464349105;
  -34.2091171176783, -7.58384839449132, 44.63071388701594;
  -34.96455127977551, -1.660622189845137, 45.64631061064048;
  -35.49178221153976, -2.656920802196747, 46.37422345437577;
  -35.20945901434165, -3.006460166112987, 46.02943958591541;
  -34.24341335451494, -8.094634973370894, 44.92578563938819;
  -33.7094653484432, -7.790502964093947, 44.27211093290861;
  -33.43863670851532, -9.533647126105505, 43.95692479541709;
  -33.81216573988195, -8.462638594290846, 44.54714751359585;
  -32.78495235559249, -8.547587813403634, 43.19393651221709;
  -34.78832848156669, -1.11654208531442, 45.8694621212241;
  -33.36233009829822, -9.706621959369782, 44.05939475619199;
  -33.78808076163686, -2.2007061138244, 44.67755593204226;
  -33.88637562539667, -9.325149574204408, 44.90319595133917;
  -33.76319626032953, -8.571295134519462, 44.78161431161966;
  -34.00889446355296, -9.031436889529894, 45.1464627378735;
  -33.22178884175312, -7.555026653823124, 44.09851441672328;
  -34.89396262002884, -0.5989020777931059, 46.44847038410615;
  -33.43045972924386, -8.496540044524114, 44.77303133474108;
  -34.91211743817528, -9.540839470782201, 46.85932217610208;
  -33.75343209987633, -9.475307827617153, 45.31737483818952;
  -33.5239332905745, -3.883854545159074, 45.00791436578049;
  -35.52729647952758, -2.514081842460049, 47.7124553697226;
  -35.46147389790325, -4.607321952642649, 47.79764176101682;
  -33.84414084473823, -8.747264578536534, 45.71341296212819;
  -33.40833182725777, -7.656530098292421, 45.46326572355347;
  -32.89231159049391, -7.929436013841378, 44.85440054692793;
  -36.02051877208738, -1.840316920953949, 49.02515507358182;
  -32.25048955288683, -8.377272839369816, 44.08455448949123;
  -34.38658255155423, -2.838673998100433, 47.04210846152549;
  -32.43793445351627, -9.235144884970346, 44.44278478991784;
  -32.92662652284631, -8.715575279241985, 45.26608232972657;
  -32.0131537166569, -9.972186563333924, 44.06112400465529;
  -32.75891219867312, -8.085457430388855, 45.08692145404855;
  -32.62429698637365, -9.834597170729463, 44.95218589160703;
  -32.92590361832792, -7.700412701783165, 45.45506989893142;
  -33.60744135590249, -1.69068261503906, 46.49627926701305;
  -34.00926934899844, -4.704847249833963, 47.09855732203538;
  -33.70511740556352, -3.343881591996451, 46.75140233306822;
  -32.8051995662193, -2.132913359137574, 45.58736118571724;
  -33.62183347896379, -4.104360558302198, 46.69688020273259;
  -33.4230039704298, -1.949708258798255, 46.47493885084175;
  -34.00050942630666, -2.387646851324801, 47.27409251764259;
  -32.90570956685473, -4.271270332520367, 45.80195221115542;
  -32.44101833658617, -7.93993120654576, 45.31166665679265;
  -34.40477291053537, -2.663422177757387, 48.1908115704237;
  -32.75206545171772, -9.840261472963885, 46.21791605648361;
  -33.294021807501, -1.660843608037237, 46.98284638769876;
  -33.69004602374329, -3.22243352169885, 47.76916841724054;
  -32.8985266187109, -2.502657519282823, 46.73306458881826;
  -32.92157215539431, -2.122970226005621, 46.79359844579832;
  -31.89808353378091, -9.879118815939584, 45.43318076490085;
  -33.88287805628261, -0.9351428634210522, 48.5476273142116;
  -31.40392489191694, -8.485515989009862, 45.06211134393625;
  -31.74477979936776, -10.28554064510912, 45.73032877637836;
  -32.93081962249906, -2.771647567060971, 47.53152458267646;
  -31.76670929995954, -8.748128472702046, 45.92569975776535;
  -32.11327665117103, -1.884903250942579, 46.5575455249948;
  -32.99523597610819, -2.374914785242376, 47.83334371589841;
  -32.14032894277371, -3.248201649430556, 46.63618222091426;
  -31.98566445047544, -9.639576130532713, 46.57195121796212;
  -30.97902748792478, -7.293997219257126, 45.24582385879244;
  -32.94898981655702, -2.527573458944491, 48.08765472697839;
  -29.44512167595505, -9.776452646817994, 43.32766082588911;
  -29.31235752593657, -0.133484318194641, 43.22785889866396;
  -31.81248356179702, -2.787022756757561, 46.85690656668408;
  -31.26635362582973, -8.927031760887408, 46.37264794766011;
  -31.7184276901151, -8.147651830281449, 47.03120182909447;
  -30.68485989031919, -9.138804789334808, 45.5512939519538;
  -32.31292650713692, -3.182741647025056, 48.01440484583389;
  -28.80951224972923, 0.2985280158013413, 43.03135522736658;
  -30.19610835252027, -10.03310169180105, 44.96824737245567;
  -31.81255946527335, -3.713002908978681, 47.41974324845624;
  -31.05132038972111, -2.650823553504379, 46.31557321883766;
  -31.41801515548569, -9.100998510798947, 46.87842951342687;
  -30.74498075892104, -7.686788853398332, 45.91084166889631;
  -31.17000562381815, -8.340269254669069, 46.55517036130866;
  -31.15279779571712, -9.718595309030727, 46.59960077683506;
  -29.99638930366484, -8.940561859940321, 44.97104002312107;
  -30.27311322922012, -8.349947622591818, 45.40598929548667;
  -31.52144930350858, -1.930472577266216, 47.25015687623018;
  -30.67331950731009, -9.935932552758718, 46.04033634416071;
  -31.38783839777853, -1.068117343280402, 47.16474625731317;
  -30.95289976512697, -10.39756250190697, 46.54008288321148;
  -30.85660858274993, -10.98762929542568, 46.42624597002025;
  -31.85695428203218, -3.555674448851665, 47.93576466307972;
  -31.24577560082817, -3.946587687603265, 47.17904842537327;
  -30.99384790560658, -2.810351712980035, 46.82585775225746;
  -22.03176947054754, 4.244262729538529, 33.76349066391288;
  -29.07753285177155, -7.300490555656539, 44.09530401164321;
  -29.24030718938882, -9.474252493152809, 44.48205310047121;
  -26.9813113433754, 1.647396237922862, 41.26296592070791;
  -30.37292916360736, -6.896701273870471, 46.24209780928249;
