m=[-48.82224070730386, -10.7931651561723, 60.05164179710957;
  -47.62556074546195, -12.939122704874, 58.63285711552394;
  -48.23390229620051, -11.88156624168299, 59.50957619891481;
  -48.3882320422582, -12.52695723647272, 59.71665661988664;
  -49.8830167540342, -12.05902064899676, 61.63664873832632;
  -49.63746856270775, -11.29360183227385, 61.42210094058739;
  -48.54877671153861, -14.53676553810376, 60.16822655829511;
  -49.6081075534354, -10.60311855852257, 61.50225015224236;
  -48.74832918188303, -11.97216041194892, 60.55247159494935;
  -51.46428686874269, -4.71293143012283, 64.00005866786491;
  -48.21535393118291, -3.331995975377598, 60.14692472096819;
  -48.44896160432771, -10.58944386961644, 60.67438204986035;
  -50.03178108651134, -1.386525148851598, 62.67181525991033;
  -48.47421613929345, -4.130373798770182, 60.78444044078631;
  -49.35909610520566, -11.33742067523034, 61.9028262969528;
  -47.96597386798899, -4.61315629571626, 60.24316408823867;
  -46.78437129471299, -1.813518309402614, 58.91161301245612;
  -46.67665342812173, -13.0321110014353, 58.97988734535013;
  -46.75978772430779, -13.3550386483927, 59.3903204867143;
  -49.1926557278297, -2.29480394087035, 62.53804222591949;
  -50.18688164460566, -3.693910671407025, 63.86577441315743;
  -51.777162925021, -4.355419604325129, 65.91456254430435;
  -47.7651930000547, -11.1699530866689, 60.95946488505116;
  -49.27431188935616, -13.64307903759717, 62.86263925039585;
  -47.39293438032167, -10.85182426660302, 60.55678522106077;
  -47.07605989675596, -13.30186692571114, 60.19470146707035;
  -46.92196394307074, -11.62111702967531, 60.12050746542455;
  -47.26211972939831, -12.22408927555455, 60.56014200402973;
  -49.60803339063752, -7.566326771245761, 63.57508561982415;
  -46.88853807384593, -13.51741952448248, 60.22854983096774;
  -48.38688271626907, -1.50959623948408, 62.11310371090779;
  -45.41148359447421, -2.922041771996925, 58.44178815465148;
  -45.37097656786684, -12.37327399580842, 58.51953747057339;
  -46.77441839748729, -11.75368734356693, 60.34904517105499;
  -46.46934430860431, -10.47012764008805, 59.99958871336121;
  -47.17801890821148, -12.38746787055327, 60.90565408037089;
  -46.53529033839348, -11.30200365961481, 60.61243901604219;
  -46.38485071257687, -11.6751065493621, 60.44011813097293;
  -34.88657932862101, 4.790070447935386, 45.79791942874169;
  -48.41710237255303, -13.46316310761415, 63.27144885357127;
  -48.99890307068132, -7.221606223055189, 64.02016239676351;
  -49.11761714873131, -5.635648937496417, 64.19665349989813;
  -47.72610823434917, -13.89515608077712, 62.4818922897955;
  -51.03486410883319, -3.524159935822543, 66.74303992534783;
  -46.59783265608905, -12.35782779853457, 61.11228059504215;
  -47.50518062114497, -6.058848177499723, 62.3309452665994;
  -47.25585551553191, -12.0951771957382, 62.13874894910799;
  -46.04566034655016, -10.99928022374342, 61.10413560685912;
  -46.46645691731484, -11.95660396286108, 61.76228759206499;
  -45.48523987938816, -12.84666156290205, 60.65655110428145;
  -48.52850998724837, -3.930693442964044, 64.63655708442326;
  -45.39155964647441, -11.89094043720512, 60.70412639351687;
  -46.3559715544074, -11.322374534322, 62.05751846535746;
  -45.82051405079382, -13.68405123015121, 61.42737320410243;
  -48.87463338171309, -12.14780659274985, 65.56555510328509;
  -46.35236575900953, -10.73282200894915, 62.27325264478137;
  -45.11717790848126, -2.222338853773024, 60.77055830598309;
  -48.19099196998664, -6.578052182963062, 64.99012074050128;
  -31.14685464529111, 4.214385115647528, 42.451165821446;
  -48.15598396781129, -4.706251853016246, 65.03508512245692;
  -47.90257989551846, -5.777735001813428, 64.79845024065709;
  -49.3058389761653, -3.161428122420365, 66.68953678503108;
  -48.06832695006942, -2.756801614803267, 65.08456700152833;
  -47.94295324590355, -3.312385145613673, 64.94157505295767;
  -48.68135670045596, -6.256892623824225, 65.98037342762143;
  -45.94724192308861, -11.12369500285773, 62.41643570742264;
  -47.66324233142142, -5.078808730646195, 64.84616362679931;
  -46.36248105576499, -3.762563498700475, 63.42271749582757;
  -49.96271500787704, -2.443471242319796, 68.66322894141283;
  -47.19611770526314, -3.535917374256404, 65.27934479065245;
  -47.04468556517164, -2.978085251119816, 65.09671886842132;
  -45.68415477803099, -14.0158467000432, 63.31572749343865;
  -44.26014074072181, -11.84395834918008, 61.77399779420091;
  -46.0035926145977, -1.20391626349263, 64.18541722345258;
  -45.69656324548873, -14.6669044138065, 64.06383310011083;
  -44.38140800022462, -12.09556276423812, 62.42492512548775;
  -46.77741985309304, -3.867154594019097, 65.73757731618059;
  -45.52825197668241, -2.633484296475098, 64.26891869073755;
  -46.62276133675098, -3.298183077568664, 65.83884557492578;
  -45.27994268405063, -13.50359179176491, 64.16200108633892;
  -44.55879080167423, -3.354763578198889, 63.33789225872868;
  -45.0736263667913, -14.86641850038358, 64.52596889248655;
  -46.46605431683119, -5.309725758611634, 66.51338021599514;
  -45.46294984625426, -3.925048763131342, 65.18320827905124;
  -47.74646303025179, -3.704146154267528, 68.74722975977784;
  -43.28691827424667, -12.23164845651747, 62.47170195033347;
  -42.85955635463778, -12.64007097701859, 61.88897221358952;
  -43.24180791770229, -11.25998697671744, 62.44249459152636;
  -38.04241206046847, 0.4273158353129498, 55.10807160319435;
  -42.45462649139258, -2.199392176048803, 61.41728925626931;
  -44.29632986724923, -4.294533626846321, 64.09935497460459;
  -44.02965076494807, -14.51278984459349, 63.8169278446895;
  -47.04212778801087, -14.21228037752916, 68.12548779520907;
  -42.15388748974884, -10.43284046762839, 61.24012618838454;
  -44.40646476611017, -5.109938967160807, 64.43828022725707;
  -24.83787521262916, 4.798765164644475, 36.5485195178892;
  -44.93153400261862, -3.787315541961129, 65.22468800620376;
  -43.89972754788843, -13.82898566147043, 63.80648801151943;
  -42.00123135759363, -12.97567584974475, 61.1579735113459;
  -43.14789646021986, -12.73626537976014, 62.89614784356565;
  -43.77578792587619, -11.95427192602523, 63.85320185162934;
  -41.9763167963639, -13.45397066612037, 61.27751325203286;
  -44.41818288277609, -2.669482881267459, 64.81134037624724;
  -33.27171343376709, 0.9373328739961586, 48.9105983819171;
  -44.22459347888076, -1.465755538168552, 64.68483655700314;
  -42.09028342492603, -13.99643945732898, 61.58554229079932;
  -45.08334520665808, -15.89376600786419, 66.00579007485348;
  -43.39685285654483, -4.766838448079342, 63.56936226391982;
  -42.91492115655446, -5.348800519040826, 63.07005318052212;
  -44.02090590001289, -3.937912103498408, 64.73316317264529;
  -33.50742155099715, 2.087378747186581, 49.57401723222446;
  -42.49825939900256, -10.58625408830113, 62.66698924465422;
  -40.72935606024461, -13.0627793128024, 60.19932194228382;
  -41.70332025295885, -14.1583276011146, 61.74605550283743;
  -43.14645164482609, -9.683059323405542, 63.8799693868172;
  -42.38114061492629, -13.28722356925227, 62.79930731614761;
  -43.4870964864522, -1.281623404246469, 64.42881074022252;
  -43.13117874150316, -14.13958544023716, 64.04653014053828;
  -42.88622310719683, -13.75754670225065, 63.79424093350112;
  -42.74528983650068, -11.45261114232175, 63.58931885375062;
  -44.54693853839316, -11.2381515081577, 66.27404549837134;
  -46.63385997855342, -5.002688931875532, 69.42945759439446;
  -42.45434809255056, -1.685520200486002, 63.3201582700215;
  -45.27557368270192, -2.68534188876731, 67.55801409802774;
  -43.41698456592497, -4.069144541305488, 65.12374683977853;
  -30.44496563056045, 4.659225694039064, 46.03504766285951;
  -43.69652252521355, -12.55224646007413, 65.59362018620571;
  -32.5110619832921, 1.071278424423221, 49.14641219437375;
  -41.17831902774577, -4.170441913996539, 62.03666629849427;
  -34.12042333458061, 3.565598689872784, 51.61634443874558;
  -39.61915012571615, -2.433270053886489, 59.94267846200854;
  -33.90192406510003, 0.3027294553346163, 51.51814684840434;
