m=[-25.89427031279336, -7.229674371088969, 32.7195939248392;
  -25.63066138576114, -7.320359865807616, 32.55389444797445;
  -26.19275725684776, -7.252254648835851, 33.41590754443559;
  -25.69955668175578, -5.884570695749442, 32.83785979075725;
  -25.58650553451561, -7.229753136955962, 32.71667309484931;
  -25.5990705891237, -6.621059868756223, 32.80181589240472;
  -25.80830917679959, -6.391918753561095, 33.06785381823091;
  -25.84408484202861, -7.450548713756581, 33.19684971394131;
  -28.01093048829815, -4.272288957157364, 35.89735739092182;
  -26.58615827622521, -0.8294472035212094, 34.12802630764545;
  -25.3394669919705, -6.910412596705, 32.68287350841769;
  -25.44970971636346, -6.395118127363881, 32.83559120310861;
  -25.37587448483021, -6.66290864140788, 32.75962554440736;
  -25.1563750514247, -6.109716751015332, 32.76629924475088;
  -25.24649970473324, -6.354565542910732, 32.89654706453361;
  -26.39899906866976, -7.340671228204982, 34.49820079083638;
  -26.98683397026935, -3.977401042205503, 35.26000349148458;
  -24.62677498251148, -5.584418038482125, 32.60903746409272;
  -25.09842523659978, -5.995453431969686, 33.3064520659157;
  -24.9943809719572, -6.431476260614202, 33.22203258412033;
  -24.51220133678789, -6.923123975391576, 32.68808952103762;
  -24.7056219367393, -6.471975873970497, 33.03991333099634;
  -25.2686858537591, -7.546357759280664, 33.87541646947527;
  -26.61031786398207, -1.310745619336731, 35.84275320974528;
  -26.41911707035961, -3.606199491076462, 35.62868366207207;
  -26.36770311637947, -3.180321426219956, 35.66793901442835;
  -26.40804884013947, -3.394160253465387, 35.7922014106675;
  -24.83609214876797, -6.012746414424894, 33.73826771630944;
  -26.2085347883715, -1.281751823307186, 36.01811118769705;
  -26.77713374651631, -2.518568189821526, 36.97769287193733;
  -25.94341915765053, -1.943672297794171, 35.88365921995796;
  -25.06490408547288, -7.689884051049875, 34.73857937037177;
  -24.4300900232188, -6.537461559301054, 34.09714252937182;
  -25.21881982246658, -0.65997774531904, 35.18595788265588;
  -25.3873008798349, -8.148383354974589, 35.59146883083384;
  -24.12473788897814, -6.574876608363839, 33.9327890720334;
  -25.79100734819582, -2.132178578129953, 36.24480240549432;
  -25.2292935547544, -1.459334490189395, 35.61435692557888;
  -25.56316984157914, -1.808387400556002, 36.0993116527108;
  -25.45958421777298, -2.538517636876811, 35.96099965900499;
  -24.87922091316138, -7.419595153922529, 35.25403312446785;
  -23.72421830968233, -5.523390590642929, 33.68506171663557;
  -25.20668210849352, -1.897772752433721, 35.82992462012231;
  -24.50969446415128, -1.156359237209177, 34.87753809549131;
  -24.54723163441493, -6.017597225767206, 35.08597244543373;
  -25.1305262007808, -2.871692125737829, 35.97284660374306;
  -12.58944538176458, 2.432325286403239, 18.52515910945819;
  -24.87911041510708, -2.147940727402442, 35.67080977960455;
  -25.03601888662053, -1.942281526032351, 36.04784173391288;
  -23.34890992644039, -6.886022717178325, 33.71570218082082;
  -24.06829486537921, -6.80101364287399, 34.73537510239584;
  -23.62911291093312, -6.15292274908728, 34.12116250901443;
  -21.85668976971362, 0.245507819832131, 31.6615051359956;
  -25.32897323491672, -6.435819111217744, 36.55668438864211;
  -24.69410086520224, -2.394095557536343, 35.73379424166691;
  -24.18874909629966, -7.972950639837118, 35.05936633412392;
  -25.70997560419913, -7.767450133908221, 37.23268295031031;
  -24.3075970339597, -2.797122849929435, 35.27278646421154;
  -23.39545789569969, -7.369873797741332, 34.00435690899345;
  -23.62910442515032, -6.255536214805455, 34.34162077564936;
  -24.59868118723124, -2.073442842319119, 35.70858065312714;
  -17.16842850668846, 0.4836700840852921, 25.23819860407536;
  -23.74920360046331, -7.336974599281331, 34.58120435438375;
  -23.37489174729613, -6.899729742125457, 34.07328671330988;
  -22.78259616593839, -7.302126625391601, 33.25829765499895;
  -23.77618806465932, -6.492790443213114, 34.68094596779562;
  -24.40985393948766, -1.467004793907698, 35.61684088657475;
  -23.9364138529212, -7.959665273234523, 35.02321456823842;
  -24.18087223590514, -0.8014374946024065, 35.36800782877166;
  -17.56244113292327, 1.094070049937593, 25.98352004013141;
  -23.89613592607836, -2.6248221240721, 35.00396967527219;
  -24.07911899103889, -2.154009604703811, 35.40857478582707;
  -24.78427767540827, -3.089045807882806, 36.42429413598224;
  -23.31001314219458, -5.806490087231718, 34.37242756603205;
  -22.30894805609357, -7.154958814631756, 32.97335573476774;
  -23.17818987255211, -7.869023459664368, 34.31769436210217;
  -23.81162801904746, -5.343878764198467, 35.25402462822066;
  -24.5855612978897, -0.7245696611574876, 36.42502267994263;
  -23.12402334984984, -7.58069019715008, 34.33742136570817;
  -17.19717134967531, 0.337779134821838, 25.80190915810139;
  -23.18144728579575, -7.436417118451681, 34.48293475601356;
  -23.1009033656712, -6.18935242445048, 34.36567433623942;
  -23.81681719354381, -6.008426366549481, 35.43311567754372;
  -15.53083499801064, 2.376802337394534, 23.48377521765871;
  -24.904239793342, -2.6716245412287, 37.07794854313293;
  -23.39234259541743, -0.9287215032795115, 34.88940242868323;
  -24.69537250739003, -1.464708514077729, 36.84923653761948;
  -17.340836151852, 2.322407193684634, 26.27142194952705;
  -23.65269836996705, -2.216787955717074, 35.47810508084648;
  -23.59884651880846, -6.778995685677814, 35.42464447815279;
  -17.75063273261893, 0.1585054396520927, 26.97427149017056;
  -23.18024960567702, -0.9731655950856053, 34.95642812683333;
  -24.1526253471578, -2.446120275404457, 36.38682671540336;
  -22.91515176268991, -1.68299085988011, 34.90880863706024;
  -22.87846464426825, -7.334663722201839, 34.90176412432991;
  -23.22759263413701, -7.126021255984521, 35.44917353161625;
  -23.48723597305718, -8.030575762269434, 35.88038554200512;
  -16.22978344144804, 0.7418824454584517, 25.35099665265996;
  -22.78542680535319, -6.835641207660476, 35.24234715861355;
  -21.81319518878273, -1.011477205705809, 33.94589364453124;
  -22.84184685897174, -7.457369478975931, 35.61728792135186;
  -16.90218685880259, -0.277525713078685, 26.63622877171795;
  -22.65153501727993, -5.875132786591955, 35.45274991150408;
  -22.70217447734435, -6.564536168134442, 35.64091409068819;
  -22.28618782572949, -7.073604997073664, 35.01120492866246;
  -22.58560246945045, -1.103222477246708, 35.47260428083104;
  -22.36683010999444, -1.261421967980428, 35.18901409743772;
  -22.46281959435971, -6.119579681165623, 35.40935969631756;
  -22.4799028686862, -6.908946473467451, 35.47333264014716;
  -21.75190403768223, -7.231778646565222, 34.50567403446462;
  -21.80824533380722, -6.173718490454148, 34.64291731039143;
  -15.60169125462866, 0.7411136777838764, 25.07209199712829;
  -16.81218504386159, -0.3273113000504076, 27.03413402190639;
  -21.53367799198151, -5.930201710757806, 34.71777821879517;
  -22.52665633482424, -6.754795102620097, 36.45849489823523;
  -17.99325376476611, -0.6496615688603987, 29.39947109700414;
  -22.14140111187771, -2.599556099605155, 36.04312672106098;
  -15.30848687399778, 0.7916344431742538, 25.24449319478091;
  -23.48658532257398, -1.904694775168843, 38.3404118219225;
  -21.61419524638782, -6.290312314795986, 35.46126513504467;
  -14.13336373218236, 2.466731017254416, 23.56407164235098;
  -16.76658803742641, -0.5218540962755051, 27.86778235079943;
  -21.76508082530173, -1.674156100184183, 36.05403275750366;
  -21.50388119089307, -2.383032867012553, 35.6460688810313;
  -21.95069687916221, -7.678526087282381, 36.40361986789507;
  -17.05048828824224, -0.4052413549765931, 28.5280365590453;
  -21.79358765780631, -5.539870023778198, 36.23486145657821;
  -21.48461392604695, -4.466234521617142, 35.78059838473653;
  -21.92404635580631, -6.446043464782094, 36.58388851608197;
  -20.95776625044647, -6.990249983418626, 35.0524724040372;
  -21.76207783201196, -6.708120902572694, 36.38669946368452;
