m=[-5.990149652225098, -0.5667904987236524, 8.185152320271927;
  -5.924741902479209, 0.04550598291328586, 8.346427549742657;
  -3.393075219660338, 0.4673550059286239, 5.383005642725773;
  -5.926239385900193, -1.475845914763775, 9.405862827479679;
  -5.905588334201297, -0.862069373025192, 9.38242278940484;
  -6.030622283770084, -1.556909195536782, 9.571538254316284;
  -5.921946619749047, -0.1356391280341069, 9.47443259097725;
  -5.884243264764479, -1.451398722941864, 9.420820827277602;
  -5.85907137365527, -1.869386184135128, 9.405262538718018;
  -5.882218992027053, -0.6504083848233699, 9.478151135851647;
  -5.86245907477678, -0.7198501627908268, 9.465690381591081;
  -5.847840832569069, -0.8752834562516877, 9.454853438754594;
  -5.796996668509342, -0.3533797104558892, 9.396188010948521;
  -3.035939401583936, 0.6610962850442529, 5.472005724100323;
  -2.952080035006709, 0.7223867030059706, 5.480541684897239;
  -2.924485575021747, 0.6972119240899634, 5.478377694677223;
  -3.805271692024069, 0.1353531532552603, 6.834528793831298;
  -6.098588013377353, -0.2276469124421172, 10.3665093237934;
  -5.923909100487482, -0.3800379308630354, 10.09872981413751;
  -4.72332424246989, -1.125505323210772, 8.369793763162685;
  -2.833072602149033, 0.6675947004266583, 5.428244253216175;
  -2.896599365839302, 0.4807093158765053, 5.558012354927103;
  -5.865033542370924, -1.606622160127913, 10.21577001277335;
  -5.846363797715397, -0.1357658668161586, 10.23834621131999;
  -4.649476890223992, -1.071191111320146, 8.339614367497324;
  -4.59626207629162, -1.028005607348493, 8.323475080654646;
  -4.497404229378203, -1.143589507752951, 8.193437205434096;
  -2.363292076482724, 0.7380486481228346, 4.817011473101225;
  -4.544058398322293, -1.069223379584377, 8.323347148974738;
  -5.963147354474145, -0.08594086519799826, 10.74154176936502;
  -2.740465376708197, 0.6762068166724317, 5.505622699707314;
  -5.96258471929926, 0.005883776680155869, 10.87148673265223;
  -5.882047441690141, -0.08607490353718642, 10.75435750695614;
  -4.37739142110772, -1.070896584281364, 8.250850773460849;
  -4.369010607156564, -1.191195675615773, 8.24123402019287;
  -2.71201740218481, 0.4209379913853078, 5.503131588545749;
  -4.45281371027168, -0.8784598725096018, 8.410047284736718;
  -4.383226283344961, -1.044712156504871, 8.323334638621105;
  -4.401542012470687, -0.9042211450481623, 8.411862613329459;
  -4.410078331842548, -0.8439156244855158, 8.427795318785275;
  -4.415456736754935, -1.310531887497439, 8.463721126749739;
  -4.325421773458227, -1.063487288638911, 8.333294970643914;
  -4.247638074427236, -1.094781337014974, 8.203525238041172;
  -4.252736768353346, -1.356283651869344, 8.241655594924918;
  -4.334910695323867, -0.8112338576824718, 8.396891028723251;
  -2.706798541930521, 0.5229099238865508, 5.643447399765385;
  -4.33519767025734, -0.7718128930248416, 8.491855110946331;
  -2.685257118027575, 0.5398149710401387, 5.650016902663976;
  -2.703751188580153, 0.5011174008048189, 5.687376007526674;
  -4.133988366679039, -1.646806745748279, 8.166472179000985;
  -2.697918488624402, 0.4674786090199612, 5.718334863265596;
  -2.69347219474327, 0.5233562917513482, 5.717544072958286;
  -4.100930031338614, -1.762162629724233, 8.168398564467523;
  -4.266106424667311, -0.8794063955358131, 8.489087853429005;
  -4.172802771039988, -1.281574358306528, 8.329733572716176;
  -4.354373829797575, -0.6541092932122452, 8.658698046924437;
  -4.263662166132228, -0.5733774445403684, 8.516669580173364;
  -4.187576986586551, -1.246168229809764, 8.392077447645237;
  -6.087353001881373, -0.06045714945871692, 11.85813515347431;
  -4.027013474940632, -1.750530110441508, 8.195869527575047;
  -4.115110393116499, -0.7433291447368156, 8.378616961106822;
  -6.194511137790975, 0.0007969154097099611, 12.14604996028338;
  -4.082875146230483, -0.7941917741225774, 8.348478886824886;
  -4.073235478346395, -1.623753387848704, 8.333785784162693;
  -4.055915982613052, -1.703674392805695, 8.323019340252079;
  -3.930550915445024, -1.54133273305902, 8.213732537472083;
  -6.498512461532966, 0.1247362797448457, 12.97531958642175;
  -3.917609308397719, -1.547655819565476, 8.300100890317832;
  -3.940909805744037, -1.637579701792064, 8.368545452980431;
  -6.066854342527561, 0.2569293201754612, 12.39101096426226;
  -2.415972064556199, 0.8666338263207032, 5.549343549665213;
  -2.686342966315191, 0.4808962448015224, 6.066056632891442;
  -4.027778497634764, -0.8616000983502793, 8.640040389676448;
  -6.04544813605472, -0.7758965078617213, 13.00262734347003;
  -6.134217836909135, -0.7490022924108122, 13.26764649358339;
  -3.966587359057944, -0.8512532099733369, 8.935424265760341;
  -5.966620236114751, -0.4724212551641071, 12.9679168246452;
  -6.065370440764186, -0.5398728607960093, 13.26490795353045;
  -6.429109765349953, -3.131530353220379, 13.99467346665976;
  -6.475725371179014, -3.073885902119837, 14.14442867994053;
  -6.435045376916942, -3.098496245546687, 14.23519657702762;
  -6.530139234944482, -3.427812989736619, 14.46222599855159;
  -3.943607806073103, -1.116879713570524, 9.140168372030088;
  -3.940924762301664, -1.14195222396728, 9.268195769189253;
  -2.330556237131423, 0.8550340071976849, 5.902080400664877;
  -2.342931979227788, 0.8920218720398815, 5.937474536920107;
  -3.950132546594169, -1.115822584643124, 9.357704968002613;
  -6.426457311524068, -3.054095247467271, 14.61688205819389;
  -6.563758190207974, -3.205108499424537, 15.02848917624949;
  -6.557070346252544, -3.142218003369496, 15.15584364663275;
  -5.962739325342798, -0.4818524063253191, 13.9265392968223;
  -6.105550165323463, -0.8214771669934513, 14.27034724275341;
  -16.3312038868579, -7.63444893240399, 36.63852287343768;
  -6.470657553141643, -3.222316386601261, 15.10372038882685;
  -5.971934791204631, -0.1140070547647416, 14.06553402257118;
  -5.940278639973045, -0.7223919505927461, 13.99347690057957;
  -5.914298211195899, -0.0494515997326825, 13.95036972169591;
  -5.86979697122681, -0.9362716781380726, 13.88838832213469;
  -6.435678685449528, -3.133860149535374, 15.13438225736673;
  -6.376709828411094, -3.038677690253128, 15.07262170006304;
  -6.004439601304248, -0.5647269099359479, 14.27915416609719;
  -6.45503277753483, -3.255929794516693, 15.34900032114703;
  -6.563602228208719, -3.203310979104113, 15.60379601210493;
  -5.931160421992231, -0.5324658060031459, 14.2732193437738;
  -6.536718708541415, -3.138764049780198, 15.69065054148599;
  -6.005723252767684, -0.04501006170675768, 14.56094458131981;
  -6.51160080766702, -3.455971744686601, 15.72912894654081;
  -6.513931925146121, -3.250949432863684, 15.79385497332906;
  -2.700601764804731, 0.5426782757932217, 7.159774792903018;
  -5.738717323538247, -0.397894604184482, 14.10216650332725;
  -6.434051113587033, -3.569370142707152, 15.76096003089548;
  -6.72696103127638, -3.577129744025073, 16.51763268594798;
  -6.375515535725802, -3.641563922991352, 15.76578798063711;
  -2.731978595824475, 0.5947290990963656, 7.362324007040031;
  -2.949759909398806, 0.855610340893376, 7.932508635945381;
  -2.940279653611339, 0.8212351040756177, 7.911554776559905;
  -5.982603495371171, -0.1718663781261548, 15.07346669555272;
  -2.726939265966554, 0.5054014314162596, 7.413673935959823;
  -6.253935046685229, -3.547644795186759, 15.67958160257996;
  -2.905679696794656, 0.7215115295174064, 7.906422080630586;
  -5.920129330703223, -0.05742953561924292, 15.14031900694625;
  -5.968326395193999, -0.1921445123434919, 15.27661118780385;
  -2.342649667340599, 0.8494922160343069, 6.624671685609703;
  -5.463389258105715, -0.6609355914358798, 14.30766642120888;
  -6.09575234542054, -0.1970727082639755, 15.95769399291743;
  -5.757910962971471, 0.1425107928902344, 15.25389435424934;
  -5.925540496309941, -2.057720771879718, 15.85060783621803;
  -5.656776724035157, 0.1098554716004338, 15.26143092653702;
  -5.87721916912025, -2.117068912642337, 16.0978324929626;
  -2.817788817341116, 0.7837055111096379, 8.269175889223156;
