m=[-12.25429146306792, -3.072892479533089, 16.20629351771774;
  -12.36541648459398, -3.178386245236736, 16.40200845369616;
  -8.012140249274976, 0.8254766328109924, 11.00952741697803;
  -12.12223410316776, -3.491177302422507, 16.18233171865604;
  -7.848938001868805, 0.8901053189329338, 10.83920706168235;
  -12.28785544936597, -0.2502307058603931, 16.42606043079587;
  -12.1479236266812, -2.991666415415983, 16.26505378903858;
  -12.16860639604641, -3.183764539485235, 16.33155510024303;
  -12.1073176573574, -3.344729647556801, 16.26874691603491;
  -12.15041229680614, -0.1177143802536722, 16.39546847222691;
  -12.08962177173499, -3.025117341960342, 16.32873873191081;
  -7.732097240879686, 0.9427248165584995, 10.81407235649312;
  -5.535316696976774, 1.582677164857901, 8.090265241320765;
  -12.08009688609865, -1.143023886917175, 16.50667158534697;
  -12.03652072081632, -3.598698386290147, 16.55353666793999;
  -7.619687154499314, 0.9026801073268751, 10.87589114034169;
  -11.93030077351858, -2.72224630385772, 16.4637548401915;
  -11.8266731412539, -0.7348688093350498, 16.42134499135562;
  -11.73647825784725, 0.1334255180040071, 16.31963880841565;
  -11.99310357210626, -2.932490880976895, 16.65368343918825;
  -11.9476416639656, -0.468371488342702, 16.60960231965071;
  -11.97656296105083, -2.814649294127007, 16.71186634744431;
  -5.348692419956429, 1.391711599160148, 8.097095311544743;
  -5.314569314515802, 1.450491214079164, 8.064959669421045;
  -6.081729331908491, 1.097513785654616, 9.256585136242867;
  -4.972561527281893, 1.576287829036699, 8.067688895612861;
  -11.90505458128622, -4.240182590273335, 18.0811421951192;
  -6.616315706743437, 0.9113173349161021, 10.49657389765157;
  -4.998202074000638, 1.540731717611871, 8.22493881951263;
  -5.973544959055877, 1.081059596081507, 9.654228341359337;
  -4.960271955114185, 1.597712202388663, 8.187510916795343;
  -4.986285115175091, 1.572350449029359, 8.231177750516295;
  -11.86880323899391, -4.239025016194455, 18.3187752663689;
  -7.031495505480507, 0.7545504082340406, 11.32083287681513;
  -4.987827803545694, 1.49508869973776, 8.337955516972226;
  -4.939555734970542, 1.527138762343643, 8.270993393726634;
  -11.82494746800907, -4.162158006330721, 18.47294140320295;
  -7.279536144577239, 0.6443951300350932, 11.80018535655137;
  -12.30541010146596, -0.9620387227212091, 19.29587492623121;
  -4.921807926541415, 1.586158527950039, 8.334957959039743;
  -5.952818848157142, 1.103025055456194, 9.900752709473039;
  -12.03085359239028, -2.996113550136855, 19.09483421421476;
  -11.92764430098548, -1.741140130724793, 18.94988193900519;
  -12.27797993247137, -3.16977236510499, 19.48706934036491;
  -11.96401012396141, -1.226293421023488, 19.10100381729472;
  -12.09271517155775, -4.221718852017779, 19.28319287113527;
  -11.95723564066263, -0.2738743052139424, 19.13019997074704;
  -11.90373024753534, -2.936156460929177, 19.05817023402139;
  -11.92128658196353, -3.803587123659662, 19.13662130944718;
  -11.8859620605176, -1.314253922938194, 19.15211673643624;
  -11.56839955591269, -1.420481439159583, 18.67866146442561;
  -5.014480811822008, 1.492280434891654, 8.66571515607639;
  -11.82232815832422, -1.769522897020035, 19.11447032198218;
  -11.68444014718578, -0.7122729772265738, 18.93897869944165;
  -4.883755194691202, 1.42028488782258, 8.567832472857022;
  -11.65202373774581, -0.9448454622700531, 19.15271047987465;
  -4.780306101554662, 1.600062906291842, 8.536462440828794;
  -12.27450629076647, -3.948026672399825, 20.63789001578907;
  -4.547426202724077, 1.68744258723881, 8.289246096650293;
  -12.17739683347102, -0.305499579998307, 20.59628473324712;
  -12.25007711323373, -3.206146306857534, 20.71165802213756;
  -4.837605893759696, 1.567471037710982, 8.773027510437229;
  -12.06458424904023, -0.4649846999472338, 20.45432859151303;
  -12.38368303148113, -3.934603240666414, 21.0293534126721;
  -12.44302329751973, -0.4644707642018626, 21.15091505557901;
  -12.30553363894085, -3.735866982846982, 20.90749020097192;
  -11.84905307373716, -0.7601550828082082, 20.19956476631287;
  -5.964335639332052, 1.298774320680539, 10.75017463848355;
  -12.13180722489237, -0.177468782793273, 20.88744637511007;
  -12.0310653786019, -3.209464654387766, 20.72579913652626;
  -11.9504751935055, -3.147421166333532, 20.72601797619724;
  -12.09837803386977, -3.58492159052814, 21.03476380476513;
  -12.26813293552371, -3.360637939274203, 21.3687481324747;
  -4.848388090835901, 1.69195808618553, 9.049493587391977;
  -11.61824124059632, -0.2698019910299103, 20.34624944727936;
  -9.376514979890446, -2.234298765293693, 16.61531001688136;
  -12.31370792826459, -4.051728963823602, 21.57968537064537;
  -9.424793310914694, -2.277340209755169, 16.85788046923171;
  -12.57965273909647, -3.86718036918923, 22.19907108900641;
  -5.826878609751085, 1.425862299734206, 10.81761020530879;
  -9.279979365299807, -2.13801071476336, 16.64519494820085;
  -4.750664721217518, 1.727823261847115, 9.046674726721676;
  -5.696932077343925, 1.358176976142292, 10.67194377266848;
  -9.238785572613779, -2.066358100580759, 16.73072601447617;
  -4.635008110955886, 1.789706219493525, 8.927774203252069;
  -11.94791417552715, -0.1721933100958529, 21.52202713503645;
  -4.635958913114898, 1.723165421710772, 8.947802317790028;
  -5.599175440925997, 0.9944169563663858, 10.60788607773764;
  -9.125775271181329, -2.316265703454147, 16.69695010263876;
  -9.117340497641726, -2.145323137420332, 16.70022332135878;
  -9.109295470424479, -2.551434384950909, 16.78575744579833;
  -5.572459605688553, 1.426296887869945, 10.65676028672377;
  -12.15317236544828, 0.01199254275118174, 22.15868760790274;
  -9.106727396433444, -2.003731241343344, 16.84544483095372;
  -11.97240679806841, -0.1751981381427934, 21.88957913065443;
  -4.747775408528396, 1.687033474200126, 9.279872483055282;
  -5.763082139317568, 0.9564205893308716, 11.05823681056616;
  -4.73083691764127, 1.71703347220066, 9.25910458392327;
  -9.007632775276372, -1.819633550497644, 16.87709783578542;
  -8.618743355036052, -2.349870654226411, 16.25747505224334;
  -5.469133021847076, 1.284569548095817, 10.67960580090318;
  -8.843916849843549, -2.163599147313445, 16.66970831740007;
  -8.604186701467413, -2.050749348263371, 16.33854165403366;
  -11.21176260072943, 0.03302406583868574, 21.09667030720162;
  -8.801370760364556, -2.267114685430331, 16.77626347755403;
  -8.472127830098293, -1.7404530289206, 16.19122915274604;
  -8.866935782850234, -1.696782933406677, 16.94498697293046;
  -8.785417152823097, -2.053918260844874, 16.81583595466933;
  -4.739326356728258, 1.713482493147579, 9.550999215035773;
  -5.417506020779929, 0.8288576602573838, 10.77925756245684;
  -9.354533877873017, -3.782187172404752, 17.89982210226044;
  -5.57733223630935, 0.4487247017134508, 11.08902235904035;
  -8.75270372040483, -2.152018840102816, 16.86283227692507;
  -8.507442778693688, -2.192698487168676, 16.43054806537763;
  -8.578309867698762, -1.80175305305649, 16.58827823805618;
  -8.723814886186114, -1.632572041556164, 16.89836956343243;
  -5.285327881912686, 1.066246852915612, 10.62581415510331;
  -8.73218166561734, -2.784869105081181, 16.92266364000745;
  -5.384934905237907, 1.328726763420414, 10.81838876809167;
  -5.395834724533432, 1.045793720398427, 10.84306375448925;
  -8.808513646613523, -1.762434346433631, 17.17176946431386;
  -4.741849111617732, 1.534048001387607, 9.730396293085102;
  -5.285539032710659, 0.820379759372301, 10.72523236391071;
  -8.714818760022984, -1.55153466830527, 17.07072753244932;
  -8.876478063093234, 0.1496105442849756, 17.39288957669825;
  -8.090562373434464, -3.222939087313478, 15.9824718104376;
  -8.745343019349654, -0.6636844749149176, 17.23318478657713;
  -9.902207466910184, 0.001273905485839493, 19.4160126497202;
  -8.587902103983661, -1.745951102826801, 16.96890942316478;
  -13.57708786311239, -6.534428242579905, 26.28072379720873;
  -4.83156756889105, 1.681572740491475, 9.996485217925246;
  -8.387744604070299, -1.580555976399477, 16.65081384428312;
