m=[-69.6647200549247, -1.931293963245316, 85.10493425283298;
  -66.39321001556111, -2.646049470828242, 81.4689885386094;
  -60.2063167403978, -16.7113064041773, 74.09125834264447;
  -58.52720715802907, -16.6232768400739, 72.40807063628121;
  -58.32226035995474, -5.414840545162179, 72.31336628553601;
  -63.52133811329348, -2.959088435304065, 78.74737904250057;
  -61.81993986675587, -4.528796187167815, 76.73987416815378;
  -60.85362110077202, -5.060078643402808, 75.6009851085485;
  -59.35780449092959, -14.93519526596323, 73.79394690508781;
  -57.24844858603581, -15.76671897933576, 71.21722044224094;
  -57.83171976510847, -13.18068290374091, 72.01040654306318;
  -57.8954931163691, -16.26237633182876, 72.122587932306;
  -57.67946804416079, -14.83264747492796, 72.0147026197705;
  -59.23443564498292, -14.5962920177532, 73.94689698327666;
  -59.5457252364787, -17.06614777839972, 74.51703966729953;
  -65.89177932674025, -10.03166484762562, 82.37578405642644;
  -61.43378653914147, -1.918224083007992, 76.88973814329755;
  -59.0631392632128, -16.04317739886758, 74.19343995354728;
  -57.87274292182008, -14.4546143551268, 72.74655258792696;
  -56.80833482234574, -14.82331126378092, 71.46108453017797;
  -60.60041709208113, -13.57332300869816, 76.22472271478587;
  -64.95658393597223, -6.527230724734618, 81.97267859932651;
  -56.71449541822163, -13.69489247970879, 71.97545387593596;
  -57.36686736973679, -14.3581561044087, 72.82867335482338;
  -53.71210393783044, -1.623526928721716, 68.27713732628162;
  -59.80263339301429, -16.53472736805384, 76.20371962014943;
  -62.48421858265834, -9.158179171857443, 79.62787512032;
  -61.02283078304172, -2.272761819679744, 77.879581553721;
  -62.68036213679631, -4.157466289477982, 80.00964801838829;
  -65.4025043810948, -8.285661468275638, 83.65456300554304;
  -57.34170760783569, -13.61493230553581, 74.14623715040001;
  -56.2770307036328, -14.3812895889389, 72.89470447390022;
  -54.89850850998516, -15.42153407177532, 71.32843888222172;
  -41.85917027515892, 1.865791061936879, 54.61625709133933;
  -60.01327021866916, -4.838033362259465, 77.97526068861011;
  -55.80551866091828, -14.55308418007774, 72.7212722891482;
  -60.97355104779715, -3.770738222067142, 79.58800443426132;
  -57.95710303540376, -17.22748880985305, 75.72544929999211;
  -56.48917387940846, -13.47751137279753, 74.07651160401933;
  -69.76594963753726, -3.402772885167787, 91.55719356912179;
  -60.85419250423907, -8.266520514352436, 80.05964496940197;
  -56.3378674601445, -13.8929293618294, 74.23735477004891;
  -61.62867479518958, -5.988082979618326, 81.19260253972263;
  -58.78538880675342, -3.754875249186595, 77.60259345916607;
  -56.09860799258811, -3.203750696712948, 74.10183668021271;
  -60.80745441108473, -7.311865673049627, 80.24301115385907;
  -62.19061894045071, -4.278906776650486, 82.1793323322181;
  -60.27945276725078, -7.696082596811172, 79.71491668855956;
  -56.26210284913318, -13.53363716410901, 74.49185112742642;
  -61.39231397431397, -6.490608938364355, 81.46834933958047;
  -60.3611894406768, -8.065838386330286, 80.3904319562685;
  -61.16921642162583, -4.9712651445672, 81.60325440171967;
  -57.21004383615399, -2.786934056275721, 76.76877669079424;
  -62.23116704398715, -6.709744747755508, 83.67054807618986;
  -60.33884338032995, -4.504181339594844, 81.41616475984608;
  -57.57900493143597, -17.55210261721375, 77.79083854989089;
  -56.38417943488595, -15.0035150198597, 76.68415304611145;
  -58.70553247222672, -1.539651797770766, 79.87927526414821;
  -56.64138254877055, -18.18439034265886, 77.51881356562743;
  -54.98691098575198, -14.8977815128911, 75.37528815657856;
  -60.35774354547618, -4.967605473245512, 82.75024048898166;
  -60.07096106664215, -3.446508309628149, 82.68785689988263;
  -59.53018998988315, -4.190181101019252, 82.01228416504738;
  -57.10616620265098, -16.93850845830508, 78.90366238354093;
  -61.31124587232099, -4.602428283875168, 84.96284653981388;
  -56.02603991467125, -15.28580101295522, 78.25733308426017;
  -57.4743593998676, -6.525399828149128, 80.26579968160355;
  -27.49876786546897, 5.276101151230698, 38.91511532721539;
  -57.84581959343325, -4.970540196872561, 80.89101200160457;
  -55.79152728881722, -17.54111585229605, 78.20483983806004;
  -55.67834910982607, -4.261637070514657, 78.25032823858732;
  -53.37749223957435, -15.65317815293484, 75.09896987844006;
  -56.38308847728811, -15.84814384790015, 79.30125108529707;
  -54.56729044811374, -14.11920868339239, 76.78141135576378;
  -55.77681915355228, 0.6154145246084605, 78.54754170770823;
  -58.86159564103747, -5.68707054506346, 83.0487123208335;
  -55.70558456530556, -18.24966387273029, 78.70642550595073;
  -59.15116959095126, -17.7399776768114, 83.58618042998823;
  -56.39433999945347, -6.464842451855344, 79.7962515217467;
  -52.1600231507168, -16.31863455724088, 73.89435011354351;
  -56.98775855030779, -4.789298293213581, 80.68426484570854;
  -38.00896875242771, 1.066698583785026, 54.16707789257598;
  -55.69623107084868, -0.9416433721144486, 79.00065523533382;
  -57.48857814332306, -17.64361280311848, 81.53041153305277;
  -52.94404688656182, -15.54314249582791, 75.21695137769248;
  -51.77471142004142, -16.4969896040499, 73.62300937744756;
  -54.22950210104851, -14.72067760923536, 77.1089543352887;
  -57.22475942938509, -3.429725648282815, 81.42486365772126;
  -55.98040219981075, -18.57285616001081, 79.84623181746927;
  -56.41634452701489, -1.869347917767515, 80.46564578446959;
  -51.56182338909655, -15.09543677323297, 73.6421757165482;
  -39.57166089370836, 2.442474716476951, 56.7755821073331;
  -55.50243575454734, -6.094379645879065, 79.26420783671512;
  -55.88542051688793, -4.987523324130192, 80.13723879579578;
  -62.6972697375498, -7.772120012137684, 89.8030467000536;
  -53.81718549488325, -13.34010810521842, 77.33706031180296;
  -51.62413809379486, -16.45600201860337, 74.29402160185855;
  -55.73863922316104, -16.89072435151719, 80.28762082552052;
  -39.37079996328082, -0.09701901081738407, 57.05192068339073;
  -54.69676260621939, -18.44617910751396, 78.88342152130301;
  -55.51816073786189, -12.40129720184699, 80.13078895164068;
  -52.32571220225111, -15.92122629503767, 75.68413513305117;
  -60.57188676696742, -1.779100451450898, 87.49606845498082;
  -52.16132801873994, -16.97114672510681, 75.48690058152728;
  -52.5555890325314, -16.7527216954179, 76.19707443414096;
  -52.24764161310496, -13.92854987247049, 75.76359711584267;
  -53.67290947855744, -13.43705136759309, 77.8720279896947;
  -34.00805619426068, 5.164248418472926, 49.7734734551365;
  -56.97992339425531, -6.031058735459892, 82.79885115416936;
  -55.12149512444714, -2.198759938354543, 80.13410016934463;
  -57.99590984149569, -3.399672051376531, 84.43356346151273;
  -40.25807277285024, -0.07293823613007087, 59.11723784147012;
  -53.47983478984207, -15.2666085893463, 78.28208686073135;
  -40.01515873552436, 0.3510645140632155, 59.0100475487469;
  -48.75091611612691, -1.964399508979821, 71.73247734060331;
  -62.59646852272839, -6.321327998419076, 91.87566356792239;
  -32.24206933067712, 5.303186489739689, 47.94998895522773;
  -33.861144956564, 3.338113934874098, 50.30793907448255;
  -52.54477904096002, -3.84827310051217, 78.04012462949567;
  -52.10786399662843, -16.58930895215298, 77.47941565281957;
  -54.62890499447811, -16.66121359502813, 81.25796013160932;
  -54.23682034034817, -18.40497523409124, 80.77609547780394;
  -36.25060830970585, 1.637864447223536, 54.8757152203466;
  -42.66167413380428, -1.435101677720208, 64.43284771836061;
  -53.09294128366099, -15.78891305682498, 80.100922355286;
  -44.90884446955678, -2.777980288475149, 68.1656189286895;
  -45.60579451016707, -2.158231808537752, 69.24662744545677;
  -58.3646009861048, -5.46342423529611, 88.48453696476454;
  -51.18957484882924, -16.60238776550567, 77.83684275275813;
  -37.97771943792011, -0.6359822001643367, 58.05613131414702;
  -52.66220543451335, -13.57461322245406, 80.3397312967376;
  -52.04857858193471, -16.42340779975312, 79.67473327375978;
