m=[-34.14238492750918, -4.493311560382325, 42.34515851195756;
  -33.48232258135339, -8.915832760723641, 41.66666927315453;
  -34.14036475142972, -4.956638307528578, 42.53351065242195;
  -34.40237100697971, -1.258299686105378, 42.90807294159012;
  -34.29785772192827, -2.219465610032693, 42.80585280285592;
  -32.30345296122334, -8.152335323557002, 40.46434716802426;
  -34.17527003960799, -4.30302522233773, 42.76026980287065;
  -34.63360884100193, -4.179963579126802, 43.33864463564108;
  -32.48244792931288, -7.639992192175808, 41.0234670455874;
  -31.87230104854941, -8.076077471912726, 40.31352972993268;
  -31.84656977446903, -8.884077316816335, 40.39587951465891;
  -34.0391034571211, -2.715598444346871, 43.22219661738151;
  -31.38908583733971, -8.109623121871465, 39.93993655057464;
  -32.75783150837786, -1.99259305811762, 41.79740004298499;
  -33.17596507985434, -2.181640197731539, 42.58577011365426;
  -33.10301082683571, -1.599008014256982, 42.53335551047341;
  -33.50352541914229, -4.508690079443309, 43.09017028966096;
  -33.15186835073118, -3.191792587103019, 42.7041667465065;
  -32.87020905375371, -1.84851690959144, 42.40242713318937;
  -32.87340195848997, -3.904275469951427, 42.40989681424654;
  -33.45779295012503, -4.233418532742713, 43.25164901130741;
  -35.32851049395878, -2.395733357771783, 45.65062025070343;
  -33.22036061748005, -3.4724583059438, 43.1042219569301;
  -32.49130017335926, -4.297634848434944, 42.30441063669569;
  -32.83234177189715, -1.571729839201137, 43.04355920630903;
  -31.56067818967295, -3.358949840263774, 41.50295877048352;
  -32.91349839244951, -2.42361882152348, 43.42096206644781;
  -34.79131958326846, -3.186152502368994, 45.86683723342492;
  -32.98173767496827, -8.973906044899055, 43.7130487509519;
  -33.67774191512357, -2.691658383143567, 44.68707039717648;
  -30.06983619312902, -8.077768740057945, 40.26350821188258;
  -30.23627417081785, -7.19250733280894, 40.49782264856211;
  -32.40717513704954, -2.628094896050858, 43.44701400553296;
  -32.86717420502401, -1.858076160975971, 44.2387195110047;
  -32.91541421153691, -2.281606709380422, 44.33704788125829;
  -31.59536520316533, -9.28948119575012, 42.66694526184734;
  -31.33977284144697, -1.442574308927301, 42.49504039593692;
  -30.92892121017751, -3.477774324393076, 42.22066141220065;
  -31.25524879310295, -8.447302299065131, 42.6622817362336;
  -31.46411921638475, -2.669417018435984, 43.01096330175746;
  -30.06477581708945, -9.376251163087478, 41.18408377219056;
  -21.83288110441756, 0.6197397726687168, 30.22975085831404;
  -22.17758927686761, 0.8433880956134879, 30.71548383416675;
  -30.33927820975842, -8.82438733357894, 41.69173968315311;
  -30.06306766977794, -8.366619918561669, 41.32462808332059;
  -31.0332559860963, -7.957830524662911, 42.66066104232081;
  -31.18641512510009, -2.974330208616538, 43.02593705970693;
  -30.66022194974634, -9.975144548530787, 42.34111127124859;
  -22.333973625357, 1.387412084055377, 31.15940197909803;
  -31.27710429669134, -9.298775787263013, 43.22473030488438;
  -31.07296143490954, -3.531417328078987, 42.97230513840681;
  -30.38580149113737, -7.933618150613567, 42.04943151945081;
  -30.90967839740379, -2.548522100796386, 42.77854538672415;
  -28.74848309376405, -8.758343032703442, 39.86498370260465;
  -28.7397857893557, -8.364796074265701, 39.87849980012206;
  -28.73524499156769, -7.741589378504564, 39.92113977200658;
  -31.16388414968278, -1.835647170638536, 43.34790897358356;
  -27.96490495187417, -7.103662048544257, 39.05745665769528;
  -30.13104269864086, -9.89432310508626, 42.00373191351496;
  -30.97359525038211, -1.000700674865268, 43.17864645953147;
  -30.10224266314048, -8.397171603716533, 41.98988490210002;
  -30.88306148252925, -3.345369007918416, 43.10134206631773;
  -22.90114094888388, -0.04559462776144447, 32.27075715195957;
  -28.73589667841333, -3.530867942204431, 40.2817636673088;
  -21.80457750717616, 0.4289558545500781, 30.83607911767289;
  -19.69202041775415, 2.986981068399087, 27.9552265430822;
  -30.87731486942034, -2.720708041738073, 43.27401923383516;
  -29.66556910019196, -7.279767890822283, 41.64819229907977;
  -28.56954940348523, -9.031164362388205, 40.14975517169528;
  -24.43215681892691, -0.7000867703956268, 34.52668236468656;
  -29.9577193138037, -3.369420436252773, 42.1362566630526;
  -29.45384809798651, -9.853300707116459, 41.51358772149656;
  -28.71440259861392, -6.363917247379733, 40.50939778265322;
  -23.97332864791602, -0.3603235085489109, 34.01144871073506;
  -27.84730296451685, -8.987097239082914, 39.36202052858541;
  -30.11139318954965, -9.082034772865223, 42.53902933525126;
  -29.10499543803848, -9.197372141440615, 41.21849076177899;
  -29.70747991698421, -7.854169176629836, 42.07619159455044;
  -22.70079072716236, -0.02868010349529545, 32.43427107401875;
  -25.60164632179122, -0.8051316585253138, 36.4621485150887;
  -28.82277521383407, -3.014341556400467, 40.94924135044297;
  -29.56960564838304, -1.154551519117557, 42.01109485896274;
  -22.35182566427296, 0.2082523290681106, 32.06994104943279;
  -30.54401809803559, -1.749581393900061, 43.48665823384312;
  -29.7407445902999, -2.732774536599679, 42.51249238929827;
  -30.15836544381967, -8.539061646097032, 43.1353252460698;
  -29.20029966186928, -2.899399415269754, 41.95207991670725;
  -30.55892111420896, -9.281055534806857, 43.8773958544104;
  -20.1713930482493, 0.4438814475059847, 29.32222953304018;
  -28.52267884314358, -2.074234046433886, 41.384702559156;
  -28.21285057170095, -8.911130863487459, 40.98448918969504;
  -29.1775944523401, -8.820547524147049, 42.42388661541585;
  -28.44437702589806, -9.565755051222585, 41.40624940152377;
  -20.55008097778265, 0.9398881566900419, 30.2265691646964;
  -24.4896945185329, -0.8097239576393209, 36.03394106072264;
  -28.72820704789739, -8.475429610904078, 42.35984659482195;
  -28.03459539934589, -2.578048632376544, 41.580828465187;
  -28.6725016970452, -9.217461377445046, 42.59160930667872;
  -28.73056851492817, -7.339085954639969, 42.83378682693161;
  -28.45178178463269, -8.100020170606845, 42.55203740171724;
  -28.52584914084924, -8.921950374032736, 42.66999686028029;
  -29.0067364233124, -1.409092500923008, 43.40130414935665;
  -20.00680637024592, 0.9525343609563888, 30.25490198866097;
  -28.55651706393302, -1.578595970199351, 42.78987937056169;
  -28.4539067899604, -7.635448859707739, 42.72139073335637;
  -20.61684817593926, -0.3422603050790702, 31.29807996988287;
  -28.69388248145209, -9.408043563382641, 43.32129796420384;
  -28.6542457619868, -8.971551794880488, 43.30380591505361;
  -29.2624749175594, -8.158137573870349, 44.24269863495641;
  -19.73115390550087, 0.8743079453013253, 30.26868569261175;
  -28.00588655141834, -7.596913506541277, 42.97395750945277;
  -19.6143779339906, 1.015806315841976, 30.43960752047223;
  -22.70646205830833, -0.7913351101913094, 35.12023154405892;
  -26.46383214067742, -7.799615162428416, 40.8157030199987;
  -17.81225546863175, 3.079673020661297, 27.86571788809358;
  -28.58798907149932, -3.286566190534769, 44.34000244586314;
  -28.38642237839552, -10.19890257328092, 44.1358675101672;
  -28.22013207496691, -2.47340373035824, 43.90337797751904;
  -29.64038353692711, -2.372496126102287, 46.18119352706435;
  -27.07499111288277, -7.752531429513415, 42.29478092139425;
  -21.16676682820389, -0.4839872928371011, 33.48130010647341;
  -27.33670740512084, -2.055856962740799, 43.14060249851328;
  -27.2917582043222, -2.956916521387623, 43.0839696233727;
  -27.09784322154984, -9.288780073448288, 42.80611735819329;
  -26.90997056829412, -6.724880696055998, 42.622533083059;
  -26.61638789150768, -8.011358222628212, 42.21899037188681;
  -27.63389915238351, -5.653810702732505, 43.82865914556394;
  -28.06934723975262, -8.120212071840919, 44.63054686560763;
  -26.12660892887984, -7.927750949595738, 41.6187487407534;
  -27.45107113134242, -9.007775769381253, 43.69188225493495;
  -27.42681381989488, -7.711861974118288, 43.7370204061839;
