m=[-55.30316511279027, -15.41764615424436, 67.27184625898546;
  -55.96548767096299, -14.30097152652397, 68.2318139783894;
  -56.59756628256191, -13.83804066392129, 69.01409785751955;
  -58.00108321667072, -1.757656681036559, 70.93770400000508;
  -55.36190774713688, -13.72039494171882, 67.95841026206433;
  -57.29227662720037, -12.72816799321002, 70.41618860344261;
  -55.30144124680284, -14.05120825445022, 68.10768777918685;
  -62.03343800063984, -6.195786470594308, 76.55964124909595;
  -54.67881083161633, -13.09765067524382, 67.75288204404265;
  -57.05321576565268, -7.508493460579603, 70.76036048281208;
  -56.6616857527881, -15.08814428524378, 70.51194596744141;
  -57.8139707801172, -8.393669615585061, 72.02709051115069;
  -59.61312366878413, -16.36808394613989, 74.22847669490092;
  -57.54668735066097, -2.104825234721466, 71.77463023952846;
  -59.46976759553773, -3.848377501739543, 74.22195690919435;
  -55.19180830150054, -13.92860784657957, 69.13503936015098;
  -54.8987338118707, -12.91238574739717, 69.3339492847574;
  -55.37935680639814, -14.03249722170669, 70.0463183890794;
  -53.85577473908937, -15.02387447462829, 68.3135233381705;
  -55.96865758702216, -16.50105158755518, 71.03752864305136;
  -57.22157080537401, -4.565067609900569, 72.65884623608918;
  -54.28983856292408, -14.02621702250479, 69.07919264614998;
  -56.37081823852041, -3.428923586524915, 71.92642284832689;
  -53.22067277328653, -2.570771665870497, 68.38211205059592;
  -56.27816824706709, -5.418344399969948, 72.49402222477438;
  -55.18224805256753, -6.55383028870769, 71.19048551295862;
  -55.73966578162477, -3.134623043127324, 71.90392713561909;
  -56.29950911146593, -3.536504651407645, 72.62579944841232;
  -56.55662904817704, -1.482502547693269, 73.08449401104518;
  -55.63348578459962, -7.039311592150977, 71.91867090629692;
  -61.19139688697896, -4.14957406018735, 79.06999708847707;
  -57.22215945579884, -5.981318660995374, 74.24713688206491;
  -54.5380436420806, -7.213764782298598, 71.00977126942924;
  -56.75214025767158, -4.522018503256072, 74.03270243579101;
  -54.85675710339347, -2.62606921614749, 71.91780862451688;
  -48.14214874666498, -5.123687833028814, 63.30794295824433;
  -53.43280393722401, -4.893320058347279, 70.44267795731363;
  -52.77255866020786, -14.09610131240896, 69.67371676009587;
  -55.90360064404897, -4.116518307969685, 73.75053523632573;
  -54.43401382575144, -16.49175594523664, 71.88053434795739;
  -54.82521971305255, -17.99956243377455, 72.61632130515073;
  -57.83361284762832, -15.73578120856795, 76.65101101603757;
  -54.73733509657477, -14.51552740781789, 72.76396719805373;
  -55.3739974726798, -1.426083874141298, 73.645204302145;
  -50.7003456796649, -16.19091654516773, 67.82321968434333;
  -52.43990804159678, -12.47423611091066, 70.23689769373624;
  -55.93355998249438, -4.535992504323265, 74.98790479767808;
  -55.01594202885059, -3.11020989269645, 74.05062610085854;
  -28.59962738941357, 5.478814239720781, 39.0447174495128;
  -56.45690665337421, -3.913438736737931, 76.04742742812057;
  -52.60620540627144, -15.46696335867543, 71.04035899157813;
  -53.08842761685676, -3.910780799986762, 71.96200950360071;
  -55.4025002716717, -2.55018515758206, 75.12279999576073;
  -53.46970489844678, -14.45116511818181, 72.98420914295144;
  -54.37721648646337, -6.114396491344704, 74.22961926837047;
  -53.56238703064079, -4.544234863348445, 73.21895289952201;
  -50.99249409409668, -15.90294352990761, 69.8518146717888;
  -51.79191846859585, -15.06403501613395, 71.17160690359687;
  -53.26695654846687, -4.001446690068605, 73.15085464297825;
  -52.39278034537588, -13.43503456070442, 72.02307886675622;
  -50.24856458187841, 0.5861891745291222, 69.14509270215011;
  -39.46226432858349, 1.120160669909972, 54.63934939473653;
  -39.92926855250589, 1.518463947696208, 55.30117757270605;
  -53.03659669266171, -5.05823933505693, 73.1712594091303;
  -51.45115533912438, -16.7393671362814, 71.052945957757;
  -52.41883097701477, -15.58427377617756, 72.44244257351119;
  -50.90063437034139, -15.78277437823392, 70.41221441546348;
  -53.37529041492125, -6.066059260471318, 73.81527735506467;
  -51.17653192270121, -13.36199944127916, 70.82071128234911;
  -53.08315319754831, -4.376738811856261, 73.46631204427173;
  -48.41753156524226, -14.75059914855551, 67.13968526525174;
  -49.3562316379899, -14.36527104523217, 68.48528684021494;
  -50.05614477493513, -13.48567304132051, 69.54171967541532;
  -40.08864201744312, 2.490352469352916, 55.92995372751107;
  -50.5098470183322, -15.74220760846787, 70.44808390936913;
  -52.56181545670504, -1.69817690760389, 73.27363932180928;
  -51.33265031753767, -14.92319900914645, 71.5920887383907;
  -52.23651967183514, -5.658455658307561, 72.90287926938103;
  -52.37691064366634, -4.615112505483695, 73.40532841628637;
  -53.38116529377911, -6.559107842105714, 74.82931570619378;
  -40.47211636438538, -0.08057725527609359, 57.03060129345139;
  -49.48468332312092, -12.14326977940341, 69.47271430862487;
  -46.12216037818659, -5.187475992899882, 64.87193391435083;
  -40.39513671118846, 0.7946831522836114, 57.12688682848675;
  -49.9911464253448, -16.72371626225931, 70.45978629083106;
  -53.10116386836418, -15.96877190562585, 74.76956634562414;
  -36.2037441153516, 5.491559321166562, 51.3956337126254;
  -51.50643605711329, -11.41527133114541, 72.66369897262334;
  -47.59760861977622, -1.363876973454927, 67.26330083394825;
  -47.54127367981703, -15.34288796206882, 67.19934756067761;
  -51.34264668247382, -15.48569006973053, 72.53288944907366;
  -49.04415865804623, -15.4982803382397, 69.45633112602685;
  -44.17116887417055, -0.6639007364891375, 62.66653524510309;
  -50.1300979435787, -13.25357355084128, 71.00176829612825;
  -49.5906634628568, -12.31312572333925, 70.29982439614022;
  -48.39659138429355, -1.889655167109179, 68.75958427288653;
  -50.36261527383549, -5.267019673944057, 71.55143363495223;
  -46.25603052838363, -1.454679675986923, 65.87835147964024;
  -40.75095886987323, -0.05148462588671188, 58.22385935350522;
  -53.83042174927808, -3.083441871205127, 76.64037998147482;
  -49.0928164806549, -4.510969737188477, 70.17504153825935;
  -40.26306330537567, 0.3751316261455817, 57.76861747525527;
  -51.61302065139952, -14.61374841101999, 73.82178708848026;
  -46.3256223237406, -1.932083701018921, 66.54542387119813;
  -49.31833780667849, -4.896989464306271, 70.85567179047544;
  -35.88353426015435, 0.7896348601669986, 52.16224905816691;
  -48.89435604848968, -3.555708723993761, 70.94278882485222;
  -48.28651123519756, -15.25146916525, 70.14526918141647;
  -48.76233742993905, -14.74112320643267, 70.89987756219806;
  -48.47994814519586, -16.30365496951061, 70.57186810754355;
  -37.05963648744179, 1.694976942594172, 54.51003656468482;
  -42.19024841231183, -1.394972685034937, 62.0783947907557;
  -49.97551408423498, -14.77992993139088, 73.62483459020544;
  -48.99117694718379, -14.45343494910493, 72.23766998485101;
  -49.89639414064131, -2.346203089201985, 73.88719956150659;
  -52.86279434037026, -3.201015080820748, 78.2373353219639;
  -49.2713963429082, -15.83946868683405, 73.19026728832411;
  -49.19258835562882, -12.56601080085114, 73.34017222788921;
  -48.02473785027548, -13.67230172858432, 71.82504268735625;
  -48.75440405530171, -15.24877914586042, 72.92860092236424;
  -48.6226981661758, -2.361998894351223, 72.75166984923357;
  -48.59999486272223, -2.686593602092315, 72.82358394512787;
  -47.51222187284241, -12.74964253587761, 71.33601055992097;
  -36.40627256935269, 1.733321397473305, 55.05467429306177;
  -50.32492174635837, -16.50034833799884, 75.97929389334085;
  -48.78190037751651, -15.27345544268984, 73.72177804511804;
  -37.96594870822791, -0.630272730177023, 57.63544886503748;
  -47.9837461981484, -13.01613390877287, 73.62921600348926;
  -35.48042546302896, 1.837490864884777, 55.0621706886954;
  -57.35897021198365, -16.90525738632559, 88.46589871263249;
  -48.1687901297492, -5.537637386227526, 74.70984639128147;
