m=[-36.43292206074271, -8.521731540127234, 45.41244553139214;
  -41.95036427185861, -3.118262562931256, 52.18818224637826;
  -36.08253449852973, -8.000615797330386, 45.1246843508984;
  -39.78831299341304, -1.700549448074537, 50.03072280979916;
  -39.3476582618793, -2.444842403426045, 49.49417856843568;
  -39.20370861020238, -3.554555821002854, 49.47151165877962;
  -39.05846877643204, -1.986600274992022, 49.35355252088762;
  -39.47348075812618, -2.261355762459378, 49.88292499658149;
  -40.06725559950287, -4.52985725826628, 50.6237040614929;
  -37.99923517754914, -2.370778448129255, 48.16653464101084;
  -39.54486388855008, -4.782555829406795, 50.07773324849205;
  -39.10246571633287, -3.866324349062892, 49.72144365795732;
  -40.01600814161586, -5.053243349642862, 51.01824279863575;
  -39.6687920179569, -2.764426763589899, 50.61580327029632;
  -39.78672164678964, -1.689533707366882, 51.08978482805553;
  -43.99915671456192, -4.460471426999019, 56.56705175897277;
  -38.62183794231178, -2.630677447376939, 49.92513605960855;
  -41.09471234300179, -3.551678747726405, 53.05947642803129;
  -35.2505087848835, -11.32241824132254, 45.73366770790235;
  -37.26241721632547, -0.7597057823241783, 48.55557446703337;
  -35.09844512361391, -8.127395800513515, 46.02920699357038;
  -37.76964745659355, -2.837719641599978, 49.61840499555184;
  -38.44314313312189, -1.963946781642845, 50.7026124174885;
  -37.8554319423832, -2.411587688237075, 49.98316424527005;
  -37.51746330060998, -10.76990673981745, 49.60709058463156;
  -35.49287624392406, -1.445428320871542, 47.16992788433151;
  -38.68862180784268, -2.639530163746473, 51.36589403725235;
  -35.32357400329485, -11.24811282611688, 47.18476291356015;
  -37.20369607131079, -3.957700627623068, 49.75689533296978;
  -38.38071880123046, -10.10686338593516, 51.31256092829077;
  -37.06970268435018, -2.935989565179579, 49.64260409693053;
  -34.51129751502177, -8.399571043451285, 46.28581732749855;
  -30.01131188115139, 0.50297225916674, 40.41959058786155;
  -35.50627692700287, -10.82546277466192, 47.61177952711155;
  -35.36678062687329, -10.03286391716215, 47.57991465778679;
  -35.69803588717611, -8.898866275630159, 48.04747768724681;
  -37.96349170242931, -2.644521944218171, 51.07603267387025;
  -26.35469864804081, 1.75996482004076, 35.84551309411842;
  -37.61393846799883, -1.706185417320337, 50.79979806087174;
  -36.07012588430134, -11.48998127476167, 48.78286271280501;
  -36.66765511678582, -10.64286716429978, 49.62875406469091;
  -36.42439146689264, -3.916091994300592, 49.34505717269799;
  -36.22365016330515, -9.214001309083223, 49.07862317362188;
  -34.39437358991077, -10.22947188542581, 46.64757982639867;
  -36.27713079532935, -2.78085661469226, 49.18288361678785;
  -33.14801913720914, -8.705590708364719, 45.07381433726443;
  -22.81233469470708, 3.568544710042533, 31.50955407860727;
  -26.74380110856595, 0.09287829863585252, 36.7473855932724;
  -34.38305633435436, -10.46650387903405, 46.9409902126578;
  -35.70571519489088, -0.9601916785040267, 48.76016905626829;
  -35.0955285576727, -9.958290279819527, 47.92830698703698;
  -36.00279346227098, -3.695822333181454, 49.22143628664642;
  -33.23747113816868, -3.876632040221384, 45.64847485090997;
  -36.30362399317394, -2.984904890605203, 49.83753877628646;
  -35.38513793219349, -3.797219151750852, 48.67175284733529;
  -26.32178495770845, -0.2559305938472777, 36.48204329369038;
  -32.27812190003368, -6.937865285117801, 44.59574713643075;
  -31.86903855087287, -9.609815202566066, 44.04063066035611;
  -34.66003827627697, -11.33595932821094, 47.81553909416549;
  -34.89179341259107, -10.25905519398719, 48.15069129315936;
  -34.18978097779547, -10.77538308926605, 47.26042748016947;
  -34.06268685857695, -10.02930635013374, 47.12488839393685;
  -26.34191553086882, 0.1070023214878339, 36.71481492117756;
  -33.90916272615651, -10.47128508312022, 46.99677078262457;
  -34.76583698051423, -8.947019436261927, 48.20218577189069;
  -26.19669133678132, 0.3827516061280331, 36.65944463960059;
  -27.67709323946105, 2.954980570057767, 38.69361756723117;
  -36.99437262278251, -8.931092186215558, 51.33063142693645;
  -33.7010001151139, -3.331074999776725, 46.88491739457737;
  -34.41680350625092, -9.498967898590232, 48.21728513111873;
  -32.8525581201481, -1.234458874937187, 46.18716916370051;
  -36.21943254256984, -3.378360474529501, 50.93812947953297;
  -33.09814892738051, -2.224301808695677, 47.01778780709729;
  -24.35718926303698, 1.245069223732588, 34.89574149128462;
  -33.65892401269291, -10.37757537081984, 47.84838759960972;
  -33.84835494201517, -11.12029226259923, 48.21910019859925;
  -29.44672838511282, -0.8004247837592712, 42.30941111098002;
  -34.52291706415735, -9.919430604752503, 49.82821920444324;
  -35.38513559126304, -1.937455784176667, 51.34172986776709;
  -34.01588187032849, -10.67876660817821, 49.4795189042601;
  -23.78711921521996, 1.261065748813423, 35.04070166151677;
  -33.95297212844492, -8.427203353190778, 49.56638402089163;
  -33.43558637325131, -9.269432908534524, 48.94756786625873;
  -34.11346491304787, -1.463329490333659, 49.98313532068739;
  -33.9284425695521, -10.35352096023727, 49.69027129458676;
  -33.54930568819874, -1.665374940290302, 49.23054617385093;
  -25.03320241017346, -0.2492840016608845, 37.04523288733705;
  -34.27075059751344, -8.950714137628667, 50.36565086036055;
  -33.54595133424737, -10.71911514358132, 49.60121989911722;
  -33.02502558845594, -10.08623797292374, 48.87108802126176;
  -22.82446443999559, 1.306847928254162, 34.50066168896011;
  -21.0746366101177, 3.748085437180877, 32.05712869929853;
  -33.01309972519724, -7.612598441884484, 49.59009800445892;
  -33.39331138710373, -7.416511160511408, 50.15450070979794;
  -33.25907334038161, -8.774998799292591, 49.97094532441319;
  -33.67967166586619, -3.663620743578899, 51.16729401946674;
  -24.84740072014417, -0.5926671144272143, 38.07212910341866;
  -32.45428145587817, -11.40681556687252, 49.40274010761414;
  -34.74263797133703, -2.56385864010596, 53.04950173436145;
  -33.11122788098205, -9.226049963542685, 50.62558798904313;
  -24.93498713794282, -0.4188939604918779, 38.47449444800185;
  -32.78650308223843, -8.466213645333042, 50.57548208880476;
  -32.40832904197774, -2.233063889862653, 50.08665360372558;
  -32.26499733840922, -3.29000389764482, 49.87673710501387;
  -32.47149065194603, -10.8682736781692, 50.21270537757493;
  -31.68917390549348, -6.256134119609361, 49.20749651289483;
  -31.79072604592622, -8.760041311861837, 49.39596177758151;
  -30.08580466265068, -8.473042039358694, 46.85381203486471;
  -29.85627150126044, -8.830419962595297, 46.55924175476552;
  -31.33296953592792, -10.03191203511333, 48.84589084055465;
  -32.79967469203681, -8.962314828114089, 51.22200894964084;
  -35.98571622331101, -11.2576816018635, 56.11491712450945;
  -31.42411458728467, -8.31885726092346, 49.27816570335566;
  -31.84933801594089, -7.371150356739886, 49.93544652000372;
  -31.57658841158537, -7.75514668628179, 49.83081189608738;
  -32.01265534640682, -6.060898683668199, 50.59511727286655;
  -31.3716146234106, -6.387477225486238, 49.89219470136302;
  -30.92503424877804, -8.377366225067883, 49.37985815363625;
  -19.56505569044817, 3.474928007644493, 31.67111165037458;
  -31.24966363329433, -9.000383206199782, 49.97263518407935;
  -32.07196857207577, -8.17879065563231, 51.26486306322758;
  -25.68538790407629, -0.5081384946435267, 41.49860659076636;
  -29.58527237813818, -9.135029164110689, 47.76180926799782;
  -30.04779166970933, -3.187069215283454, 48.54603661459061;
  -22.83270180426854, -0.4825115895336365, 37.22040119908584;
  -31.19059073334566, -10.7942647154189, 50.56884764887311;
  -30.53730855505126, -6.30497236198201, 49.62427600086301;
  -30.41656445023386, -7.019696333218783, 49.58252729926036;
  -31.05603665348641, -11.35155007065085, 50.63152841785267;
  -31.04045800047957, -7.548367224063078, 50.70468772897196;
  -21.84222672972757, 2.675617132460325, 36.08181875035172;
