m=[-74.90666826952362, -18.91379662565381, 90.83048633789241;
  -77.36742703309446, -9.76906751499517, 93.99319762136889;
  -75.17748542607727, -1.826583522721251, 91.56415172635229;
  -74.93228342883026, -19.48621276041219, 91.33039108090863;
  -71.51729542810786, -20.12325717681679, 87.31350819692773;
  -77.51253864657528, -10.79873416051992, 94.59649965625185;
  -78.78172666989001, -2.480224508196441, 96.25853081453928;
  -77.06705456785544, -4.534173944695475, 94.24895868734146;
  -72.48576449088567, -17.83020963842805, 88.88818474171904;
  -73.82477386064824, -16.90154654919701, 91.28001088814939;
  -71.44844549317713, -17.60752312439862, 88.46181774279218;
  -71.57966590069078, -19.51877102998117, 88.88175942008316;
  -69.80920718477016, -20.78162972896935, 86.841603438276;
  -76.9380265668637, -5.718972220467733, 95.71444305292272;
  -69.64249212253952, -17.53522976242562, 86.74016513057515;
  -68.97788667853712, -16.13406225006562, 85.97867929552916;
  -72.27052802993637, -21.18984948652002, 90.17044299102506;
  -65.22669496500795, -14.46277910898851, 81.57226376845149;
  -72.70987056350569, -4.031540540331609, 90.87736620074985;
  -73.90473872213269, -4.592025218869098, 92.96244038264943;
  -82.65110137593256, -3.532501738660374, 103.927360367062;
  -74.78631005474279, -6.780789959938383, 94.37351569406066;
  -74.37377430126294, -3.78281497220999, 93.97731378473485;
  -75.47628918538752, -8.533072986353337, 95.36189265301522;
  -76.91603825096821, -9.302225648032987, 97.40280955115517;
  -76.16785689310548, -4.75212494984786, 96.54777788109014;
  -73.14528696575296, -7.232367545987207, 93.00920538097164;
  -66.47736498418055, -4.632654476899993, 84.82247774128889;
  -75.19304783506134, -9.495419122447178, 95.86706294246778;
  -69.52694575094728, -4.374767585415131, 89.32312661622972;
  -76.01220142562244, -3.227840122638317, 97.60660980358047;
  -83.48717869269399, -8.463620734719132, 107.3344107242227;
  -73.97348886804649, -5.038610258777103, 95.62301260901877;
  -68.83371118885205, -18.29819311274845, 89.46734041055002;
  -35.35414011637884, 6.920038285341592, 46.64041010006177;
  -66.06011820566341, -15.29688068503399, 86.63332076959891;
  -72.34795023181501, -5.435666288340714, 95.04430506866027;
  -75.18375087801122, -3.840916052503761, 99.15975308419711;
  -72.86000807652995, -4.641561050198697, 96.2021449429968;
  -73.41868043890219, -21.07584766464156, 97.07711584747582;
  -66.36943638466423, -2.702859647986355, 88.20478527784195;
  -70.57985669035506, -22.47479802667258, 94.27963897698513;
  -67.14573446956773, -7.142911686598379, 89.80191848825496;
  -67.52208478467452, -3.804349195878063, 90.33434245910645;
  -70.04708295942211, -18.44562374458317, 93.64846007233076;
  -70.56150190266723, -5.588602505222969, 94.49379007071806;
  -65.27905616405529, -15.88801666065331, 87.55088004459445;
  -67.98150885686869, -20.7267941667998, 91.15911021220181;
  -48.32845575525762, 1.640393045593421, 65.19259153354626;
  -48.9088570733248, 2.114620470516341, 66.01481896028903;
  -68.77256971677906, -19.50943289075365, 92.52165280304531;
  -71.9785947370743, -17.94294485269144, 96.87899736330658;
  -72.92278650435581, -3.307810880531695, 98.48643825503729;
  -70.97200993900958, -6.344605208013316, 95.90766629411;
  -69.11401877698052, -22.0159692294463, 93.47291163724681;
  -48.4357953519779, 3.234538819380958, 65.87842113848008;
  -71.79413241540914, -20.83840409319109, 97.17156250062715;
  -69.82969362314931, -7.507592938392249, 94.60007663596096;
  -69.41295991150507, -17.65617491910961, 94.04608556852413;
  -68.84722953900635, -5.277547299618075, 93.33994181786795;
  -66.93521835909179, -19.90767276395521, 90.78129983792097;
  -65.1996268467841, -18.50406553569758, 88.50906835673592;
  -62.95115044361427, -16.53272094825207, 85.59933719320179;
  -46.07688931334272, 2.487343696191878, 63.03106691321414;
  -69.91975016791194, -1.880269360461266, 95.48328103640016;
  -31.84640544120074, 6.630977151172768, 44.07816037290905;
  -69.17677640127691, -7.101256613025388, 94.57544720020896;
  -51.58173089131294, 0.1791377144344324, 70.8760040106777;
  -58.6775022222384, -6.843814446932199, 80.58791456700594;
  -46.43093689650368, 1.167254593106413, 64.02795180840143;
  -42.72022757303616, 6.682746161572958, 59.00734576173449;
  -70.21206292181539, -5.772876284588366, 96.38697252613081;
  -68.40670732760958, -16.34318394101423, 94.00406613610129;
  -47.96816141977151, -1.095043207628162, 66.29739662158066;
  -76.63084176252929, -8.223342254961992, 105.4046305512841;
  -67.13933733956723, -21.95868311909208, 92.62262158301569;
  -60.77616104507714, -13.06323890786624, 83.96889751774636;
  -59.38687864435508, -17.90756656553853, 82.06823008709174;
  -50.06668674576383, -0.486805772913833, 69.39252168366652;
  -63.92620882392523, -20.14723024899089, 88.36499883305456;
  -67.65552368045378, -19.92027158888506, 93.59975083327683;
  -66.78156517102148, -20.62241444443945, 92.55663244160382;
  -68.30401643658166, -17.57810010371311, 94.70224724023561;
  -49.77889617976488, 0.2022046364128261, 69.38079191996791;
  -41.67279282440602, 4.449249494184254, 58.26013210834638;
  -52.99422976739422, -1.420650573596477, 73.82793237482809;
  -62.54831792918041, -6.182402226055569, 87.01737958109482;
  -69.16002861550291, -2.362137752263198, 96.1773231509178;
  -48.84141492188001, 0.7136065301753533, 68.34829343255579;
  -68.27975823018431, -3.466478115314807, 95.25594032382527;
  -69.4257093430255, -5.991741144164149, 97.14936273690606;
  -67.37139342078474, -18.59436781428861, 94.3860369153909;
  -61.55308799207621, -2.312902254786896, 86.53703243567537;
  -67.2305822612895, -6.27091938903771, 94.55145660233401;
  -46.04306476661323, 1.280921404791642, 65.12824459127558;
  -64.78544008628981, -16.71276728628757, 91.8813936044896;
  -63.36161113059484, -4.258103573975558, 90.00874320163678;
  -63.97551115825097, -19.72465574600994, 90.94542218963348;
  -67.46468259938129, -19.90926021704577, 96.02227059092992;
  -64.82247340290037, -21.29630378373425, 92.34367063007996;
  -45.53272891928645, 2.327501701355739, 65.23323855644446;
  -56.74925525260349, -1.54256560423294, 81.5380078670544;
  -65.80745185746726, -18.90838050453924, 94.98235998846528;
  -63.82197797966893, -20.03593527033237, 92.83548131988516;
  -64.75975965049607, -16.07351667518024, 94.53979768822518;
  -65.61687897523314, -18.1911347550029, 96.05892957755215;
  -64.32476039567516, -19.62918733017619, 94.20753070135937;
  -66.80563813213922, -2.865691323015593, 97.88379044622973;
  -43.79041387237785, 2.321533371114827, 64.5074678548942;
  -64.05366830274974, -3.179600049445731, 93.9929161065258;
  -66.1841803868228, -17.28575151542443, 97.26688980321602;
  -45.1867861695649, -0.4499761034954933, 66.86939168444303;
  -63.75704727414638, -20.37262631596988, 94.2715050902371;
  -64.93615093387807, -19.83227748334382, 96.0938043651602;
  -61.60250788433464, -18.28029677631137, 92.5190705544677;
  -64.63368882152531, -14.35486492887878, 97.07543987769842;
  -62.94566598915198, -16.60744236084431, 94.57432566930918;
  -43.3376933950744, 2.481362705248124, 65.50774070226692;
  -39.32134354446755, 6.99322877238366, 59.81262661625974;
  -69.45952161611203, -19.33748426311243, 105.0745157327579;
  -64.95138489499148, -7.065307624914699, 98.67633630353288;
  -66.24370474213477, -23.28289792787968, 100.8378673732266;
  -67.48982827368451, -4.980461745061167, 103.0520988363164;
  -61.37132070963278, -17.10038882372249, 93.83400723637404;
  -44.68610309983918, -0.2003307726281087, 68.89287412463955;
  -47.27514013536264, -0.7941961459437268, 72.94517966278688;
  -61.58985130039239, -15.90388698012424, 95.00666824644105;
  -60.88996861251646, -4.195563121670376, 94.10465938822497;
  -61.09600358286701, -6.229849883758418, 94.44505068165874;
  -61.16789058384665, -20.47301684752539, 94.58775087895019;
  -40.91782160769565, 7.493742799813301, 63.65916902866718;
