m=[-44.49285517029587, -2.374530197904496, 54.97570005887874;
  -44.14752143295253, -1.51345265612162, 54.58839037639672;
  -44.75035279477116, -5.355114766952949, 55.41350017999015;
  -44.08224141333399, -3.610679517582362, 54.6549463909116;
  -46.46071874802685, -4.830790314186474, 57.6839277484446;
  -44.24556694597723, -4.942376178318968, 55.07189978950059;
  -45.63754882323593, -4.102300961542746, 57.00776764953894;
  -43.63434664237104, -2.574703547241473, 54.66369873202417;
  -40.67202116676209, -1.36299874003876, 51.32530303052201;
  -46.42248635396047, -2.503469296598584, 58.55751687434523;
  -47.2675616726176, -4.357907605265038, 59.7815882519015;
  -44.09940104130351, -2.601056003735001, 56.01224577778685;
  -43.17210534890152, -3.268839505330351, 54.87738602147795;
  -43.79088456564629, -3.081167933824051, 55.98521978226843;
  -40.90695784361955, -9.076268920179542, 52.67122888164291;
  -42.96837484261209, -2.844943076892414, 55.45899098873446;
  -43.98602955109163, -2.177431473026978, 57.00963725954638;
  -42.31291901503492, -2.313058046895177, 54.89491432464931;
  -39.1728561959844, -1.235722127373791, 51.1032817219659;
  -29.1911645810881, 1.248165574365014, 38.49283031160995;
  -42.80556811586637, -2.017890136786143, 56.22958543464856;
  -44.16631684675303, -4.295235511740563, 58.00050241840853;
  -39.0471438322919, -9.10934808882638, 51.41986475451228;
  -42.09897080704502, -2.938228950797051, 55.38520654330058;
  -39.40379321978728, -11.60034610947114, 51.90894858279189;
  -39.40288025457664, -10.76412927249285, 52.08262199819265;
  -39.72238765544971, -10.35081650333124, 52.50746816056661;
  -40.11713542463737, -9.581755898764831, 53.07270310363919;
  -40.38461868722348, -1.456101115074445, 53.60046500335534;
  -40.90966749057498, -1.475032187667944, 54.29733576563889;
  -41.52920702698391, -3.320769484260022, 55.14050952822159;
  -38.82038583560232, -8.83387420611523, 51.64595576893888;
  -40.59068448679776, -12.50832841554969, 53.94878463859064;
  -40.26017367704861, -11.25469476276994, 53.56434798591728;
  -39.12423766381906, -11.21942496982016, 52.12360992280722;
  -41.04187189539064, -10.01482627660998, 54.64001286721713;
  -40.96617038850681, -2.774361330808392, 54.55385226236084;
  -25.98718849909919, 4.293584288855032, 35.02572558263991;
  -29.82584158842351, 0.3831201683679443, 40.11315401891169;
  -40.85107696892057, -1.800856958557881, 54.68952476758812;
  -31.26941277450336, 1.068929381752646, 42.13923033812203;
  -40.63768027481623, -9.596905602182211, 54.49278327326425;
  -40.81658930698551, -10.65649465941205, 54.76823433135761;
  -40.8498234092753, -13.45801143580691, 54.82253584724731;
  -40.37469684394302, -3.738908684910987, 54.22902904510301;
  -29.21996810288897, 0.009735928174052869, 39.63266274428027;
  -40.12748880140418, -4.278837257804728, 54.04380059644437;
  -40.15138843028699, -2.918452713391522, 54.15765747254694;
  -39.07695691581169, -11.64818104616708, 52.76831140295872;
  -39.94595271903604, -9.14130621994774, 53.93775589791758;
  -38.26844460039688, -12.09821270637548, 51.87089383090078;
  -29.67073295236526, 0.39388576219927, 40.46273500371822;
  -37.86364050552815, -11.01900679982405, 51.34009529034483;
  -39.46181819466017, -12.01586101155614, 53.56785445672744;
  -29.58302255519014, 0.7157968433584692, 40.49804050063112;
  -38.39809797803678, -11.44414411435349, 52.28625324786467;
  -38.28573575815971, -9.454064112924103, 52.16117274796184;
  -39.16341381403058, -3.506239690987907, 53.47457783333739;
  -41.16188254780669, -3.140988442357398, 56.59753834616188;
  -38.73080941627893, -10.27599123845435, 53.31693175716223;
  -37.00237712102471, -10.55916800079732, 51.15382600213389;
  -41.16798249030695, -3.451109062422748, 56.8736611794945;
  -27.38348827098717, 1.655236076927195, 38.34607806921649;
  -37.66793459193404, -2.178386374607237, 52.53144295991316;
  -39.80793339627118, -9.841135543016041, 55.45466732843202;
  -39.85756819544579, -2.880614996958189, 55.57469037775211;
  -39.72029204684802, -11.8081668706355, 55.46048585907509;
  -39.52913646053713, -11.2228540547076, 55.28938879146259;
  -38.31106977195293, -12.17086142403482, 53.61987914226789;
  -33.21513876461744, -0.5872798080429048, 46.79365238787417;
  -38.08154200740397, -10.52224000443982, 54.00719868996778;
  -36.63405245814693, -2.801020538611094, 52.2262805441936;
  -26.9306565014884, 1.68623848343276, 38.76760726011516;
  -38.51259050687662, -11.66120873047273, 55.033479844369;
  -38.42142410180403, -9.117976576699078, 55.1046800321128;
  -38.3694084832966, -10.21383040671163, 55.19539393430701;
  -37.58717010535062, -1.248520099339618, 54.10745096892271;
  -38.30511719150761, -11.25781610473852, 55.11708423826617;
  -29.57473121549446, 0.01440201031017706, 42.79898812958155;
  -38.28245786661475, -9.578045890861906, 55.28972334554587;
  -26.88450684358956, 1.599184527779407, 39.25702514825527;
  -38.36965671082525, -11.80559237134776, 55.73571995720112;
  -38.05497365956335, -11.18552510751255, 55.33582746689656;
  -37.08622526742465, -9.643926699749974, 53.97704483915163;
  -37.28748451450313, -1.561237742760031, 54.66273626215412;
  -23.80104758961397, 4.451420937848426, 35.32743690980127;
  -31.06881002444879, -0.5712938841692523, 45.96380248007972;
  -37.37194795942688, -10.6697690782745, 55.13023283998148;
  -37.51429566730905, -8.289099605246607, 55.43261582017025;
  -37.62588298368973, -10.3965893723471, 55.75388328106917;
  -38.16746618097704, -3.756220452011106, 56.97323840897556;
  -36.64956849911191, -2.631844783098741, 54.85973332228783;
  -27.717479825369, 0.1601499555724115, 41.79814648363041;
  -36.93533752304667, -9.874931496643635, 55.47193386804242;
  -23.61740935328835, 4.551235530184932, 35.89055057821367;
  -37.28412202236717, -9.214234587849051, 56.49987004223037;
  -36.45646332901038, -3.328052431083557, 55.34434436414176;
  -37.11238035826439, -2.167593122645472, 56.32274830666602;
  -37.51215768615226, -12.10514188459395, 56.98341847054447;
  -36.26699390798145, -8.385440960793064, 55.22984091620403;
  -35.34153638506332, -6.589217188706003, 53.92719986106401;
  -35.30298784528142, -9.309925398654638, 53.89943273288899;
  -33.94602434938417, -9.161984120426503, 51.95058781440569;
  -34.85258789548534, -10.74266942641937, 53.36673709291188;
  -37.06724551697569, -10.51653550971813, 56.7361949804986;
  -35.68660817459995, -9.334633411479819, 54.74560215426403;
  -36.62535827501333, -9.269488563156427, 56.39860437626981;
  -22.85342169863672, 4.475404958376531, 35.60771935454664;
  -35.78405336579983, -11.74297737831266, 55.21539232663571;
  -34.96872246644673, -8.172635072119798, 54.20492433229785;
  -38.80666278722071, -9.396911068171239, 60.05251182856158;
  -35.71661948112883, -6.865259439182528, 55.78274413759365;
  -25.79062938535174, 0.4662455519350217, 40.68652212297523;
  -23.09625221205316, 4.619670778218029, 36.6033611180673;
  -35.97430038793635, -8.749551444922268, 56.4845406187567;
  -36.3871760061711, -10.0243593801159, 57.14390146396642;
  -33.24917066989604, -11.93898753973835, 52.27684107407944;
  -22.55465269279872, 4.144483331757209, 35.91348171448385;
  -34.4051073128156, -7.281127770655918, 54.32707598149871;
  -25.42903611877967, -0.2561104610472909, 40.55134490824697;
  -35.27976007219731, -8.688925327707995, 55.94293761174115;
  -34.02560372931562, -3.231516477530125, 53.99890141111146;
  -34.89423693844194, -7.978942127276747, 55.46149561664455;
  -35.67787925751972, -11.90122435356203, 56.82549164427402;
  -34.21328000086544, -6.664103519831342, 54.60937301848119;
  -34.29930773772225, -7.220048345262214, 54.90210393078441;
  -34.64228038220092, -7.583828979751497, 55.44246655118253;
  -25.02812602559239, 3.32002571427248, 40.40364984466046;
  -36.5944711801842, -12.90616474680845, 58.61121256339865;
  -35.05426670058096, -5.245232226354045, 56.33716197950533;
  -34.71134381473647, -5.857116814963109, 55.79925075713999;
