m=[-89.93029161924875, -21.29861343443266, 109.3598890727897;
  -90.34638396690932, -19.23534863270529, 109.9595399425428;
  -91.35204184347471, -22.13914277646578, 111.7303861651173;
  -88.92799668777822, -19.98791093363745, 108.838598482243;
  -105.2504501325604, -6.999817852567807, 128.6764145287301;
  -93.79116109499772, -19.87027149044464, 115.0842867389935;
  -98.32438830923216, -5.105512693587534, 121.4659525029895;
  -89.13105466286891, -3.055565228668799, 110.2105089633623;
  -100.4443283093999, -5.360593062998914, 124.1097530068082;
  -98.45883909013058, -11.78221735070231, 121.9196845813486;
  -97.56588611498823, -7.99140731767791, 120.9661329422217;
  -97.51230591826422, -4.114676560665706, 121.0438716581739;
  -102.9781936839977, -10.70723987975761, 127.85395586213;
  -86.92788103794914, -4.661086256185127, 108.2781479095189;
  -95.7215562530982, -10.6924144503463, 119.1434152059149;
  -101.0452659542, -9.082829870832347, 126.2198604468009;
  -104.0527542544779, -12.21672704228353, 130.3719391949379;
  -101.4248750729788, -5.984711717336531, 127.0618043250076;
  -100.2869994528441, -3.360812912051703, 126.5553195852841;
  -114.9630330286853, -10.59919865192189, 145.3993491839458;
  -37.65567375853847, 7.69505760725235, 48.25802936686949;
  -95.56702644832305, -5.636702132749982, 121.3831400717252;
  -86.65675918277728, -6.561344079268271, 110.152061999555;
  -103.651669210601, -29.65523155098261, 131.7671275537375;
  -85.71060023768696, -25.72063044913857, 109.7131666187543;
  -89.08049900536777, -4.248791556773288, 114.46061223469;
  -86.00681653857109, -19.08284157567521, 110.7411784714548;
  -93.28333856683601, -6.176304996807697, 120.4001745918191;
  -92.89308908617834, -3.891663318355362, 120.4177172018912;
  -92.61147679400193, -5.062655250919833, 120.150044062891;
  -89.91097521785076, -24.86940768760577, 116.8685342609625;
  -87.65146922151777, -2.764997769678979, 114.3464674253346;
  -49.25768322762399, 2.577481912907576, 65.00644368741975;
  -80.23610332230041, -24.70904719367042, 105.3364768201239;
  -55.97586425626295, 2.393434717752264, 73.81238382513777;
  -100.1813002646408, -9.74277026545092, 131.5610212289139;
  -105.3470547248016, -26.66418318283356, 138.3962730963656;
  -91.46723663390614, -6.383806482085629, 120.333863175251;
  -84.05532660224267, -19.60935304329719, 110.6896203304196;
  -86.47927447029704, -25.45921174532072, 113.9242657912829;
  -83.57795841084945, -22.83193367725754, 110.4731224511777;
  -83.693034100078, -21.80863965406925, 110.6305431936481;
  -80.43184991140171, -19.21070246366194, 106.4067921410637;
  -57.26950805510823, 4.391960186235807, 76.17417873567861;
  -91.1735353218627, -3.287337871768598, 121.0100292663596;
  -96.27405258274141, -7.698291367207719, 127.8281164942508;
  -79.84716681670658, -18.16983041746576, 106.227260675724;
  -89.08289957773897, -27.45157363606947, 118.3994363500762;
  -87.61177729117456, -24.49179228449452, 116.5635241450648;
  -88.51762815848451, -8.64909084696718, 117.8115027894674;
  -88.87469536853928, -21.68674559413837, 118.3209798735416;
  -80.53140609699901, -23.09351242017792, 107.2886744529967;
  -89.44655027534139, -6.057609190819973, 119.114231152732;
  -79.58466419080985, -20.10961334773592, 106.2360260961702;
  -87.38194791920071, -3.852098907511202, 116.9828939541296;
  -46.95067059658578, 7.757155478042434, 63.28046238222104;
  -55.93414945520595, 0.7184877145298669, 75.22654961341847;
  -83.39193127395453, -1.485382372100303, 111.8718942764688;
  -91.56156494735694, -28.51787450865739, 122.8282569357135;
  -97.53335175179838, -23.03326281166956, 130.7865941900108;
  -88.01791965018327, -28.99758359638684, 118.1245144410261;
  -86.15756462749697, -7.978642363598442, 115.7220100673226;
  -88.67204061707537, -9.455194991036654, 119.4237223591561;
  -87.09988023293079, -6.330961188134847, 117.4834959380061;
  -84.22635777147124, -25.10645509820553, 113.7366628828674;
  -71.74368628600388, -6.965055308553068, 97.0560108548236;
  -54.93865187795188, 0.01830524820491337, 74.51633943737986;
  -76.06102688881026, -15.55014634821632, 103.1152713560452;
  -77.41192146452418, -22.52827455618003, 104.9644295037373;
  -82.70085012965326, -26.14510431020364, 112.0967173240167;
  -85.51194334223196, -26.03781764336849, 116.0790745290203;
  -77.65582016332513, -22.02838100577801, 105.5621075120151;
  -56.50656701079654, 0.7501375935688657, 77.05944610800188;
  -78.26620068586333, -23.32640748102302, 106.5741952153453;
  -81.34907437807958, -20.08788258779863, 110.8314372832042;
  -56.99794500788401, 1.37913389473467, 78.02803385203974;
  -83.77118327463901, -7.499904098077724, 114.3829973934907;
  -80.88340550360331, -21.45984498692235, 111.3443038376041;
  -81.2990373947102, -2.405625561701391, 112.1777766673151;
  -77.04699346378271, -21.98648333536806, 106.5133865519811;
  -92.74081866301326, -7.774456273629341, 128.1216513194701;
  -111.1803874027466, -5.039040966027857, 154.0470140277228;
  -78.84063235494639, -4.55945782926495, 109.9506045750703;
  -51.39473333087224, 3.106631848048539, 71.96988335267133;
  -82.119519655847, -24.41273569411286, 114.6615048362554;
  -82.20879332273449, -26.1165202988044, 115.0587960251573;
  -64.23592799694859, -1.135761127805131, 90.49589426083333;
  -85.44642665114722, -23.60954313694361, 121.1800231355929;
  -86.01073988553111, -26.04315050394975, 122.9070872042341;
  -51.05107989100555, 3.196516784811991, 73.48978719883354;
  -83.28046525367039, -19.76369562636576, 119.4423032985266;
  -78.37011911486854, -20.86190893303767, 112.7374585174236;
  -79.72392778372627, -2.648162284026621, 114.7641203505726;
  -84.29754584010405, -24.77492143945339, 121.2954110522394;
  -80.17564064934344, -3.167905368850818, 115.5449253477943;
  -56.3862663414798, 0.02745842669829333, 81.59922490034607;
  -82.01674079596488, -20.52010636045776, 118.4532854215413;
  -81.91856857476019, -25.20474018119295, 118.9948200941152;
  -76.87897734422418, -22.5970917498613, 111.7899033174696;
  -79.32659586424448, -20.6281407810849, 115.4556763603169;
  -83.61668116623081, -23.7108589886515, 122.4261063640131;
  -46.08303827932215, 3.084057543760947, 68.08096201436273;
  -82.62445994417365, -21.4499492504028, 121.5784294007478;
  -42.67826181332302, 7.981955731633589, 63.34652270886047;
  -79.84390980775416, -16.84729589634328, 117.8293676429848;
  -82.50778402951391, -20.84600029029415, 121.7811322927213;
  -61.35364544188863, -1.128172027987466, 90.76777766205562;
  -80.699742169101, -17.83128775466575, 119.2451497455357;
  -80.71156381641161, -7.943163564578131, 120.4795504597982;
  -70.33077810794109, -23.8203905854723, 105.2378487366589;
  -85.21533927528239, -5.426638168883828, 127.8923873044632;
  -85.49755531248736, -22.85839411415973, 128.4058858596939;
  -52.7322856552832, -0.3473007038197359, 79.65059244085173;
  -82.23166729633384, -20.32237402730902, 124.6127912791282;
  -79.85225673473133, -4.663866905195161, 121.1859361855247;
  -78.32717507271704, -7.150362970431873, 118.9080276705092;
  -81.23415203221748, -26.21419286120338, 123.3999845618182;
  -75.68449087343822, -17.49932270309362, 115.2574818130699;
  -76.45446543901871, -21.50296810410026, 116.5699095901365;
  -69.69806209678964, -12.99478505359387, 106.3513844919023;
  -72.46398075360126, -19.10983449509202, 110.6356060655115;
  -61.9552500962145, -16.72163466673727, 94.81557037607111;
  -70.33194432118818, -19.9542312790023, 107.6521022997793;
  -74.98352175022785, -23.11229194821911, 114.8157463527523;
  -83.63358565447106, -21.87624161849437, 128.2994165366785;
  -78.13543131651387, -19.77524647069016, 120.3190763486849;
  -75.57357437458074, -16.62647703154103, 116.4034207977786;
  -78.69356691022315, -25.82426218178733, 121.4254887816343;
  -75.58815769390607, -17.66591356601282, 117.1690035902049;
  -77.12783516207111, -14.82510400095087, 120.4593927766742;
  -76.76286175131398, -19.79880596168619, 120.332172824828;
