m=[-42.9188443623323, -1.178654535997088, 52.56805613124605;
  -45.78849064157492, -3.869504535093296, 56.37675054353706;
  -39.98964078606603, -1.663034677291828, 49.39777295494085;
  -39.38290141434876, -2.728926963906847, 48.65426854064953;
  -40.39948405444692, -9.898963807086799, 50.00453635113053;
  -36.23560396134128, -10.10382889667066, 44.82197803152615;
  -42.57079716052198, -12.93828773696689, 52.76909577546586;
  -40.21956776471575, -11.73876598717473, 49.99124120728743;
  -41.7666186873878, -0.24438352967612, 51.95155409939029;
  -40.35522237174872, -9.846224627817659, 50.438455864045;
  -41.76431675705914, -2.481004824249411, 52.3977885013167;
  -39.14775775495821, -1.678178182926411, 49.34377191343409;
  -37.5444691070961, -10.0725851381964, 47.43516153082277;
  -41.99226711854343, -2.012745283465303, 52.94415059541388;
  -31.13084377178314, 1.512942212880634, 39.56580831638842;
  -30.32640020514477, 0.8486090144806863, 38.55832501818595;
  -38.79246431173418, -0.9758574090446935, 49.11013367016543;
  -41.50270227818994, -2.169327002154888, 52.64166332382898;
  -39.86850646836747, -3.583308923035283, 50.93367047353819;
  -40.99009681928294, -1.657746587932185, 52.34900400386268;
  -39.87083071845673, -8.975988695282213, 50.96633643924109;
  -41.78279715241838, -2.628278638309747, 53.42821869930562;
  -40.57973698324057, -11.60566379337312, 51.90673547248351;
  -28.11263060084683, 4.799054707656839, 36.41527415528137;
  -39.59122628319517, -9.999030205545759, 50.82584641305061;
  -40.06225188375089, -10.58797715865343, 51.41443699344736;
  -39.14257913966245, -9.018307870125984, 50.29611706154192;
  -40.17563987293601, -1.188668485065211, 51.79250478082795;
  -38.61493642814834, -8.473435175855771, 49.87033394823416;
  -32.52083724605846, 0.6217700382596625, 42.20154377945744;
  -40.66890961415753, -2.970962816098723, 52.47912671533971;
  -32.41051487745381, 0.7804000472302289, 42.09079798719699;
  -39.00716293470774, -11.71266153342149, 50.38555655665218;
  -40.05116034124563, -10.86027474016694, 51.76869327053403;
  -39.88156121567135, -9.402307572952301, 51.59976125798372;
  -41.01005288424614, -11.40695488245583, 53.05026938266068;
  -39.61418854308268, -10.48687989886183, 51.28430115287645;
  -42.24696122024986, -2.578118256044305, 54.66455752757653;
  -38.07242065924915, -3.83362698321606, 49.35462604350903;
  -39.55192217509877, -1.478011622994592, 51.44943150715753;
  -31.69202637300775, 0.2404793062478726, 41.46536353984342;
  -38.54736503200547, -10.9901478802664, 50.19561427744595;
  -39.0372659882096, -10.32534613644864, 50.87494777620242;
  -41.11433272202907, -3.54621388316705, 53.6538211904619;
  -31.20488460263843, 0.6145719381565421, 41.06788834228424;
  -38.12921942254417, -8.422701334630936, 50.02114918700847;
  -43.57575915854967, -4.330564513315893, 57.01394757877759;
  -41.25583015328112, -2.706643471375524, 54.06033295961678;
  -30.83221918362633, 0.940982284747642, 40.73306400574401;
  -32.66516476661739, -0.4358375047846803, 43.01486995508617;
  -37.569205597185, -10.61142750071189, 49.44617263239984;
  -38.78727391317752, -10.66932978580583, 51.06990934699176;
  -36.08585375842112, -10.67156861769373, 47.58716212044683;
  -31.29321752541706, -0.09569106411063624, 41.47321268255346;
  -39.04153071185616, -10.73937462688145, 51.51691074147949;
  -31.07530732032029, 0.5995175503493134, 41.30176479560873;
  -29.83350479966513, 3.539662532150273, 39.72061122913976;
  -38.36608964317863, -11.10017102535073, 50.72707044265391;
  -39.24277263462241, -9.36593171188323, 51.90945975950373;
  -42.52111830865061, -3.508336124541317, 56.38843386948435;
  -38.90864050737754, -1.269141901517766, 51.82767425455481;
  -38.94096331284114, -2.694593499077375, 52.05646939745823;
  -38.75901113974565, -9.95593474023071, 51.82468683534921;
  -29.19012209124532, 1.954470283543056, 39.3871467778262;
  -37.19356349290592, -2.841576989065967, 49.95985718807727;
  -39.30389803703251, -10.86000138682334, 52.72940300103498;
  -38.25386410310995, -1.965192539860581, 51.7907826762443;
  -38.96866869270787, -9.297164415436267, 52.7618569891395;
  -38.95079127821313, -12.01574456157999, 52.95324709190305;
  -39.29612984675919, -10.81821635852919, 53.42165955721566;
  -28.92191559320953, 1.999355122649491, 40.12501867628919;
  -38.3652049810571, -10.25944316170427, 52.85390417664711;
  -38.52721933638335, -10.8870477079242, 53.10434871315816;
  -38.34245098468549, -11.25714140360716, 53.24183289078304;
  -38.43903432494347, -8.793323558540141, 53.57086119361912;
  -37.45682742065796, -0.9940946910414317, 52.36699171517176;
  -38.3999558919483, -9.888729827252956, 53.68066656917623;
  -37.69348058209073, -9.098548404867147, 52.90095804366978;
  -25.88256643797797, 4.99293159457278, 36.91970873787317;
  -36.84522752737173, -11.00600735115949, 52.02163433564539;
  -36.27532836837298, -10.32897858637087, 51.25872534359889;
  -38.51970841928454, -9.680887033864538, 54.4552944688333;
  -39.8082717618174, -6.739726755581702, 56.98482537868555;
  -37.90752908927081, -10.46969989707302, 54.33294020695372;
  -36.24627941242178, -7.600255132526916, 51.9579464329745;
  -37.22550725366232, -7.902422930282097, 53.44823136423798;
  -29.37214391826103, 0.02309819715166386, 42.83322042534126;
  -37.28724974093389, -9.623756547363612, 54.41217682859951;
  -36.56563992304913, -9.592401657631116, 53.66019133169137;
  -36.27614800208262, -8.624886503799417, 53.42700082717629;
  -36.47907904730758, -1.843401034314945, 53.79815449574051;
  -36.9033969807972, -3.087183967988127, 54.4235201030103;
  -35.79287566573494, -11.16453751833634, 52.84782280429747;
  -36.19507583625369, -6.429279877324077, 53.6273877062174;
  -36.42818590586597, -9.48969744444523, 54.09501817407217;
  -37.27721523990847, -11.12810410169957, 55.4162374757856;
  -39.65741439883733, -11.56062959165881, 59.03697747472015;
  -35.32254276346573, -8.606829045688331, 52.85829505056743;
  -35.09620827230462, -11.15968313293263, 52.60621638073204;
  -24.97172569109467, 4.836371545896141, 37.87985641272;
  -36.39810888790135, -7.926973161453303, 54.69781817964573;
  -33.48486476761012, -7.775016805955511, 50.40850517945489;
  -37.59125876158297, -8.44952056889988, 56.58520140959073;
  -35.57414871033919, -6.029491790762522, 53.63352355778861;
  -28.83264027360501, 0.7403115504372098, 43.87833075396023;
  -24.50106035367243, 4.656704577466218, 37.50050293146563;
  -35.25568080359623, -6.465029499655538, 53.49459006784057;
  -34.40213106796574, -8.050346735575284, 52.49058551965275;
  -36.35610264208521, -9.639050975334868, 55.4895101555019;
  -27.13071523261134, -0.06695101890242018, 41.7300747520497;
  -35.07284957814751, -1.823410096970212, 53.64793662179193;
  -36.91562859786117, -7.490131015468141, 56.60333066484893;
  -39.39323417395537, -3.434057627546792, 60.69214511352751;
  -26.66464353235135, 3.706406706324639, 41.50709400467181;
  -23.966806300873, 5.026927952141112, 37.47718300530839;
  -35.18976084547272, -11.3825122367681, 54.4701020465203;
  -34.77238222425468, -6.45803513514513, 53.89332166711589;
  -34.37505787410617, -7.209966581111658, 53.4363313248645;
  -35.53315143088925, -7.153589888427378, 55.23418494052392;
  -33.34143807870299, -11.38913096277669, 51.91769489159554;
  -34.59978259865994, -4.871115973539349, 54.02323391918149;
  -35.15333237188903, -5.633291129619313, 54.89384752907208;
  -27.56234593014603, -0.04559204803230236, 43.29539617140269;
  -26.39463008548696, 3.514196785268116, 41.53670966992934;
  -35.77602352102355, -5.073670533531226, 56.30060492552491;
  -27.53729730050602, 0.1056962136003079, 43.67247998316936;
  -35.1620684544116, -7.842398300306081, 55.46979628690427;
  -34.33657661851652, -6.834271395536703, 54.22448645276535;
  -35.74112972217537, -7.658694682272071, 56.42510182037827;
  -35.04899609852568, -11.81130624173355, 55.49295125124102;
  -36.06903358627984, -13.9190393336071, 57.1664940042584;
