m=[-43.34931257678957, -1.190476226937535, 53.0953041873509;
  -37.80038629465246, -1.571990945338471, 46.69346518468667;
  -37.48157803356065, -2.597180128234431, 46.30534311795896;
  -39.19643716284986, -2.064480289364163, 48.40350120972395;
  -36.80404241223991, -9.017983578756821, 45.55427178701367;
  -39.74274466061078, -12.07877465711712, 49.26355246456323;
  -36.27443132858812, -10.58731071341102, 45.08760155785449;
  -37.35270316601759, -9.113643395167538, 46.68572143368694;
  -37.01832614682776, -7.909126518379861, 46.29183023067148;
  -38.62816078206866, -2.29470180991278, 48.46314643736107;
  -26.60315956588653, 1.292899203063379, 33.81133899583574;
  -26.83967706465397, 0.7510417243307348, 34.12515117658154;
  -38.84465346616558, -2.9559158817817, 48.97832258283199;
  -39.13562151902817, -1.875822455728354, 49.34247140073008;
  -35.78344675545471, -0.9001630150860024, 45.30080479594746;
  -38.36479249965223, -3.591187817979822, 48.67812009913791;
  -36.14419459206175, -8.13702338808416, 46.2026285560102;
  -37.6478668615316, -3.383721869922722, 48.09671127957375;
  -36.44742571365131, -10.42383712692068, 46.62097455074272;
  -38.50565156647627, -2.422135145648337, 49.2376890314027;
  -24.09562064742084, 4.113318434826054, 31.21190059641936;
  -36.9935307723789, -9.776950631044217, 47.47615192926975;
  -36.85555722060835, -9.308118603224582, 47.31388912692356;
  -36.95410329441258, -8.514090994984022, 47.48404285186086;
  -28.28519558561912, 0.6810681056563194, 36.73333971781014;
  -35.09507188775418, -7.70105674487428, 45.32450696212401;
  -27.88787168271965, 1.297312718150428, 36.24902479377735;
  -38.46819063431238, -2.810194939117665, 49.63932079716132;
  -37.1364557989606, -11.15094522644889, 47.96916394827684;
  -28.47703986395505, 1.162096745680609, 37.0753353740233;
  -36.75558538768217, -8.665340781671842, 47.55529555740108;
  -37.24334871610865, -10.35924532151527, 48.17769164255134;
  -36.72887824450561, -9.723065122264302, 47.54899499834558;
  -38.65375958619599, -2.358843343415507, 50.01521064534985;
  -27.98816482858312, 0.2123743802908495, 36.61928763314092;
  -36.55367923022803, -1.365970597492412, 47.54929501439653;
  -35.8464594066613, -10.22009907904406, 46.67854853619504;
  -36.68508357268313, -9.703194533318593, 47.80948828459371;
  -38.09302722760041, -3.285618738352961, 49.71104566602831;
  -27.02912130071965, 0.5323313858064078, 35.57228138168331;
  -35.08125176838566, -7.749408736004749, 46.02256628772954;
  -41.15938087920269, -4.090424531147981, 53.85239016223503;
  -38.54992245134056, -2.529118806658053, 50.51459722283962;
  -27.02580574358363, -0.08264180913804566, 35.81756936980486;
  -34.1764641939159, -10.10691018140079, 45.06921058837325;
  -36.05588457676276, -10.4317768371667, 47.67255182397342;
  -35.80153499684874, -8.544623874645581, 47.35746776994434;
  -38.34691496006591, -3.163930591913504, 50.85290708086828;
  -36.60991924535913, -1.194161037743197, 48.76569688355622;
  -24.9881035483787, 1.6731175592462, 33.71723143476316;
  -36.36978457130874, -2.51667593021193, 48.61930513424547;
  -36.12740227272745, -9.279959647693362, 48.30596173385941;
  -36.11464634449251, -9.978784013134872, 48.45076026668772;
  -35.40337970960029, -2.7048074900689, 47.55521192811395;
  -34.35514804788598, -1.297455808505988, 46.35701992922837;
  -36.42423368668111, -1.871200047092363, 49.3136998116296;
  -36.24675118727105, -8.647767979215809, 49.07650085622735;
  -33.07209760343761, -9.531978576336556, 44.88278410320265;
  -35.73962157084046, -11.02514607355247, 48.58769103030769;
  -36.11625214550299, -9.942796689976534, 49.09873145583419;
  -24.45652715028983, 1.690665429216201, 33.92993128342278;
  -35.62516322693469, -10.06698272896, 49.10427286351653;
  -37.41886737313556, -10.00637799744807, 51.55018020925169;
  -36.02615170488001, -10.5770881504581, 50.02544958681267;
  -35.54449071476518, -8.131167004256309, 49.5368578248322;
  -24.17286429809316, 1.600162626832747, 34.02824100534895;
  -35.10440209005065, -0.9316619199483204, 49.07815370401301;
  -34.9420356864103, -9.951436247629141, 48.85721364163041;
  -35.96206291327576, -9.260925329724755, 50.27264910978908;
  -35.38759362954474, -8.54194753570094, 49.66475838669146;
  -21.78457084005002, 4.202399027242369, 31.07419862406212;
  -34.53841323908934, -10.31694076863575, 48.76465215807247;
  -34.54513434747163, -9.83632592694689, 48.81388075920521;
  -35.23089714522018, -8.854333258499574, 49.80590344976909;
  -34.78111563362495, -1.206238498426901, 49.52661762987388;
  -34.39168178710612, -9.498656227861233, 49.29366896362276;
  -34.50153359251896, -7.32416373358073, 49.53716110053978;
  -34.42591420967357, -9.193603262245208, 49.57328253685103;
  -21.39788359062963, 4.251237853137138, 31.26212179792855;
  -24.8767938300838, 0.01956306253937864, 36.27767848901492;
  -34.05530296015475, -3.071278947814414, 49.41438811219638;
  -35.60573061465653, -11.751307737985, 51.73126695316186;
  -34.71731579638961, -8.960462290025324, 50.66194850122432;
  -33.17995565245168, -8.704222386658675, 48.69168904016064;
  -33.46936969320767, -2.799907596292679, 49.35916645508827;
  -33.75558274167494, -1.705774316813514, 49.78163108436294;
  -33.46491988782614, -10.43840000800571, 49.41061938996156;
  -20.989616694261, 4.23558014678157, 31.42972917316795;
  -34.31301139527223, -8.545196751637496, 50.7263105722315;
  -33.19175085002397, -7.366218521257733, 49.10347623185254;
  -33.50079736018411, -5.950699020953798, 49.63548789425517;
  -33.88859308829329, -8.624663526644644, 50.24220842819612;
  -33.18099023891332, -8.643789155135327, 49.27300729841431;
  -32.20551504018486, -8.836467850632957, 47.91424229399883;
  -33.62224790624816, -10.03701248674065, 49.98276996956702;
  -35.7424407983938, -10.41936608918556, 53.20885651002396;
  -34.87781528194212, -8.801577464957267, 51.97021619018796;
  -20.41943942890144, 3.954712504002345, 30.97444858890379;
  -32.88027492016457, -10.45507385258782, 49.28472169094955;
  -32.98520476226015, -7.183692803402511, 49.5690239913593;
  -31.26963094671008, -7.260650679463665, 47.07366640051622;
  -33.54298643381431, -7.539576038472321, 50.49143619463691;
  -32.69480018080059, -5.541468634875974, 49.29246093820134;
  -24.17066112098144, 0.6206098171989869, 36.78359848921686;
  -20.64754408573063, 3.924300078018691, 31.60243990821604;
  -32.68297546512503, -5.993258269373665, 49.59094066127958;
  -31.80023878713142, -7.441485180227118, 48.52063234988436;
  -23.16981144162636, -0.05717661589434367, 35.63776167197277;
  -32.01083231548235, -8.486994535400338, 48.85742078414783;
  -30.3922786663819, -1.580070865548992, 46.48846784042845;
  -32.83693220252152, -11.52157039747947, 50.13926574156954;
  -31.41773559601814, -2.73880316826298, 48.40449909524435;
  -22.37795699053092, 3.110553859942568, 34.83429145833257;
  -19.92530112123215, 4.179240734194194, 31.15743279191492;
  -32.1519340156929, -7.05215943705618, 49.63824577445471;
  -32.63088286591285, -10.55481522448551, 50.50922418539236;
  -31.88558843334945, -5.921890800559369, 49.41911264236384;
  -31.97315220350709, -6.706180967733915, 49.70254772818624;
  -32.52271732064172, -6.547524562284572, 50.55464294380346;
  -31.4922908599101, -10.75747914876155, 49.03829116316866;
  -23.65869227386195, -0.03913484858165191, 37.16347140733858;
  -22.65760664178031, 3.016647256071779, 35.65582945648349;
  -32.11483189803738, -5.146374054856289, 50.14906316655156;
  -32.50787097015823, -4.576607066734194, 50.7569754991306;
  -23.68541160209875, 0.09091154794848508, 37.56362335772064;
  -31.94818726311793, -7.125587899215331, 50.39974942084722;
  -31.73944621758746, -6.317344673145381, 50.12308566940073;
  -33.39427175058145, -7.155804348172128, 52.72007903473888;
  -31.99640307598757, -3.872080279291676, 50.60190074415313;
  -31.49935291314077, -3.51134192918404, 49.84597684016427;
  -31.44261052890821, -10.59597544399032, 49.78297376585507;
