m=[64.34110885477756, 6.725752195222597, -77.846618663274;
  38.00026256849586, 1.043578467940931, -46.54365618138522;
  31.89086486925981, 2.695040708059554, -39.26539853487667;
  -35.60287350446177, -1.875206929887779, 43.96582586277001;
  -151.738187642738, -10.51426931083746, 187.4597925573718;
  -181.4613970995481, -44.46293917642518, 224.6041809683084;
  -417.5168285232223, -126.8933922493895, 517.5375370382311;
  -250.0934987347298, -72.99404791555998, 310.8557628655229;
  -40.58354385181163, -0.2374611592933721, 50.47998234530376;
  -299.1679505612041, -72.99364665951207, 373.9186301915107;
  -222.278386731206, -47.4907448809413, 277.9616047926114;
  -9.652952592578334, -0.5734326288574987, 12.11065827561193;
  -44.54270507972277, 3.364557935388027, 56.46626093765627;
  -213.6809695628593, -43.82740408711329, 269.5021836782005;
  15.88326767337558, 0.7613061710946865, -20.02573743571753;
  -47.90979288679569, 2.328390087984103, 60.89104733984055;
  -50.54574188516484, 1.414397090231901, 64.2660893053468;
  -67.29010805966988, -1.69273985735379, 85.18732336606573;
  -17.97002707522821, -0.9392849820343591, 22.79302462941966;
  -42.8912279734661, 4.777049669310875, 54.79724132394066;
  -152.6870974469565, -13.72323889654953, 195.0640993560836;
  -55.93187710871152, -2.262031213109753, 71.43135259270937;
  -237.7463152171905, -53.52304427273052, 303.9078561997468;
  10.59144433534255, 0.6662375138237096, -13.54342080607809;
  -359.1669287854001, -102.7204937997325, 459.4209856665094;
  -379.6001351621183, -100.323805366229, 487.1650073148492;
  -177.5962297976672, -44.85312107878984, 227.991894837176;
  -262.5753058953495, -60.49639547786806, 337.3952001389902;
  -38.99927287428271, 6.657493094114156, 50.51712284551747;
  -25.37894912579982, -0.7508818056245417, 32.71732194154394;
  -160.2537359004228, -35.16513992888781, 206.964145614403;
  -318.3662627419623, -95.59568034718643, 411.2337358132276;
  44.52704346832015, 3.252808883008237, -57.45765939148647;
  -418.6417453360278, -113.5189176372028, 541.1213038495406;
  -60.20553431751534, 1.151077295237285, 78.12733949751534;
  -338.4750833145554, -79.79744879830761, 437.927527369322;
  -56.71358760865984, 1.365584182039101, 73.65264538965676;
  3.887486596033554, 0.2372336346538859, -5.030130653863441;
  -480.6958554534111, -127.2523782366057, 622.3060958878833;
  -27.9905640778659, -1.045976447316809, 36.41033179109378;
  -238.7817511429736, -68.07849911378808, 310.9368608441616;
  -145.5552224097725, -33.21637886359465, 189.6761467633095;
  -49.77051464259235, 0.3776589951043352, 65.11898163059399;
  -402.8432231583174, -106.5519219273332, 525.0016214344117;
  8.925560651521503, 0.7698518983993133, -11.64777350173964;
  -49.77259870478038, 0.9802581500493143, 65.50434498131146;
  176.2129366394214, 17.51206415983089, -230.5546782491628;
  -290.935509886887, -64.26732423394331, 381.6739173854115;
  50.28208114104573, 3.298822642568058, -65.8880463267375;
  -106.0857398531028, -1.415457245697555, 139.6981872423864;
  -302.9581184264671, -85.57056393216426, 398.7339946635593;
  -51.4789334865277, 1.571108591309235, 68.00985294525093;
  -260.6764782581047, -71.70504738651579, 343.2240209336196;
  -604.7331994538315, -185.9008381932065, 795.8236375090114;
  -126.745142755498, -37.48198662360991, 167.1414426457221;
  -398.811592588436, -109.7033599927416, 526.2483525474695;
  -53.64218342749365, -0.1640316343062391, 71.09251965663249;
  -334.9178056855311, -96.8992398527006, 442.8233181832665;
  -374.187047928785, -89.30587986232634, 494.9662371677028;
  51.47473270226573, 4.247081719008488, -68.26207015210571;
  -47.28933699283287, -1.54250773838316, 62.99105600756447;
  -6.032377938782124, -0.4174217840281294, 8.064112205990584;
  -564.096767709145, -144.8981911906482, 754.2539778931783;
  -388.3537306553799, -107.3054395144638, 521.008383224195;
  -43.11021924459597, 2.886512162135125, 58.16997022840231;
  -101.4142780746835, -3.830009522009212, 136.843063614907;
  1626.80153968899, 388.1231228359529, -2202.617463368571;
  29.97764373030567, 1.54002329444689, -40.58585107630783;
  -653.189702278846, -201.4993882095314, 888.0054696605145;
  -1063.029682997307, -292.6518502216319, 1445.15019788852;
  -43.10517553419375, -11.52698385390358, 59.38393443555779;
  -40.42942710198533, 2.794862668125514, 56.09004397757496;
  -498.5880808274314, -146.3828311411102, 692.3329781748453;
  -191.5394245642383, -43.81660892341931, 266.9404189422644;
  -704.8002826391395, -181.4996766350806, 985.2654278216471;
  -472.3449326193805, -134.5230863489896, 660.4497085583913;
  1.767930508310397, 0.04692042688784329, -2.471677626136328;
  -39.7822092386422, 2.633448963743086, 56.00158040867844;
  -272.8761002547082, -77.69830138107409, 385.5866150610341;
  -1396.27801016633, -350.9167187133259, 1973.917595022553;
  -32.70537050802532, 6.309099142584317, 46.65197155830631;
  569.0247907050336, 119.3152416247412, -815.6798455941513;
  285.9072618059611, 78.96487324333489, -409.7914723973364;
  80.19103489147227, 13.57671758898702, -114.7920248225819;
  80.6277057036464, 17.11606576713196, -115.7649307355568;
  657.740697256868, 175.6527650415451, -947.1459558781397;
  326.8011507723952, 107.8573820999824, -474.8066471145029;
  47.55461176578572, 3.004226168633366, -69.14922788284794;
  -597.4330028201485, -154.1961344011291, 871.8162486788152;
  -641.7178981964189, -152.572539925768, 945.1130995436889;
  35.21534472424006, 2.945968570763825, -51.93405426962173;
  34.78312808165869, 1.757699370625183, -51.29702139561874;
  -322.158385375942, -71.49635088120206, 476.5972331703055;
  159.0518117623115, 39.60972732928443, -235.1327170789437;
  389.5999273929218, 69.20408137079603, -577.2394690132768;
  -306.6930967533385, -84.14967703793577, 456.2872951853261;
  182.5406721709973, 47.55262188143947, -271.068699498631;
  -65.77094272671991, -19.6341355656388, 97.77495871655552;
  -29.89302719630678, 6.03223557457805, 44.76164394192836;
  145.4689734325852, 42.40601522882637, -216.5559363361313;
  -3039.321686505813, -740.573020061992, 4548.182262378828;
  -155.1956536992911, -49.34818899679114, 232.6250196747523;
  423.9062679657108, 92.32055488061293, -637.0316667223294;
  -316.4943043953385, -73.48838207174829, 476.4542097781648;
  212.6105846005257, 47.78923523529067, -320.0375073294025;
  240.1547580896517, 40.70402792219925, -362.0703893828624;
  -24.02373537196103, 4.954246840491099, 36.61856533869934;
  -36.32454965195917, 0.9326750313738438, 55.27973120021282;
  258.8616029749028, 47.46888618841129, -392.7791215432719;
  -29.91571778269655, 5.685821671631848, 45.78799636476784;
  734.4212408140236, 171.8598660892182, -1120.575957118389;
  -47.93824560474758, -0.05965035275778463, 73.39596393004527;
  144.4283611514601, 38.29212248431342, -220.4377925696378;
  212.5021215033468, 43.11639247603701, -325.8329414207171;
  33.91320230482119, 2.956342465691875, -52.24920062312209;
  394.816804936283, 86.59855595252202, -609.5438485830014;
  89.91875027242514, 21.26109001859753, -138.7863496157326;
  -39.00951215436805, -12.61805248967965, 60.38268112034559;
  -32.95137003062951, 4.580266700956723, 51.2932269949403;
  265.471897886625, 49.30426776309922, -411.451890011838;
  -29.01877577378928, 6.086555431829192, 45.37700837615132;
  278.915165270033, 58.50081846922456, -433.5760898929503;
  198.7335141157983, 40.00934338277003, -308.9195084174248;
  -123.5484687591465, -42.2030293842437, 192.3837745156646;
  141.0635037687206, 22.60530455794886, -220.2783618314681;
  134.4343461473895, 18.9262833962497, -209.9024208601218;
  -40.33214518881177, -0.06671511580887977, 63.35441144297714;
  -35.74316994562576, 4.75886695556592, 56.24832278027399;
  30.37493668322508, 4.307701249050013, -47.80093318183179;
  136.776960912804, 28.62852864787796, -214.9980260263848;
  354.8590134344576, 79.14624611503824, -559.8065771159587;
  -36.79672786741951, 0.1412366205014501, 58.35737413513267;
