m=[-11.9637631257691, 0.1960225773936106, 15.63425326559712;
  -7.404998145463732, 1.204367876344497, 10.47087593773456;
  -6.872440317759937, 1.026459899134057, 9.826634835919593;
  -6.850732561094477, 0.9898967842446488, 9.859136143444083;
  -5.033581522049709, 1.543284823952148, 7.722940045123003;
  -5.91276059595055, 1.085447339257373, 8.964045122126045;
  -4.967555456318214, 1.490007352685322, 7.727179239151156;
  -4.973996070559633, 1.594338240835469, 7.747701136243125;
  -11.85294003705774, -4.016456060350789, 17.79556040099517;
  -6.246074259916896, 1.39333819619477, 9.857537963930637;
  -11.43902244647448, -3.764347045195386, 17.23119272006697;
  -11.78154186432246, -2.866137865670661, 17.75707558986534;
  -11.81238617288513, -1.67815477044954, 17.81074014009668;
  -11.92661359264435, -2.989435533693817, 17.9918184451502;
  -11.59703513840516, -3.979295508518386, 17.57569058421799;
  -11.83367861629757, -0.204083527529315, 17.96366832720218;
  -11.73696290919648, -2.824036972961816, 17.84212230320377;
  -11.62512905698598, -3.638339197012933, 17.72688375633386;
  -11.73719272210152, -1.223615488835276, 17.95279406137334;
  -11.99046184730883, -1.413340065424083, 18.35580454207537;
  -11.66123000600409, -1.670409522972614, 17.89815185444403;
  -11.90288153344902, -1.705024826201952, 18.2690488980527;
  -11.58344521612637, -0.6314343655837484, 17.80895418275333;
  -11.64200257193286, 0.1252294678514105, 17.90157526661287;
  -4.816539836150501, 1.549684581650551, 8.04512830537621;
  -11.67321303871016, -0.8924839075661993, 18.21351113483473;
  -6.056770582806469, 1.372523501080234, 9.931146927079848;
  -5.995303713667249, 1.385827136692811, 9.903057571741591;
  -4.777832481596703, 1.784352743831652, 8.121643313219876;
  -5.920789316626525, 1.434951785685563, 9.915122380479229;
  -4.698401272532978, 1.793885255620899, 8.085127154894195;
  -4.753277046196386, 1.773202256146678, 8.173331953403702;
  -5.874712805195903, 1.58572666778961, 9.884860017477889;
  -5.854292448060829, 1.421962853974003, 9.880288817548601;
  -5.858940153876661, 1.486259404102529, 9.900855752353957;
  -5.862648463975062, 1.358453169911915, 9.903998901884137;
  -11.76269499103807, -0.2112457130644819, 18.95089328187539;
  -5.737497807048356, 1.274372831763397, 9.811379793763827;
  -12.0869072600255, -0.3637443752402645, 19.59673159582387;
  -11.94237444832744, -0.68445648614594, 19.37662294260521;
  -12.08554347875507, -3.59733676051975, 19.59452182011544;
  -11.97484693857602, -4.096355417526741, 19.4254637084363;
  -4.80003928335656, 1.784329337365369, 8.390884999289728;
  -4.751483652241342, 1.774158581240641, 8.326563346053119;
  -4.866448045867815, 1.775883045225172, 8.516407367743696;
  -11.96369397732689, -3.861349441729119, 19.55154140109545;
  -10.82194480777356, -1.058380019199356, 17.82967912366487;
  -9.515384997327734, -2.205272026976622, 15.8888998934648;
  -4.954892528369678, 1.671872241884115, 8.790644187532656;
  -4.815331391956275, 1.758990740367084, 8.581290605047352;
  -5.697912844651422, 0.9972702438986539, 9.97749052148723;
  -11.37557354792832, -3.039103592233527, 18.92358901354071;
  -11.87957937403396, -0.1965492000537228, 19.80480798207768;
  -9.313954634714802, -2.081413611156525, 15.74358878711824;
  -11.93655858786564, -3.855895596183305, 19.99464423524578;
  -9.243000872350105, -1.92624141663381, 15.7199161013417;
  -9.09358994808834, -2.183113235916746, 15.50712865180528;
  -9.143806766146492, -1.985627439027017, 15.61056798803868;
  -4.792914145684338, 1.781031204596357, 8.678252740652196;
  -4.586484664666667, 1.820926764399676, 8.354484649068406;
  -9.047878982806303, -1.880093295713261, 15.56760073926412;
  -9.048765278558058, -2.066638464421448, 15.6240472374255;
  -5.500339234703074, 0.8938483689595953, 9.965678445199668;
  -8.784702392198021, -2.068569032428752, 15.35823507788215;
  -5.433237787974746, 1.352475984476286, 9.924611984767562;
  -5.446830069455683, 1.397758979429985, 9.965008175795681;
  -5.439237826210523, 1.107133095855717, 9.957843656116813;
  -11.85574161349862, 0.1006057621205156, 20.66117763781726;
  -8.792094072607073, -2.155084214454291, 15.58501295198371;
  -11.69942544840646, -0.08234115111796207, 20.43539709301402;
  -8.652405987044507, -2.054525489098094, 15.37296194960308;
  -8.831948605386456, -2.3381098429958, 15.67919176807034;
  -5.427318246290112, 0.8973981711005575, 10.02546094454872;
  -4.934094676836309, 1.768333571918635, 9.219839635689501;
  -8.911399414226267, -2.062144475539921, 15.93226995656998;
  -8.507935122594569, -2.22384017359528, 15.26895190787291;
  -9.107988330662197, -1.789408187408802, 16.37448260916333;
  -8.759464780659675, -1.612728438775267, 15.7924345258326;
  -8.677041730716194, -1.836479510201592, 15.65696927750811;
  -8.525350126771334, -2.025227979009223, 15.49175349094693;
  -8.444055426120256, -2.102715388058508, 15.35736952451106;
  -4.592056703527629, 1.825500586972258, 8.820813665570936;
  -8.727646580298933, -1.68962025597386, 15.86742344657091;
  -8.691117238183674, -2.292241448340761, 15.81689253073568;
  -8.597651524097175, -1.544921495750109, 15.70920117341187;
  -5.36429606256872, 1.089838624654197, 10.2144519298323;
  -8.335360435150674, -2.082958688022095, 15.32413243032917;
  -8.425912475837423, -2.361784747267577, 15.50971478972058;
  -8.657671793741333, -1.665964236022595, 15.93582606504351;
  -8.604572934429642, -1.464346262891815, 15.90756267402889;
  -8.754133226563775, -1.421445424408691, 16.16928253867155;
  -8.437236721829702, -2.554546968356433, 15.61667947733777;
  -8.754763131223987, 0.3372524544312752, 16.18368362071307;
  -5.317080395939337, 1.123583590457129, 10.21985561819455;
  -5.360912557100457, 1.047765361617574, 10.30667003546834;
  -8.655902641999218, -0.4082178156218434, 16.07135371753957;
  -8.660699313176316, -0.5852722122467916, 16.11118407353706;
  -4.60593223586496, 1.816755824868918, 9.036269748676983;
  -8.180666354356651, -2.058717633137676, 15.3086795614288;
  -5.345794973091813, 1.091346510672029, 10.37495771756833;
  -8.460403912599116, -1.682999424604307, 15.89346367124881;
  -8.375963345590915, -1.061174844596309, 15.80210226750559;
  -8.344200202988141, -2.460441154812655, 15.79186997505193;
  -8.389408519743833, -0.6499666543746751, 15.95237984533411;
  -5.318263835414339, 1.034455600682231, 10.47642330232224;
  -8.156725126095948, -3.053724845326487, 15.55403443742914;
  -8.472937856789338, -1.717858403213157, 16.16486656637199;
  -8.2537626459604, -1.158922549077044, 15.81961136342845;
  -8.309114478737882, -1.033530490852673, 16.03019170179496;
  -8.387950521178375, -1.592897101758863, 16.19088204765177;
  -8.172152776432228, -1.851597031504366, 15.80849330995447;
  -8.226086909013189, -0.9305945793925706, 15.92506445365339;
  -7.847561002701801, -3.01199336925411, 15.45061689561565;
  -8.211467628631239, -2.365149737125406, 16.20945915242236;
  -8.15759538489216, -1.692285889064056, 16.12015823109377;
  -8.062184706199039, -1.521338585180046, 15.99034377012441;
  -8.230286556950855, -2.269691440570098, 16.31413943084347;
  -8.158255386666189, -2.318163721385566, 16.22188170565611;
  -8.328452859532613, -0.5374333617568872, 16.57170404013097;
  -7.778452500933461, -3.012039408961657, 15.54554520203599;
  -7.902823942958096, -2.985631462376713, 15.81066585065337;
  -4.779236761511219, 1.770329880263852, 10.00863061705947;
  -7.627761030257856, -3.216319050386687, 15.38647923374763;
  -5.288735399750786, 0.9987235770559609, 10.98612981459268;
  -8.125568078551986, -1.5855093944807, 16.44430662201779;
  -8.046409089207387, -3.326250266200312, 16.30106555006702;
  -8.112278723225254, -1.502550054782816, 16.42345610456546;
  -7.964670778990542, -2.298533825741394, 16.2368167708916;
  -5.689291137571107, 1.767585437907444, 11.9023330025143;
  -5.37087866753897, 1.370249401498235, 11.30004962648362;
  -5.361283045432619, 1.136600763338289, 11.31979419997735;
  -4.698535455048262, 1.748891164622067, 10.05502010885988;
