m=[-3.137047864142202, 0.5897970645775045, 4.906924011779672;
  -3.014501437854693, 0.6831155334231895, 4.942808429332414;
  -5.868164798217281, -1.427569457703864, 8.844465953245047;
  -2.937047231948581, 0.7118174528339332, 4.918462925245625;
  -5.867364860648912, -0.8335611608658605, 8.84682479142384;
  -5.867359406477175, -1.470668313551574, 8.851168386882902;
  -5.837509143319201, -0.5622169799150384, 8.845275132477351;
  -5.866819721821012, -0.1011791263756997, 8.905903822091011;
  -5.863975056460532, -1.410934199595601, 8.914210682077361;
  -2.912594554463984, 0.7388488247393421, 4.921910412373638;
  -5.802541392449754, -1.816032638171288, 8.848157835586296;
  -5.839665994116111, -0.6087917212580057, 8.932146166617638;
  -5.90726056093709, -0.6963007875752341, 9.043231329743035;
  -5.797593748273097, 0.06236294618807714, 8.914794530295662;
  -5.817576018378852, -0.1021111525818812, 8.943460404185034;
  -2.769359796278648, 0.6758092319798971, 4.917271260914717;
  -6.051414592147698, -1.909042663815738, 9.703065015005381;
  -6.092423942455727, -0.109413568998919, 9.815512180617365;
  -6.006542562929575, -0.1928724946972365, 9.697007218869564;
  -5.851885620267107, -0.335390678487471, 9.494743416209801;
  -5.965630149027709, -2.040722650174974, 9.677378972133369;
  -6.001246990363314, -0.1806020175559465, 9.729935373902061;
  -4.665605698866984, -1.0812941083838, 7.790682343646122;
  -2.695696777493625, 0.6710299264021807, 4.924088653808957;
  -2.710374976302636, 0.6955331656102008, 4.958647223049289;
  -5.946783458795257, -1.919357769617045, 9.718468494624895;
  -5.936622614044159, -0.04355700438746456, 9.742720390910691;
  -4.611105250190221, -1.030455655694218, 7.794255797912174;
  -2.691216167414765, 0.4449881796272254, 4.97127335368581;
  -4.563792775587593, -0.9887345352674755, 7.746446164540388;
  -4.551072742682811, -1.092583588977356, 7.760859124656568;
  -4.568141901571257, -0.9919968933192592, 7.79886228540013;
  -5.851152173166688, -1.563196573188553, 9.733557478590328;
  -5.834054695690638, -0.09652520071662112, 9.726129972046048;
  -4.52440346096876, -0.9401430578629283, 7.784598666444637;
  -4.511314690347316, -1.03033465640596, 7.78945984950004;
  -4.445428930347591, -0.9461518391901678, 7.755049011094919;
  -4.381418870411275, -1.031710237728839, 7.660004628751955;
  -2.678877599593045, 0.3929266057721356, 5.090385154799622;
  -4.369062135386265, -1.070927672313782, 7.744672589453496;
  -4.337366382386666, -1.029913506314155, 7.70631526742468;
  -5.928746259282303, -0.04056890694989484, 10.19469188118524;
  -4.260349593432943, -1.113588249430281, 7.645929607537442;
  -4.303788664423761, -1.079615158244157, 7.736938487690678;
  -4.261506754165845, -0.9638115213508308, 7.692441504040429;
  -4.313447857667268, -0.7941603971733035, 7.776712913237278;
  -4.30780937138377, -0.9117397253485046, 7.773068411363992;
  -5.895285031006158, 0.05002636383258849, 10.27380110178018;
  -6.016880156615767, -0.04234710844728262, 10.50969005305019;
  -4.293508104067803, -0.8311975278875706, 7.80587418747131;
  -4.260903732015129, -1.123793394364116, 7.754383535065325;
  -4.273001440873229, -0.7678203470882647, 7.807415671688911;
  -4.190131828781079, -1.174494687742647, 7.712844131966364;
  -4.248957673722559, -0.8176114425950755, 7.820884420118916;
  -4.216317970817292, -0.9236788579427171, 7.785686049045671;
  -4.220248515065512, -0.7584154368809818, 7.895278910935817;
  -4.248557382136817, -1.436375249571647, 7.956182583281093;
  -4.194975291363099, -0.8344921914519375, 7.880556068461198;
  -4.109680804692359, -1.119870794255349, 7.781064127549335;
  -2.660247466617279, 0.5023605200289018, 5.526051465644491;
  -3.858932130279217, -1.481107057950997, 7.597632175219647;
  -3.888012707792718, -1.599400329025782, 7.700735931492576;
  -3.84223024566255, -1.517247840594054, 7.629010313301509;
  -3.862547467575168, -1.495688916262622, 7.719453997436329;
  -2.66731292284849, 0.5654746967247728, 5.631755141021204;
  -6.184741150376855, -0.01499471534554256, 11.76868396365958;
  -2.883044957916292, 0.8479017364052329, 6.011552314718021;
  -3.921507310858228, -1.481517960130104, 7.845504615868483;
  -5.977555835729976, 0.03777462806674831, 11.49930884271417;
  -3.891167738697763, -1.608543336931984, 7.883041947232948;
  -3.898205284577876, -1.570933998904369, 8.030507335321493;
  -5.985803244750068, -0.3737347352369245, 12.12970712718766;
  -6.001344800819717, -0.7152260644946754, 12.23624259139541;
  -3.94345809177095, -0.8113902394156151, 8.408202847437297;
  -3.897962133339484, -0.833321042794558, 8.358510425509987;
  -6.239729791493752, -0.5758982042770207, 12.80699675943284;
  -3.88416270368913, -0.928220683704901, 8.347379878194042;
  -3.83297092926744, -0.8583798301666452, 8.285282298727974;
  -6.026354876416966, -0.6518251350453701, 12.46693279140789;
  -5.964724606106888, -0.7131096821796189, 12.36532347432787;
  -2.737312562600899, 0.4538333133183561, 6.211393658433561;
  -5.993811073961677, -0.6223923867961239, 12.50410259065144;
  -6.028884833022992, -0.6822531646363983, 12.57577993633418;
  -5.917500121774625, -0.8113512612406346, 12.38803011810386;
  -5.963051836681176, -0.4184663253633257, 12.48704401231753;
  -2.717350240353678, 0.4708279045827201, 6.229753347615566;
  -6.007809259143814, -0.5655816802052907, 12.67383435166221;
  -2.692630457778027, 0.5677156984148344, 6.251454956638178;
  -6.384467031898597, -2.979673564739376, 13.49218421154693;
  -6.465878970694764, -3.066389657137356, 13.84785680462445;
  -6.516278593715011, -3.234599136484806, 13.9843514025174;
  -6.466886814686382, -2.952302445242867, 14.03015889803558;
  -3.891189946976229, -1.247714232175124, 8.870176404685358;
  -6.354203510040542, -3.043479829573392, 13.92580857356079;
  -6.416616445065251, -3.19631001194244, 14.25317515124205;
  -6.51551779911405, -3.127640346417586, 14.4704717875755;
  -6.491830667930329, -3.058345870804049, 14.56027323512255;
  -5.969034621068253, -0.4376691369468397, 13.46198435534261;
  -2.67557388436675, 0.5705003446792772, 6.611511414368927;
  -2.667856303543003, 0.4647051940848866, 6.602739160316975;
  -5.845088122541543, -0.0567302211716065, 13.30559233931451;
  -5.863259723261614, -0.6589738309391753, 13.34687381566681;
  -5.846662069760515, 0.008075808726265701, 13.32512625949344;
  -5.744831340264558, -0.862825509957711, 13.13979722689848;
  -6.378561078437761, -3.052945179283186, 14.54994577936444;
  -5.831592693427618, 0.108764189525255, 13.43277060139996;
  -6.332016035522981, -2.96291492402548, 14.52194694028579;
  -5.95939550292999, -0.2040939355766059, 13.75773202142964;
  -6.428927249584956, -3.191394495885146, 14.8366474103287;
  -6.509262050187217, -3.121438591461542, 15.03151152987697;
  -2.998346316871533, 0.9397535334634837, 7.514828428505401;
  -5.971399699139239, 0.01607695761421155, 14.00389598153479;
  -2.875114378258097, 0.87011251932783, 7.253896234477528;
  -6.449022391136406, -3.369943646653234, 15.1344929713156;
  -2.303589129755941, 0.8675665427688515, 6.033280903076217;
  -6.428177795567999, -3.150076915789998, 15.14091453092376;
  -5.829889046157131, -0.3563002681183721, 13.83127024756133;
  -5.206679924772236, -1.679892224717598, 12.46981709100342;
  -5.387463428404621, -1.943565145991369, 12.91976157514161;
  -6.388055027958821, -3.487827518469146, 15.20475539670322;
  -6.33603804779296, -3.310987094307373, 15.10594921732599;
  -5.501988930185885, -0.2310179123382951, 13.36966993747003;
  -5.461830984001832, -1.956485657203231, 13.36699508587719;
  -5.443281472085949, -1.736052414547129, 13.34673031794867;
  -5.782381786668458, -0.1086127509502905, 14.12678774452341;
  -2.265987907160737, 0.8853806336781264, 6.143342523810118;
  -6.665799802829055, -3.156211839632305, 16.30755368995357;
  -5.346949116522766, -1.979325690397062, 13.29735997285996;
  -4.066219656530184, 0.4331401282687688, 10.35373184834724;
  -5.875202426952098, 0.004893959783708935, 14.55182308030879;
