m=[-6.281508864762054, 1.373953741595044, 8.865605332420437;
  -6.263127578418721, 1.417447321546739, 8.896087275537553;
  -6.000531926575984, 1.37906264163088, 8.862683664407967;
  -5.952663209374389, 1.600620534229574, 8.814519458334516;
  -5.934929152980947, 1.518506153162214, 8.804698630439237;
  -11.50380369709755, -0.8675596302858337, 16.16702173002899;
  -5.941469918134034, 1.393414851658983, 8.837909727157319;
  -5.903180859968986, 1.36278097958854, 8.841744336945959;
  -11.61932790751735, -2.806070171289521, 16.55034868499419;
  -5.826085284780025, 1.432629198958698, 8.787539280803395;
  -11.57158189612236, -1.620302991427318, 16.48924005043434;
  -11.47690463910757, -2.857641481844605, 16.37514496558017;
  -5.849289811829837, 1.59365967470594, 8.858677802027907;
  -5.866983379076006, 1.562672610496873, 8.884469426740187;
  -11.38413506784043, -0.355565486142604, 16.32211460077965;
  -5.804357448519951, 1.427180894482745, 8.818456436909656;
  -11.53232393358134, -0.1759912811402322, 16.5500919100125;
  -11.64130109221221, -2.786707516698314, 16.73101260950232;
  -5.792381661058935, 1.487727891816993, 8.813817669259276;
  -5.821259098527674, 1.53013068743881, 8.854315848778272;
  -11.51608995475418, -3.595046845859169, 16.60003071109723;
  -11.45853730018767, -1.013148922643373, 16.53187726507234;
  -11.53067838048517, -1.184352795849402, 16.67587681046884;
  -11.55404799228279, -1.338043246876112, 16.74486218994623;
  -11.53168673555637, -1.636676118362191, 16.73360115469074;
  -11.44459193362142, 0.1425339804934644, 16.63280022605204;
  -5.64360102786191, 1.403119761275845, 8.846248733831235;
  -5.835961998832802, 1.039543230811607, 9.211532351145456;
  -11.88159188714944, -3.05218881412121, 17.84818250065395;
  -7.428641555429633, 0.4019530544165528, 11.58490093453002;
  -12.16868837992159, -0.391684202783999, 18.57893227028409;
  -12.4860269775096, -0.2010679929955493, 19.07606005755074;
  -5.322138451894013, 1.028087679267756, 8.714748657530786;
  -11.3714623607207, -0.6163868472764066, 17.51874804151541;
  -11.82921498072124, -3.491821962505623, 18.22460741801589;
  -11.80913213375061, -4.023367672436746, 18.20078978825321;
  -11.79632455448089, -0.3343703147555035, 18.16983561066919;
  -9.121256216841493, -2.094514592366177, 14.29589777235893;
  -5.355136209207847, 1.351080828050768, 8.81167811190676;
  -5.398562203574003, 1.404849910232522, 8.901440324076754;
  -5.379509395385905, 1.11320500481721, 8.87590907334018;
  -10.97724831743249, -1.072452826834349, 17.09760219199201;
  -11.74444410654512, -3.774246090556095, 18.24148985907174;
  -4.936375763781277, 1.788890974221195, 8.238421492321949;
  -4.933457195539527, 1.811810817119056, 8.258607269252433;
  -9.102282973313116, -2.022647125256513, 14.43527934637464;
  -5.346884746507522, 0.8975779344311182, 8.907595915308413;
  -5.353128200378072, 0.9615310906834007, 8.955266846008477;
  -9.081783957052611, -2.160212184564419, 14.51327264547721;
  -9.099405230512403, -1.95911942386289, 14.56514835651556;
  -8.864933492753629, -2.180500402440833, 14.24768734548232;
  -11.93613048333929, -3.187602747371189, 18.84402064233774;
  -8.911370991012868, -2.09566876438446, 14.32769577535833;
  -11.35527944184994, -0.1571746260151803, 17.99524065228424;
  -9.023001594402899, -1.85175823550302, 14.55137301844607;
  -8.970888649794894, -2.028977016084153, 14.52313121658373;
  -8.719774443176695, -2.036184327836278, 14.27814060907604;
  -5.339804506080948, 1.102420902500355, 9.18929492455989;
  -8.66553008351053, -1.860862552303309, 14.32447758869769;
  -8.664253253631612, -2.106416592295657, 14.39928658125952;
  -8.674625651706112, -2.043897832164298, 14.4370113723787;
  -5.294894920755913, 1.137379978789434, 9.19865510147646;
  -8.940561288423744, -1.581877651611917, 14.87899264542248;
  -11.5405241577488, -0.06181559028157022, 18.90652569511554;
  -8.562923302890949, -2.124983930550015, 14.31999960705864;
  -8.646839505233812, -1.842367299376976, 14.49685834866519;
  -8.515041658625353, -2.210124289871631, 14.30868764996666;
  -8.595243302112385, -2.032098329247499, 14.44580976873668;
  -8.650752332610251, -1.737515363189142, 14.57196643128415;
  -5.340656258706887, 1.002426770464356, 9.372906208599524;
  -5.323989011367915, 1.105970102887794, 9.354514731925118;
  -8.476532965985927, -1.542070305295458, 14.33938653013686;
  -8.535466212371315, -1.783965128577541, 14.44238482854192;
  -11.58533551083931, 0.1225986983484456, 19.2333004863862;
  -8.406680854912569, -1.623882913568823, 14.35067985605725;
  -8.336344839519599, -2.195609500161391, 14.24481335897339;
  -8.470800863414718, -1.50407839460644, 14.51773326907391;
  -8.314873093220752, -2.324446715110975, 14.35125821483989;
  -8.324323812931533, -1.583171810486954, 14.38594811413224;
  -8.42842524985501, -2.80893576188358, 14.59108489534614;
  -8.298837689993091, -1.627949326825744, 14.63420581623124;
  -8.401570041406577, -1.316758387584466, 14.80326738668996;
  -5.317558887676025, 0.8581795505335308, 9.727891517279861;
  -8.289723219392752, -2.458620277680491, 14.6323247953486;
  -8.539847986335076, -1.785338688007338, 15.07138351574929;
  -8.469714431335678, -1.880515018864166, 14.97099857475546;
  -8.339041003885891, -1.037545725658398, 14.76208635956517;
  -8.284915877732793, -2.399511830668239, 14.70681570112571;
  -8.433076542136632, -1.823936263347979, 15.02176263627182;
  -8.144336940588044, -1.125715352042716, 14.64900581277699;
  -8.159907485571676, -1.38147849861805, 14.69362378683704;
  -8.200317945155831, -1.480975149378133, 14.81768481883744;
  -8.149024101179418, -3.167144105209524, 14.75329499562811;
  -8.078525796459314, -3.303194853647471, 14.66188838368788;
  -8.276500046803497, -0.8493671897127622, 14.99989260498149;
  -8.310695417183496, -1.012826556177176, 15.05862761543065;
  -8.224347439652162, -1.553244428445298, 14.92491428728868;
  -8.173563170419529, -0.9012942244894979, 14.85461246434667;
  -8.920570476558291, -2.536116577522604, 16.1406601760191;
  -7.615346864374074, -2.792799579266835, 13.96276991751149;
  -5.291580652730294, 1.139933580224961, 10.02042988160061;
  -5.353294286415675, 1.039071795566173, 10.13149958278771;
  -4.531715619596342, 1.853212239849905, 8.727534089249289;
  -7.591402135952256, -2.899508354837586, 14.01048046371058;
  -8.185762457270645, -1.762208332186232, 15.04950181921436;
  -8.671880791620735, -2.648955664459824, 15.89667806922899;
  -5.534948586822618, 0.8911272133615298, 10.50702756310508;
  -8.080074384745849, -1.822174907077756, 14.90730122509995;
  -8.406527561159937, 0.2388329930797573, 15.53254138320797;
  -7.913600078700322, -1.383658953530286, 14.71837723325462;
  -7.920089065367297, -1.463798845381803, 14.7506601261943;
  -7.671385824674885, -2.950844933144388, 14.37490105689871;
  -5.311868741276967, 1.14650132245378, 10.24422223647775;
  -7.988823209499261, -2.253925446735062, 14.93617437367783;
  -5.645745745235535, 1.773172329083959, 10.83487564310328;
  -7.779810532727762, -2.922200760234659, 14.61145328583818;
  -8.05140947981047, -1.928273513987732, 15.10878242446478;
  -7.620353811651501, -3.199213579613888, 14.40653785593986;
  -8.384031817008827, -2.137482602048905, 15.77534021216601;
  -7.996998561680815, -2.34896199016687, 15.13760081504881;
  -7.89896051935726, -2.153957869391833, 14.99033286799303;
  -7.692435030485323, -1.412336506774162, 14.65423298151402;
  -8.021513879065008, -2.121817499481717, 15.28735255628572;
  -7.967524870754659, -1.923518279446588, 15.19190852074581;
  -7.902876672805593, -1.759156570028728, 15.08715425507471;
  -7.866807552431012, -1.379986444231071, 15.07394138100551;
  -8.222243685783766, -1.894621787603515, 15.81121449080502;
  -11.52988201267721, 0.1300362772056763, 21.78102927380425;
  -5.396929755410659, 1.724777619611354, 10.77839256562195;
  -7.824361889977881, -1.964081144398434, 15.24050640888592;
  -7.590276788887531, -2.128242028475522, 14.91411142158901;
  -7.790837954555684, -1.717936928463957, 15.27669042896827;
