m=[-36.43930036234603, -9.938404498916595, 44.7604543505134;
  -41.73085783016635, -1.738801285272362, 51.40228102936833;
  -39.79811995116299, -8.623218572532188, 49.03436991453503;
  -37.48574795514399, -10.11406393778379, 46.39557549142293;
  -38.31926182884217, -7.884856199589648, 47.43785219964262;
  -40.38800969638781, -2.44605585634614, 49.99666370197177;
  -29.52533847030781, 1.276607444049672, 36.94071882098471;
  -39.44839559317342, -3.062067521408191, 48.96062626334437;
  -39.41841918742473, -1.893997753873495, 48.94334760299614;
  -37.96441281156518, -8.432579365801374, 47.12263349731156;
  -38.73985886545639, -9.977680086981755, 48.05890433571619;
  -38.14206893849228, -9.226915196675904, 47.36224274166057;
  -37.65140032232087, -9.46023934405345, 46.76275149557854;
  -38.56259538465967, -8.92676320555031, 47.93666488933746;
  -37.08760216131254, -10.05833401851295, 46.31122654188017;
  -38.53241143843922, -9.660272848518904, 48.15201448909016;
  -39.08735633759081, -2.837633071615958, 48.95392861588736;
  -37.9119435651168, -8.61934168498383, 47.5793307193526;
  -39.05383888831083, -11.93129634991341, 48.95047764893801;
  -39.28705895705335, -11.49050635777419, 49.25873732275861;
  -38.11192046671655, -3.306289997781569, 47.89728695742252;
  -38.65879496909641, -2.043214376346793, 48.61132622558895;
  -38.1883235880583, -7.924204859202082, 48.03752176189229;
  -26.69572451805149, 2.119519231332344, 34.01235732200619;
  -38.23040021277998, -11.20570071358668, 48.28072572298442;
  -37.30947140466117, -9.745901861618165, 47.13545114439071;
  -38.55934246061547, -8.662792848466658, 48.9515654992356;
  -38.53858182225947, -0.7895149572500743, 49.21984643937304;
  -37.85493836474151, -0.479775060407773, 48.58007660686028;
  -39.83005192448007, -2.251916203092505, 51.06368268398556;
  -37.60601020172458, -9.134117710502807, 48.28232620713215;
  -37.00449496708908, -2.339463373340115, 47.69054907932033;
  -37.82412005786681, -9.905003501481716, 48.72674321299813;
  -26.54007732074516, 1.219668178434701, 34.66670938074551;
  -26.19715227312459, 2.144552315918475, 34.31367903760301;
  -38.30673905240504, -1.46797688485185, 49.75276248729884;
  -36.47231166240424, -9.984555631292814, 47.42801796576208;
  -37.82859540035454, -9.860375251932101, 49.39479815722205;
  -25.68278782645709, 2.031796978945826, 34.14169026603012;
  -37.21526916644471, -9.959715469735086, 49.27439426613233;
  -37.33605777995926, -9.460057700333611, 49.43769570264548;
  -25.69272316695183, 2.231432979373185, 34.53289095834965;
  -36.73699455271948, -10.2312234431813, 49.01800520722898;
  -36.70651910320409, -7.855492346556025, 49.13556836356088;
  -36.02613859772071, -0.4865908425959126, 48.30772772310688;
  -38.08773163872444, -10.28955452298285, 51.13107834166026;
  -37.34970381520822, -8.455765438869229, 50.34386859796397;
  -36.11750305770601, -8.533305863712254, 49.04442251366835;
  -26.03958873734927, 0.7200001476556395, 35.86942884325698;
  -33.21115146979771, -8.594044423293346, 45.40264747401719;
  -28.04226661063019, 0.7340039634895157, 38.64085354503917;
  -36.45491431969929, -7.129153656513424, 50.18095577693979;
  -35.91427028752245, -9.364662805007079, 49.46178688035352;
  -35.4627393371723, -7.00588614662303, 48.90528415957083;
  -37.5202580027168, -8.571243795351734, 51.68076252375754;
  -36.43687989857661, -2.789189943575231, 50.61456466689713;
  -35.57412502040089, -8.969282636855837, 49.67818570323696;
  -36.00464005384895, -11.29390322657078, 50.30517040965412;
  -34.55616948748683, -8.370619787714661, 48.45635329093945;
  -22.25502807442365, 4.602823354494642, 31.71807854194808;
  -35.40272856808477, -2.436611818246165, 50.08634572801029;
  -35.82774984399901, -1.299110737245638, 50.6869293910189;
  -34.90759353500671, -7.762410103307402, 49.36438833357514;
  -22.05585755658575, 4.475276236342591, 31.72978265585555;
  -36.8406011279002, -8.596840256505136, 52.31178505026485;
  -36.07999697901241, -8.620167862998473, 51.37201491164128;
  -36.06571402954695, -8.827791578418117, 51.47091100047659;
  -34.32975354112323, -9.701959338802295, 49.03878688804193;
  -37.36966697921377, -10.26529912403651, 53.4636589767875;
  -35.07765638848272, -7.993863039536468, 50.38989655374045;
  -34.86416972853315, -1.786535911742651, 50.2225741464862;
  -34.23376831613817, -10.32506829462909, 49.28067611778619;
  -24.94264836986297, 0.3062368311329364, 36.32376026846345;
  -34.27601208742252, -6.926812367911323, 49.45565632787705;
  -34.54598021655351, -7.485392042538794, 49.88428954799073;
  -20.73382648793548, 4.633848951499988, 30.48168571632416;
  -28.12884256130547, 0.3613446179053203, 40.93858595374827;
  -33.21419362557433, -5.093689594908816, 48.10530381055779;
  -32.85370349841067, -7.348357814068335, 47.80218423776743;
  -24.22287626316936, 3.704890192941157, 35.64500282752042;
  -34.3576725863002, -5.766542974259951, 50.0327971027443;
  -34.4343923125704, -7.172092900130412, 50.38976290555964;
  -35.68322039294055, -7.786795003775941, 52.22604238801281;
  -33.90741660282124, -11.29953576383673, 49.74633368887521;
  -24.36622545924326, 3.575732556036835, 36.26325201993866;
  -25.26846516048456, 0.6603637218319693, 37.6792936580736;
  -26.03086171085425, 0.33315345536503, 38.79614665922379;
  -33.90770824639291, -5.765844750550556, 50.4402212810825;
  -34.20029456031889, -10.49073387486523, 50.88623449855007;
  -34.04769258454628, -6.590834347247311, 50.79685992590573;
  -33.22965720802258, -6.152401208781854, 49.61112864684257;
  -25.73424570970358, 0.4846282599309876, 38.71568354471587;
  -33.68590268459391, -6.928401791102613, 50.39338935271329;
  -34.21156068157155, -11.11207371995427, 51.1824465918098;
  -34.448089585991, -4.307479551874894, 51.63798176429484;
  -33.70977211977641, -4.241000340872796, 50.92225633906805;
  -32.72618501138972, -6.766964906075785, 49.59473518122427;
  -33.80001685641278, -6.180274995264496, 51.23466143189488;
  -32.35559354934849, -6.395966626693186, 49.10555388900587;
  -34.32264917157772, -3.292458023506719, 52.09291395616837;
  -31.64066382730418, -8.615978971047047, 48.07427274459948;
  -33.98451090822434, -3.571334929637034, 51.61204626698114;
  -25.48474566484743, 0.6054651962897037, 39.0035530024709;
  -33.56163295447313, -10.70857966805615, 51.03309936647825;
  -33.05692234366299, -5.707854769066186, 50.35074323162304;
  -33.76355134478666, -12.47689508947813, 51.4261958735478;
  -32.68607463776681, -4.503372169113431, 50.13015431975882;
  -32.99335896659678, -4.121488440597902, 50.63368704862929;
  -32.70120978534806, -6.055572346314568, 50.31740820738366;
  -34.21806526293995, -5.014744374313483, 52.63730580298066;
  -26.6554605575345, -0.03224397104681304, 41.35703902259624;
  -33.15764913264002, -11.11360262340503, 51.36531227818885;
  -33.00185643408454, -5.835002747408507, 51.26216444545131;
  -25.16515002166777, 0.5251375733043292, 39.40583019753533;
  -20.93734177532665, 4.610667622447776, 33.24104176712162;
  -32.49189402298885, -11.40441789531212, 50.88170461976978;
  -33.39290006694067, -5.011210001834088, 52.45547183823914;
  -32.32466435636342, -5.27385499610063, 50.92536666170038;
  -32.8253734896667, -4.013621299969298, 51.73922644461495;
  -31.092902138407, -8.903823408033421, 49.45994426064581;
  -32.32608216363343, -1.309257501869853, 51.60301558723229;
  -31.55137721478048, -4.590392626084145, 50.43967789431945;
  -31.86508593796447, -7.994168497029771, 50.94553516610711;
  -32.47548834321816, -7.020465088896654, 51.93537751224491;
  -31.97339589326003, -5.735938458348093, 51.20887562826569;
  -28.6012170431891, -0.2781115091736831, 46.12975825144421;
  -31.53558164847128, -9.657184201636479, 50.73207277514555;
  -31.68577234257733, -0.8653645683736621, 51.07612427923139;
  -31.62186304789136, -6.476235083724709, 51.07250865497625;
  -32.58514589130247, -6.286404606023905, 52.59463686833571;
  -31.17920748546905, -7.645762621562382, 50.45708108926052;
