m=[-30.39115760671425, -2.209151668777269, 37.99265935321144;
  -30.04564961733308, -1.57607372368444, 37.71707656134752;
  -29.51992217687191, -6.117421985886692, 37.0648705790541;
  -29.84776442888938, -7.779315804326557, 37.45081315319438;
  -29.19970517765001, -8.555150770683499, 36.82755915102209;
  -27.77597289573537, -7.815230124563438, 35.24860021698634;
  -29.92738529498079, -0.5989654262876432, 38.15906746727762;
  -29.27231474603538, -0.3685429348765874, 37.5023911819787;
  -29.42047479501856, -7.135545203084586, 37.70185874513227;
  -29.08918953433441, -1.832245783824139, 37.41589149806817;
  -28.94380532454662, -7.572628929213601, 37.2170092220519;
  -19.85468990050547, 1.574837036719169, 26.32685042029913;
  -19.55760281706934, 1.699223694739778, 26.22880341488472;
  -28.4408355742953, -7.196824105815441, 37.60754828289669;
  -28.86688833831984, -7.720567715844697, 38.16136057812057;
  -28.71650144373734, -7.989160591411207, 38.24853347268103;
  -28.59393816361526, -6.104704029069914, 38.20489322514973;
  -28.49878446383084, -7.687241969448543, 38.20385746160915;
  -28.94426889354645, -6.542236820586616, 38.95615366281811;
  -27.91878088196196, -7.519621837873508, 37.83085480474907;
  -28.38209747237737, -6.69906354980139, 38.47096727575385;
  -19.85163139678863, 0.5565921884285692, 27.28379848903981;
  -29.15056706486224, -7.549820428568014, 39.75538197405516;
  -16.99770293068389, 3.657918542568105, 23.84348957811241;
  -27.96614032649876, -7.283000887683685, 38.45337856877868;
  -28.62921522934134, -6.531329083343858, 39.37035057359765;
  -27.77669246445369, -5.476045193193897, 38.24106766299247;
  -27.78294426002413, -1.379573881291912, 38.72258572085735;
  -27.84890875135336, -8.720041122858989, 38.84481529059487;
  -27.78822088657774, -6.718824566378069, 38.90192908341846;
  -16.87623604790056, 3.426539088550882, 24.21023513831647;
  -27.85351960589868, -6.863565259114924, 39.21707358971639;
  -27.48812292665207, -0.988540925817914, 38.82034627571015;
  -27.34070814073736, -1.857245817222342, 38.61040028770463;
  -28.01998920355556, -6.221894251218219, 39.55061223920167;
  -27.07050901963193, -6.296636062033747, 38.40120729722653;
  -26.79797971680022, -6.854228625372449, 38.06571540064487;
  -27.49827813851159, -6.56224826205126, 39.09370427453948;
  -26.82368482551536, -6.557419937255663, 38.21858157446545;
  -26.69408990341883, -5.20874895615724, 38.27928399250042;
  -27.01198294525183, -6.147288559459142, 38.74860211425057;
  -27.05109935651558, -5.104675673430138, 38.82765832170907;
  -19.17385123658804, 0.2418304807036848, 27.85656910249639;
  -26.87230748947126, -1.371093215396746, 38.64465724167181;
  -16.46740102170778, 3.681367406171005, 24.12600866939929;
  -26.70997264781723, -8.043844139365254, 38.38770369472563;
  -26.58149611825757, -5.360303004928133, 38.295181218468;
  -27.08228207081156, -5.649583283025806, 39.0857005462081;
  -25.97875331579834, -3.981564925214026, 37.55432267443249;
  -18.7019174119132, 2.865387526274756, 27.44598939949486;
  -26.66373030087361, -4.466802838734485, 38.76440699478302;
  -27.17739982663713, -6.308725087087088, 39.66579352689356;
  -26.83107344379392, -5.581407422833227, 39.19356794843235;
  -27.52907984859392, -0.9805528039357141, 40.27000709378883;
  -27.32683742267259, -7.664562551258325, 39.95994848646885;
  -18.66140791418623, 2.744263608768605, 27.70984038955855;
  -26.4571569561641, -8.818657444201952, 38.75270469711135;
  -25.14887253388132, -1.780598557155642, 37.14966341933294;
  -26.09564244678924, -5.30132089815139, 38.61631627219929;
  -25.90355685755474, -4.39539419438203, 38.47330351922409;
  -19.52276825838987, 0.3739506767738598, 29.30812222893636;
  -26.61765431356208, -8.155083005839016, 39.53596155993495;
  -25.89743524712072, -5.008446343623865, 38.58739746923065;
  -25.3777174531225, -4.693133288155207, 37.83674147441423;
  -26.01846203307921, -5.336351354101728, 38.85873231368542;
  -26.67296674806318, -8.653812000890008, 39.839005651674;
  -26.44348560237515, -3.799734439423125, 39.56925452425406;
  -25.44543640011036, -4.899427758787832, 38.34241292458039;
  -25.9161877831469, -3.24983189422319, 39.08449453088003;
  -17.98068505800082, 3.15049377918965, 27.49934200783483;
  -25.34518717086671, -5.232600579317953, 38.32967970596331;
  -19.7726232071337, 0.4773567734425749, 30.18921360121802;
  -25.55381468330858, -4.662184247022085, 38.67668420176027;
  -26.59031290812188, -2.545685963299238, 40.26328797520754;
  -25.5126850566715, -5.033762787720576, 38.65679022139848;
  -26.34642663997428, -2.758956531987746, 39.93029327609852;
  -26.09517971598309, -7.086032112611633, 39.60406696686721;
  -25.18087508368245, -4.337387548499089, 38.28769811457562;
  -25.92886303248859, -9.568727140721219, 39.43047096654286;
  -26.14542838210455, -4.936226352250272, 39.79573937103343;
  -25.40404601089565, -3.491619372281509, 38.89752230331307;
  -25.05031118148643, -3.118725969885449, 38.39108988528305;
  -19.96207576358023, -0.01548591885164891, 30.9120934601175;
  -25.58644680074549, -3.741842329559757, 39.30051205468857;
  -19.17196525739126, 0.4113925996277857, 29.95847379423103;
  -25.66827992022003, -7.137198392391294, 39.69026902874986;
  -25.4957547099181, -8.530818719842619, 39.42777427560591;
  -25.25108408478091, -4.45573636593332, 39.16146026844312;
  -15.26751208389286, 3.365816662453027, 24.18822280678689;
  -25.00093289410861, -8.767652039078071, 39.07209670858644;
  -25.01392756879505, -4.071871612129391, 39.34276020965415;
  -24.44547793806978, -6.990444281726729, 38.80492061223252;
  -24.9917295870561, -1.007144168722063, 39.82611282767471;
  -24.22661920376142, -3.504081172641109, 38.66105673775056;
  -25.1723686165006, -5.426824881574358, 40.143231001004;
  -24.6258769644924, -6.17192338284474, 39.30781055139428;
  -15.16977288291655, 3.602874998581689, 24.70397078932293;
  -24.23230310385564, -4.338699860875204, 38.75225181448065;
  -23.81514658786373, -7.297029548787884, 38.25398055463262;
  -15.51056700076937, 3.809552795602298, 25.34957483061471;
  -24.11376835871507, -0.6510081285312565, 38.81202326322951;
  -14.95668519090519, 3.469113715193656, 24.5249645844757;
  -23.78991501625315, -4.582393381969723, 38.36715898810144;
  -23.97236423266124, -7.579618764149815, 38.69381684999004;
  -23.94307911075485, -5.031290093874875, 38.6730597232642;
  -24.04287702537972, -5.89931101361594, 38.85345367647393;
  -20.30742286477705, 0.6465258192753237, 33.07314060227157;
  -23.77636891418232, -5.193760845926575, 38.492296111258;
  -24.33958614201301, -6.207165396041564, 39.38794867328291;
  -23.46385381875401, -7.833831465110047, 38.103166070783;
  -23.86548103438163, -8.713916254272808, 38.7736197062555;
  -23.20343038021056, -2.614747837365127, 38.68516900344538;
  -14.76027375281621, 3.533347854741467, 25.82686579111668;
  -19.07634404941307, 2.445709711000241, 33.27560282021061;
  -18.89003666347999, 2.060225335024978, 33.30120820900834;
  -15.7248214343153, 3.372661029914888, 28.08888255648151;
  -20.59756093045471, -0.4968329318060468, 36.79427045818948;
  -18.90930081870138, 2.916980754658419, 33.93673766152927;
  -19.07446418822098, 2.678774018410462, 34.24341435782976;
  -13.51085387871137, 3.54060357507429, 24.74149048823141;
  -21.10809622155176, 1.16759546651719, 38.1048544034819;
  -21.01661287090611, -0.85340591473159, 38.95542232250723;
  -13.2669520596692, 3.501492271219423, 25.15068587296299;
  -20.97202011474934, -1.516759271293108, 39.20620089807759;
  -21.12177036225773, -2.235223844833188, 39.6062355068005;
  -20.80646583732571, 2.937324104324461, 39.51002900520536;
  -20.26407595845296, 1.209279108176777, 38.69470066793534;
  -20.51068260371373, 2.581830065538001, 39.25219418402795;
  -19.54367503437297, 2.914226778911955, 37.63253324808514;
  -12.92099789463128, 3.667759886712169, 25.43615926328477;
  -20.1674059403114, 2.809445953280874, 39.37656553867148;
  -17.10749380032591, 3.152190757091037, 33.62028800255113;
