m=[-23.3784695421612, -0.2660526263531786, 29.88545913192396;
  -23.26467254948034, -0.8619705249775388, 30.09099460157874;
  -15.88814564407327, 1.278911450719692, 21.00119621762064;
  -14.33179661929806, 2.96240692275531, 19.07364174389079;
  -22.66667862349566, -6.61751965229547, 29.48276895850729;
  -23.45496918532105, -6.073706978652425, 30.51734069674916;
  -23.14253735988689, -6.159840732476549, 30.53394848239281;
  -23.15658072766304, -6.411649939699275, 30.78406860118618;
  -22.78705045961342, -4.84012017331283, 30.38985508793481;
  -22.73820005846378, -5.113059819522457, 30.54193496864634;
  -22.92319387146592, -6.148376601332908, 30.98821114145831;
  -22.84573850808987, -5.365751505324543, 30.90219299433482;
  -21.91133516486137, -5.626953838082003, 29.85667804388872;
  -22.51501449752446, -5.109368406450829, 30.89800161996553;
  -22.42664823132864, -4.393357270702801, 30.81124875082299;
  -22.88941299305766, -5.738768448108353, 31.51391129637757;
  -22.47049237306812, -1.687340726046389, 31.08750883462592;
  -13.5546796732572, 2.82540532640893, 19.20267988639092;
  -12.91767396936719, 2.853984838214247, 18.36327203123944;
  -22.32038497761224, -6.953480586565403, 31.06771570821023;
  -13.47237875389312, 2.753263194276308, 19.2591163765076;
  -21.97746044299787, -0.7586976732512182, 30.97640964527341;
  -21.96223216021213, -1.470552597996667, 30.95098039872492;
  -22.11400172855652, -4.881480577266113, 31.14506979314697;
  -21.56251877319351, -6.308661368436589, 30.48358628442551;
  -21.96667735906788, -5.078039139102327, 31.10328430601694;
  -22.9746632820066, -5.841224865753297, 32.54019457696344;
  -22.14350372643198, -5.253298882153164, 31.42703570528174;
  -21.62951962619517, -6.075670058682504, 30.77834674595941;
  -12.98457766342628, 2.920860045871273, 18.9649297695201;
  -15.36946840458965, 0.2106041401048562, 22.25772812492757;
  -21.63697895409871, -4.192622479239784, 30.96543570075795;
  -21.82125568994427, -4.93860589438348, 31.22490110901119;
  -21.57149026624342, -1.071846098547724, 30.95678481276576;
  -21.63453668971736, -6.494638380525927, 31.02963832851736;
  -21.38574364374754, -4.283617271255339, 30.75470744175327;
  -21.26344801039334, -4.572804176867288, 30.58599319625795;
  -14.83976271082425, 2.2910586359805, 21.7091503077201;
  -21.48420783039871, -4.453750727974207, 30.94996586329057;
  -20.27264031379484, -4.684421050401451, 29.5599591810488;
  -14.83516900093382, 2.200937168606324, 21.96049553358828;
  -21.06347796121274, -4.557876236038757, 30.71340640247417;
  -21.27919715915191, -0.7406457060092007, 31.08753180002666;
  -15.47799917705958, 0.4253846946215341, 22.95614249142991;
  -21.06725138284036, -6.985849845667912, 30.80437586813742;
  -15.87334473858515, 0.2276840513244604, 23.53991933262076;
  -21.19607940538598, -3.92796536931729, 31.11034356340245;
  -22.02541228127324, -1.564082651128054, 32.41700854755196;
  -20.95380478342538, -4.226912026508739, 30.94304109736177;
  -15.68742221640246, 0.3203208675664176, 23.48698033530435;
  -20.68054501776383, -3.482243759749698, 30.65374147901555;
  -21.29078288420542, -6.49199317222894, 31.56355433425863;
  -21.01702449297444, -4.033386278510344, 31.24463974976459;
  -20.90226189074397, -3.833928928362805, 31.08470786106294;
  -20.74044839867545, -4.227554871078968, 30.90655827433177;
  -20.6545937871276, -6.665678701836344, 30.79638622648259;
  -20.8762422651137, -2.572029958281238, 31.17995705778293;
  -21.05692800545776, -2.99725239844802, 31.44495948244446;
  -13.42393771078664, 2.35714262020421, 20.50347365944444;
  -20.76439391898956, -2.685202401530873, 31.21034621798221;
  -15.85804591863262, 0.4019261040588165, 24.14547096843641;
  -20.61238178897607, -4.221833563226397, 31.10157646001775;
  -20.43085278963144, -3.697827986569564, 30.85732337482553;
  -20.68215041447827, -2.134248217770423, 31.294903561761;
  -21.55545318187348, -2.031223126518498, 32.58083582382916;
  -20.59533546536843, -3.519227272525833, 31.24695657181738;
  -20.43475295768519, -6.487227746810231, 30.98493654021556;
  -20.54487828780541, -7.546698117205705, 31.18348198470409;
  -20.50972661343173, -2.79230241286138, 31.33185466958555;
  -20.80657346376425, -2.55546565412107, 31.79574559292993;
  -20.70462151015309, -3.000000569319523, 31.72504861382388;
  -20.40878722244219, -3.744639042131744, 31.28179499661466;
  -15.26898165637131, 0.3478794622535372, 23.79438691193519;
  -20.42521468271276, -6.809502351895252, 31.52897894653657;
  -19.93064643128437, -3.490808082097316, 30.85504243462514;
  -19.66657519741731, -6.863455571550689, 30.69212593711294;
  -19.26544699591198, -2.855460719137239, 30.17259898678504;
  -20.04711738491296, -3.235293602415069, 31.46721487047279;
  -20.41543596953268, -2.464437699675251, 32.0483738058709;
  -15.02496858756594, 0.4312362970566159, 24.00867742350055;
  -19.83157158528321, -5.63923959606117, 31.40590969259553;
  -11.93946916409905, 2.853598755899748, 19.38034314875933;
  -19.88378521761049, -0.7709149588621073, 31.62200302769813;
  -12.01985187132959, 2.970396007316729, 19.58546293480478;
  -19.72056717489172, -2.833298303544854, 31.40402858250415;
  -19.50657960087937, -4.857888466484893, 31.07746649970095;
  -19.52102300807406, -3.464181967491752, 31.15275369799321;
  -12.20103599878276, 2.761246702368708, 19.9136845972506;
  -19.33239296162437, -5.899412226963377, 30.98062180862398;
  -19.46452053392545, -0.4981798614659116, 31.25758381268105;
  -19.4106553032649, -3.710520497242304, 31.22697762472981;
  -19.30638469601736, -3.920094150805701, 31.07491459857458;
  -19.11766768549108, -6.015939980219105, 30.79678059738752;
  -19.28338859536747, -4.025801752604787, 31.08427768182083;
  -16.33047457802364, 0.5416134609748754, 26.52145816079581;
  -19.33144733877013, -5.453488658011985, 31.20253305808062;
  -19.21999215058088, -4.866551972483813, 31.04389140955323;
  -19.31714033239565, -4.201440299897249, 31.20523210675437;
  -11.70927461270357, 2.99068541754633, 19.74854026874059;
  -11.67912320915947, 2.814411194004879, 20.37238286670587;
  -15.21363065680554, 1.973246455156841, 26.46565446486164;
  -10.95955435136701, 2.924246516055868, 19.56009051063594;
  -15.33047260238225, 1.691065713423963, 26.94651971299261;
  -14.99687622159677, 2.033329611568086, 26.64089654230558;
  -15.23938828679916, 2.378159497145955, 27.2788039129476;
  -15.3191715441767, 2.171315772172964, 27.43158697339493;
  -15.450166504267, 1.953058821179411, 27.66264919313147;
  -11.10238392373181, 2.926215997222713, 20.23909428499222;
  -16.82479670150779, -1.382003084184565, 30.12274206459067;
  -17.46580570275555, 1.000585004238398, 31.45794792407342;
  -15.81779637432533, 1.984621797611847, 28.93516403812313;
  -16.9387034655094, -0.6584830343520887, 31.32188630481623;
  -16.83206933669998, -1.185809302383315, 31.39991882698788;
  -16.73600207374104, 2.390909844101426, 31.70998742392957;
  -16.39302360451859, 1.524441388683604, 31.21810677208676;
  -16.23749573852696, 2.064039798001474, 31.01419626995356;
  -15.57975978443552, 2.351756545236896, 29.93189561131931;
  -10.28155060765829, 2.93367589263711, 20.16554198105434;
  -15.41977066150097, 2.184656023849123, 31.14700119461282;
  -15.56465569612621, 1.10066501355867, 31.478120164648;
  -15.3214438317425, 2.286957513905296, 31.33538507324433;
  -13.21120199897163, 2.646298817981396, 27.30512241485616;
  -10.25026101631723, 2.830014222260219, 21.62286716221314;
  -15.57709118781855, 2.373697599877407, 32.31821851221114;
  -15.7590365062007, 1.117884429633534, 32.72021638096968;
  -10.48596606930564, 2.809427501501683, 22.29434492591937;
  -15.09439457278309, 2.4288141970456, 31.97222663233449;
  -10.34124159430307, 2.85719721561735, 22.3083774540233;
  -14.52836998720597, 1.076457834502052, 31.14936950329058;
  -14.7147281913959, 2.535690443975585, 31.65601402838173;
  -14.89143302168638, 2.460828648647997, 32.23586545511943;
  -10.15925073639805, 2.776971379306074, 22.34444703734354;
