m=[-4.470862372762063, -0.9683536014328706, 6.873150108723052;
  -4.323531455098546, -1.029535240526018, 6.695851023743802;
  -4.432132273857941, -0.7889344449371266, 6.879688101412087;
  -2.667669069041611, 0.569317823562323, 4.554092891750125;
  -4.28814185855377, -0.9057141523591176, 6.752480461706868;
  -4.158367933753842, -0.9428356824256583, 6.620130703481987;
  -4.289496130009222, -0.7740390525063787, 6.845961107966528;
  -4.308045937599082, -0.6935277341969757, 6.944335013615776;
  -4.210772575100244, -0.7934167215464457, 6.84437441528236;
  -4.138781548892172, -0.826928028419864, 6.800711076191228;
  -4.152560389877324, -1.175928458291001, 6.881655774295373;
  -5.870138575368963, -0.04809231923640851, 9.34171741884958;
  -4.159073337333115, -0.5123083155215366, 6.928708175333879;
  -4.100966320406398, -0.5094438050297501, 6.863703483468373;
  -4.127943826411264, -0.5837088775971289, 6.920104111954605;
  -4.114735524301471, -0.5166727990489058, 6.963596557647259;
  -4.150320423189132, -0.4366838341961605, 7.023317553713233;
  -4.155073682529565, -0.4709819339566266, 7.0459849129414;
  -5.795038842322868, -0.1538271905111774, 9.580165288733312;
  -4.002643286073029, -0.7435168142426745, 7.104786100128515;
  -4.010394552994957, -0.9066869581926252, 7.148805630641951;
  -4.022035172074948, -0.7202877423906835, 7.197163501332472;
  -3.969283142943695, -0.6987951180743641, 7.211371853737408;
  -3.890126318497507, -0.8722116547136429, 7.129080320500847;
  -3.995615961288982, -1.124008520558832, 7.319599827796174;
  -3.918359624871898, -0.7169511712643626, 7.228558533850977;
  -3.92952212575506, -0.7627256097911466, 7.30155947304724;
  -3.924774515197593, -0.821065254999802, 7.310007186553395;
  -3.878207652402392, -0.7763227160808869, 7.253418484097997;
  -3.885025259032355, -0.8023454106182675, 7.312268859579967;
  -3.890541626448985, -0.8384111486551368, 7.35968914852418;
  -3.949629777937397, -0.9566424421496874, 7.488863471273477;
  -3.847601844321155, -0.8719377337040919, 7.329818574080133;
  -3.793395615329761, -0.8762077173199961, 7.31372331751153;
  -3.582501689220281, -1.393605448881768, 7.001126517972318;
  -3.869817690941836, -0.9427849376794639, 7.486129101336603;
  -5.831432300931851, -0.4507870217731106, 10.82229112392298;
  -3.486815177749923, -1.409349953094301, 6.927467382928649;
  -5.904186610948331, -0.7841037192646114, 11.01738138076303;
  -5.832711005944477, 0.04089509441046491, 10.88964377448982;
  -5.893580415039795, -0.7142082734946911, 11.04757272876099;
  -3.849373025724244, -0.982423371323318, 7.574550996654351;
  -5.87565410086906, -0.8855831818934518, 11.05127216923778;
  -6.089313867988045, -0.5721287451463976, 11.53569801821554;
  -5.90108537557199, -0.6503837995829558, 11.24200924018048;
  -5.918576677803121, -0.7230956218349317, 11.29131243254214;
  -5.870959541227157, -0.6728568233409837, 11.28561107460907;
  -5.754435534791783, -0.8601754173652535, 11.08608894886028;
  -5.913575886026504, -0.7817957244041723, 11.37607937960965;
  -5.889605836546011, -0.5775921805734704, 11.34962345802068;
  -5.917984101200644, -0.8245766360525236, 11.4024840587737;
  -3.172663091974184, 0.8265918873971262, 6.568762227284405;
  -5.945402487454881, -0.4294412273145519, 11.46769897000239;
  -5.877269615709165, -0.6530858814351592, 11.39440210434965;
  -5.89678177749143, -0.5249009254012577, 11.42763011250855;
  -5.910949563542014, -0.4814152593337628, 11.48678294059492;
  -5.903433549440056, -0.5684046386059791, 11.48507878107266;
  -5.871338008584717, -0.6215277193040717, 11.4497610060093;
  -3.019095381598967, 0.9506239098092422, 6.49064950600399;
  -3.697900019214248, -1.4388716396516, 7.792057295385826;
  -5.812417365967747, -0.6073693603143686, 11.69009746351295;
  -2.907173451533172, 0.8439065765170222, 6.349769268743813;
  -2.275749384502347, 0.8937794823060143, 5.187270733091311;
  -2.719645027187796, 0.6432201985602949, 6.012736599231574;
  -5.837384854732283, -0.2864857020431906, 12.09707787785541;
  -5.832422512393684, -0.6143895731758553, 12.19438708185909;
  -5.789266718161934, -0.3319414430160234, 12.11397528334452;
  -5.922749974933224, -0.7609395110413645, 12.38300678063461;
  -5.677936264947765, 0.0436106688094294, 11.95862698497279;
  -5.776450113467135, -0.663056011433278, 12.17897101687569;
  -5.649887838571932, -0.8660906394450317, 11.95422471891074;
  -5.780525517795648, -0.005545241799302909, 12.20298944573898;
  -5.836767656217666, -0.8947380861534737, 12.34963138881214;
  -5.83268694502038, -0.3592608270753183, 12.34304614974932;
  -5.967258884888337, -1.517502184260654, 12.64714181689155;
  -5.752544230472606, 0.09872641586024615, 12.28307010745405;
  -5.804063540125098, -0.2065268781110782, 12.44242408372296;
  -5.693243754902279, 0.04961057547060868, 12.22993245203383;
  -5.825351300937474, -0.4798776464822696, 12.59062011636817;
  -2.805476794739648, 0.7673059514787072, 6.729636338964972;
  -2.763994961941038, 0.8086075462969311, 6.665201862828457;
  -5.298057239567341, -1.913167555492005, 12.00733396281064;
  -2.741524029536921, 0.8368636280957921, 6.67664901933729;
  -5.317345134657154, -2.047884050708594, 12.06010391680434;
  -5.289307064845923, -1.81220924703254, 12.04272780595819;
  -5.43502987741058, -1.494011012345205, 12.35880664058896;
  -2.715302936133881, 0.8011667791706603, 6.657075323144309;
  -2.689136025585712, 0.8186226669736891, 6.652725616231948;
  -5.318013667738723, -1.993263962851713, 12.24856905163447;
  -2.738940987503305, 0.7609520015442209, 6.786618140481462;
  -5.394483456967333, -1.916196128740572, 12.46742974076499;
  -5.704330815689018, -0.01181558979435672, 13.17593288023435;
  -2.619055709672414, 0.7635253953318056, 6.610680548049228;
  -2.641441209664559, 0.8453240425217876, 6.687395784106851;
  -2.591940779899782, 0.8440214128723048, 6.640522003232144;
  -5.419051405967629, 0.1487362450439918, 13.21212907978967;
  -5.831177593509613, -1.992759464563633, 14.1750722259871;
  -5.736584333162331, -2.058118365715587, 14.04289013630451;
  -5.876847527056192, -0.2127628005489795, 14.35535910820858;
  -5.205489555076648, 0.1058190627218569, 13.036160519691;
  -5.744688308013679, -2.034245151199711, 14.35360509851323;
  -3.636185946125282, 0.3957869411539418, 9.477835794444017;
  -5.746263664012563, -0.1305652918381369, 14.50265523878426;
  -3.503624605706965, 0.3478045972654165, 9.258237308974524;
  -5.853192818028353, -2.1558383568226, 15.06788635551774;
  -3.392681841694221, 0.2557046656413615, 9.169014166554458;
  -5.767060700414566, -0.2357718970880657, 15.00984795283472;
  -5.747550368665787, -2.138425809511516, 14.99939434334739;
  -5.668146583381394, -2.071469632747039, 14.97053615986376;
  -5.617772856049796, -0.9454121345815453, 14.89696604272971;
  -5.461522502790952, -2.411962805053168, 14.64780942416155;
  -2.343178640618321, 0.8164158069988906, 6.870297273093136;
  -3.288566883477051, 0.6107767369837652, 9.370077481562815;
  -5.449605247717199, -2.412097086066526, 14.9249155756634;
  -3.227412346667036, 0.6809135915357585, 9.42037157701308;
  -2.229144141007052, 0.8799736084071664, 6.818803856470003;
  -2.253586265555765, 0.8578075113902974, 6.912914695443655;
  -8.111560175875439, -2.373099287076319, 22.38128192936648;
  -18.02942704753999, -10.13022279650233, 48.61895208291978;
  -3.124178444476016, 0.7515837473307678, 9.336924927178831;
  -3.12110634716927, 0.2155515617210266, 9.399068700425557;
  -3.132114482232728, 0.3722634478451263, 9.430915835831163;
  -8.104317045452643, -3.469224256004801, 22.92588559335229;
  -7.958284994362451, -3.594559798186949, 22.61005086437068;
  -4.630842605861544, -0.3598895207510477, 13.57930219310342;
  -3.088811333223917, 0.6318347062605184, 9.437264888583927;
  -3.066931397380354, 0.7343746636943132, 9.396949317881642;
  -2.325389785034187, 0.8138099955324794, 7.363299501040917;
  -3.083617476278722, 0.6852287872893074, 9.447273556989305;
  -3.13234710145778, 0.2825250438948561, 9.59407449892727;
