m=[-5.679225709035441, 1.077183467195802, 7.811137773704819;
  -11.56203627470219, -0.8969755947475049, 15.25158033001867;
  -5.566676925140393, 1.371659117878242, 7.902899676484287;
  -11.69437735915796, -2.850715886196676, 15.64657546200142;
  -11.64025923100185, -2.934311268987214, 15.59218563506162;
  -11.67668913757849, -1.667983695259113, 15.63430994659125;
  -11.4902192182938, -1.721238297179264, 15.46446662662167;
  -11.70524619509245, -1.140901520216892, 15.75163803878142;
  -11.79698538990551, -2.852873453700726, 15.93782576660612;
  -11.57576107009095, -1.039319610813353, 15.69749627880143;
  -11.53117963181188, -0.9241026202924371, 15.65442615268139;
  -11.60427439363658, -1.219908536452748, 15.78229768313984;
  -11.54374971451962, -1.367381672677569, 15.73656958727182;
  -11.48031848363274, -1.658807548262224, 15.66724762568234;
  -5.47228412602404, 1.374904591883201, 7.995467687858783;
  -11.61945100101876, 0.1180922748810956, 15.88664353997474;
  -11.63460047232846, -0.2093663449027484, 15.90922168456788;
  -5.439407360568792, 0.7941154084697416, 7.971575753596706;
  -5.434488944699482, 1.408170273649407, 7.967128152017525;
  -7.475806277181032, 0.3920591477710824, 10.66265536159411;
  -11.62264954101852, -1.390279857318966, 16.05168555230986;
  -12.01294466756158, -3.808435795952529, 17.29137149944721;
  -12.06147182856114, -0.4081211468255725, 17.43805624934804;
  -5.335119037998159, 1.138322810673578, 8.272779640388865;
  -11.9470029769423, -0.2189745421333851, 17.31080667954791;
  -9.309602786986384, -2.093070971356656, 13.73974319283749;
  -11.69002644619297, -0.6649007489858961, 16.99269041749541;
  -11.87629184890831, -3.534520161313409, 17.28448524368717;
  -11.01103238665606, -1.086545163230062, 16.15382903740474;
  -9.151226945670416, -2.209107898714691, 13.61689874694026;
  -9.040503031277913, -1.970943200669443, 13.47642936789705;
  -11.78938627148761, -3.817280554059971, 17.29665884259472;
  -9.005637300612605, -2.145781777168965, 13.46778141087756;
  -5.357331960313817, 0.9975979479108375, 8.410381736395149;
  -5.357810003380278, 1.103085746555453, 8.418867892776667;
  -5.35836052419246, 1.053592985437366, 8.421425559901989;
  -11.81848890687694, -0.1013936407419115, 17.42938863152952;
  -8.989615325987886, -2.058104238089884, 13.54997177964775;
  -11.56687243690601, -3.767012250884268, 17.212279981456;
  -8.889093496348666, -1.797534501024947, 13.49374962799211;
  -11.88657250520386, -3.230652207148221, 17.7736976819602;
  -8.935022944979252, -2.104336420695299, 13.60216857078677;
  -11.86572205862954, -0.1868614081963732, 17.77508618723672;
  -8.948940371937077, -1.938270050755254, 13.7573929506438;
  -8.69034218284264, -2.134952479400874, 13.43670404917783;
  -8.61749510996396, -2.05202968751532, 13.34591040990685;
  -11.75911746067707, -3.272173913489693, 17.90517940874945;
  -8.667359309319606, -2.174152014301082, 13.47957662253793;
  -8.803903918385123, -1.751142848242232, 13.72065885109759;
  -8.889421502570027, -1.702691910734316, 13.85219632360985;
  -8.652743597810233, -2.068870819462101, 13.53350449656425;
  -8.54444610766069, -1.938131973509976, 13.44137120876871;
  -8.470965172691196, -1.789183589097769, 13.33911719974863;
  -8.391101913787386, -2.042467866517106, 13.2230095388285;
  -6.651420679244432, 0.4555000185798331, 10.70572002903224;
  -8.190669945110283, -1.857088167821208, 13.039564187088;
  -8.506940082960737, -1.643811414416816, 13.5064371140003;
  -11.90921486361425, -0.09507207231517117, 18.49584551923429;
  -9.360339689046931, 0.2587216601700345, 14.82638479819017;
  -8.530385695385883, -1.539307056364278, 13.61434698542092;
  -8.339448944641012, -1.705793030831181, 13.35674321953727;
  -8.460480141615891, -2.39322848507603, 13.58236785300565;
  -8.384644297692303, -1.685298036263703, 13.50805452509455;
  -8.571263948660006, -2.879334848900316, 13.8133689061897;
  -8.363073842112849, -2.872465036204294, 13.54834459378345;
  -8.408198557039954, -1.520368354601649, 13.62295595390681;
  -8.229876080113209, -1.550718112117818, 13.37720151802075;
  -8.664153991215757, -0.3021469910412125, 14.10090966963723;
  -8.606116907784916, -0.5884253429398466, 14.0364869753883;
  -8.622608416666617, -0.5108414338053976, 14.06470206687803;
  -8.374523883844038, -2.382055737679953, 13.70077292588678;
  -8.423519928744993, -1.52211387374944, 13.78829503379109;
  -8.473153378121207, -2.065377699160178, 13.89038167474684;
  -8.254678082117801, -2.473421319816575, 13.57009002766186;
  -8.30617292273317, -1.659572296235041, 13.64843288515946;
  -8.284620880695938, -1.327961192654503, 13.61504746178081;
  -8.891690644958374, -1.259138718504403, 14.58899866116077;
  -8.26071244474954, -2.398510515251805, 13.65611963892108;
  -8.105613908213822, -2.976432759888127, 13.4356207478504;
  -8.557604543501411, -1.095975937710109, 14.12861692581454;
  -8.445292915206011, -2.333134239035391, 13.96885528115886;
  -5.414557181744855, 0.8628169812264647, 9.313173016277599;
  -8.58064087146243, -0.2277699794525221, 14.18522982650455;
  -8.044396269291722, -2.941157524668374, 13.38058012683075;
  -8.45968057508327, 0.215107765700335, 14.00155126794719;
  -8.4325648913936, -1.846328762207912, 14.01968301610268;
  -8.326055069574062, -1.025590775075914, 13.87059115091949;
  -8.351079104196407, -0.7294310591690786, 13.95089311699068;
  -8.501190534590617, -0.7991288529744247, 14.18596910842573;
  -8.253220931809953, -1.025258913815166, 13.81324713095532;
  -8.290520955115181, -1.172315051974166, 13.89826765196454;
  -8.14097284933046, -2.278565186922071, 13.67884944322972;
  -8.065013893711818, -2.324352304538289, 13.5611851311029;
  -5.346383383586441, 1.142895302409803, 9.318024456302723;
  -8.189290258180805, -1.028300238236213, 13.85919292130522;
  -5.821930566469893, 1.810143970899543, 10.13984033648404;
  -8.339258266976515, -0.8774308735365283, 14.111984858846;
  -8.139937304433326, -2.320940683118649, 13.80577481592795;
  -8.281808530942, -0.9387516315202664, 14.04391412028143;
  -5.910028076991617, 1.741452688345861, 10.30600479026103;
  -8.173891789153446, -1.711279288609861, 13.9056383781829;
  -8.073086459082063, -1.502035975741759, 13.77805462621433;
  -5.639809837138514, 1.756207899279061, 9.953718133942662;
  -8.382562840449142, -1.82206820027222, 14.38487730499362;
  -8.092387054164643, -1.843750079693889, 13.92592971134102;
  -7.839155041003198, -2.93128558001806, 13.54986250732425;
  -8.269271560897579, -2.715102205647243, 14.25490437555841;
  -8.080935304570755, 0.2051176921204714, 13.98393252859152;
  -7.657408122825904, -2.971379418113317, 13.34266354912652;
  -4.641646455621302, 1.77371152695665, 8.463238981843128;
  -8.145578729756569, -0.6696255577555358, 14.12842441078389;
  -4.843944774098543, 1.764592962560238, 8.801602626510215;
  -8.272688355539033, -1.563655958371423, 14.36432354147385;
  -8.286123313413201, -1.554814651820813, 14.38718794614025;
  -4.98879556395664, 1.781693660328443, 9.047989681859491;
  -7.983833197242182, -3.020694677065075, 13.95783645958208;
  -8.214663070278442, -1.313994478861864, 14.32990127421178;
  -8.098113473398074, -1.973150406971166, 14.19204821345884;
  -4.624084018264681, 1.83265216837051, 8.526618505998632;
  -8.058621910727664, -1.590210144160524, 14.14545984462999;
  -8.103199276279142, -1.667547961323028, 14.24856424218082;
  -4.671993184031567, 1.78445901971635, 8.647263682862997;
  -7.912489418533926, -2.35358763254459, 13.98551693086459;
  -7.660722017895011, -3.002378849883212, 13.659342777601;
  -8.031103890903429, -1.81570592657379, 14.315998078714;
  -8.024263566832357, -1.576090557824298, 14.31205501392903;
  -7.997597592863822, -1.372906697715613, 14.31484977513873;
  -8.029861261335158, -1.438030845626263, 14.36890079731208;
  -7.670964124349088, -2.556998136659387, 13.81873798021159;
  -7.580317482042372, -3.068343287426341, 13.69608778113797;
  -8.092237441450283, -2.134678081313686, 14.60119595005127;
