m=[-69.85539513386129, -16.98651514975501, 85.07735061180365;
  -74.30158388693378, -14.71205632030097, 90.97782614226775;
  -78.29071105577035, -4.104755187556309, 95.80645391434618;
  -58.34809634989599, 1.773801351254992, 71.71296028438187;
  -60.96099897435949, 3.102836273256391, 75.0702200849808;
  -81.00889524660502, -5.677637525214628, 99.34253678591129;
  -74.20436560479992, -15.88619258758264, 91.03633391416088;
  -75.0929910648572, -18.73407898321508, 92.11280238855109;
  -76.00218065803627, -18.50032864744974, 93.27543511217664;
  -74.40941175409603, -15.52048123804654, 91.36833838395043;
  -76.07507578585687, -16.98381032498872, 93.48200346629297;
  -65.21727395305011, -0.05041864954598991, 80.43039336961361;
  -75.35643012754065, -18.2829762526854, 93.1042853964277;
  -87.92199642332743, -5.76433626721174, 108.7695233357845;
  -77.12925099591926, -16.91150348544121, 95.64973293702505;
  -77.93193723420974, -23.1867911359049, 96.60036931469796;
  -76.76644157527633, -3.460237985868224, 95.36688093164391;
  -74.59738453084842, -18.86740432577642, 92.73159852142818;
  -76.64914654907828, -15.28309323461616, 95.2896109463196;
  -55.45275931340427, 4.819387988171175, 69.44708878361482;
  -78.1295375766237, -22.25545325444287, 97.54381093888355;
  -77.0101142176196, -19.55695338916046, 96.19294308657204;
  -77.71835939247298, -16.81199497121214, 97.5335621365972;
  -76.86151350452313, -0.9697069297702332, 96.96153008070645;
  -76.76224760277016, -18.00871249507452, 97.40814626413174;
  -74.52121235124484, -4.118861062363473, 94.86288261304871;
  -76.7159682555919, -19.4780851537021, 97.71682835771102;
  -75.14887653465661, -2.259223278783265, 96.43954202939001;
  -76.72075803946302, -20.35633880655565, 98.52853082933757;
  -72.93068560189971, -18.37595930393715, 94.16868157803091;
  -53.48184565247221, 4.651555911886632, 69.88256303021876;
  -73.27711219388898, -18.9811254685049, 95.93627087492207;
  -80.53931611450975, -19.79361379934479, 105.4658925831693;
  -53.56912650385237, 5.081199905927244, 70.78529239522619;
  -72.88849043812417, -19.67334318432221, 96.17520005924716;
  -72.00562659290547, -14.78290368979086, 95.28281247637742;
  -74.33580239392411, -0.4097523278527362, 98.44518305828166;
  -72.91621943233879, -15.85810064104237, 97.19410979526374;
  -44.59421551564753, 9.784919790283015, 60.04232185866422;
  -69.97828912037663, -15.91847273171211, 93.96130091828677;
  -76.31053484911617, -19.90907501722445, 102.4040932430081;
  -56.36043178490309, 1.998646234884803, 76.35378949907945;
  -73.11069348198345, -18.4108779673633, 99.5391324601313;
  -74.82431030664348, -16.4245130555795, 101.9389703515782;
  -73.19335218960106, -4.955568386704281, 100.4725028259458;
  -73.24666929519562, -22.28976914175944, 101.2053321247683;
  -71.58976820918223, -16.72737950303303, 99.20358265950577;
  -46.25758534608321, 9.948989717381663, 64.68830199962436;
  -75.68437367312424, -4.534634819283596, 105.7915688856695;
  -77.33339065280292, -2.136470668725, 108.082825582023;
  -71.60388645545638, -15.28700241412241, 100.0946451469769;
  -46.28328445935602, 9.768717787775792, 65.32282687726348;
  -70.68983836915923, -15.81102562473049, 99.30566861639251;
  -66.34033422380662, -15.21974447434763, 93.48422718387738;
  -75.33091348274881, -17.74876047978418, 106.2611996178596;
  -69.1654836213841, -18.90483632325415, 97.66430626189566;
  -74.86280219108913, -19.88942256680346, 105.9989178825257;
  -71.99043363640239, -15.7569800755966, 102.240101338277;
  -74.05760391886686, -3.146859543084953, 105.4000049038605;
  -59.59807544970975, -17.41312163535143, 84.8329808622354;
  -54.06287154829263, 1.133408898278208, 77.43349159989381;
  -70.4244162246459, -13.58144310793575, 100.4130491008465;
  -73.94479503232552, -10.73530481871974, 105.7324697902453;
  -51.59144894271933, 8.338093383622068, 74.61758736637337;
  -69.21542634255624, -10.97653231232957, 99.6203598417752;
  -68.18972886499751, -14.2208170716184, 98.74296748638666;
  -72.05113312407828, -1.963228070089223, 104.3859891630724;
  -65.94456132687672, -21.38509237487569, 95.69814652686354;
  -51.44288848200344, 7.993415113793797, 75.28093386121519;
  -55.61584425064373, 1.924257630668122, 81.59103963196759;
  -53.86245453876525, 1.167608287128486, 79.07140990374531;
  -69.94671745501029, -11.24094607080476, 102.8502815691855;
  -67.88663894282853, -20.16113050008965, 99.88832045735471;
  -68.80498657109629, -12.66739263863959, 101.4802326285906;
  -68.07743362253454, -11.95764506907491, 100.4323494251306;
  -55.04016766598847, 1.543439205516926, 81.50873642623333;
  -67.24304555887105, -13.17819579587106, 99.4497827386822;
  -68.69776022509089, -21.65362822172011, 101.6481003377786;
  -64.38430884428857, -8.65760481152236, 95.41337014491495;
  -78.14111376025262, -9.045769446609008, 115.7359078259806;
  -69.97032899115081, -8.143055957031216, 104.4525289838809;
  -68.53914002767036, -11.86618923278811, 102.7086419853508;
  -64.12285661532521, -12.04943840480714, 96.19096823334637;
  -69.52377486234876, -6.008813280866582, 104.3405003067084;
  -64.11059052625822, -16.80581512586577, 96.26163364021733;
  -73.1097204924337, -6.998655921011898, 109.7239425028108;
  -54.93690379642795, 1.825702735313661, 82.76145467763053;
  -49.75850028350862, 9.096713521847402, 75.15106285238883;
  -65.17505733053402, -20.15145880496661, 98.03373506672185;
  -63.31164863168337, -22.72024686773254, 95.39050034677628;
  -64.77152967496132, -8.29550250658215, 98.16917622091309;
  -66.97080045534786, -7.688953281898766, 101.5282406083843;
  -62.71701526042793, -17.83674803692184, 95.37863177283128;
  -66.6266828087232, -11.69155051182316, 101.3171091445077;
  -74.59859519317163, -10.21089525745652, 113.4269797778078;
  -60.28090474357796, 6.223400396030931, 92.01732457379933;
  -64.26201335363804, -11.8537065524772, 97.93416320742873;
  -63.09040288385417, 0.4992908327671239, 96.3695170449633;
  -65.40631733380364, -21.25538922889378, 100.2277493026114;
  -67.19059305199149, -11.22680728937624, 103.1849729634057;
  -45.70378133796625, 10.4984693337246, 71.19432919615664;
  -58.88244549682767, -8.202209839944329, 91.53972175546828;
  -66.26419825092273, -10.15859434639769, 103.1866914516235;
  -70.59051900159354, -7.958708338170864, 109.9602658769622;
  -62.87450943081532, -17.35835481826713, 98.87519711750817;
  -68.3466405778547, -2.097546252086264, 107.8148664603462;
  -55.6583398612389, -7.508548690080979, 87.89138889471705;
  -63.46576078570359, -15.27023296382289, 100.3167516657059;
  -63.90427056688995, -13.15715973660649, 101.0688592600466;
  -65.83404302544471, -11.13610498096243, 104.2179666895932;
  -59.55580421635391, 0.04749596399620273, 94.8327988995509;
  -57.77932523151986, -17.06930283006417, 91.85932422323265;
  -66.38038676500632, -1.15754937420968, 105.7071243401204;
  -39.29344670961842, 10.0095487024232, 63.18997090589573;
  -64.70013798567462, -12.56587229334002, 103.2873411208717;
  -66.17947998514843, -12.09000916138348, 105.617658478413;
  -60.29434939081524, -14.17391328172711, 96.46850343834987;
  -65.96017938458823, -18.04067396766445, 105.6481969497798;
  -63.46697327249245, -15.53142132334316, 101.7004677679715;
  -60.1456161867412, 2.494846911947826, 96.77349494557554;
  -65.11626089042363, -23.14082121193679, 104.8237763884471;
  -63.67467631801973, -6.554634915637614, 105.0610659069991;
  -39.11547908890366, 10.29493767060449, 65.11222204214418;
  -65.4264971921765, -5.498439265817381, 108.8992502289422;
  -54.47475585436886, 7.519031432230186, 93.79131635169209;
  -69.30031362284908, 4.255729731188628, 120.3715539206964;
  -57.90305027744763, 6.874112150484384, 100.7715303454585;
  -64.39887308585611, 5.312239158602976, 112.143261990566;
  -38.54330008383816, 10.60154859573963, 67.89026679227028;
  -45.97240666009061, 10.32145012177956, 80.90624024086029;
  -56.95350836924216, 8.175842147093539, 100.062394022815;
  -63.84300399790362, -0.8580017778280783, 112.5856192965047;
