m=[-45.10721792124677, -1.157903898923838, 56.82132605908407;
  -43.45105990828778, -11.27282353909182, 54.82854263972345;
  -32.29293216935969, 2.945002160629654, 41.18232230580874;
  -46.65160201368615, -11.48799163353554, 59.1544781045574;
  -31.87130888341105, 3.162289450074902, 41.10529467058371;
  -46.05158170909684, -11.65484349638346, 59.20889644182946;
  -46.53028846111194, -12.27115739167808, 60.28120021971098;
  -45.13472058892136, -9.01402377603616, 58.6408940541719;
  -44.75193793989059, -9.473005310911749, 58.57567392017396;
  -31.85598978068017, 1.286219505926109, 42.1697788063932;
  -43.96970048261998, -11.19388204073202, 57.96924651727085;
  -45.49355511939083, -10.08451112599986, 59.96232804988323;
  -46.68592473416233, -11.44264012414218, 61.88230879154914;
  -44.33110758286379, -10.884165389103, 59.26994844711361;
  -43.02363454066911, -9.181312204204431, 57.57187169125405;
  -45.62520755324677, -8.336560953518021, 61.04084850016738;
  -27.44322105366549, 6.124996871826981, 37.21276570241276;
  -38.6810722540209, -2.40927158226943, 52.25068613662096;
  -27.50076786707428, 6.017668314794788, 37.46786583947954;
  -38.79866641443322, -1.382860445272309, 52.51149932976576;
  -44.38652150037525, -13.20254482242468, 60.23089711856134;
  -27.05448210354379, 5.812685788786248, 37.20583719658604;
  -44.5169662232152, -10.12533269210805, 60.57343989127607;
  -43.6317142833455, -0.970148201950363, 59.86579557087104;
  -44.2744412178379, -2.402951724277899, 60.74042617647721;
  -43.88304767435127, -9.094003870408882, 60.22187394980445;
  -44.06110438985203, -9.584009480360214, 60.7802584757149;
  -47.85546978685867, -11.51303166243445, 66.06602212775776;
  -44.42174296845654, -9.923605183223076, 61.43189861313562;
  -42.6267617983909, -9.772575950304269, 59.09227710001251;
  -43.19231232171135, -11.52465211796337, 59.88248460253271;
  -26.9579504971104, 6.345390937644636, 37.82313065290169;
  -30.7347131811686, 0.7982028521819377, 43.02060195126961;
  -42.4607958820094, -9.024090096643551, 59.21635653748334;
  -42.52947721091366, -1.57372721952925, 59.40644755400572;
  -42.6765066433252, -12.24005702460222, 59.67618587862302;
  -43.89312591809166, -8.197071378450323, 61.4449306080567;
  -41.70765735282802, -8.393388139642354, 58.44789585025279;
  -29.56102562638014, 4.896210235140274, 41.75133540946775;
  -42.95030663203515, -5.981781451401766, 60.31843464378074;
  -29.64823124864419, 4.72910262966545, 42.37195613876412;
  -39.8127397287596, -8.056820753392003, 56.5970919341327;
  -41.9541370103976, -8.09358703659556, 59.59142357343089;
  -41.69570247216173, -0.9227992141409608, 59.30281631004855;
  -30.80543182103163, 1.220560242509041, 44.19397267566825;
  -42.02327182206907, -13.34542924840402, 59.89394512144535;
  -31.6470014966559, 0.8412715196924254, 45.41871661545375;
  -38.27921046253788, -9.716907809657068, 55.00625163110345;
  -41.75504867777603, -7.832401268152089, 60.05601101263542;
  -31.58568972984519, 1.037228138534789, 45.75043175761321;
  -40.78448788185145, -6.3006312483954, 58.86533974198746;
  -42.2488763199474, -12.2567009490556, 61.05174733428257;
  -41.87289869832992, -7.449327368276419, 60.6322211675017;
  -41.7667413356477, -7.08088400344348, 60.48632406691495;
  -40.63332040642205, -7.708344932919371, 58.98615976612436;
  -40.53926292346852, -12.48984751895657, 58.91847784799003;
  -41.51337573052353, -4.534528356543114, 60.38240078239651;
  -41.36042297458056, -5.337311427338629, 60.15963590985067;
  -24.97077656048801, 4.680674144673796, 36.81478598982122;
  -32.13026718086264, 1.224423127433375, 47.34753143630788;
  -40.26397446451966, -7.679494090112553, 59.18792231792534;
  -39.75710354569995, -6.633803607511082, 58.48806522514848;
  -40.70269949551805, -7.395785672009493, 59.90473530024785;
  -40.73768634896423, -3.650960418695036, 60.02634400749356;
  -42.36008075810261, -3.411024629299478, 62.38699308046733;
  -40.81590787254178, -6.397911127127348, 60.30951921500571;
  -41.55926234566256, -12.55804957610618, 61.37852844248862;
  -39.86525217592769, -6.889631170010679, 59.0151475263982;
  -40.66170680205259, -14.30175765895419, 60.1668257697127;
  -40.5871337242673, -4.967654073592015, 60.37324903424751;
  -30.91817605916416, 0.4226374850097323, 46.26525184354664;
  -41.40456523257607, -4.520375595938432, 61.62828233962782;
  -39.82222654526517, -5.189090784348231, 59.46343603020586;
  -40.30234701723894, -6.820884549579244, 60.16309449098391;
  -30.72118549438348, 1.102718532620304, 46.32529779111434;
  -40.39285841008839, -12.82730625014184, 60.77365926727226;
  -39.25518673672596, -6.307248705916908, 59.17106588551028;
  -38.91702801372695, -12.967626539898, 59.18261980639571;
  -37.48924658709829, -5.011334816086563, 57.15734646310084;
  -39.98962257676932, -5.876507054142609, 61.11832925197853;
  -39.72525923841294, -4.225996011551119, 60.75034872772017;
  -29.96264849002417, 1.254488891084471, 46.34020116333047;
  -39.01118952810437, -10.48494682864952, 60.19404199626458;
  -39.56142233315057, -0.9821969930478353, 61.23387043081709;
  -25.36459357440248, 6.557023005091054, 39.69794444835454;
  -38.72871855471207, -5.041025308856689, 60.0619672866901;
  -38.41662761354983, -8.980474725829083, 59.6091491092623;
  -38.61190671939404, -6.27686616491557, 59.99394104185323;
  -33.56939190315875, 0.2244266884206509, 52.34809454681017;
  -36.17978253432635, -10.45898724321177, 56.51186872636014;
  -38.71881526856301, -0.460041889152798, 60.49891278339887;
  -38.03270788753848, -6.694170690079059, 59.59193752683839;
  -38.69655417983153, -7.252197396838662, 60.6286377137439;
  -31.40643218266883, 1.478648525127521, 49.49583258909631;
  -38.70143222065708, -10.28360506045754, 60.83322036611683;
  -37.70384913755958, -8.962602133287206, 59.31115183796379;
  -38.11615645693551, -7.713042489333843, 59.95424072275943;
  -24.50133060176984, 6.54620281189858, 39.70465658432585;
  -35.17809527790811, -3.400759241370689, 56.9559518696298;
  -31.18180832563585, 1.306366386567374, 51.05344231286451;
  -32.80752874788914, -2.533828764128284, 53.55760975924725;
  -22.79929761033627, 5.77325877548581, 38.29544822334452;
  -29.23252484157498, 2.215640884107018, 49.16370758165528;
  -30.80509133642238, 4.404589873951632, 51.91032300870895;
  -22.37576096283263, 6.253928961785262, 38.37993001022056;
  -30.42555108285391, 3.783062116696824, 51.85209701412099;
  -32.65691368272668, 2.207762253764112, 55.65320435137407;
  -35.97740422574156, -1.892890632046425, 61.3253800596133;
  -30.86149685239421, 4.588840102514469, 53.09850288154158;
  -33.34217027423517, -0.2508943971345125, 57.71337771856525;
  -30.70998075349212, 5.204553606880704, 53.28120075869017;
  -30.74800037978531, 4.775096313679033, 53.37723415316404;
  -33.13557645090295, 4.66398906610041, 57.47759461881011;
  -22.43066723595038, 6.2013052876132, 39.33733923857484;
  -37.80272305072503, -2.485625080847605, 65.65665479576506;
  -34.90305312403688, 2.500792948991811, 61.10525832609107;
  -38.44034808079628, -2.719226586558594, 67.53166624384051;
  -33.60044879426061, -1.384454281241709, 59.19409433775002;
  -30.52395444506825, 4.237048920783829, 54.19298099240883;
  -33.32243435784314, -0.7765656295924105, 59.91222800102071;
  -21.21368546037501, 5.91278176564831, 38.53598545653636;
  -32.81064608567399, -1.787230360862035, 59.5157462922646;
  -30.92947140426867, -2.673157745326732, 56.3397463473827;
  -35.4605665034295, 0.07528891722792203, 64.51196348740264;
  -32.52551603681702, -2.077715429150977, 59.50824202900866;
  -33.63276033869894, 5.292378659442365, 61.91939637996136;
  -32.38546987012866, 3.492085857860977, 59.9281058821731;
  -32.99134004559826, 4.686088175506552, 61.19381668905076;
  -30.78108469059051, 5.094418022658409, 57.4079295564604;
  -20.53365544412336, 6.140336000384365, 38.73470473948421;
  -26.14419869948213, 6.104993946661393, 49.43636183588222;
  -26.53128540905895, 4.6875044762243, 51.69697512924553;
