m=[-112.9452596531207, -29.06272447481727, 136.8000296217622;
  -95.50098608072374, -22.64236270642783, 115.8537641443073;
  -126.6055651359605, -7.604393448401238, 153.788313690725;
  -116.8721006720724, -24.97609361792695, 142.3124843360728;
  -127.1416769514786, -5.165699106257303, 155.0210158998675;
  -113.1527437861542, -21.94835519628181, 138.1137452040481;
  -118.0994558481849, -29.1998729023513, 144.1244437266981;
  -130.0738509336603, 0.5337360297001772, 159.4531836400347;
  -117.1285753504656, -32.64554759670401, 143.6165288947822;
  -151.8736816122499, -31.99114711547476, 187.1604469221636;
  -130.2732774067198, -1.09243454403495, 161.3327366746837;
  -119.537586202361, -0.09192374594866522, 148.7059547885777;
  -116.4425473448947, -5.055148871459041, 144.8782256481363;
  -118.8130685835868, -27.18037015544875, 148.0509420596609;
  -122.3531462267602, -6.193277748048814, 152.8280357342231;
  -115.4083446011147, -23.65962410774406, 144.2859262521623;
  -101.711894982842, -25.21622331903916, 127.2303166311947;
  -121.9047671084945, -30.01913941175347, 154.5758894763154;
  -60.33409944032226, 5.502258273715522, 76.9424812881999;
  -58.77239459239585, 5.831430521258256, 75.8003572132458;
  -103.4297543798569, -24.72747748614897, 132.9949903206357;
  -117.6758327225754, -29.78167877819701, 151.2967836238443;
  -116.786869752338, -30.79950946811947, 151.3004305670225;
  -112.6652879606907, -22.5008058355169, 146.3793976938303;
  -48.12855994371585, 10.72238233202103, 63.06180702703124;
  -102.3797572387311, -26.11068961831924, 133.5396779047273;
  -123.2451987867209, -26.08830983407097, 161.3152616106714;
  -94.8782163403833, -24.15425964452739, 125.0865630601382;
  -118.1853180677344, -26.19802193642805, 155.7729835371058;
  -58.125532736978, 2.346880273172018, 76.94442631974609;
  -129.9937105404923, -31.86123562051471, 172.3069850802289;
  -117.6067935777637, -28.87479835214589, 157.238313510553;
  -108.7587232998589, -23.20928494785316, 145.5349676979359;
  -120.8789192230526, -22.08679219535184, 161.7209474948076;
  -109.6921508687948, -6.875937654277109, 147.8291435571472;
  -107.5756053165801, -3.834205224465763, 145.596662167216;
  -49.73211115976543, 10.88229066913728, 67.75651057653217;
  -112.506823378227, -33.46458177550814, 152.6676719637256;
  -136.4456494953801, -31.0344058174166, 185.6591553587139;
  -46.59182354309947, 10.01030548454433, 64.07395990069824;
  -96.89241923806212, -22.40176366538642, 132.7730909589724;
  -105.7183075397738, -2.350639383703879, 145.052989350234;
  -109.0505294053142, -5.918610161077356, 149.6072101341522;
  -135.1346235731862, -28.0043172689457, 185.4488395489273;
  -100.1270767592723, -21.77927371976259, 138.1206778658948;
  -112.9832606683134, -27.18142488607599, 155.9770415508232;
  -103.9491855064622, -23.22175149264719, 143.7538331056822;
  -85.24199059242753, -19.54250785362415, 118.1685663215106;
  -111.006416691711, -23.59192485028264, 154.810935881443;
  -55.64984984660752, 1.445267070143836, 77.89531090746283;
  -96.72542910516452, -3.579151463549676, 135.1089763642832;
  -48.87400588088287, 11.50401526392694, 68.57227184839088;
  -105.5937793356134, -30.28537202712492, 147.6558064117917;
  -111.2693512582873, -20.77962768475563, 155.7632869353452;
  -100.4797855581639, -20.22088733594419, 140.8094439751861;
  -96.37044753915963, -13.4217192089396, 135.3404666300345;
  -53.49353129865816, 8.860165366676394, 75.5530743660679;
  -107.697385005351, -16.45068261897763, 152.1659896345811;
  -104.8387284434328, -20.22497503053485, 148.9123485491828;
  -104.7534134186963, -2.318377239138632, 148.9883145143579;
  -99.35712681779575, -26.31647384056804, 141.4406711706304;
  -54.60321860300177, 8.709599655981554, 78.03653325145804;
  -99.89458428204088, -31.72375802815513, 142.3754146095798;
  -53.57029467899896, 2.12254034433107, 76.85281456287966;
  -95.63075631740107, -8.623073289552115, 136.8850508985174;
  -78.28241778210098, -19.87144007189387, 112.4898428881526;
  -100.8046655961977, -18.90891318901844, 144.9866854158994;
  -98.0323827780704, -15.14462792999841, 141.4927541732248;
  -54.56245607489877, 1.791751746835474, 79.03123042533157;
  -106.0881546190039, -30.77693180654802, 153.3027094474874;
  -101.3063961790713, -18.02274342350006, 146.692300025959;
  -98.35493868853301, -16.67450918477304, 142.4369846641258;
  -101.4443019353933, -19.24449350867331, 147.2636186625382;
  -105.6763938575753, -32.55811651351519, 153.5867162239047;
  -102.4917153939929, -13.22593349966688, 149.0764319714063;
  -99.16139534197599, -10.95446188591993, 145.3230755450528;
  -37.00196775472881, 6.935873754349429, 54.55254948891284;
  -86.86367074829103, -16.56739194350524, 127.6893368047944;
  -59.67285446203327, 2.274018534361834, 87.93460498262465;
  -91.75208341850704, -15.30959873066965, 134.9796982407518;
  -91.24396008443165, -7.347374923577829, 134.3820928701376;
  -115.4156612107991, -20.97132387011142, 169.8645229930591;
  -98.9562945517856, -8.868582066602373, 145.8105530979269;
  -86.61743016359934, -13.57731946028027, 127.9857742015404;
  -98.22849278034444, -34.54946212139579, 145.3479717294633;
  -92.69974507427965, -16.02064500425899, 137.2295127364464;
  -102.4871660832987, -12.543896091391, 152.4493757750069;
  -96.60008032440037, -10.54638886343267, 143.7835898245097;
  -54.71212439966297, 0.7478899988008632, 81.86997219377015;
  -88.70177649191278, -11.55840873001684, 132.451469186361;
  -86.75973939144771, -15.44481430135779, 129.7081598612901;
  -55.32991695389541, 1.986034192741599, 83.43346255682211;
  -94.65605759681729, -30.05932947102824, 142.4161403377069;
  -95.10764898820395, -15.28123149755472, 143.3599336118294;
  -35.31293720158296, 8.249404153810305, 53.6517446633146;
  -80.7208079765195, -26.89715390057814, 122.7552342191796;
  -99.60032988434033, -14.6363482185068, 152.2246363738644;
  -97.9514513438094, -10.42013194225588, 149.7934800578652;
  -92.0609054942551, -24.7429958117326, 142.0494498775313;
  -54.64244643638723, 2.287793152162387, 84.50995114005863;
  -101.1498657336731, -2.511261934269645, 156.5615543412902;
  -78.95654718611833, -10.27717847423416, 122.4488114024019;
  -72.73457975505841, -14.49032703399905, 112.90784805725;
  -94.23702582647471, -22.0293472187409, 146.2228538280762;
  -87.01674407069905, -14.14570020092135, 135.2038233017227;
  -77.40559290431277, 0.5174916760740407, 120.7062465562739;
  -72.76088698778931, -21.03399013214193, 113.6505917349356;
  -50.46223008171952, 13.0450347080646, 78.97807629552678;
  -90.6560331941419, -1.077139692535837, 141.65184051885;
  -40.4134438392793, 9.901977957708343, 63.47609958004924;
  -81.35859151295701, -14.31999794236583, 127.4775416214911;
  -90.05194095171218, -20.57875627957906, 141.4229380523373;
  -54.85617578232591, 2.582687614527359, 86.45210246130277;
  -87.72511686362405, -17.75172568921995, 137.9859162824093;
  -87.77140430171673, -20.86418743524332, 138.0713960682737;
  -72.14663821329206, -22.80853303360431, 113.924231451118;
  -78.99363205089502, -27.41762213425385, 124.8387092102769;
  -39.05677728377769, 10.43508980937932, 63.29190665387273;
  -80.69953940219145, -7.801437292959665, 130.6585545857852;
  -32.83110087737992, -2.535649313923256, 53.59609077140038;
  -45.01976927002581, 1.886109769234535, 73.71009947091851;
  -34.15683659401675, 8.649225076119945, 57.37244145040637;
  -61.51007483199247, 8.794866075617545, 103.6519521382927;
  -53.28937902670047, 6.62591222979745, 90.81728852141968;
  -60.20203458056234, 4.069943070495015, 102.5950022537703;
  -45.31832011649524, 4.032810002008072, 77.3443145117685;
  -57.81865029311316, -3.042031070687851, 98.5549341334103;
  -32.48116819344516, 9.078346824272179, 55.71318731842641;
  -39.4502597921843, 9.040150428668422, 67.79242661122208;
  -57.03969031034497, 9.666763659769041, 98.96271883183826;
  -58.53263888778442, 8.238745693382711, 101.5318171677558;
  -56.7049691860805, 8.80615604212591, 98.43743919956673;
