m=[-78.87859265624711, 7.299178253673562, 98.71737256929983;
  -67.92735443959572, 14.76241862171533, 85.22789266383455;
  -121.8063123437026, -29.6386390139967, 152.1530320797932;
  -78.09150115151169, 7.830012924368743, 98.82253722642825;
  -122.1155080589009, -30.53344032737987, 154.6563447193669;
  -124.9473599894998, -32.56727103048985, 159.4520169643906;
  -119.7098199903628, -23.56349973107278, 153.1806842729086;
  -109.0079185065414, -22.74369266297518, 140.572907268216;
  -80.6014770602401, 3.369160363795403, 104.7222966903897;
  -125.6400244879475, -31.63497583317603, 163.0440585948503;
  -121.1609779485427, -26.5049958860205, 157.3153988652994;
  -106.7660293328128, -25.71884775200169, 139.6001866803285;
  -109.728191578863, -26.61137046351771, 144.5254966174021;
  -108.7527158875834, -22.90297098447025, 143.3215891334636;
  -121.7421595562112, -21.9111396897306, 160.4608197593641;
  -119.5657412144475, -7.264030622244788, 158.6749469978916;
  -64.87895979809547, 14.23695758895878, 86.64715553880131;
  -123.9098480647924, -3.808778558767682, 165.0054426645999;
  -114.6526031637165, -33.7556799039196, 153.2710026184133;
  -65.59191288376483, 14.12645183943102, 88.38325587230558;
  -104.7105566108313, -23.45751779088096, 140.4344193577689;
  -97.81887696648523, -22.34938168525535, 131.9702669612339;
  -121.5143671557176, -2.459693540681124, 164.1696552661122;
  -117.8932196042038, -6.142410834335974, 159.279819355801;
  -107.1204685047041, -21.86968816953503, 144.8833323603934;
  -126.2074514427802, -27.0851259690842, 171.4220563407628;
  -131.7708321201275, -31.28799405010363, 179.1979593314662;
  -124.581606597002, -27.44884336294408, 169.6636253873339;
  -126.8355236465331, -28.69350637998654, 173.0161158570274;
  -62.9346113443439, 14.86490451595333, 86.5757199307249;
  -76.68655258272156, 2.119620293571405, 105.3807479534176;
  -122.0209175813046, -21.65140371942344, 167.4717874171925;
  -113.2193794839737, -23.72185026269183, 155.5302141283528;
  -120.4463852762719, -4.142149310370933, 165.6742548281506;
  -113.3452963893222, -32.13731927010831, 156.1063876014229;
  -120.8069159905689, -22.20385722967562, 166.5788576757116;
  -109.3174814122655, -21.68615509792664, 150.8468174371541;
  -72.33561997170044, 12.0606689365468, 100.2587059427706;
  -114.3851900482844, -21.78665404567954, 158.0909264082131;
  -128.8817641591878, -17.61552811514395, 178.1904466773549;
  -97.23703757294086, -20.78848897714463, 135.9772342138289;
  -73.63685034744036, 11.82910621360385, 103.3000086964812;
  -112.5317926826118, -21.35867532139375, 157.4180148466803;
  -115.4232102521391, -2.322990983706591, 161.6520961447064;
  -117.6145515357788, -2.556346166757852, 165.0441504082232;
  -79.08477073922111, 3.245711233535843, 111.3733063834124;
  -111.8613314573474, -35.15091507008813, 157.0159737786318;
  -137.4486898870986, -7.665736834100557, 194.027209882305;
  -105.0149160938021, -26.30019404085383, 148.454075851315;
  -112.9554292946345, -20.88528617778835, 159.9879595224105;
  -83.22221630513353, 2.885522000810009, 118.3642438244927;
  -111.6512188697486, -16.95053554575672, 158.6711969744493;
  -112.2275254826628, -32.16549223958191, 159.7408081554947;
  -115.801283169643, -20.27605064378283, 165.1255195631094;
  -118.1695608335793, -19.69875098370603, 168.5056798677711;
  -103.5545489924726, -19.31004126020808, 148.0405601770857;
  -94.6964089190422, -28.78592708460839, 135.560190088101;
  -111.5580102742405, -14.05186330718919, 159.811846311417;
  -65.07781461683263, 12.33291792062088, 93.97770261953666;
  -112.7634439875128, -19.64433005996903, 162.5704784716882;
  -83.34334105212025, 3.325031674288239, 120.6674336296092;
  -113.6080101771654, -21.30392837233207, 164.3756982879219;
  -109.0295705847371, -17.87930596119245, 157.9020381737795;
  -102.5129586458614, -18.31777121093361, 148.6379638200549;
  -113.3804118725362, -9.91559880643876, 164.4981964093979;
  -132.5460923963528, -10.37931637994085, 192.1572321950158;
  -117.5268746033938, -18.06890580689317, 170.9240971317239;
  -105.7338884335862, -17.94451766564787, 154.0997261606731;
  -96.70607572960114, -33.59971429687278, 140.9123893479967;
  -112.7625317333238, -13.49375690613103, 165.1840627351199;
  -79.3812102461899, 1.238206705431139, 116.6661834256352;
  -115.0861379380318, -12.2698458704957, 168.6606508150203;
  -111.8471752425234, -14.30458448796452, 164.399652850448;
  -123.0174155483889, 13.73797710910569, 181.368445197284;
  -78.24344955829771, 2.941674105699912, 115.8880362607904;
  -107.6464818960368, -33.80133230476097, 159.492569371705;
  -106.9861328282081, -16.87708562213559, 158.782292715839;
  -105.8636187876264, -34.96618632898078, 158.5091492925195;
  -76.77804218286524, -9.998655750140545, 115.391751796027;
  -111.0139576556542, -16.00133471019015, 167.0825153719822;
  -107.1549815632385, -11.07818490704816, 161.3725855634366;
  -74.79636409915558, 3.26667920105651, 113.6363565014642;
  -105.5755066100058, -28.00270593442822, 160.3958025622775;
  -57.58667045468432, 14.45751557007174, 88.0745037221898;
  -110.4886356088181, -2.500972206168337, 168.4022959298993;
  -56.08318210978752, 14.56893556749226, 86.18593763120248;
  -109.318265979268, -13.8676108974109, 166.8461277742223;
  -103.6664388493691, -23.88139578323387, 158.3870985100994;
  -109.8469040590369, -17.53877517090534, 168.0088932552026;
  -85.14786281571874, 0.7863737568917459, 130.6784334505303;
  -103.8009000835944, -29.56339061240156, 159.4945266025593;
  -110.308059948521, -1.078169812776805, 169.6688768205716;
  -105.3490692996363, -18.24070684031409, 162.4564427686659;
  -101.9017460018862, -30.01784068639618, 157.3973518609396;
  -108.7123443581767, -20.64853863665107, 167.9327983753246;
  -87.9500980578334, 4.293760182815246, 136.1727435861724;
  -97.74920783191566, -22.84622423851799, 151.3771929146953;
  -107.7421822658573, -21.42804355829621, 166.8310932611713;
  -61.7729173188869, 16.5461631736985, 98.11430934371806;
  -99.59208918960815, -9.409996144194668, 158.7024959974266;
  -98.16738811318085, 4.20956862262932, 157.7793173682771;
  -115.5801010347928, -8.321674477774449, 185.6208369255765;
  -58.66576626710207, 14.9150284132334, 96.53734059801249;
  -80.7796571487258, 6.216226194294163, 133.3987646399857;
  -80.87847197416694, 11.68619942631198, 133.9968908346838;
  -57.04474155606691, 15.95517300014858, 95.80872468388762;
  -85.30991545274083, 10.70639073877701, 142.8409408471213;
  -90.23191603893208, 6.200466242272755, 151.2336923000089;
  -130.9151709812348, -6.63348823545203, 219.3821827441155;
  -101.1063816448977, -0.533381496273706, 172.1563152836214;
  -85.57845147984737, 14.5758250140722, 145.9070593386839;
  -86.03013190629376, 13.45401198804715, 146.7684422102325;
  -87.19826033608528, 12.40253585977379, 148.6882656077993;
  -57.45003223117688, 15.91369039928179, 98.69792465512931;
  -95.4281546561067, -6.013427243692703, 163.3397494477319;
  -117.2935706577779, 8.597992962668469, 201.9356041690527;
  -97.28128274537595, -3.785329629699332, 168.6981408985965;
  -88.88283971021885, 12.49239388911009, 155.1436713426443;
  -115.2344890775028, 4.86945813842058, 203.2535744923937;
  -98.23694707001432, -2.023968413064619, 173.7836115994107;
  -53.6166816965435, 14.96245013357434, 95.38400138610363;
  -101.0564848758658, -5.267502292959321, 180.3517880328638;
  -82.16624149328958, -6.92357820347517, 147.1299382965033;
  -100.6880224695698, 15.96205122308207, 182.3572164216296;
  -96.70182177552692, 13.86642014990797, 176.4652392889274;
  -89.98567321914086, 15.02585447779071, 165.0121329638045;
  -51.75365249856878, 15.490059362778, 95.60729760464673;
  -83.63997523200393, 19.58729200840267, 155.1161763214509;
  -65.65676656301298, 11.69145825864022, 125.7609377407628;
  -89.51695365123807, 0.7426493693045025, 171.7132387389434;
  -94.74855236118502, 8.400674099553942, 183.0449674526725;
  -93.79814933446296, 15.57525573291501, 183.1528457861136;
