m=[-22.03739259454715, -4.838670553690636, 28.94276638854261;
  -22.12628122263212, -4.95618893434154, 29.21701362948667;
  -16.05229221501552, 0.4918060579550206, 21.52564383123191;
  -22.17433278464463, -1.084670175696145, 29.35033336245705;
  -22.34156744812179, -0.3776303031094375, 29.57014279851494;
  -15.1658826151253, 2.55506914694101, 20.49825344481206;
  -21.34528426514032, -4.970817474539565, 28.47824985550181;
  -21.41571978082168, -4.614238295354844, 28.58968868165977;
  -21.78468607042992, -4.820362963119626, 29.13319283601256;
  -21.56635351641378, -5.568258317730941, 28.85331407665142;
  -21.92765270888057, -3.789132846574641, 29.49311191289178;
  -15.17409024572268, 2.474072734381928, 20.76463274522221;
  -21.84320943728777, -4.464501256291981, 29.38856221685598;
  -21.7197586290366, -0.6697330367088413, 29.26721778074307;
  -21.51324860814763, -5.97924523238009, 29.02700799461049;
  -21.36020904816373, -3.825030341069614, 28.86229112816904;
  -21.62931139418257, -4.189627844368268, 29.2306920354303;
  -21.6966754409383, -2.864329072002666, 29.40109349216672;
  -16.14700966239653, 0.5069620220406502, 22.22533996987912;
  -21.51261812310499, -4.48552482519919, 29.43104644106685;
  -21.52499304471264, -3.98226113628687, 29.49388296606544;
  -22.03378371596715, -4.29558608938365, 30.1860833588865;
  -16.00082191830835, 0.6007476677698479, 22.22965164290804;
  -21.69345078579793, -0.3571862026322948, 29.75385263366565;
  -21.18794355278173, -0.3799207634250622, 29.12065361247971;
  -20.93626320464845, -3.434076711192144, 28.87443533193403;
  -21.13163997531259, -1.078934631682782, 29.24418137196456;
  -14.91748952181875, 2.860997083217328, 20.98873527434342;
  -21.26663008170616, -3.829701388619226, 29.50543440252569;
  -21.21683728889034, -3.121502184555374, 29.52878300227708;
  -21.22015077374174, -5.961811248824791, 29.59267195824964;
  -15.60043760499123, 0.6691298899030943, 22.06415385628213;
  -21.0055411029474, -3.577143069633929, 29.34401181091904;
  -21.24583403391275, -3.439977059104572, 29.68283844151341;
  -21.14269470552151, -3.847573318387808, 29.59623091178277;
  -21.29062377489419, -6.363450804784947, 29.84297514664783;
  -21.36969714728938, -2.204901202046742, 29.97624867138079;
  -21.21006845286484, -2.581502461475294, 29.759156657559;
  -21.15175360756308, -2.309544894978735, 29.85968752763439;
  -20.94496165746321, -3.547339515367955, 29.57754243479281;
  -20.90632049964293, -3.820427447651158, 29.63496493691165;
  -15.93456095105151, 0.2951618959651357, 22.87005067694747;
  -21.33401433943729, -3.397217293633199, 30.2568257477647;
  -20.88614112068991, -1.737377720520961, 29.67691004699804;
  -21.41440625893269, -3.725339201327629, 30.39628017382916;
  -20.60874841310615, -3.076887602814532, 29.37015773784587;
  -20.7337146261765, -6.072372325350791, 29.54920155047487;
  -20.66879980707547, -3.415322999393547, 29.49979135109218;
  -15.769701786413, 0.6368703343060337, 22.80590694185122;
  -20.81358284694299, -2.395748065354856, 29.86067145869935;
  -20.40018000617965, -2.093507888392127, 29.29069826844319;
  -20.81303748096421, -2.568497556525419, 29.9623712960899;
  -20.74570766794915, -3.347552638493949, 29.86791100770791;
  -20.47998715605645, -6.30708130097172, 29.72602227414963;
  -20.65007104895877, -3.157672761345267, 30.0083880652578;
  -12.10842177484367, 3.157941474698604, 18.10148614267635;
  -15.37186750187654, 0.7118851280344125, 22.79594948423509;
  -20.07185144405891, -6.497655943874594, 29.43222849625064;
  -20.24138120415489, -2.820972662939869, 29.83634334249162;
  -20.09205979307428, -5.212897088677353, 29.89506895946798;
  -19.98452162872304, -4.491379486276812, 29.89476101730443;
  -19.65070980956719, -3.039708990503697, 29.43463119691999;
  -15.98010621321087, 0.835624504524917, 24.18375284670163;
  -19.56410630378888, -0.1209653319856391, 29.46543263899887;
  -20.18176035781387, -5.623786136200378, 30.36550710136002;
  -11.83670138812278, 3.186127614998179, 18.31479815994154;
  -19.46544940215481, -3.276851493715906, 29.39582412807265;
  -19.39542701125412, -3.476882884369222, 29.29876601502999;
  -19.42893874018449, -5.599468669599119, 29.38087451503827;
  -19.51722027763378, -3.603897344370814, 29.52933316740841;
  -19.4546509230903, -4.99510704828777, 29.48751402291346;
  -19.57564051952642, -3.788071005438801, 29.6841706495069;
  -11.63874951792237, 2.988544571496644, 18.65598911532673;
  -11.26374398945998, 3.161357406739878, 18.41580948921735;
  -15.96792216046376, 1.272300066583474, 25.75948760474238;
  -15.59337670271917, 2.288470790873722, 25.23576975569932;
  -15.6029026727429, 1.997666746093238, 25.530905880945;
  -11.19276533287552, 3.113575464208423, 18.72230003984826;
  -16.19019431199144, 2.567593987747237, 26.99387332077374;
  -11.0669054324219, 3.100950803055933, 19.15596730585042;
  -17.63389466536302, -1.122723159840019, 29.88026574110602;
  -17.55063308596069, -0.5865350462496479, 29.77138542067665;
  -16.27264482659927, 2.337707146846244, 27.76721359045852;
  -18.60428828100634, -1.157270186703458, 31.6642983848082;
  -16.13799534004005, -0.2647627017365217, 27.92879185739793;
  -16.70779772613914, -0.2741109767868438, 28.91490518224976;
  -17.06005187379473, -0.7930323210738199, 29.78743605907658;
  -17.46816251294355, -1.407198956641051, 30.58584236043218;
  -17.23392147807478, 0.1173175455195985, 30.19608701320217;
  -10.67647282540313, 3.20437265544649, 19.18396933932691;
  -16.92573267194773, -0.9317050142945296, 29.81486676405063;
  -16.89877154451444, 2.718429201988516, 29.94093693510544;
  -16.70413506469759, 1.877726952654788, 29.7349869007324;
  -12.87745388942283, 2.885467988361544, 23.18537164839724;
  -16.72269106326917, 2.440983173937299, 29.84542819205355;
  -12.31646399099038, 2.92482017500259, 22.33246663914061;
  -16.04379247331284, 2.715240489685681, 28.75959368811897;
  -14.79360703718573, 2.657644598984859, 27.62924385667091;
  -16.03574283751539, 2.583532259796089, 30.23670467290517;
  -16.15133965281583, 1.482041192074625, 30.50902682905102;
  -10.55226871667078, 3.082481274655137, 20.43815001610803;
  -13.26089330203536, 2.894107928379095, 25.44360126617987;
  -15.77761275591807, 2.657711136211531, 30.1183160264329;
  -10.80088014962426, 3.072364043676573, 21.11412656321997;
  -15.37163054667067, 2.62979207222023, 29.78541040051091;
  -14.91928348799512, 2.700190222057657, 29.49638325790466;
  -10.95227146217513, 3.06632168816689, 22.03698388895182;
  -10.66325352159731, 3.093388778450375, 21.54906308126389;
  -15.00061586756273, 1.44765773995913, 29.99185938808818;
  -14.38461138910129, 2.757481571355939, 28.86010792898204;
  -15.23267433907319, 1.239228503817919, 30.81803836257348;
  -15.12739786588825, 0.4725363856491037, 31.15502627189216;
  -9.440784688219992, 3.073709986681886, 20.60160000034871;
  -14.55384981706846, -0.4448992982773927, 31.17359315713008;
  -13.74919655245842, 2.710371910215076, 29.91756330956884;
  -9.304291696153696, 3.149670828214896, 20.71778666098899;
  -13.39317610811165, -0.9842009648639031, 31.08083645968728;
  -16.90044169496985, -4.242898350909978, 39.31163446154116;
  -17.38502363442138, -8.37283512094017, 40.58707964885052;
  -17.48324012576863, -7.960881723390176, 41.08931164866284;
  -13.37424687780159, -1.089388759692645, 31.72460898183494;
  -11.00714683928997, 3.067537256973363, 26.94096854681379;
  -12.21287780267678, 2.916566824213595, 30.64650542807987;
  -11.79253785180152, 1.175105126523504, 30.22504674055211;
  -11.38538315154807, 3.076896773815165, 29.33290350734378;
  -18.34278181096684, -2.760110835538124, 46.59991995613252;
  -16.24367641060942, -9.441101591492963, 41.63357010547178;
  -17.63174647497055, -9.637054584644325, 46.0786493034807;
  -11.74626679495596, 3.059453149755219, 31.33363933108976;
  -5.53340058016577, 3.126485396621165, 15.52026166371619;
  -11.61032490735729, 1.182921519574973, 31.45188335059997;
  -25.98105162293291, -14.69334260096256, 69.27932008882004;
