m=[-36.51550945256435, -7.811718591346618, 46.45620291807651;
  -34.7529759234416, -8.211930734766796, 44.49914778909611;
  -35.86754776612739, -8.530555485931663, 46.27294947288589;
  -36.16151333839564, -7.449899093436719, 46.66672235160461;
  -35.72178148538338, -6.268543107494594, 46.1360161357299;
  -35.60392527020714, -8.156533017794875, 46.13144570613902;
  -37.4686870262168, -2.132649205494378, 48.70453582740888;
  -35.53789363048379, -10.26859187472717, 46.54650947732181;
  -35.37798460442093, -7.767816070794553, 46.46360676791552;
  -34.21590635787572, -7.664211385685213, 45.18095889429235;
  -33.79791718421579, -6.742735986342147, 44.76059600868923;
  -35.53665314909883, -0.6006613963568303, 47.03447556400027;
  -25.74819223901963, 0.7888665839695501, 34.52755581640714;
  -34.47916895286214, -7.428893513856114, 46.02921202057567;
  -33.48255312252502, -7.408785164987222, 44.77703619904885;
  -24.44053587411532, 4.117614564969455, 33.03390322795914;
  -33.37353336834639, -7.097498905741747, 44.76908698502884;
  -34.55775714622323, -5.971634741080721, 46.48084373204804;
  -34.77497393131936, -7.107605466569828, 46.78737746411602;
  -34.78450142024724, -1.072586954785073, 46.87186427108554;
  -34.49315858570167, -9.586792668085352, 46.54030677855582;
  -34.40877940167272, -6.161673086335448, 46.49374948609876;
  -35.35194530474686, -6.847721210449059, 47.7759928286189;
  -24.4032269999252, 3.97884535901364, 33.3940314210649;
  -35.41961138878974, -4.675989319014291, 47.99699883665609;
  -25.63274743090049, 1.123932462192597, 35.24155744583096;
  -26.19391047869625, 0.8224010574760948, 36.05426501263381;
  -34.99281943455971, -7.296236998176005, 47.87308025406198;
  -34.80830898068418, -6.439759389733841, 47.69489073424459;
  -34.73653658993898, -0.5719427360667229, 47.64321734270195;
  -37.1846834594334, -7.249322724844821, 50.94267825488618;
  -33.45845534036431, -5.488032948081044, 46.14452902069228;
  -25.88095665589251, 0.971695356029793, 35.95594361233398;
  -34.40769424219452, -1.756780493971424, 47.6169787193695;
  -35.5690890457246, -8.719225782884452, 49.23587371457757;
  -34.1118676436996, -6.142875781520665, 47.32698454065882;
  -33.93575914516919, -4.992758574891766, 47.23049218744565;
  -33.69902983753273, -5.45631154654388, 47.08136459630465;
  -34.26510040431663, -6.235604680660597, 47.96540071671823;
  -24.84434342985516, 1.065617081062836, 35.13807944203144;
  -34.34649886612787, -10.26565769805835, 48.14333872382355;
  -34.22954766008618, -4.166118640119859, 48.02636414859374;
  -33.08863202552727, -5.60404997694509, 46.72629312241062;
  -33.1227441299454, -6.052860464744668, 46.95189480721839;
  -34.18454242984644, -5.443528670688766, 48.48200282939408;
  -33.00271599948055, -5.741289773647696, 46.84509063140953;
  -32.3678336664797, -2.398017891966263, 45.99984128751148;
  -33.0270029865456, -2.747294429968314, 46.92773983906097;
  -25.3314859545134, 0.469224689962668, 36.35697081844447;
  -33.16971254914063, -4.952240441077325, 47.27117193918107;
  -33.1931722792888, -9.721427364727079, 47.3061270237621;
  -32.92606771069893, -5.440720186057616, 46.99412334261645;
  -33.41200630741739, -3.845889968068442, 47.93528103539941;
  -25.24993032903823, 1.019735933352512, 36.51607171597985;
  -33.54017207824221, -3.441960551453924, 48.15717606010638;
  -32.88276462524485, -4.057999735453757, 47.33790557215068;
  -33.22304888145268, -5.360911602632005, 47.83172901491358;
  -32.6906583086498, -10.06751801960811, 47.44940656626161;
  -33.02032909801609, -5.049251090529269, 47.98467023510576;
  -32.31122793806894, -10.45978458194613, 47.3793584173406;
  -24.43567792245881, 1.131638410512821, 36.2372678183317;
  -32.37201196310017, -4.511577538667314, 47.7172211657198;
  -32.99975199480497, -3.276231086725012, 48.664631867144;
  -20.08853551236054, 4.826593823402599, 30.10973552732376;
  -32.48309981583458, -8.427759931291279, 48.33175488291095;
  -31.87402787879395, -0.6024355573737548, 47.56944469140111;
  -32.38464343966464, -3.973744688174616, 48.41727102921729;
  -31.97349503681779, -7.185816222217619, 47.82901541360101;
  -31.52775463967819, -4.876933207876586, 47.22515569560233;
  -25.33991418210385, 1.325063360068233, 38.34857000074324;
  -31.29335573697102, -0.1934875586386639, 47.13081452319525;
  -32.80726712419401, -9.141970311238509, 49.36186364190084;
  -31.36062938080311, -5.279309154762164, 47.35937644068498;
  -31.12879444792828, -5.580241804640279, 47.02321141631015;
  -31.06926655670793, -8.954240218581171, 46.98363787049765;
  -31.22257192398182, -5.76531608705637, 47.23939759716694;
  -31.25868554570731, -8.025869038043439, 47.37894974372901;
  -31.13570595012068, -6.025052657964004, 47.21365861793058;
  -19.00791609828919, 5.116429349573402, 29.41073998289657;
  -28.01521035982866, 1.306469234584394, 44.04962850576315;
  -31.47232833341278, -2.108710132859375, 49.50012402828552;
  -18.95676353697811, 4.867630553810095, 30.38618312586707;
  -24.43779295528278, 1.947166656482274, 39.42310204126049;
  -25.18912600399747, 3.69673485138943, 40.76519129261666;
  -18.5004943850145, 5.192471970877879, 30.24763172614479;
  -18.09693284928045, 5.034159514757844, 30.27100064450023;
  -26.92091940112638, 2.068643413528504, 45.38797901298214;
  -27.6707927787699, -1.761757144034714, 46.88757969734084;
  -28.00557472519911, -0.9359349595105211, 47.50624977388526;
  -25.98476043423255, 3.732937136125502, 44.33971249067189;
  -28.5764067627496, 1.303548184517484, 49.35722192589081;
  -26.61958172751407, -0.4367253942493255, 46.0684701992787;
  -28.20127917553771, -2.271836582831997, 49.37897037461131;
  -27.78206745987472, 0.1891225956900733, 48.67781993159834;
  -26.97947888432778, -1.485130141588662, 47.52465278108312;
  -27.1336060275809, 4.364860888634905, 48.07483104637355;
  -17.27100775611413, 5.183616901456094, 31.0333280167423;
  -27.07352597421928, 3.043359577032454, 48.19351238971936;
  -27.16230844446552, 3.964836617945246, 48.47728892093907;
  -20.27689179863813, 4.543469748821861, 36.50778144986501;
  -26.10960022625561, 4.418770924752368, 46.80324151009658;
  -19.83641194408376, 4.710600209293774, 35.96779142987443;
  -24.47517825942921, 4.396921261113733, 45.7110065763855;
  -25.77686162700045, 4.152932249191268, 48.6043808701236;
  -26.17057360211459, 2.401402541973829, 49.4348301330762;
  -25.58101500604371, 4.309077013672758, 48.83229840585065;
  -21.45552907538204, 4.682536492100474, 41.16660275557458;
  -17.38398722016048, 5.078132155631375, 33.67015645862363;
  -24.90804118522514, 4.261289590883856, 48.26399038945451;
  -17.40735971243997, 5.104849545697438, 34.52070652644501;
  -24.0459131882591, 4.351987796440063, 47.54031731871778;
  -17.85661562371723, 4.999339904362604, 35.92916338588557;
  -24.6303769195025, 2.376992791524758, 49.24536484150072;
  -17.04808261049332, 4.945615082168218, 34.45198098723324;
  -23.41612842710447, 4.488792979083645, 46.98020512373127;
  -27.70737550230265, -12.83118214724481, 55.39005583751141;
  -24.14227343764188, 4.467089077984709, 48.76373015912095;
  -24.76906871443054, 2.015045768109984, 50.1116279948635;
  -24.50546526596597, 0.7654802291900503, 50.46924930081368;
  -24.51580038894144, 0.06463658784870864, 51.09041523838011;
  -23.48504913025085, -0.7179187644086397, 50.30375990296697;
  -15.03877152311638, 4.896290270840336, 32.81747922950395;
  -14.53491468720229, 5.244003753842203, 32.005812758416;
  -22.6843283352935, 4.471749755521677, 49.35996270886405;
  -15.11844459066373, 5.117866620076167, 33.66411113323507;
  -21.4242645133476, -1.57436754622867, 49.71815917548804;
  -27.53496118646726, -6.912721189127515, 64.048286347291;
  -28.45975137675413, -10.309884299607, 66.45024853081104;
  -28.63541167792085, -13.79115643678306, 66.85223782199822;
  -27.75585949219196, -12.63845333924695, 65.23213961182341;
  -28.84780944882368, -3.067625777136672, 68.00309925429589;
  -28.15153504798945, -13.45664386731215, 67.54754414713676;
