m=[-75.86087689700437, -18.59038708098599, 94.14327145055475;
  -75.465207315337, -19.29077896229481, 94.39215202631708;
  -78.31698734916859, -15.06223572023227, 98.18262976989151;
  -74.44191922639672, -18.39812737144441, 93.7195127212744;
  -76.43482287441177, -15.61758697858792, 96.52631396410507;
  -75.47747121800042, -18.61086847812237, 95.99651839905837;
  -75.43128661316797, -16.13692353849656, 95.9661034395572;
  -78.56791175557223, -18.56515110341477, 100.6016038567105;
  -73.2652055865649, -15.09390338761803, 94.54933412621237;
  -71.31540112362774, -12.51459606947794, 92.10650645494893;
  -73.77728674560181, -16.9017003248058, 95.59206947046768;
  -77.36102895176811, -4.403248419534336, 100.5595152984746;
  -66.60894158290758, -1.834524098360165, 86.91253193128013;
  -72.20125375401614, -20.8623846802119, 94.56712255036594;
  -48.04058516712759, 8.782278572868073, 63.38623352351415;
  -71.2020526018263, -15.63357705811514, 93.51307628604367;
  -74.29761964526125, -16.64233752742459, 98.1075194684606;
  -74.38892770096916, -1.257365374248377, 98.45733607786707;
  -74.71688091085942, -3.654818980671696, 98.89656585542548;
  -70.81388760445448, -14.12747849759021, 93.78305170674848;
  -73.34797927695182, -19.84375944070836, 97.49479853017306;
  -72.60176171183525, -15.2218016338401, 96.66281068325087;
  -69.24848154960216, -16.12635174572271, 92.38928538910761;
  -69.17457427077383, -14.90437738874943, 92.34709658737866;
  -51.05108001854182, 1.564090042840096, 68.45797166905042;
  -77.31495760025413, -17.1077130469787, 103.3951814404956;
  -74.06905688036436, -19.12403233799713, 99.09592550747968;
  -66.5544450304854, -14.15403324432364, 89.27978065505488;
  -49.65257832779219, 8.365208552048751, 67.1105771144766;
  -73.52863510026674, -12.70586369280587, 98.89741928173118;
  -74.6192079230017, -15.2513094960792, 100.3951017781361;
  -73.34405518421988, -2.261578392376786, 98.83058429248366;
  -70.74570668255321, -19.66257802797914, 95.45449089827896;
  -68.31772238155644, -12.23383911426133, 92.31211118504584;
  -79.86386824593977, -15.46974289029572, 107.9311354351821;
  -49.89341546465984, 8.134915294912009, 68.27549011186935;
  -83.64845296728028, -17.44126215726678, 114.4380237642638;
  -72.48514517164961, -13.4102146270415, 99.32028242843215;
  -53.53653451096972, 1.680867873135465, 73.6896617512068;
  -76.27257556471068, -1.255840387034196, 104.6123549337868;
  -70.43781940381766, -21.71754756301759, 96.86508750780061;
  -67.71870538002723, -11.10758050682132, 93.39486039818932;
  -61.09778045463812, -3.119517052555944, 84.55352140805523;
  -70.3174431360393, -10.34537096046961, 97.86512906550453;
  -66.60853101525697, -10.42279295768923, 92.83046199826892;
  -69.62007622235095, -19.55979285877918, 97.08904047495066;
  -70.96994918901912, -11.49095849597398, 99.15306373087155;
  -71.20465970362761, -12.95791064650874, 99.67459587982992;
  -70.32685017406163, -21.01964959175307, 98.57684133996102;
  -70.41309753354555, -8.570061195554322, 98.7943251999139;
  -49.96250437153278, 2.142978671233589, 70.66342697630296;
  -68.74003559391679, -11.64214327712617, 97.07161812940232;
  -68.11249136589996, -12.4468976521541, 96.55028934568465;
  -71.41282427982009, -11.3717408158915, 101.2807691047633;
  -68.03183904984736, -5.659111502133162, 96.66576301230496;
  -73.98448776213817, -12.87064928244126, 105.0159033756592;
  -68.67361902670461, -5.087784645367123, 97.59613845083779;
  -67.34222258043931, -10.05419861751327, 95.97146124345971;
  -67.10955146484724, -19.65466345173637, 95.64295148989554;
  -66.51421112069089, -22.74786516630143, 94.94936841880384;
  -51.07148433138113, 0.9460164099475503, 73.30025837508494;
  -69.14119989005646, -7.958499845558563, 99.19496654467037;
  -67.72184765952471, -10.92767976127267, 97.50017456850601;
  -71.55907084679706, -8.830969472155713, 103.0161720640695;
  -51.45321341856117, 2.077973678565829, 74.41086794006067;
  -68.78073239597799, -21.18193082135431, 99.83295241620955;
  -70.43104840748732, -10.76985171537832, 102.3493927669274;
  -59.62511218527094, -16.16612282853841, 86.79425379277711;
  -65.86457252589213, -21.32166693024704, 96.58008648543084;
  -75.01592629310957, -9.514336112932934, 110.1683333685804;
  -65.56986426782579, -9.138249645446418, 96.65175333063958;
  -67.47260005820678, -6.698711852369708, 99.50163393556976;
  -40.25527764695257, 10.150053550656, 59.91099462483046;
  -51.24707461797654, 2.373298512451641, 75.99764466247231;
  -38.57074040779371, 10.05945639395087, 57.6613315911238;
  -68.4285820767952, -17.7538370861012, 101.8152046655541;
  -65.31873385040191, -1.234557740356841, 97.48300117652444;
  -64.57803225538606, -14.51345469881514, 96.60200414644102;
  -70.25656484753945, -8.620803619235289, 105.0384003190471;
  -63.68686358204857, -9.851528707277739, 95.39601163483073;
  -65.337357370891, 0.8488380202647671, 97.9864984284164;
  -64.58664356684463, -0.3993407447079988, 97.27371983402747;
  -79.30518100987567, -22.09893337275319, 119.3226950689487;
  -61.59538302169396, -10.36908620451875, 93.01850725350069;
  -61.14062716654638, -10.96025367276611, 92.35913848792332;
  -55.53893733001571, 2.904217053943456, 84.05075134276437;
  -63.91475021600574, -18.42039064231355, 96.65331086110822;
  -65.19848953053771, -12.03904346693064, 98.64457601912419;
  -63.25751090190014, -16.24177374409707, 95.8797331881442;
  -64.40152605693872, -12.46230248859325, 97.65738636526018;
  -65.40288641589289, -14.94908822370787, 99.16680871287012;
  -60.10336461681035, -21.32201498452103, 91.6206858543447;
  -38.32787307774929, 10.31685186885747, 59.30429739684112;
  -60.53813261925883, -5.376793650264435, 94.38408856784224;
  -60.00767195001303, -4.020636304685254, 94.38091687105292;
  -38.35660061048848, 9.849031492517488, 61.48257786528474;
  -47.24090989885159, 3.76408478233884, 76.20914109847317;
  -51.48313710503261, 7.555621706161262, 83.3184895775106;
  -37.18113530102606, 10.43550506695525, 60.78979644221636;
  -53.77058487086249, 6.88434143104368, 87.98438151508528;
  -50.85166041658167, 7.712415210856386, 84.01982403134741;
  -38.79503326719444, 10.79190531754442, 64.89301180566322;
  -46.85703056409358, 6.700848261948647, 78.14107822183217;
  -53.4623311741564, 8.478561618747561, 89.13762042247649;
  -61.26920867662451, -0.0387840551826629, 102.0756204994137;
  -60.70644658971839, 4.664773480629585, 102.3495105316342;
  -57.55040681076997, -1.92331127630051, 97.62356342864545;
  -55.88365132571847, 8.028173200367041, 95.35839435513714;
  -57.73490599516038, 2.633649237922502, 99.71983502797065;
  -51.79717521796167, -0.8497932837421119, 89.64140185828256;
  -56.15477541628845, -2.610340942524507, 98.04816506413306;
  -51.26968085723993, -2.822224577323055, 90.31211430672454;
  -55.91934419781221, 8.995492827567404, 99.07687985891742;
  -55.92243708748173, 6.286291805627664, 99.54738319660524;
  -54.41504117281185, 7.942872316985353, 97.11596044837205;
  -34.71437778994675, 10.41896558536355, 62.37636437116149;
  -38.56951245952395, 8.642321260422403, 69.44295730742709;
  -54.80787473950267, 9.275647319289339, 98.24685846811757;
  -46.13320880763087, 8.287747059473391, 86.16057414752245;
  -54.00301603633793, 8.700472155849427, 101.8271036073757;
  -52.71326993510478, 4.836950933612132, 99.57258043401625;
  -51.8153655144603, 8.728207244343597, 98.91176680098714;
  -42.70233014226385, 9.319519387582949, 81.93272025722224;
  -51.6621129144379, 8.838399710690489, 100.1050103723284;
  -35.6117176852493, 10.12993010143968, 69.61565205092757;
  -36.63022985650303, 10.74211226347731, 72.64176967451897;
  -47.68636524511711, 8.630592565919439, 94.27901189612807;
  -52.85065735395208, 5.100434799201867, 105.6682937502153;
  -55.23130849652327, -25.57741275389523, 110.4133901584074;
  -35.44572146606852, 9.923784747254896, 71.32007233181706;
  -46.6107081160824, 8.935115811006837, 93.51591297736555;
  -33.83438816248583, 9.815289156877315, 68.37494422810642;
