m=[-59.66109226168732, -12.67433633789062, 73.90415829387904;
  -63.74371858040462, -13.82958168906217, 79.3379174641324;
  -44.06631387843677, 1.407090292393777, 55.23988843273363;
  -61.43959452499612, -0.8827756761072184, 76.68594609604277;
  -41.4202537866507, 6.893729899672118, 52.24239075132981;
  -57.78088395401181, -12.04281364015772, 72.72735242450453;
  -63.63827140802595, -13.6273550709277, 80.18693068382545;
  -60.45308704133586, -13.72071245763712, 76.22502651380539;
  -61.3353281533187, -10.22517202591435, 77.78681836840556;
  -41.57205617545404, 6.672645933493663, 53.09774325621083;
  -59.87874612325377, -11.84966798258192, 75.98780111631562;
  -59.02844295949947, -1.67017305508973, 74.99545924547779;
  -58.31315233171375, -15.69598419668914, 74.19716333463825;
  -57.62261849358742, -9.960517683636992, 73.41380893861383;
  -57.01024427760017, -10.65639288349862, 72.68912305097072;
  -57.21394489358409, -7.256665301226462, 73.14682875415176;
  -43.52307498853135, 1.419137931584138, 56.06192863196073;
  -56.86515992546318, -11.48018653085905, 73.40679462880375;
  -57.68675033488938, -10.29636318323115, 74.56084068176959;
  -55.30538278593302, -10.38107308020323, 71.56865628067594;
  -43.25273746775213, 1.646298566760822, 56.22508842128037;
  -59.1639243342843, -0.8306299774225997, 76.51964855658994;
  -57.29957712444586, -9.041287045184712, 74.47343784635751;
  -56.22136616282291, -2.654449505808676, 73.35818970784771;
  -38.41137492584924, 7.233741120300075, 50.50060753408146;
  -57.76597148635183, -10.01740545575575, 75.57035603137175;
  -57.90992794901577, -8.197481535675427, 75.9921291357045;
  -43.46493460425757, 1.918361004746719, 57.46052221682177;
  -58.57323735823522, -9.143687001905258, 77.15427072250667;
  -56.53134885550836, -9.905947700594659, 74.63329923959694;
  -57.23961221864673, -16.56476856293842, 75.69282081758105;
  -57.19244007368282, -6.656785208217378, 75.67255502845511;
  -58.49922684845686, -9.535958778822256, 77.85613824593197;
  -58.23951835971224, -5.781170898844418, 77.60926421961939;
  -58.01727656187662, -10.22169677011999, 77.51806138114675;
  -44.50127351185154, 0.8974763361211152, 59.75567016161416;
  -54.11880380254212, -3.808676119862711, 72.44515251958453;
  -58.12386043576633, -8.902495780416079, 77.75243926477202;
  -58.11781273016509, -4.605262262924107, 77.82234547678404;
  -62.40488991274413, -10.45321204051263, 83.48326550423789;
  -55.77745692829476, -7.998344179255511, 74.92499771134787;
  -56.51236042734217, -16.01111281867288, 75.93328333244014;
  -56.92275632442495, -9.044988605484962, 76.56718016625294;
  -43.47217602339544, 1.804773174398762, 58.81818960885794;
  -56.63419287209945, -6.231788017892897, 76.59906288243714;
  -53.02294805715763, -5.220402267434767, 71.78821575984516;
  -58.01201119837705, -6.861104046821761, 78.70951918023121;
  -56.56881396639543, -8.778042497909016, 76.77972664745575;
  -59.3688034408172, -9.727551050410177, 80.65481956064831;
  -56.06724969092821, -3.471107657197162, 76.26563469776423;
  -55.89181122523036, -16.68062784648503, 76.49150692722742;
  -56.50655264841482, -8.301313657981904, 77.40804738208341;
  -32.88668148102543, 7.979434844548203, 45.77134075592837;
  -42.94228086075624, 2.002189798805826, 59.54661867440868;
  -54.28935804509892, -17.00539825508692, 75.03432193100375;
  -55.45177907186509, -7.408718613911292, 77.02480841912845;
  -55.53358539609862, -16.88144462196645, 77.58010612848923;
  -53.87304436601078, -13.48684041636011, 75.56022161887235;
  -62.08237531812117, -16.56555702264639, 87.01725419780425;
  -43.4804125198173, 2.290491785270394, 61.48388984598188;
  -46.93226454780763, 0.7899427718867422, 66.31447310858221;
  -54.61594269190877, -11.83400696458056, 76.98884916636126;
  -53.53107346402646, -7.951536592857489, 75.52886252099025;
  -44.85211204663521, 2.381572280843476, 63.55404924844575;
  -53.71802133411622, -0.2052478459207389, 76.17615784680355;
  -53.48873765511068, -14.40228555143471, 75.89794415166514;
  -32.84376038977666, 8.66825309249686, 47.13045150170346;
  -52.67512576038862, -8.507344378083666, 74.92134887046477;
  -52.94216663376837, -9.093268065147385, 75.30470754395714;
  -53.14089812124593, -14.79802885245311, 75.69421885274379;
  -53.29453321282868, -9.483638551999393, 75.9536408116293;
  -52.58309360215885, -1.009136415528211, 74.98591995769104;
  -53.92236172570711, -11.3786827965888, 76.90349386324037;
  -51.95052825224153, -12.88739480791422, 74.18351373252749;
  -54.15214221313345, -10.08293723514101, 77.33751643010093;
  -53.57171135739807, -16.40306195222015, 76.81405718087625;
  -51.00738448311594, -4.337675343633719, 74.8413541976892;
  -31.59059019655401, 7.944973977259565, 46.99036351443018;
  -46.31592668240492, 2.258043717020132, 68.40063330538172;
  -30.20525882977274, 8.305773725357362, 45.80501039324159;
  -47.16756407489086, 3.73025788705395, 71.22559760046386;
  -42.59999752106051, 6.182840665084579, 64.58155721138016;
  -30.81952614623278, 8.387941810928822, 47.79417821475983;
  -43.91714650945244, 6.865527988148982, 68.68103730346056;
  -36.422711320139, 8.143941889793332, 57.39678702746284;
  -50.27878848714136, -2.977534261535696, 80.04998000579029;
  -48.5761073426628, -1.462884891798164, 77.44523387949201;
  -44.36927104863838, 6.203539699591313, 71.0249068557771;
  -42.54277989743301, -0.6011038513164456, 69.12532595007885;
  -46.48118293925205, -0.6567511137234016, 75.52461143741367;
  -47.35916298455702, -3.55475724566583, 77.9533241477543;
  -47.09929269768936, 0.4172514702951513, 77.55141522534403;
  -29.49222425287045, 8.645409206154865, 49.10089819444693;
  -46.8427355590069, -2.417643542339516, 77.50885465079941;
  -46.57873045059927, 7.395840279830835, 77.49267538672736;
  -45.2597546887223, 5.046257181433537, 75.65350731975731;
  -37.11575698639386, 8.155511436120756, 62.2591232865165;
  -45.24790775869217, 6.523011716851639, 75.83266211908519;
  -34.16047498508644, 7.94111861316797, 57.66986262814366;
  -43.3856802781421, 7.248094429491316, 72.96289548639886;
  -39.13109803172828, 6.93871150881083, 68.46278867333835;
  -44.15500984847085, 7.003560521568892, 78.08894446809505;
  -43.92877709247158, 4.026723679567111, 77.86156353688058;
  -28.39306305844038, 8.099867369859062, 51.01148455833646;
  -36.48273931849894, 7.797025562988403, 65.34615886948025;
  -42.90135086009153, 7.106801151635231, 76.79608897693892;
  -41.94427513418427, 7.060292781208118, 76.16535736920854;
  -46.16612637062018, -7.682045197727458, 84.45115885893672;
  -41.10780972704951, 7.288541156513514, 76.09609496404913;
  -29.98670014122104, 8.192364517183494, 56.02917999337966;
  -30.19131539477336, 8.531856661809979, 56.570920221888;
  -40.06481499465588, 3.850540090040964, 75.05092714034204;
  -39.09829984199324, 7.351056401848435, 73.3974678230054;
  -47.16145602499331, -16.18234527299908, 88.37235868441957;
  -41.31215884320083, 3.373532536126803, 78.31533223501447;
  -41.38559639713757, 1.38693880137871, 79.84232150150326;
  -41.37484659184585, -1.868680899772272, 82.5207941105341;
  -27.08213171676049, 8.564298545470122, 54.5834480001221;
  -40.18486445965122, -1.02383224875592, 80.53474404152685;
  -36.73449260623716, 7.10009080076085, 74.70781922775572;
  -25.83154595173484, 8.484962045345018, 53.13673764956594;
  -37.70509297751081, 8.132696948394649, 78.03252287082729;
  -37.03818183011549, 7.646361520957751, 78.29102490496722;
  -37.68680623513549, -2.502762722116889, 81.60706832545728;
  -45.3105681766895, -10.76125925981889, 98.88151190314601;
  -45.42143345732159, -20.84981831986626, 99.58958658116386;
  -48.52801562634814, -21.02947973150093, 107.0230251897748;
  -47.14180537342194, -4.630812570393888, 104.2967373150396;
  -37.13635656054719, -2.627413592466818, 84.07946941823437;
  -30.49409908406069, 8.252090406337013, 69.28050310459049;
  -33.45457347302524, 7.774643165854832, 78.11300991411413;
  -32.37961103944195, 3.206008682355076, 77.14389750212784;
