m=[-27.70845076027214, -6.574541474006499, 36.2081164093923;
  -28.11261081386097, -4.875109232930416, 36.77736136882609;
  -21.79516850404275, 0.9619478720196655, 28.81315192231413;
  -28.15725562147537, -3.985820587716005, 36.94927417588964;
  -28.54498039335005, -4.456068640973258, 37.60022912115046;
  -27.9116052718482, -4.890930566140727, 36.84920368406139;
  -28.33808835012257, -3.298347948001896, 37.49473789390967;
  -28.46490471273695, -8.237556832695997, 37.64157108158787;
  -28.51498021391711, -4.648226832181093, 37.95035184594595;
  -27.64001092985545, -4.86971859402023, 36.93037989384033;
  -27.54795059371701, -4.614455201192213, 36.85276709451015;
  -27.67827524326254, -4.239321454476457, 37.02530077443298;
  -28.60657426314056, -2.266788282918282, 38.30547986293907;
  -29.90724901376928, -2.104758736817832, 40.03479500672068;
  -27.34853124964561, -3.921709195401245, 36.7368602681662;
  -27.84771637158043, -7.889830210525997, 37.41780597048933;
  -28.01842319477568, -4.452109049253103, 37.6877683944512;
  -27.82642534290537, -3.061902628758707, 37.63588737722989;
  -27.15704430770598, -2.673761095440202, 36.76815091570713;
  -27.30992532779159, -4.237806457891905, 37.06721874487052;
  -27.87995603683123, -3.297373685862954, 37.82695840213107;
  -16.43278665109895, 3.987156638849684, 22.87098130624362;
  -27.43988810727439, -8.189295562853685, 37.55323624746738;
  -27.34365012900928, -4.017024674772672, 37.45793125896593;
  -20.89316242657175, 0.9741465948424811, 28.97184665043061;
  -26.65351276962408, -8.348848022258402, 36.83831103854138;
  -26.79794948751997, -3.228446227394892, 37.14857934272936;
  -25.98811063268972, -3.472180734458775, 36.09855763263816;
  -27.67920397102806, -2.606345297841575, 38.47640298851292;
  -27.09828423605651, -8.237504951614955, 37.85615050673321;
  -25.87243239208024, -6.477030785273414, 36.28766015306652;
  -16.1358598520324, 4.258638943974677, 23.15478956030919;
  -21.78725744985519, 1.156867002477495, 30.87186689262141;
  -25.83972555442506, -5.598868702109176, 36.42472573314242;
  -26.83872062779285, -3.174839314575443, 37.82813639637741;
  -26.44513011696249, -3.928174912636774, 37.31235836875223;
  -28.37309989777711, -6.97217798497035, 39.99729360051574;
  -26.38035592417809, -0.1007950608303811, 37.40931082394103;
  -26.14630305485925, -7.040108613863551, 37.10034553116081;
  -26.1930655077582, -4.49888210578241, 37.25690244953702;
  -26.33367037612417, -4.253043526610756, 37.45513801455547;
  -26.24685460974338, -4.670566890072098, 37.4061662103766;
  -26.39827632313447, -7.351069863243307, 37.60186553075322;
  -26.54417388634415, -5.60134469418485, 37.85701605499334;
  -26.23608643057776, -6.508399729907033, 37.46420187607171;
  -26.4566030386472, -4.926125855627253, 37.78406335492673;
  -26.22466615403765, -8.029700987731584, 37.60236427891253;
  -15.49869221577422, 4.261795315466486, 23.50311785196286;
  -21.18258058086429, 3.074378596901342, 32.1127727528962;
  -21.63680079525737, 2.195303406667061, 33.44253910465393;
  -17.82491695740831, 3.985565122145636, 28.08942347520633;
  -23.60137477631061, -0.7107628930078538, 37.62783988711277;
  -22.34792934218084, 3.124600959206766, 35.77384893720478;
  -27.87273979990455, -1.650637181488778, 44.37681039708386;
  -22.33601214379417, -0.3155943959246467, 36.29250659188479;
  -23.96016123802787, 1.141757037930828, 38.90822295146223;
  -14.59153116599957, 4.277390433247851, 24.29309095644464;
  -23.56421060508, -1.768718936483696, 38.7867612479286;
  -23.07611977403478, 3.664060709168845, 38.39156287720397;
  -18.64825042337693, 4.097613303353802, 31.28115432516906;
  -22.56414851957171, 2.515800125142837, 37.71688527544912;
  -22.81217125854027, 1.863764146880317, 38.1389065661934;
  -22.71297502299033, 3.274339290772256, 38.06552492599561;
  -21.77060172718723, 3.637038213850432, 36.61222155129012;
  -21.45429907394749, 3.402931683808338, 37.94232126177202;
  -14.85162809153404, 4.236817194407577, 26.68270047152355;
  -21.38395558111026, 3.542348133650978, 38.27861180505376;
  -22.81786331733556, -3.796893330667032, 41.74045239065449;
  -14.57522442734238, 4.118857492685608, 27.3102992537397;
  -21.24296528772597, 3.766443111759813, 39.32359117613388;
  -20.99989975013197, 2.018253569510059, 39.33780665933107;
  -20.39948358437921, 3.835403457525585, 38.29502679250181;
  -23.27519421761952, -7.986335895270618, 43.61366219819318;
  -20.33357020530734, 3.690459400528082, 38.45599228725735;
  -21.20092615778048, 1.731258210464239, 40.19053039659411;
  -13.36830752572064, 4.227517165019594, 26.94353333449843;
  -20.30754657428668, -0.5173968198087076, 40.69848405520186;
  -12.77614202848412, 4.196616044590417, 26.2811412220398;
  -18.47014630068427, 3.813076370967532, 39.04205370171518;
  -21.94584402802259, -1.865587353895172, 47.02251185536379;
  -18.75704214691654, -1.245646170428516, 40.61652798373289;
  -23.17437255411958, -5.503913132716154, 50.57356567726754;
  -23.42485660101389, -10.75272106414186, 51.36059360191723;
  -24.70279458034327, -8.489596403019055, 54.13709690220421;
  -23.60521827186982, -10.2292552621175, 52.05862710670592;
  -23.62315346608961, -2.320538960198312, 52.26396851136909;
  -15.17435286823037, 4.106372560183261, 34.47508969192977;
  -18.51567635635535, -1.309992261978855, 41.92086645398058;
  -16.8050505975812, 3.905393440023272, 39.23807562498106;
  -15.83373885096401, 1.567749043325394, 37.72362569477235;
  -15.49838490800259, 4.066703135825318, 37.09048753552085;
  -8.253117014550043, 4.351531108523401, 20.35368480260644;
  -26.98182269549279, -3.779556545876613, 64.14079101972789;
  -24.36326691897999, -12.78290898511633, 58.16722383588107;
  -7.930682017388393, 4.294588565294524, 20.15900441765534;
  -23.60870904025085, -12.23558554138954, 57.8213838336569;
  -30.06564456470079, -16.3988090379913, 73.69970229560974;
  -7.862078834625638, 4.356989349978407, 20.61717759851643;
  -36.33454219103182, -19.40611273665513, 91.10375925860218;
  -36.6030680672007, -20.75102294778157, 92.08849035970115;
  -37.32659798488221, -11.5002093614723, 97.07473862189579;
  -29.86211169464561, -10.80143374730412, 77.91782700982664;
  -33.99743059606238, -11.04713419438257, 89.32405251795898;
  -35.87443369001174, -18.42834291140993, 95.19973327849883;
  -35.65918114764929, 0.230052400135336, 95.04087920420039;
  -41.69831630282425, -22.37480313326507, 111.1071576328514;
  -10.65216607818301, 4.545554864270085, 29.36228904929338;
  -35.56702086634883, -15.63003650180872, 95.5518704025662;
  -35.12034250083475, -13.29067547080583, 94.59978100084103;
  -15.87213272828122, -2.274886904236489, 43.70178753088516;
  -36.96618315751576, -19.94737930785067, 100.9042285211743;
  -26.37973293835596, -12.53307209785882, 72.84456826698515;
  -14.47669355171609, -1.657565546254994, 40.63691684869565;
  -35.7795546358033, -24.07602374467037, 98.59668548805914;
  -7.486854269592698, 4.409983151010567, 21.67484767801548;
  -16.12806687369292, -3.518808622395759, 45.28744208613325;
  -14.36222036933361, -2.468750985857406, 40.48184796410364;
  -33.19206028835372, -1.610347851791264, 92.67076435214756;
  -6.964867540875517, 4.384765974796062, 20.46140036506796;
  -14.49112026607333, -2.229905097089075, 41.66892480681246;
  -6.756486899461774, 4.208449473484509, 20.14597192485075;
  -12.95519413892243, 4.067841700140509, 37.6019276606954;
  -32.65268344907084, -15.23010974095105, 92.76321405081428;
  -33.56774970406038, -12.30510477930034, 95.75999448144697;
  -33.76874532856071, -13.6751898696643, 96.65063709268227;
  -20.27823853341058, 3.022082697622117, 58.84925586283526;
  -12.91402867112311, 3.910183240587517, 38.06553345341628;
  -31.28684893452448, -7.670345916203703, 90.28252918921125;
  -32.73328559005508, -15.25210254500208, 94.72480322500245;
  -33.88343321675117, -1.878024865984509, 99.4464659249429;
  -27.05854236757345, -2.084640057598956, 80.50634591166902;
  -23.76071118855347, -1.071893458053938, 70.96370859542162;
