m=[-53.04683429593904, -9.090085628389641, 66.81011546215179;
  -42.72784425074065, 1.825513850447418, 54.12223208397852;
  -53.14571227505869, -7.449800095694187, 67.14374658508491;
  -53.04031835668607, -8.607245580349863, 67.24356352706641;
  -53.79486104700963, -8.291291490863856, 68.23329428494061;
  -53.40281358253495, -9.256922479738629, 67.86125687087528;
  -54.29641768156174, -6.286458369122205, 69.15999553784137;
  -54.63573792274067, -15.61636253706738, 69.56732646732328;
  -52.65040605580452, -5.428096338676631, 67.466660954906;
  -53.88166308116868, -8.695588488071694, 69.06061513846419;
  -51.33207270125669, -8.942787616116668, 66.04530556858437;
  -48.34868706418223, -8.004806206030036, 62.34248756665833;
  -51.39168755528259, -7.797902405357179, 66.2024519171502;
  -54.42870078983174, -4.280364501408812, 70.17596169399081;
  -63.16797675312121, -4.435716272812631, 81.33691369734923;
  -52.01917939881645, -7.382717122603928, 67.25077842253282;
  -53.12613199850826, -14.85696591664297, 68.72611662782654;
  -53.38088420006248, -8.392480380442455, 69.12702830277542;
  -52.99833596889896, -5.792162350710212, 69.00475323273551;
  -53.5335336813589, -5.210115574287114, 69.70322209020664;
  -51.26453243457475, -7.866066468684807, 66.98422782700435;
  -52.04248922833889, -6.087698955898477, 67.99498448072899;
  -32.30560226679504, 8.089613302726301, 42.70310780963051;
  -32.40176434853313, 7.693122399290215, 42.9752271971794;
  -48.37489334808968, -8.398649792268021, 63.78254002061928;
  -52.17909120149204, -15.3586905441041, 68.74937888400055;
  -51.42084804534076, -7.476900284007947, 67.81629933357577;
  -39.97595339152891, 1.797868207983587, 53.12860912701357;
  -50.88330625806868, -15.73287801476355, 67.69010311111727;
  -47.66842654213487, -6.307797537693342, 63.73404402260994;
  -51.22210124174823, -15.35130385572487, 68.89331634652241;
  -48.26621571326561, -11.90442264334251, 65.14316752357632;
  -31.35486502869824, 8.092798095944771, 42.89290170871585;
  -41.48269303088511, 2.13974410784285, 56.38985092609853;
  -47.79709817102272, -10.21783612617892, 64.85030063219746;
  -49.81740989235168, -9.02290882961138, 67.5498647153195;
  -50.47664447193815, -14.4625160098501, 68.45633852492053;
  -50.59075527831502, -7.427571606187861, 68.67965147217952;
  -50.28082443093705, -0.2290771618913162, 68.59712227458644;
  -49.2894913857059, -13.07045077718545, 67.30041306889793;
  -50.155795913139, -8.499717115785929, 68.63520543893633;
  -50.82697957595704, -8.097284746015042, 69.54410402384184;
  -50.04501476293967, -8.788906324982373, 68.62533584812825;
  -50.74578606532683, -13.93144459817622, 69.55512805381324;
  -50.69568354848173, -10.57335852767117, 69.58782768292656;
  -50.43443397033992, -12.27844179710108, 69.27015462637485;
  -50.15063851582634, -9.222302964601607, 68.93278221648809;
  -48.46903995176888, -14.52254988736165, 66.88321789821467;
  -44.81327614937629, 2.120713688875165, 63.54298905458182;
  -31.2953978233695, 8.408062099493824, 45.18722725339919;
  -41.16171536571743, 5.82615512459554, 59.83340449628541;
  -40.79539770767887, 5.045156609644423, 59.97280221459734;
  -39.88736132457024, 6.084663645674221, 59.85116305766267;
  -34.33621530607855, 7.504566998287257, 51.74956990202813;
  -29.45682959074022, 7.886210663530197, 45.0584092422629;
  -44.56127692692631, -1.343907960134446, 68.28737685587684;
  -43.39424767756072, 5.935125494674886, 66.67214822874141;
  -42.04850713349267, -0.6268097604024329, 65.63300593041318;
  -28.51779319972475, 8.160090483483046, 45.22886330436406;
  -44.57793245160574, -1.912129117876911, 70.25970449344138;
  -45.1078626549198, -3.319518456862729, 71.35007327571589;
  -44.34312009624011, 6.872254412368648, 70.85897674285457;
  -36.6049135457499, 7.837347274136754, 58.76240259813525;
  -43.59502555575185, 4.737278795184595, 69.96874447834189;
  -44.19685191650198, 6.204876432646439, 71.11620436170104;
  -35.62215080223741, 7.950443827876491, 57.5861965415053;
  -42.41544786172217, 6.909953531136183, 68.44325456172217;
  -43.57695370955577, 6.684946810478095, 71.47448907101405;
  -40.56084472103752, 6.279749379781197, 68.85198873212295;
  -30.4203545776379, 8.448813581601533, 52.04938195673962;
  -41.31296858906772, 6.673076342329193, 70.95189930245404;
  -29.8647356080269, 8.081325841051239, 51.64741524368463;
  -43.4814107154639, -7.102032813812615, 76.41269654905661;
  -27.8530081654389, 7.667888782520184, 49.77761247360406;
  -42.25351357137176, 7.287467076494981, 74.99108971454265;
  -42.28882458300242, 3.94848077692097, 75.93121597862826;
  -41.04857582560552, 7.512243764047662, 73.82610798561265;
  -43.93626671832271, -14.7432280578982, 79.11309792185783;
  -41.81079189601975, 3.318211719449629, 76.00606193124924;
  -39.16226645851916, -0.2394365163454301, 73.38356474264344;
  -26.02672861477544, 8.008826877202345, 49.93393726682692;
  -39.5902250325282, -1.0212635674537, 76.05187047817167;
  -24.94293470358819, 7.966192592486316, 48.79486672859934;
  -36.83901119520948, -2.283292232100408, 73.63741399477418;
  -35.70514367009915, 7.162342625619465, 72.22205239283649;
  -36.05534810885776, -2.351015185512158, 74.74156541752079;
  -44.78145154958054, -10.39205093324292, 93.77781558002442;
  -45.55946578635564, -20.40171670134323, 95.87230315158467;
  -34.84483012237948, -2.540525807547177, 73.80525020257903;
  -43.67226175024773, -18.45145935367536, 92.48963130849138;
  -44.69276958435249, -4.287978525755192, 94.89271039671478;
  -29.49796802608361, 7.738140622848134, 63.9123418368979;
  -35.54315691153774, -2.459935328710318, 76.9962371227567;
  -32.68013637377364, 7.36426788023054, 72.86221047052483;
  -30.17057908035131, 2.889276289279013, 68.60612673597848;
  -30.39651570222043, 7.72865574296387, 69.35737442799837;
  -44.46290035942224, -6.067978534875068, 101.6174653671701;
  -48.92574920012395, -26.42258484272719, 112.7161617008164;
  -16.30696603796491, 8.529269151803854, 38.91782545201345;
  -44.66689679376445, -22.52258712441126, 104.9012016441421;
  -31.38910609561301, 7.599924966654748, 74.16650024028395;
  -55.67692453931164, -29.45916340368794, 131.0584181795188;
  -30.96584180515334, -1.738080384675509, 74.90026236415648;
  -31.18366789773683, -2.126818645885179, 75.48345982037549;
  -30.94089477026834, -2.797095788617911, 75.0016843148746;
  -31.18869420064736, -4.269966318217382, 75.80172431593807;
  -64.83981745318704, -33.59191322588147, 156.2676469226012;
  -31.24854112699404, -5.617396856294533, 76.15639726899637;
  -72.63171576795442, -39.94750848945318, 175.4939082270256;
  -62.96727112744926, -18.81902058289267, 157.388354478188;
  -52.67749166618184, -18.45931102982297, 131.8960711933279;
  -60.99755313701269, -7.981021124200878, 153.2466107534236;
  -58.67185685370991, -18.46678643885221, 148.0273615646799;
  -68.53801617364941, -34.15103689428382, 174.5560814809233;
  -30.76105626280384, -4.391375162037633, 78.86218335417698;
  -61.79784142618212, 0.3478270402104915, 158.1307934722002;
  -71.25190244362936, -37.10108900299029, 182.4870771122214;
  -19.94352508467919, 8.247657491052712, 52.10127688170228;
  -47.42946146405906, -22.44520379544321, 122.0798293049742;
  -40.68589786863007, -3.767341089812884, 105.1725618402387;
  -58.22960477250645, -21.34059249332706, 150.5653328504545;
  -45.92712980811151, -21.09848998510346, 121.4867971463096;
  -27.70631948221512, -3.082154473428997, 73.99998732328862;
  -61.33155921407546, -39.99448970526345, 162.245133967247;
  -61.54594593215771, -32.91317344068207, 163.1133291303057;
  -32.33339345536247, -6.834259458292377, 86.43473630609927;
  -27.93225229202205, -4.668019499964155, 74.89016642469952;
  -58.37407775874479, -23.56940807776664, 155.3716049671863;
  -45.41644204142779, -3.193579515428989, 121.64260279635;
  -53.58956651005708, -2.526956587241659, 143.5363429176685;
  -13.84316916956334, 8.390798641804421, 38.08867154840621;
  -39.78876407984041, -26.22684554329565, 107.9690675476916;
