m=[-18.71016029747116, 2.587417729388953, 25.91492082457872;
  -19.26564177333132, 2.324031138969063, 26.98489117995865;
  -20.19148849458326, 1.990179372170818, 28.55124600984626;
  -15.7496834818747, 3.363125054557632, 22.53520942251066;
  -19.58457458721418, 2.59155917255847, 28.71073891092396;
  -21.27114748587584, -0.6226678021021593, 31.12404052841175;
  -12.97945784957224, 3.623379620595636, 19.46227039197305;
  -20.82047794174924, -0.3233231937995087, 31.00364985534791;
  -20.72975389731026, 3.133297780796543, 31.61933001450623;
  -20.40486775485853, 1.576186817813556, 31.27359774910416;
  -20.80450677358313, 2.206390605661907, 31.86658058896803;
  -20.58889848858161, 2.817208078572811, 31.62235006931583;
  -21.16713732974394, 3.359270375989038, 32.5784212010866;
  -12.98253220750552, 3.422623294878856, 21.26619704502831;
  -13.00646998189762, 3.483041009339887, 21.9836696529703;
  -18.58566426298831, 3.137612737693228, 31.46368964423959;
  -18.20802358062307, 1.659261364638824, 31.18595582223291;
  -18.38119208101039, 3.276536351755014, 31.51403725393101;
  -11.57451736377096, 3.462313689808972, 20.97330572605479;
  -18.23410395566091, -0.1088184097006632, 32.55420436540356;
  -11.30484723278892, 3.506657810812397, 20.86560585682181;
  -17.32678568870255, -1.039946858527254, 32.95934672810161;
  -17.59463696790562, -1.199986060789411, 34.1808834343205;
  -16.84090787874276, -1.061745986704286, 33.20322392712152;
  -17.21610492683083, -1.212086500386103, 34.65750929289187;
  -21.06133345875151, -9.149535674170039, 42.31930264107476;
  -21.79853640920835, -8.939855380131933, 44.05800132696675;
  -13.78905397059394, 3.510350337987323, 28.29044595493863;
  -16.50227415864829, -1.097632969028229, 33.97991304160442;
  -7.121645067795903, 3.512645264669184, 15.41554424224469;
  -15.18208962759728, 3.316035224496157, 32.10605188037128;
  -16.32447113740292, -0.9862396558108298, 34.69332243693581;
  -6.85108758406733, 3.53604759482218, 15.72368428722192;
  -24.85061568148456, -12.29002230534551, 54.32158908041183;
  -14.32289831140529, 3.384745704143205, 32.0735858333321;
  -22.72310791809234, -11.07984723781216, 50.87988366515398;
  -37.17397428949754, -10.70254657248626, 88.75210007335386;
  -6.043775319620189, 3.516416776224367, 15.4199263927293;
  -39.29514706492633, -11.90857722983097, 94.62323249091692;
  -38.43372459678902, 0.2265535951574566, 93.83735540109576;
  -36.81447967805871, -18.46783715666526, 90.11781113640832;
  -36.72418861894217, -15.12106256799108, 90.48160942979315;
  -35.85721778655539, -12.72789874656268, 88.55888818304503;
  -37.94102035926962, -19.10515347563936, 94.91434773971119;
  -27.06071361758523, -11.93632107491998, 68.09446577142228;
  -9.745422986020509, 3.781766158210423, 25.29258519337857;
  -12.82543362152788, -1.831302109736594, 33.1131448959873;
  -24.15866573293003, -1.612670213184006, 61.50714294171181;
  -36.25632328243558, -14.08472313103044, 92.01308217607071;
  -13.48364009356237, 3.914605762951921, 34.95916618118488;
  -36.13401411331289, -15.67412200098441, 93.74808131608815;
  -35.02385343391298, -13.18444060347072, 91.54521559443974;
  -34.59173817535839, -7.916720241246352, 91.05258855644827;
  -35.3763981222637, -15.31379829018952, 93.4166096358705;
  -32.57612321765948, -1.654382990089478, 87.14083939024538;
  -9.453937742479138, 3.706291879280974, 26.09613998658303;
  -29.03129923368643, -2.158529169147207, 78.99936720258019;
  -34.00394378955236, -13.8415109916284, 92.77637791672794;
  -34.01449779580972, -15.30896496796794, 93.13673988152246;
  -9.527069849556483, 3.872139352075991, 26.88160076162099;
  -26.83619447548078, -1.09962478631399, 74.18725422538063;
  -23.84635802462587, -0.168519162205368, 66.1007567287284;
  -28.89841524370911, -1.789992183094831, 80.53264458619506;
  -33.72339359688631, -13.25505055631149, 93.86802132755175;
  -29.03244953609899, -11.65517094783038, 80.90065167911732;
  -34.39754227394914, -15.2432407429276, 96.33952930425355;
  -30.75999718475626, -9.052672947478943, 86.87047615597886;
  -32.79993295445991, -15.69204729692228, 92.61317074787932;
  -32.62474998579046, -4.137896552587837, 92.54487634033958;
  -35.55860986727957, -19.80702926669175, 100.8456309438215;
  -24.97048477157086, -2.168259342289947, 71.864939489289;
  -38.1754716146132, -23.27631170437788, 109.6680971795861;
  -36.83557915313913, -23.37256514237232, 105.8761524863315;
  -34.512358006404, -4.430684540108739, 99.186134705717;
  -34.27307365424148, -5.602937491636623, 99.18863215492902;
  -32.05742149892659, -3.234535516416427, 93.00405843226199;
  -32.42792871398139, -8.408466813117283, 94.19616167865226;
  -10.97773674271081, 3.97924212006635, 32.70101065354891;
  -33.05134902762774, -4.749262906261128, 96.94000336006596;
  -31.56244298663751, -3.502151442585431, 92.98299347318131;
  -32.83833896358046, -3.973876377281912, 96.90705046245374;
  -10.4195917851785, 3.963431894930054, 31.50615421252283;
  -34.1773496946324, -14.76110707360856, 100.9604241508359;
  -10.7358360831724, 3.90992492041061, 32.59110006114244;
  -13.6255004141737, 2.324962702603939, 41.13693269147213;
  -31.65885710709464, -14.02189722059149, 94.30826328635278;
  -31.7782677237747, -12.66390824413351, 95.19606340931202;
  -12.88899147467627, 2.73401671508137, 39.29872436710545;
  -32.17810879507857, -4.563245193007619, 96.49725628967468;
  -31.8278380258045, -5.99890652425416, 95.72246798521711;
  -31.4441519152386, -8.288795749196995, 94.62355943914504;
  -28.63825335260857, -4.640523351658692, 86.4897520397178;
  -29.84768200415195, -4.825671018283398, 90.65241606427205;
  -33.40027837359417, -4.992144237497809, 101.7116293914155;
  -32.30869005067481, -14.47274083489164, 98.86106393760068;
  -10.89474878644968, 3.984368259817063, 34.04060155399897;
  -37.74194535183899, -19.05868896133829, 115.3667011645376;
  -38.67820940326973, -20.5590577001106, 118.4915517764202;
  -29.77860414117256, -11.58678814674326, 91.45883781401341;
  -12.46879139731611, 2.522050295614223, 39.06216888144417;
  -31.02310085947121, -11.39519228947074, 95.63291967492773;
  -12.17382589995605, 2.613851442371044, 38.76282922280989;
  -40.11670022500785, -21.74972085970458, 125.4873442198919;
  -11.04050037849477, 3.979851756217953, 35.65761560910912;
  -41.13342950516811, -22.90132582168076, 129.9642707618272;
  -11.75561119970169, 4.062717485352264, 37.98499167878358;
  -11.92259263037992, 2.568967398767293, 38.68963844518998;
  -34.03490149783558, -18.45389823498641, 108.6483344633295;
  -37.89198481431187, -23.14588843563625, 121.6103002506857;
  -11.69580330603096, 3.008677579177261, 38.91488024668294;
  -39.6938853034322, -22.59562359322379, 131.8419601474162;
  -11.56768530620274, 4.263775007850957, 39.60511363124135;
  -38.74656259945817, -20.78224869047935, 132.0606756832179;
  -11.07652470926512, 2.598591501978656, 38.57342818759634;
  -37.47527736031949, -23.76675680743101, 128.0599801579162;
  -35.73576733543983, -21.61207961976621, 123.0642399522818;
  -38.04243183725168, -21.64869582238671, 131.1719176525319;
  -38.74003046462146, -21.5287715681538, 134.0692664003418;
  -36.50346547274199, -22.48241718409646, 126.5310319656142;
  -39.71471789799277, -19.80240798270231, 137.8630373644602;
  -38.1335874118251, -22.85375435370444, 134.3109926155844;
  -29.8125582955332, -11.39567399312495, 105.5625008066831;
  -34.22614094547535, -16.93584941949075, 121.0498727602651;
  -37.74897417965921, -20.68027743356363, 133.4476789421066;
  -36.54071569597005, -21.16900932449339, 129.4072396220162;
  -37.43897378460456, -19.58580424054331, 132.7186159542559;
  -11.65569729791344, 2.770017701557689, 42.70075442242532;
  -35.46589164565043, -20.70025920113487, 129.1063609011953;
  -31.46293339138176, -17.95915353531937, 116.9206452533881;
  -32.51650814001449, -19.77205047859647, 121.2618719511679;
  -32.11081318049016, -18.40184728842253, 122.0224276174619;
  -31.22278872574431, -19.45479968544488, 119.2394841358718;
