m=[-50.11946577489797, -14.74707806632966, 64.50828360041578;
  -40.69731622729273, 2.040176244703554, 52.69919536310269;
  -45.69345188303826, -5.302628984833758, 59.3057611140302;
  -48.84666150101505, -0.2372994984889509, 63.71991572186898;
  -45.82233220141177, -12.00493171643151, 59.87690502891932;
  -48.25099079482025, -8.046352633950617, 63.15922862726088;
  -48.60065347880828, -7.616431312065896, 63.61951891890121;
  -48.20822692588919, -13.00455805355188, 63.23332453528597;
  -48.13726209959913, -8.694666549596306, 63.28992605797583;
  -49.07777617251837, -11.76086101968845, 64.503541433389;
  -48.30801015621628, -10.3151355167986, 63.5365880070391;
  -40.74312323934159, 1.891749428506218, 55.13664988151723;
  -39.27585158010417, 5.431435813457242, 54.39988582855023;
  -40.26492077086022, 4.857192445524252, 56.39804363410207;
  -42.28892875743684, 4.168219381489891, 59.79755324974425;
  -34.12661627437037, 7.287262525097286, 48.82958095695368;
  -40.83397971786513, 5.586108014042512, 58.23211923066831;
  -28.09132332508535, 7.342709286098591, 40.64468014547354;
  -40.07668114155286, 5.303208918609763, 58.75190821978158;
  -45.47775785018953, -2.542837754205143, 66.76328416970512;
  -27.46173446001385, 7.666290082517001, 41.17796811605409;
  -44.19579782945564, -0.6863207725930068, 65.81169965529945;
  -45.39869974334003, 2.036639274915851, 67.68198117655403;
  -43.34323290112164, -1.816450289730148, 65.23570328193122;
  -43.08126147269586, -3.109692849409514, 65.09340227630661;
  -43.31085926355565, 6.546426932376581, 66.0625475367506;
  -32.45868775660319, 7.064750514069188, 49.87866953804645;
  -41.7566754763846, 4.428441274645042, 63.95933720885901;
  -43.41293623675207, 5.940253420967247, 66.6776354245863;
  -42.19129849466647, 6.695850126057573, 64.93678724560165;
  -32.30036100729476, 7.172295373495036, 50.95372795314238;
  -41.11041992991331, 6.193766441096066, 66.51617226038698;
  -26.7962787676207, 7.064382083574142, 43.89397501484979;
  -27.01768319139129, 7.235145174973855, 45.66556666757469;
  -43.53383041629866, -6.934076252633791, 73.04888892200368;
  -38.53305470393098, 6.505110689105095, 65.2326468988984;
  -37.80920555784125, 3.445478512921979, 64.75805619317039;
  -37.74416171046845, 6.728079297894566, 64.71130452365716;
  -37.65263812548455, 6.483932460888536, 65.02963080139344;
  -39.29396014288076, 3.057521664738935, 68.12593132502951;
  -24.16008471004343, 7.227065233869488, 43.77865850175157;
  -23.41679476270137, 7.7548478820336, 42.74218586826525;
  -23.96476616697358, 7.433646181433516, 44.23229743792025;
  -36.05050276019372, -0.9104356255692563, 65.99116468070359;
  -36.22307913098202, -2.174094954784985, 68.90424144946516;
  -34.67882260375522, 6.752529987467895, 66.68174954661519;
  -41.01937885269656, -3.321565833702598, 80.3792254102068;
  -35.10985867466101, -2.213523867595605, 69.22195097901027;
  -45.52163680575823, -10.23721060418889, 90.97337363457639;
  -37.05403350069277, -2.608760458996095, 74.59297650933777;
  -43.22224817359971, -18.77675515449647, 86.84803385638226;
  -44.0584985663039, -4.078221310880168, 89.23563450627387;
  -28.66152267037305, 7.296511131781558, 58.80369021846038;
  -34.48222090936869, -2.293551916031058, 71.00250890982144;
  -31.64304545457666, 6.911397305083314, 66.91656313047115;
  -33.91144807483861, 3.156222759374554, 73.04211958048624;
  -31.00171340610467, 7.621339425660932, 66.99053963431879;
  -50.57608275475425, -26.1757318890458, 109.6617356454021;
  -47.38849387366889, -23.43626629573015, 103.5877068133578;
  -60.97136458935662, -31.75205357190903, 134.043641767874;
  -28.61456523554183, 6.762110897610845, 64.07723452416137;
  -14.29947283318367, 7.380378063855637, 32.81820492640737;
  -46.07506189122869, -22.46632146745587, 103.16783238194;
  -56.66178475830916, -28.95549041786216, 127.4304262091873;
  -29.79354968336612, -1.59185719341984, 68.26414863372123;
  -29.9359672116064, -1.955487623517527, 68.65195016228917;
  -29.74510938777766, -3.053672705097621, 68.37916267904951;
  -30.01953260817207, -3.960760040914252, 69.13113335318745;
  -71.44500528769778, -20.56932332573172, 170.5734826643621;
  -49.66137521987829, -4.756638664865396, 118.8383310089221;
  -54.90265056087513, -6.954332053033272, 131.5065558467287;
  -71.36904900559854, -21.62872251116628, 171.857611464192;
  -20.86313731242678, 8.294228240069499, 51.08192730542483;
  -37.17972752405107, -4.812836633231288, 90.65412418837695;
  -72.74266563511974, 0.4287930091050815, 177.6038996906402;
  -44.13060309112542, -3.711538788213659, 108.5470561386568;
  -14.00257322052902, 7.649847114725085, 35.37552427773574;
  -66.5800285784874, -27.4141054104776, 164.0408779121637;
  -67.40908088394075, -23.92756630469385, 166.4845636395434;
  -27.49654578553843, -2.92369700708132, 69.34634505401611;
  -69.2800907228856, -34.88590326600345, 173.3130674938255;
  -53.603246151863, -23.64407553209606, 134.8850019961475;
  -70.63715247688485, -44.36989714647307, 178.3240125391485;
  -65.59662829193873, -33.75137304626166, 165.8561848323316;
  -23.43187739361457, 7.43466634214756, 60.12181443020717;
  -13.23038052968291, 7.501133283119899, 34.46877190764983;
  -66.70603200658555, -24.43368562821158, 169.0444538205327;
  -68.36099785081353, -26.55662903789606, 173.4899058540872;
  -47.49660612343586, -3.170554316590077, 120.9247470193811;
  -35.74112051459245, -7.101825586880937, 91.32254097721078;
  -69.21640997029805, -3.092247925253466, 176.5107457180187;
  -61.56307777426274, -38.62174020675268, 157.1523974922354;
  -25.77201112636999, -3.679901962040164, 66.53906322949125;
  -27.47999205128036, 7.978063379278039, 71.24764545124693;
  -74.11728699460038, -32.1504108315308, 192.2939816846324;
  -28.8754535016807, 4.001399365551743, 75.765591910879;
  -66.74802622597639, -22.75657156717844, 173.9042147652658;
  -28.50510301617376, 7.883343868519424, 75.01597771688205;
  -68.00349504722036, -25.59935453619566, 177.747278066361;
  -59.73774079950704, -13.67167441417203, 157.2420531959265;
  -51.2636921953555, -2.603433803664016, 137.1299199201459;
  -22.71672312249266, 8.170360648633995, 61.6862294440969;
  -47.70471166775616, -1.945904513687778, 129.0845662687543;
  -58.82540863732152, -4.065986822692106, 158.9399278556814;
  -20.60211353767299, 8.076787491164348, 56.86896334030709;
  -62.40698175024031, -25.4031393886643, 170.2712414576327;
  -63.25942192512086, -28.47127951025875, 173.2136796569513;
  -35.06826890820548, -5.42577585651135, 96.92533965151246;
  -76.02147672912223, -41.49174391520586, 208.850881518427;
  -51.66906310907274, -2.117162421529973, 142.8364190743309;
  -47.50994129791564, -0.3357466786199765, 131.6948721765641;
  -74.41617347007703, -42.63793368112871, 206.0753002301497;
  -19.57981058781882, 7.957930012113521, 55.2464356325054;
  -53.30598631812757, -20.95202968143953, 148.3755614991896;
  -57.2814214996852, -3.548059499329022, 159.6289734271982;
  -54.89261192798403, -22.97298833163485, 153.7265822680604;
  -66.18874842350135, -29.33148591423088, 185.3793162771128;
  -52.95596153888688, -15.58494942478049, 149.5549419770618;
  -64.55277398625104, -30.88314796088781, 182.2697957260618;
  -61.8250333488245, -7.84145755811623, 175.375752105268;
  -73.89968735372214, -41.16396213681703, 209.5824506512804;
  -48.2208455270632, -4.1871553461474, 138.7793700292966;
  -72.42788437776871, -44.16065975253746, 208.0662772850316;
  -65.31505523906419, -6.827415785068201, 188.5471810630565;
  -60.08058229254201, -9.821930488121934, 173.8773369668698;
  -61.20072058747866, -15.86916736303312, 177.7749366034169;
  -60.6863300857498, -8.720229124458731, 177.9937344616431;
  -58.54506260019006, -6.496128184003831, 172.4738220024712;
  -23.22674706194531, 8.419299204126938, 69.18895223319063;
  -58.7775993587853, -26.0329504092331, 175.0920223341186;
  -53.36802918383653, -5.983240245223708, 159.7445457913133;
  -56.36956638759382, -22.46374858123597, 168.8625970060082;
