m=[-35.82607941360548, 4.775809337134755, 46.98821234071955;
  -36.97673768227419, 4.29711963851357, 49.07423550861607;
  -37.68034517343711, 3.617232419891446, 50.5563046841063;
  -30.13373738876421, 6.227240724620557, 40.71917252869517;
  -26.53098314580513, 6.711584024544771, 36.08018773048236;
  -35.259305931463, 4.979062806644151, 47.60306132867115;
  -41.05612428053792, 2.838279794743899, 56.6723044045183;
  -37.87114436024334, 4.810845577230699, 52.61230451175251;
  -25.99196666643096, 7.024674674724841, 36.62927836977001;
  -38.76215773016593, -0.6518612045039389, 54.79958906035743;
  -40.59630816482176, 1.716533091294339, 57.48869044027934;
  -38.69734621333607, -2.79477737751653, 55.48786891387234;
  -39.18605591319936, -1.957289047354208, 56.461593047308;
  -38.98607684921122, 5.672284766984874, 56.44248357134877;
  -39.90682647940677, 4.058002625683475, 57.98353412184041;
  -38.48822853923947, 5.058442661158765, 56.11011743897665;
  -40.85639946547873, 6.234660069787085, 59.65728757563078;
  -34.12983889008491, 5.52257165673101, 51.54550911143094;
  -26.56034834704426, 6.756215327036919, 40.89843059894431;
  -31.7726107544137, 6.205695532858822, 48.95150388562121;
  -26.48216842090375, 6.832507416609876, 42.09178550654788;
  -35.37033351265339, 5.738672011003778, 56.72537645655169;
  -35.03168318861414, 3.029231532585001, 56.818146938732;
  -35.54861663310886, 6.085078990021736, 57.71397185564162;
  -35.49648356294033, 1.003335910489761, 59.26076647867095;
  -23.85445516304818, 6.867544415888798, 40.54935958854974;
  -23.09157687406252, 6.887469213646544, 39.97512408336051;
  -33.12469188230617, -1.988974217720824, 59.59958080675892;
  -32.2562268410702, 6.016073520284664, 58.62284417726326;
  -38.42054472379666, -3.121768470359103, 71.33079286501676;
  -32.40862468876932, -2.053703900324533, 60.39013282790954;
  -32.12527467072275, -2.263779018538731, 61.16314869432195;
  -38.72121079646453, -16.35557684330937, 73.74642710598283;
  -27.59666824832498, 6.72125833549617, 53.30455787693519;
  -31.77482105239089, -2.130443035070631, 61.79606484192196;
  -36.04187504801071, -2.798176339652399, 70.23041697328259;
  -29.64321604695084, 6.178151353155494, 59.10802755679892;
  -15.08800269567244, 7.435031087241205, 31.99479153176731;
  -45.83245113721415, -21.96823420718777, 94.95114965182999;
  -29.10899791900601, 6.554425735450921, 61.31671440902394;
  -40.29241197704528, -19.03775213536765, 85.44841119615285;
  -28.33619009008276, 2.512760976038717, 60.60770834146405;
  -28.49191717664534, -0.6098042591989382, 61.30463777597043;
  -20.49607189378198, 6.948156358816791, 44.45813642997717;
  -28.19805242827475, -1.498488261301562, 60.80095854728224;
  -28.23062648000585, -2.853528888684049, 61.06488489789864;
  -14.4186896351876, 7.270074713871615, 32.58220004087952;
  -13.6609838096763, 7.110136862274782, 31.87481472547426;
  -54.99852152687632, -15.3880114578482, 124.6710999043038;
  -46.36242269803159, -16.74614176472884, 106.137942096403;
  -57.760744130977, -16.99774011834979, 132.0302191402997;
  -16.06163770702563, 7.269947318335832, 37.74830935110134;
  -26.32951697467923, -5.046263708908809, 61.40232488969192;
  -54.96486527566471, 0.1663551902345241, 127.3443075031873;
  -26.88224896986482, -4.519422197942599, 63.09726170816449;
  -15.74635026569109, 7.284358085906998, 37.44558832916738;
  -56.3114113408253, -22.4684664674758, 131.5889864915359;
  -54.20292572613649, -18.60282938394622, 126.934069839324;
  -22.93797022492062, 6.905773508133098, 55.04820546997858;
  -57.15989229097619, -27.79999525355747, 135.5816709507877;
  -45.25251829963424, -19.22963799991677, 107.7231425953269;
  -26.1436225977871, -3.621695649330688, 63.23638880784576;
  -40.87182686031067, -2.747950203853098, 98.30731151627997;
  -53.53046490513455, -20.09553974849007, 128.738610928212;
  -53.24901670923367, -21.49608411238564, 128.166528104125;
  -26.86747207890626, 7.404358781417938, 65.33398191477855;
  -50.59955982862931, -21.20436595609629, 124.4067585402651;
  -50.92008114294595, -18.51649916825923, 126.0195241178218;
  -52.95849249683975, -11.78700846435564, 131.8457088226836;
  -48.60025161482125, -2.484869014421854, 122.7440236432354;
  -19.34506071658792, 7.180523598699723, 49.75189942340423;
  -48.48539546572391, -7.871874703316864, 123.3472350707456;
  -54.79365010596378, -30.98227724536203, 140.2797029221942;
  -43.34597241195088, -0.175248144650479, 111.4304679280498;
  -49.8646351201198, -19.5397744009669, 128.5718509777396;
  -50.47849541779401, -21.87188331755019, 130.6238516051479;
  -20.23132899832712, 7.784094529725857, 53.11254131241744;
  -42.26797198497002, -1.794740497124096, 110.2187982103475;
  -38.93079369104327, -0.3726419250346207, 101.7109555678719;
  -38.83064490253074, -3.116286844822785, 101.5294838295059;
  -19.43216235843142, 7.284660387045336, 51.63324123033595;
  -42.56025294699867, -2.620628453613283, 111.9468891020203;
  -53.01815570406692, -20.17625269199096, 139.3414941215541;
  -49.02471693505402, -15.53430490731768, 128.9747643928628;
  -37.56892710987395, -1.257780241606238, 99.30304545707881;
  -55.5297942351006, -25.72270845108534, 146.4784214038779;
  -48.42042305335309, -20.62656457944615, 128.1046612686782;
  -38.70136410737748, -3.550644858405207, 103.0318353274336;
  -49.2963793333894, -13.98303783420386, 131.2661857733484;
  -47.33699056711807, -21.77860852279073, 126.2168680631075;
  -48.18197190556195, -24.11057233947836, 128.9859507542771;
  -45.04704323679639, -5.574020809020623, 120.6014722548145;
  -47.84658006223675, -25.60929916586753, 128.2314164548175;
  -21.59259450603965, 7.674159583218621, 58.6017689716147;
  -55.80730251516119, -23.96833577272557, 150.7799336609237;
  -40.42513217542844, -3.472609351295654, 109.544279669035;
  -52.12684379234634, -30.47742887380111, 141.4149520898676;
  -47.60556294302971, -23.18542496592935, 129.9773432370718;
  -47.94323630074999, -7.619389419528075, 130.8399036024092;
  -48.38286424110284, -12.00773326949116, 132.2259408739316;
  -46.45774320791775, -11.63371211838892, 127.2597449550096;
  -21.81517731660625, 7.456934558873932, 60.57792429200751;
  -20.94183563521415, 7.296477879081665, 58.31409682812701;
  -45.64843556353222, -6.383486924606606, 126.2045733313449;
  -25.8916680112048, 5.317519142362586, 72.35170577874392;
  -43.75871891628928, -4.734060246902113, 121.4752816457447;
  -43.3984926617358, -3.883397121330964, 120.5465727816382;
  -46.82914827090158, -22.45764250243385, 130.2336952138479;
  -22.02882739786892, 7.557250913687555, 62.25504474785228;
  -43.77115593950759, -17.45228335364894, 122.5980633403924;
  -26.00619534559556, 4.145429596288933, 73.39612240375077;
  -46.19690412338817, -19.64523174075468, 129.6365074110382;
  -47.75189770752326, -18.28264274026088, 134.6865852438033;
  -25.54558684914598, 5.056945285021778, 72.6786712089809;
  -45.26180629912515, -6.256190029331016, 127.83724967456;
  -45.30029514920091, -8.280343125274834, 128.2856372756715;
  -48.11796365447772, -7.584566620732452, 136.5441570954521;
  -43.99732747277249, -6.914218749561917, 125.7153553171339;
  -47.03240143954177, -20.18804261598284, 135.4263935411526;
  -21.30691102996793, 7.335472841223325, 62.00064938799432;
  -51.55578986387408, -24.95924576465703, 148.4466807924829;
  -51.38564024987252, -26.14042621753058, 148.2900898207779;
  -42.0175415456033, -15.68814565818358, 121.4246771530445;
  -24.76624621855003, 4.688830154634455, 72.32000429405308;
  -44.99935209336962, -15.86380107672644, 130.4779490484619;
  -22.00443246850605, 7.13275586247797, 64.49711853632155;
  -23.80497801678775, 4.766453444842544, 70.61132706974367;
  -52.03493316347035, -26.96795029231215, 153.2136692234868;
  -22.65194910057416, 7.667063958325109, 67.99331431341531;
  -51.64121204550465, -27.48923508901325, 153.5818125500047;
  -23.93528699044315, 4.804189676885709, 72.25376394560631;
  -51.43798660761189, -26.7037638433146, 154.2688818628735;
