m=[-4.355248098379866, -0.7902128963351925, 6.439253053374696;
  -4.323916417035931, -0.7428040507874275, 6.487102895420748;
  -4.294199236636422, -0.8123729356625167, 6.456641052149696;
  -4.27139059755164, -0.7772537222840701, 6.483860220597835;
  -4.240497152866112, -0.7617155447795946, 6.489227296004372;
  -4.257816181981745, -0.5842099618164954, 6.550834318552726;
  -4.118526369010993, -1.158272879663815, 6.411398607230036;
  -4.15356292785943, -0.5933216892051713, 6.462247440230568;
  -5.747258963428419, -0.04933153132404037, 8.572559633820363;
  -5.628552346240696, -0.04325481746243258, 8.513824817409553;
  -4.179715149213335, -0.4819080421051577, 6.584301230484137;
  -4.188383582303611, -0.9227034514525282, 6.688625552774794;
  -4.095749818095987, -1.007937325987563, 6.67158970624759;
  -5.680770443801567, -0.04773692228020154, 9.055274135606249;
  -3.997531906601577, -0.8981406923693353, 6.790997851006426;
  -3.960848465697091, -0.7316375752973121, 6.799158406291022;
  -3.880132481431221, -0.9122658483827099, 6.710820579791426;
  -3.958617792398842, -0.7732802607745083, 6.850803476024244;
  -3.940206621784619, -0.8286730794220777, 6.836232594782775;
  -3.973489890166044, -0.8254722494339228, 6.962404204594144;
  -3.936243482611247, -0.8543399958244639, 6.938010146630336;
  -3.63174829403035, -1.386430188009756, 6.538742067073306;
  -3.87759286489281, -0.9041734818843947, 6.964324073590012;
  -3.616218801357732, -1.331404865116146, 6.574709426745282;
  -3.62936726688049, -1.439130543416282, 6.625204988529846;
  -3.849744358045029, -0.9889854832558301, 7.075465078579211;
  -6.016734920848085, -0.8561653543360973, 10.73198975021188;
  -6.005349235304228, -0.9803478351498102, 10.77767450259828;
  -6.00555932054497, -0.7924209622880718, 10.79437941466173;
  -3.087425892507107, 1.211645833799501, 6.025229582841354;
  -6.013858455680775, -0.6781360362522895, 10.95236466598047;
  -6.013910186757983, -0.7467992382507971, 10.96965657473833;
  -3.054429733664956, 0.8512871194692232, 6.057231702751994;
  -6.020269506657976, -0.9386537135048262, 10.99721451308754;
  -2.726913211498014, 0.6393758816122176, 5.537770087244161;
  -6.013837812883683, -0.7042661793117222, 11.05135637837591;
  -6.001487098972558, -0.8085225646792945, 11.04389271796253;
  -6.025971046117423, -0.605200515161992, 11.10218234821778;
  -5.999721746205226, -0.4449415734231456, 11.06197251427021;
  -2.288961628959162, 0.8992289628023841, 4.831479015002917;
  -2.984971907813487, 0.8566372898384524, 6.006765529142314;
  -6.051252432295361, -0.7501028843270416, 11.19771710495578;
  -6.002382403525092, -0.6824002504885578, 11.13038406123392;
  -6.000897668788252, -0.876260836671088, 11.17456759270813;
  -6.028131456731844, -0.5954385231082854, 11.22207881283939;
  -5.966913159869995, 0.1490374381065286, 11.42774019330783;
  -4.40789457387854, 0.6131288165489601, 8.925723965445354;
  -2.903656040467284, 0.8480246821435847, 6.246745258513829;
  -5.950936159827358, -0.3100955476089294, 11.82303377097983;
  -5.832884871646962, -0.4461513505024871, 11.72530902225135;
  -5.959932633613231, -0.3596738681137751, 11.96704154045478;
  -2.841942409496959, 0.8389853257059158, 6.237658011534063;
  -6.02998270804934, -1.890724436443474, 12.15701884627208;
  -6.011190040365492, -1.575443309501821, 12.12352130772326;
  -6.048892963926746, -1.83172170208881, 12.21279700056814;
  -5.936248465263339, -0.5895041744034455, 11.99710592513873;
  -5.897383414747199, -0.6946731285079962, 11.93023904585585;
  -5.865822569717163, -0.08552256928493318, 11.87070930054977;
  -5.999867086342497, -0.7633906631343105, 12.12847101538382;
  -5.890437056578445, -0.02087049048446162, 11.93658680783234;
  -5.713788600254156, -0.8880468760170207, 11.62471417267337;
  -6.091672142430139, -1.572640229819745, 12.40335124447253;
  -5.872631696802285, 0.08231002659527627, 12.03855669950878;
  -6.066162809947852, -0.5460371860243337, 12.43591744987613;
  -2.772297458805338, 0.8418121960855801, 6.251699826180965;
  -5.877423903356815, -2.060018677992536, 12.22617110276048;
  -2.730979222027864, 0.8002591188663735, 6.203016355049511;
  -5.918329576233941, -0.0175867112628851, 12.407365407203;
  -5.634585402321035, -2.079407322756235, 11.95316854724155;
  -5.921037462524152, -0.4012466984130519, 12.52977807657083;
  -2.112743220129977, 0.9166339519055593, 5.129507132414354;
  -5.450188352622571, -2.056171022768865, 11.84133112097469;
  -5.973520710606901, -0.1256923187881255, 13.08005392938719;
  -4.276065343849573, 0.2908324125806125, 9.656578327903969;
  -5.480361568635029, -1.541354132491167, 12.26800526258395;
  -5.893948641060727, -0.03265493559960035, 13.10742166139366;
  -5.931346042148146, -0.1840290320238405, 13.2194563543658;
  -5.837120883825596, -1.901341759167335, 13.22707152456041;
  -2.514937394883709, 0.8254928444021136, 6.29253034591827;
  -3.927755822624127, 0.4083934642799684, 9.314551986398605;
  -3.68235459793, 0.4196133320969349, 8.945616817744925;
  -5.547887984112967, 0.1253608203083363, 13.0301582072062;
  -6.171949989129368, -2.238085386927495, 14.57678597264833;
  -6.147377698025484, -1.651181413144083, 14.53703513860353;
  -6.272858475274171, -2.935716602011362, 14.95083861812955;
  -5.366277832099819, 0.07828483864105509, 12.93892709510391;
  -3.590271230300226, 0.2202393734117705, 9.082524861148983;
  -2.407067173269991, 0.816582531558166, 6.427090022073837;
  -5.920110506923757, -0.1600047681355161, 14.44314084958501;
  -3.507875718396976, 0.2535021663469199, 8.98839480647912;
  -5.874904629389659, -2.18474759607251, 14.62511555155755;
  -5.968117683736713, -0.03821701776432524, 14.86406776862479;
  -5.882062226239186, -2.21271677565866, 14.83535133963909;
  -5.917216814647426, -0.2662676168280146, 14.90315518839471;
  -5.917171500996108, -0.8742719390066469, 14.95979265692151;
  -5.876567016806719, -2.176550447097092, 15.00379595683168;
  -9.598523745247329, -4.983029561595385, 24.01137695073712;
  -5.875560903950754, -1.006672964656346, 15.08901510861821;
  -5.869035265432688, -0.6544754545704246, 15.11556641535808;
  -2.263087333138177, 0.8867646513934445, 6.438744149449144;
  -5.822099148336084, -2.372933516035591, 15.04383141034841;
  -5.707045800735335, -2.439313154883503, 14.8412869015287;
  -5.222883363607012, -1.478184800266724, 13.76287472815755;
  -5.788460161767143, -2.587960908503507, 15.29838233574305;
  -3.262149148298708, 0.675403625738888, 9.036434981350343;
  -3.177286854277421, 0.7505097761235612, 8.994049378672241;
  -3.170529650836882, 0.3626651668934567, 9.04913977105258;
  -3.139979401046631, 0.6279355028541773, 9.09927843503808;
  -3.116138075875399, 0.7324002121483643, 9.056152630859248;
  -3.131998384330248, 0.683168927803222, 9.104943169794751;
  -8.528612706928785, -3.672558299319257, 23.16852042503831;
  -4.256614645089049, -0.03136525181297852, 12.089463347963;
  -4.369875529538886, -0.6103731730420352, 12.42500292345883;
  -4.194899335539795, -0.1324474639152303, 11.9840543324882;
  -3.075101301556899, 0.6869212596836158, 9.064709575916709;
  -8.436844172972076, -3.65504417200451, 23.33359792652792;
  -4.165556373497221, -0.07103204414084828, 12.02114750912696;
  -3.071639602483366, 0.733077427366265, 9.11588142181729;
  -3.045654448924742, 0.6467381116155249, 9.065386145329446;
  -8.333852141272075, -3.811887589237051, 23.1648449142603;
  -3.058622763433332, 0.7037746015578067, 9.156389731327383;
  -3.02269316852792, 0.6062677566555641, 9.121108653244006;
  -3.008759461584612, 0.7299168126690724, 9.107045095225164;
  -4.193590520028951, -0.4973813449561679, 12.34813589337823;
  -2.999984538217028, 0.6858333598441752, 9.111532539072462;
  -3.925987814988302, -0.6202055068908907, 11.65063698447633;
  -4.25987883161848, -0.2432191421870366, 12.5955352366997;
  -2.999198583262024, 0.6438710143726162, 9.160190031456322;
  -2.992833262456401, 0.2661894040606218, 9.283180609967408;
  -2.924166382816962, 0.445537046124461, 9.176230356284213;
