m=[-5.310764131477167, 1.045536458595798, 7.495342629075702;
  -8.912120715715801, -1.704239874309982, 12.68295302885263;
  -6.637400093525777, 0.469263443980741, 9.695193552489732;
  -8.9690014142246, -1.940479337254346, 12.77940176833895;
  -8.83597605231353, -1.761995425410123, 12.76294198187945;
  -8.433019655316937, -1.913773265604739, 12.27292392034972;
  -8.718327978072377, -1.836976208000441, 12.69265901719554;
  -8.727931464450633, -1.73503029490045, 12.72304390177036;
  -8.793530458263531, -1.632605568637402, 12.81759964440149;
  -8.479969298419354, -1.922696523202635, 12.4582586938876;
  -8.613699043909367, -1.673323790114062, 12.6607614060751;
  -5.506010468525564, 0.878727861297239, 8.462565497498796;
  -8.661338148022955, -1.571506593765293, 12.80582572017303;
  -8.810624616518735, 0.2266883866956337, 13.02232529743236;
  -5.487732062481692, 1.798556464011064, 8.50310092034854;
  -8.396241483838937, -1.695001788469411, 12.52202988726922;
  -5.384581720164884, 1.152909829324102, 8.38840307231856;
  -5.404563174764854, 0.9531472378415454, 8.432965648201048;
  -8.590173887340805, -1.475702891791608, 12.88770099190221;
  -8.657435254644527, -1.637806190528, 13.01708392907496;
  -8.719671365767281, -0.4249264913959154, 13.19123591254166;
  -8.420588807125148, -1.532272416836136, 12.78223556324388;
  -8.611443611472653, -0.5972881645149539, 13.04781417137755;
  -6.024547308306997, 1.866890569106142, 9.431245384730438;
  -8.280337073468873, -1.657308938805014, 12.60465440711925;
  -8.866054917324886, -0.5346714761040932, 13.43743770855797;
  -8.464017000308234, -1.356978833494252, 12.8853737758389;
  -8.286322440388705, -1.488462410034626, 12.68054848882992;
  -5.956391303489297, 1.754684626239034, 9.394002667252126;
  -5.936410150738921, 1.916563538294142, 9.377698450385161;
  -8.326097992550668, -1.142414134948506, 12.8100618105706;
  -8.284357144385782, -1.418915238643295, 12.76175363734242;
  -7.98084961895982, -2.466815934566887, 12.35023985014359;
  -8.331958151098966, -1.043483729803101, 12.88196927703414;
  -8.266382860693074, -2.809957332272699, 12.79804358781395;
  -8.183841832665024, -1.027613850015718, 12.70648727757653;
  -8.384833765400671, -0.7921517413641916, 13.00704932823652;
  -8.158059962989778, -2.294330243191173, 12.69982746206673;
  -8.253808662051066, -1.179027206954634, 12.84154226741922;
  -8.276398834497876, -2.403851139893792, 12.88762190550646;
  -8.079906965450428, -1.400749615541722, 12.71992295622205;
  -8.253962219495142, 0.4256996468820645, 12.98619535962544;
  -8.371052391798971, -0.9651560751097582, 13.18691073341274;
  -8.332560465372618, -1.699955552058762, 13.20265248442498;
  -8.137585995088662, -1.875706669781957, 12.99849348045533;
  -8.250228604317206, -1.817530381085339, 13.17517576284623;
  -8.236339980982578, -1.305134327860152, 13.19090845766453;
  -8.483587715471959, -0.7005017891280574, 13.67551010187392;
  -8.246069624263363, -1.812571117907569, 13.40098019717077;
  -8.153130349674711, -2.006432220730573, 13.28067946783703;
  -8.317618531614862, -1.665539539159677, 13.56992969060056;
  -8.236023394147113, -1.705977994282049, 13.46290209813699;
  -7.982695051238497, -1.65589412911414, 13.21730065848699;
  -8.091458681580601, -1.461102153509214, 13.47014863711979;
  -7.934324188376007, -1.491308784042193, 13.24406629537728;
  -5.510241608026507, 0.9079187341003365, 9.522992725754211;
  -5.675303092026955, 0.4453853190955077, 9.826471994117878;
  -7.813578831136788, -2.978363831760529, 13.19238000664971;
  -5.653011298552031, 0.4079040055369625, 9.827209409660815;
  -7.90678078148756, -1.401294607796889, 13.37531822362131;
  -7.998589899362512, -2.063563580692974, 13.54193910552652;
  -8.098598581077292, -1.819542934683829, 13.75788032346556;
  -5.441900090287606, 1.214416700003646, 9.58101498774386;
  -7.677766499989873, -1.795277515950323, 13.1200791418189;
  -5.422666958960976, 0.9158209631016603, 9.565236252180627;
  -7.590769107798628, -2.056072298251164, 13.00916559923811;
  -7.839091458029462, -1.672425903759486, 13.4215576511969;
  -5.41947555266805, 1.067571436952882, 9.593202599074392;
  -7.899304564279664, -1.459138891072777, 13.55987826780509;
  -5.156461345877115, 1.77705733383279, 9.202556134734561;
  -7.606576788538046, -1.788397757162224, 13.15583225536052;
  -7.738668394571321, -1.740833080951877, 13.38714213387513;
  -7.682007568447594, -1.950800369549211, 13.29734307486605;
  -7.889763508761841, -1.54119409942011, 13.65406364176444;
  -7.861621837081177, -1.653394098920435, 13.639862222801;
  -5.429906317609239, 0.9780183265082152, 9.730806868674879;
  -7.768996136927511, -1.564443606703412, 13.5283669529441;
  -7.854735877219712, -1.631781298682742, 13.76317736025388;
  -11.57606555872505, 0.1375206071429015, 19.8175271918661;
  -8.080592243377179, -1.991802353540348, 14.14517728243021;
  -7.606349909292891, -2.153719989182328, 13.3768352635497;
  -7.673681094883238, -2.248829938874835, 13.50738387445572;
  -7.825561719189247, -1.698495125118896, 13.79331000499979;
  -7.93852293701578, -1.939326862914616, 14.04362717296583;
  -7.693868041958058, -1.756982235432001, 13.65856881483815;
  -7.445251257796317, -2.273670899447067, 13.29480171036954;
  -7.230942683832947, -2.314609327083867, 12.97739294358226;
  -4.618367571238569, 1.823618477793055, 8.63965442337247;
  -7.201488710285452, -2.749188693215025, 12.96584271902833;
  -7.612582856095682, -1.775094958897846, 13.67252723381812;
  -5.375617983730836, 0.9852637760058828, 9.972051895661313;
  -7.120533173293699, -2.689811684115999, 12.91992215192676;
  -7.11276871626234, -2.778106213985291, 12.90828185917187;
  -7.183971934260165, -2.644965835734464, 13.06130259040745;
  -7.154852880984069, -2.694742647163682, 13.06294827546922;
  -7.292763421729749, -2.891754351204356, 13.3125277903717;
  -4.556537829201544, 1.795524511018654, 8.689427115827977;
  -7.112197844561178, -2.744669368694959, 13.02396927462937;
  -7.047676475663399, -2.550454368535941, 12.96450436521702;
  -11.84226727241112, 0.05898651820672874, 21.10239273381765;
  -11.96562940194342, -1.702677194780804, 21.34297318825376;
  -11.71989020854808, -1.450863290085094, 20.99301150130203;
  -5.361470817267034, 1.057833090615745, 10.13850139410369;
  -7.691033163667753, -1.975798765497561, 14.13538965360289;
  -11.73121582596707, -1.915071311931685, 21.05376735606244;
  -11.80238334815068, -1.80424982690006, 21.19911795975948;
  -6.961436482989599, -2.59072153980349, 12.92282040529055;
  -11.72143968598017, -1.546619393732529, 21.06809049803241;
  -5.364815627382285, 1.027222755919111, 10.21978426542139;
  -11.88853551876658, -1.670917495346509, 21.55096144395265;
  -12.17220596628819, -1.167711859959214, 22.07532249558864;
  -7.11696811388602, -2.859191780908005, 13.33949082368265;
  -11.85008800768944, -1.336242242812419, 21.5812337687427;
  -11.8735153164353, -1.474437083080751, 21.65785342837084;
  -11.9295290464123, -1.859999245448192, 21.79164733711945;
  -11.82808773556779, -1.385159097614208, 21.7359391635767;
  -5.416673191703236, 1.060451401395289, 10.49308331974983;
  -11.82907931587782, -1.593617946442921, 21.76778534426733;
  -11.92705857459209, -1.197858724920552, 21.97428068598381;
  -11.95891328786361, -1.694851345291794, 22.03259981406485;
  -12.2471521343852, -0.908253310926061, 22.58065724037007;
  -11.98384600440233, -1.485497019634914, 22.17585845047127;
  -11.82888872590057, -1.344805460047874, 21.93463623036608;
  -11.74792229989828, -0.9748331016415079, 21.85849572690693;
  -11.80367564757679, -1.723591914012483, 21.98020673678381;
  -11.8774213718993, -1.173211681062566, 22.11122296941742;
  -11.7115439457548, -1.273264454311841, 21.85906108773423;
  -10.96191410831829, -0.9165257406350961, 20.69988959699467;
  -4.639441485343046, 1.765669122778294, 9.351109558953704;
  -5.818862499307375, 1.744259805056036, 11.6430726474446;
  -7.301095176645545, -2.861381928572515, 14.4065876302926;
  -5.897699433916024, 1.692541643734383, 11.86815110995091;
