m=[-11.47148703376921, 3.115761862021369, 18.16121504536167;
  -11.27848984905671, 3.173926098606264, 18.16867037888866;
  -16.76755675687143, 2.713275480768435, 27.57388001583284;
  -16.94562215059426, -1.103150962774348, 28.60065975352716;
  -16.87200116541892, -1.232404818305811, 29.0869191034391;
  -16.44754291827693, -1.12393981310524, 28.73010460623148;
  -16.59241406003127, -1.248970500174153, 29.60263680346785;
  -13.4387666926041, 3.045727194049195, 24.26736337362544;
  -16.2027163475018, -1.16196769966132, 29.515853110583;
  -15.08489300138045, 2.901206324021868, 28.15645416747154;
  -16.03714546449191, -1.062350474140328, 30.12178388572499;
  -14.26533645147847, 2.958867128436328, 28.1029652358925;
  -14.30267442099052, 1.085055497732988, 28.57639209490335;
  -14.24435276781908, -0.4076758736555294, 28.61748710326529;
  -13.97728062213714, -0.994303895387771, 28.15650584876919;
  -14.07178932404916, -2.734114600053826, 28.53592242294022;
  -9.865625497613484, 3.479613251113314, 20.8575988822165;
  -6.353479344192511, 3.245385741292743, 13.8715327244815;
  -7.681034394705189, 3.242112564320846, 16.60123837616193;
  -36.07868708711368, -9.987793505044932, 76.99595705902026;
  -29.81340344606798, -10.56760818413403, 64.09625156976745;
  -35.25065187841354, -10.27194075756766, 75.89985116159498;
  -12.3164245319517, 3.415021353774497, 27.44919518305162;
  -12.41369732455447, -1.76152545718278, 27.92672312351757;
  -34.7015119601883, -13.5668881020568, 76.28021659222624;
  -35.85199428415294, -17.00168732842606, 79.94956748812943;
  -34.72186042661632, -12.78342117621303, 78.4578407404875;
  -34.75922041208631, -13.73782328911253, 78.59530709616224;
  -9.883062198729563, 3.387582051137566, 23.480332180084;
  -33.33031723598906, -13.64635224092583, 76.88719986925079;
  -33.32996155498876, -11.88665355866541, 77.40121453969302;
  -30.02507242309446, -12.81650782151987, 70.34919049598787;
  -9.448333256758096, 3.348737528379929, 22.93067224845295;
  -32.81971954440579, -13.39664178947971, 76.95496627245808;
  -9.847204218345796, 3.396677010422396, 24.15737492939485;
  -32.82209726462516, -5.418293825790411, 78.30955525012982;
  -34.36604349996746, -18.85544357342315, 82.48551211315412;
  -22.49802341619087, -2.250298436764985, 54.4029623405219;
  -26.89761078925068, -0.3722933533140105, 64.77272169821906;
  -11.89222625075361, 3.280782771358619, 29.37894089243626;
  -22.44588851996372, -0.9541441241492772, 54.49136359507266;
  -31.66755429373033, -12.16571876440115, 76.53527558088338;
  -34.08335157765521, -14.41139466093017, 82.63338266400434;
  -35.51686440771223, -19.24183683556006, 86.10781709042558;
  -11.17114380588471, 3.637203794074549, 28.05010992495871;
  -33.9037925867958, -17.13871096095983, 83.00222183694545;
  -22.2943618815879, -0.9690469282509877, 55.06530784243941;
  -34.68093537808647, -17.2868819886444, 85.6239778529465;
  -34.07305710857764, -15.35591072863615, 84.21232219500088;
  -31.43895878729734, -13.08429942073689, 77.86268779524107;
  -24.62570646310651, -2.436863694624301, 61.2652325566867;
  -31.08994643527547, -8.712610721024523, 77.50978610702562;
  -10.9365109330864, 3.407721178829755, 28.08623496883788;
  -33.04342323459557, -16.07294790886319, 82.74089167285118;
  -30.8675620899125, -4.003936889065948, 77.3645592303083;
  -38.26622100148249, -19.91105267070311, 95.9484388991618;
  -22.4784235151493, -2.072477478813268, 56.90508477536871;
  -33.07747320678252, -13.84053966483902, 83.68328410624626;
  -34.89773143718336, -20.54537606681331, 88.56936047566488;
  -35.38044482896835, -20.02871828777758, 89.77847275450154;
  -10.88259976434747, 3.407552755393851, 28.43872877704914;
  -29.87019177835205, -4.877762452520281, 76.31586991041378;
  -30.5985915598321, -13.31276708108761, 78.75384533196962;
  -32.02040505930957, -13.52486211641456, 82.7362023672995;
  -13.04953663487058, 2.294464130322478, 34.4157112965456;
  -32.69138101720529, -15.23555000916592, 84.90839446803564;
  -30.2116263512361, -12.21128473625984, 78.60558067839756;
  -30.8507655563953, -12.00809471982661, 80.63976182438557;
  -10.93174760924816, 3.423767572568021, 29.36807658118838;
  -31.08806550822158, -12.91047467147116, 81.48135458295521;
  -29.40032865600087, -3.745290278343084, 77.40086617605455;
  -30.38431374651569, -11.36514385744992, 80.03184117011379;
  -30.49176496783639, -4.349116932275059, 80.44740835006475;
  -11.26086644776269, 3.30850167881641, 30.48615987175326;
  -30.7983405982831, -12.35103497961746, 81.3513014799609;
  -30.17735615137298, -5.582678571750172, 79.81490593696772;
  -30.24929006738389, -7.64804639224977, 80.02879381150328;
  -12.61685755413093, 2.104602486551887, 34.10428476652422;
  -28.10006755875434, -4.525632711571131, 74.51765083377977;
  -28.08624313051574, -4.205037478929059, 75.18819584277236;
  -30.51038079405853, -12.74688977843687, 81.95730562422716;
  -12.59287783341251, 2.22914797350589, 34.53472742906628;
  -37.62476934596948, -18.55014145964302, 101.3451106561601;
  -11.54784127207826, 3.545250970375437, 32.01502303314531;
  -12.02733788827843, 3.528204079813005, 33.41568569666943;
  -39.60486363594804, -19.88135269956435, 108.7805481020269;
  -37.72328621043649, -19.43963149917091, 104.6106666568359;
  -38.8061621314588, -21.43867138668525, 108.0435185862138;
  -12.01492625954262, 2.560472502149464, 34.29008746450023;
  -38.50893608364588, -21.63570861666053, 108.2030105737816;
  -11.47437928558706, 3.575586231970453, 33.63521436655816;
  -35.62742729669976, -18.67945257675828, 103.3745475319883;
  -11.58580623609974, 2.219162228408178, 34.44071959929021;
  -36.5541803703188, -20.32945653998022, 107.3559455652037;
  -35.14983090948486, -17.37120504596383, 104.4047657774339;
  -36.54610775386457, -21.29492610928244, 108.8575821691241;
  -40.03849088732855, -22.1653035703295, 119.9158273904546;
  -37.54509209871785, -19.61794470988538, 112.6647727798045;
  -36.00645004102256, -18.38389515848682, 108.4285578484401;
  -35.91434551907741, -16.52982644166228, 108.5006186483296;
  -11.37470467561827, 2.181635665589442, 35.47241985196879;
  -25.2665668437117, -8.980805261337634, 77.50817266457955;
  -34.56633155501598, -15.74543115293385, 106.0523320755027;
  -36.31251342898393, -18.26097131289918, 111.4609067071061;
  -35.15519956332916, -18.66372033633651, 108.0582377511616;
  -33.95377299265221, -16.32303674342344, 104.4727662442225;
  -33.20216825748405, -16.92746696731517, 103.820321774643;
  -35.13907166494979, -19.72334760599629, 109.8458367406934;
  -29.42128341402597, -17.71314655868187, 92.70896993168347;
  -33.95586835293522, -18.11295496202815, 106.9671827443533;
  -30.94740801843635, -16.11820802909368, 99.20246270055094;
  -30.80955649495075, -17.06037609812291, 99.10828630358195;
  -10.60478121407754, 2.229094050829648, 35.16564173172343;
  -30.1195284747906, -15.74081161321949, 98.55336617337962;
  -30.11827053193196, -17.04740878025767, 98.94758651198553;
  -31.03473583512295, -16.16266236529532, 102.854451764412;
  -29.81746552472452, -17.54089356513015, 99.78754776533577;
  -29.66760182894351, -16.56186554223695, 99.71859900329567;
  -29.94691345095882, -15.38405374461492, 101.1227272807735;
  -37.25891078243089, -22.09133423017328, 127.3384602644629;
  -27.69523098261403, -15.23220834877391, 95.98096861545221;
  -29.52504431685391, -14.73514123870101, 102.4657308285714;
  -4.864594414525473, 3.397894765308831, 17.94429930824111;
  -26.71707062770938, -12.99747928510654, 94.17808227272069;
  -28.46751561668712, 1.796510782730589, 102.4393954321659;
  -30.12764657695283, -5.14556256669783, 108.6984518031403;
  -30.68109087537826, -8.517473342833878, 110.9211497256407;
  -25.95088258424731, -13.02453448165313, 95.33498347393078;
  -31.15483577304741, -14.50682700248792, 114.6776550114844;
  -26.03285469967739, -14.21231067404131, 96.12311082394518;
  -27.85219546141782, -4.782510088572744, 102.9151720290718;
  -38.65397628400864, 2.499675070797062, 142.733416169484;
