m=[-17.14215536284055, -1.184903317495326, 26.95289179599447;
  -21.0277435554519, -8.014716870231514, 35.36213110395163;
  -15.81242152803494, -0.7869173196618063, 27.21476895890062;
  -15.25711090446297, 2.699750152408043, 26.45934357117423;
  -16.31795024138491, -1.162250866519273, 28.49737385502229;
  -14.59019737675798, 0.9482821319519281, 27.03169429330502;
  -14.34295264570748, -2.604874452600504, 26.94822748392532;
  -7.905438268487289, 3.174100703494745, 15.75446191724509;
  -13.43311352793735, -2.051427209146377, 26.64741382495949;
  -13.98005308519948, -2.649742580727164, 28.50642125451781;
  -35.26064151101645, -9.632247913281896, 70.41287538232183;
  -33.28382900626065, -11.54479920264961, 66.81159270930465;
  -33.37773304694699, -12.71541169964837, 68.54771038810019;
  -10.26747958377623, 3.079326129259091, 22.00971194089167;
  -34.81770358384156, -16.02341621376003, 72.53265827970449;
  -32.54012448033201, -11.6966712526756, 68.64474389071194;
  -35.34720308738724, -11.21116974781022, 74.4923617916626;
  -33.62792095044898, -12.94080124356731, 70.96290818884383;
  -30.15018766883292, -1.798313548913275, 64.16946997522358;
  -32.92375964995914, -13.1109957475563, 70.82286123559226;
  -31.83368836671671, -10.12446174625168, 68.81646235734144;
  -32.32460569285082, -11.25855620463168, 70.00867396856643;
  -10.19825799058993, 3.226400630055049, 22.94332475412571;
  -36.44521535102155, -15.89933325223786, 79.03109174221758;
  -31.9302147147474, -13.248021626999, 69.77477005738342;
  -32.24165480714262, -12.79756598528742, 70.47366937335718;
  -33.29847595153832, -17.54868756219879, 73.54126839769239;
  -31.37032577019678, -5.217781844937453, 69.76707166967017;
  -22.22381319825582, -1.105432305169722, 50.08613829851556;
  -34.61354500949803, -18.37045635545307, 77.47368266450721;
  -31.02080019114022, -11.58671070539101, 69.78462576868544;
  -23.38169900969707, -2.234626145380102, 53.00217401794262;
  -37.13772814569546, -5.626511692149174, 83.55974111238383;
  -30.08486243122794, -10.83432680802189, 68.85730433918444;
  -11.31850626775382, 3.214684054234873, 26.68698291283284;
  -37.58048368445725, -19.43627565945852, 85.85542597046715;
  -33.04602909674573, -15.92110619301012, 75.89945612523303;
  -30.55199638451937, -11.69930909948906, 70.25178050987167;
  -24.04590764791981, -2.497672110076222, 55.56858483588419;
  -30.435049203406, -12.30156292240437, 70.11560520906018;
  -22.87601328390477, -1.203241466644028, 53.02708346181241;
  -34.41240433201489, -15.0832741869081, 79.19067449001511;
  -32.34270027016328, -15.42413146993164, 74.81551981295367;
  -30.32137817933158, -8.340933271971965, 70.28456647646981;
  -30.89454908064711, -13.40729811240674, 71.65163201156402;
  -11.37342577852095, 3.238294070575149, 27.26576585110298;
  -29.95481891762045, -3.962362870554193, 69.82595051409227;
  -21.64476806410695, -2.101229693905712, 50.8275237515425;
  -34.76055215642609, -17.44896798371437, 81.08723296453672;
  -31.92625168377122, -12.94535721704135, 75.09132735534007;
  -34.01191609094834, -18.5541156254735, 80.22551444995432;
  -35.28336928335551, -20.00209419274653, 83.23168551549837;
  -27.34644937832054, -9.834742600769971, 64.87393257021282;
  -13.2337964541241, 2.058482606637387, 32.10258673644344;
  -31.52411091700804, -5.156853273375559, 74.747636957444;
  -29.97130482349951, -12.94990161905277, 71.23758810914114;
  -29.13486905047134, -7.139432065605968, 69.297003941195;
  -30.45057847449656, -12.82879985633688, 72.75663249419678;
  -11.44836269723421, 3.25172141623239, 28.19586340361156;
  -31.17848849293177, -14.03549855099959, 75.22425958714804;
  -30.45375327307423, -11.94741979645068, 73.51279881805199;
  -30.79412538824697, -5.21154088931506, 74.36774008808143;
  -22.08029892058164, -1.498657170604566, 53.69208589298174;
  -29.19911932626156, -11.02868197235099, 70.84235732864549;
  -13.00847447255679, 1.900000576941841, 32.31485678317876;
  -30.82212093280281, -12.39422992500478, 74.9198404146192;
  -29.19451653197406, -10.61021387565386, 71.32005019865916;
  -29.47975425643461, -4.280769479858607, 72.18153998331601;
  -34.2527275462984, -13.32808757034244, 83.90573575615646;
  -29.65411154791256, -5.489610248118289, 72.760362720245;
  -29.81108937193733, -7.418293382498624, 73.15513036102456;
  -27.24913083457354, -4.430896013323127, 67.0620943591524;
  -27.30777724102982, -4.429262720002565, 67.51007819746218;
  -28.57634196668384, -4.341124471361106, 70.94199410644588;
  -27.62339667121431, -9.295341337309216, 69.19753465001278;
  -12.85986869829529, 1.994853543972841, 32.89737399745033;
  -34.00544827760731, -16.17128770634445, 84.96297577204321;
  -35.08205299345942, -16.96814018519765, 89.37204213919169;
  -12.41855424727277, 2.342413678517253, 32.47387204977518;
  -36.29635126695483, -17.98348146478935, 93.28682457503162;
  -35.75177198738316, -18.99577917440818, 92.25282539734032;
  -36.90248637414832, -19.90449308401921, 96.02877655775023;
  -11.63793922759887, 3.250739117124321, 31.20454198311782;
  -34.39298086942367, -19.46666519137422, 90.63680774114384;
  -12.16280915044602, 2.411749115192022, 32.89474188489869;
  -11.86087617648026, 1.98193582473968, 32.23229806109136;
  -30.71089941146343, -17.98026906337244, 82.05256494766663;
  -34.46364563386991, -19.39314854480521, 92.31077134087899;
  -33.11604224921423, -16.64671961147527, 88.81291390639834;
  -33.78055736983643, -18.00436010584119, 91.64283403174692;
  -32.85464606605235, -15.61347648243248, 90.09321594209898;
  -33.91044225575538, -18.90821558085192, 93.22980267614591;
  -34.28204505314988, -18.2136223234537, 94.86847144474008;
  -34.43595431885186, -16.87783276992444, 95.66380649546194;
  -34.27427792797623, -15.17450900980181, 95.51763549794096;
  -25.05131915349564, -8.640208000448476, 70.67441767266983;
  -32.57146341220975, -14.2981212850812, 92.15357108218491;
  -32.87155634012527, -15.86056044668024, 93.01601151566879;
  -32.0479408952952, -14.77693812305289, 90.84577879642177;
  -32.32749717699474, -16.4291336052194, 91.60359615981047;
  -34.2582023867921, -17.10066855343004, 97.68020294180538;
  -32.75423277735921, -17.58081811642051, 94.284420160241;
  -27.06290945852571, -15.53752134698331, 78.47900981008536;
  -32.40255522051614, -17.50514830216597, 94.74122180279397;
  -11.13451986361618, 2.028381420744772, 33.52044261662671;
  -29.24125610388212, -14.55807576769581, 86.10931062989531;
  -29.3456232819168, -15.52644544822578, 86.71740031118979;
  -28.45051166515523, -14.21127269901377, 85.42549156494432;
  -28.43409380546409, -15.34000990060448, 85.69451465235935;
  -12.05736986877757, 0.3825227958662735, 37.16109222088082;
  -29.34435428316817, -14.60279611813639, 89.19163336236917;
  -5.137908175819235, 3.223205773290743, 16.79817508784157;
  -27.66681099013705, -15.49600894394254, 84.84088669472379;
  -4.919972564955681, 3.200184685479304, 16.22230400808941;
  -27.60777961747819, -14.67705990852252, 84.99625478098129;
  -26.09488517099513, -12.77041946831236, 80.70959158267408;
  -29.14174176581009, -15.22959765924087, 92.22017876353633;
  -23.21987186401556, -10.00827554420678, 73.73159952017277;
  -27.40097379180806, -13.06418908738365, 86.95080099177349;
  -4.91482874684817, 3.144968070839073, 16.84971713806965;
  -27.89314187893917, -12.92426939351184, 89.74898690415317;
  -27.73630886663787, -4.791196510892691, 91.28261556528759;
  -28.97115499636969, -7.873475955779144, 95.57918842227103;
  -27.57987640349026, -14.25617774475255, 92.55430164405202;
  -4.599873601493054, 3.250069184075266, 16.54743435578505;
  -15.06931121155732, 2.467072277517412, 51.9170433134591;
  -24.40038955784015, -8.49376768063731, 84.47103884355578;
  -26.8049020308213, 1.260224503195995, 94.00620534993195;
  -33.29792148021894, -11.99627534522571, 117.1737169508593;
  -30.55435409466149, -11.71205980999001, 107.887068427782;
  -29.22404284388507, -14.38350437111639, 106.1241167401083;
  -28.63500384534824, -12.30987058860092, 104.2162608019654;
