m=[-23.71776064864257, 6.059666150656527, 34.68343120259673;
  -23.35273520454714, 6.17821997662132, 34.73471890078866;
  -32.82546416545858, 4.896988591671975, 50.33049996080747;
  -33.5154946246843, -2.316664382494815, 52.6969614373313;
  -33.09287671595825, -2.554280436533835, 53.14884814218546;
  -32.80072562093817, -2.385407336903321, 53.32666513916939;
  -33.81724108386072, -2.68329352058158, 56.12319488621559;
  -38.98685863573861, -14.85982710418642, 65.56378257004045;
  -39.19134946600861, -3.855294313760885, 66.0763965474621;
  -31.9386323716151, -2.433048058074053, 54.13010344285976;
  -31.28508909544826, -1.556926522147327, 53.84478715557326;
  -30.41531104647962, 5.381998017019834, 52.74715310403401;
  -31.84450058797649, -2.268134039800088, 55.61266121406096;
  -31.05069792470287, -0.6943513547620158, 55.33292155804924;
  -29.20749159623013, 5.564959723381002, 53.36359268749006;
  -28.96015430373156, 1.882249852805052, 53.65534252966801;
  -29.12815747782389, -1.059228810886103, 54.22854895034795;
  -28.73179951562046, -2.187380418210351, 53.61663560748927;
  -28.48772091917494, -3.080017524355958, 53.26834492502998;
  -28.2329136060996, -5.12747948010662, 53.04535245878266;
  -20.33521318972251, 6.6666632998408, 39.55647922825677;
  -13.92243632153073, 6.63782419285628, 27.54113239407046;
  -16.72716369381119, 6.568704020517359, 32.97448307065069;
  -26.34045522367605, -4.022561592647244, 52.2518483316123;
  -27.31805606910768, -3.459578646797984, 54.28286466129342;
  -57.13702685159088, -15.60828119052854, 114.0983878628665;
  -49.76857972528886, -17.26268511418692, 99.90190965411779;
  -28.79368931158776, -5.457480322869179, 58.71258370662444;
  -24.38109559670516, 6.190164456565169, 50.2104176523145;
  -25.54528747614442, -3.674830901763756, 53.02063114673724;
  -43.16037757614428, -17.80469125628605, 88.7419624010105;
  -27.19823048718664, -5.194815695248535, 56.50752823288927;
  -56.10331603025576, -21.37283439941215, 115.2191448605823;
  -56.0158447953287, -25.77898894335706, 116.6928806492027;
  -55.30357631592602, -17.54078760364668, 116.5493633290831;
  -54.57956336179336, -19.61883121078218, 115.1378554467952;
  -55.79823045287936, -21.47244877545234, 117.7475321939212;
  -49.43993093508395, -2.948853872302931, 105.2243587523514;
  -19.27843381213521, 6.051855434568864, 42.12610656081892;
  -54.0443145074495, -21.5216848021075, 116.2556472173296;
  -53.8153976188323, -18.74372991656408, 116.5534596828465;
  -45.73407186182256, -18.97531784640067, 99.93933258684517;
  -20.05717224037153, 6.537950850984212, 44.60650293963744;
  -51.98850592267972, -20.63561374258642, 113.6362509779769;
  -34.97357441954106, -1.995184095014856, 77.70154423533236;
  -20.70954637880382, 6.551834004040699, 46.59088331732217;
  -57.88784595591866, -30.50757409460895, 127.8480619534726;
  -50.98414347159834, -8.480120357517199, 113.3878690854741;
  -48.70093624921167, -25.8470614203298, 109.0047517352092;
  -38.45830287616911, -4.059709504325288, 86.41865879070316;
  -44.22502486669352, -6.700264984488034, 99.50613064030345;
  -41.48450544320195, -2.063476329278347, 93.494246839548;
  -51.14042565947764, -19.10167738471683, 115.0458867697812;
  -47.77389556786556, -10.61365087269658, 107.7000436822749;
  -40.43576800308497, -3.19771721196436, 91.64370068574716;
  -54.75869784363994, -26.76350493502972, 124.7452211206057;
  -40.52766031929995, -2.074549157835878, 92.89754548519937;
  -58.46292778490103, -30.23648098378019, 133.5629315098271;
  -45.85463887034025, -3.428589847487541, 105.2033821701445;
  -56.64348106781711, -27.29002248900408, 130.0976100184643;
  -57.55599470609662, -22.03997945405535, 132.3452338835973;
  -51.76025234577434, -22.68699596175981, 119.1119706571011;
  -49.68724668369247, -20.08312151675666, 114.4683995453862;
  -40.08250120207963, -4.163408876902662, 92.62814700508409;
  -50.36659295967699, -13.85505594530003, 116.7491177390061;
  -22.49250023927894, 6.388323701784143, 53.03323206726007;
  -48.67181391929508, -6.438209119097477, 113.4560579219746;
  -59.62764138659595, -29.93165358297599, 139.09561696496;
  -38.52287323770262, -3.73972153001983, 90.461687954695;
  -51.88561659775209, -21.03841841307598, 122.0362433888839;
  -54.2979078319955, -30.78141030700785, 128.0860212789852;
  -54.53180657280288, -29.74808716192881, 128.6267502392433;
  -41.84870655198436, -4.690936364210598, 99.10269858734061;
  -22.52076148566558, 6.412214736706357, 53.98952096002063;
  -44.81236367105287, -16.11609814275519, 106.3082895658273;
  -50.07015883142569, -8.19069769003268, 118.7226521498415;
  -48.77856249113249, -21.07607890610442, 115.9398018792552;
  -48.41257163192903, -20.39617055277825, 115.6738511642174;
  -27.35077325166102, 3.22956527593267, 66.01672234757676;
  -26.36685761224924, 4.101296100076066, 63.96080946226918;
  -48.36595037906663, -21.77271122739007, 116.692404999647;
  -49.46683793193586, -19.40651037251172, 119.4087859203469;
  -39.15506794034787, -2.657573774040444, 95.21235552835145;
  -47.55985312392667, -17.96364091994233, 115.3888263497324;
  -22.48175286533324, 6.385576627853445, 55.36970216866294;
  -51.36574684334615, -20.65525854090301, 124.85557255035;
  -47.57093215527939, -6.231979561579748, 116.1534080996558;
  -23.85550092932767, 6.48671141196827, 58.98916211666447;
  -48.97497102801641, -17.79905882641, 119.6422413219469;
  -46.99496980593338, -6.824162464251398, 115.0677601500458;
  -49.76120752563534, -19.36259617898148, 121.8954234786021;
  -44.17450262603683, -11.63503554630615, 108.4592529231002;
  -47.95170354531505, -8.876885850104706, 117.655972844561;
  -47.78046782242654, -11.88985494080791, 117.2512117437323;
  -24.77799484869425, 3.619041157154833, 61.55197956525031;
  -41.29219931454623, -6.714395495214344, 101.6231080374702;
  -41.56979382690712, -6.315001740314207, 103.1987954270985;
  -25.11215574213525, 3.90466413101375, 63.23301508141777;
  -58.1170593787451, -27.63756208087604, 145.2060936714742;
  -23.43181778528397, 6.492311118697811, 59.54698720955886;
  -25.95611130052671, 6.861802879480297, 66.0391313545484;
  -54.58687792655632, -26.40204086980781, 139.0608683935528;
  -51.12119584331878, -25.32863623521239, 131.3887997619;
  -54.42064833970924, -28.91500367461663, 140.4254471936378;
  -24.04091011144163, 4.534646752572797, 62.86572682891417;
  -53.55742819421966, -28.88784913518727, 139.3687745840722;
  -51.56252622329973, -29.18474668483277, 135.8842024682933;
  -23.1057434274747, 6.453955680728106, 61.95290478265711;
  -22.27411906781045, 4.416708861332717, 60.24113248724752;
  -45.12604526193876, -22.68388888373462, 121.0221783939141;
  -23.24800550378448, 3.884709213393785, 63.17717439878386;
  -51.93234572191388, -27.67889953033377, 140.8865841900613;
  -50.47127677035298, -23.98540807007795, 138.4011146491469;
  -52.55527991752904, -29.30444124254967, 144.4899579706676;
  -50.70194182039746, -26.93730837675311, 140.3071407299051;
  -51.62490446530715, -25.88486360913059, 142.9863606260888;
  -51.64942224124748, -25.31453907678592, 143.483182987735;
  -50.64498138173021, -22.42243375318535, 141.1405043042944;
  -41.55940881740176, -14.33385341338074, 117.2468004177112;
  -47.78967285495678, -20.9785642728715, 135.2100444090806;
  -49.9572777905052, -24.1044389851632, 141.3631492884583;
  -46.56628938230286, -23.66541973764651, 131.9508140046457;
  -48.97253019951373, -22.58067221391409, 138.8216378750011;
  -48.1087645657877, -23.51629627910281, 138.4598127585186;
  -48.86218801233856, -26.22675505954948, 140.651838674374;
  -40.56235887035587, -23.28790693395334, 117.6257033481675;
  -46.41087907520453, -25.07300166657678, 135.6998964619483;
  -45.21044107786148, -22.50850730776485, 133.1351806727381;
  -45.6704750012429, -24.16374434746849, 134.9579398957744;
  -21.91971224299293, 3.993125667415957, 65.98923576535663;
  -43.97819692207262, -21.96748363003798, 132.0489112612055;
  -43.43434088984379, -23.4325462887935, 130.9021763543956;
