m=[-36.61314370387397, 0.4222801030831688, 49.87218846273713;
  -36.56920396661646, -0.7800549738584434, 50.39332311810622;
  -34.78838829122594, -2.374378827393904, 50.82764171478126;
  -27.94226364941215, 5.585790203290282, 43.25017303333797;
  -43.26665719038163, -15.92120062569205, 67.83271397114795;
  -42.36983117268986, -4.073373939858088, 66.58100599338825;
  -32.00023245413536, -1.581577295397405, 51.08054378440053;
  -30.80394387298734, 5.15832047880459, 49.50624168968305;
  -33.28221689282601, -2.329359188906018, 53.92580867684833;
  -29.73684705093883, 1.792628958683347, 50.97458506613241;
  -29.56677550623044, -1.082181676049613, 50.93803388727483;
  -29.90357708662806, -2.206919265572105, 51.61348967485835;
  -29.93956831848503, -2.715803717175373, 51.72958980241405;
  -30.00605213471882, -3.153015670701968, 51.89375178585983;
  -29.59355932875869, -3.830219027183345, 51.21251537359448;
  -29.20789009213631, -5.446216477925705, 50.74496163385729;
  -29.50223052027809, -5.152281394805069, 51.24722343529637;
  -27.84494812760595, -4.100417901189675, 50.95980320416741;
  -27.54926575135137, -4.531106911157067, 51.31974647799706;
  -27.47500712876456, -4.991975361680426, 51.76671230778883;
  -72.33051233453989, -18.99565580510388, 135.0330656035294;
  -77.37772122752054, -25.83399018519258, 145.0592561337653;
  -66.34229195283282, -18.31577672275682, 124.8607110427125;
  -36.68786273096473, -6.77501532781906, 70.3693893541755;
  -48.00571447235993, -18.94478483238651, 91.87544389886057;
  -66.86960421904824, -24.40542395738488, 128.2717194038432;
  -40.27393380773035, 3.889724286994258, 78.74930054139695;
  -72.8420379411215, -32.06413668383599, 141.6802386236671;
  -65.29809080554853, -22.49128751298784, 128.5649347239934;
  -75.10566337359822, -22.82804359584204, 147.7268562389737;
  -66.94404832181554, -24.6742245623879, 131.8801105003185;
  -62.66139915121105, -3.687413233611343, 124.2658241262934;
  -67.27646135363577, -25.61275742522831, 134.9599084523686;
  -65.86548586760708, -21.9102611556978, 132.9636848340377;
  -21.30607763082123, 6.334523184650299, 43.84621284949903;
  -81.57926303884823, -32.26434851225989, 165.7845483393276;
  -67.64471455443277, -25.64248915155682, 137.7559091165937;
  -64.20817027393453, -32.25554387603795, 132.2188685859316;
  -100.613338558899, -51.50629582256615, 207.4375975135918;
  -64.52171842863085, -10.31648872409511, 133.5897173656154;
  -43.56995847750484, -2.125956122671654, 91.12272180974412;
  -83.46131553521315, -42.25222340377947, 173.872320292024;
  -63.51124047148576, -22.63211012387451, 132.9767146020189;
  -58.21508164949011, -22.78845882265224, 122.3688309629934;
  -54.64652306482959, -4.224275191477383, 114.9019534602474;
  -42.50684620120663, -1.020838598058291, 90.32963903871064;
  -48.15996381935747, -2.344553230591492, 102.3722459971377;
  -52.46165061045191, -3.798956996924229, 111.7827567847167;
  -23.71812650255485, 6.303808975564458, 51.22408887796784;
  -72.53439774624724, -35.76187892755212, 154.4417909629713;
  -64.16160514019398, -29.39349434248233, 137.1721033053214;
  -54.64224733814075, -19.92654848717408, 116.9865706065113;
  -51.35807546171202, -5.198536545250947, 110.0633370976031;
  -63.34215630628882, -24.37485171704727, 135.6589923011536;
  -77.27740401275352, -32.27777018184915, 165.4514585194648;
  -60.84674522417159, -15.97158172642301, 131.1160199935761;
  -60.67310247444657, -7.068158618787537, 131.3775837643841;
  -23.92341701439318, 6.372361973937942, 52.51509700363498;
  -61.2471826605085, -7.803293893867954, 132.6558159834567;
  -44.26910665402199, -4.155876686331985, 96.26399210967458;
  -66.41485183769822, -31.6721829055989, 144.2050658257359;
  -65.91335314025035, -25.39876404300759, 144.0691511897181;
  -69.36313770219347, -35.95954182240493, 152.1537071205495;
  -74.44985148903231, -40.09082096362493, 163.3018380034305;
  -57.36186584791922, -19.68231994012182, 126.3136720802512;
  -26.83306612887489, 3.878779495902594, 59.80658471608238;
  -63.63812024890085, -10.02678520561662, 140.2250078232647;
  -62.15124745370908, -25.54134140656826, 137.1921725477178;
  -63.56223724883626, -25.4768805703591, 141.0208059563265;
  -24.23884352902581, 6.431357977490232, 54.62430635001173;
  -60.37693428259908, -23.48295923640013, 134.5127975371924;
  -67.60507555517812, -28.89960035478266, 151.3666027009482;
  -62.6998842654745, -23.36959840964438, 140.4807054349936;
  -44.13585672104531, -2.942633728576134, 99.31694357578741;
  -25.2119429924471, 6.244138859151176, 57.29084687664941;
  -60.5686842557934, -21.7396388473206, 136.3203683102245;
  -27.62880399834822, 3.735557449898718, 62.9367586976719;
  -61.24175890386717, -23.385297949212, 138.1890055804538;
  -58.56970728033623, -20.21615913887518, 132.7304392184942;
  -61.24011555323926, -8.533891553653598, 139.0398075290619;
  -71.12294112711612, -26.26523826263354, 161.6248894801391;
  -60.86112753510806, -10.75434199035963, 138.471188402206;
  -61.36144341124373, -14.54774534873037, 139.6371828525234;
  -61.71186874721222, -9.629627963345394, 140.6015121436964;
  -66.84665902422691, -9.779374755927941, 153.6306611993636;
  -70.25574104140884, -26.98173625915023, 162.1274747453098;
  -62.99186132094577, -28.34147300774217, 146.0738672218286;
  -71.7328784185155, -32.83232446310631, 169.4331883838279;
  -26.06346893347284, 4.553757619616945, 62.35904831320632;
  -81.56135564420364, -38.26791484314234, 194.2427899183668;
  -74.87230919942064, -37.59128325327239, 179.0131825591516;
  -79.93268312929342, -40.76371281851526, 192.6984027397774;
  -24.23566468701404, 6.304051281951498, 59.35359368003489;
  -73.17025303865174, -39.1440635045479, 178.5204533739017;
  -27.24031807209462, 4.992474158135292, 67.21902938751153;
  -24.73881296290199, 3.817555953859996, 61.38905141337121;
  -70.02013949907077, -37.29791525635606, 173.6051289506192;
  -68.90261334642466, -32.83532707543432, 170.950221995134;
  -69.77435980559126, -35.07770714023543, 175.0024376096914;
  -67.98742444215367, -30.46007842523399, 172.2165171797142;
  -69.23543459981512, -36.3617332757938, 175.870570742081;
  -72.51654132359772, -36.30938604957615, 185.3413923592674;
  -24.01493954128975, 3.67749647381479, 62.24286746591451;
  -71.52739315576406, -33.01857575399003, 183.480923252544;
  -72.5888605835118, -30.28212446447541, 186.7433654362005;
  -51.21945065071028, -16.65792891329752, 133.0473854525138;
  -70.59016045120717, -32.73653280357178, 183.4035963191259;
  -71.17634127274098, -29.3621445052267, 185.5999491955964;
  -67.48412434290958, -30.63630374997737, 176.1270625078097;
  -65.38372530053245, -28.36299066551293, 170.894044917371;
  -71.32117372402631, -34.12233400468616, 186.310518701182;
  -69.57086255384887, -35.06859260294335, 184.5032278482097;
  -62.40944057157082, -33.61762530801503, 166.3606659317998;
  -66.95850895851329, -32.12799433436224, 178.7603324789985;
  -67.23157855120996, -34.17373818385467, 181.0567492252313;
  -23.10369571074477, 3.855999401406921, 63.18895812455696;
  -61.09527638378048, -28.55776107479412, 165.489563918181;
  -61.18136712689389, -30.33845912201194, 166.2328588933948;
  -59.47024453569471, -27.83990416743845, 164.024753524826;
  -60.3919367269594, -30.53504745954661, 167.1650886503023;
  -25.3945417246809, 0.6856233458381023, 71.1053024436721;
  -62.3268175080762, -29.06093181503873, 173.9381384861069;
  -25.34526375627852, 2.068647943438538, 71.64257336841354;
  -10.64036122770759, 6.142078342908661, 30.9233641404491;
  -57.08535893149647, -29.89941068628432, 160.6107474734417;
  -56.86653578501365, -28.27503426342026, 160.5984040792709;
  -52.7871977199765, -24.17373144832655, 149.7064466893881;
  -61.38137513161159, -29.99972454099056, 177.9829416135231;
  -39.21094886240194, -15.73741488354253, 114.0096863404189;
  -57.02123502248763, -25.39487460201696, 165.6789690980168;
  -62.15556877737644, -26.8587769895252, 182.8722196452659;
  -55.66279878422267, -9.078422821585622, 167.4055693171737;
