m=[-17.00002355813033, -1.160286462934607, 24.8379171613828;
  -16.2964740370837, -1.221841499170914, 25.63236333730524;
  -15.91444583968677, -0.7865544803449575, 25.40352007391553;
  -15.12036308537514, 2.532003008181289, 24.30053607508244;
  -14.31105175820681, -2.499287830566592, 24.8591938342702;
  -14.32968923545819, -2.671969436735129, 24.89599653328599;
  -33.11864910553714, -9.143395027829554, 62.33155283557981;
  -31.22213520177434, -0.6831154514562041, 59.51117747745782;
  -10.17337898572569, 3.016747117303209, 20.30233936363884;
  -33.10468909511586, -12.08223051084805, 63.50262484955096;
  -34.96205281676958, -15.38985003646554, 68.00238057393511;
  -34.72145418771804, -15.58313619299592, 68.16716479410678;
  -32.40602547395493, -11.16193792339785, 63.80398719665271;
  -32.43129117712357, -11.95351911652711, 63.88980605932775;
  -35.05174131554198, -10.65382612867847, 68.9439826193854;
  -10.18372075998267, 3.027728349529548, 20.95728720128818;
  -30.86917779345294, -1.816547607428901, 61.21765346074891;
  -33.46466953292357, -12.7403024150865, 67.1317819885314;
  -32.53135596584929, -10.821608549179, 65.67155627700863;
  -32.18985028160236, -6.074920512251005, 65.24660566854438;
  -33.21065973845866, -13.13471414437083, 67.49036482677686;
  -32.70430486917824, -12.39741771904861, 66.60108301077401;
  -31.31994669941089, -5.007800238940237, 64.84673578724498;
  -38.96517511021634, -19.72608834603896, 81.17491754775794;
  -30.80740676346995, -10.9781609889179, 64.50303452431396;
  -11.4387586200939, 3.04019582874288, 24.70431162200752;
  -31.50011339821183, -12.33080873107929, 66.21363300578088;
  -22.74829011931132, -1.107446369555338, 48.35538417020898;
  -30.77618599765357, -14.3174427263337, 65.26793965627806;
  -23.92986295431638, -1.732856653344157, 50.98859870758665;
  -11.37233615363303, 3.029192795354069, 24.96379743356373;
  -38.82229946908424, -19.1406893341772, 82.66127031593624;
  -30.42849202171631, -11.09644736809887, 65.14601986114622;
  -31.64884626158532, -12.17887074938713, 67.78188242566239;
  -29.75617309607151, -7.810658544159891, 64.12029061247031;
  -23.72422203176204, 0.07786356134247331, 51.34623240856211;
  -28.82412634715313, -3.67238327299986, 62.43043082955266;
  -30.67157651096267, -3.573108330154492, 66.41423378591568;
  -24.07227846880371, -1.842961635394779, 52.4040881977959;
  -30.68886913075806, -14.63503191500975, 66.63404751595603;
  -13.51359685825996, 1.953420535616973, 30.11963192878685;
  -31.31239947069049, -12.06578345489773, 68.4406208838585;
  -11.63847635900967, 3.088068442197526, 26.22830158215328;
  -34.33312537485337, -17.79912931724065, 75.31251433934699;
  -35.10135835029551, -18.9018815357751, 76.99298548452785;
  -30.36327264173973, -10.41841365739932, 66.86143149388332;
  -30.74152995926024, -12.63337333067245, 67.85861033107831;
  -32.08325470918726, -5.05501894788705, 70.694650077589;
  -11.81220262145573, 2.925479937143082, 26.84168736477429;
  -30.33544863086641, -12.15898991709888, 67.30300253944955;
  -29.9214438932378, -11.63762379769657, 66.66150198340775;
  -13.24608586179175, 1.790939438637028, 30.17378926797088;
  -29.91995727658207, -11.15181302451721, 67.03643482024076;
  -32.96485670896258, -14.09171096723559, 73.8077478293276;
  -23.95345014269116, -1.597028709585235, 53.90137708899901;
  -30.20243512632493, -10.84042092086771, 67.97583818889817;
  -29.50854879278442, -11.26790310923857, 66.58458357145071;
  -30.59758083340162, -3.857000187775594, 69.29502356485692;
  -29.96894987905797, -4.176213025307282, 68.04162574464509;
  -29.53796000334738, -7.00294348308862, 67.21806549488953;
  -29.73230765372579, -5.253787066076026, 67.64692245270123;
  -29.51149373697642, -4.317402860126719, 67.82493488791083;
  -30.68725165256429, -11.78544725789228, 70.81622858937129;
  -33.91372137881323, -15.25855561169331, 78.64362680833503;
  -35.17425290664067, -16.09934676593292, 83.08164889495021;
  -11.79445052154206, 3.067909293615556, 28.88482874208027;
  -12.27732398939778, 2.250128746143886, 30.2958944847545;
  -12.07034988555954, 1.862629227194165, 29.95242054714464;
  -35.24200574242668, -14.70201895567888, 90.6641970153414;
  -25.38835744635061, -8.256969729151743, 65.9486686455503;
  -32.93331820666885, -13.58587461689552, 85.87716194315084;
  -33.96828098367838, -15.42085022534476, 88.65394055785448;
  -32.562247217352, -14.12526908842801, 85.10824540808743;
  -34.31837712503552, -16.41901087172876, 89.64903841724372;
  -34.76219185112498, -17.52258200146488, 92.18998253251445;
  -32.39252734011001, -15.54256435882613, 86.47891130223403;
  -31.99786317085561, -16.26447901428823, 86.17124887906718;
  -30.05800872888569, -14.05001306928335, 81.41851631123387;
  -5.183079162995481, 2.991898263163981, 15.06323337113006;
  -29.79952427768163, -14.77691152730776, 80.96680978161126;
  -12.35166132815403, 0.3334806139949935, 34.58493655613458;
  -30.20119206532849, -14.13813411068944, 83.29784286826235;
  -28.99097492462603, -14.65826140374139, 80.24711834039239;
  -12.41237354658769, 1.013082020264196, 35.08562353261281;
  -29.42076199484943, -13.71792741010743, 82.10578975196043;
  -28.69569224741117, -15.02984834451456, 80.73587811990896;
  -28.36498322246056, -14.10356480177528, 80.1063573572379;
  -27.82738582373424, -12.7434639622355, 78.91949624651828;
  -26.42895140949576, -13.92973812132638, 75.92533916562765;
  -21.26840620995032, -8.536129375809175, 61.83998070197468;
  -28.31099287445881, -12.60853283205706, 82.25946196591173;
  -28.96046981072269, -12.51445068331833, 85.20661141764418;
  -28.71309958952924, -4.683013867170627, 86.35449328157557;
  -30.28243879015898, -7.699830691474602, 91.25174853325673;
  -39.0410283700999, 1.53856409206914, 117.2522217342731;
  -15.65526795351906, 1.452308521991662, 47.94376160814005;
  -15.38132118193101, 1.868719236100711, 47.54048538802881;
  -26.04917453860738, -12.55198997834398, 79.8079634066867;
  -35.17851809666051, -14.51116889083738, 107.6983571381581;
  -29.0963848747925, -4.73877873311458, 89.28698607283427;
  -15.73000027418857, 2.326658310264911, 49.05486234863027;
  -37.44854420010196, 1.4204255372895, 115.2223924230076;
  -28.81438309252452, -9.268174617702028, 90.51994249311645;
  -29.66172709843918, -8.358644813911219, 93.03393840076848;
  -29.56549579544756, -3.786576052505496, 94.22871578000473;
  -32.37211532143901, -11.51646105278027, 103.9886452859861;
  -28.88432658243355, -13.15549571074126, 95.36430874879088;
  -31.4528413541223, -12.46743649941047, 103.9331441689424;
  -16.7898534927212, 2.920851648253445, 57.34017427252124;
  -35.73112081742584, -6.955419541783732, 121.3455432024781;
  -19.95971139125598, 2.759305020712043, 68.60911024132298;
  -24.75483133500935, 2.293725372416341, 85.68024061778421;
  -83.863268916799, -0.3046413370500769, 288.6146799207058;
  -71.10009709173616, 1.185898503681623, 245.2774312717762;
  -33.60964893629754, -9.690527292462683, 117.3594108732447;
  -37.12004714821251, -13.31927663585014, 129.5394158888907;
  -28.11041698293534, 3.71047795964491, 98.99631786126426;
  -35.96757427082778, -14.73345948278769, 127.2528419481046;
  -92.24832185618111, 1.171009987024415, 325.8461983177552;
  -33.48745439933465, -7.85289172680859, 120.7579429706203;
  -42.63850685764264, -18.63329457312598, 156.0488575552122;
  -37.40752427664634, 3.760718174468345, 138.1779967462281;
  -35.38181393049108, -14.92980429106968, 131.2410918203803;
  -48.49759981693338, -21.7925343433934, 179.7192463311806;
  -16.89497598039091, 3.661679592892937, 63.72206818737062;
  -36.3127522710589, 3.082436051315104, 136.5193808503769;
  -40.32048107229099, -19.51819037878801, 153.3157698542519;
  -50.14801078504911, -25.54187727640815, 190.5583815362888;
  -40.89361518973205, -19.32913008989561, 160.5538730397408;
  -177.6673488866227, -0.6259737154223918, 699.0853204207984;
  -41.94461258038172, -21.92211225347572, 168.757330606854;
  -33.40538390061268, -14.11555852695609, 139.5804057197518;
