m=[-16.38440967572319, -0.7154065997025195, 24.09420727701559;
  -15.43707476267846, 2.530338230174801, 22.84519386176457;
  -16.49799340783532, -1.039969776293018, 24.64489971434148;
  -7.965487781412119, 2.906455707242718, 13.03220236547484;
  -36.40306450660584, -8.951478680649041, 63.1805843282939;
  -37.10446794641628, -9.577897588490934, 64.85247455687696;
  -38.53492905091705, -15.94466425180214, 68.22183887439014;
  -36.34989196631548, -5.493475902094451, 66.63780885635147;
  -31.73762471470061, -1.655520962375053, 58.36540242459248;
  -10.9678882234543, 2.938340212827274, 21.07293001439103;
  -35.03587800436256, -9.932063651798401, 65.40697862397956;
  -35.0982604317733, -10.93996614505265, 65.67402864691812;
  -11.69914384601221, 3.057178540337649, 23.02849013756071;
  -34.41158235803302, -5.076770232077392, 65.98843641201508;
  -23.21575781346891, -1.613486954637489, 45.1243142081879;
  -11.63404942132692, 2.963649434112724, 23.28679117070701;
  -24.06360544811468, -0.9971392803607274, 47.20578572761075;
  -40.50408204697435, -5.471615952218051, 78.75243288949191;
  -32.2111874550846, -7.843743438816287, 64.1511236538403;
  -14.04984016092747, 1.969326923408408, 28.60807895199659;
  -11.84849911705247, 3.002705426201584, 24.33885533519806;
  -25.05816749565944, -1.717468739155472, 50.32528272788618;
  -32.49386620079955, -3.776756622100515, 65.05794551175768;
  -33.88989650660299, -3.594458597695081, 67.83190633552563;
  -12.18306968522655, 2.886792109166291, 25.25093446277394;
  -35.41030195486852, -4.149336830147504, 71.66657805690085;
  -31.64936562020654, -10.12934289615594, 64.33403915036072;
  -13.43306686264061, 1.76616550105444, 27.95423718731533;
  -31.13971072141948, -6.715912976218315, 63.47681174369896;
  -32.52306070361532, -4.708550722127487, 66.22531883507268;
  -33.07895536644683, -11.98715305511032, 68.0141292598056;
  -32.9411683172703, -8.829865277602956, 68.04618786459778;
  -32.31727543769038, -11.21065538782916, 66.83297823549006;
  -32.95107126913484, -4.870905363835183, 68.19516197398781;
  -32.93078948089034, -10.99572529346534, 68.38151556153353;
  -13.24886571701523, 1.8388701800309, 28.32983830945823;
  -31.95080517938865, -10.25734315169882, 66.77260745552874;
  -32.84763362904947, -4.181627137573219, 68.82019335065623;
  -32.26135175851531, -7.059248129056655, 67.7270258827532;
  -32.28102645389657, -5.239328629795872, 67.76096182432495;
  -31.26032432020534, -4.457650029818025, 65.71539307734938;
  -31.41406533505002, -4.199628549197128, 66.63918744382828;
  -32.24307821714919, -11.49677536105719, 68.65476790461348;
  -13.08107413328503, 2.198056953397823, 28.51785353628198;
  -31.91455211374145, -9.447034799837379, 68.19467410304114;
  -12.42507295023016, 2.180517875509071, 27.93044900684063;
  -40.69695559149118, -20.96304520111406, 92.53305637986632;
  -41.2102918277258, -15.89573233015057, 97.38606726923243;
  -5.469555474749838, 2.936483385140421, 14.03783036675744;
  -37.54772792571037, -14.31533964372004, 89.87568054611703;
  -38.11227302679833, -15.2398913663445, 91.34289235496075;
  -12.07879438602567, 1.925777299154239, 29.88021073038499;
  -39.7882226898043, -17.25722403031575, 95.979365831298;
  -39.02007575747191, -17.28374808707176, 95.45057826608127;
  -35.8207865621707, -16.76073590251846, 88.3203303435749;
  -34.33005852325619, -14.79023163363947, 85.08362430282017;
  -13.06159564912306, 0.3851528159932632, 33.09358403897237;
  -34.24756306461055, -15.65293658987725, 85.12019035314918;
  -13.39340896541257, 1.09259407517373, 34.25466067237897;
  -33.77981053395401, -15.71681763762395, 85.43314470717087;
  -33.68354905539194, -14.43685010319489, 85.87980926250239;
  -33.92873283250462, -15.51641708511962, 87.43426180204031;
  -32.77683245285442, -13.80420342596692, 84.77223643631925;
  -28.66553322966666, -10.58745589503772, 75.75877371058763;
  -32.01720526807836, -14.336810593977, 84.61395718221743;
  -33.21068281839277, -13.56459323010278, 87.92309632756373;
  -32.57548982036127, -12.90197377645182, 87.32897007784226;
  -17.05716078872203, 1.53028112869956, 47.22652769377619;
  -35.84879132839302, -5.24604650386266, 98.05623274578927;
  -50.04314439435161, 2.020597376603944, 136.9308283954987;
  -30.42439645492668, -13.37355757041055, 84.64826536749672;
  -24.11704447601938, -9.506291831713268, 67.46353250484677;
  -17.12523347631839, 2.402999666835721, 48.25903660122081;
  -36.84060166997424, -9.558797708884896, 105.1240322255308;
  -43.37582829217796, -12.64524076745319, 123.7324702414809;
  -43.63433746405056, -13.22955475223096, 126.7999862867312;
  -43.57921490022021, -14.03381486344762, 126.873831226931;
  -48.21475097715191, -19.87175689023224, 143.7356822999576;
  -44.31899816188593, -15.79759311842788, 132.3225276147535;
  -19.29329854491506, 3.156249917712456, 59.2289508552324;
  -43.21349836901964, -7.497910109525652, 132.6303642326147;
  -89.75800013005605, 2.269969344269244, 275.2648847862613;
  -28.33030226115798, 2.520924306099957, 88.33328788603791;
  -81.84387640332793, 2.898352488611349, 253.7537532761565;
  -43.21638819533547, -13.94189421632994, 135.9131065756146;
  -87.1421229734158, 0.1092721825483382, 271.4000479692929;
  -44.58360879093918, -11.52000601072033, 140.3019904086878;
  -97.73595492615496, 1.953772510596126, 305.1919970242226;
  -48.2684454074303, -17.82922739566799, 153.8268322751772;
  -31.77086456479699, 2.754211474974872, 102.7176197536621;
  -412.8458594679282, 6.234861536414909, 1319.151723340078;
  -41.15353730670054, -8.603223900413575, 133.483039970788;
  -33.88922237549691, 3.823032506908528, 111.4658142738265;
  -63.92532125911395, -26.92977955647462, 210.3028085966146;
  -62.33421710918734, -24.48768116611355, 205.1053435525911;
  -59.8145336848979, -22.64091038944034, 198.1025330202694;
  -39.95683827117644, 3.827071916033789, 132.5599092052582;
  -18.54388639945805, 3.722380535871497, 62.39288559487174;
  -53.05673581388774, -21.3854957707775, 176.923689927406;
  -55.27164378053482, -24.00100576178113, 188.3919688110488;
  -101.5636165067206, -46.3880163637599, 345.9635514544332;
  -59.84971287400742, -27.13816672093839, 205.79220588954;
  -58.38435849047294, -24.65649371190741, 204.7830321252397;
  -88.65829172175789, 0.06490346427875871, 313.1248060068432;
  -60.99691930858621, -0.8519287659815865, 219.9633448636867;
  -59.2203515070637, -27.75338285764629, 215.9374112149683;
  -76.63336196249281, 0.5226151333394122, 280.0342849918274;
  -51.24014333330202, -19.14987106516321, 190.0405709162517;
  -56.96731469619486, -26.29483137210684, 212.068271273254;
  -38.81830483995561, -19.05785536696325, 147.1229765813226;
  -60.45031764720849, -27.55766749765659, 231.2093190693536;
  -50.0651051271212, -23.8319206356495, 193.484294141754;
  -42.93122252216935, 2.633179149532027, 167.8711366624144;
  -47.9008130393182, -23.18751536913248, 188.9796369904587;
  -34.51512606757122, -16.39789867940497, 136.431662888134;
  -31.03010466149374, 4.084021603428115, 123.3247374827281;
  -8.248422751145087, 3.068057770812609, 34.1754155154005;
  -20.06880891201066, 3.200644818533406, 81.20783656709487;
  -23.54009452733495, 3.047787723945849, 95.67360308658097;
  -15.43305970012048, 3.206364571906066, 64.15293030600827;
  -19.41463702899904, 3.64415284494627, 80.34845308756772;
  -17.8219702397366, 2.601750016052776, 74.05681113705487;
  -15.35077830286995, 1.679857814577691, 64.86881444690246;
  -8.349362305859263, 3.109733985521515, 36.16785251218747;
  -14.81370343518199, 2.344025172827239, 64.12714253810896;
  -14.29741352823188, 1.919076869162272, 62.00162571912016;
  -3.06647133089999, 2.889456610119023, 14.46103410918182;
  -61.40139906243321, -30.51168473988624, 269.4179085849412;
  -59.61687570535677, 0.080942286299043, 268.3132452037464;
  -8.557748618018371, 3.231414006065408, 39.88014008969638;
  -9.470862375934521, 3.858426234726514, 45.51828182483598;
  -49.1703072292789, -0.3618829668291947, 233.2428055979428;
