m=[-34.16385253637819, -8.289468192358255, 55.0775161650878;
  -32.82999542263383, -4.628265728344017, 55.48219785727208;
  -34.37156140804259, -5.626133209470694, 59.43354874793751;
  -30.23211415074553, -4.795569222028615, 52.53858871187994;
  -11.97199812876649, 2.891928241720948, 21.66910770425855;
  -31.84441578177752, -4.361466392799633, 56.14925721099147;
  -11.95954391461745, 2.868687500567791, 22.22033123145985;
  -13.8540070063498, 1.850366864155221, 25.6200979860549;
  -23.31318224542004, -1.806209929830102, 42.71931514424959;
  -22.78456173490982, -1.427393870969273, 41.89769136160086;
  -28.64169308052643, -2.490197716871029, 52.68196672505812;
  -30.91728991240821, -3.364726641563745, 56.79172112823009;
  -30.24938255969811, -2.958767551615041, 55.60804236885267;
  -38.09873099675539, -15.98282604789885, 70.19081639377164;
  -27.46428166914901, -8.206883257615285, 51.23873922342965;
  -30.57868537708846, -3.3459948935761, 56.85288875198651;
  -29.50334904748313, -5.921041657404293, 55.15635175497118;
  -29.81202856412194, -3.991015259590208, 55.73595669722249;
  -30.00409598299625, -3.590049698897541, 56.63360167712833;
  -30.1543834078887, -9.391846058657471, 57.39451219632453;
  -28.05534743717378, -2.746904868442182, 53.3640845162594;
  -28.97253967592159, -3.060031145726986, 55.52372555869967;
  -29.77007848525212, -3.494596123254512, 57.16131612259212;
  -30.01107811027407, -6.103486115703687, 57.710136943306;
  -29.52507998318227, -4.446465867881912, 56.78708526296489;
  -28.99981110617587, -8.419448627110693, 55.91524449169032;
  -28.27287387363927, -7.786927225659714, 55.31227708853331;
  -29.6433468706949, -7.903591498592549, 58.58474055611001;
  -12.58749344747152, 2.086725370624646, 25.5266735491893;
  -35.47525483955676, -17.26015417064124, 73.77051933527446;
  -12.43343653891795, 1.743399576122727, 26.74617808811852;
  -35.75709279692159, -12.76803996168348, 77.09569700322741;
  -33.60442039987955, -9.361968636764884, 72.78520298884071;
  -33.44119163273879, -11.78405865151108, 72.9231396775494;
  -35.01978379111384, -13.58545051655469, 76.44168547285945;
  -33.87521463265075, -14.59925387372008, 75.04365965934902;
  -33.10466228107443, -13.54306397759213, 73.73915719065703;
  -30.52763729329615, -12.14446719120025, 68.79070446289371;
  -30.85179780674277, -13.0207469740573, 69.69623645510835;
  -13.01119992397451, 1.577340396195819, 30.1604953056538;
  -30.68863522768467, -12.19219614925443, 70.28671310161651;
  -30.82578815544318, -13.23057196086878, 70.7758494693098;
  -30.07605276340404, -11.87040964101592, 69.58133077400022;
  -29.96315353397955, -13.28655062912726, 69.78586306055665;
  -29.82053598083999, -12.54958667633614, 69.68975004903433;
  -32.04231502034359, -14.25193986119134, 75.9326128683518;
  -28.08621501964389, -9.552424201461093, 67.13631156600235;
  -29.45310970791822, -11.04952898276227, 70.61425618028368;
  -16.47789093356704, 1.389922830885918, 40.99554312656432;
  -16.11922948578342, 1.740787588538954, 40.41728815964628;
  -28.64273833220826, -6.045299448119757, 71.03637684895782;
  -34.64521594023528, 1.312869468930361, 86.01688236518119;
  -16.25340457530007, 2.122177089312482, 41.1074398809394;
  -28.36481006412111, -11.37572120491255, 71.14629730460922;
  -37.99145849155288, -13.09155010697165, 95.67445623933003;
  -9.577957515140314, 2.820519835002745, 25.38075968821672;
  -32.01343716746481, -7.567461780877959, 82.37530199864182;
  -37.85370776841621, -14.17760274915657, 101.531917262314;
  -35.54119045387763, -11.52169901321912, 95.52837738895087;
  -18.18305484082218, 2.742175196864532, 49.89245085498997;
  -33.432206202724, -5.249114904361616, 92.21813938599934;
  -9.899455520241142, 3.350945130086626, 28.3231986292807;
  -62.72664544555495, 1.551996577784913, 173.2894794686398;
  -30.3664264049371, -8.871760513457994, 85.7230680317259;
  -56.72324691036641, 1.152261749642736, 159.4884986949503;
  -32.72248073876879, 3.782770962673367, 92.974273395091;
  -39.11534245245405, -13.06881144733157, 111.6947833573272;
  -27.30450545762321, 2.19096017607535, 78.92652176302104;
  -32.96757271738846, -6.20269026220775, 95.6582175211998;
  -54.29707661492481, 0.8099920681550069, 156.3458755987527;
  -40.03652323430823, -13.04508886700066, 116.7199864373797;
  -43.73316882407168, -15.49941262941669, 128.7036564902053;
  -35.73331241557788, -12.20282430339004, 106.2104973682581;
  -31.23810094475677, 2.765003869532302, 92.70785543693964;
  -40.53537994899011, -15.85177050984651, 123.1742410979239;
  -42.80743857101104, -17.61050612043845, 130.1791041574125;
  -41.19888009399492, -16.77762045723983, 126.2585434814367;
  -40.19405008207172, -15.2169568319575, 125.4355316576981;
  -40.34018279076211, -16.84389798514497, 128.5085595387594;
  -39.88381844055328, -0.4396841496453928, 127.7943901483658;
  -40.81657688655595, -17.13777311942979, 131.9602153601204;
  -29.46575862879455, -9.838384657683623, 96.69900248084434;
  -12.08774840385419, 3.276354221904583, 40.47954634632995;
  -39.00896383558177, -16.05780772653131, 128.4757154614266;
  -36.35530010517326, -15.37860935507878, 123.8447775752897;
  -39.53479065726696, -16.15059936311459, 134.7578746779515;
  -34.04026046459411, 1.917416034827498, 117.1481353715728;
  -28.73166976890624, 2.450290643906325, 99.37698874472044;
  -15.9907505114766, 3.012733388743512, 55.99043372717186;
  -40.3602387910076, -17.2381506882558, 139.9999139234189;
  -21.65984288628967, 2.563605275622702, 75.66650095316982;
  -42.84051756718365, -10.94887264841273, 149.8856762769905;
  -18.01068670881127, 2.583865190793079, 63.72831079321071;
  -20.26015091586071, 2.340103324204599, 72.07905753224925;
  -3.509665824516226, 2.864208673298787, 13.73649677424337;
  -15.90578625344451, 2.094134551438717, 57.54994604602444;
  -17.49839901848564, 2.933527721231143, 63.16822381067208;
  -9.207419987856609, 3.030750566476434, 34.3172041652827;
  -13.74696129688555, 1.93162433783606, 51.52449334253353;
  -13.17627793452529, 2.665746079725107, 49.46916078588163;
  -13.78330494484117, 1.642389166045533, 51.73324039499676;
  -33.00854288169831, -14.33950031747825, 125.9902179902329;
  -28.75173787253792, 1.390330529064384, 112.652923408776;
  -9.574427237480979, 3.399891556750751, 39.20102007351684;
  -27.54861685522419, 0.7526339082377304, 112.8774708999199;
  -33.55203969769995, -0.1554103834986059, 137.2744069684615;
  -30.16238501753876, -2.685518942551886, 124.9014926452256;
  -9.738155009322981, 3.115618772650028, 41.64359232509955;
  -37.2184564296559, -15.50807041364663, 158.0577667766347;
  -25.74352836236643, -1.824412989972477, 111.1243891069665;
  -11.558973021815, 2.046224738331602, 50.74330161539874;
  -9.569461903846449, 3.269905483881053, 42.5337719055514;
  -9.265454127113408, 2.987222659363026, 41.63208433029902;
  -33.69309661564137, -16.97538014634801, 150.7398680112553;
  -7.614897863040715, 3.025721324861787, 35.192565310063;
  -33.39517603234153, -15.61738401812781, 149.9559744556159;
  -7.755511653061614, 2.912314898446838, 35.94140159563823;
  -10.71257314548665, 2.337487150460642, 49.21436907413912;
  -44.67702973675397, -18.8462386422434, 202.0306202106399;
  -7.179897242444445, 3.04333484360356, 33.96788243108382;
  -27.14019587555682, -15.00168599374553, 126.5374911107261;
  -5.807436645395877, 3.060672202667762, 28.32328253260351;
  -14.8673132871749, -2.741967167774854, 70.59521235330455;
  -6.467260366538172, 3.069986476521985, 31.68880185416235;
  -25.77570946526441, -7.571942063892413, 122.9903195595121;
  -6.093644195151041, 3.080843970709498, 30.55168876667678;
  -11.67087874122606, 2.133802446511975, 57.23393591188913;
  -27.18291997379041, -15.59312520467455, 134.3905148694246;
  -5.459739303311314, 3.025309568148394, 28.40356011022648;
  -13.60072874600017, 1.116022916863773, 68.54125180968137;
  -4.950279325020643, 3.088016402712821, 26.2962984695646;
  -4.905955476751276, 3.037678450362538, 26.56043910752766;
