m=[-33.62671503436655, -2.11249291990661, 44.59539852714174;
  -32.56945439597226, -1.279616178506931, 43.79129682620883;
  -31.02803074419504, 4.91962025803937, 41.94236528202254;
  -30.00884919181315, 1.791952563626639, 43.14359585916399;
  -29.98619422823963, -0.8202312346310468, 43.30553020109542;
  -29.61901606590708, -2.297765960188368, 42.89640370062623;
  -29.77668153338334, -2.67138806034397, 43.15384309372051;
  -29.58390541546005, -4.52073058944969, 43.01915169189909;
  -29.47533636376815, -4.812265895787468, 42.86842359481969;
  -31.13782838562736, -3.182442693365812, 45.58986914588164;
  -52.53029339443268, -3.928387979746185, 79.72176089842452;
  -53.76302946303762, -9.390378296818987, 83.59536205714566;
  -66.1542356622415, -16.05156888345646, 106.6510569964662;
  -45.55699775930917, -15.86824076828199, 74.05366369390201;
  -64.3722909866802, -25.07929826010567, 105.1378675608975;
  -58.50356832685316, -1.128309881668693, 95.60799056646333;
  -64.57152439031145, -20.81386679588819, 105.9653393104674;
  -66.00080534839468, -25.69417708289985, 109.8196372581129;
  -65.67879870535155, -21.31036583551956, 110.4866781589883;
  -61.26345270827468, -8.636721842923258, 103.5343124731826;
  -55.9650124443383, -2.643223735851699, 94.76814656084817;
  -59.20250740417152, -19.82927735952786, 101.3673280194196;
  -61.51329961824119, -16.33828656003466, 105.6835295212931;
  -61.40725288646969, -17.92799750825373, 105.7362132768615;
  -62.57733171075864, -21.760946837552, 108.4407233146288;
  -25.0844157161446, 6.205798478804504, 44.6286928421607;
  -61.98499015884484, -8.489571712931808, 109.2942379442667;
  -59.74382155076885, -18.58882074731062, 106.3332862753675;
  -24.29837674054232, 5.869459815158673, 43.97963789890031;
  -58.26508878219173, -19.95476408736544, 104.1162359409096;
  -46.84990632520083, -1.743884365148168, 84.14463582291123;
  -47.00388593752921, -0.7015306481974544, 84.48954134426613;
  -62.32904636575102, -7.904810986596517, 111.6729112826705;
  -57.49034118758785, -19.31554936136249, 104.5566213997686;
  -44.96243155540258, 0.4128949721439489, 82.23468050839021;
  -57.5694741206111, -13.0655692501927, 105.2317615397465;
  -27.82354414380339, 3.716164146839031, 51.45384486645961;
  -47.02968451435999, -3.643667444126031, 86.1776780515783;
  -24.37015815620692, 5.845571418833425, 45.27873222089355;
  -47.01455339287825, -2.945340188682705, 86.45333056989405;
  -61.21593631546823, -6.662126350416648, 112.4470609707709;
  -58.93198101881673, -5.764284042715634, 108.3358343234721;
  -25.71479060070482, 5.753140937131496, 48.18032688700939;
  -60.4169531258497, -20.31450063700848, 111.9780272782282;
  -59.66032571998643, -6.528179440890289, 110.9224225710851;
  -59.27217793483082, -22.46006337033426, 110.4192297604204;
  -51.01592614872209, -15.24459132867094, 95.1778665710543;
  -27.1203203918069, 3.392093464369998, 51.15724265231066;
  -49.10066564935054, -3.923811710622558, 91.83887895245628;
  -54.86866519131182, -11.01161945245809, 102.5766733379006;
  -53.52259715687069, -7.165211905205414, 100.0647490673733;
  -61.08434454679782, -21.86101731949941, 114.1949626669656;
  -57.74670929207943, -20.14673018308522, 108.1083810027232;
  -57.88831067975356, -20.18063009758106, 108.7085437672072;
  -57.54848864723525, -19.46202819634757, 108.4727308849568;
  -57.16852270413018, -18.5084069292587, 108.3326404966184;
  -56.64628347413379, -17.64297969511647, 107.8180164971334;
  -56.67401204212907, -5.548964237256217, 107.7996547811188;
  -56.25979857204896, -5.94206575635038, 107.8177353743776;
  -57.77655128805693, -6.782169292777708, 110.9363455083216;
  -57.65726892716297, -11.72601460944713, 110.8726875234943;
  -55.98704199791545, -8.431627329348574, 107.6827202286259;
  -54.13371537912945, -15.71651739249257, 104.3765395431484;
  -58.25722225703151, -7.202699496287369, 113.0967165900205;
  -58.57832495588986, -19.46515603597736, 114.1182632416098;
  -54.14446907004152, -14.91249323308094, 105.9267582559396;
  -63.5814869514442, -24.93380718764981, 124.6847846515008;
  -57.39263350694107, -15.30218339534829, 113.426211908616;
  -69.3814949929622, -27.51339903720622, 138.3652719932354;
  -26.29447810272875, 4.359037388442101, 53.32360739456759;
  -25.88137524399426, 3.631660900395948, 52.71791589406768;
  -64.68143763059493, -26.2199671458115, 130.1044140736063;
  -64.48526643759399, -28.41426434782142, 131.0521307089925;
  -64.28368938955231, -26.90168994540588, 130.6418046572576;
  -56.16313126496786, -25.5008011598806, 114.5036994226072;
  -68.79683725110481, -32.96088004491383, 142.9312025436975;
  -65.32750535518156, -31.78448806395982, 135.8480444672087;
  -63.42126735168242, -29.03930719031272, 132.1128888015009;
  -64.49613859338206, -26.38237804533933, 134.4076882059169;
  -62.50748595204636, -27.01392953080516, 131.6526115418645;
  -66.67209081944799, -31.40781952415174, 141.0990396616505;
  -58.88634891716763, -22.65853990198184, 125.1555865045288;
  -62.02671620006984, -28.00638099336718, 132.1232970488628;
  -56.97490749060358, -24.46978499907638, 122.0688162540605;
  -65.90150269501652, -26.6867008533428, 141.2821865834163;
  -62.38751195983873, -24.69703701971441, 134.140612152853;
  -65.61645235560525, -23.43013428352305, 141.4753195391201;
  -45.3760981317316, -12.64147997534156, 98.28196630260817;
  -11.89126294146733, 5.910068399684888, 26.79884178795136;
  -61.27347658807646, -25.91018508071917, 133.3618832120822;
  -62.55439497513761, -22.0430141184069, 136.4085027924276;
  -59.06229495909588, -24.13259733209149, 129.0204802283902;
  -62.14957683993035, -22.97112551308267, 135.750225594426;
  -65.00516648519489, -26.06638084185632, 142.8388667170598;
  -60.52680266832682, -26.08533017139192, 134.0848413498324;
  -61.83290796771593, -25.29574298077281, 137.7300418132782;
  -58.8518168673122, -25.46479823008674, 131.9997827180391;
  -56.67003156171116, -22.54440238572339, 127.6997415689491;
  -26.54420937842255, 0.7712635188462368, 60.4678597674178;
  -56.92603981535949, -24.02516590164192, 128.5996607483629;
  -27.24980937793199, 2.112805642888437, 62.65881006520672;
  -26.42930130030604, 3.20400922495925, 61.2642048740494;
  -57.32484768302972, -24.6040918269998, 131.617552485801;
  -56.91375450250304, -22.46270763878196, 131.670695246536;
  -58.24685694955821, -24.51243600659261, 136.1212590063658;
  -52.408596433501, -20.29278228043858, 122.9277770330852;
  -55.1598330472756, -24.53426423290613, 130.7155942385084;
  -51.97078466762831, -17.67582356258235, 124.229156165584;
  -54.5051389682618, -20.4479635159673, 130.6768583832108;
  -54.47149621628935, -19.77906593659519, 132.1016948715773;
  -33.55469715670476, 2.83036462916257, 83.48113480859864;
  -57.15844969862163, -7.625308580455475, 141.446285460071;
  -63.31154697456224, 2.39917099079535, 157.1894341158948;
  -31.8267330708795, 3.437111058093271, 79.80221652904658;
  -51.74577529678631, -20.7526689576841, 129.791819694906;
  -33.83827514368015, 4.418201240181967, 85.58236858617278;
  -59.54047069613969, 2.301477661085634, 150.928323233703;
  -57.88252646323303, -13.68249852397404, 148.9402894450521;
  -79.06243921543295, -20.95866621075745, 203.1687252943136;
  -52.68655470274039, -5.626064148332046, 137.5909829422679;
  -63.62090578913568, -17.56558647589374, 166.7252142524664;
  -66.71325450343977, -19.56328927785764, 175.0494897779518;
  -67.08648738821559, -25.12635152797392, 179.94062110351;
  -65.10434924527986, -21.10544714108681, 174.98887248687;
  -37.47449290144365, 5.651504978069358, 102.8261923955351;
  -59.55511095512996, -9.35061295835186, 164.2745767331786;
  -93.46465425751907, 2.312523211167497, 258.2067185317594;
  -47.24158484172624, 3.926418287736821, 131.9985954908157;
  -87.00057463933804, 2.95187504727969, 242.7444615883548;
  -53.60156133104643, -15.66006513032299, 151.314818125618;
  -20.33351044045092, 6.882851046572995, 58.17593238920028;
  -109.0354021214936, 0.3505195251783108, 306.1478174170849;
