m=[-29.62816156023254, -2.923099971899929, 40.89133991357294;
  -54.50229118022649, 0.8678111805515231, 77.21469941240396;
  -57.63446099446498, 0.4737274484470077, 82.1629183661468;
  -50.07011391775808, -16.34457353418364, 74.24150239366362;
  -67.91739018193101, -15.40709442323395, 100.458684091589;
  -57.89178382472849, -0.9250886614074818, 86.73703490823634;
  -62.8892829698613, -2.94276468303912, 94.27266196485249;
  -64.97703801797846, -9.233007660442349, 97.5489720399415;
  -69.52964198130069, -20.99871696852089, 104.5878859184769;
  -63.46430550221397, -19.26775970693755, 97.82210563643041;
  -68.12832691689459, -8.887635292088408, 105.4786864993509;
  -68.56737608285096, -10.71582558817561, 107.1505296447633;
  -67.66037412694659, -21.18078154082545, 105.966534892844;
  -65.06559856495547, -17.73278392523669, 102.5294493290348;
  -60.68031344693551, -19.71774006566584, 96.21396096289111;
  -63.43752289804435, -19.7357505406132, 100.7443346094154;
  -67.98067878557062, -10.11439217706641, 107.98272359863;
  -24.95892456467468, 5.737635008476763, 40.6694120893801;
  -51.50304362733071, -2.114148271617155, 83.19553322110704;
  -44.45674823607787, -0.7138006204169708, 72.03333050043524;
  -63.58161888393308, -8.036005850620049, 102.6130455192715;
  -62.41492158215338, -18.14055321600346, 101.5566139618486;
  -55.15023932264543, -9.372825222932825, 89.99696452466117;
  -68.96139358849037, -22.03839355279716, 112.5765496610355;
  -24.85523381422551, 5.662597480641417, 41.5595369888962;
  -28.9866422878415, 3.711188265331565, 48.39061019567013;
  -61.14650623856851, -19.14689719310227, 101.5277134500683;
  -46.66856896114588, 0.5565873735323748, 77.75880838856129;
  -26.14166067648512, 5.550246698621095, 44.13257451470394;
  -46.4667855139138, -3.258693822312503, 77.59139177694092;
  -44.72968828098356, -2.506856463623353, 74.94929959836169;
  -61.32507677204704, -6.087223190948905, 102.9745134452009;
  -28.53978643635265, 3.413881582428175, 48.54614617703273;
  -60.51742183696511, -5.415191982951068, 101.6675246408168;
  -59.86643540272964, -18.72952694335663, 101.2953943670072;
  -62.10438853880359, -21.92901148832295, 105.5758427348747;
  -58.37617302364937, -16.26079881166275, 99.25232442024243;
  -27.58279545702895, 3.502577328880008, 47.48317710089004;
  -60.55346772672605, -6.082770049682359, 102.8636493862222;
  -49.12527114455951, -3.582321941616968, 83.74544417979263;
  -58.49486056418822, -19.48667293997619, 99.8131713010463;
  -62.02606564945784, -11.47484245036189, 105.7598447238784;
  -64.11502935725748, -7.909208713414148, 109.3474580409977;
  -62.76779316595439, -20.4204436999269, 107.2183924286041;
  -48.88167152017581, -3.924681340805308, 83.78517956626811;
  -63.6634977454294, -20.66154223890681, 109.0536518114352;
  -59.77604752089303, -13.67080041390631, 102.5062512040143;
  -25.2299237272652, 5.744822374324934, 43.95435664376819;
  -27.91337647573248, 3.520236640708589, 48.69953401389351;
  -59.95998912957364, -18.03940572195903, 103.5998378344187;
  -43.15993879060775, -1.960262772900334, 74.88160622377392;
  -61.76156269103625, -17.86236817124927, 107.1616278549905;
  -55.04365163451529, -4.835120381506187, 95.52263858145383;
  -62.35288813290574, -17.32728329013846, 108.7876889331168;
  -58.29466110984385, -5.635638709739485, 101.9049027533962;
  -47.26226894157314, -3.311277667380763, 83.02403532280459;
  -59.5532504882873, -6.411721244044138, 104.3243424927545;
  -57.73684954174179, -11.51742140468049, 101.2953490641397;
  -26.89634358119406, 4.062250795494577, 47.77379846603391;
  -60.32982607672681, -11.32390342409128, 105.7842319356701;
  -60.37570008441308, -8.400596137936622, 105.8994880356908;
  -59.92459264287452, -16.15204805891174, 105.2468780493492;
  -57.23769384324537, -14.6101359846041, 101.9528053783552;
  -73.91020565092963, -26.95165409983844, 132.1432775035604;
  -59.08959813961045, -14.58215704559636, 106.3587241835887;
  -25.57798569031783, 4.018871289862616, 46.66685309353014;
  -26.31191474261947, 3.506333314282488, 48.18867633527375;
  -71.89879220357217, -26.44992046032738, 130.7233230619846;
  -71.49273385976203, -24.16213947366224, 130.1869070139902;
  -74.68250273586223, -28.10670040090172, 136.8417055909877;
  -76.9850000570343, -29.89081974561626, 142.4432501599344;
  -12.20919633321385, 5.543620195346358, 23.67446167459777;
  -76.49601021037897, -32.76010820550528, 142.9842585266102;
  -71.00982419850703, -31.45609989949637, 134.1943039168681;
  -70.26438509775632, -31.68743566416591, 132.8885141912763;
  -70.52427658909561, -29.94734390854221, 133.6050605146323;
  -69.50511920427036, -26.31646342737632, 131.7370351304782;
  -70.97660860942359, -25.26341118020293, 136.9990968848191;
  -65.18037399449392, -27.24820280414301, 126.1208800906528;
  -75.48994077923122, -29.91296067171061, 146.704250269138;
  -70.81470196423572, -26.52128296475679, 137.9634739629711;
  -74.13516299333692, -27.08957369182464, 144.7329829713108;
  -70.27801424599319, -23.20634595745746, 137.7063506859998;
  -25.07001143970306, 3.538485359451252, 49.94817950388098;
  -71.50326424062106, -27.96794167992041, 141.2565950780967;
  -64.16196913159315, -20.89858859200784, 127.0432302017099;
  -70.92556365811463, -26.77567610407112, 140.5411585300128;
  -73.76478273308722, -27.33758208380198, 147.14854243106;
  -66.62942369942712, -24.07507993122992, 133.649700366157;
  -69.79962328755231, -27.71111112985086, 140.1423788383966;
  -60.07424429852573, -20.85062900562163, 121.2285564304013;
  -65.24778966510588, -24.60118219822247, 131.7479962767904;
  -26.69980603090551, 2.49417260214149, 54.97100677437561;
  -61.71554313112247, -22.61071954393088, 125.9017794590148;
  -30.74171302827346, 2.632660976634317, 63.23167211759768;
  -28.30199934868275, 2.076948513196804, 58.33171184142591;
  -62.04325642935982, -24.12681151509455, 126.876104332994;
  -30.59018030940692, 1.948110337721643, 63.3513297531219;
  -27.17502358038285, 3.085983282322736, 56.41710133265543;
  -61.11282347673779, -24.12866367281314, 126.9103802707954;
  -59.01568313148535, -21.41547263518684, 123.4604999812112;
  -57.65545623640578, -22.2349187960124, 121.7480529464719;
  -66.86279301631467, -27.33819251185, 143.0614986416458;
  -57.47789415258466, -20.62536089810816, 123.3820215344538;
  -56.95956716205131, -17.77543661994323, 122.8454793413282;
  -60.84285861161041, -22.98417820340256, 131.336283772655;
  -58.97759955028733, -20.3012865824846, 127.5992435030898;
  -33.83382275284166, 2.702531779070911, 75.46707035013039;
  -34.1105862589183, 3.442274836255327, 76.59426793428882;
  -68.79252242963153, 2.494979272730414, 154.3253713073979;
  -32.53623848948914, 3.950258278410157, 73.74212200935959;
  -56.04037795926111, -20.60852068900111, 126.5212840208345;
  -71.05151296502902, 2.286451642245472, 160.9324315693918;
  -100.8652048271851, -32.59114019937825, 228.3619252391273;
  -62.10766400756323, -13.4273081215974, 143.8893707966256;
  -43.87430992517962, -1.885650315654541, 102.7775805435184;
  -38.99207992934175, 3.693483329469991, 92.11959268793083;
  -73.90699272545996, -25.02904361268519, 177.5348188895299;
  -70.7186249847926, -24.17979719934708, 170.4984803998667;
  -69.35451231250596, -20.35777048820805, 167.3382421600751;
  -68.86235128036566, -23.79488546355251, 166.4458442406939;
  -36.48862541376982, 5.092263225380594, 89.43940486900216;
  -66.13853215655291, -9.385484056066947, 163.5634276925726;
  -20.95985885862021, 6.4819640339495, 52.88962468781384;
  -122.107235136432, 2.954737855801056, 303.5620467646884;
  -62.24588473283589, -16.46782773031783, 157.0670880704527;
  -100.4707675466985, 0.5332768757593586, 253.6465063757146;
  -104.8784858361322, 2.121166635214844, 265.0020977664376;
  -80.37063739124083, -24.3655245131111, 205.281706932255;
  -55.59168601950024, 4.134056780910513, 143.5244179042995;
  -65.60063882268214, -11.12947009117193, 169.9923182897911;
  -100.3010438580991, 1.513998961365336, 259.102249486658;
