m=[-32.8623461580384, -5.210798703669217, 48.72461418809194;
  -14.35617039230875, 1.739532304079831, 22.1711602966719;
  -14.02425060890785, 1.687412835301418, 21.95256557852828;
  -31.81603686586455, -2.612142547646127, 48.60948909322476;
  -13.83067950605351, 1.979570715433012, 22.0149207170418;
  -32.90727955725818, -3.031742758885288, 50.82158659458926;
  -32.22749292217583, -3.657868494164366, 49.99200839306024;
  -31.82729104626366, -6.777028386080819, 49.56211130466451;
  -33.16591052417743, -9.297161150606081, 52.00661680407348;
  -29.82203184091102, -2.365743866903789, 46.98065227490703;
  -13.83943953835704, 2.062868540651492, 22.58879211487918;
  -27.37048591154007, -1.747858868882058, 43.53493826535557;
  -13.42694351266205, 1.697560045944538, 22.00962992142472;
  -31.49417303792239, -5.469756260868025, 50.13327856915915;
  -31.538293995429, -3.122118813632467, 50.17298780787979;
  -31.24122243159312, -4.026508255251211, 49.76049920738451;
  -12.71671391352732, 1.686691908441581, 22.60223337916039;
  -13.63711650222725, 1.185875337520282, 25.05229105811385;
  -36.08103351369688, -10.85141085011875, 64.57530531832489;
  -35.3325909151356, -12.34185248091913, 63.32247862398342;
  -36.23899457858103, -12.00857132759249, 64.94404929247598;
  -15.17422317624603, 0.7291371437295655, 27.89345380298247;
  -13.48057596166104, 1.428658781255787, 24.97772211053312;
  -15.23939625148683, 0.9002110694133261, 28.23451663231747;
  -37.15767241352538, -13.64485197531727, 67.42213614447931;
  -34.68772522431117, -12.08945623817341, 63.25042705155779;
  -33.4062428557486, -11.31696617922268, 61.48905789406016;
  -32.85183019473994, -11.80035548152912, 60.60081432530682;
  -32.6106121875894, -11.00276605221979, 60.9207290159156;
  -31.75046150405379, -11.55481239544975, 59.42417608109781;
  -32.2359966099048, -10.77836057391032, 60.74853741728659;
  -31.27749192708592, -11.76840915487811, 59.28036751780646;
  -31.49467670724899, -11.22139441078066, 59.87379045409304;
  -30.28484404524082, -11.39676284513901, 58.36509057979791;
  -32.63959353750933, -10.78635511737509, 63.02657873065608;
  -29.80526279114395, -8.558138606685304, 57.82073552005615;
  -30.80691855844432, -10.72306989391571, 59.83493002110775;
  -31.31585359500641, -9.916255502882429, 60.94415594433148;
  -17.96562015282675, 1.334267032659094, 35.81161322456872;
  -18.27741948390248, 1.699426849972834, 36.67431652004746;
  -41.26821551416202, -12.79177862444535, 88.84912992066033;
  -20.69885166882003, 2.662854391945183, 45.19802158144988;
  -36.79891917367961, -9.847580705548754, 79.54119340456289;
  -38.3596721682382, -9.262674493154878, 86.41121124918172;
  -79.89406539123665, 1.800075269824123, 178.4925794404016;
  -31.39870309887878, 3.06656428607902, 71.46438232272674;
  -41.59630988787653, -11.49404284504002, 94.92989366486897;
  -84.49400818701616, 1.598428580756738, 191.5212793684017;
  -36.99332594087932, -5.689191691765592, 85.51280553513485;
  -59.4099780718791, 0.7632795346444413, 137.4331060520642;
  -52.08477341431119, -13.97061812826758, 121.0395813931372;
  -46.2080529205311, -13.43779363940198, 108.3129764558226;
  -47.30065586140351, -14.78647134313782, 110.8864380796776;
  -38.8894128825846, -10.86685312195158, 91.74676926601433;
  -37.62580719985279, 2.786914450100869, 88.84946132315811;
  -48.69357902444931, -16.37310123841664, 117.3194842523811;
  -44.84688861070829, -15.19854088744608, 112.3453368734336;
  -45.11700853150459, -0.3496071786205438, 113.9743933763242;
  -44.92097900697605, -15.24627331033907, 113.9408260639855;
  -44.38583665482777, -14.75178845579811, 114.3334983448674;
  -10.1741624063894, 2.657708590708233, 27.34023391942797;
  -18.45144678214677, 2.793991749208114, 49.58847558689276;
  -35.48533051779908, -12.00086194564785, 95.52409798017423;
  -10.4444397523773, 2.785634806560517, 29.33574527387582;
  -41.56105734424909, -13.44668958513883, 114.1162091698307;
  -15.26449911637073, 2.436615449947467, 43.27788733489031;
  -16.40397575234187, 1.541755502702227, 46.52043411594914;
  -48.97151280828481, -14.6687989630381, 140.425878584027;
  -36.71592743408586, -12.59536593881528, 106.7434397544453;
  -10.6514815524059, 2.922491747998778, 32.16231924534215;
  -33.32974855463667, 1.194989855543015, 99.16891985755331;
  -30.97641481953945, 0.6800307852704615, 92.73369466491027;
  -11.59611267267571, 2.826992716131295, 36.285334022276;
  -33.31338463945237, 0.6803439058737376, 102.6786255922042;
  -40.14079751110106, -13.34852032154405, 124.3468762373569;
  -15.85061819150331, 1.391926100781465, 50.08298785310792;
  -11.08400319688131, 2.885537800246334, 35.78925979579582;
  -14.16267691697088, 1.896372620879331, 45.44869665832705;
  -10.51452672625286, 2.553276845292352, 34.18592876985068;
  -9.565010361891886, 2.82751595636536, 31.5894340259956;
  -9.122698801614835, 2.559219625842049, 30.22075228337023;
  -14.11887018796179, 2.331287998808544, 46.91782578072786;
  -9.680836119612591, 2.606697150233463, 32.81294099884299;
  -18.87516953386167, 1.435334354731938, 63.3358611634341;
  -6.925790065982103, 2.772035673820402, 24.78105363336369;
  -6.198901402946575, 2.777590531838454, 22.44186482749205;
  -15.0696495774223, 2.020050135086212, 52.79002409195775;
  -6.234814999572336, 2.756748759755361, 22.89651228556718;
  -17.1160880378622, 1.000763683654193, 61.39274367401411;
  -5.567622099558535, 2.783506621965875, 21.2472339057581;
  -12.67232959376809, 2.332651116776605, 46.69553215688286;
  -12.88982863867599, 2.737489104298917, 48.66512916034966;
  -4.68920094726636, 2.818945478212285, 18.9695271928909;
  -5.378608413518677, 2.7670349219506, 21.54491513969225;
  -8.677561742844352, 2.730893807683518, 34.03338135490193;
  -5.18616205634622, 2.746385247814568, 21.81056574512546;
  -3.93324739230678, 2.813496486351699, 16.96342722102615;
  -3.757254023896939, 2.732774845454144, 16.76549972651649;
  -3.707614463981856, 2.8221295178839, 16.70088374583882;
  -3.693489896793983, 2.785611584287016, 16.98355368846272;
  -16.220377533502, 1.070719069233826, 69.73266884252099;
  -18.46117867073667, -10.47968085053017, 79.44733382975841;
  -8.021069082445369, 2.572399808470955, 36.18867292049694;
  -14.36554888045003, -2.086006291846358, 63.64141329654564;
  -13.5853656563085, -0.2663783854213613, 60.44407430875665;
  -14.59617717360284, -1.825073507942637, 65.18231070111013;
  -15.40341207389833, 0.890260007306534, 68.76745036973152;
  -15.99852326788351, -10.06022211297535, 71.80681620926559;
  -5.124379802736986, -2.530274592983768, 24.1514474017025;
  -3.359763624788972, 2.769641227790936, 16.37304006778011;
  -15.00228106464525, -1.084584239188257, 67.48303433732087;
  -11.64779071954756, -0.3663287497347159, 52.79319265725657;
  -13.91337437290093, -1.798467720989785, 63.29056267221153;
  -7.204845275473197, 2.870111507331388, 33.70573085955896;
  -3.206459462758633, 2.786480075068821, 15.9853628441381;
  -16.07185981597029, -10.80269616017603, 74.66468681733433;
  -7.694645526031312, -1.646732024095937, 36.88399699957182;
  -8.988900666533894, 0.1868933738316824, 42.98992727921586;
  -6.255689372436677, 1.458655911385624, 31.01798138667371;
  -9.240724775927594, 0.1483479696456456, 45.08068480014445;
  -20.16658664297889, -14.689243903129, 97.06046201963798;
  -4.363867284895788, -1.064771652688306, 23.4084014972413;
  -2.765539552330728, 2.805754576637635, 15.57597315669537;
  -14.62801312854797, -12.46729511180098, 76.07206394171968;
  -2.100413428634111, 2.698459821103843, 12.7302703503488;
  -4.297780089711945, -2.532104912680132, 24.48230061890651;
  -12.38774421899146, -10.2234634454511, 67.48003387171902;
  -2.009900666022038, 2.693904022571849, 12.41451034807258;
  -3.920654465897433, 2.68687884278388, 22.72808077961433;
  -3.776916512407962, -2.091669402151902, 22.36363530765819;
  -4.0211905543584, -1.173963695238985, 24.07829465746765;
  -3.929986474832814, -2.452124488435918, 23.78764631167976;
