m=[-67.56546404003458, -2.836997464120441, 92.3939296168297;
  -77.43300334393078, -10.17330888254718, 106.0352233206005;
  -76.42301126790544, -21.6360762703535, 104.8281412038003;
  -75.94402999913707, -18.76921553504038, 106.3341447556468;
  -75.73731793072277, -20.08747052493634, 106.3077666788991;
  -79.27661810288829, -9.592971637922606, 111.9565337107497;
  -79.64525449917365, -2.889974837552899, 112.8582252077819;
  -72.32915753114374, -21.1961398598712, 103.182258274885;
  -80.91185433245443, -11.7904185634299, 115.3045451066483;
  -74.91363783232819, -19.09289423300102, 107.4906188908951;
  -72.58637849280098, -21.12344103536573, 104.8913310276612;
  -61.49529894727145, -4.084070987026226, 89.80811470251805;
  -52.7828922921744, -3.279592860540807, 77.70886508499642;
  -73.78337494497487, -8.639945196822737, 108.4373177566026;
  -30.160799410134, 3.607464219209009, 45.01313682610928;
  -71.63013001675999, -19.41907587206339, 105.9883213851341;
  -30.47375292274548, 3.733688272159979, 45.7191082593228;
  -48.44186364204726, -0.02071461371070561, 72.12750106173094;
  -69.89754825665474, -11.08326386965349, 103.6362728065894;
  -69.98328066663146, -20.88310414703496, 103.9844728244926;
  -54.51021937155719, -0.3127499105093557, 81.16668468608523;
  -54.88549353102271, -2.490053676322371, 82.59135007549682;
  -30.02116892050115, 3.423545023044777, 45.85715633779557;
  -74.71342935538189, -21.86718216436085, 112.7243303845473;
  -53.84880108876423, -0.9171667265528143, 82.14015029790757;
  -54.45723746524292, -3.910526222964332, 83.1490065835076;
  -77.82950110885048, -6.389914374490253, 118.9102307503562;
  -76.20505621605919, -22.21659094391398, 117.0708111383663;
  -76.84612187322681, -25.35167718089969, 118.2334948756714;
  -68.06941987836824, -22.42034255676155, 105.0735636129191;
  -28.91326426597755, 3.478874885613001, 45.258769797299;
  -72.43228488631537, -6.673175606373327, 111.8635052219596;
  -73.85142389153936, -22.96951002039502, 114.3552583153334;
  -53.46874141592758, -1.654702650468251, 83.0791838170596;
  -72.78990997061156, -8.261763303075593, 112.9133376576422;
  -72.80474243791971, -22.01617878238957, 113.2692330349377;
  -71.1030732306851, -15.14007412448332, 110.7231659911133;
  -72.56385873436888, -20.34130460164637, 113.7855326562556;
  -28.82093196734653, 4.125109897100496, 45.87558637120331;
  -70.8879945494583, -19.09133705258699, 111.6577147052244;
  -66.32728713213987, -5.261659352330469, 104.4898358943536;
  -69.77600206342802, -18.0204477120994, 110.5159500381368;
  -72.72319911402094, -6.461250592228269, 115.432946364032;
  -60.37284854635955, -3.855365195651738, 96.02782511293513;
  -68.4507366635068, -11.88819420581122, 108.9617385820435;
  -70.94559552542512, -7.023226385244309, 112.8644593089223;
  -70.59610223590001, -17.6983037412901, 112.4927926240812;
  -70.01002443891575, -9.023204580770889, 111.5108018973887;
  -29.48471591123509, 4.394910120078028, 48.12507879666834;
  -71.56280281878951, -16.97154064403389, 115.5480592692455;
  -28.31331341483619, 3.579634454856082, 46.41157159275966;
  -89.27646106634788, -30.58820366409281, 147.3203277427579;
  -92.10241649251948, -28.93050071321551, 152.2167261772741;
  -87.10197795651042, -30.47227715079578, 144.8444249718553;
  -87.73403724486876, -34.89418456425271, 148.7111065435619;
  -88.31456307615734, -34.80905334398201, 151.5391761030687;
  -83.94336459957617, -27.69556367806016, 146.7194420131724;
  -26.90856611223331, 3.569040008125819, 47.82632489045002;
  -87.90018768017956, -33.95416981635293, 153.821195660426;
  -84.5589784028668, -28.64744225650676, 149.4739191660979;
  -62.28419790527218, -14.53840403569215, 110.9209568504658;
  -83.93467774065084, -30.41368529716276, 149.9941503754597;
  -85.99793000156247, -25.8639728363782, 153.9130686067155;
  -82.24746605087923, -28.72945534527778, 147.4025333549082;
  -83.67204529843032, -27.7265342423607, 149.9490120367549;
  -86.15349535507804, -29.53327455465589, 155.4562426774182;
  -30.76082899861351, 1.664966592728059, 56.3229083034793;
  -82.83272631136597, -27.67054814415449, 150.1264969771981;
  -28.33025729917517, 2.463581903931727, 52.04456906225553;
  -89.26693097302361, -32.78014957078977, 161.9737400739955;
  -29.98596331282574, 2.089481778821699, 55.21499987885175;
  -81.53608663727249, -29.3164725907118, 148.3497847033191;
  -70.97520355987285, -22.75774882582345, 129.2574093455664;
  -32.47153681993064, 2.596583399577739, 59.77762909414992;
  -80.47284902135806, -28.04660669772021, 146.7361158375732;
  -75.77294520894775, -25.66944932815727, 139.4711472006997;
  -75.22392736748687, -27.02038450799009, 138.7633878598137;
  -75.725922600293, -25.54979972981359, 141.4655567848653;
  -72.37478390996988, -26.33905180036971, 135.4566736722344;
  -71.7182357160892, -23.97955967135168, 135.1525742673011;
  -70.41523635926278, -26.49430184955564, 133.4583060547596;
  -74.85051307018986, -26.66886016380574, 142.2965530525479;
  -69.63656866645684, -26.2055653070323, 134.203915061031;
  -66.81626952367594, -23.25696829411385, 129.7743168839186;
  -71.1428649443523, -22.5275936948354, 138.4519774414354;
  -38.38745863980001, 2.850951990242914, 76.51930797759552;
  -37.77745508581645, 3.137954719908689, 75.49140316493389;
  -39.27839794664176, 3.652089079272401, 78.81355461388984;
  -94.19724576088898, 3.360696354542787, 188.3124687219359;
  -80.9671987387885, -14.30677882163877, 162.6199418587478;
  -41.57113874109142, 4.696632664713628, 84.10668376290522;
  -72.19120719017464, -24.34216981871573, 146.2003894150604;
  -98.60170024445579, 3.382410540878342, 199.305042776827;
  -90.83333058978178, 2.778704458847296, 185.3298958418841;
  -103.4944931984064, -29.9114713155547, 211.3491331119624;
  -79.32667624545969, -15.69836573438375, 164.931795546571;
  -48.91468074788403, 4.288623697084431, 103.2224010288016;
  -97.86333305273381, -30.64237642278427, 211.35915864765;
  -98.72348247929372, -26.41891346480169, 213.3916916525643;
  -46.14348881632672, 5.93624196260708, 100.7589424154088;
  -100.2155252138231, -12.94085144720524, 221.7825302594905;
  -88.55290954376153, -21.38278901154966, 199.4793943951242;
  -214.2924406233665, 0.9677453912092967, 485.1542762548896;
  -81.07186428164653, 7.917909310745396, 184.5219748852204;
  -394.3683082263091, 7.460523991457199, 893.9086280139477;
  -100.1402199067602, -15.40053219371541, 231.4815154716763;
  -178.3535759069511, 2.291427111043938, 412.585338488572;
  -161.9978716773378, -43.45243829311399, 376.4661587068831;
  -124.2389598250363, -36.13001194778762, 291.2196182247269;
  -127.843501911137, -39.96465256114784, 299.7021986353869;
  -79.15677439147243, -22.11874587864493, 186.7443547647025;
  -98.74689872050564, -33.20341207448959, 237.9150487910321;
  -127.4754881616928, -39.24402648178589, 313.8659221149418;
  -114.2838996647392, -38.73063607397247, 286.2910584164612;
  -119.7369678700238, -0.9278297670021013, 302.4790144979783;
  -117.991937298355, -40.04670789093317, 299.2832992926697;
  -119.5597847971707, -32.4296404885836, 306.4491609890147;
  -8.373338950819177, 5.285228410763957, 22.92195506967054;
  -123.2938944830331, -40.94276977950599, 322.1821024210232;
  -21.17169490760511, 5.530499041420771, 56.89304614217412;
  -8.190841998249272, 5.276837315659908, 22.89775536321995;
  -44.28158873876087, 6.705294985195199, 119.0072793774379;
  -43.05247336593027, 3.746884895309138, 117.6305202598213;
  -24.33618627199778, 6.333542445302839, 67.84760710140556;
  -17.08983677908448, 5.933291335705849, 48.49954898004703;
  -34.40743384989926, 3.806662695815497, 97.47224972095928;
  -37.98237926743327, 3.569838380974693, 107.7151538720951;
  -126.9351435483079, -38.32368173472415, 358.5243121875292;
  -299.4435362314405, -81.87075684295306, 847.3364420605684;
  -130.2959946126761, -39.02852170699323, 373.6239391070901;
  -129.3001827945761, -44.35631160828228, 375.9116883850881;
  -21.43808403444631, 5.8820571932007, 64.73263830312833;
