m=[-13.34058761543109, 1.578286283967751, 21.0085648239367;
  -43.53947709264526, -15.080768918325, 70.99654046161639;
  -37.19212767553984, -13.16438873488418, 63.11228510129098;
  -35.91112000533378, -12.00224239189114, 61.13510887710965;
  -35.48049475808092, -12.53449059754404, 61.16162253820417;
  -37.49724217632135, -12.2373282732954, 65.09493862414944;
  -37.85767603593811, -11.27693971940437, 65.89633058649095;
  -22.56406829336057, 2.514369152809344, 43.70770825745066;
  -32.858955071228, 1.922780131526, 65.19446626580185;
  -48.03768947783328, -10.94618067760921, 96.23006705445059;
  -38.87148270946646, 3.191658988861849, 78.668246353353;
  -19.37287379151821, 0.1932965349980803, 39.25182008920168;
  -52.41038953420112, 0.2654284496338763, 108.0412470163218;
  -60.76683267811399, -15.2541261681796, 125.6144338288377;
  -56.33389687853055, -15.30875861335637, 117.2760135591386;
  -61.31640927270168, -17.89398816583907, 127.6806307362415;
  -37.53917472709242, 0.5459878287147415, 77.99557354183028;
  -60.8379214646739, -18.83158221556758, 130.7080389102688;
  -40.26357045781609, -5.121242204715521, 87.81303430851878;
  -15.46453449135072, 2.944040728634083, 34.73665471346115;
  -63.58616200188855, -20.02713041411318, 140.7931655532016;
  -42.41212532218321, -0.6409561252883573, 94.72676440299057;
  -59.30738168988714, -18.65782191595538, 132.8092524284239;
  -61.15171126037359, -18.91481929568815, 139.0064374904451;
  -17.65158884361964, 2.860145868623389, 46.86470568011927;
  -13.59874224269086, 2.781856131997374, 36.47791399058254;
  -59.21876943588207, 0.4525012503577369, 158.4834167877602;
  -12.65563405724029, 2.756796157738466, 34.90240795426959;
  -17.17188892686285, 1.857112223531224, 47.26339884294169;
  -13.00008351254065, 2.640852486900836, 36.11043879329961;
  -11.02381387018712, 2.735861028579915, 30.9555356659454;
  -32.98590926804989, 0.3047000031698087, 90.08174359237863;
  -6.854864237169147, 2.57092169066696, 20.69617309005527;
  -7.747703554885106, 2.591424260294905, 23.20974271218074;
  -5.851230246467304, 2.554330104936839, 18.04285246141378;
  -18.5137102754276, 2.558444817538269, 54.47237904903967;
  -6.988705925311498, 2.531606395298308, 21.69134270441006;
  -6.099498806370641, 2.551971373281864, 19.33555145871209;
  -5.046092592083854, 2.53919340427429, 16.39345680850978;
  -22.08297446080546, 0.8652946254143592, 67.34451990949439;
  -16.33021066479435, 2.376321886537621, 50.76133623945933;
  -5.115367861612689, 2.548788816545452, 16.9329750039985;
  -4.574056753819149, 2.508651816179661, 15.3973403849806;
  -15.57276905959688, 2.656391398205639, 49.54829396311279;
  -5.185866156822212, 2.502650276644824, 17.50239032193991;
  -4.297040269245557, 2.526749768091924, 14.95537129545384;
  -5.737036932126124, 2.492719426180024, 19.71339925127074;
  -14.76398840824166, 2.685385413893943, 48.88503653264038;
  -6.744240348037919, 2.486865993488062, 23.29405503517898;
  -4.169514128027489, 2.47308707945791, 14.92516462460224;
  -4.03801507990265, 2.508467465341927, 14.57061810061309;
  -4.070522595611062, 2.496301330475391, 14.97465481820372;
  -6.5296424391742, 2.495752470859329, 23.27686510775063;
  -3.756660425242505, 2.486283383280223, 14.45222708450646;
  -23.79930027735947, 0.9992362041812354, 85.05146426823976;
  -16.52883064313465, -7.199634090811665, 59.60446936028749;
  -18.43341794776884, -2.500694711319522, 67.57409627901063;
  -20.54429271938257, -2.448697040742942, 75.74612469316543;
  -20.55328068302324, 0.7166275389756462, 75.82039616788157;
  -24.77834481215027, -12.38441114757963, 91.27462925583271;
  -9.117812359715959, 2.8768185664407, 34.57223222177671;
  -22.36026854907792, -12.12045509618563, 82.69118689003037;
  -21.21235265286331, -1.600907625813826, 78.7056052884699;
  -3.477250261338704, 2.512581697644121, 14.23500541926231;
  -3.332863946880262, 2.488212603493339, 13.73016523418638;
  -25.10058197549297, -13.81238979294291, 94.4691886803982;
  -25.47847663031477, -14.67277600796709, 96.95940726587578;
  -17.30889593302661, 0.8703986737866151, 66.25460556956267;
  -12.35931885049439, -0.02504636932965925, 48.82720363644834;
  -14.97709707979669, -0.3011675975170303, 59.24055659390351;
  -2.341071849290023, 2.37245838754427, 10.49968452009438;
  -3.159908470426122, 2.509632210502411, 13.6705633965595;
  -13.19160731639855, 0.2233554526139818, 52.81047484875155;
  -3.184602489885814, 2.484952685490062, 13.83877455313105;
  -2.424018679062508, 2.402201621696607, 10.98993044649442;
  -2.310470512979878, 2.376021163843582, 10.62681797730938;
  -5.066813800702228, -1.725786389104399, 21.81162814815428;
  -21.86154365206927, -14.49902086181159, 91.26566360311884;
  -2.843841210496751, 2.453314898615131, 13.18141452292357;
  -19.12945630798726, -13.13998445837149, 83.08330978406983;
  -4.505976655798865, -2.308524836222205, 20.92315333991023;
  -4.695347760798468, -1.742501841790881, 22.32096082075031;
  -5.280864176201018, 2.385133213740924, 24.99204566961909;
  -24.41677669091546, -20.36180443080616, 110.1349346909168;
  -3.440151563695519, 2.321498094072751, 16.89566574850721;
  -4.437261463836012, -0.7745242994699944, 21.60693035597304;
  -16.92006033004385, -12.7595472562201, 78.25310431163233;
  -20.31999383170539, -17.82622325522869, 93.71842603441796;
  -20.64304261969517, -16.8849627742615, 95.3197709042211;
  -4.527624569460747, 2.31047824281699, 22.19630604449232;
  -2.468658118175949, 2.461768214655598, 13.00544460582767;
  -4.468120153836845, -2.215856970420522, 22.29411957731512;
  -4.281912125410912, 2.350126496637413, 21.55566952809103;
  -20.2046854090867, -18.90570535729167, 98.86704811450652;
  -2.37634950450956, 2.441995078292321, 13.40969887571142;
  -4.251266029063129, -0.8245695270774779, 22.74112431757263;
  -18.43037944145433, -19.14772419028011, 97.08175848484444;
  -17.80103050331005, -17.7449122453745, 93.77698947234003;
  -16.78608582774121, -17.9344329751914, 91.70171153303184;
  -3.049849400454917, 2.388766450771323, 20.91034515913617;
  -5.35834475245249, -6.048596074384624, 39.29052943277364;
  -4.820760621595078, -6.582118697620452, 36.62455168294346;
  -5.061160097181752, -2.643892127718204, 38.87360068990279;
  -4.999240909075278, -5.325473845132947, 38.38337032403025;
  -4.762744575382749, -5.978869830772082, 37.13163530484081;
  -3.970003520213617, -1.016741378580257, 31.99307649790326;
  -4.068901352307494, -6.80454128187553, 33.34524340116756;
  -3.961186982641306, -7.133395295832035, 32.92461585049203;
  -1.932703303278552, 1.831832839748128, 17.35154803016625;
  -2.136304209285264, 2.129978738456237, 18.96149957379842;
  -3.153286242213618, -1.01070650714117, 28.33089684878035;
  -3.042886598806797, -0.8635398584941443, 27.47698815503065;
  -2.508679820711903, -0.736529316410702, 23.95186951286697;
  -3.628557212143626, -1.815074095311409, 34.10032047428787;
  -3.6469210166211, -1.587748005743569, 34.28627717482673;
  -3.56437633250416, -5.181777641635764, 33.46018600903414;
  -2.591774250073276, -0.9872833275671359, 25.02636703639699;
  -3.392916988602437, -2.037683183237591, 33.79787520824348;
  -3.465092149621743, -2.971879099271337, 34.80508326589627;
  -2.517168224219984, -1.119940409548192, 26.53119889318449;
  -2.245716664798044, -0.8120600269528824, 26.86951132505305;
  -1.181630080622521, 1.768513020266543, 15.32470136208615;
  -3.019108896455135, -1.921567184456686, 35.65371555334511;
  -1.179479196878765, 1.614197328745665, 15.93021758224426;
  -2.060113935643416, -0.600074213627708, 26.58402636989782;
  -0.9644103132892521, 1.756928016712255, 14.39014231057784;
  -1.804290275427515, -0.5418628793554565, 25.10767278214546;
  -1.067808327529059, 2.238292771562734, 16.131425283436;
  -1.889839526252117, -0.8039668086366222, 27.29944956257171;
  -2.043910600536788, -2.645498178779346, 30.70999209643731;
  -1.682223659017115, 0.3384886207907982, 26.17844266271854;
  -1.988264684839171, 0.6183709378084348, 31.62737796227177;
