m=[-47.83805810181337, -2.871026078152394, 63.94365877231542;
  -78.43692369906263, -12.02038788350849, 104.9976811402505;
  -30.64745687833614, 3.160075428602404, 41.69110716054021;
  -50.89662790666579, -1.686138015471239, 68.59785401043428;
  -46.78029864121884, 0.4775794355072879, 63.50760410542396;
  -70.73279056148805, -19.71706552438013, 96.31333741840932;
  -29.89339418336648, 3.247545757252405, 41.62338715556226;
  -63.96385841875662, -5.147009705004293, 88.30809093440114;
  -49.01337104383128, -3.244466802040964, 68.15827480250508;
  -72.10851612954492, -19.91867561450876, 99.95730839196659;
  -78.81262842896723, -24.67361452042927, 109.6175142047302;
  -29.23420063094997, 3.79359417363503, 41.38598206989006;
  -53.43545396204246, -3.050126502401862, 74.75036767914443;
  -74.89975072252167, -6.794987893654228, 104.4172122032219;
  -70.19422454322361, -20.75089975335266, 98.01713070783053;
  -69.8723717095001, -7.755125737790129, 97.82764386488678;
  -69.6061962419636, -20.01950689737235, 97.6387607931342;
  -69.28055094755996, -14.12194673341306, 97.28917394020884;
  -73.94174582547373, -19.73016524899741, 104.5268850942404;
  -65.33108360048182, -5.16961993716975, 92.78366035428225;
  -70.78768563308648, -18.16422821201666, 100.4911134170063;
  -28.80546800654781, 3.876092291812853, 41.82323279605479;
  -60.96151045216941, -3.900883641107094, 87.2986998705761;
  -28.10608168566397, 3.196975542105845, 40.93637791658814;
  -67.74329439429492, -11.33714732204412, 97.17892139382448;
  -68.91838939585128, -6.684158795124477, 98.87101291484514;
  -69.36800670803277, -16.58170460967651, 99.59740846482931;
  -69.46572656977571, -8.687686549276913, 99.74615334322806;
  -63.94724302000925, -6.971319899674603, 91.95655118156272;
  -26.64721956027545, 3.1525553708903, 41.96365674793633;
  -84.20445956771589, -27.58476881914693, 133.5238677080095;
  -83.80095334451963, -26.81311669466988, 133.2003724321977;
  -29.3052176442482, 2.22024874861885, 47.70762941657286;
  -33.19700152944915, 1.486164260313917, 53.95500720311468;
  -84.57688910686188, -28.887825447453, 135.8232642039844;
  -30.79102422190323, 1.678575468512979, 50.21212823841361;
  -76.65220914802299, -22.79553528380588, 123.3836414010627;
  -79.44307095364773, -22.64723409895676, 127.8519455308885;
  -78.81468834651088, -25.96617078702285, 126.909401592682;
  -81.44406530523649, -25.45237270952205, 131.1582637091341;
  -79.93366367834862, -25.15573726161702, 130.1129840728251;
  -81.58003426205715, -28.25687691281304, 133.0264070701154;
  -77.78681245806592, -25.54689720359979, 127.3289773321885;
  -76.44527811964565, -24.4049472307663, 126.2111890349479;
  -74.0783735843153, -25.05189789685594, 122.5431442358483;
  -72.34723731583055, -24.0576174301814, 120.9216018228407;
  -73.04554022993459, -23.23532787126333, 122.336583041379;
  -71.36369680055407, -24.47070763863517, 119.688184112792;
  -73.95716965425518, -23.29991322637935, 124.8430052885434;
  -71.92812437068594, -25.45941438057462, 122.0566979035559;
  -70.0794752089505, -23.42201657952807, 119.3033340735003;
  -67.62000386994261, -23.8886833031167, 116.5640214693847;
  -75.34819064921415, -24.59008957078824, 130.8039087964865;
  -72.16161711789462, -21.49530271009598, 125.6069118649146;
  -39.64678285457047, 2.482934505900885, 70.22384191053621;
  -40.28619834193724, 3.214112009524419, 71.8395406985362;
  -78.77021612420151, 2.193465321813207, 141.1938250599425;
  -72.05370323652393, -12.18051487300287, 129.4621344033334;
  -63.40865391932945, -18.37447994198691, 114.2618451309891;
  -68.45458739177677, -21.72826373822792, 123.826523212572;
  -76.90232966286635, -8.347295219469908, 140.3084657065233;
  -81.88187241271912, -22.24778738770499, 149.607420394623;
  -86.60031720517833, 1.928817896197226, 158.1916361011399;
  -46.87646639532667, 3.46107321743573, 87.95098416699248;
  -79.40576663304834, -23.32762579728424, 152.9370132412949;
  -45.57649841747666, 5.078700357758042, 88.2839153971798;
  -74.1488413064702, -18.64443477263502, 142.9222866867897;
  -84.27253435464196, -10.54002283670543, 166.192227806754;
  -62.22311113960014, 3.641058017870989, 123.455006750837;
  -94.73622741826719, -21.58721356725424, 189.7775187782976;
  -68.54487954859309, 5.628081711903464, 138.7213734781573;
  -99.07928427207422, -25.72183643241987, 201.1636738774583;
  -212.1845642302194, 2.117111869264121, 429.9119702373043;
  -80.17820079762056, -11.83649619065401, 164.6945455227733;
  -131.161431026616, 0.6642571367731767, 270.3823553784789;
  -109.0307876597491, -27.36969030437595, 225.3834873102469;
  -101.1185946858681, -27.47901784081501, 210.5088825477723;
  -108.5672399467224, -31.68321383863813, 226.0721695564417;
  -126.0307113423383, 1.83305133736773, 261.8554533095858;
  -104.8048453757524, -27.42655013525466, 219.0257779197989;
  -116.5867782860654, -36.55754276466663, 248.8519604919828;
  -105.6041609833289, -32.68838566449619, 226.8866596783761;
  -84.69594650164731, -10.77272707960661, 184.718045900419;
  -99.9534691372419, -31.48139624616951, 221.318049160422;
  -31.48283901981278, 5.993504711001719, 70.71719546698095;
  -97.46030762811529, -1.472875520200705, 217.6759483095913;
  -113.2002573825482, -35.61226584116828, 253.4935977496532;
  -100.7148742840211, -31.15209056634618, 228.9390695365847;
  -22.8576254459753, 5.137716300507405, 53.13652987710211;
  -40.1080690647023, 5.121215554773187, 94.27740990883939;
  -113.7190106910459, -35.95411291207013, 268.4887152306841;
  -49.04390985667563, 3.281813966890385, 117.0428317046086;
  -64.73061792812597, 2.280597052130307, 154.2246845012713;
  -25.30112000310407, 5.70319440615606, 61.07141471319474;
  -36.3750093490323, 2.723844277376414, 89.66323667192656;
  -107.8859594347204, -30.09825419585854, 266.7794941444791;
  -123.3619191185827, -31.18108480670799, 306.1205257444224;
  -128.3589492792653, -35.49817675633144, 321.8322322742802;
  -97.45227325202686, -30.71444373395996, 247.4112729282044;
  -25.08366523946437, 5.873821357778184, 64.99051463913838;
  -74.11351764117637, 1.63319475434361, 192.3043452563464;
  -117.3853043383566, 0.8280771095068255, 306.0469419699414;
  -35.63773762505534, 5.774501600870321, 94.61766301605341;
  -26.78580656351845, 5.479496479115174, 71.851523512594;
  -89.16520634274718, 0.68132735183199, 238.6271564640417;
  -92.16906686464404, -10.11956877331903, 247.9023404129864;
  -25.2376392770662, 5.497553633008345, 69.60175822616529;
  -64.60874712207701, 0.5968089372016294, 176.4410538081812;
  -33.50460871710195, 3.623469651950992, 92.21709339127372;
  -21.84652372819508, 4.437928915001785, 60.68326847072548;
  -118.4590899002738, -34.32273623514727, 325.3323572534347;
  -54.68736800651198, -3.185023044948923, 151.5222513323407;
  -21.71791558422385, 5.389894964532624, 60.98521966844689;
  -20.41653488558855, 4.799885740954465, 57.45360627285666;
  -133.4886589370137, -44.14699674824259, 373.1988331720999;
  -21.15448533019929, 5.347740461343702, 60.58181783883888;
  -21.06164541563015, 4.73094279480506, 60.6299630275145;
  -104.3917196028682, -36.04582982592727, 296.6688154078656;
  -74.04533159368795, -23.95260554340499, 210.9862220754021;
  -46.07144963927643, 2.579078481418941, 132.434361747795;
  -120.7507414782061, -35.30079212995307, 347.2564718052271;
  -97.73825580958092, -30.01242961261787, 282.0890886798586;
  -75.12674256105765, -20.57297694008717, 218.3533764371404;
  -60.42023842396029, -22.59001868367324, 176.3173129407876;
  -34.2252627353604, 4.729654119649232, 100.7000464541117;
  -14.58651410217982, 5.25336347590211, 43.70353500177885;
  -15.86331757846768, 5.305905902360432, 47.52163230686605;
  -14.12819299149597, 5.298788795088671, 42.65577223487925;
  -84.08956445596671, -19.14940533144425, 248.7231270500037;
  -33.57893841641727, 3.543567916794738, 100.1337252104214;
  -67.97314393964356, -12.20479099548336, 201.771963473075;
  -95.25831778082385, -25.44882502701707, 286.5074635643289;
