m=[-38.38809872626871, -8.420011597025795, 68.42599465199261;
  -33.19047133010707, 2.149141391566033, 59.62974578856746;
  -62.13370170267493, 0.1417836568179937, 110.8935565229312;
  -41.31272741870703, -10.28118967714827, 74.57982034080041;
  -48.78995160530053, 0.3907045526412637, 88.0333924616579;
  -56.18937495102576, -0.1102037775375287, 101.6366710969455;
  -41.88287054155443, -10.05277764470029, 76.98906495025908;
  -44.32765764265308, -11.47005658649827, 81.99224216148393;
  -44.40280788029146, -12.31838849127439, 82.15963980465739;
  -42.51638659933121, -10.61370751492864, 78.93913321557901;
  -57.75574224119357, 0.161967510507223, 106.8734395730241;
  -44.04590868484977, -11.34103095267136, 82.42290797926822;
  -43.44176515354383, -12.88400049594062, 82.3597776008416;
  -40.925496512438, -1.008778892413896, 80.91623098429955;
  -42.06730738464191, -12.28024572988636, 84.46992007482241;
  -38.80577067636648, -10.95033607483782, 82.23005821101711;
  -13.15701917691941, 2.221084937984124, 30.41085221569723;
  -12.62626752478346, 2.283590021297344, 29.92507770317894;
  -11.23606040878768, 2.318134238943384, 26.99169424824943;
  -15.77076977662872, 1.30582535098682, 37.44993441092807;
  -7.615236068290019, 2.394733067699019, 19.35627821929074;
  -15.84840253840284, 1.470151274790732, 38.83254918603844;
  -8.302534200139082, 2.325714123515675, 21.02369746422436;
  -7.634826625171669, 2.361965759635767, 19.64818078923328;
  -6.714429453990029, 2.339238803418443, 17.72475291980876;
  -16.1438386460562, 1.730588372964652, 40.74498661558936;
  -15.41410685931338, 2.321838182623767, 39.07319325628149;
  -5.86460451017033, 2.435898052497321, 16.06815344956294;
  -5.386920734513484, 2.467872310737675, 14.93541397616662;
  -14.81399790492413, 1.682409377656545, 39.28017999002377;
  -5.053691888120329, 2.472139365434842, 14.41455270991932;
  -14.59044247445714, 1.959279936221463, 39.47323222618908;
  -4.889906157033281, 2.393962848471716, 14.27483673925005;
  -4.892218767827776, 2.440104400149972, 14.28285342770901;
  -12.8011590811112, 1.97691456972306, 35.74257463345332;
  -7.638693089151171, 2.306335288829668, 21.92912555726559;
  -4.812736006807874, 2.42995524939897, 14.38208634726738;
  -6.983264766776664, 2.178870026996152, 20.60783018451418;
  -4.507857132126929, 2.4458059070822, 14.00254264124796;
  -4.12925700696968, 2.496360342069209, 13.54088950710697;
  -18.81976421436821, 0.3640697157106643, 56.60448846476449;
  -8.915955738475692, 2.235366145816116, 27.99706132662447;
  -15.81673435664596, -2.12617705956815, 48.52736950702818;
  -16.53965273679855, 0.2216410905035429, 51.15005897636262;
  -3.027521551408648, 2.399011802400676, 10.66790584150791;
  -17.96969445142551, -8.763124525826996, 56.57414133147954;
  -16.24458551597744, -8.26779864385105, 51.68200474646277;
  -11.93948605465182, -0.2359762824794263, 38.98208305207002;
  -14.59617429356418, -7.203112583821829, 47.76477800194958;
  -5.411311839076555, -2.153683319549486, 19.57996991580518;
  -15.92501151983773, -9.180190324473147, 54.7139341712661;
  -17.87571526131659, -11.144245067657, 61.78900629633154;
  -5.551596415948766, -1.247928228158439, 20.32825494686169;
  -5.414138107105257, -2.382541334939381, 19.93960070237112;
  -5.359192292084058, -2.47070632424759, 20.00806652472749;
  -5.991466962488781, 1.966546931303518, 22.30159014387261;
  -14.80099321889644, -8.798863398148681, 52.64442015192329;
  -5.293259691317206, -1.979472046466245, 20.16545735626092;
  -5.319564658361702, -1.009526569249725, 20.37445045613223;
  -5.308996848957063, -0.8668032232235602, 20.35655523888069;
  -5.419417586270633, 2.141598559653498, 20.92067081613717;
  -4.861579537951186, -2.053895380248419, 19.08511083324214;
  -14.71920324054493, -9.471496247939719, 55.1036186029561;
  -3.134116814796845, 2.462251009351056, 13.2989566721321;
  -5.184166414632057, -0.9122263542679328, 21.49100812973969;
  -14.28233019885069, -11.84042102693858, 59.69483164154364;
  -8.871191084234336, -8.169346864656399, 37.85401650777953;
  -12.68140366022263, -11.34381045902922, 53.95889093984608;
  -12.63553140183298, -11.12423988419615, 54.36224066890731;
  -12.63547415051644, -11.32720465657885, 54.81571422786178;
  -3.11433326481818, 1.995129533277122, 18.10078319054701;
  -5.713250668964276, -4.672105748139781, 31.72110153312797;
  -2.813633449923107, 2.021487446451067, 17.2852811629415;
  -2.69852935735976, 1.845665300870379, 16.99800327458529;
  -4.457519634222479, -1.710430588721147, 28.57602079930271;
  -3.453997535036461, -1.15064178279463, 23.8104091794172;
  -3.745736370031187, -1.545254061986251, 27.52153050365256;
  -1.980424083581638, 1.568159069682046, 15.75525464495701;
  -3.241725406545357, -1.147761924164165, 24.36156600098664;
  -3.860280214503892, -1.729751143498858, 28.82036503140036;
  -3.106035050704685, -0.6921653108212944, 24.44628998692981;
  -2.856898296742067, -0.8532516344908169, 24.08445987135693;
  -2.632726453286114, 0.1641158734586304, 22.73019876725819;
  -2.894982607221761, -0.1446311838994268, 25.05216240790482;
  -1.549551812198345, 1.260111110542606, 14.62906630131475;
  -3.036991687999325, -2.443914535194345, 26.23945428195569;
  -2.703524310266198, 0.1906260819169475, 23.74205678861153;
  -1.514969752186776, 1.149188147235959, 14.43765095092568;
  -2.947670288802005, -2.013403846406345, 26.7693576121195;
  -2.462236277804642, -0.1734290444424497, 23.12224377730717;
  -2.61323728028525, 0.2873695107564809, 24.50348700013212;
  -1.125257753534722, 2.532518269129136, 12.03249755395268;
  -1.072436760698736, 2.505687344679767, 12.76421308654368;
  -1.168683375772224, 1.382008407086626, 14.67312257067411;
  -1.121521385268379, 1.481177214395034, 14.42643037490486;
  -1.087634036532275, 1.351345261554557, 14.41299639786753;
  -1.084483385817081, 1.705253209967535, 14.54699943171118;
  -0.9149175930808724, 1.255786049321955, 14.0139087350142;
  -0.8292746049299659, 2.335589337518544, 17.00802636736519;
  -0.5045890851042695, 2.444278458966863, 12.09175770863546;
  -1.045567745904792, 1.664793455545324, 20.84914420014331;
  -0.9655445790154457, 1.886688784922054, 20.19486443753373;
  -1.094280480600245, 0.7649434048742254, 22.39889971487832;
  -1.019975325859323, 0.9694410421484974, 21.73873909617736;
  -0.6721220090196323, 2.194005223154433, 20.32118315110036;
  -0.3041201106156771, 2.52750059294948, 12.67049184003207;
  -0.6718445675136104, 0.4929956878850496, 21.87901582431669;
  -0.5758148144633989, 2.086276106185001, 20.13758658043751;
  -0.3936943181725225, 2.01666281558193, 18.20169869647248;
  -0.4334655678772887, 1.553552073905466, 19.69585136423179;
  -0.4014778980986077, 2.215872266486513, 18.88688281674788;
  -0.1967772528412852, 2.54093836082813, 12.7398949600208;
  -0.2511744063636859, 1.353694300168912, 18.77441691755737;
  -0.2378692613888211, 2.333033455430071, 18.28934326297017;
  -0.07135619650310839, 2.525176138426374, 12.62338554034355;
  -0.1151084644137105, 2.289109547684375, 17.4987701882999;
  -0.001803902687287718, 2.506158397828174, 12.86849874286113;
  0.1265799926059881, 2.56207027151391, 12.82993711112216;
  0.6818348377744585, 2.479195389274012, 17.65660555028045;
  0.63189073025523, 2.550129018006993, 12.73735049450876;
  0.6655077556089281, 2.521786971715966, 12.82042212073997;
  0.906242090320507, 2.502353878449948, 15.07687971969991;
  0.8362146988900719, 2.459966820774391, 12.97767259464918;
  1.145212481138461, 2.413958483232853, 16.40178927703078;
  1.162045910487866, 2.531920770887933, 13.02825313458324;
  1.317987619632845, 2.510668245557243, 12.98611328199402;
  1.626267475906427, 2.333609720069755, 15.783942116727;
  1.562105782782502, 2.697860296146153, 14.75749930078331;
  1.698111465042764, 2.495225611535356, 15.49608236511443;
  1.493897350572174, 2.367585079684359, 12.67044884828993;
  1.827375813915762, 1.860244900581957, 15.20904622879538;
  1.584612736946772, 2.52564063788893, 12.96768150653262;
