m=[-72.75099824891751, -22.86572160598984, 103.520064784235;
  -73.03112442127018, -23.92434200958204, 105.1979728989433;
  -73.47346729467684, -24.34572325881576, 107.3861290870861;
  -64.19713353854091, -21.03705462710936, 96.29938786034586;
  -63.05818731723532, -21.31397961435794, 95.6706228707545;
  -64.47494568688265, -20.64839072167647, 98.10519374993568;
  -61.51787560120865, -20.723264598044, 94.70604596330547;
  -64.68252279664566, -16.83391750880749, 100.2101991366066;
  -61.03623308714908, -19.09589779335106, 94.70433620503768;
  -63.19398186540487, -18.04595990422023, 98.27239800466556;
  -62.69035800845951, -16.65540080172112, 98.14222744269569;
  -39.61178906146526, 2.547428681962345, 62.6545484666996;
  -75.24421774435055, 1.297632813523158, 120.6520645942123;
  -55.76648421695764, -16.88095911231599, 89.94663441977313;
  -65.66124851911025, -7.228847263962771, 106.930241063184;
  -64.15593487985704, -9.496549731538131, 105.6703001462045;
  -70.97423984711614, 1.127362885252679, 116.845897532162;
  -43.70681111039477, 2.530302989122097, 72.75107995741044;
  -41.07881685997878, 3.801380655121991, 70.48945860832885;
  -79.68210683942301, -19.16029631293231, 136.737630143903;
  -75.86110426119335, -21.24655052862238, 130.0960563310799;
  -56.4552503002799, 2.434092958830728, 99.43035063968127;
  -72.19567389017256, -15.83533521013823, 128.6873004764235;
  -95.00068220448915, -1.339633828196603, 169.4630245937682;
  -65.93559812788095, 4.269445941424528, 118.4593890119367;
  -127.0254166954241, -0.2491339470374167, 229.7665796937216;
  -72.49206202182093, -10.54661763313881, 132.1960994420898;
  -103.3266871027623, -0.6221596571908784, 189.7195441739953;
  -87.67209229527566, -21.04316246938258, 161.1587821171241;
  -88.49912826758229, -22.89969881260307, 163.6955874026088;
  -85.96746900144179, -23.84940798397989, 159.0677847923104;
  -109.9810598649246, 0.3084257560897993, 203.5131694189834;
  2.179202993973596, 0.7022222932405922, -2.952668068311108;
  -75.47667887503074, -22.14699750756841, 143.7628862992274;
  -88.06107606229321, -11.09124718360195, 170.1726934863598;
  -78.93041965166347, -23.4667420456674, 154.666686846447;
  -24.79499899488491, 4.650574724302495, 49.8216582221965;
  -84.313597709094, -2.078258908515899, 166.7014240199365;
  -83.03419931627609, -24.68828806430956, 164.4772433744917;
  -81.02702774049391, -23.65332780435702, 162.699896491086;
  -87.95074451567794, -25.97463303684736, 180.7700491922667;
  -92.45019947842219, -26.45516624624428, 190.1813016526495;
  -25.76226659956558, 4.999782959669218, 54.06504092656225;
  -68.19719006049056, -20.27672777109743, 142.0648959514805;
  -61.6281072574428, 1.208121265991491, 128.9387090660746;
  -33.21489222034907, 3.583051846691602, 71.17832734876255;
  -84.41685765358693, -23.82101799749841, 178.8806921717233;
  -35.28600417404606, 1.951503393212868, 75.75992979134068;
  -85.29917358860799, -22.48597131565521, 185.2103518129524;
  -22.76421966938051, 4.484434010903506, 50.91158908497065;
  -72.78360379040345, -19.00780705215305, 160.2375569631301;
  -80.10451447921329, -20.38815129887219, 177.4073355291892;
  -83.66336220337729, -24.95284903616514, 186.0864174039681;
  -60.55004525336987, 0.370105325388767, 137.1575213092192;
  -31.8907784474964, 4.174998989669624, 73.30732088749994;
  -26.88131593168528, 4.537934096333692, 62.13289767001423;
  -34.62377301417109, 1.632914444382804, 81.38374473449116;
  -64.43906122805829, -0.463775124579392, 150.3118926350514;
  -26.00095508644813, 4.702539484694757, 61.62395971664396;
  -72.03919133761315, -8.008068109316474, 168.9223729060167;
  -76.8794237478117, -21.86851072744723, 180.1335015200085;
  -31.66190024978561, 2.62161661048762, 75.18568240321433;
  -22.85128674778652, 4.714494964135978, 54.89423540237777;
  -54.59134247341332, -0.2828208699866927, 129.5235619988307;
  -74.55005644958348, -20.26843455223611, 178.243156546246;
  -32.40819263589093, 3.006293259012601, 79.40817577761186;
  -67.60633986811752, -20.88081886843099, 164.2998585523248;
  -40.52209441197363, 1.454088771806964, 100.4803750821135;
  -71.08913342691669, -22.75188117202006, 175.2907760132603;
  -15.36813545895362, 4.832756574110774, 39.06246674268231;
  -17.22375513928184, 4.824735390639212, 43.61403500633276;
  -74.86535740938291, -20.46657475635363, 186.6485178424742;
  -33.55394389381221, 3.596918083910931, 84.68586838778887;
  -15.75474842403682, 4.874004107252903, 40.54475111507895;
  -30.51976724777413, 4.597214847894782, 77.36450607830606;
  -41.39699977208127, 3.802884308223838, 104.4685388163268;
  -63.76940149904194, -18.07470261017505, 161.1532511988173;
  -34.71410136632376, 2.772091563323877, 88.75190981744787;
  -15.80682109738512, 4.774333519861033, 41.22302512727228;
  -13.52874683705631, 4.713277543494115, 35.7131900252479;
  -14.49405348045636, 5.05818547845645, 38.34577589815088;
  -37.3803270292881, 0.7434211992127093, 97.63865219473377;
  -40.32625147496475, -7.812725632840519, 105.1738437138041;
  -66.71840853349028, -25.07936962043896, 173.1262968668628;
  -47.34503901864484, -10.46266917479379, 123.654565222605;
  -30.95557933055041, 3.515590949233083, 82.08052516298143;
  -12.20794722541777, 5.070642840419181, 33.44797914028165;
  -13.78870921351418, 4.870563672906954, 37.79697151055344;
  -30.95008967661129, -5.325454935402242, 83.05841019570813;
  -11.00610342483457, 5.042149166450917, 30.51478182354495;
  -29.72323060964954, -1.512009044638674, 79.97352576409513;
  -29.41702205031285, 3.950269581437541, 79.58531379893108;
  -49.80031293266705, -20.42165955110961, 134.5675461801044;
  -20.56236368026999, 4.279965338712723, 56.66124254094407;
  -10.33112258496652, 5.053726146515839, 29.46727152157799;
  -24.91177163649882, 3.847186336312069, 69.55704958646702;
  -13.32327912965971, 4.77609317172823, 37.91124585623845;
  -10.01302692378611, 4.994222910926609, 29.23307454291171;
  -15.21434459282383, 4.593636558154171, 43.677271616186;
  -10.18876957302559, 4.98813986325265, 29.74352013270934;
  -9.741993688458988, 5.009627937486227, 28.6523364625107;
  -13.61605568463318, -4.889366801764617, 39.99133742157677;
  -10.16662742277097, 5.133140409052161, 30.38132846845459;
  -14.87724304821711, 4.641894592958346, 43.90320410161349;
  -9.238898636284711, 5.012703862887768, 28.69835230374858;
  -28.96154583795816, -11.54932005515229, 86.65906359909872;
  -37.83718111814713, 0.7319630371596124, 113.803459902341;
  -42.90257292743519, -18.94768855987129, 129.1593204265625;
  -20.43323598982159, 4.118281721218541, 62.67430842485028;
  -33.77369604852701, -3.089368965867286, 102.6162574304513;
  -37.11290541503474, -15.51766397759191, 112.526905757291;
  -30.43201035413981, -12.09527789469574, 92.34658116819192;
  -37.3659269990706, -2.62884521212326, 113.7109670625023;
  -31.15507106938226, -4.188045136453994, 95.5869657864216;
  -31.11938076911596, -3.725689636494825, 96.09273013349373;
  -33.71532532025111, 0.4518052216438857, 104.2670548155597;
  -37.39552150739183, -16.6533193126113, 115.5302128266766;
  -18.11984225171052, 4.542920930193736, 56.89825629805462;
  -33.30376016647081, -16.04540251224152, 103.2545929976117;
  -33.77687455209172, -2.727375885587828, 104.9423083702627;
  -8.783270614104161, 5.157490965965472, 28.74287695162537;
  -8.629592288344677, 5.217057674174483, 28.29863955443441;
  -36.35135421292292, -17.72714858960883, 114.4452765399933;
  -35.11632393599336, -17.87270565503071, 111.7222731570034;
  -30.32598500350926, 0.755780143872564, 96.81990226352922;
  -16.68424206674947, 3.502182448523352, 54.13794802179034;
  -36.39575713155296, -19.36257013988384, 116.1878754553946;
  -28.19286201854446, -12.10675809924106, 90.72955229861047;
  -35.23703117539488, -17.83806096829834, 113.5868458469251;
  -23.07945656677281, -0.4561506531640447, 75.35377055296682;
  -6.149212743252911, 4.990017915029812, 21.38805688034342;
  -8.132444199467086, 5.199735419470769, 27.82230856899737;
