m=[-46.72455510715797, 1.010401617105498, 76.29596784507282;
  -64.75877476087547, -18.26742735676378, 112.3433179777499;
  -60.4709306593159, -1.89287198993263, 105.7637153498508;
  -58.44163958615251, -16.40350029500154, 102.4321904163402;
  -66.23213748175125, -18.29153574942347, 117.5797029056936;
  -59.65364546139299, -16.33692652275197, 107.1005027109775;
  -57.56865518935617, -16.05132622704711, 104.5298296237538;
  -60.25872229037275, -16.29227812904382, 109.5341882314213;
  -60.77151949517162, -14.96416551467459, 117.5079505458434;
  -14.6846123579974, 2.241362127375215, 29.98402292798995;
  -13.00829722956081, 2.256082220734008, 26.81555791935778;
  -19.45265958309241, 1.242896621179805, 39.94122672827004;
  -10.49639018985185, 2.239950761646777, 22.19578167266716;
  -9.414454248117144, 2.248160005926766, 20.23809416287316;
  -8.567362425944687, 2.259177104156874, 18.6442184159917;
  -6.521031846107587, 2.337602461598449, 14.64589041050649;
  -19.94312425986952, 1.456062584211213, 42.17724985920938;
  -8.70436534599718, 2.234557480677764, 19.18129415557564;
  -19.61010508635355, 1.661328616995661, 42.64444985525488;
  -19.19318615083655, 2.364747734261391, 41.83893989044532;
  -7.37254723388647, 2.210467697417198, 16.94071677190255;
  -7.285757961497282, 2.203337048349789, 17.30945943655252;
  -9.666393022373068, 2.488402523703945, 22.85483606718585;
  -18.27409094860802, 1.972685884535455, 42.27410755341916;
  -28.15369190341936, 0.2391383304073788, 71.03470670451107;
  -28.78300062442895, 0.1491114611718771, 73.57796147089674;
  -22.24309950200932, -1.995250587379225, 57.32793301830331;
  -21.94726565076542, 0.0024557785024671, 57.44491227867199;
  -22.41427909555461, -10.16260665566132, 60.28079965940906;
  -6.875155652411953, -1.856965633005341, 19.49518213330028;
  -15.63887777373605, -0.4571429604424245, 42.72975653099439;
  -15.86188410865039, -0.6773411386369609, 43.5438918280779;
  -14.78377354061523, -0.2306655761106844, 40.8639705542119;
  -6.72232991675356, -2.340818838177469, 19.80074759689794;
  -6.429228110232057, -2.467886751050748, 19.21648401964395;
  -6.353991939373714, -2.178890559360805, 19.3491807177618;
  -3.757392504001851, 2.310237706663851, 12.07454801677073;
  -6.502976540789965, -0.8904023678086264, 19.90328213342102;
  -6.301938495058041, -1.858006880725339, 19.42482684840089;
  -6.31535411525828, -1.707428172262894, 19.48489338702327;
  -6.306650465486856, -1.441908712098674, 19.48385091828866;
  -6.314256186711741, -0.9381157648239201, 19.54498167786339;
  -6.397816443434978, 2.033669070202168, 19.9084864125652;
  -3.660243595441787, 2.305239342557137, 12.10632442239226;
  -6.094107861686849, -2.201806713297116, 19.22758590845877;
  -6.204679436070596, 2.108610119431334, 19.63200675900664;
  -3.319593272300657, 2.331695394536611, 11.77420172563506;
  -27.62214193442239, -17.77541654853681, 87.99600197786947;
  -23.13569515850137, -16.35719905529486, 78.9214731606277;
  -8.497352477033003, -5.246885552001923, 35.49341124944855;
  -7.909458429215434, -5.22794491526654, 33.66589015947523;
  -5.971699891628659, -3.200843934326019, 28.48660930033933;
  -5.37733311450218, -2.902796999721577, 26.30307839239706;
  -6.051489389728485, -2.126810656047715, 30.52461325530356;
  -1.697276151555165, 2.390391811379707, 10.74362499530478;
  -2.151104222193277, 1.051514271468307, 13.18007719605977;
  -3.861808127069112, -0.6989031294278641, 22.53085898501846;
  -4.558339395320028, -1.059048150596002, 26.32959318952744;
  -4.084800700528288, -0.09893944871468874, 25.05176407366644;
  -1.678886898157193, 1.268490516843511, 13.15858746770239;
  -1.629127669224691, 1.401153233142913, 13.3026966881993;
  -2.140041964301462, 1.624915456126542, 20.63378674543054;
  -1.985018968823548, 1.819685581370611, 19.5972188523458;
  -2.273362304667766, 0.7078185098554479, 22.32833146264261;
  -2.163349671195455, 0.9058052956518456, 21.60661533953384;
  -0.9345177696978407, 2.390441182854488, 11.65627172432871;
  -1.611499472330236, 2.010390882665679, 18.70845088071945;
  -1.91465970945077, 0.4479786772054308, 22.92003575916715;
  -0.8215357256688731, 2.367094146844845, 11.55612955252317;
  -1.338052709562135, 2.047125626845286, 17.26482963884535;
  -1.334954594394091, 1.972105330109572, 17.78466229711861;
  -1.354093832102434, 2.140062065264758, 18.16934532438541;
  -1.469204302989595, 1.53597103126941, 19.60706542737134;
  -1.580737717948056, 1.434506018534728, 21.33704788294043;
  -0.7078788594362088, 2.351628822826743, 11.80075673858898;
  -1.239557674391592, 1.328538547304374, 18.72352817832438;
  -1.199800082347127, 1.451866110024736, 19.6253919229574;
  -0.5994154074122082, 2.382127472373335, 11.4541550683928;
  -0.5123962745688916, 2.369733526856588, 11.55854874644412;
  -0.6517385351346384, 2.171063204271142, 17.06658779544345;
  -0.3698463544711235, 2.38988419723274, 11.53714543520259;
  -0.3218407161055316, 2.422031163264355, 11.70770034587511;
  -0.3093275675597492, 2.377300740621987, 11.91297622612434;
  -0.1429369299899621, 2.40336102415071, 11.66001917862014;
  -0.07382456428531393, 2.373696374399874, 12.32911677455607;
  -0.01152723344068995, 2.347817434094728, 11.65362436069058;
  -0.03526543269867034, 2.323140918290556, 16.25687860644787;
  0.1448902819468537, 2.336159472603616, 12.05081411671673;
  0.2221978635513443, 2.371314090252439, 11.69075857990193;
  0.2264210266199984, 2.392794195120183, 11.86060826991912;
  0.2456299675009804, 2.341967113363063, 12.35285770150005;
  0.286841542014143, 2.328291797080921, 15.69497905931258;
  0.6026275933616286, 1.529250853918668, 17.93525272924796;
  0.5636803614490341, 2.31625534762282, 13.50848298785592;
  0.7626479214991543, 2.179042330427962, 14.63050462994605;
  0.8589550569144536, 2.359208181243391, 14.48533969143496;
  0.7983705129387317, 2.263582866422534, 11.86607464150956;
  0.8869100093070043, 2.383516847525659, 12.76919981551827;
  0.943613758337706, 2.382789025898676, 13.69369024096348;
  0.9839659069057531, 1.729992874639875, 14.04058914143396;
  0.8579849349570081, 2.37520076266306, 11.94481327529334;
  1.046893937783691, 1.950880166820442, 14.24672455398044;
  0.9707988165856509, 2.387883620872482, 12.26435528130717;
  1.193061822937433, 2.410817350614725, 13.81512255280639;
  1.066019906246082, 2.401989913166454, 12.14207099051096;
  1.151434724244738, 2.363802695206098, 11.95614678102862;
  1.408072277637979, 2.426684676788739, 12.60374357270078;
  1.376555332411089, 2.443733608844542, 12.38540574422287;
  1.5943485343774, 1.376214745568262, 13.56120274276687;
  1.700961245559405, 2.391126902074239, 13.75258576362773;
  1.686593825315524, 1.300506539012213, 13.53291246804179;
  1.86037880362315, 2.457535759050285, 13.93831954906398;
  1.734708549716683, 2.448726355342756, 12.84560089570175;
  2.16952947412973, 2.406671817275099, 13.85090392457084;
  2.408480939806268, 2.468771546587667, 14.33823823281046;
  5.192554375050871, 2.505586411683584, 15.72817920531386;
  4.752214310715573, 2.474174129356208, 14.35906173288873;
  5.023069844030728, 2.512109889270612, 14.68939938378058;
  4.960323632150925, 2.416392856214105, 14.49813309932012;
  5.426444478306421, 1.968674146627895, 15.57263623492936;
  5.475133351910051, 1.865432200186826, 15.65909379541913;
  5.568803339991784, 1.858819420588838, 15.59281484233014;
  6.650524907112401, 0.9339823471650361, 18.22212946183982;
  7.865381530865005, 0.592107170831579, 21.0468763518749;
  5.844734490526603, 1.893834007486304, 15.74929920055535;
  10.19826826348881, -6.242425752392936, 26.89939453845091;
  6.201122821122272, 1.424123198434993, 16.42331258514109;
  5.921533194599227, 1.924787950237065, 15.69256101376858;
  5.870434687337709, 1.993802662723796, 15.54507488482143;
  7.189725601859345, 0.1885314215975068, 18.86120855718357;
  9.696117932834849, -5.665145142612559, 25.27663646128823;
  12.15117592862878, -0.6501545280486417, 31.38273880794889;
  6.062777944890078, 1.9024199862192, 15.83175101657872;
