m=[-70.76887804153355, -21.18076697526652, 97.83292839980727;
  -41.65426605974258, 2.123220572030013, 58.24103196364186;
  -73.08909952497305, -20.05597797077041, 101.3132176428406;
  -81.70579066567595, 0.6590868508190809, 116.8311184724441;
  -83.10551621838026, -9.221304364172383, 120.4891268808238;
  -47.8596515124367, 1.679977843619791, 70.28245067233944;
  -50.8542472802568, 2.290825733949502, 74.86073043329301;
  -78.70140338479949, -11.48635314734113, 115.3387046434959;
  -118.2733537466347, -30.36832998653213, 172.850373727932;
  -47.46811837637848, 3.646135642071345, 71.88745062066894;
  -102.2988038825856, -27.15510669918023, 155.740131447465;
  -77.08693727027944, -20.79605792711671, 117.8149897188537;
  -97.02363575821077, -22.34906816892874, 148.2567088305188;
  -66.48591347449246, 2.073739295307812, 103.738266941335;
  -100.8914375445615, -21.25857408150181, 159.7409050191048;
  -80.3122516435899, 4.060182401963116, 127.9384878257168;
  -225.2246048407363, -2.89134870998599, 358.6499596521753;
  -131.2071379871075, -1.313611733319752, 211.4622817331562;
  -83.83254246692184, 1.812848432272539, 136.8891570986221;
  -99.56806040462217, -22.88360093222465, 162.630067896898;
  -112.0868020911816, -27.65468162663952, 184.1782507070708;
  -115.7035119193326, -30.56253560797138, 190.1586719091442;
  -165.2962522932435, -1.01603459720429, 271.9756417801196;
  -114.635888192111, -28.14572707155334, 190.4220399788696;
  -116.95343567219, -32.62065051109314, 197.4236694742837;
  -117.3005100535362, -14.51782316322347, 200.8724549069929;
  -104.3325121231978, -29.30328739846702, 178.8319592529369;
  -107.2234025384178, -30.24602803323805, 186.0108201631284;
  -100.7218562259461, -3.152813729595602, 176.162622523628;
  -104.4961524142707, -29.33016046593197, 183.153139741988;
  -112.7453017426383, -31.13722123150895, 200.1529708529298;
  -25.96295623817214, 4.340472587210582, 47.25309014698451;
  -110.8090079620996, -30.34648774830444, 198.9434235888599;
  -102.2144274266733, -27.63593081863908, 185.7984024249534;
  -87.01479845207246, -24.53760798322384, 159.8325081459695;
  -36.99322684361507, 3.255504072801122, 69.03254577906056;
  -41.07837956406397, 1.657373882669603, 76.8809580948105;
  -91.37619015966151, -24.26722720056717, 170.6642883554853;
  -98.44086121910229, -24.48037003953473, 188.1138603340477;
  -101.5922268299014, -25.01571311554574, 196.4389645896322;
  -100.8840732489273, -28.09600936571438, 197.1577854409003;
  -29.98149680886905, 4.233571185146131, 59.82881518225223;
  -28.66711029641336, 4.375558152522552, 58.53442170972607;
  -110.1676465918459, -1.269899369011542, 221.4217466116027;
  -25.51187947750995, 4.42462965682575, 52.59068652015574;
  -32.54087835206372, 4.510167434409657, 66.82647853338041;
  -37.12597963868686, 2.372105184579529, 76.22901968360038;
  -73.17831307503232, -8.034288413713915, 149.9778873195292;
  -94.06455613371217, -25.02870433861554, 192.8140515525255;
  -20.90659690362388, 4.461509796290781, 44.20931882276422;
  -25.66966994421805, 4.010564778941014, 54.3133894777981;
  -17.40046435611192, 4.661305550848469, 37.39342944294885;
  -97.38709984944367, -24.78650877063825, 203.3489560845877;
  -37.04094358745776, 2.704387303553229, 78.33703046481982;
  -18.54918314640733, 4.429521945013851, 39.87486743976157;
  -17.13674343805749, 4.518886500917591, 37.29282966136762;
  -113.6181593081659, -32.61422979625804, 240.6753256708029;
  -15.40307078754744, 4.545491207734236, 34.13523291082008;
  -97.23924753869464, -28.86740290450297, 208.8411771078251;
  -37.29698244564229, 3.159725253468906, 81.10661776934239;
  -37.29183975008571, 4.594640663744639, 81.29192461565067;
  -47.00992849498274, 3.354338691591266, 102.5144830839729;
  -99.57619377757816, -25.39873288039187, 216.1017443687215;
  -65.63512437078515, -13.74509594837189, 143.1749964603954;
  -39.70472254954562, 2.390346045875042, 87.42671636586037;
  -84.00480854363819, -22.08773634289886, 184.3626933013555;
  -13.08487820798832, 4.646075082970611, 29.92354842306358;
  -12.23801290953376, 4.781782836428539, 28.16798718532814;
  -69.36591728694123, -12.92957249613792, 153.9315196527832;
  -82.63600571148761, -19.53411124213346, 183.1911777480906;
  -13.31135120931576, 4.530212581738152, 30.96250239987822;
  -34.28637927219029, 3.092614492337866, 77.93480498784437;
  -67.52222828628784, -14.01728320971086, 152.3251606525857;
  -82.10149271140705, -28.48935524466543, 184.8587695022764;
  -11.51071018357322, 4.784332886296927, 27.12458575876389;
  -35.00511001237815, 3.778797347689084, 80.97857177925802;
  -10.96625251411811, 4.543772776064651, 26.38818638925573;
  -11.16248513319008, 4.723645922418252, 26.84827091146745;
  -10.99794229167798, 4.789304033315065, 26.5955796675381;
  -31.70290578364968, 3.947117548533829, 75.26315431591358;
  -18.00644855422122, 4.545523187432203, 43.31883866118886;
  -10.70027565058655, 4.566979619479047, 26.31468903001132;
  -15.51510714048545, 4.035911536956448, 38.25590935030966;
  -15.94654190636989, 4.680597115435205, 39.36816075852467;
  -10.3581922590804, 4.722765221081299, 26.28107443576478;
  -40.98133164042847, 0.1402979357183234, 102.5057188916454;
  -9.386743272425848, 4.749814719005126, 24.96022019827841;
  -48.00981878757374, 0.2487167451171254, 122.7274613606037;
  -52.71926961350559, -21.00799411357452, 135.2538032818224;
  -22.2663295484423, 3.995857685345778, 58.17071741612165;
  -47.30797810143214, -17.86402172871735, 121.9558794575069;
  -21.17528165750443, 4.331654521412477, 55.54632084301638;
  -9.574051987182434, 4.959761526063965, 25.88181594647896;
  -40.12610063983112, -5.175951977989404, 104.2131635704201;
  -38.51803694726721, -4.514461991631936, 100.6318021435767;
  -41.16496018628083, 0.004606132986632751, 107.7454278124827;
  -7.013080487273846, 4.607921606416051, 19.56803867138754;
  -49.58460685951511, -19.80115512964593, 129.9662827409403;
  -48.3121276771173, -20.81815026468832, 126.8712924928772;
  -18.67251999220766, 3.138280817964009, 50.35766476103442;
  -41.6708263552238, -4.493776566352828, 111.1707801691442;
  -44.9607044439434, -19.6180180970803, 119.8642969320289;
  -8.776279986806253, 4.775167505815889, 24.67838920765298;
  -38.3147914558314, -17.37187946127307, 103.0435222964222;
  -34.64593931894316, -4.574001157309413, 94.17069625177365;
  -52.43906402194547, -24.90418558861881, 141.6106261998317;
  -30.8264568840335, -0.9010939252677142, 84.22643980120276;
  -33.46855898221538, -1.429189098487298, 91.87756649718901;
  -32.03578264432573, -0.4998420896741186, 88.55041475455258;
  -13.99441824994019, -3.779864058048609, 39.68255359228891;
  -12.4000159284133, -4.317876575291362, 36.52447717332509;
  -36.19200391869872, -18.35599771993022, 104.2699806074335;
  -57.63581263106254, -31.55227667381694, 166.6270917262083;
  -12.95784558444374, -4.973924535220127, 38.73003544643084;
  -7.897420660551981, 4.818845715207227, 24.3041022184923;
  -12.73344687640877, -5.110592722195274, 38.52773885655292;
  -14.16034459423127, 3.728983199962527, 42.80954201802346;
  -37.93927653932457, -19.7615047986741, 112.4395362373836;
  -12.80985252318487, -4.39271358791223, 39.00857190313204;
  -7.670244082493388, 4.803209233674061, 24.1525135832416;
  -12.66698469111473, -3.734619868567432, 39.0441741869114;
  -12.64801000212987, -3.419534076248108, 39.02316828981577;
  -12.68889770972924, -2.901101346065337, 39.20125154338859;
  -12.60826094027781, -1.873222752662483, 39.02727760493074;
  -12.90641615490898, 4.102552733961184, 40.16170406367002;
  -38.87332061751405, -24.07039816080891, 118.8221965274537;
  -12.50495671542891, 3.841810957014916, 39.28156793068055;
  -7.821815018895982, 4.809253218011482, 25.13575063647689;
  -11.26875711044389, -4.071412193453057, 35.55417796012574;
  -12.4366821480928, 4.226505833188885, 39.35046612909287;
  -39.43902590796498, -22.01324365024724, 122.1848895265611;
  -38.02799433379376, -23.02415712255715, 118.0734053383861;
