m=[-4.185181268600129, -0.4694645712403865, 6.095910679595217;
  -5.656136992456174, 0.1030389830118162, 7.975355898784785;
  -4.00448077119621, -0.7376263517827487, 5.976394325079001;
  -5.878634000278996, -0.1444703227007547, 8.362042357713511;
  -4.08856448504708, -0.7091017447821879, 6.166589308488429;
  -6.120919614823043, 0.6097051134466779, 8.757358594287899;
  -4.115935547712938, -0.7300900436898697, 6.345370684382393;
  -4.068857943708695, -1.244533461336691, 6.317944239853556;
  -3.969343223098689, -1.361854647049684, 6.250965339630849;
  -3.931640799683192, -1.323501925160878, 6.212924222487835;
  -3.957143070704686, -1.058488969950917, 6.261142326435196;
  -3.959736979802036, -0.8195254691533355, 6.274123453994683;
  -3.971576300265886, -0.9161301826766355, 6.347065270840298;
  -3.985294446607882, -0.7676245383136425, 6.394271125898039;
  -3.958665992688383, -0.8261505973209633, 6.368260912873688;
  -3.973925799593864, -0.7898950961567183, 6.410931453934176;
  -3.966330587180793, -0.9230399916867763, 6.407322356054261;
  -3.978130246201261, -0.8149876677804683, 6.46621866998401;
  -4.078329811033997, -0.9952357712745543, 6.636522987736155;
  -3.960721468591852, -0.8933454518776894, 6.518522422152559;
  -6.011865058886791, 0.02694018057634611, 9.565486507260474;
  -3.818533952790883, -0.8894450411537809, 6.480096679311655;
  -3.847074061542216, -0.9767895016776513, 6.571783230164359;
  -3.80457863477462, -0.991671224538856, 6.569733162149386;
  -6.092834387809479, -0.8626934360847839, 10.24570024085901;
  -5.961619020441866, -0.4609249064325397, 10.05501500238391;
  -5.824844091286803, 0.03999384148374569, 9.8949546330961;
  -6.083102399446035, -0.8095680631154248, 10.3312849078425;
  -6.024740068136846, -0.8450781884961275, 10.24714404237473;
  -6.056769259311428, -0.9081188357427655, 10.37571576179745;
  -3.736735876563758, -1.448405428528332, 6.858762276330685;
  -6.29691158375733, -0.5866953176054287, 10.90807409325014;
  -6.090914795236514, -0.6752370604254813, 10.58406668218602;
  -6.044640472341107, -0.7397828020033358, 10.52183355577645;
  -6.060811906239408, -0.8656637850049886, 10.5716042463093;
  -6.050979130862761, -0.9091817847574265, 10.61621792586077;
  -6.0918842102321, -0.7017008979539223, 10.68507832854979;
  -3.005945686626633, 0.853089087606238, 5.775068793231995;
  -6.074758854492131, -0.8065128670038122, 10.67009995640126;
  -6.089902395107042, -0.8525793069783991, 10.71558574279528;
  -6.06683644369068, -0.7402233092591353, 10.72546678750596;
  -6.045323497083329, -0.6737616745216666, 10.70413556451714;
  -6.049101733861685, -0.5414826185465758, 10.71114956166236;
  -6.068082438283385, -0.8727747821801654, 10.79008336999621;
  -6.046106974458301, -0.8043634752764992, 10.75902391582357;
  -6.011786870423554, -0.6369379320712484, 10.71249935187397;
  -2.944324950370941, 0.7632753999858951, 5.890399605546804;
  -6.068044863644208, 0.3976726036500821, 11.11434762067923;
  -4.483875006947863, 0.6369271549449774, 8.496921802502044;
  -4.453960456560887, 0.6681754052935288, 8.485062440034728;
  -4.436567222176308, 0.6275075427282666, 8.484292949666223;
  -4.430747742285676, 0.5947782375054981, 8.482372224713888;
  -4.418361103768882, 0.7370496987411275, 8.498509964493731;
  -2.837330364209346, 0.7817546631338262, 5.815267132854208;
  -4.381132226553775, 0.6977315987646615, 8.454296995404603;
  -5.919766923967234, 0.4268400203301911, 11.10302167731826;
  -2.839842591799381, 0.7366746994940948, 5.852798305211467;
  -2.780356803015026, 0.8544107371428622, 5.77837959549994;
  -6.009643786720852, -0.3299406102155328, 11.33898071310975;
  -6.007319333630653, -2.08955760635051, 11.41243470237146;
  -5.953964838580041, -0.6342145394380711, 11.44288054946714;
  -5.967061260657559, -0.7705198169042327, 11.48123763183126;
  -5.95664477282412, -1.856375494008319, 11.50645479482824;
  -6.037621154983428, -1.569914104777664, 11.67206542130372;
  -6.031474023450599, -1.813698256293476, 11.66549425721751;
  -5.948123818480143, -0.6900003481138443, 11.5259878061874;
  -6.016530350621258, -0.7510398743577028, 11.66284042936634;
  -5.922891297861533, -0.01033128467105571, 11.50168052818729;
  -5.822416306271571, -0.8958806663615683, 11.33278578794088;
  -5.951830826108864, -0.628778678588851, 11.58878943591428;
  -5.896955550716129, 0.09283073677860734, 11.59045171690742;
  -5.862366264184061, 0.04685719335229152, 11.58749225455233;
  -5.872070060525489, -1.995240152599025, 11.68552269050764;
  -5.991076169060771, -0.5052758899773168, 11.93884442423631;
  -2.312627014800282, 0.904051603792556, 5.243784159190109;
  -6.551160548155781, -3.121501788678915, 13.22986612161754;
  -5.479450598523719, -1.986693595869044, 11.38331462509892;
  -5.515958460203152, -2.130774703612616, 11.46968841800887;
  -5.528947351713884, -2.079114170821733, 11.49707155889709;
  -2.54410437977875, 0.8447549524377103, 5.863407007798798;
  -5.672983121699238, -1.582989929974018, 12.15704660083237;
  -5.930836760103402, -0.02189903975797147, 12.68594556763256;
  -6.082784117004971, -0.1699737190854689, 13.0403508442952;
  -2.491643340583399, 0.8301772986744683, 5.954196824053003;
  -2.390742926857677, 0.9566628442643801, 5.842114164201799;
  -5.746948807829204, 0.1723405561125881, 12.75807950978445;
  -2.395914357564895, 0.8384535588014886, 6.026845321531988;
  -6.237264639688331, -2.25509588226479, 14.18400362563454;
  -3.624786126253214, 0.2311053526725855, 8.67115074038046;
  -5.512560670585137, 0.1265698260337188, 12.71694838136952;
  -5.585783097251551, 0.08573560927136248, 12.94512406457189;
  -6.374599465233517, -2.971596139815157, 14.67527525185048;
  -5.958717026416378, -2.124998535879617, 13.85281065762351;
  -6.024597352095852, -2.148492787241365, 14.00596907639964;
  -5.941689111565032, -0.1503809420625631, 13.99140272043499;
  -2.320419462709573, 0.9215873359724353, 6.085046164272828;
  -6.166291277533013, -2.85871307471034, 14.62668340279349;
  -6.266143923180228, -2.091846433137634, 14.8477099439114;
  -5.944639035829875, -2.20294447544673, 14.28671169740882;
  -5.88367477654427, -0.02776164910867274, 14.15406001485788;
  -3.436631572279659, 0.6336072233172908, 8.775456149857174;
  -5.911872212637489, -2.217186697397238, 14.40138149109008;
  -2.462534040307336, 0.7994337830889629, 6.574710200597418;
  -5.925689550071527, -0.2579757387606437, 14.42493245251435;
  -2.290712418330648, 0.8762186576992708, 6.198555577537428;
  -2.442398660771822, 0.7781689442815575, 6.570024475085415;
  -5.905474086106835, -2.180221198505064, 14.56104412897128;
  -5.925419761254079, -0.2686625219213475, 14.61806135729626;
  -2.42775502334822, 0.8259325499885933, 6.612576867783357;
  -3.313533962894201, 0.6952335755719841, 8.675215906695286;
  -5.697156821792746, -1.738781070335552, 14.27303509215591;
  -2.324508909559549, 0.8825616681581838, 6.409378366161037;
  -5.708825125031388, -2.542198222351344, 14.58195263012332;
  -9.484215397191374, -4.509818405518661, 23.66957753317039;
  -10.11125461725716, -4.655115238484011, 25.24167214253257;
  -3.32238048510346, 0.815838218252239, 8.963938431815345;
  -3.175814542363708, 0.6443719545980327, 8.705002791764603;
  -3.163193300677035, 0.7512735088012011, 8.691144186966904;
  -3.166105678140769, 0.6984037732471339, 8.704106825638185;
  -3.175671922708234, 0.2775174937914657, 8.73747580346801;
  -3.138648372970591, 0.6219644085168428, 8.705803835218733;
  -3.11570087703694, 0.706512308802522, 8.683692902882626;
  -7.914043243305973, -2.333254150129153, 20.56825700419615;
  -3.100488799108101, 0.7493932561799223, 8.704689270606393;
  -4.317871165151053, -0.02129174177003685, 11.74848779392621;
  -3.087717615493686, 0.6648442622940215, 8.692063825733822;
  -3.098279194462726, 0.598542094740693, 8.719815194440132;
  -3.076604646419868, 0.7191764443289521, 8.719386057408208;
  -8.46858125460167, -2.507849921453646, 22.33425607130172;
  -2.309636211269629, 0.8751022695778855, 6.822252230308923;
