m=[-8.829005502566918, -2.080632325711572, 11.63099385854729;
  -8.546425503374415, -2.007233005587286, 11.4228458124948;
  -6.046188455453608, 1.808585043020443, 8.454443875085321;
  -5.868808576806548, 1.794654464941205, 8.270489386197154;
  -8.397321170732218, -1.802333472137781, 11.44705082615237;
  -8.641266539546226, -1.54286199407359, 11.78223109811217;
  -8.58070950227455, -1.448319029181241, 11.87857524175785;
  -8.401290465710035, -1.562174285693785, 11.66453132078158;
  -8.357846067849154, -1.658039307942405, 11.71910264419079;
  -8.541535410144782, -1.522313507256032, 11.954218844274;
  -8.691371072761767, -0.4049939759973055, 12.15966812899064;
  -8.379036909368113, -0.4798979579130623, 11.76139518168387;
  -8.667580827688941, -0.5762374091918534, 12.13358593269099;
  -8.443885102671951, -1.328875021250243, 11.86158164457733;
  -8.466310128571223, -1.583712019104153, 11.9105861378711;
  -8.54918996549571, -1.501963772256609, 12.0537995204071;
  -8.495808506172399, -2.448518530731704, 11.99228963696102;
  -8.528633491031091, -2.40667860594977, 12.08040765322648;
  -8.350229474267181, -1.411508070667534, 11.8607338966471;
  -8.586439765807537, -1.155294104605174, 12.18506797736558;
  -8.204713673543306, -2.278897565804325, 11.76673038277941;
  -8.331577041671739, -0.719568792656153, 11.93871241044859;
  -8.245466402889766, -1.155533548740404, 11.83499807424427;
  -8.350322242742857, -0.953438199665072, 12.00659745067701;
  -7.841681600170345, -2.554821966451097, 11.34582867506628;
  -8.014577647041135, -2.531902078491011, 11.5880116568007;
  -7.897525907329291, -2.6764971048822, 11.4628548364036;
  -8.182522292884244, -1.015150270356954, 11.86980522944237;
  -8.278803337754024, -0.6990278233739198, 12.01309708700592;
  -8.27891890798578, -1.646888663495594, 12.04167302680134;
  -8.374004067300071, -0.8678444337365702, 12.16549668044135;
  -8.227746731613216, -0.9229314917877559, 11.98409482201994;
  -8.221655011003302, -2.414561452377111, 12.07507414419282;
  -8.074584514693051, -2.608158100681667, 11.92548196164493;
  -8.222579527917153, -1.877733310514178, 12.12857375537445;
  -7.905472187965582, -1.408138067168239, 11.72462700096992;
  -8.151010083383234, -1.26861135817399, 12.0696229199091;
  -7.865022560416018, -1.448739107366393, 11.73797025941207;
  -8.071184554406026, -2.637212267232462, 12.03369969507036;
  -8.040566312635155, -2.718779323487932, 12.06141386826969;
  -8.09885262061311, -1.989451255231714, 12.2085579587454;
  -8.146194621730794, -1.412838379027808, 12.28652179584068;
  -8.23108662971962, -0.6096353425542959, 12.40123825509907;
  -8.231006524385009, -0.3697368396709884, 12.43494033510135;
  -5.456190456122018, 1.238975322698485, 8.615865663649757;
  -8.164583041909237, -1.754542489855216, 12.4576868552743;
  -8.096857385862197, -2.585238915264438, 12.40632144274792;
  -15.80497966098739, 0.5543619516676865, 23.30464814675221;
  -8.060771153417486, -1.485658640245807, 12.44248029876033;
  -8.098399591350875, -2.592600826017393, 12.49870661944351;
  -7.853665406977455, -1.378687919117223, 12.29928746332011;
  -7.786229868736862, -1.709082135333409, 12.26534918668378;
  -7.734058853507635, -1.600676570870934, 12.25446040857831;
  -7.825230188817911, -1.425537652733413, 12.4474130803695;
  -7.874933508876535, -2.42884905265223, 12.54544592997691;
  -7.810699441665417, -1.801707172501302, 12.48245417413921;
  -7.781063067762588, -1.952180778244745, 12.45844401613013;
  -7.852379311315136, -1.738017785135405, 12.57138554854205;
  -7.827216663414407, -1.507633540765954, 12.55850632306947;
  -7.776178966606694, -1.622843379563328, 12.50945057148449;
  -7.875032019686123, -1.565315883618898, 12.70438680080646;
  -7.827516654657112, -1.821610869047177, 12.64479128791427;
  -7.832929102292607, -2.501582982833705, 12.67631615683712;
  -5.457854326175189, 1.032072921845835, 9.125967836519758;
  -7.370563801210792, -2.06585569821228, 11.99541483078198;
  -7.630292856148563, -2.494550460680632, 12.42249915042398;
  -7.914658917289791, -1.621452545059169, 12.86481640625134;
  -11.70028011887946, 0.05243092719296858, 18.61633129021584;
  -7.797110760546051, -1.668393777462123, 12.75039502387291;
  -11.48874144514561, -0.1311193152042383, 18.34715024973856;
  -7.483669739549935, -2.267444701095195, 12.36163659084029;
  -5.417303244264711, 1.051763109184233, 9.217157262867998;
  -5.375480422760986, 1.079417104063326, 9.174410530441737;
  -7.232279881288928, -2.742806440435374, 12.01870525970532;
  -7.128550935894165, -2.667673037173899, 11.93157248583225;
  -7.096812061176363, -2.751300212926564, 11.88173221888066;
  -7.779599893079872, -1.794369750802802, 12.95524744862197;
  -7.625226923260543, -2.076132680952069, 12.72402714916163;
  -7.186076723113568, -2.626440087158352, 12.06619330268233;
  -7.135010909429052, -2.804177748428632, 12.04372898925846;
  -7.10675476822877, -2.852408816838492, 12.06844816339644;
  -7.547841498365042, -2.242018916469098, 12.75576958016033;
  -7.171787409850633, -2.579596827936575, 12.17871579957637;
  -7.762201473338099, -2.108868140258654, 13.18545355177734;
  -5.391796986841671, 1.075786515780128, 9.462503958916253;
  -7.044774207000803, -2.600122584146543, 12.06577697786595;
  -7.590545625457868, -1.927273860690947, 12.96658698303931;
  -7.621468519804778, -2.137073908726697, 13.06398476513181;
  -7.810493224805702, -2.309186694629311, 13.41123074255189;
  -11.88570532169147, -1.682914602894315, 19.98698243314889;
  -11.65274135968394, -0.9009362561542573, 19.65380357060072;
  -5.424992327106041, 1.025752643530011, 9.69574203735926;
  -11.76705279537416, -1.566015088122719, 19.98466686434636;
  -11.69273982769166, -1.640117130430488, 19.88752840940768;
  -6.831957398307021, -2.711210086837173, 12.09624659423741;
  -11.76281182976261, 0.3280656257103123, 20.10030020551735;
  -11.8724345638995, -1.91931519254027, 20.30437403374258;
  -11.89099165634991, -1.801719760525901, 20.36100558920372;
  -11.88676331737896, -1.543206870756751, 20.36025164304921;
  -4.609603474358784, 1.829879880414823, 8.51571161475974;
  -6.939394285481745, -2.728788312066594, 12.34445947160749;
  -6.932402916242846, -2.783006947700857, 12.43991428143163;
  -12.03660791304076, -1.778451062306343, 20.87206695862043;
  -11.77778970886017, -1.305682375911715, 20.46604095411581;
  -11.74724406636687, -1.437704884351563, 20.44828759807498;
  -11.72307688074263, -1.806017268439553, 20.44053263048798;
  -11.75836601688152, -1.679443577710925, 20.5095941000505;
  -11.71188098172348, -1.921273112996412, 20.47361397311739;
  -5.441587692788171, 1.294286715512282, 10.05871314475323;
  -11.59472648232841, -1.742150136200268, 20.34251655229171;
  -11.79657131183005, -1.358802038355428, 20.69101843129501;
  -11.74711797117207, -1.559601297910955, 20.63339894708012;
  -11.74097336846729, -1.156112168305691, 20.65795306927396;
  -11.33332248899496, -0.8081483350896034, 19.98165939201224;
  -5.969324086954233, 1.73178399894165, 11.01555267896356;
  -5.919317783650921, 1.513181593124539, 10.93991855891815;
  -4.478698393445463, 1.832140155350506, 8.526523363805538;
  -11.77551520231248, -1.436747291968271, 20.81775211519338;
  -11.68640162990301, -1.046102980963941, 20.69312126044136;
  -11.74794370768031, -1.309328479855849, 20.80146448936888;
  -11.78730292952874, -1.819405367209803, 20.93356397518858;
  -11.76313635200379, -1.691896718904832, 20.91685853342825;
  -11.78005010036048, -1.141200788560636, 20.94945646237655;
  -11.71888019379374, -1.55905928208844, 20.85370186209688;
  -7.449880160369752, -2.887666461480758, 13.6742222878531;
  -6.121923113175956, 1.621671150508832, 11.42071550795725;
  -4.507892817913765, 1.815073360844339, 8.681140751406273;
  -11.77437707545608, -1.055140601944346, 21.10398928719547;
  -6.03349965750964, 1.65620752231044, 11.32036885095425;
  -11.60467906423427, 0.792869942451227, 20.9667866741038;
  -12.01037102994757, 0.7871061644416365, 21.99842645856867;
