m=[-42.91829783608576, -11.15347670320109, 67.33512512993731;
  -41.14093106523308, -10.54024311017524, 65.24883731960451;
  -18.04343976320542, 0.4279432918209284, 31.90608053415935;
  -9.860103162989107, 2.047761347818752, 18.04145285670724;
  -9.066927722776047, 2.085556967007165, 16.74397366019539;
  -17.96287523686574, 0.9312511692278264, 31.97103537443822;
  -6.020587193689547, 2.213611745881586, 12.0234364111141;
  -16.97144941525414, 1.530679484628152, 33.7433479382404;
  -18.89869864432234, -2.320438766725136, 41.89785056107088;
  -19.50099599318023, -7.900508035430018, 44.62024931994217;
  -7.420480855092154, -2.29434494354847, 18.01483025125632;
  -15.57989127590839, -6.097993928267445, 36.37695982787728;
  -8.165087472812838, 1.659104058462839, 19.94544868726772;
  -6.950115516527163, -2.4492265500629, 17.30271983126852;
  -6.946128066561129, -1.100934202462363, 17.46889964625932;
  -6.921210083960195, -1.652397341235378, 17.52996239777112;
  -6.925062640247242, -1.406633417352176, 17.56146183342955;
  -6.909143298509242, -1.076613708742612, 17.53590568304598;
  -6.928272675932282, -0.935802513912007, 17.59429833440801;
  -8.211555321455874, -4.507143668802173, 27.73000971620365;
  -6.944906298320087, -1.786256676340936, 25.54353163177703;
  -7.001569412092151, -2.686585487255949, 25.75872913604848;
  -6.660318820550313, -1.625552346087156, 25.69540032291164;
  -6.56328390573048, -1.808533086823653, 25.37760590608109;
  -6.104304456741644, -1.595358661836386, 24.32800283004209;
  -6.217791121819109, -1.738687333832833, 25.06935474142532;
  -5.356755341532347, -2.405952237685628, 23.298833011986;
  -5.30371848008661, -2.0175334623255, 23.7618894008839;
  -2.588072216384626, 2.020801446543959, 16.04976946889073;
  -3.176459139628356, 1.555495477940958, 19.52785326343173;
  -2.932527279761643, 1.709637390025141, 18.23134951035245;
  -3.259575282257895, 0.6243138385115771, 20.33719451825335;
  -3.05954459334465, 0.7821564993692679, 19.265547676226;
  -2.611060837646404, 1.965273795973307, 18.00027910663446;
  -2.460263255224, 0.8244335537097455, 17.42720893362246;
  -2.416986523239354, 1.8048327800748, 17.23314021896456;
  -2.295941923942306, 1.931178374675328, 17.11500659508872;
  -2.474832205898648, 1.461403362498221, 18.57212125318448;
  -2.576945502720222, 1.307571493781317, 19.53748639764779;
  -2.214380137266498, 1.383942320457602, 18.62439121692217;
  -1.037629090664116, 2.413753045830724, 11.21145439144022;
  -0.8128638687640586, 2.440457827696815, 11.40626096920019;
  -0.6982124339788621, 2.414053033711974, 11.32973889916783;
  -0.6825746857378032, 2.392757501943398, 11.45840864695472;
  -0.6575178075599701, 2.346888616498168, 13.54185417156223;
  -0.4474947921608339, 2.428044136185265, 11.55081674857426;
  -0.5845257422160596, 2.34606662236779, 15.44312447912816;
  -0.04099234421595008, 2.220206511468406, 14.52589130152887;
  0.003989418660867875, 2.449574350808429, 11.74364503139185;
  0.05671509493234588, 2.357576583797537, 14.11643255443315;
  0.1933614855073865, 2.440322657785444, 11.87331259474634;
  0.2001032582461424, 2.213215145905133, 14.03303213253317;
  0.2162019139453865, 1.786821295246804, 14.1782395103783;
  0.2678993734549373, 2.005891567889119, 14.29324606917771;
  0.2859545679592636, 2.431889378117023, 12.10563890949913;
  0.3740826761167281, 2.403147622569899, 12.09394232136802;
  0.3933898125654003, 2.445724242572471, 11.97811258495689;
  0.5639272090172859, 2.395408089048219, 12.1305184126986;
  0.6268070471733154, 2.464238197587748, 12.24663334155139;
  0.7029773553257385, 2.452165943933178, 12.38192306872861;
  1.55753749150421, -3.677629852883635, 24.31723688755608;
  0.9580290579999086, 2.443849138966672, 13.71573536091454;
  0.9626455997972853, 1.322738776426585, 13.49342953379037;
  1.657546587022681, -3.418021681181531, 22.99718311636538;
  1.018780989479908, 2.440476925015537, 12.45286644224691;
  1.340100952086726, 2.45009072079294, 13.76880186051024;
  1.42529045628845, 2.438755891902181, 13.71884652607491;
  3.860038319374865, 2.384743321969043, 13.92821518713945;
  3.831713230835122, 2.391791318738743, 13.67248996872986;
  5.554731008342947, 0.4367281390873894, 19.6246661853177;
  3.982326709156424, 2.374762449952962, 13.68370773941702;
  4.043283461119008, 2.411716656298321, 13.68626885361275;
  4.452216896886035, 1.751359286322679, 14.5573687315607;
  8.559292503197117, -0.4012551768272223, 27.44567675904716;
  9.665466088706282, -7.217786452742805, 30.70307147861842;
  4.483917304569509, 2.382742140318927, 14.2648533907656;
  4.621389484836406, 1.75214614735799, 14.44201396320734;
  9.601064448564937, -6.841188699743714, 29.45282289448338;
  5.796687790254485, 0.8303907249822802, 17.81638798443842;
  8.582746273566338, -5.837830451128165, 26.00602170462041;
  4.976284960361389, 1.334881525652986, 15.26071613911274;
  8.462506492350224, -4.445791908406316, 25.30816592556069;
  8.704046873533496, -4.730489942060142, 26.00761320766894;
  11.61057763420357, -1.811470147554481, 34.49123490352708;
  5.023882442406901, 2.356529097169483, 15.13399001611006;
  5.105678300528027, 1.537407312487042, 15.24696306885501;
  7.304323167309284, 0.1534710516628804, 21.61917853320471;
  5.118436597621224, 1.341372768325339, 15.26694670385022;
  9.582741678888219, -6.59849933438832, 28.20094026434714;
  9.565931723818354, -6.329744610951434, 28.03449487486047;
  9.580860421926518, -5.274705258404076, 27.97223280712509;
  10.17116265106249, -0.8145423692436915, 29.79450553727305;
  10.45506941273611, -2.628667589369383, 30.54874130669828;
  4.829991944393878, 2.353614721465693, 14.35671190236655;
  7.769014641454727, -4.531409449432786, 22.69236722285745;
  5.216344739148135, 0.5726992102772327, 15.30078102856904;
  11.76224576277699, -1.185469536234778, 34.04775076610328;
  5.239970215086721, 1.988171707551155, 15.39977309719883;
  11.70391266649991, -0.6412858423260758, 33.68907094066861;
  13.69777822780974, -0.4392481221495787, 39.12712137001196;
  10.02972860389335, -0.6989833398895967, 28.66753587898882;
  5.867466466338425, 1.540204639820957, 16.89498190274087;
  5.533294784362597, 2.396630043893093, 15.93607608117249;
  6.866007294741227, 0.2020099109560329, 19.64089620454341;
  5.542734043341902, 2.277132893045751, 15.93805331350565;
  12.85946303004334, -1.495746357812765, 36.38453024759427;
  9.685252635711761, -3.432885349271157, 27.47506870479073;
  13.16522547248173, -2.980200409437548, 37.0962737731691;
  6.364539777142989, 1.975394314077393, 18.18039895109129;
  6.396886598174169, 2.260369497763583, 18.24835847087552;
  12.23568511377757, -0.5648536279730707, 34.3749142849309;
  6.872945618666007, 0.2365817378145247, 19.37453708333426;
  8.779998928536253, 0.6160939244756588, 24.55474871818429;
  4.974611008015468, 2.278967848780184, 14.10734020068972;
  13.7462822064246, -0.4971051258356497, 38.00406625779623;
  15.27994555513206, -4.167610489382168, 42.14740466945092;
  13.27102841500008, -2.322786283053421, 36.63492375505456;
  12.83617800127558, -3.796213025577512, 35.37488808468793;
  14.06763572677208, -2.031476531061099, 38.43315624366601;
  9.376164864634497, 0.8631941012622595, 25.69948748672745;
  13.71641081871336, -4.340041910287667, 37.3764007234188;
  12.7868416990292, -0.6168790949243668, 34.87358067749641;
  6.397695722868849, 1.580844360380707, 17.62765425406252;
  13.7290498536331, -2.580431296663079, 37.11398612320436;
  14.4563419088979, -2.218450876048578, 39.01043474930462;
  12.68636913090338, -0.7652682176367878, 34.1217652426493;
  14.56435669316635, -1.719462796386329, 38.9364079086907;
  12.81990595703044, -0.1657523865245419, 34.30488368053835;
  14.19276935991042, -3.992239863062627, 37.79565785726247;
  7.491699905371623, 0.817293582136418, 20.16334260698568;
  13.49330105539408, -1.358645735190092, 35.84469796960158;
  11.31055404068182, -3.403176313577717, 30.02925110901218;
  12.84030576591816, -0.3831563575880406, 34.04948775068962;
