m=[-121.9157316692529, -30.11146988828747, 165.4168178221105;
  -51.37169995124388, 3.312956014268055, 70.79178932641497;
  -125.3521680377088, -4.365423868792765, 171.2345961415499;
  -117.7195250489536, -28.78761978277497, 161.1828518195032;
  -122.8174767686884, -29.65863905912712, 170.2187854219401;
  -115.362451559829, -27.46058017267096, 161.5300394196607;
  -46.70917001674651, 3.111101645330178, 66.31334458223783;
  -47.08911474189124, 1.264579683771703, 67.16559588726555;
  -129.1924153032503, -27.79499519558913, 191.4823315435331;
  -18.65427263981495, 4.344631182489676, 29.2628565207815;
  -43.12043873334789, 0.8639181975953743, 66.31819250061834;
  -22.13307202969973, 4.131330495097007, 34.64222471818581;
  -15.71548983965988, 4.412818060991126, 24.9664689774421;
  -20.40990934225603, 4.217700229388561, 32.12626491177359;
  -42.27263821794614, 1.917270628901013, 65.44438109486643;
  -14.35385394143685, 4.402659741993213, 23.18131012239202;
  -20.50523689255964, 4.122276917063076, 32.69212647247761;
  -43.90675287389513, 3.723095027569385, 69.0119934886129;
  -13.80058358752892, 4.355919423690968, 22.9429215505254;
  -13.34807560936718, 4.381422546528299, 22.26811168951942;
  -13.1936261716084, 4.456760465935266, 22.08879468990083;
  -41.6037904253939, 2.717236600986734, 67.20015549798826;
  -12.67363823098003, 4.472953380588248, 21.73208039844047;
  -18.11145846289593, 4.229687366108159, 30.57248079114387;
  -12.64633932621447, 4.425450382998992, 22.01226246884525;
  -12.38100339580986, 4.540163252214225, 21.71781251976921;
  -42.20919434549597, -2.237519821948161, 72.26402649805725;
  -41.0267400319858, 3.236035129353608, 70.50852317428047;
  -11.40954030582605, 4.391213744402835, 20.56484133074045;
  -12.26687153472288, 4.589056673683116, 22.15916301570881;
  -11.40104233889939, 4.569449503281607, 21.10736038226665;
  -56.19240856529563, -0.2550520514824313, 104.9235841622985;
  -23.41890299785415, 2.795350081918943, 44.91112600134132;
  -44.53204671569971, -3.509180616489337, 84.40278159487231;
  -16.38091972208222, -3.543216973036515, 32.22144248990513;
  -51.35741518859149, -5.319420450236698, 98.41603110838386;
  -45.29678432065196, -0.4362819519962277, 86.89955418029932;
  -10.14086351378118, 4.547417804536356, 20.45981459934066;
  -49.76503113226382, -4.573763169653686, 97.17829984448264;
  -48.94789917386845, -15.79317729997853, 95.93780638148503;
  -50.93831025883719, -18.53327245313686, 99.97204600355435;
  -33.84661791376676, -1.100042710795425, 66.77488490037028;
  -16.44697920829701, -4.52631802172232, 33.38570413965049;
  -34.46085898352254, -0.218617667142427, 68.49113243398588;
  -16.37134677109118, -2.590078649539979, 33.41717055107677;
  -16.63882879834854, -2.758416147449827, 33.94650485520972;
  -9.931814231331515, 4.43145314018338, 20.75539001506334;
  -9.404115373009724, 4.46178700952376, 19.89398555178332;
  -15.98817245595324, -4.989456116899856, 33.09874568709044;
  -18.75988917621177, 3.441959314239043, 38.68924249944078;
  -9.588308288338263, 4.351987267038957, 20.4959961782494;
  -16.02694671797073, -2.272546099558631, 33.50374951030131;
  -16.23617656859596, -2.084634742392798, 33.96497676549966;
  -15.90161568204534, -4.086876896264173, 33.4165687112273;
  -16.07211293682436, -3.417810454595027, 33.80618515018982;
  -16.02892626230105, -3.085622568865868, 33.7389328201856;
  -16.09495607655395, -2.905560953081694, 33.88998853235;
  -15.97554677384655, -2.213065135808178, 33.67045792893652;
  -16.01557490607079, -1.941005464786122, 33.78032903084356;
  -16.00774436115812, -1.240689021390626, 33.8375301517997;
  -41.06133807537147, -16.41462393490295, 85.17754315238187;
  -15.41246583129783, -4.219487535340242, 32.96901822464886;
  -15.9148795358748, 3.898264431376113, 34.17901054952827;
  -15.87862776295813, 3.850132908944834, 34.42969441067805;
  -47.65010579823151, -19.44281405778254, 101.2624121268954;
  -47.83297649029027, -19.51743132888309, 101.6510351336017;
  -17.14483311469212, -1.09498211144713, 38.12046708594787;
  -16.91532821848919, -2.140865553793486, 37.77405715038474;
  -16.32143372444254, -1.884970418161577, 36.52346183664907;
  -16.78622959027737, -0.9675408335276042, 37.62591638108147;
  -54.12318527146768, -25.5920795055905, 119.8083929448541;
  -17.43847028380122, -2.052062935533692, 40.79905696471374;
  -16.03761224232377, -1.250331477636504, 38.10575887071351;
  -15.81508109649377, -1.415933334977716, 38.64427027692879;
  -45.71992820452749, -25.41226592562336, 110.3539735155293;
  -17.62883939973266, -2.092935027028827, 44.60592725252059;
  -12.82325798234272, 3.989356520622197, 33.34646917548518;
  -17.25188955885161, -1.377589981603284, 44.56797278151539;
  -9.575889144727594, 1.451610966481586, 25.36646377908203;
  -19.42341556159074, 0.151652052023104, 50.2689318343274;
  -22.74346091865829, -12.86638668134485, 58.81415940119648;
  -9.557195249837783, 1.373898107853405, 25.52260885058122;
  -17.48864326306955, -1.296937352844432, 45.79172779538624;
  -16.8871935399427, -1.655227361341508, 44.48026443586755;
  -11.12064001087669, 3.459837534601525, 29.75478317955303;
  -17.14220123943446, -2.016118146090301, 45.24773366130125;
  -8.927835564306522, 1.311709780206452, 24.28334466227897;
  -10.06159555252249, 2.990550243584938, 27.45368747930414;
  -21.6349311391433, -5.114199080197393, 57.56108727902615;
  -9.848745053125663, 3.330388994654105, 26.99162520900688;
  -15.03332301067367, -1.032255446046305, 40.65085174547171;
  -16.64056514792042, -2.060135114769562, 45.03334445300501;
  -9.917189299063917, 3.13197682334652, 27.45872590773281;
  -22.34601291273054, -4.484326244628956, 60.41840289288462;
  -21.18576651406176, -9.395645929490664, 57.5290592879075;
  -9.215416593971428, 2.268683789001397, 25.921199248189;
  -20.5120671999669, -5.103051763979924, 56.20541986428393;
  -9.160524128359048, 1.986805650784845, 25.86410932421138;
  -9.387024250326382, 1.473735131106911, 26.49782042735647;
  -20.93733273752077, -9.809430984611918, 57.48677953867318;
  -9.651785927769906, 3.027581061740303, 27.26006033422387;
  -8.957328845059886, 2.089618769229118, 25.62286569483169;
  -9.154562560701773, 0.8818855624635177, 26.30641948674975;
  -8.905052602445283, 1.966539210325727, 25.63373625599236;
  -8.837334800322278, 2.065673460100665, 25.55411903545156;
  -8.653658581416828, 2.87225035215658, 25.36615540791294;
  -15.5273422326061, -2.433006846184861, 44.47839124188847;
  -8.774070788814203, 2.511238105565771, 25.80236997529998;
  -8.774784126272291, 3.247521114916965, 26.00769423329187;
  -8.533936177202115, 2.193972912498978, 25.43285592517493;
  -8.633822632179022, 1.695849714823155, 25.91754514336449;
  -8.85223042567887, 3.519076171847081, 26.51029609745662;
  -9.624876709191799, 0.6470932030871264, 28.88607027730946;
  -17.6121678159087, -3.866526673591637, 51.91786122255191;
  -8.50241586462562, 1.959757182155202, 25.80431828053052;
  -17.5952505290059, -6.481268559698675, 51.95167219877005;
  -17.62298588338089, -3.447413994377628, 52.04167841806414;
  -13.52401914422653, -2.470942294385123, 40.75979790409615;
  -17.27488324566912, -6.329395427491638, 51.69503179902343;
  -8.358795665682479, 2.963514745019661, 25.92602705801658;
  -15.29745165983949, -3.354520062832412, 46.33951690935469;
  -8.209204416152382, 3.022021914771293, 25.64155382780895;
  -8.250738364131797, 1.842109140123649, 25.87964510435533;
  -17.39825801518893, -6.858706985107414, 53.41381351340133;
  -16.95439204016883, -3.515230817261329, 52.05015881337252;
  -16.62898423156429, -3.880464853807652, 51.11465402183575;
  -8.264022424935657, 1.692239668001842, 26.62660636254703;
  -15.30186010668612, -3.359864704100646, 48.19585314498726;
  -7.185833076126221, 2.00389334248369, 23.72633690137294;
  -6.852073507834755, 2.053489501986078, 22.71352625297374;
  -14.26281571845148, -2.318101411778527, 45.73295119327288;
  -14.77656836413859, -2.156700088279631, 48.05932324785201;
