m=[-8.835419926122851, 1.815770327835917, 15.45253370939606;
  -8.923523478296074, -4.523005580364143, 21.80060385615319;
  -9.100846957047628, -4.48308815267436, 22.47195485149619;
  2.298955548282967, 0.2793178126451845, -4.885358081026719;
  -4.331938838059091, 1.795730918229247, 15.46860148901314;
  -3.968522786021215, 1.774873803426657, 14.74442489747803;
  -2.576336631884279, 2.131013094792364, 13.71772482908971;
  -2.23446907745719, 2.193720931341247, 13.54274280609915;
  -1.568340447329307, 1.983472243538503, 12.21688419712554;
  -1.408767558520688, 2.141174036592192, 11.97481910012454;
  -1.245681105996483, 2.204107595882274, 11.43188538609431;
  -1.296130961526937, 1.590730628130445, 11.8850766548622;
  -0.8887234368678428, 1.926870201256508, 11.02923374448578;
  -0.7981470899384905, 2.209885180731908, 10.36304122743329;
  -0.7384340134738379, 2.187537820794847, 10.29498714772145;
  -0.7324307620430857, 2.23437032648714, 10.28220215701431;
  -0.6576516211095714, 2.220121019570608, 10.11591890578573;
  -0.6696408302880829, 2.195930903212536, 10.29205549173589;
  -0.4949867844897719, 2.231270108865343, 10.27654825574782;
  -0.5791024326410551, 2.19522185421047, 11.60176658009639;
  -1.149249249583455, -3.538748735713567, 21.89719725603264;
  -0.4038136253117635, 2.234874470173482, 10.63986871545235;
  -0.4390300177787258, 1.065887957974067, 11.48906500341766;
  -0.4509192872162708, 2.235524087618029, 11.67510936451943;
  -0.2357132237589917, 2.195736751527506, 11.66756335386612;
  2.344738507802648, 2.213757998739388, 12.53675513608805;
  2.625263971485232, 1.613442299895323, 13.37099130259093;
  11.36527939815016, -1.170695175200989, 57.13005939877388;
  2.666786248556281, 2.198417612920607, 12.97988801987295;
  3.650589971937126, 0.8746382361069038, 17.56143896698685;
  5.304525265529967, -6.010959416022578, 25.12091090544498;
  4.965366708185362, -5.356507475830561, 23.05622726542257;
  3.405050903942632, 0.6823394540596623, 15.90958893203939;
  3.055488021671025, 1.212369207054095, 14.13826518700688;
  4.369651154048672, 0.1058701377272301, 19.97429968090233;
  3.159202049045271, 1.877179774230068, 14.54010160320511;
  4.86384028245308, -4.043718048786073, 22.09126332445008;
  4.869000012458828, -4.163655899479835, 22.05144673454605;
  5.744973799506435, -1.495219245727572, 25.85669822987802;
  6.87687255199909, -7.08832604723434, 30.43100115645028;
  5.996802835481817, -6.383910035035139, 26.56246335973044;
  4.754191262090577, -4.097937871789039, 20.94114020779754;
  2.945155347318477, 0.02470056399201048, 13.07109143169719;
  4.962336889249748, -0.987444312162684, 21.9441557144376;
  5.825761745743058, -1.772767880569224, 25.72023771121911;
  3.370505745606427, -0.3685403196032331, 14.87933880728246;
  3.297747184503121, 1.257472495049067, 14.63175702827962;
  5.977574670157524, -2.390830627446816, 26.21903438267257;
  6.936413531639793, -1.197857169762825, 30.09069881839989;
  2.96487289071412, 2.1444263427373, 12.98873740545113;
  5.272636162610388, -0.3829002017120121, 22.43256906441478;
  4.371386323380635, -0.5555741193391636, 18.54530780547563;
  3.74002758095007, 1.400230494830501, 15.81357505744925;
  5.177666085414673, -1.017325969110639, 21.72162011623354;
  5.788989660264113, -2.080441377716371, 24.17344361436273;
  3.731484844686783, 1.642279798714268, 15.58042303679974;
  4.505189542933803, -0.4113691664823608, 18.69767582475681;
  3.511969790659461, 1.752092098856621, 14.58280313448299;
  4.884302425262755, 0.5820713447100929, 20.10300992611621;
  6.84372310643318, -2.899964795644412, 27.78646833030822;
  7.591879399807288, -3.470478190159748, 30.71994410421302;
  6.280077777239069, -1.755189571838992, 25.45235528150385;
  5.635894965221194, -1.316196401888293, 22.52029231081864;
  5.368958367347363, -0.4991955964156305, 21.36860162494945;
  6.539401360247326, -1.358087583594803, 25.92926299889014;
  4.026188318821167, 1.382787414386088, 15.99422390298776;
  6.435886603712537, -1.905933850074811, 25.33744339797358;
  6.431609352060217, -1.581442702254978, 25.26630704540064;
  5.412836118713358, -0.5982827448750873, 21.11589628104379;
  7.104577126731044, -3.068574608316804, 27.47430997896112;
  5.871265194941415, -0.2425896194261288, 22.74340042969721;
  6.350992480894254, -1.058406968251132, 24.38219088336498;
  6.353131096479965, -2.90834826057797, 24.34946201505203;
  4.644929024898232, -0.2999676666375667, 17.77403395718379;
  5.95244656601913, -3.475097508793191, 22.6028336295594;
  6.69210229409105, -1.724974006472117, 25.31041464592572;
  6.611396950287501, -1.229383860363124, 24.99743804535147;
  6.529160915943954, -2.872896368892588, 24.58900361060325;
  4.191475897013855, 1.567041663095398, 15.83991748502061;
  6.839026202841366, -0.7584105030784913, 25.44433049891375;
  5.771973359519984, -3.237460616791145, 21.4192378958702;
  6.709977149866048, -0.1859467103355394, 24.93858194139134;
  4.976544747889027, -2.668895696942395, 18.57682142884663;
  6.57100651699213, -4.767636284012665, 24.20780770480635;
  6.018229988506933, -1.164302510707342, 22.21000086173546;
  6.964889923666803, 0.08040422951029737, 25.62382955488594;
  4.267674779364631, 1.579711346885532, 15.83057104857042;
  6.218172448883673, -4.263093945267067, 22.78615460883172;
  6.215279383594906, -1.629243575302183, 22.64016536829443;
  7.193431593199682, -1.246059312465877, 26.13199110333875;
  6.05632474555475, -3.991078787449158, 21.92369685024957;
  5.984193733268095, 0.1518098183014597, 21.7551071522984;
  5.519187959594369, -3.502354830267215, 20.0139487281888;
  7.069800510205313, -3.679059123010742, 25.4792689876573;
  6.697512206002904, -4.779885630712293, 24.13443343061533;
  4.229156652715923, 1.591074145418773, 15.43314200270879;
  7.27031479596211, -0.2089157845309109, 26.26567355028299;
  5.817456502288666, 0.4956599386183648, 20.85784993352841;
  7.556412550593695, -3.371432103649044, 26.85127996323737;
  7.507315728162979, -1.137886404492786, 26.61381686391946;
  7.06325785105391, -3.99571067981613, 25.04188538504738;
  6.007538041767009, -4.985283509400651, 21.17091951136828;
  7.113461843966065, -0.2120785809465015, 25.05937516963656;
  6.149708022854067, -4.979575148972105, 21.58652137292657;
  7.903525514954937, -0.9179210115366883, 27.78982069604946;
  5.422947335839843, 0.7299442033256466, 19.13017449161379;
  7.694301813235423, 0.074360338739853, 26.96832988172157;
  6.220306980350603, -4.487209135482599, 21.75854146794915;
  7.126675716185535, -0.3488398324871517, 24.97257241593603;
  7.724659082851884, -1.244511493389363, 26.900533490464;
  6.557990385975153, -1.361330615917783, 22.86895243263187;
  5.542233667919648, -3.668443002853226, 19.29645023000639;
  6.290590465336941, 0.1935025635569601, 21.94036306083516;
  7.734110793038775, -3.273524954323766, 26.79012890605316;
  7.908865905618951, -3.757981794157938, 27.335559322363;
  5.896236431088529, -4.098876845640707, 20.30018728422654;
  7.222428969932397, -3.94924103875183, 24.8716981395742;
  7.726540158940768, -1.413760318804023, 26.57041813187302;
  7.468106515507863, -0.4056759348469768, 25.70252115644843;
  7.605930843016921, -0.1222204699739453, 26.14041106773131;
  7.675472896350024, -4.582922718176538, 26.14402953239307;
  7.034587488506049, -5.17674648913652, 23.96591820992047;
  7.289559245116015, -2.367252903270006, 24.8426147915587;
  8.306358687071818, -1.194928451437891, 28.2568840642953;
  6.239583435535667, -5.047296508832656, 21.13677570970468;
  7.26787779125965, 0.0566585625389795, 24.6996205493634;
  6.95988063660878, -1.293015434555272, 23.63016369819227;
  5.84809475715417, -3.88104377730312, 19.80047030844304;
  6.165553518251296, -1.787408442506, 20.91157129864264;
  7.04163383551762, 0.1793752638726872, 23.88075285644333;
  8.209611528578771, -2.929358989128863, 27.66663980494956;
  7.057653947694447, -4.159192776924612, 23.7386043747257;
  5.589997168763268, -3.914679714618659, 18.71391990812051;
