m=[-18.63302554126449, 3.998992253932596, 26.68093399362213;
  -38.93543238301169, 2.393390789202018, 54.63196328008878;
  -39.24731050905179, -3.578143757767138, 58.17341498468697;
  -38.58371925771554, -2.60050673898378, 57.23150627680651;
  -39.41053644670063, -1.845200203216669, 58.47139515726487;
  -39.04500197612509, 2.881476292960474, 58.15787165205189;
  -17.63515837301215, -3.385427670799476, 29.12573810779695;
  -51.36251225408388, -0.5087866111637838, 82.20670352956573;
  -23.44272834773777, 2.525505593645426, 38.30271665655987;
  -49.44647068193844, -0.1741658449803948, 80.03900019750857;
  -44.78858231369679, -4.684181472185945, 73.88234793686866;
  -46.82732001712574, -4.312018716391344, 77.55419601451771;
  -17.27244139544163, -2.410162470091201, 29.56722646777374;
  -37.98798547404137, -0.7692382627418323, 63.83955318028695;
  -32.66582848036908, -0.9148286400476502, 55.26553997432248;
  -16.88664283282158, -4.682312766440155, 29.2601195072574;
  -47.11678353916376, -15.39133719850712, 79.71001737292842;
  -17.51505274178954, 3.599524790552705, 30.63260661942525;
  -16.75788285249943, -3.801080986814487, 29.44946359770861;
  -16.89956757659392, -3.163480261726381, 29.74207013474284;
  -16.8313947532503, -2.046127559034614, 29.682826590368;
  -16.93638396412314, -1.788769798985801, 29.89416721733803;
  -15.68588826073117, -4.050035015572282, 28.54803458974532;
  -47.72803564452941, -17.14438647792716, 84.65049094521963;
  -47.01313249771867, -16.80984411609603, 83.54338275904912;
  -39.87027845157284, -15.41367169779213, 71.60754720873361;
  -17.6597598753651, -1.956889006013386, 32.9713268493102;
  -18.027720594129, -1.817544760232737, 33.68338230362904;
  -46.36190772162366, -19.3090409119671, 86.44050095140048;
  -45.20930313085037, -19.99057160011175, 85.34939619207763;
  -18.01696645928472, -1.850666850124135, 35.17960471023709;
  -46.57948856919217, -19.98854188222386, 89.35223141575627;
  -17.25056095985496, -1.305748609227506, 34.03296175320874;
  -46.26862209584791, -20.27000147206489, 89.34581007786167;
  -21.73457774536162, -2.309203397875209, 45.68754520351843;
  -10.30447073552058, 1.349129312109119, 22.51224751347395;
  -12.29142313953279, 3.298463270576231, 26.77322604199719;
  -11.01535980107653, 2.98965472880936, 24.63474659884245;
  -18.30625917176719, -2.081861490424028, 40.19054270724447;
  -10.76085062046906, 2.756634989683916, 24.22324347189582;
  -10.19771429317011, 1.904643359102516, 23.12223465260788;
  -10.29147794407037, 2.778396784617809, 23.4168202427282;
  -21.97282931921567, -4.407432675312061, 48.47751425839123;
  -11.13283163193268, 1.514182625720324, 25.26492429432;
  -17.32194616369491, -1.785663627736735, 38.64846914588438;
  -9.959133736550317, 1.892516037595267, 22.95647622822341;
  -21.60036768222342, -9.290639969247119, 48.20992744627992;
  -9.97314655110069, 1.996464010121154, 23.07379915439834;
  -20.78310581042296, -11.05463520604139, 46.8142597982356;
  -20.45411823553737, -9.511077204367053, 46.12572109152466;
  -21.02536649217876, -10.70432968884653, 47.47265167233126;
  -20.92970067331538, -4.493263357627092, 47.45489245099485;
  -21.7965989452244, -9.830332844644047, 49.44407660089305;
  -21.30471321800431, -8.619032364902479, 48.38405095957794;
  -20.77277198524249, -10.2545982042925, 47.24791451660746;
  -20.78257048300498, -9.606648694979938, 47.33849198276694;
  -19.60219495453148, -7.726834056974097, 44.82961607694832;
  -16.59824975564892, -2.186182275332386, 38.19824264911225;
  -9.719583990555762, 1.628243584061726, 23.24302603158161;
  -15.25524958911508, -1.762466147980404, 36.12607621423138;
  -19.1739243458818, -8.617905880357615, 45.0954872656927;
  -15.1733824884607, -2.137855699147123, 36.11539433199872;
  -9.333040706974167, 1.714423323196079, 22.83219990277719;
  -9.19666262341457, 2.764955425977786, 22.64037402693723;
  -10.08812087526852, 0.5593329259221891, 24.8417424275325;
  -9.281848447018676, 2.890121122429555, 22.97370033170358;
  -18.18766472430306, -8.558492024522055, 43.80292948543538;
  -9.359259683136838, 1.770297726482577, 23.24541299340907;
  -18.48661308554029, -3.471099117707761, 44.6096179060635;
  -17.66497510864768, -2.949072353343206, 42.69757429059396;
  -18.47349578073876, -5.812149084185515, 44.61676503729495;
  -15.03338861401035, -2.297321016978928, 36.72134634574561;
  -18.28722368055009, -5.706492865404034, 44.6777764611932;
  -17.51029707202684, -5.077182249811777, 43.07515956064282;
  -15.66939094969854, -2.240988644971637, 38.72611629666406;
  -17.45878770071153, -8.600219811465522, 43.10951396325007;
  -17.02806087610659, -3.01404185161549, 42.57459663206027;
  -17.24539027444407, -3.392166917893785, 43.1303466271841;
  -17.02478016165782, -4.816758637354464, 42.88655439626782;
  -16.80194695466494, -5.515742982230667, 42.70776632557412;
  -8.033670265974712, 1.835269770067509, 21.35579833661982;
  -8.020096247753953, 2.086944672977954, 21.38414842187281;
  -16.85144554349369, -3.337694692765223, 43.4108274238873;
  -16.4351531236935, -2.902697397614135, 42.34596038017084;
  -15.56355893505484, -2.103335230245721, 40.25562910210601;
  -7.825419629748765, 2.246125113132834, 21.14460643937055;
  -8.649993338239147, 3.034782223306015, 23.22754204106118;
  -7.951765054188655, 1.803348540190237, 21.63932997138819;
  -8.460316991297239, 4.007326620476034, 23.05688079753412;
  -7.943614610830657, 3.346206160433095, 21.84422333644508;
  -7.912811295147576, 1.745329423010469, 21.83578246105666;
  -8.305110908373727, 3.749104923608472, 22.82493178034461;
  -14.07122276172782, -0.01717655825726265, 37.68822797619274;
  -8.244462928678814, 3.828411354469163, 22.71169785888662;
  -13.58903573879036, -0.625352910659305, 36.53883265085;
  -15.07716558308274, -1.931639472663593, 40.41790901816689;
  -7.637500955775129, 2.783889118236487, 21.20877931909035;
  -7.870445140011634, 3.382077286724359, 21.88598000900154;
  -15.22210625826917, -4.627789622401036, 41.12456470692838;
  -7.72476746613208, 1.827687414510712, 21.74556490964493;
  -13.37159892863354, -0.3395081446429626, 36.67944895084218;
  -12.69481003936883, -0.8367765635683165, 34.9208745459073;
  -7.603404396704905, 2.545482345923155, 21.59222882591148;
  -7.680271468884421, 1.73872935837836, 21.82637592307809;
  -7.44300157502778, 2.582920677230757, 21.28084719741823;
  -14.68068355330479, -3.781859477897936, 40.56224987960702;
  -7.573086528146085, 2.45996726773477, 21.69070352949403;
  -7.476382855721427, 2.291453037977131, 21.45606130319073;
  -7.501746429953012, 2.706289228030827, 21.58966965794424;
  -7.46313227313907, 2.536808948501842, 21.50845542342663;
  -7.676014799678391, 2.988115886029076, 22.10174786871706;
  -7.338648599633438, 2.345156235924069, 21.40417578812649;
  -13.80036011415362, -1.715868305841751, 39.33431294121024;
  -13.68989223539648, -1.372732817141185, 39.20425098811631;
  -12.49510289103148, -0.1332882302364217, 35.91084750387493;
  -7.293359243501354, 2.596892851544705, 21.67542552679818;
  -13.07704661703637, 0.3956938090995723, 38.6157268954391;
  -7.377108937135631, 4.219970539841331, 22.83035385192713;
  -12.2140914297934, 0.6197504742873576, 37.79296716224541;
  -9.26131392482486, 3.065922502019931, 29.73689363715571;
  -7.934455188534723, 4.008062816089042, 25.91760426542459;
  -8.731936346217903, 3.939925494001006, 29.00686972773296;
  -9.570112581952738, 2.706422167150413, 32.13927949282547;
  -9.500790785761909, 3.171297029483341, 31.94119028692743;
  -9.901763110501138, 1.027360862215124, 33.6054714193828;
  -9.171404820048871, -2.171740220197075, 31.44095677490155;
  -8.953393615012201, -3.070400816645214, 31.07071102389687;
  -8.978672383337816, -1.792903455403583, 31.14133173490281;
  -7.133166951679557, 4.263714670077481, 25.21875554567507;
  -8.827999211401759, -2.564454926926405, 31.08583146079227;
  -8.485505892755414, 3.517520874155406, 30.30026830815466;
  -8.300136970826417, -2.342038911474498, 29.77995152874568;
