m=[-56.39032359400724, -0.2654863217512768, 78.4816855460742;
  -18.80686195158362, -2.253381512629059, 27.08784724751804;
  -73.57473028596485, -1.287714414401875, 102.8154721456053;
  -60.23797259976374, 0.1098413217053201, 84.67476306367824;
  -26.30002380089358, -2.084596723618295, 37.75948688123061;
  -19.03185547160764, 3.662022083613151, 28.04525374580566;
  -61.47308615025515, -17.13267855456862, 88.67161317920314;
  -54.4396695042182, -15.85964527629772, 79.69767821368154;
  -48.03927300435966, -13.73635461430694, 70.88161751590873;
  -18.4018050476391, 3.702631130173236, 28.04988010993454;
  -19.94113213036023, -1.853228624083841, 31.27770193153998;
  -19.16327804615615, -1.606354919471751, 30.11770306533312;
  -19.99177563756496, -1.860833255355307, 31.37173615996577;
  -56.3963998854202, -17.89328939268723, 86.50605974604945;
  -56.80054202304468, -19.94622915829038, 89.92379194119391;
  -20.01217794446523, -1.711915807535472, 32.81798832760934;
  -57.21047479382507, -21.12628576285827, 91.84485777809746;
  -19.07287806405813, -0.8631058885669803, 31.47648818735593;
  -57.27826112960343, -21.63135213657299, 92.18491626823649;
  -19.4300766365964, -1.176117003607345, 32.12722111118731;
  -55.20385813958999, -21.18959616652616, 89.47167764502373;
  -54.38556765006173, -21.30053969391661, 88.29768813381629;
  -11.70207789965541, 1.296969067487617, 20.4311172601474;
  -11.5114847852559, 1.931818605173595, 21.04138692045681;
  -11.2895402318019, 1.932698824602492, 20.81483125146231;
  -21.76173585445169, -2.03588517869881, 39.91701370846159;
  -20.43497016123803, -1.558086381632067, 37.87848020700046;
  -25.82607897774399, -4.393580019036393, 47.84371634269478;
  -10.79421073971805, 1.65332624895718, 20.87761482029806;
  -23.89800370048453, -9.623848161117945, 45.07172653860383;
  -24.28717478299798, -4.858817780675919, 45.86465302227169;
  -24.16798976171128, -4.401917303169006, 45.86809215397248;
  -24.27635748650491, -10.3584016478438, 46.15707480977289;
  -25.48364568418993, -9.912635368345297, 48.3946112314307;
  -24.36501944562388, -8.523415367665114, 46.32547177251238;
  -23.9695687743219, -9.577591586775711, 45.64851204560912;
  -23.4060326982276, -7.933362665609229, 44.66490153385168;
  -10.34255452241745, 1.788127062069704, 20.69609255775696;
  -22.3821853932336, -3.271139833132991, 43.78133737380925;
  -9.138997166757717, 2.333903871196389, 18.99321163774219;
  -21.37608145874654, -8.595815502786294, 42.68241015518721;
  -9.0733642020299, 1.933720399106916, 18.92527048541356;
  -20.68192597569273, -5.541630234981567, 41.46534538571664;
  -21.2673728753846, -3.359965734759882, 42.62762704698877;
  -22.6254843644818, -3.152446781972848, 45.35156226510841;
  -9.020623785853145, 1.836607887287619, 19.06065104200422;
  -8.918931307758593, 2.057554519810514, 18.89978021987919;
  -20.59822094895398, -5.074073383070623, 41.9464608673661;
  -20.24512502706434, -8.534064602904412, 41.33630676689052;
  -8.999327986608815, 2.158261562570949, 19.13323261781814;
  -21.15611182128766, -3.497946094871103, 43.25413673844358;
  -17.60197044358546, -2.284553864902756, 36.34658158672837;
  -19.02895694304035, -2.794003028643742, 39.30364155641341;
  -19.4792612141839, -3.162511343734797, 40.24857301813026;
  -19.79379970836382, -4.572997823581301, 40.95285007937756;
  -20.00518674925275, -4.924411110297991, 41.3785304581256;
  -8.827235626533467, 1.777873065927079, 19.05393456469611;
  -20.04052464834057, -4.788897764108138, 41.67239133790438;
  -8.79396139840147, 2.342181153435934, 19.05338364270966;
  -19.8704526096146, -5.524954854980236, 41.64224978520942;
  -8.587548151418442, 1.84965639487715, 18.77224380415064;
  -20.31157450630078, -5.346668159191022, 42.62678663514091;
  -8.941968373107711, 3.301821443723595, 19.51794578916354;
  -8.882443477205383, 1.738816312261314, 19.41850756723325;
  -17.59884616846139, -1.890123510638477, 37.38845791949582;
  -8.300548542558648, 2.458364279488544, 18.43680381727115;
  -8.646332437940279, 1.80871587975396, 19.22901870717731;
  -8.461253852801193, 2.606854101779796, 18.93021624576032;
  -8.529873178062561, 2.493568247659583, 19.11420947203359;
  -8.432340472963979, 2.387748586854862, 19.03928116827429;
  -8.426574885310279, 2.253127874810166, 19.04296137614319;
  -15.16362610102275, -0.5089144178275027, 33.23966875282032;
  -8.456372758064687, 2.654460788424332, 19.171917880924;
  -8.443880110322587, 2.498575935472066, 19.15887997075407;
  -17.83794641677674, 0.07706133175005717, 39.02264110849462;
  -8.602828087221042, 2.906700101691099, 19.54355042619623;
  -17.39391096302532, -8.161732966476523, 38.38443372979753;
  -8.384930575161215, 2.331263348899732, 19.21375045648499;
  -17.73916571138401, 0.5275672316939633, 39.22384978906059;
  -15.0018788790979, -0.7483947477610452, 33.48422785387466;
  -17.49192899887199, -8.197435775209655, 38.9568987949387;
  -8.279893259650841, 2.549038458288799, 19.3005657462477;
  -8.433740963533523, 2.89175104401528, 19.7660072341008;
  -16.18124404370653, -1.595516325200067, 37.41483268996988;
  -15.7981648431044, -1.235938300965222, 36.67913848389422;
  -17.52887910963353, -0.0538645035986764, 40.70462654523553;
  -15.31515834359908, 0.5613107522086329, 36.12690329567495;
  -15.32576615001661, 0.4835996815829259, 36.54258405009113;
  -15.322217979454, 0.7881469073196581, 38.00250546757814;
  -9.309350701639826, 3.986531604146143, 23.796171299547;
  -11.53062372378152, 3.2672795670551, 29.23547098326291;
  -12.85853785363327, 0.9607937703459969, 33.0787759084326;
  -8.743506037375214, 3.941775873562696, 23.32686643109607;
  -11.85204501928498, 0.460612519716773, 31.16990044905838;
  -10.91506913164966, 3.098460332147375, 28.87313065986797;
  -11.15001553068243, 2.716391336218104, 29.47869049536083;
  -11.27256444619064, 1.052276614902047, 30.10459531678266;
  -10.63862629560218, -1.664978687682718, 28.80483137902206;
  -10.52038510569628, -1.707603593923472, 28.69436181431921;
  -10.4459258024974, -2.411436902557209, 28.63620102361114;
  -10.44570872741388, 3.634600002822308, 29.00180683609508;
  -10.50907891577888, -2.361314871311763, 29.21392606927178;
  -10.6779737177257, -2.032686117995121, 29.73545990683622;
  -10.68439707761305, -1.263982324194502, 29.85272293162318;
  -9.98826727537986, -1.53313426346146, 28.03047276019877;
  -10.08736686825055, -2.828858337494043, 28.56841173458541;
  -9.089362015844959, 4.066928525695232, 26.82840966445522;
  -11.45663701659366, 2.13091148373229, 35.0503169364962;
  -7.742149259061572, 3.762629674182617, 25.35884294258032;
  -10.72302442535129, 1.760170401600185, 35.18671353837964;
  -6.891920030457619, 1.560454601453493, 24.26989122479236;
  -6.984943061664255, 4.153660896746085, 25.5213424429017;
  -6.677356305996361, 1.406022122385132, 24.52313037822429;
  -6.512936310661656, 4.121889171638365, 24.8137058160253;
  -9.472406995060391, 0.666795938928889, 35.73000178060901;
  -5.656085677274626, 4.165640533795362, 24.18790666436007;
  -9.254529251782349, -6.789457186114976, 38.93128985151442;
  -8.519188491448979, -5.767292056004063, 36.25611923268274;
  -5.458570204567414, 4.194734339688565, 24.04594687919958;
  -8.849437721812237, 1.013524633749704, 38.03732850045041;
  -8.724052279201105, -6.37732060939292, 37.56322924360376;
  -8.564846389399753, -6.769559986921779, 36.99198190336084;
  -5.26372609746811, 4.165777199724246, 23.694841931023;
  -8.323081204607203, -6.424543399184669, 36.87230900150901;
  -4.425420942114566, 4.195249405481097, 20.52716730793288;
  -7.459277159959305, 1.335313932132921, 33.82481871604948;
  -4.492448921950015, 3.86425823956212, 22.31666011026161;
  -7.623574263901218, -6.341471489371609, 36.6593084178013;
  -8.087489348356803, -5.102925144557226, 39.46904450373197;
  -9.243489207704796, -7.285625435942948, 44.83472377744419;
  -7.692750348532633, -5.724010723818392, 37.82797038235829;
  -7.809970846306303, -5.581262837604307, 38.56719520955554;
