m=[-10.13791825487339, -4.273505311051123, 20.69950659237161;
  -5.073553243722397, 1.765350453010187, 14.08637891279873;
  -4.221364890811333, 2.001895199165919, 12.91418121601772;
  -2.685882978819234, 2.052622190964077, 10.49557923530381;
  -3.235404664605703, 2.047613981895624, 12.32660288906862;
  -2.812535040149397, 2.071398955825477, 12.02763517439425;
  -2.70697401185797, 2.080221819751244, 11.92468922320455;
  -2.627216232420976, 2.079211052609495, 11.82650316394241;
  -2.224316815597915, 1.913284876779386, 11.04950177812849;
  -2.028852377189098, 2.033752227247257, 10.67304333723772;
  -1.864509208011851, 2.115608080210676, 10.28792245819215;
  -1.945660968006996, 1.539409726428972, 10.73734115599663;
  -1.905009955686432, 1.714251687001188, 10.77942050689761;
  -1.802714545845441, 1.887875392598235, 10.60844608003092;
  -1.7395604700182, 1.779687275042027, 10.4663534358904;
  -1.425142163220386, 2.099913781902632, 10.63405688811194;
  -1.10704718295332, 1.032457545502767, 10.37107108448543;
  -2.309163673358567, -3.396456880722878, 20.98587020432137;
  -0.9189062788918104, 2.092853327328418, 10.50903632739072;
  -0.7199331930630473, 2.114158359793226, 10.82515789970035;
  3.82319040305714, -0.5537088597892367, 27.53819639302748;
  2.162141497004932, 0.7494653117567012, 14.59883869672893;
  1.804078438832994, 2.139602030604183, 11.99847160377958;
  2.26123317308532, 0.3838843361339084, 14.93911238198457;
  2.36513750736738, 0.6838095197686532, 15.32719580692012;
  1.975990586129708, 1.116918297396972, 12.61453665673387;
  2.596955316440707, 0.07848654036529547, 16.65596977368767;
  2.196622753475662, 0.329570193867548, 13.99852342361984;
  1.995671707634479, 1.675923317304587, 12.6062187242479;
  3.599460578981028, -4.172137587143307, 22.59918781903928;
  3.587759196467865, -4.281853995501358, 22.48579287827317;
  4.768090887993076, -1.579055198238386, 29.70698944805576;
  5.626620169221057, -2.031053613631709, 34.8661036109856;
  2.139793287525462, 2.099246618344542, 13.06686018740195;
  2.588723297718311, 0.03890501559613075, 15.64027175724912;
  2.20654093127694, 1.174676062250746, 13.280584557147;
  4.44894931324504, -1.200154138944446, 26.85707436269362;
  4.289970039017409, -1.784744087577334, 25.86117372401556;
  4.322027661206215, -2.369064392672954, 25.85301376479429;
  3.473097343634917, -0.3375812165121409, 20.85888198886243;
  1.99380875080843, 1.995842445508756, 11.74709235837751;
  6.471979668496272, -1.51166812563999, 38.14639676358392;
  2.335290658285875, 1.788700482675359, 13.57997794565031;
  2.820572214008573, -0.4815568513582656, 16.09630551335539;
  5.256562860793162, -0.5078489593447764, 30.08197289889904;
  2.579076722386462, 1.327237666615154, 14.58612236367615;
  5.897253789899108, -1.561897219695345, 33.18818701419675;
  5.298414094085726, -2.561569509953677, 29.64594825501329;
  2.536616979682925, 1.517151243150193, 14.07680319895729;
  5.977875205482452, -1.997163624224975, 33.14457650441919;
  2.855808359177091, 1.952693558000348, 15.7548469699645;
  2.847329380701593, 0.1208856034241612, 15.55969579375622;
  3.611831771196274, 0.5906448718220437, 19.73605190362925;
  5.723649321121976, -3.245256403012119, 30.96714575584609;
  5.487178717118582, -3.337617288796577, 29.41443701192893;
  6.030063196777499, -2.244618740157721, 32.46367902278003;
  4.409138557202032, -2.704645362745047, 23.23615713847816;
  6.6044668310308, -2.048074912436175, 34.85670867021106;
  3.962515628115135, 0.6014264084215283, 20.77810225967444;
  2.832813395216138, 1.302297576662152, 14.72189656806633;
  2.810163548161206, 0.04947984904819108, 14.59108523865575;
  6.281968291729646, -2.031054474847298, 32.41253053752262;
  5.093458264845673, -0.7349673499318706, 26.03231434873605;
  5.61286878999331, -3.179054279511565, 28.42590745904451;
  -2.617257697428303, 0.1327011129608095, -13.24128741194538;
  6.575464406210401, -1.436054435935453, 32.94834242904921;
  5.42486919370566, -3.252882589563154, 27.1252027184635;
  2.632090894548136, -0.2250796443168944, 13.11544026992472;
  5.12807634994934, -3.918655670479755, 25.34123532031891;
  3.938238690657284, -1.632882716600439, 19.48067244845381;
  6.801510206198426, -2.291788395101432, 33.45877565340515;
  5.382912459720842, -3.097846263222131, 26.34464804544982;
  8.17335289430485, -1.177765826836109, 39.30824037372521;
  3.210301429548728, -0.1160004983066218, 15.41608281037241;
  5.145905451673537, -0.8687400869550717, 24.68172904790918;
  5.56692250386865, -1.414913009725143, 26.54120575805677;
  3.140184003223426, 1.519334318111846, 14.93350603876155;
  5.077443761973377, -4.513495769099693, 23.97336717120167;
  6.782221312605164, -1.399557312148956, 32.13882551145146;
  7.855735321439388, -1.749683161778063, 36.68861674259285;
  6.773038985012636, -2.258314835916747, 31.68760416657431;
  4.424269462189097, -3.773786552932981, 20.60720856196677;
  5.38218911898485, -3.613054864737964, 24.93687416485293;
  3.842732078644227, 0.1292842919873152, 17.90820405646235;
  5.879340377869393, -4.158211008045069, 27.20351556166829;
  5.985394887737397, -1.814902346894835, 27.40320142559096;
  4.228242057442233, 0.461504343431898, 19.32634581452805;
  6.550985491299442, -3.755095681218465, 29.79154593880377;
  7.318382302525482, -1.965923169164851, 33.27248984562323;
  4.066506984101401, 0.2013697223804862, 18.4499026034087;
  5.744778128115051, -4.145099128191955, 25.94860170267449;
  6.553783533097366, -1.268578304560046, 29.66263772667718;
  4.631328794145929, -4.941239872544019, 20.85662150365918;
  6.657366490391747, -2.194382789022658, 30.01507540122408;
  6.268875371954191, -0.2392567228003729, 28.11478528187782;
  5.514696352483997, -0.8142260329240287, 24.71525164192725;
  4.931185608961528, -4.558705400717423, 21.95040642406853;
  4.391363946988526, -0.2797160245120601, 19.58045754032588;
  4.717484962521423, -4.075245319785736, 20.82667415975823;
  1.948878938299329, 0.07912822372860223, 8.623829738519968;
  5.2673012984283, -4.885126654934975, 22.99742559479613;
  7.232290567298312, -4.391477814484531, 31.81436972758356;
  4.768863384705393, -4.245551477027684, 20.83712900960007;
  4.946128765430101, -3.422168458130123, 21.60915723222824;
  6.037570650702023, -1.402530045407008, 26.30426302846066;
  5.403012561717103, -4.356299323244364, 23.38469025090081;
  4.613596190737232, -0.3156875806902786, 20.11134712392905;
  5.003105619415726, -0.1015358438362485, 21.77819498418175;
  5.372882471285084, -0.8741755045337701, 23.381060749625;
  5.157743568793019, -4.815681493266454, 22.23769188802899;
  5.064394498603022, -3.650103848613412, 21.85669901619684;
  5.120551843209187, -5.282345411553196, 21.95717204754423;
  6.266535195273543, -1.471292634974994, 26.84958043664561;
  4.638598914218559, 0.04470963342312293, 19.89828646339099;
  5.29127531518998, -1.948200811508927, 22.64573427167203;
  4.792836314971918, 0.1572486931102361, 20.49480723995839;
  4.915565984250037, -0.3390520788584332, 20.97347745802373;
  5.26253189578622, -3.92272875162483, 22.30507455188173;
  6.848864260755214, -1.005668819533871, 29.10100737584969;
  4.938280882011911, -4.420458520363272, 20.86152062091416;
  6.708227136161906, -2.535535708846805, 28.42204217417342;
  5.215695771818932, -3.990577081625721, 22.00213150273067;
  5.1059102274993, -2.157560135081627, 21.50557747720898;
  3.611487423415241, 0.7452940552991338, 15.31601031546599;
  5.802591868870282, -1.065972944161177, 24.41464496778637;
  5.017729404611385, -4.131077045327141, 20.88619800836881;
  4.190234804112774, 0.6577921419800146, 17.52407792426232;
  4.811076736583509, -4.656014849124126, 19.9714990645074;
  7.132677186963294, -3.615662131488735, 29.66391944988952;
  5.188132280264669, -3.84946956547525, 21.48337603965014;
  6.119731245993679, -0.8478427753863603, 25.44252432509374;
  7.67804711408561, -4.09618176885179, 31.79301586848717;
  4.409067898073367, 0.6120125232763626, 18.33323169818688;
