m=[-5.283129604730749, 1.715445379992955, 12.03260329783164;
  -2.578063341861793, 1.543687733831828, 9.854470446015235;
  -1.923771023884935, 1.208743364049348, 9.416401171451602;
  1.768736745624414, -1.730689688383834, 23.85489473128555;
  2.016560364729987, -0.4456198419559952, 26.34014940962074;
  1.250138988209991, 0.8169807814038413, 14.56460254615141;
  1.046495720704731, 2.092461288761357, 11.16994357647843;
  1.412985195925682, 0.7563004256578568, 15.37494909206544;
  1.192135764771029, 1.203027589614047, 12.67661924513301;
  1.138322749961782, 1.648503169820183, 11.75819119215819;
  1.397518413462409, 0.1369474238461964, 14.58715353695355;
  3.23722772023634, -0.8325891229899932, 34.28715787727236;
  2.469407919121413, -1.257790185604507, 25.09724004674384;
  2.555969886705838, -1.413122031130421, 25.69017462616332;
  1.341160503522101, 1.217353765058111, 12.86757460091522;
  1.719221022291399, 0.1033518754641261, 16.60320071027427;
  2.853092543097849, -1.151943550990111, 27.50005205664808;
  2.562639810285549, -1.632527305035951, 24.66034952780355;
  2.719112906476212, -0.3347324134697627, 25.93541347312065;
  2.808996733180232, -0.9511878469325499, 26.07305073068731;
  2.440667668158994, -0.5762985531764545, 21.52366390320855;
  1.606987537769375, 1.550215751418028, 13.5649429657221;
  2.980919160291357, -1.130185668064219, 25.72773724488974;
  1.710542048348841, 1.862158774258573, 14.28390131236981;
  3.161734325473171, -2.274936301041274, 27.1170845364883;
  3.112831460401047, -0.4857570713323628, 26.23112127362399;
  1.921128026572486, 0.1833495865308711, 15.81763431860856;
  2.672538092706413, 0.7399341225322783, 22.06503102868271;
  2.213374306332111, 0.4168106771990219, 18.09464610217075;
  3.181096995564737, -2.638489234819168, 25.85544969138749;
  3.356629189335372, -1.794878516189784, 27.09211793829959;
  3.149793374670112, -2.816705429610712, 25.49583754882658;
  3.300314925706771, -2.971574904900385, 25.96332641927333;
  3.361554150507268, -1.473265546414975, 26.36159269915634;
  1.858901174952952, 1.337006598999624, 14.21551066510676;
  4.079925385917932, -0.4068466097655562, 31.81998900422741;
  3.614565011143234, -1.376570957820374, 27.93765328169516;
  1.563881280753, 2.09280137964482, 11.74182022543501;
  2.874568341427301, 0.1528275062804103, 21.96803797299732;
  3.615774781007303, -2.005342344660467, 27.59832100404694;
  4.04945052388402, -3.32518014769259, 30.96708219289024;
  3.628882731198091, -1.647394015666578, 27.56067918389283;
  3.299925914446715, -0.6149035028444166, 24.64446971368001;
  3.514982666368606, -2.842329860886538, 25.99073805878021;
  5.005619993369998, -0.2432249563670525, 36.98946110520865;
  3.294389372084615, -2.806627459886998, 23.88100724977567;
  3.586573086062821, -1.052316013989964, 26.05650685431421;
  3.341227085463758, -0.3430486292953691, 24.01506483409353;
  3.418565720918187, -0.8658494307917508, 24.34054910201109;
  2.637001912274316, -1.526864635315989, 18.81916932649026;
  4.169709655351916, -1.972472158980779, 29.91284583267329;
  3.095275958122886, -2.496608645970274, 21.73551323000456;
  3.906939008479368, -1.26369396201746, 27.58000864108197;
  3.182312251808921, -3.838606637096265, 22.36157478641501;
  2.076293356666852, 1.535204080992165, 14.38805387931998;
  3.721427584561055, -0.678691847026101, 25.51691426100808;
  3.802611462192087, -0.1070340450961515, 25.98946156455234;
  2.135139141438279, 1.540587967867183, 14.31638772569599;
  3.11329499959452, -4.142381618903692, 21.09831864464635;
  3.500540739695373, -1.194081636671588, 23.72042570067503;
  3.381434330005335, -4.228304616088759, 22.64476592916187;
  3.938063601066564, 0.1674329682695826, 26.41273589906928;
  3.660372940110207, -2.669296606869165, 24.08193932358315;
  4.003587718846274, -1.182141083656803, 26.34186525110019;
  2.215697598071219, 1.600974757432067, 14.4048370212825;
  3.816106354987129, -1.706070056758603, 25.12413740632877;
  2.880303194289917, -3.440302603996252, 18.90444170290201;
  3.306467095799964, -3.079667087427823, 21.56222843718224;
  3.744115187685537, 0.2600071609869218, 24.50880843415795;
  4.091625666316209, -0.1245526183648259, 26.5977912672436;
  2.308445378744955, 0.3891712469307376, 14.70052195850257;
  3.897259735264037, -3.048449920956947, 24.72320261135968;
  2.640308813799373, -2.927094329799245, 16.59292270210777;
  3.167773515945907, -4.674353506815908, 19.77489914712035;
  3.504188077360533, -3.469384991991397, 22.03697920184109;
  4.133762066071443, -1.028672700053494, 26.0273874306318;
  4.011264711972848, -0.126349337385544, 24.92874998284932;
  3.95480661861157, -1.278838812360806, 24.42886960017246;
  3.394912645503406, -0.2207191802840601, 20.90860797144094;
  4.130245401791952, -2.680649863808336, 25.33031460123648;
  4.268589154316563, -1.488901299570326, 26.08595870013788;
  3.581195679341672, -1.045178559226984, 21.86777053037475;
  4.054044614391, -2.960205396691031, 24.65241926850648;
  3.398899781026902, -4.301875380871366, 20.47412011571732;
  3.851474590170941, -2.105160963320996, 23.3307041568985;
  4.469429624935737, -3.65817891936787, 27.05372926441272;
  3.210934937237491, -3.914212472151765, 19.30586631882612;
  3.391539635311675, -3.197614899869667, 20.35682036961962;
  3.501411732996512, -4.617552100061443, 20.92022797876416;
  4.024651146801764, -1.20627395728398, 24.0528105881157;
  5.564656383850116, -0.4137992988080399, 33.24597780003112;
  4.535598061936707, -0.05019607048578989, 27.03197798905358;
  3.611590110332533, -4.595230137390284, 21.34175493578993;
  3.316202855620838, -3.405415731516601, 19.61301851569309;
  4.230345201121219, -2.304668938113101, 24.87708136946963;
  4.177522633790506, -0.9608255814708907, 24.53324329440328;
  3.416154510742557, -4.794548403461016, 19.99903042255619;
  5.56712315785661, -4.413174571984476, 32.72103548557713;
  4.654748471669059, -3.314467614972724, 27.30842638752563;
  4.189405884532908, 0.1382061136587018, 24.45830544368215;
  3.688684444103636, -1.106301853634784, 21.51250598969339;
  3.450509431323495, -3.461634074477607, 19.90060887972022;
  4.419670220297882, -0.8003399393669098, 25.54023857512835;
  3.544396750377557, -4.295286002570124, 20.35454463209254;
  2.535037630342591, 0.6736662460009262, 14.51685601991055;
  7.936765842793993, -4.657947486564511, 45.80472650194705;
  2.804082431896352, 0.8520495676736091, 16.0767819556596;
  3.436677110627897, -3.531084148215426, 19.67548944746325;
  2.874288665693986, 0.6725378585441323, 16.1761472429922;
  3.42658198792038, -3.784781087926792, 19.26952560881922;
  4.455687723370442, -2.957403121045819, 24.95724245771336;
  3.541987512619421, -3.512347944035258, 19.78804261745045;
  3.829031606638218, -1.130119545074558, 21.34114937071699;
  5.058323863415882, -3.552227779564308, 28.26953229129929;
  3.954144866457704, -4.581660889370761, 21.7766137966948;
  3.761291638569124, -0.9271937499366654, 20.5047956298682;
  3.612130423914933, -3.283728880426756, 19.49437116235134;
  4.559437638626646, -3.29181120853811, 24.79935668157205;
  5.053958438559453, -0.3715757820968639, 27.43298164179064;
  3.878705485190749, -3.86629493588907, 20.92657257452828;
  4.635655568135941, -1.709002977768124, 25.00764100599878;
  5.442657626789561, -3.34870785466077, 29.39475026292574;
  2.671728205115479, 1.184976024386587, 14.29334444177907;
  3.438483077441244, 0.7571483379657301, 18.40393648351458;
  2.646709704501433, 1.088895862230942, 14.03348200830676;
  4.984842618398734, -3.407605438553097, 26.3838401325757;
  3.77968053930985, -3.465089698247957, 19.95021121030261;
  4.613145462600563, -0.3452134084361153, 24.38083113771385;
  4.01994601607563, -4.066758010368625, 21.15039936044569;
  2.588927105028004, 1.196749028252895, 13.57297528698683;
  3.690053437886422, -0.5717202805201441, 19.30330275931681;
  3.392693693062455, 0.4843136630945884, 17.71305984689163;
  2.689421781294439, 2.017971662506265, 13.95641077682708;
