m=[-11.80567603767711, 2.15023510363825, 18.43260975000996;
  -11.67764270257527, 1.911416941065605, 18.5660458203326;
  -11.72693617968798, 1.90443270050213, 19.10516057022185;
  -25.26178409292097, -8.908756350065534, 40.27569924750502;
  -26.15059144213414, -7.608409869201392, 41.68960802271968;
  -25.71711329456793, -4.005692146509499, 41.25893983664887;
  -10.41924023399758, 1.773224559969154, 17.51795449621947;
  -24.66875319524607, -7.287604757027417, 39.75088727943024;
  -26.6965499551732, -9.080354838073536, 42.91581710432141;
  -26.34549130841359, -8.077074873222097, 42.37177369175603;
  -10.1031914201023, 1.89279727593119, 17.20361708721666;
  -10.01452715499115, 2.115421667848242, 17.08756298425656;
  -9.996796986534376, 2.016833727108327, 17.06308123737919;
  -10.10661302836369, 2.210990407669804, 17.30962643450493;
  -9.913853343628722, 2.075977907174386, 17.21224553033809;
  -9.917561983928499, 2.394312964464332, 17.27389376777071;
  -9.821553336140624, 1.940185575877063, 17.2298902152237;
  -22.84744001795018, -7.976304418062116, 38.33235511925339;
  -9.92774167759864, 1.788940776897224, 17.45667473691024;
  -22.48694662985792, -5.188754599053993, 37.84434253776076;
  -22.99630068762457, -3.063327481860818, 38.72092647821634;
  -21.97345165811056, -8.304649882656097, 37.20934642288179;
  -9.766661606556268, 1.865106785976552, 17.42818509478202;
  -9.591282073420068, 1.932259988636246, 17.1672862754123;
  -22.29183844945225, -8.705297910892053, 38.12472571550622;
  -21.92823022071932, -8.021663356696303, 37.52228873676644;
  -19.38378253359903, -2.057341409217267, 33.36325923968695;
  -22.66773016542328, -3.142264420408024, 38.88026040246315;
  -17.02939890721305, -0.07513223845250251, 29.54796709958607;
  -21.81415372595924, -2.936504969036308, 37.69299131686996;
  -9.65924645880027, 2.328694491942807, 17.47438821530576;
  -9.583962958328964, 2.894857938145228, 17.44874132566741;
  -21.0134071015369, -7.809869677023661, 36.67061067360476;
  -21.70032014210915, -5.402328028007559, 37.95568849708074;
  -21.89469158693051, -5.051945852868662, 38.31318085295405;
  -21.08402473486128, -5.013993591459093, 36.95303962353976;
  -9.608123489650428, 2.409978654152841, 17.6128668091747;
  -21.1499099635348, -3.149220629684925, 37.1661116634966;
  -20.36342391754955, -1.629033105082345, 36.57760117427873;
  -18.37460027884442, -1.09313322294305, 35.18604545013957;
  -17.75103871431272, 0.08158042938975939, 34.11987861364866;
  -13.03326481167085, 3.553340465114469, 25.70843379026182;
  -17.66901144961014, 0.6495109318555278, 34.64679103965852;
  -15.52213858443546, 0.8007239188665808, 30.91285392333155;
  -10.38481437834938, 3.925719084140952, 21.25960333914972;
  -13.0234317690502, 3.29752089289707, 26.73451290045794;
  -10.00240610674705, 3.950138578373421, 21.23706746758992;
  -13.68131591515012, 0.998619538792304, 28.59655788119586;
  -12.22317232795744, 3.091615636859974, 26.03530522109472;
  -12.87905192076682, 0.5625318845916637, 27.38283648702061;
  -12.97156912834824, 2.850024194841231, 27.64729971565715;
  -13.28595792378638, 1.196996478368393, 28.58972870641525;
  -12.14316678200256, -1.228548364537438, 26.3999210517663;
  -11.63893834267167, 3.554518753849715, 25.86627253961168;
  -12.17876165705856, -1.0723818523289, 27.24942566965935;
  -11.90972790732789, 0.6977205324077339, 26.77567655123145;
  -11.41590008773196, 0.5957252965428038, 25.89017569753813;
  -10.7886693704112, 3.50310789483019, 24.57175734045634;
  -9.187155751676654, 4.319771207344168, 24.10168052399104;
  -8.751135547044951, 4.106943928465932, 23.6730218040683;
  -11.73392008545023, 0.481339141487822, 31.54741259066813;
  -8.242938282825215, 1.524444382195892, 23.04174868610697;
  -10.69674870437954, 0.01299925452453572, 31.27558367520195;
  -6.105120442823802, 4.258914959876418, 19.6846015086665;
  -6.982786816204481, 4.284027943475137, 22.59126942473437;
  -10.90513727756325, -6.232073251447492, 34.38090740837126;
  -10.73455593954878, -5.912362042581695, 34.0624863047687;
  -10.59390456471047, -5.979090264206159, 33.73647347954269;
  -6.855968896587132, 4.298076490478302, 22.53226870530893;
  -10.83351754172395, -5.602957029727624, 34.72386100565736;
  -10.39348603024432, -4.307385746823265, 33.4392126414844;
  -10.55856461192949, -6.176922848021687, 34.17173859999149;
  -10.69635129474601, -5.996584075060588, 34.67624417038422;
  -10.42708069439496, -6.327400516860142, 33.86810193748353;
  -10.47228330736437, -6.166121188287488, 34.70661580358728;
  -9.476631370262554, 1.390723064499918, 31.91562692520835;
  -5.915904819710907, 3.930186977773619, 20.90746937134808;
  -9.29514727254144, -5.472553795197194, 33.30476702721659;
  -9.824837104762903, -4.558412467459038, 35.19007583106141;
  -9.914239521097242, -5.469435100854538, 35.68350310698093;
  -9.879688183304525, -5.230933442088393, 35.71139023239137;
  -9.243578270883077, -8.296896410068154, 33.71400862863599;
  -9.902587531853197, -4.827693231977054, 36.25886681384491;
  -9.849601473411775, -4.576877675053239, 36.08783251654825;
  -5.237630530137579, 4.34139207608755, 20.00595270340695;
  -5.337513504193223, 3.195985913842811, 20.40227958258562;
  -9.837815305207547, -1.138552754065884, 36.21143693349795;
  -9.746957137619523, -5.294199108830652, 35.92747902497478;
  -9.774410070846292, -4.882815504701797, 36.29892110897296;
  -5.149889936259499, 4.373095816503624, 20.08583488433571;
  -5.115209713175583, 3.385974472801159, 20.0808775907276;
  -9.605261432538262, -1.565633412554452, 36.57544152564567;
  -9.507103728306269, -1.353545949956831, 36.28475751907754;
  -9.495313844466718, -1.174779730079296, 36.61017105822553;
  -9.426388726614134, -4.796387930940871, 36.59861927388447;
  -4.90122400724006, 3.68720006632383, 19.92646574690494;
  -9.069293090518627, -2.080086677827482, 35.69745016287754;
  -9.274998161337834, -1.363065585059797, 36.68056724700394;
  -9.175754071987257, -4.934731400944452, 36.31361818803745;
  -4.801466614722952, 4.366163948069485, 19.96611998350018;
  -9.268134043286963, 0.7451140519316017, 37.52584821903263;
  -8.807736725437085, -4.770182317829714, 36.1985339919344;
  -8.882854855375513, -1.673273639690078, 37.39424895779305;
  -8.775044131697513, -1.598854492170813, 37.57029175967798;
  -9.072872257014808, -1.447764343390185, 38.9251987607209;
  -8.696770212462852, -4.82171975492401, 37.51744539790813;
  -4.971128644439069, 1.229825554222092, 22.35194292406057;
  -8.808705608574091, -2.692441690762141, 38.25047781223383;
  -8.60677909828393, -1.387023949631075, 37.95526570296816;
  -8.79100393173441, -8.755991339293201, 38.71726362427416;
  -8.675335995916885, -2.785630892699084, 38.74196307326111;
  -8.211641344950744, -8.536807774872541, 36.90318305943022;
  -8.36209154730922, -3.459944434068581, 37.6684349085922;
  -8.062753946718106, -2.258481681243357, 36.8489780026627;
  -4.064602565114988, 2.138731816341348, 19.50329399270852;
  -8.503472210349399, -2.805213258988536, 38.89779091407085;
  -8.278808478687639, -6.382146828584095, 37.9591197789673;
  -8.768745862724353, -4.666241701730574, 40.38153692407463;
  -8.296983004268162, -2.877727439142815, 38.64098279289965;
  -8.062026730169297, -8.117537151847502, 37.74759393171931;
  -7.446260563370404, -8.358646427035591, 34.98432231368911;
  -8.429268064015918, 0.7212503269344995, 39.74819781130766;
  -8.039037812850841, -3.146067198379849, 38.12950961388409;
  -8.124793947820972, -3.373690436016415, 38.60581223141096;
  -8.057029420417777, -2.492212666089736, 38.52860831857845;
  -7.657919960136388, -8.405143933201003, 36.80166446976656;
  -8.03558097530842, -2.07206429381286, 38.70429420256775;
  -8.007933890216865, -2.796966087914491, 38.60161256151714;
  -8.050217154735192, -3.723770857427308, 38.97969001584433;
  -3.743289854408288, 2.321714689621568, 19.15658147822997;
  -3.818873974079899, 2.171630122783878, 19.68115303990861;
  -7.977368132249738, -1.66633617787755, 39.05349351510649;
