m=[-10.12029384106895, 2.408466333031129, 15.05417215950335;
  -20.76184775039368, 0.6490968018072599, 31.96449118654767;
  -18.26648759608743, 0.815120718159831, 29.77721222548024;
  -13.47092717863174, 3.147957214373983, 22.63629155036084;
  -10.95852142082172, 3.906982112092333, 18.74256974786163;
  -13.50217950569195, 3.138189964761291, 23.4314617577841;
  -13.35595169370939, 2.715525618145973, 23.26112666936668;
  -14.00417079549574, 0.6867814377802024, 24.33367072088026;
  -11.81329560292753, 3.468655345398195, 21.70876480175576;
  -10.8016139388157, 3.923346080130145, 20.81336103684252;
  -10.38631832950387, 4.297897927499181, 21.60891559631937;
  -9.808554599355654, 4.032420841079851, 20.93766578350267;
  -11.76668107342429, -5.390948871077542, 29.2047465728449;
  -12.5164567560074, 0.7287279781536227, 31.10385437083961;
  -12.26709987873288, -5.403725605738543, 30.59038763729812;
  -12.38449640658579, -5.597843641744488, 30.9838144841973;
  -11.88746603734246, -4.910165419510196, 29.94301902483592;
  -12.31421062334635, -5.354946464768194, 31.02271815626045;
  -12.0973876319976, -5.389096430360612, 30.74018152793631;
  -12.32619437047659, -5.491024351916018, 31.3215930598819;
  -12.11790961920658, -5.877734083973176, 30.83249809427666;
  -11.90393553267991, -5.346141821396303, 30.72162479566247;
  -11.80569369898994, -5.521476764584603, 30.5735484180016;
  -11.88955504719235, 0.9684487648010398, 31.01551736390661;
  -12.02478498854056, -5.141269750629675, 31.41932398289205;
  -11.48878946440392, -5.418525950287823, 30.85122738748051;
  -12.01172999539161, 1.255301082216436, 32.43762228670065;
  -6.258049596694281, 3.089006303933701, 17.69661810062199;
  -11.22510130000709, -5.164406641948857, 30.97098819687653;
  -11.69283498454284, -4.192309289207356, 32.31380109494546;
  -11.51121645178905, -4.945044162483747, 31.9658141030291;
  -11.32829949275591, -4.656051383730101, 31.56690356117049;
  -11.16317429066512, -4.192748306744213, 31.45261105003656;
  -11.35693826157841, -4.043999700709708, 32.00005166794723;
  -11.34261165522794, -1.16271420372567, 32.0670983081359;
  -11.20085444357918, -0.839797931555639, 31.68328364316316;
  -11.08880131527447, -4.65842909188691, 31.40783865837037;
  -11.28265310696062, -4.34683218282903, 32.17543712455598;
  -11.20787494488899, -0.7151168336399474, 32.12725849224871;
  -11.20868541599246, -1.081275709699743, 32.66807907901256;
  -10.87812878098163, -0.8842803096567242, 31.97965095496274;
  -10.90575455506587, -4.228616186175657, 32.25199672725004;
  -9.527735178229893, 1.178694662561005, 28.55870046831463;
  -10.80549262199452, -4.420131105658684, 32.44741627841427;
  -10.7169778786032, 0.8763660305187421, 32.80442416687514;
  -10.48978232209424, -4.286828167667258, 32.47331110553814;
  -10.70064274590149, -1.476271941286707, 33.40589630261277;
  -10.40983112920699, -1.338219104262852, 32.87526836033125;
  -5.961831161384835, 1.255545739614739, 19.56023981919628;
  -10.63178657986661, -1.31107570575146, 34.03977316251929;
  -10.41689208882691, -1.109158656430734, 33.45841721078548;
  -5.037427124430663, 2.099518956978556, 16.97684565852315;
  -10.12815734258756, -4.188450366677622, 32.63520275414066;
  -10.79674693268867, -2.363743116072697, 34.98653236092228;
  -11.30882809690533, -1.928547847077385, 36.69047958695002;
  -10.6402192850528, -2.43794543598254, 35.26983362524072;
  -9.869842998008517, -7.728956106512197, 32.83280044531489;
  -4.926194855396787, 2.369860062130086, 17.40990127168742;
  -10.16881278189987, -2.374950481362101, 34.34861077538447;
  -4.769996163311728, 2.108229828791657, 16.98116113869617;
  -10.33704699604976, -4.035490587632083, 35.17838358266701;
  -10.35644344898772, -2.534863005797527, 35.46361862358373;
  -10.17505627168002, -2.833469346823001, 35.33359566241839;
  -10.14242805356073, -3.006620784496258, 35.28645564861969;
  -9.871674245955926, -2.120804799496262, 34.50545215621036;
  -9.602110048415151, -7.811033056253688, 33.64867485533903;
  -9.701953526942079, -1.695863898764653, 34.10396501307656;
  -10.03151706941999, -2.454021008410677, 35.28530892031453;
  -9.869561779372022, -3.255461169983707, 34.84712943879857;
  -4.616483555483, 2.124913624923536, 17.23791262121079;
  -9.763930368329813, -1.705385956442599, 34.93115238732599;
  -9.703064140763502, -2.46892382066972, 34.72149916729678;
  -9.276183323633086, -5.673036213639833, 33.87910733871273;
  -9.239589567809929, -7.796957132175407, 33.77797530336263;
  -9.124416080266908, -1.426767702897494, 33.79383596752927;
  -9.017191136688147, -1.146356132967066, 33.64928466956757;
  -7.299974855191241, 1.002712905872972, 27.56888204042559;
  -9.374091736202688, -0.6207769691715612, 35.4245272221208;
  -8.940011595611797, -7.724432841527001, 33.766220905214;
  -9.684380594850914, -1.915265038326909, 36.91429832596329;
  -4.313627499704229, 2.327137528924514, 17.46016293389938;
  -9.352973750693749, -1.288191438609399, 36.2193334425735;
  -6.172609292827054, 0.8753536177015409, 24.51240503836225;
  -8.88068861622741, -7.881108897778448, 34.55232525477766;
  -8.822418822769302, -4.048746237053948, 35.83619710726443;
  -9.566032106290651, -0.6923346312327255, 38.89705356437609;
  -8.70825407773758, -4.601273363033487, 36.07120380224781;
  -3.996002231913892, 2.439027650863674, 17.69713362265664;
  -3.992940908927082, 2.283076958230183, 17.86595686360688;
  -8.512546790100734, -0.8452171660344227, 36.27601263202325;
  -8.150458296950601, -0.7564612837640478, 35.42224097827339;
  -8.371847045723959, -4.347524350239873, 36.3646133526158;
  -8.373002380632881, -4.55987126806104, 36.56691214782795;
  -8.249756893629025, -4.240334327747864, 36.3671593389167;
  -8.494333859347758, -0.9327649308651882, 37.68356018668238;
  -7.949827391063305, -2.127076951140741, 35.39398263484143;
  -7.917526142093561, -7.265883426485382, 35.37961944354065;
  -3.97087062529219, 2.203308060667512, 18.74416392921419;
  -8.000824987498438, -8.270569019182451, 36.60805805822298;
  -3.676609532387897, 1.858650293189188, 18.05895441075777;
  -7.588034448810517, -4.944532261931773, 36.12233597297033;
  -3.620829559577495, 2.299655580119634, 18.20180347321549;
  -7.83369076955739, -5.582388240874954, 39.20388559160835;
  -7.580738800034606, -8.521021636826575, 38.09745093858109;
  -7.359364376381813, -7.849765134430047, 37.03276877497431;
  -4.962315805767232, 0.9983442772303379, 25.87264246978656;
  -7.560203737556998, -5.931577305476977, 38.53372380587895;
  -7.388667732976555, -7.456684612295261, 37.80095453461366;
  -7.300394468347011, -5.603023546238775, 37.59636115945304;
  -7.204060486987808, -7.501224838901934, 37.13552662438052;
  -7.093334114138866, -7.381724727880343, 37.33533170146791;
  -7.056512241619863, -8.286714705757383, 37.34960583892351;
  -7.276440367350277, -7.8210085984914, 38.59656276347555;
  -7.152205127670176, -6.718716014911084, 38.03584643198326;
  -2.997291489352638, 2.076477783974023, 19.49092525393643;
  -4.003725110842555, 1.230914897108989, 28.83042162139985;
  -3.013063445126794, 4.207716868929762, 22.93999349754698;
  -3.154137480193099, 1.775075232386538, 23.93663332179328;
  -2.797483174884963, 3.087241507484626, 22.01264523420662;
  -4.919100886540899, -1.444074681609319, 37.68064551926475;
  -2.509827809892801, 4.120891040026791, 20.48080682779437;
  -5.436008325682083, -9.077723486452316, 41.65308657208038;
  -5.154718546181149, -2.962263635624203, 39.72138487282865;
  -2.695151383277136, 3.465182392759369, 21.94248184576099;
  -5.188524547594757, -9.801201982762974, 39.98774864439093;
  -5.047208154097995, -7.605556123340042, 39.94869056267942;
  -5.213323675198753, -0.8682602567482416, 41.41068520065548;
  -4.992252852858254, -4.478868452953823, 39.80554088705511;
  -2.576020228222804, 3.551039662148082, 22.00973164732137;
  -4.879721016811947, -7.289462842583771, 39.54680782635514;
  -2.510469081936457, 3.228611824941994, 21.67131198743963;
  -4.784840458450984, -7.524355353303765, 39.39789576214914;
