m=[-5.817705321839391, 1.708212114623534, 10.69093678536548;
  3.610952677146672, -0.4143372144822348, -10.30751693518423;
  0.348055909652197, -0.5204521872100931, -2.094489603418034;
  0.2103402095671876, 1.593329479342589, 11.04738398369306;
  0.2427313354711202, -0.2394444409360768, 20.87191232268115;
  0.2015014970444203, -0.259915476029172, -1.191162485856243;
  0.2716690649621272, 0.8873173334655, 13.93149648695891;
  0.3284145397506108, 1.234320349032261, 11.85413357163927;
  0.3286512909645865, 1.653479384855671, 11.3049135059343;
  0.3726489551985716, 0.8013418265903739, 14.21991125081751;
  0.3455593633985892, 1.76045786935476, 11.58445114920946;
  0.418719646747258, 0.2169621235812875, 14.51593117024185;
  0.4074323440786752, 2.041456922157192, 11.2680157558937;
  0.4217037130163741, 1.409150608034457, 11.6052345102725;
  0.4534286013530999, 1.228568674373337, 11.85569626396595;
  1.066092059387334, -0.6972856424746081, 36.4410130376114;
  0.4280810804355666, 1.987821799411278, 10.32462961531334;
  0.8651416726038573, -1.166548168494312, 25.80192167731902;
  0.5331187209146545, 1.783516972242442, 11.92785853720056;
  0.9895649030264722, -0.938701071403832, 25.65488610274939;
  1.048004115901452, -0.1773458402553928, 26.20324433132756;
  1.019777231928502, -2.168550962721184, 25.54271102665334;
  0.6061582550118798, 1.29299907213822, 12.26820038305429;
  0.7063103853786263, 1.639271870771291, 13.27262625563911;
  0.7397839741046498, 1.893070303846907, 13.56498703721138;
  1.165110730152861, -2.912789771123322, 23.45715919161701;
  1.34381899598554, -1.02235532739103, 26.23202825269789;
  0.8673145864065327, 0.2687840656725348, 15.40150667090832;
  1.32876690059322, -2.015781546191951, 25.46155287423858;
  1.436746380411729, -1.394372975333057, 26.64083813650285;
  0.9466842652636521, 0.4857298637967871, 16.47650363496501;
  0.8399661095169594, 0.7367074352656318, 13.92714945518991;
  1.490567577586009, -2.487576605053487, 25.47799843484343;
  0.9198069784882152, 0.7044044487592921, 14.34008339828191;
  1.597007679864272, -1.649584578933557, 26.8973227861552;
  1.640510414912186, -2.961476306326124, 27.86527093352463;
  1.57571746364678, -0.5162214508383864, 26.31954633570391;
  0.9150468512243991, 1.425634615503501, 13.91065315388344;
  1.672146755563081, -1.346984280432007, 26.59101671877358;
  1.671763330885307, -0.4076346588363787, 26.21105711362329;
  0.8106524661481415, 2.039720769918908, 10.79744500678452;
  1.810318722052587, -1.47299028880075, 26.92837667155627;
  1.835270680306949, -0.5213058734612298, 26.42619838653702;
  1.93979739697149, -2.879219218967878, 27.43626353842077;
  1.993865409595822, -1.160259967618091, 27.93652855085094;
  2.134653909624544, -0.02427054116768136, 29.92980139995579;
  1.709810893731049, -2.643504177648306, 23.3278845498262;
  1.919157020573107, -0.9227206854550712, 26.20833563300472;
  1.935623178269742, -0.2278030040094848, 25.96206205082246;
  1.57671554025054, -3.115233838690087, 20.90664690875987;
  1.062208398752859, 1.538907957148032, 13.34354188433451;
  1.650467238293142, -1.685665524754879, 21.7161649993833;
  1.136647937314161, 1.5623700145199, 13.45397983911944;
  1.748431161607704, -2.969802181967697, 21.33033604722133;
  2.260960847255607, 0.0343767932978402, 27.54994167664046;
  2.118003231342446, -0.6872289038030578, 25.73275891213052;
  1.799403205318234, -0.9819742097305378, 21.61731036356301;
  1.194105051440002, 1.601566124728591, 13.37749605608242;
  2.345729921138865, -0.9735599119238476, 27.73438935834882;
  1.876165992172499, -4.059357428358801, 21.35864270449992;
  1.749782126082831, -2.749739368282473, 19.79182346835324;
  2.330396077802074, -1.045670021106569, 26.65308975050411;
  2.138114052287489, -1.532756017092881, 24.39910452240867;
  1.047521330595728, 2.041076024796515, 11.07431635843604;
  2.598338373370868, 0.01167313194815868, 29.02630171048379;
  1.520589555079811, 0.5520259852345777, 16.4063029232136;
  2.498452436970776, -1.589383829876865, 27.19666878592474;
  2.319106540792863, -2.959121830594412, 24.9006319666538;
  2.425997105949478, -0.1695885455751173, 25.99125267813627;
  2.385211583417918, -1.294426836118596, 25.53450155961676;
  1.96706298715453, -3.20295066788307, 20.83585199957231;
  1.968506140902422, -4.328534507992922, 20.87902322847571;
  2.576586250861375, -0.9360091542098105, 27.27585740110422;
  2.57733886918026, -3.774987257404052, 26.68912155669083;
  2.911612805131439, 0.00167816410887441, 30.21012688904231;
  2.73187922407003, -0.6709347284249022, 28.2629936015756;
  1.705967623753943, 0.4810007802128143, 17.08422974530573;
  1.629336006318483, -3.08988606343647, 16.37882584493495;
  2.605998045938819, -0.1469866906729248, 26.55200152219635;
  2.574725307205314, -1.345620711357327, 26.01435342560136;
  2.701660590924792, -1.160873662884131, 27.06416572808872;
  2.089103536517441, -4.30169816527346, 20.67302643003773;
  0.05387114830623047, -0.169793400697511, -0.7537534010708239;
  2.497993190501851, -3.213744254814018, 24.69145389516516;
  2.070902696359073, -3.117875042633075, 20.32029135120493;
  2.899673112264215, -1.2832020063499, 28.22107045206931;
  2.912102437996745, 0.1098511067244145, 28.14331506107747;
  3.04732815343093, -0.8422491926639413, 29.40970178954787;
  1.870976014468704, -2.883589788249859, 17.79375989719075;
  2.275899726230226, -4.835994833275957, 22.13172419212373;
  2.462871008852294, -2.039700205807973, 23.25357718046486;
  2.899924125069005, -3.192634411268795, 27.36341038535045;
  2.858818031222683, 0.3020184780834097, 26.70491144149147;
  2.997885035166487, -1.312777783984932, 28.07245721779635;
  2.623494996229745, -1.923922223524284, 24.39683388714654;
  2.758414547199906, 0.4352404986085443, 25.61719552966522;
  2.707491843328763, -0.1789119032431127, 25.03440714693947;
  2.119302115608218, -3.341220442040873, 19.5423952350687;
  2.242768787970615, -4.279738300859773, 20.53970694105571;
  3.314079035606062, -0.7960421811043592, 30.50155450766114;
  2.144343726699213, -3.442494794997728, 19.48773231684625;
  2.68544905555249, -1.988845707096095, 24.49267098298645;
  3.021491519455627, -2.582062906401628, 27.44954591649109;
  1.755781221303573, 0.7427135792391694, 15.48150746973177;
  2.699678183684294, -0.8633965940061158, 24.27559357066121;
  2.169446418364711, -3.720455617755234, 19.19302063368739;
  1.733561589109137, 0.6570030170315173, 15.10620991381238;
  2.54566312387688, -2.020238244350038, 22.62725276225907;
  2.262030704158943, -3.462575181242348, 19.83470784615689;
  3.051930323059466, -3.067319534442972, 26.84589858732144;
  3.854992946234631, -0.8281883965450737, 33.78754370694553;
  3.503907289845049, -3.705569709869069, 30.61125075172575;
  3.259292216609917, -2.755352076017395, 28.10749941670399;
  2.521837404390955, -0.8514234830651392, 21.16950673018567;
  2.802670810913159, -3.006063210205586, 23.477576011488;
  2.887529662305572, -0.189293561178823, 24.09890316830251;
  1.618641426229554, 1.191253862628657, 13.16375412434668;
  2.41351663075352, -3.625950906918011, 19.98168421010754;
  1.953958343294157, 0.7545074706577873, 15.90533564930085;
  3.283258647369655, -1.720776309740422, 27.17208631387729;
  2.750060551214678, -2.602367797731858, 22.53914134628888;
  3.521384180214897, -3.167204809691368, 29.10762183091226;
  3.02276908458739, -1.256535546049342, 24.95687345252424;
  3.304347028317131, -2.702983341569169, 26.86059851571406;
  1.637303045077822, 1.240177710217507, 12.93544704817909;
  2.438309280311418, -3.33986482874702, 19.55786085471995;
  2.99063601716934, -0.2079668188667389, 23.9289422906208;
  3.137088777780724, -3.133058687895688, 25.22069009157315;
  2.5479678445434, -2.714349358262154, 20.27920900272675;
  2.48304026064943, -0.4700369902815754, 19.54507703877155;
  2.523032791107538, 0.6587550897707534, 19.76888326990472;
  3.218071044168787, -2.79492748701264, 25.3460827943017;
  2.845995887136412, -0.3769260612905885, 22.28361404090924;
