m=[-14.71137132943935, -5.026300989199497, 24.03058566058818;
  -15.0125217217793, -5.030403166466248, 24.7384025029351;
  -15.01154438092617, -3.046892097005175, 24.80042363385682;
  -14.71952312319469, -5.270635745095148, 24.57158123581423;
  -14.52153159428722, -4.992514313252918, 24.6043271589081;
  -14.36780167002364, -4.927810532652466, 25.07355150934354;
  -13.9977294206573, 1.197817516197409, 24.47107296096804;
  -14.31755394784223, -4.421203630388346, 25.68209981481807;
  -14.38641091355961, -4.238510926013093, 25.87079040131669;
  -14.3367257163246, -3.845194800118292, 26.01022474996129;
  -14.37864705117178, -0.7333392628562773, 26.13670573528721;
  -14.26605489295362, -0.9755893298451617, 25.94178918362938;
  -14.0833411216561, -3.86118513209473, 25.80609489314516;
  -14.1410776347626, -2.820791843295635, 26.05464976518199;
  -14.0238473673542, -0.8886070628576764, 26.11595663971508;
  -9.00651009213529, 1.376290260386074, 17.60034650279289;
  -13.81430526588529, -3.960350499218717, 26.35817860222652;
  -14.06260848166152, -1.15947232472094, 27.21045242160352;
  -13.90350503297964, -1.266009695839778, 27.36600282190237;
  -6.406234399753176, 2.291176726403493, 13.3462668014742;
  -6.407274010622984, 2.245407183754216, 13.37676044433443;
  -13.63995242837778, -1.085169606361959, 27.36962615859455;
  -13.90561259018377, -2.022741698042859, 28.186548050193;
  -13.01793974013183, -0.8649692506615588, 26.57267852453433;
  -13.90663208402533, -1.910704203830675, 28.75584608682501;
  -13.33139783817921, -1.704126843248328, 27.8366848195854;
  -13.31748574178743, -2.050839313328357, 27.8540027170372;
  -13.53450127255206, -1.559384976051321, 28.4252107854744;
  -13.545344962752, -2.166468318741419, 28.63378335986584;
  -13.30231673060319, -2.922583689174207, 28.29960832854107;
  -13.24591483807268, -2.223245952465443, 28.23846241264318;
  -12.96438799528274, -1.452834204686785, 27.68385349921835;
  -13.45602356201061, -2.454541020348816, 28.74298021847108;
  -12.99269810598642, -1.442483323249376, 28.31910302689174;
  -13.38444091438531, -2.13564485556305, 29.49004663224188;
  -13.02216400753053, -2.803131505205866, 28.76202928185527;
  -6.003563630265218, 2.337096605189427, 14.05063619769918;
  -5.986003684206712, 2.237110301916998, 14.01867346420272;
  -5.999564078369056, 2.152650539021252, 14.06176313498731;
  -12.75738103862062, -0.9804858719129476, 28.625408188368;
  -5.895027721265663, 2.230648788272585, 13.96292360869961;
  -5.959923012400339, 2.241832376903548, 14.10480702409038;
  -12.32253249742236, -1.014612626099951, 28.4392716286152;
  -5.839168875535723, 2.267532840554922, 14.24233001692074;
  -13.37105990914921, -1.600282972724337, 31.05223336044967;
  -12.89411768516899, -2.129889405251887, 30.0929015896136;
  -5.82166191301291, 2.226908511366297, 14.32101451293607;
  -12.54631902585228, -1.125165609328685, 30.0824643375244;
  -12.35601994346773, -2.801541653766384, 29.74515164070295;
  -5.706382920996922, 2.205899806501313, 14.54086643474682;
  -5.674695735187266, 2.324160342208387, 14.58931169544974;
  -11.72447930624852, -0.637517109177146, 28.9458452723848;
  -12.03122401339391, -0.5921308154266833, 30.03903939874642;
  -7.368152338427275, 1.358768557934577, 18.85258414789789;
  -11.79443377089036, -3.700645433214507, 29.8108574065812;
  -12.04814614685982, -3.45487312617076, 30.48303435418525;
  -11.77370164039121, -0.6984464070999999, 29.86642930984791;
  -12.03927383150512, -1.606589592726014, 30.5721491319103;
  -5.576907739474418, 2.411369026878494, 14.98573487640975;
  -5.494957741593371, 2.313294761504236, 14.8673700013831;
  -11.3324101863055, -4.405687575152382, 30.14105368699681;
  -7.424055736994962, 0.9718676131051846, 20.27743854574907;
  -11.2431997264834, -4.696684219526236, 30.91538097190158;
  -11.04995914160445, -6.964267608443055, 30.45984194042795;
  -11.13831117151813, -5.106624819258594, 30.92831061500158;
  -11.13494947524542, -6.580184854204202, 31.02110704639808;
  -11.21948982163423, -4.995850995056219, 31.35189984143394;
  -10.92547362773008, -6.587808611179477, 31.00369663985369;
  -11.31616195459939, -5.014464712762261, 32.13339031726289;
  -11.02787603083332, -5.075677970728541, 31.39860908885967;
  -10.83795307116092, -6.187660057317302, 30.90257085097916;
  -11.1864268148345, -6.211219503006317, 31.87121951732589;
  -10.85577887063955, -6.74432919849074, 30.97144582139302;
  -10.7378013671663, -6.329414939407126, 30.67513839812775;
  -11.18685977040023, -5.689273389758861, 31.90124548070468;
  -11.20993103216576, -5.377343898919855, 31.95608107376761;
  -10.79497326303082, -5.841492748463904, 30.84817965896742;
  -6.408770409593952, 1.814327554424835, 19.13943998915236;
  -5.611098794899186, 3.015970658734667, 18.39501116802911;
  -5.781766943616761, 1.685799215251932, 19.21779156604609;
  -5.470175951940729, 2.999648661465022, 18.3872759767486;
  -5.430762063055385, 3.117587056041693, 18.33461100655442;
  -5.406351655389499, 3.215199457765987, 18.45601445380993;
  -5.224044989805782, 2.78434332540356, 18.21126092757596;
  -5.214999173745835, 3.140579049316987, 18.26349685406623;
  -5.21084217390639, 3.094087417759739, 18.27459769985451;
  -5.158770021855569, 3.264414086068373, 18.22484266199631;
  -5.099337305207948, 3.008847842322007, 18.08941105841027;
  -5.101120573630682, 2.934154067518613, 18.18517857748028;
  -4.903872267543289, 3.979697602762611, 17.61478445557655;
  -5.095577182116793, 3.147016946998215, 18.30251229189809;
  -4.941501980842692, 3.532427267487431, 17.90694762725434;
  -4.997569895724316, 3.255714482285032, 18.17184628689579;
  -8.20680867929412, 0.9041757597847997, 28.96010404860943;
  -4.920847295071209, 3.028907644312699, 18.07846656082091;
  -9.714768685360053, -1.943350928623608, 34.25864249975903;
  -4.880923918108396, 3.15976610587172, 18.03745887831613;
  -4.905190357735045, 3.438019516705722, 18.14073945733231;
  -4.874134310244237, 3.350889523109377, 18.0811199270072;
  -9.41270479428607, -6.779842341767382, 33.65402960632424;
  -9.569503256422886, -0.6270934713246534, 34.26054173383978;
  -9.414785970001741, -3.960388771991455, 33.77966441645449;
  -9.521107878143871, -6.713087784421042, 34.41636514865008;
  -9.559634566841785, -1.03728090951404, 35.00003007398521;
  -9.136225640526599, -6.053202080844144, 33.97813979764469;
  -9.502713399993683, -1.708180340476854, 35.32711193569854;
  -9.152831598341706, -6.633116537093939, 34.16364578981847;
  -7.015231737977916, 0.1690427876886716, 26.89062440681558;
  -9.353854394978196, -7.71967480806744, 35.69144703997588;
  -8.694287064354377, -6.421346409289866, 33.31171947572187;
  -4.160927886380811, 3.967443992934769, 16.73602604806413;
  -4.136947992821553, 3.949126688164671, 16.98950442761674;
  -8.78490744216499, -7.307082005935222, 34.59527225414298;
  -9.996165331337465, -1.203951068809194, 39.11749757734242;
  -9.167632029265704, -2.95391828691839, 36.07916640816539;
  -9.108308506239718, -1.549713227234059, 35.85447483854387;
  -3.994362511951347, 3.984506834576913, 16.68740311571716;
  -8.704575294491219, -1.245676188234023, 34.71434739480031;
  -4.213171764773937, 2.704108636533681, 17.85790582489184;
  -8.308263047997494, -4.128262596812109, 33.78079340037862;
  -8.745630330991713, -7.678055481728031, 35.9737142745136;
  -3.86632323382903, 3.989794860419399, 16.93785343998761;
  -4.037436759823483, 2.599845094966129, 17.7619010095248;
  -8.361297764856584, -1.317696709410186, 35.07985404578525;
  -8.838607844601679, -3.020158184538024, 37.02155441817179;
  -8.131077051489209, -5.140736969043425, 34.31682085116692;
  -8.61295020971842, -6.817621110073402, 36.4786668611498;
  -3.942064856085328, 2.802602096175257, 17.77119712954411;
  -8.480375353343744, -8.062017729861918, 36.6586650452444;
  -3.989956396323304, 2.714549174758677, 18.08723298971085;
  -8.617890936246155, -8.299019889715776, 37.77981573058549;
  -6.240391967334112, 2.952122859582671, 27.95331587806638;
