m=[-15.63297832499595, -4.336100172355635, 23.0399311707472;
  -15.38992400694992, -4.076169696241878, 22.74477292281961;
  -15.46720713770479, -3.729354865140618, 23.05458440529276;
  -15.62584417115167, -0.7338369710132595, 23.35086893099595;
  -15.5223300932002, -3.816417317641478, 23.34034291618985;
  -15.24065592351793, -4.210790511220283, 23.04796931028302;
  -7.072155373974525, 2.177995155255563, 11.43512944427691;
  -15.12955811391527, -3.69410933277626, 23.37261328031761;
  -14.68256057951714, -1.469825486323998, 22.82577748716704;
  -14.73712548868001, 0.808001585293614, 23.37287622998317;
  -15.19816917449464, -1.143597751097972, 24.10335968357883;
  -15.13660919958962, -1.247097032331259, 24.3898779886429;
  -15.01130861876225, -1.084800010238415, 24.61909017906323;
  -15.28209822093751, -1.993775173973883, 25.32571327705529;
  -15.14606201493675, -1.858973166984261, 25.58188236596978;
  -14.82230026489076, -1.691618612561838, 25.22157847934973;
  -14.93244415951924, -2.63633382883847, 25.72812311055237;
  -14.73417501839299, -2.854032118110417, 25.51018192065126;
  -14.01344907040275, -1.410103946321083, 24.33015006150257;
  -14.74868912912594, -3.06361640034854, 25.58174875038148;
  -14.68133014506021, -2.236222830338535, 25.48747460828592;
  -14.63291295864161, -2.366924433969881, 25.45050796998347;
  -14.32986935104039, -1.438675061424873, 25.0428035173932;
  -14.42214354457967, -1.22750978449044, 25.42943289139513;
  -14.14910515531601, -2.234041867636015, 25.26744861473866;
  -14.3095569484926, -2.727000109062427, 25.65201958212182;
  -14.57771249955826, -2.062818945263258, 26.10472260122549;
  -14.19422930547783, -1.223437341335803, 25.62569740113224;
  -14.12840257430206, -1.053395469436546, 26.33821207093763;
  -14.30973763201551, -2.084670724863301, 27.00411701893004;
  -14.08883057477721, -3.543470868627676, 27.10456962358623;
  -13.73878658157032, -2.717749324080295, 26.63282477462948;
  -13.35032680371652, -3.694160639114617, 26.75442943959191;
  -13.34522005900685, -0.6070718133745984, 26.74163930811093;
  -13.13195799274439, -3.809071624756203, 26.43552967884515;
  -13.3636162034502, -3.635984279993052, 27.04842178970123;
  -12.80501948569494, -2.82244202419029, 26.07155317765257;
  -13.47039904452561, -0.7410201319570828, 27.36671694477474;
  -13.28398461888233, -1.566567645426302, 27.0351158504184;
  -12.81909392283397, -4.273819303136492, 27.13685395499676;
  -12.6031100247411, -4.486066538799405, 27.48796587682019;
  -7.428952453683199, 1.626625609895936, 16.82711088522003;
  -12.61932112989967, -4.773505869564609, 27.92491919480413;
  -7.308066209263845, 1.681362579170629, 16.68909526776801;
  -12.45633200882762, -6.345143963430122, 27.90960073871166;
  -12.34006202408563, -4.634593772954047, 27.71548976241816;
  -12.33397619219028, -5.783699883837387, 27.76286427728602;
  -12.16454164149316, -6.053804920306807, 27.40245417310997;
  -12.36154160345018, -6.484999539157291, 27.82637710534714;
  -12.47147033692964, -4.869904628974753, 28.05383721931301;
  -12.78298085415154, -6.165016872130079, 28.75835988481576;
  -12.31620631107763, -5.294609513221216, 27.74920200182698;
  -12.77324337478028, -5.828455244743813, 28.78300483463623;
  -12.8384850120622, -1.054261685448507, 28.95343204287523;
  -12.01351328958824, -4.963083085214096, 27.56983135969433;
  -11.27929075580221, -6.665751571698064, 30.42981802364085;
  -11.14004868561948, -0.5358438313966315, 30.31193257179297;
  -11.18949392471757, -6.542310522653547, 30.55692902713501;
  -11.27560333908261, -3.875515515414479, 30.90428515206432;
  -11.23393156589471, -0.6510199599814787, 30.77313438931617;
  -11.375088288602, -6.509098901270627, 31.3833443856996;
  -10.90716591698832, -1.002175106483794, 30.453963616859;
  -11.07221084982943, -5.912308253814381, 31.24024754867094;
  -10.90574990731968, -6.369804708467697, 30.87494581260854;
  -8.342856134242476, 0.1074784238428423, 23.90159946367199;
  -10.84452736671183, -6.687938534280463, 30.91475259880443;
  -10.94252086363843, -6.940915392486768, 31.2374776750347;
  -10.68370809428661, -3.257996497103855, 30.5446306523792;
  -11.09715579143188, -1.11118619210724, 31.7982241956949;
  -11.20856189662191, -7.405038053472822, 32.34409309648102;
  -10.69977242799887, -7.105060395787619, 31.66799722037902;
  -10.41829258258565, -1.055223791084746, 30.83515629225584;
  -10.87755799458763, -2.821206463543069, 32.22729005902968;
  -10.87347255929973, -1.523623767798959, 32.2279992314873;
  -10.61771575957675, -7.354096968177955, 32.56504309068103;
  -10.16606836669699, -1.305808666166657, 31.67870150434039;
  -10.62179905007013, -2.910192169915042, 33.12834286822079;
  -11.09368066004853, -5.506890007726057, 34.6610968024688;
  -10.42480613722857, -7.728954553361457, 33.27502283215507;
  -6.767812123724923, 2.295571046201055, 22.18589653550074;
  -7.642896555747127, 2.764479473596334, 24.89896982306222;
  -10.61115422876924, -7.691856647837066, 34.28391182769571;
  -10.43959350658354, -7.401704116543567, 34.07504857339983;
  -9.560978307062836, -1.026256633926111, 31.43065547956921;
  -10.34588769934812, -7.914268095646397, 34.38436116148835;
  -9.587037143812072, -1.452381111680692, 32.94443319688369;
  -9.637174708201039, -7.120033319657281, 33.3716998344099;
  -5.6490957826614, 1.615536431621498, 20.17490686426942;
  -9.847363541775827, -2.768331075263279, 34.523550363342;
  -9.844728196642612, -2.428494741194484, 34.81090638728171;
  -10.20179294706064, -1.309293499732962, 36.1105303543477;
  -9.312640820377744, -6.646863672760007, 34.04772479849249;
  -9.152433055053178, -1.963580709745325, 33.58861966507113;
  -9.240269004920943, -0.7421286979840946, 34.13245583637495;
  -9.166777922900408, -6.541933804370857, 33.9793347621996;
  -9.307925619460603, -0.6833948728284135, 34.70287096147862;
  -8.898530512923864, -6.627959524597914, 33.70213879265799;
  -8.852835079881992, -3.472578519462123, 33.6220278479633;
  -9.081685737118679, -1.687014876175534, 34.47537291161891;
  -9.539788015298107, -1.520040710240782, 36.17067559386753;
  -9.053193827020451, -2.376301177880555, 34.46764291503783;
  -9.076622533276879, -2.847947881806336, 34.55683593699296;
  -9.6932665623014, -3.807272212359258, 37.04816783449218;
  -9.171096766013354, -3.654755468550174, 35.53777196839867;
  -5.5478652932242, 0.9737363179837103, 22.35328793946139;
  -3.95587958352095, 2.344421232915328, 16.39433886500782;
  -3.91994975474563, 2.866976841561822, 16.40046502349017;
  -3.961055469029203, 2.554463059032444, 16.78374950029405;
  -3.944756790623849, 2.424731974594777, 16.72565234343223;
  -3.7998197452387, 2.879421547057852, 16.58364738923153;
  -8.231944293909015, -1.688081435757775, 35.61917796562909;
  -3.69059774070303, 2.909265146778187, 16.820796575229;
  -5.696270419965455, 0.7621847399189645, 25.36415337816669;
  -3.697806072390573, 3.846603513499614, 17.56457940310674;
  -3.58277171954772, 2.393926670591057, 17.51592239795854;
  -8.046806455201391, -6.766867218709, 37.5446048101061;
  -8.061171289837535, -5.734806552882758, 37.66743635442586;
  -7.852027089964062, -7.741253720373188, 36.81637595362399;
  -7.890328549124763, -4.198889776709957, 36.95376296646732;
  -3.55248626225697, 3.788075471310972, 17.47346583672748;
  -8.109363698651254, -5.037971445188171, 38.01290548133222;
  -4.662063187789802, 1.722284845938642, 22.63433968445881;
  -3.295841154717901, 2.983838475559391, 16.49805260713679;
  -7.935662860352182, -1.192165381686556, 37.50109590938655;
  -7.776566230762894, -6.325962730583352, 37.18113436286668;
  -7.663247857914102, -3.463526969274854, 36.70218433752714;
  -7.867091541315773, -2.873583272421275, 37.6448366236047;
  -3.374903620161106, 3.005148419431647, 17.2133366874527;
  -3.478342204627691, 2.405584286774764, 17.71575043486341;
  -7.504400998645901, -1.838664421002791, 36.56533203288578;
  -4.29724519428863, 1.457476198846152, 21.75010656473953;
  -3.397854769781291, 3.777869559214898, 17.5822274838423;
