m=[-1.906835316748945, 1.394623154843518, 7.977904788202115;
  -1.931594718042019, 1.245674894189206, 8.184536201825491;
  -1.751678872575886, 1.170432028502126, 8.563836493064644;
  -1.66557331820811, 1.370583907569621, 8.257886834388936;
  -1.649422800051871, 1.49327925170621, 8.256546007295608;
  -1.644625869607717, 1.464440288926562, 8.388239192768685;
  -2.258213118592686, 0.8342414241055929, 10.96363578683276;
  -1.689781538145425, 1.168634848761184, 8.606326306651647;
  -1.661463733468096, 1.847281207611081, 8.59725776916307;
  -1.674648159167031, 1.169663622262762, 8.731667128716534;
  -4.049437850479257, -1.862978382289328, 19.06083609876276;
  -4.088474188886308, -1.567718324837977, 19.24043675611135;
  -2.135433011023191, 0.7242646502771627, 10.80829541989998;
  -4.103926131030903, -0.6165280391204469, 19.39368268953874;
  -4.021999268668531, -2.715870775193235, 19.24171381487;
  -4.038839240087935, -1.825417746101423, 19.34352444913533;
  -4.061177104330702, -1.483411058846424, 19.43314728056205;
  -1.646813816984792, 1.170010840129809, 8.886037209708896;
  -1.622823144281029, 1.200176985391286, 8.77427147042115;
  -1.971241039828471, 0.7521858428769315, 10.58444049214319;
  -3.604793903990348, -0.9358580021589128, 20.27998676881175;
  -3.571497330796872, -1.045589154851164, 20.2554975449149;
  -1.942665027530298, 0.269229843485699, 12.03984257481469;
  -3.489978785905709, -1.279913604041714, 20.33882441109902;
  -3.520923631474638, -1.817134501287394, 20.65146454294393;
  0.7715390897869291, -0.5153414091248312, -2.070705468642861;
  -1.689093690608036, 0.7206437605442793, 11.42057275735185;
  -3.244290541603024, -1.692805872274073, 20.63812273941765;
  -1.409787885632673, 0.9036200167318285, 10.24838207789909;
  -3.19970235038618, -2.574680082808038, 21.2166054003205;
  -3.271732563328718, -2.435962292772023, 21.9016912771285;
  -3.129362932041686, -0.153190469143614, 20.98194041725896;
  -3.30891105251577, -1.396493702050584, 22.18353120983524;
  -3.206393979278753, -2.539016087452048, 21.93538934542085;
  -3.236053808861467, -1.151864875366689, 22.33865737248939;
  -3.20837194228115, -0.991282585381184, 22.42580669216817;
  0.6266023994423875, -0.4149425314342617, -1.722344634055447;
  -2.155200200466409, -2.538275389710777, 15.97462345750446;
  -3.108773001955575, -1.531143209054941, 22.01828836817341;
  -3.097180085601629, -1.223857082349867, 22.07381411954321;
  -2.600529856661198, -2.27460135995815, 19.1749368391418;
  -2.977508245843921, -0.3903422695891389, 21.55220148493103;
  -2.983878207161343, -0.9113512299298155, 21.97653958855602;
  -2.852293297855486, 0.09504198214062845, 21.08436480370338;
  -2.116903363193246, -2.676236414676835, 16.58157035076454;
  -3.021082135461135, -0.7854047098478054, 22.52268050728925;
  -1.896979798466592, -2.313950219454051, 15.62354970469306;
  -2.954412321289465, -0.9242378053130438, 22.84343900624835;
  -1.525179300597704, 0.5261133285581378, 12.82800689582841;
  -2.874826845144997, -0.4456330347519807, 22.76795503200622;
  -2.767933139091271, 0.1015025797213484, 22.24576429294364;
  -2.906471941792328, -0.6065592708721529, 23.32355975890575;
  -2.790902499954914, -1.031140992046314, 22.67856459916522;
  -2.857103791884105, -0.7880500299505007, 23.4201045807158;
  -2.345635173758292, -2.369779595966955, 19.82875505168478;
  -2.804099710258523, -1.517974883294037, 23.63212997849096;
  -2.297105212305017, -2.514923937250028, 20.275185799987;
  -2.63359427191236, -0.8660511341547273, 23.0551361177563;
  -2.608875131208215, -1.296772430851023, 22.91172925356936;
  -2.509585907605272, -3.003136904882911, 22.50010680073686;
  -2.532571512390892, -0.08918103142990201, 22.54370641948684;
  -2.580870287320084, -1.174605825659702, 23.03324445546834;
  -2.404480655758705, -3.233971180637649, 21.9671112305697;
  -2.429210024821372, -1.458395643039746, 22.07619700886469;
  -2.616316393809921, -0.7825493163402278, 23.52840875483362;
  -2.398186945289026, -3.288537100593852, 22.07390353707093;
  -2.610619376031752, 0.07680206173559442, 23.91277410278539;
  -2.462635219651749, 0.22501771910187, 22.58737687330464;
  -2.504458781625094, -0.5481757268089951, 23.23366488075589;
  -2.392694715624295, -2.362357227085749, 22.53236394434716;
  -2.478745691447135, -0.06483913745282879, 23.10982253538822;
  -2.521163415003079, 0.3612687607369493, 23.4443267785037;
  -1.187584275189485, 0.6956507120097983, 12.30831224333647;
  -2.402655880478343, -3.554468524699839, 22.96169006160152;
  -2.368158330901934, -0.9628057775443025, 22.46526372928637;
  -1.566648702214088, -2.911947649263702, 15.93432027239646;
  -1.608079691408164, -3.125115721871711, 16.59447486975255;
  -2.304690587361965, -2.387645135629399, 22.64857020205853;
  -0.9155173890695673, 1.078594022689152, 10.33211866803757;
  -2.418253769832567, -1.065683679441897, 23.6859561104817;
  -2.380070518383522, -0.1014429224751863, 23.35412928236374;
  -2.303405950461813, -0.6056118276369532, 22.76885576132635;
  -2.360567096169206, 0.1725562559439336, 23.22965884232836;
  -2.20347713550599, -2.17815899054209, 22.08347871936025;
  -2.310409716609729, -2.096624422552745, 23.10711265473913;
  -2.238873087230568, -2.733125396021486, 22.70572162267234;
  -1.552895800365936, -3.23598257578667, 16.70313460073653;
  -0.9078162642209811, 1.040624495309412, 10.51489775168999;
  -1.519896057226743, -3.059382222228743, 16.45751336239161;
  -2.331021030436885, -0.7684333061845226, 23.59640068617289;
  -2.288092446266605, 0.3495405459046057, 23.3949108895186;
  -2.20756430753178, 0.4771691696558257, 22.70304012020022;
  -1.805026626869962, -0.9110920933570174, 19.25370181556582;
  -2.174753009724979, -1.905215931145751, 22.81906387398058;
  -2.302470124837743, -0.5798371909028144, 24.04937919096276;
  -2.267449330861323, 0.1556918680485528, 23.66283136054092;
  -1.479959304333423, -3.363611253518009, 16.78534287695196;
  -2.256821245610951, -0.4190894241303489, 23.96711278037398;
  -2.213298404352634, -0.8061862210316569, 23.68352116717056;
  -1.355541715184305, -2.769887728283964, 15.75774731284868;
  -2.18349787732251, -2.402534407010859, 23.59298810120868;
  0.4776053909379561, -0.408151672983277, -1.595452464039047;
  -1.213432945054869, 0.7727295635798377, 14.16230554282999;
  -0.8073731405552564, 1.04498511389826, 10.36230189779595;
  -1.459412234982635, -3.301194334767782, 17.15858027987844;
  -1.994500157176556, -2.76565996125701, 22.25589664028769;
  -1.959106288475562, -3.051702849483096, 22.93986978118915;
  -1.394815805553079, -3.113409034031584, 17.31915604454811;
  -1.898563113384824, -2.378997895328504, 22.52060576647227;
  -1.888003068668657, -2.533966385876889, 22.56332359351885;
  -1.148492746893405, 0.4491236741059751, 14.75203833571236;
  -1.902437264694774, -2.755900535061647, 23.03117237560752;
  -1.986823150012034, -1.526222702280659, 23.92647148730202;
  -1.308528981669445, -0.2654104961174287, 16.93596744017282;
  -1.834327678905161, -2.952963713548999, 23.00796811673558;
  -1.909589425295817, -2.629415697110507, 24.0568127067637;
  -1.76478862179915, -2.618197788447655, 23.05449305393468;
  -0.9730702051501677, 0.3560444061828643, 13.90651178390723;
  -0.6770360962365408, 1.198624568043999, 10.59478506169122;
  -1.790420073836659, -2.182524008377023, 23.93041265974955;
  -1.808176826011855, -1.98397364043012, 24.44911572248715;
  -1.668780990411064, -2.456414856195517, 23.94917301591255;
  -1.073299559948961, -2.827270005757516, 16.93530941144538;
  -1.38561407131012, -2.852908231530095, 20.9880139042873;
  -1.478789053371093, -1.986646761299236, 22.47394251582133;
  -1.041348660171647, -2.954623162277102, 17.08451013782691;
  -1.147180035852212, -1.086211009603679, 18.26331848774857;
  -1.160041269020997, -1.024190550361022, 18.88406801318523;
  -1.098747347555043, -1.244570268441243, 18.39510964485709;
  -1.3125515642127, -2.726173712103299, 21.64637295245825;
  -1.001988530164206, -1.437520630439857, 17.73735268212156;
