m=[-6.8572489956372, -2.55800918500534, 12.56835583429535;
  1.614354814135594, 0.1029264926939698, -2.486053158104183;
  -2.231756281766445, 1.12663203869557, 7.63255827522819;
  -2.139569873576237, 1.451131773412261, 7.416607181774579;
  -2.1865142385365, 1.130195175594917, 7.721055145604668;
  -2.90108108348629, 0.7535186620268968, 9.786579843084555;
  -2.126538344520589, 1.153263497914514, 7.862001561732886;
  -2.730232405753927, 0.6896553941030239, 9.724012960885574;
  -4.760453931777958, -2.267824549643024, 16.37997669800395;
  -4.898395183909303, -2.540050226535282, 16.90891535334061;
  -2.576925117632935, 0.7219266188697874, 9.586469777514243;
  -4.802893257859294, -2.616754551135948, 16.75872429226378;
  -4.893589657636748, -1.694254575104023, 17.11559947187035;
  -4.889167037130852, -1.253816165824189, 17.08722468726928;
  -4.88066756058323, -1.082133539929106, 17.05823851885949;
  -4.881640853400121, -1.366116863999367, 17.08024196171865;
  -4.885747824142645, -0.9486850494736441, 17.11656326957032;
  -4.861629903784293, -0.9163129134798792, 17.24258076446157;
  -4.559922652317701, -0.8574542029988536, 18.03987363970629;
  -4.421712793472089, -0.9446875910883605, 17.63507524554865;
  -2.14867233540692, 1.366908889008288, 9.437761141846874;
  -4.440311143620903, -1.192161080733217, 18.05416608763336;
  -4.431486652151486, -1.665963695126024, 18.08966637970558;
  -2.274652422398259, 0.664533337501779, 10.0544122728775;
  -2.046100081980876, 1.339800077807632, 9.492224884780786;
  -4.211397768171767, -1.562701990641739, 18.26420299326482;
  -4.112545368108596, -2.275887022745915, 18.03616683705005;
  -4.121006128591835, -0.2023203635532959, 18.10699512480155;
  -4.303473373832289, -1.04963053761585, 18.89291576234312;
  -4.026692642219107, -2.271702696668739, 17.9978747739434;
  -4.033193960993472, -0.2596804841823587, 18.02241243783962;
  -4.278569732025467, -2.045556180368083, 19.11742498328147;
  -4.236266977034111, -1.25431071472309, 19.11200153731138;
  -4.039807279486728, -0.1335782302660768, 18.27484314060617;
  -3.956964259773427, -2.171112521647071, 18.11283320514681;
  -4.082808640192746, -0.2763923664730327, 18.85826855326211;
  -4.171318242947184, -0.8928935220125377, 19.39694126148391;
  -4.126290011548755, -1.402083083776913, 19.33805070709551;
  -3.509824341456055, -2.076763512901805, 16.78503770130439;
  -4.123777016978235, -2.02290676938302, 19.3999448993217;
  -4.10187997491247, -1.116879817544142, 19.31256861569242;
  -3.982670581080628, -0.3652745397639557, 18.92304715088536;
  -3.890920785944789, 0.06634021364738701, 18.74835246221323;
  -4.050853123729802, -0.8468251560364235, 19.5016670949406;
  -3.996718740069811, -0.7107706870214645, 19.45116359686928;
  -2.877929036316301, -2.267830861838053, 14.65781082828592;
  -3.899535900795448, 0.260866894743827, 19.09264396080383;
  -3.805709274708109, 0.09274762263752366, 18.7801550197282;
  -4.082410560075439, -0.6364130118237071, 20.13053774493417;
  -2.131585378743105, 0.3758265648873684, 11.34140632654008;
  -3.754993820255504, 0.3965319096975062, 18.75901291280426;
  -3.946772992723927, -0.8338959921195015, 19.6872692149625;
  -3.828323155422721, 0.3226528205419267, 19.24506069675559;
  -3.766477383502318, 0.2069137568594079, 18.99376332750387;
  -3.961718593500287, -0.5520648150578508, 20.24136887218387;
  -3.921130716049114, -0.9821666632799215, 20.18105613137299;
  -3.850478583451584, -1.348579277952933, 20.32099795760199;
  -3.869173871862504, -0.8345627881801353, 20.40911841069398;
  -3.676400457077755, -3.160586817406938, 19.74752068266801;
  -3.738034179728305, 0.3327435117266969, 19.96119054890424;
  -3.678059061202768, 0.07854794542131531, 19.68376014516496;
  -3.664515803599538, -1.164949904112312, 19.84382004765538;
  -3.745767656295238, -0.7868227106983463, 20.26954109082524;
  -1.900173766162842, 0.6562552602014584, 11.12691733778553;
  -3.653604194880304, -1.072339135066355, 20.01356182924246;
  -3.650743148874308, -0.08807800611045911, 19.97938409817486;
  -3.51941076355292, -0.2970248106865687, 19.4323524581024;
  -3.611545979016587, -0.7002344347436977, 19.93029743948162;
  -3.480801554844124, -2.996192136870394, 19.37714097697115;
  -1.492649052819272, 1.088682742877598, 9.35906876743416;
  -3.577471300380505, 0.1897954447742712, 19.98369229499919;
  -3.481187114444947, -2.141244659938823, 19.68203644238694;
  -3.559387830639222, -0.06961813241740626, 20.07538709684908;
  -3.478508203199399, -3.178148663908459, 19.83578282029474;
  -2.715182215463479, -3.209561272259296, 15.89857018464875;
  -3.593201140656407, -0.9183551235384276, 20.40874514626722;
  -3.528307805493451, -0.7000195851244849, 20.06422669641011;
  -3.438212489414308, -2.046606601372583, 19.68279671229028;
  -3.386521297744013, -2.694829925510409, 19.58847210565283;
  -3.419974662344035, -2.174353572528053, 19.85741360279754;
  -2.427977772243974, -2.860227152421199, 14.71630117552797;
  -3.530838478897889, -0.9648826443345412, 20.51433070093281;
  -3.475994538264871, -0.09261335975352271, 20.25694641973321;
  -3.464568889574001, -0.5771136676789368, 20.23051216850865;
  -3.427432987185186, -1.886968981290304, 20.12265003389291;
  -3.397917040154582, -2.370720843823847, 20.05195562628349;
  -3.449072521964855, -0.7067720729094574, 20.45941928493678;
  -2.3432515256875, -2.769249861396939, 14.61136022337574;
  -1.868814869984419, 0.7230763068376329, 11.99566945345002;
  -2.398986361600997, -2.762981755433049, 15.03414876021772;
  -3.416776291723687, -0.02556746498239558, 20.50923741320391;
  -3.361047736352075, -1.766872486643829, 20.31747714767738;
  -3.426790916318125, -0.5334574185523078, 20.70905823002737;
  -3.0440673381208, -1.823212648906796, 18.66668498613588;
  -3.275559106471863, -2.391045124133655, 19.99042089313337;
  -2.315613749341544, -2.958208004297083, 14.75903914619701;
  -3.473545539826223, -0.1592917825800588, 21.12055569740532;
  -1.366620878186163, 1.108205639460997, 9.483699313535974;
  -3.111160516456375, -2.511081117403073, 19.49389477112943;
  -2.305844497358346, -2.829258213304632, 15.13442591176505;
  -1.890904752214449, 0.3866073484952302, 12.6753941897503;
  -3.226729435218701, -1.992365730274241, 20.51403373980467;
  -1.319014525897856, 1.058495812343247, 9.462386911398127;
  -3.203037272353544, -2.843072826386093, 20.62010896679938;
  -3.037249788512649, -2.156838582482335, 19.66806863736698;
  -3.352785226952773, -0.06812724004172822, 21.42077421522205;
  -1.312030988145496, 1.130916037358509, 9.542835158074196;
  0.7169380783217013, -0.5138603038195987, -2.075582641057309;
  -3.060824889310651, -2.32953375401827, 19.97951621828906;
  -3.138120462573887, -0.1347907824609015, 20.35184475010927;
  -3.267454230463339, -3.120473568136879, 21.32060146214223;
  -3.086914944167029, -2.513623869954015, 20.26532375261188;
  -3.195075867268032, -1.395058815678301, 20.98453753662239;
  -1.757556533313969, 0.3219780257042375, 12.39563723007946;
  -1.841342227199583, 1.124321221538939, 12.80960350838752;
  -3.039563387025074, -2.698513228557672, 20.32542326945943;
  -1.672654013957077, 0.6797264965385315, 12.03501813852054;
  -3.141171247407838, -2.389461304534695, 21.13637120959552;
  -3.157633376057129, -2.184187110877599, 21.26805948551627;
  -2.210840174541575, -0.29303763338308, 15.55957625204237;
  -1.686170728320507, 0.3950271347899337, 12.51086732280183;
  -3.046849153508206, -2.006177469364431, 21.16550267197516;
  0.6749787826067917, -0.4966738306561321, -2.037971576385767;
  -2.065086884444483, -2.672956951633357, 15.35344360145295;
  -2.940603896870505, -2.261243598793128, 21.19672609661632;
  -2.595630127478337, -1.764798241721782, 19.23919564041423;
  -1.227725570198095, 0.9340126190788411, 10.75736853050687;
  -1.959956524939126, -2.402942444301186, 16.64855379525622;
  -0.9570293948636026, 1.770442084129412, 9.030279893104618;
  -1.90526032501624, -2.095011711903118, 16.35048802627178;
  -1.909124084305898, -1.750942492155224, 16.3070307676112;
