m=[-16.01203593060381, -1.998628896679786, 22.86760670931363;
  -15.80975479378757, -2.710417596206488, 22.68026444544937;
  -15.53707410726552, -1.365038317284849, 22.30508160552888;
  -15.94177470466223, -2.94675833279533, 22.91433389977191;
  -15.61475642698991, -2.657769053221966, 22.70509765037352;
  -15.66268861366956, -1.156881463603682, 22.86395071700134;
  -15.59684334217571, -2.751085005656031, 22.91369186383609;
  -15.06680718987078, -2.097826859565283, 22.24331103328989;
  -14.89424472660959, -4.704278307021645, 22.02921596753779;
  -15.36219851064411, -2.57461718208825, 22.77055301725581;
  -15.25761781482841, -2.84070656301777, 22.62845824300379;
  -15.89488726376364, -1.979097617723845, 23.56451258354219;
  -14.81565843367526, -1.10604768640773, 22.11685437586796;
  -6.746252751621149, 2.08217559645843, 10.70959674690013;
  -6.785322188239217, 2.036262761726561, 10.76640821396602;
  -15.51065968674167, -0.8559780147395568, 23.45553918367805;
  -6.700457413419613, 2.068732401273319, 10.76302735465957;
  -14.53484133763437, -0.9266985347004264, 22.38317617265403;
  -15.42260283741837, -1.862449062699716, 23.75394202179425;
  -15.51546441811417, -2.309940219442194, 24.12366598883364;
  -15.51065449979184, -1.977795068750955, 24.1786656705296;
  -15.3248303919425, -1.923219493005662, 24.09553825542343;
  -14.93895790355269, -2.582052981436294, 23.84914854530213;
  -14.49507385631072, -3.501154323396825, 23.85245547922138;
  -14.5841694657754, -0.552756461399546, 24.02534653790047;
  -14.56251359678211, -3.695337520121762, 24.05030047572022;
  -14.42507546044938, -3.419748667556039, 23.96628717625403;
  -10.29185962934174, 0.4994063907128739, 17.42189934639995;
  -14.27523899063733, -0.6547159000252604, 23.83841495093342;
  -14.28678065598887, -0.4412300575852226, 24.03091591678442;
  -14.10265220495657, -4.369203480709399, 25.09694871081029;
  -14.45244791827862, -4.896363399534778, 25.87484494804527;
  -13.90353651865416, -4.565180983689086, 25.08113776878116;
  -14.17139483058191, -4.60187820931399, 25.89602160648994;
  -13.79062761728889, -4.657167547552285, 25.24749572114552;
  -13.69094163135595, -5.107230970708857, 25.09353623281401;
  -13.27566718674639, -4.75049496387023, 24.73442061481164;
  -9.942933399985106, 1.168060011116022, 18.85549838631152;
  -12.93847616770561, -6.471818941354424, 27.91245260655691;
  -12.75918270337707, -1.209615255407619, 27.52704050287006;
  -12.53938494902363, -6.194560013410231, 27.3459299970927;
  -12.78778946495922, -0.6102368568489061, 28.03364254215675;
  -9.329001343284777, 0.1096671429432533, 21.01365818033551;
  -11.92260475171816, -3.41343162606552, 26.63331743998322;
  -12.34842827533218, -0.9663329734104268, 27.51608204926014;
  -12.40703375335322, -5.571984147963099, 27.86938244434669;
  -12.57829999831691, -6.175118207306144, 28.31713228979223;
  -12.42077644037462, -6.429693668786157, 28.12647519256567;
  -12.60980664374712, -6.71387539067896, 28.59974493352361;
  -12.35344202227025, -3.139478991968055, 28.06087430556579;
  -12.07787176806762, -5.982519435512971, 27.76141095574106;
  -10.74641040195891, 2.855511108901857, 24.78435951549485;
  -13.29442907147401, -1.11250756626653, 31.16045074468084;
  -12.42853756183809, -1.464139741116374, 29.22263128129164;
  -12.05842435121902, -1.271361295245684, 29.56532695324148;
  -12.03104989592859, -2.702847691273098, 29.54834493848517;
  -12.43647168780373, -1.848907782677971, 30.9406024616908;
  -8.459387261203899, 2.574601684107391, 21.36799619696504;
  -11.883385267173, -1.228927691655548, 29.78745936214595;
  -12.07362371106034, -7.197947155188064, 30.53924867971035;
  -12.1198749685672, -7.066945023485643, 30.92833402815456;
  -12.54949700880747, -4.102143623017059, 32.137012242123;
  -11.80233813466723, -1.034230256513702, 30.27303246510418;
  -12.10293133735985, -7.522509681752842, 31.82611480777087;
  -11.62468368528975, -7.036214373874371, 30.751640038119;
  -11.73561612142282, -2.554818733863331, 31.59602338266156;
  -11.66713265456009, -2.668225947745164, 31.68329619210438;
  -11.47741265555138, -2.288988274248162, 31.39887082612147;
  -11.46074863342158, -1.20872305036493, 31.44949375812891;
  -11.27475964432412, -6.483179907157727, 31.62758181003823;
  -10.90310303392641, -6.252325858003069, 30.93194203235996;
  -11.30469229672697, -0.7301514309942672, 32.06408514755083;
  -4.642882667494999, 2.625856339277527, 13.88774733134514;
  -4.611961688335507, 2.778257219719697, 13.81695524938031;
  -4.592834452413713, 2.626258246806136, 13.83714099072008;
  -11.04211009194689, -0.6451520775446172, 31.57881577572797;
  -4.55435681768275, 2.673149450385763, 13.78537124381824;
  -11.25312053441071, -6.701296616131873, 32.47402277106392;
  -11.17973098692914, -3.508023742995375, 32.38096476123831;
  -4.648812895293385, 2.333951997936489, 14.1664542380927;
  -11.07595868703996, -1.641977125897338, 32.12447736083311;
  -10.87232764413254, -1.376577595648837, 31.56173024654297;
  -10.61620083433732, -1.063482732660975, 30.8505030540291;
  -6.69926656489154, 0.9317806461419371, 19.9896127074114;
  -4.470291748145808, 2.621623901767657, 13.9367391588898;
  -6.420977987867218, 0.6866233565069891, 20.90200121996191;
  -4.349084725307262, 2.195498778502129, 14.87377581549306;
  -5.541382596955621, 1.439303170120052, 18.69343933021503;
  -4.260269857222033, 2.889465321734033, 14.76780375793828;
  -4.148717751663057, 2.755230885969949, 14.63731123639657;
  -5.407956275421637, 1.504012830250892, 18.70692465461066;
  -4.206109172903775, 2.174110834248755, 14.85268209099822;
  -4.212011756721709, 2.275834733900283, 14.89013735193709;
  -9.765258850150101, -7.751899307618023, 33.43194686648932;
  -4.253557789477026, 3.523318902021424, 15.21835419578844;
  -9.649177873942255, -6.226361332485138, 33.04684209538719;
  -9.740055969752072, -5.312250757256484, 33.40674841999273;
  -4.196502033339074, 2.169303013773531, 15.08844807846154;
  -9.667580504688733, -5.013099010803977, 33.37180735485844;
  -5.279001864239289, 1.333473334899929, 18.80172634396185;
  -9.973438433747562, -1.17013293797635, 34.58500184706421;
  -10.07677038906454, -6.718150096113202, 35.05656635989811;
  -9.905967398712283, -2.540363617832441, 34.62051703307984;
  -9.92887234276499, -2.201413155559512, 34.70203011039602;
  -10.01295038674989, -3.466675424361842, 35.02084570656124;
  -9.923587593092835, -2.777094991094348, 34.72137387990719;
  -9.978111063512261, -4.689542898845224, 34.94843076086947;
  -9.959078704021282, -1.933793845509064, 34.89029865636262;
  -5.065999495229431, 0.3990160623836184, 18.40994336008872;
  -4.167643577610289, 2.160350814856567, 15.37812369874326;
  -4.101158170638159, 2.224138600443213, 15.16234683731498;
  -4.928272023772827, 1.380657410123344, 18.33376161689338;
  -4.117206202225996, 3.446937481038523, 15.7167817597749;
  -4.012088744603935, 3.408034125455946, 15.60506607317826;
  -5.673867095281556, 0.42331802273746, 21.7996792358845;
  -7.296576932769758, -5.758086871092219, 27.95184932253524;
  -7.536246700616944, -6.156126986380223, 29.04067910187937;
  -7.44755212830075, -5.822363804410172, 28.92604033898451;
  -7.384462811213255, -6.041738742981237, 28.8986488153674;
  -6.446482167047397, -5.699209184561878, 25.73551625911523;
  -4.638476459179147, 2.592984247618682, 18.82883567747999;
  -7.213394789759844, -5.785102692302966, 28.75415805814352;
  -9.552223084951043, -1.796213325682369, 37.79031149644951;
  -5.39865309694242, 0.4384525953193795, 21.97980503545168;
  -8.950633301196504, -1.912279835204534, 35.69772600222824;
  -4.347679780137829, 3.165251506115644, 18.09959903018442;
  -4.934656339423465, 0.4843069181705411, 20.55370856741446;
  -4.505113393156647, 1.252367577297978, 18.89383237550646;
  -9.32087654762168, -1.458796797373733, 37.792841725337;
  -9.026255098827924, -2.42342252277786, 36.70047062753758;
  -8.954525173712678, -1.078679639594765, 36.5291383547372;
  -9.33145459847418, -3.508047254577029, 38.09170912019189;
