m=[-8.376423975141444, -0.8272377125624383, 11.00508740520497;
  -8.502604640079241, 0.3620335988169336, 11.21082531735824;
  -8.127526734871674, -1.350129201634704, 10.7796303794663;
  -8.240619243682552, -0.4063233712358677, 10.9555170906193;
  -8.253980907663124, -0.4839169476226041, 10.9771456533106;
  -8.310188838622549, -0.7378219809311174, 11.08441786725255;
  -8.496129222794407, 0.4079289363119989, 11.32085366023033;
  -8.293044096802806, -0.8744216085319886, 11.07896011709318;
  -8.412629580115848, -0.815410762460078, 11.2251134363768;
  -8.184835764121347, -1.923642083835899, 10.95610688458541;
  -8.159246199356641, -0.4515433123400165, 10.93185957737343;
  -8.190200254937725, -1.126451331914918, 11.0685787481827;
  -8.095874057378946, -1.45828836531505, 10.9656322512492;
  -7.928766075198738, -1.355982765809425, 10.7615013879748;
  -8.132044908960376, -2.280665937330683, 11.0314205313731;
  -7.947256243439515, -1.414362354382051, 10.85705601704529;
  -8.172693684690637, -1.090174017335766, 11.13654806309611;
  -8.205631208336451, -1.726371772473504, 11.27108107028167;
  -8.221806373562362, -1.412538732603387, 11.35829943073083;
  -8.109417474255256, -1.937099505335503, 11.22789754338732;
  -7.99214403306552, -1.3302861645752, 11.07903974491615;
  -8.106031586330879, -1.586416578689686, 11.22778091765323;
  -8.224175129427906, -0.5537889909251473, 11.4007709991466;
  -8.247340441878047, -1.683790327866477, 11.45880585371154;
  -8.224138578136987, -0.4220245965484777, 11.46551278422548;
  -8.072364908703944, -1.946911028073691, 11.27720817394829;
  -8.074480938150469, -2.448247348581405, 11.35802951291463;
  -8.049306620955022, -1.986058511305539, 11.40342847172468;
  -7.999042514037495, -2.48422020519191, 11.53793312251453;
  -7.856209983197621, -1.476790247520218, 11.4316088329386;
  -7.898855639820701, -1.565463397018766, 11.49656951430682;
  -8.014669977757761, -2.222288554731977, 11.65698098001337;
  -5.371196505088484, 1.12070467017423, 8.175975820236218;
  -8.001668347195905, -1.733266627851763, 11.71241470645138;
  -7.872072481034194, -1.755518163478661, 11.57621316200161;
  -7.895765345097685, -1.458324327956705, 11.6641296324032;
  -7.840755158283367, -1.579273645108089, 11.61008629921344;
  -11.54109228080315, 0.1431773414873728, 16.63588767773521;
  -7.799896592444846, -1.492879415213604, 11.59792198371358;
  -7.822298163881738, -1.768814130450632, 11.64316258960415;
  -7.772332828095232, -1.538020273637029, 11.65739210911202;
  -11.71782584174953, -0.3178480069054909, 17.08884888602493;
  -5.384563104331941, 1.116774120631687, 8.45972319767575;
  -7.787419864686138, -1.843533836952334, 11.82887718328232;
  -7.16929007017147, -2.40630933484641, 11.01369073146781;
  -7.4469512463583, -2.098598618657413, 11.40933464345342;
  -7.214866869877046, -2.583760222884952, 11.1118574296603;
  -7.822227860875799, -1.742788454440145, 12.02438200448554;
  -7.56164533534067, -1.990362092939056, 11.68359495441048;
  -11.77619742086965, 0.1247799520215226, 17.75258378343715;
  -7.631185232853702, -1.945509891100686, 11.88204803247124;
  -7.660776219259291, -2.216922823538642, 11.93381023321904;
  -6.979161903258329, -2.530074857327275, 10.96708145448237;
  -7.613141651726765, -2.112271228477132, 11.93283892202751;
  -7.583677838315881, -1.864512485131589, 11.95832353742232;
  -7.552982349954762, -2.169643761244993, 12.00234464800316;
  -7.625901694355269, -1.940466181300658, 12.14127330727531;
  -11.5445287355864, 0.7286809585646721, 18.0947774012386;
  -7.560522166503107, -2.167865466252613, 12.2462755981796;
  -7.478825526781241, -2.218149208329828, 12.1835020060094;
  -5.485426135731578, 1.262212634399976, 9.223213900478603;
  -7.378969570621329, -2.320960464957657, 12.13283106300994;
  -11.88178629564604, -1.613907511814122, 18.99943847477273;
  -7.47876964026857, -2.597926857187694, 12.33988982057196;
  -11.60460379114888, -0.8263300466224018, 18.5968928056599;
  -11.95227065983875, -1.839442852570032, 19.13354184595655;
  -11.89625674953928, -1.708776964600235, 19.08998242531525;
  -11.97655228168084, -1.512545798182484, 19.33967204053102;
  -11.81607014719034, -1.582653717989239, 19.10416478763239;
  -11.88070885107063, -1.702102362023752, 19.35821404523739;
  -6.072284012092158, 1.715313722884921, 10.40138903079843;
  -5.985414028322696, 1.658291824825915, 10.31349860132755;
  -7.294112010754776, -2.765238009453838, 12.40675663908388;
  -11.90891786395703, -1.685289734466347, 19.6795664319805;
  -12.31373258698996, -1.06177117432195, 20.33898407289202;
  -11.96314411906734, -1.24700266898468, 19.79181749051838;
  -11.8091961383078, -1.372401241071365, 19.57040641266662;
  -6.247526380437352, 1.532013282748846, 10.82003960432243;
  -11.96953377845623, -3.513175677789785, 19.85424381938079;
  -11.9160919734222, -3.331258701936906, 19.7715912687458;
  -11.86572574486966, -1.617119095244031, 19.70550222350278;
  -11.28245948801119, -3.065101030281435, 18.834469033574;
  -12.02217042649331, -3.471031312422809, 20.04820999475851;
  -11.91495561411122, -3.739790339732918, 19.89370062332967;
  -12.01383675655219, -1.723412496662336, 20.05875613027275;
  -11.92099024515067, -1.290826813468923, 19.91770997264483;
  -11.95572175353176, -3.548821919972706, 19.98203343567401;
  -11.92266713769475, -1.503054992123561, 19.94514353900593;
  -4.573906152121132, 1.801127525409276, 8.276002283742152;
  -11.90658504005004, -3.664999866300634, 20.02040437872915;
  -11.89431862937001, -3.466543939725832, 20.00493548357976;
  -11.85011104482215, -1.369565008881721, 19.96295427378754;
  -11.79017356393092, -1.233819894929524, 19.8921605800909;
  -11.86848254909998, -0.9827535482265543, 20.0210038630659;
  -11.74830600393795, -1.81226234244454, 19.84348017962474;
  -11.93188564635385, -3.637903920475479, 20.17642573822355;
  -5.7900830944346, 1.712578664987381, 10.29841002889459;
  -11.92936557682153, -3.549412999969626, 20.19078517932277;
  -11.90055849245942, -1.762603541918513, 20.14385209810692;
  -11.72877048031339, -3.90373484974543, 19.89620107937438;
  -11.87075873721803, -1.628873120547523, 20.11737757591677;
  -11.82035916533706, -1.49679217837069, 20.04493596592597;
  -11.19762493063239, -0.7746888278106928, 19.09660563326561;
  -11.98808361020124, -3.440881246437167, 20.41439239031308;
  -11.92744326566933, -1.459680427246507, 20.32693289761974;
  -11.81373761704809, -1.112391188404609, 20.18704983630183;
  -11.87667963589142, -0.9867742657150859, 20.30055769912471;
  -12.37579555160677, 0.8976494880888229, 21.3251404672664;
  -8.845277640663779, 1.436870206362196, 15.63288200861653;
  -5.816162461327315, 1.557748183124686, 10.64389170956136;
  -6.11365420050884, 1.324841222449799, 11.16028227853675;
  -10.96638937057312, -2.399322613799233, 19.25914414425174;
  -11.53974184021334, 0.8357777365800585, 20.20708936011555;
  -8.777455387245116, 1.305730078447584, 15.65153562849328;
  -5.68202275616927, 1.746633758851306, 10.49265094766506;
  -11.73638758236272, -1.168504121351157, 20.63233408621085;
  -12.02106527270834, -3.791044488575398, 21.12943212893047;
  -8.629786466812652, 1.363360359533838, 15.48148152690334;
  -8.659157661746979, 1.286071169229698, 15.58455208657656;
  -8.631518212760827, 1.515655183343275, 15.63152974914218;
  -8.578223176886946, 1.344907090274321, 15.54111414424937;
  -8.554536830128921, 1.42830748192282, 15.53390955441433;
  -11.54659818067603, 0.8999252616093252, 20.67619554524203;
  -5.477983665512208, 1.730367146083227, 10.39780346131161;
  -11.89459107904869, -0.5777912624493287, 21.42372082415476;
  -5.47175910511336, 1.674069863625644, 10.44723296072752;
  -11.64061843339206, -3.971606748084418, 21.13587275352093;
  -5.540911530729002, 1.486273301376635, 10.61623902589556;
  -11.54557073001567, -1.154826268630004, 21.22520711824724;
  -11.58183711845332, -0.6081138621498738, 21.31018835398378;
  -11.40582303557693, -3.475687154165601, 21.07766516357602;
  -11.83426027081589, -2.996183587985606, 21.87631650650495;
