m=[-4.026301484365183, -0.7979671849375757, 5.860172284603465;
  -3.976421777917284, -0.7344332516864944, 5.874224608199088;
  -4.078481728244885, -0.9932404733839252, 6.007902080291594;
  -3.962179729531951, -0.7980565516601693, 5.866941087206643;
  -3.940411494906713, -0.754184255970172, 5.85912704867432;
  -3.98476181597423, -0.9010527160828257, 5.931150760585568;
  -3.9420790050276, -0.780074343715051, 5.912556976534801;
  -3.941542812721981, -0.8165917106838398, 5.943110289752882;
  -5.931722442195784, -0.02962556051990952, 8.967125452949439;
  -5.899178912166766, 0.3723512187389285, 9.246313271904766;
  -5.863940070079452, -0.4175540982446592, 9.397224314134473;
  -6.017899398394259, -0.817413543952492, 9.62285522750574;
  -5.993954022106326, -0.9224637057161174, 9.595295602706694;
  -6.026522218953929, -0.8656489651502173, 9.670790204663147;
  -6.068106977692189, -0.766354915518476, 9.7987464251235;
  -6.016155667353133, -0.8058086162599939, 9.726891244335754;
  -5.978499344783908, -0.9280793549402873, 9.7292171768977;
  -6.002433239905439, -0.740291574479401, 9.785412907887512;
  -6.022022757205188, -0.8522061575516172, 9.951432889129002;
  -6.156166416495433, -0.5308252391537041, 10.16833602732804;
  -5.976515520149787, -0.6945584797705948, 9.904386064139096;
  -6.055792500256677, -1.777434553043009, 10.04493433454187;
  -6.031868137241712, -0.8906539836297064, 10.01163507267984;
  -6.017695807228563, -0.8201209945752159, 9.993633820584178;
  -6.05030854086399, -1.899032289027503, 10.10184432816296;
  -6.03406002007235, -1.791092575346862, 10.08494439395362;
  -6.056608701729434, -0.8688344394443005, 10.11234290812388;
  -6.032684071904188, -0.6532301593291324, 10.07946900633194;
  -6.008584970920322, -0.7574843390190109, 10.05161750531694;
  -6.024668986130791, -1.854470526553442, 10.13021860966944;
  -6.035267822651255, -1.75895078542571, 10.15065655969047;
  -5.986712325545472, -0.6264983914295397, 10.10066919548003;
  -6.002310533733622, -0.4970131564992412, 10.12532831270119;
  -6.016270475116199, -1.834296321365954, 10.17331527136638;
  -6.050218592479426, -1.800156461507834, 10.24016433246442;
  -6.021411513791488, -0.8918372417801036, 10.19233030386851;
  -6.017308026093831, -0.8256785870838219, 10.1975333027359;
  -6.006844824947658, -0.5446909721086333, 10.18356680619139;
  -6.001306203286443, -0.7599352997181543, 10.17700028181511;
  -5.757554469073877, -0.3983267121674488, 9.819023925972871;
  -5.947793795422213, -0.7278909649870229, 10.13632198246653;
  -2.771871025571918, 0.8755693424254114, 5.261309982622261;
  -5.99641963441638, -0.5646277731507552, 10.24654736064717;
  -4.480359515461819, 0.6773820344756673, 7.938185696568267;
  -4.442751309579828, 0.6609015665759461, 7.922100123854725;
  -4.384585988794632, 0.6926904568355933, 7.865766696509497;
  -4.385353555810889, 0.6513193309693686, 7.89265810582322;
  -5.970024137073249, 0.2008433123051077, 10.43673032827525;
  -4.359167382693261, 0.6834370008550301, 7.897476723485063;
  -5.962683119907232, 0.4318534912569636, 10.44117557380213;
  -4.345546077809537, 0.7255537148563763, 7.890937999061252;
  -2.669589318089851, 0.8849797266782348, 5.272911194792648;
  -2.615029302203474, 0.878181975575873, 5.218347189719028;
  -5.933687101086241, -0.2882345881696437, 10.6873498270549;
  -5.926401657838668, -1.784957487024105, 10.81533615433229;
  -4.137282476619451, 0.7411026990889863, 7.884156923137573;
  -2.555083898572538, 0.8858364361159198, 5.25665628899892;
  -5.90591883108274, -0.5907295850520246, 10.85735416157445;
  -5.892102052076707, -0.3093696533998623, 10.84126837965901;
  -5.869468226639492, -1.788598267172935, 10.84662506015269;
  -5.988269378888133, -1.516102740929865, 11.06966327095466;
  -5.880910803368217, -0.6433685873423078, 10.89609640681155;
  -5.719553762121306, -0.8437142613013121, 10.63087113510665;
  -5.916396739721813, -0.698815913943779, 10.96916653535;
  -5.908483961146489, -0.03737020877234917, 10.95105254391994;
  -5.856927964956662, 0.02904348118204979, 10.87634482525343;
  -5.956531384036659, -0.3324869429554021, 11.09424440994822;
  -5.980131128276433, 0.1817681589919643, 11.21500125901365;
  -5.936443859669917, -0.4323802328158187, 11.23851528213412;
  -4.012747785547078, 0.3706257222361332, 7.927116831414458;
  -5.645393631708243, -2.026971525321935, 10.95602160832802;
  -5.482016939810345, -2.078043064047049, 10.88933284900658;
  -5.490797712511988, -2.02739833152541, 10.90988021131526;
  -5.863509278162741, -0.1854998298699233, 11.68812772040048;
  -2.409336294576816, 0.851573365646403, 5.445858222842154;
  -5.879630828576985, -0.07314835270807975, 11.89118170584054;
  -5.329601156548354, -1.505100579714547, 10.95146645333694;
  -5.504074328997665, -1.49769897780905, 11.30461294563777;
  -5.833472137245811, 0.01900122549416917, 11.98524208641277;
  -3.702833626065114, 0.45988989072659, 7.99711234081463;
  -2.317320064852255, 0.798774244543473, 5.400415302500777;
  -6.623765448200298, -3.124860624005948, 13.66117757788711;
  -5.971258862395636, -2.004099040466455, 12.40651904715799;
  -5.794681081667215, 0.1515542512914441, 12.22299070379424;
  -3.624411885233776, 0.5862439554352553, 8.054321047008811;
  -5.62468973359969, 0.1881130496531785, 11.99664298657994;
  -5.549882039926232, 0.1644886138769048, 12.03626861919435;
  -2.290257701150411, 0.9042690915562603, 5.589794338365111;
  -6.26059965745675, -2.884319943341192, 13.64327925713165;
  -5.934373195209491, -2.097407454043195, 13.03399593223612;
  -6.155569659784516, -1.589903865755748, 13.537464688864;
  -2.259016645289148, 0.8867152188226842, 5.623272030869726;
  -5.861007693088872, -2.034861592470682, 13.14263944738705;
  -2.391250561756263, 0.8503637146669039, 5.973347948984634;
  -2.366989674997702, 0.8777519183158791, 5.941768354654263;
  -5.778857880203057, -0.1055666503910867, 13.12287088631591;
  -2.409861051654734, 0.8450199166011978, 6.068324493717515;
  -3.341577134973608, 0.6444119018865131, 8.04443355099256;
  -2.300295356077349, 0.8982089457448087, 5.847525084878124;
  -5.927489766798449, -2.155232983000436, 13.72937749988908;
  -3.26452532005985, 0.7136920251009071, 8.054247981999305;
  -5.899599681941904, -0.310879623017242, 13.82000550525299;
  -5.870614240751416, -2.15925496546192, 13.79007854131817;
  -5.846987699566539, -0.2159997017885706, 13.73695377116961;
  -5.747334140706086, -2.078079896684634, 13.67630059805407;
  -5.786495343099166, -0.2236593794475382, 13.7849721729495;
  -3.20827805867143, 0.7928741541922025, 8.083109877314014;
  -5.79730502678372, -0.9421872763056489, 13.89245417634212;
  -3.191952861785361, 0.2423695592255239, 8.122129134119188;
  -5.87493837454736, -0.5876694246891455, 14.12582149885749;
  -5.688753039243904, -2.374032197502077, 13.77011528131521;
  -5.724065092094196, -0.8212410033041966, 13.90342218216507;
  -3.135413825618213, 0.6635110228580977, 8.09902942006358;
  -3.098893423067777, 0.7624781655708479, 8.022508185158891;
  -3.161549751385922, 0.3061688511139697, 8.187478152702232;
  -3.072105208049896, 0.724582600749302, 8.07083095535222;
  -2.289691348103351, 0.8918515061225922, 6.266038679672274;
  -3.058343421445059, 0.7671165469279029, 8.094458469681944;
  -3.054885303691363, 0.6186631619667908, 8.10457660299967;
  -9.385915453243781, -4.392690501086251, 22.89133742743434;
  -3.068641178388911, 0.6891949369221385, 8.139318036985742;
  -3.031705699773841, 0.7364567602876371, 8.099620067569871;
  -4.160686204934059, 0.0133423696375793, 10.84305127122271;
  -3.001233468377606, 0.7645848520143781, 8.100332871913112;
  -2.993348238013676, 0.7219667220812276, 8.107732235879311;
  -4.196664289587203, -0.7012365540435634, 11.03685369158724;
  -2.973982038331486, 0.6738019570745486, 8.103594491083006;
  -2.256305017107058, 0.8752702018688884, 6.396609458027702;
  -9.061581206150743, -4.578164816392977, 22.77118917014155;
  -3.176744556621674, 0.2981264697255495, 8.622417031329157;
  -8.327724966894804, -2.406573960505486, 21.06146657344802;
