m=[-15.31082777984077, -4.580132059444305, 23.2278968629478;
  -14.30113774048202, -1.121235017080678, 25.36962173323217;
  -14.16461919526241, -0.5473189157810645, 25.51774631879092;
  -14.22129441225495, -5.533794116323541, 26.129316214905;
  -13.69628038641891, -2.981974483257901, 25.45382750878755;
  -13.79330513871083, -0.9600348958206326, 26.5001831330502;
  -14.10397148121692, -1.407350944416649, 27.10386498936052;
  -13.71209203984785, -1.187225242686074, 26.98694479625453;
  -13.60607597930362, -1.199602075708148, 27.16069123869209;
  -13.80888307593546, -2.636812338499134, 27.58972019321067;
  -14.33794931246162, -1.791627788518802, 29.0398903916886;
  -13.72325865117981, -1.193833340303464, 27.94826850341254;
  -7.533139648596542, 1.447424999293834, 16.15539506356577;
  -13.48374405718598, -0.9731399320752755, 28.0466584751791;
  -13.20490772560356, -0.9876876854914987, 28.17055002123821;
  -8.513314250037954, 1.495982572109854, 18.72271234281733;
  -13.51553156777818, -1.453697206960858, 29.00915852745256;
  -5.693603302569084, 2.804049523310272, 12.97355988486115;
  -5.72989452051288, 2.734821753963207, 13.05326624745368;
  -5.691629816330631, 2.887925527643876, 12.97563773449382;
  -5.713326328722173, 2.754859605048453, 13.09322712466629;
  -5.689188236176894, 2.810501180538933, 13.08419704339867;
  -13.43823290201707, -2.581073985437294, 29.42300670578603;
  -5.776045310021989, 2.503038249268843, 13.39529898848608;
  -13.53324493137013, -2.264935699068848, 29.81887556441075;
  -13.43660179398218, -1.16135038811126, 29.70118633819016;
  -7.714048364186054, 2.051580238704466, 17.57051518750612;
  -5.600255726034683, 2.749698938055058, 13.22133251856802;
  -5.581831655543186, 2.825916991954638, 13.18506989202809;
  -13.30229296814549, -6.451842285908174, 29.91165223180871;
  -8.214314634900809, 0.9743796876655635, 19.14165641468377;
  -12.85191223751802, -0.6677771646264811, 29.26680026820997;
  -12.88428967965223, -6.472851899832706, 29.74106185256668;
  -12.87967791387298, -3.372635428331107, 29.84206319143536;
  -12.99897510984605, -1.360200257516797, 30.17933423135887;
  -13.07514416240215, -1.611249375842424, 30.34944623134029;
  -13.09687736728618, -2.749978149580804, 30.45487111119933;
  -5.46985757246568, 2.881127572178591, 13.52180923058113;
  -5.516312034422355, 2.298132246974193, 14.16111479320002;
  -5.221053809793995, 2.907062160659987, 13.54741820856433;
  -5.498448361056465, 2.325691575557316, 14.49232787726412;
  -7.274614549306052, 1.575263678972806, 18.7553268948182;
  -6.914523880746295, 1.140004726581228, 18.10878324628123;
  -5.426528566077556, 2.287433564649879, 14.53710261464226;
  -6.802650240911238, 1.568713806407651, 17.91400352700917;
  -5.389079261769059, 2.260295586381499, 14.76730420237425;
  -5.383483866160309, 2.371006296861167, 14.76745162968941;
  -6.829439071628126, 1.42786479573481, 18.43523314866325;
  -5.432993533531715, 2.431584954614968, 15.27428992927129;
  -12.1957546615957, -5.153025711690633, 32.83006387141691;
  -11.94507602257212, -1.990867472501528, 32.2791277843779;
  -6.564823798737058, 1.499647523334243, 18.34024064071033;
  -11.71085666250117, -6.342316741916876, 31.74898236189842;
  -11.82450065645729, -1.306804284696012, 32.04077996393926;
  -11.91642720732993, -5.006586210661993, 32.44144717573331;
  -12.06408539078924, -4.035754134834242, 32.89071862253846;
  -11.84827290224165, -3.31097652332042, 32.32606636847552;
  -11.95554489438571, -2.485161556374154, 32.60358969177688;
  -11.8979652895442, -2.136409154840113, 32.45563291525515;
  -11.901779752362, -2.697985750080274, 32.48662056004848;
  -11.88648327071167, -1.889188555716938, 32.50560943018815;
  -11.99256683495394, -0.6493126404675823, 32.79679431418398;
  -5.117578578817302, 2.944078681819312, 15.00198237155069;
  -5.744718352852718, 3.653282305969711, 16.65799383754969;
  -9.46131133686044, -5.96607270582953, 27.54910475121841;
  -6.137989989974585, 1.313091803987177, 18.38045430925434;
  -9.196452916576391, -6.005173098757688, 26.95319379071274;
  -9.189993425259589, -5.728993723204896, 27.10458249909138;
  -9.117362355401591, -5.937034042266949, 27.04902125497647;
  -8.460272492295243, -5.921642962123375, 25.37392663662098;
  -5.860765077811094, 3.389596644304252, 17.95292595049046;
  -8.92620873746424, -5.687373705625594, 26.89146076233073;
  -5.957397166313933, 1.321918254637794, 18.38956210780054;
  -7.000512595302162, 0.7226147612499095, 21.56468375254847;
  -11.66334007215471, -7.000564542159554, 35.33112558274335;
  -11.17682713193648, -1.686141736582715, 33.88530831475014;
  -11.12353893974802, -1.891900257978911, 33.87940023651969;
  -6.481829744167514, 0.5324631271490307, 20.4156922212635;
  -10.98979982991974, -6.434901380765338, 33.91325454241839;
  -11.39215302697001, -6.997890385371973, 35.15426678954899;
  -10.94193656487435, -1.349273225707005, 33.84260025133501;
  -5.703649005437318, 3.518432299746778, 18.28803538643415;
  -11.19146342117931, -2.376969388245814, 34.64586203482564;
  -10.86627188700613, -3.223081641514651, 33.76615502254092;
  -6.316314770673216, 0.428341447497766, 20.22449025216202;
  -11.24670844874527, -1.058765502473585, 34.92620918372519;
  -11.0342303625298, -0.5601625437263109, 34.30756211426492;
  -6.615876905487381, 1.00111028246171, 21.13880570373064;
  -11.26237278265176, -0.8859376871875387, 35.02693846764034;
  -5.934058231727418, 1.355236844097692, 19.13306783006819;
  -5.44064464858128, 3.29328127096827, 17.73879088546921;
  -10.33757365021151, -6.051826151443279, 32.54609692955317;
  -11.16695770660702, -0.6761751284092926, 35.00754028597435;
  -11.0424506104375, -6.731171752782208, 34.72225725243597;
  -5.263191790511998, 1.74799619178751, 17.44536369199202;
  -10.93797400966536, -0.5262758196769141, 34.882826680778;
  -5.411724499210475, 3.108816586342039, 18.06543906045171;
  -5.44640507950551, 2.763868159064503, 18.19127444388797;
  -10.69075496638384, -0.7500921746611347, 34.43058301781244;
  -8.233905726474081, -4.616735246621433, 27.03954187091679;
  -5.357628300604927, 2.980272276586675, 18.05147272071902;
  -5.326409113807865, 2.670153792562063, 18.00599932515427;
  -10.54763511602366, -1.388226255523635, 34.35680653855419;
  -10.98333228616208, -3.162831068829865, 35.77798169210895;
  -10.50656055825083, -4.553128207227339, 34.54006328061887;
  -10.3366826266146, -0.3898321683418013, 34.12678413954046;
  -10.86565567757643, -2.062050233975885, 35.85993635557183;
  -8.59303220286248, -5.990424430828209, 28.86805342868069;
  -10.27201736972333, -4.515685573111051, 34.28547110347386;
  -4.880649994131644, 3.644157496504632, 17.01719230149582;
  -10.31895000523072, -0.5164048015287478, 34.49783221774298;
  -11.16172880234226, -4.141320289492604, 37.28652979877204;
  -5.158407082297848, 2.819699851000128, 17.9916808751477;
  -8.896201026495232, -5.968941550075198, 30.21079253589818;
  -7.137227023947335, 1.309509989446017, 24.51146999402507;
  -10.77614644309068, -2.460449474239872, 36.34478861839259;
  -5.101686069029965, 3.060865800470945, 17.92981542783725;
  -10.98033009540118, -0.2857969855206385, 37.00075276641936;
  -7.982970416055634, -5.612269560031572, 27.39437378401925;
  -5.112677505909126, 3.183145568157562, 18.05679173779698;
  -10.16565228684411, -4.316677559746887, 34.57924237361814;
  -9.885040201458006, -4.400822872572016, 33.7092443284738;
  -10.89347039640348, -2.078795003418468, 37.37385582162155;
  -10.47787116215791, -0.5167335614190047, 36.02322045435657;
  -10.78956854954019, -1.772860527554534, 37.29036849403091;
  -10.78332839065428, -2.811605238046159, 37.46055849916125;
  -4.592535977797944, 3.615802456219274, 16.73984060988653;
  -9.034613247132132, -4.050547380431492, 31.70400581878716;
  -10.68383779406895, -2.232049543685335, 37.26780094464321;
  -10.08787391290601, -0.6945289950861066, 35.48944465389445;
  -10.27004577406592, 0.549497692408273, 36.42407810261155;
  -9.948416491884945, 0.1787843727928934, 35.38831169481124;
