m=[2.065070194283571, 0.1126252633726572, -2.649362174819598;
  -2.720851642887504, 1.351757231069743, 6.730261051488083;
  -3.432137434247254, 0.7914623254055448, 9.038142477548519;
  -3.235522519395456, 0.7391125004508151, 9.039124799597198;
  -5.837144039657446, -0.9728678309707267, 15.77368934244343;
  -5.867036814508357, -0.6484052959548718, 15.89787518945557;
  -5.854781642433794, -0.5446077676853505, 15.87250778179522;
  -5.862287113176777, -2.462990400824066, 15.95957197591271;
  -5.837397663306079, -2.228458233923595, 15.93503694141155;
  -5.86470061957696, -1.219076892619139, 15.99344022835702;
  -5.87520807164924, -1.05495754991758, 16.0265719250133;
  -5.853831314194439, -1.326990903686982, 15.97838312282864;
  -5.842918696243924, -0.8187880156565462, 15.96692840714708;
  -5.859868020230266, -0.9313432198325792, 16.02480538944557;
  -2.918352546958733, 1.687840728767551, 8.939612231061025;
  -3.584506560677101, 0.2362079454522667, 10.89023550409858;
  -3.205078765259091, 0.2632877334743992, 10.09497382669078;
  -5.48521799073678, -0.9329301931657155, 16.7065442661128;
  -2.698677352133776, 1.369488368248262, 9.01372182779831;
  -2.656782741813653, 1.331857610350856, 8.981290628270688;
  -5.435179211982968, -1.612146881529111, 16.88942682048733;
  -5.365001013056221, -0.2581346694752312, 17.10978653956083;
  -5.226546511338776, -2.264978744968474, 17.18214502642087;
  -5.198833033655867, -0.1960660327462152, 17.16406115248924;
  -3.567545204254087, 0.6545589858772906, 12.25206609415642;
  -5.422066388282238, -1.028982842486315, 17.8944521498821;
  -4.963636601765371, -1.996284964041186, 16.68023810950425;
  -5.332441451019665, -1.21752268622783, 17.98476462627574;
  -5.14118188634856, -0.2535458954325068, 17.67553023144224;
  -5.340349083540414, -1.019095897579104, 18.3219331785455;
  -4.282686197681322, -1.920084776704164, 15.02867963655537;
  -5.244143382671844, -0.8616780885433492, 18.12454671171265;
  -5.293857859103995, -1.889102744576251, 18.30201736570178;
  -5.15595325623357, 0.1336060943376267, 17.89549183973617;
  -5.252040118357787, -1.369397552614769, 18.24523458491707;
  -5.243353388633006, -1.095432630489422, 18.29008022552296;
  -5.068662219481439, -0.3489667801283269, 17.8317065479413;
  -2.913209843429555, 0.3967381913609576, 10.92037445864416;
  -5.076190329589684, 0.2716010165581195, 18.00338159111202;
  -5.1022209723173, -0.6921082435203385, 18.26856192422827;
  -5.085901804241035, -0.1208030159483367, 18.31009781412151;
  -5.069372719679869, 0.260502222731702, 18.25307043918543;
  -5.284213711467507, -0.6167121553579219, 19.15080325832124;
  -5.072214580954038, -0.8151633854540221, 18.52311384115425;
  -2.77616712960179, 0.7630869292188067, 10.93291360441276;
  -5.169617682761038, -0.4088461659948263, 19.1266129969739;
  -4.965407081942354, 0.08428906437208721, 18.50493843365918;
  -5.090343342506532, -0.5290944100145548, 18.9817701374898;
  -5.094609372236299, -0.9536811020795828, 19.07954626121698;
  -2.652769644192713, 0.6775209287937477, 10.68449004690862;
  -4.981753164047076, -1.30560642909799, 19.01909925715032;
  -4.951119379322512, 0.1641276024021019, 18.89207942213597;
  -5.011243469064828, -0.799779231162798, 19.11954793633367;
  -4.689136847918963, -3.01631261324389, 18.11743142062929;
  -4.84485463168827, 0.0694878344253294, 18.69186839014201;
  -4.845303036770753, -1.14674678682989, 18.85149382926843;
  -4.919377333852093, -0.7640634551180709, 19.13564397058705;
  -4.854897956190345, -1.05876538840153, 19.05284785862548;
  -4.839269638186629, -0.693227010149191, 19.0953138598673;
  -4.789000372341044, 0.05977240482869164, 19.11375975373788;
  -4.817361802434183, 0.2338290559707532, 19.22832692743451;
  -4.685572436036663, -2.116151210623246, 18.78552868700775;
  -3.361091360518676, -2.846513924663301, 13.99623067381167;
  -4.641976650902401, -3.108467046507939, 18.71767839162843;
  -4.584023785513828, -2.948157700794282, 18.50595367344898;
  -4.736709971621022, -0.884998104696085, 19.10869960526709;
  -4.655005137854239, -2.02820068550767, 18.8439563261139;
  -4.562428092065028, -2.656296998582172, 18.59324998698239;
  -4.601271719968037, -2.142080092799902, 18.83048008962076;
  -4.490658929960903, -0.8913955674677628, 18.43812548632733;
  -3.177555531280605, -2.616243879531511, 13.58040318021132;
  -4.575171340512161, -2.010684332618842, 18.86705073324788;
  -4.703534937003309, -0.09973892236893578, 19.35173668835292;
  -4.60358540712145, -1.836996195712364, 19.00473934716797;
  -4.697705764445873, -0.5661600149827047, 19.34431979919744;
  -4.737682662640809, -2.397382882618165, 19.57817891842768;
  -4.547327451518411, -2.447734770643899, 18.86781830324722;
  -4.61271136444856, -0.7018010221073082, 19.24267350343371;
  -1.96368389855089, 1.156183050988663, 9.150026154394913;
  -4.601255560245669, -1.740794049021581, 19.40593649440143;
  -4.630956513285763, -0.02510217248785085, 19.50273171103743;
  -4.48352433015429, -1.944886966692651, 19.01538453554089;
  -3.090563662251082, -2.661980756915977, 13.6454452213655;
  -4.48166851001999, -2.099981058009468, 19.17241912791839;
  -4.625769290503802, -0.3882030360145935, 19.73203083040025;
  -1.951502416688644, 1.094817958904384, 9.313242770462527;
  -4.594641488834293, -0.0406511232956169, 19.76054475753661;
  -2.589195469672586, 0.3302316355595745, 11.97573789192106;
  -4.488846074804235, -1.980516605804527, 19.66881187236683;
  -4.526288377403787, -2.857370245900025, 19.97392387805418;
  -4.541945740056066, -2.450330079616656, 20.21594337019321;
  -4.410953088480595, -2.5403757071027, 19.74341502729141;
  -3.215187866558471, -2.803495535902333, 14.97739687828821;
  -4.378638375667438, -2.725757192746812, 19.84751041647205;
  -3.231694600983557, -0.2943708743915806, 15.08092946566391;
  -4.401286405361355, -2.358983740112143, 20.07749610465087;
  -4.451767927892364, -2.166243960451199, 20.33720773600728;
  -4.347753576925794, -2.447430118095724, 20.05433472174775;
  -2.986877193282032, -2.618745379472322, 14.39798192725218;
  -4.253356011630973, -2.247666930316769, 20.37921331591846;
  -3.69827245200931, -1.723360834776984, 18.03027640248307;
  -1.578418668999394, 1.797965693381933, 8.801742508178409;
  -3.074880765345278, -2.164902729641888, 16.33572619080651;
  -3.886197155685352, 0.04884754926606066, 21.62650107980347;
  -3.817482301596249, -1.142717085437551, 22.74909629877728;
  -3.60297824981558, -0.8503877732128768, 21.87521454115106;
  -2.129095960188736, -1.81246112810184, 13.85572910576564;
  -3.357133271450593, 0.3486050715913474, 21.04691135609722;
  -2.223923751748361, -2.128245977141438, 14.89779915772721;
  -3.606547850538321, -1.161227812636591, 23.03619623029576;
  -3.517743412283685, 0.06248481975521169, 22.53789157410607;
  -3.642691568677631, -1.400769266618778, 23.57509397471334;
  -2.175402038163399, -2.319632195537069, 15.11222586886567;
  -3.544248519391782, -1.112456712248898, 23.43324171313046;
  -2.62842015870289, -1.629203620495076, 17.96220262207661;
  -3.4872402424556, -0.8861701037979884, 23.11884656893135;
  -3.542160300099747, -1.64279086392292, 23.49746468937687;
  -1.551936456267665, 0.9351407136523537, 11.55738520980696;
  -3.429229015937965, -1.305352702010617, 23.14644587784048;
  -3.471921908997725, -1.527506253112311, 23.4456101335696;
  -3.381547422425768, -0.08998655925365409, 22.89932541294136;
  -3.425633079737148, -0.7905104609780715, 23.26790245457309;
  -3.416424214198242, -0.8959703013606954, 23.23139825186553;
  -3.194405323352077, -1.749385077835185, 21.99564316561171;
  -1.54262428549563, 0.6656052172319391, 11.68262714058759;
  -3.4110109121193, -0.4702687197840947, 23.37327753494951;
  -3.388553360390711, -0.8436814886384757, 23.4695992705266;
  -1.521344391871969, 0.8985406869314021, 11.71475186652382;
  -3.370505447113136, -0.6803327651152256, 23.46238647679727;
  -3.320963767973261, -1.046396660522747, 23.23076968738212;
  -3.304554933022865, -0.9407964008010766, 23.45934469840289;
