m=[-7.144917020721263, 2.222799134273879, 10.98637301203945;
  -7.076156786385722, 2.381493966309073, 10.91427843306584;
  -6.98488625391648, 2.287513363129194, 10.86496800199104;
  -15.55552429584848, -3.513395027598842, 23.07172829238141;
  -15.4672885039134, -3.438971588645524, 23.21273795216112;
  -15.69248905189532, -0.7482718591858674, 23.57101511207444;
  -15.63102322361035, -0.4830601215161892, 23.51937753977909;
  -16.08619417121251, -3.687431719308239, 24.26985498752492;
  -15.30002562972291, -2.905529994388498, 23.67918224417365;
  -15.66606083855253, -0.910396150634546, 24.4528286690363;
  -15.53906966636385, -2.483241093464515, 24.85495351761123;
  -15.46635312915147, -1.34764306087431, 24.78300956692715;
  -15.37589037475218, -0.8976708328740698, 24.67433009515371;
  -8.436620926884078, 1.549548629778805, 14.21314545962153;
  -15.3866461013226, -1.128376032534682, 25.19637791638554;
  -8.677987489995708, 1.521785100381098, 14.91922796958681;
  -15.31943726958644, -1.146950664475858, 25.42423963986481;
  -15.25245517622252, -1.121788095811917, 25.81656706065002;
  -14.71916420425715, -0.8840145494459107, 25.40645152584139;
  -9.358761735904563, 1.489633271473529, 16.63468715968142;
  -14.66531814433404, -1.029156553525851, 25.72817548549719;
  -15.41895397344601, -1.198005548906852, 27.12214519798501;
  -14.63268265519262, -0.9123194247094233, 25.85350261142754;
  -8.799814418767014, 2.138143272457281, 16.10465657485077;
  -14.70567661300874, -1.345757488929721, 26.15837020812381;
  -14.9706056466592, -2.483860670849567, 27.12690481479752;
  -9.170308619275623, 0.9916316883205054, 17.19590203079047;
  -14.84804748221139, -2.128439397791547, 27.07502756583444;
  -15.11538869419, -1.126984260490232, 27.65376700857519;
  -14.81835270893037, -2.643900374376437, 27.1589303582201;
  -14.26759648627927, -6.034213536274898, 26.484316019567;
  -14.64122687579019, -0.6119622433169092, 27.49680151729274;
  -14.03355305647063, -0.1888072927683701, 26.44683526535296;
  -13.93988699995901, -6.105686366896595, 26.50101860692713;
  -14.16881195556826, -2.823170377296729, 27.016042453874;
  -13.83333553270616, -1.733292725435598, 26.5165448461929;
  -14.39174267126778, -1.505240714882622, 27.53591210289354;
  -14.4777669756837, -1.2604409628154, 27.69910636777897;
  -14.17009300395922, -2.531657020369314, 27.14816302780017;
  -13.88770216283499, -3.177301742110446, 26.84754538563264;
  -8.069878494947293, 1.643931193882684, 16.80357880345125;
  -7.516315951999853, 1.499511040139344, 16.50797121932783;
  -13.39371576751271, -1.84684157179136, 29.41192921949611;
  -13.57201554307351, -7.14710287598854, 29.82458084297475;
  -13.67713849925356, -6.321421346183644, 30.08614067044115;
  -13.65392124856104, -1.228513638804736, 30.05321020263315;
  -13.83426005177852, -5.681458024339075, 30.476547164246;
  -13.50675417752833, -5.123118003073202, 29.79614543685679;
  -13.59451134199746, -4.841986479294488, 30.032778216929;
  -13.54085302689015, -2.362990794566025, 29.98580919756227;
  -13.61298052624206, -2.967904144329831, 30.14016387572224;
  -13.64455709988966, -2.051055896499005, 30.22031406055122;
  -13.55442764567196, -2.587794377363102, 30.03552531036666;
  -7.014711867352381, 2.140378644087631, 16.17720988780069;
  -13.58571299035956, -1.789074869060795, 30.15773299629023;
  -13.58017303504215, -0.3268799339488842, 30.20132138033084;
  -7.080346687472975, 1.747019723546762, 16.51754499691457;
  -10.70836618682171, -5.529554177477835, 24.74590883162581;
  -6.894475686924318, 3.391107182927403, 16.39725322075866;
  -10.94140293028746, -5.816994905750301, 25.45243004929219;
  -7.072872277997271, 1.351848661596157, 16.93600248702776;
  -10.68498458989032, -5.880053213923015, 24.97333160595618;
  -6.600797862031616, 3.549931753132007, 15.9406399550483;
  -8.277614996107761, 0.7528819650861331, 19.98593737821761;
  -6.757467234931148, 2.460002929594014, 16.58211572633026;
  -6.698390726540008, 3.2404815061163, 16.45307810581755;
  -7.630133266642951, 0.5619504205588947, 18.71194622176279;
  -6.651549360943927, 3.622687512704922, 16.5871117613028;
  -6.943390802944599, 1.346094706669357, 17.30033531618589;
  -9.366625328184366, -5.387736822665495, 22.89796142007625;
  -6.589229356989494, 3.345589049845575, 16.5049310169938;
  -13.02030528020608, -1.607665540064859, 31.67446386202312;
  -12.93799620144721, -1.808032146782534, 31.59814504211956;
  -6.418482068613836, 3.079430680564694, 16.41927096481073;
  -6.448227160986147, 2.74742185604819, 16.51793097584999;
  -12.9502770793704, -1.302474654338953, 32.05473875258804;
  -6.465719192875208, 3.008523628930815, 16.67547105764723;
  -6.402588683152329, 2.686560516029794, 16.55292072702729;
  -12.72309730941279, -6.129416091044986, 31.62762051650701;
  -13.02759219786928, -3.216790003146624, 32.36463126100874;
  -12.96696392254235, -0.9749922709598353, 32.24690235086156;
  -12.87912387473641, -2.971284403198954, 32.05611376421835;
  -12.93895307281956, -0.7925033210763416, 32.22326507509568;
  -13.26679414438494, -0.5185451121082704, 33.00920021482652;
  -6.353160049344874, 2.771803555309573, 16.58126788478957;
  -12.86763765532045, -0.6035578750183974, 32.26680215857569;
  -5.820000516076313, 3.60066236672506, 15.38688188729776;
  -6.162315778840854, 2.800890018922887, 16.35611327792839;
  -12.65402709049261, -0.4565404122847614, 32.1981640788724;
  -9.507722100627424, -4.380122953476096, 24.4902684429767;
  -12.04966697630055, -0.6643586711371082, 30.90233704371491;
  -6.171093894601571, 3.185313536297109, 16.56183101769684;
  -12.76052263015345, -1.340282656682558, 33.03306998263849;
  -12.71779684805607, -2.993579700023972, 32.95530775945166;
  -12.64409422472413, -4.505443950724767, 32.96338502522956;
  -12.61582668267799, -0.3605028656990301, 33.03944969330848;
  -8.666194674513402, 1.358943532986983, 23.12984392053258;
  -13.09451846693919, -2.021540736778032, 34.32970073666202;
  -12.25811486746532, -0.4810398749501796, 32.46051630127771;
  -12.49325569867645, -3.811465378756687, 33.12481052250516;
  -12.25515718538502, -0.1989399885552063, 32.75613708818248;
  -12.82758815650663, -2.382191949128998, 34.26821912196849;
  -11.73424219071009, -4.083352183307016, 31.49951222711989;
  -12.2941319943222, -0.4532406272662998, 33.38669701484167;
  -12.77636610043547, -1.953596777875808, 34.66389521695292;
  -10.02882513084275, -3.649645614020723, 27.53228254206179;
  -12.46756630983389, -1.646577563031205, 34.03973737315695;
  -12.74066318670564, 0.2826098369354332, 34.84998176137884;
  -12.53358219473597, -2.650523823201022, 34.36406142708109;
  -12.60197722874849, -2.122419872123287, 34.66985440549411;
  -10.98729257894296, -3.716241676725698, 30.45206527312562;
  -12.25259135480136, 0.6449476997214405, 33.81996972897186;
  -7.766028621987977, 1.460454695748534, 21.9437728943919;
  -9.91565033677233, -3.497645939855739, 27.67549892972926;
  -12.43609044181552, -0.6567226708828646, 34.41241696703639;
  -9.44052725679572, -4.748651877412509, 26.52487228687143;
  -7.143249743309299, 0.8460120470698578, 20.39299144649794;
  -12.2761589777423, 0.5910705087919009, 34.24649306486616;
  -12.07782351776532, -1.302216026367816, 33.99652407738016;
  -12.76939703642414, -2.0267045485475, 35.99288156422996;
  -5.550964989479476, 2.170777915291056, 16.43532646442769;
  -12.14305986245812, -0.1912553635312508, 34.33969733804069;
  -12.33651136747974, 0.5632687875519462, 34.86466823854219;
  -9.454521622160252, -5.87975651637591, 26.82981531915678;
  -9.709995343968135, -5.722211460615906, 27.7709802444399;
  -12.2273328007246, 0.06206320969158986, 34.77014953435665;
  -12.02532410563587, -2.358662166291929, 34.2476126014029;
  -12.89122290589823, -1.174151395524196, 36.67919822786487;
  -12.00270958681088, 0.8288233641907586, 34.33406381457831;
  -12.12913844878911, -1.556438142949282, 34.71488988222793;
  -5.428003842006765, 2.195651932474205, 16.38942146010972;
  -6.960965565562582, 1.585683732910364, 20.67927207673274;
