m=[-6.739530096574995, -0.606390244388582, 14.83416455772268;
  -3.471651369977006, 0.6635419209578566, 8.312874024168348;
  -6.627039402229562, -2.253699480394868, 14.63602203669191;
  -6.635712243016606, -2.363455967844622, 14.65950993694169;
  -6.646797526828298, -1.159921117085389, 14.71913194970085;
  -6.680074979850327, -1.575360920386929, 14.79080347190187;
  -6.680769310118691, -0.8797769014557726, 14.83005398445689;
  -6.560868000265228, -0.3717844239614599, 14.57693195240395;
  -6.43486994995072, -0.7945373361607477, 15.65409192028612;
  -6.382881994005623, -0.8919816990664042, 15.5887533040675;
  -6.306627785877924, -0.6342893511167359, 15.6102687878519;
  -6.399393207052996, -1.580146490770516, 15.89810291070892;
  -6.375065334241609, -0.4793442370070918, 15.85383521861036;
  -6.391076507716108, -0.3914497045559103, 15.91638452232796;
  -6.35135821216413, -0.2979111138111205, 15.92662339115589;
  -6.245823281148084, -0.178477181728819, 16.35711787116775;
  -4.89484325386208, -1.703336999761876, 13.13976415510932;
  -6.11748829680793, -0.2400659348621494, 16.19962210571701;
  -6.347516348351983, -1.178787637825654, 16.95705213261542;
  -3.51907389850017, 0.4167821397325215, 10.04646995282869;
  -6.284529477547845, -0.9609490242600782, 17.05072237168793;
  -6.177420053680023, -0.815844969662252, 16.86598258595848;
  -6.092997322934712, 0.05221096550681183, 16.7410216027089;
  -6.049042198675311, -0.3194366563658781, 16.73855327491685;
  -3.200729843655025, 0.6771847748566661, 9.6796402995096;
  -6.053643199438598, -0.2687112550531377, 17.05203331922093;
  -6.09250707735155, -0.6568865942789059, 17.14912154844219;
  -5.964955968087579, -0.09394912279494898, 16.8684651890864;
  -6.04335669035059, 0.2759316709820484, 17.07935248304255;
  -6.23330685566946, -0.989324031576615, 17.56971568584262;
  -6.013966992919321, 0.03052555292661481, 17.10156540648818;
  -6.341189355890541, -0.5775647807699799, 18.04248852750169;
  -5.895684699641214, 0.2313082806088991, 16.97843857221582;
  -6.026464671876338, -0.06400083619065133, 17.33008435154167;
  -5.979593805737074, -0.4762637990842009, 17.41601140791179;
  -5.994088862254378, -0.2023134189289754, 17.52563604661864;
  -6.086418554846144, -0.9020621261928719, 17.79412707152564;
  -6.059416513734733, -0.7152692771024786, 17.82400578436144;
  -6.034807964064356, -0.6636958636552213, 17.76374837330349;
  -5.912709548757086, -0.2755062670567398, 17.52970461532585;
  -5.838552516060924, -1.223376254386494, 17.34398682669285;
  -5.854166219544798, 0.09709545155097486, 17.54438112591618;
  -5.867096763928553, -0.7121354837158268, 17.71528175597931;
  -5.760172279013132, -0.06052364146293699, 17.51826966651542;
  -5.877852884463293, -0.6591830888860797, 17.95022922671551;
  -5.82372182246191, 0.07770847085214898, 17.95386980081648;
  -5.730422525655264, -2.060963137491694, 17.70594587719494;
  -5.529659685739046, -2.949899347467143, 17.15127620992007;
  -5.667224604958938, -2.345409774636493, 17.56223906558363;
  -5.628951769218765, -2.886049145961795, 17.45841933624647;
  -5.738067649209177, -0.04493842822093232, 17.78515885916207;
  -5.661559852921084, -1.959173486679966, 17.6291658413408;
  -5.669361888700803, -2.094892121718859, 17.81985507957251;
  -3.336363905683904, 0.2319972698587878, 11.1678323482805;
  -5.700448528599067, -1.98860079227431, 18.02243289961775;
  -5.616989205235013, -1.770177163980319, 17.7865412464983;
  -5.73215761344632, -0.07273252433974642, 18.13470535165174;
  -5.742622542045161, -0.5372036507533451, 18.17500921459119;
  -5.559365650298095, -2.230046184139429, 17.64318324817899;
  -5.714108879069786, -2.439931737299725, 18.14795096954354;
  -5.35454757260084, -0.6274244021763469, 17.12005262811472;
  -5.621402792038754, 0.009287130657357047, 18.12150138618038;
  -5.630045526177961, -1.674279589060413, 18.15831126076802;
  -5.591221122677701, -1.910630589005132, 18.10045164366182;
  -5.578002594339973, -2.067058794132117, 18.18720703053324;
  -5.486904670031276, -2.501399256941197, 18.02060694917768;
  -5.652513721433522, -2.318745305409431, 18.71886992535945;
  -5.605830089568628, -1.93535405226748, 18.63765418617578;
  -5.543307833363944, -2.737155457925067, 18.54149901975551;
  -4.065350383510528, -0.2684910986646447, 14.07691712201265;
  -5.616089180994676, -2.370281248745374, 18.92151272454805;
  -5.528596719529558, -2.485175823889885, 18.6940044642354;
  -5.44777274870868, -2.636722334135555, 18.60081293428081;
  -3.787826268615864, -2.546565266135471, 13.42357046083217;
  -5.403316230663669, -2.241508316602647, 18.57951346202539;
  -5.499663005905701, -2.078717185680538, 18.94051961236419;
  -5.421213546022502, -2.366444702182309, 18.79831611029227;
  -4.113729153347204, -0.7174305095081474, 14.69105615265832;
  -5.423706627210151, -2.155934749212243, 19.03345305025387;
  -4.366960899183455, -1.568924483107781, 15.78535496769027;
  -3.749023672278734, -0.7955952915768647, 14.07335186582945;
  -3.837184148847778, -1.498390432747475, 14.57488546007158;
  -3.863389887899511, -2.282929848505338, 14.75779624433428;
  -3.892216749118906, -1.725908338601894, 14.92825707350882;
  -3.954571953455876, -2.067055396772296, 15.16613584827828;
  -3.62802026692496, -1.469700369635176, 14.22735724261846;
  -3.769534198506323, -2.154817461824241, 14.84417760102408;
  -3.455208685258382, -1.465017760616078, 13.7435074068158;
  -3.538171396720795, -1.8317217527305, 14.29713993795904;
  -5.108538738703054, -0.8424485988188283, 20.69598842548139;
  -5.01676117993304, -1.017007849345292, 20.62731708944675;
  -5.056523420331499, -0.6890394139320382, 20.80180505766261;
  -5.026610066810579, -1.087622652057132, 21.34110839654539;
  -3.124556435761614, -1.247851597862588, 13.97633377049304;
  1.326922379231155, -0.7877504914278984, -3.493680069640203;
  -5.400331681458502, -0.200407918408797, 22.97291114639415;
  -3.222142170494547, -1.740248663050539, 14.66895048703587;
  -3.214847254644307, -1.646866289441962, 14.68708961655963;
  -2.98393442831471, -2.212276716409963, 13.89898552575163;
  -4.860998757076397, -1.111895536898636, 21.72445114747413;
  -4.759664829459399, 0.07706604113861311, 21.31491221157871;
  -2.311226386241599, 0.6957917330803636, 11.2894554843632;
  -4.892912127321917, -1.334115842412014, 22.09177030500998;
  -3.046412728153667, -2.19280710018096, 14.43893373803018;
  -2.187440721651762, 0.8897458231655778, 10.83207140011198;
  -4.806156346051127, -0.6424418308870454, 21.86470551243524;
  -4.74676147122764, -0.7133217788921195, 21.66812295291155;
  -4.838669268068698, -1.067012621510556, 22.18026442981034;
  -4.779024317464355, -0.8507192607975116, 21.94608994143066;
  1.389966802569489, -0.8830440055967557, -4.129659348290579;
  -4.67768292387403, 0.06846777989379319, 21.57753142895724;
  -3.061273461635663, -2.35627620935303, 14.71108707632264;
  -4.759907373234377, -1.267097294435805, 22.13857910147357;
  -4.738231056998697, -1.464171679829, 22.0512502386422;
  -4.65215609364515, -0.06884448794428821, 21.69915360899965;
  -4.709940601962789, -0.8627744199747528, 22.03517118335594;
  -4.6517686594733, -0.2440428614902482, 21.81756009875095;
  -4.555354073220883, -1.735465773933961, 21.42689752759069;
  -4.644531596310157, -0.4346053639395637, 21.85151266242456;
  -2.116374398991617, 0.9255343047702114, 10.92558811578916;
  -4.636591457077203, -0.6336659630205231, 22.06334045548493;
  -2.103401506839183, 0.9866200563741213, 10.95341188476782;
  -4.598900903617072, -1.000855097449477, 21.94771063269069;
  -4.546098832139032, 0.08578923495208723, 21.75740580102899;
  -4.523255110564429, -1.693102365243602, 21.79373608757214;
  -4.570389046489834, -0.8892265807795188, 22.04938348146418;
  -4.559887770210384, -1.312963235486544, 22.01715980792973;
  -4.586105678624983, -0.7378701012612389, 22.15048951713802;
  -4.525319771904468, -0.5317205661606909, 22.03745062917217;
  -2.760866835606624, -2.628326169200541, 14.23358334250979;
