m=[-3.670276638212025, 0.6419209800512101, 7.054337130908261;
  -7.061180585378339, -2.192347668577459, 13.03581582628962;
  -7.066819624548955, -1.051530780991819, 13.07379563287758;
  -7.067859394598341, -1.324136836960487, 13.07585787425248;
  -7.074285535175827, -0.8983073220652749, 13.09334383330051;
  -7.092187190073938, -1.1557862477339, 13.12849870671031;
  -7.065314386827498, -0.7825877903552548, 13.10329493881721;
  -6.869857377539286, -0.677653429056633, 14.0422784846116;
  -6.783379614208336, -1.418152839874798, 13.96705875837438;
  -6.814060840711774, -0.3980638530419437, 14.04372776791744;
  -6.809545730531843, -1.324880768999743, 14.03908498974773;
  -6.792473817229, -0.3196296329903091, 14.01784668775405;
  -6.788434756217871, -0.2301939310306301, 14.09665363073468;
  -6.769680046960939, -0.1705937207877119, 14.24275735972071;
  -3.838567010564257, 0.432732474332132, 8.740237153559837;
  -6.745585198100385, -0.1896312894662671, 14.71196743503527;
  -6.652249523892656, 0.2664786410560832, 14.84092998518016;
  -6.786743357081356, -0.8511396015825889, 15.15942330475258;
  -6.714115923570744, -0.7199273879397702, 15.07107595113047;
  -6.602457893791188, 0.1901429380461751, 14.86189509995332;
  -6.687398126181655, -1.17658265329791, 15.07166164745475;
  -6.541460840830474, 0.3470951619810768, 14.8248317355662;
  -6.6896251774143, -0.9255676385729486, 15.12729029424592;
  -6.541478189595797, -0.2515213054822187, 14.86603855259632;
  -6.555774605382035, 0.1348548197986233, 14.98455914817077;
  -6.681163165247003, -0.577576643924283, 15.40769135783905;
  -6.508098558804842, 0.3070613682097913, 15.07685107942765;
  -6.523701327107536, -0.03749410701376946, 15.11162663580075;
  -6.742873475622502, -0.8716925890722808, 15.59900351618011;
  -6.529175284508201, 0.0781557589746809, 15.20585727011201;
  -6.736318333167989, -0.4686613034638588, 15.72431608982184;
  -6.607736222516327, -0.6896398561280631, 15.47740094541333;
  -6.415790370633494, -0.1898110884458997, 15.16091458313952;
  -6.31456074664312, -0.2820234261883476, 14.96582603154952;
  -6.277394739885845, -0.3782491640847693, 14.95449931330667;
  -6.57800634635314, -0.7794718491513695, 15.72031843031402;
  -6.557399783886196, -0.6065824641449708, 15.76019812622949;
  -6.373094296429112, 0.01881047165704191, 15.39039861219834;
  -6.522548257142402, -0.6547799741775179, 15.80514135432863;
  -3.640817064239312, 0.7719923862276416, 9.441226164195987;
  -6.523021074290456, -0.4645186544617611, 15.90752184739798;
  -3.712181876072213, 0.4069489722099636, 9.616041456266833;
  -6.249084264896225, -0.185118824536821, 15.50286875734433;
  -6.339652787276504, -1.897642061659008, 15.89159347849425;
  -6.271197355278919, -1.798085239171152, 15.82921393916353;
  -6.350798994953719, -1.941718730382043, 16.15175975710166;
  -6.312525825680631, -2.513012253395616, 16.13595173937719;
  -6.17897853125905, -1.601941692446476, 15.82266465490435;
  -6.292187088264407, -1.812010385550911, 16.09500245371599;
  -6.308772448469141, -2.022143425750515, 16.13873586363995;
  -6.198457467328787, -1.336068735640803, 15.91645427247541;
  -6.285819801267473, -2.225165958159128, 16.14410847897943;
  -6.185899754144756, -1.506214759535613, 16.10391709324553;
  -6.257515640033096, -1.759483938620806, 16.33296969414901;
  -6.239971064035635, -2.118959508595195, 16.30091085178388;
  -6.089353549595591, -2.145296889510683, 16.11593523523115;
  -4.490593204588138, -0.210990478474917, 12.30194772509241;
  -6.196857185334518, -2.097422038756629, 16.51418162724701;
  -6.141295612637526, -1.734115816057109, 16.43101408980801;
  -6.175565034936993, -2.646361017477942, 16.52146703191033;
  -6.144870406309169, -2.502783417967172, 16.52770973702282;
  -4.321645523391628, -2.380982550899492, 12.0341364330035;
  -6.160854549478754, -2.125630695196754, 16.68420668401691;
  -4.325827070903035, -2.524210762333093, 12.11629848535163;
  -4.432589539641984, -0.7681457794735096, 12.62681600756323;
  -6.048846356471399, -2.155600141313582, 16.77713897817079;
  -4.308834506674256, -0.3238238294248262, 12.3532112039751;
  -6.041751379177475, -2.05287387608079, 16.89372660854282;
  -4.235097026819601, -0.7024912019587206, 12.41404103473445;
  -4.427953242554408, -1.839856857601633, 13.25610884312266;
  -4.157755788013636, -1.571815747847634, 12.73713846841088;
  -4.024300177909781, -1.643475098096896, 12.54263139712005;
  -3.966368449484033, -1.82845347455949, 12.5410964745806;
  -2.671582724902993, 0.398682931486994, 9.124178284027597;
  -3.950372883736232, -1.175469363212382, 12.86333547597884;
  -3.969380821457399, -1.276549927337565, 12.92813028809598;
  -5.801466110883872, -0.8728989005071907, 18.36121303077033;
  -5.657075136894734, -0.2213777678511477, 18.2133609076742;
  -5.830850721096571, -0.6807255398088685, 18.83655209433983;
  -3.722376830489435, -1.469309474694881, 12.58166103445748;
  -3.558214603667905, -1.120513463624967, 12.17578237996492;
  -3.607687402769104, -1.861324349596052, 12.32948447708702;
  -5.790524134268963, -0.9534347509067808, 19.10330329495522;
  -3.737462697992785, -1.562499053575578, 12.86057820477467;
  -5.559076891849816, -0.4367096181310956, 18.92526235744186;
  -2.501871222297956, 0.8680020970720519, 9.36374076510994;
  -5.53456854175622, -0.2161648054433233, 19.07862067618224;
  -5.663092795544571, -0.9778515443552457, 19.49433578270774;
  -3.532292284797811, -2.118434654291305, 12.73104772366221;
  -5.466626922425535, 0.234511019325724, 19.00920593963665;
  -5.543608082444711, -1.151037513880602, 19.25454132556367;
  -5.419745531347518, -0.5897607493885763, 19.00538951884639;
  -3.520995342992287, -2.064089461800102, 12.87969631397625;
  -5.569173825852762, -0.9180917658387154, 19.5837644667647;
  -5.562761412133316, -0.7303192836385758, 19.58118066042694;
  -5.561777756413182, -1.400964925979216, 19.59864408027945;
  -5.406439799168315, -0.008892768042116861, 19.26723384879666;
  -5.486712059402239, -1.288645750685873, 19.5285694000481;
  -3.285002476026978, -1.45265479792074, 12.28740967649457;
  -5.488388518745079, -0.6372289146849864, 19.60119059014931;
  -5.331715736411766, -0.1616317700313263, 19.09394207868086;
  -5.497697164082505, -0.7388525814682182, 19.64478559693646;
  -5.358572040538944, -0.3407872881315346, 19.24451331396162;
  -5.351637849702887, -0.6701991480020915, 19.33723250524612;
  -5.335427544170218, -0.02457125490631746, 19.30128242548853;
  -5.38911575247138, -0.5247491519739312, 19.53028125429608;
  -5.375055414165571, -0.866852409355148, 19.51755474293932;
  -5.362363315777277, -1.519394688577207, 19.6012996764715;
  -5.332694858878748, -0.7612017099865364, 19.53819693002599;
  -5.343287285569478, -1.154224938207235, 19.58106282431454;
  -5.310264464024894, -0.6158316659211952, 19.47952409053889;
  -5.336240068546262, -0.9767046891579491, 19.60062389343295;
  -2.79621616874526, 0.6038678644571841, 10.97328828165387;
  -5.307249569633544, -0.4365233999762457, 19.58496059877998;
  -5.091242432191101, 0.02091860558716317, 19.01619597193113;
  -5.271169329469114, -0.5653400658644406, 19.77426944150195;
  -2.369225398793787, 1.019859999779268, 9.698760128787962;
  -3.432754522934799, -1.919935023342945, 13.3547224133077;
  -2.374754565582917, 0.9388063203325574, 9.729255183043307;
  -5.193970005340079, 0.1289543468217707, 19.68977367083596;
  -2.320914028728563, 0.7903890940521431, 9.799571211850875;
  -5.132686885414728, -0.004392721218273896, 19.92348713705428;
  -2.342975964769257, 0.8498364152777789, 9.905393273967963;
  -5.114621677397834, -0.1239251501709818, 19.9920942433313;
  -2.304532837226122, 0.7880741849548344, 9.826566947958703;
  -3.346039484553479, -2.289193298731663, 13.58526893212753;
  -3.130711400908913, -2.473454641956235, 12.9991530201896;
  -3.177677463848524, -2.364709531391914, 13.21188306099759;
  -3.214404125525535, -2.003789981700841, 13.36255609073887;
  -2.410667248095124, 0.6763583311139395, 10.58586668830832;
