m=[-9.896678253844513, 1.488984681503328, 14.44937755305879;
  -15.76574550098269, -0.9684469780930904, 22.57292079306271;
  -15.76770167553136, -0.7758235366607857, 22.97940787139149;
  -15.77118773294311, -0.9623475196164212, 23.02748132876049;
  -15.40003651027793, -0.8951234390160985, 22.80297610699503;
  -15.21004201865017, -0.77150115251226, 22.67722595893655;
  -15.76274904959967, -1.237350456634569, 23.6673111445836;
  -16.17976913597183, -2.317712823417288, 24.41677307409707;
  -15.84573838184113, -2.164391294994731, 24.08835811354336;
  -15.76788285767944, -2.280898501596338, 24.125692305806;
  -15.51683629979193, -2.42248516866478, 23.99888313737852;
  -15.52474127323992, -2.446341482223918, 24.11256789665963;
  -14.97507994471825, -0.4710770526342483, 23.70784129738985;
  -14.78646932621977, -0.07638269626187884, 23.44350781258788;
  -15.12385817585679, -2.629642288493547, 24.26296517367717;
  -14.82007526159094, -1.081570060461447, 23.88018283349092;
  -14.73477127242806, -2.292277675622833, 23.75129144278806;
  -14.42557136393416, -2.833402965848748, 23.27947087947562;
  -15.27611089342759, -1.625583927846314, 24.6060777470947;
  -8.021157010629972, 1.469887296838725, 14.22927935018498;
  -13.79057859159952, -1.449331405787607, 24.12615269606453;
  -14.42398099844633, -6.209046504422377, 26.50491295333491;
  -14.2028614767613, -5.732908758229544, 26.1094061558372;
  -14.37923531800821, -0.8540631481074319, 26.46724958637603;
  -14.57233466534826, -1.074817470750991, 26.81390331556078;
  -7.493946148091777, 1.310669938541066, 14.40349809579037;
  -14.5890465069288, -4.832887046494328, 26.89068737417451;
  -14.23873011969597, -4.420825441861508, 26.28646317656161;
  -14.31789290490321, -2.13047819363453, 26.48846520461176;
  -14.38981461238367, -4.035801754993518, 26.61943883949548;
  -14.42453011452466, -1.407102771671037, 26.732403743447;
  -14.41362687128407, -1.596521794590417, 26.73143666255194;
  -14.41349379924564, -0.8711821486804697, 26.76738475451113;
  -14.99638384001069, 0.03179854260071791, 28.03622268894134;
  -8.808629208411093, 0.5172332424488697, 17.10276206948402;
  -8.908631469579333, 0.7820873382061399, 17.45220033539783;
  -7.416441536198937, 1.293738841172311, 14.79200258033138;
  -7.895334476196079, 0.4796653069934947, 15.77969607102949;
  -6.972620221455272, 2.639319633762761, 14.21473013021771;
  -11.66857320752708, -5.216449570898793, 22.98282002760282;
  -6.902563286550412, 2.568733511479923, 14.18837298752381;
  -14.05140553788941, -1.4187030599452, 28.36970616629046;
  -8.478164484638704, 0.4740708609591036, 17.62902339832183;
  -13.93289807225467, -1.614187646835216, 28.22875028900157;
  -14.12577291693469, -1.393388236345722, 28.87367614915917;
  -13.61700869725503, -1.095644081679999, 27.93860888284398;
  -13.66464723224589, -5.674619615488454, 28.12500290299036;
  -13.94628627994672, -2.91565069603164, 28.7155681992389;
  -13.88873765606141, -0.8113523718821153, 28.62458308508088;
  -13.78915517060319, -0.3450547206133046, 28.46147179471688;
  -13.98604541304246, -0.6581334993176677, 28.86345176196434;
  -13.90049999561549, -0.4713620815683789, 28.86534831210385;
  -10.95805329339698, -4.379390445907671, 23.06358162187914;
  -13.72643147311165, -0.3459015790837686, 28.87909495429231;
  -13.09498560912524, -0.5386126131172314, 27.69672753546611;
  -9.029132491008408, 1.292823196770233, 19.51475824038682;
  -13.39019395436595, -1.13254835426054, 28.63431003432754;
  -13.76686009303853, -0.246761121898873, 29.74835236486612;
  -10.50036443582207, -4.374714684403887, 23.05218205931427;
  -13.59935355362004, -0.3823038142053056, 29.65987986849999;
  -13.82163655957693, -3.585261893514098, 30.20361912715318;
  -13.30707827779637, 0.1836432097562165, 29.19368084365276;
  -13.60885477617397, 0.3393880125785198, 29.85001337166126;
  -13.74987433795131, 0.6200455773788088, 30.15063994880753;
  -6.083881342002904, 2.080597783989089, 14.07971688722906;
  -13.87652145218655, -0.1292628249095739, 30.53289456671721;
  -14.01488763569464, -2.166442800255357, 30.86541877433819;
  -13.53275674151012, 0.5193641516969134, 29.88958952516409;
  -7.819760045879495, 0.8815435822858182, 17.80522708000661;
  -13.92287326047361, 0.7926169441294872, 30.79723214444741;
  -9.793839825589528, -4.246949112836207, 22.00483531149235;
  -11.07500859167661, -3.42562031625276, 24.76930684386188;
  -13.59198622244548, 0.5444735656414205, 30.32323354112683;
  -12.55079767556969, -3.430299140632249, 28.11719215778555;
  -13.82352687986542, -1.733637260456941, 30.87735671010043;
  -10.44576394622219, -2.977789461599024, 23.65229969631595;
  -12.60396806312965, -3.083108881487988, 28.30022662756714;
  -9.772224182987078, -4.147076987986035, 22.24164944658282;
  -13.6896428616652, -1.467884817512282, 30.72893731067457;
  -13.09466453407173, 0.3771107710628275, 29.47561859613852;
  -10.11007033797458, -4.616675515672068, 23.1160443421474;
  -13.49409806178214, 0.7160076726757845, 30.58150741199776;
  -13.19544806541894, -0.5073679415633838, 29.98772356549302;
  -5.991682665821084, 1.955805661204652, 14.33163949962654;
  -5.91594385016636, 2.15278389379053, 14.19904911099613;
  -7.344555314961215, 1.487739586162068, 17.32499943300959;
  -7.052226290702001, 1.34205898315313, 16.86223386910351;
  -13.7730896886976, -1.190663170785174, 31.76266014144599;
  -13.14977837154203, -0.07557660486712539, 30.46039834297207;
  -13.29949965199749, 0.6274893538794135, 30.81000907904025;
  -13.67076505706747, -1.76730360287442, 31.62602901641727;
  -13.29188274757724, 0.1591069528802847, 30.95558981090331;
  -14.02203419346786, -0.9755454682075467, 32.73106866027322;
  -13.00230103200591, -0.3846729348394526, 30.72525190860376;
  -11.94017698259733, 0.9195259587627365, 28.32562610205225;
  -5.776160089389033, 2.029045226750909, 14.36010837987479;
  -10.41627568262526, -5.254374721153424, 24.8472981755965;
  -5.794098881325044, 2.143915757695374, 14.45029175836239;
  -13.09689544922578, 0.3058115454633986, 31.14463432988843;
  -12.89422598417864, -0.7769513312658708, 30.71763073952029;
  -13.69093959351338, -1.622330754893842, 32.71902133988455;
  -7.834525359778784, 1.166963464482915, 19.28374278681418;
  -5.717775252852452, 2.133346975995429, 14.46899718896247;
  -13.2684793758122, -1.22738084919188, 31.8897536658441;
  -12.69204198478493, -2.17425309146569, 30.74832438957438;
  -13.73766480369453, -5.649043606335852, 33.22282638388911;
  -13.25850962694256, -1.330983880672006, 32.12741562656699;
  -9.671507537225093, -4.972443252285888, 23.76207982775648;
  -12.50797296393175, -5.432493751365572, 30.43360835794281;
  -12.40811566205158, 0.9385113534528421, 30.24232595022588;
  -5.671943948892372, 2.03772814016782, 14.53190934468832;
  -13.00379786428188, 0.7615338759525061, 31.73051507761974;
  -13.08550719896035, 0.2967151791618353, 31.93385338197145;
  -9.552594995566107, -5.333578468223807, 23.62349116145846;
  -5.705318575742028, 2.121696860804002, 14.65759460093079;
  -12.99385584878618, -1.236929777500325, 31.92878296340808;
  -5.669358600481613, 2.245279991114384, 14.67795079898656;
  -12.67162637736933, 0.7215020747508878, 31.29896687334073;
  -9.028764202725977, -5.05831044834084, 22.69221294096911;
  -11.91314106768819, -2.936612168372854, 29.59322865400764;
  -13.16792327814259, -1.150914355107566, 32.6886318486129;
  -12.79648449529662, 0.5514949938111213, 32.05963891819699;
  -12.95582395078708, 0.2583275536043214, 32.44214939533237;
  -5.569878958338158, 2.087218361861376, 14.68663438168144;
  -11.81639070883602, 0.6729723243151206, 29.72748633497311;
  -12.8962572375586, -3.860224052188025, 32.32701920595452;
  -12.14669525251483, -5.419707079139618, 30.53761374115908;
  -12.51172670207039, -4.30897222923941, 31.45022200708451;
  -12.44638890930044, -5.326588100852749, 31.29601072705648;
  -7.457261009912863, 0.8175043154664765, 19.31730001801491;
  -8.585169324563479, -4.864837477105702, 22.04250074722251;
