m=[-7.74827481766442, 1.271691332360095, 12.17557702463323;
  -9.082767434916121, 0.5344907487404992, 14.60465397413931;
  -15.16241374029218, -0.947011668029572, 23.78819524239183;
  -9.004711541139193, 0.7772821813853414, 14.62064439219084;
  -15.07955380122114, -4.188329786948365, 23.72537156902298;
  -14.93236639952541, -3.640767845365434, 23.5125941703913;
  -15.03009584511487, -1.951709290316208, 23.68939046046546;
  -14.94768396025029, -2.678394884437941, 23.56809783115417;
  -15.04024140117028, -1.250338244912482, 23.75073284355148;
  -14.90497565478456, -1.421174210022198, 23.55452447658838;
  -14.65336318953594, 0.2530409019785264, 23.1565593919647;
  -14.99190477797447, -0.3360836151066808, 23.70313140354931;
  -8.236300165395431, 0.5043588651224327, 13.52514403728731;
  -14.91230755521019, -0.7394165537547676, 23.5943893122568;
  -8.298670956633037, 0.545970676743198, 13.73600024436;
  -8.886666729720281, 1.014847214175241, 14.78960471944063;
  -8.732989625450706, 0.5065815578522719, 14.99823558969257;
  -8.496198671642825, 0.4988768623266717, 15.04670495121877;
  -14.51564735359935, -1.195011597974851, 25.20079805996203;
  -14.35989562774798, -2.614986445911784, 25.10128126663937;
  -14.51698510674111, -0.6707103229177508, 25.38646690253196;
  -14.35165622141181, -0.5059227945810826, 25.13490715922065;
  -14.66908495442782, -0.2433119078930293, 25.68086622724163;
  -14.40911040055115, -0.3449266967942793, 25.38146598141754;
  -6.399532396666253, 1.981872562812047, 11.90691346630793;
  -8.378211893981604, 1.055428725502863, 15.25423531474142;
  -14.59216135240068, -0.2220702165894215, 26.01611513129482;
  -8.274934153684795, 0.8986943651733828, 15.28694601358557;
  -6.324845354776161, 1.99677238866207, 12.01964342602133;
  -8.214078202403897, 0.9109854615181879, 15.35011577894036;
  -14.95173613566274, -1.033476661885617, 27.05669643853645;
  -6.299829625190342, 1.861229320908061, 12.09864519906391;
  -6.284126998692864, 2.067913378005427, 12.09708521927654;
  -6.324527663724782, 1.933085192271482, 12.20724637314843;
  -7.843940768666742, 1.3377120834505, 14.8663999313089;
  -11.05420971700678, -3.157139820060364, 20.49579036931322;
  -14.14953800417291, 0.5244968319083259, 26.037096408793;
  -14.57210484040886, -0.2691343009845277, 26.88891493322595;
  -14.22147715530097, 0.4225282672891345, 26.38254218841879;
  -7.82963601550133, 1.460673366644242, 15.07298471754008;
  -10.35845717509596, -3.838904357321752, 19.62147892965454;
  -14.20328751513403, 0.5894537922466793, 26.51827645258571;
  -11.27486258453425, -4.025309524581265, 21.28312591953091;
  -14.20442592986753, 0.8298473564133434, 26.5867750967902;
  -6.163325775517746, 1.952365724723894, 12.26035225221709;
  -14.24380321348288, 0.617803382381123, 26.85548478381693;
  -14.56798526817155, -1.533650443732905, 27.52792781754575;
  -14.40137147642372, -1.280340355805308, 27.32992570779204;
  -14.47061330530395, 0.4599930010959814, 27.48004224585494;
  -14.46447524983856, -1.840717360989242, 27.58006818095442;
  -13.55405915751341, 1.032228447289345, 25.94778386889266;
  -13.89546093926821, 0.762429625333406, 26.58740196506331;
  -6.082137501975652, 2.033838396044284, 12.2982778514383;
  -14.18475300522584, -0.3827625532733099, 27.19456290461426;
  -12.06581788558315, 1.037436642949443, 23.35886797360358;
  -6.047501521625596, 1.952230166356301, 12.37280487339265;
  -6.016928277648787, 2.011369613673048, 12.35072828686801;
  -13.99450441830444, -0.2764467829166655, 27.25518061358002;
  -14.23741096075761, -0.9913676824535259, 27.72861178859822;
  -13.96938806705656, 0.6991473436020478, 27.28029709855549;
  -14.15710790645287, 0.02216122933389243, 27.63756148785237;
  -7.952546070886261, 1.098782738358386, 16.02777992972058;
  -14.57400647828762, -1.57348311179655, 28.4646113888447;
  -14.07333009865265, 0.258222786793069, 27.6235161584581;
  -13.56597813371427, -1.905175208291037, 26.71690382280302;
  -6.052512796870929, 2.085660345644743, 12.56744158395995;
  -14.25439916372449, -0.7562195178922269, 28.09889081913906;
  -14.26834663314761, -5.342718905940166, 28.18989098464055;
  -13.82478423504531, 0.1117718580279393, 27.40742112685249;
  -14.00649918344552, 0.8222850441073993, 27.75591693716969;
  -14.11561567219433, 0.6259501636112242, 27.97331555832115;
  -13.10789320553499, 0.9661495374120604, 26.07294650892732;
  -13.88853820904585, -0.2667949984570582, 27.62154987664999;
  -5.946683828395494, 1.99417771021725, 12.49496629648578;
  -13.97857464406454, -4.629877522824909, 27.93346531686582;
  -13.4464263592595, -0.6300747882544495, 26.94402188093202;
  -13.98403041381874, 0.3984668631724901, 27.98192737255267;
  -8.058180926689229, 1.358643390349551, 16.6064346326023;
  -13.69843070279655, -0.1492250628003857, 27.54301476201306;
  -13.94891441730834, -1.349194871822056, 28.09519975400864;
  -14.22985916718637, -1.067532012547611, 28.78606175077935;
  -13.18741999575374, -2.984418286893729, 26.77002373320365;
  -14.01358898913501, -4.998800612010117, 28.56128694057532;
  -14.14118280545323, -1.141466845871776, 28.82426433644572;
  -14.0871858023731, -5.286177147105379, 28.76460502634747;
  -13.68454923514756, 0.8203652333225908, 28.05003799312573;
  -13.55068579559843, 0.3836412508312043, 27.78731457430289;
  -7.872869949264633, 1.543428246693979, 16.6332878352041;
  -8.15047158512626, 0.8503302890035663, 17.20573246932378;
  -13.95069204384319, -1.307947680866454, 28.64417192271582;
  -13.87377727076561, -3.870309752182589, 28.65559063470948;
  -13.70227832221333, 0.7971111913605622, 28.38417725466663;
  -9.836943269768829, -4.578233969320877, 20.70383109030062;
  -12.8851149208795, -2.693877230657901, 26.78035471724688;
  -13.82293734545183, -5.415607623862036, 28.64495863881347;
  -13.71346801011168, 0.1160971530645179, 28.44684759878369;
  -13.59885509931084, -4.753622958927865, 28.32014398462373;
  -13.82505684409136, -0.9533947278176529, 28.82313987073904;
  -13.58242799087409, 0.34376903830784, 28.52829577963171;
  -13.76789488459251, -3.54065931770206, 28.96319466484764;
  -13.55934872001072, 0.1247913755665259, 28.58176304942875;
  -13.55991894123947, -4.032433432205703, 28.5750457250799;
  -13.58994704432589, -5.042160625676752, 28.64438239225442;
  -14.33847474836967, -5.527061761971219, 30.17357480575906;
  -13.81435884462153, -3.394557313751341, 29.22276610223131;
  -7.593352549792652, 1.345586766638107, 16.63182059482285;
  -13.85971525810976, -3.634319364750763, 29.55512373018079;
  -13.39819096578992, 0.09687597450286936, 28.73732958003983;
  -13.4089501479498, -2.966457111503601, 28.75561235282599;
  -13.38817866557701, 0.4926213518489252, 28.72910435240213;
  -13.62872087020251, -3.35360526852147, 29.21578921079592;
  -13.39587451748581, -2.432464000059602, 28.80189894065591;
  -13.81524117443682, -3.943086740832279, 29.66571741298874;
  -13.54676213668445, -4.1188448077309, 29.15943917951373;
  -7.503329784485648, 0.8418389962472082, 16.6902263191476;
  -5.575666255084762, 2.464277008882004, 12.81559515600625;
  -13.60623018420924, 0.2372118891554445, 29.61169752297055;
  -13.33291119264379, -2.757652160382597, 29.04595988380154;
  -13.57258551640576, -3.243720663867025, 29.64454817951744;
  -13.36419220844533, -3.870948817294523, 29.22243527288841;
  -5.699653947284213, 2.114799021192801, 13.13541258907092;
  -5.690324508585621, 2.012867937558368, 13.20251451945951;
  -5.600819031164055, 2.373757500660152, 13.03422095105789;
  -13.0119324724802, -2.656512251959122, 28.79975316445083;
  -13.69737527098614, -4.445444725043803, 30.26906239993111;
  -9.586259292941046, -4.592412924285606, 21.58226179249129;
  -9.763851993092594, -0.3165137704489913, 21.99719973402956;
  -13.18532515258567, -3.792957550178332, 29.37547036720998;
  -13.33795087037404, -3.192721530932339, 29.79544975062861;
  -13.52769166963864, -4.968666908057863, 30.22005116896958;
  -13.59151542533798, -4.738701848973455, 30.49964187104479;
