m=[-4.471523639137467, 0.1825140833051287, 7.610425986312499;
  -4.369767020050029, 0.198337604147998, 7.589912163650705;
  -4.212375617976073, 0.2473408182239388, 7.460086035763354;
  -3.190127607448942, 1.007132722707981, 6.062471756101905;
  -7.357501708007097, -0.725412939215236, 12.65863768470693;
  -4.176467517992451, 0.4535828025988726, 7.71552163307719;
  -7.366062019001819, -0.6064166020075233, 12.78831297813193;
  -7.453916463179113, -0.4913800972568954, 12.96785354735132;
  -7.292910822580868, -1.328064175859415, 12.74810141770018;
  -4.156234223466956, 0.4609487344708574, 7.766991616410589;
  -7.319165004450443, -0.338158335737611, 12.79933393700113;
  -7.276180159225643, -0.2564989951848731, 12.74320607701324;
  -7.358591563044188, -0.122054849240572, 12.88253535503625;
  -7.23908633439298, -0.1732899580695329, 12.75155914732335;
  -7.285600539675315, -0.1108756167614283, 12.98937270931652;
  -7.150671593219951, -0.06657204319962203, 13.08355505350665;
  -6.909581865372726, -1.564899036896626, 12.79061281414025;
  -7.205361369786298, 0.1379067228332017, 13.35788879778558;
  -7.148086104447644, -0.001860357149672176, 13.31154145498469;
  -7.218504196204393, 0.2995767471627568, 13.47732274271938;
  -7.288044125103827, -0.955075248159194, 13.59310629027333;
  -7.214941118315143, 0.1026856948872501, 13.488115230044;
  -7.125739431061962, 0.4162981354229386, 13.33742261653942;
  -7.144999341656996, 0.3099035204451712, 13.47129121515942;
  -7.196921911767539, -0.6398355584605544, 13.65782012465883;
  -7.194276410178133, 0.2286922279526945, 13.66210370693754;
  -7.264087798215693, -0.9244118636156525, 13.85076425426937;
  -7.049504227219136, 0.3867990338885444, 13.48843362322883;
  -7.120431959641733, -0.1921383274193963, 13.65106849327335;
  -2.960042563288299, 1.022442005063118, 6.380453408317056;
  -4.096925651586356, 0.6907589948552164, 8.443013211873028;
  -7.050259786289489, -0.1392705006471826, 13.73082590882212;
  -7.167120806012195, -0.4990550573348531, 13.95859900509061;
  -7.059233108414222, 0.01105037023597646, 13.78106251503203;
  -6.640701006414607, -0.9326049915746476, 13.07822910781843;
  -3.978530793385109, 0.7799667524580342, 8.405581226929659;
  -6.994901924705056, -0.1343701417758614, 13.91147358255995;
  -6.938724694841087, -0.07558760932599845, 13.95148107443699;
  -7.148890551567529, -0.5363137771311107, 14.46173166221685;
  -6.925371440297641, -0.1419375465814806, 14.08001932187382;
  -3.795747231735233, 0.6726287514025178, 8.31387540187894;
  -3.72536956179863, 0.4179692833225833, 8.286622458930754;
  -2.847115921512877, 1.206674012556963, 6.625805580895696;
  -6.886675009505541, -1.771031101325364, 14.48733525101676;
  -6.907640448774612, -1.697391943404006, 14.61235830220558;
  -6.961728384456101, -1.825516888953353, 14.84552459749258;
  -6.770535474540354, -1.49784307388215, 14.51947329051014;
  -6.913490197266223, -1.701195392453513, 14.82039835123813;
  -6.787785569524316, -1.232546932000586, 14.59412849449222;
  -6.804032069298384, -2.068741731603416, 14.64569594552028;
  -6.817298092319037, -1.629270316040159, 14.8899943571991;
  -6.743545886613748, -1.754016627190489, 14.81701319234046;
  -4.899019790788977, -0.5366027231096681, 11.16730954954945;
  -6.666261314240309, -1.360981921286054, 14.75466313600182;
  -6.800515381672118, -1.441560606984851, 15.12288711682155;
  -6.760904813218552, -1.944876190808652, 15.0625605889804;
  -6.601585728782791, -1.580229609436956, 14.74718401409876;
  -2.952058865665507, 1.07918986660317, 7.306515533408383;
  -4.656828451252746, -1.617337790183104, 11.38521251393203;
  -6.508712294337633, -0.4700391866178076, 16.42039891166902;
  -6.456531193811536, -0.3213130379350375, 16.30352000047345;
  -4.417156548572443, -1.188110175281849, 11.6493261226625;
  -2.980326701178949, 0.6386768173256654, 8.388170715274372;
  -6.516942216173126, -0.4970731021296727, 16.96963344611093;
  -6.592833021774784, -0.7793739141241001, 17.15808246769958;
  -6.545273894952324, -0.6341140261011339, 17.05558671446499;
  -4.318998763493548, -1.396598441461422, 11.7044110079453;
  -2.972101482478283, 0.6746828448686476, 8.476124123912129;
  -6.464270107481854, -0.7929007127221734, 17.02230336775707;
  -6.65038373632198, -0.5997894286190634, 17.60914075312147;
  -6.487405290817339, -0.462302458536655, 17.3794895711865;
  -6.507308891101643, -0.847952845725375, 17.56977152419664;
  -6.41226304871989, -0.6338433736264743, 17.50762032733469;
  -6.214326883887338, -0.1388126853532505, 17.42521803226089;
  -6.274689009242546, 0.1949454902227386, 17.58867402724453;
  -6.451319535580666, -0.877759662655928, 18.08094951183072;
  -3.698299262303328, -1.319833619143898, 10.96069284126164;
  -6.254100264324349, 0.02316452091635423, 17.63265321832382;
  -6.22840230899431, 0.295412451462082, 17.59501049263778;
  -6.316829576640298, -1.04121931249011, 17.84779596518163;
  -6.223751065798886, 0.1509957345218536, 17.60915366595178;
  -6.289280095115903, -0.4174226715327758, 17.86531840461078;
  -6.334536487809702, -0.5203599483515909, 18.01472243636483;
  -6.155096215466321, 0.06717078215689436, 17.54525216267803;
  -6.365202673836741, -0.8156725145580808, 18.17718074879495;
  -6.337133100366489, -0.6364503381538516, 18.11061958258321;
  -6.220544374187397, 0.1869897230996999, 17.812792558613;
  -2.766575206295492, 1.010592764435254, 8.694105641635723;
  -2.838970985909533, 0.8299134451874245, 8.899375523542236;
  -6.162296336984784, 0.06080623032290768, 17.78792848425593;
  -6.295229346722162, -0.9887434664840343, 18.15470810994052;
  -6.256695172881972, -1.17136990846663, 18.05209337625286;
  -6.124983036980102, -0.0907918924685608, 17.75303559457601;
  -6.212133474872597, -0.2613912360909071, 18.04573120877146;
  -6.066284762460104, 0.3417722164587211, 17.69086079597552;
  -6.18347615660944, -0.8786102249246197, 18.06725811857686;
  -6.167446560086855, -0.4351289999108137, 18.06663160871381;
  -3.036198694661032, 0.62616009014208, 9.578248986573389;
  -6.140575284884756, -0.7640749599959262, 18.01915819268776;
  -6.075400997500676, 0.2037008885333019, 17.85183952713937;
  -2.765323514007859, 0.7618301743933077, 8.873665225986775;
  -3.845939678105975, -1.755872397740489, 11.83597509040903;
  -6.137834798838499, -0.6639329499325726, 18.14857747935126;
  -6.107145704810293, -1.038192902160765, 18.06745091325485;
  -2.725514285955176, 0.7913988019771269, 8.796731505843139;
  -6.095450841473472, -0.5242847457502132, 18.0423948421419;
  -6.063341218452257, 0.3612298826714377, 18.01762624609739;
  -6.100577093376421, -0.3493237634036612, 18.15359002281659;
  -2.758838901836061, 0.7348648060924633, 8.937422273442445;
  -6.107877961850841, -0.1099843496020948, 18.31903924721611;
  -6.09543276582795, 0.08580099720627121, 18.29961934434104;
  -6.014287172719746, -0.4716364944934293, 18.15259019578199;
  -2.860479108977428, 0.6002243244892634, 9.343103704528728;
  -5.963290210038849, 0.1949073829021055, 18.15657772022685;
  -2.694456022066317, 0.9548367880185378, 8.948129337991611;
  -5.96576023318129, -0.181265931249, 18.25209964572045;
  -3.848408512640572, -2.125227598433741, 12.24619662020962;
  -5.645523684939228, 0.4118716761074011, 17.49808830335648;
  -5.990220473771496, 0.1907693813574673, 18.59775188955531;
  -5.980990489412203, 0.06743454396422957, 18.58056669845917;
  -3.721862505355786, -2.226426238903354, 12.07451603267246;
  -5.967362678022114, -0.04822739914911184, 18.65890178364452;
  -3.637934730547516, -2.244466048971225, 11.95831717495721;
  -5.972561231879156, 0.4292749739207581, 18.85833922273102;
  -3.784895980387225, -2.214994433643546, 12.45582292780664;
  -3.640597103293364, -2.22932993636051, 12.09132456404861;
  -5.877863865155078, 0.3071072891523513, 19.11584698681717;
  -3.743602153137782, -2.533760999768093, 12.70512160598722;
  -5.864605799131806, 0.4393903246131198, 19.15286855414254;
  -2.147055277229901, 1.648185617709219, 7.90190414130111;
