m=[-12.90877451755008, 0.3566936824238806, 17.77085893826473;
  -8.610861086931134, 0.5476995278928089, 12.67072119863675;
  -8.545178302978441, 0.4689943936274053, 12.60748599180617;
  -6.604246363523137, 1.920000147703235, 10.21180541369461;
  -6.671885595667488, 1.92101606847775, 10.33017048029454;
  -8.83892960354758, 1.084986840643958, 13.41409874761662;
  -6.621897194094767, 1.803164560789022, 10.34870980498763;
  -6.596753268308444, 1.996631664227636, 10.33083581237638;
  -6.566910442212385, 1.848360867521601, 10.3198335036016;
  -6.570070517410177, 1.919050298650052, 10.32974447524529;
  -8.582480800363111, 0.9054429212867031, 13.2025409471456;
  -15.47161196375154, -1.13331557178341, 23.09265073680149;
  -15.30401965907802, -1.76215620153372, 22.93048120712838;
  -6.508700041169543, 1.979212111082498, 10.37731002288619;
  -15.32927542947725, -2.550522488954788, 23.03339572630864;
  -8.55447269976608, 0.9240142519929077, 13.30890754578784;
  -6.552108083752742, 1.817686472752177, 10.46152688080904;
  -15.27521880335928, -0.6094135836743774, 22.96308129522203;
  -15.27554108241773, -2.344637515425918, 22.98414170262649;
  -15.30261770398552, -0.4715985649374843, 23.02692081712899;
  -15.31314690741196, -0.1819572452321346, 23.05551367744025;
  -15.08074629055157, -0.2918159183217014, 22.82655184581297;
  -6.471776155131642, 1.882767841738378, 10.46645255482431;
  -15.16885078598173, -0.1768679828609366, 23.24471941033699;
  -7.969598227485775, 1.260708231239588, 12.75069265812577;
  -6.408429418141205, 1.959032211279294, 10.52418776850491;
  -6.425652380808565, 1.898892079876133, 10.67705800726858;
  -6.454385104446748, 2.011397318585402, 10.72197169971325;
  -14.72162081584369, 0.534416657304189, 23.24689489178093;
  -14.90439398798981, 0.783341442736715, 23.53417157122811;
  -11.21952469964723, -3.629170212488011, 17.9852546742883;
  -14.40366353291258, -2.963567860862892, 22.85700439619294;
  -15.01515702839819, -0.2030825348960551, 23.80835369626115;
  -15.23824952398856, 0.6206198262854507, 24.41406256901614;
  -15.94620225461896, -1.899687899654781, 25.49940347509785;
  -6.262592234778326, 1.917350632580647, 10.67715348139965;
  -14.90235908155295, 0.8389316872788575, 23.93416347624956;
  -14.91856016246472, 0.6315306715891248, 24.13597707572857;
  -14.95080921331377, -0.1415616671472935, 24.2240694629288;
  -14.97388614877758, -1.172281085666333, 24.3982196629452;
  -14.87423443144305, 0.4936456315949222, 24.25470410312531;
  -15.12268838559362, -2.02268872683968, 24.73106156614158;
  -14.91835317150428, -0.2182411841971938, 24.41657008416845;
  -14.89015176863425, 1.034432851320299, 24.40245214112077;
  -15.1816484935624, -1.720008859013807, 24.85794192311514;
  -14.89341465861204, 0.7901549779096565, 24.42154168281738;
  -15.09286812085567, -1.558934402513871, 24.75881081869165;
  -14.89524816756308, -0.3173755686885462, 24.49691559686633;
  -14.75185614043723, 0.3700194134872946, 24.39234553996496;
  -8.533797271025865, 1.345184998941064, 14.62738157910054;
  -14.77665655981698, -0.2294627624211274, 24.66541083513533;
  -14.57978363147475, -5.586794352417489, 24.37198113697536;
  -15.07191347021919, -0.9243232090938471, 25.17905628506598;
  -14.67321575924499, 0.07064421411542843, 24.56101589394266;
  -13.56222312754266, -1.707224816456572, 22.86420501244858;
  -15.31587858642297, -1.454298582687157, 25.68172980280973;
  -14.62354517140079, 0.6376450512002514, 24.83476963778216;
  -8.233639139932812, 1.51108640412352, 14.4503300776037;
  -14.69564170086246, -0.2089345715576769, 25.03091190590934;
  -15.16593426692678, -0.4042982649797342, 25.87250780099279;
  -15.36418922156855, -0.9461323329149902, 26.22691401699468;
  -14.6888573760461, -4.380406107718337, 25.15180897084285;
  -14.55213811136464, -0.599090812099829, 24.93945877061103;
  -14.65422747024419, 0.4295798521058269, 25.11477677240031;
  -14.62926757890294, -0.1070117824045184, 25.17076083183107;
  -13.84111992270322, 0.1468035236477727, 23.90302403689461;
  -6.010601951910953, 2.388923986916768, 11.0043902118196;
  -14.7155861481388, -3.110820813580607, 25.44954823828885;
  -6.039707766444471, 2.283369390106489, 11.11045088922471;
  -15.00741595950384, -0.9690558801935587, 26.0168623149556;
  -10.3544053611874, -4.245043146102118, 18.32537781332106;
  -14.01683960502547, -0.1615905184246926, 24.4191117616262;
  -14.79256717220205, 0.5765275545401163, 25.77005296423847;
  -14.92056006924635, -4.789020814805968, 26.04831034192831;
  -15.06104154147765, -1.050889014119744, 26.29691023646033;
  -14.59937017996867, -4.949748225182851, 25.54727002945015;
  -7.802548771746811, 1.273029266644482, 14.15075809074351;
  -6.062793840570684, 2.419578702463896, 11.25458091602497;
  -14.68918992868187, 0.4099628553027014, 25.74983202266655;
  -14.26456349758923, -0.4107768824903618, 25.12980820377691;
  -6.080343764539109, 2.040870538266855, 11.34224464003946;
  -14.58442547926438, -3.638630977613301, 25.7799032516878;
  -14.49843900108333, -5.114992576316348, 25.71399454978788;
  -8.008610354108928, 0.7992822590210597, 14.67535858984765;
  -14.70950053635155, -2.711135374791758, 26.07935130905016;
  -14.6065787620608, 0.1647825679992323, 25.90779327436848;
  -5.98264128599418, 2.288044789226295, 11.2510562050875;
  -14.49830387037222, -4.558993998122046, 25.82056462258353;
  -14.37085102673075, -4.642103498118423, 25.6893700816471;
  -14.59821937061003, -5.145880339264003, 26.11845292283521;
  -14.4035988009475, -3.308472627196929, 25.91072107433884;
  -14.32541948054626, 0.1796004122763731, 25.79751293064216;
  -14.08118596840692, -4.885648129942032, 25.38643634132318;
  -14.40202670936916, -3.839309638040134, 25.93942604433059;
  -14.47008770306223, -4.821518271111213, 26.07118226577135;
  -14.45769139911946, -4.067757935322022, 26.07566547051467;
  -14.46396141909604, -3.17226051286333, 26.16311732683732;
  -14.48268728738007, -3.556013448378244, 26.21088165896397;
  -14.85509086864752, -4.453595259728333, 26.93367267823998;
  -14.67758076457978, -3.440088968604965, 26.76174551339953;
  -14.34421328678099, -2.837299918676489, 26.26532998892392;
  -14.25815160934978, -3.494945533089799, 26.11994541742657;
  -14.22149174047983, -4.067546109810118, 26.07164694667216;
  -14.66253563956868, -3.214531348870313, 26.85146764473333;
  -14.37234403064656, -2.318952333011566, 26.37772486779189;
  -14.67880023860118, -3.747815458666975, 26.94255630305991;
  -14.33363051046533, -3.891661240171507, 26.34861810041677;
  -6.062252265058872, 1.930800365931166, 11.84595100096841;
  -14.23252467658453, -2.538395928345645, 26.41013757680822;
  -6.052273087250418, 1.976761814475868, 11.90557817157478;
  -10.33587899912972, -0.2649231939601544, 19.5677841887965;
  -14.16699925409221, -3.650987901446177, 26.42544864852831;
  -14.41375184023656, -3.065402605969436, 26.87330231397616;
  -6.097443764543232, 1.92888849159491, 12.08374140382585;
  -13.79469601772364, -3.702961573067776, 25.99854904645836;
  -6.047099751864178, 1.954126672152514, 12.01079005677487;
  -14.30890265857676, -2.604284514898854, 26.98158792444628;
  -14.46025952892209, -3.711830371982587, 27.45502042184291;
  -13.75506394596134, -2.921385174847328, 26.18988833225691;
  -6.274462884924267, 2.06447254413643, 12.57942177602186;
  -10.15904334014065, -0.974673968870772, 19.74292332330857;
  -14.21885060701893, -4.254692677275972, 27.28374425390283;
  -14.22310610521232, -3.707382614958931, 27.38575100683658;
  -6.720675321548976, 2.939704896865057, 13.66822291079246;
  -6.948895667685225, 3.105565851445874, 14.13881074098965;
  -9.89676573534263, -1.154240690851665, 19.82559096502823;
  -6.557785754664737, 3.116531907027777, 13.6020059487805;
  -10.51604429758772, -4.967143092027367, 21.24758191616623;
  -10.21692247215698, -3.550880444608727, 20.80354534167173;
  -6.865383298056175, 2.422333827133615, 14.36625266428041;
  -6.796499624539413, 2.626067497327484, 14.32005045159257;
