m=[-7.614296120065042, -1.018426785778811, 12.45212632348832;
  -7.638651957398903, -0.8654230825605347, 12.50728251338638;
  -4.341667600147678, 0.4219786397098941, 7.626997118933756;
  -7.49507366326304, -0.1163890018259636, 12.51088636970225;
  -7.483173277148727, 0.3693720474340904, 12.52270795788476;
  -7.489728281888215, 0.03605930541018066, 12.53681117970787;
  -3.952730529101705, 0.637392867422321, 7.208278627685321;
  -7.405239438367151, 0.4199605871741123, 12.57142255235879;
  -7.519070956799968, 0.0696000245485168, 12.76421706803028;
  -7.581185268947372, 0.3305699960109932, 12.87492106249777;
  -7.242554453834744, -0.08349443682687387, 12.61744812892385;
  -7.207320886419859, -0.2075493445930943, 12.69710016499393;
  -7.422603708869255, -0.1029305469159995, 13.19903982277872;
  -5.294057557803953, -0.1356941811470906, 10.02265755848122;
  -7.188341504596026, -1.282053410864233, 13.33882023038375;
  -5.067056519019738, -0.5909610243891759, 10.15052721557496;
  -6.952663709615017, -0.2854218103952447, 14.8443553193045;
  -6.900529992103328, -0.5377486593738624, 14.78590779666351;
  -6.908529799473375, -0.106394340735742, 14.88162087649507;
  -7.085185753268121, -0.2129853988375351, 15.29674237238701;
  -6.948973549389545, -0.6179680482096203, 15.04942919750929;
  -6.806229265004437, -0.006281805557477485, 14.85577104384523;
  -6.932408724514172, 0.2043764108514981, 15.18054426526087;
  -7.085809462403114, -0.5841995379331084, 15.60234541087853;
  -4.527001123078962, -1.031973678251824, 10.45449362539695;
  -7.021176000797975, -0.7334555149467954, 15.60408733762992;
  -7.034295736044565, -1.083842600398573, 15.64919551347015;
  -7.020438060901001, -0.4494801859504933, 15.61975599557126;
  -7.071418958885395, -0.5290253067924817, 15.81651144056686;
  -7.039655619113368, -0.6957923561579356, 15.85980308432208;
  -7.04079236097599, -0.3124109199787823, 16.41096229837782;
  -3.047080969752308, 0.7391980074016351, 7.825557746420465;
  -3.0257767143356, 0.7718362506787897, 7.803402812732911;
  -6.994488966054802, -0.8059556348778367, 16.47886593078441;
  -6.78737460162785, 0.05398323005962574, 16.03481065673244;
  -3.037611828236516, 0.7082360918746485, 7.869169867343497;
  -3.040322749177857, 0.7756742012574026, 7.899195972529777;
  -6.907145072715845, -0.3771034004400914, 16.45537373371439;
  -6.910833929301198, -0.7467182955615456, 16.55516046522343;
  -6.767979650592502, 0.2079770397933532, 16.2422572519086;
  -6.887988412493706, -0.5749252926591084, 16.51245177166291;
  -6.745430649171853, 0.3928019041655418, 16.25457970288399;
  -6.740626773470601, 0.09100307171363199, 16.29119967222283;
  -6.77362322116064, -0.05739533747464808, 16.42469800950381;
  -6.865692075972785, -0.4988948656007607, 16.64509732837813;
  -6.808770249940537, -0.2171879315335198, 16.55459129147288;
  -6.63615035941196, 0.356204298926576, 16.18646389358391;
  -6.740059587675827, -0.3863764202778469, 16.5180788038743;
  -6.712519380971326, -0.6995231438370023, 16.47713786719049;
  -6.752827978374962, 0.228160990211862, 16.58537271676566;
  -6.738638002082513, -1.121714091082428, 16.63310278208249;
  -6.74644390605907, -1.29890707538869, 16.6507650288848;
  -6.708647152546302, -0.6066395658386015, 16.58112809929226;
  -6.711400696502867, -0.9645608232291557, 16.59473329848908;
  -6.682477781954641, -0.4739178344503641, 16.52773221809428;
  -6.702367115429973, -0.7987435408197759, 16.60099810822156;
  -6.596268675755021, 0.3750618460091553, 16.3714892291027;
  -6.692247957813361, -0.302457392430758, 16.63012211056794;
  -6.700075222605658, -0.07040676262094896, 16.77020902629522;
  -6.721016320751072, 0.1119220176942719, 16.82188432983641;
  -6.618158443948071, -0.4191737843001961, 16.66296046247461;
  -6.647093250129719, -0.9975762604445013, 16.74437184038143;
  -6.683450654002648, 0.4429852430265539, 16.85641444842572;
  -2.938711129843702, 0.9661770995227536, 8.103557266432723;
  -6.578257750212309, 0.2188925261840315, 16.68392577608674;
  -4.166283111533256, -1.778141810867679, 11.01648783943259;
  -6.535761942252981, -0.266509525292482, 16.64450546781506;
  -6.637237744589895, -0.1471356060479515, 16.90027352103614;
  -4.060974754674244, -2.121198850360878, 10.95350241029552;
  -4.430566369706466, 0.6260461597250546, 11.85860844604062;
  -6.539304118670281, 0.3790984456349109, 16.94682925456094;
  -4.105888181227127, -1.927924093902641, 11.13119559124035;
  -6.617934631054888, -0.01529603729295584, 17.19219414325411;
  -4.485419443982775, 0.6811351772942312, 12.07728059692119;
  -2.95277213334799, 0.8715019742243779, 8.416689392052202;
  -6.607054813773385, 0.4479981209289013, 17.32032781624919;
  -6.530287304473276, 0.2046206749863005, 17.14804072002171;
  -3.114812788159229, 1.531143038275785, 9.002085121901159;
  -6.525398527673762, 0.329597135408986, 17.56338827926276;
  -6.507172509465534, 0.4562455950169341, 17.5761704632553;
  -3.106294981598107, 1.495033204367124, 9.041346338645967;
  -5.962016313915475, 0.567131496833964, 16.70425335781656;
  -6.543331098671253, -1.020478469324564, 18.37438245726911;
  -6.555623710285009, -0.8221861418295456, 18.59723541459824;
  -6.449415132685599, -1.119734486893693, 18.39456626386711;
  -6.483201626817739, 0.3841949865429775, 18.58706862393189;
  -6.317286871098371, -0.8601674951190026, 18.28353872836072;
  -6.349233811030455, -0.4686164499729, 18.38141790054843;
  -6.308818240656975, -0.5997956733088538, 18.49496653127428;
  -6.26792725101697, -0.2787227266178237, 18.5063342613268;
  -6.307306221325549, -1.015551533120602, 18.62754998698232;
  -6.263093007206939, -0.8251852152300183, 18.51881774034775;
  -6.390778793216208, -0.5394267144895256, 19.01959887237135;
  -6.272285873171038, -0.3465239079445586, 18.76487943163393;
  -6.28164620190689, -0.5733505089728033, 18.93345100946863;
  -6.48444971167137, -0.7132572815266837, 19.74412295814638;
  -7.1050809454332, -0.2864843280307846, 21.63078235418041;
  -8.396796783864234, -0.6175785407881804, 26.39787700797601;
  -8.39500404813792, -0.5726392616569294, 26.54646390486303;
  -4.997228554305052, -3.375474755932191, 16.36775120499751;
  -4.986053710096025, -3.373491190180817, 16.52111326388496;
  -8.140349495517718, -0.6024145052627803, 26.11028983373558;
  -4.562944225815416, -3.450163634690318, 15.47826106815057;
  -4.757440697134384, -3.293345375848721, 16.18379333386057;
  -4.970938786114833, -3.219824710497899, 16.96433133210324;
  -4.516697629962211, -3.287170514693101, 15.53645176049389;
  -5.029018813343408, -3.188209636256281, 17.2454692640003;
  -4.592317781744823, -3.15315992830558, 16.00920854042147;
  -4.547737808355183, -3.560974810481732, 16.06137748655818;
  -4.855082387390952, -3.888214361473824, 17.966224256533;
  -4.623273345897646, -3.762894597486446, 17.13018362137859;
  -4.519588319271661, -3.778908231616482, 16.90078642738683;
  -3.452552961395871, -3.416000550147447, 15.34656384282911;
  -3.899095620520399, -2.867281226811793, 18.86663547995573;
  -3.776999790946741, -2.946368869788578, 18.39583347951425;
  -3.53972452029024, -3.003610165199643, 17.78682171489662;
  -3.433905242511822, -2.685943424187501, 17.37783396387868;
  -3.594267420880249, -2.252800734339005, 18.48472742352312;
  -3.536734354474908, -2.315516636063995, 18.21250336264356;
  -3.631184390878339, -2.010369647978911, 18.80158351604387;
  -3.599806331770465, -1.905848992740519, 18.85545387499642;
  -3.498913453855282, -2.482240979069818, 18.36959840722829;
  -3.48232229395658, -2.18293228679669, 18.35071115258835;
  -2.962917551430523, -3.253936946184292, 16.04694813755268;
  -3.43907394194016, -1.884303860733911, 18.53775728251371;
  -3.085191473509217, -2.111360038077257, 17.83950481114755;
  -2.977734212817029, -0.9631490231088703, 17.08338204314956;
  -3.319969544372439, -3.073235370393348, 19.64963788806805;
  -3.147482919509557, -3.183968024916069, 19.39144403545455;
  -2.818507680421486, -2.54829589899486, 17.85483255400077;
