m=[-5.539826778820671, -0.4875559753989202, 9.196047049201438;
  -7.341039224940523, -0.5420947748901578, 13.1440696616899;
  -7.367042902082945, -0.6076258400447623, 13.31037707557059;
  -7.325307774916777, -0.6611515344401618, 13.39709212618575;
  -7.338100233201439, -0.7690615918047838, 13.43962782065486;
  -7.273062345993279, -0.1551889200762857, 13.37001240589371;
  -7.266101328268849, -0.2703373818383925, 13.4231986482257;
  -7.316166764882556, -0.4010483050789355, 13.51210901795477;
  -7.293156575466526, -0.521120742817445, 13.5034897799575;
  -7.276398280309612, -0.8863040888770651, 13.70801898991294;
  -7.466880907288784, -0.432728838482044, 14.19797779850499;
  -7.380209491495101, -0.3577109845481923, 14.15322509811847;
  -7.213956455204594, -0.1097242063561292, 13.86494337837189;
  -7.363342564050948, -0.7062268706663503, 14.1382366117565;
  -7.393770572515221, -1.03967552270491, 14.20974606934325;
  -7.458096712739342, -0.5121150826886918, 14.41838564758576;
  -7.362026145557148, -0.4185214247530614, 14.31432742238055;
  -7.389861459165735, -0.6738894330077693, 14.37497794287536;
  -7.396848775712708, -0.7453432765180224, 14.53424232831727;
  -3.182383301757191, 0.8798930297248386, 6.931109381096417;
  -7.368628781309205, -0.2994442512445575, 14.81200591056508;
  -7.142418916695296, 0.2036742815256928, 14.47954210997222;
  -7.279243567335148, -0.09894940513997838, 14.75236646786434;
  -7.381740424699486, -0.7742532203023727, 14.9914073900761;
  -3.17018176783963, 0.8428236407310448, 7.073289300244363;
  -7.114611386452477, 0.04670593901548865, 14.49513217555889;
  -3.181886630980537, 0.9537809993631228, 7.099017127050285;
  -7.190525364413516, -1.526518679133082, 14.65897760901575;
  -7.223627416042339, 0.2982047679651959, 14.73877894727167;
  -7.102445208366709, 0.1628187860051842, 14.51122668988558;
  -7.323087793621823, -0.9305931707582665, 14.95934447978811;
  -7.233742325280615, -0.3535893143394102, 14.84301320461814;
  -7.096070353188584, 0.08490197490911793, 14.58449568111242;
  -7.312548021225667, -0.447635812164285, 15.02721507770966;
  -7.292877634503856, -0.7171885210859901, 15.04793576108482;
  -7.272681483985014, -0.5524900698035523, 15.01138524754602;
  -3.177678065664519, 0.9328672388614524, 7.193681877212079;
  -7.097357613983457, 0.370343937396704, 14.71007649331734;
  -7.149091037175903, -1.513074567754175, 14.85694720584167;
  -3.175983171757352, 0.9081920431047831, 7.219899407016158;
  -7.10462258564672, 0.08329864194604407, 14.76780361112209;
  -7.231498763416059, -0.8594742903542503, 15.0395999063303;
  -3.143052775136458, 0.8131319720894544, 7.193413921695182;
  -7.054940674042046, 0.3352902548319502, 14.78223845188731;
  -7.18284656814022, -0.7739218744132174, 15.09619453763434;
  -7.140587312818977, -0.3688327807659062, 15.03900117306387;
  -7.157581641373403, 0.2126040434955714, 15.10008659308013;
  -7.095520763556983, -0.5796981987254848, 15.06406842388462;
  -7.109541590462052, -0.9260457587255601, 15.09649523384638;
  -7.010132898767208, 0.3526970095237771, 14.93431632577999;
  -7.035986184243837, -0.2902039524174089, 15.01524206501401;
  -7.014564022030297, -0.06532753977116615, 15.07480642016163;
  -6.984493757457543, -0.4019307287219138, 15.07909928410013;
  -7.076461331480976, -0.9660336932324564, 15.2788462157112;
  -6.887595343840423, -0.248786650348942, 15.05084540982416;
  -7.006122986475287, -0.1426300446052951, 15.29877602862782;
  -6.942468074727176, 0.08888352499986588, 15.36554328273873;
  -6.947379746349431, 0.4127482490973636, 15.38615512338776;
  -6.994634345480484, 0.3603055498730168, 15.52099647705692;
  -6.854495235118688, -0.1412249963972449, 15.3010033060981;
  -6.952002903014038, 0.4183080210262075, 15.60390343415203;
  -6.929403301843691, 0.1938291924413369, 15.5781262630415;
  -7.016128417719819, -0.9728292078460582, 16.79470020008745;
  -6.913563510659604, -0.9129431668998437, 16.69475729612161;
  -6.982336496283226, -0.791988357604503, 16.86844136862868;
  -6.944883676311767, -1.076596329352966, 16.85326860745049;
  -6.840991257851189, -1.840123408261041, 16.7840150814523;
  -6.787029943009866, -0.8283594908903075, 16.69338087522944;
  -5.47106218530064, -3.22869670171085, 15.11453323632931;
  -5.349785413110046, -3.16083655822617, 14.97620065302931;
  -5.221967240830074, -3.152411008157978, 14.64916095548245;
  -5.590304061330678, -3.138954493456209, 15.65279236344774;
  -5.526759393156568, -3.118781859237306, 15.70219484909857;
  -5.064124674735453, -3.570899396393423, 15.67895087132046;
  -4.82668155195344, -3.116623864926959, 15.13451861941803;
  -4.971852640020179, -3.476796782573877, 15.56111415008679;
  -4.555157259523407, -3.046980323257221, 16.60212787834287;
  -4.630238059064563, -2.726840246530913, 17.09583629215703;
  -4.370104073266767, -2.887542069050094, 16.30926241374679;
  -4.539536146615786, -1.930838252655666, 16.97396300645734;
  -4.597770873176923, -2.203675251277983, 17.30020746335798;
  -4.447602833357656, -2.65675099299918, 16.81292315456254;
  -4.464607848222607, -2.321103152923723, 16.94712944659757;
  -4.430660804319396, -2.688471024648388, 17.05181214846279;
  -4.176991786731447, -2.285683328298821, 16.35407500134071;
  -4.294004055314936, -2.067309613533407, 16.8488412686634;
  -4.130480266683589, -1.926388492935458, 16.3381618869632;
  -4.127964777435328, -2.652184292827827, 16.42535560468834;
  -4.034209903470532, -2.212282975898724, 16.32440256663998;
  -4.162328445148784, -2.129888269300305, 16.81927681068978;
  -4.154737358016788, -2.215575577511773, 16.80010736035786;
  -4.150406348717368, -1.791620108697661, 17.05070537151954;
  -3.982791735818529, -2.027820612744747, 16.42062199035139;
  -3.862392479627662, -2.143325865730121, 15.98440810510665;
  -2.862987048669388, 1.322684048774138, 12.16766964570861;
  -3.901078650992093, -2.710102569343943, 16.30455827546517;
  -4.102570976573417, -1.936394701757876, 17.15838918953517;
  -3.925666182990874, -1.573134034284637, 16.48346344023753;
  -4.007619413856646, -2.907113728995975, 16.86125442065564;
  -4.032505155270671, -1.80400436980442, 16.9465570062834;
  -3.842248676800507, -1.870319404344169, 16.5087294040613;
  -3.888624187411244, -0.8853689696972912, 16.82497964662084;
  -3.23477053263383, -1.862302775923335, 15.10212594383584;
  -3.500954308609907, -2.260908682479402, 16.33743906228521;
  -3.417953050001406, -2.422797016790287, 16.32342447785254;
  -3.216957564519909, -2.175126689448139, 15.55278435771115;
  -3.244202028031066, -2.350835199273324, 16.02654816959003;
  -3.228889788532284, -2.346615206981058, 16.28339873750886;
  -3.15313088740886, -2.407834304139009, 16.01073439122866;
  -3.144817033617682, -2.724015390394149, 16.05964279391527;
  -2.531626337115069, 1.400978887049257, 13.17034986007317;
  -3.129281630480364, -2.200982391636557, 16.05858427738764;
  -3.139659512170678, -3.395231060171513, 16.23959429823445;
  -5.162458235658005, -0.9613109948801853, 26.33553548345996;
  -5.489889401070176, -0.6005722771500009, 28.05550640273448;
  -3.040784512117196, -2.575099917195368, 16.269879731335;
  -2.389506004145472, 0.7826784788708893, 13.08243493373069;
  -2.372342868248034, 0.5091284739267661, 13.12160789679931;
  -5.253265523638402, -2.378908848367785, 28.23010379606055;
  -5.104816898580281, -0.09126728848265947, 27.62550263943911;
  -5.064771103033515, 0.05542742613131881, 27.52235621116167;
  -2.247190150903089, 1.227167809496378, 13.00243208952512;
  -2.280811374879786, 0.7122070005004556, 13.22310135586303;
  -2.355496102185265, 0.3791126973958684, 13.6380674445833;
  -2.947817710776793, -2.563495229171085, 16.82676071099333;
  -2.963263201759228, -2.377451294201217, 17.27488834089025;
  -2.83338522115502, -2.35047150126067, 17.11154904954434;
  -3.129354810768641, -2.434475532044297, 19.06022447192778;
  -2.781176242506882, -2.56111226778473, 17.35033285912122;
  -5.030411103893456, -2.59923960690457, 30.26306973365901;
