m=[-6.630844935452502, 2.051391661516299, 10.15520310755185;
  -6.641488674630054, 2.003137534184222, 10.25416412600514;
  -15.85500435216477, -0.2259423249298738, 23.02015195033317;
  -15.84819227476381, -0.1906007712270022, 23.01302458061183;
  -15.96217659943357, 0.06861490642555794, 23.2322590261488;
  -9.016564853616615, 0.7378871999019405, 13.63349604122296;
  -15.7321442164754, -3.354959417190107, 23.18694173068279;
  -15.34216948990267, -4.132767673397963, 22.70217099755068;
  -15.52462071984256, -4.30785988586104, 23.11078881313801;
  -8.932859457680818, 0.8415655063179338, 13.7646336630519;
  -15.60060669432658, -3.060227233579235, 23.45986477512689;
  -15.59903792839034, -0.1527821101854964, 23.5882219580494;
  -15.44484180471214, -4.871724565425749, 23.49043138588227;
  -16.19441774382537, -4.822171705383422, 24.5933899472539;
  -6.651624955905763, 1.996367870763589, 10.76480688845923;
  -15.24864529610738, -0.4095128773713434, 23.33026158278036;
  -15.81821201177364, -3.02618038357318, 24.19788420150277;
  -16.20684037814504, -5.613446222777855, 24.84223113422033;
  -15.6697398383617, -4.274965973009059, 24.05960610381489;
  -15.74487241996, -3.639555281985517, 24.18824865888333;
  -6.729021362058691, 1.953200154173139, 10.98120687954982;
  -15.71164132187695, -5.141436119768069, 24.2091503448327;
  -6.754384613134881, 2.001001545386564, 11.03887000688851;
  -6.744346225034618, 1.871491484300333, 11.02881976959043;
  -14.94177707269294, -1.894781813121487, 23.18732292610851;
  -15.57939197079229, -5.09465300016766, 24.22293195352814;
  -15.74594087161205, -3.70523085183746, 24.49273265998329;
  -15.50039402719503, -3.293959417197089, 24.22008920946069;
  -15.70680168289558, -3.882072136547413, 24.57145098716203;
  -15.59502941509848, -4.815529071207183, 24.40786794193602;
  -6.826699951090141, 2.062419704709186, 11.30589264788674;
  -15.45173020605981, -4.028243497297297, 24.20890204658689;
  -15.39453946743532, -3.403631429093182, 24.15770534883389;
  -15.55018832723238, -3.157958251294334, 24.43592968351889;
  -14.36323906647218, -5.276484814590894, 22.72856864358236;
  -15.22944916392149, -3.46057249974961, 24.22059375368572;
  -15.44403635846135, -2.83580898823147, 24.55755862370208;
  -15.47695231442638, -4.102447423512153, 24.62844712761823;
  -15.62953993122718, -3.164476479218818, 24.87692641525961;
  -15.3921106148426, -3.644132374455679, 24.5550125090463;
  -15.35465504935165, -3.857788535194121, 24.5072946235616;
  -15.30916064596239, -2.529927657007958, 24.65893088681766;
  -8.00984248315903, 1.25333621766015, 13.48168505640534;
  -15.36740967692294, -3.276395787328474, 24.99538873907182;
  -15.11882916341837, -3.769065179193102, 24.69936049928032;
  -14.65519426068208, -4.031197459541262, 24.00752079576675;
  -15.31557648402733, -3.610847115993201, 25.24894597940099;
  -11.05870527160737, -1.626237482601441, 18.61805158703189;
  -14.91093329037217, -3.256553091634594, 24.8647184071203;
  -14.98515679302562, -3.607644093212998, 25.03193742556137;
  -10.87969092633172, -1.167742712590457, 18.58855063725482;
  -11.00025627308946, -2.358177391245992, 19.10156831173335;
  -11.50887766424881, -3.102141151984713, 20.02560058721173;
  -10.87115519801351, -3.33376784339989, 19.28864512449797;
  -9.534068046817124, -3.56188499109709, 17.28418639911481;
  -7.131493719023195, 1.706944212818661, 13.23215244417766;
  -7.174818714548433, 1.642839243068382, 13.34062928381225;
  -14.88541852383576, -1.099205079358489, 26.65221803419688;
  -13.49141787489188, -1.322540387705903, 24.25481454799689;
  -15.22806216795625, -0.4741078076510868, 27.26219166650721;
  -15.09188460462414, -1.244762543482757, 27.26720578914367;
  -7.036877224078225, 1.647380803394207, 13.33121103166295;
  -15.39645847801842, -0.6308013018730827, 27.87745643181124;
  -14.80741740736584, -0.7400725684332372, 27.00737378816022;
  -14.99962370827299, -1.353803080425844, 27.43247749479525;
  -14.97909354198564, -1.569867562052419, 27.43400006778504;
  -9.226445092433499, -3.761471558580892, 17.34587244533714;
  -15.02361219202279, -0.3205662265509597, 27.61778626843993;
  -14.65403047840735, -0.5452074026961695, 27.07145871246478;
  -14.9483063165629, -0.8194172036692947, 27.60778302002279;
  -14.89267946522711, -1.064132396604253, 27.5742256283608;
  -6.914186270886241, 1.661069010609558, 13.41061095428975;
  -6.48737061295355, 1.457676547651906, 12.66044809688186;
  -14.36377586789885, -0.1972027715558513, 26.77212570017576;
  -9.691449403509814, -3.171540953356227, 18.50218652975149;
  -14.59591060002364, -0.0250612624315577, 27.51030666699536;
  -14.80130733699243, -1.802878114712586, 27.8842078504802;
  -14.81550280032516, 0.3956845766612949, 28.03569760415736;
  -14.40933086204563, -2.39594201897683, 27.32002469922463;
  -10.00123308892332, -2.696919341710796, 19.35494992910006;
  -15.22370882208934, -1.126307121862175, 28.97439893086876;
  -15.24496261000129, -0.7389072885950287, 29.23567246707487;
  -15.08144929352616, -1.446479590896639, 28.95765023904781;
  -14.72257818200402, -0.2239302685797319, 28.29622193378625;
  -15.13659975679407, -2.128433944463926, 29.09033175804343;
  -15.03607901410115, -1.032462187633908, 29.06854043372317;
  -15.24300132676794, -1.390025723512274, 29.65113880230249;
  -13.45014815449467, -0.3664435707781892, 26.32514564010125;
  -14.74202131254069, -0.7841262777302069, 28.75588573566686;
  -9.709779218670793, -3.709964478086921, 19.36956614496194;
  -15.15596604176397, -1.527190528141601, 29.78031454340777;
  -14.62166722121863, 0.7532071328587411, 28.78210183584287;
  -6.721141727177082, 1.937803778141259, 13.94952917642938;
  -8.974147375405902, -2.428804846873684, 18.2743252722087;
  -6.89677440154296, 1.598881349180388, 14.33262349003461;
  -15.2314628074857, -0.618971875380119, 30.6174355944344;
  -15.29264550205507, -0.9392247858962484, 30.81136509141464;
  -6.683075338985124, 1.454099595194381, 14.14619795505934;
  -6.55885938012021, 1.738197495595551, 13.90426836796472;
  -14.8987928116594, -0.2025247091102877, 30.1944081762394;
  -7.299247409678102, 1.170644582706437, 15.38942546487347;
  -6.658221626263654, 1.52281378635462, 14.14154736425123;
  -15.04987399295949, -1.578545537202114, 30.56444404937906;
  -14.06239994678916, 0.09231672099150885, 28.65038367695288;
  -6.677410165834681, 1.616631785281985, 14.22298780410025;
  -14.68602264300581, -3.11778162937449, 29.93968676541615;
  -6.669544129054698, 1.400797085605857, 14.2393681738929;
  -15.07105267509046, -1.915178281461085, 30.78661283237282;
  -6.943305957634795, 1.299790254171313, 14.81822312900775;
  -14.86552157604035, -0.7266348931174999, 30.50276373206908;
  -14.69049455104549, -0.8992749778004245, 30.18882345465691;
  -14.74290965275749, 0.1763937056885805, 30.30098229804824;
  -14.76803728648445, -1.452302829095403, 30.47198753931128;
  -6.864648365083062, 3.100140020988078, 14.77655615348868;
  -14.56853473989016, 0.4016967247813679, 30.0852010621937;
  -14.82409838011693, -1.126155073179114, 30.59810225726044;
  -14.90798486626515, -2.34596496843888, 30.78330804409734;
  -9.319646548795836, -3.260656115442846, 19.7382405779168;
  -14.60580852150331, 0.7621389439442265, 30.27219033950749;
  -6.591649744143021, 3.074562364666611, 14.29629543169386;
  -14.69841470928441, -3.11085666237473, 30.54564142627969;
  -14.55347256875528, 0.1706332019698648, 30.25112483658642;
  -14.71144602397349, -1.748477050913104, 30.59590680751462;
  -14.82168940799257, -2.144450811843834, 30.8303311892165;
  -6.60226820906422, 1.825452570192231, 14.37948819524416;
  -14.62262356982103, -0.1153560128216462, 30.49441189540605;
  -14.80657560843508, -1.001581613755975, 30.89052306401013;
  -14.64411871891762, -0.4270110270376616, 30.62813243109184;
  -14.42665954814629, 0.6856355821771053, 30.22822322086396;
  -14.68628588603689, -1.582386285613357, 30.86617912100699;
  -14.5964993372651, -0.7539530299344268, 30.74211700509192;
