m=[-3.516321907065194, 0.7023406235314333, 6.254363129100264;
  -7.822130606078252, -0.1616722755375351, 12.66012567134267;
  -3.461548932752185, 0.870541026286075, 6.254228071738151;
  -7.848746094477531, -0.9081965857325768, 13.00961692515775;
  -7.950251149096734, -0.3691883517519422, 13.42706303800229;
  -7.905836035870401, -0.7118389995977364, 13.36143979633207;
  -7.910588389581202, -1.139064536944339, 13.37198146711381;
  -7.912919377254201, -0.4416249887321007, 13.38851142727062;
  -8.083056496262893, -0.5252488809379255, 13.75288394983307;
  -7.887712343022917, -0.7427067408569725, 13.47557699235335;
  -7.934453482427393, -0.6772822042219489, 13.5889710019159;
  -3.451477354685408, 0.815486503285617, 6.633326332125147;
  -7.82246661396051, -0.3661985663057047, 14.10919488994657;
  -7.912196914222194, -0.4698017675866908, 14.28775665676916;
  -7.628497803015467, 0.4419745747421647, 13.81857405722469;
  -7.670475110910257, 0.1815757648303189, 13.91280782601988;
  -7.922887362963747, -0.7323601603759611, 14.364345632076;
  -7.897843127681243, -0.5644003769919997, 14.32577293554208;
  -7.661897083197384, 0.4138732786522, 13.94761907802563;
  -7.673460192859998, 0.3614390345557936, 13.96961844836066;
  -7.683765580247586, 0.07295557376180223, 14.02573451051801;
  -7.789209347325071, -1.057044028398492, 14.236376366142;
  -7.82727300562193, -0.8784527741839237, 14.30098321469666;
  -7.705049118650776, -1.305367224129461, 14.13853556846212;
  -7.789270705971834, -0.2219297764835038, 14.30760073453817;
  -7.710045557054068, 0.3252411275963221, 14.18039938516724;
  -7.72101570555343, -0.7865015572173577, 14.25203829485038;
  -7.743451178520112, -0.3824021368573491, 14.31910736280093;
  -3.684173599630511, 1.461213983475174, 7.396578922288336;
  -7.552679070850281, 0.4449856138272912, 14.02097164648873;
  -7.693553922416947, -1.082264906388352, 14.32001437072646;
  -7.71265568195563, -1.256815666526495, 14.35591616688446;
  -3.287898204524361, 1.462199194616412, 7.347305686384638;
  -7.467237053143551, -2.075541305872959, 15.97597552037675;
  -3.078734645910361, 1.449720220845296, 7.387991235663381;
  -2.704017450459605, 1.506765928659119, 7.508257774598539;
  -5.186079502467404, -2.99228985606886, 13.85330475466958;
  -4.799603480738793, -2.827998041533296, 13.16409207346151;
  -5.025290992426346, -2.634064608687479, 14.85551876293351;
  -4.913394145296515, -2.360285090916458, 14.87076603061442;
  -5.197087226440245, -2.710446993513597, 15.68298415162798;
  -5.1957504342592, -2.63735581704005, 15.88053951537967;
  -5.05796557377962, -2.519887590302615, 15.69766022380976;
  -5.274868987894964, -2.224735892470076, 16.6676288299726;
  -5.122805964161652, -2.68537324012204, 16.23782621060692;
  -5.209780425897454, -2.607253734002963, 16.50084728558195;
  -5.173546326978947, -2.362037458149035, 16.45407144056177;
  -5.267763426641646, -2.798288502077112, 16.96302511691145;
  -5.157982801242279, -2.918676556430168, 16.68748110855885;
  -5.058081277451474, -2.247335324444778, 16.45098498670409;
  -4.856224953637465, -2.321456285622133, 15.86459527612033;
  -5.002384864190854, -2.111041181895569, 16.39321761733586;
  -4.927940758356771, -2.17787004000905, 16.1855477043601;
  -4.81599257942452, -1.955746479968865, 15.8685091392354;
  -4.743664220285083, -2.872935421312894, 15.64147541016878;
  -4.903712490690625, -1.917866806982747, 16.32202711470755;
  -4.793786730354448, -2.111381707029194, 16.09983138628305;
  -4.817755266252555, -2.398205098251039, 16.18285571172719;
  -4.842225503059085, -2.236537150931364, 16.26754504515543;
  -4.840022700814539, -1.937637638620126, 16.41693951260911;
  -4.52330969527353, -1.99669717615485, 15.46667973900746;
  -4.826545180569692, -3.205783751460392, 16.43038009321568;
  -4.84465864015412, -1.816472366093108, 16.52864301488538;
  -4.552029742764298, -2.45051293378063, 15.62159215830611;
  -4.530502812569329, -2.837246108827089, 15.77170549438975;
  -4.709950067863371, -1.808456468483461, 16.38100976508549;
  -4.406736241018624, -1.715647607231591, 15.57630120556643;
  -4.116443556102241, -1.940293292586819, 15.01420893500123;
  -4.410956268280953, -3.403961675096465, 16.49078435021141;
  -3.000007202243628, 1.475677796419477, 11.56092850042315;
  -3.91722433934487, -2.364742646878343, 15.21108864197316;
  -4.716377897667511, -3.213458886201864, 18.06587256878446;
  -3.146654420030772, 1.084670145004261, 12.69654583255022;
  -3.134078180071833, 1.237390444182607, 12.82503044224767;
  -3.801194737437801, -2.433168545537803, 15.5058275353172;
  -3.081626294363954, 0.9743975488336512, 12.79181371892481;
  -4.091802925925051, -1.741892698102299, 16.88513588954899;
  -6.410947118568305, 0.0433189099926129, 25.87608302579875;
  -3.534862070383778, -2.936095299035238, 14.93019990093397;
  -4.224327440158353, -2.166246643178685, 17.6205602970233;
  -6.603932082690896, -0.1737822012611857, 26.82939730672343;
  -3.702324189304385, -2.621608056291294, 15.81443260183598;
  -6.334323065906302, -0.1359941614212728, 26.28813928983117;
  -3.961311464233252, -2.156506187779986, 16.99523790212695;
  -6.37541905555497, -1.01339341004058, 26.51834115629772;
  -6.690840632615853, -0.6364827046137018, 27.88495315817539;
  -6.65094037480043, -1.051489551546982, 27.74473441086542;
  -6.704358340784216, -0.2858186973189906, 27.96781780739284;
  -3.70512543741189, -2.208988752092275, 16.32238146937259;
  -6.553098050738911, -1.173305956870164, 28.03391114249935;
  -2.922732382250226, 1.294141144407746, 13.23203799940443;
  -3.584909708188812, -2.654135295598016, 15.97084831759228;
  -2.845946722336854, 0.9169855784168025, 12.94116657311612;
  -3.917387241075877, -3.020071463975263, 17.55534817938801;
  -3.608304811672825, -2.590153786301482, 16.28334464776982;
  -2.772525062545013, 0.8105971676945381, 12.83539683457795;
  -3.668739476413859, -2.229165423804386, 16.69706142835702;
  -3.212304965497345, -3.006813077656228, 14.88422789237418;
  -3.690325891162892, -2.434428279395429, 16.939855283086;
  -3.054188372708934, 0.2949260902708144, 14.32322839296083;
  -3.606011203311491, -2.464224797591324, 16.75709648268388;
  -3.545761184558136, -2.218618267830567, 16.54676938794695;
  -3.542003247639095, -2.398186385411945, 16.73491633454567;
  -3.513134574154011, -2.49082392246103, 16.69904766440004;
  -3.432363853766586, -2.686796801112244, 16.94825184907506;
  -3.376750375528415, -2.582624871119586, 16.77100217557594;
  -6.150502788735546, -2.613311593316168, 29.42169939597923;
  -6.118984756327029, -2.869561990859136, 29.35254544174605;
  -2.77213266030288, 1.354687904206569, 14.03143110855446;
  -2.78246337327433, 1.446634985446592, 14.14528389310376;
  -6.26147473803456, -2.84499182856737, 30.49921450307569;
  -6.215474012981595, -2.791414817545351, 30.51286301711552;
  -2.583294104943831, 1.036177771646954, 13.52465372479413;
  -6.410376888665861, -1.119904491046758, 31.66736526613988;
  -6.006080823309087, -1.046111049734293, 29.82577970714687;
  -6.327629075600131, -0.2954053088092813, 31.42559363720894;
  -5.989552052357694, -0.1312317043430809, 29.85075707471436;
  -2.244913519359685, 1.49129481437841, 12.02059459603496;
  -6.224863362087408, 0.4536304645635952, 31.144015615422;
  -5.579035243279602, -2.416840802423427, 28.10865569874036;
  -6.183674488451361, -0.2232988822263122, 31.42233899967108;
  -5.96951440890473, 0.5187310473696614, 30.44156675185097;
  -6.095021154797933, -2.612114082778511, 31.2756411851698;
  -5.917836647423619, -2.417710462393871, 30.51424165240363;
  -5.601368109396566, -3.311392908876032, 29.10099878722458;
  -5.942909732834931, 0.5631670169632536, 30.95950034536946;
  -2.725622677716868, -3.10672569069519, 15.27198882556894;
  -5.726929285545664, 0.03573910555307492, 31.13586698863567;
  -2.540873905308243, 1.312858687758141, 14.71453509464929;
  -5.610254632449216, 0.4852928585789473, 30.90677468648497;
  -4.281599191114271, 1.196303061768362, 24.07633625259686;
