m=[-15.90070128860904, -1.903975318946457, 21.69219215392596;
  -15.82904310484421, -4.898628679428025, 21.67705223625769;
  -15.58890352614858, -4.739815023868812, 21.38360434700291;
  -15.79316115345488, -3.180234385234282, 21.73439815176554;
  -15.49353159307131, -4.524524103464754, 21.36069056849994;
  -15.67080099511076, -3.657016970677463, 21.6010162157514;
  -15.57638893621983, -3.844589536774761, 21.49051227700392;
  -15.89305382326826, -3.06504331871281, 22.00339221806754;
  -16.02427705921161, -2.982506928095233, 22.3674923896166;
  -16.06278941535797, -3.464536756139804, 22.48938961365358;
  -15.79416811873998, -3.960839661775946, 22.13890886010165;
  -15.69557523762848, -3.004372173123768, 22.0152901648712;
  -15.63994643306467, -3.505718691598683, 21.97401519476044;
  -16.21566564651991, -3.192685945311175, 22.86404569540332;
  -15.94200791590924, -3.220647447035809, 22.84184149000273;
  -10.9999096507841, -1.116832882719171, 16.26904134817319;
  -11.26338969265021, -3.404673613219136, 16.96302981005608;
  -11.52639061930551, -2.333257849225712, 17.34430258656344;
  -6.941851334296987, 1.421355205954411, 11.31999089774784;
  -7.069553035635156, 1.5644610353013, 11.52378415074162;
  -15.44105923319817, -0.07440624219685552, 24.02157688546505;
  -7.08613914188418, 2.5081357888659, 11.5973009459561;
  -7.760408628342193, 0.7688582485885117, 12.64087408927517;
  -15.62376410204165, -0.3415200323252765, 24.45198455894846;
  -15.49202928965426, -1.0823050845988, 24.4125034583472;
  -15.2414081076759, -0.4627168616170996, 24.03911493123336;
  -15.90007682395164, -1.517023371765005, 25.06084207355849;
  -15.33243060701709, -0.003735349116079117, 24.37338476030869;
  -15.40416197268866, -1.205128817149745, 24.50856866250346;
  -15.23189016230448, -1.635348490179827, 24.26235950461134;
  -14.82488791789282, -0.5728500481483466, 23.65727432358342;
  -11.44216823858127, -2.065536170257331, 18.5450064485076;
  -15.35886377706588, -0.7518139215740416, 24.6522945976247;
  -15.33419039563523, -1.311914684252143, 24.6890357240825;
  -15.4091208822554, -1.525054670934775, 24.84272355550975;
  -15.12291440622593, -0.312569056685661, 24.47645105171278;
  -15.07331859179525, -0.5485494419967439, 24.49188339258631;
  -15.35827821542341, -0.8039441172322988, 24.9674147649488;
  -15.32185212987655, -1.038421534935808, 24.96613818072565;
  -9.736179476209513, -3.383135878318609, 16.3010675507632;
  -10.33664820844755, -2.598937724086134, 17.25829112023953;
  -14.62671324013858, -0.3996695103989394, 24.05936319999526;
  -6.904732777589841, 1.8576237558759, 11.94029256765336;
  -15.4374846834527, -1.225056277677109, 25.43465077428321;
  -15.31885217741546, -1.772579858922916, 25.39162258051873;
  -10.14652364956909, -3.314925322552262, 17.20836571496732;
  -6.856810807737835, 1.818894361448908, 11.95856148653654;
  -6.883245858681364, 1.684393618394123, 12.01323567037167;
  -6.960484952837407, 1.486512110640586, 12.18197711319578;
  -10.30544943809639, -3.874871131890053, 17.5744724058156;
  -10.20360694845076, -3.642308919457191, 17.54203821680728;
  -15.36126334379404, -0.7133358919569706, 25.9434132824735;
  -15.1892147358261, -0.2382070817873969, 25.67495056651964;
  -15.47120266910285, -1.393022240858492, 26.14746145785844;
  -15.54867097290818, -2.045875070715122, 26.30422179516186;
  -15.50977633315278, -0.8656103356815431, 26.24225115546208;
  -6.922288962199842, 1.382639267527692, 12.31244180664194;
  -6.830463036757878, 1.43418793976785, 12.18786297052989;
  -15.89348724652318, -1.032782140555013, 27.04190992115963;
  -6.844921123487346, 1.522013817773371, 12.25280097340961;
  -15.458845361404, -1.455604382674549, 26.41030146906295;
  -14.41494461348737, -0.7415403314336651, 24.72741402944537;
  -15.4066420703866, -1.315105636979268, 26.38624232847999;
  -14.97759717935784, -0.4011490567758518, 25.68147887228536;
  -14.87368958501134, -2.948826626450875, 25.62224954619336;
  -15.08953090802059, -1.780044008992052, 25.98461017158612;
  -6.805273633589498, 1.711450569740275, 12.29557467535645;
  -6.849760610574151, 1.368419988731181, 12.39954926237977;
  -15.52303199660371, -1.474060977442195, 26.84687546303799;
  -14.15445159471938, -2.874602695974844, 24.57867336230088;
  -15.33079323150379, 0.7183351305187115, 26.52885083447087;
  -10.52188134976965, -3.291177220040175, 18.58107687908466;
  -6.782836891587802, 1.7206913814691, 12.41006330251191;
  -15.29124701111956, -2.962786276563648, 26.8767291821937;
  -15.1282041479668, -2.752553971516462, 26.62096115760626;
  -15.38179853967064, -0.6999604904397859, 27.05114224589424;
  -15.01131092736251, 0.7717436626060844, 26.54678603175369;
  -15.35080667544811, -0.6028190810806604, 27.15819457378752;
  -15.27074438306522, -0.9161009096068717, 27.0872645012625;
  -15.34321346193653, -0.2106549030745981, 27.34159717411795;
  -15.58525385320007, -1.539716360309207, 27.83886268345972;
  -6.775009128548888, 1.646638499219054, 12.69892340076548;
  -15.51252127168818, 0.07317408574776491, 27.72679821291958;
  -6.766392038457537, 1.856737607482298, 12.69167057098485;
  -15.17757207109827, -3.014071562282446, 27.18693453468071;
  -15.33621234612798, -1.833401310762502, 27.55344560194008;
  -15.18597211153164, -0.7109114668864951, 27.39057265294134;
  -14.73294502705042, 0.1495595446265897, 26.60945858705225;
  -15.65856926244891, -0.9297573856072685, 28.27606916770331;
  -7.06265156176431, 1.311634715645698, 13.33960996108136;
  -15.52809449307637, -1.435355224970465, 28.15273095371223;
  -15.38379308772385, -1.099365798726294, 27.90441935845303;
  -6.850002978686427, 1.843812733822426, 13.02529908827551;
  -14.88834138242356, 0.804224671087001, 27.10254549895261;
  -14.89378763065311, 0.701534390849025, 27.11430374588164;
  -9.793330417206137, -3.157097660217882, 18.2351653879298;
  -9.652212374275356, -3.039508668818172, 18.00537760954578;
  -15.02040840965828, -2.966239688061932, 27.41697278887384;
  -15.00346165183275, 0.1424543918982215, 27.38690654596513;
  -15.33815446923577, -1.721397009492851, 28.02389663059114;
  -14.99288135577589, -0.1377940782045507, 27.46062620508084;
  -15.072078878248, -0.9676500741449817, 27.62756102549519;
  -14.96368823584802, 0.9613121227759889, 27.43013078876153;
  -6.743189383689356, 1.593224977713563, 12.9596028322806;
  -15.17151813856495, -2.570314895258736, 27.83928376399891;
  -9.640690329345995, -3.330278246186665, 18.1145256869861;
  -14.91093347047596, 0.6290039117880834, 27.42435051159376;
  -6.646026230911364, 1.784507954479941, 12.84603699779214;
  -15.1569932733848, -1.543967693742139, 27.97793150604476;
  -15.08215901738665, -0.7448164524714206, 27.88976765707061;
  -14.9437488607366, 0.4006873592933244, 27.69843633684779;
  -14.70183909746808, 0.86619685992303, 27.29284101748981;
  -14.69009794690872, 0.08866141668961206, 27.3471614033969;
  -14.92742351537364, -2.099865260762334, 27.78441815234814;
  -15.08481416859293, -2.458145618776179, 28.07804944592584;
  -15.00187520702159, -1.155245925776318, 27.95218995588745;
  -14.97279471347361, -1.826685539023081, 27.90845314941984;
  -14.9117791260915, -1.513395065329892, 27.83788648932816;
  -14.8656385229121, 0.6665170876436651, 27.77957338091694;
  -9.351471677896729, -3.343670312994817, 17.91251215356417;
  -14.82672429106151, -0.5883091765689644, 27.76341728590862;
  -14.88509190500142, -0.3584837827445412, 27.94172725827843;
  -6.659572308036906, 1.600592341757864, 13.09556165008761;
  -14.73430048904642, -0.1482064753180088, 27.78101744322157;
  -8.468890280139947, -3.270431395117609, 16.49807559561743;
  -10.33521248267456, 1.226817435357285, 19.85551068229085;
  -14.57625637714275, -0.7884784111977818, 27.60837589304872;
  -14.63807304609613, -1.873654977829279, 27.74832273383052;
  -14.63322348956989, 0.7754702818816674, 27.78472916231074;
  -6.919855531589969, 2.894320910681663, 13.73896804621436;
  -9.389377606578099, 1.153190878700754, 18.35364107932386;
