m=[-5.247007446273592, -1.558877045983562, 8.124499184202801;
  -8.213880105835633, -0.4325027535522558, 12.29576207736721;
  -8.004875568066794, -0.123670276486831, 12.08068401644849;
  -8.180495191893959, -0.3634203945061799, 12.3397656368706;
  -8.137490143413316, -0.6962374246371306, 12.28568858850934;
  -8.147989564990601, -1.016592256353782, 12.31469664637318;
  -8.128194443517943, -0.4334666754408199, 12.28820963187489;
  -8.239455666658481, -0.5111526162762767, 12.53884886631497;
  -8.103935521632197, -0.4219585755953735, 12.39133187784725;
  -5.021638203796174, -1.520811162437421, 8.167302606160302;
  -7.895251240653331, 0.3435792712264163, 12.20665747174307;
  -7.889618417825121, 0.3890184050229956, 12.27348520418698;
  -5.052065689514542, -1.64425696079318, 8.287090604821774;
  -8.232931388462053, -0.4799276891151377, 13.04627587528543;
  -8.052085925508942, -0.3616287377614252, 12.9710915508386;
  -3.73973394029603, 0.9968862541495638, 6.83741223342622;
  -3.42239893392644, 1.285193479841817, 6.677507488897624;
  -3.397020138438498, 1.018493044314956, 6.713052371061311;
  -3.392026733711055, 1.125027855260419, 6.816237731383852;
  -3.345654095994106, 1.101315033094446, 6.940148537669039;
  -3.348400536030321, 1.135615332431351, 6.952416400526367;
  -3.110371095416838, 1.338838077748014, 6.825719102771656;
  -3.026564869892295, 1.198060931361134, 6.921026309881228;
  -2.974598775279616, 1.366319320837548, 6.857266514459063;
  -2.965723340499495, 1.332875977575219, 6.955268120921114;
  -5.747499467427763, -2.894394297039578, 12.74821138318639;
  -6.001505854168693, -2.961556828361289, 13.56680067368585;
  -2.913621865479961, 1.24208375033655, 7.180376142354344;
  -3.061813396958304, 1.291048112246461, 8.133046528626453;
  -5.225954367717121, -2.330185551561983, 13.50104545328336;
  -5.311905667217689, -2.875115826863328, 14.5962159718117;
  -5.616753133428895, -2.156384200361067, 15.42034525496026;
  -5.563948200030025, -2.529245697304701, 15.30068590393993;
  -5.758568926317397, -2.749128084925377, 15.83857728659091;
  -5.559373601681734, -2.292388518303316, 15.3376423925324;
  -5.809687675985289, -2.881690885991563, 16.08075361594326;
  -5.723189448123017, -2.750438822446264, 15.97175679656218;
  -5.360046131533055, -2.320147407470058, 15.13179873260049;
  -5.288408516633243, -2.025808886205903, 14.9964467612144;
  -5.190843174504598, -1.907371491600805, 14.77370910107522;
  -3.554406961703111, 1.249709679342367, 10.49568277078767;
  -5.199801522888988, -2.642777232265101, 14.88344351709531;
  -3.679657384032934, 1.364816445338988, 10.8515312129609;
  -5.281903587581918, -1.376437861027108, 15.15424094143046;
  -4.977652323912488, -0.875676243148877, 14.38996320212292;
  -5.192094105652619, -2.446892999482125, 15.26792759105642;
  -4.992893652904892, -2.425267984292046, 14.74617683576725;
  -5.217824183897611, -1.764466866723195, 15.35293711535113;
  -3.589178288646131, 1.355161166653823, 10.90118238492174;
  -4.85320681704308, -2.984401378117736, 14.45984980212892;
  -4.885251188937128, -1.83460417075125, 14.85370971157872;
  -4.908604188016379, -2.453740367881303, 15.15661532298981;
  -3.649875620441164, 1.252696585437686, 11.64937761450605;
  -3.268557500637887, 1.422666383796903, 10.59789450364978;
  -3.6280725125702, 1.190384974061767, 11.69495050160205;
  -3.595546020388964, 1.056953178014524, 11.70411164323614;
  -3.590243705149371, 0.5094275827107201, 11.77294355708029;
  -3.523675794601809, 1.146775068674573, 11.71600716159136;
  -3.531648002097845, 1.271783778108265, 11.75297741827382;
  -7.164748704217086, -0.1607859974155353, 22.72763779759498;
  -3.412331522627112, 1.17799967400502, 11.71965281273018;
  -3.383106151267997, 1.247497633511314, 11.66898960715025;
  -3.40797561558825, 1.038008252603298, 11.76780306472106;
  -7.586559008866912, 0.1515695031717188, 25.34188516275223;
  -3.273674513683716, 0.8793807068841036, 11.73758363777774;
  -4.319331890338374, -2.703742920036935, 15.16241671948169;
  -3.254952961219754, 0.753614907890757, 11.73389005000663;
  -3.211294952875625, 0.5818937881893757, 11.73686806279657;
  -4.098199849680986, -2.557910930148071, 14.73443082642278;
  -7.100221510850977, 0.01980252948346297, 24.59637577484022;
  -6.974352481865836, -0.1422318964501689, 24.21579315884778;
  -3.223237400783503, 0.6429263727534199, 11.93309609971972;
  -3.165064143164543, 0.504133026315543, 11.77446195482022;
  -4.974618557014459, -2.381666283621991, 17.97560475094164;
  -6.834319295978005, -0.1395072521248404, 24.2673223072638;
  -3.107543397864372, 0.668173460785755, 11.68668516517911;
  -3.934647242005685, -2.434551988717817, 14.55163782530693;
  -7.005680867425048, -0.9984818062513626, 24.93900337839304;
  -3.15086851732609, 0.8738489001720511, 11.87935293991471;
  -3.06188168684461, 0.7694088347776109, 11.72945432098222;
  -3.963916513228436, -2.490494912705919, 14.96818102860761;
  -7.045294099794823, -0.1897540286031784, 25.74768192696583;
  -7.064468532559177, -1.134099322851651, 25.84405203672123;
  -3.996620548454252, -3.082889146937902, 15.30830697188763;
  -4.042485173770944, -2.837399474752964, 15.44218179948248;
  -4.082277532777536, -2.350951040930849, 15.67427722580978;
  -6.928132044097918, -0.1299592925122902, 25.83052269229246;
  -7.000448508464219, 0.007718756229921581, 26.17606704380158;
  -6.676522409145529, -0.937185841517208, 25.14514905172777;
  -3.921527581599225, -2.419206847239447, 15.51186335234924;
  -3.909033451434036, -2.535797494956081, 15.76396558369159;
  -3.791580567059121, -2.352295753962659, 15.43044983174286;
  -3.868080007493353, -2.61219608975052, 15.81507766495225;
  -3.124429486704353, 1.299553817951693, 12.99838777933787;
  -3.191649006686837, 1.409607261369169, 13.28993295605347;
  -6.857212646617285, -2.555638528314751, 27.69101829980459;
  -2.93541284759509, 0.9952309486175165, 12.5267770703849;
  -6.810392947018319, -2.7876403534556, 27.5561584009443;
  -3.733759163785303, -2.541174458733151, 15.73098088983157;
  -3.975932089486348, -2.82122804488373, 16.6666367032491;
  -7.041071552824707, -2.789559118982545, 28.88618974643076;
  -6.771614299734943, -2.634433985830105, 27.96630418362767;
  -6.730600868866008, 0.2759265580155411, 27.82771760856538;
  -3.111265617808944, 0.785179335630723, 13.54344322494474;
  -6.97524519594389, -1.062089487922897, 29.0163259531563;
  -7.017198230079654, -0.6512406870480949, 29.19823038292665;
  -7.026022703306741, -3.046718509410852, 29.31436713542452;
  -6.646177265050474, -0.1454594563272029, 27.82157802419369;
  -7.02279801230035, -0.3055079139198717, 29.33300611873519;
  -6.926292981441323, -2.834198960191017, 29.0503816368932;
  -6.822077712700747, 0.4053669652831637, 28.66869631887372;
  -3.021099265344736, 1.264962231667349, 13.43376303126447;
  -6.835603248124842, -0.2369577614902622, 29.12624886116203;
  -6.729662173737673, -2.502389113440675, 28.91390752720316;
  -6.625050909359907, -2.34231226010996, 28.55733023002029;
  -6.503414148978235, -3.320006457905503, 28.19543286258224;
  -6.647089819263855, 0.5260070267499424, 28.94020788353604;
  -6.841972020242967, -0.02420562758883331, 29.92887676880243;
  -7.190581392184841, 0.8500411845432416, 31.3703149020027;
  -6.658927411636143, 1.127081049363443, 29.48816077991092;
  -2.956838850223118, 1.269049858997636, 13.78864758671449;
  -6.533793212202993, 0.007163318519920084, 29.50434746454148;
  -4.967134661025559, 1.15191946407199, 22.94086602378184;
  -2.005646849294577, -2.284653262916415, 10.11295034318649;
  -5.589343743877959, -2.712582009147418, 25.78366945660462;
  -6.538532824666929, 0.4391381420922766, 29.86109448687719;
  -5.578800209669671, -1.622005936577464, 25.96224601364945;
  -7.238459068476102, -5.320127727510449, 33.45105271143258;
  -6.533034925090539, -4.709353057482768, 30.57100129624617;
  -6.871518105714698, -5.490965785527357, 32.2810436871387;
  -6.755394718148943, -5.137165839124797, 31.91318746425802;
