m=[-16.6013021081754, -0.4795129259740049, 21.76831517169098;
  -16.56137857134542, -0.9927074491021909, 21.73867464951739;
  -7.426645961020237, 1.805535700838348, 10.33690612529663;
  -16.53005741631994, -2.489517305986728, 21.78791331863093;
  -7.405366101535546, 1.586385164270707, 10.42368458384944;
  -17.05608812931459, -1.216280468422397, 22.67080750281928;
  -11.35937500625308, -3.173678448641733, 15.47056214927578;
  -16.74265692037653, 0.3867098198738324, 22.48216645934562;
  -16.7397516796355, -0.0201403156364946, 22.48890433159926;
  -16.53658255840597, -0.7235786871901928, 22.32355997514465;
  -17.08203085129103, -0.8267745556827205, 23.11555906256892;
  -17.07775925932173, -1.056318342948622, 23.14183631406776;
  -16.64580836695239, -0.2091296060801778, 22.6905249325862;
  -16.80895446528503, -0.6780593014045468, 22.93425036499638;
  -16.9003091876476, -1.350558053848922, 23.0602264071513;
  -16.44105496447816, 0.9233314517315772, 22.47853381327763;
  -16.89074899497535, -0.8268852662315317, 23.07934458885888;
  -10.82072157437343, -3.138095013418932, 15.19086511269911;
  -17.05317201936672, -0.9665716733953398, 23.47641967073535;
  -16.95626333864677, -1.282405604649977, 23.4631806111203;
  -16.34987482881443, 1.250005299860508, 22.72737031635682;
  -16.77920001570444, -0.8776031511327115, 23.34836050276789;
  -10.62733506647023, -3.068011522255729, 15.23152363082282;
  -16.18113440151888, 0.710194212114458, 22.61556731477551;
  -17.11114562384349, -1.444503858840348, 23.92014316512511;
  -17.18475378564404, -0.8916002794490693, 24.06446257995523;
  -16.67321336630243, -2.899037318490787, 23.6234369014599;
  -17.21976447064131, -2.238393355974249, 24.55718106431348;
  -16.58657964508714, 1.394519192550492, 23.72809701903106;
  -16.9273707904012, -0.9209299193123602, 24.29385279762449;
  -16.24743606579183, -0.1673431244468216, 23.38493574816536;
  -16.48539553065345, -2.930010333265629, 23.82561184544816;
  -17.12623461099463, -1.507971833176802, 24.74851818490047;
  -16.40150099958566, 1.112195761996874, 23.76505389858607;
  -16.45817651265175, 0.5573282314945454, 23.84691238678504;
  -16.46426423527623, 0.3292748356042218, 23.86170955434266;
  -17.1523512407145, -1.825160356404728, 24.91737716992628;
  -12.07205132061237, -3.765130257253969, 17.87079694795269;
  -16.47200458433503, 0.1827062326189565, 24.01575804231361;
  -16.66240999665869, -0.6797164427136024, 24.2885046608785;
  -8.260442917938519, 2.134430822543508, 12.58195810342993;
  -17.36855731251937, -0.8888129525911488, 25.36927210255601;
  -16.49939484461149, 0.3867765590243418, 24.15716367507115;
  -16.7313404557534, -1.061876402668722, 24.54685717649498;
  -16.89867583971297, -1.392974810195639, 24.78478622312703;
  -16.24219311416904, 0.7195470284514719, 23.87298647768294;
  -16.47917108913017, 0.8227504974310766, 24.21662945180335;
  -11.43997279589275, 1.236258181492734, 17.14375974039991;
  -16.5138762074635, 0.1806533991518951, 24.33764535800685;
  -16.75017306325619, -2.023818595758851, 24.7302906533028;
  -16.8653979234695, -1.662869400881527, 24.90176337844152;
  -16.73956248376946, -2.526354206474788, 24.78872880735725;
  -16.55912066595442, -0.3993632232160775, 24.58297080526748;
  -16.54883216108134, -0.9737093776561732, 24.6564544260118;
  -16.68624946520227, -1.517880315141522, 24.87252417359651;
  -16.47263773287568, -0.7138126128239932, 24.60843699630621;
  -16.14943390137349, 0.4302997138704218, 24.18628014012261;
  -16.37320582468434, 0.9038212765128972, 24.51883640516012;
  -16.28886885479147, -2.392853500505473, 24.48401525254078;
  -9.067045061230923, 1.299391823091266, 14.10629861269858;
  -16.61188805159619, 0.1164875012413902, 24.95741747450104;
  -16.51465844758599, -1.788323103360793, 24.84511077717617;
  -16.52403970379433, -1.112364436883537, 24.86032372691765;
  -16.45107083022433, -1.483141678616968, 24.78553598416667;
  -9.089796408309985, 1.25244491382087, 14.18803522246571;
  -16.58519688452072, 0.6926010614171237, 25.03031459382867;
  -16.36422258418005, -0.5607508722517254, 24.73282856584326;
  -16.88131115261163, 0.5237997854695801, 25.47496240255252;
  -7.887729143175958, 2.018830547243997, 12.52149858932873;
  -16.52432386124844, -0.9464835873149161, 25.09863843161945;
  -16.15241551828395, 0.2004987895686435, 24.57753667349596;
  -16.323570769556, -0.1164617215631222, 24.85018256676409;
  -16.11042952823014, -0.7647468218035195, 24.60661510695293;
  -16.35411520823718, -1.857988956300918, 25.00493379224859;
  -16.20737662944207, 0.4006681802652181, 24.94589175459026;
  -15.99830507908991, -0.4872616198530879, 24.72928754828312;
  -8.659661720690554, 1.172763233758718, 13.88718917747073;
  -16.42120867281741, -0.2731690086052107, 25.3656771957994;
  -15.70032957096904, -0.5965106043374001, 24.3356325365442;
  -16.52309657782742, 0.1685000359369387, 25.85327515900861;
  -16.57265684311876, 0.4101924029392061, 25.93433256952975;
  -16.52479353532372, 0.7051588872623344, 25.94941741554407;
  -16.27452560055274, -0.2969489858849466, 25.6002214841626;
  -16.31685125485575, -5.017762200480966, 25.70498322681343;
  -16.26901920810328, -0.02221201502412324, 25.62014212067136;
  -16.3703281375896, -4.850857352900826, 25.91238210929733;
  -16.5599050669572, 0.3727680626603253, 26.31426578807584;
  -16.28409507063469, -4.868706410576142, 26.08197799837179;
  -16.08877000844673, 0.6889266866055888, 25.8849209347543;
  -16.40027698733722, 0.5938675462059372, 26.64146063028362;
  -16.2426881979716, 0.8378218778689019, 26.48390753753232;
  -7.246631027457953, 2.362325438771251, 12.55623279646449;
  -7.244460927413781, 2.290855757926614, 12.58739926666465;
  -14.96474420120208, 0.8856530542023006, 24.88853117456278;
  -7.468238124440983, 2.03244237439009, 13.03564950325653;
  -16.68783994238937, -1.923180190703657, 28.17249920440686;
  -8.379585262170577, 1.449839347503912, 14.74427712472682;
  -16.60111265636189, -1.833012030603445, 28.23767552534553;
  -16.43350973300774, -1.587818810651609, 28.0051984629452;
  -7.237036113991778, 2.047122031493221, 12.95074749716342;
  -7.126865700141969, 2.235810819303773, 12.79181323868866;
  -16.63722091679027, -2.08696880806163, 28.44451127295398;
  -7.170866983386318, 2.314784183969251, 12.87765030746441;
  -16.18129854081446, -1.777666580818003, 27.7660639570579;
  -16.19310285941203, 0.6867078460005884, 27.85794348246125;
  -16.3608163402542, -4.009332776907449, 28.17933801815413;
  -16.09839518507262, -0.8479504756764134, 27.83716450925213;
  -16.26874200451158, -1.64049692920466, 28.1284916691945;
  -16.37109679559617, -0.6096948253844203, 28.36320200193791;
  -7.06827065976483, 2.219586433866535, 12.8873687212551;
  -16.19685872385518, 0.7562039350574422, 28.14228249323928;
  -16.20326556579383, -1.135206991522642, 28.31953517305231;
  -6.985262268347278, 2.408960419749378, 12.83591213377395;
  -16.04594789293712, -0.8800704411950784, 28.11371403156611;
  -16.1027417326109, -0.3230308802625099, 28.28678624989096;
  -16.2184257313087, -0.5584354718158369, 28.50934598403919;
  -16.16802212565068, -1.529002227116616, 28.44552469531715;
  -6.896424044362743, 2.382266868948719, 12.768459355373;
  -15.62570406316791, -0.950162395436146, 27.66435169831083;
  -16.24131497226402, -0.6371619968513801, 28.87576027046906;
  -6.660112056134615, 2.713417418250887, 12.59620375623809;
  -6.839288422676582, 2.447746858237977, 12.95208480627221;
  -6.936292086800279, 2.037096641799151, 13.15331793031223;
  -15.57594271338482, -1.220057992910833, 28.27868153446303;
  -6.486288524354614, 2.666254280376052, 12.48137297519616;
  -6.405216089488556, 2.702572925309978, 12.42844778985296;
  -23.47374397119348, -0.9261095132828929, 42.69751156258356;
  -6.70607367812367, 2.352332782769485, 13.0455113439212;
  -6.497879066935203, 2.81232251086827, 12.68093594109763;
  -6.644812017987587, 2.435294370274597, 12.95540228290504;
  -13.13909860982581, -5.89483448397547, 24.67569522293225;
