m=[-7.964321337732747, -1.95171279483351, 13.71748807600646;
  -6.049049454175148, -2.596253056845273, 11.7306749682144;
  -2.992295529321142, 1.200815884917192, 6.34987270435625;
  -5.945833087239255, -2.098335116970561, 12.11594474699636;
  -5.783058359400108, -2.38120117401384, 11.86016019915238;
  -5.702121200851481, -1.905129018129953, 12.2393744119343;
  -5.727724967804107, -2.040387447570978, 12.3057404195631;
  -3.683261352161728, 0.6659627623095775, 8.300842188938152;
  -3.027287534007372, 1.232266218593995, 7.014297465827391;
  -5.499848233564613, -2.270777641117221, 12.19394382490901;
  -3.622475336775803, 0.8156720216343328, 8.376063042184718;
  -5.325908154945569, -2.144286204015516, 11.94092912291648;
  -5.907228579888016, 0.1212632939533878, 13.3174863062083;
  -5.714266606131276, -0.2798684897217795, 13.02547710281414;
  -5.597822714680298, -1.302153960266215, 12.80449219906518;
  -3.512791061991851, 0.6231253634546056, 8.43510899606922;
  -5.887482197611481, -0.06994519467727245, 13.42676984785554;
  -5.883859280370452, -0.07908091713438217, 13.4323276868974;
  -5.720839357405545, -0.1743712774400885, 13.15550332326601;
  -5.554261299292998, -0.6698770358824683, 12.87592930635401;
  -5.698923477035076, -0.3245954960258115, 13.18919536110396;
  -5.683736988582908, -0.04049353314109312, 13.17446398631444;
  -5.643146959486551, -0.5968842631858229, 13.12573943011149;
  -5.807441094957434, -0.4499891689490078, 13.49621098654921;
  -2.804578075476185, 1.393072349679729, 7.066134710894311;
  -5.630187130894063, 0.1447842087664829, 13.14924562137008;
  -5.753005927677575, -0.5292234036974864, 13.46517714178835;
  -5.538400165607638, -0.1814745869199654, 13.05614790562303;
  -5.833562003970347, -2.499009130414871, 13.79475269268823;
  -5.95662275255898, -2.378210735933341, 14.10653913428391;
  -5.873144099302419, -2.415188287094401, 14.01090584810112;
  -5.62436778325957, -0.633911047884181, 13.50340789929881;
  -5.943473201264014, -2.498710984195129, 14.2351653914355;
  -5.47670542379322, -0.2727233721762652, 13.19594331956456;
  -5.830261033690211, -2.543348944267842, 14.01421132319464;
  -5.510581678477512, -0.6673968918392129, 13.33290091391533;
  -3.632305467122173, 0.5756584160703607, 9.219666072161763;
  -5.245748855791888, -2.726074194468619, 12.90512701597516;
  -5.694039482653435, -2.396525591384167, 13.92649109531357;
  -5.706400448375113, -1.950291159764852, 14.06022869624245;
  -5.421160193966013, -0.8553081228303074, 13.44927463868345;
  -5.453943430832307, -0.4056122008910335, 13.52775229129434;
  -5.369880919735933, 0.1368268732711305, 13.35881779964152;
  -5.363098550486235, -0.09063158902903609, 13.34631602969589;
  -3.511903874209193, 0.7312161869652961, 9.108390410802306;
  -5.783103927629044, -2.565344243110252, 14.362547889908;
  -5.448085571747601, -1.84885446206049, 13.60722450490582;
  -5.395312783165593, -0.2544907791887777, 13.47895560099742;
  -3.864024727642601, 1.332991663424495, 9.955551040225332;
  -5.662917448475292, -2.260089962695735, 14.18070229587985;
  -5.476650246714054, -0.3286232921542783, 13.74013744638937;
  -5.297354613534323, -1.788496812127242, 13.36315412277761;
  -5.484105369515723, -1.936667737323504, 13.80803677728799;
  -3.529363776448168, 0.6668916580237986, 9.255672269185732;
  -5.572123370300672, -1.420019168000843, 14.06093067920094;
  -5.626747337765734, -1.558689985603196, 14.28091035951091;
  -5.283850114720447, -1.01684549971258, 13.48360601806839;
  -5.499966860948069, -1.32356395129675, 14.00407908758974;
  -5.250839764386114, -0.8399965660124561, 13.43150256733187;
  -5.530745555297737, -2.367162184460818, 14.12959218200841;
  -5.301440483719278, -2.020791221246986, 13.61102810915388;
  -3.727274286491637, 1.303404331754493, 9.878248267134852;
  -5.179222202596765, -2.034763657253456, 13.45553191997191;
  -5.238712536946554, -1.753976440041126, 13.6113178064221;
  -5.152243716711029, -1.339543515562435, 13.44848237050839;
  -5.439818721848196, -1.692653396916107, 14.18192669738279;
  -4.90903124709886, -1.196623550604932, 12.92283316458856;
  -5.280007087227879, -1.662713519911164, 13.97375170895451;
  -4.778516427177224, -1.390566724257245, 12.85676945501453;
  -3.830127672955143, 0.6065232224358687, 10.63008212843897;
  -3.837082949737493, 1.035997295605929, 10.66587850450987;
  -3.442812096226048, 1.387041913842213, 9.68528850895607;
  -3.840354320049496, 1.218067575608832, 10.69193053171559;
  -3.818421685793905, 1.158709830589748, 10.73331417740284;
  -3.776015539997648, 1.026100082713078, 10.70727877160763;
  -3.813158675781766, 0.4994004729138299, 10.87206226160849;
  -3.732457785276835, 1.118094850708903, 10.78964519727054;
  -3.664181859044106, 0.9438490708907887, 10.65537214645624;
  -3.624799481448916, 1.008793198253549, 10.67255417225499;
  -3.562511428777023, 1.130954813899622, 10.62110177012699;
  -7.536286672908384, -0.1392392672478333, 21.33684804550814;
  -3.564725523414387, 1.208120221354042, 10.66624655475106;
  -3.586168526755582, 1.006120373631794, 10.74243216049618;
  -3.530007887140608, 0.898630691920727, 10.64551071590293;
  -4.85544157771447, -2.987683835076205, 14.29611567995626;
  -4.386861276365383, -2.32437910868489, 13.28358606379869;
  -4.472605308071137, -2.292863751811181, 13.63559200449207;
  -3.420697961594638, 0.4681265928192132, 10.73876892184388;
  -3.3889634730955, 0.5654771822316715, 10.69601821816963;
  -3.448803399979593, 0.6780660005255703, 10.88704133526692;
  -4.157945580353543, -2.233021399331095, 13.07234903784733;
  -4.359223243081702, -2.469467196138762, 13.65585227118488;
  -3.322451866517926, 0.8428380591758649, 10.79420682299737;
  -3.304194634700251, 0.7587392057317244, 10.88122536857238;
  -3.078655448218809, 1.419773950392371, 10.24632404284409;
  -3.266948239828302, 0.6332571047672572, 10.83831594177276;
  -4.355784316159749, -2.569804805310577, 14.14484541613119;
  -7.369180918163249, -0.9420957398455999, 23.26011634029129;
  -4.207172815850599, -2.383483452231305, 13.79579614826104;
  -7.727982307729831, -0.9910987231357645, 24.49872232629427;
  -7.616001818683192, -0.2653568777474984, 24.15866268507076;
  -3.416668041422613, 0.2537002736566691, 11.46421230921863;
  -4.332246307364888, -2.402130682066541, 14.34408579885799;
  -4.365046009369067, -2.264300748935344, 14.54905847549484;
  -7.593586015731386, -1.095016039413923, 24.57890765097863;
  -4.316414444515433, -2.312475475913991, 14.51606840078804;
  -7.42730141448124, -2.254130982809063, 24.33398380609546;
  -4.220211001137168, -2.232623988186831, 14.3801499292993;
  -7.500697179107833, -0.09675212507671521, 24.71269895511674;
  -4.187576508639009, -2.316585188655751, 14.3344640583562;
  -7.608523922635801, 0.02118013019735558, 25.14023714690944;
  -4.210677429965721, -2.470422588912824, 14.43833282295523;
  -7.180010436016051, -0.8963187600946736, 23.86667584086969;
  -4.118053367483581, -2.283970897771846, 14.4644786190195;
  -3.444885876835538, 1.287497752242842, 12.26445577534781;
  -3.319717417223823, 1.322001424193211, 11.87121077878874;
  -4.06805537418766, -2.402358357172933, 14.41544111145643;
  -2.975324071687726, 0.9791741992084341, 10.94266047422729;
  -7.474100805126645, -3.355167062579964, 26.04666332042013;
  -7.1931151225062, -2.224001541345654, 25.49887368313515;
  -7.391146990704122, -2.471563787654151, 26.21039479087611;
  -7.410307240474747, -2.719889925505101, 26.3181597350193;
  -7.40711021248331, 0.01245586958208604, 26.35680130149307;
  -7.437905265211055, -0.4997009689261135, 26.62351027684757;
  -3.277750343964909, 1.222517749951497, 12.39125218258228;
  -7.686885926471282, -2.722255943040231, 27.66840946311887;
  -7.303290404618917, -2.547356674869278, 26.44560884218077;
  -7.497880307817159, 0.3028913444835925, 27.184605351415;
  -6.509194557053851, -2.511790879640397, 23.89339467787865;
  -7.553385661530633, -1.026577030048504, 27.5461149816852;
  -7.240700789132442, -0.9840386464515378, 26.45846826511139;
