m=[-11.71884548947471, 1.238563777296333, 15.53624175410184;
  -16.93432059060622, -0.6167978585735663, 21.99628764787283;
  -16.99698380958224, -0.5114677882817791, 22.19571277660241;
  -17.71034870228348, 0.8666660688863562, 23.0987597361567;
  -17.37539344372497, -0.86543876288936, 22.80304573997575;
  -16.72526425839267, -2.833171949355394, 22.07493018651501;
  -16.54471676859756, 1.131513087867159, 21.90227473521448;
  -16.6902839968328, 0.3368967089893319, 22.10355410891333;
  -16.80229713437571, 0.6028873895109468, 22.2451239128932;
  -17.37285959831661, -1.439770553548788, 22.97240142685369;
  -10.99197075475295, 1.2071099616472, 14.96842355226075;
  -16.80314801929531, -5.040345293128763, 22.35315133614348;
  -17.27170489058645, -1.735433895968595, 22.96317093850116;
  -17.00511308492142, 0.215975199385462, 22.65763546984777;
  -17.17840787988869, -0.6322152377319958, 22.89284803766842;
  -16.72429202012043, 0.9278482173463865, 22.33981853893018;
  -17.35535914467517, -0.8572793402345044, 23.16386581319211;
  -16.71788306004268, 0.4282732697043093, 22.37405088722762;
  -16.63807822174115, 0.7537143872339779, 22.34074369559666;
  -17.20390932592542, -5.304251347151237, 23.08659133428385;
  -17.13791639477891, -1.322855984267249, 22.99627146320035;
  -16.63877476016923, 0.8477448544131859, 22.35275166731804;
  -16.55482716051229, -2.785884837279077, 22.26547250298165;
  -16.76700023534236, 0.2234713954121378, 22.59197193317802;
  -17.06035969174764, -1.197970847043274, 23.01549669416017;
  -16.7154571318307, -0.06324477202313525, 22.58701694339288;
  -17.04520868374609, -1.948435956193024, 23.01687450087939;
  -17.11147766559211, -1.574100093030861, 23.11486705345725;
  -17.06692905575757, -2.450200189207761, 23.11539000130704;
  -17.06874129434834, -0.3508028255145863, 23.17250490544848;
  -16.90803454301317, -1.444087636414426, 23.05468973702118;
  -17.0071953715856, -0.6639568543832982, 23.23151861558084;
  -16.91307842400656, -1.239924601170857, 23.11914997745277;
  -16.58446210383239, 0.916906634064107, 22.70913534384869;
  -16.87470248150587, 0.4703157736252125, 23.09317300199191;
  -16.56251317283517, 0.1667011630592631, 22.76811030703001;
  -16.94593890736372, -2.320910019048034, 23.2743634331689;
  -16.89642484684722, -1.72799189302688, 23.24694460638414;
  -16.88474933107751, -1.05657126217929, 23.23456098051369;
  -16.80088909077088, -1.420714903538602, 23.14669887828307;
  -16.77715907222349, 0.7315561187559917, 23.17116368443777;
  -16.89257323901594, -0.5145312828085122, 23.34629047067623;
  -16.85656380889258, 0.5742863439352162, 23.29817954702712;
  -16.71086118571756, 0.2342807131173801, 23.24435431630869;
  -16.98537788576552, -0.0745672882045032, 23.64816988962202;
  -16.64326098364842, -0.7226359476146455, 23.2343678474497;
  -16.741877147463, -1.811242137780507, 23.41220346095767;
  -16.62554673353774, 0.8372361736991345, 23.29902530910449;
  -16.73565848385096, -0.9247491878608016, 23.50356628343725;
  -16.59246801402944, 0.7413333339356394, 23.33018665911497;
  -16.6058572342475, 0.4373484739440431, 23.37606926839629;
  -7.337363672422294, 2.046573325448337, 10.91990217136141;
  -16.73904922718853, -0.2246956842324988, 23.66169400926668;
  -17.2363103203249, -0.4742358124821902, 24.35333268830565;
  -16.59620962336578, -0.5900887300831043, 23.49673025938964;
  -16.89963661870877, -5.046689635656687, 23.93443092108644;
  -16.81687060969574, 0.2153513534654482, 24.09491857417083;
  -16.70811373150315, 0.4546167858231999, 23.94691661161183;
  -16.42941920979094, 0.7257683216069393, 23.62904766099623;
  -16.49867569495734, -0.2435388796460702, 23.7506054844047;
  -16.78225963948881, -4.755499998967445, 24.30381282065784;
  -16.72231915682781, 0.5540808958283355, 24.24265267811666;
  -17.21215141979691, 0.4156763321115625, 25.05685073545728;
  -16.72634050469559, -4.763744399524935, 24.5058207459963;
  -15.14816170242959, 1.558527570603435, 22.40024093388748;
  -16.84761788075515, 0.7371084613746739, 24.80963925245198;
  -16.84349592745784, 0.6373597853287804, 25.06923301388553;
  -16.73187558862855, 0.8689765438693856, 24.98805710223634;
  -16.81840255834245, -1.811655102666167, 26.03985919532504;
  -7.21116520221578, 1.786301566958183, 11.80192532275653;
  -16.47198352092681, -1.689989750496427, 25.69386662833963;
  -16.57389198793721, -1.471939091924302, 25.89319871730204;
  -16.12869428311608, -1.897628761844789, 25.29132420174485;
  -7.112629613146158, 2.027631109020017, 11.78642211018114;
  -16.6786670549871, -1.733543585467946, 26.22647684052335;
  -16.54291240389934, -6.108803734326828, 26.0920272670228;
  -16.54311592157517, 0.7181955908002137, 26.08926063218837;
  -16.53687319134379, -3.838276216132401, 26.09803535738289;
  -16.6793673017788, -1.57205680823936, 26.43356497615106;
  -17.01969473315671, -0.8145168505820488, 26.96803907592179;
  -16.78902836442379, 0.8052843746705702, 26.74634439887436;
  -16.73543369015135, -1.08912243063137, 26.81341621908898;
  -16.82967491746223, -0.8463418763588358, 27.02202326975658;
  -16.71295796354294, -0.2772231016537038, 26.91141267121987;
  -16.63619669606773, -0.503303659548811, 26.81278917182079;
  -16.65453739892311, -1.485100167575532, 26.86145611160466;
  -16.79256761085378, -1.249941621545048, 27.17982559937726;
  -16.14547252208366, -2.308199474787632, 26.18841907320339;
  -16.55949329106033, -0.9481849753743511, 26.84558138776562;
  -17.28603461761576, -2.589034197757083, 28.03262450983429;
  -16.71558576157016, 0.5657707409741286, 27.13128960467917;
  -6.820941820485927, 1.847723924579374, 11.71346449605593;
  -16.6517894245462, -0.6045992638655761, 27.15252631846767;
  -16.95568227034203, -4.556948325304133, 27.66136041839129;
  -6.82954420664403, 2.175735171561298, 11.779984844666;
  -16.6253981370874, -0.9616208358840508, 27.26585303314911;
  -17.25955820909436, 0.8483905500413308, 28.39077984674544;
  -6.555100368716221, 1.923473615614098, 11.49416232918805;
  -6.605008108343506, 2.228887102056935, 11.80414860862392;
  -24.4633951103712, -0.6540271570732129, 41.11978928528964;
  -21.9955392097552, -1.005236487526139, 37.16607445321054;
  -24.12120208350884, -0.8704392561925164, 40.72006066781488;
  -23.01927169571641, -0.8990148356041247, 39.50748031910725;
  -12.53563707722413, -5.12015226556497, 22.06683501950438;
  -12.20965725659855, -4.902486805357385, 21.57207577122166;
  -6.385186087231515, 2.463735253771434, 11.8050979369812;
  -22.913598594249, 1.107631916080153, 39.94157410137444;
  -6.344433293423616, 2.41219664031861, 11.86618075507183;
  -6.359224210138859, 2.370800484284619, 11.9549636229917;
  -23.38199407577768, -0.6025248921802398, 41.17668568076849;
  -13.17094071025343, -4.930631006131021, 23.80097830254996;
  -22.27648633941771, -1.084034322145275, 39.48504990791799;
  -13.39920273328756, -5.090448272289528, 24.53461296238404;
  -21.98911084343293, -1.078291824383797, 39.56267888507376;
  -6.286007521688286, 2.709197213398446, 12.12310034433273;
  -12.46377002585725, -4.175999644162139, 23.05080305936489;
  -12.02510722769949, -4.682544024210865, 22.3517500152424;
  -8.274571718870694, 1.420197690127664, 15.75348060409098;
  -22.02946564634908, 0.8906455185168417, 40.2186523118331;
  -6.396031697684386, 2.788721143659093, 12.47650759101679;
  -12.81042584986351, -5.291191865901954, 23.9660569979109;
  -12.31842111888769, -4.325651109950401, 23.16021203293889;
  -13.39955948265751, -5.804677030567797, 25.19167436739108;
  -12.23542181933784, -4.086627330439074, 23.07683769283678;
  -12.09048342124235, -4.350927957067027, 22.93672032581634;
  -13.17845347959062, -5.376192978632011, 24.92059647311778;
  -6.24089500133167, 2.858047960965771, 12.36215685640604;
  -8.065660108278504, 1.13274199250984, 15.69473550817887;
  -8.102821586603554, 1.439626772491699, 15.79913566885227;
  -11.27486518543373, -5.104551334644555, 21.59250191010187;
  -13.08133608428572, -5.411774695517953, 24.95434168236686;
