m=[-8.231889322860546, 0.3677918168138393, 11.57462014072449;
  -8.075574721454117, 0.3567378880994394, 11.61441786508555;
  -8.143868948528912, -0.8772463190166999, 12.6091167094631;
  -8.074667711152232, -0.8284433780045396, 12.5952915734117;
  -8.142529688682018, -0.846316439123135, 12.80377296335795;
  -8.017590541632835, -2.960656856859468, 12.64560833791265;
  -3.330698242819306, 1.069550499455366, 6.272233716816257;
  -6.098027169593749, -2.37455518206796, 11.3347495618957;
  -3.846647102167328, 0.7521921382745377, 7.735791432560205;
  -3.845932972351306, 0.706460456376937, 7.736820384267441;
  -6.049049638613958, -1.893547094029709, 11.57216937801278;
  -6.482750256703723, -2.681926644995864, 12.36668516922899;
  -3.777852495615001, 0.8404693402340091, 7.698858719574474;
  -3.79160945568338, 0.8234666542180291, 7.772139978114511;
  -5.621519491830537, -2.152112252956166, 11.39207459600555;
  -3.669405288425338, 0.6282650455409489, 7.814978889189466;
  -5.542238114085968, -2.236162600550804, 11.34783808750019;
  -6.229802546340141, 0.1446462638893486, 12.76087597116415;
  -5.700769791193324, -1.227990642713658, 11.83191944020296;
  -6.091413817557877, -0.2666929134037291, 12.58343379590692;
  -6.072465194246138, -0.06122588501766415, 12.59215540338574;
  -5.589927412210315, -1.829571517285062, 11.68325380580667;
  -3.709640397140321, 0.745296341442384, 8.133868644252972;
  -3.651645998409672, 0.7543494343775127, 8.024291131647214;
  -6.031413996815177, -0.1582836564439679, 12.57611315119318;
  -5.830656866847336, -0.6526443201144385, 12.24890729085845;
  -5.926555928372556, -0.5134838785177034, 12.43752489729233;
  -5.999372665236868, -0.3084235585802453, 12.59365090516524;
  -5.820547290903644, -0.01983410323755837, 12.26058109288894;
  -5.872599444812037, -0.5730292763312431, 12.38107339808176;
  -6.067760342421725, 0.056604201176333, 12.7702822932767;
  -5.827232872586127, 0.1622886997185071, 12.34260047433709;
  -6.169965037592094, -2.434886481781286, 13.10731495353613;
  -5.804508730658778, -0.1654218815169052, 12.39848869908009;
  -6.150938774056895, -2.387963666858377, 13.18591444460322;
  -2.969915397325069, 1.407328064479431, 6.922133985556889;
  -3.826479002676367, 0.5856320475448623, 8.634505792922042;
  -6.173455737053722, -0.708140246507589, 13.36218693672336;
  -5.788913295687564, -2.660415452580904, 12.60686309454262;
  -5.912181527081176, -0.6206331568112234, 12.86478331124983;
  -5.785264644010733, -0.2522854435285398, 12.61504818309183;
  -6.107254813308437, -2.296078328828676, 13.30963399584497;
  -5.799069684894365, -0.6500000280057211, 12.70888843487128;
  -5.761403392226467, -0.4741703540118449, 12.65489033126463;
  -3.696857197415968, 0.7385913803377595, 8.504426047734345;
  -5.979375430179766, -2.262454550712721, 13.18914110252485;
  -6.063205437132179, -1.733717908478027, 13.371933597176;
  -5.75318066850956, -0.7154279950132524, 12.7814254399196;
  -5.828833816269038, -0.6723422724045878, 12.9594808436919;
  -6.208725459740916, -2.08188403604556, 13.76713354347297;
  -3.696119419141889, 0.8684557686144663, 8.641179872765274;
  -6.041906616701831, -1.937170403889905, 13.48821157580552;
  -5.892923065811731, -1.80209113814566, 13.18732457216464;
  -5.645539328530553, -0.3819004707104898, 12.6795554305304;
  -5.942749865342918, -2.56346035016983, 13.29849717162312;
  -3.859740763026024, 1.400555080712203, 9.009033624402493;
  -5.647249154165522, 0.1505322148512478, 12.71627746371084;
  -3.709819827823717, 0.922975532720531, 8.73450144756;
  -5.678660486955012, -0.237165007187298, 12.83936053069387;
  -5.625519981330793, -0.3039476057007522, 12.77335213179056;
  -5.870546895898134, -1.942115370354918, 13.36487369530614;
  -5.617579724716243, -0.8364473966467654, 12.98516378102382;
  -5.652276232627287, -0.4933484250327302, 13.07454683294445;
  -5.861747524898915, -1.621587843925023, 13.5865425625008;
  -4.910584751827898, 0.373758426170939, 11.5624080883151;
  -5.391927781402427, -1.310503378346763, 12.70768924946172;
  -3.623983400276873, 1.385279280427962, 9.042968580747901;
  -4.050800034711332, 0.6152483624580635, 10.0291666934874;
  -4.304621687965741, 0.395675808816024, 10.61618526520707;
  -4.068907187892351, 1.224199313640224, 10.10138132847803;
  -4.047009081327904, 1.168388638809258, 10.14178262501271;
  -4.004698897810686, 1.03722974698853, 10.12214059928646;
  -4.499405895724699, -1.38296103578283, 11.3041207281768;
  -5.614032691938995, -2.593547146330232, 13.99827660065134;
  -3.922137348794797, 1.235566609836296, 10.11400606307033;
  -5.551565384038455, -2.617633535217332, 14.08545299277047;
  -3.797491530392303, 1.218576120130944, 10.09666004021386;
  -4.713278749982044, -2.405491674453287, 12.87428580820803;
  -3.673179626996117, 0.6869261269636366, 10.2863497842161;
  -2.911154570388954, 1.398504278201515, 8.418934294751496;
  -3.632721744033577, 0.8618428507782566, 10.23406327105674;
  -3.552373247325741, 0.6658372483972977, 10.17340656061601;
  -4.652365857357981, -2.453433737743873, 13.03608191400432;
  -3.571419501291543, 0.8566238259888905, 10.2691964320545;
  -3.540634477371838, 0.7700498763234971, 10.30695750304148;
  -4.430575106151975, -2.295835750925555, 12.69734107965904;
  -3.529031105954751, 0.6483355424759932, 10.3481496634509;
  -7.848632024515752, -2.179088155400919, 21.85994152446256;
  -4.485052028935858, -2.299178549222342, 13.07010484117946;
  -4.528207827712075, -2.383132871092582, 13.24800768969453;
  -3.499366145892827, 0.7281949770420605, 10.56730921918977;
  -7.802776211908855, -0.9125639736117228, 22.39160846726357;
  -4.667381741593434, -2.241246931927642, 13.89707705873996;
  -8.157676069479964, -0.5666948852153796, 23.52340289906268;
  -8.155938325575663, -0.2613462362777486, 23.53788776786235;
  -8.224450003976676, -0.9625924935424775, 23.73471847138087;
  -4.60667607450412, -2.280957985433423, 13.82875093405422;
  -8.032525458746436, -2.353161952477641, 23.33618992561545;
  -8.178628528032784, -2.551109214046198, 24.01939486146401;
  -4.48985110049278, -2.295611501184974, 13.69540993374532;
  -7.993883315085737, -0.1450308117185319, 23.51466635441139;
  -7.999421555258671, -2.245034851975599, 23.79668438713017;
  -7.886977187887208, -0.08068070903015974, 23.60967189298164;
  -4.489000464197194, -2.407741591175368, 13.93460306881067;
  -3.628648505634499, 1.348640662751607, 11.47477549788342;
  -7.89412728721325, 0.04000854814588369, 23.70272423611955;
  -7.726532980529603, -0.8798265029648315, 23.28616150873707;
  -4.474393114910527, -2.287198230587362, 13.97317758028304;
  -8.150797070242335, -1.629732101103133, 25.33490806363652;
  -7.66068037963897, -2.17970814870649, 24.56331202685191;
  -7.846397495830548, -2.420092207092009, 25.1774007754466;
  -8.079940703162727, -2.731288005262798, 25.9552918903932;
  -7.807932350088646, 0.1646487282165014, 25.25833099403038;
  -7.902145326743373, -0.4721554977313445, 25.6043984155713;
  -8.090590789881006, -2.630232379951327, 26.33885025837227;
  -7.526620795610494, -3.157919790424352, 24.65561053844523;
  -7.872146029946343, -2.523293229508077, 25.75082892922391;
  -7.846081014698651, 0.3103217424009972, 25.73977986623142;
  -7.788526453169131, -0.9612019540657952, 25.71822617607705;
  -8.128937953676861, -0.9986086674391091, 26.81879779846207;
  -8.083702452451805, -0.5891587698014604, 26.68939981928154;
  -8.423561053159867, -3.002910903074273, 27.83353732268268;
  -8.061815816188972, -0.2571180907285668, 26.71426744570355;
  -8.073947349407277, -2.718012281646276, 26.79572088057379;
  -8.167236315111957, -2.53413209041849, 27.2229661248777;
  -3.471938759411293, 1.279523549636545, 12.26255719110211;
  -7.809235985766985, -4.504220154085647, 26.32445003836661;
  -7.977974848839629, -0.1968457901580985, 26.877872700273;
  -7.847774852830649, 0.4935538504183289, 26.48696005761485;
  -7.96183564305609, -2.296612341844061, 27.023082353775;
  -7.796325653428088, -0.08414284842651933, 26.59864563847768;
