m=[-8.104508227312159, -2.31311907112474, 10.74960047127032;
  -8.108348614866202, -1.555578704754334, 10.79199934344941;
  -8.114018412493524, -1.611563398277297, 10.80869049213942;
  -7.9072351791839, -2.335995771889873, 10.61571970260223;
  -5.565825376426093, 0.7698900652066757, 7.791066569159428;
  -7.901159050465662, -1.537938671369307, 10.70843831886491;
  -7.856014243061236, -1.45257545975213, 10.69124771577582;
  -8.016171137304228, -1.76262697998942, 10.92393842553193;
  -7.888648278709646, -1.507531698384759, 10.8338926552709;
  -7.856035107459094, -1.668867086188663, 10.80795850520378;
  -7.942264299430203, -1.836424080212978, 11.06239940220952;
  -7.916479052972069, -1.932784432520591, 11.03343340141072;
  -11.89231784806252, 0.04086138709969554, 16.09480107739316;
  -7.901643266512248, -1.64807325269092, 11.04213362702012;
  -12.04767505290106, -0.008575663869623811, 16.33608243206176;
  -7.942769824342251, -1.895969314461783, 11.10467987586739;
  -12.04523659108226, 0.2163543670791045, 16.34638779270136;
  -7.724839020026359, -2.238516068450915, 10.86015679085827;
  -7.811357762471865, -1.689218571077073, 11.0260334011446;
  -7.736437821190963, -1.851310480101953, 11.19624513099149;
  -7.596522839278251, -1.873169261817088, 11.11361331786437;
  -7.541364672037092, -2.212775763177867, 11.04321843886679;
  -7.603506532498525, -2.08468304075748, 11.12923965681356;
  -11.90707668230161, 0.8302168435937642, 17.00461699573365;
  -7.573227731468095, -2.189700740751437, 11.19184706223457;
  -7.532827404791416, -2.109730736120786, 11.22142083343443;
  -6.132132120513817, 1.671508668810638, 9.434708197982904;
  -6.190950045981331, 1.643387265395686, 9.543648570406294;
  -6.062672538197777, 1.821580215868702, 9.375536923240711;
  -12.0418572767616, 0.2354714703798896, 17.68023109229648;
  -6.103931512330997, 1.770338885937618, 9.474214411781988;
  -12.19196410120001, 0.8402299662804706, 18.0860899092731;
  -6.204128750071262, 1.569110325037101, 9.77676219380591;
  -12.14598388556704, 0.9811281965612749, 18.26679559983829;
  -5.977273989864783, 1.79161971491815, 9.50358404207679;
  -11.9544184362866, -0.7830496607224091, 18.15617759174922;
  -12.29946251137637, -1.596904871451469, 18.65965827775645;
  -12.13880760163049, -1.803327275830192, 18.44298695903533;
  -10.275382277004, 1.753448512924585, 15.77417728086964;
  -12.33221488988491, -1.702688251833567, 18.78017576781959;
  -11.96849706497457, 1.101739060579689, 18.24959085457406;
  -5.899485803385422, 1.791758016039297, 9.499213688789617;
  -12.13618765677131, 0.2493123286076839, 18.53784902277905;
  -12.16253007761378, 0.9499681331409516, 18.57762167471299;
  -10.30255850391331, 1.853577041329201, 15.89718967740472;
  -12.43600212634976, -1.50228440987363, 19.0714156947862;
  -12.37257295541187, -1.584147227065585, 18.98491717320151;
  -5.785774963176359, 1.810117890438996, 9.40516108240953;
  -12.36021575539557, -3.268214835538163, 19.16142920801903;
  -12.41481362974245, -3.559883622557448, 19.30604367602477;
  -12.37814935952518, -3.466758004982016, 19.26828723771635;
  -12.34956949651752, -3.593721028768706, 19.35308678023749;
  -12.30269617346512, -1.667237903081865, 19.32567045344035;
  -9.375237092261346, 1.134229883581421, 14.96357585365209;
  -12.40744052997169, -0.98205270110471, 19.51944341735083;
  -12.22611608957946, -1.34908881853017, 19.25533461501247;
  -5.697387698723196, 1.667833644042657, 9.491152110839368;
  -12.29656215425381, -3.706805869525083, 19.39740354014924;
  -12.36357347216839, -3.554767459486009, 19.49740826994075;
  -12.37495326206548, -3.384618663162808, 19.51743380216347;
  -12.3354703587132, -1.607519810655406, 19.47494545607258;
  -5.661043374617614, 1.780706785916861, 9.480035247747239;
  -9.374786196373112, 1.457381863219909, 15.08315808264272;
  -12.40623591577973, -3.823157607067489, 19.69550526841053;
  -12.40505092437831, -3.697850082542654, 19.69404545550471;
  -12.28973702616132, -3.575884066933027, 19.53511466669431;
  -12.36530843783715, -1.706408722226955, 19.64504327112375;
  -12.32361557075616, -1.255970069229452, 19.58739659536645;
  -12.34841939964389, -1.567713409859745, 19.63353628338858;
  -12.23998258709551, -1.470366742009745, 19.47868466963757;
  -12.43629404289811, -1.59634766180716, 19.83634400619701;
  -12.29913520845587, -3.711227554232787, 19.66960365281893;
  -12.37144858975346, -3.534302324838511, 19.79094389876931;
  -12.29232427944103, -1.877792348053876, 19.66751211486159;
  -12.29490340844136, -1.21204436167015, 19.73175405847648;
  -12.291486131499, -0.9470465957702097, 19.73010690921462;
  -12.27214440505908, -2.922774666514673, 19.71186854609339;
  -12.23472290753868, -3.654854453142669, 19.68519483856797;
  -12.39988209977819, -3.618811611411946, 19.97155022789245;
  -12.31743086046956, -1.749040339625497, 19.84364226272888;
  -12.27776158010102, -4.008021904768464, 19.80130153297547;
  -12.33950241221666, -1.619119703263767, 19.90196315789214;
  -12.48864354104654, -1.322849542981742, 20.13271420692032;
  -12.32068579385312, -1.484068439880962, 19.8813450102393;
  -12.36527492811949, -3.087120838006314, 19.96837308696665;
  -12.36664067913975, -2.795266853340138, 19.97079492552234;
  -12.32247617346414, -2.641907140183484, 19.92135670021091;
  -11.94937535805167, -0.7469816531914487, 19.34472461659706;
  -12.28091158279246, -3.536872231959838, 19.87698710369933;
  -12.35131537690732, -3.774269839197413, 19.98548994742962;
  -12.15245111524351, -1.679218283038219, 19.68708663681265;
  -12.42205099507346, -2.307751466359556, 20.10583812257157;
  -11.99137695456331, -1.401752556388678, 19.45983151941936;
  -12.3882184884988, -2.165306190892043, 20.07408356941634;
  -12.39948826162826, -3.482475884456115, 20.10397688753593;
  -12.39505570409244, -1.580446017595857, 20.09656604617729;
  -5.516596625053758, 1.787870983922224, 9.489958440089779;
  -12.33199200085666, -1.088907169988142, 20.06032594357416;
  -9.067661456413198, 1.434412457166448, 15.07422186434751;
  -5.518203764937099, 1.731573298324952, 9.552238516277097;
  -9.013642291641128, 1.675301252654063, 15.07153753840122;
  -8.979729064557185, 1.395897325223723, 15.02171440533334;
  -8.880423488640988, 1.469349852289664, 14.937999256585;
  -8.869160463132676, 1.374695487058771, 14.96986703150876;
  -8.877067901219249, 1.673215879964852, 15.00949128903682;
  -8.823844351207127, 1.605955743281206, 14.98925159079508;
  -8.845069409611494, 1.446047808724202, 15.02623192455987;
  -12.56137811188593, 0.983590106507785, 20.94625115822323;
  -8.816545783465795, 1.531041527653193, 15.01190019994899;
  -12.30205283857358, -3.81265283365512, 20.62503837901775;
  -5.30726842400019, 1.804564863621934, 9.503770380116112;
  -5.291157943677294, 1.695814068116627, 9.535679256952353;
  -5.18406080141684, 1.783518608260542, 9.369998743295028;
  -4.521506553801353, 1.849160023858711, 8.304680358599088;
  -11.94262489155817, -0.4898684203134852, 20.5460316443213;
  -5.182763710184423, 1.758683252209442, 9.455765776795339;
  -12.06086779969637, -4.044145542056687, 20.90436363222326;
  -12.50446311242337, 0.6091856753371361, 21.68116494332748;
  -12.20816930581195, -1.729383936422899, 21.21587774676917;
  -5.075016926204079, 1.692782713359616, 9.380552518300195;
  -12.03428336774816, -1.7842591537296, 21.00013945687212;
  -8.332568444112591, 1.550474412660996, 14.89557389231992;
  -5.076021425235609, 1.80126792539911, 9.463526214736856;
  -12.27985216886078, -1.152548319868096, 21.54641050780039;
  -12.1687093665314, -0.558556024429115, 21.37715643019532;
  -12.26193827035534, -1.419975074366291, 21.5796836387986;
  -12.24434024333256, -3.659522483987423, 21.5805002251213;
  -12.27695133076811, -3.030251554446827, 21.68492390211355;
  -12.12864959559394, -1.249509189441119, 21.45849378571117;
  -11.55110548012459, -1.633618726553981, 20.49353440363627;
  -5.282228538768971, 1.474131693182481, 9.885582798992282;
  -12.07887201338459, -1.349388786519502, 21.40125192303727;
