m=[-5.987825812698928, 0.009268775759435383, 8.415448905843867;
  -5.941426344357867, 0.09656094442643139, 8.466503316945016;
  -5.849007430638826, 0.4078200398624456, 8.353026844200013;
  -5.913413735775562, 0.09491349030699151, 8.521149171034486;
  -5.942235605646987, 0.4800018638455853, 8.936748495395134;
  -5.895588648288663, -0.386178442339631, 8.954124792998295;
  -6.054374437921938, -0.8359173368043174, 9.219934709508545;
  -6.094656175037007, -1.873597272823283, 9.33061425283706;
  -6.031668949889738, -0.7722768478294524, 9.25520793795279;
  -6.09646094240709, -0.7364600082993015, 9.349318190716724;
  -6.058918299191873, -1.820330284684824, 9.317686316163217;
  -6.047978172954776, -1.756987326827723, 9.341313692218881;
  -6.046895291282731, -1.820561938685733, 9.402498420398766;
  -6.069984662880801, -1.74053671968111, 9.439319228572931;
  -6.046471157200195, -1.69343992201761, 9.412161676805747;
  -6.033866344845862, -1.85480681618288, 9.447897006012829;
  -6.087812049893755, -1.812339109503149, 9.529777107785955;
  -6.046081130566781, -1.759407800141261, 9.474851154383261;
  -6.010867128749368, -0.8145812402532238, 9.442160940312755;
  -6.038921867404278, -1.82043653688635, 9.526191380974707;
  -6.081932526270229, -1.748673705368707, 9.591233618812744;
  -6.021270665796922, -0.784673109262494, 9.506238058430837;
  -6.06695873264895, -1.869619406559026, 9.631593215967522;
  -6.076384632174735, -1.811323431932976, 9.646763715899606;
  -6.044917413250194, -0.8341967247293325, 9.603696078481391;
  -6.02447713426271, -0.7648471666786302, 9.57869882581109;
  -6.012649571240706, -0.7222886060501633, 9.568518925076425;
  -6.054507226739025, -0.7771686984450773, 9.657160543432568;
  -6.05215911844345, -1.888014084988558, 9.673178189201131;
  -6.051148031413723, -1.825915963057662, 9.677402630764849;
  -6.060294702354566, -1.731318163782233, 9.694818807528035;
  -6.019154464524853, -0.9194943070402848, 9.630545913132142;
  -6.028743476921046, -0.6608127689037806, 9.66220730603653;
  -6.01039825099165, -0.8183656213099689, 9.639716891746438;
  -6.013480638356604, -0.5928151738653409, 9.650870531442822;
  -6.00228237417114, -1.305946079226179, 9.647253805350712;
  -6.020646742241412, -0.4638847524680378, 9.664250735525263;
  -6.077345470203015, -1.815473331347099, 9.778213253078251;
  -4.498432139610253, 0.7116065294002778, 7.478263766258813;
  -6.058656151457102, -1.768172878904838, 9.75821823697175;
  -6.030756883561618, -0.8563504181440403, 9.715677199776406;
  -6.017091658528046, -0.7895287293774029, 9.704762194229607;
  -6.114899995152014, -1.996182526117778, 9.861975072413731;
  -6.051595919652786, -0.6410104404302677, 9.755667278491716;
  -6.015216419981238, -0.7245532430022394, 9.706488336596337;
  -6.048394400039139, -1.510045227250049, 9.767400778323742;
  -5.836384945927117, -0.3648452195145671, 9.448465392740117;
  -2.626835577262827, 0.8913722473903146, 4.792566927938609;
  -6.049358409521338, -1.367353631826042, 9.769063350511971;
  -6.041734421795336, -0.5566237256649061, 9.758558446198817;
  -6.057064790619115, -1.850895735043772, 9.800851471267272;
  -6.070061541920752, -1.301405553819412, 9.81327611971685;
  -5.972560104489814, -0.8252847124333395, 9.675604296253589;
  -6.027388480693866, -1.053512383905278, 9.766884574978795;
  -6.030072185476139, -0.768871378948684, 9.776780906166236;
  -4.417535729316136, 0.7309229655159507, 7.430855693410262;
  -6.006263101401926, -0.5303492700528385, 9.770327089785285;
  -6.01512111586797, -0.4639548094368469, 9.790710912245251;
  -4.405612761596083, 0.6828578653266907, 7.436040593420133;
  -4.372592255943755, 0.7958197546287343, 7.427815226515964;
  -4.370782720312459, 0.7590103899530581, 7.442115722468279;
  -6.061512067263789, 0.4746328982961481, 10.10764527813787;
  -2.511782101879468, 0.8626059158130144, 4.836181592978952;
  -5.822555028695325, 0.4867489438139921, 9.94005252869629;
  -5.863578223698969, -0.24051511522047, 10.08767040972967;
  -4.187161025547618, 0.7791218368437125, 7.485107007930369;
  -5.886676288255803, -1.973869216050924, 10.2030155506707;
  -5.937823048690652, -0.8411396942896753, 10.31900236041087;
  -2.069140415827011, 0.5120214473477189, 4.291798971910961;
  -5.924539301575597, -0.2719423251214825, 10.40782548188365;
  -5.936035326473292, -0.687413524542689, 10.4467794234226;
  -5.986735288380467, -1.789283208251191, 10.55154787200463;
  -5.666432857468898, -0.8013770495516361, 10.05317083375654;
  -6.054723366375487, -1.747426253512667, 10.7005732394471;
  -5.891847862773997, -0.6069857974955052, 10.42409377509106;
  -5.90608015384271, -0.6597965706607057, 10.46434709383273;
  -5.900469490138727, 0.06734122781607296, 10.46386910355382;
  -5.941915971117486, -2.032824950562221, 10.55777039360655;
  -6.041239621268599, -1.927112301525755, 10.72119441125039;
  -5.953510744905816, -0.5528244868478769, 10.58995399257397;
  -5.970670253961901, -0.4068184157547167, 10.72756600202222;
  -5.816713830281326, 0.1211995338494584, 10.50714625035393;
  -5.81356843286807, -1.892603742240651, 10.56669941438848;
  -5.932221193996574, -0.4126454272619703, 10.83963584071434;
  -5.635807483553825, -1.98248513204498, 10.44107897618132;
  -5.909658522253949, 0.07062369500097609, 10.9089363452894;
  -5.472454450075284, -2.039313603675916, 10.3764724640533;
  -5.469474852367203, -1.980332638382817, 10.37269350112019;
  -5.37911807172893, -1.413292913179507, 10.235668317674;
  -5.384716801741407, -1.901440250604489, 10.29946184805284;
  -5.854053320220381, -0.1481179926734938, 11.18624406974246;
  -3.725080056625761, 0.4894276561222682, 7.547423310987933;
  -5.885662480641065, -0.03634578820894904, 11.41758989078281;
  -5.426434951674981, -1.442658151628345, 10.66527086215053;
  -2.286636088875983, 0.9259124699107396, 5.095973305807414;
  -5.848273397326546, 0.05670443310262153, 11.52538397502454;
  -3.623942902144631, 0.6139592304677004, 7.559226609181989;
  -5.984304363472458, -1.977101441537095, 11.94297557618746;
  -2.270560461967968, 0.9134119579848092, 5.159054346106517;
  -5.812679919941448, 0.1809464096309646, 11.77553475436003;
  -5.672944941776895, 0.2150119477065241, 11.61109718896776;
  -2.42667325804978, 0.8734182292476216, 5.617185919308235;
  -2.437339561222559, 0.814605010759082, 5.672894602292429;
  -2.416848898551585, 0.8921463001412094, 5.654369788470283;
  -6.150020461902205, -2.136840621895046, 12.98544704288124;
  -5.962470770638466, -2.043937586898548, 12.84896039317455;
  -5.818229608888099, -0.06573246934586181, 12.7230701876977;
  -3.26224435852013, 0.4561110588782429, 7.593622117042618;
  -5.939507764870118, -1.902618664799324, 13.11544374919931;
  -5.860696889142417, -2.09218471512667, 13.08816771275201;
  -6.036030801515352, -2.154776406601042, 13.47972518352333;
  -3.312584543074654, 0.3159640843460921, 7.855867028020434;
  -2.318380944581726, 0.8866000268965957, 5.818268200565956;
  -3.298977910378385, 0.2856410669971076, 7.871387331539873;
  -5.887227531662108, -2.124994035745702, 13.3325444984776;
  -5.924814109865576, -0.2733343169460271, 13.39478751403999;
  -5.956006379870027, -0.1801122417048184, 13.49456091629671;
  -5.741304690435152, -2.035845023077035, 13.16971582894291;
  -3.139086943926546, 0.7473054547701729, 7.644959301052442;
  -5.810484147384493, -0.1842653553604373, 13.35474108624604;
  -5.768062415966642, -2.349923753871852, 13.31490363630353;
  -3.11406825742593, 0.6720972383189469, 7.651699493792738;
  -5.981816750746765, -2.58269306482265, 13.84563982929237;
  -5.656932426264375, -0.1657331929032797, 13.14377263378929;
  -3.090060241765962, 0.7558993559842394, 7.627591607005209;
  -5.705537201458822, -2.34275813584373, 13.31459005589157;
  -5.139487722657335, -0.340389859614992, 12.10005121595876;
  -5.515070571282216, -0.7364861106313014, 12.93342793713861;
  -3.074298801703657, 0.7979926351829249, 7.646951881132899;
  -5.939698581722169, 0.03615067121321113, 13.88250957124448;
