m=[-20.00620199357339, -1.678463197377634, 24.67199553560564;
  -17.18318638648974, -0.5126670741277847, 21.4334235292805;
  -17.92470768351985, -0.4259827188489148, 22.3469192571273;
  -19.53927472600698, -0.4946918211782322, 24.96318051861362;
  -19.18039785238284, -0.9676026998999178, 24.71945672649121;
  -18.50451100246621, -0.7946320789023638, 23.90606545920557;
  -19.31822513192487, -1.084295028846001, 24.9177776122301;
  -19.77985887221834, 0.07946806438660012, 25.61292646852449;
  -19.49109889103754, -0.1276787764397926, 25.25461399530045;
  -15.61453285175052, 2.229870423707636, 20.60983750469448;
  -7.240248022927456, 1.944633546380311, 10.15901273887103;
  -18.84527562597837, -1.154030763384633, 24.91480058264642;
  -18.8794965924404, -0.1069620111280915, 25.15553719470116;
  -6.732680096419865, 1.973805770346653, 9.637951393187205;
  -18.36161084533415, -0.4170387216117019, 24.71873029799648;
  -18.74092182540627, -0.7498556801096417, 25.23553074514881;
  -18.6963765622958, -0.607683160886525, 25.26439830756083;
  -15.66794248807533, 2.258862837140312, 21.37645571662641;
  -18.53513104443206, -0.7352025371561829, 25.17556451344254;
  -18.76143801343686, -0.09092519949967365, 25.48471208157086;
  -18.54382423619515, -1.252903604691054, 25.21295821094856;
  -18.51317974477474, -0.6246893999463133, 25.25268797222433;
  -18.63432024870709, -0.3173444446862871, 25.42147969771271;
  -18.37921570946259, -1.04507133715908, 25.1098819235824;
  -18.60319143810568, -0.8381872007886821, 25.41954809424566;
  -18.47718132737661, -1.047218419726719, 25.25849725038303;
  -18.56074752672392, -1.194565471046403, 25.37163910600624;
  -18.430933025486, -0.5100579538412173, 25.22982447856347;
  -11.3695480729726, -2.623215231300594, 15.95427077578712;
  -12.30161576833042, 2.244564636846112, 17.23331198756846;
  -18.36268460781531, -1.303677868908001, 25.26472075048393;
  -18.43443585731944, -1.049431647833293, 25.44480791769741;
  -17.60563017027643, 1.111882768013114, 24.41459308397049;
  -18.27835262000582, -0.2737275574617375, 25.32987247374695;
  -18.27944984817015, -1.44971634494427, 25.33490640819158;
  -11.30052846795165, -2.480392913842065, 16.04207099785104;
  -11.41119942115175, -2.642527714862378, 16.23228946648792;
  -17.92900404451563, 0.1181404514105473, 24.97222071061417;
  -18.20920081025994, -1.126375674024035, 25.36667608747216;
  -15.4252755125826, 2.014060286079927, 21.69777143830114;
  -17.96450413694107, 0.03923846776866029, 25.10677207922299;
  -12.14418378203507, 2.29625892682024, 17.30737237582488;
  -18.04437744477741, -0.149187046096935, 25.31167410090432;
  -11.57255216212379, 2.256473962507118, 16.65957699226496;
  -11.65030616202513, 2.345783610443253, 16.80036413896902;
  -6.903258473533943, 1.979487713616245, 10.36846647463227;
  -18.05002154793386, -0.5318647325064362, 25.69351696105839;
  -18.51307144573599, -0.7394808685695808, 26.35430075147847;
  -17.33975869721554, 0.06412454125825093, 24.78193900626145;
  -17.42811794835674, -0.1860071212445771, 24.97227711133114;
  -6.976384063919302, 1.820102032873097, 10.62130528310589;
  -12.28429502245547, 1.974141351755478, 18.02824363128038;
  -13.15965092030957, -4.002768827889181, 19.26725231791204;
  -16.74413476927882, 0.5310637732310507, 24.25340750431316;
  -6.29231603715138, 2.284385114616139, 9.769630062141623;
  -12.32009561760423, -3.525324498899627, 18.20047419696665;
  -17.06249780810079, -0.3895326447171853, 24.86339906158763;
  -12.85587731141895, -4.126307500414552, 19.10507036016455;
  -17.20431491809478, 1.178844763534652, 25.42056868722133;
  -17.09320858661127, 0.2587933196967752, 25.25823529395887;
  -11.31705964528937, 2.304744633901476, 17.1128767661181;
  -17.05656156374984, 0.4225187775787916, 25.34665462853789;
  -12.12096586191215, 1.801808255618337, 18.32470221623849;
  -6.460283478580988, 2.196459519508526, 10.26273917258328;
  -6.338887403109085, 2.290260111652847, 10.28091827321108;
  -12.05577343024311, -2.263504335148738, 18.64211193290655;
  -10.91427400664546, 2.252624536576805, 17.08104092083378;
  -11.64985743694044, -0.009773811705601257, 18.15811716319757;
  -11.68514801332457, 0.08020212938195101, 18.23604132746302;
  -11.86986686768949, -1.727007149138978, 18.58841073073348;
  -11.37945187646243, 0.4496786226233724, 17.89805836179476;
  -11.50242928536582, 0.2942275539380504, 18.11508764417184;
  -11.52078953057148, 1.657305736257988, 18.23723783009194;
  -11.01702234855916, 2.272094824663919, 17.48677571490737;
  -11.98228138855538, -2.523319120382637, 18.91621966153203;
  -11.37365665533123, -1.465756210984839, 18.06199010373431;
  -10.50177770150914, -2.913467270692204, 16.78344503114272;
  -11.37720768002077, 0.1000824333625618, 18.11857369415834;
  -11.48909387758989, 1.495805059614601, 18.31241572406233;
  -11.40180496492978, 0.1758518196399273, 18.22156956195893;
  -11.45046086949216, -0.1841309516554648, 18.33372508159401;
  -10.36215632903333, 2.283795019285694, 16.76106367951437;
  -13.25685083288618, -4.225892980071513, 21.21767987416136;
  -11.34678288856843, 1.627156039862753, 18.32997738234537;
  -11.36991063599752, -2.618191557697718, 18.41254832780195;
  -10.86203163042476, -2.40801613111912, 17.64267581122773;
  -11.41123722768918, 1.301025732416405, 18.52164670685047;
  -6.594462397884792, 2.215425801609316, 11.17407131709501;
  -10.50455352261794, 2.24564927099056, 17.32383182392371;
  -10.44906087869146, 2.148062007383834, 17.28321568310793;
  -6.507176617282108, 2.297096177292171, 11.14832089260945;
  -6.481515134074372, 2.264371848389612, 11.16818844064606;
  -10.90936017677078, 0.9751549111624965, 18.17923509170486;
  -6.372301560341462, 2.340864249317708, 11.13205352703387;
  -10.16620049007744, 2.345411130394453, 17.46047681981672;
  -11.31557583727475, -1.663726272225732, 19.38209568158558;
  -11.19201198880636, -1.273672815875786, 19.25697772490442;
  -9.772944036331134, 2.213355426448213, 16.97182644795876;
  -11.54175879053088, -3.172678201075456, 19.78820976271476;
  -15.59069460225844, 0.6587688251665004, 26.58411291972579;
  -15.91829121296039, -0.5605722254138952, 27.12441400793558;
  -15.45317111471084, 2.049841153206137, 26.46864011020364;
  -15.82192370882184, 1.965372421150091, 27.09715876147972;
  -15.59249480600723, -0.4193390818549288, 26.71429513316982;
  -10.18645255799368, -4.119719139662672, 17.80483052007501;
  -9.373730177247689, 2.145854713023267, 16.49733867606366;
  -9.664738892309165, -4.001338024562384, 16.96520650309567;
  -16.01463996645861, 0.8292494438376411, 27.51315553641348;
  -15.82394470174568, -0.6283529821961874, 27.23516067943632;
  -15.41629555203936, 0.1045304304870773, 26.60871269070593;
  -6.226393819922155, 2.30617040109485, 11.36841031936335;
  -15.89174442331642, 1.038182585364498, 27.46917119402584;
  -15.81476227357492, 0.2987974871445583, 27.3744090718827;
  -15.74077999143262, -0.02948868007827782, 27.25228384872357;
  -15.81560569974956, 0.586368025556633, 27.43042048801098;
  -9.814361435851385, 2.196529451081475, 17.41533293767607;
  -9.62716855805496, -4.050661747427535, 17.08628979017792;
  -15.7833433326739, -0.4157365567220844, 27.42690283869665;
  -15.66771070273206, 1.373756585602604, 27.24579279860311;
  -15.57658227300017, 1.946876789276336, 27.12744215833739;
  -15.63562172744995, 0.8963561551040967, 27.24249845175526;
  -15.5898787735459, 2.184107353739768, 27.31361743830052;
  -10.96290766447992, -1.848597318029292, 19.52706390070261;
  -15.75578247553652, 0.3939335346764508, 27.67211741806353;
  -15.59130186691402, 1.464728899820199, 27.44348108579855;
  -15.65221042935541, 0.6675616457060305, 27.56384226170343;
  -15.70134523586443, 1.242211589564119, 27.70107672188218;
  -16.14191459817257, -3.892142792442233, 28.47580408609103;
  -15.8233547387989, -0.2765028168863482, 28.07267306476707;
  -14.6086562223411, 2.246307936756378, 26.05332061031628;
  -15.651383347754, 2.091415275089429, 27.84802164539019;
