m=[-9.969516253641016, -0.2524064081669998, 12.73695351607107;
  -9.892443802553931, 0.04468116439728195, 12.68414558639969;
  -9.60048292731463, -0.5388567449400528, 12.38326486616535;
  -9.785683306218431, 0.03931521028887047, 12.67147498804832;
  -9.851961243061449, -0.06453645143757131, 12.76518474823319;
  -9.600122149377864, -0.05438960552496704, 12.79145493206888;
  -5.681905442399319, -1.310945765271277, 7.97311004524003;
  -7.625582078733215, 1.09938774553988, 10.40391345217177;
  -6.020410502156888, 1.187997991965188, 8.442871632567917;
  -9.281518328100281, -0.2108068061550338, 12.49494667111528;
  -9.454184748210702, -0.3072867543213618, 12.77543209274836;
  -9.426550310527563, -0.3739074565114641, 12.80372525627159;
  -9.407394698158267, -0.317433300495518, 12.83204755850755;
  -9.476494542113453, -0.1613857043295305, 12.92810847900596;
  -6.033859841363459, 1.140900432057789, 8.599199502604456;
  -7.166370551553476, -0.9025705708613273, 9.956038295274738;
  -9.25853275077335, -0.256220792723912, 12.67386495887305;
  -5.864818894169004, 1.143551650847213, 8.442856903499832;
  -9.305730775125808, 0.6299122356456495, 12.83047629052292;
  -5.861060452228509, 1.180121737355687, 8.451962417855727;
  -9.259046098936059, -0.1386588893308368, 12.83105002897794;
  -9.167008050688926, 0.06040460844916772, 12.76816870191996;
  -9.070881232231924, 0.01981281966655407, 12.67725209219869;
  -9.127672304875411, -0.07546563870505217, 12.80380369940253;
  -8.903344622466189, 0.0329256536696465, 12.72463747843932;
  -6.20560675257689, 0.9224771033345707, 9.381752007847908;
  -8.730473545809202, 0.5982146381097928, 12.89988026258407;
  -6.075406438981845, -1.140674125305676, 9.394536777647188;
  -5.579742596691932, 1.151617145898847, 8.732400484336695;
  -3.263845608310574, 1.096496929824002, 5.530465016670316;
  -5.512371082726769, 1.136843460277499, 8.749514499586248;
  -5.792241578105357, 0.8332341431733328, 9.169031944290241;
  -5.350133833830777, 1.137829646471128, 8.587245824422588;
  -5.762624954869777, 0.7502561695460508, 9.185022331592975;
  -5.367910762810293, 1.183074977331467, 8.68273854056082;
  -5.680959757697965, -1.375283450598501, 9.18644943616018;
  -5.788604663285494, 0.6599743280637335, 9.395518501608823;
  -5.243161288086574, 1.120875941935622, 8.646882914627865;
  -5.599351943906134, 0.5005092378427266, 9.330697098644613;
  -5.107755955199696, 1.119384317619032, 8.695486544093196;
  -5.687699028261049, -0.8362609590454293, 9.742281644269118;
  -7.972665161955258, -0.0888332512328691, 13.43535385868261;
  -7.973738608112158, 0.3369221544683387, 13.59623627799909;
  -7.840397925923576, 1.040017625299616, 13.42926118410107;
  -7.948518872051852, 0.9873514793533912, 13.6129007924944;
  -8.129642575604517, 0.4209586727231079, 13.96672801302556;
  -7.979744762869896, 0.8039687027000784, 13.75282776181644;
  -7.877929192351991, 0.05341642076356868, 13.59740112463589;
  -8.028541396161563, 0.5244919400505604, 13.87748079599821;
  -8.042950549682269, 0.1519601352142083, 13.92186709374776;
  -8.059288610889466, 0.2988003899359445, 13.97794555756006;
  -7.96635863973926, 0.6984962801684665, 13.85331660609802;
  -7.942621805624494, 0.992727786388283, 13.83249610481644;
  -7.946598632203711, 0.455561199949757, 13.84564072399295;
  -7.87416951297412, 1.103153641390926, 13.79562066169848;
  -2.869078351258629, 1.073517108323085, 5.650706256298167;
  -7.80669648824418, 0.8920016750561188, 13.73659439824272;
  -7.976880101491, 0.199441733785652, 14.00991433722856;
  -7.896887601100619, 0.7418751549227296, 13.89993519254315;
  -8.048562140436426, 0.3432685378392436, 14.17367203653445;
  -7.980896334388285, 0.6314084412997826, 14.08028537346576;
  -8.100064207796965, -0.1415433457308785, 14.37055909209593;
  -8.043890261559744, 1.074864412325783, 14.31224481184306;
  -7.986846721884632, 0.5479690733317542, 14.2460443921826;
  -8.107498825971105, 0.4372920804410982, 14.5673472571359;
  -8.026564859140299, 0.687591573234687, 14.55198225532745;
  -5.46572306489183, -1.324674633204805, 10.22337197105927;
  -8.280768685966566, -0.3786033098701293, 15.00722819841143;
  -4.695500080525402, 0.9951271778656765, 9.021858642315161;
  -7.967455539605548, 0.9534685853094237, 14.67017327793851;
  -5.284288919965713, -1.343613171233473, 10.07244333945943;
  -4.457943564701013, 1.031905475188519, 8.694385011083321;
  -7.963325303006443, 1.049069042391596, 14.88789701586802;
  -4.38345240016942, 1.047655372961955, 8.792134789388889;
  -4.38160875625274, 1.098991250069301, 8.803366859461736;
  -4.284206900028228, 1.115208298637229, 8.762846114862059;
  -4.054577455467455, 1.134771295454925, 8.73146390140654;
  -4.085558822572051, 1.100356514007188, 8.792962235018539;
  -3.181413799583976, 1.160115007669851, 7.120065059379858;
  -8.114713763583314, -0.7720144992833012, 16.7253996703612;
  -3.168297789571535, 1.144846768990891, 7.202069732709683;
  -6.387919209352404, 0.8745813247530894, 13.55429808283897;
  -4.209013456837398, -1.970081551363311, 9.276972617102498;
  -8.215787414391491, -0.7451689201274546, 17.23973356218113;
  -3.905094201805436, 1.131190195192471, 8.775492529724113;
  -6.01138925977598, 0.9736836695886367, 13.00689621015784;
  -5.994899911442586, 1.078561926744722, 13.09425204765546;
  -5.982580949402762, 0.9318585067591362, 13.07677596323054;
  -3.870459546130719, 1.057297936960487, 8.836362110966133;
  -5.907575128885082, 0.9437820261400083, 13.08490056698579;
  -5.93362309396093, 1.08067711342067, 13.14373959783513;
  -5.855032604158521, 1.009892345433836, 13.05232722850962;
  -3.773403335247931, 1.076453144102396, 8.806271425602292;
  -8.266358650326493, -1.905891967489512, 18.13152964682177;
  -8.185647991478767, -1.491914457970566, 18.08486185575301;
  -3.753289477070131, 1.022953761385961, 8.837412906266396;
  -4.066621597965328, -2.014606867928924, 9.456814010590701;
  -4.109907254281508, -1.916341087885399, 9.571205818508627;
  -7.569346589450711, 0.6742435813826878, 16.91202733559626;
  -8.254281395677113, -1.957667118757461, 18.34653123062927;
  -8.13257094866864, -1.173997787040022, 18.14020102723271;
  -8.136749452166381, 0.2123998107080009, 18.17945979073198;
  -5.745637889629603, 0.9147130760248422, 13.17665553945961;
  -8.180898159738897, 0.3430155220937297, 18.34679815138867;
  -4.103099507605541, -1.946305432236378, 9.68155630320099;
  -8.391532958044609, -1.021630324433313, 18.84030594262683;
  -8.191935778601504, -1.110352165030169, 18.46276619847402;
  -8.272278173176289, -1.63137441534509, 18.63422984888169;
  -8.37491996525311, -0.2247302654642647, 18.86760711401049;
  -8.212437124833375, 0.5003066937897626, 18.55734303576252;
  -7.863699173165644, -0.55398037708992, 17.80290383513972;
  -8.169052266028972, -1.466271909373635, 18.56563121472609;
  -8.443211656949245, 0.2572671858696434, 19.19389635320764;
  -5.600687812262268, 0.7711632951036322, 13.0847430267866;
  -8.19375217343487, -0.3435106221948684, 18.73411704334538;
  -8.2280175268136, 0.04890307464388438, 18.82385311491975;
  -8.04647251557731, 0.4814792461360417, 18.53449700470925;
  -8.153927506495935, -1.234931717378993, 18.75561266993552;
  -8.222487533268106, -0.4883682462465983, 18.91576514743712;
  -8.20389652318597, 0.3115731534499724, 18.90829142132895;
  -8.311221506439757, -1.9800516302534, 19.11305571472835;
  -8.289232017582281, -0.1883274697318393, 19.12171735060723;
  -3.939818335604072, -1.948038280718852, 9.576420677781643;
  -8.140592191951864, 0.09370627197922282, 18.8022969738364;
  -3.958323399456277, -1.90500067610357, 9.64600792405821;
  -8.326491601688792, -0.04109783896002833, 19.2855962921915;
  -8.360109771422774, -1.860047036375977, 19.40706377377122;
  -8.401584285149825, -2.10816668474445, 19.52848429001134;
  -8.412595863196801, -2.262097854016595, 19.5525937648475;
  -8.379514350083824, -2.396742595490377, 19.51620781166944;
  -8.39446829391213, -0.2865927603941259, 19.58544389981625;
