m=[-6.882557791632338, 1.665211451732079, 9.893232133793156;
  -15.71196202535408, 0.8083699259854232, 21.69847117200069;
  -10.59111704893153, 1.002639007014739, 15.26707419210158;
  -6.428697317745483, 1.701764283451248, 9.681399659163272;
  -6.485558545551181, 2.025077941277167, 9.819266123818428;
  -15.37817284230367, -1.600045918453816, 22.03974658040096;
  -9.958479690819383, 0.878812157247279, 14.70310302546531;
  -9.659928306444359, 0.9696466630639136, 14.28634935946653;
  -15.29494409160393, -1.541417400993896, 22.07775899633179;
  -15.58081220916406, -1.798887568276095, 22.59223087380778;
  -15.53980956010082, -1.554206736165977, 22.61928162422446;
  -15.597764484879, -3.222486452868206, 22.71160281019395;
  -15.84700965875889, 0.690933160866081, 23.13357720667203;
  -6.332190541083079, 1.639551796007022, 9.833915002107499;
  -15.61742518889232, -1.410145005592109, 22.91501648982865;
  -6.222676568787938, 2.047747820060595, 9.753105499290797;
  -15.67741896529758, 0.7560608725957327, 23.13915192453605;
  -15.23763123707862, -0.9471521003430498, 22.6141551714651;
  -15.60417571879509, -0.7424339601792928, 23.21435553067143;
  -15.40247173034643, -1.318572231377697, 23.0092200419441;
  -15.74058680925834, -0.4466660833781248, 23.49866065513762;
  -16.11112109337551, -0.241602505193822, 24.03380799102993;
  -15.49814806861767, -2.356419579254023, 23.19904737706159;
  -8.145989796230648, 1.518954008390833, 12.66980959063051;
  -15.37663739948951, -2.123879752379181, 23.07366450586082;
  -15.53898282614021, -1.111059944560823, 23.30618769639795;
  -15.55277702077589, -0.858809327273299, 23.35384470938659;
  -15.55992650553122, -2.238719824937296, 23.40445066218277;
  -15.64130809601414, -1.466533321253229, 23.5462792183483;
  -15.50550209426446, -0.5196119224145507, 23.42516089114591;
  -8.256743414260107, 1.940624559533962, 12.9741728516333;
  -15.66299797232674, -0.8495036319610071, 23.79979223600271;
  -15.7544730538812, -1.429234274172277, 23.93826899864079;
  -15.70604724443869, 0.7745752857121731, 23.97970749828574;
  -5.930116192720538, 2.195464889522094, 9.723283104204723;
  -6.059613953824345, 1.685656315787609, 9.927104735104461;
  -6.314439300919199, 1.978440551857447, 10.51310101826445;
  -22.42619680758498, -1.006982915797872, 35.3816170284328;
  -23.13496458244881, -0.9895946895289265, 36.58853386031391;
  -22.2295919633007, -0.7605863183552047, 35.21694891464701;
  -21.49252932463963, -0.7936911287748943, 34.57716752245283;
  -7.797190265271136, 1.150615794034616, 13.25506482104871;
  -7.869878206042312, 1.325453736086679, 13.43953998911492;
  -22.89575621755904, -0.568012487874627, 37.82340729399253;
  -21.87670995849653, -1.002469368216858, 36.32303463435469;
  -7.681989022022563, 1.047259257606597, 13.39361134408073;
  -7.505522837186437, 1.298248880719215, 13.11967253888087;
  -11.92729112410264, -4.488091412645978, 20.30305213978703;
  -11.95022432567081, -4.759017631249505, 20.53183540900177;
  -12.18772356794966, -4.693007444944563, 20.95794084006467;
  -21.35040094541713, -0.9887273634544189, 35.97441115184687;
  -6.404661110421239, 2.423345180634515, 11.47884488026414;
  -11.26377765159076, -4.006732135013288, 19.62936442505378;
  -12.41360496059127, -4.888691939611048, 21.59549273395774;
  -10.9227569823768, -3.745120209823044, 19.14373367439836;
  -6.377478055419617, 1.922650254360893, 11.57493857846796;
  -7.34068416521395, 1.310684041422116, 13.22896452224035;
  -11.4912082423995, -3.468526533959221, 20.16929449102942;
  -12.43118125090846, -4.959613696234021, 21.81042141547253;
  -11.433614325041, -3.632158021924015, 20.15037766101783;
  -6.03942051538654, 2.579291331236036, 11.12207781470105;
  -7.225476937101396, 1.230699568436528, 13.12624763354714;
  -7.276573119801062, 1.571628596745483, 13.26819616341497;
  -11.32337267012071, -3.677982038071468, 20.22085396720616;
  -11.94250217920458, -4.760361786727893, 21.28394935979323;
  -7.187600619829033, 1.516729720942103, 13.20457464650372;
  -7.15657011357366, 1.25692545344683, 13.31750397562298;
  -11.85391688264197, -4.801269345564062, 21.64992125475611;
  -5.931630776645141, 2.626469575350471, 11.33169523455362;
  -10.38462668263347, -4.517352961432867, 19.25885785527875;
  -10.44264447095705, -4.625153719495949, 19.37543841827091;
  -10.69741909609822, -3.950930049154382, 19.84404955470651;
  -7.072173168331446, 1.175744846836984, 13.46968454364678;
  -10.08707645586183, -4.059187812803838, 18.94871044825037;
  -5.848366910972324, 2.595648853574695, 11.41815013740207;
  -11.88128322327231, 0.2793407814006388, 22.39540286484806;
  -10.89547451564103, -2.245455518580893, 20.71822315424749;
  -11.43827964425905, -0.4703051777771592, 21.73580454168171;
  -11.58282867846575, -4.675369432954496, 22.08567147106118;
  -11.60035293213717, -0.09041466238631286, 22.11256071577548;
  -10.25528211576893, -3.225046810762205, 19.66468025814773;
  -11.60210248543315, -0.1003035027253625, 22.13858821956093;
  -10.60105767758755, -2.574926322604891, 20.35379605704668;
  -7.070206419187841, 1.379377733122183, 13.90330995371762;
  -6.93837298328115, 1.392667940842041, 13.66410189845616;
  -11.60342264361599, -4.206938521687993, 22.21823078605259;
  -11.31388805741358, -0.2718290593268057, 21.69742615192807;
  -11.68485458107111, -4.469907797663953, 22.4659403559873;
  -8.685862735243015, 0.6084293008525311, 16.94170117172336;
  -11.07991589008913, -1.188942121026806, 21.36224482009795;
  -11.13873661708849, -0.9157585494169774, 21.48133472193165;
  -11.39449304326093, -0.5558831420005468, 21.98513050274172;
  -11.22988137835702, -0.03523798595366305, 21.70143827715784;
  -10.57537632023583, -3.079081653182718, 20.51634902842894;
  -11.01678953480361, -0.2431009901488732, 21.3358435450677;
  -11.40140565544561, -4.028873282887647, 22.05713049739359;
  -10.95714151323147, -1.019407705781354, 21.22748955554221;
  -6.941024694462897, 1.365384545216962, 13.82952116306799;
  -11.21070476258326, -2.527202879799971, 21.75276577073;
  -11.35425702134506, -0.7721302273153125, 22.03283198793922;
  -11.57782048029244, -4.240592340029271, 22.46428329436195;
  -11.67617601517026, -4.608048658775249, 22.66080120073904;
  -10.85494741622005, 0.3079776967547986, 21.12830105207417;
  -11.92324879196064, -5.088274308730839, 23.19706856264465;
  -10.85807052093564, -3.757314860567508, 21.23758594857474;
  -10.94645319152631, -0.2881242050047185, 21.47227252733687;
  -11.85135508451223, -4.829139183641277, 23.17751269139425;
  -11.44895810689246, -2.964459513506834, 22.50530941329026;
  -11.37365094105707, -5.184116468442567, 22.42434356967814;
  -11.32010110358907, -3.986113366823013, 22.33666952381019;
  -5.651975152508845, 2.585764520337234, 11.67386588956916;
  -11.64841303331671, -4.217539935049712, 23.05434097368743;
  -7.301848000634782, 1.085887848259126, 14.81639553050071;
  -11.92227029539268, -4.865843732896482, 23.593836953318;
  -11.36250126026108, -5.129595507162759, 22.55435884236191;
  -11.34098458442899, -1.427892157377529, 22.51189714364234;
  -11.76910621311789, -2.569767586391146, 23.3659457335818;
  -11.11702679054302, -1.115502569452068, 22.23751446359783;
  -10.60491804039034, -4.183747929892909, 21.26339022074943;
  -10.77371504622366, -0.4467746300247446, 21.58731381107077;
  -7.294153506566689, 1.066731760417677, 14.95346252152743;
  -11.31525849216928, -3.720522615142758, 22.71494002990317;
  -10.96740529493597, -1.172874612271794, 22.07231398167859;
  -10.70331790243434, -0.848729431626797, 21.60542556788422;
  -6.972516199863513, 1.347911760711281, 14.41370994296101;
  -7.361635762354899, 2.612288132917869, 15.18387481603156;
  -11.61695901927321, -3.478251039810454, 23.41442566187285;
  -11.85003844082429, -3.874557383135322, 23.9358496558345;
  -10.65023849522395, 0.3738899417913654, 21.61522243194106;
  -7.237840789597283, 1.087536748922379, 15.00985734717692;
  -11.47388333873323, -3.260560240872819, 23.23715642981498;
