m=[-8.147322731568581, -0.8210834217332516, 11.76039785798549;
  -8.30983782807388, -2.68116307981689, 12.62816121671126;
  -4.073160176864045, 0.6860062167110622, 6.955812738881466;
  -4.048993640246509, 0.9343014843196454, 6.908030466658868;
  -3.953105690287983, 0.6837784854046211, 6.910038553371026;
  -3.885010331487615, 0.7360946466366967, 6.881356943301088;
  -3.874252763978243, 0.6623376530494601, 6.938690745616732;
  -3.809054254827776, 0.8226975108862862, 6.945478072998059;
  -6.034387372740214, -1.916965876249, 10.63488596491175;
  -11.21251046691799, -0.5192462633372953, 18.89254738646379;
  -3.727226954647501, 0.6196494034594779, 7.098888857316256;
  -5.666482258832357, -2.0928295720962, 10.51150317053093;
  -3.684911260741097, 0.7396341750505174, 7.256889053797156;
  -3.739253307069383, 0.7295179863882216, 7.353108896871666;
  -3.713130868155369, 0.7304183063621405, 7.398161537065278;
  -5.797500141896347, -1.194810622420032, 11.02420105743537;
  -6.088382008585243, -0.2503346370238551, 11.56956163247159;
  -5.637063948716155, -1.369205298679163, 10.82303798943285;
  -6.115523011373573, -0.05287044997305295, 11.66935440072474;
  -5.991518194665881, -0.1439530554421794, 11.49034910960708;
  -5.873765938566488, -0.6302906811468648, 11.32470925233714;
  -5.914823706883835, -0.4862804969787408, 11.40688681639727;
  -6.007644287955007, -0.2930844022749379, 11.59146292716001;
  -5.99774361783039, -0.01882018146390257, 11.590475316633;
  -5.86297122089603, -0.545466902488975, 11.35845149081319;
  -6.299655215086757, -2.527774676383414, 12.13184143561233;
  -3.869758840763705, 0.575487753307563, 7.852242006054151;
  -6.033346606083225, -0.4102892225946145, 11.70765395278039;
  -5.880769098520457, 0.1668497923262909, 11.44645433708992;
  -6.174187318931384, -2.261411074315169, 11.97968937944945;
  -5.902549589172518, -0.4789989169100833, 11.52752222464387;
  -5.833230538138625, -0.1535378521246928, 11.44231045784356;
  -3.706741053578627, 0.716579168382249, 7.662641268727905;
  -3.812113525454161, 0.5727970081842768, 7.905573205001979;
  -6.209947993986799, -2.248435352035569, 12.29062345855652;
  -6.07047959913888, -0.764306674310423, 12.04992488359637;
  -5.810527196998174, -2.292312023481963, 11.65039717492262;
  -5.877428671479759, -0.6285430955487632, 11.82854536265943;
  -6.21543906210829, -1.860973886951804, 12.52745538950349;
  -6.134255599427553, -1.743185748396598, 12.42322696999845;
  -3.84431517177321, 1.226425147931134, 8.185156143717371;
  -6.087841496801096, -1.673040426021186, 12.35013437207538;
  -6.180216062695645, -1.987038077274957, 12.61720953562056;
  -5.651074339081012, -0.3669914426546037, 11.65561829225684;
  -6.071099402823208, -1.86607015373875, 12.46568733439652;
  -5.707450203957118, 0.1508447288162693, 11.79687612107796;
  -3.118970291653803, 1.431344664932165, 6.929705105230824;
  -5.914431730781228, -2.357077537093895, 12.24361289513762;
  -5.703353424073671, -0.2218581796570377, 11.84057644946077;
  -5.643552314902959, -0.1768531849277302, 11.78118002217837;
  -5.971311998279324, -1.791063234939263, 12.47598146581688;
  -5.655246770218096, -0.4686773665144426, 12.00039297376028;
  -5.709498069112887, -0.809211484072919, 12.1060672877714;
  -5.927336609288705, -1.479384558239429, 12.53355410843272;
  -5.504462034060898, -0.4315938931966314, 11.72604476593471;
  -5.493471969873665, -0.3600922828556302, 11.71973212592549;
  -4.113553610368902, 1.018907557313502, 9.233489941123855;
  -4.096120041249168, 1.189985481957203, 9.212106738453549;
  -4.057675606585407, 1.127846977426052, 9.210011926449464;
  -4.032485162717, 1.007554003344139, 9.225213719519498;
  -4.935879663341318, -1.334119248729252, 11.102030957295;
  -4.014577370019852, 0.9354602775179172, 9.224461961798946;
  -3.981921079690533, 1.09067247476655, 9.278642014644676;
  -5.767107895284525, -2.708729590199711, 13.08289124812221;
  -5.342985956869328, -0.9781851444589791, 12.26002072058475;
  -5.6103100484967, -2.617831329184793, 13.13270451189601;
  -3.00261726045454, 1.349677544215323, 7.597382211113098;
  -2.987320598135654, 1.370892827071252, 7.690118508221143;
  -4.80596789371398, -2.383884819351724, 11.88406221845578;
  -4.843487517046224, -2.360807321259125, 12.06822100439388;
  -4.874006743204856, -2.224680234441034, 12.14476875450688;
  -3.596401196910244, 0.6476629564624454, 9.276184904448392;
  -3.638047329290608, 0.6048504222057395, 9.379403086558417;
  -3.630636410077691, 0.8350978191422029, 9.406980453661612;
  -3.348825986430154, 1.352866534130327, 8.779641608955746;
  -3.528869436963781, 0.7349872278866114, 9.262397584387248;
  -3.58308600132322, 0.6289941572571225, 9.460518702446128;
  -3.835849404897476, 0.2689177255571103, 10.28603428118095;
  -4.625529463491582, -2.258817581591763, 12.27093764423511;
  -4.576150694183473, -2.292353529969172, 12.19072467630917;
  -8.074325486083961, -2.135629209358807, 20.85131535380257;
  -3.047120696238139, 1.364071905483897, 8.564108098764905;
  -7.927143853412566, -0.08945987408359123, 20.62775666884618;
  -4.705098737715053, -2.146894290173142, 12.76763606320154;
  -4.704524859942749, -2.209570879487182, 12.8611946137579;
  -7.575661367921002, -0.08374720879859779, 20.08404591033568;
  -4.630191655195463, -2.147571825687132, 12.80245553694738;
  -4.582116993056232, -2.2188416349326, 12.71470824677652;
  -8.313884621340682, -0.2499821990350199, 22.26298867590024;
  -3.796163970292633, 1.340407909281474, 10.82042047229473;
  -3.874804953460312, 1.285899763315745, 11.03409404209139;
  -8.205134595365337, -2.986934047442735, 22.32369062953387;
  -8.191201460724601, -1.027246497623577, 22.34637280007833;
  -4.497443262446974, -2.17984471513851, 12.782286050561;
  -8.263743671565727, -2.294890695727603, 22.69906233136382;
  -3.453899845764674, 0.9990144939597324, 10.12564836354671;
  -8.132045702083692, -2.167945397635175, 22.40400420002954;
  -8.090357726079313, -0.07476842910500572, 22.4431759283815;
  -8.146944934017315, -0.8930056099020681, 22.73877047962074;
  -3.568452203984883, 1.248366218357845, 11.0106504945967;
  -8.132600790193905, -3.198236989202432, 23.7381019960875;
  -8.009011145474457, -2.159211282765678, 23.7283811767508;
  -8.088064807009745, -2.367968433292068, 23.99959592217581;
  -8.23743043268677, -2.635341480843966, 24.4699414287376;
  -3.574221047142301, 1.202431157929123, 11.22321014730424;
  -7.938876072223216, 0.03468592118622831, 23.66183940539396;
  -7.967828847666469, -0.1255543387900046, 23.79068933221095;
  -8.066631288026978, -0.4540975244314116, 24.17243194795226;
  -3.486266182747258, 1.215532519580561, 11.07466294827549;
  -8.110274504985798, -2.48889968876659, 24.42715509995778;
  -7.933619466498683, -3.145247779841701, 23.9628912839938;
  -8.035155000713104, -2.435406925972111, 24.29095735286868;
  -7.99576289776453, 0.2930525994805996, 24.2611650070122;
  -8.256338711723451, -2.791820916738346, 25.17131956783571;
  -8.12461139687688, -0.9403397632421584, 24.78503334679827;
  -8.481392615797608, -0.9896649042331291, 25.86778937878978;
  -8.275557865729908, -0.564863171779372, 25.27029649937047;
  -7.939488528921861, -0.1059363022248447, 24.30852824487445;
  -8.195507888276984, -2.607757094839596, 25.13942295587426;
  -8.080997541936799, 0.4031419524850863, 24.85512764962673;
  -8.155127662271831, -4.570010918475619, 25.31821397424194;
  -8.016985597573312, -4.371431840746631, 24.95784661232538;
  -8.308404696161729, -1.073418603886761, 25.8162996348035;
  -8.094733499103793, -2.313732140875228, 25.29345396638949;
  -8.311402685788135, -2.264909433499708, 26.04329048304605;
  -7.914528469817187, -0.07702273228201174, 24.94149867928502;
  -8.04466037307548, -0.2781869347444572, 25.3800037899161;
  -8.105795227256932, 0.005916819503368636, 25.79557430580846;
  -7.674856010307172, -2.528503550462056, 24.77198700629797;
  -8.012829861126555, -0.5685217058286088, 26.00614287880112;
  -6.656873897073291, -2.626349882384181, 21.79191549995144;
