m=[-12.73114818170596, -3.197278393540264, 16.94368096787201;
  -12.55544015813626, -3.096473196298721, 16.73886955830084;
  -12.64027283023433, -3.293889637351097, 16.97355153232086;
  -12.32307808362324, -1.641451526191775, 16.5792639389808;
  -3.695107731814999, 0.7096805915560588, 6.013595262578798;
  -5.868331038097037, -1.397398304167256, 9.142666680773592;
  -5.402850326178887, -1.57746051740446, 8.809057525751314;
  -5.373574987593449, -1.501496685849092, 8.85212496994526;
  -5.454239984465836, -1.462939084460293, 8.97798299889215;
  -5.596337734615325, -1.288763805941459, 9.226354622750591;
  -3.860403950517765, 1.169470320890119, 6.793358246488726;
  -6.1202480174401, -1.959453138530197, 10.47150899946296;
  -6.038871209615127, -1.208966815167387, 10.41587988530603;
  -6.229928922112931, -1.730470921391839, 10.7937993599123;
  -6.165293157424002, -1.920131621804033, 10.72937848128058;
  -6.165961992081494, -1.750921716188773, 10.80632380704494;
  -5.96953071485358, -1.739478308355478, 10.64718861324154;
  -5.982467097924712, -1.659836092705825, 10.67510354630708;
  -5.649930537487521, -0.1599040188390152, 10.18795674546556;
  -5.565613704258714, -0.5360424446854331, 10.07417071534276;
  -5.643079604594137, -0.6011164064832079, 10.22072427366554;
  -4.119192600869003, 0.9859990850052204, 7.760636460886613;
  -4.09757357424961, 1.146120239870334, 7.731428329971102;
  -5.871025263504969, -1.508926710886891, 10.67195064787739;
  -4.082744091969813, 1.092613106627797, 7.771630031567314;
  -4.025966908192978, 0.9708382052464578, 7.723957977218322;
  -4.032014603378921, 0.9086077411565973, 7.768447301515839;
  -3.977478123108659, 1.057927094311557, 7.742019657651835;
  -3.98734726901907, 1.050457604208604, 7.791256881667445;
  -3.909947179526527, 0.9804481924258031, 7.724185899168515;
  -3.912855737612, 1.083592273787199, 7.736771432553732;
  -3.894688684233449, 0.9542611746900043, 7.720715027495331;
  -5.307889650498399, -1.526945466551487, 10.16286794114504;
  -3.880305309816424, 1.156020283264509, 7.739736259618967;
  -3.87679236267462, 1.078549272152495, 7.763766904276048;
  -3.841876950981865, 0.9998043737080663, 7.73458441683596;
  -3.850134897015755, 0.9533277151607623, 7.756345512485969;
  -3.791957737138026, 0.858917434522824, 7.696213897567868;
  -5.357548008565464, -0.9122505079935958, 10.61978139583313;
  -3.727354785805384, 0.8111644047775444, 7.725196531091001;
  -3.768228929751816, 0.4547600546507559, 7.912610873001841;
  -3.720440529873167, 0.5523683627277485, 7.849184382620737;
  -5.07549031389099, -1.599493170071851, 10.3414325728427;
  -3.946689826838762, 0.2118362141709483, 8.297413093976621;
  -5.078822874653784, -1.804281924312853, 10.48174612018756;
  -3.665366795974105, 0.4823549116508776, 7.846883221934997;
  -3.698308604305663, 0.5290358630808122, 7.936293150760282;
  -3.637788710982413, 0.5885150530756252, 7.842739045797944;
  -3.627672777886877, 0.8042617341974839, 7.861208790007799;
  -3.612313272835242, 0.72652049969072, 7.91000209423011;
  -3.598868412743157, 0.5572080300619082, 7.913437865533407;
  -3.567383738472277, 0.604034261300228, 7.874389613852781;
  -3.880055178068174, 0.2754887030616086, 8.761293904760384;
  -4.623838961858831, -2.127495220391008, 10.54057274489378;
  -4.704385077590636, -2.007581684094547, 10.98592991280319;
  -4.786808003518632, -2.155535891900953, 11.18301814504452;
  -3.902424789654272, 1.374147350084334, 9.355264760666774;
  -3.720003376155972, 1.248432485783532, 8.966351722105101;
  -3.528535941824785, 0.9163085885410943, 8.556718621002114;
  -4.711056922541005, -2.068004479329783, 11.08566306949376;
  -3.878198993078045, 1.223535492069613, 9.357429744183445;
  -4.678629047982266, -2.028962159275445, 11.12633475799418;
  -4.656483825611312, -2.111278653362699, 11.10695210624288;
  -4.640504472042377, -1.938003503132733, 11.08106223166596;
  -8.106540734251102, -2.003410401056803, 18.66721582157771;
  -8.176236774845499, -2.253953490239185, 18.84162303530927;
  -3.354672031249373, 0.4728559678251763, 8.33107432649703;
  -8.089351526394939, -0.05921248936720974, 18.75760851239398;
  -8.337345937857769, -0.3434912535041018, 19.4772414227366;
  -4.589819855630466, -2.072451651251212, 11.1986590735839;
  -4.490096902608599, -2.202808848658288, 10.98264240927377;
  -7.53997348893917, -0.04884745403271144, 17.7730141092637;
  -4.523615338854124, -2.173128824102864, 11.1203683701417;
  -8.189719115015077, -0.8250048054708505, 19.42263852603878;
  -8.413186500429323, -0.4913486540010095, 20.09696112340615;
  -8.401489014049155, -0.2121908068730636, 20.0965172009347;
  -8.017875349523749, -2.949081710062186, 19.34685546704641;
  -8.484778032158568, -2.418549923573425, 20.49068949872192;
  -8.444872051371471, -2.868005809067989, 20.50222530544246;
  -8.41315169599244, -2.743345291608752, 20.43759496552934;
  -8.387469054935927, -2.31900718238782, 20.38133050634847;
  -8.492402953696381, -2.627090035867513, 20.63826307517489;
  -8.401984965486294, -0.1173794365886139, 20.45837014478645;
  -3.634579066170963, 1.203046833443602, 9.459138035061979;
  -8.177669411656213, -2.114610859490384, 20.05429246985339;
  -8.329331971653424, -2.06673470896471, 20.47192389001112;
  -8.286297350219533, -0.052932807539677, 20.50549899266305;
  -8.232328009467466, 0.06751904357571816, 20.43181433364858;
  -8.595473262396917, -2.759389025782523, 22.28336548293568;
  -8.407399325896114, 0.9349710688331708, 22.07098482312794;
  -8.142553703654622, -2.033205149784801, 21.4972236617134;
  -8.266145323938281, 0.3620477011652957, 21.83913795754402;
  -8.471567853723538, -4.431305761969369, 22.44062215546118;
  -8.171301272701152, 0.05882640375025566, 21.69826615492356;
  -8.222028014911004, -0.1002885546196726, 21.87436979926364;
  -3.669415932708291, 0.9595114452045083, 10.33704953566554;
  -8.881017793067006, -4.75596546911933, 23.82455273205883;
  -8.297557553589233, 0.573510281346453, 22.32205307499845;
  -8.73868980903773, -2.503198969824208, 23.47394972138375;
  -3.348142777808569, 1.139176076216103, 9.623783685060097;
  -8.259840771987946, -2.313132941763885, 22.24644675578784;
  -8.115355130075153, 0.4206735719409095, 21.90742259095604;
  -8.000403618431198, 0.3044924910525169, 21.63254490507812;
  -8.255780465818933, 0.7355975881591902, 22.38319990795585;
  -8.237649704572897, 1.063030876008421, 22.34352287048986;
  -8.193526982455351, 0.6379013530888794, 22.24701646495239;
  -8.094639222719026, -0.8485916085536662, 22.01431672491277;
  -8.920462602365587, -3.107191437147896, 24.21090019624386;
  -8.049611250002757, -0.07714294959618866, 21.95049428323678;
  -8.830073721567599, -2.765336690929396, 24.010433163026;
  -8.499965718293288, -0.8998251894693287, 23.15345677923056;
  -8.482288494823544, -0.5141329874733954, 23.11022228132456;
  -8.112385462497612, 0.8720729590363849, 22.15281178086548;
  -8.600886866572848, -0.212022584395504, 23.51793631665468;
  -8.577222979809214, -2.528802658379226, 23.4594641323492;
  -8.325027025472203, 0.4210484144661699, 22.82562136951288;
  -6.915970461835938, 1.043658942432782, 19.15066505208182;
  -8.393134057366151, 0.3161465255226411, 23.06084573825055;
  -8.476659682252734, -2.268651688663849, 23.3353325734723;
  -6.438098553693314, 1.03041518919546, 17.96672177528474;
  -3.297006299139823, 1.169842604788113, 9.722269207546406;
  -3.511948172667512, 0.9132795914772396, 10.32067192986325;
  -8.438415731777111, -0.9996060213605055, 23.39197038564825;
  -8.432823004595939, -4.271565246972813, 23.37576815705815;
  -8.142219122337561, 0.05066667874609824, 22.63696967841194;
  -8.43137516138224, -0.1538775230236259, 23.40618235147736;
  -8.329050094050658, 0.5011439799060282, 23.14305849230453;
  -8.458854589823464, -2.231144069065, 23.54716620823999;
  -8.384030545962395, -2.109412312347073, 23.43036776667216;
  -8.330708399847483, 0.6968981420019074, 23.29635664904928;
  -3.241235527022581, 1.216536157644147, 9.727618611498832;
