m=[-24.18678738538833, -5.661612990104407, 30.40853829416561;
  -24.26139396660964, 0.7118735555843977, 30.52687454177123;
  -24.44725038221698, -1.724435007076195, 30.93206841007658;
  -24.15937899630357, -7.205420941629869, 30.59946161000746;
  -24.00164548289736, -0.381403694803763, 30.41580626978687;
  -24.80249524941259, 0.7128828048947319, 31.45964315461163;
  -24.5438104669972, -6.063427930789586, 31.16777283032426;
  -24.26402039445155, -5.88748824055616, 30.85274764681566;
  -24.51636624283973, 0.5071850483605513, 31.25482307749548;
  -24.27184969101734, 1.185912756809453, 30.99700913418208;
  -24.239360107725, -1.932214527111148, 31.05659304856104;
  -24.44859394541842, -6.261055402931298, 31.31994061472146;
  -24.11306191962265, -3.151249993492529, 30.91461053659736;
  -24.31371545195877, 0.9630943751109039, 31.31174840408704;
  -24.26499084504092, -0.429950859875583, 31.2572124788069;
  -23.88760599680822, -0.611297823744717, 30.87630102512503;
  -24.40689159335692, -2.255546417435833, 31.57683077998066;
  -23.53124759881676, 1.1951156981393, 30.4921390892084;
  -7.334158884644743, 1.336316089209355, 10.41476301107685;
  -23.31170210123491, 0.6325276734265684, 31.33080400055518;
  -21.57836719106096, -2.525719212769328, 29.14879184762368;
  -22.755492812541, 1.168701334722317, 30.73318720339653;
  -7.353253148454936, 1.397664161515578, 10.62096078344657;
  -23.24813354864135, -0.6719685426194058, 31.64985890114917;
  -7.344441065244495, 1.436969195325986, 10.76867956716637;
  -21.21973273358495, -0.6728237748953012, 29.24205659062448;
  -22.47215379236652, -0.3911222029686094, 30.9773576906517;
  -13.51765724627211, -3.445012743915088, 19.04694139476785;
  -23.01525384938105, 0.2150892775543616, 31.94573629623679;
  -7.381847560692778, 1.403952575204273, 10.97907297957791;
  -7.343854922646692, 1.471283829777525, 10.97160509544532;
  -7.47621083012922, 1.376396123642485, 11.14975258384887;
  -21.65072098111454, -0.4348772232187343, 30.69561046602268;
  -7.403030525330982, 1.451184235275195, 11.17025346397184;
  -21.66722355660149, -0.8754074228278925, 30.89261744349677;
  -21.92852911336219, -0.7993849414665964, 31.38090304312847;
  -7.334554385128159, 1.383075291894333, 11.23866235720434;
  -10.66974266942067, -3.62071052895341, 15.9269625804919;
  -21.59303901356463, -0.8733237154963954, 31.21776360508147;
  -7.545237211249843, 1.105929736684015, 11.68050578518676;
  -7.560535839694906, 1.16592523508652, 11.72811799595869;
  -10.27431584893786, -3.324421649385644, 15.42313747056339;
  -10.60742652620817, -2.903560823879151, 16.19721707835231;
  -10.86162662495788, -2.835739681063488, 16.57010871162871;
  -12.04178562788645, -0.3112941860900113, 18.43586792073823;
  -11.94585539367703, -0.4050199835675635, 18.29825885364207;
  -11.56220127788033, -1.264999683353657, 17.77487500764009;
  -11.18906417679429, -1.63647838876027, 17.23740414998001;
  -11.48677466659046, -2.382257541384398, 17.67663456172892;
  -11.91418552330597, -0.02834937317382912, 18.36409923996407;
  -12.09537592218943, -0.03618986498275509, 18.65461838535569;
  -10.94473405837201, -2.507386742549974, 16.97839010781495;
  -11.79637477633671, -0.2107923593649956, 18.22839279214821;
  -12.12165551300373, -4.086078352016314, 18.77264390789975;
  -11.18655814162366, -1.771394795573761, 17.4026724584619;
  -7.742779926736981, 2.295182337491632, 12.36916990462401;
  -12.26570367325408, -3.869478428213164, 19.01837075448954;
  -11.74394041886745, -0.4980000572370619, 18.269970556622;
  -11.6436010983111, -0.9735196312860404, 18.12963765436643;
  -11.84951022629881, 0.0231476003852322, 18.46780467194078;
  -12.25729441910104, -4.238401320881264, 19.08224568849581;
  -12.25721550954772, -4.364233811697018, 19.10832845198246;
  -11.60950238029245, -0.6818759974371748, 18.16406705526143;
  -11.88033665390441, 0.1721289404299042, 18.57100095014695;
  -11.34366456391035, -0.8207738506165813, 17.78481939237724;
  -12.6577404597543, -4.726446203005461, 19.76606261401621;
  -11.57832083612959, -0.3390725875961867, 18.17701221486179;
  -12.2565146558208, -4.023576514506333, 19.20567878304739;
  -11.81285165425647, -4.168836482193804, 18.56781362740875;
  -12.06722998726129, -4.118650105590453, 18.95838940190848;
  -11.50796350440787, -0.2307153564758849, 18.1525477381785;
  -12.37834034508305, -3.734144203558996, 19.47153663501909;
  -12.22629672375151, -4.503839549705844, 19.24971991240018;
  -12.15671672900112, -4.387037563332703, 19.21671626483376;
  -12.02537222712289, -2.638119485455142, 19.20103415906874;
  -11.96257716349179, -3.749461821555008, 19.14369384509094;
  -12.1129850315738, -3.673311592264765, 19.4725743088209;
  -11.33442941476249, -0.3830068227340222, 18.28636485287629;
  -11.78131454671823, -1.062664917712598, 19.06747835325498;
  -11.46983824961555, -0.7702980513018519, 18.59836852641933;
  -12.27085388873269, -3.332772391248382, 19.9025240448511;
  -12.48204139297303, -4.434752636925897, 20.27531145262527;
  -12.16713205520433, -3.702183736532106, 19.81281569261433;
  -11.75589565624819, -4.449174169589623, 19.18627269696745;
  -11.3027549682855, -1.207575935262323, 18.64069720284748;
  -12.05644430900594, -3.790316759686617, 19.92385246275992;
  -11.24974075430151, -0.6510978450303451, 18.68818680252442;
  -11.90926519194114, -3.544696921698865, 19.78568638719417;
  -11.23305271117163, 0.3232090945090965, 18.71621233762046;
  -11.82962329218119, -3.21123466216177, 19.74296627072681;
  -11.11357393133335, -0.4687391682572339, 18.68570423678628;
  -11.20003489472988, -0.293388196370289, 18.83858718463025;
  -11.51323871602348, -1.722537025833953, 19.34916793029132;
  -10.96685836773445, -1.019413718209083, 18.51316826149925;
  -8.320488226340489, 2.449613819684341, 14.30868051819481;
  -11.06384728038839, -1.141073685428831, 18.70720547188025;
  -11.76434763023291, -2.245371139132466, 19.88283491360885;
  -8.164162368641932, 2.264807342304352, 14.12807398660122;
  -10.72154609457751, -1.5054879503731, 18.26873942019968;
  -8.070891599277381, 2.529226998637268, 14.06808420157151;
  -8.071403310929805, 2.142838086153359, 14.10289333766829;
  -8.010286401635232, 2.281619589573393, 14.04096528937904;
  -11.5195425908754, -2.64686141490168, 19.79197947421697;
  -8.605484348887021, 0.7539039976033481, 15.05219619108148;
  -8.013677407789984, 1.919427478932214, 14.09958866472427;
  -8.001446586792785, 2.032050451482805, 14.14307191085218;
  -7.974980109755718, 1.788428886018087, 14.10331404856365;
  -7.96445669953444, 2.392436711080597, 14.11926043774721;
  -7.96728356812437, 2.099481507630997, 14.12489958950877;
  -7.906529192452974, 2.089018475300212, 14.11580417045791;
  -7.858863461488773, 2.276438778023295, 14.09460339708178;
  -7.967735833403048, 2.07963357477853, 14.27790645623971;
  -11.10239298685629, -2.857721740333548, 19.54666628346551;
  -7.785457669347144, 1.939721229916726, 14.10125852870429;
  -10.69175397112359, -3.211699035489026, 19.02439118340061;
  -7.755844485681489, 1.887647196451263, 14.09495952688653;
  -10.5713823504997, -2.930162852805001, 18.85920475416656;
  -7.746494665386272, 2.344293439363339, 14.13609823711215;
  -7.728702945202514, 2.28246520840399, 14.1326256418326;
  -7.654152748881272, 2.116616530724198, 14.06597168672474;
  -7.667142923079357, 1.979807833501514, 14.14733759627656;
  -10.25098390253548, -2.62047799841288, 18.56567004439904;
  -7.640076101599659, 1.880989732109418, 14.11677145555267;
  -7.480143796928087, 2.371173023710135, 13.90990344957824;
  -7.402519764372067, 1.676226315216184, 13.79032448999721;
  -7.562985428869671, 1.888513300451453, 14.0992322163688;
  -10.27116793548821, -2.582478814492073, 18.97842059986255;
  -10.52530087008953, -1.73824559229948, 19.49323261760897;
  -7.369756714712796, 1.604886291811806, 14.00858339119476;
  -10.16985690155401, -2.75394061695383, 18.97518274336051;
  -7.406956965990572, 1.437760722517758, 14.20189077561725;
  -7.563182102461676, 0.9095853158227062, 14.56595626663246;
