m=[-6.062080563223399, -1.286300848281001, 9.044903179003683;
  -6.083943105503128, -1.126133622872686, 9.136213975940704;
  -6.056501417774593, -1.640898340679226, 9.30376053337149;
  -5.582191893637594, -0.2151001977852223, 8.757037926851655;
  -5.550246281101954, -0.1227827491269454, 8.71424567695796;
  -5.073101056813823, -0.8688775154457128, 8.183665543693429;
  -3.862847541047352, 0.87300887042919, 6.571685425702378;
  -5.290882633014562, -1.363808774810872, 8.655680488592676;
  -3.713486404183919, 0.5591551583602903, 6.581977119393701;
  -5.193344810750889, -1.220050709088639, 8.792263164722124;
  -3.669294820100435, 0.5741497700857386, 6.598220852061775;
  -3.691750803489011, 0.6022647740574021, 6.682285397282932;
  -5.266195865972451, -0.8371290986573038, 9.113795602810798;
  -5.112915693937552, -1.347046505447026, 8.90013012371303;
  -3.586423195570431, 0.7200423895187164, 6.598419262428636;
  -5.044841271313364, -1.511417440291295, 8.944829998322483;
  -3.830531383714587, 0.2975420045429841, 7.367588728532021;
  -3.649470801948461, 1.264620371266277, 7.094709054589935;
  -3.652351376908765, 0.2976887899965731, 7.213849281830751;
  -3.499556150892839, 0.9021751743296655, 7.190587803389948;
  -3.684642282443491, 1.032885155526406, 7.599038341719894;
  -4.095270007524057, -1.229891590889223, 7.820429493209109;
  -7.750952173134245, -0.7523099602359556, 15.00634066864065;
  -3.6404449049979, 1.190260474747073, 8.113584854799337;
  -7.827968048790049, -2.449863318546809, 16.32607272255878;
  -7.742786917976443, 0.06013132720847363, 16.19915728452944;
  -7.640417595999479, -1.990127333391799, 16.01048253242737;
  -7.80289574419322, -1.815822062168532, 16.32997073476279;
  -7.703051306503417, 0.120548100808415, 16.23059907655555;
  -7.70869237415406, -0.003281545754587935, 16.24597849979241;
  -3.582292297113535, 1.185508373454793, 8.134204373852096;
  -8.022541376707922, -0.2729773260007516, 17.06534296690423;
  -7.748633980507498, -0.001878118374601525, 16.54139784701892;
  -7.799682516287671, -0.6951175078509168, 16.83387536292031;
  -7.987487901892783, -0.3954498798466523, 17.39169524147816;
  -7.789539856132511, 0.9041186976192802, 16.9883572970157;
  -8.082206830801662, -0.1522546791531913, 17.62096936192512;
  -6.405160226295156, 1.155301791937706, 14.22000366406457;
  -6.621194334361126, 1.1233059809999, 14.67983014978453;
  -8.282293045902986, -2.879191510388773, 18.17182230975647;
  -7.913393001143492, -2.125779716935738, 17.4324255052443;
  -7.898407129348875, -2.431741145516566, 17.49596139457006;
  -7.995392070156743, -2.566337739389287, 17.70333190188938;
  -7.916450991959009, -2.068721180442749, 17.5435445063611;
  -7.782081611986275, 1.00339724664947, 17.26726233640695;
  -7.988792947537113, -2.318605532437386, 17.7068524467666;
  -8.025888976164577, -1.953472115733403, 17.92767779472555;
  -7.892704459204429, -1.836324249749195, 17.68498678722414;
  -7.809416674058316, -2.680920727901987, 17.54039712515671;
  -7.883502411279507, 0.00887911796110526, 17.78350754831715;
  -7.862161757781908, 0.1152919556088976, 17.78200466691471;
  -3.293619902101742, 1.146716236178668, 8.307752550686411;
  -3.53050045921399, 0.869954338857022, 8.895164724271194;
  -3.553544526452995, 0.9114487078248534, 8.991375466748442;
  -3.255062273890523, 1.198495618370268, 8.353016441625988;
  -7.700566641607448, -3.683231395611364, 18.40000037650478;
  -3.025442044389671, 1.264353810768684, 7.901860848062135;
  -7.754302608314173, -1.809253504162323, 18.66857357355397;
  -7.714464622184048, 0.384354203681093, 18.60019609984735;
  -7.972128233249286, -2.200919263544736, 19.28443319461937;
  -7.734488774076735, 0.1075540006080911, 18.73290914409203;
  -7.490733337201515, -2.612754761783001, 18.18974023500508;
  -7.684202351377869, -0.0347117115532313, 18.65270885441339;
  -7.693297524251049, 0.6343403527059272, 18.79542923508559;
  -7.724938864108383, 0.748349270941956, 18.93047953524896;
  -7.493178172768571, 0.5544396045654526, 18.40392495576859;
  -7.734000128601141, -2.021472486793078, 19.01070028076625;
  -8.030445493535931, -2.149845295652043, 19.73704145273357;
  -7.654583735683898, 0.3385438875499726, 18.86532549748597;
  -3.134267479904125, 1.260283384735131, 8.381127131099005;
  -7.667345484098316, 0.71345888306101, 18.97596275912792;
  -8.097371068817388, -0.187782811574784, 20.00033068834935;
  -6.379283012366964, 0.9658411236467525, 15.98493991901865;
  -7.692193431268328, 0.5310737547942899, 19.06243446368149;
  -7.772431819368531, 0.6419643941496156, 19.25895553488846;
  -6.190561383441712, 1.065859564904544, 15.56182097476683;
  -7.727594584740856, -0.7150361767455246, 19.1668641847389;
  -6.360651427662425, 1.033583038687182, 16.00881786814217;
  -8.02795172988038, -4.54753350705232, 19.9622409012622;
  -7.678999732119282, 0.8487007528772707, 19.12722736788115;
  -7.953901804767011, -0.397241766593628, 19.80755579085019;
  -8.039925254906601, -0.7625946849256068, 20.01879960761325;
  -8.449181432612182, -2.771257405277089, 21.0071658935797;
  -8.25901416738647, -2.425654748989627, 20.56162569072972;
  -3.244795401023576, 1.191308436901408, 8.722372514018058;
  -7.630804708853015, 0.426046697686522, 19.10794566035792;
  -7.938294054115538, -0.1281501939122413, 19.85247666640193;
  -7.968407536100423, -2.19940542009555, 19.93054520378122;
  -7.705286663360118, 0.3360173600598109, 19.34302113041125;
  -7.740266747033663, 0.7332641859427674, 19.44431550951934;
  -7.661598821463105, 0.1786512820001533, 19.26882771227034;
  -7.854003262348885, -1.961243486302392, 19.76304080216801;
  -7.688364702252728, 0.2629942298801951, 19.40407204803898;
  -7.872131136988622, -3.771721652363288, 19.94437830797037;
  -7.873304603081955, -0.8324543428029761, 19.94693726783513;
  -3.42616973959883, 1.14434951232021, 9.279196678911717;
  -7.686641212652792, 0.5023617770415187, 19.50999792704758;
  -7.829032424719642, -0.07643755080766422, 19.86389175858713;
  -5.919708095400443, 1.033881140761114, 15.31379595214542;
  -7.826360346581909, -1.92319243175513, 19.91412602185932;
  -7.827456043781951, -1.833196582693593, 19.98867731158393;
  -7.795854115031065, 0.6823750566501065, 19.9146824012966;
  -7.728673761628162, -0.1545741830611901, 19.84909383397129;
  -7.019519712536027, -1.950870125025446, 18.29472559104807;
  -8.046591456825256, -4.59950857500115, 20.83561486029376;
  -7.689890602860594, 0.3187802472467596, 19.96758453954781;
  -7.630695458015347, 0.241801434281757, 19.94448980456133;
  -3.273987343320749, 1.077307889780518, 9.183788697285396;
  -5.732648544987402, 0.880185050783542, 15.39612480974657;
  -5.747719784110162, 0.9416995192866627, 15.43532208319467;
  -3.147070977130363, 1.244996413407356, 8.971028526922961;
  -7.595979962450477, 0.1153548538811339, 20.17169500407073;
  -7.581102201410847, 0.6039245366204172, 20.14025781086864;
  -5.687112051501928, 1.015839729400437, 15.42465682240326;
  -5.683413787485276, 0.9210231756942825, 15.46277924748103;
  -6.111342417474235, -1.792208628059977, 16.54528951814113;
  -7.565115546994712, 0.4434608412896159, 20.26738205805843;
  -3.042768977263172, 1.269166113776786, 8.827892904346895;
  -7.896354277711392, -3.874083045250367, 21.39542988892226;
  -5.606659468360079, 1.056748575954824, 15.62554603284581;
  -8.101353233116974, -4.789144719670361, 22.25118781239006;
  -5.412183500815301, 0.5715174562686207, 15.25382746790899;
  -8.026344662599499, -4.201336613961656, 22.14492716621985;
  -6.105562219017148, -2.365892430436413, 17.15824881894176;
  -5.35481926293121, 0.9008026582371588, 15.21491975534059;
  -7.819487298192763, -0.1635305037452858, 21.76157712898624;
  -7.391060390653442, -0.766798321407376, 20.70684107017029;
  -7.971771686426349, -4.225613244942492, 22.29912004672559;
  -5.383565118020976, 0.5334072407320923, 15.43443032388802;
  -6.22162017958695, -2.679823048989048, 17.67692243965079;
  -7.998088071550201, -3.938604188918562, 22.42546793167983;
