m=[-7.304489391538227, 1.441928343790264, 9.894779691140753;
  -7.658234377360942, 1.129892632355745, 10.43636677927628;
  -13.06173896516791, -3.176389134955049, 17.19809573544377;
  -7.294917519786191, 1.440917951689327, 10.14700709366648;
  -24.04305591009927, -0.8513399162797321, 31.16975316433196;
  -23.21758665583196, -0.6119706936186273, 30.21557108767921;
  -7.492208894163636, 1.165920489256644, 10.48120200754426;
  -21.86918980073551, -0.6194274620439031, 28.72794219537752;
  -23.41848187989011, -0.3350480387709883, 30.83432614661923;
  -7.369608275453348, 1.664862920190198, 10.42022878379605;
  -22.51328614568143, 0.2261887181680283, 29.88564255969746;
  -23.1023383086081, -0.3728522848960964, 31.27150739695462;
  -7.748929190474604, 2.264910977440495, 11.20732355092566;
  -10.56183449785863, -2.828305004386981, 14.92345358935397;
  -7.403891562236545, 1.928971153352318, 10.79796593334279;
  -22.09447289616849, -0.7341082082000754, 30.20913337259971;
  -21.92943432178933, -0.6083420777978172, 29.99821221523769;
  -10.93424298710751, -2.401905316573036, 15.54037290510514;
  -10.77942077261298, -2.54476738394125, 15.42291282672589;
  -11.22560886835041, -2.262371626145219, 16.07152977284417;
  -11.68496339236175, 0.003782066522090196, 16.82182205954652;
  -12.2108272146415, -4.030181795102931, 17.65442331236879;
  -11.79181577103848, -0.4615088626489241, 17.10204459610987;
  -11.77192689346236, 0.05986564382373048, 17.11457077853953;
  -11.7067353331184, -0.6398523419057673, 17.06861829426265;
  -11.5563486733245, -0.2955446306410955, 16.90738987164907;
  -11.92428163713755, -3.831887803419947, 17.46533931822674;
  -11.48537838688152, -0.1884239660996262, 16.88178658764118;
  -11.76703793592932, -0.4800718391288492, 17.29890435425311;
  -12.12674844941347, -4.218255920726291, 17.79592138878194;
  -12.17512406521629, -4.076893949126625, 17.86942795749523;
  -12.09840365010988, -3.096085791640403, 17.84688414156087;
  -12.00450452779238, -1.229774996853312, 17.82379333275389;
  -11.30467098376245, 0.1918355442589644, 16.93459743239466;
  -12.17127622960213, -2.582598956829906, 18.16010426016559;
  -12.2771500340762, -2.821365647115083, 18.34736496662289;
  -11.23084716514202, -0.3431123573851087, 16.88941083403229;
  -12.01049028760389, -2.223133370169485, 18.03606761612414;
  -8.525289323815352, 2.586964490585372, 13.14319211840098;
  -11.48511672053518, -0.724793681569251, 17.37501898930224;
  -11.12778337314419, 0.4710533913824292, 16.92825314729859;
  -11.66160815542405, -1.319154250835203, 17.78931755853583;
  -12.22545221143436, -2.992145943386216, 18.64942828032917;
  -11.72717642905334, -3.864783772227601, 18.00717828204274;
  -12.1820140243624, -3.300494001378814, 18.71353335511744;
  -8.228442152122108, 2.427599925591465, 12.9715069452285;
  -8.157644945940554, 2.267690754280213, 12.9268392121734;
  -11.29685274086291, -0.6270361385407517, 17.51403031720868;
  -12.00280986670169, -3.152173788399169, 18.57744155456502;
  -11.16371298898052, 0.3539501507690457, 17.35769196074874;
  -11.18706907581201, -0.2446958654919644, 17.39336725395715;
  -11.75562574901776, -3.392869055006359, 18.27050987319634;
  -8.040457581545848, 2.520292273250522, 12.82844983269434;
  -11.85874615720079, -3.26154537373657, 18.49645154503227;
  -8.074118006571812, 2.349372949307605, 12.92431983955673;
  -11.79847789188599, -3.130741676519893, 18.42906917837889;
  -8.04767018302954, 2.29452024515593, 12.90942563948061;
  -11.1812000239094, -0.4308483804292498, 17.54045624778481;
  -11.14852764071707, -0.2466281319994341, 17.50390953431288;
  -10.99175549046621, -0.9666984923172598, 17.30163856699931;
  -11.44161867818739, -1.653845553464909, 17.97542174409949;
  -10.68957490713164, -1.039966853135032, 16.86229080027786;
  -8.049003217446462, 1.936297872735189, 12.96461615661007;
  -7.960926832237917, 1.791617640896157, 12.88707193632524;
  -8.007867246900611, 2.040043210638036, 12.96032027868351;
  -8.014128054084264, 2.407902523893589, 13.00610191439067;
  -11.14701589556851, -1.238472676143096, 17.74078325132176;
  -11.47025586858872, -2.813883169310397, 18.24503392951582;
  -7.865078329814873, 2.061533902933761, 12.91425000795825;
  -7.884957420499504, 2.285520363188574, 12.94298527052542;
  -10.99962373177398, 0.3293687536735587, 17.69659982019261;
  -11.66500946981311, -2.605913246684219, 18.75391013733082;
  -7.821014870685116, 2.154452847006204, 12.97945376485357;
  -7.794031624834302, 1.903768040055521, 12.96325344295347;
  -11.20439983965368, -2.489285847759028, 18.26044685493304;
  -7.73121538925259, 2.340409178428341, 12.91404415832879;
  -10.82838204927002, -2.791186930446949, 17.71481654914187;
  -7.81087434116675, 1.839059648855683, 13.06832670003013;
  -7.628148681642172, 2.110216194480021, 12.82517405761496;
  -10.26552763162997, -2.114969708754516, 16.95926537547283;
  -7.660129916700295, 1.982599561448589, 12.93772482509917;
  -7.680558919018036, 1.899539470860434, 12.98885105005561;
  -7.765214720609672, 1.754949233653036, 13.21060380059524;
  -10.41948109853006, -2.447804982307585, 17.64004186059014;
  -7.415746282064357, 1.621850000192768, 12.88932560204616;
  -10.31065185443348, -2.524467684903642, 17.77762020103003;
  -7.403053097830622, 0.9068278634933688, 13.07457300949225;
  -10.61100178549417, -1.686754269422049, 18.36363551134203;
  -7.395733630731804, 1.113606503264191, 13.10858428989049;
  -10.29545579037645, -2.712436225157195, 17.92145650395392;
  -10.73235826131739, -3.429211158606337, 18.67117083458128;
  -7.875154056891607, 0.461185316408921, 14.0204428849121;
  -7.44608723662714, 1.010161504523368, 13.39103216943058;
  -11.43688564569835, -4.658424164765144, 20.1116671921546;
  -10.74461809889684, -3.683732940839105, 18.97805249276134;
  -7.227800297573417, 1.600253370239506, 13.152767441924;
  -7.23192639563946, 1.246002190629143, 13.17056918078321;
  -7.096640563779513, 1.424785015725538, 13.05663253918567;
  -10.14459113112148, -3.434126165127474, 18.24100941373991;
  -7.139265112758655, 1.120812041517079, 13.19288852407973;
  -9.854190744750515, -3.945754670868204, 17.80632342584286;
  -9.783834766544377, -3.661034311632198, 17.84951391455413;
  -7.030919969459855, 1.1461328704778, 13.13682684144603;
  -9.641570371055206, -3.80312198413237, 17.74610299970274;
  -9.710878691179369, -3.995823922974143, 17.89106287287741;
  -9.664441076353484, -3.692039487639878, 17.84835123994432;
  -9.587416816756788, -3.895481698442172, 17.81760357461728;
  -9.095492034383884, -3.801768158061485, 17.06532689913707;
  -7.69456072941705, 0.5976860111999184, 14.79960695324829;
  -7.463365778350905, 0.6083095788389178, 14.74107781649558;
  -5.997120994053085, 2.566023588170753, 12.15817193340127;
  -15.98995835711343, -0.1650938712768959, 30.81411359720972;
  -15.82964468989587, 0.05730801576431573, 30.51591955348975;
  -15.92065135824243, -1.54526364280308, 30.82340241712964;
  -6.911296477462298, 1.781711690154698, 14.20073918338854;
  -9.524908210902948, -3.527136577978764, 19.22335110960923;
  -9.480518797010223, -4.309567052076234, 19.1566124651553;
  -7.683035052728159, 2.532393769074123, 15.77883285139087;
  -9.283203892982021, -3.341820911941543, 18.87194609620907;
  -7.469787091835103, 2.093943349361639, 15.40534851532357;
  -9.23123868896907, -3.748343622344838, 18.81974818709562;
  -7.610752236443701, 2.347293452284631, 15.72129614478663;
  -9.484279167345569, -4.063351972398603, 19.37474281624441;
  -9.416306154466414, -3.932239635345479, 19.35659645880666;
  -7.194108454283004, 1.600058977617987, 15.03366412546502;
  -7.330957446744682, 2.486811288114406, 15.33573211357658;
  -9.213930620344442, -3.804656129395681, 19.14756938398;
  -9.081257918913002, -3.921190064884691, 18.92311244619539;
  -7.310532661118851, 1.626918849167008, 15.53392469672724;
  -9.052353710109129, -3.889535053216516, 19.29945700553889;
  -7.388088091980428, 2.342399597814648, 15.94820299785255;
  -16.27869814649652, -5.094628033000467, 33.95098295136296;
