m=[-5.502540924340075, -0.05752073478411376, 7.830800504365493;
  -5.514062151326748, -0.2514315203037896, 8.07898756597476;
  -5.52187736720993, -0.2008259830014976, 8.099322802786013;
  -5.512674920442966, -0.111656582077986, 8.091480859215974;
  -5.467801568834748, -0.3477682559327899, 8.175474722518338;
  -5.310686891195304, -0.2533311781882443, 7.969358335440155;
  -3.628782891302436, 0.550707809216294, 5.887193439399059;
  -3.55158247464633, 0.5742066518689873, 5.946093570434975;
  -3.540964773773967, 0.6107582592866434, 5.996422285345029;
  -5.201543084824529, -0.8098621876732245, 8.43697669624386;
  -3.456611046354726, 0.6332067585994532, 6.064144625169059;
  -3.454908124315942, 0.6580765851134756, 6.066757630613825;
  -3.72155981721384, 0.2968256956582034, 6.693875360258417;
  -3.331094896926886, 0.8601967190809023, 6.170586165717888;
  -3.791355526340082, 1.157645482676914, 7.25469075145206;
  -3.505805730421755, 0.7505011692330226, 6.78199815275141;
  -3.666165772477403, 1.16083222943138, 7.340871466537259;
  -4.502114061872376, -1.906180668108585, 9.012075798505146;
  -3.566984880299958, 1.163755495798388, 7.3782861963591;
  -3.477948951046273, 1.101246691147164, 7.352057029145358;
  -8.300301468329836, -0.3909538816365124, 16.24942917504146;
  -7.866175339482695, -2.422363296638754, 15.76554768298561;
  -7.720186330746374, -1.976424703167238, 15.54290892685034;
  -7.910541284121727, -1.807773232626765, 15.90478237546565;
  -7.586367549547326, -2.595878184742832, 15.36554714594597;
  -7.890989259989361, 0.139779856454197, 15.96878959995624;
  -7.891575030038326, 0.01447817850700187, 15.97453545313773;
  -7.773092060922179, 0.984775434122767, 15.78359666779222;
  -8.083762808008595, 1.044689009482646, 16.53499811251247;
  -8.239874819973847, -0.2569469018327841, 16.85791615337054;
  -8.042129664243094, 0.01451432723990118, 16.4926125386875;
  -7.977664812826718, -0.6837694375796092, 16.5560939398374;
  -6.29263655476114, 1.155335092177314, 13.36224282152393;
  -7.960045210890073, 0.9356752808136277, 16.68819529310027;
  -8.15608710925132, -0.381858201772195, 17.09589433922027;
  -8.130935845978931, -0.1294827389247961, 17.06958333907061;
  -6.929229256496125, 1.181290935366711, 14.69645332138266;
  -7.781502824726961, 0.9039776351048875, 16.44380186488001;
  -3.329462236867643, 1.11372513861199, 7.610456298499201;
  -8.518430331975296, -2.757962351660068, 17.93969466327303;
  -8.151697289832628, -1.956791528719457, 17.21816318339468;
  -8.161822413612688, -2.794875268356501, 17.26141895207076;
  -8.306702762892572, -2.445264555421064, 17.57791398013977;
  -8.090773955642524, -2.242786789055997, 17.15314883156004;
  -8.1081907004661, -2.139026762144697, 17.20315124324105;
  -8.177119294082498, 0.04957166829327146, 17.39048542138319;
  -8.167185989322114, -2.582279106095917, 17.41090528416662;
  -8.169006775638851, -2.086884015604303, 17.4242468321785;
  -8.010858815125447, 1.041886246915664, 17.09945138795917;
  -8.186202121886369, -2.337580333821848, 17.46591379595611;
  -8.198805743500946, -0.8299054448807001, 17.52421704752018;
  -8.205024311545021, -0.03386450654603686, 17.53656506662292;
  -8.208865826939983, -1.960581147053799, 17.66149743120161;
  -3.239974284635856, 1.126915041383296, 7.58810007123952;
  -8.075738390484903, -2.713809878864302, 17.46990883069847;
  -8.181663418805675, 0.02684685742182456, 17.76502428489346;
  -8.070215042541255, -0.6860551616444647, 17.63297219559729;
  -8.08658770215137, -0.4013053297448212, 18.08060345751626;
  -3.217927892459733, 1.039601819176884, 7.835811523747531;
  -3.046313413681518, 1.220213082815007, 7.569782165778666;
  -8.085738026178383, -2.740941167293761, 18.50590207344381;
  -8.021807795484524, -3.946928584847709, 18.47124962555856;
  -8.047942407630506, -3.793126425540073, 18.52468795605565;
  -8.011254983662251, -0.1459636034068334, 18.4922799086529;
  -8.015528622566915, -1.832186468612933, 18.60324464973293;
  -7.989607705356893, 0.4153156537976139, 18.57083321356305;
  -7.856958718576366, -2.69569772082724, 18.36689884486872;
  -8.020250263375166, 0.5054073102744535, 18.74061798072249;
  -7.954986756378983, 0.7448402332574958, 18.60630315876582;
  -7.969730876124097, -0.01560516610504444, 18.64835676904677;
  -8.08483278620951, 0.2639633334808131, 18.96240304226623;
  -8.175807909354449, -0.2980940262569711, 19.2250457167185;
  -8.028469107482728, 0.788891437057231, 18.96236676051998;
  -7.966550582110254, 0.5918679754650683, 18.84524447452768;
  -8.016806875966072, -2.051714174407421, 18.99979896740891;
  -7.880145458548866, 0.3727745912982377, 18.72392069614059;
  -6.433902510149944, 1.112334494781922, 15.47894503184437;
  -8.583299365585585, -2.256977793071332, 20.35572691366751;
  -7.847761649865839, 0.7418244011931847, 18.72489520693276;
  -6.376191312728905, 1.047034409686841, 15.40224995205958;
  -7.999239939808882, 0.5647954225749966, 19.11080323231757;
  -8.086636937089546, 0.6811855720190865, 19.32543649796873;
  -7.364760091743289, 0.8271960448460798, 17.72408090340048;
  -8.140322968049995, -0.004624359271905083, 19.50384504852481;
  -8.288797793537755, -4.62689389355439, 19.89681608821562;
  -3.21114021294014, 1.238949249001304, 8.315995112013823;
  -8.582319960823527, -2.762605298190085, 20.58155489599552;
  -8.308158655961881, -0.3913063363204492, 19.96892513603942;
  -8.399618759775876, -4.188782512725868, 20.19912573659505;
  -8.404362199019515, -0.774029904261769, 20.19899306050798;
  -7.987524126225878, 0.4616871528070032, 19.29539294520397;
  -8.900776869045444, -2.562285622023666, 21.42604545685051;
  -8.384201408211323, -2.272121340598392, 20.2394642392235;
  -8.349075553909907, -0.113097236414692, 20.15371414615755;
  -8.105142808598389, 0.3727761281305965, 19.6217913045248;
  -8.198371484514215, 0.7865305709773202, 19.84831331481901;
  -8.049248608115438, 0.2076158652279646, 19.52318741126057;
  -3.182727760915058, 1.040587919016391, 8.330206730120221;
  -8.317300605856978, -2.070721127683543, 20.16535082450592;
  -8.192128424409143, -2.005275497981693, 19.90675029228667;
  -8.055438998797083, 0.2925400649519226, 19.6097355285337;
  -8.251922892271715, -4.001691503089035, 20.13066272903025;
  -8.259921949350726, -3.896850905173973, 20.1942487634812;
  -8.232821817525206, -0.8406039835619198, 20.13001135477384;
  -8.03762929811284, 0.5405594466618251, 19.68075561574476;
  -8.236774408433245, -0.05571081977752431, 20.16867129972878;
  -8.3088962723183, -2.002774071302233, 20.40775792127921;
  -3.155087588700868, 1.195896234818348, 8.377143038192859;
  -8.120297330347903, 0.734142584815637, 20.02071940080223;
  -7.150849154349606, -2.233171920234952, 17.76455646236966;
  -8.371968598036487, -1.918886175001634, 20.62534499808655;
  -8.074529898169647, 0.203704303424386, 19.94111784678815;
  -8.096799400404656, 0.4678709218312984, 20.0412636116051;
  -8.149943179864332, -0.4314900259247071, 20.27124604117246;
  -2.975460912898815, 1.236279006532976, 8.03728636133348;
  -7.225715837639597, -1.962735886539098, 18.12697781694839;
  -8.048805480086031, 0.3541071731750857, 20.17463456332895;
  -8.152172972876162, 0.2674882314491716, 20.53917205600583;
  -5.812346871863035, 1.113943431629465, 14.93283249346883;
  -5.823929373995508, 0.9005822419654742, 14.96721612448063;
  -8.034311142239943, 0.4773250345098846, 20.26892288379891;
  -5.828278492404483, 0.9594208233574227, 14.98115541137525;
  -8.139670346086513, -0.06267539325479092, 20.52779282743921;
  -6.567103180228487, -2.080543735533814, 16.78566444858238;
  -6.559528779957823, -2.245386272661567, 16.85209078701664;
  -5.773935254027543, 0.9439173951948114, 15.03205366157435;
  -6.41048665903545, -1.859054121966941, 16.64883301251759;
  -8.135511666536278, 0.1413147902991866, 20.85380738121477;
  -8.066479147457546, 0.4884678814608969, 20.87161318639135;
  -5.547120395656091, 1.049385129923466, 14.8122854299321;
  -8.081225985258094, -4.234338852852322, 21.19359619728284;
