m=[-3.442404329027442, 0.5424533842565897, 5.303498971308367;
  -3.452925779536471, 0.5967176927566436, 5.331037509285192;
  -3.431100067278823, 0.7341028696930255, 6.112508929160039;
  -4.716290634484038, -1.492409851185325, 8.046676630535137;
  -4.720774340568732, -1.57149706300563, 8.054947542671101;
  -3.782236522516965, 1.138351733695238, 6.687088230321439;
  -3.49670861038473, 1.135973266064586, 6.702900765664513;
  -7.958560634565108, -0.7462018620518739, 14.17299150837879;
  -3.42584983598125, 1.126199667151062, 6.691330276511405;
  -3.49214073526983, 1.098078276829538, 6.827057400990885;
  -3.40450314599742, 1.139316270101721, 6.781047520448426;
  -8.059241013421502, -2.717178320191372, 15.32922906213343;
  -7.82986434287614, -2.393695102121482, 15.09462251096179;
  -7.921023773468368, 0.0812091796571869, 15.31653798247448;
  -7.935844990393695, -2.01715686775301, 15.35214676912532;
  -7.757103331796237, -2.638295283646269, 15.12108623273878;
  -7.934937159597117, 0.01412860072986466, 15.45777460049744;
  -8.174883778753403, -0.4302349493162589, 15.95999313767126;
  -8.029889873311442, 0.01664698487353643, 15.86244693137231;
  -3.197837106983211, 1.106544465833898, 6.949685951757612;
  -8.051960479243215, -0.6834825577127098, 16.09636733233178;
  -2.895376260067103, 1.199889550972479, 6.463844285938971;
  -7.865670586326712, 0.9198686019870203, 15.90000677852393;
  -8.159770449590292, -0.37511325244191, 16.49072666930598;
  -8.161962502374793, -0.128775033819579, 16.53096103711649;
  -8.044616244029223, 1.146024040194594, 16.36027910945192;
  -3.061497791285467, 1.194925742720112, 6.834920245115139;
  -8.252775770701073, 0.954786363919354, 16.7994602250268;
  -8.199273105776451, -2.403973229442864, 16.75009776961692;
  -8.296306905912802, -2.827341213130087, 16.93800261270281;
  -8.250165018246998, -2.275078654696798, 16.86734988282536;
  -8.381380075963339, -2.196917779042619, 17.13325283355656;
  -8.029165553203168, 1.037435651939672, 16.52679004923962;
  -8.259084975071421, -2.493272749185041, 16.98433384554227;
  -8.269412067486183, -2.594414733728727, 17.00568078065326;
  -8.310456861243583, -2.110863317964224, 17.0926572147731;
  -8.179363253237826, -2.315258856271925, 16.83690205751088;
  -8.046724709969341, -0.8094356786325123, 16.59438475092984;
  -3.112484123817068, 1.081537235709722, 7.043792414215982;
  -8.12283637541011, -1.842739885517663, 16.90345545598568;
  -8.382809309008238, -2.817934002634531, 17.47619663876634;
  -3.082436868086473, 1.190412525391125, 7.045163822450667;
  -8.134866965750613, 0.01143625286230064, 17.05354711204;
  -3.001265216084946, 1.196859957180703, 6.916943401372164;
  -8.198204299512973, 0.1383298641287671, 17.22867855583892;
  -3.13834944891655, 1.14332291968883, 7.310453499071337;
  -7.839593211547508, 0.6133532613574951, 16.87998836416685;
  -8.206533878808822, -0.3902587914599275, 17.71629929050965;
  -2.926306207582611, 1.205136147931466, 6.945222014033492;
  -8.236628399813334, -4.020718322647466, 18.30203242706264;
  -8.148441891468542, 0.1439701399430976, 18.16328383547833;
  -8.156805270486798, -1.851874368496482, 18.28271781024776;
  -8.187845459274547, 0.1327169570279249, 18.47041937095148;
  -8.201622008285893, -2.797531414444886, 18.51048629456508;
  -8.167067665457088, 0.5078352571401948, 18.43502010487013;
  -8.033070925687106, 0.7476427227799116, 18.15408557125316;
  -8.062925395788255, -0.01224301481207461, 18.22369776223991;
  -8.178860437240939, 0.2631837672734853, 18.54062163933207;
  -8.246284000831672, -0.2930605370164766, 18.74911352143788;
  -3.093734510801298, 1.200043910771441, 7.642664755442378;
  -8.131413295602638, 0.6789431544716748, 18.50528050402702;
  -6.431525946175806, 1.105170375385445, 14.86858150204548;
  -8.142412502569407, 0.7954300583923342, 18.59432740286429;
  -8.198567318092859, 0.5961497153398446, 18.73303098290273;
  -6.360977024794191, 1.036868342911327, 14.75437805543591;
  -8.070324971475522, -2.051037764699336, 18.48151706033971;
  -8.778694594904547, -2.296849573414574, 20.14077387613662;
  -8.001240923449149, 0.7505487555765519, 18.45364359278977;
  -8.544594019304585, -0.5311661376738583, 19.67810449329298;
  -8.08622484317922, 0.5719313840165272, 18.67903631023592;
  -8.214749113493891, -0.7192007919196944, 18.99413457909435;
  -8.440332151137348, -0.3981734201301512, 19.63349011249832;
  -8.579769844075635, -0.7737749499589388, 19.96389374970874;
  -8.198299416453223, 0.4706269380565312, 19.13563974057979;
  -8.997252390301627, -2.573730877680378, 20.95697595840415;
  -8.580542251113895, -2.30808359252691, 20.04634132669629;
  -8.575534033315364, -0.1163915745604695, 20.03396924657341;
  -8.230429655355566, 0.3782035634346025, 19.27223527327997;
  -8.271263140825953, 0.2122366011667858, 19.39827736106598;
  -8.540738797143865, -2.089852201441723, 20.0718694804085;
  -8.207980700345159, 0.2939957518990342, 19.32461949081696;
  -8.456795916797606, -4.073995319348657, 19.96290862208999;
  -8.466795116008033, -3.967284065676203, 20.0269871347947;
  -8.266365542247241, 0.5538138266546031, 19.57792232612096;
  -8.414374264280893, -0.8553152151513066, 19.9145837007152;
  -8.417140546513993, -0.06549794841647409, 19.94744613068187;
  -8.529071285041523, -2.03879926230159, 20.26626113552075;
  -7.236767426603634, -2.244621180870035, 17.35043461830667;
  -8.251413757461799, 0.7376437358970682, 19.69088031289807;
  -8.398882640058815, -1.913029979306391, 20.03278740825742;
  -8.342072304473618, -0.1430020761680491, 20.00654328957533;
  -8.27940639050664, 0.3502924350200298, 19.88412243673572;
  -7.329755912587799, -1.971335221917076, 17.73865797828798;
  -7.950402812460198, -0.4306699503592887, 19.16868734314607;
  -5.824358698699925, 0.8947171608144116, 14.36116233048015;
  -5.854964403759884, 0.9585135983096765, 14.4381640640969;
  -8.254213590990517, 0.358841327876919, 20.01924926474527;
  -6.50812384760381, -1.804057435195023, 16.07064432414273;
  -8.16388883801438, 0.2706868546864134, 19.92760845748482;
  -5.772572198103775, 1.029885400076585, 14.37434100890156;
  -8.300161972081446, -0.0603493065704117, 20.2653929866901;
  -6.580752764518405, -2.236964747407774, 16.28469082853803;
  -5.752646632982804, 0.9338231259336576, 14.37169387644992;
  -6.407284526499852, -1.84358204146798, 16.01115852754829;
  -8.520181344801738, 0.145576669741241, 21.13907228934225;
  -8.397046509152741, -4.852184281588374, 21.00359623805153;
  -5.597095194837408, 1.050596693999355, 14.32859489197249;
  -7.412797849419997, -1.803605881628076, 18.79056935281672;
  -5.590502594205167, 0.5924334883305064, 14.44445878360464;
  -8.326508859647371, -4.333485469026304, 21.14528453994846;
  -8.488842984814871, -4.078741427086719, 21.54479405539266;
  -8.461167523707553, -0.8625119977445251, 21.56180357125453;
  -8.325845534555571, -4.807725859378965, 21.3146070853672;
  -5.478807695478502, 0.547906399562349, 14.40876229454289;
  -8.628238596163724, -0.7174936708476497, 22.20889636728709;
  -7.541970059594543, 0.3700463338608593, 19.57059722706954;
  -8.708498108040951, -4.446228022348135, 22.52153429829331;
  -6.426745973612134, -1.365814306567054, 16.92257010660543;
  -8.669266544334686, -0.1521739162523216, 22.61696418200516;
  -8.256346821593271, -0.8128325100037124, 21.62178756552285;
  -8.721434540755586, -4.514597181701192, 22.87649113419167;
  -8.950446484454615, -4.304741056598515, 23.54232905179934;
  -8.815615970822821, -4.472056787140625, 23.20666383493982;
  -8.879570165804333, -5.121911367907457, 23.37936767048088;
  -8.790244891149737, -4.313233944578181, 23.23481575521656;
  -6.099200404562579, -2.411554912530108, 16.50159544060479;
  -6.650336371820386, -1.349835813569137, 17.95630673366487;
  -8.545978863069017, -3.982124224646408, 22.87169497483736;
  -5.354909897700083, 0.4159388928165979, 14.81506234839088;
  -6.424624150637869, 0.211652714977937, 17.59432256396285;
  -6.128811879285333, -0.8475604283055414, 16.83104213085259;
