m=[-3.352204814094729, 0.842471698208846, 5.285324955987006;
  -3.543370789719908, 1.112958739034726, 6.253603881222174;
  -3.531603028665245, 1.140067847095895, 6.243506477198181;
  -3.456684850585289, 1.128550177147494, 6.227889446816068;
  -3.464541168523459, 1.150498941069657, 6.361872891268125;
  -7.795979420097738, -0.06933018597041325, 13.26924255667281;
  -7.809298474278166, 0.04043283724556353, 13.29027938578888;
  -7.793836303137588, 0.6238180566374302, 13.30575475352989;
  -7.808298499755154, -0.01553786368207069, 13.37970184531379;
  -7.813157809871642, 0.6159404831800287, 13.53993994429079;
  -7.745220320854955, -2.201371760066513, 13.90923697842472;
  -3.24730667548058, 1.114106971109107, 6.521362163978435;
  -7.868299943281206, -2.651593711658496, 14.39710279450639;
  -6.697197209722511, 1.125830706681223, 12.48413017252221;
  -7.799404424936127, -2.388206328924671, 14.4590122867133;
  -7.753135372807234, -1.975605960733662, 14.42525854091054;
  -7.777035870458957, -1.772152015000817, 14.47432367074785;
  -3.110572667154061, 1.204736282784822, 6.412223293355124;
  -7.795614985166358, -2.658651236702362, 14.58151720983489;
  -7.816002139340379, 0.1262409489673112, 14.6499330783092;
  -7.830226138268754, 0.001865666314110918, 14.68069295296973;
  -8.046214310349685, -0.4323913921345145, 15.13679221022649;
  -8.051405854575094, -0.0714258073481053, 15.1658471210704;
  -3.1787252767833, 1.095253018507975, 6.653554461896814;
  -7.908509574404965, 0.005611421713539137, 15.05206380189144;
  -8.252893606973082, -0.2675311676981669, 15.69124449073939;
  -7.534177591101702, 1.073607071939899, 14.4731569662996;
  -7.944906801549719, -0.6808191855716064, 15.30203875020278;
  -6.66778279357585, 1.114790166787789, 13.02106091758164;
  -7.986529594826562, -0.3759746834295922, 15.56789108455912;
  -7.688142919999215, 1.078994861026072, 15.0802169778633;
  -8.202985361643856, 0.9338371209741593, 16.08439914926814;
  -8.124431672148592, -2.770107500326441, 15.98229248342842;
  -8.429130212381871, -2.018801515731838, 16.5597874232117;
  -8.05496196672822, -2.361688217759918, 15.87217094187395;
  -8.053679809180744, -2.228448985120488, 15.87798448665991;
  -8.135567392066383, -2.136954855959549, 16.05167857911778;
  -8.161129365278008, 0.03931391707914775, 16.1574811190193;
  -7.869348057392238, 0.9998313869322837, 15.62262279428597;
  -8.089936928984617, -2.543646551769327, 16.04733257513102;
  -8.087839726327374, -2.060352121028835, 16.05553764477262;
  -8.034219196847346, -2.288229125829344, 15.9564925232188;
  -8.092013414813852, -2.179605576914052, 16.07982985405029;
  -8.142291374623646, -0.05030631403856435, 16.20730597037835;
  -8.042183360242195, -1.918813941001689, 16.11715254336447;
  -8.182654397502605, -2.737080362484734, 16.47375645315556;
  -8.014434199188329, -0.00339537225801252, 16.21810867767269;
  -8.058625304169425, 0.1226058317079533, 16.34888370565087;
  -3.289526714329632, 1.110848297446552, 7.551390752166808;
  -2.97119568025005, 1.215456719766386, 6.931444954041776;
  -8.026782269942286, -2.714813797735642, 17.15171999772911;
  -7.918254045963123, -3.706545029482315, 17.00891465506092;
  -7.934706006067078, -3.871156024147412, 17.04276407637922;
  -7.959150687607876, 0.1260196025503041, 17.14980672636997;
  -8.004220206697427, 0.4740575004201676, 17.31216459344475;
  -8.036927328693066, 0.3939526786015555, 17.44519008459515;
  -7.928043970000629, -2.707487927291337, 17.28851876935774;
  -8.001135899761284, 0.1151789192787945, 17.45321817323146;
  -7.886019383865143, -0.02925767053447574, 17.23441233293108;
  -8.092352271411588, 0.7359070853779037, 17.67867609212581;
  -6.368606551976429, 1.078797223833895, 14.14566679217071;
  -6.23208970849961, 0.9979269523533988, 13.89140251703711;
  -8.011342512623026, 0.2444317349669962, 17.56661920708186;
  -8.042403671272925, -0.2931393961920028, 17.69193253626487;
  -7.98530079984203, 0.7638605021967311, 17.63368640285897;
  -7.977907007450344, 0.5623195949582729, 17.63535644122943;
  -7.869129488873678, -2.002173342805764, 17.4268780090638;
  -8.032183971342178, 0.3767726191976569, 17.83253725805132;
  -8.061602901297389, 0.2507766194055896, 17.91908917047621;
  -8.374241337876393, -2.175902837937319, 18.62088639053593;
  -8.118516073217924, 0.7396625613278836, 18.09471471069177;
  -7.999529960335283, 0.5427618105823331, 17.87266137784334;
  -8.004922337192072, 0.6555088349289694, 17.90255720245641;
  -7.911090919461576, -0.03500287720331485, 17.74397666920361;
  -8.018407859704247, -3.963138775251382, 18.06640834324688;
  -8.291293808257104, -0.3953584821017436, 18.67666282784856;
  -7.896761822105046, 0.2671274927120266, 17.83710342781065;
  -8.323155311843552, -0.762508596783789, 18.75660657136938;
  -8.101097127583142, 0.4494780764080215, 18.3092455974627;
  -8.27418836995394, -2.229759617079621, 18.72420568850923;
  -8.044258304783853, 0.3516849169155327, 18.23568045389625;
  -8.312607231274084, -0.1281281694978233, 18.81444855701506;
  -7.966020288540109, 0.7518021379459651, 18.07532506294356;
  -8.056848032480334, 0.1896878140735416, 18.29255973604689;
  -8.056794909394414, 0.0397316882402211, 18.33531692220623;
  -8.400313023551512, -2.081412479264624, 19.0889785826516;
  -5.918877638024642, 0.9266545737306808, 13.75610018108728;
  -8.225214875978107, -2.01377829627373, 18.72523580220074;
  -8.013289584274739, 0.2713028434086802, 18.26416274853886;
  -8.1422285268685, -3.924530626631761, 18.6146714720837;
  -8.120846957307155, -3.803475508532036, 18.60490442899945;
  -8.070963755728247, 0.5171065772641417, 18.50590816390091;
  -8.093830791502679, 0.3991554601743003, 18.57210649903262;
  -8.02802993610487, 0.2360476383720815, 18.44514111461083;
  -8.186028268950027, -0.08036586470753193, 18.79299563798782;
  -8.114238274915861, -1.957680731865604, 18.69421033851258;
  -8.008482966317628, 0.6889969656138175, 18.50428995193702;
  -7.980588648566665, -1.825279953134812, 18.44851313147324;
  -8.069609425234708, 0.1848741751149343, 18.67297342865902;
  -5.856200788516, 0.8829331745586064, 13.85235332982953;
  -5.886475681082627, 1.10429991167503, 13.91873584447472;
  -5.850673667236372, 0.9390865247579439, 13.84258772549408;
  -7.398634931678764, -1.99441361270267, 17.28695523517602;
  -7.978136498021867, -0.4365818790291291, 18.60609028379249;
  -7.529679673041324, -2.234162990617752, 17.67171167560855;
  -5.761386190632805, 0.9188617168472658, 13.8083195356558;
  -6.301690622121848, -2.144004054095464, 15.0105161679235;
  -8.077705757392009, 0.3332693532717647, 18.9801600941713;
  -6.573776279449276, -1.728537305906479, 15.68967980692571;
  -8.02199114527382, 0.247054260348523, 18.96359025936774;
  -8.024641523396131, -0.07324562702643407, 18.98643655949993;
  -6.291882497360319, -1.811916452825405, 15.13642185340612;
  -8.036757005811401, 0.3737685488547189, 19.09980819386625;
  -6.575309372778344, -2.335356618309005, 15.90403650391655;
  -5.567468050452547, 1.029183510092872, 13.66881752580153;
  -8.087704603955691, -0.01557308995480279, 19.46675416737516;
  -6.364163116886547, -2.407348084908134, 15.56326671495324;
  -8.304834119159185, 0.1270188890145629, 19.98490531980581;
  -7.40157685712567, 0.4140174760981031, 17.97732992758193;
  -5.509176307297069, 0.5712743931956495, 13.67880340122693;
  -8.209491295289586, 0.169448626147934, 20.00121621348662;
  -8.20753175708802, -4.174335896372848, 20.20413329743888;
  -7.961036438771823, -3.713290233501825, 19.63909773695134;
  -8.327218902709342, -3.996641549465888, 20.50859742457162;
  -7.322058305971687, 0.3273894176898398, 18.37635729983038;
  -8.255560834541459, -0.7029395588590904, 20.62593090914352;
  -5.993181911931371, -2.290198166850513, 15.30697890482724;
  -7.950833247902695, 0.06954167466479463, 19.97411440587519;
  -3.082563336477421, 1.196846601905747, 8.414284980595344;
  -5.4893999764614, 0.3974895541354018, 14.19290882850154;
  -8.194715345789614, -0.1678108753153972, 20.76215260630438;
