m=[-7.694998523180681, 0.4810868557804106, 10.50303042552746;
  -3.384881514975246, 1.079418363634881, 5.485091121462497;
  -8.198211291823254, 0.8665858395343913, 11.93108882305491;
  -3.335110449411891, 1.074817681442222, 5.504192946238564;
  -3.271200752598126, 1.075337956155462, 5.519021436825557;
  -7.60073491515609, 0.9602307910740707, 11.97688012453325;
  -7.539412346397344, 0.9693779575346038, 12.02682672560098;
  -7.342040382100502, -0.04518668288439201, 11.94418086753525;
  -7.31617995959745, 0.9066274294663744, 11.90868694780062;
  -7.305915272410718, -0.09013104527926602, 11.9293229178187;
  -7.360416524389419, 0.01206296112454953, 12.01830423940833;
  -7.326078219040756, 0.5564967261210023, 12.00427674737567;
  -7.340174451436596, -0.04269509147451871, 12.06783401416714;
  -7.376048336277435, 0.5876175870113666, 12.17095278746483;
  -7.244530303453345, 0.9476050684343179, 12.00140468117746;
  -3.093049167057809, 1.048462877604604, 5.714925716355866;
  -7.22519772206508, 1.005358893707681, 12.06910045115719;
  -3.012192473882956, 1.061713407360632, 5.668894760286753;
  -7.543435160181637, -0.3680691276617197, 13.15930768546574;
  -2.98699123138474, 1.131687208352169, 5.816912922816372;
  -7.43977071406586, -2.302047352991794, 13.26053251336514;
  -7.264703904543099, -1.874473380956487, 13.00896415084122;
  -7.324011933923864, 0.03513751507715296, 13.1139567424995;
  -7.154579745530318, -2.461168408457727, 12.89585036216003;
  -7.351598243111109, -0.02862271209422746, 13.26868223771611;
  -7.564625736979104, -0.4307439586210567, 13.71133104543365;
  -7.564305778242156, -0.1002024922787077, 13.72516835265626;
  -7.379978274723519, -0.02729720342497491, 13.52926400112994;
  -2.984825648503362, 1.063013335692912, 6.096517915997255;
  -7.351563604809779, 0.8070182329126745, 13.72470942132241;
  -7.746608376664414, -0.5439074938601598, 14.52594401641272;
  -7.537100568970956, -0.380382928097368, 14.16957145881923;
  -7.083068732910813, 0.9607644581976361, 13.39659842173935;
  -7.407720880319054, 0.8071724879484621, 14.04596722225222;
  -7.049649481986611, 1.046673650485114, 13.42907422624517;
  -7.515909227856424, -2.590978244431557, 14.28958024049407;
  -7.676109467091991, -2.280048039549568, 14.59286972108768;
  -7.634020275882967, -2.138846652865935, 14.53199897303358;
  -7.35164112186192, 0.9005314873349722, 14.08116148957678;
  -7.622366644589944, 0.002328053117623919, 14.57111589818194;
  -7.603515947819922, -2.419957304329845, 14.56591570564284;
  -7.599341994292096, -2.32776410832576, 14.55632100014419;
  -7.624636730727267, -1.975491691858344, 14.61429377857176;
  -7.633231612254104, -2.202716229335152, 14.63110825445168;
  -2.983168969160831, 1.131114215622543, 6.35466877530574;
  -3.009670832243003, 1.107587045583999, 6.435441770751105;
  -7.64433349276118, -1.769480094668089, 14.81264756263509;
  -3.107978730497089, 1.032721570235937, 6.637587228144164;
  -7.7314577761194, -2.607331458587388, 15.0288182599088;
  -7.52551380657998, -0.03374759860188999, 14.70342516284588;
  -7.465364041374869, 0.08008638797773654, 14.63085226824898;
  -7.436868553083924, -2.54154196177938, 15.36903616970138;
  -7.355041587495292, 0.08355714854420859, 15.33174612113825;
  -7.416734974892393, -0.02152380347809939, 15.51394235735313;
  -7.440532904965177, 0.4092954780303914, 15.57845741732597;
  -5.921802674666537, 0.9738220494088926, 12.64465883077729;
  -5.859677201149185, 0.9078138254992361, 12.54387997860535;
  -7.220288376394868, -2.494212292705936, 15.24552560090007;
  -7.316292739478054, -0.0562883260553283, 15.46507495071798;
  -7.45265878606752, 0.1914539575646103, 15.81613398264451;
  -7.360922022768394, 0.5605128119615024, 15.68101133731449;
  -7.522400880666892, -0.3074034461387548, 16.01996874568022;
  -7.32952739356963, -1.893806915943193, 15.7003863704045;
  -7.37214427337973, 0.4847104683853619, 15.77893872562845;
  -7.834304263585019, -2.07663455315025, 16.88693535296434;
  -7.487892153501305, 0.4685124801037532, 16.19529616384184;
  -7.667396209307005, -0.5294815819579728, 16.57725730748591;
  -7.46963065091745, -0.6893687450897462, 16.18493253428088;
  -7.821014847115715, -3.922302712759964, 17.07692031393153;
  -7.29209669766281, 0.2159570769509567, 15.96032740107256;
  -7.631217027681466, -0.738231404111471, 16.68068665208734;
  -7.533608773013627, 0.3783883261944336, 16.48707046096143;
  -7.615089913109466, -2.082707644105038, 16.71055245743735;
  -7.45388012284491, 0.2885196455238044, 16.36993772016922;
  -7.638225020950392, -0.1560395913813622, 16.76780428254053;
  -7.422774039398894, 0.1391424187423104, 16.33250178511095;
  -7.423711529561046, 0.00143849024188363, 16.36528350250945;
  -7.512015566894359, -1.874609963285059, 16.58364219087541;
  -7.426811537340362, 0.2149874395284757, 16.40193761381168;
  -7.64230694474722, -3.715066615720069, 16.94349505431749;
  -7.401919293041757, 0.06711561074618777, 16.44004018058686;
  -5.480382917220124, 0.8467841852925579, 12.43235554613908;
  -7.64525822084853, -3.610498790958543, 16.98238183631087;
  -5.462497326628832, 0.7931180418480394, 12.40185860127124;
  -5.433609197419127, 0.8453477617021061, 12.34368880664883;
  -7.427400517674144, 0.4363198451078889, 16.50921462983434;
  -7.480748492521282, 0.1788146768849916, 16.64982527114972;
  -3.273848444211041, 1.261249974078541, 7.854861614654767;
  -7.567713245561248, -0.1088491537197727, 16.84825954776443;
  -7.355218127678002, 0.5945568656967607, 16.47717183640037;
  -7.635660096340478, 0.2878988160956, 17.06962943233077;
  -7.565701288332112, -1.76344300453589, 16.94880616990697;
  -7.328967893849229, 0.1342454228477922, 16.44661100324367;
  -5.420496712346776, 0.921353324782028, 12.42959994474246;
  -5.372781761789015, 0.8269271428051942, 12.35955635294545;
  -7.485480886694505, -0.176728683810854, 16.86607953716047;
  -7.453473665460267, -0.05229911667227459, 16.80210696940434;
  -7.306063423988221, -0.2598298777884476, 16.51221046422316;
  -7.347936059792442, 0.3064283059741454, 16.62428255557047;
  -7.532413947994606, 0.04139798131203562, 17.13523471591729;
  -7.431908706599706, 0.2624133324786041, 16.93269112943069;
  -5.972315839677621, -1.73967589225515, 13.83191114678458;
  -7.435154240765724, -0.0516955113250475, 16.973728731602;
  -5.71414637758074, -1.998273461943567, 13.33603487569269;
  -7.410775929648578, 0.1852042921182983, 16.98815381435813;
  -7.421772609371743, -0.1092820206458157, 17.03193613819045;
  -5.813546857443376, -1.543772492265513, 13.60082433238177;
  -6.226440865443045, -2.243541298603094, 14.52353265401019;
  -5.990417858689468, -1.645605136695117, 14.03783439092561;
  -5.238932842271718, 0.5131830458684549, 12.46515381994112;
  -7.640676551451284, 0.07479095020623486, 17.85465114388473;
  -5.098830607149466, 0.47057751371834, 12.34568296605423;
  -7.515955608003718, 0.1147951211274509, 17.78263065302212;
  -5.708898876342694, -1.528377912774228, 13.83523694303359;
  -7.548312160590713, -3.953445783503279, 18.03930539131343;
  -7.429438747687504, -3.496301331711299, 17.79246556480709;
  -7.714618083411213, -3.955389594817694, 18.44857837705843;
  -7.336388697880243, -0.8041608702766874, 17.61668228000283;
  -5.937044666268744, -2.530879104591151, 14.49996809415147;
  -5.573458961574418, -2.247814781976707, 13.76611040315504;
  -7.565849728629363, -0.6932927933647333, 18.37427055873287;
  -7.372858472338316, 0.02416684306060073, 17.98443886443798;
  -7.847543531729987, -4.022867719727511, 19.14347269870006;
  -5.883995246637991, -1.183158539114883, 14.59015767003311;
  -7.663486886469552, -3.771699495546867, 18.84439416653325;
  -6.009179719617857, -0.7960382552224089, 15.02057175394474;
  -5.729431533517087, -0.9086872880122434, 14.39886433771121;
  -5.784990324040222, -2.306689241423048, 14.52349515035231;
  -4.970158982817343, 0.288048131382994, 12.63757978828572;
  -5.790025710367371, -1.196753778769232, 14.58369623197273;
  -7.926613220262624, -4.046068985678328, 19.71162671273266;
