m=[-6.28322504369843, 1.47918191688698, 8.745490799407298;
  -11.20744407511191, 1.68707428398522, 14.91773605050071;
  -11.22313797860016, 0.794825198858757, 15.10418593937046;
  -11.4121660866056, 1.706921870427299, 15.44108048549922;
  -6.038567833339296, 1.620937911229679, 8.668372287602871;
  -11.39288279057837, -2.928803810025416, 16.00130163945095;
  -11.43149524336648, 0.8015657933377627, 16.03978944448275;
  -11.54908115722593, -2.970967577718513, 16.44313057924448;
  -11.36003383060317, 0.926712885494603, 16.16857537729342;
  -11.72793351378415, -3.331781825681697, 16.80822198698098;
  -9.479722359128212, 1.467568667299386, 13.74580175084122;
  -11.31145888506488, -0.7306692032660855, 16.24894797425565;
  -11.51288629163944, -3.56774318731829, 16.58189692931297;
  -11.95116631933441, -3.249624391656676, 17.22266896948944;
  -11.5695664616192, -1.588563963225337, 16.69314422438215;
  -11.12809886391305, 0.2354208236090027, 16.09826283353058;
  -11.58023516877975, -3.555406662735341, 16.80924195089298;
  -11.47047796484411, -1.721052363444425, 16.6615841144283;
  -11.4544168950941, -1.459341751140311, 16.66313171363526;
  -11.63874434859132, -1.398732269038721, 16.92602018635923;
  -11.47696244818622, -3.445569401945138, 16.73491380880084;
  -11.55004734940954, -3.350019167378819, 16.90934566453844;
  -11.58594548680537, -3.194952339767197, 16.97372244693706;
  -11.55715748295607, -1.723761711207254, 16.92244533462975;
  -11.55804179723919, -3.532770457745696, 16.94361582836601;
  -11.26427381787726, -2.974781967499157, 16.56043961560044;
  -11.46831167500228, -1.342089330026739, 16.8351077319888;
  -11.60058126535938, 0.4737805879601207, 17.01061142456822;
  -11.55603784355987, -3.309745278601386, 17.04845920387402;
  -11.4867710338063, -3.211272769653846, 16.96104816852941;
  -11.45597075346494, -1.676575930244672, 16.91244081113434;
  -8.947160275223197, 1.410541611472282, 13.46902752017596;
  -11.31737525466071, -1.601132143964793, 16.80426564105752;
  -11.49362271377149, -3.338797220588183, 17.0890626999174;
  -11.48932015148203, -1.733631431083307, 17.07732062229891;
  -11.64360258540205, -1.46744807706801, 17.3156996008515;
  -11.42417583409154, -1.542125732469344, 17.03013652327135;
  -11.27257170374558, -3.078422113563265, 16.87659081528002;
  -11.5200841432988, -3.465521097608606, 17.24304425903382;
  -11.63615294030375, -3.344390562914083, 17.41896374379618;
  -11.45632613655807, -1.615011039209408, 17.16413785091796;
  -11.43385132645292, -1.482611344216643, 17.13762264660558;
  -11.21732072579023, -1.165811848068336, 16.86908483305259;
  -11.53110779587801, -3.546324383244659, 17.38360416410546;
  -11.57039808929166, -3.446306943281448, 17.44508945665772;
  -11.49291620638981, -1.582569367371241, 17.34297987120518;
  -11.41982124231293, -1.145056201294658, 17.23792280812194;
  -11.4359444625452, -1.447413827624508, 17.27015448197712;
  -11.43321937367749, -3.088374460291389, 17.28404350646282;
  -11.59299358121103, -2.971623381981451, 17.51604487452723;
  -11.48434081976936, -1.371569401425569, 17.35158580135054;
  -11.32566354629998, -2.338291811422104, 17.17813210169398;
  -11.46250031057804, -1.485422028376814, 17.37847204919007;
  -11.55568838980523, -3.48352255472101, 17.54984883827287;
  -11.52897478929001, -3.290930033140501, 17.52060683219762;
  -11.81537212622903, -3.14349792902622, 17.93706946934643;
  -11.58345514120221, -2.347114853142955, 17.65413681839491;
  -11.44402139897692, -2.720481651121345, 17.45940460151952;
  -11.43070899946151, -1.1177364259116, 17.42933292516112;
  -11.52829588056083, -2.210037276621643, 17.58446833495168;
  -11.46636956840791, -0.8737287292028582, 17.48778500157277;
  -11.60431484441616, -3.13708521465629, 17.72276228350518;
  -11.72646321788207, -3.498387241363316, 17.9176936492653;
  -8.665099990860519, 1.381592481016329, 13.47578130933763;
  -11.50163548001768, -3.349904362282338, 17.60481732933818;
  -11.48183890738459, -1.624130663058781, 17.5783653419966;
  -11.45008777372693, -2.977946964607317, 17.56073371962866;
  -11.41146470352833, -1.490888570311965, 17.49360063366078;
  -11.80868108088957, -3.852999732648212, 18.09185576804274;
  -11.41293240557043, -1.202451566876561, 17.4983661845074;
  -11.42343865009729, -1.368158840748272, 17.51982949724289;
  -11.48723804680597, -2.861285606373121, 17.63063748379539;
  -11.48357231575146, -0.9646617590239889, 17.61189152591171;
  -11.09932960801815, -0.6874681888942895, 17.05578331207705;
  -11.5163780054132, -2.600941346522176, 17.67772337371978;
  -11.47854201447649, -2.67140539727147, 17.63141252373058;
  -8.709888560535923, 1.561218882638689, 13.59629709945349;
  -11.52164079999765, -3.51324949509204, 17.71713739835506;
  -11.62001900322628, -2.483337577724575, 17.85307224298062;
  -8.571236608112479, 1.603698220733493, 13.40773287739246;
  -11.39829225347496, -1.567169808272599, 17.54074507619917;
  -11.46144410182153, -2.121569055554595, 17.63937868160453;
  -11.51110889644416, -3.228488209157066, 17.74397766155838;
  -11.40934861110652, -1.451020419454164, 17.59150600454316;
  -11.3805809488247, -1.256281427418011, 17.56657712915257;
  -8.520431077238834, 1.429004868019149, 13.40314532174406;
  -11.47499740006147, -2.499415788470514, 17.75311427962306;
  -11.37630449658131, -0.9983602728154539, 17.59788127317174;
  -5.04155088301752, 1.692629408460781, 8.359025594411083;
  -8.489238584996281, 1.329216714621727, 13.39921880579919;
  -11.44937096050779, -1.752586620854929, 17.76825143441215;
  -8.452917217282106, 1.619417569955036, 13.37411129934424;
  -11.53298150801803, -1.259955044044505, 17.91912547933677;
  -8.412242169208373, 1.543475481781167, 13.36477127696128;
  -8.407185719200728, 1.473078967424002, 13.38956069379955;
  -5.143382907825997, 1.604947171554237, 8.646642512270992;
  -5.009956851155341, 1.704110062551898, 8.453924820207391;
  -11.32903523564781, 0.4584415839547905, 17.97563502000989;
  -11.42388627621825, 0.9051182813340184, 18.16015160046553;
  -8.234881539844803, 1.602610980301772, 13.43744628301911;
  -4.906964477984592, 1.697692788214916, 8.494355959295865;
  -4.843028680731732, 1.792733603072703, 8.484380916543566;
  -11.18668176371221, -0.4577879463229506, 18.32631086768979;
  -8.1440734047581, 1.52746508625297, 13.61164987165446;
  -11.24313247730723, -0.1354532125560347, 18.48021538334196;
  -4.845090496976892, 1.719216406124771, 8.564665194740329;
  -11.05188109336983, 0.5485455166649772, 18.29794537008113;
  -11.21346913071742, -1.57146039358258, 18.58114336961403;
  -4.852850069870148, 1.552036450766791, 8.600710534781275;
  -11.18436071104419, -3.299083204781394, 18.56716089058682;
  -11.02515057981902, -0.3726686964507104, 18.29514951916103;
  -11.07180058887387, -2.648518757908242, 18.43016280102388;
  -11.23261242477754, -2.814784648454642, 18.69368691594391;
  -11.21157473747445, -0.5126704095415964, 18.79130488623076;
  -11.16669029919891, -1.288572799238478, 18.75586408079328;
  -4.815708805351997, 1.713197719685271, 8.643127185622957;
  -11.31631277221663, -3.379312964878454, 19.02959203317748;
  -10.83205599315411, -1.534895410363969, 18.29680158425425;
  -11.11499877126205, -1.141272691349916, 18.76389444339955;
  -11.06869780119238, -0.9186375551466651, 18.69264562721109;
  -11.32621968843177, -3.102094473400458, 19.12764265734363;
  -11.02839540416702, 0.01036421317271899, 18.64329545020496;
  -11.20455943297586, -1.249652690262845, 18.93997673664015;
  -11.16053645319723, 0.1340289164349096, 18.89079492432699;
  -11.37913624968018, -3.626901137051982, 19.28462857592824;
  -5.079504287842497, 1.490123776421675, 9.138149086937418;
  -7.70840387294736, 0.7818590899200167, 13.36244334060304;
  -4.758190549535551, 1.753390177408213, 8.641613871419347;
  -11.11898036056729, -1.026204603253294, 18.89607347029152;
  -11.3232735861238, -0.5545383062464546, 19.25611228808723;
  -10.9797049829194, -3.917871534201036, 18.7613087666788;
  -11.4495684752586, -2.822335449555322, 19.58830231454073;
