m=[-4.866375935123198, 0.7533702544367906, 7.056349997935981;
  -6.024568297261533, -1.549802693153306, 8.577544987937612;
  -5.896967060738671, 0.4810544970211242, 8.393069760242712;
  -6.069264252934525, -1.724213759348144, 8.698338947869425;
  -5.845271109247537, -0.3775781380337546, 8.396751216148553;
  -6.077803955257653, -0.9005545078603662, 8.740545098933339;
  -5.864724188376298, 0.5446854527706746, 8.462897609056229;
  -6.150082098290553, -1.67225995047562, 8.862802615564318;
  -6.054750581217422, -0.8313499569363756, 8.736094393011387;
  -6.082981954482294, -1.867619634234437, 8.82972702760606;
  -6.002611922804777, -0.900643327003963, 8.719167916508109;
  -6.015257936270508, -0.7229074829769902, 8.747883294454796;
  -6.021180425485718, -1.807655564902827, 8.779669350897516;
  -6.042052549899307, -1.752459642817612, 8.845604870596157;
  -6.065534006083179, -1.6726379462723, 8.886170820410289;
  -6.066292476240581, -1.854191153143846, 8.892936279610897;
  -6.043036787924622, -0.8206442869345029, 8.862561739686324;
  -6.012382404793352, -0.7036043754463147, 8.825981398050018;
  -6.058781646339338, 0.2474473532887848, 8.884346218059218;
  -7.519224645799388, -2.330142227101456, 10.82986532712818;
  -6.058598609661144, -1.735232993758498, 8.938164847480039;
  -6.017587890347796, -1.682293141771566, 8.885403719301593;
  -6.059412837287205, -0.8867922180526366, 8.945506510642222;
  -5.979664473577701, -0.8459764550819077, 8.878725675992136;
  -6.014038227813346, -1.747025687164338, 8.941852270099295;
  -5.984323191672909, -0.7200382451961511, 8.892957603762417;
  -5.996035125467365, -0.9047458699328612, 8.912295327323099;
  -6.065863966564303, -0.7644833588403995, 9.020805845464212;
  -6.05913111310263, -1.884600610648712, 9.057800501305612;
  -5.98360720225141, -0.6575287533473855, 8.941795519880953;
  -6.023880085327454, -1.812129431130072, 9.016429882835064;
  -6.091321418356997, -1.750729641638569, 9.118521171259191;
  -4.480548752275476, 0.7143936565648497, 6.968055209423358;
  -6.0553687619685, -1.862293048529411, 9.128709529831838;
  -6.045962741592176, -1.800823378277181, 9.115707174873192;
  -6.036818739334917, -1.753508204686566, 9.108928619412513;
  -4.458910640743711, 0.7992450695487801, 6.960441960894131;
  -4.429635908515428, 0.8287951377120773, 6.929148933920216;
  -4.439012437376281, 0.6976695546740427, 6.945876585626619;
  -6.049826797500727, -0.8330584157833867, 9.129277764593676;
  -6.021219469584255, -0.6037427860479507, 9.088874004689092;
  -6.048838342549765, -0.7655836635746725, 9.134739413476581;
  -6.019410406630193, -0.7188953426168364, 9.094672283183227;
  -6.088937700688167, -1.560772850950133, 9.199876223196638;
  -4.398932990433391, 0.7377674439749646, 6.919783470685568;
  -6.026662662796784, -0.7809934337496186, 9.137115445803616;
  -6.045624679213275, -1.822485101449883, 9.181607851829002;
  -6.047564618319242, -1.726269021619596, 9.190496458393747;
  -6.011462787953438, -0.9147830307617403, 9.135814558291772;
  -6.005522326378923, -0.5872418815959114, 9.157108979056101;
  -6.099731883299805, -1.235967259247031, 9.296492273731388;
  -6.015881518339352, -0.4584056429277839, 9.175043762544737;
  -6.13516450866783, -1.83032009242639, 9.374352361121346;
  -6.043765998203432, -1.760274711989414, 9.250805814919907;
  -4.356891336231876, 0.7994010180631206, 6.921918677097808;
  -4.361612337760363, 0.7203884624510666, 6.931158797861999;
  -6.020914666105099, -0.851671252990004, 9.217847293233742;
  -6.030909548438286, -1.568523240913751, 9.249465922025729;
  -5.995405069937115, -0.7832895360396593, 9.190864157698933;
  -5.842179139655155, -0.3618517923310742, 8.977383769584877;
  -6.035352983237387, -1.503309024323722, 9.263072646412859;
  -6.008336475072319, -0.7196045707734855, 9.214828724487081;
  -6.036492378659834, -0.6359969078249476, 9.255180908652585;
  -6.029769313232109, -0.5065225099190507, 9.24761390889241;
  -6.048960018518784, -1.407776738628542, 9.291398619402255;
  -6.244397981331857, -2.037455630125987, 9.566923423763321;
  -6.022618754442586, -1.114816027484485, 9.268923873882748;
  -5.994130793350268, -1.043944236017311, 9.235200730744383;
  -6.049131593808661, -1.696582857650103, 9.324527883280162;
  -5.988018015035387, -0.6610063100610256, 9.242848039557888;
  -6.059501449752252, -0.7706364872349973, 9.342843292042829;
  -6.03027373863423, -1.313478414475351, 9.329513122051758;
  -5.991294072164737, -0.5257832177577076, 9.267867415670587;
  -6.039314878781007, -0.9893590343194973, 9.362640911571088;
  -6.020207591918195, -0.9215296907365776, 9.342745776123865;
  -6.043168889213217, -0.6602040520643755, 9.389445525716912;
  -5.908082040019996, -1.936549306169191, 9.348446194252094;
  -5.966383277045206, 0.2414361102349925, 9.466783882901618;
  -2.469174028305987, 0.7932047663080636, 4.514646075833777;
  -4.173400759426976, 0.7827439211490855, 6.975240409575377;
  -3.321838439368583, 0.9719426658342708, 5.784463287877856;
  -5.929364984940779, -0.07143485476565784, 9.746033165518259;
  -5.903940838144158, -1.972990215335447, 9.745626545252279;
  -5.882411386091583, -0.8243636651818843, 9.747378625639001;
  -5.901758375554989, -1.740858725724485, 9.797511018049715;
  -4.011706157906589, 0.4069051099742231, 6.95425371033114;
  -5.930294877134255, -1.486074863951098, 9.869393829331679;
  -5.845841209125709, -0.5486063504538626, 9.789232507254877;
  -5.89210554422863, -0.2694276435874213, 9.87553972533139;
  -5.905606099044687, -1.763550695149074, 9.930909213589365;
  -5.934328461777978, -1.46383490535159, 10.0042454184723;
  -5.848661978103129, -0.485404935336217, 9.877129876853974;
  -5.852738952284992, 0.005500259278229904, 9.893945354837742;
  -5.93594836822101, -0.6620406533591466, 10.03401558771893;
  -5.879259588988045, -0.5426147954480947, 9.991466622103646;
  -5.927946093039719, -0.2903112038185627, 10.08093593580446;
  -6.015663131560922, -1.482869799458001, 10.2917964374016;
  -5.831150161047698, 0.1238637015295992, 10.0572140655835;
  -5.968725478882306, -0.2905870870638058, 10.36474908759147;
  -5.872161638673221, -0.3844149950613025, 10.27573157519393;
  -5.622956305292757, -1.977974413849917, 9.935235704126002;
  -2.302600288769729, 0.9399049487991164, 4.643346214914205;
  -5.666539879496731, -1.825731168579247, 10.11077535719339;
  -2.598384081087453, 0.7860473117432371, 5.154101245993712;
  -5.881314542161296, 0.06826112617076582, 10.50988573042418;
  -5.900448989790308, -0.3025875123665451, 10.54913595928527;
  -5.444453033243176, -2.028238185804832, 9.84190247252509;
  -5.438066941658785, -1.969719172391014, 9.833988007825738;
  -2.257119989004115, 0.91512033832184, 4.647467595224337;
  -5.359363321483337, -1.409940430206109, 9.721011859372309;
  -5.452191401574027, -1.926426435550576, 9.931544076374957;
  -5.465819277811578, -1.907478174664056, 10.04209130195453;
  -5.842174265101891, -0.1502293933489566, 10.68967053697835;
  -3.580891081009922, 0.6111015175104887, 7.002122998937316;
  -5.33128876950488, -1.469361774176572, 9.979787004789168;
  -2.366687333241587, 0.9060870478044776, 4.969932356599317;
  -5.394620016669771, -1.434959703007, 10.12752180533055;
  -5.879290184536326, -0.03195827789653919, 10.9330891093059;
  -5.814031286123115, 0.05907659371109142, 10.99261538778265;
  -5.883512891102718, -1.982882563369744, 11.4115257571771;
  -5.780260416063435, -1.525265805654836, 11.24526726591735;
  -5.786383202390315, 0.1757712908374844, 11.25392715855671;
  -5.69842722101315, 0.2120441629005713, 11.18800465022075;
  -5.857334801883699, -0.08576949738082788, 11.48955829850833;
  -3.434254875707829, 0.4500075958388057, 7.260478304018515;
  -6.095569634096933, -2.119924963847846, 12.3946516164095;
  -3.270318729446927, 0.7463347493019882, 7.103489053795583;
  -6.214189628743879, -0.1354104280878615, 12.68071694768339;
  -8.528502426774926, -3.878631083302617, 17.26079019339758;
  -14.79012015930654, -5.870213381190892, 29.56552751285483;
