m=[-7.237668256670433, 0.9519552366344926, 10.77874790185275;
  -7.263375042576294, -0.06373398760853621, 10.83662452200258;
  -7.274994757501673, 0.5524674269323285, 11.03022175572409;
  -7.230079760285764, 0.6071187908781742, 10.97003075499546;
  -7.182191337047048, 0.922968853696826, 10.92201996925764;
  -7.123859496460282, 0.9712842418121627, 10.92869317920574;
  -7.347974452603573, 0.5081860664281709, 11.25468152012002;
  -6.870906244934479, 0.9620758083186669, 10.60876234690699;
  -6.251527166063416, 1.010500519233166, 10.17203172434124;
  -3.057941846709442, 1.001392333826593, 5.546957670072129;
  -7.240361495512909, -2.266889974138382, 11.93401116486173;
  -7.20288318993235, -0.0005907717115795591, 11.89902325100914;
  -7.200170510008105, -1.881397786667359, 11.90473855477028;
  -7.312161689943616, -1.713638175036761, 12.1060907960678;
  -7.258528707489855, -0.0528704439817658, 12.12546545398817;
  -6.236085767953028, 1.009424548859331, 10.5759706988767;
  -7.362837020855156, -0.04648204618684311, 12.51314712968475;
  -7.251082460188822, 0.7722976160551962, 12.56824886852283;
  -7.462679238741952, -0.384121051163275, 13.05206301975187;
  -7.613778806072004, -0.5447746982053335, 13.32634731307161;
  -7.093311279655596, 1.015580701853458, 12.52140302477242;
  -7.411136392573184, 0.7821028822803428, 13.07029578847199;
  -7.614785833084207, -0.1611145453694251, 13.44936896250718;
  -7.621602445548295, -2.647813555740362, 13.47382951851234;
  -7.570516442263634, -2.144311750368884, 13.42130060576436;
  -7.33650627447985, 0.8708105098223063, 13.07254610271004;
  -7.553742750479982, -0.02376769349096124, 13.4639816763578;
  -7.490263830730874, -1.960359803140232, 13.37604804473596;
  -7.489015768975747, -2.189627715893635, 13.37743276188495;
  -7.46687835084036, -1.842753032507126, 13.4689324208323;
  -7.373468073464851, -0.07205890900712086, 13.44189298466927;
  -7.456858222198043, 0.052308445948575, 13.63103601520099;
  -7.427115052059064, 0.03641949856878145, 13.73319808908587;
  -7.381008517087005, -2.540624897763313, 14.25783607829051;
  -5.902666111813231, 0.9485247306321992, 11.62359185600915;
  -5.869259523053844, 0.8856285974970587, 11.57829498692309;
  -5.758808968930963, 0.6925268191400918, 11.4229637000114;
  -2.993550707946197, 1.074358820355672, 6.42964009343475;
  -7.372978176820423, 0.04891641998071728, 14.38405935920982;
  -7.401024306624255, -2.321457441120208, 14.47469481445626;
  -7.365162548973766, -0.05238472081963648, 14.43018692531659;
  -7.050038037823772, -2.464133000292876, 13.91179839405064;
  -7.447286905045642, 0.3056995629121041, 14.66219682763364;
  -7.311415538124478, -0.3896701369943599, 14.43886324807176;
  -7.386571756702169, -0.2690106694084716, 14.60010950985355;
  -7.337682320549193, -0.08717241635340466, 14.52445516645363;
  -7.39544847798207, 0.1646333961093524, 14.72213960376273;
  -2.854765548181472, 1.081303516313072, 6.322627623534285;
  -7.08399071189786, -1.854334685017349, 14.21207386524147;
  -7.355942425201324, 0.4441791279859898, 14.76625277937331;
  -5.503078146878016, 0.8711977161937236, 11.31825911691971;
  -5.484199184474899, 0.7652122340432271, 11.31004463074514;
  -7.411543076899271, 0.3012749591622566, 14.95338461460156;
  -7.346614146748805, -0.02540301247288688, 14.88525976260322;
  -7.348442821987374, 0.4268750887166479, 14.93348420440137;
  -7.502249808168034, -0.4556302781107812, 15.2303005232132;
  -7.726146173431683, -2.084810324671846, 15.66717811990279;
  -7.73051849976058, -2.070839397084459, 15.67998793171103;
  -5.382616664627309, 0.8109903259707854, 11.24410464393844;
  -5.393423152599144, 0.7610996199057503, 11.27265018474858;
  -5.421444003746671, 0.965209437587395, 11.32809385533416;
  -5.406849233468468, 0.9222068230537178, 11.30139356319236;
  -5.408381641733326, 0.8198374732023701, 11.30642056048569;
  -7.938048317508625, -0.5932080729357462, 16.14621452368996;
  -7.380497957440778, 0.4974886301462409, 15.13245470877846;
  -7.628211793297204, -0.2436249920400172, 15.60795632523249;
  -7.360315497426011, 0.4316155429180029, 15.12744874587889;
  -7.489542731749535, 0.1728968383994749, 15.38565304310276;
  -5.355212524545487, 0.8872615468119139, 11.3073863929763;
  -7.444435426159993, 0.3426936594187792, 15.32573831894969;
  -5.356551873354407, 0.8018463721169846, 11.34034126349839;
  -7.423701866381855, 0.2551447638065501, 15.32895960456585;
  -5.314296396657341, 0.8461390465905669, 11.28124125330734;
  -7.3869835671631, 0.1131471353237506, 15.27967897892037;
  -7.615721527721643, -0.1878942007249445, 15.74094628379706;
  -7.337716264062626, -0.03086538714422414, 15.20672699537132;
  -7.404477340009103, 0.1804892206935087, 15.37644132923276;
  -7.796668847291696, -1.988539582806055, 16.18715340934138;
  -7.528304419933216, -3.693737480852743, 15.70443456489151;
  -7.371452597295524, 0.3993328698516117, 15.41463879706834;
  -7.391449012315295, 0.2942870467212991, 15.46843502538331;
  -7.523429997056359, -3.582876078362248, 15.72397807263982;
  -7.423320757646208, 0.1461437277291978, 15.55113501782437;
  -7.524938878750512, -0.1421798802065568, 15.77876780717799;
  -7.2944857227295, 0.09565298115223314, 15.39432102180496;
  -7.462779036770248, 0.2599188733442334, 15.73067459515759;
  -7.44747499245468, -0.2091886408272462, 15.80534503695595;
  -7.133848222587014, 0.2491641053285312, 15.19007357941803;
  -7.398325881467449, -0.3081849289033642, 15.72798904583792;
  -5.165068421028917, 0.4828452060016888, 11.31698918961959;
  -5.160256111261959, 0.797994886532483, 11.38445900736611;
  -5.792831491005605, -2.345559619930031, 12.64251987949083;
  -7.445907575461682, 0.2314135656413412, 15.98590061251352;
  -7.25489673689019, -2.134548557632179, 15.58647817651776;
  -7.47024081060049, -0.09256631856990008, 16.07024889336093;
  -7.422039891809992, 0.1528449533451582, 16.03519988488286;
  -7.405386753012512, -0.1400503977074453, 16.01748645674214;
  -5.094717212950574, 0.4451160753998736, 11.34928755597023;
  -7.411909031939381, 0.2723037340126182, 16.11096786879916;
  -7.493160275281714, 0.1109532426233872, 16.31229697809817;
  -7.223736163781322, -0.0974567026888552, 15.92346949241544;
  -7.385278445642213, -0.205518155551655, 16.30313570055032;
  -5.652703434944618, -1.472648466709322, 12.72963129123727;
  -7.451073063120131, 0.04179096111673049, 16.46039843189317;
  -7.37872464177309, -0.3801539504964776, 16.34346399148957;
  -5.649933429035064, -2.444844713564352, 12.85433289222807;
  -5.398998799599043, -2.192602446877052, 12.35908764248303;
  -5.542335538927646, -2.181544512902632, 12.6997564556735;
  -5.302384079634467, -1.861726554838398, 12.24399837327024;
  -7.452470529783249, -3.93285688741112, 16.81550845352605;
  -7.417118224263705, -3.525848925064689, 16.76442930016935;
  -5.632902936559254, -2.375371434541306, 12.99679518228722;
  -7.575692461455237, -3.921712553627036, 17.13365715828848;
  -7.475234170657469, -3.648372468870428, 16.93404939870361;
  -5.725212684269263, -0.936517949244649, 13.39884367534751;
  -5.634121137585375, -2.304644547203695, 13.1989140042537;
  -7.514010129611997, -0.7209814009479973, 17.27538405581459;
  -7.73413325157722, -3.988382021106652, 17.86879678980305;
  -7.750490745851879, -4.010556805968736, 17.98886783737507;
  -5.652222516200935, 0.0917622075361783, 13.43624577332798;
  -5.646545453612316, -1.382856772806015, 13.41353880934867;
  -5.240888912497535, 0.3784697489676964, 12.540913368288;
  -7.807455702475377, -3.884953480854725, 18.18263535102125;
  -5.391181704877043, -2.335681621064565, 12.91930576330707;
  -5.463848080405864, -0.7809796477424128, 13.08641508745494;
  -5.483988141503121, -1.156770339702131, 13.14342588619422;
  -5.501176808511247, -0.08543289851530254, 13.28982941866825;
  -7.863707354909547, -4.045022428774754, 18.5556705256761;
  -5.491746726861839, 0.07477550260727173, 13.29061823019761;
  -7.624923313101067, -3.751573733197176, 18.01579122650773;
  -5.463281121545431, -0.7550571300434875, 13.23972872155612;
