m=[-6.11902319318194, 2.070506051384432, 9.336967311876755;
  -15.21075397912366, 1.876781939711776, 21.9956679762275;
  -15.15165692170102, 1.894759877391699, 22.18767220570608;
  -12.00404534117559, 2.102782456992903, 17.82626334111271;
  -14.52620549760813, 1.91060116345237, 21.63325279311086;
  -14.61048849885536, -0.128202755259409, 21.79818294071925;
  -14.57496117380332, -0.2493579111378389, 21.82399887234661;
  -14.50942743985127, -0.001380298459660742, 21.74094582332464;
  -5.999095477370175, 2.028621821642812, 9.594686942419587;
  -14.28076348536941, 1.044370517092326, 21.47549614890235;
  -14.57925080050401, 1.107156973281666, 22.10480896856373;
  -14.45214308772963, 1.213564431919072, 21.9278983641147;
  -14.49997422566584, 1.863362302903885, 22.05023517398475;
  -14.564046266746, 1.007249743628748, 22.30733155562896;
  -5.995639483803235, 2.083589660204577, 9.810155295185032;
  -13.72131894753524, 1.921282076491802, 21.18588241657799;
  -13.96521236410814, 1.551867081501621, 21.63038700398425;
  -5.947763877571535, 2.040932124192735, 9.829229177204496;
  -11.70327512716905, 2.029505612906788, 18.82626459795777;
  -5.984190118126922, 2.118057754801952, 10.22433776844257;
  -12.77074447565, 1.985186982705333, 20.75674525403229;
  -14.38592265124096, -4.187645486169859, 23.69490119321677;
  -14.57946634558484, -4.564695575984216, 24.03077722759611;
  -14.70325586658164, -0.001205943148742665, 24.28949336100989;
  -14.50282840399568, -3.78957543043842, 23.97892941761327;
  -14.33637399636141, 0.02265023512991775, 23.73649314633128;
  -14.71321537384143, -3.448108591037853, 24.35935210004887;
  -14.62241557071893, -0.7240629724324774, 24.3119487829105;
  -6.408690041579624, 2.096364811948447, 11.22635852294055;
  -14.75621329471402, -5.130091824901192, 24.53633505848769;
  -13.37801723159282, 1.863672785385712, 22.38609127757936;
  -14.31668082414032, 0.1272603525065458, 23.90311678699595;
  -14.52715195267903, -0.1058144156316667, 24.26779396288452;
  -15.08369900764753, -0.889097093158381, 25.36765347804864;
  -14.97296423250841, -0.2562593030113389, 25.21400880248665;
  -12.78223052765745, 2.069037816975349, 21.6777800301432;
  -5.863516964321676, 2.235900825586773, 10.52413217856991;
  -5.88201765598055, 2.217805828671334, 10.56679589611984;
  -6.135608170272407, 2.059838520656054, 10.98569693345638;
  -14.97703638320181, -0.0945509584055903, 25.45348475034954;
  -5.957051087624668, 2.178113606681549, 10.76647564319623;
  -14.72202770309289, -1.345067786302114, 25.38129307553696;
  -14.56435584411523, 1.551219057229815, 25.2442928160823;
  -14.88212904183807, -0.7660169850824287, 26.02851870059676;
  -14.37472331178137, 1.904907024403264, 25.19510072806929;
  -15.76359562224066, -1.151905685154907, 27.54793651242418;
  -15.64256326213033, -1.119243531672977, 27.37907630460677;
  -14.03966420179028, 2.010120726653538, 24.78338914961891;
  -15.33393063148909, -0.3244371301534078, 27.08305856907571;
  -15.61259258141777, -5.423955732757384, 27.60068007835854;
  -15.23111324667804, -4.577826380621653, 26.97656078963129;
  -15.35081371859626, -4.348042895824875, 27.21450868400308;
  -14.68402051435249, 1.742927615944973, 26.1647067371482;
  -15.24435548415242, -0.04796604551982736, 27.17192386429504;
  -15.03164852148226, -4.818479976945784, 26.81408296586255;
  -15.31347673301355, -4.741529012663764, 27.32038472175969;
  -15.00435377858255, -4.38695149084338, 26.80188425293893;
  -15.16469323635025, -0.2095867777006382, 27.18453749361212;
  -15.10568103984118, -3.727935321340802, 27.2479860440435;
  -14.09918350236999, 1.884888434698296, 25.53629219662987;
  -14.9046700097619, -3.501881622292701, 26.94199509489023;
  -14.83346291615799, -0.144963420724985, 27.0415249817934;
  -14.93199006563736, 0.104745077883862, 27.29547596297594;
  -14.38181213440194, 1.921319982305375, 26.6572598872247;
  -5.709846204881083, 2.263632321494929, 11.31724827034707;
  -5.709749706756487, 2.257066564938893, 11.47285160523015;
  -14.68214982242541, 0.6003746165487282, 28.59258840671347;
  -14.51124483683786, -3.53486710864308, 28.30619101874508;
  -11.95108409600938, 1.920470954683188, 23.53419982384573;
  -11.79252254074928, 1.779405929775995, 23.26312272961018;
  -14.80778981220816, -0.1053204094424862, 29.01214651002314;
  -14.77810917199244, 0.7917593975019692, 29.00393204019639;
  -11.63815201642586, 1.399548489989314, 23.08501440767983;
  -14.91168273803773, 0.4325983332475302, 29.37932932843259;
  -15.19728782054478, 0.6238250658830378, 29.92037611980001;
  -14.68895285795393, -0.7828643089175151, 29.00830632145624;
  -14.76850369435141, -0.5378523618042674, 29.19104807159885;
  -14.82955819870393, -0.1761766679397085, 29.35412624667417;
  -14.94168380866689, 0.3326235259885368, 29.74445100948056;
  -12.06066760424389, 1.244698201609809, 24.21233598944499;
  -15.35230837191374, 1.102907834081295, 30.66292615691645;
  -11.1398095718934, 1.549285724234947, 22.53866747105786;
  -14.09548701990043, -3.689692935270757, 28.27870770029683;
  -14.48834085037862, 0.5889427144573549, 29.23139364033671;
  -6.15271455798319, 2.176321344681017, 13.03444937743931;
  -12.70883785284452, -3.948647941097248, 25.870115201852;
  -14.12383881276403, 1.174419244426829, 28.6580790958325;
  -11.08576022835104, 1.63007113664921, 22.75850909682547;
  -15.45811205384369, -4.171191029314093, 31.34615751612364;
  -15.17191022236118, -0.921427818433875, 30.80046094255512;
  -14.75567009697456, 0.8571649986678533, 29.98643000381038;
  -15.75506335342899, -4.220442121295333, 31.95635625899612;
  -11.00304518379854, 1.741902909508895, 22.63011956972812;
  -12.04597513856927, -3.851015496010152, 24.68418269054387;
  -14.65166143174096, -1.401287279264917, 29.81336478326906;
  -15.24133887471575, 1.094911831793175, 31.00727259689064;
  -15.62859131379712, -1.167920144238635, 31.78899623211718;
  -10.9985976605998, 1.534638185833148, 22.68236915412171;
  -5.984194798692265, 2.147674481556543, 12.85303726523246;
  -15.28644768849777, -0.4882088748116267, 31.27734446225918;
  -14.77733816714355, 0.9960788234577594, 30.29841642394322;
  -15.72224741846401, -7.9085550385148, 32.28256938097837;
  -14.82116304939925, 0.6822704894978107, 30.51208768355803;
  -10.84949719165159, 1.634676554602067, 22.66423365400355;
  -14.84732521367642, -4.131311286471144, 30.64884539115075;
  -10.84480132357768, 1.530377634350955, 22.66643061093328;
  -10.90479416957219, 1.941440369050227, 22.78554048342924;
  -10.81308467257384, 1.639117318770627, 22.60515084972431;
  -10.87929191313726, 1.855601441627812, 22.73989051482162;
  -14.88823588506417, 0.5116928854043918, 30.74223218727211;
  -14.98280086309331, 0.2294929968872633, 30.99132214275063;
  -15.3970169565087, -0.3798734215872919, 31.82411751281858;
  -14.71907118171226, -0.06191433602468119, 30.50389099698031;
  -11.72425658249554, -3.755456875410777, 24.55480064410376;
  -14.87046592740757, 0.3624778202891854, 30.88061943759776;
  -15.98525729385028, -4.077038218854496, 33.18799569039422;
  -10.7746764716379, 1.785168388519699, 22.75043792673021;
  -14.68064552712643, 0.06738950646004034, 30.66327529853685;
  -15.23817469021052, -7.476559641236128, 31.78762493678756;
  -10.74732851514744, 1.608816003946167, 22.75313969028665;
  -15.0983273172456, -7.190262392207815, 31.5555229147871;
  -10.62274441779763, 1.691346918381171, 22.55006751689199;
  -15.01443943629273, 0.2955909114831048, 31.45379036063245;
  -15.07160548305907, -0.2847702947000733, 31.60309568362467;
  -13.28776522371594, -3.741199230740022, 28.05034768094088;
  -5.74952157617549, 2.177754282272581, 12.73382466128974;
  -14.5193589793409, 0.505690361324703, 30.60512850627535;
  -14.98144790156188, -3.846555392716422, 31.61361822542707;
  -15.26966793195884, -3.626190448287872, 32.20890641277114;
  -15.1162468940407, 0.1982201534431321, 31.90140692257736;
  -15.06693831817691, 0.7048852583063756, 31.91892649804709;
  -14.93029900803757, -0.4193701838274103, 31.68570925931724;
