m=[-7.543583068885761, 1.058465919998221, 10.39253420599783;
  -7.449860605868766, 0.9449093439844599, 10.32375445602089;
  -7.321750859449758, 0.9373907335276077, 10.27849677512852;
  -7.161944412808635, 0.9698739761972691, 10.21359291293122;
  -7.165562665586258, -0.03778728657863049, 10.24130529594107;
  -7.198408041218291, 0.03559195292015017, 10.32545102738834;
  -7.152290656636668, 0.6391973959441959, 10.40161492273447;
  -6.90760054831112, 0.9927075851502878, 10.20210218708883;
  -6.292301474684224, 1.004977498090668, 9.773598680678605;
  -7.291417712428832, -2.484994963150543, 11.40877094987392;
  -7.194964906017971, -1.961230665054787, 11.39997861502684;
  -7.193986859324067, -2.233488103463059, 11.41341587847211;
  -7.11673614868418, -1.838031932268792, 11.32411078240608;
  -7.197157629121127, -1.665155878060774, 11.47556005540005;
  -7.218352940730367, -0.3193073860990395, 11.55773203056665;
  -7.230529841372102, -0.2093703540542671, 11.59055971707857;
  -7.171865501722367, 0.08826268296112508, 11.52164508343642;
  -7.198041024826319, -0.02596890198802231, 11.57795729241421;
  -7.137682130406535, 0.8754767290164055, 11.73053196428724;
  -7.157251756409594, 0.8920698445196339, 11.94119059347366;
  -7.1920307777629, 0.7960792797118507, 12.02412437770092;
  -7.439103862582982, -0.1350361670700972, 12.45871565203675;
  -7.169995360279907, 0.5743217014258618, 12.14027097196119;
  -7.107656139266976, 1.03710602553749, 12.09048392562435;
  -7.569828078313278, -0.5064904468898636, 12.82243578418867;
  -7.591688889367418, -0.4118151993269374, 12.95242130382803;
  -7.547323127473113, -0.1357076744664615, 12.89523808513378;
  -7.269233191587701, 0.8918190963271933, 12.51231982421987;
  -7.469555660205815, -2.095828042742647, 12.81387628176185;
  -7.465886316440768, -1.992913518641927, 12.81610972331312;
  -7.444598217827115, 0.00356115611350373, 12.83818797697741;
  -7.440590825045073, -2.039213467310151, 12.86390286660818;
  -7.384064978659283, -1.810352541058646, 12.8932442097104;
  -7.431271791033598, -1.722795813087716, 12.99267903493692;
  -7.299171226771318, -0.04499371754909916, 12.87207869962651;
  -7.185720942626681, 0.03325473284020309, 13.34340044449592;
  -5.782771360295913, 0.9592081308974619, 10.95326453166456;
  -5.623291798679345, 0.7033975794446308, 10.71886215339759;
  -7.289287050575351, 0.0537329708292134, 13.65267747820072;
  -7.086468063070294, 0.2350903596651412, 13.3404115222622;
  -7.031117048598952, 0.4650931208337765, 13.40733523558333;
  -7.309720856222009, -0.02475195939340811, 13.893250153469;
  -7.293229612795177, -1.695391346772692, 13.87986823798451;
  -7.546074335418754, 0.1553720493150017, 14.37483707106087;
  -7.258306908837649, 0.3451968028475118, 13.88365394372741;
  -7.324146377933558, 0.2378621775918816, 14.00493998512499;
  -7.268623074453335, -0.3588226191682041, 13.92531888190094;
  -7.358408404022101, -0.2386404591773931, 14.11300906339768;
  -7.326767633226115, 0.0721331209589153, 14.06785715705771;
  -5.398425321937217, 0.8802617937507533, 10.65982699341195;
  -7.556965761281877, -0.4553659289436354, 14.54181179481855;
  -5.385178804295875, 0.7770824881424032, 10.66394619790379;
  -5.987926866338364, -1.78831165687844, 11.72244548880035;
  -7.289085045343041, 0.193669399213851, 14.08990937493047;
  -7.176566906309653, 0.5515993697376077, 13.93446466781377;
  -5.314611809199445, 0.7756672498775497, 10.66591580388631;
  -5.311057519233087, 0.9324315261279751, 10.66114476969615;
  -5.323102084448797, 0.8322914202226006, 10.6837418779262;
  -7.441909952312535, 0.3356159495507272, 14.57088285672481;
  -5.249459788592861, 0.7665254506776885, 10.63007322285374;
  -7.300588492634851, 0.4657138842644586, 14.41376992759744;
  -7.490770318058556, -0.2520990221016947, 14.8027778317535;
  -5.229749809200313, 0.8593993369776661, 10.65798527245064;
  -7.647324495274884, -2.044321214391696, 15.08830495895973;
  -5.733369352900406, -1.823516572980644, 11.57620945492318;
  -7.361237471184006, 0.2397003030422148, 14.60654330247457;
  -7.717628586441779, -0.5445958302158973, 15.27868477714069;
  -7.376724877301126, 0.5270044671977541, 14.69650047942482;
  -7.72229874836968, -0.211489799842345, 15.37067228246093;
  -7.291319012657467, 0.3662194258389653, 14.58959852665074;
  -7.598153056875326, -0.3953319497738637, 15.19457607626397;
  -7.342960517403169, 0.2835772166328656, 14.74114649768521;
  -7.339230508190223, 0.1475498153687578, 14.76411623864671;
  -7.316946069132486, 0.001317741881676969, 14.73885785021211;
  -7.619629244284214, -0.1576888023696011, 15.32977228544658;
  -7.37416807453918, 0.2087628167622325, 14.89054925353421;
  -5.193186292788525, 0.9358711151864344, 10.79880863288202;
  -7.317315796435159, 0.06618417905206857, 14.85844171107856;
  -7.609813741384714, -1.899395399649714, 15.3958814510564;
  -7.361721542650261, 0.178322514985697, 15.00642655039253;
  -7.485710791600717, -3.663702895980319, 15.20691845935331;
  -7.570333966836166, -3.585644974223904, 15.39640853916751;
  -4.988963725164641, 0.7997037054960476, 10.57695592187234;
  -7.447844120012055, -0.178100783537435, 15.38420041179427;
  -7.248849154232446, -0.4186599921277378, 15.00519164300792;
  -5.000279800301995, 0.463633645390269, 10.69952839619471;
  -5.685017488433929, -2.312464689239652, 12.01441386047281;
  -7.425345311284361, -0.1691112872074836, 15.50752906636464;
  -7.383904227732222, 0.2650512633256695, 15.43623270258567;
  -5.862699520337674, -1.90435931094149, 12.44741377659232;
  -7.45761830704448, -0.05734139011822227, 15.62446353939535;
  -7.419196480681686, 0.1864472376977821, 15.60779157627954;
  -7.344080169236962, -0.1045219674590678, 15.47392841396966;
  -7.380061845317246, 0.148584744009048, 15.6643695478875;
  -5.275186085002646, -2.116614096768279, 11.47161462741354;
  -7.414609955534687, -0.09077021806163539, 15.77063595982496;
  -5.484178071038322, -1.369955226200978, 11.91907048522326;
  -7.279406398108971, -0.07544596892937606, 15.63587345994593;
  -5.469320168013296, -2.097136753170535, 11.98242013307302;
  -7.453021065911215, -0.1732842011740582, 16.02783022419806;
  -7.434422269004678, 0.07586129913065573, 16.01151266333096;
  -5.300040037615799, -2.140577979853657, 11.71058401968489;
  -5.63946695177094, -2.314379056058811, 12.64842676820229;
  -7.486321435490218, -3.537773069928513, 16.50676341574265;
  -7.625926742244377, -3.921569426679607, 16.83486498382439;
  -7.535359400482176, -3.658703532831794, 16.66087169427258;
  -5.647521470021823, -0.9032375998074057, 12.79309109379217;
  -7.172642081630297, -0.6610290113389012, 16.10085979248832;
  -5.581169972674153, 0.114633651694117, 12.84084533447703;
  -5.384517822054381, -1.211159450014107, 12.42534543445488;
  -5.480719267222892, -1.136473781839673, 12.69390913118719;
  -5.394414963894682, -1.267844563869056, 12.55561918764668;
  -5.421976940141541, -0.957119471630303, 12.65738446736289;
  -5.432765783769955, -0.6600470371900327, 12.70355908944768;
  -5.394481788288555, 0.1011937921575113, 12.63204949723187;
  -5.381164234364161, -1.134725953686581, 12.59577429739405;
  -7.855645903566862, -3.885010236088868, 17.90409364008992;
  -5.376056602464429, -0.7189728888135469, 12.60394704503314;
  -5.348787294962147, -2.209166426293489, 12.57096693278752;
  -5.418093423550488, -1.091726567366269, 12.74371899580336;
  -7.758970398816271, -4.060464626931518, 17.81742996286274;
  -5.432165749318215, -1.004978668763279, 12.84037631581381;
  -7.788886355280367, -3.984319677744983, 17.98194072376893;
  -7.781652561129552, -3.847104267738938, 18.01058864203398;
  -5.402697114213044, -1.075957780568439, 12.84794707934574;
  -5.17952896131339, -2.245506698306691, 12.44260985449671;
  -7.633771698206471, -3.605058473866034, 17.89559389894334;
  -5.329222595727971, -2.122419835184812, 12.80262647201249;
  -7.598176913055052, -3.883510919606256, 17.84823350455738;
  -5.158862076003395, -2.269194913832914, 12.59772732936532;
