m=[-6.93975278892186, 0.987050884429011, 9.448080835334151;
  -6.931144794321048, 0.007800451137872399, 9.461794792163929;
  -6.992834602288771, -0.06759047762381541, 9.57453650043065;
  -6.983444452396324, 0.08238881907133719, 9.570626354134912;
  -6.890653512786537, 0.6651612141809955, 9.578747812252477;
  -6.957181564832215, 0.5956022343790517, 9.66691008767773;
  -6.888943115458632, 0.7524509062159147, 9.583144798831826;
  -5.887899362884874, 1.021826000945862, 8.70426056582051;
  -6.055790880376849, 1.013778674484148, 8.959269606275161;
  -7.009949482735573, -1.865673121210837, 10.67098394068803;
  -6.974466574468037, -2.122949739456394, 10.62950227816603;
  -6.909117478949863, -1.740417027488816, 10.55771406678558;
  -6.950341374885655, -1.563333671700949, 10.65122335758537;
  -6.836212326468569, -2.312992926762345, 10.53062607403164;
  -6.9129556671087, 0.02422118524159076, 10.68539829397182;
  -7.143950386292783, 0.9224238339379346, 11.27459882989657;
  -6.928441522597574, 0.8196158614915855, 11.14650315179311;
  -7.179727152806332, -0.07994830091411791, 11.59215004340658;
  -7.000087430073314, 0.6162744846366348, 11.40566313893512;
  -7.287480703759998, -0.4352357243185034, 11.91387093699274;
  -7.067922248437453, 0.8308313164777549, 11.61007729245131;
  -7.331081280786498, -0.3418093920338637, 12.07695465827308;
  -7.276670043907045, -0.07587036801414601, 12.00267621998861;
  -7.26593028086234, -2.459387253823137, 12.00747938643007;
  -7.295765965290746, -1.898700485155676, 12.08734084937634;
  -7.137447170840368, 0.05970806143082549, 11.88187572494784;
  -7.19419199202857, -1.815179671459888, 12.00018230276019;
  -7.176125386652707, -2.031921872059823, 11.97436170559992;
  -7.198793888420035, -1.927219184816574, 12.01949222145527;
  -7.064166100292361, 0.8751896132558483, 11.9514684206177;
  -7.113672198605308, -1.698085539992996, 11.99711427322063;
  -7.043924679405797, 0.01109725135971483, 11.99252263500599;
  -7.066784289982109, 0.1323262847366957, 12.07791672820626;
  -7.219260803242926, -2.390720219467966, 12.32519437103033;
  -7.13333386996147, -1.624438168420331, 12.21367283413686;
  -7.137577633466892, 0.1236250777543099, 12.34771178733456;
  -5.560248563983375, 0.9718866644558457, 10.09335181337596;
  -5.433050938743043, 0.7266161678951519, 9.917404112757044;
  -7.02003310216731, 0.1079419232965522, 12.72539584560068;
  -7.092207476048135, 0.05492735644240878, 12.88377197251545;
  -7.229388814038506, 0.2899112828884939, 13.13890357050945;
  -7.038160779069407, 0.1362194643848397, 12.89613865734379;
  -6.854744489287468, -2.071112079246142, 12.60060656077019;
  -7.026482607158346, 0.03777429824844157, 12.93339196283916;
  -5.168332023430342, 0.7955741528603521, 9.800598529488177;
  -7.009334313607983, -1.577257018515569, 12.9192431406116;
  -6.987368927116999, -0.290240359771938, 12.96599596110349;
  -7.013394464054632, -2.388192293527323, 12.97743447331399;
  -7.063406136574976, 0.1278258389681422, 13.13237814093328;
  -7.082278810851808, -0.1701310921671196, 13.16424439601342;
  -5.108715445837652, 0.8415535875081545, 9.806587882036684;
  -5.107234305958058, 0.7913231252176082, 9.811371195907285;
  -5.105127550664227, 0.9446335953827952, 9.810724459236031;
  -5.090384192170146, 0.8436797177348303, 9.784337279703523;
  -6.975543420433472, 0.2400572848899238, 13.06592186722153;
  -6.877350875041731, 0.5845979843558823, 12.93985398393747;
  -5.034785967197519, 0.783274115458677, 9.760906820009202;
  -6.832978849999756, -1.713701195984294, 12.86989722482345;
  -5.464964274687967, -1.948837486662033, 10.47844968575729;
  -5.056122001208622, 0.9118186879615777, 9.816583460046196;
  -7.009294157976437, 0.5124438279279475, 13.24171630427373;
  -5.043967308654908, 0.7241451931837127, 9.817427118737436;
  -5.039339209346003, 0.8282997654734974, 9.813339068714301;
  -5.006198616914934, 0.8701319102537226, 9.769706110247018;
  -6.837520328972858, 0.2512917574706772, 13.01374731535342;
  -6.986319611418129, 0.3638570989473313, 13.27859182100462;
  -6.964285346871959, 0.06533600212875428, 13.28970126123389;
  -7.012056052649737, 0.5019082573876478, 13.42323293244613;
  -7.143392859012749, -0.1834269820198113, 13.7068780283931;
  -7.060311189789682, 0.2903609560383707, 13.59196029196046;
  -4.891217216171925, 0.9290139736647735, 9.748962495340557;
  -7.283385717401473, -0.4396994985452004, 14.03523549742328;
  -6.987657198563358, 0.5003590257458622, 13.54159038296585;
  -6.940333770675462, 0.4106372813915039, 13.48558144740938;
  -7.403923846163115, -0.1430681422882358, 14.31849978606972;
  -7.017062423504285, 0.3340819496324402, 13.67635839465743;
  -7.423878957694856, -0.3192469073011227, 14.42909650308345;
  -7.076268533238813, 0.1996152400919015, 13.81299005156641;
  -6.970569285606487, 0.06148279850335298, 13.62840437191956;
  -7.058922215149138, 0.264031006530367, 13.84002596827576;
  -7.323327747447678, -0.09080144168730352, 14.31611814239201;
  -4.739118629925354, 0.8057769491560036, 9.622721839144505;
  -7.15006369802053, 0.2367629119099035, 14.15429869031195;
  -7.276920270784765, -3.499766693044543, 14.36584298059205;
  -7.199346646831283, -0.04139330770858558, 14.2807405696482;
  -7.043819047650138, 0.06226841105242747, 14.01815811041232;
  -7.074166054785922, 0.3583930413344444, 14.10491821857212;
  -7.203322741223831, 0.1861213039952745, 14.35540159987813;
  -6.67842963949651, 0.4178713693827583, 13.40213545271471;
  -7.247284454335095, -1.638961116437813, 14.46711112382524;
  -7.001887909418477, 0.3084176363233542, 14.06838996777932;
  -7.128173103208247, -0.1101151502005125, 14.31370194884595;
  -7.092341823770126, -0.3362648851998912, 14.25562019545134;
  -7.097935097855834, -0.2072999636451246, 14.27307960996762;
  -5.373609941834259, -2.043667412514118, 11.01897686116449;
  -5.31231642494198, -2.136840215624052, 11.01736513153785;
  -7.124493301989593, 0.006904956071564929, 14.51903710911736;
  -7.047272207696864, -1.669795558611031, 14.36683171977217;
  -7.049186177723663, 0.2433426361490138, 14.42488128619761;
  -5.155596887328905, -2.039923841980062, 10.79625510332967;
  -7.10503348210029, -0.03603272316381824, 14.55537999476122;
  -7.040473455018615, 0.2038075502323097, 14.53476936782821;
  -5.305322478018529, -1.147815638988173, 11.23338698148419;
  -7.111195300737834, -0.02199266892029363, 14.84568901269752;
  -5.381598052088092, -1.20625681156916, 11.45570701426009;
  -5.264437638492486, -1.227629477102666, 11.25209810695201;
  -7.124234939956089, -0.1027803395337088, 14.91554842297273;
  -7.11687714134968, 0.1391855593050673, 14.92007401093993;
  -5.440836906022478, -1.031970304956642, 11.70439872210686;
  -5.416643501257902, -1.183235153582249, 11.72145107526121;
  -5.408302031310301, -1.242644361311344, 11.73133386074271;
  -5.204176500074791, -2.22838259240533, 11.31000254169514;
  -5.653077199374256, -1.153114315372079, 12.23611131310172;
  -7.236785164409162, -3.743962207118501, 15.52902151002211;
  -7.216188043181569, -3.355537379077579, 15.50962653241298;
  -7.417049074844858, -3.759541285745025, 15.97058568582853;
  -7.265526980996795, -3.479168765832992, 15.66867750050409;
  -5.291559151126298, -1.089413763024516, 11.74463233582085;
  -5.199220238365483, -0.8815230762199389, 11.56850640235529;
  -5.236596041670386, -1.135294392824029, 11.6580078854567;
  -5.270920847887524, -0.9786237218646194, 11.8148336868935;
  -5.123734386349855, -1.164122769283254, 11.52013132108402;
  -5.151298776170932, 0.1483700238479553, 11.6458527697551;
  -4.21001170517912, 0.4933950474279988, 9.701702250861045;
  -5.12313635251515, -0.6359761701888114, 11.59572506874636;
  -5.552675994692441, -2.328004792975176, 12.49673980864313;
  -5.16571597055216, -0.9972140938899676, 11.73654543708727;
  -5.233437742432103, -1.179912023315807, 11.92309233661575;
  -7.558560684587397, -3.682753725338751, 16.82865589579075;
  -5.152536060768321, -0.9785675115092007, 11.83773525559943;
