m=[-6.964885402127718, -1.597831368675517, 10.07133058046332;
  -6.861467254488113, -1.893202468392704, 10.01789574657931;
  -6.912575386752161, -1.805512146289181, 10.08736811484645;
  -6.839962110258938, -2.039225372806261, 9.996231038864625;
  -6.836930475025943, -1.68023778930682, 10.0099856458905;
  -6.914188516085022, -1.511631979112374, 10.15465467981706;
  -6.806502255695201, 0.1807147519330384, 10.05747588733155;
  -6.814584110644069, 0.07193331296239569, 10.08771429977894;
  -6.976935409580901, -0.2807965118813972, 10.46462167097865;
  -7.043709825632664, 0.9631295053261195, 10.65557037870005;
  -6.592892492279784, 1.021546841158473, 10.05246177397856;
  -6.848976406681675, 0.9615060213182395, 10.53866783583661;
  -6.811857344546118, 0.8603647935557981, 10.51082796054477;
  -7.114962333341768, -0.02483180547822516, 11.04204914465794;
  -6.961791404386607, 0.6653968534895083, 10.89121512458428;
  -6.917018510066263, 0.8669500576069538, 10.92191482903022;
  -7.168496662984524, -0.3717610418777449, 11.28446908940087;
  -6.910147633790211, 0.9581216327340505, 11.01636893848183;
  -7.185067919695228, -0.02115204218266824, 11.41039663996564;
  -7.127302513709523, -2.026298054898268, 11.36632332396409;
  -7.208137122388599, -2.391992183347444, 11.48077534022183;
  -7.100789596153645, -1.894865731609589, 11.33687975870598;
  -7.003419919875449, 0.1114782731689013, 11.22033719758985;
  -7.088142624341325, -1.741544330331831, 11.39810963499424;
  -7.101886031167883, -1.851399816265528, 11.43170433412449;
  -7.010076578688425, -1.626059203366455, 11.39722870831632;
  -7.045883284249578, -1.534987342707943, 11.47542321226057;
  -6.976012851670399, 0.06630574479853554, 11.43305002692007;
  -6.907770458935713, 0.03751667646605431, 11.43068103791237;
  -6.936722014201447, -1.529429448428111, 11.46290715495784;
  -5.422799997193451, 0.8159920791883247, 9.258053599059471;
  -5.373502617548687, 0.7676186135498321, 9.352863769946957;
  -6.860776861945426, 0.1771054811959701, 11.84873563768529;
  -5.267894125119501, 0.6410560717631391, 9.333539962591836;
  -6.91606856278639, 0.09302311197016019, 11.9884639964339;
  -6.954984203153873, 0.1678789673332838, 12.16621077036157;
  -6.873950715751643, 0.01591775542831753, 12.04853065970726;
  -7.05317503169745, 0.3477328785997625, 12.37501912044265;
  -7.045435954707787, 0.1261199863958068, 12.37961242216125;
  -7.006562160783997, 0.1935871950101604, 12.39090292187755;
  -6.924886916673336, 0.03996143144486581, 12.2606376998023;
  -5.027351268500738, 0.8299552368763447, 9.209841771251229;
  -5.025923014052662, 0.8807555565018459, 9.20829663610852;
  -5.037996067927928, 0.9822642052664267, 9.229550642237163;
  -6.930334600330143, 0.09676087674452909, 12.32106037349971;
  -6.905413185127503, -1.497708750107992, 12.30948181049629;
  -6.949515275760856, 0.4446104829521875, 12.42798931679081;
  -6.976674670471142, 0.3520009168310636, 12.48438567950072;
  -4.984740182381939, 0.8251421773632959, 9.211659378054712;
  -6.810448889227684, -2.266125640975685, 12.20354433505778;
  -6.908277316775053, -0.2260697739830597, 12.38559571122618;
  -6.911045775131641, 0.1884188370953776, 12.42349900156867;
  -6.981754562458313, -0.1045384419563393, 12.54327859096438;
  -4.961102675397169, 0.9123043251992898, 9.228154735985275;
  -6.920448511369238, 0.2999458995113299, 12.52382831167685;
  -6.923569119795601, 0.5738381845317827, 12.64462112381833;
  -6.853302144243993, 0.4262329628837082, 12.59305229898881;
  -6.922685502557311, 0.3077527775705185, 12.72360732619125;
  -4.836869483832587, 0.9700566740996668, 9.19333882058103;
  -6.911024464812011, 0.1298403696939116, 12.75420279222987;
  -5.482295089615579, -1.544422354564755, 10.36743694737154;
  -7.087013313870897, -0.1153649639102399, 13.1666419945569;
  -6.753426969285644, 0.1850255691616214, 12.63999473248632;
  -4.827464005451015, 0.8707473140562473, 9.335700636981866;
  -7.3694891541674, -0.3904320521379525, 13.75060767041852;
  -7.036427193506586, 0.3303378562918493, 13.21158149032027;
  -6.973035653694017, 0.3942716370279545, 13.1513156900915;
  -4.717211315136312, 0.5309956115630059, 9.222472129519071;
  -6.968284092930171, 0.2640729225048682, 13.17265089464492;
  -7.46739900699375, -0.2510328258664056, 14.06847285632493;
  -5.305094345263184, -1.965687813671925, 10.2585190992408;
  -7.00026896118264, 0.3297692829688321, 13.29226223042804;
  -7.222200507670291, -0.02635274585323874, 13.69405294009662;
  -5.300290426100551, -1.933091280852105, 10.29143125500409;
  -6.942895003361327, 0.1906819473701522, 13.25631376894434;
  -7.073600516772658, 0.304377584436448, 13.56713931173411;
  -6.983534267480399, 0.1307924663096332, 13.46231861444269;
  -7.062881073375064, -0.0402687228212135, 13.75525824661475;
  -7.053415209920227, -0.2682122277797167, 13.74619085144683;
  -7.036526964900459, -0.1366543627057838, 13.72102057626756;
  -6.994858376846683, -0.2001686532782793, 13.74316679392839;
  -6.971393154633967, -0.03450451233151969, 13.7352577670562;
  -7.07810200437497, 0.08488775306770179, 13.99774770163472;
  -5.02937673273317, -1.906399680182739, 10.21352019548658;
  -7.073835054775435, 0.0355450397335103, 14.05953166150305;
  -5.384619776141506, -1.151287960446874, 11.0280390828052;
  -7.017631984559844, 0.04206353356455757, 14.09776930570298;
  -5.1892374948878, -1.159103374083243, 10.67278137860198;
  -6.797433308524061, 0.3532691724954195, 13.72968174316912;
  -7.003201168768121, 0.05318624242238041, 14.19964014913478;
  -4.882529521918713, -1.4856330908203, 10.18094497867094;
  -7.093031624601469, -0.02914613144554606, 14.42500586131041;
  -7.007455195004128, 0.2116254194879308, 14.26932019209307;
  -5.337846957579878, -1.116477378228662, 11.11967709382895;
  -5.256348212307949, -1.151819235789064, 11.00497690893283;
  -5.328872573117317, -0.7474478152501851, 11.23453472727371;
  -5.134069840034676, -0.814679960346687, 10.99891022027851;
  -5.246876966889738, -1.080779100873489, 11.24589663996822;
  -4.952771953207567, -2.074379560489651, 10.65528351233965;
  -5.139797546722304, -0.965784183706485, 11.07610704032635;
  -7.210978389848818, -3.393992892027489, 15.16512637053514;
  -5.172245629509438, -0.8959082269083171, 11.17677535332341;
  -5.071636365200874, -1.101217880836731, 10.97739438017324;
  -5.108596902954299, -0.7901513127423886, 11.09042464044566;
  -5.049185479273794, -0.9658571237761977, 10.99000620929765;
  -5.060550988830234, -0.5737317032039556, 11.02838734452626;
  -4.184002137875321, 0.4524205453756103, 9.314732148437271;
  -7.162919910715806, -3.425568612412919, 15.23617159780428;
  -5.033599491574343, -1.148336714957825, 11.00957536621735;
  -5.195230804043777, 0.06469271826322383, 11.37324996483756;
  -5.021308833432571, -1.085470936695798, 11.04489125246523;
  -5.07993205145139, -0.8367440195847663, 11.18283429123652;
  -7.340922318644006, -3.575255097595911, 15.77309735925177;
  -5.073234861893882, -0.9104745574700701, 11.2381922065004;
  -5.07450249493367, -0.5784512394217671, 11.26057304142499;
  -4.903127936794836, -0.9994642335714051, 10.93983911595122;
  -5.091818308752576, -0.6091347362859969, 11.40216167149158;
  -7.399359051866583, -3.538231362808773, 16.10855415984635;
  -7.368233843673749, -3.73427280927321, 16.15906368117423;
  -4.786082202065876, -0.8922488970961116, 10.85490076328376;
  -4.143028987085579, 0.3975519055793795, 9.556065349388677;
  -7.418802479461292, -3.670884708395827, 16.36517641888097;
  -4.919040370705368, -0.9688952098910479, 11.19910689207546;
  -4.923165680118273, -2.078582982044032, 11.19844170337775;
  -7.32372197635701, -3.477736974387804, 16.18410382268159;
  -4.821938470715052, -1.816565645893869, 11.07268364574252;
  -4.89527875708596, -1.988192313828703, 11.23885211736284;
  -4.125227404398655, 0.3386338281478081, 9.661425162082333;
  -5.08412021488993, -0.8515534732967822, 11.69288444064298;
  -4.20202387000747, 0.4254489009238497, 9.864790490451643;
