m=[-13.68262978774695, 2.019784427310444, 17.980221846909;
  -10.58904512913208, 2.144127609039195, 14.22041246378232;
  -13.71127812493625, 2.17149566783553, 18.47857224468896;
  -13.97012624751471, 2.091762293766076, 18.8462522705552;
  -14.00160466047906, -3.173928499288281, 19.30528283025029;
  -13.79155308088588, 2.053473877950789, 19.09616610109799;
  -13.69304694641, -3.728086489419337, 19.06365932269933;
  -13.79017262830565, -3.54061675877468, 19.19202697423464;
  -13.67901439017282, -4.035259544537929, 19.0624492514088;
  -13.70955801620248, -3.330311107794234, 19.13616645492802;
  -13.94685184437327, -3.005642246616642, 19.53419276140368;
  -13.90440562357258, 0.4150636046217712, 19.55050125330197;
  -13.75389118124526, 0.1930848331918194, 19.39012021522677;
  -14.2797430400626, 0.09364144316077255, 20.18188087869058;
  -13.96229805885148, -0.4990336007782291, 19.99444305994427;
  -14.17275759083409, -0.0002971577151154874, 20.31840589931539;
  -13.9859208856525, 1.976600282014324, 20.21407957571965;
  -13.2798839502331, 2.114338830098973, 19.27136223723218;
  -14.3096131690555, -0.2829526782847714, 20.85954787641321;
  -13.82670323602583, 1.992047593514421, 20.29624751541199;
  -13.75291615047741, 1.788214145437574, 20.24293688175666;
  -13.7419647557837, -0.7510623574770584, 20.231491244802;
  -14.41250416870943, -0.008877279041317182, 21.3987429030377;
  -14.21155220790631, 1.41271577526996, 21.23908060060448;
  -14.05766096236612, 1.820707099905541, 21.20999044208663;
  -14.52196273183863, -0.7056133057138434, 21.89764342150219;
  -14.55501414152369, 0.0145297021085456, 22.14806317514962;
  -14.43186471473171, -4.051010993447647, 22.07330857807327;
  -14.39191477038973, -4.731221808850485, 22.01417477726418;
  -14.1296217945207, 0.2868724198952676, 21.67637823757561;
  -14.30148428305118, -4.149863630214031, 22.05068018638189;
  -14.26750973874521, -3.452860742967054, 22.00949775699335;
  -14.33709020745098, 0.1324134304791249, 22.14880466189361;
  -14.32086381274328, -3.677556593016236, 22.11555602283242;
  -14.13235507756234, -3.226090475414909, 22.03993597175449;
  -14.12714952680141, -3.023373853282824, 22.08075337952392;
  -14.12353284314084, 0.188291208991345, 22.18132328024269;
  -14.11657722538474, 0.439238339289956, 22.2662212209235;
  -13.9674478986696, -3.023678240898262, 22.14519352794582;
  -10.91945158008145, 2.132615764182943, 17.90195209489644;
  -10.99468665444407, 2.081032562711557, 18.07882015048271;
  -10.72042817342274, 1.585467951730588, 17.69924820322428;
  -14.32895656887388, 0.4430623448998541, 23.72394626625889;
  -10.49021901125516, 1.321597383086395, 17.62930200565879;
  -14.0479755732932, 0.2471849361100444, 23.38376841659369;
  -10.9504824204268, 1.781070947536796, 18.5672199854036;
  -14.02546082399635, 0.5926985781034129, 23.5174847830257;
  -14.11611271814083, 0.404069323954938, 23.72781312656509;
  -13.91084969717536, 0.09587116972802691, 23.42418817716397;
  -13.85511742648222, 0.7610998056743953, 23.40649797370077;
  -15.05183096861368, 0.3230536413728294, 25.38273884859953;
  -14.17917962536454, 0.4649807588193564, 24.11811102873849;
  -10.05143063193697, 1.805844763802345, 17.42879933500487;
  -10.06030235046179, 1.708959069175464, 17.46051937872517;
  -10.06157207267799, 1.815374925288344, 17.46437018017003;
  -10.08719149207767, 2.020542734159145, 17.50860878305464;
  -14.07129702512031, 0.2621389128624562, 24.05315757287212;
  -14.2842794322021, 0.5867538168243037, 24.44668655936517;
  -14.04877495052773, -2.987802800881025, 24.09644423793268;
  -14.31963315929389, 0.7834973976589729, 24.63677240942398;
  -10.00761803257011, 1.711953328707398, 17.52022477694209;
  -13.82680243405681, -4.550566366693919, 23.84439405493333;
  -14.05309653177613, -0.3883658043299521, 24.2331961774847;
  -10.00389214637733, 1.955534935121467, 17.54499216719759;
  -14.10795508451725, 0.4511059077371257, 24.38691627524696;
  -14.13864112446397, -0.1343459942771034, 24.44769956813768;
  -9.912615356865546, 1.780573604735211, 17.43981746616759;
  -9.961321236280908, 1.883683554709709, 17.55289835353713;
  -14.13951400684418, 0.6754151921307137, 24.61108476652717;
  -10.93122921762468, -3.399377265413906, 19.25246732471704;
  -14.63935503575247, -0.5616293861178798, 25.48412502255848;
  -14.58550028030082, -0.2868127793255915, 25.43693193399699;
  -14.69479056008798, 0.04677769977680878, 25.6329519935895;
  -14.47261910576131, 1.420822232685674, 25.27132403242289;
  -14.60298056811542, -3.470005339568577, 25.59094345903065;
  -14.1592862670631, 1.224781680898414, 24.87456204008762;
  -11.27229141368784, -3.096311888490898, 19.98105977838223;
  -13.88615460714177, 0.9447053376323951, 24.55718244729035;
  -14.69779394440667, -0.3700364398991132, 25.94810529744376;
  -10.7257648205488, -3.117619748293924, 19.17662521863432;
  -14.32317093173074, 0.7034875181226835, 25.32654627584797;
  -9.788198418557387, 2.017297232286541, 17.61249005942845;
  -14.21475680048743, 0.3370610372479519, 25.2487867914976;
  -11.05512490537693, -3.073234753873211, 19.96911081806193;
  -9.596174705668727, 1.17839144333318, 17.48913701271046;
  -14.53617694135586, -0.1625531964925874, 26.03374780626771;
  -10.511578126577, -3.625679156795184, 19.10663948782884;
  -9.958827812027725, 1.852640286057308, 18.23285172735485;
  -14.95522452441134, -0.7130013604876143, 26.96041519781273;
  -10.51548507278518, -3.751233406997967, 19.29129856767163;
  -14.94438063113672, -0.1150096466581452, 27.07022334407625;
  -11.0234008513139, -3.858127674346744, 20.20724507723123;
  -14.27074022367706, 0.8832188477480565, 25.94065478621725;
  -9.415067244957125, 1.112019505495847, 17.44868909026738;
  -14.23652982506102, 0.6144528227058644, 25.94306629995083;
  -14.17663415935044, 0.6318255325744884, 25.85322155379466;
  -15.20870734715469, -0.4456756583348266, 27.70338657921078;
  -10.63492342797968, -3.895203309833368, 19.64222810695489;
  -10.99257052557062, -4.095989463591891, 20.26424370948837;
  -14.42753992385031, 0.7555979222723541, 26.40957238410014;
  -14.83668982909041, 0.01824772256421363, 27.15997437258618;
  -10.50241745105011, -3.783002941571534, 19.49001196239662;
  -10.84926995631166, -3.752986733101993, 20.10263924343949;
  -14.11594998225008, 0.4639146166611143, 25.99420228068829;
  -14.3916870251184, 0.7060971833498847, 26.64631054932719;
  -14.66403330258029, 0.1336490463923513, 27.23256868264517;
  -14.19742237795228, 0.3398371166775827, 26.41333817098089;
  -13.81748890930247, 0.9155554313514582, 25.75725333427054;
  -14.4298342158389, 0.2950403447614489, 26.88979406504931;
  -11.17666846821404, -3.529998921300846, 21.03909560607958;
  -5.142798471332498, 2.15259948839238, 10.22925185705133;
  -13.58448600125889, -2.882286289517105, 25.46066038119639;
  -14.51201610024298, -0.01486148282021851, 27.29159368309919;
  -14.43138692903746, -0.4663673467105464, 27.16497896236088;
  -14.43391989146407, -0.1985601350510321, 27.17946421030938;
  -14.06262345721868, 0.4423367082459178, 26.50919113531797;
  -10.47318080485875, -4.07793711113252, 19.96759691589768;
  -14.34423624918988, -0.3384180658350626, 27.21852383928962;
  -14.37899452497862, 0.009670398288812743, 27.3524033935858;
  -12.6006036740958, -2.711963323692482, 24.08968530712338;
  -14.21655801183779, -1.104611169832363, 27.16909622983975;
  -14.6551872724172, 0.2525008885102448, 27.99626317036067;
  -9.962944031709908, -3.727334567422466, 19.33075249654482;
  -14.54922492904014, 0.1535138839169804, 27.94701564440677;
  -10.97405052261889, -3.142965970952725, 21.30147787612089;
  -14.50920514963323, 0.02070856631877824, 28.06836385863715;
  -10.1455857688834, -3.294379764468302, 19.88545893318499;
  -10.94248994190345, -2.273172536548166, 21.45533530674628;
  -14.42669519404254, 0.1679894492375994, 28.01337357070722;
  -10.53825601571465, -2.302836472263511, 20.72204766740409;
  -13.30001050531784, 0.771205070349858, 25.97688173805659;
