m=[-6.766819944476946, -1.458296117813385, 9.477720610508399;
  -6.752457396787928, 0.2015691560676447, 9.494395544313173;
  -6.727095618601077, 0.950726034100819, 9.722781020974802;
  -6.59542724601843, 1.050082062434342, 9.571082702503643;
  -6.712528690239167, 0.9670907370708005, 9.853335348691349;
  -6.727887625532454, 0.8747892948124982, 9.902787384221602;
  -7.008754125392475, -0.2884979117126015, 10.3323730191125;
  -6.807027055666977, 0.676660393146941, 10.17306161710998;
  -6.928572953242239, -0.1512015282625302, 10.38521093433997;
  -6.727061220614509, 0.6352848558908265, 10.10835286440929;
  -7.065510275663389, -0.3433088318864427, 10.65407117925083;
  -7.074312231130207, -0.2493400940555004, 10.76080757975235;
  -7.134465384688564, -2.210762894733856, 10.86221596427305;
  -6.962314017259023, -1.95431506470266, 10.64874905344207;
  -6.978298347633865, -1.741899783471825, 10.69829358920213;
  -6.984138200064941, 0.1417983195496828, 10.71442841780916;
  -6.979069291510419, -2.025117480981051, 10.76064706990416;
  -6.958869848913309, -1.684106684117325, 10.7349658865091;
  -6.941669427478368, -1.892996696714347, 10.71247749040754;
  -6.883260398835862, -1.571289476567218, 10.73470186919639;
  -6.887648684252124, -1.47403670521498, 10.7654039955651;
  -6.869036720490043, 0.09157618303236002, 10.78797534676631;
  -6.885304335361426, 0.2142367511248934, 10.86026074570373;
  -6.823709690742123, -1.477199175095461, 10.81889639226054;
  -6.849782290027179, 0.1912205267935846, 10.958623514155;
  -5.256630339444361, 0.7774147452379997, 8.678609061630436;
  -5.177376798799026, 0.6522654695010328, 8.700823031930007;
  -6.92154702788897, 0.2140195513728266, 11.45976044939097;
  -6.82050911984088, 0.1200121043939586, 11.3531807419164;
  -6.846651899626852, 0.2893310171124628, 11.48026677231624;
  -4.950780468637283, 0.8894595519186013, 8.584465485478136;
  -6.82251841904233, 0.1952924619048826, 11.46799018482942;
  -4.966994537646536, 0.8437510191993781, 8.62064591673216;
  -4.961529454828999, 0.8951917352790771, 8.611973003130117;
  -4.964450116712827, 0.9944178833422296, 8.616929200241808;
  -7.046937824157662, 0.1512466443032167, 11.88364278378464;
  -4.912207107188925, 0.8403067824014998, 8.599745952408231;
  -4.930216436974349, 0.9637459439928846, 8.646695456490692;
  -6.762267001172397, 0.2217564150128606, 11.50229495989316;
  -4.868520489811261, 0.775038706301589, 8.563796477025512;
  -4.902376302901823, 0.8805992698365504, 8.625024253953102;
  -4.897955156281072, 0.9262021935392286, 8.630713432396357;
  -6.831139119558518, 0.1272595823410213, 11.67699504541922;
  -6.885776522501804, -1.464422517452233, 11.81047675641626;
  -5.40574047778946, -1.681069065251773, 9.520781226208406;
  -6.923785187801207, 0.378834263157862, 11.91229677367032;
  -6.834555288271932, -0.1888770603521774, 11.78552489923205;
  -6.856899595817888, -0.06515456370587719, 11.85654404915776;
  -6.882734846097314, 0.2200774195737326, 11.89744916474148;
  -4.817730505284207, 0.9929094199588829, 8.668830259146814;
  -5.621765485419056, -1.544205935420901, 9.965039768915503;
  -6.878957031063131, 0.3285934780039453, 11.97343802020667;
  -6.487539797631421, -1.541589241555085, 11.36906697745629;
  -5.352748728176054, -1.55586435296863, 9.570194570469949;
  -5.314474898520139, -1.477380771046298, 9.599650758965231;
  -4.759591245901099, 0.8854265435408374, 8.713969465816213;
  -6.954991905402516, 0.3415968445406074, 12.29796985457328;
  -5.210999170975641, -1.797390539534127, 9.47190624778516;
  -5.212165197533103, -1.859357706890805, 9.562034876533405;
  -7.012628599816115, -0.07841987610045706, 12.55935485397334;
  -6.905845743328357, 0.3824322445527402, 12.3933754224603;
  -5.148783465591799, -1.88582066740827, 9.509572869927487;
  -5.155619625040521, -1.857069983939945, 9.567615135652364;
  -7.178630983887071, -0.3422465272651257, 12.94122141473475;
  -6.899856687314851, 0.4270334528888731, 12.54222258934012;
  -6.939817570763484, 0.3634515492658338, 12.70331708904511;
  -7.122301596710084, 0.008759756054251161, 13.03805168597602;
  -5.101637165408802, -1.887406121090396, 9.624195427720274;
  -5.786676575039636, -0.9134312315463838, 10.89067875989893;
  -5.074471940874323, -1.975844572213624, 9.674712216312019;
  -6.815422062023698, 0.163137597856899, 12.67962894319132;
  -7.058565231748958, 0.06433226743664432, 13.10845785113643;
  -6.985901713857777, 0.1281179902908557, 13.13575233999583;
  -6.985423522388157, -0.00715364088303235, 13.13693005578936;
  -6.936913719643298, -0.2241745759917622, 13.05772731231117;
  -6.862915795710656, 0.215871497326145, 12.93715551209596;
  -6.955734056714758, -0.1641039665718993, 13.19866808894352;
  -6.911929613448272, 0.004648524776205357, 13.14819938812028;
  -6.995312895575312, 0.1205254282123278, 13.36336528105261;
  -5.080817321382036, -1.867859346505269, 9.988920335023499;
  -6.929067011446835, 0.0731109728549921, 13.30976358634268;
  -6.961773478768557, 0.00993633671139005, 13.46769785720657;
  -6.937471248322431, 0.08078232460256203, 13.47099741842122;
  -6.924538777699036, 0.1881347447036865, 13.48836733332623;
  -5.548098083090554, -0.9511886092324801, 11.01097884150562;
  -4.631310290283055, 0.492402302411684, 9.393024479521488;
  -6.896951319367841, 0.09295780005432092, 13.52041519752247;
  -2.604272260506471, 1.082309105664786, 5.775095621488183;
  -5.121460968913702, -0.8542816322429397, 10.60209319304667;
  -5.010761926145421, -0.7376632086053726, 10.42039372177537;
  -5.010060500527202, -0.9328050525923609, 10.44223596111178;
  -4.966016714754193, -0.5366670624448587, 10.36399958358236;
  -6.971421202632185, -3.148624528118599, 14.1679944024885;
  -4.986148523355142, -0.8854168042104518, 10.46405742411339;
  -7.125883898079091, -3.324250603245085, 14.54859390319161;
  -5.069101281081981, 0.08905589736506686, 10.62977331770686;
  -5.10610601403053, -2.162987073799553, 10.72190248980217;
  -4.929406085078644, -1.036186212225351, 10.39126477337582;
  -5.011758066684653, -0.7987402453896617, 10.57460373870219;
  -5.050458148640584, 0.2272011842395795, 10.67045671495233;
  -4.990164611722815, -0.8657566780944637, 10.59667771993301;
  -5.004458706730314, -0.5400578972502571, 10.6434340566044;
  -4.80124164910306, -0.9534975411665522, 10.26273671772929;
  -4.836786598207951, -1.019353078030265, 10.34415988408033;
  -4.086134714843059, 0.36548274025181, 8.902132889508438;
  -4.871124650757285, 0.06744479388544794, 10.4881949688167;
  -5.027608777524739, -0.5701884781213999, 10.79619025958906;
  -5.002221010756159, -0.6709037028738963, 10.84713734522171;
  -4.768543846239476, -0.8280578320938502, 10.41012204790135;
  -4.843628607541929, -2.017795378367701, 10.56778375843141;
  -4.892324602309873, -0.9351971995825655, 10.68035053270328;
  -4.987282991143078, -0.8236219122051394, 10.93657726880369;
  -4.902570048933269, -0.8817234596110609, 10.8247803401737;
  -4.98969451229, -0.801767335687929, 11.01207714505153;
  -2.600697784511511, 1.077176710375151, 6.218859754663128;
  -4.908837693881241, -0.8812868626894889, 10.94603016064807;
  -4.07515388627909, 0.3297443881278882, 9.259036510510205;
  -6.526611932769264, -0.3030154941386251, 14.19445299991258;
  -6.515751693948021, -0.5704291788396141, 14.25578135284419;
  -7.035186810641613, 0.09577250307078607, 15.54723995202634;
  -7.100122817537108, 0.2025186125595844, 15.68492822449943;
  -3.628035798224058, 0.9884606974864809, 8.606231536164763;
  -6.936752574017714, 0.196697828194919, 15.56855375680641;
  -3.641154412053458, 0.4739371334601051, 8.643930796959115;
  -3.619149889326102, 0.9668257400104321, 8.63871886709334;
  -3.701646931712298, 0.5449453179611556, 8.870244195278003;
  -4.429905898852674, -1.770383819157132, 10.44070533762882;
  -3.57630804346045, 0.9402316497399786, 8.631352692816524;
  -3.603534696201749, 0.4626822132816055, 8.704040351012219;
  -3.571596898378357, 0.8537468489418384, 8.659569081291238;
  -3.528243864868783, 0.8981020519736948, 8.574468224178583;
