m=[-2.370292940303448, 0.4204352331557121, 3.933934865197168;
  -2.361651435131735, 0.441266310953792, 3.927091330464701;
  -2.252346562430541, 0.4137193070561233, 3.899902948434925;
  47.88549701559682, 2.03873882883076, -64.23047942728172;
  -3.130768992445899, -0.7557013349954355, 5.275502284058129;
  -3.433763839519834, -0.2252020711130525, 7.229896746932639;
  -3.391035212924645, -0.3096003639589063, 7.159393091245024;
  -3.382153776790734, -0.3027432192500136, 7.761096275789112;
  -3.408079280717696, 0.02997408603588282, 7.831033421235396;
  -3.457078756470508, -0.2275911005105078, 7.947073408598785;
  -3.411268538573362, -0.1995294443827317, 7.958451287855491;
  -1.682875999989041, 0.530291543557287, 4.505152146756941;
  -1.562428642728535, 0.3437344732117669, 4.30542666828501;
  -3.397787465365352, -0.03023351274811358, 8.630259798797386;
  -3.445632068087941, -0.1836788910484812, 8.95109868937692;
  -3.476248741906046, -0.3724669773585781, 9.31857728189661;
  -3.608151538404424, -0.2362437560851456, 9.691590363721526;
  -3.464976199877638, -0.02002082315883458, 9.340555548708547;
  -3.521956659415975, -0.1217860415089434, 9.493346529509719;
  -3.47125956828487, -0.1071378444100381, 9.466141193831604;
  -3.489771961383267, -0.3192638631575194, 9.536178595426312;
  -3.621035575413985, -1.747549577170044, 9.892197905373454;
  -3.561460574030932, -1.769806890209821, 9.9025656207072;
  -3.554148887553305, -1.885022288187687, 9.971192963359622;
  -3.549383990758171, -1.050847911261002, 9.95551996009576;
  -3.568781088038829, -0.8086166778943599, 10.01411984053882;
  -3.520779571987874, -1.564108827101822, 9.979529403629977;
  -3.375109898973075, -1.778897232158997, 9.781955299660297;
  -1.682119786127331, 0.3359570817840888, 5.345585145871264;
  -3.547499209113008, -1.995462296199037, 10.29404541156483;
  -3.503362868782371, -0.2375928480519953, 10.18242514775679;
  -3.504001440516002, -0.4993888023744342, 10.2134047173419;
  -3.499487344845814, -2.119176190896257, 10.29288635867344;
  -3.471760491341295, -0.4067641129656545, 10.2080562516233;
  -1.64650821342094, 0.2814886109831942, 5.368650681170769;
  -3.514524884677012, -0.2743835241121901, 10.42402449589831;
  -3.414442750749643, -2.095643332766327, 10.24550431791004;
  -3.564212725277345, -0.4268441486193092, 10.69265951078785;
  -3.380508531740417, -2.132693126984521, 10.27856616825767;
  -3.01846192021593, -1.204027766247408, 9.286588984875076;
  -3.539157020435192, -0.06000113609836302, 10.73664012682805;
  -2.934185462018314, -1.145571414834939, 9.119469278617812;
  -3.334241987687176, -2.149436332680192, 10.28159043201377;
  -1.592176759495419, 0.354414053024811, 5.38232060846809;
  -3.488165534453165, -0.669452264261709, 10.68630730565978;
  -1.576544108598138, 0.4339192972922211, 5.39551791967313;
  -3.56927978359487, -0.0399491264758143, 11.08171686331585;
  -3.589781035504238, 0.06207418778935998, 11.22242753014114;
  -3.566804398095082, -0.02664272873552319, 11.23078898754787;
  -3.588971945051618, -0.2016436796243527, 11.3581879092834;
  -3.660397846504705, -0.3415313262028807, 11.57134636453496;
  -3.581222850917657, -0.07324818295621448, 11.35416318720433;
  -3.578100562944504, -0.6818374483792136, 11.38409805272004;
  -3.587997578433622, -0.1498147501109554, 11.54687995240856;
  -3.477860840154267, -0.03306724593432284, 11.22614222093788;
  -3.505366036560828, 0.03034749652722697, 11.40311163700478;
  -3.47624330934592, -0.04042547752055149, 11.33000124542432;
  -3.169435477461977, -0.8298366956607503, 10.51929259794783;
  -3.517028440245698, -0.2723522218628912, 11.70366190570055;
  -3.316243843479084, -1.961597128634135, 11.25118511707258;
  -3.029990538734001, -1.131030417070502, 10.38554378594775;
  -2.402815963562479, -0.4410123960923198, 8.128573547834076;
  -3.526247153350114, -0.1493453234289518, 11.96609357170596;
  -2.707243121000904, -0.3340921827970174, 9.610825751008306;
  -2.612011402797594, -0.2565376389261383, 9.31153610437849;
  -2.686226286474422, -0.4366150443585167, 9.735914379360429;
  -2.603775161841744, -0.3745389077432527, 9.541472563512008;
  -2.526703064083951, -0.4002312591818581, 9.402494748687529;
  -2.467724340590847, -0.9682423436252493, 9.367415002285082;
  -3.871003067396761, -2.622666567001666, 14.34217186324512;
  -2.476686367347729, -0.5201411412836745, 9.502344631109059;
  -2.394182509264672, -0.5767658613096591, 9.241917654763444;
  -2.49597133742214, -1.148561200313135, 9.690971698942953;
  -2.52237496088619, -0.4678243657764594, 9.812538954363737;
  -2.443542675951134, -0.3808643119634795, 9.596328306480899;
  -2.436029694409445, -0.5647336616774984, 9.652272623727752;
  -1.683777681765695, 0.4733688799274834, 7.114159916050372;
  -3.778523025297829, -2.511855971347682, 14.9598653754836;
  -2.328732927906101, -0.5632885636321727, 9.613531669219443;
  -3.618195192910134, -2.267998776349766, 14.5152466420829;
  -2.287992824146802, -0.4634308676113405, 9.5162091434378;
  -1.631778364993927, 0.4149436469130473, 7.128727190350127;
  -3.718019629522642, 0.02652118646248084, 15.16603025262488;
  -3.651628858694091, 0.1309451730107494, 14.92626631476408;
  -3.541867595457508, -2.221145455253407, 14.59562190251012;
  -3.752270129156528, -0.08512396617817375, 15.54013130397978;
  -3.753632460114619, -0.3672270210539588, 15.5791085478348;
  -2.304778106103131, -0.8175191123887772, 9.993152757724108;
  -3.734898001468824, 0.08071985066863878, 15.60874058998008;
  -2.16585982097778, -0.5361780158710103, 9.606878132452586;
  -3.977980824058086, -2.670214934242579, 16.96140984354204;
  -3.731844992951336, 0.008802680528375165, 15.90483334482163;
  -3.713271350398762, 0.1385774433123967, 15.82581995637398;
  -4.463248082905091, -2.731367677129704, 19.06188911671136;
  -3.783062363939286, -0.3743814711376534, 16.41711611000815;
  -2.303091019636251, -1.009410758671088, 10.4875851363647;
  -3.870411846321967, -0.4480090260453472, 17.14096249781983;
  -3.828390329236147, -0.1510887058263551, 17.02093121874356;
  -1.566855566971654, 0.4784094684654203, 7.529557915120153;
  -1.563517565221649, 0.5249972745787969, 7.578342860319133;
  -3.746151626558113, -0.3300627556128378, 17.02778542470238;
  -3.774041090353891, -0.2052451589819406, 17.27687001743884;
  -3.676590680061758, 0.0611993794246275, 16.84374562108017;
  -3.398795412371405, -0.06552551642860652, 15.76544741806292;
  -3.698393640106475, -0.4609927539900182, 17.10621073452333;
  -3.811129696811717, -0.4030868708076316, 17.97784944281447;
  -1.484384256104541, 0.508636238904307, 7.585859829105708;
  -4.192648673173177, -3.168245491882289, 19.95006552304377;
  -4.068926616320383, -2.978603457796984, 19.34913107893943;
  -4.034257958496765, -2.869366669281763, 19.21136013952988;
  -3.866900681199816, -0.8144010847058563, 18.55541913911542;
  -3.908001482589826, 0.01076582559580949, 18.82029944789311;
  -1.728078857508334, 0.2315768891818505, 8.898243225876577;
  -3.695065471496865, -0.1360983249244137, 18.17226740470249;
  -1.648264134948381, 0.3762578233660845, 9.078407374633322;
  -4.264603740635587, -0.518922948769257, 22.13625869191916;
  -1.820002513055182, 0.3008215032102135, 10.02805352476533;
  -2.895366473589901, -0.155094509460364, 15.59204242782487;
  -1.782870136941706, 0.3314233237874791, 10.45660521618464;
  -4.065724627378232, -0.1027944168717933, 23.04948276521569;
  -4.169637577534409, -0.02794798902256911, 24.07710080546474;
  -4.030227469664829, -0.3568748993317136, 23.76415912337218;
  -4.257114107432054, 0.01351058298525146, 25.15597077179257;
  -1.4734380606917, 0.4884015539689854, 9.375954121616132;
  -4.11497309885503, -0.4850080804706679, 25.06638764499629;
  -4.962409117739242, -0.1674380445044069, 31.41568763339345;
  -1.369490737495219, 0.4360848476807676, 9.342095595905523;
  -4.00183498386868, -0.134241907705649, 26.3084564324559;
  -5.800449844897724, -4.813357280611382, 38.20106772983428;
  -1.999461656437552, 0.3870673310023934, 14.62049784229884;
