m=[-2.6338080841152, -0.5680157630715466, 4.332230851238178;
  -17.17799266794688, -0.7313579859494109, 23.04143787629865;
  -2.722101729618233, -0.1785279873458541, 5.73147000189117;
  -2.703788348544502, -0.2468549585055075, 5.708428962630315;
  -1.733227546737205, -0.3697038532510976, 4.045159349018506;
  -2.677999383137938, -0.2397129781514644, 6.145259030403745;
  -2.717576193477965, 0.02390110555621281, 6.244405790759078;
  -2.722367188257921, -0.1451232680346717, 7.072193690239438;
  -2.748199335894422, -0.2944592219422694, 7.366937696048584;
  -2.783807946474699, -0.1822698516109676, 7.477381695680203;
  -2.727972098486495, -0.01576237290402217, 7.353809507303386;
  -2.712121325792373, -0.2481200323132718, 7.411164288502347;
  -2.863705134051299, -1.382053998621343, 7.823269707984227;
  -2.789821651732218, -0.1176671932271972, 7.705852454877541;
  -2.812466057718009, -1.397606881773487, 7.820002247292147;
  -2.813958100819014, -1.294839486174772, 7.871934955459069;
  -2.806129977008151, -1.48829374276815, 7.872619962265586;
  -2.775712957997543, -0.6289227989934584, 7.788743976896307;
  -2.806103027428283, -0.83078852917413, 7.870722010463584;
  -2.767295925397585, -1.229373181597231, 7.843805751366062;
  -2.742367997154015, -0.1354216185662378, 7.935530083436919;
  -2.707630825471689, -0.226639306132853, 7.878771212772364;
  -2.766703291374633, -0.3943093821906417, 8.064340419748753;
  -2.74856348032864, 0.02711190746920008, 8.162184878917618;
  -2.748629814416526, -0.5275198194304878, 8.420673438870594;
  -2.843208309978515, -0.03182257913612473, 8.827447380119679;
  -2.831389877464485, -0.02114945032872577, 8.915190940177533;
  -2.8652660425974, -0.2673420082974884, 9.057754702018091;
  -2.823098934654979, -0.1586136826486763, 8.934393658473651;
  -2.861805302317647, 0.01786334850443669, 9.040664358747753;
  -2.821704511163557, -0.05771345065251185, 8.946132318353822;
  -2.826973530764733, -0.5387038136418352, 8.994309494808082;
  -2.943981887327011, -1.605417141114359, 9.369756474495258;
  -2.835131152329827, 0.04057321409469841, 9.09690928711307;
  -2.823407295596845, -0.1178897279624, 9.086278456532245;
  -2.759303308231614, 0.02388850313797228, 8.976136396583613;
  -2.872384097209149, -0.03340315634407259, 9.361863512608986;
  -2.648813284982493, -0.6032977819873674, 8.833931940987066;
  -2.816231217409889, 0.01616090412171293, 9.329422528563324;
  -2.827888405155476, -0.1356417835027302, 9.407498968337057;
  -2.132807173782806, -0.2632028865995583, 7.571554231209437;
  -2.111947585207718, -0.3432726770791023, 7.654508098149067;
  -2.012879368231216, -0.1730541098087323, 7.364472161621946;
  -1.994670567815342, -0.315956997226011, 7.422668617392467;
  -1.923775103737917, -0.425899120762421, 7.252992390944594;
  -3.00157985972765, -2.177833886053751, 10.95075146553452;
  -1.988356425864082, -0.7801563789252126, 7.547747334319191;
  -1.970346337726492, -0.3557622586110461, 7.526459916827601;
  -1.9359469396225, -0.9058610878525464, 7.561034287784509;
  -1.957432039129404, -0.4537825484965545, 7.755926673413002;
  -1.84527462963437, -0.8849372545047128, 7.461259114932867;
  -1.335589242390321, 0.375480914469966, 5.643022564925229;
  -1.968651749229093, -0.4413696536327367, 8.002487261607271;
  -1.874082326421943, -0.4533148173104815, 7.736632045642746;
  -1.292929070024826, 0.3287779241502522, 5.648401041715235;
  -2.845290913937647, -1.783518015781624, 11.41455813804908;
  -1.843863099230575, -0.5777987835763655, 7.980324789584608;
  -1.819410615406657, -0.6453562481521651, 7.888676207326826;
  -2.94212953761462, -0.06674512405321163, 12.18491146801473;
  -2.915277842362962, -0.2852087435227669, 12.09959430921038;
  -1.738973904287133, -0.6537351288438315, 7.680728552688541;
  -2.921952823845692, -0.2696520229094955, 12.35093099844739;
  -3.101548268123154, -0.377195611892189, 13.06865835703099;
  -3.058259964114285, -2.052853392250263, 13.03988202902437;
  -2.900159091016506, 0.00684089880686374, 12.36025266408712;
  -2.892082550724966, 0.1079310849945888, 12.32594481462525;
  -2.93043282428081, -0.2900030838196157, 12.71701370492376;
  -3.009253298546775, -0.1762698248092003, 13.22870238593335;
  -1.245333487680061, 0.4181575580067469, 6.036110086002529;
  -2.984446363498616, -0.3454564944725956, 13.21727124261934;
  -2.976235068786663, -0.1174581132294602, 13.23226945010536;
  -2.920929572133705, -0.1588500602020256, 13.3714814809065;
  -2.928628524145358, 0.0487490351359831, 13.41706982690694;
  -3.12238822003519, -2.241637571275293, 14.47398438349128;
  -2.942780429201856, -0.3112452865808406, 13.88167491222108;
  -3.239161560725726, -2.447726917333288, 15.41304564574799;
  -3.100822900503029, -2.205460823175601, 14.76629062477267;
  -2.950665106610321, -0.6214343376105435, 14.15883993568958;
  -2.822412830835477, -0.1039563876431863, 13.88057697056942;
  -1.435000435484615, 0.2371859296969577, 7.90672599179261;
  -2.380666213195736, -0.1275238426266147, 12.820293714534;
  -1.406967468850249, 0.2615455973630751, 8.251920916134935;
  -1.356692850415204, 0.3084445799982049, 8.325670009767315;
  -1.180194201506867, 0.3911998049857264, 7.509950355654;
  -3.281268717238953, 0.01041359291351201, 19.38954368198782;
  -3.032435667494082, -0.3574156542241609, 18.47210324924597;
  -3.169801716515692, -0.2221171688804147, 19.45056366237928;
  -2.765787188394407, -0.09332120495358869, 17.50946048773682;
  -3.501287620270508, -0.1227961895596736, 22.23845474093996;
  -3.273434150213078, -0.0514152910569467, 23.74030288531508;
  -3.315641649793154, -0.01785148648629943, 24.67507119616167;
  -2.785070838563109, -0.3477639866084597, 21.01277310705234;
  -3.199149738295265, -0.1500657075544955, 24.74228829223957;
  -1.586367416886652, 0.3444553156215587, 13.02893479643683;
  -1.387809214695991, 0.3990299906428784, 11.90291676087333;
  -1.670412697433797, 0.2912213209818802, 14.51079766560443;
  -1.74528537709882, 0.1194099203508399, 15.14739299738158;
  -3.764688626762328, -2.203662798308957, 31.77168314591691;
  -2.213672875252704, -0.5000565338079753, 19.29272752542016;
  -1.676749305284492, 0.3955643912272702, 14.8683883341867;
  -1.551592431440447, 0.4172905378935364, 13.83100845917063;
  -3.081183931355219, -1.739084727502197, 26.85207719985336;
  -3.844266394310384, -2.375809710831164, 34.75384910324809;
  -2.027249568521989, -0.7860912445321772, 19.19126734560119;
  -2.455328088556733, -0.2546687093762748, 23.11224959238072;
  -1.378065255822002, 0.3894509736870369, 13.62481282348237;
  -1.175220631682145, 0.1030399526712754, 12.42684234538196;
  -2.252568828320809, -0.6223421266030692, 23.0049931144655;
  -4.239289668808238, -2.545822067389215, 42.85400045664753;
  -5.457311485042347, -3.55935037843005, 55.47873665822059;
  -2.408657172020544, -1.338013510255311, 25.52338762939751;
  -0.9789198049273561, 0.05993015648694807, 11.19250950779357;
  -3.084586326221099, -1.106927591164551, 34.11346963031279;
  -3.24044717019133, -0.4209392523871314, 35.92922305309079;
  -3.751742957386031, -1.289241819858364, 44.40797150191687;
  -5.111685313903436, -2.396778021673118, 61.11357751448765;
  -1.847147552501346, -0.4832718446423405, 24.83137896214268;
  6.835256795741801, 0.7397454942370078, -91.92078619645393;
  -5.658660861579312, -3.518889150041083, 79.86882242814336;
  -4.81949120954434, -2.826350860955959, 71.83151519807785;
  -4.435092211734764, 0.6517324926772553, 85.58079313549531;
  -5.640482658231722, -0.5639235127706551, 110.0605724718422;
  -1.319562024335442, -0.7797533041180137, 31.37285689908218;
  -0.7743314850912674, -0.5680984181272786, 20.59019870773102;
  1.113421001216151, 0.1059569988659178, -30.83639941071878;
  1.772831882517218, -0.150241735911556, -52.17977992848418;
  3.794817110311862, 3.445133276608595, -123.4354116230435;
  2.108864956141353, -0.6327103236074742, -73.46528207813179;
  0.7214263544980561, -0.04519527096181285, -34.30252549705833;
  -0.2371417504361769, -0.2872682449205568, 14.88397700175814;
