m=[-3.180630815688223, 0.5637813407560692, 5.202098960243029;
  -3.14236246037198, 0.5573825375006659, 5.215325511774719;
  -3.122175698435252, 0.5833676096749021, 5.191735298070656;
  -3.048872876436304, 0.6218325172492007, 5.178238756371568;
  -2.980527366793405, 0.5474742374996326, 5.160736655510598;
  -4.371377817275668, -0.9427457989552082, 7.190280095439002;
  -4.284933129587529, 0.2521918876070017, 7.48631965099249;
  -4.369554875911507, 0.07069585375717302, 8.047699993886187;
  -4.389532530303179, 0.03512366337830385, 8.127534242261648;
  -3.314052768677263, -0.5977763700841559, 6.425896954880583;
  -4.187053515068784, 0.2206571140645348, 7.861935674706841;
  -3.203035684144354, -0.4764819796004768, 6.35462195270538;
  -3.179362056877117, 0.1315894242552256, 6.316234981653226;
  -3.185914988805731, -0.7235713279943645, 6.679854247629335;
  -3.18098083771691, -0.5833728226052241, 6.715140452235699;
  -3.123376813306554, -0.5702111393045765, 6.661866525475989;
  -3.109414757545841, -0.6048650778258874, 6.664240809984874;
  -3.080904730703699, -0.6041172686223632, 6.673194494265976;
  -2.258089678458899, 0.6339927696204897, 5.207801240464984;
  -4.505862808677473, -0.2955152666548375, 9.487234528958599;
  -4.462453702124469, -0.4074205083632689, 9.421447492854643;
  -2.774789226592663, -0.9407283839339915, 6.360891626077507;
  -2.102837549774635, 0.404058657381579, 5.256117423279447;
  -4.556269982939945, -0.01683699941681676, 10.37237984650364;
  -4.392811672440192, 0.1091605446859865, 10.04421221861085;
  -4.425853160301491, -0.3961667984679647, 10.15609423655449;
  -1.705150258926024, 0.6946452669087089, 4.498502081971171;
  -4.462679587225263, 0.03924930463175698, 10.25427817760934;
  -4.535121692783275, -0.2985622861723277, 10.4252600384127;
  -4.471710514621305, -0.261556047063933, 10.43245053902681;
  -2.031448392567153, 0.3144466479290889, 5.523237073981041;
  -2.224290454456483, 0.7008968090466256, 5.95454859179812;
  -2.28881756774442, 0.7568650579178231, 6.133273242431599;
  -4.421987887985084, -0.4246566633258864, 10.98947576847003;
  -2.056594561118139, 0.4524510295981262, 5.667149735443229;
  -4.436319478843579, -0.03947437056776001, 11.26809432407177;
  -4.492801937840543, -0.2395011601168892, 11.67144742756909;
  -4.498607521839956, -0.6942272524231886, 11.76680884720197;
  -4.343478447569991, -0.2351027036312931, 11.49896984500067;
  -4.308958963003495, -0.1895456382800614, 11.56389538584903;
  -4.523907947221532, -0.4847197206107167, 12.12697621840937;
  -4.634291724828756, -0.3034302944914557, 12.44783001627649;
  -4.48114292636039, -0.02589229042360871, 12.07984182599861;
  -4.556674888015049, -0.1575656519142354, 12.28240376513179;
  -4.487506602877287, -0.953365712702878, 12.21822155715894;
  -4.524867118024704, -0.139656657685947, 12.33933394491479;
  -4.77474686418394, -2.304342691425968, 13.04398698794027;
  -4.54083493622367, -1.016906634898305, 12.51955500479055;
  -1.996276746130594, 0.6466721540053853, 6.046343916827465;
  -4.621327286138227, -2.296489516845919, 12.84950254382657;
  -4.221918167060896, -0.02735203023574496, 11.77107951156126;
  -4.315270579715109, 0.04106878882740243, 12.03541705464566;
  -4.651175646213972, -2.256528518466382, 12.99443553041813;
  -4.62673006379472, -2.453889684313424, 12.98032798148567;
  -4.615581622709902, -1.366511574996797, 12.94605348195203;
  -4.521633884642077, -2.192409147303087, 12.82779608862064;
  -4.642035755391642, -0.1919049257715242, 13.12846130573628;
  -1.962274849102424, 0.652128662196912, 6.099773439322178;
  -4.449648436984734, -2.34524727358986, 12.8962503185545;
  -4.631319903609773, -2.60510960102516, 13.43904948048274;
  -1.906746472213483, 0.662339271536024, 6.081949740491373;
  -4.543730083744678, -0.3081490019193017, 13.20622304974681;
  -4.533290058030659, -0.6460825805375468, 13.2135579421883;
  -2.211100979824086, 0.5126072181651521, 6.925420439005818;
  -4.550198057407015, -2.755452566879963, 13.38329500843232;
  -4.497905964268219, -0.526991056647355, 13.22524327708533;
  -2.212595655453498, 0.2928134653256063, 7.039304015140519;
  -4.549326112650694, -2.485097375226477, 13.5546004996846;
  -4.580689797601586, -0.3576204041150743, 13.58625254482971;
  -4.54500781132528, 0.0448320848724618, 13.49693914572641;
  -3.994828207320774, -1.701118091843514, 12.05312644821676;
  -2.173000071772538, 0.5301507188170965, 6.987204700590531;
  -4.681841805451021, -0.5606895360777116, 14.04555344130436;
  -2.157410634515136, 0.3688329750680573, 7.034513389089081;
  -4.559771477264312, -0.07730413412149984, 13.83284921502073;
  -3.981218648021389, -1.588059721282424, 12.24860283824612;
  -4.342580664187713, -2.79946707277663, 13.39094042125337;
  -4.516888581429208, -0.8668858339401273, 13.83789243079751;
  -3.822931055792501, -1.492557507045991, 11.88169690323279;
  -3.776392758433159, -1.415773380261308, 11.7531136084663;
  -4.377257177452286, -2.510670437907303, 13.52534453508148;
  -4.484811069941138, -1.225091433076579, 13.86432394925655;
  -2.098123907081648, 0.2877214656877046, 7.020136731748838;
  -4.634413160615274, -0.05187062060686365, 14.38868835937477;
  -4.69487761906356, 0.08118342374965466, 14.67719711083202;
  -1.807562228919337, 0.6699229146534463, 6.228580573704796;
  -2.084041012721341, 0.4639016475925561, 7.045057544501265;
  -2.075106640272952, 0.4094114567256165, 7.028668140005443;
  -4.556039742330731, -1.148319665593867, 14.35294793261667;
  -4.50367691656823, -0.5104151654752193, 14.20409587744267;
  -4.65840291436604, -0.03479657175888582, 14.66790278103396;
  -4.627277175755065, 0.02888339914325993, 14.61792659585073;
  -4.738306498692475, -0.4421049761023809, 14.97885966959932;
  -4.664524540641437, -0.2620727903348113, 14.76203967353868;
  -4.640350051707448, -0.09491093509616437, 14.71209526079556;
  -2.13918475224569, 0.3000871819675546, 7.293891051850353;
  -2.040485273818905, 0.5616119024655305, 6.983296439139053;
  -4.621087212356206, -0.8805874117237987, 14.7024682538107;
  -4.635459944678116, 0.06633749856978191, 14.87351249557901;
  -4.658309390578998, -0.1945049967379794, 14.99135329340866;
  -4.659910425065652, -0.04430608674116064, 15.04166485462302;
  -4.449295836452768, -1.069083027452412, 14.43906667618267;
  -4.264846722728109, -0.04959620198468868, 13.90026945183685;
  -4.653989751369457, -0.9370334602782728, 15.13294805120053;
  -4.56644850595822, 0.03953375445843346, 14.85486010732382;
  -4.12015568219841, -1.078758788824219, 13.67471383416494;
  -4.587369815960358, 0.0263245586187198, 15.19673208765621;
  -4.533221637135719, -0.3510443563500429, 15.08526140349788;
  -4.484038606102809, -1.021291519770308, 14.95450513316666;
  -2.174005774513199, 0.3834500712984862, 7.783101948733322;
  -4.379752698932668, -2.590675090207103, 14.85940440706333;
  -2.192092989761918, 0.2862641270601394, 7.877544151700421;
  -4.653693873121258, -0.3651144644315736, 15.81634180280773;
  -2.201412810135836, 0.3513383216618624, 7.970107741787884;
  -3.878028279489211, -0.9968331793752279, 13.37717291264259;
  -4.863240915725323, -3.329918103787017, 16.64296552609367;
  -4.917844865962225, -3.236142757005353, 16.83739210131297;
  -5.054834625542748, -3.643561856709009, 17.29909926792727;
  -1.915585073207782, 0.5597742810374105, 7.112810003460679;
  -2.154096279783606, 0.3087855789893297, 7.902108590531823;
  -3.970289503887928, -0.328114394875255, 13.83329487765227;
  -4.859089921339614, -3.255174403123443, 16.86304681003639;
  -3.481833589349272, -0.4296819059130537, 12.36065415095481;
  -3.347462220328712, -0.3287696422296673, 11.93333815053378;
  -2.089136963493897, 0.345554029395974, 7.790301713484057;
  -4.964675879923235, -3.31982221407657, 17.59809298035192;
  -3.455360383971335, -0.5616289048017517, 12.52355135439154;
  -3.406242280895537, -0.4899694420977202, 12.48209436211478;
  -3.281203882293178, -0.5197446348602548, 12.21018120853859;
  -4.970222330780614, -3.367405220443179, 18.41480919169936;
