m=[-6.605262427288049, 0.9170107037590446, 9.073123824462737;
  -6.557556822443294, 0.9299835552263398, 9.150793473096814;
  -6.583178697217774, 0.8408449095278364, 9.210635724940376;
  -6.865144525694863, -0.1279950467188399, 9.653370117023856;
  -6.834647853518717, -0.03655064920141644, 9.68707516986307;
  -6.745894439067035, 0.8580153771370764, 9.696891244402167;
  -6.657163963666331, 0.9338775542257203, 9.668853841840255;
  -6.876041191485774, -0.008003340229506445, 9.991121558603878;
  -6.93183201714482, -1.592522367113033, 10.09949004984966;
  -6.844406786368671, 0.119596306428496, 10.01609775430904;
  -6.807233695782063, -1.662829028260033, 10.028835681803;
  -6.759581325208387, -1.754254194195449, 9.972690426659888;
  -6.71873299433598, -1.553572809258696, 10.00889266324665;
  -6.75383793371965, -1.46552784107821, 10.08418127138747;
  -5.347750188863516, 0.8052732504913405, 8.16188367822507;
  -6.709007686256121, 0.07431152703482014, 10.06221613323023;
  -6.750695153733475, 0.1924143023144434, 10.16970813064606;
  -6.629414949377591, -1.457617964678822, 10.04329794222836;
  -5.141501113988575, 0.747457886154983, 8.013253594025059;
  -5.066142472098597, 0.6267268907258039, 8.036455920757389;
  -4.853584820689355, 0.8603200799617037, 7.938308471584155;
  -4.861621834087971, 0.8133783646605135, 7.959679178937077;
  -4.852053340874838, 0.9600627380725932, 7.945523897824516;
  -6.756988070025909, 0.1899759094338647, 10.71460917845563;
  -6.695005463929934, 0.0999413218791175, 10.66746361489799;
  -4.81856812864304, 0.8126270561737304, 7.959757343321943;
  -4.815410642212965, 0.9309406760508826, 7.969456628767124;
  -4.806788880396512, 0.8526133497242193, 7.977745722776808;
  -6.714262892992026, 0.26665149910333, 10.7787155230698;
  -4.776215253901357, 0.8924191157331893, 7.942168449165327;
  -6.658106559660761, 0.1700660603879136, 10.71904727995893;
  -6.634721331474044, -1.780980976567918, 10.76343541076607;
  -6.66230748385718, 0.08077280914275443, 10.81436657924375;
  -6.708014197248616, 0.0004188922383769065, 10.92109045920773;
  -6.646928879040238, 0.05082630111563034, 10.84002693121885;
  -6.701094039067356, 0.3825944693758744, 10.93862217344868;
  -4.678713811551031, 0.9542465379291329, 7.946378275129321;
  -6.696484008345879, 0.104287765484536, 10.97015919434237;
  -6.588292077885284, 0.2553479651686477, 10.81278180615578;
  -6.733927940672777, -1.452261172998494, 11.07633109281678;
  -6.657652353163767, 0.4403343621398509, 10.97575930466033;
  -6.71311804699332, 0.3541343110296727, 11.07950959979249;
  -6.675167261389728, -0.200755502808272, 11.03611154630987;
  -5.643164333654008, -1.569165850341656, 9.514463779708086;
  -6.68659506945601, 0.07006666914521922, 11.08590967343715;
  -6.692289693217978, -0.0801661326659464, 11.09835174110182;
  -6.72311866474469, 0.198528821463064, 11.14382784508736;
  -4.562149482260685, 0.8379924093255734, 7.89929068369912;
  -6.897809414601073, -0.1874915104638222, 11.70711712534637;
  -6.755691426555145, 0.2545915175490629, 11.49590709811927;
  -4.927792975907999, -1.720038170784449, 8.688327235967876;
  -6.65191597658742, 0.1413621141171595, 11.3457845079587;
  -4.480628762609577, 0.513643538320792, 7.977774679453634;
  -6.854388772377058, -0.2424863755567461, 11.79864125826106;
  -6.834031060179515, -0.09396194311338907, 11.76771074624593;
  -6.641971851748637, 0.2048861776815041, 11.48125397007296;
  -6.974061081801228, -0.3461887531395743, 12.10438608338168;
  -6.380217086542896, 0.3755108753710201, 11.14704549827642;
  -7.042950322415067, -0.2256844328901661, 12.36308957518187;
  -2.561258698614144, 1.059484151740033, 5.110854771984418;
  -6.925348165649388, -0.01046812094233996, 12.20761179692765;
  -4.237048551375077, 0.562791234859133, 7.933281170238019;
  -6.682728667269285, 0.1428666387444523, 11.9594848250738;
  -6.857875258424679, 0.0444006071144329, 12.26483118010943;
  -4.65508150110403, 0.4041590790176123, 8.713302508705898;
  -6.773446037355144, 0.1008167130770795, 12.26401497456654;
  -6.781262977181499, -0.02047024022161519, 12.28312133977008;
  -6.770352878240605, -0.2397602189284628, 12.2734783358623;
  -6.774633109024221, -0.1123105978077267, 12.28513154108942;
  -6.800881653181527, -0.1806700520952311, 12.4287773218205;
  -6.72187065361781, -0.01521639069367904, 12.31631143422445;
  -6.704023169676722, 0.1084656572688764, 12.34724560138763;
  -6.726578299112355, 0.05382397105723415, 12.45474206692205;
  -6.780536427082122, -0.001823289882963719, 12.64677780701048;
  -4.036586166715165, 0.5356962085631056, 7.93805987098055;
  -6.74814227138729, 0.061253909311456, 12.63183352244361;
  -4.955179443095582, -0.9181324825055919, 9.57236312769826;
  -6.7019991583944, 0.1646760771895682, 12.58871291693858;
  -4.861385502182585, -0.8243378081618886, 9.609835777961564;
  -4.909254554624859, -0.7302982417990722, 9.739653204198286;
  -4.874091763469925, -1.104851155920714, 9.745343347112522;
  -4.886446503143511, -0.7928079628503263, 9.842800765770621;
  -4.812021077277592, -0.9502117279358152, 9.720462831245222;
  -4.884445006220521, -0.8614269278012184, 9.905210807996621;
  -4.699291453928207, -0.9530290993392906, 9.57932492595662;
  -4.708485586147937, -0.05946451704394057, 9.585074658029214;
  -4.772707115385384, -0.7804175547996873, 9.717543928368537;
  -4.885930304889617, -0.5399373835073049, 9.923598669543983;
  -4.877256240012449, -0.5679696882642826, 10.00912365500383;
  -4.792499212877504, 0.1965746879018997, 9.845536464981413;
  -4.049673286057438, 0.36358157678279, 8.540691474439027;
  -4.778470317363943, -1.736978072656444, 9.959597956925123;
  -4.806495189896805, -1.725497715198697, 10.13532767851516;
  -5.078530528684605, -1.153414040177427, 10.64806934364114;
  -4.770418434355454, -0.7889789541874559, 10.08349476539505;
  -3.995751096061118, 0.3868158506754427, 8.615066873832443;
  -4.799141523249229, -0.8761427516518028, 10.23611372427063;
  -4.775536954395143, -0.9289708053809013, 10.23515058061591;
  -4.599926156299324, -1.833922031204228, 9.965318938170231;
  -3.568864272732963, 0.771513409356686, 7.944225014148017;
  -4.750040571582343, -0.9314087213901943, 10.28851826345934;
  -6.925978032337559, -0.4542375860024291, 14.58286253382132;
  -3.5593885209203, 0.9600117105248793, 7.967776902891215;
  -7.145255370936309, -0.6523593901324581, 15.08556789469104;
  -3.543413302231671, 0.9380678900423024, 7.98279276082558;
  -6.833058856909668, -0.3958766766325105, 14.61529551085954;
  -6.833819585531472, 0.07062347110723979, 14.63070197579974;
  -6.95694995347751, 0.1782222951870019, 14.89066623333448;
  -3.484027609831503, 0.776107598955471, 7.938661503971714;
  -3.499061568157749, 0.9110906522609852, 7.970737985020094;
  -3.474355714141698, 0.8222923786942462, 7.953608638714474;
  -3.479441988170008, 0.8746921784858471, 7.974114772205462;
  -3.462897453018928, 0.8851526969946553, 7.942064727457306;
  -3.459918281206202, 0.9091222938825835, 7.978016224548653;
  -3.465241329483526, 0.9729188210904071, 7.991838528977762;
  -6.749692275425778, 0.177460187394178, 14.68113240683697;
  -3.445957040427728, 0.8216131150191505, 7.976727142403076;
  -3.420934883610966, 0.7629744392952501, 7.975357362273528;
  -3.417884409461891, 0.9347919294669732, 7.986218901672149;
  -4.412297851512711, -0.7636113472553436, 10.1023148967404;
  -3.271103967718276, 0.9535941462853651, 7.946707511388002;
  -6.972037716937399, -0.02576409989171765, 15.87189165150443;
  -6.74817925513851, 0.1676909865613237, 15.42978611013088;
  -3.281243442108978, 0.5330441257984172, 8.013785333160168;
  -3.266513518401351, 0.8688540488247114, 7.980825741738017;
  -3.328874307527906, 0.3827244163627663, 8.125903357032819;
  -6.838763285799275, -0.6121511171488571, 15.6930476173627;
  -3.27827640572636, 0.5675643505778117, 8.0389881629382;
  -6.880492366466975, 0.06051398842995386, 15.80989209412148;
  -6.991058926741711, -0.4602448792619888, 16.07092646954286;
  -3.270278845605846, 0.4909750010876398, 8.047974687145448;
