m=[-13.22196108089253, 1.936326835764157, 17.34741089568637;
  -13.32239420314434, 1.233451618993857, 17.60550293064193;
  -13.01523458859805, -2.841777716932294, 17.30807828055348;
  -13.00709296354288, 0.3555519593763858, 17.35602848340753;
  -13.35058324474807, 0.05177584392621298, 17.93602037474853;
  -13.29997951939747, -0.4850793926902523, 18.09983980847362;
  -13.14953714423582, -0.03967847765581783, 17.92637517321699;
  -12.83913491846263, 1.782461223432524, 17.63609882219667;
  -12.97357415960795, 2.035352883335562, 17.84973202310229;
  -12.92494563839672, 1.832997749217338, 18.03621552819486;
  -13.4124542510247, -3.693277077489106, 18.71736395745265;
  -13.04259108117756, 1.665881608575531, 18.24810792525701;
  -13.48250764524629, -0.2513704102632489, 18.95832431757768;
  -13.70710717050503, -0.04561341374510378, 19.40185417669352;
  -12.96126943931211, 1.256747264061082, 18.45648974806373;
  -13.59251916820284, -0.6928838598297169, 19.56306132690375;
  -13.48465580146014, -3.097971203504592, 19.6467754492108;
  -13.30666067287342, -3.775319128410235, 19.44391566865807;
  -13.48692309141815, -3.59541899507195, 19.72466146513776;
  -13.63752139053957, 0.238296354681378, 19.95713458267371;
  -13.48727759864194, -3.946151283736087, 19.86373312965564;
  -13.42759638246552, -3.280010359914329, 19.78236149065367;
  -13.26641994672594, -3.067594637681766, 19.76297813654331;
  -13.28839626952234, -2.883473794808592, 19.84095533575988;
  -13.22152927652335, 0.1464466991574293, 19.8297410606261;
  -13.29843390335623, 0.3790437611412326, 20.03366887586766;
  -10.08947992568031, 1.337897028167528, 15.44614408145338;
  -13.18604807920512, -2.899233297377557, 19.97633434492413;
  -10.55073441669965, 1.972262179632601, 16.39562838967842;
  -10.23700894021932, 1.48822938930963, 15.95482464432302;
  -10.12054487070237, 1.252001429924025, 16.05428848386797;
  -13.30879603347242, -2.014978117710827, 21.05419880059419;
  -10.12316104809392, 1.605720568953112, 16.24283016146858;
  -13.266925284889, 0.3730058674468338, 21.03746787091954;
  -13.11192321104921, 0.1957314217516007, 20.89183713572361;
  -13.23350475384416, 0.5255578962638898, 21.24435479935673;
  -9.669036146062803, 1.713880823690206, 15.81424748634395;
  -13.05721567189069, 0.3335166250428583, 21.02112828586933;
  -9.7212294004717, 1.626419730305641, 15.91606050270289;
  -9.69927888139401, 1.730005680625245, 15.88309726811122;
  -9.691679523618072, 1.917666547806171, 15.87069759028651;
  -12.68298720581366, 0.6635436687388172, 20.50909735120726;
  -13.11423926841262, 0.2604331658626882, 21.24086273002809;
  -9.570343407783298, 1.613989837314748, 15.80918006853382;
  -9.63323407708871, 1.862347805951613, 15.94290640534841;
  -12.75422478431677, 0.3853636521605828, 20.79261947757148;
  -13.16868550986283, 0.0008223387708348238, 21.43949035484426;
  -13.12973535103892, 0.100397626432374, 21.41239772458479;
  -9.609141759056636, 1.7044398551759, 15.94812908894523;
  -13.20838308412273, 0.7541237726140821, 21.5608841238554;
  -9.552485162181798, 1.784848443445961, 15.88442778081021;
  -13.12389742950387, 0.2043851572952956, 21.4995277928605;
  -13.33019192667145, -2.874833282191137, 21.92622502222004;
  -12.99745008211547, 0.8596459514190687, 21.42750568942601;
  -13.26322514360906, 0.6996693735137144, 21.8899815665601;
  -13.14962402454812, -0.3954746419699885, 21.74038669657783;
  -13.17583309874197, -0.157831718678965, 21.85052305193553;
  -13.2045771156916, 0.1383664969027303, 21.8922706788646;
  -13.2867943735702, 0.3923494079971193, 22.02337285649627;
  -9.402678278858636, 1.917722168154556, 15.96961075470937;
  -11.08428037590213, -3.082149165451575, 18.68827096381275;
  -13.25682260428518, 0.604899765257238, 22.13429939816084;
  -13.59552763162371, -0.5549016281111029, 22.73702654751417;
  -10.55950747974521, -3.120839819823918, 17.92913802524718;
  -13.65172491335292, -0.299970250048782, 22.87041799157997;
  -13.52163980174529, -0.003815231624478157, 22.66286454025098;
  -12.88599520583277, 1.093950335206548, 21.72475894690753;
  -9.235781957463127, 1.11091587978917, 15.88396066214814;
  -10.56832807678159, -3.894142178339242, 18.08791118844376;
  -13.6463808538388, 0.7343104047457745, 23.04919936506351;
  -10.12774528376924, -2.834682175154078, 17.3945503866535;
  -9.055565006632914, 1.663359512269277, 15.67956959119204;
  -13.50211756636499, -0.3670052715024582, 22.9160973127254;
  -13.38832280217389, 0.6192856414339973, 22.73330942541184;
  -10.22966392159674, -3.561933687921244, 17.64784162519865;
  -10.58067385135132, -3.396022610957559, 18.21128550800982;
  -13.26138154363471, 0.499761614143573, 22.56639633051982;
  -12.73063211873237, -0.8942144554076712, 21.8573513545161;
  -10.23139787258952, -3.684579659181504, 17.82491370339544;
  -13.41480802001019, -0.4745730485365732, 23.09126497382119;
  -13.38778879703932, -0.1840703734420009, 23.05281095565465;
  -9.908296736128955, -3.660039596118928, 17.39359905677203;
  -9.930404291861732, -3.382143039581192, 17.41586416924437;
  -13.03083903299112, 0.4019647871211026, 22.52499343873656;
  -12.12245213448643, 0.8946258905088201, 21.04907784139516;
  -10.03263395157727, -3.643058084916174, 17.6877343278419;
  -13.62422751039461, -0.6762995446973096, 23.64661105478209;
  -13.11690559184563, 0.6430711908215127, 22.82374657300595;
  -8.895301593504515, 1.019726120370925, 15.83811459921824;
  -13.39202249797322, -0.1685785773778982, 23.36085547603028;
  -13.22057598540772, 0.7781036277998381, 23.09801688936147;
  -13.82182497094091, -0.442906819908434, 24.26262466517473;
  -13.23161588910496, 0.6600736007520088, 23.29647435257433;
  -13.47417711362389, -0.02036710823053585, 23.75151682655418;
  -11.54140006458073, 0.6848435184259364, 20.54873303515842;
  -13.72586504526392, 0.6362339335401441, 24.45214312774221;
  -9.734081358904668, -3.824575700355619, 17.65747545864387;
  -12.95784864466429, 0.2770192197521922, 23.1895086494346;
  -13.4545371660759, 0.0871100152898811, 24.0625005165718;
  -12.81150471552962, -2.92021065345614, 23.01954669224367;
  -11.78531121367303, 0.7337610192983674, 21.37269605372106;
  -10.66799169918452, 0.9525768545135479, 19.49099114025711;
  -13.32561410242414, 0.1983399005662646, 24.12738360889609;
  -9.994931540154376, -3.667599367312981, 18.374618770319;
  -13.29255247305972, -0.04012552576084452, 24.07723096586281;
  -9.743777250953917, -3.671036906401525, 17.95312903946251;
  -13.17056767219227, -0.4664126442575558, 23.87596036761788;
  -13.22039820861885, 0.3820528376144289, 23.97595775451849;
  -13.34977431649529, -0.3546458450857569, 24.39703861023056;
  -8.410763105595827, 1.117170052906219, 15.74797828344481;
  -13.11826844341368, -0.02969600400628191, 24.03626727626527;
  -13.24114222672513, 0.2142309413709366, 24.38709279165031;
  -9.659980230632879, -2.136137716036656, 18.09774387753723;
  -12.61451208822976, 0.6330054605095307, 23.35805623495101;
  -13.07210149771729, 0.1045988586445518, 24.20393329074587;
  -9.529174164926022, -3.004769565697369, 17.94399209182414;
  -10.10890172316365, -4.087402693628386, 19.02757826201498;
  -13.21295361028036, -0.003552970314482958, 24.64425791094254;
  -13.17330881114971, 0.1195761189966853, 24.65908944269686;
  -13.06185435392309, 0.320945270954174, 24.53475906788909;
  -5.18433389313374, 2.144539167431984, 10.34506105596436;
  -10.20319346152467, -4.270482670815349, 19.48554767167737;
  -13.03869105186247, 0.1482489611605828, 24.64840110072051;
  -10.51959958737004, -2.272854548399791, 20.12086319002259;
  -9.415517909579934, -2.368665082460488, 18.11491766177779;
  -9.916501566552206, -3.34881090888399, 19.0487723442735;
  -13.15038565273763, -0.01017941501552345, 24.96417967031514;
  -13.04003873920135, 0.4367548563146724, 24.7621799410645;
  -5.256959473083755, 2.118078198280289, 10.57798282489905;
  -12.85847941402906, 0.3030648278931289, 24.52462283378107;
  -9.961876743128943, -1.845810576512612, 19.24424790538568;
