m=[-6.762468423529188, -0.4106332638603394, 9.240329264915147;
  -6.742963327450203, -0.317307398778234, 9.304202246066769;
  -6.824510708476717, -1.631335939587135, 9.432864232989321;
  -6.664719621903775, -1.839468813019427, 9.24756631032121;
  -6.666082101437522, 0.5509295467557208, 9.265039592710973;
  -6.660900991738213, -1.690911427644375, 9.313093348351567;
  -5.198516813285684, 0.6381148975435235, 7.450750264003526;
  -6.597431356701741, -1.588629908504201, 9.327043095941273;
  -6.618205480421753, -1.499102294689901, 9.380242283759721;
  -5.060551869876713, 0.6891978219642465, 7.401137988790251;
  -6.565608795656186, 0.007860658905129136, 9.357737224573393;
  -6.473221782347345, -1.485234045304937, 9.312148294824681;
  -6.587890748005175, 0.1245374087362608, 9.436814825643497;
  -4.944689116198152, 0.5602569770403343, 7.36232919976167;
  -6.454632450642254, 0.09867098760508072, 9.386344302794413;
  -4.796263365414313, 0.8292003118226378, 7.322602122801137;
  -4.771970547119181, 0.7966916420548852, 7.319773235390705;
  -4.762524490342805, 0.7476910362780189, 7.315726610308158;
  -4.761516484522027, 0.8937613443842207, 7.315251556954851;
  -4.729467724021703, 0.7501724821326089, 7.326737058615051;
  -4.733179467832184, 0.8658494336104275, 7.351041419051892;
  -4.702603903646597, 0.7851764628665662, 7.323890491903169;
  -4.671992153375395, 0.8245733135183544, 7.288482407035803;
  -6.656341441728423, 0.1231933568029586, 10.06137946950106;
  -6.594615599362614, 0.03122988645774983, 10.01231443494173;
  -4.546345109737215, 0.8789237405902812, 7.247041923406029;
  -6.579749343406605, 0.1952324499680629, 10.07445640981161;
  -6.569520138175116, 0.09949533550814729, 10.08168810490711;
  -6.595143982741969, 0.2693477381055709, 10.15507827553964;
  -6.610875127348781, -0.07449651330451068, 10.26970959016014;
  -6.625485700331247, 0.1234016278207313, 10.29164970981165;
  -4.479079945427467, 0.7737202571163468, 7.268768779698656;
  -6.535482022594048, 0.307685968743099, 10.18325709176409;
  -6.590976974127817, 0.08192973706857816, 10.27427319542543;
  -6.560429107373639, 0.0334574561861567, 10.25552382395088;
  -6.505543582719042, -1.471151818779363, 10.21038930669093;
  -6.511472967935484, -0.2648625381442118, 10.27651998090949;
  -5.358855124873639, -1.564270112400074, 8.672318088650076;
  -6.570287326228479, 0.2779177819645085, 10.35837886959101;
  -6.487863299505912, -0.005503976380966497, 10.2740924430204;
  -6.522971634869398, -0.1451638186648924, 10.32916386004131;
  -6.774311594270839, -0.2564728985792636, 11.00278048894772;
  -6.680075064578391, 0.241199076153349, 10.85386465840095;
  -6.692265510401349, -0.308125862144257, 11.02712053246222;
  -6.67995820467324, -0.1655536930506094, 11.01140817888895;
  -6.573785781058731, 0.1316891463745284, 10.86830939820471;
  -6.804052679194024, -0.4153904437137873, 11.31721711840287;
  -6.758648707260423, -0.1655282287244696, 11.29460669863288;
  -6.808820602652443, -0.2977140151048971, 11.46824063280607;
  -6.787846627046777, -0.0942218462755027, 11.47252490307719;
  -6.520825943273821, 0.06463921871273602, 11.17616679586432;
  -6.552784464973328, 0.1698575009050573, 11.23914539767906;
  -6.694473224785835, -0.03173535493242453, 11.48438099907045;
  -6.602596066252964, 0.01861384792329424, 11.46985143477415;
  -6.605324693436512, -0.09795623449310864, 11.4770029482821;
  -6.502222034858755, 0.1114452377266841, 11.31091841593318;
  -6.642535692035329, -0.3149293889383683, 11.5457847636795;
  -5.125268250652669, -0.9063666370692066, 9.227074553160477;
  -6.645717930885231, -0.2501776465360732, 11.65483766015698;
  -6.518129792701982, 0.08380463685515228, 11.46971244939143;
  -6.51286455073095, 0.03042393015526156, 11.51319114079744;
  -6.438922548702839, 0.2358023174292783, 11.42583479781644;
  -6.601487981487432, -0.02617962529248866, 11.72817837234253;
  -6.498517938093087, 0.1980051425693593, 11.64989406343065;
  -5.193878693335217, -1.553510041781821, 9.581106295622691;
  -4.853994223670816, -0.4065651361254687, 9.046219445513881;
  -4.817003397813873, -0.773491718230073, 9.058620781488465;
  -4.78348047354045, 0.1405584190686613, 9.013120343037553;
  -4.817698625451523, -0.9371315140625344, 9.150144421302137;
  -3.871090197637838, 0.385695473702001, 7.84412634426316;
  -3.874066944816605, 0.2534174157378423, 7.861997893446044;
  -4.666678425200134, -0.8328625130816206, 9.369799086430129;
  -4.817464420597507, -0.9387792104246144, 9.656807598885788;
  -4.691377158776899, -0.9163067415346365, 9.50857704376876;
  -4.699746139174204, -1.065758457385445, 9.551247209360298;
  -4.732744283505546, -1.116995808667615, 9.640719806411127;
  -3.46920517395566, 0.8692760071155415, 7.335065124883606;
  -4.646433063502749, -0.9761406527460006, 9.56317767789098;
  -3.431722023156171, 0.8446512043659912, 7.335668474211546;
  -3.429498128988953, 0.7170883083595915, 7.33418855961333;
  -3.404771041958552, 0.7572415558682992, 7.314872031442212;
  -3.406628077995525, 0.8071418700313026, 7.324960677114789;
  -3.393743651633306, 0.8172192288501848, 7.304045152873046;
  -3.393189646980055, 0.9033950334499193, 7.34414859484116;
  -3.384626693943241, 0.7583248188894082, 7.350479068870558;
  -6.773021704912882, -0.5380259121535352, 13.76390786784265;
  -6.81460722103846, -0.7225289761169174, 13.86456773297534;
  -3.350542126170717, 0.6995494985704965, 7.329781041524211;
  -3.351147156616569, 0.8688512758652959, 7.348877028546656;
  -3.32331629536916, 0.8266180169881024, 7.318658666863673;
  -6.6546831693662, -0.4783688985744062, 13.74282094995215;
  -6.695323972564397, 0.08102328299003515, 13.84556448087647;
  -6.393564709591825, -0.6529256374430726, 13.39676880927403;
  -4.332668162949366, -0.8087542178897981, 9.420271402680033;
  -3.232120009088919, 0.693525977624328, 7.29060224307943;
  -3.254302660572299, 0.8993720791280503, 7.416068954201553;
  -3.214865399018403, 0.4734615263338864, 7.370715154547662;
  -3.26332475390975, 0.3296448763165895, 7.483783067254942;
  -3.192953818850256, 0.5024536187648774, 7.352045980687995;
  -3.200411739371672, 0.4533581941416361, 7.391608583452539;
  -5.068193593702709, -1.467431513604862, 11.24363291095492;
  -3.147702273231933, 0.499856610432576, 7.376281219043102;
  -7.083713042502647, -0.02895151396156085, 15.39098013704023;
  -3.202604893383481, 0.4729577035593084, 7.531775781202982;
  -6.811579029516447, -0.1322813342720023, 15.010909244815;
  -4.046044787869954, -1.68907972047173, 9.390262105764597;
  -6.647093595442629, -0.6905193996496116, 14.75628337064281;
  -3.112746290102928, 0.4419346327376468, 7.433464473291379;
  -6.701703869105895, -0.0390070197527452, 14.90673588103675;
  -6.803754941724628, -0.5484688518273753, 15.14300473711584;
  -6.660755660286602, -0.4948247138179371, 15.05267827002213;
  -6.783969774284881, 0.06608280397383809, 15.32837461820012;
  -6.540509625047609, 0.1776561022328602, 15.30725422787452;
  -3.342389962208828, 0.9959689937568954, 8.467200698599518;
  -6.769154665529373, -0.8417706189433446, 16.24710319511371;
  -6.573682166645866, -0.7390413981762982, 15.84781703736803;
  -2.960391824687048, 0.3543674468133584, 7.675710709211359;
  -3.04320215469329, 0.6015580626739855, 7.994428889880401;
  -6.706072657667154, -1.463055126356019, 16.52876229782164;
  -3.832054016907397, -1.513930664841325, 9.893955286062422;
  -6.686139163807654, -0.1758902742013885, 16.47986754944116;
  -3.871480852828799, -1.631181474254755, 10.02345943277541;
  -3.299278348202829, 0.9442928515777791, 8.65115665540557;
  -6.53188304942362, -0.5004849271938356, 16.26359060549468;
  -6.773812719486573, -0.4759298545120482, 17.09420134393529;
  -6.769645680116446, -1.164091612852734, 17.20052297743708;
  -3.214272890122083, 0.9323519990132149, 8.672557074977171;
  -6.452169934133173, -0.3979188271032436, 16.82086551701474;
  -6.628964293873321, -3.53913243083932, 17.32770970281384;
  -6.753857563807478, -0.8366065748121209, 17.61095229288635;
