m=[67.02917451704205, 15.70139174623487, -82.81575547828066;
  -3.279618643242394, -0.7416470077496868, 5.147330534213489;
  63.25844089414305, 3.226835494848243, -80.20529910532304;
  -2.362510274167198, -0.4614389374161153, 4.788383069262915;
  -3.397756868588063, -0.2699063015215225, 6.904807711254364;
  -3.407373055414536, -0.3612718510578913, 6.932425154668108;
  -2.079846435088519, -0.4760888462792529, 4.661088463839127;
  -3.338616905161576, -0.3468252263805683, 7.411596724372906;
  -3.391090309654633, -0.01973771585190748, 7.542870974618107;
  -1.614480282671475, 0.468306198749353, 4.35609323680101;
  -1.088915989965812, -0.2375673814790918, 2.683900768636045;
  -3.391491632141595, -0.2382870896947859, 8.55867193513056;
  -3.398281371060631, -0.5843601022996707, 8.634457336284006;
  -3.40880300558976, -0.4222515769355371, 8.888589452787592;
  -3.450485189983422, -0.2843148566181052, 9.020178328665111;
  -3.458003014962732, -0.1777134276248139, 9.066477279503205;
  -3.390606857723244, -0.779634790796416, 8.978098612549605;
  -3.429921546993289, -0.3767423428607684, 9.098877461062555;
  -3.398159361383052, -0.1651965574184969, 9.021037617749842;
  -3.465641209450364, -1.153192970093732, 9.335643079811383;
  -1.659435852183725, 0.3708801026868626, 5.090772352229449;
  -3.38378293915784, -0.1223904719421677, 9.37168819075648;
  -1.649188724241896, 0.2483967422521807, 5.132636540821722;
  -3.417368190577465, -0.5480600663621613, 9.711793787772193;
  -3.253584398037536, -0.5498827841436942, 9.387751132411234;
  -1.599855437272434, 0.3214753590024328, 5.160541971160591;
  -3.417318466860837, -0.03161068106553983, 9.894157034716001;
  -1.593320571449697, 0.280356405421378, 5.153794541036269;
  -1.57040696696263, 0.3495048272291516, 5.113527947251232;
  -3.441889217270905, -0.4820290559479975, 10.08381214526366;
  -3.418300997675599, -0.004249434903232477, 10.02126979804572;
  -1.585695728127455, 0.403821738592593, 5.179607799433327;
  -3.338496525354812, -1.135948051411138, 10.10703243227809;
  -3.510734507377531, -0.1112720310861047, 10.6494993729748;
  -3.354872520758616, -0.3721023013832245, 10.25511417523425;
  -3.556723935282403, -0.9705234848062379, 10.94695050355027;
  -3.484817622261912, -0.09803419244368282, 10.72539488550327;
  -3.465961017156851, -0.3965181959316734, 10.72925903417267;
  -3.479345961741281, -0.2682382917335852, 10.76226969332056;
  -3.489203790182577, -0.1430081066579654, 10.8090137740344;
  -3.496151889420008, -0.7393752367513502, 10.86732531124735;
  -3.496221399066442, -0.01499449323231965, 10.96850753775717;
  -3.483128719127561, -0.2198417455613593, 10.95786017991671;
  -2.96173616244126, -1.053044809892711, 9.66248444389235;
  -3.153552006475451, -1.018433986546847, 10.27761602583901;
  -3.513286044629506, -0.2465030534852186, 11.42339839147996;
  -3.292086811995019, -0.2145353273577304, 10.92347020196985;
  -2.653401533670821, -0.3846387113664352, 9.166008325963107;
  -2.626014164597232, -0.4873806984558254, 9.264244483913764;
  -2.557011238087785, -0.1881571743802958, 9.091868699069558;
  -3.537148589061896, -2.755247142814461, 12.37675477643483;
  -3.704697083203685, -2.560935873822008, 12.86800521959217;
  -2.369831249591992, -0.7784414532348232, 8.595263637233852;
  -2.489942950506577, -0.4534096699830875, 9.009875756928015;
  -2.467691720836252, -0.6510548365857054, 9.060686637070074;
  -3.608551379957, -2.704349180359245, 12.9227920957723;
  -2.521558185950561, -0.7127396490932282, 9.279065972369187;
  -3.668824105780943, -2.546863782522995, 13.09042293419309;
  -2.468711057540234, -0.4131547460027187, 9.112723306970365;
  -2.445698282940299, -0.5005786416282276, 9.093050042860419;
  -2.47904645497017, -0.3692354105515847, 9.327679123169851;
  -2.513359457612879, -0.6228677574474085, 9.524546810472844;
  -2.382942861750468, -0.4329161449192449, 9.10775640337917;
  -3.738718171475783, -2.710620717787851, 13.88045460350988;
  -2.277191606479609, -1.149130168069328, 8.960215097210163;
  -1.675265182771218, 0.4264034191301064, 6.836835135600055;
  -2.375929772486851, -1.045629527585394, 9.348214443715424;
  -3.727603085607435, -2.522719262054729, 14.15931359097474;
  -2.397429394024297, -0.6070618141906686, 9.521384072682091;
  -2.437775712090766, -0.572021766756876, 9.725009548204225;
  -1.63069134605307, 0.3678073560492911, 6.874063064260252;
  -3.489411338595045, -2.279852307104186, 13.7372002397948;
  -1.586546101846866, 0.3710515534782001, 6.856601625771914;
  -2.182580363048923, -0.547542662654725, 9.216599902424802;
  -3.572411121818085, -0.1786705325678599, 14.53357535233785;
  -3.529697668020202, -0.440523364280221, 14.3911770896067;
  -2.148454120516385, -0.8699245045072771, 9.246377375985142;
  -3.517088694706586, -0.02319089453412049, 14.4394299332631;
  -3.517641032631411, -0.4219824565336, 14.61402105997755;
  -3.702612093609177, -0.5478403164013903, 15.34816614203693;
  -3.668826131450399, -2.562811545786456, 15.3911830155813;
  -3.49239866846556, -0.08854813438184295, 14.63072881844814;
  -3.510841971786699, 0.0356948425663085, 14.69971391116566;
  -3.529083210232142, -0.4488534957347508, 15.05571241320151;
  -3.44718905797924, -0.126797889239186, 14.86228569907312;
  -3.613881582532172, -0.315817149002688, 15.62527072368305;
  -1.572363610075407, 0.4784874268107177, 7.368423278472815;
  -3.561982044878336, -0.5125340496309404, 15.51806209701256;
  -3.553643827745261, -0.2435633464477466, 15.53852319939031;
  -1.334777291530589, 0.3404220765169076, 6.60541335293289;
  -3.482288514786951, -0.2935920927411944, 15.68620096074377;
  -3.54283095598948, -0.04112844645183014, 15.95901608678734;
  -3.752661828928279, -2.805876063139355, 17.13548135720976;
  -3.494816781477179, -0.4765891605336934, 16.22811237623701;
  -3.745089617720951, -2.931157402189209, 17.56969356635532;
  -3.453734641236097, -0.4373273006112287, 16.31798132098091;
  -3.56470134118584, -0.1016387296395356, 16.91105262597472;
  -3.340383052605607, -0.2260864721450272, 16.17479044549201;
  -1.798026796395559, 0.2321567189623818, 9.644057525875519;
  -3.522167715988386, -0.5477438499631662, 18.04603695188013;
  -3.560941285187263, -0.7188134279100896, 18.52025066884587;
  -2.739693095348891, -0.9101293548685947, 14.66165488735018;
  -3.086579895746724, -0.3017910146811584, 16.36333595302338;
  -1.692196835570967, 0.29883860877429, 9.641654367988316;
  -1.688507073665914, 0.3094559031968961, 10.09157321048117;
  -1.466198320814907, 0.4241538979572535, 9.081382316269204;
  -1.844456886890215, 0.3811307775979983, 12.84781076901749;
  -1.835697181356149, 0.1299657744773486, 12.86258861171363;
  -0.07789225071483924, -1.646763190340055, 18.92354304456389;
  0.1561060894466657, -1.254787117654056, 9.118023356251722;
  0.1668212801442095, -1.289924775802549, 9.0858007904934;
  0.2943405897273204, -1.141652632666659, 15.6436586954689;
  0.2516981927095872, -1.315295829374854, 9.654222180963537;
  0.3594081528585039, -1.346958032268006, 9.387278098031118;
  0.3338981382470168, -1.298194431110427, 8.737071139728663;
  0.1889221746853222, -0.9536919462331598, 4.93980456114224;
  0.2793235929368608, -0.8975067319790808, 4.879727156971254;
  0.5640541934261218, 0.1668774308537142, 7.647761940466723;
  0.5817499109329118, 0.1802658498680832, 6.031545929839483;
  0.5924645840034414, 0.1496998983203164, 6.037063934523008;
  0.5152947823568469, -0.7487205859476074, 4.864198068646264;
  0.4488607330398123, 0.4531193412925488, 4.289102786621736;
  0.6564998910285573, 0.1372444402292699, 5.263153527005372;
  0.5128567261339945, 0.4074054010434997, 4.292403480009819;
  0.7214459515410087, 0.1387535281644864, 5.266511803607997;
  0.702701421164177, 0.2960919799871007, 5.083153240233609;
  0.7374098055684059, 0.1672111444757352, 5.25111824162941;
  0.7574637635649187, 0.1932187451871888, 5.27076292479298;
  0.7611277795465012, 0.2470765998588826, 5.237673974939572;
  0.7742995374738845, 0.1785897360137604, 5.277095395473635;
