m=[-3.187515305948206, 0.5510724670982214, 4.866477206841458;
  -3.169064212358745, 0.5290826810835309, 4.861059215225438;
  -3.16657444846123, 0.5322081235441172, 4.864650926170903;
  -3.172641485022587, 0.498087853298246, 4.873503072585075;
  -3.139909348951907, 0.4980420054482704, 4.864245096929269;
  -4.236711566166894, -1.064783729509015, 6.769921776290047;
  -4.455830312827519, -0.1104317035066738, 7.345100799595546;
  -4.521459597179239, -0.1976997147327416, 7.615590084979177;
  -4.527922710402312, -0.06285192653984581, 7.652899204780646;
  -4.348706890320671, 0.04310757843352179, 7.453330908591528;
  -4.458729856249128, -0.02113674516046646, 7.648959181957702;
  -3.357484192456105, -0.6138039089385491, 6.05753477355654;
  -4.350055430083192, 0.07455804476237103, 7.56712425547414;
  -4.405037971565098, 0.0124185556826865, 7.652312907135639;
  -4.394836250167735, -0.1654433428281132, 7.707384449862618;
  -2.323503307177054, 0.5929182658124724, 4.878753404365295;
  -2.307081898277025, 0.5780836935441596, 4.877946135715743;
  -3.122674151132587, -0.6099120321088664, 6.329098416885874;
  -3.073383556390812, -0.6456683201656923, 6.325564711765575;
  -2.255366633838612, 0.6004636426472159, 4.881468299155999;
  -2.930695600680226, -0.5861001172394953, 6.31213820408045;
  -4.518175302537007, -0.3589085484037019, 9.18168452786338;
  -4.512665807460995, -0.478462176859806, 9.181183700605198;
  -2.836077454544878, -0.5677701406795377, 6.223669524631027;
  -4.473384421198861, 0.05413454126599753, 9.250714783221246;
  -4.543798749030769, -0.08824088490799086, 10.01332442196546;
  -4.440728298572318, -0.4613157607468602, 9.858240177435334;
  -4.474667334341314, -0.02604463588763465, 9.953093334371371;
  -4.539078406318494, -0.3659072296388269, 10.10255166415474;
  -4.462005563195167, -0.3314805013830952, 10.08371085915734;
  -2.216753378823706, 0.6605505811940633, 5.615651067057094;
  -2.094101744941203, 0.4243246656263855, 5.367521980542465;
  -2.058034789164818, 0.246352704938476, 5.336077319019036;
  -2.058732117797661, 0.4069551877903062, 5.408246538490324;
  -2.556610504231912, -1.077183602326502, 6.619193700997306;
  -4.47323258656962, -0.1176759990993437, 11.02553786848343;
  -2.136779623951776, 0.6198075962885888, 5.765329789614155;
  -4.525077963094629, -0.3179331619895358, 11.41935819625187;
  -2.015375849028037, 0.6154498964555699, 5.774528651851241;
  -4.535333929636009, -0.5617960030479161, 11.82606365510928;
  -4.742434743921849, -0.3907695816672493, 12.39756287794351;
  -4.631835656172674, -0.2380389453368207, 12.14412843406239;
  -4.492923768247159, -1.033101102282834, 11.89695955404203;
  -4.519542861788988, -0.2197109795254013, 11.99795590358583;
  -4.709447123330175, -0.5172853426859408, 12.49319603887099;
  -4.674375458237685, -2.365457785572004, 12.46952238057959;
  -1.94798022490297, 0.6089561768425826, 5.740947636285026;
  -4.608536260113561, -2.2221752856636, 12.39200921318327;
  -4.536142384290762, -1.509402500940929, 12.21932788179748;
  -4.695750266102133, -2.417479193657929, 12.698728447088;
  -2.722435980444553, 0.09877675687801826, 7.771657849019769;
  -4.633139022324215, -2.537470013998997, 12.65104530820331;
  -1.92046156052826, 0.6276620644901779, 5.797725140016993;
  -4.774246523966094, -2.210002957979983, 13.13931419767542;
  -2.232078262296301, 0.4746632359876277, 6.663294081366226;
  -4.450513279875795, -2.530805341727918, 12.41294656604492;
  -4.37940223206561, -2.390098714168953, 12.35625582430302;
  -4.632781202291166, -2.691375902677478, 13.09396036899373;
  -2.217985397816229, 0.2503312644219117, 6.739788846071165;
  -4.54968435429011, -0.7296551527618027, 12.92971485195822;
  -4.295106668518198, -0.7259086976515818, 12.39291426266041;
  -2.163748360131894, 0.3258984467998503, 6.734058834571012;
  -4.484204298651584, -2.8296355698538, 13.08831012882124;
  -4.59234386938964, -0.04247983288836236, 13.29620632135447;
  -2.135560626290794, 0.2593299747368759, 6.752553887186401;
  -4.602558408000115, -0.644578237213843, 13.48426153316949;
  -4.576367704413539, -0.005689076727410628, 13.41631866011102;
  -4.100019184071205, -1.548675969568812, 12.20122213099411;
  -3.925236381444426, -1.652800206091041, 11.75190496863431;
  -4.623050578507664, -0.1662466912807523, 13.68821237612959;
  -3.816083756372512, -1.575177867385437, 11.53592547692935;
  -3.848914737903365, -1.521012345077478, 11.63297962562701;
  -4.415666856989346, -2.055089954155671, 13.20478814289513;
  -4.318746312169799, -2.869889730203341, 12.97895371469167;
  -2.098911514740756, 0.4217558143040671, 6.770312312741456;
  -4.326308786995397, -1.40258025171967, 13.05645648388787;
  -2.057174033386791, 0.4578381720438819, 6.698529192358849;
  -4.426369809946771, -1.506104955403462, 13.40048218909977;
  -2.083833134539344, 0.5306800695744151, 6.806752496661848;
  -4.632443537662549, -0.1468243754246329, 14.05210346894891;
  -4.539357126064649, -0.6063046405564774, 13.99012702841897;
  -4.616588051189757, -0.1298729318149459, 14.2087004945089;
  -4.658157855985461, -0.3591181560138947, 14.4085559962787;
  -4.689650990396256, -0.5359204069046237, 14.50720652246785;
  -4.673808645067676, -0.5347002354897592, 14.46828264393527;
  -4.659650305857666, -0.9854348887123313, 14.48390610935642;
  -4.216204472758605, -1.398380207668108, 13.34352488558566;
  -4.106191046424031, -1.064314377612809, 13.05084048142289;
  -4.668649589939752, -0.2946672827881476, 14.68748747488126;
  -4.541211857071211, -0.05622172558783442, 14.44189939334428;
  -2.185602843377803, 0.237659732328192, 7.527243183392327;
  -3.869070088009786, -1.375647239263719, 12.62260629822904;
  -4.351933652959332, -1.081180547658639, 14.15651957447643;
  -4.597252080670655, -0.4556062909379965, 14.95215604215409;
  -4.307289901509034, -2.643324205197322, 14.26888400836478;
  -2.156662508347897, 0.2604052151020765, 7.596485429324854;
  -4.034656976903491, -1.648057401969228, 13.47794463792588;
  -4.614063734881445, -0.3006845597769494, 15.30992060547261;
  -2.135694265858538, 0.304538061298924, 7.630685098503459;
  -2.113367098303816, 0.3594069491343142, 7.571337710822207;
  -4.171353843796984, -0.3246253210681292, 14.11630445688234;
  -3.53324432546132, -0.5121812613140711, 12.20536978436001;
  -3.31269329916067, -0.399574299344639, 11.50898377285783;
  -3.501814446098799, -0.6499267192125375, 12.35395665542273;
  -4.951792131749169, -3.42301187522186, 17.19970231481958;
  -3.250459249765192, -0.2391844113800167, 11.55753571605018;
  -3.344598789064619, -0.4595810148000906, 11.8896994639985;
  -2.058633396262457, 0.1736862996351204, 7.678141441020508;
  -3.39093344246725, -0.5726791834790367, 12.09336336872963;
  -2.034510287446888, 0.3447351945126696, 7.70876811160467;
  -3.29808348479086, -0.6005691592698781, 11.93413785962296;
  -4.935921426496096, -3.426471030517356, 17.61144638713227;
  -3.338689545765626, -0.8808515092364244, 12.25875156820348;
  -3.307744147637451, -0.9349617297006999, 12.1721467054212;
  -3.235081970219892, -0.6621474731796155, 12.02796046150024;
  -3.133053838659107, -0.7318415312322628, 11.71665600911142;
  -3.113026641476957, -0.8342928862958824, 11.68659376672299;
  -3.273286731889235, -0.4875315538678436, 12.31609365446904;
  -1.994109997581288, 0.2810843212620042, 7.920040217340867;
  -5.096653810089805, -3.695142232014933, 18.9219589699195;
  -3.17675199461696, -0.5771297536961708, 12.14174447291046;
  -3.148003023666288, -0.8155672533152961, 12.14950661954271;
  -5.125550639206323, -3.468804223305777, 19.46942235002387;
  -3.001193686745514, -1.216166348988897, 11.92071553038434;
  -5.149219990044128, -3.403368744949772, 19.87293257959379;
  -2.192495215462056, 0.5580534150139337, 8.947674957889378;
  -3.14630637424192, -0.7382778169566379, 12.55154827383039;
  -4.660298104125417, -3.044866412556995, 18.34677600929769;
  -3.233433992604413, -0.8061966331947773, 13.11453869952064;
  -2.139061846821303, 0.4824718572337676, 9.017062651980311;
