m=[-11.64913579981833, -3.148331701174673, 15.40759594079928;
  -11.71433130794208, -3.320659321969903, 15.56683560336424;
  -11.80421582413467, -3.549787762637781, 15.68748037496037;
  -9.597448107892772, 1.48067030775736, 12.97992081953748;
  -12.03045548557241, -3.702060455294926, 16.08084103498864;
  -11.39628336241897, -2.967723614808416, 15.31433351330236;
  -11.92755484717482, -3.09083566387211, 16.00351149144623;
  -11.64525692861416, 0.9360072562820694, 15.63396941019644;
  -11.9263942410349, -3.602759606612319, 16.03075487008458;
  -11.79432886486487, -3.299006005421765, 15.87199653811963;
  -11.97196660562316, -3.498994532089577, 16.11080044909003;
  -12.00128549184489, -3.576559014235158, 16.18941162273331;
  -11.86478116514774, -3.635068167231067, 16.03312497815096;
  -11.90851500733081, -3.400058046619149, 16.10300799063539;
  -11.46741203989317, -0.7539307964620189, 15.53072465461848;
  -11.90362894752207, -3.357431887309305, 16.16849461563877;
  -9.419601148881288, 1.366017568272405, 12.98756721914411;
  -12.03791152749126, -3.511765155744581, 16.36153761589721;
  -11.9728348882538, -3.271377612784993, 16.30558430733141;
  -12.00887587994047, -1.666977978694148, 16.3569990115776;
  -12.11437741346739, -3.739852772528863, 16.58966501995862;
  -11.88910992672981, -1.798092467300602, 16.29990196684257;
  -11.77931688987396, -1.434666912347454, 16.18762399315729;
  -11.95386177073528, -1.541745994410913, 16.41550240671291;
  -11.97190113206629, -3.60512844113592, 16.46386571615736;
  -11.8168483316165, -1.698145157969423, 16.32905567633641;
  -11.97114564917291, -3.489037694621656, 16.54206569082246;
  -11.8939182453447, -1.795041657742417, 16.45403674490009;
  -12.02693321214639, -3.339629077184715, 16.63713351984087;
  -12.04563403941024, -3.697613641205163, 16.66742998258998;
  -11.78251920924478, -1.611328266090767, 16.33447951637544;
  -12.48476912415361, -1.370163234676203, 17.25123529337594;
  -11.92945173595141, -1.41338695740317, 16.54329246556674;
  -11.97101760055338, 0.4716805631909128, 16.60887923258213;
  -11.91143654521435, -3.712065774638202, 16.56826673816734;
  -11.97354489539555, -3.616246754037686, 16.66823944856437;
  -12.05058859408986, 0.735832826562678, 16.74906063341444;
  -12.03135876493888, -3.470224377662495, 16.76366974523946;
  -11.9383594096477, -3.35657991554719, 16.64324906520854;
  -12.11556056455369, -1.788174941759938, 16.89882607480798;
  -11.9498323583728, -1.705978230199062, 16.75772356557453;
  -12.14561990961576, -3.749651602996079, 17.03678346292204;
  -11.89624329335876, -3.47045985937107, 16.70606848564746;
  -11.83657537346531, -1.529361939257395, 16.61576581044969;
  -12.06362362902739, -3.611786732885874, 16.93761215079377;
  -11.83306279364419, -1.804569402831266, 16.6270572944084;
  -11.92731029204781, -1.519239456831675, 16.78557708394248;
  -11.95380227785281, -1.188640200097406, 16.87696327122942;
  -12.18763600973169, -0.9860491123264935, 17.18913587408551;
  -11.91232334380079, -3.602747906888112, 16.84961180000031;
  -12.05649893382705, -3.489447725156606, 17.06855573602045;
  -11.75429817305688, -1.427776258638283, 16.65496761527783;
  -12.17471222876919, -1.818475286643874, 17.23149058330646;
  -11.8503515752547, -1.367315342442925, 16.838002683088;
  -11.87760692576715, -1.26130454525846, 16.87765741345411;
  -8.908283190025827, 1.413274401597418, 12.90208063607233;
  -12.0114284989326, -1.848630219818429, 17.08143015575953;
  -11.70959419733512, -2.180154696300809, 16.6995187860781;
  -12.0175964503737, -3.717295782582688, 17.12901462222107;
  -11.93520189049139, -3.576874069168285, 17.0186443438773;
  -8.776823984527598, 1.568656348127323, 12.77089219362172;
  -11.86770365568614, -1.313859953669188, 16.9432097362437;
  -8.815442571158085, 1.638207782484829, 12.83701944939728;
  -11.95353879248515, -3.249356073127172, 17.08330774677367;
  -12.01803107473814, -1.674066610864715, 17.16270608181385;
  -11.94537368352771, -1.200145711049128, 17.06414148739868;
  -12.07868825453069, -1.548828907735481, 17.2591572831241;
  -11.91756357238222, -1.444321339186238, 17.04276223077211;
  -12.07143230812945, -3.11636769905056, 17.25821059253495;
  -11.9559594510785, -2.827036174419798, 17.13486617148677;
  -11.91131180782803, -3.727862775591597, 17.09981454326987;
  -11.9157328702466, -2.34832573794532, 17.09889772106151;
  -8.736496677041888, 1.456914155284641, 12.79336959979576;
  -11.88533471550131, -2.661889854406634, 17.06831632866942;
  -11.93654255063341, -1.563007792651907, 17.12995233404444;
  -12.04506937303876, -2.197159658375496, 17.2867006844229;
  -11.94282561117637, -3.619376530765353, 17.15924727576226;
  -11.86308086685644, -1.951496119799902, 17.05310428054249;
  -11.96646814002861, -3.435282426664276, 17.20450144998942;
  -11.911353354995, -1.830929401668872, 17.1334719727883;
  -8.769499950866445, 1.45374287088632, 12.88200974244261;
  -11.85967288835343, -1.311150266464156, 17.10125615688065;
  -11.99683285239959, -1.408119688353575, 17.28881846252277;
  -8.736210753734428, 1.653911524058263, 12.86192565158798;
  -11.90522039660521, -2.603574374032661, 17.19649283349205;
  -11.91057847047491, -1.182242807659512, 17.19702187182439;
  -12.18497195673036, -3.113332316786965, 17.58282142318061;
  -12.09662092804181, -2.470863575976727, 17.4594718128621;
  -11.89418976556222, -3.233319452261013, 17.19928444114295;
  -11.90899735800183, -0.9264600849354131, 17.20438075121636;
  -12.00772971477418, -3.724179818149825, 17.37648804642933;
  -12.11689366555929, -3.642469126933713, 17.53905564858509;
  -11.98944569176015, -3.514460776409993, 17.3665700161311;
  -8.686302536080239, 1.58469274484205, 12.84439080950618;
  -12.23648149095244, -1.832583387576765, 17.70564987534493;
  -11.91655376371445, -1.708414296751949, 17.27961694729716;
  -11.97856023781275, -3.133021614808817, 17.38576013962995;
  -11.88674354681576, -1.574334100374843, 17.25521621430022;
  -11.93231129807587, -2.383758871374189, 17.32825149593108;
  -11.62579113062562, -0.7438054524347774, 16.89680911300611;
  -11.95996466798245, -2.999328883933161, 17.37722112495539;
  -11.93010981250107, -1.451469354274144, 17.32862720945454;
  -12.03119784715909, -1.287242993472744, 17.47057190564516;
  -11.934523949672, -1.022763802963353, 17.34433927216783;
  -12.02573635678294, -2.816030635148321, 17.48858422347744;
  -12.44145265974421, -4.081080232504349, 18.06329039747009;
  -11.93741341306388, -1.850826739772957, 17.37376355275113;
  -11.90695550821023, -1.117842406369082, 17.32746374480628;
  -11.93443726294098, -2.577344844771566, 17.37578606151005;
  -11.93946362626336, -2.233350062062179, 17.40301702438577;
  -12.38658208047183, -3.795926108648725, 18.02976565284053;
  -11.88944539050457, -2.090399211849099, 17.34542500770154;
  -11.98754371703167, -3.383020803882066, 17.49623606402999;
  -12.0292828808607, -3.293208060392015, 17.55679846432304;
  -11.88004134324816, -1.331290709835778, 17.37135800745903;
  -12.12695496097008, -1.562878714022184, 17.71242026993119;
  -12.0047944702249, -2.885585795713989, 17.56660678641467;
  -11.92979538366645, -2.745045642944388, 17.47347363034329;
  -11.92761715103764, -2.615256664286923, 17.48031125301796;
  -11.89229746093318, -1.062872029385683, 17.43126985604404;
  -12.13897660993471, -2.075328394902982, 17.79019851847608;
  -11.92384828214684, -1.845123815840929, 17.53727915326955;
  -11.93133931203516, -1.327767050920885, 17.58239153987178;
  -11.89538168844531, -1.198821614002165, 17.54312666544243;
  -11.83055016927798, 0.4590224480873575, 17.82360075982273;
  -8.224418272241474, 1.533495040155246, 12.81445836406588;
  -11.59463971077213, -0.7271964754738922, 17.78207770475927;
  -11.4400607517748, 0.9160923001479796, 17.6578507127592;
  -5.047554141311611, 1.501904592415461, 8.426404658336423;
  -12.0039591511659, -0.516709656721065, 18.68566993787272;
  -11.50869615533716, -0.154010893896041, 18.00423632552819;
