m=[-4.574588886977317, -0.7155080350480891, 6.655472647871053;
  -4.575777679615459, -0.8776202675403909, 6.776475950549387;
  -6.238930997016992, 0.2707548308318156, 9.137700212523665;
  -4.167499389162884, -0.6925714598717514, 6.533004217078868;
  -10.5416925266628, -3.547477324687115, 15.48130943234168;
  -2.906411721191793, 0.4684127833272861, 5.003005171113654;
  -6.341678150281208, -0.3344297502832858, 9.75506772397612;
  -6.261481352269187, -0.5513491467952766, 9.691754687197216;
  -6.419219344569536, -0.4140438538239683, 10.01760937648547;
  -6.294888298303895, -0.002209128079951799, 9.992714171863597;
  -6.627668669530952, -0.4924888579247631, 10.67781790815549;
  -2.930128085238808, 0.6442226993176994, 5.289066248508825;
  -6.693449068594035, -0.005843429848463371, 10.89565106200449;
  -6.416906021380092, -0.4150105566635502, 10.71630276372638;
  -6.447817376040124, -0.5876626718444742, 10.78813611110807;
  -6.327146450790273, 0.1726424372966833, 10.78846585135731;
  -3.110321715284856, 0.9473543302507781, 5.842524025549478;
  -6.238228116872019, 0.1616192904146076, 10.77229040405011;
  -6.414967116184474, -0.2268202338128507, 11.72362004687493;
  -6.435774735653593, -0.09574644294105568, 11.76148441281576;
  -6.221683735744525, 0.1600081130726958, 11.45717526605145;
  -6.2780673623038, -0.06599247191162531, 11.57773028197984;
  -6.308764725223152, -0.5518049750676188, 11.68099025188121;
  -2.829467508474564, 0.9543907136830563, 5.840115020086777;
  -6.440095311183237, -0.4227706524418279, 12.02548552544103;
  -3.05686468237607, 1.260892539066297, 6.272243106452743;
  -3.546855104585653, 0.4915483756805539, 7.141683895720242;
  -6.033333447158888, -0.5344003246372733, 11.54186908412688;
  -2.801181320070606, 0.9293330902688515, 5.922474559996685;
  -2.735151682319528, 0.9407231521233247, 5.85143196416526;
  -2.721739189044582, 0.9425828725285274, 5.912764459875316;
  -6.477340361230108, -1.558412142591714, 13.10269058749903;
  -2.637151728967512, 0.9397469806659726, 5.960455918725606;
  -6.429777933403331, -0.7023198070736472, 13.12261911407483;
  -3.18654556077694, 0.7715943693293934, 7.178014515875292;
  -6.469275804796187, -1.394634723936666, 13.55690919038483;
  -6.394834998550913, -0.07370869407315075, 13.45872816413367;
  -3.133144118128442, 0.790154366242925, 7.188692970233902;
  -3.145031395251639, 0.6844450328831414, 7.219423404698583;
  -2.580445009521554, 0.953987136157862, 6.135196998011046;
  -3.095969012466728, 0.7484989806651743, 7.198155425908347;
  -6.309046659018256, -0.3480677239720389, 13.64121167222516;
  -3.072225760067717, 0.8171974331945788, 7.222557241921261;
  -2.511448017809682, 0.9815307281564154, 6.090551452838604;
  -2.55189340311285, 0.9533918983037589, 6.211756154557289;
  -6.453121272239603, -0.007206868508884096, 14.20952572046885;
  -6.393791766494946, -0.3456840405980438, 14.11241651621196;
  -6.111387119316242, -0.2783760940020852, 13.63448552552;
  -3.065255516401081, 0.4226118553092955, 7.370658606428228;
  -6.391349711229275, -0.4416647594519921, 14.38208996871969;
  -3.001503798822249, 0.4742028905788624, 7.285575965816879;
  -6.138628253480429, -0.05786047584961207, 13.90944557899265;
  -2.982338679612333, 0.5584995280329432, 7.279059651040519;
  -6.65157960122426, -3.271037128463077, 15.05482416887192;
  -2.963285656545902, 0.6578046468665, 7.27910008995843;
  -2.943033536314693, 0.5767733195684672, 7.238748900688607;
  -3.005455269692793, 0.4531763096841097, 7.372039189093719;
  -5.927133406090598, -0.547412282716786, 13.59228158740118;
  -2.918368941181815, 0.7013035457510192, 7.216206094870845;
  -6.231249538311936, -0.2186115916692027, 14.33586392039767;
  -2.909796576385102, 0.6807950428770654, 7.280119164262317;
  -2.94454364076208, 0.8346424162856088, 7.355568601304009;
  -6.627966477020938, -3.225116664041808, 15.31788491699082;
  -6.557144861480979, -3.075716209534613, 15.3417512461692;
  -6.7131217144772, -3.35214132416159, 15.78621930551584;
  -6.486557810758932, -1.537391750593715, 15.3051360944802;
  -6.747490121284377, -3.727995623286665, 15.89431255161801;
  -6.584528328262804, 0.04148848594084172, 15.66142822379402;
  -6.556575571032507, -0.7740114399463773, 15.65580154088323;
  -6.728578291845588, -0.0414392539842189, 16.04618078979267;
  -6.411084866742478, -0.4857992630982557, 15.33603011007613;
  -6.605293068554595, -2.947340579835351, 15.85892723703514;
  -6.556956433082719, -0.4041371648564477, 15.77440834088214;
  -6.391804118617091, -3.537653469154205, 15.46602718755258;
  -6.570515439592755, -1.414505955181764, 15.91137890853059;
  -6.535845669783638, -1.478276647817982, 15.84675600635055;
  -6.209343158579491, -2.00877794392129, 15.12197808655446;
  -2.503057013692764, 0.9856336945988505, 6.694368917439006;
  -6.284221659591857, -0.3586231605621784, 15.29806605876752;
  -3.019568012851478, 0.6152114307933376, 7.898498776142986;
  -6.453509827467171, -0.2280797086819345, 15.77885232058858;
  -3.081263480381995, 0.9593774925859788, 8.093161526577923;
  -6.58892458953348, -1.002020229526978, 16.18216940060501;
  -6.539665858957187, -0.3384609089516019, 16.13982833167498;
  -6.322376654448869, -0.6380084754799422, 15.65520738681195;
  -6.639484385623424, -3.76074692970837, 16.37523675502339;
  -6.454017948578009, -0.2065065155893518, 16.05303598728646;
  -6.646693237297014, -0.4552966021361961, 16.50914302500989;
  -6.589234423232388, -0.9547345119180198, 16.39547032885214;
  -6.420731356133715, -0.8478567338744617, 16.06052087432449;
  -6.500952341536921, -0.3589419224087303, 16.29057978304818;
  -6.426148580977948, -3.72375161864612, 16.20617693850974;
  -6.726188890704577, -1.007886547863067, 16.93448138420228;
  -6.083112013300134, -3.353879650714878, 15.48153010657232;
  -5.504538837283555, -1.990772558346671, 14.15172930471442;
  -6.495326112311754, 0.03040050726839048, 16.54915205443341;
  -5.662992695396661, -2.299317506329634, 14.54650665994846;
  -5.47542087156746, -1.857846444717415, 14.11332845431711;
  -6.432605453295145, -0.2134296870542516, 16.5093563298187;
  -6.471034870356891, -0.4233379558399677, 16.60262412643112;
  -6.515338702841416, -0.03693436991921437, 16.7621638506143;
  -5.333070578288886, -1.900983615236899, 13.93655959007491;
  -3.126131847790848, 0.4973989472556089, 8.591215671308103;
  -2.514695467094894, 0.9825582101715662, 7.121506150897416;
  -2.530307455035792, 0.9565868667601656, 7.169199028291216;
  -5.524263831111069, -2.042600473158615, 14.46471272338065;
  -5.636275724097257, -2.976286712936899, 14.7802926393193;
  -5.631656463501868, -2.881168318823706, 14.80596159015353;
  -6.453460586845464, -0.1188428347388144, 16.85699672588826;
  -6.290791877007129, -0.2214792894526922, 16.52986847597255;
  -6.562409462785428, -1.288656924295631, 17.29455841089404;
  -3.027987557710607, 0.5675732232568198, 8.547283875677808;
  -3.048512945787187, 0.5004657160109679, 8.602732496381561;
  -5.435086882645543, -2.717881827298966, 14.5719233349414;
  -6.369811710950909, -2.096466702629401, 16.97579215746655;
  -6.676753104172298, -1.480645045535918, 17.80308828071141;
  -5.364128479544948, -2.603103527625017, 14.48952554089843;
  -6.635108792192474, -0.7585211634294263, 17.71068340424278;
  -6.532883991122453, -0.6024673218650932, 17.66476406807399;
  -6.318036362886534, -2.064915191525691, 17.21225979519006;
  -6.294708928662225, -0.9547390833228718, 17.16832647661023;
  -6.369558293325704, -0.7212928731999004, 17.40453646626021;
  -2.523721360046947, 0.9794311818946494, 7.499051115549686;
  -5.522156027300342, -2.156474583759881, 15.22823595470953;
  -5.374698066370816, -1.976758693843904, 14.9109613990385;
  -6.637673535937601, -0.6482897362976875, 18.28444102407694;
  -6.589661494382805, -0.5360737906960358, 18.18032538041187;
  -6.655141728882008, -0.1677456887751835, 18.36934704088445;
  -2.943753591984279, 0.350183716754588, 8.718993638114108;
  -2.914824693919433, 0.5101718342157127, 8.698667315519941;
