m=[-4.091706599283559, -0.6524321212469076, 5.947039295812027;
  -3.069140341137188, 0.9216115452949409, 5.271932786500607;
  -3.959119835438668, 0.5249773413536264, 6.522892657022605;
  -6.34740971343023, 0.03944192821907033, 9.897921117707604;
  -6.335743069531128, -0.2028995749691311, 9.958931223210191;
  -6.206203498304544, -0.3555899186700344, 9.914373539100296;
  -6.266656990868226, -0.5245038455562857, 10.03163508930564;
  -2.958592609726092, 0.9058289931986946, 5.322641923997585;
  -2.92873639360745, 0.9252950690639181, 5.295745655104956;
  -3.421244763931639, 0.556076676593562, 6.093330463515823;
  -2.794732994703901, 0.9720601495469325, 5.294120895501528;
  -3.760088603248546, 0.5435330354059463, 6.778059512283958;
  -3.526724860330991, 0.5482227061074687, 6.544849438700218;
  -2.729211575981899, 0.93621387662213, 5.308861196187424;
  -6.074162975270536, -1.252344264709046, 10.62455777464549;
  -6.156394333530244, 0.04958665422859751, 10.81971705143113;
  -6.021397155252147, 0.2055796212536709, 10.6404692183239;
  -6.266552960740459, -0.1683084363989948, 11.15577796855565;
  -2.625740098906375, 0.9645266880296952, 5.406178952149978;
  -3.214602263691464, 0.7738536993027373, 6.613065093377625;
  -6.245309184375897, -1.95888116846174, 12.11313581050668;
  -3.138380254134608, 0.794518500942908, 6.601977670167323;
  -3.125996307256526, 0.759154375512957, 6.600537113912062;
  -6.205003301415299, -1.439406341637231, 12.11946882920596;
  -5.968313981851051, -0.1577770068196215, 11.70249094547699;
  -3.113358302137804, 0.7920083691634643, 6.633904840131847;
  -6.118477224847672, -0.5458290845091126, 12.07565402610456;
  -3.084792504538613, 0.8125984879471647, 6.612143078815133;
  -3.087633907359692, 0.7398708577917074, 6.621505884265901;
  -3.08244851266718, 0.706544374975314, 6.621110012264066;
  -2.47964877330527, 0.9992195013835128, 5.540014368425521;
  -3.045204969764656, 0.7703011835540422, 6.613566647510319;
  -3.006391293613146, 0.8299405481005183, 6.608817778324206;
  -6.177374713592491, -1.277086330197282, 12.51706843960507;
  -6.005976482373728, -1.174037451934503, 12.21175619022004;
  -6.007634904687603, -0.01045433511922986, 12.22603609811895;
  -2.46130113476498, 0.9937624081390294, 5.615217481970408;
  -3.019144803385485, 0.541805967586031, 6.66847264502533;
  -3.059692384361931, 0.4616672528409593, 6.793574729631859;
  -3.012467101198026, 0.4983684771607992, 6.764072988422494;
  -2.991069889595929, 0.4442742140472118, 6.737109922335299;
  -2.943641061807398, 0.4991613292828831, 6.681937579494975;
  -2.941879169535512, 0.5596775924442504, 6.686720351190227;
  -2.936917096855142, 0.5902215977145996, 6.709954953516738;
  -2.914605536936678, 0.6047283083341483, 6.696942837229405;
  -2.921473452617571, 0.6841311311659178, 6.710503706393006;
  -2.972643758978482, 0.4832642930642648, 6.821343539256842;
  -6.105864556714114, 0.04829369867405624, 13.01542820263227;
  -5.962821580498538, -0.105455010023358, 12.78812818166112;
  -2.90746863047109, 0.7131910763271858, 6.771946569316159;
  -5.824327707415166, -0.2083050382561387, 12.56296600155793;
  -2.52748672972867, 0.8847875552801185, 6.146659867887686;
  -6.264409504387582, -3.08268347904977, 13.71415711938321;
  -6.436054594893759, -2.826994951482955, 14.11618018033004;
  -2.465544718731379, 1.004700654254312, 6.051769254037509;
  -6.21797786178724, -1.805090009259571, 13.7749342611621;
  -6.048542789203894, -1.851755867350001, 13.75305959086863;
  -2.934145305809921, 0.6312459020313571, 7.232188522896008;
  -6.40260135086375, -2.914717351910531, 14.56667708045393;
  -6.200833270390542, -1.41209613934979, 14.22273538013479;
  -3.035937161785572, 0.9841202495194269, 7.51494271760664;
  -6.471873370122325, -0.1552272097069077, 14.85954261470372;
  -3.063368040410154, 0.9476791726588856, 7.583092581980335;
  -6.418850184331009, 0.1072000941376638, 14.80357275750709;
  -6.222250610648614, -1.807940489140938, 14.40672141174737;
  -6.2738743053749, -0.673734409878423, 14.55227898950681;
  -6.276338999895436, 0.03193307924237818, 14.56042465391895;
  -6.096385397002161, -0.3909984689679646, 14.17557450873408;
  -6.272414136658283, -2.739960761291462, 14.65163283131791;
  -6.207518404732496, -0.3121169471296784, 14.51912260590065;
  -6.335509379497091, -0.5396586404133225, 14.90093726153754;
  -5.928982125469896, -1.853550052949958, 14.01940957690317;
  -6.244536034069672, -1.279773594550507, 14.70754012670596;
  -6.172112131661348, 0.06011475859535059, 14.60421133460585;
  -6.187424642504653, -0.7624710331954877, 14.79604090263024;
  -5.997000161333982, -0.5424597359896941, 14.42791596009663;
  -6.272023432293899, -3.493872550880444, 15.07104913262079;
  -6.095554068696425, 0.1002109333936597, 14.70973955787008;
  -6.195049856029722, -0.3480956819111497, 14.97227475743219;
  -6.070579923423769, 0.003233791148439477, 14.69537635159489;
  -6.144754750483866, -0.8176656361766628, 14.88411145764888;
  -6.144787105174682, -0.6209318111672294, 14.88983362963256;
  -5.996028655704007, -0.1858029063473174, 14.56895895818951;
  -5.914150551648588, -0.7191092934060611, 14.39040512580046;
  -6.09473000999748, -0.08750447099490914, 14.86456154648106;
  -6.095825451759787, -0.658967960872984, 14.93307345672129;
  -6.053622858023573, -0.4066330362862772, 14.89852633493484;
  -6.04530813971029, 0.04650577447352324, 14.89183284001739;
  -6.4392378642099, -0.8875482034906373, 15.79717904179292;
  -5.373851018112235, -2.124422504299079, 13.38750453441635;
  -5.230682435773296, -1.81020060158301, 13.09223609808153;
  -2.966549964388577, 0.5958914774217643, 7.920092222767951;
  -2.99363320277656, 0.5285783814159378, 7.984897352162119;
  -6.027498447442028, -0.1303890945951166, 15.06252523861837;
  -6.084660587470755, -0.3265775181732593, 15.20417314113344;
  -6.05973126786196, 0.03455541367446502, 15.18301728892848;
  -5.186942439392603, -2.105912820340618, 13.17296968639105;
  -5.129060155059151, -1.983386086284699, 13.06181542826696;
  -6.28449977224138, -0.7210000192090993, 15.81094194117962;
  -6.103297751839472, -0.0397085172014407, 15.53432778378213;
  -6.114296040364789, -0.4289527460013733, 15.62633765302086;
  -6.167081424836227, -0.3437441629277012, 15.82479433480479;
  -6.084321377393149, -1.126645384327599, 15.64277166697539;
  -5.253032245308261, -2.670779107482408, 13.64132671026598;
  -2.900025036694725, 0.5432144315538514, 8.014577319151629;
  -5.121393542749406, -2.429103690193316, 13.4221176368492;
  -2.870556459167578, 0.3349231085148872, 8.009165781792147;
  -5.801466758438219, -0.337327659584417, 15.19585564127288;
  -6.061989566552348, -0.02745771240285783, 15.9499742445839;
  -2.842252679178029, 0.5380846275940372, 8.029367559732302;
  -5.084738574189135, -2.567505503102091, 13.54804938116576;
  -5.398104849897143, -0.749893735118619, 14.37760478041968;
  -2.810114511749078, 0.5717624031941558, 7.98116399067103;
  -2.817754121552146, 0.4860588651903043, 8.022395996462743;
  -5.849034192673035, -0.5897715196758674, 15.59356685795065;
  -3.1848950764507, 0.9096814765783714, 9.019477414378832;
  -5.986516940787298, -0.415313967375219, 16.12998633208929;
  -5.463456018922543, -2.10621868242434, 14.98787596009036;
  -5.929338561617241, -0.4992634130265422, 16.21810195789635;
  -6.09478672366632, -0.2202426169824563, 16.72532303627436;
  -3.108410541179311, 1.004364416515195, 9.182175774894137;
  -2.773122960907156, 0.4866202955578125, 8.345185827931443;
  -2.807833399032402, 0.5495546505052261, 8.477950180613746;
  -5.611836840901693, -0.221017521518379, 16.01470523789206;
  -2.464043189524233, 0.9456725947233228, 7.630887474236669;
  -2.484534011293264, 0.9998326288352279, 7.797789641858019;
  -4.837135252164408, -1.463599037602745, 14.21306530914541;
  -2.838633270990177, 0.5464133234007277, 8.769968372451709;
  -2.833464735556944, 0.5780781157173788, 8.762204578198711;
  -4.653821150773108, -0.5169311437731877, 13.73535622410028;
  -6.540613149797617, -4.433745814995375, 19.32726358259337;
