m=[-8.610107410070599, -1.624047496467789, 11.22011232012124;
  -8.528203447065176, -1.7807551961243, 11.16981093037593;
  -8.874304772773435, -2.04477183893067, 11.64275227463846;
  -8.820640554675684, -2.514801402307316, 11.62919722622913;
  -5.65437704620537, 0.9730501308823101, 7.828555805617905;
  -8.111737588845326, -1.283015734686503, 10.83373864082476;
  -8.571587341290231, -1.888757673146207, 11.41788202269046;
  -8.568824044983428, -1.831515450490564, 11.42630285832377;
  -5.634883377440167, 1.009526835935058, 7.869461321861071;
  -8.67150426325235, -2.002245317399575, 11.58582759460197;
  -8.769896625106895, -1.963927578330046, 11.73617529437609;
  -5.637910314925889, 0.9895089713945459, 7.919369901295108;
  -8.305389695202749, -1.701807960311324, 11.21795402468125;
  -8.553987516753265, -1.834671139816227, 11.52941204172569;
  -9.036004595756635, -2.266635871123316, 12.19767697540557;
  -8.674530395473346, -1.969387706994633, 11.78538316659935;
  -8.037103676215113, -1.405851919248365, 11.01616841379006;
  -5.750600985272922, 1.342691283481236, 8.308158292959092;
  -5.67561137373117, 1.208661512312107, 8.297714380996304;
  -5.791458805821455, 1.262830398205431, 8.475223596871775;
  -5.711660213251153, 1.326667832505363, 8.404548912600342;
  -12.40721739058885, 0.3867000046903805, 17.12943384492918;
  -12.37009702618255, 0.5330403774450868, 17.09465935900288;
  -12.33154646483826, -0.5648416103335863, 17.10679845369075;
  -12.1234042499302, 0.4479660159510471, 16.87493997626528;
  -12.19660573403025, -0.959262743627747, 17.01416921990302;
  -12.53642923939452, -0.6982765129159554, 17.69630128556984;
  -12.21800423353298, 0.219866896473735, 17.29183536197601;
  -12.41368716254171, -0.2782232530491346, 17.76724855405477;
  -12.21983230080599, 0.1057921087905957, 17.53769199061217;
  -12.77196390609774, -0.6010927887396954, 18.33641947283748;
  -8.138217819510736, -2.697314264115255, 12.1845880324246;
  -12.7342748770583, -0.3745239608790298, 18.55438264054036;
  -12.96224714761591, -0.8429640670930311, 19.02004041802225;
  -7.878475715348529, 1.066981100713091, 12.01545293499829;
  -12.80747838315936, 0.1023908973035782, 19.02147621214311;
  -12.95496921155459, -0.3791218325990524, 19.38819059642502;
  -5.852295196014442, 1.790980462467616, 9.34936535365542;
  -12.53125910169191, -0.6894366895106482, 19.06790179144745;
  -5.62752574771999, 1.980386306167153, 9.121822838802558;
  -12.68835711045826, -1.046186050940743, 19.35874261154274;
  -12.42172087060836, -2.556125032194236, 19.09579208282813;
  -5.843531558832377, 1.806574691871355, 9.545360030630075;
  -12.72842859939073, 0.3239892547284218, 19.69819379126615;
  -7.775237204736952, 0.6934538390613809, 12.4347958860423;
  -12.18394412841703, -0.9716683233006657, 18.95679946175502;
  -5.760659921042747, 1.887181122893062, 9.489240072953329;
  -5.513348631486259, 2.006694113062493, 9.188100065952648;
  -6.851736624414309, 1.123305626614559, 11.21646356716355;
  -5.622607264904953, 1.953813179990557, 9.447009372934478;
  -5.587137993945563, 1.898821196910823, 9.532418616262397;
  -5.505762396161438, 1.931872841289519, 9.465173927403738;
  -5.40224862271628, 1.997847564639821, 9.317318235008349;
  -5.350715032709653, 1.854233503580487, 9.453668818297397;
  -5.375491117935495, 1.804502955253403, 9.492789934264266;
  -5.315172932023391, 1.964198334750227, 9.426193574915761;
  -12.28988564892179, -2.51652197138859, 20.55501681293809;
  -5.572210887296466, 1.676498100571911, 9.885364720386376;
  -5.342760684012807, 1.916159406227232, 9.527376844215842;
  -12.49905957960628, -2.968775697308409, 20.95244863351489;
  -7.005973070769534, 1.051678962478264, 12.19456851975965;
  -12.66829927582949, -0.3145640922275061, 21.28219935059039;
  -12.48271551720395, 0.1199616811541634, 20.99044176928691;
  -12.27310674331724, 0.4459674007411882, 20.72716629623375;
  -5.346814181864476, 1.863364804780423, 9.622762478426244;
  -12.25652732557377, -0.9300784299903886, 20.85795848351492;
  -5.281170361437988, 1.825825242394204, 9.585672151175272;
  -5.283451840506476, 1.908824689865298, 9.588423067069957;
  -12.74666045728209, -0.3260092058098268, 21.74333836254375;
  -13.10087218441216, -3.819977928818631, 22.36361482260274;
  -12.86924837777213, -0.834581559560534, 22.02583884337819;
  -5.211542417497325, 1.838352041249901, 9.559356430029435;
  -12.01400708994175, -3.808586608076679, 20.95068585075357;
  -5.139430716418914, 1.975809369541414, 9.768683883927412;
  -5.14612145836874, 1.882438773565038, 9.809489565338318;
  -5.066474929796186, 1.98908739458518, 9.679427175728236;
  -4.877270425681911, 2.029199963347988, 9.447776459337538;
  -5.057400005088882, 1.848826643807869, 9.78721354441138;
  -5.064306160616236, 1.984264360809125, 9.838734898911719;
  -4.82082200531578, 2.048906175955343, 9.495497717001037;
  -5.039666708486682, 1.898425080040944, 9.94344840714283;
  -12.86937075465742, 0.2777092965908843, 23.88717346680465;
  -6.201473885435132, 1.590527374603355, 12.08955063336621;
  -12.67631733497187, -0.2374050506238258, 23.7469308697072;
  -12.6893357520406, -4.1903465760882, 23.80116922916941;
  -12.63693221488549, -2.909218843758207, 23.74841510272022;
  -12.44575967820377, -0.3115370832798842, 23.41571672062433;
  -5.018874673145749, 1.935504400367603, 10.04402849667676;
  -4.910666544860141, 2.010804829685791, 9.85837522584921;
  -6.08028659536464, 1.650165968348338, 12.00213595548796;
  -12.53258615011625, -1.230042243446493, 23.75646501303507;
  -6.109938076137458, 1.629229034791558, 12.13514870857301;
  -6.104982227359051, 1.48292264202535, 12.13489754687145;
  -6.169934026282775, 1.433678474241006, 12.27140794596801;
  -6.515499941003119, 1.390629216776476, 12.91714756637956;
  -4.847746035877532, 1.9728925490087, 9.881119993963235;
  -6.002985547102527, 1.538702777996558, 12.08545954610453;
  -7.48810729156673, 0.4575696062633391, 14.87202411852386;
  -12.72484286926646, -5.576788718947997, 24.62168319123183;
  -6.004903920749021, 1.703751669134392, 12.14511004912852;
  -4.830880289459125, 1.98128446081728, 9.969679717667761;
  -6.868981461549384, 0.447225089173774, 13.75568523832846;
  -12.65538234379896, -5.392640710666727, 24.52116976188264;
  -7.322070354328655, 0.3786833514864528, 14.61997897192478;
  -5.976201477514723, 1.624260833190566, 12.1646387068549;
  -5.983760031083235, 1.671503699265522, 12.18227810654188;
  -12.62850234970724, -2.586620314204849, 24.65397669171149;
  -12.29264667957318, 0.004321981952051042, 24.0733822416674;
  -4.846489577568758, 1.972609905280347, 10.09108021674101;
  -6.047291172792072, 0.9330060870128926, 12.47372184537222;
  -5.945861040678152, 0.9997390685317565, 12.39804038801131;
  -5.9159951487825, 0.898289396547733, 12.36948246312229;
  -5.77358746177053, 0.9977863356959743, 12.16480619191057;
  -4.922155548985905, 2.049742890615311, 10.52235907650993;
  -5.834475455614038, 1.1870512970817, 12.36162458123205;
  -5.73330598302117, 1.207300773640584, 12.22588348087143;
  -5.754871554469307, 1.372332362793532, 12.27090302914207;
  -5.839618350579824, 0.9696246112534532, 12.45826818922894;
  -12.40763229311411, 0.133670765805793, 25.53134171625153;
  -12.33980184569097, -0.5101924294659738, 25.44421533107831;
  -12.48921912123087, -0.2061023139445411, 25.80726932133635;
  -4.922051520307735, 1.931969337559112, 10.77577655230464;
  -5.488279948814753, 1.367919889392476, 11.91547321077183;
  -11.88737635965717, -0.3974456755992682, 24.71011808144923;
  -5.004701840147005, 2.026850242536364, 11.09467307681524;
  -12.92142143780361, -6.270126782859843, 27.10292700382057;
  -5.942782625956484, 0.8977583672053312, 13.04392073829851;
  -12.87515746725566, -6.318980084521343, 27.26181225582871;
  -14.78534938833686, -6.481718720691402, 31.29216496180571;
  -13.02438886849719, -6.276455722997455, 27.70967305805547;
  -4.828632239584128, 1.986475205469937, 10.90197203050249;
  -12.22816341881762, -5.503729801433017, 26.06544949068697;
