m=[-5.985252546629209, 0.02978651865393829, 8.309427165373187;
  -4.044896794048395, 0.5495296761523314, 6.044460133569831;
  -6.320351780354319, 0.05052879815246725, 9.386892364422597;
  -6.168539362285571, -0.3393766997025936, 9.386215846487326;
  -2.638477241593434, 0.9121838568889136, 4.789010027195069;
  -6.057916051158847, -1.24044106504004, 10.1319548318061;
  -6.171718041764019, -0.3439415798500316, 10.61989689292725;
  -5.936925836448848, -1.882077816715617, 10.35313756579989;
  -2.533903664322978, 0.9545127773346088, 4.999485444630028;
  -2.5168711098087, 0.9706189983699092, 5.036891095257464;
  -3.099911571048406, 0.7950519995225664, 6.043166284254687;
  -3.051771536776998, 0.8137618963252612, 6.061223691941404;
  -3.047572677670051, 0.7402666148120382, 6.05767237854331;
  -3.054567293788131, 0.7097753976897938, 6.075241842264676;
  -3.181338569883718, 0.6790058174809935, 6.307086200276463;
  -3.085523059156198, 0.4382537367768853, 6.178993001188581;
  -3.003029369664039, 0.7697452537991909, 6.045823312094453;
  -6.050074030060309, 0.1305550858112294, 11.22969961765684;
  -2.984795418566336, 0.8112320696858562, 6.075591329600677;
  -6.173285232556288, -0.1156147368689705, 11.56460301384714;
  -6.17739101770709, -2.039934146753444, 11.58682628312939;
  -6.211386506996196, -1.978321889043787, 11.67202121989452;
  -6.120366409476738, -0.1532024680784891, 11.51498741549021;
  -2.437862146266335, 0.9936963944508052, 5.208365783195461;
  -2.450649211130135, 1.0205286582097, 5.238885832323973;
  -3.006025288428098, 0.4637844965092333, 6.200515608825004;
  -6.13067427855689, -0.6017104732502376, 11.62115681953639;
  -2.9840079265657, 0.5017320930621548, 6.222118300209703;
  -2.965099569353692, 0.4502230708229735, 6.199590466547282;
  -2.903170964030087, 0.5017234669569226, 6.116909521723604;
  -2.872060210311793, 0.6047890212244691, 6.124472265269889;
  -2.883929220085463, 0.6877146367681452, 6.149297246277362;
  -6.167689759421475, -1.263290862340667, 12.0408640201116;
  -6.074991363751248, 0.002135911306767542, 11.89699769516925;
  -2.783079899559905, 0.6936654806026379, 6.042278144686329;
  -2.429749776303856, 0.9995869320003203, 5.485831761059051;
  -6.101147743303117, 0.06572930853167035, 12.55440878773116;
  -6.001977815400727, -0.2481533886469558, 12.37585642436706;
  -6.026353964622513, -0.09944941190487731, 12.4526392147557;
  -6.111654980934316, -0.572101941079871, 12.90370470230513;
  -3.024056339735216, 0.9899831429093702, 7.000746676525538;
  -6.245083020370247, -1.882113343285286, 13.70038693094777;
  -6.382544075431405, -0.4204326442941564, 14.08432287728381;
  -6.395883250094279, 0.06318249308076751, 14.13196320545408;
  -6.366466599382568, -1.453699372246164, 14.13641345515198;
  -6.357408998700813, -0.1347230697663859, 14.17108534707939;
  -6.342281612976696, 0.1218926743323695, 14.1985239961557;
  -6.138542095219203, -0.6387633819143159, 13.80043001205626;
  -6.358630947523963, -1.999747804511344, 14.28217885457855;
  -6.334910048638636, 0.04940246106299801, 14.24407734807228;
  -6.252687550754719, -1.780591281606278, 14.08571171753243;
  -6.434447435235161, -0.3992356660960784, 14.47044857290839;
  -6.287078723667222, -2.736076621602564, 14.23850927521835;
  -6.263960588674876, -0.2984177002723617, 14.19446826536424;
  -2.99899722018698, 0.5368104035613363, 7.335509847685867;
  -6.357399935415261, -0.5317486012268978, 14.50621027713554;
  -6.313423853927653, -1.280613452755414, 14.41522772175252;
  -6.191103937506317, -0.3083428004653406, 14.17545087874631;
  -6.177812735167117, 0.08106959135719496, 14.17324860953011;
  -6.251349204464511, -0.1514098438549037, 14.39722367990217;
  -6.571320668291792, -0.05136730645436066, 15.10362057663924;
  -6.079227481201408, 0.05581522430076095, 14.07938472631893;
  -6.195246614916464, -0.7482926429826711, 14.37232177781169;
  -2.935889531422947, 0.531260199894267, 7.370157853542652;
  -2.944106615985883, 0.6024012391661279, 7.38655373814697;
  -6.202347537697089, -0.2341492776755477, 14.44123411648076;
  -6.108900566876165, -0.5323337731247413, 14.24362395883653;
  -6.108580409235207, -0.7080071369640769, 14.29581766658873;
  -6.138854922188675, 0.1255684447075935, 14.3641226924868;
  -2.452375436593846, 1.000224310384437, 6.357349744291803;
  -6.005112258102178, -0.3171171578871041, 14.09435292947597;
  -6.15442983293679, -0.8090829254805986, 14.46525800089652;
  -6.138231061465137, -0.6016965802457817, 14.43196273177967;
  -6.235126775038722, -0.1663495674663845, 14.69125021367267;
  -6.146662771717306, -0.07161059352306413, 14.53980962519264;
  -6.172404704460516, -0.2649701898993287, 14.60197738862512;
  -3.087410986481746, 0.8627396826868099, 7.821448249354053;
  -5.984922830754799, -0.8072390371284612, 14.26251428949159;
  -6.042781889518234, 0.06784439239552073, 14.44446592597913;
  -6.153021118025981, -0.398741302981355, 14.69284444752629;
  -6.304807883468793, -0.7546465890571427, 15.0410086206496;
  -5.088664154421524, -1.747678522199212, 12.42791095021856;
  -2.909626472301953, 0.5558657590877285, 7.567119180508128;
  -6.084568103593211, -0.1766878406640303, 14.75053192682693;
  -5.149343575189131, -1.840700428751777, 12.63875077783314;
  -6.168450848588313, -0.3187211873730647, 14.96062109658598;
  -6.105280303621066, 0.0516116085294704, 14.85476076091125;
  -5.201766087111508, -1.803980950175802, 12.8230675924886;
  -6.129518565985546, -0.6705314938830695, 15.0027946598148;
  -6.163208274854969, -0.1872595988630956, 15.12262043451533;
  -2.776061009294546, 0.5340804756459114, 7.38198263661747;
  -6.210664297433945, -0.02383256338303109, 15.34956531702821;
  -6.143639770848353, -0.4168010071130595, 15.25928382336789;
  -6.351416821924897, -0.1333897614514152, 15.77224076427674;
  -6.268478091310647, -0.3308376597749892, 15.63054468573213;
  -6.131692793249146, -1.121750470165825, 15.32122289453005;
  -5.101487617917873, -2.416108551966324, 12.92616449274795;
  -6.338803321899066, -0.104801219627472, 15.82808050538706;
  -4.908292568850444, -1.762808845340502, 12.51828556879151;
  -5.372901315205555, -2.483576763613631, 13.63559143690754;
  -5.98636347022262, -0.6001660477580095, 15.16916136595302;
  -5.015554348612363, -1.886715829506673, 13.0105761863514;
  -5.925788082279057, -0.45765915857743, 15.20864013816033;
  -5.09784161782294, -1.804867535124239, 13.28679447181824;
  -5.206908363411836, -1.038082766372351, 13.58519262482749;
  -5.251925671188296, -1.011213462968479, 13.84591917176804;
  -6.266550626979563, 0.03562631963746411, 16.34423694490152;
  -5.863429479939288, -0.3906195254936636, 15.38113901633748;
  -6.187280512552388, -0.5126005712788838, 16.21131132470473;
  -6.215724817373605, -0.05717312241857381, 16.32115371301625;
  -2.759547976685343, 0.4960531690006433, 7.833228044662194;
  -3.061083797687781, 1.001952521112007, 8.581003478831081;
  -2.792086826874604, 0.5558343889813566, 7.961273066211009;
  -5.447232070835779, -1.961843714751193, 14.59514954706858;
  -5.932084211948289, -0.4844170716675778, 15.80576777672903;
  -2.758778626393774, 0.4485760855424389, 7.89798235770443;
  -3.095108357030795, 0.9611914703146177, 8.785915062548554;
  -5.160427633555718, -1.915104746208029, 13.96049173187961;
  -6.264717793287393, -0.2191989181708461, 16.74699954527363;
  -6.365075814482005, 0.00594843476616762, 17.26125044350448;
  -2.494613274417246, 0.975989101609976, 7.404307436891462;
  -4.34354438870744, -1.952209001763787, 12.17181097942477;
  -5.8306945616085, 0.2381741705506567, 16.04321848294768;
  -6.269037837031243, -0.1956269645234094, 17.18498831431419;
  -6.388717650061528, -0.06945863026764684, 17.58127421094937;
  -4.263768561080723, -2.096864081220969, 12.17828423334102;
  -4.820967895516477, -0.437317430843701, 13.94618812803467;
  -4.59362752945257, -1.533312097163282, 13.49061596307687;
  -3.038658440401863, 0.8914267679853763, 9.314942119226121;
  -4.506327353234779, -1.67585109647338, 13.36760850246043;
