m=[-3.361236161793315, 0.4926212992160365, 5.383834017620321;
  -3.102118349405283, 0.739985065426039, 5.438368245767998;
  -6.145155451734131, -1.816246967139589, 10.05539170939528;
  -3.016306310160022, 0.7291524566153284, 5.426948343319608;
  -2.995399993258396, 0.8000267313140275, 5.433476736909007;
  -6.009262690589733, -0.5358276708831573, 9.938588750151105;
  -6.072474507887639, -1.275934094236123, 10.09274724184948;
  -2.966630947824156, 0.7076884807850555, 5.42433018357599;
  -2.957854004600435, 0.6750293463818859, 5.417229650321771;
  -2.955097739559883, 0.8308901976862657, 5.432193092097068;
  -2.929809862554622, 0.7371168231746176, 5.423425956355024;
  -2.912652057234606, 0.8148931073498151, 5.419979490111363;
  -2.920430393157147, 0.4375989620496744, 5.555553085720003;
  -2.89472104968531, 0.422959686944438, 5.539605171773272;
  -2.837463840562104, 0.5562876069207896, 5.478641814721217;
  -2.83889951843851, 0.4013084917216632, 5.487944442964666;
  -2.835549982264822, 0.4767739527875204, 5.497814803049946;
  -2.814453891454329, 0.5318136434690746, 5.464632023896815;
  -2.795283451119176, 0.5754311804129126, 5.487518252116611;
  -2.391988956144978, 0.9585809025842585, 4.837915217077937;
  -2.803999309717022, 0.6578924425905133, 5.507013870524083;
  -2.819791240616533, 0.5343325569298856, 5.538799520913179;
  -6.166573452874407, 0.08951461530314171, 10.98754429100491;
  -6.175343537517389, -1.969851154480641, 11.06584416386398;
  -6.092260167870715, -2.048243827648954, 10.97099399537543;
  -6.08676603487345, -0.1469380962934491, 10.9432318699971;
  -2.73995581454576, 0.6717872759021322, 5.464777134191266;
  -5.965055284391457, -0.1824071144821476, 10.76429321150927;
  -6.10362141793554, -1.442772170571883, 11.01164952452823;
  -2.366465197733287, 0.9636349627664566, 4.866538410449175;
  -6.033707101603885, -0.6241389282381304, 10.9776739777056;
  -6.121308393337415, -0.5656098959413186, 11.15230674345991;
  -6.084351994706665, -1.281078046173678, 11.42034625549332;
  -6.122445878482055, -1.214101171185816, 11.50425578687259;
  -6.064677024455647, -0.03404195775142595, 11.40557212057117;
  -2.423731922451055, 0.9557669896054468, 5.330500430258121;
  -2.923025966418249, 0.8963250417851475, 6.309377816077284;
  -5.885815147243546, -0.1288141395679954, 11.71427402644654;
  -6.214800022337514, -1.848356310135743, 12.87125978945723;
  -6.098441570461647, -0.1007043960209515, 12.75710907254092;
  -6.174569788613643, -1.4516930503293, 12.96671606436335;
  -6.31602865624825, -1.604220046660924, 13.36043508534491;
  -6.17788708606915, -1.911405230261744, 13.11843116442088;
  -6.311460055067951, -0.1776001669188806, 13.39925825032182;
  -6.505697778017485, -1.524937414213684, 13.98377396981926;
  -6.284413584351322, -0.1712728255096097, 13.55594730117787;
  -2.86300994498007, 0.5696778451432983, 6.714654223969387;
  -6.319068408240429, 0.08617196184826446, 13.68712660927757;
  -6.244312556711316, -2.010140265942543, 13.59141827480931;
  -6.211923699999001, -1.819205967807128, 13.53765283068556;
  -6.32293620451054, -0.6996578185124597, 13.75876500233501;
  -6.259707007781367, -0.4205304651499661, 13.62697338041922;
  -6.30684283176443, 0.01167824986676239, 13.72482717667128;
  -6.145953902991731, -0.3202924596661355, 13.4832388944499;
  -6.213188970527691, -0.05247152072146023, 13.70324447703164;
  -6.240741417669224, -0.5649925565277101, 13.79742039691202;
  -6.137111993382447, 0.04325296770276407, 13.62619406113735;
  -6.135202750063921, -0.3044248093115665, 13.63112362459;
  -6.108269097116398, -0.1386016356285594, 13.58784904996973;
  -2.832696912054125, 0.525383015465719, 6.890188083043363;
  -2.725826793261577, 0.4240053538125494, 6.680237915028831;
  -6.149189131263397, -0.5760822954951417, 13.87174060904903;
  -6.134369280925837, -0.6943011527645938, 13.84856360621717;
  -6.074630100301032, 0.08336980568630477, 13.76406351569487;
  -6.134386510276275, -0.7503730087428248, 13.90222402946607;
  -6.124024157073278, -0.8366235117174844, 13.94273315323932;
  -6.108836801702753, -0.6504263511137682, 13.9162044940799;
  -6.101025407543339, -0.1881636552974481, 13.93747434091796;
  -6.236219172956504, -0.8021236634427514, 14.23360812008775;
  -4.961620638166598, -1.741445257774577, 11.55933492248945;
  -5.140998020612591, -2.067866278396986, 11.95008589736837;
  -6.106622882473967, -0.2941297891411878, 13.99711021987661;
  -6.122313959358894, -0.1103972051387118, 14.03207109399878;
  -2.7115502998403, 0.5467931629670483, 6.774197894128772;
  -2.658183375931587, 0.4559899590398645, 6.663907657789732;
  -6.121050174164804, -0.4463662654121681, 14.16324603552598;
  -4.924174540434595, -2.031766086960209, 11.65248325669933;
  -4.905102393854124, -1.792977612997686, 11.62052650767205;
  -4.915441920042772, -1.931823544065559, 11.65464494962589;
  -6.083089713562975, -0.03363012418657708, 14.20556829361943;
  -6.220888122792342, -0.4682917494753086, 14.53067892417897;
  -5.138434029806072, -1.822017625066793, 12.21863117752524;
  -6.060826683565492, -0.3533098048031116, 14.25878098467922;
  -4.749009653130235, -1.829670513320749, 11.43632323673038;
  -3.061776985402987, 0.8610183676609088, 7.750393896868375;
  -6.050611284402987, -0.3934255546628429, 14.36514018005192;
  -6.015913534311079, -0.6966556809048238, 14.28900240587847;
  -6.141840766704114, -0.01590849336019564, 14.64913124158068;
  -6.125141556822078, -0.4539153548730541, 14.7686484551527;
  -6.175228357361247, -0.6583655274151238, 14.8876613336142;
  -6.21836570211279, -0.3656902353909812, 15.06682787344529;
  -6.160001464877092, -1.170579539891283, 14.94616708540228;
  -6.192190804015069, -0.1402285667258558, 15.02128422072124;
  -6.264771413793643, -1.592161611251032, 15.20948311998672;
  -5.984980349977434, -0.642480778003575, 14.71742151545411;
  -2.676596702033397, 0.4650846693561947, 7.133227875577424;
  -6.275131601631697, -0.4549016589543694, 15.46527371665178;
  -2.719463953194467, 0.5278664617966502, 7.287583802764541;
  -5.072555334078177, -1.835473946948153, 12.77717398715399;
  -4.830617500453047, -0.9562440148749358, 12.33945529474173;
  -5.982399891951203, -0.6355771437464475, 15.05066044102859;
  -4.74714789108604, -0.8499178195624123, 12.24842191675268;
  -4.793681393895696, -0.9135495869287957, 12.37103488905956;
  -4.794146682310526, -1.884648741831673, 12.38656203227965;
  -6.027173093803442, -0.6225817732508858, 15.36153164041344;
  -6.28870575130133, -0.5636268519245908, 16.01631206294762;
  -2.693022517927621, 0.5173198527360319, 7.421041845162615;
  -2.704479718857103, 0.5481872566105887, 7.457063030357412;
  -5.186090834952673, -1.906724830497454, 13.5014789329136;
  -5.956202983024658, -0.5157832909860456, 15.41472957874413;
  -6.078789367119532, 0.1467857573655036, 15.74610329117847;
  -6.100053740676751, -0.2597084001986877, 15.87381620389346;
  -4.434138977635072, -2.025867205585573, 11.96840898843984;
  -5.772441333373382, -0.1011507032149311, 15.47458472748964;
  -4.412893348430453, -2.632692379080488, 12.23449229413385;
  -4.851036255976468, -1.245831671960604, 13.34997206021355;
  -2.952859161701007, 0.8463825949714507, 8.591425102400816;
  -4.579052714382887, -0.2905079168820562, 12.80078806262001;
  -4.569494001995825, -1.749245071161033, 12.81348858221464;
  -4.425318462000695, -0.8115648445575374, 12.54410833003434;
  -4.662260443523897, -1.595982190693034, 13.23414048314031;
  -4.492764878083497, -2.040046882362588, 12.84831652450722;
  -4.581837782593832, -1.383017417494319, 13.09827792937857;
  -4.424668460238924, -1.688497308794039, 12.70809206067417;
  -4.578622025603193, -1.455416949137816, 13.18227967281586;
  -4.596884416663463, -1.658351869580353, 13.27608633110749;
  -2.85588960006292, 0.7531839246073256, 8.61411239492465;
  -4.353508889660118, -0.6117784895746393, 12.66654300049503;
  -4.513851887362545, -1.797486540905392, 13.11902841343112;
  -4.662951219871074, -1.557718042632498, 13.52776847578467;
