m=[-12.08423762104748, -0.9584124642163127, 15.87417297100343;
  -12.63259784162364, -0.5792207375846314, 16.65067236882339;
  -12.36788521928142, -3.139419498799164, 16.36826013445713;
  -12.17306373450201, -0.852259999060956, 16.59646950452158;
  -11.96413827433277, -1.001383209287455, 16.45089929490839;
  -6.581141965068881, 0.8932980434166319, 9.594080537230232;
  -12.22744894251359, -2.636433571485302, 18.34240841586576;
  -5.159219086101722, 1.547401799896016, 8.298594276919207;
  -5.114514572988218, 1.491795839075003, 8.272172721627971;
  -11.84073107280751, -2.623234219390777, 17.89931311402115;
  -6.114895389482331, 1.387107274654119, 9.761562204944585;
  -6.07324721396212, 1.504307525314622, 9.711488410664982;
  -11.71706906361089, -1.171212550759378, 17.86146257050779;
  -6.25810424801333, 1.08318587028012, 9.990871192352008;
  -11.95912292426469, -0.1617232685998654, 18.23170054056232;
  -5.034700570499535, 1.549498314171333, 8.239749969242833;
  -12.20508917159305, -0.5041022242387396, 18.66586838469585;
  -11.88811001587512, -1.048424776391378, 18.30930700032096;
  -6.020596803119545, 0.9481811384247628, 9.816772682101492;
  -12.35437198204823, -0.5089860979689456, 19.15752093141294;
  -5.985546921374114, 1.38164969562471, 9.799629844694108;
  -4.902830589475484, 1.696892813523874, 8.224130112058305;
  -12.14954447661283, -0.8743669182961951, 18.99543858697733;
  -5.851780828160531, 1.597892915296301, 9.670892947110296;
  -11.77768960887399, -1.185373186635309, 18.53210578866251;
  -12.0219313819012, -2.665117792473637, 19.00861919563393;
  -5.873389876993512, 1.333831030711341, 9.773030375820545;
  -5.872101317340506, 1.271926706642767, 9.782465866229927;
  -5.836708630889602, 1.581492099454982, 9.772071033011969;
  -5.804377635754464, 1.389293048262856, 9.776018417414319;
  -5.964449063106829, 0.753649690436013, 10.03748424664404;
  -4.673827444262678, 1.829488715026355, 8.086793466101991;
  -5.78753807806143, 1.596013689765232, 9.789726197272511;
  -5.784720952527039, 1.551275808259337, 9.793101009266946;
  -5.733897109375323, 1.466257322974814, 9.776269289826665;
  -4.969282478787309, 1.654685496909325, 8.627439874961834;
  -4.804236597905658, 1.84752838733425, 8.39915661670603;
  -5.75535173838901, 0.9563805780062373, 9.883871882286313;
  -5.756830462665467, 0.7627407948316274, 9.909029844416235;
  -4.86938359567672, 1.76076692975874, 8.595909065829945;
  -5.792743189605379, 0.7992221747866503, 10.04754619258631;
  -4.662203738997861, 1.889671240148127, 8.317534644017911;
  -7.113247104280894, 0.3067254388747103, 12.24512250193519;
  -5.661142398540957, 1.040316195614511, 9.947581599769968;
  -5.777967602464353, 0.8661166865791811, 10.13500434881827;
  -5.760180146570615, 0.7708982171856299, 10.12478507837575;
  -4.75047559822862, 1.890498106686245, 8.517234882797416;
  -5.565834372847486, 1.110875928371659, 9.834941424923615;
  -5.596608944134972, 0.8731983542170757, 9.888914565940212;
  -5.563783729005065, 0.9850793691428055, 9.838215396680665;
  -6.593797881858585, 0.384222290517155, 11.56253319974052;
  -5.521055653298173, 1.069904447067524, 9.87609142669513;
  -5.531635938464425, 1.236193433112395, 9.906737864186422;
  -5.593939228982119, 0.9928216481205574, 10.01681342372315;
  -12.21875187665063, -4.260660748862406, 21.00098293629421;
  -12.24614087116222, -0.4482267201413198, 21.02662305098363;
  -5.417682302616663, 1.257640752316995, 9.840006657325255;
  -11.74832654253561, -0.5026517640991661, 20.25059786190837;
  -12.22078767227062, -3.040425066000457, 21.05454738152208;
  -12.27872273541785, -4.143156932601551, 21.16072784975453;
  -4.676419170364424, 1.847674642255788, 8.65629596786949;
  -4.687560899420685, 1.804911317814321, 8.693847868512208;
  -4.935030341275068, 1.655982472718017, 9.107674897707653;
  -12.04274999101698, -1.39451115598715, 20.93071511888424;
  -12.16602845824569, -1.275400606405487, 21.19520456867719;
  -5.42017371887148, 1.189422744174993, 10.01067136116692;
  -4.647451704174597, 1.834760126790624, 8.764334905201119;
  -12.33959437859575, 0.2475609158146041, 21.87569410676386;
  -12.30571457277234, -4.555036947911506, 22.15495283264613;
  -12.18079136521427, -0.2351343275060873, 21.92407320588974;
  -6.24843530101646, 0.4341778225665414, 12.26069445602776;
  -5.724899403470753, 0.8763225054426489, 11.38078351051573;
  -11.81426157754982, -0.4287929955666509, 22.53165399619513;
  -4.672156814249783, 1.827050981993125, 9.565732218280232;
  -4.61110781540639, 1.856104048040568, 9.471151319704372;
  -4.661140187991117, 1.766337794296964, 9.566002014223264;
  -4.660351607723664, 1.820262735064452, 9.735971771294731;
  -12.26565133762498, -0.2500591953000321, 24.06364477824168;
  -6.407616097694214, 0.3472932752030059, 13.09050800756123;
  -12.45603783824279, -4.00096217393497, 24.63015986565626;
  -12.13170936153206, -2.718911743518369, 24.12246566163697;
  -12.57820552124295, -3.921358612509608, 25.04044279895233;
  -12.27268290243938, -4.11373531342384, 24.48191469825579;
  -11.44621324893945, -1.138678636192181, 22.93879494375467;
  -12.23661334614587, -0.5277267566918559, 24.47946100906216;
  -12.23081072943373, -0.8000350414565234, 24.51263647890506;
  -4.901693344315308, 1.797413805980197, 10.4027299804465;
  -12.48950730344216, -1.007003407171814, 25.12572433775788;
  -5.826489929219025, 0.9231554158223237, 12.34272492125192;
  -12.41157171868059, -0.1370729150954443, 25.24584610528128;
  -12.67454970938493, -4.088175758165039, 25.86736534737015;
  -13.08568561245278, -0.560765673115218, 26.73731228847903;
  -12.46449546131961, -5.970610639232064, 25.57692595103462;
  -12.16377214925934, -1.074264275816904, 25.03354077034644;
  -12.75453122551338, -0.1309278923457888, 26.28743842982959;
  -4.726091213287919, 1.834669949081241, 10.35095987234972;
  -4.606259626249498, 1.848625552846713, 10.12097479354129;
  -5.802282924899162, 0.1322290998623308, 12.53551865646777;
  -4.700200613426567, 1.756019629270871, 10.34182705184021;
  -13.54135604998106, -3.372783322733505, 28.04164442355106;
  -4.370832523357057, 1.350111440760764, 9.729836337496659;
  -12.61970368972231, -0.529511559491422, 26.24497005211929;
  -5.659261255993981, 1.044530602728645, 12.31263244891559;
  -12.71361168363163, -0.01162438756931537, 26.559771002951;
  -12.62712903912393, -4.260924961127182, 26.48136323093033;
  -4.665194006475141, 1.813657760062807, 10.38194235610352;
  -12.24531664910661, -3.766638366509369, 25.72925203224993;
  -11.99816728503829, -1.45400087595134, 25.22882376190619;
  -12.16456440295857, -0.9856228556715927, 25.56395532694361;
  -12.74910293825768, -0.1624352974532941, 26.7567389447859;
  -12.35572930983242, -0.8298028373224806, 26.12631044533305;
  -12.60877973023252, -0.2959422960874854, 26.8134749358673;
  -12.52167407482868, -1.323585351060829, 26.70681294862346;
  -12.41648303852668, -0.09945943759996843, 26.57924426868002;
  -12.37344777229799, -0.8003415496561762, 26.50578421589631;
  -6.214180730571654, 1.62286778627843, 13.78020546801396;
  -13.03164776465066, -1.17570396089508, 27.87981821267554;
  -12.55476260695497, -0.5471278663042904, 27.01262034438161;
  -12.37042254491337, -0.373975101697197, 26.64271553144783;
  -12.55025265317908, -0.3405679953684084, 27.04492201516945;
  -12.46498468915468, -1.620074711281203, 26.8864657075798;
  -4.88641461131505, 1.819885266862622, 11.13655105864281;
  -12.54244265952487, -0.154324861838056, 27.09011372452216;
  -5.483178023846746, 0.8107279109312007, 12.4045396039841;
  -5.50507060860452, 0.9319482350162569, 12.46043827928679;
  -12.46307291287825, -1.799010017364035, 27.01269738221094;
  -12.32940693172484, -0.4102886708053888, 26.78253335545937;
  -12.37568914309097, -1.349824196881742, 26.93509533945194;
  -12.42925938938344, -0.7076722170019457, 27.04307541376717;
  -12.46027606790218, -1.60818015486299, 27.12787485073516;
  -5.417323016405577, 0.5386889094344126, 12.34328173412988;
