m=[-5.823877903958078, -0.07875632490102059, 8.878510456174604;
  -5.928866344106565, -0.4266830418428768, 9.269599921763547;
  -2.800779527068889, 0.5146834503061186, 4.921441809282789;
  -5.989821329738418, -0.6028494410022909, 9.424938695468986;
  -2.840129612691292, 0.3801011078279112, 4.99215322985166;
  -2.809489769938185, 0.3640806225684318, 4.954524776440441;
  -2.787879931014334, 0.4349727114787354, 4.926037665503035;
  -2.785538954094899, 0.5559612385775146, 4.922103428735466;
  -5.855857408403959, -0.5525751812133946, 9.331644956287095;
  -2.755477732882364, 0.6157859115041819, 4.93485035782129;
  -2.70322670875021, 0.5932059555313027, 4.992665475242657;
  -5.956141728972097, -0.009651847330596847, 10.10731034266239;
  -5.98185201109294, -0.218944558576557, 10.27083950015697;
  -5.813733176146502, -0.248740382420557, 10.0211355379273;
  -5.903002200630404, -0.6835483945723464, 10.2596215565136;
  -5.934251169936258, -1.325704685693357, 10.65682268372164;
  -5.800993989544868, -0.1119806406416101, 10.44114565962528;
  -5.991897923201579, -2.217938362448833, 10.78768852320733;
  -5.896062320465107, -0.05328526144223577, 11.20558145989521;
  -5.879872844744569, -0.2134071836906049, 11.21384181396161;
  -5.902790699624946, -0.6831986485549996, 11.54094029822331;
  -6.320516852438312, -2.067696953486068, 12.30585924916087;
  -5.996546837008189, -1.926130715133069, 11.85737464476449;
  -5.897410177426637, -1.321704741674185, 11.72630090765684;
  -5.894641025869237, -1.975851013249544, 11.75880611593782;
  -2.804409040800493, 0.5176101496608687, 6.101442607764477;
  -6.106720424194559, -1.903820118788877, 12.15713825099966;
  -5.813605054592038, -0.5783421757878037, 11.65076093996576;
  -6.08694284029259, -0.3981557457886061, 12.19927447269673;
  -6.079129875650655, -0.1694427664047006, 12.2007317389958;
  -6.029876016861864, -0.4861765597534829, 12.13058280920124;
  -6.085762960583418, -0.01602910261904067, 12.25568391281949;
  -6.020876812247924, -0.06649432922691297, 12.24680748467095;
  -6.131383396874084, -1.977677593434019, 12.51348079800446;
  -6.220636967220511, -0.2665752318555794, 12.71030942907212;
  -6.005276575509237, -0.5303662393793251, 12.35910490146519;
  -6.178051528121769, -1.538784526758418, 12.793602320368;
  -6.131315176884591, -0.257264539712582, 12.75118553920511;
  -6.12620585678545, -2.067239779628616, 12.8477567638957;
  -5.902633748811094, -0.7153121337034168, 12.41160445941886;
  -5.961126213493073, -0.4829948732182188, 12.52736712733802;
  -6.128168513166425, -1.885014107806789, 12.87620375115908;
  -6.112928155062452, -0.07788432707673197, 12.82929658857947;
  -2.665907984177711, 0.4577106187995629, 6.147426718235674;
  -5.949403118425484, -0.3995580887415571, 12.58007106976067;
  -2.65707083106531, 0.4138783322002722, 6.167824137718318;
  -6.035178745749376, -1.355306991423949, 12.87306885904229;
  -5.999786098305214, -0.6341986655904748, 12.7966248044498;
  -5.986820153942645, -0.5401257227999937, 12.80816214329114;
  -5.993226968357872, -0.3876549727744881, 12.83839263748569;
  -6.24855956795933, -0.0500526774377876, 13.37592864008743;
  -5.957243000259922, -0.1800957524909446, 12.83037261107118;
  -6.056205709534753, -0.2639252538253507, 13.03043240885434;
  -5.961385386868972, -0.7748015701832914, 12.85846615705627;
  -5.961747050677005, -0.07335459406788465, 12.87663097084413;
  -5.931398068082211, -0.8561808645464532, 12.85582313339232;
  -5.964988340038135, -0.6506050291345579, 12.98251174378785;
  -5.990805165554876, -0.341092436831446, 13.0345494293625;
  -6.027423096141156, -0.7779267614420521, 13.12259684564732;
  -4.992425768937149, -1.862350050662831, 11.05327409601123;
  -5.916381244323151, -0.8142961411726467, 12.92787378454833;
  -5.041490558074918, -1.533526860458394, 11.2160196164414;
  -4.914509684707675, -1.728499626889497, 10.95991463167226;
  -6.002157030650451, -0.3496858125021458, 13.16534256609937;
  -5.955907952834802, -0.7231524374551351, 13.08646882147946;
  -5.988421508383055, -0.917823615885091, 13.15345217636111;
  -5.992951132418293, -0.2722727492808043, 13.21367260734863;
  -2.97572554350777, 0.7838675918139187, 7.058910233307635;
  -5.903280879754688, -0.3721899686043291, 13.06093156248012;
  -6.03538244989633, -0.539398536916775, 13.35006221445051;
  -5.989950747880705, -0.9186146310661175, 13.32386086627345;
  -4.851021117156359, -2.075357085025898, 10.99152173770194;
  -4.811443226676114, -1.838078791562196, 10.92095715090751;
  -4.83198029522011, -1.978225017081109, 10.97276448272026;
  -5.891139912509564, -0.844352616008031, 13.17465168652169;
  -5.96086296050668, -0.529881566408167, 13.32055322315434;
  -5.032323812405264, -2.393267603021092, 11.51249272062745;
  -4.755091624538685, -1.946141635746923, 10.93078340580665;
  -5.934831884499717, -0.1223968712149558, 13.38143113614694;
  -4.893667756090394, -2.111846466623452, 11.27347121133036;
  -5.821548075116427, -0.3052098243805636, 13.20999617398122;
  -5.878427177526829, -0.4324097413402347, 13.35834314042609;
  -5.902436962136533, -0.4807686953506272, 13.53692529874049;
  -5.931082849686053, -0.7905845519475843, 13.60670614755738;
  -5.964885259309314, -0.1947873456342905, 13.68104627215802;
  -4.856618509170311, -2.415465355542514, 11.39493724122874;
  -5.86900145344491, -0.1041422367918803, 13.53867413043503;
  -5.935627911966027, -0.154738576058446, 13.77122581076535;
  -5.901130023626846, -0.7238353517143288, 13.75981161687008;
  -5.984590072462295, -0.5440974073448918, 13.94809524772303;
  -6.12888555762531, -0.18506593915544, 14.29051979453023;
  -5.960548863169276, -1.232190082262996, 13.98038372514559;
  -6.130260079545499, -0.4623750658505847, 14.367946559335;
  -5.91563706188171, -0.2294324226127486, 13.89671163730142;
  -6.607240829372266, -2.233618232179609, 15.42114060685687;
  -5.972523214677636, -0.3066174472733438, 14.11824362910436;
  -5.912231973825103, -0.734159414517458, 14.05336443077321;
  -2.661110022485785, 0.4934056240479766, 6.863149143547973;
  -5.914537729307654, -0.4054718193809082, 14.08079530412134;
  -4.923707348379542, -1.866797578767535, 11.9177188510148;
  -5.999700398758861, -0.5308967665313011, 14.32345010650466;
  -5.846882144594766, -1.44744612086134, 14.01703427407102;
  -6.071871064455864, -0.01444979544353132, 14.52314897170715;
  -5.785115772885389, -0.5752672335327266, 13.92987039974842;
  -4.85437368146752, -1.761164533668316, 11.87841356428972;
  -4.778228132080311, -1.859884469343088, 11.72506294477172;
  -6.187124299267763, -0.3505203378266233, 14.8808693932453;
  4.798199115892023, -1.818276237388832, -9.847286405485569;
  -4.547753973239821, -1.860276453794153, 11.27695881820155;
  -4.630100447371096, -0.9647093125031815, 11.48734047321026;
  -6.024557638951269, 0.05704374964874779, 14.67345791569111;
  -5.802169734127919, -0.5243660172162286, 14.29249681213368;
  -6.039291943549519, -0.0303242091308095, 14.85326872773931;
  -6.097193269970521, -0.1159977062374173, 14.99466837885958;
  -5.920930561219977, -0.7073048961768911, 14.60391829433319;
  -5.979426282560803, -0.4231120160964806, 14.74211238182246;
  -5.041503619121721, -1.94009636927596, 12.63421437396225;
  -6.085625759290775, -0.6499204791374991, 15.02697829599217;
  -6.057905530002911, 0.04900919204028754, 14.9711744686652;
  -4.894685728167893, -1.950344080563506, 12.35289448189132;
  -4.692731141999025, -1.3155018775321, 11.95760994330964;
  -5.975486479273206, 0.04221762588322539, 14.99696411328591;
  -5.581111843631648, -0.3353048121277762, 14.09177507821445;
  3.768992646766013, -1.382061043413021, -7.998830209985715;
  -2.889410007582141, 0.7719205825864463, 7.931901088596401;
  -4.656013401663214, -1.288431021133069, 12.33823023930115;
  -4.475418753369579, -0.3644764463761571, 12.03232868772813;
  -2.793005673514707, 0.6840857657683024, 7.951071968277222;
  -4.401063079220928, -1.416598158013011, 12.11264385535469;
  -4.465434717093297, -1.790899307552096, 12.31872383032197;
