m=[-6.076472711115763, 1.318871318669221, 8.719368482221885;
  -4.947247779844668, 1.633344230971984, 7.306153602708728;
  -6.022195112384427, 1.357608774664929, 8.698390153355264;
  -4.979573520905191, 1.583697295812834, 7.388742349343182;
  -6.043333575154819, 1.452274080220376, 8.808401605154545;
  -6.038690183632316, 1.539639506488498, 8.839603196872812;
  -5.97491590518385, 0.8830676617043326, 8.761373335432529;
  -5.919361633374922, 1.307752371497546, 8.715621226651104;
  -5.899675641400831, 1.558354870687056, 8.75943500965178;
  -5.901942681420149, 1.453061119032765, 8.765179384034139;
  -5.852315867204886, 1.270693676967181, 8.755116777071109;
  -5.830469850428341, 1.51774841974752, 8.776038969591022;
  -11.76599914100163, -2.730160785920835, 16.76977430733735;
  -5.774191132268753, 1.321428384015712, 8.743395290211055;
  -5.711492420096811, 1.56434876676105, 8.691526152283538;
  -5.925302363591663, 0.6858309310979807, 8.988018069353629;
  -5.760596101881895, 1.531117044323112, 8.764148227328642;
  -11.57087391142684, -0.2031312265270176, 16.62495183495195;
  -5.747481168471282, 1.48638848358736, 8.752702120127776;
  -11.6144369308835, -1.288733305808469, 16.6995948304365;
  -11.56095867681583, -0.2785399952569531, 16.64816474815222;
  -5.790189599818532, 1.366718979709882, 8.83865734670519;
  -5.72416024391823, 1.404588296184017, 8.775535436603095;
  -12.0963656290962, -0.6268363426387191, 17.49585683231828;
  -5.674084580293095, 1.293119736914435, 8.746887793279388;
  -7.283227812119463, 0.3309848315960171, 11.05236576349293;
  -12.19154831060674, -3.868533582597498, 17.93383320803494;
  -5.743887287340245, 0.732334070225148, 8.982288535689241;
  -11.83782854246758, -0.9802967444243912, 17.51905206591556;
  -5.065654014637073, 1.559763002029751, 8.064561530074334;
  -5.584248649814669, 0.9684109311300445, 8.838909663568092;
  -7.326415801729536, 0.3392755035578431, 11.28816534774101;
  -11.97821504753668, -1.339820512649237, 17.85472843218693;
  -5.714088724264799, 0.7929131582884295, 9.044533366482268;
  -5.647856330996478, 0.6906515785359995, 8.956452274241279;
  -12.02109086955704, -2.79483830756566, 17.98954206211939;
  -5.560125567895045, 0.9267820366845903, 8.845435028839171;
  -5.59741418824918, 0.8129090058277554, 8.901903325043531;
  -5.618177076584591, 1.059766115929211, 8.930618388726694;
  -5.575593560670749, 1.01577725514818, 8.975356140451938;
  -5.574882634103103, 0.970836615592836, 8.980308270683752;
  -5.526954803713315, 1.181765549141576, 8.915506898048214;
  -5.539851028994842, 0.9220504598930686, 8.941567471253638;
  -5.539422155498459, 1.224203138709975, 9.052537184996936;
  -5.434826910938773, 1.132926585737852, 9.049122620534627;
  -5.494771780893404, 0.8651485143504116, 9.320704171758209;
  -5.513926340668588, 1.718429083894788, 9.355142735434475;
  -11.97316307164894, -4.313500502178518, 19.56180533247503;
  -11.97493479441662, -0.5842251176950467, 19.56785348959039;
  -11.77632711710252, -0.6453606562151897, 19.28206319097329;
  -11.99501533914399, -3.124997426332717, 19.65443063004765;
  -11.85349511953623, -1.502639668133986, 19.59650286088005;
  -12.01029362609796, -1.402421488042392, 19.91663269240441;
  -5.714432859718613, 0.8951307192062277, 10.14165376805787;
  -5.519712272287384, 1.008619990942376, 9.934099694441942;
  -11.93669611447607, -2.807172909030442, 20.42476350368879;
  -4.711961690410901, 1.787252479742042, 8.658011170796753;
  -11.36278042257746, -0.3672424227869399, 19.50402025050256;
  -12.0544155195103, -2.696765569365367, 20.66715520207528;
  -12.12031503825292, -4.636071348765882, 20.79684966843754;
  -5.66424209625111, 0.860940672994817, 10.24242621768983;
  -6.154744048151621, 0.3702580173890026, 11.10409846951798;
  -5.438852201466654, 1.379908798426467, 9.961375275266249;
  -5.668179214658955, 1.014392676446531, 10.39920839710734;
  -4.672868170897234, 1.767663954225693, 8.77772062100698;
  -5.030942298825862, 1.770398099755586, 9.490404905495979;
  -4.807691839695519, 1.705467433783478, 9.241986304494001;
  -11.97465103698045, -0.5953489856232149, 21.80600851137206;
  -10.22833551618807, -0.7756574213816373, 18.86781436000506;
  -11.16348342327884, -0.7487351249294597, 20.68056615449869;
  -4.683510692421248, 1.756876818925637, 9.284396842584485;
  -4.663769202813372, 1.682057485256848, 9.28755167723831;
  -12.15768309097967, -0.4372214848102213, 22.8427689069375;
  -5.735505838050437, 0.6519300929349502, 11.32613858924217;
  -4.691573091901169, 1.761475947159716, 9.452891912913138;
  -12.03617144170506, -4.023199625810298, 22.79145227296971;
  -12.34252611613675, -1.226382193388026, 23.32686574898973;
  -5.753286843458742, 0.05409391907992405, 11.44496404447228;
  -11.91973210993098, -2.835848329812827, 22.68694073901099;
  -11.84732790335625, -4.137880416191881, 22.63101196213539;
  -5.618921427399872, 0.9615262223411922, 11.24349241108452;
  -12.37347262225539, -4.036721211375601, 23.61387784609151;
  -12.16676395144592, -1.372861316205383, 23.2961666683944;
  -12.54012314215457, -1.000223538131478, 24.08365592593591;
  -11.8460914817386, -0.5433029241443876, 22.84567347421662;
  -12.04971645423743, -1.13985244246353, 23.25135066616455;
  -12.2588187136468, -0.8579717105636112, 23.64876872795475;
  -12.14302455855435, -3.173587834491066, 23.50690109055407;
  -12.05223097183827, -0.3040225366398077, 23.52278722670118;
  -12.36704741704182, -3.492316279940293, 24.17975670883739;
  -12.32968955021516, -4.15769050895542, 24.15264516654587;
  -5.538832359980619, 0.3957370048441493, 11.38099262994296;
  -12.16695265011977, -0.3997575209563417, 23.89429263742851;
  -12.16964002483085, -0.6723037188924438, 23.91347046983682;
  -12.15573588843098, -1.218440057846876, 23.99340336880725;
  -5.428689073021936, 0.727732821002901, 11.30235622346957;
  -6.262463718000394, 1.557605865474198, 12.89750704242766;
  -11.73293028586296, -3.053197770726025, 23.38545613127121;
  -5.414996295207239, 0.4591920168818998, 11.34749743068686;
  -12.34378264474818, -0.6989458063509739, 24.66786595224558;
  -11.96467901038567, -3.22230090746381, 24.0412827133585;
  -12.24727428899367, -1.024395240182109, 24.63790261880703;
  -12.39625453132027, -1.345792515488071, 24.93489604526071;
  -12.5237007249437, -4.406566381522564, 25.22760571739691;
  -11.97889495133641, -1.636809051415685, 24.16434860957605;
  -12.39705351534578, -3.994847280123593, 24.99539041890874;
  -12.18548557341581, -1.177581242411825, 24.58159322818925;
  -12.11463947737026, -0.3283257930377326, 24.45140598405506;
  -12.19357611471367, -0.5897400758484779, 24.61137399983675;
  -12.04901102425686, -1.006231652736207, 24.47961366596756;
  -5.334503024113511, 0.9142919952449341, 11.38674160465935;
  -5.358458819297217, 0.7622876873449235, 11.44601328423307;
  -12.16217767315892, -0.4725097174370514, 24.87421275208635;
  -11.97383349332296, -1.443490356951049, 24.5529381534595;
  -11.51552256003772, -1.212896478386835, 23.72417802906792;
  -12.03769319094551, -0.9607540157653998, 24.78701564672527;
  -12.06229398877904, -0.629826135571209, 24.86437779105754;
  -11.86652095752799, -0.5330202657460996, 24.5735197054346;
  -12.09195798043301, -0.7098647964423548, 25.02724324389807;
  -11.6676397267818, -1.006943893201395, 24.20041107240545;
  -11.88606201243162, -1.718370102028939, 24.65263283403411;
  -11.68681183736371, -0.3165397322103419, 24.28648858040619;
  -11.80215669079274, -1.886367129601688, 24.60281561139549;
  -6.034465197529278, 1.425730575292391, 13.07260066870077;
  -11.68080390583601, -0.5650783198003258, 24.40122947615277;
  -11.94479259265742, -1.476416045611341, 25.00129743362371;
  -11.90044998607298, -0.8384668926974626, 24.9095365751879;
  -12.06485044358081, -1.725282303593232, 25.26547341858628;
  -11.63688630338132, -1.776043368589684, 24.4707467044101;
  -10.3761376095686, -3.289561694148997, 22.0198230955735;
  -10.29197395227835, -4.450850328791094, 21.88882652542881;
