m=[-5.990116362978793, -0.2922417948196267, 9.788255334051474;
  -5.977313516299714, -0.3275658815286223, 9.787001990303706;
  -5.972807497453461, -0.7571587439226785, 9.874398903528803;
  -6.142048926613938, -0.7171965701632582, 10.1853406967778;
  -5.731141017518981, -0.4169544365120594, 9.742271908516999;
  -6.035868609851804, -1.419465376478416, 10.32791550637319;
  -6.104385437172089, -1.365648665624379, 10.46589783130762;
  -2.771642476113807, 0.198027566228767, 5.695070827815858;
  -2.769787242030527, 0.220105233268875, 5.723170487530149;
  -6.150011239302316, -0.6110794663951129, 11.62326781277143;
  -6.070428609495725, -2.029095898851005, 11.49484157814491;
  -2.698857646581257, 0.2288632934260125, 5.655641950757479;
  -6.035747254284804, -1.435977219318147, 11.48789578580559;
  -5.897840944193904, -2.05992108430467, 11.26617833553944;
  -6.185817136251353, -2.018060734113056, 11.80518474425442;
  -6.001431853804315, -0.3405762262455703, 11.50468356999544;
  -6.113870603242402, -0.6898709037976581, 11.70646107136856;
  -6.283186212477887, -0.5011586148669806, 12.06703420249688;
  -2.651998295954646, 0.4545317159694507, 5.660812112305572;
  -6.079113989827394, -0.2788092943543215, 11.72382075879054;
  -6.123496532520516, -0.4285720278078942, 11.81297779881525;
  -6.148051824250456, -0.581579816826299, 11.86339192480581;
  -6.14551031030006, -1.606133353635381, 11.89669857938608;
  -6.170093718827372, -0.1556431790999047, 12.04240128287588;
  -6.2714598999223, -1.770990339804994, 12.26180910250149;
  -6.332889710128739, -0.3498563059193215, 12.44419479646868;
  -6.243889801996589, -0.6258613646562403, 12.32440125260269;
  -6.339250064027014, -0.3589493087475065, 12.66838337304284;
  -3.030263569948423, 0.715944044989942, 6.564529626762361;
  -6.233427051060526, -0.5213807456625097, 12.53981621065547;
  -6.278849310751663, -0.6816598019133321, 12.62981930968586;
  -6.174119416048023, -0.8436382976696256, 12.45470258589186;
  -6.315618446194947, -2.222201930144856, 12.72211269826885;
  -6.283892389985333, -0.6072629410784199, 12.67639977821854;
  -6.242644476073773, -0.1691854885230523, 12.59975047410429;
  -6.323061467892332, -0.3058137099886366, 12.76239465323658;
  -6.185541392249477, -0.2403129187873357, 12.6507338333997;
  -6.088748871023001, -0.7340214214703573, 12.48528088732308;
  -6.024516659522448, -0.6345448069960328, 12.41165609501684;
  -6.145749614544495, -0.3208969814131192, 12.66842280311129;
  -6.134853682294077, -0.360149834082484, 12.69756937800734;
  -6.10335900666781, -0.2741506167916994, 12.63900458748584;
  -6.067227213438555, -0.8771401188118394, 12.58390917505917;
  -5.014314863578067, -1.940694749933786, 10.60015348106385;
  -2.331202397557892, 0.8657211866365949, 5.452709272965103;
  -6.050665088329981, -0.2927109888455307, 12.63985497007785;
  -5.157836504431343, -1.635196257807353, 10.94575377245709;
  -6.031060600880504, -0.4249288596320611, 12.62397008521711;
  -6.073122739826728, -0.750658145839975, 12.71147630161839;
  -6.112992353505757, -0.8741623096634106, 12.80145547910176;
  -6.003730540094916, -0.9163005923188086, 12.62500685303634;
  -4.957537181063366, -1.684610555459494, 10.61670765741499;
  -5.121951338922188, -2.35785602914327, 10.95972612339669;
  -4.923408506911581, -1.782429328873652, 10.57519850409684;
  -6.068596050885206, -0.822303886013832, 12.82853348365122;
  -6.122317472972936, -1.032133540229314, 12.93863032538012;
  -6.134633427988576, -0.3802457640705094, 13.01183053600753;
  -6.101128462093102, -0.2948124706569221, 12.99057100849063;
  -6.128259474649932, -0.4789079934880197, 13.04491669384049;
  -4.972112746069293, -2.119105635569178, 10.77188172344113;
  -6.148761394302078, -0.643212261359153, 13.09523711476439;
  -4.917462663147638, -1.772829723379443, 10.68002743812889;
  -6.048413529962963, -0.6870323187656775, 12.91173256568782;
  -2.994036706149655, 0.8085089515624842, 6.892981499082626;
  -4.853215462514987, -1.806265912806085, 10.58229878124406;
  -4.843893492211905, -1.881824044085603, 10.57305259176617;
  -6.206301107513728, -1.031771796201207, 13.28207182561989;
  -6.17424173354569, -0.8471748547469016, 13.24242441790803;
  -4.905453628843613, -2.086521828858454, 10.74732814106109;
  -6.090136945477958, -0.639395243983079, 13.09832362016389;
  -6.183976888629887, -0.9666023583561964, 13.28716329242788;
  -6.117336414965042, -0.2519695473713895, 13.18244074693172;
  -6.136159219456917, -0.7229364394597753, 13.25386088739141;
  -4.964283994220606, -2.216603268779114, 10.91995578029882;
  -6.097617713603341, -0.2240512770333902, 13.24145638729258;
  -6.086957532579153, -0.6349650386161575, 13.23902626803153;
  -6.131102482941554, -0.9546968147026417, 13.34151800013757;
  -2.583772680097754, 0.2961721774635018, 6.189403610355813;
  -6.043568772254946, -0.6523489708285791, 13.18927514149775;
  -4.789579475798771, -2.34660283394671, 10.67553292951479;
  -6.06007277249577, -0.5423177098312829, 13.25847855156311;
  -6.069576817526753, -0.1847781767975351, 13.32393815579228;
  -6.178293496059284, -0.7165995703851869, 13.59016615793196;
  -6.068177681783459, -0.5929902722051214, 13.40587751560489;
  -6.065168054905612, -0.3018230606539896, 13.41513443340483;
  -6.184024558874249, -0.9245266543262508, 13.66210612121683;
  -6.098850270927928, -0.2044286628742485, 13.55841669664596;
  -6.128389870727051, -0.811966642805274, 13.68415832474496;
  -6.126832215637215, -0.3581024615279088, 13.69543733766181;
  -6.19017481304056, -0.6141747646726971, 13.83434628157272;
  -6.133388206678902, -0.6489991590348059, 13.78731287713133;
  -6.127298877003771, -0.8519045001988018, 13.77855677490946;
  -6.218367158971974, -0.01843681253781006, 13.98650129232232;
  -6.151138725364357, -0.2268307830033684, 13.87890194811293;
  -6.146596068940359, -2.175250384940546, 13.89595089517368;
  -6.330979894472351, -0.5768702571877281, 14.32264547421245;
  -6.265501876521372, -0.353295026863372, 14.19098209270905;
  -6.143932799864568, 0.07987108732555087, 13.94508631989582;
  -4.986884806443326, -2.016185523086315, 11.52242020925931;
  -4.968655753141602, -1.96133744195751, 11.52363530428863;
  -6.13706779362786, 0.07355813189314878, 14.06992069198808;
  -3.026634479416843, 0.3911303096228412, 7.482780740673522;
  -5.716349932788101, -1.611104616293091, 13.2848721203553;
  -6.229499456492012, -0.1187537513343729, 14.39836988022015;
  -4.725439827808028, -2.020815727764041, 11.21422612226123;
  -4.793793479347778, -1.024604619140752, 11.35985449740034;
  -4.760372538007144, -1.072798929313313, 11.29246023990623;
  -6.357827128191802, -0.6086149455107559, 14.77933493466874;
  -6.385228909231794, -0.6793942385244068, 14.9125065368485;
  -4.986350787193766, -1.906931729566991, 11.88356090450002;
  -6.46214638877716, -0.2507405413669725, 15.10542626690037;
  -6.170285599689251, -0.8601333450234273, 14.49049978346148;
  -4.795419093213936, -1.056698173945562, 11.50266290787813;
  -4.839478980806661, -2.414553377631735, 11.6983368216677;
  -4.826341359497956, -2.002039509413712, 11.68786320346013;
  -6.251530653815741, -0.229737633553948, 14.87144856488848;
  -6.32656221346186, -0.5477828534847621, 15.08649700381991;
  -6.3241782078559, -0.05627549539537314, 15.10667892081767;
  -2.901058553884551, 0.7224409876619699, 7.471628085871604;
  -6.205729722097978, -0.2027564473964316, 14.96637354004647;
  -4.977040503786719, -1.506610461642901, 12.18864555187058;
  -5.462284023554261, -0.4163942017873601, 13.32075205406455;
  -5.065231887265345, -1.736228640821595, 12.4503388668207;
  -4.527754619468237, -0.5094577672509046, 11.49466210084284;
  -2.817014960673593, 0.6395055337937191, 7.527832845998815;
  -4.567635835383076, -1.350343721007405, 11.6320405334267;
  -5.028341957759169, -2.119022594646487, 12.78227312759874;
  -5.038424300535506, -2.014162922228228, 12.85665117562377;
  -4.390288664550067, -0.5338938339963391, 11.34172831202894;
  -4.533148421615548, -0.4483753966085632, 11.68698835810079;
