m=[-11.6762032436062, -0.5912152656009408, 14.94382881808886;
  -11.86005242632344, -0.1773513223838988, 15.24357964532632;
  -12.07939479893265, -0.6771828284473171, 15.58460227118823;
  -5.712917269352096, 0.7112611600362824, 8.005539799883882;
  -5.60331871662732, 0.8504622742244729, 8.060957007169435;
  -5.578303206616497, 0.8858614430369772, 8.041483672450434;
  -5.574939165259643, 0.9412910160286817, 8.082292108005614;
  -5.510669141793117, 1.035222614761914, 8.025190536963939;
  -5.566719244288243, 0.8665064455757929, 8.093049407916301;
  -5.458684920311542, 1.092458040834526, 7.960832439123258;
  -5.91022301658256, 1.721354540035406, 8.771925499386136;
  -5.985167202035276, 1.666007240623293, 8.884805415955761;
  -6.17032365912266, 0.3875166988685073, 9.145067043861145;
  -6.064583655796125, 1.125148481516308, 9.082334594243802;
  -6.025772520639098, 1.502337216716777, 9.036150009895668;
  -5.974665781967339, 1.457106624203551, 9.009448692426656;
  -6.018612242921463, 1.544674041646307, 9.074868063157894;
  -6.004883649884079, 1.143140359748967, 9.068093180484652;
  -5.947897778265694, 1.233547660768336, 9.059034826250446;
  -5.902351583408411, 1.298636373762121, 9.036031984311135;
  -5.914894361546357, 1.183057541405822, 9.052700822641905;
  -11.87915907273581, -0.2235320010169227, 17.22439310528025;
  -11.88791560099665, -3.042543149321487, 17.34458997093425;
  -11.71519380579857, -0.5561602800110195, 17.14400745877263;
  -11.72889468872775, -3.036555996453855, 17.22209562875136;
  -11.50616569566101, -1.428476441006477, 17.0471518300336;
  -5.765773760661552, 0.9644419751742125, 9.048218852922028;
  -5.703306918140246, 0.8536592217289749, 9.133710431816589;
  -5.56723761303334, 0.7221519273993148, 9.036059738784401;
  -11.65417836654838, -2.720467245503457, 17.95255473694971;
  -5.307888351339335, 1.670076748404068, 8.729777306574492;
  -5.497764523075677, 0.9500071525103528, 9.030347270005519;
  -11.86806051863642, -2.636448298943815, 18.34471204064759;
  -11.68996387889195, -1.774064916310276, 18.25000344372582;
  -5.448278636209466, 0.5695901101363278, 9.161987064454275;
  -5.419212123241748, 0.4201614434459983, 9.186404926185292;
  -5.458118191657951, 0.6249695087517794, 9.330112700817075;
  -5.312834614760565, 0.4649792940463647, 9.16791922869225;
  -5.307395125305193, 0.8514505220723433, 9.265228938392253;
  -11.1154409679062, -0.5308718635945401, 18.35352898819929;
  -5.263630254774861, 0.9121508930279979, 9.255078776955152;
  -5.300161355680325, 0.764864040194959, 9.344798958269269;
  -5.337774450683541, 0.5466369089306781, 9.408876043098159;
  -5.232351401878002, 0.449902134550549, 9.273556457987379;
  -5.145912871306084, 0.7072596932622952, 9.194071761307187;
  -11.70305841368198, -1.462126485789821, 20.13697414095819;
  -11.64982002394038, -1.150154295570542, 20.06195738367863;
  -11.76153660912538, -3.928280887972976, 20.26654242086478;
  -11.87221733020514, -3.05937004055934, 20.47669615333701;
  -4.603753158174174, 1.771116127367432, 8.562173170917687;
  -11.54719263414693, -2.737509562799145, 19.9979734278474;
  -11.82890340596908, -4.118257971355146, 20.51759144145375;
  -11.6248990594049, -1.075138088550605, 20.23960067360155;
  -11.97400983853991, -3.880248354822741, 20.83488521415963;
  -11.50304061980134, -0.6476039867582651, 20.07543296819917;
  -11.72522643692442, -0.4977932375451016, 20.62532602954107;
  -12.52245791606513, -3.322353398460971, 21.96605576146166;
  -11.81986958265764, -1.111136442446806, 20.82058212260717;
  -5.527293537420537, 0.1427415770695207, 10.28295247415411;
  -11.96862031959215, -3.129644425920653, 21.15296085296144;
  -11.90800582346985, -0.6091422239110991, 21.15450275202803;
  -4.62123220034576, 1.728450609831129, 8.8398784308652;
  -11.80084025603826, -0.3025187534370686, 21.05643871521334;
  -5.143994021699282, 0.7027539543552032, 9.756560482574244;
  -12.31285982841456, -3.448159448235282, 22.0245940433344;
  -11.92110437368301, -0.4034708364473238, 21.43480671621656;
  -11.75819405853043, -0.6355046605106235, 21.18181671317753;
  -11.9042487670124, -1.183457228886251, 21.5208023375538;
  -4.598617439475536, 1.736293516351241, 8.949737352078737;
  -4.678695438107876, 1.655772263987257, 9.113849572768482;
  -4.858458054532062, 1.660405680753611, 9.457952893210143;
  -12.14378372329957, -3.211026068842235, 22.1416362847255;
  -11.97937968167337, -0.3761312974713457, 21.89198985494017;
  -5.35206180944424, 1.63964303288618, 10.36954938966335;
  -12.17914187472792, -0.688295595656691, 22.34627702768585;
  -11.88154516905004, -0.997231575962788, 21.92589378947875;
  -12.01769217914549, -1.615770129766252, 22.21950311846763;
  -10.43511317141883, -4.248491717409832, 19.43899238051573;
  -11.97324400804404, -4.214813382238872, 22.14587341534185;
  -11.77427855957239, -1.152664269723478, 21.80950127873508;
  -11.90746358981384, -0.3217063817100047, 22.05680529158702;
  -4.600164486897099, 1.686432534323929, 9.149492534104168;
  -5.279657439692709, 0.6617813777269687, 10.35106125462606;
  -11.46700321825416, -3.666286516012766, 21.31012692439372;
  -11.8980527603899, -0.4501048629219103, 22.33996016778648;
  -11.72650046417389, -1.412014463687491, 22.04726543319892;
  -11.79200969791171, -2.814778872038282, 22.18212417447091;
  -11.93812106143718, -1.259506809861861, 22.54040616301525;
  -9.62574769712119, -3.728868599722551, 18.37439114295351;
  -5.347275384762914, 0.7290700431720615, 10.65711250528997;
  -11.62712998798681, -0.6059156192673876, 22.00488060018446;
  -11.0766677211819, -0.06505890216025648, 21.03209763745653;
  -10.75100880241289, -3.859171067158325, 20.41658361026653;
  -9.714731915862741, -4.062344275792868, 18.5749120555307;
  -11.85475363884871, -1.632551337400932, 22.44790692770965;
  -11.61326410918941, -0.1981492823069338, 22.02762841386759;
  -11.71192793010908, -0.6768478470821558, 22.2595844254532;
  -11.73583110063012, -0.5216560632614796, 22.30884318739545;
  -9.758100500044202, -3.675626414505952, 18.71554458234553;
  -11.73371289728735, -1.698478272156488, 22.32854233229626;
  -9.861191477347656, -4.31511041484951, 18.93618956857593;
  -9.877123395348804, -3.107344761062275, 18.97435874438383;
  -11.63857172237422, -0.3105292316437007, 22.1868918182962;
  -10.00106761237575, -4.319872757054284, 19.22292038677918;
  -5.241584661489869, 0.5097608841554048, 10.55226454608258;
  -5.358341843355369, 0.9126914083322745, 10.79286175053498;
  -11.73133039449129, -0.5738913096890208, 22.49610690371405;
  -9.599772913440114, -3.464501214917303, 18.60616831516546;
  -11.30992715900992, -0.1974804190070359, 21.76667333660572;
  -11.73453459885211, -1.792519333505011, 22.64551116671419;
  -9.496213052021833, -3.758852956932315, 18.52034259662004;
  -11.18415172311411, 0.09689285653518516, 21.66266918725763;
  -11.6369384513283, -0.6066955007963155, 22.51079402084047;
  -9.291904613055781, -3.962962611954021, 18.20611964765593;
  -9.444784647370387, -4.377465624258361, 18.49172072648114;
  -11.68374373183113, -0.8305242458426568, 22.65469311955958;
  -9.542874014078837, -3.430333639907539, 18.72085019624387;
  -11.67651232068274, -1.583755516849745, 22.68242415295222;
  -9.606121682670576, -3.356366147654808, 18.89829962444919;
  -9.604710171447367, -3.572391698837168, 18.9038525964374;
  -11.34356851877112, 0.189422884081951, 22.14530025062613;
  -11.58525798513603, -0.7109824791864672, 22.60917190693957;
  -9.535259953885781, -4.394080626467746, 18.81050967284866;
  -11.34596771113454, -2.613157480795388, 22.20482943002606;
  -11.22763984738955, -0.8770161127502812, 21.99379556395349;
  -11.33621202314968, -0.5534549218884352, 22.20625572358728;
  -9.233129108351776, -3.595684076226561, 18.29078051981867;
  -9.554010893379552, -3.820363824956685, 18.94997070720748;
  -8.978807033356562, -3.992981143114246, 17.87296823913092;
  -11.56744003508508, -0.4100118309965437, 22.7478290330464;
  -11.29777739609548, -1.891251767246257, 22.28309728234584;
