m=[13.62757701606845, -4.160136346511718, -16.95230169246459;
  -5.812253577385497, -1.487563749402038, 8.480137182198325;
  -5.760177510109346, -1.344614244923319, 8.873203995367684;
  -2.623088666506228, 0.4545632109084409, 4.612195589808153;
  -5.76634930677878, -0.875099196740715, 9.002242932200891;
  -2.588132943215912, 0.3557157218397156, 4.624151361056904;
  -5.734094821413845, -0.2187741252936717, 9.779557832404709;
  -5.726691130144308, -0.7154665456965197, 9.853683295825706;
  -5.696576675396804, -0.5624071547706613, 9.809978030545858;
  -5.776477488286946, -1.929307952792331, 9.953565588420458;
  -5.76568402931386, -1.485768032373907, 9.944406904010727;
  -5.709945248952658, -1.353664931149061, 9.888752788738291;
  -5.719704479533815, -1.99132732411607, 9.921000759690745;
  -5.722586849106051, -0.5292580223769847, 9.963344374350152;
  -5.848553394510794, -1.895258146030613, 10.1765357041309;
  -5.692345056392925, -0.6338166026633452, 9.936870955696127;
  -5.82854372612839, -0.458669598996267, 10.23424494689913;
  -5.876438229700989, -1.536615053260997, 10.38583099041335;
  -5.94044489081617, -1.663594117243054, 10.62595440704151;
  -5.817303823714366, -0.3144125427063074, 10.47959089171428;
  -5.871080204567046, -0.1843415163040951, 10.72923905004469;
  -6.042731970693747, -1.597802655830893, 11.01765121232165;
  -5.928285488894924, -0.3350328646937619, 10.87721213831541;
  -6.011484167459562, -0.8449377890393314, 11.04327923084179;
  -5.853504141504892, -0.4912912484769298, 10.80190398444377;
  -5.827675652334971, -2.051454502247437, 10.77894739433805;
  -5.559003129051195, -1.777351748019841, 10.33077779769026;
  -5.827889206964433, -0.5705317419480996, 10.79500170380148;
  -5.887584667655255, -0.2638765310660838, 10.91913989991653;
  -4.763699726775906, -1.99200435835656, 9.108362870964509;
  -5.792015898533145, -0.2191127047889602, 10.87517487694988;
  -5.712242998100407, -0.6878241089963227, 10.73972051447182;
  -5.777286348901697, -1.379051066713721, 10.86773895763571;
  -5.669749616710027, -0.4955006781780763, 10.69203177795981;
  -5.679344066623881, -0.5991874676633738, 10.7231884600944;
  -4.85431578887961, -2.124176238305522, 9.321616380242888;
  -5.724440762446391, -0.7883287757223996, 10.8396781041047;
  -4.865286363516595, -1.572897714867361, 9.366430494689476;
  -5.708289384218073, -0.2537326707069441, 10.8509854691039;
  -5.688658318037943, -0.8234446023597044, 10.82517095655581;
  -5.713239586379731, -0.1524351906122857, 10.89128732104906;
  -4.655992519682927, -1.842965311981785, 9.080522532449784;
  -5.693245416644682, -0.2785109581495947, 10.91741969709247;
  -5.691012376154021, -0.4097636119699306, 10.93416917395829;
  -5.698262067256215, -0.8095174004978463, 10.96257186211566;
  -4.687299639906135, -1.68492234219741, 9.195367585711654;
  -4.723208919896679, -2.014430963023265, 9.254432788267202;
  -5.684294321517694, -0.8683094657754842, 10.96965111385082;
  -4.70135826922777, -1.64264833031412, 9.249068474119925;
  -5.688969219996022, -0.2965962262648507, 11.00488885782618;
  -4.521680281724703, -1.760890982459953, 8.957425011961329;
  -5.671437723786889, -0.5397004809348146, 10.98194797113342;
  -5.652901989725326, -0.1849831924542016, 10.95822113094297;
  -4.502684121012382, -1.800489001225929, 8.930880773447656;
  -5.699393812158408, -0.9568909374464408, 11.07456858124791;
  -5.717545036987724, -0.7755049835494647, 11.10672245965476;
  -5.585669553597539, -0.5872015148535891, 10.92109731682066;
  -5.681059954642306, -0.9981318533511635, 11.10995840650109;
  -5.908697992065354, -0.02692719631729156, 11.52141815076254;
  -5.670139457631306, -0.2768267375567269, 11.10711113442808;
  -4.622604037342342, -1.775103311913076, 9.229231696893578;
  -5.674188380600314, -0.5050533656428653, 11.12761925265055;
  -5.655241133792598, -0.6446511488418997, 11.10018846894829;
  -5.663002700076161, 0.03881967160711952, 11.17205281990555;
  -5.604790277666522, -0.1457417049904265, 11.09109305628119;
  -5.622794674957472, -0.8750637496545549, 11.13193764903151;
  -5.648387269654399, -0.5855026814034974, 11.18177193750727;
  -5.671562565611689, -0.4391166450214852, 11.24137637706017;
  -5.699515962079022, -0.2376257615401918, 11.3128127839683;
  -5.658137734465847, -0.671797403291842, 11.26115833540903;
  -5.646625848658046, -0.8305431503615182, 11.24601175956009;
  -5.664809884774511, -0.4835367155474283, 11.28946592908693;
  -5.635397591382903, -0.2786686611678786, 11.25748576173787;
  -5.626875263338077, -0.2090462534661559, 11.2588667433832;
  -5.651692092152548, 0.08118666163983458, 11.3154502322621;
  -4.799709320845953, -2.060019533154825, 9.785460365979843;
  -5.60235661820949, -0.7812826449435494, 11.2468075834476;
  -5.578006923676555, -0.6794737505777089, 11.20891811487818;
  -4.616062630027115, -1.789044883930119, 9.475083144040475;
  -5.632936342164009, -0.1817893717402391, 11.39957091764332;
  -4.70890323496569, -1.889720507122102, 9.680053168494137;
  -5.6357343104277, -0.7904170661190765, 11.42744390594334;
  -5.578852292361534, 0.01186706879829172, 11.36711589510089;
  -5.655648927159587, -0.3758158033656796, 11.51452874101944;
  -5.764837811114124, -0.5749772847470219, 11.74690851815552;
  -5.675273227032657, -0.2731950581382083, 11.57786719483838;
  -4.821230281746604, -1.877339878849786, 9.991014621438199;
  -5.692791171794944, -0.8486961605639518, 11.61362940090944;
  -2.832911008588872, 0.7057397777903951, 6.314388177756428;
  -5.536555491120945, -0.6372842745898431, 11.35873881746488;
  -2.733102267336344, 0.8892613344219977, 6.139210000176634;
  -5.650031017287576, -0.7079625971963027, 11.59934016314228;
  -5.698213348774493, -0.1975711270110424, 11.69365449939334;
  -4.579007656945959, -1.95687156948931, 9.636571186872999;
  -5.680101317304017, -0.7537062174607336, 11.71416161987674;
  -5.555931343177313, -0.2365732052792829, 11.48479331029092;
  -5.626708382097848, -0.3263146462619802, 11.61847161184668;
  -5.515833661223272, -0.09347771105385394, 11.43761157472702;
  -5.730407305661737, 0.06875591505210478, 11.85518392659626;
  -5.709494161730589, -0.6094682227917267, 11.86173144438529;
  -5.696508064968335, -0.2544486659952096, 11.85035150962148;
  -5.810660629742233, -0.8119856658776417, 12.07505959872302;
  -5.693937711968144, -0.2072074825535305, 11.88019323264996;
  -5.655115003772056, -0.512729135093581, 11.85649566433432;
  -5.698425902121951, -0.3167780676573427, 11.95412989506339;
  -5.656739019600988, -0.04809885171128143, 11.92038897713165;
  -2.761506430590745, 0.5556791274763188, 6.347154093755405;
  -5.686416221283293, -0.1910540121179911, 11.98011945875855;
  -4.497311484169225, -0.9589940730857307, 9.686688050718683;
  -5.569948416894557, -0.6844279393434967, 11.77909555656494;
  -5.725304681165977, 0.07301308631849987, 12.15189610990726;
  -2.75629830090664, 0.6286789754148739, 6.383232480817196;
  -4.590535087012535, -1.748263122232227, 9.979503344971525;
  -4.44553061289566, -0.974268822383073, 9.702087524198594;
  -5.874570086312725, 0.01336684155403931, 12.52908969930148;
  -2.712516661278168, 0.6520054279769501, 6.356271660826299;
  -5.802912260809679, -0.1144752869729192, 12.4361577368947;
  -5.918395890664185, -0.3011997958824373, 12.66642915355877;
  -2.665211366601052, 0.4469175104617029, 6.276771329364618;
  -4.416962396033366, -0.9502451518348706, 9.746409521727124;
  -6.043570050454996, -0.5774409496535556, 13.0484266855903;
  -2.672256586775887, 0.6346196839040921, 6.353137545969934;
  -5.841309826019946, -0.6225761504450412, 12.67863255182262;
  -5.932522897922024, -0.241499394190895, 12.90145635726205;
  -5.741963337858388, -0.03834573671566551, 12.55222735311816;
  -4.628195093418065, -0.6553171057773189, 10.32154911575031;
  -2.645171874928908, 0.4791733545317383, 6.347838713108382;
  -5.831113300886474, -0.2153902760653106, 12.89029483665967;
  -5.658660263686602, -0.05568962586232651, 12.57496821324951;
  -4.402570800731782, -0.6628576336474397, 10.10059941791173;
