m=[-5.868420710540113, 1.342573674430619, 7.996019122996733;
  -5.91089014570559, 1.236394528028225, 8.054471978939215;
  -5.936519275340551, 1.428005838874218, 8.089217914902582;
  -5.863719765381437, 1.035448117220154, 8.192587314038168;
  -5.507889802875978, 0.996599555836629, 8.050366170388383;
  -11.88076821807297, -0.1362306089258656, 16.24802374971784;
  -11.76632367349123, -0.471789673177052, 16.23651581758812;
  -11.85878048096769, -1.358685605043952, 16.5620364848261;
  -5.306230644407917, 0.7932653312709946, 8.159808384577158;
  -5.334079742766285, 0.5121226493114663, 8.207526922777335;
  -5.301177117765747, 0.7195760980795394, 8.19070329539379;
  -10.95345574062346, -0.8333415761533424, 15.89159886628189;
  -5.282080142724297, 0.7172618239558615, 8.233501871012436;
  -11.9346056450063, -2.679502726829792, 17.38489267981906;
  -5.21595962106471, 0.9543574004028816, 8.187641631449415;
  -12.21371483520086, -2.612916324960837, 17.87667305512048;
  -5.180411145961538, 0.8004270056919762, 8.164653130017893;
  -5.240256959500188, 0.5919437867258555, 8.264423592287594;
  -11.95677587202308, -1.71406715713381, 17.66924477491038;
  -5.192096246410916, 0.7660219592515249, 8.27573839370246;
  -10.92626368621184, -0.7189609091027094, 16.70726877087819;
  -10.93229233341169, -0.629714231652067, 17.33566358939895;
  -5.203813988955058, 0.7626628418359617, 8.866873755012165;
  -5.028890465775017, 0.7719696945066961, 8.630443801482233;
  -11.88214756698484, -1.3710889893628, 19.4581992675739;
  -11.80448369367086, -1.059818834370289, 19.34341575343458;
  -12.02528211974101, -3.895937934291079, 19.72456409755716;
  -5.656889601041132, 1.172369021048096, 9.816321653473313;
  -11.90726019509943, -2.962669422797545, 19.5640125309396;
  -11.99665205309711, -2.737296474674758, 19.76738561051038;
  -5.399384434789881, 1.710531105662746, 9.461170271467262;
  -11.72611617998047, -3.972480889092497, 19.37607786498889;
  -11.9697581639541, -1.006813939312156, 19.83996470556672;
  -11.88783550463198, -0.5616251039990025, 19.74235995549288;
  -12.15103165666858, -3.819405377767173, 20.15610627725549;
  -5.275417230974451, 0.7156993314739871, 9.35343819038664;
  -4.671962214476149, 1.675286543697044, 8.416642414007287;
  -12.21152571036334, -0.4030763509684476, 20.46965391174798;
  -4.646302249435849, 1.751150402820232, 8.436763871793303;
  -12.31846942850999, -3.132099559099907, 20.78195459084202;
  -5.301234467801798, 0.632788814833078, 9.531923361188023;
  -5.460836210471261, 1.287326659272295, 9.837866257191921;
  -12.2197503836177, -0.2122260775217554, 20.79862974866787;
  -12.26526007678882, -3.323190046208142, 20.97574557241293;
  -12.42265814480822, -0.3159139560701886, 21.32593279517762;
  -12.30316850276066, -0.5548270104573233, 21.14863794948651;
  -5.231229581524183, 0.9500611909205402, 9.572330404836915;
  -12.37685620616954, -0.2863281879096646, 21.61729546722183;
  -12.86589558400662, -3.277718164749021, 22.43194719670358;
  -12.47633748595372, -0.7791455971282846, 21.84410486393786;
  -5.281569694211999, 1.295266219757741, 9.829575691240144;
  -12.40064817218725, -0.5846650423846704, 21.76755855710917;
  -12.41948069941608, -0.9413683661057027, 21.90761993804971;
  -12.1739854908778, -4.174744486990772, 21.53526505983127;
  -4.87628713933187, 1.698461648846805, 9.227785349049707;
  -12.25512789564477, -0.2131292217250335, 21.70468969699598;
  -11.53376479048622, -3.597705761566882, 20.46826900382514;
  -12.40516573982035, -1.106542238973234, 21.95846566971799;
  -10.15936437408349, -3.072791336965258, 18.31673055568067;
  -9.813426264579142, -4.007171579618197, 17.77985865069856;
  -12.01512181413791, -1.965146446384487, 21.55954562085096;
  -12.13756051333077, -0.3551571586299417, 21.80250895141926;
  -11.94197487935729, -1.32774792677405, 21.46717539262394;
  -12.16980687028379, -2.78845076934406, 21.89424955400411;
  -11.59874419910321, -1.125010345878862, 20.96143786102848;
  -10.05810017844806, -4.30153942469061, 18.32131678737352;
  -7.4145889602676, 0.5042353362464284, 13.77711908675379;
  -11.84153473638486, -1.503065943084755, 21.45660793525366;
  -11.91064131516365, 0.03463730691963544, 21.60003660221549;
  -11.9230844311182, -0.4266761839493438, 21.68192714078336;
  -9.897678743229584, -4.18016022679855, 18.16373905696596;
  -11.8436983548854, -1.594158151957753, 21.56118949828787;
  -11.91423717831671, -0.9073197916994532, 21.69310196877215;
  -12.03942834522397, -0.2059979420930442, 21.95015988178153;
  -12.25705303457578, -1.041513949607155, 22.34302348256576;
  -9.583353381033813, -3.702830595058768, 17.70996009576839;
  -11.74464791479959, -1.742627522118408, 21.5026406124296;
  -9.625907615408879, -3.500177389561026, 17.80499551846949;
  -11.89128062229696, -0.4645544805338946, 21.82301357267289;
  -12.00565090004553, -0.3479963021356683, 22.06382336235678;
  -11.96728557709856, -0.6941543614795481, 22.02474144791254;
  -9.685558116933875, -3.386665625796115, 18.01335917355585;
  -11.86544077639612, -1.69807543515341, 21.92107648558561;
  -9.683614297869687, -3.286865512222724, 18.06964836478911;
  -12.63445472725415, -1.33809815433093, 23.30312307386187;
  -12.89929050787136, -1.494856149697801, 23.7954756540988;
  -12.0141873378917, -0.5228798752276805, 22.24265890501049;
  -11.96932852130241, -1.159184734079105, 22.16324076293518;
  -9.275721702667623, -3.516266812780932, 17.39498348374153;
  -11.84625578167658, -0.01108566164423211, 22.01289902073743;
  -12.12663674610523, -1.544975014161496, 22.55651119871622;
  -9.883548189886827, -3.33684150552444, 18.58968620453884;
  -12.02484145965502, 0.3110672789480604, 22.44870904114624;
  -11.71505112552226, -1.680287094798596, 21.88775682005839;
  -12.2686096716539, -0.480616346606603, 22.9860013917444;
  -9.543962486929809, -3.609696779805789, 18.097288357203;
  -10.13963434976511, -4.527852656334298, 19.25525782714995;
  -11.96746644586064, 0.209256107155459, 22.60782145115465;
  -6.103475883170308, 1.723932422770417, 12.03671400040833;
  -12.44835449518375, -0.1862888905331036, 23.53063974111318;
  -11.96719158965765, -1.748705143511086, 22.681456976754;
  -11.95219550855618, -1.122706680229968, 22.66048755967154;
  -12.16406364026556, -0.8244341874596031, 23.0831675001941;
  -12.12278148539189, -0.3853632610524829, 23.05369199386663;
  -11.78699718854898, -1.281404225083533, 22.48802004980915;
  -11.97140663585945, -1.638478269021067, 22.83898483027385;
  -11.93443401200311, -0.4658821839872878, 22.83974652921241;
  -11.94442362938884, -0.3204961310122871, 22.89335385648447;
  -12.04102145045433, 0.282816721767381, 23.09624856592976;
  -9.848967645538647, -4.124505896015354, 19.11134522537865;
  -11.90168693453167, -1.541497918868854, 22.88805098241097;
  -11.66680215892991, -1.314599584097573, 22.4671692430965;
  -4.669653809590258, 1.734405693227433, 9.598333117723858;
  -9.2240579333582, -3.464751697003175, 18.00469636788886;
  -9.811248348183684, -2.743626007661317, 19.09800808608011;
  -12.02678515661787, -0.2670748218908013, 23.32459220670217;
  -9.646649967986644, -3.794975446177003, 18.8846964025729;
  -11.57703358815387, -1.231409482128969, 22.51042159624205;
  -12.02009939518367, -1.559815478825332, 23.36017598322266;
  -11.88339336062059, 0.1357457981532191, 23.20660310703434;
  -12.106725705045, -0.6937459574631008, 23.6276244996435;
  -12.43069402631444, -1.122154043193207, 24.29509627684071;
  -12.01324448977663, -0.4779730542727394, 23.51707476315495;
  -9.757835067619599, -3.70109811307823, 19.28542861116577;
  -12.02412281933728, -1.6660074864748, 23.53999484822623;
  -8.8422594274448, -4.062773621363737, 17.57953706174299;
  -11.76622005479589, -0.7771543422661962, 23.06277475756244;
  -5.721342555949265, 1.485423623830044, 11.75495490671902;
  -11.89694124324859, -1.266378958080859, 23.38647066551585;
  -11.81489786809289, -0.0199728342999819, 23.27559387817332;
  -12.09075790097748, -0.28692292203571, 23.81459342996043;
