m=[-5.899320618713718, -0.2365427489420545, 8.140555639699519;
  -5.966204179066027, -0.8552869724705517, 8.816617719135531;
  -5.848897534234079, -0.9927855750708945, 9.02654666587314;
  -5.956942510877646, -0.6873755977938998, 9.755086254290006;
  -5.966816528329304, -0.535706999311279, 9.777523170608658;
  -6.007251451114266, -1.946222847512308, 9.853441700393015;
  -5.95798623080098, -1.482418569698138, 9.789163532894701;
  -5.947991658510607, -1.357163359091729, 9.800754760702121;
  -6.082891996062418, -1.912021222443876, 10.09028871045801;
  -6.083394233876001, -0.2007998351272582, 10.19733140065263;
  -6.069376814608383, -0.5174647514498004, 10.19287785331511;
  -6.095566302113993, -1.549861420537274, 10.28356508340358;
  -6.197382504912107, -1.679139270095316, 10.59861085897116;
  -6.176348933135662, -0.1570674168758509, 10.60291611764799;
  -6.24295084485508, -1.59045542163839, 10.88471010735455;
  -6.164043611111965, -0.1425999791842179, 10.76605801946917;
  -6.220507673088908, -0.388469867126189, 10.89113067603886;
  -6.161572881571218, -0.2905054816440827, 10.81575709923883;
  -6.175754282752354, -0.4681081165413153, 10.89385948831842;
  -6.131555038674593, -0.5469354286096668, 10.85350600246573;
  -6.108391075954013, -0.106231174990257, 10.8183883497942;
  -6.048901956608366, -0.1769969203762664, 10.86554739812545;
  -6.049962227729405, -0.672654639293744, 10.87555463593529;
  -4.963011425189577, -2.096065502117402, 9.107877392519768;
  -3.052054800407081, 0.4307639083301781, 6.018530401275908;
  -5.965275144975772, -0.578596797973237, 10.78054159389214;
  -4.836814113608657, -1.868855563432238, 8.938393643313404;
  -6.049659664575485, -0.2579808508277366, 10.94565095269257;
  -5.973719548523891, 0.01737215922963129, 10.83338482666022;
  -6.020576779750649, -0.7642019482123971, 10.90915648883532;
  -6.038106238087344, -0.04184138269558261, 10.950066685293;
  -5.970733853693146, -0.213667021380979, 10.85767840869364;
  -6.11452334665286, -0.2963431089472847, 11.11614886268631;
  -6.02790384140135, -0.8113540010940611, 10.97366490664643;
  -6.002068753281058, -0.1026970530513059, 10.94290899685682;
  -6.057739135657699, -0.5147419852937798, 11.04247549369783;
  -4.881636256047452, -1.656951770244325, 9.109145395329138;
  -6.01575229873817, -0.89259512912415, 11.0139154984938;
  -5.935560780034336, -0.2318834650723753, 10.89300871608675;
  -5.98356169490076, -0.1734397710513305, 10.99650901173162;
  -5.983327526370004, -0.3470588941688265, 11.01179051151443;
  -6.064434004160061, -0.7027872160893841, 11.18713402212484;
  -5.977517275152964, -0.8554486461501116, 11.04329926311731;
  -5.98486849618296, -0.2604726565789823, 11.08018252155048;
  -4.761487340224849, -1.800879408592973, 9.028745609931731;
  -5.910769705244498, -0.3639618379450877, 10.97207433406759;
  -5.94217784485196, -0.8522852047952775, 11.10203807530206;
  -2.921620433072591, 0.7585359500346396, 6.00270235691543;
  -6.04481518571603, -0.4194035065739062, 11.32067612337093;
  -6.038566131148265, -0.2365576597811514, 11.31362829281396;
  -6.010074708768474, -0.1452328301298775, 11.31853814415465;
  -6.00194805397992, -0.9434496474996552, 11.32398694220571;
  -6.081141817502218, -0.09100392849474583, 11.49494556711295;
  -6.024155867990825, -0.2540882807040345, 11.41144160420789;
  -5.980752000548018, -0.5617905278580179, 11.33906788998556;
  -5.993942652630832, -0.4062467434109278, 11.37442110868591;
  -2.892316855401589, 0.6369208247212103, 6.033674071914801;
  -6.025967829938355, -0.1915555944599565, 11.45948283269389;
  -4.699507102690182, -1.765234490802496, 9.173099201456198;
  -5.949855211468481, -0.6468288305029748, 11.35153094114176;
  -5.977250212833078, -0.8180821920201569, 11.40336562695376;
  -5.991610623620304, -0.2338933409096917, 11.46655700702603;
  -5.93090025558286, -0.1591395821441868, 11.36749687146855;
  -5.929259689221595, 0.1392650776940405, 11.37309290226721;
  -4.933370436181132, -1.940779414028061, 9.657777906100792;
  -5.96285286352323, -0.772304407787209, 11.46712067723409;
  -5.964657527312517, -0.1324551678608848, 11.56777997324138;
  -5.950594557261348, -0.7721924081883345, 11.56454131470249;
  -5.007182063153289, -1.899199151999672, 9.896216891643922;
  -2.833559425077905, 0.6809446408595259, 6.055555578578665;
  -5.909789261088501, -0.03479116296226831, 11.51111518649715;
  -5.96272032592582, 0.06811305535752732, 11.64435778929568;
  -6.062278702920581, -0.3473838794756249, 11.83121252553899;
  -5.910723604266773, -0.2351709911920634, 11.57080662298841;
  -6.110980728208409, -0.5516555807357439, 11.94357007126497;
  -5.998474250748415, -0.8311211686146076, 11.74339742544462;
  -5.96640309476505, -0.3940786464313297, 11.69464875266408;
  -5.966581705080082, -0.8871929846444471, 11.70187580682488;
  -2.798638457494553, 0.7073842286505564, 6.057911715343032;
  -6.044960687070117, -0.4396619042183998, 11.90527978517963;
  -5.983579085508531, -0.1980817556870332, 11.85438500302402;
  -5.987444956943497, -0.5287702826330214, 11.86604238619146;
  -2.756550736111775, 0.6866479247144884, 6.045818336616253;
  -6.018142890341944, -0.6537058176919411, 11.99883925466077;
  -6.00168864551484, 0.03819280496076635, 11.9783988528267;
  -6.026095714518578, -0.5725143203244218, 12.02389666341496;
  -5.036071159671017, -1.891629295274464, 10.22021201017967;
  -6.192413019338052, -0.8026049560621288, 12.35182888750843;
  -5.583536844054449, -1.826889859088881, 11.25907118688181;
  -6.044092631773989, -0.1520695388404354, 12.11439822632672;
  -4.902946413536322, -1.939201274472372, 10.01455227301414;
  -6.04739193763023, -0.2762406057931751, 12.18341351564898;
  -6.100210884406181, -0.4874435828455407, 12.28200853730047;
  -5.876144458834419, 0.01562214315945158, 11.90453349131334;
  -6.095744286442796, -0.138976756802082, 12.33675718492443;
  -5.998713678452115, -0.6759884638528172, 12.16058081315412;
  -6.209736929248094, -0.3505430160968373, 12.60330559701361;
  -4.690982320780303, -0.9599169693557613, 9.838393424718721;
  -6.067392156190972, -0.5770469386008466, 12.48065059429328;
  -6.110967259740527, -0.5130072107001571, 12.57059103045202;
  -6.172182912685072, -0.1381875639922283, 12.72032361156123;
  -6.173091440868138, -0.05706075743662433, 12.72996342490613;
  -2.403775186104619, 0.8774185708627501, 5.592136361983956;
  -6.28869742524036, -0.2481812167900839, 12.96736700941645;
  -4.557840864888918, -1.726634035635069, 9.704449613554109;
  -4.779892358173428, -0.6062068257998666, 10.23100041251557;
  -6.060526786738762, -0.1784390912296844, 12.716887274072;
  -2.641195269886707, 0.4229015945766227, 6.180546668040833;
  -2.634490726606654, 0.4673736518931292, 6.172594403310037;
  -6.142332235725927, -0.06806029161503073, 13.05967325874501;
  -4.64757311286191, -0.6434685830345372, 10.15934372857415;
  -6.170968369311469, 0.006848435327015482, 13.20656080934826;
  -2.597449579670009, 0.4680075005470314, 6.171482951627235;
  -4.590016524059022, -0.6411965625424727, 10.17112883259151;
  -2.574776014211541, 0.4236793232126299, 6.19224520023274;
  -2.558154672495652, 0.493916375335679, 6.159410942893016;
  -4.362058310671489, -0.7036792179424242, 9.835015533863988;
  -2.538173613678914, 0.4742179566689245, 6.190458607620331;
  -3.102817707197787, 0.2783696998869212, 7.536000124207842;
  -4.497675125030609, -1.204971142583607, 10.55312397738118;
  -2.508698499235513, 0.6187901904364199, 6.366787046047119;
  -2.856798924707857, 0.8180605887353769, 7.241997897800308;
  -2.443115369736403, 0.8768130073212248, 6.385373498802587;
  -4.335952650273721, -0.7017602489640562, 10.66422159424772;
  -2.589801282942657, 0.5272019403833393, 6.863993565992739;
  -6.118736289584708, 0.06715063777383977, 14.88404904528548;
  -1.624629747270509, 0.8406843280604535, 4.736649226031416;
  -6.071444473914485, 0.1088253774073332, 14.91604002187059;
  -2.981445915269204, 0.3485716129379045, 7.858887861689714;
  -3.04631044416915, 0.3268856334498319, 8.065329669728769;
