m=[-11.94145931574889, -3.414604305331785, 15.21952656351588;
  -11.99643917799133, -1.714362645882974, 15.35563192671284;
  -12.04930485790692, -3.343689201940262, 15.42036465633047;
  -11.97896864621727, -3.505765957281426, 15.43262348101273;
  -11.91648070638184, -1.656670846005901, 15.37082098630867;
  -11.916754049454, -1.499667324258808, 15.38037268227826;
  -11.97464382818749, -1.597501601591421, 15.45862689065986;
  -11.84268077152263, -3.095437959060466, 15.30881024416722;
  -11.89318157213772, -3.516169143232828, 15.4443498550953;
  -11.92102246156132, -1.769475977535355, 15.4803798641998;
  -12.02901144679136, -3.396655918606242, 15.64696997198495;
  -11.89656381176211, -1.461777182067565, 15.51741566360049;
  -11.94487270621429, -1.543526409619866, 15.59001713541273;
  -11.94103339290411, -1.638235902675924, 15.64217719797328;
  -11.91294091940759, -3.399861788258063, 15.61437337906062;
  -12.09772042542307, -3.544502612076547, 15.85629461036831;
  -11.91092520271874, -1.698314694622466, 15.64735840742219;
  -11.99625701609642, -1.824105645634657, 15.75769936462461;
  -11.89331665773043, -1.345160652421824, 15.66845080887062;
  -11.94315812023514, -1.514002984374586, 15.78561639543073;
  -12.07042419054308, -1.639706134311191, 15.94967469173079;
  -12.27183031342104, -1.425438496087806, 16.32399750167869;
  -11.86485930974268, -1.495027548959724, 15.81953773412225;
  -11.92044630443642, -1.751878373807275, 15.90665369790048;
  -11.99407994190471, -1.853105166384924, 16.00865022726958;
  -12.05988354924976, -3.032025744041825, 16.11788390635898;
  -11.89851254254394, -2.747472726289042, 15.92124508576089;
  -11.90272028776601, -1.31696263221389, 15.92962539014345;
  -12.0125672529061, -1.165800984392606, 16.08536696242389;
  -11.96848363299924, -1.889275927312166, 16.03736796249279;
  -11.92897351779023, -2.264099121236444, 16.00311468337953;
  -12.08187541590108, -2.387507585603064, 16.21827304733032;
  -12.08501985638874, -2.487266655055711, 16.22042785699632;
  -11.92745145619631, -3.05553863954168, 16.04526423906886;
  -11.94984205713378, -1.721220296538438, 16.0881431631895;
  -11.91220987365139, -2.801841081179655, 16.04602936854872;
  -11.92012491342143, -1.497521307690001, 16.06361552585791;
  -11.84767428911817, -1.089334969472608, 15.97701779166319;
  -11.99817150530057, -1.595234899481353, 16.1687898556714;
  -11.9372376164683, -2.987733936572774, 16.09125863130769;
  -11.95844471489131, -2.88232424637268, 16.14762112407971;
  -11.96242546606803, -2.409978139019773, 16.17352680010477;
  -11.9931506844344, -2.625808892748273, 16.21462350419147;
  -11.87673932006971, -2.714470504493944, 16.06698599520721;
  -11.98986735016366, -2.029420999863351, 16.24010169852424;
  -11.92400053753632, -1.88531092275668, 16.16550133365791;
  -11.93167884043731, -2.165086590610515, 16.19057163767266;
  -11.89398004882908, -1.369006042042108, 16.16639966088916;
  -11.97792260656064, -1.462183100923609, 16.28189144443808;
  -11.94681635869967, -2.896645481164791, 16.25123475387712;
  -11.92953788874404, -1.233128145676756, 16.24125603473204;
  -12.00398912811489, -2.68040569657593, 16.34174480464575;
  -11.98260918673838, -0.9861879695334741, 16.32568912095707;
  -12.02916093613537, -1.859574961660855, 16.43974781842534;
  -11.68067879203076, -0.8056185862678101, 15.9944369398227;
  -11.95714689112639, -1.766827407363123, 16.35093063959749;
  -11.87574016800949, -1.626601054234892, 16.25713951972307;
  -11.90039417436882, -1.499252980177088, 16.30523693903368;
  -11.99046756937256, -3.062318420554473, 16.42756078428421;
  -11.92055279160365, -1.335881017952217, 16.3398154696895;
  -11.94917795510465, -1.081728487753837, 16.38587085791544;
  -12.00438690707662, -1.907901623459912, 16.47909605144638;
  -11.98657251639579, -1.182608942214403, 16.4574485237161;
  -11.96840978427667, -2.292959405182357, 16.45581018994207;
  -12.02428204049699, -2.169131376398703, 16.54490737389976;
  -11.89866727692323, -1.387844744473785, 16.41585020886863;
  -12.02132993079005, -1.741036409243319, 16.57781892107358;
  -11.97438745643368, -1.600997862489404, 16.52079728933457;
  -11.96808861704541, -2.933850759565957, 16.52606774175986;
  -11.99087508995455, -2.814808160508084, 16.56809743802705;
  -11.94246362697306, -2.677640299290841, 16.51327633114205;
  -11.89846008987477, -1.119193172337503, 16.46066263293395;
  -12.01531736473431, -2.440089190267231, 16.62056481884708;
  -11.91810533909567, -1.319056719810998, 16.50894261736013;
  -12.0873890270077, -2.134063066011882, 16.73786063737265;
  -11.98461523373805, -2.035278626801473, 16.62180808414085;
  -11.94703797473385, -1.903654772935753, 16.58527601143437;
  -11.97665408660927, -1.388300810657901, 16.66472825401395;
  -11.96587842843885, -1.25861271509012, 16.66069714916585;
  -5.281028026682986, 1.43588692372442, 7.985374766735469;
  -11.80989473939004, 0.4011628293548799, 16.8253224268984;
  -4.940057458610159, 1.558606306565298, 7.72830406456658;
  -11.6746188647971, -0.5505707719443724, 17.22545043292304;
  -11.76097290579329, -0.2284214194114904, 17.40723004202672;
  -11.8734666192972, -4.046696854970997, 17.58529023516047;
  -11.773995161641, -2.957616362696766, 17.48494173921756;
  -11.67804416567872, -3.523584886325647, 17.41287285215386;
  -11.61668513158889, -2.870582869916813, 17.3620543867569;
  -11.57909854652869, -2.990529739911338, 17.33437797317329;
  -11.42714006636861, -0.4465801216056196, 17.13040760847646;
  -11.4532007159596, -1.162776249510354, 17.26471530488588;
  -4.858109690327697, 1.746803149714329, 7.901100840388522;
  -11.53788380102586, -1.437372600090725, 17.39700637101622;
  -11.23706146888266, -0.7892842175650399, 16.96942391328312;
  -11.60239515288339, -0.613076580013994, 17.53133951511372;
  -11.72034439175162, -3.587177530133272, 17.73148865034066;
  -11.35261963613131, -1.699045768682142, 17.26455324843686;
  -11.74770008593167, -2.989842637207997, 17.84333249383215;
  -11.61420751082396, -1.282726058257227, 17.6738950690108;
  -11.68254366055499, -1.063395297808655, 17.78054003602707;
  -11.91615298065452, -3.511366919245517, 18.12832588079463;
  -11.76083719775591, -0.08018350105827847, 17.93626428632571;
  -11.69919917093736, -1.393445030994772, 17.84834987016182;
  -11.90562236777652, -3.345506800051529, 18.15078201799698;
  -11.79787970485897, -1.18502132604894, 18.09130773378642;
  -4.820265296562355, 1.670749950951923, 7.993119538632593;
  -11.91446601807532, -3.069305771117764, 18.43660483844581;
  -11.94465676363828, -3.650590344533118, 18.49575336266335;
  -11.59387541357067, 0.2603523973025128, 18.00861012232491;
  -11.4724661940063, 0.1570787688241307, 17.88823364035522;
  -11.82951604431756, -3.928178039476526, 18.50402578907393;
  -11.86085741477732, -0.6779046203927506, 18.66808746507857;
  -11.02040388766559, 0.3320935688236088, 17.50671427402643;
  -11.13248845696746, -3.997034702631808, 17.68642075717768;
  -11.9938555349483, -0.8935242566930262, 19.00297169054618;
  -4.843575545586412, 1.689728635617442, 8.321460054412878;
  -7.849782666392715, 0.7058134816432344, 12.90704495223776;
  -11.78310180039983, 0.04927015651380386, 18.8824569173061;
  -11.24978073537477, -3.727260549032597, 18.09803504562236;
  -10.87569418528145, -3.264493305627032, 17.57755128478586;
  -7.920229267189799, 0.43320781924697, 13.07731954427154;
  -4.780875015120184, 1.74684978757921, 8.295427371289769;
  -10.76669828129639, -4.104960040744013, 17.48492177783795;
  -11.6763891268786, -0.02540642469885546, 18.8848335887301;
  -10.84930238678017, -4.019864374342487, 17.62356126389713;
  -10.74119544132248, -2.917012851454181, 17.4961045616738;
  -11.54508204687427, 0.03065401730872307, 18.73875738542255;
  -11.70311247157109, -0.6957359369456539, 19.00011741300447;
  -7.608837561472353, 0.6188248377701912, 12.73585307011581;
  -10.65818230047866, -3.859608356647172, 17.46281208741537;
  -7.189051433298064, 1.17656471695664, 12.11516906420709;
