m=[-6.081299808746373, -0.5720193347270317, 8.41304032331745;
  -6.112439471660209, -1.370480561425143, 8.451891101006288;
  -6.105907754855593, -0.6422406163816635, 8.501563887078907;
  -6.048403720721257, 0.2054543925435901, 8.617040626938143;
  -6.151793693290234, -0.4149410873439026, 8.9164434647042;
  -5.989404551468772, -0.1163261151976829, 8.864822976577241;
  -5.981586196889519, -1.502568751551606, 8.88293945469435;
  -5.988236020174878, -0.889278343660619, 8.924287374601564;
  -5.939618333361903, -1.467730806891592, 8.877229207150144;
  -5.889664080101305, -0.2301719315446998, 8.829186111586727;
  -5.976351132401752, -1.543510120911635, 8.946838910919487;
  -5.960405805292641, -0.7425385917985752, 8.987195534011057;
  -6.051656085419825, -1.852195123633901, 9.155436701152244;
  -5.846326258387142, -0.8749677352030927, 8.890829978520735;
  -5.958159675680053, -0.6580463340378205, 9.066816553281123;
  -6.005244193667293, -0.7152607250557169, 9.161627036027625;
  -5.922633341638519, -0.3387126522807972, 9.101030925533937;
  -5.993759520552457, 0.1408508351163648, 9.306732299459091;
  -6.102663811410402, -1.572117560882456, 9.443343997302584;
  -5.89497290470031, 0.08071281888855794, 9.191628969709621;
  -6.073383806320246, -0.3471228765125749, 9.559044185466822;
  -3.641310914382516, 0.5959392536111183, 6.136428116059305;
  -5.728729614819805, 0.1726319908057381, 9.100504259381374;
  -6.032660699813668, -0.4494241782365671, 9.558100826143047;
  -6.017054602968708, -0.3297715475890503, 9.578235586636998;
  -6.03482488491415, 0.0252341676792633, 9.670825460322469;
  -5.476710888075526, -1.487323839463478, 8.920897759963772;
  -5.926839053863331, 0.01573669430892707, 9.619818953375152;
  -5.946244080219957, -0.3534970467479414, 9.653785346847567;
  -5.528693750470139, -2.002193194951019, 9.065355776499862;
  -5.48304135457285, -1.504968339731107, 9.043513440204036;
  -5.415072634210621, -1.950613326045317, 8.966742224057748;
  -5.926401356269812, -0.2093495883877509, 9.864137192935676;
  -5.408652938591167, -1.545440706186588, 9.12147714103325;
  -5.514610643036646, -1.51806234302676, 9.341179077896955;
  -5.950111717016235, -0.08486267634845882, 10.090179349995;
  -5.833061909608627, -2.067930607470881, 9.961995437306241;
  -5.910264823921641, 0.004671620615004069, 10.19759410013835;
  -3.739988138825478, 0.2634276797090031, 6.844618964736808;
  -3.303727383874933, 0.7267808544316656, 6.2032298440078;
  -6.04596075643562, -1.939259418890104, 10.58786774091414;
  -6.004378478499327, -2.083654781123877, 10.63178702509655;
  -6.056577036460133, -1.660283035066818, 10.74966570873333;
  -5.958139784233128, -2.116010161890223, 10.65032361487486;
  -5.98262552795819, -0.1440389078329387, 10.75422668646788;
  -3.175951987919603, 0.7617176504636606, 6.229170239065167;
  -3.169239431794507, 0.672454629468318, 6.236461097137918;
  -3.131961538288263, 0.6516236490140256, 6.239062416270833;
  -6.131942371738255, -2.081122602161987, 11.32151839546192;
  -3.089126508100443, 0.7772909005366778, 6.231130988335188;
  -3.084387938948164, 0.6283861380923669, 6.235207360035839;
  -3.092892833590548, 0.6953276356461252, 6.258988720343536;
  -6.136138597777844, -2.20141292511782, 11.47873286050903;
  -3.040225128938006, 0.6490540327018533, 6.233675713588242;
  -6.023827210409732, -0.1824798459519255, 11.36718649087136;
  -3.024953825275106, 0.7310646967035329, 6.248569156510525;
  -3.004904573372313, 0.6828505599773049, 6.24060598250709;
  -5.926556332238843, -2.095117777557301, 11.31545101010734;
  -6.059284331292796, -2.235292456684005, 12.05112159848429;
  -2.919481940103416, 0.3028211944575935, 6.392563087006674;
  -5.942251017425296, -2.222782386088985, 11.97568931623409;
  -2.85597646325245, 0.5371044892644703, 6.324117311463668;
  -6.13392749402021, -1.921636578092216, 12.43406160633225;
  -4.357010120325894, -0.07460584803626666, 9.126950753402946;
  -2.860073540774419, 0.4079227230691244, 6.359480865435667;
  -2.831088918278812, 0.4758708130186797, 6.312415054710447;
  -5.929988948387096, -1.783624151898616, 12.11370962287404;
  -5.885168005548982, -2.422516270657742, 12.07148519201472;
  -5.82579992074905, -2.45367228632911, 11.96284908519609;
  -2.81207397249274, 0.4290088201377334, 6.369149591588135;
  -4.187054968753531, -0.1162111854368925, 9.052699387762324;
  -2.791821264750546, 0.4033827614433635, 6.392121176946045;
  -3.104213815808589, 0.2647126778144343, 7.050231363526754;
  -2.721436405198106, 0.3330691810332289, 6.316999179963902;
  -4.178295971097944, -0.294566374283856, 9.22374602210758;
  -5.384893882383683, -1.403979066192408, 11.66863234099958;
  -3.09987003341342, 0.9092604612994443, 7.435659804560905;
  -3.022205031733017, 0.8277732448632372, 7.373819592055218;
  -8.819160450265962, -2.380117119821056, 19.69594977606808;
  -5.40865750208722, -2.789688519589271, 12.4404436102858;
  -3.011343780433163, 0.4964589650812601, 7.464292834177858;
  -2.289297603853175, 0.8691900412696083, 5.934176107339742;
  -5.959887298711466, -0.9520623917641344, 14.05341680027014;
  -8.597105439935108, -0.06806237653662894, 19.96726435996389;
  -5.22643196560324, -2.192852933459949, 12.77864697401539;
  -8.009346158415001, -3.676386462383771, 20.44914616265634;
  -3.023896461332094, 0.7844963014009477, 8.797781904259514;
  -7.40223047666868, -1.000231476148904, 20.18412278797835;
  -7.246554246518653, -0.1059772206765693, 19.93733435753038;
  -2.404769958050073, 0.8388268621617664, 7.349285022202651;
  -6.797073940403946, -0.8736782577575317, 18.94952615375598;
  -7.171116921926309, -0.1432032739401471, 19.94961762886574;
  -7.221930364545583, -3.388037509534269, 20.1160225826786;
  -7.050293576840868, -0.2257625090578656, 19.79738146213801;
  -7.165693292963755, -1.975793017139944, 20.11565932880573;
  -2.85726843441691, 0.767558150237463, 8.6963194724771;
  -6.681837881600827, -0.5629852177543721, 19.00423560958746;
  -6.163721398661718, -0.416201925344413, 17.73584402033806;
  -7.042499371923139, -2.004398913123232, 20.20622024070833;
  -6.939745373080358, -2.475367680215951, 19.9675562406742;
  -6.674624412695574, -0.1752771219091077, 19.34422980263227;
  -6.249185904464331, -0.802149931974658, 18.26136174486489;
  -6.952139850669629, -1.017263733670201, 20.20313426775318;
  -7.628442084159536, -2.813151900182723, 22.11974311999099;
  -6.323346506908085, -0.6213080029690742, 18.62401148084586;
  -6.32126342165885, -0.3393839055939879, 18.84675073757653;
  -2.886144694636422, 0.5284095261952919, 9.212849096101097;
  -2.706162971347387, 0.6509859781910978, 8.734803186398347;
  -5.973649348014926, -0.6520108152056932, 18.21692320090491;
  -2.286476199521065, 0.8019507538195488, 7.666694994201088;
  -5.916594533031632, -0.4846519430736657, 18.26804908428772;
  -6.02669108815681, -0.3017299616326334, 18.63173555316318;
  -2.605388547650994, 0.75513374986753, 8.708745062537414;
  -5.86014696539665, -0.2788360222497066, 18.56173030391587;
  -6.268484251320569, -1.036631611829596, 19.90773419668259;
  -2.579049356855856, 0.7143848812534543, 8.804345174028263;
  -5.996804093752131, -0.9718221483587133, 19.46880408863956;
  -5.725541014596661, -0.2988963668572924, 18.8395363817263;
  -5.789699081477193, -0.4632142041579012, 19.11080854910344;
  -5.556828453104756, -0.2028112799583882, 18.38772884787552;
  -2.527260421231287, 0.7109649026105149, 8.917256120743149;
  -5.678676497901879, -0.5439866553543136, 18.81975569092253;
  -6.42504488080776, -2.584585953910482, 21.25766957345745;
  -6.131719846609202, -2.538896733618535, 20.51661108452126;
  -2.868542200767553, 0.4586222244517892, 10.26682260578484;
  -5.672849519284656, -0.9330237063592991, 19.39755313810004;
  -5.660582176035326, -0.6317140854803115, 19.5482645920279;
  -5.849714185186266, -0.7707576864532501, 20.23079737687474;
  -5.861524075571018, -2.515198991212115, 20.2460742019137;
  -5.716872985514621, -0.9644603519502706, 19.98969710501521;
  -5.721369662649748, -0.6333919480551261, 20.05130817202891;
