m=[-10.72255038967753, -0.4269517779802853, 13.89797129002056;
  -10.9927522785587, -2.652979390875795, 14.23059666800399;
  -10.78102047440356, -0.3659776838410718, 13.97178151904064;
  -10.86534537362662, -2.630007109590523, 14.23657117320798;
  -10.84959106292851, -1.084813517035002, 14.39422446142918;
  -10.1732795395727, -0.7059281513899828, 13.84404101304299;
  -10.82140903987735, -2.346960006928529, 14.8727749648167;
  -10.92113115284929, -2.25584010388527, 15.1069909708189;
  -10.79316517193211, -1.473143192177359, 15.06233396541725;
  -10.76108151031529, -1.431971352711696, 15.08358116600426;
  -5.02261396843174, 0.7785884703756006, 7.604984315517853;
  -4.911563893095909, 0.7948635123629608, 7.464420569136617;
  -9.118173939876883, -0.6023712673019522, 13.32261768698984;
  -5.270354836189721, 0.6748023339480356, 8.495718055492558;
  -5.082265490272502, 0.9053742318903675, 8.336780851734915;
  -5.076278447449414, 0.9724150644047723, 8.332868688392562;
  -10.67738895642437, -1.162412770346224, 16.60346674199458;
  -10.76009772018923, -0.8837774184795761, 16.73487211000105;
  -10.8653898412607, -3.437226705236566, 16.94048853014153;
  -10.67207470655346, -2.590947484601452, 16.66380325207663;
  -5.475895589894696, 1.686297330135166, 9.065256353198224;
  -5.056530631364729, 1.257594455771259, 8.455492203346962;
  -10.5845935460338, -2.339119246101152, 16.57831395812033;
  -10.58752326542142, -0.8052669594107494, 16.67808518255205;
  -10.76291940026159, -0.1031403056664419, 16.96751291831233;
  -10.61041267014137, -0.999323771923135, 16.75248516754932;
  -10.41004899268773, 0.1908288841005064, 16.46154962610844;
  -10.9645637200359, -3.368614947183318, 17.31016390545026;
  -10.75525160724944, -0.6769131264595674, 17.13932944424004;
  -10.77559745265389, -0.2682377286676456, 17.19254566775992;
  -10.69564327682892, -0.1148311842474223, 17.34101135975955;
  -10.83359106024403, -3.397489695319582, 17.65427187035427;
  -5.177335400816187, 1.639927066185348, 8.978896369375411;
  -11.18896372398057, -2.942525299841394, 18.24361484262142;
  -10.79415426377719, -0.1862272081808608, 17.67336330979199;
  -11.01837720383367, -0.4047924559830936, 18.05764607172418;
  -10.80863106351351, -0.07779959812856557, 17.88501952772512;
  -10.71841767274795, -2.615977970399721, 17.86814702317846;
  -10.82241284481564, -0.1674960189373092, 18.03983914214782;
  -10.91887591138356, -0.5956932587269604, 18.25555084463892;
  -10.74599394361783, -0.4234730909708668, 18.00933475251453;
  -9.152941893519527, -3.238883855014207, 15.53477563839264;
  -10.8091752646933, 0.03678625306618755, 18.15361918311439;
  -4.64466569831513, 1.716317308862168, 8.397488635007477;
  -9.221247796807464, -3.453442551404169, 15.69453649532482;
  -10.96516344441262, -1.294544958410278, 18.4591106353771;
  -10.14823219811609, -3.094638444323698, 17.15642416071847;
  -10.82197123403432, -0.7337548729919755, 18.23225828322096;
  -10.72685406191263, -0.8673914745208882, 18.13712624988877;
  -10.69552823524439, -0.101633558375071, 18.0816356510258;
  -9.330726463132544, -3.441955613628253, 15.93701903525757;
  -9.194234843565685, -2.733531906034637, 15.84835599233947;
  -8.904067868365056, -2.725151285512554, 15.40830474977858;
  -10.5274134246734, -1.643389022125689, 18.03284339893006;
  -4.541050395770046, 1.732256253597146, 8.373156633014281;
  -10.49481283063232, -1.252220577240247, 17.99137307120338;
  -10.56525281745183, -0.2225795260846619, 18.12021434599213;
  -4.500457852207254, 1.646155568568571, 8.3225158789981;
  -10.7337614655824, -1.104700818587468, 18.41218760205592;
  -9.020668809209866, -3.742411428425318, 15.67202062247679;
  -10.77110198334554, -0.9534973226371454, 18.55278201299342;
  -8.843985260032676, -3.339588595515699, 15.44261148020968;
  -8.666037686636567, -3.085720274113121, 15.15566076365401;
  -10.49874870347457, 0.1080859988736587, 18.16941789192266;
  -10.76450519734401, -1.292260415103269, 18.61572299163067;
  -10.46828248087743, -0.2796919141177372, 18.17182137033353;
  -10.78945964450242, -0.1773024468811622, 18.71191448651009;
  -10.7925791093799, -1.378835999042785, 18.75691450114194;
  -8.874526534348277, -3.032108265990512, 15.61336939508191;
  -10.49484478924276, -0.08566759169046115, 18.27513791620419;
  -10.52617729493654, -0.8128467944301423, 18.34400122266177;
  -8.866971099296352, -2.938704352053545, 15.65456706390575;
  -8.645805375441416, -3.042751746115679, 15.30300813197711;
  -4.528120203817196, 1.727236457198436, 8.507897832009977;
  -10.30936146080263, -1.180185024680962, 18.0573230648816;
  -8.621946599380728, -3.287378014445162, 15.27798695300614;
  -10.74551693223869, -1.537410327625625, 18.78667206856213;
  -10.367002940956, -0.3302751126081847, 18.16754255744165;
  -10.49912080811196, -0.9154783683171927, 18.42174890640244;
  -8.633788017009412, -3.11168833195409, 15.34998709955535;
  -10.4664030383581, -0.218660152125862, 18.37592636361518;
  -10.44437962473459, -0.5203052610851702, 18.36307117474746;
  -10.51785651220118, -1.005679275219318, 18.49727862768151;
  -10.56600115744984, -1.315101897597071, 18.58768126944947;
  -8.85162252486024, -2.900485534473216, 15.7699592543522;
  -10.12112820695813, -1.098760959605261, 17.9020439019931;
  -10.54962813799658, -1.430701868436869, 18.6201035979067;
  -10.1849175611931, -0.7898095006725159, 18.03557624342006;
  -10.48148275802047, -0.3710216358755406, 18.54600270840299;
  -8.618534601760668, -3.189554139297899, 15.46468400901826;
  -8.697539912106521, -2.904178129517021, 15.5968338444551;
  -8.428568425209228, -3.2858264489395, 15.22916273877863;
  -10.55577511572712, -1.446501843420418, 18.84428336225818;
  -10.32205027879678, -0.1671169896025621, 18.45307137217885;
  -10.38374636153664, -0.9172163804304193, 18.55968336395294;
  -5.447742491419154, 1.466587450408716, 10.25230066017573;
  -9.979197812330046, -0.7101506204911234, 17.92106523737098;
  -5.338105364491569, 1.865287081050892, 10.07561721864838;
  -10.38363830834681, -0.321703440661856, 18.62087555465675;
  -8.857534361017766, -3.693193248343825, 16.11475366666121;
  -10.30207730226584, 0.2763442388471989, 18.61325872081764;
  -10.35379371793713, -0.06690813651385276, 18.75137263581796;
  -10.41150987834466, -0.7745783962842973, 18.8786668052851;
  -10.4129201597053, -0.8891755043534978, 18.88622877705019;
  -10.41823733195357, -0.2453759305008057, 18.96572307863639;
  -5.350946089814913, 1.376135269703417, 10.26817795292325;
  -8.588255231150427, -3.14906578526705, 15.85570467371414;
  -10.39957586213299, -1.030952197532716, 18.97406026273877;
  -10.40692503486802, -1.342582405558799, 19.00337218533599;
  -8.677204460347241, -2.436062010992233, 16.04284441257384;
  -10.46980571599677, -0.3266153645408, 19.17340927880552;
  -10.22798527538434, 0.003096900841436131, 18.75053778460935;
  -10.2896959213094, -0.1882533108103755, 18.87322347581779;
  -10.32723657458087, 0.330668206345927, 18.96217772148018;
  -9.040452335435123, -3.495360835060835, 16.79770757852031;
  -10.33032792490783, -1.27181517222663, 19.02136903134104;
  -5.264037032574553, 1.344545126889697, 10.20733405943164;
  -5.491893619721908, 1.400566457479605, 10.63082696687915;
  -5.284927652777014, 1.177551141576889, 10.2701766653108;
  -5.253775330021187, 1.503183325887918, 10.23879963987037;
  -10.19537007905632, -0.1382274656206644, 18.93763270400152;
  -10.30052818102325, -1.130769807696342, 19.16168069799765;
  -10.37663780076115, -1.039670751614056, 19.30347109315966;
  -10.21937275696233, -1.240788610599939, 19.02748841613153;
  -9.18067975040052, -3.38994299475168, 17.22320666185272;
  -5.258983464299474, 1.314332661941012, 10.3078837508581;
  -10.32048538543324, 0.1934367850161102, 19.29761584337674;
  -8.3552356319066, -3.403230026385161, 15.8542256922364;
  -10.53145536541767, -0.4917972515180381, 19.69908101940336;
  -10.13141150584929, -0.3097148860025943, 19.00320114362576;
  -8.703564678586966, -3.634907894362317, 16.49170184561586;
