m=[-3.877809872583078, -0.4221646074018021, 6.030040444716794;
  -3.834934125996204, 0.07029901591979555, 6.064232596050857;
  -3.946719300487198, -0.2483982893668761, 6.289403984691163;
  -3.918908612663196, -1.196865658663795, 6.272695275574032;
  -4.040035908303692, -0.9860266000472749, 6.734945193639149;
  -4.03061150495949, -0.1588364483977449, 6.754948144490911;
  -3.975718051901977, -0.4693724618188886, 6.692852299663624;
  -3.994832502561937, -0.2708589546350901, 6.7302727395777;
  -3.99090154200559, -0.3227110160358321, 6.747876376470902;
  -3.883113129266288, -0.6061760121771153, 6.651545649026381;
  -3.931262461297576, -0.08282040673032151, 6.742414940738303;
  -3.958748288620053, -0.4074277678932029, 6.790649894084952;
  -3.929575537343791, -0.8699919958810245, 6.7543971036531;
  -3.928740183286787, -0.3477864430114127, 6.767094055827328;
  -3.913632585554418, -0.3018733796375689, 6.75149641511116;
  -3.905688364090441, 0.04020957544990387, 6.75928970652411;
  -3.913463262504298, -0.06430967213219944, 6.787030335795496;
  -3.906832303691664, -0.1043828734228942, 6.781844001269531;
  -3.891252808229868, -0.2656469079557723, 6.763954158732167;
  -3.921424489312498, -0.5009925059240735, 6.815222119131153;
  -3.939433954757736, -0.5636328605907098, 6.88741680000067;
  -3.892595793001219, -0.1240114931184796, 6.821537538962687;
  -3.897859438598743, -0.1941787684613151, 6.853127985758063;
  -3.911517663319138, -0.4868487353788064, 6.881131520067512;
  -3.920109546657506, -0.5316308764173351, 6.918997041327702;
  -3.918315963746634, -0.3841778136053886, 6.922603611399437;
  -3.890209559413247, -0.4223254859698215, 6.880922847384825;
  -3.886059179014548, -0.4640921958813681, 6.914194328054656;
  -3.852543116711024, -0.3403025776949823, 6.885952131591915;
  -3.910331209150741, -0.6168906204812331, 7.002669030385251;
  -3.917743574306798, -0.3737761189760241, 7.039704268659046;
  -3.908933422892813, -0.5397719144530566, 7.088800970346877;
  -3.893791326665939, -0.3860073505090745, 7.104235044018019;
  -3.867128175498286, -0.4695286794993738, 7.200220435531056;
  -3.901317663134334, -0.4282782539085793, 7.257472825535465;
  -3.92414572622667, -0.3095191053292483, 7.360068603092646;
  -3.927339067498207, -0.5114257169190614, 7.368844991964536;
  -3.952196295623378, -0.3866052577514599, 7.443084817402273;
  -3.951541967829034, -0.4232130695795887, 7.461083125039529;
  -3.922057603627067, -0.4468678360567647, 7.44571864054796;
  2.541792197902366, -0.411351235186302, -3.862925613400526;
  -4.309247330566982, -1.22818785444874, 8.712919277995768;
  -1.23883715894368, 0.5694119744674784, 3.38361943775838;
  -1.976003782507524, 0.2359048870028344, 4.909343402837728;
  -2.774492578140784, -0.6973714268949853, 6.657184043330372;
  -4.056988859777985, -0.09509278290437502, 9.368965002840657;
  -3.809102359962581, 0.1273852250547868, 8.911305836033671;
  -3.916357120013374, 0.08829450244288699, 9.222407331726803;
  -2.721573267203059, -0.6859404843481963, 6.748849425381634;
  -2.04027878831751, 0.4064651260938842, 5.319450363693101;
  -2.023867143815848, 0.3794438863797863, 5.328525408815581;
  -2.048129114558999, 0.130089465130419, 5.431591080556951;
  -3.984969971666708, -0.2330449825899532, 9.67076675450701;
  -3.885894988678243, -0.355471506652965, 9.504032608237148;
  -3.940451026546645, -0.04327736405799838, 9.624604164133677;
  -3.983224930574204, -0.4141854488591871, 9.746120637352966;
  -3.904395354274321, -0.0172339877007402, 9.659494585585367;
  -4.002297160381992, 0.08600951680171312, 9.898740114794952;
  -3.920361412215329, 0.027318415733567, 9.719048958363132;
  -2.248120789210041, -1.218202829288405, 6.065305416431098;
  -1.91608415654233, 0.3506309471460228, 5.385696634293269;
  -1.929638789022941, 0.2584566962727878, 5.421574187957218;
  -1.928270704774096, 0.3035252153612387, 5.420791917416843;
  -1.924360324172534, 0.2296101468056667, 5.44422736612413;
  -1.9109939804008, 0.2552546228427907, 5.435447975759307;
  -3.923208645222451, -0.3136308694182695, 10.48106271589901;
  -4.000978783685282, -0.1908585923299102, 10.70264701865634;
  -4.045038826831106, -0.1830356356963833, 10.95628824059827;
  -1.893777856705603, 0.2976903237687138, 5.681054768709009;
  -1.989026489650155, 0.212477775963985, 5.954034191041826;
  -1.966331717416197, 0.5565798109379094, 5.905729629490599;
  -4.04541660485565, -0.325648018969631, 11.10687040765477;
  -4.099961159871697, -0.4409567231776077, 11.28644617170478;
  -4.00965625331887, -0.3731455947879651, 11.12007843376303;
  -1.936645083830953, 0.5383535891063324, 6.056357581913081;
  -2.179752713296477, 0.4020213069839689, 6.947509221310225;
  -2.104853101920842, 0.1811599088640146, 6.887508672258691;
  -2.114146794190482, 0.3889805317558205, 6.937382517330281;
  -3.988233085239695, -0.4637764453440806, 12.34589378981803;
  -1.992449975649728, 0.2046738365522871, 6.925886492878866;
  -4.024294882390199, -1.397202242092191, 13.14283738170205;
  -4.00189898715443, -0.4764668126624442, 13.1945406411909;
  -1.985121336789686, 0.4226208800256121, 7.071394659002944;
  -2.29100496357229, -1.400768285683013, 8.030755889101283;
  -3.947732441622956, -0.1041644268620022, 13.13453321809657;
  -1.930319242349139, 0.4377583689636725, 6.95754660081723;
  -1.93655206913067, 0.3251096277276458, 7.021541904772517;
  -4.071904159136848, -0.315236366001092, 13.72904997877137;
  -1.925543845445837, 0.3638780769207632, 7.080125737600778;
  -3.888273506606764, -0.05827818076633694, 13.28311583121669;
  -3.062605486711742, -1.393081004478848, 10.77316229865533;
  -1.961361292189508, 0.2976821440411968, 7.27147194452755;
  -3.931491957495941, -0.536122921424998, 13.72460065982019;
  -3.069589639199253, -1.447039637944955, 10.95588289374992;
  -3.110429256055413, -1.576964203339103, 11.11700367278882;
  -2.995467958710821, -1.442084793207922, 10.87369496849538;
  -3.644269243496793, -0.006377670235559105, 13.07021449576127;
  -3.064513029359777, -1.263405407767318, 11.17370511072006;
  -4.054595580315064, -0.1938605185548909, 14.48451911860539;
  -2.211268381615791, 0.4388318467710692, 8.441676655983109;
  -4.279302929073785, -3.387381378113931, 15.38834400847104;
  -4.011439481066393, -0.4758897726142242, 14.53780303688369;
  -3.997603109029327, -0.5097890088018005, 14.76531638259021;
  -4.185552927094131, -3.293128576634519, 15.73870833878051;
  -2.078129366416323, 0.2681884853405918, 8.379085658346606;
  -2.881733937741211, -1.334414708964039, 11.29959844926233;
  -2.796989002792083, -0.9594600564738546, 11.04838842880291;
  -2.084367675846576, 0.4570653233770837, 8.577983713982892;
  -2.817071897837168, -0.07410234650524301, 11.30672921710756;
  -4.277352136277251, -3.19126064616799, 16.71626938719046;
  -2.845943347737745, -0.9513161012471362, 11.53469439908638;
  -2.883291644810192, -0.3708914900488932, 11.66500748134954;
  -2.961209285496087, -0.7865822493384044, 12.0177888005523;
  -2.855618724404742, -0.5801483402085755, 11.68508767997703;
  -2.026875715648332, 0.323729013182913, 8.662529823009267;
  -2.010549657302743, 0.2855915901376816, 8.612692954168638;
  -2.718637844436551, -0.7778986359242167, 11.35588162141776;
  -2.631192505082174, -0.8959493435658226, 11.14640363309965;
  -2.545480087373763, -0.802624446581635, 10.84166483874475;
  -2.741299546601353, -0.6654559620321455, 11.63611345304872;
  -2.565561115379421, -1.612926518201999, 11.1223781948064;
  -2.490732558373817, -1.346941962523783, 10.95215878000585;
  -1.941285410360065, 0.3788376733392447, 8.757410868290533;
  -2.003511091152014, 0.2912954455765531, 9.169624219523685;
  -2.598957939070565, -0.7784306855425753, 11.70782872993317;
  -2.088324051427621, 0.1837482215610347, 9.614909389548226;
  -2.029505353397761, 0.242893686830271, 9.400620124615788;
  -2.433408069805762, -1.514990211433843, 11.09380903999007;
  -2.338738869081608, -1.830403167011677, 10.87878512957188;
  -3.971703314568442, -0.638730034259413, 17.95464522020784;
