m=[-5.721011515277859, -0.7612919380416062, 8.019021272129576;
  -2.583431549696534, 0.6425174552707202, 4.319994660141905;
  -5.521443493654745, -0.465956426467387, 8.090509965163994;
  -5.414577678010104, -0.269608794853709, 8.097854909417411;
  -5.7105816890391, -0.6216925419252778, 8.880022404199801;
  -5.788564923069274, -1.831191538384854, 9.025089676290587;
  -5.700474522885536, -1.887240928868977, 8.945192433909764;
  -5.698881333126123, -0.5367394998300347, 8.997805078164511;
  -5.748834705144915, -0.2271287940046735, 9.070524461996575;
  -5.83148235762163, -0.05588268856114818, 9.193207582085083;
  -5.804458403546167, -0.3653205177181141, 9.24985564788731;
  -5.816036049065803, -0.1447790070578714, 9.279528658921363;
  -5.764198813752037, 0.006737860392928173, 9.230211997746119;
  -5.79810220920539, -0.0622499204431255, 9.400552512133475;
  -5.98198972547663, -1.573171255607944, 9.753639321416015;
  -5.877493651202814, -0.04230569453058312, 9.725476622168301;
  -4.877033619722504, -1.725799817702844, 8.277516010117932;
  -4.847561534631944, -1.815456610985333, 8.250535404216551;
  -5.880529369534196, -0.0910116138392133, 9.802232221060677;
  -4.844253076211248, -1.786967406598208, 8.274056022564489;
  -5.931386315766534, -0.3235943765533421, 9.916838083468154;
  -5.864087327871743, -0.2310892039848755, 9.827691348024874;
  -5.837174765500039, 0.01986532578638331, 9.803324046774945;
  -5.841468217763125, -0.6896425456268432, 9.833716446759699;
  -5.856229590443999, -0.3970660156473356, 9.866251549719996;
  -5.91953700058794, -0.5432413104869148, 9.966766478554909;
  -5.806759326193103, -0.4695443328550787, 9.818156040346548;
  -5.860124604738018, -0.05568545124664639, 9.90700371612485;
  -2.804917809538802, 0.7551122809818956, 5.278674745689397;
  -4.654578248662578, -1.757621250955313, 8.127426876564631;
  -5.715114104175203, -0.8921617685294428, 9.78965615675963;
  -5.742653958136359, -0.6852022585251988, 9.844694845637283;
  -5.742572363447776, -0.1209795030225656, 9.848949563342407;
  -5.785842682028369, -0.5954692739865399, 9.924761346623475;
  -5.750110917754967, -1.273051103442181, 9.883645742262852;
  -5.794579777185369, -0.4099518403395592, 9.965654838569515;
  -5.763946927573453, -0.510245652836799, 9.928162508077779;
  -4.696081554999416, -1.556382122906695, 8.290894694146802;
  -4.685249191628464, -1.648897880503901, 8.292854553896195;
  -5.781729005214758, -0.6940866660677463, 9.998700692746263;
  -5.810339603363222, 0.05981821048986999, 10.05553055218437;
  -5.73381576675655, -0.153196277415336, 9.953292345161156;
  -5.678019216374033, -0.3876253542183417, 9.869793504736368;
  -5.795276711138309, -0.740391714783631, 10.07187519124202;
  -5.747497487537913, -0.04691582180510514, 10.00837185943474;
  -5.753509586222194, -0.4442944188422013, 10.0266586745623;
  -4.737730423052716, -1.552451939709781, 8.44069158166297;
  -5.676806175523192, -0.6498638797215356, 9.943188380568866;
  -5.693206721546003, -0.1813759002258838, 9.976998751816867;
  -5.720633708690367, -0.4988147587868331, 10.03741929377292;
  -5.69888196791933, -0.1190588966893114, 10.00556112865381;
  -5.715588833651117, -0.2847321762707279, 10.04901854671856;
  -5.740410677845308, -0.714482694344404, 10.09851527039638;
  -2.715036314592286, 0.6785457552489059, 5.321613749151314;
  -5.764294862091028, -0.781732523794987, 10.17398585969486;
  -5.63925117308842, -0.612203393109667, 9.97459176592492;
  -5.715450510780737, -0.2023144861496725, 10.11295473167403;
  -5.715803305401736, -0.07433079760864188, 10.12761293281098;
  -5.671406359798216, -0.6773070892661404, 10.09073816908621;
  -5.788118393986832, -0.8716202538444926, 10.29675625958726;
  -5.656861061810881, -0.7751832399016556, 10.09868925976508;
  -5.673590045305879, -0.04506270420034639, 10.12667831043798;
  -2.697050973417166, 0.708709415639357, 5.344933631278698;
  -2.667719282768303, 0.5051826271194514, 5.300886169669258;
  -5.62960810492504, -0.09114498900182885, 10.06423698312848;
  -5.655313587374155, -0.4995447768277992, 10.10818502793172;
  -5.644849825564095, -0.1748874100751078, 10.1228531854833;
  -5.793388756545054, -0.5527238636397722, 10.41000841068772;
  -2.640803359072225, 0.682564761340179, 5.30761542564707;
  -5.627034333522019, -0.2866683511924685, 10.18587530085681;
  -5.638519681304999, -0.03643716060512414, 10.21171432799311;
  -5.716205776645157, -0.4252648804102945, 10.36490821299468;
  -5.713005900483959, -0.4878424903894681, 10.36185189037609;
  -5.747327533413839, -0.793629783390818, 10.42270527227717;
  -2.606194064309002, 0.5315054538472922, 5.288960314602841;
  -5.668147242708881, -0.7312395097188355, 10.35021500525769;
  -5.745202379218131, -0.5695452484453808, 10.48214058054447;
  -5.732828989325853, -0.3840343550416453, 10.47729996292597;
  -5.692169255975531, -0.1775725344862699, 10.4240989555614;
  -5.667347449443264, 0.001715999056738203, 10.38971113353526;
  -5.657054611383162, -0.1034976415408457, 10.3760943678065;
  -5.670689307725651, -0.6981451848357617, 10.4415150001438;
  -4.768129582959126, -1.760619901496442, 8.94514169217328;
  -5.604089823585423, 0.07458192625286583, 10.36372853644238;
  -2.312736784768664, 0.8710104830158992, 4.892304959725338;
  -5.616535059168079, -0.6165711269520883, 10.44822649300271;
  -5.629037023547967, -0.6834514400803403, 10.48072511951032;
  -5.690676600902936, -0.5701683081218554, 10.58626246528449;
  -5.691921410753502, 0.1066836429820011, 10.64295996682923;
  -5.748289585449077, -0.4533994336067788, 10.78140534297384;
  -5.734037928257489, -0.3401791367831106, 10.76206094388622;
  -5.641466243078853, 0.02725213506978032, 10.64395554768192;
  -5.703462717875123, -0.08487061947617335, 10.76923065140514;
  -5.695383912796801, -0.3603311174599377, 10.76310047149249;
  -5.801047941246528, -0.6212965282871867, 10.95321807394566;
  -5.713872547107224, -0.2846674290225242, 10.82940612554745;
  -5.695939541766259, -0.1386475490470975, 10.8164879436925;
  -5.726977073468421, -0.6525151108440683, 10.87221664222381;
  -5.73932182428377, -0.2318688325289041, 10.90067998480181;
  -5.696825682432363, -0.3125703480474764, 10.8594144245191;
  -5.764543282988003, -0.008969432359233536, 10.9801076152526;
  -5.672128489881602, -0.06698844349023014, 10.82931249933662;
  -5.654582027663313, 0.0813642346075923, 10.82375495043815;
  -5.703469601778628, -0.5731132810492553, 10.91207464757755;
  -5.711774169190327, -0.4991411131330678, 10.93532236537403;
  -5.683481583485988, -0.6814523058431207, 10.90179384066938;
  -5.722722658297488, -0.09681810662595251, 11.00371226716999;
  -2.545127356988856, 0.4389397708942056, 5.468612393730118;
  -5.716187378173149, -0.4015955938711381, 11.04250188660405;
  -5.709573184418974, -0.208589655056726, 11.04560652552919;
  -4.382763485505199, -0.8576682748590089, 8.733514492369544;
  -5.637707827648542, 0.06637031911855001, 10.95129048017416;
  -5.716109406111349, -0.002782053232327897, 11.0912384836608;
  -5.566031486232625, -0.5788240325558249, 10.84202003282065;
  -5.735456043723374, -0.08686800276218934, 11.14591362831109;
  -2.457014829616639, 0.4636360971031378, 5.361517908610346;
  -5.785794390586885, -0.1548195515087014, 11.27369265233373;
  -5.741461819172105, -0.4950240340455556, 11.35153140278567;
  -5.864141611534516, -0.4401653768250829, 11.59329188678249;
  -5.750787160267248, -0.07668712172332944, 11.39955195638536;
  -6.029044831693474, -0.5273928400907608, 11.92964960286711;
  -5.937348954291632, -0.184493199709926, 11.78012821217004;
  -4.4473646898112, -1.419557452316951, 9.356928095160564;
  -4.265109720340554, -0.6340346008936674, 9.11972470217439;
  -4.191944599353507, -0.6743878332059711, 9.106067169427778;
  -2.89110560296249, 0.2110186402545975, 6.680712840537837;
  -2.663700320965251, 0.8644127708457358, 6.289327127170526;
  -2.469537859859517, 0.5392662387461709, 6.067589653478912;
  -4.243263913182786, -0.5926834790379323, 9.967130873826879;
