m=[-3.849463344650338, -0.4009090540446217, 5.66224680190877;
  -1.773656715723622, 0.4774847093916469, 3.196325914084474;
  -1.74431508797283, 0.4615392107999019, 3.182538671624881;
  -4.009352370818405, -0.1236439600001068, 6.346909586070437;
  -3.980229566653841, -0.1992441145757046, 6.334728598044938;
  -3.969410383926866, -0.2507949068714978, 6.36515527787141;
  -3.973622690215993, -0.3007855957750081, 6.391866287690895;
  -3.970683797995181, -0.0204598449324802, 6.387262954681556;
  -3.927880741546458, -0.2533429634048364, 6.358746439825693;
  -3.867901674076739, -0.5879697899575147, 6.301669589703822;
  -3.908220647769682, -0.06650315998470974, 6.37915626431703;
  -3.89023972468418, -0.5099840804219131, 6.543259177221415;
  -1.573051573984813, 0.4114378950156984, 3.527358364545441;
  -3.360677760237129, -1.316472996934765, 6.463287449140188;
  -1.623008604028047, 0.3668743929990042, 3.668319407065831;
  -1.934481400766544, 0.2420693144772789, 4.478878079338941;
  -1.989561310434761, 0.4133835528499613, 4.870700269902025;
  -1.978685925954394, 0.3836690211646074, 4.886074468133683;
  -3.976641464411972, -0.02080331321757602, 9.394783428114755;
  -4.034288540779974, -0.3531165006166626, 9.523632737393667;
  -1.854185419440975, 0.2078801380908069, 4.928030356816806;
  -1.868182014499627, 0.2358137410834549, 4.968840845001982;
  -3.922513601584619, 0.003992196850044042, 9.380358015370822;
  -3.969494922313643, 0.1047577083499008, 9.499879598216264;
  -1.845129493636362, 0.2618985197276808, 4.944085825922286;
  -3.982873684692043, -0.4002199814324344, 9.577265143675867;
  -1.907485847213478, 0.2464905499780359, 5.323879549579611;
  -4.039790432656605, -0.3994699252376422, 10.34391403366795;
  -4.036912295551926, -0.3474775046588955, 10.35060858256999;
  -1.881254198221898, 0.2670152028873844, 5.345887907432669;
  -1.859193014946811, 0.3495516814898432, 5.312466478735749;
  -4.035817840889241, -0.301739484785846, 10.45435290146211;
  -3.977593776818339, -0.4004643302962512, 10.35080347972443;
  -4.123303545157618, -0.3071035213811732, 10.98522593642492;
  -1.855268010453413, 0.5595412197484082, 5.48560541861961;
  -4.146615305220853, -0.4217553847849243, 11.09533672291364;
  -1.885625762145585, 0.5410752014529107, 5.582111204342256;
  -4.048997857944211, -0.3526074530933762, 10.8947924636704;
  -2.013496549130126, -0.9615116822001429, 6.028101259287429;
  -2.098225833308078, 0.1934657196508326, 6.533535189509579;
  -2.06671475675621, 0.3989936781434433, 6.464805129805148;
  -1.764127076687539, 0.5189178563398925, 5.758314734176262;
  -2.221884520771481, -1.232871083679347, 7.034081828468009;
  -4.104188259890898, -0.4516239094292329, 12.3872951358769;
  -1.795012568925093, 0.5809230733115124, 5.991245719112238;
  -2.265549947992541, -1.238729816646378, 7.364006778035864;
  -2.007746130030669, 0.2167595772525273, 6.640859439132612;
  -1.937263553690486, 0.4288208364884401, 6.589369262152064;
  -4.146190076009088, -0.03354454834309061, 13.03643262973868;
  -4.18399246287172, -1.426365187038357, 13.34466273008624;
  -4.158042085763124, -0.1976527898127559, 13.44887394608334;
  -3.177012158375837, -1.420536299919826, 10.82679923992904;
  -4.085324285108453, -0.02962959455738854, 13.63002664193875;
  -4.452586974701686, -3.262963265616621, 14.96593253771016;
  -4.055204790248403, -0.06653240999097568, 13.69800503185681;
  -3.24772271914994, -1.558018011001757, 11.21237421821327;
  -4.085207706762283, -0.4461928596308342, 13.85526361070764;
  -3.158736826393022, -1.467521733449522, 10.95246413363827;
  -4.511363030345218, -3.278006507642747, 15.30729886866257;
  -3.114252106271666, -1.261135673326923, 11.03537441332895;
  -2.177525160008748, 0.4498043759274323, 7.998248130812723;
  -4.464092829622799, -2.979489426149718, 15.44300615594244;
  -2.077977848238174, 0.4235492726031856, 7.692883053498127;
  -3.669742923653566, 0.01961099268381918, 12.85558680000237;
  -3.286451532237624, -1.268298013090459, 11.71630448556641;
  -4.146311167142977, -0.1715035781484007, 14.51225173230937;
  -2.925846593411448, -1.460466623261107, 10.54448022069024;
  -4.423443844163689, -3.385452822575035, 15.64631889491306;
  -2.966899602715342, -1.259465179515904, 10.82003186127223;
  -4.550910639724716, -3.115089641246501, 16.09811443574139;
  -4.251515532406494, -0.4741159352781259, 15.08720661905037;
  -4.380084215399601, -2.828785936662827, 15.61639014815494;
  -4.238854335380673, -0.5057867319855566, 15.33771579741362;
  -3.114668521283659, 0.07488399876305453, 11.5972365753829;
  -4.43694957621567, -3.225968961467886, 16.14880470278707;
  -3.151745214223507, 0.02325559010588308, 11.81639914781984;
  -2.407001846635185, 0.2523758063100214, 9.328218610934405;
  -2.063290967628014, 0.4709761579532185, 8.171196846504786;
  -2.981906816078994, -1.258750834313442, 11.41562903691207;
  -2.901445640290747, -1.123658747576767, 11.14141507651828;
  -3.217410198387424, -1.094022992297791, 12.26278195663279;
  -2.782102739628969, -1.320298846915977, 10.8705079815882;
  -3.115756514849951, -0.5395882080103615, 12.08063734723164;
  -1.966347257730758, 0.2964334775928926, 8.113658897108024;
  -2.94498185228266, -0.5735508203251125, 11.73662807019329;
  -4.453872031051143, -3.250523610995617, 17.25709337371534;
  -4.974113226618123, -3.438776380965615, 19.28298075919252;
  -1.965405123618143, 0.3994344594976889, 8.231071638098845;
  -2.829608242332474, -0.2725403972108431, 11.45213068365927;
  -2.867049379289165, -0.6701657876348431, 11.60444988561523;
  -1.943948558123038, 0.3223370389992568, 8.371317528940374;
  -2.652193266448517, -1.000698066661671, 11.20164712649051;
  -2.197097774145686, 0.1339282276476567, 9.468783137350451;
  -1.99912198077871, 0.3106083618157757, 8.836364152422462;
  -2.195613539363996, 0.1242335178246993, 9.714606201298798;
  -2.103658172281542, 0.2041427749078679, 9.35108743845039;
  -4.354888490247446, -0.464095210015889, 18.43243562978231;
  -2.490685553042135, -1.527398300213085, 11.03846762038411;
  -4.459686017630425, -0.3398532207550659, 19.33800845542208;
  -2.366357472907759, -1.30769565306974, 10.85733584521304;
  -2.028931685614241, 0.5299320464525864, 9.555775673361246;
  -4.341529891727636, -0.8929489817661725, 19.62936525407324;
  -4.446982437834075, -0.2655692617744755, 20.10031453982752;
  -2.032628231548221, 0.3013516845786567, 9.781153983398447;
  -3.788352720826886, -0.007501317369785229, 17.55646939934708;
  -2.338648149973225, -1.331835883858295, 11.28392306080339;
  -2.097419387895557, 0.1743355184793951, 10.23431763914313;
  -2.393989307703375, -1.931462066565697, 11.65049255370046;
  -4.558978631148776, -0.5610233073102878, 21.31917439270415;
  -2.199899555576208, -1.381362455207501, 10.95910923668903;
  -2.046623608292911, 0.2585003080456724, 10.23076790046932;
  -2.140439877931369, 0.4853441598324589, 10.76351615489404;
  -2.275719299134339, -1.853984926501744, 11.4565015705203;
  -2.213541327314289, -1.501471225364502, 11.19069923413178;
  -4.500173368584004, -0.6887719124092994, 22.02722236058148;
  -2.222024114333912, -1.573918390223302, 11.48417588470314;
  -2.067335937224718, 0.3561796085551391, 10.75728732175684;
  -3.639130622415627, -0.7644637297074763, 18.81283341001762;
  -2.051806175225184, 0.1802957951234913, 11.02746618459131;
  -2.170937249895025, -1.802456810018937, 11.67743376552349;
  -3.275886385754192, -0.9282175857531252, 18.11755886038415;
  -2.989641838053432, -1.280167989821878, 16.79271032324489;
  -2.788715756685225, 0.1641494340992453, 15.77532012557648;
  -2.752925216589598, 0.1986592831042496, 15.63593088741723;
  -1.995460583572142, 0.4666781199417516, 11.80180881006473;
  -1.790958323928473, 0.478308625245325, 11.13695730614561;
  -2.956295346206286, -0.9011040088399976, 18.17884028932962;
  -3.302517205223892, -0.6512412279168534, 20.23162497030731;
  -3.028748417732682, -1.454457221699964, 19.05934428547588;
  -2.896699101228831, -1.243202232232302, 18.38458545095384;
