m=[-5.745383457632931, -0.9143064449604015, 7.891479105265327;
  -5.671436041453241, -0.5906615688686664, 8.342220125975951;
  -5.761497204683652, -1.790188754855382, 8.500421137164906;
  -5.67496416604995, -0.5086967368256649, 8.481345083977084;
  -5.626872462303545, 0.1267735696135951, 8.415122823404067;
  -5.818889678148939, -0.0344310476327563, 8.693746889335982;
  -5.815960474835248, -1.756819234180647, 8.702622348890088;
  -5.771455234079677, -0.3384703651737993, 8.720155973726245;
  -5.906859332437037, -1.521691130345209, 9.159211675178566;
  -2.72050970767246, 0.7879596425189178, 4.751119864701978;
  -5.792473116837572, -0.4455540158777528, 9.058088735861023;
  -2.698014516058693, 0.7874707062986864, 4.768568674032158;
  -5.814679658547347, -0.08480459524613625, 9.14557209098308;
  -5.859629244269065, -0.01924201797818545, 9.220086741986384;
  -2.689419329899061, 0.6900631145309711, 4.784896918691576;
  -5.830292024115085, -0.1797997100642661, 9.229504646879558;
  -5.970816617971861, -1.44208642529359, 9.465184858993027;
  -5.911752203535856, -0.2109837039081012, 9.42553587490133;
  -2.649889289813278, 0.713374581591634, 4.775394094809097;
  -2.66157448850863, 0.519012014168625, 4.793152917505843;
  -5.756021897612015, -0.6483647952283134, 9.226676959023248;
  -5.82313714088552, -0.367916893365806, 9.337702207905396;
  -5.851363242859987, -0.4429222189195716, 9.412350986710674;
  -2.609529288825906, 0.6904716337250981, 4.761139735412058;
  -5.775528609292343, -0.3725137368940226, 9.34985667818162;
  -5.668263734510665, -0.8616475076759957, 9.234858642241226;
  -5.688857196295356, -0.6550874724793364, 9.275155852167966;
  -5.736025076339132, -0.09760549050519433, 9.362572790993736;
  -5.75414934764884, -0.5700693620415892, 9.401774761996515;
  -5.686909419718629, -0.4758122073406516, 9.332557905079982;
  -5.686326086341819, -0.1761083062306031, 9.35579929543411;
  -5.701807619972366, 0.08591702859100518, 9.392087159112318;
  -4.707461244821464, -1.551858410264363, 7.948988153481175;
  -5.68872023859252, -0.2768786655615876, 9.388716722663489;
  -5.618390411054101, -0.07110464973705034, 9.292140772430384;
  -5.704466237070349, -0.1292420356131437, 9.425824189362766;
  -5.677160899358832, -0.6907802436624043, 9.402785165512009;
  -5.620131623807152, -0.5713508049626265, 9.368515305256006;
  -5.726725051891175, -0.6286616019516531, 9.540980344884572;
  -5.718486033693301, -0.7896813921653467, 9.530817069422533;
  -5.702105517128948, -0.1565674074362475, 9.510965391698406;
  -5.681570688222402, -0.08971693360909804, 9.499946717622693;
  -5.685512064455605, -0.2611700126325061, 9.521440233369805;
  -5.705537636584381, -0.5229117431481717, 9.560656818914669;
  -5.70290097677101, -0.6819744586850985, 9.558862039488597;
  -5.718325975362347, 0.1193078298206492, 9.611065645730355;
  -5.722378793597523, -0.7501651038010535, 9.624858673660253;
  -5.790801317513542, -0.600709051512312, 9.737524563677917;
  -5.700342973875321, -0.1691327828403542, 9.609790373919486;
  -5.673932329276429, -0.02719675094671021, 9.648150359712112;
  -5.597651958074303, -0.472588649748932, 9.535669000910195;
  -5.695048807428279, -0.7464416037461248, 9.692069659152908;
  -5.659491393207579, -0.06703266550781287, 9.639985283600469;
  -5.69268463440726, 0.1398022031998807, 9.700416702606365;
  -5.641327885374803, -0.252674863937204, 9.651717201278403;
  -5.687957742305162, -0.1506781757188444, 9.723339000962042;
  -5.646987321266831, -0.06767353080115687, 9.703002938597608;
  -5.772684341488954, -0.8365105605657379, 9.947934080194829;
  -5.651808340535872, -0.01233356171328693, 9.762522002242134;
  -5.685950599136813, -0.3975393609261765, 9.835387395774021;
  -5.671527192102799, -0.4612677766539448, 9.814099670369641;
  -5.684184971026345, -0.1659002044041157, 9.832808381429787;
  -5.670675279426556, -0.3124375159379885, 9.824050542189069;
  -5.675221621399983, -0.1075542509068142, 9.859420033059195;
  -5.661395364412434, -0.5425061038500623, 9.859539376532625;
  -5.641831309683785, -0.1453301086410388, 9.864578850943399;
  -5.637852512119219, 0.02717329994716612, 9.857696673437946;
  -5.635338748212701, -0.07221354157343851, 9.859980993177825;
  -5.643579217380909, -0.6745989130014801, 9.919393965610697;
  -5.655588837190694, -0.4419586525227645, 9.955285370920151;
  -5.623569289785327, -0.05808120795096085, 9.971541424070466;
  -5.651543120798788, -0.6658848660703776, 10.04496545615328;
  -5.700726578560842, -0.6037876053432304, 10.12696223541807;
  -5.7122636601592, -0.545066410751274, 10.14955015565073;
  -5.720205544327158, -0.3008278939037975, 10.18342824116051;
  -5.632874031507677, 0.1323926200834706, 10.06290883624329;
  -5.709686807844089, -0.2379141497832878, 10.21357897399548;
  -5.709907822270878, -0.4262936784393412, 10.23780322781792;
  -5.739734779268983, -0.7205053104766613, 10.29171389221006;
  -5.69514494060139, -0.30622758687515, 10.21828973192629;
  -5.697210729423426, -0.77906267383557, 10.23119355878276;
  -5.676944325471739, -0.531436286980703, 10.23875838406854;
  -5.721221724968592, -0.3382150666968509, 10.33221718516253;
  -5.817915176364143, -0.5968224158581498, 10.49648048722519;
  -5.64662422835336, -0.1016022862625808, 10.25462060744208;
  -5.741812759452016, -0.628218079287665, 10.41986878532804;
  -5.699715024172081, -0.3942247949124742, 10.36672198998077;
  -5.85586696998648, -0.2084802204863703, 10.62959236442791;
  -5.672580345043095, -0.04356778268064942, 10.35538194393457;
  -5.717603566873692, -0.5499329770046606, 10.4615384143554;
  -5.709759800105521, -0.3266473219268863, 10.46662123094934;
  -5.718669077938431, -0.657894524709354, 10.49650034969119;
  -5.710991313910027, -0.1819184681616951, 10.57266651427841;
  -5.496777299316654, -0.5458518449453054, 10.23858468461287;
  -5.696957590517905, 0.09434112452150896, 10.58171410108244;
  -5.722279143295757, 0.02532701658550519, 10.63136860569954;
  -5.731014274908143, -0.06367850253575406, 10.66870544567336;
  -5.792269576708788, -0.1298292431985699, 10.81478741348296;
  -5.809740943004259, -0.2538813079856709, 10.86841155328388;
  -2.375665923934124, 0.6273492340880279, 5.064351262199229;
  -5.70114685166192, 0.1647462948894325, 10.77750301568677;
  -5.754781198124876, 0.02508172879286827, 10.94724768766252;
  -2.313922855738694, 0.6109179585425366, 5.012552606106411;
  -4.380830923778099, -0.5371896839181434, 8.755907709416512;
  -4.21770820731361, -0.5912003535834156, 8.544226794127491;
  -4.301196796768868, -1.738305762503443, 8.771675897858307;
  -2.409169509928095, 0.512222960325039, 5.397246244952568;
  -4.15394141768614, -0.4924904325349933, 8.815362825533349;
  -2.878543730501119, 0.3602035704551945, 6.664652557450929;
  -2.964163675799068, 0.8387317611418882, 6.882892754885872;
  -3.755560074012138, -1.626824417328579, 8.629053750725937;
  -4.262505140534039, -0.622006886251061, 9.504802322221435;
  -4.009723123306904, -1.265263992943982, 9.257765692151057;
  -4.050452678976614, -1.087926945143221, 9.381453809344071;
  -5.658167975884721, 0.1560011598711994, 12.86049705430884;
  -2.938660031717459, 0.610583709161536, 7.194215194357973;
  -3.174163432365387, 0.3010067496928503, 7.730529548669293;
  -2.93204955463889, 0.5685271057314603, 7.240266017111204;
  -2.980188800582921, 0.2136269354507485, 7.417466906015212;
  -3.632277087560672, -1.486570168865421, 8.84202807920612;
  -5.754564560896235, -0.2976943306872711, 13.5040408461608;
  -5.697998693458503, -0.4987390809590874, 13.45110701580017;
  -5.64728515456116, -0.02954308125353593, 13.34166568917848;
  -3.441511303673027, -1.576719211648166, 8.57455020599353;
  -5.652821528479275, 0.00575324360653317, 13.51824241290331;
  -5.776124601604233, 0.1524359114319917, 13.82354413683249;
  -5.730753661952174, 0.07348601528505128, 13.72620449302291;
  -5.671995596440115, -0.2376177813765149, 13.60233948779109;
  -2.789249420534066, 0.4263314647885782, 7.221244092249307;
  -3.228472391963683, -1.785560323396844, 8.273896677591988;
