m=[-4.188764476003419, 0.06586636286582145, 6.185825941014589;
  -4.162482157402357, -0.110036553994883, 6.17960246061356;
  -4.321337509905012, -1.390135454640829, 6.398749291576604;
  -2.75646876784219, 0.4880969000823907, 4.825543256418023;
  -5.674541010378643, 0.1489185360060824, 8.958712787689498;
  -5.674640566066063, 0.2248332090587251, 9.006999760744373;
  -5.777342418111509, 0.06469272706784576, 9.176444183446888;
  -2.753012971161478, 0.4302913724722324, 4.917132525751986;
  -5.824084253377698, 0.001034491637832856, 9.356091717483508;
  -2.727925632403768, 0.3848486989624029, 4.927424631511077;
  -5.725780627120899, -0.07388373662403219, 9.26964424348591;
  -5.724543040474534, 0.1256645293507382, 9.276043614427433;
  -5.709818859112071, -0.03502396372770728, 9.27556740156674;
  -5.645186506297935, -0.08200334069025668, 9.245001780640068;
  -5.677327156438154, -0.01976323124924171, 9.311763008510932;
  -5.675206853890341, 0.0316637330081392, 9.321954488675365;
  -5.688701908707935, 0.1145115033625165, 9.377192063884964;
  -5.706075003785166, 0.08116236291036545, 9.435554647348006;
  -5.649944394053469, -0.06234845008873959, 9.381750030378891;
  -5.689659197622457, 0.1655718944798718, 9.480346424021366;
  -5.743566277988772, -0.2221158163835547, 9.821597080974184;
  -5.721076694309458, -0.08133756602511082, 9.842418765489844;
  -5.71033444829052, -0.4439989698597065, 9.842731703755558;
  -5.675530684806407, -0.2037543580118325, 9.80397382192079;
  -5.715003613195349, -0.265370910627521, 9.881725715970498;
  -5.653815632335697, -0.1439500293475677, 9.799918999768396;
  -2.820395334854496, 0.410570232291281, 5.515966084591754;
  -4.305600684960154, -0.6639135723703395, 7.754113685929641;
  -2.877432621249448, 0.7417399974347225, 5.722285432548335;
  -2.706251501923299, 0.6008370360205568, 5.473054376401052;
  -3.932875155090815, -1.139860180839269, 7.539252974629294;
  -5.839786153001414, -0.4551850505438793, 10.83793000015165;
  -5.790321088311385, 0.2442374903933982, 10.87881327511816;
  -5.906519228063523, -0.434535651372189, 11.11809170416329;
  -2.762437978876496, 0.854819728273906, 5.817066866131134;
  -5.618539767367652, 0.2198211383198427, 10.83508814424935;
  -5.785680496562493, -0.3152966033072822, 11.15826115530452;
  -3.686081495830196, 0.3744979438613461, 7.48822125066266;
  -2.730349413984004, 0.8433272234999293, 5.810161870674297;
  -2.787053699718957, 0.7782115232156281, 5.927451380983064;
  15.46201786362252, -6.027006966727172, -26.40240996952474;
  -5.801702980476784, -0.2301254579813221, 11.39739333112661;
  -5.808771849517342, -0.116578918804315, 11.48988778548509;
  -5.807954146297225, 0.02946923038066518, 11.50455252132607;
  -5.746557021977324, -0.515842318920171, 11.41014114782472;
  -5.781338828679379, 0.1663370144484129, 11.57198615157968;
  -3.458435500858996, 0.3504242121804727, 7.359940170220381;
  -5.770329835366368, -0.1496278028113831, 11.6150174619726;
  -5.709407640792699, 0.173752879521706, 11.58380757577315;
  -2.931067277669575, 1.120338718425155, 6.655453124533642;
  -3.098095195990299, 0.6202461649818939, 7.038424383377933;
  -3.062448186173269, 0.5982427795020433, 7.017629982146098;
  -2.458967212138836, 0.8313018870987048, 5.956629300864268;
  -2.446836268230175, 0.8520929795813116, 5.933183076166596;
  -5.710020475068992, -0.4390042868542796, 12.51877681393175;
  -5.658695234248822, -1.22251973666636, 12.42760631565761;
  -2.471442058025706, 0.7936537010460518, 6.032389921539438;
  -6.066708136761317, -1.527403163470801, 13.3609581780665;
  -5.741358364621645, -0.376989842886632, 12.70857567626419;
  -2.451624443837083, 0.8011157117841018, 6.008130374707612;
  -3.053389814546823, 0.3246778098988193, 7.235289446449244;
  -2.406226025226688, 0.8174271205036439, 5.926357379188664;
  -2.971985835544069, 0.6496673775101308, 7.079281673443259;
  -5.670223758302303, -0.5235222443023971, 12.60291593884731;
  -2.43808080553446, 0.7819653657770637, 5.9987913688517;
  -5.954395811975992, -1.431224686007277, 13.19835009912122;
  -5.867859242859983, -0.1676221913762338, 13.30195792469055;
  -2.866178870855855, 0.6588631684493012, 7.023377295814796;
  -2.406047496082683, 0.8541663348592365, 6.09869585969204;
  -5.89795240798346, -0.1355163077034712, 13.53466551912283;
  -5.925319615792023, -0.2105741556499837, 13.60642345622615;
  -5.960384718788935, -1.830403287120838, 13.71538723083176;
  -6.062255842531282, -0.4033621002379008, 13.97180381262759;
  -5.908490689410109, -0.5521580582549176, 13.67875115567365;
  -6.037587669269559, -0.472373538632253, 14.03031850718796;
  -2.797855994378715, 0.3880875659186858, 7.18293913415102;
  -2.760632329006198, 0.3940337997923518, 7.15468355693258;
  -2.710774752980882, 0.525005783712728, 7.165148721925648;
  -2.886829549413454, 0.8507664376277415, 7.842328060144592;
  -2.764327289958641, 0.4937151840339091, 7.569895747446533;
  -2.713056591051104, 0.5910660503270642, 7.522858978829986;
  -2.873370158330442, 0.6587129304564704, 7.935759879212215;
  -5.837536355710449, 0.2837612027640398, 15.34456214993503;
  -5.853753450547719, -0.03941632782301783, 15.40198706441454;
  -5.815610462886598, 0.2002820680829803, 15.39322617317804;
  -5.811178982432451, -0.5880792959111664, 15.49295847265037;
  -5.952402401618129, -0.1668303384648536, 15.89014409177227;
  -6.001640554557105, -3.303979218422231, 15.99173782561208;
  -5.84788121098862, -0.009815323841233729, 15.6919102445884;
  -5.746127625840132, 0.136345163269679, 15.57100236800482;
  -2.422534065102518, 0.8816504190181654, 7.151143663483418;
  -5.921855930359359, -3.259908311388518, 16.28832493193556;
  -5.737497830697554, -0.573232606905183, 15.89967332028719;
  -5.801826819261184, 0.07432881190778751, 16.13932437969633;
  -5.890311460845018, -1.963153712881583, 16.49896415162558;
  -5.767510664411333, -3.107348491750046, 16.16324801743571;
  -6.399695503723961, -4.339652251565167, 17.87712142430401;
  -5.869509350876905, -3.296871953630371, 16.58785502066571;
  -3.152658487785574, 0.7167817494792301, 9.42546057950298;
  -4.537840939075481, -1.937080011846991, 13.22121944008651;
  -5.626091409610437, -3.396138695591609, 16.15293659537351;
  -5.81872751450637, -0.2155047664782633, 16.86769826002013;
  -6.414015527585515, -4.417152105840022, 18.62907802239122;
  -3.094618817384773, 0.8248983343498674, 9.556846926599087;
  -3.053453430068622, 0.5615053105741303, 9.500669814581116;
  -4.505285654150703, -1.94301113480674, 13.56379021946229;
  -5.972769197663293, -0.3645333267448599, 17.7206534979467;
  -5.807515780992852, -0.1839203649679302, 17.32295065444951;
  -6.393494491548489, -4.516833295882433, 18.96553593432785;
  -6.195631853015989, -4.184844530624205, 18.41393314673366;
  -4.424855190415541, -1.974920268070884, 13.46542433080491;
  -4.359590634896454, -2.066050965373109, 13.28700907621213;
  -5.811733932907439, 0.01014565990606001, 17.41054370233022;
  -5.798504413853009, -0.4832962088433226, 17.5553024057122;
  -6.047667604084083, -3.499727258069896, 18.43036439804907;
  -4.375480194715797, -1.675579764901447, 13.65269426495136;
  -5.910552511051711, -1.532888018599559, 18.14962997664233;
  -5.762815609699119, -0.6964745677378355, 17.74023571267046;
  -3.017939618818273, 0.7552951884030901, 9.791774576460007;
  -5.002746654418859, 0.09181300399475201, 15.60174888334408;
  -6.525990962050989, -4.51657050819241, 20.01984893323545;
  -4.466610801580087, -1.759642049356903, 14.0791422811089;
  -6.341831103091769, -4.642281421879826, 19.54607134611905;
  -2.862894995309103, 0.5290542387297451, 9.422795851642951;
  -4.48547655680473, -1.833315580176279, 14.19222525781243;
  -5.548727919294295, -0.4419901220805524, 17.33979011441895;
  -4.123355154733501, -1.883773287412858, 13.13764546927177;
  -4.17217394710567, -2.018194917737987, 13.32080759279663;
  -2.775412830694751, 0.5241004696485616, 9.365497559097078;
  -3.4901657218385, 0.2951159372973759, 11.53036856032684;
