m=[-11.40077756818703, -1.211612623457861, 14.58112862301001;
  -11.40415254548924, -0.06820937827155137, 14.61244638856694;
  -11.29826931232827, -0.7838997942283663, 14.52280648118528;
  -11.21106634974629, -1.43524303746225, 14.43681802212423;
  -11.0873837893228, -0.4100410187317661, 14.29673618729394;
  -10.98304663827311, 0.4624426714884836, 14.18260524080229;
  -11.11291070027543, -0.8419766424246495, 14.35591713347293;
  -11.1212346286093, 0.4050193490813455, 14.39469554347383;
  -11.49983806596206, -0.6918450636580242, 14.94680295347856;
  -11.16965612051611, -0.9175393862204092, 14.55415155584087;
  -11.33801827105003, -0.4100330500147179, 14.7626387724691;
  -11.32986410647636, -0.8157182004441822, 14.77650544998633;
  -11.39669461765737, -1.218445656224906, 14.92269471801376;
  -11.23225932462177, -0.8137077183060786, 14.83209450724873;
  -11.3061178080364, -0.2267352473607054, 14.93035358603332;
  -11.21492447235499, -0.6839742419269477, 14.81836816714019;
  -11.23885676949984, -1.401022958579298, 14.84702692295816;
  -11.28961601408732, -0.5258069443921262, 14.92005715668233;
  -5.527016151851814, 0.929300231145114, 7.837884917546044;
  -11.20360717502884, -0.1070058839932929, 14.86424323595751;
  -5.527573740454075, 0.8836683997968716, 7.858999434051322;
  -11.02783543406382, 0.1942279981630018, 14.68532604748483;
  -11.34139009903404, 0.4345834497518708, 15.09017360044239;
  -9.15388258698836, -1.400606047301263, 12.37837454798896;
  -11.29807070162241, -0.3893876776941362, 15.04753730683606;
  -11.18518996857479, -0.445412552126939, 14.94799964795194;
  -11.29917186482191, -0.1879561862243462, 15.09503721510713;
  -11.18980380855305, -0.033056009259343, 14.96583539122229;
  -11.26645417160341, -0.3293059884379585, 15.07512561608197;
  -5.507403133273101, 1.002350186137737, 7.939841514274607;
  -5.473188928490008, 0.8495730664936446, 7.913554082504026;
  -11.18498189635054, 0.1948143165125616, 15.20859820815197;
  -11.21568382808631, -0.0244569419038434, 15.25472948856078;
  -5.381455344693401, 1.3235048546585, 7.87973269807951;
  -11.20534912002189, 0.2399045302101569, 15.33952297331851;
  -11.00497985017893, -1.226458760186377, 15.07697312463889;
  -11.06425518140849, -1.078160205942786, 15.19643272407959;
  -11.30758360290427, 0.1384983767834072, 15.51998950250589;
  -11.33714147707194, -0.5407979866263691, 15.56157614036326;
  -11.22764413138888, 0.3648796713790077, 15.42884102532683;
  -5.745712666953806, 0.7077605225387569, 8.392384060105174;
  -5.561179869452373, 1.030269460671609, 8.166307452513037;
  -11.5208408165479, 0.5651371466548247, 15.85845804323515;
  -11.45598312812927, -0.6506271558931153, 15.79023773639947;
  -11.83656878113691, -0.922863163196875, 16.28613401357428;
  -5.618637275057775, 1.760304880744164, 8.283855898913185;
  -11.25769838859952, -0.3623196820666996, 15.61358480356889;
  -11.28729712497725, -0.8080310022791752, 15.73373964933542;
  -8.596164763279333, -0.7646737732877654, 12.31989498631497;
  -8.092514891641708, -1.306153483856731, 11.70311363297354;
  -8.640465878603617, -0.2904407837806109, 12.49277862748442;
  -8.673166567217898, -0.9303566404643414, 12.54666235478021;
  -6.63907602967755, 0.6055832836376655, 9.862323975157283;
  -8.486222177040713, -0.4419959339382461, 12.43920733297699;
  -6.583085531507095, 0.5034764824882634, 9.896291938827764;
  -6.254299174905567, 1.858149163008101, 9.480118591921331;
  -8.381121926687206, 0.1317892235785428, 12.37695786571734;
  -8.352338539139975, 0.2537717139055056, 12.37414224288799;
  -6.094320723862507, 1.749138635620448, 9.333960173756568;
  -8.683664333444719, -2.502011642294722, 12.84852290865909;
  -8.23614562859569, 0.2965231624069582, 12.31969529016705;
  -6.073364121083595, 0.7802917825797028, 9.369177275879268;
  -8.70614390587884, -1.459903387840104, 13.03916684795267;
  -8.727974252947684, -1.549230946656437, 13.07679505893003;
  -7.565729250543427, -2.124317362384287, 11.53120634971634;
  -8.610345984096467, -1.571284265113175, 13.00662647676386;
  -6.148776119994395, 1.323327855567954, 9.620078998238634;
  -8.666456956956047, -1.491220130581836, 13.14742042494405;
  -6.144028075249523, 1.436100401269878, 9.628452032397139;
  -5.834764508139215, 1.754069543407408, 9.19996391170379;
  -6.132398717602181, 1.366578062978022, 9.638442762737663;
  -6.09648163195675, 1.579055373568421, 9.600581319151768;
  -8.816767383801555, -1.789772527989028, 13.42213525209315;
  -6.072601572537947, 1.541668494379418, 9.597048409749167;
  -6.065926341373971, 1.443031175062819, 9.60817246834827;
  -6.082587437386901, 1.396725247420588, 9.638891647919243;
  -6.058668048186478, 1.499274082922895, 9.616404713091924;
  -8.500151133656807, -1.462422046485155, 13.08363423336674;
  -8.425619400748838, -1.59823139689076, 12.98180385480466;
  -8.072594413946638, -1.21640517739638, 12.62165401441683;
  -8.056094175270415, -1.270864592828881, 12.68562135605366;
  -8.018737874185177, -1.094054283741244, 12.6401261293313;
  -8.064865253396601, -1.479080990387941, 12.71624592876564;
  -11.21767116867085, 0.3081595654543818, 17.36181498570766;
  -8.042143906462183, -0.9744334856733172, 12.73807972218105;
  -7.878957591351019, -1.066198520435006, 12.53558444485026;
  -5.815284650339483, 1.288663110634345, 9.555998999323929;
  -12.52100567376803, -0.09172702525716325, 19.40652123985581;
  -5.836517174337489, 1.112614946779032, 9.599447819595767;
  -8.006445680736537, -1.266565199715483, 12.79307865256735;
  -8.114518080911754, -0.8925331574902233, 12.95853762193607;
  -8.060951849569948, -1.342020146740664, 12.89032772371435;
  -5.789797088397216, 1.220498769409746, 9.617103541594304;
  -11.30727640991186, 0.2967399559013543, 17.85142473763845;
  -8.315217717147114, -2.414629775072164, 13.421204776323;
  -11.34277573833018, 0.4494086698869404, 18.0036739194113;
  -11.66403953198689, 0.1306099710458303, 18.52658194246048;
  -8.62716025704492, -2.393493996139207, 13.97163677517048;
  -11.06514412503115, 0.3989090875418924, 17.69299414116329;
  -6.000709021959788, 0.7338391345458191, 10.0882145543064;
  -11.13430966944325, 0.2049374128602782, 17.85924251628287;
  -8.025241720463596, -1.292960430737711, 13.18133247377547;
  -11.62087183328655, 0.002064134757132039, 18.66833273338958;
  -8.616156186033185, -2.515261800307629, 14.12744248383063;
  -11.41128184552116, -0.14724771997439, 18.4740789001061;
  -11.34497209765379, 0.2490435601704798, 18.38338103814402;
  -11.33880874458033, -0.06955212345341354, 18.41982860734477;
  -8.111087946782346, -1.013264689569351, 13.46995397993154;
  -8.160855928893707, -1.117361856586373, 13.54588589151194;
  -11.15031092475006, -0.1619721057124473, 18.26062686130927;
  -11.23880317230385, 0.4825878085813833, 18.42037946875124;
  -11.2502248811434, -0.03916293526961413, 18.45224433946211;
  -11.24697182045883, 0.2263974579974291, 18.53938149511836;
  -11.26889760027572, 0.1602871248672004, 18.63422738962188;
  -5.517394478031285, 0.9769830054584345, 9.658888947725664;
  -5.509332101177639, 1.044180700595874, 9.655443807046312;
  -11.21957676382688, -0.1238106383157481, 18.63014169761668;
  -5.6929469786751, 0.4641172332174047, 9.983404146323869;
  -11.28573864657419, 0.3284205720263222, 18.80476638481238;
  -11.09435223462764, -0.1587833904772253, 18.59126224835849;
  -11.40924094658759, -0.02412473912108401, 19.09444121916208;
  -11.19724617694629, 0.0468387072465012, 18.7768333487394;
  -5.519993624430436, 1.225290042142385, 9.83746219392234;
  -11.40816211610446, 0.02071018749672338, 19.26995904227296;
  -5.523639160690456, 0.8633356618338492, 9.865723867653854;
  -5.500617151010829, 1.290731416975111, 9.852241391799225;
  -5.495116856769661, 1.003813979589716, 9.854168617218281;
  -11.37083916636565, -0.4397343222245904, 19.44433046635109;
  -5.503894504292197, 0.7764752140023354, 9.941629283269887;
  -5.419515688765801, 0.8515214994430356, 9.82318819854104;
  -11.20218717247727, -0.1592634896283273, 19.27200475228519;
