m=[-2.72924520134288, 0.449331935169545, 4.39342690179793;
  -2.681954161859987, 0.4427942931016517, 4.378699860583389;
  -5.550696701448366, 0.1821773065912637, 8.305402637006791;
  -5.731132929983575, -0.3370482561877878, 8.582462558423522;
  -2.556118466864569, 0.8302137438956663, 4.395247564042683;
  -5.68806345191383, -0.2710212024822424, 8.538039335121262;
  -5.691587625094615, 0.1015070061104991, 8.587338472422848;
  -5.602567271001677, 0.03632936709693065, 8.553149748761454;
  -5.568589064675545, -0.04010430345067759, 8.562236890257397;
  -5.58773500969224, 0.1609909058104693, 8.596850939897941;
  -5.59575708900205, -0.00133828766835745, 8.631982578453366;
  -5.544523501490627, -0.04760646913761094, 8.618343075868625;
  -5.544358572056146, 0.2722841870488564, 8.62765137223235;
  -5.568438772653114, 0.01582435080320116, 8.67385125684554;
  -5.563195756883698, 0.1497549378061127, 8.711243940770556;
  -5.544664541986531, 0.1118397102046441, 8.711677416867641;
  -5.530089620964479, -0.02994062473861274, 8.725726963775891;
  -5.564271984735698, 0.004398808168256939, 8.933569982184201;
  -5.610376657248281, 0.04559464797226089, 9.022358783327514;
  -5.523324933078447, 0.13289830220122, 8.902862844936259;
  -5.53999379474966, -0.17498949440809, 9.025709912835827;
  -5.592084279680695, -0.5880965851054957, 9.113886839659225;
  -5.584584749955929, -0.4917373692400968, 9.110169520077504;
  -5.596975122133708, -0.0384283586433445, 9.168885316647012;
  -5.663569232158157, -0.6162528005257423, 9.282823613958717;
  -5.547153051017073, -0.3935831143124739, 9.113344066963798;
  -5.523104863084974, -0.4917841976696314, 9.088463322640772;
  -5.514517966894193, -0.1623401635955424, 9.078993672079589;
  -5.468515540319053, -0.2136393573208341, 9.020519298466189;
  -5.528234839145618, -0.1038000657948346, 9.127904202386324;
  -2.867183288366254, 0.8490221724894197, 5.296114760603234;
  -2.799050433767529, 0.8525628003849192, 5.299713111932927;
  -2.781141541361649, 0.8299064931545311, 5.304116407142812;
  -2.693639775099108, 0.8613679706598976, 5.258927464735254;
  -2.69401696157916, 0.8073273701821245, 5.299465671539051;
  -2.626998734475097, 0.8649256979005855, 5.263385792762685;
  -5.609584330748399, -0.5268984843884046, 10.0792311943615;
  -5.567211342999567, 0.2791509459412199, 10.01627280013071;
  -5.476898011531903, 0.2575239980710927, 10.10631757895481;
  -5.448273508659482, -0.2530390661491062, 10.08727559202718;
  -3.111459372239521, 1.227486858462661, 6.206373315644572;
  -2.577199253929707, 0.8700066742635461, 5.314485038795603;
  -2.55081499770794, 0.8243527504026726, 5.342830282612444;
  -5.590709730626153, -0.06233145961353573, 10.62334409941933;
  -5.584861015139089, -0.4003527035463841, 10.61845306335949;
  -5.509103290975919, 0.07061449958395662, 10.49387574072455;
  -5.565288397758895, -0.4600736277971049, 10.61071364141615;
  -5.566176051769087, 0.2061699912246208, 10.70309244232234;
  -5.50206845134715, 0.1059242942280171, 10.60265782221121;
  -5.6354482700356, 0.254461101859049, 10.883727786326;
  -5.606486693425259, -0.09752395345716446, 10.84155707800703;
  -3.082272723843403, 0.6875054611496653, 6.449830023278608;
  -5.498063420509018, 0.2139626848107398, 10.71783545977686;
  -3.05563858719888, 0.6439271356531335, 6.473771977978545;
  -2.45082917874081, 0.8735098216315379, 5.397512376249492;
  -3.001834529843732, 0.6183938245228753, 6.414951933884035;
  -2.446075560957584, 0.8153475690256771, 5.488572547260826;
  -2.449366137241877, 0.8069442776444458, 5.499496847937893;
  -2.426749552554572, 0.8216864687024726, 5.47327829754592;
  -2.403710126004173, 0.8454909885463011, 5.442952003421858;
  -2.42857575460123, 0.7637965182671435, 5.503539827038384;
  -3.047055873859635, 0.3784199114877174, 6.674084385086795;
  -2.389614828410022, 0.8500289433448748, 5.549723044888651;
  -2.379192554052102, 0.8746766963573186, 5.553814440011308;
  -2.975935740635084, 0.4271909449974975, 6.701623376646266;
  -2.839091434380156, 0.6857147842651452, 6.484233857967745;
  -5.56078740068617, -0.4591021022524972, 11.73385606165766;
  -5.478988713664806, -0.3739763320713149, 11.58456095830782;
  -5.545024195103973, -1.154655741241667, 11.73974167732352;
  -5.497857979948265, -0.3129174516654336, 11.74317188116082;
  -5.447692902087725, -0.4557126113312621, 11.68359682105693;
  -5.602179470474427, -1.302327413752741, 12.01011077149363;
  -5.621929842017202, -0.1009014624644687, 12.08657044820918;
  -2.508016103859899, 0.7846083746414005, 6.005528625820892;
  -5.749569495106673, -0.1569988069289758, 12.47941592801069;
  -5.620144866552489, -0.1074747859597052, 12.31916656162042;
  -2.791601924797761, 0.4370891650049006, 6.657057964655271;
  -5.720109642279097, 0.04167647627443534, 12.56949717735128;
  -2.326665677385861, 0.9255808255015542, 5.725884198578356;
  -2.746281916588135, 0.4144430442711002, 6.591454589949191;
  -2.730266145527277, 0.420807772283314, 6.60827936995247;
  -5.63740725269845, -0.324977660107689, 12.5889743702185;
  -5.679267966144615, -0.4801301664380084, 12.72332504267512;
  -5.662863507475527, -0.1172159020584131, 12.72578840710108;
  -5.613689473847916, -0.3873821798339398, 12.63883141357532;
  -5.580675536612193, -1.155414899754473, 12.64742684424968;
  -2.678591640611789, 0.550551579751163, 6.613597137255598;
  -3.898852905345746, 0.3555306843346823, 9.359108188035904;
  -2.724257425208832, 0.5208845179679428, 6.996388367216942;
  -2.88679006265925, 0.8868243168089383, 7.359741743868884;
  -5.502578134838021, 0.02637252379154663, 14.08416479025476;
  -5.539495612446316, -1.813930362495332, 14.20300600392583;
  -5.535997365978047, -0.5405019249214957, 14.23112799120794;
  -5.48937554221902, 0.2473249906210033, 14.12313656244547;
  -5.509877925644022, -0.4989167419507008, 14.28983843153292;
  -5.606738030458517, -0.09434386708695186, 14.56782557940962;
  -5.482369252574229, 0.05051790663396352, 14.31684536557807;
  -5.712761991100472, -3.029142627936551, 15.03531954073039;
  -5.491497076213562, 0.2924267639443189, 14.53757309675017;
  -5.627850446546728, -3.051291604910816, 15.11760309917129;
  -3.063013616032479, 0.7371855434079702, 8.714614989962779;
  -5.455514357397133, 0.07338656822584551, 14.8881478241929;
  -3.093353821543507, 0.6194186652719252, 8.918275637239526;
  -5.453158007238415, -3.009348472310878, 15.04343996025122;
  -5.472700332858999, -0.495120063499076, 15.11885137499509;
  -4.333659027831605, -1.805296578715123, 12.22209774395373;
  -2.9392312405186, 0.8256726291942887, 8.644704031793392;
  -5.481470933655825, -0.502716199479742, 15.41178018783489;
  -2.886591245610044, 0.5495559699134842, 8.622908843553516;
  -5.344219462024936, -0.1512098621072621, 15.12225348848876;
  -5.419870029859033, 0.03244246626650493, 15.37079842382537;
  -4.239254000560844, -1.875023344273559, 12.29984562498415;
  -4.658122300336969, -1.700279487332774, 13.43523058783548;
  -4.134863519607872, -1.909021946236785, 12.2006763237472;
  -4.234826053907418, -1.845866591892099, 12.48942315910352;
  -5.499545485983032, -0.2705761237397149, 15.93984956301523;
  -5.324916543989016, 0.07105860937589034, 15.5824424963455;
  -4.0806854036216, -1.840631170123833, 12.17744647701675;
  -5.863598529407929, -3.917474917368364, 17.07916331120327;
  -2.818668953279159, 0.564135677258251, 8.822581001154653;
  -4.058998448004995, -1.511994915824467, 12.24220802179642;
  -3.982663235808379, -1.539338712142244, 12.03043753215115;
  -5.341603895680133, 0.1619369795779375, 15.81353886880775;
  -5.332186790497895, -0.3760381177376049, 15.78433089447675;
  -5.168875808430391, -0.4560709577609591, 15.47756134054754;
  -4.094446170401926, -1.568489988929283, 12.50893720777277;
  -3.944832364585749, -1.892221242560617, 12.10761324057646;
  -5.46390567739686, -1.352998614433014, 16.41377466673767;
  -5.36134886360568, -0.5819508693221578, 16.13428069547594;
  -3.954479135139847, -2.005344058968023, 12.19286431890758;
