m=[-7.987243968819621, -1.326191395810323, 10.51343968121981;
  -6.222633419835411, 1.620651307284887, 8.452962424727012;
  -11.23483914530494, 0.2033431945247652, 14.48190106548223;
  -6.023875713883576, 1.767517483805809, 8.254026358019884;
  -7.867900204585243, -1.414585008649599, 10.47673214396031;
  -6.315102967491764, 0.4933317977224757, 8.648608829207586;
  -6.113050937374928, 1.633783239242833, 8.431967896925725;
  -6.128127602375313, 0.8439667734965174, 8.472432423086016;
  -6.241133025313679, 0.5246239759594185, 8.633806922328997;
  -8.4191164098687, -0.4488303448161186, 11.32061956642078;
  -6.132424689705769, 0.8257168652879569, 8.513338547067656;
  -6.079231526330081, 1.337236562832024, 8.457725146748857;
  -6.059311907672573, 1.445672041895292, 8.45136068978656;
  -8.300709401342671, 0.1796694975707414, 11.30791002893818;
  -8.146137984484126, 0.2954260924298039, 11.13211416241511;
  -5.986887747233348, 1.378368561833496, 8.455086709535584;
  -5.95443659817325, 1.554631425368287, 8.449801693105266;
  -5.938751362240195, 1.45711224968991, 8.448857869041772;
  -5.936639242969502, 1.405169095532295, 8.452174186103896;
  -8.590045872683781, -1.392485065894577, 11.93000309067124;
  -8.049660476048338, -0.683789003251443, 11.30161696639841;
  -8.592782157235485, -1.427610681625028, 12.09625309764735;
  -5.660190196725174, 1.125449992540393, 8.363197474490658;
  -8.014367751864063, -0.5318384028273552, 11.45417984527286;
  -8.139967506519763, -1.252495852516358, 11.69828161139479;
  -8.078034450424733, -0.6886110180783581, 11.62502830543695;
  -5.683205141860873, 1.240504418161547, 8.480068108561376;
  -7.73530993996989, -1.009332377572056, 11.27571004756451;
  -7.986911497299054, -1.214193953312019, 11.63492011955046;
  -11.96395778274756, 0.04747507010023402, 16.9979902628703;
  -7.898171166887041, -0.9123937178495791, 11.57591787929133;
  -7.998216532000251, -2.286227232850971, 11.73593149070894;
  -7.88329091953931, -1.017007846650976, 11.58991764163067;
  -5.768272916269412, 0.7654590290237512, 8.767830770029182;
  -7.911068161640416, -1.187600206992556, 11.70127580684144;
  -8.149371857452142, -0.8488954509681925, 12.05953660957757;
  -7.83272827595791, -0.990450551985171, 11.70683855986708;
  -11.38270857230712, 0.3832137315628316, 16.66757036669963;
  -7.694401639123761, -1.341972824339012, 11.58595257299785;
  -12.05592840817364, -0.2667806563594239, 17.61895764728227;
  -11.91303581363817, -2.649608478798855, 17.48726878192456;
  -8.08779484239035, -0.8726864113102146, 12.19678218482009;
  -11.65542192376724, -0.00292161118253567, 17.20713495395283;
  -5.405751991651198, 1.002614142195948, 8.507865303363424;
  -5.411050819799824, 1.066147695445828, 8.523097739255221;
  -5.410509015079608, 0.9153173466939872, 8.545009567944465;
  -11.74510870502918, 0.2312347938130824, 17.45655023366684;
  -11.4178023725911, 0.3747393517082687, 17.08424203927342;
  -11.76352681084134, -0.5605009874904992, 17.6575833725841;
  -11.38331453249673, 0.5266467761807916, 17.13226682287575;
  -11.47050976066414, 0.2045715854804079, 17.30644527578815;
  -5.379585403943521, 1.226077122509969, 8.630932933261128;
  -5.381876388280795, 0.8860504476474417, 8.663523707869802;
  -5.34201747378899, 1.294008590486535, 8.61800208176326;
  -8.064811368623946, -1.23835749708801, 12.55857118009669;
  -11.72576101904981, 0.07603469194503362, 17.90111301888779;
  -11.61939352202569, -0.939885365513763, 17.74663067313433;
  -8.192746710428514, -1.105545243494291, 12.80225148051279;
  -5.30356118118905, 0.7892135455566286, 8.640947743236895;
  -5.255951711046819, 0.8677648020857157, 8.581144059685538;
  -11.5405143305497, -0.08311338533223676, 17.74464166522838;
  -11.59372269790243, 0.334032289579443, 17.83719265489438;
  -11.55199130161951, -0.00276278745807514, 17.82003508658521;
  -8.298679403075898, -1.518170650110091, 13.09979284145523;
  -8.119942390435956, -1.379333621414163, 12.84650004148498;
  -11.4777422686441, -0.09855035927519397, 17.84086956813862;
  -11.50574319388226, 0.03269694145613967, 17.9222775247734;
  -11.55651752822923, 0.3110883814494179, 18.09600950490159;
  -11.54625844697155, 0.4615563913371351, 18.14668760101266;
  -11.62239682381651, 0.234431764593879, 18.2609012994753;
  -11.43773641856222, -0.06192539315621618, 18.04718764297417;
  -7.787514145088476, -1.369637767021135, 12.61916762515114;
  -8.151599686183937, -1.645347931991096, 13.16839731221582;
  -11.52869349772923, 0.4101321540272008, 18.26169616585993;
  -11.56229444000772, 0.05871275770983783, 18.41529190959371;
  -11.45777328385179, 0.2209320713379368, 18.33428629063362;
  -11.69308947625493, 0.009243915042508948, 18.7735310981616;
  -11.90192836777991, 0.0967250983797852, 19.14015306064001;
  -11.40614963341193, 0.2744466312049189, 18.38519134859021;
  -5.218972683947211, 1.054122186106997, 8.982453078885857;
  -7.414485639768389, -1.819953924028076, 12.37681321081822;
  -11.66596339463435, -0.3684879643989922, 19.00608653271771;
  -11.8494694796517, -1.246160141329784, 19.31207015959132;
  -11.82970976580087, -1.041637045467831, 19.29788268332981;
  -7.491955289850428, -1.932512000188793, 12.59608210090832;
  -7.654836788989492, -1.881155230001328, 12.86102469960333;
  -11.7633500051485, -0.08076616797122792, 19.27055325121187;
  -11.55688617905772, -0.8199873362560887, 18.98665479820875;
  -11.34022392651788, -1.009747789213893, 18.66073735364916;
  -11.41239716326991, -0.3359659781008905, 18.78914571511352;
  -11.39220156973226, -0.4450609317798516, 18.79185920824704;
  -11.47236933439374, -0.215409208614002, 18.94251805607533;
  -5.543149566763556, 0.6194424670971953, 9.762113979526653;
  -5.353430031955242, 0.9920259730433845, 9.476459759446451;
  -9.8202691744128, -1.768338719296077, 16.5907387588815;
  -4.427586913434202, 1.755980857758521, 8.085707334268756;
  -5.629260091136473, 0.8753458809900875, 10.02857046171379;
  -5.287246754117889, 1.017687223500452, 9.476012981945409;
  -11.91966146450809, -1.064798591804948, 20.35290023386115;
  -5.50300953535548, 1.782069048611722, 9.943625202035692;
  -5.323290808604156, 1.22841480928624, 9.682562656596685;
  -5.354324028694422, 0.9196330736556233, 9.751700318261563;
  -5.319808848271981, 1.141145923396092, 9.744849967141375;
  -11.33235581741481, -0.03377484669119369, 19.91620099604229;
  -5.656520127605087, 1.674992675548801, 10.4484355300943;
  -7.163326688876849, -2.786066808411596, 13.05136634352286;
  -5.649916654476123, 1.640889168501315, 10.54117361622664;
  -11.91497259228455, -0.8426750072772674, 21.18111783481977;
  -11.82602415504822, -1.11079784815433, 21.24885277425395;
  -11.86345349032129, 0.5948569328371397, 21.34418458177262;
  -11.72639389859083, -0.7931525542049952, 21.19877476855606;
  -5.496855136078395, 1.640288961031374, 10.48345043980964;
  -6.921405560737672, 0.6568982803684371, 13.02510428539851;
  -11.66249735809311, 0.5483711657266449, 21.52037555135032;
  -11.60748985098936, -0.5390970896672631, 21.49083537610377;
  -6.976703059523008, -2.554641014629639, 13.29742577701955;
  -7.129774719499044, 0.7885868726564991, 13.59077447291196;
  -5.322027443108746, 1.701869723206844, 10.39045998183241;
  -5.133640101643047, 1.740196222706027, 10.09196923767511;
  -5.272577743528705, 1.580055502422921, 10.37181471046583;
  -5.108172667474184, 1.681839336818183, 10.23460083635498;
  -7.146231404783484, 0.6991587167179748, 13.9465156594557;
  -11.8679573098018, -0.1323172079027301, 22.55123237190905;
  -11.56823549168601, 0.1482791512827246, 22.03546010619231;
  -11.81686357205507, -0.9768815026671617, 22.52989360861337;
  -11.66513596163608, -2.431531649598014, 22.31839039331613;
  -11.70050985819148, -2.751144807738844, 22.41451085780276;
  -10.85295377229703, -3.423578553385978, 20.90279578500482;
  -5.31858739367471, 1.543047414782409, 10.74830283844203;
  -11.86692042594653, 0.4395482387415808, 22.81867212666058;
  -6.714072927631062, 0.7491766718897789, 13.38729425909625;
