m=[-5.897402919453922, 0.005720947102926645, 8.217801673224205;
  -5.616825682343801, 0.1966877403786252, 7.929528693569453;
  -5.745483127999423, -0.2592843336649302, 8.153971746442011;
  -2.76153714210237, 0.38557480641578, 4.451052608082626;
  -5.772834127277885, 0.1176609965951182, 8.224801012862638;
  -5.63745409890595, 0.04706538125688873, 8.142718171578327;
  -5.647264908190986, -0.4504439461730855, 8.158034047514253;
  -2.67909392076671, 0.6287661349040278, 4.391665863941897;
  -5.615795755719351, -0.02949209591896825, 8.165931595509258;
  -5.610553692598385, 0.1761156496752368, 8.165639074954717;
  -5.618568001685881, 0.009337765890662028, 8.198423409578229;
  -5.586351740197143, 0.2863347406117273, 8.223700909305846;
  -5.609832161920977, 0.211968791079712, 8.28161897462963;
  -5.629032951425757, 0.07801783933140205, 8.309882731818037;
  -5.605889996811406, 0.1644417741479636, 8.31078670888296;
  -5.564160674098963, 0.1227207648620805, 8.280803763983078;
  -5.607542875691591, 0.2374453442693478, 8.345058301857002;
  -5.586452969229022, 0.03226624102798214, 8.349820672365036;
  -5.64677010280194, -0.02111208702816238, 8.434405791535518;
  -5.578581876286465, 0.3259383971541768, 8.350713471652266;
  -5.584164476520848, 0.2102011806964793, 8.37852964476572;
  -5.602993088877406, 0.2725575986228453, 8.407312834603491;
  -2.855746808199253, 0.856307679897747, 4.791215195137344;
  -5.60489380939349, 0.3692928222359257, 8.521020983115866;
  -5.636258238094761, 0.01851876897417457, 8.585539448776867;
  -5.545199904872116, 0.06136422506371324, 8.469743750913802;
  -5.643766543251577, 0.09996534508145358, 8.612690399565496;
  -5.626966391628204, 0.1468249259496567, 8.594854380228064;
  -5.582353973446466, 0.0514001084978834, 8.588612769337715;
  -5.612217114944953, -0.1654438841427566, 8.681135068138909;
  -2.762080604206073, 0.8371525331157474, 4.788358842199894;
  -5.591177209606662, -0.031026114263127, 8.70207215476896;
  -5.557613070558181, -0.3842355549601042, 8.669218617373593;
  -5.567687048315956, -0.1501240656480829, 8.698144085430039;
  -5.654207762546782, -0.4927835498392257, 8.826256775134779;
  -5.570127297319778, -0.08841216260835999, 8.731138300698646;
  -2.712630517297036, 0.8795765924648136, 4.759588004988086;
  -5.752816288229776, -0.4781962918810502, 9.255513424641505;
  -5.757421533544109, -0.4795089973202338, 9.359948521925809;
  -5.610673055680095, 0.2919916056245923, 9.639730421851462;
  -5.513416900380953, 0.2732148361975595, 9.72032393069779;
  -5.540388093402449, -0.245759342438711, 9.801618146984461;
  -3.057480574259178, 0.6692946626214398, 5.881376452607281;
  -2.422656406877201, 0.7903273956285973, 4.880634595093378;
  -3.027781141444761, 0.6900971441800504, 5.874392240075742;
  -2.405580043123321, 0.8541276044052253, 4.881911035411825;
  -5.649037174043883, -0.1617825724619544, 10.20118044302337;
  -2.371142353854525, 0.8038674502028406, 4.862919430049773;
  -3.026839109085559, 0.6503217595128759, 5.940986368194667;
  -5.645708780286403, -0.04502860237850755, 10.27357989765135;
  -5.659968331906415, 0.08679000753192878, 10.31317038731852;
  -3.004400402693755, 0.6324152729620285, 5.945931449813668;
  -5.536909104338689, -1.293935405714092, 10.15948470931446;
  -5.637033693994527, -1.164800954874091, 10.32695294934176;
  -5.628795960561087, 0.2235152865969871, 10.36941553625032;
  -5.613317127687756, 0.09529274770022093, 10.39108150848708;
  -5.627688715776307, 0.2740507500719577, 10.43318133229546;
  -5.670239879490178, -0.07805414389560229, 10.51173525237408;
  -5.609552701160795, 0.2313870119796769, 10.47612783830168;
  -2.915978468716689, 0.6965165720430377, 5.936872250881535;
  -2.349098722599941, 0.8485750758701398, 4.985120431136659;
  -2.34175159397361, 0.8737288523585616, 4.997743429041882;
  -2.861029000761272, 0.4180608258760265, 5.98572070708213;
  -2.807545367203747, 0.6935673816908982, 5.945208615738341;
  -3.299489060011458, 0.279325102255012, 6.81591218765648;
  -2.795702114443656, 0.5583156539914684, 6.01853231582333;
  -2.231905639642297, 0.8848956149074543, 5.048975677841054;
  -5.719350592799808, -0.2717607875916602, 11.57112713569374;
  -2.743508249492223, 0.4434075821533418, 6.080422279554365;
  -5.585905121533275, -0.3684105185367212, 11.36190941946321;
  -2.721857721769707, 0.4225484727288111, 6.062920322477973;
  -2.730509935601187, 0.7042953015261881, 6.109267692348759;
  -2.250316201911718, 0.8797405843589732, 5.210587995793;
  -2.229142351706824, 0.9005811452135264, 5.173425502071443;
  -5.559499527980406, -0.301490706498619, 11.43179441730354;
  -5.597338682243936, -0.4545967812415347, 11.55029372440927;
  -5.701909537858556, -0.08577873167546903, 11.80067445997336;
  -5.848773979273773, -1.35015281617438, 12.09161953841596;
  -2.685260132747306, 0.4930407495967789, 6.122247471219418;
  -2.650983328770952, 0.5572047528030145, 6.076041620679873;
  -5.764118114171693, -0.09349359844376813, 12.18489660399039;
  -5.701595381296853, -0.1192941409448886, 12.23441069902868;
  -5.726649749356612, -0.3125558254180984, 12.35853689597128;
  -5.76448247275854, -0.4729684748747264, 12.47717057054573;
  -5.737937790867698, -1.802883642871284, 12.50882744659809;
  -2.850240057384054, 0.8893539738102231, 6.80720989209841;
  -2.869529779005679, 0.761146073231333, 6.879503845951246;
  -2.656433336054253, 0.4549338547310144, 6.54391393815031;
  -2.664779005837072, 0.6417866280943951, 6.565940236339981;
  -3.511330744161818, 0.2981448095907937, 8.493821653135125;
  -5.763921775498239, -3.134981012942515, 13.91524085580885;
  -5.818276125180527, -3.0796560441939, 14.26039818700935;
  -5.709291765229253, 0.04593100999725326, 14.17600282732195;
  -5.844928439317708, -0.4085326479036958, 14.52409707681668;
  -5.747693011899048, -1.872102506943933, 14.31285662533765;
  -5.881143355742838, -1.433009883355867, 14.6331768580746;
  -5.662000346845552, 0.2802631406270048, 14.1408446986225;
  -2.730487889518786, 0.9966618751596295, 7.32960753762124;
  -5.699124819378699, -0.4987635666255659, 14.34976552253459;
  -5.774888705821049, -0.091197101115106, 14.58120728311539;
  -5.762384736793743, -3.116514257878285, 14.55469354350579;
  -5.734204479896774, -3.087413047789406, 14.48970395238107;
  -5.730566667993084, 0.07267398552312383, 14.530894723377;
  -3.106783153474958, 0.5857904046501463, 8.341499265470629;
  -3.057274292017635, 0.7525645715043909, 8.243093246287867;
  -3.060668460753913, 0.7393907048902565, 8.253424623885781;
  -5.657743919565275, 0.2239014687047343, 14.48142281021914;
  -5.901056415655479, -3.121725498280629, 15.10734315905738;
  -5.699711293058846, 0.3240683340687707, 14.65958526391237;
  -2.988797227788068, 0.6201684285414277, 8.187772280485056;
  -5.751793119478281, 0.02649516190956463, 14.86002279784129;
  -5.884654875724485, -3.177689695217889, 15.36202811064111;
  -3.013763462404155, 0.8667909080326923, 8.373979257723427;
  -5.615929557621227, 0.149716008600678, 14.79257629533319;
  -5.610181685799843, 0.3339520926971955, 14.81562367436359;
  -5.963535268309971, -3.350752650257731, 15.78631405596524;
  -2.90723447214103, 0.5750217821789863, 8.223390305230204;
  -5.804702360923592, -1.869866685734004, 15.44208703205615;
  -4.397033241731284, -1.824551643376374, 11.97498987800469;
  -5.634468875790259, -0.4931127060626591, 15.15441572798201;
  -6.086579646236528, -3.350544850484749, 16.34518549797347;
  -5.653079723423106, -0.1402120474616718, 15.57160717142584;
  -4.463796133732747, -1.868506656374688, 12.58955692278762;
  -4.205514599942338, -1.943232577184721, 11.99238032914312;
  -4.298057890612653, -1.863746795168727, 12.24720612479167;
  -2.812366032021455, 0.5802667030393172, 8.35732881149489;
  -4.144028222848134, -1.867250925954839, 11.93920828410658;
  -5.720398448646502, -0.09680450677004571, 16.24226568064753;
  -2.672868540007227, 0.5622646225659003, 8.137813640352128;
  -5.59223630863636, 0.09298442361504729, 15.95016183154245;
