m=[-7.952035947071518, -1.192524592045308, 10.6265728887199;
  -5.465311324212419, 1.093811466320633, 7.635937061343135;
  -7.883319027799716, -2.150796337009991, 10.60295046631627;
  -7.827386674288054, -2.230246677430613, 10.54746538501854;
  -7.825924777166551, -2.183556464787448, 10.5490971192777;
  -7.8482331022002, -1.163277001706748, 10.65496287488997;
  -7.793985537238327, -1.279046389116771, 10.60802873060387;
  -11.61119337088909, -0.008157812153040327, 15.37781146509513;
  -11.43028508977696, 0.4729096483239229, 15.16205994183134;
  -5.421546188790255, 0.9570992961865786, 7.714902415065223;
  -11.27926413902498, 0.5455207659296039, 15.05729413786723;
  -5.406792408395561, 0.9148708488170639, 7.740321639519525;
  -5.383710557750002, 1.321131138523607, 7.714685874153717;
  -7.58335236393141, -1.316361603549829, 10.47399512317894;
  -11.55931890592378, 0.2568677805958181, 15.47029782214753;
  -11.54156528620106, 0.06290038422547999, 15.46492808681317;
  -11.75258693960066, -0.2008351971344379, 15.79718857172236;
  -5.330564935710146, 1.169926584827588, 7.728679379862833;
  -11.69281318001488, -2.679075304099091, 15.78041133172371;
  -5.344525461226878, 0.8996894858617605, 7.748871101330259;
  -5.29926275203334, 1.11324485185236, 7.730275075242765;
  -11.82024359815165, -2.614508961717363, 16.05659198536545;
  -8.188798454070314, -0.7968113698607741, 11.46952132937955;
  -11.70172359145192, -0.7662479912829585, 16.01441495652255;
  -11.54210168727884, -0.7147062673649341, 15.84454864968175;
  -11.33601605787304, 0.4087802379729607, 15.63769487985248;
  -11.78700366600288, -0.2416592075183487, 16.28225132343862;
  -11.79709662804614, 0.01144411645243592, 16.43879547204518;
  -11.47343333436926, 0.2462976270782085, 16.10924879014515;
  -11.3691065193234, 0.3981187948272777, 16.05028559967768;
  -11.61492419003007, -0.524162687817213, 16.48386420648115;
  -11.38987330273964, -0.944156988500428, 16.2229492013395;
  -11.94532072437809, 0.2434676469288044, 17.01900380760839;
  -5.305774410427029, 1.091296122393654, 8.157386690296791;
  -5.306281699005776, 1.044463654613711, 8.172703348195839;
  -11.33131325679126, 0.09460167111171988, 16.36690760494649;
  -11.39781427543108, -0.9091261917829396, 16.46527273607157;
  -11.36388735736631, -0.05967896101179832, 16.52423465095179;
  -11.3911248218604, 0.3575681578772236, 16.57872271604479;
  -11.47236424558671, 0.01906646880584988, 16.74008387297342;
  -8.074066256707384, -1.612290864934949, 12.09510777154326;
  -5.346763643583347, 1.05508154315717, 8.362780467438688;
  -11.32126070437102, -0.06873238516390319, 16.64831757493748;
  -11.33718513226769, 0.5811001732591294, 16.68953621561758;
  -11.40920208294382, 0.0587918709677541, 16.8169859925352;
  -11.27643932711876, 0.4260828386413952, 16.64705310287713;
  -11.43986978509147, 0.1585554624688003, 16.88815418238049;
  -11.35125777936789, 0.3329749547550613, 16.8283505983053;
  -11.22935378863758, 0.2476698583244389, 16.71196799777997;
  -11.35918670966724, 0.4809924879199588, 16.90456541398469;
  -11.33255548012343, -0.04237004397064546, 16.92708749148862;
  -11.29077277478404, 0.06521325745513949, 16.8758116180613;
  -5.367464880296271, 1.017322780388765, 8.542876481256648;
  -11.33006734764373, 0.6619789890756527, 16.9602504960774;
  -11.26601612212098, 0.4240795378740057, 16.90362997982635;
  -11.36646071382981, 0.5529214810477431, 17.05541833223;
  -5.326118060910484, 1.048175476926645, 8.583307472743579;
  -11.25499303717892, 0.03697996206999831, 17.14438597992145;
  -11.42933645089928, 0.2024423855257353, 17.44178033759541;
  -11.25782982744631, 0.1245812621928066, 17.19522027440116;
  -11.37646232631614, 0.2968470259775442, 17.37686530388974;
  -5.383552575699256, 1.10478149951108, 8.78628879247492;
  -11.2104482616535, 0.1032213757314191, 17.2475983336101;
  -11.20634822195748, -0.3303546065528693, 17.33429419121205;
  -5.393027717109763, 0.948211194696576, 8.860478125737515;
  -11.48149479941108, -1.287158205998523, 17.75083861188399;
  -11.23031718000087, -1.150778295478728, 17.39418212945921;
  -11.24373616386789, -0.9685153398243313, 17.43033843689171;
  -9.912620654088816, -1.882996874014237, 15.3748600908936;
  -11.39332384355534, -0.06322292321545378, 17.73249576116422;
  -11.63870825246182, -1.55647827839566, 18.1046665047712;
  -11.34463122913327, -0.7843314424381025, 17.69628202075649;
  -11.44355817283761, -0.9973452437592386, 17.86347214258758;
  -11.33810828180431, -0.3057145448822415, 17.71301056175041;
  -11.1707012641061, -0.4147042512959269, 17.48504773137897;
  -5.336516063510111, 1.255564431448244, 8.874350657294013;
  -11.33522524518291, -0.1799190079662491, 17.76789182769388;
  -5.72550563114261, 1.716816921293091, 9.605938979258726;
  -11.37578451255388, -1.405566998030429, 18.1759573891788;
  -11.63215469276261, -0.9669095903595215, 18.71458404410477;
  -11.60848448005031, -1.114667035130188, 18.76900184367135;
  -5.62783431936278, 1.574200304832516, 9.639707611822407;
  -11.69991629364095, -1.060359265998803, 19.02442684039888;
  -11.57713624612357, -1.011028506011653, 18.83807590806131;
  -11.35616837704628, 0.8076837041422049, 18.54448615053287;
  -5.519233628270478, 1.672811577521771, 9.568175203088391;
  -5.462564221485848, 1.771248827813952, 9.584628271073214;
  -5.346984954143262, 1.733720435934499, 9.480208843758962;
  -5.18685621612431, 1.779984927604169, 9.230958447768199;
  -5.526616842941613, 1.624420778014265, 9.833031058329212;
  -5.394613135919467, 1.642251257974056, 9.637119997537454;
  -5.14289915511582, 1.617054425648239, 9.301998397493357;
  -7.601020472349673, -2.089205254244142, 13.29527202227574;
  -5.311526815212974, 1.628638944181102, 9.612321712207706;
  -5.868862444844896, 1.319303990562067, 10.5482674359567;
  -5.292206716756599, 1.761704502273438, 9.612468198748488;
  -11.55129325447757, -1.072324028307969, 19.8232643379521;
  -11.36407195806358, 0.5914109741449145, 19.52467896152897;
  -7.391603366195431, -2.508989222273463, 13.15477149642038;
  -7.043095813455556, -2.696032083666301, 12.59061202480528;
  -5.304303354903763, 1.620981280293719, 9.773517424181911;
  -5.363236087423432, 1.581613270957121, 9.879313066820279;
  -11.18213369704709, 0.5541254872576088, 19.71444636522202;
  -11.10432693443289, -0.4925633438712365, 19.6449004213611;
  -5.451647753542487, 1.38520331701299, 10.20973249298574;
  -6.366674816520209, 1.371235207643954, 11.85442054131666;
  -6.180674063404722, 1.457451717537277, 11.61686670103624;
  -11.52737604992399, -0.3301321081160474, 20.81643995195757;
  -11.53356476422058, -0.09198850347865588, 20.9877986487191;
  -11.47953529359859, 0.1760273019511547, 20.91714944458744;
  -11.48989195574393, -0.9282629464275979, 20.97968079987899;
  -11.25581555711328, -2.630402268681613, 20.65291011437222;
  -11.4909101887226, 0.4562954674655766, 21.16865195886755;
  -4.930465902623309, 1.761683893151364, 9.678496535769677;
  -11.47935613578738, 0.1948757504921462, 21.24998865350997;
  -11.37099753390155, 0.5537318356817174, 21.08071096180277;
  -11.57705682367558, -0.1593649084355821, 21.46204727111304;
  -5.25311099405223, 1.479920787536931, 10.32269168522154;
  -6.089787936879039, 1.387995058948357, 11.81518786494554;
  -11.39088262147366, 0.4698596187622247, 21.27305845775428;
  -5.23365255665994, 1.401826026929202, 10.39497466783798;
  -11.76806040393882, -0.1488611961336786, 22.15564276164421;
  -6.113615859117522, 1.313521227657279, 11.99961648783139;
  -4.889388642855363, 1.59503336145999, 9.850063463987581;
  -5.979714228897132, 1.258707928181694, 11.83429840530545;
  -4.70365499665793, 1.868621025992976, 9.552592450385744;
  -4.81762541241481, 1.710550793847207, 9.776942876035738;
  -5.172009943409076, 1.420628856676148, 10.49501496213127;
  -4.81157961034684, 1.571964031683287, 9.834095169274736;
  -4.767307701637234, 1.616218225033067, 9.777157922902156;
  -4.89621012087717, 1.636674545338698, 10.02260578172068;
