m=[-5.344989840463119, 1.045663771875903, 7.389421149345335;
  -11.17132996621942, -0.7655392256975233, 14.37756704415065;
  -5.371045267438291, 1.070321730991773, 7.494463026541236;
  -11.46223942480218, -0.2762138080518047, 14.90633559689811;
  -5.31534422623951, 1.085435933472522, 7.461859733142852;
  -5.338140632436528, 1.040391726515394, 7.513634242609127;
  -12.07398349317698, -0.5315134311570139, 15.7272943551802;
  -11.77641815959315, -0.02858551033319542, 15.45805726489777;
  -11.53609414803913, -0.6337704617673632, 15.20426491437764;
  -11.40432523312727, -0.3402864041833453, 15.04437904887744;
  -11.18307828462244, 0.2043021627803268, 14.77115306658159;
  -11.10666424595424, 0.5371574986938228, 14.72870053160609;
  -11.10317380240533, 0.3542019872384056, 14.74237529721026;
  -11.37893408650109, -0.3233996194650832, 15.09921108526181;
  -5.343825458942352, 1.045468023217463, 7.63970657822735;
  -11.17111325539419, -0.6766091441279792, 14.91495187329458;
  -11.36044846990796, -0.5518094232475931, 15.19134497461065;
  -11.1779348830565, 0.1863014092848546, 15.03472424143285;
  -7.699782063163552, -1.78662617286401, 10.67671697719615;
  -10.95876790933187, 0.4468047038544306, 14.76544237589584;
  -5.320228392092675, 1.077920535560026, 7.723857160246456;
  -10.97686152765835, -0.3659554516139185, 14.90691945252393;
  -11.22102674809731, 0.06053371081851695, 15.2637380716579;
  -11.19265371417896, -0.9163335745586951, 15.23332658698383;
  -7.909242752966158, -1.695712406154133, 11.10264986248368;
  -11.10365784353901, -0.09425805190679717, 15.21525087103496;
  -11.06247470718139, 0.3065341222219442, 15.17499082343582;
  -11.02178948617072, 0.4180756980956337, 15.1348915542564;
  -11.01489860498966, -0.01056414116167496, 15.15858628570738;
  -7.921023903155148, -1.789703777141319, 11.25783852190732;
  -5.383344354157599, 1.25547260531083, 7.974272737622838;
  -11.01547298296191, 0.5283812350713436, 15.2901833956724;
  -11.15884852596279, 0.3830104132582334, 15.53081778941895;
  -11.08203556683812, 0.1183340717822402, 15.43812461192053;
  -7.37903103574096, -1.923609835858046, 10.63342813949111;
  -11.06420109616072, 0.2781055348619254, 15.475200460403;
  -11.02484858329759, 0.1982753298148827, 15.47327691167167;
  -11.07343863086787, 0.4324213370811801, 15.55140379836541;
  -11.05628208493716, 0.01892901329959408, 15.59436497767776;
  -11.24945093061086, -0.07369436877184313, 15.85903139136355;
  -10.99128164901954, 0.6039126275220139, 15.52955839133744;
  -11.07078569384443, 0.3777679909425911, 15.67559813108489;
  -11.04977524298712, 0.499121347062889, 15.65523175987253;
  -11.01670205852089, 0.3174717311388822, 15.64540207932529;
  -5.750153323123428, 1.714523061876672, 8.675751361721543;
  -11.05817990450259, 0.1960067486873063, 15.85984852189906;
  -11.28375592264781, 0.002380007230577317, 16.23579450902873;
  -10.9326004858081, 0.08561763527030045, 15.77599672671205;
  -11.14535587796363, 0.167827605969433, 16.08267740495237;
  -11.11331386620269, 0.2383720396766766, 16.04769002745391;
  -11.10593613149254, 0.04728822737389411, 16.14740748317482;
  -5.622427759397887, 1.72611741445762, 8.697326401600465;
  -10.82621910196467, -1.437459859057576, 15.84302065804561;
  -5.520492315056002, 1.574576915726314, 8.576014013781633;
  -10.97540632509106, -1.086478494450433, 16.07116832475409;
  -11.22804391723032, -0.3759935542613965, 16.41816715789069;
  -10.95784938772028, -1.167640085373026, 16.0492884846697;
  -5.556190901979808, 1.705429900697299, 8.652744566527764;
  -5.574402281616666, 1.680318943133075, 8.688962488124483;
  -10.97197995923279, -0.09917103952395009, 16.16399697660797;
  -10.89783696716805, -0.7931511910328373, 16.09019047005137;
  -11.23923156937303, -1.223952325669611, 16.5900782639006;
  -10.93223125338339, -0.34007467931126, 16.16623549934305;
  -11.16830279688844, -1.016043196038198, 16.51117612733727;
  -7.837112499458091, -1.169061177349821, 11.62540568912677;
  -5.377879674199632, 1.791953887274404, 8.492985182136248;
  -10.94039811055204, -0.2212281378889096, 16.23555326770102;
  -7.041018080546277, 1.044842833211827, 10.81163742007773;
  -5.442062222596628, 1.757219438874665, 8.586354645790548;
  -11.33403651178013, -1.405643497695919, 16.82691956727764;
  -11.03265916347494, 0.8099135523721225, 16.47777835131434;
  -5.355361883610652, 1.728230700143891, 8.527090440306131;
  -10.59364388967769, 0.7011736036720968, 15.98673997497365;
  -5.516932379176997, 1.545577644410333, 8.822132336268936;
  -5.470298547586919, 1.596886547212623, 8.776475142732314;
  -5.284479451679888, 1.648264399481676, 8.562640475044097;
  -11.36175091330501, -1.455608773196012, 17.33617197515404;
  -5.321710098243431, 1.621993844805534, 8.662740223789021;
  -5.183744013739567, 1.757129029540357, 8.582236571100179;
  -11.33252178181625, -1.639035452072908, 17.65368543671256;
  -5.392099391514897, 1.579383106343963, 8.962067061845715;
  -5.292345504905685, 1.509130235410946, 8.8370715640675;
  -11.30700053341222, -1.453020126394192, 17.81815043565523;
  -5.128721504676127, 1.748842311734491, 8.647720651020652;
  -10.91144122455551, -0.01557574817248984, 17.33126106462705;
  -5.470504670183232, 1.378841344766507, 9.27834421405024;
  -5.013726846104341, 1.771453574012234, 8.739672937400622;
  -11.06296680363686, 0.5331232753623755, 18.09038073235131;
  -5.194498692075611, 1.571307623522539, 9.042108811442189;
  -4.986242127527918, 1.774637515561254, 8.813555189517901;
  -10.86506942310627, 0.500044114232252, 18.24178628820193;
  -5.261908984048079, 1.478220048835886, 9.379517554353505;
  -11.02107406359108, -0.5470608084712034, 18.56959362825931;
  -4.859637696904259, 1.769279876629705, 8.78457074963629;
  -4.85610840308498, 1.750556603975873, 8.778173809908225;
  -4.863544372602529, 1.676982563007775, 8.832251048160464;
  -4.860498894371355, 1.581703350385309, 8.837383405436249;
  -6.082300422512365, 1.380706328505373, 10.84733738436855;
  -4.862349179227691, 1.720402287376744, 8.89693932388424;
  -11.0539653660721, -0.3588028127390506, 19.06529754605804;
  -4.777447071962988, 1.609880572946145, 8.832333441669084;
  -4.767125720295603, 1.773159651800081, 8.824405866362488;
  -6.059017538894417, 1.288472160317906, 10.94414354121727;
  -4.89138774055564, 1.624344794208273, 9.050453139175749;
  -11.03576007697514, -0.1282249808076027, 19.18774308071117;
  -5.173003369716668, 1.412110643461477, 9.537094776530294;
  -4.868859134305208, 1.665554800920154, 9.04142331016029;
  -4.765422523947078, 1.692279843889397, 8.872667226117947;
  -11.13711820508011, 0.1311720607647508, 19.38588993236823;
  -6.099176295981037, 1.256442052169956, 11.08995218414604;
  -5.97642150226757, 1.425488983893974, 10.90484527005201;
  -4.791021592302725, 1.524541224066415, 8.95177313154336;
  -10.87163403282354, -2.593190180772296, 19.05252493476825;
  -11.08481515622019, -2.344986825724146, 19.40882771125825;
  -5.951709994128675, 1.345692427054348, 10.91605138082026;
  -4.761194516528652, 1.767414491727064, 8.939662653544728;
  -11.10549850452203, -3.397978694910679, 19.52844095360438;
  -11.00710748633288, 0.3963749759805705, 19.38191288842956;
  -11.11208537203744, -3.580588423620798, 19.59538191086945;
  -10.95996821704841, 0.1449520566174578, 19.39699593757268;
  -11.10745105811655, 0.4948106460963563, 19.67863707267009;
  -11.18514447062675, 0.0362003919997472, 19.82072667247402;
  -11.07994283007283, -0.1920873619973142, 19.64804445414577;
  -7.438607636967785, 0.4696302288223739, 13.58342616588928;
  -11.01151984762925, 0.4036146745476424, 19.66175806430524;
  -5.838610613324625, 1.381726719041788, 10.93986588212043;
  -4.843734009676151, 1.516948234684866, 9.25571668025666;
  -11.25903405442875, -3.461436432076921, 20.17886053469158;
  -4.738349110745876, 1.707098647690652, 9.092080649231072;
  -11.24884952812348, -0.187254866259031, 20.28936323635204;
  -4.752618690863314, 1.766577547185942, 9.166087677478116;
