m=[-2.254569312426953, 0.02655413163461917, 3.924429258160114;
  -2.248276505792409, 0.08096228251497212, 3.958887422374849;
  -2.239258925249333, -0.1906877718672387, 4.370573264439972;
  -2.204046150076495, -0.1288734110456576, 4.35443118540062;
  -2.270206019624292, -0.7284035558972802, 4.776243624614021;
  -2.259889656874625, -0.4760855116576542, 4.773372733237161;
  -2.237487079844399, -0.2127563004549186, 5.359810426850116;
  -2.28669251831331, -0.5718071114351248, 5.527156119540345;
  -2.236249792143821, -0.2080119047042168, 5.464312553440058;
  -2.241705249562287, 0.01753996234296186, 5.515520523977283;
  -2.244013729399879, 0.02564735624122205, 5.618794863387376;
  -2.247745766418984, -0.0007357746775933867, 5.642689659094597;
  -2.236082939136932, -0.211885767251279, 5.961927907737205;
  -2.207148442934435, -0.06917126444016304, 5.914338890272859;
  -1.57001418182386, 0.007818366969541484, 4.891444731769645;
  -2.284634962973763, -0.1428153195692064, 8.775005274040376;
  -2.291147747333926, -0.09069709916403164, 9.107377472696021;
  -2.232919762398983, 0.04908715449897373, 8.946282217898901;
  -2.146004877550555, -0.4116935217394229, 8.786299135245873;
  -2.226811532466231, -0.07423459980831315, 9.149939357407584;
  -2.113019381432435, -0.3706257164493503, 8.783187523979784;
  -2.261220713212272, -0.2896199915829026, 9.353259017325915;
  -2.259515308774724, -0.3511580907244086, 9.346273754611104;
  -2.222763897426032, -0.147470539432357, 9.385374997101934;
  -1.961716743579503, -0.4466235918238146, 8.418256951973469;
  -2.258657867273125, -0.07514552860335584, 9.631352812174097;
  -2.237144798813998, -0.2292538882506864, 9.589501636531116;
  -1.90139698392761, -0.8392260982651384, 8.581950515700106;
  -1.778553859022679, 0.01949894267059173, 8.145399099188831;
  -1.706369122163504, -0.707801367227229, 7.849607941080822;
  -1.601631557368548, 0.11097266670698, 7.468930855113594;
  -1.95620244882975, -1.084723444718209, 9.803185600780157;
  -1.471054580831711, -0.3954378190190963, 7.845991047406285;
  -1.260595804095295, -0.3752884459544995, 7.421948434130193;
  -3.479801315982378, -2.648822755848884, 19.11073498728032;
  -1.200025084139199, -0.4294187294232414, 7.42947653034832;
  -1.298156197859099, -0.4255648679197042, 8.065573072437356;
  -1.167363629110716, -0.4372246269513903, 7.452415538162427;
  -1.960949627483872, -0.1598749536557269, 11.96308185011462;
  -3.262907881786115, -2.990924405746577, 19.44100234422348;
  -1.683688191880685, -0.3471844455498941, 10.53814968607545;
  -1.757128988288307, -0.1306602870882888, 11.18745874933244;
  -3.182944213292358, -2.647993022398759, 19.56014057060991;
  -1.554927712096133, -0.227863861858845, 10.25634213574179;
  -1.580950835898027, -0.30286367660751, 10.44822853374957;
  -2.897979105206416, -2.662299083684756, 18.8503316365073;
  -1.576667333118996, -0.3589130218872646, 10.66278340987052;
  -2.622171140735018, -2.227343941547789, 17.23057708259544;
  -1.469719744343217, -0.3593444506485175, 10.31171857040492;
  -1.556968843701463, -0.16575863494758, 11.17241154914376;
  -2.759291557640913, 0.009570505143941494, 19.28137060254635;
  -1.53240599419572, -0.3695854281689088, 11.30130163794414;
  -1.801531328604294, -0.2331132271694031, 14.30338918093566;
  -1.988893721397099, -0.1870335728421398, 15.77095811467975;
  -2.426509889000271, -2.453609225350964, 19.0931859576621;
  -1.458180534233501, -0.4629342396452091, 12.50685772118982;
  -1.565419565392343, -0.2952053275199451, 13.3095638453114;
  -1.492577140524386, -0.6480408268529003, 12.91716829937208;
  -1.538123445901607, -0.2964263274343542, 13.78837889422912;
  -2.237562619440097, -1.339522282100579, 20.06853947642503;
  -2.388339652840148, -1.290307590218104, 21.54815089004212;
  -1.289865814350634, -0.2710414227243754, 12.83921033471394;
  -2.565939403057774, -2.003954787135884, 24.49345817453462;
  -1.402389411996537, 0.1307608558402388, 13.90686391263664;
  -2.638263903983174, -1.768624955331067, 25.55341880891341;
  -1.272992353009713, -0.4148762384119971, 12.87406534398851;
  -2.226779503234789, 0.0002311908699745451, 22.22779806820617;
  -2.35445297670019, -0.1046971789193059, 24.3816496958172;
  -2.225085035082604, -1.190694534218879, 23.59684415684487;
  -0.9822344910460298, 0.2243623745414151, 10.94629046524361;
  -1.037956355843907, 0.1877691429908264, 11.56190957675351;
  -1.431783494383176, -0.457317331987794, 15.78106201539068;
  -2.830003090005665, -2.206544882588576, 30.27770701686526;
  -1.892016453893715, 0.1004196990207329, 20.76763484961116;
  -2.31487620321267, -0.0414043465314549, 25.28155033915269;
  -1.797839388376549, -0.7906031919737008, 19.91248586770246;
  -0.9620252609392541, 0.2995242670837748, 11.29203114465136;
  -1.86457670287646, -0.03288776105835953, 21.93772266667805;
  -3.620128020429725, -2.989081971275629, 42.26322430167649;
  -2.730566368573258, -1.851606568076881, 34.08617020046984;
  -1.915448685925114, -0.2836032134275506, 24.51238063863735;
  -1.824690140926774, -0.9439344258841111, 24.43765773226194;
  -1.122868925780766, 0.2055349959628664, 15.34182766770149;
  -2.668787325224288, -1.594182631547234, 35.3916845418613;
  -1.118172506870214, 0.02073984672852084, 15.71439343736941;
  -1.084945788886417, 0.1376564914839706, 15.9007669784572;
  -3.170268110770152, -2.271236971893925, 45.93273690041627;
  -2.68509539827841, -1.61466278096936, 38.97849873396868;
  -1.321102920678645, 0.08848208301341838, 19.73149110942371;
  -5.467632658436387, -5.15951080253214, 79.35401600192547;
  -1.291525264371444, 0.2584613293357164, 19.48738022214862;
  -1.209396777894103, -0.2021257968975148, 18.62476193168303;
  -1.364428805564294, 0.1756845012892317, 21.99368464243973;
  -1.175884884880513, -0.2002892779186, 19.5231624926667;
  -2.60403954057306, -1.908995256086354, 44.92793125308774;
  -1.313087639947219, 0.07689694624406183, 23.52547591312955;
  -1.214692747252654, -0.8017717542508427, 22.62693424162022;
  -1.317540148132468, -0.5702112672361912, 25.12913244619611;
  -2.562145047216687, -2.047492656639911, 53.23520683140927;
  -1.689252628289454, -0.1026825928659179, 38.53916311223959;
  -1.50780893891462, -1.265676764368711, 40.06447180775056;
  -2.445547599563511, -0.4928771458502533, 66.25967956825356;
  -1.861570577001371, -0.1430183568500667, 50.67334295455095;
  -0.4758363955845876, -0.2322439279084025, 14.31663632379761;
  -0.4536888268308238, 0.3206912123212716, 14.55265056621425;
  -1.063450149255713, -1.154400510453516, 39.62891675118012;
  -2.483575693032644, -3.624553116198855, 115.6413502228986;
  -1.054527444296823, -0.3198103770737183, 54.24742038964892;
  -0.05405655500211123, 0.003053719287159351, 3.172295712104917;
  0.001287313434166134, 0.001024606819098146, -0.08092984026184842;
  -0.4949179198414352, -1.05693884556422, 36.43042109246945;
  -0.1250426271743894, 0.08118823119633647, 9.899767930527073;
  -0.05838063469155062, -0.07415081281086809, 4.61071797765797;
  -0.2664287140785753, -1.02838155603912, 32.7457535315268;
  0.009943399836062676, 0.02286556894815288, -1.386795838277123;
  -0.1486788437118544, -0.03352769447324615, 37.44627844026875;
  0.008695151838160666, -1.357093080190892, 32.30574496054523;
  0.02194791331802391, -0.90589340382811, 8.671477717493607;
  0.05362827206372425, -1.134033202878813, 7.69404672965691;
  0.2731551417734353, -1.040678843170415, 24.75492012931093;
  0.07596694073008338, -1.1544689592207, 7.648998466415187;
  0.2309276452063903, -0.07356089876918388, 17.06137561723439;
  0.6365640982584288, -1.34105366378699, 42.26084119912049;
  0.279005745941714, -0.8146963284751084, 17.08435605761764;
  0.4304111607778207, -0.8066229726945454, 24.22219518881655;
  0.1265367497063822, -0.688388518132432, 8.074795511999117;
  0.1390140286131391, -0.7569947648846495, 8.243646686048214;
  0.5216826285442984, -0.9316195290783974, 24.93816760545116;
  0.1562531458542034, -0.6562903119280257, 8.10073359785477;
