m=[-2.829006840638886, 0.1363295596627984, 4.626047582892457;
  -2.846769692977182, 0.03352901893239518, 4.955246313690391;
  -2.847958375199096, 0.1025573188928036, 5.014839839305713;
  -2.838666136800182, 0.1264558554300863, 5.029153888168598;
  -2.816525199532998, 0.1032365120796193, 5.029082072368017;
  -2.836214843244282, -0.2001457763164798, 5.539752290423269;
  -2.813112949247079, -0.9132100783160142, 5.509861279805834;
  -2.801284345426459, -0.1637946959011637, 5.534366833687301;
  -2.791887968656305, -0.2400636623614261, 5.536490255601759;
  -2.920428142608666, -0.08888880370180852, 5.897555299991849;
  -2.88736280438651, -0.9264204727237666, 6.074668143414152;
  -1.618263585853254, 0.4182195685841796, 3.935124616009175;
  -1.467762287230514, 0.2993492904587011, 3.902607107740516;
  -2.864990638239642, -0.2724238340952707, 6.86296999611398;
  -2.912494393891835, -0.7282942473047014, 7.039779543338047;
  -2.852018262568857, -0.2652895723600831, 6.968952775107971;
  -1.402242381325945, 0.2840754372635249, 3.938720459882863;
  -2.909872015553573, -0.05465102571990732, 7.133212253663266;
  -2.161332528784351, -0.8381080196084576, 5.981937608987288;
  -2.866218052925099, -0.271595834226036, 7.642017699929288;
  -2.842090472997767, -0.08907012679637719, 7.615747942977847;
  -2.818430935725391, 0.0161422430228577, 7.576578843235377;
  -2.076884272433361, -0.8042623843258827, 5.920472306680668;
  -2.101780071519916, -0.8478119789075329, 6.045062339432374;
  -2.052930333056551, -0.8676869497480146, 5.933147766693359;
  -2.917748243969727, -0.1505648786295582, 8.04015987674777;
  -2.863419141048947, -0.06590646542243522, 7.915353308044676;
  -2.786676512759512, -0.2568501688026886, 7.921603263220847;
  -2.025488196612821, -0.05618287539544729, 6.269119498166513;
  -2.021402725290815, 0.01006619461309293, 6.297764584471664;
  -1.421636514963603, 0.4407300000833173, 4.954085896676304;
  -1.395233921740297, 0.431448403708149, 4.967198051574747;
  -1.841197750005376, -0.9126774342510868, 6.36028570049574;
  -1.750218605909356, -0.8398129604272153, 6.271487543166203;
  -1.648901856704397, -0.7842569426014152, 6.311901535721133;
  -1.423401470622938, 0.1870898188048705, 5.66614577409913;
  -1.417963642966228, 0.2261957074431754, 5.657918909212794;
  -1.487939798247044, -0.9523409171909054, 5.935427583469514;
  -2.987216309877288, -0.118251585563009, 11.8742698101003;
  -2.925758042738733, 0.064318091267298, 11.72216646222296;
  -2.738806678883181, -0.4803894353724376, 11.38439754218054;
  -2.943302243150232, -0.4574274810689287, 12.17469445779518;
  -3.005905399567201, -0.3850001423721831, 12.43355485798227;
  -2.88747824787216, -0.1915713924029462, 12.19205790756141;
  -2.417645793408936, -0.6049700973910972, 10.40256356527679;
  -2.578782171637648, -0.5871107333908252, 11.06625154475778;
  -2.95168485042895, -0.09820253061336236, 12.58655354436328;
  -2.946358079884027, -0.3019313038433322, 12.62953817018604;
  -2.023651590095126, 0.1737403282987889, 9.171565115847763;
  -2.290358367726168, -1.010903316258191, 10.33752674543738;
  -2.876407768868949, -0.1424130136818727, 12.91494783767602;
  -2.324860297123486, 0.02548830186995628, 10.64736660847337;
  -2.081554250276946, 0.1442251964790223, 9.706967058035337;
  -2.406252107866372, -0.5135732379982562, 11.48102746844189;
  -1.788712808860856, 0.2433586848604098, 9.104151788936042;
  -3.025135750868094, -1.94373163775526, 15.13956406788256;
  -1.801766172656315, -0.6640409804036181, 9.881458287913402;
  -1.934892681581714, -0.9943326930529357, 10.55807369677556;
  -4.666454476350309, -3.183396204025779, 24.96363396432963;
  -4.496907527218069, -3.423043417546567, 24.69658472173697;
  -1.667320180577387, -0.4963732208568903, 9.816599708826681;
  -1.527414522794648, -0.5465722444890179, 9.456377620102897;
  -1.901337166420194, -0.6233011878176604, 11.81319619040755;
  -4.130323693893644, -3.786035765415958, 24.60922450910053;
  -1.713860581435155, -0.733608994628879, 10.81739182637763;
  -1.658100539748213, -0.6210253359457317, 10.58526573735075;
  -2.288620709202236, -0.4719243835230813, 14.32440265634079;
  -4.039390748132243, -3.360498267964402, 24.82325971128496;
  -2.330581190360607, -0.1733022501163805, 14.8385696798096;
  -2.081241917519948, -0.3049915549767263, 13.72792381747209;
  -2.044457026980789, -0.6796301774344703, 13.50792424478196;
  -3.757187322331966, -3.451631637890607, 24.4391779496263;
  -2.069516659165023, -0.4711053894403828, 13.99585533122098;
  -3.643812420355593, -3.095154009032615, 23.94389512114625;
  -1.985952100533341, -0.4855625498175042, 13.93366268217055;
  -0.4680752588947669, 0.2353174117883487, 4.436479714240914;
  -2.931064600407548, -2.963798819143733, 23.06331481408424;
  -2.471220784324979, -0.3197692113011452, 19.62043738512259;
  -2.109349007642641, -0.2962857083242627, 17.64903057347051;
  -2.250179374990583, -0.4243366788419019, 19.13155215185645;
  -1.913292428904124, -0.8307052104541896, 16.55815276749186;
  -2.273851055849992, -0.4382153587310045, 20.38374747530391;
  -2.993719957952646, -1.792197704415636, 26.85046069127121;
  -3.281481758663885, -1.772830265297971, 29.60628484919386;
  -1.721722866155263, 0.2767543955508686, 16.08130831692096;
  -3.223947381645271, -2.355666802544649, 29.91129551911708;
  -2.995039314564179, -2.851696228439184, 27.82981018935995;
  -1.363209012327254, 0.4307230707516734, 13.49203128001692;
  -3.493334502271504, 0.08803452501157508, 33.55249156635065;
  -3.508714955267404, -2.740246368610392, 33.49282640922571;
  -1.890563933833142, 0.1762789678059268, 18.74787068488037;
  -3.462831730529429, -2.321394234094663, 33.53993106656902;
  -1.415325425071145, 0.28675240025736, 14.36237426033485;
  -1.81788855668758, -0.4902503537061606, 18.15244848911343;
  -1.3714397847445, 0.3934558548337453, 14.05304464974292;
  -1.77109479211589, -0.5772109655544114, 17.91149022237979;
  -3.193344902769924, 0.0003315425641055559, 31.87609081087414;
  -3.544154801877423, -0.1576005182868122, 36.70166348713077;
  -1.330638998779467, 0.3039450641828275, 14.82900582070723;
  -1.487784611355793, 0.2691443044366583, 16.57259580263884;
  -1.959159878067937, -0.6257634425109407, 21.59378401493231;
  -4.155098778223112, -3.239717998230135, 44.45467352225483;
  -2.772131493783365, 0.1471322353876624, 30.42817862366968;
  -3.240607005610036, -0.05796215592277682, 35.39177128696512;
  -2.564942801428561, -1.127938334842324, 28.4087597674849;
  -1.361516109775407, 0.4239047886383741, 15.98116280285415;
  -2.712718923823674, -0.4504635938624177, 31.50036877944821;
  -4.516619457325088, -3.729300653130096, 52.7293234197799;
  -3.009695499102882, -0.4381859618260269, 36.57821763675784;
  -3.613479684643855, -2.450313163856515, 45.10774210226123;
  -1.857533891872232, 0.3791562172305684, 23.93609794229041;
  -2.730509302088065, -0.4042818886541912, 34.94287466009381;
  -4.019215564550402, -2.40085209671478, 53.30016671686352;
  -2.762089571407286, -1.42886256430508, 36.99203391191563;
  -1.638529376324044, 0.2999238121347334, 22.38732833625316;
  -1.614704653451313, 0.204871597875033, 23.66481597196903;
  -3.723552524341911, -2.239131495251251, 54.05338203215603;
  -2.142835120505291, 0.1435183527708951, 32.00457092888061;
  -6.609267455713896, -6.236810145239696, 95.92303437438905;
  -1.906277788825098, 0.381486220188399, 28.76316949010724;
  -1.837676206010334, 0.2398375163514072, 27.97814228371999;
  -1.787937319395434, -0.2988169491528546, 27.53431093184811;
  -2.217343953561596, 0.2855062609932607, 35.74210941573107;
  -0.9075081033729278, -0.3562789511392417, 15.36774813071185;
  -1.918226827407725, -0.3267328894908113, 31.84823151551861;
  -3.315195035705937, -2.43033621324004, 57.19761637029384;
  -2.778017743289902, -0.2445727014390036, 49.19559803300676;
  -2.031209711370255, 0.11895156060713, 36.39145909657375;
  -2.193514338399595, -0.9493195272815577, 41.83638154055831;
  -2.529218159851348, 0.4347473550774711, 49.70709234807285;
