m=[-5.565851909251967, -0.05365957044342539, 7.716914742579208;
  -5.612595005853745, 0.2692203853375391, 7.790642044865111;
  -5.626294644467285, 0.009453523234149414, 7.82384304512696;
  -5.636396425962798, 0.06018548986243178, 7.851932062606082;
  -5.649355828505701, 0.1420000513961276, 7.901602036916003;
  -5.624357652259873, 0.1011507196741139, 7.893735931715288;
  -5.625309663969087, 0.009630865115921216, 7.934234251485309;
  -5.602658425664103, 0.307836363310095, 7.915984136011174;
  -5.720925731875299, -0.03747738562545572, 8.065135030065258;
  -5.635695852876274, 0.192306631054047, 7.979822374109411;
  -5.61458371031966, 0.2536122702107134, 7.954696569601682;
  -5.633008125548081, 0.162328147901028, 7.999733184409877;
  -5.65562250573629, 0.1341458588254702, 8.068208004379045;
  -5.611118188091631, 0.099457328606151, 8.047570691572041;
  -5.677706356178858, 0.001197560659184266, 8.169449455788572;
  -5.656085110342272, 0.08516975443600973, 8.161694718465054;
  -5.669515267135117, 0.04440027703665735, 8.181242368865025;
  -5.65242244914655, 0.1212401165429952, 8.162130977330154;
  -5.669289101531144, 0.02413939976850159, 8.242827995629998;
  -5.640052323980116, -0.1888684560860392, 8.247146387827575;
  -5.626794568160393, -0.05085819228485004, 8.289432784754967;
  -5.591457221542646, -0.1739364067065677, 8.26846890930754;
  -5.593782851384406, -0.1131130834053574, 8.301175015195259;
  -4.269864128460385, -0.6167953788966648, 6.438849930020676;
  -4.263578785070058, -0.638297783281648, 6.457839561432212;
  -5.782502363033009, -0.5048694676111236, 8.835117788083633;
  -5.788852898340439, -0.5084984323675306, 9.040094343242902;
  -5.795331026697616, -0.8684112618540488, 9.062032350376937;
  -2.407932924468857, 0.8302713449010407, 4.372833157613349;
  -2.375382246950814, 0.799837387681423, 4.443562338311208;
  -3.032971377669814, 0.6884965365776222, 5.40908234143554;
  -5.668729767184551, 0.2731755264448705, 9.269618320057642;
  -3.016902587403285, 0.6415553296070312, 5.449301764595319;
  -3.023384437491249, 0.6228230113045457, 5.497330658922383;
  -2.984152201797957, 0.7117764515625163, 5.445017224863541;
  -5.546272991810413, 0.2552566447097035, 9.31185275240577;
  -2.965444342724543, 0.6704923456943053, 5.438931474160806;
  -2.308845542784625, 0.8582120639395862, 4.452930490637393;
  -5.694285787408576, -0.2826512705160786, 9.594398192520233;
  -2.926817350728298, 0.6608511898321734, 5.455346814687955;
  -2.912535188889431, 0.6892611885186862, 5.457247700453065;
  -5.699149451600758, -0.1849898010112176, 9.829592952020581;
  -5.685512373088995, -0.06606021785864585, 9.885331860797201;
  -5.654401975531503, -0.4193536413729906, 9.839233422232541;
  -5.715055361080227, 0.06731145124737752, 9.947944535306771;
  -5.576730038877349, -1.330206805524593, 9.773212361581564;
  -5.646170821385971, -1.194444472491588, 9.886096895275733;
  -5.708431047689311, 0.205565287903664, 10.05171553319516;
  -2.883488454755722, 0.4066993333142916, 5.570951933480089;
  -2.807144950814989, 0.6860144371477419, 5.469145802479371;
  -5.735190673629719, 0.2554891655931113, 10.16081324314734;
  -5.702791249934147, -0.09886640608361484, 10.11275037334134;
  -5.782264005968513, 0.01871412785161456, 10.24650818872835;
  -2.721658240756339, 0.4332971329882577, 5.56514136538013;
  -2.659611187636279, 0.4287393634443755, 5.577704405864554;
  -2.616545924951273, 0.622375166467752, 5.517341039357296;
  -2.667704543925217, 0.4490198196397235, 5.63880896782674;
  -2.651099180226001, 0.4962595532104864, 5.654711580191931;
  -5.712669990497152, -0.4864717963687242, 11.14995789343805;
  -5.533872625234596, -1.796439867383893, 10.83883621285749;
  -5.69062089273648, -1.349210316324724, 11.16177829867357;
  -5.578579156614953, -0.326186692903969, 11.02133866341545;
  -5.742152041538728, -1.559587088863764, 11.3450205692554;
  -5.543615916960879, -1.745350883733426, 10.99422087006824;
  -5.606258073421799, -0.4820604767664414, 11.11756400770877;
  -2.618002317185361, 0.6029891443453385, 5.739425581201591;
  -5.684227937854373, -0.09412990235541593, 11.33271727964394;
  -5.497937756179216, -0.2365818242609621, 11.04358443111314;
  -5.985230446531532, -0.01213281731298323, 11.97244617999803;
  -5.857606388206815, -1.748621656357852, 11.78298898604102;
  -2.724878392365085, 0.3899735929852508, 6.054758264971206;
  -5.816124686941687, -0.116499133372049, 11.84544294133089;
  -5.841757964113295, -1.76316323303725, 12.13522574059144;
  -3.827701654049252, 0.3502239755720837, 8.294098353348682;
  -5.87683912057325, -0.3496115982550337, 12.22041880888521;
  -5.857022333632368, -0.5090224260696619, 12.23132560335455;
  -5.873873137970131, -2.590710003724189, 12.28398692395873;
  -5.831585270965026, -0.1326297894020112, 12.21433256919887;
  -5.85155812237802, -0.4184578606664258, 12.2737937008678;
  -3.544752533780912, 0.3089779584474656, 8.25327099460832;
  -2.919437291040858, 1.039545637850742, 7.066224416187589;
  -3.572505526609842, 0.3809365948198524, 8.557181729640602;
  -3.197627374220036, 0.8263859810168991, 7.77565676143138;
  -3.588981170126563, 0.3286865383050329, 8.650100057084604;
  -5.806267718282054, -0.5521015295777345, 13.90868109937671;
  -3.053269022573895, 0.7421473199004669, 7.776102902793391;
  -3.13403368438335, 0.581088646165983, 7.956821982034142;
  -5.772437312109727, 0.0187125321414779, 13.90042776199152;
  -5.837166880041901, -1.941509741493688, 14.09965267769977;
  -5.654915913371545, -0.5614139768063053, 13.68918165231092;
  -5.868053832645665, -1.467357279091422, 14.18365144904707;
  -5.784720259842061, 0.2500556409593891, 14.00492927410123;
  -2.993602791216075, 0.6142984449305241, 7.755237792907188;
  -5.719435847508199, -0.5320115617912342, 13.97553404361553;
  -5.856295153271083, -0.1099885271015605, 14.35602532520145;
  -5.798721146736557, -3.184809950431023, 14.22705831651741;
  -5.802839170573817, 0.04540364106922733, 14.27738037767838;
  -5.857740427215255, -0.4750134023228123, 14.46527602821203;
  -2.974404786436983, 0.8439061637636475, 7.823541493831972;
  -2.967002512760012, 0.6629438854362635, 7.834649835127674;
  -5.781883728870003, 0.1970920905426025, 14.35991869652083;
  -2.924765918113668, 0.5965043590247358, 7.776608214975209;
  -5.787500865833787, 0.3016863821742122, 14.45267476943967;
  14.7342652800401, 7.891612206953125, -33.41953860960347;
  -2.914865535760749, 0.571074674074802, 7.791752435862668;
  -5.799322325350302, -0.001898343922138822, 14.55848637506045;
  -5.963823139147685, -3.280444047954476, 15.17444105223692;
  -4.47788856298504, -1.863544288360346, 11.69359368400011;
  -4.442987215388626, -1.875053921955088, 11.66359518908968;
  -5.77156347609019, 0.06264131791821179, 14.89126771706136;
  -5.852545147743538, -1.925711848910223, 15.15295464082151;
  -5.752041974468946, -0.5351526000780537, 15.04423265057153;
  -5.887843688175523, 0.4102613021951008, 15.57954685530224;
  -5.798304755402818, -0.5494332210814434, 15.45965685518988;
  -5.714296289189601, 0.03272798287710105, 15.36131888841527;
  -4.224758901369984, -1.989549541469837, 11.62261072559526;
  -2.70513459589945, 0.600598629970495, 7.855615102951515;
  -4.359830223790496, -1.69062771509082, 12.06673755063537;
  -4.138713623099587, -1.904867990005884, 11.51423534976897;
  -4.100167797996321, -2.03162492312809, 11.48202478756416;
  -2.72461928815481, 0.5677045319415252, 7.992921511462463;
  -4.095509114108022, -2.094633629762214, 11.53269864383851;
  -4.297836704872041, -1.694156214276656, 12.08503041000783;
  -4.355393569878903, -1.645003663260514, 12.23651153300848;
  -5.909189563297837, -0.3049325490078925, 16.28338871563619;
  -5.800411310852972, 0.1845022871452585, 16.0291769271563;
  -5.811791447873851, -0.1337682725559301, 16.06554276428499;
  -4.085504761976477, -1.582089981928629, 11.64634838981854;
  -4.133042795293429, -2.010143075262816, 11.80879095659495;
  -3.966611209562813, -1.600043955457394, 11.40862089379234;
