m=[-6.095679861243212, -0.4530535740239358, 8.326896165959017;
  -6.082291327950998, -1.847297731654193, 8.566776177232661;
  -6.075194583456116, -1.595034791745376, 8.593449687812758;
  -6.072588385303241, -1.769451090821236, 8.634646097797896;
  -6.032987975274875, -0.1361419597722286, 8.620563444054515;
  -6.032534668706896, -0.3388046542833835, 8.617707962201219;
  -5.935497694003947, -0.9127426974192496, 8.526514876576322;
  -5.964563176139961, -0.5601668108974743, 8.589476406113715;
  -6.041500617092882, -0.6888215202366746, 8.696232419472221;
  -3.669582582594209, 0.5909538326225622, 5.687744653122419;
  -6.122950517378529, -1.58414155772651, 8.802642612457634;
  -6.057615353330501, -0.7435758730649545, 8.746749183084184;
  -6.248271925048969, -1.705158303467998, 9.135247593148781;
  -6.000960379881637, 0.06017876480451587, 8.857129742915351;
  -6.197159445822289, -1.628094522876677, 9.096337928164127;
  -6.179990469342184, -1.913529553446511, 9.075995879111332;
  -5.908611518400988, 0.1417584653736186, 8.87436358230962;
  -6.162025365909182, -0.3716638530113044, 9.20339766774676;
  -6.059121104416582, -0.4575278611447507, 9.119258528798717;
  -6.119291044494611, -0.7999604427028353, 9.248129379997966;
  -5.639672166099349, -1.850890379532006, 8.609264683120149;
  -5.640080794597047, -1.716579623293392, 8.620386803971703;
  -5.541915743812155, -1.527979086592461, 8.534321673001445;
  -6.010340636110726, -0.006515031192072622, 9.259640260298719;
  -6.177888905738842, -0.0492036593077488, 9.489470983637482;
  -5.975581899417851, -0.3766738209741425, 9.215668458966354;
  -5.559999953118989, -1.54985526160794, 8.6742294375152;
  -5.473923826638168, -1.590688729660887, 8.738076526529994;
  -3.334168674991708, 0.7246916263719286, 5.762456977002326;
  -6.016692086250246, -0.1085266201703175, 9.710186632822234;
  -5.484199572515631, -1.51707213857357, 8.971457613352673;
  -5.912751155252376, -2.121487883239099, 9.60390871499513;
  -5.977768873453102, -0.0187099437579248, 9.820218670898697;
  -3.194039112332041, 0.6680006342418365, 5.786769659248561;
  -6.137632294176046, -2.111615891843472, 10.24306016765935;
  -6.207661821518657, -2.019466751407836, 10.37259426853627;
  -6.075978363208652, -2.140682172853213, 10.27006925959939;
  -6.040137209532354, -1.684332148849999, 10.24804631639234;
  -3.106766347544949, 0.6251473614890359, 5.784684167950668;
  -3.112014831852475, 0.6902944732955413, 5.806538919032634;
  -6.094188206877538, -2.190744840488958, 10.38595199071854;
  -3.061998817729435, 0.6458092463316141, 5.78233376105266;
  -3.024656643492619, 0.6798085132503955, 5.787147865707399;
  -6.192347037848436, -2.252252140995759, 11.10139488105199;
  -6.257879834692286, -0.2231514797960146, 11.28779626197385;
  -2.456541406117511, 0.8212454457036866, 5.05231807871021;
  -3.020946806550111, 0.8771702967909733, 5.977048948421977;
  -5.533825952108429, 2.155412082387504, 10.15521384636988;
  -6.066654535957007, -2.177553414407658, 11.09533510011742;
  -2.898908130908333, 0.4435217029609371, 5.867438224032677;
  -6.081463562242552, -0.0533079557822003, 11.28642841727504;
  -2.869539541277936, 0.4604136816854286, 5.855189212343807;
  -2.867243755342338, 0.5305172359776973, 5.857215018358955;
  -2.870420261400278, 0.4009027412777448, 5.889024446848793;
  -2.855101039467312, 0.4715077632991305, 5.870552283752009;
  -2.827991945187819, 0.4229052793203234, 5.911605030809539;
  -6.060839161008928, -2.267287329416399, 11.56731152463986;
  -4.385884387827686, -0.1069808863535715, 8.697778039704565;
  -2.807809461852581, 0.397343360026281, 5.933741687770596;
  -4.327460181540699, -0.3522930046617161, 8.621757552547802;
  -10.58050515150188, -4.946570997786033, 19.6172770135211;
  -6.03994625741972, -2.293141710076729, 11.683157722735;
  -9.741276877268778, -4.560705465582774, 18.37805009826593;
  -6.051230712164756, -2.367419675586125, 11.79697182705036;
  -6.249586334408353, -1.970155186763458, 12.18679802814361;
  -6.044535595985335, -1.852614129234263, 11.86199522404917;
  -4.29670009085402, -0.02514669549605049, 8.756890320404759;
  -5.922851337613388, -2.527952233296416, 11.67012910356497;
  -5.95233835818016, -2.483227255315601, 11.72566223642245;
  -4.222345296836569, -0.1345520237379266, 8.640140166362111;
  -3.190434315350869, 0.2384341071814498, 6.93135069258961;
  -5.885674931546549, -2.807818201752363, 11.97253575151303;
  -5.916468127269118, -2.673708562021956, 12.06037274588491;
  -5.49119792812677, -1.432021515489599, 11.40388523665952;
  -10.14618289959567, -4.079981974010212, 20.58633590663123;
  -3.109626834740754, 0.2494884900442358, 7.120099348287075;
  -3.093684419746833, 0.4349968580285906, 7.110998115385498;
  -3.007716507952568, 0.4639712923181798, 7.11127344860089;
  -9.017740112997254, -2.487804092095785, 19.66709032405063;
  -2.954990614802032, 0.463269912234158, 7.136132935660607;
  -5.40036575608486, -2.889977798400701, 12.1940796139736;
  -2.372359214815622, 0.8550844857921757, 6.026843038113295;
  -2.988308092003503, 0.3943457902930868, 7.454136495375581;
  -5.252340433844744, -1.941231794128594, 12.38651759979121;
  -3.174407227247283, 0.7157860200775836, 8.069636814201703;
  -3.011042544040464, 0.3946620115552466, 7.700824511537685;
  -4.778587326519029, -1.662025574331783, 11.66800415863124;
  -3.067668658124541, 0.7692527686498168, 8.234734634321804;
  -3.000513053664451, 0.7416566365608511, 8.191922582407877;
  -8.154323772619797, -0.5172541067309331, 20.63159816088282;
  -3.057562484179647, 0.7797661793730827, 8.404238670248999;
  -7.499695240137647, -2.290082825522712, 19.147045632708;
  -7.509597776960303, -2.562022831547325, 19.23495362698257;
  -7.684328102629614, -2.60780340193066, 19.9402601669313;
  -2.368300865105105, 0.8376555348651981, 6.921656778637902;
  -7.629780449360307, -2.58834043360751, 20.09003864466954;
  -2.860195909211809, 0.7541262764021762, 8.221068827926157;
  -2.869115827076883, 0.7564781238486174, 8.246707371940586;
  -3.174302107108605, 0.5326400337003467, 9.011848570686034;
  -7.541792457422267, -2.095990157445729, 20.22392727468813;
  -2.829183136495831, 0.708285250457632, 8.248928860994944;
  -2.332862596739205, 0.8146304619052807, 6.997273024469052;
  -7.165100952359128, -0.959837291889746, 19.44539422079414;
  -7.408751097499826, -3.532721703915496, 20.16467408035366;
  -7.348172364672508, -2.391151486490779, 20.08287296223113;
  -6.871569776073704, -0.7034613465183391, 18.92830187967227;
  -7.230403019325272, -2.048985893863606, 19.84142180803227;
  -6.978558785228011, -0.7918240852157981, 19.41612690356006;
  -6.532513500681706, -0.4809492276313007, 18.28679097328031;
  -6.788687927394717, -0.6307611059203057, 19.06160991078124;
  -7.150609836462563, -2.089118029931294, 20.05236597542517;
  -6.755490953135048, -0.2168211522857225, 19.11259515579265;
  -6.96066006112075, -0.8487993902648897, 19.65138758575591;
  -2.9223250314179, 0.5201073080199369, 8.834308006066946;
  -6.435100938568984, -0.6915307493523168, 18.25588601156368;
  -7.272689967853137, -0.4573978657271081, 20.54963219475471;
  -6.676827279711501, -0.5934130337052214, 18.95539499323924;
  -2.909251234473935, 0.4859168863376677, 8.838547193891539;
  -2.352712530895058, 0.8129422923377662, 7.361884621302584;
  -7.604609279116137, -1.165488047907755, 21.58130669537652;
  -7.395624672407472, -2.783396842518398, 21.0155055333624;
  -6.929177986509856, -2.711206341659946, 20.03255035199383;
  -6.499762836383836, -0.3948647275299406, 18.90114646325602;
  -6.751843712660963, -1.049005398240642, 19.59153172179749;
  -6.104351616684694, -0.7617657431697035, 17.91391752768227;
  -6.782539157301228, -2.435774393192051, 19.77847405047916;
  -2.654145834592022, 0.7581116298268271, 8.37056458757351;
  -6.013403113329289, -0.629725015398576, 17.69300601262882;
  -2.58064612136199, 0.7021460914579781, 8.327300263996339;
  -5.993644270625774, -1.147811752642963, 18.04664564321793;
  -6.053364774429388, -0.3484809131868487, 18.2506538647783;
