m=[-12.14587195317348, -3.140383849006616, 15.51100511810839;
  -12.07580352098193, -2.737888939974675, 15.47202170096184;
  -12.08594340615484, -3.077393718095629, 15.48768558685557;
  -12.27310608565551, 1.029389934399113, 15.81238836035872;
  -12.1282624781344, -2.888371972135467, 15.65724049549427;
  -12.05713266372245, -1.17526369910374, 15.70671021756066;
  -12.13162186970338, -2.890521797940496, 15.79040145943323;
  -12.13453014171388, -2.760848424334942, 15.80178061714832;
  -11.99763321333575, -1.030485807775791, 15.64757957762387;
  -12.144173021278, -2.505406894850319, 15.82715836708337;
  -12.12362733511735, -2.714395684341518, 15.87547415111806;
  -12.09668609567686, -1.442954267621339, 15.86193218703627;
  -12.08737859657587, -1.310693165025105, 15.85977540069144;
  -12.15120640396296, -1.134164416053181, 15.94902931906882;
  -12.10775845601974, -1.913537388252944, 15.92305384039463;
  -12.00153969893933, 0.3674850210424345, 16.12326716147701;
  -11.94709552240125, -0.6059817113610351, 16.64732020766353;
  -11.81801177471575, -0.276164288354707, 16.52995183213811;
  -11.76788315892606, -3.00277095727862, 16.51990640472782;
  -11.98044522284665, -3.638669720187107, 16.87419875073606;
  -11.77495569170202, -2.956955089499272, 16.62902776527853;
  -11.7401061220414, -0.5133828575638906, 16.61669814917397;
  -11.95834835580615, -3.139649507073227, 16.91525489978586;
  -11.83270667976608, -3.447853602683179, 16.82498929222703;
  -11.76087381198529, -1.23177866193786, 16.74475188419138;
  -11.92416935339454, -1.527841577216102, 16.99021811028567;
  -12.10306978131567, -3.625326374619756, 17.24800336630852;
  -12.10785317997622, -3.751402815780675, 17.32903645651701;
  -11.66094700961851, -1.793184797085198, 16.75128915523327;
  -11.65437250729754, -1.094529890560903, 16.78328399302439;
  -11.82386563046509, -1.348097702019305, 17.01946091476383;
  -11.94705181996264, -3.567067101208871, 17.21763838766129;
  -12.14043181373924, -3.339894954058384, 17.48295905752581;
  -11.91846623183716, -1.462998790284856, 17.20938499662615;
  -11.93502364254221, -3.418028311111722, 17.24564086186377;
  -11.75295464012046, -0.2267369399225192, 17.01840991613134;
  -11.71345843187082, -3.870030769973251, 16.94882860817885;
  -11.77480856382423, -1.222962210400622, 17.1026645646565;
  -8.416113268681285, 0.6142742493882758, 12.51786676235038;
  -11.62241359248778, -0.7002534462888148, 16.90722832152776;
  -12.24088888612662, -3.34054816697888, 17.89671641637355;
  -11.81836007302707, 0.2168478134593262, 17.38365734651078;
  -12.0938692173037, -3.177256032415408, 17.75166868326707;
  -11.69804552170346, 0.1173102112927128, 17.26575420687931;
  -11.89820000484125, -4.158213031222258, 17.75279606168384;
  -11.99695210823994, -0.7235986839016627, 17.91825162939005;
  -7.20281694689705, 1.159949990126234, 11.16415359377771;
  -11.52460299265623, 0.2764964373087234, 17.30923022779514;
  -10.94003063468999, -3.764813451374319, 16.68731223278398;
  -11.90487710784747, 0.005916840989685123, 18.11581128155773;
  -11.03144406073259, -3.48345408296145, 16.84119689038372;
  -11.01601358161299, -3.615357942535097, 16.81654072856296;
  -10.99668811356811, -3.346883037127183, 16.80750835917194;
  -10.9185113502604, -3.139435030245057, 16.74970521569061;
  -7.228093954505916, 0.6881240415171921, 11.45666751864951;
  -10.81703612335105, -2.982399180978207, 16.65778948881174;
  -11.80951964029156, -0.09405665751439751, 18.13986875891244;
  -11.7325006071942, -0.01271768308066208, 18.07530413894384;
  -11.65398797792128, -0.7346150140889181, 17.97302609805501;
  -10.8818702864237, -3.033331665783189, 16.97694970676528;
  -7.011054948108185, 1.11064441893365, 11.45574572991726;
  -11.7885057702367, -0.4580526424150456, 18.64404962181736;
  -10.75138377961238, -3.124286261212299, 17.16253590800218;
  -10.85159929061363, -3.036515173077329, 17.42911447098086;
  -11.73798888549263, -0.2117250215031669, 18.94364231013199;
  -11.54165118878713, -4.141130331154436, 18.74676635747837;
  -10.71126108500374, -2.96301320660959, 17.52226984795622;
  -11.69046705598568, -0.03659023721922775, 19.2049818728438;
  -11.48833870333414, -0.3046760259196542, 18.89451381318376;
  -7.527834121280636, 0.5313196424556516, 12.77549285412045;
  -6.542245320442915, 1.421976769488936, 11.30698859803212;
  -6.499402103524744, 0.8425910412725737, 11.25958532852926;
  -11.93310111704257, -4.105512476143693, 19.91508563401796;
  -11.95234766756168, -3.888318888802289, 19.97158615863084;
  -11.8425693575621, -4.172361320115573, 20.01718904238231;
  -6.451016667649736, 1.577856358511104, 11.38254256182339;
  -11.70962750298153, -3.265306957465117, 19.86723162660523;
  -12.05263166199045, -4.332692022543901, 20.54056250871585;
  -11.64003428563496, -0.3410789158495224, 19.98799749783337;
  -6.427709779872503, 0.4872188557018791, 11.48904478903316;
  -6.283560906729826, 1.314142539703623, 11.3841810723965;
  -6.363884949210884, 0.6281026324957567, 11.53718346229259;
  -6.227007303825077, 1.418339677968795, 11.323808745201;
  -6.19858578158011, 1.272383132329237, 11.37171502770875;
  -11.9752007209849, -4.122791389597836, 21.17446236373375;
  -6.100648744448773, 1.519589006886436, 11.3339991236681;
  -6.094869893288617, 1.226417247444198, 11.34842258262737;
  -6.055077133813566, 1.343112583548205, 11.29783851778884;
  -11.73014728605858, -3.346382300558958, 20.94801512307921;
  -11.98791703630696, -4.360190352070951, 21.49146357720517;
  -6.009202549356277, 1.267406945745172, 11.34788641228563;
  -12.24873888834641, -0.4367811911977848, 22.09394758130076;
  -12.56391236432472, -3.363707285348786, 22.6214527708748;
  -4.579027337583683, 1.774468064728252, 8.913179687369546;
  -5.962291698444222, 1.424830110843271, 11.34776940973284;
  -5.92642648767733, 1.331997530411759, 11.33917348047488;
  -5.817390567781435, 1.51955293123031, 11.15070631208932;
  -11.90159577623549, -0.1043251735184661, 22.08785885256405;
  -6.000717707255187, 0.5752358099578167, 11.69064810880908;
  -5.831879963543413, 0.934662973025968, 11.48920747873324;
  -5.717314311002339, 1.042304400331328, 11.31547576924194;
  -9.881262791967806, -0.1845948249854638, 18.87927769326469;
  -12.13154696671739, -4.551085830426585, 23.12048498836068;
  -12.06950647525644, -4.51505779590804, 23.0350513582526;
  -5.167531925944693, 1.699270499796446, 10.47493961414022;
  -4.663561787745747, 1.722032347312454, 9.600975969038291;
  -5.650809255839973, 1.441153868935325, 11.43934683586418;
  -5.693561836498075, 0.8710928831145071, 11.52386375897155;
  -5.754184214143172, 0.5831826211804057, 11.63377908030577;
  -11.76513100934244, -4.466780248068931, 22.7574675920227;
  -5.579906199820187, 0.8952882927601829, 11.38559204956187;
  -5.612288805135806, 1.038424423755953, 11.46480211721115;
  -11.7295981742228, -3.697705327209302, 22.87291290201336;
  -8.470697602874674, -0.2066180175892518, 16.79849286400206;
  -11.82681817185032, -4.626999592550924, 23.05657268966588;
  -8.386180420680972, -0.6827082339519313, 16.70809466657936;
  -5.646945846152502, 0.7886915027784555, 11.58541227750411;
  -5.579101077784505, 0.9213647552370826, 11.47153957801153;
  -11.64927714186305, -3.57043400368348, 22.86092415638742;
  -4.578185798116996, 1.689341617622105, 9.60860791357725;
  -11.56450449428944, -4.824539706311181, 22.78121058848636;
  -11.57961542887595, -4.942334868046179, 22.81597145051222;
  -8.927832322887156, -1.473372280385178, 17.91037554108717;
  -8.152342111352509, -1.215115556460712, 16.47118635031258;
  -8.877125743264701, -1.648677529257251, 17.86609378942686;
  -10.72637987472941, -3.949207236570163, 21.34218670535359;
  -5.540403691248766, 0.8285263947027604, 11.58160241214078;
  -8.217688591811426, -0.261870252843771, 16.81576855639;
  -5.520175241338222, 0.7811801363757838, 11.66578231120993;
  -8.32967660722027, -1.416935265589061, 17.1048890288759;
  -8.190023276237211, -0.1367760384062882, 16.92374662637204;
