m=[-5.569728964543391, -0.2155149026597921, 7.679080556801372;
  -5.575832418692112, -0.4392634339548835, 7.751099056999868;
  -5.660280526349548, -0.07724282545174088, 7.854959361304029;
  -5.562821131642159, -0.2015720381068543, 7.748264564539589;
  -5.562360098307205, -0.1403390359276485, 7.777545800560867;
  -5.223557748392699, -0.7873911303965584, 7.444499531245839;
  -5.002555882519101, -0.7782500166074217, 7.169600391916148;
  -3.060542667106936, 0.6517860403119978, 4.930756778290665;
  -3.039910229295173, 0.67727759245474, 4.939737853413635;
  -5.737253090515199, -0.8708405079326683, 8.559887925496591;
  -3.003944524677389, 0.6245779289800226, 4.947622059978145;
  -5.735463065304383, -0.6364026493597734, 8.571733457600111;
  -5.726666307296248, -0.5817511974579877, 8.566075571527289;
  -5.732228424634531, -0.5384862548069159, 8.575858266703097;
  -5.747549987341332, -1.002824838691592, 8.604373418852729;
  -2.980530130590767, 0.6992924359682499, 4.958505381347385;
  -2.952629402897343, 0.7118631466938111, 4.954241333175046;
  -2.899031979432233, 0.6711256530367192, 4.952624364255134;
  -5.607888048262477, 0.2380629866670659, 8.701649251478868;
  -5.692097357352371, -0.43467215900009, 8.880198420605025;
  -5.535899921993703, 0.2194633163979198, 8.823743928238248;
  -5.600349312002141, -0.31361498910259, 8.966394570431284;
  -2.790884679595306, 0.667352265236745, 4.96079405676182;
  -2.728787784982747, 0.6142607374693834, 4.929332517529014;
  -5.650420603153839, -0.2195740674809718, 9.275124655238022;
  -5.603153543376171, -0.1009095683600667, 9.275719593989525;
  -5.592896944165167, 0.03003843746369262, 9.274979455178254;
  -5.573391800535593, -1.371316142541244, 9.292766947362921;
  -2.755216903091618, 0.3858057993490722, 5.086474386317706;
  -5.562812813100067, -1.216699327348484, 9.276552354404243;
  -5.620714518863614, -1.853801476200949, 9.44325263240696;
  -5.663742654455093, 0.1682930661224201, 9.501995315010225;
  -2.695116915133307, 0.4141764604099784, 5.038472531916392;
  -5.624808994162241, 0.03813418156461983, 9.484663013559482;
  -5.567966811403771, 0.2118254580831386, 9.406658403838831;
  -3.192823567679669, 0.3079732386315972, 5.810676760580861;
  -5.661314696694623, -0.1323212116858108, 9.571725586971946;
  -5.590872598668931, 0.1015989106884618, 9.504221517247009;
  -5.586034671251116, 0.169840858081538, 9.511053328128575;
  -5.719795394615995, -1.805036353991697, 9.783906363742021;
  -2.642835677324698, 0.5732494337333396, 5.048364014648193;
  -5.700067387649395, -1.8707472037733, 9.844086238315143;
  -3.059598711438171, 0.2669654312812271, 5.80068035958398;
  -2.631843427461821, 0.4543052741739279, 5.135839192052488;
  -2.639502485605656, 0.4796746702613323, 5.154390060603568;
  -2.617813245760499, 0.4882562546280788, 5.190617220596955;
  -2.244468994204769, 0.8692075703428527, 4.636308416670985;
  -2.603781054551008, 0.5851285365967552, 5.233125596511088;
  -5.556849053008894, -0.3264193867865137, 10.35512271066818;
  -2.74158411241129, 0.3737027244386409, 5.61375554057548;
  -5.507992145285253, -0.516304307503727, 10.46876785141021;
  -5.647039317370282, -0.1501745995216891, 10.78584588375022;
  -2.653032207766563, 0.4243932024817368, 5.590397888629883;
  -5.546874334062709, 0.03946793301357789, 10.63713809994371;
  -5.631655366428723, -0.2751975179661933, 10.81347508956537;
  -5.832328106775186, -0.05106287396407874, 11.2140202035823;
  -2.619356238136682, 0.6295078885492931, 5.625785990626611;
  -5.571528997865091, -0.01279676181736174, 10.9296321642184;
  -5.741638033066197, -0.1605856808511786, 11.23508046138882;
  -2.580869589615839, 0.6149323391829074, 5.610607314803636;
  -5.72562072966847, -1.887300996007474, 11.34213286643541;
  -5.711185103365806, -0.1898876335586199, 11.34899229354224;
  -5.770816712638839, -1.793857611761522, 11.53372131946307;
  -5.783079871017667, -0.3901703235742654, 11.56855100254792;
  -5.808255116732252, -0.5512327278168071, 11.66323750585574;
  -5.764371576581214, -0.1775588731766186, 11.61400912069492;
  -5.726997070384887, -1.88800367186181, 11.58842752629227;
  -3.459387993977155, 0.280079695256948, 7.618617024077303;
  -3.61910505624012, 0.3618314519809993, 8.21052042586707;
  -3.104797276565605, 0.7533124158936443, 7.243303744414816;
  -3.089555596333904, 0.7740076068353263, 7.241368979642219;
  -3.480763327854803, 0.3051006561272516, 8.094258082007485;
  -3.059174227674662, 0.7314676290004937, 7.243325054519271;
  -3.06200344525643, 0.5470459565073337, 7.311919191266063;
  -3.017237115430342, 0.7101323753308581, 7.221416357184157;
  -3.036387109884581, 0.5923793110417442, 7.376303499746905;
  -2.92872536282568, 0.5727575984069786, 7.214744978719537;
  -5.671992556530762, -0.03408079073144291, 13.21137463957773;
  -5.564863121314467, -0.6087732264393799, 13.01774869859561;
  -5.649517950377941, -1.937845249797747, 13.21114573398184;
  -5.655364444359923, 0.1924460919538941, 13.24675539048229;
  -5.775576933897834, -1.501925742382418, 13.51528621229319;
  -2.878102914002626, 0.5400496712719184, 7.229487783476808;
  -5.790928946828617, -0.1621677985964355, 13.74768764713074;
  -5.636168874213126, -0.009146933576931892, 13.43310926469921;
  -5.716966934586552, -1.959423491811555, 13.65226145005044;
  -5.715487594496219, 0.1420654847606942, 13.74740094394887;
  -2.835592997329313, 0.5219387285322048, 7.345329974601546;
  -5.67320372491429, 0.2459845170064657, 13.72525687946421;
  -5.692399299448165, -0.05334952017620126, 13.84771525378078;
  -4.38921016049606, -1.878049524331774, 11.01284781499902;
  -2.749744019455688, 0.5331125999867667, 7.272194492432407;
  -4.40022457684247, -1.909576903376686, 11.09884894808982;
  -5.64432510023776, 0.349047258950128, 13.98796784725642;
  -5.636695840965555, 0.07097748737281992, 13.97747228300736;
  -5.892033110915941, 0.2735032921954475, 14.65120174705614;
  -5.634414842560275, 0.007013988624814506, 14.09888865367702;
  -2.692248717597755, 0.5325909898644251, 7.26988702619777;
  -5.660767825141591, -1.923166499668565, 14.22255481770734;
  -5.683032673937539, -0.5901092578786202, 14.41805565986488;
  -2.706258473116615, 0.4817506954384902, 7.374346731531929;
  -4.296748821063909, -1.886264920250474, 11.27919052828202;
  -5.795453405187857, -0.2361903394909037, 14.88504385972946;
  -2.6763776374944, 0.5342620596417221, 7.397575457566437;
  -4.295857351217929, -1.944947770616577, 11.36095731404793;
  -2.671297189152203, 0.5529579970212348, 7.453273354331393;
  -5.540646870084658, -0.2338792043740405, 14.4256914951614;
  -4.205479380156117, -1.796574099933582, 11.20482381010645;
  -4.157340204542272, -1.959293262977377, 11.09773207740776;
  -4.292876501327874, -1.720078757819431, 11.43773760812323;
  -4.184222729571171, -1.630306870205024, 11.32788818881808;
  -2.627441083207053, 0.5593232286318468, 7.48411381519413;
  -4.045712598353986, -2.045302189296993, 11.00306865432794;
  -5.650729414592896, 0.201893785285372, 15.08978380872971;
  -3.21328278102858, 0.3920967728792225, 9.001035310197112;
  -2.801367276670892, 0.8393384134501004, 8.02914473698695;
  -5.640147985893877, -0.1803084681948568, 15.18187660243415;
  -2.621530638077664, 0.5179275724183264, 7.580874039100444;
  -2.662322235114739, 0.5725540194290868, 7.723737645374271;
  -4.129247697344185, -1.5885067256628, 11.53620557700259;
  -5.710615768333667, -0.4842227615919674, 15.64465653081075;
  -5.520562864967811, -0.572209889822824, 15.2583737506;
  -2.865832711187886, 0.7510278938165343, 8.420864798566729;
  -5.62704408417672, -0.4352474647020881, 15.64057631739236;
  -2.831124447825872, 0.8027064984462583, 8.36856854075848;
  -3.824003204235124, -2.022864458772093, 11.01630930682228;
  -4.017873102620987, -1.954399715214148, 11.59444236096076;
  -4.130142851923371, -1.828648581729105, 12.06736373221625;
  -2.740351002254048, 0.3931859764188739, 8.435946311855997;
  -2.738849746319883, 0.5072812384318415, 8.472259954161164;
  -3.98596638784953, -0.1565581133195199, 11.89856815117615;
