m=[-10.99621034066412, -0.4861404063395767, 14.28176321198255;
  -11.10906025698739, -0.4273387675274075, 14.43600311443619;
  -11.06480759997559, -0.3670214280041551, 14.38916639516988;
  -7.633677785575719, 0.6260549193598297, 10.42287642264968;
  -7.108656921004147, 0.5466163181179379, 10.46429417933402;
  -6.366772272713814, 1.20627149151002, 9.548501389281858;
  -10.69029632154787, -1.11229906798848, 15.43394795030341;
  -10.89817829447093, -2.818635372613799, 15.72196819143631;
  -6.936131569425055, 0.6704459907285455, 10.41647853540377;
  -11.13552957261098, -3.284880302814578, 16.15017013297073;
  -6.946442435595004, 0.4986076272936537, 10.47269039054765;
  -10.56621722217588, -0.8230569591212623, 15.42367422099988;
  -10.74240991954165, -0.1436769977770672, 15.66737318807656;
  -6.472278083979639, 0.7607769607857572, 9.848702071025295;
  -10.55611448211661, -1.113844973824302, 15.49618360305907;
  -10.89813441119738, -0.2055205098715619, 16.00237013263757;
  -6.139670223958714, 1.451428084844898, 9.556056636728888;
  -10.73783616134877, -0.4058771752998855, 15.94596948777761;
  -11.09768671733933, -3.262878596183465, 16.48291541641373;
  -6.101019205854894, 1.494962697062496, 9.541060115974997;
  -11.00367624878153, -2.853044307297003, 16.48632678862569;
  -6.055894080284742, 1.410304763787495, 9.5593533774652;
  -11.04810556931152, -0.2281767428131723, 16.67859706427882;
  -6.936830157421767, 0.6787594174744627, 10.88664321216399;
  -5.976612024401016, 1.373564730056183, 9.535085875137973;
  -11.14248036414109, -3.578253564300598, 16.91691750767899;
  -10.93409666823562, -0.4194924541827265, 16.82996484190398;
  -10.98861191132693, -3.176181025829534, 16.93883537053515;
  -6.994420100484443, 0.7573595159154996, 11.18711070672723;
  -10.97674501355548, -3.11855187257395, 16.99535693604227;
  -11.17620661299184, -3.295705440563997, 17.28424653857137;
  -11.10596749609745, -3.435825554541563, 17.1991488073125;
  -5.79132153390133, 1.085896588579211, 9.512503819855841;
  -11.03877552971895, -3.763321628076104, 17.22049418348658;
  -11.36298136155833, -3.342321414694519, 17.73101470882797;
  -10.89021312452571, -0.4440939643253387, 17.09909865959838;
  -5.732482519169944, 1.130841061935814, 9.533705471215255;
  -6.874564293342198, 0.5996505117927675, 11.23627800129524;
  -5.708206611441455, 1.093776811698227, 9.523349354312822;
  -11.04811387716964, -3.85447237411294, 17.49696975122349;
  -11.23532016676713, -0.8984724866297694, 17.81018129885979;
  -5.658198513943895, 1.03095973035322, 9.48943495492902;
  -11.23972084371756, -1.209618856759898, 17.89515284586777;
  -10.95613201624394, -0.5761232423269685, 17.47369268511174;
  -10.96929571292472, -0.4749897207535845, 17.53377397967979;
  -6.42406595604363, 0.7178491305841598, 10.69337016289134;
  -6.482298600161286, 0.6646041723488454, 10.78756937008562;
  -11.19787723664523, -1.026819107413499, 17.91091995093507;
  -10.98409109610429, -3.811227591275112, 17.65278540112953;
  -11.35197198220204, -0.8737497062330609, 18.23755235818739;
  -4.467700428314595, 1.670375055913887, 7.904554294853246;
  -5.471140556605842, 1.017315226776731, 9.684263639588485;
  -5.267343202948127, 1.00524792972739, 9.53845153420575;
  -5.047494171887402, 1.62693297944365, 9.201406578898986;
  -5.237307638847605, 0.8878933033508276, 9.62734503796991;
  -10.39818367168592, 0.1353400693816906, 18.32252058541623;
  -5.296268299975045, 0.978180769787303, 9.936037372411709;
  -5.23968908642659, 1.051084597106616, 9.919822579970587;
  -4.81553635709717, 1.627468568321775, 9.221883411182072;
  -5.21944298986325, 0.9912703421137534, 9.939884692573099;
  -10.63623341410981, 0.129484391987987, 19.21731302986706;
  -4.66127760885816, 1.661046282764257, 9.087306164776191;
  -4.822634671698237, 1.652420186417792, 9.440076546487896;
  -10.31982690034876, 0.1152243908943249, 19.1336464077398;
  -5.185840876912208, 1.018351973965868, 10.12307218334879;
  -10.53079244278665, -0.364024693868194, 19.80040712965094;
  -5.100320172422421, 1.06878517629235, 10.18353339058591;
  -10.34672298841069, -1.245945159962467, 19.66946528480426;
  -10.45233040083358, -1.111402265304489, 19.86628918930665;
  -5.567156710556749, 1.412803711721736, 11.11345800137146;
  -10.28921495794596, -3.714177418176312, 19.75580888441683;
  -10.56387679151692, -1.040257160392565, 20.35349058354152;
  -10.79760575814504, -2.851387833335085, 20.83084584116545;
  -10.82103462689022, -2.979837559558142, 20.89937343653138;
  -10.13265708848226, -1.17790983318247, 19.72777964013342;
  -5.18075501079639, 1.012612360199529, 10.59234796130706;
  -10.56854996751654, -0.9083116912545834, 20.54991886653454;
  -8.378911990835906, -3.743676926972943, 16.49866187025454;
  -5.203960243121844, 1.061629576120999, 10.66019106009819;
  -5.629079179914284, 1.447368781638862, 11.45784826840905;
  -8.285546588290091, -3.763558259570341, 16.45417275755856;
  -10.26748905668167, 0.3525026985033085, 20.2564898753134;
  -10.6142510398882, -1.061174853251502, 20.97038326698313;
  -10.76159508798777, -3.874114567198095, 21.27819906912133;
  -10.92414577401954, 0.1410017622998911, 21.71024372040099;
  -5.702861292866812, 1.502988316531096, 11.82801879874034;
  -10.4404839392822, -0.06412451177535827, 20.81042764679245;
  -8.393302849223419, -3.612411158723699, 16.96324821437566;
  -5.303428688620575, 1.570640606654143, 11.10749025270139;
  -10.36895013803939, 0.293716778577851, 20.76141559859661;
  -5.624863457519198, 1.447769489024039, 11.73400295998599;
  -8.147694705334951, -3.574294907817763, 16.59816973018468;
  -5.61951680485891, 1.156883795276773, 11.79194374709575;
  -4.42998342141837, 1.585256968195841, 9.524332582857891;
  -8.319152850326931, -4.092786592122838, 17.01313977162085;
  -5.528582851211368, 1.40811149152977, 11.67088796710165;
  -5.569529291776903, 1.251693768913192, 11.75066975944749;
  -5.557029777576971, 1.358921580756153, 11.75052143597001;
  -8.371464149225742, -3.30031374355625, 17.17409849559222;
  -8.166620266717802, -3.819877793185339, 16.80451952507992;
  -5.524428675408262, 1.299485395895691, 11.72687990477536;
  -10.48139081437765, -0.5646856358296196, 21.3786240291587;
  -7.945702528925557, -3.421095727222112, 16.49400713674855;
  -4.545974736758165, 1.701667253634012, 9.896769405522775;
  -5.487558760281084, 1.264991006881672, 11.73860963350557;
  -10.31543365572267, -0.00749747956625723, 21.27406914274544;
  -7.739300405599615, -3.838536201313435, 16.25094787364141;
  -8.142873774180876, -3.748965894553913, 17.08635045256152;
  -10.37276842582776, 0.3360077906437539, 21.52384271417621;
  -8.213062773839468, -3.495898799366511, 17.25751285237945;
  -8.194611992337476, -3.421768999808599, 17.26548988474707;
  -4.499048715370876, 1.642141257924024, 9.995732512141252;
  -8.071658746999956, -3.38256890632739, 17.14160466698775;
  -10.23691369293867, -0.5024998705416715, 21.52387146645521;
  -10.32044225324768, 0.3194418457607338, 21.69505411025124;
  -8.213803306455519, -3.760746637389647, 17.46117625445798;
  -10.28386322079292, -0.3853884350551584, 21.73220019041986;
  -8.034305975253423, -3.439390954448215, 17.20610430205841;
  -10.32392424391581, -0.5851989676288321, 21.83596235088118;
  -7.974335038278725, -3.252069097529378, 17.12248649529193;
  -8.057298192591555, -3.551027193051282, 17.29885408797794;
  -5.359860813788038, 0.71070240694941, 11.86186729593481;
  -10.40260863666765, 0.2684810622560253, 22.07545589921911;
  -10.31076875900545, -1.225871340089209, 21.89997378069941;
  -10.31044698547605, -1.113021739324442, 21.94758802146031;
  -10.32248998725758, 0.1514509516186446, 21.99810667082828;
  -5.357941112216154, 0.9436892293758181, 11.91493620124623;
  -9.950138729655428, -0.4851918744301336, 21.26839798005697;
  -10.379584222169, -0.6827990673125783, 22.14775540184039;
  -10.17836871163386, 0.2858088125340914, 21.7812001747633;
  -7.994653643395816, -3.461132876406146, 17.3615776901201;
  -10.4263456365094, -1.153492748551616, 22.378472416505;
