m=[-3.581038665471389, 0.2570428257042887, 5.39889440786094;
  25.39264089971973, 5.748998320298401, -31.16931689736876;
  26.15544794839761, 2.651135657243981, -32.19521724970221;
  25.62060936541548, 5.907402329893031, -31.65625786480061;
  -5.970708579913131, -1.842724874162928, 8.867610843391358;
  -6.118646722353175, -1.798969635426937, 9.087762067556731;
  -5.832977754457181, -1.873180185943401, 8.855838221967119;
  -5.785399723259573, -0.2219599480392966, 8.904994796843281;
  -5.883921859132244, -1.735085432337446, 9.099613093114277;
  -5.791165352541771, -0.2361589759599705, 9.092908153849583;
  -5.866183521316497, -1.902793185871092, 9.288154172028042;
  -5.850982213021594, -2.041294066322162, 9.26623855749143;
  -5.896495545075956, -0.4715343164368551, 9.347099426356607;
  -5.79267127062819, -0.3046049964732635, 9.238603319014542;
  -5.888728295402407, -0.6337449913122878, 9.375650372394652;
  -5.813785369638352, -0.2517470912915617, 9.292993944679481;
  -5.884223272360622, -0.5395694880967641, 9.411770622005378;
  -5.790218561446968, -2.009072990001579, 9.305593407461101;
  -5.556444360567197, 0.0620395984513001, 10.30201792200407;
  -5.764696194197165, -0.1992719711015845, 10.83900686904514;
  -5.65939795329358, -0.6017670188696348, 10.75657122057049;
  -5.656754484715023, -0.6811824264765856, 10.75367883013692;
  -5.437317914688833, -1.962750656558772, 10.43992316279224;
  -5.760227462865633, -0.5672271630948688, 11.09826796906988;
  -5.822663386033913, -1.603413319762578, 11.24569144225285;
  -2.895852782988076, 0.6508127876278156, 6.10971016439586;
  -4.440047648974826, -2.016810577808077, 8.817440139830355;
  -2.894231796317757, 0.7077583178691848, 6.119947908237878;
  -2.87361975322861, 0.6759480703046625, 6.099923760100271;
  -5.792134102368386, -0.08759687608261262, 11.37939538371503;
  -5.806229402994954, -0.256857624133514, 11.42500566393038;
  -5.667255943117889, 0.1945678249111871, 11.18079717434623;
  -4.414488232800293, -1.899960818606434, 8.921882240834488;
  -5.802378475623373, -2.088824081655016, 11.4726639749261;
  -5.726431411233421, -0.03517122583550134, 11.41417268115503;
  -5.716001638615195, 0.1619147131859219, 11.44496636609234;
  -5.711429041349414, -0.06842867305410226, 11.48709969341796;
  -5.718555528629477, -0.1377023961870016, 11.54414575231332;
  -2.776721718383509, 0.4890614367966795, 6.174846163897069;
  -5.780951065805322, -0.3114491278978254, 11.7912576255897;
  -4.260604942734578, -1.813530970604994, 8.952500009175086;
  -4.334580769304049, -1.809961730639593, 9.132666744565514;
  -5.647185055479581, -0.004104495843162415, 11.64649100966321;
  -2.717190252138654, 0.4388970501321622, 6.152352221009458;
  -4.199207936578183, -1.797631038374612, 8.992937282366409;
  -5.589166874505186, -0.08405183894510988, 11.65987000773674;
  -2.757572485093657, 0.3454636404515685, 6.261703663812094;
  -2.69822283310701, 0.4171005735912552, 6.182753811667937;
  -5.652688064413463, -0.2774737685382216, 11.88519655316877;
  -5.671952783953291, -0.2125567950665496, 11.98615838474542;
  -5.667448336488106, -0.3212523491304327, 11.98712675309007;
  -4.230893481941339, -1.831684670794516, 9.188013535273868;
  -5.68602408321107, 0.08342500301689654, 12.1174023389493;
  -5.686554192551859, -0.3740779799834279, 12.13385899089801;
  -5.642926213849965, -0.2751621883229375, 12.06174142382166;
  -2.665574322175567, 0.4580806972506641, 6.247939992530416;
  -2.644883957611597, 0.9575111677916895, 6.213809075926743;
  -5.734254002783504, -0.6343948916677451, 12.30765308423874;
  -5.560659209188017, -0.3137431994269552, 11.96859781171611;
  -5.770528783833107, -0.5740522447564916, 12.42093794570915;
  -3.792732510507164, -1.543005531740339, 8.777708340087884;
  -5.816235628776182, -0.7026529984970568, 12.96339402049185;
  -2.959269044997213, 0.1923301801588868, 7.154605492650604;
  -2.301039854082073, 0.8235886834434847, 5.875564710655183;
  -2.733283325992138, 0.5109603971750951, 6.786817010744248;
  -2.826145083790131, 0.8156411446526624, 7.003916214733932;
  -2.930007428686851, 0.3031238656812696, 7.243577703508295;
  -3.994357852583979, 0.05011949425154424, 9.893434149152162;
  -2.790495973989681, 0.413675708390644, 7.271489981088639;
  -2.785279973377357, 0.3422901782565442, 7.336204066879421;
  -4.162859940252772, -0.07399666601015033, 10.56623066093272;
  -3.662040567073914, -1.19845038258405, 9.632952066195474;
  -3.693062979541112, -1.083312709175725, 9.735304607048326;
  -3.827813985129684, -0.7843247036849061, 10.12445458659385;
  -3.865972998954635, -0.6833743600145927, 10.27442712178386;
  -5.791412283339817, -0.4741679088626101, 15.00837790979532;
  -3.334455511570453, -1.839359628440783, 9.067552369320216;
  -2.818229020109245, 0.4854824760096491, 7.844270563570264;
  -3.829510663784894, -0.8293953249691975, 10.35886021839539;
  -2.921980603754065, 0.799092293963192, 8.173968256898926;
  -2.97835322637189, 0.7237506746237427, 8.324829939667998;
  -3.41236801756128, -1.622911431327198, 9.537783390136807;
  2.476822665876694, -0.6806612473284872, -5.233889535175325;
  -3.27219620551845, -2.027323234497398, 9.248498419508577;
  -3.628129958876007, -1.512189117436319, 10.18329807106749;
  -3.542488668292173, -1.456530903488986, 10.07532006256501;
  -3.763409287621653, -1.045607482279527, 10.69157825060075;
  -2.857411805625231, 0.2152615724829486, 8.437733381626194;
  2.122673525432735, -0.7598556714237732, -4.614457429062688;
  -2.819874403890367, 0.2912013194246505, 8.442107132648404;
  -3.434179502793035, -1.525761607126796, 10.05226539459497;
  -2.799560115804009, 0.2180535478856994, 8.473938051523717;
  -5.744862147207786, -0.5480901810001518, 16.34648069010036;
  -3.480970672770933, -1.472415878049824, 10.68637778347984;
  -2.698253936187596, 0.4897971486761941, 8.693463478986303;
  -3.203633580444939, -1.618393266792985, 10.3233905605876;
  -2.831173379248568, 0.7762457122877089, 9.245294865316112;
  -2.834605712545701, 0.6840752392082138, 9.267019842843705;
  -5.832944610345716, -0.5961417311664867, 18.78949072167563;
  -2.681970631451411, 0.7417743923191358, 9.2033486998447;
  -5.682311273053649, -0.7431781047891001, 18.40306178683724;
  -5.824157922811388, -2.168795222167272, 18.83833040592014;
  -5.770583263521508, -0.2527513277882948, 18.71745867075784;
  -5.921151457083482, -0.6228972149775884, 19.48187681765215;
  -5.806604324301996, -0.7209134434676795, 19.38055773535529;
  -5.658475665424432, -0.5247072373867356, 19.04391242053319;
  -6.18981468225589, -0.6337605803030247, 21.02291677183077;
  -5.710669310393095, -0.399842954841033, 19.51007835699872;
  -5.901013635476295, 0.1589491660595588, 20.25125524147703;
  -5.774797153124212, -1.026192138379016, 19.84004989846345;
  -6.007871634136245, -2.03886259407174, 20.69419766787245;
  -5.684358198847356, -0.02508997153688502, 19.64421971374351;
  -5.744539842222864, -0.8622202405871254, 19.92099914855046;
  -5.61893074751551, 0.2996370653856885, 19.56421305010838;
  -4.981390228038124, -2.159875068863729, 17.46672682478243;
  -5.311410382853145, -2.063318413051541, 18.55776677758073;
  -5.720227532680231, -1.874023523781283, 19.98602917928129;
  -5.753016632919887, -2.963393033545845, 20.1574956842178;
  -5.778841537782702, 0.1802243921249261, 20.31657852784557;
  -2.527572275609707, 0.7272469345780719, 9.453962517271442;
  -5.803871385109734, -0.5799295757334303, 20.4440593888263;
  -5.796116449622127, -1.47504153666548, 20.44972076668497;
  -5.910962913595636, -0.4829848916411204, 20.95943415933869;
  -4.634631966078838, -1.748984147745002, 16.69564245188119;
  -5.618293489907927, -2.769493888862491, 20.07224439524706;
  -4.178379891814235, 0.666827830465229, 15.23308728494687;
  -5.320796740837521, -3.145701924690723, 19.15442980975654;
  -5.487424025176533, -1.951649748930082, 19.77500631487285;
  -5.08363447109725, -1.562029329698617, 18.40166523821104;
  -5.701854016405301, -0.9198418050464235, 20.50522723254754;
