m=[-5.852819758055783, -1.63527055250116, 8.277039134134473;
  -5.831521537263139, -1.841540443315534, 8.368564636634734;
  -5.737525517494874, -1.625597393932462, 8.359749392816942;
  -5.877727318328621, -1.703035318048089, 8.60392351752474;
  -5.811730148419148, -0.197651433346986, 8.627817727114666;
  -5.811808781031783, -0.4327274719467311, 8.733048529950173;
  -5.708903957504278, -0.03228127111646395, 8.598510103250082;
  -5.786909976064863, -0.2716271829738103, 8.738200541820053;
  -5.801035703739933, -0.2111260343828888, 8.781080661337658;
  -5.778310506645465, -0.4997872219045346, 8.764446849906546;
  -5.744154999798353, -0.5683375664699947, 8.829855697941365;
  -5.644557044935157, 0.1086198235946404, 9.443736133200991;
  -5.551929048565742, 0.09836028032622313, 9.798827763522214;
  -2.887990082980187, 0.6979319257339096, 5.676349998479082;
  -5.651621702960126, -0.08586052303259589, 10.14916657259636;
  -5.779595887514939, -0.1627757287546796, 10.36525858411041;
  -5.718711004370355, -0.499332940463959, 10.34866545991932;
  -5.603860740666822, -0.07530896086784918, 10.169273678147;
  -5.622694620205749, -0.07556206492643042, 10.20345134320971;
  -5.660599632484198, -0.1311925016382428, 10.28217169329707;
  -5.709818996411873, -1.545555528747546, 10.36295544321383;
  -5.768688335093613, -0.3459506925311399, 10.46956437355892;
  -5.454830944013163, -1.933453878351524, 9.992247772603161;
  -5.744762271909916, -0.04608598251211096, 10.50516185149126;
  -5.746773750584252, -0.5228484851561784, 10.57794973392741;
  -5.781897787734736, -1.548959470980595, 10.68335641351722;
  -5.652951537930737, -0.6119137774542748, 10.49743212394378;
  -5.829537361669113, -0.3823883214163529, 10.81987236108277;
  -2.79944860344673, 0.5190784007249768, 5.72602305661322;
  -5.801786009997523, -0.4659226280529174, 10.7838310270034;
  -4.300945794213578, -1.856955271699017, 8.274730334749167;
  -5.825240388156796, -1.535595230630663, 10.85644472676635;
  -5.727026113457876, -0.5297850117432954, 10.82681816027049;
  -2.764320671337307, 0.4307510299358899, 5.754975033125389;
  -4.408587785711075, -1.913222089927758, 8.587870019603503;
  -2.727363725451065, 0.4924374331268571, 5.729107123526024;
  -5.744400759245409, 0.003045484914881872, 10.95067023811579;
  -2.708238700684011, 0.4437180889766368, 5.707644525796702;
  -5.734863804617113, 0.1879068033974689, 10.98021339548063;
  -5.706619475391812, -0.2757158997926297, 11.14947388209344;
  -5.660253657710049, 0.1531589592356255, 11.06971827235077;
  -4.179619705600575, -1.809170195747838, 8.496187771924907;
  -5.646796172703772, 0.03142740788953032, 11.15100718402158;
  -5.678490269341707, 0.08493047184984685, 11.31868470419691;
  -4.242735426755162, -1.80934162119622, 8.729586769013308;
  -5.676535708671601, -0.2419979711574238, 11.43681411019234;
  -5.61014126484694, 0.08242160071795089, 11.34181104428743;
  -5.684928382217668, -0.5702223742522936, 11.49322678904861;
  -5.657422993822851, -0.1717162162394718, 11.46127783462661;
  -5.656338639244728, -0.281746684186093, 11.47221554698656;
  -5.644992804546337, -0.1991533797132568, 11.50287012636012;
  -5.653840120164436, -0.6289596111071216, 11.51782061693246;
  -5.691547670926334, -0.5703236653257322, 11.62137889138264;
  -5.541375863209905, -0.3273943784303598, 11.34670482609016;
  -5.745110966750457, -0.2507087939159707, 11.76208107523428;
  -4.071398120093261, -1.766787004028681, 8.663542061043328;
  -5.605128174279643, -0.2765091020030848, 11.5672370329668;
  -5.749827728335706, -0.529441001431324, 11.88734517954789;
  -2.311154300933666, 0.8518833016345778, 5.402220319291796;
  -5.770303576730229, -0.4709566728281937, 12.03463813927438;
  -2.815785005258597, 0.4033879624739102, 6.449805027325938;
  -2.785178226164673, 0.5480533925634797, 6.408697314128991;
  -2.827208998967837, 0.842588236737129, 6.511249704142151;
  -5.787778160857673, -0.257535284955812, 12.26233200467586;
  -5.703378684616389, -0.6522726098823161, 12.23689516487996;
  -3.840353276317495, -1.366568540835971, 8.567265986091948;
  -4.027737746399225, -1.502507903845965, 8.995968562617168;
  -2.916066662818368, 0.268326290248905, 6.805169488240617;
  -3.593522475373018, -1.130966414575878, 8.223130117852168;
  -3.870064094631814, -0.662746024122729, 8.941172851462467;
  -3.494370433492319, -0.9271756603178578, 8.168420899896411;
  -3.81203706526356, -0.9202956759683606, 8.855278564669263;
  -2.81973927640433, 0.4468789978405508, 6.849385064913259;
  -4.166007517949291, 0.02481628180976309, 9.633554675739621;
  -2.822914975815043, 0.4119901025567728, 6.861255937309077;
  -3.868595908803642, -0.4859097725638737, 9.046371036948504;
  -3.873752428166231, -0.4307023433397856, 9.122660898301282;
  -2.806219760867311, 0.3742590309330521, 6.894707558350046;
  -2.805315677167309, 0.4987473284600896, 6.89564017066851;
  -3.559558933283453, -1.908137764732131, 8.474902242578805;
  -2.780234648273263, 0.5680293216733551, 6.867302105666262;
  -2.798601326200348, 0.4744667943367956, 6.967240753723996;
  -2.906873679623526, 0.3877337278941183, 7.484725897874356;
  -3.461408564580746, -1.348259016929807, 8.71487914156392;
  -2.869175665315063, 0.4845002207372424, 7.413520124312085;
  -3.89778502543116, -0.7034233747230668, 9.714521160117045;
  -3.905613010443399, -0.6423121553302342, 9.734987882561752;
  -3.547685027636534, -1.858582579840294, 8.946849376568361;
  -3.121520556114767, 0.8802667028661915, 8.007171638965874;
  -2.838085851566345, 0.5190621122990932, 7.395665213844009;
  -3.888695429053216, -0.7558764776714056, 9.785251699570107;
  -3.864292657672466, -0.6483996014393434, 9.781507893012959;
  -3.891593284211139, -0.7167194941432136, 9.848180800822041;
  -3.311723420732319, -1.732652775261288, 8.54709202917317;
  -2.832754651835329, 0.5015237928565922, 7.480776269110464;
  -5.639465646593853, -0.35331824739524, 13.88116730837857;
  -2.815674739746104, 0.4595349312693127, 7.453734627114774;
  -5.593668368823024, -0.6327868571690907, 13.8145489172052;
  -3.8248928576475, -0.7910756705720465, 9.857161219011614;
  -2.961177524820973, 0.7000156234114512, 7.887055998835889;
  -2.937454741876496, 0.7877863930600236, 7.886670842736558;
  -3.870399173386677, -0.968466242629754, 10.09128482572257;
  -5.718286729170828, -0.4543789555998896, 14.50109292197476;
  -5.568158348482117, -0.6810376719183416, 14.15210237001873;
  -3.702312071883942, -1.028885127775431, 9.888929278577333;
  -2.881371384806442, 0.2533636165850327, 8.013669311457299;
  -3.205257696841831, -1.947927897008768, 8.810400839301849;
  -2.840854906248285, 0.3266247476210966, 8.006727688598812;
  -2.805676249791594, 0.4249076806584302, 7.996914198037587;
  -2.797046547666295, 0.3314605590273018, 8.010463419811929;
  -2.756634689204597, 0.5453659055445683, 8.085716826743148;
  -2.84028474575009, 0.879651383179776, 8.290699477547245;
  -5.718674967358024, -0.4862673199816138, 15.78268120826511;
  -5.652438896337767, -0.693655107016193, 15.64493527382045;
  -3.532172242056044, -1.444998680855318, 10.21344752454702;
  -3.500507753099035, -1.446391793659209, 10.26411349224613;
  -3.329331807330549, -1.77185173368254, 9.828310187467519;
  -3.475680270686977, -1.495050504398757, 10.24302191867893;
  -2.720766215777249, 0.5279594715773042, 8.266215749848655;
  -2.903297651714204, 0.7588698301214027, 8.91140932761348;
  -2.875386527562598, 0.7312836643242879, 8.909100959538108;
  -2.69566505495122, 0.4641679275186168, 8.430531609628423;
  -2.76055116153165, 0.8284086140094162, 8.849784303124839;
  -2.734616876114687, 0.7927649043197862, 8.877277811060122;
  -5.773877390560782, -0.5769202701068262, 17.91645408381585;
  -5.548112082004446, -0.2041130303639413, 17.29582236379313;
  -5.725466994441278, -2.122838624596187, 17.83099776566236;
  -5.690907724362369, -0.5203378264823348, 17.85765102343466;
  -5.691467535945113, -0.07441472337635936, 17.85977168527676;
  -5.727307347792354, -2.062164997355406, 18.03155680183619;
