m=[-5.855248355748475, -0.3901656496880435, 8.301747571085608;
  -5.888289450319338, -0.230164690717725, 8.386786894453417;
  -5.896380191741082, -0.2304809460602527, 8.398310669684713;
  -5.810316971389554, -0.1687025320053887, 8.299892345083764;
  -5.809269613651353, -0.4542682529809226, 8.318113215940134;
  -5.663418157761731, 0.1578114905971293, 8.984611150778029;
  -2.902016774604166, 0.7375692880275232, 5.15369127419684;
  -5.58992699836868, 0.1482193697050956, 9.369530472195738;
  -2.804714726512856, 0.5521929645227675, 5.233674307966;
  -17.11903958658882, 6.652198722175958, 27.27351897294348;
  -5.732801617297707, -1.959834215002364, 9.792553647364661;
  -5.688591442788452, -0.02368914959189907, 9.829902271482153;
  -5.724372270381738, -1.496557066787186, 9.897484645595974;
  -5.532681456331856, -1.911473686146727, 9.631271877614696;
  -2.721971828525416, 0.5497595808826914, 5.275667039050229;
  -5.792209777318711, -1.487871582854714, 10.08752965336179;
  -5.775643158326231, 0.0127717161244405, 10.07143473953478;
  -5.640225184860071, -0.07209752982865227, 9.86272083849544;
  -5.710746571797792, 0.2016839571037808, 9.987955840914667;
  -5.76217834222955, -0.4731492129019167, 10.1180355958194;
  -5.80399270067724, -1.496816986694731, 10.23272447976819;
  -5.648519595512192, 0.1070244102466623, 9.99788111229657;
  -2.825362788790694, 0.09068971495881854, 5.531239127528854;
  -5.824805530619693, -1.528689537512763, 10.3512096617464;
  -5.849368448609202, -1.489936808551357, 10.41134270717778;
  -5.781792026159501, 0.0537312889390857, 10.34125320362054;
  -5.909059044222851, -0.1652734955290071, 10.55116641820036;
  -5.696092964802013, -0.002366398662634175, 10.22032309705065;
  -4.65028182970531, -1.796161685413139, 8.528702470918942;
  -5.825896670616664, -0.1582378965128337, 10.4756834928684;
  -4.250811150608223, -1.733008089875819, 7.956992257602338;
  -5.755461317921313, 0.05865849353449457, 10.48062273597189;
  11.51330654011665, -4.481384159031028, -18.09957644804361;
  -5.678437734325088, 0.02313056199801188, 10.44016539720931;
  -5.70019289200273, -0.04202296203739495, 10.52483003556413;
  -4.225501335055776, -1.538560012821433, 8.066025900836015;
  -4.265675161865773, -1.795833173543933, 8.158438728142196;
  -2.648133112974202, 0.5174238896009794, 5.464671221158922;
  -5.634079798934464, -0.003763314528048591, 10.53248470495625;
  -5.692129916243245, 0.2069653112537492, 10.63857888295365;
  -4.110274921020459, -1.675878357716249, 8.011805605741509;
  -5.688632191584512, 0.0898051272221204, 10.73840999902207;
  -2.319740273515822, 0.8850161683794225, 4.981900136727263;
  -2.897868981555, 0.9408940763982333, 5.988022972026954;
  -5.63971612659707, 0.005247742202386962, 10.77050230957801;
  -5.73949710429728, -0.5954998666627531, 11.03668708247132;
  -5.715675390555775, -0.1877067276561025, 11.02262211501317;
  -5.665526820652463, 0.1382730488606811, 10.96728827787041;
  -5.68983733673412, -0.5157637494377234, 11.01466477244145;
  -4.071874149372639, -1.72313359137973, 8.174610606838792;
  -5.734729991450722, -0.2311720053937328, 11.1341925801167;
  -5.681117255069991, -0.1449050191289882, 11.08662711793833;
  -5.72966578792999, -0.3558511996068363, 11.18222912392095;
  -5.53152752383533, -0.03374023127730289, 10.83844808780338;
  -5.648517272315147, -0.2804360663329714, 11.07640019612915;
  -2.314410105748231, 0.8808604648977768, 5.137365789015925;
  -5.727967291590241, -0.1842616785615325, 11.24493646390603;
  -5.772740656798322, -0.2284179638281982, 11.40413437859115;
  -2.306278469768498, 0.8936938938865368, 5.178599075933711;
  -5.663077235805561, -0.675057135184167, 11.24406608735798;
  -4.140342536501186, 0.04378469707555723, 8.648762844274549;
  8.643940387766026, -3.357334609488126, -15.1071219730013;
  -4.023906852207474, 0.07905076686283818, 8.508720997048766;
  8.683782210231291, -3.43455802274994, -15.27775374998586;
  -2.832986886404941, 0.4875249515085326, 6.377611552909761;
  -2.806075331043242, 0.5348021528607869, 6.393775401221856;
  -2.818031522043182, 0.4107849280750424, 6.420611345325485;
  -3.743927943973606, -0.6965231405622218, 8.233177844502229;
  -3.824423978020223, -0.650927130632334, 8.417992159243232;
  -3.902197163560916, -0.4459278101756359, 8.627811225859947;
  -3.871368316899266, -0.5216211800772211, 8.572770067432357;
  -3.079584377404608, 0.2399382865324955, 7.062737165851286;
  -3.891129684457, -0.3889146835953915, 8.668696429169094;
  -2.757176666879046, 1.06951032623352, 6.504981132071746;
  -3.788364326781916, -0.925185810775699, 8.614569777641407;
  -3.78117409387227, -0.995365556603955, 8.602852795337361;
  -2.893415085760973, 0.4244403444262423, 6.959241573581743;
  -3.874054402553221, -0.6510465087484204, 9.163933066413893;
  -2.879455323276539, 0.5446018478001778, 7.09673019850106;
  -3.679897356048423, -1.105429047546868, 8.790980894202567;
  -3.902039674706137, -0.7133118499543614, 9.322386309750801;
  -5.681643517729842, -0.1619477320589835, 13.16329428446737;
  -2.972378667764522, 0.7082285086753583, 7.399165607417135;
  -2.969449834551166, 0.6651063980920056, 7.404248038745022;
  -3.594313491649587, -1.909127109962168, 8.731993473665646;
  -2.957121482271044, 0.8334217632715623, 7.431077955726689;
  -3.831056923001626, -0.7479744237124221, 9.385496121073558;
  -3.819712214077658, -0.6936176894822813, 9.371045874489795;
  -5.842549309354293, -0.2999891436597244, 13.87932263684636;
  -5.735379506300798, -0.5882384974946936, 13.66172778420767;
  -5.709767711351655, -0.6234200454906944, 13.71600146513208;
  -3.806747598956386, -0.7622054819729215, 9.484932336685867;
  -5.806194781281572, -0.3521402438839336, 14.06700978633083;
  -2.894920565966139, 0.2951322151910755, 7.550987753499249;
  -5.786821324552931, -0.3285490474296819, 14.1685580851887;
  -5.759911128210802, -0.3905521034085982, 14.12503125283421;
  -2.996632500130826, 0.5334894388604607, 7.846452971190769;
  -2.840408050062143, 0.3673489400007419, 7.51030316519569;
  -2.810438039003026, 0.5463543382201422, 7.491063239421782;
  -2.791860729744657, 0.2879076610462243, 7.466785675039046;
  -2.777528075685154, 0.459529302238854, 7.435551521036998;
  -3.633829049283339, -1.027702952446531, 9.477745912346423;
  -3.677019680331809, -0.9942745565433117, 9.610249654019487;
  -2.774525661713858, 0.2367019617140841, 7.534600406897145;
  -2.765166021645352, 0.5701326317043077, 7.743916762359813;
  -3.560001965180613, -1.407416213008352, 9.796807092176438;
  -2.730710435808251, 0.570539363095972, 7.798806869668506;
  -2.680600988754624, 0.9416747969207594, 7.693490968714313;
  -2.993246506784542, 0.7881951518174565, 8.494467275990376;
  -5.791373991744327, -0.4173622817372695, 15.49719747761871;
  -5.67911293230717, -0.6252284619881722, 15.24402807356893;
  -3.500804529157253, -1.400285024234819, 9.774904745764378;
  -3.464725695442094, -1.431243823497021, 9.711491330465039;
  -3.40686151325665, -1.494486900799576, 9.703779589440972;
  -3.296087481951198, -1.767928809958745, 9.429903496775834;
  -2.852847008707565, 0.8628616456150632, 8.321326696049892;
  -3.440126061066253, -1.465248448316145, 9.829290346892119;
  -2.937221829059757, 0.7853717747810497, 8.574885110939967;
  -3.379811590638036, -1.589665354703742, 9.745935295671176;
  -3.333304722693216, -1.525719226066206, 9.859826248401872;
  -2.764218280030845, 0.8449989322001907, 8.467381703762294;
  -2.812256294811613, 0.8779296241859633, 8.862822192121461;
  -6.009836474420362, -0.2393260859711166, 17.89958785454871;
  -2.639495854420517, 0.8091571480999404, 8.492771222362315;
  -5.700385430585942, -0.4816383345751848, 17.23458831851557;
  -5.73695103253031, -2.047669590055995, 17.39823993026635;
  -5.751289702020624, 0.007238990217324727, 17.57191321624478;
  -5.81834291419378, -0.4480921039162771, 17.77601077741914;
  -5.700721019493236, 0.3307206963236145, 17.44263677310125;
  -5.670237501373134, -0.5957639267354813, 17.39748882413461;
