m=[-6.88595802071494, 0.7395103654129666, 9.31479156384586;
  -6.400391902985677, -1.574934815938367, 8.833517919920627;
  -11.5589993711678, -3.25391695024986, 15.21347840449981;
  -5.567631280654038, 1.119558874493475, 7.873928702682011;
  -11.56659461241609, -3.26149829365587, 15.33055836024727;
  -11.59122006748799, -3.271449044504528, 15.46403481092534;
  -11.42173299692912, -0.00778686144126011, 15.39818772844224;
  -5.413652307030708, 1.100761538086514, 7.865395268074796;
  -5.451035759043651, 1.085328988407411, 7.968091642195683;
  -11.39594563795498, -3.157112242923297, 15.62318434688677;
  -11.3994369547661, -3.053365676097571, 15.62977983183451;
  -5.40421312359889, 1.118875718144636, 7.965908950580326;
  -5.458548417112184, 1.017030559250005, 8.03830639561836;
  -11.55228647916042, -3.260828553544039, 15.94511804092578;
  -5.440253354646276, 1.096141512790333, 8.05457018228857;
  -11.51074984884095, -3.237251317993442, 16.08283250503418;
  -11.42418417209227, -0.299111589052926, 15.98788098471464;
  -11.50914458446924, -0.03149756549427698, 16.10654810241582;
  -5.398073505498521, 1.137971778600689, 8.098770550160682;
  -5.400492334795619, 1.093797212922836, 8.149504721059614;
  -11.39299963275602, -0.7591748177933044, 16.15333821591948;
  -11.04693898441864, 0.02971977387871164, 15.69842381652171;
  -11.40243571539668, -0.445704667205293, 16.24067553566854;
  -5.405711576011828, 1.181740966712789, 8.232441180008117;
  -6.873705873957622, 0.9027283158511626, 10.2132659690559;
  -11.41372784276347, -0.3313975461538555, 16.30422450573575;
  -11.26507829447696, -0.8808968729046293, 16.13011667072419;
  -5.334528275529602, 1.109998166071744, 8.176502319886122;
  -11.26852424955056, -1.028636750513017, 16.35484248079935;
  -5.375193367816634, 1.155581336687575, 8.496856515726497;
  -5.245521749544002, 1.343855421049342, 8.36862691469906;
  -5.27758287650396, 1.111848984326946, 8.540400833439792;
  -5.320368774380953, 1.087305178382808, 8.748034785668136;
  -5.396680322636182, 1.088157549013317, 9.012158877451528;
  -10.96010309484783, 0.3054039377483866, 17.38742606259615;
  -5.533246127707407, 1.746544802489049, 9.601141729018028;
  -5.869676708415974, 1.468381467503147, 10.17950217927578;
  -5.862372910033705, 1.348616176439362, 10.16885621833463;
  -5.863613540768568, 1.656765986509231, 10.18188642661608;
  -5.727272051186315, 1.422782802986833, 9.988321139398964;
  -5.81726606893728, 1.358019671451607, 10.20263698563632;
  -10.85563308106265, 0.2878418794188999, 18.19561954524191;
  -5.771669602543471, 1.408306522901818, 10.19236275771592;
  -5.736554294765167, 1.51408786584143, 10.15560918395428;
  -5.732494325060047, 1.456956346688612, 10.18033604801426;
  -11.15145128408034, -3.812271421974405, 19.0484848831739;
  -11.19002613355846, -0.2105152375886896, 19.1255118315008;
  -10.96023691867552, -0.8681108828675973, 18.91016603621699;
  -10.7712301580515, -0.9921772220834132, 18.60180441587261;
  -10.81051599428105, -0.0450185134808362, 18.6806025352363;
  -10.88370977023146, -0.04532331622948204, 18.80708158927091;
  -11.15831876023615, -2.917186375263788, 19.29282083408911;
  -11.26106928318684, -0.5909059642636413, 19.47789604749612;
  -11.03749758120873, 0.5433742703904606, 19.201567544404;
  -10.8061212671295, -3.733382558612575, 18.8112568358853;
  -10.90749345183813, 0.2148003542484417, 19.02001781697667;
  -11.29144525227073, -2.90048550831155, 19.66482451267834;
  -11.13654976409623, 0.02462632269580184, 19.41966134299418;
  -11.17294948843982, -0.2191235008605103, 19.49722145447954;
  -10.88334544553566, 0.3843623856157284, 19.03470454252875;
  -11.44954757542656, -3.006097238198223, 20.06779012943661;
  -11.13474577847035, -0.9143063418109501, 19.55193807718397;
  -11.2528687404556, -2.902051389174679, 19.83936082735636;
  -11.33691593350704, -0.6652099038594518, 20.09329557493221;
  -5.540530595313556, 1.09082110402691, 10.33878146503868;
  -11.36572745846284, 0.3786171846485464, 20.17100102668135;
  -11.29120617188169, -2.96331759920897, 20.0655012093971;
  -11.3330259754298, -2.886720626579156, 20.17175330570981;
  -5.470633742097071, 0.9381373154672752, 10.28448563557594;
  -11.5357762499161, -0.3226500277278719, 20.59818561044619;
  -11.08558247095105, -0.004605421241521334, 19.89051710922329;
  -11.23648330351421, 0.5227322870051105, 20.20517730801165;
  -11.12501402732077, -0.925005174384793, 20.0828472537613;
  -5.438445396263242, 0.9104744996463688, 10.33983256700571;
  -8.450222634526869, -3.263880918440996, 15.49786385043066;
  -8.636607125718323, -3.666425435037597, 15.86282440063522;
  -8.552364538167044, -3.574267262574703, 15.74264078274388;
  -11.17697393537687, 0.1139134496972536, 20.35312908484351;
  -5.321022979085438, 0.9320172824521985, 10.23361790876743;
  -11.16887117961677, 0.4813658074046985, 20.43074839736855;
  -5.379677691731978, 0.8715317284519457, 10.37843207342729;
  -8.232029903647401, -3.172271582941929, 15.38296080740133;
  -5.917220487222665, 0.7691479601471433, 11.36859380224363;
  -11.07829636817239, -0.08167141648344339, 20.45495451955767;
  -8.311458979139689, -3.059093857442989, 15.59616970344719;
  -8.434702399855897, -3.203815051167248, 15.85610971887837;
  -8.553236215214911, -3.703413986154605, 16.06761605643674;
  -5.36186672338403, 0.879232078645331, 10.45948046769356;
  -8.485978059781894, -2.884794120532217, 16.00890736152612;
  -8.268019848675303, -2.914598318574798, 15.65314813894335;
  -10.88071385566569, -0.007267832545841903, 20.34066899185172;
  -10.88390184727209, -0.4257049348188597, 20.34712040711227;
  -11.02393350109709, 0.400829190806841, 20.60370860777188;
  -5.227843595645531, 1.006883804111187, 10.30451333291283;
  -8.299675160890084, -3.022019710658598, 15.84318392254894;
  -8.294219830274152, -3.491835302657523, 15.8633467658227;
  -6.547024932851528, 0.7427259064752962, 12.74996576916987;
  -11.00857475152911, 0.1737898360800722, 20.78084594073124;
  -11.10772873966472, 0.276293875405553, 21.17559102273901;
  -10.97836246503191, 0.01021533969576072, 20.96603368516648;
  -8.284350120803904, -3.449682449452545, 16.08845567270882;
  -11.01714703322322, -1.143080912851447, 21.1852714859326;
  -11.0328999578926, -0.3623280550667868, 21.27683585207411;
  -7.987726012319882, -3.165766729591431, 15.702199259117;
  -10.73700792405896, 0.2620477968419445, 20.78462689748106;
  -11.02333766139498, -0.9992268015912198, 21.33951496817072;
  -10.93934763238849, -0.2193016126215747, 21.21938603900503;
  -6.487991267654612, 0.7257318359629376, 12.96747003459941;
  -10.99996736696367, -0.443418350868745, 21.35684770187234;
  -8.000805583567896, -3.051601682527175, 15.83699045994483;
  -10.8866820093612, -0.003917394418006742, 21.23241655800871;
  -7.557091984312559, -2.335638711945285, 15.04714741719527;
  -10.89344050336163, -0.2778527767775608, 21.25840877240068;
  -10.84338774407806, -0.6734480996536953, 21.16235932804791;
  -10.58438828457653, -0.5254908628173211, 20.75534424685203;
  -5.176344212452381, 1.011415983282077, 10.6818721120975;
  -11.02030240696963, -0.3545096046105678, 21.6346557288039;
  -7.928697675084631, -3.355262171336425, 15.91749001455531;
  -10.98235274876986, -0.4345538457479101, 21.6957999650593;
  -11.21934565674431, -1.337382313947092, 22.27606277797852;
  -4.559399112036268, 1.73951540816986, 9.666925465844177;
  -5.502167868237613, 1.428572948287995, 11.54226142599688;
  -9.63498101725939, 0.05786695573684867, 19.44234793419528;
  -5.452089721045662, 0.9310280139163262, 11.47601398477386;
  -4.593218227431649, 1.752382558764225, 9.864446798855738;
  -5.573736238592123, 0.8690484245119025, 11.7727812537758;
  -5.517023897594036, 1.161329609985868, 11.69927647741813;
  -5.571815785680853, 1.726230505814203, 11.84332975985871;
  -11.08282958649238, -0.3861484133781875, 22.55733979310116;
  -7.98570895662683, 0.00910836950442314, 16.62935676979043;
  -8.041007052150102, 0.08503476580909473, 16.79686219439093;
