m=[-2.75745326647984, 0.4929153575742559, 4.71529009672784;
  -2.695247357636045, 0.5285847999693466, 4.67165415776276;
  -5.619062036969449, -1.910180846591696, 9.120604984842082;
  -5.610286141838104, -0.4332694142479376, 9.18981725234962;
  -5.568394397954249, -0.5117107674732587, 9.125845160265254;
  -5.66149512944983, -0.3563693517671576, 9.287364040935827;
  -5.619130234529586, -0.06360163894120031, 9.229825111428392;
  -5.645812312868999, -1.458082082381708, 9.277640782944124;
  -5.540820387034965, -1.900213570632525, 9.157029051930397;
  -5.665643340485394, -0.0210679232604768, 9.372773381106846;
  -5.688710374351551, -1.440109936266319, 9.424445641792961;
  -5.720564852835851, 0.2097231538231173, 9.500548184852868;
  -2.634018518300832, 0.5266237850778067, 4.933722338628983;
  -5.698351075475323, -0.4486578175052501, 9.515067628893652;
  -5.726896823528904, -1.456842090306585, 9.610019486667904;
  -5.600074127925478, -0.5342610703722394, 9.426100585361647;
  -5.603162055949154, 0.2121526875446822, 9.470718327361517;
  -5.785903525060792, -1.50272342548113, 9.794744708036181;
  -5.754047725850266, -1.451280981407654, 9.759636715688316;
  -5.797000929415488, -0.5912575198603211, 9.977302253611571;
  -2.89249901921699, 0.396920410772793, 5.506117123359535;
  -5.637873192657035, 0.07452706582710704, 9.783355177576325;
  -2.745564770478916, 0.4423830322340756, 5.315572498102884;
  -5.620543562435464, -0.02507328253581117, 9.892518882919623;
  -2.291604065253156, 0.9008249499008542, 4.647009067841567;
  -5.595890632067656, 0.01154155900083641, 9.969266898798091;
  -2.994752679332385, 0.2506152103605545, 5.868699532215312;
  -2.926527499340968, 0.318011314370597, 5.82804846058758;
  -5.61180859116808, -0.5678735916441456, 10.30792835385266;
  11.66236377549227, -3.881343900333229, -18.29399919829383;
  -5.578930131282173, -0.1652614527114839, 10.27704713347499;
  -5.696176105073367, 0.04805564531899191, 10.49357581475191;
  -5.578466291783539, -0.4874026425091043, 10.31766775704594;
  -5.596712933432059, -0.09560655720544449, 10.36870945790056;
  -5.62525438124313, -0.2101743911210406, 10.43504840071516;
  -3.741657367615134, -1.554817981831122, 7.299186808253087;
  -5.595241047101648, -0.1277705327498345, 10.43039420189837;
  -5.587770955332141, -0.554022317071481, 10.41720128084899;
  -5.625996490958926, -0.3684928307009073, 10.49986517478857;
  -5.603438938843862, -0.4865415493098597, 10.47818763805531;
  8.561957741821933, -3.347122644220043, -13.47879640947563;
  -5.647122680180232, -0.2613535414530694, 10.56473115506215;
  -5.616759518529612, -0.1652481393717717, 10.54241886808129;
  -5.707662430737744, -0.208599860192247, 10.78172465067754;
  -2.791487362278097, 0.4552594162892846, 5.797368952538342;
  -5.556452497690399, -0.6448428953320428, 10.55139697347744;
  -5.690539559826643, -0.4505785826853787, 10.7976488110352;
  -2.770000605774982, 0.5397700666812426, 5.822250213648954;
  -4.029813938049132, 0.09355930759370447, 8.028948061035921;
  -2.765762935337689, 0.6124474719617704, 5.837115974510001;
  -2.759317095822267, 0.5168668943600666, 5.885210865755712;
  -3.71194471268031, -0.678175063668237, 7.666840881466396;
  -2.741272590553498, 0.4700007428186098, 5.973088828102829;
  -3.659540881685071, -0.7320021154737874, 7.639499029309643;
  -2.795278451599772, 0.5228513567505305, 6.251536571430235;
  -2.986954510809833, 0.8925146238629036, 6.707307196236898;
  -3.002802403832073, 0.8164388946888271, 6.747526782228648;
  -2.928214201063932, 0.8920310000135147, 6.695642914140482;
  -3.877849647605889, -0.5688536853518532, 8.566342262684628;
  -3.720017987365787, -1.056480739011506, 8.2669314843075;
  -2.966059646569233, 0.8090524087471775, 6.815756949163148;
  -2.957124252174461, 0.7814552336185381, 6.822451946516641;
  -5.663532232165903, -0.1048563404237187, 12.14834518154614;
  -2.933411660802189, 0.7143696504863972, 6.808546444251611;
  -3.844575855300239, -0.5725297611053111, 8.614725036669098;
  -2.941681533058353, 0.673739514608017, 6.8369104633739;
  -5.644299496891193, -0.04634761491988522, 12.19889421987122;
  -5.565650157724969, -0.1370152542088567, 12.41351968830275;
  -3.777006758165903, -0.7193571100116134, 8.763235294561584;
  -2.861055978892435, 0.3121999407327939, 6.972496522039889;
  -5.403879033809626, -0.5644945012656224, 12.2946055367188;
  -2.86767919628574, 0.519663051057237, 7.034589037510666;
  -2.804919370151916, 0.3773323384731807, 6.924143114481844;
  -5.587254125639691, -0.5498270770606405, 12.83169842435108;
  -5.81767598585973, -0.2798839914002964, 13.32036226997717;
  -2.775647832843563, 0.3548007679125816, 6.914608222194794;
  -2.784173899804104, 0.4742954564589794, 6.947953903338837;
  -5.629708593845777, -0.5950413925222872, 13.04007998169328;
  -2.756095569109039, 0.3827945248193159, 6.914468871127632;
  -2.745863299720878, 0.3542737940945156, 6.912244522486273;
  -3.356278061900182, -1.386274296297752, 8.26641765489669;
  -5.455750024280197, -0.5806964396555506, 12.91882385527044;
  -5.605583772145106, -0.3558766554955863, 13.26813886575827;
  -3.598040440172331, -1.002126351506509, 8.90067535596253;
  -3.565956680646274, -0.9482497307511238, 8.837666941703077;
  -3.47929287118611, -1.456539107536689, 8.72205637229386;
  2.097282828506829, -0.8524986571483905, -3.665331532183721;
  -2.72306670371042, 0.5770476378443186, 7.126774961497571;
  -2.693100917322834, 0.5783248136728387, 7.198654147463943;
  -3.296949124928212, -1.805807728960475, 8.666362622371061;
  -3.410685556476907, -1.395271883262393, 9.083863603707128;
  -5.525163993648183, -0.575434475415697, 14.09623013030979;
  -2.836280491811609, 0.8004675302599145, 7.737577085627254;
  -2.802781877677684, 0.8657240036641817, 7.68213095121024;
  -2.847712987228759, 0.781287432860344, 7.839911243673313;
  -5.574271682322831, -0.3783884361788957, 14.44915300256078;
  -5.501803125013432, -0.5822348786962448, 14.29424282714217;
  -3.348285346972987, -1.517001519195097, 9.146275732982588;
  -3.308802581414974, -1.612305642650488, 9.225368276270652;
  -2.72161840532768, 0.8501732519276779, 7.849851080068199;
  -2.844213132047193, 0.6202747115697473, 8.17586574760603;
  -2.58646610389159, 0.8083503969980621, 7.828298916959161;
  -5.743882831483596, -0.2072963758180511, 16.6493547718542;
  -5.451959535067255, -0.5330541574136263, 15.93320235228923;
  -5.535366428035649, -0.4426636486689957, 16.26920335890515;
  -5.625316180713824, -0.1079506150088014, 16.57418414117906;
  -5.535411188238097, -1.949652106007126, 16.32342304452363;
  -2.613930124312351, 0.8921222001866558, 8.253480997690044;
  -5.527709305937282, 0.03320471595417836, 16.42695054681478;
  -5.564793783265247, -0.4026697255393867, 16.53685370019834;
  -5.418177055586998, -0.5423206423008739, 16.16663940219181;
  -5.648480112260615, -1.926127983710021, 16.84918340045292;
  -5.412022077374993, 0.6060687928265724, 16.31057403860239;
  -5.45943249872953, -0.4626155381953494, 16.44773830330311;
  -2.419791591603293, 0.8354749586629878, 7.879287079551172;
  -5.321872097806579, 0.4994022654370298, 16.16513138199559;
  -2.430441187635141, 0.8025643790500353, 7.947217081956794;
  -5.521085778227523, -0.414140270889194, 16.78408383599604;
  -5.425762156747831, 0.01143766830967245, 16.57610351549586;
  -5.365157860459385, 0.2473626363646881, 16.44254352642679;
  -5.504583353419736, -0.1597524498647011, 16.90724122399366;
  -5.395933847142733, -0.5167174591221388, 16.66558224837727;
  -5.505389773888961, 0.245503054706968, 17.2090590927896;
  -4.257287592462376, 0.6247816622841574, 13.55128563085939;
  -5.385115460440376, 0.4442432586026835, 16.8845095572177;
  -5.435582713341784, -0.01599575434092772, 17.07664236615882;
  -3.93569309343738, 0.7887097176840618, 12.70965779432167;
  -5.460362983232097, -0.3783154051158089, 17.23881527186027;
  -5.469612103690618, -0.2030860520953579, 17.29828282315427;
  -5.94880814117267, -2.186550130246737, 18.83153744736566;
