m=[-6.908646603872583, 0.9035600743066132, 9.629665785054817;
  6.033256961450503, -1.529721491867678, -7.344362416737473;
  -2.822705788413194, 0.3776820404126971, 4.785765419333449;
  -5.712652075888506, -0.4882853767080144, 8.777465650643297;
  -5.710849537365903, -1.465500509216597, 8.803693038873863;
  -5.685640393470817, -0.5498412301660806, 8.80387997588619;
  -5.65293060846519, -0.1644156792103488, 8.790313938326939;
  -5.796567185515034, -0.3811356254750774, 8.992276408402024;
  -5.725653510726726, -1.490140201680482, 8.898325785690401;
  -2.774050677418884, 0.7278311064524687, 4.825780808358886;
  -5.675645302478708, 0.1150373767528079, 8.882871543048765;
  -5.663075257683723, -0.03735841289462768, 8.871857642398364;
  -5.578484716646406, -0.0871586652582471, 8.76237406180992;
  -5.842464662694799, -0.4027909562135999, 9.132082055084126;
  -5.774586676540205, -1.468173092909488, 9.056293659517696;
  -5.657605727782938, 0.1504519311978764, 8.936457139351951;
  -5.778496900504177, -0.4701332863380197, 9.140638332554522;
  -5.656350644538444, 0.109681244680885, 9.005284839945382;
  -5.821528110497109, -1.491363523099951, 9.258498905946846;
  -5.672059299383738, 0.1958002811976987, 9.081681808049336;
  -5.842997955946395, -1.530545485476591, 9.380706019495751;
  -5.873729898500258, 0.05891194962439035, 9.485004888206726;
  -5.809350826138336, -0.01210935684701314, 9.399025977544948;
  -5.773808118182072, -0.4663754306080815, 9.41366015272342;
  -5.801027054594547, -0.6095083446467693, 9.488070381825693;
  -5.787426598915779, -0.08768694864255115, 9.573260963157555;
  -5.702030284591585, -0.6013487598305016, 9.455277397415562;
  -5.710281863311274, -0.04018239369566264, 9.537014705364365;
  -2.8422051178362, 0.4252191016776763, 5.317943462549957;
  -2.813996671537936, 0.4946607344180275, 5.332673109677191;
  -2.768909763353613, 0.5352890228872534, 5.312158262420689;
  -2.76693750542459, 0.609089410173811, 5.335617380030725;
  -5.701747888051097, -0.1822799794165105, 9.993962960711745;
  -5.717747233205424, -0.5159160053954128, 10.06075376411759;
  -5.67020298570545, -0.2255918864996314, 10.01613238118964;
  -5.646928038962644, -0.1421479133559386, 10.02152382910797;
  -5.657944373475484, -0.3542947092774195, 10.05171826397606;
  -5.697646351659945, -0.5069677956196892, 10.14174717243787;
  -5.578748278888132, -0.1800728815037354, 9.973998246706415;
  -3.006846820384093, 0.3087782422776378, 5.846930523947966;
  -2.727176570220444, 0.4628221513583191, 5.444243991800645;
  -3.647303634273016, -0.7392227523315534, 7.024017903283431;
  -3.71004006701232, -0.6831374692465794, 7.163329728035157;
  -2.464862035376622, 0.8870624078198031, 5.128090874989697;
  -3.757905372460887, -0.7582387715274935, 7.323472646009178;
  -2.783457843065796, 0.5150761235413561, 5.723060372580603;
  -3.017995901514026, 0.8935106047037961, 6.254791174618754;
  -26.07067456452128, 10.28507988614419, 46.62897491981195;
  -3.01244420137353, 0.7962454151341375, 6.317032188750212;
  -2.978345232331278, 0.7652172175447378, 6.301080731624903;
  -2.963818775136311, 0.8007193316562298, 6.307447214158489;
  -2.953702358839419, 0.7730244939210424, 6.310112236295262;
  -2.938662720569604, 0.7085338829415475, 6.315616952246346;
  -2.934611410938179, 0.6648483377170779, 6.317813704033487;
  -2.932622295187854, 0.7395857446448489, 6.323059225737654;
  -2.924454577021349, 0.830595907732896, 6.347472249707734;
  -3.783114886539472, -0.678090462803186, 8.285678853156197;
  -2.81093941750008, 0.3708688312619847, 6.43159784229249;
  -2.771659489705604, 0.5460211689067346, 6.389470784718766;
  -2.761503216578371, 0.4630844758227082, 6.38608334387346;
  -5.649095667263138, -0.1554329566786323, 12.08911397642681;
  -2.748140831030184, 0.3757910910352705, 6.392550498627491;
  -2.753800176806388, 0.3496159544081997, 6.425764892356715;
  -3.688809177312455, -0.923292599975591, 8.368415226850626;
  -5.62515473835837, -0.6090368988665019, 12.28466872061797;
  -5.487619484894996, -0.6596794475544658, 12.05078703229409;
  -5.713735228311147, -0.5772664176074086, 12.6106010218333;
  -5.739896553928669, -0.6323506913466802, 12.7826049340899;
  -2.698652209619119, 0.5645347549883362, 6.569623522018965;
  -5.777866674044445, -0.3403019658705879, 12.99955501875669;
  -5.733597818454441, -0.3810849877195107, 13.06141092799456;
  -2.656121054901424, 0.5226665606630656, 6.607604419558165;
  -5.560230242745265, 0.1183496206675323, 12.91359954300394;
  -2.959582065810376, 0.7828986999159817, 7.394532503738941;
  -2.854556468171067, 0.7417191770891559, 7.270858917967675;
  -2.86977704506709, 0.8004974793015292, 7.319507325778388;
  -2.790502901002034, 0.855922876052852, 7.151323471590803;
  -2.845002268687609, 0.7724369411973182, 7.327186356586998;
  -2.788759958226164, 0.8883437687603951, 7.388099501995017;
  -5.73678148371668, -0.4101817939438756, 14.35755836366832;
  -2.704905746565847, 0.8360141392984055, 7.294179579505609;
  -3.307495372198128, -1.509472019651575, 8.79335936684495;
  -2.615316333156406, 0.8335748026045332, 7.307917755541708;
  -2.591343662037837, 0.8018876240748089, 7.34081829674654;
  -6.01711089569054, -0.2544351776965123, 16.9201377500168;
  -5.745062720558178, -0.4395460213720659, 16.56275050687531;
  -5.646104006945435, -0.5903291197876479, 16.32629649851046;
  -5.736989525489296, -0.2186146113204629, 16.71553243563745;
  -5.74846872546047, -0.5108578853639185, 16.7959372581101;
  -5.724354465816666, -0.4508799234187526, 16.88952442574169;
  -5.328854156324558, -2.96881584341646, 15.87535700533881;
  -5.681167732483177, -0.1941909365724778, 16.9227110223292;
  -5.647339212347918, -0.5656513264850642, 16.92505914807372;
  -5.608808408818724, -0.3664572334015358, 16.942178506663;
  -5.575496279878916, -1.940129137765757, 16.9178153905409;
  -5.972472795734757, -3.43210815204206, 18.22654457662544;
  -5.77338611415432, -0.4323001831569257, 17.69427179638574;
  -5.669816358821761, -0.5363294694657962, 17.39411678843818;
  -5.067212912530711, -2.086451362828064, 15.81433225108272;
  -5.597972729245023, -1.99738554265405, 17.40133787511195;
  -5.651600471783399, -0.7063343576707946, 17.6401230685778;
  -5.683444384855315, -0.3884116137513064, 17.79008758528438;
  -5.786996446962847, -3.405932736167229, 18.23677025323438;
  -5.692912696769931, -2.796954704294874, 17.99359888772294;
  -5.439308876090325, -0.8607767897185499, 17.24087802100585;
  -5.532211670849857, -3.431530802332569, 17.57563369738766;
  -5.670098494229193, -0.4312431198920088, 18.03050856481185;
  -4.910667134190217, -1.288715748360132, 15.83065930970647;
  -5.559386740025772, 0.05262592662559661, 17.82522660428574;
  -4.50355046124052, -1.642624761202511, 14.66376539989241;
  -5.412970574362374, -2.515417136037095, 17.43317448956444;
  -5.810666842225902, -3.381182207970882, 18.68922064165335;
  -5.984441065246458, -3.801701405400109, 19.24175211047037;
  -5.044126130792254, -1.615873241341765, 16.38468875785713;
  -5.587289482004986, -2.701491066674589, 18.12217101072888;
  -4.722609964473256, -2.088362239562456, 15.49861823854492;
  -5.76112664192064, -3.53587248592664, 18.68064759405105;
  -4.49534192674902, -1.749977060001266, 14.84181932864383;
  -5.582124379876226, -2.78917994092448, 18.17659842252514;
  -5.843589297474511, -0.7408706365851914, 19.02100081575465;
  -5.203641976275292, -1.301356235286781, 17.05179970825855;
  -5.623862226651166, 0.05909235040817463, 18.42602936940993;
  -5.242218295921969, -2.4053883629652, 17.33305251853373;
  -4.730366774205654, -1.265473265995507, 15.79309466673373;
  -5.209691526357824, -0.9994571121842649, 17.34341308760521;
  -5.684053234648095, -0.1941750473700331, 18.87247260668055;
  -6.113732111014969, -4.363865145766531, 20.22418883230489;
  -4.434108248558345, -1.370187410919288, 14.96820725520297;
  -5.168677651780072, -2.438809718892934, 17.29534770293962;
  -5.830899470504502, -3.381396360142075, 19.51192359913748;
