m=[-6.076642874803181, 1.455579390773802, 8.254483443132292;
  -6.015386065167286, 1.424699645954152, 8.23501961689929;
  -5.984565148442474, 1.632086102232929, 8.239827195685344;
  -5.967403932515161, 1.383692334176454, 8.243772958266534;
  -5.922206446746798, 1.455107863092162, 8.248066394150699;
  -5.933921365183561, 1.647101572568554, 8.267913359458913;
  -5.880561636035607, 1.678840002675376, 8.225974793061285;
  -5.87477817223786, 1.643696758787979, 8.255227314898262;
  -5.844853957991327, 1.47240660880278, 8.254198846490997;
  -5.860060075442133, 1.386535304651124, 8.275477573135669;
  -5.81147485830759, 1.438195643209093, 8.263535471560452;
  -5.802099932158573, 1.720916778359599, 8.252919207818762;
  -5.798549056693629, 1.548355549704855, 8.262983864234522;
  -5.787584002873595, 1.487721584224037, 8.268043611900126;
  -5.777682133782793, 1.647058964790482, 8.256518082434637;
  -11.29994176970342, 0.3231655040972318, 15.91516023102205;
  -5.538256988756635, 0.9649833215665036, 8.398362916412378;
  -5.4869138942029, 0.9820051042000072, 8.389149802127122;
  -5.496317155880386, 1.028502359051307, 8.420931725851411;
  -5.49308587818918, 0.940916709979205, 8.443609025548923;
  -5.47801032034732, 1.220231870300177, 8.456389214670612;
  -5.435702853957682, 1.061852274243036, 8.399860845805753;
  -5.443286030262289, 0.9800984449030112, 8.439145508389297;
  -5.444753271511363, 0.9752587025688356, 8.466750235188949;
  -5.369964030289617, 1.106699623565508, 8.420272157403504;
  -5.333216491159543, 0.8960440976702702, 8.425892777654449;
  -5.380787274985202, 1.013916209017163, 8.497100744313043;
  -11.12286485493184, 0.3029934209513744, 16.6439380463118;
  -11.24896806695823, -3.844037325455337, 17.25750537365631;
  -11.25181946093024, -0.9617422575619354, 17.28837281066065;
  -11.44105960221851, -2.935969256994695, 17.63723174956038;
  -11.89986985925181, -0.6436446226819458, 18.31182048630014;
  -11.34544099808789, -1.097183571850418, 17.56774855746544;
  -11.49584851081942, -0.7558745154350512, 17.83363222576364;
  -11.06804033735373, -0.3219143300412153, 17.21081612105984;
  -11.31976186328167, -0.1440372766537837, 17.58230571641265;
  -11.40247993506705, -2.967572822607258, 17.72076864884309;
  -5.34306922664124, 1.047545417193507, 8.849854150669357;
  -11.36807005999508, -3.92398852655925, 17.73875250808645;
  -11.59078831286174, -0.799091646649961, 18.11701671591142;
  -11.32349902420587, -0.07469933432091112, 17.73956141943997;
  -11.02325513079701, -0.1722281681859612, 17.31471712140413;
  -11.44415654612615, -2.909645945800084, 17.94788929020045;
  -11.57128323057185, 0.4028612259278385, 18.20025783148846;
  -5.300847825577457, 1.077103110512653, 8.880110430553655;
  -11.53026601000275, -0.3551224006722756, 18.17522906413824;
  -11.23036775106105, 0.2986476254278692, 17.73889961502242;
  -5.255263131437997, 1.043945105020346, 8.84225541164855;
  -11.49280688769912, -0.9350443834089084, 18.17974345148189;
  -11.5283625271796, -2.95334472801161, 18.33459013154824;
  -11.39568800437006, 0.2209716693432343, 18.14269002675577;
  -6.675808652582649, 0.6015341273130073, 11.05334529153451;
  -11.81980180960895, 0.1356685162430492, 18.8069667259978;
  -11.46539082192185, -0.6664945180534314, 18.33168514125995;
  -11.25410988128913, 0.3884934488653222, 18.01924831529817;
  -11.23819860235396, -0.5479834677518636, 18.03556715939186;
  -11.75562400838769, -3.079329719204692, 18.8731972404994;
  -11.58443644579459, -2.947215607219774, 18.63991177933959;
  -11.8954673815818, 0.119308375981207, 19.20901509118007;
  -5.375453095761428, 1.063203311596121, 9.254150620804451;
  -11.46047138514472, 0.5394193621269621, 18.62547256691705;
  -11.4757772317368, -0.2888845650793334, 18.65748214871985;
  -8.777389643695763, -3.328944024236013, 14.53067559318837;
  -11.39756794510368, -0.9206308123651734, 18.5826804435895;
  -11.58604332490016, -1.217334451555876, 18.94995377180116;
  -5.823791360777572, 0.7974429576878246, 10.0690347740803;
  -11.36852693689062, 0.1201695645470337, 18.71696638848257;
  -5.565283988700419, 1.460170441798455, 9.681452788283746;
  -4.610210159636802, 1.774640926570173, 8.222218722119573;
  -11.73478798537889, 0.5395125395338374, 19.39865139163237;
  -6.019496015791622, 0.7147478221631135, 10.4413992265925;
  -11.70696737041951, -0.177375596739717, 19.36505833960681;
  -5.474828884543042, 0.874212455246501, 9.599581175084063;
  -11.39766252192862, 0.04266561159425319, 18.93813041008774;
  -11.43464369489898, -0.08046386600811667, 19.09754503880413;
  -5.879097621865229, 0.5043092310882464, 10.34422694038166;
  -4.595447654560502, 1.79943289399245, 8.305813795881496;
  -11.40037528700928, -0.004684748380303354, 19.27873317064554;
  -11.32976261133961, 0.4294092165265581, 19.17536445313232;
  -5.575158496935878, 1.09368418345847, 9.967133518395498;
  -5.538197773315073, 1.749790280074751, 9.922592496380126;
  -11.25012671905188, 0.1749226468567583, 19.24856284649098;
  -6.011126512287844, 0.4892084630627161, 10.76706479395975;
  -11.08905819440408, 0.01387272626093727, 19.2013774861848;
  -5.859658500345208, 0.6279982175911417, 10.66183168409931;
  -11.1425074483968, -1.025110404748879, 19.43351732673157;
  -5.93601365439666, 0.5644977250850312, 10.84877849264329;
  -11.21468688430598, -1.155521576503422, 19.60546026451581;
  -11.18244251535927, -0.3574930760789422, 19.60046612074744;
  -11.34262536220155, 0.07590695918287925, 19.91129575834361;
  -11.29753585542384, 0.2833327861798882, 19.86495266164114;
  -11.28115075692539, -1.017905478748064, 19.84992958104022;
  -11.23053713658394, -0.1651399162407969, 19.79728637924903;
  -7.884095082009409, -2.247866838399856, 14.19818137577342;
  -7.675261675811774, -2.394266676038877, 13.84845772584162;
  -11.28642738061045, -0.4490362075311543, 19.93691425860182;
  -8.232129809577504, -3.007338505467535, 14.84190137483864;
  -11.27795147419115, -0.2838954663357644, 20.01482198149144;
  -11.27970212505947, -1.151110389287172, 20.01740099321915;
  -8.313377105050135, -2.826314595666422, 15.01939444684708;
  -11.07395719221267, -0.6934399112085187, 19.67362886869065;
  -11.17886940774142, -0.09490914030289244, 19.87420802715936;
  -11.32960845944811, -0.7772636139903498, 20.13816363510902;
  -11.36773897539155, -1.011483902972544, 20.23444901544319;
  -7.222122028690905, -2.858122137375446, 13.22002274732777;
  -11.26014103167905, -0.5493412547507517, 20.07889371045989;
  -7.382584042053638, -2.186126440575488, 13.51151672101316;
  -7.724407948735852, -2.878992416355784, 14.09274863041401;
  -5.746138816269233, 0.8596733466687269, 10.7513849585027;
  -11.32544293776309, -0.3655667978114244, 20.24826042642956;
  -11.47946668840603, -0.4517379564272602, 20.68130111567615;
  -11.62300434543655, -0.5663825709577343, 20.95825980664839;
  -5.590745902125629, 0.9026586702356191, 10.60227918523324;
  -7.462704382650076, -2.217680988697267, 13.81992175665386;
  -11.23665253411558, -1.327476689723661, 20.32025225091442;
  -11.36642572691833, -0.9264127789661784, 20.5764552563518;
  -7.061233382808477, -1.652518167293382, 13.16568059223365;
  -7.225608497346575, -1.998172916417316, 13.4519589996186;
  -7.092341178742167, -2.886526263003058, 13.25251404530293;
  -11.64793164880308, -1.110218273723239, 21.16431508480558;
  -5.597556116714661, 1.082126396435443, 10.73892127808277;
  -6.198564572436419, 0.4983454620714196, 11.79219400588197;
  -5.593736358996005, 0.8322792979629964, 10.74068647857962;
  -5.545991455578815, 1.22084602846465, 10.69459947753587;
  -7.997196017748705, 0.02804420662918787, 15.03367197160879;
  -8.25804996783698, 0.2613774626580949, 15.56795675629633;
  -6.905254429162492, -2.028631342484209, 13.17025500883942;
  -7.786314459202044, -1.201230439146046, 14.87169107184498;
  -5.926283040867654, 1.624063933912824, 11.56416394395519;
  -8.235935069871335, -0.2697114962911659, 15.6887676246945;
  -7.259856106753771, -1.471402260655287, 13.98111163269358;
