m=[-12.05088844579731, -0.5438694467126486, 15.85754271505071;
  -12.16860068197808, -0.232274427179465, 16.06183098470177;
  -11.7811554123905, 0.4802001979046283, 15.64530357971738;
  -8.773307169913794, 0.7458148208658209, 11.92763828348916;
  -12.15804865943148, -3.04067870953832, 16.12352230609627;
  -12.29329027994853, -1.809796844226535, 16.36290909677339;
  -12.17911482655238, -3.634836466152808, 16.22925878837982;
  -12.10247139697516, -1.868255007277568, 16.17137666637908;
  -12.41215876967435, -0.4766612991512245, 16.58761561371966;
  -12.17540060701247, -3.141150128693776, 16.29517613630317;
  -12.23977628894375, -0.9113779602540868, 16.43974515332332;
  -12.04374988489731, -1.202090239991232, 16.20289892532157;
  -12.08151015240742, -1.48752153257925, 16.28264675398588;
  -12.29470818700179, -3.529458184801005, 16.53792651230904;
  -12.42266109644909, -3.413028352117041, 16.71547410062225;
  -12.35280583355535, -3.639368443947091, 16.677977331735;
  -11.92876568325182, -1.775418993223558, 16.19632870569878;
  -12.05881612442525, -1.072457089628114, 16.41090084421659;
  -12.1477272870519, -0.9192834045673382, 16.53551998231261;
  -12.18971282405879, -1.326229842845901, 16.59738558070616;
  -7.412003028770849, 1.247416473851646, 10.50591390498465;
  -12.23258523413735, -0.4700597239518594, 16.66684921233312;
  -12.21951416541846, -0.3009781814278039, 16.67058657026748;
  -12.15238772510335, -1.427933782675186, 16.61041635306482;
  -12.32743742198605, -0.557614326770184, 16.89893957782798;
  -12.33251057587364, -3.465111067800724, 16.88133993401165;
  -11.97362957480221, -0.6534610753956849, 16.46641813023091;
  -12.11757774948759, -1.195129455155632, 16.65334632439287;
  -12.41882443595296, -0.5776764217211066, 17.21207137365699;
  -12.3352641914427, 0.3164188797479985, 17.18154389385288;
  -12.5773108791316, -3.380900632928452, 17.46045485678761;
  -12.16355386867009, 0.191806993906306, 16.98861307234901;
  -12.52685959061116, -3.241157598424969, 17.45053176688039;
  -12.49664552980085, -0.9147160233483095, 17.64079947680316;
  -11.9882932141352, 0.3367408559082576, 17.03689884743369;
  -12.49697835190153, -0.6838224716367014, 17.70741489834032;
  -12.40084924806128, -0.898499207047521, 17.68960263466998;
  -12.28455904156244, -0.6520324890933438, 17.6091857811936;
  -11.91109559162755, -1.472212389463643, 17.1250594468134;
  -11.41671003158889, -3.418676867176815, 16.50808506781173;
  -11.416350617367, -3.330349529282296, 16.51227257301229;
  -12.25777568604341, 0.07914531332190776, 17.70327533082369;
  -11.20065219246679, -3.0288125031264, 16.30668219620198;
  -11.31056589731805, -3.976002071179504, 16.55147574125653;
  -12.16119593116772, 0.05394487359337487, 17.77894934186844;
  -12.10215403491339, -0.7009147806694882, 17.7101637935519;
  -11.20406261876931, -3.866912738579334, 16.4653832997208;
  -11.22414404356522, -3.465922078884802, 16.50982289162655;
  -11.29403627855552, -3.667458881912184, 16.61067125374258;
  -11.19722270397985, -3.057370932949971, 16.53444504233379;
  -12.15589329630508, -0.3976098364440874, 18.28077141736802;
  -10.99886799876965, -3.148179941424734, 16.63415379874109;
  -6.735054276896074, 1.520544183024943, 10.65925686042707;
  -7.778192941333912, 0.5948874000071155, 12.22412851806766;
  -12.14972140887709, -0.13757937122925, 18.66182551143752;
  -6.657865001040928, 1.853645275112728, 10.73141895886546;
  -11.06691043947554, -2.998584651013933, 17.17025711173906;
  -11.91822636019043, -4.205875274719316, 18.43476453234847;
  -11.71851350765219, -0.2284683429287805, 18.34224919498907;
  -12.05096692049461, 0.0397014237140889, 18.8541733848147;
  -11.10686969287746, -3.062373643531068, 17.50667641155537;
  -6.429047019453172, 1.403619891110107, 10.67654138211394;
  -6.417846215394803, 1.520396138925662, 10.69109547931997;
  -12.89826860050131, -0.270149556849861, 20.54190086395872;
  -12.39857577131165, -4.189147677400118, 19.76848768492656;
  -12.68550544757743, -4.056586958756493, 20.25430879996029;
  -12.60744213334235, -3.493494346498301, 20.24406265899146;
  -12.25535672513656, -4.245703903673488, 19.79749430799004;
  -12.26567296746041, -3.352117115513844, 19.87783399619555;
  -6.272200755789806, 1.320074128299482, 10.70248637526338;
  -6.178442234030279, 1.397117910334566, 10.60675317739706;
  -12.13421205997813, -4.306900351344444, 19.79522245518926;
  -6.17975552031554, 1.361373857528123, 10.69459830991892;
  -6.11554788806087, 1.43186852618366, 10.7216239179107;
  -6.160077023887535, 1.678303786100615, 10.80682362227565;
  -6.030852687173913, 1.536721332978368, 10.64858378681807;
  -8.549968674546859, 0.2966853193812701, 14.77139958058189;
  -12.42640713738762, -4.196242690651862, 21.05862749579083;
  -6.150377402330973, 0.645002616297959, 11.00367615616463;
  -5.975289175831546, 1.020407027673069, 10.80721789399697;
  -12.56123267614043, -4.493318557541334, 21.60190211807925;
  -12.54490875597939, -0.3514919974653857, 21.71295059387014;
  -13.11199902001103, -3.435198471277063, 22.69513668299992;
  -12.5006341766976, -4.424860688086548, 21.92284534091247;
  -5.841144507794154, 0.9466422530039428, 10.85375307918347;
  -12.22325714958767, -0.02227391824455883, 21.76297580056103;
  -5.836788464404938, 0.9982437883138741, 10.92528618173508;
  -5.796262008366588, 1.131447044436161, 10.86653376437491;
  -5.770881873995363, 0.8614971606694744, 10.87731472573305;
  -5.779150049408271, 1.015371194691234, 10.90820063152651;
  -9.267943979977058, -1.588260376657609, 16.87861474906838;
  -5.709454599293504, 0.9114544661835251, 10.96564854667398;
  -11.90425825479494, -4.375642761442242, 21.86708518870595;
  -8.879996910829716, -0.1091638489773571, 16.66573471464067;
  -5.650825080353493, 0.8514105177564725, 10.97767521491815;
  -4.643204677109129, 1.827463457663766, 9.237969717989845;
  -8.79515911543076, -0.646774235279253, 16.56777741430861;
  -12.17093032572995, -4.549310559754319, 22.65046239344326;
  -5.581353946446483, 0.7298173907043348, 10.97419683524866;
  -12.13764242861645, -4.676771529803451, 22.78045572705003;
  -13.11712629534723, -4.057348316028454, 24.61105676278218;
  -12.07135719530769, -4.433700995098313, 22.71261408584875;
  -12.33664253664533, -3.71485919527049, 23.29555222517827;
  -4.518354663489901, 1.821830694256017, 9.196448282553645;
  -11.87400590953462, -4.991251994752678, 22.51371630621748;
  -12.01646234219398, -4.938868026759862, 22.7780628875687;
  -8.545813690889398, -0.1989741860403072, 16.53964886147046;
  -12.50943966173961, -4.923054364402086, 23.73909427349099;
  -11.84191011823063, -4.091953851353468, 22.72517574546131;
  -8.428141625668024, -0.660968787085418, 16.87765377869641;
  -11.7330531845249, -5.22886658640665, 23.06422991897186;
  -8.280754280273847, -1.232706167380208, 16.63107171055495;
  -8.338676695856698, -0.6833088190451416, 16.85424752051566;
  -11.23002538323626, -2.79355773675979, 22.39332750358396;
  -8.150014318666262, -1.271109475228065, 16.52797183156181;
  -6.069917996841483, 1.748540620934382, 12.60726356446521;
  -5.996810524070448, 1.031640644991696, 12.50004662441228;
  -8.447772268658172, -1.477552832467196, 17.22778655813596;
  -6.468936815741383, 0.2491904200738779, 13.44315368685839;
  -11.81935111982626, -5.454256887801947, 23.71749246993007;
  -11.87559188220849, -5.351879367847234, 23.84012167039619;
  -19.92093763772623, -6.702940906688888, 39.44335719207319;
  -8.661942279862256, -1.286750625457712, 17.74130716201787;
  -6.151961982449329, 1.182431584046209, 12.98751383012382;
  -6.341466866344179, 1.687667135989141, 13.3941688347805;
  -8.152441638424358, -1.152582198386232, 17.02165731002623;
  -4.619109741561719, 1.795173549847736, 10.1313830338269;
  -6.278116460544927, 0.5711322024406395, 13.42153439477519;
  -4.661334954800704, 1.773887888186267, 10.25089250329879;
  -6.038095231221594, 1.095502895666112, 13.08099261895352;
  -6.140433459204741, 0.8081658355004713, 13.34337715943283;
