m=[-5.411849137181013, 1.093096242419326, 7.478095838785507;
  -5.314554830299975, 0.9813904907396305, 7.405176834560032;
  -5.294631603607005, 1.068371397134003, 7.407565003864405;
  -5.255980942182187, 1.04553906863939, 7.813272176311806;
  -5.236941397435959, 1.01787243327216, 7.814730243634882;
  -11.20206487947851, 0.246390585181485, 15.75627362203564;
  -11.61486841108716, -0.4917799221105635, 16.69448213797665;
  -11.71173497404237, -0.1433969800687245, 16.92789565818979;
  -11.45725324828704, -0.2484332000804234, 16.59831997705721;
  -11.72486821013646, -1.058945780391836, 16.97330552356396;
  -5.345769746787195, 1.716687332003765, 8.26805944946457;
  -11.49032462089593, -2.999584368106445, 16.70573870574485;
  -11.48123358669397, -1.177507010677119, 16.76881538609397;
  -11.50861819198447, -0.7423552859721914, 16.8140364361791;
  -11.62986861789662, -2.911222935312391, 17.01555693849554;
  -11.68890631581216, -0.4128489700262137, 17.12308945585479;
  -11.77404085400434, -0.8376696750055332, 17.24235051565837;
  -11.57867258223791, -3.075626444504528, 16.98031756595973;
  -11.69168181851674, -0.0004382914005588588, 17.17830564107728;
  -11.54500850257159, 0.5263075658946901, 17.02413216826862;
  -11.45938820293652, -0.1414007990315608, 16.9420406931276;
  -11.37285608913241, -0.2421067746964818, 16.83363171529472;
  -11.86251866933058, -0.8890660353766063, 17.52127320268055;
  -11.7556339892511, -3.036353531638872, 17.40407763298489;
  -11.84265710961315, 0.1266674890428355, 17.57741076304029;
  -11.40504743556033, 0.3388619168666744, 16.95401730722018;
  -11.48557890753627, 0.2338737726985763, 17.12113464914224;
  -11.79143866816902, -0.4326144691647409, 17.56642093198668;
  -6.024446693653506, 0.6831213690082215, 9.448402099929547;
  -11.79088407192944, 0.05442565254729393, 17.57675361449454;
  -11.1364941539134, -0.4789191969421783, 16.67455279236179;
  -11.7218824812712, -1.017280914293302, 17.52329333408808;
  -11.64868679607533, -0.03014528078596268, 17.44041207850781;
  -11.34457384156848, 0.1609604327914914, 17.06664066262927;
  -11.44792118930725, -1.160879266176861, 17.22800826940533;
  -11.85007523059195, -3.098902545950485, 17.81900303044015;
  -11.51158885516885, 0.07615918100906639, 17.34330648762663;
  -5.491600508044373, 1.033827215477152, 8.796762985353039;
  -5.400017519719667, 1.004145420441005, 8.680200614035689;
  -11.540543040964, 0.3339695755957866, 17.45345151484494;
  -11.69046068503895, -0.749766579397584, 17.67455750533028;
  -11.80612838461201, 0.5752440722636403, 17.8384822418323;
  -11.66135100063132, -0.6179259381391067, 17.67643706942841;
  -5.567084619178208, 1.733219759647422, 8.969180558593358;
  -11.70700874864382, -3.13573271817978, 17.80292448131358;
  -11.72959432792742, 0.05864445562503303, 17.95585704079665;
  -11.9209538426396, -0.3700722790147811, 18.34437350763244;
  -11.5908789412104, -0.9984113183426721, 17.88187318293412;
  -5.924594946050672, 0.453142830375698, 9.626179687163567;
  -5.507509101805007, 1.779334461869357, 9.021138537603653;
  -5.541112473809156, 1.715433139513487, 9.090539892763312;
  -11.73142092159781, -1.304114558853827, 18.17852055465329;
  -11.91210981058056, -0.3257947355120688, 18.54229850751046;
  -11.74771582749248, 0.05286489631036222, 18.30965124099684;
  -5.769468538112909, 0.5897166257360602, 9.512723685187334;
  -11.57321298507643, -0.2352915247289517, 18.15592053242958;
  -11.6128751659614, -0.03913671911104149, 18.28082986903236;
  -11.52272185230975, -0.286055775187926, 18.16683595953426;
  -5.780525289594118, 0.5255684272285689, 9.591091777897089;
  -11.53531590747617, -0.141942425255391, 18.2576372391214;
  -11.42152567734113, 0.1016049819958276, 18.09377064201988;
  -8.046066214498437, -2.855603663084326, 13.10455487507206;
  -5.629565471852308, 0.7197149324002872, 9.465737829736089;
  -8.035460740695617, -2.943266337054368, 13.11957817493271;
  -11.42900220251291, -0.074733926417147, 18.32645093446125;
  -11.41669987932856, 0.3644212162528756, 18.31600118312663;
  -5.594160061674979, 0.8073847235760908, 9.492676153618062;
  -5.568759336933232, 0.8614819045841731, 9.475576267464914;
  -11.42743902794899, 0.1140283288588636, 18.53711808098391;
  -7.403186438484887, -1.842404386984882, 12.34697471913234;
  -10.94466848077379, -0.05511369244604679, 17.9662072039918;
  -11.67219585011221, -1.339921247060238, 19.11036616373198;
  -5.555559713205002, 1.129287004244419, 9.639547589511549;
  -5.45071535787847, 1.023856587913023, 9.482219231816604;
  -5.523780903910772, 0.7952779605856928, 9.618645700217407;
  -11.54860305001213, -1.159478925183686, 19.1181575974637;
  -5.499320929123145, 1.187188191155337, 9.614003437851102;
  -11.48812507153071, -0.3740047825736695, 19.03990648856123;
  -11.56046733012628, -1.263747376354552, 19.18247377393309;
  -11.73363085256463, -0.4547596406523004, 19.52103277682386;
  -11.69665353931367, -1.129487153767935, 19.54755854594937;
  -11.5758420204661, -0.2696264384727237, 19.38477299197082;
  -11.54112821677958, -0.5296234511669828, 19.36625964391527;
  -11.466889200639, -0.3572816914982314, 19.33494212746222;
  -11.65252677766208, -0.80913094906883, 19.65368229060134;
  -11.4699360500155, -0.7444740230368598, 19.39659096329069;
  -11.55736509859134, -1.097282409172641, 19.55727142576798;
  -11.57541891815601, -0.6298629558766489, 19.61405766368674;
  -11.1833988736816, -0.4331340311084884, 19.00941726886086;
  -6.137228922853051, 0.6932503416044278, 10.93190946921762;
  -5.867045284304367, 0.4526112122811518, 10.51030196976601;
  -7.210850487599705, -1.588376891814196, 12.74141599498656;
  -5.423463856703531, 0.8946950874827686, 9.833119852565062;
  -5.455852685346866, 0.9756209750156776, 9.927710179247233;
  -7.324256918274369, -1.524422307714993, 13.09663571153421;
  -7.519680310612172, -1.241157272537402, 13.47378621629027;
  -5.350611795378089, 0.962203950046428, 9.868166434429842;
  -7.436988029190967, -1.407857175354509, 13.35396385920448;
  -7.484894276547322, -1.300641089418212, 13.47805404584445;
  -4.778782006794333, 1.704008386731774, 9.002063598984632;
  -7.591856307202725, -1.566753105069666, 13.76947271438436;
  -4.706885921731804, 1.664988754183526, 8.950255584544708;
  -7.761321419189923, -0.9273351522026715, 14.14859585940676;
  -7.20182110611334, -2.348982689966149, 13.18972377279308;
  -7.753741470401353, -1.081485951703294, 14.16099069830301;
  -5.503682737180298, 0.9884428828348454, 10.33321104758596;
  -7.233571552822817, -1.486840903506637, 13.29677965245242;
  -8.252087699840583, -0.4601518264494226, 15.05336737379688;
  -5.619092140047747, 0.8118835705665789, 10.56865432083528;
  -7.892926133319464, -0.9979764447619676, 14.51718492097738;
  -7.853736805781496, -0.8766949520376011, 14.46444322631871;
  -7.820019084535518, -1.174441072693818, 14.49221165671499;
  -5.476863162931932, 0.9304961747520721, 10.46071991893828;
  -7.881137904275561, -3.144570627096065, 14.66344934328291;
  -5.859495210270261, 1.694769232210324, 11.19576675451128;
  -7.38294368936435, -0.9640540586822223, 13.84944641178882;
  -6.04151781624105, 1.587485024044094, 11.55475201298668;
  -5.561167870236005, 1.020383518109083, 10.75942894386485;
  -5.936449582238383, 1.69331839031408, 11.45847506239309;
  -5.977650174670904, 1.545482239732293, 11.54833122660116;
  -5.952359152693501, 1.497392975715502, 11.59238474998904;
  -6.942013768708131, -2.492991191384588, 13.41045912849189;
  -5.902344432696515, 1.556540707396241, 11.56448286920302;
  -5.859306580839213, 1.497200869162053, 11.52900245221048;
  -11.57168782793999, 0.153385344477848, 21.85523956150559;
  -7.840816303511429, -2.065187824803628, 15.17326159607395;
  -5.857604481035425, 1.378039492984185, 11.59222460228954;
  -5.826667408915998, 1.287509654739612, 11.55539628150632;
  -11.58827866622114, -0.1349303480669623, 22.10963385855197;
  -5.743748375330516, 1.106512150511468, 11.53891996222683;
  -11.75430301145446, -0.5104821798899838, 22.6707586127577;
