m=[-2.81243273011019, 0.4350807349100641, 4.785522091882993;
  -2.806184463965074, 0.5704173495131349, 4.869059119469699;
  -2.771882154014233, 0.5206674019776048, 4.822044914000629;
  -2.763596090451296, 0.5966025052896793, 4.831364209665615;
  -2.755257521797635, 0.4545278505830456, 4.995474875900614;
  -4.215941146294413, 0.1075449294904788, 7.135665317274328;
  -2.762942725064034, 0.4940721516508595, 5.027572443435834;
  -5.668821023839592, -0.6507579064954966, 9.281308065199676;
  -2.724047972466266, 0.4898672935844697, 5.023978527257137;
  -5.672443538897714, -0.5695129280280664, 9.390457795607352;
  -5.632131783801398, -0.1833583992262566, 9.334444204527086;
  -5.679518859637708, -0.6208639194990873, 9.424119152142323;
  -3.675584164610747, -0.76501173524327, 6.572378245072843;
  -3.315041547635284, -1.142587993071423, 6.03929478590353;
  -3.716755700397657, -0.7035995165389353, 6.673860587348814;
  -2.507881619837741, 0.9629959924247276, 4.847295783172009;
  -3.04452606406747, 0.7999876320858278, 5.822832065942952;
  -2.975741943931977, 0.8488033948043806, 5.743747063679264;
  -2.995154361420787, 0.7534698406002039, 5.833146295865885;
  -2.97075558483887, 0.7834347948098112, 5.820611192926087;
  -2.956811837979151, 0.755540129654211, 5.81793945417755;
  -2.947008209450205, 0.6933028189115847, 5.832141992403553;
  -2.94005849405834, 0.6496601626526595, 5.83069851175413;
  -3.487430717219807, -1.252393663893718, 6.736956833409828;
  -5.612055059243128, 0.07438906158635103, 10.5993878832413;
  -5.584093903007077, 0.01443012750788531, 10.63393744086979;
  -5.713516033572665, -0.2481345016214318, 11.01977230815142;
  -2.805782179409213, 0.3539504920056189, 5.922759572597699;
  -2.758306393348987, 0.5262041804457954, 5.867364261723139;
  -2.769486030652687, 0.3298143639889558, 5.897992984272807;
  -2.749694114126386, 0.4466579011490656, 5.871502111377646;
  -2.75479803170102, 0.3615830721098154, 5.908982567697914;
  -2.762582801253814, 0.332180664469684, 5.944646009242407;
  -2.726482343444451, 0.3791254583106135, 5.882944183525966;
  -3.86857211448817, -0.7209255564679491, 7.964951806583313;
  -5.785706973691648, -0.1054492221273625, 11.48627241683844;
  -3.640124612696758, -0.9977156630541235, 7.805307369228783;
  -5.598324748006572, -0.1926227692250324, 11.48732390416916;
  -2.697088855380957, 0.5470716306888945, 6.064519844684791;
  -5.699092664381291, -0.664441534339942, 11.9233244378879;
  -2.680658924797242, 0.5065304581566814, 6.166543595216567;
  -2.693715565201306, 0.5895541015496579, 6.192056893872107;
  -3.735214252293419, -1.022834876646564, 8.208273116856732;
  -5.726198733552161, -0.6192981266561282, 12.13343657058065;
  -5.865917135631422, -0.3406813182820974, 12.43084143424812;
  -5.605289133872908, -0.6610429044363574, 12.0002103525653;
  -5.739429157378934, -0.3809730898073899, 12.41362470670173;
  -2.798264445618459, 0.8395313733280586, 6.669306019443599;
  -2.899881926722291, 0.7850585305587553, 6.882177908708281;
  -3.195703882964437, -1.572612839009676, 7.536325123716989;
  -2.839187566486212, 0.7505155602377377, 6.815745858708024;
  -5.649471363134557, -0.6467543184552536, 12.67204992489771;
  -2.682869236007038, 0.8092878034941305, 6.747473501696006;
  -5.628869379054251, -0.651867336257113, 13.35365793136186;
  -2.275796672621084, 0.8277411602721951, 6.04434480383506;
  -2.602763590155611, 0.8102338797504828, 6.777060684047033;
  -2.603107478373087, 0.7731085445968023, 6.786604961094676;
  -5.716224744716564, -0.4532567783466485, 13.80292299007476;
  -5.64170926443557, -0.5523302738280491, 13.63773732135167;
  -5.615350517809669, -0.6614200627340729, 13.58098311868914;
  -5.67976400666338, -1.972560604839423, 13.82116996421659;
  -5.731531866662889, -2.037649614170385, 14.00650894986149;
  -5.600324689485487, -0.6274255674293688, 15.35856250466234;
  -5.708658208436095, -2.088156654881981, 15.82393267460208;
  -5.712768270660019, -0.4865500192178107, 15.96612599886134;
  -5.581471248452253, -0.6357727182433934, 15.64169293158511;
  -5.774224204880649, -2.052699874501971, 16.22828409769343;
  -5.56581486293191, -0.8129571342424808, 15.70323984752629;
  -5.696153325132562, -0.2708930355280297, 16.08978046527274;
  -5.743814167018409, -0.5618814484860898, 16.26925899994767;
  -5.747871077303456, -3.262731131946606, 16.55674934332786;
  -5.680461728324759, -0.2414846307924385, 16.4326734459534;
  -5.612363541762344, -0.6172900279427641, 16.31340183464305;
  -5.979326325929669, -2.546082096834796, 17.39583078281089;
  -5.604590423457446, -0.05775832913763286, 16.38762031865176;
  -5.346696031716868, -1.898906204493312, 15.73014535763721;
  -5.585500235751225, -0.1004109739502031, 16.53878433266448;
  -5.612950646499328, -0.5879325406196247, 16.71332606944966;
  -5.641867951643604, -0.4719397176352734, 16.79850544723934;
  -5.724274954886498, -3.364690090846534, 17.04301476581878;
  -5.704389923424345, -2.723723000668315, 17.00607301293819;
  -5.723564648181034, -0.9471568532309733, 17.1923045028373;
  -5.183135747834463, -2.194067180167097, 15.65812047316129;
  -5.760358601750284, -0.7831262231542546, 17.4555477377825;
  -5.099248900174495, -2.057437337169524, 15.5504142265263;
  -5.505074105487914, -0.9283282774710034, 16.93021077077739;
  -5.581650070464422, -2.798487292790335, 17.15258813891296;
  -5.578764859534314, -0.7115775940803049, 17.21160517423978;
  -5.729779009539417, -3.448756074899123, 17.80216194892424;
  -5.689749194346132, -0.3746675785971019, 17.75850809611214;
  -5.458220624632121, -2.594278603377477, 17.06730443366709;
  -5.014150862454072, -1.649491096461185, 15.76579941347655;
  -5.722312249541191, -3.392856004647432, 17.91048640752311;
  -5.621066237814794, -3.63417476550727, 17.62845900486184;
  -4.524129579146963, -1.953159840417072, 14.39001080441985;
  -4.741800119495431, -2.143407521734522, 15.04745121371052;
  -4.457565562911189, -1.781222027970766, 14.21147990680115;
  -5.553942837983665, -2.751708474542661, 17.51718382855746;
  -4.197962850043307, -1.759813277315523, 13.50175143413498;
  -5.590288241701709, -3.494836890105714, 17.65179167939486;
  -5.505225479306618, -2.809524101779686, 17.43422356152809;
  -5.667707574797023, -0.7760885493546189, 17.949014064282;
  -5.761549086402138, -3.334275556552151, 18.25561239401283;
  -4.237636130980924, -1.178665613981038, 13.72063323933034;
  -4.867157009695736, -0.9846229043145724, 15.76125309999881;
  -5.734719168913352, -2.695927406127246, 18.39818130393563;
  -4.400348242007445, -1.409270160701798, 14.3544535014679;
  -4.631633318113802, -1.172104441971182, 15.07885182719816;
  -4.79629924383498, -1.160348905967365, 15.70266468392535;
  -5.508254901523662, -2.658266472082021, 17.90267357418523;
  -4.933548449816147, -0.9085220717233922, 16.20412627383475;
  -5.681008885350998, -3.366592139929634, 18.53716102140801;
  -4.289609947658936, -1.248744076364285, 14.26963852909355;
  -4.312401003624674, -1.568613296904609, 14.48511708919953;
  -6.094718568243635, -4.426451097933278, 20.10692181761474;
  -4.358201550734347, -1.374086648556581, 14.69725713081447;
  -5.839390155501923, -3.081752709646211, 19.36988518205583;
  -5.732444186692955, -3.485181547301675, 19.05820078582494;
  -4.453733147900143, -2.102070700156113, 15.07398066777965;
  -5.493717130089646, -0.4900156923782094, 18.36377679008337;
  -5.608486283980304, -3.335293777611128, 18.85827246637431;
  -5.116705753304006, -0.5114264715372965, 17.30879154654576;
  -6.076460808020542, -4.603272675759565, 20.52608828103937;
  -4.318377803983888, -1.386694472779383, 14.89112026048253;
  -4.493279106116841, -2.208367274967653, 15.57913416462401;
  -6.199448635854318, -4.172375789754862, 21.21882890441081;
  -6.068389461194728, -4.816357815314832, 20.787182814462;
  -4.961955679249286, -0.831638986076286, 17.45667211784339;
  -5.745815622851032, -3.528981675615481, 20.21970239844447;
  -4.226216795346801, -2.062795008569213, 15.12729804386404;
