m=[-5.622576643688934, 0.9941367902485593, 7.868764113838889;
  -11.54010087493982, 0.2253218739916965, 15.19068204685424;
  -5.501648250048469, 1.198875357296279, 7.797856398348209;
  -6.249841792316468, 0.6985566918590932, 8.777891755106824;
  -5.650421848942077, 1.755079192772513, 8.103024923563263;
  -11.65187684006265, -0.1465662246757378, 15.84002722849515;
  -5.953655836981057, 1.521737295139505, 8.620426819575638;
  -5.644952480616029, 1.739397888283826, 8.254829309501853;
  -11.63910420698951, -0.7711311251370077, 15.98228922915446;
  -11.80100623414405, -1.240246903250584, 16.19604026424027;
  -11.73248678400848, -0.2877682161949264, 16.14611076942087;
  -11.56590696282624, -0.454849276704869, 15.93843462976279;
  -5.947472505263966, 0.4971336171044509, 8.677793445112382;
  -6.051999403664416, 0.4538974588313133, 8.826252963749074;
  -11.71912258979317, 0.1421377293534557, 16.27324047459151;
  -12.0012982059104, -0.2787467525553705, 16.69693660948657;
  -12.00259961395059, -0.92328564790276, 16.70292761907099;
  -5.923189116777704, 0.602373746324707, 8.756448754038967;
  -12.13442130738733, -0.4861119480770192, 17.03211517276666;
  -11.67769570959736, -0.05463991715002418, 16.46826667421004;
  -11.95515336067055, -1.063680663676166, 16.83856186411119;
  -5.179174782409179, 1.728903097403943, 7.883398470174241;
  -11.61728849241842, 0.04302989888336727, 16.47845333067463;
  -11.89183502834489, -1.230563458852519, 16.84483856750506;
  -5.767551850918052, 0.7309144066103136, 8.689516983125543;
  -12.40269028066357, -3.268864840050218, 17.58877569602351;
  -12.07210766067256, -0.1579946651341369, 17.15649897293447;
  -11.8546320034529, 0.3148679877650624, 16.88700323477791;
  -12.04169251122102, -0.6594633596165206, 17.20726687805583;
  -5.679311483998296, 0.8695197813474923, 8.659056583328313;
  -5.76578623786469, 0.7437267981341313, 8.78551600356448;
  -12.00387417833523, 0.02648563364039258, 17.33582456901742;
  -12.2038415962823, -0.1500279395441036, 17.6405246724439;
  -5.677681417693216, 0.9608331294687381, 8.751565955728626;
  -12.0326109420101, -1.066185475423107, 17.51066452628178;
  -12.07589669458202, 0.01132282019901101, 17.60839749154818;
  -12.03457129718421, -1.37301289038999, 17.60704143023526;
  -5.673381928462415, 1.144606626968902, 8.837522298640225;
  -5.635730102483761, 1.050359408497894, 8.786013854068358;
  -11.81854203302383, 0.02039599559404365, 17.39706488700751;
  -5.624213343731657, 0.8030558661966319, 8.791926407248246;
  -5.562012009839401, 1.187623086646032, 8.724827371541757;
  -11.83762220753751, -0.2753455512726955, 17.53136484944879;
  -11.86422900340753, -1.362663447896781, 17.59203162891043;
  -7.782349401411318, -2.147558877231499, 11.8879790806363;
  -12.00024383561623, 0.1289507150965309, 17.82578076595374;
  -11.88595534235357, -0.329544592120033, 17.69156049147061;
  -11.74842480736944, -0.1778611794530725, 17.55995946248955;
  -11.73001935114426, 0.01959236145100193, 17.64542854031533;
  -8.132859512853731, -2.901915314086344, 12.55960237434922;
  -11.88500314159359, -0.107994321821273, 18.00164486374971;
  -11.90251442101693, 0.01208797340887897, 18.0248112518541;
  -11.90337688015454, 0.3463581685916258, 18.03674018523406;
  -7.530485222921332, -2.120390509592735, 11.80388173302907;
  -7.421430167121101, -1.960885316970327, 11.70705142065902;
  -7.334055460586463, -1.839750673294128, 11.63386335085787;
  -7.344606983372232, -2.090972204771006, 11.65402396062788;
  -5.596916425155879, 0.9156486322116828, 9.132469824899525;
  -7.30214358257826, -1.884619942327532, 11.659931347124;
  -5.600572507573699, 0.9916790770310531, 9.179969887503116;
  -11.65198845564737, -1.364061748876512, 18.06263296557523;
  -7.150821034528714, -1.991739021278572, 11.48191969147968;
  -11.7271446107358, -0.3585601993433595, 18.32392400387331;
  -5.555906378087751, 1.022259621154502, 9.202175035064354;
  -5.548178638212413, 0.9889701909555873, 9.212268288998533;
  -11.75154229187624, -0.4169457666515193, 18.43539476385009;
  -11.85072089840224, -1.331528030531646, 18.62150248582933;
  -4.83299567667297, 1.700327919806198, 8.178471984888866;
  -11.51842936769103, -0.4699622021625839, 18.16463489853486;
  -6.161129537881264, 0.726217724766796, 10.20831351906311;
  -11.78496664339207, -1.160849437797846, 18.67055864820605;
  -7.488173480909189, -1.572795197225471, 12.37474118710088;
  -7.547688416978438, -1.441692284895431, 12.54422514646764;
  -7.691398278436409, -1.282034915540873, 12.76456201596503;
  -7.271264580954973, -1.725293437760028, 12.14592517903036;
  -5.80343948952894, 0.8278957157016694, 9.897696526563317;
  -7.553030764483684, -1.329591975135587, 12.59797698994688;
  -8.046245488048603, -0.5244364565530221, 13.4610892756594;
  -7.517944580823549, -1.542054069429002, 12.64976779179702;
  -5.64311510743026, 0.9519736364443591, 9.765027850146833;
  -6.924752502520164, -1.129293002538723, 11.77236317468085;
  -7.491801228571475, -1.46270329370686, 12.79194280108043;
  -7.988903161318836, -0.5010508788261081, 13.60654146164;
  -6.206717158101957, 1.618367231786973, 10.85305732059238;
  -5.879989569288674, 1.221657317484443, 10.33610808640023;
  -6.029063289515007, 1.70961974312357, 10.63268843595894;
  -8.04891073278371, -1.23436035796935, 13.89100836313225;
  -6.136077606431613, 1.567594277644959, 10.8342356867578;
  -6.033928657801235, 1.227769819510762, 10.71513259524842;
  -7.624730292255749, -2.209313526515836, 13.31148423753802;
  -6.091481678763969, 1.521548601278093, 10.85116419351291;
  -6.048717482595027, 1.289175033056987, 10.83103660809305;
  -6.045298421836039, 1.582710297165788, 10.83114097334623;
  -7.355241426534091, -1.981021904158603, 12.9612791196286;
  -7.124723063229021, -2.572497511264527, 12.59751207042932;
  -6.027221786216368, 1.529738352553371, 10.84267197251119;
  -5.990821373072276, 1.396106352521751, 10.84356335513995;
  -5.990402682554939, 1.311843216688119, 10.86381085638736;
  -7.596640164058015, -1.727651283975904, 13.52424214831185;
  -5.980484831074356, 1.455911893872543, 10.86038126861448;
  -7.106866646486385, -2.570165298432813, 12.71491492402806;
  -4.757344374615578, 1.730428216593285, 8.890835296928854;
  -6.013275296581993, 1.655726592194509, 11.00031665470206;
  -11.85553534818832, 0.378919233839668, 20.79410993623636;
  -11.78978993248074, 0.1177660611902204, 21.2204704737722;
  -5.770640567440029, 0.7288264511496927, 10.96409052002849;
  -5.79986425955058, 0.4367237342747119, 11.03005352235381;
  -11.63206569093998, -1.014377846908153, 21.37946612428356;
  -5.781263528601476, 0.5454267625010424, 11.11966730712922;
  -12.0992761644488, -0.5644787977691607, 22.2769686188946;
  -5.685152048227769, 0.7115980914561234, 10.99776583550053;
  -12.01074403175435, -0.7266693316054874, 22.20045672786307;
  -8.211995745457445, -1.529685714647615, 15.52722230438392;
  -12.00923241718908, 0.30922010834855, 22.26591412709191;
  -5.63178257445689, 1.062217164379827, 10.95953954214168;
  -5.672041246717692, 0.6696279402965321, 11.05530386752514;
  -5.656860211931057, 0.9055020404302396, 11.04411076265406;
  -12.19122156609181, 0.1818447037651593, 22.74691897380044;
  -5.602614422491434, 0.726875163940055, 11.00620028459698;
  -11.99603766371003, 0.3098823629040719, 22.49243807143118;
  -5.606799614498807, 0.6651635331995213, 11.05720917197086;
  -8.198603969138619, -1.543308621175749, 15.79641248243434;
  -12.44189579719122, -0.2722131834789682, 23.61017578782163;
  -11.55950014846879, -0.9935019136882701, 22.17711197183445;
  -12.38104465304756, -0.4813362045658555, 23.73060305893393;
  -7.672868637449414, -2.097674343207904, 15.36809118330303;
  -11.97202031169162, -0.4550645748420659, 23.49059108767249;
  -5.450172251536932, 1.094963720791678, 11.25807697910427;
  -7.655044718560991, -2.221216557426274, 15.58552656468879;
  -6.403015073937331, 1.701662371554365, 13.26317508787656;
  -5.420643411738507, 1.100316928904207, 11.39359034027498;
