m=[-2.780555084574151, 0.5182260578167094, 4.334841280689081;
  -2.80032319380781, 0.5649661041162838, 4.362110462636005;
  -2.756998905551563, 0.4510416245508056, 4.498585899740218;
  -2.756536258430526, 0.488092838520767, 4.518273767901887;
  -2.736565231350417, 0.5035146286298121, 4.532537184765388;
  -2.734410218823959, 0.4874122432965735, 4.540250448046423;
  -3.037653377776028, 0.7920513474184292, 5.311636633233664;
  -2.966474584133076, 0.8411826635371338, 5.231592121637051;
  -2.979323093391392, 0.7441842764312525, 5.307267718561823;
  -2.965023800638834, 0.6319413441282793, 5.309271167151405;
  -2.960037450233742, 0.7749628596595309, 5.303391275782338;
  -2.949903887097102, 0.748700026728486, 5.306730253626236;
  -3.654481767155677, -1.058909061843537, 6.380104551274686;
  -2.928666438395206, 0.6413510751688384, 5.311241987259068;
  -2.917478768237612, 0.7102420888566493, 5.298054030923146;
  -2.89145957011512, 0.7961495631534038, 5.289458622261052;
  -3.466733070747022, -1.253727905780888, 6.202341798639993;
  -2.781423332543756, 0.3481446966025579, 5.380584765582371;
  -2.766376949180693, 0.3265920006550812, 5.391910329109056;
  -2.742098295463391, 0.3557559021112068, 5.386785661844858;
  -2.729797967087729, 0.3238500009904947, 5.383453876478159;
  -5.514556654391842, 0.05508390057136479, 9.92566341984374;
  -5.592158669052646, -0.0864577930487902, 10.17277672815538;
  -5.658562695419833, -0.2639941946938379, 10.41844337467918;
  -5.518643593936758, -0.3338868134374167, 10.20056775665016;
  -5.638644159776042, 0.08410622112910403, 10.52083100361829;
  -2.696672600620234, 0.5417734574718135, 5.570346463208139;
  -5.603680581566189, -0.1226015516583709, 10.63373988548016;
  -2.644880733894311, 0.5368748366908591, 5.55924551606187;
  -5.539480924437132, -0.2105594098652619, 10.86914972127441;
  -2.943123197875173, 0.7496582975527917, 6.360583253689529;
  -5.521545059411762, -0.6568973021815252, 11.0730957004799;
  -2.792154424901927, 0.8339731747288441, 6.160183254845922;
  -5.598697158882429, -0.6230777083194909, 11.37188098703684;
  -2.851501686907203, 0.7674713477111353, 6.281159762679429;
  -5.590175114796142, -0.4512727586002353, 11.4720495276967;
  -5.589914428996964, -0.6732113980200849, 11.46953506000332;
  -5.652931078883324, -0.3950876515704042, 11.73429710898899;
  -5.42615817121818, -0.7194121777971738, 11.42311941857733;
  -5.632615110736848, -0.4293126638935952, 11.84257307550763;
  -2.471752097173573, -0.8906117511122274, 5.82612086540096;
  -1.532515794213509, 0.5347268633854254, 3.998034818642767;
  -2.777199646018733, 0.5976970945334581, 6.511593379716997;
  -1.37752628842356, 0.5657639638061985, 3.905664568763873;
  -1.418342985681301, 0.3246391344396967, 4.024817610538268;
  -1.056149851179778, 0.3545248773735146, 3.507284209800745;
  -5.431559698072621, -0.968502363448017, 14.12763574372456;
  -5.715870757702049, -2.003136176672544, 15.14725196500326;
  -5.69440435252345, -3.065574622857547, 15.16279532415565;
  -5.476686748701214, -0.6458300616010387, 14.85458519335356;
  -5.564380189182601, -2.006839237998287, 15.16465812399577;
  -5.65385139691071, -3.345358858894107, 15.477091489834;
  -5.556938112997673, -0.5695429757028239, 15.256428421945;
  -5.527388623944653, -0.518371989146829, 15.33077903507468;
  -5.572787596685917, -0.2728430507254753, 15.60412112277904;
  -5.433733582893378, -0.6261376434360946, 15.31135505141881;
  -5.39947767795621, -0.4306239400770923, 15.33323914542357;
  -5.128241788467166, -1.857409411866074, 14.63482245485329;
  -5.385073202752143, -0.7467027064399159, 15.44152228667315;
  -5.528899473163202, -2.67103641332262, 15.94636538724058;
  -5.456521321381011, -0.4802180978889367, 15.76172563152342;
  -5.452145516906398, -0.5957478164431971, 15.7507139286308;
  -5.77951358141795, -3.413197087728876, 16.67518541361266;
  -5.145618182753165, -2.207785503200158, 15.05718461898721;
  -5.547149475355839, -0.9486627503125141, 16.172852959976;
  -5.467594740880427, -0.6957397357416465, 15.96349898602332;
  -4.878950513005163, -1.996232098580272, 14.41951938232416;
  -5.411642728905775, -0.7608132945398777, 15.92168190462302;
  -5.348724574363647, -0.7166743937472443, 15.81095071009424;
  -5.532785512736381, -0.4637396597983798, 16.32940953871136;
  -0.9978411677032619, 0.3414014569906551, 3.763930680102029;
  -5.501707028428383, -0.4270904995982981, 16.38311023144028;
  -5.608745738820001, -3.383420119529896, 16.69981742783268;
  -5.447846864095551, -2.754794603608487, 16.25362339630835;
  -5.447784508467771, -0.9470557655694765, 16.25574747177214;
  -5.441462065766753, -0.7219042312653022, 16.29289461284612;
  -4.337156369007912, -1.749535384774425, 13.35023753216075;
  -5.344126077040311, -2.567786760140399, 16.22421477611567;
  -4.344991931058277, -1.836692744931716, 13.43498288042462;
  -5.706677274674394, -3.409115917563582, 17.36976351400031;
  -5.619366802573044, -3.659887856093371, 17.12958523526758;
  -5.280743603713637, -2.640149688308298, 16.18558365727937;
  -4.851434602752566, -1.272880623859019, 14.94895526672686;
  -5.184767078119514, -2.67902866658126, 15.96076644634135;
  -5.511477742477626, -3.472731627547697, 16.91777562967067;
  -4.180089588829536, -1.183544629690037, 13.06845045164289;
  -5.384718519087043, -0.02906115439731351, 16.6638088319352;
  -4.272194444286198, -1.390545747832916, 13.46043159269639;
  -5.21180155213576, -2.473367386693285, 16.23619162492686;
  -5.475314953949388, -0.3811322235108165, 17.01764114196748;
  -5.376176567073107, -0.2631621592789117, 16.8837225916124;
  -4.169511393167083, -1.234206470489668, 13.38787143890694;
  -4.268442736010425, -1.323853556951307, 13.67818499131145;
  -4.489327638302689, -1.193973772574155, 14.32774852947031;
  -4.22015802385488, -1.40349811607227, 13.54229640293758;
  -5.666745080982874, -3.382245312699972, 17.99400856324404;
  -4.308921195520874, -1.155131125516393, 13.99965589214426;
  -4.169316715471439, -1.343433254865958, 13.58512789425797;
  -6.161134434816112, -4.50856784028179, 19.82353030224558;
  -5.572985073280676, -2.971618914759731, 18.01874741982264;
  -5.60489922222307, -3.435864148753075, 18.14415072472891;
  -5.128215543643519, -0.1729898536846776, 16.84003066741836;
  -5.619856983726414, -3.364837009961482, 18.41977547358459;
  -4.015246945919762, -1.716313212346907, 13.44404458549039;
  -4.214781405258544, -1.085302386473928, 14.09599414802395;
  -5.459807888336608, -3.436711577147039, 17.99261410069051;
  -4.126063923097672, -1.202249638011506, 13.87292438498965;
  -5.959143455979564, -4.543082229060182, 19.6316979286991;
  -5.910113427558153, -4.375410671447832, 19.47142148743631;
  -5.295539039575978, -0.3269278045251213, 17.54212306546189;
  -3.993966682872852, -1.913019905985403, 13.49830415034772;
  -3.865759156971329, -1.633139624812828, 13.25035269538932;
  -5.906526272435335, -4.003929052598138, 19.7393603661122;
  -3.92328047547757, -1.721231812451688, 13.46668048600257;
  -5.466259638514902, -3.38186461747339, 18.75532288571462;
  -3.927618030797715, -0.7857820785560187, 13.75918602238646;
  -4.538450350000304, -0.4039595701015427, 15.75335419426775;
  -3.846984401178157, -1.046258748273007, 13.52833773098713;
  -3.814842424728993, -1.65266344174477, 13.45819092416582;
  -4.022236001767158, -0.9296597665565486, 14.18165646037093;
  -5.963416814437805, -4.369132654793405, 20.58227279474235;
  -3.794924076104069, -1.483847053996649, 13.49146285592216;
  -4.035447432183344, -1.002643889041626, 14.33318235708552;
  -3.774762752744432, -1.707349875988047, 13.48027917981572;
  -4.064299457630405, -1.464031539939156, 14.40469528418221;
  -5.899191513564701, -4.742453211918419, 20.5252273694992;
  -3.623809047889647, -1.771366489532267, 13.04435738203868;
  -5.473738656579144, -3.6349109571562, 19.33458794241888;
  -3.590524201833897, -1.567966343672296, 13.01801579599028;
  -6.378695128876151, -4.597965014723918, 22.51823410166498;
  -5.520800311675915, -3.945041262882038, 19.58832798670051;
