m=[-11.64816683258724, -1.245011577580561, 14.98044253790741;
  -11.58789725200846, -1.002984506275489, 14.92045712883944;
  -11.64581925045142, -0.3171837782777486, 15.01328583531167;
  -5.638562913089804, 1.048503198351508, 7.790421804511301;
  -5.685276964393363, 1.143312784259807, 7.853675586373077;
  -5.58128698680861, 1.18595743989428, 7.750728964249514;
  -11.97353278457401, -0.9506387682493883, 15.64404609843886;
  -11.41876479342841, -1.227595385488998, 14.9688803595471;
  -11.43916828479621, -0.04474309196478399, 15.0017043549368;
  -11.7487848750172, -0.9463150758404443, 15.49357999133786;
  -11.85094052095278, -0.2628721026541311, 15.62896061736332;
  -11.61174275315339, -0.08090397643428654, 15.35907923930769;
  -11.86516353969595, -1.079102368220072, 15.69867445870844;
  -11.80642467334938, -0.1618361011564254, 15.63628413884965;
  -11.47135310529709, 0.0184502968757774, 15.26243572016873;
  -11.23316367794725, 0.3923218738334223, 14.9745884989556;
  -11.89197021629664, -0.1906869526916839, 15.89154570524234;
  -11.6907175146992, 0.3005212673957977, 15.64723998653592;
  -11.97384871200302, -0.6705382144402362, 16.09445174266906;
  -5.591651151658187, 0.9119384073816504, 8.125251373779101;
  -12.09302268268687, -0.1690372624662201, 16.46570331383223;
  -7.620453424440369, -2.252462656216537, 10.77151045782081;
  -5.588971627344149, 0.9856582753494939, 8.162848763470276;
  -11.93931734864882, -0.4388219663902375, 16.32356275024712;
  -7.371424991190505, -2.220948381090536, 10.45647602154769;
  -7.430677390710475, -2.119065594882424, 10.55204786607853;
  -11.94931263174805, -1.07067953796109, 16.37479695335424;
  -11.52811046749606, -0.009287637672387435, 15.83201561047387;
  -11.60905123884129, -1.352635171231263, 15.99878615930318;
  -5.55237747271674, 1.019335633284689, 8.197406772928726;
  -11.67322262972733, 0.08238082753067964, 16.15921258247037;
  -11.85238820959584, -0.3788715070793373, 16.41795744400452;
  -5.553544946799312, 0.9850962905095196, 8.219804709971648;
  -11.98443281772747, -0.008384515575999559, 16.60232335684683;
  -5.625017746827115, 0.8042334875476115, 8.326940107957379;
  -11.65368291020682, -0.233864549290125, 16.19927516680759;
  -11.52263027054242, -1.276992156459163, 16.06507364750204;
  -11.66226461830462, -0.3003377390013491, 16.26260205452606;
  -7.19876601435637, -1.817109885820004, 10.43579418308929;
  -11.52284086926233, 0.1102950791008706, 16.13406819944544;
  -7.253263404458974, -2.085444555127568, 10.52284826806622;
  -11.65675082031665, -0.3467430883251753, 16.34611865728591;
  -7.229374767991828, -2.164463085226476, 10.54501530729994;
  -5.555800023062857, 0.8300203293422155, 8.344375341875942;
  -7.175643863849384, -2.040044859341276, 10.52884959735693;
  -11.77033835568947, -0.006841589471896196, 16.67772771643702;
  -7.048901492842853, -2.106746047955588, 10.38522500657612;
  -7.241319092163534, -1.704194811542104, 10.69892813117641;
  -7.383115890008815, -1.678770319039914, 11.02119684029179;
  -5.893458781654531, 0.8347253840929421, 9.034130815722707;
  -5.872994213582656, 0.7324359326997365, 9.015143737204232;
  -5.639510606287589, 0.9477878583872486, 8.758819791918919;
  -8.361830812820232, 0.09218643703741802, 12.52925453678029;
  -7.441265226552554, -1.569840938188006, 11.29868581325129;
  -9.061450806937152, -0.2794156210390243, 13.61513521303845;
  -7.55075201383599, -1.446684574255149, 11.5431714171308;
  -7.599829541186577, -1.27747774672775, 11.61872927550369;
  -7.501474473674565, -1.329357531172606, 11.51346433557767;
  -8.118359093778432, 0.1653886996598027, 12.41306435364402;
  -7.410651397872859, -1.526696128189793, 11.47814260778049;
  -6.196148989420867, 1.609108175830216, 9.830786663809178;
  -6.078981287800082, 1.713935006268876, 9.705402198916282;
  -6.136558767973642, 1.557833252611766, 9.828010338682594;
  -7.962054145796945, -2.212037055959258, 12.47969574807339;
  -4.930859154995777, 1.698053887581703, 8.124108690028519;
  -6.071745465064559, 1.510411291542202, 9.814199017662677;
  -6.056408197977923, 1.284787535910344, 9.839156512347369;
  -6.041825343493378, 1.573823378223951, 9.819447538234275;
  -8.076939617674542, -0.09104136749878408, 12.81892341927244;
  -8.119409141361809, -1.053204131898315, 12.90300264880055;
  -7.278529123499713, -1.856071877315577, 11.67166792257712;
  -6.014746888460099, 1.521459749924029, 9.817863179240264;
  -7.583967176720914, -1.684730518158311, 12.14964887229228;
  -7.323806078512043, -2.105419560066811, 11.81493644851906;
  -5.965442058653832, 1.301164341031064, 9.818680953423955;
  -5.93071735899352, 1.438494054399556, 9.773967275190026;
  -7.384774011735642, -2.002228490335587, 12.0059567566755;
  -5.796311275722134, 1.586725399764588, 9.632379357555902;
  -6.982309971064425, -1.574853352453336, 11.50263929596658;
  -7.802524776848951, -1.130841810204601, 12.77272196845214;
  -11.67816855446148, -0.4608379281692568, 18.99588563749739;
  -5.82183840114537, 0.4031940977041171, 9.996214182599024;
  -11.5183124668075, -0.3453338249934913, 18.88617437163285;
  -5.779137311300909, 0.7152387685501022, 9.973239331672067;
  -5.812591983724575, 0.4655532109537671, 10.03622447145785;
  -5.751163802905965, 0.4229757459455593, 9.942648849426895;
  -11.59392561211696, -0.4284127402190332, 19.10636318686905;
  -11.63718993923588, -0.5287455517804441, 19.23077840812644;
  -5.800657559790618, 0.4169313036665588, 10.08852172537375;
  -3.944695564219527, 1.253051026076867, 7.21414987497705;
  -5.660068836974377, 0.638271321794653, 9.928995942148541;
  -5.804966099715273, 0.5417233001975559, 10.15856075708092;
  -5.674005833095907, 0.7067233071795287, 9.976371794341578;
  -11.9752457646539, 0.3823336339757664, 19.9686923293944;
  -11.55066029060609, 0.1917418914757762, 19.37594331824034;
  -5.640321729807605, 1.059755790030663, 9.971965247160169;
  -11.76819756175546, 0.3192225164369104, 19.73932090120997;
  -5.631682747394727, 0.6560229869960539, 9.980154830051733;
  -7.92767913705262, -1.41258556073387, 13.67756452307597;
  -5.59386062163742, 0.723317639934541, 9.989282515106929;
  -5.536941270932534, 0.6589468010607609, 9.932448159715884;
  -5.573322452038902, 0.7619972672364845, 10.00220772492104;
  -11.56856915481369, 0.08915881473031963, 19.80646147263499;
  -11.78026522898012, -0.04147565917513803, 20.34376526768805;
  -11.18243459911276, -1.283801069696654, 19.37097520182492;
  -11.67568042183989, 0.02897960343491207, 20.21494277925826;
  -11.9277204453994, -0.5848840340579837, 20.93858219218285;
  -11.4284069389844, -0.7219846433962813, 20.13754511660721;
  -12.03908877441172, 0.17320801675652, 21.24799203876604;
  -11.8229232253437, 0.2805053958850355, 20.89840278594129;
  -11.93533710696055, -3.151467850634725, 21.09216688592109;
  -11.30569801827836, -1.552276584659139, 20.11323861835028;
  -11.79063312437954, 0.1573430448612247, 20.99577682719727;
  -5.589200453386177, 1.115057607958784, 10.51475909293905;
  -11.89841601971484, 0.07432596962094278, 21.35505424721632;
  -11.88741554929065, 0.1797270502947897, 21.35167056431316;
  -11.99728282946551, -0.2876852548073332, 21.71776789555284;
  -5.404813991949592, 1.090797971648579, 10.35878559074421;
  -11.28431318943206, -1.004264309806784, 20.63799663399727;
  -4.952906753671839, 1.654313966258, 9.638827252493906;
  -5.405649605833198, 1.175902955098647, 10.44323265550895;
  -12.18792137102992, -0.5043553523533478, 22.33407005356856;
  -5.499934177244689, 1.111628109809317, 10.78260786993899;
  -11.69510905508698, -0.468605599849826, 21.93015796326105;
  -11.66946767938054, -1.747406025511443, 21.8947424085018;
  -7.342110797976156, -2.062889354277439, 14.20307359421002;
  -11.45053196322066, -0.6015106805183516, 21.73167778364033;
  -4.707787950304734, 1.679630866539334, 9.57600066568499;
  -6.04272948294085, 1.530373947803508, 12.05550071541823;
  -11.66137867613959, -1.420125810145561, 22.37354360314585;
  -5.467393006376761, 0.8133563025436713, 11.1155680883488;
