m=[-2.838205022270558, 0.5489626350915412, 4.474434376394351;
  -3.021858824319971, 0.7517195369866838, 4.884447820778504;
  27.15706906409247, -8.670233980677187, -34.47687149262153;
  -3.011725187728416, 0.6388979831433108, 4.892806846165401;
  -3.007686462418063, 0.7834664194685734, 4.888227936111635;
  -2.994878290270491, 0.7575691644331895, 4.888535766777802;
  -2.975421373147265, 0.690877126926889, 4.886893891936305;
  -2.971221215481876, 0.6480738655891678, 4.890412624918595;
  -2.803103144850566, 0.52667293287716, 4.95582494823548;
  -3.925146520860092, -0.6993982984524705, 6.772025440670241;
  -2.702184184288186, 0.5453540180351713, 5.17896575782888;
  -5.578697749461195, -0.3524318067044879, 9.830003273551027;
  -5.690159436065592, -0.8520541945774192, 10.67611467283102;
  -5.76801627492905, -0.2311158206157132, 10.81593232248092;
  -5.630207843880806, -0.2957618180980962, 10.68543043337595;
  -5.648462563054081, -0.6878712797352976, 10.83715115982009;
  -5.712481057996812, -0.6416604072566073, 11.1165484058121;
  -5.805243832446005, -0.3689621640525533, 11.32320233878316;
  -5.755928630324062, -0.7109880877777858, 11.30786564512067;
  -5.779842936604197, -0.4796681353967368, 11.36318843605076;
  -5.846510096478781, -0.4251204793373938, 11.63870699054741;
  -5.787698151751087, -0.3525078324776066, 11.72508612936461;
  -5.813228934135867, -0.713978018972865, 11.84358402926643;
  -5.703143177550611, -1.999540769537864, 12.533839939127;
  -5.732745831383302, -0.7055319453208327, 12.59702801935912;
  -5.778836215009894, -2.091640874876453, 12.84859930866546;
  -5.87491992001112, -2.001832167022054, 13.12338457621745;
  -5.588604910374467, -0.6942420668684252, 12.53461267834888;
  -5.749018589193303, -0.603091234720152, 12.89260164362584;
  -5.815107048884566, -0.4960037472476369, 13.03693500246239;
  -5.874113005970536, -2.071544991296784, 13.27191357583738;
  -5.800950547832641, -2.11258757078115, 13.19070286387678;
  -1.405942435386109, 0.5752518272167186, 3.944977048202928;
  -1.389208201076903, 0.5499938962930969, 3.912217496913269;
  -5.780634003037639, -0.7072058047449824, 13.26175505384728;
  -1.023300494663811, 0.4433170705133019, 3.314322009587056;
  -5.868268274727202, -2.076163294048778, 15.07430516352106;
  -5.821791717410963, -2.172080552993279, 15.13705560014937;
  -5.853067046194792, -0.5391423308040991, 15.34827441018922;
  -5.74555630843108, -0.6943261823309711, 15.08740991165495;
  -5.837457255106483, -2.123276525746407, 15.41889342706683;
  -5.809365474505801, -0.6158605729544581, 15.46068027077858;
  -2.580873572868478, 0.2922239600653964, 7.180966994130315;
  -5.646386398426264, -0.2817104484403117, 15.35409093252466;
  -5.696854036674447, -0.1074635719301373, 15.65560872377691;
  -5.258288539149896, -1.934315142375359, 14.53632470663854;
  -5.732980126539565, -0.8149840441234517, 15.93498244149914;
  -5.708469592182629, -0.1469803747622405, 15.89517843766798;
  -5.724451360998115, -0.5233030044736654, 16.04572949936387;
  -5.766442791915082, -0.6497250510148322, 16.1601226812584;
  -5.024519663031721, -1.745977422843084, 14.22891086774487;
  -5.879394640321652, -3.495730283353564, 16.49145146280985;
  -5.865432652738456, -2.851068939219258, 16.48485676296522;
  -5.768670398293333, -2.683320093662222, 16.28060398331395;
  -5.707264276506537, -0.9922064198659951, 16.16559402245607;
  -5.82800132616604, -2.52511777241318, 16.51998030695838;
  -5.752382682039619, -2.909355919562371, 16.34008832140803;
  -5.487726264695194, -0.7672334741215648, 15.72669872616054;
  -4.819994678105798, -1.358778008085136, 14.05569245395851;
  -5.680522985728407, -1.005667724390668, 16.45823529726045;
  -5.637641558333052, -2.875064474695726, 16.3406010052421;
  -5.810041960074913, -0.4735057370889662, 16.81654942235595;
  -5.554789512757887, -0.7558217776963925, 16.16059552278633;
  -4.532006961525145, -1.846237024506876, 13.45368767417841;
  -4.525306268404349, -1.926975908941175, 13.49431806309994;
  -5.869924280078651, -3.59117284337908, 17.24945863561863;
  -5.593377638055311, -2.709882455853746, 16.4951620525532;
  -4.781062610845689, -1.273697479528801, 14.30794319699873;
  -5.666745785442144, -3.408587918175297, 16.77098674590355;
  -5.332245876553989, -1.128361615115221, 15.88543727679442;
  -5.766797756363893, -3.781166604014177, 17.08935862825946;
  -4.643645883786409, -1.328174694997123, 13.9623209742464;
  -5.574162653312515, -3.004487085708827, 16.56498348849766;
  -5.474087246714743, -2.75794963715666, 16.30288521852775;
  -5.3214201370028, -2.770132828369151, 15.92129844083127;
  -5.782858635176024, -3.671064409854199, 17.25957383684484;
  -5.673337934413012, -0.8026396184214049, 16.97805351987928;
  -5.456301178302674, -2.67425222925853, 16.38602382007978;
  -5.743594829318019, -3.372232105942083, 17.22508215351438;
  -4.883481363598516, -1.023662614275839, 14.82824282188204;
  -4.747773236166331, -1.242734696371015, 14.45549672392695;
  -4.471801946707412, -1.401904524261248, 13.8376534407345;
  -4.442921613322877, -1.332946484866965, 13.76955052765321;
  -4.789226305482548, -1.302578543547729, 14.78986179682819;
  -5.472739551875403, -2.800146047075808, 17.04942555870565;
  -5.804831975945955, -3.475834643327759, 18.25051379567646;
  -5.688447522586508, -3.053992521106367, 17.92183617041195;
  -5.79829242864185, -3.575755827468675, 18.28985555718823;
  -4.346095833795332, -1.434836608193632, 14.00592875796674;
  -5.188253116373855, -0.5424298205669734, 16.55187040999497;
  -5.581058372427662, -0.2053403940388676, 17.80605542175687;
  -4.508632343049384, -1.179206469349349, 14.57674302254155;
  -5.990839191094817, -3.621593178104456, 19.11097922436882;
  -4.215929090422418, -2.033908418879006, 13.74674172744872;
  -4.446227546807758, -2.24048940873684, 14.4751225024859;
  -4.805256235973406, -0.09229396288252655, 15.89579427156543;
  -4.376881614079874, -2.186103460651606, 14.67314333515074;
  -3.974284192883973, -1.577972417690298, 13.48721881068859;
  -3.873732631445665, -1.691519825645297, 13.19449062913124;
  -4.097872564351324, -0.9671887797066808, 13.9428848291196;
  -4.367244117476973, -1.200012566620258, 14.79727709990238;
  -3.868951261378429, -1.64451729408775, 13.23530585851628;
  -5.741189066033911, -3.574696258923212, 19.22355618369728;
  -3.851086658418009, -1.576898942032414, 13.26329084881045;
  -4.045039773272209, -1.481426148640691, 13.87665280376805;
  -6.095175642749465, -4.49897864221795, 20.58350910453133;
  -4.009189962318033, -1.970047372841389, 13.89820871579356;
  -4.254596335624054, -1.131356425995039, 14.74544634894955;
  -4.029155381685701, -0.0640038971003835, 14.06290759042559;
  -5.901595685567731, -3.513311468116613, 20.16251038002885;
  -5.631454533244447, -3.763765592677849, 19.40962958411091;
  -4.06031872878219, -0.2083972721313706, 14.29456487976885;
  -3.426884782845933, 0.275298312812586, 12.23038451979414;
  -3.289001678795528, 0.3958154125740702, 11.79125150534641;
  -3.196575919109581, 0.5140852838444115, 11.50849156537781;
  -3.612645395159596, 0.08388646324254638, 12.87920380292434;
  -5.638214708601971, -3.688300036479991, 19.54620873810527;
  -6.358252190623754, -4.607410146355894, 21.97670558781809;
  -3.295022770579204, 0.3288990822748958, 11.88501800791761;
  -3.943332843465883, -1.696222172883912, 14.06623533309235;
  -4.237170626321256, -1.219978378755172, 15.05701374458798;
  -3.207302626160958, 0.4400445741856403, 11.65858178312838;
  -2.425847608541586, 0.7849464250721139, 9.09097551980758;
  -5.10128309964506, -0.7336119731402634, 18.01502323411416;
  -5.392179408539606, -3.649627536095591, 19.05549879187578;
  -3.615974746368737, 0.1311571362215599, 13.13644486285749;
  -4.026668787512161, -0.9082447373966088, 14.57871652867558;
  -3.667497176390055, 0.08107605617969454, 13.37478068046313;
  -6.047099198526147, -4.83587544913978, 21.42109121687762;
  -3.179640434487507, 0.4441341072955662, 11.8778959248686;
  -3.157231948004202, 0.3777091107787731, 11.805479701281;
