m=[-11.81092817595014, -0.004587859567452344, 15.31159064278542;
  -7.504122507043559, -1.474200629464606, 10.46263929781766;
  -6.22211621827898, 1.580493416580704, 8.861339947796797;
  -8.305692167637538, -0.1088005183989417, 11.50554113523647;
  -9.386013488714042, -0.1575613003017692, 12.8470564850525;
  -7.780577150779548, -1.346239498864469, 10.85564877393746;
  -6.184874179284782, 1.246166147798933, 8.828607582824242;
  -7.601438352750283, -1.386759720439259, 10.63862462278747;
  -6.175528680043151, 1.379585862776824, 8.824410049469638;
  -6.093294804079615, 1.685334864770798, 8.720830859446501;
  -6.222022929815225, 1.425472539379875, 8.88472852053938;
  -8.514602133424079, -0.8910695601961067, 11.8165895949319;
  -6.141489827381395, 1.331009393451271, 8.827839400261908;
  -6.161616097955225, 1.527831020310083, 8.857114067021414;
  -6.15079828221561, 1.401654653744933, 8.850492872314163;
  -7.911573687774622, 0.1172033834235897, 11.1080403918355;
  -7.662080014753856, -1.414352558020296, 10.82142575139035;
  -6.147241660561717, 1.212855097824814, 8.877798407921478;
  -6.091457979984443, 1.482168169569155, 8.837122610425851;
  -6.129256273793029, 1.437300322294153, 8.907707608897615;
  -6.0690912473204, 1.252711637917567, 8.850989464995587;
  -6.067395720488091, 1.545697864862661, 8.850486785792782;
  -7.987647369199822, -0.5865689150798721, 11.35416257947711;
  -6.040871599097924, 1.494964055437571, 8.850514634947935;
  -5.994320718800492, 1.274172459743727, 8.85530743269636;
  -7.913367634021376, -1.018398318155417, 11.39907793497376;
  -7.78533281114864, -1.897314621119439, 11.49551200192521;
  -7.438813328741782, -2.063720387256574, 11.07146723974242;
  -8.090037990969796, -0.7655930999009545, 11.95284478640915;
  -5.462230807973494, 1.712846005244747, 8.492306987242351;
  -7.813831711630317, -1.940460811648627, 11.94464648717299;
  -5.71957526991473, 0.6095352232132156, 9.015437501304072;
  -5.728450222025345, 0.4995101998656059, 9.030045940457724;
  -5.707205810739755, 0.6750542350668429, 9.021325274168715;
  -5.644921882591024, 1.025662368046911, 8.972159985185307;
  -5.672024136821043, 0.6263687700455843, 9.037266672273653;
  -8.039826250791933, -1.227470593797342, 12.48277889068958;
  -5.620790928878805, 0.696105088262672, 9.02645596485832;
  -11.78404381067066, -0.6255106184377869, 17.8539220289934;
  -5.640964016907543, 0.6342257086775012, 9.092472641541889;
  -11.59626873845484, 0.1096163632253869, 17.72386204244943;
  -11.86528454544881, 0.2578031516061216, 18.31952563611506;
  -11.60085437324398, 0.1291124446029572, 17.94820171214581;
  -7.960798414820721, -1.38430857655597, 12.66681215004689;
  -7.982013676346073, -1.468144366183494, 12.7441413296624;
  -11.65511623324397, -0.5149801452172402, 18.1677149220698;
  -11.87241830196709, -0.3271471506400958, 18.53795212356427;
  -11.62852026926229, -0.6038927463299892, 18.18298937072024;
  -11.47260339154415, -0.1749272469201423, 18.05242995870339;
  -7.869859725347357, -1.570710001313254, 12.73088689973971;
  -11.72640145248413, -0.3771602881211941, 18.58195234067434;
  -11.90538831910616, 0.1112108053761478, 18.90448782438601;
  -11.69646012614244, 0.002750129083855092, 18.97776303834312;
  -5.479566444776678, 1.069888476472939, 9.480318663719665;
  -6.724410238563388, 2.487720465296083, 11.41423429900436;
  -11.61910037144365, -1.425051264417272, 19.05283328800997;
  -11.71625878417845, -0.04879944366185259, 19.24531884094264;
  -11.41857318627828, -0.8031078110106923, 19.08374734963253;
  -11.26293512240421, -1.625155455391302, 19.00309488461796;
  -11.99171792335356, 0.07272383495528616, 20.29673463826458;
  -11.86480256435669, -0.2492285838211084, 20.24441250333612;
  -11.9674193214253, -0.5247247646703221, 20.4161823681972;
  -5.887313499474562, 1.03664567707053, 10.53760906052366;
  -11.91958224291932, -0.003185624176634675, 20.35228843680196;
  -11.42778977983432, -1.113773776239052, 19.84922817736563;
  -3.047380239729872, 1.107488723989412, 6.096415575748909;
  -3.065970160828771, 1.084191743202611, 6.129575713986604;
  -7.501675485188118, -2.318968625331861, 13.65774278016549;
  -3.007248876935541, 1.037658267983596, 6.067080550362383;
  -7.421532190739604, -2.646718231606966, 13.6031385641723;
  -11.77300853939192, -1.849399015055597, 21.03600869900416;
  -11.97526529330905, -0.5709719282805784, 21.38739117892198;
  -11.74981137193945, -0.7136543597223041, 21.22975962848999;
  -7.614201273039771, -2.928624192378116, 14.12195147748525;
  -11.63396122312387, -1.510771959839182, 21.27895102935563;
  -7.425214075405851, -3.187746500905921, 13.98646442845384;
  -11.84416738494342, -1.426630210710708, 21.9928408378369;
  -11.50846514572872, -0.8197116050603314, 21.48433924016063;
  -11.66341802117643, -1.540869729080087, 21.90352604413002;
  -11.94987914033559, -1.075518688690914, 22.44055338656218;
  -12.14893165128643, -0.9822979663323807, 23.12793630327283;
  -12.27452305520981, -4.00229721414015, 23.53706366765715;
  -11.93300167357104, -1.295948942005472, 22.97373245738518;
  -11.95229284364153, -1.029099488123629, 23.06346705247924;
  -11.95719529858535, -4.170005960137591, 23.1129861302956;
  -11.86795715415274, -0.8034593523882029, 23.00547229895554;
  -11.99770970475001, -1.572752018946388, 23.39895330130419;
  -11.94721933570569, -4.417690366234317, 23.42065789118124;
  -11.96746273011681, -4.387981070911124, 24.9982780659383;
  -2.392700771775404, 0.6176677573171885, 5.781481560209263;
  -11.74982610264607, -4.229371499320157, 24.78199439909344;
  -11.86824382687482, -1.56076348439641, 25.02786776812658;
  -12.04536053210375, -4.467715334539299, 25.71677690538147;
  -11.50502729149553, -1.533474470115522, 24.76782503342329;
  -1.991071789485373, 0.4232858289630342, 5.105154379760633;
  -12.24531610389038, -4.413751274889056, 26.59777004948798;
  -12.00086053771955, -4.490354647831569, 26.24294978109479;
  -2.121533290518116, 0.9730139901104506, 5.461443655195785;
  -11.9593169009721, -1.585769308788857, 26.39482535540342;
  -2.148817441412521, 0.7605356216917875, 5.585078835182393;
  -2.068695011495912, 1.028614497458234, 5.488020795315155;
  -2.089616420541296, 0.8584722302233654, 5.696395631655546;
  -2.016322399736843, 0.8074466004598627, 5.536746535134189;
  -11.70463494569401, -2.233415930197784, 28.36453879398923;
  -2.097126684861691, 0.682197473721132, 5.922712156582736;
  -12.36623291358943, -4.503353656379245, 30.68933717369086;
  -12.4400409351311, -6.866452055916253, 31.01058288598514;
  -12.2087687880021, -4.680620864727683, 30.67632803959597;
  -12.37683033867425, -1.260877874673022, 31.37002603982293;
  -12.13094495238548, -1.590343887335638, 30.77289277646157;
  -12.63638475837544, -4.709599822083707, 32.2352104278071;
  -12.43086804024414, -7.53407760221142, 31.90612896688511;
  -12.35463215940949, -1.433871822053241, 31.78445670249345;
  -12.47033220156042, -0.9466305873822348, 32.20198972446748;
  -12.53044813490853, -0.7285220641777326, 32.43666509372407;
  -12.19076827166322, -1.296935341940869, 31.69206106962701;
  -12.12753464449258, -0.741070062925519, 31.86788713029922;
  -12.22893537095477, -1.395648530664009, 32.15437414908138;
  -12.20348747774626, -1.407329561064504, 32.42295453453583;
  -10.97274124343917, -4.200096736366604, 29.33416633746976;
  -12.24164095028783, -1.878646556931265, 32.92793388801832;
  -12.21287094262427, -0.4478060873363191, 32.90164752485539;
  -12.22665022019118, -1.251910368138953, 33.17304264785904;
  -11.72835841149871, -5.839887605886569, 31.84994288977188;
  -12.30318791910012, -1.52285112801122, 33.38335214934405;
  -10.50573065291168, -3.769080950318277, 28.69370644527566;
  -12.26838375972207, -7.432876848886677, 33.35826206777183;
  -11.80979715484176, -0.8383011480368779, 32.15236002021117;
  -12.53794651211271, -5.973723285088885, 34.25265376195375;
  -12.18180786198171, -2.239759463304976, 33.40726849314034;
  -13.40645924549897, -5.967267089865128, 36.74645020970218;
