m=[17.25544823342906, 1.304693852343127, -21.64227665389348;
  -5.739972707801931, -0.9016811494475647, 10.25618179154099;
  -5.790374745226486, -0.3516929804699253, 10.46214786848501;
  -5.776998953758165, -0.7501940107906446, 10.56634756434669;
  -5.755189859346072, -0.7371302300849045, 10.55506537513122;
  -6.030284184311264, -0.4295180864779618, 11.25751084004478;
  -5.803753568900675, -0.7667416338094649, 10.8992635965993;
  -5.857187519243238, -0.5271613684233768, 10.99915134514008;
  -5.946084872061877, -0.4807687824013431, 11.31956917054015;
  -5.850948262624027, -0.6354252197475168, 11.26440133711147;
  -5.897834550548602, -0.5078070455942931, 11.38062082455708;
  -5.959072033111585, -0.4034285003197161, 11.55137862435401;
  -5.948791113085841, -0.5503717993956744, 11.58340509760945;
  -5.895576023360341, -0.7728374266232586, 11.49805349935092;
  -5.882436297780687, -2.175132257346963, 11.53159779072981;
  -5.854482349018097, -0.7526983117989243, 11.59354541330045;
  -5.8659581604941, -0.7714176951070568, 12.37018950030019;
  -5.97457245568649, -2.153499066049047, 12.97723170003489;
  -5.997687427096991, -2.299404747428185, 15.07007219052235;
  -5.9977988738843, -0.6110200826772859, 15.20188139506524;
  -5.984399252735041, -0.3949499358250944, 15.34402029428786;
  -5.996209714441902, -0.5741303261221332, 15.4116547347289;
  -5.948247427202531, -0.690350329044038, 15.3029090924123;
  -5.986571068309089, -0.4544442918761861, 15.45905088257079;
  -5.983915185628532, -0.347905693073634, 15.49012858404838;
  -5.90213165226544, -0.6279081811770469, 15.34363647936481;
  -5.886539683332942, -0.5385868748951095, 15.30678510922733;
  -5.87400704198196, -0.3589394626222193, 15.43530477577095;
  -5.899970252466554, -0.673344372509626, 15.51319433880107;
  -5.883238275486038, -0.7616312682746846, 15.54024678858926;
  -5.793949693412805, -0.5365442870346129, 15.42296271047138;
  -5.37043655869296, -2.055671646911122, 14.35714884935638;
  -5.926211085635922, -0.9094578167166429, 15.94050075694083;
  -5.849602773648924, -0.2144858275212835, 15.75891283246932;
  -5.882513707032893, -0.6023219580120476, 15.96028957774227;
  -5.914859595981524, -0.7321233055202554, 16.04932332213134;
  -5.882167209292549, -0.4175370211564733, 16.01429349992836;
  -6.09357415983291, -3.69182992533176, 16.5686897095982;
  -5.979942221648015, -1.099478200009492, 16.39933396056394;
  -5.955345193797994, -0.8950753383176562, 16.54470268611701;
  -5.957346664134125, -0.5866610384641738, 16.55361126769446;
  -6.163795387347072, -0.4565052246884797, 17.18155577234678;
  -5.811995575557963, -1.09513808420251, 16.32281075771352;
  -5.833840400929149, -3.03822114022777, 16.37715139684064;
  -6.025217483366355, -0.5595991967468915, 16.89700548302084;
  -5.95825919350345, -0.03209789716118911, 16.76975517976921;
  -4.134943534065852, 0.1990019963660977, 11.95122295752509;
  -5.859180320194725, -0.8611337628590724, 16.5141104361032;
  -4.623509026985348, -2.021948917028347, 13.27148120764197;
  -5.169537806126169, -1.837218343408292, 14.7817440195775;
  -5.001800650346961, -1.383263489330226, 14.42284463921779;
  -4.771403637637246, -1.421059436554971, 13.82098109167407;
  -5.970351976977165, -3.716399725526827, 17.02770073711318;
  -5.124869899164886, -1.136073625823561, 14.80110073462645;
  -4.727920987473723, -1.872619215138299, 13.75042008635485;
  -5.634443773650524, -2.904029212382426, 16.24667072680686;
  -5.871553789383212, -3.593981969569621, 16.87709657677868;
  -5.672298513796201, -3.012512864887422, 16.40478948241006;
  -5.756808916411921, -0.8833665465888568, 16.70991834257596;
  -5.950895075760248, -3.843952996961316, 17.22962818157642;
  -4.863361399711497, -1.328377406502368, 14.28153587027448;
  -4.633410594011533, -1.534841398167191, 13.67862280787198;
  -4.896168667941793, -1.236255594849518, 14.40860843667514;
  -5.892449461793555, -0.12270748485339, 17.1915528312412;
  -4.369372403629563, -1.524755207825004, 13.03323529743414;
  -4.51687232619218, -1.472137528340342, 13.46238029550985;
  -5.836123328168311, -0.4894343255674456, 17.1224555568268;
  -4.737478553478168, -1.352334208537948, 14.12885307498988;
  -5.768386535307077, 0.07657495334428027, 17.07224323197226;
  -5.734283959565174, -0.09065183372954354, 17.00943063485128;
  -6.00119782106503, -0.3834004114863269, 17.78291610503641;
  -4.433366052021533, -1.241547583538702, 13.4100429243046;
  -3.74412820300926, 0.3534843356318265, 11.49706560077154;
  -4.166814047475492, 0.1351630252290623, 12.77056326077784;
  -4.363493031412987, -2.063579132250472, 13.46537726500239;
  -3.616343636893594, 0.2878204103169849, 11.35266963815957;
  -3.967959669957546, 0.1667167163557976, 12.44646915310626;
  -5.917962630472045, -3.602104552102963, 18.07272172888999;
  -5.797588275621871, -3.182481095068199, 17.74706690674015;
  -5.997625443034538, -1.206491449247155, 18.33883850424323;
  -5.619164751375897, -0.5330990300700904, 17.25970281633473;
  -5.158626557072219, -0.5895553571123017, 15.95027204782069;
  -5.934970386831735, -3.73464369498557, 18.19743400358985;
  -4.349070942391033, -2.156617366383176, 13.65843203172495;
  -5.660261615997738, -0.2672152079652195, 17.53712450250912;
  -5.812303436565587, -3.572834347682648, 18.05685628854811;
  -6.016853269955254, -3.899269098624496, 18.79013683847595;
  -5.840343048255309, -0.4603677677372371, 18.30233793675559;
  -4.724504472533963, -1.717395767909044, 15.06601569359274;
  -4.306932371510756, -2.23325386693792, 13.93597281385763;
  -4.209988276789557, -1.727006693843729, 13.74273399595169;
  -4.047880990342417, -1.821138312348733, 13.26586651416864;
  -4.406917417414545, -1.466320449819013, 14.38122640641856;
  -3.925192526611628, -1.723080595725003, 12.93722652174323;
  -4.062845034259125, -1.718165492357767, 13.44914607236791;
  -4.39566261369833, -1.155075892056266, 14.5686931150119;
  -3.981728349209103, -1.81095544194703, 13.38227561038381;
  -3.999978900279602, -1.748604316105769, 13.44284514207654;
  -4.440814584674609, -1.234880864229843, 14.84691413840593;
  -3.521922943689017, 0.2386491619370547, 12.0411993641068;
  -3.428258179364399, 0.5044228390554715, 11.76495774297555;
  -6.422536737117491, -4.825538211743509, 21.14769542372034;
  -3.380337896087761, 0.2931569171168276, 11.66999332304522;
  -4.1883459186834, -0.1676577737730372, 14.26600560274776;
  -3.328059180936118, 0.4117094453112549, 11.55447429714276;
  -6.323752654795498, -3.856021343515017, 21.0663246159982;
  -5.72434489113218, -3.901982928377816, 19.22073399187705;
  -2.428092952468895, 0.7573652560949667, 8.761806198378352;
  -4.247081134453817, -1.283905086568964, 14.60277132357617;
  -5.826880643572566, -3.890437017123493, 19.66174076010585;
  -6.311259425248739, -4.771202904714791, 21.22798677051119;
  -3.943437817896199, -0.9899446170367995, 13.69013238478149;
  -3.719647561921799, 0.08764448842162849, 12.9893478814697;
  -6.980499484618217, -5.132065398325577, 23.59051755375262;
  -3.771156819740145, 0.03358967403964858, 13.22503352988868;
  -5.740791595624625, -3.407744547352399, 19.6066048230357;
  -2.383274161625827, 0.7788233709239939, 8.752294713426457;
  -4.177153382362103, -0.9932041046103473, 14.57493002365922;
  -3.261194652273354, 0.4104949552737469, 11.65536706858095;
  -5.679154289720414, -3.918524684737414, 19.53028840019844;
  -2.372211957581355, 0.7395882048776543, 8.800877761750755;
  -3.731203985335589, 0.09195384444843013, 13.3934553870533;
  -5.201261879494716, -3.400880642142921, 18.43783661470009;
  -3.731913200560599, -1.707689348839841, 13.58099102243635;
  -5.591304650725506, -3.875991721922414, 19.87242847920997;
  -3.612391362633764, 0.04983339849216036, 13.3423049973429;
  -5.301753049606234, -3.707211296683261, 19.16196746047365;
  -5.242433152552876, -3.556075309604341, 19.00433722999058;
  -3.365236807971124, 0.1523204599154174, 12.60273810085288;
  -3.255853437807124, 0.2855612176788108, 12.31448685156147;
