m=[-5.890535270578068, -0.630209023086732, 8.387992640813637;
  -5.932782489068585, -0.3619073733332558, 8.465568784136185;
  -5.735253083670202, -0.2971407142890865, 8.42873668097851;
  -5.755154003637842, -0.3407367239553972, 8.48521421999283;
  -5.69967510784273, -0.1309183880172953, 8.452849650283593;
  -5.701806809113212, 0.0103611593365669, 8.556524247106953;
  -5.802019815093518, -0.2048451775110194, 8.834763313341526;
  -5.727114521802684, -0.6146032389678642, 8.986899568804063;
  -5.787766708092941, 0.07050030152052393, 9.121542455557828;
  -5.730556789038837, -0.9532362773175507, 9.051742042799928;
  -5.918519842100962, 0.05047085729967825, 9.421304288648654;
  -5.792907180989958, -0.3435434357594407, 9.284606580653504;
  -5.866869023341494, 0.04553177506270301, 9.462627102364925;
  -5.850478684535175, -0.2857924973658836, 9.456632013442086;
  -5.898618303489295, -0.2994315748091526, 9.550077448849134;
  -5.867971770345975, -0.006468854701331762, 9.511372224774128;
  -5.880196006989199, -0.006482330705268817, 9.531186441581543;
  -5.898136346284028, -0.03299899256259854, 9.614542423769326;
  -5.839918805050369, 0.35078127278236, 9.846301330717836;
  -5.771996682848699, 0.5500992513523345, 9.777866443294904;
  -5.733974895996529, -0.9542826105348211, 9.733542257352463;
  -5.780789226162411, -0.3161200004589477, 9.821130314582586;
  -5.805909758370954, 0.4138654785522999, 9.888091058274171;
  -5.778889234654461, -0.4032668088734744, 9.924748796496663;
  -5.828592462625841, 0.2161033769121267, 10.02255870525816;
  -5.80785627169359, 0.3823140410018327, 10.01243935410211;
  -5.745722012877538, 0.3064624355200684, 9.945405944165628;
  -5.76044307522404, -0.8016092302517529, 10.01521081912583;
  -5.806268008194838, 0.3915173099700823, 10.10749413028647;
  -5.846463737977486, 0.4331444294195455, 10.22431672819068;
  -5.775463645985731, -0.8136217778348166, 10.32456737770773;
  -5.858187261204585, -0.5788215417591753, 10.48445951779275;
  -6.199662530756598, -0.4977546988818548, 11.05213221056292;
  -5.898583819739096, -0.3929109611957922, 10.57288697514426;
  -5.835381061760883, -0.5862138475077836, 10.54912010870296;
  -5.536108244752541, -0.8405663106861046, 10.10076069763442;
  -5.91392769116387, -0.5379034341338439, 10.74302464616213;
  -5.674253703669081, -0.7915632332867117, 10.34461269995899;
  -5.991422014106174, -2.061467221352225, 10.89838136240481;
  -5.934164820284675, -0.5635152344139298, 10.92671230855322;
  -5.911765970387264, -0.8324511137307831, 11.00762557922405;
  -5.931121509391035, -0.5641704049426848, 11.05374724697888;
  -5.899263200594349, -2.24143635090384, 11.04195116356175;
  -5.857861525587622, -2.163638000379661, 11.82231750575766;
  -5.934654211985834, -0.6055408635207559, 12.13446444711725;
  -6.041304182941095, -2.108865521668346, 12.33602999495701;
  -5.897707287604704, -2.247652584875175, 12.06780174221357;
  -5.643342202816286, -0.8108855093224323, 11.62589102172814;
  -5.911222589270875, -0.733040984865853, 12.20474577105686;
  -5.962541286605972, -0.6161006931451937, 12.31796844212956;
  -6.077675559467853, -2.191665074143615, 12.51865313891467;
  -5.926513952534804, -2.205951027216021, 12.35655239746882;
  -5.928923936434249, -2.274985029293735, 12.43418046733917;
  -5.876498162646725, -0.1429119938649602, 13.08724385031066;
  -5.867834852278983, -1.190014775705763, 13.67687744627729;
  -2.317724236182966, 0.7584878310447824, 6.04030116866852;
  -5.689199231815044, 0.3177680681523087, 13.42707391333318;
  -6.062687079137984, -2.278664936939189, 14.51097180920218;
  -5.659564068968987, 0.1364339627637107, 13.79198368615831;
  -6.041720635518406, -2.388708019812566, 14.64108964531781;
  -4.417886659549246, 0.5765447373459061, 11.01481242070447;
  -6.03383048787833, -0.3286054470834524, 14.77145587580619;
  -6.116408545730111, -0.6965281326375578, 14.96158196209101;
  -5.88792124680258, -0.09403102226316196, 14.49898897403759;
  -4.379752532130146, 0.4859851026804085, 11.07920912824776;
  -5.96216763748525, -0.02241297423042876, 14.76262095064769;
  -6.029359521811712, -0.7737869324751604, 14.97589153210329;
  -5.971516389219753, -0.1406793944558808, 14.85542443757619;
  -5.980993968731558, -0.5262919773622996, 14.91841898117455;
  -6.041974879418508, -0.4279607366934223, 15.10930954140335;
  -6.018488153873267, -0.7146909958050322, 15.10409892217774;
  -5.917841045997529, -0.001518885133030371, 14.94488690897402;
  -4.171572108214791, 0.5853918741037563, 10.85972800263855;
  -5.963227872227862, -0.7554188043515583, 15.14281654250441;
  -5.984797374546568, 0.09494460992116703, 15.22927887369132;
  -5.942439381057924, -0.2515065104920229, 15.25380084664739;
  -5.911600238814112, -0.7559791945064621, 15.17255245610569;
  -5.983079876535179, -0.8039516803195539, 15.49756838319931;
  -5.94397369499153, -0.9879880993943685, 15.45175402682514;
  -5.960966646739426, -0.2962598567454933, 15.5194747912877;
  -5.935366474414363, -0.9866190277443164, 15.47588704331966;
  -5.2067261554177, -1.93308152275965, 13.68104049690946;
  -6.011339541420293, -0.6947622408471927, 15.76517894687652;
  -3.974191332158732, 0.6468896355191862, 10.81860728611103;
  -5.945117439231764, 0.02920572923310401, 15.7715450619307;
  -6.071937249209983, -1.20021208571138, 16.0987513364357;
  -5.887211680336386, -2.694313354401856, 15.64594456596107;
  -4.656114297882849, -1.844389895159567, 12.58212267044871;
  -5.929301567228894, -3.567070531329886, 15.79981367324442;
  -5.093084885971633, -1.567000689165305, 13.77240654307946;
  -6.082813020667344, -1.018188123195497, 16.29717170708891;
  -4.873097384992602, -1.616637433610719, 13.22618539012715;
  -5.862800552873349, -0.9403915716042267, 15.78603105611106;
  -6.04827503883934, -0.671536233360198, 16.27027751318017;
  -5.86604408081075, -0.3019833993337142, 15.83803877358172;
  -4.584003377931431, -1.980420833570939, 12.57214829965197;
  -6.099136384589881, -0.5343107781959393, 16.4804676824572;
  -4.850167466960738, -1.586305937483778, 13.30269104061002;
  -5.810462667338777, -1.173176733932135, 15.7774780704894;
  -4.587196016441703, -2.067840116482013, 12.64159184701011;
  -6.202606622539264, -0.6615144995326346, 16.84723712287972;
  -5.996003244052583, -0.1168572792441976, 16.33563853159672;
  -5.827955365991426, -3.118087549576941, 15.82794555380835;
  -6.016671768158153, -0.9613604429134435, 16.3830159452311;
  -5.05212992458186, -1.460720944898762, 14.02685387041486;
  -5.943421816292728, -0.209312163316411, 16.37557179234297;
  -4.819984269221318, -1.494290572912171, 13.42382901489651;
  -4.477185034660278, -1.941213628613903, 12.56117167770531;
  -5.751337380657805, -2.941582400249427, 15.91197314175448;
  -4.446277447786156, -2.053795229116017, 12.58961588814178;
  -4.604762246883599, -1.585981813233128, 13.05634133103154;
  -5.768221562699459, -3.260433703085957, 16.08002366992103;
  -4.997564964234953, -1.155008390216522, 14.11381468946162;
  -4.963877303087842, -1.417603917117625, 14.0338898391216;
  -4.75428582433843, -1.195549230828386, 13.52295788020386;
  -5.832667112458182, -0.9800706541670433, 16.39176948483059;
  -4.434551810114452, -1.605711588631649, 12.67979873915777;
  -4.41369382690554, -1.438567868788415, 12.66062538997297;
  -4.489034941045214, -1.522446877630621, 12.86106623120119;
  -5.971963924823453, -3.94121222017022, 16.75320704078815;
  -6.024751511419889, -0.2101548756638337, 17.03767926233925;
  -3.791651364398454, 0.3049504551520215, 11.10736096590534;
  -6.109675162200126, -0.01416091137446243, 17.51145652925127;
  -5.762817797942579, -3.087953143947057, 16.85156000573698;
  -4.454812842779496, -1.588298685383471, 13.30326394753688;
  -5.965634467318134, -3.750933792879962, 17.43839932764934;
  -3.748355383887952, 0.1429921319473629, 11.42408087943589;
  -6.061374375619576, -3.764359041359812, 17.94456439424013;
  -5.996152441508787, -3.376219197741274, 17.79561057756293;
  -6.024438053846185, -3.87684479188379, 17.92592802393624;
