m=[-7.62359825819193, -1.603498725795839, 10.12068076132032;
  -8.072597532076367, -0.5207074712050589, 10.73185420998954;
  -5.624242493106809, 0.9858216955287131, 7.931727774717427;
  -11.74147314582557, -0.0826008936399291, 15.87078915394901;
  -7.728048581893928, -1.97588181829797, 10.79965368449111;
  -7.649079542035969, -1.84588390169183, 10.95330934247601;
  -7.606528742721081, -1.930059901664508, 10.93990758809352;
  -8.052542522167196, -1.409387212532427, 11.66845569299241;
  -7.955198943677416, -1.442476781645473, 11.63215456636117;
  -7.947829862225758, -1.522089639191298, 11.66724115940416;
  -11.63430077622196, 0.02062823319145416, 16.74187505322343;
  -7.846030094231771, -1.394086928794347, 11.73273671289223;
  -11.57761081853158, 0.03372284344949964, 16.87555234230381;
  -11.96360150818016, -0.6198284619265221, 17.58214422232225;
  -11.6740122489412, -0.6911656380706844, 17.21178871607477;
  -11.50471572777743, -0.2642569636303216, 17.06196063392162;
  -11.63834135259546, -0.4189240261508984, 17.31500990243647;
  -7.720035956254239, -1.577327451124164, 11.83160727736312;
  -11.80855505762658, -0.4751723427927709, 17.66412757503205;
  -11.40719778197064, 0.02072883171240107, 17.11842713733699;
  -12.00313281921718, -1.571286346860843, 18.60412013132904;
  -11.68413130931352, -0.153168297489086, 18.15129897786108;
  -2.868983182044399, 0.7072496864808804, 5.205674884208;
  -11.72570184905334, -1.258339484598131, 18.39979006706042;
  -12.17756080264947, -0.6610627172251276, 19.24436543618219;
  -11.33404765072375, -1.729168393658548, 18.07218763931599;
  -7.371816752473804, -2.597791019994564, 12.46536963861437;
  -11.76439044042005, -1.254603988440563, 19.35598892064892;
  -11.56713743520221, -1.925072625585926, 19.63545761261604;
  -11.81989993310801, -0.8248251755102678, 20.29966882430462;
  -4.322934738757724, 0.09089271265048089, 8.090207882029509;
  -11.88960471961953, -1.654528438668955, 20.67148243079059;
  -13.26135158578114, -1.080860052243869, 23.54240643044504;
  -12.76369084053994, -1.024763373721684, 22.75381893200932;
  -11.98566960101619, -1.688488129623594, 21.4263063448847;
  -11.92648338217865, -1.178403009537517, 21.34495307757851;
  -12.10088537628445, -0.8060528848645452, 21.69017128390836;
  -12.12903503191317, -4.325741033126676, 21.80764799072873;
  -11.92023929238835, -1.197489806551862, 21.54924154720744;
  -12.14399673738442, -1.104561619667641, 22.06034010993427;
  -11.52516841440142, -1.607770827796866, 21.01129236990073;
  -12.2443961958316, -4.212926638038256, 22.27252545061446;
  -12.23332812185279, -4.089985986499934, 22.39852520986024;
  -11.95520471861198, -1.411921484096742, 21.9571181573942;
  -12.13198100895891, -1.152067111246981, 22.33889186302815;
  -12.20904046630542, -4.365956881020751, 22.51604356829904;
  -12.48480083509188, -0.9497816263279977, 23.09384651278054;
  -12.09412100106273, -1.703004575512655, 22.51908420535937;
  -12.02895007086993, -1.144198044463062, 22.41818406845906;
  -12.03090317032069, -4.571164700270396, 22.51885375225116;
  -12.30091040335733, -4.635543717168443, 24.5987171804637;
  -12.07025255193459, -4.458223701852615, 24.36014532271447;
  -12.19301298320336, -1.724265750180148, 24.61797793823243;
  -12.38862899157281, -1.264070462984065, 25.33077289375272;
  -12.35511534088072, -4.455366943278423, 25.44877592270026;
  -12.1120020180063, -1.50198943685382, 25.00733193106303;
  -12.23100102058248, -1.263811493191329, 25.26793146499947;
  -12.24486134036476, -4.557749238123768, 25.53006235431939;
  -12.01339464855383, -4.609654849593889, 25.19457471321896;
  -11.80346769952256, -0.2327570576816558, 26.65128728629567;
  -12.14369857414079, 0.5567455461332205, 28.46060579797344;
  -11.7426676060887, 0.6558822512796843, 27.71385909724139;
  -12.27009641972114, -4.800426555388084, 29.02794188507254;
  -13.5284467413037, -1.082781862608677, 32.2494436733136;
  -4.707146994398428, 1.548964442088252, 11.97603376136888;
  -12.63448006498184, -4.995279602959419, 30.61752874932582;
  -12.37902486690487, 0.2984186409343045, 30.16686566921442;
  -12.6552035332184, -1.441157048165858, 30.95637962924683;
  -12.72003394416789, -0.9076001581854881, 31.14469946518833;
  -12.87927785793128, -0.7014119583106954, 31.52983581041493;
  -9.090073513881814, 0.9285965322760936, 22.59077735825563;
  -9.121575509251878, 1.190387341602613, 22.74219575066067;
  -4.699016181090801, 1.537778539654766, 12.24626833819518;
  -12.97159302154124, -0.04876279866596297, 32.1183037020156;
  -12.49387872278484, -1.603420737583654, 31.03264482583994;
  -11.17151666813151, 0.5417019302436124, 27.91604156675642;
  -12.54970511567085, -1.104299578827517, 31.30278344779423;
  -9.000455405291664, 0.9987064822093308, 22.76793653366422;
  -12.5186840027509, -0.88671425074926, 31.30576929290073;
  -12.28811251391792, 0.2901346183597969, 30.80985959040812;
  -12.48376337314786, -1.482437623609437, 31.32946216530096;
  -12.56162287054633, -0.003224091704475816, 31.72306111879555;
  -10.84026574388824, 0.4471923085056649, 27.61989324713488;
  -12.49399667243779, -0.9280909787309535, 31.69506409819164;
  -12.47971324195742, -1.580923999197721, 31.69055621807422;
  -12.43499907075231, 0.1972725327617466, 31.64285384965557;
  -12.54448445328114, -0.530930028638254, 32.20076054695049;
  -8.616549939068651, 1.209150456061178, 22.43120488680266;
  -11.23092200704532, -4.463106407087186, 28.92267805539492;
  -12.45682802270218, -1.673834885537692, 32.26608170094777;
  -12.63846727862842, -2.100725189344533, 32.85453430421393;
  -12.35294818326725, -0.6139411400936217, 32.16110394329464;
  -12.84075258541298, -2.134481650954081, 33.48100532961174;
  -12.50368369198474, -1.44511672329115, 32.79182776834247;
  -12.56896883329093, -1.720620356503186, 32.97239291828787;
  -12.96817728883549, -1.071797257818727, 34.10592925141569;
  -11.05370303859712, -3.738642699446097, 29.22932255488096;
  -12.91060694428935, -7.993736047796538, 33.95355423499388;
  -10.63084839208436, -4.361943538104041, 28.25056795631132;
  -11.46364703962008, -4.951952200958228, 30.37031811058334;
  -12.29900198630459, 0.06041955024791514, 32.62749071426982;
  -11.08881347813515, -5.074853744158852, 29.46980173324962;
  -12.94809587935674, -2.55939093629066, 34.32976450295382;
  -12.72172184755372, -6.742973105285418, 33.85528415722504;
  -12.52219860529983, -7.53336040104652, 33.36791062148057;
  -12.36415845108054, -1.237884913826921, 33.08280115821399;
  -8.360563179740309, 1.360870983818381, 22.75925897186208;
  -12.73337678597985, 0.1117375866068284, 34.19710934159515;
  -11.96721620528446, -1.919538137707843, 32.22262892419719;
  -12.25369335145578, -3.94118852858293, 32.970808146454;
  -12.58228070401737, -1.397002837469833, 33.84720395294384;
  -10.96223859734024, -3.372776189955365, 29.6434106175327;
  -10.40556162124669, -4.461490517794173, 28.15794270379346;
  -12.63520498794166, -0.6504591682184502, 34.11444983269116;
  -12.9945236691419, -1.138376585820786, 35.11248378037683;
  -12.54907011906591, -2.533752979590863, 34.07520019387336;
  -12.29476905588469, -6.577978709614965, 33.39094467826039;
  -12.80509518952012, -1.365676827703662, 34.78061533919667;
  -12.42307492951513, -7.8561942407151, 33.75962319979011;
  -12.82366049216944, -0.2499228259345296, 34.93705288765194;
  -13.19404778202602, -2.108181417952373, 35.92655599712805;
  -12.76809970598944, -8.014335657491433, 34.80757843126802;
  -9.579363439320924, -4.318235353185208, 26.39922129336046;
  -10.58322473204899, -3.869843295822308, 29.1599637591925;
  -9.378971796528965, -3.87316211142109, 26.01241881939853;
  -12.38386315635668, -0.4361280870837231, 34.12055318496037;
  -4.782958384120915, 1.539131142106453, 13.7967717312136;
  -10.56691486441573, -3.055209207964228, 29.33823414617383;
  -9.906119323647312, -3.071093159783418, 27.5888975096773;
  -12.57760615468868, -8.002722612238543, 34.73466046959371;
  -10.77832479347401, -2.521184195232406, 30.01086414338255;
