m=[-5.764624022145687, 0.06670554936865891, 8.054195064338318;
  -5.821612433024954, -0.2424075532673025, 8.203687359539847;
  -5.810097698085466, -2.261918040786173e-006, 8.197007937615357;
  -5.746720050367824, 0.09838021776629853, 8.217179973293847;
  -5.715642758097332, -0.7546699944164569, 8.372426165740423;
  -5.757051607508751, -0.628009783034671, 8.53207175375217;
  -5.872274764281893, -0.3849905993031044, 8.780100015373483;
  -5.563127939967228, -0.8561516964567308, 8.370265835553797;
  -5.797033270500533, -1.270182785736009, 8.928539054364597;
  -5.969391152846939, -1.727002466856199, 9.193528542503549;
  -5.848691891319438, -0.977883898738112, 9.411217192528163;
  -5.77382929228426, -0.4045624952109515, 9.413949773673581;
  -5.870667191790698, -0.8246100462286516, 9.700066732166384;
  -5.895071287649427, -0.8183428870937108, 9.765723705852174;
  -5.859808413567447, -0.7535568233843002, 9.868415567822595;
  -5.779325385953775, -0.8240554997485842, 9.835776431444552;
  -6.041945307551166, -0.4966621378214771, 10.25364542502677;
  -5.870187168918251, -0.5885297936809075, 9.998631988887111;
  -5.841980050056653, -0.5929541300357605, 10.0557098310755;
  -5.948316150927013, -2.132606649517548, 10.19771281477865;
  -2.348167726301023, 0.806345176354595, 4.687698757862112;
  -5.781649265827826, -0.8138359818870165, 10.02497043037247;
  -5.929022490155552, -0.5408604308081974, 10.26654994019178;
  -6.033796726586151, -1.854987509491235, 10.44910472600985;
  -5.940560313128641, -0.5706692982829994, 10.43227332229765;
  -5.834753304333614, 0.1685105701342645, 10.33587047444211;
  -5.732168158137057, -0.06747011935077396, 10.21854717510481;
  -5.974308417879327, -0.6182976569972619, 10.60443426163453;
  -5.958927480245152, -0.570844314223605, 10.59346146877837;
  -5.907854689097274, -2.257296958157324, 10.56098232232171;
  -5.887185498830975, -0.826265371384923, 10.62882713776242;
  -2.565337904842409, 0.6621068096213457, 5.365478834536061;
  -5.842987550210557, -0.8366511671310781, 11.29968290962776;
  -5.828875145826673, -2.160133297003846, 11.2701403807938;
  -5.814536070199743, 0.4955014599347227, 11.35176548736557;
  -5.91342792867697, -2.148575916758511, 11.48258841183963;
  -4.637099741093416, 0.7744789638329798, 9.300243984387471;
  -5.864380561005899, -0.6083426949651849, 11.49671182592657;
  -5.776831447714542, 0.6115020832132398, 11.40852975036923;
  -5.867069933550866, -0.7356455567892134, 11.60917385151806;
  -5.791542933909134, 0.4089308279205728, 11.49711572464089;
  -5.947607613572486, -0.6188249349952943, 11.77985349996937;
  -6.051817663957957, -2.23730328336601, 11.9494742325374;
  -5.812493394163612, 0.32017610100457, 11.65207664120724;
  -5.844229730765877, 0.510671647805128, 11.74233553285958;
  -5.975172146592587, -0.6092780240841799, 11.96323517516088;
  -5.797279074867513, 0.6375260255512469, 11.68659036751909;
  -5.945598342571868, -2.305399191525082, 11.97307501152475;
  -5.726768015972955, 0.3554409739789691, 11.7118767863623;
  -5.801917180146993, 0.6325756972341184, 11.90220975631451;
  -2.360100405044499, 0.778744865293293, 5.497193050077187;
  -5.741433164176466, 0.6300831781630348, 11.96848911689447;
  -5.649703574383356, 0.2619998969129203, 11.7994848513385;
  -5.84934229239426, -0.1123700728588371, 12.35832296646985;
  -5.804411452089444, 0.5696958394341609, 12.28478376594208;
  -5.813856490293483, 0.1966188896119982, 12.41747484684584;
  -5.797053845643229, 0.6076983655834868, 12.50890069108302;
  -5.683032371163948, -0.1184568354554829, 12.32345242939153;
  -5.693384576784622, 0.3841412443592924, 12.44902397086756;
  -5.786774040372213, 0.6150984358715548, 12.6644612629232;
  -5.525508295501982, 0.3405717693834541, 12.15729189160109;
  -4.606266346727445, 0.7389098874553469, 10.33134851174923;
  -5.76827933210629, 0.5893906532661956, 12.77580347794168;
  -5.673380706435403, 0.3019498433727186, 12.60715385158208;
  -5.625616174995055, 0.638213388853464, 12.57125657433786;
  -5.691640111936527, 0.328830347423637, 12.74967832485788;
  -5.455410515767401, 0.2436310547768577, 12.3058093960874;
  -5.761886429159524, -1.176462380458959, 12.92457428313609;
  -3.517316824745785, 0.7330844841651293, 8.329457577834191;
  -5.669156929947253, 0.3104606511858415, 12.86526532484655;
  -4.432043177136723, 0.450196223762441, 10.50320847552857;
  -4.427040161834449, 0.5713613424130309, 10.52544966926081;
  -4.300792850094713, 0.6039044502432706, 10.26739169355122;
  -4.382610304020137, 0.6883369888928395, 10.50408398879475;
  -5.56435905907554, 0.1474582362876585, 13.06556823351654;
  -2.807540905512413, 0.9122424375443095, 7.131304358261885;
  -4.373538362160077, 0.4789678822818331, 10.55095495341866;
  -4.385575436893811, 0.5959771062610136, 10.58827544263047;
  -5.862543388170893, -0.2374163932000395, 13.83281681469767;
  -6.013741160615434, -0.6944065131519009, 14.20359014443646;
  -5.965287476809608, -0.3335226091240298, 14.10608113870405;
  -5.992909603919428, -0.4411381809355909, 14.16851733624344;
  -5.672368522553351, -0.03442163536537676, 13.57096962812231;
  -5.982428891914343, -0.4752381575465939, 14.30237283133143;
  -5.937516859125684, -0.6467203839806477, 14.23484637599777;
  -5.978117546787257, -0.7754559517014883, 14.33845056154789;
  -4.218629737163943, 0.588018912735264, 10.46653682894632;
  -5.891533069775846, -0.5294236063403766, 14.1922922783292;
  -5.900222732758424, -0.4278176517710806, 14.24896845278903;
  -5.923518916664304, -0.7120582447733765, 14.3586922823846;
  -5.92561871339195, -0.614182083403842, 14.36724630823243;
  -5.855406863677914, -0.2548550921737752, 14.24009511404791;
  -5.705970227355413, -0.008472405681114629, 13.91906344950133;
  -2.971290740628556, 0.7520643147501683, 7.811713233140726;
  -5.866211709391876, -0.7484705500581721, 14.39366616334926;
  -2.380479388873821, 0.7631645122373135, 6.469360026101252;
  -5.862799286352787, -0.8399186864215299, 14.45301054799339;
  -2.396570087806057, 0.7419152736440434, 6.549069565225187;
  -5.845086109037458, -0.2564313939577576, 14.50039197474518;
  -5.951059879996746, -0.6324483942876277, 14.77557545472791;
  -5.852216794971377, -0.7903605725907499, 14.65504163811122;
  -5.896126657886685, -0.3019166083941093, 14.83495583840352;
  -5.709888069819908, -0.800710143402537, 14.42715248318695;
  -5.052237067775391, -1.786644018508481, 12.86539658884257;
  -5.872455994135051, -0.1045514664649523, 14.83996728005001;
  -5.853340762635425, -0.03074820629208591, 14.85126101066992;
  -5.916115101050561, -0.6906733182130698, 15.00612441876934;
  -6.109620188356634, -0.8422602938986025, 15.50490233486708;
  -4.863430861138385, -1.854567186154598, 12.54127617093369;
  -4.710395728251331, -1.924165207767291, 12.20624443076673;
  -5.770028430273094, 0.02032889235606986, 14.79665339025723;
  -5.865272149887364, -1.176433356832584, 15.06772119786358;
  -5.879477281153641, -3.551339765290229, 15.19061214072123;
  -5.809440885867152, -0.9512875987146539, 15.12615028793208;
  -5.881585240572307, -0.66213762003384, 15.31588831084831;
  -5.731541038149847, -0.3046153964719541, 14.98026577226923;
  -5.032447405544848, -2.354683262676503, 13.26522040640404;
  -5.908258317224592, -0.5249015294318842, 15.46922536807066;
  -5.544402233475974, -1.126363828834923, 14.58045598469279;
  -5.809762490790474, -0.02529691703296307, 15.26412396767574;
  -5.764800462093581, -0.121356412710357, 15.21244102618019;
  -6.028927776720689, -0.6513094583095666, 15.86369975536854;
  -5.758463834185405, -0.933970691237038, 15.20745433067601;
  -4.611673358834208, -1.440167866954315, 12.36183305602929;
  -5.71639982246109, -3.063274792657918, 15.041166385444;
  -4.510774322083992, -1.967675387754352, 12.15425850475723;
  -4.989359320347713, -1.16840174469208, 13.40135077101914;
  -5.970852785213786, -3.761998519785473, 15.80229090873178;
  -5.820255458548579, -0.2118268414078807, 15.52299869737073;
  -4.967583091178286, -1.322043481670034, 13.38984031543777;
