m=[-11.90753734291064, -1.145127606915695, 15.21431159946974;
  -7.974891899288828, -1.406543054070694, 10.56206851713687;
  -11.89717783570217, -0.89937560792067, 15.31231173666243;
  -7.961254319973264, -1.262583513246482, 10.6157640886812;
  -7.961485988216626, -1.452974428714481, 10.63722042647366;
  -7.958119923326791, -1.518726338370318, 10.67310738233506;
  -7.942178564615888, -1.423029722127045, 10.66364943296418;
  -8.006652764978016, -1.666011091044303, 10.89359365732694;
  -12.09887258326688, -0.7826414884918878, 15.97600866372456;
  -7.910860955282362, -1.408198272864741, 10.81714939522574;
  -7.860564550514075, -1.738827330276729, 10.84589798553702;
  -11.94739526104754, -1.298037861818607, 15.98707534780805;
  -11.75967766426802, -1.553855007957888, 15.99571861880313;
  -11.72094413963265, -0.6031821046149252, 15.98884623827023;
  -7.851821566058684, -1.743383474723658, 11.03638677099644;
  -11.60563815942983, -0.7056811198418765, 16.09510404542917;
  -11.54984821566733, -0.276294771482613, 16.10248555953118;
  -7.784502671021965, -1.747750010599609, 11.17025859188752;
  -12.24434278929916, -1.116875043123233, 17.04557861656644;
  -7.825478579597129, -2.131111367001529, 11.28124993548371;
  -11.66878413938363, -0.4858793754091476, 16.44339228122063;
  -11.66494662981643, -4.541258098892908e-006, 16.45715185615082;
  -7.54167986316388, -2.20338039007565, 11.10259488935263;
  -11.49907889290571, 0.1968569680932173, 16.44242280151838;
  -11.76369393154196, -1.209666019214329, 17.15838239368939;
  -11.7260482770435, -0.02960345718398713, 17.12799425256445;
  -11.65669565964795, -0.2321043398646789, 17.06151307847017;
  -7.69930322235965, -2.471107450309257, 11.64766426761524;
  -11.4652528862823, -1.250690712614189, 16.99174629129396;
  -11.14049403286595, -1.714494609602751, 16.76195435387346;
  -11.64437090529783, -1.946904201967879, 18.73713057491752;
  -11.55869694670226, -0.8098984298676857, 18.84589706363146;
  -11.45173871680141, -1.608542689298597, 18.92163635295841;
  -11.65560797272122, -1.498882266901511, 19.62903478279654;
  -11.62232034714724, -1.086406002732494, 19.72163118771425;
  -11.43626777700411, -1.630660800158853, 19.46327046027402;
  -11.80076552648843, -1.183114251851161, 20.10012769460752;
  -12.32713576231392, -1.006651264561452, 20.97526380524087;
  -11.71625628692955, -4.293999398823139, 19.95393451458019;
  -11.79521548551406, -0.8063708991611114, 20.13452601615916;
  -11.97110977362682, -4.291915166843039, 20.5231088005655;
  -11.71483951567842, -1.189042484569985, 20.16457192217507;
  -11.7898445359884, -1.07549944455162, 20.41500566354682;
  -11.46995193149856, -1.614532318233154, 19.88808446591283;
  -12.09162107396382, -3.717361899659885, 20.93981959192733;
  -11.87580470690405, -4.495522284619267, 20.60374958667182;
  -11.99631641522207, -4.14819076912504, 20.8254693571213;
  -11.89853622593126, -1.143011594990602, 20.89513034146799;
  -5.451626358647449, 1.15387101893462, 10.18536356337657;
  -12.17299147620211, -4.381743953342959, 21.44006478663091;
  -11.68467536361114, 0.337459221436747, 20.69861137136504;
  -12.21773003882609, -0.9481426244796791, 21.58456521191305;
  -11.97578044103986, -1.239406550429976, 21.25708409005359;
  -11.85422357141108, -1.686824082278445, 21.061362930819;
  -11.97293211773654, -1.146964826582168, 21.28483615181083;
  -11.83579789416318, -4.522269417554308, 21.15787522017229;
  -11.78598219405502, -1.654160371987721, 21.27861733152997;
  -4.925035086455923, 1.48221063461331, 9.711862289449364;
  -4.831684959922735, 1.538749876026924, 9.635583754401074;
  -4.806459117460067, 1.650506086639165, 9.595239804324006;
  -5.34161238382652, 1.32562689434745, 10.68772481952039;
  -9.374237528176908, 1.575512642727901, 18.0156788340707;
  -5.208966076545443, 1.368585628354014, 10.54470149071275;
  -4.898215433592642, 1.601842882237224, 10.02542170234897;
  -5.115018296470171, 1.309179274469076, 10.48362164090274;
  -11.65866250439512, -4.320604652564129, 22.54204452653361;
  -11.76801173174499, -4.27577149834578, 22.8509143547743;
  -11.67783667265991, 0.995158521732836, 22.79873436286705;
  -11.68399255474132, -1.21204131361579, 22.90565797713028;
  -4.685695879310332, 1.609484945517129, 9.858907101858716;
  -5.020327648484114, 1.551352971559709, 10.48966446500359;
  -9.135270002286118, 1.52575420860729, 18.32184870461367;
  -11.83651467829758, -1.484127431508215, 23.42091678686322;
  -5.27410038243309, 1.361231115497048, 11.0309343341269;
  -12.19408260246941, -4.508044121457965, 24.07753900376816;
  -11.90870359599101, -1.239053281163056, 23.58642211285191;
  -11.60107552798232, 0.8191318746254739, 23.02994372960384;
  -12.23847422453005, -4.43248868514082, 24.19443137820164;
  -4.768187126571152, 1.550446481521393, 10.10619698134572;
  -4.966364449733882, 1.462854974302888, 10.48531032684202;
  -11.57539341319728, 0.6376203944339763, 23.20473539602332;
  -11.68629829760818, -4.383257875724908, 23.39753326482501;
  -11.92070992714221, -1.215534282846009, 23.86713768482844;
  -4.734051007705682, 1.616979502712787, 10.12462254267197;
  -4.803496398819566, 1.542917771064138, 10.25289057813571;
  -11.73038687551823, 1.025006933518938, 23.56891240901588;
  -11.580461857874, 1.273501883720674, 23.3447643716799;
  -11.94882550351684, -4.633143893734027, 24.06220128071118;
  -4.84859953241317, 1.609399276763192, 10.50544898738664;
  -11.45260855411043, 0.7108243825695259, 23.42185677751639;
  -4.772785489491538, 1.628614330186243, 10.37947051514247;
  -11.56931903792663, 1.261388232493692, 23.73361384721402;
  -6.979938575227952, 1.464795205928846, 14.92570784151644;
  -11.46315820083592, 0.8092605789186034, 24.04518349494891;
  -11.6374316638768, 1.142199593418453, 24.63011672444253;
  -11.50238429820484, 0.7578412469112228, 24.410061386793;
  -11.63370762363573, 0.3934405121366227, 24.84775329993792;
  -11.98030388477975, 1.040524659287543, 25.75123535088384;
  -11.5795735679009, 1.213873136033692, 24.98643960583918;
  -7.257449496404237, 1.552936582420212, 16.0497924420844;
  -4.813854600488177, 1.584439825550008, 11.0297223540689;
  -11.38304161556789, -0.2372675359866149, 24.68371860118481;
  -11.5294420949676, 0.7779088472590996, 25.21001331900908;
  -11.45942415726196, 1.218066201642662, 25.07916022339032;
  -10.96802218474788, 0.6760280724105239, 24.13197846107341;
  -11.51449939714072, 1.176527337006732, 25.5027492559088;
  -9.254100086253818, 1.484487769165236, 20.75592811119612;
  -11.0104556793221, 1.01356685790248, 24.49890000783303;
  -11.30512142462387, 0.6016835146639583, 25.12177702959035;
  -11.05912380224523, 1.254632498916821, 24.71321869119764;
  -4.770772617479354, 1.569224698944834, 11.27585508738274;
  -11.30739927513347, 0.6532767284955465, 25.32937793208992;
  -11.06527404280433, 0.8317551947221081, 24.82382221726314;
  -11.83846884437699, -2.417179409708802, 26.55504787519068;
  -4.627098949619255, 1.558237319934368, 11.04493641620768;
  -11.52534721587878, 1.357972413461785, 26.05717506249315;
  -4.845866945457255, 1.5904281627465, 11.58458267513045;
  -11.28739035853539, 0.6181325731853204, 25.61496772484365;
  -11.81588128973177, -1.681636154236844, 27.22460808942006;
  -4.875401268480708, 1.594020774281664, 11.87788004100124;
  -7.178903767867022, 1.496237964266488, 17.00056530850734;
  -12.01229938371119, -6.803843891989549, 27.91462872361158;
  -8.913542626705377, 0.9054160960319811, 21.12362012778942;
  -10.61292301279843, 0.2647069234819652, 24.9548634799847;
  -8.895629813330675, 1.14808513271944, 21.14968476766425;
  -8.70476117028309, 1.222296490965151, 20.78109679989436;
  -11.60121851323825, -0.648630712701646, 27.43333498876025;
  -12.0876413527064, -1.395759587880995, 28.54926725333369;
  -8.863070534499652, 1.39204238133291, 21.24269118967702;
  -8.865179907042787, 0.9708698299896901, 21.38682826300018;
  -11.26603646792306, -0.06836569199797392, 26.95365051258695;
  -11.95593209307753, -0.9497672671623142, 28.58340674510837;
