m=[-5.833048242955559, -0.1699173043918946, 8.075651468813243;
  -5.711174989137467, -0.5939729603548815, 7.96793456790115;
  -5.748283772296127, 0.1431103711236719, 8.04887207320081;
  -5.745707788011056, -0.4228465373515008, 8.077776367475043;
  -5.869151233183511, 0.2197720083154909, 8.26763569140196;
  -5.822336638358734, 0.1537015026931425, 8.242673140991824;
  -5.844329613616416, 0.07311505886437177, 8.307694639828361;
  -5.842570657838565, 0.3823872637136793, 8.375210952147299;
  -5.708398769313927, 0.7463580497246207, 8.225199817902642;
  -5.845940381823596, 0.464368465980939, 8.419217004991761;
  -5.8357552557829, 0.2366618102202678, 8.409212071999724;
  -5.833580593044831, 0.06856514666033094, 8.406578802807651;
  -5.87401394891287, 0.1553027141125569, 8.502753795627715;
  -5.84210105214765, 0.00187297338436853, 8.466470132063501;
  -5.857629554344598, -0.009561179523100597, 8.547988069673535;
  -5.865156688265231, -0.2048710832811197, 8.572344233419164;
  -5.772744067675785, 0.5154754604255363, 8.550083675660119;
  -5.815548484982727, 0.4983336383347263, 8.69938204266141;
  -5.698550480260886, 0.7018440299072486, 8.551272298422457;
  -5.833247774764552, 0.6263836478004113, 8.741874891006384;
  -5.782463815779239, 0.4368698288618965, 8.754244674970757;
  -5.779724271247241, 0.5808019779924385, 8.774194265118723;
  -5.761520416004992, 0.3032522950553067, 8.761226714503115;
  -5.775555980866289, 0.6546702626310704, 8.785604428492073;
  -5.7350547923809, -0.2823883286358332, 8.747994004417301;
  -5.714822983473841, 0.7257188012258111, 8.737847385651476;
  -5.780562222285458, 0.4399372776647433, 8.834956330627737;
  -5.756818572927886, 0.7939733336723719, 8.823295875978843;
  -5.752743850069225, 0.6413624291578638, 8.825762489392449;
  -5.807838198322796, 0.5098450125400001, 8.953668737092851;
  -5.741899430558836, -0.3731597058670811, 8.865317816154811;
  -5.780734180773393, 0.2394741929362023, 8.936215779457053;
  -5.746462986927416, 0.4065152346448176, 8.902947849311966;
  -5.65830959896726, 0.3302917772331057, 8.796689638946292;
  -5.72325788252428, 0.2108763533768342, 8.94649790387059;
  -5.774017249139231, 0.4179042191278535, 9.042088593751197;
  -5.840448225915178, -0.7890850991447463, 9.144747701733436;
  -5.750909877035833, 0.4575884468266935, 9.0583850382036;
  -5.849781305550037, 0.5554587561287531, 9.210839545405108;
  -5.759992823297035, 0.4154524285590597, 9.100742785179799;
  -5.730428056374756, -0.7795443744092321, 9.254989238399942;
  -5.838146342167923, -0.4347617527149101, 9.460661249440982;
  -5.764268296916022, -0.5459405532834469, 9.431116506770589;
  -5.731463962282709, 0.4719851106991121, 9.431703745599814;
  -5.646403135521427, -0.8301709984581255, 9.287601913478582;
  -5.672719283915112, -0.8360003892776794, 9.33866211232602;
  -5.713921499188969, -0.7647610019823186, 9.412583327439963;
  -5.874923990203052, -0.4979986939266087, 9.675491801671711;
  -5.817803718153317, -0.2144466340792902, 9.60032254549818;
  -5.953029971181887, -1.792431607691624, 9.831237662959241;
  -5.840763955062742, 0.2083268279066638, 9.69520395743146;
  -5.835526061564877, -0.227856223870262, 9.737659078993543;
  -4.830129677643109, 0.750126705548967, 8.26597604601376;
  -5.88074963433461, -0.5204965014433527, 9.833804661498554;
  -5.889281861128533, -0.5689132973194913, 9.963359480148256;
  -5.836814384590938, -0.7893400657671863, 9.88152992480002;
  -5.867858699561986, -0.5228011450980374, 9.942755720112622;
  -5.798243740473751, 0.5218901332043756, 9.89146466484625;
  -2.509139187502565, 0.8004668520962138, 5.116937150831764;
  18.51385468147329, 6.855124717511224, -29.69626761080544;
  19.22592036015806, 6.926237028743209, -31.15863097414646;
  -5.715532862123118, 0.5296892831557964, 10.65866578973087;
  -5.798909026874535, -0.5542449061991185, 10.87326900758957;
  -5.564473650801284, -0.7628986160353618, 10.47700305245717;
  -5.65554611795799, 0.5335814984230056, 10.6708526042233;
  -5.6350033703911, 0.7112223357704035, 10.65836081245131;
  20.25296329273564, 7.528401213337019, -33.48970747619981;
  -5.872327038045299, -2.011415827882211, 11.03453788144202;
  -5.674234857974321, 0.4457490604012502, 10.76591538449148;
  -5.713434467261766, 0.5221025470286826, 10.87531129998643;
  -5.845536863753072, -0.5550534260396736, 11.08806907465345;
  -5.913030129082967, -2.140677152535377, 11.20890481080079;
  -5.931961719471172, -2.09920759332949, 11.25845763523999;
  -5.706477125115307, 0.3617475492966753, 10.9384505181549;
  -5.702267869320838, 0.5418234661447167, 10.96027725016564;
  -5.851508867516246, -0.5498666940131526, 11.2262942018723;
  -5.718239111085276, 0.6753679030291604, 11.02182947875422;
  -5.793794153053206, -2.191736753305968, 11.19695758523112;
  -3.493171947971877, 0.7825095884431611, 7.228728996679285;
  -5.80034576771974, -0.7871196931079108, 11.29492295361368;
  -5.628449448356562, 0.3962589742343552, 11.01053798347726;
  -5.590734593070333, 0.3829533984389577, 11.19129575851927;
  -5.59962254509721, 0.4440395588185948, 11.24809296811299;
  -5.598204396201219, 0.694590939513025, 11.25007997888705;
  -5.616659596235659, 0.4711972026298434, 11.38560432580758;
  -5.59476953438497, 0.416921476092695, 11.37749115058519;
  -5.710382128031991, 0.5605035843749309, 11.60224173152345;
  -5.673302665705458, 0.6432483874906548, 11.73984612941089;
  -5.62054036871138, -0.06748327074262141, 11.69012950192514;
  -4.530026617012133, 0.7235065714207671, 9.653751731599442;
  -5.693466367087554, 0.6581338632837384, 11.95206662490558;
  -5.516085679907211, 0.5554199334734369, 11.76050518510902;
  -5.527261820517972, 0.3456521433035351, 11.78506382075282;
  -5.53793250347892, 0.6790890081742681, 11.86182893229708;
  -5.550999713010329, 0.3712609391438259, 11.93454308635769;
  -4.38217332994903, 0.6096486212001316, 9.912353819775854;
  -2.483933406896505, 0.7949740768230191, 6.081594997695328;
  -4.381515452564887, 0.6590823595759983, 9.941842539022829;
  -4.301074784468918, 0.5021592622091815, 9.796509482808578;
  -4.323162903502967, 0.7238375960637782, 9.85912581313934;
  5.518133502699913, 1.99996014924628, -10.21098141884753;
  -5.932773678213711, -0.453691530191479, 13.17979893278905;
  -4.391350811713017, 0.3202155356021718, 10.04775385477653;
  -4.29394656375575, 0.3456032646068994, 9.869376195295011;
  -5.820705542773147, -2.142363487167728, 12.98627717926574;
  -2.410051688374232, 0.8031448319422605, 6.027472224070211;
  -5.799186405864425, -0.6738431984406624, 13.04102619712092;
  -4.248024291406824, 0.6808579818964615, 9.865999799612304;
  -2.419267550452168, 0.7804698786439384, 6.093463181920026;
  -5.786105724398079, -2.240616111690711, 13.07930960629488;
  -5.767261405613115, -0.2646925083295345, 13.13903341141183;
  -5.770215115892128, -0.6081486966863717, 13.15364245617908;
  -5.751568253638174, -0.2065215417262749, 13.138551180779;
  -5.694819407174931, -0.04750812948471814, 13.02880354938918;
  -4.193662777524332, 0.630861754445964, 9.892359248050962;
  -5.766087441631117, -0.4006968195074744, 13.30315744980064;
  -5.771820415907879, -0.3288908684938252, 13.31720986561692;
  -5.661325113581441, -0.08825133258185303, 13.10765486884596;
  -5.825880502206356, -0.6976134419992219, 13.48775874548774;
  -5.752235728476246, -0.4598850203806322, 13.36556396325664;
  -4.140665590586424, 0.3495102246415933, 9.963818462053256;
  -5.736798334313246, -0.6335188491344894, 13.42635535136705;
  -5.663212346930197, -0.1877486995298996, 13.28789252622754;
  -5.696654710619612, -0.5666848925953627, 13.4853808990868;
  -4.033756467541866, 0.3589710692725771, 9.871700842789601;
  -5.700581636348376, -0.6664849916308215, 13.50147201342121;
  -5.677010235659896, -0.755747071571959, 13.51519663751183;
  -3.979358052068413, 0.6904919924541813, 9.810742006705414;
  -5.687147058240663, -0.1865664170114667, 13.61294548728279;
  -5.697584525975254, -0.6750028193679739, 13.64124608966154;
  -5.628950853519527, -0.7017584654223733, 13.62054411842245;
