m=[-5.876179461564056, -1.642179689949875, 8.092274846878988;
  -5.839245050823153, -1.664921941840678, 8.165554120821017;
  -5.765501335041571, 0.4011014412778461, 8.221552876225823;
  -5.769400534133506, 0.6082174869106047, 8.261210339719982;
  -5.799386685568494, 0.5316202166030908, 8.303560376838391;
  -5.791169546886194, 0.6850496271660751, 8.304309602371063;
  -5.770643313007818, 0.3326211943511365, 8.277590581870392;
  -5.811391322468879, 0.2531871993003897, 8.344180342099392;
  -5.710418798705721, 0.7548110195287431, 8.230253261990065;
  -5.785254944303849, -0.2613687070096607, 8.326674176067561;
  -5.810651187505739, 0.4704006006671405, 8.378561334488644;
  -5.793721401528283, -0.9175643279442065, 8.348224852566299;
  -5.760987148678699, 0.6721245428226845, 8.336349827778982;
  -5.747087394417767, -0.3375087791976259, 8.377975455890075;
  -5.795254702074207, 0.2728115663760303, 8.461668602723629;
  -5.762401197771767, 0.4364840169866885, 8.428740117267227;
  -5.676650199540449, 0.3598503764053885, 8.329996516549883;
  -5.733574866078043, 0.7271069663693821, 8.435247970416834;
  -4.402429834075035, 0.8258696801234373, 6.7128614938036;
  -5.80935625948616, -0.7491713925797506, 8.619805897533942;
  -5.759556890222228, 0.4890750306151213, 8.573441004504771;
  -5.761404059516577, -0.7319273918315082, 8.577145532722314;
  -5.7476597556628, -0.7548214395076488, 8.798762738483749;
  -5.807752529584657, -0.5175200893002755, 8.901665997050156;
  -6.040709580753942, -0.4241299253073838, 9.256336425733359;
  -5.538717544238709, -0.7819550839926044, 8.618317616407413;
  -5.73039927393579, 0.5042299254892858, 8.929712516904653;
  -5.635988065028138, -0.7234685671218397, 8.807894927747347;
  -5.871224901202632, -0.4633017831416548, 9.181593982988373;
  -5.764263203114034, 0.5949020549342218, 9.055558049803008;
  -5.816280922905901, -0.09199025170905913, 9.121106813598686;
  -5.855310949212895, 0.242180418882043, 9.226184710967926;
  -5.777297852732824, 0.5135346698969185, 9.175141602812072;
  -5.906490733794906, -0.1951446245502271, 9.354352476615533;
  -5.907122297743689, -0.4835811812663384, 9.384769021739659;
  -5.832079531794984, 0.2392681777347374, 9.323123700380354;
  -5.592665020523723, -0.08539121259558509, 8.99168296739715;
  -5.901258087889043, -0.5370169159569364, 9.493918864682277;
  -5.867174538300441, -0.7612452407816281, 9.447718030878706;
  -5.847767121346914, 0.5636485292154974, 9.468151016147187;
  -2.400060958468337, 0.7978506054674079, 4.512572340537791;
  -5.816994741369337, -0.7449521851118403, 9.52549330204716;
  -2.353298533396053, 0.8228144001289086, 4.463711432420631;
  -2.320473455021453, 0.8086826271466535, 4.481672924431746;
  -5.774564482015395, -0.7493595098547002, 10.19109308750286;
  -5.743619288240925, 0.5670221402682558, 10.20907393749133;
  -5.755271755408606, -0.5460983443541794, 10.24759842575196;
  -5.617542302284607, 0.6768961362786564, 10.10412947975757;
  -5.642271751461878, -0.7367686314477749, 10.12806127986594;
  -5.850546694684764, -0.5170240118939807, 10.47830532482165;
  -5.706347178847737, 0.5751818679628116, 10.26461925244287;
  17.10542980667784, 6.257914484172557, -26.878982230154;
  -5.776161368611947, 0.4256161159215042, 10.43700567944814;
  -5.774561914790147, 0.5633405284866876, 10.49078179275097;
  -5.890075140926674, -0.5179323648022811, 10.68196769430548;
  -5.718169857007182, 0.395264662048704, 10.46624557661191;
  -5.62704641900732, 0.3181176291117693, 10.32500205508192;
  18.07483901594188, 6.280697441555025, -28.93658537822381;
  -5.738698004953708, 0.5840634128896947, 10.531699294302;
  -5.780534447414603, 0.720769880477631, 10.63653611809142;
  -5.885944148920794, -0.5155737309049128, 10.80643373094454;
  -5.81288853077871, 0.5718981647095107, 10.77688913858821;
  -5.857978830664377, -2.181625194105866, 10.84953035848611;
  -5.683445145853547, 0.4386267904129114, 10.61746471761668;
  -5.706056639740232, 0.7179319798391446, 10.88264876718035;
  -5.631681579518097, 0.3448216585909427, 10.75271946085183;
  -5.664295491747312, 0.7441793620855726, 10.8818442522868;
  -5.738464378459915, 0.5969459357210898, 11.03961868145996;
  -5.643568602851776, 0.6543440878575986, 10.9580189953564;
  -5.754863326107619, 0.6093769553249115, 11.19352993194601;
  -5.844823539114779, -0.01843872533043942, 11.34576532043684;
  -2.618430039705098, 0.8005221703537441, 5.663103479815467;
  -4.563969411076945, 0.7625558777963044, 9.206448253979444;
  -4.49900848895182, 0.8015349976995296, 9.093186034843697;
  -5.728560795829494, 0.6931457942116086, 11.3535712012178;
  -5.715358369954646, -0.02405732949834677, 11.38406740877581;
  -2.47835864139303, 0.81683226311733, 5.547611906245402;
  -5.632578751291418, 0.3978466510086864, 11.33694047745874;
  -5.748807763928208, 0.7074892579045441, 11.56866006121948;
  -5.498692905817059, 0.3888406670717233, 11.23764424393449;
  -5.611140595097005, 0.3494085359000235, 11.61650248479897;
  -5.709842726691686, -1.068621468034668, 11.83608100649112;
  -5.595735447809008, 0.3074193424229827, 11.68002994851734;
  -4.385326295089461, 0.6486794480152839, 9.416630433103732;
  -4.330079927817375, 0.7620784450663583, 9.368355926653232;
  -4.26703133596558, 0.6518772927149451, 9.306142045173077;
  -4.241548618879353, 0.7191121606880905, 9.34981280212538;
  -5.840181989340528, -2.149087768004877, 12.49311108431709;
  -5.718152307219115, -0.6720325955417179, 12.33954647929173;
  -5.871403863591661, -2.111484182056855, 12.62898372387013;
  -5.863591476542496, -0.6395629796494259, 12.70650666038133;
  -5.885731502241854, -2.231479103550587, 12.8271211865724;
  -5.807467187997873, -0.1293461125256274, 12.71044888009418;
  -5.761655992074222, -0.7206639000765305, 12.64505355881206;
  -5.746642813640781, -0.08302198822116119, 12.62534844216541;
  -5.764574730977999, -0.2157048482417453, 12.66543347740844;
  -5.87639466638116, -0.5711219889566915, 12.91040545482323;
  -5.894317400538676, -0.1637372788111787, 12.96917424688238;
  -5.773893045483472, -0.9154248501386968, 12.76536436835875;
  -5.970681329614406, -0.7128582084121294, 13.24791547598557;
  -5.880047829523278, -0.3553606885535166, 13.07811924925664;
  -5.744790532800865, -0.04076176159821032, 12.81079414166653;
  -5.918838486037428, -0.6598827031993959, 13.21694126402514;
  -6.004915896668877, -0.7830366530796744, 13.40976231322571;
  -5.912109453830485, -0.4176611098253932, 13.24304534322865;
  -5.915253673839555, -0.3166628007793483, 13.28514220926526;
  -5.881848864631138, -1.554015654611666, 13.2500608234647;
  -5.85477584629515, -0.5023204019603099, 13.21495720588224;
  -5.866636547239136, -0.5974120518146912, 13.23981133685202;
  -5.821597744237911, -0.1414470293321822, 13.16211741672658;
  -5.751276050967485, 0.003094159362773891, 13.04068535009566;
  -5.800935324785446, -0.6292316147787987, 13.25447422822664;
  -5.778842801001425, -0.1363269305592597, 13.34604581731924;
  -5.750281565849194, -0.6280307047107908, 13.28441785647636;
  -4.607027971733617, -1.924487603252034, 10.87752835239467;
  -4.610532380837304, -1.856062856984648, 10.88248866220884;
  -4.813817160718645, -1.608959359869794, 11.34017583453237;
  -5.079290318603535, -1.810066111440409, 11.92719368566675;
  -5.892077188324273, 0.1100097368308926, 13.74627805554003;
  -5.778225729405703, -0.6690514810812909, 13.49361295270405;
  -4.517679238107779, -1.75459369534938, 10.78515366457276;
  -5.819785892989671, -0.1774802206078697, 13.65543112492652;
  -4.60408868018414, -1.737661598605258, 10.99662432101182;
  -1.638198972564393, 0.818974475245876, 4.572506546201142;
  -5.773850513729756, -0.7020606123161833, 13.59064652112715;
  -5.714493570527548, -0.3651215079933646, 13.46754542175636;
  -4.939691686389543, -1.78022416055661, 11.757070840815;
  -4.796009925210745, -1.576246017416389, 11.44330942044196;
  -5.861526355012201, 0.01265015634086709, 13.80881545869734;
  -4.729470901990122, -2.018255087788036, 11.30680123386706;
