m=[-10.98359014095514, 0.08910659628420516, 14.14533264593736;
  -11.06713953886953, -0.2986328208191808, 14.24944425024484;
  -11.38517867584717, 0.696123769217975, 14.67914762745685;
  -11.09081954225288, -0.1103935335773825, 14.33300175526682;
  -10.98045360351964, -0.3867396713299618, 14.22176401872976;
  -10.9756935776609, 0.3717254796440807, 14.28438335907117;
  -11.17281702110098, -0.2795304097905592, 14.5219849850928;
  -11.27079466300952, 0.8807754193149125, 14.66990026565907;
  -10.89727526540931, -1.087837989838737, 14.2711724575393;
  -11.10575176731893, -0.3902857736840212, 14.54767428399328;
  -5.41790335961883, 1.169283930015641, 7.633801208829411;
  -11.03099010136114, 0.3265884490462109, 14.49196883481025;
  -10.98760829245802, 0.246331395348299, 14.4529271083588;
  -11.34650623781854, -0.2156692081973173, 14.91753942147514;
  -11.03298000924583, -1.745419494020779, 14.57398594130964;
  -10.63957754572901, -1.533163758865207, 14.11750228426343;
  -11.10793422758319, 0.1539511424982836, 14.70616056769789;
  -11.18777766926417, 0.4754826160626997, 14.81663240402701;
  -11.08553312964803, -2.082902869036676, 14.68720263891923;
  -11.17040933964967, -0.6181158500417241, 14.80477924998574;
  -11.16803876710396, 0.6479697222182307, 14.81863057146315;
  -11.08957686531138, 0.3442513633321354, 14.7572203489659;
  -11.09598839729549, -3.128114464036771, 14.75334724839415;
  -10.76881366429998, 1.462715140207882, 14.37930130996575;
  -11.14307695361772, 0.5649604945602059, 14.94736963718589;
  -11.1712567674368, 0.4865511733899861, 15.00976145409474;
  -11.0970801237457, 0.6255884883996374, 14.9348460437311;
  -11.18886397179146, 0.7822372263200901, 15.0831688840679;
  -11.16641797559662, 0.6807870860631976, 15.10949161792854;
  -11.17428673913018, 0.9358127078055246, 15.13891166065576;
  -11.12479971011016, 0.4930404091000522, 15.0849344682588;
  -11.12382127131403, 0.1831729529599478, 15.08785160496085;
  -11.15289803369024, -0.1125321495464132, 15.21464166891745;
  -11.13914554767139, 0.04123530162789902, 15.20034233232877;
  -11.11160547695537, 0.7757435469598284, 15.19539286231765;
  -11.16474821637188, 0.6356198080948872, 15.27274846208759;
  -9.893254671596109, 1.525739967270272, 13.68199717516565;
  -11.13377188580681, 0.03541772025536063, 15.31086151670366;
  -11.27644868370375, -0.3411898584716472, 15.52745954398942;
  -11.28598408315275, 0.3382389924724203, 15.54328637529245;
  -11.27856154145828, -3.15195014318074, 15.53206815208917;
  -11.21971487756415, -3.022855921153727, 15.50122978154242;
  -11.47642286378145, -3.092019109756332, 15.85589917595535;
  -11.39133595668489, -1.115983897958656, 15.76588353188006;
  -11.25147751561808, 0.7351524586256176, 15.60772508232656;
  -11.25356186126466, -3.254624736524363, 15.61459066171407;
  -11.20849923567452, 0.6824739973013152, 15.60924310709722;
  -11.05650621304766, 1.037011894115232, 15.41561055326693;
  -11.08638674119607, 0.8650993384517997, 15.49043126171822;
  -11.24053388077894, 0.8623532585056432, 15.73580617625559;
  -9.052341242057956, 1.515237179985602, 12.88716227719942;
  -11.18533218741275, 1.331309520806975, 15.71429055513856;
  -11.06230049253069, 0.9995953139765804, 15.60121162394346;
  -10.88297211879242, 1.393644754859085, 15.3732543510436;
  -11.09183417317354, 1.244312368652409, 15.67436639410416;
  -10.98179054545434, 1.157714221402732, 15.72483676007633;
  -10.96987926537915, 0.6323063383441588, 15.73553664054625;
  -11.07681405609413, 1.310299634275989, 15.8837161621628;
  -11.02169964532187, 0.4801867762612859, 15.82530661142051;
  -10.97460250198814, -0.4958152568045193, 15.79566330709169;
  -10.90285022081317, 1.441153754398263, 15.71394704275891;
  -11.03568900720542, 0.8933929382867574, 15.91270827167017;
  -11.03425919284609, -1.747519757849471, 15.89936250629468;
  -11.09427138471476, -1.80045597856143, 15.99621994782851;
  -4.812649104559149, 1.500012481811946, 7.531679799791181;
  -10.97436181986716, 1.564711535328261, 15.86284298298522;
  -10.98730881597521, 1.281870576031874, 15.89902001028015;
  -8.326159366197761, 1.585189290756821, 12.36002170243131;
  -11.03773584420146, 1.024295798913824, 16.06959988439463;
  -10.97813076641119, -0.6447118790019218, 16.00367347847901;
  -10.99876538003357, 0.517766787791994, 16.05932999832489;
  -10.9136404877702, 0.8266744151539679, 15.96352566361936;
  -10.68741908011677, 0.6774896538619712, 15.68286939989512;
  -10.94628331442979, 1.388159924598514, 16.10419611993512;
  -10.99407320289411, 1.484752567760576, 16.19450909339657;
  -4.663456492957083, 1.651337309272275, 7.486743185524531;
  -11.01741833094529, 0.8547928440204774, 16.29965268729915;
  -10.92090317412932, -1.408353675302872, 16.20421633344335;
  -10.91703283555196, -1.39808063964709, 16.22108892741192;
  -10.91603388867886, 0.9269392958622764, 16.24916192887054;
  -11.0098047406369, -1.398682957338822, 16.39057017556625;
  -11.20523763661303, 1.130784326014968, 16.6833132117521;
  -10.9976101722068, 0.6831219047174747, 16.4093305236073;
  -10.95899602547956, 0.8371470735266723, 16.36425025840343;
  -8.439251728780572, 1.583153483056826, 12.8682409718744;
  -4.858628863193037, 1.467320736161476, 7.858441038973748;
  -9.998112856293583, 1.427616335426419, 15.10404726439905;
  -10.82741834745924, -1.421929594062802, 16.5750738838948;
  -10.82155282448653, -0.9513744062397262, 16.60022777306232;
  -10.93065169158558, -0.6087024927652945, 16.79347311470078;
  -11.62776121236762, -0.8164076469105884, 17.81752097513261;
  -9.32568570073258, 1.589248670459335, 14.51020089449207;
  -10.82245963582748, -0.3162652741845716, 16.67396711920685;
  -5.130418110165344, 1.399662324279412, 8.471276796935836;
  -4.820451170029388, 1.508281453533258, 8.035639104666002;
  -10.18371948802585, -1.437735570375779, 15.84600196041737;
  -5.096299624594366, 1.360080318447468, 8.461678557079624;
  -10.96902702537608, -0.9745163419250598, 17.01492627776964;
  -11.23742989152149, -3.88386608513991, 17.43702404520409;
  -10.91237049964305, 0.9602025096180319, 17.00480660797589;
  -10.76984650436639, -1.382480823013809, 16.8310641016151;
  -11.12539912188942, -0.8779117370002579, 17.39822598431895;
  -10.75032210691418, -0.170027006892648, 16.85868298272737;
  -10.88271403309645, 1.123152901493644, 17.09655600265988;
  -5.054962644407242, 1.480150284725255, 8.521531483488683;
  -11.34524090611419, -3.349561763165633, 17.82277478770192;
  -10.98983054887041, 0.4545483218318039, 17.31662203178918;
  -4.815374969140931, 1.688413548742096, 8.202466521743343;
  -11.14928242229537, -0.3683612876685882, 17.65757745843036;
  -10.95430011231614, 0.9737100346088387, 17.39693144653396;
  -9.21855605750245, 1.484798836530659, 14.81367265329842;
  -11.15394606300049, -0.91310762517767, 17.72050792349178;
  -11.29153055336787, -3.659665882082857, 17.95685837526775;
  -11.15212180087022, 1.088115327902541, 17.77500771714424;
  -4.738340569170365, 1.540883026986617, 8.159808136741239;
  -11.31798847378877, -0.7167804218888235, 18.10916010915541;
  -10.6500285877178, 0.01145372213688872, 17.12078268862606;
  -11.25109922033684, -3.909564562402214, 18.01224303580215;
  -4.85552760031629, 1.510100671775148, 8.384147399626093;
  -11.15831714369447, -1.015411454732647, 17.95145307168277;
  -10.99029348322637, -1.425951887792809, 17.6973078316167;
  -11.1483936236681, -0.9304105685853803, 17.95971074167994;
  -11.05860313887331, 1.065905201944523, 17.9050434762141;
  -4.913121165408623, 1.577985367879757, 8.533652723114614;
  -11.14306360908048, -4.121247328360156, 18.10589744540893;
  -11.01073557548277, -1.410087492139228, 18.03039071515197;
  -6.924660463936569, 1.583571811334291, 11.757040137818;
  -4.947768208562608, 1.622363609425821, 8.800116386100754;
  -8.709934741127945, 1.589814260860645, 14.81708282534886;
  -8.333537146958538, 1.656066566628962, 14.28721228392073;
  -10.81412304110328, -1.403338029530721, 19.08502968749068;
  -4.673043958702094, 1.633897190301088, 8.863779689082127;
