m=[-5.843547230894769, 0.504568341074632, 8.184012300385213;
  -5.855028314756653, -0.7335243142392243, 8.212207304992543;
  -5.835374120317534, -0.7503193507856815, 8.420906967675464;
  -5.860607008661432, -0.5085419061887047, 8.477194586529468;
  -6.015465550634184, -0.411036009938943, 8.728809313935738;
  -5.8821252201655, -0.1492056663006763, 8.608955024423132;
  -5.874957106297147, -0.5051175920895435, 8.604163212988699;
  -5.825931339212899, 0.5243103669097632, 8.566948973539958;
  -5.665703699422417, -0.7152049678675116, 8.35612475678542;
  -5.788600972898492, 0.6091400723938885, 8.583759978937717;
  -5.783347610966009, 0.6648910903921798, 8.635099183215145;
  -5.935962676361904, 0.2577553193874521, 8.837944740097253;
  -5.980773084647895, -0.1821133943068084, 8.962839440817549;
  -6.001717883135322, 0.5989669299138899, 9.051654692773505;
  -5.783022819886849, 0.01885832988636514, 8.779423871173485;
  -6.020493186770755, -0.7676946274936101, 9.178122142872763;
  -5.995868199468528, -0.4826212638346427, 9.150339490054373;
  -5.907607267912012, -0.7459863353556451, 9.169956301348368;
  -4.545505868749453, 0.8716685634608874, 7.338702289017335;
  -5.862919401048695, -0.7487010631029263, 9.840976143173602;
  -5.95601753135071, 0.5982478691517225, 10.06109843608227;
  -5.86507152543721, -0.5355148440804686, 9.930663376746352;
  13.94997824611784, 4.785812136903116, -20.482327569351;
  -5.707110072570399, 0.7056162552432946, 9.751531921995838;
  -5.833799555672496, -0.7460412918223364, 9.953877236368191;
  -5.799034431317424, 0.5988865573639698, 9.912937487987632;
  -5.964549393416636, -0.5096403364968374, 10.17067995528604;
  -5.849822374940996, 0.4435002733562845, 10.05887332556002;
  -5.865175332830803, 0.5846243778623947, 10.13446356227913;
  -5.822384689035764, 0.4149041607769975, 10.13995537800934;
  -5.841096283101831, 0.6117044570389343, 10.20080821662681;
  -5.881576586533939, 0.7507908231143897, 10.30392459462712;
  13.43181493763957, 4.639359955120369, -20.39177842810408;
  -6.071233841969407, -0.7810516679490227, 10.60316057200332;
  -5.804042425143193, 0.55080759608515, 10.1938503996457;
  -5.998944420592747, -2.211638682205842, 10.60066672603486;
  -5.789962659425728, 0.4644845144358965, 10.29789489837066;
  -5.82826592440744, 0.7191463493890231, 10.48626226389617;
  -5.738928063555508, 0.737833692949871, 10.43339809912176;
  -5.739347170089088, 0.3688157887780578, 10.44084109952094;
  -5.723161193877791, 0.2914965513289856, 10.41881763937225;
  -5.678971619310713, 0.4463036680933661, 10.35274269673084;
  -5.761966352880208, 0.5361995124952506, 10.50185911062747;
  -5.757154298193277, 0.7729659812042921, 10.53676353548872;
  -5.816870510728636, 0.618230290679854, 10.67074918262072;
  -5.836529200924894, 0.73998368412028, 10.73015608407951;
  -5.796644269466722, 0.4981461173392617, 10.75386396833606;
  -4.598994151292087, 0.7851730831433967, 8.771911737699131;
  -5.849844846884853, 0.6086289818494248, 10.93493681728884;
  -5.885911248361459, -0.0383837881609626, 11.06648377382378;
  -4.464581987398329, 0.7715646365930773, 8.638611029016047;
  -5.871803209285103, 0.7273139130144375, 11.11351600326671;
  -5.815880260588257, -0.005990540109602068, 11.07179378561644;
  -5.851237256078079, 0.7382552582151259, 11.25371703085474;
  -5.597668830046207, 0.4487887683371771, 10.85699836351475;
  -5.712858479329112, 0.3823874176524524, 11.09770910589947;
  -5.715066907747731, 0.2952304735638381, 11.10076100059169;
  -5.771615456083722, 0.6424628172576902, 11.25743497822329;
  -5.673007430425619, 0.5577906493917807, 11.10605903316952;
  -4.412429551289894, 0.6694817044026182, 8.962885136679557;
  -5.790209576316974, 0.3809420491863653, 11.46094262883101;
  -4.339470517093744, 0.7066608496376076, 8.844094559092014;
  -4.329317693199237, 0.7775918485801849, 8.857504643858233;
  -5.842535142891264, -1.073212715931052, 11.60249449924474;
  -4.256807208002858, 0.5636282100741995, 8.787477515465238;
  -4.304534761343269, 0.6769272624120686, 8.877561064081116;
  -4.261877730931942, 0.7365428538233002, 8.881029978168332;
  4.518159857454961, 1.636933321971894, -7.532396061565594;
  -4.174961397971937, 0.6813376371797747, 8.839449183845456;
  -6.027280746315778, -2.194162253951017, 12.38611030189924;
  -5.9849554701611, -1.553104902072355, 12.31395987206702;
  -6.022449894800152, -0.6842712939854947, 12.45969480984764;
  4.345246694243579, 1.502410692564311, -7.362360050864703;
  -6.092203917534005, -0.6376758890599032, 12.67657405879071;
  -6.205110719110231, -2.108240869206864, 12.9724310457162;
  -6.007486766050019, -0.1141572517289417, 12.61942063440217;
  -6.059797189158799, -2.275513974523657, 12.70419340503616;
  -5.92059683669017, -0.06401972443095517, 12.4836708442994;
  -5.958083348046882, -0.2027661304832696, 12.56016071391187;
  -4.123694649495794, 0.5274957579081556, 8.991819062758538;
  -6.030653190820042, -0.727225159683713, 12.70487816878782;
  -5.956506680178384, 0.02311801751423489, 12.59671201684252;
  -6.124791141448999, -0.5657255031545657, 12.92641565213379;
  -6.072332088780411, -0.1460381179986482, 12.83430153368573;
  -6.270124039690537, -0.3204693026628926, 13.24123169360013;
  -4.032460751658669, 0.4141508340474083, 8.859918746910013;
  -3.966171610042046, 0.7415536644380326, 8.765412386023531;
  -6.135130701731007, -2.196137631877814, 13.04820811227722;
  -6.127240637899174, -0.1090229426844386, 13.0607706600693;
  -5.948150361636503, -0.02324148070773768, 12.73720308813359;
  -6.147761314448156, -0.3488656219487945, 13.1408586446706;
  -6.172252232314335, -0.2838826987253705, 13.19445924525959;
  -6.117381670503137, -0.6605905945824817, 13.14255139787538;
  -6.185199585371169, -0.7846632831135423, 13.29755940563575;
  -6.139069495172359, -0.4121544901597697, 13.22185086536436;
  -6.068202958174215, -0.1271590379568202, 13.18593847655328;
  -6.007299555243285, 0.02651898377660865, 13.09135788532828;
  -5.271657915336414, -1.921688191896799, 11.58939797516589;
  -6.010615787312583, -0.4094942730845715, 13.10797581490406;
  -5.983915473105694, -0.3125802371134991, 13.12939108211445;
  -6.042633144526775, -0.03943185543298476, 13.2661488588016;
  -6.009107582146012, -0.5143280394716067, 13.19686937182887;
  -6.026523980155575, -0.6302035914200087, 13.24576225334475;
  -6.058630944010553, -0.7290211104188766, 13.38769599191939;
  -4.73878307006196, -1.956598792558442, 10.6791864113842;
  -5.95289485181076, 0.1965114857520906, 13.21799263370555;
  -4.799224635199109, -1.915198092654484, 10.82559427281917;
  -6.041504240841014, -0.1193510597201867, 13.41959108873045;
  -5.928397978207309, -0.6237190526447419, 13.18263263085873;
  -4.849762035284845, -2.067658862626551, 10.96503968002258;
  -5.191598004982463, -1.713109736357525, 11.68092542091988;
  -5.204774110631719, -1.83915472103152, 11.71737495297637;
  -4.804542907739692, -1.869074902031322, 10.88498772698649;
  -5.20366732275927, -1.640658673012764, 11.74842461900654;
  -4.71779993997969, -1.763263805891183, 10.7642108122327;
  -5.046914604865053, -1.827975547970083, 11.46651724447395;
  -6.07447286148554, -0.6819240800370963, 13.65127430569977;
  -6.234624169861212, 0.1373347532566423, 14.00984465515813;
  -4.714618392019096, -1.996677900763818, 10.80025726420314;
  -5.08677142024382, -1.812735646640558, 11.59533740673693;
  -6.070896783315061, -0.1607870519326335, 13.71225956426008;
  -6.046117683867065, -0.7749117475659191, 13.67616003440771;
  -6.035514021257978, -0.3675640478147547, 13.68955737625209;
  -6.093780476454568, 0.03394423181935027, 13.82757256994331;
  -2.403136510891989, 0.7899695684574706, 6.043850018867815;
  -6.040898840514998, 0.1122300900169728, 13.7555601845731;
  -5.989540398298749, -0.5582114838940476, 13.6669972948253;
  -6.047861507536614, -0.1174344884478164, 13.80117664336309;
  -5.949465148786299, -2.782188302652046, 13.55128643341748;
  -6.159254974150263, -0.6916847609090348, 14.09344129863493;
