m=[-11.4601982352652, 0.05001346066923707, 14.7722054713667;
  -11.32621684641905, 0.3516627630901876, 14.63534456847339;
  -11.41206123601756, 1.146897710568302, 14.75011422063768;
  -9.206553317904422, 1.559793303283483, 12.11119862480138;
  -11.43825430021547, -3.178127222020879, 14.79356540561833;
  -11.2019818648669, 0.755374221881886, 14.58048912790011;
  -11.58609686750999, -3.090764678174595, 15.04962226259018;
  -11.41626456985791, -3.287354511686111, 14.88437397841382;
  -11.24300659406983, 1.073395639125883, 14.69433026991146;
  -11.37858197337166, 0.715375444939294, 14.868973522903;
  -11.33229268993195, 0.8998628153803914, 14.8490364669052;
  -9.031042548992232, 1.750905282482826, 12.04833538640207;
  -11.11443243765018, 0.8541179851514527, 14.60911989579124;
  -8.976750259105586, 1.658049106968268, 12.04732316270595;
  -11.4088947942241, 1.377624818990295, 15.04372013152028;
  -11.11189011918018, 1.440555739186151, 14.70899112225672;
  -11.36017791146146, 1.047193967972324, 15.03117045258612;
  -11.29406201701885, 1.286133396429464, 14.97741029152263;
  -11.19044033504121, 0.5824072427277174, 14.98456492438778;
  -11.15722640279566, 0.9162231032642804, 14.95436306941165;
  -8.76268765816225, 1.688752682006391, 11.97455679242714;
  -11.20682193202691, 1.199872529361435, 15.06272742125042;
  -4.980938164878767, 1.510872150432097, 7.275516554692413;
  -11.18818686334462, 1.344130772403252, 15.06899441650037;
  -11.23417722055381, 0.6686080332058362, 15.12964614192861;
  -11.33353528242503, 0.518135563114448, 15.28496358502772;
  -11.06607764627932, 1.483631316579709, 14.96850358530764;
  -11.31095881422341, -0.4841434758107173, 15.29356655428139;
  -11.29711885270227, 0.9340615544183784, 15.30450585059031;
  -11.4081702533048, 0.5956151687546769, 15.45877489089762;
  -11.28877337919778, -1.774052801627122, 15.29710509469844;
  -4.981945424599186, 1.521383826668977, 7.337027243743253;
  -11.15856123007969, 1.323049948154578, 15.16719214571204;
  -11.35199262140226, 1.640020143924871, 15.40917617642567;
  -11.23565491855382, 0.4495123914647777, 15.28998831039587;
  -8.108647800792177, 1.728897027282887, 11.36298330354989;
  -11.0878520285521, 1.435076336108616, 15.21230223679254;
  -11.11929327613748, -0.6454742272442162, 15.24643242921507;
  -11.15001871955253, 1.368628352097484, 15.30608648836146;
  -11.27495706481343, 0.554420403039855, 15.47840742045;
  -11.21939114533351, 0.8636312019857185, 15.42237793053406;
  -5.02866077508503, 1.485551332094512, 7.481523450125406;
  -11.14890171434909, 0.7232441166822801, 15.35642636728671;
  -11.17119495653366, 1.313841651802784, 15.39318256361567;
  -11.06729725561565, 1.419915834032245, 15.3071578748399;
  -4.756826929878042, 1.56539343212975, 7.186621415746292;
  -11.21075602390834, 0.4940065323243772, 15.5646572796288;
  -11.32600992393676, 0.8147616732413402, 15.77458162493548;
  -11.42093460368875, -1.45576419239685, 15.95455814577059;
  -11.1817547366425, 0.9655024961451733, 15.66028555750383;
  -11.14990707197272, -1.396872482783167, 15.6387541415755;
  -4.950087791646936, 1.602568413261613, 7.588008779308667;
  -10.37285585816441, 1.503174663952996, 14.96151310176541;
  -11.26572909124539, -1.448560857210409, 16.25733922870574;
  -11.27213005357621, -0.9781154914125364, 16.30480251066305;
  -11.1912282208912, -0.5936047537886435, 16.21881914287878;
  -11.1827451684664, -0.3036147130465873, 16.24435503139339;
  -11.45744914776883, -0.7828860696044961, 16.62546115394943;
  -11.17998071748153, -1.553011797649081, 16.35153728806139;
  -11.24670771521468, -0.2852833721704327, 16.46044537800432;
  -11.23443197465412, -0.9659150058216691, 16.45337737215709;
  -10.58529089920935, -1.49438044023313, 15.56916529858251;
  -11.01746731522133, 0.9915277050347889, 16.20102861011357;
  -11.48222033943465, -3.939199652469333, 16.85899390425318;
  -10.87877002327662, -1.373271667159153, 16.04467235449393;
  -5.036038957140231, 1.630761169920134, 8.003185231060254;
  -11.36060650698421, -0.8818707860727476, 16.79785642592233;
  -11.15344893629494, 1.173688206235834, 16.53914806958189;
  -11.49683724788584, -0.1696252680843818, 17.01299346026795;
  -11.37591046124594, 0.4939723502538296, 16.93738210739654;
  -10.95461243368616, 1.259413180014735, 16.3562993687598;
  -11.75943890757625, -3.444251481738449, 17.50334898326011;
  -11.10715949702582, 1.009364128620965, 16.66974022874838;
  -11.41254628047033, -0.3475098472060411, 17.10294279268366;
  -11.38036985896219, -0.9160973667106356, 17.11863370758756;
  -11.36434119842664, -1.010505297406614, 17.32234052759226;
  -11.43650427821254, -1.458309580182532, 17.43472335182936;
  -11.18823603638976, 1.093231243458103, 17.14957583627524;
  -4.846874460232472, 1.630178531123596, 8.089341747715013;
  -11.18714121850459, -1.412662369421172, 17.36499930655649;
  -4.726952597834619, 1.670134217320506, 7.95280390908589;
  -4.610026760018215, 1.623704049715034, 7.91312544557505;
  -4.997623486174319, 1.636337914120457, 8.764889607799537;
  -11.0898353992692, -1.416183813064899, 18.61441342284348;
  -10.96113388840421, 1.100983158244237, 18.51590369602259;
  -11.08667126436703, -1.012277004254665, 18.77180863312125;
  -10.71868845655095, 1.325238292876418, 18.31463408220352;
  -10.89381919001545, -1.39312961712844, 18.58749821926402;
  -11.22844273119906, -0.9594131852072386, 19.14660938868788;
  -10.95996443943568, 1.131873840327243, 18.73509178906724;
  -11.09863493909828, 1.500944977539051, 19.01100553134755;
  -11.25291344957597, -3.975406269839398, 19.23796896661248;
  -11.2361322893609, -4.10575408276708, 19.26150744842679;
  -10.98668152084269, 0.8329477282327429, 18.89179373374433;
  -11.46992306215164, -3.809923534492279, 19.66837162902948;
  -7.115253925256947, 1.677158679789583, 12.64213915720002;
  -11.28466630909658, -0.3097501794266663, 19.44153878410365;
  -11.11757515243752, 1.108168995468921, 19.21010948344452;
  -11.26429401556068, -0.9555350078907908, 19.47008481970367;
  -11.49681639868266, -4.062102260031009, 19.93156761651667;
  -10.93858395299959, 0.7794854234991528, 19.05005579430266;
  -11.38028144016863, -3.926351260463678, 19.76001524206333;
  -10.75115152012166, 0.637858355387813, 18.76159675393791;
  -10.98896577186017, 1.150811254445807, 19.19097493087288;
  -11.03213329767409, 1.408266018032001, 19.32717664127162;
  -11.29361267434999, -0.9640750842317558, 19.77041319940394;
  -7.979047507055244, 1.647678130920658, 14.40494702536544;
  -11.37346589500074, -4.193070540508038, 20.09792273769952;
  -10.88046979414234, 0.872857050457714, 19.35175422980839;
  -10.94438000792115, 1.350420696499519, 19.69121528895775;
  -11.04228683882317, 1.293654069569627, 19.97312336433249;
  -10.83876134707751, 1.393501229350123, 19.70491889479651;
  -10.75351293708577, 0.6910307459175316, 19.56245484205697;
  -10.74333670849224, 0.5471880826354467, 19.55787408607182;
  -10.77746497523437, 1.002933913830762, 19.64319327950554;
  -10.86894774394859, 0.9501026698473348, 19.88817072181723;
  -10.87707658264936, 1.460376036122617, 19.90726285462679;
  -10.96700693697612, 1.165598559230336, 20.11840904704525;
  -10.88104854990856, 1.379552490164365, 20.00424315198562;
  -10.7585100298133, 1.303277825844505, 19.92167879284748;
  -10.86927683552858, 0.9340728535688213, 20.16455022764643;
  -10.91167740017089, 1.188166409190836, 20.25889315108425;
  -5.285199086216884, 1.638556182000409, 10.39925430482121;
  -10.92733999226891, 1.136901232065794, 20.42614385920414;
  -7.097011512527288, 1.639127831452983, 13.7121868815751;
  -10.96124595081582, -0.07148156416280466, 20.608949971742;
  -8.706318866332859, 1.486404853371586, 16.60603561200011;
  -10.86299177633896, 1.345550042174298, 20.56029956160541;
  -10.819326708849, -0.01114424776718034, 20.59694299955758;
  -8.651455590639538, 1.495135985324976, 16.73987842384611;
  -5.083607252462202, 1.607591088232663, 10.27502308609546;
  -10.54980162692856, 0.9317268189116562, 20.23298660213697;
