m=[-11.36249043437366, 1.463467775332734, 14.58636753678279;
  -11.56507152179698, 1.410479033137552, 14.86129682026854;
  -11.63820548452397, 0.5654050264782473, 14.97176815974709;
  -11.57780384243359, 0.8800582634811306, 14.9081639206422;
  -11.55029019156739, 1.347956388977943, 14.90453954259146;
  -11.54127479086798, 1.464585783137341, 14.94146775992024;
  -11.66319753519729, 0.9947558251994416, 15.31682372363632;
  -11.71077517847248, -1.482757676324975, 15.41258497072482;
  -8.99211649301802, 1.711222241901324, 12.36406694405566;
  -11.47745967509215, -1.494209311079618, 15.58347120208663;
  -11.57321995839372, -1.010962987225357, 15.74925770495429;
  -11.48630615289048, -0.6102521388073074, 15.65350542013831;
  -11.93685935925456, -0.8322718215012822, 16.31687771911956;
  -11.63511126705393, -0.3180092745429096, 16.029211327553;
  -9.01761960831112, 1.671801923564266, 12.6541393994882;
  -9.828149618652862, 1.592987800345528, 13.71232402188657;
  -11.67308811337607, -1.009495888931704, 16.09319643354343;
  -11.75267251150047, 1.059353497788699, 16.24407129049988;
  -11.2340480748199, -1.429826694845865, 15.57355475931402;
  -11.43639734311302, 1.200328802326936, 15.96062211225728;
  -11.78271147170701, -0.9115249030030481, 16.4213763404906;
  -11.61581003823823, 1.322431438243354, 16.30887592302645;
  -11.73031940380269, 0.4999724825949092, 16.46526977558755;
  -11.93661495749791, -3.45922958475844, 16.7900644542301;
  -11.84826773959633, -0.367280991011048, 16.753799624808;
  -11.78497620219077, -0.9362255005432619, 16.72918806400293;
  -11.61044513623694, 0.4935354563223795, 16.55480327904516;
  -11.54389762540251, -0.1416629205262545, 16.48981778443372;
  -11.65037374694799, -0.6065532656652225, 16.71740789461999;
  -12.04576010795784, -0.7438667884440484, 17.2751519472672;
  -11.92598668986272, -1.529756795261845, 17.18075486597405;
  -11.85753763896666, -0.9770010055707706, 17.09790611245731;
  -11.71211610965864, 1.15302699956134, 16.93791398081655;
  -11.17664416134513, -0.5101576355450431, 16.39353879018099;
  -11.75611882731334, -1.483111592024492, 17.23834213046986;
  -4.687017650065664, 1.652833992720404, 7.672796398926819;
  -4.904627052924226, 1.614539912406821, 8.055473745731439;
  -6.806428826311282, 1.610200365438531, 11.14509200676357;
  -11.58370413594914, -1.46935101269194, 18.44377435432882;
  -11.72713093741297, -3.411233677483659, 18.72189708178833;
  -11.7274713807559, -3.16090694871088, 18.73021013454036;
  -11.65460068677435, -4.130123376664049, 18.63640528085087;
  -11.99359603636584, 1.187054091740486, 19.2001116471083;
  -11.61662150804562, -1.065430374122321, 18.66714578563715;
  -11.7054626516644, -0.3144032813015719, 18.80954130782832;
  -11.47160237486695, 1.429746436527372, 18.56727562488477;
  -11.65312285095204, -1.498113740306448, 18.86192701845704;
  -11.48518820235121, 1.176752733261214, 18.61912952515655;
  -11.84751582621385, -1.005852217922107, 19.1935512297107;
  -11.65886254191874, -0.1611272104982795, 18.93817379533981;
  -11.98508086112039, -4.245863040169737, 19.48753751831179;
  -11.6204033167239, 0.8732633219775267, 18.96082221047046;
  -11.8782715594939, -3.940576417797562, 19.3882873241309;
  -11.52879328925549, 1.142481548699544, 18.91974722944169;
  -11.92650056628226, -0.3463348872083857, 19.53720528569716;
  -8.126947799027933, 1.678365523646615, 13.667033262899;
  -11.87776547376743, 0.7959548839251112, 19.56159521137295;
  -11.54552347791253, 0.8137080048386076, 19.08931698101723;
  -12.0147126514053, -0.6006875776314112, 19.83279654380817;
  -11.83495624745831, -4.193079836794379, 19.55219789186001;
  -11.58464488832123, 1.209324174390872, 19.21375922702754;
  -12.18814451137364, -4.221087980725021, 20.15917962917353;
  -11.6722812125789, 1.480647700432632, 19.42564056317496;
  -12.0200791019267, -1.03504946635391, 20.02893370241462;
  -11.3644623917731, 0.8327721868389466, 19.01843260166064;
  -11.29967959940787, 1.005086393903022, 18.92601191531833;
  -5.224535973560542, 1.628526047982788, 9.290328083905269;
  -11.84739039652473, 1.184954972602206, 19.89596316525869;
  -11.63229902104571, -4.312816311846142, 19.6047008434516;
  -11.45623828761151, 0.9103889747874783, 19.36113410143535;
  -11.67019534920655, -1.473063019970511, 19.75965079757776;
  -11.51233821785949, 1.414073554417975, 19.69811801433794;
  -5.045026488988819, 1.600064260403559, 9.200363150349855;
  -4.918093312737176, 1.643642694236977, 9.005394090693402;
  -11.30802249089299, 1.451730984685447, 19.55190947535182;
  -11.36823546686789, 0.7240661344344713, 19.66411695815911;
  -11.31873179435245, 0.5706331418425066, 19.59310199816549;
  -11.36646605239734, 1.037698442878444, 19.69993205221163;
  -4.666111093189119, 1.632528665255025, 8.66736564477953;
  -11.28582811171688, 1.51073755588518, 19.65466623538997;
  -11.40106427422092, 1.201734158317814, 19.91388462130597;
  -11.5589569380109, 1.456693256088931, 20.22613983233341;
  -9.233545371515747, 1.606872972825098, 16.39585650416248;
  -4.892470101376942, 1.614325693748629, 9.154367200318113;
  -11.3329629674314, 1.145107893669958, 19.95458413389888;
  -11.68949291865141, 1.567716939606284, 20.62305671892774;
  -11.44826064869538, 0.9844369637097955, 20.22781096707832;
  -9.20578858853648, 1.669488145203483, 16.52986263821046;
  -9.328910979880929, 1.588509000162521, 16.74482322704506;
  -11.54714382501194, 1.19795178541861, 20.56983892660291;
  -11.66290808469126, 1.126672710344332, 20.77434570461262;
  -11.58941699197691, -0.08191094830935587, 20.78243022405497;
  -4.636093608884427, 1.569133819675579, 8.907090450278805;
  -11.30002656504601, 1.001340650338428, 20.30335193847629;
  -8.850591644924254, 1.525156771424389, 16.12412437954844;
  -11.61027662665227, 1.42001889398398, 20.94539394807888;
  -11.46639920057419, -0.01681930966220617, 20.81851824418946;
  -11.08340985181216, 1.283745968951791, 20.1797166055379;
  -11.09890935557541, 0.9762240924895024, 20.27598574473982;
  -11.23491253533781, 0.8250231650752241, 20.59159471899749;
  -11.51163457019983, 1.444504989987822, 21.12533067514536;
  -11.663422121214, 1.132928272549647, 21.39947321997555;
  -11.20475993069652, 0.9085706130856422, 20.69792671107599;
  -11.27814669566716, 0.7513215752984468, 20.8912322712638;
  -11.33643666809481, 0.5805169443933659, 20.99471582127371;
  -11.09098948289712, 0.816441745609616, 20.6230032237095;
  -11.34910577835567, 1.260260304023229, 21.12540292340341;
  -8.970328680232994, 1.344650754560274, 16.90585808620818;
  -11.56805750474599, 1.406072222784592, 21.55984516941382;
  -11.15399273400568, 1.09052499970197, 20.82656854098334;
  -11.01144225658053, 0.8712737368286967, 20.66998138260493;
  -8.790911034764807, 1.330319940362983, 16.84438946661233;
  -11.49776004580569, 0.7520125763146254, 21.72700055507477;
  -4.681705482157411, 1.584566137402095, 9.449376294198022;
  -8.601575333095806, 1.543999478729638, 16.59265877168377;
  -11.41102636551123, -2.103927337528456, 21.67237980909722;
  -11.19444623682014, 0.6493461982059374, 21.33998384235573;
  -8.339009291433188, 1.107039251897834, 16.24116721094399;
  -8.625097525399074, 1.383114288241983, 16.77444421283343;
  -8.477302994255792, 1.466772668021175, 16.65783587169825;
  -11.86560240702326, -0.7297812959535737, 23.30677671636019;
  -11.71600616869283, -4.271263407851474, 23.09877689665002;
  -11.48218402508932, -2.98812203715547, 22.66704837251891;
  -11.8110770937966, -1.34049325976219, 23.42292560562365;
  -12.00361278364819, -4.278039003054211, 23.81831589529663;
  -11.94271935664538, -1.254091273048961, 23.84139349811667;
  -11.68854862206698, -0.4491807563288151, 23.38206639161775;
  -12.1408669597241, -0.8243816004609021, 24.30492502546764;
  -11.95831217690517, -4.059754564248988, 24.02569708974352;
  -11.66710119959963, -0.2263377681633759, 23.51021355312867;
  -11.76086592886209, -4.420727184592733, 23.67930286162975;
  -11.56117637760917, -0.1269459874050246, 23.37045357772413;
