m=[-5.852935758498104, -0.159971642022597, 8.063347397907007;
  -5.824052069737108, 0.5249639965158719, 8.04977054604532;
  -5.781449414297094, 0.606803002989052, 8.068583715158804;
  -5.79823942069887, 0.6601153144853849, 8.140867229481735;
  -5.919149863840811, -0.4702308217673598, 8.402441341612761;
  -5.847590428718033, 0.2485686962695654, 8.337812036311821;
  -5.756088087282382, -0.07063682264960944, 8.222252725246818;
  -5.966179578861509, -0.3106171343259795, 8.561017848762857;
  -5.970995850737454, -0.5359557755118038, 8.596339970698963;
  -5.889681227683902, 0.5798236126372424, 8.517582397144411;
  -2.448008445480455, 0.818132341333108, 4.482485261473796;
  -5.88344033839237, 0.5823075836491063, 9.418585637178316;
  -5.8407284633216, -0.5356884105687421, 9.385666016890644;
  16.13315338622883, 5.543517925802493, -22.34784099291314;
  -5.790140139354756, 0.7216456743108286, 9.371587713817997;
  -5.760557100538937, -0.7405714205984019, 9.324127875914652;
  -5.725825480525191, 0.5866582824481159, 9.282380434873105;
  -5.725123889695252, 0.6255557785845375, 9.320741571156017;
  -5.838655802048606, 0.4387699654316111, 9.526839266538151;
  -5.805845152888129, 0.5753482429044161, 9.52789420279529;
  -5.792351891644572, 0.4082346816140567, 9.577048761516165;
  -5.812745722548994, 0.6067940786818805, 9.640752723769957;
  -2.344501082898987, 0.8186281153406138, 4.486431890530191;
  -5.851551500496386, 0.7422787470058588, 9.738467923738048;
  -5.879316088269021, 0.6633718253407478, 9.782243126996397;
  15.80215501252541, 5.468628238582397, -22.67936995397616;
  -5.728060807868319, 0.4197444244056946, 9.585912175794586;
  -5.995296285735099, -0.5162551900502074, 9.989900300579006;
  -6.00381434613437, -0.5665643817118627, 10.00755312669367;
  -2.706408224527551, 0.8088086673478289, 5.086620654319835;
  -5.765355191336238, 0.4581535116637799, 9.743496268105259;
  -5.87358564900044, -2.177703302692203, 9.899151433324533;
  -5.881142452224453, -0.7423434828911874, 9.957787138041892;
  -5.810354783268481, 0.7136924650163389, 9.941773083806773;
  -5.680028536018893, 0.286358276541262, 9.832318715621241;
  -5.735648014696938, 0.3653151360720863, 9.921192582661021;
  -5.664989386834622, 0.7583238142265193, 9.865778082307035;
  -5.802516012296865, 0.5018236696620265, 10.10381392578361;
  -5.667635262780697, 0.5973995697551271, 9.899482362700081;
  -5.777602422229279, 0.7281102031921535, 10.10978716456288;
  -4.565962048552042, 0.8280463360845557, 8.198615984711216;
  -5.692653111816273, 0.5751983866001391, 10.02337392183195;
  -5.764776902044233, 0.4957136847298725, 10.18572349287126;
  -5.830731679057684, 0.6311698066004868, 10.31145472373582;
  -5.898774350840576, -0.003992103593945794, 10.43394090568625;
  -4.529683368507205, 0.7805667167854432, 8.252236795454049;
  -5.802713425416544, 0.6019991621818305, 10.33683154093138;
  -5.785296536364, 0.5126583165780191, 10.39474650525018;
  -5.997623059546825, 0.7335516919553565, 10.81994699815458;
  -5.765337295911761, -0.008456795511022368, 10.46760866940988;
  -5.620451821381483, 0.494356724875212, 10.26769364073429;
  -5.617757066074873, 0.4125336713302183, 10.29634866943092;
  -5.908697479340803, 0.741436234896752, 10.84322016558813;
  -4.545894383691217, 0.6814288005579454, 8.567383433220909;
  -5.631135496775444, 0.4566170326110274, 10.40208184140464;
  -5.790899206813919, 0.6152716361755078, 10.67751265627598;
  -4.470142520442172, 0.6179785706531211, 8.470768306714781;
  -5.709703135843996, 0.2923828284721871, 10.57418642828496;
  -5.62507736185743, 0.4140791935278596, 10.45948053111837;
  -4.409013523093641, 0.6672116898812911, 8.448173420576177;
  -5.604672122542254, 0.4434663062405627, 10.52073522515375;
  -4.366234156369685, 0.7837475114014959, 8.422577338265089;
  -4.259361714202551, 0.7369696883361877, 8.369613354796709;
  -5.820409842619908, -1.514702680083012, 11.4901059904868;
  -4.169683384714288, 0.536656920049557, 8.578828353404058;
  -4.093974632658768, 0.2423673329097953, 8.441540880155893;
  -6.011028649214279, -2.142306276727414, 11.92745732498964;
  -4.055495238489562, 0.417991406127271, 8.401255411210197;
  -4.003472298049458, 0.7497214405369317, 8.335961986885405;
  -6.030903535316906, -0.4095066625112617, 12.07332711477437;
  -5.801319131015127, -2.180625928745523, 11.68036380409322;
  -5.875447117472092, -0.1139816621781089, 11.83953186731794;
  -6.037714539369214, -2.049757423641728, 12.13049956308859;
  -5.887776264521745, -0.2024219684500446, 11.90821715563586;
  -5.966479912111073, -0.7186548169468866, 12.05892661323801;
  -5.953290079745247, -0.1456481005934344, 12.08074244402278;
  -5.998450325327309, -0.1084933206095944, 12.27827094514277;
  -5.881402750274807, -0.02505543073389572, 12.08185441429468;
  -6.025131715358118, -0.3417481001843572, 12.37060066039025;
  -6.016270909552518, -0.6506437115316464, 12.41782890465828;
  -5.928584667132406, 0.07314435428269304, 12.26779120333767;
  -5.77970733278281, 0.1390545180066614, 11.98827004662254;
  -6.015703475481217, -0.7652455171428737, 12.43372255088777;
  -5.999809765929787, -0.3012703178981939, 12.45460449376511;
  -5.910739472031812, -0.1279112157998032, 12.33992778760751;
  -5.970200332034699, -0.5870867985087369, 12.45453223191042;
  -5.944945638613869, 0.02063450316175028, 12.43490336495921;
  -5.947080866730345, -0.4055661169195146, 12.45560833074127;
  -5.973942731562849, 0.07314805802034126, 12.6018875278281;
  -5.934180624374347, -0.510139758083869, 12.52071147435871;
  -5.920267377446682, -0.6200422003702086, 12.50561404506546;
  -4.787278859150894, -2.042886492719179, 10.33289964742091;
  -5.900836119193551, -0.3551429392265948, 12.53958777458679;
  -4.826125177696484, -1.880255285672995, 10.43811395961358;
  -5.151275177230606, -1.700911503400901, 11.08580672642414;
  -5.000644984613056, -1.580789422505436, 10.80279292006311;
  -5.89217763213325, -0.1191727741841268, 12.57881977717119;
  -5.875894449213925, -0.6205426617220711, 12.55216900276428;
  -5.792131354921462, -0.3510488312598941, 12.42708884805454;
  -5.926213323984312, -0.2787735541398894, 12.70492709105743;
  -4.650471862848726, -1.972647089797819, 10.16578872863083;
  -5.825629482317144, 0.02453240084376268, 12.57501697856192;
  -5.965143997226054, -0.792921525143961, 12.8516536341942;
  -3.715545818261629, 0.4015900733602816, 8.387693152907993;
  -5.946919614068787, -0.6689608475047156, 12.85881210767349;
  -6.171455901032025, 0.1368567649817772, 13.33539876915207;
  -5.961877756704326, -0.1592194806589517, 12.95486024208756;
  -5.795466153023033, -0.8494125801672572, 12.61756874577857;
  -6.003124869054395, -0.8653391519631468, 13.04077451765992;
  -5.909399199547387, -0.7031566486113651, 12.88877799173919;
  -5.958985671491111, -0.07784312557826875, 12.9972902978327;
  -5.946844155871635, -0.370183154942806, 12.97204292083597;
  -5.982512298837782, 0.03468226324844977, 13.05992614775948;
  -5.94581228122524, 0.1113026952584768, 13.02502499790584;
  -5.986002284810892, -0.5721205510920522, 13.13831179074986;
  -3.653567182941035, 0.4281508467584864, 8.415764211060932;
  -5.918252524443393, -0.04586192324398031, 13.04063616522701;
  -5.985553458409587, -0.6707035091274276, 13.19313457232869;
  -4.395248039002175, -1.574497415326776, 9.952202056194572;
  -5.989286497553212, 0.1512700285734587, 13.24382259380766;
  -4.816729933025282, -1.376058976255759, 10.8673016891196;
  -5.91443404383673, -0.4319412242111032, 13.13974847667267;
  -5.955069038441994, -1.04501728293699, 13.28226956449193;
  -5.959373397494447, -0.7910821652196525, 13.31560382046836;
  -5.983222465439923, -0.1885869055668638, 13.41379727608805;
  -4.73256512282358, -1.295799734389885, 10.82954552845319;
  -4.300977514916357, -1.528572228062564, 9.95387686044743;
  -5.897314379864588, -0.6766950275920818, 13.32573030091777;
  -5.408753431564148, -0.9736108291461827, 12.29503023626624;
  -4.976134928951784, -1.176903831946314, 11.40186804298292;
