m=[-5.702963057730708, -1.611440228107913, 7.790817793567666;
  -5.587208132881449, -1.474107727963526, 7.792497660073474;
  -5.512173563438554, -1.525939953962975, 7.877606839129578;
  -5.569587074098357, -1.446001132909224, 8.075013353800772;
  -5.553790759418122, -1.449664336968275, 8.157215261708704;
  -2.932874520886893, 0.5428672678598796, 5.000401132417482;
  -2.918138004219089, 0.5552996479024932, 5.016564740687802;
  -6.098310528611986, -1.633611915783532, 9.365762187550873;
  -6.097949202629599, -2.051451233513722, 9.406612876152542;
  -6.09643641566534, -1.603528727119068, 9.431544378169706;
  -2.903532200140255, 0.5066662380612289, 5.08251571302661;
  -5.927751594275326, -1.896020792890488, 9.992844003854188;
  -6.063064033785956, -2.07411336160085, 10.20319409738035;
  -3.811152272038317, 0.1793465179244424, 6.891735057699967;
  -4.367965115983813, 0.07519913740165297, 7.951998158909958;
  -6.046776593145797, -2.159245150715156, 10.66551537282787;
  -3.185896268372333, 0.9334864233294793, 6.168523926544141;
  -6.02973818566629, -2.183226660097668, 10.78891166758974;
  -5.995148207794399, -2.135229138275788, 10.84909541112054;
  -5.892115401265715, -2.406447438769835, 10.7408686345665;
  -5.910002689185474, -2.359013592818841, 10.77627287055897;
  -4.372561886274366, -0.5116464733624028, 8.390983995808552;
  -5.770585592310491, -2.399056096150447, 10.77052638019807;
  -4.184727457330528, -0.5288995210903816, 8.261979786619223;
  -4.122358041593985, -0.4645774729108897, 8.159768214166645;
  -5.90283678976311, -2.500522968073621, 11.33320280057352;
  -5.819149747298131, -2.550760858378661, 11.26368421237376;
  -6.937997333946393, -1.596597420733733, 13.27657567912514;
  -3.071121984576466, 0.4927649689063672, 6.535829205414304;
  -8.835541864958664, -0.3615825271251188, 17.6075691874438;
  -8.926842755780765, -0.2211733981428993, 17.90404461177548;
  -6.22298254637383, -0.5628155380295205, 12.82167422838431;
  -6.093343704437063, -0.8376286933243528, 12.60897658145059;
  -5.608751798276091, -2.498732349769736, 11.72629977012326;
  -6.080452315612128, -0.4700452989994148, 12.67215094158997;
  -5.584853825253846, -1.664851718178942, 11.87206300992346;
  -6.029604922976202, -0.5862820771269388, 12.85996179714319;
  -6.03674253972854, -0.8588472377306795, 12.87786559093293;
  -3.115724263351174, 0.8641735879331721, 7.199790642490026;
  -7.727321598242475, -0.5528066465705639, 16.77832257050025;
  -3.126655107314553, 0.886849678439417, 7.434523871213297;
  -3.24965235872074, 0.6827863606970623, 7.689043280544794;
  -3.080041630449796, 0.8941828093206187, 7.524831890390796;
  -7.656081890802492, -2.380321436011217, 17.27443399332337;
  -3.008612166347432, 0.8814324581335442, 7.46882056475482;
  -8.712003517399984, -0.344907320436918, 19.78900563375704;
  -2.977203861305623, 0.8963297194000688, 7.466458234582803;
  -8.176919306539322, -3.635510468569267, 18.63343511717146;
  -2.395796613096593, 0.9300745136281606, 6.215771952702882;
  -2.956758795538974, 0.8856145932700756, 7.531214133187283;
  -3.0124576783265, 0.7130454846005896, 7.693957371745388;
  -2.906158807416003, 0.8334933212372845, 7.514488775180944;
  -3.145889201069658, 0.5656279369649853, 8.257743730120023;
  -2.42549871904546, 0.9346854657738563, 6.619497740796127;
  -7.586230806798739, -2.118540628356302, 18.5594222216443;
  -2.842799234080223, 0.7432851146635043, 7.644338859657376;
  -7.600388168070413, -2.405719013677971, 18.67020921360404;
  -7.348175285427909, -2.29692701276677, 18.31560834946384;
  -2.665964154577579, 0.8673687467839162, 7.474674211094942;
  -7.174007764234793, -1.801272919993564, 18.49167514443816;
  -6.736764956614994, -0.7104272392132677, 17.51805943792757;
  -6.918081284053063, 0.02466081528676644, 18.01650595661703;
  -2.641187658546079, 0.8253961019833876, 7.573767730619855;
  -6.634808308851982, -0.4920903352446007, 17.48413361957964;
  -7.038943944398706, -3.180547927274838, 18.44607483819252;
  -7.010731431563097, -2.089569447599591, 18.41866046988209;
  -7.108534806229419, -1.942358209112612, 18.70547963852833;
  -7.017839688923223, -1.7980880735109, 18.49770791654273;
  -6.578404991234276, -0.4030875563965805, 17.46108407583856;
  -6.772386000179419, -0.03203058235347674, 18.01522288942918;
  -6.289500952341239, -0.270087287870973, 16.80816702181119;
  -6.750044902153375, -0.567009109627682, 17.99306117253575;
  -6.542934011456819, -0.407223262309872, 17.58198783405725;
  -6.558107495361482, -0.02684701087876215, 17.7521598588684;
  -6.696601364237312, -1.68866561144679, 18.09547892113514;
  -6.369357558852252, -0.2171241535699923, 17.28851825098862;
  -2.540134769154308, 0.8076900211280892, 7.54639918415532;
  -5.956934898375471, -0.7424597293855276, 16.29251726145813;
  -3.065444612645949, 0.6687774164002639, 8.929046292052037;
  -3.036235232552767, 0.3333685254725839, 8.96733866721609;
  -2.996250882808418, 0.6451152897631619, 8.875943206460715;
  -6.142123486119645, -0.1886293918854775, 17.0858269835003;
  -5.88115160605939, -0.5479558459626307, 16.46906720552426;
  -6.542046739153864, -2.369419907225804, 18.19090263361739;
  -5.865632712804437, -0.4288642402934353, 16.45435267500577;
  -5.885762479196113, -0.5055681508887758, 16.70221641609428;
  -5.820039537627026, -0.4940865666575474, 16.5417600635765;
  -5.830208078401943, -0.3308314268865062, 16.75479790848694;
  -5.862470045366923, 0.008773501728803739, 16.87466251831367;
  -5.851860734434318, -0.1417472488604377, 16.84835945554972;
  -5.688470962129524, -0.4688337279413965, 16.40252803055852;
  -5.844290260255519, -0.2670018618277262, 16.86866549343114;
  -2.865863298456657, 0.5601112273043523, 8.871070202993103;
  -5.790472982342758, -0.005234088837125675, 16.88692556041821;
  -2.836202136750463, 0.5165912856159435, 8.856974220703132;
  -2.430114023064617, 0.8597430187644225, 7.774007273261048;
  -5.792269137754369, -0.399593325859304, 17.06945613741066;
  -5.765516459828062, -0.1262837339162413, 17.02235301020843;
  -5.885399095499083, -0.8300891812297879, 17.56061963854251;
  -5.737764419451326, -0.1026916857835899, 17.26361140385827;
  -5.863642611656541, -0.6735783410571171, 17.80022953594532;
  -2.374819943480012, 0.8549270149821426, 7.882077355844578;
  -5.638070301325115, -0.1382439561740763, 17.32483468856969;
  -5.610671650591053, -0.295386268004307, 17.31043397204762;
  -5.601881239439561, -0.04817819072433456, 17.31645905677161;
  -5.555753142921502, -0.3792919795371098, 17.21129869215225;
  -2.692712803384596, 0.2982095175972774, 8.919719649781039;
  -5.579928024402848, -0.5403948039249111, 17.82813922950533;
  -5.484926740777396, -0.1834806182506881, 17.59556782990576;
  -5.835512984965, -0.7994155417483204, 18.71448860704178;
  -2.38114566240851, 0.8538468170789177, 8.310356560574499;
  -5.485073219652592, -0.7652316638212767, 18.01613426810502;
  -5.562187165542428, -0.43913206986746, 18.31391377935435;
  -5.700204569770006, -2.164216096428798, 18.81244727215262;
  -2.360482577805246, 0.8687491726354752, 8.472777063877457;
  -2.520869462735597, 0.3389629985985622, 9.008340046856244;
  -2.497871477702471, 0.2638743676115419, 8.960586858064412;
  -5.703070901834724, -2.252498038218787, 19.08083983145563;
  -2.482313287975255, 0.4838611695416019, 9.00266361570587;
  -2.328686780620067, 0.8698758253609635, 8.533142900728873;
  -2.50353564228557, 0.3087190871507035, 9.088008456471098;
  -2.390721481763232, 0.8836286137879192, 8.792035339034957;
  -5.681652769980744, -1.766340719298571, 19.74024490565063;
  -5.821235915874391, -2.684075334076542, 20.19380461217472;
  -5.618381086163589, -2.139811522317514, 19.76847729797662;
  -5.533751396448966, -1.287918224355917, 19.61857336496141;
  -5.492219578819817, -1.450979114348772, 19.58543348430033;
  -5.530752820666426, -1.643660521145557, 19.76265373154008;
  -2.454215698456867, 0.4246237630044806, 9.385189423200593;
  -5.304016177023278, -1.078913217166474, 19.02980360937433;
