m=[-5.536637798718217, 0.5718505393415749, 8.489393945112512;
  -5.628246654217699, 0.491027656739612, 8.661635958891077;
  -5.730080042791911, -0.07691829662511376, 8.814928926196249;
  0.3114638405644427, 0.08976125433952138, -0.4122070955488784;
  -5.555587502695261, 0.2878721550674865, 8.68179114431762;
  -5.615601206738014, 0.3981713299849412, 8.794487652569654;
  -5.663439744711281, 0.722201343404084, 8.934487061628047;
  -5.637499529243488, 0.5363053329402537, 8.908682702672653;
  -5.555305762834757, 0.4093707399338992, 8.804049933121112;
  -5.833559691192016, -0.7517059693908337, 9.214617426553618;
  -5.761385649011407, -0.4848974844328908, 9.120427425364955;
  -5.599807326710916, 0.4485111701506411, 8.970678116412818;
  -5.720802831216183, -0.7183470374173547, 9.197840463833641;
  -5.650554767828957, 0.6959311118968908, 9.171376539529071;
  -4.419886884857235, 0.8067890696775333, 7.45284161755701;
  -5.508134180945975, 0.2818773255174644, 9.044772618955312;
  -5.551276683590547, 0.3572066874826894, 9.110078035650936;
  -5.700255158222056, 0.5204195865188139, 9.372669522085531;
  -5.532843549040191, 0.7411974005857172, 9.138782777614496;
  -5.50493071226447, 0.5850627946123342, 9.127340962409379;
  -5.593788250650588, 0.6418204048643088, 9.260197632915617;
  -5.588608820060795, 0.705267740477096, 9.288877514488316;
  -5.613106261792766, 0.7570442021211271, 9.415985637734075;
  -5.600710476041716, 0.5854465349026108, 9.486260271871851;
  -5.658347910955797, 0.5508462001450993, 9.587977379439785;
  -5.623048841936043, -0.03482087049962178, 9.595878512938731;
  -5.634608902615904, 0.574838637540784, 9.625781584563711;
  -5.555485388954235, -0.003563065864588722, 9.599646040672651;
  -5.587799601023774, 0.6413329458601681, 9.662718295451741;
  -5.439168640015891, 0.4855492234296886, 9.442028946228794;
  -5.449737237034995, 0.4059375159393702, 9.498859439910421;
  -4.252858722168125, 0.6966655546188671, 7.67547812270742;
  -4.299985721217546, 0.7776715397480077, 7.791856865495588;
  -5.48506925905721, 0.285840430436953, 9.670155451503437;
  -2.317789941385656, 0.8097386081229023, 4.667649786212876;
  -4.15837556958216, 0.7225082591301716, 7.677033893533024;
  -4.080396715002749, 0.6730064178179371, 7.651944640638004;
  -5.57752108734623, -1.023908570861953, 10.10764244366582;
  -3.936024513018283, 0.4113252882926958, 7.664975524370228;
  -3.891666866068531, 0.7338514268155403, 7.609147678907513;
  -3.912866754630626, 0.5315008482963582, 7.683803098697261;
  -5.765703651517464, -2.045542674818134, 10.96582512063998;
  -5.741462635553176, -0.591695537377781, 10.97942694712084;
  -5.686615053199343, -0.2176362784728621, 10.8871980211887;
  -5.701311375983432, -0.1053376090643155, 10.99652241841789;
  -5.790759838582782, -1.964528483032373, 11.16025517255809;
  -5.582384502297004, -0.05582738624996365, 10.7980945465061;
  -5.718446936250945, -0.1900872268719989, 11.06585802221398;
  -5.733419968801204, -0.6862521514816914, 11.10308648161588;
  -5.6471433036546, 0.02661140636174053, 10.96303282131963;
  -5.748572521317507, -0.5191001715189775, 11.16717643429285;
  -5.603466658181682, 0.1295856786040051, 10.93138308117281;
  -5.734923389279399, -0.09792117573927955, 11.25517705211913;
  -5.598054555228934, -0.0185343099219576, 11.01415178360972;
  -5.725393960099706, -0.3184936636841569, 11.27578343228258;
  -5.74963967248813, -0.2617464414150424, 11.32669438593331;
  -5.760720910148204, -0.4999382955568987, 11.38988178310307;
  -5.65987491667682, -0.7927411162610414, 11.2088352749555;
  -5.739464676143813, -0.6143126507614855, 11.36401973910899;
  -5.600348596222152, 0.1371260989429383, 11.12152936079045;
  -5.709424389843999, -0.7208304695047887, 11.32363219315283;
  -5.681790222503683, -0.373723947984268, 11.28096121922846;
  -5.702765251173926, -0.2794628075862403, 11.35981918187207;
  -5.673347495584922, -0.452682341323156, 11.34874162603813;
  -5.629914647639571, -0.1221093979907914, 11.269971826597;
  -5.652612022045079, 0.02874654119097846, 11.34206684277644;
  -5.683471314462921, -0.3824432045228552, 11.4179785846967;
  -4.584783747641896, -1.951577766684165, 9.424863936498353;
  -4.818211306359523, -1.654253581496403, 9.89118898316482;
  -3.637705644970059, 0.3997398337632168, 7.713808791992118;
  -5.646322635368259, -0.03259082137668092, 11.42594708286461;
  -5.66524966790838, -0.4846156817817991, 11.4679498441637;
  -5.667113733052615, -0.5893562652602665, 11.48574407995787;
  -4.610050757023477, -2.012294013844489, 9.560760528359033;
  -4.53154873281084, -1.917922621792404, 9.426320646704241;
  -5.651113025892814, -0.3378232875860475, 11.52135632317886;
  -5.704483677123582, -0.594640834170962, 11.69275277022854;
  -5.626280000463146, -0.259058315855828, 11.57945842010925;
  -4.943771896321915, -1.475377197845304, 10.316915038636;
  -3.561555269545759, 0.4234822493393307, 7.708042849737956;
  -4.583267233804664, -1.50302845264093, 9.670874701555922;
  -5.68871821577036, -0.7556779278896135, 11.77558155357051;
  -5.643094285994451, -0.6280000280785212, 11.721101091464;
  -5.639259612518679, 0.1378331423269652, 11.72990041356595;
  -4.555512755469271, -1.335936853863548, 9.676627050620734;
  -5.658789319505919, -0.1445205835183163, 11.81151832239713;
  -5.679592503696715, -0.810183444106378, 11.86146133368693;
  -5.670990020582407, -0.7221793752538812, 11.85839139311975;
  -5.602721028840203, -0.650992717384143, 11.74295810673158;
  -5.637526679204108, -0.3479849710708539, 11.81578244307251;
  -5.659437742991976, 0.1112016077919076, 11.90920845427319;
  -5.656156075347429, -0.1038155206575379, 11.93308770712199;
  -5.701237266829509, -0.5400184306432099, 12.02274052662803;
  -5.61771386912267, -0.7895688236673467, 11.87136638178034;
  -5.662803251288968, -0.7034187347835275, 11.96568432940934;
  -5.631986951151315, -0.03544887079146418, 11.92120657949858;
  -4.842878257623934, -1.272730931598974, 10.39403235617864;
  -5.607775777270565, 0.05230990603388625, 11.88982936525021;
  -5.67849425682788, 0.1499284864254283, 12.06821554798148;
  -5.634673042277685, -0.405864086915127, 12.03225813973566;
  -4.195826769528939, -1.482830305988349, 9.222898127516956;
  -4.473568676263599, -1.049710201222709, 9.79318316890628;
  -5.658544494113051, -0.988666848030573, 12.13930346423329;
  -5.53142430322835, -0.07681790645760346, 11.90092569853439;
  -5.665927916383765, -0.7466812118896676, 12.17563546046775;
  -5.705166167129792, -0.1739160079711772, 12.2890941852356;
  -4.117506378994428, -1.500180120273938, 9.171743755725839;
  -4.144130025745871, -1.438126501437139, 9.239402378248107;
  -5.608344257766353, -0.6375574531700837, 12.19136870011152;
  -5.620499077664587, -0.1481186371872508, 12.23152112793376;
  -4.699251767443689, -0.9306922178955173, 10.40136088980625;
  -4.588433765534779, -1.038306729536508, 10.18493484414622;
  -5.74850095562432, -0.8017117797317119, 12.52147098812717;
  -5.617907184306124, -0.2168608668913815, 12.27774582583314;
  -4.66385388887784, -0.9718810069319711, 10.37734239314067;
  -4.590460836015113, -1.203792356704446, 10.24390395411913;
  -5.602959045030894, -0.07323846266721644, 12.28235074404341;
  -5.663196623641872, -0.3948626324307877, 12.41641037826546;
  -4.592667144723989, -1.083053554369793, 10.26735241164375;
  -5.604464737832745, -0.02480930074499569, 12.32770464417087;
  -5.577846240623329, -0.7517693251830088, 12.33409970509234;
  -5.735559973637235, -0.5551599715727853, 12.66072112282065;
  -5.723026726125625, -0.2388050864753228, 12.65140073395561;
  -5.743487958530998, -0.4690768895674862, 12.71371965776475;
  -4.477633025331306, -0.934960574686577, 10.18710658413781;
  -3.255214532304944, 0.4122574383591337, 7.677408120422842;
  -5.737506580488917, -0.1350004516242948, 12.77926876141278;
  -5.713958176101371, -0.3209979363712856, 12.7567842129817;
  -3.24522346579697, 0.5405986297767782, 7.68395919937445;
  -5.183636587112458, 0.05820517380710939, 11.70792290884512;
