m=[-27.93899104660388, -2.158453835606135, 34.22105578407219;
  -29.24045242078719, -3.781559583289023, 37.20249976057988;
  -3.848743218359254, -0.3665644830955218, 5.772437857099643;
  -29.242250339259, -2.397255755870626, 37.25082979061328;
  -3.766395232332382, 0.2973771988126315, 5.706698293637882;
  -3.83802954189196, -0.4888115764301653, 5.845014162150179;
  -3.802933292554724, 0.4636843946132838, 5.845562913515142;
  -3.705431787980653, 0.1851704580818084, 5.757225819494953;
  -3.725998643370609, 0.2361652520349318, 5.790429634854554;
  -3.72601365553409, 0.4485438121488599, 5.811588238023863;
  -3.712987970803148, 0.4958170913841287, 5.804507797158665;
  -3.788449631382634, 0.3249173434059816, 5.937741110550634;
  -2.891755843853131, 0.5185690349240474, 4.911716539633056;
  -3.790709361349458, -0.02756704316297692, 6.14192261510883;
  -2.801508978435874, 0.48313753441825, 4.842877125803449;
  -2.747605069788095, 0.4504250490124538, 4.82545569323747;
  -2.751148073231886, 0.4101389710832389, 4.839070460280846;
  -2.770817891706556, 0.4968964927064332, 4.877005359931622;
  -2.717410190183066, 0.4837970947489836, 4.841363019127523;
  -2.728340546413462, 0.1233271479282669, 4.91979698890888;
  -3.751392514571212, -0.6943223357065007, 6.472386690130339;
  -2.827348250812193, 0.17201390790205, 5.320971351875218;
  -3.776382966353743, -0.9865857562269614, 6.807486707741796;
  -3.776953159016887, -0.01480470640912149, 6.837209624501478;
  -3.818882040712696, -0.2557377621677839, 7.006923971064471;
  -3.844032506738438, -0.0795954552274615, 7.085528100224994;
  -3.867626028954411, -0.1351707929772921, 7.159644626488982;
  -3.867575407462725, -0.4636877799957371, 7.164550205055091;
  -3.887664514587911, -0.09555730694508031, 7.229744022197248;
  -3.895839697558579, -0.1935244724888653, 7.267580311512842;
  -3.770166950486624, -0.02072000527808429, 7.096767586465372;
  -3.850826596688546, -0.3357600463818335, 7.294020850831609;
  -3.81276940275366, 0.08707192722903422, 7.240757246327703;
  -3.863812020746286, -0.4941258996353721, 7.339794961177141;
  -3.836767535147448, -0.1950311857160209, 7.318795780704508;
  -3.821069007111581, -0.08976090668942283, 7.323805594582296;
  -3.838033995046629, -0.3804914193831947, 7.358958405470897;
  -3.799486978165088, 0.01335086378786003, 7.300807299566516;
  -3.777146449410452, 0.07239366875089487, 7.265994644144824;
  -3.820145613935737, -0.2606908400091201, 7.352868076333022;
  -3.807765404462979, -0.02922124280065926, 7.379986008551854;
  -3.794621940926266, 0.04419274558979782, 7.361230640029281;
  -3.809004013326023, -0.2341658142743894, 7.442822271752529;
  -3.783235239936752, -0.4010885716773449, 7.433138654617893;
  -3.812158057787433, -0.5284517860732652, 7.501194549493426;
  -3.808990326667237, -0.2470820879386613, 7.510443658539384;
  -3.791358395506878, -0.1815472145169208, 7.481613968225153;
  -3.788145542931672, -0.5090283428305021, 7.522564671993337;
  -2.795883873267862, -0.9942243776775268, 5.829573939635279;
  -3.796456228532573, -0.3928297239133821, 7.549041407121354;
  -3.080043019777845, -0.8405683492345609, 6.320461814006592;
  -3.787482572424555, -0.4280130895987033, 7.547620590407734;
  -3.803299528888605, -0.3611097582887849, 7.604628447801569;
  -3.772476709482151, -0.5441179876828327, 7.562034830668018;
  -3.80061933724854, -0.103432803759945, 7.613301417769153;
  -3.794790298219884, -0.2425410277233486, 7.633038298296438;
  -3.797995384560919, -0.04899643453848136, 7.638593840620172;
  -3.807482335147876, -0.3065400064713459, 7.70202142854009;
  -3.803764070611193, -0.07581297959190676, 7.70298800492462;
  -3.806304696174708, -0.3608435902722911, 7.712177808680544;
  -3.783976103748231, -0.5383189927734089, 7.676363878391327;
  -3.804385328832295, -0.4781872511809767, 7.717614185541142;
  -3.796456095149186, -0.0304561598225887, 7.715405670231824;
  -3.794260563450397, -0.1317702717469897, 7.71594183074694;
  -3.826532512946353, -0.431502629260005, 7.789451593940474;
  -2.162291619228058, 0.3093522109389569, 4.857495559833372;
  -3.801826408027269, -0.3401508144046262, 7.813314777623597;
  -3.806198552239006, -0.6721987798342362, 7.847000886700939;
  -3.794506097092481, -0.5069150672700534, 7.836724215417257;
  -3.814588775392515, -0.1224788882995847, 7.905844661355383;
  -3.807007259842919, -0.2055511973555846, 7.906290660319575;
  -2.123139818549802, 0.2799468732778974, 4.857164855837192;
  -3.803072510899843, -0.08515071420428141, 7.909809091509306;
  -3.739752254570524, -0.3401847400855909, 7.819424014921103;
  -3.806860160851806, -0.4399596165009898, 7.950890710986817;
  -2.084252173991354, 0.2620943266275154, 4.813206901558426;
  -3.062484537496884, -0.640552038477729, 6.630159925267824;
  -3.796015435462305, -0.05642969686345929, 8.000483060096222;
  -3.863615602177572, -0.2598501669189235, 8.141576030489693;
  -3.865941369607511, -0.3229329169082528, 8.23785783839778;
  -3.847649387579176, -0.09744936489281394, 8.25241133981598;
  -3.785739656845056, -0.1291124093337597, 8.170112629738901;
  -2.013241929824698, 0.4207797226575587, 4.86519075572151;
  -1.97486970306982, 0.3887051658923118, 4.868898706401124;
  -1.969114376897092, 0.4287949783257648, 4.868944212821367;
  -1.948453870791315, 0.4672940186212527, 4.87135988624031;
  -1.93135042056736, 0.4173466931915044, 4.866829845082767;
  -1.860466250734127, 0.2703979314301656, 4.904813400557721;
  -1.840872505351862, 0.3601174554828527, 4.902828943927247;
  -1.808804957326258, 0.3686956475413865, 4.933110787983433;
  -3.292769410504361, -0.8892399230626067, 8.267332830353938;
  -1.765747401383885, 0.299579717915544, 4.986633578778319;
  -3.771325329710856, -0.221875623052477, 9.584053190774649;
  -1.756493038113898, 0.3258828040458697, 5.006625814699775;
  -3.811219393946325, -0.3203682186648623, 10.24932634127611;
  -1.948584466452173, 0.2678909685677176, 5.738463705873275;
  -1.894349762552705, 0.2696758375392535, 5.721516390004199;
  -1.994685287189018, 0.4395141422347341, 6.23931872286829;
  -3.72066568323617, -0.6704693825391049, 10.81678039993777;
  -1.920225885106872, 0.3861707165363754, 6.109590089271222;
  -3.720591854952184, -0.610552357235588, 10.92030469387528;
  -1.894810252106064, 0.3411004176813293, 6.087359593974365;
  -3.47504708305724, -0.7123460199214418, 10.37743815462213;
  -3.626183002684098, -0.4827176792566258, 10.8049556903779;
  -3.815200621278279, -0.3000071586700336, 11.32883901679308;
  -3.461236825541953, -0.8066457692107887, 10.38674728788135;
  -3.430085154868702, -0.7536754704687581, 10.34462877835499;
  -1.946229664923731, 0.337395982072405, 6.5882071492404;
  -1.870968285047078, 0.4634659176220943, 6.381476844282946;
  -3.723409961423394, -0.6705940262425522, 11.74817405336288;
  -3.669923865141125, -0.7450408388961421, 11.68129071456492;
  -3.821707083233419, -0.8315387707030776, 12.19991310846115;
  -1.935342291456353, 0.3099486901417338, 6.677765786632801;
  -1.901446203313646, 0.3341157901826221, 6.603031681890377;
  -3.876169079988228, -2.739982963360911, 12.74322810347139;
  -4.146956122259788, -0.8319236187637895, 13.88121573315933;
  -3.960382434893374, -0.6025369146294558, 13.48372455454048;
  -1.688343574935792, 0.4784506090535923, 6.350272859573576;
  -1.662651911017841, 0.4976679022482967, 6.374721319210591;
  -3.563809197551969, -0.6847709734580378, 12.62678949035658;
  -3.552575136589838, 0.04975682524752483, 12.92870848596169;
  -3.68784677373783, -0.3881393441298112, 13.51576413660453;
  -2.749421052404677, -0.6149712938000703, 10.36477216643943;
  -1.808367760603854, 0.2099372081455942, 7.244047046019187;
  -1.790328101188548, 0.2086270337905199, 7.429908523144754;
  -6.205372614899771, -4.480340887983702, 23.55548392611296;
  -1.771348307139955, 0.2356166132115195, 7.46302449051568;
  -2.321646621363586, -0.9316893623042232, 9.657593802382632;
  -5.710705383317438, -4.174659850566437, 22.61837837420013;
  -2.295901721051529, -0.9684136103216189, 9.903559974205928;
