m=[-2.792006726764588, 0.1395241348766636, 4.338013525892655;
  -2.175242254787497, 0.390079016936691, 3.694701052739045;
  -2.070249839162551, 0.3086312027988769, 3.641419718395608;
  -2.034239344923301, 0.3247307258845947, 3.638565943573727;
  -1.994942496958981, 0.2063447820373139, 3.639305561417848;
  -2.833381191700218, -0.5244132250429213, 4.888515035948528;
  -2.93284332643105, -0.1025007989769419, 5.429200187716404;
  -2.874913074734057, 0.0351491683115064, 5.458422248116555;
  -2.88554294436391, 0.06589692654542648, 5.479879262801216;
  -2.929497497403938, -0.318240791798118, 5.556223805780413;
  -2.932463706765893, -0.3750198662547519, 5.570582166830645;
  -2.909350477983175, -0.1478885723950239, 5.549708656517709;
  -2.910509601480013, -0.2885393748009499, 5.580544394254351;
  -2.894590198716381, -0.1975299443122832, 5.571394919755582;
  -2.885191139594663, -0.02214129859932817, 5.591907058467895;
  -2.887224704770421, -0.3068386342401154, 5.607892520452193;
  -2.89066458620097, -0.1777091397787282, 5.648380176831645;
  -2.890081190107288, -0.4006309664125959, 5.686821202636265;
  -2.876876987931679, -0.1866176366855724, 5.672532791469327;
  -2.859823430776391, -0.4124826977383429, 5.732595866989512;
  -2.887418277486348, -0.05754925355010188, 5.847299659966457;
  -1.589966516002126, 0.1999379962616762, 3.6717427495412;
  -2.893549277647733, -0.2743129605534549, 5.862790372464231;
  -2.889528024752486, -0.3631954557533987, 5.861725494613142;
  -2.885409100869559, -0.1002069138280438, 5.867717413685313;
  -2.910568132999201, -0.3282130225681808, 5.924875721337122;
  -2.725504720400378, -0.4813414020158929, 5.619002178724591;
  -2.88817749767354, -0.2139932993729263, 5.923105241327294;
  -2.916795747112044, -0.1349470700710178, 6.040049594432667;
  -2.586334561773227, -0.4632090478566924, 5.471960647688468;
  -2.892215427308981, -0.1561589730507066, 6.006475496321666;
  -2.892288837817037, -0.06475828675875535, 6.015518368126791;
  -2.871099593710182, -0.1178967259664375, 6.030562572271063;
  -1.33119662335909, 0.2469774026673503, 3.794380754339557;
  -2.914348739318253, -0.1714577464941255, 7.406222187740735;
  -2.908681466048059, -0.2249978645726853, 8.021842927249887;
  -1.511481913554355, 0.3330438545898823, 4.727872343113556;
  -1.45659358763372, 0.2929310524357904, 4.634449423958105;
  -1.429523033151206, 0.2573402287384619, 4.592555239232062;
  -2.909156243323784, -0.5634466826421981, 8.364052204605654;
  -3.010034232877212, -0.2916377441366418, 8.649591138243844;
  -2.886889359865429, -0.5202216730432391, 8.392812174788226;
  -2.884646785753896, -0.4733730447992765, 8.466723323256151;
  -2.759782969081132, -0.3673824594899689, 8.223339162394437;
  -2.660279401470226, -0.6199815939432476, 7.983172273657114;
  -1.460313770894617, 0.2338719835157027, 5.038712469663783;
  -1.442227885319855, 0.2534234777125429, 5.008333342629896;
  -2.894496349225914, -0.5876192715311732, 9.213121189982651;
  -2.800385305282981, -0.4766053738635555, 8.983808331418747;
  -2.827172742929453, -1.99846936246872, 9.294565434998079;
  -1.520057114969616, 0.3025435328250526, 5.601394596977225;
  -3.270679043889436, -0.6561330927525388, 10.94803032963183;
  -1.374771021501825, 0.1596000528107097, 5.507124255487491;
  -1.939285764851883, -0.5298346428215419, 7.399742829807847;
  -1.975950739905293, -0.57825940344279, 7.675178793456686;
  -1.351489468839148, 0.1797689196164151, 5.694080020267675;
  -1.364399923067105, 0.1287764569057176, 5.81823191570261;
  -4.946500832169768, -3.571422911430368, 18.77682905985515;
  -1.850274427210171, -0.9106806018941082, 7.770674850072694;
  -4.87575994932514, -3.597361898141261, 18.91227726638479;
  -4.668826176183946, -3.413021663475528, 18.49180966764442;
  -1.791288054969043, -0.7869865404344171, 7.720621308170032;
  -1.792877143439619, -0.8970550033021822, 7.845650742334599;
  -1.740393522384403, -0.7192897758302747, 7.763419854406592;
  -1.56212175654805, 0.1102073611059582, 7.084816633412097;
  -1.704119022211685, -0.9548333630492991, 7.681160754552909;
  -2.481547005772765, -0.3541538715201751, 10.79602637009305;
  -1.802985208367937, -0.5158708909372971, 8.113504392793569;
  -2.424684073058147, -0.5301868201637002, 10.59151245661746;
  -2.462205232275083, -0.4428061706217131, 10.76131752035376;
  -1.477805739546187, 0.3825179711585693, 6.922194481505968;
  -1.563026168016694, 0.03309760604912044, 7.382263726426408;
  -1.215690913816069, 0.5671429338588304, 6.109579989740049;
  -1.424237867548513, 0.412451116746424, 6.989519877807345;
  -1.595139977898683, 0.0400477469054713, 7.749825721119509;
  -1.522484741696467, 0.02953631868616861, 7.601992841727644;
  -4.045773588578758, -3.522805787001278, 18.98207492266828;
  -3.792273031055192, -3.830177408188139, 18.49883602244611;
  -3.837131132606154, -4.071544167193575, 18.94549309262563;
  -3.795335502487009, -3.33028936021365, 18.76507103998339;
  -1.40982154449681, 0.06930139591169572, 7.610223699557155;
  -3.767936154894069, -4.216867703157914, 18.7259828377851;
  -3.736332134084085, -3.41879458452734, 18.74887748613069;
  -3.579671084466991, -0.4003882493854332, 18.21730379245661;
  -2.354707817853981, -0.8192342044969406, 12.54422749780991;
  -2.130035888814286, -0.4518607902700619, 11.54145482906618;
  -3.502642937047858, -3.499889609473715, 18.54881626946759;
  -1.410181425501056, 0.178000856779017, 8.051437080048538;
  -2.208191912498295, -0.6364477824395155, 12.19264235886373;
  -2.155095921196785, -0.4532229348696743, 11.98429660064301;
  -2.188563169107896, -0.582257805521346, 12.16261797542278;
  -2.008159353866078, -0.5452915743615994, 11.58307178011385;
  -2.081049862773352, -0.2947567583499592, 12.22540072515789;
  -1.908202745316054, 0.0627802002990351, 11.45247006508131;
  -1.880593302712153, 0.07924936488157122, 11.46367532737066;
  -1.876669338308386, 0.04323447055878772, 11.63948577250715;
  -1.955702015438722, -0.4780343344832504, 12.10811105701778;
  -1.761280606058072, 0.1571142505163304, 11.0315100789065;
  -1.342002380820796, 0.2295999203090411, 8.776323816623345;
  -1.90934275400866, 0.01437708616817899, 12.1304921351921;
  -1.81395251303696, 0.08325888921672549, 11.71143404094369;
  -1.798758596918687, -0.6585713876267401, 11.79770920082591;
  -1.649873638761498, -0.671331733387868, 11.15936696662455;
  -1.846382649559992, 0.05161793874710102, 12.46562927742679;
  -2.945506785546102, -1.989716153687894, 19.74054061619824;
  -2.337037086633449, -1.207981434676755, 15.79808314674476;
  -1.819279152159725, 0.06728747994759174, 12.77330629104825;
  -1.565120203991489, -0.5364057403840846, 11.44318093263899;
  -1.583115670098535, -0.611689541087749, 11.5955086943674;
  -1.509953614643285, 0.3038545324605323, 11.18859220903932;
  -2.668353630465933, -2.169133574592082, 19.37276471596611;
  -1.738347003746175, 0.04489737402687453, 13.01467412283109;
  -2.830905817915729, -2.009031593248059, 20.69521283857319;
  -3.114242291365628, -2.426989415687979, 22.74747053485186;
  -1.454355598698427, 0.2099697582412697, 11.1433757490805;
  -2.634489942890049, -1.788106571502945, 19.57242988523618;
  -1.403485555887038, 0.2624325705371878, 11.10895709515619;
  -2.781829569216884, -2.164669005174231, 21.17582311827648;
  -1.4088507611706, 0.3014768116148351, 12.07972579029078;
  -1.17350112408911, 0.3735253952050366, 10.37143164390018;
  -1.233073511330657, 0.3348068319578083, 10.95683641047502;
  -0.5962988367145889, 0.3658173674316586, 7.204296565218125;
  0.4788080793348966, -0.6090127645983939, 8.722925884093236;
  0.4901440462817145, 0.1764963620398465, 7.60331653933227;
  0.5177877388887123, 0.1210094436574663, 7.506339397603891;
  0.5159456905055855, 0.147561270950871, 6.947881392644695;
  0.3898373912722188, -0.8840591578622844, 5.387041337514499;
  1.11157628038298, -0.6645009510497758, 13.19392126066148;
  0.5380596530757427, 0.1366962712864068, 6.798031628660527;
  1.022567763364435, -0.2876134665753793, 12.00960704169179;
