m=[18.15940569097648, 4.464978528198276, -21.63119228928374;
  17.98171352753499, 4.70555238634004, -21.5217655969185;
  18.48277668500645, 2.371474580695574, -22.38498876807002;
  18.59569840303085, 1.43662870562664, -22.77692960824561;
  -3.369544449675684, 0.8050034608357388, 5.319961892590488;
  -5.694187402996231, 0.6518945735388048, 8.401352624524128;
  18.99985301161673, 1.505437022517381, -23.75598451464989;
  -5.668017588065618, 0.7190110139704093, 8.455881906392028;
  -5.678930583051178, 0.5347450574138734, 8.483845519179486;
  -5.57641720318714, 0.4048826971007036, 8.351148658657046;
  -5.728976312457687, -0.5456428557314358, 8.592456776723052;
  -5.81626324145244, -0.5003932272997763, 8.718185338874234;
  -5.624903793192984, 0.4441164642656011, 8.522639526233045;
  -5.736318930278486, -0.2188476002463652, 8.691148209046526;
  -5.740057689386356, -0.7310539476894991, 8.741651964847419;
  -5.671499917210648, 0.6915151551066198, 8.717773105554333;
  -5.761060110958218, 0.5845781080758224, 8.843542310717712;
  12.95733908287033, -3.76652200609409, -16.63414312486811;
  -5.545081083408611, 0.2771027138176276, 8.615536814939148;
  -5.643991364026935, 0.5446230305814281, 8.776648632904243;
  -5.578746616220761, 0.6715789327652181, 8.701357862602007;
  -5.557307653740641, 0.7420999309643401, 8.68772962934473;
  -5.582268082555961, 0.5918771066099731, 8.758172056439264;
  -5.594114328650457, 0.6346982615642064, 8.777927272520683;
  -5.587006815720958, 0.4816238085499845, 8.894500128836514;
  -5.644006979726364, 0.6087254159495121, 9.003420331852997;
  -5.415531177632794, 0.3116890502531092, 8.768012944637675;
  -5.66350324478486, -0.1133930256889519, 9.165241973707028;
  -5.667729551801078, 0.03015151103930098, 9.182723197473273;
  -5.67714116306368, -0.0412856752037503, 9.198426567362361;
  -5.577718077780681, -0.01077393427853387, 9.152996313186343;
  -4.326140175666447, 0.7757924447910055, 7.348052671445086;
  -5.555449713828515, 0.3487221763749015, 9.183881487121548;
  -5.480418472700741, 0.3377153185460109, 9.163588910693559;
  -4.189066769979928, 0.7224304495684669, 7.241502988195225;
  -5.486482989123996, 0.278827873609388, 9.191478647937204;
  -4.101204201664183, 0.672325555028598, 7.202701502358252;
  -4.109961323896483, 0.6127097719588035, 7.229124680301386;
  -4.139622653197072, 0.7423670763995369, 7.286282482932155;
  -4.058605762271562, 0.7225783150486331, 7.230849401266022;
  -5.604438226504183, -1.037291252417494, 9.669500390051697;
  -4.073590696151029, 0.184135489627143, 7.345578346997868;
  -4.042562041832269, 0.2496179296668487, 7.348467163242448;
  -3.966122566651657, 0.4102317223661987, 7.235262137170756;
  -3.899112841124997, 0.7321016105809347, 7.13987043211734;
  -3.996221585911477, 0.188757103719978, 7.323291249120865;
  -5.59077653556277, -1.460598817804717, 10.07819844832792;
  -5.788767755135016, -2.061876987409301, 10.52474364493437;
  -4.210536884041447, 0.2561661456389866, 7.924084388812945;
  -5.756381560341484, -0.2309697062439227, 10.53106497223583;
  -5.716324503042902, -0.3828031399367965, 10.48837087915905;
  -4.021521554390844, 0.2545073780207277, 7.707314281091211;
  -5.735520719187687, -0.1187610619343144, 10.57202121833988;
  -5.748133369057029, -0.2008931938656758, 10.64078891806327;
  -5.745060257901555, -0.6887814602885111, 10.64252621148128;
  -5.887203177012353, -0.3886515535321217, 10.9270278715158;
  -5.792319428586051, -0.1423729963026452, 10.77175939599199;
  -5.664092308675436, 0.1200266733787291, 10.55806136680483;
  -5.809783718920916, -0.2885989714061284, 10.83798950871557;
  -5.71921716357861, -0.1055333215348771, 10.74318650406427;
  -5.626873312983624, -0.03092405356985157, 10.59173576798105;
  -3.596949487097389, 0.3913123063131814, 7.149752606429495;
  -5.757178012942067, -0.3283654567932925, 10.85613187691281;
  -5.805432392372326, -0.2739590111408365, 10.94968361771616;
  -5.694592101995309, -0.8148698043430769, 10.79167464906783;
  -5.762927194223292, -0.5024793128029912, 10.9158151012659;
  -5.633984306865754, 0.06888203487151652, 10.69690264947587;
  -5.748854124301548, -0.6245166244623472, 10.90354921610599;
  -5.668431895269457, 0.1294495515860935, 10.7648102954626;
  -5.742663593329432, -0.7344039511034828, 10.90890889094382;
  -4.583659807013791, -1.958678204966786, 8.945568910774238;
  -5.728901231970955, -0.291212430746949, 10.92812055474467;
  -4.822336144091846, -1.619366184313353, 9.364635756584967;
  -5.710814472934295, -0.5661533762976641, 10.94978476530511;
  -5.666466674076367, 0.01991116831266969, 10.88825451819975;
  -5.625489518544804, 0.107819442592894, 10.82160230213452;
  -3.551070195337594, 0.4194256014517432, 7.205595735420746;
  -5.667749477026482, -0.3867733121840469, 10.90906431478825;
  -4.420302963811182, -1.934272212228318, 8.803243628089311;
  -5.697593552180522, -0.04372400788467649, 11.04273930537422;
  -5.647004525469386, 0.06576587555322808, 10.95468886872095;
  -5.676883687381767, -0.6033085109372248, 11.02628192303331;
  -5.618236574877596, -0.4382638400891815, 10.9403687730777;
  -5.68575783717062, -0.3495428487473453, 11.11001325129422;
  -5.620468309654927, -0.5958671516590555, 11.04285554557516;
  -5.669902322597261, -0.1192590029002834, 11.13097604806916;
  -5.707988582453849, -0.2087467645286333, 11.21428828526089;
  -5.697860440559508, -0.7898530126417361, 11.21169663812571;
  -5.650674437433374, -0.2705795910705104, 11.15066432418936;
  -4.335938202273712, -1.847973350122091, 8.829529914608623;
  -5.619356935622156, -0.01846470748387425, 11.13915298564554;
  -5.657813768642025, -0.760263177339962, 11.23538404064737;
  -5.628574879663835, -0.582404058655189, 11.19210713146797;
  -5.63590055142477, -0.6368977708964501, 11.23111149266449;
  -4.424900449107227, -1.652362738911025, 9.057302581692271;
  -5.68410113302981, -0.5396851787892726, 11.36525715318849;
  -5.653212352774216, -0.8153833055095212, 11.33202190735582;
  -4.559293173744931, -1.305370443870665, 9.344880644854252;
  -4.572595286211628, -1.247897788039944, 9.383282542427503;
  -5.658323332802624, -0.6619433278558581, 11.37568846389512;
  -5.647133145179542, -0.3609320592405154, 11.35893690698927;
  -5.663203806494022, 0.02938431902464047, 11.40289722148295;
  -5.68371598364157, -0.865520464275838, 11.47983165896423;
  -5.663984359115258, 0.1005658597240454, 11.4408355965091;
  -5.640079401872646, -0.4540822055532393, 11.40911725601048;
  5.03174264200507, -1.773279099480523, -8.279425398041994;
  -5.670972690022548, -0.1130283920963211, 11.48426500607849;
  -5.63984646157266, -0.5346661941761022, 11.42722461736146;
  -5.601429818967496, -0.7968750265760529, 11.36334172065033;
  -5.67834005720456, -0.7137315462361187, 11.51913751840153;
  -5.656901236847449, -0.04538113541999368, 11.49632361993617;
  -5.70550177114291, -0.1981454637244922, 11.60260847803471;
  -5.705683880806594, -0.6434069455740153, 11.61473167926863;
  -5.656303011325297, -0.419091605215233, 11.60000659235908;
  -5.66518017682882, -0.5068657650513764, 11.64278197974982;
  -5.674333614347802, -0.8099494444430304, 11.67870969907421;
  -4.662884084891023, -1.216836505301925, 9.790870682663838;
  -5.675325215732658, -1.0022983911162, 11.70046212486024;
  -5.635115363856183, -0.7528054536353137, 11.63810095401865;
  -5.632167974865246, -0.2605751764100769, 11.66299488952688;
  -5.627642143653703, -0.1806924400210539, 11.66344977587921;
  -5.66320441557225, -0.3057725843523452, 11.76119117255556;
  -5.676963455405767, -0.1271070933709413, 11.8072156192231;
  -4.644622754362315, -1.20902837733681, 9.874767397179019;
  -5.549253176389482, -0.5047851090061015, 11.60289789231514;
  -5.660033934294286, -0.6541312929544302, 11.82137229384887;
  -4.686634483360483, -1.104089444079913, 9.979334301259394;
  -5.730938598793529, -0.8063079831862848, 12.00586149393494;
  -5.629042065638196, -0.2311468509556294, 11.82344578820757;
  -5.362197760979743, -0.96036242023529, 11.34491088928853;
