m=[-12.03259505161768, -3.018997342562113, 15.68605213352063;
  -8.925700696932314, 1.610019585625096, 11.92649102109381;
  -11.72206570773665, -2.888388573055623, 16.69389678348075;
  -12.01964174551667, -3.28136036409879, 17.16591478330643;
  -11.88828539737863, 1.143991724899335, 16.98959137439017;
  -11.96392066303018, -1.083828761618176, 17.17237432181774;
  -9.253825242320902, 1.680407108299997, 13.48754873012857;
  -12.05739135750848, -3.151453710338434, 17.38089927828082;
  -11.59270976114604, 1.434694852663558, 16.74257310612041;
  -11.59979791460697, 1.186795509621575, 16.7642423013427;
  -11.79317108258626, 1.290748982937475, 17.12529397394675;
  -11.80057928336239, 1.016669279831034, 17.14101739549149;
  -12.17539269617402, -1.010488601765318, 17.66902685307678;
  -12.5258268718104, -3.936630062074632, 18.35805130186719;
  -12.17485693052593, -0.3812769685386604, 17.90190052415344;
  -11.58616776358828, 0.5910307370124511, 17.09685179512237;
  -11.93802097651628, 1.366714957306883, 17.61366754629545;
  -11.82381239465079, 0.8176914827142608, 17.49128933256073;
  -11.86348188765351, 1.328462436383617, 17.70129036886601;
  -11.91642072927433, 1.511646288729609, 17.77761710651544;
  -11.87691148581198, 1.118365442489295, 17.743108639384;
  -11.62189069879358, 0.8438218088933062, 17.40474813556227;
  -12.22645814927955, -1.593647147312538, 18.3048293871588;
  -12.17337879642361, -1.047317848282932, 18.24707172659538;
  -12.20520332498364, -1.162455844431644, 18.3056581667116;
  -4.520806773382462, 1.540417551125948, 7.364048318578138;
  -11.79377944686568, 0.931182438108342, 17.86948445219103;
  -12.06566801710093, -0.4603200280538909, 18.28080172186064;
  -12.11792306951644, 0.497314116421189, 18.35482227872122;
  -4.469197420205148, 1.575027766830305, 7.353791571296539;
  -12.12720784442574, -1.544521614392744, 18.46877436046649;
  -9.325139348682322, 1.620323250552252, 14.52327347334956;
  -11.94198061564635, 1.456062893106838, 18.35625124884687;
  -9.070032666994608, 1.645680986634757, 14.28823489258404;
  -11.63318081831268, 0.5813415397532916, 18.07477584320677;
  -11.64599847691014, 0.7381591967005839, 18.0985934678624;
  -11.69471626873254, 1.407829681296397, 18.24064048006023;
  -11.79923524442254, 1.575621183114478, 18.44572444492604;
  -11.98607531365248, 1.02798878900619, 18.78610488957619;
  -11.77367752383903, 1.248340295362169, 18.47204254002796;
  -11.75935762887034, 1.334195800384427, 18.45203368639177;
  -11.9006157010801, 1.488558910854359, 18.74128181510265;
  -11.94843051011783, 1.288679010912199, 19.06034889307368;
  -11.87250382556119, 1.224993816690252, 19.0822814103397;
  -11.35104222312208, 0.6533053644895401, 18.37789902466547;
  -12.01385178455312, -0.2405378694332931, 19.44200504221025;
  -11.98425198104396, -0.08715265670481832, 19.4175657511589;
  -12.09423249313312, 0.06433958804768576, 19.59479333925466;
  -11.97181821979945, 1.208821328026552, 19.42389336774225;
  -11.78294112148496, -0.02275995872871809, 19.3357238819707;
  -11.83857407845316, 1.350581397339962, 19.45150907375464;
  -11.42012135200385, 1.008237990688911, 18.81426837407388;
  -11.69295840370044, 0.8515688711246484, 19.33081045373627;
  -12.01123650738293, 0.7539595805146261, 19.85613735698331;
  -8.64084187325545, 1.407597052348599, 14.61048390229368;
  -5.766934749652044, 1.571983127424079, 10.07493941685815;
  -8.816046820059516, 1.580952590116274, 14.97426661117002;
  -11.58754595866626, 0.5888892404133453, 19.41256019059989;
  -4.6132415820668, 1.700194993959187, 8.288807582436224;
  -4.50530841643966, 1.575433685360282, 8.11634831545779;
  -8.571910143521565, 0.8015125810304791, 14.71336711364189;
  -8.516452452945245, 1.468714850381625, 14.72211336634318;
  -8.298439000011936, 1.360393760517958, 14.57405584154049;
  -12.00939858091769, -2.222746257754952, 20.72016490668036;
  -8.342832914457725, 1.243742908914181, 14.67443962912001;
  -4.484014032033306, 1.570648380400671, 8.386147249390515;
  -8.223364701123789, 1.464055726970323, 14.65082227947975;
  -8.207548477437818, 1.310191537422984, 14.68052736506364;
  -4.51455965302859, 1.585062643520423, 8.601904484170419;
  -8.196163605903585, 0.5060922675633518, 14.89877916511747;
  -7.979993002917282, 0.8254021954799798, 14.55762908447857;
  -4.541546867191118, 1.533041360202359, 8.677805455943258;
  -7.851822912046059, 1.474266694535227, 14.37788556839101;
  -8.149353425286153, 0.3849256895990278, 14.93412898718906;
  -4.47134163539381, 1.539745409796911, 8.632724312623866;
  -12.50977784531322, -0.5019437443158858, 22.886127664792;
  -4.465822032207255, 1.594537614055771, 8.747240133507518;
  -11.95325876662019, -4.497751459210001, 22.01519388232301;
  -12.69756475091551, -0.2629188085318286, 23.40483637672839;
  -12.60309754159765, -4.296787617650892, 23.24480613362027;
  -8.384934519561854, 0.5101336044466069, 15.78015596526593;
  -12.50436464417749, -0.437018696217542, 23.14774139539732;
  -12.55597892903215, -1.505349833397472, 23.25951841484082;
  -12.93927726706293, -0.8542036108186317, 24.01613110390716;
  -12.41571791022793, 0.2630990522684217, 23.14332190673268;
  -12.73976037201057, -0.6328431344782826, 23.76566769701472;
  -12.49830845272915, -1.942195901086272, 23.34315505801457;
  -7.936104745746035, 0.5022470185028323, 15.20967937529536;
  -12.68671662276235, -0.2341004557578464, 23.83119208525836;
  -12.12823291190937, -0.06665409072034921, 22.82955936453466;
  -12.57064959450907, -0.7169774995684025, 23.70408374896018;
  -12.75303896603357, -0.6018173510668353, 24.05363328766811;
  -12.35307234414193, -1.767667545596421, 23.40998885726463;
  -12.62499142546091, -1.100794232134014, 23.91355424263216;
  -12.60425385918619, -1.369240878931124, 23.90582528524805;
  -12.44668130852205, 0.284243922109714, 23.63725375374751;
  -12.51138674855361, -1.600026139889965, 23.7669464563225;
  -12.63381032191609, -0.6422038824668866, 24.0995256635237;
  -13.27332159254099, -1.071470349196019, 25.37408357320147;
  -12.35833285587364, -0.2903101619594771, 23.68709571617389;
  -12.46812377038223, -1.236053176329525, 23.90609471904667;
  -5.856975017353092, 1.554496280657883, 11.72031734028465;
  -12.47472765191284, 0.04383444149919726, 23.97049476010398;
  -12.51026450051885, -0.8537138871040418, 24.07927177874711;
  -5.589402774147252, 1.537622811153231, 11.25645512775805;
  -12.79118397749121, 0.4054320083757483, 24.63208631176205;
  -10.37105306909634, -3.482654907080647, 20.13985162010932;
  -9.495473433272956, -4.057582290713165, 18.53156986209856;
  -10.23137057256678, -3.53091543088483, 19.98064432207262;
  -7.340233758239681, 0.7985443807642972, 14.5903787731882;
  -12.56641394105588, -0.09643614926349999, 24.35548128935815;
  -12.4032588437928, 0.1444502432920486, 24.06122413735229;
  -12.4290489541341, -1.07046401354746, 24.1124789039039;
  -12.52006890734554, -1.330565244116498, 24.31788584554661;
  -10.14539541482134, -3.589739693068462, 19.92333014076062;
  -9.741832756176555, -4.271135150289397, 19.18043027389895;
  -9.547190237259299, -4.064325771352959, 18.84446414793439;
  -12.49851963044714, -0.7683704234095771, 24.42220064457201;
  -8.686317161248505, -3.611877666100623, 17.27921036196541;
  -12.71244249159633, 0.3656293477415199, 24.89326722458616;
  -9.305727127334194, -3.54339907996131, 18.48902335546486;
  -9.483853397474364, -4.292916255948021, 18.83751741792458;
  -9.143234809207288, -4.000971237971416, 18.20918707003737;
  -12.89345341891859, -1.366929753981909, 25.33250536154374;
  -12.61975025604154, -1.749384328118423, 24.83191945391933;
  -12.39989258245104, -0.8043578709132234, 24.44970625428814;
  -9.36283663444936, -4.185542917589075, 18.69968793380687;
  -12.41791265349291, -0.5946252549027773, 24.50468119148929;
  -10.4832087066423, -3.233896203264681, 20.84390497123958;
  -10.61582491380824, -3.176332904998517, 21.1141586888561;
  -12.36452505029816, -0.04062873044840915, 24.50998178403998;
  -9.64183352777281, -3.196799502005951, 19.34645079482034;
