m=[-3.654197234809207, 0.1724929796203619, 5.355285124364255;
  -2.854011408175027, 0.5050432422224869, 4.524709244943491;
  -2.763502357214864, 0.4687191553141588, 4.45382274438946;
  -2.739499494500245, 0.4913887656658483, 4.461242835847513;
  -3.751168677687988, -0.08622336120521047, 5.747119816247719;
  -2.717148604711227, 0.3977625968930503, 4.455247867907607;
  -2.59829730176581, 0.5253926996699674, 4.35802745728404;
  -2.667669327563141, 0.4187940638082026, 4.448588896484722;
  -3.698422124433082, -0.6972340910542445, 6.058833328565275;
  -3.733859778910795, -0.989151210941613, 6.405666704923103;
  -3.739150232156801, -0.4783224467137249, 6.501330868223155;
  -3.826611645289361, -0.40901650982058, 6.673076445673975;
  -3.828386333692836, -0.1601262638700466, 6.708212365171083;
  -3.826264606701959, -0.1471600834191479, 6.759022497055852;
  -3.832282498390814, -0.3629322348066872, 6.800954166171771;
  -3.802707869980156, -0.2687093469925975, 6.836746394418238;
  -3.840919313225302, -0.1973350668021222, 6.923362030254337;
  -3.785346685228624, -0.3448277255922342, 6.850483429472775;
  -3.767174563225611, 0.07265744252797479, 6.833239500982987;
  -3.81770400615764, -0.4292537779311914, 6.917924299997471;
  -3.830968421993014, -0.5047672541490661, 6.951239106876165;
  -3.814642583254195, -0.2748621843937059, 6.927635269600829;
  -3.78074500384662, -0.205961215195489, 6.892848308114676;
  -3.796682000942499, -0.3907586398922701, 6.955129245233615;
  -3.754083466969652, -0.0005914465483194335, 6.893519936331894;
  -3.766915503212538, -0.2731140297613346, 6.929432772259072;
  -3.745172602218945, -0.0425688380628476, 6.940767139082085;
  -3.746410765828381, 0.02956867861640422, 6.946356704096604;
  -3.753920694278541, -0.4117471315392636, 6.970624359670221;
  -2.164867712261334, 0.2628274719446364, 4.45950156354015;
  -3.76109824350714, -0.2443734865752856, 7.027627634598551;
  -3.69303131897323, -0.4092341010877923, 6.948052145213617;
  -3.757413191607221, -0.375421229221205, 7.06741364573773;
  -3.752091143982152, -0.532145017723941, 7.063425603121017;
  -3.746940537098382, -0.2572861469006289, 7.065105721774182;
  -3.748337351072506, -0.1942252410147126, 7.074077430030751;
  -2.15737114937539, 0.2213579486273017, 4.494231282014506;
  -3.746600974035517, -0.3646504156425404, 7.109815109301644;
  -3.743043130787184, -0.5127588791624278, 7.113885478024774;
  -3.745838014445117, -0.3698834100157674, 7.169680892688434;
  -2.118286844567736, 0.212180740665253, 4.487959121861941;
  -3.704058782910696, -0.5477829384285317, 7.108193446646286;
  -3.752162535924402, -0.1174611467961296, 7.195302882867698;
  -3.743319433731831, -0.4934087984801202, 7.191960659310016;
  -3.787711721410214, -0.1840428299442281, 7.268803374229461;
  -2.092869797576085, 0.267961984537489, 4.464552944843726;
  -3.749796283330635, -0.2573696748025967, 7.221419460246847;
  -2.076622482566347, 0.294456325232449, 4.468171191585076;
  -3.744860275255521, -0.09222974628219913, 7.265804109211834;
  -2.077671858572614, 0.2532301743819974, 4.476211400779612;
  -3.770601121069486, -0.3802864216260948, 7.316925816608152;
  -3.754283667265162, -0.5499181709391509, 7.291520577894241;
  -3.751315668356133, -0.484832204059936, 7.28969543243768;
  -3.727340754975886, -0.1440364776910457, 7.266684097718075;
  -3.753046104098892, -0.2941970026295073, 7.375759169946803;
  -3.59069247961685, -0.01431769830409859, 7.09349395608442;
  -3.785439873101124, -0.1374706071932792, 7.518520235353607;
  -3.306161555269009, -0.6087197039650361, 6.697001874906155;
  -3.01402952728279, -0.6410826336376144, 6.205127789284747;
  -3.754560360682199, -0.2187583337995085, 7.477220249897186;
  -3.694459761808528, -0.3542307680851379, 7.405707552245764;
  -3.715621506555169, -0.1682544622267174, 7.487592249199061;
  -3.828893512907809, -0.2722444171374333, 7.746817229109745;
  -3.7360926879758, -0.08795941829506775, 7.615736287249225;
  -3.749174535497783, -0.3771048561017979, 7.662097036541548;
  -3.791583073145433, -0.3336306892864254, 7.762097764744228;
  -1.934431058560724, 0.3736372921401226, 4.448640403616989;
  -2.866534586242687, -0.616801238487441, 6.125644478202981;
  -3.788897153863297, -0.1123711806001506, 7.808499583980806;
  -1.89279975619247, 0.4024187548694095, 4.449339600870677;
  -1.807515879457099, 0.3460202676213752, 4.492370305854701;
  -1.737038669930437, 0.3148502786688797, 4.629156214967858;
  -3.834743723524241, -0.2526136788854259, 9.400378586444379;
  -3.765710165109128, -0.2002778185917449, 9.440319027589862;
  -1.889202183127809, 0.2518564461721419, 5.252406124067435;
  -1.857448728702059, 0.2727781531652253, 5.248502391201947;
  -1.838633461026692, 0.2919882217548783, 5.300500089860822;
  -3.841332706674657, -0.2372488790254911, 10.01947020952212;
  -3.73034210188089, -0.3121364396286679, 9.972184825133844;
  -1.969378194475705, 0.4250162149381784, 5.835861537426219;
  -1.853380005071694, 0.3237645470847946, 5.63496985650522;
  -3.729511611128517, -0.7453402536868056, 10.40536848021288;
  -3.79740730351612, -0.3882591285724606, 10.61278727939799;
  -3.724176704048178, -0.7020170255218923, 10.50553253336722;
  -3.478178528575713, -0.8122484048425277, 9.96196681407832;
  -3.658360358150636, -0.6217041595750389, 10.43189644745932;
  -2.009919529116269, 0.3086636932775675, 6.197445917714004;
  -2.021845459737297, 0.2833490785595973, 6.234214608132408;
  -3.473487068263196, -0.4834271234433317, 10.05426949861264;
  -3.399766700538422, -0.8153023833947344, 9.890631278892176;
  -3.309401626202361, -0.7486282371378359, 9.681078689198085;
  -1.918915700162807, 0.3170014663050384, 6.047470135687442;
  -1.804130606388466, 0.435227537171963, 5.842976943495827;
  -3.735697648509648, -0.9479754295749138, 11.2234105174016;
  -1.872868832022778, 0.2892417632836347, 6.153281265712844;
  -1.851207314006491, 0.3144330146514034, 6.118775538642511;
  -3.714237197350908, -0.7796124828767459, 11.49810901297825;
  -3.734148992807041, -1.255946043974638, 11.60503123016492;
  -3.694527081767775, -1.161800222381789, 11.49736481101762;
  -3.858779143509383, -0.8659430169597703, 11.99976128456494;
  -1.659790254381803, 0.4729847905487978, 5.821336858533264;
  -1.640542689123971, 0.4540856448754962, 5.851676061834231;
  -4.143598838710596, -0.8263801554783649, 13.37410533378902;
  -4.138064556266677, -0.8624402585726261, 13.53909980143778;
  -4.084956370491902, -0.4365904272513027, 13.47753595289322;
  -3.833027889173985, -0.666641455419607, 13.00144600147435;
  -4.01843246769953, -0.292962806969045, 13.73712240414124;
  -3.837887188701758, -0.09724286376362056, 13.1614657048268;
  -1.755105539532961, 0.1914407333268478, 6.720712651638197;
  -4.337075392108616, -2.197080117970382, 15.20240761422755;
  -2.690201252099654, -0.6229505155197836, 9.825264295489117;
  -2.514796496572935, -0.759704675919552, 9.459604126445072;
  -1.742061102503617, 0.1904626737665496, 6.91517113587992;
  -1.725406130398988, 0.2164496424688074, 6.956977378700899;
  -2.462361824313791, -1.138509088797014, 9.643263689524762;
  -1.72716431041097, 0.1482327677958643, 7.061486253490638;
  -6.060242752193798, -4.435056879644367, 22.7400715347759;
  -1.653048774907863, 0.4849888010050756, 6.933517042783612;
  -2.370828037629705, -1.1861376835834, 9.634741636426041;
  -1.987270024554337, 0.4103616611166239, 8.354563544317429;
  -6.04169988521708, -4.426773912995452, 23.48894157354484;
  -2.278721756855534, -1.021867991051949, 9.51069602108598;
  -2.304022378850127, -1.176294332473064, 9.763024223277109;
  -1.959583057594551, 0.1229851793105769, 8.587571161972557;
  -2.211209294782647, -1.253147798026263, 9.621092382143095;
  -2.021084672200915, 0.07902496149758488, 8.908134099851928;
  -3.085184502963084, -0.4684924712757442, 13.11753080421943;
  -3.05863645420377, -0.5805139398106264, 13.06779797779817;
  -2.324527728734407, -1.032503461192019, 10.22872413417548;
  -1.857697191996667, 0.4658294294319353, 8.402776575568542;
