m=[-5.713361693856495, -0.6349423382085673, 7.872455119027354;
  -5.598956367630988, -0.7987142899460632, 7.792979535558275;
  -5.65183278535644, -0.5824137854917593, 7.890857366662122;
  -5.627250881043116, -0.8343086732597138, 7.870248667138627;
  -5.677466662967985, -0.718962792906275, 7.94654292389315;
  -5.593404914352577, -0.4438570426319853, 7.876189140876373;
  -5.567607520020378, -0.7382265559918918, 7.852951073842737;
  -5.611233045264528, -0.3278135283513992, 7.912360375021479;
  -5.593469348763938, -0.8102180988355322, 7.895192022452217;
  -5.612730802579194, -0.4771220254102281, 7.9279158315002;
  -5.6066922876787, -0.6105485737226518, 7.94005224668842;
  -5.603482652839138, -0.8648114457316386, 7.951240170805913;
  -5.652791400382261, -0.528986401746491, 8.020387036674361;
  -5.606391724133534, -0.4504506916996015, 7.992301564184979;
  -5.596659552805738, -0.3574644245011836, 7.998818220497464;
  -5.617221915574949, -0.7944320185337952, 8.029536722674731;
  -5.618210136760747, -0.6086189014048931, 8.063568259576279;
  -5.622474202320505, -0.6545858743311527, 8.081131930943467;
  -5.618146743052888, -0.5559901584143064, 8.097741982341786;
  -5.625923350406453, -0.4347404706295414, 8.110013302966085;
  -5.691144565386381, -0.2292183622291731, 8.195630854227439;
  -5.598242949410262, -0.37910132327645, 8.095492736470522;
  -5.6298652959205, -0.6739450980542374, 8.152148326935905;
  -5.670013990143299, -0.47722974839056, 8.209240643222348;
  -5.613959754331191, -0.137575903321019, 8.165508100724489;
  -5.630805958187859, -0.3370601742167307, 8.19945706429367;
  -5.592199029514912, -0.3053156903421734, 8.153795786683173;
  -5.635386078500256, -0.5418905371746231, 8.209125620259421;
  -5.612574850425995, -0.2217399596024866, 8.213156695574561;
  -5.624502881576548, -0.2323045730102147, 8.287654916511814;
  -5.647201918549635, -0.5533789297812032, 8.322943618717668;
  -5.62692702068042, -0.1680389414620869, 8.314069253013015;
  -5.573721755231064, -0.2700271091474027, 8.253916400624961;
  -5.655215611248076, -0.2303881188245995, 8.395519125998909;
  -5.653663774130426, -0.3810399020755217, 8.407037017442429;
  -5.599817056079268, -0.2450569129302962, 8.369700443175052;
  -5.466891602787177, -0.07415737493803909, 8.229780769646082;
  -2.60267734500916, 0.4850914236640865, 4.44892740681104;
  -5.626034735202007, -0.2144661174437864, 8.479461295502592;
  -4.991887400207157, 0.05896960448032141, 7.684006058036979;
  -2.551461588106398, 0.648427164149019, 4.468455980587929;
  -2.750862515569324, 0.3778311715869764, 5.327529516907328;
  -2.775985259151836, 0.4209840356484583, 5.382647556258237;
  -5.586942954778668, -0.5884286643192358, 10.15232171325603;
  -5.481089384145435, -0.4731387591644103, 10.12806402339634;
  -5.645270691835887, -0.6481081995731223, 10.44079275517013;
  -2.843424190014822, 0.561806202135696, 6.090900587059717;
  -2.862129822480155, 0.6841986106565781, 6.224023192881327;
  -2.866865152171256, 0.7139782649867139, 6.241694658798093;
  -5.781315971288666, -0.8800056385712959, 11.96628830530161;
  -2.997116441504595, 0.5227733285094439, 6.748437136047085;
  -3.007201365254687, 0.4708226957595083, 6.81939801038671;
  -3.009135272873308, 0.4254282255081961, 6.837159745692953;
  -5.561097361554627, -0.5459034474492193, 11.79754779625418;
  -5.698143505988948, -0.4737621524456171, 12.10766141457057;
  -2.700768351423188, 0.8509300246828956, 6.319399233955573;
  -5.674258931378671, -0.2924947437620436, 12.18486432653922;
  -3.421911714228874, 0.1274731876427602, 7.745193210500177;
  -5.680697690827231, -1.809341335826032, 12.26282587582904;
  -5.753847141852496, -0.3529788229689171, 12.53237212382714;
  -5.229284074131099, -1.144659056877162, 11.55071358373009;
  -5.524359717502631, -0.8552160675437261, 12.22247358074044;
  -5.174005484541269, -1.305371238759084, 11.5462192248886;
  -5.159113851309618, -1.417159101344576, 11.51906250308661;
  -5.244316919065981, -1.558260418982941, 11.6983959721489;
  -5.161283032037491, -1.473820655589611, 11.56682497393634;
  -5.150719638873109, -1.16247762050129, 11.55650271266049;
  -5.561693515225474, -0.4650611661242654, 12.40924911422653;
  -2.774398719045538, 0.4827716607342538, 6.705111065203468;
  -2.82937778435373, 0.4438847585296964, 6.82411058629511;
  -2.545262052667004, 0.6951040223110209, 6.277876210386404;
  -5.191527554991688, -1.420453575610426, 11.90182586912294;
  -2.78718586336062, 0.4381280564629136, 6.892144258262354;
  -2.488183939353036, 0.7191096014186617, 6.27407044179617;
  -5.124147365205663, -1.327185547973121, 11.86941742477143;
  -5.250632927301244, -1.472918920642399, 12.17048433045868;
  -4.019701296721524, -1.572921597662271, 9.415984185036702;
  -5.328150297251169, -1.29362169064234, 12.35275763834474;
  -5.207689710325585, -1.310845177864175, 12.12073540523543;
  -5.154723258279138, -1.199850206033221, 12.07615290375887;
  -5.146620014405262, -1.351839169886781, 12.1281175190674;
  -5.706325821756968, -2.018121431824132, 13.36592594901008;
  -5.715237894262363, -0.7748935013626929, 13.40738661068403;
  -5.200029815227126, -1.423362420938274, 12.30272266877261;
  -5.109573180877557, -1.353675989196823, 12.15272797425504;
  -5.903146258749835, -0.6074148849235423, 13.92920352069991;
  -5.498717293158602, -1.034364840847891, 13.07704150504963;
  -5.731716034335658, -0.5217350896759877, 13.72733286504113;
  -5.556755122857237, -0.9480824392878611, 13.37200050925308;
  -4.730695799654599, -1.112165338035044, 11.54283412596407;
  -2.949224023505414, 0.2267983304768226, 7.634224021672549;
  -2.942449327047177, 0.5236959331336072, 7.62171274019803;
  -5.784624093351924, -0.2979270607058507, 14.18215630363535;
  -2.910549519284514, 0.5215162161498197, 7.634510879858567;
  -2.396968741668016, 0.6726779132833068, 6.463680392293468;
  -5.496590271239343, -1.913705033050634, 13.69649069079629;
  -2.881922384260229, 0.5101964940386401, 7.658802025038386;
  -2.854682617879815, 0.5455267579152558, 7.633696704612218;
  -2.837732227505383, 0.5691585769018526, 7.676427519368762;
  -2.327722354379707, 0.7119865273712996, 6.544125503298342;
  -5.495844434969014, -0.7461509552814981, 14.26518302668562;
  -5.888678168352438, -2.642805446187746, 15.44558847134477;
  -5.708947951031861, -1.714497500493179, 15.02719382385921;
  -5.618298364792464, -1.830847480216709, 14.9505410499895;
  -5.69041517539588, -2.499441157581177, 15.14438547346256;
  -5.61590079128461, -1.709498048120621, 14.97323476330521;
  -5.52867732556547, -0.1314038099270691, 14.90110088863221;
  -2.310218843890407, 0.7253687753022214, 6.823355451823252;
  -2.667314759694664, 0.3008733302625303, 7.743105253443231;
  -5.495558402708203, -2.581958986039511, 14.99920086484926;
  -5.978515913314557, -1.039259397229693, 16.20778575662529;
  -2.675566510034206, 0.250559765044391, 7.864697042636155;
  -2.676637297803695, 0.3387250465218995, 7.8978054404815;
  -5.703936748926739, 0.0338415730433971, 15.84469035177217;
  -6.608209782347901, -1.043761056597679, 18.22931435554694;
  -2.580410964993026, 0.4477078350344413, 7.745636194793145;
  -6.493471432129586, -1.29592769491518, 18.01624859000954;
  -2.584887783842931, 0.2856191561597624, 7.829970831299455;
  -7.675978145772596, -3.919523331113579, 21.30560850838539;
  -2.741936322440681, 0.6985585841035353, 8.263766801523316;
  -5.720679106408461, -0.02563326003776291, 16.2717399543156;
  -2.606388262958864, 0.3757723728528528, 7.955782636814017;
  -6.866519910494344, -0.6139102470077548, 19.3651393558965;
  -6.322379954025681, -0.9960511260110136, 17.920675629954;
  -2.600557102857209, 0.4434473015909407, 7.985391970732562;
  -6.773918578625346, -0.546599709449782, 19.2599701638681;
  -2.67752841524623, 0.192531374680735, 8.234889564822264;
  -7.700908341767748, -4.237857736706682, 21.81962533705737;
  -2.604151915599633, 0.3326254379878363, 8.038404944484865;
  -7.388359275982052, -3.762065250865881, 21.02345024902808;
