m=[-6.369713300150458, 0.9293329353574756, 8.620074634550148;
  -6.111291006530157, 1.34420624912039, 8.431613529653756;
  -11.50225003152455, -1.186452120343446, 15.07801608720419;
  -11.47124943470881, -0.635589604044179, 15.14363855489731;
  -11.39917068519883, -0.15839296245803, 15.06083764163848;
  -11.67020147672661, -0.4646909317322679, 15.41946371508433;
  -11.62764104306042, -0.6972231556651743, 15.3969965382435;
  -5.991613303258973, 1.299332788544014, 8.422150941238893;
  -11.50962086618637, -0.5741320043726713, 15.25881808224756;
  -10.87256179261191, -2.804307072321748, 14.48972752925769;
  -11.21899890014714, -0.2097672083186688, 14.93413010059417;
  -11.58837443123763, -0.4086672474154703, 15.39418081050252;
  -6.688027267704688, 0.3675280686695039, 9.311821116158978;
  -11.51316797008192, 0.004869190331959063, 15.34395802883079;
  -5.913754207533164, 1.318541690828585, 8.380209393089714;
  -5.929820979968446, 1.24849381082698, 8.405174054730297;
  -11.76608043079693, -0.4665770776253074, 15.68754670531858;
  -5.936422454314433, 1.194892397525654, 8.433330317918374;
  -5.908376433893065, 1.161715872088652, 8.414364784753582;
  -5.968517316808238, 1.448878129189426, 8.493427196251677;
  -5.897205045653092, 1.382570303444403, 8.416873920422763;
  -11.54171330903548, -0.2255437748571149, 15.52736985709355;
  -11.5773301188628, -0.3112950056137651, 15.59556936581512;
  -5.895815175220283, 1.340898415597444, 8.466334424521287;
  -11.67011576217347, -0.605200904194922, 15.78747965188634;
  -9.404360963893582, -2.558444513825442, 12.96147195423796;
  -11.76658025699318, -0.4263392218352903, 15.98801284616817;
  -11.61562305098804, -0.2452932242125938, 15.80810888205315;
  -5.83836870866483, 1.409738445235264, 8.449822106332073;
  -11.72934505234912, -0.7463186377681907, 15.96165661581152;
  -5.800984279753267, 1.300394121630879, 8.40694676881953;
  -11.55969232301194, -0.5253504029074032, 15.75761148741208;
  -5.798596013846307, 1.272096710811729, 8.411343991130551;
  -11.5658322654792, -0.3459106400386627, 15.79113045031571;
  -11.67361297191341, -0.8133081482830977, 15.95308381582009;
  -11.37360385886328, -1.658773250904636, 15.59822624427001;
  -11.55968840945305, -0.6903000335816721, 15.84317777912993;
  -11.74984248618974, -0.9919934390099843, 16.09678628178259;
  -11.61120827577709, -0.5868527091038756, 15.92130531258562;
  -5.78409561096648, 1.44467968310971, 8.444224438892487;
  -11.71082923464435, -1.085770597231947, 16.09804983846562;
  -5.792533264984292, 1.197919899435581, 8.476741192078235;
  -11.49996472862399, -1.278024197550824, 15.84582966169267;
  -11.48471772423071, -0.9316498088403109, 15.8427130432707;
  -5.75414123976207, 1.389779658567744, 8.443253907467096;
  -11.3990682615306, -0.8015428010500655, 15.75428312405356;
  -5.730441008217892, 1.278881220647506, 8.435586893159465;
  -11.56300171529054, -0.940051615547418, 16.05720645474604;
  -5.710073217502663, 1.324061286609138, 8.440075958277129;
  -5.706510967943896, 1.23994500409061, 8.436168681619581;
  -11.26073327594477, -1.606390189922803, 15.67339664980246;
  -11.31994529293115, -0.1513136869562689, 15.7659245156123;
  -5.701696310058368, 1.180489629899988, 8.449027887353191;
  -11.35698913365496, -1.17032249260071, 15.85616290711813;
  -11.30927892325439, -1.676738729700173, 15.81710843422406;
  -11.40492070825232, -1.444255709815682, 15.9630513628321;
  -5.301558814738456, 1.60393865813648, 7.958708946659597;
  -11.39210097062659, -0.8231402826734898, 15.95356431145619;
  -11.41241919244541, -0.9056170096031114, 16.07006349281469;
  -11.294837118085, -1.497617904313548, 15.93104452072077;
  -11.35479740401182, -0.6633579768827703, 16.01132020736887;
  -11.27238950142671, -1.632813808695997, 15.91099800793675;
  -11.34424242223036, -0.1329691258014295, 16.00763947552617;
  -11.35146628736974, -0.9649553447168646, 16.03381178534788;
  -11.3285479719697, -1.004784750753554, 16.02444207837606;
  -11.32807248974781, -1.233586247784941, 16.04252254409184;
  -11.43258935592702, -1.374842170682276, 16.18908932132418;
  -11.24950608887713, -1.736188407678825, 15.96284494077711;
  -11.43583133996019, -1.070161419913039, 16.22557546107375;
  -11.09940356691972, -1.101268682431013, 15.79610811615031;
  -11.25906067850182, -0.9046195699610607, 16.05057454060632;
  -11.32761036569604, -0.6189658257223266, 16.14941767492204;
  -11.2854260142868, -0.720811812364986, 16.12927682619158;
  -11.40196406594174, -1.612556075635969, 16.29853521083938;
  -11.24739454566358, -0.3501487044444606, 16.12302470704926;
  -11.40493804119824, -1.235493278510052, 16.36900260987096;
  -11.31142976911786, -0.2578253541417571, 16.24444897202171;
  -11.39069650432339, -1.326140194195292, 16.37174630321704;
  -11.26053733355846, -1.915502079792196, 16.23662698961789;
  -11.34382909913058, -1.122622392455202, 16.35048092151184;
  -11.3545374963278, -0.8774163221718433, 16.36805985591554;
  -11.34737472338173, -1.603221826511771, 16.35884090078661;
  -8.507750586468907, -2.671155685175935, 12.51900560386167;
  -11.70328185932686, -0.4713651304549436, 16.85351282154745;
  -11.33783990996571, -1.487807036751968, 16.35936834018207;
  -11.30868146681104, -1.841758611873983, 16.33894172312177;
  -9.313824146495293, -1.845773200390149, 13.63713676737685;
  -7.042095283184053, 0.4416649598915537, 10.55610514013319;
  -11.33769202783384, -1.357222875464536, 16.41718624475689;
  -9.151962701862564, -1.960252193260109, 13.45261929449545;
  -11.47366017541443, -0.965706957363862, 16.61195855993881;
  -11.29392756267435, -1.523875549576818, 16.37813520220172;
  -11.29563359028443, -0.1997474594742981, 16.38130913482178;
  -11.25036784433864, -1.074432918333874, 16.3236197441871;
  -9.081513012922601, -1.854747865034997, 13.39208731030163;
  -11.36110002409569, -0.278415533230274, 16.52472734745254;
  -11.36032176045093, -0.6800291219710252, 16.54265325480263;
  -11.34831033271582, -1.091237032664189, 16.53120190901715;
  -8.577420668490472, -2.883774311006255, 12.75046072307081;
  -5.505609793275183, 0.8041177019984327, 8.562994417668795;
  -6.984525483968435, 0.2289622932242427, 10.59717440601729;
  -11.35986567840491, -0.4488022384998555, 16.62344990380617;
  -11.43848596650591, -1.222815162404046, 16.73299825391786;
  -11.35765823211843, -1.34097254956713, 16.6448610112107;
  -9.064046068864013, -1.707914781716487, 13.48981709779749;
  -11.38835455827484, -0.1901185215104929, 16.71153428487307;
  -8.565967652941961, -1.955910340946305, 12.82343557452534;
  -11.32730102680599, -1.419208886114179, 16.6435827403979;
  -11.34696325229465, -0.4686550098358291, 16.71964932107908;
  -11.40614847475252, -1.117707906839842, 16.81057841233863;
  -5.412802752277012, 1.066606939999899, 8.510020727115037;
  -8.818171368664725, -1.802547456001902, 13.23884326662801;
  -8.195842057523784, -1.98518370735636, 12.37469752190344;
  -8.954992619427051, -1.626131306842545, 13.46684656271893;
  -11.29722267157583, -0.5473104889990434, 16.72963516754637;
  -5.395527912670112, 1.528544853030191, 8.517225193863652;
  -8.323479234218635, -2.13828058449903, 12.60415907913346;
  -11.45512189365694, -0.4666707983223411, 17.005840547894;
  -11.39192709133302, -0.1899023138477454, 16.93161294569117;
  -11.15129186894446, -1.069141072563928, 16.61710267569508;
  -8.033871891291177, -2.149939667714522, 12.27452140421525;
  -11.38236154748383, -1.265233729398826, 16.97639889641092;
  -11.32384617323838, -0.4955495434799545, 16.92505297681242;
  -11.294434054936, -0.9391608611510411, 16.93354356122725;
  -6.062369770456178, 0.603733268663527, 9.575275636109367;
  -11.0135308561694, -0.149396512028192, 16.57961251688187;
  -11.27053666626377, -0.328577464318019, 17.01134870709061;
  -8.381761773956384, -1.968956860710913, 12.92729324884017;
  -5.430235925751771, 0.84169714508649, 8.748545613900122;
  -8.786926057625975, -2.357816377787794, 13.6483548427794;
  -8.243876801673787, -2.507119946263992, 12.89682905791782;
