m=[-11.82748561640732, -0.9745779625164128, 15.17625696378839;
  -11.85308401921346, -1.29467956046303, 15.28115625126735;
  -11.79099842803808, -0.929195512170784, 15.21807031440667;
  -9.554362943644298, -2.354904332133962, 12.52917391174311;
  -11.71010364533973, -0.8003351026101394, 15.13639394265602;
  -11.76473511702728, -0.6058811531025368, 15.27460307839499;
  -11.58548504644512, -0.9285265733265887, 15.06641952356022;
  -11.60618230110042, -1.634525017602715, 15.10328649152815;
  -11.66850536747675, -1.749000400816569, 15.19104141611514;
  -11.75773030841526, -1.182206749074231, 15.35947810504675;
  -11.71161559692835, -1.518630236130738, 15.30336964639202;
  -11.67045860314888, -1.128497819626543, 15.26227747626368;
  -11.61872365221971, -0.812709559232194, 15.2304597852763;
  -11.80248027539156, -1.469520433105451, 15.46364711354081;
  -5.396432351817382, 0.8920111867776678, 7.636405844272609;
  -11.45225225335768, -0.8727860673186071, 15.10270505548171;
  -11.44792374491522, -1.490423675180856, 15.11264266921062;
  -11.59480208945381, -0.6511752296092193, 15.30791869620918;
  -11.59373181832821, -1.652957916844682, 15.31504902584364;
  -11.59377215140519, -0.9550689383277825, 15.33397895088281;
  -5.402431580483725, 0.8538505187508169, 7.693905460758379;
  -11.58912916209088, -1.241222547382043, 15.3683816966967;
  -11.64619188843058, -1.776771416402376, 15.46977421053668;
  -11.53556713043568, -0.9771250093925332, 15.33958119467287;
  -9.332184019265146, -1.909892929997358, 12.63151617034598;
  -9.244497343785133, -1.805572878380213, 12.52426272216036;
  -8.660847141204174, -2.415720318352268, 11.8047356691593;
  -11.59904254198735, -1.709331656080967, 15.48610220501205;
  -11.67449557138289, -0.9167929829630671, 15.58462160513171;
  -11.54951319325178, -0.287241060784229, 15.44323755220593;
  -11.7772180929389, -0.6080069913927285, 15.73010712255576;
  -9.306005565338694, -1.970840014039717, 12.64386310197611;
  -11.61245770490677, -0.7225692256353844, 15.54639780680647;
  -9.147712803983453, -1.619669604692564, 12.46092322291952;
  -11.56596529989507, -1.613090528180782, 15.49759977820787;
  -11.62966465300154, -1.062992136133984, 15.59561094620762;
  -9.289403987762968, -1.878673992109035, 12.65802854041002;
  -11.59309883880895, -0.9379451541733215, 15.56844087412005;
  -11.65682280724541, -0.3443991439365583, 15.65184649802166;
  -9.317834978443424, -2.09300017341505, 12.72812545413428;
  -11.56125032972906, -1.224746865158549, 15.55835547655579;
  -11.61759749415467, -1.32672202898897, 15.65652471581797;
  -11.63034446776514, -1.123525679338418, 15.71667766479517;
  -11.67219994543649, -0.8777397370034501, 15.77645710983474;
  -9.088174565109668, -1.692183138687259, 12.50499238334068;
  -11.5137395283238, -0.2957166731193783, 15.58229692901703;
  -11.57908053761524, -0.4591674464409321, 15.66385399338418;
  -11.62175571080261, -1.501032859843331, 15.72251062435414;
  -11.72657158208758, -0.5957514246056628, 15.87963564707926;
  -11.2659995301342, -1.039736000074275, 15.32416211262587;
  -11.69628212937048, -1.377617470104038, 15.88316436334393;
  -11.54173719746804, -0.1822074184999225, 15.69484195967685;
  -11.7184279519489, -0.9551721570348184, 15.92346169836628;
  -11.56692990383634, -0.8393309371984915, 15.75002265897604;
  -11.65903589787568, -1.023478697224575, 15.86996617273935;
  -9.140046091916023, -1.834714723147728, 12.66518671971676;
  -11.62400124861372, -0.2592726562581474, 15.86249430449952;
  -11.68326837208189, -0.6686047064046238, 15.96302169394108;
  -11.707470086173, -1.099356285734678, 16.0008022722053;
  -9.080501538075735, -1.617445875113361, 12.64260198636066;
  -8.376929032073038, -2.22385394000766, 11.73948878817016;
  -11.58636653597172, -0.8774902932932471, 15.86755183527097;
  -11.6191884450062, -0.4341705089724234, 15.95833757605645;
  -11.73990079316248, -0.7711868957433896, 16.1301238300314;
  -11.5500652764078, -1.33869512585177, 15.88806276853706;
  -11.62123626591307, -0.169947268991429, 16.010992695198;
  -8.570567485969443, -2.022094671642716, 12.08374514153931;
  -8.453552930377127, -1.653323706345763, 11.94373967970461;
  -11.69122960975928, -0.457673708729777, 16.17448240462732;
  -11.70569448472679, -1.120072606015707, 16.20353861835827;
  -8.56347583442021, -2.150792400348776, 12.1499897140114;
  -11.52313969423215, -0.5314734217455576, 16.02233607146895;
  -11.65934569989779, -0.9631210431123352, 16.23986354132036;
  -11.71038850249037, -0.44976725181368, 16.34039159658399;
  -11.30208717087836, -1.059116884410732, 15.80638022852853;
  -11.54819463390485, -0.3472377078410256, 16.15517470678173;
  -11.61658415430463, -0.4815431515011289, 16.31446901289268;
  -8.337430919027554, -1.725077783097577, 12.0303590202828;
  -11.48113506958777, -0.1842251441564383, 16.2214082941237;
  -8.2470433633495, -1.465398601912559, 11.94304802082382;
  -5.186199185379889, 0.9873083672160066, 7.885278317742632;
  -8.379658992847745, -1.649372462453073, 12.18496927256323;
  -8.183754852557025, -1.54958296581186, 11.92937292779467;
  -8.343844907247215, -1.699002396332233, 12.17671389543362;
  -8.173074248505696, -0.4291123146598246, 12.23111955180868;
  -7.858529535604382, -1.842022552350454, 11.81478958884037;
  -5.151354089203695, 1.295048213668661, 8.10348135492951;
  -4.77413669544174, 1.55319905693066, 7.870574080687734;
  -5.505378530293267, 0.9080832476934219, 8.932859815940818;
  -5.27282135398744, 0.9886071195573629, 8.730294621579047;
  -4.649906888561462, 1.560755122424591, 7.895209380243013;
  -5.4916221241099, 1.529696813856082, 9.314921415137572;
  -8.440080525260221, -2.412137799745881, 13.77880727266961;
  -7.939053817987991, -1.647317518336866, 13.09024956549214;
  -5.840745156086098, 0.8301004525407866, 9.956570255267778;
  -7.929528550995134, -1.756235281879508, 13.20547960498926;
  -11.95487022339915, -0.8980980734913551, 19.40914689675753;
  -7.989340050807666, -1.706299568100525, 13.32292225535523;
  -5.664509281676496, 0.6674700067892042, 9.87216779857977;
  -7.274059945169035, -1.556487638683004, 12.44084796461102;
  -5.639202595383051, 0.7988473420311428, 9.889079783408647;
  -7.244519339216952, -1.409435596781187, 12.42212016320673;
  -5.661026339335574, 0.9739324951685657, 9.936186133567158;
  -5.656455428411936, 0.8715284424452637, 9.945843630183497;
  -7.167022056831391, -1.454410257253983, 12.33382040169034;
  -4.740396839551719, 1.579469230043916, 8.551808257766293;
  -7.254983341331149, -1.981669599162051, 12.59164573890471;
  -6.98226548671716, -1.928785995518555, 12.29201142991374;
  -11.6973513444118, -1.202719979336157, 20.19655675548773;
  -5.691520544620802, 0.9439674395340183, 10.42018939947877;
  -11.63685600867937, -1.168574275669443, 20.32656143706537;
  -11.91895266911503, -1.01194897083303, 20.88693944838269;
  -11.96323880491928, -1.347727845265084, 21.04305153069602;
  -12.19069453560839, -1.70040787342358, 21.63641966654238;
  -12.0427293069057, -1.285002512924151, 21.43680471267919;
  -12.01575062380128, -1.78590943446559, 21.63352864623848;
  -4.708963234477773, 1.561334835312546, 9.099226626841709;
  -6.758005957944895, -2.412103980246602, 12.86306049953039;
  -5.773492974936644, 0.9696984899149981, 11.24321104894271;
  -5.837649831421214, 1.16959726720404, 11.47305934088412;
  -5.694485868322093, 1.03693122177986, 11.2296098318822;
  -5.901761647945258, 1.428814029831488, 11.79465557579084;
  -5.8658505716165, 1.478012490794665, 11.74707002113847;
  -5.95224603693266, 1.385940371565558, 11.93144377910557;
  -12.16442787153204, -0.8006406068013394, 23.3424725484338;
  -4.713673016766641, 1.550214522887579, 9.793201538520336;
  -6.211376671761139, 0.8929388256211293, 12.62412866276987;
  -7.839881018939258, 0.5479330770044409, 15.7702804882025;
  -7.718913941645259, 0.3765831248074513, 15.56819493030441;
  -12.01650275562486, -1.795411086162458, 23.88822378161092;
  -7.815908887967613, 0.2677717799705461, 15.94536275853244;
