m=[-5.145133574928281, -0.5190714750387396, 7.348692254867794;
  -4.066436964294574, -0.08870290503406196, 6.073456152564083;
  -4.041819951975246, -0.2122083639883074, 6.048639904199251;
  -4.906905396445276, -1.079715423797766, 8.08911811116594;
  -5.609951422314326, -0.4214421796816492, 9.107950919137062;
  -5.527369553152889, -0.5683233408157181, 9.543513706813485;
  -5.572185688559872, -0.4730925383603669, 9.764776176490699;
  6.730064338043061, -2.296986773410736, -9.629726593577576;
  -5.589987501186563, -0.6297443303509943, 9.832654598104821;
  -5.710624645365382, -0.7965412537228686, 10.13539228829991;
  -5.644347014358667, -0.6022721189213902, 10.04728758687759;
  -2.791811742032373, 0.5083719281400183, 5.505493790316248;
  -2.84877739093184, 0.5707643225485067, 5.59886135670677;
  -5.682885703824635, -0.8446512840692836, 10.23164299227909;
  -2.890111541183853, 0.6996947969356041, 5.775880531493427;
  -2.884536108196866, 0.7268136728018122, 5.776629872818752;
  -5.586478379920443, -1.075684656090259, 10.44159110381887;
  -2.718028029046089, 0.7399338932112366, 5.63537865582972;
  -2.744573786485367, 0.6671302677976918, 5.750016073307144;
  -5.697484499282818, -0.3749981088237165, 10.93297415416271;
  -5.650458518763058, -0.5040185847635772, 10.92024419701151;
  -2.739802662690372, 0.6855981498127708, 5.821851638275675;
  -5.629802913721968, -1.039604872075721, 11.03454957998265;
  -2.65687326114903, 0.6772066003783862, 5.811339112827111;
  -5.605602554958292, -0.8375449310392447, 11.14366558946879;
  -2.961630729506074, 0.4579143435046274, 6.381657634387479;
  -3.478399387453559, 0.1731045246489382, 7.348899852123757;
  -5.535148629296188, -1.025701425020787, 11.14512208217963;
  -5.515518497205801, -0.7452372307599895, 11.2048511585001;
  -5.556998605622537, -0.5324578201638696, 11.28973927994436;
  -5.675563162513716, -0.4550224109515448, 11.550567837234;
  -5.567506241768204, -1.801975456595619, 11.35692980304116;
  -2.826144353765226, 0.451638130543084, 6.309687901550844;
  -5.753391676304587, -0.2855929226651349, 11.83794049849035;
  -5.598318978375569, -1.772440647036078, 11.58341035097551;
  -5.741694741858161, -0.3381526908538743, 11.98174899959156;
  -5.116339584638233, -1.108292514454147, 10.80157578082661;
  -3.535660285077481, 0.2122225602589583, 7.783305373331919;
  -5.673503183005836, -1.891195294555435, 11.89650844241291;
  -2.774612042027319, 0.4452312478964557, 6.360746057562595;
  -2.808883002250739, 0.4824714994035747, 6.427979689197099;
  -5.627300476212941, -0.46724003400633, 11.86610381090587;
  -5.522668445242035, -0.8363311797411097, 11.6992415514011;
  -5.187121928029362, -1.294157722577248, 11.06232894288794;
  -5.18022342091998, -1.407669622022811, 11.05037712887909;
  -5.53224171899535, -1.830311644876157, 11.75881620585266;
  -5.595093957540417, -0.420408898806738, 11.9897897627944;
  -5.22211517612488, -1.345528718814812, 11.34234599112036;
  -5.195403108642643, -1.289159351330351, 11.40461253778165;
  -5.293920719214657, -1.152561518804426, 11.62035655713927;
  -3.541705897928714, 0.3655878825047689, 8.120136763641863;
  -2.427571509059543, 0.6914348501573115, 5.90728276249854;
  -5.150602827198744, -1.429283117036149, 11.43322720553644;
  -5.151768851665039, -1.281723595711089, 11.48701975316362;
  -5.161328331923179, -1.497015701159508, 11.5220312211942;
  -5.186195181907656, -1.386834829262383, 11.58176374125191;
  -5.179971199810391, -1.403072185617354, 11.74599022326966;
  -2.962455798875139, 0.2363513384122132, 7.159593352234108;
  -5.168465148396817, -1.288315277999274, 11.74185384442209;
  -2.896647095928726, 0.5225135698144526, 7.187949205936937;
  -5.558623546263247, -0.9277137501529317, 12.86348001622884;
  -2.877235454168833, 0.5592485354055287, 7.184097333718902;
  -2.845982800465115, 0.5799666222125394, 7.192644394582948;
  -5.462269436890248, -0.2596434955466943, 12.92217277654259;
  -5.558901554145034, -2.151594290027465, 13.36567827778049;
  -5.546660592054011, -0.7556271694135288, 13.41295288688989;
  -2.71612278185208, 0.3244226369360532, 7.373383006865585;
  -6.221017645232018, -2.948957109397363, 15.67115751915853;
  -5.745003608165813, -1.087565116961603, 14.60624895677411;
  -5.795348085261701, -2.629012984468536, 14.84559254007863;
  -5.556687454037807, -1.886255820513419, 14.26681319467537;
  -5.695675357711459, -1.824814440906113, 14.6276111886069;
  -2.692861769598617, 0.3549277039307351, 7.443353748074282;
  -5.619834501999375, -0.02516203377336321, 14.46659504608383;
  -5.620047227843599, 0.09979498958749825, 14.60046261596731;
  -4.354750409476474, -1.68609645161791, 11.6232573502876;
  -4.092312131839508, -1.728181439355925, 11.08751880250151;
  -2.63785524812014, 0.3972483522897977, 7.538140918948821;
  -2.62294830927999, 0.3037767217491503, 7.57651412492023;
  -2.623713821184108, 0.3439353714034349, 7.588278180244919;
  -5.690268122066303, 0.04804088174573836, 15.28459744315431;
  -6.13117431914675, -1.084443253810851, 16.44913344858774;
  -8.062916124715533, -3.995955767807606, 21.4989283284107;
  -2.621855605453787, 0.4934170016955218, 7.690609062508443;
  -2.751167531179396, 0.7368929255628578, 8.042628469768586;
  -6.384937085258954, -0.8055339769114911, 17.41824865827601;
  -7.479796852496295, -3.799906617922319, 20.25334420518063;
  -7.691950097950376, -4.532064969355391, 21.04173885260601;
  -4.010337434590642, -0.9601847518395591, 11.49896765619085;
  -6.54452153388616, -0.5221790138797869, 18.12021514841935;
  -5.967363136976114, -0.9774421709209468, 16.63310801759812;
  -2.728419037729911, 0.7381289662886907, 8.176993153016367;
  -6.128410955645073, -0.3977011032926016, 17.0960517521743;
  -7.510297951765199, -4.107241753267791, 20.76468144964662;
  -7.525122004019146, -4.501429481967194, 20.93442866794298;
  -6.509545005172551, -0.5489360411211226, 18.25584208226779;
  -6.063550095607916, -0.9622261938234079, 17.13311229969083;
  -4.000746579473312, -0.857015810163436, 11.6627927063796;
  -3.897579973824448, -1.413472545064855, 11.40087799388097;
  -2.656792872590343, 0.7869289810446563, 8.129885803814576;
  -7.417453778991065, -4.585324374811871, 20.93360706641898;
  -6.046661688403967, -0.6567736641187419, 17.27986910380998;
  -7.273871379209562, -4.312973777366431, 20.57605786487936;
  -7.476688418145588, -4.767877894196289, 21.36408377454186;
  -3.895854435346767, -1.087504276211903, 11.678063388923;
  -3.79681093746218, -0.861687380358939, 11.43440304462151;
  -2.712029288045415, 0.2826690072844834, 8.479789064554772;
  -2.65164480866337, 0.3860900181536093, 8.318816247428533;
  -3.889835423715586, -0.9366497138214612, 11.74012151910104;
  -3.885991990094368, -1.388842956943436, 11.79068217045179;
  -3.853953842174537, -1.229696789718334, 11.71220784720468;
  -3.899011399857371, -0.02137333812892398, 11.86130710179112;
  -7.214286111378676, -4.480824958403076, 21.1885694349548;
  -7.036213632440025, -4.83886948706628, 20.77056324529787;
  -2.640511329905468, 0.3708605988580198, 8.47553882337513;
  -2.614490630563247, 0.385032513651475, 8.402930645585855;
  -3.851548724337107, -0.9302047592734444, 11.90704411448603;
  -3.774540231859944, -1.046927583851631, 11.69324643272623;
  -2.565037564367976, 0.40551097847683, 8.311824994224732;
  -3.848629468694118, -1.523021403347491, 11.98701913578044;
  -3.82883477774725, -1.386871537779444, 11.94380889400022;
  -6.934893946517601, -4.264064781477165, 20.88861771978229;
  -6.901237272816704, -4.878376823512633, 20.88001162511583;
  -3.040524934355804, 0.1824285942091934, 9.792908737111244;
  -6.787579248376047, -4.324428878256017, 20.64552802012603;
  -6.81761754859937, -4.190089458734591, 20.7863003753075;
  -6.787040436214638, -4.602481462931649, 20.78019259068558;
  -2.640130820546233, 0.31077056450514, 8.720243526439608;
  -3.738706131448859, -1.105015621873563, 11.92772463379054;
  -3.930507483778045, -1.221549244562644, 12.48998909726683;
  -2.584880251654545, 0.3567374854382399, 8.569449289041494;
