m=[-44.27684741344295, 15.03097821925635, 59.5083879804395;
  -5.598021149597733, -0.4104041143156491, 8.598129083382149;
  -2.836172342652436, 0.5687231521043464, 5.071025324039598;
  -5.516045755561119, -1.055814981832369, 9.025204883242797;
  -5.544411400094645, -0.5671183960731849, 9.073442118674008;
  -5.623487754015181, -0.4360853581083163, 9.199511298515931;
  -5.585925183207667, -0.9224877900787099, 9.231302648411283;
  -2.889571824879452, 0.7021752475750722, 5.268065273947197;
  -5.515762390154309, -0.5519433032213329, 9.134616616615718;
  -2.885887663957844, 0.7303117848320579, 5.270526463020535;
  -5.646610568508452, -0.8374032997825801, 9.348911346316989;
  -5.38690626988767, -0.4421440007070141, 9.003488622493485;
  -5.602779180987652, -1.005166099385517, 9.353450765103368;
  -5.57234862734291, -0.6246410576913438, 9.309485427331561;
  -5.603996881246367, -0.8939090140113429, 9.367350587219608;
  -5.659224878421518, -0.6021765818008279, 9.5762679440949;
  -5.673436309851229, -0.8429779486614938, 9.715083979296606;
  -2.735078741673676, 0.6679839113076052, 5.231409465745152;
  -2.964468740167529, 0.4627364110748048, 5.882120687317029;
  -3.496159297392526, 0.1766948322929145, 6.877559531094877;
  -5.596685621000512, -1.032364421666843, 10.47853886037821;
  -2.836909980219676, 0.4571183297330845, 5.832693337517562;
  -5.638296649647629, -0.8424051295542629, 10.68356165525106;
  -5.739170813714445, -0.8550227652068952, 10.89869187083517;
  -2.792251269318423, 0.460392838153488, 5.830936135742267;
  -5.604354393870761, -1.036652403473515, 10.76295372814267;
  -2.773039867858515, 0.4481038358053921, 5.855270053796613;
  -5.580610589328284, -0.4822853248428101, 10.77319633775105;
  -5.696165186430434, -0.5518868732781417, 11.04897337226372;
  -5.649613486915622, -0.4509851693913156, 11.00089050802088;
  -5.740255931940491, -1.868939802743843, 11.18820285057439;
  -3.403082305008437, 0.1282784817174095, 7.101192652315993;
  -2.438163606848643, 0.7369669876696481, 5.394955328046422;
  -5.838782743960847, -0.279347103632087, 11.49662960327233;
  -5.149389616861906, -1.112632739879835, 10.37844824784014;
  -5.71522872406669, -0.3346479880873103, 11.44224580871937;
  -5.648208078003508, -1.938758654066831, 11.39625706712236;
  -5.146917123522067, -1.511865497613259, 10.48751251073811;
  -5.187772054323305, -1.292641849470693, 10.56254789053083;
  -5.180863356972626, -1.404619308849443, 10.5507860071593;
  -5.415326481498083, -0.8218126734387495, 10.98858071803531;
  -5.584754996431204, -0.5203541559660571, 11.39436211486441;
  -5.494947022876241, -1.790967190136761, 11.23577390938024;
  -5.177188225902231, -1.282400168622963, 10.86526180570401;
  -5.222273637948367, -1.410640013878557, 10.95329247979829;
  -2.974676819906754, 0.4553666549363627, 6.74400310393074;
  -5.222301156618413, -1.443750164371279, 11.09556114655134;
  -2.942533392302318, 0.5409436138184065, 6.699622688041941;
  -5.138045746430761, -1.277856709583682, 10.95979789838548;
  -2.894408992315444, 0.5244288289826664, 6.679015428325465;
  -2.882942916913585, 0.5640096302887839, 6.691218239105253;
  -5.141905126464319, -1.453774763350896, 11.15053725633261;
  -5.217677044278984, -1.41023913134524, 11.32744022102755;
  -2.862337389937116, 0.6166842695445415, 6.684350565446031;
  -5.226913183620944, -1.301309970367436, 11.36748024574772;
  -5.243839820482251, -1.969474360699049, 11.53605395218151;
  -4.818875240446343, -1.003508033688299, 10.69341413282919;
  -5.195709738262453, -0.8671428515889208, 11.55364521988009;
  -3.114766905174968, 0.2348596724773676, 7.343618982289033;
  -4.835171405070379, -1.010536055640268, 10.90425985748163;
  -4.44871436144567, -2.32880988753819, 10.26659991610299;
  -5.425328674836909, -2.097521952359137, 12.30217868086054;
  -2.339763822587023, 0.7475306797003735, 5.890810454617663;
  -5.278271863565643, -0.2432083363623359, 12.01518368924392;
  -5.682104913410876, -0.4557952893519482, 12.89021659152183;
  -5.618667715885115, -2.17712858097839, 13.01323022311025;
  -2.705379026886041, 0.3323487634903961, 6.83749054098117;
  -2.657453885644194, 0.3552312389094175, 6.84219645922252;
  -5.585782591823247, -1.161029217731396, 13.81779980844172;
  -5.615913352201997, -1.897679964926369, 13.91257140745206;
  -5.717342330225589, -1.812575211777614, 14.16567428110988;
  -6.028558704488088, -2.581417609259146, 14.94056809613299;
  -2.603526754960977, 0.3067668420991357, 7.021218886384141;
  -2.62961990095345, 0.3489545631156149, 7.09737260011909;
  -5.458513144190647, -0.1124865047949934, 13.70700094693102;
  -5.762596859500538, 0.101545141696134, 14.44763933842271;
  -2.632562970948227, 0.4979344648372702, 7.209571433466667;
  -6.361777481344496, -0.8227141896859813, 16.00704951023759;
  -2.836023618384657, 0.762208749091984, 7.773101071467384;
  -8.108260484912266, -4.442919120814962, 20.61411723843827;
  -6.438301716016537, -0.7685210072398053, 16.72000665414348;
  -6.33357781017951, -0.8464138452892234, 16.54321781959266;
  -8.178501067047518, -4.781139461307462, 21.14342083663749;
  -6.270667368824229, -0.9625911240879201, 16.49788590969773;
  -7.994783829649934, -4.590036901520882, 20.81478826814553;
  -7.803045508886896, -3.854583634950097, 20.33267745313166;
  -7.624346660725796, -3.86452931985564, 20.1390506548749;
  -7.938235358676162, -4.498808526641061, 20.96897871389696;
  -7.802428019807304, -4.593008326362044, 20.85417763556244;
  -2.705130028127865, 0.2860781814619399, 7.952515513205601;
  -3.864451311371053, -1.071373288958499, 11.08539875905797;
  -3.856459959104075, -0.9256502183172771, 11.14401675204337;
  -7.600219170872737, -4.506209103307744, 20.99214753957739;
  -2.616243222583518, 0.3875040707886076, 7.903037253798733;
  -2.645594231466031, 0.3759142407539989, 7.983650235173114;
  -3.791034544345001, -1.352555574074741, 11.02000870034302;
  -2.628171266837506, 0.3168005130927033, 7.988577898350373;
  -7.409503172253968, -4.536752660980569, 20.74269413531651;
  -7.267239503992609, -4.347337084999057, 20.66436027150104;
  -3.043551717216909, 0.1868496902572433, 9.292315304162646;
  -2.63272171432828, 0.3154256266259479, 8.191814301519651;
  -7.368436955699463, -5.063007924072616, 21.24470695530577;
  -3.691394410546996, -0.704532386546701, 11.13836026889419;
  -2.586903691615798, 0.4067765603996938, 8.156783781719165;
  -3.821302207357737, -1.183354506606288, 11.63861223930991;
  -2.594156829555522, 0.3494784362363003, 8.234781818070246;
  -3.624008005355481, -1.422772550011024, 11.20599740738591;
  -3.047073073495995, 0.1753076017323589, 9.612243975221189;
  -6.358587036413818, -4.029606866967114, 18.94913708449101;
  -6.870243514133537, -4.214091810114988, 20.45815511977627;
  -3.78872526698716, -0.7573496552013836, 11.74945367309691;
  -6.837069840618162, -4.629180887700774, 20.45600330583204;
  -3.645192868946584, -0.8618864716104943, 11.40631105375189;
  -3.624164313284452, -1.266668439943562, 11.35806189275598;
  -3.493492903633019, -1.656907988406358, 11.0066475561414;
  -3.412825787416096, -1.570917985070224, 10.77249132165161;
  -3.00002254900367, 0.1304600753296767, 9.596964848017921;
  -3.566438780697954, -1.568199085720612, 11.24845832195074;
  -3.555760994325822, -0.9839449415510426, 11.27013933628578;
  -3.429837482201486, -1.505249684551996, 11.06446605235342;
  -3.285599928614144, -1.612762668911809, 10.77909865842121;
  -4.807635780758055, -0.6888609274584774, 15.39908369746657;
  -3.469668465587454, -1.299594719004204, 11.41169561998435;
  -3.42875599523589, -1.48666665192365, 11.31580224003294;
  -8.953887201142425, -6.038318245537722, 28.61613233503402;
  -4.887353425916054, -0.9124688810722994, 16.06405176391233;
  -5.481959188028885, -0.4682118441659434, 17.95655488217708;
  -4.856908982323023, -0.6635962814666322, 16.05611352197816;
  -5.402565195283597, -0.2134367082723467, 17.85849129420299;
  -5.08103041277075, -0.6215588196632963, 16.99641653153119;
  -4.884018202242974, -0.9449327610045427, 16.43527267058459;
