m=[-7.865191894589491, -1.610097159038153, 10.38115905835493;
  -7.735754255834187, -1.373035424507254, 10.24126956690349;
  -10.61349210049644, -0.4136539218791674, 13.73924021261084;
  -7.737109259645489, -1.511572348388803, 10.30320281937404;
  -10.40393821857299, -0.2939633772423939, 13.51090458994864;
  -7.620729955574257, -1.531759109789181, 10.18388738828059;
  -7.834202282736445, -1.720697669669142, 10.50037298062327;
  -10.68643442445519, -0.3174320239641565, 13.98719700410054;
  -7.848547641386647, -0.4187775865159881, 10.75687910630011;
  -7.563832662586335, -0.3763918201765774, 10.59485562349564;
  -7.571446305997271, -0.1563168858223338, 10.6267574993837;
  -7.995207984207384, -0.6489673328669147, 11.25225839366438;
  -7.618743385289641, -0.4447881345723306, 10.80557124683266;
  -7.611632714328862, -0.3684599944490049, 10.80031908403844;
  -7.580082197025045, -0.1555401285923638, 10.77160513267913;
  -5.483130931579448, 1.501334255294935, 8.078419838121397;
  -7.990877417591548, -2.025531192709872, 11.98861811868647;
  -7.706664486478588, -2.033200511459659, 11.63940821231019;
  -7.537223108887958, -1.652208281950911, 11.43949842104475;
  -5.356651835146884, 0.7667466600911279, 8.420461249717192;
  -7.58245160314792, -1.788872088065822, 11.52145698770952;
  -5.365483921938941, 0.8297799746111102, 8.460307287889769;
  -6.95878897909888, -1.069470582691572, 10.68959212515526;
  -7.576474715493732, -1.74968602980018, 11.55813695175709;
  -7.508121671145315, -1.737385466518819, 11.6267216372727;
  -5.353605408460193, 0.8698089090507887, 8.586779977433389;
  -6.900669290611648, -1.599015864067778, 10.85581715804911;
  -10.26051953953031, -0.7522228518807833, 15.75936730245934;
  -7.209649804879103, -2.302819235566032, 11.38753399523755;
  -6.944437575014763, -1.162281411932612, 11.10765155951556;
  -6.112957367929494, -2.187804660570721, 9.940462844584983;
  -5.316337878637426, 0.8615928396588329, 8.869196759215619;
  -10.23530825746399, -1.04693378312232, 16.75010570811905;
  -10.27791280807422, -1.697346233967554, 16.98528365731398;
  -10.47142086404858, -1.55293202507548, 17.33719443553258;
  -10.21406309702139, -0.860860383170545, 16.99370329902169;
  -10.37861687844481, -1.86197483565363, 17.3263801493051;
  -10.24990902847753, -1.14897944205641, 17.12408628991076;
  -10.32424581828925, -1.64684895359633, 17.2574739383228;
  -5.381465654871584, 0.9090666592491117, 9.518016742578045;
  -4.411746050173754, 1.463008499128876, 8.011997042511808;
  -10.47914116439284, -1.452924310365084, 17.68966837830729;
  -10.3865076421339, -1.10518874990048, 17.57554829879923;
  -5.335695097291916, 0.9782299592922127, 9.555691269220629;
  -5.430938642444764, 1.089038383587043, 9.710420969476898;
  -10.54997294765696, -1.567549905937574, 18.06557218027223;
  -5.52037620507695, 1.341469173782921, 10.06436383920082;
  -5.529281497671714, 1.399257320316295, 10.09818393797129;
  -5.465171553407066, 1.279720542864646, 10.00575361733046;
  -7.592365863015176, 0.599475561574521, 13.56601323300785;
  -7.827515135649279, 0.4446762476275774, 13.96860338022265;
  -7.51946407240086, 0.4868766999755815, 13.5579129487014;
  -7.496953917681388, 0.5645584500086218, 13.58171573575913;
  -6.293157726510536, -2.426277599760703, 11.60849431359909;
  -5.872423149644859, 0.9583624617778674, 10.93745458759864;
  -5.812162629151504, 0.8288929188882497, 10.83715466029347;
  -4.482876685115712, 1.51251428762261, 8.606934197261598;
  -7.18275511426832, 0.5325769962973463, 13.27887426272715;
  -5.434997969534002, 1.200797940240264, 10.32032348171996;
  -5.278427944476597, 1.233516602221563, 10.07571969209704;
  -5.17224438010483, 1.263208981379089, 9.8929978859292;
  -10.43546598585475, -0.6801759642235354, 19.10829663865844;
  -10.88627338475237, -1.39434579910299, 20.12508832954796;
  -5.768652739451786, 0.9318421821547193, 11.15260859135022;
  -5.537351016041709, 0.9619511056192728, 10.79122225911358;
  -10.26235679864467, -1.892993953710346, 19.21396194028866;
  -5.070993210457658, 1.357732834628035, 10.02569916327022;
  -5.345349616635457, 1.001559941026578, 10.54412165774877;
  -6.677585895483998, 0.5156871448615845, 13.00304397030492;
  -5.018945180733842, 1.287585192385239, 10.02864443963671;
  -10.25575592199152, -1.527904478248638, 19.4756921033227;
  -5.594197208486013, 0.8732218032945824, 11.10004726415404;
  -6.542373636742219, 0.3306495826445642, 12.86999828495186;
  -10.46303068985353, -1.935374737207231, 20.09386046217746;
  -10.18289398986546, -0.8800220436691115, 19.65776226155393;
  -10.42462280231457, -1.010015035585498, 20.22086368440566;
  -10.30962181459942, -0.8229742709276714, 20.07482830890617;
  -10.63684599268139, -3.463194862229478, 20.73203565615382;
  -6.526872411894237, 0.3178711522267599, 13.12300425648603;
  -4.990652406746116, 1.13189713467501, 10.28252185767406;
  -5.199548757689937, 0.9302416008216283, 10.68071726482801;
  -4.853909406546785, 1.348523586982527, 10.05361878089539;
  -5.383790125656669, 0.8625846404027225, 11.04688759789675;
  -5.356144364545873, 0.8630488040867944, 11.01224493117326;
  -10.51934998854039, -0.5032812625937109, 20.71271972065123;
  -4.761607138033366, 1.234415934790036, 9.971834948868043;
  -10.30604494641069, -3.274213890289152, 20.42345913453601;
  -4.893611703004898, 1.175738778961408, 10.26020886328834;
  -5.257476090774138, 0.8668648002965886, 10.97895725121433;
  -10.15648708654006, -0.5947002532432185, 20.33392317404642;
  -9.224875549537861, -1.993226250374066, 18.59247417793751;
  -6.956930532736923, 0.4435538754540501, 14.26498147725366;
  -4.749803380107186, 1.396280122172346, 10.05672306391424;
  -10.35384200542504, -3.453849275159806, 20.81287016650596;
  -4.264110351672263, 1.453786578645918, 9.148493562549808;
  -4.763295979170005, 1.234704445021024, 10.12384967840964;
  -5.194293436012054, 0.8393614675194884, 10.96774379590905;
  -5.281159409723011, 0.9092398946500429, 11.1359233947881;
  -9.96864440999275, -1.512809678442522, 20.22800548089828;
  -6.302006422615587, 0.2375528251187821, 13.15036125845774;
  -9.428561978768485, -2.769564227615477, 19.2119203277434;
  -9.574529615744721, -2.385694194099005, 19.49419260071961;
  -9.555565204073043, -2.590674655517995, 19.45983066894556;
  -4.750779547867802, 1.274475851950028, 10.18531254427079;
  -10.2095915446011, -3.379282956894243, 20.78280111880725;
  -5.152156742036397, 0.8887204739636628, 11.00085262637255;
  -10.6676542273813, -3.503687753090145, 21.75822798322566;
  -4.691446369683629, 1.337997388480642, 10.14070291707352;
  -4.610656059340901, 1.252147016539742, 10.14612473087649;
  -9.548100157274828, -2.365084041267269, 20.03840761223152;
  -4.609364478874113, 1.393240980845388, 10.19919884964206;
  -4.589916365391335, 1.318346251394928, 10.21057217626274;
  -9.25444759044986, -2.558471798001222, 19.6624602905669;
  -4.62736972228253, 1.181156328925264, 10.35791549696031;
  -10.23172053858836, -4.259103586716615, 21.74756387410412;
  -9.422609687019813, -2.343448385742923, 20.09906157741877;
  -4.657188216834454, 1.160409595732056, 10.52841932401372;
  -4.561732510361078, 1.307042094001214, 10.38824889494133;
  -10.27417868617889, -4.238692341410617, 22.17286168235977;
  -9.593286131343263, -3.360950791639099, 20.76443480445651;
  -9.478051678536792, -2.561737580259161, 20.57660198002373;
  -5.516770654401345, 0.4442605684354731, 12.39355197591465;
  -5.531192422230922, 1.001477333840066, 12.42915728437335;
  -9.479596503918387, -2.360072381585567, 20.61620735037755;
  -10.58027975800069, -1.406808368729039, 22.94296456201496;
  -10.51349037163342, -1.602391638243455, 22.8391269493829;
  -4.422689163131654, 1.351999477265041, 10.25681781677249;
  -5.486321025338268, 1.008583396123267, 12.49137254020376;
  -5.206086868700099, 1.030223275362826, 11.91482933110423;
  -5.374432492110278, 0.9737764586023698, 12.40181246969611;
  -10.10408210068132, -1.686330262245068, 22.46834133248802;
