m=[-6.516948837394743, 1.478030403252578, 8.773779126270203;
  -11.24791542278766, -3.296337947467999, 14.42288396056364;
  -11.45500211701101, -3.010917908519965, 14.67395599831945;
  -11.22380283653167, -3.11613237086066, 14.40490657212147;
  -6.452397613012368, 1.654465499878518, 8.771347355530766;
  -11.99515919088586, 0.2545171177074508, 15.4538014082114;
  -11.02217623766477, -2.976690864349309, 14.33777479803496;
  -6.402274355417553, 1.498099354802069, 8.789645544545451;
  -6.378129572473498, 1.664838914391054, 8.78348417686153;
  -11.83852315148322, 0.2240213852439401, 15.44183313280711;
  -10.95632415874132, -2.837833305287249, 14.35917863013378;
  -6.33246917153165, 1.672589823350978, 8.789718196548545;
  -6.312894666433836, 1.757770150474857, 8.768211716757875;
  -6.317775587633185, 1.566617971740847, 8.801609491678319;
  -6.331387248965018, 1.460703282882219, 8.825347345191952;
  -6.298411591043613, 1.543664321408244, 8.819952508353094;
  -6.286162372025111, 1.631580068567233, 8.817167927640798;
  -6.240130911304648, 1.504192892560615, 8.820983501398096;
  -10.8225926910738, -2.944267607215827, 14.54485531341392;
  -6.22970931002255, 1.756427624739792, 8.833561127799339;
  -6.2049787677726, 1.669744223596358, 8.837078129001252;
  -11.7512282844257, -0.2132934949972459, 15.83085134449514;
  -10.98230693622272, -2.851233093237671, 14.87450606900191;
  -6.171797658306718, 1.57455476917245, 8.837471675496575;
  -10.99273002257731, -2.802229632768391, 15.00602693311748;
  -11.2057846414004, -2.938277294354128, 15.4402081423167;
  -6.177929318343986, 0.7771596334353308, 9.096912815398088;
  -10.8031907723107, -2.730899437936707, 15.13827824086698;
  -6.127832377925217, 0.9728777412310244, 9.111303765469996;
  -11.78694111014826, 0.2322972475117733, 16.57891766106691;
  -11.92597209004603, -0.03159857818542696, 16.78152765585134;
  -10.87490561068524, -2.770511169150836, 15.4914688940676;
  -5.886496544278898, 1.072610057074799, 8.976378080232248;
  -5.836293758863686, 1.123393782552606, 8.96038945746132;
  -5.850937651949231, 1.272686772679606, 8.994688825294187;
  -5.830840243572799, 1.002400163139019, 9.024690604999096;
  -5.83366634022393, 1.156157909258425, 9.029628637760194;
  -11.99031416123783, -3.143532280371177, 17.49559731855326;
  -11.93634618739006, -3.952699432202053, 17.51094692421696;
  -11.96444461784587, -3.083295292143746, 17.59639277031035;
  -5.774279432208274, 1.057396125025876, 9.120727700371669;
  -5.725833921143026, 0.9877919515286746, 9.148549166625891;
  -12.25016963597794, -3.93436353454373, 18.97540657365855;
  -6.16254015244565, 0.7254040396281516, 10.16840446860653;
  -5.738133266512635, 1.033081392896715, 9.620296147315894;
  -5.50826507657482, 1.027547148923004, 9.317841356614222;
  -9.050786850539121, -1.386472307215475, 14.65141547757742;
  -8.930770437574939, 0.229909548511009, 14.59002710844617;
  -7.317278493750937, 0.4791567345260433, 12.14719213623513;
  -11.9123822489179, -3.741699880530333, 19.13137115155432;
  -11.9787222262447, -4.040158806256311, 19.25082683079796;
  -5.930888103016891, 1.097682883089658, 10.1673201148615;
  -8.957572014425454, -1.29835692879547, 14.98683304162329;
  -8.382370121046982, -1.015548701145443, 14.14827348287617;
  -10.69109466432098, -2.845605547043081, 17.81442348042879;
  -8.603967844163979, 0.2181867113552649, 14.71059312304584;
  -8.4372542068926, -0.6833878491557759, 14.4510059919895;
  -8.474155512925629, -0.02274676724934642, 14.52888865007269;
  -11.71928223979744, -4.114341760876697, 19.79883303359023;
  -6.237410709453403, 1.929981125114239, 11.07368002665754;
  -6.177317408239534, 1.959269489204915, 11.01201797750131;
  -6.502682113255146, 0.4023257665903221, 11.59110469809585;
  -11.71975709526221, -4.171527151666541, 20.09351812074284;
  -6.279204919559978, 1.357770110670919, 11.26832822577934;
  -6.216404513503401, 1.281966069843391, 11.26714742620881;
  -11.67452823111383, -4.085296384380085, 20.24680769024043;
  -6.361314009697643, 0.8212448222651283, 11.55880201870271;
  -11.54972933484406, -4.646430008729804, 20.16645026218126;
  -11.45407219996164, -4.501036888047232, 20.01794525188443;
  -6.4123837231689, 0.7309143412197424, 11.71557930886504;
  -6.151825986597963, 1.228294951572944, 11.33741423727351;
  -11.35105576346335, -4.640821910166243, 20.07619770825555;
  -6.09168637813954, 0.8396493168505304, 11.31505856074456;
  -6.147735579384227, 0.9692379671181731, 11.42464955932687;
  -8.580386393343209, -0.9362589869306554, 15.53163736540746;
  -6.178332155560344, 0.7819034337943237, 11.50871959842368;
  -6.204962963915547, 1.346195726612236, 11.5690747000041;
  -11.20605181601828, -4.57509400478533, 20.03713770949712;
  -6.121004646751555, 1.025451230394659, 11.44391946273934;
  -6.110485938233853, 0.8804796133992651, 11.52698315727906;
  -8.521184474152879, -0.9748901674709249, 15.66921337513588;
  -8.134050152301361, -0.9712478829026908, 15.14648439138819;
  -10.8035693652251, -2.706028114671196, 19.79352914896604;
  -8.116895411238309, -0.8456061319582529, 15.12371094719645;
  -6.055807854966053, 1.048433150297419, 11.57310733495519;
  -11.35064519234076, -4.729757320726555, 20.94361210304588;
  -4.688114751109553, 1.946399978463625, 9.288278705709034;
  -7.967337950523396, -0.9391645373395235, 15.04546859576079;
  -4.785094402880957, 1.924938996437801, 9.46793913048621;
  -11.26191870711812, -4.863914573272843, 20.94275729285596;
  -11.96433016272175, 0.1444662692367624, 22.45178038163446;
  -17.15934125510862, -0.4466634685486906, 32.51762343235235;
  -6.470846905737973, 0.398178930328499, 12.98323049420384;
  -6.130234797883611, 1.0530400246606, 12.48589982271587;
  -17.90162406275552, -0.1894178778467298, 34.53266796243052;
  -15.65677375122628, -0.5324412942505308, 30.49473976002959;
  -11.9838669211568, -1.52684201566366, 23.58941747231187;
  -11.88349343069295, -0.8007353875758907, 23.51976816903255;
  -16.63809392554194, -0.3009991022884014, 32.57672006992;
  -16.3612025590767, 0.009383530602948782, 32.14331580687088;
  -12.06052264948333, -0.9880695304143682, 23.95848483437407;
  -11.54365259879613, -1.267675515532361, 23.0096892312463;
  -11.70068230902472, -1.510857352102049, 23.34387374337628;
  -6.043973438137503, 0.9629035932960072, 12.57456278792956;
  -11.52019537798581, -0.9948301910162081, 23.19349328568413;
  -6.220190314298787, 1.877006442102343, 13.13317027278905;
  -10.79508638733179, -3.076249767317662, 22.05660701881808;
  -6.166936559030275, 1.958343519238687, 13.12706752628074;
  -10.33578034327637, -3.227709716003539, 21.30882605203249;
  -11.79934698902119, -1.57813975135035, 24.2716274067453;
  -6.381209312080819, 1.847161795693984, 13.70345063593873;
  -9.065815252945196, -3.133146877021604, 19.03656645798941;
  -9.679481206096453, 0.1803584332831417, 20.41640060686424;
  -10.0096773150503, -1.014886630229256, 21.14775000691139;
  -10.05469230825516, -4.741632594947284, 21.19848326327718;
  -9.459890682157008, 0.5396472331239584, 20.21948481034693;
  -6.416740574285464, 1.513699767421675, 14.09500772242988;
  -6.312897120273142, 1.297697010691385, 13.97186746104442;
  -6.166720684903208, 1.816618918478914, 13.6937875842357;
  -6.430630909874481, 1.421968316532021, 14.24418836055097;
  -9.503674909799326, 0.3923390783690872, 20.65590993500868;
  -6.62223054551759, 1.264549933262302, 14.73693085734268;
  -6.008675122261714, 1.757164337021048, 13.56614100582967;
  -15.40832062974736, -4.285390657915963, 33.25248690081921;
  -15.34727104963026, -0.254867393315605, 33.22204348811354;
  -6.031578646473586, 1.826644867850766, 13.78483876815742;
  -6.682153064296752, 1.162638813073977, 15.17413603762986;
  -15.0545130542998, -0.6685719551407807, 32.87268172504356;
  -15.9163936087004, -6.529804187691667, 34.71429418992106;
  -17.13577577128316, -5.160031158004778, 37.52810676697406;
  -15.00060443347115, -0.1339328029424417, 33.05464130567083;
  -14.78242221510007, -0.6077199094424813, 32.62261690972111;
