m=[-6.103250025611335, -1.57283707449947, 8.976194721640127;
  -4.530016331022035, 0.1166186071731098, 7.400600153513995;
  -6.086998016642819, -1.911936611480858, 9.775762380840927;
  -6.145292258770562, -2.072671539364522, 9.876008046921934;
  -6.05509447079987, -2.125789578022492, 10.22962003789526;
  -6.094098709036735, -2.070499123881176, 10.54222511188987;
  -5.530772801346918, -0.9261566963765625, 9.844518087740115;
  -4.174105877267609, -0.4984099458940295, 7.772638271740665;
  -3.087445025051288, 0.5303554092969969, 6.288426228672617;
  -9.118707645288334, -0.2373630505374646, 17.28030796700426;
  -6.239104705420333, -0.794912632711466, 12.28124832476182;
  -6.189096320760902, -0.4170346430578213, 12.24943754873776;
  -6.166507151275742, -0.5051968312102034, 12.24989765026711;
  -6.032958700804326, -0.6625142229267316, 12.02535364455856;
  -6.114908617116202, -0.7895911022621605, 12.19977185434261;
  -8.572183472786916, -0.2137031951896577, 16.7799637592378;
  -5.756203193623673, -0.7698810014791265, 11.84069078764679;
  -3.146053774152898, 0.9267779581244078, 6.986110497480561;
  -3.263888772718225, 0.7217248958206012, 7.229686654088094;
  -4.947975051299328, -2.329033772439159, 10.39955201667988;
  -3.386356013675214, 0.646642583894018, 7.535904117028546;
  -3.058326489419435, 0.9262046826457684, 6.989635720273691;
  -8.093655674057448, -0.1876079778080231, 16.8875240498061;
  -3.351681501350213, 0.5831645825883107, 7.61115026353383;
  -3.011535821143896, 0.8118961193769378, 7.045776564309252;
  -2.978293762382308, 0.9323892129315097, 6.980115265891002;
  -3.038394640906549, 0.7505182681599116, 7.143754493802267;
  -3.031304373233879, 0.775713073126257, 7.157062816993542;
  -2.934974994752932, 0.9144231184951148, 6.99159469965077;
  -7.835971455473356, -0.3296722627262805, 16.96150240079432;
  -3.028580278734261, 0.8155804266186373, 7.185285301529941;
  -8.224197553332575, -0.1365767103318963, 17.80281640221858;
  -8.012073188571527, 0.1512698593617185, 17.38234628840031;
  -3.006655737736537, 0.7479203192318061, 7.192270502574386;
  -8.073361132530616, -0.3585385204732303, 17.62880207441953;
  -2.914688660419584, 0.8738832218726946, 7.040360758384582;
  -8.025197592155447, -0.07165292655047999, 17.6839559360641;
  -7.857178486834134, -0.4289989912364663, 17.33589390497652;
  -7.88774333654545, -0.4358357246436335, 17.43500850429581;
  -7.769026699522095, -0.2276897375864937, 17.30813070404578;
  -8.323704552784911, -3.633913391925112, 18.57054398251862;
  -2.812098562470891, 0.9014762402810609, 6.989858271770017;
  -3.133776947141019, 0.6507769349606987, 7.861155408035087;
  -2.664985666243915, 0.9040141603740131, 6.984094130076842;
  -7.555220129305705, -2.046171632145513, 18.09677984180841;
  -2.865432550521906, 0.6819303633209125, 7.559114047941565;
  -2.850051424825299, 0.7028563913722185, 7.568904369280101;
  -7.299096456248251, -2.21733532986886, 18.06496047329203;
  -7.120701762834234, -0.7400928598344929, 17.81194682483323;
  -2.648947715866215, 0.7549844781373949, 7.327991691806401;
  -2.563486975426114, 0.8540905864001269, 7.129512879113174;
  -7.17137020964478, -1.728489454500479, 18.07838096899917;
  -6.848545414515896, -0.6483728398505808, 17.36265498988385;
  -7.070538806988631, 0.1031109497829266, 17.97161109840353;
  -6.697524680552958, -0.4231408089898423, 17.22172900864119;
  -7.060931773922376, -3.124495318635797, 18.11063854152866;
  -7.082592686320131, -2.034508037679648, 18.18919731421442;
  -7.046296301005683, -1.851564853124173, 18.14740272814662;
  -6.613160145262714, -0.3303597801300878, 17.12132946284773;
  -6.974546763803962, -1.710543758017319, 17.98397105341051;
  -6.40430641357257, -0.1976427061826179, 16.68614386244946;
  -6.766020705185913, 0.04449872743970015, 17.57835663956498;
  -6.721766846047381, -0.4178703454734919, 17.51684223875801;
  -2.992104636568534, 0.3680479928307512, 8.370318591701507;
  -6.309978081149966, -0.1448078830377883, 16.70966114934842;
  -6.877829999843831, -1.743620512601299, 18.13282411071466;
  -6.06006172906838, -0.6826389126242982, 16.13120458509742;
  -6.840581515982526, -2.233920493715147, 18.09178045840678;
  -6.490811998881102, -0.6076557045090062, 17.30106167159449;
  -6.597203736042839, -2.226570595547995, 17.66692413763442;
  -2.90577771223318, 0.7176606086478201, 8.392857987207732;
  -5.973333837859358, -0.6435901238794263, 16.19757361228639;
  -6.146403022870992, -0.1219087069795247, 16.66691262709967;
  -2.843182281475682, 0.5998015398583872, 8.333560170801242;
  -2.425381468344214, 0.8973270372026055, 7.275943011724079;
  -2.392533204398984, 0.9447994089224359, 7.198744027517624;
  -5.867392129252852, -0.6726036038009066, 16.21008783809712;
  -2.835586050423346, 0.5590222817206609, 8.377371881669751;
  -5.886858913017147, -0.4286311600270161, 16.31188808162919;
  -5.769684929730386, -0.00591562855516599, 16.07028423767307;
  -5.835550795918227, -0.2595452464023114, 16.34474579686602;
  -2.617032843053992, 0.735181550233352, 7.909467579977727;
  -5.948400338738786, 0.08686302325599814, 16.67929932314407;
  -5.722241034048278, -0.1905281242790453, 16.12536838337378;
  -5.868597391315729, -0.3230195064229987, 16.60058380067586;
  -5.780996102833293, 0.06722107960178178, 16.43280899578868;
  -2.377342789298424, 0.893358610709915, 7.406259127301982;
  -6.028146199287952, -0.778560433039844, 17.22075975675888;
  -5.755106673142719, -0.3279544600435264, 16.53939794709045;
  -2.369187677293152, 0.9385338744006514, 7.4414299445632;
  -2.488253838264985, 0.7974420071045485, 7.868899104934997;
  -2.510096337528297, 0.7713253586079255, 7.945960117088278;
  -5.92988760796269, -0.7216163221635349, 17.64233005047206;
  -5.594938554520091, -0.06315654308684288, 16.77499798287204;
  -5.580720559168069, -0.2205721369073046, 16.8005834520412;
  -5.596065028958223, -0.3103841191569601, 16.91145561513831;
  -2.345040147178871, 0.9056635781477239, 7.939834494585784;
  -5.862594226178161, -0.7199088923264441, 18.37694563365017;
  -5.435822326602874, -0.1709994251108356, 17.14884649895153;
  -2.499014292929376, 0.3782601328504857, 8.461634335625201;
  -2.492698802267336, 0.3049308693312532, 8.473715046182948;
  -5.442654611653074, -0.3084266060226792, 17.29629296989684;
  -5.641546896179558, -0.4996214674716936, 17.94617055888226;
  -5.53575047373504, -0.6218228922615917, 17.70394576320949;
  -5.823872275681548, -2.289168603200402, 18.56468221668251;
  -2.325459586561563, 0.8986885076322841, 8.09547736839127;
  -5.651509127966288, -2.070228062680864, 18.27238301083868;
  -2.738448961102262, 0.8869640900115725, 9.692595439722769;
  -6.337848939132586, -3.621788480099632, 21.11029211889289;
  -5.746615349349394, -2.201326581259731, 19.26153189679873;
  -5.362030815910222, -2.465909053262477, 18.03501211585742;
  -2.704890048957168, 0.9489996244590961, 9.73255913066493;
  -5.58844226333822, -2.089799758215597, 18.95680799930597;
  -6.986729727996552, -4.737993250583318, 23.56818021989373;
  -5.626597063816236, -2.064259231563349, 19.42387796566348;
  -7.482821072449991, -5.262053607653674, 25.5956573431041;
  -5.440207767818965, -1.358093021149492, 19.02424576214571;
  -5.547965986600755, -1.572981410941858, 19.44987992377187;
  -5.531109184023845, -2.064921484135486, 19.50643368992173;
  -5.534535206678258, -0.8007056381226018, 19.58080087086375;
  -6.022252098508798, -3.468617983646157, 21.19142715429233;
  -5.517555852186515, -0.4220064164208934, 19.55186886793502;
  -2.505823654552968, 0.9282422982184342, 9.496534791867223;
  -5.447582127455987, -1.479648284011107, 19.49501781105174;
  -7.619713842585297, -5.519659235595433, 26.89972561730824;
  -5.30045659480741, -2.049830125051465, 19.07431280970543;
  -7.494233059619046, -5.217731394433574, 26.51608687523573;
  -5.731238643086523, -1.965926338124356, 20.65184857942212;
  -5.5311785315843, -1.299409675140617, 20.08895234559169;
  -5.508265476354769, -1.564229197356125, 20.05798105771997;
