m=[-1.569826308656354, 0.493869611454354, 3.161299601812957;
  -3.758990431746585, -0.7941168053356963, 6.214778901699899;
  -3.731722755486381, -0.2193228086854455, 6.330133154928111;
  -3.666522117737123, -0.3301405281391378, 6.431314301367646;
  -1.555942516915642, 0.5075761490151192, 3.35191211752519;
  -3.797685343809426, -0.570937466422874, 6.882597730647419;
  -3.609855956883231, -0.6736285086691165, 6.611001757098338;
  -3.786188996972352, -1.199407013148349, 6.911599535395773;
  -3.831928531777215, -1.265511328993708, 7.02603178886652;
  -1.914886335793436, 0.3482679484880867, 4.029130840717374;
  -3.811863061001671, -1.247332088389331, 7.093214632442106;
  -1.867389086362038, 0.3985940932408473, 4.029610389562474;
  -1.858549682088618, 0.4227368211962421, 4.020376982995454;
  -3.784863016327965, -1.215916894274505, 7.161235835920234;
  -3.504094548190031, -0.7613268308749609, 6.705207490559409;
  -3.411415361472829, -0.8575424528262446, 6.613223685356639;
  -3.421956736183835, -1.012116001260473, 6.632210151215268;
  -3.431457352793042, -0.7705204000526171, 6.670212450221269;
  -3.478749139892202, -0.8091367931253524, 6.757972963786068;
  -3.761838393881399, -0.3249227819630968, 7.262015197807645;
  -3.732164895521062, -1.225847475934218, 7.281380254162281;
  -3.684752633159555, -0.279121153887517, 7.230563672107128;
  -3.525640923690022, -0.9867895137768747, 7.138399786085293;
  -3.76466167260205, -1.589111747978238, 7.561975461914074;
  -3.451022338551113, -1.007487102662628, 7.030806281050472;
  -3.46775065595826, -0.9334157098107917, 7.070454680516514;
  -3.724743374024753, -1.683926796166257, 7.53236346284123;
  -3.190101893445033, -0.6402988583744036, 6.616614558207264;
  -3.743315621068213, -0.4907047246400187, 7.916995925286864;
  -3.74434812376291, -0.635839096406966, 7.989199067911716;
  -3.80284063199044, -1.406477736589248, 8.141783871748304;
  -3.609817905580365, -0.5033416811231365, 7.825924620137544;
  -3.821538894733487, -1.485658306698701, 8.300269738912673;
  -3.845891457905811, -0.2710972744223666, 8.365422581531927;
  -3.849621004366365, -0.31766126100697, 8.387110832401399;
  -1.703625405182125, 0.1973076482086573, 4.260392699791066;
  -3.849704279162986, -0.3005306811413288, 8.46246346782692;
  -3.791040796881696, -1.480002225546022, 8.435473643551083;
  -3.802409469715462, -0.5228836311463631, 8.502402646993087;
  -3.924324888462822, -1.757830472180906, 9.244098757141643;
  -3.688729824538065, -0.02576837863118933, 8.834289644133591;
  -4.387486043983611, -0.5784184339346864, 10.68217797096173;
  -2.62303578133123, -0.90013856265273, 6.806420894674931;
  -4.258648124735212, -0.7200530643775852, 10.58837597616693;
  -2.642511043390071, -0.5698701994212149, 7.032909243668457;
  -4.322427195633368, -0.672116944255604, 11.01959447488237;
  -2.534280700447246, -0.7112397679774238, 6.936377286372283;
  -2.549049815427595, -0.6190520797027072, 7.029382280768407;
  -2.515727394343328, -0.803180728897672, 6.979138275897555;
  -2.501115394632703, -0.6039890629726807, 7.068853749347182;
  -5.459390181321829, -3.313814292564821, 14.35961986902688;
  -7.016092743243733, 1.896657732433035, 18.41587440626241;
  -2.413734699880968, -0.9163145008531474, 6.958960770865034;
  -2.406829461867056, -0.9414190047879781, 6.984418027646118;
  -2.391814958719933, -0.5989735532643291, 7.04669767407059;
  -2.400657871481461, -0.8717434553448672, 7.066275653459083;
  -2.44162722353703, -0.6517153657396602, 7.178597266656086;
  -2.400812181195886, -0.9486339824284843, 7.08311573359823;
  -2.354015987917212, -0.9539931975679791, 7.093492991696859;
  -4.93013807939549, -3.049250735595035, 13.81387311096781;
  -4.994591505865969, -3.118414916121283, 13.98804748174023;
  -2.287156674038514, -1.155057386662483, 6.997786113243691;
  -3.825537653614084, -0.3205762900802658, 11.12113198538772;
  -4.845105622919721, -2.992723223641586, 13.90120397549026;
  -4.909977639076652, -3.140783478201389, 14.21457546384537;
  -4.770479590873206, -2.939363428966009, 13.83953851298574;
  -4.781158412934973, -3.245546125473283, 13.92144784425858;
  -2.238124534304315, -0.8907370795584364, 7.054517911925902;
  -3.684065869236723, -0.3275777792769855, 11.00376101212038;
  -2.284829017502948, -0.9987369339622844, 7.191239728107129;
  -2.284965730436347, -1.277694797309662, 7.278919150374474;
  -1.963543474229147, 0.3513529145618612, 6.411951761549711;
  -1.908983616213562, 0.368115533940455, 6.374895383975014;
  -1.912325615331319, 0.398345783711577, 6.396634911192087;
  -3.504161079982689, -0.7848773707468222, 11.00327452917639;
  -3.343230213052532, -0.6369478930149718, 10.64346962678001;
  -2.130973854967606, -0.9543910638663357, 7.135508757295693;
  -3.805408667602412, -0.2981289445826755, 12.00576579328685;
  -1.87065059210855, 0.4063566154914646, 6.398468079218912;
  -3.753965369073437, -0.334684218190801, 11.94870102775536;
  -2.19158071092681, -1.112827743956963, 7.512436749194383;
  -3.637432772754097, -0.8798973862713395, 11.96070805204677;
  -1.774545330577963, 0.2259772789141211, 6.432214857471242;
  -6.90110248843913, -4.864501024728125, 22.47883953166922;
  -3.490339037019457, -0.8041572416150115, 11.95092829039501;
  -6.814854695303373, -4.986299700038406, 22.56274088703621;
  -6.717003721565955, -4.90700591706497, 22.52288471129274;
  -1.755821003037678, 0.1912916304469931, 6.67454458753594;
  -6.607620151154186, -4.804884571884486, 22.63340812175945;
  -1.789825645285044, 0.4594775691214744, 6.872247112242239;
  -1.766643177787203, 0.1719809022447159, 6.811310573974762;
  -1.784025488299779, 0.2263162896283466, 6.878422818349712;
  -1.823574057988095, 0.4262368827187978, 7.040624252281629;
  -6.272838310724214, -4.895403816640671, 22.46375776404065;
  -1.686913362703555, 0.2708759062005917, 6.778119990709629;
  -1.731061365450169, 0.4362640802181857, 7.064196815403538;
  -6.038856416687084, -4.421876064611194, 22.49068269695153;
  -3.87428381458977, -1.472725644366085, 14.95293553307789;
  -6.069357242489136, -4.625330220311775, 22.92868854010747;
  -6.07431219124359, -4.871613543671129, 22.9624140997525;
  -3.878389861936387, -1.479610944337494, 15.23879313658756;
  -5.814313551500598, -4.939137123989885, 22.57199729816516;
  -5.88581951792754, -4.50156346540475, 22.87561112497285;
  -3.842732898515544, -1.462130581064597, 15.52071950171904;
  -3.821056415542774, -1.569897913928141, 15.58391913748671;
  -5.814890642575316, -4.934139710075522, 23.29939081874608;
  -5.189455248794501, -2.6809109843034, 21.1063159517377;
  -1.916821603008554, 0.3550977791828801, 8.44268846421137;
  -3.770012599544934, -1.587298228628875, 15.80042388005463;
  -5.019956951914549, -0.4508615812726835, 20.98075379776504;
  -2.932013674448378, -0.6497910923345659, 12.76039924945454;
  -5.008425104655379, -2.615242600455364, 21.38505431895438;
  -5.414425136472458, -5.51022019756777, 23.01762958845687;
  -5.145081100114862, -0.4602756959330318, 22.01479669713939;
  -2.893930681569153, -0.6450516222375603, 12.89062055719076;
  -2.884383652289679, -0.8035127569596645, 12.88954059152552;
  -5.367321369361336, -4.765353635102029, 23.12904243739394;
  -2.55005734790668, 0.02993781652640313, 11.53474097198854;
  -1.813472205165516, 0.3411286694901233, 8.526044639426434;
  -1.926840834662449, 0.4240019968462617, 9.001072922983516;
  -2.766697142984929, -0.5196421511932883, 12.62516270251538;
  -5.257634327040655, -4.652365545043722, 23.08710568770135;
  -2.852640783198726, -0.7412390729431576, 13.07136878463128;
  -1.753258024302638, 0.2604537645048166, 8.412704361561881;
  -2.798267682642711, -0.7999909648704385, 12.91654451434902;
  -2.889343413380462, -1.003276397910007, 13.3705178957193;
  -2.736670189136949, -0.6931741509560518, 12.95819564322155;
  -2.965879715740348, -0.4076177170779295, 13.97367796363607;
  -2.933061734576851, -1.302021803808731, 13.99868855190155;
  -2.6943690187375, -0.571117520768863, 12.98813116726685;
