m=[-4.840737537388828, -1.15264276344532, 7.096612444527835;
  -5.554144486492654, -0.4099813730697453, 8.033104270943104;
  -5.104392010601913, -1.09594895181934, 7.511530227545576;
  -27.98499896675725, 8.675939663281396, 36.68696416266128;
  -2.874490823052855, 0.7292250771592228, 4.695482003869083;
  -5.037539609432541, -1.52115214856444, 7.472863980032396;
  -5.556540586453744, -0.5778596659712032, 8.581157643073336;
  -5.608740906223608, -0.8410527511553407, 8.781065356027204;
  -5.128320826988716, -1.258020981066267, 8.130195623956276;
  -5.601651121497459, -1.014733028788194, 8.842084509610194;
  -5.608455098759856, -0.6435831612501518, 8.856497806990108;
  -5.604268488707164, -0.9046931073848124, 8.85616326768192;
  -5.634490969509044, -1.092832401568371, 8.915845312998338;
  -5.675426043709811, -0.9796536980990809, 9.017722351752395;
  -5.682848385218577, -1.435765515698925, 9.113385270744216;
  -5.664590388653945, -1.397825995173911, 9.16986615255761;
  -2.566361189298913, 0.7146707336445423, 4.712111064998333;
  -5.596904420833188, -0.9402273926220623, 9.080680140115234;
  -5.588692305305856, 0.1023711643406149, 9.09779082326806;
  -5.624423477160159, -1.188204461978961, 9.2989192164129;
  -2.788930992048394, 0.445261745959321, 5.235653405239316;
  -3.520032250699547, 0.2636171959833222, 6.353470579866224;
  -5.67996100213144, -0.3338257104924984, 9.6349358765814;
  -2.758078445027552, 0.4707448574430608, 5.198092756093624;
  -2.444744813108594, 0.733553271197313, 4.731403665120196;
  -2.421587808317583, 0.7690964283786919, 4.761847803800329;
  -2.76584333841592, 0.4425268688941049, 5.330551184187272;
  -5.378859741729587, -0.4843226193373995, 9.434864013144455;
  -2.720035874300127, 0.4646943459913515, 5.30286943236698;
  -2.385011919246724, 0.7166433375591816, 4.781071534822563;
  -2.363157318684205, 0.7434526866752658, 4.758901191413993;
  -5.593784978183732, -1.040118398192206, 9.962545382532634;
  -5.521914226767244, -0.8316655915701338, 9.983962801944939;
  -5.376889486889834, -1.003371350434583, 9.847103671206709;
  -5.642784046656572, -1.787548050203932, 10.30077041225289;
  -5.545660390950543, -0.488811441932806, 10.20043994899926;
  -5.741379487601859, -1.785182121937114, 10.5303335045816;
  -5.638622454616481, -1.973882662580679, 10.3650184341392;
  -5.506156476311066, -0.7522080568204069, 10.1796207422072;
  -5.522799929717087, -0.5459879809260273, 10.2227045436333;
  -5.609448684873637, -0.4522208401361959, 10.41747673397916;
  -5.668298440126725, -1.854801816799619, 10.54771821367327;
  -5.667449476581568, -1.820712542645322, 10.72322620789044;
  -2.935721500986804, 0.5642869993621142, 6.065009597807761;
  -5.231419111032956, -1.136618797811455, 10.01050346306224;
  -5.704938837712075, -1.967621747571388, 10.86297797712399;
  -2.927203109715239, 0.5263634864133743, 6.076299813874627;
  -5.615551567047559, -1.875880511420613, 10.77485890833704;
  -5.04637708513307, -1.133144343842179, 9.809361971049404;
  -5.157394066647244, -1.199579828311501, 10.0189833369453;
  -5.581019362580138, -0.4820516321033167, 10.77384065626969;
  -2.889912725288325, 0.525599852760321, 6.080693287529332;
  -5.290491555054399, -1.25962969712668, 10.29911356511567;
  -5.614821522680695, -1.844215082688168, 10.95440627903572;
  -2.855724040229276, 0.5776645496260869, 6.071909922186148;
  -2.279090613038568, 0.7272603377910478, 5.053694175175526;
  -2.857086827661354, 0.5129136907514261, 6.089297877597529;
  -5.482697818123425, -0.4153160588419115, 10.75865861716521;
  -2.83729414312795, 0.5493650958831725, 6.084178679387216;
  -2.81712777840562, 0.6013157625145781, 6.079037008138266;
  -2.80328011806918, 0.6376206874940493, 6.063998704037189;
  -5.139341627934502, -1.284539588725976, 10.28507642329114;
  -5.079145236228614, -1.112048148206004, 10.18027952017101;
  -2.779667841271368, 0.5531262992835018, 6.086479014406808;
  -5.280248332519095, -1.477885524205409, 10.69097063006678;
  -5.651186019569653, -2.442550560705496, 11.34272059012528;
  -5.161160647042555, -1.506742720433499, 10.51489012092927;
  -5.139332763227347, -1.383356075760325, 10.47867133355105;
  -5.574849127773073, -2.520344863570398, 11.27374040685014;
  -4.782859546889416, -0.5039110577235852, 9.91742940833158;
  -4.768181264666752, -0.9570418507827976, 9.889720963707131;
  -5.048723845561179, -1.376755514869306, 10.46651108479504;
  -4.609085695732143, -1.056262203494491, 9.723280597446619;
  -5.484787105295417, -2.336550149888765, 11.45988390583229;
  -2.727306030431834, 0.3199412300033264, 6.226452478828019;
  -4.998475397285411, -1.487376362483522, 10.65247523677544;
  -5.851893487833562, -2.125454977309055, 12.43339595577047;
  -2.619896794924161, 0.3184383402235648, 6.133198401599446;
  -5.504715606225735, -0.09918415974137768, 11.79887126602733;
  -5.631889240877325, -2.082949983650641, 12.05772984624066;
  -2.614435593412411, 0.419825390986951, 6.161692045144783;
  -5.329235053976004, -0.7430918127537424, 11.55354450177053;
  -5.588806327502267, -2.057969442062596, 12.09423282850721;
  -2.626459234007126, 0.3068730489439512, 6.233923814948719;
  -5.618114720945378, -2.18409364213493, 12.20237943208343;
  -5.739291000042869, -0.4735921833062775, 12.50410616062358;
  -2.575813229018316, 0.5846032580213783, 6.20660915911718;
  -5.673573396709211, -0.4429126898518724, 12.47171318107722;
  -5.631754644525421, -2.198607151493251, 12.53125999327595;
  -5.579047168731116, -0.7671957649898391, 12.47506503255904;
  -2.844641682987755, 0.6463533375682162, 7.097612354565193;
  -2.605134973506286, 0.3329504386588318, 6.659739336545714;
  -5.549518311534025, -2.406926114046525, 13.08628006932119;
  -5.880828532361342, -3.103987628603017, 13.85410123743631;
  -5.927092515839946, -2.654934066852949, 13.96179728141758;
  -5.781609775389996, -2.577991085661676, 13.75192500131723;
  -5.817518177341282, -3.145476521948472, 13.84412939767998;
  -5.628612107506967, -1.784565072592012, 13.43340449889522;
  -5.479030660106707, -0.03827489225216035, 13.12195420181867;
  -2.597489711563334, 0.5348634633411428, 6.760597924476961;
  -5.906419812308023, -0.954072361732909, 14.28709808027401;
  -6.750363317059399, -0.6747924338272937, 16.29824152936907;
  -6.377350802702987, -0.8407496290523484, 15.52688614272511;
  -6.385362814262236, -0.947377959732663, 15.56239456155381;
  -3.874429309870804, -1.329575164360413, 10.05361680436625;
  -8.129021375683919, -4.47503305691189, 20.14259403540645;
  -2.63270591728896, 0.2715600471202219, 7.242845732067938;
  -7.478568728906171, -0.8238138670722522, 18.77620133657591;
  -8.188503581630785, -4.681329466388017, 20.50332680014567;
  -4.139891238198652, -1.05100022335674, 10.89004418284563;
  -8.092482583679256, -4.751690368327638, 20.41148463736631;
  -5.584136222685912, -0.2548999498337011, 14.42546375586739;
  -3.97005272933769, -0.8561609406475599, 10.56609417313557;
  -6.32288699967524, -0.7987314136776927, 16.24385781678799;
  -8.460588411607475, -4.878130918574475, 21.47364118312732;
  -2.576490270435373, 0.375371975063262, 7.27631167182883;
  -2.586676384560419, 0.3591214229498329, 7.304247396138943;
  -5.524842089784234, -0.2486964958814753, 14.47448404312375;
  -2.560599409778364, 0.3009558152584013, 7.28445681079386;
  -2.598622195696171, 0.4062481242106037, 7.387721310385603;
  -3.804535466850884, -1.067733705357643, 10.41309014932917;
  -7.736861205900223, -4.578319889207525, 20.167801751593;
  -3.885522940819494, -0.888439051777457, 10.66292630973543;
  -3.891726241119672, -1.012675347525586, 10.67606052146051;
  -3.803286046952323, -0.9236508925092053, 10.48812439260066;
  -3.841410035127753, -0.8296988174325324, 10.5856998552277;
  -3.730650752625263, -1.339573830567905, 10.34605346050832;
  -7.905316032641828, -4.798475358262001, 20.79304270312761;
  -2.573876302938172, 0.4022338542281448, 7.483280037240125;
  -7.676231772055782, -4.6075462241209, 20.33645953179708;
  -2.545231691117344, 0.3461777697656696, 7.433560266400734;
