m=[-2.784467194384412, -0.5882409740370599, 4.603589257899547;
  -2.615616688735217, -0.5682892219466588, 5.005074027696713;
  -2.546115281562749, -0.6966263718283394, 4.936559486173836;
  -2.617122290037784, -0.7325047808266439, 5.29891319045947;
  -2.586095917224159, -0.7549815756758336, 5.268682041001311;
  -2.786102612501633, -1.186895380234734, 5.821267421333223;
  -2.781543283295848, -0.3646276641012928, 5.882877392416648;
  -2.754736507244747, -0.4677901503040612, 5.877695558367277;
  -2.702857571523243, -0.3768779781893681, 5.859674966155438;
  -2.854089374964369, -1.109553429855129, 6.198997923013696;
  -2.85486518736713, -0.2355764565902278, 6.219851437545244;
  -2.869588138570077, -0.224017019319481, 6.307961087244495;
  -2.83366873182761, -0.3896684477999699, 6.336243562952078;
  -2.833044213623658, -0.05544358377733737, 6.376781366388563;
  -2.747532882092101, -0.01919345437999332, 6.580178663592523;
  -3.283825525566549, -0.4329188056147916, 7.995104334927851;
  -1.879207156287914, -0.5684761639742928, 5.193353410800675;
  -3.188555848632634, 0.4075148041414359, 8.151190256116076;
  -2.30575725765737, -1.016562481639337, 6.256065800697432;
  -3.041438275633949, 0.8221908737956561, 7.983182000039927;
  -1.757072349026378, -0.8843421677695631, 5.176982045791529;
  -1.753337794315578, -0.6801006380493325, 5.255957975859139;
  -2.10713851695593, -0.6772423451452809, 6.008079165894973;
  -1.761202297058771, -0.7137483430695613, 5.307133093093575;
  -1.687542584680396, -0.9110236075626497, 5.175664137481898;
  -3.061113805194415, -0.03265679815707638, 8.7111942054828;
  -1.457252148338152, 0.2607580612754957, 4.758657295951719;
  -2.75669410603422, -0.2451182376898536, 8.233838428248868;
  -1.41385733546161, 0.2726387191270972, 4.721461475563082;
  -1.389352332988764, 0.3018054329013482, 4.752211124257391;
  -2.503793358496151, -0.4770194699762797, 7.971048017825678;
  -2.708886164751592, -0.6552813495070619, 8.907435157431243;
  -2.777264252780183, -0.7338077622480349, 9.22000699007641;
  -2.433373213300511, -0.4545956951095958, 8.333956273818002;
  -1.314622282423251, 0.3374850797517552, 5.047647634210587;
  -5.211285967757081, -3.812998929492909, 17.25361731627008;
  -1.315618298455936, 0.1280740926198304, 5.0723796068495;
  -0.9243187711536886, 0.3191884013891759, 3.870833832303908;
  -5.150686942329789, -3.762756781243712, 17.27084470916585;
  -5.165858082170577, -3.756473772971123, 17.69486919620116;
  -5.291454128782121, -3.729900504009091, 18.33443436877387;
  -4.835868156597071, -3.77397379908605, 17.31780184145901;
  -4.593338357154361, -3.36341378841792, 17.10709915622894;
  -1.498864086710627, 0.2190507575657592, 6.232911883804084;
  -2.926637676700319, -1.112498351827878, 11.29546171697038;
  -4.637962535665692, -3.534494250348414, 17.52119609907047;
  -4.626563021822639, -3.710515095067057, 17.48956138916262;
  -2.919600417702053, -1.113831482884361, 11.47156123821004;
  -4.449354310649047, -3.779632945292299, 17.27303018472919;
  -4.480809075834446, -3.426990306072564, 17.41494886681975;
  -2.918590878052805, -1.110501585490282, 11.78812880177866;
  -1.426823875340084, 0.2643240187939981, 6.284481275611613;
  -2.89146284514696, -1.187970287570889, 11.79263488090027;
  -1.946662528676375, 0.02934814449892716, 8.452559143784766;
  -3.010279501377724, -1.365198173447812, 12.63083952655495;
  -2.23583542454889, -0.7765532984376677, 9.634469585592562;
  -1.352136369210112, 0.2543476979046133, 6.357072917709923;
  -3.792494255381755, -1.980321624344041, 16.19325316061441;
  -3.917652190669874, -0.3504706832403257, 16.76286822879714;
  -4.302710822132985, -4.378836807014591, 18.2915455350863;
  -1.949324381267796, 0.02288517774894183, 8.817429861631759;
  -4.097093582293303, -3.637587252961113, 17.65533397641736;
  -2.128171046245716, -0.5529905982816311, 9.751704016185073;
  -4.028673444118794, -3.70214367673422, 17.58540421398813;
  -4.010004928129238, -3.548365596126354, 17.60856724245271;
  -2.100660785067693, -0.6005535706021901, 9.696455670834636;
  -2.096942691132295, -0.7281284391603405, 9.703661270668857;
  -2.047224864130332, -0.5185437991916705, 9.69365633475717;
  -2.007340130609626, -0.4254900166833111, 9.676327456397479;
  -2.031616492241738, -0.4241458839682598, 9.794585693453318;
  -4.033849106158926, -3.800336878407303, 18.72974693940001;
  -2.043602210252537, -0.5461222413125051, 10.42608550433903;
  -1.713634156649686, 0.03825248892451626, 8.992839189763453;
  -1.505157811374385, 0.2382092304768474, 8.227157687003473;
  -3.23088371218711, -1.819890250352603, 17.18945311753447;
  -3.255305411907053, -3.457962235568427, 17.64968622708538;
  -1.405764685535283, 0.1680740828286202, 8.410541340127237;
  -1.80112080836359, -0.0156509875238704, 10.54100643877254;
  -1.385797189212142, 0.221625599264801, 8.567621637944779;
  -3.11366829111265, -2.0588752204962, 19.777554212355;
  -1.400146236275469, 0.2534002915796479, 9.543219308942701;
  -4.387283072724149, -0.3803236854712491, 28.75337904166853;
  -1.535601257940436, 0.08106010702054153, 10.69601180487788;
  -1.407140401329806, 0.2302483358192662, 9.985572325475069;
  -1.432283426238939, 0.1371576954255381, 10.39025854446402;
  -1.38252423360626, 0.1998075109059269, 10.2696624532084;
  -3.445229293186683, -0.3110309373999367, 25.73593822909253;
  -1.296609199582315, 0.2729283138327048, 10.31348261759579;
  -1.410606262210908, 0.1730918733672546, 11.16299369938688;
  -2.112575031525628, 0.1452962111051392, 17.53210505872058;
  -1.591572770422365, 0.01391376267115465, 16.8216837243075;
  -1.308079733054746, 0.2982408350865097, 15.9254196007734;
  -0.5387840358620463, 0.3161860623408013, 9.972774822774461;
  -0.4219816977783774, 0.233326989444351, 9.221923090941353;
  -0.04928618878598917, 0.212834898324104, 10.35683287991926;
  0.4156564990814275, 0.240304892882616, 9.536903669481282;
  0.4679886297576267, 0.08482063868754672, 9.506724918720943;
  0.5195891372179021, 0.02167172137359171, 9.070659914903981;
  0.7501314109522781, -1.089899075639232, 9.314431945652625;
  0.7024849376096777, -0.913362280585334, 8.163113469681369;
  0.4905490386143301, 0.1237130339654408, 5.958935645582677;
  0.9054817689445677, -1.073105047318734, 8.947335591526871;
  1.155290448150213, -1.320747760426075, 10.30957192945164;
  1.236062805856301, -0.7426417088768063, 10.80218020191363;
  0.5151418316420242, 0.1179577327403659, 5.097883286849839;
  0.4897059871185723, 0.1717151439835029, 4.858484425488419;
  1.057630625736074, -1.009909231289454, 8.824430397072897;
  1.382803803661161, -1.874743486199241, 10.43901214002915;
  1.135670969860093, -1.143038359241282, 8.745331032878998;
  1.394581617220454, -1.839659576017078, 10.22844789453417;
  1.298783357520089, -1.46429929841754, 9.416605089531418;
  1.271571716551499, -0.7876733964972488, 9.255057110375507;
  1.01479773039006, -0.4519081030329422, 7.586802323727787;
  1.557710283875915, -1.758077588378405, 10.23351739473299;
  1.407393031614595, -1.192053587314738, 9.32530921317781;
  1.203216905735556, -0.6442144320189764, 8.05308817470697;
  1.222903033576175, -0.6203734386621548, 8.084168974077933;
  1.21474884151337, -0.4306942789805238, 7.957865273218607;
  1.527375928565598, -1.620222555095734, 9.553445074175379;
  1.260140446958155, -0.5111813987474366, 8.012734102776298;
  1.556723127837389, -1.663736147282513, 9.495743325793997;
  1.523676478376233, -1.160002936843017, 9.15417065721201;
  1.649645680856183, -1.676221724640467, 9.548113322824879;
  1.659603647935624, -1.596336828052382, 9.453923907495124;
  1.374961716641481, -0.6135899624195498, 7.811991208543866;
  1.374261274335993, -0.7096754594855186, 7.725854262936222;
  1.428324012405486, -0.3951813962917793, 7.962919806634285;
  1.451474564033524, -0.705028294617233, 7.996754385271123;
  1.488189990317675, -0.3679024736328818, 8.046646102030236;
  1.428276425454027, -0.5128232400935843, 7.72044267944834;
  1.488216633687356, -0.5891693663505196, 7.895519405701708;
