m=[-5.48623238543649, 0.8142125330967066, 7.568246289634844;
  -8.021194126610244, -1.660240412963026, 10.59949038515206;
  -5.467807666342391, 0.8417865861413467, 7.556385910958005;
  -7.946611616105707, -1.71340694845658, 10.58715328239875;
  -5.451118959123619, 0.9322525307589379, 7.731334743160113;
  -5.469988160908131, 0.8852382035573621, 7.781649299203986;
  -5.445666634648233, 0.9646706262976906, 7.774238086060927;
  -7.11844006012838, -1.170519214850358, 9.86879666266076;
  -7.801923720750915, -1.778091181777423, 10.76228975106161;
  -7.750460834170394, -2.064829424233809, 10.73619868132997;
  -10.4785327366964, -0.8716763072690509, 14.16296792913266;
  -10.90516411045637, -0.4207132983817912, 14.71903951670731;
  -11.05964070047119, -0.5859641663967652, 14.93408489199295;
  -7.617851757773103, -2.005252138705901, 10.70758237077185;
  -10.83645717473553, -0.8392949761691078, 14.83175737235608;
  -11.06400272883675, -0.7015020045003705, 15.12470096098497;
  -10.96385631344776, -0.4488738694569451, 15.04167017990429;
  -10.93166075798568, -0.3407353456520456, 15.09573342772706;
  -5.431257823287877, 0.8755291531707492, 8.070614962363981;
  -12.85156663799888, -2.749394751666757, 18.27747815210238;
  -10.9242153560154, -0.8306381554469997, 15.77430358769274;
  -4.648586805929099, 1.503884325711596, 7.306514604653358;
  -5.529679990004747, 0.556980911824264, 8.670087611158781;
  -5.453810808242318, 0.9961163386030081, 8.780694932102781;
  -5.527939320296707, 1.097456317341532, 8.901043133361965;
  -5.044680760058164, 1.474996612213444, 8.233641037928623;
  -10.73118967405441, -1.116004028772935, 16.57254704757806;
  -5.699372069022875, 1.44586477836736, 9.309926742096589;
  -10.82981967296562, -1.816276432626259, 16.90606301259524;
  -5.632177052708677, 1.363143249970463, 9.286435566245865;
  -5.607975041752156, 1.411567324261758, 9.265655243781144;
  -10.85709930012244, -1.628064727647209, 16.99791452756607;
  -10.57387394462982, -0.912290975644931, 16.61869086910399;
  -5.586776054019672, 1.447139175828155, 9.27702785842199;
  -10.68091633690899, -2.185380363052893, 16.83399899704427;
  -10.7826228116305, -1.953260434577289, 17.02013568281643;
  -10.75656479529901, -1.234340625581792, 16.98604889274728;
  -10.82762137936714, -1.747895278576424, 17.11038343889902;
  -10.83354112237733, -2.101209288705085, 17.14266246264637;
  -10.77666153218449, -1.523199594570202, 17.06808333307595;
  -5.653633800710415, 1.375778633395973, 9.440721598835429;
  -10.9825481258661, -1.906800224017308, 17.44542112677892;
  -6.064953270509408, 0.8670381040629397, 10.11352671555217;
  -5.710765904444592, 1.170916621976434, 9.584819152868089;
  -10.69888162011331, -2.210215736501077, 17.10495591595084;
  -10.93944045704181, -1.183377065966977, 17.5215225269086;
  -10.91771620949292, -2.758349225812435, 17.50835977826834;
  -10.98029687662444, -2.426923144159495, 17.7427893724959;
  -10.87716862196775, -2.861952827152874, 17.60281892229177;
  -10.86554155538933, -2.681241783728458, 17.58919090381905;
  -10.8133429710708, -1.816540091228588, 17.54407461384516;
  -10.83098175576901, -1.617321643192261, 17.57796170026606;
  -5.36525674550482, 1.244786969937962, 9.263088510241758;
  -5.378342073535236, 1.306690403888168, 9.286081829561461;
  -5.518528417047735, 1.213028369829608, 9.503284248436311;
  -8.308020368148755, 0.6513484245879074, 13.80527867573001;
  -10.98544728413373, -3.111991853263594, 17.94602904375586;
  -6.085228962169288, 0.9996785283699617, 10.45971389061714;
  -10.82104327748116, 0.259676181583451, 17.84662113309046;
  -5.274613146841389, 1.448782572719383, 9.22727179216268;
  -7.909655271304612, 0.5831434586672291, 13.32752535027707;
  -10.78995595654094, -3.201938905151653, 17.81763589785016;
  -10.90283643819987, -2.303311433910189, 18.02577556264912;
  -5.299496346600057, 1.327774865360752, 9.305354419250371;
  -7.424190374383111, 0.5310062138218937, 12.74329977583271;
  -5.292643463099837, 1.251766628110613, 9.434120320416044;
  -5.223407463567066, 1.391615891763074, 9.336619824237747;
  -10.28815087596204, -0.06502614404561651, 17.40909307813653;
  -10.63975119815288, -2.063984827697053, 17.9687631839199;
  -5.876987593404529, 0.9469257140876923, 10.38732954640666;
  -5.643558264576204, 0.9720982172241766, 10.02069467204549;
  -10.45419243576925, -0.6144193976307889, 17.73347981126652;
  -5.474772666219968, 1.017162012777709, 9.816171439856229;
  -5.119447902982016, 1.306334857254253, 9.248757247454458;
  -5.817497987880877, 0.8884010055361975, 10.44191613990565;
  -5.100130344500606, 1.420265358666357, 9.364379702071597;
  -5.774318765407929, 0.8949283584726516, 10.4693741159161;
  -5.35212535324591, 1.017621022764899, 9.791109590368402;
  -6.698628179549404, 0.1979821084341642, 12.01192137348022;
  -6.742970920125985, 0.5049848864900125, 12.17070308188226;
  -10.38652162184421, -0.9352218870236934, 18.21862323559565;
  -6.810165196850652, 0.3965232415017554, 12.33638022541626;
  -5.042492858444234, 1.264726173219303, 9.415898367594583;
  -4.468494407943796, 1.48776624748922, 8.472282927954344;
  -10.81854988737351, -1.390102950759068, 19.07116591097988;
  -5.016488053455075, 1.387881181751279, 9.398007173463219;
  -6.774916771059584, 0.3343018656367418, 12.34199779347523;
  -6.739655123688761, 0.4306926105747161, 12.34128103942983;
  -5.387722765465423, 0.95840659274398, 10.07448704953674;
  -10.68009305269974, -1.985875631945482, 19.02127309901361;
  -4.971752313624625, 1.41229629692335, 9.41008895826789;
  -5.056597636894031, 1.296176460304062, 9.566962171866113;
  -4.930154895082613, 1.216914874634534, 9.35815958185769;
  -5.516629822853342, 0.8807475816857056, 10.35635582229052;
  -5.022372007545931, 1.287086074259378, 9.537059948863405;
  -5.397833603266126, 0.9212944666791346, 10.17318408848088;
  -10.34029138005234, -1.557370178970235, 18.69588701673002;
  -6.71109552295923, 0.3379563188210945, 12.51744780591222;
  -10.66863752522926, -1.603904570126507, 19.3349195029907;
  -5.439285974880483, 0.8892911840045149, 10.36866571312909;
  -5.027030765922176, 1.295444278964211, 9.671212793906676;
  -4.83461436915487, 1.450641051145798, 9.356605246899461;
  -10.72159797809239, -3.396438956788578, 19.57202655845782;
  -10.44829269244723, -1.949736473869869, 19.13474725126842;
  -4.938996213795131, 1.318762728157955, 9.591773635256587;
  -10.84563907830347, -3.581820227060513, 19.88601935104239;
  -5.42534232633619, 0.86803895181108, 10.45614715793559;
  -10.96851432748891, -3.410468812230192, 20.11748468598169;
  -10.59532159692841, -0.933904001043356, 19.48856115786751;
  -10.84216533395327, -3.795459325353829, 19.93026567338322;
  -4.85423528372142, 1.376925585409976, 9.499753625748484;
  -10.37921093527485, -1.417926664914335, 19.18878102702482;
  -6.647832676933556, 0.3615327438536354, 12.68631391496247;
  -4.846814468879782, 1.539348556441335, 9.530851103061059;
  -10.74075173870765, -1.061838456955495, 19.88113511237561;
  -5.381712841936436, 0.9194185830509994, 10.49196475418715;
  -10.67676524736544, -0.8607362365432363, 19.82814351408803;
  -10.80159904995755, -3.534539642509435, 20.09989845091606;
  -4.744989758884847, 1.28029029712689, 9.45426994760742;
  -6.611351049202773, 0.2345487177246084, 12.80054266440082;
  -4.759107019440177, 1.430006412416642, 9.540258863362885;
  -10.89853632257334, -0.5804100402687805, 20.5255666111538;
  -4.760769367649345, 1.497744880984452, 9.587186953921661;
  -4.757977908801309, 1.355179991584596, 9.58929135317821;
  -10.76679289987645, -0.9068993146245324, 20.4315901928642;
  -10.79969347405471, -3.724792210949781, 20.56408240397457;
  -10.05078420224166, -2.183711534967918, 19.23252714561519;
  -11.00798920036388, -0.6715233121121963, 21.04180401686309;
  -9.817726805213573, -2.903800124206684, 19.02806855822787;
  -9.779429963770005, -2.458298233948606, 18.9579840074849;
  -9.776668864841419, -2.674932046164588, 18.95558609517888;
  -10.15327949124246, -1.553789458397607, 19.65577766606344;
