m=[-5.238138395054381, -1.242792109550654, 7.61729883477649;
  -5.687113698810877, -0.425601778223523, 8.278613242226525;
  -5.285928516180499, -1.351804431427181, 7.789849893385117;
  -5.583922856711959, -0.5437501170343508, 8.221083404932157;
  -5.511615447429964, -0.4454724470715398, 8.175840072733447;
  -5.698856872103963, -0.8925380667773319, 8.494048716174056;
  -5.79766650439963, -1.0975788870571, 8.65385132736531;
  -5.780089268400031, -0.9678479539461722, 8.670260107465818;
  -5.789402827929687, -0.6012254933098947, 8.759168114172514;
  -5.754433718639452, -1.420989459537667, 8.715244107594044;
  -5.833209656373954, -1.279258955190459, 8.914107199920489;
  -5.738286560386851, -0.9468394468513837, 8.79610234586325;
  -5.758706676672211, -0.7024962871202777, 8.833880094212118;
  -2.403208460130415, 0.7714259647460442, 4.336749164513848;
  -5.681947017741049, -1.184293481641088, 8.890609466775938;
  -3.512096551129565, 0.2230197667893201, 5.908663199181516;
  -5.713894346013782, -0.02032810628667408, 9.1288127409036;
  -2.81245087027485, 0.537811142479223, 5.0276781067422;
  -5.760843988775712, -0.3139207880095941, 9.237654380929815;
  -2.413524385618186, 0.8002392955624768, 4.525026476879832;
  -5.628631986616457, -0.4858462281120818, 9.348253988485922;
  -3.034207571172412, 0.605811743462349, 5.691665176438177;
  -3.045420464395694, 0.5795188064972856, 5.720070756464368;
  -5.825136589964505, -0.8503527646285201, 10.03005815248152;
  -3.014095834199538, 0.644156791117825, 5.701540513939647;
  -5.709862993930741, -0.7391855118001776, 9.872185674949462;
  -5.852867371118057, -2.063573953709456, 10.08678575032627;
  -3.006357252580969, 0.5965320861026865, 5.696338195287858;
  -5.46768666873658, -0.9943742697378358, 9.507888737681093;
  -5.822345369912439, -1.880612811983668, 10.076380236488;
  -5.77710013214158, -1.803696268308861, 10.02568795080436;
  -3.0140013150482, 0.6283411389462246, 5.742983055931872;
  -5.724071237232324, -0.2924973219737864, 9.986141065549411;
  -5.832961559623979, -1.891877260377161, 10.17401419032613;
  -5.648795278977975, -0.7432083052119733, 9.917876445658962;
  -2.95177781508661, 0.5552290069322086, 5.698860455940587;
  -5.740125831455716, -0.4263107257554116, 10.14357461877088;
  -5.79694277685248, -0.1905379858452788, 10.25085207677459;
  -2.930974978639778, 0.5662075688446127, 5.712152470332732;
  -5.800694113669469, -1.869214313149535, 10.27562694973271;
  -2.919343317470232, 0.5421747900714182, 5.709044608663958;
  -2.901266285584991, 0.5802076490617375, 5.708391922864984;
  -2.886529416332768, 0.6344004249675828, 5.713428142636425;
  -2.886842791944279, 0.6709310485991079, 5.720100094273575;
  -5.331152001951011, -1.131554012254095, 9.689092407336215;
  -5.667254511029696, -0.4531433514097362, 10.24831204661271;
  -5.212283039352077, -1.111045657729483, 9.566449848759557;
  -5.665678949374684, -2.305915266195866, 10.29927738960263;
  -5.19414160190663, -1.27789462165298, 9.555413529619594;
  -5.738893387053379, -0.3227353272318481, 10.46976979938424;
  -5.205334836202775, -1.512089570942856, 9.575636873048655;
  -2.849670040491635, 0.5818229835603256, 5.721445474881242;
  -5.183638828909372, -1.136166215366801, 9.574683014975822;
  -5.357514254028573, -1.243856653884339, 9.915511699367238;
  -5.731421957900267, -1.952771518317654, 10.53149243034712;
  -5.687379517537371, -1.834079982687788, 10.57292882657531;
  -5.260189091891877, -1.224709778644848, 9.890770954237471;
  -5.651232627672784, -0.4011048627773015, 10.56450869547759;
  -5.569256113889846, -1.295827552526183, 10.51980136614941;
  -5.273776365035956, -1.407376482911941, 10.03141761429177;
  -5.315695229075883, -1.300660571227143, 10.1095825482852;
  -5.294488458185365, -1.131919717122715, 10.08287513913597;
  -5.268086747295802, -1.439908516369924, 10.17665804295045;
  -5.736487238981749, -2.390608562014598, 11.00001196739685;
  -5.264443621774546, -1.507249580134922, 10.20645805127195;
  -5.287437282084514, -1.395011609857238, 10.26322729633217;
  -5.620387897883026, -2.510891775223627, 10.85805536893913;
  -4.808549449896828, -0.9471208334762205, 9.479326869769004;
  -4.792064644791864, -1.138308377200818, 9.57732101052633;
  -5.281887527444849, -1.160855173731889, 10.81715168882697;
  -5.842389421290895, -0.4144172069028512, 11.87239008029142;
  -5.767215363547329, -2.100879437403491, 11.83017977224486;
  -5.785398490875923, -0.4157742269675548, 11.93455573114581;
  -5.536216044662155, -0.7418035413151556, 11.47526800401066;
  -5.916622131088574, -2.265745473690689, 12.29954398349705;
  -5.886637081443445, -0.4511196098228664, 12.29885792996918;
  -2.657482667163073, 0.3247978204551383, 6.121974819189931;
  -6.04915723956646, -0.8171493204642101, 12.76883761533983;
  -5.762227597835429, -2.216535736455491, 12.29825936512225;
  -5.826291488177937, -0.7706120757723487, 12.50010430331234;
  -2.811642188822792, 0.7624122407216866, 6.690896479554884;
  -5.593757814159366, 0.0435074663790613, 12.64749284962363;
  -5.762329841712485, -2.504036878666179, 13.07498348132953;
  -5.420678768443175, -2.69407920199677, 12.38795782069999;
  -5.599224050755755, -0.007363326840640939, 12.8947032895861;
  -5.256204910182281, -1.872923822612706, 12.16444267972059;
  -6.690429805964908, -1.158672810806683, 15.25029517603396;
  -6.803530458634025, -1.057990591537147, 15.63196904851828;
  -6.71309175149781, -0.9451983625195225, 15.45201733736825;
  -6.934764888752876, -1.120010557388204, 16.15652630758281;
  -7.737756318997376, -0.7092356786644229, 18.0515088198739;
  -6.629770928255579, -0.8315282784202636, 15.61692395235065;
  -7.040967129900032, -1.004171503596925, 16.58645471930598;
  -4.078625054050311, -1.372733110323048, 10.04242758333954;
  -3.919205244457797, -1.13694728656503, 9.748734055553049;
  -2.655727290947766, 0.3551159227432599, 6.966485515711896;
  -2.647594407009227, 0.4045809605723509, 6.960077310601474;
  -3.980330010370243, -1.196724832938167, 9.91729257887161;
  -2.662382773039429, 0.3875457358447314, 7.001224800492251;
  -6.593974505338608, -1.075155544460752, 15.83359183537652;
  -2.618888147578181, 0.3263390373377715, 6.937535865516566;
  -2.6305133297421, 0.4320180377938231, 6.972902346983453;
  -8.602123241282673, -4.698617919581611, 20.41937053006373;
  -8.508408484343132, -4.819685851787103, 20.31670018841026;
  -3.920844719675865, -1.402573731627455, 9.931046910525019;
  -4.107814680312742, -0.9253094020934484, 10.36597685142424;
  -3.900125700374313, -1.344177541336578, 9.932179100135747;
  -7.223058651800399, -0.6281593363220001, 17.61744304217388;
  -8.360785533686689, -4.54785197597171, 20.18434904463995;
  -6.552663922834648, -0.9828182353523026, 16.17139403701211;
  -3.892194120341431, -1.400234167562684, 10.09979306390066;
  -8.2594028089659, -4.800405293984314, 20.3062868115617;
  -3.970101965871329, -0.9734619116739712, 10.31502358931214;
  -3.900766125213492, -1.068303122390063, 10.15455616307728;
  -4.423993849514528, -1.883448930725216, 11.39015539821822;
  -4.07988680394922, -1.572226652046544, 10.62315732653399;
  -2.621309792300818, 0.4209528029808454, 7.223753335384651;
  -3.942478174702793, -0.9312138501769637, 10.34312439019322;
  -4.063408957866693, -1.556274848467766, 10.64121121350567;
  -2.633929549991235, 0.3673343014142807, 7.318560083119561;
  -8.585390632244753, -4.843942156920035, 21.56650389036923;
  -3.847675856841519, -1.322266442983457, 10.26774289768072;
  -2.83302161298923, 0.7603684869800862, 7.87552597250764;
  -3.146340000861482, 0.2352073233287088, 8.699930106352504;
  -8.060632693158368, -4.838279493444576, 20.67377291160773;
  -3.1560795469054, 0.10018972898498, 8.75023286643288;
  -3.850928365612552, -0.8670444304590129, 10.56095044970254;
  -3.119701671565534, 0.1977435856041414, 8.791691938584112;
  -3.783948763527927, -0.9037909136189355, 10.57945809094048;
  -3.707930125041072, -1.319360820971822, 10.38559962993957;
  -7.62050176414455, -4.634186811823101, 20.26054872671716;
