m=[-3.649486549555423, -0.3553789673241565, 5.373056555215383;
  -3.746261273122197, -0.612306403035858, 5.511863019678868;
  -3.606901578011433, -0.2915252864842343, 5.350418718646663;
  -3.780999194607276, -0.6331100030546298, 5.671581347815102;
  -3.76161186745716, -0.4588735837476728, 5.770328315677351;
  -3.693549735099361, -0.7698499936267262, 5.779340803135012;
  -3.72160204754329, -0.3212372600717902, 6.180983455167684;
  -1.86000512563664, 0.4087912755952092, 3.681585772218324;
  -3.484301993449654, -0.7395542087620124, 6.332538253879205;
  -3.415384995900494, -0.7280204548602898, 6.268483317350593;
  -3.39448524218514, -0.9098938061865768, 6.245339653679215;
  -3.400977902035638, -0.8367294737934456, 6.256616155231416;
  -3.750535509734007, -1.277857218617823, 6.891611997973067;
  -3.711548975531819, -1.196909342834891, 6.899828477006252;
  -3.439566548618386, -0.9401252112105033, 6.644403226508826;
  -3.457240230987371, -0.9898337338115074, 6.70273630527513;
  -3.82353815587337, -1.434204419583076, 7.674554933620431;
  -3.448465356607684, -0.7911817856275251, 7.033060922206505;
  -3.878457543891292, -0.6296482020749532, 7.861726429918976;
  -3.780187260811086, -1.377045451773766, 7.754226615292936;
  -3.620419392430913, -0.4851038876889071, 7.504274125125374;
  -3.813000652646624, -0.2922074765061777, 7.966442072946934;
  -3.875968016760431, -0.5235844441801604, 8.181570464815978;
  -3.783901265036079, -0.5004761629732618, 8.118227620839205;
  -3.93898973879958, -0.009821095826213797, 8.803918536586549;
  -3.946317794567681, -1.946292676580912, 8.883989685420541;
  -3.532517308739762, -1.149484804703655, 8.093755495261004;
  -3.651855524695962, -0.004802416470458479, 8.410021285187597;
  -4.491473510470693, -0.6984515973153126, 10.31972669554479;
  -2.5857920750841, -0.7252614069011071, 6.448715032491507;
  -4.369272669778162, -0.5480089463672168, 10.29215032456084;
  -2.526329480010716, -0.8706989491956648, 6.433627731283393;
  -5.006513475652322, -0.4727937190774136, 12.0540290374492;
  -2.574093765221681, -0.631163194059374, 6.687948606260933;
  -2.435041672028235, -0.8545702169467548, 6.414987737221553;
  -4.811055369408523, -0.418397453702355, 11.73443246541724;
  -2.464360107260368, -0.8468854431860505, 6.576285770969652;
  -2.439483921484609, -0.8444977785424033, 6.680008900674141;
  -2.371482767429009, -0.8438242753889567, 6.642323269655992;
  -2.440037121297951, -0.5827994819533228, 6.822045455246348;
  -2.275196033781045, -1.182029764367477, 6.481390409567594;
  -2.25013034675289, -0.8058583944651274, 6.515222649853474;
  -2.276826604112333, -1.208227854273584, 6.62767424773459;
  -2.324650148906003, -0.612905634028006, 6.77215409071831;
  -2.279449625029128, -0.8399814009561591, 6.672440583463343;
  -2.201142624915954, -0.8140974914886565, 6.58472545035468;
  -3.804057007977711, -0.1737372133977349, 10.74001808964434;
  -3.764861661762118, -0.5957043666975882, 10.64038542419367;
  -3.766846032210082, -0.1208645084793719, 10.66707426435802;
  -1.951675678604128, 0.3640452888594513, 6.038557815278035;
  -3.793089063875363, -0.6366799956378991, 10.85325499507438;
  -4.6167758228437, -2.917588057470256, 13.01705280715281;
  -4.776652625881256, -3.208472346713793, 13.55484032014873;
  -1.920033361889223, 0.334011190038591, 6.043732881651768;
  -1.894216588941976, 0.379678386172907, 5.990872759817844;
  -1.904117278541251, 0.4108285840234851, 6.035115243396534;
  -2.197917269077421, -0.9945354843611947, 6.820344544678216;
  -4.813619921233258, -3.087646569798506, 13.89195544665109;
  -3.472730605863595, -0.7195141251157786, 10.30162507619622;
  -1.864793237062505, 0.4194337205284491, 6.041261184789749;
  -1.852067509337945, 0.376976606582564, 6.036848223581544;
  -3.455213059417614, -0.7501776745486447, 10.50761378916085;
  -3.357728154068481, -0.615297890464505, 10.33020829223775;
  -1.830623189198589, 0.2365851936245298, 6.157884656391781;
  -1.767460779122687, 0.240988691981827, 6.070307860322823;
  -3.580640470583514, -0.8393689454122374, 11.42262693346708;
  -3.758591181956339, -0.9656853732958092, 12.09456502631146;
  -3.25419294447234, -0.4331639717855963, 10.77534328433658;
  -3.232873455043501, -0.5809447172778278, 10.72272139174377;
  -7.223715279686092, -4.887542581816009, 22.8103515703476;
  -6.922476151342722, -4.388975323340266, 21.93901732649978;
  -1.887813965059666, 0.1597121421737029, 6.724992335735163;
  -1.770496912540341, 0.4705861487217752, 6.457351333514839;
  -6.807051590957877, -4.925696486075885, 22.14155619949563;
  -1.80846670064667, 0.4364026675960714, 6.645974928803951;
  -6.768046193091711, -4.890778843686478, 22.29206218950017;
  -1.753291222025704, 0.2282497031773729, 6.530165270866837;
  -6.715654284343884, -4.820627859859353, 22.58815696147914;
  -6.886485520285148, -4.787877110056923, 23.4339585383615;
  -1.717672730857714, 0.4459979886289445, 6.664565204831535;
  -6.272330368217208, -4.836077984511845, 22.06311700710359;
  -5.975382568328038, -4.49867170699781, 22.18290093401113;
  -5.887064253787463, -4.66933422885354, 21.8861318923646;
  -3.845391530541956, -1.4340187448088, 14.74021719073805;
  -3.844194919143329, -1.43663448568173, 14.98728109062376;
  -5.7678382859448, -4.845113836083563, 21.9959462355604;
  -5.799546748874237, -4.381062250965589, 22.14510166142748;
  -3.883272648479438, -1.441953659643514, 15.29815898377596;
  -1.915681558051754, 0.3723821277813547, 8.092330861052739;
  -3.870860120717307, -1.561055332114178, 15.39550844148046;
  -5.281153354022559, -4.588514518406617, 21.24202792961229;
  -4.024652907015152, -1.789523540483367, 16.48386658280408;
  -2.915013748354972, -0.9776324373528224, 12.22368881442814;
  -4.932079421150456, -0.5812876004112355, 20.66485957636374;
  -4.971663847082454, -2.550611801239417, 20.81633641878905;
  -1.909611190421438, 0.4402230967369424, 8.580937296624594;
  -4.953077489007287, -0.4084865803109569, 20.83171234651844;
  -5.527044602533408, -5.562654354947334, 23.09627102815395;
  -3.183090792381224, -0.5004191239350821, 13.80952425147289;
  -1.747564498774569, 0.2764993122542868, 8.046731011165887;
  -5.268957418687795, -4.61880890484754, 22.30176688394257;
  -5.175369053593199, -4.701880493220265, 22.19584311941303;
  -5.199480579607659, -4.5455258417473, 22.42328505132141;
  -2.778947689449115, -0.7653239220017688, 12.46603377021557;
  -2.807702316866003, -1.003277695488956, 12.59277179169934;
  -2.733538043630664, -0.924306928536286, 12.30498742833748;
  -2.322038502089166, 0.06198791427297407, 10.62085178186846;
  -2.398518642422375, 0.1249084001070159, 10.95098043785814;
  -2.814213416787438, -0.7050194277719102, 12.79157624935433;
  -2.649074622073929, -0.39891631543989, 12.13731780649878;
  -2.67359294675254, -0.6477639001210597, 12.31398802966663;
  -1.716081387180948, 0.2545242654509609, 8.276729968123066;
  -2.43764271441464, 0.09297506097602191, 11.42423544354367;
  -2.609778710940412, -0.5212831121145706, 12.23673170236368;
  -2.706126175432321, -0.5304496751944903, 12.66887382560874;
  -2.735257842436842, -1.181857813982532, 12.84121490746358;
  -1.879108946354921, 0.2120111687985549, 9.415295870305517;
  -2.1574098372139, 0.1543890210691814, 10.77279352952407;
  -2.430822293731823, 0.1010811966124203, 12.03852453796717;
  -2.776776485646552, -0.7075846377061739, 13.74378903801855;
  -2.415312031318893, -0.7806754390160825, 12.10812597896945;
  -2.018016311892971, 0.3393681578594477, 10.66673670058279;
  -3.858698101653619, -1.840169971160145, 19.78861513433956;
  -2.12169471304732, -0.8134567991394843, 11.54228944708669;
  -2.334576104841351, -0.6718573371887471, 13.02948447634906;
  -2.67881841579962, 0.06291708606382797, 14.90417933719776;
  -2.416316446910421, 0.003247490940324652, 13.74224169766473;
  -1.834353950197716, 0.3142882020495745, 10.98884606530113;
  -2.0381367445943, -0.7690817315542876, 12.11108285349977;
  -2.418368902891868, -0.02123704556029711, 14.22595727317036;
