m=[-11.03901696099598, -0.08556404810311681, 14.27929953508333;
  -11.03211331371525, -1.275969152171735, 14.30236805841583;
  -10.72777389132864, -1.395472588901863, 13.94615676831292;
  -10.96680198046937, -1.225895187100024, 14.2518304389069;
  -11.14499949607069, -0.8431020350937996, 14.48761114703828;
  -11.33254173272389, -0.4150894413460397, 14.81087476292107;
  -11.07152081612964, -1.074602793497627, 14.50390772525402;
  -11.32223367502412, -0.7661525799733806, 14.98821070230967;
  -10.06008002284536, -2.462967407367717, 13.59205096965931;
  -10.14312817321714, -2.707612755434273, 13.70493804008684;
  -10.01194111403377, -2.180416543663005, 13.54279318256396;
  -11.33608687168711, -0.5832955545607778, 15.33605673503847;
  -10.13136053021908, -2.720083586350923, 14.03260797534119;
  -10.68927369761243, -2.453274189149345, 14.85021851490674;
  -10.7540025965532, -3.509904965861526, 15.09789895027152;
  -10.32023452839593, -2.512870409244291, 14.65148290791474;
  -10.16213065644048, -2.815586440185359, 14.45640538363071;
  -10.87747416490945, -0.8333874179125375, 15.396830454282;
  -5.099315162253759, 1.554744318932287, 7.817864508153327;
  -9.253049048220538, -0.8625217032165328, 13.72154041798761;
  -10.34013715839589, -2.536797069902734, 15.48018715025292;
  -10.29272826629583, -2.553751904434783, 15.55229953863645;
  -5.134164794766496, 0.8190192371796538, 8.241492575194926;
  -10.13334746844532, -2.173916945108021, 15.42662030192692;
  -10.30904220112319, -2.606256200824501, 15.72013113403881;
  -10.27635737014125, -2.950648736758236, 15.68914044185773;
  -10.30446136160495, -2.782635066510918, 15.73016026729736;
  -10.30542161398396, -2.914005082037172, 15.78844887955818;
  -10.23012352216785, -2.19538554259689, 15.75755325767453;
  -5.053431159544568, 0.7872480536909216, 8.284324699704239;
  -10.51027248497197, -2.368202230824021, 16.19906771501281;
  -5.166816248243141, 0.8417950225252655, 8.450943940792875;
  -11.35303394534868, -0.9045700099769545, 17.52687864828772;
  -5.008584051670329, 0.711625311245302, 8.279342537668766;
  -7.027430727487384, 0.4510374698000125, 11.22591985657483;
  -4.973999226806803, 0.804606293580771, 8.236933192846481;
  -10.36272010981169, -2.364578074282078, 16.13492380777679;
  -11.22942540304012, -3.867741277264321, 17.41342687023251;
  -11.21309362735623, -1.896916126683092, 17.3893524820773;
  -5.015689134556319, 0.7791690685815254, 8.31203514018077;
  -5.040117804812135, 0.6298169477731038, 8.349950478239258;
  -10.31264122230832, -2.251535069083688, 16.12872323589394;
  -11.36704107992236, -1.090770713737124, 17.7146564760705;
  -5.004104654678692, 0.7018280324601359, 8.34918738375902;
  -4.999176287475931, 0.754379256954743, 8.343927010710031;
  -4.982781919099927, 0.792164270728511, 8.341825700009611;
  -11.18916709037248, -0.9238676949521021, 17.74455288729051;
  -4.962322977854388, 0.7887800139376636, 8.406617356836284;
  -11.00302632536194, -0.8604267991663563, 17.48566879215321;
  -11.28657716600461, -3.330614489542922, 17.95627469659033;
  -4.950056397175616, 0.756379363991988, 8.444496579260344;
  -10.08317047289276, -2.327386513855604, 16.24597862214118;
  -11.41043757890447, -3.398506953513218, 18.26794932711569;
  -11.28547152573456, -0.3149115293526761, 18.12355704366941;
  -11.13999542693673, -0.8886783931181701, 17.9083273093134;
  -4.95920972141784, 0.7210392172515204, 8.511998536071003;
  -11.35745582722197, -4.121423746917233, 18.28560723166099;
  -10.78127128234857, -1.440009326634646, 17.42546347421695;
  -11.3415856711822, -0.9122860083296882, 18.30822102245852;
  -4.962045914983029, 0.6955790074912499, 8.562324661579838;
  -11.54025609662307, -0.7852189974480438, 18.70741236428626;
  -11.34473501492482, -4.097670411801243, 18.48338323097288;
  -4.946434681605692, 0.7467897686499447, 8.601939107115904;
  -11.30758742108906, -3.737519430667716, 18.43414711104455;
  -11.57301506982046, -4.089224056057673, 18.94812017813527;
  -11.07865351851751, -0.506557378433921, 18.2233161349077;
  -11.56154229793914, -4.182840986242583, 19.04683170538555;
  -11.55277926344304, -0.8420576224505411, 19.08900144419148;
  -11.42676056279187, -0.8294530959633659, 19.13606428538786;
  -11.46970999611985, -1.551097853008915, 19.2551909370561;
  -11.33032693954478, -4.367136236182613, 19.18285616075077;
  -8.344231655038554, -2.880955362620883, 14.45192730948691;
  -11.27511206267674, -1.496767838488474, 19.21807450295214;
  -8.095448675236101, -2.833148688490066, 14.15151651317909;
  -5.253887983245957, 0.6558131693185044, 9.62056419260797;
  -5.632342888174595, 0.5446987897207393, 10.2945624299241;
  -8.542370586644756, -2.175786969795941, 15.13566412296991;
  -4.969643074572874, 0.7197174090373401, 9.214237459475498;
  -7.992871556958063, -2.697611224006622, 14.25205472152343;
  -8.062547266291107, -3.10800072472779, 14.41166549912028;
  -5.577847058571956, 1.586801036929336, 10.25419143425706;
  -8.389604572101177, -2.408240910757926, 14.96180471331372;
  -8.240981443910171, -3.359823854644832, 14.80213333910629;
  -7.974022570872277, -2.629804488461329, 14.35416468689199;
  -5.220437179017119, 1.193756811218342, 9.724983418120594;
  -8.364288885710716, -1.881004375090208, 15.0134909629659;
  -8.418603726076043, -2.949932258947971, 15.13011056236257;
  -4.948282923875157, 0.6883036444527518, 9.293129393099468;
  -5.38690244356795, 1.470970760099146, 10.04713782043755;
  -8.107173185775578, -3.016912115642358, 14.65778614509808;
  -5.798067137893052, 1.650639437517171, 10.75940173588145;
  -8.336263717188341, -1.852600987563787, 15.0730015617162;
  -3.614654424754762, 1.441538771049614, 7.102918938308663;
  -8.482129147989632, -2.090267775930793, 15.39206217220601;
  -8.057509367557291, -2.184105777870172, 14.71357672347853;
  -8.547459912693672, -1.957425615553951, 15.60493218684224;
  -8.340608375967415, -1.987445855219166, 15.31903678171333;
  -8.323924796467589, -1.858445028881082, 15.30991057554218;
  -5.007685788968665, 0.7046424510505339, 9.616470604433463;
  -3.868294901375964, 1.459607088362966, 7.658912017212644;
  -8.152271539497205, -1.715868334866776, 15.1012077891379;
  -10.34591210490024, -0.01256952061520369, 18.90502289333071;
  -8.18720467858688, -1.90093559573199, 15.25800390380516;
  -10.9313984487741, -0.3005024736894929, 20.24351262110762;
  -5.51313854486895, 0.7236224580849235, 10.75077302304206;
  -7.595874940461239, -2.434833843258747, 14.47653787494888;
  -11.22475861767867, -0.414461653459419, 21.02551552885612;
  -7.531538167633868, -2.363153894456073, 14.48806872908215;
  -7.358799405255959, -2.483369198067929, 14.302151969782;
  -7.515905813407452, -2.449690693305944, 14.67078188046254;
  -3.172080524299444, 1.455551709172908, 6.766611447805975;
  -7.272359357193123, -1.597339664218649, 14.30566018311326;
  -7.52051353214777, -2.133415981080626, 14.79471122763376;
  -4.495576412331371, 1.460945279021421, 9.295526964175993;
  -7.844365781919861, -2.69710712829981, 15.58279385167088;
  -5.342851994236309, 0.9886073778444202, 10.9184369955446;
  -5.671367213822417, 0.8640665806006037, 11.58927926707214;
  -12.56401539838385, -1.073441167341435, 24.56570185766586;
  -13.16823049458547, -1.393756388197235, 25.79280600672729;
  -7.143346129767652, -3.284747582158468, 14.51083971795345;
  -6.116395087032474, 1.432509354694165, 12.57958343200323;
  -5.930606634209981, 1.48130586710696, 12.23258939020704;
  -7.667570866315065, 0.1545872412231866, 15.69227077627784;
  -7.915057747095964, -2.225974556629502, 16.28447038269017;
  -7.436945563112545, -2.63676341796875, 15.42499130279427;
  -4.895437227360598, 1.429025854463136, 10.46760256341073;
  -4.496058857106045, 1.460511808201322, 9.770284586804481;
  -7.861887014110461, -3.238161515938678, 16.45222959181772;
  -6.738265065792482, -2.412263815018285, 14.24174027681344;
  -6.751499919269118, -3.209571285901405, 14.34188101144834;
  -7.214807966615324, -2.816211994817557, 15.31386925491638;
