m=[-10.44214061205415, -2.547240674742697, 13.795867177464;
  -9.968840194780036, -2.336205962953202, 13.41491807658939;
  -5.104279677035783, 0.7966668168539303, 7.369850273481116;
  -5.094395769358661, 0.7256291454864642, 7.416407381960336;
  -5.055703670991805, 0.8199476659199473, 7.368675314058444;
  -5.099406554343718, 0.6384452216904327, 7.448192363871907;
  -5.112338689375131, 0.7983186984078203, 7.466158836360827;
  -10.54202251412739, -2.633679989757004, 14.43897733840887;
  -10.49612362594547, -2.831562597344273, 14.38160577640275;
  -5.0779047269031, 0.6795580613026322, 7.466450601324906;
  -5.048188453092168, 0.7625743315754194, 7.428194221340642;
  -10.52311580547982, -2.4815438809843, 14.4507752814676;
  -5.052888054800824, 0.8033467445115071, 7.457441614965573;
  -10.43640862701383, -2.775981567046489, 14.39044819664822;
  -5.030693397479406, 0.7262414124049027, 7.480759949189562;
  -10.53770625549941, -2.810889858684883, 14.6810099422472;
  -5.041503978766105, 0.8021310231137128, 7.537485403219017;
  -10.56314777469568, -2.598693378347044, 14.77435710180712;
  -5.018803892221727, 0.7677813369911015, 7.560574347273175;
  -6.774976337843462, 0.4690135554708823, 9.870992239292837;
  -10.59685336701347, -2.637387549533676, 14.964139933742;
  -5.045352820558412, 0.7333869339966876, 7.654846129290471;
  -10.44962843098954, -2.2495340211148, 14.86020025714546;
  -4.979768946581285, 0.6957323824136075, 7.600978371103736;
  -10.56641341899785, -2.674786380382205, 15.0674325444376;
  -5.019308440638435, 0.7568478208771717, 7.726290460955179;
  -10.48882656450822, -2.257134731991135, 15.11282298841469;
  -10.64384206336685, -2.403392594265831, 15.37243855304067;
  -10.67317914675154, -2.444240661010085, 15.56960821210918;
  -10.53529823276602, -2.455224450913594, 15.41162388194049;
  -11.62804999347264, -0.9414406625766867, 16.91042111558189;
  -11.58197792750927, -1.974273700217518, 16.90936240380349;
  -11.70947067018343, -1.522828018432664, 17.08847343919882;
  -11.65672371617127, -1.12432554372684, 17.1215755100336;
  -11.39790116482032, -0.9474926187794102, 17.03878640619626;
  -11.23643926348249, -3.032048298850622, 16.81507884856652;
  -11.51373200028442, -0.9196703959000213, 17.23486764864531;
  -11.54031872413812, -3.801064071589124, 17.30247984438001;
  -11.59432013870447, -3.429502300687073, 17.39151684726947;
  -10.45755133129935, -2.417706345268825, 15.79157939258522;
  -11.62962277711525, -0.8044796286248142, 17.49470676185696;
  -11.64741300952399, -3.483600325892523, 17.6013920398388;
  -11.40052049864636, -0.9132956991902083, 17.2851415465808;
  -11.2462540797681, -1.513987851925944, 17.11528569700869;
  -11.6393193317682, -0.9476071817067917, 17.74353880602959;
  -11.46945268628891, -0.7985519733390076, 17.58179506112478;
  -5.183185312761211, 0.651291619556745, 8.516802716501317;
  -5.034333575410427, 0.7270973895629195, 8.333452292858969;
  -11.9617527756266, -0.5274283117553449, 18.57927804546473;
  -8.784573217919553, -2.388715728265532, 13.91969553595561;
  -12.00659642307569, -4.355493843330599, 18.70996279404488;
  -11.53772781489933, -0.8543789281165248, 18.04551043588486;
  -8.875575096222759, -2.489357522240878, 14.11076665949138;
  -5.282056243169931, 1.205142121961841, 8.840461373225136;
  -8.549939174614311, -2.952774812980596, 13.76471593240065;
  -7.579878875781457, 0.1150546401575329, 12.3260264870943;
  -11.8559683672312, -0.9688150644857541, 18.76267268136777;
  -11.7692519597612, -0.8607111821457693, 18.65838271230072;
  -8.769445292049904, -2.494778676367267, 14.15706556441052;
  -11.46725594119914, -1.564951170141309, 18.22895028836117;
  -8.928037819605374, -2.438799864258852, 14.42922879396341;
  -8.434072187435973, -2.964208586468265, 13.68947834182897;
  -5.678903905325281, 1.540665243754406, 9.547623700845787;
  -5.717260060750406, 1.482949391821149, 9.667170392826659;
  -8.603294566983937, -2.526691649077756, 14.09714524182646;
  -11.44950732598328, -1.540071858350486, 18.47895991956153;
  -8.044766195374082, -2.775048582424638, 13.28776285519192;
  -4.269553940456287, 1.491751518877832, 7.540102637269359;
  -8.803628438923944, -2.250812551130239, 14.55332105445361;
  -5.627014609355756, 0.6430027698774465, 9.677372689528733;
  -8.449344506520475, -2.428574521966367, 14.04441806855727;
  -8.578569924444341, -1.875829454367604, 14.26588096926913;
  -8.058118956850596, -2.576179259263861, 13.49582726428868;
  -8.76844524094575, -2.127078304140542, 14.62704667007593;
  -8.567154296140634, -2.276156540765059, 14.31748122949552;
  -8.242957857133323, -2.879682396892675, 13.81085820090474;
  -8.439704192685339, -1.759138431328964, 14.13184988773605;
  -8.213933677111511, -3.061759489625461, 13.82001667967597;
  -8.7402612737912, -2.029567824478098, 14.65730751577038;
  -8.08375154328812, -2.67352444740989, 13.70570142748439;
  -8.163238930271721, -2.532895953411356, 13.86227913764778;
  -7.993158976577855, -2.566040390713849, 13.60036385956011;
  -8.657672817021622, -2.147162296605853, 14.67722553569071;
  -8.163866638034175, -2.49323110564989, 13.94874724714772;
  -4.574812025615128, 1.488475663092505, 8.243128118433747;
  -8.525407596420218, -1.949415773959406, 14.54901863877351;
  -5.58446404386707, 0.6813810420632155, 9.865656115957416;
  -8.503865363553574, -1.734545529229134, 14.51622636968077;
  -5.566912821651997, 0.725661261735595, 9.855209949952224;
  -8.596250699537466, -3.171362300722646, 14.7059140411173;
  -8.017113535918394, -2.230944172297805, 13.84784938502361;
  -8.272792412638509, -1.939362141331126, 14.26239744112831;
  -8.366243873269522, -1.773375745019816, 14.46023161839471;
  -8.505334747779674, -1.901124010476524, 14.74221252127124;
  -8.381917071393001, -2.965192506250914, 14.55991313353552;
  -8.315051557031447, -1.936358948921799, 14.46613239699873;
  -4.610185195483098, 1.49810942889455, 8.525116020204104;
  -8.367749342377168, -1.467440127070203, 14.73702941363059;
  -8.464188321409672, -1.915741061156102, 14.91006535286816;
  -5.996890733501451, 0.4048919810485412, 10.88503318024439;
  -8.032272870318039, -1.890775656371386, 14.40767230103769;
  -7.922163411027289, -1.934295962412312, 14.23427127512758;
  -11.31534423227968, -0.2194693556580819, 19.92954753488143;
  -7.969123132439608, -2.347324237036484, 14.3591978731113;
  -5.441155893230817, 1.002268393544253, 10.11206324557579;
  -5.802190961260521, 0.8787917328016817, 10.84257161129628;
  -7.778060390168085, -2.406651507344438, 14.21933629254321;
  -7.682510138825696, -2.190487985373768, 14.08028128556744;
  -6.037663844454017, 1.402116605511351, 11.43620547313221;
  -5.826422474181101, 1.20162800878108, 11.16447635810779;
  -4.070288152832011, 1.467653398459278, 8.284155360760659;
  -7.549958075618819, -1.578046200712083, 14.60029847473315;
  -7.615501236121964, -1.708458031684013, 14.772157938593;
  -4.657444501104668, 1.470089618881749, 9.410465124149024;
  -7.505765608597962, -1.3047900338788, 14.68046305439946;
  -7.483272733758526, -1.661320744254239, 14.66902831230047;
  -3.58121581482404, 1.470012323139091, 7.565618466030146;
  -6.748321426046523, -3.005203219923704, 13.44877690342851;
  -7.728040573380085, -2.195721400458173, 15.29625521758662;
  -7.027868760194715, -2.453289712487616, 14.11732810683038;
  -7.090502161603453, -2.632291274792835, 14.25274036179452;
  -6.878582895795728, -2.477276596699882, 13.89810168416115;
  -7.822378200679325, -2.16136679372687, 15.65519209992931;
  -4.564957335891059, 1.476302688643547, 9.556897975634701;
  -6.862251035115394, -3.108407754115259, 13.89324841132437;
  -15.87807098657472, -1.455440240487791, 30.90192525847813;
  -7.703765429110653, -1.785030121406298, 15.51618013866507;
  -7.144782733701784, -2.391348539873684, 14.47009679469585;
  -6.874491733619327, -2.422116106133515, 13.96718197721616;
  -7.035577139003505, -3.348252283628361, 14.28159361485844;
  -6.783309365905173, -3.062690135835358, 13.90931176796674;
