m=[-5.188614960541096, -1.226670221117612, 7.216243441491621;
  -5.181305356151806, -1.382091920882316, 7.218534432745804;
  -5.215473046922458, -1.283084887295856, 7.294725293408325;
  -5.202914562493418, -1.294922333371394, 7.347194386855819;
  -5.232037455178359, -1.181400475301634, 7.556404332957126;
  -5.237960934540626, -1.199533608585894, 7.640928579930383;
  -5.207225924198927, -1.113336360614018, 7.643475492053274;
  -5.670774404182741, -0.4591223477189703, 8.246884325404823;
  -5.695457291093809, -0.9708524408262924, 8.31520764357052;
  -5.737584206240529, -0.7461783912767545, 8.373269644303399;
  -5.64000516768423, -1.027732306559292, 8.317879919897932;
  -5.621013003290949, -0.6963824479081006, 8.344542726209626;
  -5.615872563905878, -0.4668401423526909, 8.395199407075962;
  -5.586453199213357, -1.507452273989669, 8.360001671871777;
  -5.626205209678426, -0.7516760860352438, 8.418547292299154;
  -5.743998414215279, -0.3973413239320612, 8.64082780870682;
  -5.549656225479816, -0.7471031730340277, 8.445830153361474;
  -5.752208602379402, -0.4683121088887796, 8.768943754135396;
  -5.708708623340548, -0.3900306057085601, 8.749700164589552;
  -5.78983363493758, -0.2552905277930286, 8.992906889003489;
  -5.727809392856766, -0.4241493410171443, 8.958544163269286;
  -5.75671644542579, -0.3363053917048433, 9.095194910582602;
  -2.781195459936123, 0.3393439094220567, 4.913330587046205;
  -5.775570778335148, -0.4719530115751776, 9.140134378351256;
  -5.778001048210443, -0.4225578762055504, 9.160153528718626;
  -5.807533793811296, -0.7903490718168736, 9.212569983391239;
  -2.79686533471083, 0.3645785182402992, 4.951343043870233;
  -2.29470476721991, 0.7456791218863789, 4.243348920523187;
  -4.192011205203605, -0.8737661708601843, 7.019306805917283;
  -4.280681553960319, -0.9940130250804579, 7.178648778112155;
  -4.373194640653533, -0.9869080817944361, 7.319855134072847;
  -4.273358820241636, -1.059822325538916, 7.244562427481144;
  -4.227304614680644, -0.9666135259796966, 7.214098907902875;
  -4.20016410460806, -0.9348413088971466, 7.211706454236148;
  -4.253005521983477, -1.017780681782292, 7.294466234216814;
  -3.008154570978999, 0.2031015267194574, 5.460139891075153;
  -4.238229891398199, -0.8983689939086488, 7.325364501677067;
  -4.141035493367271, -0.7262074187397648, 7.293067630453769;
  -3.016896630326376, 0.7006088731451017, 5.714437014790877;
  -5.536669122082319, -0.1073877364905049, 9.751652993345937;
  -3.998636539421271, -0.8346632946588601, 7.383087762049688;
  -2.969972792697551, 0.6185850383911024, 6.154563205161606;
  -2.951825423766274, 0.6017853351588527, 6.164002829901349;
  -2.926852140667482, 0.5459343198948727, 6.149936492257;
  -2.899405995017885, 0.5150150079820629, 6.138712888738517;
  -2.906131316646484, 0.6119830769555466, 6.155218053619175;
  -2.87529307877021, 0.5869347438737786, 6.104552365248713;
  -2.898985466656074, 0.5917710806347934, 6.154853819237848;
  -2.871206879420685, 0.5192724669877661, 6.149734974933745;
  -2.866305853382816, 0.5821162589516752, 6.161588818350938;
  -2.857801163771876, 0.6578482824074854, 6.149983177239156;
  -2.837742439302969, 0.5261406239105773, 6.151542818915592;
  -2.81141641550551, 0.5013499832488257, 6.128773382599752;
  -2.808839585101151, 0.5522129175529736, 6.12453955642614;
  -2.817453568826299, 0.6141887357326141, 6.155720528777938;
  -2.807495800567574, 0.5835116218379612, 6.155206378761049;
  -2.774144366005241, 0.5754078410724748, 6.154021402302246;
  -6.570411951501624, -1.147550617319659, 13.24069569359698;
  -7.748925984767363, -0.6171268941587086, 15.71882734207603;
  -2.676824447583426, 0.3840587192547078, 6.204661631763847;
  -5.913734332698521, -0.2183198264111238, 12.5372438850277;
  -6.303632172729598, -1.208548434582032, 13.42421527108983;
  -6.120668813700486, -1.304880701510409, 13.13931698672434;
  -2.657136162643571, 0.3685800197712368, 6.268860439770052;
  -2.768409157865551, 0.273549211993546, 6.540335808619274;
  -5.853742066091427, -0.3115430625674591, 12.93227888543264;
  -5.85147554585243, -0.220600610419365, 12.95864522778958;
  -5.697020786105119, -1.616151716184886, 12.69628378648444;
  -5.826054964467101, -0.3720805463162493, 13.01939589857285;
  -5.620027105458393, -0.4401429689040313, 12.59944701270328;
  -6.012874519892038, -1.584698294962414, 13.46082912950401;
  -5.958749075629448, -0.2858296764392895, 13.34074427199244;
  -2.355381577080288, 0.7648735276998544, 5.869547800754243;
  -5.512292248950103, -0.5582734360924504, 12.44000282731135;
  -5.662862234447488, -1.320936363238396, 12.82571424593206;
  -2.317787764085443, 0.7338644915632229, 5.828910513313837;
  -5.894957270787981, -0.2501262286233669, 13.31122690479861;
  -5.95538753396743, -1.033723636004446, 13.46603509435585;
  -5.574136833333677, -1.339493302504899, 12.70411976167929;
  -5.53130090181644, -1.408676702448468, 12.65475806092506;
  -5.785668336526863, -1.872587641439947, 13.23023103597097;
  -5.544748494830022, -1.710234677837858, 12.72955609879855;
  -5.889531544802778, -1.018273059747497, 13.49014223803768;
  -5.905498683798264, -0.3034047917398229, 13.53825285717525;
  -5.738266191074788, -1.817259871446746, 13.23401201675495;
  -5.677820552556673, -1.345235538221144, 13.11595312736821;
  -5.766904502481255, -1.721663803033215, 13.40166478976771;
  -5.624452296067752, -0.4811841273811497, 13.18261774924095;
  -5.751593043553498, -1.915359127713829, 13.47479728561681;
  -2.677535148563884, 0.2938612821554323, 6.813814567732378;
  -5.232771063336474, -1.103529765697057, 12.4730993618233;
  -2.654362326366303, 0.242183648520976, 6.872729835048467;
  -1.861983294515714, 0.7285987675531507, 5.117700268977334;
  -5.807021909899429, -1.852007569349329, 13.89179888636481;
  -2.772163285341071, 0.6803161831509864, 7.168504437264866;
  -5.055966142739481, -0.9318855538403329, 12.3068451709825;
  -2.620964877936845, 0.3963489778252308, 6.873372690075962;
  -5.035257087923632, -1.119327127786282, 12.32048626106571;
  -5.02913698205739, -0.9354271289794044, 12.42463022760415;
  -4.928143512135734, -0.7712039266912691, 12.21086958155733;
  -6.250327597491307, -2.335351754269891, 15.30522245719152;
  -4.984670516332345, -0.9764997059606603, 12.62887293103506;
  -2.613635195636757, 0.6860488093468591, 7.149939945823477;
  -4.916420315813527, -1.100658662348284, 12.61451322788442;
  -4.944643482173576, -1.618519586220031, 12.75738095097683;
  -5.163708249898579, -1.147820595074607, 13.28573875219236;
  -2.621925468261549, 0.6530893283107523, 7.236552472857989;
  -5.649647107106155, -1.578223647189748, 14.518457455667;
  -3.692237819441007, 0.2156004483839205, 9.890012280884857;
  -3.611202069674494, 0.2723764609634282, 9.708819172680823;
  -6.321312113758737, -3.199422894692061, 16.28427475958835;
  -6.194275797001716, -2.93500217436077, 16.00551442617921;
  -2.566497147076793, 0.698097312558726, 7.203851935397108;
  -5.262078949801873, -1.244742113589064, 13.85670366176988;
  -5.159315030020815, -1.364509055385689, 13.68112890176811;
  -11.10374767519846, -6.913028400721678, 28.60554623671966;
  -5.051091886465429, -1.675032459305546, 13.55919639190412;
  -5.789357013153476, -0.3522580970801341, 15.42277364186647;
  -6.403329293082377, -3.353733510162298, 16.99171968942244;
  -5.618653795080527, -0.4625557879349696, 15.05007612424599;
  -5.056198492437472, -1.305302028139584, 13.66728371129721;
  -5.833710612981991, -0.2664270058860111, 15.61089613583021;
  -3.342603082117171, 0.1769575017300531, 9.365417397963316;
  -5.223825844972618, -1.421133816194176, 14.11038787113457;
  -6.382200433503733, -3.515429498204563, 17.03295113376285;
  -10.10610245701698, -6.241328330467505, 26.48602185553215;
  -3.325570157423562, 0.272798136979716, 9.356560731871742;
  -5.854486982588284, -2.243792504273272, 15.80739321319902;
  -5.802431661674563, -2.490529103586343, 15.69210603192312;
  -5.714801269654124, -0.2741087964199631, 15.50177994259961;
