m=[-10.42876535953651, -2.803044725445518, 13.5145365469647;
  -10.55046036935576, -2.620482337266479, 13.73312405414657;
  -10.93541606638716, -0.9089224754042924, 14.20905648083691;
  -10.4851960222849, -2.735072940550033, 13.69977371285775;
  -10.40470407714619, -2.834395526645923, 13.6536554097245;
  -10.46889885444813, -2.62622719859339, 13.76962383143301;
  -10.26187926329455, -2.231099799379169, 13.58644559259526;
  -10.58784687843417, -3.068123623917094, 14.077016507426;
  -10.7577107941488, -3.067835577079672, 14.35754681423668;
  -10.55483789194773, -2.406058654188566, 14.22551566623985;
  -10.50057546214734, -2.610295840639562, 14.25462070040985;
  -5.12570350527236, 0.736956973920664, 7.468567565583316;
  -10.55463653486206, -2.439038767842987, 14.38032216117083;
  -11.42298428865698, -0.9540347615859602, 15.59837387291499;
  -5.15857914832777, 0.7969348102961089, 7.603168417430307;
  -11.55351569314809, -1.998852772621441, 15.83835344481115;
  -11.61321275624398, -1.532525295546073, 15.92337928930529;
  -5.113549562577346, 0.7962985240306525, 7.598593635930049;
  -11.4022000032648, -1.121201675736682, 15.73750028844964;
  -5.316035774324381, 1.205159166617987, 7.889862310062002;
  -11.38338368636429, -2.096878423148109, 15.76787442247762;
  -11.30728881056082, -2.303824085992122, 15.7201081649472;
  -11.31432371813579, -1.858756173044915, 15.87859454133735;
  -10.38990077434296, -2.426296703069032, 14.6684182183391;
  -11.43726936993254, -0.9801872697651178, 16.06186319011028;
  -11.43930486676605, -3.114797409089588, 16.06843245355953;
  -11.45309468420884, -0.6568435160868995, 16.11761784247517;
  -11.96189964820207, -3.884171353152399, 16.80192381390123;
  -11.84156411877685, -3.626520837724419, 16.66455058499351;
  -11.74372891240174, -0.8417588819404598, 16.62235787462291;
  -11.41611282466184, -0.1747459054183755, 16.20477153409077;
  -11.50620343463397, -0.6389974605199595, 16.36470566777718;
  -11.70770055465829, -3.546911185779385, 16.6581778339241;
  -11.31515511416413, -1.549698954366003, 16.18128079901095;
  -11.3272985797022, -0.4734934596559332, 16.2074434081684;
  -5.794720538993238, 0.6324294927699093, 8.7991135863537;
  -11.77749362170455, -0.9851452443899256, 16.90722467808423;
  -8.880532313421739, -2.433721342998577, 13.04058129681522;
  -11.71147158203955, -0.8232123746221283, 16.89890689762768;
  -5.797416148640673, 0.6813631292811917, 8.882135031088767;
  -5.767702435631598, 0.590256393323649, 8.878510172409678;
  -5.773907901488753, 0.6498312402079626, 8.900822615483529;
  -8.733715512465249, -2.410226321965264, 13.1173623750536;
  -11.77742427783277, -0.8856145009724443, 17.36443623760372;
  -8.91970768789686, -2.38066011125852, 13.40940190296246;
  -8.99576224161479, -2.133654131778933, 13.60495963990736;
  -8.249610995920722, -2.874344804204871, 12.58788860039084;
  -8.816058381509542, -2.511319144049272, 13.41928149283299;
  -5.603624488191761, 0.6777336782344553, 8.893925326134001;
  -11.69121720979365, -0.9823925134273164, 17.47807759815482;
  -11.79007323272207, -0.8969074242905378, 17.65159516137629;
  -11.74109920628591, -1.627808785760131, 17.60285764617952;
  -5.659517554954794, 0.7282404709010336, 9.003944517331677;
  -8.206256598957506, -2.736908721103924, 12.6411618977786;
  -5.654002336123625, 0.6490460780958169, 9.029327363655337;
  -8.85299459185217, -2.283480736454301, 13.60748281470147;
  -8.582448842707724, -2.492791846318435, 13.23228022255774;
  -8.064826038384551, -2.60422317770538, 12.49201867868116;
  -8.689479491241849, -1.915089013579426, 13.41571742904319;
  -8.058360667023713, -2.750735053276263, 12.55749464793602;
  -8.513767570368513, -1.789969728889687, 13.22635060687054;
  -8.577622623790976, -2.00952456771769, 13.3812183027758;
  -8.047464850908712, -2.584724903685008, 12.66294584779663;
  -8.315381430439169, -2.76627746498163, 13.05029189414445;
  -8.659083431298274, -2.000334973797972, 13.55533283063121;
  -8.793472361616427, -2.126783774669517, 13.77567172818713;
  -8.332225079912785, -1.714903181181521, 13.11604219397466;
  -8.269928563192259, -1.763762187829871, 13.03447375630055;
  -8.637634495997945, -2.16592173472939, 13.62486716168606;
  -8.22364791064834, -2.531127580585093, 13.02495591619218;
  -8.140675181421882, -2.343311127653127, 12.91742848146959;
  -8.283557534330761, -1.717423133383272, 13.14763987251955;
  -8.584498732010223, -1.987744696264698, 13.62288519616637;
  -8.396734667239494, -1.985325045951768, 13.44026832139188;
  -8.217456264153688, -2.448659353400464, 13.23887292663738;
  -5.613516199443224, 1.000934531073412, 9.361008286606792;
  -8.676334588287688, -1.766615568736546, 13.93129244484321;
  -7.908533001644093, -2.451956420219218, 12.80343239075152;
  -8.790073840011877, -1.872500807453035, 14.11831339558579;
  -5.541711440201007, 1.01285542641905, 9.277493412846885;
  -8.70157846141152, -2.107911854223235, 14.03563612893673;
  -8.452278017115567, -1.988838971906958, 13.66762741103578;
  -6.526083671120708, 1.515756727693079, 10.77029180586629;
  -6.095065082797975, 0.4499279271917113, 10.17533296386181;
  -7.847966255611009, -2.578510219476322, 12.83036972078387;
  -8.579479896279008, -1.853548436806824, 13.93024621599204;
  -8.210633499915877, -1.652241834167511, 13.38167697450179;
  -8.38140282907256, -1.8737290320007, 13.63602429505767;
  -8.400143604702635, -1.491646891619368, 13.76830644776512;
  -8.168956630459107, -1.763451161933549, 13.43649619770192;
  -8.556700184670884, -1.61744582978145, 14.04907856679306;
  -5.951714849661761, 0.889545492714117, 10.0897472757968;
  -8.162643548190086, -2.046955425560346, 13.5071022597496;
  -5.659188334154275, 1.033064368647098, 9.678522060563799;
  -6.018841505664813, 1.323616392294725, 10.26353461968908;
  -8.17123760962531, -1.467434957630026, 13.59990454651272;
  -8.019317972437081, -1.982323611129267, 13.37876020534961;
  -8.139167728330415, -1.805835766019694, 13.61617457547106;
  -8.065265876730644, -1.560015025376768, 13.57548255264359;
  -6.15058553351657, 1.406346995952348, 10.61838380935845;
  -11.36506080479165, -0.2696339757722024, 18.96889796559074;
  -12.52607939385466, -0.9526005142133383, 21.09428063178514;
  -7.738453833140443, -2.459377357679905, 13.51045229574768;
  -7.826328652882084, -1.992273606260989, 13.89037535211713;
  -3.890671804473802, 1.493547271519777, 7.479085415107879;
  -7.437581252395217, -1.608829504068661, 13.74655807409841;
  -6.985669485206315, -2.533189831765397, 13.08248698178241;
  -7.073655050120815, -2.720061002567061, 13.24034320099658;
  -4.758605438276336, 1.480776171761976, 9.230318141783526;
  -6.876284686678347, -2.444254988547601, 12.9564027567667;
  -6.054454994005014, 1.248477880251943, 11.5183403054729;
  -6.940850257578531, -3.02411080623226, 13.07199090931535;
  -7.30161437290333, -2.382976553757112, 13.69842457464962;
  -7.158398806984221, -1.675492303017419, 13.46614269080734;
  -7.115362898962836, -2.399002867132058, 13.39581187162998;
  -7.730443480620599, -2.193571942607943, 14.47913758999427;
  -6.008138028909342, 1.212122201207811, 11.52117156009466;
  -4.661656669767709, 1.491220762990152, 9.202984636775012;
  -5.960455500450302, 1.100046814433443, 11.49842664459608;
  -6.834184609365058, -2.962999565943281, 13.07600879624731;
  -5.948454661131072, 1.310188664843736, 11.51461895596551;
  -5.895642898489065, 1.034976436361878, 11.45956825594469;
  -5.940189548788561, 1.237917177618519, 11.54781175287863;
  -6.780848888492995, -2.846716009818477, 13.06054820648382;
  -5.855284753463507, 1.185360124058115, 11.40652762190495;
  -4.715749287108871, 1.462774958081794, 9.417938694640334;
  -5.880344574645632, 1.386332230938599, 11.55145629758568;
  -5.833183919766216, 1.042493414521273, 11.47286677270354;
  -5.802719369076518, 1.168247561539127, 11.46119888855731;
  -5.823220293138789, 1.329223237253317, 11.50541212893372;
  -15.53728064227109, -1.502865372718101, 29.17308417425669;
  -5.770507516680651, 1.057621267172477, 11.48638570218268;
