m=[-5.646093334476648, -0.4838767568864506, 7.929058568417052;
  -5.602110127464371, -0.08575123787866119, 7.951998733602677;
  -5.79991024739194, -0.4157219569368619, 8.209333210257565;
  -5.562277525059259, -0.7617973927452091, 7.95435622463054;
  -5.64413080677021, -0.2359308359044351, 8.075794064698609;
  -4.335948553758502, -1.1965832090638, 6.512257966046972;
  -5.72389847719567, -0.2795668039760069, 8.394220045467925;
  -4.06697345861594, -1.356396182980458, 6.264886955992062;
  -5.763262234071632, -0.3213372116094284, 8.49151362848853;
  -5.765715609564093, -0.4335584107234659, 8.500874104949505;
  -4.380091583451247, -1.129770796869312, 6.73241357263292;
  -4.00558317488669, -1.361150643175805, 6.265907072544255;
  -5.772482251543478, -0.4850515772692982, 8.629716728035124;
  -5.792550588795741, -0.4406572822847449, 8.672359868082639;
  -4.040529951436322, -1.297757565027867, 6.35790437353212;
  -5.820653279810489, -0.8069866697545994, 8.726621698027831;
  -4.353950649571813, -1.05304380527091, 6.820808936755792;
  -4.068440181838895, -1.252210851692603, 6.44376493155806;
  -5.709033022312831, -0.7751447883264414, 8.696732483989857;
  -4.271326676223261, -0.9890276895280691, 6.778240030316435;
  -4.156542584716253, -0.9399979762043527, 6.705442261674396;
  -3.016863759253821, 0.6634450037120853, 5.144459379241759;
  -4.158948718496022, -0.9786094679751345, 6.725164670506973;
  -4.151189890190389, -0.92803140157126, 6.753729339876818;
  -4.165588152606096, -0.7397000470471494, 6.827632588108689;
  -4.21338564313842, -0.796442891614227, 6.917875425703762;
  -4.042363111538708, -0.8968784192327574, 6.762549152608024;
  -2.988125926692803, 0.6161758781884195, 5.684781096454504;
  -2.964102279487434, 0.5979979425122513, 5.683945794740938;
  -2.948213182431259, 0.6687355296314707, 5.680314927128195;
  -2.945632347532337, 0.5436385659032686, 5.682474681253989;
  -2.945682500575951, 0.5699491375833836, 5.684159535758617;
  -2.931369319398216, 0.645654556273605, 5.6743478188771;
  -2.911908239382485, 0.5111836765726159, 5.659978360087442;
  -2.912566729858369, 0.5896281061634576, 5.673895336195097;
  -2.896509443371249, 0.6828722955925708, 5.689956060553396;
  -2.885209660216265, 0.5156381337636899, 5.674709815133877;
  -2.873676336718563, 0.5785503588050361, 5.67592088150798;
  -2.873307030570145, 0.6558684508805578, 5.677027468568132;
  -2.854782261611071, 0.5232258036747832, 5.682538330957144;
  -2.835102391734278, 0.5512383115854502, 5.673288601151406;
  -2.834711724382198, 0.6427509441078072, 5.673000823358096;
  -2.833848390010295, 0.6118240876337864, 5.683787692309145;
  -2.821076683593839, 0.5805103414235374, 5.680450480647639;
  -2.812180087256382, 0.659227378640162, 5.667986793170891;
  -7.393103428878934, -0.7151083510686677, 13.88142710461752;
  -2.689019187859981, 0.3848831354509115, 5.730163781278155;
  -2.366461404562928, 0.723313181973871, 5.343451397174468;
  -6.242744296464923, -1.157347576244623, 12.52020535272924;
  -2.338634759151561, 0.7353958796044642, 5.373686140584597;
  -6.460062431833324, -0.9086508638274969, 13.29631001008925;
  -6.074801134739696, -1.963866882656852, 12.69228669396906;
  -2.672946305590053, 0.3164216485880973, 6.146026844717561;
  -6.142492866985543, -1.977711093956258, 12.98517319733197;
  -5.996133995427825, -1.867848612594181, 12.79608150122639;
  -5.696424014316344, -0.6569339089719551, 12.2461898701277;
  -5.801100405043007, -0.3925154605766207, 12.45405135534835;
  -5.82511043141808, -0.563770748053102, 12.54387531369438;
  -5.856961794843402, -1.631062230775828, 12.63546407519495;
  -5.516472438323743, -1.305270570825605, 11.99910863860129;
  -5.884079650066748, -0.2719565847835148, 12.77109898296149;
  -6.015695948836944, -1.062421505343352, 13.07615179381192;
  -5.517631942043239, -1.34253983656039, 12.08626832228884;
  -2.605871659659369, 0.2378823747782331, 6.285982984559335;
  -5.831330522212916, -1.868180435510187, 12.91982372548832;
  -2.771746497184778, 0.6713973316920383, 6.660779768493804;
  -2.651981119591951, 0.3866169373052824, 6.437816738250461;
  -5.588205803017163, -0.5029075669108356, 12.58922987474927;
  -5.639525545868778, -1.889796489797137, 12.711523241681;
  -1.599004718415007, 0.7311383674583403, 4.318827865157148;
  -5.254608431286528, -1.129369056597195, 12.00552757467476;
  -5.059483044506624, -1.024087260336857, 11.77201685443388;
  -5.034666210125061, -0.9467620167942669, 11.74177286562384;
  -5.049877399887796, -1.068306801502706, 11.80734000575959;
  -5.163180624815122, -1.172174790689446, 12.09179084098248;
  -6.044608511221679, -2.388649173394106, 14.01007745751019;
  -2.619896305199964, 0.6805311967910962, 6.66054563827973;
  -5.03180240252581, -0.9493555004607079, 11.91214546833959;
  -6.179028049292288, -2.304833528413572, 14.46175418825956;
  -6.184046932267738, -2.331549204532035, 14.62810744296728;
  -6.455311689826431, -3.042165004881301, 15.31316552116154;
  -4.902751242545737, -0.9774939223815897, 11.90541096280812;
  -2.576522550485908, 0.6934979244413836, 6.7221309814043;
  -5.022528416513549, -0.6739312394867311, 12.19825294627041;
  -6.26451217237137, -2.412782092364063, 15.05465737389858;
  -6.11862119551445, -2.446363185097899, 14.74525945786184;
  -4.952653905057915, -0.8749013029916545, 12.146376735725;
  -5.690747457596619, -0.456857058007913, 13.86139047099284;
  -6.099367051757599, -2.524704280112469, 14.83554923287321;
  -4.904279956465035, -1.806695030128826, 12.1363143178168;
  -4.989843135875299, -1.645872388231549, 12.35269021084501;
  -4.968407051171712, -1.710552940538459, 12.35142083018877;
  -4.797682370014509, -0.9857061410171637, 12.0114126732106;
  -5.450990055711519, -1.556962329316698, 13.50645503557536;
  -4.883663563893265, -1.072878161643429, 12.22915919199079;
  -4.865228915967768, -1.667198490232696, 12.25711349760323;
  -2.495262993285039, 0.6484375215829976, 6.76447393857236;
  -6.201066059111589, -3.163301860006345, 15.46044038755243;
  -3.366057588709464, 0.1657712342997586, 8.920450131119248;
  -3.370182943334714, 0.2647659055000334, 8.96154174876318;
  -2.475409134760533, 0.6885562270929878, 6.926616534616694;
  -5.670421036185337, -0.4952691916110656, 14.66327628427054;
  -5.737282793671857, -0.2941904854039937, 14.84584680045707;
  -6.358537138301361, -3.531152315235773, 16.44935006774444;
  -5.773727821361342, -2.237505910135887, 15.07059988898454;
  -5.669340717701185, -0.07700815885404488, 14.80847123290203;
  -2.390061249733124, 0.6829931424783372, 6.824734821914507;
  -5.625354652912279, -0.7639080207334582, 14.76496306610835;
  -5.595941882424611, -0.2900452988300598, 14.72605775496003;
  -5.689517957525992, -2.31081245755398, 14.97801313081317;
  -3.185088798057064, 0.5292631901428593, 8.841700529753441;
  -3.255607909771441, 0.2515891346834999, 9.127483047740007;
  -5.724671076450029, -2.170442619887486, 15.41803545542021;
  -3.121264517712692, 0.4745402759326752, 8.879168810080007;
  -6.191789314061989, -3.291405198198488, 16.68340516846975;
  -3.052044936322685, 0.5954948804327451, 8.738961045302972;
  -1.943336251585708, 0.7224562614257422, 5.933870175849816;
  -6.112024368013277, -3.332696555102989, 16.6104278764175;
  -6.03997257388306, -3.110742174163244, 16.58231246843672;
  -5.796278493233127, -2.168306853969117, 15.99910654046723;
  -6.156488609669771, -3.30880175625168, 17.1537565737736;
  -5.747967595439084, -2.163196684626879, 16.22238744911881;
  -2.928072401461681, 0.5545631303467306, 8.834049541993375;
  -6.109307023068512, -3.180183888789613, 17.5578573642901;
  -10.47123271644305, -6.75443391279949, 29.46363501600531;
  -10.09307806031741, -6.188870471406803, 28.90580826013913;
  -5.940877957532815, -3.323649673933188, 17.49196697678228;
  -5.929479091235532, -3.111830511708601, 17.60915641942773;
  -5.827790583621428, -1.559518684903506, 17.44568375912823;
  -5.83557169840501, -0.4825826263588545, 17.50528973032096;
  -2.76630060377399, 0.5244902371158625, 8.939864891062346;
