m=[-3.78753722416359, -0.284807425593522, 5.584281170062569;
  -3.826723242158824, -0.3215528543004027, 5.720855628025326;
  -3.7683393145877, -0.5116468181094768, 5.740418526182268;
  -2.766660205988532, -0.5229729821099904, 4.542525244858484;
  -1.922311913779575, 0.3891581681400376, 3.744805738008476;
  -1.914524212589132, 0.4513624310841688, 3.760926335464914;
  -1.903710514287387, 0.3832694681125997, 3.760099953611549;
  -1.869684416620768, 0.363528909580299, 3.74140253963681;
  -1.873460965874807, 0.4044777237217344, 3.757559655413374;
  -4.191048628250559, -0.8349228202331249, 8.256555966268927;
  -4.103047783503706, -0.7606674535977556, 8.228913180156486;
  -4.079649255650829, -1.212902786207887, 8.571219654673923;
  -1.74737359193176, 0.2547394555149524, 4.241836744239715;
  -3.805483275617066, -1.0925555084685, 8.145118592779575;
  -3.83908163036989, -0.2597608710626532, 8.241905232399892;
  -3.867064670062246, -1.076910409908993, 8.342577333874097;
  -3.618419711730748, -0.8561661125696783, 7.870575210252789;
  -3.900573779224191, -0.6888734905272879, 8.478569271766338;
  -3.793188970106875, -1.215222048407833, 8.40414253051973;
  -1.731658111126474, 0.4498068738289102, 4.402383352410901;
  -3.644715993182823, -0.3280042498117984, 8.21089435209778;
  -3.446338852127859, -0.7407190295983569, 7.874062675068589;
  -3.325474765293457, -0.6731075708231419, 7.737459468024881;
  -3.365809342014229, -0.7641252839411137, 7.88247894692203;
  -3.349288839983544, -0.6319138806551599, 7.929010856496108;
  -3.240081557671277, -0.5720418914015228, 7.713944298041787;
  -3.362533534316678, -0.4749361269585553, 8.01569815293049;
  -4.042535082909217, -1.507902266270577, 9.461382631714139;
  -1.648084658227044, 0.428283485153915, 4.467835955223607;
  -3.171720944984997, -0.6323669698573953, 7.701928864289148;
  -4.039052663107722, -1.522829649722342, 9.554212147946364;
  -3.296235569346306, -0.4422943861474146, 8.005592385137959;
  -3.275995182938085, -0.5787144648286094, 8.034373578123267;
  -4.062198532104843, -1.564559155478502, 9.762133970352322;
  -4.00997946716731, -1.603280515006909, 9.663645742185725;
  -3.299024213363654, -1.215332465411483, 8.163888511847658;
  -3.28330211479646, -1.130394919195827, 8.162263219342309;
  -4.007318279712632, -1.65874483806447, 9.747038852718031;
  -1.623630996484664, 0.451626851267501, 4.543196172480313;
  -4.361487249077334, -2.477895767725132, 10.58542434541513;
  -3.63645567960482, -1.038678193779133, 9.010404462943763;
  -3.248181587633364, -1.113074745800895, 8.183238870791698;
  -2.146712362112306, 0.1789686251742287, 5.786555425303606;
  -4.078447824240258, -2.080507039495461, 10.16834829033301;
  -4.110577487731844, -1.962196514690387, 10.24615238734342;
  -2.090102535500774, 0.3473103595540634, 5.802055097066439;
  -3.680527523306307, -0.3214667622629447, 9.517563440475781;
  -3.750456775907088, -0.1923120646253975, 9.704717150820176;
  -3.762016017744238, -1.457902646984129, 9.819624328257042;
  -3.699801357224149, -0.05025538326810176, 9.663981174185169;
  -3.706880667017984, -0.09739925570101492, 9.681571794790616;
  -4.223609810783422, -2.345541000643528, 10.9263553575306;
  -3.651446102956121, -0.1892594309136901, 9.609000116698406;
  -2.041015296953535, 0.3103049923205178, 5.806146599483487;
  -3.702556860681798, -1.503803060705317, 9.747213330000463;
  -2.010287020368197, 0.3922339460283396, 5.7560816853643;
  -1.921753203185018, 0.3639710109559213, 5.797965581706974;
  -4.027843949294307, -2.164762737057605, 11.2227373432999;
  -3.782028389380753, -1.42333288022794, 10.6739519416888;
  -3.97745136849197, -2.218389265253007, 11.44117359399522;
  -4.006383317439325, -2.085512420692945, 11.51415480817328;
  -6.926016845835656, -4.467604180993121, 19.48821480588054;
  -1.477336956614301, 0.02455805863775049, 4.928575058208127;
  -1.807165444646733, 0.342638334849526, 5.840223903684747;
  -3.891403605894771, -2.042234787891456, 11.55655222540765;
  -3.802566111417412, -1.017567947277074, 11.38310735451016;
  -3.802637062456622, -0.3144656043196942, 11.40698237599476;
  -2.761011975294513, 0.04888803199937456, 8.579832041338491;
  -1.706967811432626, 0.3138920355105712, 5.849525029628921;
  -1.869376878377354, 0.4270978089609205, 6.347693605885485;
  -3.83099556391187, -1.473196404701881, 12.03357905194941;
  -3.823135507706156, -1.465054773565361, 12.26783456556655;
  -3.799955818206393, -1.538864363683185, 12.27667433547017;
  -4.050903263050705, -1.786251574847742, 13.10874760351556;
  -2.746703424435245, -0.02472151067063476, 9.214835180955053;
  -1.759527131679854, 0.2387042419297495, 6.268825362163701;
  -3.873093418416738, -1.473520702435367, 12.83576175886897;
  -5.94748548910768, -4.573360542670008, 19.63919991421484;
  -6.137704962360339, -4.966537039521562, 20.2712255523578;
  -2.883125859605712, -0.6485848075165169, 10.07881686226993;
  -2.417345225217994, 0.03324300681644532, 8.640461484737859;
  -2.385343266640313, 0.09299647844569262, 8.540091343712888;
  -2.807376531248036, -0.5593035027735197, 9.951148692657581;
  -4.02178681623664, -1.725024124699966, 13.87890196340886;
  -2.829434211352058, -0.5372865939605692, 10.12244746704616;
  -3.728234174641445, -1.737297706221958, 13.16026196447701;
  -2.711301051425035, -0.4368429998194044, 10.0409431853151;
  -2.63011750157067, -0.5699365180094678, 9.942290691082791;
  -2.636080784764592, -0.5631793456288747, 9.985300825147123;
  -2.544142171178541, -0.5843339460306734, 9.711283276008835;
  -2.113553236297942, 0.3333520582457568, 8.358787357766673;
  -2.05942679244461, 0.3814587069913381, 8.195093540884839;
  -5.254200334328582, -4.705546235727026, 19.80320498420629;
  -2.605027569109346, -0.5492546470043224, 10.32814494011642;
  -5.336244047611723, -4.947719979937543, 20.35506175145601;
  -5.134538473340068, -4.585279987695732, 19.71609104888928;
  -2.299132297065254, 0.0708958983831762, 9.334174483802283;
  -2.438754713507746, -0.8800745250352147, 10.00580764500266;
  -1.98781120625053, 0.2114570267972519, 8.444942239440312;
  -2.309963768359538, -0.8654192825383424, 9.674133829281773;
  -2.406457615450299, -0.8821936809611493, 10.12744060556799;
  -2.408108933715109, -0.9686460388593012, 10.14801518607669;
  -4.744962073277471, -4.532056894851317, 19.44923462753338;
  -1.929875916716092, 0.3402518014419676, 8.499786001682425;
  -2.134040843062691, -0.6807897002634878, 9.753852839392447;
  -1.816399981250867, 0.2093136375704601, 8.461579427906232;
  -2.40666094285939, -0.08897383302934654, 10.94614885947731;
  -2.142920791688039, -0.8223240412797547, 9.907768617220583;
  -1.808712025053744, 0.2055159292095749, 8.631047589224146;
  -2.131344746363433, -0.7848962866946316, 10.07321150161676;
  -3.8681665892354, -1.909311182585178, 17.68855331121851;
  -2.379835077636707, 0.03669213211722126, 11.62827438151118;
  -1.804173572932066, 0.4024959768542805, 9.086976749524597;
  -2.438312705983532, -0.07210825130077404, 11.97329807840665;
  -1.91448170783136, 0.2403448855986838, 9.825515910348043;
  -2.159237136404261, -0.01776180584839998, 11.28292425751482;
  -1.848081560878103, 0.3195583515579673, 9.901350756387084;
  -2.200835941110861, -0.08024642077111924, 12.03891751576105;
  -1.985349686463668, -0.08999973114116183, 11.28387554072534;
  -1.865672603806903, 0.1575358446989364, 10.82078552344053;
  -1.887290436206278, 0.2557972204982321, 11.25970864491881;
  -1.855944972140076, 0.0957168991125191, 11.35292541380567;
  -1.655783791338751, 0.3284609571482333, 10.50469366086831;
  -1.799984552828821, 0.1827392281164979, 11.52531477116291;
  -2.618503463897955, -0.136611165543591, 16.61502948510406;
  -0.6579752018265739, 0.3579524579503224, 9.503512718593356;
  -0.5642741723780357, 0.2885069291440331, 9.605625307189554;
  -0.4885001488333643, 0.2989301697666215, 10.4474213458438;
  0.5674584734273683, 0.3103704302728473, 10.53097292709103;
  0.6022342942408655, 0.09487797693374819, 9.794656377059321;
