m=[-1.396949085824456, 0.3015994443874588, 2.801830206859693;
  -2.903258289985207, -0.8085070568756029, 6.263318271329244;
  -2.885520147564641, -0.1333660064657353, 6.26287637378594;
  -2.434314402788258, -0.4297823343180928, 5.795584269343451;
  -2.521093839031077, -0.3560882089022253, 6.009851507099543;
  -3.068006064158514, -1.146032711785974, 7.153751695665074;
  -3.032314954142009, -1.143262914505045, 7.172815704010132;
  -2.463264849981197, -0.4351431915444716, 6.041153579737343;
  -3.181129179048921, -1.499156094935149, 7.546213103814143;
  -3.025546169658304, -1.165291632757559, 7.270887133718351;
  -2.993465732441643, -1.196855325684471, 7.213950250005506;
  -2.517505312984461, -0.9274275485224059, 6.229912657183564;
  -3.063916234521192, -1.462569620600466, 7.637212224962086;
  -1.517327435253861, 0.2306863054122808, 4.316393679974837;
  -1.49859677311292, 0.2923963194647486, 4.290952163577817;
  -2.949144835636841, -0.3684005686283981, 7.532032100578796;
  -2.828135895873763, -1.095993953555118, 7.382007922281809;
  -2.792607509750841, -0.07337649019427608, 7.293687746920134;
  -3.146944421399048, -1.747625253708927, 8.141053406689254;
  -2.728743457081476, -0.1414344945085176, 7.180852587775687;
  -1.43156226955591, 0.2711311554642188, 4.319050309477427;
  -3.008207329439093, -1.640281779032896, 8.175296411522753;
  -2.858963765749564, -1.069498426578587, 7.891419630192528;
  -3.021624451279897, -1.623970565855432, 8.419119010990553;
  -1.340630744938598, 0.2541834160533296, 4.332521820732151;
  -3.003612922050048, -1.563522898226543, 8.632240459312392;
  -5.221097076066434, -3.367851341630832, 14.6909635950302;
  -2.940382625562561, -1.543132580372559, 8.732243893571054;
  -2.858099007520664, -0.7648282383480688, 8.555813858105296;
  -2.85585441711392, -0.236169787012652, 8.566865695928321;
  -2.862252030233242, -1.100669350810889, 8.990648905174966;
  -1.306240012959036, 0.1772095618519998, 4.653858627626187;
  -2.875051705235655, -1.101741807611196, 9.225584240000705;
  -2.909138049581077, -1.178110769626841, 9.398672547853272;
  -3.04329887416165, -1.341946981624469, 9.848133671156688;
  -2.847452218103103, -1.083314895690174, 9.436699388024367;
  -2.13716333712173, -0.4807739027487402, 7.471084832402472;
  -4.473857450726567, -3.440203961179041, 14.77313076651171;
  -2.861393975472646, -1.227308622633624, 9.874468309445298;
  -1.949618540517645, -0.00965902402417705, 7.069990188986652;
  -2.11305630038279, -0.2901458472428669, 7.822411383332717;
  -1.966656458672266, -0.4261670185864829, 7.43429530807589;
  -1.98757145101995, -0.4246300779723675, 7.528790075255873;
  -1.786671927892053, -0.04034702572904422, 6.896152926298551;
  -1.579388443992845, 0.2491029700755359, 6.246245389954851;
  -1.544556107093565, 0.2860914394476262, 6.146264496127822;
  -1.724610647831758, -0.01686839421553043, 6.779845603570855;
  -1.566066650168946, 0.1547664853966488, 6.300243194143794;
  -1.510083980329953, 0.2332911737339273, 6.234860173692297;
  -1.800742830492134, -0.6498348860088832, 7.38815030483577;
  -3.93703312870928, -3.650383546702487, 15.01778249596213;
  -3.871867742355839, -3.457681302070368, 14.86756742283916;
  -1.471912392444016, 0.1565773536408035, 6.253217154939158;
  -1.437436579574222, 0.2534310011448577, 6.330926880605578;
  -1.391213198457267, 0.1976630485316429, 6.264025201749569;
  -1.371759935225136, 0.1580753495260778, 6.390253120314193;
  -2.087958268122466, -0.01286787414371335, 9.246903547263321;
  -1.356885659939011, 0.2097236315984412, 6.39765281579769;
  -1.349846493457759, 0.1533770730500974, 6.441373287621656;
  -1.609235945751399, -0.5926227187745711, 7.605608649288868;
  -2.949927763719877, -1.456072259856358, 13.48958306449692;
  -1.783936573502702, -0.055084229585247, 8.544763389267235;
  -1.756119736888245, 0.02707573226609938, 8.580696342875337;
  -1.864605833622544, -0.05514201098891034, 9.156119061313461;
  -2.878720403215836, -1.863429560710261, 14.46414916931896;
  -1.479659597768109, 0.2298521499577369, 8.297976788879952;
  -1.557430220050617, -0.07060131624738904, 8.851764949135195;
  -1.397752218479807, 0.1180250361015748, 8.106876276266849;
  -3.091570626134343, -2.320160327627008, 17.16698424093547;
  -3.05130198146514, -1.962115656038601, 17.1673731852531;
  -3.264942199177618, -2.720902103345594, 18.38386013240655;
  -3.249530297766503, -2.582663212810626, 18.64164749583998;
  -1.44655678733345, 0.001117330670414269, 8.985747202577555;
  -1.233583371998417, 0.2447082627624599, 7.826151877901317;
  -3.250068331899214, -2.088416808414626, 19.23521837989367;
  -3.124818964273326, -0.3005138321342888, 21.12787242079257;
  -2.3200429395347, -0.06051863873927048, 16.78850128766586;
  -1.992977631917887, 0.06141422692115369, 15.16872418445352;
  -1.939554391488823, -0.03604222078129278, 15.26674988565115;
  -1.877041293731644, -0.3198148814524784, 15.10889072819334;
  -1.856485007277103, 0.1676445646321093, 15.0037412339896;
  -1.89047113823033, -0.0981776308913186, 15.41705975735348;
  -1.880709369297544, -0.242737600891079, 15.62519862601691;
  -1.773717888520535, -0.05327471387725054, 14.89659060668456;
  -1.791998963021786, 0.0873897878571426, 16.76964836201811;
  -1.729075184314067, 0.01916512104461968, 16.59749298602539;
  -0.4329741436211678, 0.2213747264888514, 7.370508158824428;
  -0.3895429556534681, 0.2383748339544611, 8.331050460755083;
  -0.1392750669073701, 0.1620249768501204, 8.264536017192697;
  -0.06743100761226398, 0.2216254187778536, 9.884926792654499;
  0.009111929363603478, 0.1920057551981385, 9.097821940243044;
  0.2767363012057172, 0.2620738314187913, 8.800311514192027;
  0.4316129319349137, 0.1260913278995191, 9.797482120320558;
  0.4231176233925653, 0.1225293156921104, 8.657963745187811;
  0.433930086701705, 0.2373373101726717, 8.052934636266055;
  0.4628733798083737, 0.07292259885010868, 7.528109482748631;
  0.4962068921998714, 0.01473512153631881, 7.75288471471877;
  0.5405960804505104, 0.008057285636578171, 7.471731288427387;
  0.5808403106067909, 0.08824248936712742, 7.426811292041318;
  1.08253971515115, -0.1890774865682325, 12.22890449664364;
  0.6050442614916797, -0.899672947742116, 5.742287280844815;
  0.6463319140484016, -0.9321354583103076, 5.971028811696099;
  0.6720555970875195, -0.8864688113022456, 5.794450032228664;
  1.258422017949122, -0.2761033115659372, 8.655634704158146;
  1.25368396126718, -0.2804533384035181, 8.270122816004754;
  1.409152623918242, -1.904956663076999, 8.739856414682457;
  1.291264017434611, -0.4944263416365211, 7.888229869705739;
  1.401931731570787, -1.879774617322088, 8.322068567267383;
  1.458400528232763, -1.812274848024215, 8.629769082226131;
  1.427689109736852, -1.578032202820764, 8.060960929141833;
  1.558098156134463, -1.786736985860021, 8.293361514271883;
  1.341493636065113, -1.465076412731066, 7.269303853594276;
  1.337536417969585, -0.1550689351659651, 7.26940284172986;
  1.172609774409177, -0.437916325139685, 6.174729193574413;
  1.473288498235031, -1.130641698819836, 7.281723331235303;
  1.222243527199693, -0.608778783732551, 6.201820580582488;
  1.204971816989399, -0.6535593768409228, 6.08659563825406;
  1.223122479897828, -0.5921059810385245, 6.145441257133579;
  1.448161807832058, -1.232256629972, 7.054693468309443;
  1.415192561065529, -0.1059590245591419, 6.931691762693204;
  1.248032694703309, -0.5881315882508753, 6.136519215547936;
  1.246010134737658, -0.4856521502936004, 6.103303506715504;
  1.244982077185995, -0.44930109898438, 6.091949000714323;
  1.536324713480664, -0.8606938380699504, 7.153141125506164;
  1.643244190325461, -1.162358645395113, 7.389843789242685;
  1.589386216750997, -1.339757358487886, 7.137122305977095;
  1.703900719224621, -1.254725239634779, 7.552354810403011;
  1.340634475932232, -0.4954260869281356, 6.094887192093168;
  1.322932171913247, -0.7244445487057387, 5.850129511742766;
  1.321325323350771, -0.509634390440104, 5.842282455745338;
