m=[-3.140300949778747, 0.3726856630113365, 4.452580289506536;
  -2.659256198231116, -0.58902065915729, 5.554909297520972;
  -2.920558985404039, -0.805527207989359, 6.04667458644829;
  -2.857619045439029, -0.8382874227260987, 6.006637935974939;
  -2.862230168370278, -0.1246088601848881, 6.02414766005586;
  -2.841016469747195, -0.142430246307672, 6.01972410512135;
  -2.495597279048165, -0.4952815178780165, 5.553473954739125;
  -2.440660954194852, -0.4201833881810755, 5.560736517254499;
  -3.043342943593605, -1.138686866471105, 6.944618362002535;
  -3.229458600012213, -1.514439203289463, 7.399551355216356;
  -1.540246857865186, 0.2625855552417116, 4.031811637514463;
  -3.009664751005944, -1.193392766119051, 6.996740351196316;
  -3.186304295511201, -1.576672788135666, 7.458027168199104;
  -1.502431920237381, 0.2347288844883322, 4.031932369517343;
  -2.982211213657446, -1.449153070691717, 7.272272763684662;
  -2.75547391422044, -1.187159988062899, 6.956944162453558;
  -1.422088764044565, 0.2759833804720842, 4.046586016006832;
  -2.73918918883331, -0.5390323558360436, 6.927927529172504;
  -2.822196728001398, -1.082905003863779, 7.115003526488486;
  -2.824327554277902, -0.3765288185028347, 7.146538148898984;
  -2.785676357027537, -0.204639492202711, 7.060847012089887;
  -3.18014869043816, -1.755438138560096, 7.963150880869494;
  -3.15289516580473, -1.710946127457488, 8.005320080247181;
  -3.029864602288738, -1.599075615613208, 7.853102305894314;
  -3.143581731234752, -1.661576132100943, 8.190384946406981;
  -3.056223958487474, -1.587430003650487, 8.003569602465145;
  -3.018660778768222, -1.635189042998832, 7.938435247201668;
  -2.830255320181831, -1.082815782269738, 7.517736119219365;
  -2.871711529456711, -1.062622760638659, 7.667458403944395;
  -3.072631008178824, -1.559413753806199, 8.270576612123154;
  -3.042789875366474, -1.624018532837234, 8.2164571576453;
  -2.881138739358098, -0.2131187231783547, 8.284007261942742;
  -2.925553679859419, -1.52127201616816, 8.440658636286209;
  -2.882594826442863, -0.7621561384166675, 8.37114941243798;
  -2.827275757544754, -0.7218745262209591, 8.269207084691962;
  -2.905197816449978, -0.2006783273077561, 8.522731056303497;
  -1.282080438557758, 0.1812677649247382, 4.333071976938291;
  -2.959042590637577, -1.295259894619273, 9.320387458004902;
  -2.773208002795177, -1.045535177239477, 8.946398219934537;
  -2.126696395339284, -0.4767260285401621, 7.198328459708776;
  -4.560431551429224, -2.647046177206624, 14.38473270691588;
  -1.87141920562744, -0.009360899109967033, 6.662952410638042;
  -1.565070312108571, 0.254692470681227, 5.949016674403544;
  -1.971075292691819, -0.4435364574018433, 7.275686703942982;
  -1.560862331959119, 0.2887464427690772, 5.940446981865688;
  -1.732174269568653, -0.01986958160009654, 6.554778622653481;
  -1.879122962136803, -0.497478344662711, 7.086548714090098;
  -1.922290389167685, -0.3926565666388461, 7.363377050091637;
  -1.495735409021177, 0.2369478006658641, 5.935225449845407;
  -1.491879384252177, 0.2122570612952759, 5.936793014579849;
  -1.821290901840309, -0.491743148815185, 7.091198910657373;
  -1.714377997521245, 0.05936376918836424, 6.717177561359783;
  -1.688760754395279, 0.1008649778284386, 6.692842741925194;
  -1.449376016507644, 0.1610564637308392, 5.923924689194914;
  -1.821841527274049, -0.4147447140544265, 7.252725535144809;
  -1.784977808523307, -0.5191815787116906, 7.26456062921881;
  -1.442316008431833, 0.2604985963918683, 6.105897925380077;
  -1.785155228580643, -0.5944860655679607, 7.406093608188725;
  -1.378892462926149, 0.1361767462086899, 6.054415057243574;
  -3.116024485178402, -1.441965902326222, 12.93136909089717;
  -1.340559139062797, 0.2123345019499753, 6.080281838056887;
  -1.339643113857648, 0.1578139997495528, 6.148343150211334;
  -1.302033272474338, 0.195070975215365, 6.100768851141129;
  -3.195524765740417, -1.483347358430813, 13.79508096127689;
  -3.109609054000232, -1.570560684625318, 13.49441930228416;
  -1.819022813252525, 0.01033869901649303, 8.371994770422779;
  -1.766465126378031, -0.0482888212758425, 8.237434001185912;
  -1.806546285104384, -0.004042990888214291, 9.016717170002195;
  -1.729985912392317, -0.05860233352514307, 8.699359988976744;
  -1.495277169801158, 0.1811316503071866, 7.804935026992169;
  -1.390988904962312, 0.1223028689782194, 7.824179601965895;
  -1.408551387801363, 0.1956783044680444, 8.159589892707304;
  -3.410484197512103, -2.547820119571836, 18.62119355169292;
  -1.442762255768996, -0.02311702932551275, 8.389039951230174;
  -3.236065373650431, -2.075785414037595, 17.91670555186032;
  -3.459655742909905, -2.86898318841099, 19.17404905423959;
  -2.917175780295116, -1.838539629127857, 16.45042336453772;
  -1.442695391837445, 0.07831981497927294, 8.560002809141906;
  -1.438776769806033, 0.04538656437174243, 8.602573581659552;
  -3.350560236001386, -2.370580029619036, 18.96420065957167;
  -3.517416702512964, -2.783436853645878, 19.87741141605747;
  -1.397279799886572, 0.2015563869145805, 8.449182589484144;
  -1.490386840728141, 0.002446991483220441, 8.977500858378676;
  -2.960156073721764, -0.04509308916660585, 19.92700527997253;
  -2.288267824979172, 0.09939990007241002, 16.00877737804603;
  -2.545795795022138, -0.05821543562988498, 18.17520799457153;
  -2.189624802910637, 0.005264701331146837, 16.35725586276931;
  -2.161730600028501, -0.03323017008339492, 16.75340112612867;
  -1.941455931897115, 0.180442168122091, 15.4343387089523;
  -1.807017856923628, -0.2263012595807741, 14.79728582911076;
  -1.999808479699411, -0.05215057352763444, 16.48635761776999;
  -1.291470160211978, 0.2307997032544417, 14.41375999644126;
  -0.5233099810987953, 0.2572820639669198, 6.451607066106627;
  -0.4666120493729754, 0.2559976501888367, 6.530743834887993;
  -0.3506870118826232, 0.2185634082978638, 7.349404875290544;
  0.2584670073904589, 0.2557688125960456, 8.229607319275303;
  0.410092531694753, 0.1180853944770088, 9.020311705515276;
  0.4195427118500889, 0.1219788286581698, 8.320670940057893;
  0.4628063419222563, -0.04469811773951916, 8.120449876114405;
  0.4680619011814421, 0.07342729791298679, 7.332915618262645;
  0.7022785671342333, -1.078376872710371, 9.45960578108714;
  0.5383826538352724, 0.008371753675257864, 7.182031358715816;
  0.4539600472448082, -0.8559268218520835, 5.730048221712849;
  1.00941944195872, -0.1592071263600207, 11.07977553741642;
  0.6019135468625125, -0.9981747248440193, 5.902858389676924;
  0.6316252899887077, -0.9122957194116299, 5.613135503175299;
  1.241877625564932, -0.2708471361313314, 8.291878062768147;
  0.488223414462524, 0.08272202299941858, 3.854867431795368;
  1.258164422773066, -0.2831032631111367, 8.041975854083001;
  1.452550214954285, -1.80923932613108, 8.360842083488926;
  1.545649300376543, -1.84888643987285, 8.786916803983562;
  1.351606638166335, -1.478692965424565, 7.078827602177727;
  1.344641665071688, -0.1257206819382521, 6.909520809472658;
  1.187052647680897, -0.4422476798332, 5.987163825511606;
  1.476361492029318, -1.135514008279258, 7.0501828696647;
  1.223155874044812, -0.6107485700692803, 5.96113561700157;
  1.209403022340221, -0.4474487776164329, 5.87350739016608;
  1.229921602543586, -0.6701709222825713, 5.957182375388123;
  1.446903386513069, -0.1087313849760152, 6.818209027128116;
  1.231742448064356, -0.5974450717705404, 5.930030884361273;
  1.19106191023848, -0.4406630262676646, 5.78443314817768;
  1.546953694649077, -1.19798439788333, 7.044726364096011;
  1.60510540560039, -1.152568247856274, 7.023354075560589;
  1.370681020399988, -0.388781000942992, 5.811794566963695;
  1.718676006102127, -1.483955576866671, 6.980869789020157;
  1.337771158377605, -0.5169991349137516, 5.661521061952871;
  1.333034585020384, -0.7310180886572143, 5.644384030004224;
  1.366834373495615, -0.6690992926036364, 5.68678579163043;
  1.786672011715049, -1.507224360053826, 7.084339296015405;
  1.389865043150956, -0.5349921116953058, 5.65414204267501;
