m=[-1.932334091516756, 0.4119776235555298, 3.4265630871089;
  -1.875253777336298, 0.4140849031712416, 3.430539139000871;
  -4.547539750154493, -0.2827162304393164, 7.84348494640934;
  -4.420956720676615, -0.7790308369361407, 7.909272957928097;
  -3.884591357791593, -1.07141956257684, 8.042590462745118;
  -3.859380675770708, -0.1668711903142652, 8.043895519986746;
  -1.685771126229928, 0.4630088986702988, 4.073538447493688;
  -3.785650301629029, -1.110526975161353, 7.957334533584199;
  -3.825180673994848, -0.1665314722257854, 8.050873567466326;
  -3.80504605026933, -0.1907604732049021, 8.062370519077378;
  -3.817055074891599, -1.088259657559877, 8.121612224363433;
  -3.66533787505534, -0.31645463490317, 7.922266631567545;
  -3.755711927227233, -0.6087973166446253, 8.151888830997134;
  -3.351766759546417, -0.6651987250420427, 7.458715217304954;
  -3.334436913908993, -0.7438204812104595, 7.479146081737445;
  -3.304386647365261, -0.6124326785525839, 7.49412701053757;
  -4.401495853187645, -1.967273737294477, 9.664961751546153;
  -3.309782134334679, -0.5209766087859856, 7.512678234894928;
  -3.251529054924966, -0.559782174053868, 7.408196669659904;
  -4.486127396278114, -2.202854046988418, 10.04449296773491;
  -3.304814296182556, -0.4329346999597113, 7.692317375856716;
  -4.047596194736136, -1.514434854417748, 9.236228508228786;
  -4.323268588279378, -2.066168457833309, 9.84449275807836;
  -3.316398543580517, -0.5759308581070635, 7.790883777815592;
  -4.266310204878257, -2.000665816752412, 9.775255040631544;
  -4.414318942204011, -2.314396917423699, 10.08342181221403;
  -3.325452018409242, -0.4567531932610177, 7.850324105296324;
  -3.319305642801069, -1.079927815338843, 7.866872756553472;
  -3.980799613925472, -1.521621907243322, 9.246795958475287;
  -3.997820752050099, -1.585216547505025, 9.293963310488225;
  -3.475268660914043, -1.258586104393832, 8.213542366057517;
  -4.363537254250655, -2.19686322912925, 10.11926189042181;
  -4.222307316899193, -2.089316158246278, 9.882948946929714;
  -3.700848211215825, -1.053573482160612, 8.842981411909266;
  -4.191907835415304, -2.246961107999569, 9.974628246198838;
  -4.072744110436101, -2.062742309877158, 9.814080881548975;
  -3.998526814386185, -1.90122837043185, 9.658904522548516;
  -3.956387093731058, -1.922536700106451, 9.647849881513723;
  -3.889914540770618, -1.851356519821957, 9.533051228461183;
  -2.040664768621704, 0.3188184158637494, 5.476336215380387;
  -2.018186615386361, 0.4072282116214221, 5.451896365961648;
  -3.733020770588889, -0.2452092259461439, 9.280415988634926;
  -3.72834561438879, -0.3147332584865806, 9.301156090310448;
  -3.541670095572308, -0.7345321158932553, 8.898318016678351;
  -3.662459824599773, -1.577923035022743, 9.246877049162185;
  -3.758377487036534, -1.442126888866133, 9.475196682364883;
  -3.77002437030666, -0.08305736905916009, 9.501901139046836;
  -4.217529652519941, -2.328071144850005, 10.56077191250139;
  -3.719809996766898, -0.1800029159601676, 9.417162797847656;
  -3.737914290376255, -0.441377693178302, 9.575229484256399;
  -4.155745775969308, -2.255151778976994, 10.55159571101005;
  -3.830570277773467, -1.464299013339513, 9.837441102766457;
  -1.932101060662359, 0.3749609698193124, 5.497837639439545;
  -4.066527976433633, -2.11219092846507, 10.64933072374242;
  -4.047930085457349, -2.192737577246473, 10.64519441688152;
  -3.826226673646967, -1.415823110738848, 10.21601005648394;
  -4.038618688354455, -2.049669326461525, 10.87071801992434;
  -4.036542223639628, -2.154410803335948, 10.89989043083916;
  -3.798316892569561, -1.417339718133021, 10.37993106277348;
  -1.796445297307076, 0.3499314474963897, 5.485451266804184;
  -3.720267413135596, -1.383999280217992, 10.34362041484681;
  -3.696622139791259, -1.733089278398463, 10.39962263093835;
  -7.008376016533439, -4.500586422388883, 19.35321104770448;
  -3.822065473069322, -0.2827193645336518, 10.98941113178778;
  -3.847963742388707, -2.000920236338627, 11.10194922004308;
  -3.827633250381232, -1.012023663757734, 11.11557182474255;
  -3.848576465768917, -0.2658427881548698, 11.29024054115809;
  -1.86267244979186, 0.4331046677533197, 5.997770522076004;
  -1.753178017938405, 0.2478741982713438, 5.925249548818295;
  -4.081876056302058, -1.786757097468997, 12.85708645109121;
  -3.889127183579233, -1.491669292690312, 12.38884877387006;
  -2.546311886420922, 0.04385039522817628, 8.458246591961364;
  -3.763750466728187, -1.418982459068888, 12.14189863936498;
  -5.855665471893991, -3.39884871148216, 18.4702218823816;
  -2.815989186790818, -0.631239769048773, 9.531409913484461;
  -4.826208729339183, -2.431647623430002, 15.70824528598748;
  -6.045019787955445, -4.627064075282322, 19.58064461916331;
  -3.79903208355863, -1.621536768125443, 12.77656789785015;
  -3.325225705782494, -1.259217937072576, 11.33976106142175;
  -2.624013814219158, -0.004718123843582671, 9.179997813264487;
  -5.890833914145843, -4.530543397067587, 19.60869278518389;
  -2.525282749844616, -0.01263154560685939, 8.990951217676836;
  -5.720093399897258, -4.324959585145234, 19.31669230606093;
  -4.158389870712333, -2.006970676222006, 14.32177640451355;
  -2.710254188649119, -0.3655655071475287, 9.754606155865634;
  -2.666094588989231, -0.5262375355267516, 9.654830860912117;
  -2.633027130528284, -0.5606697657625051, 9.617594349244229;
  -2.712187853290795, -0.552388552959833, 9.903127886398959;
  -5.605581837309694, -4.658846421980856, 19.51583614465617;
  -2.128762085494863, 0.3464251227900081, 8.091675526951329;
  -2.063728920829749, 0.3913999390343246, 7.89616962880409;
  -2.33610499715722, -0.02679720492497996, 8.840133100148913;
  -2.541603187475278, -0.6728631238995106, 9.584894210142158;
  -2.59286124861292, -0.6494329084962844, 9.772081431453783;
  -4.999588219613056, -2.638890469903509, 18.11776864393297;
  -2.578846300705675, -0.5267679326861832, 9.878329399832129;
  -2.032911336778148, 0.3220448398112797, 8.066792449087551;
  -2.447836692351497, -0.6609086564183658, 9.530655903859582;
  -2.265370765740648, 0.1353042883457135, 8.978045142152793;
  -2.395392304365473, -0.8547230835572793, 9.496095195771733;
  -5.191558756914622, -4.783595263847993, 19.43501563800806;
  -5.232694581526085, -4.652795258292517, 19.71081119161386;
  -2.436429218931215, -0.5546564421722469, 9.699390504702903;
  -1.967567277729478, 0.2186385205042838, 8.041888537854256;
  -2.315666311523819, -0.8593184178977836, 9.359714251700675;
  -2.362590355025404, -0.687186913200824, 9.615346921477167;
  -2.372908353164205, -0.7902175274401978, 9.84451161771513;
  -1.947076284306983, 0.3516640154894566, 8.242749144712581;
  -2.322469759604648, -0.5739719236131774, 9.67300785628062;
  -1.863988454292878, 0.1840838858002839, 8.184365400221498;
  -2.903453063366716, -0.005031657048981301, 12.47479915737274;
  -2.436316658708129, -0.8343414943893855, 10.6615355495342;
  -3.829153390540707, -0.2219035544786446, 16.28040374576774;
  -1.83178579460987, 0.2901411157805746, 8.308304776440943;
  -1.8288360288251, 0.2154424007479698, 8.393512685858015;
  -3.935907737600354, -1.987896820352916, 17.08021440121516;
  -1.773962086055963, 0.2657754770462982, 8.312024636013181;
  -2.403275460694951, 0.01365938978930189, 11.06099903873517;
  -2.237847195230006, 0.08519834592714963, 10.44617302128377;
  -2.322165012761004, -0.0634796631984193, 10.82879064343792;
  -1.767723690241545, 0.2837424449843413, 8.514810571043935;
  -2.301847171656271, 0.04651025121722244, 10.94755420492485;
  -1.980420975647904, 0.2538832697198956, 9.809570279879935;
  -3.904314305608375, -3.004584288597263, 18.61190502388539;
  -2.246834177133292, -0.005028340641133076, 11.21425366742537;
  -2.273322879446302, -0.07700757829144649, 11.43156944678967;
  -1.992354666501712, 0.2413455485237357, 10.39954266461407;
  -2.187572818580351, -0.0505156210538301, 11.95736657164449;
  -1.881097752465651, 0.165395749120848, 10.58099501127539;
  -1.923328321059277, -0.03081702270955123, 11.18332425192174;
