m=[-4.414201876817852, -1.118860574948704, 6.273451301596856;
  -5.671564677268483, -0.2591255702903567, 7.818496105319164;
  -4.126686500079343, -0.8634278755451149, 5.993737739520956;
  -5.674230863325899, -0.4093216733735687, 7.871089644014835;
  -5.703296807482476, -0.262924373960605, 7.974675266468513;
  -5.838395965042344, -0.505102257567426, 8.186119556421192;
  -5.782319705872811, -0.4673424921687025, 8.136127880836192;
  -5.764028724448385, -0.7811999473269332, 8.136508185157748;
  -4.176504438344044, -0.8368401120179595, 6.213418185284244;
  -4.096907207189949, -0.8354895751579959, 6.124088189615305;
  -4.004938620994142, -0.8971925824545826, 6.08261372116968;
  -4.147505019073083, -0.7204562972242032, 6.292451423850663;
  -4.134679057316666, -0.7654055228690208, 6.293491800260151;
  -5.545563130039383, -0.1876679380829145, 8.522621823293061;
  -2.965746945323831, 0.6252075138003859, 5.145286174489598;
  -2.944904785910465, 0.6081477356572766, 5.15001262783938;
  -2.923924125928055, 0.5534816234986791, 5.142813974151235;
  -2.911011993147943, 0.6548593710311809, 5.138632742951264;
  -2.89389289109071, 0.5216540330574466, 5.126700066120706;
  -2.891609792245039, 0.6164971863245113, 5.127624368854422;
  -2.89117825930771, 0.6000930578971413, 5.131844727221462;
  -2.900424547509971, 0.5476456379423301, 5.155239034577114;
  -2.868002477830345, 0.6910336177521756, 5.140090891865603;
  -2.86944850364673, 0.5263045720807639, 5.144275300601659;
  -2.863516312648935, 0.5892940649635252, 5.154701574845355;
  -2.806061858107616, 0.5596800904973083, 5.117700764548641;
  -2.807293784769608, 0.6198936853713548, 5.135588217294891;
  -2.801800586001535, 0.590361925558257, 5.143119673561559;
  -2.812085262414316, 0.416908155432734, 5.161924904248095;
  -2.764538524744628, 0.5830964383704702, 5.135324307373725;
  -2.710164644788427, 0.3427090409771263, 5.211725729554309;
  -2.667946511148757, 0.3873546891068896, 5.183692914025512;
  -6.87486802421778, -0.4904850805634769, 11.9173867945031;
  -2.619605724223979, 0.374367332975119, 5.192995708726528;
  -6.53174798242743, -0.8326859109962457, 11.5015057308057;
  -2.628131098345003, 0.3376512303941568, 5.279555877097156;
  -6.630219259887371, -1.269308151994764, 11.913453357383;
  -6.875992448144065, -0.7251496461345859, 12.75896069520251;
  -6.401771569632735, -1.162160177651604, 12.03653131829571;
  -6.242296028730931, -1.00901600266498, 12.02533705932861;
  -6.212315191114798, -1.187012252260058, 12.21400104851634;
  -5.900161827618693, -0.8267801125363578, 11.78686623211584;
  -6.345817361968775, -1.262787259450263, 12.65735603722199;
  -2.670801923045165, 0.3124894499137867, 5.911113004028502;
  -6.181334285121725, -1.823215825716426, 12.47343125819773;
  -2.617048809195072, 0.3879259436034299, 5.855572815129799;
  -2.73453079309117, 0.6755604527302784, 6.080815164761443;
  -6.147509419564905, -1.952398711678054, 12.46661861619315;
  -6.25681582441601, -1.923362342540137, 12.748638090839;
  -5.871255363769225, -1.66058585698273, 12.02095128511225;
  -5.838842670306857, -0.3738112920886328, 12.02122676702925;
  -5.983989721771608, -1.000263842132164, 12.34474468498691;
  -5.8369970707524, -1.609917819480293, 12.08481733301097;
  -5.818971155842582, -0.2515996023081909, 12.12816250681645;
  -5.867670453974448, -1.025030238748634, 12.25487688215826;
  -5.703043966517972, -1.672997678265223, 11.98764415239153;
  -5.76428414387856, -0.2509514730464573, 12.13211265151855;
  -5.596360279097976, -1.333765815538726, 11.91519961453075;
  -5.722148459297037, -1.814011458337193, 12.16750699713419;
  -5.716841913999984, -1.629897473729864, 12.16382060581457;
  -5.818581587240637, -1.01465461325279, 12.44576045575;
  -2.597399799075724, 0.687790026088251, 6.108967506503909;
  -5.498950935709778, -0.474763465205567, 11.88544057645517;
  -2.585613004971405, 0.6544317641258189, 6.150295179466419;
  -5.191603575576199, -1.101844687399334, 11.35782541746134;
  -5.771296419735038, -0.9355216379679602, 12.5267772757922;
  -5.022689882541479, -0.9968136645045959, 11.1770347241541;
  -5.050501140229744, -1.126626859488454, 11.32828024311836;
  -4.928123916849613, -0.9133749929179035, 11.17665409584755;
  -4.928640880592856, -0.7757932418749345, 11.18722972341091;
  -5.086105120494316, -0.9403779364113137, 11.52469766662467;
  -4.857762010997674, -0.8363107121659473, 11.06779479561004;
  -6.769326120588039, -3.323988848933106, 15.15660225587038;
  -6.745771702686335, -3.398612810115342, 15.12526375977324;
  -6.7826449383343, -3.633261128071987, 15.27261671127463;
  -6.086631784516464, -2.277353490070553, 13.88911326687005;
  -3.533354025485251, 0.3723176475381364, 8.47933677045647;
  -6.505039585036478, -3.10887638209604, 14.81259231950508;
  -4.96875136084221, -0.6509124830600772, 11.56531320790647;
  -6.593547750112832, -3.456951522430761, 15.06133201380487;
  -6.076410283802563, -1.81882036936929, 14.0188019038336;
  -4.970683348416136, -0.8632164948248456, 11.67712980057674;
  -6.01892647316733, -2.300676062070593, 13.98105666805;
  -6.767847168303319, -3.756036026297889, 15.62067838107049;
  -5.011576261458754, -1.126574055013584, 11.81087189264997;
  -6.06450320690774, -2.404697817193922, 14.09849860638084;
  -5.168763959890959, -1.871893983327149, 12.21599418836001;
  -4.974031716855738, -1.696012474250317, 11.84897862944323;
  -6.083268418908594, -2.499879162435319, 14.27572468653644;
  -6.393068636997136, -3.163469781224956, 14.96394416881539;
  -4.748730114231443, -0.9576962846891773, 11.38173280458;
  -4.922748891284071, -1.062335438352865, 11.79993195438504;
  -6.594996709583122, -3.722189045522406, 15.48099065915081;
  -4.855203454219403, -0.5226371166501087, 11.66937130875969;
  -5.38949476701357, -1.534304690357305, 12.87791320374795;
  -2.349222655755888, 0.7147992547518963, 6.194818172613656;
  -6.37138568848153, -3.415212454131808, 15.16068724575349;
  -6.12080931324391, -3.100035749549322, 14.74929826963319;
  -6.010886501509687, -2.858069603784911, 14.51999236445544;
  -5.417205019453395, -1.268570352426907, 13.19489203175588;
  -5.948815954409626, -2.890722450453108, 14.50648835444798;
  -3.288838418604455, 0.1928619567814543, 8.485096877413458;
  -3.149438806610166, 0.5369250607527673, 8.244096696116714;
  -5.579138516491616, -0.3664743169536165, 13.86992719118728;
  -5.592131277380648, -0.4720672064366188, 13.95076832139432;
  -2.964230902514133, 0.6463264868560523, 7.878144858696918;
  -5.687404188204629, -0.274436965838917, 14.2113620971098;
  -5.482165492408825, -2.361919482140392, 13.8412194806816;
  -5.623340273049836, -2.15773169166234, 14.1769301467968;
  -5.676080696676057, -0.1250496768526327, 14.30589098093309;
  -6.440905955546486, -3.555372110505731, 16.1281471170585;
  -5.152115865569038, -1.027039797798704, 13.12576324436806;
  -5.626173809260757, -0.2722525323190916, 14.2433604772409;
  -5.644154549960011, -0.4146271041514318, 14.30622465862596;
  -3.06461134336174, 0.478792278257729, 8.224203379104164;
  -5.552422508478963, -2.23562056305517, 14.11352724114696;
  -3.018877399560448, 0.6091468624134047, 8.155146109120601;
  -6.195932627083323, -3.362277011068963, 15.73170729347387;
  -6.279002344426109, -3.258772634052495, 15.94623745030638;
  -5.735560041530857, -0.6772622547109586, 14.69249944007169;
  -5.820611009528352, -2.22502508510027, 14.94814448924083;
  -5.672016142892898, -2.130316607732363, 14.76017075619292;
  -6.233399373164078, -3.169001679946469, 16.31891125213727;
  -5.680865390094277, -2.173419004808662, 15.08953861052762;
  -2.892692659825271, 0.5613820452774108, 8.231222946001509;
  -2.316908414704591, 0.6822271577965015, 6.800392394467915;
  -6.125622508121994, -3.108860115114194, 16.48828971507289;
  -6.093028171260071, -3.252012487399886, 16.45302731377554;
  -5.717653159472892, -2.133538919115153, 15.62503796149249;
  -5.805355616324141, -2.159685609167053, 16.14088133999075;
  -5.384609855211497, -2.524469436022126, 15.14839991522456;
