m=[-4.829335167262924, -0.7642101035926618, 7.322646406286211;
  -4.53482017177604, -0.5905496287813891, 6.980495044814462;
  -4.380469441667921, -0.03580557041735088, 7.026924745960908;
  -4.449634160665732, 0.09395138281793866, 7.123560301259543;
  -5.6695930690683, -1.546056085940096, 8.972624524789582;
  12.58186965633997, 3.374037855426805, -16.99007962812878;
  -6.043481420346892, -0.9635550978132242, 10.1425890614716;
  -2.830355601043669, 1.082355904245269, 5.518572229090132;
  -3.335759673867052, 0.9192984764962003, 6.548396131821798;
  -10.20893605406185, -2.292153579329493, 18.21509752941595;
  -6.056576242827522, 0.1441055405420595, 11.2992648964332;
  -2.484920598515658, 0.9967964680969674, 5.235713631500503;
  -10.55800569780784, -0.2396344804780618, 19.35679855152281;
  -6.4684410879184, -0.8661100245729886, 12.27138533757047;
  -10.00415354172799, -0.3193147388082996, 18.48949563688626;
  -3.210633817462104, 0.9332954507437491, 6.633954905699329;
  -6.383082135843009, -0.5656275472322259, 12.22806944288166;
  -5.356392265318476, -2.195742433334129, 10.36217525558566;
  -3.283117482384782, 0.7692477133340643, 6.795516949231999;
  -3.315265002312991, 0.7175641780930746, 6.855903209496699;
  -5.006125391253448, -2.154903935564743, 9.797205309542965;
  -6.240874677890955, -0.7398296595739118, 12.12986120713127;
  -6.279741359306444, -0.5089577485314245, 12.25026581232493;
  -3.450922117879324, 0.6429620466784501, 7.18964205943346;
  -3.206763225820366, 0.7992663847141914, 6.758790849494873;
  -3.098113746598566, 0.9254065728908683, 6.591688376138611;
  -3.33303933943393, 0.5612215792607872, 7.101587948489987;
  -3.055676526388912, 0.919727539394949, 6.597656212139079;
  -4.649036946470408, -2.243416417435546, 9.40662508048014;
  -4.749523310936073, -2.175415832015075, 9.625585276448813;
  -3.016240989880597, 0.9320362883388313, 6.578238895127734;
  -3.103634977801324, 0.7884224278318006, 6.772176251813722;
  -2.959355959495809, 0.9116745329372986, 6.565221769851322;
  -3.035131222409042, 0.743007856196074, 6.776940245276254;
  -2.926639010609681, 0.8647417027037834, 6.589590888160226;
  -3.485980120712489, -1.887617279890286, 7.523825833609042;
  -2.48455112480573, 0.9841842026556033, 5.777234089968641;
  -2.912800221129209, 0.7639769274587437, 6.787473405378025;
  -2.884537545923205, 0.7800497192930296, 6.774402002671594;
  -8.432091464944607, -0.4253656516405492, 17.97256954310593;
  -2.846567325983951, 0.8687333815660805, 6.734507248062473;
  -8.680050792273102, -0.2494358151494974, 18.56522738479728;
  -8.900979060077047, -3.74072214087824, 19.02310460565346;
  -8.603482902906134, -0.1297250506952119, 18.50754846872337;
  -8.5168819210969, -0.4031956964657651, 18.34326853214931;
  -8.87002011970495, -2.746202584174898, 19.06357177944743;
  -8.487122998632788, -0.5215725551788986, 18.30925994456221;
  -8.243207638163932, -0.2921802215134555, 17.9366695799265;
  -8.976833396795348, -3.776306521181638, 19.49683843792844;
  -2.704899101130595, 0.9068989901406668, 6.598452006332289;
  -9.150574274194268, -4.067632010254638, 19.97418408558908;
  -2.941963237227493, 0.6482595111713021, 7.247830968454172;
  -2.650557224812813, 0.8560935824739558, 6.628525093863514;
  -2.592430619718802, 0.8645384807897951, 6.696031463640344;
  -2.582344985293624, 0.8943597602169048, 6.677202524706406;
  -2.607264551651387, 0.8599247620358187, 6.753574552816288;
  -2.694951598392351, 0.7579783960131488, 6.96821561078516;
  -8.096074862598904, -2.545648636926013, 19.04019141820566;
  -8.029666185189328, -2.478032343000002, 19.11412037081192;
  -8.003550175108193, -2.486193843786712, 19.080637119372;
  -7.761887928774139, -0.8579444876150002, 18.96455967919437;
  -3.034165460673123, 0.6829902168422479, 8.025221882422745;
  -7.756366869689094, -1.926204202303948, 19.1280380135665;
  -7.273459699145517, -0.7377175560781782, 18.01598957391759;
  -2.992375447681109, 0.7110623921094094, 8.017922332426595;
  -7.680808785580688, 0.1718860050840623, 19.06779845399596;
  -7.778694177726496, 0.06280320886198137, 19.31228105617324;
  -2.979606819198594, 0.6873411216138347, 8.017282729563194;
  -7.210813704966117, -0.5061897860406717, 18.09613043579695;
  -2.961931816104207, 0.6445675193538994, 8.020210956917989;
  -7.617382273385955, -3.43797793068784, 19.12930151845911;
  -7.667449811282367, -2.261411985987596, 19.27309972709399;
  -7.076630743874312, -0.4055153789942541, 17.88588135288419;
  -2.948822332205391, 0.7155676865936751, 8.037355485051238;
  -6.79405745554214, -0.2420284165858576, 17.23798848345194;
  -7.168559844400184, -0.6537808834461877, 18.13948995646992;
  -2.458613164613505, 0.9017091852970492, 6.889773761749515;
  -7.354166763982471, -0.5832335597849281, 18.70228464041586;
  -7.039182707011447, -0.4046417981470219, 18.01860998344072;
  -7.136212702640997, -0.7576058183094392, 18.26287918457278;
  -6.926763555269899, -0.2149826830728454, 17.89472401475196;
  -6.499032887402583, -0.7719372598196271, 16.85524727212873;
  -2.878764876769937, 0.5535415393155421, 8.028383233509441;
  -6.630658485868411, -0.6644944421481274, 17.28006495298936;
  -7.381007057770072, -2.470451736169283, 19.10752552677395;
  -6.357895895711763, -0.8450869717296443, 16.78271600062588;
  -6.606219188289725, -0.1883074084292008, 17.48440147446487;
  -2.403197987262055, 0.9571753126653576, 6.989392615811625;
  -6.334205200925059, -0.5644539896464488, 16.83795444059654;
  -6.313454848017653, -0.4298899664883779, 16.80553962456183;
  -2.452118699776522, 0.9152932263871466, 7.144576077896007;
  -2.573639805326384, 0.751672511862347, 7.484305114819016;
  -6.095979033971167, -0.4934131349339155, 16.43444651922926;
  -6.254090713843736, -0.752839075312648, 16.84350419030385;
  -6.339085099559865, -0.04561079320615891, 17.19014165579273;
  -6.202416646704056, -0.8975639175563221, 16.85360453425086;
  -6.29252887990432, -0.3215640073467801, 17.17960883814893;
  -6.356231164606041, 0.04980208236086695, 17.38059064970653;
  -6.331798399404254, -0.4950931224627862, 17.3293032168467;
  -2.520478197118959, 0.7987498140332765, 7.493814733004006;
  -6.330922538172534, -0.255436336960849, 17.36776717007902;
  -2.550123347218571, 0.7746771262834299, 7.590635152480886;
  -6.255616637361383, -0.08730808022840386, 17.30795564671889;
  -6.227589384430767, 0.03273384888451538, 17.25644998196465;
  -6.132338880583092, -0.5358394084736915, 17.07292169579786;
  -6.491672526056833, -0.8885360281085871, 18.12161662329614;
  -6.114252273698812, -0.3857700140912552, 17.14315596262385;
  -6.178285801390929, -0.09630660607207739, 17.34516226854088;
  -6.178157047929346, -0.8353331648671178, 17.58076853507221;
  -6.104178094579529, -0.07334666447906639, 17.48337084029502;
  -6.025130676398732, -0.2391211666407535, 17.30441310917441;
  -6.242002883698331, -0.6774473278742317, 18.08514778917758;
  -6.56435935812882, -0.8453380386758148, 19.08736326362213;
  -6.025985400230832, -0.1065262727341513, 17.63284200851835;
  -5.89705639349897, -0.2732534168867035, 17.33016458017103;
  -2.28364350331871, 0.9243434909026344, 7.349752930681341;
  -6.109057442472113, -0.381523209678959, 18.02465950849495;
  -2.541934086193871, 0.373686154454597, 8.14030736737992;
  -2.54922858679948, 0.3023957894308875, 8.191916455132105;
  -6.144975370902309, -2.329699094308457, 18.42318884963735;
  -2.523023162021723, 0.5261507180597405, 8.196992403587041;
  -2.511356156465673, 0.3458092224763906, 8.18211054090988;
  -6.396505381490086, -0.7540700497123513, 19.32573625591931;
  -5.892306256865044, -0.1580646689322634, 18.02709034563793;
  -6.180681642937732, -0.563672447775444, 18.86014687197517;
  -5.824428119329681, -0.3894628719700037, 17.8321349418467;
  -6.206022715774542, -0.7939697892749298, 19.05668424321148;
  -6.146956262005513, -0.3873474662322686, 19.07721116470666;
  -2.380358608087875, 0.9254799327585673, 7.998793030379906;
  -6.104440108818055, 0.01409233398377951, 19.17410002912537;
