m=[-5.816290344057431, 1.12971602080392, 8.028178834769067;
  -5.868234096207628, 0.9845557906713934, 8.0994969276209;
  -5.850807254398886, 0.919001434623321, 8.189318842526221;
  -5.773799673288903, 1.040530920950059, 8.144787645622259;
  -5.803223750311918, 1.095207283353978, 8.217319509286966;
  -12.27117732019252, -3.238997811113792, 17.12453210062943;
  -5.766279525245494, 1.09294555411915, 8.661539775848082;
  -5.751790747103673, 1.01583374531209, 8.667578533443727;
  -6.38070315047174, 0.7264219212678015, 9.525754416874889;
  -5.707820212809419, 1.045204605103903, 8.644788995265873;
  -9.539823846772345, -1.356374221987611, 14.35472722975068;
  -9.009706327185651, 0.01431258176957181, 13.77682805492201;
  -9.045836880436347, 0.1879269525360547, 13.82851587279635;
  -9.00990674241322, -1.173320414159488, 13.86904154680602;
  -8.95717972247262, -1.336170103227472, 13.83468533942884;
  -9.007010894273128, 0.03459361323150181, 13.91784515471259;
  -9.125506929307781, -1.453816607889792, 14.11844318873957;
  -12.43073829772314, -3.373723724183507, 18.910224704299;
  -9.156888544873674, -1.305454347942567, 14.19436905343539;
  -9.034989520083052, 0.05016382797850408, 14.0771954287091;
  -12.23563931839001, -3.92552820187835, 18.74374718609061;
  -12.41757066329543, -4.265116645534432, 19.03914926059018;
  -8.568951163651647, -1.084742789965178, 13.51120483871848;
  -6.354562751566272, 1.93893538571289, 10.29170806837621;
  -6.46167312058505, 1.699683294048349, 10.45352544231642;
  -6.459350434970914, 1.925406898185376, 10.50875700467056;
  -6.301045439148918, 1.271160596663112, 10.33310294266609;
  -8.834782351416182, 0.1865411826771133, 14.14388297023518;
  -11.13211822846898, -3.035646284814838, 17.61754605891533;
  -8.354994788101084, -0.9965851009229305, 13.47230172492697;
  -6.257933559058958, 1.270360983629051, 10.37189529669285;
  -6.404821787656926, 1.064988523459655, 10.62833300625351;
  -6.257603111452038, 1.224147760220191, 10.5510285563833;
  -12.32061911574943, -4.416782752365324, 19.89926490735306;
  -6.232136676515943, 0.9578806952657948, 10.60612065708529;
  -6.243362767427513, 1.329732494170174, 10.67077083859444;
  -6.235735978185272, 1.019719281092735, 10.67787756837434;
  -6.18363907216836, 0.9741821499135254, 10.6788751871009;
  -6.151120689019249, 1.154988990884702, 10.64903452698956;
  -6.088615634537459, 1.031256222278035, 10.66917358933214;
  -8.425408035800519, -1.05108071932446, 14.73296563811099;
  -8.14423459297816, -1.007202271793628, 14.43661564091734;
  -6.023756818476677, 1.007416071023307, 11.07931439832764;
  -6.405049885882738, 0.3664068235936371, 11.91407891967451;
  -6.118504461305384, 1.025220430996256, 11.5083774229579;
  -4.79253546791903, 1.908785573350099, 9.2334650740504;
  -19.69445053976813, -4.421881482908901, 35.13944405865915;
  -20.31753887964895, -1.51022434634575, 36.84624046919419;
  -11.44787427607336, 0.2723819604458449, 21.35737399485422;
  -4.655245962745309, 1.911143289288444, 9.274840322089911;
  -20.4877170197471, -0.4650085977153824, 37.56169701766605;
  -19.02266269346347, -0.6071694665686316, 35.15734113892859;
  -21.09845082721322, -0.3032841571263146, 38.89935164753639;
  -6.620958301926235, 1.734469489218125, 12.89659271344173;
  -12.19933134302504, 0.5235646862516643, 22.96111065887678;
  -6.349375451911394, 1.887089028261342, 12.42736394549096;
  -20.32163749679021, -6.594946139205238, 37.70208051582787;
  -12.73337782078066, -1.704971263918947, 24.1566992361613;
  -15.59026003181562, -0.9090828796992304, 29.38752064418563;
  -12.64295189813396, -0.9292217316765483, 24.10648927042817;
  -12.29768356896189, -1.089741357813704, 23.55867047729764;
  -20.59208754833096, -0.3441047487976617, 38.81559636235578;
  -12.32469594462124, -1.434259725106015, 23.64897648237658;
  -12.53393490389875, -1.699095873262887, 24.0894291446044;
  -6.508609445139598, 1.857590163174491, 13.00531364998411;
  -12.18437730138454, -1.36213708597567, 23.49097664953408;
  -12.17860612475102, -1.50767903752999, 23.49768415957177;
  -10.7203469473843, -4.394584923297461, 20.73898033733233;
  -12.22505776476054, 0.4458568723284158, 23.65878210415023;
  -12.24923537783347, -0.8985998529954903, 23.70281481996821;
  -12.28909658551312, -1.456821136873653, 23.88527948997048;
  -10.60298401559032, -3.033385802872246, 20.80444199005905;
  -12.3632595459265, -1.002012086640993, 24.11774738459774;
  -17.88037067331444, -0.4457076038377245, 34.5625349738673;
  -12.18599697699836, -1.628190824228703, 23.92606894580334;
  -10.60287342405983, -3.333802659533058, 20.957591888505;
  -11.28074453889289, -0.9853070927885379, 22.23392868684665;
  -10.95598627192329, -1.536958182116041, 21.75118965563811;
  -11.45085691789854, -1.04730168864371, 22.70595207851648;
  -6.314531693625502, 1.835563953505097, 13.04736724514839;
  -6.505561049719547, 1.408079765695789, 13.45337306345991;
  -6.491815248810232, 1.52105858603241, 13.43699724157552;
  -10.29189402356806, -1.475444706230973, 20.80989888448078;
  -10.34213890342695, -1.0801991108303, 20.94197313590169;
  -6.799058257205693, 1.266773419744809, 14.16514008162667;
  -10.78187053117012, -3.207933389031836, 21.94369328677626;
  -10.08076700311557, 0.4601167031785797, 20.61555456185181;
  -6.328578080125825, 1.577359900399143, 13.33853877138864;
  -10.04758872088637, 0.7906484411109731, 20.62286707460032;
  -6.09662906326528, 1.821063094864549, 12.9714665815857;
  -6.586083147952818, 1.108973405055787, 14.03273227468063;
  -6.033337688381017, 1.815973248003159, 13.02686574835885;
  -18.66749507617551, -5.066323402078856, 38.21253541454473;
  -7.939883588962742, 0.777465413545289, 16.94645355985769;
  -5.961338249552866, 1.842088743666835, 13.00131762408472;
  -4.8334038652925, 1.918594888785023, 10.76757097728724;
  -5.916023773306664, 1.435475945369594, 12.99684366756362;
  -6.022256360848968, 1.514458842336478, 13.26748368787392;
  -4.738888739544496, 1.875867934582165, 10.66263161449819;
  -5.840170889850526, 1.799153309419933, 12.95620317071659;
  -17.21990776125996, -0.404660451523405, 36.39899549092345;
  -16.83800114019554, 0.2414081325347128, 35.62858809939558;
  -5.986775120017891, 1.465577802570871, 13.36746726161811;
  -16.93082622000253, -1.210379244884416, 36.04425128525608;
  -6.061751535879417, 1.544898857419807, 13.5437302467858;
  -16.99524509673894, -0.8573428710326138, 36.22449135818017;
  -5.755905341826222, 1.700712444496432, 12.95993843316857;
  -16.78527226263027, -0.2530917210827638, 36.10796272477199;
  -16.52159662018657, -1.015327734288042, 35.64201994797608;
  -19.05521999398227, -5.937889315770081, 41.06389534416455;
  -16.88052364123096, -1.035475666573376, 36.52081492268968;
  -15.72048493802016, -0.5572120675723692, 34.20672587015954;
  -17.17783947981488, -7.226243863520281, 37.30865286752237;
  -18.11089051360559, -8.050690129373965, 39.53306647571691;
  -5.599852554627103, 1.771085860837308, 12.95876275156362;
  -16.28010396594816, 0.1182650590777623, 35.86999715715492;
  -15.87903987258648, -0.5144150368210758, 35.0437567241448;
  -5.73173326673924, 1.503334124452563, 13.35621538082387;
  -6.255329696205008, 1.176962402908554, 14.51359215784394;
  -5.774390943367444, 1.561536975252083, 13.56128840348905;
  -5.616570813489353, 1.714100527701858, 13.28787712394105;
  -5.537544199750299, 1.776602148788007, 13.17438346043361;
  -4.698392525941318, 1.865070815895321, 11.44175668825644;
  -5.320563248364208, 1.783879271098948, 12.97922026973665;
  -16.23951151048978, -4.517003664636509, 38.02956486068209;
  -16.03128170209126, -5.040715544965357, 37.70205654805562;
  -5.873557705345049, 1.294234271428792, 14.4701174008962;
  -5.681089944935311, 1.324086586145901, 14.04595889618678;
  -15.62580441777554, -4.822273783194278, 37.19625444492672;
  -15.48106074510304, -4.808980649545688, 36.90718441660457;
  -15.25230529585656, -1.685882529106275, 37.26583747186967;
  -5.086378992600836, 1.761597587503414, 13.15191534997258;
