m=[-13.65047530897049, -1.544548860226901, 17.31172068287677;
  -13.7302754474158, -1.703314389342789, 17.43405544891225;
  -13.70295771148637, -1.785584036426225, 17.52285078349892;
  -12.97109427920677, -1.645662862548561, 16.69341558444031;
  -13.25650563400346, -1.45778865407724, 17.03824622447337;
  -13.58737361297889, -2.554229592135703, 17.49737754858896;
  -12.93433604289159, -1.424032055036391, 16.7608819803193;
  -15.14905848187817, -3.124152623030793, 19.45321016919015;
  -12.62398769951443, -1.978490899542614, 16.47958640167244;
  -17.02536283501328, -0.9988538357648958, 21.85916744729632;
  -16.68373639804289, -1.115921638258133, 21.48986835670419;
  -16.40611397825347, -1.02993323861405, 21.28455863549425;
  -16.6066878475648, -0.7830363431407763, 21.53706205465259;
  -12.75001763210757, -1.925157854218856, 16.81180443765815;
  -12.14429140597861, -1.308699086344924, 16.06044441249033;
  -12.88716176881977, -2.041120229006991, 17.03436336807284;
  -11.0403532830809, -0.1645453435104552, 14.79051638154285;
  -12.58875094138198, -1.355810741755125, 16.75016048469908;
  -12.49116977775452, -1.055966611657411, 16.63492940480128;
  -12.5287577253819, -1.57399683545827, 16.73138054706265;
  -12.55967917173356, -1.190708424122674, 16.79845580850624;
  -12.90610397244069, -1.845133014457999, 17.24458420872174;
  -12.25998802669735, -1.568360747658421, 16.54382814225075;
  -12.39310147507853, -1.062692091556204, 16.72010164271163;
  -12.80077096139685, -2.07988510734421, 17.31302503087745;
  -16.38467760326975, -4.94468952492866, 21.92307973993525;
  -4.823553440111642, 1.426808189826682, 7.156151203779947;
  -12.55236040318803, -1.575392142717034, 17.06477592635041;
  -4.924430452206272, 1.485462431163264, 7.329620287380775;
  -4.920255443029697, 1.51418724748761, 7.368389830369227;
  -12.34745590564251, -1.987897377703568, 17.12351632277574;
  -4.911085423920661, 1.497218118146263, 7.406589347949073;
  -13.09134898977579, -1.507877977265988, 18.10102445463139;
  -13.54600941348072, -0.6019025285105494, 18.71419586921077;
  -12.05380962475706, -2.921990552381122, 16.86849505061515;
  -14.81605507672799, -0.9937317547952033, 20.49956016256918;
  -12.46305916708597, -2.019901037329175, 17.44886495723176;
  -4.875347938821657, 1.487136598907796, 7.438202554034094;
  -4.86267758876143, 1.545714970356079, 7.42193097055599;
  -5.120523844407819, 1.338003721113161, 7.782192583862454;
  -12.07419475937562, -2.23107772002122, 17.02904075105964;
  -12.83783818107766, -1.691812394908449, 18.04573687444604;
  -12.3805215213768, -1.164594529958615, 17.44178321256147;
  -12.71735732599911, -1.783071404160169, 17.90444268045487;
  -13.4014305814217, -0.5561525692929455, 18.84946883108876;
  -12.55386386188992, -0.6720580238095768, 17.7435210838214;
  -12.54110134607177, -1.963142615009037, 17.74117018419366;
  -4.848091289777437, 1.495512708692468, 7.484539228784095;
  -12.76590811597679, -0.2717713111977341, 18.08750628264706;
  -12.7243747991503, -2.226730197974812, 18.11100994326742;
  -4.829434637760053, 1.52538644263222, 7.511584908046422;
  -12.41533670436514, -2.846784275811526, 17.75868121690095;
  -12.52256446242047, -3.002677578154318, 17.95834376385434;
  -12.79595121248418, -0.4900775327140657, 18.32091506083214;
  -12.28772113963019, -3.071254346668507, 17.65438183266244;
  -12.730373808533, -0.7305439841434384, 18.25515148633082;
  -12.4042020844639, -1.765649277895666, 17.87353481448524;
  -15.68861649119066, -5.067279789694045, 22.3975193430078;
  -12.42548528511718, -0.4317609673215045, 17.95788993774369;
  -12.05374026936732, -0.3065586801889462, 17.46241158786247;
  -12.66114138485706, -1.185081552765904, 18.30553760142541;
  -4.706674942957299, 1.565947395908546, 7.438674873353818;
  -4.799975282555296, 1.47725488681303, 7.575520012317067;
  -11.56896718336206, -1.385065812714349, 16.87090601798388;
  -4.646295778727063, 1.575426865598002, 7.373369738266758;
  -12.25091800589267, -3.050372410114059, 17.8122116995576;
  -11.85762220562969, -0.0117301260339752, 17.27793139132219;
  -11.96076321990421, -3.267718240710657, 17.47790498828564;
  -12.53541057787653, -0.5079280920073025, 18.25591258323104;
  -12.40643251807341, -2.904274432676789, 18.09861493271849;
  -4.751472273388229, 1.640157101678309, 7.575930628427805;
  -4.730753354330124, 1.538714618088757, 7.570932874089024;
  -14.33490945849342, -4.390690443161927, 21.07194143199876;
  -4.641367558484263, 1.596479838066226, 7.501274483488427;
  -11.98423259853155, -0.249404392321671, 17.84477408296277;
  -11.67623915679858, 0.1128204037386828, 17.41112321877452;
  -14.90615929036402, -5.157940340994943, 22.09653467044859;
  -11.49324991902305, -1.912396262271047, 17.26228681924311;
  -11.51759320671731, -0.003325919568994739, 17.34224945955561;
  -11.51375912749111, 0.03693600015427245, 17.36391468767467;
  -11.72194069954189, -1.855805647559904, 17.74234242825765;
  -11.49607828550471, -0.03713580463446823, 17.42880017007973;
  -4.627357507775456, 1.58729671948887, 7.642100434332981;
  -11.5366907839017, -0.09037048760793977, 17.60174363075413;
  -11.41408457967793, 0.1946045798351724, 17.45741566668064;
  -11.5228529205241, -1.512029581710711, 17.75602632512734;
  -11.20082813147049, 0.0360807363313455, 17.32207291532308;
  -11.6197862305957, -1.373972147401459, 18.00549167632698;
  -11.91542882438218, -2.066151757188486, 18.46744185936058;
  -11.5809391297427, -1.832816083745079, 18.02459842700741;
  -11.17728145282214, -0.05074048520754522, 17.43085330183792;
  -11.23506394469716, 0.0789394052177919, 17.55378703832914;
  -10.94748558828324, 0.1564378178098386, 17.25341419351333;
  -11.04774833364459, 0.23908486838641, 17.41483510103019;
  -11.40553298955725, -0.2996525779303276, 18.08546481844815;
  -11.42796460641675, -1.820818185004951, 18.12565541247898;
  -10.98797173629958, -2.176992600180697, 17.49294086804769;
  -10.77514757143235, -3.006632230532275, 17.18195998850657;
  -10.98038242025696, 0.0436439835598877, 17.48318047704387;
  -10.9545196244889, -0.0469743880528452, 17.5819743929308;
  -10.84265457005075, 0.14538972083382, 17.44326680911865;
  -10.9911043522025, 0.05833975037626626, 17.69090265970604;
  -10.96523867674442, -1.072871452871828, 17.67148225838994;
  -11.20729916204819, -1.673481188193079, 18.07128854130151;
  -11.24287611899262, -0.1638430547278299, 18.14212195054318;
  -10.10132006230688, -2.139575087333461, 16.4216153894466;
  -4.574363496865975, 1.592480605494705, 7.991863929532084;
  -11.18279285037437, 0.2187470804537262, 18.13306294412883;
  -10.88949761834902, -1.715427534195758, 17.71542602212309;
  -10.86572451777004, 0.01757665782886898, 17.74462687216598;
  -4.803840156818732, 1.532228708539425, 8.404407146618736;
  -11.03932656880154, -0.1748753508353602, 18.06527796652162;
  -4.665454842222476, 1.551134565580442, 8.220623026843883;
  -13.32839139684458, -4.83395460359058, 21.6623044786969;
  -11.15749818638822, 0.2585054361113576, 18.27400445408704;
  -11.02196943248554, -0.2854756013244707, 18.07905381128115;
  -11.10991406476605, -0.9248311324933113, 18.24254409067057;
  -4.915286348409593, 1.483591807059924, 8.642884477107693;
  -11.2823145089698, -2.881601652679552, 18.5906141888902;
  -5.139805715015574, 1.368432236917901, 9.020186654126782;
  -13.351742809886, -4.702508125250696, 21.87847709065356;
  -10.88593445124451, -0.4389237230601276, 17.99480008376184;
  -11.09965268519375, -1.680953776056321, 18.34276632362314;
  -5.010872022642811, 1.365087488560646, 8.855206555278006;
  -12.91055985200957, -5.041699796001363, 21.27547979027713;
  -10.92082655824392, -0.2450361105200284, 18.13422265988769;
  -10.89859725324066, 0.1419853578364969, 18.12931562373728;
  -10.96409630405933, -0.9953705377015929, 18.25845756067649;
  -10.7700879170495, 0.2303692672109534, 18.04275328027807;
  -10.85023545740928, -0.2602545433366362, 18.19814774207895;
  -10.40509828581224, -0.1778267445207038, 17.52864187983807;
