m=[-3.354645230313975, 0.401966930416871, 5.264261358455111;
  -3.410477829497958, 0.2015157936200338, 5.362476713654131;
  -6.007947241869974, -0.1074090854003534, 8.914024104216439;
  -5.868196887804033, -0.09584733996194744, 8.987365325404356;
  -5.822751219497951, -0.7415970065814234, 8.989892422881637;
  -5.855212109448938, 0.001730810227031622, 9.063033300383106;
  -5.863934616743793, -0.1043963372790035, 9.105756704408082;
  -5.913761643223897, -0.1662204154337245, 9.205234983409458;
  -5.829202098996879, -0.2436185242900777, 9.139186143838877;
  -3.056118127703122, 0.5608241863214747, 5.260655642442375;
  -3.05565465756978, 0.6003111554235094, 5.265489348455047;
  -5.823013160861051, -0.1406129160858693, 9.176401833296971;
  -5.645925323222165, -0.1040261791230827, 9.007281727850609;
  -5.773368767422231, -0.145274736348533, 9.190331328267456;
  -5.712930670484515, -0.1786741630209199, 9.145122591792894;
  -2.953722397733245, 0.6548508503044731, 5.262894309036469;
  -2.935517403832227, 0.6962812429496785, 5.258371712278701;
  -2.939297294902388, 0.6081172617167463, 5.272183283187233;
  -2.892200684872688, 0.5910090888698173, 5.28034962870345;
  -2.858250999922839, 0.6352579889551241, 5.241017858756391;
  -2.826651514417824, 0.6585319050723606, 5.267405942968853;
  -2.821101565118926, 0.6357956026575753, 5.265557376372549;
  -5.02270516955368, -0.5580455829527607, 8.694681551809541;
  -4.986688902866702, -0.6680543048491593, 8.66100734263523;
  -4.994029301900765, -0.5042722030712342, 8.73726662459295;
  -4.889072324190356, -0.580246079981534, 8.627944644566473;
  -4.954055502273645, -1.000166528426632, 8.753186660828749;
  -4.93731456462983, -0.3156894841706834, 8.791910442935748;
  -5.892116541774084, -1.614765566413271, 10.34267999120442;
  -4.866782291470236, -0.4239702748740912, 8.720282583937182;
  -6.4840549179939, -2.341607863606882, 11.32458315119556;
  -2.680776471344642, 0.5990831928671314, 5.270664836068212;
  -6.181703996246599, -2.203345095798447, 11.07153044949321;
  -5.62018379670045, -0.3283326857974855, 10.27103391014522;
  -5.956407498239011, -1.7216636157443, 10.86892122384659;
  -6.109150772565763, -2.214018761846828, 11.14149823691997;
  -5.634935721258687, 0.1407332830783379, 10.4989863466855;
  -5.588177720744836, 0.05984484441383187, 10.50341385299311;
  -2.548063535479638, 0.5937538632670797, 5.323102486137572;
  -5.647683157214964, 0.2023406304985162, 10.65937914420757;
  -5.615174671775259, 0.1021991252324832, 10.64536797803359;
  -5.633933438496593, -0.6287814701768508, 10.73971687703738;
  -5.609811937701569, -0.3675201570733157, 10.74666646525428;
  -5.701534346561406, 0.1324206182406328, 10.92988406920166;
  -5.824749289088859, -2.137366939357096, 11.31668985826138;
  -5.482244878494671, -1.396635357704531, 10.77632711433492;
  -5.749600085231155, -0.6391078730588528, 11.25900508825072;
  -5.668291575733293, -1.341856329140585, 11.11540265089473;
  -5.725734188779134, -0.1057921292938261, 11.22899619232423;
  -5.718353151912912, 0.09282185606278169, 11.22215427513398;
  -5.615904870411796, -1.282481202656444, 11.06753659764264;
  -5.672828372611546, -0.8473409398871089, 11.22313950100601;
  -5.555124186811102, -1.230376931775886, 11.02520226914946;
  -5.633297943269104, -0.2016951762770111, 11.17376984113988;
  -5.698912474372735, 0.04626799693655197, 11.35435294412274;
  -5.65033479484681, -0.8449314361815092, 11.2835116202668;
  -5.646393316614915, 0.05737408335288718, 11.30401171569014;
  -5.707858778002017, -0.02378308263395581, 11.43274766331626;
  -5.75976376778983, -2.212304252863217, 11.57571345851427;
  -2.214111719654847, 0.7610475308899896, 5.096408295973452;
  -5.70844195270693, -2.075771633150938, 11.69037307958521;
  -5.413011893301054, 0.1475723420553359, 11.12183940324388;
  -5.720032110002731, -2.022874259076268, 11.96477893358267;
  -5.719655321601995, -2.069700684233586, 12.03688512321754;
  -5.685976153902482, -2.072501334198619, 12.09702917790497;
  -5.805278927178964, -1.630495224294476, 12.35750480550422;
  -5.692581524191303, -1.992260780460215, 12.22324514254284;
  -2.605457777088171, 0.8357299368247297, 6.12375436873104;
  -5.720639822825618, -0.6424734245705545, 12.30809260910357;
  -6.254638345414267, -3.234752341428315, 13.49340284972496;
  -5.842168446646799, -2.106191054130416, 12.74725648534773;
  -6.124001896466168, -3.057459082401987, 13.33779678926327;
  -6.098403092251157, -2.987397065260872, 13.39768060316767;
  -5.773346851106572, -2.039666218029504, 12.74018157858118;
  -6.074619146814196, -3.039879749543026, 13.38641102131733;
  -6.28018088940865, -3.238740758935549, 13.83661022055427;
  -5.884166418768553, -2.087085223916863, 13.25824856248876;
  -6.046951079483217, -3.082090835032985, 13.66477493051367;
  -5.811173222725565, -2.108952013116242, 13.1825681040176;
  -5.619163576803922, -2.544012429346159, 12.82942610586184;
  -4.206605784225068, 0.189836778165453, 9.938337420479201;
  -5.969393061602574, -3.024006831607967, 14.04728991719191;
  -6.00235499808756, -3.046471106689931, 14.2748539378249;
  -5.761248251315689, -1.412337882283479, 13.75732852815623;
  -5.740270330809215, -0.3482239070217963, 13.7941238491504;
  -5.911974503327772, -1.376408644555333, 14.22431827214294;
  -5.860966810951756, -0.2903455766846825, 14.2455715693999;
  -6.415454046347115, -2.07135434952947, 15.55441841449183;
  -4.10019386545013, 0.09092867045071366, 10.88820566179083;
  -4.20860170957797, -0.7821378491027003, 11.36759956966781;
  -3.697751424687857, 0.08240230944293038, 10.12237143882277;
  -5.415082681061409, -0.2782488325837397, 14.54306514243252;
  -4.328092863337304, -1.032905238737529, 11.82926992103098;
  -9.668339619285259, -4.92125234822724, 25.44168051067434;
  -4.375723296990823, -1.241579172438196, 12.07551636485305;
  -3.774583457349373, 0.06379744281276167, 10.53857000408486;
  -4.282391431253871, -1.043411857571372, 11.84138465630254;
  -3.585613915089549, 0.01882450841204932, 10.09539918636741;
  -9.425348784246687, -4.899936148366909, 25.1981101894177;
  -4.301557745461973, -1.114720047272753, 12.02738184736935;
  -3.190645574367655, 0.6752967394032162, 9.242242682229415;
  -4.07993262125973, -0.9982360387845042, 11.60457460670591;
  -3.147696440263731, 0.5415503976437267, 9.15844415028482;
  -9.109683563096946, -4.821236337630738, 24.84162369708651;
  -4.097134569637579, -0.5737937275063695, 11.71687977408775;
  -3.987341439111444, -0.7066366575318007, 11.4974488716876;
  -3.493731034691252, 0.0127673743902134, 10.20327584383175;
  -3.858831311866874, -1.105760815779836, 11.22809443922539;
  -3.871170349989562, -0.05536893661351616, 11.2559790353697;
  -3.952035160226604, -0.4277756226203219, 11.55059006261842;
  -4.068631330352678, -0.7656383813424286, 11.88124469311704;
  -3.986258230052314, -0.4881164837195766, 11.69074754801276;
  -4.008878537320333, -0.1167231234069357, 11.74635151284175;
  -3.018357061977328, 0.5576902013686791, 9.114219364037949;
  -3.567332385934002, 0.1340408913634523, 10.61026290940279;
  -2.389426101433945, 0.7180843821784123, 7.438534350747116;
  -3.497957402204537, 0.2174656262354969, 10.45218455952221;
  -3.037531385725706, 0.5101750890325079, 9.20717106698809;
  -3.855852851049248, -1.118018206172487, 11.52176784570354;
  -3.415702512775785, 0.1853035453777126, 10.32571685976624;
  -4.206059449415077, -1.014561628508609, 12.57790742767787;
  -3.616797760278221, 0.003076012397822537, 11.0301309271705;
  -3.676549373663589, 0.05134806580559344, 11.19969655529531;
  -2.925941781849914, 0.5555376347933665, 9.131599778510543;
  -2.808415761526663, 0.4752372591733509, 8.810904268633992;
  -3.711912305933716, 0.1063197009555334, 11.3477601663182;
  -3.587070197486748, -1.090002384035012, 11.11449386721848;
  -8.809268645199415, -6.103451512339794, 25.99670742041937;
  -3.548109137284003, 0.1872950114067655, 11.02348023532472;
  -3.796612375879787, -0.7407484820476551, 11.74582906367428;
