m=[-7.806859419823143, 1.379324170466664, 10.24732330099263;
  -10.86189767706726, 0.4156794564658939, 14.01080284710716;
  -11.06808003394311, 0.2646259879672319, 14.38661775096863;
  -7.679707799614745, 1.129221704269694, 10.29604262168417;
  -7.634379726892785, 1.281078191443796, 10.37609185638347;
  -7.714744497513514, 0.4951814650933751, 10.61024911506978;
  -12.37261071733505, 0.2693032218050676, 16.62823885425443;
  -7.13490435744837, 0.3198390913473042, 10.05279465575947;
  -12.33222590522041, 0.1505135369251151, 16.79138840932814;
  -12.15358967288436, 0.08927824583962743, 16.56453063931597;
  -12.32801750344589, 0.03165452801420906, 16.83059447256875;
  -12.1030828971078, -0.09585417028372671, 16.55976190270408;
  -12.23382180294878, -0.3272633425350855, 16.78047938475032;
  -12.65602420955788, -0.4567960864752919, 17.34713844158665;
  -12.29112172858798, 0.2070593167088566, 16.8827656610946;
  -12.12970962247963, -0.02965053577457964, 16.7255151531829;
  -12.59296298236757, -0.5143138844381654, 17.40503813653643;
  -12.03029447457707, 0.2321443973557662, 16.84164409211756;
  -11.91264118792395, -0.02228300301213515, 16.76365169091605;
  -11.93813849304786, 0.09960112366064232, 16.85405361023418;
  -11.50285453275319, -1.337455917278649, 16.29392406263096;
  -9.830976493559227, -2.845844825845231, 14.10948772337791;
  -11.7010376781991, 0.1533816568610813, 16.65070237212051;
  -11.8523234824646, -1.890651020347155, 16.98959454140141;
  -11.74876958509641, -2.645193086818624, 16.86321575103869;
  -11.70949730291043, -0.05065824203168923, 16.80639004898718;
  -11.71672498819259, -1.616333033395367, 16.88417924879196;
  -11.33776527181217, -0.1053944919010661, 16.38750722777899;
  -11.52236387572345, 0.1784309401067378, 16.68897025934585;
  -11.67905231280992, -0.2579124314938468, 17.01023953165688;
  -11.27875454198302, 0.2362415353746492, 16.49924051363913;
  -11.27225619304562, 0.02149766611875796, 16.49847572153555;
  -11.56619716986577, -0.1943582826039027, 16.90789507285024;
  -11.38258883506913, 0.1627072289981522, 16.67266657797254;
  -11.33173240433674, 0.2937068381637482, 16.64432185802241;
  -11.70180779722215, -1.411143492494997, 17.1979139336011;
  -11.95798931143768, -1.159136184561754, 17.58326824264161;
  -11.3773991965323, -0.06798111450541183, 16.79860870939673;
  -11.39819928179965, 0.06101488528358942, 16.87003907424268;
  -11.39045243882801, -0.2036366215442906, 16.90007643376727;
  -4.705891884691967, 1.570900492845341, 7.613775281557073;
  -4.660553138085867, 1.62358131852314, 7.556731967085521;
  -11.23223535142574, 0.09690384109197024, 16.84077813607723;
  -11.06992708059116, -3.108827646706343, 16.67759796228615;
  -11.07142242535162, 0.03146390272997483, 16.69250321383883;
  -11.76635874242785, -0.3345480877580581, 17.70602619117996;
  -6.73716102719164, 0.3980803919608938, 10.59319864564889;
  -6.791352866692825, 0.6602705498147844, 10.67827372610705;
  -11.93091590321895, -1.847114021416538, 18.0072248033691;
  -11.23901676983821, -0.07026665393798638, 17.08971301325473;
  -11.08794952282669, 0.1295105456388314, 16.89160116233239;
  -11.04264532684858, 0.04366239680119504, 16.84362281371457;
  -11.3977587545317, -1.71376308809051, 17.42361428188402;
  -4.684570353351209, 1.584584508327203, 7.752726064520727;
  -11.04945894127741, -0.1804747297660138, 16.92266398895102;
  -10.66751080912238, -1.358635082541314, 16.46983890927869;
  -11.14781230906112, 0.1978014079853924, 17.15878818431616;
  -11.17750841340236, -0.1114090637205813, 17.23322872738225;
  -10.8484329137965, -0.1931359633825918, 16.84588884314291;
  -11.20203999149109, -0.3148601268406494, 17.43685603787894;
  -11.04552186355928, -0.4616229958603021, 17.31747821614932;
  -11.04224010032169, -0.2666457275183214, 17.40130573314965;
  -10.95046410573279, -0.2755455003725143, 17.43148539165958;
  -11.01419653416476, -3.261696641023428, 17.56300159995581;
  -11.34585738797364, -2.954966259147647, 18.07628116009944;
  -11.14294463813545, -0.2053087649100773, 17.77700481101084;
  -4.80336326370921, 1.661833112322516, 8.408308428195554;
  -10.17688602659222, -3.26637472098823, 16.81812734258845;
  -9.962772515390833, -3.104963290359031, 16.48516952908677;
  -6.039163572857204, 1.108238901535989, 10.39552746250059;
  -10.22304683969238, -3.012075288470474, 16.93306250553749;
  -6.029043932376633, 1.184460528017461, 10.38921938663867;
  -6.092239662679372, 1.411333105854224, 10.53175109121478;
  -6.080985748580438, 1.614478178575646, 10.55540332623418;
  -10.24408322590697, -3.087950237087632, 17.12357490834207;
  -12.6838114367179, -4.647789373773954, 20.98706798355087;
  -12.75984154929544, -4.870589375695923, 21.25819067510866;
  -12.65694208282751, -4.748690582285554, 21.10293490790614;
  -10.48256586633189, -3.316398334133803, 17.78894625346609;
  -5.861451850916102, 1.299504899829719, 10.44383914092646;
  -12.34556282299376, -4.649773100869116, 20.9061960370001;
  -5.829980692793792, 1.271319951397582, 10.44770314521821;
  -5.815574139422749, 1.203196092858627, 10.43132751939569;
  -9.609299818825255, -1.067637286709525, 16.63442289366369;
  -9.469476944913156, -1.268602265138777, 16.44682693232772;
  -5.760015357055051, 1.21558217331854, 10.43165280149732;
  -5.741434315190399, 1.423679102073191, 10.42771128573342;
  -9.573099136944867, -0.9666438661401436, 16.74854401661458;
  -5.749350505927321, 1.17485568061502, 10.49670618226677;
  -5.633647753473719, 1.252101282375089, 10.33011043701049;
  -9.356872244797517, -1.110494605299356, 16.51245275610902;
  -9.132492101077631, -1.645046979530914, 16.17851008336825;
  -5.690075562339059, 1.185717902531707, 10.48962093512249;
  -9.401529718034608, -1.015412081106186, 16.68402104032082;
  -5.663954636388693, 1.402662781925251, 10.4704871953233;
  -11.64771213150773, -4.088442142487177, 20.50212109146535;
  -9.160413769530262, -1.777571506809018, 16.34102166141167;
  -9.41380146049093, -0.6019138720545383, 16.76322184556196;
  -5.600349839350716, 1.304727176296048, 10.43613472549915;
  -9.361394931278593, -0.8155189495891965, 16.77371295684673;
  -5.604530037388077, 1.26310076772561, 10.46079830813402;
  -11.53088032574416, -4.109952309491605, 20.65199056982571;
  -9.037473562291121, -1.423953419745799, 16.41595186690092;
  -9.185489083907934, -1.102689842466144, 16.67049519401796;
  -8.988620015881429, -1.296706193270508, 16.39342740421272;
  -9.105112293770672, -1.633343706613334, 16.63097334824959;
  -9.093828726832236, -1.187591100859976, 16.62300380537865;
  -9.049548849099441, -1.453253999457647, 16.55629373447806;
  -10.49370185114588, -0.6130449532215553, 19.17751651099917;
  -11.29773760561793, -4.094415730839008, 20.60412785676121;
  -11.25462316229933, -4.417546849137177, 20.8264728849091;
  -5.41004740758792, 1.057889034195827, 10.53576591125906;
  -10.56640706491388, 0.2638974480183263, 19.68728109701877;
  -5.347819471456901, 1.195097315305232, 10.51432834447057;
  -10.61516100995504, 0.4795087659188149, 19.92973241599866;
  -10.53289654359315, 0.1127987666781476, 19.79739675376211;
  -10.56799021545769, 0.3786214176278852, 19.94591611516492;
  -5.27272919199482, 0.9508484908421324, 10.47946731856828;
  -10.44630728929544, -1.250007109997784, 19.83725030678887;
  -10.69835562418447, 0.194715685642598, 20.28217090944079;
  -10.46278711069958, -0.4515222203293954, 19.86954537350154;
  -10.37158222625755, -1.157532085083803, 19.77088616557083;
  -10.05162571162713, -2.709055186490264, 19.20201556065663;
  -10.43220955292784, -3.371712203135771, 19.91703499893324;
  -10.44017237386811, -0.6839754760635649, 20.00014467288748;
  -10.66960421922309, 0.2478062046481382, 20.4537112454133;
  -10.30418925409156, -2.372100636606818, 19.8446020616104;
  -10.46733682282578, -2.842847440375982, 20.16432792738964;
  -10.4514896157429, 0.05501799657643984, 20.20257506568175;
  -10.36930871903866, -1.028895367872301, 20.07403742588452;
  -10.39982475303159, -0.9181565692759921, 20.21122093779933;
