m=[-12.71206735333676, -1.721181551269175, 16.22930535217983;
  -7.104855929363925, 0.7930708663743019, 9.532592718499226;
  -7.121649993939681, 0.9406074532803364, 9.556504395013853;
  -12.40765972881231, -0.06214638616890021, 16.01259648872249;
  -12.72608912235213, -2.553922514111223, 16.41736917000694;
  -13.19929375432108, -2.534413012275038, 17.02947547699138;
  -12.84515418042997, -0.4262116735064256, 16.65455901690751;
  -12.73040471593823, -0.339922407807944, 16.52360529474901;
  -12.55052586570382, -2.638164159165715, 16.31636552390214;
  -7.563098717719362, 0.7049347612442144, 10.2880501706361;
  -12.67200786789027, -0.4805743425367346, 16.57054046104279;
  -12.56883559163114, -1.844962800392025, 16.46257413754171;
  -12.48076313165851, -1.199862742166093, 16.40377046408144;
  -12.26561244973179, -1.352005305664365, 16.15872487551408;
  -12.17657727018362, -1.094961464871872, 16.0681193635329;
  -12.53266044526997, -0.4411576365320538, 16.51930807707063;
  -12.51294704995001, -3.121025672245799, 16.53673088547986;
  -12.83591735400671, -1.084905067945938, 16.9432050502312;
  -12.90847072173807, -0.9178368327474792, 17.08224346215598;
  -12.6243877056706, -0.2048184951687886, 16.75806534165872;
  -12.0769603067813, 0.1338084884569001, 16.10152779689618;
  -11.97172787754986, 0.1905631319061037, 16.07562533094626;
  -11.80754196345728, -1.747964997301409, 15.88251135086736;
  -11.84628284183129, -0.01962347723635768, 16.05307638023304;
  -6.707162476395454, 0.8243702841167966, 9.554505073539616;
  -12.15503612414265, -1.641459694286402, 16.53297607393539;
  -6.802306525955268, 0.4290277260319911, 9.713851817223471;
  -11.44740432341489, 0.2697855918592305, 15.79293620156222;
  -11.43970922646391, -0.1614256130589589, 15.79431162123283;
  -6.778596644450001, 0.4315921149534984, 9.779141938206905;
  -11.85553955112809, 0.05819845878106791, 16.36319701425796;
  -11.58358578244831, 0.1953049987093853, 16.01218818940684;
  -11.56607390876267, 0.3313990972490173, 16.03122928418989;
  -6.654917894227089, 0.4759644182719602, 9.67298700328179;
  -11.80592679082344, -0.03683638791851282, 16.45690563140126;
  -11.52636568789829, 0.093985317910253, 16.11129176278967;
  -12.10473274492262, -1.86023890540971, 16.92767786092266;
  -11.64625025537049, -0.1766316440734802, 16.31941141339248;
  -11.78030272787857, -1.701534440986103, 16.64923575435246;
  -11.39899405741067, 0.003664925886242659, 16.15287986253543;
  -11.29242386068414, -0.3143664580135129, 16.09958175772176;
  -12.59783942055665, -1.993043013625098, 18.02529607322668;
  -11.44550622304217, -0.1577494392547856, 16.5568530787067;
  -6.304976778363645, 1.269727861237842, 9.611306942620685;
  -12.45806468533414, -0.7111428183295622, 18.02221472784137;
  -11.73105324753931, -1.436913876695806, 17.06502868914931;
  -11.30136051824931, -0.08567048072523406, 16.47744185391439;
  -6.318101637700098, 0.7592402193179995, 9.690681009519279;
  -11.33063815662212, -0.4630007656576962, 16.60148201541531;
  -11.63605307192569, -0.1746680095366344, 17.06124616333107;
  -11.41679572746759, -0.2905875856945347, 16.8165802150687;
  -6.496750593877472, 0.6116002515374045, 10.03892068075018;
  -11.28487383730099, -0.4349335094729509, 16.73357600395731;
  -6.128937944537002, 1.150310390913313, 9.565746777394047;
  -6.135554101375965, 1.237523112619513, 9.588062797964014;
  -11.23604070699826, -0.1777666444125517, 16.74977827856088;
  -11.24663287532091, -0.2412657217729086, 16.76951056240763;
  -6.108297693163332, 1.433155806123756, 9.587416452298921;
  -6.301804032858278, 0.6893470115584826, 9.874665862975228;
  -11.24499235399705, -0.4603961500337755, 16.84367323258678;
  -6.125809106884051, 1.654042636332987, 9.660716927493374;
  -11.08795785632679, 0.0675785374187033, 16.69571376560049;
  -10.51025290345025, -0.1734281901894281, 15.8876798217009;
  -11.13660351456179, -0.259125868731716, 16.77660628215747;
  -11.17565064859847, -3.096377294226291, 16.8418138559088;
  -10.72103469007224, -2.979949960762297, 16.44801863093828;
  -5.907186271781474, 1.336034196933056, 9.549649837875375;
  -5.895574846213854, 1.241888046416214, 9.591425136131552;
  -13.73602535458864, -5.086271537824586, 21.14956092071151;
  -5.81317229542147, 1.466573001487051, 9.578033735843363;
  -10.51113683852202, -3.118257987762373, 16.58019986056856;
  -5.778799280182725, 1.202335654573912, 9.5755601069714;
  -5.766958203357522, 1.309257546366277, 9.582966933905146;
  -5.740760624554127, 1.218757636756457, 9.60478486733496;
  -5.753327583107059, 1.449720489399109, 9.652682092813578;
  -12.93438302645537, -4.711791406476309, 20.44119720471247;
  -10.23064657615999, -3.190689832372048, 16.42225816033919;
  -5.672573529460143, 1.344852985507922, 9.589211173225294;
  -5.64714558396879, 1.295087671074386, 9.563606724128194;
  -9.738988350664364, -1.056973390876577, 15.90048317875754;
  -9.754031154568375, -1.28119970267366, 15.9643645799041;
  -12.70399759969815, -4.757373447402111, 20.5430102782265;
  -9.657907521070335, -0.9487420609508011, 15.94389329969227;
  -9.751938753000196, -1.467241636752997, 16.12031111170057;
  -11.67878022839407, -3.298513027887079, 19.152219371426;
  -9.497783991555771, -1.100779726258495, 15.79974025272814;
  -9.300721832605424, -1.653078837788905, 15.50737427919198;
  -9.061260183573012, -0.955707680265692, 15.1694608880187;
  -9.589594842744724, -0.5877652183213039, 16.11676204532197;
  -5.430691294935166, 1.085052421008965, 9.602578563074323;
  -11.52429241687976, -4.047096881201258, 19.23890022916491;
  -9.38153879038258, -0.7965737075169446, 15.86539649093202;
  -11.82704381656751, -4.257583935510904, 19.78496330372069;
  -11.10964221997615, -3.256501526731924, 18.68549960556963;
  -9.453911611198597, -0.6421505068912934, 16.0610491485267;
  -5.357886276323949, 1.220115863813324, 9.563272598332377;
  -9.242609023079488, -1.432951436928764, 15.81782675004317;
  -9.245339820837076, -1.084307953522361, 15.82692445296699;
  -11.67056179422661, -4.047468716219885, 19.76311666749748;
  -9.263080013305572, -1.311066236940252, 15.91604356908467;
  -9.319740778173239, -1.64562971157198, 16.05040415638887;
  -5.41423816525168, 0.9956439717160766, 9.76277307511204;
  -9.377725279970525, -1.473181410195825, 16.17124493920016;
  -11.82031363913966, -4.18489874109817, 20.20373088945131;
  -10.80736723425998, -0.6116794292952399, 18.7978709379482;
  -11.77724277314974, -4.237117751201697, 20.49355025850447;
  -10.80802135436844, 0.961792427773806, 19.03587207610389;
  -10.82129004108315, 0.8623752325732078, 19.14594611553564;
  -9.41507163825165, -1.679798090244178, 16.80363181693571;
  -10.41739381085668, -1.206861535940309, 18.4829889673296;
  -11.1444088291257, 0.7395427052174144, 19.75395153741393;
  -10.7376818262921, 0.2955621842044961, 19.07450186485101;
  -10.80833290774288, 0.570423461512736, 19.21668587866858;
  -10.87611779412166, -0.07078355342007735, 19.36032410274151;
  -10.81133980933741, -2.851101539234698, 19.33052659055176;
  -10.5876124783761, 0.138461474733646, 18.97846816536156;
  -10.65553265815362, -0.09391954571526866, 19.09979251561839;
  -10.74070923068014, 0.4100958751385219, 19.34275252563556;
  -9.919386473594246, -1.661170235143845, 17.97530580043179;
  -10.48578150855509, 0.2109299512772281, 18.98460150595884;
  -9.867222791789617, -1.863830719756189, 17.93824537145242;
  -10.89906429538146, -1.195937243022953, 19.80490181420443;
  -4.758883484785683, 1.576406176591411, 9.244912336304028;
  -10.72845375997767, -0.6700054991805083, 19.60500925239575;
  -4.803688174667828, 1.551752436390156, 9.351279899811903;
  -10.82438490578448, -2.561692848092631, 19.79800345625174;
  -10.77210288135514, 0.2697835558263678, 19.73059553032392;
  -10.69788678761632, -2.436615236293576, 19.63202937589836;
  -5.161932807357059, 1.16428474860378, 10.00929536530833;
  -11.06867936952202, -2.997308141900848, 20.34188876070281;
  -10.6484281854821, 0.07785594034791106, 19.65230637502303;
