m=[-5.793918736616361, -0.04054653220960405, 8.028013661036287;
  -5.798799860083414, -0.04371618446013627, 8.159128480773523;
  -5.799050712286391, -0.07692215881382539, 8.162011166675754;
  -5.705066279221263, 0.08459646791239696, 8.106642069558443;
  -5.670526180430193, -0.08659062837111245, 8.063694477841768;
  -5.718834135122982, 0.05352103202047688, 8.144037403983862;
  -5.684129114433744, -0.1212307828738169, 8.123449972431603;
  -4.905576061232773, -0.5692998605045939, 7.343542857223993;
  -4.945799526655473, -0.6064295373022232, 7.614835797563978;
  -4.979530963697317, -0.4450369587809857, 7.732749497742502;
  -4.914129016242744, -0.5229782205795956, 7.684205820839881;
  -4.848189831193885, -0.4668846373417103, 7.607690595162004;
  -2.53798850427222, 0.5928272209806541, 4.490775277483826;
  -2.553651548488338, 0.6442663668927209, 4.512770270197055;
  -6.255002613380397, -1.716560894441951, 9.653018426905286;
  -5.914465395890673, -1.558759931469043, 9.390813977182226;
  -6.243557371242609, -2.259537204530489, 9.911735073182292;
  -6.128623395781843, -2.115640471458919, 9.992354911733793;
  -3.536803921448089, 1.234389384193704, 6.212646519499632;
  -6.002280038694259, -1.956869412450716, 9.857757050888024;
  -5.777734070013846, -1.518939785172497, 9.596380509925336;
  -2.379579467842377, 0.8055104111748489, 4.53951849767104;
  -6.020672596703954, -2.110892679200154, 10.00034670650728;
  -5.580169738439757, -0.4762364848515824, 9.400513716602855;
  -5.726412558159241, -0.6134603877268939, 9.648383509696906;
  -5.595693106277847, 0.2082756815144786, 9.458624384131333;
  -5.538198511516444, 0.01580711371530548, 9.388166111190241;
  -5.596972303490833, 0.1256521719218861, 9.543620630307665;
  -5.592180635199905, 0.2658010761738811, 9.590740450129985;
  -5.527240684160735, 0.1651188761543069, 9.519744360562626;
  -5.532504936586984, 0.01715254607733502, 9.529721166541952;
  -5.546399026845674, -0.5575508638865959, 9.60849052161373;
  -5.491827044018701, -0.293334482188252, 9.563340106211079;
  -5.564245133473385, 0.09389782817407129, 9.788124673177039;
  -5.588029593742997, -0.4894831939748424, 9.839125427089709;
  -5.524571517652595, -1.31264535805462, 9.776070668152668;
  -5.713574776826099, -2.02860243591048, 10.12676915578916;
  -5.555403217831703, -1.263855682766808, 9.933768582877487;
  -5.633897905450054, -0.5607473301850554, 10.07288835563814;
  -5.526376565377088, -1.198978531183662, 9.92233410540962;
  -5.70777167662592, 0.1545281729739494, 10.22997694241924;
  -5.65452448947007, -0.8322397575961373, 10.17811331615181;
  -5.671930821092962, -0.1380032927724836, 10.26849365097402;
  -5.640771399844297, -1.002480875375675, 10.22557257688568;
  -5.565187635293206, -0.8149069217110738, 10.12683728310299;
  -5.521476487179498, -1.165337119344304, 10.0713008597181;
  -5.612081772657446, 0.1100305646104953, 10.22322276041166;
  -5.659878901671474, -0.7811373335220222, 10.32039398547764;
  -5.686768748369068, -0.5054595352603464, 10.3840977128138;
  -5.659895749265122, 0.04250361819363259, 10.37156266817958;
  -4.202923038803816, 0.6172520875223295, 8.106850920044458;
  -5.776459047323624, -2.031768513216656, 10.82649274500393;
  -5.668804198995214, -1.966946513137337, 10.77700539450231;
  -5.65122696011391, -1.927013468378953, 10.83994083083496;
  -4.129844384099425, 0.2704298508869923, 8.215645354775891;
  -5.649016698361486, -1.978939226525589, 10.91099209544582;
  -5.756848245105783, -1.493869759255875, 11.11592383819641;
  -5.677405058010215, -2.002569458563583, 11.09028610243595;
  -5.606813974461563, -1.413852793985958, 10.98589362752783;
  -5.717219113913052, -1.9145404364322, 11.27295466692197;
  -5.743803078229098, -2.003073122708132, 11.55968502258768;
  -4.177782484853501, 0.227186276186611, 8.670781186321671;
  -5.677586417816987, -1.935605288735663, 11.55445234770108;
  -5.999516916725828, -2.865694835120416, 12.19839894173127;
  -6.008035341258802, -2.934179328707964, 12.25291520962546;
  -4.082978278733979, 0.3088421035796281, 8.653817017660801;
  -3.966944420683809, 0.2284190326273092, 8.458418749088585;
  -5.66437370957488, -1.855322061535259, 11.68107282700512;
  -3.838519304439053, 0.2374631694186361, 8.295182234386759;
  -5.715079312520388, -1.949932779265292, 11.91123542468322;
  -5.562896256725495, -1.954891295385219, 11.6741207026527;
  -5.754677731507542, -2.535992074509125, 12.12179780933555;
  -2.416850271535463, 0.7898645579902914, 5.743490076730104;
  -5.574958188543188, -0.6898260887287546, 12.05323756836616;
  -5.881324766927789, -2.909816422008861, 12.85999354973168;
  -5.858383515735214, -2.903326386202235, 12.96102577918867;
  -5.618716141719483, -0.2659883189012183, 12.55250195371529;
  -5.784561823948705, -1.275257449360161, 12.95778889877;
  -5.71145668112723, -0.2019297592655483, 12.93856036897794;
  -5.738728621161838, -2.053751913543505, 13.33397181160137;
  -4.563711188795723, -0.888626952790192, 10.86736536177399;
  -3.347230436620829, 0.2636199756939921, 8.262059221452688;
  -3.679552712634611, 0.1358194595916225, 9.112675401878228;
  -4.231081757150803, -0.7196235116942423, 10.4457127958984;
  -2.36061911064875, 0.7823393271891401, 6.263314092232562;
  -4.229797461094472, -0.9863692680361437, 10.49559403857538;
  -4.156336653977312, -0.9419078274509015, 10.42490123289415;
  -3.60445248050932, 0.06692043611808075, 9.17839001454548;
  -4.063703533645668, -0.6373942818149947, 10.27299391797943;
  -4.168864495446963, -0.9667172754187774, 10.58077375008946;
  -3.02427615738627, 0.5009706365405807, 7.975733918592924;
  -4.113055952530216, -0.5262219739458486, 10.60262591370124;
  -3.932642774432382, -0.7009057444916333, 10.21264923141364;
  -3.011030435402997, 0.6841382738781054, 8.09841668144478;
  -3.569545533080083, 0.06356461789993159, 9.440192072062775;
  -3.972520879116495, -0.508058574410185, 10.4223166121317;
  -2.999782859404754, 0.6030847290257717, 8.107255555490399;
  -3.901193535945776, -0.642050059497341, 10.30034348558608;
  -3.847652073052929, -0.514324220751021, 10.25201171284819;
  -9.072890001734921, -4.504754714825004, 22.92460881387262;
  -4.024064233226549, -0.3869220554081944, 10.77806648765877;
  -8.920011016459618, -4.213925323814121, 22.72863681326159;
  -3.973279363110827, -0.2053677548150407, 10.66673460028768;
  -3.971123998261211, -0.4323393922364689, 10.68237208873196;
  -3.960643787053499, -0.1356537385380434, 10.65735063139443;
  -8.866610210070679, -4.504913891433712, 22.75990057164821;
  -9.017956102101906, -4.753966684237053, 23.22487233902171;
  -3.958184672373615, -0.4046219268761776, 10.75161710722524;
  -3.606019608117911, -0.7830099889416572, 9.931660662936761;
  -3.749176895598144, -0.003627472179798479, 10.28674250490237;
  -8.917728454134013, -4.534613808958443, 23.21927750989725;
  -8.520889599214197, -4.617998024349262, 22.71978670102519;
  -3.405105927542522, 0.3188335971345658, 9.665828830561093;
  -3.791823093979013, -0.5611492176719264, 10.70469919722983;
  -8.48346793956833, -4.531275356713083, 22.82571806136109;
  -3.644609569583449, -0.868211851596822, 10.37289973657389;
  -3.755327647757629, -0.78979290352526, 10.66234734764389;
  -3.617404425360402, 0.05638460025763415, 10.31653340507214;
  -3.518185288618009, -1.132323129958753, 10.12219081333475;
  -3.725133734762383, -0.976482599473645, 10.67508666074418;
  -2.763582532454821, 0.5236587257187545, 8.180245830250692;
  -3.782113865523363, -0.5996376739905867, 10.85784210619407;
  -3.548588274594396, -0.870063295149286, 10.33367056307628;
  -2.738630738023783, 0.3811471175720381, 8.200283616416906;
  -3.054964990072087, 0.9019358136717565, 9.03360298482669;
  -3.668488497600134, -0.7022639003474609, 10.7321526126839;
  -2.660307269543495, 0.4332654116998542, 8.158251013225453;
  -8.38175584559799, -5.691586793968767, 23.75556804556809;
  -3.479412985400422, -0.9196347394254711, 10.50345448682359;
  -2.642861812721544, 0.5312411655745021, 8.266696524319469;
