m=[-5.290888062243446, -1.279893854631974, 7.600281619016633;
  -5.380359191758314, -1.416077397950171, 7.894205048977559;
  -5.21653464954048, -1.315164492934543, 7.851140596090937;
  -5.548699656217914, -1.716306784725685, 8.565486323382041;
  -5.400361655749034, -1.802030031273667, 8.378520587694375;
  -4.911954798476084, -0.1768208008527986, 7.694712345792578;
  -5.304409466920852, -1.56382935583457, 8.298838390872623;
  -5.050920564788456, -1.362501290023985, 7.958505770434385;
  -5.420137644594765, -1.649262317151311, 8.47088864733157;
  -5.151713921969874, -1.433225385566202, 8.107250152700198;
  -5.139238772874093, -1.335043393498323, 8.096274543893715;
  -5.307431524986826, -1.797929307595723, 8.386866834021143;
  -5.322456622854055, -1.892116513220636, 8.429160690938479;
  -4.857447059987774, 0.3578058303047129, 7.801201918940856;
  -4.838920451761394, 0.06929309412266793, 7.780349193647244;
  -5.058872319442716, -1.319652131237533, 8.120773947091927;
  -4.823187510458996, 0.1647642723392472, 7.809463942210369;
  -4.841195323918091, 0.3327494744817124, 7.837597420023723;
  -4.8441201690442, 0.359762286901231, 7.861930722931487;
  -5.223009556657244, -1.256540588496736, 8.431870926836215;
  -4.812533747431123, 0.3624993809416642, 7.843315234428786;
  -4.800580866119611, 0.06991934425914205, 7.854147412412591;
  -4.831894534057478, -0.8091376426888949, 7.966758271488178;
  -5.143589649628884, -1.242094344235856, 8.495256797660241;
  -4.935063095291081, -1.232550691307996, 8.233540333582663;
  -4.9979737285691, -1.296312724685583, 8.332795014774423;
  -4.848834790794045, -1.092097883060544, 8.152835148176731;
  -5.034516263543547, -1.714955793234186, 8.487107210450116;
  -4.844996745982782, -1.122252882056333, 8.232870155891742;
  -4.83819448810412, -1.068073205751405, 8.244407743006402;
  -4.790866919554818, -0.9831604651086818, 8.184618849638151;
  -4.880707718053944, 0.1857652439874442, 8.334628618434019;
  -4.874926996470823, -0.6598976098934304, 8.357564612487389;
  -4.911883905272824, -1.905487048254728, 8.440608679153943;
  -4.844360114829033, -0.6107045921744708, 8.332251346975388;
  -3.799689605777372, 0.748508003766457, 6.744095894212026;
  -4.838601475752984, -0.2459284314827347, 8.346893017916241;
  -3.746593660928022, 0.6870010071209222, 6.667785074013839;
  -4.805624956623925, -0.05710062101657087, 8.296164079639347;
  -4.801762527479343, -0.5217704018451592, 8.300162845183014;
  -4.826776362519706, -0.2891122046035994, 8.335388590630659;
  -4.791310976922651, -0.954994926288656, 8.317166905014753;
  -4.789426132410036, -0.644516376153494, 8.312081893417574;
  -4.849149754925198, -0.6087643991648886, 8.4272730047248;
  -4.782374862727807, -0.23407344301308, 8.324115385754187;
  -4.819923060717981, 0.09493168542517971, 8.422784508649109;
  -3.66365819254309, 0.6273222785397147, 6.632716679655721;
  -4.754419020219024, -0.03814348036260902, 8.336969977693013;
  -4.997501852318402, -1.69426175341008, 8.944853470320123;
  -4.880035757262166, -1.637906564717884, 8.865189394111587;
  -4.78924814132113, -1.103733935550745, 8.756558759760832;
  -4.87856355599952, -1.602775041873313, 8.941017480015928;
  -4.851021447297956, -1.637680215563637, 8.957044010193764;
  -4.844377890556164, -1.645942084189932, 9.052694841970443;
  -4.867154632212816, -1.634589530508093, 9.391246036143125;
  -4.850529588482368, -1.585110263357572, 9.455074048468545;
  -4.725929912654467, -1.098973229973659, 9.329543280449146;
  -4.78376562001621, -1.506449855752073, 9.457903277488802;
  -4.847884295212451, -1.588829526427306, 9.691446921565079;
  -3.183793889060814, 0.3046176191957783, 6.914000947099187;
  -5.022964899662563, -2.346226419022313, 10.49236411582788;
  -5.011174224310903, -2.418994348044161, 10.53089810792936;
  -4.645636781048609, -1.010741089962521, 9.906100530367423;
  -4.535874083680489, -0.1502010274774995, 9.750230517127459;
  -4.723015329441581, -0.973606768632983, 10.18716287487451;
  -4.56462848750533, -0.09752644864087721, 9.962020282703337;
  -2.888483193527807, 0.2609427541847093, 6.642657419146219;
  -2.046928930299359, 0.7139029757717128, 5.016904574529917;
  -3.313035166244229, 0.1707450577130248, 7.622426125578566;
  -3.786601367819135, -0.681303557498642, 8.620616375224643;
  -4.570020840913926, -0.5116155474205852, 10.22256986643551;
  -3.71692087052579, -0.9307290895841254, 8.558147936162003;
  -3.674017980781829, -0.913517273186189, 8.561170264651244;
  -3.52085651697706, -0.749640751960782, 8.241666420885464;
  -3.077328320499823, 0.198402898030735, 7.349657215021515;
  -3.530541065813723, -0.77209491216121, 8.359489285034737;
  -2.556174421802484, 0.4649355542964475, 6.344571556546192;
  -3.442403812141202, -0.4978849803640915, 8.282158001898855;
  -3.308868870726391, -0.3909773055336226, 8.066870598606338;
  -2.517150732466153, 0.6145291588072972, 6.372417227629077;
  -2.510368082808463, 0.5459346845240555, 6.383429301901657;
  -2.492634076301713, 0.5022785696269141, 6.368634197107522;
  -2.945462100731116, 0.1028283207830615, 7.398457296664569;
  -2.887932848477093, 0.2421758489091367, 7.293313055071703;
  -3.371635978060109, -0.6354766002203784, 8.389960675458443;
  -7.283712303654192, -4.147974630745719, 17.207200812866;
  -3.215137674669486, -0.4772438359259639, 8.094848574985749;
  -7.278820076926079, -3.946527714403127, 17.32250485914308;
  -2.853328367835774, 0.2055314654960774, 7.320467364745979;
  -3.193480781370695, -0.5133046293161026, 8.110143973373246;
  -3.2763930752997, -0.295596365236413, 8.289230883303866;
  -3.182420060814896, -0.3780447295371319, 8.086385438049813;
  -2.807170788495351, 0.2689472268822857, 7.246250483486548;
  -3.022969730546381, -0.9182510424840104, 7.778642757574615;
  -3.235737407371922, -0.5084109156425178, 8.281153210200349;
  -3.175867408389868, -0.05757477824235223, 8.160693627922129;
  -3.180259992474916, -0.004379148924809583, 8.178626651375854;
  -2.012470909509684, 0.688190493242886, 5.514457866827629;
  -3.157822835497313, -0.6765527055476086, 8.265568187498399;
  -6.618998211555476, -3.186895892487613, 16.37920200642289;
  -3.059369934183181, 0.05746057884409216, 8.016697639355012;
  -3.003903856984436, -0.7508702402644947, 7.969211200275232;
  -6.44216555101825, -3.172155195681419, 16.19624060841632;
  -2.803471403618496, 0.236886161934582, 7.517783544993247;
  -6.495193623791052, -3.323911597600539, 16.37606126787961;
  -2.735572651304608, 0.3034697998770016, 7.386188078346438;
  -2.875038913276359, -0.7827070974292474, 7.754215242913905;
  -2.266828429972595, 0.4705497766147002, 6.321606216624855;
  -2.266199157290127, 0.4067435344599157, 6.32815164695023;
  -3.005900935937242, -0.5812676578165762, 8.142421359552072;
  -3.030461387496369, -0.5388728209821735, 8.225117737936161;
  -2.271814671764357, 0.356978750742166, 6.407820696974083;
  -3.016776947202565, -0.7418043267467991, 8.265603787578728;
  -2.721872561213671, 0.2623841221052888, 7.533299245234486;
  -6.247728044192421, -3.285069859973594, 16.30645424220599;
  -2.951277179607259, -0.6770211071596251, 8.194417377270936;
  -6.19313021160657, -3.210324796245927, 16.32052811134505;
  -6.21235180495383, -3.339467716642985, 16.41180872996978;
  -2.20234111748851, 0.3997690484416926, 6.355166858156644;
  -2.954165037145522, -0.513126360235015, 8.256833263072471;
  -6.112918943120816, -3.139016806104677, 16.224520800697;
  -2.86630160660532, -0.8595363508763514, 8.195840088603109;
  -2.147963789996562, 0.4725648257456246, 6.332920563005891;
  -2.824539537466351, -0.6961698321364868, 8.135428853664536;
  -2.868096554995595, -0.9549489090978262, 8.318977607223676;
  -2.823167611079448, -0.8305681350478461, 8.218418539325134;
  -2.269157308839517, 0.6206407776663526, 6.839964807877534;
  -2.097923186514542, 0.4511099467320512, 6.413871966751675;
  -2.088713844707207, 0.4890823431987585, 6.422509800718222;
  -3.023019702344361, 0.1872552412827331, 8.969782312740824;
  -2.890588273133774, 0.2359104708770758, 8.709008159055026;
