m=[-11.83030712592449, 0.04598817697004215, 15.15152325899676;
  -11.54104363776476, 0.492433701044193, 14.99915851376652;
  -11.75327854953209, 0.03605227529301015, 15.28227594823306;
  -5.523449028944854, 1.229468874938722, 7.768990460805084;
  -11.20652970887267, 0.8988779461950641, 14.82654240483728;
  -11.45604441114161, 0.02848222566134919, 15.16905935083429;
  -11.56096003101844, -0.03449243946692232, 15.30393221057925;
  -11.76760626304564, 0.3812333630052086, 15.58197301686622;
  -11.21670104920342, -0.05968796113636569, 14.99774088132472;
  -11.31318698530321, 0.2245600920703779, 15.15823994211772;
  -11.58336188223575, 0.02314553722501388, 15.50835858741441;
  -5.437633060621392, 1.126334617861581, 7.827983638585135;
  -11.35723694298381, -0.1312681089959877, 15.25914452612122;
  -11.29068343102107, 0.8458421719644274, 15.45036054059522;
  -10.61784378444061, -2.330305996561694, 14.83952800367318;
  -5.274755634595921, 1.083992765036699, 7.910017426291526;
  -5.267311176966654, 1.125209495853309, 7.940070022852956;
  -5.201131781099138, 1.283703201306574, 7.88891565753895;
  -5.139097010925169, 1.2846837208043, 7.890924893396099;
  -9.922854427633904, -1.108806941602835, 14.29959405499867;
  -11.34923329187438, 1.120712095113049, 16.28652179980995;
  -11.941892228452, -2.888807001029647, 17.15434969185428;
  -12.43397067440165, -3.147088251819866, 17.83463535203599;
  -10.00174001564616, -0.780413908991887, 14.55128727066233;
  -9.586314012409709, -1.509135975679474, 14.02488363613902;
  -9.803435231011834, -0.9389975543296729, 14.36346222478699;
  -9.688860945340471, -0.8255488854069463, 14.23359618006226;
  -11.93771550404511, -3.238322240896685, 17.36514449354993;
  -5.123379659107949, 1.306647252808519, 8.059784081514241;
  -9.802446945227921, -0.4041733530929946, 14.52328854577093;
  -5.15580259753793, 1.27697922662422, 8.1208815874261;
  -9.831002354149836, -0.6006034856291116, 14.58063955910857;
  -12.98511565634295, -4.546677634079575, 18.98242921281642;
  -12.24350560547418, -3.222415259216584, 17.96399465596514;
  -9.738904251771444, -0.6247300489514761, 14.50258812321368;
  -9.710151252432379, -0.4627457420847556, 14.5408544617121;
  -9.559616589961379, -0.9295904403426603, 14.40152075515285;
  -9.754736723496231, -1.312163043755618, 14.70794375516645;
  -9.466580694513532, -1.14505931238085, 14.33601218491534;
  -9.381962188621554, -0.7818136628293569, 14.23631584724068;
  -9.547910968317462, -1.491730184743841, 14.49889451525795;
  -9.516347138820667, -1.284828087097181, 14.45882636922614;
  -11.89942256629196, -3.000018038218111, 17.90921480574946;
  -10.78852852130126, 1.327410972057304, 16.36657572357881;
  -12.20733816723574, -4.274291852337131, 18.44910351118412;
  -5.191768151711688, 1.36296226275128, 8.424440375742121;
  -5.15848283333704, 1.320100889011418, 8.416281655780436;
  -5.211137720252532, 1.112564280046347, 8.545468854015565;
  -4.870158667350348, 1.788552924643676, 8.088403310386177;
  -5.141829473210929, 1.31267773894194, 8.486131150382489;
  -4.831049071578718, 1.742222709274534, 8.034041799009938;
  -11.90306627140665, -3.81309537292133, 18.36718241536932;
  -5.160596181886838, 1.346618224339034, 8.550044912030943;
  -12.20536987258589, -4.072772242908604, 18.9363137650272;
  -11.10603281280936, -0.9820110016477139, 17.33259498645767;
  -5.129462772821367, 1.341148724446074, 8.560355814586012;
  -11.0891193209817, 1.517845746627207, 17.34233622805184;
  -11.12698189980419, -0.4005496653202866, 17.43072330844673;
  -9.658795876402737, -1.763233035504672, 15.26894068707506;
  -11.95276780540486, -3.764009159721073, 18.66922990945681;
  -11.9879882194921, -3.534261073160187, 18.7554104722991;
  -12.32834637508257, -3.751321173455698, 19.26741647478328;
  -11.2305783910992, 1.323409937467605, 17.66548005782408;
  -11.7898994364331, -3.40975903479782, 18.55097150539509;
  -4.828217989191592, 1.702514777938818, 8.211334651198291;
  -12.04079443147258, -4.078902778709645, 19.02700750771053;
  -12.09764052412615, -4.300672984053723, 19.15900178898738;
  -5.333110023199832, 1.466636746465015, 9.028010100865775;
  -11.36731368259422, -0.8394699217713889, 18.14425853272008;
  -11.12600735040409, 1.120457875072043, 17.78277319588957;
  -4.790580720758013, 1.723458098559846, 8.234399161145385;
  -11.72177329693825, -1.120544596315254, 18.73454440586806;
  -11.14506519391364, 0.5494698408343214, 17.87953547486363;
  -11.06113702920989, 0.1583949182280467, 17.7848570613945;
  -11.4942255156374, -2.998371621347162, 18.45114903387599;
  -11.66616130678794, -2.806620404369126, 18.83350303755573;
  -11.12900903967677, 0.7649292502533461, 18.01718102673006;
  -11.13472665819801, 0.3803719286376704, 18.02879240232788;
  -9.888980436848396, 1.19114635711737, 16.14142930507729;
  -11.16798139649854, 0.8294217292440701, 18.12545787269011;
  -11.03265051281257, 0.831023571143805, 17.98066473600554;
  -10.93927846331033, 0.1593280476162603, 17.89756448904883;
  -5.155733577951961, 1.262011186555351, 8.986394532763965;
  -11.18670341395479, -0.9942595183552018, 18.39494045183239;
  -11.26197540752618, -2.656868637235087, 18.5243093060448;
  -11.36587458856971, -1.903302505232933, 18.73989068944938;
  -11.54890350422078, -2.250016985219829, 19.06329864932731;
  -11.10893939833724, -2.292995746904985, 18.45338360308481;
  -5.094648552726105, 1.291521881413993, 9.02272529314962;
  -11.37103615860849, -2.839959329305081, 18.97116268601785;
  -11.26193583776138, 0.3205591497741516, 18.82021097985768;
  -10.96594822242578, -0.7134179382301493, 18.43799720231602;
  -11.08918601708884, -2.497605527233089, 18.64536727389438;
  -11.03332218867435, -1.151413920258232, 18.55955013128623;
  -11.51410047879997, -3.922159009195485, 19.41028692331387;
  -11.29558207301339, 0.1217361823212705, 19.089597794688;
  -9.224357677558267, 1.270508575972695, 15.7912775005649;
  -11.10079488759813, -0.354305319763256, 18.80373231677493;
  -11.04644851594339, -2.438598883860659, 18.82343215046161;
  -11.28128397238469, -0.9954909874829463, 19.20154442012898;
  -11.08557974203871, 0.06626531220577302, 18.88887887029309;
  -10.99794493658654, -2.256949491742267, 18.78866371091622;
  -11.40905405375563, 0.4342414732441533, 19.48287705775734;
  -11.32215024590175, -1.532630107391106, 19.41067062151239;
  -11.09902306708078, -1.778692224921324, 19.10557063458646;
  -11.32626998287826, -0.5756729140429484, 19.53853077441321;
  -11.16151736441561, 0.1987079291350859, 19.26811826131938;
  -11.20744602488757, -0.1331673057733498, 19.34791249325646;
  -11.18859460339376, -0.6701696969682004, 19.32165006162316;
  -11.15255892502392, -1.211862335675779, 19.27793277748594;
  -11.15121854310568, 0.9284643724378704, 19.27453380878615;
  -11.18994034232185, 0.7023700846074736, 19.33975815319829;
  -10.81145145971713, -1.454904475637026, 18.76334814138943;
  -11.11869670837887, -2.2161573303397, 19.30078359247315;
  -11.33053411890718, -1.4224402511199, 19.69118487470855;
  -11.18536905666834, -0.5474681348949999, 19.46905153454321;
  -11.28231858409744, 0.2222129907884157, 19.7157790683954;
  -8.635152689109933, 1.701054973468518, 15.32659344278354;
  -4.980958790773756, 1.70331461467369, 9.282309371675904;
  -8.562153136143936, 1.57001488818978, 15.23800071461716;
  -11.05492810342165, -0.08869084345104544, 19.38504017248679;
  -8.418611267554226, 1.44150521826829, 15.24112251724143;
  -8.42695258189084, 1.347040173921722, 15.28521725258173;
  -4.801042870477858, 1.751339143837352, 9.15542948460525;
  -11.59925221188173, -3.932398620649156, 20.76109513645024;
  -11.28942592504101, -3.789116669279264, 20.50864050070632;
  -11.1054397265967, -2.559368471577442, 20.30494821930459;
  -11.27930515279858, -3.70563764949758, 20.67175376030209;
  -8.228983910290943, 0.643493801460912, 15.41399756296777;
  -11.21002849581589, -3.784448715172767, 20.69846931896731;
  -11.43998603076125, -3.433434830683535, 21.12676148989628;
