m=[-6.384655704904137, -1.591578705486284, 8.664173706907121;
  -6.188508452651751, -1.602518031833365, 8.593338486954957;
  -5.783284839474556, -1.682748124592764, 8.121834640295473;
  -6.062451336689684, -1.673479239388545, 8.749879858660172;
  -6.288708329104272, -1.985428071866764, 9.194371954769149;
  -5.808610286096347, -0.183537647633522, 8.599148078018358;
  -6.14594764548254, -2.053818898019028, 9.220452960318056;
  -5.746023400299118, -0.445816295484802, 8.681473466846256;
  -4.790840041421954, 0.8031532301814537, 7.434842270144174;
  -5.792042048567901, 0.3147494558377301, 8.796019672210651;
  -5.763718292296376, 0.1088769297113897, 8.769300452258756;
  -5.914328175889007, -1.468851093048259, 9.043925507045993;
  -5.725224139415519, 0.2215270650621904, 8.779256583369826;
  -5.773706028464212, 0.4246900287127706, 8.85262788826617;
  -5.772860757650148, 0.4624524135453406, 8.909537243354126;
  -5.675950931828693, 0.2633453576965951, 8.789294432457647;
  -5.724763865912204, 0.109768764393134, 8.866340023436175;
  -5.886875825647993, -1.401580557869307, 9.105583359357611;
  -5.907448704318544, -1.537212007159858, 9.184396178885603;
  -5.719303068901559, -0.4837788101923735, 8.916036060575094;
  -5.663400967591725, -0.6700815636071066, 8.842324631722134;
  -5.691035386415024, -0.1986597100108138, 8.913904695338708;
  -5.711715481331142, -0.432864717790159, 8.946286838108241;
  -5.725938978443667, -0.9050912773130662, 8.974598408334277;
  -5.823427755289604, -1.42359580555852, 9.223259868499724;
  -5.740682559559612, -0.4135352128521767, 9.121328573156522;
  -5.747523638294302, -0.3498454812890011, 9.163570607636016;
  -5.802499812848539, -1.282136965410318, 9.255180070181988;
  -5.74866525143118, -1.244430917552696, 9.297882580247022;
  -4.468165299365395, 0.9040758997148177, 7.433803433592123;
  -4.403726092587164, 0.8281526423529734, 7.342432190567887;
  -5.684762686690602, -1.138229859862329, 9.216141608297946;
  -5.912824322514398, 0.2477769696344896, 9.60540589214108;
  -5.835825684223714, -0.7643485501031803, 9.513694124186326;
  -4.31748692459561, 0.7498317352211005, 7.305199127219467;
  -5.736301330660704, -1.090579808058662, 9.409496191533473;
  -4.306289063137971, 0.7609785720315387, 7.304918574262147;
  -5.788337830028897, -0.3200904753513921, 9.503698647135492;
  -5.797785585740413, -0.04256823395470942, 9.517487809274115;
  -5.778910044766762, -0.5979910951463858, 9.494989229268059;
  -4.297130333506151, 0.8211650732745772, 7.307031454089372;
  -5.803145935265411, -0.8439626072582354, 9.539962572925006;
  -4.323028420223924, 0.713615157490657, 7.348387644439882;
  -5.901691699949469, -0.7715676331836991, 9.72202292821885;
  -5.805570951347012, 0.210428592177553, 9.5856701309805;
  -5.831764715555343, -0.4907787309956875, 9.631146877244211;
  -4.250974129339099, 0.8321929123055084, 7.284908679441505;
  -4.281934361480011, 0.7349618353940945, 7.332197614638444;
  -5.897118300488971, -0.7116467160764475, 9.752743075089249;
  -5.853104093614158, 0.1821281076385219, 9.700203617804936;
  -4.253995090372698, 0.8308871978863802, 7.32166364716804;
  -5.771677430199409, 0.08156471393644151, 9.598798453473629;
  -5.756383556450545, -0.0231539009360061, 9.599597139781121;
  -4.231515876778923, 0.7262977043932685, 7.345481150189699;
  -5.87999216574811, -1.967054755295205, 10.04016526921596;
  -5.835616090627753, -1.930196188696856, 10.10625059482279;
  -5.877171897899346, -1.903660242558257, 10.27351956739018;
  -5.80914713216009, -1.789993181386326, 10.16663050126815;
  -5.845867876386085, -1.724174128609984, 10.30766574003804;
  -5.873213764038749, -1.286208627480083, 10.36356274908422;
  -6.012498458548214, -1.455559748019567, 10.76917622303847;
  -6.161868830768716, -1.449480044328253, 11.02124166792331;
  -5.845869828768566, -0.4589823026028869, 10.72720838311439;
  -5.939253421696615, -1.966630847113763, 10.96168751513416;
  -5.892228536009314, -1.78239334752573, 10.89203816091641;
  -5.881825146663974, -1.340433173132785, 11.11450501351292;
  -5.853071298753339, -1.815105180759743, 11.08250176895459;
  -5.923461771666959, -1.91354545432649, 11.33861115026363;
  -5.849885332052621, -1.942123518242366, 11.26552095056267;
  -4.014878772013037, 0.4072969657898391, 8.200539080853796;
  -5.846756522995583, -0.6157237551165316, 11.64667216584993;
  -2.402933109422932, 0.8562371341493658, 5.39657170848553;
  -4.903008373609572, -1.436412432962993, 10.28453145617106;
  -5.838005289033244, -0.1615771037689633, 12.06301271211592;
  -5.996472288585966, -1.205209672438999, 12.44957885846255;
  -5.922789993580718, -0.09495049524889052, 12.44247837825467;
  -4.582833283024749, -1.204356441084833, 10.02683123159625;
  -4.480119725386071, -1.273935446787019, 9.8498869193822;
  -5.991650104255975, -0.6405470423162201, 12.9093325881711;
  -4.392181433668045, -0.9104221801793428, 9.786790032795171;
  -3.795226531380578, 0.2639205774570846, 8.582040424652275;
  -3.147180964666456, 0.7639792122591529, 7.315998240064622;
  -3.22379757192496, 0.6086721356399111, 7.485780687571803;
  -3.137101379972367, 0.7268547197522911, 7.31874554228104;
  -4.418863832679429, -0.941562496654595, 9.970533570975206;
  -4.393972469776992, -0.8138614202579938, 9.940464480950013;
  -3.104994364174174, 0.6584985895531467, 7.30773229054067;
  -3.074909888924926, 0.7717551401209442, 7.298774696866444;
  -4.258572508253486, -0.5868345502412625, 9.77235762490642;
  -3.064574028421507, 0.6878636346212473, 7.310055634660533;
  -3.022155856458379, 0.6615235178588074, 7.286918724288469;
  -4.195568705413308, -0.8132901854079887, 9.772245005443072;
  -3.010713942607776, 0.7292285588997065, 7.297004771072642;
  -3.701070425176596, 0.1531954663705717, 8.806115012256196;
  -4.151217706612076, -0.6547922789830318, 9.778584669478962;
  -4.119855776333363, -0.5780397793850077, 9.729547742749579;
  -3.661500748729382, 0.3336536162303098, 8.753494809428078;
  -3.700045931010747, 0.4380450617213848, 8.845419763232931;
  -4.086615116586017, -0.426889960626131, 9.746027426236585;
  -4.019200874914546, -0.5653874449255177, 9.632540137269775;
  -3.602012977134897, 0.2857577152211516, 8.754702965150111;
  -4.056278799669592, -0.4567363497562832, 9.80974461493625;
  -3.683129703084664, 0.1879113166219807, 9.02569379025508;
  -3.496801666239896, 0.3239659941797545, 8.630283175439661;
  -4.057838767211043, -0.2926920472500519, 9.916155889833325;
  -4.106534971926736, -0.6374662150429484, 10.03364670213895;
  -4.03902010753921, -0.1219918103292238, 9.884780608733076;
  -4.034251939792632, -0.3482216812397042, 9.892353406025528;
  -4.05916501955315, 0.01763939887761257, 9.950532884001149;
  -4.115296502422821, -0.9589161032860309, 10.13401480757751;
  -3.934189958878092, -0.3157999431714025, 9.748749400370288;
  -3.931307163442503, 0.1002044203783811, 9.801295228657006;
  -3.673634715872294, 0.142613299982483, 9.24105968915616;
  -3.777892788665457, 0.1951049815539091, 9.485302518309123;
  -3.657192606152159, -0.9156880752351237, 9.368427357792106;
  -3.816081790666879, -0.7145417579712966, 9.737265527335694;
  -3.913805927660577, -0.388004971280137, 10.01301635106534;
  -2.884088781268813, 0.4720970631383497, 7.637276365848366;
  -9.676785295333108, -4.610938984310641, 23.46103450173331;
  -3.509603169910027, 0.3574432929046853, 9.223151896297425;
  -9.547917181218436, -4.65687241230078, 23.50845220963322;
  -2.74754295841375, 0.5185929333134139, 7.448483183491879;
  -2.7471964871378, 0.4933257049263546, 7.450744939105981;
  -3.809571612867051, -0.5181020717819288, 9.988001997909253;
  -9.238536349816405, -4.554836341661622, 23.14717076352986;
  -3.765243604186118, -0.5819477282685304, 10.00175444622359;
  -9.33840698951996, -4.956773906038035, 23.49160565256395;
  -3.804843886567017, -0.6374568533167729, 10.15202985816801;
  -9.053854431878252, -4.714616936136329, 23.15031757733355;
  -3.540748868564803, -1.038063551437563, 9.662152347425877;
  -9.109765182016684, -4.680223501762588, 23.52003859171208;
