m=[-3.247706115005888, 0.544456845645977, 5.040072825659347;
  -3.924380658879745, 0.2132575465656225, 5.959716657320216;
  -3.898421059308087, 0.07364137074967618, 5.931314444041806;
  -3.891920026248366, 0.150590719223716, 5.968004689485924;
  -3.859710177220819, 0.07400752712122979, 5.977801639457475;
  -3.846734068212239, -0.4551373978213092, 6.005944413556459;
  -3.886256228596967, -0.3287268381695374, 6.058430591519597;
  -3.859861231404239, -0.1347380328618518, 6.045725042599652;
  -3.885704399446072, -0.2944797134555815, 6.086197087226426;
  -3.87083585260844, -0.1925377612009616, 6.120000577530258;
  -3.937160892715667, -0.9624787956866006, 6.235753165242978;
  -3.900061895597487, -0.2809444537996358, 6.196779849140681;
  -2.98795959564983, 0.5619074807006403, 4.981892664974207;
  -3.028880966526518, 0.6128551880859176, 5.039228457394937;
  -2.93731968517396, 0.510133685382123, 4.969952561583535;
  -3.884060150682446, -0.8407942236574465, 6.28207307890665;
  -2.936064240526055, 0.4846648556840065, 4.990792585917321;
  -2.927586748708619, 0.5594505636182267, 4.978198657506113;
  -3.901141146618379, -0.7094313661872773, 6.336918865049328;
  -3.956311757380823, -0.5181788009338824, 6.449668299962253;
  -2.894497236650283, 0.5653510752029379, 4.981795875216681;
  -3.926432319770796, -0.1804281068769888, 6.443780573017271;
  -3.931794983947236, -0.5718084609404531, 6.463593611066995;
  -3.950418633511287, -0.3324519315199709, 6.524107871578707;
  -3.942759809436164, 0.1226848816424218, 6.534237620915573;
  -3.950210447756246, 0.09683433187196897, 6.571143411920462;
  -3.922920985692668, -0.01577916464248169, 6.542034717551609;
  -3.958746694806903, -1.318324718205386, 6.972320854989047;
  -3.967682360318116, -1.328640003179715, 7.077984043877143;
  -4.010516428369779, -1.327979252758582, 7.401945116789307;
  -3.993712890153879, -1.286902344015189, 7.451686702578423;
  -3.956145770484941, -0.9015822293722343, 7.475673095311556;
  -3.960214799785734, -1.228108463593042, 7.498471363814346;
  -3.965738911433004, -1.278147651988228, 7.599659584450854;
  -4.01012274394839, -0.06428780033724325, 8.424385397727026;
  -3.080067576209449, -0.7791233747445133, 6.735562821473668;
  -2.147626264897379, 0.4975970164274368, 5.010335417608285;
  -2.130542208211624, 0.4518394800577817, 5.014318953667043;
  -2.10953513158658, 0.5294609077591097, 5.007308245367208;
  -3.030488819438499, -0.712480789730862, 6.799594774229449;
  -2.103632599539139, 0.472174061519427, 5.01788215748776;
  -3.008804466707421, -0.6411099216652549, 6.788936495835859;
  -2.077855780814978, 0.4548244799455177, 5.010054714165342;
  -2.884181725653547, -0.5279512181627494, 6.65453666532677;
  -2.861505754356394, -0.554688698698662, 6.664968989776367;
  -2.906114631962894, -0.3751677608776184, 6.80418189670904;
  -2.835097748558052, -0.4471941119737247, 6.678340029328356;
  -2.829570745318735, -0.3970052686732611, 6.68238044064931;
  -2.442897641172193, 0.1938018693691017, 5.937469786613561;
  -2.768794506561205, -0.3894907719987329, 6.635777868870493;
  -2.394659848898202, 0.2218565514197008, 5.910141488541951;
  -2.746839800452182, -0.6400483941436206, 6.764157866981714;
  -1.945825318406197, 0.4163294029823269, 5.091765152568964;
  -2.729823997567133, -0.2191247174921541, 6.764383605663014;
  -2.683268494677296, -0.5591204177102913, 6.697409252552383;
  -2.402935219760571, 0.2447322492046534, 6.314855399843609;
  -2.462737920276217, -0.6902398590903449, 6.475270651444375;
  -6.441967232655856, -3.23364124833406, 15.62982637312427;
  -2.580098645040207, -0.3987743431847399, 6.853610498411397;
  -2.607384070309669, -0.4368365416294472, 6.95698476012339;
  -6.25036674695998, -3.169304998164621, 15.45490689220025;
  -1.833599256695076, 0.4085755232473208, 5.275409188255135;
  -6.153606805125807, -3.266299881114266, 15.47995333349466;
  -2.45057702913651, -0.4389331991054125, 6.774857602925296;
  -1.847862951694153, 0.4478307987360194, 5.345779477362519;
  -6.105909338789924, -3.179532407525132, 15.61254837428054;
  -2.427769422768769, -0.4918860936371907, 6.860591888592845;
  -6.095923364257306, -3.131835258570823, 15.73875395410698;
  -2.812314718258997, 0.1911033613273878, 8.024368423364161;
  -2.621921852616696, 0.1200481428631322, 7.720161425443729;
  -5.090068972978152, -2.433072385460987, 14.58424661222892;
  -2.057703627668267, -0.7310516719371087, 6.549631042625887;
  -5.131833101092115, -2.379009962297937, 14.9261250470431;
  -5.138367716520835, -2.221510075605123, 15.02035039536792;
  -5.154533663437229, -2.456824940319824, 15.25929764946653;
  -1.687278726537241, 0.5092682303791084, 5.677366766221003;
  -1.667606405278875, 0.5530406118936049, 5.658255129830322;
  -4.820622934620041, 0.06667092926528338, 14.75287187934618;
  -4.689947677901824, 0.02767729480073953, 14.59125350975042;
  -1.669992122338034, 0.5487148458655234, 5.886112666635099;
  -1.849856763122224, 0.5069198188593337, 6.580595117613024;
  -4.468723562693797, -1.610139178002607, 14.9203347095053;
  -4.328753979672608, 0.05831024872239052, 14.48263168525557;
  -4.237930373075153, -1.728212155807762, 14.24970001722673;
  -4.408194721429058, -1.657082957777639, 14.87847088910781;
  -4.291617409013203, -0.1464743641772728, 14.56441320420977;
  -4.327798801317827, -1.652325462372508, 14.77212737891655;
  -2.09835552039362, 0.41283614370351, 7.677596370534584;
  -2.02405142740273, 0.4188104918722629, 7.541913888711036;
  -4.350814002449741, 0.05672330261415689, 15.13084365639835;
  -2.031435773540733, 0.3192644467283089, 7.61667732539407;
  -4.265008958629251, -1.921493913787431, 15.05943735263241;
  -4.23253325321562, -1.709822917500057, 15.1565954439082;
  -4.078044877216074, -1.746575269143278, 14.90589961808925;
  -1.992021657181065, 0.3659818716913579, 7.835831891317627;
  -1.964947862513443, 0.317406263694636, 7.748816680153165;
  -4.045933380339502, 0.0783121494619803, 14.96017874666105;
  -1.685164296246697, 0.5303595313831848, 6.841704409968081;
  -3.868559263925457, -0.9391731052921858, 14.85361863112703;
  -3.458244522533001, -0.7750681033551299, 13.6791142352553;
  -2.078408870232211, 0.1133807252184483, 8.785130334332685;
  -4.090822581613828, -0.5215187452508195, 16.6719317905858;
  -1.979346097076873, 0.2651366063418588, 8.58594781019232;
  -3.993538512788251, -0.7193381701902014, 16.39345761857932;
  -4.077293442556001, -0.6381917084277528, 16.9569066511518;
  -4.028186188249558, -0.5472478608184108, 16.8162517491285;
  -3.896470941538515, -0.5020018427609101, 16.58974941196228;
  -4.417036711632663, -0.8022195747718904, 18.83209649300406;
  -1.975807210631087, 0.3393072905520649, 8.984111458132206;
  -1.955268033846727, 0.2981779622635709, 9.005564254646115;
  -4.222246528188007, -3.162714390833814, 19.88352581033851;
  -4.164447709776682, -0.4975161943908369, 19.74335287001182;
  -3.99847692241839, -1.896515343387917, 19.23856257732596;
  -4.515939752472807, -2.888386222756328, 21.79957473193252;
  -4.624086551209016, -3.36205741184694, 22.61990856943717;
  -4.236733663931086, -2.39498625913255, 21.32714628766661;
  -1.739620686372435, 0.468358306764614, 9.431587929920429;
  -4.491537390595239, -3.530440946871264, 23.10853801861521;
  -4.153976351848414, -2.199475109570072, 21.75776800163572;
  -4.058522624707829, -2.524627749851873, 21.32043946777573;
  -4.597073837753815, -3.386145659262859, 24.23402550318063;
  -4.158844518898448, -2.128863190344132, 22.08116040784986;
  -4.480738897453096, -3.39231537474895, 23.75475785298783;
  -4.183561797775169, -2.291892500898872, 22.32278363661668;
  -4.149903499883642, -1.614967502158255, 22.28280368586777;
  -4.131567253483892, -2.667410586558555, 22.33977144870725;
  -4.210647995965864, -2.514937614295373, 22.9435423607915;
  -5.086707205090804, -4.213985520961899, 27.96895802621483;
  -4.417521400923219, -2.563760552608458, 24.60630956326846;
  -4.131508726126581, -2.554558396146083, 23.13535787762697;
