m=[-5.244276948731051, 1.166418448318683, 7.242624183191984;
  -11.92815093402729, -1.367821041180996, 15.3347948681183;
  -11.9324113019013, -1.427425232955034, 15.4566519078298;
  -11.7324778182614, -1.318367421884882, 15.25029453772499;
  -5.155465945070429, 1.129475849455758, 7.239098909097072;
  -11.75788285442217, -3.161282644316348, 15.48336768573689;
  -10.89099576844569, -2.884310835207393, 14.53871928294424;
  -11.20151870410829, -0.9672076306067773, 14.95546398783737;
  -12.43500066665932, -2.948788454239307, 16.5101666141021;
  -5.180059658659669, 1.357858948467593, 7.462024097837456;
  -10.00535508599925, -1.529491971748886, 13.6240244383506;
  -12.75894531825257, -3.056656451366114, 17.30632535788204;
  -13.60436836188827, -3.391321942347053, 18.46154532179606;
  -10.39173006007763, -0.384907242448589, 14.37050119770564;
  -10.42362064187914, -0.6238527222637815, 14.48604058329388;
  -5.326749229836922, 1.165751577794333, 7.92097409000353;
  -10.06586087966146, -0.9340199807385281, 14.14383724463709;
  -10.1961007350021, -1.396552643608587, 14.33880041985969;
  -10.07419141343737, -1.310344277145781, 14.18913458873523;
  -10.16916974776761, -1.47385222242604, 14.31870715118936;
  -12.95464852959838, -3.354614124482513, 17.98877397455447;
  -10.00956277430669, -1.165206917313162, 14.13296258121855;
  -9.883548843368185, -0.782164038200743, 13.97666666962972;
  -10.09258000074383, -1.528050063885697, 14.30024991927258;
  -12.9773006107911, -3.344853211351352, 18.1636072529047;
  -11.93513357678066, 1.70075461484228, 16.91368016410288;
  -5.351362370919405, 1.081448825182406, 8.160853746834757;
  -12.58095970036045, -3.123802971179948, 17.91944393498081;
  -5.280853810711101, 1.151563166063516, 8.164606839863822;
  -10.270075499551, -1.050728418904329, 14.98536511019938;
  -13.19538132057204, -3.363061031517256, 19.00494992457952;
  -12.65313504767152, -3.492771758398981, 18.26215261019838;
  -5.167614620600634, 1.322690111564996, 8.092978789459886;
  -12.63037046673531, -3.31919481569805, 18.45701546226506;
  -13.3065058818551, -4.201039217231166, 19.4547048604376;
  -11.98247518427761, -1.008581481330924, 17.66521711614044;
  -13.02579158800032, -4.014465895079892, 19.18720819918551;
  -12.28125181390656, 1.735258703134358, 18.14842752531303;
  -13.31887575151733, -4.390004815393671, 19.61565061279423;
  -12.308302463817, -0.3889117653456886, 18.22138347424416;
  -13.20120793479928, -3.842506778404913, 19.598309024295;
  -13.46261328374661, -4.043791938415103, 19.99393452437713;
  -12.99860953644375, -3.71001608441931, 19.39576109750038;
  -13.05009074624762, -4.361007372916247, 19.57838803623762;
  -13.05830066400954, -4.588039812521561, 19.64347045290474;
  -12.13150580985177, -1.108632965188324, 18.40106328280746;
  -12.16518546012464, 0.2298009678991964, 18.50891402861732;
  -12.54274798618044, -3.221700061770511, 19.08781511706046;
  -12.20042218029863, -3.030031970197213, 18.65633865279159;
  -12.04969590079879, 0.4662409196207243, 18.47742018280036;
  -12.17347893114154, 0.8954309573977395, 18.66518290882053;
  -9.851259019798901, 1.651499619001538, 15.28804058187696;
  -12.21116178476313, 0.9648047088182684, 18.77647262806239;
  -10.12271736185514, 1.825893545110051, 15.72503247708969;
  -13.5019484220229, -3.187605347543555, 20.68685011286577;
  -12.16341529955439, 0.7748881578610912, 18.7713410670169;
  -12.18701217349646, 0.9762773484656143, 18.80880960121663;
  -11.92859396891384, 0.5534473224469855, 18.47160516665062;
  -12.02922531065849, -1.960443897711024, 18.64458397619147;
  -12.22077171142008, 0.2343256494264844, 18.92715924711334;
  -12.61141392234018, -3.002596467855448, 19.50682911450597;
  -11.96806849758886, -2.541089326088501, 18.58711453409805;
  -12.56984071042504, -3.270872255568933, 19.5425136583299;
  -11.79182047496727, -1.395183132336177, 18.41068736529642;
  -11.6852880536278, -1.912599353893124, 18.28483730958717;
  -11.99418152113307, -0.4186866643797725, 18.78656232452671;
  -12.09517525367137, -1.911867671116243, 18.95747422191834;
  -12.25501404939305, -2.966578871073421, 19.2240829518889;
  -4.861250233560887, 1.736042440278027, 8.220621855170657;
  -12.2782348271979, -2.483731496305817, 19.33741111298463;
  -12.03781092845315, -0.5987681354049121, 19.03242933556286;
  -11.70600574733824, 0.3889219154276547, 18.57348217184295;
  -12.2033338802754, -2.983228376107206, 19.32788116717174;
  -12.15305182557391, -0.8754559795547697, 19.30989524635259;
  -11.92944548240855, -1.194548447038339, 19.0344844309503;
  -12.12292462718775, -2.678716121452158, 19.33646773299692;
  -12.28022841913172, -0.7474840804491216, 19.57899562984796;
  -12.47726528222081, -4.200090167226326, 19.99631639149429;
  -12.07723254411565, -0.3293423947235384, 19.42117182188088;
  -12.03698596912888, 0.008633483054615832, 19.3986536578861;
  -12.02162933059024, -2.40702703391835, 19.48947464994113;
  -12.18490183199916, 0.343003014699926, 19.76063157599042;
  -12.43964673668724, -2.262177975012508, 20.20665982531649;
  -12.65238962260582, 0.5301985292184368, 20.55385568752397;
  -12.38406913907657, -1.62200617410831, 20.18878770153366;
  -9.352037921008941, 1.892264840516105, 15.55923000837816;
  -12.3005483866506, -2.33856782014354, 20.17710655807387;
  -12.32735080863554, -0.5664685872747868, 20.23076859302427;
  -9.165212018582475, 1.723584617056668, 15.28136544911317;
  -12.32927839408882, -0.09052345924332629, 20.23940952585289;
  -12.39631459442535, 0.2833646433245304, 20.34531277406154;
  -12.22322026435233, -1.264836589507867, 20.08325858300857;
  -12.43184738646995, -0.6874712665848778, 20.41147815790144;
  -12.34530418931639, -1.795401188809662, 20.29480926918413;
  -12.04948853880187, -2.349807944013019, 19.88197967639637;
  -12.60999113225859, -1.648588490731819, 20.77279348792552;
  -12.39004514355891, 0.4490892934433088, 20.45739973715354;
  -12.46812128758396, -1.049268796304322, 20.59107547389816;
  -12.31066001686288, -1.485613875680207, 20.3595549743817;
  -12.2089208708721, -0.5466941371216013, 20.21361534965577;
  -12.44189323605209, 0.3871481583583929, 20.61963974164905;
  -8.966881127036061, 1.557306866803435, 15.17198623345917;
  -12.45971540127085, 0.3054339084344894, 20.72663668336211;
  -8.941020591084831, 1.57999729747597, 15.16698633813549;
  -12.33281300018266, -0.04960627235280906, 20.56673868949233;
  -8.950639894307299, 1.71043284569546, 15.22006598961283;
  -8.980731571384693, 0.9039408497400078, 15.30617385361503;
  -8.902753871134415, 1.528090758245355, 15.24468737420875;
  -8.803453592242118, 1.723410084458303, 15.08650806424827;
  -8.866384095451377, 1.663573455275536, 15.23369618290617;
  -8.833917094806321, 1.725434201340639, 15.20428874060434;
  -12.60651615514616, -4.217302821445353, 21.52579494986533;
  -8.827015616129996, 0.7360804973701079, 15.50308253066524;
  -12.3656281428851, -4.090071715062365, 21.41507166228725;
  -12.4040293186703, -2.802740584568261, 21.61582082101056;
  -12.45998284152609, -4.035882286657169, 21.78052297185956;
  -12.28064907867995, -3.784080109133235, 21.49245296396073;
  -8.775058949491255, 0.689150050347602, 15.66577135848614;
  -4.864993499203809, 1.721302896282503, 9.111275566157181;
  -12.41751916398437, -4.135228574777043, 21.87028736843631;
  -12.41826502790222, -3.6626300381882, 21.89637666904504;
  -12.68844614773473, -2.778715292887671, 22.38936179125206;
  -12.3851282269484, -4.147352361521846, 22.09394099901807;
  -13.42187360022286, -3.157278818379552, 24.00663120995417;
  -12.61658599435086, -3.225645597499749, 22.61719614781171;
  -13.16062069947424, -3.186041523532176, 23.5724041335435;
  -12.51436656616601, -3.94182796143479, 22.561315282949;
  -12.59734197424908, -1.048957820953742, 22.82341604315943;
  -12.78882025126628, -0.764577833147094, 23.17294961737304;
  -12.63526657845089, -0.9920446260433282, 23.18579467784611;
  -12.77774643628322, -4.231021731854997, 23.58304211611573;
  -12.63895489022194, -3.823271446166083, 23.36365233240521;
