m=[-4.577500614781491, 0.07791613409367218, 6.512460798143539;
  -4.623132974226397, -0.01064159771982675, 6.577224155644329;
  -4.550020752195825, -0.00662394358332679, 6.546260996623319;
  -4.522319527229245, 0.009668349046598888, 6.566970720590665;
  -6.539961060258914, -1.811182483863748, 9.452709400936957;
  -3.875930664056382, 0.9812605613424638, 6.446982705798034;
  -6.272671756379191, -0.1760533382814834, 10.04695136325524;
  -11.18441808500202, -0.469148417470507, 18.40629945696847;
  -11.65637016432131, -0.6436024635701686, 19.24688955831986;
  -11.40407632605286, -0.6740923194243691, 19.00213506593956;
  -11.21327401950772, -0.6629105350356691, 18.89341565644828;
  -3.182161202773307, 0.9137903172721215, 6.093284195858902;
  -11.47747577900739, -0.5688380696237486, 19.65701051376236;
  -3.281514556171436, 0.6977130407650973, 6.304816795903832;
  -11.67175028516689, -2.690898176247431, 20.2925025768838;
  -3.073985361777803, 0.9069436039473279, 6.058296620994182;
  -3.433520588703836, 0.6254138909680915, 6.672565651065655;
  -2.325237987746831, 0.9470267442795304, 4.83376035346292;
  -3.018894230518397, 0.8977283861996669, 6.040273500840987;
  -6.721210192698624, -0.5340882526099192, 12.32300933828093;
  -6.624080944729707, -0.6207840667914206, 12.19051913767677;
  -4.817533042794326, -1.947501362612524, 8.96531762188631;
  -6.605275171743502, -0.9345050315441983, 12.20794598629758;
  -3.347389803956207, 0.5490837697031247, 6.648482769217847;
  -3.001445507215323, 0.9164651945909833, 6.064980956998486;
  -10.62172229131619, -0.4037143641997944, 19.12632080460895;
  -3.345943108753711, 0.6196821063009259, 6.670919476467091;
  -6.364416487563373, -0.7928972774332858, 11.89126647728737;
  -6.465343298241463, -0.5637486128327307, 12.12873125139453;
  -2.937633774262568, 0.8931269856015093, 6.036011592303458;
  -2.89983969180393, 0.8467697763514986, 6.049099097985796;
  -2.813311117967249, 0.8796162889695649, 6.031530402148748;
  -2.876684293812215, 0.7419650757944561, 6.225110123144282;
  -2.7708652783777, 0.850972606675608, 6.062804685224984;
  -2.836866988406385, 0.7552088001301383, 6.194982548211208;
  -2.726517335187046, 0.8646791962281542, 6.018107074430661;
  -9.905321653083057, -0.7017556331247575, 19.52504542554347;
  -9.676226090471651, -0.6104642773680413, 19.14642036032806;
  -9.948586614501794, -0.3481383818631049, 19.7027601243073;
  -9.55306930510891, -0.1812812410566778, 19.0082932612128;
  -3.042225899101204, 0.617231446666947, 6.716296134214164;
  -9.63553609757582, -0.3697496523555843, 19.48458353017331;
  -2.607172478616749, 0.8753497729187666, 6.015895946712209;
  -9.40559954623755, -0.5082673520250371, 19.33500760348766;
  -9.163534857568155, -0.2736955534674054, 18.89527046939628;
  -9.278966378954983, 0.07591210088457523, 19.14092826666657;
  -8.994217621994922, -0.5151489687385937, 18.69947904575986;
  -2.88113700959912, 0.6162062059705835, 6.630904137090517;
  -9.478933084818408, -0.2034418360652146, 19.88753018588469;
  -9.601023810947732, -0.6526678613936839, 20.15239688404566;
  -9.389749788656074, -3.006578158058855, 19.81484409434202;
  -9.178976846498452, -0.3921827827457873, 19.45018752591756;
  -9.986814827781286, -4.279721164744309, 21.18571603452412;
  -2.52948924231567, 0.8677099811135788, 6.069658448497767;
  -9.982190241636964, -4.526789349096277, 21.32180490378227;
  -8.259636439690167, -0.0278856962902107, 17.94407457618847;
  -2.665391536792602, 0.7399450357086704, 6.415666684726731;
  -9.650581411116152, -4.284052696486504, 21.14823424989844;
  -9.301782721663114, -2.665648317452972, 21.2902082132334;
  -8.84101658342124, -2.850772279496572, 20.31632877528773;
  -2.950787441249698, 0.687704815762111, 7.435594823637799;
  -7.954595276969356, 0.1347357606228466, 18.54749982451442;
  -8.924417163188673, -2.833842591609587, 20.75514665152834;
  -8.871033339280558, -2.832447602707164, 20.65636661094576;
  -2.405708721806984, 0.8740123768367244, 6.273436763768365;
  -2.458518779735338, 0.9528357482491371, 6.416622266521519;
  -2.902286342073349, 0.6908648599394535, 7.444608201925257;
  -8.702945336194468, -2.783354436316203, 20.58640996803815;
  -8.53927069782277, -1.009650365173175, 20.37580543813096;
  -2.85563123762779, 0.5758740788415961, 7.427997577165644;
  -7.947995382568437, -0.8626520785525078, 19.19034693178095;
  -2.830571925201336, 0.5305529807225704, 7.427339391149547;
  -8.349276958866618, 0.1322347276502087, 20.23603347752531;
  -8.683543722013956, 0.004862792206166554, 21.05226527839722;
  -7.812287556126666, -0.6099731189690297, 19.12363160727625;
  -2.414930481050746, 0.890684231153263, 6.559379208672397;
  -7.653687916645813, -0.4952635483202051, 18.8556465281434;
  -8.433113508686139, -3.882112611659527, 20.6955540689339;
  -7.832517008449741, -0.774166740589333, 19.32441869702982;
  -8.434534603352885, -2.342294917079524, 20.7621207675045;
  -8.539736979341519, -2.231561253477022, 21.04115138879645;
  -8.076958180092573, -0.7024572308939722, 20.04682929240015;
  -7.745155539655572, -0.5063478289982825, 19.32482573841742;
  -7.741029036138347, -0.8805201408341552, 19.33591842405965;
  -6.978041759195013, -0.8785609004658889, 17.61151245860136;
  -7.650488217006501, -0.3127858786963048, 19.26051115113116;
  -7.049361638255904, -0.7561497648037493, 17.89579109256902;
  -8.175987092369653, -2.202396549132929, 20.60871343286374;
  -8.124276855002005, -2.790047777143341, 20.55052030247118;
  -2.494784817263804, 0.7457488545478209, 6.961544003597975;
  -6.737446400773731, -0.9417126247807488, 17.30344384050844;
  -6.841635853548253, -0.8149540917644998, 17.59327554921257;
  -7.300652497851933, -0.2764214700791191, 18.8198601395193;
  -6.826649240827486, -0.8722937953683616, 17.89227676088918;
  -6.666669989116104, -0.5809263348757833, 17.53172716794963;
  -6.89808285892209, -0.0982527631865503, 18.20770438845686;
  -6.841614074014243, -0.4028235682116111, 18.18763835490656;
  -6.796390376073273, -1.118543041091449, 18.08719819230421;
  -6.901230747496534, 0.0004280915040808868, 18.38450008020006;
  -6.717103572447052, -0.3189022366930973, 17.94875106020538;
  -6.786163225299245, -1.097717502290637, 18.25942653564906;
  -6.756766190982213, -0.01555975488675346, 18.23061512006288;
  -6.680519532355228, -0.4745299384003832, 18.24005226081578;
  -7.24075682300992, -1.053095289442761, 19.71688551346867;
  -6.733050104252035, -0.1527594542499321, 18.41590931480544;
  -6.878156275604831, -0.9849207474467254, 19.09353297240557;
  -2.517491269450161, 0.4128464631792628, 7.57174851095091;
  -6.589166159991368, -0.3128084288653316, 18.43454163678369;
  -7.151383490410094, -0.9731070237169971, 20.30846976023396;
  -6.683846613056049, -0.1696184189180261, 19.05786011192412;
  -6.515232710934327, -0.3520888806218371, 18.65900640445997;
  -6.524926966617999, -0.4604304846092543, 18.77000876403349;
  -10.01868359630798, -6.716261193008546, 28.45537369981832;
  -2.301545262915685, 0.8841925022235793, 7.274803577371804;
  -6.761812154551379, 0.04519778362830607, 19.63457204190417;
  -6.642931985767862, -0.3090335288694945, 19.97059389563625;
  -6.632212884196174, -0.7928667741015676, 19.96424620553223;
  -2.767883212770827, 0.8690820001375638, 8.870075902235229;
  -6.697631895681306, -0.5662189961446467, 20.22294320768449;
  -2.428319704433181, 0.3986077930671476, 7.890685958877197;
  -6.996625300481984, 0.1321190172822983, 21.11304435119176;
  -2.407984382058858, 0.4365269271741518, 7.842361604219946;
  -6.874926956741216, -0.7098323301736745, 20.90524992844066;
  -6.574845959858273, -0.8433994366792157, 20.09023766707108;
  -6.807801719281247, -2.804342616334312, 20.82211207250204;
  -2.734573489216307, 0.9316608130149401, 8.911834002748501;
  -6.83162750842139, 0.1484911572251145, 20.96631926347177;
  -6.945220105157624, -0.04273559852328431, 21.30469053003995;
  -7.07575004646032, -0.389864947797511, 21.86018703034787;
  -6.986406376392893, -2.696912271621838, 21.66204761710888;
