m=[-5.904060525366315, 1.078221094202184, 8.089455030803208;
  -8.906631881074143, -1.202201139187144, 12.7642631491283;
  -6.429018033922498, 1.282046620040072, 9.557905582259878;
  -9.06331609228946, -1.335111869719948, 13.10332809503954;
  -8.881014986793822, 0.01898688322737922, 12.89633893320548;
  -8.976990200707931, -1.25734071561065, 13.05839955005989;
  -6.32391487731095, 1.268087396986203, 9.505558373096667;
  -8.609016356151372, -1.067840083799509, 12.59820543232958;
  -8.598434820040669, -1.127487383085724, 12.59721163638477;
  -8.85968465768581, -1.325758879633056, 13.01081036738656;
  -6.491104544228059, 0.6835139959192553, 9.8715579195886;
  -8.582509135515959, -0.780224650386716, 12.78095187737072;
  -6.447655703163746, 1.09222065890144, 9.860048531505919;
  -9.126270903154294, -1.541294752622044, 13.55546039846733;
  -6.474047284047022, 1.934209701145757, 9.920677289203619;
  -8.73254208363344, 0.1533924546185822, 13.03460632303474;
  -8.375022265605104, -1.035217771266058, 12.55035685351047;
  -6.334742244182769, 0.9534594004955241, 9.799668133729686;
  -6.34239686043932, 0.9007608653333881, 9.83954588052603;
  -6.31766702533009, 1.328987941384507, 9.821838910116208;
  -6.247410523486605, 1.001991872814786, 9.731156046475572;
  -8.687733523587443, -0.9430431499938734, 13.15892717280143;
  -11.15398518092774, -3.102435792158732, 16.70514913776341;
  -6.226648699877518, 0.9602906149658902, 9.781476902724702;
  -8.526139170639343, -1.102717292328105, 13.03345228615664;
  -6.227215336996641, 1.034923662701812, 9.795743155211156;
  -6.200260406589561, 1.146428606307165, 9.761918770559621;
  -6.232265888146525, 0.854312455558033, 9.809873830887327;
  -6.197185484309228, 1.210020597814392, 9.773099256894591;
  -8.761390968111121, -0.8539011038441581, 13.43098290559862;
  -11.10188140489735, -3.09471483055706, 16.85574585454987;
  -8.871732752008724, -1.053482313206418, 13.67533426808077;
  -6.17435283266445, 1.024140522673843, 9.840593049202781;
  -8.525799007664142, 0.1256437196348075, 13.2899437171596;
  -8.346910143984481, 0.1789945113443475, 13.07031476292985;
  -12.04728845835383, -4.252656736375965, 19.04588297632679;
  -5.321254929978733, 1.919070019851778, 9.047639568503181;
  -11.87113978079741, -0.3331839874276947, 19.01402921056437;
  -6.209010598139988, 1.019454033517533, 10.70371615913275;
  -18.76542129776925, -0.9022735866003014, 30.61202057374113;
  -19.70936310611506, -0.826740956955545, 32.43587969263707;
  -20.1493747702769, -1.112540787460818, 33.27045944883961;
  -19.75379731748599, -1.167642400004163, 32.91492567745584;
  -19.27165991458709, -1.13930921181263, 32.47111240861224;
  -6.351371424215978, 1.868578222445607, 11.47298181583164;
  -6.690156275867923, 1.723077863125612, 12.06027529529162;
  -19.26310440552931, -0.9547035721080537, 32.99114309783707;
  -6.650543939005566, 1.808835404140594, 12.08298816273511;
  -19.32520255932953, -4.455385957717006, 33.59879308181999;
  -6.478669977969257, 1.827735880242981, 11.99353956960465;
  -12.17985974859935, 0.1998525353586638, 21.72489218812408;
  -4.813438367010773, 1.919248410890856, 9.230638534141784;
  -11.87776720695619, 0.4506172262767687, 21.44840040274882;
  -7.116525019770899, 1.089125556874452, 13.34160307432653;
  -19.57278396651735, -0.5611863770719237, 35.02569126404482;
  -12.39860988111203, -1.732490993135575, 22.62124744097442;
  -19.02721766047788, -0.7231935527603656, 34.26192655130374;
  -19.16321925768112, -0.4059798840706954, 34.51653848756852;
  -12.2578873283356, -0.9740498267695805, 22.47423539569822;
  -6.390405795097299, 1.835070748116202, 12.23651353754672;
  -7.751314081790429, 0.7273151275507532, 14.63495173093719;
  -12.47773176447664, -1.169366306619063, 22.96318978267808;
  -9.983881787756795, -3.979458502168237, 18.51684196507502;
  -12.2245254133069, -1.729508644218954, 22.59350928969413;
  -6.489839330698759, 1.496259382750895, 12.47884903437268;
  -6.599439086135234, 1.403167541485346, 12.67958855021941;
  -9.712346780117473, -3.926243664635652, 18.0744528297313;
  -10.7912151132534, -3.090031856343952, 20.22322263207665;
  -11.95865062066388, -1.489843026054137, 22.34352536748187;
  -12.02653073112789, -1.048658934894867, 22.56130144924593;
  -12.06543779015235, -1.214090413426488, 22.63492951108469;
  -10.55796155512791, -3.32126412957795, 19.93748687746278;
  -6.824853833362285, 1.243143380370094, 13.26314611651365;
  -19.3150407023502, -0.7494594923908174, 35.72971510957429;
  -6.35268158206019, 1.56056681083834, 12.43197344567419;
  -12.30015218144941, -1.721858930045099, 23.21877326121699;
  -6.165300147298364, 1.819000052678828, 12.150746556643;
  -10.85871153690964, -1.584142747348894, 20.63773509945233;
  -4.833438695225437, 1.906547050371976, 9.807778036771021;
  -6.574971632095814, 1.07851502838882, 13.0590066183571;
  -6.060432327080332, 1.802190377411092, 12.12585337334505;
  -4.802398128109084, 1.889868163726994, 9.83341618146123;
  -10.11027549844724, -0.906734064298124, 19.57547901907803;
  -6.59195783681926, 1.220857075029167, 13.14260837449414;
  -10.01990606262965, -2.998819993887425, 19.52760235529894;
  -5.977708759214958, 1.82524120729577, 12.07907646631176;
  -6.119676435898929, 1.599330244425439, 12.36556572169441;
  -18.52328444172937, -0.1537228156274324, 35.6549896779029;
  -5.874861362592297, 1.786130478744235, 12.07118858670001;
  -6.014862567513295, 1.447915902730514, 12.47267598869812;
  -16.87133362240089, -1.195271978286727, 33.25621992945028;
  -5.826128125505607, 1.701262736617209, 12.1533705771238;
  -15.81006624229777, -0.9974426572410452, 31.28349538026457;
  -16.7566335893051, -0.5863774955479709, 33.1858127082831;
  -16.31533098670401, -0.3096034745543443, 32.46355554891335;
  -4.810222809092728, 1.865156562727841, 10.36891714670998;
  -17.13915529573917, -0.2240728827728143, 34.37432327309237;
  -15.70741250372488, -1.21228689190844, 31.68371350939725;
  -16.63650761630331, 0.1148514793175743, 33.55969229819478;
  -16.26792340468181, -0.6242578474633796, 32.89632348746333;
  -5.786094623092121, 1.492370971959249, 12.52103899241184;
  -5.635525034989712, 1.500245911130557, 12.30652666637025;
  -17.76638029058257, 0.1453484362257518, 36.64901852340353;
  -5.587278313652707, 1.715933585040591, 12.22527035219217;
  -6.328205891142522, 1.160126172396459, 13.72308188988536;
  -15.15403180316476, -0.8679558560537335, 31.50607557783394;
  -5.642455962065644, 1.701627756724994, 12.39405173717501;
  -15.83924116401838, -0.3399501057190297, 33.23194540485117;
  -16.85041626676884, -1.145474208269853, 35.36875680717477;
  -6.086469861303174, 1.234872334331526, 13.43704752909989;
  -15.57449388624529, -0.6654389104919678, 33.00224325375505;
  -15.90128748024, -0.1144645232777405, 33.70711832570186;
  -5.779891959492329, 1.314464256133112, 12.90098507242094;
  -17.08655857323705, -7.322225115770154, 36.24688994261499;
  -5.385188732216498, 1.785338874881503, 12.17337764734231;
  -16.85481546228842, -7.643432680477389, 36.00162672488127;
  -4.759151707925552, 1.921171632854974, 11.06606499977207;
  -5.31235927866574, 1.783607538965023, 12.25795413004668;
  -5.371886864272748, 1.585551988199675, 12.41392686266952;
  -5.741137905183756, 1.227891903342501, 13.21316374759527;
  -15.7918419881557, -7.010259835114193, 34.60616095297753;
  -4.877002745315855, 2.010800743119809, 11.39134870792565;
  -5.177616395525237, 1.685671841550525, 12.23006047951354;
  -15.55339117645169, -7.02586838410097, 34.99717786044317;
  -5.129112939018754, 1.759478718862233, 12.30760865190082;
  -5.101314335380171, 1.660955551838591, 12.28519767252037;
  -13.62455373304719, -3.904441742114926, 31.18430030766167;
  -5.357426520439251, 1.487286615587937, 12.89546483831582;
  -14.7903495374461, -4.769125594050177, 33.98767563310007;
  -14.86763288045121, -4.721040099607347, 34.5770368139755;
  -14.89737387526247, -4.7566083122219, 34.68881296445492;
  -14.52979431544268, -4.646882854527179, 34.36954858086789;
