m=[-2.929773652441338, -0.4262436806398952, 4.570313968472992;
  -2.928379426797081, -0.2458864725152163, 4.592506226541904;
  -2.934680389587748, 0.09286623172974544, 4.619405882172315;
  -2.911310765148901, -0.009285026245946694, 4.610652015340873;
  -2.939905205122466, -0.98352526933104, 4.996021854075837;
  -2.946240864979231, -0.9156189813639145, 5.332397892718977;
  -2.908884935461813, -0.9684559623141985, 5.370874875277555;
  -2.902680556872076, -0.3054551010262814, 5.545376359885197;
  -2.232103209775079, -0.6092516821882978, 4.694090045891964;
  -2.913149173303795, 0.07570528818236705, 6.034716956513931;
  -1.761149385618349, 0.1651530885166036, 4.106640208477328;
  -2.060233633829045, -0.1750037888680514, 4.736271975438965;
  -1.863039314066792, -0.4994788935628333, 4.520743052197483;
  -1.98629939146422, -0.2536663554467571, 4.863102841000877;
  -2.002523074411458, -0.3428202132127388, 4.935124633512055;
  -1.962917485955056, -0.2642408849002561, 4.891094871689978;
  -1.716533946988746, -0.5995543484907725, 4.752751914489333;
  -4.72374636417026, -2.31351355124195, 11.39410333982113;
  -1.585115040613145, -0.4378130269407388, 4.501070067242385;
  -4.54793122898983, -2.258725795912079, 11.17746798040575;
  -4.575281349857958, -2.434912818886847, 11.26628490491125;
  -1.631510648440459, 0.3090397046688277, 4.88824324472939;
  -1.21066745484206, 0.403055183217889, 3.873230634513297;
  -1.457310711863844, 0.3537387813101336, 4.583592148905567;
  -1.204794728756583, 0.3976194955699133, 4.011754857560137;
  -3.792578816219522, -1.764474029360049, 10.79232583346306;
  -3.755244568138593, -1.622173044971242, 10.73763416050435;
  -3.780179560866538, -1.808321316261305, 10.95358565425456;
  -3.726045036124517, -1.725840097151959, 10.8788973264282;
  -3.567211890571032, -0.3667274861064331, 10.46443691592892;
  -3.467072824941002, 0.09354979971095767, 10.30723657189414;
  -3.280949877487792, 0.005444685084795163, 10.16905629187173;
  -1.267988731011718, 0.3742568550563936, 4.572011149513098;
  -1.506173040727605, 0.2956935233993563, 5.278620991482021;
  -1.47383113810204, 0.3105511440746896, 5.2574369706418;
  -3.303173291969531, -1.196199906179147, 10.78495987323299;
  -3.186710231965483, -1.203764186908535, 10.52244634055523;
  -3.099934530777574, -0.1090432165237911, 10.2996162620473;
  -1.40051442134925, 0.2260725541311379, 5.294930048954321;
  -3.021763331833253, -1.23169204066894, 10.61045777273937;
  -1.560078577293031, 0.04383549020801549, 6.011380141714962;
  -3.015708611798658, -1.294400926400085, 10.78314142056771;
  -1.578736562566163, 0.07973576246902857, 6.113628552114963;
  -2.910237888878085, -1.689132886793237, 10.8618323875315;
  -1.481824333183317, 0.1715019483568711, 5.967945431307218;
  -2.740825480748757, -0.6726090156751685, 10.31374149931145;
  -1.380739797984749, 0.3960397053252077, 5.765971072655817;
  -1.416540699506208, 0.1880550174261915, 5.915480924464372;
  -1.415563672888413, 0.1525098032720257, 5.92402887728412;
  -2.773071156525599, -0.6369245527619035, 10.74196807317988;
  -2.908015780992721, -0.3923718368633413, 11.39470869266563;
  -2.916185384484933, -0.3766138019292881, 11.67538126160488;
  -2.884885824049917, -0.5691593595918728, 11.56763408328517;
  -0.6194000841874041, 0.3990702114295596, 3.230997928273182;
  -1.381675244284579, 0.2088415901720629, 6.146180156906178;
  -2.759094470379597, -0.364547902178601, 11.55151865887504;
  -2.738087027007352, -0.5036982214746899, 11.49356788947563;
  -3.014645752262839, -1.624985720119523, 13.78612566628953;
  -3.204631927675985, -2.406229018220109, 14.82767756283709;
  -2.894433295238103, -1.38455493183998, 13.71453116682275;
  -3.235588435301737, -2.078547554938882, 15.40531402580011;
  -3.076887367477647, -0.2656012808070085, 14.60467215963403;
  -3.239691002452243, -2.458556955991144, 15.9138185671013;
  -3.017360072848476, -1.71600110116103, 14.97913400366333;
  -2.795243361727104, -0.3073129550718279, 14.13403660774173;
  -3.099243328240839, -2.452090388806427, 15.74802554444639;
  -3.055391325774125, -1.814106986295283, 15.51392132804426;
  -2.877618638511308, -1.80346119853849, 14.90621796675255;
  -3.314386394083118, -2.459540387343596, 17.25986078639926;
  -2.81247705925857, -1.454468565480082, 14.74224148427316;
  -2.925900321375516, -1.724378221186723, 15.35429309239238;
  -2.865645907480264, -0.4509745905711993, 15.00321342469388;
  -3.252356880673712, -2.480830580434442, 17.0346820203464;
  -2.924079872861235, -2.115218693027864, 15.38263179820011;
  -2.909408982426524, -1.604070132453031, 15.32820405803757;
  -2.77871244818955, -0.2279741239476844, 14.64700440722323;
  -2.894591953791007, -0.858205826741848, 15.29938534263066;
  -2.908379847802748, -1.145520552023302, 15.42407159126179;
  -2.864461587740695, -0.4824136109908834, 15.31826726223602;
  -3.001672107659279, -1.806520634163702, 16.15727282352756;
  -2.779850774662242, -0.3973364477181333, 15.25765248726106;
  -3.040822227732801, -2.041748117529813, 16.73523457642349;
  -2.811125050239232, -0.2412298095075086, 15.46716998037187;
  -2.958531361270516, -1.843152713971866, 16.37799769888714;
  -4.530883293454095, -3.781076952195765, 24.69221317363871;
  -2.367721457999467, 0.1818155389183192, 13.32266711395373;
  -2.988337566160332, -1.81818479125061, 16.8073190750953;
  -2.829695469023763, -0.3447420890463741, 15.92965410378382;
  -2.186615545943966, 0.1186023012091918, 12.65317932395177;
  -1.993621256775388, 0.2361301485030533, 11.75627363670045;
  -1.994776681424346, 0.1442269190408771, 11.8345741227877;
  -2.922898773191016, -1.137770684176568, 17.28970453089781;
  -4.279038649430738, -3.634769366659445, 25.03447600891571;
  -1.855957555572425, -0.08337819442491493, 11.28626286328445;
  -1.895299115895832, 0.1705091364077515, 11.52591343682006;
  -4.61629398163007, -3.876157846395135, 27.26494805987903;
  -3.177437622841237, -2.397937120611677, 19.07741232694231;
  -1.842627702433401, 0.2670415853480237, 11.34322881260313;
  -2.679628973646411, -1.564332972365121, 16.31968694151477;
  -3.042943922011746, -2.220381801689976, 18.55640820854326;
  -1.816725763662381, -0.1678016952523456, 11.36572975070391;
  -1.830549320881469, 0.14446501278763, 11.43357911959831;
  -1.72015451606223, 0.1979310207058255, 10.8255632935077;
  -2.901308117614912, -1.777077558228679, 17.8200769291157;
  -1.755181867408988, -0.09260888658399613, 11.11751897184377;
  -3.992980206873381, -3.461957231152879, 24.34126997094533;
  -2.885548780566934, -1.815096294976524, 18.17782515239932;
  -1.728978996783975, 0.1129719550589126, 11.22191135901232;
  -4.186863722325702, -3.581982477492856, 26.21399746980696;
  -1.686972379083618, 0.05188621949440797, 10.99248098231167;
  -1.620593686063335, 0.271940062963286, 10.76538246291973;
  -1.679370297881906, 0.04952644117194002, 11.30039421271601;
  -2.497313484239906, -0.6169166433631839, 16.52931516077301;
  -1.673256209014929, -0.1159841423355707, 11.36635040687389;
  -2.981139680984611, -1.853610032217938, 19.82609313906164;
  -2.449928464917765, -1.037075637875857, 16.4836595806537;
  -1.636173210258183, 0.204911189567608, 11.31587353441714;
  -3.941296143668421, -3.390017607755474, 26.32406268910162;
  -1.587857047139492, 0.01438297664103862, 11.06170276578938;
  -2.21436929457348, -0.6241071715266586, 15.41054948720368;
  -2.164603355577482, -1.049455217120345, 15.32349580659161;
  -2.977657944507205, -2.272523902796948, 21.13899092801392;
  -1.630432634674203, 0.03735230029659847, 11.9399797593512;
  -2.558010251103616, -0.9564035146641995, 18.37210628556099;
  -3.805902007657267, -3.37462364657814, 28.00792964541815;
  -3.084122494827929, -2.535345601678461, 23.23463552415618;
  -2.075950388746648, -0.5815844575450434, 16.0458219521997;
  -3.239057310946205, -2.67080066676726, 25.06966842318944;
  -3.424075859635562, -2.644636424790397, 26.63468196376391;
  -1.09995457645551, 0.3461117474800113, 9.183484097365231;
