m=[-5.855804500650034, -0.180344956518093, 8.179755315196505;
  -4.891318803166839, 0.8266408080722585, 7.089023129670512;
  -4.895750423691978, 0.8906543959264328, 7.116363381301138;
  -5.763392090891935, -0.5198159978448633, 8.252545516012722;
  -5.795428709321506, 0.1145660230216691, 8.327992978076701;
  -5.807855690343169, 0.2291906321073251, 8.410916545311389;
  -5.66373717243672, -0.7941170049631742, 8.24732831462039;
  -5.754495878341074, -0.8172943777763494, 8.376512950020048;
  -4.71729472322389, 0.8162110385541934, 7.06792672812137;
  -5.831951163186777, 0.3759611004653021, 8.507573795253761;
  -5.731693125303409, 0.2708664385701771, 8.382380663379699;
  -5.704383259382927, 0.1130653035006926, 8.35427983429086;
  -5.808532135120235, -0.9472011113983123, 8.505264536115458;
  -5.763122053928648, -0.6754998738494239, 8.494427817426049;
  -5.750903556163747, -0.1963115453921081, 8.513934400012563;
  -5.77696126023922, -0.9115303308866429, 8.561436747384812;
  -5.737312433606855, -0.4056707616600934, 8.530327838991514;
  -5.768249425007946, -0.2836721424998336, 8.625844203922565;
  -5.77454170430227, 0.1937710174488032, 8.655201592604657;
  -5.864486160346739, -1.435962307371264, 8.792224319355441;
  -5.802739509045003, -0.41525380978692, 8.726890509344493;
  -4.472928429059496, 0.8481094575222941, 6.965937902256913;
  -5.748987828758994, -0.5718583597408523, 8.675680259063739;
  -4.521908749651669, 0.9237458760418477, 7.036466012573889;
  -5.756736500630558, -0.3479074336295342, 8.693787094316578;
  -4.475171158277484, 0.749687988279157, 6.986081413044736;
  -4.464227628863249, 0.8194546140656548, 6.982859554772881;
  -4.438227190465323, 0.7511956335809562, 6.977729814885549;
  -5.776069061809122, -0.1514532013827496, 8.795110673517234;
  -5.772703662346238, 0.007148106256593051, 8.80863359018622;
  -4.410703579712316, 0.7720511715221952, 6.96696054991643;
  -4.430201322338439, 0.8690627823162005, 7.004460002886795;
  -5.748713091895519, -1.242157382650207, 8.810824129072481;
  -4.391346368279203, 0.8456661100517254, 6.972928209883238;
  -5.746947239169803, -1.053422657896403, 8.858608361918071;
  -4.34810085525791, 0.8554737063386795, 6.953101242500165;
  -4.361478731282687, 0.8227920995295752, 6.997182501924035;
  -5.876680098982154, -0.7685752694670121, 9.088359254676172;
  -4.346390586228162, 0.8543601677504572, 6.984696281783726;
  -5.810766002262498, -0.7041569290506603, 9.012919274104663;
  -5.757188716006271, -1.095853041612783, 8.958884809757931;
  -5.833084767287189, -0.2653439331088975, 9.08285358915861;
  -5.822516352731492, -0.3194486199409517, 9.074376846714753;
  -5.852811502766571, -0.03951240294631581, 9.116703531941726;
  -5.833310963883731, -0.8486703174120518, 9.099700435379718;
  -5.837057812030133, -0.7610117895328294, 9.134452671269923;
  -5.810864417155137, 0.2133782010949644, 9.109208966096997;
  -5.85224496383604, -0.4913939284249372, 9.177933429569846;
  -5.842620692552775, 0.1848862891743491, 9.196720872991334;
  -5.856735988838365, 0.147653548177097, 9.255965369377394;
  -5.818303891755797, -0.01855628227276634, 9.214466172943054;
  -5.567479122241087, 0.3041581352435412, 8.878229365907771;
  -5.887041443040032, -1.966374233064981, 9.563856237680826;
  -5.861893365798546, -1.937730156316527, 9.65717958702173;
  -5.914420633294769, -1.911214910610118, 9.841258338850334;
  -5.872714650218708, -1.955589398872285, 9.849452981322214;
  -5.912212830452964, -1.447994407223813, 9.922111119128777;
  -5.904243303554242, -1.975224396761554, 10.03356452614231;
  -5.921921743034738, -1.332770707074653, 10.06128637382832;
  -6.022580989113078, -1.457591607774066, 10.30594354302767;
  -6.070001704306839, -1.424564280701341, 10.37952621480392;
  -5.917556514450666, -1.958228364996715, 10.43403327684612;
  -5.88685701459643, -1.899279856479779, 10.50018988030167;
  -4.077082467893447, 0.413739900201422, 7.57636599904551;
  -5.841946828341808, -1.330796944210103, 10.55185736229442;
  -5.85582213888246, -1.819845066160133, 10.59844563446244;
  -5.891031846982029, -1.342020800426754, 10.73642985200583;
  -5.814280032267986, -1.871671757769854, 10.66256222943466;
  -5.765579568974676, -0.6067239075091369, 11.01475274884625;
  -5.854519365639102, -1.234309966851891, 11.50868272853683;
  -5.935549132876427, -1.189185133014043, 11.84411955859899;
  -2.519435239665311, 0.8651328142289053, 5.670788474692263;
  -5.890935849277005, -0.08861073391715771, 11.89617877261399;
  -3.251366397067637, 0.7924525812790612, 7.060787243385804;
  -3.270964817754581, 0.6205163375804929, 7.102314654405818;
  -5.601822869087785, 0.05467317000673173, 11.44742456403831;
  -3.237971422154703, 0.7548853606374828, 7.05821743503595;
  -4.538555190322559, -1.238796831750034, 9.544534790472884;
  -3.216263425378025, 0.6867669374337961, 7.071844781130031;
  -4.470069456005226, -0.9246276583155608, 9.462913485497701;
  -3.182748304150386, 0.8027226813139208, 7.057919899524178;
  -4.412805534876455, -1.041872925189731, 9.444374123789391;
  -3.175027723789116, 0.715717066846824, 7.075363035352623;
  -4.495569729460841, -0.9567335542335999, 9.645851727764054;
  -3.141885503407916, 0.6920984681502911, 7.075781829525419;
  -3.129487799727738, 0.7621818447978935, 7.084416355096464;
  -4.205596645622099, -1.562258247052534, 9.214646578900041;
  -4.372973246198251, -0.5982328183341944, 9.534671164069303;
  -4.246918407691571, -0.7758115586305446, 9.324348600958716;
  -3.088082540172986, 0.6848351181893013, 7.087130160492268;
  -4.335155304627962, -0.4817499006865907, 9.554150959069803;
  -4.388699784062931, -0.4434694145422735, 9.728191715445844;
  -4.310363863133254, -0.5534089838931426, 9.606618118097929;
  -4.243336153826341, -0.6673932211498254, 9.49751044921342;
  -4.131855326484327, -0.6211939083426824, 9.350780193766498;
  -3.655394850634659, 0.2944097891723941, 8.395304335009957;
  -3.616323194611844, 0.3787408629491238, 8.347086727050831;
  -4.132228514391436, -0.5780686748330267, 9.410073125685715;
  -4.162851668372269, -0.8580972499038484, 9.506704930860645;
  -4.113907199978935, -0.5431098461712893, 9.411186910206265;
  -4.210832310429651, -0.8368889954733777, 9.640757341500727;
  -3.580936377169585, 0.335804961975653, 8.350011322475368;
  -4.017142374607966, -0.7273316967142242, 9.278984566293502;
  -3.561409151614821, 0.3982246589782055, 8.3478389257521;
  -4.066506170837466, -1.028307346256732, 9.470759210012199;
  -4.029217597381448, 0.01861980723359069, 9.412487476277772;
  -4.011672755599394, -0.9277230088948568, 9.41490009771197;
  -2.905328569395529, 0.546220987216165, 7.121554251680045;
  -2.938780068883871, 0.6301514145062687, 7.191818995358466;
  -3.927313626948253, -0.859622117994342, 9.322665633934044;
  -4.071709197829733, -0.4339232258849356, 9.707304330258843;
  -3.750792842222532, -1.153145224579456, 9.155972721671459;
  -3.716425874694161, -1.180019437861789, 9.088251444131902;
  -4.02054895825323, -0.4505259998876354, 9.747841760539366;
  -2.859820801517764, 0.5155986570175757, 7.255862340580085;
  -2.856591216259778, 0.5430121543232344, 7.249602509037235;
  -3.672850535565369, 0.5101145800074006, 9.094658947290334;
  -3.558517613230549, 0.3632017551628708, 8.875635751874631;
  -3.979722244996185, -0.5357358804939107, 9.916463225034947;
  -2.500797130014482, 0.8645260671065993, 6.648380305921144;
  -9.010145975484765, -4.5354308866927, 21.4081781708563;
  -3.851314766225695, -0.5948638466465197, 9.737170723946543;
  -3.891073994208078, -0.6497878382755419, 9.8886932227029;
  -2.762763288948919, 0.5352966459913977, 7.324850560807874;
  -8.889066695094382, -4.513019169648938, 21.49686354232781;
  -3.637256460077609, -0.8744957555183013, 9.503571380824383;
  -2.76538029317692, 0.6199849962652239, 7.463178234969154;
  -8.647967125682399, -4.602349976201975, 21.29496615312392;
  -2.956597753261484, 0.8337750264352278, 7.942277640930917;
  -2.790473015485392, 0.6797348625042696, 7.577492654207582;
