m=[-3.865866367722088, 0.07662447179380107, 5.661703986105867;
  -3.870698339908556, -0.4536874658996725, 5.705131236804296;
  -3.862736769173409, -0.1318575102492571, 5.71859484967556;
  -3.88172010711089, -0.6124856051912673, 5.752695867430055;
  -3.0226641421608, 0.617476753858798, 4.7035167406637;
  -3.968043994613424, -0.8739346065622624, 5.990104168060796;
  -3.894433009570712, -0.7138544693746146, 6.003057864943369;
  -3.963815227537485, -0.5184033000451603, 6.130089812657341;
  -3.866975363600965, -0.7360600673488849, 6.017483281094359;
  -3.875401653101157, -0.7554559946006093, 6.061455488196269;
  -3.944099913871737, -0.5738148620113731, 6.152616914416071;
  -3.933108886387168, -0.5127826943718339, 6.15494965624803;
  -3.932330929650186, 0.1443973976404764, 6.164388220155178;
  -3.958799762797437, -0.3324075084535787, 6.208489376038654;
  -3.963029741964718, 0.1254077410524655, 6.238104485315802;
  -3.959656920566913, 0.09982648953272422, 6.25782814885808;
  -3.926271370150365, -0.01252203411499791, 6.218048317707875;
  -3.814006284256031, 0.2083637879470845, 6.082038540453169;
  -3.972184704271252, -1.328867347251178, 6.750259007122735;
  -3.976501506027893, -0.8949400133674019, 6.756036664139273;
  -4.0136024694391, -1.328174928669205, 7.076917917706938;
  -3.98728466104771, -1.2864198026216, 7.111986233741646;
  -3.963548342504691, -0.9028973007499004, 7.159051252532377;
  -3.975298267255391, -1.235424636643812, 7.194887680505877;
  -2.137360800672063, 0.4982941998154118, 4.659076718542199;
  -3.959002783323233, -0.103306438717703, 7.852478774958009;
  -2.102959849363516, 0.5303886476902, 4.66342944849522;
  -3.1089588054449, -0.8159030594171493, 6.468509005568484;
  -2.09434147718565, 0.4721079843794517, 4.667117127846969;
  -2.080646632720057, 0.4363788344634624, 4.657759948884542;
  -3.01378021586624, -0.8226101097033683, 6.337948733665138;
  -2.071406350606484, 0.4562919815558293, 4.664975665499927;
  -2.060914333520867, 0.50193245323724, 4.665420076767252;
  -2.035077364198321, 0.4513132110636712, 4.670489852235976;
  -3.002561643175556, -0.6389960884947388, 6.442401332081329;
  -2.865057087055356, -0.7336401893635322, 6.223053009418536;
  -2.802307378120291, -1.040976627371501, 6.139978288622306;
  -2.387549139059603, 0.1018239205601817, 5.371882711245342;
  -2.881017024751203, -0.3698946898388839, 6.420996284152421;
  -2.816886021570825, -0.4430407036814287, 6.304804393115968;
  -2.758225096554382, -0.4146787562563001, 6.242124799842805;
  -2.430398019708544, 0.2545378257855231, 5.609770465755421;
  -2.738835165467672, -0.3831430931697054, 6.23698304594995;
  -2.391015276743408, 0.2242192291404683, 5.57535865767032;
  -2.36790231808508, 0.2647707839706022, 5.550293802756848;
  -1.929724445364714, 0.4137834612835573, 4.722445571523284;
  -1.91519110252137, 0.3600685945632955, 4.69452490937318;
  -1.747618051929359, 0.6082514775194179, 4.522200562375637;
  -2.470199965059095, -0.7843245291190213, 6.040695861205727;
  -1.641877235494788, 0.5675972880958742, 4.364937941663661;
  -6.661963759672847, -3.080789132690599, 14.81896245636757;
  -1.820655046894148, 0.3527593348326729, 4.827060716574787;
  -1.814095350844952, 0.4067114754861718, 4.895860787027964;
  -2.457087840196988, -0.5691810130401188, 6.314079271828971;
  -1.835790666423907, 0.4471825777577775, 4.985065332040234;
  -1.965021001478073, 0.5541455328665598, 5.278615377009896;
  -6.49658826003312, -3.270183095018516, 15.43594513916846;
  -2.439087634818131, -0.6142000638139193, 6.473486783784762;
  -6.24502983624197, -3.101588233666729, 15.34843372000101;
  -6.353564229812466, -3.381294789504386, 15.64517224212725;
  -6.144353974655753, -3.211954144789878, 15.38998124881441;
  -6.111384534440647, -3.147942058463063, 15.45935047322774;
  -6.103873300056981, -3.257754964881337, 15.47552086798182;
  -6.118510644119136, -3.121957112650547, 15.5858574031063;
  -2.779378346407672, 0.1870291120494831, 7.612565940338689;
  -2.604180478611428, 0.1185666546134675, 7.341789330248543;
  -2.232197813231343, 0.422821483649417, 6.687989374668209;
  -1.657411473229947, 0.5517851184801829, 5.302477461034515;
  -5.177358518435184, -2.408734291136253, 14.73291467237207;
  -2.004133564645591, 0.4864712507559617, 6.303481335506654;
  -5.176265259840862, -2.236018939852178, 14.80085828483058;
  -5.184075803064627, -2.479901980541708, 15.02156641839525;
  -5.130027670075176, -2.376140751568443, 14.97809172015024;
  -4.837724528384568, 0.0583313023765696, 14.50407170132454;
  -4.710272826219284, -0.0328299179027952, 14.23815952905692;
  -4.690650817102499, 0.02241898958699943, 14.28505535389602;
  -4.11136933720915, -0.465853077518985, 12.71413283881147;
  -4.584946563696244, 0.007608647221716864, 14.21069551271268;
  -4.34015782955931, -0.08532792633188695, 13.8377951819944;
  -4.326731429275768, -1.566867757845077, 14.12690789200823;
  -2.075456485398311, 0.4074558661154925, 7.273764617004827;
  -1.74355141323522, 0.5146229241531907, 6.286756582371453;
  -4.344604322969553, 0.04754374896055952, 14.23117933912767;
  -4.414924777200048, -1.66771621761502, 14.57798346385027;
  -2.040907052597373, 0.4300397811857981, 7.280304991918372;
  -4.307323809763539, -0.1515143104355539, 14.3111997742146;
  -2.024418884620711, 0.31564794978122, 7.268369839450724;
  -1.821419602397125, 0.458998323511597, 6.779835974409897;
  -4.02142695446462, -1.736236981791941, 13.9599925118819;
  -3.952382564264568, 0.131680976556352, 13.84596555956551;
  -4.154820112757109, -1.693533973817031, 14.58901261237828;
  -1.938925345241424, 0.3129834283648676, 7.330502218825612;
  -4.102858831403053, -1.761026994278932, 14.67041836686511;
  -3.535055197626515, 0.1240544252914255, 12.75295365868788;
  -4.105592385115615, -1.991484834444336, 14.76701850911984;
  -1.854948689592066, 0.3098299402846267, 7.397817511219676;
  -3.839429088066718, -0.9422105266526047, 14.44779297237099;
  -3.874546092394554, -0.7031248296450317, 14.90763858390903;
  -3.66472040879503, -0.8417203438420486, 14.19592480913084;
  -1.899648241118939, 0.5448790066979757, 7.932933361159109;
  -4.081673892117166, -0.5507308086135743, 15.99354628098226;
  -1.973119387977094, 0.2619444686759332, 8.239756263507315;
  -4.098790752430908, -0.5293426051712618, 16.41011747770744;
  -1.958315366964771, 0.2764355328158445, 8.351721509565317;
  -1.942423337980786, 0.3331276018282202, 8.52415907050564;
  -1.91782047825474, 0.289880476617103, 8.531143781229833;
  -4.004164146966305, -0.7366056445342603, 16.80813356544855;
  -0.8592358965384017, 0.5535928387050422, 4.482061711786221;
  -1.867850849029661, 0.3240393744995739, 8.615659144846624;
  -4.333080922980004, -3.228649072585869, 19.45408349697613;
  -4.374916981044379, -3.284948920710269, 20.24253013236083;
  -4.218724132006545, -0.2530925915317415, 19.80481909026555;
  -4.109028997006456, -1.965557946088638, 19.4695819515121;
  -5.105733059286267, -4.189651915796298, 24.18078338640411;
  -4.604529869178059, -2.957957877708441, 21.92313082898297;
  -4.356683301798774, -0.3760750806997706, 20.67931767625396;
  -4.671662982655269, -3.417845981115547, 22.55024545001081;
  -4.24083927240611, -2.41180524882662, 21.05287344423585;
  -4.064641141376974, -0.4468723180121569, 20.55269586761799;
  -4.400871848805791, -3.481925883164108, 22.36192352543252;
  -4.465922968779939, -2.651595554905751, 22.67597509042603;
  -4.439832154988542, -2.662199601536473, 22.83329317354824;
  -4.071348281978423, -2.105492052198296, 21.34090279667183;
  -4.622026141857165, -3.525585972567514, 24.20851969970641;
  -4.346142123955294, -3.143909011675046, 22.863638116025;
  -4.142871015037779, -2.284125641313236, 21.82669149926985;
  -4.198193530412708, -1.244705370258295, 22.18958028975455;
  -4.200446367778596, -1.654425451199987, 22.27631495274569;
  -4.399497639973433, -2.861515488490326, 23.4767413078038;
  -4.256605238130473, -2.561787203389256, 22.91227344886841;
  -4.942162334353535, -3.521257012922313, 27.0067759660046;
