m=[-4.118189284641791, -1.372963593611695, 6.589860555243384;
  -4.036311793335956, -0.9308189988233736, 6.629948980322395;
  -4.01535108916339, -0.4346309155884839, 7.014409315519306;
  -3.05336360481439, -0.9826753781555984, 5.760362632929864;
  -2.807168764027937, -1.053547094027211, 5.500261527403862;
  -2.97402290741927, -0.4073588353241884, 5.765068831025954;
  -4.099310857596699, 0.09624213555687118, 7.621995315960286;
  -2.45217527936401, 0.192421269081244, 4.986286370296243;
  -2.420281025936021, 0.2208424610435232, 4.993054564308466;
  -2.78334914454293, -0.3992702744852574, 5.690870808835972;
  -2.867116901880098, 0.05783980567314339, 5.965466907041217;
  -2.791761271291671, 0.04583227551452098, 5.901990603855399;
  -2.607616785143458, -0.6263013844818873, 5.886425511759913;
  -2.686319517914646, -0.4189054749846183, 6.030938508038433;
  -2.445472378596385, 0.3995490972303235, 6.038688887091715;
  -6.775888255604697, -3.289130730516606, 15.43740795344071;
  -6.857775188720111, -3.50259699101986, 15.62536921629;
  -6.734102653702121, -3.108232067374293, 15.46079861968422;
  -2.350499704040463, 0.3653319300544686, 6.083308465469236;
  -6.519976215715328, -3.244948512422078, 15.30111484009923;
  -6.544137125362204, -3.535802276369144, 15.45025950769772;
  -1.664205963639948, 0.5500205025708603, 4.689232728723205;
  -2.057562316407755, 0.5090053285485231, 5.589122846041291;
  -3.851309960772572, 0.237240091723024, 9.68911353635094;
  -6.234291776842752, -3.232666043955285, 15.24374321983925;
  -2.249686638356293, 0.4163884701550452, 6.115449995533821;
  -1.689985936020275, 0.5332530532037603, 4.853082045979107;
  -1.670524763898421, 0.5516340586596841, 4.84481303299747;
  -1.967985897001614, 0.4965174704017945, 5.610716645936283;
  -1.642052202388822, 0.5374037829166761, 4.848695951068504;
  -1.670584327057608, 0.5236017394544986, 4.98548947279768;
  -5.464370692967353, -2.532141268892991, 14.66231633175934;
  -5.65236848965225, -2.765117460025325, 15.15241947319218;
  -5.37140280613475, -2.552873855971779, 14.64594003936278;
  -5.326329563904554, -2.356272140565512, 14.59936895959023;
  -5.328817164677535, -2.60404967780741, 14.81226059663744;
  -5.342762946626448, -2.532551317380905, 14.95586475635536;
  -4.973950602866171, -0.07669328794435217, 14.43159250797012;
  -1.761682276560857, 0.5119851980133159, 5.730253116019059;
  -4.865555682252606, -0.02144185513011656, 14.22400442229985;
  -2.062593961650469, 0.4233522635215907, 6.73901289192386;
  -2.042882065512942, 0.3047733000656688, 6.714044669637932;
  -4.42011294428599, -1.652610305308193, 13.85840569630434;
  -4.546257937547082, -1.915249592229547, 14.29980042970254;
  -4.543658826222643, -1.769709719649125, 14.39641197467137;
  -1.915167713340688, 0.3386151448167807, 6.6379636976388;
  -1.94093686231082, 0.2992660062880894, 6.731311618836152;
  -4.517700347212492, -0.2038158711559457, 14.40941539362312;
  -4.497279289132284, -1.778340725677793, 14.40280766846399;
  -1.976357920290375, 0.4402305720036933, 6.855296983945419;
  -4.379857105976892, -2.044920208611475, 14.53480218232122;
  -1.911693379344399, 0.3130763047634788, 6.868385214338124;
  -1.903797329518857, 0.2883699694089644, 6.876770146995901;
  -4.296102722359382, -1.806613517727403, 14.47216178137259;
  -4.336536644293151, -1.921269054715915, 14.88281833966939;
  -4.272149541546654, -2.136326077742657, 14.76223137677359;
  -4.147233572963215, -1.037291990970958, 14.71278496496391;
  -3.997676536683396, -0.7382448116545599, 14.31354053052679;
  -1.878228791605737, 0.3330602961778225, 7.248380303362542;
  -1.946455970756133, 0.5399836753543587, 7.517052923569642;
  -1.995042154320145, 0.2460135620320994, 7.726930496012516;
  -4.268279947881474, -0.6339633574650393, 16.15081212991596;
  -1.971460387906895, 0.3195088437388398, 8.061178494612237;
  -1.920544345006296, 0.2215833172045061, 7.898998255462478;
  -4.367456780328868, -0.6206424134130341, 16.90308188600107;
  -1.969184664253612, 0.2795369820739298, 8.157164234385819;
  -4.244465194513636, -0.8411027093260963, 16.52378603338474;
  -4.341365550185199, -0.6617090897752327, 17.22355698590695;
  -3.395112302609428, 0.1507032728589829, 14.53808187676098;
  -3.343844744964446, 0.1401042225991974, 14.59968091983146;
  -4.38614985009662, -0.7030797962679557, 19.40869106643423;
  -4.647646676913788, -3.572448196853785, 20.89650089429222;
  -1.761142799441245, 0.4484286344555509, 8.653764229274849;
  -4.618023731438014, -3.050937163537939, 21.42028318188087;
  -5.546497185776646, -4.643495063644313, 25.59472455347664;
  -5.046806314309313, -4.167467577067206, 23.64750608339866;
  -4.85936309996403, -3.668082923443938, 22.91179955438523;
  -4.770584681175249, -3.733693615238678, 22.88572723124475;
  -4.548596829945086, -2.68461156049924, 22.02171300429685;
  -4.456201701862278, -3.639560290610829, 22.13230458944321;
  -3.917313736450073, -2.185240510315267, 19.78288943776059;
  -4.480767490243589, -2.919639158362702, 22.66139968792135;
  -4.318512812730251, -3.142861362891132, 21.87217875866059;
  -5.112394532913948, -4.196846084685685, 25.9848806350991;
  -5.008065768834792, -3.949600394954051, 25.67514674425853;
  -4.458498826469113, -3.34856358352788, 22.93657385694987;
  -1.971572939093264, 0.4386167826235761, 12.19339126320714;
  -0.5643114350773792, 0.4196759044346354, 5.821447488060677;
  -0.543676709850432, 0.4426768331330119, 5.8645249848596;
  1.625141419115335, -3.586542954221138, 21.72917131793848;
  1.686095563160601, -3.699708094431332, 20.41867864170074;
  1.61580034297647, -3.122671127553178, 18.44636726465149;
  1.774453029102542, -3.856717106352251, 20.05206204682717;
  0.5845694470658803, 0.4023729168601136, 7.380490373368304;
  1.77078554444712, -3.701332691617889, 19.90278181586547;
  1.619011240999091, -2.171870119003196, 18.22055887434324;
  0.577360858270208, 0.4234651517012395, 7.223496257913486;
  1.641299759479066, -3.006973235791262, 18.13171061867358;
  1.815250611661312, -2.228219845532526, 20.00657320076068;
  1.659822509487673, -3.108683655185594, 18.20397080450573;
  1.571927723132337, -1.753195869399368, 17.20079725108865;
  1.554095251663714, -1.548651766176517, 16.93003873419056;
  1.854855248287573, -3.615775422652351, 19.84417631343078;
  1.562219418028215, -1.912977563840784, 16.6149924795145;
  1.98890629511241, -3.715682660389458, 20.69304377991648;
  1.59844724977485, -2.171030474522758, 16.64766156246513;
  1.850799108573924, -2.841605613947866, 19.18173990841131;
  1.937712403172198, -3.864788732822073, 19.81338315461955;
  0.6230549651636387, 0.4322687501232737, 7.16269856411915;
  1.488205768793628, -1.024538487988904, 15.38363305671994;
  0.6300360675504479, 0.4025249424668425, 7.190218634962366;
  1.726061911708426, -1.919367704158704, 17.49113207963425;
  1.828194673124332, -2.948540945497848, 18.09898127635949;
  2.047922016161336, -3.863710121605172, 19.96243114324186;
  1.661231160164325, -2.880390100434892, 16.18854786234392;
  0.6944189604493729, 0.1197092295802122, 7.257239448455215;
  1.677506966125172, -0.3794617489922568, 15.88968623346486;
  0.733432655814677, 0.001561297373487154, 7.433471387053903;
  1.845848585193406, -3.128208753816022, 16.79081088041643;
  0.7395349699089021, 0.05894304821991927, 7.345187645218419;
  1.683358604520537, -1.773529950384141, 14.89094001665127;
  1.688423806720346, -1.326143357384596, 14.66610188198645;
  1.61915598111488, -2.60346919244579, 14.02019828812954;
  0.6724625337602157, 0.08433205519579266, 6.26558417623617;
  1.722797259009321, -2.877821425785289, 14.26164319271483;
  1.633178358983511, -1.707115466483579, 13.61678004071864;
  1.681785631195722, -2.137585880001137, 13.91532404218107;
  1.737186511498918, -0.9037847926098338, 14.3190853844621;
  1.788380907729891, -2.739196115966006, 14.6084724983798;
  1.855932636583678, -3.07326885753965, 14.69718778930467;
  1.709286612844452, -1.565889384168521, 13.62591623351058;
