m=[-5.797475640770577, 0.063630486671688, 7.934811797042213;
  -5.961697649920173, -0.7893933674243916, 8.243712739276567;
  -5.3841941024959, -0.9623108822897543, 7.28406415343833;
  -5.968739155678571, -0.8347726108264895, 8.288259439294556;
  -5.90550983658966, -0.6958770558710243, 8.240594103697944;
  -5.9585618838573, -0.8762843722403853, 8.311151685485594;
  -5.932625426870708, -0.8330407674479839, 8.321714828177443;
  -5.948504063244569, -0.4097271037120098, 8.344255299897075;
  -5.857617222332139, -0.7437117161273215, 8.238121137788051;
  -5.939807286257114, -0.5058600588862026, 8.341408864373165;
  -5.929018657975155, 0.2087153051732835, 8.322598735307469;
  -5.915631451431295, -0.1137176986699009, 8.323452506765952;
  -6.00552545798546, -0.7235130943977555, 8.461433645586947;
  -5.979099553188524, -0.5374928815959633, 8.443864692760396;
  -5.981319969876367, 0.1829070422446018, 8.440269319169026;
  -5.909645721513201, -0.02934507379510653, 8.39042924364826;
  -5.982550486514151, 0.1465083532470195, 8.482141321826578;
  -3.942893276708416, 0.4471740334251668, 6.106771616217003;
  -4.294102759887497, 0.3305059499844778, 6.693860622708574;
  -5.901095715659688, -1.983843980063379, 9.058800087192791;
  -5.966782378356025, -1.319599533820731, 9.158772317165523;
  -5.985236504740692, -1.365121573442228, 9.200302602644246;
  -5.949960860204949, -0.4802987367309967, 9.319117075436788;
  -6.086668779620142, -2.0292351961472, 9.739789924964327;
  -6.033314285474104, -1.820899921545766, 9.66676160723696;
  -5.956053129165734, -0.4805430081308751, 9.60997241567696;
  -5.968883110056347, -1.876324182914772, 9.825707849638118;
  -3.305652341529011, 0.4161323162340554, 6.108328746222761;
  -3.302068684005796, 0.6235026858580093, 6.187321742327515;
  -3.239881736759187, 0.7554063453282933, 6.090536993694371;
  -5.91435635635638, -0.6401836504950124, 10.33177806874434;
  -3.209891550131222, 0.684696505544684, 6.087481768429597;
  -3.18869515744233, 0.8044535415620293, 6.098649454567788;
  -3.167773213418978, 0.7112135843164312, 6.08879083311224;
  -3.163248434353023, 0.7829802525217966, 6.088374739845442;
  -3.140068934995044, 0.6910278732453997, 6.100011055729765;
  -3.120661858642413, 0.7940205878159194, 6.103941034583428;
  -4.675848397727259, -1.198667854234654, 8.737639842708122;
  -3.087617874034619, 0.6844934692918941, 6.114109895793046;
  -4.512458821918842, -1.452261424826349, 8.513037602017306;
  -4.494738179573691, -1.242570231046801, 8.494691029195664;
  -4.594472010031558, -1.570648739758771, 8.679494650432281;
  -4.409770845185562, -1.489572781806322, 8.472341649534048;
  -6.010020381247802, 0.1411010817000392, 11.174645882199;
  -4.571020149397214, -0.5904561793763073, 8.781251633762055;
  -4.183710606919543, -1.570171415645973, 8.197406150962005;
  -6.092959375319897, 0.007230690014499538, 11.44985584609631;
  -4.504559493992256, -1.465890765108965, 8.752817640302574;
  -4.33075627480585, -1.319508425828457, 8.478957835618727;
  -2.937236628458035, 0.5637688107686895, 6.102458917771502;
  -4.192384499485483, -1.543895488174644, 8.3159350595602;
  -2.906734778571698, 0.5427754416434288, 6.149650656733034;
  -2.916143942168933, 0.6207558548198066, 6.170779295529443;
  -4.320233958156439, -0.5712690823360738, 8.668406819778134;
  -3.743505123036621, 0.3837495958553686, 7.644904282428196;
  -3.629792470473132, 0.3312062911977424, 7.488284074440977;
  -4.252012607328547, -0.5747787525945612, 8.620758661227509;
  -3.588836418513571, 0.3921189159112459, 7.442957835397192;
  -4.194141020094978, -0.6741951341732443, 8.608305986734584;
  -4.23949251757699, 0.08552543609526433, 8.820900291742634;
  -2.844599828752094, 0.5374831567920934, 6.250096523458876;
  -4.294651663407071, -0.3318676218199681, 8.981354535912658;
  -4.249566617996754, -0.4425601110692906, 8.906220420478967;
  -2.489644632076697, 0.8620470925848384, 5.648528188541718;
  -4.154658892166568, 0.06820693193674533, 8.783257363709428;
  -3.702238385793509, 0.349528572022211, 8.004841020538613;
  -4.035569486929614, -0.5015858878582276, 8.787892767142685;
  -3.649517956899694, 0.3359180671505921, 8.043337113284318;
  -3.845736039832616, -0.7953361032770361, 8.521217581587484;
  -4.004413848150124, -0.5784639848584937, 8.929119984056962;
  -3.993776357565968, -0.6909976806498229, 8.922432052676456;
  -4.014422609641628, -0.5564768374836968, 9.039706188452406;
  -10.09909262177697, -4.731073636779748, 21.48095791620656;
  -3.817076405232302, -0.7004491501142406, 8.892260624656743;
  -3.671264958094908, -0.9006107659423722, 8.619514041659272;
  -3.768384593209858, -0.7763679273012449, 8.883786630332848;
  -1.803106873588041, 0.8324877758564696, 4.782505263535186;
  -3.659858950821194, -1.075001375062355, 8.69165174798823;
  -3.652651743714163, -1.110952818024702, 8.702749639824232;
  -3.648314818326714, -0.8890171366468357, 8.713786495058203;
  -3.601558695881908, -0.9836323691123338, 8.761664739031547;
  -9.454454638549509, -4.589352143788164, 21.53994690096368;
  -3.635921052950453, -1.038984719954036, 8.921612133734113;
  -9.378440325894569, -4.328768131693998, 21.53192261862355;
  -3.63098763367101, 0.5932423705887058, 8.966122400123593;
  -2.895556246311093, -0.7637793699849071, 7.392895127930827;
  -9.283025778906831, -4.620099781872384, 21.78545424203994;
  -9.10108814577589, -4.917324861448337, 21.48704572673303;
  -8.92900194857071, -4.744025796456477, 21.45061392578961;
  -3.460699271741015, 0.5978553807259922, 8.907880613859607;
  -3.305331614621169, 0.650127334292719, 8.554087345663067;
  -3.509727685112425, 0.5455076582071553, 9.083496629093222;
  -8.910765315128927, -4.662047304662401, 21.61898077200439;
  -2.662909169507287, 0.8369128826366439, 7.177568032288884;
  -8.717413617583615, -4.520238705758406, 21.31533452142536;
  -3.151639147605775, 0.7673873609814407, 8.328790092874124;
  -3.872841390512569, 0.2131102768869461, 10.18238049968208;
  -3.091512649956704, 0.7647867573947548, 8.397725717909411;
  -3.349814627651778, 0.6200082110680215, 9.105989918969236;
  -2.515216938759793, 0.8312798505454137, 7.087126141090517;
  -2.548660459811491, 0.8041966165556731, 7.318911983335945;
  -2.549655308837704, 0.7758571893798263, 7.348914131362535;
  -2.517316146861224, 0.8312581489555535, 7.300655662252622;
  -2.941467354748506, 0.7421241851754938, 8.386106768300726;
  -7.617147460440279, -0.2190380931509591, 20.14912487396707;
  -7.571359153105091, -0.4544059406283894, 20.14644788116171;
  -3.017167468230621, 0.6565510956236232, 8.677510869847636;
  -7.623643425591901, -3.532729242199916, 20.45620214793025;
  -2.481559975892057, 0.812154276605162, 7.327617106165747;
  -3.103809782871426, 0.6120498604416477, 8.933688877282814;
  -8.552475902638497, -4.183839126575856, 22.92679655411482;
  -7.59867553976602, -0.2346695836762922, 20.4384527640201;
  -2.505987807628748, 0.7854374986488968, 7.478566410291504;
  -7.560158115711363, -3.593126543883373, 20.61391156968331;
  -7.399806868610403, -0.4189203825731757, 20.23229764053668;
  -7.438874617106982, -3.290823973085121, 20.38981513935127;
  -2.799495261113355, 0.7009489686306034, 8.316475440533786;
  -3.054514929267735, 0.5297412096424936, 9.020467089772204;
  -7.46086624525368, -3.645924741216507, 20.73861641076606;
  -7.230877021772598, -0.6822911140855904, 20.14854775001149;
  -2.801239247560009, 0.7013576454092403, 8.418218014579608;
  -7.444463497257794, -3.528789509382751, 20.83910335548644;
  -7.179267179992118, -0.5044786931424946, 20.11203269155729;
  -7.154582217260351, -0.3069735224785589, 20.08217056715187;
  -6.978633723905065, -0.1332206145867923, 19.64015636123269;
  -7.077529577399643, -0.7926396047229513, 19.92493770501122;
  -2.766617431101884, 0.7472910677323895, 8.422470701347642;
  -6.798070765589064, -0.1048193760490855, 19.7241579103727;
  -6.669739250000102, -0.02939265154765312, 19.49836910378676;
  -6.01223155883823, -0.7421085995759825, 17.72511369004684;
