m=[-3.307195015072663, 0.818847247189132, 5.209349399302653;
  -6.264068348878251, -2.000897316195218, 8.989194756483736;
  -3.296293137268448, 0.71717811306529, 5.205198088331073;
  -3.268864523614905, 0.7551626573865274, 5.184005298719098;
  -3.268819801400297, 0.8152032710686779, 5.195934130725997;
  -3.220580104348358, 0.7248086325020831, 5.173171981491094;
  -3.221670152943065, 0.7344695589739105, 5.205442842958983;
  -3.217561139279588, 0.8086521688595537, 5.206918929326721;
  -3.217365839310074, 0.785781015333971, 5.211463163307539;
  -3.206274097612285, 0.683869547513662, 5.202913753756659;
  -3.179359983494491, 0.7110603838824072, 5.193884808898738;
  -6.178250589265081, -1.945021672517297, 9.166404165828141;
  -4.436970455376605, 0.2065210633068782, 6.895722953786639;
  -6.24491883847074, -2.029044769222556, 9.411709594447444;
  -2.96420945017177, 0.5767883356088297, 5.177514402027735;
  -6.077586071913341, -0.6581240991176953, 9.635789995972434;
  -2.941185633236088, 0.5585758236229426, 5.239895186463072;
  -3.466893178415908, 1.23601086709111, 6.027279500102702;
  -4.751478481922397, -1.3798536912639, 7.955957764480902;
  -4.482770528361578, -1.484552864315149, 7.57283135812829;
  -6.160253579369785, -0.1649563020708843, 10.24961490206888;
  -4.565869867143471, -1.485338121773573, 7.883805177374718;
  -2.890006663978859, 0.5536801796960735, 5.363835860222508;
  -4.293325656741732, -1.580375049298133, 7.513946155207345;
  -3.737862038380315, 0.3861838688761412, 6.672452077787089;
  -4.219910663288693, -1.591321664280409, 7.420571315142167;
  -3.673873202524666, 0.3420345204206231, 6.604249844250846;
  -3.652583810085169, 0.4031905217566137, 6.594514434939836;
  -3.654269335407292, 0.3667886238218356, 6.623561725654259;
  -4.438349620991344, -0.5859462983444292, 7.914057437574223;
  -4.262128811954835, -0.6761815932870545, 7.76410401595046;
  -6.136439811306364, -0.1593130051022044, 10.75407422879664;
  -4.434918204811861, -0.4554330984439364, 8.069507740191437;
  -4.239663131196333, -0.6043460440642884, 7.776498157958701;
  -4.357682244620434, -0.37828051052455, 8.022949670610139;
  -4.234947946120243, -0.4427058047035847, 7.917973331003102;
  -2.776380134248484, 0.6267391403950494, 5.539572330222653;
  -3.903570883607905, -1.056458512183304, 7.46914646410663;
  -4.264898286602902, -1.762397800049852, 8.090762605308639;
  -3.846609605404094, -1.238591847117094, 7.397581619238295;
  -3.856857142201098, -1.204748484168565, 7.423587234845624;
  -2.865943837532603, 0.5267590326560319, 5.8038305652437;
  -4.150926661716602, -0.6107175297819536, 8.261428377721098;
  -4.146116958422596, -0.7815911391191645, 8.297223070006089;
  -3.977977644676665, -0.6356525668873402, 8.077890748411463;
  -4.055375320322479, -0.7949076716914791, 8.234023605844982;
  -3.852722962762424, -0.6429786820617868, 7.967299806934025;
  -3.857260062108369, -0.7197303085596124, 8.016101895141048;
  -3.710066382808799, -0.9061999896251912, 7.878103758681698;
  -3.656085407451871, -0.9350226484251847, 7.784044610953067;
  -3.59444594037481, -1.205885101809633, 7.880384645760463;
  -3.730285622337197, 0.6106480324450873, 8.240937899166923;
  -2.78217200786833, 0.9012167628446891, 6.426875884186304;
  -3.577525430859173, -1.179013360501246, 8.012835253583589;
  -2.672570195209678, 0.8450783550588579, 6.244029239445697;
  -2.527034639149408, 0.8425196161861454, 6.1616771980605;
  -2.551627995905557, 0.8105038831955621, 6.233938071890894;
  -9.515138967646713, -0.1452388979351452, 20.7258286530397;
  -6.023727418961231, -0.7513530040244129, 13.52431215968541;
  -10.15212537891676, -4.732251873273264, 22.3257423043377;
  -3.081777763248649, 0.8120049235041521, 7.490545694009863;
  -9.808303541676738, -0.1007654757037008, 21.72472741367738;
  -10.09924667082451, -5.056688622515261, 22.3785106859274;
  -2.644332651134459, 0.8030414526474219, 6.628767069951908;
  -9.729278789934108, -4.915338101496645, 21.90507925734239;
  -3.429853902358703, 0.634112026872974, 8.361013993468534;
  -10.19279371307939, -5.553693480569103, 23.03589525853921;
  -2.502704030344861, 0.8254974040485804, 6.431112336413732;
  -4.032168022523194, 0.2291834415197375, 9.821829884805196;
  -2.986703104066439, 0.7568728773699363, 7.557897983186703;
  -9.677585094934473, -5.109895228538042, 22.48849374972047;
  -9.751229823156063, -5.337206188510463, 22.71637817115471;
  -9.686999574038264, -5.074320056090608, 22.67596302036322;
  -3.141244129063481, 0.6258538331979781, 8.025833134095203;
  -3.178696672393331, 0.6244526575105475, 8.185942049046053;
  -9.004520953499345, -3.711632846168981, 21.54807260747549;
  -2.903958149133518, 0.7270181591616958, 7.647049364215424;
  -8.731183237327167, -3.87989454160825, 21.09190655604579;
  -2.818144904332311, 0.7265592387312234, 7.538454299323137;
  -3.109412340362282, 0.5386907105503535, 8.227280053328929;
  -8.434108965911564, -0.9020400719867995, 21.04974548454251;
  -8.180123378931491, -2.499834603358119, 20.50105438976983;
  -8.596637569465241, -3.657686102447217, 21.50957284354034;
  -8.914774940564074, -2.72016714692553, 22.50403071902759;
  -8.352239729105451, -0.2741102466392075, 21.16434362195836;
  -8.176098181044385, -0.5275179418585732, 20.83727716101623;
  -8.30365506491732, -0.2883212617272374, 21.41328325717889;
  -8.268941738335586, -3.586469954768617, 21.47074509537813;
  -8.081940260447666, -3.890560825711809, 21.07883652746472;
  -2.651920604540637, 0.8580463414281149, 7.589314674280038;
  -8.063075071844105, -0.4936964928401786, 21.12370584215606;
  -8.255176197733901, -3.694712000089665, 21.630546337348;
  -8.07975756726858, -0.2374448915785546, 21.25201655898967;
  -7.894329015973519, -0.6357418859757117, 20.96169341022474;
  -2.688570057027527, 0.784568262135659, 7.787967192622388;
  -8.102940629396644, -4.008251883531461, 21.54898530028254;
  -8.282301794020734, -0.8232698934345382, 22.10569985258701;
  -2.531814054373728, 0.8141576211753897, 7.443432043188636;
  -8.077755659322047, -3.879269197330277, 21.64346755402875;
  -8.070288876939284, -0.6079148377196362, 21.65718841910665;
  -7.886072568201061, -0.3715458911674124, 21.20602742652423;
  -7.874677085159857, -0.9217623711779514, 21.22083108106567;
  -8.028403343742596, -0.1873310698158539, 21.62316709800012;
  -8.233394259698331, 0.07197202306188381, 22.50036654361286;
  -7.438383560337472, -0.1521342606002242, 20.66329900637616;
  -7.165757724057442, -0.3108328594267878, 19.97736824842562;
  -3.120351503826659, 0.6365250238375244, 9.248519316685439;
  -6.667073913472555, -0.8647101356914339, 18.69405318181559;
  -7.661175766822136, -0.0840777464592908, 21.7934555595338;
  -2.592835884186953, 0.8299789951321377, 8.046397245608743;
  -7.732244864539085, 0.06740132150195433, 22.30844997407473;
  -2.970008984977985, 0.4530139638431791, 9.350098309111671;
  -7.070384163928885, -2.696849753688681, 21.22922332988516;
  -6.901645539274184, -2.738935441543817, 20.90020206521272;
  -6.837291953193589, -0.3500282247000804, 20.8903873391783;
  -2.876480484798562, 0.4669580042260491, 9.411769294733276;
  -2.888260830585719, 0.4289366364568676, 9.495834954730572;
  -3.359962736136615, 0.1297722186976524, 11.15307563623481;
  -2.861859327431154, 0.5317430623357002, 9.650376335086497;
  -6.561996662243666, -2.816561560829427, 21.16475143043894;
  -2.835377479808567, 0.5294964276731949, 9.728355178143056;
  -6.41128903439601, -1.27796533557234, 20.85110869102755;
  -6.36586850719419, -1.73817335205794, 20.91424968142521;
  -3.003482448284717, 0.7465267131843886, 10.38597211595828;
  -6.59152535606922, -2.978171562642772, 21.65771889654168;
  -6.42280563998744, -1.401087883442455, 21.34953054159576;
  -2.862227744062603, 0.4898762123097873, 10.10710036733121;
  -6.237287344379552, -1.582985710675973, 20.88885158879247;
  -3.329301781307175, 0.1369178045203618, 11.61626765588948;
  -6.172658494419926, -1.78435374022397, 20.79669367752711;
  -2.889611365028905, 0.7917148632887326, 10.26074886115294;
