m=[-6.130146216521013, -0.3857246048116955, 8.479663852970209;
  -6.138390014758464, -0.546427699517469, 8.529787121759291;
  -2.951572297293266, 0.5822912590733577, 4.764913510424523;
  -6.148760204874074, -0.6086390725644568, 9.178885903806972;
  -5.984554943281741, -0.6588468335529434, 8.968338364375184;
  -4.841406073962782, -1.301077244773872, 7.457867952265636;
  -6.052472559844801, -0.6248755275570039, 9.117487087345204;
  -4.471840490935635, -1.42154115256432, 7.076778227994666;
  -4.474158267855492, -1.496466739322501, 7.115291031557656;
  -3.738018987580216, 0.3202925399785707, 6.131253726352864;
  -3.691418444632977, 0.4525128537920215, 6.145165249254216;
  -3.683600673454954, 0.3676469491609737, 6.134291399722216;
  -4.341950827542199, -1.575421680930396, 7.103537622574693;
  -3.644906313282002, 0.4756674601015776, 6.150973029421083;
  -4.508632273850332, -0.5509343214519531, 7.476761197218623;
  -4.439624631244526, -0.4216833201036239, 7.379760116060801;
  -4.394707969180804, -0.554838242583566, 7.3520000952833;
  -4.428526926586343, -0.4228661098289893, 7.460016450810334;
  -2.785448041269961, 0.652257070428517, 5.066430627053996;
  -4.419456273485838, -0.4679052076987862, 7.484305594532668;
  -6.139189483772134, 0.1358739578974435, 10.01627503041217;
  -4.222014916075001, -0.6451702706260016, 7.212353896066999;
  -4.017031430161875, -0.9249677076964478, 6.949059872101719;
  -4.353621635154891, -0.4151576680977795, 7.458341492728979;
  -4.248444895815967, -0.3427867272931416, 7.350933118146712;
  -4.22444288740726, -0.4173374851112047, 7.416760493387077;
  -3.810758541352702, 0.5802342992074704, 6.872686242573239;
  -2.820553567164891, 0.6835619661684051, 5.349468087821006;
  -3.693562386225886, 0.5344680420888622, 6.784807571633914;
  -4.088607223464732, -0.4493975940587701, 7.496818134185659;
  -4.121364019553257, -0.4639500017523089, 7.620433120386236;
  -4.101333350833161, -1.631184445590687, 7.614984689125718;
  -4.00476668728068, -1.535821788087622, 7.458915913861058;
  -4.051163849887943, -1.64871033832902, 7.54898941754681;
  -4.081642646399414, -0.6286698014858949, 7.701996485140692;
  -3.985465382285613, -0.6111109114684975, 7.605313829968354;
  -4.050258554810123, -0.7702783359145858, 7.740758978686159;
  -3.817129949257626, -0.8643460413076773, 7.45874310346993;
  -2.964870819543138, 1.040946545992562, 6.024823487464599;
  -3.869294646413267, -0.7261182900829403, 7.658888062694459;
  -3.699292400029203, -1.04936001182586, 7.409711254009856;
  -2.775457037779804, 0.925265682825876, 5.893387161380708;
  -3.772866900381845, -0.8974895753178281, 7.673782232164826;
  -2.694051970491391, 0.874784185572003, 5.794604684245253;
  -10.79396653055803, -5.041833293799259, 20.91903302075603;
  -2.527620807126896, 0.8669548197178899, 5.68074907800164;
  -10.85594418936432, -4.963619704454411, 21.33879447105777;
  -3.462290159844758, -1.186979042102464, 7.517748934587311;
  -6.096234111329642, 0.2131015267475642, 12.54450177098341;
  -10.73726564191285, -5.017828320728892, 21.41666608034826;
  -2.71320269623799, 0.8515309469856216, 6.166574769121829;
  -10.59385114858895, -4.920051945952527, 21.35637573822566;
  -6.099144717394338, -2.621014842370797, 12.73747473555428;
  -3.07228282871298, 0.836458160152455, 6.997557088773708;
  -3.216907842989816, 0.6981134187605677, 7.418386270929145;
  -6.008685220895839, -0.7136095294652418, 13.02327204521406;
  -3.394503795329366, 0.6551981351698761, 7.803425921487698;
  -10.03075204463457, -4.865822490184568, 21.43781020207274;
  -9.730499910699946, -4.490262199780063, 20.96401706428671;
  -9.341787100804062, -0.04710876052129238, 20.26589445136171;
  -9.295211934649997, -3.739575744458105, 20.21838714433069;
  -9.827084328500805, -4.87709297644525, 21.32685584820119;
  -3.132528422181159, 0.6513939078794305, 7.525994518704917;
  -8.954634210656755, -3.694959722537262, 19.71721023312243;
  -9.675051320487166, -4.808669952495504, 21.28466688935683;
  -3.083468324332704, 0.6330684565423876, 7.482003386369859;
  -9.949504824694726, -5.380676290227822, 22.03832624325481;
  -9.493159098078962, -4.685969299905794, 21.15280296026123;
  -9.405957063556834, -4.993152350538058, 21.18473474600699;
  -9.329820136927877, -4.535256861334521, 21.09155559390939;
  -9.422104148463507, -4.929459798041473, 21.44242644846088;
  -9.383247619222553, -5.090414030345732, 21.41725111188144;
  -9.431478382223247, -4.891667232434521, 21.61853118487479;
  -9.193352106751709, -4.898126428339211, 21.30687920537251;
  -2.751976770597111, 0.8054193585754713, 7.102656924935997;
  -8.400547471320335, -2.367171478531203, 19.72474293508709;
  -8.316805438098955, -2.251730144805606, 19.55297235655836;
  -9.140179333585829, -5.058173653377677, 21.49286563290064;
  -8.325382593075293, -2.184083254593198, 19.90334683860672;
  -8.96545278989519, -4.14579066062432, 21.40721893422267;
  -8.066673821863555, -1.89797451907701, 19.40254326490854;
  -8.388330704986895, -3.843329997560959, 20.44126207143658;
  -8.05473858062887, -0.8142718915113899, 19.67678931927004;
  -8.309206622482428, -3.497035936562922, 20.3505885674043;
  -3.256661121293446, 0.6748932011993849, 8.626456494535903;
  -2.653660131340748, 0.8007790614467721, 7.22486309282561;
  -8.011828946878934, -0.2165469658646976, 19.8746025236644;
  -2.544648559503246, 0.8443016743262426, 6.999963795519301;
  -7.908515330081682, -0.4645384799663722, 19.72564015143809;
  -8.014097456432337, -0.2307104055742368, 20.23036460875956;
  -8.904505298878656, -4.368667068590435, 22.38875587811738;
  -7.900956332257736, -3.762617952632788, 20.15797385416593;
  -7.689971250029146, -0.4285531487659506, 19.71966493077839;
  -8.041068931332442, -3.557399913892666, 20.61750123727187;
  -7.752801514515596, -3.761473596557293, 19.97997138818671;
  -3.163845079780843, 0.627222436361851, 8.752105855593122;
  -7.884382380241584, -3.858336725828608, 20.52106113565252;
  -7.370681037998224, -0.6879091511755612, 19.29008245041985;
  -6.853107743632248, -0.762166458017027, 18.06955105954008;
  -3.05681505422206, 0.6540017590541485, 8.612204215030742;
  -7.389674938071419, -0.4952663456327359, 19.42915068303259;
  -7.856838388879448, -3.731715468709504, 20.61175105992;
  -7.55700403296246, -0.3021054297184207, 19.89503897237849;
  -7.631364865469611, -0.1287523085810422, 20.14742201612764;
  -3.085912553160521, 0.4837042490105128, 8.735787895631534;
  -6.62922287774552, -0.5393410947847914, 17.8357050545655;
  -2.524832417000676, 0.8141812662287876, 7.446018013209532;
  -6.242790812165443, -0.5443090990403272, 17.07699467158209;
  -7.17997856444802, -0.101122704308122, 19.53005753380796;
  -7.110870870412255, -0.2641028016533752, 19.37824768341383;
  -7.218484396748953, -0.01972599365834387, 19.76540956433935;
  -2.907789769234971, 0.5355221030976234, 8.668686105950227;
  -7.005216690664761, -0.1585113654690288, 19.54521485914954;
  -2.9442770438291, 0.4753643885889589, 8.803127946182574;
  -7.624492939792869, 0.2546442282177217, 21.21939056926019;
  -2.843867646452361, 0.4889288108460813, 8.844391475446884;
  -2.838373109685701, 0.4501822896763782, 8.874278705957021;
  -7.186177096079391, -2.668800345983875, 21.00985639422694;
  -6.84615202374624, -2.575734963501393, 20.10297992453943;
  -6.771160194011883, -2.863016428444518, 19.91745297731551;
  -6.528778847916088, -2.551573881321964, 19.35830108539694;
  -6.538163627860908, -0.2867633615316844, 19.55727155173947;
  -2.985279873483734, 0.7767938009553695, 9.568902456433451;
  -7.330717721372897, -3.242858755206729, 22.34161624456056;
  -2.782166465804464, 0.5482731074207722, 9.093220570834362;
  -5.541392077560906, -0.08858914016327886, 17.39031203502199;
  -3.187410626578195, 0.36884820364662, 10.47498712501256;
  -6.402196019991211, -2.703721552875508, 20.1948882564098;
  -2.81946333250362, 0.5083321792454705, 9.496294100729369;
  -6.144641364640619, -1.181200629682798, 19.559609929826;
  -2.878241317481339, 0.8159519051722302, 9.7641129121543;
