m=[-6.214500372205405, -0.6546669403484507, 8.812513017644742;
  -3.774237834701467, 0.4854524106024143, 5.786156075687925;
  -6.274348506461204, -0.6196277724616247, 8.953495583651611;
  -3.733664026195391, 0.4190081597324584, 5.775175018996627;
  -3.726920978432217, 0.508980381577713, 5.793957558389569;
  -4.555332538960985, -0.476637190361449, 7.052701998385711;
  -4.610684655054879, -0.4013802551662588, 7.158539706299202;
  -3.716966614017812, 0.4906274327409192, 6.006329474853952;
  -4.207018609165768, -0.9985582779209458, 6.663728398879964;
  -4.148477818253908, -1.191425341309935, 6.814246986789371;
  -4.408621437129312, -0.2805206014150861, 7.232819861422225;
  -3.854216884333904, 0.5411196851579417, 6.458637329066575;
  -4.220310184704746, -0.5355489845746498, 7.019016657360676;
  -4.236987922898126, -0.4437245763019571, 7.270380608299521;
  -4.177242805931519, -0.4425865956502932, 7.239485583708659;
  -4.093113047789311, -0.5737636105355293, 7.281261548022375;
  -4.118508331118806, -0.6060935353202864, 7.364362712605364;
  -6.197811334018921, -0.01705838856221266, 10.68310876062727;
  -3.986608371605528, -0.6272759652299865, 7.248362184930558;
  -3.875673573833462, -0.9385721874560685, 7.226500834525631;
  -3.783125204421348, -1.051358403726533, 7.087840858346294;
  -3.957771955705186, -0.6922445010284688, 7.399935102810255;
  -3.774621260422505, -0.9527185179326728, 7.157723097916186;
  -3.818095460662868, -0.6941645411536667, 7.27514940092608;
  -3.857398798705838, -0.7474821448738654, 7.340487925175798;
  -3.656228042927913, -1.18240641340065, 7.034176465391837;
  -2.5779405211739, 0.906386826594597, 5.302492979668967;
  -4.657871359668363, 0.7201138336599184, 8.786845332084168;
  -4.607975676887595, 0.7520140845797545, 8.701485062975419;
  -2.776772565333448, 0.8943483724252958, 5.812647016808295;
  -2.579118713368273, 0.8988655896834773, 5.637224069375503;
  -2.584971729147797, 0.8633318088850928, 5.665513286798825;
  -3.24539274900739, 0.8227898534917532, 6.862923572885276;
  -11.35184441530517, -5.138776734765695, 21.84823115699196;
  -11.15672297982363, -5.166824981229627, 21.80387679558154;
  -3.481106750377629, 0.7000065496446977, 7.519220944386212;
  -3.080818074013684, 0.8324660231340548, 6.809665000285673;
  -11.2050228648884, -5.152342867025435, 22.11138609939475;
  -10.62748530015, -0.02579729163635756, 21.15870514495891;
  -3.217190832283001, 0.6928350612567813, 7.242497095676957;
  -9.922476060056209, 0.1834487295298146, 20.40477761195883;
  -9.985769944102353, 0.02256153782133438, 20.53666116200817;
  -9.821619567431798, 0.3594474881907036, 20.2584683983271;
  -10.11726910029733, 0.2747170271178648, 20.98339377489021;
  -9.654264718376089, -0.04163323084487417, 20.10868445857416;
  -9.442980344819887, 0.2810459140960971, 19.73516128995736;
  -10.03590178008959, -4.117907568798643, 20.96174731345665;
  -10.12233462312427, 0.04451777956656276, 21.1848079095326;
  -2.930758862147898, 0.8083976668582996, 6.848023803978209;
  -9.708858672799279, -2.493706083605522, 20.56062967991744;
  -10.46300941958827, -4.780167703184735, 22.06730903954706;
  -10.54507662056487, -5.39139313140332, 22.46761393090396;
  -10.31218425165019, -5.090898777631616, 22.2333694622681;
  -9.984184833427024, -4.882874633113958, 21.79398715252753;
  -9.175453031324873, -2.303667084173148, 20.45788997389657;
  -9.933249891714493, -5.152204649936333, 22.14751958567996;
  -9.718683880135112, -4.997021784073101, 21.83524570426032;
  -9.074205781253781, -2.326542246867948, 20.7340520666685;
  -2.741648305292046, 0.8521638622978576, 6.973718592610873;
  -9.012555011649321, -3.917238285118554, 20.83118943498021;
  -3.406387289663539, 0.7331230882186769, 8.520000810768618;
  -8.791999579941692, -1.935379931525649, 20.50566154199294;
  -8.885559249361899, -2.289896295163669, 20.77519230858524;
  -3.342539481643156, 0.7756812594601698, 8.494242225657835;
  -8.868442913224669, -4.019442231536151, 21.15375944998177;
  -8.717016556310432, -3.627796332743636, 20.8957128688314;
  -8.608239117138636, -0.1801468415319109, 20.89008251721561;
  -8.567449860387329, -0.4249462187129953, 20.90245531528074;
  -3.193000552599997, 0.7133277134928659, 8.505349214111716;
  -8.225603145232711, -3.38216289638847, 20.3265735814574;
  -8.485786498151619, -0.1899729598860436, 20.97098030231078;
  -8.440076331486552, -3.57071614573957, 20.98937752145938;
  -7.968440248176183, -0.6547494905511229, 19.94084127510502;
  -8.426857322744498, -3.971413053392509, 21.03312667048878;
  -8.33654670194243, -3.6534752737245, 20.9375741052001;
  -8.296204210936843, -0.1331039893391554, 20.90824712616495;
  -8.617198178176249, -0.592086239550063, 21.90443600935628;
  -7.45382794595217, -0.650752710767316, 19.09404912268059;
  -8.37792446014239, -4.059916751245781, 21.34675645952353;
  -8.320846067291365, -3.75961782293183, 21.2722088815454;
  -8.086413516290971, -0.2767323659645854, 20.83203360525542;
  -8.105013259101558, -0.08433680350901103, 20.93420637427558;
  -7.660799355039493, 0.1298942561580213, 20.1140609043581;
  -6.623933417739386, -0.5356821187358581, 17.66189046306958;
  -6.512562498279236, -0.7718882669143732, 17.38006074851093;
  -7.786483614838947, -0.05225936159712877, 20.70097843888934;
  -6.952511668612682, -0.3485327831939964, 18.85268675666932;
  -2.971355058283676, 0.5406916730340814, 8.757606644381696;
  -7.020666424556004, -0.5719345664039059, 19.53443934415621;
  -7.277613183828271, -0.1568839233955981, 20.32200421545156;
  -2.948455425048688, 0.5313500614935237, 8.924596762075995;
  -2.922070675843319, 0.59846024139784, 8.901001578703125;
  -2.994813843616098, 0.5312350757583016, 9.175848090759585;
  -3.137084869408856, 0.846151402804591, 9.576387147573904;
  -6.875518844094752, -2.54569636071428, 19.77852615033946;
  -6.957582179013916, 0.03743103170665459, 20.06179124129453;
  -2.610587203127786, 0.8540224907957748, 8.166233831902783;
  -7.053045093911959, -2.717609844957329, 20.44601049345147;
  -7.06317770832528, -0.2600989364653083, 20.67157042208956;
  -2.899494954002078, 0.5391525467225872, 9.175434241261796;
  -3.207522206781373, 0.3982577243502782, 10.05030371792334;
  -6.623912556149239, -2.89160802132932, 19.79204007521675;
  -3.052519314304813, 0.8937648943569012, 9.858200987801363;
  -6.65734650031287, -2.773424591507941, 20.56872844528776;
  -3.116260598926337, 0.3518900900080368, 10.18904747984451;
  -3.090941274677789, 0.3143402781991824, 10.2069519413281;
  -6.600115547885188, -1.714216743815165, 20.7683935207804;
  -6.632257995382458, -1.493972873680955, 20.91167235058887;
  -6.640825204795078, -2.921265896210449, 20.93027728629288;
  -2.975721266558004, 0.4385649791426142, 9.970116462567344;
  -6.519704736143487, -1.434330404201658, 20.76889684137833;
  -6.754258374526824, -1.369401439239021, 21.52699524909571;
  -6.607592378562934, -1.00517371336364, 21.08450757797996;
  -2.920623396153602, 0.5870230256253008, 9.897493895322581;
  -6.437200591158373, -1.546796252044175, 20.6501452167832;
  -6.300550380448997, -1.740792739046799, 20.33029724159318;
  -6.400666648576944, -1.375195313488614, 20.67959604734864;
  -6.403034681472816, -1.390671761388464, 20.70859506320451;
  -6.41151491775492, -1.221875798529076, 20.75431318414285;
  -6.327059839351755, -1.304268529619125, 20.62460098747932;
  -6.6299424909815, -0.2075166747777219, 21.6467180536859;
  -6.334180798223562, -1.43394164515409, 20.73961843398144;
  -6.876553654407243, -1.693275859681279, 22.44840137256569;
  -6.20987209194708, -1.112159033686003, 20.40071331764123;
  -6.355449179358231, -1.725621395938096, 20.94738777584507;
  -3.120817014996388, 0.5547191236284524, 10.85440788655443;
  -6.454705921047824, -1.650772465167577, 21.42356133493702;
  -6.409552177494001, -0.8838889983354166, 21.3018024509628;
  -3.084344551711596, 0.4787632825260886, 10.88934008181171;
  -6.626515729778102, -1.970974302618838, 22.34940729504247;
  -6.615306712197704, -5.182328576814527, 22.32859792984267;
