m=[-12.47558433962514, -0.5255076372458835, 16.06421945089481;
  -12.36875896827489, -1.104410062073695, 15.98943734518126;
  -12.67374099257738, -0.7419309138821889, 16.5330666375434;
  -9.049213010715624, 0.5942873377404354, 12.12537391374784;
  -12.57658963711424, -0.8992849578161899, 16.53637135879472;
  -6.09364429900969, 1.255901448072262, 8.631152801240939;
  -13.02725723155884, 0.1892540639485135, 17.34682481544474;
  -8.730207924878387, 0.7128510412807253, 12.06869118043158;
  -9.27927140123006, 0.6781873316106034, 12.78563469626496;
  -7.864793215068359, 0.8848452194491381, 11.04815021914726;
  -5.946979896392517, 1.211610368268087, 8.620842136765235;
  -6.004247953437823, 1.33911586807232, 8.723703962860338;
  -8.099196900107321, 0.5401182147476767, 11.51764374097521;
  -8.221830044905222, 0.6379505342866896, 11.67782317514039;
  -8.16511133281519, 0.7359200334861237, 11.6121944938943;
  -5.859135836866776, 1.120367637693164, 8.728363141985192;
  -5.917664224488403, 1.222498915899676, 8.866506238090903;
  -12.41257550736867, -1.307603563047075, 17.60173412015835;
  -9.91643200587029, -2.61970565707335, 14.28660304832001;
  -7.984663305440084, 0.6661066596271464, 11.69896882235616;
  -9.902122309689846, -2.572821205063217, 14.30719721460556;
  -9.495994863447583, -2.605226000485222, 13.76786555490011;
  -12.55263090750701, -1.239644039495403, 17.91260483504156;
  -5.854361905430457, 1.205286647383203, 8.8906329375288;
  -9.839844727155223, -2.464102013251105, 14.26468594284939;
  -5.870005626053862, 1.130708636225967, 8.965615424583636;
  -5.913690568686612, 1.177225895602485, 9.04267812698015;
  -9.151301913172812, -2.864107051622467, 13.49023036363338;
  -9.080947721625968, -2.985337416414874, 13.46341609872791;
  -9.146035855303074, -2.926737987360115, 13.58710848303794;
  -9.44363093860105, -2.78389970432117, 14.00281351113073;
  -7.546420806284481, 0.7068377372182295, 11.41112083338211;
  -12.26448397067535, 0.2988307216722651, 17.93190936795246;
  -9.125445305169235, -2.378385752592044, 13.60163991161201;
  -9.030878709191002, -3.039504145132095, 13.57136596285383;
  -9.147368571861481, -2.434267500173692, 13.76493336099261;
  -12.38199984077581, -1.623742138692979, 18.33262510481863;
  -7.540044652717314, 0.9698204016337479, 11.55938684551113;
  -7.519482280030844, 0.7977052087333413, 11.53116663075608;
  -7.442161626993108, 0.9084779639148561, 11.45685485603427;
  -9.106484701534445, -2.862826418196612, 13.7882132878717;
  -9.106697524171457, -2.264571911804952, 13.80880850915745;
  -7.42624838585281, 0.8334061790351045, 11.48680863139793;
  -8.909348764553839, -3.188097703478984, 13.57857867506134;
  -7.426236034970343, 1.014190661041436, 11.54499831206549;
  -5.774290572969623, 1.814144659960905, 9.205337762111157;
  -5.824324955329134, 1.140953331363469, 9.302590823693413;
  -12.47220703173205, -0.1840075747143528, 18.81247850792643;
  -9.137051287180601, -0.9560352436319738, 14.14625591464493;
  -9.176855509221213, -0.7988853893698474, 14.24796737502073;
  -8.057842629393248, -2.167951404624904, 12.6510187749591;
  -8.443306539635637, -2.18909058793526, 13.21540836148785;
  -8.372506629707205, -2.05086260780319, 13.23016036258103;
  -9.428800417405425, -2.915504465952393, 14.78024081448445;
  -9.003931675263578, -1.717403589119116, 14.16702144966159;
  -9.430623371916225, -3.134012259641581, 14.80114624755567;
  -9.082034086711772, -0.8161299410056739, 14.3108534822414;
  -8.42386490708752, -1.9994492101208, 13.34302341505892;
  -8.712864477796064, -1.974811409395541, 13.77601933625478;
  -5.614048921512079, 1.356810807610882, 9.236481219757298;
  -8.42077398095431, -1.824263422765454, 13.35464650578138;
  -8.81438719546599, -1.602840421787799, 13.97823069433579;
  -12.98347529969655, 0.4609731557102221, 20.13514585061894;
  -8.790667165136952, -0.8707998323796602, 13.95711556941606;
  -12.71914842126308, 0.3464627633991359, 19.76939912531297;
  -8.506398100216606, -1.046282261816963, 13.56305678271343;
  -8.588458021472993, -1.266671301645143, 13.69496217904051;
  -8.833944188480679, -2.579091160494828, 14.0534880957687;
  -7.903972808447642, -2.090575242143387, 12.71569148858462;
  -8.285451828127721, -1.854983732338209, 13.32505512536071;
  -5.914562751877248, 1.241060954508287, 9.802170967709371;
  -8.98668230267238, -0.8005778659654248, 14.39355068693329;
  -7.581343459423109, 0.4798349308267304, 12.3107562716607;
  -8.48996559867677, -0.6403928336382779, 13.74881842795451;
  -8.026569417527085, 0.648927132512453, 13.06705847115299;
  -7.531787728980914, 0.9799423002976067, 12.32570074668668;
  -7.77961362240373, 0.7102964106096029, 12.76432006939913;
  -7.983537149155891, -1.761856956573651, 13.07551655472183;
  -8.70386213448614, -0.5538267858602781, 14.27962636737178;
  -8.671854285357245, -0.813118253469553, 14.23531300151281;
  -7.555472032545053, 0.9557033811260268, 12.53930494551592;
  -5.179222353679235, 1.812427484301341, 8.982813018239046;
  -8.394408333873191, -1.065233753576641, 13.96117568269814;
  -7.693407983801883, 1.080129798327616, 12.89209545884417;
  -8.753831130826139, -0.02760873504055662, 14.53867722792043;
  -7.601917205065732, 0.8130083634495211, 12.78499922526648;
  -8.658220898499975, 0.0275402313843209, 14.45107492208605;
  -8.409297181477395, -1.866768830831851, 14.0755368706703;
  -8.21929558601687, 0.08835479725983393, 13.82097964033255;
  -8.753698388263201, 0.6166952339695867, 14.67512687170711;
  -7.569158427991566, 1.177533276763135, 12.84080900411225;
  -8.659240864420493, 0.5525398153192417, 14.55608421141082;
  -8.749655087495475, 0.6915546285608817, 14.74558462235406;
  -7.607964132395555, 1.151311660096485, 12.97516862064286;
  -8.025962318948185, -1.604486876043634, 13.6395337127715;
  -7.842418548514454, -2.277541226035635, 13.35839869316017;
  -8.043784825053471, -1.463249934206165, 13.68989263102866;
  -8.393631443840841, -0.879034971028548, 14.40289573465958;
  -7.553330885938861, -2.50074827363462, 13.05419031932058;
  -8.184478751183079, -0.9797844166396058, 14.19279014207644;
  -8.458805623032855, -3.322155186859955, 14.70660521035187;
  -8.29345630878561, -3.330949070298265, 14.46708161464871;
  -8.332864318828422, -0.9295300176336908, 14.61690705222471;
  -8.215096860383817, -1.124851746708236, 14.44422212845618;
  -8.20266859112845, -2.86923820801474, 14.44717177940977;
  -8.385249463686677, -3.415557328031929, 14.7816156194009;
  -8.525895551260174, -3.292729786440872, 15.01973768377873;
  -8.211812847670007, -1.278503750423593, 14.52242810977426;
  -8.157925989531719, -1.038555125836514, 14.49315218864155;
  -8.145800618372421, -1.141860466332394, 14.49060998997969;
  -7.456282038707893, 1.733469387751865, 13.35637854805002;
  -8.146778812563454, -1.1989073652396, 14.56736985616043;
  -12.78498503709839, 0.02168322014735118, 22.33703001912015;
  -8.498079262709769, -1.661546433904328, 15.16852029753214;
  -7.272195336997692, 1.789423153474398, 13.16458089917544;
  -8.31571135018236, -1.537513030787659, 14.90827984617033;
  -7.929669342047698, -1.247699931078102, 14.41754745895794;
  -8.066124190655266, -1.479732441121242, 14.65146056487766;
  -7.815832939786759, -1.914380097034351, 14.27124854527384;
  -5.138987957479844, 1.827191489344413, 9.744755133448953;
  -7.945774516227921, -1.387507775145959, 14.52635731395642;
  -7.957682239115381, -1.720310540535291, 14.55508040161521;
  -8.015183417021246, -3.069440935152243, 14.65626126020954;
  -7.845589922633276, -1.863907339426484, 14.39544701310968;
  -8.070006885089839, -3.276250884110397, 14.79886582088764;
  -12.9553138630164, -1.05133172111802, 23.18445715997548;
  -7.808375030704687, -2.1257960262375, 14.43812845610939;
  -7.974746139961112, -1.453191102251957, 14.7921397463568;
  -7.637072321599107, -1.775048257792278, 14.2311726257784;
  -7.752332430769299, -1.877382981001902, 14.45483880755788;
  -7.282248739741863, -2.087530565964515, 13.66350885796926;
