m=[-5.823559109619549, 1.191222344647134, 7.934184544168522;
  -7.892013285992052, 0.4195490440188907, 10.61008833953805;
  -9.697943807707507, -2.396442721043368, 13.09720789469799;
  -7.662992909616562, 0.7452905066026959, 10.58675144833443;
  -12.3002360040393, -1.254165761513908, 16.47481247778041;
  -12.58757196871892, -1.139242293609016, 16.84216248498916;
  -9.48186630620955, -2.237333261972158, 12.92884545797716;
  -9.364635953455087, -2.336219866782702, 12.80662107524572;
  -9.327993682163852, -1.631262716389746, 12.78220023644491;
  -7.425930594702242, 0.989145502479698, 10.41532074597496;
  -12.40318284702063, -1.187641835255349, 16.73451566971771;
  -7.415438631654834, 1.039666549290914, 10.43286154555273;
  -7.376650031145426, 0.8540916719261162, 10.43089375302187;
  -7.414140590866738, 0.9886271034365917, 10.5276487001573;
  -7.351136268032897, 1.035951362899629, 10.45355333140851;
  -9.068441914230199, -2.378911125314025, 12.67828744515497;
  -5.624083580581537, 1.390554512374734, 8.26547770119873;
  -8.92762506724698, -2.439501588431719, 12.58545506963729;
  -9.094415001773147, -2.239980884075837, 12.81801239756627;
  -8.920555054687803, -0.8988992031630028, 12.85592443863203;
  -12.17641498169137, 0.3965374526877271, 17.23246987391437;
  -9.102915255871583, -0.7674694555931889, 13.1625901615495;
  -12.10557143553853, -0.1225914202410345, 17.31390120281058;
  -8.255534255635398, -2.394241682543523, 12.11536849574855;
  -8.234850765169623, -1.925305758005391, 12.08972003014101;
  -10.33316962492236, -0.6117469496663114, 15.10792250966169;
  -5.764006593973952, 1.174049039744491, 8.871347565120198;
  -7.471359710183148, 1.005446220959127, 11.25134583351887;
  -8.335793883124234, -1.558071795813007, 12.46175670653173;
  -8.596868062420722, -1.541151039273846, 12.86573954858171;
  -8.788440748860438, -0.7192913575395383, 13.18110458955018;
  -8.547442682922581, -1.42891564803308, 12.87757176528243;
  -8.059889415464959, -1.745814188245817, 12.21469360000085;
  -7.451698438388477, 0.9793095515138378, 11.39872467991795;
  -8.16608532674268, -2.665253895479305, 12.41447233741325;
  -8.725854800062047, -1.396597094854782, 13.28597670187072;
  -7.769076861013763, -1.868067064518132, 11.93919516924155;
  -8.518729238892471, -0.762654212802409, 13.02354754288648;
  -8.76150831788544, -0.5185953359436145, 13.38968630987288;
  -7.582924927805907, 1.094727190920561, 11.73680277750157;
  -7.511289859106866, 1.22032466985612, 11.64810677655396;
  -7.52207831211237, 0.837696434775512, 11.67861314351113;
  -8.314183093777745, -1.024853259549469, 12.8601985553769;
  -7.483512244112759, 1.202587299920175, 11.7252312763742;
  -7.364376814064976, 1.15267741180287, 11.61018239525782;
  -7.84320864224058, -1.69205202708958, 12.34201699605556;
  -7.716462697203483, -2.215072230431013, 12.18665637166754;
  -7.588420807474073, -2.35621124679521, 12.003180479306;
  -7.96488264749091, -1.558672311857644, 12.56726836965049;
  -7.489927816969101, -2.39712990562781, 11.89225154210836;
  -8.513637015683456, -0.7749488538292453, 13.40859548218441;
  -8.481741856370357, -0.7023966204484815, 13.42100326913785;
  -7.986504547338329, -1.504477887624171, 12.69976681251789;
  -8.313556765601458, 0.7598451403934362, 13.19138939616293;
  -7.424475367280383, -2.434528776726164, 11.8766418121047;
  -8.273823070624815, -1.014326506790547, 13.21769961135429;
  -8.378982961798041, -0.8435368203882682, 13.40277104779086;
  -8.127122228237109, -0.8298434389831875, 13.14096009954804;
  -8.019036859400229, -1.326320431693055, 13.02830491743213;
  -8.201706109688477, -0.879955426890928, 13.42613272399987;
  -8.158523662590616, -1.307606821435149, 13.40390036384324;
  -8.188610299119826, -1.001615124012268, 13.45116158551674;
  -7.389757738904772, 1.756943870239041, 12.26424862234945;
  -8.069862923180232, -1.413045964375476, 13.33094795494366;
  -8.044425565507975, -1.095796377751064, 13.34720508561411;
  -6.726642967361789, 2.447933161782286, 11.33455741816778;
  -7.255232706235496, 1.827475491301413, 12.15619376379495;
  -8.252427933726841, -1.449768810091742, 13.73139298266415;
  -8.144880918181928, -1.162908996269771, 13.58900840703751;
  -7.850680898341445, -1.635520213269736, 13.14094192928405;
  -12.27576471634861, 0.2721769333451644, 20.0457951221405;
  -7.661646618848812, -1.650883799119403, 12.88604448264037;
  -8.214253520369182, -1.490209781319677, 13.76519154735531;
  -11.2985410246719, -0.005444138769790418, 18.65976998824098;
  -8.02955786893196, -1.509682998025539, 13.54457113657984;
  -7.832391219072836, -1.195299616645866, 13.27756298263484;
  -7.682697476719308, -1.663669265392676, 13.08866440077018;
  -7.932092224521745, -1.560843408016631, 13.51446135062699;
  -7.520861281580453, -1.332705972177648, 13.03137651895306;
  -4.908875226175121, 1.82027143576845, 8.886953690310449;
  -7.560832887804962, -1.794900675853735, 13.14822137247859;
  -7.394891490440421, -2.027801434443879, 12.90362965322766;
  -7.766384008053069, -2.198513468956724, 13.53655808655423;
  -8.060786056651956, -1.505964245562747, 14.06602735026807;
  -12.6897825942123, -0.9788628665522926, 21.75998724334298;
  -7.577169870479615, -1.960089270752447, 13.43578485813694;
  -7.263618674507518, -2.197509810924994, 12.9297315834847;
  -7.840762504072803, -3.099470844451536, 13.87843944154085;
  -7.579168349462835, -1.35497702180454, 13.46053787649721;
  -7.746453815198319, -1.470923398662841, 13.73662907304883;
  -7.603899681744458, -2.031760817580853, 13.54717359783505;
  -7.224971911587564, -2.308342188864603, 12.92803098806206;
  -12.46490047174108, -1.390441871214579, 21.6328668451806;
  -7.489145322329912, -1.508189632240334, 13.45088142870799;
  -12.40027820450762, -1.420650799073463, 21.68451918443169;
  -5.075475793660915, 1.817360542064073, 9.467056431138579;
  -7.690924941198407, -1.592201539150292, 13.90486425056768;
  -6.975543238923592, -2.35976009092404, 12.72667971928261;
  -5.188577404434231, 1.777020583055037, 9.736027852978086;
  -5.113302857223673, 1.836290723654809, 9.676597034985891;
  -6.741695041103061, -1.993376433435262, 12.67296098574686;
  -5.393553644392371, 1.773274511796054, 10.34625163848852;
  -8.641485285403521, 0.6887622194318624, 15.98570967787373;
  -8.434265553877237, 0.5674449642065758, 15.70626861451147;
  -6.508826644099695, 1.737655423743584, 12.35008225230572;
  -7.145314902205073, 1.365090624358724, 13.69400413678507;
  -5.128712297091875, 1.750098477688765, 10.25532567971903;
  -6.344352553647866, 1.64808352164974, 12.46166091243858;
  -22.44334639114668, -10.09750718818213, 42.3098663145737;
  -5.061254472864684, 1.730352807331798, 10.32294222315707;
  -6.23668765988867, 1.443698743255363, 12.53776988369352;
  -22.37485046151418, -10.29357612320567, 42.81307486664613;
  -6.831366559443215, 1.412589805291604, 13.79380175644964;
  -22.54433385617735, -10.41380176623007, 43.34714140886169;
  -7.877635037053331, 0.8019117708518598, 15.82001295505515;
  -22.04695542162649, -10.08296181383572, 42.63587297040191;
  -21.1366570508152, 0.07393170545309465, 41.16915357972673;
  -6.761704924880656, 1.325855948102577, 13.84842956699027;
  -20.92013084822106, 0.8576926675003634, 40.86266022134061;
  -19.59070456267367, -3.338088191844668, 38.54387629563009;
  -19.6020853070087, -7.371575103838347, 38.70627708508179;
  -12.07077355261964, -1.31441990525843, 24.31994588290998;
  -12.39973070715194, -1.232653562350138, 24.96698220105932;
  -6.306584333593515, 1.398790343379158, 13.23771786635507;
  -12.22949597966291, -1.527520949528018, 24.74766229913558;
  -20.00503880132295, -4.532127566907706, 39.92360672578972;
  -8.301109986127452, 0.6827642450802786, 17.20756488276805;
  -19.57325031161723, 0.4322372520233659, 39.33045424714866;
  -19.60795326922401, 0.120756020599808, 39.41695321848659;
  -19.02222113359852, 0.7883333516442181, 38.34777676402499;
  -19.7379608792339, -0.3656946191568649, 39.82307801316835;
  -19.1988407632337, 0.6189833599644676, 38.98285780535814;
