m=[-4.607689750965225, -0.4643039160874199, 6.640406444657192;
  -6.374490794797069, 0.176222668319689, 8.810936665425064;
  -4.408314395225317, -0.2609289635746983, 6.736961806778227;
  -4.174204165567386, -0.5145360279963379, 6.456568706076769;
  -4.422399131337222, 0.330102589486418, 6.918549298626645;
  -3.732806458794211, 0.8874893681615054, 6.195069999216112;
  -3.426382708217391, -0.8816888014433412, 5.821201546433533;
  -4.121523271817969, -0.5884624390803499, 6.876394505106761;
  -4.106508923725602, -0.8636038105250083, 7.007728049819055;
  -6.257715497977138, 0.1387453941437662, 10.21857991771654;
  -2.570343209169455, 0.9203551583757169, 4.794345436341716;
  -2.561644009911483, 0.9199382989922122, 4.847746656738763;
  -3.850784958193247, -0.7312003444869626, 6.828518683864671;
  -3.862638740696097, -0.6905489488891187, 6.860013219794788;
  -2.732773727538868, 0.898472197933707, 5.242177332483485;
  -3.551302052932822, -1.039056105148543, 6.589614025980839;
  -3.191629038671117, 0.8290950386778617, 6.269039827451449;
  -3.544870426542752, 0.6797172417490279, 6.961924501118766;
  -3.210176405557627, 0.7431072221459132, 6.453498275663594;
  -11.43293677862924, -5.281164570132655, 21.98269110204923;
  -10.2914724835752, -0.4043606973556153, 19.92981684934704;
  -11.28584176000629, -5.161470567111113, 21.82531358373775;
  -2.845813334309702, 0.8445881618497676, 6.243254769808574;
  -6.134866350281653, -0.6680425584788067, 12.3604023377073;
  -10.79565249082299, 0.03776098548633596, 21.02734951508852;
  -3.244237259762107, 0.5017048461803152, 7.006614461378449;
  -10.61494086490104, 0.4351959847588512, 20.73384363506306;
  -6.391427842174646, -0.798319075663781, 12.93372172577391;
  -3.110807036238724, 0.6774034963925456, 6.816386283116881;
  -3.162280030852056, 0.6233309368349084, 6.921061589950919;
  -10.20168343979781, -2.311184257403984, 20.35927056360196;
  -9.979885930098467, 0.2203864151970782, 20.05356497855308;
  -10.04906267426583, 0.06188737817970281, 20.20116163490081;
  -9.771566402067698, 0.4049606845832521, 19.6989533656237;
  -10.05843671071967, -0.2237059168850734, 20.33754625140876;
  -9.934122998324559, -2.321272866038492, 20.16728689620363;
  -9.797303586803585, -0.004566113933936981, 19.93826639204482;
  -9.759773816027771, -1.931268493165491, 19.91974851036466;
  -10.11484780793524, -4.119194305274542, 20.65884544190773;
  -10.20741822289106, 0.0794058958686058, 20.8897074523911;
  -9.973143878719148, -0.03806243871171052, 20.5211381295769;
  -10.59962228182141, -5.059166227381901, 21.73595072214875;
  -9.759786960594372, -3.342203068559598, 20.13196653293482;
  -9.699935285006117, -2.456988762663596, 20.09064918395905;
  -9.285718113298936, 0.2374187234110733, 19.37410774104643;
  -9.838331473934527, -3.867843454112573, 20.46968363845581;
  -10.47600556997535, -5.124543980955261, 21.81556602302003;
  -9.589173674202902, -2.26385541668353, 20.0992776321969;
  -9.657979950942954, -1.924703159416423, 20.2619281864644;
  -2.704013787362949, 0.8615818495664347, 6.396282320684485;
  -9.793868668344867, -3.969374270049898, 20.61358263462066;
  -9.889696669760886, -3.750581362513233, 20.88718551270753;
  -10.30177369913256, -5.033006509512815, 21.73579383598627;
  -10.22643665853899, -4.12103839971925, 21.74073513914208;
  -9.750066443888164, -3.815597162110644, 20.89386156634479;
  -10.29615822140489, -5.003143422239909, 22.00406830936639;
  -9.258359492398382, -1.977963391763786, 20.22562684784512;
  -9.989542208304764, -5.156140662246416, 21.82594166435789;
  -3.33513561598234, 0.7237365958652396, 7.976069192265311;
  -9.873654104849026, -5.047206937558389, 21.73408974348747;
  -8.925510247962865, -2.222814879098022, 19.95281852346723;
  -8.991907730309581, -2.453184055788765, 20.18419361547101;
  -9.301187100954758, -3.709986321734624, 20.86095512385719;
  -9.024592744533502, -2.373662002699759, 20.28056011993713;
  -9.049914643946327, -3.904008248394198, 20.46720122188689;
  -3.237062174562526, 0.7396074966201818, 7.964277451266383;
  -3.230870849221471, 0.6946674430541093, 7.985434279175836;
  -8.883804232010633, -2.253225076479384, 20.31735748686259;
  -8.76568995176002, -1.985943358799703, 20.14359451107921;
  -3.184878661233323, 0.7359543169157639, 8.00134624353316;
  -8.914718790109223, -0.8121738006806634, 20.82213572047817;
  -8.94872692876142, -4.024881577898513, 20.88766487141177;
  -8.786651808132485, -3.628063073716193, 20.61351081395627;
  -8.688548699304683, -0.141350121550864, 20.62035742297779;
  -8.626919834651767, -0.3823583938284482, 20.58402600020745;
  -8.057483610104764, -0.1431932162556533, 19.47934003526528;
  -8.559785646052616, -3.490659416358353, 20.65937181342648;
  -8.470135857854038, -3.963630439000903, 20.69143208314283;
  -3.029647539245675, 0.6021257119489041, 8.058370470927502;
  -8.363123395976377, -3.634704952471102, 20.56082074403136;
  -3.006485740287362, 0.5341389663490141, 8.039242287337913;
  -2.975238989929245, 0.4840139582576723, 7.975595945860871;
  -7.107448094099508, -0.587077086295134, 17.77257871361439;
  -8.390398445379999, -4.032532421657262, 20.92746677875737;
  -8.458047616485294, -3.79162941226662, 21.1744340979846;
  -8.091259276956809, -0.2384849923426464, 20.38736769021847;
  -8.36454555949787, -3.900610295968773, 21.03611479229527;
  -7.982011830165826, -0.04198446494481074, 20.18252632418538;
  -6.515539236307663, -0.5582841453255566, 16.75301497356386;
  -7.550003881930142, 0.1770670483782417, 19.34701985230975;
  -7.094990799409697, 0.4147324604368824, 18.27987030692241;
  -7.145178378402696, 0.5058177724052093, 18.42956362437146;
  -6.678988465142773, -0.5068099562080997, 17.33799926570905;
  -2.929077903163494, 0.5535781635635608, 8.154344672649661;
  -2.928261456841674, 0.5065866483743974, 8.195437300356867;
  -6.531537451232853, 0.3753920269878197, 17.15984570567837;
  -7.679609300286511, -0.1911469241391496, 20.00607129110173;
  -7.281361414764603, 0.06792163028038764, 19.08001688787318;
  -6.878444934632952, -0.3129221840482092, 18.19636832094897;
  -6.855951590926809, -0.3748156078252377, 18.26720289520999;
  -7.192764829205801, 0.04841834155855489, 19.176248803384;
  -2.904450527272852, 0.5457957575392695, 8.319837036670741;
  -2.864094550140627, 0.6103544339917207, 8.257393909742868;
  -2.57124388282102, 0.8645393746026459, 7.563009095616083;
  -3.101197967677013, 0.8610559778563484, 8.984480576164918;
  -7.677748935316184, -2.569913097634988, 20.93916044274361;
  -6.956202071058096, -2.534154320763896, 19.54772523961309;
  -2.567451510339931, 0.8591660518577631, 7.832058862245201;
  -7.132759583179559, -2.603332870257791, 20.06007112426745;
  -6.953464662011174, 0.09025149409895246, 19.6077984422813;
  -7.312207762769088, -2.780345235534024, 20.72904164828918;
  -7.067188737135297, -0.2177850688503897, 20.23018312305466;
  -7.04183185075572, 0.03193474924188976, 20.22988491075221;
  -7.013726117292994, -2.705281678410437, 20.33026766615329;
  -6.845550955370834, -2.959262364456065, 20.09441654358674;
  -3.087877301186489, 0.4532468814688136, 9.601598939533147;
  -7.24238523393893, -2.785015677789682, 21.24126753918415;
  -3.078645246161891, 0.372336097437538, 9.59232275687117;
  -3.016989757735926, 0.3301596726890567, 9.502944929190521;
  -2.9365929065865, 0.457473446739655, 9.369973732055309;
  -6.644940975635672, -2.736379999701574, 20.09454296415336;
  -6.678342076653959, -1.45541210620128, 20.31256767182565;
  -3.101992912455613, 0.6514242941210197, 10.00805688604581;
  -6.369064867674512, -1.401048260199597, 19.66017482359341;
  -6.707330538419406, -1.705821670862042, 20.65020004056266;
  -6.882220690456803, -2.991325902408586, 21.22940679938778;
  -6.564402207323697, -1.413583678662434, 20.45928119505275;
  -6.713048726292296, -1.31679849674087, 20.95245325690665;
  -6.635392468116057, -0.9724357526701476, 20.72294042333234;
  -3.246570311320492, 0.8399856017787216, 10.64190740923452;
  -6.482860216465469, -1.522651784191774, 20.34321952714815;
