m=[-5.912959030992977, 1.219387648875966, 8.104030779137121;
  -7.523303250094646, 1.041769754717344, 10.1630478860744;
  -9.477318841404964, -0.9344193630253028, 12.63622395487562;
  -12.37869781285452, 0.4040781581058278, 16.20254955661161;
  -9.204518230854257, -0.767866287320388, 12.33694936156471;
  -7.594246320492085, 1.033914796279369, 10.45174948693614;
  -8.749804300394246, -1.302909067518298, 12.12565322750041;
  -8.018572404277, 1.268005408742504, 11.22473869764311;
  -7.705638473137709, 1.264079470107509, 10.95592098313791;
  -8.847594432371647, -0.5173730140881314, 12.55119601439433;
  -7.660491429592227, 1.248198065429711, 11.0130890272436;
  -8.367844687097129, -1.022490598242843, 11.97777468449136;
  -7.614180582384875, 1.206210020971466, 11.00391616001166;
  -8.375450581298807, -0.547168280133261, 12.19566743749379;
  -8.788910679104745, -0.9405471068159783, 13.24483504234335;
  -8.517825140898717, -1.306503586705189, 12.89337704714732;
  -7.558063346824429, 1.81507527270064, 11.55505687783785;
  -8.46806773999927, -0.8998536918648321, 12.87404646694575;
  -7.565537832966464, 1.913005739493866, 11.6631587857998;
  -8.234941003164671, -1.368617694509234, 12.61498836860606;
  -8.204868760702603, -1.097214118501204, 12.63751329689057;
  -8.318674143939729, -1.170513617110185, 12.90248002535615;
  -8.438374710410185, -1.525471291548828, 13.16130877463937;
  -7.940018154875269, -1.190049180256305, 12.4907376747345;
  -12.56227066122503, -0.8914221263844707, 19.38440940430666;
  -12.49629206450263, 0.2881373030186336, 19.43442552449568;
  -5.26949845127277, 1.904448300346505, 8.822297395398635;
  -7.707376253561333, -1.82606654849335, 12.43349608649735;
  -12.50490544640413, 0.02676284906498421, 19.59991280052766;
  -7.770324308172795, -0.4417176956625746, 12.57077683120599;
  -5.357845249799198, 1.852496138216422, 9.053322216763782;
  -7.615854110254077, -1.885248887732533, 12.47720732382765;
  -5.197364492970277, 1.882614204719917, 8.849981919471571;
  -7.574973183985885, -1.946906131494032, 12.47995165909985;
  -7.786901017011024, -1.799490942034566, 12.85672546536686;
  -7.85996659511487, -1.395289744780743, 12.9714070868579;
  -12.49385756231355, -0.00815121864520405, 20.22923867306625;
  -7.795703195846902, -1.566444966426319, 13.01238345011447;
  -7.180458947905485, -2.422242954381487, 12.12321853681325;
  -7.720344296366587, -1.584940153240212, 13.00292005569298;
  -5.598112873849268, 1.860216221609408, 9.736059487509968;
  -8.724164629100628, 1.582475801532709, 14.61894377632827;
  -8.93322787574215, 1.558315389237427, 14.99684293107852;
  -12.56996323522704, -1.447801396529245, 20.6932518109108;
  -12.39122234706572, -1.117918899067832, 20.45007335770351;
  -7.724657130278346, -1.601470927201813, 13.14281575858221;
  -8.744714086402778, 1.546820255576976, 14.850704348299;
  -6.476772332563987, 1.830503241413345, 11.28837991493805;
  -12.61003366560994, -1.437545933941793, 21.09087571644266;
  -6.612503117827474, 1.785634698639291, 11.56932155352884;
  -5.236671150419944, 1.87911116932611, 9.447002573754732;
  -5.234396688722013, 1.80479159072076, 9.481142274186961;
  -6.448553504273232, 1.76877312641504, 11.5924543259994;
  -9.123448355492844, 0.6847544744070162, 16.07698371170375;
  -5.187453128472737, 1.793082567518951, 9.591896661336515;
  -6.462895899427829, 1.696742668685279, 11.71450682569115;
  -7.135937140703276, 1.462247954282006, 13.05611731444847;
  -6.646675554805318, 1.553341190990512, 12.33675759244927;
  -6.169673994889651, 1.725034379045895, 11.67403223666898;
  -7.144544439704083, 1.501574286308141, 13.42737379539007;
  -5.271719117567265, 1.874679638439552, 10.19543025365934;
  -6.981778971726873, 1.387195725180544, 13.3110692945224;
  -8.099327829440997, 0.8387087541087723, 15.28480983599045;
  -18.55751669585434, -1.148865022840776, 34.1918682045965;
  -8.465899910084833, 0.8299603228101358, 16.25602118425143;
  -5.246824556721824, 1.867005240868325, 10.57072567699111;
  -8.200707967397291, 0.7052227655997353, 16.06737340309527;
  -19.6697109644501, -4.502656232175881, 37.11431575853588;
  -21.61543086046877, -10.00173404906097, 40.71320469455423;
  -19.80027410164495, -4.343393614835057, 37.398466646244;
  -21.54359801420963, -9.865262221377376, 40.79482580473743;
  -5.805685050734813, 1.743380292394251, 11.74881475173979;
  -12.10871531718744, -1.315698717567537, 23.45870638644266;
  -20.1343573056571, 0.08419273891641625, 38.33714873303867;
  -12.33280723196313, -1.215041995691101, 23.9023409605568;
  -6.592363151018915, 1.036811892642831, 13.25695683128299;
  -19.69822953089293, -3.525186826750046, 37.59482459573656;
  -19.32801812141528, 0.8074416777341859, 36.89726194382094;
  -19.61372881193399, -4.393011462880861, 37.54026122888471;
  -19.57869769029477, -4.083273912665559, 37.56088804789949;
  -12.88476695068174, -1.599940195470678, 25.08990772600111;
  -20.07303947152115, -3.403940637802811, 38.55534727864973;
  -6.319904299222325, 1.393034538793305, 12.86717083767362;
  -19.84156144577036, -7.485797422106126, 38.27799999445098;
  -19.93228326554977, -6.680683166113327, 38.56112364594998;
  -5.699561073516098, 1.780672923603348, 11.75534047220875;
  -18.46349146961896, 0.6273985778696271, 35.76205901668475;
  -6.564533612906808, 1.582590752981209, 13.40189658476383;
  -5.74816082105075, 1.752842570748858, 11.89921473190202;
  -19.24898020405952, -4.365722829062079, 37.54273342734955;
  -18.70319759603992, 0.4238058761419655, 36.6968890247293;
  -18.89394142046846, 0.1280442082618954, 37.09047779488876;
  -19.61027134356687, -6.723225391255857, 38.51204646817816;
  -18.12776368037978, 0.8306021867809341, 35.70916165222336;
  -20.58539635337264, -0.3944569932016413, 40.56821145701105;
  -19.33114081594668, -6.972187716938849, 38.3286186420717;
  -19.11502041017963, 0.6352941115020986, 37.89229862263001;
  -18.68906743344722, -0.003713150540683469, 37.11649523410075;
  -5.27092069918305, 1.866838734415907, 11.20966207839802;
  -18.83246965597513, -7.678560498897476, 37.64189280573076;
  -18.85723270167149, 0.1500250567791284, 37.72724804429689;
  -7.838295889326735, 0.6668108833863926, 16.29109860252431;
  -17.92963362450809, 0.4997128316559545, 35.97815390634295;
  -18.64080052799138, -0.06213109092397514, 37.47637244830825;
  -20.19747062949134, -9.661383838359265, 40.56532770602398;
  -18.72504684474547, -6.412828715740615, 37.73455250457528;
  -8.097042188622014, 0.5362463425875417, 16.91317457737731;
  -18.41839962279849, -4.664938342096348, 37.2681598244165;
  -19.50168456680374, -8.873102890626457, 39.47220842910787;
  -18.15140964803036, 0.717336301219581, 36.87609125538968;
  -17.47248685343493, 0.4531166993493485, 35.56222212019492;
  -18.84412157413956, -7.417760405716935, 38.33172805062127;
  -19.61598756148465, -8.267795018120399, 39.88776039686763;
  -17.90874248370675, 0.09727035798388162, 36.48573434811387;
  -17.9181038663275, -4.212493596363879, 36.70469294509897;
  -5.81792344603651, 1.569926413009352, 12.61036461042267;
  -18.06494249494856, -3.58166720019634, 37.04108521261962;
  -5.554386250311034, 1.767107483127092, 12.10446565477023;
  -17.60988595345107, 0.7714940565452636, 36.16999403918845;
  -5.499665914041463, 1.776316637184081, 12.03372053667079;
  -18.38534194628506, -7.458873383859199, 37.85915736497449;
  -18.79432490906947, -7.124412680313247, 38.82020191548213;
  -20.06359723547058, -9.815686679430705, 41.44415428191687;
  -20.45240318670306, -8.248002566042645, 42.52471726987091;
  -19.60597243699874, -9.544910725514111, 41.05009470232888;
  -17.08694942402549, -0.07257232019385863, 36.11288001871876;
  -8.330149913916271, 0.3356627402874506, 18.2219908796876;
  -6.695612695009696, 1.524113850505815, 14.85030623208856;
  -17.51247847034155, -4.326005135948757, 37.30031425036236;
  -17.4887811209507, -3.733229953927996, 37.32560705237073;
  -7.799235853366574, 0.5718377924395107, 17.23561673980608;
  -5.420248500278984, 1.747956119074827, 12.31746493163906;
