m=[-4.26169181313449, -0.5207481704646907, 6.100206949488029;
  -3.841700402318915, 0.9225875843317594, 5.873338793205378;
  -4.388980983203415, -0.6985679113538164, 6.696636165293859;
  -4.206989092882563, -0.5625888681120165, 6.479796588071722;
  -4.1937052416481, -0.5900927247007965, 6.504545938010484;
  -3.750169641231205, 0.8818478350359893, 5.94055815217339;
  -4.252537559744493, -0.7687646242611564, 6.632670605454549;
  -3.848804746233815, -0.9527434168109247, 6.305574407344981;
  -6.37730974836357, -0.4525356259076414, 9.840608150716305;
  -6.331435573718569, 0.1459891270971278, 9.846745937549725;
  -3.387207295400189, 0.9146785673105112, 5.92630198741117;
  -3.300460384815077, 0.9052829645578447, 5.93318117627237;
  -3.320049738194343, 0.8716324911639773, 6.01785111890089;
  -3.36095491875219, 0.785461795646931, 6.238199197464856;
  -3.132020960296824, 0.8757097760561646, 5.926295892897013;
  -10.27107113666759, -2.155512176193125, 18.88312092707634;
  -9.959997831452339, -0.616606915874785, 18.35110477077802;
  -10.22836687374173, -1.783490562733854, 18.84883448917464;
  -10.10724524781148, -2.29844864377633, 18.76054006676377;
  -9.983873383400105, -2.285440278826087, 18.83833625793762;
  -6.398760771387911, -0.7945533356195315, 12.4600093994237;
  -10.03076026722667, -2.200350352371842, 18.94595253401977;
  -10.18742849944573, -3.466322268492293, 19.31203902695701;
  -10.94309423964717, -5.011070765252775, 20.7217765099768;
  -10.26925146567663, 0.04294134619702084, 19.55333437467135;
  -10.00972675152176, -1.791336466482554, 19.10394641734353;
  -9.991119648925604, 0.4173861159015077, 19.07308636005514;
  -9.917777773345325, -2.221347703048769, 18.98241644877205;
  -2.818891602264975, 0.8968199581380597, 6.143104754773924;
  -9.933848377922939, -2.071773341393123, 19.05766015238748;
  -9.892423214806417, -1.677534756756581, 19.00089983957645;
  -2.792604987600157, 0.9019730976553287, 6.110448982781596;
  -10.0113939031805, -3.777085128957595, 19.31380939034313;
  -10.04516595325427, -3.366828084402578, 19.43344278259437;
  -9.725671920568368, -2.205809735449717, 18.96870922225548;
  -9.558626051125605, 0.2165940806382986, 18.75464543567206;
  -9.638809093389261, 0.06532219252111902, 18.92183460779789;
  -9.869760297548877, -0.189124168598008, 19.45061032139783;
  -9.499269794338046, 0.3157114161750456, 18.83069753628392;
  -9.753464301093768, -3.517794663292214, 19.33858002458382;
  -9.173224935252033, -1.941957778859691, 18.36074531916086;
  -9.623174390560566, -3.923655691430561, 19.23457228273856;
  -9.141966405328413, 0.2547937127430068, 18.34455077140743;
  -9.671833741059336, 0.07694752613579936, 19.35022367093141;
  -2.665734387177266, 0.8973944260555582, 6.103274562151452;
  -9.50157344357814, -0.03166940833132732, 19.10242560032687;
  -9.506428313466277, -3.2556979418096, 19.15727214461611;
  -9.295162525394112, -2.354241462274223, 18.80801859470572;
  -9.032201185318829, 0.3569489045634969, 18.34966438449579;
  -9.971236580366226, -4.536829001683967, 20.18219129982924;
  -9.003793032378633, 0.2334967549083617, 18.32566196372698;
  -9.524875676190685, -3.74935203969303, 19.3750047036825;
  -9.513676714503305, -3.507401077344012, 19.3771971383282;
  -9.120439609921029, -2.144188567017741, 18.68294423918209;
  -3.451078200232459, 0.8247762155258824, 7.760268318355755;
  -9.374622176824333, -3.803253703017478, 19.30425320706566;
  -9.45714986162816, -3.487876667927716, 19.5031138318771;
  -9.437542227243732, -3.57751320359056, 19.49350650369436;
  -9.365308536509801, -3.526912157290499, 19.53573005348441;
  -9.93196904316576, -4.00534379290675, 20.65058915757753;
  -2.702443506044468, 0.9504505436384799, 6.386956352879277;
  -3.359441902924182, 0.7747464072093104, 7.765537911339614;
  -8.927736622232464, -2.205366564509027, 19.01543417270764;
  -8.909815213622569, -1.901927230343825, 19.01586275641102;
  -9.589422710049711, -4.911446225278311, 20.67197338066659;
  -8.625685490557968, -2.147859145678977, 18.83871796660928;
  -8.792504663138862, -2.399778507632045, 19.28116610230103;
  -8.578980612715366, 0.1215151816613276, 18.99008948028203;
  -8.721077652607949, -3.767402184228598, 19.29097931772271;
  -8.498566185351949, -2.1565867479774, 18.99985144817118;
  -8.450049640023348, -1.908157287855445, 18.9707538519122;
  -8.445990197301857, -3.802929640088541, 19.29603159854325;
  -8.48480855694095, -3.506823789451427, 19.46833768516911;
  -8.819100451549216, -2.557590498998835, 20.29858674553384;
  -3.102069737468784, 0.5151644595206329, 7.823339986778799;
  -8.248923785656332, -0.127046289072878, 19.13290812817771;
  -8.230760675737479, -0.3613617881724891, 19.19590151306817;
  -8.187863752871337, -0.1352637432889653, 19.34513389668613;
  -8.208631191483871, -3.459317252483008, 19.55505549886764;
  -8.09725569598997, -3.519435672613751, 19.46829638669473;
  -7.982670920769959, -0.08365878605412211, 19.23036813811671;
  -3.046459300806994, 0.5881863661329995, 7.988063548508562;
  -7.849432124806095, 0.0809864112009718, 18.99685127436916;
  -7.237274627459547, -0.4524378118805476, 17.62954667949637;
  -8.004006591585547, -3.85126563970391, 19.54570354889749;
  -8.154125422107803, -3.6559898486881, 19.97430024936374;
  -7.688350033973088, -0.2224088112103019, 18.93085943114745;
  -7.875678195327287, -0.0353060157777423, 19.44674882080666;
  -3.03559450135239, 0.5794596255803686, 8.193385025430901;
  -6.501145607245602, -0.729221391990618, 16.42316790094636;
  -2.989941862465638, 0.6473830277238326, 8.120593085722954;
  -7.54222243028117, 0.1898128482846919, 18.89890634997244;
  -7.111035530200889, -0.2702532106229895, 17.97204927606191;
  -6.457922239939831, -0.5503583810113126, 16.43984551078482;
  -7.219917808865138, -0.01479652486343479, 18.33885752603118;
  -3.069183091534043, 0.5761939281640239, 8.413973090098049;
  -3.209702049624467, 0.9025201588628142, 8.812323628083027;
  -3.04513749482989, 0.6143702100751465, 8.440876523953303;
  -7.066121185650887, -0.07290934100086956, 18.3995509567507;
  -2.678985744617123, 0.9090187340376075, 7.678740365030048;
  -6.13639798442047, -0.4611594884636903, 16.2711364290263;
  -7.015548972383565, -0.1143982988303167, 18.70317123590952;
  -6.36525476818378, 0.09919383746320283, 17.5242934717694;
  -6.701613679714831, -2.770819031244285, 18.46265915573189;
  -7.1505913256199, -2.608223933071106, 19.63375029013291;
  -6.966778769755873, -2.648754753940232, 19.31307154408356;
  -3.178807267466489, 0.4787439865400166, 9.402808014494553;
  -3.181677479843313, 0.3965957374491401, 9.427246458091336;
  -6.742932851277974, -0.199004427696608, 18.86330158021268;
  -3.143593226504646, 0.3562769694284426, 9.409189907840107;
  -3.19946416109236, 0.5095941683982193, 9.690854664821575;
  -6.928137082319527, -3.000616715185068, 19.77744351531987;
  -3.095666127939659, 0.4193989446680354, 9.460268622937543;
  -6.654012167238086, -2.55903707284674, 19.11935072605969;
  -3.229408430882556, 0.693249819906914, 9.889271758184473;
  -6.457376626011508, -2.658254286769167, 19.09263648790761;
  -3.077883804311448, 0.4410763848910421, 9.750848705721261;
  -2.73755676290623, 0.8669924049511738, 8.824873801534208;
  -6.354618929363473, -1.612385709120315, 19.1357800398078;
  -6.194206607221312, -1.355131598418744, 18.6941124232517;
  -6.302172576231543, -2.739893308664444, 19.02675503094062;
  -6.370136219335694, -1.094294670428513, 19.31389951459233;
  -2.692640360077419, 0.8871590090331494, 8.796700696432659;
  -6.265340294429033, -1.345047356644906, 19.10094134788857;
  -3.123467471276813, 0.5148618787517493, 10.05843368575541;
  -6.285258386381353, -1.218912996820054, 19.19969173369982;
  -6.292231266956917, -0.911576406123262, 19.2224876021993;
  -6.189285568499074, -1.449824999802407, 18.99592206209097;
  -5.951196505922838, -1.614369651239469, 18.36361130989797;
  -3.138151329171513, 0.8851332223404803, 10.20321672418096;
  -5.968351929469471, -1.103993135423783, 18.48763816642263;
