m=[-3.936498960600072, -0.8475997339041693, 5.716659123968331;
  -3.867226097614092, -0.918801079976651, 5.749515531864958;
  -3.385697740508628, 0.9226272686808701, 5.420405979228957;
  -3.294801766668872, 0.9116848722493326, 5.420568238790487;
  -3.254427704257014, 0.9517867940991993, 5.39526566565668;
  -4.635325814731025, 0.8142423103461552, 7.276977297816319;
  -4.530020162498542, 0.4035026245964009, 7.258412798593235;
  -4.46149330161201, 0.3597245959412888, 7.165824330916136;
  -3.280916317300883, 0.8119837679830436, 5.631629113020171;
  -3.139406372866752, 0.8867392699651443, 5.440482750940068;
  -2.651964737330027, 0.9528987053618498, 4.844334281968019;
  -3.162524502554181, -1.19441838475609, 5.958361061531276;
  -2.954465273246492, -1.012165968921304, 5.812707314500828;
  -2.774435743174518, 0.9038176771069758, 5.574798332794904;
  2.393541809043287, -0.1614950972891217, -2.975683976149255;
  -10.31234879835364, -0.03208072908037199, 18.42664666553896;
  -6.186480077098798, -0.6038626338147202, 11.51902240019676;
  -6.344017923771407, -0.6898812562144882, 11.79726579677847;
  -6.321558569005444, -0.898026640614695, 11.79193339188769;
  -6.234727590842813, -0.7678903377995554, 11.68827902883531;
  -10.12852559375653, 0.04442154245621482, 18.84045280962342;
  -9.538492298074758, -2.16280838342297, 18.16146106062461;
  -3.431806230973993, 0.76191726175039, 7.220089184145983;
  -3.430155681161179, 0.8273681752480503, 7.220054406997864;
  -9.497623909225281, 0.2163570109222999, 18.18289221862726;
  -9.505339019322744, 0.06684852543306623, 18.21329581263219;
  -9.346202738383214, -0.2106183742095047, 18.01906297541058;
  -9.433762498991472, -2.206129322392043, 18.26427109328728;
  -9.423753177897163, -0.0008080943827766034, 18.26779867854674;
  -9.304174451814442, -1.835784043180287, 18.09609117551716;
  -9.442049978875565, 0.08081291669704827, 18.44953922465535;
  -9.34348448460864, -0.03019056816773822, 18.34050660271805;
  -3.333328005712128, 0.7803676278105386, 7.214954570705342;
  -9.115635076247148, -1.687945819370788, 17.98832912034202;
  -9.095561902474483, -2.303254114048732, 17.96352808183244;
  -3.321329700847816, 0.7397871245706998, 7.229571557034662;
  -8.821587383984797, 0.2361774250466676, 17.50708823159248;
  -9.378803086611972, -3.697499719113683, 18.63389164662955;
  -3.274819089725039, 0.7803240308213719, 7.192964866395878;
  -9.132246079299055, -2.154572189602203, 18.2523337376435;
  -9.072808078296744, -1.805270835467742, 18.15584426974712;
  -8.927362933704925, -0.6644294529439826, 18.24430579522414;
  -9.500238099092451, -3.846763373421846, 19.34868138493904;
  -8.788309249275397, -2.176873037308065, 18.27268720912947;
  -8.710921870377657, -1.851301119685813, 18.15076149677492;
  -8.578891233657148, -2.333739345591226, 18.05843199319188;
  -8.525638569587789, -2.130103824469658, 18.17380220679838;
  -8.491461357999414, -2.223626854095953, 18.2058670834499;
  -3.096032352446805, 0.5688944275083029, 7.297525753119402;
  -8.747560766885794, -3.489246764350491, 18.750530882043;
  -3.117797078324963, 0.5280964813743259, 7.360668528695883;
  -8.604736317755808, -3.721947224323668, 18.58887259367479;
  -8.372514440728761, -2.124737014886471, 18.27444036529607;
  -8.309295720454109, -1.879322421844488, 18.21361419044019;
  -8.132084541251501, -0.7333721384484568, 18.1424266103474;
  -8.139664522638713, -2.373934170916155, 18.16726604315703;
  -8.590412893419201, -3.873592052563533, 19.17452792766284;
  -3.022140294588802, 0.5920609975240553, 7.433457426282898;
  -8.342856296983994, -3.453415294456312, 18.70331636494499;
  -3.00133188911143, 0.5356860549263586, 7.42452636758739;
  -8.166382591090791, -3.923430311796802, 18.57792022286315;
  -8.097600115592806, -0.3649743452682946, 18.44342359447531;
  -8.177660758271218, -0.1416763263832769, 18.81801713926248;
  -3.00862619060401, 0.5816118820730897, 7.633038322054979;
  -8.011802481221917, -3.369075558730306, 18.64343119620773;
  -2.971120985688991, 0.6519784974042644, 7.580407264164696;
  -7.97121166890947, -3.739234793485291, 18.6157085836778;
  -7.975799076614624, -3.472467370606562, 18.73736649414241;
  -7.972093076680491, 0.09599815876517599, 18.86170061800411;
  -7.923610836715081, -3.816539995497553, 18.90480606170761;
  -6.41791068703874, -0.826879640417476, 15.55069573474191;
  -3.16781486872508, 0.898565261611238, 8.206620800389397;
  -7.810445125849084, -3.513299766120047, 18.71715848534285;
  -7.543993840466369, -0.2164928613262899, 18.13813818866248;
  -6.450564525823398, -0.5478714407774041, 15.66034767103742;
  -7.8991848464496, -3.69469824038449, 19.01028353347046;
  -7.741546825252113, -0.03107764472366558, 18.66828138956066;
  -6.374183807738074, -0.4730176902095669, 15.65533991545997;
  -6.41542503844666, -0.8967196138320652, 15.94488801023549;
  -7.330557192813389, -0.1381674384937731, 18.22238244325687;
  -7.448885431089508, 0.08231533648454464, 18.56332830738465;
  -6.362546114584781, -0.3446722706936593, 16.08764318491652;
  -3.034511257639982, 0.882427254619196, 8.278168325370393;
  -7.123179652767661, 0.06292091019815091, 18.06750776186251;
  -3.487374678191306, 0.4701054198025262, 9.388992371173854;
  -5.888157142607538, -0.4347337599375744, 15.17973010844347;
  -3.030652278206319, 0.861942004887135, 8.337392837806886;
  -3.115136805713547, 0.4772473643654447, 8.737135182849306;
  -3.125291564431732, 0.5405829446121281, 8.809554939587224;
  -3.094518491475105, 0.3596562907281161, 8.783950602176711;
  -6.801589547636639, -2.467517360067783, 18.21491999050303;
  -6.850454435682312, -2.507224088635514, 18.39678434156744;
  -3.043004446969535, 0.4186291421485698, 8.818482467029487;
  -6.597355599628751, -0.1861717833721361, 18.02281166497203;
  -6.576482405403676, -2.538628525178795, 18.03110445078922;
  -6.545656113944687, -2.460118329501842, 18.14046799175829;
  -6.380033250117916, -2.458045684487509, 17.9191312262545;
  -2.712280260292305, 0.8686251928434542, 8.249771949870057;
  -3.279207423882943, 0.8710814614983312, 9.802002042785574;
  -3.20056191003669, 0.3600686478231908, 9.595169455982562;
  -2.660116307334755, 0.8861268948529626, 8.20787335288575;
  -6.343924085885909, -2.614468530163971, 18.32301076912202;
  -3.06404099752232, 0.509730339354558, 9.395891873281572;
  -2.946817856937502, 0.7065218378419127, 9.103337041074052;
  -6.20531493861227, -1.576209672834416, 18.2655548606936;
  -6.348143190484564, -1.382738230087472, 18.68381967492896;
  -6.289368903339346, -1.080731915021377, 18.62678498016841;
  -6.092038006610924, -1.310262482302706, 18.14458288399755;
  -6.141097353148847, -1.183682856944811, 18.33227691838952;
  -6.149894982134136, -0.8891946705102475, 18.36008206623238;
  -5.969081685891475, -1.259367448690571, 18.04789320201662;
  -5.959108061868701, -1.518261631278089, 18.1156819248876;
  -5.948236384138959, -1.181157587454517, 18.11696266603695;
  -5.905281646986296, -1.018919501731076, 18.12555267574864;
  -5.943351376692835, -1.155703156582165, 18.28804495075266;
  -6.117258813795145, -1.731056579773655, 18.900241506577;
  -5.786397501966857, -1.441407241405892, 17.98576168574752;
  -6.052690478027976, -0.7694362729109899, 18.872376719157;
  -6.165386975618164, -1.809470437494564, 19.19963001777232;
  -6.118742123445461, -0.1674259012677035, 19.31240785482603;
  -4.026338712996192, -2.776481067871576, 12.57378557939424;
  -6.09879781622647, -1.781820052897489, 19.37446294307185;
  -6.011249726772026, -0.0113109526099753, 19.50189211824849;
  -6.117567478614708, -0.8018462730436079, 19.8452536877047;
  -5.907253117572799, -0.1081303579843896, 19.40167683785476;
  -6.110332620353834, -1.818496991609838, 20.10208054169732;
  -6.208516928003635, -3.270559586817492, 20.50513910518967;
  -6.063220684109399, -0.8082972349606243, 20.09760146256458;
  -6.183382999525229, -0.2415833042143075, 20.50514822753669;
  -5.608894515428308, 0.3148676817066788, 18.74496423775742;
  -2.75019217009342, 0.8249378372691131, 9.765639733275918;
