m=[-9.305321704304106, -1.553065447034618, 12.25841511584743;
  -9.403197184663368, -1.604524472459948, 12.55102600895069;
  -6.578636054050843, 1.96238583560238, 9.103427409482572;
  -9.113745377784126, 0.0009584541053924174, 12.26335728395897;
  -9.317466748841312, -1.503489697820222, 12.52643908637539;
  -8.754074611467594, -1.11034096095179, 11.84870560942352;
  -8.762739739528797, -1.175007707000241, 11.87426995737344;
  -6.40273353476404, 0.8983306550087138, 8.961474547115737;
  -6.431053958697781, 0.7581821560453959, 9.007324427718096;
  -6.449581673577804, 1.025963906512023, 9.052179819309886;
  -6.338648538323349, 0.9672251378299198, 8.977268874748255;
  -6.329861699516611, 1.160611576082038, 8.982430828849131;
  -6.369885652021816, 1.052152704957791, 9.036249222730566;
  -6.302554902421701, 1.219086841193123, 8.958788253145347;
  -8.565780940710942, -0.8036540729613576, 11.81279852773202;
  -8.590248060389877, -1.076785156697208, 11.90232495197071;
  -8.889643421975467, -0.1363601316417559, 12.30430890569952;
  -8.957941931158629, 0.1454551796271893, 12.40230037183595;
  -6.247650730815792, 1.025056882275887, 8.983036240996096;
  -8.764015007240218, -1.08821899198769, 12.2958009082786;
  -8.352341908273509, -1.415319157148206, 11.80474130137194;
  -9.022079176669612, -0.9097904924719766, 12.86152000378744;
  -8.281936748354513, -1.264749994235859, 11.95345078257927;
  -8.629645860848189, -0.1267403746641949, 12.52668975897545;
  -11.39740296509458, -3.135060514118933, 16.23540787408587;
  -11.06708072144465, -3.128525453857142, 15.88351269933117;
  -11.7514847616089, -3.265151358503335, 17.42498076250303;
  -13.23042186155522, -2.256742555429516, 19.57302777707294;
  -12.29419677911973, -0.3984758921060652, 18.28664598841237;
  -6.282392789642247, 1.022044601543789, 9.861953731485381;
  -12.21973064254254, -0.4251169541354088, 18.44849039119568;
  -11.99627641349643, -2.017515601629779, 18.25357942929531;
  -12.17594732960206, -0.3799478540432207, 18.56447902390892;
  -11.66539514349667, -3.017612236388005, 17.9996119508675;
  -6.492899295278484, 1.899943672995991, 10.75192833374253;
  -6.801367931248396, 1.741926999596737, 11.2942365334008;
  -22.55494918718829, -1.45185649974459, 35.30746949903955;
  -19.21929656829486, -0.8897335245302528, 30.80353670855857;
  -22.29022898653392, -1.886054045222393, 35.68875514810374;
  -20.00504438187193, -1.192345573487335, 32.19618919673182;
  -19.59417923019298, -1.239251390708474, 31.81321500022321;
  -20.54274568412177, -4.757450677023136, 33.3143933425027;
  -12.65875119218874, 0.4060900297424583, 20.99764055786024;
  -19.48106045648837, -1.235299344939475, 31.97051660758008;
  -20.36971114400806, -4.946764425780117, 33.53174652052785;
  -7.167170874292961, 1.082076185370989, 12.48817632345804;
  -6.454932864194722, 1.847072450643407, 11.40266425535178;
  -12.14754359075775, 0.4421576054764033, 20.64232976591681;
  -19.6363963286342, -1.029067808940957, 32.77939189236118;
  -6.35269324539727, 1.766908224030806, 11.321971761023;
  -6.611425029542767, 1.511254561290466, 11.7468828126597;
  -6.631428497573916, 1.396293998984687, 11.78988747555833;
  -6.61131361674553, 1.514622587090128, 11.78693221936443;
  -11.77384416113712, 0.4046993710108375, 20.36950053560515;
  -20.4295534118197, -4.812841680210967, 34.64055210506611;
  -6.259579453151472, 1.835381585864047, 11.37109925058478;
  -6.971185416084333, 1.254566259020393, 12.58498165207902;
  -4.947592677460782, 1.957857399039358, 9.248222489265324;
  -6.150804722077075, 1.823139476176189, 11.34480660148909;
  -12.88145464709023, -1.072523144694376, 22.68264243589625;
  -12.41702725276269, -1.529636473950885, 21.93226518119587;
  -12.30931571628954, -1.207168316777222, 21.77881439491992;
  -10.27807638545192, -3.979311922839691, 18.28129389398242;
  -12.50346328812017, -1.820866474323795, 22.20171880184738;
  -6.901058149148433, 1.122559792045659, 12.7199035199134;
  -6.159497166681267, 1.872341495979283, 11.46802508588848;
  -20.0853253184187, -0.6652271100350944, 35.09365906073476;
  -10.91514167072258, -3.104151498443329, 19.54599386035191;
  -17.64406345257591, -0.7509791930161432, 31.00089877226576;
  -6.875910950996835, 1.259815586025821, 12.72631546325755;
  -6.263243633602326, 1.625992859488279, 11.68570170163083;
  -11.9619781455678, -1.539232955421003, 21.46133680908532;
  -6.297522042716251, 1.561831443781082, 11.78983718294075;
  -12.22418756384221, -1.121374979547554, 22.03001705969433;
  -6.026841629931353, 1.824478512325714, 11.40996539045239;
  -11.49847167141908, -1.656251709059924, 20.88036573224384;
  -8.462172025122845, 0.7441920347053526, 15.68713083202183;
  -6.173445215517909, 1.476340978699236, 11.8313060020775;
  -5.929552540516786, 1.724090067194624, 11.40476680956724;
  -10.4904619457409, -2.713901719937831, 19.41983626167691;
  -5.086857576092759, 1.967234650427892, 9.949706175513418;
  -10.36635306590666, -3.076127625856738, 19.27013136559047;
  -10.14361867742545, 0.2776470458868208, 18.88632517027391;
  -9.910741935232903, -1.147568327293139, 18.69579803637836;
  -16.33787650516221, -1.095217114100089, 30.66655047766749;
  -5.87884279995897, 1.509235422859987, 11.76355452417597;
  -16.6960500130215, -0.8797170616162218, 31.55252503956188;
  -16.30593344854804, -1.325143075698227, 30.90963517272175;
  -5.663167654116093, 1.729920248275489, 11.43060233473556;
  -16.96610651271799, -0.4182769604914487, 32.25142003900318;
  -5.878101340042506, 1.560020326092951, 11.85253865878176;
  -17.6096382815076, -4.691847327478492, 33.50474841450102;
  -5.683076176906456, 1.582104771381512, 11.50387472270054;
  -16.95968929375139, -1.272976725021621, 32.60082459856079;
  -6.456714119964027, 1.16315640323918, 13.04379825544444;
  -17.44284469929813, -1.179070741588272, 33.59099267266629;
  -17.1205149321944, -0.66742812264258, 33.06292423797038;
  -16.50663654410416, -0.3857425774136153, 32.00314613759626;
  -17.51063675681857, -1.717172567196883, 33.96496909065213;
  -6.204030011715897, 1.251759160093591, 12.7439725867468;
  -5.364059608642721, 1.771819133159703, 11.18277793912603;
  -5.910086159096431, 1.329409548724862, 12.22754297437232;
  -16.79255969962805, -0.2954812172268612, 32.87540593523679;
  -16.56326399595821, -0.9850799470037929, 32.57274440175051;
  -16.58039520102264, 0.03204364807695936, 32.6225097414135;
  -16.57463930561439, -0.7115426530719397, 32.67427044456744;
  -17.02146878317564, -0.8272848104155793, 33.70307773333941;
  -16.2991652007117, 0.01482099939240149, 32.52731443601274;
  -5.296899198443059, 1.769945784842069, 11.27796318782397;
  -16.82864646753821, -0.1350174441281357, 33.65199844148125;
  -5.348313633093518, 1.573793805171946, 11.4216723662139;
  -14.44897995096855, 0.0664667844152765, 29.15588808383066;
  -5.423265346925495, 1.724421842179317, 11.60214172541453;
  -15.73645185708882, -0.9774169678092011, 31.85372214074711;
  -5.914795760323244, 1.249813143007507, 12.64491470462709;
  -16.44504429789252, -0.6567862556786434, 33.46244903700147;
  -16.9644942071125, -7.342065619014905, 34.57215852131138;
  -16.18788796500341, -0.4326196236105254, 33.12231439066748;
  -16.18100614235174, -0.9402471257549303, 33.13547478113244;
  -15.56601770673474, -1.132740932614137, 31.92704971540062;
  -5.637295224030735, 1.417584672610947, 12.21427248273974;
  -15.66411021428303, -0.7440468050249902, 32.36628403373073;
  -15.81170147138027, -0.6342993814596012, 32.68352097444861;
  -16.54873172497738, -7.205692425900885, 34.34340334586438;
  -5.173357978038815, 1.768207092807167, 11.4611191357317;
  -5.209328575319738, 1.864651529969303, 11.57078008655733;
  -16.7500910229462, -7.707039903640943, 34.99195464808997;
  -5.475774023061446, 1.513708795169213, 12.22191462315147;
  -16.68257935325581, -7.50928998581244, 35.71356124750827;
  -5.118831761827623, 1.714855852073062, 11.70690836104117;
  -4.715188496591668, 1.884515662114287, 10.98168732058873;
  -5.010311713835882, 1.741475994191741, 11.61552095691879;
