m=[-18.78294275083947, -0.398691703664277, 23.15050327037411;
  -19.20352799218327, -0.4784395720888746, 23.81254620925196;
  -18.10798781243562, -1.023641541104247, 22.66899292385011;
  -18.31444174740798, 0.04634728748893716, 23.0386461564604;
  -18.83901255922952, -0.1284584432898529, 23.70112964771867;
  -11.6837636070017, -3.160439833237989, 15.11599746676068;
  -11.82547576219452, -3.315181389386192, 15.35715828790348;
  -11.73533308747031, -2.573055802721552, 15.34541532660562;
  -12.18988965437308, -1.658049845193074, 15.93756804041403;
  -12.14171608326584, 2.219025631022921, 15.89475400838311;
  -11.55416831723686, -2.605751801185278, 15.16235738641014;
  -18.12151416430006, -1.112780613474297, 23.25449799047523;
  -10.92212016693309, -2.683786173423835, 14.51859583389656;
  -18.42895376480761, -0.09858529811060092, 23.84164007337136;
  -11.01031850995215, -2.550622383511929, 14.65573265754295;
  -15.01070343329101, 2.186722980588209, 19.67932550471151;
  -6.828682548732552, 1.790462814380347, 9.522803200121539;
  -17.77258867351765, -0.4213331738873133, 23.21402244480825;
  -18.21368739544153, -0.7367054699823641, 23.81775084831636;
  -10.79069727932707, -2.37486614083948, 14.53577415582133;
  -10.67701440689391, -2.681301812271433, 14.40231970205232;
  -18.06212071778258, -0.5884953123629845, 23.70419787430667;
  -11.69886683832234, 2.274274551911304, 15.7257015078865;
  -10.85780418618231, -2.531784327872576, 14.66976028593267;
  -18.11441312768848, -0.7195289494693536, 23.89276346945524;
  -11.6829782441696, 2.348565021547208, 15.83418263703385;
  -18.06314688883214, -0.6113004250765628, 23.92934480058551;
  -18.17735817402418, -0.3054686535255659, 24.09005633243993;
  -11.58094747327927, 2.210600784162922, 15.72357551085691;
  -17.7340055320948, -0.8027252553582022, 23.54114081892682;
  -18.11156003997422, -1.035814091912752, 24.02745919944661;
  -17.86473717784079, -1.157959998830469, 23.72332537417682;
  -17.95699747249073, -1.021502168292474, 23.84224951574466;
  -17.5518556301857, -0.4857016889152764, 23.33379597035357;
  -17.1499561050358, -1.222888326851898, 22.91979598112944;
  -11.48981908634028, 2.259744591426674, 15.72009880775993;
  -17.70325236479882, -1.01641701317971, 23.74130930904845;
  -16.49196731621282, -1.314241721809963, 22.20577862054483;
  -17.70603327574652, -0.2615346322994214, 23.83375269837464;
  -17.68455211601872, 0.1211478509799039, 23.91110765264859;
  -17.55081169807847, -1.088646497280259, 23.75316488160852;
  -17.32059289633423, 0.0376089285291963, 23.50387058454432;
  -17.43123262960139, -0.1417946651964436, 23.75072388606569;
  -17.52947227169513, -0.3618065049889785, 23.88054220041879;
  -12.18581840375017, -3.111574144410817, 16.9355282726283;
  -14.2642173525282, 2.029565419379029, 19.83941494685135;
  -12.52163564462606, -3.78002470047677, 17.58713001944417;
  -17.24429859656284, 0.07492933218738312, 23.92030976096245;
  -12.97901631892636, -3.699673681326338, 18.33632493105564;
  -12.22100584918858, 1.833105222915934, 17.66591377332651;
  -11.8535074778407, -3.389779450762736, 17.15155733881595;
  -16.69353339761653, 1.158297256394508, 23.96406730965421;
  -11.7807532591089, -2.221916755110514, 17.45100888130456;
  -11.00496305612237, 2.296083374467232, 16.40095540371398;
  -11.60214925078214, -2.311096606920947, 17.23764845295674;
  -6.354281365079105, 2.16110985859888, 9.921299036045292;
  -11.10144829721568, -1.609254780442343, 16.650436837941;
  -6.624070561715417, 2.179866741423416, 10.35645365899322;
  -11.5113380658222, 0.4669545262544714, 17.29720389897747;
  -11.22053715252985, 0.2947502543628282, 16.89431826549182;
  -11.29508387545711, 0.5937316265481067, 17.02091938293169;
  -10.64115053203293, 2.217668977447198, 16.10771686679082;
  -11.20539272657377, 1.631303511006144, 16.96064360702424;
  -10.41637136893177, -2.912007320264686, 15.85538900080183;
  -6.351625706328602, 2.233553679682065, 10.07801833026247;
  -11.46857878053263, -1.62983186126906, 17.38723671103208;
  -10.95889798023926, -1.975743683369171, 16.66968577833228;
  -10.9747183100524, 0.104817769672708, 16.71133058264497;
  -10.86930498705214, -1.827879165487295, 16.54654386343194;
  -11.10814631445927, 1.472173260402811, 16.93697620532472;
  -11.0115168186814, 0.1746233208904958, 16.83137301810559;
  -10.26585858066551, -2.749127148065643, 15.74437615609548;
  -11.18521624133662, 1.533477965647823, 17.11205389809938;
  -6.260656060961068, 2.328505761331096, 10.07531485576711;
  -10.44160061739739, -2.286594368858108, 16.19714326844953;
  -10.62250866670875, -2.434761695253011, 16.4693024042859;
  -10.72847100872471, -2.570091328806842, 16.62978772291718;
  -11.2506507731389, 1.318293641346721, 17.48586364728967;
  -9.992148117888215, -2.942165346211048, 15.64034244487374;
  -10.59618219268276, -2.870148085191679, 16.56411860258305;
  -10.10129454486629, 2.184598050409025, 15.881575458457;
  -10.96864207634654, 0.2581410815360102, 17.22223002997538;
  -10.36594339837529, 2.142371274230844, 16.33906374199035;
  -6.23124852776856, 2.310348207128925, 10.29774878542214;
  -10.91121348907382, 1.157311005296994, 17.45683853706556;
  -9.836133678608558, 2.296531744777245, 16.1162381202318;
  -10.97489159581166, -1.621728617077122, 18.05572434465868;
  -10.42154145108955, -3.548703271627659, 17.2486373368951;
  -15.2327784958512, -0.5094089790808322, 24.78750305905226;
  -9.584374652718061, 2.207360490996805, 16.0320566543525;
  -15.31718768948756, 2.025164975702313, 25.11639563654644;
  -14.85270968229999, 2.152093771482132, 24.45149087569562;
  -15.2635265107129, 0.6611680616230797, 25.35098981865557;
  -15.19300756679476, -0.5310160476261924, 25.23996739845723;
  -14.90893495955961, 1.999397345213053, 24.86361796968229;
  -14.93917609755233, 1.882579844050915, 24.93635772755577;
  -15.5637035378034, 2.247704641045637, 25.96380185298348;
  -15.9212762873501, -0.4246513548920882, 26.5789386327865;
  -15.43291842605251, 0.8107360667019702, 25.85878994729406;
  -15.14947169220374, 1.555220242943951, 25.44907953938166;
  -10.68142024739555, -1.93480028331291, 18.22589413587674;
  -15.10095417315811, 0.1064325171580274, 25.39163416251878;
  -15.15185186157307, 1.008105353764467, 25.54308744951484;
  -15.27630322390197, 0.3030947355232843, 25.78885070456358;
  -15.23819167063064, -0.01681087755327424, 25.72688338898929;
  -15.06760751830616, 1.163199346815157, 25.49559867898043;
  -15.33726084173276, 0.5823073096592876, 25.94394478646961;
  -15.13437996759559, 1.345355329591401, 25.65894884680342;
  -15.44219628486356, -0.3929327555660239, 26.17655946322793;
  -15.11047835887811, 1.902411913632439, 25.64722379737529;
  -15.09824188004875, 0.8813140115208953, 25.64945269960542;
  -14.86669585393874, 2.107890059274661, 25.39445178509831;
  -14.94509546360205, 1.72820073755498, 25.62330331166858;
  -15.07788859435088, 0.3921763654621926, 25.83941288700565;
  -14.92768852081487, 1.427510038041478, 25.62747025621242;
  -15.4068572978086, 0.6804750380831096, 26.47103317066338;
  -15.11244055021011, 1.215545466098215, 26.01371482738781;
  -10.97327063731569, -2.349303589022297, 19.20246659846022;
  -9.95701683495491, -3.801447184529118, 17.52562838315619;
  -14.51638814981367, 2.2625486442425, 25.19797517676247;
  -15.45360058193062, -0.2604754011411957, 26.76996107828604;
  -15.04953101135972, 1.167729765764485, 26.14831101089647;
  -15.34141008014195, 2.081997295318205, 26.63779590667257;
  -9.318736891920409, -3.624964178157588, 16.55828436886111;
  -8.981753492883621, -3.792892620858047, 16.00369536577953;
  -15.35443991230444, -0.7644616581899084, 26.68848813358027;
  -14.84155133699716, -1.440128437665238, 25.84861490510031;
  -15.17970765586441, 1.058391433735727, 26.42670292478167;
  -6.20829885604493, 2.25855120137366, 11.41361481573258;
  -15.14432546562838, -0.004585207964780221, 26.40106257613292;
  -10.42708088411858, -2.160133884184418, 18.4886176280997;
  -9.310575601000229, -3.705293769024364, 16.62434468861243;
