m=[-4.369390983720234, -0.324421962075443, 6.501708477072822;
  -4.360413836080757, -0.4827404927002397, 6.567261889030974;
  -4.404543218619775, -0.5140672501226687, 6.815246208288554;
  -7.541940418645472, -0.4409938136060465, 12.66382409625806;
  -7.451610404684709, -0.08439613834984543, 12.57231512257861;
  -7.426859403815096, 0.07208521640370137, 12.70436153366324;
  -7.35631039080026, -0.5339181203938141, 12.68696314322469;
  -7.267417147178287, -0.4624113881577739, 12.71677624355245;
  -7.17531568070057, -1.259854271801753, 12.57690345778491;
  -7.225813850111825, 0.211642530355044, 12.85522579191543;
  -7.043501651302736, -1.624159822812171, 12.64166333375713;
  -7.052545292496679, -0.2896452973624454, 12.68503016832235;
  -7.095412273469701, -1.56866096680256, 12.75208484179673;
  -7.233306535892411, -2.477482320066557, 13.06217848963805;
  -7.287628662284025, 0.01996953353762917, 13.22700076027764;
  -6.993082343048748, -1.577789882432443, 12.73725431200569;
  -7.002173113550283, -1.47192800948807, 12.78671302889118;
  -7.06619755016188, -2.547850778705668, 12.97764283059646;
  -1.714568646130025, -0.8311150805601006, 3.345749068813079;
  -6.870158967779772, -1.569742950125767, 12.75120587700124;
  -6.793911942061492, 0.1468594164557241, 12.67667128748706;
  -6.821288047500378, 0.04014285554127081, 12.74114383868712;
  -6.709467290950102, -0.1607595065041525, 12.60473988666482;
  -6.996279708121548, -2.412487252105537, 13.10068776825621;
  -6.644314592893921, -1.319592023334114, 12.59696364448157;
  -6.590098786417549, 0.05283192107698029, 12.56233003042321;
  -6.460337719135325, 0.08994227341364, 12.36962863020657;
  -6.667380492849817, -0.02923513156354154, 12.76159150209106;
  -6.266946883988481, 0.1628862509628697, 12.11488507344608;
  -6.610309906908872, -1.684464452973902, 12.7223433698117;
  -6.663456514688908, -2.638804281788342, 12.91555418941096;
  -6.697732963312269, -2.485231481283011, 12.999228926138;
  -6.509189812015274, -1.551229021271664, 12.68280280674679;
  -6.309607653553719, -1.619718918669693, 12.3903072123985;
  -6.694279175239383, -2.73182083675923, 13.13255916105657;
  -2.019383573618524, 0.3637753916027171, 4.664254104736333;
  -6.625160389751438, -2.511547992565852, 13.17577052019029;
  -6.754811504497038, -2.75007240164639, 13.43562276487801;
  -6.410754233751259, -0.0851233750850912, 12.90537776424886;
  -6.200375331742557, -1.541636514606866, 12.5708245466566;
  -6.20394051654234, -1.3310169518266, 12.60297468663567;
  -6.189977977998945, -1.696674593136999, 12.69953130294576;
  -6.076325557666328, -1.531156924818135, 12.62964924018171;
  -1.875093029692025, 0.596932113808254, 4.599645233603296;
  -6.016204032663699, -1.652878187246875, 12.56898709678865;
  -6.103094724890025, -1.614481741620715, 12.76275917012662;
  -2.232396828863544, 0.6720698680336924, 5.321877219611292;
  -6.171791358599237, -2.682596818027671, 13.00777372376382;
  -5.977270107957772, -1.525963347625222, 12.72041646201689;
  -5.924429684156531, -1.345683388388319, 12.65978289739005;
  -2.141190585990666, 0.607928870119795, 5.218881601416751;
  -2.514968136167455, 0.1788393073045322, 6.032770824001538;
  -5.871848020085396, -0.5384667674055937, 12.76927918652354;
  -5.983516798098941, -0.3116413791202405, 13.00593242525295;
  -6.076229022327764, -2.751225748710339, 13.22699514907788;
  -5.804084288594575, -0.2609340616497022, 12.89479283409637;
  -5.668581440322026, -0.09858005753847095, 12.76426150914106;
  -1.675943774081749, 0.4705306362782798, 4.527460602365235;
  -5.749063265389093, -2.430016216766642, 13.05620512628898;
  -5.69950486982324, -2.685882286659354, 12.98343667096739;
  -5.637060796664436, -0.06185524154079274, 12.93872243919595;
  -4.534997432334218, -0.5913776631001174, 10.65838274522518;
  -4.505862032774609, -0.3866815812469597, 10.61725405539111;
  -5.837791419074281, -2.784280835191489, 13.45714501465648;
  -5.538056209270504, -0.167790385257768, 12.98112321642366;
  -5.648203620014234, -0.02715128047177132, 13.29787464849819;
  -2.120213929661933, 0.3258446232279931, 5.61538431465687;
  -4.539150499536228, -0.3919027378187707, 10.90321145379488;
  -2.094081646157193, 0.3000142308633513, 5.584247909738025;
  -5.540276486679049, -0.01442928762632195, 13.37223210466591;
  -2.051100634511374, 0.2822742405651972, 5.615559760570284;
  -4.168161185364259, -0.3073862028934513, 10.42227079320484;
  -5.054145892562609, -0.05764124367437862, 12.5087918992076;
  -4.880833806659672, -0.07790697349434125, 12.38174578859243;
  -4.822158359938692, -2.003691172462524, 12.63030812822542;
  -4.821464941778564, -1.776385104405476, 12.63735869894417;
  -2.095794262153589, 0.3513060815979893, 6.092623721634167;
  -4.78178982660526, -1.830469479139363, 12.63851485106358;
  -4.7382880691638, -0.141859265568424, 12.62086092102847;
  -4.770159097292691, -1.75478220529661, 12.70406580049689;
  -2.102904658572391, 0.4729134282615373, 6.181234323457336;
  -4.703046575479161, -1.824550974743513, 12.5711013616142;
  -4.703054654328007, -1.779060862548497, 12.71287574177425;
  -4.618658004967513, -2.012064387061141, 12.58720549223577;
  -4.533587033257415, -1.877658470465717, 12.77344667698265;
  -4.570859547241411, -0.8218231769047034, 12.96448173117697;
  -4.495985682100993, -1.150521835245941, 12.90527807154692;
  -4.529895246654127, -1.977714571499619, 13.02760736680297;
  -4.405386593922529, -0.9561899405687987, 12.80196437727737;
  -4.446754072574796, -0.6505704619911429, 12.95264046267624;
  -4.312040832099413, -1.017097227118837, 12.60963089931257;
  -4.273583311199415, -0.91334616230974, 12.60482987719155;
  -4.455507836479811, -0.6527001669942656, 13.16668734568224;
  -4.280753262675939, -1.099924060893652, 12.69815173851464;
  -4.257294801184065, -0.8597417171029093, 12.6552201809476;
  -4.500527667190958, -2.487097270994649, 13.33370509814028;
  -4.144024967674117, -1.008304452439728, 12.38171537203041;
  -4.24287234896275, -0.9433344446707859, 12.66577498926101;
  -4.386240190893432, -0.108989890612188, 13.08916352900093;
  -4.207500498001258, -0.7246917826052974, 12.61626659677975;
  -4.274504310064943, -0.8396190377972569, 12.82229740848156;
  -4.471581140675268, -2.789154489687187, 13.45771010340256;
  -4.183972577254155, -1.053266136625487, 12.68370336168679;
  -4.496281817967826, -2.909328847586283, 13.59507653129237;
  -4.415653724757615, -1.240047942204606, 13.50479231299773;
  -4.461136607978617, -1.761793211261949, 13.64549302179121;
  -1.873092526141, 0.5626214794180789, 6.320224537421655;
  -4.404526948724526, -1.297811485865394, 13.67916844193308;
  -4.386638534469467, -0.9462658685178026, 13.79619158977022;
  -4.380011357522331, -0.01709816448557313, 13.89338607705125;
  -4.450392433645757, -0.5857086551374023, 14.12284023865629;
  -4.294907191986692, -0.6705951561796993, 13.69167974703876;
  -4.478129433780334, -1.346032422841218, 14.42461793691935;
  -4.018840970837237, 0.216357776773039, 13.11547168015629;
  -4.486842378311618, -0.6079530181335771, 14.55000968962885;
  -4.529532780334394, -0.1862844067445022, 14.70576850463087;
  -1.907900695624899, 0.5528037526034504, 6.815958337352281;
  -4.450488578331875, -0.9072201124101269, 14.8006345297033;
  -4.487828649106872, -0.8404790692384715, 15.02327556316067;
  -4.405399722340389, -1.001565534560129, 14.84814480163887;
  -4.160495002524508, -0.677211147575477, 14.1817563841783;
  -3.625835814431124, 0.2914792806247188, 12.60203021377274;
  -1.792535846968898, 0.5664730769251561, 6.745340661869099;
  -4.392665827003942, -0.6069293048623516, 15.09470807624077;
  -3.614512072940461, 0.08076314069935009, 12.77469563224595;
  -1.735079645229192, 0.5629063912620886, 6.669921360937844;
  -3.700161175066397, 0.02408345240751811, 13.15608902994008;
  -3.627188102297282, 0.4707833095174189, 12.93217837489711;
  -4.443197219924832, -1.020233526110208, 15.60450984999888;
  -3.480043816520244, 0.1159453091132167, 12.46629335633078;
