m=[-4.628157611673224, 0.8328394906388432, 6.725585968684846;
  -4.579669952357449, 0.8122207101937617, 6.702750475401792;
  -4.510683894313918, 0.3641382156055648, 6.748282448579802;
  -6.465241967168799, -0.4800363465060183, 9.620360974992984;
  -6.345762316176367, -0.5709679415493667, 9.5041251107682;
  -4.767348219775945, 0.3684987599946799, 7.400883280616037;
  -3.550744053677941, 0.7165993160646719, 5.770673195195651;
  -6.445095484247577, -0.7135351566451965, 9.707021291105001;
  -6.52536855990222, -0.7615950406491927, 10.09684571774843;
  -3.18117888649701, 0.7501181165381545, 5.46918463952227;
  -3.098450115577233, 0.7573184623873364, 5.362282678696676;
  -4.100033661968977, 0.3601334120653787, 7.065825262830383;
  -3.139856151587217, -1.191467040804107, 5.770152783150178;
  -11.09497954940615, -0.6487478118068268, 18.62980367995198;
  -10.99106729261071, -0.12448364654927, 18.54406685691661;
  -11.01163828555435, -1.715497240974367, 18.61764876734116;
  -6.343042642055993, -0.7535262765662067, 11.15984983023954;
  -10.71434158688144, -0.2995782224721054, 18.37801378058729;
  -6.363019795314717, -0.6886545934189841, 11.35293169923652;
  -6.431096572086659, -0.8012920479715494, 11.55683877845955;
  -10.72912268150975, -0.01617759943783004, 18.70608560686379;
  -10.82037296474111, -0.6884789439881643, 18.93386041804727;
  -10.56781898436124, -2.417664751818433, 18.65233344862526;
  -10.33860313012623, -2.383976700686296, 18.55570518510636;
  -3.347705600344766, 0.7735707334608963, 6.686059421152057;
  -10.42720825758116, -2.305257813918449, 18.74008714912007;
  -10.39941189250479, -0.4270998093700679, 18.70485734130372;
  -3.330039211611465, 0.7476883596294679, 6.689179103506882;
  -3.313041848846735, 0.777477636013203, 6.679631971995389;
  -10.3416667954533, -1.85303911241958, 18.78698240279391;
  -10.74783800562674, 0.02945118658709228, 19.50725922788863;
  -10.28893065898314, -2.321404196095193, 18.74033794730435;
  -10.48642873368959, 0.512974309310856, 19.09489251537768;
  -10.30027577270538, -2.165222734347575, 18.80939935191711;
  -1.414789385540633, -0.6858009428745889, 2.760770342980034;
  -10.12723909480348, -2.313943861832254, 18.79643706485983;
  -10.05194727635291, 0.2172861708891916, 18.75579673510042;
  -10.03663369439596, 0.05906496452124291, 18.74692765736127;
  -10.35879346847192, -3.571963705349392, 19.39706880626402;
  -9.981542206697361, -0.2391587483351174, 18.75182301773626;
  -9.781047260747267, -1.942561834585629, 18.54389870105846;
  -9.545249730464676, 0.2550894751490211, 18.19142040449159;
  -9.745295498075972, -2.11630458503815, 18.54513038278597;
  -9.792024622486599, 0.07850132278825622, 18.6659789117633;
  -10.09001821411592, -4.142777610117512, 19.21139076488919;
  -9.474414082093457, 0.1319049218250073, 18.14068997309035;
  -9.869386789450878, -2.51495488919585, 18.99483221711658;
  -9.398963712958228, 0.09171271337327036, 18.20311372506214;
  -9.844249441982152, -3.89843432177148, 19.08077839807663;
  -9.9241953553386, -3.682428496118025, 19.26127661977784;
  -9.620225264673692, -2.292631349324936, 18.74448641259774;
  -9.025196013521217, -2.316828799896812, 17.72296431088859;
  -9.80287072688737, -3.638382787233784, 19.27101181875939;
  -3.071695270239006, 0.5669368832043128, 6.74900239747486;
  -9.350212674139316, -0.708808291855106, 18.63071442215843;
  -3.039389601150589, 0.6019389214138082, 6.766724171964279;
  -9.473357661609736, -0.1257892828427085, 19.07065141808999;
  -9.163493683623928, -2.278374406098062, 18.57833843404743;
  -9.227870852290375, -1.979782446481366, 18.74592808439366;
  -9.195092766140718, -2.520377347593113, 18.86490853960095;
  -8.991235266075064, -2.26567717770659, 18.68829222015752;
  -8.77861741773869, -2.411817346151642, 18.3401906670956;
  -2.976763357555274, 0.5362395090512167, 6.875553951558861;
  -9.00783056045268, -2.382885835304809, 18.83712727241602;
  -9.077878120500001, -3.945740473965627, 19.13269221566343;
  -2.639838222490734, 0.9118531297430129, 6.29936651548559;
  -8.757557868739889, -2.235755132533211, 18.63723426724076;
  -8.738971300327558, -1.98498237592423, 18.67411469234449;
  -2.939204430071553, 0.6466569122707959, 7.006021635763748;
  -8.655124336381634, -0.7937018817522332, 18.82196178567375;
  -9.085902602281644, -4.113960994198208, 19.77858128845406;
  -2.995761908594476, 0.5924889329562033, 7.231578771610092;
  -2.864726746442627, 0.6377343768788634, 6.960141264979327;
  -8.776262172881825, -0.1443489378926856, 19.38721692662254;
  -8.570881588941147, -0.3853208936534253, 19.04171907223086;
  -3.037683584836253, 0.6229690857260398, 7.431221159218695;
  -3.155380157860267, 0.8958785391254168, 7.690840581439124;
  -2.996906746410516, 0.5748806139377103, 7.357412012591857;
  -8.392435154654361, -3.954921249944029, 19.11791512321922;
  -8.262447138733391, -0.09066350034521531, 18.96476090161352;
  -8.427608506282551, -3.686838348355466, 19.32046346342357;
  -8.68216315689768, -4.140877731049378, 20.01392654446825;
  -6.642299377072071, -0.8661763411853583, 15.61107147810782;
  -8.169416205438333, -3.691643686734003, 19.11316033350873;
  -8.081993600633156, -0.03885066647460893, 19.02787948903892;
  -8.245430867763398, -3.874650317963242, 19.37849274756083;
  -6.60857546660865, -0.7533771885829863, 15.75216852510874;
  -6.692404616833172, -0.5063047405434832, 15.94357454555376;
  -6.673385091730025, -0.5761690184617532, 16.02972379417006;
  -8.065485609090812, 0.07774808366991426, 19.57264653289546;
  -3.141468111597822, 0.4827958532323975, 8.320174918232864;
  -5.987212624271741, -0.4415344015372558, 14.97071454092566;
  -7.438818867287211, -0.08483783018805204, 18.41075409471715;
  -3.071326380050222, 0.4400218221347801, 8.190247953986056;
  -3.072879687538219, 0.3580971414769794, 8.236045620678226;
  -7.167080714602192, -0.1143996270683204, 18.18151876702803;
  -3.014662698591908, 0.414880483915398, 8.253626495482939;
  -7.087977037957661, -2.945178478492232, 18.564992543366;
  -7.065773646660482, -2.603261707508832, 18.51983103406257;
  -2.646615925496795, 0.8502018628116355, 7.577359408144875;
  -6.954276420431685, -0.208203581369916, 18.5233472991745;
  -2.625937540554801, 0.8771315464251609, 7.615649447861083;
  -7.03329957248826, -2.587315995671364, 18.73134600776923;
  -6.917854861175667, -2.616870468426869, 18.69972511776419;
  -3.079514128888029, 0.5162014522998135, 8.952367687795396;
  -7.064800093939577, -3.077697602947333, 19.25366425666096;
  -6.723334305363541, -2.60180358112104, 18.40902856930126;
  -3.024572591037922, 0.6801834725235049, 8.890365921869163;
  -2.979079233545097, 0.490916460525463, 8.875916169954891;
  -6.630445561790189, -2.746106379061165, 18.68137574218141;
  -6.576369625228274, -1.682891669472032, 18.87681249802949;
  -6.700037168868989, -2.925180477020641, 19.26875762601402;
  -6.548004431615368, -1.133089163364094, 18.93368910707403;
  -6.419472975461216, -1.393347746451424, 18.65485868280518;
  -6.46862125816269, -1.252566486786537, 18.83628997728943;
  -6.308851971467423, -1.488092552073215, 18.44887324962386;
  -6.308462225079644, -1.348238549194296, 18.60665566655377;
  -6.484647837670827, -0.9499547261240534, 19.16309739742797;
  -6.284397906959582, -1.614753302033009, 18.64163461686944;
  -6.272368762374886, -1.26667692558359, 18.64522224814566;
  -6.620393624879098, -3.658584978241962, 19.61422809846718;
  -6.059407395487416, -1.474346198122772, 18.10458630904689;
  -6.507423757312296, -1.861959058262928, 19.63309287095493;
  -6.107993541050659, -1.537615899896244, 18.51636854193449;
  -6.617905486981692, -4.282130018393158, 20.01007392660271;
  -6.542348297554584, -1.837287534138266, 20.00905426582534;
  -6.549931618011097, -2.586700671349908, 20.03459074239773;
  -2.883403395536492, 0.8448141589669337, 9.458785338014947;
  -6.531781451370465, -1.924615535206548, 20.28579680391437;
  -6.420824543032118, 0.4483739880090549, 19.98416620733073;
  -6.535883798020008, -1.409891357600275, 20.55567249897981;
