m=[-7.958980223217988, -1.717750964895044, 10.55443939037833;
  -8.002800835664679, -1.942284768713994, 10.72944245443899;
  -7.892232718307991, -1.848140607516671, 10.70311355740116;
  -7.921583273193571, -2.227219537839715, 10.78223322034202;
  -7.785859792143242, -1.91891935532696, 10.74255238869925;
  -8.499969948471785, -1.495760662692168, 11.7726184184252;
  -7.540699519318388, -2.18086212625575, 10.60818513894155;
  -6.77640549909204, 1.853833747442081, 9.856095243728039;
  -7.901900363443933, -1.601163658818818, 11.39162912163235;
  -7.880067797019767, -1.634039995264814, 11.50234387641622;
  -7.331622048964074, -1.990937794918479, 10.83779738229914;
  -6.588535958886987, 1.832793558686193, 9.848159225246818;
  -9.473902536618823, 1.680230218913039, 13.86589107770614;
  -6.442529148452534, 1.814012349850193, 9.873693834181054;
  -9.249119872472162, 0.8249504591540465, 13.81177156951106;
  -9.044366453779718, 0.7301330660554097, 13.53097242648811;
  -13.07781376464142, -0.003161361556155653, 19.16052230557713;
  -6.79729814999303, 1.613470100100559, 10.59550732623867;
  -13.4639607029407, -0.9996826937276343, 20.03454205939513;
  -6.614946260691887, 1.640949488323527, 10.34573250886488;
  -6.361288249038403, 1.803315890653612, 10.00301672691089;
  -13.06831331780847, -1.175837918727352, 19.5725712011868;
  -13.3181713045068, -1.474451925687526, 20.05862794855455;
  -6.435456512730045, 1.753876793415712, 10.23018858461031;
  -9.68952412684153, 0.7489651397538244, 15.04212274865826;
  -5.32390031506306, 1.922184146564246, 8.714630092236485;
  -5.261079250753956, 1.951653839319335, 8.659354356880483;
  -7.206594668366739, 1.569591339191132, 11.59272462608885;
  -13.53560657840422, -1.579780628122209, 20.94394057036006;
  -7.19855961300332, 1.452789279471066, 11.6991071096064;
  -13.19331403074195, -0.03579746637305793, 20.78294157238643;
  -8.392794215358832, 0.9229846096083918, 13.70387830775137;
  -8.532884797224106, 0.6584180479115873, 14.02794238146041;
  -13.71820219893843, -3.442599725438934, 22.09416298763115;
  -5.322740953942111, 1.911237944191111, 9.209590407936998;
  -5.806017598828556, 1.83908876064354, 9.978864886643144;
  -13.96300222669191, 0.5889801273263465, 22.79121232754468;
  -6.385149743058879, 1.505610551927039, 10.9775539640405;
  -5.310402145499185, 1.910098110949504, 9.303481861165107;
  -6.47595323127381, 1.447262967849048, 11.17087554716771;
  -6.239511159697988, 1.525051823088911, 10.79830927307022;
  -6.414815064042222, 1.489782949988507, 11.22495512873459;
  -13.24441693739457, 0.2948522988038433, 22.17556085030063;
  -24.4704520927156, -4.900428206308134, 40.20239801702954;
  -25.44882898595863, -4.392303791421343, 41.85526675848883;
  -8.394870989101218, 0.7373777345285996, 14.46736695437455;
  -8.297421585235137, 0.8226697742238537, 14.39220444384722;
  -24.71656416536479, -3.962226359250697, 41.09682842659567;
  -23.5321071500653, -5.112578775262142, 39.32362995209223;
  -24.0604635793706, -1.40686812703589, 40.40040911623859;
  -24.10006186538065, -0.2729547097835101, 40.66148869708994;
  -23.95974966380706, -4.853242357347062, 40.44247560811182;
  -24.15979483706697, -4.053573317355624, 40.84515478829609;
  -23.92743057170014, 0.2322400246138397, 40.9301848905814;
  -24.47705940187892, -8.020447461625134, 41.90748231490953;
  -23.11087782934922, -0.6461914289127699, 39.64144952679949;
  -13.76922739037182, -1.47363421084719, 24.1272166690043;
  -23.88785450964662, 0.9264135806275669, 41.12270134506381;
  -23.33736621801084, -5.053646798345257, 40.43549836801532;
  -24.43882679664731, -8.550036862481088, 42.35146778533078;
  -14.24500828001396, -1.172371606598398, 25.11062040788442;
  -5.466878420823883, 1.827346983060938, 10.25130358442242;
  -5.310101246050133, 1.900291153850908, 10.0026947068315;
  -23.4794069630445, -0.03540274933574365, 40.93604012991871;
  -22.48393968932398, -1.430608640241979, 39.34317025047564;
  -23.29921998722983, -4.929271575718517, 40.74951380089332;
  -13.41044468750611, -1.321932779581742, 23.91293409717414;
  -23.01514460479929, -4.041038685514729, 40.34097796422778;
  -13.51181324679863, -1.46235161246534, 24.10784468039784;
  -25.96131149324147, -10.66581100071882, 45.58857630439717;
  -23.06235238537929, -5.276115775512351, 40.70534208036431;
  -13.49873182642148, -1.681894580336314, 24.25755323108086;
  -5.333547742136076, 1.90074574299291, 10.18763783053422;
  -5.312838128300295, 1.814443953302048, 10.16426584529791;
  -25.07511590876068, -10.39092235979154, 44.45044124194256;
  -14.5168782488908, -1.223558127927651, 26.2120672673865;
  -22.44203361599177, -5.174904634905913, 40.27891914325813;
  -22.99549074065802, -5.083866496696243, 41.32817623580114;
  -23.6856169805388, -8.112568853258669, 42.77238287936446;
  -5.596428664738452, 1.822975326278907, 10.88611357250365;
  -22.56066543053763, -8.343807284005282, 40.97127076776251;
  -23.77744953569317, 0.06515488068151573, 43.15592323107026;
  -22.68760315844019, -4.065206977866176, 41.21498107892818;
  -22.70452690716435, -5.122629919429991, 41.35420106096589;
  -22.76338101523609, 1.113537310977566, 41.45017572818501;
  -5.582429395154218, 1.785119435427919, 10.92613076800794;
  -22.86472653216729, -4.806398080455051, 41.75342310305449;
  -22.93376455058948, -8.26920128599196, 42.11971190810061;
  -22.35772485122494, -4.39512553152254, 41.15159098236572;
  -22.54282668369516, -7.605386881638913, 41.56006352848117;
  -22.14142703708324, -5.059031262622684, 41.09510360452261;
  -6.966476862125824, 1.551659038282745, 13.65198012496833;
  -6.959238337592788, 1.685196226120947, 13.64570308237698;
  -22.24537725592162, 0.4808633303614456, 41.50735799114468;
  -22.08495047746654, 0.1299685587941022, 41.25137785477273;
  -5.184706493649032, 1.75665216513191, 10.4440530998677;
  -22.47065320674138, -7.748427259821923, 42.07679279439833;
  -5.322673596057154, 1.863947079101507, 10.7230830864158;
  -21.41733281401029, -0.5131614336147886, 40.23566961133555;
  -6.860707987727669, 1.533412336324347, 13.59184796638014;
  -6.892604096998855, 1.69437843021518, 13.65155833126209;
  -5.514995236804964, 1.707288425174986, 11.13158141790147;
  -5.565988729334585, 1.793014910791217, 11.23009086447649;
  -21.50068651242486, -4.270137125708517, 40.76317617743107;
  -6.814595808519836, 1.574682038137805, 13.61015511704645;
  -22.09704469186038, -9.072643879981952, 42.07276451995443;
  -21.79693578109673, 0.1747430544258834, 41.5502574101669;
  -21.90361782312962, -7.758174185510015, 41.81274314222249;
  -6.818215387672339, 1.530882958084498, 13.69601406956294;
  -21.18402510112401, 0.2949287576720875, 40.56111844087161;
  -21.66763507938403, -0.09500825142586755, 41.4725855223073;
  -6.749170122510065, 1.583840190164411, 13.6074262238635;
  -21.04746570340947, -5.363395710922053, 40.50840119662819;
  -20.17365230381546, 0.5243399462013053, 38.99849219989562;
  -20.59874195099283, 0.2009973199275997, 39.89389189897358;
  -23.38039294044471, -10.69343097289348, 45.18904636244759;
  -7.548033912428767, 0.8230945551190407, 15.26110144335162;
  -21.64979926779582, -8.573565818547989, 41.9630795243722;
  -21.54243920230153, -7.993443211672713, 41.81043053702755;
  -7.364681084206676, 0.8744875431795656, 14.96547132093618;
  -21.34098573668696, -5.085848987870284, 41.58175158763699;
  -20.43004348254139, -5.244530207718883, 40.11889946418081;
  -21.3921747018572, -7.939808897331947, 42.0538904361696;
  -5.559087912652662, 1.769124245647761, 11.68338327164691;
  -7.728728770626729, 0.8523946849655321, 15.9909533453145;
  -22.04082953705883, -8.355511100367954, 43.83364250383293;
  -20.87796137681248, -1.582688293480717, 41.60026618475303;
  -22.28379706761177, -9.072356094426789, 44.32347090221572;
  -20.70429164606756, -0.2749160425431015, 41.67944913984533;
  -20.29484679166185, -5.046029506021036, 41.14637333536351;
  -20.28780273706864, -4.352622222335932, 41.2135905657001;
  -22.42197432538701, -10.80390668870964, 45.47674516375584;
