m=[-4.419618491964608, -0.5489642358392054, 6.307258397670013;
  -4.32593485396916, -1.07835802780307, 6.867470343326142;
  -8.046454749053851, -0.2605583712188375, 12.93063144675422;
  -7.674829296649306, -0.3324882347739654, 12.45862929705367;
  -7.709916903231392, -0.4760427425777493, 12.60925721992451;
  -7.629954450743177, -0.1124316871790214, 12.53947820051075;
  -7.56234495451091, -1.294098868647055, 12.45774525729181;
  -7.550072632921917, 0.05043835113191047, 12.58306478667854;
  -7.449949274166934, -0.04949521410010675, 12.65215280534248;
  -7.303499157515093, -1.573739577214862, 12.4469458062252;
  -7.480386741119095, -0.5015936108646971, 12.7404003177634;
  -7.327683194613413, -1.314246729372359, 12.51148220257844;
  -7.156373057007023, -1.67583395612522, 12.51223112037294;
  -7.183390710777544, -1.611551464072831, 12.58394642052818;
  -7.345730766859982, -0.1016648960828515, 12.95440799515478;
  -7.111653588199924, -1.294239782197178, 12.59140848200684;
  -7.388917873391527, -0.004074947090057058, 13.08174585774573;
  -7.080151881823594, -1.512673455852383, 12.60527825458534;
  -7.117028274453804, -1.398458917645364, 12.66936139374268;
  -6.967132172022611, -1.618110819355883, 12.60307326011934;
  -6.912174249943838, 0.1263579477884446, 12.56884269349017;
  -6.899290505018112, 0.01916731547397732, 12.55757916496262;
  -6.855355044443686, -0.1769262747501994, 12.54664751403715;
  -6.808993521861616, -1.627663281413496, 12.52773051533759;
  -6.408970692373758, 0.1636797550518349, 11.90231996878942;
  -6.741093220929865, -1.365374071798413, 12.45309657239024;
  -6.588040022571041, 0.02776777719129758, 12.2378624569419;
  -6.505458116488875, 0.07194488870223763, 12.13339792698928;
  -6.984151836980669, -2.897434416653754, 12.97306158902278;
  -6.951958171596337, -2.491885785571057, 12.94342219629626;
  -6.636405904241292, -1.265864640286972, 12.43550550054909;
  -6.358331264488427, 0.1842489067869385, 12.05318962317215;
  -6.785888288077079, -2.549993380703795, 12.84725247644784;
  -6.560257764308324, -1.582444915467989, 12.46089991613005;
  -6.56346781451186, -1.341900472232432, 12.47894973458137;
  -6.471405249619912, -1.686267808880944, 12.37879547358632;
  -6.803108042739432, -2.800198902574067, 13.2171656592937;
  -2.052802366743739, 0.3906316841365052, 4.708960920907678;
  -6.305193221522754, -1.592971111663272, 12.45959740477069;
  -2.18176789695521, 0.615515076849543, 4.976015045108005;
  -6.309618637317393, -1.376331597257256, 12.49231252397805;
  -5.437520048214284, 0.3402297527074366, 11.0229861370474;
  -6.312058156100405, -1.753917262662677, 12.62213689231394;
  -6.161299274434846, -1.578317384543031, 12.48356734652568;
  -6.208286061859327, -1.664762271859062, 12.6530463828297;
  -6.323033798349123, -2.561484026134579, 12.90496709063418;
  -6.23670833641198, -2.740224432284792, 12.82474052497475;
  -6.055696653571244, -1.666423802218079, 12.55380158401782;
  -6.053808537177952, -1.569205762518434, 12.56091320609374;
  -6.007508557453255, -1.387886312248479, 12.51393121735372;
  -2.08025826588325, 0.6045467359355788, 5.004186999767156;
  -5.987461948681452, -1.332960092424391, 12.57906127701986;
  -5.914991075116389, -0.3533902731990786, 12.55162505627055;
  -5.945933272851789, -2.730250031909836, 12.66319925767151;
  -6.024931950879418, -2.533716866900242, 12.86126304890587;
  -5.903439799597242, -0.2918382429585281, 12.78759659069128;
  -5.916061058888226, -0.1903161920787617, 12.84665533100435;
  -5.968912518113802, -2.910583728460443, 12.9269865971503;
  -4.624832095814251, -0.5224240510057658, 10.31667463134954;
  -5.931580523361246, -0.1310610229770937, 12.9968679040322;
  -2.033270807844731, 0.6606861921412833, 5.124698424845678;
  -5.997240909124945, -2.944251773692145, 13.15253121007352;
  -2.129219252333003, 0.2998884018121131, 5.341758422601389;
  -2.145267706844575, 0.3690123390577056, 5.378403164792791;
  -5.841030218368257, -2.493027517846848, 12.93928421790412;
  -5.689691917014662, -0.2675996843213828, 12.6691691174315;
  -4.541766684377501, -0.6117645278252044, 10.35503885316584;
  -4.533000598854241, -0.4045374769184588, 10.35791777923134;
  -5.810533329734104, -2.57196858437048, 13.0034264565296;
  -2.109141680798798, 0.305703883366079, 5.36942067993428;
  -5.863624547792423, -2.825181277505322, 13.20706554460713;
  -5.685598037259891, -0.1062494190331866, 12.86224758032666;
  -4.61073814619366, -0.6357275764910716, 10.72183052417764;
  -5.717588813156196, -2.61140370418795, 13.04987475162085;
  -4.673680160985615, -0.4196405057617192, 10.87806947316892;
  -2.081834087070017, 0.2654937504538836, 5.403055250175766;
  -5.715811537392234, -0.04672018110609955, 13.11973309474579;
  -5.729002647122443, -2.720994763375647, 13.14446382223731;
  -1.838201700591059, 0.5883491856202395, 4.927807971838297;
  -4.523878496416931, -0.4891474432134128, 10.74207485710612;
  -5.538559756999488, -0.1399397698929092, 13.08931487393889;
  -5.083814980332458, -0.1654221648216407, 12.24873280726724;
  -5.149989100373178, -0.07722173733159113, 12.4146931019361;
  -2.281033208917333, 0.6015294936079438, 6.145439444929763;
  -1.832868924561035, 0.6012751584248711, 5.220948552585564;
  -4.878164820582855, -2.052347981977883, 12.46381602642049;
  -4.803123428447708, -0.1620450202445446, 12.46948741208204;
  -4.843947763763499, -1.805353744153684, 12.58267244175757;
  -4.741858698013356, -2.044637816778877, 12.37590676921288;
  -4.80411208720182, -1.785496710368025, 12.60128855217237;
  -4.764919470541118, -1.8253406044687, 12.56072344396174;
  -4.89298879984861, -2.151990574488266, 12.99443007610013;
  -4.652329228361743, -1.823872156422506, 12.41799024876759;
  -4.61768795638039, -1.937051640288195, 12.69506989718081;
  -4.494639171448931, -1.016749944834091, 12.61142372021357;
  -4.457950540585316, -0.7914717488211283, 12.577191852323;
  -4.455344873621679, -0.8799358445016503, 12.65636251533886;
  -4.406640412571013, -1.059205063096585, 12.55754803156136;
  -4.335338925936259, -0.9468661152760861, 12.46879787869794;
  -4.328898943507034, -1.133630486572397, 12.52018770623494;
  -4.322968837580924, -0.8871325733699451, 12.52556262941804;
  -4.521354861896418, 0.3173799282239936, 13.12764210554418;
  -4.552121685224917, -2.541835697588706, 13.17652650781109;
  -4.448916121602416, -0.1299583037177884, 12.95254099698095;
  -4.375915020496589, -0.7820045697129834, 12.77681998774052;
  -4.431602047845633, 0.05672156639290368, 12.94661274994736;
  -4.405822523500553, 0.1409655033177464, 12.87992571244967;
  -4.243767845472968, -0.8588868092389825, 12.4334308149886;
  -4.561939172123822, -2.655398267687663, 13.27439779702788;
  -4.472871350196845, -2.456140819654252, 13.06556901242136;
  -4.550817028248127, -2.761193181466626, 13.31567446527339;
  -4.481324600879527, -1.303117686535631, 13.20897375686642;
  -4.358198977620697, -1.117857052771076, 12.88443513935258;
  -4.478545007154058, 0.2781849243453078, 13.24459728754034;
  -4.405244543342114, -0.06393652861567629, 13.08600506961417;
  -4.554090198982948, -3.075888762242931, 13.52193462603366;
  -4.427381480378607, 0.1771869812497896, 13.30883332711931;
  -4.39915636048864, -0.1450524752189118, 13.2575407700684;
  -4.465916689707444, 0.2903362132093637, 13.57667791903558;
  -1.725080872359419, 0.5799476513476768, 5.922451076570265;
  -4.513121285861079, -1.816121232944035, 13.88182521876084;
  -4.477776862144969, -0.03673907184849048, 13.88003418998304;
  -4.524959842428727, -0.6172040173273314, 14.03935005238684;
  -4.063581323013094, -0.1005835996531405, 12.74948605590438;
  -4.461936636113795, -1.261281315842499, 13.91010367448093;
  -4.535751204940181, -1.387654977193652, 14.29012015572242;
  -4.053136146417548, 0.2013251830806563, 12.91302958638975;
  -4.597579872397695, 0.4915406899056389, 14.53298649686814;
  -4.50749846665054, -0.6318990533643634, 14.30393481662643;
  -4.558856046581382, -0.2076252824875605, 14.48743551475752;
