m=[-6.815060776920678, -2.11312939409764, 9.437727820878507;
  -3.651439056125001, 0.9379280182475173, 5.580581764814135;
  -3.634531917240351, 0.9050158676661188, 5.573681521238949;
  -6.807811384284118, -1.425945255000326, 9.637019964191589;
  -12.07960269116392, -0.6486572118677826, 17.54131989489056;
  -6.609213520181453, -0.6932229407769609, 10.10306810451731;
  -11.63801463880745, -0.3761924045129513, 17.45517551124177;
  -11.67043812282502, -0.4511042190277917, 17.51331087868294;
  -11.7691471848964, -0.1064123705983871, 17.71838839677153;
  -11.78802219223343, 0.05813149555508945, 17.75932418718903;
  -11.74600221397698, -0.2368005328906409, 17.81466192613343;
  -11.23037944223566, -0.3189451249151213, 17.15323747222214;
  -11.43001832116419, -1.831260736951262, 17.55807731807414;
  -11.11000847465021, -2.41259074575627, 17.15595371501291;
  -11.40936435613837, -0.6651503174453934, 17.68625054880527;
  -11.29565307276533, -0.1103933672645923, 17.57896293644451;
  -11.25456026234262, -2.288051612903254, 17.54246203250508;
  -11.16469333890343, -1.868869360451025, 17.43314671260136;
  -11.14432453555053, 0.1186032943517922, 17.59691628088228;
  -11.05826640336982, -0.2052625531045865, 17.75221985629025;
  -10.73800252958098, -2.266888321050912, 17.35282837093039;
  -10.81279562962804, -0.6817519504259447, 17.47500769090974;
  -10.82359981553136, -1.90143175309368, 17.51934195096781;
  -11.45609732346725, 0.9597118847696093, 18.58369340515454;
  -10.85768724609578, 0.2403966748602572, 17.85530315129758;
  -10.55172650523538, -1.117969632172285, 17.39680197141908;
  -11.00361893780325, 0.05846596494195479, 18.15129910607363;
  -3.093205663709889, 0.7091666678221567, 5.843717380896083;
  -10.56206277473254, -2.431825863178802, 17.518681004888;
  -10.58223970093662, -0.4434983716915828, 17.57444815121563;
  -10.57578440735052, -2.331738345878982, 17.57645975278496;
  -10.76446289453643, -3.689607535311478, 18.02646582225224;
  -11.14810008643853, -0.1119440884851108, 18.6534340137216;
  -10.43497626896436, -2.354384714058902, 17.5767927174688;
  -10.82795846877168, 0.03810899135052114, 18.20325576759995;
  -3.084472660398777, 0.7150366848239034, 5.934467645847729;
  -10.48452576658761, -2.199943832136907, 17.7088917476536;
  -10.54361483115076, -2.032679042638484, 17.81038192028438;
  -10.53800762379807, -3.801794873305694, 17.94025245834568;
  -10.58264575551909, 0.1669938246392044, 18.04569524155467;
  -10.50999885276459, 0.3838143033740269, 17.934630307714;
  -10.62430233837779, -3.603127121020809, 18.15180822337121;
  -10.25411884649446, -2.334167343046053, 17.60049878502371;
  -10.18461039578112, 0.07524690191488305, 17.56692558994025;
  -10.17537865188894, -0.2161285629475989, 17.64098113298981;
  -10.55584255955517, -3.64451074335462, 18.33708638719808;
  -10.17428444204679, -0.0004285974720979627, 17.74308718886728;
  -9.48599005779402, 0.2780284408270154, 16.64026310294076;
  -3.198359501181757, 0.601032984297242, 6.294188980939354;
  -9.889105052501725, -1.961627336194491, 17.32039576881615;
  -9.793092095649451, 0.07607510091468432, 17.21721603023824;
  -3.357938823046203, 0.9195344312581752, 6.615696862656844;
  -3.324699800959518, 0.9681229093176007, 6.568434780585056;
  -9.879340707067536, -2.512658631829499, 17.585700684356;
  -9.752921193038288, 0.3357656412580879, 17.46270013743909;
  -10.03347646395187, -3.977181270933373, 18.02209837898923;
  -9.71334822908185, -2.29841302374742, 17.49503736048395;
  -9.762804603712938, -1.956271339982634, 17.5971578875559;
  -9.993102500859688, -3.709406187276066, 17.98405395655771;
  -10.28315287230415, -4.36569197767825, 18.58067178597861;
  -9.949749239565387, -4.058732830563047, 18.40769193461339;
  -9.407519422680052, -2.340970376211878, 17.62688568839117;
  -9.388294584160779, -2.016126660557919, 17.62578863131335;
  -9.227689470849112, -2.519500888026441, 17.50968822604434;
  -9.149681557337956, -2.312569429857729, 17.58652120529728;
  -9.147812436817135, -2.507092668970809, 17.66293702857977;
  -9.140831962479311, -2.410123069491016, 17.68749324904592;
  -9.354729222889542, -3.748334273358662, 18.15538317865827;
  -9.077666230938062, -3.949594912292291, 17.75265856698005;
  -3.316321290206276, 1.117347038395092, 7.155774292009781;
  -9.18537423483486, -3.815197763748758, 18.00785712362485;
  -8.974028640359711, -2.426797086969397, 17.65229971864032;
  -8.907245623980261, -2.267305443889575, 17.53549232760177;
  -8.892464948954943, -2.007191815545697, 17.56655269637389;
  -3.317189718164294, 0.5399556123262449, 7.249599021964084;
  -3.308674096965153, 0.4530483901808037, 7.24965631026222;
  -3.284166037725814, 0.4984506884358628, 7.217682454178445;
  -8.855959507040216, -0.4734881805821256, 17.82009095515044;
  -3.278424256706288, 0.4119839439335573, 7.250869762538494;
  -9.12061012954382, -2.668117922398351, 18.36670706105101;
  -8.889317577841101, -4.039455658171572, 17.99087509260659;
  -3.253534498362027, 0.4508397172020001, 7.257122752360458;
  -3.238513783357486, 0.5024808725607269, 7.228055094541033;
  -3.12043020437282, 0.5374636943541098, 7.013289894302285;
  -3.245861557256632, 0.4746811679404911, 7.333423127298591;
  -8.663915082466414, -0.2236647014344437, 17.85684455411272;
  -2.818618519862069, 0.9713935989323261, 6.507082960345135;
  -2.849746395081588, 0.9478829510055822, 6.61038722258185;
  -8.521745077070014, -0.1306071355734705, 17.73032605574872;
  -8.636543092005864, -3.543725030601344, 18.05541129774574;
  -9.242791841358089, -4.496400922491531, 19.25874351633636;
  -6.784461361444207, -0.8671496617188308, 14.50104505493711;
  -8.442724068003971, -3.560151320716379, 17.79174780061937;
  -8.450375589407884, -0.3275697227144067, 17.84650204943233;
  -8.48727844096255, -4.001393858073374, 17.94337931627082;
  -8.342700952477978, -0.07077160664110778, 17.71356192805214;
  -8.662931068505571, -0.4646922407895843, 18.42666315831073;
  -8.410219108397888, -0.5226279527452952, 17.99158225323187;
  -8.627726059601823, -4.110296700617639, 18.50727284977087;
  -6.817059381852404, -0.7926338048318959, 14.85981325513428;
  -6.829254945884495, -0.684810869199077, 14.89548637293117;
  -8.010570446136029, -0.2485718331706213, 17.37824895603343;
  -7.546084344624374, -0.01566581287807132, 16.47133920763574;
  -7.288766224955233, 0.00575351066270224, 16.31868402456505;
  -3.546998144058989, 0.9759997170963849, 8.515164778046357;
  -7.013823571168541, -0.426262984695317, 15.92355207619989;
  -3.222395099295828, 0.4669713572204697, 7.911765595820103;
  -7.513166256742588, 0.08451362134932393, 17.13608017611456;
  -7.509377761629895, -0.1897683515703712, 17.1278722040851;
  -7.291789149931344, -0.09917010509569171, 17.05152198894737;
  -7.112245831863501, 0.2138704855345766, 17.17587198909374;
  -7.193271169440902, -2.981745329649466, 17.44473952476671;
  -7.280497704606239, -2.6673677470222, 17.66025856191037;
  -6.862050604989825, 0.8032754463475613, 16.85262177862543;
  -7.310272781599727, -2.792267165608531, 17.88981056825365;
  -7.085813661996682, -0.1877100927366094, 17.43024594162112;
  -2.799677471121985, 0.9520936846220791, 7.536226255859021;
  -7.034844081542046, 0.3968836964231712, 17.38007090898424;
  -7.109476249087798, 0.08830315070381273, 17.5794134668825;
  -7.045027286533338, -2.995197857871937, 17.45309768161317;
  -7.038993854824915, -2.650338149577594, 17.62238328054326;
  -6.851134621075723, 0.7636653075516318, 17.25620533887145;
  -6.975487347272957, 0.4085766320976361, 17.59546198363796;
  -7.206133480360625, -3.132914629641921, 18.18408915132623;
  -6.699095147590602, 0.815421602504101, 17.13367904334318;
  -6.572890713996036, 0.2915655319269833, 17.09722618369213;
  -6.703894782447989, -2.766217921179293, 17.50796070508503;
  -6.51353571736241, 0.4992348879400227, 17.18073435216995;
  -6.469529142044331, 0.6497911849298266, 17.16125372888217;
  -6.551481660511658, 0.7998198362330625, 17.37946918009638;
