m=[-9.370992001515887, 0.7614166333627601, 12.31623934916694;
  -9.07572111722537, 0.9201223435621694, 12.06841388936248;
  -6.564586174156495, 1.687772668840652, 9.028526363849679;
  -9.35267197060608, 0.7576010893961778, 12.44241125294113;
  -9.304383793322543, 0.8423119100599217, 12.41956509255609;
  -7.966859810329308, 0.8401098109496001, 11.11173583467269;
  -13.11443037209089, 0.3182602859374467, 17.82999247400659;
  -7.722686174223708, 0.9750523243385053, 11.0113600726211;
  -6.194634469500612, 1.654180439069674, 9.10640063713581;
  -12.96856732807374, -3.296942962580926, 18.35088471863177;
  -7.391534922795257, 1.249398261206692, 10.9517586747441;
  -7.394326877461715, 1.857143299769573, 11.08766125495637;
  -7.295779719143468, 1.728848806673256, 11.03669030229673;
  -5.751475791726525, 1.884504629057618, 8.992414917235962;
  -19.67728144893788, -0.1138437607888989, 28.25980712200794;
  -7.296425945101043, 1.87419869859225, 11.15130252803916;
  -7.194354613263831, 1.649984288754943, 11.02335668240367;
  -21.52219139489191, -1.066635906469939, 30.93189764305439;
  -7.141879101376993, 1.852473717083714, 11.04521127812219;
  -7.076644019433457, 1.629580562538272, 10.95970749737201;
  -7.136645630965415, 1.808815709067904, 11.05533684180853;
  -22.57078000791982, -1.2120182760918, 32.77601776470128;
  -22.1315934194929, -0.07789468011048283, 32.24855637521794;
  -7.034387890137092, 1.638942756539019, 11.05656447229626;
  -5.607177198274829, 1.972706942105659, 9.032162630930435;
  -6.966489037808596, 1.686874590546764, 10.97803228193543;
  -6.948252240238051, 1.613648476713286, 11.01913557862812;
  -6.883184036665648, 1.699906940049202, 10.99566587372856;
  -12.86048978478448, -1.348902788693018, 19.65898117172034;
  -21.34538722591519, -0.6899778695071228, 32.0146942538944;
  -22.06408811214118, -4.522719460555831, 33.06397089223523;
  -12.71662753130852, -1.201050974414442, 19.51543761646481;
  -21.91164720884256, -4.307579512049366, 32.88085949582036;
  -21.83307728226121, -0.1974067852634861, 32.86958155135337;
  -21.68834804657231, 0.1069539985170045, 32.67472674910945;
  -21.57034290014096, -4.326731607358853, 32.72375933042255;
  -21.87817080085682, -0.441066024842953, 33.18169103660546;
  -21.57918682582951, -3.716454419083541, 32.80871776609181;
  -12.74658376225311, -1.352962748449626, 19.84819363367519;
  -22.17453482974148, -6.597963536455926, 33.78678022450706;
  -21.03234250241978, -0.5973229258366432, 32.1247173701281;
  -22.02907375106011, -6.809712524943802, 33.63482229726736;
  -21.25170417719241, -3.404842438523029, 32.64553516883408;
  -12.88938691574269, -1.125257339964916, 20.26935345755732;
  -13.1001384124097, -1.602827056004572, 20.59597169571501;
  -20.78985614473293, -4.514615326786775, 32.10346873943716;
  -21.33915595884099, -1.244043569561651, 33.07893823068609;
  -21.20836119024125, -6.271945060882092, 32.94002952758087;
  -21.26904111751297, -0.2078641272289458, 33.10013888439495;
  -21.14711894559514, -4.299208363886314, 32.96197475091349;
  -20.81913893799773, -3.484936817442256, 32.50811218177119;
  -21.25916436169356, -7.206856571810072, 33.25037345912487;
  -20.76022302680531, 0.2209403391477427, 32.78044401971383;
  -21.56416934381391, -7.055504773435249, 34.21683459697041;
  -6.520543557330009, 1.293931378837896, 11.10322233644711;
  -20.10426373667551, 0.8026699141686283, 32.02988016923796;
  -20.67209010914261, -0.383713489893645, 33.18562558727225;
  -21.55405532772443, -7.551929641997593, 34.67239594771021;
  -6.496527489514518, 1.249175905640092, 11.20139395033142;
  -19.83600406493535, -4.187557772243795, 32.05538210255315;
  -20.29243843752665, -1.279447976041891, 32.79545178782679;
  -20.34754577443337, -3.574547312578684, 32.9350325548569;
  -19.56885976205593, -2.073347043193541, 32.26349526004551;
  -20.48552925073674, 0.1088465750914191, 33.79242509924433;
  -19.64270737208722, -4.522567686737141, 32.58021958998172;
  -19.5637040493952, -0.8199087466705985, 32.49040960878934;
  -19.86054742811669, -4.378833590452278, 33.00730225702683;
  -20.34582339561111, -0.2043033913259696, 34.04342185863076;
  -20.13358524652198, -6.900950708474948, 33.71625596944939;
  -8.251566012901805, 0.8417481344683413, 14.45631544696571;
  -20.16815158165797, 0.07098179369620271, 33.9053776997255;
  -19.7455671477893, -7.309451738879868, 33.24049238275398;
  -6.266139211121649, 1.267156556641072, 11.29925062409816;
  -19.57005821193072, -4.106340126045554, 33.05481335882649;
  -19.68575023501986, -3.795170117853513, 33.25337046997998;
  -19.62245929379553, -3.578325075848804, 33.19170958345223;
  -19.60279963281676, -7.072098048038915, 33.37245396453299;
  -19.56932909910348, 0.3088034114888759, 33.36993008765672;
  -19.69125579533229, 0.7191043245125767, 33.60184886138405;
  -6.297936370744114, 1.202174218942747, 11.47748221308049;
  -19.39892841487573, -6.558239075647893, 33.15565248671165;
  -19.14690972027479, -4.358452643114742, 32.86437053378435;
  -19.21885255737792, 0.4322344051855807, 33.09583320982527;
  -18.8239799661388, 0.139077109395026, 32.46854248923131;
  -18.88006530221181, -0.4010191189657954, 32.73223407013998;
  -19.75063955943438, -6.275009449186235, 34.24798777219959;
  -19.8259701872662, -6.845115483416702, 34.44069253428069;
  -18.89457459761877, -4.441189465803509, 32.97418861925573;
  -17.64903350020011, 0.5172821430624094, 30.95982171251;
  -18.67313296475222, -3.704048837744517, 32.70529046624053;
  -18.06820577935348, 0.1403581794785974, 31.76567718791556;
  -5.952694759235954, 1.962631574635549, 11.18689250172997;
  -17.96252633185006, 0.3025760922779253, 31.68290647442749;
  -18.17275421996794, -0.04190708593293511, 32.12879861703276;
  -17.93240384000959, 0.617362219530464, 32.10814327353289;
  -19.16418608139518, -7.596513753677207, 34.42264983159448;
  -18.67124730372445, -6.930704480079013, 33.6016486288944;
  -18.14375244395867, -4.293250476904351, 32.67932121655577;
  -18.32698355393916, -3.67236200356494, 33.03382954921121;
  -7.753311976708448, 0.5962380449434742, 14.60210512876753;
  -6.086344110393961, 1.410924911498792, 11.71001210947973;
  -18.3229433864632, -4.688520687770995, 33.20334755111811;
  -7.531628800533277, 0.6915364518644233, 14.388661922945;
  -18.81261314399878, -7.674099995666323, 34.80457435678194;
  -6.315530970711503, 1.186809183065841, 12.42860454865877;
  -6.566239596659376, 1.798092136634501, 12.9365819296449;
  -17.73493956140431, -4.413168474259502, 33.22998744873618;
  -6.587926183190852, 1.918345307747676, 13.0154197564271;
  -17.70484706231951, -3.802097799920465, 33.23946530146805;
  -7.90815987639011, 0.3159711988266072, 15.472899243717;
  -7.961332870890754, 0.5618104628728879, 15.68350689516955;
  -17.61128874790427, -4.808533900041598, 33.41770182111159;
  -17.14603215204411, -4.333636045111856, 32.95623526775109;
  -17.19891130725839, -4.713614839670832, 33.20829864827562;
  -7.694101377091777, 0.6070218653352354, 15.45584359232784;
  -17.15864515088661, -4.524144704673599, 33.20194720949267;
  -5.534971799631648, 1.946424784904051, 11.43384365272919;
  -17.56737352034536, -7.039048024830406, 34.09424154406128;
  -17.21860466543988, -7.49162963842151, 33.67341361192306;
  -16.82531730822474, -4.54997779339591, 33.09612169614211;
  -16.78852286474053, -4.273454543973982, 33.05118398148228;
  -7.113409131558679, 0.3076637651766356, 14.63880197945594;
  -16.76530458409468, -3.784235567920945, 33.11889427035293;
  -6.318662773178872, 1.90565074695244, 13.17949984436539;
  -16.4810250590755, -3.573671093724714, 32.84963286199059;
  -5.567955445497521, 1.94070417109837, 11.84986778516754;
  -16.22447701064353, -0.8674495512947067, 32.64712940473273;
  -18.55066409753408, -5.426759684716167, 37.35655931215711;
  -16.54019994561779, -7.51614549402132, 33.47531108238545;
  -16.33137874004182, -0.7506022354488626, 33.56323138222417;
  -16.06726772840418, -0.4147871493585503, 33.11559491344281;
