m=[-11.36559714161864, -0.6891225350447475, 14.68768392356089;
  -11.36693658106363, -0.8200785334046014, 14.71731627319485;
  -11.36642041921944, -0.8701523851777148, 14.76028806792478;
  -11.16426693395982, -0.3379055774308278, 14.58280087726789;
  -11.3149891623948, -0.3943543267578601, 14.90464874115075;
  -11.30043286063968, 0.06823459008050237, 14.89314609201021;
  -11.24705549207864, -0.1078659577942583, 14.83767863203974;
  -11.36609858085361, -0.5881151249503539, 15.03197246367946;
  -11.25317022097039, -0.05021490430346789, 14.92076106103262;
  -11.24835734714077, -0.498821788888239, 14.97035378981772;
  -6.766839806270439, -0.6975104805924328, 9.475549121516346;
  -11.74759124268955, 0.1901839078642574, 15.75010097901241;
  -12.39533299003211, -0.05586338850561338, 16.63965144181467;
  -6.804340648243614, -0.6269457257564202, 9.68232421778044;
  -6.824535116080368, -0.7024444708976956, 9.73183566080959;
  -12.57815526755875, -0.648388691008605, 17.18441357635719;
  -12.51587008927105, 0.1397491574225238, 17.1871197756397;
  -12.34623517642227, -0.07033907299448595, 17.19869006825746;
  -12.31266332742749, 0.1619842464558282, 17.20908576905146;
  -12.22380866405603, -2.373506232184105, 17.25754855709097;
  -12.47752839266109, -0.4506507270070753, 17.61287983516898;
  -12.19413116365747, -0.08810431136028725, 17.28116922817946;
  -12.23272307671782, 0.08542980205712683, 17.34999768230192;
  -3.240309295529863, 0.6570982601947755, 5.33026601410519;
  -12.00707159582628, -2.377907720629329, 17.1372308719339;
  -11.98326927471862, -2.033689420174884, 17.13623416727038;
  -11.98467120234651, -0.07636830378441736, 17.26756347789056;
  -11.70875206481397, -0.4350848972477772, 16.92965817330636;
  -11.95930144097512, -2.563756634022825, 17.34988968519784;
  -11.97097491563351, -0.6654754382294114, 17.46472857194752;
  -11.76420362577991, -0.092369212444813, 17.22451379151574;
  -11.64314317197518, -2.333477883379226, 17.07279048308669;
  -11.66644930905009, -1.925578251280705, 17.13185781413442;
  -11.79223828935837, -3.963086092981434, 17.37474951604155;
  -11.54095238253153, 0.1465632149756455, 17.14468891158769;
  -3.361346247320208, 1.007966421691658, 5.697446142715644;
  -11.54132489206893, -0.2855459746877369, 17.17496334533452;
  -11.38298731189901, -0.5880271574165293, 17.02724901265553;
  -11.41329270813288, 0.1465890844846013, 17.12271549589947;
  -11.16873014388523, -2.383060548180012, 16.79473844872947;
  -2.863279580777122, 1.014492604263878, 5.041651669033825;
  -11.71263504723063, -4.021219413889678, 17.65594335096954;
  -11.35715625678914, -0.183175914865293, 17.16180591338991;
  -11.44027904425276, -0.01002684154690968, 17.32528922503915;
  -11.31352783868932, -0.6887346813957963, 17.19516188082123;
  -11.22924768371021, -1.94385610127875, 17.09720170074665;
  -11.43399402481379, 0.4386117384899324, 17.40475696680738;
  -11.14986442953375, -1.131259637744628, 17.06182113093189;
  -11.46684227811434, 0.09255599835373356, 17.82767953002548;
  -10.90830355237877, -2.480725670641704, 17.01865073413701;
  -10.99001422372453, -0.4435213819831341, 17.17048588622995;
  -10.97279549362611, -2.384660749589659, 17.15527936464899;
  -11.25879319263794, -3.823200894214444, 17.76628796646618;
  -10.93870207130312, -1.932910351747035, 17.29107118395919;
  -11.21968915342824, -0.0791774201193485, 17.72164783079364;
  -10.84451039038704, -2.412925814330508, 17.18370574702297;
  -11.02841975290922, -4.043046890322858, 17.47972220344104;
  -11.25306425655507, 0.05329971208324786, 17.83418655488999;
  -3.181694055700731, 0.994065193494598, 5.754430849951925;
  -10.9175241849357, -2.25893012651506, 17.35550244498398;
  -10.85904971313771, -2.052982207449441, 17.26698874311438;
  -11.33108687529605, 0.3870927861173463, 17.99677109467923;
  -10.96146412548862, -3.920511670115177, 17.57984826870491;
  -10.92795435901891, 0.002689444914420838, 17.51967637059414;
  -11.02354616253504, 0.4621340538419133, 17.71828528330978;
  -10.86362773676979, -3.647084654647556, 17.49493577269657;
  -10.6528518510288, -2.392330420258814, 17.20212409079531;
  -10.51660955573505, -0.3176618865222458, 17.21841690659292;
  -10.83394136038431, -3.702332754244011, 17.74936146168291;
  -10.26435837845638, -2.003555790300901, 16.89462276411364;
  -10.61923231536998, -3.821702930608064, 17.52537667278453;
  -10.08129130437465, -2.533015716339598, 16.88119394017798;
  -3.397649387052929, 0.4853546201156417, 6.377396181689001;
  -10.02168148653037, -2.342782768186071, 16.97499433129462;
  -10.33187217914342, -4.0493240285722, 17.47881512153287;
  -10.06555159976741, -1.980018267590655, 17.06407693050223;
  -3.332015533656944, 0.4379877167744997, 6.309693524053719;
  -10.34178633920161, -3.802978136801079, 17.5325118837661;
  -3.288091246491566, 0.4735599573495421, 6.282690339288972;
  -3.317161413774552, 0.5344999813055129, 6.33864208988427;
  -3.263083241468161, 0.4960171535570893, 6.326100822614302;
  -3.267532824292597, 0.472125138112463, 6.38110570990872;
  -10.51373485643419, -4.249643246822418, 18.34739356490908;
  -9.66315989485806, -2.366475603933528, 17.02941686418492;
  -9.71845475468621, -2.045525056054335, 17.15921216362646;
  -9.468310064310733, -2.557153005061374, 16.89582743402286;
  -3.255871806305379, 0.5214232338251308, 6.516251368049786;
  -3.257322073700818, 0.5725953658159624, 6.525943734969878;
  -9.559997446010225, -2.380319215176717, 17.280330047043;
  -9.408202982692645, -2.543347005134172, 17.0883016306094;
  -9.397003220231536, -2.442960630580059, 17.10611394791842;
  -3.211726357665917, 0.5175401743799258, 6.533066236071004;
  -9.465757662754482, -3.89337551666827, 17.47858205549489;
  -9.234829998407999, -2.463149740462234, 17.08681499943344;
  -9.251422922920556, -2.322496349515634, 17.1252475506696;
  -9.074866937404583, -0.746200281940148, 16.92862496770831;
  -9.13232990705286, -0.4068931960007453, 17.26131712329297;
  -9.048875830906411, -0.4636141973180791, 17.13622749487377;
  -9.1519345736198, -3.765754497738533, 17.49351427960294;
  -7.058552085583205, -0.8174734632113717, 13.85247690563738;
  -6.990398868503318, -0.9021662564044276, 13.74042419241409;
  -6.996162359556337, -0.5286027436289267, 13.74998143022453;
  -3.576229954976389, 0.9997358074970763, 7.531417346018833;
  -9.023266118594476, -0.2066485500149999, 17.50195343800876;
  -7.039514554942149, -0.8693255873914227, 13.95659628837381;
  -8.813171536568095, -0.105731449200616, 17.2480247279361;
  -6.989634134258808, -0.7722022743090741, 13.92430457880194;
  -8.970822039751921, -3.641160666650925, 17.66247905027243;
  -6.914848233307948, -0.7470710395582211, 13.92537317622431;
  -8.954171573813746, -3.763583676783775, 17.77847871007503;
  -8.683726874105386, -0.2981843610861212, 17.25614924667778;
  -3.280063951776004, 0.8038352965829206, 7.142641586116507;
  -8.798386824875546, -4.108377751918056, 17.51254931302052;
  -8.7144708126952, -0.04767615284508048, 17.40261695676334;
  -7.025948174574118, -0.7932824790313962, 14.23324007036556;
  -7.013853456847491, -0.6751405649774138, 14.21849897220475;
  -8.759869443243479, -3.794182601988102, 17.57076281786829;
  -7.118473112734966, -0.9469514973313513, 14.57221360401075;
  -8.476892209106742, -0.227194921804112, 17.27391708381764;
  -8.590880327859873, -3.841330168123026, 17.60892185279839;
  -8.780887326385411, -4.088443102366765, 18.09214059260663;
  -6.898866673250599, 0.5664303170350332, 14.44142603717742;
  -6.848256201482469, 0.6225326217267386, 14.45569384204373;
  -8.267133272010794, 0.1802790818036378, 17.25805120312714;
  -2.838359148754429, 0.9820877954549934, 6.580374523702051;
  -8.403418326284829, 0.02624209228419947, 17.59943406047464;
  -6.368897555847378, 0.6859714221531321, 13.62061031609229;
  -8.029587432569942, -0.08756333559193144, 16.92032333656561;
  -7.900673857948891, 0.1202050297488513, 16.66928517429271;
  -7.979767076422532, 0.2581335191537528, 16.84218261301414;
