m=[-23.44954977409554, -1.670636918865604, 30.07186540460855;
  -23.91985118758797, -1.450316097156352, 30.91146108420574;
  -23.93975025219345, -1.72715622515193, 30.99593927090064;
  -24.04207733788143, -1.840532917893007, 31.22073389599517;
  -23.45916231001899, -0.7100315527478059, 30.64243221146059;
  -6.754216586298455, 1.337683730583726, 9.528444268782057;
  -24.05107705751941, -1.467375856158795, 31.54126684169815;
  -24.03027582617669, -0.8375123572130681, 31.65383680016933;
  -23.9585967353386, 0.1446674695828731, 31.57568260785704;
  -24.01001160779462, -0.230270305018952, 31.6752092526716;
  -24.20390785911443, -2.182416766061018, 31.97808740571057;
  -24.03922319825066, -1.243859593014973, 31.79252217406071;
  -25.06202962360849, -0.3882863809747775, 33.10890848659704;
  -6.689325665576183, 1.420737078499612, 9.569586336653737;
  -24.31747556047686, -0.1085116179879456, 32.24293557465509;
  -24.03085702142809, -1.065676944464542, 31.9824860093682;
  -24.73148084383573, 0.4003824764568376, 33.15771825933435;
  -26.55339269127533, -0.1196710482282079, 35.64560946735052;
  -13.97677499048767, -1.266836114584237, 19.27426326790688;
  -6.565485106753759, 1.28309711697877, 9.695208967716932;
  -13.94947607407036, -1.437880316218114, 19.53333454662073;
  -14.08136450922775, -1.072695995628707, 19.73684015512432;
  -14.05191441520431, -1.195110742794322, 19.72294668519457;
  -34.95197548826277, 2.755522558934553, 47.92136210102415;
  -6.496326431726675, 1.258164912704061, 9.725033778571406;
  -14.35272169053149, -1.70097983419587, 20.37156832231842;
  -27.93072703814207, 0.9851448815978107, 38.72617161552165;
  -13.89698356797611, -1.280455359197632, 19.77489186833176;
  -26.54035083896013, -0.1512059059530937, 36.97153519753106;
  -14.17196036639378, -1.458709645686782, 20.20931637559868;
  -27.01706508190959, 0.3554339798272998, 37.7610414464056;
  -24.90447486137413, -0.7413481383088486, 35.12787992638109;
  -26.2350902707897, -5.30822510734927, 36.9695617295238;
  -26.10685994799229, -5.069188866766546, 36.85761251732114;
  -26.55376629139325, -0.9590420239821419, 37.48244685514401;
  -26.38555581986069, -0.1906393488939631, 37.39284490079444;
  -26.08999307035748, 0.182204970201163, 37.00413362283269;
  -25.71269651820938, -5.092200798577931, 36.69874149211334;
  -25.91246518246113, -4.397623476875318, 37.055169256248;
  -6.388536278771148, 1.324363842724375, 9.889721259348601;
  -25.51691200984959, -0.6733246885011632, 36.61301198323438;
  -25.34851833742646, -1.422871054790346, 36.46809312599116;
  -25.85062167222477, -0.1647244296943229, 37.24568184905041;
  -25.86936467352993, -4.07150390775033, 37.38600420922462;
  -26.23624321861306, -5.624353808249787, 38.06208312781198;
  -25.30773313475862, -1.406875790580104, 36.92202958278869;
  -6.466509934878428, 1.285707628549367, 10.1855441813939;
  -25.62316698444012, -0.2011858881384978, 37.51606204253715;
  -24.77005328843131, -4.964327129275857, 36.32128573890406;
  -25.12848790474782, -4.147523253661863, 36.90048878319672;
  -6.286374612908123, 1.494598649616108, 9.993037180406228;
  -25.36785263342695, -8.525521746881777, 37.37713523508102;
  -6.361285758939379, 1.474827939209715, 10.17783270589897;
  -24.69393694546579, -0.6109570920073558, 36.74772747986891;
  -24.15638634342832, -1.247880789617772, 36.13434630516564;
  -24.58141237872647, 0.3157166672303316, 36.87809832024983;
  -23.90925793894988, -5.10149395647863, 35.95303390938464;
  -25.4554556805941, -8.739448651771662, 38.37224344968829;
  -24.5922163548698, -0.3966399358708878, 37.16131349430676;
  -24.6642960080142, -0.0216170415932882, 37.35189152448993;
  -24.31854348177225, -5.083566365746266, 36.95166510271901;
  -25.25620873013233, -8.765573690578799, 38.33818749305546;
  -24.36562529673795, -1.483308426428224, 37.0327343759274;
  -24.00772917649176, -4.15589469143779, 36.55320460183845;
  -6.123491291139741, 2.048212290775287, 10.0601716337527;
  -25.32739114733908, 0.9715669816199533, 38.5532025437528;
  -23.73007320226387, -2.40764129322863, 36.31239347883956;
  -6.543153057234153, 1.326877806395832, 10.76340039951666;
  -6.551216479704843, 1.267132255001775, 10.77522098419006;
  -23.40525938304155, -2.422112518273028, 36.27898996293816;
  -24.34927836650473, 0.5254710044244441, 37.71274405442208;
  -24.87623797645064, 0.2007915505727244, 38.67547732851004;
  -23.4713924345379, -5.337776443282632, 36.61902404615042;
  -23.59028150458531, -0.9520273624121839, 36.85678538543323;
  -7.065601492927277, 1.956221111140452, 11.73963916226152;
  -23.78844635423917, -5.169819700697534, 37.19174781804647;
  -7.018543684340321, 2.070528547139956, 11.68088401700463;
  -5.756861546837198, 2.057310395237269, 9.766438537186474;
  -24.10231582776622, -8.184535753406482, 38.03326665017823;
  -23.41687768266949, -5.210303334820869, 37.10529301255622;
  -23.55804024899209, -8.636437812920834, 37.33880360341182;
  -24.40917591468215, 0.1156131360117361, 38.68437849361698;
  -5.995456847499409, 2.010028620727353, 10.25093599003187;
  -23.60236764004688, -4.883533886991803, 37.52049845233815;
  -23.20620407631042, -4.387301405708355, 36.90021458058921;
  -24.70246767659458, 0.8438861286779124, 39.23407005365229;
  -6.753974838568553, 2.025313475413269, 11.44791552571502;
  -23.6770489888159, 0.005827085005979187, 37.95900148067594;
  -23.8794558722577, 0.4478591666895777, 38.36173605095969;
  -23.46984665350799, -7.879183607076702, 37.79616438884434;
  -22.90921260172659, -5.144763766333065, 36.99357913808343;
  -22.85934187000198, 0.223741502336408, 37.08436428311934;
  -5.753102354846999, 2.038389764572449, 10.13004049068953;
  -5.779960752382872, 1.973584299350491, 10.19671578366719;
  -22.7385666163677, -0.6868350422145406, 37.22892989266158;
  -22.88454175416102, -7.82044001198928, 37.49198836951896;
  -21.31613304853559, 0.6605419250777057, 35.04632819197383;
  -21.93843474292123, -4.282282081223326, 36.1095711344909;
  -22.90986641706916, -8.244918373169808, 37.80913973425253;
  -22.89101989078577, 0.2210084084650139, 37.80322571293;
  -21.81734545651428, -5.481805580420039, 36.53330002987395;
  -21.43039134990158, 0.7762044907527089, 36.07313070610597;
  -6.480070334988449, 2.031674036540008, 11.65928068666665;
  -22.43667398809316, -8.793504364545752, 37.95696169873629;
  -21.75767129056525, -4.280002560073054, 36.8856662300916;
  -6.408150707388182, 2.002115684714831, 11.58981959804255;
  -23.75551700594992, -9.994211957969917, 40.51074305616408;
  -6.600906515661579, 2.0021401110686, 11.98776330966442;
  -22.24253330677034, -8.214709826867312, 38.22530582228706;
  -5.825930798578371, 2.05874541828934, 10.74945702090912;
  -7.070428685192314, 2.416154584012568, 12.83385757245529;
  -22.4063948846687, -9.056646948728838, 39.10113303534548;
  -20.87847178108302, -5.113068049679964, 36.79419603067706;
  -7.546588322017197, 0.3741918844367664, 13.93507156228264;
  -20.97403766423111, -4.41458242609242, 37.03242658354634;
  -6.766146982951105, 1.058384663569996, 12.72655372963898;
  -20.59981963164389, -5.563494469127865, 36.75956905764774;
  -7.675133195775412, 0.4290441209194211, 14.34309395884452;
  -6.779981144638117, 0.8912168719859112, 12.83895668834956;
  -20.87190593335742, -5.196842261842426, 37.72735560612256;
  -6.666339378350759, 0.9601045576389713, 12.73764712444497;
  -6.707632509279859, 1.080812478984781, 12.81736896198172;
  -20.15945798419234, -5.449765187203633, 36.61601470304181;
  -5.771242162245995, 2.023455165238893, 11.20054159491384;
  -20.74548561815074, -5.393251810140203, 37.76466098521198;
  -7.49480928503001, 0.2879609502816543, 14.2810814146949;
  -21.0076618462349, -8.326661355425218, 38.41507437577768;
  -6.702412161190087, 1.018825189597102, 12.99388705368349;
  -20.86894743130488, -8.992735895873503, 38.40547087078576;
  -20.00342993418326, -5.335392558307182, 37.01149958347263;
  -19.92545856654122, -5.002128339475807, 36.88388406363194;
