m=[-8.749369515200602, 0.325041095194446, 11.75424396729765;
  -8.662027127784924, 0.1844477051475137, 11.68593082709063;
  -8.747124103722157, -0.0556663086882794, 11.7958140999869;
  -8.679690009960494, 0.1084354971334914, 11.7504561639246;
  6.624904502504826, 1.790151855480553, -8.020734078764493;
  -8.623519349347246, -1.673770077345464, 11.78509896246784;
  -8.749357697281297, -0.3193560081499507, 11.96010344914639;
  -8.652558741433996, -0.06931550916545554, 11.87396813950989;
  -8.682379413599328, 0.05838819182184034, 11.92105167493438;
  -8.487078627470668, -1.684026343476557, 11.7254621597058;
  -8.462121794041094, -1.43445105474067, 11.71480446449882;
  -8.45311896502869, -0.2273203954475555, 11.73801028900819;
  -8.492493985803778, -0.05720679529923006, 11.84696627802838;
  -8.347196444509395, -1.79067939620222, 11.73281309136052;
  -8.407947465603753, -0.4716050021781324, 11.87381422722311;
  -8.291031661523931, -1.665469636250232, 11.76478533694399;
  -8.380797014483406, -0.07315599705594388, 11.88282962525591;
  -8.259233067793218, -1.363255769538694, 11.74007457420838;
  -8.218158655012367, -0.2040315083809899, 11.83589263319326;
  -8.158725688950051, -0.4460127445815442, 11.81251126030452;
  -8.122122055932367, 0.0960026565982154, 11.79391099201111;
  -8.07279292136143, 0.1263841763274145, 11.78481682507604;
  -8.088934829653461, -0.1310665961223461, 11.83297579133158;
  -8.086216124872854, -0.009076804526878346, 11.85650934597457;
  -7.981557003591254, -1.662332234794191, 11.73811719031381;
  -7.962296576548603, -0.4799999972774008, 11.73704849840126;
  -7.956677630587841, -0.8067831813035514, 11.77913395883356;
  -7.883669930241018, -0.8170468950996414, 11.82185872456631;
  -7.81731085970023, -0.3217911543959863, 11.82080457054468;
  -8.008838223483455, 0.03482382358712754, 12.29951675718842;
  -7.776321666640777, -0.002910298394282744, 12.07458532078632;
  -7.879849454440851, 0.1440498775988726, 12.26365461919057;
  -7.381112655999722, -0.2216310274839561, 11.69785476561513;
  -7.370283073554361, -0.03283504219302564, 11.77300134203071;
  -7.307701612192919, -0.02747068007723584, 11.77095829446536;
  -7.244194151482664, -1.327315474363865, 11.70766405044999;
  -7.223861514124369, -1.813265172209136, 11.70385421672158;
  -7.167603208864144, -1.407966915355757, 11.75883652578754;
  -7.005448999424588, -0.5022683934789562, 11.73369825223401;
  -6.874768067696945, -1.681184928562669, 11.72293120258732;
  -6.870796927146268, -1.442700583514952, 11.73945650483841;
  -6.68594179735961, -1.806594189169515, 11.54579894023114;
  -6.718967460555761, -1.6560911673061, 11.75484819402107;
  -6.686348180774958, -1.805858435512936, 11.74955593064363;
  -6.657089134685638, -1.726594689504956, 11.73265515323482;
  -6.597895274817512, -1.757469739794776, 11.8132857873134;
  -6.595815885300763, -1.652844463966512, 11.81320291453079;
  -6.534145921370696, -1.442848993381783, 11.74266599714674;
  -6.490762862789007, -0.5313885202322713, 11.71225956342081;
  -6.362892862005878, -1.831552207467047, 11.67555147315377;
  -5.033864036249433, -0.6219588554258723, 9.595152200765092;
  -4.963041109115681, -0.4670141609661186, 9.505238050251869;
  -4.967077251360349, -0.4479594210478084, 9.5994968179946;
  -6.272260447927649, -0.07717372680963863, 11.88802780193995;
  -4.995219303805983, 0.3913242716767816, 9.684073255998026;
  -6.273022208623384, -2.542964391740329, 11.96851800962783;
  -4.951103357754146, -0.6265858349784447, 9.659913244259689;
  -5.009093066271362, 0.3878497886833689, 9.784785377245616;
  -6.353059604302229, -2.657382258266315, 12.21509472736864;
  -6.181525510442556, -0.2135591627282878, 11.88828763822447;
  -5.945424567687033, -0.03124688602460758, 11.49229009358279;
  -4.907832583482914, 0.3996974472364792, 9.787038810308658;
  -4.963015900550932, 0.559485897490178, 9.907618428500534;
  -4.927294425283662, 0.4429619538837289, 9.872184916931232;
  -4.91828743206423, 0.3992102352935974, 9.900408623538631;
  -4.861061172948203, 0.3477615894179717, 9.806765246116656;
  -5.780002667118769, 0.1216705136026994, 11.67756238470691;
  -4.776946750964826, 0.6618575605621886, 9.856785094621044;
  -5.661531493726256, -0.057028034644697, 11.54047119306751;
  -5.581949901799084, -0.0798650130593538, 11.46905875564245;
  -5.523291964041182, -0.2194792578099601, 11.37238621897015;
  -5.509261224725129, -0.02909970803397072, 11.40869837891197;
  -5.476918820310378, 0.1781429278916682, 11.42757849537196;
  -5.456423993646743, 0.2199200108865045, 11.43771873233918;
  -5.50770392301183, 0.4324204413186629, 11.57016329469969;
  -5.537879326150425, 0.274111731201712, 11.7392778936327;
  -5.536830868931771, 0.3868314911574125, 11.75349029464948;
  -5.417662717901012, 0.4747237703559618, 11.54489349259658;
  -5.380934595745894, 0.2703653875578292, 11.57633006437173;
  -5.35697688034211, 0.4446668214202278, 11.53441381995686;
  -5.232246252121121, 0.1715145820030481, 11.45898918797536;
  -5.241859282103002, -2.140225804019492, 11.54444741120798;
  -5.169208040347397, -0.2422854674732484, 11.46617101696867;
  -5.220802255298597, -0.1145058777064117, 11.66157309196802;
  -5.141094550616612, -2.150353102477558, 11.56399275175115;
  -5.206332491661924, 0.3091856378084819, 11.67634363072351;
  -5.195526318688554, 0.2117812836629654, 11.69112415150581;
  -5.302078936540596, -0.2479657978533997, 11.92166031912801;
  -5.138303978831178, 0.5438728994966834, 11.59371621042573;
  -5.224454620661336, -1.879431039115928, 11.83732203726147;
  -5.150177698978968, -1.963697307821326, 11.70635275780383;
  -5.062166428907824, -2.175474052144485, 11.64137259787277;
  -5.121146988547248, -1.939461599444812, 11.80291857621255;
  -5.109186511810679, -0.6551439857105751, 11.82859302724348;
  -4.995483889973866, 0.6202519961340565, 11.57911903864879;
  -4.861453247613585, 0.2858813894065304, 11.35381342657512;
  -4.840030910664377, 0.3044190460295632, 11.44086687012546;
  -4.728532026063888, 0.6027265819375665, 11.23141671981895;
  -4.986109211219562, -2.02482493588408, 11.82750992205766;
  -4.939088586922293, -1.035612373624218, 11.77552114111171;
  -4.833400971090349, 0.1565519708737826, 11.54297052501046;
  -4.828881330348316, 0.3841023553060348, 11.54472067952439;
  -4.864440836056909, 0.2493495393236364, 11.67305101829079;
  -4.770154379830935, 0.4853243738828657, 11.46746292982288;
  -4.895640371097225, -2.069823481592521, 11.80111164555331;
  -4.886548766227412, 0.6059936813307515, 11.75757683975931;
  -4.928337402627925, -1.219351178092779, 11.91676014476239;
  -4.855009219265678, -1.034263800703666, 11.75671955905204;
  -4.824365728556822, -2.076362406037108, 11.74273109782142;
  -4.873462316269579, -0.6418072790356635, 11.82423806218551;
  -4.977474739028351, -2.230649365061939, 12.07645142602752;
  -4.79989174866296, -0.7912558409824296, 11.67796900600631;
  -4.856661155289246, -1.263590655529496, 11.84595209079575;
  -4.884570034868037, -1.020662483959707, 11.93018332238177;
  -4.859278373461449, -0.8821102343927371, 11.89942763089342;
  -4.751500359390731, -0.9266895065804666, 11.73990532630813;
  -4.708046092300558, -0.967600890957895, 11.6607322878711;
  -4.74503986182672, -0.9447016924799014, 11.75747778916663;
  -4.872749936427812, 0.4801835950151551, 12.04369671776307;
  -4.707005929439003, -1.167479265586471, 11.72836413614417;
  -4.93445870835566, -0.6496628680995464, 12.246319188742;
  -4.691043661088903, -0.9030386306213478, 11.70837633830951;
  -4.795817008129095, -0.6348220630138729, 11.96366992232225;
  -4.691815192647748, -1.096599474480968, 11.74642246963261;
  -4.496697131087766, -0.7543214027503914, 11.33949447596881;
  -4.652758738184542, -0.8711456638769217, 11.723130126688;
  -4.789869376336763, 0.1200357824451222, 12.0913932042547;
  -3.462269414519687, -2.210386862601007, 8.931577709956347;
  -4.618716858085126, -1.116566083705932, 11.77569189173006;
  -4.731263709256051, 0.2605244130620922, 12.10084876295385;
