m=[-7.216209890243087, -0.6647555824403796, 9.703892547912021;
  -7.209282540079353, -0.7403418286334194, 9.726095215500404;
  -13.58929807563349, -0.08081250622397765, 17.64368235456237;
  -14.53436483024756, -4.402663958484384, 18.91136313113162;
  -13.64735016390009, -0.6613961295939502, 17.82490227377885;
  -3.566094400285576, 1.048130309120757, 5.455091979498881;
  -3.51148737047161, 1.056420182603565, 5.4091458857553;
  -13.902569638251, -4.065181017166601, 18.65789969519888;
  -13.46178774356274, 0.500108519115675, 18.08509025695047;
  -13.46310769058303, 0.6367486688134595, 18.10475044151026;
  -13.46441905748322, -0.08568696392946713, 18.15725743491039;
  -13.40506970633605, 0.1674697363670333, 18.14761630633078;
  -13.67015282477234, -4.365256023224086, 18.60282607474006;
  -13.68329930092389, -4.230993321116867, 18.62959352237549;
  -13.25830776674163, -2.682797275047938, 18.08734908150864;
  -13.28122607602853, -2.577801231257112, 18.15042760479831;
  -13.72765368695994, -3.98528659907205, 18.75699014446907;
  -12.88537015880743, -1.953417582042855, 17.66186226976842;
  -13.3438096412127, -0.1068970448080752, 18.31180524446639;
  -3.460344929959245, 1.037436558263179, 5.484058433378924;
  -13.35365641444294, 0.0898020940006601, 18.3347928698615;
  -13.07356241515926, -2.216156402859748, 18.09879733187729;
  -12.81776812631536, -0.3446940864411685, 17.79876691328456;
  -13.07058481925699, -0.08804554603705023, 18.23336911944739;
  -12.97678316261149, -2.043538037783481, 18.16027382617927;
  -12.83438684790417, -2.753292347222521, 18.04000457275998;
  -12.87437629544223, -0.7221287104483757, 18.18136388801388;
  -12.91553561544328, -3.780138694004941, 18.29932755658967;
  -12.73228727645632, -2.557611492108997, 18.06682603215138;
  -12.74582336476195, -2.103805171365077, 18.11753168650734;
  -12.60573163760498, -0.312961400264259, 18.15492891884496;
  -12.61549858644245, -0.6896509777776199, 18.26519542243424;
  -12.44927155224254, 0.1471491235292297, 18.07724626537515;
  -12.41947200558001, 0.1944339158871802, 18.13018171971606;
  -12.45019841339969, -0.2017330045867163, 18.21289199697321;
  -12.45732989210853, -0.01398339428619781, 18.26570623525049;
  -12.26040703055606, -2.553495490844758, 18.03082963146928;
  -12.93556796061856, -4.485895508021602, 19.02848678314651;
  -12.32170607383061, -1.249383937224802, 18.24115958739689;
  -11.98661619081062, -2.721275343276837, 17.81405676679386;
  -12.17306132718527, -1.261590356932939, 18.25396199090572;
  -12.00425930179158, -2.728592988651799, 18.12411794530933;
  -12.51552766820709, 0.1040092983524594, 18.8565801935664;
  -12.04041428537557, -0.4956306435593766, 18.20669367896632;
  -11.99915102100438, -2.613870384837415, 18.16495255284729;
  -12.31433061822659, -4.182815992406789, 18.82844810353413;
  -11.82777165630039, -2.628712797152392, 18.1422903847826;
  -11.92391968844526, -2.262244676306108, 18.35429841212937;
  -3.448534445973481, 0.5257848455138815, 6.013173639617867;
  -12.38927277050568, 0.05387071598822187, 19.02673818574575;
  -3.476969922363122, 0.5636532576036278, 6.097501114595689;
  -12.02706410105132, -4.309395696429801, 18.68610992154282;
  -12.00978082865101, -0.004494675935442537, 18.64803560294764;
  -12.11019617371666, 0.2213839600119628, 18.84747470161444;
  -12.08540055425835, -4.049698864906791, 18.84945154525122;
  -11.56003044693237, -2.105536869781254, 18.07197208879198;
  -11.67759061192275, -2.626742091005338, 18.25467441237419;
  -3.400772161689732, 0.5213686656795934, 6.057751731500756;
  -11.40185280703733, -0.3423608974170637, 18.07006943421037;
  -11.42014674315507, -2.651442848852522, 18.14133974332584;
  -12.04816286488281, -4.116986506865504, 19.11654714644044;
  -11.22408167006023, -2.185042291939901, 17.86749422646692;
  -3.423185472718862, 0.4985498636258805, 6.141990701089152;
  -11.55665716825822, -4.151881106711865, 18.47184326872038;
  -10.97460570187587, 0.08234849175265194, 17.55278034945984;
  -11.36020022886899, -2.091268467009742, 18.1856783712415;
  -11.1138942286053, -2.036340203147627, 17.96165828798429;
  -11.06452174501567, -2.777311260488562, 17.92636102286993;
  -11.02712617925793, -2.166111652588103, 18.09059044043741;
  -3.414473878854959, 0.5503517406769029, 6.286851630766062;
  -3.377393403046289, 0.5468605872659252, 6.32014906727383;
  -10.84847311616062, -0.7778009895156184, 18.1705284062388;
  -10.62503236526349, -2.230998900967019, 18.15395020942901;
  -3.444572867346967, 0.5575353679802225, 6.574172060434764;
  -10.28791486352425, -2.779875711519588, 17.76596328962593;
  -10.39181650164375, -2.561375035921737, 18.1805055842377;
  -10.35719040857907, -2.797284730299284, 18.20012728918661;
  -10.23042630221317, -2.653381886196904, 18.0304126091769;
  -10.55544936083625, -4.176067543961977, 18.69897549720344;
  -10.15159454094626, -2.704062352197967, 18.17605198537282;
  -10.35930351055862, -2.595936235293341, 18.55366440657704;
  -10.12623872984307, -2.236043322863651, 18.19809974292319;
  -10.05431687154918, -0.8231310675280406, 18.14251597567461;
  -9.862294728045749, -2.838851458226254, 18.09675759720576;
  -9.893461549222167, -0.5309664239863473, 18.13793288761343;
  -7.524170188188304, -0.9296485253824568, 14.34197618772331;
  -7.548065304863505, -0.595558709368606, 14.40749845847284;
  -9.936347448444591, -0.2318746046178304, 18.66230757518027;
  -7.587307416483318, -0.7139533864816864, 14.53124436580895;
  -9.649945628731183, -0.1187326760204326, 18.28986899921674;
  -7.622534936742682, -0.9341541254300643, 14.71103055269254;
  -7.582774201096167, -0.6838579247240439, 14.65465768527332;
  -7.683437316615037, 0.6019186203912395, 14.89563626871725;
  -9.777143049504355, -4.089621079375708, 18.79861609229254;
  -7.617805904918409, -0.7275139014196957, 14.85360839918993;
  -9.601534886361456, -0.3317135467246493, 18.46563737457419;
  -7.811877493989295, -0.9886304988270173, 15.24146304652211;
  -7.679361500778663, 0.5946063880017457, 15.0008999883356;
  -9.443245871418958, -0.04963010195273019, 18.2534518340705;
  -9.020675941815725, -0.08936962165336951, 17.6493494017723;
  -7.550980112231748, 0.6149573001226154, 15.05791694341691;
  -7.600143026373875, 0.8567719562801485, 15.17208862840493;
  -9.72355469039238, -0.2539584271964474, 19.14863807411815;
  -7.544203453342113, 0.6782211115781685, 15.1153483258831;
  -7.541899730934071, 0.6121650285256426, 15.18168471554028;
  -7.472817608666267, 0.5346073288446721, 15.07575515055503;
  -8.898390772117615, 0.1873133695318456, 17.97776218271224;
  -7.397101075630102, 0.7872274199837063, 15.21903169293033;
  -8.731350576595988, -0.08795001206456009, 17.79799333756943;
  -8.735755570406903, 0.1259240068632521, 17.81929394234745;
  -7.316927741980573, 1.01377808851207, 15.09779950781461;
  -8.665443847478626, -0.1239828013900523, 17.80461780898835;
  -8.569583466414228, -0.340529856323756, 17.64466074765642;
  -8.535416495991122, -0.1925879483915038, 17.65721462884205;
  -8.551934461627759, -0.04517099222708151, 17.70953252154092;
  -8.516612483717974, 0.2770123738080663, 17.7698923181842;
  -8.35480886690633, 0.3367387979937213, 17.51329332056939;
  -8.570268183668205, 0.6728682590792816, 18.00376413665064;
  -8.36531966658802, -0.07484158256120119, 17.73133334479159;
  -8.575649340204611, 0.4244740537631668, 18.17878736498046;
  -8.572633271244094, 0.5989282659993536, 18.19783994460285;
  -8.457147845389232, 0.7410592575937338, 18.02195452359005;
  -8.37109563284363, 0.4206062115764653, 18.00924436487889;
  -8.318329010696987, 0.6904799112140423, 17.91067074640875;
  -8.145738956573451, 0.2670197358689415, 17.83974418130734;
  -7.999504104845377, -3.266158853787692, 17.61776680450674;
  -8.048999864486229, 0.7923222845321747, 17.69358247520972;
  -7.884843189632901, -0.3695697490296945, 17.489905561672;
  -8.203079568524942, -0.3121836854155729, 18.28811980390578;
  -8.096904780071375, 0.3561352431273941, 18.06612840418786;
