m=[-13.93597710480706, -2.648843031724505, 17.8171392773865;
  -14.03108102177046, -0.08269184384928578, 18.0356907004562;
  -13.99054354787942, 0.136566648039963, 17.9997209427789;
  -14.24074470810672, -4.131154491757583, 18.39124231015443;
  -13.59585875440246, -2.256205961699097, 17.60640280897026;
  -13.77133424331012, -0.3311410567292776, 17.88227221474501;
  -14.26520884705047, -4.138766713082778, 18.62129691024657;
  -13.67619708675203, -0.05065406595829361, 17.86880521269162;
  -13.6522543182132, -0.4704917841558017, 17.87568568416268;
  -13.63027261790736, -2.870428773153206, 17.91384807962987;
  -13.40568463638232, -0.7142055264367212, 17.72192470846881;
  -13.85651411537917, -3.990074376347877, 18.36528222584519;
  -13.42963574477185, -2.646330161077195, 17.8203459733684;
  -13.32892278539191, -2.16404605262565, 17.72258053581547;
  -13.31900795572595, 0.2512111626732114, 17.88179232243264;
  -13.27381488531003, 0.194229044280105, 17.87313907006175;
  -13.04181636119588, -0.683615560194962, 17.67793026831916;
  -13.13432455245955, 0.1990125523065361, 17.85573219089033;
  -13.03373587685863, -0.1808308787988255, 17.8505346872495;
  -12.92715644371822, -2.65004221401851, 17.77391186539954;
  -13.08891366641595, -0.4700858113283562, 18.04837651809956;
  -12.85089460811346, -1.265506959839293, 17.80589608493032;
  -12.7629707348374, -2.865693669814009, 17.71980023157343;
  -12.78372027885857, -1.228703392613304, 17.80862359239547;
  -12.59673015565085, -1.263097337651285, 17.68001443769675;
  -12.64995852674605, -2.824378146937363, 17.85828940370861;
  -12.66919126592949, -2.709718841312172, 17.93630704099659;
  -12.71974144719858, -0.484230066364494, 18.0051882296059;
  -13.16241524619267, 0.1513140333484768, 18.60860596732346;
  -12.58216794917055, -2.553498769167848, 18.1235571758586;
  -12.56098505661466, -2.334740684305571, 18.09400069038733;
  -12.99234749918139, 0.08168219162125907, 18.72476026468391;
  -12.56962634733962, 0.02300184460439484, 18.29512763690889;
  -12.2500929944758, -2.709256239814045, 17.91127382826242;
  -12.14940431225247, 0.1430181041841925, 17.86373486246385;
  -12.04279671714405, -2.432482285249488, 17.79851880352294;
  -11.70543772850241, -0.3112733452733588, 17.35805787875866;
  -12.00775018680958, -2.739511670365415, 17.83319771511019;
  -12.0167153745619, -2.542994911701177, 17.84512136167473;
  -11.832367145438, -2.240264976910683, 17.59823072828875;
  -12.59457015456818, -4.241767388918835, 18.72978758571318;
  -11.46418790670385, 0.1519032602674999, 17.14393386953984;
  -3.684258665826154, 0.8425763745817465, 6.183588873898474;
  -12.06121377927216, -2.177655218294207, 18.05679756818039;
  -11.86258123829584, -2.122996783963609, 17.91628217344003;
  -11.78449513386996, -2.9075789791435, 17.83485262386367;
  -12.38701384487103, -0.09199831491924981, 18.70520886398935;
  -11.07126657402755, 0.5461500411034056, 16.88798979396134;
  -11.35481659250374, 0.3480457855698058, 17.32037595330844;
  -3.794754558685827, 1.039405928876575, 6.450685488097416;
  -11.61894595498671, -2.686762008437273, 17.79612823522917;
  -11.87620437947607, -4.30483672687984, 18.2444446800585;
  -11.61803416975988, 0.3912093470616809, 17.97357072164136;
  -11.37037710460122, -0.8646679570786839, 17.73376500161734;
  -11.30065874087805, -0.7763468097273928, 17.70635138127804;
  -11.11395152402002, -2.285480755247787, 17.75055489716045;
  -10.99633806252412, -2.91784435651766, 17.72231895191806;
  -10.89835087578815, -2.648498814103173, 17.82054496113008;
  -10.82776136532541, -2.877449697956386, 17.78185011220469;
  -10.84281085081294, -2.761482528988787, 17.8495118231694;
  -10.7032247768157, -2.800032340751705, 17.90648262793376;
  -10.55420423781948, -2.606252008419515, 17.68550698116763;
  -10.54343973635175, -2.279135335726886, 17.70929505724178;
  -8.278596955793908, -0.7986500772260615, 14.19829230974482;
  -10.26906213587238, -2.908443077272817, 17.59915897944803;
  -8.402235851152646, 1.12749142736806, 14.64843953743077;
  -10.23026825969185, -2.632147283995933, 17.66379306742175;
  -10.21656899202081, 0.9631824211998475, 17.60935478637574;
  -7.941891984924103, -0.9409848535560199, 13.93106680355498;
  -10.36106765164515, -2.795020068023183, 17.96552162818749;
  -10.30110826952414, -2.435616794895557, 17.9035258183808;
  -3.392317783156846, 1.152820060611903, 6.538385573635296;
  -8.188687705392349, 1.209264610271195, 14.50444879342016;
  -7.736255025495318, -0.8183387801542479, 13.78386622483824;
  -7.954001594769688, -0.9446008976402003, 14.1509453148689;
  -7.914058280193966, -0.8876457646369477, 14.08465493341489;
  -7.94901710280416, -0.6873940219861361, 14.15989101275541;
  -10.30383644162667, -0.2140902080568395, 18.12511597148957;
  -8.092522920484511, 0.6459863577661612, 14.48540047903731;
  -7.933813395645905, -0.7305357173808299, 14.27131412632159;
  -10.1989925200085, -0.1032658383832939, 18.08249842869061;
  -7.924406190888428, -0.9603521863370209, 14.28948238358051;
  -8.150610949414192, 1.110127824121407, 14.65279313698749;
  -7.974495595166863, 0.6387172645980107, 14.39358248846795;
  -7.978680824792723, -0.6188934558054875, 14.41343896523403;
  -7.913788035820049, -1.014315078208418, 14.40224698902011;
  -7.894750022616834, 0.8210541316934237, 14.3712028228448;
  -10.31633560050139, -4.241335079584696, 18.54840971944678;
  -9.852407477336945, -0.3234540632489753, 17.72981637977775;
  -7.901419565809581, 0.4026644489785116, 14.41944447024449;
  -9.937826589662869, -0.02337798980267438, 17.96876090154387;
  -7.804161820896423, 0.6513320099628436, 14.380204417741;
  -7.903443900410673, 0.9084544042917573, 14.59024961007233;
  -7.822809301714525, 0.7221348416029786, 14.48844877803636;
  -7.698019288139798, 0.9705211333992827, 14.32646580751893;
  -7.819363536161172, 0.6546457325524097, 14.55390036591158;
  -7.80930114405886, 0.5755813182032747, 14.55729631632754;
  -9.190388513201611, -0.4496459507281455, 16.98618220153384;
  -9.286371510641981, -0.8567293143789262, 17.17745358166672;
  -9.538468363593511, -0.1939733599808575, 17.62946583681254;
  -7.859727803651659, 0.9077405550041009, 14.69953963413471;
  -7.730973492234451, 0.7173770567600101, 14.51435519703407;
  -9.664388998773246, -0.8855538048821873, 18.11463796280915;
  -7.576857881463586, 1.069599229704421, 14.45453767312587;
  -9.433591695531897, 0.2287716765911917, 17.81226696419819;
  -9.065913374218473, -0.5292186032716122, 17.39099416465478;
  -8.911823394686405, -0.3279208104483942, 17.11956392761526;
  -7.69254729428634, 1.078043059534079, 14.93107850088121;
  -8.881099908724838, 0.1500797455728632, 17.14921666105504;
  -8.834552183799904, -0.02499269499905869, 17.07384687693779;
  -8.849960441191493, 0.5026769642840829, 17.11494380212845;
  -8.735563155327428, 0.3040261709840106, 17.01644281586102;
  -8.445643439584373, 0.8765054089823285, 16.4886485538782;
  -8.764547662824585, 0.4039054528105616, 17.13509500236815;
  -8.808029779261208, 0.8106093178689269, 17.24458119816092;
  -8.770750662135347, 0.7037922515489458, 17.21695204605127;
  -8.603556562107583, -0.05694477018056698, 17.01716550066388;
  -8.939298320808836, 0.4620604093224607, 17.7151013164591;
  -8.914930731402121, 0.6390114472277882, 17.69310861601095;
  -8.691530785485094, 0.7792088298873324, 17.30927432846264;
  -9.68780742426833, -3.105937055047406, 19.29419180307485;
  -8.666770171173699, 0.4460432454003631, 17.41516410260029;
  -8.616506237068682, 0.7301075490669466, 17.32880118741099;
  -8.428960193088432, -0.3492612734810702, 17.10467440299604;
  -8.422254262928801, 0.2880637316106324, 17.21568899845802;
  -8.596697555488378, -3.454520223562932, 17.627028497667;
  -8.454650319302905, 0.8510201024692508, 17.34889685625867;
  -8.344496356462647, -0.3693445324302885, 17.24949670766616;
  -2.965116670975787, 1.051299775889182, 6.750479639184683;
  -8.358766223825191, 0.03000905810260137, 17.28920003180389;
  -8.148444804861038, -0.2881249091833298, 16.97502065194735;
