m=[-28.40988979246996, 0.04708609090931905, 35.25372884878698;
  -28.13687790311782, 0.4179668022279511, 35.02188961976805;
  -28.32879299533506, -7.554582548471844, 35.52179660478431;
  -27.47331047071214, 0.897319948324427, 34.5314660737987;
  -28.53397440837983, -8.188149234680996, 35.86617966279817;
  -27.61397555027734, 1.101511920877731, 34.73963705817598;
  -27.682987958938, -0.1061875818714683, 34.95508959782323;
  -27.20983479848406, -5.33163987298571, 34.46174644160485;
  -27.23566993030666, 0.4121528461849154, 34.52766974893143;
  -28.01213407881566, -8.541096960376015, 35.71464635467649;
  -27.10740188206728, -5.152365854469002, 34.6567988127854;
  -27.39569669550641, -0.1614558899469144, 35.21470023279201;
  -27.44684185568231, 0.2679183391757236, 35.31210152573004;
  -26.49733547306248, -4.397180593252789, 34.31359284694616;
  -27.56981610120042, -0.6629348962333345, 35.79979599083671;
  -26.9347239916971, -8.157994094543673, 35.14432907983028;
  -27.83646213795795, -8.076196019407764, 36.33672888770418;
  -26.81526383746724, -0.09931870201167853, 35.03581611168716;
  -27.92711841791626, -8.137393976633573, 36.47008147943598;
  -26.46542858846303, -0.9120667125591325, 34.65271536239122;
  -26.36376053395438, -5.552001704335826, 34.64907960773485;
  -7.350189644766372, 1.087905952820505, 10.41065108914275;
  -26.93930908673024, -1.435227215170558, 35.61298212532317;
  -26.28895417374971, -5.180278427153422, 34.88391402102068;
  -26.09300270380527, -4.236385821381282, 34.69412714628782;
  -7.335830203973233, 1.107593295710959, 10.4926605666439;
  -7.346427313232418, 1.432850786705292, 10.51874606214609;
  -7.243856863392653, 0.9964156425031366, 10.42349287859965;
  -7.314069166758358, 1.150176833996263, 10.5394817851446;
  -26.14821626757611, 0.3826136720424953, 35.20846944322316;
  -26.01757325227713, -0.5476164093352273, 35.08603735914042;
  -7.194775545485176, 1.080972714981422, 10.43404871269117;
  -7.212493098034793, 1.208251989537107, 10.48359141471448;
  -25.63968896592379, -1.213906952021661, 34.74794525565071;
  -25.73251557787151, -1.348826541089188, 34.87992802655418;
  -25.80268322297845, 0.390964744631682, 35.07799731883478;
  -25.64027197629713, 0.4616707539438476, 35.04039258934501;
  -25.72153688948221, -0.3568622353349785, 35.22728945814205;
  -25.52302449007443, 0.04681097009035566, 35.05052890677304;
  -25.39114312830875, -5.205135518020416, 34.91099857027012;
  -7.217650316332371, 1.148071452391982, 10.64218504666457;
  -25.22662975452117, -0.9060095449832178, 34.78514135672829;
  -24.9419452722045, -2.456187393675873, 34.55897034534074;
  -24.85066134959905, -5.579765432341952, 34.50205785831793;
  -7.185691399072237, 1.084887466520214, 10.69910116404319;
  -25.01916468928356, -2.404709416625196, 34.85346024697168;
  -24.95430351098676, -5.505818417070721, 34.92653540875485;
  -24.80228496460365, -2.486970802689288, 34.81099863565385;
  -7.147463014696194, 1.137758200122464, 10.74457656279802;
  -24.65534874511526, -5.504842411426907, 34.80662425166792;
  -24.72950319658192, -0.9414317911846527, 35.005378193215;
  -25.82376736712115, 0.2968678865911142, 36.50882475126173;
  -24.76033337395827, -5.29580305895421, 35.05424557185957;
  -24.63054496709802, -4.287904463817934, 35.27409771376071;
  -24.2139005951443, -5.289172255989843, 34.72934136977862;
  -26.6486842191799, -0.1412978906724404, 38.26754419335891;
  -24.36239040379492, -4.94424602829896, 35.09197915712716;
  -24.72139439626175, -4.595025390888552, 35.61097519479517;
  -25.41694508840087, 0.1597949700212829, 36.63127109792347;
  -25.07165432763797, -1.841080982745156, 36.36307895558829;
  -7.130268701337167, 1.239640378282005, 11.08351860700355;
  -24.67073493198816, 0.04514632300918902, 35.90832631016115;
  -24.16943964596646, -7.963968087027119, 35.30505926742599;
  -24.00832507260093, -5.309731488549522, 35.10338123369444;
  -24.14211633412777, -4.262144421363534, 35.29237025419263;
  -25.05535101288372, 0.5392497044495397, 36.58860309267585;
  -7.165538120004643, 1.196096144703152, 11.18666952993318;
  -23.9058389807859, 0.2814103212053448, 35.14967139474008;
  -24.4365015791365, -8.567208626611929, 36.00590665787654;
  -23.29583358807482, -4.70544374816538, 34.42982073846888;
  -22.10748725015733, 0.6640058014135891, 32.73426386708487;
  -23.17091023171614, -0.6161654871985505, 34.36027000735731;
  -23.48696811787563, -4.970346600825856, 34.87873211747401;
  -23.18652942692018, -4.389989692913253, 34.48522933980456;
  -24.49606845244226, -8.250112790122104, 36.42888587451472;
  -7.147402141659188, 1.0382782098281, 11.35728241076214;
  -22.76933626287114, 0.301699208055949, 34.05003462266281;
  -23.67791283980517, -4.275053190959088, 35.44811383081065;
  -7.174658468944378, 1.19755219781688, 11.5061057563827;
  -23.05488251339316, -4.126036353081611, 34.82022776391955;
  -24.74280010562844, -0.1837647026643291, 37.36326201389957;
  -23.07049262440862, -5.69216403683025, 34.9152705518697;
  -7.181568953579194, 1.154861582110795, 11.61086318861629;
  -22.59668214592098, 0.6926294163078253, 34.46845899062328;
  -22.67820018365495, -5.229011596810959, 34.74589583887789;
  -22.77337003074911, -4.387500512875626, 34.92437605620308;
  -23.49345749746651, -8.515809887143933, 36.09108364593021;
  -22.92049240283532, 0.7717924337479161, 35.45893265226287;
  -22.28223867015042, -1.694467792300573, 34.75240800294078;
  -7.316432570251869, 1.499166343126248, 12.08357587593994;
  -31.17523123818316, 11.34666921092725, 48.3442598299891;
  -7.123958531892388, 1.046561457174487, 11.83808855804395;
  -22.0354199486912, -1.513816881867946, 34.52603050777855;
  -7.365982568437357, 1.684573058160826, 12.36292344997597;
  -21.49936062614933, -4.421143537921716, 34.33752434708084;
  -20.76720533896084, 0.521134441766609, 33.44782393101453;
  -21.11018299490582, -5.601521885423206, 34.02236217564973;
  -7.621997850379175, 2.087710715686508, 12.95659842115793;
  -21.22138773368211, -5.157185787727361, 34.70035958245905;
  -20.96202872608482, -5.570605150163753, 34.42481232072915;
  -21.14943878644051, -5.386408239547446, 34.81635554342108;
  -21.6531883973212, -8.44641163881318, 35.88414103911896;
  -6.497374600240956, 2.159755149682273, 11.50946752419508;
  -20.94898284872243, -5.480388453518659, 35.04762398955547;
  -20.23253674496632, -4.996216516071936, 33.9033300651532;
  -20.90451768476093, -7.966617296783643, 35.05437170570424;
  -20.39040229921486, -4.407715845294695, 34.24875180038778;
  -16.29425286822272, -1.57193379277142, 27.94562489601693;
  -19.92313020529699, -5.642705181496928, 34.14433871486921;
  -20.36264773934669, 1.919719268468833, 35.09721205937093;
  -19.85652641830381, -5.10888871677605, 34.28468978400733;
  -6.331179405725443, 2.21541161679169, 11.61350648609277;
  -20.40358961896043, -5.504108684750151, 35.37870255425774;
  -16.96177956259579, 2.276091910358596, 29.5711292531533;
  -20.03020222902159, -4.73598526272097, 34.81287967971653;
  -15.6515037057531, -1.185680888778217, 27.50398128529762;
  -16.55501595256987, -1.961499764957506, 29.03955803062628;
  -15.70424665752641, -1.419074729737224, 27.70608660727835;
  -16.39701022923017, 2.421428792724093, 29.04367632416144;
  -15.60075073585648, -1.749790035094403, 27.76466675342346;
  -15.79427076686532, -1.365815064474278, 28.13494420660723;
  -15.97933468420513, 1.512659255935532, 28.51062146705787;
  -20.23247568576702, -0.2048558776919859, 35.87155388913828;
  -15.75104834757466, 1.257328827242825, 28.19395700465159;
  -14.62943922463871, -1.77292955533003, 26.38016137064015;
  -16.10337707527832, 2.193308828569485, 28.94990995833496;
  -15.84643537832508, 1.269220320920016, 28.60205664974429;
  -15.75679682462997, -1.222229420296872, 28.46455877940167;
  -20.08823289968582, -8.258836294562185, 36.11793846110762;
  -15.63413663229838, -1.388347187015149, 28.33788130935026;
  -19.63423758216896, -0.6445910747557578, 35.33262584698534;
