m=[-13.24089346305397, -0.6988766296603841, 16.94368095213977;
  -13.2594837235334, 0.1481173885173614, 17.04691621187672;
  -3.700361542785637, 0.5813686855473077, 5.526335843188124;
  -3.675985240466206, 0.6181093778834457, 5.506302765578498;
  -13.13933403134538, 0.1874581439534767, 17.12102111979177;
  -13.03207757115543, -0.6257770742655781, 17.08463238529691;
  -13.00688636379605, -0.684266981781291, 17.0557267000669;
  -12.94927018819443, -0.1798549288571949, 17.16185968321051;
  -12.73052341482229, -2.595972246728894, 16.92833963632313;
  -12.93900013337202, 0.01700259520690154, 17.19271042406903;
  -12.76383679000549, -2.166632345571324, 17.01184859372289;
  -12.75164447122236, -0.7381563289703494, 17.01210550415064;
  -13.05741571690228, -0.4814425187118808, 17.41753106960377;
  -12.71316112422609, -1.251450309442101, 17.03473414317262;
  -12.69306553174801, -1.218890019635588, 17.10393686260813;
  -12.48664806718309, -2.747252674582246, 16.90312342684302;
  -3.845518227748654, 0.8756223305198991, 5.904653608367089;
  -12.51586049647614, -1.255245032932573, 16.99127374501409;
  -12.44960937129577, -1.937291953700318, 16.91426875540058;
  -12.44049641930653, -2.774952293596623, 16.98590606774622;
  -3.546308630983662, 0.7415048662587453, 5.57187213133221;
  -12.48309080336381, -2.665843320012139, 17.09564184034748;
  -12.61479912153811, -0.4812852137900617, 17.27539669226873;
  -13.05651634749914, 0.1479971935946033, 17.88064188026536;
  -12.49610345643353, -2.164213992714941, 17.31338265964133;
  -3.954004109203507, 1.086710598904846, 6.177156777738171;
  -12.46703696023394, -2.530634250781929, 17.37284924719934;
  -12.42756618366151, -2.299351069246601, 17.32348906597567;
  -12.84351950346772, 0.07654902095127779, 17.93151652281816;
  -12.32115866099293, -0.898937356076332, 17.30597941390245;
  -12.48829310292238, 0.01751973201138467, 17.59815747558253;
  -12.1162419615708, -2.130831391092831, 17.13578743883689;
  -12.18541916914137, -2.683593567941518, 17.23279891549302;
  -12.01329217856429, 0.1360894698008033, 17.09061229829506;
  -11.57925637559941, 0.2458183239413858, 16.52278055436231;
  -12.0851724120193, -2.431132628118126, 17.26624022900904;
  -11.98226993426906, -2.122356240869211, 17.1564342025778;
  -11.71350168050804, -0.3086851390589057, 16.7943540916661;
  -11.80635006765779, -2.224058160951807, 16.97524150275092;
  -11.6611096463172, -0.336727344130367, 16.77980568916042;
  -11.48658306064523, 0.1603266189084511, 16.60501330357802;
  -11.90311797169004, -2.144406565325923, 17.24245785646191;
  -11.25958523369014, 0.6497743999050871, 16.36376794496342;
  -11.6874555718313, -0.009399855463717709, 17.04264554952055;
  -11.73085430069961, -2.091360333681112, 17.13309610034627;
  -11.58242427862208, -2.854753573441298, 16.95329782517464;
  -11.74007234063775, -0.08688963463339211, 17.18205615745784;
  -11.87347924393544, -3.983961015467717, 17.47054614323139;
  -11.27560859533816, 0.5666818225893215, 16.61105233928709;
  -11.40263387737788, 0.3425790683496942, 16.8185599483444;
  -11.49408786428567, -2.210158859052532, 17.04745135217146;
  -11.44407438035039, 0.6667490039958289, 16.9921586136624;
  -11.59876666681919, 0.5786697104538312, 17.22301844086665;
  -11.2574244656173, 0.5071338178639003, 16.82416192566564;
  -11.68634296862324, 0.9579161048509035, 17.43131634428426;
  -11.42795000689434, 0.3784676008535072, 17.10924069904698;
  -11.60820867200792, 0.7321069918942471, 17.37084873046993;
  -11.42512553782988, 1.039568700469466, 17.20782384491462;
  -11.10251153882842, -2.66566467448607, 17.10348758462829;
  -11.04252142094606, -2.281542020481763, 17.05284487658494;
  -10.98515860208495, -2.913246685672946, 17.10851782361927;
  -10.85354363775264, -0.8795469914301058, 17.02752409269989;
  -10.82462342865013, -2.628294198074836, 17.11359529568229;
  -3.450815556101615, 1.090931229908684, 6.138804083530103;
  -10.85175273315834, -2.879130054848953, 17.22572183161095;
  -10.84868948738452, -2.763391604652518, 17.27025168930996;
  -10.56515180980067, -2.760908195980407, 17.09395226701712;
  -10.57518213747046, -2.605363602762871, 17.11943921890316;
  -8.152685454063217, -0.7886656049039188, 13.42206929087029;
  -10.54878469020767, -2.288320735317258, 17.12807071388805;
  -8.639173442340969, 1.144865280123802, 14.18192458865262;
  -10.37624243452256, -2.934350869402965, 17.18313967469732;
  -8.440172229712429, 1.129704381739477, 14.15589316380963;
  -7.997913923389252, -0.8518790997827213, 13.53079276224491;
  -7.969917807032719, -0.7227258555772579, 13.4923516541362;
  -10.15757840773539, -2.605073289095933, 16.94701071092849;
  -10.32215324584173, -2.403900763255537, 17.23156542433218;
  -10.20301722862298, 0.9561812463178658, 17.01110808017015;
  -10.22484597394035, -2.740440509997453, 17.14427523630887;
  -10.23948203995344, -2.418711861383871, 17.20637518329993;
  -8.003952581945145, -0.8953248090370383, 13.66855435413163;
  -8.613566339259446, 0.963366368000995, 14.61678501920411;
  -3.295742995398356, 1.097277377043073, 6.204981753891679;
  -8.214223182344494, 1.21263341129135, 13.98888094270398;
  -8.044427739112631, -0.6949231305630199, 13.75747050367596;
  -8.214125112562092, 0.6443549976821912, 14.11774585661978;
  -8.206266736652458, -1.004353825165666, 14.17440427226132;
  -8.045642609390074, 0.639040480012218, 13.9514161775347;
  -8.099280256832138, -0.6260512269283463, 14.05232688085795;
  -10.64489502710607, -0.1110817706819726, 18.26483520063913;
  -3.116490760124017, 1.095126817394169, 6.051756948884997;
  -7.949897293618427, 0.8214325740848076, 13.9041921122438;
  -10.38038013316716, -4.140673734302456, 17.89828061621964;
  -8.051649533197642, 0.1753005640119625, 14.12598887093739;
  -7.9336682791706, 0.6581965662992212, 14.04252310792388;
  -10.44444894535405, -0.3535159015623646, 18.18143726432174;
  -7.913515212895247, 0.7260206026499544, 14.08767930941668;
  -7.71239201691473, 1.195253071808922, 13.83053923681338;
  -8.00045690953421, 0.9170994412115026, 14.38383782053094;
  -9.206592705060901, -0.5017872655110253, 16.44653499462705;
  -9.502790524594797, -0.8778032873437007, 16.969471973747;
  -7.699058653000005, 1.082035081426517, 14.11552682668209;
  -9.425849182389033, -0.8639155614049194, 17.08768024605406;
  -9.444913147439944, 0.2228636720110316, 17.24312055562708;
  -9.241672200478892, -0.06008739437401722, 17.00011477530445;
  -7.715013485096842, 1.072854278962424, 14.40075986657093;
  -8.973259820642298, -0.1105970850087454, 16.62587637904121;
  -8.943346207683275, -0.3350133174587879, 16.5891609117046;
  -9.029329007666375, -0.5426837153377038, 16.78659998366495;
  -8.932970904516337, 1.01883060173247, 16.62459281069305;
  -8.914904306340548, 0.1495753679354636, 16.62562318243236;
  -8.865118972961316, -0.02945628075835901, 16.54620075451548;
  -9.030603155752436, 0.5195836248152278, 16.85793602869496;
  -8.754948168545399, 0.3005294883846293, 16.4697407433422;
  -8.887002396330919, 0.9060654411607968, 16.7179478486979;
  -8.765624073834351, 0.3985065771911688, 16.55988342268149;
  -8.789663399511548, 0.6969130878177903, 16.67019692681168;
  -3.713839142513673, 1.050335008640706, 7.6169353521057;
  -3.324751258773242, 1.071369149069136, 6.952716313997601;
  -3.783213567332301, 1.033529165245084, 7.811821849490458;
  -8.913626422420151, 0.4540065164729251, 17.07902463014488;
  -8.899569698690003, 0.6325442274411577, 17.07966248861903;
  -8.843299162372317, 0.7849009180038191, 17.0098120663209;
  -3.529364839146484, 1.041070669480693, 7.420619271865624;
  -8.63117915984081, 0.4368222803394821, 16.75893032553858;
  -8.614633583968985, 0.7209033528824561, 16.73842926879171;
  -8.38359713382799, 0.2752131776783343, 16.55116498185866;
  -3.625250533461081, 1.080990482706769, 7.720286884505073;
  -8.525919321912561, -3.420623355069051, 16.89470633339348;
  -8.199716778323193, -0.3664523774061771, 16.38885250576591;
  -8.387840118793241, 0.0408745442964842, 16.76231975274301;
