m=[-28.48592747495393, -5.408532920639032, 35.22267506208365;
  -28.16415373556251, -0.9480243616390691, 34.91644756075378;
  -28.64825601564745, -0.1865258622970402, 35.63802428208566;
  -28.62920914776396, 0.2820477916927398, 35.64923362206297;
  -27.76192883844135, -4.604551682967915, 34.76044154649682;
  -27.54171260753395, -0.6627353653694869, 34.62565468899204;
  -28.80255059656125, -8.354711299136467, 36.41292189200518;
  -27.94245591739901, -0.108410899640072, 35.32560230446059;
  -28.22942945156524, -0.9727440542993192, 35.75181779411581;
  -7.226927094270271, 1.221337039816721, 9.88601814538182;
  -28.02257350305773, -5.894694491047067, 35.61762136544478;
  -27.05732851519768, -1.428131312518973, 34.62385246569327;
  -27.39293880308312, -5.37868281869902, 35.15697012626562;
  -26.06407750881893, -0.1845970384087924, 33.49861321229465;
  -27.20429488263753, -4.403994254003154, 34.98220497536405;
  -27.46857202321647, 0.3068425015039487, 35.31468158964574;
  -7.333198234650157, 1.350353947186242, 10.19658524985203;
  -27.00307380879995, 0.3852513441823252, 35.1859687771726;
  -26.36861216630758, -1.387201375959038, 34.57674880749448;
  -26.84265126670906, 0.4015788923775294, 35.30976889755279;
  -7.21236589340328, 1.212390583450229, 10.21022739962671;
  -26.2310337815725, -5.202612330958302, 34.71190028860521;
  -26.343857197342, 0.4584247642218358, 34.83460040641042;
  -26.51898090352409, -0.3683272767076053, 35.14599839170379;
  -26.36015503459652, -5.375288089852568, 35.05226319070497;
  -26.34699386792567, -4.472342451723917, 35.11570054952922;
  -26.60009956194527, -1.539803896446709, 35.48747780648765;
  -27.00598340746456, -0.99574287545664, 36.02378642627068;
  -26.50753677453478, -2.609332547184152, 35.5182190591531;
  -26.1663401362124, -5.859620716579268, 35.1244093445918;
  -7.288216145894295, 1.067223945346434, 10.51638489911567;
  -26.1574593008095, -2.511849166856862, 35.24724041235413;
  -7.31638166328061, 1.183848403111958, 10.58035409839897;
  -25.59835238338933, -2.56731885830415, 34.75179456418216;
  -25.40683479327251, -3.953574376998882, 34.51819403332378;
  -7.522356252859113, 2.190183207040692, 10.90141244704342;
  -7.300209471677809, 1.225543663529201, 10.64431357820791;
  -25.84075564212372, -5.763987361959166, 35.2822454396208;
  -25.83958705102182, -5.518207919570405, 35.38741586400325;
  -26.26627438291508, -1.002122139247218, 35.97047445790063;
  -26.95228745056398, 0.305507441454898, 36.9106266121141;
  -25.85669991843966, -5.24854868358118, 36.03138028273678;
  -25.58857383197463, -4.734403641993831, 35.66936377091332;
  -26.6136061760103, 0.1586205008842332, 37.15666245128955;
  -7.281928027628878, 1.144073322761248, 10.87525621518246;
  -7.211319754174969, 1.21256862456999, 10.8019231058851;
  -25.6924848321735, 0.03604379279510275, 36.20513950860101;
  -25.03305976610364, -5.513028090517877, 35.40212110891056;
  -25.67898315600404, 0.321542886600112, 36.25400028812281;
  -25.3901686867609, 0.9179339266801297, 35.93423980674032;
  -26.8045443075026, 0.563697579286579, 37.91762248971026;
  -7.512743256317031, 1.545973110261622, 11.3325605512986;
  -24.81033686806277, 0.2810574769819259, 35.29622372448049;
  -24.01908214385953, 0.5099058457377298, 34.27353281653628;
  -23.62420078035151, 0.6755983428582394, 33.75849014101427;
  -24.97167105846794, -5.023465302695723, 35.67734548714284;
  -24.78185744916308, -4.389479631663035, 35.48311873097232;
  -23.85953130290828, -0.6287686585109296, 34.20884959012989;
  -7.373697340545331, 1.166575061869325, 11.24513885309102;
  -24.58098053790323, -5.190341044757494, 35.30279610104849;
  -24.26918586615571, -4.571783876978326, 34.89438215809846;
  -25.65371595489213, -8.626505594894946, 36.94083677772635;
  -23.42746431597384, 0.3269942091175272, 33.86676042666363;
  -7.596058352572955, 1.729618200597906, 11.66347178833823;
  -24.58752048845919, -4.429565470655532, 35.61665832645341;
  -7.474016940277882, 1.486455287071892, 11.50742466647205;
  -23.07799039472375, 1.331797490628566, 33.5396794479958;
  -24.01340940003074, -0.01931323513181072, 35.01634913818316;
  -24.50989097251817, -4.369589157689588, 35.7970789404587;
  -7.315154977319393, 1.889274022126877, 11.36978707799553;
  -23.99302758400927, -5.913630824208988, 35.11880868585573;
  -24.97131349055569, -0.1848155822685854, 36.54649633078029;
  -7.700882397338632, 2.293104728161102, 11.9547178003733;
  -23.13783711875255, 1.162845588188522, 34.08630409150626;
  -22.94788065157986, 0.6894427777616241, 33.84746985446494;
  -7.1575286316754, 1.496582182499293, 11.24573139619338;
  -7.784248956997899, 2.139407449373551, 12.16097021558407;
  -23.51101978206021, -5.411195629106914, 34.83182325540778;
  -23.64559834417578, 1.377628161167361, 35.10897816856777;
  -23.84978709509036, 1.18988076828743, 35.41456904418713;
  -23.81412064147029, -8.596596164389013, 35.40277227316901;
  -24.21713332963445, 1.985050592136725, 36.12220804694556;
  -23.37915215772516, 1.053203486141984, 34.94002049826543;
  -23.71910151069539, 1.547767961264161, 35.50437004218731;
  -23.70909801144946, 0.7851911705406972, 35.49583822036887;
  -24.95059200054578, 1.573584983835461, 37.33676501028859;
  -23.42469526986795, 2.131405903590208, 35.28084032775153;
  -23.33168336059951, -1.775856226638398, 35.19092444909474;
  -23.33052510476847, -1.60404161020803, 35.34451721080111;
  -23.4806584050611, -1.639521662185686, 36.07792955413876;
  -22.85894965990367, -5.488334273840404, 35.21435310726658;
  -22.77899466687702, -4.706464360415731, 35.17735195532267;
  -22.87492938539786, -6.066395090951612, 35.62589774806103;
  -24.148781444539, 0.6716969639613946, 37.59062967778257;
  -21.88138684315223, -1.773218831430239, 34.32849713318233;
  -22.37933428251371, 0.4078334764546255, 35.31567380435744;
  -6.285976449520478, 2.137639644632386, 10.61182838405391;
  -22.37243131604856, -5.432182635486927, 35.37053624516242;
  -22.37624730818961, -5.936748442755148, 35.51933233683489;
  -22.15580932996864, -5.643555156400542, 35.27028807985257;
  -21.85039529297845, -5.709992296924136, 35.35298128013138;
  -22.11554483846613, -5.448514723283261, 35.80134325191012;
  -21.69207011313361, -4.705604985749521, 35.22143277540491;
  -6.33598134482921, 2.221870890269465, 10.9596120809855;
  -17.31977980987133, 2.295221261160126, 28.43186478371076;
  -16.9964856971027, -1.644187519446811, 27.98194656388975;
  -6.346528194101008, 2.215244207968921, 11.09870022617261;
  -21.18903796522467, -5.992156830126183, 35.0892147351483;
  -16.99728196425896, 2.27506067294304, 28.50791441366074;
  -21.19220739710314, -5.435080214112074, 35.35730184208298;
  -20.79323133857373, 1.948648856586952, 34.66777500327686;
  -15.30879161408043, -1.83738579054085, 25.81867669876334;
  -16.19653140024875, -1.22544103041775, 27.30274833687809;
  -21.25140667101478, -5.695754819594192, 35.63280718899691;
  -16.18088215109278, -1.72346882607133, 27.37465859146985;
  -21.22881103978935, -5.014548281316078, 35.67278950446364;
  -17.95533911838248, 2.008177466964222, 30.46929941714093;
  -16.74641080011962, 2.472206659673359, 28.51925759748132;
  -16.35564943162578, -1.829548408005231, 27.93096048039922;
  -21.53256169728375, -8.638708557190611, 36.50553274342349;
  -16.28949789268154, -1.407178886801793, 27.85807692555375;
  -16.25429410859148, -1.05650399642553, 27.94797097746792;
  -16.92219667663267, 1.327457501672769, 29.08444523824874;
  -20.79481328039218, -0.2169983521965216, 35.68037417252783;
  -20.72152382304843, -5.802206064784643, 35.59399007413203;
  -17.42160538642417, -2.132206589414316, 30.09174399804058;
  -16.87960444179611, 2.292266438302144, 29.16896120982514;
  -6.638156938218073, 2.144821696185034, 12.07480872241615;
  -16.3770374222108, 1.300777372742514, 28.39833633247148;
  -16.47038482626964, -1.273113696710277, 28.57627148252176;
  -21.08438992548038, -8.410441472107314, 36.3545768716373;
  -16.16436508436205, 1.670202208820059, 28.27111209170339;
