m=[-6.429927731770799, -0.2073921263093455, 9.082300979830213;
  -3.510253861163676, 0.7904296589360139, 5.563562303892336;
  -3.53322421659901, 0.7749853280119423, 5.602372755153507;
  -6.384873208439194, 0.4609135259819286, 9.421059800590102;
  -3.435224231755578, 0.7639170622890731, 5.654228173783924;
  -3.253768419149616, 0.9635628585877286, 5.41320008596107;
  -3.195535595990793, 0.9551847637964362, 5.395951918779781;
  -3.161915627437343, 0.9663084223523957, 5.393910097924409;
  -3.626407171258654, 0.6600090120967458, 6.05215301106878;
  -3.226264322728676, 0.8461037736981527, 5.527253573206088;
  -3.125325156301955, 0.9573052017623434, 5.421679234470013;
  -3.238610038107172, 0.8031396901968091, 5.629714918776779;
  -3.543602544803876, 0.6584373950860621, 6.069955627548734;
  -11.6571177213364, -2.594475214112844, 17.65266949848576;
  -11.34487734076328, -3.067413160344076, 17.23503871673702;
  -3.088557671034653, 0.9079443411836307, 5.442602252971548;
  -11.19566875769576, -2.324910729361627, 17.27890478850219;
  -11.42081759671025, -3.222260404125102, 17.62563958100855;
  -2.99679394579386, 0.9426513380772948, 5.425113533671966;
  -10.66675298479728, -2.475028041135502, 16.86543432483417;
  -10.38424743518625, -0.6574004635644301, 16.59159953893935;
  -2.957531423249796, 0.9133552087964216, 5.470724258236387;
  -10.69902531678145, -2.60097230728914, 17.17480832571971;
  -10.72567991967514, -0.1771952942657537, 17.48648540390338;
  -11.06897557469936, -0.1013417845171318, 18.02584598074368;
  -6.363649876074321, -0.9240797607552013, 10.84509271153035;
  -2.861340658565236, 0.9552602047305868, 5.455104283421647;
  -2.808270202540283, 0.9247484887863363, 5.43862755638915;
  -2.80683044822794, 0.9482253556778663, 5.470089891457484;
  -2.784671950906313, 0.8956262922387727, 5.468130848142691;
  -2.864856080826535, 0.8088988556594913, 5.603572583577742;
  -6.235557352730884, -0.9713938466738045, 11.03176877909784;
  -10.16835848033008, -0.3318263925137428, 17.34945377121982;
  -10.06967211027402, -0.4196693690080547, 17.2098516917631;
  -10.81262427882652, -0.2407333338850795, 18.53808752948644;
  -6.614206188883163, -0.7440555387402799, 11.86851139450567;
  -2.699155977948045, 0.9321574600276723, 5.481941119004075;
  -9.304760195660903, -0.6636437806644746, 16.5914371857592;
  -9.160319168593134, -0.5638343489697062, 16.45513698273363;
  -2.843879876442968, 0.797040039806473, 5.855803897189331;
  -8.491289674843896, 0.07858057655752208, 15.4523863341812;
  -2.654910174107761, 0.9922629416419679, 5.547351978997232;
  -9.269571028196637, -0.1898825435219863, 16.82084987386925;
  -9.149996890975386, -0.5015066048367238, 16.65798383595834;
  -8.907071168127626, -0.7406885647070599, 16.25121342257946;
  -2.476448400070122, 1.000450446840776, 5.265857005624091;
  -9.081897688853841, -0.7334947603303401, 16.74777480517594;
  -9.148735541511096, -0.2207710153373234, 16.94189635459475;
  -9.211465868350057, -2.455683009936482, 17.09577001610001;
  -8.942331692156683, 0.04679257930406557, 16.66220291741393;
  -2.794124960181346, 0.786683562134918, 5.939851811969468;
  -8.902864660234327, -0.6647347975025029, 16.67836730680648;
  -8.892976315179203, -0.596974695446884, 16.70614529911046;
  -9.096311659142035, -0.3531913612602133, 17.12760784736235;
  -9.188017582168337, -0.8987298899572019, 17.39171142414788;
  -8.740032471371368, -0.5139318797460264, 16.75116669048321;
  -9.30885797707281, 0.02852888185975698, 17.85080313702847;
  -8.907878633107181, -0.4372490688410319, 17.20952654061875;
  -3.258479635076899, 0.7437449226951675, 6.956478170424208;
  -2.594025295076069, 0.9500016524250042, 5.7654733379574;
  -8.755188768762364, 0.02381280181307918, 17.02910938325805;
  -8.412631445589458, -0.495576245488782, 16.42520578497179;
  -9.022561002925594, -1.056359378618511, 17.57597491471221;
  -8.388838838111644, -0.5182702660173536, 16.53884900452736;
  -3.178633453413547, 0.7037791886633181, 6.925742652476894;
  -8.66553020046881, -0.2274087037433344, 17.29120371213763;
  -3.138248521481577, 0.7343976775489706, 6.923965792665957;
  -8.59771116995044, -0.6228957225533163, 17.17781679933016;
  -3.12608487581987, 0.7081700176737968, 6.927902368469109;
  -8.466428061557458, -2.751825464420949, 17.00234309533397;
  -8.530320189344849, -0.3989568345516535, 17.17710030662276;
  -3.08998618711553, 0.6615146832494393, 6.898683918469552;
  -8.778044031365006, -3.828829006911244, 17.78790537912511;
  -8.745715909308215, -4.031847380495845, 17.8504996513114;
  -2.584294534661561, 0.9615313358311572, 6.031737839656485;
  -8.568864355631453, -3.868721848842098, 17.93745267008531;
  -2.967688143680263, 0.608683377376774, 6.928557607338034;
  -8.078932594534599, -2.379638133345996, 17.66234749100931;
  -7.973789227816859, -2.629418833033358, 17.46622483734376;
  -7.817966976291181, -2.548397800231266, 17.36450935101683;
  -7.749316544218917, -2.528775719406442, 17.48269790539749;
  -7.622762027387013, -0.9380901661876733, 17.32973872984083;
  -7.219700630940316, -0.8161946295746911, 16.56208082530753;
  -7.543418141958447, 0.1039349477485915, 17.42585623909337;
  -6.928047102711367, -0.2945854941870812, 16.20359619119672;
  -6.99468801557632, -0.4775569447084839, 16.36068024486324;
  -7.017114947011158, -0.7222412365903542, 16.45645705248673;
  -7.508747825219717, -3.515155193805806, 17.5915100837941;
  -7.125790446157175, -0.1894632097731592, 16.80746924277324;
  -7.495504024767588, -2.003372176424596, 17.62906370463917;
  -7.153109185435149, -0.6540175200025074, 16.90408794773908;
  -7.136678203599115, -0.05953198745763635, 16.96821488482598;
  -6.699047667753709, -0.6695302736617784, 16.02718532050392;
  -6.699744257145231, -0.4316822570421861, 16.07722042605235;
  -6.700297623613212, -0.7607748419735683, 16.10361070233088;
  -6.25975787467644, -0.8991047816391454, 15.19886218094568;
  -7.325087601807816, -2.017153402776847, 17.61010023677051;
  -7.080821780919623, 0.04487348575736126, 17.06888370967013;
  -6.238199914944168, -0.7741525372356105, 15.17648862203191;
  -7.262607389989824, -2.542657768146317, 17.52419206210515;
  -6.123098311093617, -0.4892611947067007, 14.99717208575635;
  -6.56271510016026, -0.2761457563740545, 16.05939168058545;
  -7.16672396986294, -2.007023270604864, 17.53909153992344;
  -6.170329249387338, -0.8262014182446047, 15.31383640632532;
  -6.268179304873915, -0.5745849343642108, 15.59273702800881;
  -6.215820284300732, -0.7694096968392644, 15.51623006557498;
  -6.407539347308371, -0.1174925800730719, 16.02878084084794;
  -6.188003194766109, -0.3921920721228691, 15.59024104071918;
  -6.243980208782597, -1.066058038070197, 15.74719605575687;
  -6.190523369377909, -0.5563257003923602, 15.63934909155835;
  -6.31822898355512, -0.0357179556376282, 15.95300250012424;
  -6.202332753177774, -0.3213330774245409, 15.69652128778501;
  -6.273096856826138, -0.143323400953857, 15.87168688095076;
  -6.16518686480627, -1.008838817625574, 15.73666392538555;
  -6.16219025392362, -0.04133540647000906, 15.75768269205981;
  -6.239866920941003, 0.01833994503570319, 16.10040617359621;
  -6.146214074723655, -0.4707446272784609, 15.9058166463898;
  -6.148762666266985, -0.1663050735420026, 15.94939553888104;
  -6.319916559568218, -0.956948024401673, 16.37736000304058;
  -6.118888766191991, 0.1266710400189064, 16.1608197394177;
  -6.261437610609149, -0.9263331977950914, 16.51884833736204;
  -5.974502691600219, -0.1408203361714554, 15.82803766445173;
  -5.94817347162845, -0.3145663090379776, 15.7818971136292;
  -2.605019869167938, 0.4289772196358976, 7.49910423757669;
  -6.23769349255577, -0.9416075424116902, 16.56621158168954;
  -5.920619058380328, -0.2435256938134264, 15.81932242363958;
  -6.261150071083004, 0.08382831891865009, 16.71314066528685;
  -2.880262823458068, 0.9124214165706733, 8.287914773307817;
  -6.339669695292596, -0.7807968103472903, 17.03153444652819;
  -5.93666309034635, -0.1746455959326891, 16.084844362711;
