m=[-6.310947851875793, 1.031078250289138, 8.624924374807586;
  -8.412401666936482, -1.276677088664506, 11.1739687543495;
  -9.491616361125141, -1.25600864914367, 12.51693912443845;
  -8.850419398868667, -0.3816505677060444, 11.76155983924267;
  -12.84502452999179, -3.608630898539037, 16.68628131995301;
  -9.29244121802291, -1.120137626648418, 12.36551097095588;
  -8.86280821739383, -0.534161053024345, 11.86140917803174;
  -6.280427308040788, 1.068332546116542, 8.744396693576318;
  -8.954743610558083, -1.047347169925325, 12.23939208266648;
  -11.6184759010878, -3.192946285444576, 15.60250475930239;
  -9.22627496469134, -1.287510732112024, 12.66294952917714;
  -6.264034578543702, 1.03364268283386, 9.0590020938976;
  -8.498490408235602, -1.045605249284654, 12.00046787423252;
  -12.76622649972138, -0.4117643260035178, 18.03235063968943;
  -12.82038565061056, -0.4382412192787649, 18.39001889500984;
  -12.96520228917233, -2.073370395389406, 18.6435930489917;
  -12.73132045111935, -0.3899245632495588, 18.45001026785841;
  -6.415740835513548, 1.352435946097534, 9.781890518480287;
  -6.811722088874451, 1.763215196145264, 10.35198884109869;
  -11.45495239350747, -3.30488828860571, 16.97122600473577;
  -12.79601684270112, 0.923723470921558, 18.88088235254319;
  -6.634608439519113, 1.870955279917695, 10.45080138374112;
  -7.236780594301645, 1.328499419846724, 11.4078961915932;
  -6.885523138149369, 1.550463847044726, 10.91318135073196;
  -6.572683144919166, 1.762552891335592, 10.53975717792492;
  -29.90552515403983, -2.017321470705723, 44.66947528940185;
  -13.29084735431103, 0.3666740542338217, 20.4920920760101;
  -6.522110346471377, 1.886997857603499, 10.5551046561711;
  -24.99476916771661, -5.562979686601148, 37.85021390845663;
  -7.339288430899643, 1.124077510463729, 11.81439968825022;
  -6.553052724878906, 1.840041309835533, 10.69069657370645;
  -6.158139642366485, 1.958377651689073, 10.11493886297842;
  -24.38744502870164, -5.214424466551208, 37.17234346091517;
  -24.33062818125661, -5.164788537672128, 37.14268703769514;
  -6.725874674255773, 1.555775085795208, 10.97895601358589;
  -24.33831029021288, -1.580073407141981, 37.20592811701005;
  -6.742780847183499, 1.436475718592116, 11.01696471474942;
  -25.07165893770381, -6.269833717394918, 38.59754802597895;
  -6.675276911969013, 1.316946944840465, 10.99198650635379;
  -6.721231924287523, 1.494651702529846, 11.06285247918758;
  -23.34733467792839, -4.848345379761329, 36.03325372483148;
  -24.30380448688883, -6.85705609117318, 37.50783117809291;
  -22.67046880936084, -0.8437925120696701, 35.16865134674451;
  -12.69304493825161, 0.7374742763003054, 20.13114333499319;
  -6.332696044680398, 1.875348800937165, 10.53552261792144;
  -7.31699579051341, 1.16897060126489, 12.03158356501695;
  -12.93061702016219, 0.4415708319395336, 20.52616879875053;
  -23.63464016117264, -1.08318091922908, 36.83168971426814;
  -22.13111224289467, -1.314475036858994, 34.68361082991105;
  -24.75570547489876, -2.080821802878928, 38.71875053180617;
  -7.108070282606049, 1.240945674226473, 11.82097139722363;
  -7.080723964625146, 1.288697437469486, 11.81710239343568;
  -6.222598899701706, 1.860011094124161, 10.50742307948903;
  -22.08303433786794, -1.400047930656133, 34.90138793585269;
  -21.59975953125906, -1.530055406180803, 34.16959218149805;
  -22.4649989265686, -5.212598657396669, 35.51989668679043;
  -6.199051586626232, 1.838559969386832, 10.54391274407907;
  -6.146540293741864, 1.878435212702027, 10.48537964454919;
  -12.92881291472462, 0.4868172088418207, 21.00583269945025;
  -22.16772901740005, -0.9121476787330158, 35.31894936180174;
  -21.93439999370511, -1.388611434181484, 35.04604287349031;
  -21.85745721692113, -1.193645702442575, 34.96384200750687;
  -6.301185852742277, 1.652517151561057, 10.79522585134895;
  -22.78349242568767, -5.538750597177974, 36.57362271943728;
  -6.303294464687421, 1.580311396239697, 10.8452934628499;
  -4.949896165107268, 1.936687775909269, 8.74581369595523;
  -6.103985545523129, 1.644132290177075, 10.56513099063297;
  -6.907180591818402, 1.28342440743947, 11.83154125602536;
  -21.96967014293691, -5.284734079766216, 35.52965216121808;
  -6.07387422961402, 1.860462865163068, 10.53669494742942;
  -12.84622133612987, 0.4492453393683676, 21.23474576970635;
  -6.281330065818778, 1.557700811065866, 10.91891186812004;
  -23.86960868993453, -0.2185377250170059, 38.87169927891607;
  -23.14826129065723, -0.3824245177794563, 37.73949401960891;
  -5.971592598052123, 1.755471091928543, 10.5230359247587;
  -22.43803395879593, -0.06909652340264971, 36.93805143774883;
  -6.210898355589454, 1.502655158950715, 10.94367244678215;
  -13.39203362821836, -1.928969784926508, 22.53515280562213;
  -22.01104286229723, -5.193147637375034, 36.43414901379234;
  -10.98375114297271, -3.047410717374854, 18.74789082137906;
  -13.02425869312579, -1.590752389002273, 22.06506503473289;
  -13.24929145278358, -1.923959098047838, 22.57977685223712;
  -8.654430793461668, 0.7741160030023579, 15.09069009748587;
  -11.95268180420053, -1.161461884613565, 20.48464910245087;
  -4.818960112870053, 1.96698024012955, 8.8713462572541;
  -12.68718444042122, -1.47485481106431, 21.83011544764099;
  -11.96324620510307, -1.628358233836402, 20.95917670876395;
  -10.54542533762977, -2.660734878290791, 18.60334834139252;
  -5.955230319549721, 1.546114668307343, 10.9503899353347;
  -10.4101411836977, -3.012128113827102, 18.43124029017713;
  -10.67158839979058, -1.0346204468853, 18.90563852381734;
  -5.725726473832302, 1.53448844764025, 10.61601610767162;
  -10.5765653811201, -0.9572168934266608, 18.80879978467563;
  -5.651005604812737, 1.802005395084711, 10.53049319620947;
  -5.483362597693855, 1.830623718991777, 10.45395091447544;
  -19.7973280783557, -1.412005616125579, 35.30086948517808;
  -5.747985950435836, 1.55572847210377, 10.94623696556856;
  -19.40004105603926, -1.194107903611116, 34.84925876188773;
  -6.392151046632456, 1.311043470012786, 12.15671986579611;
  -19.79089145414402, -0.01123499553425545, 35.73877720422541;
  -5.434453214828565, 1.78953663121406, 10.52461653488284;
  -16.5411699893196, 0.1530762374704419, 30.10149916938611;
  -19.60738716668258, -0.4016475558259309, 35.58017031708988;
  -6.025577600813856, 1.198958310132102, 11.62128818367914;
  -4.788381294194124, 1.946018773300152, 9.44108504255828;
  -19.56771475783945, -1.072496341752464, 35.62391113643165;
  -19.55493323833367, -1.314595889057907, 35.69798244171992;
  -5.49694983666303, 1.633128960543644, 10.75651494670353;
  -5.557712171781672, 1.569233109448903, 10.87071834485558;
  -5.455258770970318, 1.754559701244884, 10.71223802876857;
  -19.18271128656607, -1.00126660364816, 35.29012704773199;
  -19.1914849417298, -1.549990335719579, 35.3906946535509;
  -19.15994871306975, -0.4623547496812644, 35.48095403821931;
  -19.48168242055699, -5.193618172056387, 36.15649962216023;
  -19.0753717971007, 0.09981578388031132, 35.54304699826578;
  -5.959735141774428, 1.26679199543148, 11.78354132776786;
  -18.86651931494527, -1.408673766817333, 35.34398768759159;
  -5.784996759271869, 1.401451982088726, 11.52313388012689;
  -5.576207791537358, 1.423719030300122, 11.1453561321169;
  -18.86786655143958, -1.266576957936171, 35.44474975768829;
  -19.39990209443249, -0.753258912601258, 36.5284224861314;
  -19.03270420030758, -0.4325190147419097, 35.94041229902048;
  -19.40697591147807, -1.898301692323122, 36.7348583793374;
  -5.24320597666159, 1.810748843541214, 10.64886456125447;
  -18.56227213440378, -0.3162851828519162, 35.42591665083361;
  -5.069300462522089, 1.878242180625632, 10.37937736510279;
  -4.822351672641976, 1.957081188768893, 9.953111333045051;
  -18.50569027212824, -1.088172637653866, 35.46804928772009;
  -5.659354748408285, 1.232862475065612, 11.53458528547;
  -5.88175443184908, 1.35177403880195, 11.95020892055382;
  -19.32057387444447, -0.8221574281244737, 37.12356899330882;
  -5.088577297283249, 1.651755123680007, 10.50221605088932;
