m=[-13.8369658683484, -0.1752167089783457, 17.72771160484409;
  -13.69819584255628, -0.7754072125494244, 17.66760148751564;
  -13.9250380210697, -0.4896340353497344, 17.96898198000614;
  -13.47922605397736, -1.312330165594496, 17.4576754722892;
  -13.50319536301426, -1.27806210397792, 17.58442300978722;
  -13.45376477575205, -1.330277278587874, 17.64343877169297;
  -13.31427435457023, -2.681522665373335, 17.49210368965552;
  -13.4148057037605, -1.40813628489068, 17.70032821107155;
  -13.31542860441599, -2.82205884644398, 17.61608925844304;
  -13.6231290373372, 0.6589464374296868, 17.99841334774386;
  -13.788304361207, -0.5113911613694739, 18.26264848820491;
  -13.93993674322792, 0.172939425083764, 18.48169320870061;
  -13.1962305334731, -2.653937109077481, 17.77399823126741;
  -12.97073291988668, -2.836190189113818, 17.7195270204749;
  -13.45403698386116, 0.03500173393864908, 18.34384447440831;
  -12.72268321730205, -0.7499818862751744, 17.42267086330485;
  -13.05799873147177, 1.177319709859546, 17.85932935902685;
  -12.66881472625198, 0.15256276017151, 17.42440710219299;
  -13.61121689348989, 0.8332143530043457, 18.7079908881145;
  -12.82886300997196, -2.564214744550208, 17.7104587462302;
  -12.81689841903815, -2.258658429227253, 17.73128012922368;
  -12.66354588228537, -2.865053700982787, 17.56653378187884;
  -12.59748382315898, -2.35083567797413, 17.49142780726848;
  -12.4280399372796, 0.1937396239994463, 17.35206833365805;
  -12.02898355489679, 0.7007467690976821, 16.87827603860908;
  -12.65325425866644, -2.254350118376204, 17.71156592198161;
  -12.01587064913911, 0.3925874389309725, 16.93926138426291;
  -12.56327058507462, 0.2621841539057611, 17.68253246981981;
  -12.49200996441029, 0.00774392887166194, 17.60817753697484;
  -12.37372675957307, -2.175055942959689, 17.46669433079431;
  -12.43142779734131, -3.044042371864605, 17.57069242452453;
  -11.99665302483765, 0.6171236344142567, 17.07352677455448;
  -12.31820913937361, 0.3901353422960603, 17.54916661227901;
  -12.28127445901297, -2.80852388267988, 17.5662937009067;
  -12.44326754169484, 1.025178972318671, 17.95932595963427;
  -12.36353230448696, 0.8795827614006694, 17.85771812303954;
  -12.27060896247071, 0.4179517042154095, 17.76534971917859;
  -12.15583054121022, 0.7635195033185184, 17.61298940767515;
  -12.58281688268295, 0.8316883270893789, 18.21669130624472;
  -12.4558146577293, -3.098156709001986, 18.05545018770739;
  -12.24608916770172, 1.12436741001534, 17.83794668894441;
  -12.09839392855156, -0.8180983303568084, 17.71371182213317;
  -12.16112135753849, -0.8719097663579476, 17.82079877811318;
  -11.92702388316548, -2.097051548134584, 17.58869115435951;
  -11.77868743101558, -0.8080403686141605, 17.50096097713904;
  -11.80099325096703, -2.806061381826392, 17.55518363109252;
  -11.79362934006043, -2.415929988309516, 17.58912293742875;
  -11.44224571009418, -3.013848118696379, 17.21221944876295;
  -11.43934288948459, 0.2874828426900443, 17.24068085552075;
  -11.73975773819849, -0.9377334399460066, 17.78320946933066;
  -11.57084493106518, -2.791138992539735, 17.66664184766777;
  -11.4098960318247, 0.2748006205995286, 17.48246873471632;
  -11.58016926196527, -3.052407140706459, 17.75267560910339;
  -3.385804265172602, 1.099644397539831, 5.89312174913089;
  -11.52539040173765, -2.911219272964092, 17.71615548837084;
  -8.715366024229335, -0.6461154587398031, 13.69852015603764;
  -8.321107696190696, -0.7741733625006568, 13.14283156631069;
  -9.184641767657675, 1.223744935397388, 14.48136320465281;
  -3.301471831758229, 1.164257507839354, 5.842213925894975;
  -11.25221766825339, -2.919053167197752, 17.57947931021554;
  -11.32300065060244, -2.766853391400205, 17.70694070699055;
  -11.23533008020989, -2.418348049265928, 17.61656921840267;
  -8.474684946948281, -0.6334526292830697, 13.68753709565503;
  -8.978813951534795, 1.205594611213301, 14.46373607191288;
  -8.459056323948868, -0.8902893634712267, 13.71137263773234;
  -8.423853016489275, -0.9318628384590457, 13.79254562698546;
  -10.91826703885027, -2.781585461268787, 17.58923066850096;
  -8.590737357995563, 1.275283788263083, 14.0543067249173;
  -8.447738664620154, -0.7209231573196179, 13.85152016202562;
  -10.96357449358335, -2.91061076743941, 17.75279648375019;
  -10.88395153475427, -2.554922626442393, 17.66556576832898;
  -8.651797886207451, 0.6813463543620856, 14.28731721065355;
  -8.520135414289063, -0.7688809319777855, 14.11528291956293;
  -10.94525411182153, -2.56635217635395, 17.86872987447045;
  -8.385738827165314, -1.003621903087423, 13.92504326780298;
  -8.525040684214522, 0.6810900412579799, 14.19186428102013;
  -8.532354926026546, -0.6546687367997441, 14.20598067517115;
  -11.01567121310237, -0.2266177748814329, 18.12954051707197;
  -8.378286189592801, -1.051579622803452, 14.04943669369391;
  -7.796370275127971, 1.226930933390612, 13.14983600834841;
  -8.472432716915915, 0.877897219835363, 14.22428870010695;
  -8.381371549087811, 0.5857202979674587, 14.10530350047563;
  -8.427384236388701, 0.4321409936680261, 14.18489445333303;
  -8.484798081461898, 0.1885524777668929, 14.29514054791056;
  -8.467337976297996, 0.2388354095271858, 14.37142534389451;
  -8.37512075780133, 0.6978338595126673, 14.23217587746081;
  -8.32244877462958, 0.9566365898700792, 14.18753622676691;
  -8.408796769063031, 0.1868556243568608, 14.36678466758321;
  -8.361566718541239, 0.7702931308664921, 14.29021906077487;
  -10.56932797603175, -0.0329123339726324, 17.86861564919557;
  -8.06343906217057, 1.25460576201291, 13.87563151891215;
  -8.32260339158103, 0.696551765680864, 14.29838752028815;
  -8.303664136730873, 0.6076950204956417, 14.28500286928088;
  -8.26534737280787, 0.766779311173953, 14.32114545383586;
  -10.2432433522225, -0.7566391827154532, 17.53151561718381;
  -10.56031173043431, -0.06577615786693661, 18.08913378929546;
  -10.08760432388127, -0.5158543350572232, 17.36808998678255;
  -10.24118372078029, -0.9375354583647499, 17.65846564820583;
  -10.14772623993857, -0.214369331950221, 17.51416851847313;
  -8.129776254023044, 1.145017292058846, 14.31236617166427;
  -3.455770529481658, 1.114972635469566, 6.676696972500986;
  -3.885760096596841, 1.101262888893026, 7.407170221227554;
  -3.747201731335472, 1.085240185735423, 7.217223240155802;
  -3.413626945302439, 1.206750815281124, 6.665084927684051;
  -9.791554644768144, 0.2313241259367979, 17.27875186599556;
  -8.019491056577907, 1.116222387287038, 14.39387888415506;
  -3.973154450244639, 1.083757309193759, 7.641257422184412;
  -10.01365142451463, 0.910438941810413, 17.85717952494202;
  -9.448105600323006, -0.3444546551212506, 16.91802694336067;
  -9.619025334108658, 1.097039435439877, 17.28221504887716;
  -9.466489557059372, 0.1593914542402563, 17.04560315519999;
  -9.41538297347782, -0.02681158630246346, 16.96122313508421;
  -10.1689856660702, -0.6143495298180016, 18.26050421555331;
  -9.588676116560647, 0.5358331930206686, 17.29086605198619;
  -9.440338407523521, 0.3270179586851683, 17.14115361566026;
  -9.451029023581906, 0.8475075265135259, 17.25834294489622;
  -9.543986156392368, 0.7571766997835154, 17.4774042331846;
  -9.317877136328235, -0.06013089907774284, 17.17424890354901;
  -9.55642893961009, 0.4877041728163431, 17.69375350867297;
  -9.526794480918118, 0.6780023957862393, 17.66714673780481;
  -9.234645413630132, 0.440239979453041, 17.31413939012958;
  -9.178324043820567, 0.7661854880333746, 17.22380654233595;
  -8.946635913028166, 0.2931239700839634, 17.05005137750074;
  -9.140982073402622, -3.64612592060528, 17.46236024188104;
  -8.789290535987124, 0.861835530068251, 16.82465868109837;
  -9.210972690863438, -3.231794039739532, 17.67610168969062;
  -8.829860059176813, -0.3895779689458817, 17.01519351275722;
  -8.93944283976499, -0.3186358360577362, 17.34270251622066;
  -8.934208055653361, -0.1646138266737079, 17.39243631502403;
  -8.855127793310324, -3.624917463287668, 17.27986538592562;
  -8.861198043088084, -3.52418977663031, 17.32490364345231;
