m=[-13.73172135901614, -2.915299935387798, 17.56754324881199;
  -13.64387430131869, -2.351370052046495, 17.67722719162087;
  -13.56854524607651, -2.736137986962629, 17.68091348713578;
  -14.08758683154149, 0.1885485817820722, 18.51234078980495;
  -13.3952831390198, -2.332909767772405, 17.70240877553768;
  -13.17322114976742, 0.137831586723304, 17.52849048549207;
  -13.34566179277712, 0.8047358513489024, 17.78722481673346;
  -13.13393426225824, -2.620238412948293, 17.53925357596295;
  -13.18355535651758, -2.322214611123275, 17.64022536393173;
  -13.0278459115544, -2.958375399997902, 17.47647014068205;
  -12.58681232224862, 0.08788065986996266, 16.93205405533199;
  -13.04484224048896, -2.429154561894142, 17.51334017493904;
  -13.02415536898308, -2.730456204632399, 17.48783557680829;
  -13.07281175140454, 0.1964509959468543, 17.64664104282194;
  -12.42601261893582, 0.7131379571713059, 16.84879000782023;
  -12.42345086789782, 0.825991987030357, 16.84971263471011;
  -13.126147352942, -2.346662261288389, 17.77310334410292;
  -12.3404237364125, 0.3949258795432406, 16.8119512945702;
  -12.85375141821629, -2.269804172064559, 17.54051768604647;
  -12.97809357266152, 0.09883910349702019, 17.71593750200593;
  -12.40759995159274, 0.6287348933844356, 17.07100699375184;
  -12.47685156663015, 1.166247233835684, 17.20924048215078;
  -12.82191091400166, 0.3974529076217275, 17.66641248532015;
  -12.67313125432057, -2.423455331457943, 17.55528219806185;
  -12.31939562586697, 0.5423526607706184, 17.20455856901737;
  -12.74197045784299, 1.031976887237659, 17.8035338242524;
  -12.77931411112521, 0.8978789702608103, 17.86140350255131;
  -12.55994268739742, 0.7768277499992748, 17.59968863156012;
  -12.73101175511417, 0.42332793250864, 17.83070869556772;
  -12.10883784694222, 0.7883368668697647, 17.0173045259759;
  -12.54709895158542, 1.138219023443089, 17.69084449631952;
  -12.30756274980063, -2.171429429362755, 17.55466503856194;
  -12.21288777563066, -2.505662284266226, 17.61172072159391;
  -11.87933022515369, -3.136304336520649, 17.27477319521383;
  -11.93428465597154, -2.859143440084286, 17.62015387311724;
  -8.72125772541153, -0.7963906580136726, 13.19265802012931;
  -11.85192413135534, 0.2725211689610498, 17.57204102166505;
  -11.87821794506309, -3.134655015647626, 17.61117222051082;
  -11.65437363688585, -3.028015058294563, 17.60305251532251;
  -11.62959645698021, -2.848699289655192, 17.5783241939115;
  -11.60339068757135, -2.494848080308207, 17.59393015941609;
  -8.806230907400844, -0.6595393439266621, 13.64431225880814;
  -8.784302813570355, -0.7895680977119614, 13.66399976261381;
  -11.8253216337851, 0.1335291365571225, 18.15666198751256;
  -8.84228397473945, -0.9833019675183938, 13.88676019379013;
  -11.38693727423354, -3.2052448015657, 17.60680130380986;
  -9.014903393086989, 1.014217867436309, 14.16444461576308;
  -11.6631650761668, -0.3868675725066169, 18.09043590200616;
  -11.2364354273028, -2.865154881190867, 17.49048654602234;
  -8.914608713329871, 0.6882323770191536, 14.14043394166189;
  -11.351045446314, -3.024034782914033, 17.76813488877941;
  -8.775346037487445, -1.059829160534192, 13.97714716720489;
  -8.893730362015953, -0.6938816529611565, 14.22386225401816;
  -8.620680579387615, 0.5946233359271113, 13.94068810414766;
  -8.761250521696704, 0.4407592458696988, 14.16758952586351;
  -8.80402407917761, 0.1922747865790309, 14.25202882461868;
  -8.834906085185274, 0.1276362308540687, 14.38755747827299;
  -8.831605496505086, 0.2469972362164401, 14.40494821290056;
  -8.726299279604174, 0.7199119382377281, 14.24969166750213;
  -8.721776111774354, -0.9206867962199445, 14.27812400619799;
  -8.613912297903463, 0.783350017898427, 14.15061916365993;
  -8.744543926590673, 0.1851861428693081, 14.36097900746757;
  -8.429797147168765, 1.304441934243453, 13.93776696181059;
  -8.697879879895584, 0.719178616095027, 14.35745088129744;
  -10.69935576741445, -0.5552475600541352, 17.43532726355395;
  -9.338413906422682, 1.169210557839868, 15.37234521259742;
  -8.651966900704007, 0.7929321818636793, 14.40261974773539;
  -8.822945832509976, 1.008472097325228, 14.66440045401841;
  -10.91892510560696, -0.08448649751338694, 18.10475103393445;
  -10.95876320115862, -0.4292702286012147, 18.18696888541751;
  -10.48506797344418, -0.5620325917748824, 17.46040807424412;
  -10.6107826534988, -0.982355254907722, 17.69356185179762;
  -8.469491595964964, 1.175982126860796, 14.33226986906754;
  -3.84250561905459, 1.200455757191942, 7.101948896427015;
  -10.582872266015, -0.9767509923029736, 17.9219923434234;
  -8.405589906735708, 1.159263879419431, 14.50428665372073;
  -10.36624478735845, -0.4647218902425581, 17.6818919966684;
  -10.32652233396682, 0.2298413533180698, 17.63160395881835;
  -3.817624047026196, 1.191402436941846, 7.161565734101387;
  -10.24247249689789, -0.06996318919415399, 17.6031540530116;
  -9.907718987079136, -0.123167341479007, 17.12610598123959;
  -10.07521333432764, 0.8684285262891633, 17.39739252469034;
  -10.01888718336669, 1.024507404218202, 17.31112018976884;
  -9.870384732623862, -0.3729355260241389, 17.07517357542936;
  -10.47266503995253, 0.3180822467877885, 18.05597134708394;
  -9.930682019389813, 1.119537595421993, 17.25339660436475;
  -9.759494852690965, -0.03891640211989805, 16.98824692708191;
  -9.891974341689314, 0.1559774208531744, 17.21186464959756;
  -10.78601617419823, -0.6579606809829403, 18.71259487121043;
  -9.949036635832936, 0.5402758678940889, 17.34408179066776;
  -9.799354404727094, 0.3262567463700924, 17.19028616009018;
  -9.871607340316258, 0.9977510821776688, 17.34202335147137;
  -9.70752860293973, 0.2656810483180916, 17.10949604662291;
  -9.818259661983676, 0.8739846800681387, 17.33353265982997;
  -9.457479208534025, 0.6354176624200778, 16.85283150143184;
  -9.614106303095159, -0.06752492597263882, 17.1289981380417;
  -9.85380309855142, 0.4847780270930684, 17.64616305483309;
  -9.596030113111205, 0.4410669998532998, 17.38972312014904;
  -9.208513315109295, 0.8973042518445731, 17.03096063475974;
  -9.457200231259167, -3.773611346459218, 17.45588552980612;
  -9.543819313749552, -3.353769109760415, 17.70530842250932;
  -9.234539769372873, -0.4183324015159897, 17.19393834912574;
  -9.266749497192077, 0.1731007858922729, 17.40790527925426;
  -9.262564090252774, 0.4018880227147061, 17.42349295768696;
  -9.324101714549071, -0.1857527773774168, 17.54503438614973;
  -9.131674462228993, -3.738421540500155, 17.21326101806032;
  -9.406880695802631, -3.312362327479858, 17.73968020097611;
  -9.349659980369621, 0.6859213687053936, 17.6460534328764;
  -9.224528974746479, -3.671350787069733, 17.41948120680916;
  -9.334183353511262, 0.3666931099482018, 17.70621151683631;
  -9.336665411218011, -3.391720537922683, 17.70656719748054;
  -9.073744350652964, 0.9604102644879979, 17.25255295646745;
  -9.286285682578228, -3.25610896005054, 17.69288715060108;
  -9.385076387601858, -3.500349903376354, 17.90838415447029;
  -9.262176703962204, -3.350068608394954, 17.71463886152662;
  -8.790816136351538, -3.674583511037832, 16.92966602151391;
  -9.534061199769463, 1.075659163684557, 18.2812795212614;
  -9.0491581036824, -3.349238480685868, 17.56755333862719;
  -8.953263728262684, 0.3027927156240152, 17.44394020761962;
  -8.89374419176054, 1.089862263844566, 17.35513718266192;
  -9.169842923291162, -1.151143006496656, 17.89801088163191;
  -8.859500308370164, 0.5162608719179862, 17.38345466533457;
  -9.138073174384548, -1.209460240204583, 17.95916788650933;
  -8.643402261692414, 0.5327508940853981, 17.16806049302884;
  -8.563526718596521, 1.074711583592546, 17.06810210168652;
  -8.977619143343629, -3.565243414470777, 17.89872110613072;
  -8.673536087463809, 0.2998495882103777, 17.39844586001447;
  -8.821175416035588, -1.796231329932227, 17.70822289283032;
  -8.676518093700567, 0.5151997884735081, 17.45492927817039;
  -8.826684488878502, -1.430610358430579, 17.76109154383662;
  -8.597431437461172, 0.8434616124681099, 17.37527292534549;
