m=[-27.0262679511692, 0.4004087627420207, 33.25711716780797;
  -26.72994000340127, 0.470433769673869, 33.06683147510677;
  -26.7038212710261, -0.3562213541440581, 33.11220096201866;
  -26.63357628050718, 0.04533827812767246, 33.11723615855681;
  -27.07047719026738, -1.554713978828476, 33.760859393823;
  -27.08875500309102, -0.983187646017296, 33.83295245945775;
  -26.27870858262135, -2.566781142375406, 32.91058467830325;
  -26.13086838963081, -2.478416628480777, 32.91909961411118;
  -26.10603975547651, -2.596932391666757, 33.11863496919644;
  -26.04780383742537, -5.447688941696498, 33.09585006211312;
  -25.95212299212297, -5.509740585613883, 33.20159440631657;
  -26.74146940727564, 1.230091417414145, 34.18805646354736;
  -27.46299968264327, -1.036546029773994, 35.19435919802547;
  -26.89777099847594, 0.3058868792485559, 34.55287215786937;
  -25.50270396962619, -4.395107506567287, 33.04172129672593;
  -25.54350381389673, -5.150924423938315, 33.28525445440992;
  -24.91737129527742, 2.027317196168773, 32.61425886708643;
  -25.49932484343929, -1.854326632987176, 33.51062603371501;
  -26.91140553754676, 0.3601828622987397, 35.36397797586433;
  -25.01104998976618, -5.479817199778927, 33.05607486193085;
  -25.38520698310177, -4.421063497739243, 33.54757836790187;
  -26.19633663275971, 0.05207516134162347, 34.59215490555474;
  -24.94051233939575, -1.535126952562984, 33.02058363738327;
  -25.28020626385866, 0.9214226036673525, 33.53094348005887;
  -24.32837901633683, 0.2545481506842267, 32.37171495620371;
  -23.75218869403218, 0.6538628110941041, 31.66679539966114;
  -24.59616896806232, 0.5263476599756808, 32.76087260954339;
  -25.91813459537016, 1.562848844279039, 34.54393600231296;
  -24.75027806079788, -4.937715387567613, 33.05189399579708;
  -24.94659223451067, -4.394212290850319, 33.37972930506356;
  -24.60169399014842, -5.586575616018132, 33.00244517381822;
  -23.8945405140143, -5.0093840679071, 32.08375390603874;
  -23.07347265654776, 0.6487492629303344, 31.03104790013968;
  -24.45883445765281, -4.554619228510804, 32.83718424818132;
  -23.39573129644744, 0.1633481338907284, 31.47244725936304;
  -24.40490142226633, 0.3667433817268816, 32.94352762617559;
  -23.13993496179661, 1.538493697289584, 31.38429560659822;
  -23.40363836273944, 1.343151931694189, 31.73367034827081;
  -24.55192261944756, -4.38933593414346, 33.24386404317306;
  -23.41249278887805, 0.7492610873372985, 31.8959621532024;
  -24.37184118451025, 0.489192638965001, 33.1921359931545;
  -24.27543420863103, 0.0008460238756244403, 33.10380964391489;
  -24.21326456499027, -4.275745433432735, 33.04196428890261;
  -24.44097855035723, -5.988235162563205, 33.39069079654303;
  -25.44256588968687, -1.72240275518764, 34.7469629538427;
  -23.30319784409192, 1.180851548178804, 32.06172466273061;
  -24.08441119208726, 0.7465672878914778, 33.18422233934261;
  -23.88543840875681, -4.567560446924081, 33.08697773860715;
  -24.11760870943079, 1.953294025121097, 33.69797974646397;
  -24.24503892281097, 1.703464708093792, 33.88682830468895;
  -24.09810146614315, 0.8013031224284123, 33.75114528398914;
  -23.97647460104673, 1.482935971987732, 33.59716664028596;
  -22.60320586628216, 1.471564878403, 31.76569397921048;
  -23.75682593264796, 2.155117395463692, 33.4960547392113;
  -7.141444358561591, 2.317708398752026, 10.81563734362562;
  -23.62116107436133, -1.711230423306045, 33.4920968051516;
  -23.58423685388168, -1.813206109468006, 33.55601073848704;
  -23.05956605353835, -4.06841073045097, 32.89058656321022;
  -22.87058532628461, -5.443397157537504, 32.89766523787096;
  -22.97787568795891, -4.714265580885798, 33.13548251866565;
  -21.99511569845593, -5.8070089339947, 31.98502170507662;
  -21.50791864715984, 0.5045938517615493, 31.37023655978685;
  -6.968236245893301, 2.338291423132071, 10.95207510900672;
  -22.37844824796657, -5.4298467858304, 33.04330561871623;
  -21.81449361084577, 0.5015988318211756, 32.34286452969358;
  -22.4976592561313, -5.937119587612403, 33.35602643010716;
  -6.872484076436675, 2.234508198177096, 10.90145812120254;
  -22.10243469209984, -5.590238598431297, 32.86907063925908;
  -16.44002117185007, -1.263723228539539, 24.82051176155977;
  -16.44121587890901, -1.501346611303284, 24.87064886221227;
  -17.85381664215284, 2.359434881247293, 27.07547968114726;
  -6.652741190947749, 2.346079575761828, 10.72671496248257;
  -21.92837958443839, -5.697385861692782, 33.12116373024912;
  -22.41669596016852, -5.491026803412424, 33.88320053940278;
  -16.67644051851196, -1.165403662526938, 25.49915279320589;
  -21.70860378904214, -4.667572604210842, 32.91621123573362;
  -16.59389968181617, -1.242793860893672, 25.71047150941246;
  -17.54157263336894, 2.331787614767661, 27.17101138120869;
  -16.6506770051173, -1.762572099341824, 25.88649374752152;
  -16.48736184406883, -1.481949700936951, 25.64612276064271;
  -21.48208650662549, -0.7125615221015751, 33.32031283545744;
  -16.64371477970896, -1.850856355264821, 26.13886599208315;
  -21.65856349661057, -5.522671253119267, 33.71343304507107;
  -20.88276527179527, -4.83587931248169, 32.56310667529602;
  -16.78200024370453, 2.479993670818927, 26.37843268682848;
  -16.48080261650327, -1.415594163919805, 25.93751078611384;
  -21.63304803953564, -5.763265598874809, 33.86286465329349;
  -16.69347266652463, -1.080423109587571, 26.40039841128924;
  -21.15811172709512, -4.974997798485124, 33.20693135390858;
  -17.10486015979959, 1.320542375433308, 27.13188575616851;
  -16.71906483707015, -2.019219797771325, 26.62969969816468;
  -16.79720548408599, 1.326639209902064, 26.85941686949309;
  -16.68325962974325, -1.301614429205878, 26.68176088798142;
  -16.1552849250555, -2.039891983452618, 26.02132235832255;
  -16.76973274356313, 1.714109590095403, 27.04006008682795;
  -17.40169108702645, 2.188220610206768, 28.02443557982281;
  -16.71195999967936, -1.848801247748912, 26.96382167377842;
  -16.22191153639394, 1.118928727732802, 26.23280228276446;
  -16.47638866357081, 0.8288908785369535, 26.6435380287306;
  -16.64032419639777, 0.3634150423367692, 26.937497894737;
  -16.7477096595925, 0.2419510197140752, 27.27348010646813;
  -16.63673094373742, 0.4652864719111157, 27.13563776952384;
  -16.3470862042864, 1.348620089317045, 26.69412664055742;
  -16.59694878530966, -1.75200456975094, 27.1703022233345;
  -16.35009645768317, 0.3462514825195656, 26.85141660560027;
  -16.24449507470504, 1.477275953995754, 26.6858606586984;
  -16.50083459572437, 2.065977179403151, 27.16269895972249;
  -15.5176889666066, 2.401235030594664, 25.65683714881119;
  -16.35677886537573, 1.352449763690519, 26.99987265617368;
  -7.040254833417629, 2.137074138780847, 12.28009521433529;
  -16.29750760193588, 1.493627797014734, 27.12987780933487;
  -22.14307688409225, -1.653714757759736, 36.53253096369377;
  -20.38836884101453, -0.157757458424534, 33.80610621324303;
  -19.2520661339314, -1.031971242692919, 32.05977603789994;
  -19.88991783003303, -1.841425457298662, 33.1665912727765;
  -16.93395155558919, 1.781412129022609, 28.46113866136408;
  -16.0405119162459, 1.555672263335454, 27.07610508519845;
  -15.77474789903078, 2.190311115466844, 26.69439380672248;
  -6.999047022757185, 2.254070246574957, 12.45531336975694;
  -16.0500827474282, 1.760532935439386, 27.33052304524453;
  -7.796172802359137, 2.198479374062174, 13.80208507844437;
  -7.50154516925778, 2.157663739604781, 13.39312116970405;
  -18.4569427057873, 0.4108032261411521, 31.51356221916329;
  -15.62725155078977, 2.155245313944565, 26.96564293730579;
  -16.8653146476872, 2.029049716989592, 29.071515071105;
  -8.070453237339681, 2.189502415067796, 14.43327075232919;
  -7.414787928996867, 2.182985546534931, 13.40381222083357;
  -18.73990735499947, 1.615277968521913, 32.35916831859463;
  -18.64903923217769, 1.907006080140477, 32.22271632201956;
  -18.66181821121444, -0.2319935132634824, 32.25810874376717;
  -18.24661539734631, -0.689417008121077, 31.5655502306815;
  -7.138471811621227, 2.253715405302801, 12.9651590278963;
