m=[-13.79099540680037, -3.060252111077173, 17.63237061353226;
  -13.70530235546472, 0.4697081045419453, 17.59294934107448;
  -13.25238397921166, 0.7582956248695804, 17.10712669620569;
  -13.63837039418936, -2.767484225754689, 17.62020520744805;
  -13.59835694921885, -2.438874301353317, 17.60733147759333;
  -13.40515120331804, -3.082687998517639, 17.39531039352094;
  -13.90016594126409, -2.952536213479064, 18.03796008919194;
  -12.64393223279201, 1.121380299083457, 16.52863075779151;
  -12.77940935360179, 0.6919939674341669, 16.73813218412116;
  -12.8207406343119, 0.8097918024838477, 16.79036480922955;
  -13.58021954937633, -0.06896832277781283, 17.75246723434246;
  -13.54493084356292, -2.457900948862625, 17.74405576747377;
  -13.3201192018415, -0.03922226776354196, 17.57030044929238;
  -13.27133385444914, -2.375154784696347, 17.51789680174127;
  -13.30565498436832, -3.298643749760634, 17.59068415350586;
  -12.88200227823242, 0.6168808659976603, 17.12693661797493;
  -13.22671812922603, 0.3530574369209958, 17.62845518693571;
  -10.3691180298199, 1.282630581906956, 14.08486465278077;
  -13.1025077364905, -3.044633136417129, 17.53084694757297;
  -12.91528844974892, 0.5246975607014003, 17.30916918782294;
  -13.07138072768064, -2.533622231058445, 17.51564264251343;
  -13.02156113807531, 1.009474062342798, 17.60716235553335;
  -13.12411351944713, 0.877766747375337, 17.7547784139144;
  -12.65579489466267, 0.7837596539947614, 17.18085962034865;
  -12.94719595566134, 0.7577336280259313, 17.55579489085447;
  -13.05133006991242, 0.3870555629795578, 17.69082693479961;
  -13.06126504154107, -3.298696984539482, 17.73902198720025;
  -12.91367707401691, 1.129445731786122, 17.61733825131261;
  -13.21026388395782, 0.4119404026395985, 18.043130883179;
  -12.84925588136973, -0.9187116029665771, 17.60822717242132;
  -12.78037851014464, -0.963313186369218, 17.53500034996688;
  -12.56610980552419, -3.031209781961851, 17.48401713017317;
  -12.55044150012421, -2.608035854847157, 17.50804910007286;
  -12.45932516992563, -3.31923387072841, 17.50744708319409;
  -12.2134864000814, -2.307976621832753, 17.41159711533067;
  -12.35555295444782, -2.994937112702223, 17.64590438065117;
  -12.29456472177167, 0.2387313980534999, 17.61759694678741;
  -12.19763643569079, -3.252189095409115, 17.49884868393747;
  -12.20884279943888, -3.125184881563112, 17.56083707756877;
  -8.95156232235755, -0.6985836767836413, 13.29610823014213;
  -11.95208894937561, -3.1381660580282, 17.46385987957569;
  -11.79782258164009, -2.926174090462512, 17.26368920923295;
  -8.985891878964569, -0.9753278202821702, 13.39634856868078;
  -9.0162079887352, -0.8367334231510488, 13.44359347518282;
  -12.00681500735228, -2.621716169287048, 17.60956247133065;
  -4.146096178085672, 1.15847444843282, 6.789809655258085;
  -9.128303730378358, 1.320815476592952, 13.76713355958881;
  -9.027232797318423, -0.8002614929003042, 13.62428883910955;
  -11.71834634399803, -2.427491397645888, 17.53751572505559;
  -9.026083564829071, 0.6632579687717831, 13.75156197981415;
  -12.04562095088233, -0.4389617576558338, 18.07483307265066;
  -9.065230343999343, -1.117489071277169, 13.86089221153236;
  -11.46525511288909, -2.957705341646936, 17.27413336170419;
  -11.40576700076702, -2.674440579107005, 17.19581393009703;
  -9.445550246455802, 0.9011657766821322, 14.41762047535494;
  -9.036441358837125, -0.7329015816757366, 13.8745040038815;
  -9.057565291604382, 0.6223641167142603, 13.94469785289541;
  -11.71077852737774, -2.782364401277262, 17.77996043663564;
  -9.015940623588282, -1.183995495163005, 13.93299675271266;
  -8.861756306458601, 0.5743218387085642, 13.74582015804128;
  -9.109343291029861, 0.9017792890626519, 14.10647380450928;
  -8.958488810098755, 0.4220920415641281, 13.90521745487324;
  -11.4938343155232, -2.734131121605164, 17.56512101637246;
  -8.978874119141253, 0.1627063972644876, 13.95758167746691;
  -3.895312034036708, 1.206928643375451, 6.64913109904376;
  -8.966810518619079, 0.2201934532080188, 14.04832543674295;
  -8.936494306373634, 0.7028597020423375, 14.00696739256193;
  -8.914349698287177, 0.7809712831175518, 14.05663929700724;
  -8.960780074469575, 0.1552563305430325, 14.1294375768042;
  -8.646689386691403, 1.309646937076382, 13.70115115416621;
  -9.327365541732858, 1.130613200835275, 14.74644421028646;
  -8.813672282040892, 0.776514029280981, 14.09153373250149;
  -9.124526009660814, 1.028667036629358, 14.57937099183621;
  -11.19526385091517, -0.09257282510621226, 17.71820148447591;
  -8.72805807831721, 0.9017777975829674, 14.11913200283744;
  -8.697431117295016, 1.17850757742534, 14.12700044163978;
  -11.23689841149613, -0.8793663201791885, 17.98303998799899;
  -11.22031547078203, -0.1256024657441639, 18.00461044614087;
  -11.03461421047656, -0.6232428654499825, 17.75449203786362;
  -10.92233293322848, -0.2817319413422858, 17.62583458741032;
  -8.691201916644957, 1.171241969634852, 14.40087094956908;
  -10.77716206434942, 0.2209520533339698, 17.77197785790603;
  -10.10095290240876, -0.1611808201105525, 16.87185595501416;
  -10.38834217889486, 0.8613316561664559, 17.3349858273889;
  -10.21566391363553, -0.421652934531595, 17.06557813414115;
  -10.50731561883958, 0.389002287505071, 17.56382106605498;
  -10.15938147015251, 1.107360750057244, 17.05420552899242;
  -10.03452126465714, -0.07389013427471555, 16.86743746137702;
  -10.15762159777698, 0.1246612908413041, 17.07231815639899;
  -10.09046077922215, 0.5111568402381909, 16.99843175366491;
  -9.888809187618124, 0.2934146138722076, 16.76487357138623;
  -9.898688934493244, 0.3709281374501222, 16.86074170378124;
  -9.986240875812699, 0.8568936875605991, 17.03936786006701;
  -9.702435723960898, 0.6229146876965515, 16.68994742707969;
  -9.784166058432783, -0.0928424362532507, 16.84230155342657;
  -10.14076660466887, 0.4630586664968174, 17.56229909607314;
  -10.10149734812785, 0.6663236904905091, 17.52172874060046;
  -9.763444011555359, 0.4089185220107497, 17.0988653383866;
  -9.514497642509721, 0.2513311123999801, 16.91927490934471;
  -9.278578286171674, -3.728548660860091, 16.56226095762739;
  -9.467021050289553, 0.8872300483176479, 16.90280305926469;
  -9.750123358167413, -3.455711281910794, 17.49703110058071;
  -9.557511978850357, -0.4685839743262639, 17.18361960312105;
  -9.37903856769135, 0.6867861399622899, 16.96620467211359;
  -9.398821240269822, 0.8515452696647569, 17.04943030683639;
  -9.548533946065664, -0.3827862756870329, 17.30346054255715;
  -9.592857021561667, 0.1611867964413249, 17.41573904457752;
  -9.506309211715921, -0.2208074706730978, 17.28909243479778;
  -9.448219994852476, -3.893265029290452, 17.21449656984292;
  -9.609544719855345, 0.6676383381696115, 17.5314923065816;
  -9.612086834234173, -3.408634040335911, 17.53205785537142;
  -9.359971810288984, 0.5537359976954646, 17.13188377175495;
  -9.601994428857417, -3.587811272394066, 17.56696488165483;
  -9.386662356321189, -0.4589298809509934, 17.23847957883224;
  -9.584713107300093, -3.508222509335091, 17.58270333134484;
  -9.546890568689022, -3.369903560308543, 17.58934001368072;
  -8.943450221956763, 0.262842106170932, 16.84396634676913;
  -9.5284269761269, -3.554795410488764, 17.88866736001853;
  -9.143766923532644, 1.0844297545108, 17.24194838483604;
  -9.235746895111824, 0.04180014747843652, 17.4280227469752;
  -9.325315239480016, -1.201681377648802, 17.6053842361011;
  -8.965070225123776, 0.4888880413825674, 16.99933875478993;
  -8.85326255091579, 0.4566330880609837, 16.86802599369456;
  -9.228068001021848, -1.151731252120031, 17.55898780482414;
  -8.815152683218773, 0.516107157176939, 16.90903589923036;
  -9.319388562548367, -0.5691613724235244, 17.82840952949343;
  -9.21627651470652, -0.4551470244061967, 17.66212928244542;
  -8.736440273372914, 1.061294842243971, 16.81592543665414;
  -9.131615828303575, -3.652920276239427, 17.62004885880395;
  -8.733862209590301, 0.4864315803733719, 16.98217239021494;
  -8.748899396482241, 0.8205951833243949, 17.08000369824886;
