m=[-28.92449618494646, -5.087911245798659, 35.65568487885485;
  -28.70186726245453, -6.168714689496515, 35.52560395446041;
  -30.0652098588423, 0.2538465037872875, 37.40830699998669;
  -28.61965787000895, -5.020933860343127, 35.87052572856148;
  -28.29045331596027, -5.78339850787687, 35.66932485978853;
  -28.69251101069335, 0.2904763525006789, 36.5435686800396;
  -27.77715802216252, -6.163812253547043, 35.51427075350269;
  -27.83560638973915, -4.915200455180713, 35.59962479431263;
  -27.39259830537819, 2.352903655511498, 35.09392203492062;
  -27.89369807868251, 0.9559727843566431, 35.80602634700855;
  -27.46065002606597, 0.1909519394690361, 35.31928124452755;
  -27.07393262631407, 0.4929523671463245, 34.87010241022497;
  -26.67111596908265, 1.526109610276148, 34.42898732243296;
  -27.32262929145325, -0.6690365941510558, 35.291029931361;
  -27.17283298134604, -5.513883585166532, 35.10616586590277;
  -27.21245923738507, -4.880572539647565, 35.23505022720113;
  -26.98875036129141, -6.206412413546556, 35.02218531870864;
  -26.3311483356973, 0.09387966761194692, 34.20726674393625;
  -27.35212922195387, -5.16074958506104, 35.51396500248975;
  -28.0210359510095, -5.951952209358336, 36.36232331886512;
  -27.20411569762202, 0.339137008542956, 35.51737730992654;
  -26.78401321039824, -0.1360249340346477, 35.01285934244168;
  -25.60146014800552, 1.386296932020016, 33.53211499896519;
  -25.88704933691193, 1.635094332025017, 33.90233174501806;
  -27.52205023282357, -4.994228037277144, 36.05428479529817;
  -25.23827389978844, 0.7293915459095521, 33.21912424907681;
  -25.06555687934363, 0.5766276940751639, 33.09287441975495;
  -26.77672766969636, -4.792199001298518, 35.34474809770664;
  -25.67993470064756, 1.229735876049891, 34.14210030958593;
  -26.40307256509744, 0.7047705285315424, 35.18978608025025;
  -6.954951994922983, 2.248608326330998, 9.995685020555492;
  -26.08058307585756, -6.060351884295434, 34.89520627665628;
  -25.81250256166881, -5.003230469066252, 34.58873855779558;
  -20.16408668589488, 2.494240509672437, 27.38983498895528;
  -26.10514769114516, 2.023756537976376, 35.29819265442603;
  -26.13791958822062, 1.748155913625245, 35.36032889397924;
  -25.50896762361771, 1.492910329837712, 34.58897239304236;
  -26.08438325643391, 0.773569099257431, 35.35687990562431;
  -25.13264285221722, 1.556437318222888, 34.11879003462724;
  -26.20825151482547, -6.619043405600064, 35.59446565006767;
  -25.70924587447152, 2.248561571884619, 35.07354862295939;
  -25.76844164120469, -1.842423136772199, 35.31228411098037;
  -25.60164469423071, -4.586137808500447, 35.31698391494436;
  -25.99948555328388, -1.922235330192603, 36.13050498039101;
  -6.958028974896082, 2.206936024827488, 10.38754283365046;
  -25.28148885608227, -5.253602385217191, 35.26804600546145;
  -25.09360937300616, -6.685077805879842, 35.26074102991493;
  -24.53666405388141, -2.053486738905821, 34.7929049388156;
  -24.34564468162594, -1.920818509353948, 34.57673976790978;
  -24.70512561734459, -4.668515647087696, 35.21973004612115;
  -24.78592873510142, -6.008010982205792, 35.39866892705817;
  -17.68267091404456, -1.635559493533519, 25.60917518500395;
  -24.99924459350704, 0.4854262633243773, 35.82287174776;
  -24.40625000268275, -6.507304963304423, 35.01344526794032;
  -18.76448235864263, -1.435859977004447, 27.12745553174068;
  -19.28404208464748, 2.481209094061325, 28.08735121468575;
  -17.81442118540037, -1.260337923555644, 26.10714479829165;
  -17.23759222775331, -0.8569948172810128, 25.38467185285162;
  -23.9798396152334, -6.296198018290082, 35.03827328837041;
  -23.41356726548867, -5.80718801486247, 34.26094482721705;
  -24.06646165949201, -5.254968251912021, 35.29660945031618;
  -17.69188910411132, -1.380682443413241, 26.27845998864515;
  -17.63123635330256, -1.760447644762816, 26.22901569165652;
  -18.58036383868302, 2.414403204038424, 27.64723675387653;
  -17.75134651670808, -1.64738268627155, 26.46809906181001;
  -7.182207906694467, 2.237864865669959, 11.32397086768518;
  -17.80499968936281, -2.027927388379699, 26.82424557124308;
  -23.45333586012861, -4.858430479461138, 35.09993939227478;
  -24.19208334832454, -0.8815983394495831, 36.3009819073369;
  -22.54872504489958, -5.816921111301983, 33.97304985600477;
  -17.88118234839022, -1.209594485200439, 27.13721672591488;
  -17.48696459702817, 1.284983518632938, 26.64201763341448;
  -6.710400610084272, 2.306260675397664, 10.82482658908112;
  -22.91510574108989, -6.143060411723225, 34.71711458147106;
  -17.41426257924532, -2.146690969583488, 26.6267052677838;
  -18.59095274773002, 1.77369554287801, 28.37709757487156;
  -17.89320385538302, -1.451230289236802, 27.47313003818655;
  -23.13378275583229, -6.008241669232763, 35.32484010063388;
  -17.59800937959705, 1.209195761869267, 27.09325472247658;
  -22.83993744254499, -5.433120233240001, 34.90447610183925;
  -15.93170475365755, 2.433819997452587, 24.63703264265489;
  -6.956636397611853, 2.097784867345543, 11.32750286494798;
  -17.20236890002957, 1.114868858400846, 26.68327372303752;
  -17.62770227126521, 0.8305544604102628, 27.36142652044051;
  -7.057411602924232, 2.258102143227515, 11.52086917341669;
  -17.61012168552363, 0.3191134452740065, 27.37478090397099;
  -17.61300703822594, 0.1966048345495105, 27.55659528381673;
  -17.70909465329062, 0.4348733250021045, 27.7448848018955;
  -17.60156546481834, 1.384371839106688, 27.58850899148624;
  -17.41802966262302, -1.894998900283016, 27.39425568835465;
  -17.25592975796953, 1.511763175171061, 27.21010377110035;
  -17.66250806299997, 0.3060242710186615, 27.85039952458955;
  -7.731911297583358, 2.185938695681959, 12.73076702369366;
  -17.4321659326815, 2.640314888086816, 27.62221813539282;
  -17.46228893660481, 1.377429721815738, 27.67925481103098;
  -25.11260161364908, -7.072703305728004, 39.42360411427628;
  -17.5079814409243, 1.205635608242767, 27.78868955906577;
  -23.2223597067923, -0.1920240087521207, 36.75290316594779;
  -7.318742966789841, 2.290764716695155, 12.23288728620353;
  -7.49165630623387, 2.186979960034158, 12.49835618850777;
  -17.34810414516939, 1.528426042978786, 27.73661045404742;
  -17.71116066275907, 1.996694089636781, 28.29928718762883;
  -8.207946762039725, 2.203454648379885, 13.62398868367117;
  -16.62801291095327, 0.7368795670576734, 26.79121735587386;
  -17.12959296542848, 1.423274032833427, 27.6640485680125;
  -22.48204753105186, -0.2516685571123959, 36.07567976874358;
  -21.86754049740922, -1.235094253409361, 35.18447190299597;
  -17.06217864658924, 1.598528073924661, 27.66002248086224;
  -21.69032382760257, -2.076500968998388, 34.98432351436772;
  -17.19405298033176, 2.329805370194852, 27.92783188172797;
  -16.89114427593749, 1.867964293210311, 27.45232853465443;
  -7.482199024892267, 2.318294462592786, 12.77179383601012;
  -17.09924838751778, 2.304325403177723, 28.33256800669611;
  -21.9132113217865, 0.4492619678334774, 36.13577527006549;
  -17.78259001026747, 2.081864150481617, 29.51559890362291;
  -19.94926181421263, -0.3183302021978676, 33.32171479168027;
  -20.6990508766602, 1.716226464785562, 34.54042496947077;
  -20.60293545845384, 2.04119427882345, 34.39780166481043;
  -20.36150774063443, -0.8404240353744084, 34.01451968412064;
  -21.23053270179824, 0.7859976882337925, 35.48853875130808;
  -20.21883487444719, 2.203829457298182, 33.94066523819642;
  -19.95675524594819, -0.1469534306538868, 33.54612663273284;
  -20.26707016526795, 0.2487313692534598, 34.06366998700173;
  -21.03826172773764, -1.379381512555647, 35.40268816821102;
  -20.28480266172119, 1.027576030499169, 34.17186204140905;
  -19.70108338432976, 0.5845583289558475, 33.39999446760292;
  -19.75278902358906, 0.4775233753730982, 33.63109436673706;
  -19.59607594280338, 0.7343129983069139, 33.37859963736744;
  -20.0066704520621, 1.716721019718242, 34.13707136921789;
  -19.43482124630365, 1.24775220898215, 33.43141393397252;
  -19.61166282498141, -0.1860960397416064, 33.75919187080626;
  -19.93753362135838, 0.9104092512780148, 34.52884208330953;
