m=[-14.1798236989965, -3.272788217614858, 18.35232460898107;
  -14.19308493193616, -3.564305611554949, 18.65742372061649;
  -13.42778270634928, -3.554512652415313, 18.25677285512645;
  -13.32096917586464, -3.207413050032344, 18.41059572520059;
  -13.19585655978956, -3.495478597923423, 18.31385313867582;
  -9.666095228810377, -1.132259600075163, 13.73836422770748;
  -9.620122083937901, -0.9537184999992774, 13.72263073441662;
  -9.590487115249466, -0.8724860833568752, 13.7134753482111;
  -12.91565475713758, -3.375106071806528, 18.26037069104832;
  -13.22604041967811, -3.251408313883265, 18.70928996645008;
  -9.589906468078175, -1.076337854325971, 13.86230416451242;
  -13.02571975876008, -2.820910007294218, 18.48509640638602;
  -9.877651349600296, 1.095391094825079, 14.30764465854907;
  -9.749327648256635, -0.6433323579741344, 14.20246207735949;
  -12.86450477490029, 0.2518373219821466, 18.44148886817115;
  -9.744845140714972, 0.7210451750217466, 14.24244212672806;
  -9.708121778739425, -1.180866444865335, 14.23885429279746;
  -10.08998414482243, 0.979614630647469, 14.80793051059038;
  -9.195070059228605, 1.41587159409655, 13.60070505196367;
  -12.63983996419375, -3.57132502888263, 18.2925602928584;
  -12.69857939212288, -2.610414777868515, 18.38731072933696;
  -9.587931641942157, -0.7687601763108942, 14.1384703003885;
  -9.712996398694179, 0.6718868193127313, 14.35399327155509;
  -12.9375183938699, -0.4741597482781703, 18.80607169542199;
  -9.790698173186993, 1.015127887463744, 14.47903715357307;
  -12.47798929778153, -3.011367815243172, 18.17072652833747;
  -12.61292663902644, -3.226829954319304, 18.36680489475481;
  -9.443505211165594, 0.6148890939100025, 14.05317585237438;
  -9.694825586515533, -1.336162250819503, 14.42041108563267;
  -12.54063512028216, -3.348960323288655, 18.38126101597285;
  -9.579516375092952, 0.1907940829475826, 14.29899320795285;
  -9.49690754773307, 0.7587161669203029, 14.29745508886819;
  -12.6190793348438, -3.251960427616097, 18.6442210051695;
  -9.572874941712682, 0.2472622712123324, 14.40816937578907;
  -9.642234434305996, -1.006355990476695, 14.55983340836948;
  -9.601312781164625, 0.8535683208425476, 14.53496777546307;
  -9.585954717996099, 0.3114980323887425, 14.51499781504873;
  -9.42011274946319, 0.9406183038112753, 14.29035989472233;
  -9.628854536633845, 0.1808793001743121, 14.58775839778071;
  -9.483408882512899, 0.7602338584983714, 14.44003813099978;
  -9.450347587581781, 0.6643924309620714, 14.4108997727637;
  -9.397100144400485, 0.8406146116954035, 14.43379104418153;
  -9.285421086485682, 0.8805891390165124, 14.45969122655849;
  -11.94988261653134, -0.05959142328931278, 18.32428311910569;
  -9.473806115137872, 1.294513900887124, 14.78674291373328;
  -9.574771985992888, 0.9433913365712646, 15.00423523737352;
  -12.0911502610337, -0.1175894532084888, 18.78683985517055;
  -11.71571831818533, -0.6516286757621574, 18.24156825107277;
  -11.99426137073582, -0.4890075483570502, 18.65861810029764;
  -12.06712749770981, -0.0335425650716689, 18.77640255320822;
  -11.66479549657094, -1.100218120347867, 18.2021768788846;
  -11.49060118859119, -1.077928730182168, 18.22291850765204;
  -11.43627363410666, -0.5626929958255171, 18.24987399215739;
  -11.48327363271906, 1.107085064275723, 18.34748502012379;
  -10.84478274114128, -0.1619255358855553, 17.5022209141451;
  -11.17391011447377, 0.9396307830240521, 18.0344519897324;
  -10.91347183703944, -0.4347210251052189, 17.62470577604935;
  -11.23144170047626, 0.4473674664060237, 18.17389749477953;
  -10.77421489499843, -0.064711704033156, 17.50174937537983;
  -10.85873884720239, 0.1424837890194176, 17.6450468700118;
  -10.89435417963022, 0.5633179923417993, 17.74511773022958;
  -10.76019619435089, 0.332830398262871, 17.62676080977819;
  -10.90340598885206, -0.215516895476315, 17.87507813416005;
  -10.71487332911617, 0.4078886564355307, 17.63529890139638;
  -10.75566890704536, 0.9407195346147856, 17.74516986041579;
  -11.43735374793161, -1.160734318414244, 18.86255897786435;
  -10.36192192352555, 0.6826098119225649, 17.22412856277601;
  -10.42279237409577, 1.202107474469404, 17.43733626297797;
  -10.86558947738448, 0.732316888793166, 18.23400573415174;
  -10.51144581388657, 0.4496863619508956, 17.79597798991121;
  -10.09042963600598, 0.9542685827077048, 17.41134667583378;
  -10.17558453963295, -4.064139148177354, 17.56066003810641;
  -10.14708818248841, -0.4836963721608061, 17.63836720533932;
  -10.12502441110057, 0.7471772015879797, 17.70104450114394;
  -10.30098481016405, 0.1740133399022545, 18.08018024626434;
  -10.25532589484301, 0.4191167733616761, 18.02314715255076;
  -10.21240757038918, -0.2240025214679165, 17.96244292060947;
  -10.20684131141537, -4.179233214365565, 17.97090013626307;
  -10.41888625035765, 0.735894948994658, 18.38542129508295;
  -9.960593997763969, 0.6154522694506874, 17.63348162188845;
  -10.41435735644791, -3.667502334280143, 18.3754692599163;
  -9.878044724587976, 1.012691014629464, 17.53337292505997;
  -10.28822112773841, 0.3789459498716459, 18.25090187627082;
  -10.36807994652721, -3.769818739417808, 18.39596806618187;
  -10.32557385763546, -3.622487256552062, 18.40338805159691;
  -10.27601539151394, -3.719873989669897, 18.3872338002569;
  -9.886317398080394, 1.103486530167293, 17.76947818868017;
  -9.490484461992244, 0.2930970423989383, 17.27231957035875;
  -10.06217754955051, -1.214208864152482, 18.26330972731297;
  -10.16591901048596, -1.350534245577502, 18.45361579950436;
  -9.767790716952137, 1.169275371018005, 17.80034873255368;
  -10.05570816476692, 0.04541520882170944, 18.34385216578671;
  -9.592052629156763, 0.8024559971565126, 17.57587663485341;
  -9.610921240761977, 0.5355227741586766, 17.61209088721258;
  -10.08835074907372, -1.281011224654388, 18.42600783884102;
  -9.502735808824854, 0.564141453657767, 17.6140717042195;
  -9.412277135729699, 1.152563290844399, 17.49791235557076;
  -9.994242157732542, -3.969790294227847, 18.65024104875345;
  -9.514079391671867, 0.5428062187479786, 17.87843498368047;
  -9.794406641300746, -2.335483443941288, 18.38179107614318;
  -9.774392850803718, -2.005091415484344, 18.34896879007048;
  -9.502389831668506, 0.9027388250681324, 17.93053572746467;
  -9.445410804568491, 0.2344119421509359, 17.88903888261912;
  -9.458308008619129, 1.122180126752893, 17.92490151185019;
  -9.569981906877882, 0.3269480707428428, 18.14226046252649;
  -9.70287342529571, -2.437756055859578, 18.38437581514256;
  -9.984680659837924, 0.4624411711966014, 18.92965211361781;
  -9.881916879938814, -4.197294681192343, 18.70286624133857;
  -9.701468096090215, -2.25841366077828, 18.40704707284364;
  -9.95792992060305, -4.112895682408476, 18.86079893200405;
  -9.557686673961392, -2.004750669661528, 18.23124281276365;
  -9.685870102888332, -2.531251840293387, 18.46805390750106;
  -9.42907252557244, -1.549745525942547, 18.02876946045467;
  -9.665332340598758, -2.122711265073795, 18.48370432633606;
  -9.409947310700174, 1.145516529620829, 18.06778223061469;
  -9.949330769671269, -4.378136309427497, 19.02594051115039;
  -9.225902107918403, 0.8418179492613646, 17.77410347426144;
  -9.487848604652159, -2.100296294277816, 18.25970333928781;
  -9.356127703796201, -2.214585478638675, 18.05017039602588;
  -9.345069503733139, -1.896717571602941, 18.16606231891173;
  -9.389481268005925, 0.6157648794789732, 18.27912712748969;
  -9.391656331792117, -1.822749514473072, 18.29090168085488;
  -9.060979473104299, -2.418720982690602, 17.7091893917978;
  -9.608151547971366, 0.892796253767337, 18.80641766666598;
  -9.234880301074458, -2.415055353076216, 18.12111747164288;
  -9.70113953887302, -1.067793155999999, 19.04096632946462;
  -9.21542683252742, -1.601448083950396, 18.19601736923945;
  -9.594821841891454, -0.09604661037217269, 18.91974772879947;
  -9.846118994180626, -1.274408085894005, 19.37961582172524;
  -9.193058510849699, -1.471612074502526, 18.16147668185531;
  -9.309516128338546, -1.363784318213753, 18.39582135998082;
