m=[-27.7228557334427, -4.754622226920426, 34.31847175843036;
  -26.81308918149856, 1.451241825616559, 33.36878883521355;
  -22.07436198547601, 2.872031376118881, 27.69157170664631;
  -26.67835719366056, 1.244155699386671, 33.48775773282922;
  -27.02114952128421, -6.064212911373432, 33.90989856687408;
  -27.10075022343838, -5.097559146340602, 34.05930437574741;
  -26.8735223355861, 1.610954349015303, 33.84451637576824;
  -27.10802151274625, 2.269983522900761, 34.36473935190134;
  -26.26411356141443, 1.787290527397945, 33.37801567049894;
  -26.72635906335471, 1.731038124187408, 33.97112590706151;
  -27.28192548265553, -6.70385835364193, 34.78040145898572;
  -26.52237931501614, 2.486814840476629, 33.9236983459266;
  -27.07737927546599, 0.9822545268246459, 34.71801057559605;
  -26.60715736984296, -1.721411654949393, 34.19519942777653;
  -26.41164953762941, 1.802740889419449, 33.99835081869114;
  -26.89491321099596, -1.853742636165238, 34.59720237860434;
  -26.58164377845254, 2.251070406277191, 34.31048132173529;
  -26.27341680235189, -6.144799112022589, 34.28154618526979;
  -26.00125258398138, -5.249506279539526, 34.01873097545317;
  -22.19942002229508, 2.886493015520381, 29.39796296898159;
  -25.86252795892954, -6.687067861194876, 34.0834576489751;
  -9.015805287619699, 2.587599307230683, 12.63607210454681;
  -19.08980104668213, -2.191624700700832, 25.71452271137995;
  -20.39465348082377, 2.770682088843095, 27.44955884782844;
  -25.73744998417064, -6.043198664409464, 34.48808231309629;
  -20.30868052179153, -0.8797045536425978, 27.46834396908473;
  -26.07570264750318, 0.6973138516827899, 35.03977076801964;
  -25.39216254671967, -6.57059125228909, 34.16292072951216;
  -9.196307969320621, 2.570598602281527, 13.06052898548237;
  -25.63518582061659, -6.35000901077514, 34.58570208117269;
  -19.14334162146888, -2.128772394917102, 26.11733043486444;
  -18.86633254963891, -1.896166502436907, 25.88791208378443;
  -18.90765992597574, -1.598383391273327, 25.95539710192062;
  -8.388632290810866, 2.687391861133888, 12.10994525374209;
  -19.84408000659381, 2.708587196858931, 27.25427000095405;
  -26.02924929199147, -6.019509826781769, 35.43529416024258;
  -24.83166859809384, -5.219112736484456, 33.86811482399003;
  -19.0048636852229, -1.706514791993093, 26.19638594466763;
  -24.99743344802595, -6.375719837921854, 34.25021763671938;
  -19.23507690026695, -1.705385743019849, 26.64510282287574;
  -26.15321930362031, -6.277728878300136, 35.85868837100527;
  -18.7799249160339, 2.873544125682972, 26.1202769717267;
  -25.35857144773755, -5.329805990861573, 34.88717558305045;
  -18.95643739220584, -1.530073518427392, 26.36624845014116;
  -19.23984800880936, 2.247843994046998, 26.78876771579721;
  -19.34908962713223, -1.150831670084766, 27.08418576307897;
  -25.76436310898185, 0.6652070638068399, 35.75670542837799;
  -19.18995539168989, 1.513250848213537, 26.94372900859965;
  -19.65742658478424, -2.265046548939856, 27.69305615785006;
  -19.79360909801442, 2.051960003146884, 27.95883040787322;
  -24.44597890312678, -6.750921678702616, 34.29026416620022;
  -24.57569088048167, -4.889942246836891, 34.49049301049095;
  -19.01986198606823, -1.398084608378243, 26.9489271321937;
  -19.02519750245879, 1.437926123739665, 27.02871278112792;
  -24.40089218082952, -0.7629778253780578, 34.37810169653285;
  -19.59708908315941, 2.154808576910084, 27.84898021116678;
  -23.74860761576817, -5.580025455954001, 33.5330229492171;
  -24.27213163084908, -6.058200195930541, 34.26530487544306;
  -24.29256129285414, -5.497171598040955, 34.30601505524016;
  -18.69237403304206, 2.440964139486777, 26.6948329010311;
  -18.41702399839797, 1.303874839178418, 26.32836173415525;
  -18.92545090202143, 2.011429884945872, 27.06866797172339;
  -19.10824626033372, -2.510590956392859, 27.33505118626657;
  -18.87115769126645, 0.4880199967264334, 27.07777005679017;
  -19.13601444990776, -1.262916764828794, 27.45050190002267;
  -18.61494714208471, 1.389726369353981, 26.77237186502949;
  -24.33425175394096, -5.527235853885958, 34.67548999810265;
  -19.74948147469037, 2.552398128630765, 28.42827650042504;
  -19.02355431828119, 0.3623100247848722, 27.48611704023665;
  -18.67072002860271, 1.608726865837018, 27.01567775758057;
  -24.67106324172601, -6.204710616180383, 35.33320454337649;
  -18.98068150500882, 0.6136252495939979, 27.46172844706178;
  -18.79431587449729, 1.788895847653871, 27.36572432369934;
  -18.39671927858573, 1.952304233623435, 26.82796517667056;
  -19.14598509222397, 0.4965211712475809, 27.89577427244405;
  -24.57234473969142, -6.039584897232768, 35.55380076124046;
  -18.77581003238311, 1.128659569248553, 27.51789456619128;
  -21.68924540233419, -0.1323760006940383, 31.67835260277226;
  -18.5442632662816, 1.777370334772717, 27.38300064561977;
  -17.98834069452256, 0.9558407042133775, 26.72400419013855;
  -18.04767260088402, 2.010657646647318, 26.96889649043406;
  -18.43717120136721, 1.866667828778472, 27.59667994866542;
  -23.39606065503975, 0.02418635142068041, 34.74120202723851;
  -19.05283587520607, 2.725893342866619, 28.58312771639664;
  -18.21292421916685, 1.607530708410769, 27.42873313095055;
  -18.53302062250912, 1.937541532367918, 27.96771019630691;
  -18.47647076604095, 1.523365503813875, 27.93346656519717;
  -23.16681462252306, -1.62650133980155, 34.8066095753451;
  -23.31994093492367, -0.0723475946946875, 35.13088953283899;
  -22.00414898777803, -1.081488949817659, 33.20923241811872;
  -23.47588298754913, -0.8132907237207008, 35.38384113022499;
  -23.48958821799529, 0.08687578238014082, 35.42568696266083;
  -22.99130753398487, -0.3911335342153309, 34.79303860869673;
  -22.17032537264551, -1.929968477684453, 34.0604283779067;
  -21.56794362378194, 0.6060010985894747, 33.35816611215358;
  -22.06801571704066, -0.9529209006005307, 34.10793995178921;
  -22.29605322887451, 2.300718032871314, 34.50560537669133;
  -20.22725597731057, 2.346547781797213, 31.62764012467138;
  -20.99219796368912, -0.1740152956620046, 32.78462728552821;
  -21.60893083615699, 1.945571112725855, 33.76263949058241;
  -20.99437498001219, -0.695518754855649, 32.8183352260159;
  -21.74777294758985, 1.02227707850451, 34.09185766144314;
  -20.85940618720049, 0.01251354684771308, 32.78417611156651;
  -21.03431294403519, 0.417811378128461, 33.07682631161025;
  -21.24982386733187, 1.203291644111665, 33.47245304000121;
  -21.16940965664699, 0.7987366474441972, 33.54201229699937;
  -21.11281819790762, -0.2814866120417747, 33.50971509655658;
  -20.94326970451435, 0.934268502315412, 33.34541068269195;
  -21.06980079069113, 1.999243177646363, 33.64183619156381;
  -20.41473681316937, 1.500334129554345, 32.81928085816914;
  -20.73269430871848, -0.001170239116036174, 33.37232090987996;
  -20.96325772818059, 1.561150732992248, 34.07590705351375;
  -24.6509852562747, -1.601655693995339, 39.89347614297068;
  -20.33764254633098, 1.006940853198344, 33.32155941989785;
  -22.14768453652773, -7.120944982134295, 36.4985290559992;
  -19.82414181604903, 0.6697846093630864, 32.95634871534788;
  -19.58626630905749, 1.999753996944979, 32.69452033254083;
  -20.87983539335886, -8.156483808845939, 34.82069427396796;
  -19.40851542611988, -0.7858110979632329, 32.6606913686929;
  -19.82977756229504, 1.605040163930884, 33.53777140408937;
  -19.70467593632093, 0.4522292303826146, 33.49608085716749;
  -19.84048952312449, 0.9545754482656297, 33.75962061606719;
  -19.66575532022373, -0.2999660853739017, 33.48360056157931;
  -19.49846842450533, -7.82803164636583, 33.27306497974737;
  -20.13323475287173, 1.570826867274313, 34.41532833673272;
  -19.11693184508272, 1.290447949279111, 32.7372538671564;
  -20.22160196748876, -6.959685584683802, 34.5780545113738;
  -19.05416966559445, 2.094744908917148, 32.72691225446148;
  -19.89635933695064, 0.8788340365728494, 34.18343631531055;
  -20.34844080558398, -7.380491233863981, 34.90323716012824;
  -20.4510314695209, -0.8144156895083748, 35.15961544873186;
  -19.91362732366333, -7.081618521895531, 34.2539477515942;
