m=[-13.85735415676302, -0.9551236705359845, 17.82588708996137;
  -13.57702499797451, -3.175380338958964, 17.71529805308616;
  -13.55252443464922, -2.736178262701611, 17.73144125620397;
  -13.40393213991339, -3.465747972077274, 17.66464415798676;
  -9.846244880793091, -1.130408506465069, 13.26318105619902;
  -13.34791557459351, -3.134114126405094, 17.88615466287325;
  -13.25958124295216, 0.3545864053296827, 17.8178396000947;
  -10.11158806792765, -0.7153487655434102, 13.814322668826;
  -9.725911602077337, -0.9775057095489649, 13.34565389573057;
  -13.22076231743031, -3.421064474980017, 17.78737254863869;
  -13.30924089254601, -3.296789037755895, 17.95615774573253;
  -9.709456346535744, -0.8718468678340392, 13.38355644005608;
  -13.13578979555788, -3.037775499012507, 17.88259700505152;
  -9.724787074596586, 1.488004073321199, 13.52583319769606;
  -9.700483847517269, -0.7829769457166821, 13.49226977192363;
  -13.08674615950971, -3.337839753689704, 17.93079697768354;
  -13.20486083825541, -3.169649413170922, 18.10518943325443;
  -13.05701136379514, -2.744292498216094, 17.9632456417117;
  -9.882959091223839, 0.7793346009616324, 13.87620586509149;
  -13.19370091219265, 0.3406466135965015, 18.31069043049353;
  -10.14444101066415, 1.051651929927924, 14.3292061793968;
  -9.748852516991725, -0.7166046033004443, 13.81298751249365;
  -9.811866741575706, 0.7415817632663577, 13.9395203634799;
  -9.905305204945591, 1.089143215196724, 14.07620527046278;
  -9.740864615635532, 1.272021476369549, 13.91106088324077;
  -9.611628743672732, 0.6804769806179914, 13.74046308675237;
  -9.747856771469397, -1.210224775446894, 13.90753322959639;
  -12.74790503590056, -3.520419812433682, 17.881428801804;
  -12.77591703172929, -2.542085052231564, 17.93022540967259;
  -9.738579300430562, 1.035033170052981, 13.92888185144888;
  -9.815635159192381, -1.289654975458213, 14.04162819793781;
  -9.826587691974288, -0.6485238799197516, 14.09618313235439;
  -9.621234502705343, 0.7182874703908793, 13.83744288613824;
  -9.721987280466143, 0.991640911822982, 14.05389946803252;
  -9.677633032333148, 0.8338547325960432, 14.00309227802159;
  -9.773758400166269, 0.3159752159684466, 14.14092002027039;
  -9.700970354767035, 0.9233656442586653, 14.12523244653806;
  -9.554903996576824, 1.013989464202797, 13.93393179538149;
  -9.804883458957775, 0.2542743136766043, 14.28575309242213;
  -12.73348136316124, -3.202438671606037, 18.23653472676081;
  -12.65032570846614, -2.905761063870017, 18.13143969043424;
  -9.665361980072563, 0.5810083969876763, 14.16558920509873;
  -9.557169331743333, 0.9160045352422492, 14.11239531188454;
  -9.465071859185349, 0.8562892331694476, 14.11590319335412;
  -12.15212661415116, 0.01256261082291008, 18.04489618947306;
  -9.489871098804187, 0.9921221027736451, 14.32092318341851;
  -11.9745187877, -0.840709919297128, 17.99092396116029;
  -12.12479521511975, -0.03761586585607024, 18.26569125965331;
  -11.75508030248271, -0.5777541980112736, 17.74107210761155;
  -12.28760037283115, -0.4256875622233584, 18.52038961407951;
  -12.21565887566369, 0.04517937531570599, 18.42297546282163;
  -11.84267812723556, -0.2014704271878967, 17.9216756899193;
  -11.56532565292344, -1.006783327223408, 17.76789196583454;
  -11.19046704105361, 0.3144219698873024, 17.30779090206975;
  -11.4694248462589, -0.4952622290108095, 17.72694287305944;
  -10.53857112928159, 1.222571204639291, 16.47826751582382;
  -10.97485245969854, -0.09097628551925566, 17.14000830343005;
  -10.91203374294611, 0.07889225839733725, 17.05497826287834;
  -10.95226785119495, -0.3628356503092356, 17.12054767850127;
  -11.37112283529264, 0.3926808611992042, 17.79252814896725;
  -11.17166930730023, 0.5251361364222372, 17.51273386856841;
  -10.86944320371657, 0.006520573285625168, 17.08321593756444;
  -10.90365040726976, 0.2165827434161194, 17.14618165296689;
  -10.89232608748818, 0.4109750892017688, 17.25841870393109;
  -10.92390475856495, -0.1456429412658993, 17.3381370866779;
  -10.76545343269181, 0.4802413470872372, 17.14051678478486;
  -10.87017124425456, 1.031434322318088, 17.35624005211413;
  -10.53446065768219, 0.7742059574812787, 16.93548274356275;
  -10.89935479407891, 0.8116837538587872, 17.71696964861657;
  -10.57311086964249, 0.523487285007828, 17.32317505794295;
  -10.28614834409254, 1.050213753846272, 17.17022942876793;
  -10.20945409470961, -0.4133599173160905, 17.18049123846928;
  -10.62984152115225, -3.652816420035978, 17.88086689028476;
  -10.26072135804413, 0.8305120841031869, 17.35378655993929;
  -10.27325571797846, 0.4942719619244751, 17.48047673554469;
  -10.3022855376066, -0.1571430241452256, 17.5410304966934;
  -10.16588974419726, -4.08129012487097, 17.34753226107318;
  -10.03323112560078, 0.6772719929953198, 17.18165012714293;
  -10.45955427279859, 0.8160709927192559, 17.87934224046607;
  -10.49859627488751, -3.613310620554338, 17.95214023446869;
  -10.34755702935724, 0.4570577540730887, 17.77787839181077;
  -10.41675698457842, -3.778214967157334, 17.86763629439315;
  -10.45504645193683, -0.4163483821188257, 17.97441920211073;
  -10.40311976026986, -3.699523164837047, 17.89467659156267;
  -10.38182864410409, -3.555055853671787, 17.93486024175165;
  -9.930081859890491, 1.182186948348727, 17.27478700383423;
  -9.649900406000986, 0.3804975477568348, 16.99113854020413;
  -10.06742201578872, -1.135341747250878, 17.70420582406597;
  -10.11178438020252, 0.107883241214777, 17.86574112576825;
  -10.26599492585808, -3.717669116494087, 18.08818778625723;
  -9.639789408946125, 0.608585604453962, 17.09200059434069;
  -10.12785450588348, -1.209794868067442, 17.92226692319709;
  -10.20760151547648, -1.170648398289419, 18.20292143224089;
  -10.03926987911502, -0.1879445151986644, 17.92814418740305;
  -9.575467329975972, 0.6416710164253552, 17.16791592128135;
  -9.535032271926157, 1.237183488626118, 17.14675426010917;
  -10.08743001744133, -0.5267785747883709, 18.09839060023456;
  -10.10241025150778, -0.4060110282501082, 18.14747382068371;
  -9.60060151409777, 0.3763173690188278, 17.40165608224525;
  -9.985793427698189, -3.881361192110143, 18.0664662772761;
  -9.29450888791742, 1.283851047940272, 16.9224019824663;
  -9.543733914104708, 0.9711730681590693, 17.42173902282289;
  -9.448935879888673, 1.190712532498157, 17.32626850024554;
  -9.633125986642446, 0.4050202216926127, 17.68271437729631;
  -9.433710509348545, 0.917075374667267, 17.3638122193853;
  -9.722007019679115, -2.361182973129495, 17.85547985573874;
  -9.750175179365876, -2.186955946680382, 17.92402583386957;
  -9.877787550825307, -4.114581256869657, 18.13430465653097;
  -9.846026208005357, 0.1794619533700975, 18.11622058676696;
  -9.941033824345652, 0.5320686825386194, 18.2843817253676;
  -9.733244431169803, -4.333783869568543, 17.88476420398332;
  -9.950347744979647, -4.023031004730222, 18.27133762751198;
  -9.420907690823443, -1.89149519664454, 17.39386762182901;
  -9.56112355129507, -2.245102510841618, 17.64765781826327;
  -9.746104754436985, -2.468394652686833, 18.00875100756961;
  -9.47824096461647, -1.484255651701242, 17.55243118902046;
  -9.510327635102398, 1.231594348567704, 17.67748674299699;
  -9.624608516470598, -2.491974359453524, 17.89183972615689;
  -9.643582123193028, -1.729868467036615, 17.93482636583623;
  -9.864852174399758, -4.265979041039492, 18.31046905677384;
  -9.53527953685408, -2.031051250857642, 17.77775194773388;
  -9.604306500705313, -1.907794536086716, 17.90831670931285;
  -9.489015501739793, -2.164518696180556, 17.72582575769464;
  -9.675907590198348, -1.197435998577479, 18.1853875194021;
  -9.385094616538177, -1.825892078201569, 17.66818049658841;
  -9.43780039551708, -1.746934428543348, 17.8083897739951;
  -9.328583053226813, -2.194066367975087, 17.67723795219903;
  -9.589346769586344, 0.9695959747564453, 18.18959559062276;
  -9.173373609193323, -2.027855271434157, 17.43951461457138;
  -9.20669581708791, -2.327854213285199, 17.49991942278426;
  -9.391256295266357, -2.298705757443891, 17.84807858885506;
