m=[-13.39472107464582, 0.3922264248424383, 17.36664154610282;
  -13.20535025829739, -3.306658683906889, 17.22766448972825;
  -10.15589017621485, -0.9875876261478706, 13.53580103881767;
  -13.27000419988625, -3.175424297162776, 17.36537958029127;
  -13.12359020338859, -2.655422923222139, 17.35054940910476;
  -10.2880931165371, 0.8928931582199783, 13.87089974495811;
  -13.06539976283674, -3.223849419268426, 17.36002215754782;
  -9.964608216721205, -1.052547780223174, 13.5037015212975;
  -12.96227399033523, -2.994230282876893, 17.25357173691278;
  -10.20150112068927, 0.6612036305006113, 13.83291043488971;
  -12.76063295516621, -2.561197327892296, 17.02554692497067;
  -10.20095988350647, 1.142227713402493, 13.85456018418628;
  -10.17066405992427, 0.9378466054400388, 13.83510253251328;
  -10.11384946711605, -0.6531599821651274, 13.76896178797563;
  -10.14696568978727, 0.8448034695330307, 13.84449591595735;
  -10.14219478461306, 1.1991184750105, 13.85568815657119;
  -10.06605166960322, 0.7889669610340855, 13.80597906834196;
  -10.30508732443027, 1.433983945150307, 14.12383634546878;
  -10.16901236345251, 0.7128655213965428, 13.95591726354499;
  -10.1132143447715, 1.161246247623009, 13.89069317278918;
  -10.14504665266732, -1.243178939524406, 13.95574571190511;
  -10.08707438814562, -0.5761665376366535, 13.91265240497774;
  -10.07490902390505, 0.8398687250824427, 13.9106269937822;
  -12.75754778518408, -3.412396479717878, 17.35421996114783;
  -10.0979037505645, 0.486629687882532, 13.97202127537994;
  -12.82559620482179, -2.439814060511869, 17.4524758110949;
  -10.57796478312303, -0.3873503759245139, 14.65162953503421;
  -10.12081603296889, 0.4165604340316291, 14.07377546175326;
  -9.989482787673328, 0.8875094120756604, 13.92635294796962;
  -9.940853097674259, 1.030589906760631, 13.90626445716607;
  -10.04353975188565, 0.4816299970371583, 14.05784195254154;
  -10.09026333360531, 1.154126719296161, 14.12526202555912;
  -10.05388781419511, 0.3501752496750344, 14.08770931697353;
  -12.75007251195631, -3.209999470205897, 17.5682139161121;
  -9.220036048958795, 1.608068113151469, 13.0342630332348;
  -12.65918622292217, -2.753728259106164, 17.49167590481701;
  -9.946849904587621, 0.9457186215469225, 13.98970117036777;
  -9.951763326483491, 0.8488726357658128, 14.016039492643;
  -9.888806349952478, 1.034707800546325, 14.02909001466404;
  -9.599889716166638, 0.5942089397641035, 13.69139091703991;
  -9.865496787080485, 1.181928745129836, 14.15393632343885;
  -12.69201034572393, 0.02215860694475659, 17.91202778872486;
  -9.779799894912118, 1.077565376115601, 14.06770059573371;
  -9.779612760563605, 0.5592234398595274, 14.07806304169805;
  -9.75324462741823, 0.840641531843217, 14.08483155259986;
  -9.738248855593058, 0.9394706670346319, 14.09122041180772;
  -12.19000356750433, 0.1193137855298161, 17.53916146859512;
  -12.10743233914641, -0.7410682653301377, 17.63153340865816;
  -12.07804032155465, -0.4966560929677041, 17.6439745947257;
  -12.27320705176927, 0.07371903365266923, 17.92095503999678;
  -12.19886436015657, -0.3116011061727466, 17.8274571761196;
  -11.87585469613902, -0.9335669158832487, 17.39047426621241;
  -12.31782736258956, 0.1576180778612951, 18.01003412559643;
  -11.9275467664258, -0.09682363705149011, 17.49144239366065;
  -11.80299596322904, -0.9221018704866727, 17.56562612813056;
  -11.41205729573717, 0.4389575455397521, 17.07900730751645;
  -11.65884638287218, -0.4030080662851371, 17.45404573583133;
  -11.31237549089754, 0.01708661794763959, 17.08696178363622;
  -11.12656851312391, -0.2657259956303728, 16.82449710698013;
  -11.1029883012385, 0.1098658886639198, 16.87693576391247;
  -11.0869353397515, 0.3223975410290174, 16.86515363481161;
  -11.01723614382639, 0.5178274713814502, 16.89248035681997;
  -11.09043597514737, -0.03807355619345566, 17.03611391724512;
  -10.97162785729543, 0.5924893572877725, 16.9008507734743;
  -11.27301404579658, 0.6984411842466837, 17.36673210221514;
  -10.89524519178189, 1.13814376184994, 16.83240858507172;
  -11.24673327528908, 1.03231335775299, 17.36319268417263;
  -10.77901070804651, 0.9086441859318698, 16.75660983565139;
  -11.4762705434813, -0.9827779359852157, 17.7932902336463;
  -10.80117416716443, 0.1202101759771473, 16.82421355668786;
  -11.08693752476405, 0.9294613418510217, 17.44541011874696;
  -11.76936718924611, -0.6598051737103872, 18.53214875109164;
  -10.68029439733503, 1.002432891282872, 16.92723501880237;
  -10.48616046397807, 0.4694568921671097, 16.85987072224858;
  -10.51154095374121, 1.175758996017739, 16.96098621038298;
  -10.48075402354833, -0.3189381435343089, 17.05632357428018;
  -10.35693531503165, 0.9419801326865218, 16.94673860501703;
  -10.65463272216793, 0.3568270734540939, 17.52528294317417;
  -10.52494325698823, 0.6107499171865201, 17.33156055658698;
  -10.49213522891142, -0.06230036388659115, 17.28938791723715;
  -10.32574793740904, 0.7899223340826738, 17.0953710115495;
  -10.40831772347899, -4.064034234439268, 17.2071492895737;
  -10.5579838909731, -3.70996017811805, 17.56592449152754;
  -10.14380029281783, 1.296902686848825, 16.93217052612429;
  -10.51893251772476, -0.3114791895929096, 17.52817513267146;
  -10.84355568100017, 0.5868168002107707, 18.03661524486231;
  -10.60738157876539, -3.656068991315117, 17.68988165630626;
  -10.5264768847836, -3.487567185831185, 17.63169714161485;
  -10.17358545169353, 1.317632822873464, 17.11728153870812;
  -10.41730217937254, -3.569708899185446, 17.51818836179438;
  -10.02805786505319, 0.5208152088475677, 17.07483797314837;
  -10.05890220502105, 1.380388303475062, 17.15662598327849;
  -10.34095810333965, -1.049650804815733, 17.61237790531214;
  -9.927959814800177, 1.009664044804877, 17.01700809356564;
  -10.01027748083443, -3.507755546009265, 17.13294112558257;
  -10.34063860623919, 0.2019063121279178, 17.68598038315312;
  -10.31908444314332, -2.207418050763183, 17.6988769883777;
  -9.900996045522838, 0.7000107092079705, 17.05498553552414;
  -10.14354901295284, -1.050981905950338, 17.54253550834288;
  -9.883336455221379, 0.7623345135482124, 17.13739222480989;
  -10.27264965390978, -0.09152738871035168, 17.7701392127342;
  -9.839180204711068, 1.377199496719085, 17.09954344295475;
  -9.705018134132565, 0.3704558242481879, 16.91349207986811;
  -9.825608018005019, 0.7407822385705417, 17.28835790877933;
  -10.12101395859023, -3.816886652717411, 17.7640822055832;
  -9.873445222883207, 0.4693346348063289, 17.40641894574915;
  -10.09047141612754, -2.208084375915954, 17.78255310808737;
  -10.09859689181608, -1.857667976915699, 17.79797925507651;
  -9.709830585036432, 1.32583434703448, 17.22629709684124;
  -9.894914585842992, 0.4284882468139556, 17.54910301808718;
  -9.837020712121088, 0.521017419144121, 17.47797030023527;
  -9.978780035826908, -2.311921015057272, 17.75488195727917;
  -10.07375575103824, 0.6483859068836747, 17.93804837325897;
  -9.965937416924405, -2.117739879374557, 17.75547503790746;
  -10.08714846250693, -4.081924714409427, 17.96205933162568;
  -9.954846734926905, -3.908522315997584, 17.74510672012212;
  -9.814409230377997, -2.19156428483219, 17.55114919304379;
  -9.933152181038782, -2.399287935086476, 17.79004712318863;
  -9.867231911979426, -1.437457235479568, 17.68904800726518;
  -9.711795799387373, 1.357717762970889, 17.46319052002888;
  -9.917875967917967, -2.452724551982432, 17.86272050230846;
  -9.689662132403411, -2.102423811152061, 17.53378382683148;
  -9.575311135343927, -1.750934620582943, 17.46130282968278;
  -9.81780283860421, 0.808621794250291, 17.90699128250465;
  -9.690450832147167, -1.68009473006575, 17.71053587904374;
  -9.72728632693504, 1.086286502535224, 17.87285422808877;
  -9.435454378350888, -2.275277146017814, 17.37025510402113;
  -9.589934043272082, -2.234166922156334, 17.65883674291079;
  -10.08943147461133, -0.9088275927216764, 18.61708057568088;
  -9.508595633772725, -1.457826605536082, 17.61070757011743;
  -9.509938116980619, -1.327350880757035, 17.61968581851112;
