m=[-27.63293095011623, -1.526700783959322, 33.93617120159801;
  -27.19081561260589, -1.746516109051971, 33.69133279503235;
  -26.96069890447659, -1.648601585551226, 33.61601628171016;
  -26.66876430424707, -6.001413387138032, 33.73687359530823;
  -26.79750982042051, -5.181544152526402, 33.98163142615693;
  -26.25319287734338, -6.576975839458093, 33.54935310145461;
  -19.73135449852444, -2.110449473520464, 25.49933232678037;
  -26.35342774184798, 0.7716854041174489, 34.16797785883701;
  -19.98465597401112, -2.059020278040478, 26.17232872110336;
  -26.29501561961314, -5.937229831925931, 34.16637452997153;
  -25.50670087819405, 0.886845354922103, 33.21899296962969;
  -19.50575085122246, -1.798640482942985, 25.68148785162221;
  -26.04543414129364, -6.521853589254037, 33.97880344700322;
  -20.93706621447157, 3.025877246462064, 27.6185636087152;
  -26.1271874297053, -6.252063264721745, 34.19053379697773;
  -19.31005275884887, -1.570333392973677, 25.54951384678091;
  -19.35320765636867, -1.8819609188432, 25.79401349898836;
  -25.21510877327603, -5.584663743864772, 33.30697456849625;
  -19.62151404093197, 3.166471197600732, 26.16657023909617;
  -19.31447089211842, -1.394754366140744, 25.79220686459271;
  -19.75728626971281, 2.451246755040491, 26.40527334902246;
  -25.87535275931698, -6.384668091348019, 34.38063169822063;
  -25.28710010549067, -5.841212811768489, 33.6586617451445;
  -19.75187406182024, -1.008688918772901, 26.57047854552479;
  -25.5834258223234, -5.134870823781328, 34.13402911672417;
  -19.73541719194177, 1.712816824818266, 26.60823441171269;
  -19.72542468382671, 1.278490514269666, 26.74704729367337;
  -25.53003400939458, 0.8747378711960314, 34.35925151499102;
  -20.13758268462855, 2.254856923857474, 27.35010768146569;
  -19.4385209105524, -1.255354255818606, 26.46353917985304;
  -19.58310338190379, 1.630425704297734, 26.71913979815789;
  -19.42281924794621, 2.296372914503278, 26.53434807121568;
  -19.74994340887757, 2.748264121820367, 27.06866616044697;
  -19.44298606165492, 1.523921606007077, 26.6668071458303;
  -25.16138585217041, -6.730182473349886, 34.22728505183318;
  -25.1313934290977, -4.780746724703245, 34.19763330421574;
  -19.48146149402006, 2.236951901433677, 26.75815966570954;
  -19.56987490445637, -2.398101966731799, 26.92074340620012;
  -19.67972738051169, 0.6938768318426891, 27.12661223785178;
  -19.58203405403845, -1.118511902128692, 27.00862734753344;
  -19.35334892721727, 1.613341862542938, 26.72155325355834;
  -19.3291864515415, 0.9314959027422978, 26.74493746502845;
  -19.64883739906959, 0.5453312068823693, 27.28830945949573;
  -19.46543431498057, 1.838267657854491, 27.04738401954372;
  -25.16817042543061, -6.336419942390425, 34.67900292304204;
  -19.54966716113089, 0.8046404372223022, 27.18532034190699;
  -19.24860004106061, 1.710129950551739, 26.83450220835184;
  -19.38800326502119, -1.736136583849254, 27.08691092683144;
  -19.43445654638629, 2.014812467631144, 27.1868711527967;
  -19.26744274265873, 2.203814682194813, 26.97230669848818;
  -19.7289610164531, 0.946086705547865, 27.61442904679893;
  -19.48872858106002, 0.6787891930807288, 27.30799749125184;
  -24.81651387247001, -6.021942071697509, 34.49306423483609;
  -19.17206522833515, 1.822826248899802, 26.96446271291423;
  -19.18393600148771, 1.636365112764376, 27.01860924542292;
  -17.63406671931933, 3.075560686091377, 24.92908517328154;
  -19.32331942244952, 1.331343091155023, 27.21811922243813;
  -19.14234109223074, 2.002944435143558, 27.15693044950747;
  -24.66243431105428, 0.04305741748655658, 34.80569245407504;
  -18.17801479987962, 1.125173228090566, 25.92553811339729;
  -18.75550993718412, 1.072488353085587, 26.99915198479243;
  -19.44186214229957, 2.933633939632125, 28.06050153758153;
  -18.7446913402218, 1.808342335248734, 27.12351893478932;
  -23.86597476431279, 0.2335963052611478, 34.33872538910148;
  -18.82469131477082, 2.126218283971151, 27.31305172119129;
  -18.70576159365451, 1.695058300629525, 27.19165624410098;
  -23.42313951109969, -1.433676842442733, 34.11011148006392;
  -23.85284885130826, 0.1432721667421181, 34.82918767988291;
  -23.63415081790613, -0.9718501257925793, 34.52549796963887;
  -24.28153371563665, -0.6202341908215228, 35.48510662188073;
  -24.01302161751005, 0.3072689849907076, 35.1097093715983;
  -23.09278069952139, -0.1874590861596036, 33.86497250650957;
  -22.83359003650298, -1.78386031378639, 33.98173709401915;
  -22.26921202525235, 0.8565711158285653, 33.32756093452036;
  -22.51302708754188, -0.7782014802171219, 33.70345500179437;
  -21.12031315763673, 2.657617534641741, 31.88996723926228;
  -21.93963169199073, 0.03313840713072264, 33.13907397873653;
  -21.76237091447432, -0.5197314582393708, 32.90690620919961;
  -21.89888748616719, 1.24354498915286, 33.23602900784822;
  -21.59243645920408, 0.2136606970706309, 32.82126876308604;
  -21.52499238872935, 0.6259263181515228, 32.74325072704967;
  -21.33988194304028, 1.003008101295478, 32.71996096241119;
  -21.57879091074839, -0.0740801633198457, 33.14736598053698;
  -21.10238507612641, 1.139570055931086, 32.50641251916461;
  -21.83487233303124, 1.352821350900735, 33.63788750314003;
  -21.73625180135122, 1.995123609032205, 33.55736452715464;
  -21.39490985258269, 2.234964221128863, 33.05367230753898;
  -20.94353655618897, 1.76548880412807, 32.5579666034456;
  -23.26252009926207, -1.992101127482855, 36.06718490331441;
  -20.55294294920525, 2.692010449835173, 32.14458882531757;
  -21.51081564755882, 1.803335820322977, 33.84748945524606;
  -24.61448713722939, -1.379918367761625, 38.75818722656287;
  -20.83977329420768, 1.955982992585375, 33.02902777451865;
  -20.88792511043814, 1.225417683391997, 33.10855271309624;
  -20.62738900463786, 2.307258116891837, 33.28349877563364;
  -20.49943804872111, -0.6238151091100777, 33.36067688110128;
  -20.26064079202917, 1.842738273540262, 33.15187099549964;
  -20.25185065423667, 1.17519076425769, 33.34898511341694;
  -20.43849420080963, -0.1213600090185392, 33.6794224409422;
  -20.2493071931199, -7.906549342827886, 33.4763850546627;
  -19.97178846538202, 1.527846879084148, 33.06541430698157;
  -20.60205586993859, 1.807333281601304, 34.09811852967663;
  -20.72663694309042, -6.907553388611875, 34.36979388330943;
  -20.43787560873218, 1.106029158759829, 33.99531570838555;
  -20.30797045266098, -7.135998923259031, 33.78753739647319;
  -20.27714735372154, -0.6004325452559637, 33.78873183263795;
  -19.46366708893461, 2.488464028756847, 32.4890199629517;
  -20.67321872885308, -7.125482701267344, 34.47663215024177;
  -20.54915566648591, -6.808219101546674, 34.41953971809123;
  -19.68518854987419, 2.549528942468302, 33.12076319117749;
  -20.49367759290577, -7.022592032060984, 34.46305944827957;
  -19.31467318320136, 1.00312300578036, 32.88721700108856;
  -19.92973685753836, -2.02295223742614, 33.94366881488804;
  -20.11492072993123, 0.3927542212794625, 34.40330012341744;
  -19.23305948722274, -6.739560537877119, 32.9180561168567;
  -19.1455306139015, 1.947082204215839, 32.81637471242404;
  -19.11024989035007, 1.407501675618437, 32.76432620369466;
  -19.98208218657824, -2.174301241010058, 34.26052748078249;
  -19.77675402006049, -2.049086627074281, 34.20246791272511;
  -19.67153496844119, -0.1752697004419426, 34.02879750545408;
  -18.88447546172879, 1.456622212544893, 32.74508202910258;
  -19.12108272766188, 2.676396301457234, 33.23059218098624;
  -20.14497698275317, -0.8369230928839402, 35.00752505272183;
  -18.49197340348993, 0.7058677433143946, 32.22702331704748;
  -20.01404027906257, -0.6046457777658454, 34.82859336053345;
  -19.59487173379788, -7.389714576864449, 34.39229643504308;
  -19.36581141581295, -3.562400608672538, 34.1307127642342;
  -19.45523567203071, -4.257363223735307, 34.28618419306853;
  -19.48658561906805, 0.9262956687044709, 34.35393274088166;
  -18.73555358294196, 2.095889796440087, 33.08960734029052;
  -18.45890510643533, 2.520481710203832, 32.74810828686169;
  -19.05815854814906, 1.009414625727166, 33.86166796124399;
