m=[-13.5876766037321, -3.20522840318647, 17.23930801472142;
  -10.70652667026812, 1.170430978825995, 13.78675158921379;
  -10.29209421166462, -1.068303586392244, 13.35141190164777;
  -10.31986690405799, 0.6941347391182581, 13.44098237601874;
  -10.26875027109899, 0.8324208700615011, 13.3810860846818;
  -10.16217994276902, 1.170474511487049, 13.26891253473009;
  -10.24976363950414, -0.6226280335128367, 13.40318253315795;
  -10.23359971045542, 0.8867152880279383, 13.41232410252919;
  -13.41724855093066, -3.26267086007957, 17.28707012103888;
  -13.32292245672365, -3.02644396093251, 17.18412292325773;
  -10.28019527567316, 1.250275626722041, 13.48606808145847;
  -10.29101584406225, 1.154081511043188, 13.5100806642187;
  -13.00846296970744, -2.560740635318018, 16.82483002773097;
  -10.08166568236942, 0.8208784227175213, 13.28043941490209;
  -10.33132822429406, 1.472211584019755, 13.60714602863191;
  -10.16645203618862, 0.6785414244735786, 13.43975655627057;
  -10.24688150714751, -1.21913179129897, 13.54978142262913;
  -10.20199271105511, 1.01436952325523, 13.52431110809732;
  -10.22678667786316, 0.8867498093054435, 13.56339103254862;
  -10.1681463213194, 1.205528669041425, 13.50773879456;
  -10.19166300635695, 0.5297344334093537, 13.54795300841147;
  -10.11545903655822, 0.9905401333118895, 13.50760728875753;
  -10.18241421461566, 0.4538207370741452, 13.61122385297137;
  -13.02443360094462, -3.437799178202993, 17.17825258882992;
  -13.09010273422975, -2.437910907943121, 17.2674162714659;
  -9.96643558956986, 1.067333388229957, 13.40070793169398;
  -10.10340883989791, 0.7853340382717755, 13.57294197911391;
  -10.24474968649694, -0.8722284534196346, 13.76129741702093;
  -10.12593020171554, 1.195102469568891, 13.62105436927581;
  -10.1726083473936, 0.5197570853267099, 13.69460930238413;
  -10.02714591876225, 0.9909297049583697, 13.55177366990739;
  -10.02687146816928, 0.8896445776621273, 13.57047761746109;
  -12.9362924237608, -3.194318850836972, 17.28819708854431;
  -9.967810337574695, 1.07471542103005, 13.59045573686899;
  -9.886852520203435, 1.008743156558626, 13.61375250236243;
  -9.870811246514498, 0.6030421191662112, 13.65563808897647;
  -12.94942605883529, -0.07254587238818913, 17.63030332979787;
  -9.776246334763936, 0.9706108206510979, 13.59349883449709;
  -12.95580238116969, 0.06953591546381213, 17.72799438027584;
  -9.88280434757232, 1.144292832654924, 13.78208453569912;
  -9.811411006331543, 0.9185069510621892, 13.70698547064816;
  -12.48981845850877, 0.1695875779469491, 17.41641393871051;
  -12.5585946003842, 0.1207581984722207, 17.61817863594923;
  -12.18530380866255, -0.4531638700872803, 17.25574439194689;
  -12.37685470321499, -0.2686779709018866, 17.54771250830661;
  -12.53488606697999, 0.2047471978482391, 17.77283799276271;
  -12.18183138067794, -0.06013590696956334, 17.30440319190782;
  -12.08841500038407, 0.2281041954292268, 17.35772924243202;
  -11.924173752687, -0.8877023138930039, 17.19430216274489;
  -11.3868995888555, 0.483451417558489, 16.4994361013127;
  -11.8194053034359, -0.3640095685179848, 17.13874113542446;
  -11.33753283034939, 1.479349314041887, 16.55249815225742;
  -11.36189724268189, 0.06226488007218042, 16.61337702222823;
  -11.23904958071323, -0.2244314974859084, 16.44822252031804;
  -11.28600933347114, 0.4934920557933979, 16.55921903589776;
  -11.26400564445093, 0.8927167369535646, 16.52617349404016;
  -11.25859092330194, 0.1540678040709143, 16.56060267966356;
  -11.23564609596194, 0.3724861509217647, 16.5384223125054;
  -11.28057373781831, 0.06164794122389294, 16.65936049941996;
  -11.12242218026785, 0.5643335602222545, 16.49986936677057;
  -11.21032929176862, 0.005337630975537545, 16.66959597823799;
  -11.1772490825587, 0.6459533004710474, 16.65471158254788;
  -10.90947671782284, 1.183618337969459, 16.31211474244715;
  -11.43414142778861, 1.095988914988775, 17.09319649304548;
  -10.81938953095703, 0.964576138996136, 16.27438271982663;
  -11.54804434158772, -0.9465180161897197, 17.37817760422187;
  -10.83271260365485, 1.471187973833445, 16.38580624614618;
  -11.25070642458479, 0.9879965772062674, 17.14588553347972;
  -10.98914401022909, 0.8453580152551509, 16.87882336953672;
  -11.68298054125961, -0.6150742658110183, 17.88958801939126;
  -10.56239963259041, 1.212119932398414, 16.49242157277982;
  -10.65775422921476, -0.2817114712997939, 16.79232241622697;
  -10.82321776228918, -3.551291411403618, 17.11401657772538;
  -10.44458263707518, 0.9906809608401607, 16.53949318681377;
  -10.42305882644913, 1.181646999342363, 16.55041928366432;
  -10.69805236376088, 0.6631269153468988, 17.05296515409258;
  -10.56819606766771, -0.02170285497820372, 16.86418935689278;
  -10.39027843199712, 0.834864722896959, 16.64628175089409;
  -10.53534367643942, -3.942448023120999, 16.91335146366493;
  -10.7686060890715, -3.538483033018919, 17.31280455993482;
  -10.26156655442526, 1.358898375210979, 16.56777878324255;
  -10.68699664959438, -0.2707694805037207, 17.24816334378239;
  -10.75706438950687, -3.655820322121667, 17.39436321545577;
  -10.68046351686396, -3.482457044809843, 17.34379655343986;
  -10.2304688603965, 1.3652821522988, 16.65618395273602;
  -10.53690302477917, -3.560793580100919, 17.18069273635302;
  -10.42649579657899, 0.3779226576721506, 16.99294931559223;
  -10.12796948071153, 0.8143813256066159, 16.59233611491658;
  -10.06506673192749, 0.5644046962066001, 16.58170343851744;
  -10.43851747332309, -1.143753088135765, 17.24145627647727;
  -9.991788968985098, 1.049717858196763, 16.56540043036404;
  -10.04738556637372, 0.7817538263521054, 16.66443316658344;
  -10.7809300317712, -3.727019315797108, 17.8658751127579;
  -10.39890748302109, -1.160837686546487, 17.41396178776985;
  -10.39290923864694, -0.04311756696122774, 17.41624973203913;
  -10.50999326253733, -1.043297366777203, 17.61220330050228;
  -9.896337166532685, 0.4230387565209517, 16.67709048619642;
  -9.903328328618454, 0.5294446699073994, 16.80830940248181;
  -10.13851746334623, -3.771870283225534, 17.25226692987185;
  -9.873275168945984, 0.4197268355988321, 16.82731649055452;
  -9.936887821752805, 0.5178237856696804, 16.97346913859108;
  -10.11526158875467, -1.811056447556476, 17.27480768968606;
  -10.1840655509404, -2.175844441171068, 17.39439988333706;
  -9.851586374735422, 1.387522141219268, 16.90560079879378;
  -9.932841565987575, 0.5768086815587218, 17.09356786685306;
  -9.981919733851555, -2.261561739056428, 17.21764743608639;
  -10.15067523188763, 1.14254584095672, 17.49076667848229;
  -10.04368257478951, -2.084222471864837, 17.34197611756759;
  -10.17397917013395, -3.939092070337362, 17.58210514922613;
  -9.884129255092155, -2.157002593881851, 17.12101350077763;
  -9.874364416675505, -1.393294102783209, 17.14897220841426;
  -9.980939927187468, -2.36141616124482, 17.32942313826058;
  -9.795392663366959, 1.4134861288887, 17.05790189072008;
  -9.9173158237392, -1.340434948757426, 17.27483496864057;
  -9.845184340230082, -1.599458085363533, 17.19395771829555;
  -10.05528034736969, -2.434700289863281, 17.55760184485312;
  -9.838506062107534, -1.93053094145528, 17.21900879016263;
  -9.87254802473498, -1.802342459624058, 17.28724109362968;
  -9.735782661235218, 0.8277130471339209, 17.2030136649001;
  -9.967947870787604, -1.066953536507826, 17.60181104724729;
  -9.722994784508256, -1.639221651561443, 17.22126155887136;
  -6.747998344764913, -3.038289984649023, 12.28038313176088;
  -9.644086479837535, -2.103702385848409, 17.15027137836082;
  -9.523843129919996, -1.94507527905396, 16.97680622496577;
  -9.525808964610908, -2.247599454203206, 16.98366169567499;
  -9.810648391817136, 1.13957016399904, 17.46428686072619;
  -9.862689867212964, 0.07527603722792169, 17.55597979955882;
  -9.695881932812609, -2.208681490765355, 17.30338993561336;
  -9.59312436759881, -1.427800587118338, 17.21068128930265;
  -9.555739944753917, -1.283255006243924, 17.15420386010481;
  -10.14270929719703, -0.8585201593520956, 18.16948001647255;
