m=[-30.44966557362818, 0.7530270133658337, 38.23867548940942;
  -30.31699882114507, 0.9839288985246916, 38.08941125619285;
  -30.33104492050146, -7.09848094444687, 38.1353161430886;
  -23.24670127940627, 3.422305432633692, 29.48818250464804;
  -29.99921426545404, -7.407222097987975, 37.93793198819145;
  -22.23352264644324, -2.083701979971475, 28.43577192154191;
  -30.24983405763356, -7.135703192006601, 38.37935078396846;
  -23.44373654073852, 2.562855009077205, 30.18840581677103;
  -22.40716624458905, 1.99988468725132, 29.01032750603527;
  -23.62456389620892, 3.083720978559287, 30.57836533464838;
  -29.55357508584283, -7.186539615610291, 38.07745849657942;
  -29.69308951087712, -6.745102039250466, 38.29863168412427;
  -21.8894572709903, 1.472328359803207, 28.50965154253142;
  -21.90535339918221, 1.775724684519027, 28.54460492381455;
  -28.29224041504687, -5.569381245402173, 36.59249653055438;
  -21.35329501586672, 2.459461227127723, 27.88132128042395;
  -21.92395184091417, -1.331783590494473, 28.66902483871839;
  -21.84629229068026, 1.89292545232952, 28.63211000346513;
  -22.0200454561253, 2.678074238361405, 28.88698358491741;
  -21.67138110975887, 1.764546623937266, 28.54741199846706;
  -21.94588653304999, -2.450951233202029, 28.920183053265;
  -22.45726788175053, 3.200154830354066, 29.5779319790186;
  -21.8366160174045, 2.583185803387143, 28.81114848859071;
  -21.96665021885415, -2.613501640618128, 29.04720903088483;
  -21.48575660395697, -1.131374749989556, 28.4888073564384;
  -22.08985116051224, 0.8540629858173471, 29.26808676144826;
  -21.76089645894393, 2.163654767440281, 28.84741658195264;
  -21.79337033671586, 1.889671467581997, 28.90370290346034;
  -28.90631264610751, -7.629821065881888, 38.125261739636;
  -21.90389758578293, 1.138503968373348, 29.11722797429113;
  -29.20350126610764, -5.438882775198008, 38.52292248459837;
  -21.82066257490393, 0.9725266488349094, 29.16851707926542;
  -21.48857538102169, 1.987020105549889, 28.78148574291498;
  -21.61042571246879, 1.900534537834575, 28.99040100247979;
  -21.03829294097019, 2.253049476460742, 28.28774806696245;
  -22.0788709481773, 1.716182048749863, 29.66080449605783;
  -21.10109067993383, 1.078134635137808, 28.40679428987478;
  -22.00960232651393, 2.597660616916916, 29.60656294912978;
  -21.58089414272954, 0.8267007968316459, 29.07419539020188;
  -28.7435426658054, -7.097554474617117, 38.41317236433974;
  -19.69363102227391, 3.495568589116112, 26.65885796434465;
  -21.4352848103478, 2.11833562859316, 28.96997118155977;
  -21.43409570153611, 1.901762387051353, 29.00913977920198;
  -22.16992291538377, 0.9528039796348938, 29.97784009866227;
  -22.00071856375644, 2.973487631931659, 29.87802157066392;
  -21.183003964994, 2.283921970214668, 28.88163678987275;
  -20.92994612163582, 1.391407703107713, 28.64517761958419;
  -29.0990712581403, -0.1630201601612712, 39.61762093281217;
  -21.14406762180437, 2.157302687758623, 29.11443281957005;
  -29.03324352147077, 0.1558261779358042, 39.72746440914337;
  -21.14016852138116, 1.291526269349558, 29.24607544996783;
  -21.12978568549539, 1.752884257857795, 29.29809112700994;
  -21.02639580748792, 2.087554526676465, 29.2364039443635;
  -23.48673400414072, 3.610238078889439, 32.61277223413237;
  -20.38410770258219, 1.908282570563977, 28.47752152377622;
  -27.40151453650213, 0.3720595697816364, 38.21001252345617;
  -27.93623714275284, 0.2686231841059959, 39.19113818533503;
  -27.7730554442915, -1.595545273760362, 39.19241927228723;
  -27.31799244380962, -1.015939148767979, 38.68531325221466;
  -27.85497808323044, 0.2703120245420297, 39.43435861920046;
  -27.11574134390079, -0.5886311618320297, 38.44427723860866;
  -28.07272260180708, 0.4585451561328581, 39.80346914616131;
  -27.25463610327127, -0.1345431741729142, 38.71546052819249;
  -26.8021013884544, 0.505746350769039, 38.48508005509589;
  -27.00007322129087, -2.010036751470472, 38.93329860934795;
  -25.48876368612619, 1.082171563884809, 36.93281252363869;
  -26.74297670549627, -0.8236200689914868, 38.77868159855282;
  -24.8350665369863, 0.5034906572765667, 36.32353499205555;
  -25.39541710632434, 0.1391706478886482, 37.13320319771906;
  -24.62448573377538, -0.4917239814953184, 36.03765762298841;
  -24.71656240046098, 1.080756433097671, 36.26498601147155;
  -24.70334845531687, 0.3380521306473629, 36.33690409508199;
  -24.75687000304297, 0.8207441866309925, 36.44112387922868;
  -24.79271294247123, 0.1354913097313715, 36.61433826566557;
  -25.63096009570805, -0.6873592609851424, 37.9598978756403;
  -24.56611335874045, 1.246444523312243, 36.44329038216147;
  -24.88924328030993, 0.01185064171025013, 37.00994135751967;
  -24.64763329308454, 1.42443099879665, 36.7263197461782;
  -25.24436679305837, 1.650529974495694, 37.65695361331778;
  -23.97255062882862, 2.600890149554799, 35.84434035114886;
  -25.2107634692956, 2.416510017411583, 37.68822840279546;
  -23.57889427817098, 2.102118491950115, 35.46706110315467;
  -24.71935106455521, -2.02608428224161, 37.19913609215407;
  -24.78808275636761, 2.176800282094351, 37.77661717368888;
  -24.87152959998431, -1.309412247523783, 38.08458093244781;
  -23.55408252930173, 2.298871408879708, 36.12471748774722;
  -22.93140570641707, 2.631562419670162, 35.80572817939549;
  -23.08414429042168, -0.6101724727265134, 36.37130161670335;
  -24.26875190957361, -7.96301175074252, 38.37452332782973;
  -22.54842990057576, 2.13874512515656, 35.70651079824818;
  -23.67288111233821, 1.467381547184729, 37.73516926063748;
  -23.31052933036547, -0.047870519649976, 37.19775618465058;
  -22.95120656055382, 1.844142371230436, 36.77016486424544;
  -23.38875147407559, -9.0224121087534, 37.46190090546404;
  -23.32577076000287, -8.728774460979558, 37.44699471998052;
  -24.12338745920307, -8.343511054601409, 38.88900549783469;
  -22.47071066432741, 2.975706686658118, 36.28001255113211;
  -23.70048231999968, -0.600483699573116, 38.25113862998138;
  -24.90473288089397, 1.448979824119968, 40.12431391318493;
  -23.95787007333077, -8.14215339031249, 38.74029928934146;
  -23.63430259478478, -7.706167755773826, 38.37928337465467;
  -22.45185052924999, 2.996256694776483, 36.55376479783623;
  -23.22563717517327, 0.841845112549754, 37.85280146274538;
  -23.15176970322126, -7.823804844111955, 37.74955892053373;
  -22.40320516060775, 1.256273260724372, 36.90818093307573;
  -23.04351165035379, -2.22655018244841, 38.0224636584023;
  -21.97301576353622, 2.308442173570625, 36.42909251942004;
  -22.69420734775234, -7.845496528826061, 37.60824651148988;
  -23.13799890938979, 0.5391627136564844, 38.34310495946799;
  -22.13801233860678, 2.907444592592715, 36.87969311396275;
  -23.04128583761944, -2.572115675658258, 38.58482939409896;
  -22.67998656498676, -2.251378252176017, 38.00616463371289;
  -23.2930775117639, -0.09663712116447806, 39.03411890330721;
  -21.5546361899526, 3.107606060231686, 36.25142038443734;
  -21.73705709504194, 0.9291940491891387, 36.63081218610531;
  -23.03421365381818, -0.5872009733266458, 38.85920288574407;
  -21.84143682096762, 1.167671304460701, 37.07012589097877;
  -21.04786377451998, 3.241194332657982, 35.82266036864938;
  -22.96070318008504, -8.542155627785519, 39.0712134779559;
  -22.26571842797519, 0.9465470553786162, 37.94812607426889;
  -21.3956542423356, 1.114954588940049, 36.54650062439666;
  -22.87687315196925, -4.88768626145494, 39.07373511053113;
  -23.03715055010471, -4.124617012720564, 39.34276360324944;
  -21.82311039506743, 3.073621619060476, 37.44907454429387;
  -21.81046604160717, 1.266552584984264, 37.53394021369742;
  -22.33751332802698, -5.06091682114102, 38.52960546021645;
  -21.62773964238077, 1.49390502448429, 37.36062979974229;
  -22.51717406334761, -4.672668599017797, 38.87939427933089;
  -25.0560290490729, 2.820271669314886, 43.17438475520128;
  -22.87777322369286, -9.130524208061752, 39.51092039866552;
  -21.25286976912356, 0.7138039447902784, 36.71012599349776;
  -22.50043590804973, -8.711565768162053, 38.88400235770731;
