m=[-29.34292648302463, -6.92944155272584, 36.09612503032474;
  -22.45928306407866, 2.41580123176832, 27.84038492645209;
  -20.90157650333909, 1.852313596937205, 26.02272734036631;
  -20.3202320510503, -2.08892598199832, 25.38225269875308;
  -22.71682553614795, 3.033417857811326, 28.25419807027424;
  -21.70712099938213, 1.461522099375766, 27.17609942822442;
  -21.65197600662353, 1.723348027740457, 27.10983445002964;
  -21.4679327306375, 2.475230460879617, 26.92588944577026;
  -21.41982971225691, -1.314685912307178, 26.91982032519489;
  -21.42422285303645, 2.029711680869745, 26.9063798012719;
  -21.48600906867837, 1.85147045612081, 27.06812060479114;
  -29.4023110025869, -7.165203490652316, 36.72213967112118;
  -21.39613060864012, 1.309895646873403, 26.96769785255368;
  -28.71637818972834, -6.530316414826253, 35.91009083612443;
  -21.489603455769, 2.603765959978972, 27.10840449402896;
  -21.27777967261111, 2.379665870342777, 26.87432476377479;
  -29.05898837765799, -5.77395105219525, 36.39665638806194;
  -21.06938128324123, 1.698812252661096, 26.67264413243954;
  -21.33278604680729, 3.027078891336394, 27.0395440491822;
  -21.49864857245062, -2.565563076270238, 27.33439226554208;
  -21.39889464982914, 2.117740950448046, 27.27554370469894;
  -21.55314187526214, 1.859367172847669, 27.48628069710388;
  -21.24234493304582, 1.102380669641862, 27.16097336667012;
  -28.2244636507655, -7.140740001399639, 35.93915106346478;
  -21.36618463639323, 0.9400850922379865, 27.46903638593028;
  -28.16237768128855, -7.442986834177837, 36.00689541996695;
  -28.19486835889394, -5.262296347359844, 36.06472774220713;
  -21.12079858245352, 2.249680964043007, 27.28559811733431;
  -20.64868930522194, 1.581895666567394, 26.69118023781397;
  -20.9120886766903, 2.455847537012069, 27.07139752783567;
  -27.13513981845619, -0.9059287661649733, 34.87207302893116;
  -21.91168637419123, 1.128852331871376, 28.3532000832081;
  -21.34502651232926, 0.8032249868449105, 27.6528336238518;
  -21.08040283872601, 2.062693386270545, 27.392970816727;
  -21.05015757307117, 1.854327902072872, 27.39603856478735;
  -20.99908290992049, 0.8984216224532626, 27.3376356127701;
  -27.9305990009432, -6.903510769754206, 36.19110265856956;
  -27.94578412973675, -5.952991237911736, 36.29931185640352;
  -21.02204019490892, 2.252992207263931, 27.55841427089302;
  -20.77893081042862, 2.10748122220654, 27.51764124824491;
  -20.73336955773405, 2.549089172706712, 27.50743517583179;
  -20.70630255109656, 2.33851811911859, 27.52701560271419;
  -20.68677186737026, 1.249308567153454, 27.52643312852593;
  -27.89271031616996, -0.1732662312106373, 36.85541091168653;
  -20.50553419439898, 2.013322083140913, 27.42145151035682;
  -27.84191863123314, 0.1400892475028611, 36.98056904416212;
  -20.85697252060378, 2.273535743566866, 28.09139717910069;
  -27.15299411439983, 0.3541804546606219, 36.71391539389519;
  -27.11063548967595, 0.2523672501339117, 36.90517479974587;
  -26.03958659366396, -1.964396658345199, 35.81402584127225;
  -27.36514136152491, -0.6195825316489014, 37.61954835877648;
  -27.0912356004666, 0.4251091703755106, 37.28346148168026;
  -26.24378943985353, -0.1529533439327998, 36.1548849362241;
  -26.21055590450329, 0.4763018290247998, 36.4975044314377;
  -25.33764494817449, -1.904561189741257, 35.43739750394598;
  -24.17369612480844, 0.9958756328756155, 33.92593115325337;
  -25.33498292013863, -0.8214819461488243, 35.62401805645605;
  -24.05579579534087, 0.1130342775779101, 34.07617470302107;
  -24.26845416323483, -0.5020862300577342, 34.3788635932136;
  -24.39883623530821, 1.04332147701099, 34.65838553100623;
  -24.2149822192832, 0.3162573149005911, 34.48772937196802;
  -24.15485188934227, 0.7717890375170479, 34.42421189939232;
  -24.35685850624472, 0.1114875213977268, 34.83292650606637;
  -23.71979504563057, 1.189387676782691, 34.07558780107881;
  -24.30930542875978, -0.03314990234218247, 35.00758390189916;
  -24.33908596662906, 1.08621149276259, 35.10675808887665;
  -23.91507204741817, 1.36817797667813, 34.51628617452519;
  -23.7163462802884, 2.526962406717024, 34.31226217369204;
  -24.72984062286812, 1.612143159091916, 35.76213908016884;
  -24.5490369599398, 2.343048527258955, 35.57756485162587;
  -23.07080571162956, 2.059019298589308, 33.59232891247206;
  -23.57005982365993, 0.3841473993466151, 34.39539182790394;
  -25.78206725046815, -2.113307209394108, 37.59021643459366;
  -24.28686762275424, 2.117464655313, 35.8792653460103;
  -25.01464706770991, 0.4833936131798594, 37.00433099787217;
  -26.73706588394472, -1.418740040775429, 39.68839153534175;
  -22.74454501612472, 1.095081521711347, 34.24922617762356;
  -22.78449251985829, 2.601802767079811, 34.43802279082511;
  -23.40474580956708, -0.6334911043266428, 35.70194965181938;
  -22.80804470426037, -7.489446650327849, 34.96145836899957;
  -22.54194684008537, 2.13204228703285, 34.55361913480722;
  -23.02606872366476, 1.407925753981577, 35.57264429707777;
  -22.9075488178446, -0.06627728043765348, 35.41083188486304;
  -22.26282104548588, 1.769585841388651, 34.54418629583773;
  -22.50433900214696, -8.427940902850679, 35.00092188522443;
  -21.83136295235518, 2.882626681146034, 34.13570643972499;
  -23.039171057492, -0.5966595802495227, 36.04787856332361;
  -23.09636872510561, -7.858787571644413, 36.21331804771963;
  -22.98935082796421, -7.503069221323767, 36.18903190966361;
  -22.46866468023661, -7.856911625864643, 35.41081514350019;
  -21.84406542650882, 2.902087746723607, 34.44576671056358;
  -22.78888283374877, -7.70640091628001, 36.0044360790388;
  -22.83442643961105, 0.7819094102652429, 36.05810720742975;
  -21.21836685412041, 1.161531250020641, 33.85155671477742;
  -21.21549937737956, 2.979605946216632, 33.91512591749797;
  -22.43035356494206, -2.145882695471798, 35.88363425991146;
  -22.24471695471691, -2.46005912794608, 35.62895503809983;
  -21.34458543391312, 2.228999467344879, 34.26750841123391;
  -24.704657165115, -8.552674840675676, 39.66603511676561;
  -21.40251987515471, 1.426632495036675, 34.48263954476512;
  -21.24093088535719, 1.575121229843683, 34.27901080118839;
  -22.410744006744, -2.504115750072496, 36.38769330277042;
  -22.25559477299646, -0.1054319806232482, 36.1741526835936;
  -21.3043604109493, 0.8940948275387538, 34.7639658475176;
  -21.30944113418225, 1.121620372105414, 35.03221682733891;
  -21.29300254273351, -7.927151508350099, 35.13817713093558;
  -21.27546353547237, 1.680222254466466, 35.10016014688573;
  -20.83831197607784, 1.499925827641466, 34.40458705731931;
  -20.81988350888701, 0.8670106444992016, 34.39061023748302;
  -22.02441421577178, 1.127551378579176, 36.42431182519343;
  -21.4075646682562, -3.844916260552995, 35.46032807498694;
  -21.74131303377147, -4.658253567394942, 36.01104111001166;
  -21.01635296628142, 2.942092239324829, 34.94787864022509;
  -21.73218052958127, 1.231195494646328, 36.23061485153809;
  -21.3962627520441, -4.862205969972471, 35.77661376258789;
  -20.1779087749388, 2.244039357087762, 33.80332635272847;
  -21.41930487422019, -4.454102281703632, 35.86003430712076;
  -22.02178619772868, -8.53522288740667, 36.90263810544562;
  -20.93253930410431, -4.578011385124383, 35.14947242786501;
  -21.45942057173212, -5.274271416966001, 36.08744908145953;
  -20.87715573638027, -2.962390519879808, 35.15641687751308;
  -21.43220772685408, -5.081560175049978, 36.07702087107169;
  -21.44942499422088, 3.065370103952258, 36.17938904411736;
  -21.03314999485288, -2.852370448293639, 35.52699540883349;
  -20.81236346749599, -3.383824215404869, 35.24350895851181;
  -21.80714461908561, -5.288881170331753, 36.92253929806103;
  -20.8590650163829, -3.830368225432398, 35.42757386599044;
  -20.80907614346593, 1.746028711014254, 35.65547237863751;
  -21.43044996796001, -2.304211381022356, 36.70670486529621;
  -20.79771938577482, -3.498598481290519, 35.70258207070724;
  -20.80236714822968, -4.546680269382639, 35.84465323656625;
  -20.41142707615584, -4.177777819581213, 35.24902349050682;
