m=[-10.4414976040616, 0.4594126843543912, 13.42391645914321;
  -10.26513870199458, 0.8967628733968467, 13.24208076920142;
  -10.27289900687932, 0.7870065834133686, 13.27908977196599;
  -10.41771152870668, 1.109642101056402, 13.4584631809689;
  -10.19549916801176, 1.197326192877117, 13.19841433532248;
  -10.43269311101522, 0.5374743753150614, 13.49965630813934;
  -10.28706364104778, 1.006577450102268, 13.36754502581723;
  -10.25971565427549, 0.9037878666236128, 13.35265851348568;
  -10.21820030633679, 1.095113768644301, 13.39534101039308;
  -10.13599222106294, 1.028032359759374, 13.4231448277515;
  -10.10111935141403, 1.24189432398859, 13.40138586680979;
  -10.12396539395745, 0.6114031121591307, 13.47124907641311;
  -9.996425574600833, 0.9814923215858386, 13.36792772975803;
  -10.12538138256901, 0.9389627335541004, 13.59270235890507;
  -10.51207770982314, 1.601012479548472, 14.08800672250659;
  -13.52792113201528, -0.08403385271958321, 17.87481698443179;
  -9.874386164905939, 1.07636762092478, 13.29940399471551;
  -13.37321365903556, 0.06728858966233896, 17.76275039125752;
  -12.84031182525397, 0.1674875139401596, 17.36155209983281;
  -13.02134379865765, 0.121212972996037, 17.72569917072023;
  -12.77780000017384, -0.4876165309717607, 17.54771104775725;
  -12.62310034524352, -0.07356961208019248, 17.39027595716136;
  -13.02229145042386, 0.2043426736424841, 17.92151930075608;
  -12.38511951552896, -0.9309554225671226, 17.32190992112312;
  -11.67073291582506, 0.4807952606280088, 16.37897983684638;
  -12.25687656692041, -0.3974268641758611, 17.23463534639464;
  -11.6973377908952, 0.5001912231958176, 16.61599098142943;
  -11.63847618319338, 0.152003135657895, 16.57587906830808;
  -11.69951938168797, 0.373819754489535, 16.67353358908304;
  -11.61956199268041, 0.05318568344760224, 16.61722298136063;
  -11.4672629191272, 0.5750058622428714, 16.47373949425229;
  -11.66430390833925, -0.0159062765731481, 16.79764561456125;
  -11.51278821606295, 0.6586450275435122, 16.61624484945804;
  -11.37398715624846, 1.211891478503603, 16.45562198548981;
  -11.85899051254744, 0.7730899167566885, 17.14943798173729;
  -11.80949425904471, 1.127140676698694, 17.11484847864668;
  -11.20026653961758, 0.9995994610102321, 16.30818802815075;
  -11.40643141270018, 0.1859032601442892, 16.64521349258987;
  -12.10373902492728, -0.9921205578090004, 17.64723383872922;
  -11.66248322565311, 1.016800371587016, 17.22911891093631;
  -11.11714811223212, 1.073848590370245, 16.50572858475142;
  -11.89513611164457, -0.6311876540723111, 17.65709152284438;
  -10.93367369575945, 0.5264235455208776, 16.46416154259927;
  -10.88452789311995, 1.242924096992484, 16.45161152147389;
  -10.93570513599333, -0.2959943243801074, 16.68148833356624;
  -10.84239255980746, 1.025485491298067, 16.61985567082616;
  -11.37445021838696, -3.735012763786214, 17.43539934863914;
  -10.76636658176845, -0.1932683371707004, 16.59044990278172;
  -10.99816579701656, 0.3941507262284516, 16.98404967626795;
  -10.93833478297088, 0.6688229515614035, 16.8984769873929;
  -10.64429808223382, 0.8460742301865925, 16.51626337874506;
  -10.73841990225632, 0.6313553964213893, 16.80509131761372;
  -11.10855396510691, -0.2876850529674123, 17.38082517591637;
  -11.08589025437259, -3.772093249315705, 17.38181765289056;
  -11.08498720113028, -3.617824048619889, 17.44959910098688;
  -10.96345153268345, -3.707454795104795, 17.32129182434379;
  -10.32877282856611, 0.5654154486641783, 16.4784142721314;
  -10.29570202850356, 1.445977511013128, 16.45872314832435;
  -10.74178805295841, -0.8567516873988649, 17.22501738785844;
  -11.2598164967901, -3.898113162189811, 18.07886964732683;
  -10.69982819450978, 0.2370177085860378, 17.18839118805104;
  -10.21530945625647, 0.6809241389406987, 16.45838134355553;
  -10.22221017142968, 0.7580279952816275, 16.49679360898514;
  -10.15893832708192, 0.8210754467963912, 16.50865437480035;
  -10.7088350842663, -1.196576186465316, 17.38763365281258;
  -10.79885307638896, -1.09025882363014, 17.5362120696082;
  -10.06906154227319, 1.442043043024883, 16.39529774721741;
  -10.65910225731605, -0.05049562926164198, 17.32526119652535;
  -10.59532952865242, -0.2681015454110514, 17.33851403439513;
  -9.80002673089033, 1.501278544198137, 16.1439966120049;
  -10.14577442546206, 0.8012589690483373, 16.73845115309208;
  -10.04052808065255, 0.7227095653726143, 16.57716915116885;
  -10.34742602639027, 0.5297418749256642, 17.11273083047371;
  -10.43080414699663, -2.234884827474297, 17.27697477905346;
  -10.39335582501314, -1.866703823278063, 17.21596141673895;
  -10.08923625051655, 1.41239841760288, 16.77728788726181;
  -10.25429789392024, 0.4798183860066221, 17.06916788688508;
  -10.12370836037108, 0.573539507710062, 16.87765192151971;
  -10.33199542171141, -2.347900210581128, 17.27609227289386;
  -10.36375343087371, -2.15512212345542, 17.35091571664284;
  -10.1662208203049, -2.223384080779866, 17.07090063119242;
  -10.30903937823856, -2.533743702318045, 17.33629910450637;
  -10.30311677207025, -2.442861161813064, 17.34332568815709;
  -10.19031559380362, -1.445967769309806, 17.16014325193214;
  -10.15482573679498, 1.45124166418462, 17.12844941557681;
  -10.03570572118393, -1.717699608901718, 17.00147339274336;
  -10.15941552966252, -1.65179107780441, 17.20388233619407;
  -10.33541410841532, -2.506645322915779, 17.4992985209863;
  -10.16328277070986, -2.352099256955272, 17.23670146273816;
  -10.07649464918989, -2.137162676413773, 17.11798355984659;
  -10.10525908987884, -1.855637503274144, 17.16303259808019;
  -9.985238090777271, 0.8378321205905494, 17.10928339563126;
  -9.988146856917965, -1.680209006398132, 17.14623734837478;
  -9.900935103071348, -2.164003065651278, 17.06034620764498;
  -9.736633063272498, -1.992878278298308, 16.81444449156933;
  -9.816244015800553, -2.319210395881129, 16.95400182006373;
  -9.89093571763477, -2.255786615559836, 17.10563896222866;
  -10.13089545890727, 1.168433798773255, 17.48789148001751;
  -10.129544154042, 0.06899244812213624, 17.49702382000008;
  -10.25654043673126, 0.1504380498236272, 17.73233939682469;
  -9.742683363002922, -1.31432339453858, 16.94699658052005;
  -9.726022931310624, -1.55413956059976, 16.94705090762763;
  -10.28909166358461, -0.8786945048360473, 17.88816566733491;
  -9.741776792032397, -1.564750978017918, 16.99180384345107;
  -10.21295204751812, 0.135770619964097, 17.79736116823094;
  -10.44936191187613, -1.102703946749622, 18.20283907662278;
  -10.12278568874241, -2.643386514886559, 17.7652380712323;
  -10.08381552851207, -1.270713830179287, 17.70235015248336;
  -10.27907983282636, 1.004218822104725, 18.04903627562473;
  -10.10243692223628, 0.03916593692675539, 17.81801378907493;
  -9.954906533516619, -0.08137645788631666, 17.58450981302578;
  -10.04889208923052, 0.4481863037019931, 17.77112821282517;
  -10.13740196429785, -1.220540874478363, 17.98275734183838;
  -9.967387128507186, 0.8479451448997782, 17.72329067271792;
  -9.962658002448462, 0.7379410991697611, 17.85777454225599;
  -9.957731007829695, -0.0002426842966963593, 17.94833168304543;
  -10.28014825022322, -2.530326343680843, 18.57353088832397;
  -9.95328032200076, 0.6826809063608235, 18.00139630877081;
  -10.32315467186804, -3.511407251584498, 18.69738850716886;
  -10.17548523283972, 0.919768206793573, 18.44473756313964;
  -10.14831823016018, 1.225839381914689, 18.41303389493497;
  -10.56468281504052, -1.315852279630836, 19.17196342493178;
  -10.43388927147129, -2.470048154310078, 18.98065731156049;
  -10.56104245014746, -3.712889090709525, 19.260796736125;
  -9.824212330365821, 0.126763022307175, 17.94848058834043;
  -9.979334566163416, 0.5751436781621334, 18.26322896498278;
  -9.871019492865399, 0.3985769648988063, 18.09448884722875;
  -9.907479578070742, 1.223760502682908, 18.20335445114889;
  -10.01812093657181, 0.02531057237973002, 18.50411327175214;
  -10.02517271591543, 1.10009125699149, 18.52401536761159;
  -10.3949911822748, -3.612190906857927, 19.29948042465371;
