m=[-10.90831144838467, 1.307013617392488, 13.9333847068993;
  -10.86387575656469, 0.6221627735957144, 13.91573841409994;
  -10.82046394030168, 1.020818449467607, 13.92723314704767;
  -10.68812637565792, 1.189387685657104, 13.81283680549193;
  -10.56277670954883, 1.112360480877429, 13.7054444724239;
  -14.73993313221672, -0.4341681568440413, 18.79296342334593;
  -14.84011034289873, -0.1442815348003671, 19.04298144611803;
  -14.55272678961739, 0.02382215912443678, 18.774206225686;
  -14.27778281005017, -0.5321010485318031, 18.66335964808771;
  -13.86340847871245, 0.1434008961966736, 18.20550163676295;
  -14.15248070476719, 0.08122519729152229, 18.71141211451323;
  -13.63601343006426, -0.5719577513884078, 18.17540349016691;
  -13.46902285755817, -1.06336642049638, 17.97457468282914;
  -13.73905554535879, -0.1283987762881753, 18.37291431922548;
  -14.01856644135664, -0.4512916078102333, 18.74790061010841;
  -14.29341228265337, 0.1731457065948914, 19.11065540812261;
  -13.77395836053549, -0.9683865493313197, 18.57242006118963;
  -13.88410918869528, 0.05503510593992111, 18.75601156073767;
  -12.60704812021499, 0.4768287921716764, 17.1465422238611;
  -13.5617466533586, -1.069700743394782, 18.39907852303614;
  -13.34839083286791, -0.4791036669450243, 18.21129786505564;
  -12.47154017686368, 1.573379867008199, 17.09782960737705;
  -12.82266285703559, -0.3127263523393419, 17.60746484955675;
  -12.98676189454739, 0.01816561242489767, 17.82915046536447;
  -12.59815376732134, 0.4959193348322967, 17.35361950131502;
  -12.57433094990806, 0.3624676197443248, 17.37454893985385;
  -12.5767948344178, 0.01413015583511894, 17.44229102004944;
  -12.50414789098097, 0.5805835323158155, 17.41066454013268;
  -12.614754628831, -0.064283042126474, 17.61896067080957;
  -12.31713082903322, 0.5014282308772214, 17.23356878548814;
  -12.51783938454153, 0.670232961519205, 17.51782012108802;
  -12.89472890744598, 0.7989288130144844, 18.10011963049226;
  -13.12871886437814, -1.296256664496213, 18.44937132370134;
  -12.18620381287323, 1.032421908481684, 17.19066542699639;
  -12.89931952298275, 1.182392690733896, 18.14269405917539;
  -12.30669624137268, 0.1718948312077048, 17.41416906506221;
  -12.13470676098146, 1.589455164661482, 17.22377870301225;
  -13.10416342620431, -1.12698622519168, 18.56270726627184;
  -12.64971603014175, 1.05422991201154, 18.14017613752652;
  -13.12151312763342, -0.7560892879391273, 18.95097557258853;
  -11.88463251146617, 0.5144209391556425, 17.34717831276686;
  -11.63141277549384, 0.9612896518345333, 17.03871426526873;
  -11.79178340522679, 1.301326142577859, 17.28271290128256;
  -11.64420063065829, -0.3640608877446877, 17.23581244723998;
  -11.72882788085813, 1.06785725875549, 17.43595452263272;
  -12.48682756753435, -4.134055990601687, 18.54790827459827;
  -11.78378561739187, 0.6742961099655804, 17.66680160880146;
  -11.62970329701578, 0.8750043906895209, 17.49789198581811;
  -12.06377606721755, -4.010838943824419, 18.23825215314678;
  -11.95650834835629, -0.3578291083385118, 18.15821429852529;
  -12.00160540860227, -4.129438581709716, 18.256405365482;
  -11.9487936274444, -3.9406191165158, 18.24686495290219;
  -12.50403715139845, 0.3337809401622637, 19.03898609843234;
  -11.51298671465593, 1.484151220458303, 17.60577118947811;
  -11.84619374251887, -4.050995876807087, 18.1549814052717;
  -11.65089043800629, 0.340316331954854, 17.85905245365915;
  -11.73977808935165, -1.16498088935955, 18.22508063461495;
  -11.08858321631688, 1.109765007834001, 17.25922119257105;
  -11.13294807925303, 0.8081497903033966, 17.3412210082128;
  -11.81649629798418, -1.352186221231646, 18.36187363510078;
  -11.67734763791078, -4.082621969954521, 18.23045658406217;
  -11.14786605786808, 0.7826734353795798, 17.44241011409356;
  -11.50541556537351, 0.7193308153669, 17.97419876616849;
  -11.69469039133334, -1.272352349666243, 18.28708722384568;
  -11.63451154035456, -1.348256059637253, 18.33790386798048;
  -11.45894471198755, -1.18410387334251, 18.0862510248972;
  -11.6312836682685, -0.1061039331834372, 18.35278717456503;
  -11.03617681722222, 0.5321559732169809, 17.59935723785777;
  -10.95863407270068, 0.6751941745257469, 17.54134563782196;
  -11.01224331313727, 0.7278450878985971, 17.63134349308888;
  -11.06357419288265, 0.8301297116531117, 17.70870160795934;
  -11.04346235142822, 0.7539728881640933, 17.68039713159931;
  -11.06848737051667, 0.5175469697305358, 17.77515615951107;
  -11.25655738036317, -2.453869515449913, 18.09002426122974;
  -11.34754488055157, -2.096503133173633, 18.23500926975592;
  -11.06060166157788, 1.500269600164166, 17.84327991205356;
  -11.3490019982489, 0.5949122937297934, 18.37068212068648;
  -11.22833449531993, -2.600085380476925, 18.21431205680131;
  -10.84067506131901, -2.414443201306593, 17.65084274245526;
  -11.20245156631851, -2.80093523449042, 18.27972327239354;
  -10.99626975207336, -1.60663048841505, 17.95820337380227;
  -11.16855416249461, -2.370173009832614, 18.2753555450908;
  -11.08554642124559, -1.548889282620616, 18.16440810332658;
  -11.13555349738108, -1.866389257099596, 18.29016991749576;
  -11.2509394729356, -2.779573561960692, 18.49638984465519;
  -10.96723776416307, -2.2077946227981, 18.05241464206313;
  -11.03415111002488, -2.071741136681271, 18.17712462599299;
  -10.98980109826435, 0.8604626473724145, 18.27422099818379;
  -10.84629787463615, -1.877270019797651, 18.06549792782829;
  -11.21746384038904, -1.253306763855628, 18.65614213616587;
  -10.71182127482557, -2.386053926252881, 17.90722027569037;
  -10.53183899210162, -2.201188632120621, 17.63819085136957;
  -10.62332147521595, -2.557507927413545, 17.79441213775192;
  -10.75059938037693, -2.499409277333328, 18.04557609943665;
  -10.95286749527638, 0.02305293558029888, 18.36615171513014;
  -11.00112921771539, 1.219278202420211, 18.44601504218883;
  -10.63807999860561, -1.62649382339154, 17.94553689561421;
  -10.63917787084304, -1.480461245812904, 17.95851939208526;
  -10.81683320527894, -1.778098662620577, 18.29049058221249;
  -11.19753961756655, -1.003736673770929, 18.93002938513524;
  -10.90948130839338, -0.02832959856614305, 18.46912313231418;
  -11.16814335524096, 0.104365557757911, 18.91563670560246;
  -11.4329197516868, -1.24076468621125, 19.37209788134154;
  -11.54218275456421, -3.107996597585589, 19.64408388919853;
  -10.91788159477602, -1.441357922426749, 18.63428836794152;
  -11.40343889162725, 1.063246695660401, 19.46768951167271;
  -11.01094178534365, -0.009389438479824012, 18.87299888950448;
  -10.99156117616951, -0.1418378473062005, 18.85281249329742;
  -10.99012204703304, 0.4409431598133935, 18.88600915053029;
  -10.80949280638384, -1.355802063007427, 18.61533951695617;
  -10.99296087487695, 0.8768171602237698, 18.98384451071914;
  -10.79559816503861, 0.08164942064777125, 18.78158652757861;
  -10.70576094496696, 0.558935735980828, 18.69875090229701;
  -11.19148005838405, -1.661753886231669, 19.52077054042455;
  -10.81084877018721, -0.05054556403944067, 18.94044398473433;
  -10.74545681027494, 0.4372429254237742, 18.86823945866159;
  -10.87095550666566, 0.6894646896812096, 19.10026352541065;
  -11.08195192836546, -2.778626683256023, 19.47663609655419;
  -11.15136952134808, -3.840798066607465, 19.63749483548772;
  -11.13502488528359, 0.95092059290381, 19.63431427441572;
  -11.33445972808233, -1.662115724759471, 19.98148613080615;
  -10.97312473988986, 1.273337269040557, 19.37800002333305;
  -11.11691675325463, -2.677215756852717, 19.66240717631345;
  -11.65309776520155, -1.506929473278861, 20.60556727023077;
  -11.4421707278351, -1.442753109887213, 20.25020437664507;
  -10.71142607607589, 0.0818351972174146, 19.03154233808231;
  -11.42941700066724, -4.061680140565877, 20.29534448062867;
  -11.00115053345076, 0.5817437189266314, 19.57437827993377;
  -10.91072947272115, 0.3884372173273497, 19.44856980819243;
  -10.96539818534831, -0.02561407638375066, 19.70095868774198;
  -11.04199529277879, 1.156640960580663, 19.84558960964557;
