m=[-22.44894194803122, 2.112655562394409, 27.73577163964048;
  -22.22601260670669, 0.9047275842638984, 27.50180614167037;
  -22.17315246939715, 1.662058839901613, 27.56900866405505;
  -22.52458960354663, 2.324751626869893, 28.00414048609921;
  -30.38667891001288, -7.800440953184755, 37.53328101687026;
  -21.6587779117766, 2.471486509037787, 26.97587302112741;
  -21.69677784499791, 1.03049112658672, 27.05049427818881;
  -21.8227447579093, 0.7494876834495026, 27.21685198271982;
  -21.91207207248725, 2.077265380559409, 27.40707274569243;
  -31.80686664295105, -8.508550377170852, 39.44531205691327;
  -21.62190557965469, 0.8533548789715705, 27.087470777416;
  -21.82772262677747, 1.850638285946377, 27.34217087469185;
  -21.68355277842339, 2.255418339080804, 27.36716233264164;
  -22.57476536777601, 2.898866417093563, 28.60584059599425;
  -21.60688930095416, 2.106877357169458, 27.54401031862991;
  -21.45400939920334, 2.570579559000171, 27.40359659503482;
  -21.67308316593761, 1.24119474826857, 27.76145113607133;
  -29.8791861364704, -0.8800983733445507, 38.0950474568121;
  -21.33587625155463, 2.012857880522403, 27.46182830896936;
  -20.85655170056974, 2.320942407120574, 26.95403617432822;
  -20.99127207175823, 1.840329289820871, 27.16581914687961;
  -30.93505838877442, -0.3007631075740043, 39.69618347304962;
  -20.36310569974516, 2.144427991917093, 26.42159558306864;
  -30.11116114115754, 0.04929061628766216, 38.84585735247057;
  -27.98990337866771, 0.2895231165641904, 36.75648975903923;
  -29.35791832341337, 0.1684936201385816, 38.81496961791078;
  -29.13583135243045, -1.222092121765347, 38.83506668337034;
  -28.26335733212532, -0.2641360960554693, 37.79591988127673;
  -28.90713392507653, -0.9305906563846231, 38.65930771292053;
  -29.44494487135926, 0.3566864010203098, 39.3686394697106;
  -28.31922954346198, -1.99100071740369, 38.18485675093763;
  -28.19994826629458, 0.08163667599352173, 38.08656365244246;
  -28.64504642910572, 0.1135458633646728, 38.69652814453716;
  -28.24361208916228, -2.227752340473681, 38.31781037392963;
  -25.51687563435011, 0.9651094270999382, 34.704887402138;
  -27.83595666034712, -2.167422317780229, 37.80950050358096;
  -27.58682633081746, -0.9901530319239631, 37.63688955113832;
  -25.61892309998527, 1.008474696968698, 35.28938062843809;
  -25.62872468580135, 0.2460578568804954, 35.3881297943891;
  -25.9541849892189, 0.7481552452311462, 35.86212730407744;
  -25.38121225498334, 0.02851604794137895, 35.20026337565347;
  -25.40058769180359, 1.179381678270283, 35.36755285365717;
  -25.67114481122507, -0.1308165978562296, 35.85475136947202;
  -25.39612144537199, 1.359764825585871, 35.54005396512174;
  -25.04265325952419, 2.568925903346101, 35.12631871815253;
  -26.21919110824518, 1.624482948083877, 36.80344884179292;
  -25.80452999130377, 1.872085866805733, 36.23473350063735;
  -26.26771932711088, 2.407782773291871, 36.94514230265869;
  -24.9829274800269, 2.116567395757967, 35.24257055690887;
  -26.66611715578271, -2.425057036020117, 37.60272285095627;
  -24.89979561893996, 0.3477900226898448, 35.23360307992386;
  -26.52457907561832, -2.281170821439299, 37.57340172949898;
  -24.78560831021061, 3.246523703779591, 35.18023475666426;
  -25.85624643981393, 2.154864847894003, 37.07884537138198;
  -24.41302288160157, -1.406729918070119, 35.25893666241519;
  -25.01415096912682, 1.822443253618659, 36.11504944819352;
  -23.98872313492484, 1.038341023359951, 35.01468449408533;
  -23.69055803108284, 2.614459699492166, 34.7222382613382;
  -23.34452631542486, -0.7298765491893046, 34.55470152093849;
  -23.80714696805553, 2.167534126883002, 35.39145906694634;
  -26.08033461651696, -8.634504078412464, 38.73967600030737;
  -23.89874224395549, 1.367542609090338, 35.83011025766555;
  -23.33658932823194, 1.755815914165317, 35.11191205433244;
  -24.76835249294701, -8.234724533973818, 37.44527879723641;
  -24.87397676695589, -0.7444174058203449, 37.77582781122022;
  -24.38551916059888, -8.390419467100781, 37.09436426934397;
  -25.43196421359471, 0.6788771356487303, 38.72339847169325;
  -24.51892705016765, -8.086151260360499, 37.44257074177605;
  -24.15004244628308, -8.258494205059899, 37.01134567596266;
  -22.80580611883904, 1.187427748319549, 35.27045542260188;
  -22.88154730616781, 3.114885771237576, 35.45500621532928;
  -22.32030680626942, 1.620249293950214, 34.76719468583064;
  -23.54054778154548, -8.230221497019377, 36.75106262172452;
  -22.14702315174691, 1.384655437361296, 34.59892378042162;
  -22.48247539445373, 1.578457810801785, 35.17700644898795;
  -23.87156750615801, -2.597165379357561, 37.32817394452294;
  -23.72853940581787, -2.134916838057577, 37.16932235823963;
  -23.65295778328762, -2.741004085049005, 37.28095197799001;
  -22.65302802053784, -2.340838436369656, 35.75445746106701;
  -23.64403359210165, -0.2156877118634286, 37.30748289184367;
  -23.71557593530273, -0.216340341806889, 37.42036823074407;
  -23.39972463894126, -5.314426798806858, 37.18812633183374;
  -21.93871386366753, 1.351709683804144, 35.11701916304872;
  -22.14022647193585, 1.661240707266765, 35.43833640817282;
  -22.32429138273685, 1.475505522508559, 35.74269460058842;
  -22.3874030555248, 1.04680361676034, 35.95248130994553;
  -22.98642234328993, -5.010917561336691, 36.94068477760229;
  -23.42260850899363, -4.327418189847044, 37.6391094090656;
  -22.25110662138188, 3.018159396340517, 35.89612355153069;
  -23.22757133087593, 1.217584395557945, 37.59857733930537;
  -23.01262165128938, -5.328909745866935, 37.33047605380799;
  -23.12600011168602, -4.896068176282112, 37.5619775683918;
  -22.69073771650885, -5.053697957218358, 36.94517554293939;
  -22.80423189723555, -5.701714150543582, 37.21105563841753;
  -22.83801680994915, -5.515101677733106, 37.30392747653043;
  -23.04977071727552, -3.367729713830346, 37.64298981318631;
  -22.68797226640518, -4.814805813830906, 37.12483762294814;
  -22.15765637347339, 3.074285479459622, 36.29428848084786;
  -22.94459017075438, -3.845658557818472, 37.6865373606349;
  -22.59054551836104, -5.581052428924163, 37.13854631572471;
  -22.39721663772696, -4.508742813983412, 36.86651554993592;
  -22.59715978558067, -4.242779080432732, 37.22546351959925;
  -22.23866089331134, 1.741208676588168, 36.97921374866574;
  -22.05183741341397, -3.816717347811447, 36.72934559804356;
  -21.56060422318105, -4.802616010781354, 36.04340281599502;
  -21.15895527224062, -4.422290527583422, 35.43594728207096;
  -21.54607170543461, -5.187101728948621, 36.09037726764876;
  -21.25275599919289, -4.941058040935185, 35.67412496146307;
  -22.45866170439621, 2.489140535464646, 37.65729893978602;
  -22.90092477367382, 0.0482004866547006, 38.40107250375007;
  -21.02141087446266, -2.925168138906759, 35.48332581905746;
  -20.89439002439067, -3.434673185171272, 35.33091771958566;
  -22.03223595083211, -1.974948424771052, 37.24665312326198;
  -22.45842357547693, 0.2098724764056805, 38.03813828508051;
  -22.4412836883319, -2.435454190048231, 38.02482249813559;
  -24.95586598742298, -6.71993748739088, 42.4733462819826;
  -21.85443987143319, -2.885181504804135, 37.30045349447475;
  -22.89638007365297, 2.134838506809611, 39.08817528214243;
  -22.37741572025098, -0.01908205241103141, 38.35538778348884;
  -22.46580420353867, -0.2899043416272002, 38.53352470791142;
  -22.37507505390435, 0.8977276369732349, 38.45051678256119;
  -23.77586437490222, -2.982134920358126, 40.94510219633251;
  -22.68275909953609, 1.809215246562745, 39.17106380354627;
  -23.09519138882539, -3.429262603644069, 40.28385247853858;
  -22.62067311861945, -2.852167687221284, 39.60060086857818;
  -22.11559234876747, -0.1034003076999321, 38.7461842243304;
  -22.23426670378021, 0.9047335994982731, 39.04175278556047;
  -22.54981073513802, -5.654013500153249, 39.63150720860723;
  -22.85069004644513, 1.449251072016033, 40.14865127145108;
  -23.02175446935516, -7.929242223256702, 40.54117152430041;
  -22.89023035398913, 1.954804021020899, 40.36218878845789;
  -22.16309896203895, 2.571838065706846, 39.13894559516638;
