m=[-8.102341736176623, -1.041396760526354, 10.69733174596688;
  -7.872522184796403, 0.7667637460507482, 10.64645273194717;
  -6.771969760279536, 1.75362710595438, 9.343977127031357;
  -6.761360375510301, 1.848411152785651, 9.42601400099811;
  -6.704540971201917, 1.832877944261719, 9.346802056833875;
  -6.961346860149949, 1.651141375749456, 9.698719688688366;
  -12.37449586685034, -0.4260135238428665, 16.57194461546049;
  -6.583525132914273, 1.862940213641597, 9.428091651508527;
  -12.21178618246056, -2.066591891016482, 16.64201134899551;
  -12.24959707810724, -1.981382344118394, 16.73656322145235;
  -11.91156996931681, -3.406169963134983, 16.36652313302667;
  -12.06927210773563, -3.629879093013864, 16.57696605233087;
  -12.14437820416846, -2.074123632105021, 16.69405284027877;
  -6.713625417607849, 1.513631263087943, 9.715730462090118;
  -7.213458778695732, 1.151860546722843, 10.38002650417637;
  -11.09813827143073, -3.121656565699531, 15.44116386265329;
  -7.19845950307794, 1.207866987786853, 10.37792082744738;
  -11.03308677262849, -3.161395441197026, 15.43571629967326;
  -11.00536754235377, -3.18956405304636, 15.41119033719181;
  -12.14172871099908, 1.078979859982192, 16.93202943021962;
  -12.29155382793662, 1.004677516408567, 17.30139051819872;
  -6.287042715767425, 1.767116124875063, 9.345147307677006;
  -6.621161893464432, 1.534839137318817, 9.875819282612968;
  -7.250697273771857, 1.109573570577365, 10.7383983582213;
  -6.651503538626218, 1.417900221388612, 9.933253052609167;
  -6.568739339218412, 1.464434946894067, 9.887400451227078;
  -6.271758356939114, 1.86131061900883, 9.494090971137167;
  -7.090531983256679, 1.235779578057032, 10.61924701339689;
  -6.628249216966076, 1.635540744594848, 10.01502476731253;
  -6.150691185504091, 1.838991841756952, 9.446162318629284;
  -7.12724967399136, 1.136772586576587, 10.80002593687965;
  -21.03252389242465, -5.011807376484152, 29.97300101702393;
  -21.64523918932176, -5.271002487180999, 30.84852751585216;
  -6.362482678604621, 1.624683690204207, 9.801397703157521;
  -19.88628330102454, -0.8095913197807253, 28.55338668661113;
  -6.100715983107645, 1.873401613948677, 9.465965301061296;
  -6.937938068604012, 1.261407227206645, 10.65335754105057;
  -21.3717733089046, -5.211271697606046, 30.81176777637608;
  -6.169474509147416, 1.622577728025878, 9.64347142616541;
  -21.42452083881117, -4.933187969975425, 31.1561911239012;
  -6.297017328793483, 1.579835008032839, 9.888330413813705;
  -6.012494502024744, 1.845777020447497, 9.491850615096849;
  -12.38467226244464, 0.4471614553006785, 18.51856415969678;
  -6.204646405049886, 1.676198274894408, 9.777523648036711;
  -6.223825754033696, 1.546643098587317, 9.882321986769554;
  -6.788296704330724, 1.257614990975815, 10.69953123077967;
  -21.27398402398748, -4.796971606157074, 31.46624507832555;
  -12.06820960167118, 0.3931717128348589, 18.29257156810718;
  -20.80434506225122, -5.690684261576755, 30.84438812812855;
  -6.133974218783342, 1.625505190732744, 9.803900523197598;
  -5.953677854750337, 1.756108199116682, 9.548426589154547;
  -21.26108205723133, -4.948666770072902, 31.60779785096889;
  -6.838204445487151, 1.300096455005986, 10.84631194771625;
  -19.25878196849876, -1.044584668715097, 28.77585515842017;
  -6.146191371756023, 1.489884971030181, 9.894875548551697;
  -18.98586772604646, -1.000028538552929, 28.56381071456558;
  -20.51033045536734, -4.316147708495444, 30.87771468059474;
  -18.8326336282002, -0.7423396369002373, 28.47236730116336;
  -20.73265209049473, -5.9172897853595, 31.24851195875576;
  -22.80633859587807, -5.799480769795309, 34.3140438051079;
  -18.59614839844584, -0.9042681850193149, 28.27626196155929;
  -19.35232245901002, -1.203425118126898, 29.54411054320068;
  -5.661893515423127, 1.673424193728113, 9.361391189874995;
  -20.95369891914291, -1.843766473843366, 32.01753467030141;
  -19.31112517405345, -1.269480826347338, 29.73965449877994;
  -19.61789452617037, -1.437806492591081, 30.22161316548646;
  -19.85692807847489, -4.670411003201198, 30.61539978027004;
  -18.78631636455461, -0.7701896330279687, 29.20338885311587;
  -19.22914533412572, -1.266037672849957, 29.94054732076494;
  -20.3409523329236, -1.170026816711108, 31.70370298066673;
  -19.48188645156242, -4.797870613922069, 30.5219224182893;
  -8.377851222163963, 0.742895772730383, 13.70502569546967;
  -5.587957807640456, 1.784913360742555, 9.477208718739448;
  -19.05305157930683, 0.09626499522221675, 29.96178208909698;
  -19.08587999325736, -0.2045271852731571, 30.04127813403987;
  -5.746782930562385, 1.754155637664603, 9.767688054727929;
  -19.59570238166778, -0.3737517366268367, 31.19444600194629;
  -20.6594854293913, -0.2411371665136781, 32.87589716187986;
  -11.58958546241097, -1.710192315320298, 18.95307243715432;
  -5.548740224806987, 1.856077470838425, 9.621401690343491;
  -5.43500341923434, 1.877573846356507, 9.467637750065334;
  -5.515918410498211, 1.584511995378285, 9.623848517658317;
  -10.45739330962465, -1.576533490478045, 17.40638600415185;
  -8.059921494704298, -3.041393786092532, 13.4907562611731;
  -5.383558925168124, 1.776882549667969, 9.490397593748595;
  -9.667250701406882, -2.747654495611147, 16.27325115634506;
  -10.07858542924756, -1.000440258573184, 16.98619205016597;
  -6.102606421685413, 1.263621473710638, 10.71735496467154;
  -17.68159173427787, -0.4062848561371764, 29.21784585543471;
  -10.99287230131415, -1.678512136450025, 18.58729213693844;
  -5.266563149640191, 1.701334493087696, 9.433672425450745;
  -5.92138964841943, 1.179618485558826, 10.49859052660584;
  -5.440561770026064, 1.547774423367988, 9.72534036367958;
  -5.288226825063253, 1.740090911444627, 9.636098205866627;
  -5.500762154371268, 1.406214675048452, 10.06756577280001;
  -5.83089221393517, 1.224604056459896, 10.62616945442515;
  -5.615497604883354, 1.363007873336604, 10.2752643592423;
  -18.05490309505165, -0.03990869102716446, 30.89179237831172;
  -5.140631211892625, 1.780294549457484, 9.51684056744898;
  -5.163819248644671, 1.721186457370556, 9.57234545172912;
  -5.392873819924227, 1.526860990096075, 9.954108050072954;
  -5.061651381438026, 1.881780156135206, 9.422484806263284;
  -18.11463462605638, -0.7037145157661631, 31.17055362466601;
  -17.07493719792324, -1.072784648350683, 29.44670031057607;
  -17.01002599820738, -1.260320706098204, 29.56954307116163;
  -16.99095602088565, -1.089800876020155, 29.74559559527051;
  -17.52188324246691, -0.2897965800350795, 30.72472187052265;
  -5.408500613119653, 1.524380191714697, 10.21682401426829;
  -16.80918441668374, 0.125071718806522, 29.67878167449752;
  -5.039529068825759, 1.891747512586462, 9.615139736210017;
  -16.86893449256665, -0.3875758094313356, 29.84848388438853;
  -16.76400437088317, -0.9603630275064569, 29.76314575407714;
  -4.750507106569236, 1.927548845018377, 9.163601667245308;
  -4.764191194298917, 1.870044722082868, 9.209847711641997;
  -17.71494323880706, -0.6664467560392524, 31.65824562794697;
  -16.72696160171159, -0.9137815750924527, 30.00247849083991;
  -16.77347078439238, -1.400603460267236, 30.16059753950974;
  -16.21698145984864, -1.108783727999979, 29.31584525631129;
  -16.78189518548086, -0.4392489376809399, 30.30597343379266;
  -5.052753425955561, 1.780507867802927, 9.821731041984569;
  -16.805588017384, -4.537272769932415, 30.44091921869532;
  -16.07948372640385, 0.0546392042231966, 29.21931425854066;
  -5.316495406053233, 1.498101723375867, 10.37729078952976;
  -16.27165542831765, -1.257472046873753, 29.72316252503557;
  -5.297374511638546, 1.458363764476411, 10.3577806974484;
  -16.25652079165406, -1.130692496548148, 29.78123382299877;
  -17.01912713779232, -0.7166414772577733, 31.26939479628579;
  -15.73474043319906, -1.199032732540327, 29.04045105016171;
  -4.969116045160277, 1.812217813460483, 9.856838130747171;
  -16.9163290334063, -1.701912199685143, 31.25697217231782;
  -5.202756287598802, 1.596515243843446, 10.34548711911649;
  -16.45988585680688, -4.788239024659709, 30.613759212206;
