m=[-6.500647516656869, -0.2341170133188546, 8.851330242881373;
  -6.16741972241324, -1.763602939213155, 8.474048158049028;
  -3.721095661377329, 0.6485344170487278, 5.572957583712355;
  -3.476242148189404, 0.5158562265302388, 5.668496229677666;
  -12.38828063781794, -2.852512663921686, 18.01541524089448;
  -12.35715439852583, -2.786357210562427, 18.27740625997901;
  -12.12698714746255, -3.317136621888982, 17.97939311629;
  -12.31251601143072, -2.86582492263295, 18.30440784145108;
  -10.75225018301633, -0.4238292771101745, 16.25593225933209;
  -12.30821989988216, -2.590114051654999, 18.52967230935691;
  -11.07655516305286, -0.6887961242775762, 16.90995852659198;
  -3.178026228762208, 0.6580503327905056, 5.581227565266179;
  -10.99887032248507, -0.7230471999962036, 16.93855745428481;
  -11.18463942585969, -0.8197284964672761, 17.23007765552326;
  -3.124826353792762, 0.6225063962948702, 5.540299541674952;
  -10.83418595316639, -0.444173170593991, 16.84177670372077;
  -2.889515108873364, 0.7386755572849121, 5.28842778395078;
  -2.821000565949072, 0.7986976630666108, 5.206972271264556;
  -4.836770692665739, -1.825144865132182, 8.095822589439848;
  -11.08225513195844, -2.649077599167358, 17.90210333316716;
  -6.263102499524758, -0.9563190828684548, 10.58996344643603;
  -4.380507325888599, -1.826581658719932, 7.588421159165962;
  -2.623942123300425, 0.9246343926455072, 5.100516813744346;
  -2.794294475348345, 0.7873866239727746, 5.454195688620509;
  -9.744579611823726, -0.171491523467518, 16.79523247591978;
  -9.942731134610641, -0.6246821994277072, 17.14680532032195;
  -9.609028396618376, -0.6163236224886307, 16.82225958315335;
  -10.18481487460687, -0.3934895181857308, 17.78903066335634;
  -9.95670556680774, 0.07408463421075333, 17.57984702822603;
  -9.728815340047575, -0.5573366808617175, 17.27273165612297;
  -9.616420794969294, -0.6742680742768561, 17.12012996650777;
  -9.600285614163886, -0.5244565222742207, 17.21964631134197;
  -3.223806767822041, 0.7048955949286806, 6.450092205130454;
  -3.175909369872607, 0.7034893443209949, 6.441748719477539;
  -9.402488299575143, -0.7266234379076758, 17.17536910114574;
  -9.482179592776438, -0.6595156155417076, 17.37093755935274;
  -9.644211169658245, -0.4060984845845824, 17.71939560244167;
  -9.391509046754807, -0.2379650946489215, 17.29876879986237;
  -3.136192015439957, 0.7345710627700054, 6.441893067123856;
  -9.33180956191625, -0.711110880161848, 17.2230333218889;
  -3.138586120991755, 0.6802106170968618, 6.448535862282459;
  -3.109851303114354, 0.70341652504385, 6.418625584785852;
  -9.824662300937218, -0.9884362378345658, 18.15341824673522;
  -9.663921444696987, -2.811268935598843, 17.97393777377144;
  -2.535735844849032, 0.9507499895835344, 5.450471650986475;
  -9.702983378175516, -0.7940471925317612, 18.09001116442814;
  -9.395726027160746, -0.5783133208504797, 17.56069326915394;
  -3.098742077757492, 0.6966565243196861, 6.455108932139742;
  -3.087006139868443, 0.7374225497160835, 6.455759468672303;
  -9.019226980310977, -0.6546274224066339, 17.08432915258561;
  -9.028427912635035, -0.5566791085063568, 17.17955992221043;
  -9.489732676687375, 0.01032245658822991, 18.00980355382365;
  -9.785778731296849, -1.158735551961631, 18.60168264056632;
  -8.611713540152177, -0.5530571684306153, 16.55950989721235;
  -9.27465108820012, -0.06548901237617175, 17.85135368064088;
  -9.018121980901698, -0.7322647793820045, 17.39367238496193;
  -9.201987614905146, -0.2643002753127511, 17.92300836691249;
  -9.106136822130118, -0.6811780648444826, 17.74829706071024;
  -9.033305751523866, -0.0560388088998287, 17.69524053796553;
  -8.827934230421599, -0.3690910157949721, 17.35762615746849;
  -9.33875856423343, -0.1572866048007257, 18.38284115880994;
  -9.319346535806226, -4.103923100356666, 18.45609618127378;
  -7.882162300214907, -0.05374514527796317, 15.81877487750098;
  -9.346339358075385, -4.348177718918421, 18.64804543246321;
  -8.882840856933829, -0.42219969767333, 17.80317911789255;
  -9.300883335416273, -4.240838823713002, 19.0299451506902;
  -2.402044998501008, 0.9702239127684237, 5.763147500979654;
  -2.351249405116024, 0.9911436782484659, 5.704082044101567;
  -2.675024442803376, 0.4707896367631093, 6.539051967680486;
  -8.147293719599348, -2.69106905983999, 17.96681373797126;
  -8.082231892910029, -1.020918329394672, 17.95845737288941;
  -7.655411373276896, -0.8897231801352387, 17.1349777323611;
  -2.420369840804179, 0.9709733463562159, 6.101381793917232;
  -8.068801955419712, -2.147929365018526, 18.13603373227393;
  -7.242325724503933, -0.3242643277822653, 16.51440203279364;
  -7.298458746012837, -0.5193281553073288, 16.6500899125232;
  -7.3676643557347, -0.7722277198316407, 16.85626911977973;
  -7.943977341153134, -3.757252465860368, 18.19753944968463;
  -7.79691440111752, -2.254308938384024, 17.90447946875673;
  -7.559278770594133, -0.2195632109904205, 17.40029407327746;
  -7.959712173326459, -2.159824708065733, 18.29998591069602;
  -7.50658721796602, -0.2822810179242127, 17.35986731520743;
  -7.034487217884462, -0.3445294534785521, 16.40883324012023;
  -6.597165954422168, -0.9672267070814146, 15.58365549844299;
  -7.788630403169931, -2.175040447034071, 18.30778543733336;
  -7.642857838910833, -2.710422916588215, 18.03506844528739;
  -6.565729624392603, -0.5469797646722386, 15.63322855089547;
  -6.861380632877939, -0.2995611172380849, 16.36916278336306;
  -7.300429911051155, -2.673077694264701, 17.42863546299983;
  -2.59432234982119, 0.4643637203814641, 6.854503831338609;
  -6.519279514153983, -0.4114832148589433, 15.7634705314369;
  -2.5754671095312, 0.5003786900667998, 6.833680655443976;
  -6.504417779650368, -0.6146234877956351, 15.7638662612858;
  -6.490463197950073, -1.046903841871306, 15.84107496162613;
  -6.732368457556966, -0.1415514912898087, 16.41293553204535;
  -6.56445471055876, -0.4350417424761947, 16.10057654081103;
  -6.475610839162671, -0.2130897031756654, 15.90603900218528;
  -6.541818988531862, -1.14200289722569, 16.07414040006323;
  -6.606451816376229, -0.0540105531808965, 16.2583999179342;
  -6.480185083902954, -0.3533639815481927, 15.97762594589367;
  -6.583505337552463, -0.1709214933108469, 16.22990696832265;
  -6.452363962362453, -1.081017739749038, 16.05016092602562;
  -6.477896960452023, -0.04947832410389012, 16.13742776825449;
  -6.477077364096679, 0.1875572816405383, 16.17343673102742;
  -7.059856927741147, -0.8912980647928674, 17.59192285466514;
  -6.443982996076228, 0.007447984686489954, 16.21524189056864;
  -6.419032292359596, -0.5094649794765737, 16.19342622154974;
  -6.413825021308508, -0.1894431755977122, 16.21694112293777;
  -6.489678557829017, -1.01309930495392, 16.41910371889697;
  -2.890624169738747, 0.9162326334609706, 7.849682545529658;
  -3.021523549918865, 1.083128941811348, 8.204579129519667;
  -6.492741463839344, 0.1201104174552592, 16.72049250037823;
  -6.354386700464959, -0.1672024098293241, 16.40685852963078;
  -6.588987617730423, -0.9934628757844594, 16.97845465300211;
  -6.275124279269249, -0.3495566886126701, 16.22288409317224;
  -6.267050287879695, -0.4286721730391476, 16.27950760652681;
  -6.676188586580104, -1.024658923719747, 17.30547495239086;
  -6.784397879231601, -1.123661574386021, 17.60041294028592;
  -6.677453626481914, 0.05826361659405877, 17.44769679221594;
  -6.939456360153513, -0.8673421471727617, 18.19623101332046;
  -6.307379536400394, -0.2036018989635325, 16.66005803785422;
  -6.161158049416687, -0.4769542977742957, 16.41004734703068;
  -6.269368933814992, -0.1029802604685691, 16.683164819916;
  -6.216609403282402, -0.5994240814615511, 16.65325262773571;
  -6.261085817322623, 0.01873046045535644, 16.90051613668066;
  -6.429091624606455, -0.9626460243808412, 17.69010495092245;
  -6.214349313693032, 0.1588644429838491, 17.17687056612679;
  -6.094365114078913, -0.2541645405796574, 16.88452697209415;
  -6.099412265280079, -0.5122333447096278, 16.91970607372976;
  -6.004161506031145, -0.7669955700215043, 16.79932587487893;
