m=[-14.71899403886443, -0.6074129412743704, 18.2906177415019;
  -14.52912674880073, 0.1042224128847628, 18.11720676366749;
  -14.65657475620704, 0.02520590532580778, 18.42759303378436;
  -14.60458351710356, -0.6759716121742715, 18.48046315423409;
  -14.29277964381479, -0.1833225793047645, 18.15790851528936;
  -14.61361496934368, -0.5245950624370167, 18.5852832611984;
  -14.61126299491802, 0.1247533200536174, 18.59947205251219;
  -13.08454401171136, 0.4660527418726633, 16.846273677975;
  -14.20872944697025, -1.05109740495427, 18.20767551641547;
  -14.20703982329505, 1.564983154022256, 18.24276428906276;
  -14.39946879900541, 0.009955007250520197, 18.50204469460698;
  -14.06806989971408, -1.171691477674742, 18.13025930999872;
  -13.54005771120912, 1.640227443806029, 17.57020444883915;
  -13.9360372904828, -0.5651970296092073, 18.05418898892746;
  -13.5988960935032, 0.1549259633910068, 17.66377947145372;
  -13.59850726354034, -0.3886147922760632, 17.69837311077466;
  -13.17519558031425, 0.4801052453665318, 17.19170358689672;
  -13.09528714327228, 0.6857967886959449, 17.11018902071462;
  -13.06815043104829, -0.03127342356626336, 17.17076862864435;
  -13.05287222863092, 0.5581676418742561, 17.22007142663912;
  -13.22774998500806, -0.1108505409967724, 17.51394828817282;
  -12.92633666854619, 0.6556486506002446, 17.1473051177832;
  -12.82029328588828, 1.004536310048476, 17.12483684401563;
  -13.90021327701269, -1.448757194232769, 18.56175751205478;
  -13.62673943330804, -1.229508763909022, 18.34704957665542;
  -12.86935349990272, 1.240725035366326, 17.4347001464952;
  -12.85635962672994, 1.032656562621664, 17.51380587330583;
  -12.65603838251089, 1.124755891545357, 17.26665208538742;
  -12.66079033249516, -0.4148419009883628, 17.32852458502885;
  -13.26214891713235, 0.1900751685836999, 18.14630610949023;
  -13.26668351240338, -0.8364157152200669, 18.23688084903949;
  -12.38549094551281, 0.5056782332175727, 17.13015922140509;
  -12.44246715766971, -0.4703495731064159, 17.22940275737335;
  -12.31297703311792, 0.9443804868704154, 17.07231586392036;
  -12.27859086985553, 1.313018422233282, 17.050824173239;
  -12.46861829051322, 0.2783099948889629, 17.54290941592199;
  -12.34532552038399, 1.081809957308565, 17.39733496615471;
  -12.11212838863242, 1.248317625149095, 17.10980954303257;
  -12.50627660638207, 0.4219182031228974, 17.70161505363504;
  -12.7208853871136, -4.293323826950224, 17.95334472178111;
  -12.32072514276639, 0.6557338587984338, 17.52162889043361;
  -12.08382405734609, 0.861566293921863, 17.23770271218019;
  -12.02927923214136, 0.5892268201258855, 17.32696870685255;
  -12.64545651947993, -4.272654454021565, 18.1425802612654;
  -12.45291305830836, -0.4248847680476692, 17.96265831037752;
  -11.92947334122758, 1.499562205353786, 17.31180703114069;
  -12.54999076162973, -4.388104771889203, 18.11816529797305;
  -12.48862027919516, -4.185499750270041, 18.09950236398118;
  -12.54046389878276, 0.2959733324314209, 18.2450572053551;
  -12.38145124491079, -4.301044945862459, 18.00298882475844;
  -11.75011916685672, 0.7527484506125742, 17.19650098336031;
  -11.67919179016859, 1.132272863164319, 17.22706908414114;
  -11.66478868709231, 0.8048281181559107, 17.22103102292368;
  -12.11830338883886, -1.251288211432295, 17.86863935968054;
  -12.19238718182936, -1.449614865628882, 18.0020169557693;
  -11.47753914047448, 0.6813860845704204, 17.02952745383736;
  -11.62286508105851, 0.7684426200924631, 17.24135876852259;
  -11.9915482122726, -4.262097901432448, 17.76834982298642;
  -12.16892938271218, -1.382312738178002, 18.07804279409103;
  -11.45315155046278, 0.8266058298823589, 17.10465461564107;
  -11.50657023702824, 1.556934827112498, 17.23203136062814;
  -12.04581219953622, -0.1653806336213126, 18.06731016279028;
  -12.21200433941438, -1.47305776153174, 18.28928047422264;
  -12.26162893862384, -1.337108025525251, 18.37843788446998;
  -11.57405771910988, 0.5079624896684752, 17.5079321009963;
  -11.44731220729037, 0.6965121853373855, 17.38749454598998;
  -11.42746762593531, 0.7293571461856733, 17.35985418597379;
  -11.56378203488323, 0.8275496900278987, 17.56660266072883;
  -11.61736633717024, 0.4961308531672475, 17.70787800034988;
  -11.85236896887677, -2.647666093596485, 18.08122714333768;
  -11.47965331131122, 1.5137541359989, 17.58619438954045;
  -11.80439747358604, -1.737842295289278, 18.06133070611468;
  -11.41484577554135, 0.5561762544623093, 17.57091242625716;
  -11.64526697584038, -2.760991191628048, 17.93909827773577;
  -11.45653213716629, -2.608968463200327, 17.68247324250195;
  -11.58677858486607, 0.3000303295198861, 17.96001734721825;
  -11.55800595319808, -1.751901074166047, 17.91724127435292;
  -11.6579334680711, -2.979105578067109, 18.06714691443398;
  -11.59092502509773, -2.516837847377206, 18.01431626320569;
  -11.50088593257793, -1.659809497426982, 17.8979918738102;
  -11.23226061938563, 1.170647612011976, 17.54914169627159;
  -11.6277209937769, -2.677364129041845, 18.11808250198164;
  -11.45949286914504, -2.370415681175998, 17.90718395735262;
  -11.57116082960543, -2.793520557666274, 18.08049511721606;
  -11.35506838613693, -2.525315252129583, 17.76155378542419;
  -11.60685258730437, -2.937514695610102, 18.13718559669858;
  -11.47327715798418, -2.219714039740565, 17.95140372347857;
  -11.43315498177063, -1.771149788392263, 17.99438252459254;
  -11.19367721625394, 0.8064242390438144, 17.69611160737644;
  -11.59190200077571, -1.347564483319715, 18.33945764242919;
  -11.14752190972142, -2.545243074051474, 17.683446238385;
  -11.07016992013202, -2.372465797747903, 17.57801480869151;
  -11.05539704282659, -2.724272210240541, 17.56509018242847;
  -11.1120272102639, -2.646005906432065, 17.70647698054508;
  -11.36708837833445, 1.212528657416738, 18.13364472602093;
  -11.54170693908312, -0.02656258967031516, 18.40331746085964;
  -11.4199973540178, 0.06945621185046746, 18.2641369567718;
  -11.03401672336529, -1.589596911153742, 17.68105882768922;
  -11.22603931662772, -1.913203593840478, 18.03976128597094;
  -11.15301851805146, -0.0946651270548175, 17.96054060905125;
  -11.62162317919534, 0.2858643076145593, 18.68535460085703;
  -11.48647545559034, 0.04954393910132304, 18.52944816986924;
  -11.20774349622726, -1.562737642726021, 18.20450338082185;
  -11.72271009602089, -1.2215377095625, 19.02617298617799;
  -11.54360255695209, 1.030907370861053, 18.80380913388062;
  -11.38711051740954, -0.06569036059835319, 18.58777943967787;
  -11.74975249083637, -0.2215385480048666, 19.19188223827232;
  -11.37349667397028, 0.4020192894428341, 18.61653163264359;
  -11.28299349052301, 0.8482844368978294, 18.56672543568438;
  -11.23751458331634, 0.02721666954555341, 18.61583843218693;
  -11.20014941875375, 0.7279216899360449, 18.58932285037191;
  -11.11843656229636, 0.5290018293913387, 18.48974877129118;
  -11.55752315936381, -1.78168605624604, 19.22509293056398;
  -11.13744771339535, -0.1063012448288832, 18.58810846185946;
  -11.18179730078152, 0.1915269106704841, 18.66275816470658;
  -11.18212622966, 0.4007797643015693, 18.7034320311674;
  -11.0585771872849, 0.6536906401847367, 18.52173987386123;
  -11.51703866165235, -2.957517558613619, 19.29538792186608;
  -11.31827887555127, 0.9133597339330916, 19.05184643251584;
  -11.35662285008932, 1.262289332335737, 19.13439333227484;
  -11.64381593521946, -4.085085259216736, 19.54834694316611;
  -11.84780402014574, -2.925853659045032, 19.98689765132923;
  -11.24912016080388, 0.05600408306941501, 19.05054655598318;
  -11.65954249882434, -1.570164989013916, 19.71502355808366;
  -11.02648152889051, 0.5313583503836697, 18.72574125179222;
  -11.69686860111023, -4.233599458951872, 19.8338446503073;
  -11.2495801934556, -0.07898992148148629, 19.29499221436128;
  -11.17026201811513, 0.6449513047204241, 19.22789601131998;
  -11.61666825871875, -2.79827107569256, 19.96854108527643;
  -11.66844938153919, -4.18938328424804, 20.14129648541407;
  -11.89747538751639, -3.176315311050656, 20.56827019327061;
