m=[-33.28143207378684, -0.4457405991916739, 40.64417904584981;
  -32.46561339053745, -0.06263848604669117, 39.83260162713098;
  -30.50141636477635, 0.2187971283409844, 38.03397660571566;
  -32.12493311886551, 0.05524742555890201, 40.39041888018819;
  -32.05172339538672, -2.65877759929713, 40.57572050340409;
  -32.90021094802392, -1.522782803724895, 41.63152858686026;
  -30.97526267726076, -0.3972960606788201, 39.351756617486;
  -31.77802641399891, -1.140757833414139, 40.41461497548539;
  -30.94196657928226, -2.288946446411523, 39.65036349083794;
  -31.10799227601185, 0.02150636894870833, 39.97102056223178;
  -31.59634440063977, 1.125416592881722, 40.6801081123126;
  -30.79229935138032, -2.564607297604846, 39.68365070484734;
  -30.84242505068845, -1.250861106442246, 39.95647823949449;
  -29.95551327759713, 3.628777367066561, 38.87165800051061;
  -29.2604462872403, 0.3333507954713489, 38.00676664490815;
  -28.69791563332533, 1.045754481795485, 37.44658332564433;
  -28.47688730107773, 1.491327196530292, 37.20765486943524;
  -28.29446729616151, 0.7038167298448014, 37.034380443607;
  -28.41014380295601, -0.06798838637619079, 37.32923098191943;
  -28.23808952529828, 0.1153223956703155, 37.17988164775363;
  -27.73001168984933, 1.406519512200168, 36.78497501326645;
  -28.41945048770097, 2.788851346183307, 37.78005508039125;
  -29.06291356159032, 1.712857544313976, 38.74242150944885;
  -27.48812853953786, 2.153837092294908, 36.71754661845865;
  -28.83595317931921, 2.554159027085544, 38.52552515941441;
  -29.9893812523171, -3.125659367524542, 40.04655264265867;
  -26.45861906639, 0.345349181441338, 35.48228435749264;
  -29.39096521438517, -2.651877911637681, 39.57201196465336;
  -27.80031301869705, 2.680208011504118, 37.66235199486546;
  -28.67926015242136, 2.303593479600322, 39.06883515106684;
  -27.49966214239323, 2.443924874066885, 37.51783017145056;
  -27.85902276852905, -0.9128253182830353, 38.12998622371102;
  -28.85220365334829, 0.413514243256381, 39.47783445190109;
  -26.80241824037525, -1.689794122335976, 36.84360959231906;
  -26.94090731582503, 1.09995077891365, 37.26150492697258;
  -25.41705828476275, 3.41303411577088, 35.26187811936704;
  -26.89789200671242, 2.063014028269865, 37.29474254496606;
  -26.78496795992156, 2.864266489784832, 37.19529252267008;
  -26.48730814310975, -0.9450399097559243, 37.12553903445325;
  -26.80137140647745, 2.348580473571062, 37.76914874710457;
  -26.26309902949189, 2.706765347725359, 37.09972417615254;
  -28.197179960591, 0.9512746180613362, 39.91080966542355;
  -26.93101643684431, 1.433323049160306, 38.29931032311;
  -26.11046923581568, 1.861654067893073, 37.24686028417457;
  -27.0292121700464, 2.25219706197054, 38.75341818860228;
  -27.60363388414009, -9.326732418127225, 39.60324741729396;
  -26.17235498450149, 1.281993143988101, 37.69864902540525;
  -27.51629131080862, -0.938836800384214, 39.69077246990815;
  -27.09153980962369, -9.4725579782816, 39.11150261146793;
  -27.29939960551674, -9.149259700189722, 39.56446241851469;
  -27.01375995097115, 0.6375643372305755, 39.30218208953493;
  -26.9050771307028, -9.346234437470633, 39.12076164031257;
  -25.29698679828379, 2.452489194983011, 37.31362126970864;
  -25.36366091893964, 1.750000624488232, 37.44503250395829;
  -26.71395463961035, -3.176157809606607, 39.44306042828292;
  -27.18704010484322, -2.351120508079899, 40.16552923472001;
  -25.17274153302294, 1.66428908222213, 37.34124632191048;
  -25.63518213148353, -9.111388623998868, 37.98466018107649;
  -26.63258710267852, -3.025291974737596, 39.56511162301374;
  -24.63550165460384, 1.778012733006157, 36.79177257267903;
  -25.03565557385577, 3.38753279905204, 37.49294473467599;
  -26.81685490566995, -3.234749608724914, 40.16220164804253;
  -26.42958164123078, -0.3628597960659926, 39.64128288529096;
  -26.61135813912436, -2.901919534187388, 39.88664108409824;
  -25.53315525047354, -1.225596200342222, 38.51546706538273;
  -25.99479549478564, -0.9069669327297306, 39.25397725642452;
  -25.06582861351831, 1.100089615684522, 37.91676489534902;
  -25.46369920303376, 1.62521842896361, 38.68277029259862;
  -25.48808473992294, 1.824027516456128, 38.71908479929537;
  -24.53409132118769, 2.535092134721597, 37.35620644935704;
  -25.18593812997732, 1.075589820410778, 38.38989894835602;
  -26.26149079379283, -5.866477741673861, 40.06287531312312;
  -24.87961961905329, 3.280728614278993, 38.11420215342023;
  -25.98384394704973, -3.825339082864813, 39.75660761964945;
  -24.46583422044055, 1.192071825287108, 37.66034504327755;
  -25.76857817986253, -6.109505048100872, 39.69553101745975;
  -25.56396856782944, -5.82162097475757, 39.45645896687663;
  -24.04741458104109, 0.6226884951676556, 37.27455218617515;
  -25.68308937746748, -3.892906099069627, 39.81397058543018;
  -25.24486083385706, -5.481635077514984, 39.23491059574697;
  -25.14301312687038, -5.789354722042156, 39.17734063492318;
  -24.53475685200585, 2.557059125793869, 38.33279328796159;
  -25.08436827900062, -5.188744440954745, 39.19810434504488;
  -25.06519300781184, -6.34361229755662, 39.16755676702674;
  -25.30196699615462, -6.108424728857708, 39.53553990533678;
  -24.67660362876683, -5.487963735256861, 38.59904737597506;
  -25.14538854107371, -4.864832533092877, 39.34316370719093;
  -24.34586953911443, -3.227214561419054, 38.23551432635443;
  -24.79932365956493, -3.841749449031552, 39.03109132981243;
  -24.34732618865374, -6.173197718957778, 38.43405331225967;
  -25.34506220335885, 1.825930130554707, 40.0680706421722;
  -24.74611922893264, -4.406309324951502, 39.13326718536444;
  -25.35081478747714, -2.947045068922631, 40.10732612861055;
  -24.0724861427764, -5.496318296236736, 38.1864703184685;
  -23.83772794594819, -5.108701551629569, 37.85126496364017;
  -24.03175843254089, -5.921908675678476, 38.18225636534816;
  -23.3830512673908, -5.567993183707336, 37.25975928303436;
  -24.82194381682124, 2.647759673272984, 39.59785440231094;
  -25.74511191839281, -0.05925092774526245, 41.05072760902924;
  -24.90533288246923, 0.1514737721268039, 39.83139370512861;
  -23.95824183839423, -3.797673002540677, 38.36725044539653;
  -24.17331450170173, -3.482487568002658, 38.73564871981313;
  -25.44856522739608, 0.6259742177441023, 40.91644153530879;
  -23.85898506242766, -2.679116738705571, 38.53452986041301;
  -24.17150697812655, -2.518735601996763, 39.23079811199528;
  -24.73340665643957, -3.448671503579591, 40.17395519873931;
  -25.30951301312569, 2.260279093065392, 41.22761933480336;
  -25.13261064983155, -0.1449858815229122, 41.02528229511226;
  -25.06825719766071, 0.8860883539218335, 41.03258799587668;
  -22.06702657680597, -4.896933156218061, 36.21848211858086;
  -24.85060317830984, 1.868332188739641, 40.8929001430663;
  -24.84875812388672, 0.06018238583461086, 41.16394804608598;
  -24.86419765617564, 1.615977439236799, 41.26807423409711;
  -24.64985871284837, -0.2352703001137636, 41.13996843036603;
  -24.89669470919285, 0.4264419122697403, 41.55333708523952;
  -24.15421561365256, 1.42779531220375, 40.45530368659212;
  -24.67492213799928, 0.1228448420315484, 41.78733503026454;
  -24.17844367727671, 1.165142109342918, 41.06108362721503;
  -24.76361777201633, 0.7711223815903281, 42.11640624777619;
  -25.11481654113141, 2.507458518636124, 43.11798490676536;
  -24.89284793395519, 1.437269307306776, 42.84922687788994;
  -22.26431955294212, 3.148623468266032, 40.16485583020994;
  -20.20258261165991, 0.6290680540545741, 37.13327483971416;
  -20.60481937193901, 2.639376848080216, 37.94587433307036;
  -20.7220528603233, 3.175123751382504, 38.33382023427945;
  -20.7462308858296, 1.155776134432681, 38.36837313628704;
  -21.81924913902307, 3.088030489914208, 40.54135111585182;
  -19.91648742641588, -4.879379273688377, 37.03335221231957;
  -20.55399382430339, 2.010537165885855, 38.38835419323479;
  -20.87527563792396, 0.5974661968198345, 39.0160042944566;
  -20.67503529590659, 1.15247334184523, 38.68879341225627;
  -20.72850984930832, 1.355705247490919, 39.02789174228413;
