m=[-16.34388011981015, 0.06439520704853657, 20.17583497853753;
  -16.32315730012142, -0.04870584217682474, 20.29325289498292;
  -15.94185599792905, -0.1663224294428333, 19.87567523790616;
  -14.41913865455021, 0.5130213338366538, 18.21682790040313;
  -15.87021138417079, -1.14445496648077, 19.96459984574428;
  -16.002411833966, 0.05735289670561288, 20.18986702494658;
  -15.5437026520522, -1.26350823217102, 19.66778762957294;
  -14.70906796497803, 1.827195690407998, 18.71804938542597;
  -15.03472396869173, 0.2133548187570176, 19.14936362530062;
  -15.48964563303684, -0.601715024325999, 19.69904923054746;
  -14.60222299575927, 0.5652270708620112, 18.66963132676189;
  -14.58232234516791, 0.8028303135271943, 18.66744771770942;
  -14.55750197354003, 0.1188517263101534, 18.6552281850187;
  -14.62022284331913, 0.4139885587764398, 18.75652730437873;
  -14.57930728908806, 0.921998839981739, 18.74923464490349;
  -14.50618557173314, 0.09456627033551812, 18.71602584611026;
  -14.26728170796156, 0.7680556353398753, 18.54153756395915;
  -14.39748205068278, 1.185058697071139, 18.84589152094332;
  -14.24214649998825, 0.2541060064046939, 18.71507854905807;
  -14.75695267918921, -1.505512044488038, 19.35609661639926;
  -14.49644237518557, -0.0341471753004532, 19.13463061775508;
  -15.11974072720975, -1.339115939349015, 19.9859092163635;
  -14.08044175029874, 1.293103830012926, 18.82443868900526;
  -14.05004391996225, -0.4200288836884162, 18.86392823717333;
  -13.72669910144615, 0.5922139425561038, 18.60156391334636;
  -13.89371805499668, 1.093088922069549, 18.86912149472583;
  -13.74177612017405, -0.4542370016459484, 18.88054949256821;
  -13.56932617925231, 1.435783025276012, 18.77560805113547;
  -13.9938857148926, 0.5084550659007161, 19.44387186612497;
  -13.7945207581524, 0.7749760565187777, 19.23892226828426;
  -13.45518335643913, 1.004255543922314, 18.81139540406531;
  -13.79840702546101, -0.1118084216564535, 19.2566297744702;
  -12.92374880663058, 1.677250167324711, 18.21424267167316;
  -13.4458303709135, 0.690890303652276, 18.98286632299574;
  -13.96974335470008, -4.7132018781267, 19.70075554652992;
  -13.83163013320769, -0.4374798958173102, 19.59015100116982;
  -13.93948002483542, -4.86684363585846, 19.77618408532636;
  -13.81831136743192, -4.624852798181085, 19.68500925820863;
  -13.83817424413518, 0.3775381453430233, 19.76782535367627;
  -13.07339039614375, 0.6597369952434018, 18.78547735261723;
  -13.10620787879914, 1.316244020771812, 18.94685202542638;
  -13.04812613355866, 0.9443343063855977, 18.88344261799389;
  -13.3203081003259, -1.124868683504119, 19.3322883116765;
  -13.661916825347, -1.603805723296607, 19.80908646059615;
  -12.81084680482637, 0.9746645888900585, 18.7511297526812;
  -13.50353237219305, -1.246313540393249, 19.73897174255338;
  -12.78237835631528, 1.778675671177356, 18.76317407594952;
  -13.53696061894044, -1.615657525956221, 19.91810023119294;
  -13.49169713800909, -0.1498344334179708, 19.86923057819795;
  -13.7834124920623, -1.457955385003003, 20.30243054252989;
  -12.90427118572271, 0.6089702231050392, 19.14427120811936;
  -13.46736518022345, -0.420774435038585, 19.97370423244906;
  -13.10025507943304, -3.061444761919528, 19.4438169604854;
  -13.07987588323432, 0.9803685070971385, 19.49514722580742;
  -12.87825221056758, 0.5928870307646391, 19.25847405912332;
  -12.85412928173187, 0.81761381740794, 19.28275777558525;
  -12.74325585158718, 1.730328782893475, 19.14473266370009;
  -13.21271212649874, -2.928122285829027, 19.81372298720887;
  -12.61158083269463, 0.5274999856087059, 19.00009663426398;
  -13.06996156568098, -1.892593976833382, 19.64980335247488;
  -13.01528317119147, -3.067316661386003, 19.70538854919568;
  -12.65803503774278, -2.864042134567887, 19.19820368954261;
  -13.01147180793624, -2.806589253397296, 19.73284618596822;
  -12.68363707202538, 1.759190115185284, 19.36788890339016;
  -12.92529198915951, -1.930934339206925, 19.68906087647256;
  -13.0038566219574, -3.194215392587406, 19.82803280438181;
  -12.90807913747975, -2.781692123741265, 19.71075588371111;
  -12.94400863926543, -1.628024396484649, 19.78497280854933;
  -12.98954089659738, 1.40060039566116, 19.9062101407424;
  -13.02044363077646, -2.981124786296906, 19.93373449893541;
  -12.79393439096637, -2.624929152622292, 19.64212818608231;
  -12.73922908198358, -2.815436692368592, 19.57114859509318;
  -12.8704766265134, -3.08877271176879, 19.76491825508831;
  -12.75926100140459, -2.44859717240678, 19.61414077155539;
  -13.07808319509318, -3.291883166298127, 20.08114964654524;
  -12.92908003456803, -1.685802332691812, 19.93226372555395;
  -12.92024269023627, -1.973385475782277, 19.97361728821371;
  -13.00306247355221, -1.482794513695052, 20.2164601237696;
  -12.33388399898825, -2.622482830570553, 19.22666895667345;
  -12.28392927971584, -3.007576604609599, 19.16683525442012;
  -12.57980819124629, -2.977483690062111, 19.67309090691075;
  -12.76870800105985, 1.414502929064589, 20.00103667165589;
  -12.95381385112461, 0.0119368135415908, 20.30307610815082;
  -12.39623070497331, -1.649523826271754, 19.45772485038748;
  -12.90779687910919, 0.1212615264627046, 20.27737716105888;
  -12.3356292042198, -1.744336408381341, 19.41392107500567;
  -12.97522402239883, 0.371731542705567, 20.5094689866981;
  -12.94091960880574, -1.302557186741302, 20.63705078645679;
  -12.55756318654814, -1.725079243669299, 20.04866204162125;
  -13.08804720864293, 1.220922817294701, 20.95541868428634;
  -12.83775426813258, -0.03188826960311925, 20.60043347387748;
  -12.79279908424724, 0.4994417197347629, 20.58352620310698;
  -12.86454515253525, 1.014656229801714, 20.80294230186204;
  -13.03999841963177, -1.677686236233306, 21.06452918475873;
  -12.62141461032598, -0.05752702282428086, 20.51684846298466;
  -12.63114626257887, 0.08041567947217909, 20.57659014202264;
  -12.59249292327516, 0.8657130128607031, 20.54513617907427;
  -12.53900050154389, -0.07751203837313127, 20.57589384960311;
  -12.55138833374044, 0.263280055284299, 20.60261713959912;
  -12.52973581623958, 0.7858147877722588, 20.61942099520555;
  -12.58853988711998, 0.1127313126513961, 20.97263349889489;
  -12.73339465856629, 0.6446193846716839, 21.2486917933527;
  -12.73397668076819, 0.4405683999054882, 21.30181614805921;
  -12.68303019524934, -0.04374749922180018, 21.4090618900377;
  -12.96351729126928, 1.354368145267243, 21.90637772382436;
  -12.60313382294595, 0.3424940554312775, 21.3259859393576;
  -12.49260562903702, 1.000556160404446, 21.70916309379973;
  -12.4236774544581, 1.283550968721842, 21.74259268855251;
  -10.8066234310048, -2.578421026705726, 19.26247417774424;
  -11.90290735059317, 0.07887542762071939, 21.39655071237908;
  -11.61933026536634, 0.4180623885627, 20.95915233407805;
  -10.94184494012283, 1.723312008002871, 19.86148103454912;
  -11.29809052264364, 1.647221846846409, 20.62775806001529;
  -10.48641943068866, 1.074707056499423, 19.22875599263876;
  -10.48666127233988, 0.6327424452236584, 19.27417778968372;
  -10.71260940756957, 0.3543190162583286, 19.67135431992033;
  -10.57230107217721, 0.5167973637007385, 19.43804617506795;
  -10.39367627980318, 0.7257745994375855, 19.22303159945541;
  -10.51452031518633, 1.455530792308433, 19.48627874964234;
  -10.31439747804321, 0.8724571777243709, 19.24669744655926;
  -10.24563550989606, 1.322003996894783, 19.162233554952;
  -10.37051163102848, 0.3468148624061485, 19.39903252661416;
  -10.3342790614501, 1.53602193471689, 19.39350468983846;
  -10.29265296273062, 0.4920683136183702, 19.50023783333957;
  -10.72888238664729, 0.9057380862808167, 20.67145359595305;
  -3.566768330746401, 1.721775764596392, 8.64423083215762;
  -16.03583186567771, -11.38639563398871, 47.70307763033458;
  -15.34774130166874, -3.740713283384498, 47.82292995168994;
  -14.89888665773815, -11.4613646210094, 46.70400552107458;
  -14.56630404144935, -3.838389314182797, 46.07956684894231;
  -5.614950817802083, 1.7918901470066, 18.39597995373644;
  -16.17423997295447, -11.76927509402318, 51.25223431576805;
