m=[-14.54915725138229, 1.873613387863781, 18.21558613073184;
  -14.57174893558129, 0.6254151264419431, 18.33484827850087;
  -14.63044832012873, 0.8674303420348776, 18.42540478267259;
  -14.43412922677271, 0.7197527921014083, 18.36367732487488;
  -14.18623392967235, 0.8319333069420256, 18.14233045666182;
  -13.96091874819468, 0.3389393572014806, 18.05165560722617;
  -13.90736173545185, 1.342765535928142, 18.29925689192812;
  -13.71687268978402, 1.582252571808727, 18.35694406615743;
  -13.22917550665532, 1.779074679836084, 18.31745858981889;
  -13.34261036584093, 1.454526504214224, 18.57771440208358;
  -13.31335253122949, 1.795963353284756, 18.64091663899936;
  -12.71150712637187, 1.843029300434772, 18.3668341597105;
  -12.35956620178775, 1.929091561284622, 17.89848905543893;
  -13.51949904217266, -6.671192293963903, 27.90336302701434;
  -13.04218067314169, -6.720190029787067, 27.07725768048867;
  -13.23218062590369, -6.503346611427971, 27.60396059629053;
  -13.3755602325561, -6.811195343685291, 28.12531065486559;
  -12.9435297779478, 0.4268906070742604, 27.49710989092596;
  -3.507814184416406, 1.755702695467964, 8.151929440033577;
  -12.84142026413565, 0.2605586638263079, 27.67269708211004;
  -12.91915095886822, -1.396252987679842, 28.03974482320088;
  -12.92141619399682, -2.683589788975561, 28.06049744617655;
  -13.2144930950925, -2.058324199537356, 28.7274957151644;
  -12.96597261268385, -2.360998071624404, 28.22467492770193;
  -13.31077311314922, -6.620268161654964, 29.00546553212379;
  -13.3258231096485, -6.441724067542881, 29.03146885787392;
  -12.84763104349408, 0.3896007822132173, 28.16661094809586;
  -13.24256973825262, -6.8904008291946, 29.00079417023912;
  -13.34689905995057, -1.122744855892881, 29.26450554584767;
  -12.80122343313783, -1.228731340181684, 28.11703174907706;
  -12.85324132820395, -2.193926094040176, 28.23152776478916;
  -13.01251372645429, -3.960134093108726, 28.66841244248608;
  -12.92552843516595, -3.655152200308559, 28.51412979250345;
  -12.85028582482907, -2.019321066997056, 28.46144680198176;
  -13.36153812055201, -4.563128331651138, 29.62038029847735;
  -13.07376387262645, -2.893165148475861, 29.00482269684874;
  -13.64682024529409, -7.455876354498019, 30.24123569495575;
  -13.63780130670189, -3.183714523389507, 30.249607652532;
  -13.82987637327219, 0.9377154637314741, 30.71936902369935;
  -14.10419361758538, -1.947140147544313, 31.29764660714059;
  -13.0012494075207, -2.777095213026458, 28.95251035376347;
  -13.14783771000256, -4.786861672484714, 29.29291380038757;
  -13.2578754295494, -4.452826861204319, 29.56008046514484;
  -12.4992498497856, 1.751537585424589, 27.93511828464235;
  -13.21246331571088, -0.2242487316247223, 29.47161051435351;
  -13.48461072211049, -6.84716935889864, 30.21795218869013;
  -12.88130401767186, -2.605583084519254, 28.95647421860426;
  -13.01117308746513, 1.715368726681267, 29.35070524500276;
  -13.48764367426147, -6.9947517563188, 30.37389464890868;
  -13.20519010472753, -1.133136820436698, 29.77574676182961;
  -13.054469879641, -0.01069969033287942, 29.45037128350201;
  -13.1052337475064, -3.693290548418543, 29.59671883915181;
  -13.62715231033461, -7.246227468111207, 30.84771104672522;
  -13.04734174003685, -1.077074883842718, 29.68511792538903;
  -13.1038078780217, 0.451115485639221, 30.04113131736428;
  -13.47467889633859, -6.873833835770062, 30.85269307727406;
  -12.80555038031886, 1.634556307408596, 29.40486780072191;
  -12.4365823305021, -2.821232270511383, 28.57988195306978;
  -12.68076973103108, -1.404811368144781, 29.18141727748744;
  -12.83853288194534, 0.01240409369734824, 29.6603701737353;
  -13.10666228308963, -6.859410857634559, 30.31222139001572;
  -13.54490555005732, -6.761161740534953, 31.33869982984153;
  -13.06474651876904, -3.258619250283476, 30.39399955867228;
  -13.12445712238784, -4.706330888888733, 30.55532989825178;
  -13.03688068205031, -3.414004865669741, 30.4254555742177;
  -13.05950156253107, -3.729582097297876, 30.53302384795838;
  -13.3137175501514, -6.69260847308813, 31.20575984879416;
  -13.03212540635886, -1.445210022441549, 30.71816447591943;
  -13.52932735696857, -3.706044205225441, 31.90656419338884;
  -12.77775981929486, -4.571474548025106, 30.16691379630794;
  -12.67380422621912, -3.938214951409894, 29.97886337949376;
  -13.05055928232147, 0.343418381641013, 30.94430464627262;
  -13.16414231693676, -4.873468231322404, 31.26512901276925;
  -13.27707040462629, -4.743181529005403, 31.53336433211275;
  -12.87001691812857, -1.144332086932672, 30.75046042051799;
  -13.16624669036061, -4.826597016976802, 31.55455695452674;
  -12.9930526715039, -1.506224271496528, 31.2068038424712;
  -13.27528202028959, -3.813105487150796, 31.89829536088488;
  -12.98730709028975, 1.391231413166298, 31.31347320321247;
  -12.96290069644432, 1.204994032736338, 31.26821366121092;
  -13.04308559036439, -3.541547036440498, 31.46332484922807;
  -12.43871003458995, 1.500973034555779, 30.27598716227879;
  -13.01267545068585, -3.682253473897333, 31.61116727924463;
  -12.9375364275989, -1.326034275574614, 31.58967570410389;
  -12.66497440121568, 1.206234166982899, 31.00310709382449;
  -12.65993522664891, 1.186076048835784, 31.15530662922863;
  -13.73202821383352, -3.850584085326597, 33.93814578704939;
  -13.14254257325487, -0.8144221123762525, 32.69599797032235;
  -13.48228488849911, -0.4485356306057184, 33.8855140164228;
  -13.2779741919211, -1.194487608950836, 33.66953559103092;
  -13.38814837443855, -0.2696510876871001, 33.97934619956778;
  -13.47579092073156, -6.769188876104845, 34.19907979622551;
  -13.10112926882347, 0.1966865420542329, 33.35765517681912;
  -13.09913980404108, -4.763326499569126, 33.79330702535138;
  -12.99212248054731, -1.496162275318379, 33.56993765771483;
  -13.01517370986071, 1.151127274135188, 33.87822060926573;
  -14.88592782709043, -6.008555494337875, 38.67240839086724;
  -14.71210734829911, -5.951816944263045, 38.75587581548152;
  -14.79614744479799, -6.329995306275687, 39.36330125581242;
  -12.73209472210891, -1.194794731158864, 34.17915816829547;
  -16.11790956118355, -4.804151064556097, 43.13241789234585;
  -15.58431168053418, -3.505533962139418, 41.77076937014395;
  -13.55798169155237, -6.200880444982595, 36.47561434089165;
  -14.57557652435293, -0.2449363884521658, 39.2977181183368;
  -12.98203960750162, -0.003804401520003402, 35.10163771641358;
  -14.5786127611735, -7.32565987677041, 39.39067972277561;
  -12.96356340431751, 0.2319896153426341, 35.16286284882743;
  -12.92098467953544, 1.46272205706641, 35.25905305311848;
  -14.33763407101289, -6.513030172175077, 39.08272884048375;
  -13.28769436032012, 0.4801198101137697, 36.71094712691166;
  -14.92636068551884, -7.082220793462905, 41.29222336507718;
  -15.24052383975688, -4.719562607994999, 42.29793045820765;
  -12.08738581459184, -1.206175525955925, 33.77943673002713;
  -14.35941309993393, -3.98681495602232, 40.26742928564151;
  -12.43279335564557, -1.152248315992658, 35.07661074963824;
  -12.09597996071139, -1.390286300279488, 34.27672047563068;
  -13.33710580797345, 1.696465432706547, 37.77713247506793;
  -10.77596924174242, -1.102622151048695, 30.95493829741274;
  -14.57886440914053, -6.626079301153575, 41.59326672253846;
  -13.43479354395418, -3.334084961957669, 38.76836307657917;
  -9.404055505232522, -0.8807933485424437, 27.42849697022689;
  -13.12975226906983, -1.40608125516617, 38.21556058384906;
  -8.521830544426077, -0.1886729780955865, 25.11766195617771;
  -7.508352458381353, -0.01375805430836653, 22.25119232045814;
  -7.847626940927875, -0.6527510511060984, 23.29458756919223;
  -7.937701676830268, 1.022887104280821, 23.58143498315376;
  -14.1673525532607, -4.00078281831782, 41.55229072237616;
  -7.962625090710448, -0.5047620888549709, 24.04591258912923;
  -9.298367942354227, -0.8561739076283949, 27.98241242393104;
  -8.511826315366458, 1.542606561696991, 25.74656042363155;
  -8.128889682351161, -0.1861961811851158, 24.65929560250686;
