m=[-13.2673640082096, 1.383860634448695, 20.87711317410625;
  -13.12851114786767, 0.6379973280653023, 20.74932222158639;
  -13.70115869498547, -1.687964130101127, 21.78853389253729;
  -12.98199204598145, 1.032570042567677, 20.80544371226962;
  -12.89402475670606, 0.7937078983416503, 20.70211820895642;
  -12.766710812066, 0.3815696998059546, 20.59300795824366;
  -12.77196060904186, 0.6303356892510923, 20.65018669828318;
  -12.77235414008802, 0.9360001160777687, 20.652789183353;
  -13.2965662437518, -1.953007811248353, 21.45551493495349;
  -13.03123776657358, 1.252603223964357, 21.22713362751271;
  -13.28866994504464, -3.360042226798087, 21.62714226606907;
  -13.27967916143027, 1.679888322851787, 21.63890381507444;
  -13.38143434852486, -4.682415353799196, 21.85418227484195;
  -13.21746229947888, -1.93425553916671, 21.62010219545981;
  -12.91943272824933, 0.2436992307685456, 21.17919324011952;
  -12.77679352844613, 0.7798375533854959, 20.98659788938992;
  -13.26034935505379, -1.643361919797644, 21.78676527290519;
  -12.89984267340186, 0.5733707561071254, 21.24540075008729;
  -13.10076014219701, -4.925323170812284, 21.66877207643915;
  -13.0510272334143, 0.07808759791894873, 21.7038493737691;
  -13.11527668765255, 1.527139151256783, 21.84457392168391;
  -13.00756680056672, 0.4879986713693957, 21.67785446653024;
  -13.30859713624355, -3.300986688754979, 22.28480424890581;
  -13.55246903071522, -3.205220686144889, 22.69482536160191;
  -13.54768043691194, -3.652814768343085, 22.69743434580215;
  -13.41933117950738, -4.807298905592334, 22.60702283824826;
  -13.641423430248, -4.614650168940438, 22.97419970512405;
  -12.93151927490638, 0.2390381838348808, 21.87359751194461;
  -13.50207803120387, -4.333097576110917, 22.78530009080826;
  -13.58765970947096, -4.741890853976914, 23.05744865173149;
  -13.50122896277389, -4.579054299740673, 22.94892613846958;
  -11.96362250379862, 1.09331211071971, 20.49346764455149;
  -13.14805680018423, 1.527150408564599, 22.4542704749447;
  -13.51646176942172, -3.646388204508797, 23.05424428071003;
  -13.14109609395761, -1.700800755721756, 22.57287175136882;
  -13.28831656833564, -1.376057314852433, 22.82492140698233;
  -13.47454893499354, -3.746197291043549, 23.14635038267343;
  -13.61968994287603, -3.585285500584773, 23.43554553154775;
  -13.51722596592578, 0.4422802949998477, 23.50004452635887;
  -13.19843151031622, -1.888297057142153, 22.9610971391315;
  -13.20037724350144, -1.461398642130442, 23.02640725010656;
  -11.32209170296209, -1.658746753649117, 19.95697097295014;
  -13.23514349275871, 0.588942285991901, 23.20887464009332;
  -12.07873016584249, -1.425542234299506, 21.28885979053313;
  -12.16193557452776, -1.223869778845413, 21.42851613594606;
  -12.94824668806638, 0.3692655196676869, 22.76935652345314;
  -12.04318082644771, 1.949477245911529, 21.25810268492427;
  -12.19011751760823, 0.21921460830958, 21.61354987100398;
  -10.98250691039755, 1.889006868290422, 19.57509083207212;
  -12.01407212545674, 0.5703756524114829, 21.34957473260208;
  -10.8485398526188, 1.254595737403965, 19.50983923980365;
  -10.95551799034022, 0.6655361188100639, 19.77346842226321;
  -10.7427769308275, 1.115274617935584, 19.42239750469675;
  -12.50405575799149, -3.325581212209495, 22.47009757613047;
  -12.37688371412832, -4.640884510608804, 22.32856272883022;
  -10.76858414833457, 1.64352785803657, 19.58643519310976;
  -13.2890951281563, -4.658500484405601, 24.03450789868731;
  -10.61967735540077, 1.03582092577602, 19.44458731446724;
  -10.52891552856719, 1.509383895895432, 19.31488079215957;
  -13.32261053183472, -1.150312826390383, 24.19818878501213;
  -13.01239089352274, -3.676733603499192, 23.66221333185202;
  -13.90494152070815, -0.01791532213933244, 25.25608383833123;
  -10.94904815792195, 0.4942870790529003, 20.1123957111556;
  -10.61624009866434, 1.731698220879731, 19.55056457213431;
  -10.60958165435909, 1.068028785374156, 19.53858745569865;
  -13.52651418585991, -1.017725353429804, 24.69644851647388;
  -13.62946663495016, -0.5070499648669918, 24.92464419945751;
  -10.52645196678411, 1.355022971112597, 19.48573475962766;
  -13.49688912740355, 0.1261419128940077, 24.77535040552531;
  -13.33935095778221, -4.731077758284687, 24.5272134635843;
  -10.60971568200941, 0.6363004782804573, 19.74754808121872;
  -13.69320464761455, -4.603328796916692, 25.29586392363632;
  -13.73148608813638, -0.7342213638101506, 25.37917732032483;
  -13.5882580310437, -3.679847474684123, 25.147576141835;
  -13.36028351272669, -1.313819257364462, 24.78835007312753;
  -13.51637030989148, -0.08084424931501039, 25.1195363807023;
  -13.48028910062241, -5.112596755753504, 25.21960602548638;
  -13.2995450291764, -2.876766968635964, 24.91348330337298;
  -13.80505270235751, -0.1586221520768313, 25.86885617307087;
  -13.45321247056778, -3.67442704474269, 25.2715862970743;
  -13.20094356214301, -2.378761936553968, 24.87230842157878;
  -13.43348107975432, -2.169283655895627, 25.33355928707215;
  -11.31322916234393, 1.86771747457962, 21.52207336627854;
  -13.69243830396967, 0.1337611117256088, 25.85658919441369;
  -13.5484487191477, -1.823465690700713, 25.59144151663324;
  -13.65990462312016, -1.063517085330452, 25.79963198249372;
  -13.57626395460319, -0.3535434856912759, 25.67216786116313;
  -13.32673362451378, -2.635124440197274, 25.23735089798509;
  -13.44040819399595, -3.573985863525293, 25.52333802636607;
  -13.40456299466616, -1.996025123637494, 25.56132957114362;
  -13.49758884314955, -0.3972597877701218, 25.76259023876216;
  -13.41258403233606, -3.741900754758285, 25.73654032489267;
  -13.30322832686538, -2.302367010972631, 25.61422891271451;
  -13.0633035731981, -1.367908608289234, 25.19900089774093;
  -12.77071487740529, -2.820614745720667, 24.65989826887223;
  -13.40427615931778, -0.2258266163620691, 25.85452897013398;
  -13.19550760837954, 1.875907730086607, 25.4913598476411;
  -13.64410850677637, -5.066170220646574, 26.34153871939313;
  -13.20961383550612, -2.011519817230126, 25.64877488406997;
  -13.5647407820442, -3.422422195226356, 26.36268586949241;
  -13.18494779500061, -1.486681162282058, 25.70024821027608;
  -13.17403195416851, 1.516957325501856, 25.69111108153034;
  -13.22206755036911, -2.324447131817616, 25.85241373854822;
  -13.19993363317353, -2.521105666199921, 25.96026213502158;
  -13.21771281815422, -2.40218016387232, 26.05058370032338;
  -13.4273450248131, 0.3880849384704082, 26.52154204858173;
  -13.29299887852634, -2.335535153950832, 26.41817980109994;
  -13.43283679869119, -1.376140940657695, 26.71283570473651;
  -13.11890009992799, -2.656264130282738, 26.16227820310159;
  -13.22731934590669, -4.938384362098288, 26.58313347725988;
  -14.01253545014285, -0.08505725852492943, 28.12513130998796;
  -13.68455757699482, -1.076505276970077, 27.59934920141651;
  -13.27545685576499, -6.587897315664625, 26.86857012929499;
  -13.69631052140898, -0.1291494137709401, 27.73885456813609;
  -13.28889266621511, 0.09237435885576947, 26.9967159634211;
  -12.43219396639329, 1.924684023748815, 25.32543379506621;
  -13.5377533816391, -4.699306132720873, 27.5306943464945;
  -13.31548066704182, -2.73127411870974, 27.10784144668799;
  -13.61837210189269, -0.9271398074341566, 27.85696216646697;
  -13.79454482286453, -0.06455723566317567, 28.25511731204903;
  -13.55062326321448, -1.347270041903775, 27.78170594395287;
  -13.3696013208304, -2.607898658683135, 27.44878998311345;
  -13.19979708763664, 1.543184127117683, 27.16890567683835;
  -13.0814574709481, -4.367061867230629, 26.97815537097543;
  -13.60463736034652, -1.262180360856747, 28.17040496061638;
  -13.08198933230023, -5.073254979624715, 27.10363131978593;
  -13.45498365383495, -6.706462048685832, 27.92399267811885;
  -13.65125210310356, 0.07320046388179741, 28.3968614183944;
  -13.82704368687117, -2.669428031958351, 28.84295652611316;
  -13.54024615326413, -4.737774100991452, 28.35024731190597;
  -13.13965985983434, -0.9698125831262822, 27.59364826401701;
