m=[-26.96472130234723, -9.617770337033083, 49.18025397483571;
  -29.84850963506113, -2.07889295388463, 54.47589591031498;
  -26.40969899192906, -7.628550622879914, 48.44599429047359;
  -27.44837814853226, -0.9901224841851327, 50.66204514296582;
  -28.1605634731641, 0.3306286453996975, 52.13434008232248;
  -27.08770438979429, -9.23542401796756, 50.53911586238173;
  -27.67836043165904, -1.43124138925149, 51.65825093389844;
  -26.84029447697503, -2.630389503391366, 50.27061931287562;
  -34.41552054841649, -5.444769671313321, 64.21883392798785;
  -26.71029178968353, -0.09960898543920145, 50.13808145049406;
  -27.26359350497017, -6.631548047123113, 51.16578528684651;
  -27.03436144619172, -5.678694217181488, 51.02216832489147;
  -27.52252961857516, -0.2410756812784924, 52.12163324816734;
  -25.89236116656278, -4.701395177040149, 49.28173745932254;
  -27.02722952576776, -4.404161151892574, 51.48973806117848;
  -26.25742464657263, 0.3187265429768353, 50.14965763926038;
  -27.21447111969836, -3.678793918407417, 51.94094917460656;
  -27.49965989665236, -2.116443657337837, 52.48556472955572;
  -26.94754238151837, -0.6475558763843613, 51.50203212559927;
  -26.54341949466278, -5.311998796140649, 50.78962859237659;
  -27.65738311967932, -1.375312471684828, 53.27146720971843;
  -26.91144994728045, -4.042698118634014, 51.86337776112386;
  -27.75175012584141, -0.7512617578710313, 53.51584958841812;
  -26.2549763580431, -9.253969880456932, 50.83853698181151;
  -27.15592521147224, -7.691133769053299, 52.66649762979846;
  -27.14563312102958, -4.748483890287983, 52.81866311297338;
  -25.58300675939816, -2.642427160435978, 49.8745790471205;
  -26.05729058493914, -5.828384625037843, 50.81012776408777;
  -26.14509465990503, -10.1343514122705, 51.02382956364523;
  -27.44903918745522, -10.38414771764939, 53.60610284975005;
  -27.54436949944582, -3.655360273616857, 54.01793046658531;
  -26.58758292275702, -4.084412012986043, 52.19100792610086;
  -26.10407334224349, -2.949976812339821, 51.45986043745669;
  -26.6033028812792, 3.210484236294881, 52.4463417031596;
  -26.74226137447798, -4.753493028210701, 52.87253352447891;
  -25.06623813822873, 0.4854301222944209, 49.85290562234982;
  -26.69792686110314, -5.160357558936405, 53.10381902941041;
  -26.63437782830054, -4.894866600612367, 53.09884502589896;
  -26.26324734356697, 0.848602886960119, 52.5159983871908;
  -26.44522086716637, -2.709846461700401, 53.24963158601364;
  -26.61818572951966, -5.460796150116464, 53.7066664050336;
  -28.24494108182252, -1.382564810539766, 57.31941155978819;
  -26.53083598223693, -10.09498509199197, 53.98468959492345;
  -28.29914420588481, -0.08656038967501353, 57.55171707579068;
  -24.4733262878733, -4.625964997637805, 49.9784193599104;
  -27.55420934232749, -2.158169919450486, 56.29736255197021;
  -26.42501919383556, -13.37872913903139, 54.16902236592799;
  -26.9005276170085, -4.866326988959465, 55.1637204186549;
  -27.40486806419136, -0.1652720859959497, 56.2402462310159;
  -27.06855674152755, 0.2546503008811539, 55.68027830351233;
  -25.0768006926285, 4.051893536312823, 51.66982750087079;
  -27.27167245723007, -9.621877854881864, 56.18248574160236;
  -27.27775775798147, -5.676003576957561, 56.23749242342147;
  -26.99255257887938, -7.785963875914771, 55.7570672065119;
  -27.41859939406766, -1.825132856883588, 56.84153754613243;
  -28.0164309084358, -0.05684819461522216, 58.16550126860347;
  -27.7559172828711, -2.76405074985303, 57.65832094816793;
  -25.99188946560609, -5.129281897032469, 54.10408822963998;
  -26.35871055747427, -4.949848190716896, 54.88204857315519;
  -28.17587929903672, 3.426260669869351, 58.68743410165333;
  -26.71531825412718, -9.107553729293192, 55.82360691242361;
  -28.44235599005676, -11.27766388308651, 59.66577785047534;
  -26.28062877373567, -13.37357631480428, 55.326112336359;
  -26.54925647071548, 0.2117688072557396, 56.03808994201749;
  -26.96323566061182, -14.35433618391066, 57.06550259463108;
  -27.56120655468202, -9.832075465985502, 58.52703002409368;
  -27.11194781219849, -7.800371487137959, 57.67653891876003;
  -26.92735246720705, -1.974419296236165, 57.31586118208283;
  -27.89123903105488, -14.13934812121065, 59.34775112638441;
  -26.32772433726042, -10.05744921873794, 56.24307074640768;
  -26.96452798694409, -14.18119243848515, 57.89397753072737;
  -26.50763896850148, -6.862120104766415, 57.02440903377721;
  -26.91319208032125, 1.139282077847913, 58.2943515026587;
  -26.40666811923493, -5.518790209766135, 57.24176983103286;
  -27.37383288038454, -6.515943585711338, 59.71617460161978;
  -27.07691620188578, 0.7906392022225066, 59.54021378645131;
  -27.24695950502459, -2.875087277208836, 60.40134673584954;
  -27.56081306810482, -6.898737320762533, 61.06893928782035;
  -27.10891609866105, -5.692421884164869, 60.14316404251476;
  -27.23553267913834, -4.234026421542895, 60.5320420785635;
  -26.24270123565118, -3.536991032791679, 58.36513476381233;
  -27.34381852509124, -4.999814951909915, 60.82252452187162;
  -27.52390327510252, -14.13869297516507, 61.3758106014502;
  -28.59516199952384, -14.29435315433521, 63.7697155945804;
  -27.86194290609201, 1.104371613262577, 62.40635823937149;
  -26.52781217771438, -14.2503502530289, 59.44862422953792;
  -26.09895264836905, -2.432277146363413, 58.58272979938239;
  -26.81862080976473, -6.967960523692618, 60.16463183381169;
  -27.64115326105722, -2.230337692095866, 62.01159990106805;
  -27.00890844810817, -4.626281864717535, 60.6422935663505;
  -27.52301978660039, -8.583652718685682, 62.04419410168069;
  -27.1225249257348, -7.853946657404345, 61.21577947569823;
  -27.20357525608754, -4.289530795305078, 61.63077571377133;
  -26.33029060291658, -5.926709060440066, 59.80340374420593;
  -25.20364271888738, -5.969811598007781, 57.29952418667253;
  -27.91485339684068, -9.76945231006698, 63.39032651734294;
  -23.93208380798157, -3.288544623771065, 54.48415403130009;
  -27.66024423693759, -15.64188124572684, 62.85643210145175;
  -26.89061819706308, 2.113569335863031, 61.21725644219895;
  -27.20786349529704, -14.82360408454892, 61.91687886207716;
  -25.5385123725198, -5.516176964723627, 58.21810032947306;
  -27.58266834297784, -10.30113356054303, 62.93849448347422;
  -26.73289733913143, 4.142141876574103, 61.05422460879225;
  -27.54977388964268, -0.2697846798442399, 62.92671490627017;
  -27.00459023772236, -4.510895775710041, 61.84371731873599;
  -26.27140348572551, -5.370743677894604, 60.47949265721585;
  -28.62535534085242, -15.04129465009118, 65.8111962408744;
  -26.05895350966628, 3.81771423720927, 60.19511350433903;
  -27.52578079033703, -2.243238753659966, 63.6135363202286;
  -27.70476762275668, 0.205590121647182, 64.02777485594824;
  -29.88765800173334, -16.03965765301649, 69.07180370340241;
  -26.71462042477803, -7.685832480659354, 61.84546924635696;
  -32.9707828415586, 4.316204193988525, 77.30007342249724;
  -27.23358970616564, 1.208143090832401, 64.03697335965077;
  -27.15448842088492, -14.34069647986482, 63.88057596881015;
  -27.38499878814246, -6.316065439542153, 64.48639462058287;
  -27.03323953696136, -7.761220056079832, 63.7498594466034;
  -26.9364595468984, -2.9149277912816, 63.54785656386824;
  -26.43705994293636, 0.259448023191413, 62.647830537936;
  -26.57634732816013, -13.41260892686951, 63.04254475948572;
  -26.79169236119375, -14.54339102902177, 63.67058029534428;
  -27.29772145645371, -14.11052249228077, 64.95224251960555;
  -26.41768528596774, -6.69639167211447, 63.12553404411775;
  -27.2245547181297, -10.02867132794685, 65.12184371122875;
  -27.20499331254472, -7.262922246111275, 65.22891241943762;
  -26.92506356840738, -7.864943210535363, 64.69019507791974;
  -26.67916330495537, -13.89672405900405, 64.3372103369901;
  -27.45488166552651, -10.44853637598293, 66.25070518632157;
  -27.73937675039796, -3.006360197190473, 67.20880675687957;
  -27.07517573390777, -9.646728966062726, 65.69699913774832;
  -27.0871632100658, -10.00984311240815, 65.75573415085793;
