m=[-17.208670512537, -0.6321268922231544, 20.56160843239073;
  -17.30512058690706, 0.2060656656142385, 20.91608284031422;
  -15.7711328774233, 0.8421675794264564, 19.29450651516761;
  -17.24368225939259, 0.08487751167355456, 21.00677190465105;
  -15.46457787784221, 0.3587839286268328, 19.19658536629;
  -15.29059774865345, -0.1031605096927625, 18.99947382988491;
  -15.41196086985903, 0.7497348246440708, 19.17690735635308;
  -15.37799259437923, 0.9997887726449658, 19.15522639048783;
  -15.33324560478221, 0.5839431874729817, 19.14850233038152;
  -15.31340009781951, 0.1188857294156934, 19.19495594869108;
  -15.29851204629153, 0.3577778295197372, 19.19122821114615;
  -15.22671728356137, 0.23448128112297, 19.13228233986791;
  -15.17308944338841, 0.846405659317529, 19.09328639039863;
  -15.09830144062595, 0.9523062497888097, 19.08377651702567;
  -15.39726582326053, 0.05702004000525806, 19.49622699040257;
  -14.91921270870633, 0.4863134129611628, 19.07875593723426;
  -15.18181986435375, 0.0666181905630763, 19.55235405707353;
  -16.06126250679539, -1.588097907650518, 20.66204156618249;
  -15.93118197500036, -1.404404704937503, 20.52244283065618;
  -15.90757170981333, -1.32185714297768, 20.61977357308085;
  -14.95729478388954, 1.553477389472277, 19.4675839083027;
  -14.52700813398816, 0.7978215023078862, 19.18295726057554;
  -14.45211730432663, 1.774560974385046, 19.13646171359034;
  -15.47428818706702, -0.8555827996766077, 20.49955767912832;
  -14.49657576049107, -0.3702166252619072, 19.4376592920133;
  -14.43419007766278, 1.69062460771066, 19.46586156962664;
  -14.62945676657619, 0.9913298161332659, 19.93530863878712;
  -14.47398115937233, 0.006222947912403691, 19.74201855272537;
  -13.99664869647688, 2.018964448328179, 19.18744079561538;
  -14.27406036019482, 0.8863009024721623, 19.67234601559631;
  -14.14850614845128, 1.690197071617967, 19.52910141188773;
  -13.71300478499462, 1.979786392854726, 19.0292790970219;
  -14.62487691354247, -0.3374545100525497, 20.28686515083411;
  -13.901060439122, 1.223723806932883, 19.35404001574389;
  -13.80355977272897, 0.8615227257021783, 19.34933813916464;
  -14.50013664902389, -4.880385305510762, 20.26577790548151;
  -13.75547556815096, 2.083959087583998, 19.31505943593614;
  -14.5648366777514, 0.5380498621584483, 20.39077628305218;
  -13.71419695115851, 1.204629092782995, 19.29609314334831;
  -13.64590202923879, 1.126392421584685, 19.21343557760614;
  -13.75085535511849, 1.555257858568618, 19.39865029629408;
  -13.66087582077263, 1.160878010462994, 19.29168778800035;
  -13.54235229838096, 1.113127454643217, 19.21113797200159;
  -14.20329139456463, -1.352658238274588, 20.14305499365149;
  -14.1547642866641, -1.588196832627837, 20.12758477071887;
  -13.3801504314443, 1.185629243973874, 19.1090439545855;
  -13.4806125460655, 2.087538547007424, 19.29834695217938;
  -14.2681191570985, 0.3467328100795047, 20.37940886986229;
  -14.21773611582212, -1.506745714568774, 20.35509442369297;
  -14.15729971523343, 0.562131453738959, 20.44172867777616;
  -13.55511330502659, 0.7962416355139826, 19.66500149204743;
  -14.15929056972606, -1.406855756615578, 20.50851409529621;
  -14.00784318689355, -0.3044113726100293, 20.42005730507359;
  -13.37531688467383, 0.6384128556384656, 19.5469294510026;
  -13.41523536369029, 1.03115109448782, 19.69285242293132;
  -13.44522868338479, 2.038882862795801, 19.74679530964661;
  -13.83167419224117, -3.04920638252768, 20.36762033610516;
  -13.26583718783324, 0.8694054594746865, 19.63169838187341;
  -13.58896985045419, 1.648141854462096, 20.09967975913873;
  -13.68050271901306, -3.228770649487887, 20.33927161017202;
  -13.58302239158468, -3.05890049822338, 20.20947768360097;
  -12.89072008782068, 1.998469955015725, 19.26301859980763;
  -13.67677896327862, -2.893347841086778, 20.36953718368467;
  -13.73548276207769, 0.5951740424550089, 20.52170308935516;
  -13.59106786447322, -3.462628581999841, 20.34962602624366;
  -13.2963906315564, -1.602644255332278, 19.95805492739703;
  -13.40864309540309, -1.845813543688638, 20.12171085500497;
  -13.62417067741674, -3.358076488387409, 20.42375045984333;
  -13.456379006397, -2.876959976773653, 20.19318762533403;
  -13.74027560534217, 1.681709323170743, 20.65736422724351;
  -13.38482566078386, -3.072848488215503, 20.1478310333102;
  -13.45376423069991, -3.23091090279706, 20.30989178369024;
  -13.53421920585719, -3.419121018671486, 20.44678997043245;
  -13.36643014946964, -1.687308440455527, 20.26098441372352;
  -13.34011978947044, -1.99307213566857, 20.26004387161185;
  -13.34693703800188, 1.166321019811573, 20.28774210348405;
  -12.98642523010494, -2.936888547747829, 19.85817548611205;
  -12.95665016256472, -2.739344073868387, 19.82412882196681;
  -12.85777087307451, -3.040576224789635, 19.75639294726587;
  -12.86894165457085, -1.647525893635906, 19.83969223927783;
  -13.44859482687797, 0.1565470310729751, 20.72664459717202;
  -13.51573180310915, 0.351798771896415, 20.82818959402697;
  -13.80658895619673, -0.4994807347862839, 21.30403611618521;
  -13.46823232389383, 0.2781625578015881, 20.80994627183318;
  -13.17189117687303, -2.194047778505514, 20.45537736618244;
  -13.68659495860392, 0.01595690825473112, 21.27901593720055;
  -13.78425981986237, 0.5130939344587755, 21.46393632426208;
  -13.57210655323874, 1.038342357447867, 21.1724768571951;
  -13.5691684205385, 0.2519320848822967, 21.19330484125938;
  -13.2397506377133, -1.79876613814147, 20.82213670806124;
  -13.35185986525981, -1.224167864604385, 21.00921712025544;
  -13.53437553462444, 1.470965376109571, 21.36443335722575;
  -13.36295191249396, 0.6945428145844484, 21.18525994007215;
  -13.29490284407949, 1.239997763012793, 21.18395596991761;
  -13.86027637509124, -1.703842322771923, 22.14637563327487;
  -13.19321434004922, 0.07190427349294257, 21.13963473913882;
  -13.17971782317198, 0.2202794092924623, 21.15549008771576;
  -13.13491674606103, 0.6172676521293629, 21.11346740129114;
  -13.15737244154929, 1.093138161030339, 21.15306022691241;
  -12.94205884506759, 0.8448164907067908, 20.84435423955238;
  -13.02401382248752, 0.4306238351146548, 21.07699982613101;
  -13.03090360252789, 0.06537822181315155, 21.08728550517846;
  -12.8830398828467, 0.9907413021382689, 20.90175206902126;
  -13.00816618888223, 0.685902959156283, 21.10183714238737;
  -13.57373336988931, -2.006601781105093, 21.99356386809326;
  -13.59636151936637, -3.6937539224144, 22.02356794853305;
  -13.00809509944972, 0.5273499417096587, 21.14629363106508;
  -13.3650554044432, 1.337291978386657, 21.85573207092336;
  -13.46683090015852, -3.446153716343636, 22.01551981254536;
  -13.30889438780093, 1.771440193030888, 21.79631359793548;
  -13.58209779564656, -4.817762109282706, 22.28915066587402;
  -13.1585189262901, 0.2797137779249843, 21.66246584281714;
  -13.66713697817378, 1.647498164843606, 22.51635390460174;
  -13.39659878285718, 0.6406556199615443, 22.15155586782417;
  -13.45064669317697, -1.724834017914983, 22.23082153626931;
  -13.57810634953728, -5.105405709850799, 22.45989500573703;
  -13.50809895928673, 1.842413626523157, 22.43512200656214;
  -13.25829007326743, 0.112164503899828, 22.15438842958374;
  -13.2504216872012, 0.5348901876114948, 22.18700892199813;
  -13.67652751802521, -3.890813939334906, 22.88698838946051;
  -13.72626664122906, -4.30612322095523, 23.10958459293958;
  -13.62293252737296, -3.261113386367966, 22.95234236915108;
  -13.83974576442206, -3.78785434368045, 23.32768068446006;
  -13.80672998518901, -4.735192288211846, 23.40287179126731;
  -13.91491654445913, -3.713423376611963, 23.64266190526653;
  -13.70772825876828, -4.852642954630105, 23.41714178493363;
  -12.24509783203937, 1.184899724942694, 21.05524483479564;
  -13.73229679840938, -4.727928323009296, 23.49723916589213;
  -13.74168649352864, -3.759281655546548, 23.5901484528839;
  -12.86432455768151, -5.032916577292641, 22.18226139813519;
  -13.68356517394161, -1.390547623302009, 23.62515985941916;
  -13.66746821316833, -4.9706178493553, 23.60231473202677;
