m=[-17.03767974717953, 0.2235295099364233, 20.76599867303539;
  -16.43508641382827, 0.001150900427560308, 20.15613761931921;
  -17.0779386771416, 0.1035958771868837, 20.98246330880906;
  -15.67644429555004, 0.3214578512527977, 19.34656829286531;
  -16.10841406279876, -0.3066012864220574, 19.88167746900622;
  -15.06859020697654, 0.38019361411214, 18.83114537357762;
  -15.24964230707386, -0.1007377155420964, 19.06790607388944;
  -15.15967476096975, 0.7648685628985691, 18.98347036608024;
  -15.09682925534433, 1.017380508338362, 18.92287153131612;
  -14.97452705164313, 0.6106747066286529, 18.82661869654664;
  -16.32381511230332, -0.5333371105377417, 20.48402871399242;
  -15.04065734486195, 0.1385130976887003, 18.97505464565451;
  -15.00481224948019, 0.3751007946747295, 18.95518898246204;
  -15.13529842164454, 0.8786880387441099, 19.15778092650435;
  -14.85003996747429, 0.9694380329931287, 18.8851330388761;
  -15.14998407019959, 0.07925530738462901, 19.31695042666888;
  -15.04012373462168, 0.2976292355900792, 19.18936936997601;
  -14.84995911103273, 0.5149858079137796, 19.12420967043403;
  -15.58703584189448, -1.534971494468336, 20.20807850101777;
  -14.58179848994429, 1.560583164785088, 19.10958435819121;
  -15.54530215378719, -1.305804166649381, 20.31440042123012;
  -14.17490793266924, 1.794069556295515, 18.89593715962426;
  -14.24269037264133, -0.3524980403808025, 19.23461990683196;
  -14.17920492772963, 1.707640447530085, 19.26287369058281;
  -13.8766183205708, 1.245578771413266, 19.05105626807469;
  -14.82711332599646, 0.7412423088280612, 20.31334331527273;
  -14.2796451266314, 1.642233816522651, 19.60490065147803;
  -14.33262258668914, 1.008691885339989, 19.68999762092716;
  -14.19750443182574, 0.03786906614342525, 19.51912041456774;
  -13.71868117827453, 2.049900778697947, 18.94589695673673;
  -13.62046927741807, 0.8867387992209161, 18.93091060267847;
  -13.71497731412397, 1.693601124039708, 19.08396442237943;
  -14.06902765654213, 1.561075913375365, 19.59059150462884;
  -13.58374723904642, 2.021336520313041, 18.9775219572395;
  -13.49191959358481, 0.8709355267299123, 19.05925763863074;
  -13.23211643324344, 2.069516295614243, 18.72981189821783;
  -14.19085515845155, 0.5696750444274854, 20.05452755761337;
  -13.34243662953933, 1.142587544038432, 18.92671185795794;
  -13.45778703945101, 1.572947984231935, 19.13286298180815;
  -13.48330005775253, 1.190328349509223, 19.1855352728381;
  -13.22076700031696, 1.027853432123207, 18.8836111260124;
  -13.29293893301783, 1.134881666811234, 19.00059319959764;
  -13.8880157833991, -1.338915447375973, 19.88433229601501;
  -13.82727004765841, -1.567363984204357, 19.85447486796379;
  -13.09975972777006, 2.094473887497776, 18.90197374469431;
  -13.92726646464931, -1.493434940663251, 20.12768723315124;
  -13.00917623489718, 1.894584370325712, 18.98728682449487;
  -13.79452568244889, -0.007524373841333034, 20.1157862201554;
  -13.27003069356784, 0.816727613720023, 19.41311439304424;
  -13.88934997062247, -1.60566900566553, 20.26253689334487;
  -13.59084380286492, 1.284418026957894, 19.96924620929339;
  -13.05776540661207, 0.6575089024604036, 19.25855712736227;
  -13.3216942412204, 0.8113190584928944, 19.66728429054993;
  -13.09311697295047, 1.05470991649274, 19.38827364653189;
  -13.49662986797921, -3.032153880692051, 20.07868187235939;
  -13.20893603027884, 0.90064869480495, 19.69937909129496;
  -13.33807804639918, 2.002345828299745, 19.91386364577708;
  -13.27601974635654, 1.668157350836181, 19.82223811539573;
  -13.58658960028216, -1.271260029783687, 20.32127255514449;
  -13.38640943309683, -3.072055505411701, 20.10933361852942;
  -13.32211768391744, -3.202429492392349, 20.01590044125642;
  -13.86764012361297, 2.113698666261714, 20.87264706235885;
  -13.37898459902969, -2.917333597008037, 20.13995434272954;
  -13.61595545431666, -2.435979751684858, 20.51994201532063;
  -13.28172153115705, -3.455868944779282, 20.08952497945727;
  -13.13216842480374, -1.83979779640388, 19.90694471595996;
  -13.34908850696764, -3.35525710568287, 20.21832647692837;
  -13.22577413705751, -1.618827023049005, 20.05760916963885;
  -13.74834650150473, 1.739804539153628, 20.85634786590743;
  -13.10656770171937, -3.075207542691571, 19.93405158740069;
  -13.11338491140019, -2.725182909598388, 19.97366739855637;
  -13.06883392190835, -1.67630887956991, 20.01441044065696;
  -12.97685139637503, -1.973619197489512, 19.9072054151073;
  -12.85007978467884, 1.165309583643863, 19.76043625017013;
  -12.68478593835987, -2.924425349594083, 19.58698046619919;
  -12.43715688045271, -3.111475495924065, 19.22492319932651;
  -12.70602467932932, -2.736965810414345, 19.6249919005651;
  -12.55178798436636, -3.029614274929225, 19.47851101275257;
  -12.73427858902946, -1.656750208372311, 19.81304734456576;
  -13.24753171530466, 0.175620387625231, 20.6429247380279;
  -12.72591262331559, -2.162141205339967, 19.97137083434621;
  -12.99170653151688, 0.06796558822430597, 20.46061966506089;
  -13.25834072643376, -1.427440625042241, 20.95778438248426;
  -12.97963217019429, -1.20769204494919, 20.6654348018141;
  -13.42173157509619, -1.863648499665308, 21.34298362343282;
  -13.00940123681408, 0.1226975335275301, 20.81008723703402;
  -13.03567210346434, 0.7139088225301407, 20.90755746900578;
  -13.13734613975507, -0.06220323745643287, 21.09529917749472;
  -12.89995316833468, 1.25345100711116, 20.79420000970544;
  -13.27704085475445, -1.653746952050023, 21.4834752464952;
  -12.82290340889827, 0.08660780420277994, 20.79229373043226;
  -12.78277977406851, 0.2524889023972193, 20.77161777998045;
  -12.77104299528427, 1.108429111475877, 20.77959628047351;
  -12.65790631191062, 0.8676508825948452, 20.63109676505111;
  -12.86816221000101, 0.4605807448448348, 21.07049477586551;
  -12.91191103119314, 0.08453567077733856, 21.14444167845128;
  -12.59716461684987, 1.013027336259707, 20.67895821592122;
  -12.80980647507634, 0.7121381033741477, 21.02715655773631;
  -12.81393667604093, 0.5538574622110257, 21.08080887291009;
  -12.99269720329033, -1.65327163355157, 21.3962346759292;
  -12.86223119984279, 1.342376492054086, 21.30192008881184;
  -12.6973506903249, 1.751483397919488, 21.061170445014;
  -13.26275749553467, -3.467058968242874, 21.97570306103493;
  -12.93758219955254, 0.3174801882706372, 21.57012969463386;
  -13.28407644834594, -4.82430235902331, 22.10295194456398;
  -12.88313941220506, 0.8557858821297041, 21.50889988420287;
  -12.82385955557247, 0.6524073173473566, 21.48460153501703;
  -13.23633188576567, -3.307160549245391, 22.15303176445838;
  -13.48242259852394, -1.703746390108781, 22.56325027017464;
  -13.14586185810003, -5.047938040209556, 22.06146822221733;
  -12.70712815820304, -4.967958636483309, 21.41562232693027;
  -12.83325443767861, 0.1269615344102568, 21.73840349776065;
  -12.87183656895783, 0.5498731571865926, 21.8492189074595;
  -13.41418521661452, -4.675435090749899, 22.88503766712048;
  -13.5028995563109, -4.337992237572239, 23.07748896710389;
  -13.55301260192439, -3.31712997961335, 23.17827221572545;
  -13.43088288508034, -3.757602163314691, 22.98316390378718;
  -12.99133715065431, 0.3063264540763503, 22.40395696758684;
  -13.23510256291403, -4.927696578259922, 22.77281541549658;
  -13.50667753036355, -4.747355765472656, 23.24942448602802;
  -13.60028898167003, -4.540727017287707, 23.45457230039576;
  -11.87080659201012, 1.209820588182178, 20.68126006033568;
  -13.55412139340298, -4.921698658517645, 23.52024062271715;
  -13.4435861584299, -4.749847031112848, 23.36734863952052;
  -13.30918064656933, -3.719036255643973, 23.21203876112749;
  -12.90200697027679, -1.350457443193528, 22.65203028461964;
  -13.48131015411153, -1.799164034419692, 23.66427547529844;
  -13.21454156778546, -3.805837803388367, 23.21991667245517;
  -12.95597862566108, -3.535136695577905, 22.81934738535341;
  -11.11344812184939, -2.706718627515243, 19.75732703154111;
  -10.59840606212641, 0.7315825507660076, 18.97669397647222;
  -13.01812884291086, 0.4961649229057333, 23.16784155383559;
