m=[-34.66294443711408, 0.695989059467645, 41.82366068962547;
  -33.77827123028069, 0.4431613063893957, 41.16989789419869;
  -33.01872024603045, -1.903941897509239, 40.36655688601925;
  -32.54121986464742, 0.002278765253345144, 39.90884436971913;
  -33.70728452917643, 0.2044705613717759, 41.41377213279752;
  -31.691732989687, -0.6032081163112438, 39.11526058856143;
  -29.71497992308472, 0.7497347432672702, 37.13466880567746;
  -29.55939412258465, -0.1952666021114711, 36.96058828009817;
  -29.8931379965947, 1.508232983919333, 37.43322388211988;
  -29.97666135611099, 2.020137503904727, 37.57375155969591;
  -29.48702193487405, 1.202507325094851, 37.07235070263312;
  -29.78788801357077, 0.2743239572420206, 37.57992685268041;
  -29.03279601253001, 0.7257821474111811, 36.67637594904538;
  -30.02382203886129, 1.743049431070465, 38.00320212875987;
  -29.5426250008713, 1.928597117113981, 37.57002706262566;
  -29.95686159922692, 0.1567156944406108, 38.19642369057776;
  -29.629518003563, 0.5863389789807985, 37.80366273954903;
  -28.16974099581601, 0.9769061798072077, 36.2778125608146;
  -32.3427367551442, -3.185030141446425, 41.93129276889306;
  -31.62336567446488, -2.65636024650271, 41.32500652755456;
  -29.22890984768515, 3.128156287770287, 38.30476184522003;
  -28.12169219133991, 1.61052790821987, 37.39045502520184;
  -28.03506300064426, 3.548301920350562, 37.37229132228483;
  -28.36991366373262, -0.7021383397793911, 38.31330260185509;
  -27.9074281717227, 3.3609679368817, 37.91307528460862;
  -29.55684626035458, 1.477616342574821, 40.4932741932063;
  -28.33995353069062, 1.99449060940657, 38.93311319832822;
  -28.13380635833708, 0.07504142569323209, 38.6791324253804;
  -27.0093032463894, 4.035839235373668, 37.3006318559048;
  -27.06776085173663, 1.762203141932989, 37.62112379993131;
  -26.95244947260812, 3.328237274984379, 37.50349527020612;
  -26.82917375358545, 3.992329050562736, 37.48238428198287;
  -28.06731698144597, -0.6273823924337864, 39.28698270835572;
  -26.52427693543363, 1.71220521614108, 37.46931815626839;
  -27.53646725790174, -9.493608062979464, 38.8668739513371;
  -26.14992894037391, 4.089875141613536, 37.01473250148171;
  -27.82964204779477, 1.117187963160665, 39.32887180753346;
  -26.41855225239005, 2.262368529319486, 37.47563807636058;
  -26.50676951245337, 2.340062081941032, 37.71677254618118;
  -26.18560597931244, 2.235590211465577, 37.42904781289872;
  -26.75901428191265, -2.579782320051352, 38.31253796034601;
  -26.47320575633509, -3.000820053842643, 38.01268048949399;
  -25.92569068919501, 4.145166269634064, 37.40883305526469;
  -27.68577746698472, 0.7285948712034779, 39.90874717798272;
  -26.1809542682486, 1.320452285589017, 37.88946607053953;
  -27.40440631143887, -2.938602346520542, 39.60485142198552;
  -25.30687474194019, 3.685553065170645, 36.93615035115101;
  -26.3349159237553, 1.620829185448044, 38.52611551282018;
  -28.76641317547388, -2.929081723903499, 42.01463498612921;
  -25.0525451887236, 1.261492374685813, 36.94934452249743;
  -29.4805828009984, 1.313561053561794, 43.46019812387139;
  -25.92598970884187, 2.08845598013796, 38.39117790444087;
  -26.25336822034977, 4.116930033596356, 38.88609291730714;
  -26.24521896165295, -5.896252864797844, 39.04451758373251;
  -26.65336777986948, 1.817354618726925, 39.74996886590809;
  -26.09847033335883, 3.279322866638595, 38.96725850663228;
  -26.51352147041632, 3.98027653797963, 39.58491242100593;
  -25.7033753617892, -6.178690900771263, 38.61819978267386;
  -26.39967794468571, -6.058478666471319, 39.6581274362384;
  -26.78809035188548, 4.083027129617116, 40.3196470636283;
  -25.93108564487919, -5.654362391910174, 39.0351657167729;
  -25.859470578169, -4.626421328202813, 38.97154618280504;
  -26.19388706308979, -6.815580392348569, 39.62007087925918;
  -24.701495886389, -3.023448656860008, 37.46116826586468;
  -25.40426637403514, -3.559100963549021, 38.51011576292633;
  -26.1424662113747, -6.570837811885514, 39.59498182199922;
  -25.46540234166638, -5.555517233301414, 38.61192801052449;
  -27.90081889593174, 3.53074977823206, 42.32575783375454;
  -25.40235295208041, -5.960180359813304, 38.63496727077549;
  -25.77947207036607, -5.357409790019593, 39.26603270801767;
  -25.55097885311645, -6.601144856250058, 39.02476938217364;
  -25.44652951756798, -3.263967056236661, 38.97036943756103;
  -25.73072522971899, -3.913326255156687, 39.47235095647208;
  -24.96089168889897, -5.754631158791692, 38.54290488662304;
  -25.18102632369729, -5.424167657349535, 38.8931589637492;
  -24.51170474866978, -5.916369102307562, 38.03852578477142;
  -25.34726798735028, -3.297720497169676, 39.43738290140886;
  -25.49980244686622, 0.3380467611873515, 39.7349871702597;
  -26.43259548096006, 0.5971354767289195, 41.26819171680965;
  -25.52107798667013, -4.336048498288187, 40.05142323783021;
  -24.8557997773554, 0.1300321130680813, 39.14536281139313;
  -26.39092301774992, 0.9983006724006457, 41.58000225076948;
  -26.14115157569085, 0.5522619099639153, 41.29984717111132;
  -26.3301207371588, -2.834795452763809, 41.62066766574802;
  -25.78561285149463, -3.58041124833731, 41.00379371546807;
  -25.23235923828171, -2.347749083163492, 40.1735324928593;
  -26.16884147536593, 2.953869296545617, 41.79075634359132;
  -25.72317110968642, 1.408749671892804, 41.25668964302277;
  -25.66989808461825, 2.494269489720895, 41.37883200309444;
  -27.04857457520155, -3.369086398873221, 43.76708550469161;
  -25.17618393855802, 0.1700437053601069, 40.82309557901174;
  -25.1940748348885, 0.4976401388748754, 40.93958450666205;
  -25.04022890819881, 2.173300856485729, 40.74262749527541;
  -24.347187362286, 1.66890622216976, 39.68343310895716;
  -25.19591982743318, 0.9018191822411756, 41.2561241017349;
  -24.99958898701649, 0.163674998926934, 40.93912590043434;
  -24.64855053741315, 1.982164737307568, 40.46198983256993;
  -25.0622844221243, 1.393292531727236, 41.13946446137728;
  -26.05909629953565, -3.917554396444817, 42.77777412392066;
  -25.06172002869391, 1.08324404940202, 41.23021233116569;
  -25.91496006359613, 2.704634416952255, 42.91933489628319;
  -25.67702816718087, -6.712312338879907, 42.54550734881313;
  -25.52772627275475, 3.521316363060851, 42.34299006278707;
  -26.11377480954861, -9.483590816913376, 43.44987865366335;
  -25.60428360753804, 0.6283131310684242, 42.68863452491802;
  -25.41177649263522, 1.688023304446296, 42.42594440467046;
  -26.09302026833229, 1.327469104054215, 43.71524351782537;
  -25.33679103122778, -9.72918722590777, 42.52036239403934;
  -25.5849940705473, 3.634041748738247, 43.09519277308852;
  -25.35027235268853, 0.2507944879644604, 42.94113015969723;
  -25.36189557557287, 1.083437123961717, 43.05039186678284;
  -25.40256133757041, 1.996476371566124, 43.16751918852921;
  -26.38359332791107, -8.476092307318483, 45.09158061927929;
  -25.92976616264216, -6.346367942596854, 44.34491402468628;
  -26.60450915147078, -7.443230798516049, 45.52610574002495;
  -26.16031068341525, -9.74001318298051, 45.01241479418435;
  -26.63140687541738, -9.36046356984861, 45.84139080205301;
  -26.11978334242954, -8.720609250915166, 45.0452448254125;
  -26.39052644054558, -9.582784070624117, 45.79504004914121;
  -23.29418406545275, 2.374041161302239, 40.58301134104984;
  -26.54554073526425, -9.378989829407692, 46.14088070514954;
  -26.11724709260568, -7.298044215821041, 45.55010319164723;
  -26.0035655771728, -10.4103081951987, 45.43532480432506;
  -24.60687331837147, -2.57560977164796, 43.20224294574163;
  -26.03481164057018, -7.498123929423793, 45.74703963630685;
  -26.49415073437501, -7.229129283507317, 46.66411135397893;
  -21.89857678657521, -5.333473918662821, 38.93097248972291;
  -25.75779426412666, -3.79105607745642, 45.84215810264379;
  -20.73676884074183, 1.431409417060136, 37.12966969229798;
  -25.37992753993519, -2.867829854442351, 45.2976526916944;
  -24.41314371197114, -7.232401351726646, 43.59695171497819;
  -21.69475853805234, 3.349172607260814, 38.92939253216064;
