m=[-37.84428752881867, -0.137603634845313, 45.42970851186094;
  -35.25890198196417, -0.5766256121814982, 42.56915605800976;
  -33.93040571088342, -1.226629092944718, 41.48941428775951;
  -33.59860472899811, 0.4295570957717468, 41.58534340373625;
  -31.73052005358899, -2.50810847546709, 39.45018118136474;
  -32.36856911094322, 0.003000185853833445, 40.29121999723123;
  -33.6590774275423, -1.324010769220428, 41.91036279538373;
  -33.83348829423396, 0.189976339427972, 42.22279307459331;
  -31.96282112131588, -0.6429571924103639, 40.02161971261193;
  -29.82817920772751, 0.7461831823829773, 37.76743215273861;
  -30.62426700028387, -0.2461186900393447, 38.79548705891375;
  -31.3741340660278, -2.496954294102584, 39.7500536125951;
  -29.99084656485137, 1.537814301435769, 38.05847758954737;
  -29.61951826383379, 2.024364888928569, 37.62357743105662;
  -29.65171858416489, 1.223529965549288, 37.77133051220771;
  -29.58421898142123, 0.2684785796262317, 37.83387445787099;
  -30.23208684772374, 0.7725973969794455, 38.69138224195488;
  -29.48329946424388, 0.4840245921352211, 37.78748428337666;
  -29.7451778232983, 1.75880933295336, 38.17302745466868;
  -29.07461552167731, 1.933215924773494, 37.47817368055773;
  -29.3702653717315, 1.539748897275982, 37.85074908470098;
  -29.83930609680796, 0.1404523478095475, 38.58645129275824;
  -29.6392778744099, 0.6223681612461417, 38.35242745085355;
  -30.40772940766582, 1.1167760094881, 39.6826560539085;
  -29.09918212710664, 0.1307402343892385, 38.28884264856814;
  -29.20561598746737, -3.008645272403324, 38.50803141350448;
  -31.31336260087961, -2.87901601879693, 41.3289347125094;
  -28.34315013984903, 3.098338489216569, 37.67626857622227;
  -29.72619885560852, -2.566622867107487, 39.49189149495744;
  -29.75292718776765, -2.890184737398227, 39.66157666421155;
  -28.46160475241919, 0.9413154684287288, 38.39672927959715;
  -27.86925954576216, 3.609128276912057, 37.66745368679079;
  -27.77902271975903, -0.7242044118660593, 38.08122142765421;
  -28.19797760566167, 2.015578146356987, 38.77916876871115;
  -28.04333814283098, 3.457632498488489, 38.65161109085272;
  -28.91299555951976, 1.452884212675102, 40.25893552168684;
  -28.18188723325127, 2.028721806974569, 39.31628039626239;
  -27.67311690856793, 0.04371476527903159, 38.63437575306087;
  -27.07548275687956, 4.144042114834065, 37.92528857907086;
  -26.65717554198997, 1.756885606922884, 37.5967912797226;
  -27.0756620081679, 3.443955218192533, 38.23236687280519;
  -26.71204254177404, 4.079616626399504, 37.86465090772163;
  -27.12120986358661, 2.530918256041164, 38.61585971686506;
  -26.63753741190426, 1.762707474675229, 38.19437451414029;
  -25.99113239337593, 4.172099146441744, 37.32231375236434;
  -28.07934284720369, 1.112410945389593, 40.32289115132448;
  -26.47475069295215, 2.47920903879784, 38.10194349782004;
  -26.14032589055034, 2.29578579934861, 37.63809632611791;
  -26.34997555776922, 3.148880894289317, 38.02738392014294;
  -26.61897204318167, 2.408953207815848, 38.4527785164428;
  -26.17629210608209, 2.292560180049014, 37.98137847757535;
  -27.87901527019975, -2.75575346923401, 40.56311961581627;
  -25.82616359236464, 2.432856328389066, 37.72033074541371;
  -28.04982102428226, -3.293631252212729, 40.92444865639668;
  -25.67550023384856, 4.216797629801136, 37.60550711782357;
  -27.42613642840874, -3.031828764818211, 40.31639720848286;
  -25.95478502725546, 3.882230526320579, 38.44807291426259;
  -26.43440949212004, 1.160073700706193, 39.20683512630484;
  -25.8972322452509, 1.630930730121983, 38.50201233431252;
  -25.55123600261304, 2.11389022294773, 38.09902042152151;
  -26.40640029770326, 1.357835879442779, 39.54538770144751;
  -25.57920706921505, 1.87245078675708, 38.38619363451426;
  -25.61720932524018, 2.120000818191529, 38.55514339033442;
  -25.5223243481021, 4.113154405918619, 38.42561316184359;
  -26.58135160976461, 3.003316362554416, 40.21609819279359;
  -26.85768889505493, -6.223416868719231, 40.65842704984859;
  -25.33120359769168, 1.763091407094694, 38.43175873988376;
  -26.02001329136118, 4.020319008915147, 39.51279773113777;
  -26.2125521037075, 3.377932556206551, 39.79070807796884;
  -26.24062404317051, -6.214591803433851, 40.13504378046945;
  -26.71960192443976, -6.636865501789396, 40.85169731156192;
  -27.70036735490079, 4.356945900380199, 42.43525791369233;
  -26.50275116100939, -5.932282018335616, 40.60316616125847;
  -27.71950271488291, -5.108503968499084, 42.51272023187129;
  -26.0178020208655, -6.984743102999091, 40.07468645854762;
  -26.26185827780713, -3.797393568834315, 40.5036456821871;
  -26.34686129512696, -6.834592981974847, 40.63568630899091;
  -27.4867809021043, -3.461213302103156, 42.38176953345394;
  -26.264631878485, 3.426055899189473, 40.60284174106324;
  -26.15582264925023, -6.339866480769994, 40.48931981577347;
  -25.76448810091379, -5.523258665296859, 39.95430262394107;
  -25.52990708507534, -6.465028997906766, 39.65236279907386;
  -25.7828824953682, -6.873831932979953, 40.09323132738457;
  -25.95941630662789, -3.43903002357431, 40.46669603402967;
  -25.27681283849587, -3.972838431584739, 39.48488623250441;
  -26.8521493803223, 2.486955293932311, 41.94579310967429;
  -24.8836895828186, -5.928059496107414, 39.11653930013078;
  -24.74276544700735, -5.50740925713171, 38.91244774058295;
  -24.81200698102939, -6.189039449618741, 39.19130014394897;
  -24.96280071445592, 3.382507685891797, 39.52287363189287;
  -24.69375815451426, -3.317821906283466, 39.1307473023009;
  -26.66872284592329, 0.3598564604388516, 42.31894009110927;
  -24.53412369430793, -4.357029107813506, 39.25408131058117;
  -26.01652913727179, 0.09240698339996328, 41.71942797528021;
  -25.3861105437666, 2.069050027206265, 40.82238205309152;
  -25.16084917261745, -3.26350869457933, 40.49464443764538;
  -25.79149216243371, -2.869314131868313, 41.5847797607878;
  -25.77479608541884, -2.469616640331113, 41.83032270056464;
  -27.06242352292068, -3.894329616089193, 43.8899698067493;
  -25.54779714726755, 1.44032508180963, 41.78327650713598;
  -25.07751953501304, 2.512083194787853, 41.22366217344057;
  -25.07723353798294, -3.214073231701759, 41.45627155028357;
  -25.16185105667188, 0.168469305910948, 41.60855532098221;
  -25.31246358860471, 0.4803630947107425, 41.93556660484261;
  -25.16857736044483, 2.261835445619384, 41.76015346283332;
  -25.27518111061109, 1.297900316594598, 41.92859888383323;
  -25.44466028503294, 1.809299795386308, 42.26966121265789;
  -25.40612722111128, 0.9364860266783303, 42.4416622228341;
  -25.78222470243608, 0.1735400101787605, 43.07091211292409;
  -24.89031245081593, 2.064551964200456, 41.66447137262144;
  -25.30421773258999, 1.450535560115035, 42.37422363426513;
  -25.24033025088943, 1.107209042288025, 42.36346431776858;
  -26.01541170752418, -7.475326652660364, 43.6352793331922;
  -24.64487370890067, 2.645684755404388, 41.67727215270997;
  -24.38281250418964, 3.485083800646543, 41.29271145077931;
  -26.44237901575417, -7.156148551187198, 44.77348137311079;
  -25.25682457247982, 0.6270436897575542, 43.00940488686069;
  -26.01564382986632, -9.76862712091036, 44.26373771971498;
  -25.22255792355961, 1.727201964342622, 43.00280462616004;
  -26.10631354984218, 3.38132714875575, 44.55190726683384;
  -24.27127193709339, 1.257997371694829, 41.55357138693977;
  -26.51905897635342, -3.562877328644723, 45.41463241053953;
  -26.262783262334, -10.43779312722373, 45.06226865845747;
  -25.04518394014611, 0.2540697509841781, 43.35632308596524;
  -25.21244853045456, 1.113252418788936, 43.73826350220481;
  -26.53283088980965, -8.884213735665819, 46.06414290761028;
  -26.2391535958952, -7.88790158288602, 45.59921840930127;
  -26.58395102829682, -8.861974733579061, 46.53135989648619;
  -27.37952411095126, -6.942155720608893, 47.92456852873484;
  -26.12424235877617, -7.572738103582339, 45.7836896071987;
  -25.76246815988246, -9.934328197204332, 45.40081785567448;
  -24.22842320548029, -3.917931663470962, 42.7632842979088;
