m=[-16.94890450304452, 0.1618466950875196, 20.463472479395;
  -17.0469488511626, -0.2787865408331907, 20.58130529218555;
  -16.8507420339147, -0.609176636219127, 20.60474676484638;
  -16.71333716392706, 0.3388584632978517, 20.48471525296093;
  -16.71264614749304, 0.2136706509000338, 20.68541639852055;
  -16.13526035177217, -0.9621997837413554, 20.02688974839019;
  -14.95950206078656, 0.8202978309104716, 18.66369447692697;
  -16.45834280592689, -0.6474040521603173, 20.4929894318127;
  -16.58592311129908, 0.0931305968606079, 20.69854557677531;
  -15.98338578376817, -0.3215183293657974, 20.01328309319157;
  -14.87185769390931, 0.3720351156772287, 18.83024345966087;
  -15.11107005976516, -0.121443454243907, 19.14303199304409;
  -14.8469987884784, 0.7612965182876885, 18.84088765021971;
  -14.86999738249942, 1.016299466164757, 18.88830510127488;
  -15.73281865709944, -1.252118353976148, 19.93299269330614;
  -14.69316423847718, 0.1333413556544662, 18.79040077199699;
  -14.82957563662063, 0.3789778586199569, 18.97906625938631;
  -14.58490981113068, 0.8623944240134057, 18.71732507203491;
  -14.45408275755917, 0.9610742038557267, 18.63180696498188;
  -14.54754248460028, 0.7626612226765259, 18.74805601564676;
  -14.8562063585017, 0.06992753302724769, 19.21118008534434;
  -14.80722991813159, 0.5438209120400477, 19.32371220733856;
  -14.48512188006095, 0.06508046245023992, 19.059592465121;
  -15.34768193654194, -1.581056558455798, 20.23614288397288;
  -15.24959181640907, -1.402079351207174, 20.12717039067161;
  -14.0946020112368, 1.540754915601518, 18.73581476406591;
  -15.13680607182815, -1.306943843968653, 20.10957088299452;
  -15.19676747503284, -1.476206530434665, 20.25776336074293;
  -15.71966249348479, -0.5197581786496993, 21.03773233018051;
  -13.95689407838217, 0.8167001366202871, 18.8184830320026;
  -13.85851259073315, 1.794706801773012, 18.73084860120104;
  -14.42959127795829, 0.4772323131882398, 19.4665450080747;
  -13.71629857711464, -0.3575865157039168, 18.80315979983661;
  -13.84249978779238, 0.9894553592958231, 19.03684877541957;
  -13.89028712234992, 1.712617375397979, 19.14472424997656;
  -14.01086345102373, 1.0085961945124, 19.54642112768978;
  -13.34332335449091, 2.04226437731048, 18.69031822504965;
  -13.5145781572005, 1.719019906221341, 19.08334910080568;
  -13.23613895761075, 2.021499197463347, 18.76239079105405;
  -13.34066072902731, 1.244934203030482, 18.99476777892837;
  -13.15214911311347, 0.8703278832136974, 18.8582788688109;
  -12.99424951615043, 2.085838219530559, 18.65926617117595;
  -13.02249431744109, 1.219482139565083, 18.74171917380555;
  -12.9728524114293, 1.139346558566478, 18.67893578413253;
  -13.94650435351998, 0.5525145006847708, 20.02765449492927;
  -13.09872493322029, 1.565326866863339, 18.90363202834357;
  -13.13547922348562, 1.188729405488792, 18.97502549943159;
  -13.72665138451117, -1.356836559943584, 19.97186043474436;
  -12.82892381180094, 1.208500378708529, 18.73724866483502;
  -12.80120282444183, 2.10239649615655, 18.74922472967502;
  -13.73115661359348, -1.612322820612942, 20.03363990591904;
  -12.75529912446005, 0.6582214262142648, 18.74968883950921;
  -13.76364686494528, 0.369441184836857, 20.17698112330652;
  -13.61290476576538, -1.50484179021394, 20.01095842028118;
  -13.36702850895571, 0.5866118641482009, 19.82563230835431;
  -12.88289698311898, 0.8113265689470581, 19.15330000705714;
  -12.67998592749074, 1.049033333514524, 18.90691482582959;
  -13.66515609375928, -1.412321234907566, 20.33647852156803;
  -12.96572336466968, 0.6667067146221097, 19.41705614945838;
  -12.71401558129978, 1.052172509996957, 19.13521053680828;
  -12.77688486039285, 2.059111056683508, 19.23647816564875;
  -13.15508158980465, 1.486337954872285, 19.90290263326756;
  -12.51994188345971, 0.8714075455168757, 18.99488842079085;
  -13.27157186279413, -3.075265505087442, 20.09112692192924;
  -12.87095500546272, 1.658641164370745, 19.53813620592104;
  -12.95295649599076, 2.001344758719699, 19.66976512714671;
  -12.73099349294054, 2.002437339410257, 19.50309847695539;
  -12.9802229680077, -3.07411847869979, 19.85325563310419;
  -13.10577424940598, -3.25533521180803, 20.03746628353339;
  -13.08331209950362, -2.928522274409874, 20.04410379467626;
  -13.36953302606772, -2.463908289522683, 20.50452430601554;
  -12.90604329292416, -3.464758352952559, 19.87891359806619;
  -12.92521654613043, -1.86895130073655, 19.93455245291662;
  -12.57251754517647, 1.6400057728812, 19.43602113044299;
  -13.08429682090974, -1.647611714390744, 20.17463064685932;
  -12.96219325341791, -3.36249976983776, 19.9920443282491;
  -12.83596970559713, -3.111289412532666, 19.87013329784907;
  -12.72610126054398, -2.728156243098495, 19.73501274293351;
  -12.74152061890794, -3.226580496519802, 19.78978601485681;
  -12.9050795081529, -3.440551987805187, 20.06782360783805;
  -12.55043515494863, -1.66264613953477, 19.56417811984612;
  -12.50778761180151, -1.965889435339962, 19.53840359652317;
  -13.09233786671565, 1.212568070675173, 20.45156563450555;
  -12.30015829619552, -2.93027567108587, 19.33554201396136;
  -12.32053929350071, -2.74238755983874, 19.37626343429333;
  -12.38613057776094, -3.089562679572931, 19.56426021749547;
  -12.54803220655786, 1.700282587158605, 19.86693307780619;
  -12.24089927160318, -1.644671641384399, 19.39743368153373;
  -12.88568594465934, 0.1738739931852644, 20.44749479288416;
  -12.67665949540539, 0.2944797494913726, 20.17271537822126;
  -12.82911507963822, -0.4756281159704922, 20.41344866715665;
  -12.15697409405764, -2.15896400665139, 19.45090256838817;
  -12.62033788715156, 0.4819036023964561, 20.27120214428382;
  -12.79704097971003, 1.043000184749852, 20.57840625574148;
  -12.83180132889901, 0.2671102197865903, 20.66664313984285;
  -12.72745963568664, -1.41593512951727, 20.52105409532084;
  -12.77579592949133, -1.224115143971801, 20.73404052222586;
  -12.61648696083459, 0.7112880421456519, 20.63419245872669;
  -12.53114841331912, 1.255279147386977, 20.59931916769792;
  -12.49849627845455, 0.08368275403186137, 20.66796964419961;
  -12.91050252955083, -1.654700089832349, 21.34291639087763;
  -12.45877851700733, 0.2364344104158869, 20.64065927388236;
  -12.42669749333518, 1.116755407343306, 20.6185986170778;
  -12.57820726929259, 0.8944017166558209, 20.89540807303807;
  -12.32096313349358, 0.4541585464528309, 20.58252133513694;
  -12.18941717908306, 1.011063450057645, 20.40414816448791;
  -12.34893294840777, 0.7078885646827008, 20.6794160534919;
  -12.81369237011359, -1.994021397631512, 21.48759677135736;
  -12.89461540901039, -3.70516766470784, 21.62795467517126;
  -12.35724253566972, 1.326578848876332, 20.89749642458703;
  -12.6211502233195, 1.803966059340337, 21.37413451622617;
  -12.86833953306545, -3.482581852822926, 21.78927849280501;
  -12.82040474563377, -1.5014491368381, 21.75169721795539;
  -12.48006417835854, 0.3098388504204857, 21.25208304475022;
  -12.46429228538912, 0.853535560695678, 21.25079968401148;
  -12.86203364699727, -4.829571450769848, 21.88382065867796;
  -12.9894451058345, 1.682411547680818, 22.16722605043045;
  -12.46758430257255, 0.6462038052505225, 21.34509702179539;
  -12.97215706830259, -1.742829727234501, 22.21518287485454;
  -12.9972634916592, -5.165589122479772, 22.30099427907542;
  -12.41233197311492, 0.1259163478726626, 21.48728779803433;
  -13.12431262698901, -0.6758333790583035, 22.71108798390211;
  -12.49572452320846, 0.5517471075123398, 21.6774380793233;
  -12.53985094500162, 1.015627749504198, 21.77705091544059;
  -12.95287940682294, -3.893838938158197, 22.50991728610707;
  -12.93273783335733, -3.279132229221838, 22.63720428621289;
  -13.17244281098334, -4.391140174994837, 23.05645524629967;
  -12.90739643334858, -3.741518373872586, 22.62068403078384;
  -13.09328064924874, -4.764997639103625, 23.09053869373772;
  -12.96598889692702, -3.669495237841753, 22.92743812584252;
  -13.52412441723643, -4.683957592981898, 23.89086322761845;
  -13.10195845079424, -4.929988418685573, 23.29898509603902;
