m=[-16.87280005189449, -0.5507190508044384, 20.53411594525157;
  -16.12114543527659, 0.10643732295023, 19.89629277558774;
  -16.25148031861263, -0.6630689944910321, 20.31436732297122;
  -16.18299922828867, 0.158930786085099, 20.47774419531561;
  -15.59034548590339, -1.318619307819326, 19.79749319515523;
  -14.3117583847362, 0.3134254058402011, 18.48644168142953;
  -14.39213674139123, -0.1600981991484189, 18.61662808342459;
  -14.25539995234718, 0.6999835684648031, 18.45792365982711;
  -14.43294454913886, 0.9728489566016828, 18.70249798978285;
  -15.42003819090786, -1.31984588276279, 19.96206924753188;
  -14.14302719993349, 0.08425514820479621, 18.45646621164975;
  -14.12492187365327, 0.3204554865980131, 18.45580810584972;
  -14.10039474179388, 0.197436827187981, 18.44231341726522;
  -15.47774732988027, -0.6083296568933111, 20.16804021981451;
  -13.91950388792864, 0.7993000573286719, 18.23078783987844;
  -13.97245004658593, 0.4624575570805121, 18.31508052065397;
  -13.83384759820512, 0.9034461028542777, 18.19237283730787;
  -14.33352196721097, 0.02426956160067311, 18.927015089674;
  -14.17460121217669, 0.2710569528462465, 18.7285047123981;
  -13.60328538518247, 2.131968078553003, 18.13215974188151;
  -13.98562309647975, 0.007066115516763351, 18.79043806007206;
  -15.16114243259914, -1.658623694187269, 20.42200111922728;
  -14.52816747046712, -1.429692307223078, 19.62185612797334;
  -13.62646620395611, 1.486779135650946, 18.48615378753797;
  -15.05085313302306, -1.398913365812326, 20.44117755919412;
  -13.3719272528681, 1.746050726851053, 18.4514728091438;
  -13.20455193154093, -0.3995356632414468, 18.49508535900288;
  -13.33338136842064, 1.648279755640669, 18.77699121782973;
  -12.79507517950573, 1.158657673003139, 18.20628390244299;
  -13.39772619642732, 1.584737875033216, 19.09248857504689;
  -13.57902824450544, 0.6615342756804085, 19.34699107613048;
  -13.45181113490712, 0.9542681391354911, 19.19033846148907;
  -13.3065718756378, -0.008804877064330988, 18.99643274977501;
  -12.71439184178622, 1.969693336742282, 18.19434762331317;
  -12.78494335313361, 0.8188503949011967, 18.42038536732062;
  -12.89088920209406, 1.449286857910748, 18.63487234552108;
  -12.62318797829598, 1.950380949848948, 18.28271045594097;
  -12.61579262883571, 1.173968188674675, 18.36602040016658;
  -12.42323966282844, 0.8043568937598641, 18.21079113891284;
  -12.57383971937658, 2.043750091419297, 18.4450129103111;
  -12.37157150759338, 1.080808971464436, 18.20526274012275;
  -13.32773995202839, 0.5011297841300264, 19.59507846879462;
  -12.27744364966563, 1.106866977325307, 18.13673818739917;
  -12.23055111489979, 1.065257256248764, 18.14362950316638;
  -12.13140505092458, 1.141499689305006, 18.11453066442383;
  -12.76315064150356, -1.364082788986704, 19.02723023230577;
  -12.2673397728552, 2.042682419584105, 18.36530047205701;
  -12.85774596334713, -1.607498277529195, 19.22590867716591;
  -12.9720926625738, -1.530335681572459, 19.53895652222705;
  -12.03011825143274, 2.108476498887128, 18.21656215846691;
  -11.88571237593422, 1.797600140713141, 18.01074833888546;
  -12.94350229610192, 0.5440096683662109, 19.65363459407021;
  -12.82092202411562, -0.05960932731702462, 19.48091568424982;
  -12.44670421891476, 0.7722803974333353, 18.93712756306521;
  -12.36357124004956, 0.07519475773971068, 18.81854137824709;
  -12.09180428432951, 0.9944878669485413, 18.44548931841868;
  -13.33867912902266, -1.697108176503955, 20.29550469921602;
  -12.24259067878511, 1.188624147185782, 18.7339784353183;
  -12.42134846817064, 0.6188920756246529, 19.05113003024956;
  -12.26276877528871, 0.8859839812796323, 18.83259440127928;
  -12.33858367000096, 2.014605123599593, 19.00799437999864;
  -12.38083121278282, -3.020163265166051, 19.2265132832052;
  -12.27867745746823, 1.59245250765774, 19.09221137922591;
  -12.26721489050758, 1.905013625578968, 19.07325690186863;
  -12.29883698583221, -1.265011453009489, 19.20461277063841;
  -12.2628098862083, -3.057281122718443, 19.23880014989236;
  -12.3353650133923, -3.219862750471737, 19.35266156143121;
  -12.3387591527812, -2.922871559113129, 19.39945880315924;
  -12.61443157724819, 1.979894752363217, 19.8203822193065;
  -12.47683387004172, -2.414728041729526, 19.65158164877753;
  -12.0932491524663, 0.5870362858700013, 19.06581103786765;
  -12.19933374931531, -1.690751558203324, 19.23150170075736;
  -12.30142062681184, -3.474635544171793, 19.44034474107492;
  -11.89686393974773, -1.82601257049153, 18.82339703460146;
  -11.92778827324128, -1.605651733056039, 18.88630899623127;
  -12.24604388535805, -3.340774250758669, 19.38399417880911;
  -12.02799359149653, 1.584845022229991, 19.06462934652388;
  -12.04920818513964, -3.075938707278013, 19.14198011368276;
  -12.01822049177356, -2.721450300991138, 19.12064258409853;
  -12.19375484132615, -3.251056685408551, 19.42896810317151;
  -12.14525696077398, -3.402649830733196, 19.37993342333427;
  -11.90159787881926, -1.684383200799678, 19.0371395154276;
  -11.96657266663015, -1.993011813871517, 19.17131321624922;
  -11.92588406260058, -2.238338269085823, 19.20250121826115;
  -11.65763871271104, -2.926558404332093, 18.79753694467561;
  -11.77836993684791, -2.764099030616555, 18.9973798153803;
  -12.1542774735532, -1.462180665736774, 19.66317341261165;
  -11.86129648085966, -3.117739912639783, 19.22189034925632;
  -11.60393428261005, -1.662298050876139, 18.86002557266842;
  -12.08851686041787, 1.658143441867655, 19.62172815285702;
  -12.06581652012793, 0.1254610322414632, 19.66636443355495;
  -11.35199829558498, 0.3530390527015702, 18.76807403162872;
  -12.28824949585111, 1.013143428203888, 20.29168726268199;
  -11.92440743684418, -1.42310957531039, 19.7546613065783;
  -12.13806795455172, -1.2493390352586, 20.24560822063682;
  -12.46586001129359, -1.91316980737618, 20.80262767986951;
  -11.9753960456575, 0.07989043951872026, 20.06939686919004;
  -11.92732282283688, 0.6553887983835214, 20.04351175789677;
  -12.07842991375601, -0.1273229926635626, 20.33600110719243;
  -11.89927195680051, 1.192160503665618, 20.0915187763338;
  -11.79070793832811, 0.04988943444514533, 20.04330907357524;
  -12.25183931962757, -1.688112183142736, 20.82476656900974;
  -11.70553126455199, 0.5826338762225187, 19.96127818064754;
  -11.73307184005053, 1.051794394434862, 20.00789438268847;
  -11.67028979209376, 0.8174689847892019, 19.93179649991352;
  -11.58460455444824, 0.3996753743301758, 19.90286526062546;
  -11.60839382773922, 0.03866498372429986, 19.95272406051241;
  -11.5550070459603, 0.9508088588213194, 19.88212218530451;
  -11.62009313767583, 0.6506386490444699, 20.01255089248534;
  -12.11557828081515, -3.712295223603273, 20.87905400280656;
  -11.23672913817826, -3.372328162554045, 19.46118662976868;
  -11.68681232206262, 1.267504788887467, 20.32343182912137;
  -12.05289700905421, 1.743840717652202, 20.98004333441499;
  -12.06683103745444, -3.444904885888553, 21.0630222603207;
  -11.82242994341632, 0.2620827446309161, 20.72274969328561;
  -12.20930736907313, -4.822301140861097, 21.41909597579895;
  -11.75773401127996, 0.7977370859833806, 20.63358182736453;
  -12.13582531203102, 1.592256172848525, 21.3303803136701;
  -11.9279634763386, 0.6086510240653205, 21.00919505031595;
  -12.25542204953839, -3.348149389686043, 21.62502978189351;
  -11.86241825732504, 0.5046165101905212, 21.20096687507712;
  -12.1992116952787, -3.861898042056385, 21.87864327118153;
  -11.88353254045642, -3.191428540667264, 21.49325577217755;
  -12.19777199114487, -3.731820698363344, 22.06952302602806;
  -11.19420823993874, 0.2375873179760231, 20.36558051576937;
  -12.29994174475045, -4.994404877625465, 22.3842044795289;
  -12.44481340842069, -4.774760290503144, 22.67574469621407;
  -12.54599345714308, -4.574648070980762, 22.91141376633168;
  -11.38683235810232, -4.93417913558679, 21.02379376016911;
  -12.34758234280846, -4.766181227853213, 22.73617851852587;
  -12.17070702259833, -3.725560953667294, 22.47607566017463;
  -9.960614862699925, -2.669853740165925, 18.63341049946815;
