m=[-36.45317492846421, 0.2636327913840271, 43.9933787648114;
  -34.93779167042948, -1.140350588329396, 42.51912325311362;
  -34.0956152431794, -9.887350597563478, 41.8250656548055;
  -33.95592268045483, 0.2241886299533035, 41.90750476310421;
  -33.41418539179797, -0.6694161542288818, 41.25848360776796;
  -34.09155605587806, -1.390953522474898, 42.61448057366215;
  -33.98359805068748, 0.3337477729563577, 43.00237662385377;
  -32.85817217518839, -1.446194449224878, 41.84267539693533;
  -30.27559683560175, 0.569746072987747, 38.67179041251782;
  -33.25089658087684, 0.07778134019722691, 42.4424368857141;
  -32.80245194732163, -0.7903978425350096, 41.96226597794741;
  -30.60535395159307, -0.8906104392214207, 39.47789547559536;
  -30.5520170686383, 0.6690846848831297, 39.46391956922574;
  -30.6604937356639, -0.3410674815202365, 39.66019910646346;
  -30.29060999990357, 1.487361235011652, 39.22034940140408;
  -30.72986604932231, 2.071338805522979, 39.82037456438766;
  -32.29235620083303, -2.763996615878005, 41.80419287334087;
  -30.18256830543596, 1.177432338137956, 39.2258587199897;
  -30.04788249514728, 0.1790061460732283, 39.21209513094309;
  -32.63330905833897, -1.282603293596103, 42.52233064456599;
  -29.9686569496459, 0.6799061001109681, 39.15744007649168;
  -29.49368002681321, 1.693616405158632, 38.62874909301856;
  -29.59841471290054, 0.9796428340016464, 38.79758717641224;
  -29.61275533711706, 1.933918110213009, 38.94262113330708;
  -29.73277268759914, 1.501964266604826, 39.10045553135245;
  -30.44330920908298, 0.05154670079470661, 40.19953882221195;
  -29.03487831044363, 4.550476739241506, 38.70131638820961;
  -29.74576470054651, 1.023970651870758, 39.6666081212633;
  -29.74087793028527, 0.01502632221500735, 39.95847169239484;
  -33.24250697796678, -3.636718668989445, 44.77753030340572;
  -30.45262194339122, -2.996790848931429, 41.12954835545919;
  -28.98758622513878, 3.162825764753787, 39.32560128699079;
  -31.68934307637977, -2.945390881935733, 43.03858942967371;
  -31.87307675861907, -3.301354123542571, 43.44295959850219;
  -28.5321749156183, 3.725612905901152, 39.37058882281513;
  -30.2073115489744, 0.8875497536367443, 41.62495735894429;
  -28.00077029137258, -0.8472310448423843, 39.21955393425708;
  -28.12191193691676, 1.988249067450752, 39.52805940909851;
  -28.49649598700299, 3.522752116977533, 40.13073954024736;
  -28.85296352818876, 2.046822062728804, 41.16160494449026;
  -27.28981920578914, 4.22769533292855, 39.05184482168207;
  -28.00512623050971, 3.596598669250889, 40.41802057215437;
  -27.16985356141581, 3.054631149224593, 39.27632491645634;
  -27.25067526253007, 4.210441767479191, 39.46833449761913;
  -27.25936114081546, 2.536631963160711, 39.68406881256169;
  -26.98887730343397, 1.747425800599403, 39.56204830509422;
  -27.03159088744606, 4.393710877536624, 39.65360256158184;
  -26.65607583101328, 2.483239455560842, 39.21672485399467;
  -26.79650444545503, 2.341004325178761, 39.43212902636926;
  -28.67785869580755, 1.078302036899679, 42.16355462246463;
  -26.93720983390405, 3.259849322781245, 39.75025461024782;
  -26.94743846643782, 2.429433244665559, 39.80785008939076;
  -25.43253504571173, 2.029941834115793, 37.6950466731837;
  -24.5328553301946, 4.402336401316892, 36.6544686631587;
  -27.90189167642883, -2.982060721920949, 41.59597671110187;
  -26.5199161014435, 2.495380861748194, 39.59935649835816;
  -26.58877054571678, 4.42739951429993, 39.80575815917215;
  -27.73115715339523, -3.466998608080272, 41.46579785159493;
  -27.90418372070928, -3.291895079978722, 42.03012163798385;
  -25.6475052961499, 4.495148014490614, 38.83664022847663;
  -28.14819328124521, 1.183056095771688, 42.74069665050876;
  -27.68297105920646, -0.1287086279654513, 42.06324818757557;
  -26.67298860945213, 1.65497836871057, 40.58181016447593;
  -27.30383896582876, 0.1660608829388147, 41.55906197224162;
  -28.21430030573957, -3.589764719583377, 42.92954788861363;
  -26.24378888775285, 2.158414825275711, 40.0336886225679;
  -25.80688576652248, 2.505571605763893, 39.49046848969154;
  -26.5033472990282, 1.320525840083152, 40.64926742249362;
  -25.90227460400058, 1.585914560021637, 39.80900483779513;
  -26.27165222645042, 2.158515856988203, 40.470189439416;
  -26.67723212309485, 4.355774532640369, 41.09715440861996;
  -27.11716938114833, 3.061716339161924, 42.03106492565548;
  -25.79595489582837, 1.781461920496662, 40.06681747896957;
  -26.9265900991989, -6.568436066701347, 41.81499879258155;
  -26.35046834238623, 3.417458397709311, 40.97254881701007;
  -26.75442878638945, 4.154777741938228, 41.59820285698451;
  -25.65004532056626, 4.198919888907132, 40.06552107380156;
  -26.92990218991225, -2.769907003231915, 42.05099588718851;
  -24.05056269519901, 3.774849669603164, 37.78936389555713;
  -26.40071816305885, -6.582049140051288, 41.4193928851467;
  -26.35790702421862, -6.880124172696811, 41.35229509248984;
  -26.55598641595631, -6.290724736441391, 41.75231545365559;
  -26.47799309540818, -5.124469323080692, 41.70404516321749;
  -26.98014669612577, 1.309683188449928, 42.5359944376385;
  -26.26832280467053, -7.41969979499367, 41.51270544961313;
  -26.33582478277612, -4.042203672426912, 41.66893801850133;
  -25.0866682616595, 3.30549571849908, 39.76291043968176;
  -25.80731133729384, -3.474035020155691, 40.86297015948166;
  -26.10684774126606, -7.122062073187539, 41.32395648596526;
  -25.88328702055794, -6.60752168896135, 41.11949580515289;
  -25.88898229070896, -5.862396907731124, 41.18862502027968;
  -26.14828966842772, -6.971566432550644, 41.66348204726735;
  -26.47134196130843, -7.416286665225619, 42.23976870093158;
  -25.1710539615526, -3.562353632760074, 40.26222956744466;
  -25.58264891803963, -4.26074557387353, 40.98525024435347;
  -26.34155293462831, 2.450676626746829, 42.23956515952479;
  -25.58331083262578, -4.801665300953553, 41.19305158862365;
  -25.06774160989874, -6.293059142936308, 40.42086143207222;
  -25.00835948304816, -6.79845014188933, 40.33381804075726;
  -25.32694889056476, -5.943623375071197, 40.84993680946876;
  -26.28094874453576, -3.161643727082475, 42.51728280321152;
  -25.46383001315432, -6.693163710121864, 41.26555214050936;
  -26.38617769269687, 3.619308141957417, 42.82927439794965;
  -25.23256573135865, -3.614639984362885, 41.01081782845297;
  -25.94941153934622, 0.2698234265666088, 42.29556974596427;
  -24.70218459766654, -4.669127764641702, 40.55968871404885;
  -26.92037461073958, 2.219535063221675, 44.45383557518147;
  -27.12762461401576, 0.8436497827435946, 44.8496602801723;
  -26.07295712495018, -3.111657760579983, 43.19396498251831;
  -26.30318192587389, -2.707316523069865, 43.87221411358833;
  -26.26998211411735, 0.1752526938770255, 44.02549149812261;
  -26.06784032635957, 1.432389380392639, 43.80623144398893;
  -26.22844806260093, 2.627767477388199, 44.28584863317424;
  -25.78948649477466, 0.109121767970572, 43.84017069774514;
  -25.38472584227147, 0.4221632265652291, 43.23777080357122;
  -25.70621520439574, 2.304396787363678, 43.83568478909061;
  -26.02881681336221, 1.823240967854825, 44.45485837112062;
  -25.03334708134393, 0.8636645574260504, 43.00840237064009;
  -25.02894374175292, 2.059517691503177, 43.06605055828315;
  -25.24452398427887, 1.413505277995315, 43.4770457522336;
  -26.14619604357674, -8.011371511804903, 45.05833947903614;
  -22.32349352110209, -6.699649423071382, 38.66264535704856;
  -25.98438896200259, 2.81816260397002, 45.18699737255896;
  -27.26240519518745, 3.944387163085148, 47.45468595357186;
  -25.6884285838109, -7.333673013609846, 44.83993696555565;
  -25.83120940499898, 0.5726330619339467, 45.27780577568434;
  -25.78440334625318, 1.749416577167573, 45.24890559730991;
  -25.85136935869793, -10.21049631914824, 45.35170953287373;
  -27.02304684777595, 3.545503667549508, 47.49671750183741;
  -26.42039421084679, -7.217982897263278, 46.61951333454477;
  -26.3215536659201, -3.78150242577864, 46.47921003489038;
  -26.06910580491975, -10.92747521858775, 46.17067016072824;
