m=[-35.1849982161562, -3.417239768991278, 42.16360267970737;
  -35.07219051761473, -7.841297951030344, 42.20650030748443;
  -36.30362872810507, 1.353577701440892, 43.67068598162415;
  -34.76664091121504, -1.808964157445966, 42.11452010018923;
  -33.83976119563823, 4.26400867150753, 41.15106820213291;
  -34.65654894506586, -7.620849258002293, 42.20108227054004;
  -34.50448651815353, 4.072495574189645, 42.10198558437751;
  -33.68712296722828, -8.8642898270421, 41.25391727810938;
  -34.46963812376519, -1.550486728330889, 42.25443261904762;
  -31.44725621013547, -9.198553523601186, 38.84774749514018;
  -34.09813164521872, -1.336172847019658, 42.75741856348677;
  -33.48580085987728, -0.3400579041144691, 42.03783361075887;
  -32.30833961508353, 0.06655210124651324, 41.07655781046775;
  -32.52861552789242, -1.56067311543964, 41.91276077562908;
  -33.129279304965, 0.4266124860451536, 42.77214707807799;
  -32.51632520077386, 0.1590531184102995, 42.42474431648067;
  -30.42634637287726, 1.518528160232023, 39.82161988474579;
  -29.97251478259723, -1.066130969254997, 39.79343710659246;
  -28.76993902590798, 0.520524259805538, 38.2501951106873;
  -28.93190045162303, -0.4696435548543025, 38.52570880300783;
  -28.78344405941542, 1.320705006841913, 38.35336379715697;
  -29.03748777393231, 1.873504284414627, 38.73592831684186;
  -31.20707480131965, -2.935817610653653, 41.64530866164763;
  -28.601016127938, 0.02508628848972332, 38.41504412651913;
  -28.60535359346234, 0.5285503972427401, 38.46797148157674;
  -31.02554825297293, -1.436075351241604, 41.69316361242319;
  -28.29426028979865, 1.538803497059853, 38.12712260994719;
  -28.45739946348387, 0.8354220839803488, 38.38440492284587;
  -27.72701267933757, 1.723398432316223, 37.52359764301973;
  -28.98915896320398, -0.1008099038572467, 39.43053433491947;
  -27.60659733998746, 1.213072327785868, 37.65554179118296;
  -30.39007608943879, -3.662296069601637, 41.49284467322742;
  -27.47718566018576, 4.326129865173218, 37.69246885490501;
  -29.35948866996799, 2.766224187148914, 40.22047402373882;
  -28.29628995327485, -0.1411868833164177, 39.1660214112117;
  -29.08775262054919, -3.448070841993185, 40.4787334962009;
  -29.64737693996075, -3.184867448136451, 41.28909212781635;
  -27.61425957899176, 2.975673533473451, 38.58041556848283;
  -30.54480506567695, -3.108087565428394, 42.82582122925537;
  -27.29873755976162, 1.473513474837374, 38.7242588665999;
  -27.14432592191394, 3.53993051727504, 38.58745070359959;
  -26.99450700340178, -0.995273030836929, 38.96460811777152;
  -26.95799029557258, 4.20832930266261, 38.97151453995988;
  -26.95354593089131, 3.310613534321615, 39.13627123096035;
  -27.2125311244222, 1.859835487910823, 40.06524902374111;
  -25.82998496324872, 4.022594615529456, 38.09719443103325;
  -26.60937556093706, 2.967367553322933, 39.66143660774397;
  -26.29759849747128, 1.033932751368839, 39.24486741158285;
  -25.19558776114357, 3.918469875591272, 37.64426966516832;
  -25.54364410940265, 2.335618285407887, 38.35865807216649;
  -25.06223454403344, 1.546310156879301, 37.89854966975788;
  -25.89392887180074, 4.478700737660508, 39.14793080726219;
  -25.54404041117558, 4.181616541008631, 38.65599513903557;
  -25.08139499800358, 2.145349979024256, 38.07473918031059;
  -26.86938069342181, 0.8954598758544859, 40.8203593459091;
  -25.00094069842704, 2.993749542132976, 38.06382321937457;
  -24.56616260457466, 2.16737215778801, 37.4480840328357;
  -24.40617876626532, 2.248539566651703, 37.60894832474836;
  -25.44761135216636, -2.971423793253415, 39.20731785334061;
  -24.8062027604049, 4.166965627645201, 38.3324847755074;
  -25.91721459926641, -3.522135029301443, 40.0524325875859;
  -25.9054523194573, 0.5133449616683777, 40.23010682133948;
  -26.21792631303296, -3.374798202434673, 40.83411200231391;
  -24.81490567409756, 4.390165931561503, 38.76869810074329;
  -25.99242940359468, 0.9992991181502166, 40.82667135392217;
  -25.9233446189137, -0.2810636226673399, 40.73242250965971;
  -25.5146342196024, 1.50180232373568, 40.10553150012883;
  -24.72309421266095, 0.02283010934499444, 38.90429335839947;
  -24.56807818584109, 1.969632284760191, 38.70858162064035;
  -26.98133065565774, -3.732485624084143, 42.48188052517308;
  -25.13216846582461, -3.028630601163378, 39.6791606076883;
  -25.86128004674623, 2.517434976743874, 40.87883821624438;
  -25.637932974157, 1.185854134093798, 40.63536033318881;
  -25.04785314003733, 4.120842415332505, 39.88614422465719;
  -24.65796059803925, -6.426918266950158, 39.62985723514723;
  -25.13007032957365, 3.25630827483776, 40.39835123240369;
  -24.76981187074652, 3.914310995525813, 39.85128113962723;
  -24.78998203069077, -2.785119608224421, 40.06033799555495;
  -24.72189968612994, -6.583226546902602, 40.1415783808658;
  -24.99365318479207, -6.966711766597589, 40.58451280041582;
  -24.98614319019737, -6.314359245688432, 40.66144199107794;
  -22.43151582510945, 3.446157588554431, 36.55253758875028;
  -24.15941362799156, -4.996165156510618, 39.43592324491586;
  -23.00475734654549, 1.066164113285212, 37.55690370188798;
  -23.58769471921814, -3.106041987601977, 38.59531082443274;
  -24.88795945419338, -7.495801096280653, 40.7205154231381;
  -23.5903504895089, -3.916918605141603, 38.63635218718391;
  -24.32369495367613, -3.557283692496811, 39.84753736524473;
  -24.78869766402437, -7.230101065474771, 40.62721746219548;
  -26.24161935983203, 3.428431883852009, 42.95634575295871;
  -24.35095218071675, -6.6479428733354, 40.04786076092825;
  -24.29101712791784, -5.90451988621308, 40.01061071263884;
  -24.62279945019578, -7.012013072242215, 40.63025267538396;
  -24.11073074643013, -7.21559330851942, 39.86258799739416;
  -24.81838013618415, -3.819055996638385, 41.071339560497;
  -24.52031987628039, -4.428629066523277, 40.66807296858941;
  -24.18441870794511, -4.833351615202665, 40.31442545717762;
  -23.67485300355542, -6.361648516047115, 39.51823520828701;
  -23.92890508067687, -6.020011479693327, 39.96221847948646;
  -24.74052832397839, -3.264344133335915, 41.47609389955836;
  -24.02805900087123, -6.759229372487976, 40.33778859793375;
  -23.57712389558245, -3.671012520584476, 39.68057282239766;
  -24.45721244424276, 3.363538517297224, 41.13320134058085;
  -24.86750356083377, 0.1208255548951723, 41.99526673063783;
  -24.22457132315354, 0.3620925707198093, 41.00261821810013;
  -25.37511121814816, 0.8389876063791077, 43.39494165419161;
  -24.76356882083665, 1.995832790317052, 42.43142410826709;
  -24.57256532741558, 0.3260566203937239, 42.17507327636472;
  -23.9778103670585, -3.146167369143396, 41.20634300011464;
  -24.65123330069313, -2.810080995921534, 42.67412137811412;
  -24.20100787394511, 0.01170622028124095, 42.09534653431673;
  -24.24081038249157, 1.252868619429902, 42.27707550774247;
  -23.91448167500606, 2.364143263345969, 41.91968141398663;
  -23.91344747968959, -0.05834363563226074, 42.20665485930221;
  -23.77028001916676, -3.560613744462335, 42.01994910915724;
  -23.84117541121341, 2.096006788596998, 42.21071093168482;
  -23.33521804811235, 1.569965317411364, 41.39476652466128;
  -23.95906107691809, 0.7239577699810255, 42.73173821433566;
  -23.84236635109653, 1.907258049855421, 42.5874638879347;
  -23.88307107317221, 1.255849452475429, 42.71238660403093;
  -23.99981735746672, -7.880182066380434, 43.02054391469996;
  -24.82112163497946, -3.414929028730341, 44.51698183637065;
  -24.57232895131794, -4.425041859763867, 44.11849468510606;
  -24.5785804915009, -7.965126235370368, 44.17156408241704;
  -23.38663861738811, 2.516014408485507, 42.27926570303367;
  -23.17190604754328, 3.327455919113661, 41.96728513267299;
  -24.61700206859871, -7.537365935520296, 44.70087100513108;
  -21.06235973250359, 0.2814648305041655, 38.47883239084094;
  -24.6627580598166, -10.39084995155297, 45.03875428453259;
  -23.90654088760567, 1.547842091138121, 43.62906374280939;
  -24.08763105942277, 3.16302945166427, 44.07394889174984;
  -24.59175116223947, -7.23172667066685, 45.20267645974946;
