m=[-17.32367556461409, 0.6459117662005145, 20.83915085447399;
  -17.30000816256773, -0.9001472063270997, 20.95633982461821;
  -17.31928308265558, -0.3468437392958733, 21.00020995675774;
  -16.7431560875871, 2.109736009457351, 20.36062707700379;
  -17.26915961741216, -3.797425487035277, 21.02855731286702;
  -16.90593528597192, 1.99537374924951, 20.62843170629217;
  -16.94117749414473, -4.745362600647846, 20.74356685756527;
  -17.17992460679007, -0.7727741440426712, 21.05992421769685;
  -17.02564998550882, -0.6671688481409054, 21.34934694722197;
  -16.85179736225324, -0.1711348316126424, 21.15562523115426;
  -16.69841099662349, -0.2096541507836132, 21.17788554803877;
  -15.97641332186316, 0.03290988919951748, 20.31228076830845;
  -16.31229098370699, -0.7826387190586162, 21.01820623494761;
  -16.47517493749487, 0.2121541876421124, 21.27056852269004;
  -16.14630299671223, 0.07897939962673044, 21.06642654304736;
  -16.10515755263261, -0.8228049445638923, 21.13603068157797;
  -15.42953059619249, -0.04424183111159603, 20.30328769517127;
  -14.48893009410446, 0.2621430516698805, 19.26331517579967;
  -15.13626689495878, -0.5384013658071295, 20.09588081220545;
  -14.58266545854275, -0.2367163835867846, 19.41827236571949;
  -14.40017096313344, 0.6607401758848494, 19.187939933465;
  -14.52270631554142, 0.9370077988595085, 19.37325002717262;
  -15.54763605396806, -1.462649864553884, 20.74805493782074;
  -14.23557259204217, 0.2630352924643233, 19.14374519809288;
  -13.93879214211154, 0.7580711378697889, 18.78282137767939;
  -15.60814122506999, -0.7224519196005875, 20.97473928507595;
  -14.35215871505182, 0.4213354195885274, 19.35872855643067;
  -14.40767906761941, -0.05010275542855039, 19.59706678221889;
  -13.59122675180312, 2.139862964223212, 18.64408158018128;
  -14.63980497539611, 0.4397992488825717, 20.16796731806987;
  -14.08746586374851, -0.07029067776777168, 19.49902232979598;
  -14.70930130400509, -1.496745400103756, 20.62340573783635;
  -13.57764107917655, 0.7328850663102534, 19.2603810632921;
  -13.54636838508297, 1.766601350961963, 19.25705665986684;
  -13.31771485171133, -0.4910170214486371, 19.22315307168842;
  -13.27732367843225, 2.072682335895758, 19.19421318549688;
  -13.44214020928831, 1.651052942021832, 19.51784921005045;
  -12.74480799034437, 1.984793876994498, 18.79758848815323;
  -12.32554058739472, 1.374493329707885, 18.37129343917292;
  -12.92865970489465, 1.659415582217448, 19.25277437410056;
  -12.65591665386094, 1.966691810999586, 18.90268404942327;
  -13.15056486060477, 0.517035793579665, 19.62506859291662;
  -12.65450166402792, 1.968054249466035, 18.90686090100432;
  -12.63304263227005, 1.155119655045857, 18.97092523944037;
  -12.51893922034966, 0.7724037070904317, 18.930859457943;
  -12.50524998463959, 2.047137388740542, 18.92429211813973;
  -12.48440466417604, 1.067859953027026, 18.95191441495944;
  -12.46588809066845, 1.492733702058963, 18.97926027181706;
  -13.46976543381508, 0.4488988645021519, 20.46346626247508;
  -12.42674277695841, 1.096360743853313, 18.94303621027546;
  -12.58867451658168, 0.9667844582071697, 19.22726118402121;
  -12.29696263021824, 1.132918319106215, 18.94912909310007;
  -13.03876108875019, -1.522488079430719, 20.08891299642072;
  -12.26082038273974, 2.059582338944579, 18.94637866166223;
  -13.13491095272933, -1.78502708291317, 20.2986757494004;
  -12.37862259682105, 0.5748891132139782, 19.20770243503527;
  -13.17968787751819, 0.2611699762989313, 20.46751566604483;
  -13.03990775285162, -1.678510219260234, 20.30950302179665;
  -12.97439881164022, -1.374727789030823, 20.2335970600275;
  -12.56763726032917, 0.7397365244973353, 19.75461484919453;
  -12.88104057365967, 0.4952216003454877, 20.23243006768007;
  -12.9630506864283, -0.1405467558414367, 20.36837704917484;
  -12.23525888946497, 0.9809054146928707, 19.27743447370937;
  -12.94209929307861, -1.790356456965775, 20.37722760712705;
  -12.88213013866444, 0.01189577797715731, 20.27133681911976;
  -12.92761755612, -1.557883004956107, 20.4103762069552;
  -12.90160382420809, 1.25589099473985, 20.3935216859553;
  -12.86892354050683, 0.5952377751057291, 20.39686060868742;
  -12.68791133917618, 0.738315543282146, 20.14159685540072;
  -12.3401136612012, 0.9790797339740082, 19.6424295327347;
  -12.2662607381669, 2.018030337560924, 19.53276562923212;
  -12.49521158893117, 1.398327072030287, 20.03394332764471;
  -12.34276737114332, 0.8168969693613557, 19.80975665803465;
  -12.6372720390178, -3.293813135480487, 20.31040988798632;
  -12.42664486734557, 1.610221777309848, 19.97670350331607;
  -12.55257846348166, -1.410264532226616, 20.28482857874774;
  -12.43979947420213, -3.312610243405308, 20.19881934542825;
  -12.52963390778244, -3.492500569289396, 20.34552868103067;
  -12.45765341081644, -3.148228936150168, 20.27308287049265;
  -12.90760750863806, 2.073169575853231, 20.94705255866901;
  -12.26441488110314, 1.884184142579551, 19.98507320863874;
  -12.49341293110242, -2.583636976186917, 20.39326289141203;
  -12.34700619239436, -3.718693881797519, 20.20159414886314;
  -12.14630571326247, -1.599432924189277, 19.87436457662817;
  -12.50391485360973, 0.5794986268131401, 20.41353094837778;
  -12.23300937139151, -2.031156850551417, 20.03526223963461;
  -12.27348744270202, -1.794968931041858, 20.10665938733193;
  -12.485859711367, -3.641741443058424, 20.46358967991945;
  -12.16539967741417, -3.321220520928386, 20.0073585938841;
  -13.01521546264348, 1.70042020103504, 21.3053199117109;
  -12.04202116827744, -2.927104825782473, 19.83484753314668;
  -12.18478740400082, -3.469950227721434, 20.10620246579854;
  -12.18457524624577, -3.646465158546874, 20.14491837980719;
  -12.03063766421984, -1.85127629856614, 19.90921252415179;
  -11.59735030022675, -3.365872403126592, 19.36110269156626;
  -11.75771736486032, -3.159405687335504, 19.62606653850529;
  -12.10508635250158, -2.419249326625744, 20.17867815240485;
  -11.77879856935059, -2.963299088086822, 19.67105976087294;
  -11.73365582326412, -3.300743979544736, 19.69820900067628;
  -12.32262398135877, -1.625886269448289, 20.65818088631665;
  -11.65440738406073, -1.81461808557978, 19.61450272532007;
  -12.16086062736826, 1.67245237849112, 20.45266318885135;
  -12.05139148504156, 0.1801360802367937, 20.39823935236081;
  -11.34541345226055, -2.344459134115647, 19.31110688188874;
  -12.2569445502776, 0.9878548612895545, 21.001803748365;
  -12.14332213152888, 0.3106939745375678, 20.83680945238783;
  -12.59761470258796, -1.6529534473579, 21.64925088953434;
  -12.23408880750031, -1.394606916458267, 21.17861546128876;
  -12.02608071203508, 0.005817111033901604, 20.91822116085508;
  -12.04419111641388, 0.6224952407973237, 21.00561694200151;
  -11.83878313983406, 1.170361113680523, 20.75219627569011;
  -11.86056337358808, -0.02893720733698839, 20.93360671526276;
  -11.74906451532897, 0.1146893290348076, 20.77341239192039;
  -11.80928779499394, 1.038218416662502, 20.90829939488258;
  -11.77643473776883, 0.7923043214310588, 20.8904311696494;
  -11.72680118303883, 0.9380795356487862, 20.94652496104639;
  -11.83221092274724, 0.6221760829409208, 21.16067760986197;
  -12.43133245741979, -4.081746191359876, 22.28361474327127;
  -11.96012903588113, -1.645493400041705, 21.4506360703957;
  -12.16997159726985, -2.191596647462593, 21.85062833465135;
  -12.2333800154565, -3.964444412974229, 21.98530258833101;
  -11.78451168470164, 1.267817991322199, 21.30449393986705;
  -12.16027948884358, -3.723299698728633, 22.0812868806035;
  -12.13217379197039, -1.673772275117939, 22.06334320300636;
  -11.11498781516361, 0.1485340769592402, 20.30597514227728;
  -12.17729371245075, -5.130506145143046, 22.23798887518793;
  -11.82437197704012, 0.7655754436989911, 21.57929418272442;
  -11.52355935966234, -1.761275974179986, 21.14366935281371;
  -12.0936322569767, 1.588056331153845, 22.12812578765815;
  -12.30632097265716, -3.618935024538004, 22.62053814984166;
  -12.19642937353691, -1.916042276203828, 22.42245441688229;
