m=[-34.60440941889426, -7.478190853898877, 41.30601253082221;
  -34.68427831998604, -3.05746108369366, 41.41066918528549;
  -37.11310192849713, -3.607843521841749, 44.48605252554843;
  -34.99671565337041, 0.9911169361437585, 42.01501126632999;
  -35.19341895907223, -10.11061411495705, 42.30066031690378;
  -26.44032655172676, 4.549263257784603, 32.02211436930437;
  -37.53334751943719, 1.327549824851146, 45.13164928835388;
  -35.16527565198494, -7.991806557916702, 42.41550654560022;
  -35.44914894414884, -10.75599004033591, 42.91775815624331;
  -35.00173528239598, -10.18529429261685, 42.59354335757913;
  -34.83591469954713, -7.745095920047889, 42.62662192901843;
  -36.01856097594088, 1.117841401890152, 44.08255923917689;
  -35.73992462683216, -8.294590466605699, 44.05611861591856;
  -33.79651918125114, -10.05264225823091, 41.80419892496734;
  -35.14086927499525, -9.864448251607939, 43.5261908617716;
  -33.32908249712268, -7.859941779865529, 41.66877381274014;
  -31.94912105092018, 1.163225398499571, 40.00792210301373;
  -33.45651813709291, -1.534916297489403, 42.09648411347603;
  -33.42116031214459, -1.921075467626126, 42.09050926019065;
  -31.97158499527181, 4.082790312289704, 40.43432056854558;
  -33.43533658548014, -7.760429536408249, 42.30463739034387;
  -31.82117025754, 3.798502995027504, 40.40250019339464;
  -33.227979054798, -1.680139130737018, 42.3603763649765;
  -32.23622356929927, -10.03400685177057, 41.36373381250683;
  -33.01163002912237, -1.472428603736603, 43.07698020843608;
  -32.56275926804866, -0.3969833338651075, 42.54255720050529;
  -30.48354684438519, -0.05240865161511612, 40.30989307913026;
  -31.39160338272629, -1.692353048646334, 42.09009169019983;
  -31.53458619229692, 0.305105569341365, 42.39800074848311;
  -30.81871964699965, 0.03884181404190215, 41.87260432378467;
  -28.85430057323219, 1.326525487455151, 39.28280373466757;
  -29.71381070913156, -2.997262456005239, 40.4443010208512;
  -29.12354960716483, -0.03502747504144175, 39.9085239122749;
  -27.83867250920778, 0.4131477233987405, 38.46277762192943;
  -29.45744477261825, -1.218368573004926, 40.673164495841;
  -28.21567701687918, -0.5975044340668416, 39.04789164843778;
  -27.55787110223186, 1.208464411644901, 38.16808955213064;
  -27.78194605317711, 1.768512609440025, 38.53696677712384;
  -29.79940549203389, -3.046490368218995, 41.39577678588061;
  -28.78169041877756, 2.592395440104339, 40.00187571703646;
  -26.9932775890078, 0.4094274581645307, 37.7370794679257;
  -26.97250195669335, 0.1558755730620145, 37.74522118391803;
  -26.13886981117411, 1.382131565717288, 36.61605683794418;
  -30.36176112563189, -1.607645247059942, 42.48942171710296;
  -27.63536391714833, 0.7466160225365318, 38.75442632514447;
  -24.21606052804012, 1.460333187106397, 34.05748227537578;
  -27.09594006500056, 1.885215974470728, 38.15696817072826;
  -27.70494748343896, 2.968797582367714, 39.08712189461367;
  -27.38315890651658, -0.2034775808818296, 38.7506588409174;
  -27.33273175349768, 0.3527778047967345, 38.69833565558581;
  -25.60877565706512, 4.116004769231084, 36.53920551522585;
  -26.77668362713257, -0.2513275346411614, 38.56780776304807;
  -26.94658895677292, -2.967904785149854, 39.39382212029667;
  -25.65477517808329, 1.337986961600237, 37.8898814819295;
  -25.70019153895221, 3.401862837729441, 38.04915544740654;
  -24.78600569331672, -1.077814689551419, 37.25914295249797;
  -24.78614199499862, 3.945505648379173, 37.34507298870616;
  -25.43131772288423, 3.146996933519256, 38.48600194773692;
  -24.52900830355256, 2.153974998186265, 37.46878240358561;
  -24.94689330014215, 2.959775791794522, 38.26176385477609;
  -24.32042802843191, -0.2743534089232935, 37.34991224294552;
  -25.75978283215058, 1.112044878676605, 39.52056496553317;
  -23.74206912058389, 3.777193683438312, 36.49669918702867;
  -21.61148056241617, 2.4139638996287, 33.605556757047;
  -23.6923203240108, 3.757662017141548, 36.89274226102791;
  -24.98364651756802, 0.9266142281161448, 38.88182498224401;
  -23.58829466780066, 2.15599660177695, 36.93198388727975;
  -23.65282606195784, 1.423527795763298, 37.28340250860002;
  -23.07536618898645, 3.861851562025352, 36.43418516536676;
  -23.4606874475104, 2.002391748994028, 37.13668636295296;
  -23.63766547694052, 2.863678830449438, 37.53370519193107;
  -25.5433839615963, 0.7649151807270211, 40.52499511220015;
  -23.81698201128165, 2.103748683295709, 37.84764906131361;
  -22.41688273076188, 3.702668172305621, 35.75271465965831;
  -23.4754629222926, 1.992870711489311, 37.47092616039302;
  -23.47623797741283, 2.171340046944147, 37.72933579193676;
  -25.50798464436022, -3.253575024315623, 40.99732739569849;
  -22.84367323401563, 3.926542806145602, 36.8455346236353;
  -25.23233206084359, -3.729729401427997, 40.70080837886783;
  -25.40504504989718, 0.4027703460362466, 41.21178050678429;
  -24.48319733994477, -3.433444628319516, 39.82939560981617;
  -23.24788854660159, 1.323269497180213, 38.18841092449865;
  -23.91652346248089, 0.8430024836778314, 39.2706133472993;
  -24.32870429080295, -0.4042886520997447, 39.95322531572364;
  -22.93717859722149, 1.822405292555683, 37.74007706352897;
  -22.47584901545066, -3.422023196123723, 37.02507699107346;
  -25.74740444530196, -0.07319232370140329, 42.30611319423326;
  -25.00744359732476, -3.323869142713574, 41.23926574995994;
  -24.0880600796409, 2.36730183368752, 39.82745443211079;
  -24.41666363414744, 1.069206715048887, 40.46472702012496;
  -23.16013948702562, 1.594656325744464, 38.42072434277248;
  -22.57600230643648, 3.805733875102331, 37.5977535704382;
  -24.63378974943458, -6.883319232318247, 41.34668772863563;
  -23.19357330352156, 3.038316202831871, 39.00769499743008;
  -24.66563452836209, -4.562148227305308, 41.49722311747929;
  -24.11822034692071, -2.963480144951896, 40.73970421620399;
  -23.6941747043841, -6.765782502782848, 40.20425985673102;
  -23.72614991671781, -7.085629358199028, 40.26899576460944;
  -23.52089697528434, -6.3756396784453, 40.01443702149749;
  -25.8345191567186, 4.122049856163968, 43.99786311758986;
  -24.18177612434, -5.399818128167985, 41.24972015477641;
  -23.82295388201234, -3.902510370702593, 40.6471907861317;
  -23.07208232800673, -7.442965860853475, 39.46941943376935;
  -23.53379121711677, -3.329571922457291, 40.23008906805227;
  -24.296585950668, 0.9723715908641882, 41.45522252195411;
  -24.09536302108262, -4.348950982250003, 41.23010277266069;
  -23.38993794570715, -3.720364930619384, 40.06256565283896;
  -23.7556218292232, -7.429477930361796, 40.71110649989639;
  -25.12538275767502, 4.367579122603449, 43.06891479790314;
  -22.92261274311849, -6.71796179735641, 39.41193936665093;
  -24.34468380645161, 3.242432294619691, 41.78480786484047;
  -22.47985736047631, -5.877544385253225, 38.71379841171655;
  -22.70372248719938, -6.939395692414384, 39.18396399204962;
  -23.31999719612837, -7.471997718484172, 40.30172705712188;
  -21.78077753948803, -3.650552560253451, 37.72725049546997;
  -22.1584973926926, 2.764301280074169, 38.48625141318681;
  -21.91466081915547, -6.329203291831911, 38.2504452876033;
  -22.60867256775911, -4.909609634762846, 39.4446427950254;
  -21.681736309441, -5.871796146064149, 37.87634924830882;
  -21.48235454275224, -6.493505071717776, 37.73654038183776;
  -23.15026017061354, -3.341805202179687, 40.6514827285168;
  -21.53071818044236, -3.658076236634711, 37.92085904089716;
  -22.80121108286207, 3.192485972989351, 40.20419544563148;
  -22.62610086889038, -4.137221155014395, 40.09945030704034;
  -22.43137991456347, 0.2400842362812167, 39.79367476124738;
  -22.61227450169458, 1.798472798542474, 40.66755422398366;
  -23.99981984514696, -3.476015241441755, 43.24112946307033;
  -22.62628012873174, -2.861588895639625, 41.10942923728331;
  -23.43433318170902, -4.270574065470057, 42.6431015434475;
  -22.6929497313943, 2.678922570258098, 41.40770382747198;
  -22.4458309909838, -0.1065088055316992, 40.98549175382893;
  -22.43117950184182, 1.098613967219763, 41.08274890858272;
