m=[-17.64393783771967, -3.812945713581598, 21.06092054904327;
  -13.30561529067091, 2.289334310816712, 16.11454887889813;
  -17.8536590392352, 0.5056206994160596, 21.43405950170754;
  -18.09860776725959, 0.6401455015178816, 21.7625144662739;
  -17.85418820404998, -4.057616945407094, 21.53529078315397;
  -17.48756073209719, -5.306080249220017, 21.17193006312341;
  -17.77869343636785, -5.173492780476414, 21.63485734674137;
  -17.14156498379992, -1.794908082910982, 20.94819555756578;
  -17.87127340850506, -3.973334070773583, 21.86800666911638;
  -16.78376865743243, 2.084423289997776, 20.67909667056824;
  -17.72801132890015, -4.114350975720194, 21.85307826150277;
  -16.75365138735746, 0.6099783709330082, 20.97956868917181;
  -17.11359307767272, -0.7851364812047997, 21.53308650250781;
  -16.92062292579871, -0.9726111629910152, 21.30978186558432;
  -17.08309093023835, -0.1135268629748936, 21.55561701527637;
  -16.77008790406102, -3.892381497823911, 21.21864351422695;
  -16.67727183835577, 2.129697476904271, 21.09167111422784;
  -16.48599178158458, 1.967937968702128, 20.93182874020629;
  -16.58906489903318, -5.163594628369921, 21.28616781698678;
  -16.06144902131496, -5.081137367645793, 20.96100838341396;
  -16.75286286188939, -0.7472334583466914, 21.86086361987012;
  -16.62119313304113, -0.2026344453323076, 21.7152377592546;
  -15.64594737364031, -4.675247033611685, 20.58915771113776;
  -15.70592527490414, -0.0270023160437156, 20.76871735996194;
  -15.98814462165054, -0.8619370270056874, 21.43702138679999;
  -16.01555496272108, 0.1549547847376721, 21.53278648262996;
  -14.18907072794652, 0.6523174566700806, 19.31727574434158;
  -15.83644966481037, 0.01995918195207673, 21.5165781805181;
  -15.22778100401725, -1.536041833825919, 20.72695975736306;
  -13.97705326073396, 0.2074304273160008, 19.31113242557313;
  -14.88765637572834, -0.6157578430137416, 20.55602926192753;
  -13.99925748088202, 0.613893736288267, 19.38919415115364;
  -14.12854570833244, 0.8993794455726495, 19.59802583767591;
  -14.36501921683967, 1.293871547254591, 19.96504392285334;
  -15.07976745958267, -1.541653786780472, 20.94802488280327;
  -13.65441352287991, 0.2071068177240053, 19.08911159460939;
  -13.66342577452846, 0.07896168942779168, 19.12054835764477;
  -13.47649064835736, 0.7125894598635628, 18.87824344055338;
  -13.95593251833472, 0.3770430835962922, 19.57108870366203;
  -15.3069809911848, -0.8104995996605903, 21.42118067061216;
  -14.11088780688832, 1.512089839953455, 19.90814066977608;
  -13.93634602204256, -0.103557591166828, 19.72170530189011;
  -13.85031341906521, 0.1787630745360577, 19.60960515984508;
  -13.7859933708232, 0.6022014055678663, 19.55223890797626;
  -13.18394446821836, 2.119007133927291, 18.81116312925536;
  -13.59268833205395, -0.1275817758170462, 19.57823447719551;
  -14.41804574403932, -1.867810874682756, 20.89534250642783;
  -13.86901032096823, -1.527536645284688, 20.27541691622745;
  -13.11725998346658, 0.6841113480032479, 19.37305716737673;
  -13.18890085103001, -0.5935232294717043, 19.5046806032143;
  -13.00673611157108, 1.721665465062566, 19.25648388349486;
  -12.67145979884421, -0.5510159917754377, 19.04815716996593;
  -12.7765320241409, 2.033792886287712, 19.25029401834144;
  -12.91111157454042, 1.597684751382028, 19.53878562722218;
  -12.50530679470555, 1.098133191815317, 19.10222432894041;
  -12.88870899687649, 0.5564030926084091, 19.77381038310501;
  -12.62823872367478, -0.1424563884520047, 19.39372150690847;
  -12.29964287520501, 1.956785364443789, 18.90721334540525;
  -12.93935038522203, 0.8700720089815487, 19.8714713021174;
  -12.41042814271782, 0.7343966321001169, 19.21911792026952;
  -12.26500472698589, 1.369979190190624, 19.07191463758248;
  -12.57724241780521, 0.4664752107587322, 19.57384956213193;
  -12.07902112138515, 1.104036084730094, 18.91201630773516;
  -12.03846248527489, 0.7245259370340129, 18.97594990330019;
  -12.13657580269969, 2.145842812071872, 19.14944717092236;
  -11.9859984629865, 1.023016247048898, 18.97302739583622;
  -12.02043556802617, 1.456263390414705, 19.08697309085081;
  -12.03671548482908, 1.063200381157428, 19.12758649710108;
  -12.97044349455186, 0.3884093487636998, 20.57782007309787;
  -11.90973350908173, 1.011036892880743, 19.01000829615068;
  -11.82121749156143, 1.093355884693271, 18.99821788472896;
  -12.64236119234064, -1.612548823329758, 20.31924623146026;
  -11.68183743732663, 2.007962304582223, 18.84213372146168;
  -12.71750174656471, -1.879843688744182, 20.51386294365143;
  -12.66499046562202, 0.2007901415787881, 20.54500616568846;
  -12.45515476510865, -1.746670732150665, 20.26211199595382;
  -11.59474473501133, 2.103023365997316, 18.92043586200898;
  -11.70163743103477, 1.827497182397548, 19.10443388428169;
  -12.02696012130862, 0.6845744051305255, 19.75622407017396;
  -12.31081276293466, 0.4339278554229361, 20.21419077746074;
  -11.71965801857431, 0.9311505645502398, 19.28313872189921;
  -12.39008187712303, -0.2058954493273683, 20.3473118420078;
  -12.40100104257325, -0.03525241095496438, 20.37635113642057;
  -12.31300674456349, -1.87469646485696, 20.28355068570161;
  -12.27263339676738, -1.631219412275915, 20.23854969946895;
  -12.27862622333297, 0.02515166562297607, 20.35033853050866;
  -11.61450162606077, 1.957906527504587, 19.3426260350615;
  -12.43212527781245, -3.473857976940818, 20.86675281771403;
  -11.21580001513673, 0.928686667821373, 18.884068804161;
  -11.79408237644598, 1.545003484928682, 19.83566577234211;
  -12.19893996342475, -2.256312209002708, 20.52337769283356;
  -12.06082743645557, -1.48195107787837, 20.37275285224814;
  -11.93056982742515, -3.406729358321419, 20.24378293673696;
  -11.94013630216995, -3.56582844753672, 20.26528955893302;
  -11.84772160198982, -3.211476332054579, 20.15569008227952;
  -11.80574297985702, 1.883675901100437, 20.10594663977374;
  -11.99170854906105, -2.677762165937437, 20.45567783288329;
  -11.7956601327868, -3.805235020680829, 20.17883997899965;
  -11.98054543489571, -1.695013239802156, 20.48027049628728;
  -11.93389299155195, -2.153937900925818, 20.42034536226359;
  -11.78543975113778, -1.874572598005028, 20.18624225825241;
  -11.90139259902679, 1.585128811728728, 20.42735108116621;
  -11.6473516711747, -3.413505451764745, 20.02584622401763;
  -12.4690648051711, 2.167514327908856, 21.37396651358082;
  -11.48498027568983, -3.002842956326237, 19.77891603250707;
  -11.49757137014158, -3.514234165087764, 19.84346059628137;
  -11.22657960751754, -1.881623319223143, 19.44595321687974;
  -11.58229036769568, 1.444905740773307, 20.11683965441943;
  -11.15017396478, -3.220297057972156, 19.46181703228898;
  -11.50046220532333, -2.497394744351317, 20.06449614886131;
  -11.15320158919255, -3.02048346926814, 19.4837974505346;
  -10.88882066832554, -3.291380937507726, 19.12762495577976;
  -11.70610912804177, -1.689809794493397, 20.55573844655032;
  -11.02753540595065, -1.873581962249583, 19.4221861153433;
  -11.63741692218794, 1.629399866125464, 20.51965497453806;
  -11.54801206624559, -2.111573712840776, 20.46613946781309;
  -11.49736200291747, 0.1230568688253987, 20.39652869770073;
  -11.5651366253281, 0.9198359780446304, 20.79958036875341;
  -11.54819542232485, -1.672583525966184, 20.80669840621994;
  -11.43223579675138, -1.445856712733596, 20.77109829086302;
  -11.46453600992416, -2.089248700912219, 20.86184272575291;
  -11.41669784954462, -0.05417392884940456, 20.84658731309278;
  -11.70317228658332, 1.381569727745605, 21.35471578709328;
  -11.42104226615375, 0.5593694505798724, 20.91766113574983;
  -11.2553414407461, 1.11072881044818, 20.72178772359304;
  -11.22613319262752, -0.09259950909794408, 20.81282159662402;
  -11.11386242061484, 0.4814412561116615, 20.67558124937889;
  -11.16329349543727, 0.9751567994362123, 20.77004722261015;
  -11.08412301428425, 0.7306349728062989, 20.65451003587078;
  -11.09838252142826, 0.2886781645941814, 20.80902077693472;
  -10.95902904662971, 0.8669118640619812, 20.58231747184973;
