m=[-6.982091104262287, 1.633296962807127, 9.431931439910825;
  -6.977014165610236, 1.500242113495372, 9.442575432876907;
  -13.01601450069841, -0.4689982432313776, 16.7665314026661;
  -11.95671508240056, -3.436874038154139, 15.53575407389575;
  -13.07556311988793, -1.994507748889882, 16.90022570533249;
  -12.63924626330448, 1.120218632249921, 16.39154985139773;
  -13.21235022371018, -2.146215294992058, 17.09369594884507;
  -6.917494099452033, 1.553177494071494, 9.430164519310001;
  -7.44817114446981, 1.148543295453167, 10.07935543566204;
  -7.489374607433837, 1.200939301699106, 10.15376156860834;
  -13.04154115261526, -2.241690359854813, 16.97214019435157;
  -11.81806324950571, -3.333701372449453, 15.49125513278586;
  -13.17137221979321, -1.982925273402004, 17.23533028502113;
  -7.457695424744164, 1.308484812111985, 10.19347506416773;
  -12.73095854222634, 0.2973259565345137, 17.03082390724954;
  -6.475995495361717, 1.637065406819329, 9.211180447492851;
  -6.434712718673462, 1.713078545684354, 9.212833632835665;
  -6.45109796406124, 1.616215308322696, 9.278308341497029;
  -7.139961633204979, 1.331204590048246, 10.27983121633373;
  -6.38668704097361, 1.560776560034915, 9.315308792488702;
  -34.955888208396, -5.31242178011862, 46.7001980421951;
  -25.62278735966512, -6.141745258060454, 35.55311680255932;
  -24.92860163510208, -6.101918548595982, 34.63171737858926;
  -11.55678021438415, 0.512867826923624, 16.59011180724946;
  -22.96378263150961, -0.9627702481650761, 32.03557135428544;
  -5.901509748490346, 1.845010049019645, 8.974763584715214;
  -5.817316763148562, 1.871722188917171, 8.893639818691444;
  -36.16734760049133, -3.0750852486018, 50.36331670982551;
  -36.3174844912086, -2.891627674527162, 50.60583730477664;
  -24.29156154116421, -5.613926730966104, 34.45556826395274;
  -24.75667999124046, -6.486430351596887, 35.1776474928817;
  -5.629737997112826, 1.898168842320254, 8.816054068968539;
  -24.69217723164256, -5.604170464489637, 35.62229143247246;
  -24.36460894720358, -6.700376742885389, 35.21174777367099;
  -5.810343508549167, 1.684847775938869, 9.158577975478561;
  -24.5188264741314, -5.745024188706497, 35.55781966382751;
  -22.51545821296315, -1.360336426258207, 32.78296950346094;
  -25.28737113235953, -1.743900307095827, 36.72987498335806;
  -5.618636542941703, 1.911457168156769, 8.928995172845713;
  -21.66428948841134, -1.144034744482126, 31.69414629839368;
  -21.13911216558429, -0.7140328954237266, 31.00747249100955;
  -21.58565148697399, -0.8679160198671169, 31.71527427206795;
  -5.656710496095867, 1.932037039502931, 9.061463226854768;
  -25.0495177192647, -5.289779213655415, 36.77417644724275;
  -24.09926007140286, -1.372397020600708, 35.45698442417628;
  -21.8344668596799, -1.078996123614135, 32.25764360967281;
  -24.52356818501353, -0.1004343026343318, 36.29049861038676;
  -22.30562438033271, -1.416018816631258, 33.13140711773433;
  -21.69231601889842, -1.040464123265011, 32.32615717052014;
  -20.98286360635457, 0.07272968534660777, 31.3221784645938;
  -21.75217345131452, -0.5357830542293429, 32.50836186957601;
  -6.275880028730028, 1.319108810927989, 10.07989479610042;
  -22.04208705040147, -1.479678583738922, 33.03399396615047;
  -9.842241786438176, -3.205512738620002, 15.14945803013821;
  -22.46956381251032, -1.682003694112844, 33.70201681390587;
  -6.268168399497219, 1.259876519123815, 10.13781329958896;
  -5.854017656128367, 1.519035242746058, 9.540786822672589;
  -21.29956994719174, -0.8666783742825416, 32.23619310396369;
  -5.492125002899416, 1.821343219721143, 9.040971842814997;
  -6.252401755527858, 1.428489518980234, 10.17201401692559;
  -18.23297871361411, -0.2297480113464165, 27.92694639844273;
  -5.424411169062679, 1.892905116308045, 9.058877921806436;
  -5.780583235919101, 1.491888869537994, 9.608647767340472;
  -5.902537365566246, 1.241895962048972, 9.820237995964124;
  -5.624519405634898, 1.608440927807377, 9.417393946410783;
  -5.950135319000964, 1.454666533061997, 9.90804531143495;
  -6.191900844036188, 1.444330682697184, 10.30577671262683;
  -12.89814706692036, -1.891163833685852, 20.6223926960888;
  -13.03300814194755, -2.040633039038923, 20.8354872373735;
  -13.10729305460944, -2.003539044376791, 21.13377889087906;
  -5.302297069475427, 1.854096931638057, 9.166389182434191;
  -5.598926690421012, 1.594628170165093, 9.622750156076444;
  -6.012000019710562, 1.338805957174238, 10.27675925614656;
  -12.92882522205759, -2.056670977442618, 20.99300400274998;
  -13.0525164637061, -1.704927219014789, 21.37359123296717;
  -5.203426881686442, 1.849958315754367, 9.160322828036652;
  -22.94431402924447, -0.8298887945041154, 37.25986212135884;
  -22.08710007402191, -0.9900460306962139, 35.90788382000311;
  -21.38824894857867, -0.5573362126688328, 35.0435195000365;
  -5.496027900417604, 1.523847190524537, 9.789027075347613;
  -5.579069247208012, 1.588867059053945, 9.925633484084138;
  -20.34640287820009, -1.163507488754342, 33.62172834315643;
  -5.186566247450595, 1.909959356495399, 9.322898889744876;
  -19.92366502368298, 0.2453269791559022, 33.06702494280954;
  -5.18893710328466, 1.804266141687678, 9.35613456733609;
  -21.33559283864719, -0.6712473062107783, 35.51480979541798;
  -21.83972486438179, -0.09194990239605176, 36.40238212409732;
  -20.10988773750562, -1.279541003796279, 33.75866835218906;
  -21.08645764135006, -0.8380522910846621, 35.38711348880243;
  -5.465852278782371, 1.689064787226309, 9.898659547824831;
  -19.00227341873403, -1.243866204512204, 32.3858936531254;
  -6.427705250385157, 1.266890259016419, 11.59853698086947;
  -5.496598147871739, 1.608889330978044, 10.07167202822829;
  -5.491930697840397, 1.543142280770882, 10.06956774525773;
  -5.105836818382822, 1.896244646990439, 9.440505836061368;
  -20.65061511983852, 0.1349741770833952, 35.4946576717366;
  -17.73717570356199, -0.2728397981381317, 30.7363861719733;
  -19.68100952792164, -1.149901761425086, 34.02183136821306;
  -6.469192607949221, 1.572053513746891, 11.90341532421646;
  -20.41583594431502, -0.7898510506427892, 35.60168483196674;
  -6.418169459830289, 1.417453458069995, 11.88953973731598;
  -19.41611106335989, -1.173149343909375, 34.19669019149954;
  -19.84660077267575, -0.5287802349577282, 34.93303083858795;
  -6.319839608301773, 1.41120141018415, 11.86673244466232;
  -5.124602952889639, 1.905010649149987, 9.817940848259458;
  -18.74869038014225, -1.463853338258789, 33.35622030733762;
  -19.1243500563441, -1.347334779104461, 34.122695227216;
  -19.00184537004173, -0.829613962383303, 34.04580240240573;
  -6.203805126078636, 1.53320019252767, 11.78003578570323;
  -6.250497516032739, 1.476839450154782, 11.88470656230899;
  -19.40684123643379, -1.50458157491293, 34.8462885992078;
  -6.257077946761454, 1.367968405222298, 11.90091083757517;
  -6.202656043933962, 1.416484752993702, 11.84675883325317;
  -19.51748688206736, -1.985218000195076, 35.18439381625295;
  -19.25030889885522, -5.624879218474219, 34.91775738969677;
  -6.188425098206952, 1.331154940072582, 11.89707318845247;
  -5.016014345769845, 1.897962773173141, 9.836547375903011;
  -18.19575688165892, -1.358209615280099, 33.15139882140681;
  -20.11714229317239, -1.6746846285677, 36.54787944461636;
  -18.97131498605003, -1.184435776145776, 34.54536983387438;
  -6.183019443800418, 1.402291571644503, 11.9239025921164;
  -6.153694293839216, 1.482752145238484, 11.91488266769782;
  -19.13177310482466, 0.005594381499487523, 34.99158469390429;
  -18.12946051392266, -0.2617179913397656, 33.20974676292768;
  -6.128481651779233, 1.60528441260211, 11.92761877899969;
  -18.82955958189801, -1.014172808449538, 34.6298834682764;
  -17.73579104696313, -1.301386925422299, 32.73019092733154;
  -6.06899168798202, 1.54639295816755, 11.88952827715806;
  -18.14419291714567, -1.145875101966054, 33.6197057259141;
  -19.3005714078033, -0.02070201238245273, 35.70534244353272;
  -4.871446622104018, 1.987026563440431, 9.765610943834426;
  -19.07368551951218, -2.32125430570546, 35.41911783319315;
