m=[-18.30342452559443, -2.781663292914706, 24.45292035206601;
  -18.72081942005829, -2.740699785132049, 25.24533541988311;
  -3.103612563989942, 0.6238135839078971, 5.019623392778087;
  -13.00110524382146, -3.116346217917056, 18.03979429746132;
  -12.99971506768136, -3.18201572872231, 18.05967558132891;
  -12.8787516588751, -3.159211959568363, 18.0964747530035;
  -17.99255463199578, -2.989198931761645, 24.94353818458782;
  -18.86939455084806, -1.604347586511204, 26.27578069546096;
  -12.89339662200945, -2.979741908587811, 18.28821530106429;
  -19.41510959902188, -1.545846828518637, 27.05357739907198;
  -12.65373053716129, -3.315369502138917, 17.98013596587548;
  -12.85511631570552, -2.917614858269158, 18.54549704145031;
  -2.901567089000229, 0.6713645774334357, 5.07060710405034;
  -6.839201713765455, -1.024357321858446, 10.81682541795904;
  -6.54776162679409, -0.9600518520948789, 10.46898526180083;
  -6.572935986277693, -1.029152302446259, 10.50795966384604;
  -2.704419678696446, 0.8357232900164761, 4.897704568008837;
  -11.47524488302748, -0.1531869592859663, 17.82714014425986;
  -11.79358346967238, -0.2353851268809712, 18.30613599739642;
  -6.445088126369317, -0.9990101751513574, 10.56292853407393;
  -6.556022730892188, -0.8563514655168678, 10.73553520148894;
  -6.378837433699149, -0.7160504825511862, 10.57598155317469;
  -11.12989520776621, -0.4988934054531701, 18.09431671472954;
  -11.47196114124652, -0.4149373125721914, 18.62961297686296;
  -3.207525737607918, 0.7794484430783693, 5.901897397666796;
  -10.86104474944319, -0.2830177243978471, 17.79524983007898;
  -3.193613560476495, 0.7053099194978776, 5.916109814576395;
  -10.4311077900295, -0.7438859168360366, 17.2527947944;
  -10.06705493122346, 0.1239591296248887, 16.70814863207653;
  -3.14395895652442, 0.7020366952319807, 5.903396615487895;
  -10.99382568069579, -0.3458809853059529, 18.3001068180606;
  -2.499986568063844, 0.9459465449136044, 4.902545052850519;
  -10.12632750376466, -0.6443124610174504, 16.99916659344036;
  -3.130210362538608, 0.7610422726947224, 5.920816749427361;
  -3.078898382769989, 0.7609148735817726, 5.846336626066763;
  -3.102738798215606, 0.7331011729829542, 5.899552805468318;
  -3.106949620951435, 0.6792641795806274, 5.909392647876289;
  -3.084251089258425, 0.7043425608955606, 5.890763340226892;
  -9.703945697159558, -0.635208737246059, 16.53859758980622;
  -3.083437043084261, 0.6632596156805166, 5.92782098698872;
  -3.053047765296855, 0.7356415361812173, 5.911360585267888;
  -10.38043321224302, 0.06784739449459083, 17.84207982254875;
  -9.502358342528058, -0.1461687912067588, 16.46644090590822;
  -10.00642893264219, -0.5846453272072223, 17.29774264177758;
  -9.93323957032006, -0.8649582927696065, 17.18189222699108;
  -9.135223865951712, 0.1239367029295227, 16.02487551221516;
  -10.27213511412685, -0.3974099681427469, 17.91282599850421;
  -9.950097797330248, -0.842069908809252, 17.43072616160388;
  -9.983780026303553, -0.4951265140893489, 17.54795278494851;
  -9.873192216174003, -0.6840902046862298, 17.37225456716833;
  -10.02164229785971, -0.2670102769548536, 17.63961211566365;
  -9.931221740457893, -0.6000586951226765, 17.4913973232472;
  -9.999140089937409, -2.71484735383165, 17.65615496482691;
  -9.607053371661426, -0.7500959727742982, 17.09212655775148;
  -9.752074115964348, -0.6870460217540551, 17.40017579221653;
  -9.774456408228106, -0.4267493684459542, 17.51299439527708;
  -9.707272209386289, -0.7525893952018971, 17.4300600905778;
  -10.11696887400771, -1.029045841682974, 18.23797393797227;
  -9.856507008216497, -2.880040093307774, 17.87852455932364;
  -9.818238010058147, -0.8173353866788501, 17.83731376558098;
  -9.557039631591993, -0.5966744878794218, 17.40266654331061;
  -9.159074304393711, -0.6720590875900216, 16.90244601476363;
  -9.221192245817321, -0.5823535195627062, 17.08611516434586;
  -9.759553186455813, -1.18773085739758, 18.12312381667258;
  -9.115316084772429, -0.5942200713469442, 17.06130276405921;
  -9.248525157719373, -0.7732671715983289, 17.37893895999098;
  -9.495678837167722, -0.07161988310250479, 17.82106780510424;
  -9.014989807055812, 0.03033995453715739, 17.06047935119386;
  -9.433702687128221, -0.7248989424373153, 17.90558432520058;
  -2.361800027702463, 0.9618692565431998, 5.195288337245019;
  -9.470998188053454, -0.2817782382757441, 17.99434195618166;
  -2.311721661301709, 0.9829357979137775, 5.14365011953609;
  -9.677266034226967, -0.1745729553397351, 18.58237138367816;
  -9.478873346780226, -4.199370293843852, 18.33294705803296;
  -9.488431082587573, -4.436792422566215, 18.48510241650709;
  -2.431262451013263, 0.9598675354265764, 5.483346410875247;
  -9.401612212023721, -4.313338658544101, 18.79875128116223;
  -2.578322614914974, 0.5870441607350255, 5.966768980820103;
  -2.577359198966387, 0.4469075508688855, 5.974340305907339;
  -8.533542434551087, -2.822128294571491, 18.06219802112354;
  -8.544685536593356, -2.84016253884578, 18.38762778284761;
  -8.365743308690629, -1.066091547264573, 18.12770508259259;
  -7.599761689807389, -0.8910010564832275, 16.56873833204118;
  -8.354045774625661, -2.236753659509068, 18.32050461942615;
  -7.354747957239711, -0.331239132307157, 16.32208397504731;
  -2.539732882375767, 0.4612452672068243, 6.24819439616592;
  -7.357290816186972, -0.5322532099386996, 16.34278878967666;
  -7.546205725121339, -0.7950748093601651, 16.80982504760507;
  -7.247500187752983, -0.5886361755786503, 16.26802545902793;
  -8.007704290426688, -2.532923587763965, 17.90754113249115;
  -8.096773216581033, -3.851974065637147, 18.10817250762485;
  -7.730671253670306, -0.2317066814115794, 17.34651878356342;
  -7.629568537611925, -0.725773390627362, 17.16007200192186;
  -8.023072492468513, -2.193269934369954, 18.01480416126692;
  -7.716936801317037, -0.2959458129181513, 17.39984600194282;
  -8.063163910387345, 0.08860075794338287, 18.15963916325715;
  -7.484480745257226, -0.08556138987201584, 16.93959466904921;
  -7.576810153503814, -0.1812922143793701, 17.15570588404651;
  -6.552016031747961, -0.9661464070504985, 15.03336166411174;
  -7.345728003244038, -0.1675875044062096, 16.85576412694057;
  -6.684431186455564, -0.5641744611129799, 15.45864694082967;
  -7.926775382211125, -2.230311003881638, 18.19339608942235;
  -7.847355990305579, -2.799316162951805, 18.07348809889363;
  -7.029119594030931, -0.3290909626079667, 16.32048038567333;
  -6.464154561319102, -0.8887734810394801, 15.1705007197507;
  -6.643389522840501, -0.4245328182898254, 15.61030672998064;
  -7.760588697670267, -2.857364729945014, 18.09509551346987;
  -6.656893059621567, -0.6364297093809697, 15.68042486118892;
  -6.628155280766527, -1.077631629788735, 15.72781778340474;
  -6.892942454145596, -0.1485440755831367, 16.35750684402801;
  -6.62479769844915, -0.4439101360928583, 15.80480403908351;
  -6.631217769805505, -0.2210712152570934, 15.84196860510469;
  -6.540557535629096, -0.609199530213812, 15.64983556177102;
  -6.727557505919445, -0.05997602331368965, 16.10978445754669;
  -2.787765387251361, 0.9598765942155277, 7.223746481473793;
  -6.517070728387793, -1.096380374708123, 15.76654563192377;
  -7.183722228719238, -0.9166413944690487, 17.4533494148026;
  -6.803523725109863, -0.7207353034013116, 16.59402274485919;
  -6.965906508014434, -0.9679319896570805, 16.98340089381146;
  -6.519671900857309, 0.08555903953575689, 15.98540355458394;
  -6.490854042837705, -0.5195864190653435, 15.93147971197162;
  -6.509878902248072, -0.1974913378509336, 16.01791193586256;
  -6.69651872324518, -1.047052963902098, 16.49570724586111;
  -3.336162233793016, 0.3902902968138051, 8.711343626065284;
  -6.511780025949587, -0.1802911665476731, 16.35965556032392;
  -6.379365927078018, -0.3660117289964207, 16.04930023552078;
  -6.835928919823825, -1.041385962674148, 17.15352610403639;
  -2.968934308544023, 0.5655033196894942, 8.004116462113476;
  -6.413788639953701, 0.1876131768289899, 16.23999701921603;
  -6.82455789534796, -1.058619792152572, 17.24285021619715;
