m=[-3.643686131184732, -0.8248777428912036, 4.565845586865438;
  -11.81920862008423, 1.829167311292136, 14.52551943430745;
  -18.13149325302335, -5.240908719166725, 22.24076692337865;
  -13.2970759795956, 2.090134875326545, 16.96391557419333;
  -17.87498238566742, -5.388806030022936, 22.56566138825271;
  -17.3830616137159, -5.531435294589328, 22.11179814202836;
  -17.57265073618025, -5.358429575342567, 22.4659473662949;
  -16.97620304031287, 0.5465563086931565, 21.86610842867002;
  -17.28277036097128, -4.239229478275171, 22.41370255916351;
  -16.95358749302082, -4.710855547852665, 22.26307290336272;
  -17.29552496287736, -4.279870023984025, 22.72244300721472;
  -16.50832854060545, 2.205301549083111, 21.95336200114399;
  -16.69501273716943, -4.075761474404828, 22.21085768899617;
  -16.58685189585645, 2.077318325163881, 22.14905725840837;
  -16.51888624203035, -5.120911067521409, 22.08068143266804;
  -16.75263919505333, -0.9006193155780712, 22.47050367490592;
  -16.48434200193955, -5.394966202811269, 22.2324348754991;
  -15.89261094538659, -5.387880741300704, 21.94103569362417;
  -13.7192021568074, 0.6251461412390285, 19.99491312067362;
  -13.98246645386434, 0.9300683046136034, 20.41634669036483;
  -13.87461713037907, 1.296075573498764, 20.31254539172774;
  -14.72840203256613, -1.598406603024272, 21.56112045400375;
  -13.57986322456424, 0.2113238823496751, 19.97762261691019;
  -13.43990026306443, 0.07373542008380278, 19.79060271372283;
  -13.51459246044075, 0.7450191221717091, 19.90973718272844;
  -13.73141349467934, 0.3868605935089903, 20.27852989929498;
  -13.49400065513568, 1.590407972113304, 19.95738392331722;
  -14.01871185278318, 0.5366297932895868, 20.78394897549649;
  -14.08209181168979, 1.038734875874363, 20.88693226020154;
  -13.99349814354516, 1.563376206644872, 20.79651158886499;
  -13.91985778790683, -0.1216116859358023, 20.7452694610002;
  -13.68476899771044, 0.184113708741731, 20.40920993667863;
  -13.14582094393897, 2.21940860542558, 19.73949433990591;
  -13.76438369010775, 0.4021739984607842, 20.8263103594471;
  -14.4495247387213, 1.606828698752141, 21.82795681648232;
  -13.41627017467879, -0.1450387776368424, 20.36029294169494;
  -14.43137762419204, -1.690309489488696, 22.24495303434916;
  -13.0099049593634, 0.708508886355344, 20.25758573447586;
  -12.73629862633126, 1.774840764264233, 19.88731616410687;
  -12.633453165935, 1.978044414257529, 19.90509799695849;
  -12.90538685149425, -0.5988329435883155, 20.45419212378554;
  -12.54790759808552, 2.105500916739429, 19.94419690552208;
  -12.86679026404616, 1.677220243417333, 20.55728382376674;
  -12.43441648468219, 1.136791541296635, 20.04121875494316;
  -12.15079974006587, 2.041507694629118, 19.70934029551138;
  -13.12108577561984, 1.410638855470395, 21.24887411762542;
  -12.7029974042646, -0.143088377998272, 20.59511761035632;
  -12.73956514628123, 0.5789813810468577, 20.65563250444837;
  -12.24084321098368, 1.690005670305009, 20.08195677023157;
  -12.04510718091095, 2.018887135461671, 19.81284615759334;
  -12.32633053592348, 0.4701084468380753, 20.27219791902688;
  -11.93477177987034, 1.146761279450006, 19.73238868856169;
  -12.78469503381353, -0.5584513196763545, 21.2082480853162;
  -12.00362269020229, 2.122460182632443, 20.01759929533138;
  -11.73247080170883, 1.052294636444636, 19.62220483659001;
  -11.78510425759325, 1.491138635936513, 19.77435081835954;
  -11.57645857145272, 1.073719342357048, 19.44759596144967;
  -11.32589119442397, 0.9089864421079602, 19.07996767380121;
  -12.78194630414532, 0.3992798892548966, 21.46817069595045;
  -11.62087165897774, 1.035258847363903, 19.6079086602492;
  -11.4802145910854, 1.112053269085318, 19.5106440065278;
  -11.49162365532967, 2.08842272901087, 19.59835324924548;
  -12.02284223965294, -1.644397347496391, 20.46241244981485;
  -12.192033724564, -1.923050338404123, 20.82468612004924;
  -12.15603849386634, 0.1976927872760427, 20.90148930931279;
  -11.55132850156351, 0.9481449502367511, 19.91992761571251;
  -12.31278294908425, -1.845027753199053, 21.20881178825336;
  -11.48952309809098, 0.9605993607084875, 20.01345582694036;
  -11.54339333854995, -0.06126754025054124, 20.11955794837018;
  -12.09034084090215, -0.2170903512824421, 21.04268118414752;
  -11.70137564360473, -3.495309780953433, 20.8322966042367;
  -11.64132089707755, -3.390638859618069, 21.0110524390704;
  -10.98610786745559, -3.188197387424828, 20.3577086437016;
  -11.14061315519725, -2.588929188426136, 20.63673624571179;
  -11.16291968279792, -5.446408690308291, 22.91877920945517;
  -11.36930916713022, 1.616487257570762, 23.46269305086383;
  -10.97497129952074, -2.057525867463056, 22.74191893708689;
  -11.28708390341171, -3.872503123911855, 23.37179731396479;
  -11.36125576773878, -5.760266770763431, 23.77406189508284;
  -10.72714867287623, 1.531782290323347, 22.53609018554595;
  -10.88329657970582, -3.853676781637601, 23.16275768672665;
  -11.18954302746248, -3.78892131220625, 23.82198246037492;
  -11.24430355500839, -4.326339795858774, 23.98900218321672;
  -11.67653558771584, -5.897578058250031, 25.07350134002265;
  -11.49743266672527, -5.502409452266438, 24.74477018230584;
  -11.44883482650761, -4.312731917228374, 24.72358881205629;
  -11.36259945635814, -5.478109911678266, 24.75257644766278;
  -9.050739564821129, -4.909699052121096, 20.321311976838;
  -8.836175526880529, -3.027161695923937, 20.09418038887218;
  -10.97783333629846, -4.760700783958505, 24.95004865575763;
  -10.96017362406803, -5.45396585902137, 25.08737655979508;
  -10.99495463537436, -5.631397510804607, 25.17781506295394;
  -11.33671745004604, -6.02190843521268, 25.94470378354598;
  -11.15909175247038, -5.966336306091288, 27.00850916663957;
  -10.89948321978685, -5.5650757350727, 26.7915144537664;
  -10.93544221332352, -1.703087337155476, 26.9342134084139;
  -10.32874755837676, -3.702955733308035, 25.5247550231935;
  -10.69952674894098, -0.3027648853382548, 26.51629765501767;
  -10.92759512680434, -5.491815583956449, 27.04161905670025;
  -10.72412177081694, -5.712892119854662, 26.64384342264325;
  -10.64861417743345, -3.332951446156426, 26.51479625972661;
  -10.60030062828915, -3.449631803389272, 26.43373322153899;
  -10.5721262345273, -5.928373370718113, 26.46343381460865;
  -11.14407132732188, -1.307402475704028, 27.89377510520855;
  -9.09354771685582, 0.8572891919219309, 22.91419174327165;
  -10.14783684016609, -2.970865503347746, 25.48709927568959;
  -11.1153978961871, -0.378943729679721, 27.9177535308749;
  -10.77922739046814, -1.536264075325055, 27.13191967170472;
  -10.76530140228184, -4.381897766045954, 27.08533072097908;
  -11.79334218148212, -0.2395505742691099, 29.67295241939107;
  -9.96613712634421, 1.83452679990078, 25.19581942972507;
  -11.11446801374758, -3.548913402176987, 27.96648403682155;
  -10.08776289388678, 2.163541976017227, 25.50265532130362;
  -10.68572903390829, -2.656141075644329, 26.98970137094121;
  -10.29387115756678, 1.376813501140574, 26.05560895166619;
  -10.77896012530689, -1.405716866546284, 27.34882256048466;
  -11.46656221178679, -0.04864839856666043, 29.08947129802181;
  -10.88187751015842, -0.5933044971754959, 27.64067722797631;
  -10.74260501961888, -0.4801993980998469, 27.37788662321231;
  -10.48412330787397, -2.440533171042512, 26.92731021085329;
  -10.08475409933112, 1.349715343737159, 26.10492215026005;
  -10.38579318854815, -5.377359484638613, 26.8745914358936;
  -10.66763509203622, -3.867067841743618, 27.76298876425755;
  -10.56219369276381, -1.80919560125607, 27.53694159241083;
  -10.56838253922651, -3.554108354593318, 27.55227161318728;
  -10.61315829271887, -0.4486078744035473, 27.68326043039223;
  -9.879543024685983, -3.277018300145565, 25.98773037685681;
  -10.54641712691553, -5.867802857447881, 27.67516331562227;
  -10.13565600100592, 1.499158863113975, 26.81517316519649;
  -9.908001687335439, -1.802812688891383, 26.22558567252133;
  -10.83448828831359, 0.431447995311804, 28.70479686801993;
  -11.04799489646132, 0.3854786786621961, 29.34902360261006;
