m=[-11.61372948992464, 2.319174711434798, 13.82592902154725;
  -12.19424706742603, 1.729046773706779, 14.55483951671524;
  -12.20050336925501, 1.387737971698975, 14.59378931872501;
  -12.08054500008831, 1.470401590255622, 14.59614970735853;
  -12.33304221658406, 2.100262274620978, 14.89514899703748;
  -11.99203070432261, 1.666889216738435, 14.55967825641562;
  -11.55994807510655, -1.456386363712855, 14.03564653750873;
  -12.00117210048002, 1.434746236506176, 14.5925345756914;
  -12.09357219436669, -1.980040505528766, 14.71508353150315;
  -12.06932217130148, -1.080392565894948, 14.69362858344798;
  -11.9832759742013, 1.178077041612442, 14.62047735904562;
  -11.84193468631163, 1.418405506124052, 14.53799235095376;
  -11.82942033046378, 1.336980001866459, 14.56938522534239;
  -11.87463631287051, 1.230519696100707, 14.63862220321575;
  -19.39541006576678, -4.083243427087859, 23.39853709353668;
  -11.68107624768216, 1.539089289208399, 14.43687922680454;
  -11.79381012640033, 1.727282552691423, 14.61132523763635;
  -11.82132905861658, 1.136246677628613, 14.64788165184019;
  -11.90421192942005, 1.9173098834261, 14.79109462169775;
  -11.73153542311992, 1.417420644666017, 14.60856546100273;
  -11.64706423436862, 1.310352133272258, 14.51297962681167;
  -11.71335519325093, 1.469438712981705, 14.60257285955709;
  -11.74726655999979, 1.267947688778417, 14.66224783972573;
  -11.92021835712925, 1.023109560246451, 14.86600035193603;
  -19.31122237061842, -4.2785636651325, 23.57555185086909;
  -11.63668474985794, 1.639371053942592, 14.56587062075082;
  -11.64450594430066, 1.550324695919501, 14.65712328590717;
  -18.80731664657958, -4.083229090067423, 23.27633520042986;
  -11.42263092856976, 1.668567594927786, 14.55174003751385;
  -11.5193728872892, 1.437792629022716, 14.67369226274534;
  -11.51181706332231, 1.788269439709103, 14.69763318597238;
  -18.28207303558258, -3.77330724516429, 22.95004032108638;
  -18.42397836460784, -4.364568261215259, 23.14331331411815;
  -18.50565735898531, 0.4951594797969922, 23.32642946795604;
  -10.93204868970567, 1.382655738201441, 14.29311081002715;
  -17.2331678246432, -5.169244099513734, 22.16028580402799;
  -17.25561563995232, -3.837696320624758, 22.4320785868991;
  -17.11152590886068, -5.236109427633177, 22.33381961549994;
  -17.30729785821573, -4.412404425242604, 22.67066835880172;
  -12.44504877659194, 2.371176873624147, 16.64756494255006;
  -12.11776583328163, 2.01210419650896, 16.36024382449929;
  -16.54837410382873, -3.957900658729764, 22.06399330894207;
  -16.77699560588854, 0.2942420102459034, 22.40536493782082;
  -16.81242961090572, 0.5165597307991343, 22.5857849291835;
  -17.384418456921, -1.270813188475049, 23.36618538014055;
  -17.10010252478092, 0.652630308108498, 23.02373398690991;
  -16.776579543215, 0.1087597606373028, 22.6522280878561;
  -16.80593014678688, -4.23276155451638, 22.67266233922971;
  -16.49980034547686, -5.326397226149603, 22.46679593617149;
  -16.62743113441169, -4.099984082042377, 22.7850760877165;
  -16.0204285752175, 2.194591310462111, 22.08495881997532;
  -16.50348068939908, -4.249879269548188, 22.78393779520797;
  -15.74175735769002, -1.491195215867729, 21.89632454828172;
  -16.02040896779296, -4.853507705916916, 22.41424048045185;
  -15.83896480178814, 0.6074915911746496, 22.21274838408866;
  -15.25767581977727, 2.15840174461676, 21.63757430229884;
  -15.79922005930149, -4.084398563398492, 22.3945711500613;
  -15.47687761307772, 2.041875111915084, 22.02932265697636;
  -15.38610219627767, -4.389860234520477, 22.19636766321165;
  -16.90829208051532, -0.9679130342131265, 24.72128525728792;
  -15.41331067447693, -0.7888767028200466, 22.60979003736387;
  -12.75818908756272, 0.2152914181832631, 20.02472405272619;
  -12.57060655636258, 0.7360194838157885, 19.76192818882347;
  -12.73103174853974, 0.5824229532883429, 20.05167935899337;
  -12.77949070241218, 0.8855253363596993, 20.14821068281002;
  -12.80855143932142, 0.3809084802201938, 20.1928021465662;
  -12.68551272733163, 1.586506697210791, 20.02636387442736;
  -13.82692874908835, -0.8477245810203413, 21.82872157989901;
  -13.14831796520954, 1.02822771269166, 20.83680635279005;
  -12.5202191848281, 1.745845394259869, 19.90790911775812;
  -13.18825801700417, 1.558093422994157, 20.9389827557216;
  -13.20011202031222, 1.75771100700026, 20.96559466048581;
  -12.97262312503581, -0.125759539205181, 20.65453855566324;
  -12.93301974777777, 0.1908589844897506, 20.60315775230383;
  -12.2121296266678, 2.199776119682527, 19.58114786729134;
  -12.35123889740616, -0.1497098603223769, 20.0345228105101;
  -12.08616106107637, 0.7032262818653687, 20.13612036649743;
  -12.01434196038228, -0.625129202039943, 20.0456375887221;
  -11.9503353499202, 1.785657049403302, 19.96285178055869;
  -12.13020123318598, -0.6080343922045627, 20.57787181292452;
  -11.5481320698568, 2.074854894677727, 19.65822104345512;
  -12.06909399987708, 1.683546381328819, 20.65559198208715;
  -11.56623218620853, 1.117739783115335, 19.96683712118015;
  -11.41441628595783, 2.251657855892, 19.75996498021345;
  -11.63593450058174, -0.1389675391247567, 20.22774744219806;
  -11.8225811106921, 0.8871263991331314, 20.57035472218141;
  -11.35989763961058, 0.6118095865146772, 19.89842590329082;
  -10.56689988623347, 1.325864288178628, 18.60153955884182;
  -11.06686475083455, 0.7416115551889956, 19.76732945057854;
  -10.80896262370778, 2.167309840401154, 19.34059341480189;
  -12.05462103402907, -0.5685184627675125, 21.48514301383858;
  -10.89231236543736, 1.047501366310701, 19.54737012984859;
  -10.92483361489117, 1.483155717443004, 19.67364321084764;
  -10.88752383308736, 1.0862724974769, 19.63030706033068;
  -10.77068586122271, 1.030159485617768, 19.50742845006893;
  -12.05562679884853, 0.4009869830787838, 21.76661705379809;
  -10.66237829144029, 1.113311154251071, 19.45615501364631;
  -11.42860224854116, -1.687878548899654, 20.90926778043151;
  -11.34551034524366, -1.930782535355282, 20.84589154054308;
  -10.68829849498054, 2.213841827267827, 19.83482430317688;
  -11.39985128785658, -1.845651804161401, 21.13157440356233;
  -10.73924701193593, 2.067165197218674, 20.39889338310871;
  -10.89450349101372, -3.525143065634242, 20.92249557105714;
  -10.77561203679733, -3.402079651099721, 20.98127959463827;
  -10.25648855459416, -3.124040600486654, 20.22358518867144;
  -10.29554694385475, -2.444614841802413, 20.40804035179976;
  -10.02474459216745, -3.160109131733715, 20.06527019539159;
  -9.8304566327286, -1.950831072120195, 19.85893034306977;
  -10.21862267015841, -2.184300096010988, 20.8336940246869;
  -9.469972463691152, -1.310738235632943, 19.66217452733351;
  -10.03325144656881, -1.993480152823494, 20.84548810821698;
  -10.21029228461409, -1.757477697013445, 21.20345006108038;
  -10.71819647400434, -2.285693413499933, 22.5247441148452;
  -10.02447307384075, -1.827928498164321, 22.37005340957116;
  -9.76549242735053, -1.947867574061898, 21.99334178303034;
  -9.155880783937894, -0.8637332136300623, 20.85469800761629;
  -9.750177466820166, -0.07319503280139141, 22.28684412895725;
  -8.395868129662791, 1.4790362288673, 19.50914909420985;
  -9.945565406572666, -3.702349337832295, 23.16808557926683;
  -10.21647426450566, -5.377718608619524, 24.08574666400363;
  -8.677915128785333, -3.267581252477054, 20.81096595916488;
  -10.20045913313274, -5.41574317192261, 24.36417073394901;
  -10.23499828206181, -4.348849853924461, 24.53356715856731;
  -8.029178104036234, -3.179275784747749, 19.58701049674525;
  -8.538794511521225, -3.897184412498096, 21.09857492768435;
  -8.72645706464073, -3.671642401245431, 21.63495778416545;
  -9.500282925256775, -5.031384253022429, 23.39768453066286;
  -8.566253162353192, -3.247764035117239, 21.32587816046748;
  -8.806183597459686, -3.019981025858023, 21.97750319587959;
  -10.23586091883069, -4.908866290963543, 25.59426634356239;
  -9.826641861399905, -5.405697665445151, 24.77332073502511;
  -9.876697213265514, -5.598805392210918, 24.91282763438489;
