m=[-23.26001374021656, -2.82451165062096, 27.76216589853311;
  -23.2913372912938, -1.713379729967784, 27.89038002963438;
  -23.56908599301474, -3.13635208389262, 28.27618111648896;
  -23.14075229578048, -3.224877367196454, 27.799740963557;
  -23.63858168757841, -3.02847477070484, 28.39983646592031;
  -23.3256433690927, -2.738063815276401, 28.04898540646356;
  -23.61340409222138, -2.906203478591503, 28.43997373930344;
  -40.74021959634056, 0.7216410911127087, 48.54155702471984;
  -23.27627131370775, -3.261363366905034, 28.24876710343588;
  -23.50761850878171, -2.910772316301416, 28.53753992959652;
  -23.77678545959285, -2.539851973688065, 28.90338356661214;
  -40.70768716239101, -11.09182174027451, 48.94827024743417;
  -41.34916721265184, -0.8024401266870281, 49.78817749909585;
  -25.98919680109868, 4.827431243055584, 31.63900836674965;
  -23.57538968301142, -1.843834993504776, 28.82574119449421;
  -23.29786687428522, -3.01983924349106, 28.5850750139827;
  -23.36211203056573, -2.784142661733866, 28.69245536921508;
  -23.05160408470266, -1.704914027784161, 28.4210743474026;
  -40.21325391681738, -7.162276326189833, 48.98707886221957;
  -23.62902933181027, -1.859541425310395, 29.25845514787038;
  -41.07139173809841, -8.63720527419137, 50.26242692025996;
  -40.78156742585704, -9.15367815775158, 50.01499831334131;
  -39.870345592703, -1.721751634113074, 48.99397775496899;
  -40.10738338739462, -11.8744628497238, 49.71404240301418;
  -22.53657995812793, 2.067884491376904, 28.34126194641919;
  -22.44467245714953, 4.628465521867603, 28.27236394091503;
  -39.36181880706522, -11.14106909772687, 49.13622053228335;
  -23.64236070533769, 3.428623049200152, 29.91162052660338;
  -24.28413060124513, -1.807492450978822, 30.75226476828034;
  -25.27938761032664, 2.903727434821117, 31.99663378325908;
  -40.23554984952361, -8.721127907806279, 50.54859103096138;
  -23.30834764322395, 1.628047624039477, 29.66420052740687;
  -23.25613063205509, 3.264142119059668, 29.66287053998994;
  -23.44609401124898, 2.265701197553731, 29.91816355631246;
  -36.34220161594754, -10.77898311432358, 45.972155965677;
  -22.99068172088517, 1.997661853082376, 29.45943937704894;
  -23.52313522856522, 4.116192313368487, 30.15300622925363;
  -39.35954344384092, -9.253072956532281, 50.00903295703498;
  -23.36922525737446, 1.837313217208903, 30.03978489703253;
  -22.9612413265332, -2.67117759624723, 29.53506580418317;
  -22.8933680509341, 3.261192312327037, 29.48727838536264;
  -22.96432933536396, 2.785516698808404, 29.62164539591084;
  -22.7228359816957, 3.107720947483905, 29.32091985062837;
  -22.99395792351152, -2.802805433428264, 29.66130275084653;
  -22.98443349141355, -4.108412060934572, 29.69615624934729;
  -23.19377195568031, -2.285226674623103, 29.96970021066968;
  -22.92175971465688, 2.272137321724688, 29.67502769149656;
  -22.83754987171366, 2.784171978030005, 29.74114245548493;
  -24.27863178393871, -2.766719390692905, 31.564411035134;
  -41.25657719306404, 0.6398241648155322, 53.22560205849703;
  -37.64871108880432, -11.14751159151096, 48.63493262659257;
  -22.55448781882935, 2.593328015752955, 29.48202755176207;
  -22.68225026169316, 2.372582674355672, 29.67842549601734;
  -36.62836220897052, -8.353196122135229, 47.44670734972512;
  -22.4796195185838, 3.028068099111281, 29.47128358296914;
  -22.09188226255793, 1.67358168508926, 29.01149573054998;
  -22.477829638312, 3.378730128332252, 29.55989363128126;
  -22.3158843569512, 2.167977791609692, 29.36544632207821;
  -35.83620785370523, -11.24378418360567, 46.70309825777962;
  -23.06233973451049, 3.833420774246362, 30.41952341674237;
  -22.45321750222228, 2.741140351476316, 29.67528964805011;
  -22.20830097913946, 2.542745625352959, 29.37443694224132;
  -22.3967180421929, 2.874872385230128, 29.6418485654352;
  -22.48469662512455, 2.465000123373327, 29.79744826875539;
  -22.90556205296562, 1.983187307213898, 30.34239063401971;
  -37.63502475273423, -9.037445489837038, 49.33175266198727;
  -23.1910228323888, 1.471036025128302, 30.74424844838798;
  -22.23907654773476, 3.218020679715167, 29.55270259830515;
  -23.04068100989139, 4.152225549814443, 30.77416172313971;
  -21.97004750996727, 2.506406350031542, 29.37670820431528;
  -22.14227777222029, 3.022376374915266, 29.6025364524989;
  -34.96941416654411, -11.34603975402298, 46.42852051638393;
  -35.54503209699926, -8.385703975072801, 47.26433268412893;
  -21.73694994872257, 3.264433985428806, 29.4126405863016;
  -22.07880459304379, 2.821109142860213, 29.87687473678614;
  -21.55868482233542, 3.019475548277896, 29.20046464898799;
  -22.16513475529975, 3.545054316433096, 30.05869695546008;
  -26.00924284673551, 1.68251847817081, 35.18804185811952;
  -21.61124341012328, 3.139566448035534, 29.39332024038563;
  -35.46600613367444, -11.2097639094546, 47.75996909595181;
  -34.80337283880804, -2.973536497776697, 46.90491432822901;
  -33.49987814252144, -7.523655870035244, 45.20694420387657;
  -35.93695671284987, -9.21850657676444, 48.47798749799194;
  -21.979764548969, 1.863411259522545, 30.02015577556974;
  -32.25198334107096, 0.642437797545939, 43.71644072183356;
  -23.13076699777771, 2.57288496853315, 31.6670916330074;
  -22.39464729585324, 3.106236519097674, 30.74253958355371;
  -25.13790651550342, 1.565270793557287, 34.55755123137473;
  -32.70650451090627, 1.518959236335081, 44.83173572756852;
  -37.00712523320178, -3.761701123284079, 50.71881055128077;
  -34.32661344114085, 1.083415737848462, 47.24131267496388;
  -32.69071473411198, -10.62240948637946, 45.16885506447073;
  -34.63725982270678, -3.200296642003108, 47.89767889504632;
  -32.92825511568334, -3.43980799584773, 45.86021410399323;
  -31.54634939570685, 2.540440817371322, 44.16926089464371;
  -33.13677076348859, -10.99203295127651, 46.48500410733817;
  -33.7003680210429, -9.327398898686694, 47.45017860566887;
  -34.0851082435744, -3.17455368294634, 48.41801686401387;
  -22.27034866548281, 3.821066500173009, 32.12472864652187;
  -35.09577279839056, 0.4471483681264574, 50.32377734188508;
  -33.3746020577241, 0.9105533849066784, 48.1969099796553;
  -32.09745934461788, -11.10561161740173, 46.42898507588999;
  -33.76567781986754, 1.18669448167479, 48.89675640096414;
  -31.0842137267608, -10.29492241376295, 45.1471396865835;
  -32.33917051594609, -8.894672358973379, 46.96229779207943;
  -31.7761070807505, -11.14575782101395, 46.57967830465905;
  -32.23951326400596, 0.9725312333262631, 47.54034862013521;
  -32.11996147351098, -8.646611122069473, 47.39633711329248;
  -30.51106074703996, 4.305633380181576, 45.26118251115248;
  -32.06054642945286, -9.041521814368554, 47.6865531564016;
  -32.39637429883842, -11.53296728229735, 48.3354683902916;
  -30.32501761079103, -3.324177900273082, 45.42201845259729;
  -31.83962954623596, -10.52426069266267, 47.97997513707958;
  -30.24203634520729, -8.633578490207826, 45.6334595320118;
  -30.22568498395582, 4.393991355692036, 46.11318799582028;
  -30.07067236923459, -8.49983612639984, 45.95006679003787;
  -29.9776956426124, 4.061982554717552, 45.94808492162038;
  -30.64384218281047, -2.094785042530846, 47.24245206445355;
  -34.18074119105954, -2.321338836118046, 53.97574517336613;
  -27.10749409039984, 2.143110943403138, 42.99528893681409;
  -29.5101907600951, -1.813020450239364, 46.71899347192081;
  -30.50606473051162, -0.2740320352788551, 48.90839542340081;
  -28.59393509676159, -2.083933899204634, 46.58552306680754;
  -27.82105371449281, 0.1535997548906015, 45.48742199283285;
  -28.16718388119617, -2.384195966468085, 46.22126120456859;
  -27.74766656452795, -0.1618477416212728, 45.89465645483696;
  -26.67748017343753, -2.062978865923543, 44.40685628747453;
  -24.41522818121536, 1.125506173970578, 40.95984237931264;
  -24.55200193263475, -0.237850842411153, 41.56128150775766;
  -24.12993232121908, 0.2834941953021162, 40.8964620258867;
  -26.92850927814941, -3.528705824447802, 45.55327843145923;
  -23.81368585913935, 1.357654315772451, 40.41206786629952;
