m=[-11.62227412630159, -1.411316822211978, 13.87185347421938;
  -11.51921397318668, -1.605308762446607, 13.83840769155838;
  -11.781315198098, -1.567746516920579, 14.13421812074487;
  -11.73219794691926, -1.503079413001785, 14.09528318923629;
  -11.67376499944517, -1.370316480760987, 14.03765199213277;
  -11.72473736349611, -1.443013992319252, 14.12126864114027;
  -11.53860632121672, -1.616736093765724, 14.00359182419077;
  -11.64172392775937, -1.243576662005073, 14.15183783495339;
  -11.6252581836751, -0.9092132997926288, 14.2142585224487;
  -11.70411118502906, -1.33111186159759, 14.34214725401309;
  -11.54260509508993, -1.496137480154686, 14.16207905557651;
  -11.60277607280696, -1.382742442831463, 14.25008724350118;
  -19.66101545934, -5.357132618166943, 23.64105566114971;
  -20.16011609966102, -0.3912360806165723, 24.27462283847845;
  -19.95975782628376, 0.3095082065816451, 24.04995806594072;
  -19.84328593217253, 0.02254784288863339, 24.02791861020518;
  -19.46641489895849, -4.09373567146294, 23.82264673419274;
  -19.39988376940205, -4.354425382147092, 23.79224770528226;
  -19.85829423084289, -0.8575559111509071, 24.40251799511893;
  -11.31317676374003, 2.332965593226325, 14.25060897649571;
  -11.68589968457524, 1.694693076911297, 14.78465713443129;
  -19.35580588645441, -4.239965871625516, 23.98633769703242;
  -19.43765041089825, -5.754842081337871, 24.09342358260321;
  -11.53001184424744, 1.772427947339384, 14.6988300297094;
  -11.52679290504818, 1.61785684877369, 14.7022637210524;
  -19.15046520163067, -5.420396275659012, 23.90594515094517;
  -11.60825427345138, 1.121757662331661, 14.81260161243722;
  -11.52141345743719, 1.00109637621594, 14.7631281841876;
  -19.2507483351053, -4.172634378785057, 24.18503557849901;
  -11.94028560439043, 1.779867891808353, 15.32128790026657;
  -11.33272976938637, 1.614363212934701, 14.59686302305997;
  -11.37078625599254, 1.555141737834832, 14.67254847586607;
  -11.46010485401991, 1.390082548233136, 14.78236778563227;
  -18.01317577755239, -5.34265148802591, 22.78630598756593;
  -11.44708803983231, -2.046139383117535, 14.78977131012981;
  -11.39047389866412, 1.707773313807138, 14.73995293437674;
  -11.44119731958052, 1.134117613946225, 14.81203238795536;
  -19.31632000984225, -4.541092265407455, 24.54272584129774;
  -11.34697592417229, 1.383332826022244, 14.7770679996524;
  -11.24140838959669, 1.292543619142778, 14.69417148927749;
  -11.23960447773811, 1.175672190493734, 14.70637878732024;
  -18.39504204558283, -5.44663916769371, 23.76287539937323;
  -18.24264402000041, -4.16028383731667, 23.63068780318528;
  -18.16840130578992, -5.700424109531441, 23.67774611741869;
  -18.21299283571742, -4.373557106472486, 23.8734759365578;
  -17.63208430203757, -4.159721645965189, 23.44543383986605;
  -10.21583998050069, 2.274553865300698, 13.99644471941384;
  -16.84162525752333, -5.323143583655174, 22.67961886639365;
  -16.77441831234876, -3.767325668027948, 22.63650600377257;
  -16.91058213686102, -4.33145225154535, 23.29268363542675;
  -16.60264999610631, -5.394808533618567, 22.93992950168616;
  -16.19844885994298, -4.254732809301933, 22.44563920406409;
  -16.39798924140173, -5.439493164939571, 23.00346653206581;
  -11.45333776225447, 1.965122589497108, 16.52131150868132;
  -16.23897702484988, 0.2068976260593312, 23.28504543134063;
  -16.02802883768541, 0.4372898854732151, 23.14638723497402;
  -15.96915332507568, -5.525272663575086, 23.09938532654801;
  -16.0495853800057, 0.5640625520751315, 23.24172702379036;
  -15.68665925778875, -5.19533617319843, 22.78351972974378;
  -15.76854541710414, -4.33703285597798, 22.8987668456378;
  -15.57476387279978, -5.462989717543576, 22.83059687023514;
  -15.58731981497756, -4.196066455017031, 23.00070830572591;
  -14.95420779823137, 2.110294912525556, 22.18359873086726;
  -15.54644999484893, -4.384316002651965, 23.12364250260081;
  -15.35366497204499, -5.074995377033438, 23.1368415437125;
  -15.25165607352808, -4.889550113348964, 22.98866826760182;
  -15.05136151768638, -4.296903474492146, 22.71162195821749;
  -14.64287427711489, 2.128675099680319, 22.33959676011248;
  -14.81498875736696, -4.187634220673743, 22.63832728898837;
  -14.86751663813836, -1.016329848174879, 22.9206878792997;
  -15.00513759939724, -1.01905363772178, 23.69502401452326;
  -11.91195098244094, 0.6791183757206626, 20.2147023509881;
  -11.99445117643693, 0.8225298010011446, 20.42233677134206;
  -11.95183226534065, 1.537392211944553, 20.36595750405541;
  -12.08713873013099, 0.3161196008819779, 20.58451959105398;
  -12.37784570348314, 0.468173528452842, 21.19150648100004;
  -12.37376953685721, 0.9671106441602591, 21.1954763695337;
  -11.87728555894345, 1.715506876863703, 20.38914234519171;
  -12.36261651905337, 1.49323289992404, 21.21182496024665;
  -12.25059398493355, 1.686813916778639, 21.03411802546379;
  -12.1241664729504, 0.1315131235901344, 20.88241435404175;
  -11.59933663033641, 2.185729305615383, 20.08785277673088;
  -12.69632230393205, 0.6334226565930262, 21.93612878659473;
  -11.6003960637521, -0.2460210665464004, 20.35776381531278;
  -12.58648891800152, -1.888511284185524, 22.3721476832321;
  -11.83420529200841, -1.683251285673592, 21.20829192352824;
  -11.18309710172004, 0.6288755112857261, 20.17928361252515;
  -11.20713042653756, 1.749881632858011, 20.27354574321476;
  -11.0092581898618, 1.92626106804221, 20.10607491921633;
  -10.95588409521605, -0.6653137793721602, 20.17412062912758;
  -10.99776729123071, 2.07473335709509, 20.28436674815034;
  -10.7730944612916, 1.060916261669457, 20.18083772032898;
  -10.7174159348237, 2.031476328061546, 20.20764390514208;
  -10.75848659718886, -0.2155134769854681, 20.31888931539189;
  -11.00060139085373, 0.7775936015225429, 20.77289795479309;
  -10.93448891352699, 0.8155107451370443, 20.66820432617499;
  -10.6724595150479, 0.6907667223846868, 20.30473006312756;
  -10.7269353811481, 1.362433104119891, 20.44097343974087;
  -10.448204164687, 1.620124861347112, 19.96892854554672;
  -10.47224568420931, 1.983708346894133, 20.05927151611695;
  -10.65771512799506, 0.417258992023342, 20.4405864227734;
  -10.08693651946544, 2.022593038375459, 19.62761796724749;
  -10.95016894553986, -0.6457667682154911, 21.2595594149651;
  -10.14423829018398, 0.9986756195522624, 19.7893620317735;
  -10.10524168252731, 1.42257701544268, 19.78576943417345;
  -10.09761133717988, 1.037137234300626, 19.79166649005874;
  -9.978442310577407, 0.9772400221304856, 19.6591005179269;
  -11.19284267113282, 0.3305048798774791, 22.02322522330892;
  -9.86195137293694, 1.056617234856886, 19.5824901670025;
  -9.868410633166056, 2.042331301389077, 19.67233355616308;
  -10.76468622966126, -1.805740583229449, 21.46567931563595;
  -10.55395775553328, -2.035279981744269, 21.14754874820874;
  -9.794642299960156, 2.149534947113922, 19.78252545669456;
  -9.875225956534738, 0.8853631610937941, 19.95076097590397;
  -10.60222341454709, 0.1290380459247906, 21.3961068540431;
  -10.39634488809225, -1.904828438125999, 21.04359712613015;
  -9.692549169879424, 0.6140905709955458, 19.80459158967291;
  -9.727925105996603, 0.8922908706472982, 19.88164132452286;
  -10.12984266815656, 0.3722872636589976, 20.72466334226422;
  -10.26144139145341, -0.1201999971646469, 21.00008461253468;
  -10.29870163683357, -0.2945900615865894, 21.07746864250876;
  -10.19303211269734, -2.014772268934079, 20.92756324544609;
  -10.05004958609338, -1.761362569897707, 20.68665029015154;
  -9.913221613536837, 0.4665798827734599, 20.47917993467702;
  -9.812276224276413, 0.6180849055043537, 20.295190975723;
  -9.80716962674456, 2.000602344616409, 20.35090538614067;
  -9.924236985496529, 1.138339505725374, 20.78340577620539;
  -9.690600472128958, 1.950288453122018, 20.4179636200958;
  -10.15834822271539, -3.669381427797912, 21.33636865708433;
  -10.11300742461788, -2.457528304076644, 21.30157297364811;
  -9.892001272466082, -3.529881005687593, 20.93767123675724;
  -9.753499950269438, -3.611055652705471, 20.73417986151479;
