m=[-22.68930582393785, -2.44383799027025, 27.39029354427353;
  -22.45513755479987, -2.699389922793382, 27.11766634853878;
  -22.6081712545109, -2.221095442078829, 27.31320481065841;
  -42.93452382744597, 0.7765550943548647, 51.24260327769923;
  -22.51307493009001, -2.823941597759151, 27.32099886333814;
  -22.43178996063692, -2.571468045053076, 27.24474667302306;
  -22.76294997526791, -2.761439583798395, 27.66252566767721;
  -22.55791313247045, -2.110719754500881, 27.44136404768882;
  -42.0029353978541, 1.333808498795582, 50.42117247590495;
  -22.58513033210301, -3.931663530514366, 27.51893142843201;
  -22.29028777234773, -1.587832462910336, 27.17159314577077;
  -22.46386486482798, -2.717627414492366, 27.40537462716272;
  -47.74058860573823, -1.926265621971016, 57.42056003770168;
  -42.73021010046971, 2.415129706616749, 51.52562967339366;
  -44.5534430125125, 0.4622222614617529, 53.74692751668403;
  -43.47736517397871, -0.2656299187228641, 52.50581021073977;
  -42.44286854767966, -11.41867977204087, 51.53535461282566;
  -42.71231762104456, -12.01880553073548, 51.90811704441835;
  -39.92000292596292, 3.252489247295057, 48.67361562706923;
  -43.24919165436346, -8.894193098353195, 52.78553444037895;
  -43.43849062296869, 2.031337014098255, 53.25511258166252;
  -42.42624506548093, -1.025833531149401, 52.0743209396781;
  -42.77779334535151, -9.227131393738127, 52.55786099481622;
  -35.50427661939164, 3.350142156687303, 43.80883267570926;
  -40.89108559014532, -12.1432438856667, 50.53693838285878;
  -41.18998106163397, -11.97751076819169, 51.01866668008295;
  -41.21073271055506, -1.1673880885334, 51.11645808502411;
  -41.42508024076289, 1.331082268984005, 51.41705399762503;
  -42.72144875620099, -9.074810126487453, 53.04057677994623;
  -41.46325573287091, -0.09077968668774548, 51.51243750530239;
  -37.9175118877761, 3.036505147976627, 47.22942417417193;
  -40.16625854964097, -12.06685613195263, 50.01384283810108;
  -22.18760214453556, -1.806931349052302, 28.10563032939244;
  -42.13799814495349, -2.210545039065595, 52.75632112447794;
  -22.24756465839299, -3.043799023743127, 28.24316294849639;
  -40.32168441761569, -11.45423234339607, 50.54496129885779;
  -22.40119379142782, -1.998323159982416, 28.4598302127823;
  -40.02827716191738, 0.2227000292062395, 50.25872564350845;
  -39.74533256327608, -0.2025569522628228, 49.9223125560674;
  -40.42356711602022, -0.8476786348298916, 50.77732466786107;
  -40.6592201973885, -9.285684840217781, 51.08420020053092;
  -39.69779762851874, 0.6861333409722243, 49.88824844986037;
  -22.0960007391623, -1.888802667253603, 28.14663680640959;
  -21.92379797634608, -3.40564408950339, 28.0173282873382;
  -22.57181508288103, -3.365366584923553, 28.82213029768261;
  -22.29796892633177, -3.205713204651803, 28.51728991429745;
  -22.37602478741623, -2.963569772615819, 28.63265891921386;
  -39.49521523482974, 3.203720409854675, 49.94272320649381;
  -22.29031849622198, -3.084723593021164, 28.5809887086948;
  -38.69264530622411, 0.6658614803474346, 49.17576116721663;
  -22.09359196162126, -1.974361666960598, 28.4432631376174;
  -38.08029063237772, 3.249336089919682, 48.42795204216728;
  -38.53048764930534, 0.2532070790751269, 49.04440553207996;
  -39.62229875059463, -0.2241969971618159, 50.41783492947946;
  -24.27398155250167, 4.356171981801746, 31.21052808121219;
  -21.87558415182596, -3.427084255350815, 28.26441669408456;
  -39.7092273430106, -9.763288298110608, 50.70284227609724;
  -36.51791450823433, -1.13780085888255, 46.72402584080963;
  -21.79813901649118, -2.643716189901542, 28.23043434191469;
  -38.49725132086142, 0.001023119975722944, 49.33485360702156;
  -40.73937174315287, 1.543281548501789, 52.24267869199564;
  -38.56996066134857, 0.4392992487995659, 49.5157574973811;
  -22.04002030453809, -2.069037127777646, 28.70612012005031;
  -21.92093548227546, -1.9922799056856, 28.55654479188986;
  -24.52566069687583, 4.657960853718539, 31.88507815116893;
  -22.29002005280901, -3.382007365844561, 29.09444474079846;
  -21.87764847346264, -3.19007080082936, 28.59614052839803;
  -22.03626442648129, -2.964718380117615, 28.83529649046335;
  -37.51257293129106, -11.13920453865201, 48.62988323721255;
  -22.13589123907125, -1.917008130700506, 29.07235227022431;
  -39.01607900938985, -1.096768547031999, 50.65349427806495;
  -36.23823395458179, 0.3409674272379209, 47.12137197205999;
  -21.80816853757616, -1.993934837987333, 28.79302823076857;
  -37.88534015260403, -0.2722821995552203, 49.47629855387952;
  -35.51494609305737, -7.572445520184796, 46.8782575757896;
  -36.48746343982585, -8.457357146565498, 48.18842197509603;
  -32.66863504138065, 0.1336747390704805, 43.28297958901559;
  -36.37020324979076, -8.942861930485401, 48.12481724706122;
  -39.46014440867914, -2.140607315560991, 52.29765557896242;
  -21.74249074056688, 4.613599888962471, 29.18221514977402;
  -21.37644395314614, 1.580099771962825, 28.76746933669515;
  -35.82471060164162, -2.539485795416969, 47.73575120673558;
  -22.06359020512209, 3.240378833402085, 29.7959565167174;
  -22.0623466259797, 2.99517199279299, 29.81355135838258;
  -37.29435240374647, -12.05295666521252, 49.89883460347536;
  -23.69686847278254, -2.044357463491958, 32.0627148803258;
  -21.81025298161874, 1.45827013840797, 29.62925255911283;
  -21.79794714248094, 3.096663526117531, 29.67836922845095;
  -36.86401367860164, -11.41256533145043, 49.67379807151532;
  -21.94180954826685, 2.087280305268931, 29.89412173309023;
  -21.30769367644486, -4.329613091931667, 29.11405856793561;
  -22.04545819002298, 1.876188984851509, 30.15329313880192;
  -21.76582837361829, 2.707788986801733, 29.78091880799036;
  -36.44006265899024, -8.701359373255553, 49.44016409280253;
  -23.5667767343776, 4.211674231701908, 32.26324129119468;
  -21.91292712432507, -2.896633060874006, 30.09823265843969;
  -22.12798321415978, 1.684978951880864, 30.38183349866975;
  -21.90835298940338, -3.928063511050943, 30.10420303645498;
  -21.38272652748647, 3.084747547654712, 29.40253503726745;
  -21.68657354713113, 3.005322258795352, 29.87437815840032;
  -21.85527362772631, 2.637673374860993, 30.09100998698191;
  -35.16738982858673, -11.41798204789445, 47.98777695110184;
  -21.70889223851485, -2.756875760659002, 29.93089217052132;
  -21.77718864394792, -4.332638044043941, 30.05550895743982;
  -21.79498197336894, 2.135005969697433, 30.13377913416984;
  -36.77469581838943, -9.421548516901913, 50.45900485243348;
  -22.37818547614899, -3.532420401709679, 31.03976088561746;
  -21.37898034089447, -2.706220738447239, 29.75010669484016;
  -21.48007093297786, 2.631864523732852, 29.88271565028977;
  -21.34105411589304, 2.451934160289377, 29.79485195547536;
  -21.40127094544388, -2.27538909496989, 29.87725515574377;
  -21.20462246692213, 2.203950798794133, 29.64131638709226;
  -21.41688239916112, 2.914696632306016, 29.9922573067416;
  -23.02210658680577, 1.217084220425027, 32.19723288391744;
  -21.27623819649324, 1.535065724654158, 29.83196113623193;
  -22.27954185869202, -2.564650059535284, 31.27372873309925;
  -21.52345189534051, 3.287703075422158, 30.23961196006341;
  -21.40316565278722, 2.047205257133769, 30.08447741932691;
  -23.61418348974864, -3.294412318333349, 33.12998633190673;
  -22.07048401712985, -2.270787308282842, 31.0182611160227;
  -35.43997177583429, -11.48737065606544, 49.45698577394406;
  -21.62062437494084, 3.673776516057816, 30.49594393359156;
  -21.21475900450495, 2.429608648586527, 29.97990185883716;
  -35.90458267142098, -9.038214327364321, 50.22318980566924;
  -21.0453289141644, 2.722915532883999, 29.76697279535773;
  -22.37406340766897, -0.7269137747194844, 31.62189665401323;
  -21.16779424572927, 2.313261331625448, 29.98536893186407;
  -21.64152852267923, 1.820801191314259, 30.6572098480658;
  -36.37319573036842, -12.48636168478819, 51.18785702186702;
  -20.91287830690856, 2.387298554335725, 29.88771714742106;
  -20.95442737330545, 2.896652905690493, 29.9491858729982;
  -21.26097481855486, 3.921296361297841, 30.3849083646156;
