m=[-21.90150184281495, 0.024011541759686, 26.0484605254888;
  -22.09785823485254, 0.2292555034165642, 26.65769252645692;
  -21.63672676403082, -0.1321920486386358, 26.12977728774066;
  -21.0760060218091, -5.670214381629018, 25.59109413012003;
  -20.92129232354979, -5.887035822296933, 25.42556693566644;
  -21.01398314512768, -4.53269718754583, 25.81830241154896;
  -20.98399817619763, -0.5073767172536222, 25.75593135660281;
  -20.89600091894072, 0.1588019384724183, 25.68690082634609;
  -11.36523986784637, -0.9255713200972634, 14.39665396241264;
  -20.25402110402832, -6.014746597750624, 25.03176919289422;
  -11.52652779590274, -0.8679371219750505, 14.61144006680715;
  -11.39228874326157, -1.558635198385985, 14.46244891397021;
  -20.62374872623955, -5.997117893290305, 25.5449537688149;
  -20.66873675747682, 0.6641336325790224, 25.65415800634093;
  -21.35969992385022, -4.537187450590711, 26.51901648450405;
  -20.51165442551135, -0.04490823330882466, 25.48293176811163;
  -11.44050843875752, -1.705733662665475, 14.60847626488348;
  -20.66119537840138, -6.207092249760029, 25.72671231565091;
  -11.32416783316036, -1.759096908809164, 14.47162248552371;
  -19.39570384595967, 1.553244177814138, 24.15896714976079;
  -11.3636810931908, -1.633722903384038, 14.53322449675931;
  -11.29362321354894, -1.495772403586558, 14.45147046929965;
  -11.33083959434463, -1.568057819870873, 14.52857654595133;
  -20.04842747523063, -5.695182374888398, 25.13156395807163;
  -11.33449809083046, -1.012890913512262, 14.59201891165257;
  -20.18994736281509, -4.610946477614162, 25.3666279902356;
  -19.92948138370681, 0.1108790185563939, 25.02306889275949;
  -19.8824618537491, -0.1013283979990754, 24.97346005261692;
  -19.81446516640754, 0.3424715222599178, 24.90085143697499;
  -20.22175326911035, -0.4240483813768382, 25.40118560422799;
  -11.35616864735472, -1.77908605787834, 14.67277310033984;
  -11.26666127325647, -1.572527671156569, 14.56610807040779;
  -11.32731175892125, -1.373796059492359, 14.66982711866834;
  -19.60497892916367, 1.590290640440493, 24.79100393064577;
  -19.45565831966672, 0.5830891843349453, 24.66646634325596;
  -11.26575023626499, -1.023885492310829, 14.6759658818516;
  -19.9707734927591, 0.3436769105945001, 25.38151578503021;
  -19.70047857788498, -0.1114722840190136, 25.06809317711899;
  -19.5391310345007, 0.1284034176245698, 24.87082631609979;
  -11.30727650168207, -1.648760955670062, 14.77967196647148;
  -19.57024494705465, -4.811726549909011, 24.98832410622954;
  -18.14017962386824, -0.5651996351452923, 23.21003904293135;
  -11.26770766658838, -1.515936611324321, 14.74422729033405;
  -19.284595989298, 0.0005125159512285893, 24.71352336490093;
  -11.29545789202746, -0.9782070387471937, 14.83498122320399;
  -18.82688647129104, -5.590566651181542, 24.40646480037725;
  -18.31191357954908, -4.244482311978121, 24.18425770259611;
  -18.42187769830357, -4.529650484072143, 24.37570918946328;
  -11.26331225437961, 1.65419128454521, 15.21063249660044;
  -10.93249373741901, 1.266062183435345, 14.80246419613652;
  -18.94331571004355, -1.027624221795341, 25.10611695352808;
  -11.33857207690844, 0.7581159689379642, 15.40346258292188;
  -11.19208776269495, 1.064680846423619, 15.2484066225003;
  -11.17936937569623, 1.390775152467426, 15.29608182088214;
  -11.51968521321635, 2.058710103492738, 15.77060740302473;
  -11.28805146892955, 0.8595509563078072, 15.49855207925031;
  -18.40497589853609, -5.697914277515033, 24.80047518064149;
  -11.09863857266771, 1.601128746389444, 15.26129556393809;
  -11.17238125839427, -1.540507577935727, 15.39221368886634;
  -11.17153393021659, 1.348272188489366, 15.38131001195005;
  -11.17998339536967, 1.549320499065732, 15.40100611247061;
  -11.18991721788591, -2.226268130408486, 15.44362142762841;
  -11.1465597637363, 1.180815819085422, 15.38630435656557;
  -11.02765452956165, 1.08025362357002, 15.24685390278267;
  -18.26816601317089, -4.362173552181751, 24.78538892256544;
  -15.46742008245841, 0.05672933560474821, 21.0952062873435;
  -10.98171690888692, 1.345544492490642, 15.27758100819048;
  -10.96237310886644, 1.259498099648697, 15.3048805408407;
  -10.94545897328884, 1.13764124237435, 15.30033429905649;
  -18.32787247304524, -4.695536859615261, 25.14789546103373;
  -10.97723828180955, 1.493929828613346, 15.37255278006017;
  -17.92407383622012, -4.512004008897987, 25.07212437491578;
  -17.46847486312623, -4.618836998717823, 24.74934095874091;
  -16.26112097463378, -1.432559131614743, 23.31241861161086;
  -17.05493284155266, -1.912534112585599, 24.439306391057;
  -17.50849123103232, -4.559017723537847, 25.15816452095817;
  -16.58358901975909, -4.651619356565848, 24.19105527457932;
  -17.01497407288535, -4.23808177723262, 24.80841468348806;
  -15.96620922489055, -4.506235016000372, 23.67585355723972;
  -15.86085237588368, -4.770561122277107, 23.76941968972703;
  -16.27907154306654, -4.366877402225685, 24.61306384708164;
  -15.85651509324985, -4.83813594295818, 24.1774303800477;
  -15.70329880654245, -4.202899025747651, 24.16300168104569;
  -15.13710281712148, 0.3242547332505221, 23.39517220522646;
  -15.04672243146102, -4.337254339016073, 23.3597764614544;
  -14.58955922794478, 0.07959052328615222, 22.68708329093918;
  -15.12713272976276, 0.3150030216398099, 23.67981224180699;
  -14.83332174456975, 0.4321406336680281, 23.2920753515757;
  -14.97268025817101, -4.471854210999676, 23.97625278407743;
  -14.2155896495313, 2.035121821940632, 22.85655804808929;
  -14.82153099493227, -4.634995611729732, 23.93565879373137;
  -14.8043713285091, -5.791053915717682, 23.98311462184672;
  -14.4962952711566, -4.395754812546037, 23.60574473005784;
  -12.44846445800402, 2.182323500279713, 20.37920347915852;
  -14.70994101427527, -5.369862657730116, 24.08293330739195;
  -14.63689351382795, -4.639161831809105, 23.97806072527438;
  -14.55016611072819, 0.4267006080728792, 23.84373343402296;
  -14.33824721191903, -1.52951944847316, 23.66500853958373;
  -14.03177880410653, 2.080923516888731, 23.24302220452733;
  -14.31065732766842, -4.500016555753833, 23.7597140246986;
  -14.11101765952277, 1.943397781222446, 23.48750688858129;
  -14.25049186200303, -1.182055183025212, 23.88148925530869;
  -14.0519413425887, -4.858834278734221, 23.77101917877864;
  -11.44757930599256, 0.7246723608024088, 21.08262542697842;
  -11.460343663273, 0.7473876256177312, 21.27279797285142;
  -11.3587343804588, 1.484634858577257, 21.10486465994333;
  -11.36831359466228, 1.680402836253119, 21.28630657832208;
  -11.7990690899415, 1.415661178571246, 22.09904178019585;
  -11.76002019405482, 1.643769963330813, 22.03866842500032;
  -11.62890167132534, -0.3160190413158336, 21.85362465092533;
  -11.62757240612402, 0.02915752315384058, 21.86278142781126;
  -11.11700590754903, 2.177727404239596, 20.99290471384292;
  -11.21050714720124, -0.3810611745252227, 21.49019072845605;
  -10.82802623864865, 0.6742033326286602, 20.87722405125813;
  -11.83404684079214, -2.058482613155443, 23.05554594351582;
  -10.6675115845697, 2.057461860973052, 21.04843247878895;
  -10.7650625561801, 0.5639719364547164, 21.2581401058676;
  -10.60797721176473, -0.8249633115827342, 20.98767230546519;
  -10.61224253535987, 1.715804993573592, 21.0099885975058;
  -10.56517594221534, 2.080807679181166, 21.34462110869788;
  -10.19560637233998, 0.9948110584334228, 20.94743487290787;
  -10.46169431356853, -0.3353358131754484, 21.69013489006818;
  -10.55187904115269, 0.7103578185541174, 21.88214286733157;
  -10.66390425191629, 1.282946613303839, 22.12351780550212;
  -10.05021048138606, 0.8975086445132986, 20.97307939005877;
  -10.27656724160199, 1.326295513309522, 21.51335324810984;
  -9.970455694526168, 1.977472893614911, 20.97289225924033;
  -9.5588094105693, 2.137798505359809, 20.42634217890871;
  -9.650404806685822, 2.035264594326735, 20.64051553681562;
  -9.549297973075804, 1.135845873392817, 20.52994019793921;
  -9.66970589027564, 1.400726326595261, 20.83215059562883;
  -9.549277808738511, 0.9358564504206676, 20.70986403320065;
