m=[-41.76385975068072, -1.298143707583591, 49.72015146460851;
  -44.83397978529642, -1.679767020346249, 53.4171447966886;
  -47.38958144301927, -0.417491083511268, 56.67441037615926;
  -48.3312978419694, -3.232976891398092, 58.30831457754021;
  -42.86298390127701, -0.8626152006782278, 51.80339010547341;
  -48.50853755211034, -0.2708114348608598, 58.74285028816308;
  -47.23488954193009, -2.42735742578876, 57.51351995871288;
  -43.11648550493239, -1.27042952283429, 52.77510578003038;
  -44.79353005731282, -3.542100789840601, 54.93762785975576;
  -44.80500623993616, -0.1330030886173003, 55.26217393560897;
  -48.75846990142344, -3.420250217959421, 60.47207495930841;
  -43.00106868059677, -0.3579818461509103, 53.73936639919317;
  -43.01375809367118, 3.03303383855426, 53.75592176632718;
  -43.69293011217771, 2.25776277114778, 54.9064038979105;
  -44.1696097740015, 3.819557738241333, 55.50909048512887;
  -43.69288585028936, -0.3900407085103008, 55.03794220554449;
  -43.75631219073571, -9.571407660416572, 55.21974514418055;
  -43.81189966345943, -12.50946445181763, 55.39555686813979;
  -44.7705971544178, 3.217586342276129, 56.57960183063128;
  -43.42325836028307, 0.4770043851834751, 54.94233382838855;
  -42.77308279900107, -10.09009484510436, 54.21674669566488;
  -44.39247845073955, -10.04575294476745, 56.27673014659181;
  -20.76916587636973, -2.524500147723199, 26.75085403095751;
  -21.00399529307505, -2.848856758400868, 27.05568899472399;
  -42.76827903437375, -0.8198215122631458, 54.26934271791009;
  -43.94116774229303, 1.652288211415459, 55.78006960178076;
  -43.67851664369741, 4.160146445240367, 55.5517758495682;
  -20.89515019593175, -2.951261505195807, 27.05720870137839;
  -42.317051876383, -1.157886592261805, 53.9983518490824;
  -42.59096303874912, -11.96132616902197, 54.39954615606313;
  -20.81972224613696, -2.707123556050279, 26.98127477902024;
  -20.84251531893626, -2.860534728594674, 27.03957882986727;
  -42.90816182180798, -0.5908933033193304, 54.83209868723288;
  -20.69632291044336, -2.180309030093526, 26.87227568394743;
  -44.51736428729883, -10.25070597780034, 57.01487778857783;
  -20.91609804649711, -4.040817386863961, 27.20070782636286;
  -20.90698275752328, -2.850678463364706, 27.22182203481433;
  -43.72975332867486, -1.408585884120235, 56.23408250766263;
  -42.88402874179569, 0.1521192870333549, 55.16201745133819;
  -43.43855335016814, -0.255696744091661, 55.95297512504784;
  -42.58098972760676, 2.236405490848249, 54.85246196911577;
  -41.23755543001548, -12.31750406560729, 53.26278738584998;
  -45.08499304849366, 2.806075134862269, 58.13314290652804;
  -40.90667793213565, -2.118577314105824, 53.37256216421312;
  -44.2917826952925, 0.1509096369063716, 57.90482132119465;
  -43.27122247407301, -0.6011881206725159, 56.61224947774416;
  -41.65034776190922, -12.28094060291811, 54.76852411256101;
  -40.70187993007348, -12.5285616224939, 53.57106267843196;
  -37.48305501052691, 2.96707138924468, 49.46655273855242;
  -42.52136713745062, -9.647182768227625, 56.22623610499663;
  -41.17120059993785, -9.75389394509809, 54.80186550892432;
  -41.3595378385564, -1.379397132663317, 55.00880482451921;
  -20.51981114592075, -1.943366428718724, 27.79612940106587;
  -39.64088734232972, -12.85618556814077, 53.04934811871473;
  -20.61401682262887, -3.178769089436863, 27.98952100052302;
  -40.87789923199536, -13.00036055365234, 54.84206827717965;
  -41.00085198626052, 1.075022006372455, 55.15253658870729;
  -42.81149940817607, -10.04373710084084, 57.61908733689176;
  -40.21254095799974, -0.3862808491175102, 54.14799153823739;
  -20.48172405941649, -3.431182663577093, 27.9946828863993;
  -42.39048310241543, -13.89835566404772, 57.15168176305838;
  -20.68250515400101, -3.600518979370019, 28.26760732286575;
  -38.92545442848209, 3.021051006189977, 52.47892516719513;
  -20.43890568830348, -3.306408175420073, 27.97245415813642;
  -20.06508851470391, -2.997397747850755, 27.4789886003194;
  -20.30387697343648, -3.168601153873156, 27.86368737453863;
  -39.26616195318118, -12.2306558152302, 53.33032991508929;
  -20.46699544631754, -2.113413194847888, 28.2015031162863;
  -39.71629581655964, -9.988196513558869, 54.0721994018493;
  -39.05445155019378, -0.08412671479531003, 53.13788678866671;
  -39.16984229493161, -0.5270313809972881, 53.30903153918132;
  -38.91162116124399, 0.414923771749063, 52.98776713472013;
  -40.00600075772007, -1.224569479020247, 54.46494281055481;
  -38.15262626033027, 2.513507691236826, 51.99614383498154;
  -39.22809172055706, 1.451811650336911, 53.47352653521389;
  -20.85061862122294, -3.661561369660896, 28.82989278347004;
  -40.24272703875646, -0.3022308407174673, 54.99440500041256;
  -20.77197611592536, -2.86104580034976, 28.79099733056443;
  -38.14420737431014, 3.005805751152185, 52.28253544165922;
  -20.33820054102876, -2.138832619340429, 28.37210722867315;
  -41.02626753692857, 0.4240764268764419, 56.50356210045143;
  -38.49619768454178, -0.5381078470781122, 53.10607863250009;
  -38.97795219843259, -0.05202613292628746, 53.76297885304484;
  -20.32690877643341, -2.961740478645877, 28.43782210871378;
  -20.58327560712217, -3.391910135778401, 28.81655856929496;
  -37.68455244983075, -10.17589508022614, 52.15423441170834;
  -34.50605830419352, -1.462968755479274, 47.81056435697748;
  -20.26089533280992, -3.076789370956472, 28.40132761077963;
  -23.18218529850617, 4.524742158378938, 32.38357653426478;
  -39.44480052820654, -9.897858944126261, 54.69183403972741;
  -35.8957967538665, -2.278392261547519, 49.85456125194558;
  -37.81360054758142, -0.2984815210033335, 52.52820300019385;
  -20.21979378372712, -2.031129139923021, 28.46067112620286;
  -37.11849627906925, 2.845213179018558, 51.71211197815865;
  -20.29784108663651, -2.147197881137111, 28.71828139884084;
  -18.37506164341533, 4.23567188313574, 26.05762339247187;
  -38.59602554906427, 0.3233013272499317, 54.11053011369366;
  -36.63009344271445, -11.96466604524798, 51.47877293424445;
  -20.71179369526098, 2.327286243949269, 29.69620918415799;
  -19.41851852524581, 4.269540130313022, 27.97033776858839;
  -35.71239706456414, -9.149768034578816, 51.13859771043048;
  -31.14047511431785, -0.1272106359675954, 44.66365324536497;
  -36.23001319242024, -9.862307181079787, 51.99217668532247;
  -20.10883455133941, 3.003100224498404, 29.16145499131676;
  -20.81978175959156, 2.565592341645936, 30.1721943723032;
  -20.16166976811641, 2.785203089133614, 29.2630570449358;
  -35.1805883370745, -2.342051079994794, 50.64227394160222;
  -20.63959420960995, 1.315717224266355, 30.11026272114244;
  -20.23704917294961, 3.229224207941451, 29.57724730169811;
  -20.10773262185744, 2.902460964474028, 29.40509429603043;
  -36.23915239335988, -9.652238609682838, 52.5959806317905;
  -35.67432888395974, -12.67383640693395, 51.81552108789917;
  -20.02158027578832, -3.837037814524166, 29.39691393150529;
  -34.52335732105214, -8.701655111158974, 50.18122785325695;
  -20.02814334884705, 2.511677858362553, 29.44130636694185;
  -19.69579666523988, 3.614870020749433, 29.03441262059351;
  -20.01066207487871, 3.093262296566795, 29.52537812835445;
  -20.07305884454462, 1.478635038271591, 29.62993929766433;
  -35.71067520441919, -12.16608186873907, 52.24303772854533;
  -20.11048814329038, 2.950664874156958, 29.70472755654981;
  -20.11285255743335, -3.157111894512823, 29.77634673252947;
  -19.85921425583048, 2.439829659258051, 29.40374724168239;
  -20.11859275886087, 2.830705321169262, 29.78680217583301;
  -20.19795838007978, -4.492963063369443, 29.95840203894216;
  -19.35137596246553, 1.877216282884081, 28.76578356266457;
  -19.89910203603429, 3.106550707777581, 29.56245676876013;
  -35.53131131172207, -9.401815538088501, 52.34557500834556;
  -30.968102830769, -0.05081423231513032, 45.71664991708089;
  -20.72201301020568, 1.060192676977254, 30.85808605069725;
  -34.05181598030562, -12.15656671638607, 50.4354590950352;
  -19.48705737195062, 2.408388092666701, 29.14924299189817;
