m=[-48.48844727963505, -9.623002628168033, 57.96455406099312;
  -47.81406715661147, -0.3045461546216999, 57.18693297772666;
  -44.03228645912654, -4.258565463337927, 53.38131626459646;
  -46.5752336265186, -0.321216948643382, 56.53668391811041;
  -46.09929058379701, -8.816220752756371, 56.46894775148612;
  -45.35149685181649, -8.393613573820709, 55.94792478501381;
  -39.14223952049923, -2.959417139128176, 48.44173999650337;
  -44.03143424238161, -11.30004497954717, 54.55137736662251;
  -45.63833275055715, -10.53332419804045, 56.63861132174695;
  -45.15588853580231, -9.401376616033057, 56.17674485713699;
  -44.57393806673792, -3.662155968384134, 55.54091708455758;
  -43.7701976150442, -10.92481192521235, 54.85067269844868;
  -43.16771446368733, -9.713839118970899, 54.1739208597691;
  -42.83941296367573, -9.285310245945322, 53.78950426707532;
  -41.56528135852403, -11.66282063562473, 52.25964643035091;
  -43.00735820724252, -11.75088409900786, 54.06273097678737;
  -42.80785206107215, -10.17795923848178, 53.96279952222109;
  -44.20240632567928, -10.18187235914993, 55.74830128770099;
  -43.43282858938616, -8.7342963085066, 54.87195164306039;
  -41.68296006322642, -11.5946479716826, 52.77358174226381;
  -41.02033151764515, -9.605442668882919, 51.96791086275803;
  -42.20802492610348, -2.589465207173795, 53.49904516617077;
  -42.78124831299699, -9.645028444249281, 54.21985201446949;
  -42.09276635010722, -8.869586100576715, 53.40583327719838;
  -42.30930383840477, -11.43343789532631, 53.99273389166583;
  -37.13780582320847, -1.682665247675275, 47.50182912864547;
  -43.05972280721088, -3.117504240971777, 54.94999198815642;
  -41.9986956865239, -9.187546616270625, 53.78423096357554;
  -41.44315404118108, -0.3441278875919488, 53.16936801510605;
  -39.60952205976845, -1.143977637280925, 51.04712591235045;
  -43.03052224929245, -11.03933405270014, 55.5309979222741;
  -37.9004718261004, -1.401401067842488, 48.99815042341643;
  -42.12355480445098, -3.444449066873418, 54.42407616229971;
  -36.41272466094006, -1.599948835270627, 47.16412239258331;
  -43.00090653223644, -2.981522555014785, 55.67211238956377;
  -41.93260016935091, -0.5504428668664202, 54.58091780605048;
  -39.81191436257679, -8.355046588609694, 52.00875467346042;
  -42.28525028239383, -3.506128851336767, 55.24105569106268;
  -40.69575080565805, -2.181438410812508, 53.23968644421169;
  -36.64115931202652, -0.9084726155281465, 48.14779257445979;
  -40.93949774250216, -3.076359916231962, 53.7739996812406;
  -40.64386631336144, -0.4101632056611568, 53.61130827652467;
  -44.29820969469245, -1.816408759376632, 58.55359299660471;
  -40.38159306923924, -2.351509558843316, 53.54384695751528;
  -38.89961020791309, -1.373557444869797, 51.79311546653626;
  -43.12874511696441, -3.842888988178865, 57.56311098219144;
  -38.08050977102293, -0.3354079782296268, 51.14297030783762;
  -37.80692495416144, 2.687704639311352, 51.46221649597546;
  -19.73303490173748, -2.955868923999572, 27.27533514420176;
  -34.5889891594287, -0.6726198871543049, 47.19668591132584;
  -38.20339625011737, -11.92827076606286, 52.28854380379703;
  -19.69679370761623, -3.074128005009502, 27.37358252638341;
  -37.88053782778361, 3.338096882646997, 51.88726501231012;
  -39.79789463712538, 2.027721603397088, 54.4931997600243;
  -19.58981779474226, -2.826297575414567, 27.24747844528661;
  -35.68948558101174, -0.5006740095656572, 48.97598717130777;
  -23.75328706179894, -2.328412758287608, 32.91959877756095;
  -20.30689187731293, -3.068025079306, 28.27471733832917;
  -19.74919296999842, -2.24682944887592, 27.53589844413124;
  -37.1328350909435, -11.48667846919225, 51.09571988258293;
  -19.56417294580616, -2.952576509991391, 27.35042428524973;
  -36.6667030260889, -10.50488564239373, 50.53580286010116;
  -37.21805097438286, 0.2617780492498718, 51.31041453924898;
  -37.94418925819628, -9.778056079303207, 52.35972060173011;
  -37.52642063797107, -9.236206867929724, 51.80313890814352;
  -37.06466304937607, -0.9248042467013811, 51.23615094641346;
  -36.93052241630875, 1.327705003328568, 51.10657664678378;
  -36.06832388677722, 1.714758886979249, 50.11713910462129;
  -37.7307807684123, -1.281620037738416, 52.45281892041557;
  -34.00332596127834, -10.38901432851944, 47.28085873135971;
  -37.0570414459796, -0.6946124069401706, 51.61229872232511;
  -37.2040949358682, -9.280295791768245, 51.91042750843509;
  -37.57578091392264, -1.46661096478745, 52.68649084405638;
  -37.211996055309, -0.02213345727068001, 52.18598441215274;
  -37.47832575073063, -0.4359237983123295, 52.64168160445051;
  -36.23161501030046, -11.7597545524157, 50.93834404640845;
  -36.65212551508842, 3.309410842199772, 51.55428266281341;
  -35.27242460743148, -8.429918322879955, 49.70676802653181;
  -34.23444619081252, -2.067370482358662, 48.68535516661152;
  -36.45726806988954, -0.03048063231231596, 52.02795231422466;
  -38.09657169556876, -0.7230084293133235, 54.39127691600677;
  -36.29568657511105, -11.65022163699058, 52.00651560621557;
  -36.68504302196778, -12.28093029408789, 52.58242254181552;
  -34.38523984500988, 2.763109555230946, 49.45007005937467;
  -19.24479408545452, -2.054558237991117, 28.05629983271274;
  -19.34443573616112, -3.30477463190938, 28.26865622045115;
  -36.04023651645896, -9.332535892754063, 52.30588702752071;
  -35.80950880423944, -1.454609946141822, 51.97409604595067;
  -19.73305353334395, -3.655650741515635, 29.03437781973815;
  -19.83197410259507, -3.816785864591271, 29.18622634871799;
  -19.22533016235154, -3.446285059058867, 28.32650291185491;
  -35.56101233720031, -0.1349424898137148, 51.70528841014732;
  -19.38308331154859, -3.218493027932119, 28.56576872031837;
  -35.0122967023452, -12.36743957196706, 51.06109470619086;
  -19.29583105601905, -3.338328957178853, 28.50841949403218;
  -33.66081078038581, 2.189171242988791, 49.19746861487207;
  -33.60444221764914, -11.66441959037289, 49.17248844957148;
  -19.1463924601222, -2.222549556450726, 28.42413611839495;
  -31.89155060745607, -11.40462722929018, 46.92755260412844;
  -34.22707753852726, -8.804725158068452, 50.29114184108779;
  -34.72069647361233, 0.796749097442903, 51.00126539616824;
  -35.06305470655786, -0.5024842907628268, 51.54748265698194;
  -33.63663859804078, 2.659077591630357, 49.50693931568662;
  -19.26437082576169, -3.742992893446421, 28.71183001624727;
  -19.21734431930391, -3.353004061722707, 28.64899059434157;
  -19.38395768252874, -2.971275057767634, 28.96661725900409;
  -34.11507537750506, -9.385084199598703, 50.67223002377071;
  -33.47478920639394, -0.2340682131919547, 49.7281855617799;
  -33.48391051901292, -0.6402450810566774, 49.75553676652159;
  -19.19474206989733, -2.279566983108373, 28.87135083560267;
  -33.3374140261562, 0.2174432574639841, 49.56601972844225;
  -33.85503574220974, -1.272841645168203, 50.33621388479976;
  -34.25195875787802, 2.262058678097319, 50.96656745587929;
  -18.9889047581, -3.458592790451823, 28.67006512518367;
  -19.13752035219693, -3.235010471436109, 28.92555218624671;
  -33.84025920685984, -0.4389980414990337, 50.52305827571219;
  -20.47727115118934, 4.217273518328718, 30.99289281352752;
  -18.993516676359, -2.15674932576297, 28.83984813926891;
  -37.34249112910366, 0.7674898741048515, 56.02688687058616;
  -32.42269189857336, 0.1911494180803241, 48.82127314498766;
  -32.879975650717, -0.6533735126249627, 49.54703440625576;
  -33.17619928507541, -0.2161998155861557, 49.99645727849185;
  -19.09703816609468, -2.274891837771042, 29.16012940289712;
  -32.94802787704239, -0.4442483770058107, 50.00253773241734;
  -30.18612475034, 2.357364344811676, 45.96063469942536;
  -15.27411235207394, 4.478366254790458, 23.7381829230502;
  -21.75397270135495, 4.315893010234564, 33.55518164180752;
  -32.21214942698224, 0.1668996992300927, 49.39598220647554;
  -32.59420264891566, -11.67132416991339, 50.01083681929361;
  -18.49446732082351, 4.305316653653331, 28.78997316619382;
  -21.80800624333101, 2.513187513576564, 33.82238652412581;
