m=[-22.29592312934742, -5.145897592263335, 27.66994427874318;
  -22.05806726638109, -1.812271614180667, 27.4852377470745;
  -19.47008805053341, -0.747105961586899, 24.65143145578975;
  -19.09877843705261, -0.9455949260850496, 24.23348013295955;
  -20.9307828359606, -1.284104954153181, 26.52995249753665;
  -22.36397425014968, -1.881941940388729, 28.33143111727961;
  -19.0101761136015, -0.8613261335583212, 24.315333591664;
  -21.63755741749718, -1.566549262644617, 27.61243057829519;
  -9.919109250723137, -1.694565872585783, 14.49511855740663;
  -9.702678494767451, -1.478662115793806, 14.28568113193596;
  -9.776279101210299, -1.752471573448885, 14.40431951435822;
  -9.899772419184197, -1.64382250218546, 14.58976390725779;
  -9.889866300083025, -1.711023845324128, 14.61167733092845;
  -17.91806367753717, -4.442919932718915, 25.83764285965164;
  -9.760026969750156, -1.132962444896363, 14.48943113880021;
  -17.95488477288791, -4.649375886218613, 26.05826890436568;
  -9.714176746140183, -1.887427046299476, 14.47811579239215;
  -9.790678601056849, -1.708258153203258, 14.59582835658215;
  -9.823052046772636, -1.505729119705819, 14.67917922719175;
  -17.07998833483694, 0.3919410228553178, 25.08881176074656;
  -17.77696457553665, -0.2547594757904466, 26.13456759030956;
  -17.84473943090922, -4.590459878721597, 26.21995175681959;
  -9.70801708177283, -1.768194549202754, 14.65747948691443;
  -9.771368443794191, -1.651754179966464, 14.76900991614447;
  -9.699242770791985, -1.101367148736305, 14.72737741735382;
  -16.95090655759697, -0.324117893481719, 25.18826031306844;
  -16.97049467635636, 0.1106900385346894, 25.23170733248049;
  -17.21404242030388, -4.735596675144466, 25.56857657526234;
  -17.01821870743128, 1.123912637669192, 25.32293694099199;
  -17.0059804640889, 0.5993191177771601, 25.31939400323162;
  -17.183377157467, -0.2229140407097736, 25.65455424538417;
  -16.82438488140305, 1.343205914596716, 25.18653325961688;
  -16.90128582172312, 0.09964228015792112, 25.44953066158455;
  -16.82040872396522, -0.1096137997290421, 25.34831789947717;
  -16.84791856075783, -0.3347929404631904, 25.38823049844502;
  -16.49268677457587, -4.885266585214605, 24.90854789825742;
  -16.84464843067795, -4.627716597599083, 25.50279977678831;
  -16.68352622400872, -0.2249491069817277, 25.31922859355838;
  -16.28158838568196, -1.175308767307819, 24.68207246858247;
  -9.49416998187627, 2.210142494321236, 14.7793874931311;
  -10.13297991371774, 2.089811371891152, 15.82211674534459;
  -9.752607651004295, 1.526197517416747, 15.30411114750259;
  -9.697078841872457, 1.103765219119666, 15.22067911385258;
  -9.576446722219178, 1.390801040180133, 15.04572954277506;
  -9.911263997858727, 1.217153618072308, 15.57650146240856;
  -9.586859637411155, 1.450596476929335, 15.18069388264866;
  -9.69923967717337, 0.942076329139499, 15.36646266300879;
  -9.584632120528543, 1.255311283358602, 15.26021538464645;
  -9.724130109559779, 0.725851199104159, 15.54851501251941;
  -9.532869564936224, 1.219184472578143, 15.29099465453163;
  -9.581725969408069, 0.8099657590563082, 15.39866230378812;
  -9.537737085595733, 1.042872392651174, 15.33508283129844;
  -9.503700531079867, 0.9510867793149911, 15.29795717127673;
  -9.510817057908735, 1.558308235984981, 15.31337859067919;
  -9.607274402064316, 0.511675807724733, 15.53486801330014;
  -9.475914421346763, 1.220009565102748, 15.36045782769916;
  -9.684347260010313, -1.464338991127087, 15.6836119217044;
  -9.276212814048545, 1.59389890578648, 15.08494052369206;
  -9.356732892374975, 1.126921289766946, 15.2290424214123;
  -9.376387342187021, 0.9971220638533852, 15.2764721395901;
  -9.733168703060246, 1.410662268977315, 15.90005928625486;
  -9.335098015240124, 1.265056166448414, 15.28472352688666;
  -9.43859847980062, 1.740954518367043, 15.55732254799419;
  -15.35315843554201, -4.794232274479909, 25.06578230365079;
  -9.301216111780086, 1.889279590286206, 15.81101209081165;
  -14.97124497609035, -4.617201109578891, 24.95988684310269;
  -14.59052192676105, -4.71773283863807, 24.65132460052382;
  -14.87616041206097, -4.624851500056485, 25.26275654584894;
  -14.35142243952743, -4.614793448217409, 24.6533361875032;
  -13.91100231221274, -1.8942874977026, 24.25588108463314;
  -13.87160439110542, -4.777338474091354, 24.17917468826241;
  -13.67181124192393, -4.207822474995966, 23.8461098752554;
  -12.91801827299547, -4.782849876986201, 23.18166042579161;
  -12.80467941409031, -4.073919591342424, 23.02574614539861;
  -12.76577730639765, -4.262671713967245, 23.17786985836017;
  -13.06342814752079, -4.902163294816322, 23.90618163111824;
  -11.98213760831349, 1.849966333808865, 23.2792802434459;
  -12.02559555489898, -4.686683467907132, 23.45821851627825;
  -10.24283832834839, 1.977191521487566, 20.21010576266646;
  -12.04696238570129, -4.591116518885974, 23.73059456629861;
  -11.81398962570081, -5.373849976639344, 23.42124308958928;
  -11.82003809184209, -4.703878246504378, 23.45493775317232;
  -11.69157501139035, -1.702669884565691, 23.40104095320844;
  -11.25884140376591, 1.810684468402231, 22.63901510690119;
  -11.64955673516914, -4.615298995653582, 23.46313295848822;
  -11.08912988149827, -5.176606925093899, 22.44762971091634;
  -11.2951002642867, -5.095249909266983, 22.87531512736576;
  -11.14503246027286, -4.838628464502161, 22.91898502001594;
  -10.62009780793494, -4.50888430971937, 22.72008597111493;
  -7.3579888963433, -3.989988160955449, 21.22762120483912;
  -7.16399817620508, 0.89514872277604, 21.45040589248294;
  -7.514995967432848, 0.7760190607053765, 22.55832630375711;
  -6.895596347734093, 1.727449207384598, 20.78796096754054;
  -6.960506699165826, -3.950091031983256, 20.95282230449642;
  -6.949761468922882, -1.956293895945839, 21.12381584863244;
  -6.865704330170827, -3.854151486725554, 20.86464362513397;
  -6.706549815377377, -3.913392789564223, 20.50278929760597;
  -6.78580628350808, -4.126426708258103, 20.75998344844732;
  -6.691809042996304, -3.758110333950722, 20.5888371014875;
  -6.67327215092618, -2.60563165070417, 20.64469979047802;
  -6.688417981465196, -4.39701679994872, 20.72737714529726;
  -6.665776597806887, -4.029815165981397, 20.81284374605388;
  -6.609076137740519, -2.670295898165331, 20.66300583796139;
  -6.722226564344486, -2.488682549628102, 21.16129253331027;
  -6.549452184169149, -2.878453828730671, 20.63209115491891;
  -6.464679659579218, -4.258412905060658, 20.34758964614364;
  -6.270630308827776, -3.569510550692322, 20.01047876929409;
  -6.328740979836198, -3.83199503241544, 20.1826081074672;
  -6.451409752655377, -3.02786890840424, 20.63824109444354;
  -6.219813205708595, -3.94545862989278, 19.94849553688943;
  -6.525055744361951, -2.675409593587477, 21.47721413789735;
  -6.389491751017768, -2.456238869341088, 21.67346624879718;
  -5.983039521917331, -2.054154358454725, 20.32026505250748;
  -6.326097568854218, -2.619196735657015, 21.94282463843941;
  -5.943916638487631, -2.762013135321348, 22.12601663832343;
  -5.611076607992403, -2.31323253019378, 21.73490556957097;
  -5.481327164549521, -4.079714423307851, 22.64214323856614;
  -5.398463584802101, -4.50984296326511, 22.96394824467563;
  -5.18115259592309, -3.844052839701701, 23.4057897586571;
  -5.287886738144481, -4.188990926327966, 24.13012711560889;
  -5.243567654447038, -4.568466595010247, 23.92719590639328;
  -4.977220996405801, -2.851027810496869, 22.90587705877785;
  -5.338298970251547, -5.053449145550355, 24.62628353815135;
  -4.885082500851842, -4.661499179066651, 23.5208577602943;
  -4.693954277735319, -2.135495235198777, 26.26814391996969;
  -4.351609862120364, -4.060596100382622, 24.43017666347613;
  -4.35523314757005, -3.625123413721639, 24.85697457268785;
  -4.548561882488982, -1.689268210920624, 26.35641165133447;
  -4.925466972484647, -0.8531498742045489, 28.70835326249489;
  -4.097429335178821, -3.089366068391878, 23.91255684349083;
  -4.716758942047731, -0.6611779881718767, 27.71529557329854;
  -4.476284240434763, -4.810996315538622, 26.26437117357357;
