m=[-16.38607305486409, -0.03234414825582368, 19.72739201440192;
  -16.39336484560007, -0.3948761800359609, 19.73568113128036;
  -16.17884342786908, -0.4289252203987284, 19.74581159522851;
  -16.05988721286707, -0.4471789445886942, 19.88573198252307;
  -15.88758150337129, -0.6331923525762565, 19.70908538067807;
  -15.78622016276386, -2.400579735244742, 19.70312571437137;
  -15.54516520275629, -2.564640480856678, 19.42074255024741;
  -15.73155764937496, -2.5242104953484, 19.82492835802396;
  -15.41151256226289, -2.383271475971739, 19.54647347371657;
  -15.5343374773434, -2.294833099565537, 19.75531705977679;
  -15.79546556814116, -2.64442150776822, 20.09548637326114;
  -15.41434880087437, -0.4598743735075138, 19.6889925786988;
  -15.82644048993394, -3.171195922049176, 21.14259176064558;
  -23.08707019138055, -6.125016289559974, 30.88267669434662;
  -22.75448452573579, -6.092581954158056, 30.92393061223379;
  -22.01741935538092, -6.007537175036011, 30.18833406904674;
  -20.84186919334778, -5.428561879557872, 28.61118819919609;
  -22.14756227696002, -5.94662804345031, 30.70346219598937;
  -17.59578696178167, -1.990863771992692, 24.99837206298925;
  -20.03741265616061, -5.273575407119322, 28.9935908073689;
  -19.25744219117475, -5.521137421575807, 29.02498104450488;
  -18.76288821754155, -4.897913186476387, 28.34448967206063;
  -18.98290699044048, -5.80428562648536, 28.99908940335337;
  -17.27125429662164, -5.505833367045848, 27.13459522427746;
  -18.45299821752416, -1.816478985619395, 29.09538581033204;
  -17.37598221446135, -1.397644161884726, 27.69366260418294;
  -17.61694838450377, -1.907554851370629, 28.20305352595593;
  -5.772585923930179, 2.000002306256421, 10.94143641791895;
  -7.387660230973937, 1.599237371561346, 14.63813798636845;
  -6.676420460424783, 1.91112201408343, 13.35836166098707;
  -7.102529156011065, 1.461013623222623, 14.28184769406987;
  -7.007593592740791, 1.550444861214137, 14.31570333530887;
  -6.680980182462481, 1.21718322792238, 13.85322201915816;
  -6.660576881762402, 1.320364451019603, 13.86072189056217;
  -11.45116441201976, -2.277007369884072, 23.40850177507571;
  -11.28807558087958, -1.989940982220735, 23.38441874551586;
  -11.35904711937048, -2.576753041682214, 23.86799257800638;
  -11.16378254292664, -2.434305583574401, 23.79458082373251;
  -11.00575855942119, -2.25317743781855, 23.66447047715209;
  -10.6264542363356, -4.494164073918554, 22.98577566977342;
  -10.58050931922881, -4.762873329475852, 23.25261843146366;
  -9.20960857317259, -4.683114769215672, 22.37663808898743;
  -8.468299222422548, 1.461695172832244, 21.09452898035249;
  -8.853495399735207, -4.645163266429597, 22.24586655459006;
  -8.452595003915846, -4.373000051821238, 21.52354439084562;
  -8.708455074967024, -4.689708532434826, 22.34907961320988;
  -8.291304550167419, -4.740001029364557, 21.30149704514842;
  -8.341784021531852, -4.495143414363986, 21.80457760202061;
  -7.98745530721922, -4.6226724740907, 21.00983175403973;
  -7.794076983987811, -4.942629071251706, 21.12044655417616;
  -7.44932758192688, -4.38427221286912, 20.98335706721176;
  -4.100072444738733, -3.878930846967584, 17.8907991930285;
  -4.184366755431182, -3.750251477377692, 18.64558916905767;
  -3.999856301882572, -3.86307615650892, 18.24793276681556;
  -3.977211736259661, -2.40505184424395, 18.24611704845012;
  -3.502055423387623, -2.621963591844762, 16.12084874667512;
  -3.954705047162239, -3.549183309064152, 18.17949534453999;
  -4.107627564159285, -4.366134065748862, 18.95116663798653;
  -3.405997788535188, -2.348381626226434, 15.81613211207412;
  -3.963964138508709, -4.159369754953068, 18.44659615456748;
  -3.866343804592119, -3.741237917150221, 18.14729860795731;
  -4.007358250835218, -4.113862644180423, 18.85991688953752;
  -3.661429701414262, -3.395911268308768, 17.7494217346181;
  -3.712291613772186, -3.655782618979584, 18.0010738684233;
  -3.625689124388185, -2.798994693166008, 17.64242476294768;
  -3.657028094148449, -3.776721375516492, 17.87611466312436;
  -3.575346989673594, -2.276567714324955, 17.64746412761868;
  -3.637693637841086, -2.508855355374378, 18.48971695766064;
  -3.566629009580716, -2.566427965746105, 19.68802749849711;
  -3.182632545097341, -2.680974274529385, 19.71485521296127;
  -2.302324282964613, -2.200407476659471, 18.18001825866256;
  -2.235859425273737, -4.905563964268954, 21.61700858154163;
  -1.571654300114751, -4.027343188231867, 22.56567263728044;
  -1.52810753232338, -3.14296208103498, 22.16137140590868;
  -1.407612846346044, -3.287157706107696, 22.16257673665192;
  -1.423086817365111, -3.17128360110356, 22.57354226370991;
  -1.235888586529761, -2.941798878391989, 19.52959127237668;
  -1.387513599603201, -3.567150269365984, 22.42783146095836;
  -1.393072515651594, -2.932241652396186, 22.83070670380053;
  -1.424564655582173, -4.536454651943755, 23.19942348038393;
  -1.383014962138324, -1.826431443976755, 23.15030555439818;
  -1.389991105286611, -2.024494678158174, 23.63899510556069;
  -1.304966213725649, -3.353819906194355, 22.33397444399045;
  -1.30171013492082, -3.883435275090801, 22.18569058134394;
  -1.28327794168333, -4.314106163332572, 22.56190909776543;
  -1.259909384039993, -3.216211302053059, 22.54600913008239;
  -1.32416034601219, -3.227463502042695, 23.92188885948005;
  -1.309549642260497, -2.892413887576582, 24.00758863805749;
  -1.19344276388427, -0.9678269900408208, 24.07081305049097;
  -1.173798469398444, -3.118814299616116, 23.54393006585192;
  -1.133889063653425, -2.189502747926964, 23.12216753130149;
  -1.158198864451228, -4.6009888639629, 23.39017273763218;
  -1.145589677135526, -3.802552119943385, 23.73513996122346;
  -1.127846387284721, -4.337270034419974, 23.07758000045093;
  -1.116207410742056, -2.476549151540152, 23.78882997665868;
  -1.053260561120987, -2.518824172543028, 23.29748579495886;
  -1.044777700984479, -2.814764218924808, 23.43581824731039;
  -1.042326348861568, -2.319971699959652, 23.98734926152206;
  -0.993686485366295, -3.63804577018094, 22.45558260232772;
  -1.002065110896549, -4.599028647237926, 23.52343328984656;
  -1.038958434613713, -0.5519244579427347, 26.07738709279877;
  -0.9713444710841624, -4.16690472558376, 23.38059025931344;
  -0.8926743238441666, -0.347251421163679, 24.69513813131848;
  -0.8739237947480545, -3.25261673624037, 23.93768297169562;
  -0.8301079652749119, -3.74989264941446, 23.48384246880534;
  -0.8059773389516942, -4.090160805420286, 23.05772605986306;
  -0.8044988431785796, -2.340836960421813, 26.18370475764018;
  -0.6934989951469226, -3.441314126333211, 23.49655448811689;
  -0.6108649412142493, -0.7995345245069153, 24.63417067891264;
  -0.5636548333245638, -3.109337164126424, 22.74778944768439;
  -0.5611968240377833, -1.900964602720922, 25.06210366189761;
  -0.5048006434978679, -0.6781234045491215, 24.83877513598187;
  -0.5293255936558645, -3.273106907767553, 24.96699090687869;
  -0.4323933547963301, -3.533163987773869, 24.2663795587543;
  -0.3795578933681054, 0.8342359392002089, 24.82346138969697;
  -0.3863917435339552, -3.017349419220154, 21.8820999870864;
  -0.3531704414146794, -0.8407631647053726, 25.97672192620791;
  -0.3273220832639634, -3.294879649126838, 24.68441636983294;
  -0.3291196917501918, -3.415717343123624, 24.56065370476672;
  -0.2659073669751538, -4.933009729879357, 23.86050737193395;
  -0.2270358423609498, -4.464010102433049, 24.96819124049399;
  -0.1614275652588095, -0.6689565464275061, 24.65731267159352;
  -0.1160380304375661, -3.422372088769779, 25.12391132767653;
  -0.003066867037866929, -4.636296406339338, 25.27694428686888;
  0.01791466352155543, -4.338928215653931, 24.79367748535621;
  0.04321997654471128, -3.215534955488416, 25.20591814260031;
  0.1056449779251435, -0.3623590560357614, 28.28632275559618;
  0.1003276455842077, -2.260533339343358, 25.39343312316085;
  0.1179049965765798, -0.648725789911944, 25.48596987657371;
  0.1553607388362057, -4.195205398082007, 25.17539311161668;
  0.1967146605643882, -3.49391770925211, 24.92285513464409;
