m=[-32.27842186031739, 0.1387801260191801, 38.58152200401862;
  -33.54536464671057, -3.7275503097135, 40.09610932476269;
  -32.79056897231813, -1.677809035500253, 39.32740803551594;
  -32.3660208906142, -1.244901796974184, 38.87704056464115;
  -32.81694123343955, -0.06477671672786434, 39.50871342133303;
  -32.74983969793153, -0.7888637700990482, 39.42695105406623;
  -31.70857300539534, -0.2162944710608477, 38.33706142618811;
  -35.2706422367385, -3.285303340480724, 42.55005904893665;
  -32.2284136101715, -3.536270210304665, 39.21952281555318;
  -33.06999484007437, -0.3689267072590633, 40.31482472703118;
  -32.65256817660919, -0.8656681835248634, 39.85151733436359;
  -32.63162966702291, 0.2401110139378488, 39.90833348099212;
  -31.74548086641428, -0.09485339267621472, 39.08778854642278;
  -33.18160008035573, -4.804074929160772, 40.92510074671569;
  -31.61412262740022, -2.796149074755606, 39.11962474313864;
  -31.53169811058531, -2.068500256195081, 39.07612122245673;
  -31.15230833902354, -3.166942070545637, 38.75494479592688;
  -30.99488344731622, -0.6539685459636208, 38.69291420305756;
  -31.41983931086958, -4.777953731586248, 39.21578677381275;
  -31.36329544857366, -5.174314719165425, 39.18250327285666;
  -31.49230289582077, 0.04861647190384515, 39.49727667457999;
  -32.38231249983208, -0.103100958026706, 40.68129478664574;
  -31.50057470145511, -2.572176201050767, 39.59068338359541;
  -31.35118242020279, 0.6195139396717778, 39.43607388536159;
  -31.06844627451917, -4.985094286796519, 39.15249432480266;
  -30.96661884424752, -0.6810511092964149, 39.12261285384541;
  -31.21646869758614, -4.081013254101444, 39.57037912469994;
  -30.84822302156971, -4.770439612250939, 39.124905525423;
  -32.48390259896049, -2.232335937772506, 41.18270976901247;
  -30.79990499691354, -4.549961757524441, 39.16883417219839;
  -30.69896120875232, -0.369336521952432, 39.14068020155862;
  -30.48152574953024, -0.9093911613589037, 38.93453703576982;
  -30.88893240772525, -4.849261980444569, 39.5662050126683;
  -30.36080253026496, -4.249899561476493, 38.99010416922347;
  -30.5422151094777, -4.2616975397993, 39.22985494193371;
  -31.08277518476317, -0.6297596697960283, 40.0951613968677;
  -30.62130939731149, -4.098517905810005, 39.50978780573146;
  -30.76292009417261, -0.9453852837710079, 39.81598087575964;
  -38.36501275703976, -10.21713180570002, 49.49023052359285;
  -30.41332922552463, -1.743509773116394, 39.59776594572879;
  -31.081611809752, -4.298147974192423, 40.61436998751815;
  -29.9825427766672, 0.3093349888095986, 39.27996812007823;
  -47.65625526051441, -12.42107145152423, 62.02690257279433;
  -29.7342281358789, -2.109557612120217, 39.0476347321603;
  -44.34097816140408, -11.42724462097398, 58.02155654067744;
  -30.21302147454029, -2.499873391499307, 39.85473022778126;
  -30.01167778782886, -2.299327303987525, 39.63450822636038;
  -46.4523109660998, -10.95257698928262, 61.00269039751226;
  -29.85529220616762, 0.5367226430109904, 39.68521251650049;
  -44.17639047511684, -11.6164861097979, 58.40792699959024;
  -29.97737869974996, -2.199076271320537, 39.94571417464189;
  -28.61119065799115, -5.732918352506421, 38.22177982804447;
  -30.74356930225297, -2.944628333897945, 41.12519034275066;
  -45.23763192475283, -11.7326745811141, 60.10745610043131;
  -31.47267596292144, -1.223805403781182, 42.10392644319731;
  -41.48526369075319, -9.934955777512451, 55.14448492826858;
  -44.34368496266551, -11.76441144259373, 59.31682429974322;
  -43.71323687188289, -9.823728127451847, 59.1545461135456;
  -42.3524635050518, -11.34000001508153, 57.55808887720936;
  -31.67647766709063, -4.006794837495404, 43.61996721543233;
  -42.5345002390515, -11.60570125332289, 58.31953699708329;
  -40.32430654707608, -10.50304036122305, 55.35618292761908;
  -29.553618444281, -5.799105989187871, 40.916746254945;
  -36.38799812765316, -7.780757716108223, 50.38563523389863;
  -42.08919758644835, -11.87943329385008, 58.16767430984022;
  -17.84000563246807, 4.234974858686046, 25.18568979680464;
  -42.66573449346991, -11.45576429859344, 59.14807912955475;
  -41.45923121771356, -9.345091616516225, 57.78816056851102;
  -40.15488585958129, -11.7968870285267, 56.20604041396708;
  -41.32051583956658, -9.142548006605132, 58.18607556034896;
  -37.25649597301786, -4.872239273769978, 52.72584211111545;
  -32.33882202279578, -3.658954801734228, 45.94383341651819;
  -38.83228968585128, -11.35763698477493, 54.99817878197977;
  -38.69445163541644, -11.71415012379945, 54.97101969433647;
  -38.49388188172788, -11.341773340701, 55.06148840541079;
  -36.06692034245025, -7.796289115670399, 51.86562477883668;
  -39.27809629585931, -10.33746253664258, 56.83433641041687;
  -41.42411477703934, -1.066592360176967, 60.03251696203459;
  -36.95120122207006, -11.60903192047873, 53.87936466617672;
  -36.8190938326764, -4.768535093181981, 53.941614124423;
  -34.40673867572026, 0.9935163353814727, 50.56058013970277;
  -39.34125690829306, -1.026725530338839, 57.89092891166455;
  -37.67838463787916, -9.032072416061059, 56.02120647307463;
  -33.36649325754599, -0.8785604313894736, 49.95114058798395;
  -39.35386083988356, -9.196185412550914, 58.89097301514711;
  -35.76166470943517, -11.37602904274828, 53.80021267990241;
  -37.89999407811383, -10.86598487508745, 57.1231941803895;
  -35.01789519175833, -3.984384192451831, 52.96997646581657;
  -36.21876438183273, -9.454640543976103, 54.71451841811209;
  -36.75554498825375, -12.33123312185963, 55.59539311150947;
  -34.72500696602327, -10.35943622085541, 52.88685373044142;
  -29.79339514829449, -1.887610787118585, 45.66829647921301;
  -35.80267732590673, -12.11030152216673, 54.68543969116911;
  -35.50350406401451, -10.85568603546333, 54.23665031931898;
  -34.4852754389791, -3.070743684005722, 53.06624659124188;
  -38.75543659735443, -4.001088706256807, 59.59120378758666;
  -35.13990520446661, -10.32060083339351, 54.1132953846592;
  -35.5588147973131, -12.23467241623059, 54.73398866255641;
  -31.94424861693479, -2.280563096174162, 49.48228017244269;
  -35.61465578284155, -3.671977893993082, 55.28314524971721;
  -33.11694565727472, -8.576644925410802, 51.43167495028305;
  -35.0720187266123, -1.260367812923963, 54.49447227423536;
  -34.13744881679069, -11.44241931659567, 53.00051680930402;
  -35.27671337212988, -1.009344807982488, 55.01165079748468;
  -34.95035866240246, -9.619862489906254, 54.45954488020834;
  -30.91922309713111, -1.616919564869593, 48.34439122298382;
  -34.82984589127612, -2.917624986910056, 54.5026039684672;
  -31.92541202542442, -1.980838424433455, 50.04422936991897;
  -30.8727642708292, -2.175016813428321, 48.50963876248273;
  -34.41057235120545, -10.96960731262417, 54.06190749957948;
  -32.07757462413757, -9.265918371270361, 50.47774328897777;
  -34.70830350620852, -1.191897093145502, 55.01927044850992;
  -29.37855864588977, -1.425176897561177, 46.94066174977537;
  -34.57634291688556, -2.781162136370631, 55.10742144002838;
  -34.25425662103326, -3.7090347301592, 54.83779664272677;
  -34.65668048617243, -1.059735746978348, 55.71326219203031;
  -34.12816267231984, -2.326303782997566, 55.07899997989794;
  -16.1925021933024, -3.192798389428168, 26.55075210256028;
  -31.91567548147289, -1.939989805170054, 51.70132503946924;
  -16.23731916789489, -3.326177653697252, 26.7861116253795;
  -16.18353418344494, -3.087707539946026, 26.71622381002196;
  -16.17046125328231, -2.333847991266144, 26.78998073686933;
  -31.17420505680433, -1.023485679605664, 51.00285029675407;
  -29.4148044903638, 2.15491987061851, 48.20221219014336;
  -16.33815717747089, -4.436336830619474, 27.07167357030485;
  -15.93854434244548, -4.269896873957317, 26.57548956313963;
  -16.4356707204815, -2.069954752861232, 27.53559521096616;
  -31.26210432623369, -1.078629535477343, 51.87549124724854;
  -31.41389158834808, 2.030455083006688, 52.15318711023526;
  -16.02946312712401, -1.908908940049607, 27.02618120133209;
  -26.78552182855248, -7.923647401201753, 44.60576143335111;
