m=[-35.40876383539531, -2.187760165703605, 44.49684145485164;
  -34.5180284115952, -1.167609294765749, 43.63789461953583;
  -40.05366510825272, -2.602778921124254, 50.68510486503434;
  -33.27444500984019, -1.249156660770645, 42.44119031401952;
  -30.62109586137006, -5.10015848457242, 39.50867991132005;
  -32.10876998967548, -1.213374607048932, 41.59839729844196;
  -27.85264856213518, -0.6862956263010441, 36.34287341640363;
  -29.46993460204397, -4.048419578797384, 38.67703751840301;
  -28.88326870826477, -0.2045174343121612, 37.98425522937841;
  -28.74336313066086, -3.767816775316135, 37.85027659187455;
  -29.328820495867, -2.638763743013897, 38.61901921789183;
  -28.82867922396481, -1.91114447466809, 38.0699726582756;
  -29.70656965604235, -1.567325812686484, 39.27881661737048;
  -29.18837555240409, -0.3861913264120673, 38.69202099572106;
  -29.21521611976536, -1.095000835756223, 38.72900218490718;
  -29.26474926279036, -3.279561516398603, 38.95244877466388;
  -29.92981909682345, -0.5504263598117711, 39.82373813427945;
  -29.19152546890395, -2.309617753684528, 38.93489739528494;
  -29.34943847855069, -1.48742516193646, 39.16366000146439;
  -27.9621308390341, -0.6510040579095372, 37.5658742039487;
  -28.55698928908739, -1.135751080106833, 38.40337599494773;
  -29.75027705384984, -0.09747202483059883, 40.0890435483792;
  -28.73576577692441, -0.224055487637125, 38.75613692074808;
  -28.21436027759213, -1.923433855832394, 38.12361156091102;
  -28.13694275244614, -0.4098795648536394, 38.16515901857176;
  -26.02618795002412, -3.056663449823951, 35.51117211326718;
  -26.74273550402676, -4.811954103762714, 36.48643623886977;
  -28.56458688419618, -3.063904485653275, 38.96080850536156;
  -28.33686781308189, -2.335431080802099, 38.70456113306477;
  -27.97570005874415, -0.2647051881115728, 38.29421880072021;
  -28.08083191190426, -3.414643355534083, 38.50781386486226;
  -27.9266585169887, -0.9452446736853712, 38.41812667951703;
  -28.21008399159926, -4.971299186780859, 38.8348831983262;
  -27.52053024784665, -5.236352833740216, 37.92474533230495;
  -27.15142969283504, -0.2572964048100457, 37.54546271803775;
  -28.31573056159601, -0.4123940699992488, 39.24864513942884;
  -29.05227440390728, -4.42824876126263, 40.25833562049228;
  -28.34776229842574, -2.831357095875421, 39.30137305426378;
  -27.78923553875542, 0.2804298927959014, 38.54022134977458;
  -28.32376074502281, -5.252753850760607, 39.38226973748589;
  -28.39504427999732, -1.009881038405477, 39.55968327153073;
  -27.65536758840965, -4.220933263919815, 38.6879297519674;
  -27.41347248119085, -4.915580568314023, 38.36963372579607;
  -27.16021866076436, -2.338151964485607, 38.02558602229814;
  -27.73553165882681, 0.05882706667814846, 38.85919431381222;
  -25.7477327850811, -1.829828986807784, 36.16950107281029;
  -27.81494050553489, -4.787684110044342, 39.04246759491031;
  -28.0742510230783, -0.6864361054229432, 39.4836578818625;
  -27.78925727954663, -1.214590607798134, 39.15555259693429;
  -27.60148750932713, -5.023735597325911, 39.04155736896632;
  -27.78469475224234, -4.548342898984631, 39.39147551704564;
  -27.72151016126125, -4.523629357664354, 39.31384428444527;
  -28.95096936031907, -5.723014837542207, 41.0677276212119;
  -27.72614880133472, -1.101020955810748, 39.36071527195428;
  -27.7484563544589, -5.4534969007159, 39.49033327043454;
  -27.76550326868561, -0.9181902367482784, 39.54782018180525;
  -27.39006752570282, -4.301999960329392, 39.03184548885886;
  -34.81805404303838, -10.41024135088977, 49.82256991752638;
  -27.40637983718841, -2.027350821582979, 39.41164589563325;
  -40.85754790882384, -11.88061798074355, 58.6599307894713;
  -27.54602855599695, -4.447763048319925, 39.79475997670514;
  -26.80369777138244, -0.01722042558141673, 38.7759570836419;
  -27.70428641373712, -2.455226090840219, 40.18772496973512;
  -38.35645511293224, -10.95338016779583, 55.50649199388666;
  -26.79643151106966, -2.720701568168479, 39.07224819636521;
  -39.16056817526373, -11.57759270554934, 56.80259786813637;
  -27.13230491888843, -2.575718519450561, 39.60369756638361;
  -40.52220908387207, -11.80474862822928, 59.02267728395544;
  -27.13513508279731, 0.2119851154588591, 39.86149706294557;
  -27.51310526990426, -1.799657669815596, 40.48286063964025;
  -26.93124309168388, -2.468869905807972, 39.68640136841709;
  -36.72781774278457, -10.1359675202427, 53.868861180266;
  -31.07452281127911, -7.17537801061202, 45.90653598455469;
  -26.99502719869881, -1.45741710519347, 39.98100616895021;
  -27.9946789536757, -3.236661293457748, 41.44762959529903;
  -39.634792346643, -11.81917843237351, 58.37897718341698;
  -27.88211506866848, -4.432925373496895, 41.53314707765859;
  -39.21699210939311, -11.80748674232681, 58.48415353078348;
  -37.8642817913299, -9.644589757805855, 57.12383656716756;
  -39.84106939849763, -12.13832179600687, 60.39222481252138;
  -16.03725488214034, 3.979844495343654, 24.76506112841549;
  -30.39283210941694, -6.205644381251592, 46.33079293829233;
  -28.92115761744504, -4.309076022703991, 44.19479452420649;
  -28.46789089477263, -6.416302599406426, 43.70343044201365;
  -29.4774988676174, -6.643855468865217, 45.25336373275229;
  -37.34927730766588, -11.5759090181708, 57.14138476968834;
  -34.71897420762064, -10.31058751359761, 53.15122804478768;
  -37.34832282227272, -11.98233384097947, 57.62488493517488;
  -37.71920076333389, -11.5040223833895, 58.37928440359774;
  -38.53964940705726, -9.964373626847047, 59.96724857748017;
  -35.91799362410145, -11.97682517070132, 56.12881941749802;
  -36.01444099240449, -11.43845005301121, 56.59072227192928;
  -32.28927774330879, -4.434455458099048, 51.05565691464467;
  -35.47579309349224, -11.8210857589159, 56.12756232552967;
  -35.66134212372825, -12.25513061601784, 56.58412633109067;
  -35.18560938198047, -11.81910442849091, 56.25293358787887;
  -35.1100170608722, -9.727156667560797, 56.22905221987299;
  -36.21053495481421, -9.070669223712535, 58.15168424419527;
  -33.89975690347241, -10.19212139789753, 54.85423531907031;
  -35.27964505769278, -1.438046996929261, 57.16362610282244;
  -31.58527794240477, -11.2751602629276, 51.49467542256353;
  -30.86263790245158, -4.745690051168122, 50.52552491021098;
  -29.13422354247339, 0.6229455589216817, 47.78681533081539;
  -35.9692880460253, -9.356079502829346, 59.16687399459951;
  -34.15847258537158, -1.409265138605635, 56.21722903221023;
  -28.58708904002232, -3.740935360167089, 47.575447547314;
  -30.43837404804878, -8.407597221605894, 50.67948202121745;
  -31.42062841445367, -11.95317082196106, 52.49188586704793;
  -29.12849467601988, -1.253812772160497, 48.72255993449777;
  -31.33090496076874, -8.470395716948834, 52.57203830160984;
  -31.29717209089711, -11.38045287111891, 52.76427998622187;
  -32.47331967801623, -10.6401838904711, 54.86823561106584;
  -32.04820924884954, -9.626262535436688, 54.25617488191489;
  -32.46054373541079, -4.451462865427219, 54.95259165703073;
  -30.97974562821504, -11.86421910387327, 52.55979174889921;
  -31.53696224512443, -11.5462962160371, 53.80001223961278;
  -30.42153467760286, -11.71243723098362, 52.10900397793678;
  -32.93720533741419, -11.57183898066095, 56.46549897713992;
  -29.703948013527, -11.67713399776794, 51.32835268210299;
  -34.69396844819248, -4.351326576933644, 59.86466761525871;
  -29.38012228198371, -1.546342295822131, 51.18297631919013;
  -31.35321855836749, -3.967028304585974, 54.59317803772292;
  -31.42459223358978, -12.05761471754853, 54.77211454820873;
  -27.95494854613557, -1.977759842303007, 48.93710366737545;
  -30.2821967811121, -1.350525041319389, 52.96397838828079;
  -14.89476594774593, -2.624187700979537, 26.51201897348283;
  -27.72038800368306, -2.259655201261249, 48.68828406071404;
  -15.51641802805097, -4.376412034374311, 27.65835979344088;
  -27.56676250063726, -2.501869137729804, 48.51810756412674;
  -30.46135370997726, -12.53736935989164, 53.55348670227932;
  -28.86108580333849, -10.54932017995884, 50.94416089967953;
