m=[-14.37034508290561, 0.9800606305207172, 17.21014569836006;
  -14.82539865607443, 1.06575882121648, 17.82469027351816;
  -16.70859373659546, -4.02046902522836, 20.51739116323174;
  -16.14906975687716, -3.86259404794574, 20.51366635812802;
  -16.36866280401058, -3.890996095017736, 20.99151136649092;
  -16.12136969220323, -3.214999341585769, 20.69487572471492;
  -15.95089611365397, -2.705204126718221, 20.5113782410597;
  -15.87415060997554, -1.757370785939102, 20.46453476739102;
  -15.76699291733638, -1.003594338144072, 20.35678440381618;
  -16.06656615142919, -5.086362345994368, 20.91474268454809;
  -15.05731059454164, -0.7470813149371345, 21.27899252228821;
  -12.68383976295978, -1.028523156690292, 18.53957555249164;
  -12.59313703373973, -0.82530826304903, 18.44454058517758;
  -12.61966941566301, -2.542658317220209, 18.66739408253296;
  -12.99599339594172, -0.8375638568241318, 19.21690068884627;
  -12.52698737667157, -0.4313216846413849, 18.6377317854573;
  -12.34064901283888, -0.6477045196638859, 18.38859172654302;
  -12.4743116555231, -1.043571387873405, 18.67686602444369;
  -12.38937853623476, -2.559263806265251, 18.71989417546729;
  -12.29321688948364, -0.6718795604943836, 18.6116136690961;
  -12.20906284707434, -0.8366714638986417, 18.51581167421058;
  -12.13404748296638, -2.451726975567726, 18.53078091391268;
  -12.17955044695302, -2.642028843503945, 18.60784135060675;
  -12.22513117629734, -0.5630409568475667, 18.65510353862618;
  -12.07451428963253, -2.564164467395164, 18.63948067644856;
  -12.06327883088565, -0.5771540000873383, 18.66634269394479;
  -11.96298986026344, -2.461977539666053, 18.58549001845558;
  -11.967803249991, -2.116546510406643, 18.58812177762333;
  -12.01920152211804, -2.653132458953092, 18.75786865814376;
  -12.22918499212227, -1.054835136161023, 19.04755239475012;
  -11.83582992827575, -0.6773611816977792, 18.52896880042237;
  -11.89765651530458, -2.488366478500467, 18.69774135646254;
  -11.02830249034938, -2.492118657143427, 17.40086244922313;
  -11.81059621758571, -2.223826872075995, 18.61425653443485;
  -11.45787783796008, -0.6090093089541028, 18.08193614612558;
  -11.72953748463869, -2.131252927224629, 18.57805268509384;
  -11.82853808599842, -0.5437237385755503, 18.73456569107675;
  -11.59166381040685, -1.050762929435509, 18.54275288595829;
  -11.88589092511648, -2.226730365738444, 19.10955936675707;
  -16.21137405329933, -5.435184253225968, 25.89699588014352;
  -18.10695526717054, -5.93361609343432, 29.11897493053718;
  -17.43667481658601, -5.557086277763797, 28.25382949384222;
  -18.73329029580016, -5.703591571905071, 30.38351506359573;
  -11.60298541679372, -0.9486858288283704, 19.02786594182937;
  -18.36025486484294, -6.13424305639072, 29.8279010596996;
  -11.24199906322103, -2.967286683373581, 18.5571475837609;
  -18.07799684506796, -5.957371058126575, 29.51619205580575;
  -11.68413100548148, -0.8098928114490518, 19.28917527361644;
  -18.00285726681597, -6.33207758860873, 29.8811486569642;
  -17.30540861100289, -5.910989508603211, 28.96821721086009;
  -11.50927164862519, -2.708694471954644, 19.64531430032183;
  -16.9404845478164, -5.857725276038662, 28.86209459002844;
  -16.70258887635509, -5.887490401223082, 28.7197206385502;
  -16.14253816581244, -5.886960842036577, 28.00870568542028;
  -15.8806595551764, -5.758315924240063, 28.09641343389061;
  -15.52637236168656, -5.891063027555293, 27.6586352503778;
  -7.783645758783621, -3.201779947271653, 16.63460958401178;
  -3.949669354348232, 1.677845021280011, 9.440519974066625;
  -3.716744787852954, 1.696537673256853, 9.443986679228393;
  -5.808128856743674, -4.07479334507445, 19.87873231772839;
  -5.677623380820116, -4.332376081131618, 19.52261529589722;
  -5.584348721187715, -4.277746150802578, 19.82346338582345;
  -5.679683269538183, -4.526282092862082, 20.43546715074408;
  -5.36499727040188, -4.24738474842909, 19.64381007106004;
  -5.336809877096346, -4.411489397359779, 19.7966598252514;
  -5.089400924865461, -4.25376145466745, 19.37000260638781;
  -5.012017145004839, -4.492506126298516, 19.21107624368974;
  -4.679366674735012, -4.430770447616146, 18.76743623322645;
  -0.004543243765383872, -0.00315069079132928, -0.03657148553012839;
  -1.863852194716685, -3.813555921030293, 17.46970606263695;
  -1.779447455605792, -3.875371993316142, 17.5156237045343;
  -1.77058135648297, -4.022622224419541, 17.51449562273675;
  -1.904994769331413, -4.502791156926922, 20.09436803064511;
  -1.629674057946251, -2.498374705139922, 17.46065772208833;
  -1.654064318347656, -2.969580847997471, 17.80181783859677;
  -1.455200177566856, -2.464061128020105, 17.11351717369842;
  -1.473238978866338, -2.819811551159452, 18.71768091420698;
  -1.426223017454349, -2.830760536527359, 20.45416915124627;
  -1.343900193468387, -2.428089396509669, 19.25033054567761;
  -1.227248476064241, -2.829476770152174, 19.54967659068463;
  -0.9918206085362401, -2.616426588655009, 19.68965924547729;
  -0.7791657748537194, -2.570473011848917, 20.03626465716538;
  -0.6829156094916238, -3.281655605612509, 17.87667875408017;
  -0.7335701008924241, -2.542826551282834, 20.50099474738436;
  -0.6883799613148535, -3.056440810194885, 20.47735482319134;
  -0.1002540637867318, -1.912409181020436, 17.07345493596301;
  -0.03272974226069696, -2.24897560431586, 17.62768869692025;
  -0.02966618069408863, -2.072951076586176, 17.2313692365463;
  0.1272138337022807, -2.740222095229087, 19.62989605391574;
  1.231412370618586, -3.286659205841772, 23.39147263842189;
  1.150559963832662, -4.266485485828423, 21.88291103229815;
  1.148161857493645, -3.421077698826555, 21.79144793594044;
  1.29679950703025, -3.408988921161724, 21.95584430960259;
  1.258116811827094, -3.555463110396328, 21.22129455779167;
  1.352362941617836, -3.915942566115679, 22.39179310484036;
  1.33848130596126, -4.669825498232669, 21.94057444899474;
  1.361137379269114, -3.196509818488719, 22.39064278018601;
  1.439111451757914, -2.123331741110141, 23.36450469509126;
  1.347443833105922, -2.737807165868651, 21.85780723972274;
  1.443691705118259, -2.260407255817579, 23.1009051178105;
  1.412106949564797, -3.66537421884121, 22.11866755131073;
  1.398805885390856, -4.194728422297433, 21.87053500554325;
  1.455887932943012, -4.623332218346281, 22.14950981872585;
  1.484970202384863, -3.325594375179318, 22.29418628961419;
  1.453265920112201, -3.451439221558235, 21.87855436172409;
  1.495785749458458, -2.980855020399549, 22.23382490751515;
  1.608484029149983, -3.267757998561243, 22.24676780426919;
  1.718006153484267, -2.533831147944054, 23.5687557760741;
  1.652944486923449, -4.823294537687444, 22.5194685475947;
  1.682232150919552, -4.646102294978337, 22.6614295396029;
  1.751899097371766, -3.951030402054739, 22.7240914005025;
  1.783135557936308, -3.076987993908443, 22.95056169299311;
  1.825625786157166, -4.126530897138621, 23.15278889895041;
  1.740416823708638, -2.426203301671637, 22.16516970304213;
  1.8180083682924, -4.823017555233186, 22.62702794511595;
  1.847806735453718, -4.410326871872091, 22.63169954399887;
  1.950508398859707, -0.7234747935778514, 24.03170002140409;
  2.023584307812945, -0.5447349597759328, 23.72552986914204;
  1.959989028533849, -3.407212528118996, 22.67631113986221;
  2.072646064522822, -4.532008484661607, 23.34596718132143;
  2.098254720047685, -2.315649762960014, 22.932212352472;
  2.090347836282571, -3.329389946065962, 22.81249784959722;
  2.174868726657094, -3.74491747715413, 23.16174033573149;
  2.366193463037826, -1.021709105591252, 24.29307150066795;
  2.249140821587165, -3.949013567586598, 22.76711528521653;
  2.390876982165215, -3.620212686848722, 23.98891184846953;
  2.445896249694011, -2.140707303514755, 24.43994838183273;
  2.564207261596966, -0.9230717206018467, 25.14630276302737;
  2.417797461923607, -4.41118870609486, 23.2723653677484;
  2.461994121574525, -4.931058172405494, 23.30594381623419;
  2.544167293864692, -3.858785631792312, 24.0141604979861;
  2.480148635815811, -3.553948053015321, 23.18651853303514;
