m=[-18.12498660624846, -2.330023696342059, 23.40162191619124;
  -18.19116754917131, -2.483396172775357, 23.73125048674283;
  -18.0018160322113, -2.848378262161746, 23.52682730172054;
  -17.815202866011, -2.713812930325314, 23.36435290530222;
  -12.63704275075747, -3.034211863422783, 17.09704904409517;
  -12.70846900696476, -3.115671058908097, 17.20138242290015;
  -6.60493052883436, -0.8264154111663189, 10.11618713891436;
  -10.98395697258119, -2.707502741610129, 16.53091517279837;
  -2.719620011946728, 0.8628338861334913, 4.837162667951316;
  -3.246758295341707, 0.8392769880395453, 5.597914616643138;
  -3.167278174312427, 0.7929832399925383, 5.53165414000678;
  -3.181487556355274, 0.7608922476003444, 5.567978354330129;
  -3.139788441348506, 0.7215218410122803, 5.575406028309381;
  -5.432746694503797, -2.2064644685568, 8.838185098035851;
  -3.129452263159592, 0.7412991372594768, 5.578695793032094;
  -3.127929173536891, 0.7629961780144505, 5.57613511779266;
  -10.56730244550093, -0.4724141201268456, 16.76025611023874;
  -11.04090213587686, -0.3969802982288606, 17.50998582215458;
  -10.6828471859745, -0.2779753655559612, 17.0640686748808;
  -10.97351369659638, -3.771531641995128, 17.60016721172106;
  -10.46066186541452, -0.6108449485314312, 16.8314581635186;
  -10.26128371900422, 0.127994032780998, 16.57482194242961;
  -10.48195881773185, -0.03748807935183557, 17.05337772142745;
  -10.91615259145655, -0.3488290011067183, 17.72144704596687;
  -9.960199547685008, -0.6365566779188092, 16.28328995064089;
  -9.959768274394442, -0.2541702994024509, 16.35045102703132;
  -10.64284494925861, 0.08811670259408268, 17.56404228407579;
  -10.4981912009899, -0.4220393535700306, 17.42138129117424;
  -2.472958789878835, 1.017563472390058, 4.86644337197933;
  -9.883391000123954, -0.579364215000012, 16.64339207436695;
  -9.765460710490789, -0.7004798326113182, 16.48141983238059;
  -10.30928360761054, -1.3113384906041, 17.35995883892876;
  -9.683214160321183, -0.3723531016839268, 16.47195528366449;
  -9.807350370748939, -0.5936954268457657, 16.82999769657544;
  -9.518076643504079, -0.7480227622821837, 16.48723409197199;
  -9.480520406107651, -0.6685961741480707, 16.4810651004166;
  -9.702781105503204, -0.4251352710866395, 16.93674059098488;
  -9.301587900175555, -0.7223369666470014, 16.28276197256696;
  -9.799493655310814, -0.2565140358222706, 17.12451965930292;
  -10.00413103093311, -1.018475786290034, 17.58739190811156;
  -9.892087426174015, -2.898830503541729, 17.49478719083841;
  -9.396107151242262, -0.5863911409130803, 16.67692472607529;
  -9.464741426820037, -0.009383839354250596, 16.87785163434676;
  -9.523963024903251, -0.519702171153551, 17.07379053334507;
  -9.317102306023381, -0.6806192599361345, 16.7328466387007;
  -9.107477990088972, -0.5715449241532452, 16.43650725525794;
  -9.387264847138706, -0.6093969683259252, 17.08188559198202;
  -2.535494544826129, 1.003446712264202, 5.330558888129486;
  -9.355900032612864, -0.2747838976574176, 17.328970185796;
  -9.60797423734436, -0.171821699556888, 18.01176017742372;
  -9.055829572512556, -0.4128549467618576, 17.1051912119195;
  -2.43857002402765, 0.9917482881111032, 5.438032171135746;
  -2.60543235298013, 0.5205168244832344, 5.961297347310939;
  -8.855892182574669, -2.639444040354913, 17.95069411317439;
  -8.639371636164395, -2.899690923224797, 17.61024964439615;
  -8.528192532922931, -2.820533260224191, 17.60342775950509;
  -8.496170693411411, -2.830211872159736, 17.83053926828493;
  -7.964205498327656, 0.1232330734281756, 16.84235435084877;
  -2.629408927194724, 0.4930157763075889, 6.226255072389352;
  -7.581468422854707, -0.7324922422191905, 16.29775978493693;
  -8.293535418799976, -2.228608490825616, 17.75174903769928;
  -7.354642930493418, -0.5285412392543648, 15.89648474189231;
  -2.595769886027234, 0.4830450291456622, 6.259053148239107;
  -7.497770758330514, -0.7847825567716678, 16.2653258922394;
  -7.1753013566415, -0.594564073580975, 15.66672622632495;
  -7.254255576705174, -0.6903807706191811, 15.92113595459293;
  -7.722988363254389, -0.2307496951129172, 16.8892293037116;
  -8.08159394293105, -3.856601802450644, 17.63654296458641;
  -8.048611087490306, -2.356564249593401, 17.5934126618487;
  -2.953075089862848, 0.9653032086127799, 7.078363724674659;
  -8.058148579981028, -2.206936201043352, 17.6534496285999;
  -6.526444571901375, -0.961780804007348, 14.5460213071104;
  -2.862213608564748, 0.9945873085120713, 6.943408108036698;
  -6.624901899944564, -0.5557190696396952, 14.88753068149029;
  -6.590081175429059, -0.8097643000473572, 14.86873147946429;
  -6.587196680847138, -0.9320472201808852, 14.86288965437523;
  -7.644907368112436, 0.03274521680498575, 17.10908996903964;
  -7.821121204698883, -2.204983710660732, 17.52080203467915;
  -7.08598498408946, -0.3413519948163622, 16.00539047274438;
  -7.804797988247826, -2.792305711957762, 17.53753330276545;
  -6.605014309210606, -0.7891586541861615, 15.05458787425963;
  -6.892427324458381, -0.3196257673952265, 15.70517750318801;
  -6.691771295228066, -0.4261070892002839, 15.28101976571539;
  -6.622960062034392, -0.6331952272682277, 15.15913942533388;
  -6.858000045880113, -0.5825577139165592, 15.66451783740082;
  -8.044371226891288, -2.978562326778654, 18.25659311205497;
  -6.655771558095881, -0.8448288130985788, 15.29786555513916;
  -6.603033069165525, -1.071735059246868, 15.22548674859511;
  -6.772121942417712, 0.2114110427123585, 15.60491509519483;
  -6.717769135986842, -0.1428136588397412, 15.50865056033448;
  -6.648578414381241, -0.4442060396729136, 15.42326725571736;
  -6.802995729521946, -0.2280456330332212, 15.79196273388961;
  -6.666997157750356, -0.3693528998306546, 15.53997909991719;
  -6.783243260465079, -0.0582275856253368, 15.79895500498645;
  -6.810909438174109, 0.1226950148203406, 15.86332527323201;
  -6.545115472644038, -1.098154159733574, 15.395852520021;
  -6.558469924614813, -0.06261411919705838, 15.4552006871898;
  -6.606087657804712, 0.02856527541817874, 15.57169707749745;
  -6.528096166728084, -1.024891462395358, 15.42126921823127;
  -6.574631653852487, 0.1986702122637735, 15.5363662364757;
  -3.041196012012826, 0.5889378746147835, 7.740548022530686;
  -7.009338420764453, -0.8880501376454206, 16.61236031653441;
  -6.892320224422, -0.9580419078007971, 16.3762586269204;
  -6.575750305540278, 0.09226848114982592, 15.67728185597642;
  -6.469859798762777, -0.5186670950696277, 15.44569146234756;
  -6.683424814656643, 0.09377932979113603, 15.93398923531516;
  -6.530297095337883, -0.196803750372448, 15.6267676078201;
  -6.885608624215815, -1.064609856672149, 16.5004158754632;
  -6.525840573948865, 0.02744332117685663, 15.8260913041533;
  -6.448613278060729, -0.178690208313664, 15.77145249411574;
  -6.409880444642343, -0.3699332103948556, 15.68604713435108;
  -6.461654297492289, 0.2081197505110019, 15.83697501723753;
  -6.857590358440088, -1.046016236084471, 16.77504206808123;
  -6.279796850047203, -0.4369043595572767, 15.44528864108345;
  -6.464714555381122, -0.2452827431817526, 15.96160893663827;
  -6.758730370192212, -1.055288015438124, 16.65277210700538;
  -6.449765690752745, -0.8099842785648762, 16.12268700200625;
  -6.392069097074811, -0.2101955706983504, 16.01135806703063;
  -6.889306907105438, -1.090845787241123, 17.27660988188801;
  -6.331839286814402, -0.5014076214661704, 15.97903291668088;
  -6.378344107739696, -0.1086486413872115, 16.09816546419203;
  -6.356703267135833, -0.6154187323260077, 16.15006940469562;
  -2.901920313557127, 0.5561558188249951, 7.949140801539815;
  -6.519522454626855, -0.8975948065883056, 16.74398895822084;
  -2.867044052022094, 0.6107080446077341, 7.904842780529851;
  -6.370863816866104, -0.9984337887548905, 16.4156460258669;
  -2.827702092685908, 0.5089262285232473, 7.825996598091749;
  -2.847626582359746, 0.6613108585678575, 7.907363730781884;
  -6.130592167872067, -0.9825100622928974, 15.92376613006856;
  -6.42104535798161, -0.6518938695641574, 16.72801905013165;
