m=[-34.27902661637965, -4.406676045551934, 44.25850556242757;
  -34.57471298199901, -4.720021937141369, 45.10437123209473;
  -13.04194908075393, 0.4994883112821759, 17.66700116103095;
  -33.9420667648694, -5.170438998716413, 44.51447632643808;
  -24.66349442799863, -5.921818012557529, 33.36801039222449;
  -25.35782171398391, -6.216848873606421, 34.32274874927175;
  -34.31858448860103, -2.925593562603216, 46.98933956900987;
  -25.46634005728548, -5.885709732415507, 35.18865363730787;
  -35.87694104465005, -2.871031723234917, 49.15932872731767;
  -24.22448625179528, -6.358027646117735, 33.5531254116743;
  -25.45409957236294, -1.923156699858273, 35.73184406814425;
  -24.92445402703899, -5.665810668560458, 35.06379630870879;
  -10.5426086330369, -3.174938987626614, 15.37629735175023;
  -25.47890821656421, -1.790017201910215, 36.11994119955097;
  -9.755415137200128, -3.3528295388391, 14.66412295928577;
  -9.618368837973687, -3.144573198623843, 14.49629619653771;
  -10.88102359069574, -1.438190616486998, 16.42840961241651;
  -5.680170765956996, 1.594792749811159, 9.13030005606233;
  -13.20357409474499, -1.929406291090611, 20.16374796478241;
  -13.16288080418516, -2.057091632032613, 20.10955954785305;
  -13.08175365273601, -1.636801897689338, 20.03616351126238;
  -20.63572558308445, -5.086626225028435, 31.05687959217764;
  -5.663623139070255, 1.611862983484141, 9.401982854996343;
  -13.08635196470918, -1.704563944177783, 20.50501164987918;
  -22.70146521294895, -5.466903429862934, 34.84538251507246;
  -19.75436530417207, 0.3374152510671809, 30.66709691424519;
  -20.50442705341061, 0.1475578020565665, 32.08731266527525;
  -19.30928066469595, 0.04616644848713241, 30.40095543907046;
  -6.700518775953043, 1.638289796850289, 11.20921814976928;
  -21.44694032491177, 0.4127456295286462, 33.74105995868671;
  -20.87683056274839, -0.9333043690385731, 33.11166958703772;
  -21.26696131931271, -0.7646625740417272, 33.727696034134;
  -6.606596323878207, 1.633831716342228, 11.19477917271935;
  -20.54397674469407, -0.5345690475734877, 32.81558033394587;
  -6.605012926303768, 1.478183102751551, 11.2622234584009;
  -21.29839589111528, -7.320132479717525, 34.1600092175881;
  -19.15055513664542, 0.2388742821129177, 30.9334631202831;
  -20.92025678981352, -2.348712385793693, 33.80114220423106;
  -6.555306448897206, 1.694526463519091, 11.30236452756783;
  -6.506550165280084, 1.471586959982707, 11.24347584957496;
  -20.96769201477754, -0.6700290234814529, 34.03926801159187;
  -5.218774584437921, 1.995665197021441, 9.243211726907658;
  -20.85365459784504, -0.07458180974889081, 33.92736557289641;
  -19.225502173498, -1.228702470898504, 31.4305375950531;
  -6.361009045783804, 1.592589373316572, 11.10950793905848;
  -18.95789625625165, -0.4837998269377461, 31.12222551505389;
  -6.411141543295233, 1.533304095066247, 11.22025364151016;
  -6.423023976476187, 1.423630034105199, 11.24658512138394;
  -6.386143809192083, 1.479330388805861, 11.2250071547798;
  -20.78400941722959, 0.1720797761559245, 34.3001539510617;
  -18.69466765986124, -1.225719791071063, 30.99058624942158;
  -19.29192256694819, -0.7755574625569951, 32.01427107242268;
  -6.400865738582024, 1.397775473213831, 11.32930625187782;
  -18.1372495787918, -1.208963690488902, 30.37342450883771;
  -6.287350609887992, 1.489336532665981, 11.20810079438211;
  -6.314797757234423, 1.540369454163814, 11.25734106570489;
  -5.158987477023038, 1.942059532524627, 9.386109440584905;
  -19.33899692084113, 0.1195850744841922, 32.41914285155804;
  -5.098005267933948, 2.018775562130431, 9.290430129670153;
  -5.052020960887838, 2.045988612200204, 9.237610691414028;
  -19.25439352981606, -0.3006783245360242, 32.3989472223922;
  -19.0493732940704, -1.116673943651817, 32.07868519015513;
  -19.7869877207858, -2.516900261839934, 33.31960836984346;
  -18.94911673944299, -1.359226616673394, 31.98091290255724;
  -6.273566441795204, 1.618284771539506, 11.31435160778979;
  -19.30292598480189, -0.7422643187494933, 32.8358877952355;
  -6.162283297226247, 1.185823096715828, 11.2282526305485;
  -18.93013891502394, -0.4927861286123215, 32.48775767031496;
  -19.01888760103249, -1.151322851287544, 32.63754453715519;
  -5.161499063804524, 1.98805871312231, 9.613055893335172;
  -5.215592851646188, 1.812040435978298, 9.716195744168756;
  -18.52354513232806, -1.455759804855032, 32.08652716810519;
  -18.63199919120248, -1.313987296303117, 32.39011978955183;
  -6.071205078707855, 1.279712834660959, 11.25357080886724;
  -18.79957304334675, -0.8237186323376097, 32.81569360313039;
  -18.67538266219152, -0.4888515616934768, 32.63504919668834;
  -18.20666308144918, -1.413881793534385, 31.87141426297377;
  -4.970927818278557, 1.972785213210352, 9.453288763022137;
  -19.54443939940297, -1.989731864102564, 34.35937756900564;
  -4.993681873771576, 2.047437385746473, 9.556689287361184;
  -19.01286982585127, -5.571633633687236, 33.62547227496869;
  -17.94616250671273, -1.533200319316583, 31.83306097902459;
  -18.07067312793279, -1.127752425764417, 32.07320336531106;
  -18.31071328290881, -0.01815419821419131, 32.65229214104695;
  -5.124809535946878, 2.061376553297069, 9.902823333623353;
  -17.83110449068085, -1.302571630499882, 32.023383133651;
  -17.66935282998866, -1.10885021452071, 31.88835002421827;
  -18.39933843132024, -0.02254219729001994, 33.20880216191526;
  -18.63848378681556, -2.256431493415041, 33.76277165237157;
  -17.76275690019043, -0.5581500756945385, 32.35285767467907;
  -18.49458587316061, -1.20062070742394, 33.65436099874304;
  -5.012799772364077, 2.062647369474687, 9.864501716373484;
  -17.56446430072831, -0.2933319332881016, 32.12469769272571;
  -17.72637267835646, -1.479612987099276, 32.4544700901378;
  -18.2150995400243, -0.1245220641246108, 33.33287396559649;
  -16.40127636827359, 0.07599467567352738, 30.28482548138112;
  -17.95834323086693, -0.6692191993869775, 33.06757395725898;
  -17.56495477477427, -1.353336680560897, 32.53768420535693;
  -4.916429417104621, 2.023034733446072, 9.841326257078856;
  -18.38324232060615, -0.5399180152447841, 34.04938669519759;
  -4.934602073122668, 2.047437785620067, 9.938915235842607;
  -4.876648900255507, 2.098264175962278, 9.853037986111795;
  -18.36130201078038, -0.3283595521423458, 34.42134212620816;
  -5.308811006424332, 1.977162032583224, 10.70007566820666;
  -18.53387179508357, -8.227150859741924, 34.9675940039778;
  -17.63090295194998, -0.9908209137690049, 33.46494567571811;
  -18.26476701312169, -8.569508079896167, 34.7418324414527;
  -5.026214178775854, 2.006672874411369, 10.38099807343332;
  -18.04785456423454, -8.311981346152596, 35.25420789513775;
  -5.021603044393081, 2.056224097216656, 10.5396529021786;
  -5.076744794097039, 2.009171300737472, 10.6732184220869;
  -5.531934799048121, 0.5839906004842662, 11.54125796593503;
  -5.471260499824917, 0.9811487241440118, 11.43370259051039;
  -5.178552113143859, 2.170740653127793, 10.9177083464279;
  -5.003614819073493, 2.046965579857301, 10.65003480901147;
  -5.423234802867016, 0.8055309316562268, 11.48726414627923;
  -5.407906583226805, 0.916539319335672, 11.48061073883241;
  -5.382876934853571, 0.9932905266031999, 11.43375727123827;
  -5.361674237324145, 1.239094861532248, 11.44920832948514;
  -5.388236494329155, 0.6368146036718266, 11.50944288722367;
  -5.411689094823633, 0.9579306407939756, 11.56821269312751;
  -17.17065636796325, -5.117608218918784, 34.80453395652432;
  -5.384249460898638, 0.903066477088601, 11.62217130135829;
  -5.31944576753776, 0.7324802746867144, 11.49970011990013;
  -5.196123294101246, 0.81180736385333, 11.29374186213381;
  -16.61883240681976, -5.4963545169238, 34.30368329413248;
  -4.90028824745377, 1.992910776716794, 10.92768502643985;
  -14.59202323686077, 0.2765496931710748, 30.55683611510768;
  -16.9951343701736, -5.661354132246381, 35.66694004772692;
  -13.91714415002412, -1.370699649547932, 29.48645809928133;
  -15.98977759878777, -2.044755465638366, 33.81151841125603;
  -15.84919841665603, 0.2452404615460542, 33.51719339314943;
