m=[-6.941636141031329, 1.621241942776805, 8.817463557753637;
  -14.64881161156925, -3.863053475190673, 19.93646688923379;
  -13.23443154039937, 1.418945346714417, 18.42555052232798;
  -14.04659338906461, -3.578140779070782, 19.89052506112137;
  -14.00012124360701, -3.664043334819897, 19.92298646200129;
  -13.93218932803701, -3.056026527403457, 19.85670587108503;
  -13.91882448381032, -2.615112891239053, 19.86912189739308;
  -13.88315518054759, -1.724412632157025, 19.87906559671671;
  -13.33029210271731, -0.9668419932568241, 19.12259801411229;
  -14.07153939691795, -4.894807130982649, 20.33498935290415;
  -14.07774251534863, -5.110857629395381, 20.35767214636223;
  -12.77187796353252, -0.8566181473191737, 19.12626452166199;
  -13.09915009915467, -5.058469887125516, 19.98158273452119;
  -13.75243894288226, -1.238769287656845, 21.60237564659463;
  -11.96928304622685, -0.6950802510566445, 18.89538407935126;
  -11.05885782535973, -2.36039101881194, 17.60486224693031;
  -11.59142942609291, -0.9205943039731697, 18.47933291445331;
  -11.36389155445529, -0.6565088265869602, 18.21923410796925;
  -10.57403360481235, -1.885090767583571, 17.13082459203801;
  -10.34266029610391, -0.9657137483241081, 16.87598837938521;
  -10.73925435451738, -2.428611723227946, 17.72244101361983;
  -10.10035563688338, -0.6292325617547919, 16.81411713872607;
  -9.872478178897632, -0.2305195092898987, 16.4898124702271;
  -9.984935661207627, -0.9602561700409751, 16.71077645992263;
  -9.790846619749987, -0.6339825076478182, 16.58455156947543;
  -9.841549152790799, -0.7855034405589185, 16.69217992335988;
  -9.867082667610509, -2.24782876389058, 16.84926632787814;
  -9.886724498034052, -2.417914019507847, 16.89665163209829;
  -9.723103644700291, -0.5411571115470962, 16.61284743394327;
  -9.891245132214758, -2.192497030876739, 16.96935489920691;
  -9.66558957456864, -2.247697608657527, 16.81125021461361;
  -9.511191664118158, -1.905803717840801, 16.54472520230397;
  -9.813031444752602, -2.198418579915217, 17.13376648513266;
  -9.478079305342371, -2.358407585767189, 16.57773164386377;
  -9.279261118529597, -0.9328216680496714, 16.21866580974886;
  -9.433281585249729, -0.6420956842304124, 16.55073014841805;
  -9.7722304165819, -2.313373360922071, 17.20723049796824;
  -9.099063496650778, -2.325479657109845, 16.08424859294324;
  -9.536471808686677, -2.037075258495086, 16.85038373964236;
  -9.452687363463218, -2.407026872269237, 16.76646713222737;
  -9.566449442346853, -0.6678589364423072, 17.09090513478319;
  -8.991411598947732, -0.9468623990588632, 16.14789873920016;
  -16.03890678602385, -5.884739215408939, 29.13199887024948;
  -9.09400335585768, -0.8724842562336627, 16.78795441025175;
  -9.128089574854203, -2.728897034699378, 16.92150547125963;
  -9.175950092988991, -0.7542254458998488, 17.05864753323875;
  -14.5828133807108, -5.406618865462384, 26.9424202670033;
  -14.65585516275644, -5.853194549620277, 27.62355183025059;
  -14.06719255574099, -5.432458980730242, 26.69231089895484;
  -15.12967465040686, -5.190067779521948, 28.78464815052462;
  -14.70437683397694, -5.831751630164482, 28.17601702354749;
  -14.34977536525338, -5.626526987244734, 27.7511405677156;
  -13.37717418059278, -5.53865259315629, 26.37983724364254;
  -10.34050678984679, -1.941610763488181, 20.88401130534016;
  -3.899220582355647, -0.9117784910707696, 9.111622552909656;
  -5.243281755734627, -2.565704744611348, 13.00003337391482;
  -5.102060246929082, -2.527139861727347, 12.89124699301411;
  -5.718210727207928, -2.908168268950197, 14.57843529688934;
  -5.404458761637624, -4.695195031581672, 20.12011383240806;
  -5.444570055553438, -4.581252267560863, 20.94280578098602;
  -5.542222966260606, -4.369536333638349, 21.50699732507908;
  -5.171262536174491, -4.544459815687553, 20.42909448282764;
  -5.085653134630499, -4.228275569170337, 20.14216292966898;
  -4.824358712911271, -4.083600006686057, 19.78948970841773;
  -4.953012050303641, -4.572617610396612, 20.3399683426384;
  -4.833407128365105, -4.37403487396473, 20.78462655238982;
  -4.438729985696908, -4.422206301025305, 19.97668454894597;
  -4.549526370680597, -2.652572623028454, 20.46961036792936;
  -4.668386585564107, -4.85370684894711, 21.35822739552634;
  -4.268097475298616, -4.434923170561, 19.97368798074137;
  -4.33049368942084, -4.714080434638825, 20.59350784859227;
  -3.975478546587692, -4.409997276568201, 19.52956454893422;
  -3.740842950834497, -4.643252952623766, 19.71840866509918;
  -3.648718968781897, -4.401033238209418, 19.96071941720971;
  -3.546453380069884, -4.585446351581526, 19.9650999281463;
  2.777754502433196, -4.666101882240632, 21.24360528162163;
  3.400865944806335, -0.6330150099386456, 22.51092804854482;
  3.843062660237229, -2.191507715269281, 23.13837980603643;
  3.736302113998172, -4.404160382918808, 21.99773032720495;
  4.034094146645763, -1.311922345216685, 23.37766042447252;
  4.203936274021025, -1.147231391974031, 24.05605977577779;
  4.03955774641199, -2.418541042803637, 23.03892215134887;
  3.924836404710092, -3.635446709735493, 22.21800424152114;
  4.30631920104499, -1.364297505013838, 24.13904628703075;
  4.167045581258267, -2.056865272256337, 23.28535996866337;
  4.076164773631496, -4.627841402300789, 22.4242649324214;
  4.190523795248432, -0.9663679881684107, 22.92934472827255;
  4.072520269050022, -3.360444890627049, 22.11569520640919;
  4.193625442117636, -3.517022541976481, 22.62447226750358;
  4.190425816958016, -3.611587770353391, 22.50683622060673;
  4.928427693195892, -2.447587774797865, 23.30779199886681;
  5.009715454194886, -0.6129397747646714, 23.5304929395665;
  5.014726930716442, -3.675738014718993, 23.19846615872092;
  5.299162647929331, -3.138452109793736, 23.78531526847225;
  5.358470064102713, -3.434990939252694, 23.4827009468796;
  5.436412512681954, -3.212590928058575, 23.75300973618768;
  5.709878185193477, -2.228669975723528, 24.58336555721213;
  -2.696943732189215, 1.827818336371671, -9.979977761932256;
  5.593697797978692, -4.171353850455958, 23.53333530586831;
  5.454466602213164, -3.533503877936684, 22.97303729652701;
  5.844772877313681, -2.492289179464206, 24.10241967939645;
  6.023142453300219, -1.01887770488458, 24.77804151079918;
  5.802343827425202, -2.512833744946558, 23.43171498082029;
  5.920874723357309, -4.139468202226956, 23.56110364852543;
  6.226749663767983, -2.450347907984853, 24.24725798943834;
  6.220147254944359, -2.727570961860299, 24.18522866100974;
  6.425463692216186, -4.639362403132913, 24.70453326981945;
  6.590599105992831, -2.19027405055662, 25.09828450960678;
  6.675741723224586, -1.964441919899371, 25.30618593073857;
  6.752206151275553, -2.112933505114091, 25.45244562762906;
  6.562951312650416, -4.650885669073213, 24.71860667609875;
  6.633761405366379, -2.53707070129065, 24.92675566578718;
  6.715619791554303, -2.817257835652342, 25.16356715468576;
  6.857967810468868, -2.368843493283754, 25.00666912678675;
  6.759860432597521, -4.629627227795589, 24.60127707473679;
  7.214830179171496, -1.115822481246624, 25.94984378061702;
  6.983097376326394, -1.44674204677744, 24.8224700524313;
  7.490295379116982, -1.307313792371171, 26.49012207118238;
  7.179953909837203, -1.817069694745091, 25.35690626026911;
  7.265698172305853, -4.393388413092032, 25.39296580703409;
  7.556768619989618, -1.022823722271381, 26.21077059608698;
  7.604562989411146, -1.517105340186846, 26.3467668424161;
  7.631001353213665, -0.58422678545519, 26.43699646602249;
  7.606176570878946, -1.207231686644904, 26.30542544136456;
  7.535526841374155, 0.2159733058598087, 25.88799571976945;
  7.546832370140624, -2.070400778606587, 25.41743189682423;
  7.900380595240886, -1.72871908952321, 26.01366173866981;
  8.09721318592147, -1.09720940045308, 26.41410198410483;
  8.149529853642246, -1.800958057483261, 26.08588647638182;
  8.378468471404023, -1.080366722571547, 26.61883397007673;
  8.271224213207724, -1.04786972264502, 25.7080344881784;
  9.00246961010858, -0.6271731870860673, 27.72028900203962;
