m=[-16.18470116834716, 3.779990168360332, 20.55826751009042;
  -110.7466387735609, -5.671671785244551, 139.0121910037382;
  -86.3715591169895, -5.118390617091076, 110.8914481542402;
  -89.32879511044894, -4.566750905147943, 115.9040958533979;
  -81.19991929618944, -2.256049355722666, 105.586171359342;
  -28.41593919557499, 2.134324446013663, 37.78798451323932;
  -89.30295685042766, -3.583722118220531, 117.7846702650603;
  -31.68175643260608, -8.354829219761708, 43.11764700507048;
  -100.9164276710856, -30.97367923947842, 137.0884896394544;
  -30.8935886458405, 3.312292917040689, 43.01139619577304;
  -30.69683114171102, -8.074444232856941, 43.26883183686369;
  -31.75189672863911, -8.088278299992387, 44.96192636364133;
  -32.59159394140816, -8.529712741359543, 46.37973297311429;
  -30.74122939570988, -6.7430904293863, 43.81361291134347;
  -31.1112599920015, -5.845282204859052, 44.41132351956672;
  -30.65680186328306, -3.807850283821087, 43.89697927454223;
  -30.56199416323818, -2.216652052858263, 43.84185465629204;
  -31.11435619299959, -10.82317778272263, 44.96381554712449;
  -31.4722459227064, -11.42584956450941, 45.51167657070022;
  -29.02623610591811, -1.946808501278801, 43.46764598089344;
  -29.89536821096104, -11.25313743424355, 45.61932686534748;
  -29.89736505458577, -11.54539948685529, 45.60575830190236;
  -29.51423913477581, -10.0172129258236, 45.42671936590387;
  -30.22161355819322, -2.560886629351971, 47.00254240575534;
  -23.80654308097024, -3.141925774396177, 37.31001332714051;
  -33.99184015988003, -1.286543469819664, 53.2120980854039;
  -32.11142039391635, -2.892479038244278, 50.44072318925833;
  -29.17555488693574, -1.694282935511412, 46.05817350861535;
  -25.51852566101559, -5.446647360404411, 40.62355589532341;
  -25.14968980144829, -4.798678954850871, 40.04485306217709;
  -26.15166919381952, -2.076972288251751, 41.69161399657823;
  -30.34965942928536, -1.253665389911395, 48.44438948316414;
  -26.78949002149773, -1.547668470312113, 42.95042662066032;
  -24.43297273769714, -4.355799598697351, 39.58347267224938;
  -24.98417282801441, -4.2740511271204, 40.61301159912385;
  -24.66754852054888, -2.974945684488131, 40.11696582197224;
  -24.4736111925356, -0.1685915842053699, 39.82285609506721;
  -23.8553952388238, -2.227423360556069, 38.92454758353468;
  -24.36270651945183, -0.7221125216781248, 39.94022417039467;
  -24.61316719052858, -5.566105840443469, 40.61784825023902;
  -24.32842216071113, -2.646501006469495, 40.13078683893665;
  -22.86745108293707, -3.910634633704823, 37.91365784645308;
  -23.70748043441589, -0.9882208701457175, 39.42485436788635;
  -23.69584451195506, -1.476205143782589, 39.44660164936447;
  -23.7532334427153, -0.554631128885873, 39.67457389464073;
  -23.73227810044103, -2.282344849112487, 39.71831243359483;
  -24.28002102109365, -5.257653642867349, 40.91002628029048;
  -22.76535288846103, -5.305695878094289, 38.4739909845419;
  -23.93433849661074, -3.447591427964038, 40.47759896875621;
  -23.49404701029544, -2.662754222455919, 39.79360272621938;
  -23.31491350961998, -1.50970063228284, 39.4927426049317;
  -23.55592329994514, -1.880116484750967, 39.95303014587378;
  -23.26630540240842, -0.5921817007138936, 39.51508297824237;
  -23.08428496402289, -3.723209436039616, 39.24665695092112;
  -23.17194580450126, -5.278821314191471, 39.56896879731424;
  -22.88766658064817, -5.597446344355475, 39.1155765452683;
  -23.20460504422873, -1.291494722178606, 39.64727492900903;
  -22.93778090192595, -5.084396943978388, 39.35190560158294;
  -22.65215136703404, -0.5902130765550855, 38.90322645247072;
  -23.04495559372504, -3.125390029130367, 39.71751249994381;
  -22.7042561761269, -0.05237905264469173, 39.13699743752336;
  -23.34019583698174, -0.7580165830567769, 40.2445490067871;
  -23.04870228029792, 1.137776051443536, 39.79981065635798;
  -22.83583183970703, -5.310389420306583, 39.71810306597754;
  -22.58580143214434, -4.525626846758078, 39.28801893230245;
  -25.38163529020975, -2.987710054544171, 44.06057843419958;
  -22.24318749747447, -0.245643725220929, 38.82558365119402;
  -22.06656156829045, -5.490769228436523, 38.59574542446843;
  -22.40310056667949, -2.252129493194608, 39.15704025912212;
  -22.4551743809764, -1.001213830339331, 39.34077423406482;
  -22.93585535360537, -1.561176098009285, 40.24104965489829;
  -22.86842819581209, -5.413627221128826, 40.26740041084832;
  -19.87689993696034, -5.080009219281009, 35.13603350067908;
  -22.27449307681093, -4.758029977182984, 39.35771671955069;
  -24.53028774352968, -0.9366953073058231, 43.28723002434546;
  -22.15614914301924, -4.5741917351027, 39.35526380924704;
  -22.29823766115634, -1.243873410004428, 39.64898874017236;
  -23.04333375284567, -1.60871559140182, 41.16798332887208;
  -27.17289838745066, -9.913818404372929, 48.57752416552805;
  -22.08940120953614, -2.326177952467764, 39.67090261810498;
  -22.49878256946465, -4.785521512003188, 40.62748297345426;
  -30.15924988804943, -11.30652861236548, 54.30230989606777;
  -22.14483348287967, -2.745042485352771, 40.21500207579472;
  -34.8563629687828, -12.78893934639387, 63.31076925469927;
  -32.92537977312778, -11.47801680568644, 59.94011399422043;
  -22.44530751011435, -2.652205989079628, 41.12165346226304;
  -35.410114339528, -12.60872449532705, 64.75233535291753;
  -21.44581735546274, -0.140290772857336, 39.50078176992331;
  -33.7607759643853, -11.46467848982235, 61.9394703977169;
  -21.32923906833208, -2.732780680452235, 39.39750883684155;
  -21.86998143230384, -2.098219424068821, 40.37300591076613;
  -35.26176849460592, -13.26804653875095, 64.81962898859906;
  -22.35404066608869, -6.682874306501652, 41.4395606368731;
  -34.49119140025349, -12.7877057223779, 63.72406681446434;
  -22.0415335299184, -3.466708116074074, 40.96255688255592;
  -22.7132379945129, -1.866934963751598, 42.22528646739306;
  -22.43202780581551, -4.763832169200152, 42.01384419138973;
  -29.75010893110056, -10.15320401283434, 55.44106724124032;
  -32.38888581350237, -12.9353386620266, 61.04700517694516;
  -33.59777488065173, -12.97476615605588, 63.75133126769176;
  -34.55111359308489, -13.70296173006709, 66.20564582728989;
  -22.59503081634761, -4.537081539661537, 43.67876594760532;
  -24.10111253323587, -0.7955936704369857, 46.57619970609446;
  -33.17495743143847, -13.00785472507554, 64.1573044576767;
  -32.45674063568647, -1.590349636497146, 62.70547055486681;
  -33.76411070124438, -2.022474686648407, 65.68912738068552;
  -31.58112927986915, -12.62019985039007, 61.69334994414957;
  -33.59052441135577, -1.690535668182014, 65.55718643551899;
  -31.45464160343681, -10.59959033271212, 61.89392273487039;
  -30.55502362630915, -12.6509275095878, 60.25462024760525;
  -31.20709122927744, -10.02040730966679, 61.60374146136999;
  -31.12453465235726, -10.47530178537158, 62.05141233454706;
  -30.48234032179962, -10.13951719146734, 61.48955673707645;
  -29.61554301168278, -12.78321784781553, 60.0612662014965;
  -28.99192504305176, -12.91273252855127, 58.99597320101868;
  -29.71564051065433, -13.62543017211049, 60.7547853285572;
  -28.70315788733099, -12.54035000221635, 58.9388142100465;
  -28.73113381596937, -10.4337092609404, 59.1369016097378;
  -28.52234049416774, -9.426885583116938, 58.92662777117186;
  -27.60278219989289, -10.86765183420497, 57.43650908916192;
  -29.33436769121483, -2.030511776076756, 61.36807932879538;
  -26.64775019241512, -12.48213985028314, 55.95189217166295;
  -24.99135172249049, -5.244226118498847, 52.67332482924343;
  -27.74399960604733, -1.946757404695365, 59.05290270026772;
  -22.99514722241255, -4.196642541409939, 49.30430152266256;
  -26.94363850100907, -9.893903493107649, 57.96402337044606;
  -27.88603777250805, -13.8550458125758, 60.08734966480491;
  -39.94086705123512, -3.035234456425312, 86.07815487534661;
  -25.36115210731816, -12.16332193537731, 55.36662306746408;
  -26.03977416535534, -11.26737447432105, 56.99921080441113;
  -9.312564289572739, 3.500486513692759, 20.74271703796588;
