m=[-7.150367293861861, 1.802983831911333, 9.717159682592376;
  -6.996876312855657, 1.811132337810037, 9.699794121075433;
  -12.3755081987327, 0.992276220346191, 18.21822529672857;
  -12.1691305450473, 1.462336950579921, 18.96857463746287;
  -13.24379870017421, -3.681701504298174, 20.98227606269094;
  -12.93846137256443, -3.693054715453378, 20.61511555950454;
  -12.90193293515949, -3.082177812654221, 20.57373053036023;
  -12.96087229044723, -2.641859635432557, 20.71153152262033;
  -12.45968516338889, -0.9662557219340062, 20.02626532097274;
  -13.00209034763474, -4.946865242757917, 21.03117812137935;
  -12.84734098017876, -5.104507660456261, 20.79923270748061;
  -12.32900849544271, -0.8899335499765104, 20.73784248294442;
  -12.68040898226266, -1.161088515420645, 22.23797021874494;
  -12.53658246460897, -1.233427206235858, 22.24647453901821;
  -11.45910407911001, -0.722720836190562, 20.4153110542695;
  -10.76804043483867, -2.532770139988277, 19.28848052871443;
  -11.32923592360121, -2.38524299949034, 20.29677754734683;
  -11.09335495098829, -0.9493600189570277, 19.93336587710488;
  -10.96628118146579, -0.6905337788106842, 19.83809651177152;
  -9.949493351990034, -0.3104731972470028, 18.41256851316274;
  -12.69886902984977, -5.068324213426471, 23.47895726898627;
  -10.03902962920661, -2.521001691776287, 18.69340018814861;
  -9.880800364794595, -0.4393271156250739, 18.56333571240477;
  -9.796128236216386, -0.6650076387330055, 18.42201405118639;
  -9.735172439102852, -1.030341038200762, 18.41153746362651;
  -9.604020281691827, -2.306099424892001, 18.29128771251375;
  -10.00211169574162, -2.585732392437772, 19.08432478490144;
  -9.558331062549407, -0.8413229306791868, 18.34475034547697;
  -9.517842647153186, -2.417005506636807, 18.37996787329016;
  -9.395202388533075, -2.321069105230059, 18.23317141372158;
  -9.302196195422814, -2.417591779316318, 18.32677476565142;
  -9.44425363053157, -0.5987598157463254, 18.56712549604327;
  -9.344336275361483, -2.091941525162018, 18.41224893466639;
  -9.254630987268913, -2.580029623454704, 18.33329005894583;
  -9.540635219591019, -1.064842961626003, 18.90805033627236;
  -9.0660778944232, -0.636768170887635, 18.20878342466985;
  -9.275686620280617, -0.5683560339724546, 18.74140672372277;
  -10.84669772039561, -0.681760944151994, 21.90069898092288;
  -9.310408246232331, -0.7195872650608122, 18.92164654471877;
  -13.88362818982448, -5.716363951239385, 28.86817359129777;
  -8.80033141976279, -2.968506537287146, 18.59815444497836;
  -8.783370857759499, -0.8072896128396135, 18.65433528862884;
  -13.05373117928424, -5.462736170825143, 27.66701428692429;
  -9.706901702241821, -3.194645846043585, 21.13967628401665;
  -13.3032290434734, -5.997611421367472, 28.78903224987633;
  -12.62476389334302, -5.521599767065004, 27.55036441053489;
  -9.076218994677069, -2.762937387542935, 20.02402761356608;
  -12.76471391258019, -5.735702330801919, 28.16560088416604;
  -12.45510861534916, -5.543308314592808, 27.75573626136908;
  -12.15707251304489, -5.530771127166005, 27.38757222830049;
  -11.47804516500836, -5.422501453315901, 26.75093009646218;
  -3.805900569795893, 1.684372570788098, 9.728343849888683;
  -3.115747584283673, 1.648068307891465, 9.118795866246506;
  -4.721808676458016, -2.783624375014031, 13.86450666120201;
  -2.888269333747569, 1.665269964310883, 9.059337176814255;
  -2.741129946970543, 1.660083522457036, 8.959728534868548;
  -1.038931958163541, 0.9137880783077607, 4.724515112305244;
  -3.283526348167829, -4.083975751895687, 19.08251939093415;
  -3.085445523279917, -4.294074156975398, 19.048824282466;
  -2.891683029549069, -4.273643028860242, 18.87586742541079;
  -2.835778795738357, -4.408895009985445, 18.90963985538987;
  -2.64021423008609, -4.25197456949006, 18.45596186845655;
  -2.182073804597693, -4.015117935991691, 17.81188174325762;
  0.9959638749452412, -2.508447169682158, 15.7331981981651;
  1.94567330271588, -2.126955306182793, 14.93041143170284;
  1.263198435602152, 1.564087381940032, 8.102232420615414;
  3.824450934852886, -2.168627662525625, 19.47271010927134;
  3.911153472576767, -2.289617490971453, 18.85685225831994;
  4.200303663840751, -0.5353233516584686, 19.56057834415529;
  4.331723613548366, -0.6263033163552296, 19.57570972619827;
  4.54046646544717, -2.326940898877113, 19.88679235480754;
  4.804075501530311, -2.056665556377666, 20.3176126190618;
  4.81733464661543, -0.946471938941445, 20.19538577507467;
  5.048212858436161, -1.263134059394542, 20.74964241476283;
  4.993815086285526, -1.864900844163135, 20.38059192200051;
  4.926514718008511, -2.241236398325729, 20.00892961407977;
  5.263211469128899, -1.698875010896034, 21.18202168572046;
  5.296120789585147, -1.467431096179854, 21.25927857330375;
  5.247697166655412, -1.294738521929005, 21.06402435982063;
  5.334916562868089, -1.063596810533609, 21.37993105367515;
  5.300048350369822, -4.281352684608327, 20.09823178852061;
  6.01365093709974, -0.6381202950325564, 21.05275647954871;
  6.083894757371177, -0.630910003960857, 21.26613925253458;
  6.202929791154104, -4.499328348355275, 20.96657403821403;
  6.456074829476601, -3.484650579969733, 21.18343229153447;
  6.622255108213478, -3.405389833996571, 21.60398419029215;
  6.580814149068303, -4.46078643269281, 21.27912283507645;
  6.8386432277771, 0.5500340372686747, 21.94809638227203;
  6.923235904435266, -2.425990755653919, 21.90460667270625;
  7.082095856682761, -0.7321408246108775, 22.3570903744046;
  7.051412143367108, 0.4917798195280786, 22.27380871623624;
  7.003787790322792, -1.01402377728148, 22.09424373247836;
  6.847162355551077, -4.423845214198066, 21.44358710418016;
  6.938907295237746, -0.8407278709271802, 21.61870986320077;
  7.17000620788315, -4.108040040551342, 22.04285065198555;
  7.243264924327967, -4.280795182083931, 22.1312631220005;
  7.203198914023667, -4.528304783211941, 21.9018039774677;
  7.505372968843234, -2.471563694140169, 22.63621190067737;
  7.514874310812865, -2.744077988422514, 22.62373477853041;
  7.488720986099096, -1.791502976321928, 22.54199171638651;
  7.564225005437875, -2.152067952740197, 22.75390986363939;
  7.53489444739362, -4.485929340712809, 22.54881739005087;
  7.733704152689031, -4.523972067137888, 22.75239082830089;
  7.702118022365465, -2.705105105403439, 22.54220265634814;
  8.202695243335372, -2.411158839265396, 23.45357380925683;
  7.99305027648454, -4.56574377194845, 22.85074542432174;
  8.454577127589124, -1.148436231159575, 23.93059637602671;
  8.163315024787872, -4.247963976872231, 23.01997780257464;
  8.59190836847193, -0.5798907258479582, 24.04679388523341;
  8.945432613337195, -1.558025736738184, 24.55511278317698;
  9.059495430802278, -1.274190949242364, 24.82345153166025;
  8.886341056826886, -1.741732861309157, 24.29836698211585;
  8.736517668769752, -2.498003712951673, 23.89559314082504;
  9.086489942592257, -1.680609612479502, 24.62655467035206;
  9.076867209049635, -2.155818701400491, 24.30678948160742;
  9.180710729369968, -2.835085805226497, 24.40256204422867;
  9.513454348205578, -1.985427113582087, 24.6036116302309;
  9.775337328243849, -1.149115876518858, 24.93565864264776;
  9.909291108655626, -2.291623710949719, 25.00152622497672;
  10.3264113237309, -0.9749031050280884, 25.75840958514235;
  9.668968492850627, -1.117574855219316, 24.19702249855908;
  10.50662221983484, -0.7217048118987756, 26.11506681939771;
  13.16951130142606, -1.994997921516504, 32.22693391300201;
  7.439134076408451, 0.8394013795187835, 16.54344102014107;
  13.87017065041147, -5.858191272493103, 29.30885284891897;
  14.03001576649166, -6.01643375625278, 29.44960221086853;
  14.2378851417544, -4.504477174427378, 29.70611465570595;
  14.20467220188868, -4.838329622548134, 29.59015565710846;
  7.185002986019995, 0.7056981278870598, 15.61862042383546;
  14.08458490958859, -5.680057483086809, 29.28109823696939;
  14.25874615225891, -5.16555870414601, 29.51239390692122;
  14.73103929000015, -4.924394396675758, 30.16742763994319;
