m=[-18.47215025383211, 3.681378340707121, 22.54393256435807;
  -71.21128445742609, -0.1500744218430002, 85.71019509965635;
  -92.1344181997296, -17.61048100613716, 110.7007743129762;
  -102.7287982903016, -1.814163134016837, 124.9502126732206;
  -15.05233011351857, 3.555188533260232, 19.26607375782304;
  -65.72801385783158, -0.1441996102395916, 82.22241460649202;
  -59.88474969157196, -0.2780889996317568, 76.89259014223248;
  -14.68856980991702, 3.601907158476057, 19.68758921685231;
  -14.10317481603141, 3.556152450203763, 19.16584087037531;
  -44.60121779700066, -0.4635119543759829, 60.02613530589751;
  -13.94398096220889, 3.609381345224449, 19.33058961084022;
  -72.98532563988589, -3.969867968943718, 99.52375459866424;
  -71.56377906795569, -4.731493365905721, 99.51779757034367;
  -52.68208902666405, -1.441520979422464, 74.60702759389487;
  -99.09266828032098, -5.375048347284557, 140.3645941648857;
  -97.35149696668222, -3.454694274184423, 141.0235963460389;
  -25.20975899855368, 2.021334717994439, 37.11177446102077;
  -72.60385113904091, -2.084840766817112, 106.4952064155956;
  -72.18876241050869, -3.032702709222383, 107.5501564498665;
  -29.61527223064941, -8.485321165245276, 44.95974997853746;
  -25.17083333975254, 3.024722229197357, 39.23491732830112;
  -27.44595878886253, -7.629822081071927, 43.48289317517165;
  -26.22644481308612, -7.485874316703894, 41.78713179012092;
  -27.36821241292789, -6.53806662110753, 43.64200543523269;
  -26.67724761098897, -5.437716078713053, 42.63036024504183;
  -26.65479817100915, -3.552711617822672, 42.74656546550062;
  -25.95083762362411, -2.012502323613042, 41.71039257711279;
  -27.22714065118602, -10.35902629084062, 44.0405219053957;
  -27.13402477886438, -10.78089524956284, 43.92869283510622;
  -25.6334854636682, -1.850278449024166, 43.11645855633002;
  -25.76368835058978, -11.00717071942147, 44.18157397824106;
  -25.99389953042626, -8.028208236199568, 44.47341409559575;
  -25.89048641056489, -10.45581868036626, 44.43828900670628;
  -26.45545622511903, -9.890816816471023, 45.77161160226099;
  -21.6909593134972, -8.312678925332424, 37.67312172995406;
  -21.25625135020648, -3.100535299387313, 37.40172318842124;
  -25.98608535562257, -2.556673220287538, 46.11294887299599;
  -22.78642387013444, -1.43713009320142, 40.59583785186773;
  -21.79670781305237, -5.126842811653627, 39.04381459061984;
  -24.88352211319463, -5.238945267219223, 44.57982129879204;
  -22.76111439871587, -1.947877093315481, 40.89886450805609;
  -20.8629833984232, -2.473254136047065, 37.62399846881764;
  -22.01223433602922, -0.968501885989791, 39.72605441400224;
  -22.53101076481085, -1.418751146937986, 40.7587913043405;
  -21.11494446613687, -4.158751154748823, 38.53280192085324;
  -20.96834730490931, -0.4628329478824375, 38.45305804574655;
  -21.06585825620714, -0.1284621532615211, 38.6737246451584;
  -20.97742923473095, 0.07565269885865604, 38.53757298087034;
  -21.21054121279132, -2.171610368663453, 39.01436312674528;
  -20.47045387953111, -0.638778985042906, 37.88269625578639;
  -20.26617175366006, -2.430596414261101, 37.73828767403471;
  -21.73177590837628, -5.457284802799164, 40.46614053937701;
  -18.4928925499223, -3.507458150312684, 34.57032284140762;
  -21.88704847994279, -1.816860618854048, 40.8767656858014;
  -20.45600771180248, -0.9095294443201996, 38.43127322384925;
  -20.409367910142, -1.385484676668427, 38.38063910050303;
  -19.57439443812066, -0.4743938572611298, 36.95863342238224;
  -19.94990959143895, -2.111437746895093, 37.73004639993715;
  -20.4884437690732, -0.3690557549141093, 38.72260648338502;
  -16.78076590928431, -2.925594706962279, 32.01026448799794;
  -19.90826276011149, -0.6731469619410725, 37.86912696807104;
  -19.46790792452312, -3.108467050873792, 37.24022074485577;
  -19.88316767546543, -2.494767838615278, 38.09228158748852;
  -19.63140600611557, -1.387762118032707, 37.61920293859217;
  -19.71965899536885, -1.735721559486647, 37.84679760521853;
  -19.74150171737374, -3.540337513375354, 37.95221075173599;
  -19.38088533301877, -4.92167272668812, 37.4265537877275;
  -19.56517420018702, -5.332839030962835, 37.80125850372777;
  -19.71479067338226, -1.210124018825214, 38.14011517910349;
  -19.77387874698493, -4.885103817051254, 38.37496051686605;
  -19.34258271655029, -0.01645319573940476, 37.78520273534959;
  -19.66044000794173, -0.6879797251497947, 38.43179453391279;
  -19.27879680720579, -3.399371849293255, 37.92871579608575;
  -19.43361639301272, -1.232079211971579, 38.20591954927429;
  -18.9223169297614, -4.91781047120022, 37.27991037069794;
  -18.90003801832203, -4.231202002213818, 37.24097620347489;
  -18.62386245007427, -2.448405573984403, 36.72017778959212;
  -19.05013799076859, -5.310846041802821, 37.7380476788486;
  -18.49855874900511, -2.064648697987598, 36.66125702578468;
  -18.89644671469864, -0.2036432922209388, 37.41144571409991;
  -19.10270111270616, -0.7666324496029511, 37.92222046234923;
  -18.69671746311653, -0.907130063263993, 37.16741018114752;
  -18.78902818262726, -1.401676267204036, 37.42227448757174;
  -19.29274125365648, -5.111373243867431, 38.53205072729629;
  -19.76862327155182, -5.674639201577297, 39.53355088921621;
  -19.16734651234543, -4.584970843630545, 38.41529420833328;
  -19.6603734476068, -0.8240786103518132, 39.4681525777751;
  -19.96224643480204, -1.402075218978231, 40.09321629861463;
  -18.70117035322812, -0.9354814856997001, 37.63253117606735;
  -19.33165370046962, -1.494114054671339, 39.28793547728851;
  -17.96172059231012, -2.114837996722994, 36.67719492413875;
  -26.71054525660407, -10.88076825436492, 54.35753041859341;
  -18.32210280639898, -4.377136675167307, 37.6289311717079;
  -18.54658131401083, -2.574185292455166, 38.34081654400499;
  -18.21295502352708, -2.689614850946931, 37.89632545689879;
  -18.1998186093568, -2.412155989687798, 38.0084624786971;
  -30.38346035262105, -12.50990844028284, 63.1762098330052;
  -30.77563942150761, -11.92792750889645, 64.15428061064596;
  -17.76483026800862, 0.1073338889158698, 37.30074769187276;
  -17.89699686099707, -0.1029214367210697, 37.59431249041781;
  -18.26590067043075, -2.611919614332533, 38.4532119698387;
  -18.64687619867867, -2.000851738154639, 39.25915743805251;
  -31.73231357226588, -12.63804553518282, 66.4935085302716;
  -17.00841037972632, -5.737235905422419, 35.94467390118469;
  -17.65221286009781, -3.120400190982019, 37.43378771476273;
  -18.24324162872013, -1.676757102699154, 38.74543744136359;
  -28.73614789299059, -12.02552682824803, 60.90545326751042;
  -17.96095621915826, -4.301073913803494, 38.42057800802909;
  -18.0382796097562, -0.2983584497215366, 38.56851838896255;
  -29.05891602965877, -11.00050263568737, 62.2064979904619;
  -28.24268337527258, -12.73289663945931, 61.11895990490123;
  -19.86315796183883, -6.53717911426267, 43.25795626369476;
  -27.40362627247082, -11.98532168372649, 59.801505703784;
  -15.71985769467042, -4.785360795826052, 34.68127694406843;
  -27.51094061524393, -12.36177851615572, 60.70345004389743;
  -19.78921156835184, -4.48689905358922, 43.86917616491539;
  -26.57484068237984, -9.782774400476853, 58.92129573788275;
  -27.52807934783883, -12.25173026155643, 61.34527877332654;
  -26.37912321160997, -8.93914852885902, 58.92614212139575;
  -26.87613346537162, -1.47072117395061, 59.94624487245952;
  -26.22438798532964, -9.563980014954904, 58.84726764136517;
  -26.57789658860355, -12.09141945277707, 59.87494618590282;
  -24.99263099481987, -1.41844654343342, 56.40309913912947;
  -26.21574387997111, -9.587593779209904, 59.76338822496731;
  -26.25783194527487, -10.08188294811345, 60.52124424642408;
  -25.02431201997321, -11.82208000977459, 58.32209334731903;
  -24.64598509851792, -9.376109061231077, 57.55370628621296;
  -24.12907570223259, -12.29152335950807, 56.81660256134941;
  -23.60248266467843, -12.4074443997888, 55.91091894570045;
  -21.06897171641142, -10.54883250713685, 50.1221180792601;
  -24.8056921029166, -10.32675103891193, 59.19612902353229;
