m=[-167.2635271644454, -3.60924530276976, 203.055679288198;
  -162.3561931655862, -6.741738966991767, 198.6778033159431;
  -101.3700543775652, -0.5210684575681693, 126.8500878923842;
  -83.47716995945937, -5.917328624706292, 104.7413004143309;
  -71.11071949651254, 1.451645884579161, 89.84372397384469;
  -104.169656506348, -0.1535236405188032, 132.1127433100528;
  -72.69916246896077, 1.626827044633851, 92.96048437655963;
  -75.44805871732122, -0.3151295098122909, 96.64138751485763;
  -49.76298852053755, 3.074644721217953, 64.87030705240586;
  -16.23130457125141, 3.545170585817648, 21.72365778098879;
  -71.18919199326598, -0.4035280479953691, 93.0678080818702;
  -66.071909530196, 1.121019602038813, 87.01847588127927;
  -67.53318613948321, -0.8430730793263257, 89.39569744435538;
  -12.53983784782459, 3.382686500647802, 18.40068575045338;
  -13.64072618656135, 3.404716960926296, 19.99082259789826;
  -13.08045202667021, 3.629589292509582, 19.44961518083787;
  -12.63373815885842, 3.608119553955541, 19.19407620092402;
  -36.89858322328082, -2.777423407784559, 56.65620393494377;
  -60.93565367267483, -2.62785254163324, 94.92122225450676;
  -44.93223514458416, -3.471284178013803, 70.94027231840238;
  -49.66187260635077, -1.635482002068538, 79.60704099565936;
  -63.96204294054878, -3.937200818333603, 103.0706737679418;
  -22.32286113020835, 1.951215427027273, 36.88330956106881;
  -44.10486865703535, -1.257583250108764, 72.38213926367345;
  -48.86227655859418, -3.566284894620258, 82.08819709233455;
  -56.55777690297839, -2.740623538655167, 95.98115739142621;
  -21.41668123233853, 2.826734252855153, 37.67111185428927;
  -24.06296299681368, -7.510301348311204, 43.03097640386063;
  -24.01802289997142, -7.699173584817576, 43.17590584138764;
  -22.65087161161645, -6.074408446222004, 40.79741476846068;
  -23.8875724768906, -9.579611665244183, 43.12816619862057;
  -23.48231947198154, -5.38168757709735, 42.38400692304433;
  -21.60686930671884, -3.254441169179734, 39.17374984756933;
  -22.10643315109258, -1.967201845784674, 40.17500403683061;
  -23.37264523992554, -9.977536004363202, 42.71398556875954;
  -22.88149479920972, -10.20598801180888, 41.85460996194225;
  -21.88832893206641, -1.838621884551881, 41.81112034962255;
  -21.37890465652134, -7.558282216952713, 41.63187833477252;
  -22.44369312156031, -10.24930152473037, 43.74047483563294;
  -22.4094114553669, -9.49216677983711, 44.08957302489514;
  -23.13301526170989, -10.03739458441438, 45.513708219911;
  -23.14797933575542, -2.726187708722924, 46.09176968553565;
  -18.47072684685813, -3.113658862518169, 36.93228783466025;
  -22.30395852677115, -2.535042122943012, 45.20875435486683;
  -21.21316175989266, -1.580528882933012, 43.09117467752905;
  -19.41932506441962, -5.243252768255622, 39.60902726401458;
  -18.73511177441094, -4.498107732469149, 38.31149983132211;
  -17.52971952334874, -2.43055038931346, 36.02068179367601;
  -19.54663649391775, -1.933948490932731, 40.07945793225804;
  -20.64443079561826, -1.094319790178615, 42.520180070827;
  -19.34323686937535, -1.438404259308662, 39.9593524046925;
  -18.08650661568608, -4.098597645263681, 37.64200797700794;
  -17.82619803765349, -0.1916220820963023, 37.4004571548329;
  -17.89269008577526, 0.02227054926582209, 37.57024594977939;
  -17.55179839962093, -1.332472152502854, 37.10855924220518;
  -17.31998493873939, -0.6713687053659013, 36.63736359492861;
  -17.07148164974857, -3.250540787544302, 36.2722125088773;
  -16.52732063860447, -0.786467105153018, 35.16726532390733;
  -16.77198281288101, -4.857872564407967, 35.72020831820539;
  -17.45781437455482, -2.441633713303734, 37.15492715752745;
  -17.04660496052576, -0.9380226236753932, 36.67314111767223;
  -16.79490944742829, -1.352010404006605, 36.16141070005585;
  -17.11014202325737, -2.686240976972744, 36.88429937244381;
  -17.3157882075279, -0.5335200299443348, 37.43063561921315;
  -17.04781482652164, -2.118374314985724, 36.91297560707633;
  -17.0694454979589, -0.4034644759560414, 36.97838785455849;
  -17.32170591465893, -0.7274073231796765, 37.7694329293256;
  -17.29885892427613, -3.226072167619488, 37.90969869780084;
  -16.59292498038749, -2.431163065886731, 36.44584891145885;
  -16.52496725415291, -1.719351351122946, 36.37471583874776;
  -16.67359815123563, -3.472288556209526, 36.74614731128686;
  -16.80758541583921, -4.936397311746084, 37.19474786186019;
  -15.95696127618311, -4.570765636380187, 35.53152463087158;
  -16.38369969904638, -0.07630875619212275, 36.80173870002284;
  -16.67093245333964, -0.7227257608913108, 37.47987845081028;
  -16.38891108834364, -4.941073914027245, 37.07949545091738;
  -16.88591479065384, -3.481793204716352, 38.18531103683716;
  -16.27703703626675, -1.239986763405599, 36.81396503782072;
  -16.5786034789256, -4.321389294067187, 37.52705225232749;
  -16.1109935158504, -5.217860084531651, 36.68378201783303;
  -17.77036405377472, -2.336307286407458, 40.50076595798118;
  -16.03389223635397, -3.155839850415497, 36.69259742672408;
  -16.11998679571694, -0.960286768800512, 36.89433661585862;
  -17.85258776556158, -0.9001720269597476, 40.81750352817977;
  -15.09364272773625, -5.033010222409191, 34.75945733694691;
  -17.11854555699524, -5.274280111832901, 39.35201506034878;
  -15.87976361591626, -0.2313716862359318, 36.61364858378629;
  -16.10006344524937, -4.488929851599326, 37.16015257022775;
  -14.49342009532166, -1.228529751319025, 33.60282376698643;
  -16.58304343510852, -5.510246874672108, 38.41261820392315;
  -15.89999524667674, -1.482401803500502, 37.33663495631512;
  -15.81485108995205, -2.210494990304993, 37.26787392675976;
  -15.33745565732727, -0.2275861498172628, 36.14743544470836;
  -15.68787231298614, -4.386904239374194, 37.19548345828261;
  -26.96355847633094, -12.66341272562351, 63.57399841997665;
  -15.30098876704553, -3.303593752762064, 36.54096287217448;
  -15.54190873200232, -2.555332386169059, 37.1640038217061;
  -15.38174642911675, -2.694419404898149, 37.04000492391999;
  -14.93286304518636, -2.353834220820916, 36.11361256347314;
  -24.6097996576267, -11.78700407630416, 59.59633281602257;
  -15.23352281287035, 0.0277922049215674, 37.08693408297353;
  -15.08174320190526, -0.1522814214685385, 36.74476868793796;
  -15.09436243110504, -2.557826382849755, 36.83946303628987;
  -16.37061690998348, -6.462388494646977, 40.01231038078711;
  -15.41543780828291, -3.234957380343136, 37.9083105287426;
  -14.87014153649298, -1.652314415198775, 36.67620855030164;
  -14.14078015312159, -0.08072913183677488, 34.92017346157856;
  -15.33546418811902, -4.338939168437192, 38.08831267014426;
  -22.86742142183472, -11.18877921645247, 56.57591505635512;
  -15.17148532488668, -0.3618893254217137, 37.72225239334774;
  -17.01871082651406, -6.603088714029654, 43.20911051572362;
  -24.24642931304087, -12.80556922327771, 61.39243940190413;
  -22.41266645606424, -11.52061488509896, 57.29828796547103;
  -20.17606265811404, -7.264940508992415, 51.75407848122261;
  -14.74914476686345, -3.996252549145385, 38.25704981092298;
  -22.84622611694255, -12.06320228012403, 59.12380530089774;
  -22.33574098784228, -9.689259627150852, 58.12370377631407;
  -21.55599541829697, -11.29370880433715, 56.42318152298226;
  -21.55218484227389, -8.63931810625756, 56.58519816730245;
  -21.67641359200721, -1.508253164947393, 56.9440918544872;
  -22.17872191751711, -9.571692570798215, 58.52739845136618;
  -21.30404664209209, -11.44611602402851, 56.45760436531662;
  -20.90445654364587, -2.015769371653199, 55.36118549952343;
  -20.98380751285502, -9.100524574043259, 56.3824006550821;
  -21.01663947709999, -1.914087757410349, 56.79492102629846;
  -20.17833012990904, -11.71857374922496, 54.92699946408766;
  -20.7831159147568, -9.473845090805769, 56.5495326412834;
  -15.01125882225264, -3.856823912734407, 41.30361999246373;
  -19.96169265225748, -11.19964058126791, 54.96466887576888;
  -20.53093910563054, -9.326556394175318, 56.70712551386358;
  -19.20940858240275, -11.61241996564889, 53.46194560618109;
