m=[-13.68968497034912, 3.592912095747233, 17.28748450767698;
  -13.48297348861249, 3.707039287739125, 17.20951272355488;
  -51.48393771453405, 3.520598703957813, 70.15255630773966;
  -14.69887469705075, 3.544668869809359, 21.67486680444101;
  -14.44215867210253, 3.536688889962813, 22.55473187304775;
  -12.05894638821782, 3.599868560406181, 19.44846050063101;
  -12.7365163599146, 3.514787441446026, 20.59164166905641;
  -11.31863802638587, 3.507605055836552, 18.57911632756819;
  -50.41611991774163, -0.2868639089911091, 80.74053028454142;
  -11.13762641521868, 3.551047867557916, 18.69109568820783;
  -43.0579329814685, -0.3594818082710002, 70.82735467525816;
  -32.0335831040379, -0.482680702547078, 55.14488669681553;
  -44.0378266426718, -2.930998417190422, 76.90180579491474;
  -55.45624441978598, -2.770065976165157, 98.90165279624429;
  -62.57797161792009, -2.528297746347989, 115.0646021170767;
  -41.15515368147086, -3.837291767625715, 76.15392548050227;
  -55.20597114658631, -3.871563541511849, 102.1617380049809;
  -19.48446610080302, 1.892523401096473, 36.53659477162584;
  -50.90505481718866, -4.117270840172442, 96.45525736760746;
  -37.53204603218935, -3.161905847297606, 72.50137470593042;
  -21.13494815236248, 3.139487740844335, 42.46253949866213;
  -19.71156573254283, -7.00956686902783, 40.33564740491071;
  -20.12637711719125, -7.355370015393757, 41.42273161623931;
  -21.04933007960388, -9.612894745252076, 43.50697217999915;
  -20.11529260789372, -5.251831311982478, 41.58108265362967;
  -22.07099191394421, -9.507293637491252, 45.6748558250646;
  -19.39633476301328, -3.427893034389539, 40.3053766135812;
  -19.76833408709189, -3.304841787168838, 41.08556725148827;
  -19.3904756819315, -1.9986457324173, 40.37976235254327;
  -19.83872353373501, -10.09565319698937, 41.56801887553645;
  -20.89857098221263, -10.17602913742199, 43.76364417796741;
  -17.83484691728223, 3.636240567000553, 37.88476017047551;
  -18.61156282403571, -1.82860041830053, 40.98579470603395;
  -17.28187604250348, -7.067877374657499, 38.84361751095999;
  -19.59248699817047, -10.88486165109717, 44.0224117313854;
  -19.58768146650142, -10.57556203015739, 44.0365065780258;
  -19.10559737586778, -10.0447789717073, 42.97520761482341;
  -18.56371839588035, -9.067024533578749, 42.21012530366777;
  -19.26198969860488, -9.64233459245256, 43.82853801614282;
  -14.66149780037989, -2.887033546380176, 33.87191272648242;
  -19.14086128101845, -2.641443883959843, 44.21866738142447;
  -25.15246880363853, -13.04322002962361, 57.91612645707579;
  -18.98016833209627, -2.345331152233941, 44.07730086992053;
  -18.72259180963911, -2.498621171902091, 44.10782762109582;
  -17.33402655407728, -1.536005864023837, 40.90929475232991;
  -16.98651078151256, -4.768701202320471, 40.26669063105804;
  -15.96175990256197, -3.034907824486119, 37.99790704830714;
  -15.87979727492597, -2.582547376195133, 37.80905672324434;
  -16.11111208225916, -1.865120007369113, 38.36566218986174;
  -16.71695675601877, -0.5661851671876594, 39.98836632987495;
  -16.32172064144827, -1.437374278097456, 39.19747301224894;
  -15.24317166848553, -4.040797183088788, 36.83670376303906;
  -15.1257184871955, -0.8471087715736341, 36.79471267495782;
  -15.35754801165746, -2.698869805797364, 37.38627658345386;
  -14.88382742434805, -0.2249802559360638, 36.33601240484271;
  -14.67238124796263, -1.34068068539535, 36.11386945884416;
  -14.58259321244209, -0.694180925166221, 35.91027293052026;
  -14.29671471090956, -2.608579558951373, 35.27170622670961;
  -15.49281784913208, -3.477943550219147, 38.30559589128959;
  -21.86933069595282, -11.37911804030771, 53.97367427082541;
  -14.61866368816216, -2.417853663449404, 36.2392456776998;
  -15.05458652856176, -0.9973155234248768, 37.78694774724417;
  -14.62673679045236, -2.721471947074318, 36.78168218336774;
  -14.2441234310879, -0.5552795070380417, 35.96686503842804;
  -14.34174069408268, -2.123136632317265, 36.25358174935313;
  -14.44491244975531, -0.4459613065376584, 36.55564067765211;
  -14.17647426843237, -0.738278491485046, 36.15544901622215;
  -14.18957253474239, -3.134187166161425, 36.37025598118368;
  -14.195705523755, -2.485948332164092, 36.46318748124751;
  -13.8887018639738, -1.729843086164104, 35.76358281180981;
  -14.04109289096542, -4.872032254996454, 36.35940881710778;
  -13.90620871004442, -4.698288650038522, 36.21931474848338;
  -13.12787466084513, -2.758249882943622, 34.53668700509452;
  -13.40833626131811, -0.1212670585042795, 35.36260770207065;
  -13.66012418836936, -0.7313207178382338, 36.07118532725367;
  -13.55820064360158, -4.848438276793064, 36.00475464874861;
  -13.2076292079372, -4.0820427164451, 35.10404676311111;
  -13.88014417758881, -3.40849537590813, 36.87942647714082;
  -13.56559953328029, -1.247411741566304, 36.04705065299842;
  -13.85148988479942, -5.326007879581486, 37.04273489096315;
  -12.70474593544055, -2.016524421170194, 34.1180858703845;
  -12.77444649982061, -4.669663534134258, 34.58145475047901;
  -13.6778789328034, -5.425706530465468, 37.01180634242407;
  -13.41796191054215, -4.455109430607582, 36.4615099224555;
  -12.73356224517977, -0.2713016160035291, 34.59944268478458;
  -13.45263770306278, -4.772087674563254, 36.67730480206578;
  -13.38058090793675, -1.386346594677662, 36.50603206672291;
  -12.95581738230726, -1.171108138866227, 35.67277590433268;
  -12.84844586349998, -1.218255907609437, 35.60038154867689;
  -14.28396012346866, -0.9377927944632319, 39.51440689425186;
  -12.78960071760721, -2.16006531163684, 35.62600438700897;
  -12.78109194822987, -0.2675409125039365, 35.60894345629161;
  -13.09221132463803, -4.37450687066904, 36.69133988787203;
  -12.76929303690155, -3.070794766228612, 36.01148852156457;
  -22.29028515906702, -12.37049116548642, 62.50846538819749;
  -12.98165666126959, -2.582811591340505, 36.77242454997719;
  -21.02692071719773, -12.03678601120405, 59.56738869506916;
  -12.81506424972719, -2.713661625123751, 36.59070649760882;
  -12.52758915128234, -2.393236463992714, 35.93226128348093;
  -11.90450057777997, -0.00621784878335468, 34.46626081945096;
  -12.24368985975014, -2.514016253478183, 35.50532035266353;
  -12.42532225863539, -0.2067233124791957, 35.9898715626461;
  -20.49546880051422, -11.74240493546296, 59.30127820404736;
  -14.26288450254013, -6.766723047354409, 41.46215014960293;
  -12.27897132261927, -3.123231381313003, 35.93896298495599;
  -11.85637657924879, 0.1672555831845621, 34.77932495340099;
  -12.57400439822541, -1.718713076168102, 36.92423840050797;
  -13.2670524866372, -0.133215871390151, 38.99786236149949;
  -12.35545906764605, -0.3957841393160794, 36.66543307785175;
  -19.77551204036107, -11.6363481351066, 58.63955722302711;
  -13.92695475986738, -6.49768641829421, 42.34299282411831;
  -14.74442497661315, -7.656637571418839, 44.68340062608155;
  -18.67561134738313, -11.91755663092656, 56.97021325032012;
  -18.14661876955567, -11.27361184541209, 55.89167474157577;
  -16.60884423525876, -7.243919458163266, 51.29858854884967;
  -6.143696252173823, 3.232085533773363, 19.24521652306257;
  -12.96549706751186, -4.243802248012603, 40.3725899981654;
  -16.33697262406335, -8.294552080414251, 50.84652802002918;
  -17.37005612815603, -9.157723398341563, 54.65895793483779;
  -17.12584773871092, -10.90164980410693, 54.22571124054596;
  -5.852486814884729, 3.206363912464876, 18.87540949130989;
  -17.31319727514715, -8.453889117837239, 55.03515476899822;
  -16.47252982969829, -1.464203505531541, 52.49185205375972;
  -17.92283707443463, -9.41959296931612, 57.32695530319764;
  -18.3057171376197, -2.233882991011377, 58.86508084280236;
  -16.79012579314266, -1.803487851669164, 54.08982228656044;
  -16.4076825402834, -8.709402864683979, 53.6004320697612;
  -26.52986267778415, -3.142093427628133, 86.96461895302581;
  -16.82063011316326, -9.408073885961853, 55.7767290770332;
  -14.09171591329166, -4.498973185979945, 47.17335357021895;
  -16.3873624433092, -11.2849787987492, 55.06390778909449;
