m=[-11.92673894134285, 3.651428567329669, 15.49996426109361;
  62.77511848356635, 3.661940884936024, -78.39748472281009;
  -13.87865576186496, 3.678813205955508, 18.25998054734341;
  784.660720274595, 35.76704241117407, -1009.952125308521;
  -12.20362092141363, 3.609456461274118, 16.82686715583787;
  -11.88981607446693, 3.66741736506242, 16.56817136638635;
  -12.13933727895279, 3.5028889615701, 17.22000293826854;
  -50.98397418207051, 4.187577870772265, 79.09729808712731;
  -12.88738182199512, 3.580601665572293, 21.16385045918197;
  -10.69795094191402, 3.510096306136887, 18.19997619987609;
  -27.27141674703503, 2.587702431342286, 45.81352945711455;
  -60.03532029255774, -0.05607384892337158, 102.090438274418;
  -12.55783448079395, 3.550813414878788, 21.96017265265088;
  -10.33559947777945, 3.488404494520227, 18.39150965450586;
  -10.23577407694715, 3.53501223698655, 18.42564286215734;
  -10.93378432933396, 3.485207809952991, 19.77435870338593;
  -9.61891065266116, 3.444994672740301, 17.60580875500688;
  -9.604019250415925, 3.549584985219145, 18.0157107834682;
  -39.78647252966093, -0.1108096775666336, 75.45928734390134;
  -30.63226454404186, -0.3102236214522156, 60.8309042417722;
  -42.23683993933985, -2.875135532799399, 85.55285540416261;
  -36.03632716371818, -2.923907578457469, 73.12015277444635;
  -55.73234441883941, -4.4222492205058, 115.0950725311024;
  -38.3547280896538, -1.902277367975679, 79.71125637675101;
  -53.3445438849434, -4.506514555886668, 111.7586782347064;
  -42.75300587576982, -2.829393402742681, 89.80366844673607;
  -35.50270659712948, -3.14307049369561, 76.00457783281708;
  -16.50167473725909, 1.961184413129043, 35.74429854444817;
  -29.69204564256096, -2.927481670242471, 64.0855087535512;
  -40.11921608706805, -1.607211875064039, 86.35657822112326;
  -45.51693359264208, -3.321176712462025, 98.5442206337069;
  -40.44445631721342, -1.735729095604588, 88.62917073397298;
  -32.8930098378848, -2.741360899978291, 73.10918749857657;
  -18.02289400853877, -7.383737611437817, 40.67478012883805;
  -21.95726721870613, -1.095228325174151, 51.22092454279065;
  -15.80164179744336, 2.83504623010531, 37.102950064473;
  -18.34473564381846, -7.439902564159302, 43.79136356789607;
  -17.25237508844526, -7.199081554615648, 41.47298739374602;
  -17.16149519564904, -8.982455139563511, 41.47610988822412;
  -16.72483882922383, -4.946313483172307, 40.42422351443879;
  -15.25191633414215, -7.531141685154379, 36.95939788862627;
  -10.51608268674673, 3.316646908655116, 25.74243982182023;
  -16.56685608787145, -3.307637549345554, 40.29334791807947;
  -16.82193010714605, -3.135721510068283, 40.9231192226485;
  -17.32038612122431, -1.956998618729862, 42.23819795674494;
  -16.80176905846839, -9.401346110174499, 41.20806118052995;
  -17.21326331226078, -10.07445095695556, 42.19756566134996;
  -12.18998959357499, 3.033510744519312, 30.45430283883809;
  -15.2636337197143, -1.650543223335626, 39.68033506698829;
  -15.78927061848728, -7.506080950765291, 41.90433324793849;
  -16.34931481842447, -10.28136766646326, 43.47989441100462;
  -16.02495906516183, -9.113610345683403, 43.13287565835994;
  -15.72673722371764, -9.175335996234789, 42.40095597143925;
  -12.68690962655399, -2.859239149062704, 34.67140689504518;
  -17.97215782645539, -2.793664103458389, 49.42446634489711;
  -16.04945113209392, -2.223718122017107, 44.40691731595638;
  -15.98251169299443, -1.238902274866417, 44.31297538911444;
  -12.79422224999857, -4.740050172630967, 35.74613327343453;
  -15.99480945713831, -2.401155336352912, 44.99417258723415;
  -13.09660824714115, -4.284635275481068, 37.01250844382436;
  -17.37875212445798, -1.708058822194575, 48.93633721452166;
  -14.05869126135739, -2.584563397756143, 39.90005158982302;
  -13.1971091931655, -1.703980817437186, 37.48867612269713;
  -14.25458795614083, -3.092186995628196, 40.44115108350447;
  -14.88592802710169, -1.807517586032628, 42.54834101717079;
  -13.95627813556048, -0.4914932570385581, 39.92818403351928;
  -13.31872186724129, -1.29318448241844, 38.23559674802212;
  -12.33950720098968, -3.82070568085302, 35.59598622095901;
  -12.104282468892, -3.613987345578855, 35.13106542800038;
  -12.20295187279163, -2.467128961697147, 35.53100786893598;
  -11.56584317210938, -1.893368293806177, 33.849949863346;
  -12.17540077076851, -0.1245970161948124, 35.58950331897755;
  -12.15820624778297, -1.243662899290314, 35.85793106406752;
  -12.02752979373233, -0.5989847012097121, 35.49852642001883;
  -11.75378546019919, -3.082878718492319, 34.86564848430394;
  -11.31005667814315, -0.8210484811032625, 34.17410629452598;
  -11.46295872954115, -1.95486473171379, 34.870418765513;
  -11.72388813043812, -0.3443022549629228, 35.7502868102836;
  -12.14262311789381, -3.433867921205469, 37.25182907208889;
  -11.32725441619702, -0.6290014801346245, 34.84512993940066;
  -11.14253349621364, -3.872735556194972, 34.38783011657529;
  -11.36825652181785, -0.2973876007154467, 35.12757508850751;
  -11.42393686300711, -2.331975993865751, 35.41424156063375;
  -10.38633645162429, -1.199218318154793, 32.27600806395176;
  -11.4799336517713, -1.646474807110528, 35.69237428203827;
  -11.12000764679629, -4.594924835366427, 34.76856042069862;
  -11.16153876329389, -4.955876926815724, 34.91861821962375;
  -11.16130457311422, -4.490885909519085, 35.13302674862102;
  -11.63745200479992, -8.550692229046339, 36.88280549518596;
  -10.83180292025697, -2.681524378902802, 34.49197122543347;
  -10.88654816599011, -0.0319949358569229, 34.84227732643254;
  -11.75191724651674, -0.6713113485860109, 37.67211115417973;
  -11.00661840155752, -4.714808034876695, 35.4507542830614;
  -10.6832365833429, -3.948861206061538, 34.43782193847446;
  -10.48476748004013, -3.055244928955835, 33.82813526726676;
  -10.63082793331869, -1.115114810111882, 34.32700416832357;
  -11.27957199295666, 1.059949408700805, 36.38203883934592;
  -11.27942022474672, -2.450007939100491, 36.48870304399218;
  -10.12025752201974, -4.671010881277511, 32.88341058259259;
  -10.80495101404609, -4.47772598140989, 35.08194299800648;
  -17.06433449456473, -12.81946191599065, 55.32763640896227;
  -10.86919129560425, -2.01418924568617, 35.4725164065572;
  -10.20402955091181, -4.875080767769499, 33.62549945052149;
  -10.7613653781248, -1.354663987593624, 35.40594808843892;
  -11.1121459339605, -4.894116774981952, 36.59410176228;
  -10.54531505462644, -4.210856414324081, 34.92999297899273;
  -9.743323404005897, -0.1742807694638645, 32.29682940281141;
  -10.7390694114731, -4.584438028158012, 35.70608569500953;
  -10.70991596230957, -1.274240466005684, 35.69691226881829;
  -10.28458594431941, -0.7429050098626218, 34.34853542182971;
  -10.6965467083073, -1.092516002178157, 36.03178878850375;
  -9.476699684856303, -0.6937714125008776, 32.18301072912009;
  -11.11255244718259, -1.210244229152096, 37.71723786775521;
  -9.436455150151353, -0.8220642536151317, 32.11796391537097;
  -9.658596965012304, -1.933821344574638, 32.97533507005613;
  -10.09247146311338, -4.088292482810177, 34.7069586997876;
  -17.3989470411763, -11.72113716241915, 60.29741503741001;
  -10.36660658237761, -2.46709892651654, 36.13486797960277;
  -9.761180680328778, -2.483524381288698, 34.34928522905427;
  -16.43080959779536, -11.44959959263538, 57.60227570322561;
  -10.06727129998527, -2.307654744646623, 35.61474920214258;
  -10.15316020366018, -2.517252583901338, 36.39182692716752;
  -9.132764057457933, -1.716437674691154, 32.79946184177013;
  -9.566416957560868, -0.1350005847679185, 34.2970223576002;
  -11.26653507010114, -6.553847271715354, 40.56077361526611;
  -15.63968732585899, -10.96546816876054, 56.25471337867212;
  -9.520073568949414, 0.2386230143535423, 34.64032817141499;
  -9.971936123283957, -1.623675161970849, 36.34313016399656;
  -15.58997985776045, -10.63097194158258, 56.79889065417437;
  -9.719915910961765, -0.05282316991193112, 35.54106186772377;
  -15.12158009713389, -10.0773872478815, 55.16461477132907;
  -9.600193224134337, -0.304450633837055, 35.46225675229883;
