m=[-22.60634151394293, 1.723103535856877, 31.52890918596267;
  -60.52430464941825, -5.966943533262865, 84.49058338680329;
  -70.14194803703184, -14.60862817203778, 97.9187961206755;
  -63.92030271619968, -8.46306864998823, 90.49805014010985;
  -132.155714511104, -27.81700971845794, 187.2665231624662;
  -82.39415157893879, -6.522599595449643, 117.2376016828545;
  -101.7063890578278, -16.52622523264202, 149.7840700370612;
  -138.4673368115086, -20.61753712340505, 204.6446418712054;
  -102.4134193850144, -5.788292647353307, 155.4233367121916;
  -127.7646723062929, -14.24826846586936, 194.2325499552393;
  -106.403076637702, -4.986293687873172, 162.0947597874986;
  -117.2256121109407, -14.02938697607463, 179.6929761705556;
  -106.2746163376786, -2.60481950500616, 163.9761887100979;
  -114.0949895367542, 1.578283631272788, 176.4738617869518;
  -125.7962703032013, -12.9604302284206, 194.4896723591018;
  -113.1024600551946, -14.96291209337344, 175.7733313117819;
  -117.9217770265643, -2.433343993305759, 185.1079080294654;
  -143.4593936028948, -13.78973699917216, 226.2401141083518;
  -9.564198445363505, 3.670511576420599, 15.99705150307051;
  -22.87679082615693, -1.206540166669097, 36.50123169800145;
  -9.536768373937571, 3.808190892461508, 16.10954998841918;
  -31.91972395866542, -2.715338640467268, 52.71906454655624;
  -9.513488467666285, 3.595609590734135, 16.50598221498719;
  -101.5514670192787, 4.873140779880076, 187.4520052792079;
  -99.23637446820868, -8.918852071623249, 188.4460754410868;
  -112.3316726723185, -17.5474900591902, 215.7595655438357;
  -34.07920582152294, 2.861356332812993, 67.4652363987818;
  -125.400412311538, -33.06209614506665, 248.5303129889529;
  -81.0013966620274, -20.46370293305478, 160.6325106743651;
  -36.51740244061383, 4.623616075841762, 73.05184945288828;
  -125.9994971768232, -13.96258664106774, 252.5675413453067;
  -9.266628232236533, 3.533676140243984, 19.48110326895231;
  -32.82170382283815, 3.752873849884755, 67.32943658231281;
  -30.81314681562512, 3.676952231377577, 64.38661000471048;
  -33.8094679958545, 1.729438398102321, 70.56500381269773;
  -7.793354922211475, 3.527312412246924, 16.86192691104366;
  -7.432218173865576, 3.464749981499022, 16.9496906075166;
  -8.871914256472518, 3.511231165118714, 20.22203618065876;
  -49.33584949248428, -3.08530547748349, 109.8630457102429;
  -34.15107548037967, 1.859632706455676, 76.45189895511932;
  -53.61832204229073, 1.794540547910063, 119.8422937430999;
  -18.81732968874961, 2.549224993501541, 42.58529409169034;
  -41.43089350281626, -2.560531440138646, 93.61823635682838;
  -40.16690981074137, -0.5020499212063991, 91.22238103108494;
  -6.711161023524813, 3.389663320441299, 15.89162033833777;
  -7.823096364460744, 3.492750859271575, 18.4043817157555;
  -36.21657167452283, -2.376674623571217, 82.71786221691035;
  -38.54343702889514, -2.007619611978739, 88.02584271430447;
  -33.84230990438451, 0.006845378478901953, 78.17994413570446;
  -34.58524321227187, 0.4397248129395909, 81.11870997273378;
  -6.636640328921833, 3.481071585608, 16.20745404783236;
  -30.42556941942773, 0.09090624972844991, 72.40983352492974;
  -26.34318763663313, 0.3392872025235436, 63.06475978139082;
  -26.86475530376608, -1.930151829132105, 64.64376580301843;
  -22.69515028053012, 0.3202620538549141, 60.74331170927656;
  -28.39636404123366, -1.769180816020403, 79.00181649872347;
  -21.2729757824117, -2.021823086251867, 62.2072518839237;
  -22.46333757782507, -1.670798293507346, 65.72799706394558;
  -23.37015912813194, -1.739298275719447, 70.02298831204635;
  -14.25371301797032, -1.591441454390767, 43.13904080156081;
  -23.85090063823871, -2.272422384212396, 71.91393432025554;
  -21.77334456959795, -0.9830549821912258, 66.22185574607457;
  -23.47203226447858, -2.405285617842173, 72.04776616393296;
  -15.42569447034458, -1.897160430692146, 48.66871360030066;
  -18.27604420311399, -0.6465678584033594, 57.92188594474872;
  -22.62778474947797, -1.871839859268719, 72.4576517154153;
  -10.62279314486788, 2.559582686009393, 34.69128287857855;
  -18.01973838808722, -0.6293926740746045, 59.49163549743004;
  -17.51886535992025, -1.911122741802279, 58.2365820518678;
  -14.43264452131837, -0.7726505012359008, 48.12129850547372;
  -10.7832332167181, -3.977952393843333, 37.69464097443196;
  -10.60683337389626, -7.202362060328845, 37.48579183878353;
  -10.71804066190199, -5.062092662585988, 38.40716919887034;
  -9.486562365553462, -5.751442253440901, 34.29622865851214;
  -10.4703328793224, -8.040648714010551, 38.18783558404224;
  -10.56671588253592, -7.639828810383594, 38.59222676614928;
  -9.182320377304986, -2.558643970750779, 33.73861506607725;
  -7.725334622606263, -3.769861663437071, 28.57687627314515;
  -9.196547827903304, -1.356676880403663, 34.01182109510489;
  -10.07303210737893, -8.732314742001615, 37.45844420860114;
  -10.20569973525479, -8.445598572985407, 37.98725985639448;
  -8.390839522110833, 3.478754216433554, 31.7709156494311;
  -8.217622962584196, -1.187115644872814, 33.29599064075214;
  -7.861681999838263, -1.181990166992012, 32.9864228516476;
  -8.112837721894152, -2.104683911326998, 34.16484396664299;
  -9.245146719211384, -9.003922187303676, 38.88777815704212;
  -8.765240425893456, -8.407081105612981, 37.58421166413378;
  -9.155871748259326, -8.318993829401162, 39.32424266704611;
  -7.638958758093184, -2.555049914218917, 33.17779273576741;
  -7.697543402503657, -4.028318651092574, 33.87353037701851;
  -6.550868145898867, -1.47176831012389, 29.07363354430121;
  -7.617881382944754, -1.4989759463323, 34.08721564215502;
  -7.000685890406906, -4.069202980838013, 31.56639223224552;
  -10.21076385483289, -0.9019835546207473, 46.08472938423611;
  -6.726544229182855, -0.9040876311535896, 30.93021771826561;
  -7.343769398006211, -3.768147425666389, 33.75042930257391;
  -5.79396419350523, -1.545152568379132, 26.91587321989307;
  -10.024874662823, -0.6368668781854823, 46.62417466095414;
  -6.469171855109423, -1.102848924179127, 30.42051267692201;
  -6.350547364433655, -0.8212707592890346, 29.94941765543999;
  -6.696427769256879, -3.27400268440039, 31.72371860971117;
  -6.473529719161542, 0.6577983277508268, 30.96389567143585;
  -6.46502808007717, -3.058050064789899, 30.93772402327004;
  -7.014961436440295, 1.811966858480067, 33.74447917089753;
  -5.812691697139311, -1.427148728810654, 28.16569458810474;
  -5.97744522818942, 0.2427742406009243, 29.01136533621903;
  -5.874041754278871, -0.8396332908461071, 28.86998431117975;
  -5.757933713527154, -0.3112303527554059, 28.31385275819026;
  -4.909357142342999, -0.03757830377073229, 24.32166281816139;
  -6.111161902712042, -2.554604186978463, 30.2870936309999;
  -6.40411831844063, -4.197496426281211, 31.80264759368887;
  -5.995165707604435, -1.785836677749661, 29.83814136544147;
  -5.73360911214326, -2.676067938156916, 28.94135060196932;
  -5.244508398760133, -1.393139737948382, 27.10707327932465;
  -5.451459544415329, -0.1050329105557218, 28.31685200910622;
  -4.302359881494883, -1.982471016456405, 22.69622766771061;
  -6.43731707925934, -0.418389042443824, 33.93891630480358;
  -5.218693787210189, -0.06929848254773097, 27.69619946202006;
  -6.092816687088408, -3.521627842904039, 32.28447595566193;
  -5.664091195520623, -2.411337065882079, 30.08549446214032;
  -5.866298747751352, -2.827869034820497, 31.44034926833035;
  -5.758891633943295, -1.269972626610384, 30.92195057813784;
  -5.889119684982024, -4.118044179982656, 31.86003313274324;
  -6.557482099725833, -2.705248161559402, 36.62565528842905;
  -5.366146734737551, 0.1526821488545083, 30.25294527810586;
  -5.43024095064187, -0.3663995270648623, 30.78121657193636;
  -5.543303655784913, -4.113357582456334, 31.54492665083638;
  -8.738483750356544, -4.343534620222553, 49.84948143410038;
  -4.406673145918584, -0.6873822403983868, 25.25289680138364;
  -4.790611531794004, -3.874624518737269, 27.68364491505987;
  -5.638245948520658, -4.075396039719974, 32.59063317893808;
