m=[-44.50115740553459, -17.27518013438356, 71.21082323440379;
  -48.38924957407011, -19.60215989179213, 77.8038113333627;
  -24.62189901081704, -3.183063746806571, 40.31978711965616;
  -50.73193118823841, -21.03714282499281, 83.45530655389088;
  -42.54418968668962, -5.784470672089689, 71.56753692240261;
  -42.43635967791617, -5.640675401234277, 71.59267975046788;
  -39.05422373524381, -10.35646767752765, 67.81205796577396;
  -40.30200130059676, -9.273172349015731, 70.18034416266296;
  -31.05344846930641, -3.983007895355555, 55.83031197414457;
  -34.40763121572186, -1.628672612812548, 66.53928338505014;
  -34.23315525835328, 1.342749353680531, 66.44517116818811;
  -36.49264745908438, -2.844255451118435, 71.0023159476246;
  -39.94349717331016, -17.55458091086655, 77.82347965171965;
  -14.91830614874286, 2.628578747457941, 31.29543237599861;
  -34.14100088738315, -14.29919629516452, 71.81860110742959;
  -28.41954850305321, -12.74578983563908, 60.94212300757618;
  -36.60982795211503, -14.89398484411005, 79.48784212397874;
  -38.37943948187537, -4.48969281834568, 84.32426938687138;
  -46.00591666218876, -12.87150983238732, 101.7520206707814;
  -39.42078852723267, -3.982690512874381, 88.60527993205356;
  -59.39816977363233, -5.21720929070599, 133.522277880185;
  -75.74400979661897, -12.54418989745384, 170.5553553500143;
  -89.84842005288157, -25.26424403972523, 205.1939512915459;
  -97.94985065174342, -23.80191392116225, 224.4091393116396;
  -28.27944306903124, 4.665386565436527, 67.48824322216105;
  -89.39877057284501, -18.67926364008621, 214.3136856374265;
  -96.12846182702712, -18.65041450470836, 232.0374845534602;
  -25.5349398753655, 4.279157076067655, 62.28191043684439;
  -36.22134528852508, -0.3101099192085782, 90.42535374691006;
  -82.18248494750368, -11.5679040921006, 205.922656483646;
  -72.12740469085037, -12.25445474397721, 182.4578185525227;
  -72.28417882968337, -11.04833679796938, 183.1834437925593;
  -68.36030047756461, -3.523181706740596, 174.5797025913496;
  -66.04338742890492, 3.349967564535161, 169.4854954127732;
  -78.07609660385444, -10.01776409367261, 200.3449395026541;
  -71.9417635236192, 5.441249674477482, 185.2151734754253;
  -79.30722713126831, -13.65706891324361, 204.9238168355537;
  -72.03892371239429, -6.209945365803002, 187.2159749935279;
  -28.31769063416282, 5.296601080393804, 75.11400491548176;
  -82.66704501882384, -5.722213275505857, 218.5149965771404;
  -73.22557449156473, -3.131481381014443, 198.2839907367146;
  -127.6562047158667, -11.1473524130061, 345.8977288241367;
  -117.6132725084527, -9.503751689685837, 327.4106221308393;
  -59.39116301008843, -5.775609038430024, 168.7363287764331;
  -41.7275259435818, 0.9582409233590737, 119.7367762048078;
  -138.357889723945, -6.946252079188137, 399.9141138714465;
  -44.9295606723116, -2.34906990295008, 133.5632588151511;
  -341.6297589558927, 4.741501741072677, 1020.217592900587;
  -129.7110454295973, 0.8003077931344533, 391.6285856507213;
  -120.5321611407475, -4.90670242428912, 364.0099187481634;
  -153.0715494602267, -10.45650230141315, 462.3203462165319;
  -64.91218055120213, 1.259496297477752, 196.1613581344812;
  -94.30160749956092, 10.53003296019864, 312.244782685669;
  -61.01187529164471, 7.555193497493391, 210.0985277854116;
  -78.0791191925759, -4.582613661968932, 268.9345872492046;
  -95.35552866802827, 13.12024775242164, 328.2612025505677;
  -80.07804916401287, -9.568603389746507, 276.5846601958312;
  -58.72087645831406, -7.494874012062631, 206.0273017343479;
  -140.2099130645677, -32.65927499189196, 493.9078561752461;
  -110.7298136774555, -32.71689518195351, 391.8437234765892;
  -52.33039439238976, -18.20886660447092, 186.7004955668522;
  -98.26173800958951, -24.18031169875983, 351.016190753886;
  -22.87202456661287, 4.312935193589613, 82.85567131533588;
  -64.14334775477562, -23.98422547909664, 233.4476618276197;
  -69.21363791094386, 5.93663179661688, 252.1521456666942;
  -67.76427703563188, -28.70485129678995, 251.1224092353799;
  -36.4443999877404, -12.27406728074155, 135.3382468589246;
  -100.3293156440894, -39.96427852156815, 374.1751097629609;
  -23.5942043762565, 1.863391077242242, 88.62951864303032;
  -58.3101191683762, -22.28432703929903, 221.179751378963;
  -17.78593736982714, 4.292022488297605, 67.812376272864;
  -16.04485279756836, 2.518441878105488, 61.54626641569262;
  -20.46969397681769, -6.846915372729151, 79.43741367316461;
  -36.33108359365265, -11.00613416744797, 140.7801698355426;
  -34.07974948246253, 0.5607751255812659, 133.1665613895616;
  -16.76647362919076, 4.260979343750571, 65.81720067401479;
  -33.14469345816801, -3.29312127090705, 130.6785227740101;
  -14.87095420995629, -5.301348126144145, 59.81342777466422;
  -15.58474994834188, 4.151772496039085, 64.94754166890058;
  -14.52239777976829, -2.534971144985581, 61.37487751630344;
  -10.58848226477932, 3.240821168569997, 45.13434415317256;
  -23.0381399510223, -8.533053496412839, 97.7706456581647;
  -21.94050665727602, -1.239544999642033, 93.71391618757473;
  -15.30842097488512, 2.933379072760386, 66.16275034021264;
  -11.3159339002794, 1.655127730505851, 49.74315662084286;
  -14.56422635690578, 1.904999780004534, 65.13118613676512;
  -11.96689593610978, 1.289817145695686, 53.9147954613942;
  -16.21865091342177, -2.112613030852157, 73.31502749158646;
  -16.27573588301276, 0.2832177164048741, 74.73034719861086;
  -12.86828769850989, -1.118297334831041, 59.60529526539037;
  -5.665854998351665, 0.7587669148379331, 27.28438570761815;
  -25.5033849401063, -2.615863485348615, 122.8272850831707;
  -12.76840068789669, 0.8463102480113868, 62.15854227093684;
  -12.72784588848704, 0.603922836513036, 63.2836445766166;
  -14.90807275004775, -1.507627197532935, 75.52732620269271;
  -19.72274889917794, 1.641063352366653, 102.2874825960447;
  -7.375988967874302, -6.357621058595704, 42.3824322927359;
  -5.422698014172163, 0.4807778325300171, 34.12136634891382;
  -4.468582373568294, 2.665151045408365, 28.71408499399205;
  -5.865991014947897, -4.260182971445921, 37.98648988547898;
  -9.134145578328738, -0.8769033643271351, 62.74080956341582;
  -6.864867905188557, -1.241472152825725, 53.33250356333515;
  -5.321424722539458, -0.8159766360980294, 43.22326601492652;
  -3.902273754642204, -2.106641877267231, 31.9942875132202;
  -5.914021996127978, -0.8126424671616815, 49.16331330859914;
  3.43387448842598, -0.3908650613798398, -28.78248041340564;
  -5.708963335070282, -1.113429146486528, 48.17821182718314;
  -4.59947227029768, -0.5675841348678461, 39.66785494276531;
  -3.356534673820353, 1.761191045515819, 29.03639401887575;
  -4.573184314807021, 2.108811605835813, 40.28731418388863;
  -3.893177092607421, 1.461865599601614, 35.5701036249449;
  -6.010303984175827, -1.758199214620683, 56.07414758576152;
  -5.879202329799733, -0.1789478869949911, 56.3842546261025;
  -3.416797133393607, -0.5993686266453523, 34.14004822064955;
  -2.78438817082744, -5.019499140030123, 28.79945163710794;
  -3.214849017368476, -0.9319891560031067, 35.65926196511484;
  -2.382980871902869, -6.35544021753332, 32.11278211012838;
  -1.541129301093671, 3.457049603488017, 21.37601496976323;
  -2.635640629257919, -2.477723724222301, 36.7279576493571;
  -2.273360787156728, -5.37528674366652, 32.01718755911053;
  -2.301202262047547, -7.158448651536691, 33.69379906040734;
  -2.319133348664483, -6.778110084941605, 34.08345830182505;
  -2.269130179990612, -2.267723218659961, 34.63076389034357;
  -2.249364218036341, -4.088252686268627, 34.4112820470344;
  -2.05546865110735, -3.597404155234353, 32.01587145455074;
  -2.072160162150968, -7.74641741360977, 32.80417840438862;
  -2.117565843054269, -7.547012633187054, 33.56630464377572;
  -1.456139006885883, 3.220302534458968, 25.35207895431769;
  -1.195137989722732, -0.9131075290716787, 30.25871403163668;
  -1.162162667209575, -6.24914053071512, 35.5896739581609;
  -1.054344949130888, -7.987521752459849, 33.83162787910526;
  -0.9754825557729486, -0.9647000401234532, 31.57474726954869;
