m=[-18.08979421275744, -2.340617562289259, 22.90471205819241;
  -17.00997910588723, -2.335836040396887, 21.77052916626545;
  -12.60197929243604, -3.115124424666138, 16.80508087499444;
  -12.49743390089156, -3.293839417178995, 16.84639049545227;
  -12.87722472168045, -2.995545629744755, 17.34448710556953;
  -3.231809764634005, 0.7772502167460083, 5.168074225411163;
  -3.226277458248222, 0.7515684019079783, 5.181787167949882;
  -3.208553584155027, 0.8060667016477793, 5.180843371236127;
  -6.75111161699498, -0.9902235040409121, 9.830169723916479;
  -6.742179076516575, -1.05781861813111, 9.819603806161869;
  -3.193413251938575, 0.8472948674723073, 5.179747522253093;
  -3.173416771305006, 0.7806458865380033, 5.171776445960574;
  -6.721131298550419, -0.8475193788279621, 9.941789961798078;
  -43.54222194714318, 0.724705134161177, 59.69083486598182;
  -11.91217577119485, -2.967072974016758, 17.27044942013252;
  -11.6924525534361, -0.6560585455474423, 17.05122229879428;
  -11.49607979046577, -2.836217723156817, 16.79530563633622;
  -11.33240183185004, -1.013626486905794, 17.27029632436003;
  -10.56780258242742, -0.4816972378262023, 16.31396412943923;
  -11.06622063120611, -0.4067191920672651, 17.09202280736539;
  -10.53135333059812, -0.5422701962333394, 16.36851363123115;
  -10.63067472083645, -0.2879469008680807, 16.52388846418499;
  -10.59014338622487, -0.7658221956738294, 16.58775210177199;
  -10.47510209502654, 0.1252292270342619, 16.4341638241147;
  -10.79527853084019, -1.222566768567731, 16.98619972652882;
  -10.07156280344161, -0.6454825110214831, 15.99888726580106;
  -10.49007853960683, -0.04837893322387731, 16.62565218987481;
  -10.9573789706296, -0.3675480211736957, 17.33050927302877;
  -10.21005105778525, -0.2676668907653101, 16.28253393646888;
  -10.17901872197778, -0.6119495590113856, 16.66887757175502;
  -9.861482341911618, -0.7209936689530742, 16.18280836746291;
  -10.35421382001674, -1.345184047175611, 16.97836788915503;
  -9.750867570264109, -0.8359282909579232, 16.18995034941923;
  -9.79687457788612, -0.6858682538500984, 16.33556131767928;
  -9.656838534576414, -0.2578648000410189, 16.12337705952682;
  -9.727446284054734, -0.5994319964764574, 16.2417329168995;
  -10.19144843922076, -2.784143918660194, 17.06698681899833;
  -9.403456858075248, -0.6754992987970493, 15.90177551102549;
  -10.03766032580829, -1.031831970215149, 17.19620714921482;
  -9.626140518884862, -0.1993225601173479, 16.56963058201155;
  -9.480588641103651, -0.6010490808478688, 16.36361492516964;
  -9.928125831052157, -2.925742234475808, 17.09485119741682;
  -9.031367199039623, -0.5698791008205187, 15.84758054969407;
  -9.723799015895118, -1.187450312616301, 17.1560586605085;
  -9.237275695750011, -0.3829590727783009, 16.35267685126495;
  -9.112848713446835, -0.4490367126750728, 16.20513919707673;
  -9.151678900164338, -0.7772271363907231, 16.30130385237803;
  -9.150100737482342, -0.6942200181266076, 16.32342185358828;
  -9.166959248198793, -0.3480707360978847, 16.43259869928596;
  -9.249995189974166, -0.2765369904251465, 16.6948201605106;
  -9.341391128745299, -0.1685487204873404, 17.07107278051185;
  -8.905870090721535, -0.5079100006885705, 16.46309557403072;
  -2.614400539844918, 0.496309737953868, 5.581117333928715;
  -8.723099657178988, -2.620901297940518, 17.23962294683907;
  -3.058988649115483, 0.9610609021419421, 6.688231313991027;
  -7.537155191164036, 0.07909761697727452, 15.16989651745346;
  -8.546690238995486, -2.845819665881824, 17.19180642444376;
  -2.883946894942959, 1.005525718110603, 6.527082853642292;
  -8.278865120484577, -2.775970148518375, 16.95110895209198;
  -7.796745447380245, -0.7828505790195629, 16.02437358191429;
  -7.896561503079687, -0.9248938522904753, 16.28585510191829;
  -8.19244791098191, -1.059315212864254, 16.87933612422159;
  -7.308479873070407, -0.5297285776791957, 15.34702700865902;
  -7.87787264746561, -0.2334734022049957, 16.47119835793866;
  -8.295954905906681, -2.246288583887805, 17.31023291099202;
  -7.706160299497937, -0.3442876014542126, 16.16717198021843;
  -7.823447873113773, -0.07089636157555428, 16.4819995735159;
  -7.519421719389867, -0.4073165054245378, 16.01178430067665;
  -7.629839192011862, -0.2339709645731181, 16.24249248189949;
  -7.506445853925058, -0.7186071539848837, 16.00721357496525;
  -7.365261292169828, -0.2847682752063025, 15.75922645260827;
  -6.529730729914216, -0.9725779405969394, 14.08936590581197;
  -8.092042470227868, -2.394745864801372, 17.23777126220978;
  -2.52154060151308, 1.045870590711608, 6.052552672285012;
  -8.191456541235812, -2.260681865615468, 17.48494973221302;
  -7.60268510865762, -0.1850064846197007, 16.3226365363381;
  -6.739343428322768, -0.5768017012770238, 14.68501998458384;
  -6.646152849579606, -0.9500883905373844, 14.53887343489111;
  -7.529441490723669, 0.02026630159550063, 16.42040898818356;
  -7.137313770161921, -0.3604321430896803, 15.66786552690016;
  -6.56464550840848, -0.7383896347202494, 14.4965541162728;
  -6.599042298077538, -0.9910206333592234, 14.572847826387;
  -6.644927549766714, -0.8021994156145714, 14.69141605413459;
  -7.808284422989421, -2.809444782598447, 17.10038327420375;
  -6.981245303519224, -0.4488631792239637, 15.46828668682266;
  -3.092267789018676, 0.6002893929344126, 7.39513519049389;
  -7.5716600224725, -2.813515864100357, 16.79069066460542;
  -6.624574313848102, -1.08213271556263, 14.82849686866032;
  -7.75581148745901, -2.238094180922644, 17.22292505521265;
  -6.718932521392251, -0.1476433969992116, 15.08016468233275;
  -6.676671886528953, -0.6128589711334574, 15.01516064717568;
  -6.71691505172286, -0.4575458786607293, 15.12312962153268;
  -6.841198624291722, -0.2380361468003493, 15.42637195441687;
  -6.803473928606283, -0.06819818253542558, 15.39377533321325;
  -6.815856177448652, 0.1209064721009194, 15.4307191678109;
  -6.639479651480374, 0.308916680378013, 15.12120424877546;
  -6.566362400396725, -1.104333459331636, 14.98943378762047;
  -6.592009713186137, 0.4306910249290312, 15.14595426077898;
  -6.630416260557024, -0.2444889276786412, 15.2833391607698;
  -6.490312123518736, -0.5275010571364147, 15.0442620413658;
  -6.553219456106567, -0.2025031428122269, 15.23408150432889;
  -6.537938651840825, -0.3778273648510879, 15.26793838416837;
  -6.499798269595773, 0.01821390719270227, 15.31537356332143;
  -6.396547402914434, -0.3835069962807532, 15.20683553396091;
  -6.628033010451906, 0.09095065000237672, 15.76297744073646;
  -6.500444714176714, 0.1884227915054612, 15.56725608602385;
  -2.933772130803968, 0.5658687807689092, 7.569708887722406;
  -6.466662680096775, -0.2534216102900015, 15.51937665340147;
  -6.734408838934236, -1.055468121189533, 16.14721976170131;
  -2.901069822214801, 0.6183317333984684, 7.529485542575588;
  -2.522168917669386, 0.9876120477545621, 6.694350098117289;
  -2.884052809534945, 0.6735188173701934, 7.542653398365697;
  -6.44146767337879, 0.001615253878628921, 15.71584912905274;
  -6.403368745877892, -0.1155279637761069, 15.72088102391096;
  -6.331531972539808, -0.6194883583838502, 15.65549903063432;
  -6.211944343679377, -0.2809460427295301, 15.43561018740704;
  -2.834639496290551, 0.5453482354400323, 7.579579746533933;
  -2.820473972386569, 0.6641957971258188, 7.548652598014004;
  -6.328397767464897, 0.009451286984392029, 15.77199141563438;
  -6.628780969071936, -0.9317603574077528, 16.57088066599625;
  -6.220131157987428, -1.002993502552722, 15.6987425062316;
  -6.433906980075493, -0.9879204578598398, 16.41077232550102;
  -6.258761248774194, -0.2720847822961228, 16.01132698161427;
  -6.351495851977259, -0.5586844251248783, 16.24417024709143;
  -6.802223467268208, -2.778072230162479, 17.34050714161927;
  -6.434289761469175, -2.835312173476837, 16.46598202167583;
  -6.108049947555629, 0.6930654649598916, 15.80535501466069;
  -6.236582723153421, -0.8004972439386238, 16.12425605825424;
  -6.405489813731321, -0.6637253601614687, 16.61327794756761;
  -6.199657518831688, -0.958968941335654, 16.24785911868386;
