m=[-5.789302940399023, 1.68650820363997, 8.003172569812433;
  -37.09145449501826, -4.572677197491718, 46.14976015454825;
  -6.219187997893157, 1.478149754624107, 8.653280959077469;
  -5.829308237055132, 1.706940816130431, 8.172328703292697;
  -37.49269568341451, -4.851136554791685, 47.47203803503862;
  -14.75195624275801, 0.1347977589288775, 19.37441907227492;
  -37.47929680322316, -5.146713684757002, 47.96855534662517;
  -37.61377095934085, -4.73166605548882, 48.17028608258734;
  -6.091726994209422, 1.438733250781583, 8.660303097880478;
  -36.66206050061489, -5.621348917766697, 47.15772040214284;
  -37.32482109057478, -5.52532722467826, 48.01417562920516;
  -38.18119210592013, -5.622133625239219, 49.63891080700819;
  -25.80619852848648, -6.223713406916609, 33.97384738637047;
  -25.35084585518845, -6.236178425455817, 33.41584703697216;
  -5.953459488707167, 1.439835350352508, 8.608404731908584;
  -5.622591236168344, 1.766648548283547, 8.216249524663281;
  -13.74732050431367, -2.096845225858373, 19.86856641283883;
  -13.73483612208086, -1.273235646702079, 19.86872345539144;
  -13.54366983174671, -2.124942981082073, 19.72559172930367;
  -13.52617076855692, -1.68488913881186, 19.74483992520888;
  -6.724504111383722, 1.680305988551789, 10.4124596844557;
  -6.718171457727852, 1.586817683284418, 10.40807030409711;
  -13.56425937421048, -1.184515479471016, 20.08297077490876;
  -24.46726296733631, -6.094281690679155, 35.47300137631182;
  -6.714893012502982, 1.514184529309233, 10.46647040289558;
  -6.75306133756933, 0.7639708802003128, 10.53208912121212;
  -24.28469143651189, -1.362603719800803, 35.41461213968339;
  -23.49408838304989, -5.796267168977177, 34.32390886567011;
  -13.54405379969419, -2.10083101655341, 20.23585719147321;
  -23.79051534578446, -0.7452614496106347, 34.80915270136604;
  -13.64263427648571, -1.772210182784754, 20.39889676232509;
  -23.24761408878429, -0.3131301392921234, 34.26290087637867;
  -23.74176387391788, -0.4992757153887061, 35.00946222981993;
  -6.534247094214209, 1.703292809797948, 10.40302303560238;
  -6.491441510093111, 1.634498386813649, 10.34910836998556;
  -23.31755192756026, 0.07953298970733615, 34.6720942978075;
  -6.499340904521, 1.563091423890548, 10.39327146615616;
  -6.507939952216068, 1.451322900083355, 10.41458651395236;
  -6.516592047505721, 1.51805439377474, 10.46642562133024;
  -6.449118944867981, 1.620175540185951, 10.41337607725558;
  -6.407918202710223, 1.700185906425611, 10.393705986264;
  -6.41769961064979, 1.532265209270643, 10.45363473773667;
  -6.381795196448067, 1.569892178639509, 10.40053055065997;
  -23.59025840439351, -2.110030257172908, 35.95096247532108;
  -21.91067600091457, 0.1889668322867215, 33.50964406412723;
  -5.241929471746781, 1.828987970271029, 8.784577658960179;
  -6.292908143208272, 1.722747887676139, 10.36764994887991;
  -6.305274860622416, 1.637056776528185, 10.40003871152736;
  -6.338480319499825, 1.689574312481327, 10.4545961214626;
  -21.29829349203578, -0.9708100681768078, 32.8790771153419;
  -22.81124187972356, -0.8383864895309737, 35.23246819904306;
  -6.204581848697349, 1.202875158120366, 10.33079587660277;
  -21.88085937150764, -1.126667915572411, 34.00865336508782;
  -22.13109826939961, -0.5994521821827646, 34.39967913576638;
  -22.65851613065551, -7.818546410306928, 35.3877636240989;
  -5.436259414590369, 1.765887482738294, 9.251635791024258;
  -21.77652642208096, -1.574761235093356, 34.10941747937317;
  -22.03242100837229, 0.2633962922310692, 34.56619448753348;
  -5.516813631897677, 1.720021851523994, 9.402230075400675;
  -5.249389172824382, 1.846218393458982, 8.993355647989853;
  -22.70566575543246, -2.571419749059276, 35.72700531475444;
  -6.137646700355793, 1.30617543522372, 10.39983231321708;
  -5.496083407897503, 1.791995004662445, 9.435828436462472;
  -20.94100554200737, -0.09657730444367013, 33.18925338195843;
  -22.60134609627052, -0.7581265607233755, 35.74694634129665;
  -5.234712790746666, 1.951830746352709, 9.03780307445914;
  -5.260446013055411, 2.003701650657524, 9.081920635478609;
  -20.616348581723, -1.321293696950127, 32.7494990825786;
  -20.92668632985144, -0.5486144028301555, 33.37294577815344;
  -19.19723543251853, -1.281518234874413, 30.90955857994353;
  -21.55129442244909, 0.1476267989237135, 34.66085125390725;
  -22.94850442987723, -0.9453397299066951, 37.0291220835755;
  -5.043825398418557, 2.089829267406889, 8.948399779982834;
  -20.49699654749745, -1.232253161222385, 33.5653107014362;
  -20.12070318309102, -1.47106683426667, 33.01831028452103;
  -21.4365072520929, -2.784957707453741, 35.15060754115127;
  -18.92943967132152, 0.260766263464091, 31.31757686851167;
  -19.37607723586581, -0.7584692014016907, 32.07593179355305;
  -20.25034665421948, -1.736034003947475, 33.62286530176525;
  -19.9216970015658, -1.00247564154304, 33.20168992122775;
  -20.51173479612307, -1.436003657718437, 34.20179556553458;
  -20.21079547254361, -1.245444809121497, 33.74558260385535;
  -20.97547604611018, -5.730171174691769, 35.1263292294642;
  -19.57209242086617, -1.555278201690847, 32.96745509157243;
  -19.28654887650954, -1.385453290096113, 32.61464110970044;
  -20.00560562264113, -0.9015701653876573, 33.9851230899027;
  -19.02043733908323, -1.505339068222654, 32.37254451600273;
  -20.43607519899776, -2.100748087861679, 35.01044775696754;
  -19.24031973074546, -0.3983974448206762, 33.11867197375715;
  -19.1479146323202, -1.632327999614651, 33.01921048500548;
  -20.67669456829719, -6.093262675883366, 35.60239091591145;
  -19.57005645816624, -1.240699801626708, 33.77816294621789;
  -19.5317427613321, -0.03339385918828168, 33.89383755037958;
  -19.5017564724942, -1.440851903931759, 34.05756736982673;
  -18.80242297459805, -1.186432536941962, 32.99311234416942;
  -5.509010186349848, 0.7866061377268321, 10.43850300989285;
  -5.180332139006177, 2.186281151693336, 9.876345264037312;
  -18.13662333608355, -0.7519083206871756, 32.10712231145598;
  -18.46670812667935, -0.5772892028042185, 32.72205511973419;
  -19.03434314923335, -1.252478786255324, 33.73568251279992;
  -5.251038635613177, 2.090081270387134, 10.03804469953287;
  -5.565918133361616, 0.6871326376040771, 10.62277757408321;
  -18.91888835350259, -1.435379936518342, 33.75055690153344;
  -5.608499340232663, 0.600325484329596, 10.7218499009116;
  -5.549641551679414, 1.012959717458758, 10.62138797864177;
  -19.00270448455244, -0.5681030746688683, 34.29696204348159;
  -18.12572624531848, -1.089206661833525, 32.88877392339695;
  -5.497698490950183, 0.8257746888259578, 10.66628915100641;
  -5.443223650385286, 1.014361875140144, 10.58583015481707;
  -5.456841880598088, 0.9321956054579372, 10.60974971300674;
  -5.464978251213795, 1.273045102754827, 10.68620922449053;
  -20.07662283970992, -0.3622468050745812, 36.68934155095256;
  -5.546819708074926, 0.6659285208637111, 10.85470703060878;
  -5.419649434387329, 0.9175333876842733, 10.72757899483117;
  -5.396586719530633, 0.7533638668462109, 10.68763679421985;
  -5.042666024139049, 2.063606526300783, 10.25124702491032;
  -18.40006143243976, -8.347389436403448, 35.2979427800454;
  -5.025713495628141, 2.057375062254992, 10.51446572723863;
  -5.360837896569798, 0.9978875031596263, 11.24726662658581;
  -5.307635142508055, 1.073200642145495, 11.18795274939203;
  -18.28345015971379, -5.49335902805924, 36.1339202013341;
  -16.49340939757626, 0.3350153338476736, 32.85890946738005;
  -15.17950228149088, 0.1592991555719314, 30.5515108759625;
  -5.090076588341495, 2.013927154791867, 10.93782480590807;
  -17.63355438638462, -5.871502821432316, 35.47018145134692;
  -15.5956970535286, 0.3061421289312569, 31.72699096912296;
  -17.08602691734324, -5.729082427248203, 34.98391381176521;
  -5.334063045680431, 0.9680243614470184, 11.63253063817041;
  -16.01082125642523, 0.2510255837076673, 32.99228961643517;
  -16.20970181806661, -1.89857997726536, 33.43086164166235;
  -5.391676179157314, 1.018928338274865, 11.80075922834069;
  -17.55126506433205, -0.1878445340085979, 36.53993622212192;
