m=[-17.89841272419593, -4.843340199030157, 27.43790868159548;
  -17.7990986207262, -1.348050230637504, 29.91184140551697;
  -50.73421347253359, -22.40574978740694, 93.09954504684563;
  -23.65083292487319, -5.886000941658574, 43.86743357049717;
  -23.64925515792305, -3.643049033615436, 44.12743834052571;
  -26.51062513020845, -10.56911122987403, 49.69778341165755;
  -25.3760981983693, -1.138821417449753, 48.05495685320581;
  -33.64087037370854, -5.224578089080308, 64.23639686019594;
  -34.80252623798131, -4.245213374568822, 66.88311359727817;
  -33.12886461488312, -5.388410420932305, 64.2549174322952;
  -36.56692250352045, -9.587007613199489, 70.87960303623581;
  -32.16342046314988, -5.132462605825702, 62.5803438247651;
  -26.54133439704814, -0.5738862331671425, 52.53913665657412;
  -34.28002690288663, -10.6104638115938, 68.74171739308719;
  -34.07733084491694, -9.22050313507097, 68.59608191738347;
  -28.58809068312112, -1.871478329179654, 64.60544708995568;
  -26.81786276671552, 0.9159443213003455, 60.87225910759793;
  -27.42442250276934, -2.771655647069468, 62.44139636116697;
  -33.17420742658154, -17.14270112955501, 75.63879809335923;
  -10.75173021574759, 1.531763026567018, 25.981817141687;
  -27.67349899738714, -14.79125003252705, 67.67217599746475;
  -30.23737228456275, -15.21358666668576, 75.30492960060721;
  -33.43233222430665, -17.92840470744757, 84.65039944786564;
  -29.6844103389242, -12.71982513840557, 76.49865328434439;
  -17.75975006406238, -2.660700947769381, 46.4594292147273;
  -41.70937269865317, -14.20690897086189, 110.0641546268456;
  -33.93009208206654, -4.536293668641896, 91.17173307491105;
  -70.49620357415944, -14.64042091919897, 190.6132431977728;
  88.74552648150689, 29.78289918474889, -239.3810004797423;
  -38.02793962868038, -7.232102253314686, 103.4851176118445;
  -61.70626745081479, -10.62716015516737, 168.4353632793012;
  -86.44192703547932, -29.78662387600988, 237.6607484499007;
  -61.74884680907691, -18.50876160572048, 170.4824494437338;
  -21.00513296446689, 4.938503414647133, 59.94038298383983;
  -17.35678094376122, 3.16555197008965, 49.86058237515596;
  -19.63513365159629, 3.288423145837094, 56.34628572564876;
  -24.16849596889563, -6.349051173757061, 70.30141646386034;
  -20.44452139476183, 3.792717482735491, 60.16938222753924;
  -80.57433796512275, -19.77922735918201, 236.3328570073562;
  -56.75546302731824, -16.83733990723417, 167.075805459238;
  -60.02211055728048, -18.15121670839957, 176.785320684768;
  -113.8551512249582, -18.98732156374093, 344.6292491944664;
  -58.3155545608689, -10.71499428133419, 178.6186804723662;
  -55.58934670625285, -12.16860612148514, 172.0947833790337;
  -89.16866972867743, -17.79152840913957, 276.6120641999773;
  -72.78106357700075, -5.621720886332613, 227.8658470841693;
  -50.8759420907604, 2.318512421922656, 160.2055136024057;
  -47.74667158425945, -8.123355048741862, 150.3761800993717;
  -68.00208403837729, 5.133871938840478, 215.0391016795744;
  -81.012944052454, -18.10165377220279, 257.239603111012;
  -85.79376262414573, -10.29892171203086, 274.2283611936459;
  -127.63363618935, -20.6525311268006, 417.2911936314754;
  -13.84660956052885, -1.703225463448869, 46.60477883842916;
  26.66512403968505, 1.800128397572758, -89.64743394381087;
  53.17391162373616, 6.178953930753214, -184.829668436535;
  110.9646881086589, 15.09559288228435, -395.5520021594318;
  -94.24442352648335, 1.210166102694565, 339.816730555016;
  23.02024256087438, 1.915833340433832, -86.34858779427559;
  -294.3283447327792, -30.66903063980795, 1130.785112192327;
  85.7508901170991, -8.225621795347502, -362.5590039540907;
  -138.0186283856459, 16.84166266145867, 594.2594505176347;
  -27.26543517506459, 5.533348784242418, 121.7811439373718;
  -16.29082353202278, 2.536775660180849, 73.65392808795188;
  -30.28027819996522, 4.183564549699955, 136.7875379672959;
  47.03457257107998, 4.682626651474378, -212.5789747019246;
  -21.03126287175131, -3.717091507393701, 95.44796275087113;
  -33.32433071081929, -6.29001446724088, 154.0744927472547;
  -49.43366685898844, -16.20819952062037, 230.2231472050387;
  -37.96701792325032, -15.50588773036316, 177.8605615227693;
  -36.30081299325722, -12.57027058031366, 171.9523013618574;
  -6.227850698683526, -2.975357267729117, 29.39018171604264;
  36.61202984054263, -3.239156271890208, -177.8369149654737;
  -24.56299904482096, -12.65081689299676, 119.1651840239109;
  -73.72282855266364, -43.1912885780327, 365.7674716453075;
  -56.00490794705559, -26.57053506046693, 278.5147494051705;
  -24.94120291734838, 2.027027691720318, 125.5209330541451;
  -54.85544499226209, -30.33212110590712, 274.736283666256;
  -11.29181997780483, 3.349093515820767, 57.76865748724446;
  -29.11244103383453, -17.00037615083417, 147.9201129614427;
  -48.24130508017728, -25.79220306665751, 246.6712919790488;
  -12.82490136392747, 2.368482594502374, 66.08267768652443;
  -35.90894929088871, -15.53746026222594, 188.5213515170477;
  26.97166551238415, 12.9150733446987, -141.4381400145419;
  -9.326353319107536, -2.659425194910631, 49.1520528599082;
  -10.10744146103668, 3.201808306307042, 53.74570545387657;
  -9.570147502882795, 2.55003282551936, 50.99542609348107;
  -10.83769449205617, -0.06042225709390852, 57.56536657958264;
  -23.05168959209526, -3.745960962609042, 123.8884640983048;
  -15.3556663355832, -7.368447062896458, 82.80953968841513;
  -3.001102305186716, 0.523092252949962, 16.54426120775949;
  -11.42301454269767, -5.895232586350605, 62.63934781448914;
  -2.934911866128635, 0.3557267370842617, 16.16894248071465;
  -12.30753526324519, -6.485084118966334, 69.28948228898858;
  -10.71961033716578, 3.642466711325626, 61.80814694089135;
  -10.82535432855675, -6.471605632415411, 62.56097695321371;
  10.30792241298424, 2.814186609658405, -60.48190594254198;
  -8.707281082779275, 3.444812132991368, 51.49945078137707;
  -7.76696815751114, -1.84154962460708, 46.2287131542402;
  -64.39732275923905, -7.055096448773394, 384.9668360397322;
  -6.318428461524019, -3.448716655430304, 37.42622431866294;
  -5.419516615791329, 1.285955127350315, 32.84154335433272;
  -1.323503511181888, 0.2308300315416048, 8.184986077734791;
  -24.05066256781676, -2.923177468536594, 148.042116023619;
  -5.551614352800968, 2.319357253137377, 34.49099237875683;
  -20.60749426150384, -11.19272945934761, 127.2013808903645;
  -6.231454741161687, -3.50943875397302, 38.70399705777398;
  -10.43190040648785, 1.601505616547617, 66.29799812207406;
  -15.32164456401103, 1.846253951540672, 98.18868105594062;
  1.067843478195209, 0.2293071805267489, -6.912559369987193;
  -22.8133489111001, -0.1964468520492962, 150.6633472521511;
  -10.03791438735989, -1.612145716214458, 66.97635492487696;
  -7.160177311048408, -5.275636913520732, 49.42078307417588;
  -9.88807226701471, 1.588529838799014, 68.95615223278355;
  -22.28772423686464, 0.7590927294918408, 165.0310947422564;
  -5.704865017062595, -5.325920648688317, 42.23812302131459;
  -8.846325682426583, -1.686686458194767, 67.40288677457312;
  -3.628204307874272, 2.180057429966252, 28.43606191646477;
  -7.175091797923557, 0.6081504250828176, 56.76466006687701;
  -8.507700478031255, 0.4555908911264777, 72.56195643958174;
  -4.536257427695853, -6.574228624549841, 41.72808595391615;
  -9.079902289455934, -0.3555571896204904, 86.29455603130739;
  -3.407992882373221, -4.06618387476472, 36.08663633838937;
  -2.665110438000457, 2.648725429492888, 29.46233907555632;
  -0.1774538441496669, -0.04271183823280546, 2.224272942189005;
  -3.40156767002885, 0.4901810250557147, 47.34449472794459;
  -2.86828483867939, -6.885223134412328, 40.02799250560548;
  -5.261245437581102, -2.401119583251806, 83.54926423153327;
  -4.876048677122563, -2.048906175362943, 84.79294315426111;
  -5.867171066858412, -2.362689724258988, 107.5860745599261;
  -2.557113046241168, -3.348261586303936, 45.95777772031219;
  -5.307831347043809, -2.851586387291084, 100.32810512285;
  -2.272725617686629, 0.3561560280968276, 42.41817412252097;
