m=[-17.68114051502548, -1.947513352391249, 33.37820188833496;
  -19.29796973431616, -3.89216241923149, 41.1945338608293;
  -22.75137477252727, -4.296848426908477, 49.02571592593974;
  -30.18429711833236, -6.457493774438415, 64.94394731406787;
  -23.6914972095677, -1.835507198814169, 51.45404476971898;
  -31.18453380715689, -9.436926816776863, 67.86926921959575;
  -31.09573879930064, -6.355898769650251, 67.82310966782551;
  -33.42170127627733, -10.55094224659782, 73.04151471711539;
  -32.1782656812665, -6.851325982444237, 70.61042364617995;
  -30.30461619817661, -5.074211639423781, 67.22457383661961;
  -29.10610659586502, -1.492559453778172, 64.79431377673946;
  -29.98689774805549, -6.402179972508529, 67.16898771901586;
  -26.60582920712087, -8.710361468576275, 59.65310139159872;
  -31.95406510852705, -6.725177772956657, 71.80992909940123;
  -22.72014249434882, -1.208484402778069, 51.88751176418626;
  -34.53181709062231, -18.44609522805722, 78.53233252278325;
  -30.12896044902251, -11.58873105716621, 70.16445392727852;
  -31.27236318578875, -6.942226775148407, 72.95206874371729;
  -32.99443188249566, -11.20509297526274, 77.12591671218087;
  -33.42131760641541, -16.46768525909826, 78.30266340995229;
  -21.01744447504469, -4.337667696228662, 50.61474371480221;
  -27.15580930926981, -4.953616258636433, 65.40962105751936;
  -31.52089036577445, -17.78038319047147, 77.4764255438792;
  -31.77332510601951, -18.67321368735646, 78.98806944796685;
  -25.72568540416387, -2.770860393743681, 64.78440737966649;
  -31.06841483482498, -16.6821821773544, 78.9010599290324;
  -30.29827617970599, -18.15163232020627, 77.18045124478657;
  -25.05677417377217, -2.220962844226231, 64.63700260587071;
  -25.64904225599751, -2.796439973494733, 68.17792840619754;
  -24.28919431603742, 0.1873450593444619, 64.79274806623094;
  -25.96559976928681, -3.909659932771668, 69.59348429942808;
  -28.67700011916982, -18.31065546770605, 77.35966393570979;
  -10.63440600088544, 1.391888635359876, 29.99368920066162;
  -28.50935327270674, -17.51075401374233, 79.46146517304634;
  -28.86838326381378, -19.37994754617574, 81.12490830527406;
  -25.57831287830647, -10.52243612047876, 72.66672069475467;
  -26.92203128735465, -17.06004991847044, 80.35131816360907;
  -36.52658273625995, -15.14637607802976, 112.9774743802226;
  -23.49038262457356, -12.93547691284356, 73.0439839962164;
  -26.56227370099957, -10.19492016498289, 84.06260282766041;
  -34.88673890153103, -12.4610584321088, 110.5353862627744;
  -28.68410133225225, -5.722462460357126, 91.90850810597003;
  -31.23610574669313, -13.86634858416164, 99.82405891281813;
  -17.42167630841151, -6.409806411283313, 56.0392378760156;
  -3.755501641320368, 3.042483589357162, 12.76003922075184;
  -26.20917920358999, -5.200510726257502, 85.39482237536046;
  -42.71493016779395, -7.693893260574825, 139.7922959120161;
  -92.33863322452943, -26.51059666602607, 304.2558399390697;
  -25.14687795555549, -4.551674672550037, 83.75521730219431;
  -49.14246681526216, -13.24048964629774, 163.2587519230538;
  -44.8030712760917, -10.96168916501281, 149.1580415957817;
  -14.91375425137368, 3.901122233516465, 51.51249729799883;
  -16.3651837372505, 4.028072474819926, 56.88806976155318;
  -18.88099350607749, 3.437780155209139, 66.03972735796354;
  -18.96824388763835, 3.116603917672536, 66.37170804458371;
  -17.28482895396354, 3.796572431039481, 62.21652433574869;
  -16.24670741582192, 3.03117850942672, 58.63014552926619;
  -31.2703022316195, -11.14025086282033, 112.2871736035736;
  -68.04561172766431, -23.18316483761109, 247.1891134261039;
  -54.04295362923846, -21.85475552987133, 197.1006384284454;
  -50.48301673750102, -11.76484853340614, 187.4306899253572;
  -54.11090366891722, -13.31157758618811, 204.1305973592726;
  -13.71671874839895, -1.282198010352813, 51.81024426746277;
  -78.041266540482, -9.789739000908575, 298.6350350630164;
  -82.78521000624832, -22.30613413229228, 316.5093075758123;
  -55.64834303324641, -17.46889190107248, 215.5397858522553;
  -60.48231730889484, -17.517544618544, 235.050486285887;
  -27.22485167498239, -3.770926295145885, 106.8302122103546;
  -60.41245890053349, 0.7579250612905778, 238.2932012196592;
  -44.666170459046, 2.246149163083926, 177.1923636578574;
  -41.32926028683442, -10.58374477856405, 163.526058981057;
  -56.90778963751183, -18.29428978518527, 227.4870879031421;
  -66.89141926768839, -12.9372902436643, 269.4088747682357;
  -53.1619116709779, -10.65760717739132, 217.7452132993804;
  -66.22701783236157, -16.33298543538446, 274.5340640557795;
  -50.29912432711206, -6.455706669983274, 216.2255751672591;
  22.08421143113023, 4.533933783918545, -94.90655156156559;
  12.55264724775213, 2.46390242095657, -56.21666042594652;
  9.510177999276706, 2.125300250723161, -43.96366176521596;
  6.445671745698284, 0.2123512326217444, -30.1294675209282;
  91.28112861886237, 15.98632014557384, -430.4733053352175;
  -38.38210677605746, -6.164941575429658, 189.9851850869151;
  56.41548843096769, 10.68199731575449, -286.4675742817656;
  25.87632709447676, 4.304862230065064, -133.6937994902644;
  170.6288782945907, 27.30611802026573, -911.3022978018961;
  16.67339396180988, 2.025538634320256, -95.34733719363973;
  1.768751524483307, -0.1219830870564859, -10.16916740904947;
  33.48676795932607, 2.402238890164709, -195.4863702975301;
  1.250348908610524, -0.1309143987498809, -7.354801795390371;
  6.328262380568652, 0.3243309328454743, -37.72827832873148;
  -1.102939924186848, 0.09040614716609947, 6.598702448566668;
  -1.448723338461588, 0.1760539685467371, 8.802436470903036;
  -11.22899892477667, 2.424814024438711, 69.18457516108481;
  -5.808806519188317, 0.87980800224112, 36.33645020120756;
  -51.61271253032029, -15.986339915304, 327.149263656295;
  43.19552342821938, 14.24776513986048, -280.3717718466818;
  -4.748973793391013, -1.715077010311453, 31.10735758615115;
  -33.48744828908781, -17.6006149581242, 219.8336830884217;
  -0.09133480956603303, 0.002117886369456192, 0.6029467888648733;
  -25.00601961522974, -16.06600314877728, 164.5638933337079;
  -24.79382441894217, -15.87123269352066, 164.0552024041147;
  6.622052058577895, 5.029102426392079, -44.73888719293393;
  -77.50805720258963, -43.23111185619862, 521.7451142919759;
  -0.5917372630794354, 0.03263804672152493, 4.112992445790827;
  -28.19128806077538, -22.76991069325012, 196.165064383705;
  -6.666740643909771, 1.96123795772392, 47.29169943726336;
  -8.652435999913989, 2.930077488643084, 62.37482363877349;
  -7.765785671687102, 0.6537436004573467, 56.16348166295663;
  -2.812322498775799, 0.1262049467225017, 20.49681698033114;
  -35.3369291806349, -26.72911903478134, 254.8977753289233;
  -29.41395431782415, -26.96036687122338, 211.7230432111582;
  -34.48824691250355, -30.11368479155336, 251.8474232357013;
  -6.470945689923256, 2.316737850890203, 48.01050284073148;
  -13.52286025763195, -5.244069790474227, 100.4506292498976;
  -5.540558786750266, 1.081591159546999, 41.63785647252884;
  -60.85212254098704, -56.50349928428238, 454.168162032531;
  -27.28979386587361, -23.37599347062643, 205.0559751495182;
  -22.58203228710595, -18.52397232735371, 170.3251247686012;
  -22.56103378835782, -18.0751270747771, 170.5957688473409;
  -6.38049527765369, 2.504011510200514, 50.04974838520527;
  -12.46646709524962, -9.761343997663468, 97.31831588286275;
  -54.79659230018122, -39.30701831667999, 427.0407498575775;
  -20.77624989444644, -16.68302303908296, 168.2599216403624;
  -3.51728398857564, 0.6336787998448352, 28.99647901909425;
  -7.083919784966439, 0.7298480165072737, 59.14307477647907;
  -5.100069523475694, 2.235099920084373, 45.18561963163213;
  -6.123806238777191, -6.25499475061731, 54.92335382746766;
  -7.884643014812153, -3.997204593833308, 72.27983424893762;
  -7.762257280302375, -2.046161952629282, 73.26987313371656;
  -4.891442609420359, -4.764325236376914, 46.21847275141455;
  -1.586480898227754, -0.6186856803458229, 15.33851982650438;
  -3.125881138759875, 0.5805288006506264, 30.74491502478103;
