m=[-6.780227596738836, -2.652284756252916, 12.79555497125186;
  -9.246364745821023, -0.7950444086474471, 22.534285952735;
  -12.89696723905842, -5.338587803289403, 32.84957423178235;
  -11.93057258887676, -3.26019094817258, 30.95025799076496;
  -9.945693738682317, -0.9219311321801413, 26.12240861871885;
  -9.981172397371202, -0.9457668142590512, 26.96741719853883;
  -8.33521043008853, -2.259689527986848, 23.26868439031636;
  -11.1479223449609, -2.732342472576955, 31.22543754870103;
  -10.45050640771781, -1.667075482268877, 30.76014369181385;
  -9.836414959319169, -0.8203225781030317, 30.72587368327821;
  -9.158661792822748, -0.2431591142743413, 28.76210229486211;
  -3.925772060342577, 0.2463718063218911, 12.67009652693347;
  -9.674201230280346, -1.582652369993458, 30.31089436544445;
  -9.597567528886749, -2.046805698960567, 30.37837816929288;
  -4.081092094968548, 0.4806578893546161, 13.47685043156221;
  -8.848008864289202, -4.04166770180686, 28.93003662209856;
  -9.166391811673103, -4.871790824222408, 31.19052306175112;
  -9.932901012874076, -6.321964694339304, 34.01305773805791;
  -9.085278080602082, -6.433200700925538, 34.37211909177368;
  -9.175374339004925, -6.066913462009798, 34.88454312942606;
  -11.73482731236527, -5.577621180104381, 45.46434846318763;
  -10.40491295575938, -2.967688608620411, 40.73338520887632;
  -8.442057306506092, -4.169098484256908, 33.14676003398312;
  -13.43940227537151, -3.54034372896726, 54.07803943014009;
  -17.03212058227001, -6.735118652561159, 69.36915061115205;
  -15.33146938416559, -4.102505322664465, 62.8576411277873;
  -17.0268408490604, -6.357926843391079, 69.89022097406935;
  -22.20845826986634, -7.632755435119969, 91.32156784481404;
  -6.583661812609449, 1.043596598852544, 28.47053368992465;
  -6.308811737546002, 1.03536121089489, 28.20145871190345;
  -7.135888715209918, 1.333599598880821, 32.00621373446177;
  -17.3492858726593, -8.607680043027134, 78.50503015600961;
  -19.1878705576451, -9.100710836228075, 88.00201129513997;
  -15.74352840814334, -8.722293284126804, 72.72515148423392;
  -17.66375373581214, -5.002355736482846, 83.9717842908038;
  -16.68088188283409, -5.999564559488888, 80.01371678616056;
  -14.53657167402708, -3.025851712939496, 70.94176768944217;
  -11.82978873281925, -4.626266581973391, 57.77522820781959;
  -15.13310751003712, -6.811289433137896, 75.10182765665249;
  -15.26585091204644, -6.403900012145972, 76.06938378105593;
  -5.070074006070822, -0.181848537863692, 25.62593329336791;
  -11.30257702893303, -2.55371819399207, 56.93389016132756;
  -18.94887464721563, 0.2480047774476789, 96.40447356812685;
  -18.20836592609809, -6.872943369327983, 92.76670827038088;
  -21.65613096701542, -9.098669684785683, 110.9791005927553;
  -18.41660714125743, -8.55776650357349, 95.11908869822061;
  -8.967416659029299, -3.930318475986292, 47.34058514632956;
  -23.84963773905223, -6.472900155866443, 128.3759932121843;
  -17.06451702637088, -2.412157512317544, 92.29408239989503;
  -13.76685748104838, -5.156575283928586, 74.48158543550348;
  12.73499307275417, 2.838379207194418, -72.05418622746397;
  -5.781094826206587, -1.810911413722102, 34.45765943164467;
  -14.46546355752578, -5.099577170316682, 90.34097195105839;
  6.294133109230284, 0.6434657772454988, -39.72642668828827;
  -27.48487309547252, -8.169288459057547, 175.951654027921;
  -22.58443402522787, -6.429561679014464, 153.7727260336251;
  -15.13963640114731, -4.959561514003863, 106.9918928682971;
  -6.369722923756361, -1.913338735581197, 46.16656458016507;
  -3.021224982060306, -0.8938492371426058, 22.88058106608022;
  -7.424027352837354, 0.5680752909128697, 64.41004154068949;
  -6.820778364260336, 0.2896354699951272, 60.58252260309905;
  -5.317404778525784, 1.289353517614223, 48.98049133318884;
  -6.754740698061346, 1.214832128988414, 63.31535964269145;
  -9.188850855629823, -4.430906032718421, 95.55980548759008;
  -11.0370358549541, -12.20182948878135, 115.6170946497897;
  -3.367156035600014, 1.027595096049964, 36.02189629762881;
  -8.104659934278521, -7.92883705556137, 86.81261754192379;
  -2.555330395436033, 1.341870433028367, 27.86290866748714;
  -3.049876083069967, 0.180643906884889, 33.50355772078024;
  -3.253227203005026, -0.03621251669631763, 36.53978433955219;
  -7.82622414855816, -2.266407197399581, 88.96611306055944;
  -3.184314045413352, 1.216708921383858, 36.65543991817864;
  -12.06647569030471, -17.09607926001969, 136.9739134599299;
  -8.946765209190398, -12.21449990824501, 107.7096233320294;
  -8.592810611478811, -14.07714356973134, 103.6015132949925;
  -2.630278775152274, 1.311344100538807, 32.4971956126209;
  -9.497433575668113, -14.97586815949816, 116.8796587274367;
  -2.011768075807824, -1.540332762246994, 25.2515397719126;
  -2.295762059708519, 0.5212801768053755, 28.99204696586886;
  -9.841753733415114, -15.58819712814234, 127.171020135353;
  -7.712769138976979, -13.07711268327963, 98.515811035531;
  -1.97014956636228, 0.7101834796293309, 25.6838030464267;
  -8.923248186708459, -13.34728889823406, 116.5052638257638;
  -7.096150563410637, -10.82960449310597, 92.37646995238652;
  -7.032761626075276, -5.332883249363442, 94.34490706818606;
  -2.014919922673334, 1.155278643850342, 27.35556279566765;
  -10.88496526364447, -14.95384974906474, 148.9540220169637;
  -6.620399739018113, -9.896806833597584, 90.58376457941854;
  -6.732571332181339, -10.66385397201778, 98.97591394880519;
  -2.056728894664585, 0.4297535682490127, 30.8942724050961;
  -2.428721521282656, 0.1530073245174786, 37.02384310231479;
  -4.47518855914623, -0.4961022480862806, 74.45753265351743;
  -5.732873772588137, -4.751380314271669, 105.5159344462167;
  -1.956794428902987, -1.930535398489329, 40.27240758994829;
  -2.092104455693157, -1.18503784106562, 45.85351230845493;
  -1.082991934128351, 0.2542206201640109, 23.25209807712364;
  -1.363606746633795, -2.589487825385616, 30.29592223756621;
  -1.60034994393211, 0.05592767621637289, 39.96247415504361;
  -1.35436516088807, -2.606980540668312, 32.53864868367854;
  -1.990346843363049, -3.53864140058768, 49.82535173708102;
  -1.637630203288034, -0.8706383128628331, 45.82025428228008;
  -1.424069352243989, -1.798893122283008, 42.69002789738003;
  -1.207450418604231, -0.8317332458875038, 45.29294465827486;
  -1.055845540712591, -1.8956699511374, 46.86582256535215;
  -0.814079591142778, -0.8546152802648155, 42.71725181462098;
  -0.296684949430868, 0.4729849898149178, 17.09729765850716;
  -0.5225993352944018, -1.302185823299068, 37.24411859636381;
  0.6728586192956353, -0.3295220269675691, 24.34235750826942;
  1.207401303826422, -1.222457658113372, 33.17675976997413;
  0.3430216990484653, 0.9692492198058796, 12.03751681724211;
  0.5035686827679897, -2.458547894895659, 16.81232161112404;
  0.5620439226112073, -2.433481674037591, 17.06734915112766;
  0.6307624132559473, -2.346814248893359, 16.9702643046897;
  0.8777802384600747, -0.09413020991176364, 18.54480432733319;
  0.7479211106437668, -2.509114063373827, 16.81922754429282;
  0.7799774795446153, -2.383230823357939, 16.88850947343537;
  3.278364283827113, -2.210727824606825, 54.27765468671775;
  0.9863705640973761, -0.1494607486292846, 17.9800455466743;
  0.9303286507167314, -3.548523829523569, 17.94953201479343;
  2.244632470077319, -1.342609882344448, 35.9716149170686;
  0.886333636401998, -2.17574283190492, 16.36807930149361;
  1.017330356661103, -3.763838514891615, 18.11572526235123;
  1.089908683821131, -0.2263045537688753, 17.80440819890296;
  1.95206293240967, -1.523639146731566, 29.63521831173389;
  1.007684883873798, -1.985890241082588, 16.53855297806353;
  2.710459297482902, -1.783134730972736, 38.32891099107473;
  1.08342675218192, -2.057264646035221, 16.97965864006787;
  1.067037299809172, -2.90193320952438, 16.70794880751342;
  1.215341069736185, -3.840059135311941, 18.55823607500514;
  1.124484171711755, -1.56309450071179, 16.81612915053125;
  1.121819433962966, -1.187275352474369, 16.35120643765029;
