m=[-7.762657803214144, -0.9179500663580664, 21.44803324260148;
  -9.860799037177918, -1.532890541721093, 27.88859480618582;
  -11.30418504525912, -5.328868602819074, 32.6938760458481;
  -9.931312457110579, -1.860896051570377, 29.04139870010132;
  -9.836440274510506, -3.302021814063236, 29.38874890491206;
  -8.150657387687884, -1.043581047127104, 24.56154960934627;
  -9.745263359602465, -1.579713619504809, 29.46342248951677;
  -9.9770510053702, -3.18379861460717, 30.18989397738561;
  -9.502887384666039, -1.685851883497881, 28.98086168155776;
  -7.887388086223168, -1.033194555938884, 24.52449715036866;
  -10.07914823762321, -3.588423207511981, 31.549694043565;
  -6.935199393901718, -2.324977041131878, 22.37134729068535;
  -9.495629358311764, -2.582593153848213, 30.41512976248146;
  -9.428195581237159, -2.902373882779429, 30.69112938244049;
  -7.74539541351094, -1.40407012682453, 25.64792459106282;
  -8.613257870448861, -1.930800506951893, 29.09726795794937;
  -8.46214763398871, -1.779653949449496, 29.11461588297571;
  -8.181232805446172, -1.521077396475141, 29.00463330417024;
  -9.370961683565721, -7.580584692582558, 33.10345967585236;
  -3.176978768602079, 0.1613144012158714, 11.93770507787651;
  -8.482631822163231, -1.042324146997801, 31.23755786539397;
  -7.860375931688031, -0.4350929402385235, 29.05513297831556;
  -7.57404474618177, -0.6273860339538129, 28.38403599053919;
  -7.696622626987471, -2.130923120456144, 28.8238663791473;
  -7.275237046855425, -2.26014605894499, 27.8605443590852;
  -8.510740337241263, -7.57813637219512, 32.97949857794034;
  -7.354878218150035, -1.496660162232412, 29.65405910811349;
  -7.56065352159694, -0.6741127419623757, 30.53134104936349;
  -8.253510819744292, -6.351144900699165, 33.12597602700394;
  -8.218176291879585, -7.861984480198685, 33.01745199783081;
  -7.724910822024627, -5.126498816618805, 31.60090771982912;
  -7.748176216539605, -5.675314152109122, 32.04312413080901;
  -7.166915089789756, -5.687701221401639, 29.61666455990279;
  -7.689621100808657, -6.191688531403936, 32.45247356835776;
  -7.367664139721833, -7.482377053024565, 32.58927156595376;
  -7.491812576972119, -5.963037473651598, 34.20782917480117;
  -7.821774196778849, -5.869963552153889, 35.89170143120141;
  -7.062425041480456, -6.384517819870553, 32.93793450964006;
  -6.224082882469032, -2.515675282061374, 29.3843335992641;
  -7.696408680871364, -6.125070549239897, 36.14150640230113;
  -8.987814980095447, -5.530398726862636, 43.11412222125466;
  -8.284218862043936, -3.156114487238561, 40.08466890183946;
  -8.295519325308183, -5.270860740278646, 40.25131720556443;
  -4.957886565992649, 1.29694073352887, 24.35718956651474;
  -8.551070256460005, -3.297128330796632, 42.4013222167713;
  -11.76373820432731, -4.189607565088583, 58.98572582021929;
  -12.35676241722442, -7.152573345921021, 62.94715253521536;
  -14.77687549500857, -7.723771876519602, 75.50083857488085;
  -10.62269070948225, -3.84827164681397, 54.57295593210499;
  -18.16288415651972, -9.004572462387776, 93.50858490315446;
  -20.42219828316175, -9.366303820664307, 105.4937734333783;
  -19.15231549151484, -14.58684443688714, 98.80550167011464;
  -4.638966494128617, 1.267346234119012, 24.8101328950683;
  -5.092699859616302, 0.8714222439878199, 27.6282267046453;
  -18.71654654669769, -13.23130215202147, 99.87941479056111;
  -15.37075467797925, -10.93025796436725, 83.89838547437205;
  -4.988160534508976, 0.8991401408854738, 28.18649716930809;
  -4.664220978274626, 0.9726136559860781, 26.54453486491013;
  -3.308133924323271, -2.229325151981347, 19.32754549723032;
  -16.30041199548837, -10.49064703370625, 96.73309485772833;
  -16.96958593340209, -12.71507376481203, 101.5534947609609;
  -13.53090867998443, -6.785211052388556, 84.84184406865336;
  -11.55917729231874, -7.253456585621826, 75.88878423287009;
  -10.2097817963455, -3.405064612776392, 68.08182335576704;
  -7.423993841049997, -0.1244061868869843, 49.98203480565412;
  -16.76210558764926, -9.009436470380805, 113.7905546982132;
  -12.32648959236911, -7.305235335657889, 84.33752550746534;
  -10.84911669876357, -7.119039799085797, 75.07792180586111;
  -12.8841851293491, -8.016745870435981, 91.18493170756145;
  -7.871576390765168, -3.172869175026706, 57.38500960550478;
  4.662745047813861, 1.057323124967035, -34.12744327246357;
  -5.218584059340776, -2.852636869765544, 38.37391165787887;
  5.614201469649691, 2.726344751394637, -43.92669363894861;
  -1.616129325126127, -0.7756724851412088, 13.53183994509091;
  -4.774368275377003, -2.599333562556766, 42.66767071318895;
  0.3591575757074745, 0.06836185289427349, -3.253421978066437;
  0.5256875722363826, 0.2278146398060012, -4.920952818069226;
  -4.079346619055741, -1.894108630659774, 40.98572198490055;
  -3.108065789122828, -1.6714771113367, 33.1044268968279;
  -1.887693211614806, -0.2622215399274185, 20.52779743899162;
  -3.909498186813029, -1.979624177163229, 43.44351352579545;
  -3.8604340345945, -1.105527200366167, 43.46795510610766;
  -3.867555338562765, -0.09648462028490121, 49.14725236024178;
  -3.121289789671596, 0.2096954699378503, 45.94113693155811;
  -3.588801028492661, -4.025296300293603, 65.14408012310624;
  -5.790354974317555, -0.4850614710590311, 110.138256522809;
  -3.456732513009875, -1.346855671906518, 70.2014463918201;
  -4.313355787021821, -5.909847532213247, 87.20027128568518;
  -4.264432539529625, -8.119335383608155, 87.48600391715313;
  -3.172581296300519, -5.224534427799937, 67.25528926233491;
  -3.534657321923635, -8.295728357496392, 75.94809423622907;
  -3.199060821156732, -6.794208319211068, 71.20432429918213;
  -1.170037207818571, 1.194524155649106, 26.40730973842832;
  -1.301557596292353, 0.04924291176601663, 30.0319786603678;
  -2.50305005001968, -1.830872435155842, 62.12806778172033;
  -1.918789883368099, -1.829256838733692, 48.48260471325372;
  -1.162585799166164, 0.8741588917289433, 29.40515872839895;
  -3.923829431716708, -12.89999019185845, 100.2836855151211;
  -1.381962513113938, -0.02256090340426808, 37.96490738360748;
  -3.095028426872462, -10.58892254461298, 90.26140837834346;
  -3.246255102914272, -13.38176789308226, 95.64482066575479;
  -0.9753312595769339, 1.082121297012614, 29.23679457772121;
  -3.216935113079277, -13.14954697238954, 99.5562344685035;
  -3.27249775375914, -14.45500744620382, 114.3134772689588;
  -1.95673003115111, -9.086253263310026, 66.38834721421091;
  -2.668128492744681, -11.51889911802962, 94.97972123665424;
  -2.638615463727268, -11.13734558141631, 94.04566259411607;
  -0.6741404031183662, 1.017727284950466, 25.97132099400126;
  -1.339750156495436, -1.262084738769116, 54.52487081294431;
  -1.989419036637877, -8.454082342953766, 81.02935762043872;
  -1.698162782344308, -7.869305134258574, 69.50149470808182;
  -0.8012361551351721, -3.670845343889563, 38.9738929916707;
  -1.949898365521324, -11.37658538973085, 101.7716795735101;
  -0.5228282694352501, 0.3042597889816867, 28.49378020977235;
  -0.4940512974543819, -1.173528790912101, 35.38042517466715;
  -0.5319081781821837, -3.872655431621808, 79.66269876371818;
  -0.1359928836342005, -2.246096099778163, 36.17100827251384;
  0.000452922685711333, -0.04719064260225702, 0.6742169203288709;
  -0.1199655362302991, -1.940008062947875, 24.76291729090401;
  -0.07898716860537147, -1.01851853570641, 27.79474449383629;
  -0.04171846967142635, -0.996951936180044, 51.45556224028638;
  -0.009264626294404081, -3.085466812364598, 61.09537060398152;
  -0.06835217982607279, 1.393536097411368, 6.638689119344458;
  0.1196045865975386, -1.327599008750643, 45.22074299186393;
  0.1656961492947263, -0.849715173045812, 43.52101131344246;
  0.06978772292922983, 0.2063025009857795, 25.22143810762402;
  0.3461209573823275, -2.278289488777839, 50.87194546862455;
  0.117863660091603, -2.437782343960363, 27.00084008434478;
  0.4347914829101091, -0.08711313810164668, 51.58932658575591;
  0.1560054001290039, 0.09382460202382227, 24.34306990420088;
  0.3819780176668312, -0.6469576484041891, 27.25939863462548;
