m=[-18.57556330972393, -9.746900294535342, 50.00867451375021;
  -10.87552533848844, -3.508086760892044, 29.66197337803142;
  -10.93104428971924, -3.646635043926995, 30.02860623725667;
  -14.73815548592059, -1.742816848205604, 40.72116236603532;
  -9.912171426843305, -2.042141959827128, 27.59348271451067;
  -21.48045960659917, -12.73695671212741, 59.9594593330732;
  -16.43653830732789, -2.555108771099149, 46.48628930993882;
  -19.82379687221832, -9.345070725406339, 57.33423109259801;
  -19.2020189388918, -3.598009968962301, 56.15103645762216;
  -20.50334283682219, -6.909989077527935, 59.94593055809018;
  -21.20670356744965, -10.52600445583155, 62.11882735444724;
  -17.96564524828763, -6.096781759785029, 53.4067664929762;
  -16.95056577541929, -5.690182259957199, 50.64392274722407;
  -14.93741343924294, -1.912533040812505, 45.01305891933171;
  -17.25069484725108, -2.796349014957315, 52.15503078441402;
  -19.29684534186755, -6.157858612996746, 58.39097290927125;
  -17.45579624795916, -3.096731108280032, 53.23476919445128;
  -16.1749604818836, -2.118810552963562, 50.29329962071505;
  -18.46469150575966, -6.573881637288239, 57.79807518268081;
  -17.45176738601217, -10.02507492356632, 54.77450779919746;
  -19.40342545349141, -9.993393097880166, 61.13783056209505;
  -19.97553639394615, -14.48463237603212, 63.49707875546582;
  -18.86075893084893, -9.311815257775283, 60.05776271406604;
  -16.75766646348031, -4.557700500933465, 53.67591559973808;
  -13.64620986578488, -4.57479631577941, 44.01951303339506;
  -17.90352469086306, -9.534728867309992, 57.83962643199553;
  -16.93304361118461, -5.212664831738501, 55.12128252235307;
  -13.41812978815636, -2.432412315650215, 44.43248699212997;
  -15.03111757634453, -3.369467148549112, 50.77805197576733;
  -15.48803518881726, -3.257251490423262, 53.28767764500422;
  -18.07642815878627, -14.62282092534633, 63.85601935468918;
  -13.52376219530286, -1.661765380125313, 49.80167865235342;
  -13.68416579744881, -0.7574553664184399, 50.58221901822049;
  -5.746498870190409, 0.2917844568222717, 21.59284456687407;
  -13.93780219475722, -4.236460903016282, 51.73904160784516;
  -13.82186118843734, -3.82678546183378, 51.76289644365445;
  -5.657589335681869, 0.6598296777428746, 21.87476585109868;
  -13.82407609252357, -4.294627226280905, 52.93934516753566;
  -16.89334755887515, -15.04218041101026, 65.46247561527282;
  -13.35271662419587, -7.621074400479903, 52.05343826076327;
  -16.87380767024495, -12.98453468842425, 67.72407046849027;
  -11.68909347658724, -1.042207109748947, 47.20275813091288;
  -16.52346669843651, -15.80730737919915, 66.38489479624042;
  -12.50622423735532, -8.299531894967304, 51.16020717305517;
  -15.04196557702439, -11.93738239017323, 62.15963817556607;
  -14.03794044575263, -14.25650809687839, 62.09379862293652;
  -14.60986486414353, -11.6285839741447, 66.70905824255665;
  -14.34558194784258, -9.98775500588204, 66.44914940657445;
  -15.3878672293041, -13.91081844526024, 71.76636354580096;
  -7.936778802516214, -3.207919725638077, 37.47009164893856;
  -11.69119002987255, -7.677956885729454, 55.82804165818887;
  -9.770713481222145, 2.814911480160844, 47.07062284532533;
  -9.879642521867416, -6.079159678497662, 47.39217664509299;
  -14.5372907653488, -5.538404375086313, 70.34127136942904;
  -12.81503446877081, -8.142499513043122, 62.18079871492225;
  -8.039957990890189, 2.103184265200852, 39.49884255807269;
  -15.46897330362174, -11.69639110091546, 75.41410264156137;
  -16.81788039235252, -5.989619770239036, 84.328201161059;
  -16.63589486969654, -9.6295011761878, 84.74567824197217;
  -16.80147140590543, -8.782014328598452, 85.84529123671867;
  -16.32880716118498, -5.91542080469213, 83.88752887587569;
  -26.41479728044401, -13.09560497888558, 135.9921856524853;
  -29.30605125679779, -13.4407362052423, 151.3845810644512;
  -37.63872113714406, -28.66651660339117, 194.1756194348761;
  -7.800960523420294, 2.131189771338252, 41.72111774038456;
  -7.098275678290883, 2.117739554530916, 38.00967913698181;
  -24.26805997609107, -17.15583766406383, 129.5046403174137;
  -7.516277791662666, 1.286125599426152, 40.77629401446654;
  -15.4054890452935, -12.19385411747808, 83.8609866009774;
  -7.792357317827525, 2.027215646940664, 43.99393182556844;
  -8.032300032676647, 1.447861056806627, 45.38795425042594;
  -7.033489001108642, 1.466668814271466, 40.02826943267041;
  -23.53840604842269, -15.86234470602127, 137.5215224777322;
  -26.20604472875767, -16.865731091644, 155.5170391579319;
  -33.49655531801392, -25.09850113062048, 200.4581766666705;
  -18.00150148345464, -9.027035043537518, 112.8734675535958;
  -12.29186610846426, -6.720333936301979, 78.83782238074997;
  -17.0787640824818, -10.71703207551626, 112.1262015144299;
  -18.57043090712739, -10.9180123688725, 122.4375426919966;
  -3.069748576621338, -0.2476339389531126, 20.50073211377108;
  -11.32302021864406, -3.776340790168221, 75.50522408377398;
  -6.795297560457926, -0.1138709266681494, 45.74933741237424;
  -18.7396862124221, -10.07236301685686, 127.2154788568552;
  -8.942518897010992, -5.299741223703692, 61.18448483861514;
  -29.67790207332529, -19.47422743064901, 205.3766470663048;
  -17.63441449871998, -10.97241449039251, 124.8036151006351;
  4.312841085831466, 1.738416787020876, -31.44127870343853;
  2.937468023978072, 0.6660996556222653, -21.49984018534082;
  -10.50037441186396, -5.739824223011492, 77.21259933224489;
  -5.803265178291001, -2.785317395578549, 48.59070021851418;
  -1.294117492793506, 2.677855514329171, 11.86745463191141;
  -20.41741520914995, -11.11595703404545, 182.4667681065461;
  2.320336201389202, 0.4416515000474897, -21.01872076408972;
  33.54726203593072, 15.8267502765954, -311.0445167442823;
  13.53206645313368, 5.864325138478445, -126.6734540890094;
  -2.1183517485375, -0.9835860259913049, 21.28335342385858;
  -12.29489250748584, -6.612032307851361, 130.9545543221245;
  -4.784177679527256, -0.6645753826379768, 52.02573686932372;
  -13.63438575243255, -6.673380686889174, 150.0947866181166;
  -7.48271054907014, -3.788965745941147, 83.15011835652953;
  -7.034460581146147, -0.1754899926870113, 89.39094056459925;
  20.78398342650864, 9.936737942204418, -288.4348252338076;
  -7.826272602170581, -2.889933054251113, 113.5932126842162;
  -11.00234825798859, 0.7391632125966587, 161.939589704718;
  -6.025620885326362, 2.210547260386539, 98.20858900799583;
  -6.961024901540571, 1.779742838800839, 116.6594626441193;
  -12.27713852454805, -10.64933672522248, 213.0190552339499;
  4.916876955732917, 5.514902180916788, -89.25137499034096;
  -6.503857458089795, 3.022690991445289, 125.9062330013725;
  -19.18923650398945, -23.87057020910079, 376.8597063484014;
  -32.47057013277804, -12.65159262071185, 659.432275974181;
  -40.54848372250294, -55.55659405223341, 819.74197247169;
  -7.653586936446144, -17.96272521000324, 164.4502674386668;
  -12.92915903426036, -27.45912153030334, 287.7757205185915;
  -2.59061189353896, 2.64482912514694, 58.46915826915107;
  -3.964746252542577, 0.1500015446452404, 91.48206363615029;
  -26.84893767426663, -80.34699702276873, 636.3927249210167;
  -2.877189276034716, -0.3224919982429976, 69.05677008646113;
  -18.02955279666712, -13.18783507079501, 447.510539478279;
  -3.135179839197299, -2.988888575670819, 79.21747251551727;
  -3.096188743564019, 2.328052624243962, 78.31157194839391;
  -20.37705554078148, -66.99165220849847, 520.7887511771486;
  -12.57734901666983, -43.03048508302737, 366.7976765750634;
  -10.53481984951946, -43.4268132209165, 310.3887166319016;
  -2.377437963014637, 2.637746126603557, 71.26672570310667;
  -14.34083501592814, -58.61961060343855, 443.8135937262477;
  -1.941812395701863, -4.075130201949834, 61.79453039696413;
  -7.231270533878995, -2.916150126736529, 233.695539797707;
  -2.334207042416778, 1.078528274542391, 74.90062894473287;
  -14.09162222512802, -62.24435263838809, 492.2424576348506;
  -2.608725702466471, -12.11385426183311, 88.5093932043841;
