m=[-5.306342063602672, -0.2318827369658454, 10.98035813443699;
  -5.132346769820244, -0.9870983838870895, 10.77395206568208;
  -5.029541617276609, -2.39339696099845, 11.06352906921227;
  -5.093162020825321, -0.8898836517151731, 11.21068441678457;
  -5.137681432918138, -1.035973249348193, 13.56981031987207;
  -5.136207024024293, -0.1279165430563955, 14.45113932104654;
  -5.374687997996612, -2.837289809431379, 16.42637646046845;
  -5.235750761419029, -1.250265084429247, 16.20496907051961;
  -6.349757720795624, -0.9330951382355485, 19.62725953556438;
  -8.850798864651141, -1.6739691779653, 28.15005800355452;
  -7.786602620754164, -3.07837157964231, 25.55534362411271;
  -9.339126659933417, -5.130886012336683, 30.59371792286504;
  -8.239186402155598, -2.706965889691337, 27.36327116899279;
  -8.113580340599038, -1.52984609520137, 27.02891729034462;
  -8.672494332514612, -5.025984096318919, 28.85751496658681;
  -8.354242178762471, -3.347695231987301, 28.18078410478481;
  -8.284272573424616, -3.283496501476794, 28.0795435457785;
  -7.457444452657469, -1.765403121225182, 25.3764955347939;
  -7.875294369269183, -1.388756082244028, 26.82512258269978;
  -8.802452238954738, -4.941349914507911, 29.99200749777859;
  -7.839659320055689, -2.966956041089738, 27.00823530049517;
  -7.65508451339069, -1.922775528251054, 26.51534929020918;
  -7.508208327891629, -1.628527154705843, 26.04694475414078;
  -7.325816760435094, -1.518805953350018, 25.71711268117313;
  -6.579803757484664, -1.079579281476653, 23.30834769284676;
  -7.747602112666933, -3.279343249167961, 27.73602918604028;
  -8.249062927237864, -5.566380765067991, 29.62330709004527;
  -8.050178453130227, -4.88939195146794, 29.0802280169043;
  -8.46389020890874, -4.933463086242675, 30.92505858698798;
  -7.45290039431354, -2.442482139758886, 27.35020254635413;
  -7.759196415385279, -4.880076053705904, 28.80856759939221;
  -7.195727192484049, -2.664488650158376, 26.91207559087933;
  -6.987571211538593, -1.580691835979649, 26.55778305198896;
  -2.496006760957911, 0.6860823730208422, 10.00352237209434;
  -2.470724784016124, 0.6277768382009829, 10.02360982870683;
  -6.591041304599205, -1.713031317605822, 26.24294985122936;
  -6.979538291854677, -0.9114713202283612, 27.77211873944222;
  -6.336552042125258, -0.7666087966733699, 25.97487007872633;
  -5.657500014043377, -0.1599736423771669, 23.47252053208658;
  -7.387872407983601, -7.133649125817454, 30.48766939642593;
  -6.515640699303586, -2.265740576120142, 27.14278831278348;
  -7.261707547847269, -1.11275208818639, 30.30116647087783;
  -5.687609558934619, -0.3804312067060418, 24.12806950496573;
  -2.322981852872712, 0.4173125096429114, 10.29601206903711;
  -5.75342475402917, -1.225090637418234, 24.73005750462541;
  -6.529072667471737, -1.043207974739555, 28.09476905843012;
  -5.676401455984946, -0.4585765859460781, 24.52842865814827;
  -2.664313510954938, 0.2266873782938257, 11.91729478285735;
  -5.944600544608111, -2.226741233848121, 25.85126181077915;
  -5.946322396641879, -2.040638905106502, 26.12413018561738;
  -5.837696230910903, -3.015418566439528, 25.65165086800364;
  -2.354187813855881, 0.4404299482994631, 10.78781748379348;
  -7.766786680537823, -6.520547142179682, 34.15810678313105;
  -5.804782173914759, -2.400752944589015, 25.85706729680882;
  -6.602211670053894, -7.125854422599807, 30.36398447819819;
  -5.711142274540926, -3.969103076883732, 26.31781891490976;
  -6.693798736416206, -7.049489709688444, 31.02485463519194;
  -5.451920891654305, -1.47863182072722, 25.66648802149765;
  -5.20179924854237, -0.6940553640640927, 24.73534733053877;
  -5.478937164566663, -1.728565682245719, 26.11497153606757;
  -6.059730078776135, -5.688877300309035, 29.02125896752359;
  -6.027329562344972, -4.978901851449509, 29.61045095706493;
  -5.903717610067823, -4.903097984491631, 29.07997626744083;
  -5.597496387607304, -6.918726043583675, 31.7960220448109;
  -5.379556328758212, -6.140689449333808, 30.94621379931812;
  -5.235425297375891, -2.771929402183996, 30.39835255072661;
  -3.2356964158902, 1.096492339076876, 19.1599560876135;
  -7.759273845504562, -5.526305957226979, 45.14143288782094;
  -7.394014725406801, -6.175132599274142, 43.55516384557291;
  -3.689226769791989, 1.129350618621357, 22.31812394743572;
  -5.052299286495331, -2.489488097278602, 30.30690459120309;
  -6.672938648054076, -5.386756157773199, 40.15532186181833;
  -12.63021321839272, -8.091663498460568, 75.30891599807976;
  -9.160845376553871, -8.787216388855054, 55.57691804692077;
  -7.454621885709967, -3.481574535155996, 46.79661875851888;
  -6.307142884735615, -0.5363002105751654, 39.79651162095497;
  -8.856445888560675, -6.623886831841346, 56.77684705261776;
  -10.27960497436059, -6.976039581107444, 66.1167339610279;
  -8.116341223327195, -3.8813967380344, 52.51863360683873;
  -9.486406842737409, -6.144723706199329, 61.74846020075112;
  -9.390355492018069, -5.646358063442866, 61.39557947130398;
  -8.792797609557857, -8.666953889341496, 57.55380020618651;
  -3.071186188632136, 1.004610621260709, 20.69416642222769;
  -3.238812024094913, 1.165034733469938, 21.82663555804698;
  -3.333564087102833, 0.656120697372677, 22.89075923125534;
  -11.34472617264505, -10.50139293426106, 77.33889608301061;
  -12.00252217472994, -12.95283853846036, 84.01605019395217;
  -19.17983980860037, -20.0630641000438, 134.1327889730992;
  -5.917324973689789, -2.50926783008113, 42.20354491433371;
  -3.095097101483295, 0.9781326425351631, 22.40160739570354;
  -3.095349525491325, 0.770158342904634, 22.60783799194232;
  -10.02418503301421, -8.106552610734029, 75.08293879906287;
  -9.335133058749401, -8.446784777561785, 71.56849462550304;
  -9.395081472291437, -8.18546534833248, 73.42134737154329;
  -9.541949604773162, -9.679343363890451, 75.51567120073226;
  -7.980670244196809, -5.554898644285392, 66.9245331335032;
  -7.169552806063467, -3.38624294713152, 60.53668418849536;
  -8.332607450245275, -6.348601799357108, 71.90769241771062;
  -7.846254150843349, -6.913378114287427, 70.00587692552941;
  -7.544365535519798, -6.24274002478092, 67.71406947876477;
  -4.28500410294074, -0.6276509717404293, 38.92096783943249;
  -5.811627783784405, -2.808576735260188, 52.80616287906158;
  -3.380082845495206, 0.4796396502758278, 30.90862892577929;
  -3.043519082486855, -0.1491700395664148, 27.98535323326494;
  -9.009594000423535, -6.904001980781436, 84.22004818763222;
  -9.579023849998887, -8.080248938309762, 90.45104259294851;
  -7.16479702823432, -6.730067487616912, 68.84729360066034;
  -8.990215206573776, -8.118150445533727, 89.02867942884312;
  -6.491317516118322, -2.25427450330347, 67.09454865310276;
  -6.730207145131453, -5.415011679354126, 70.19527440014795;
  -11.05790343045206, -6.951635949960767, 128.6562786791315;
  2.746792713586659, 2.107121355549769, -34.92406779284568;
  -9.417037935965784, -3.960727783814213, 122.2317692016714;
  -4.429326412424188, -3.929351038152632, 61.66502743286858;
  -6.377663664774034, -2.079097217536366, 90.52659875645033;
  -10.5437754362593, -8.30605092371871, 155.3844000687224;
  -7.411668616580904, -5.386938473532967, 110.7151347429159;
  -6.102665811123424, -5.061999124601546, 103.8945393080259;
  -9.013261736588719, -8.968611845833943, 168.3068236160517;
  -7.369667524670184, -2.227186939357579, 142.7605825078187;
  -6.941047857568503, -7.17288097968368, 157.7052654775345;
  -5.151616575971395, -2.123317118299823, 119.9662789150461;
  -4.172758630669802, -0.9635109142697947, 97.64179421788064;
  -4.597913787865341, -5.223092370166781, 141.6835709651256;
  -2.809373464770324, -2.691867713064211, 96.8543522697082;
  -3.039048245857261, 0.2360745397411168, 107.3160164603426;
  -2.35592108184198, -0.1638222619343788, 92.405766971574;
  -2.115567152894341, -1.532272611315742, 98.25813848967911;
  -1.235411610028095, 1.167580122281682, 57.16647033960154;
  -1.046254707142887, 0.6839149181842665, 52.96656641066046;
  1.91523667947577, 5.768386684460007, -109.739937551356;
