m=[-10.14175081036233, -1.820526325424523, 15.14637125722792;
  -10.94141301379082, -0.4781306529999664, 22.64095151578767;
  -10.18608549415318, -1.959078172297093, 21.38288813536067;
  -10.18040041657217, -4.84452486387114, 22.39392066228778;
  -10.19265375448556, -1.780873238790112, 22.43530132045076;
  -10.15262337961404, -4.985333839247451, 22.4075701044223;
  -10.11641689388634, -2.083189139243493, 22.48386270622698;
  -10.6684345883793, -5.450657057096711, 23.71511456317052;
  -10.35387630479476, -2.2833062367312, 23.47012980545966;
  -10.54693166982465, -2.126706222506206, 27.85689694560955;
  -10.55752343711819, -5.119435586009706, 28.45654852016525;
  -10.01728248607929, -4.931260092986123, 27.55182708099515;
  -10.10664507612811, -0.25170463222943, 28.43587405654496;
  -10.09278038441902, -5.327963770960282, 30.84603426079707;
  -18.59510707772004, -11.1699872246134, 56.10462647085915;
  -12.95174109031654, -4.739694943905462, 39.53106586796479;
  -8.747140078562207, -2.088763259974967, 27.07293392823492;
  -12.36864827957473, -1.817569438660497, 38.23180041850588;
  -16.76619495907191, -3.171023771123716, 53.3250577506351;
  -15.71010020055839, -6.169339402915693, 50.07745300730172;
  -17.54764978031143, -11.43355428423083, 56.46175067239989;
  -10.29750379839947, -1.573224325092258, 33.80693332847846;
  -13.80623970171798, -5.458187349411904, 45.31157128705483;
  -18.65060071404269, -10.24657977237889, 61.0968496428418;
  -14.51670742695823, -3.291835451536654, 48.07000795121996;
  -16.4671650021541, -6.525014099184382, 54.59822341091784;
  -15.64395790557014, -5.139786668628614, 51.95535595777142;
  -15.23619078119475, -2.872841087888081, 50.75659858621907;
  -16.13234386800694, -6.394103306203026, 54.68058276961227;
  -12.58729593315436, -2.00801712580128, 42.96391941493133;
  -15.94818765710037, -2.812357427043401, 54.32331400119045;
  -17.15069484685334, -9.627724435720827, 58.43641686149262;
  -15.12946469857309, -3.011427008752616, 51.95576132671213;
  -14.57465713922158, -5.515847727643089, 50.21082592621409;
  -13.63221174060566, -3.424088014302437, 47.21866300338801;
  -14.20987473833795, -3.08211571466214, 49.29589139100023;
  -14.51472475826821, -3.009227652697303, 50.9536102732697;
  -10.97287455274991, -1.800371023515105, 38.87039563673209;
  -13.50545787333396, -2.990441473048127, 48.15280267098798;
  -15.31873064465829, -6.483990168164454, 54.84029175409947;
  -15.91953907185594, -10.74233726423991, 57.1688443666014;
  -15.14750606969626, -9.200056209087686, 54.71840567992975;
  -10.23927996647311, -4.089277504900321, 37.76953765356038;
  -14.59602655394664, -4.783444334860825, 53.56361436508546;
  -14.95942947133591, -9.408597183519525, 55.54179996253149;
  -14.29152132480968, -5.291973325951822, 53.45040076056142;
  -12.4575121705131, -2.818073288760274, 47.34748249086546;
  -12.86334333469818, -1.213895665937759, 49.31438830224725;
  -12.84670239989025, -3.527172272485501, 50.05496836211326;
  -5.019001486677037, 1.379582981919888, 20.11520739562415;
  -12.04407631566554, -3.130291401143663, 47.95480352032325;
  -13.85604662804025, -1.809487760521988, 55.13427337482601;
  -11.63535096943713, -3.167000590133532, 47.46734405579692;
  -11.08560518165646, -0.3134608280093202, 45.99329997191962;
  -14.55350248808921, -14.05270348057833, 60.05820727730018;
  -11.81024226309457, -4.106878562558312, 49.19898448423156;
  -11.05226502882385, -0.7392607523745068, 46.88609793614517;
  -5.124542759717098, 0.2258699939892234, 22.16550476513035;
  -12.85901433143316, -1.227687079434801, 54.5680055396133;
  -10.33679400278495, -2.201038528376413, 44.43084267736697;
  -12.55963860007391, -2.006765097395903, 54.04445070498192;
  -10.91870639855813, -0.8820840354621432, 47.18107290560359;
  -10.8340960310516, -2.945086989450497, 46.88352567097116;
  -4.87313454292915, 0.8754351668406072, 21.59889970986762;
  -10.94913188482287, -3.75748622609661, 48.10310099232814;
  -10.83997949931426, -5.599310781019456, 47.63238074300033;
  -14.83723949460974, -12.45649244195717, 65.25375703876983;
  -10.3825261494882, -4.294025077748294, 46.24836373095847;
  -10.06530020236175, -3.880379741412646, 45.41718437972408;
  -12.67410446444083, -13.67932866497909, 58.28899927260321;
  -10.71652941920635, -5.790036815059281, 49.62543583286239;
  -13.41042164531681, -14.12301640874521, 62.15549623252313;
  -11.16485941692428, -3.028055016917325, 52.56179173928531;
  -10.10950581659672, -3.189477136559694, 48.18625377774592;
  -10.06902743295285, -2.625364882408915, 48.2385230779102;
  -10.86632332873545, -1.33905768558309, 52.07835080539745;
  -11.23847979900566, -10.5506898471388, 53.82332684925434;
  -11.12733540267945, -12.28689839012217, 53.22880613408315;
  -12.27259622045752, -14.33740846924463, 58.9612237700814;
  -12.86510112200126, -14.28256817955525, 62.28234984592398;
  -13.2338398212274, -9.014171923489482, 64.07249968739319;
  -9.109350044813485, -7.565408577230481, 44.86997864925724;
  -12.09230618750069, -14.420218631756, 59.3813787970104;
  -10.05678085634686, -9.817014333112049, 49.86228801211046;
  -10.97657099022367, -10.253208114499, 58.55704345025141;
  -11.45378809190912, -14.50542290629664, 61.74297920380096;
  -10.54657557586841, -10.55008399217292, 59.00395112337679;
  -10.60256155526275, -9.305065408488613, 60.29171557390275;
  -9.470778065650464, -10.81076270803666, 54.48120717664572;
  -8.411417915407748, -4.453479003026243, 48.83905943080147;
  -10.69336563308568, -11.45214206727346, 61.91600142142202;
  -14.26014837842037, -10.15635541465809, 82.9618265590383;
  -5.921585273283029, 2.006669369678476, 35.06426414047483;
  -11.76693857824807, -9.8271924937502, 69.31429768124923;
  -12.36499502660693, -9.607927852857229, 73.37609287196608;
  -18.55282184350777, -11.88603776584999, 110.6230653102044;
  -8.850635692137546, -4.361094020661191, 53.09174225091847;
  -9.775858817519884, -7.891600756460292, 58.82756878151123;
  -6.684462727320759, 2.04625591955052, 40.43792289807396;
  -13.70966492038784, -9.565173761987417, 82.67125676656828;
  -15.46422315760945, -14.83350821740164, 93.81818246702734;
  -11.85813452391511, -5.538172133459603, 74.43980513171746;
  -10.64243078645523, -0.9049323879471317, 67.15110600925098;
  -11.96354589144602, -8.947739882296922, 76.69582401705327;
  -15.83114037496945, -10.74347332852881, 101.823299541396;
  -10.71299423183067, -5.123168151986979, 69.3208680380059;
  -15.30937977410799, -9.91649529528552, 99.65107372591933;
  -14.63667255664614, -8.80093348781527, 95.69680231071843;
  -17.59801017353372, -17.34614504857786, 115.1888632638421;
  -5.4153705416428, 1.771412877647698, 36.48967283116701;
  -5.830379906560459, 2.097248944963498, 39.29143662513645;
  -5.88690434880088, 1.158675725373066, 40.42391462854575;
  -27.00892931508215, -25.00116575358739, 184.1243892381669;
  -5.678997655046664, 1.794713639394285, 41.10329068787797;
  -4.995071136603847, 1.049398491276714, 36.18259259240355;
  -5.210603422142339, 1.29645769050698, 38.0572458903024;
  -14.69863019889215, -11.88677369986795, 110.0953691515834;
  -2.671237076852238, -2.417037286561919, 20.47923850415424;
  -16.22233192161433, -14.13370774965035, 126.77542719625;
  -16.23853060292478, -16.47234788917003, 128.5128918706596;
  -11.20272576003658, -9.17468443789104, 92.06075134964902;
  -9.977108723331597, -6.944507920424723, 83.66632411816551;
  -10.47923461290129, -4.949434819597502, 88.48224337811497;
  -7.39348778468701, -3.229423583634005, 63.54382731726187;
  -13.83519255736325, -12.19026500980047, 123.4404046557259;
  -8.593920377647974, -4.153171148483852, 78.08689339981316;
  -3.803533581852932, -0.186420140475541, 34.97373531687047;
  -3.912300366461562, 0.7922422873369813, 36.47056687796;
  -12.23217614438661, -9.373448828675588, 114.3441607103957;
  -10.17943175179395, -8.586714459954008, 96.12046377289624;
  -11.18713930900886, -10.50835107349246, 107.4984066573941;
  -10.59440072872436, -9.566727494261425, 104.9146749600184;
