m=[-4.843280527454899, -0.9778258611224413, 7.257653886015056;
  -4.799026578989909, -0.9695816221507955, 7.70153522376939;
  -5.002012062599804, -0.3144365384380231, 10.53995683356935;
  -5.15271816377766, -0.3245424992002148, 11.07773781037063;
  -4.940907334611206, -1.106187627659614, 10.76187878024555;
  -5.254194516302508, -2.898104351016962, 13.920752832763;
  -4.94865437482688, -1.194764065011369, 13.91323905626756;
  -5.041980738841671, -2.783053121603386, 14.5020690495021;
  -5.081299362390377, -2.731712201970366, 14.81106589349774;
  -5.05844411386083, -2.778177978590852, 15.03321942260039;
  -4.613974513147508, -2.690754262737437, 15.31217404024268;
  -8.319378225808418, -2.472602604803694, 28.68558139089086;
  -9.754105635831591, -2.3078805932512, 34.08802309610968;
  -6.503446159927015, -1.27080967857429, 23.30846409505506;
  -8.219315855992267, -5.258877596967429, 29.76604573860897;
  -7.639806606442584, -2.135137518083196, 27.85705752408115;
  -8.206108101492873, -3.843125747383165, 30.03272640724804;
  -8.329705877683848, -3.275851251862053, 30.5185220452119;
  -7.817902909381723, -1.864941454455954, 28.73464316632201;
  -6.679623976018938, -1.37763476624825, 25.13393633948347;
  -6.897265174999158, -1.553127468357819, 26.00127623132395;
  -7.995660563993528, -3.764709974663419, 29.99573567342521;
  -8.372887693379232, -5.489115884677486, 31.62550496241775;
  -7.568681109965893, -1.890559057255603, 28.76321059060952;
  -7.779967772168068, -3.51350947374892, 29.6702368003407;
  -7.682463015185123, -2.375894051886152, 29.43659493937374;
  -7.633161547019374, -2.07480999097643, 29.32671557182712;
  -7.347979367743885, -1.919751599738995, 28.61540893532568;
  -7.134797154044082, -1.521659308281543, 27.92372209740189;
  -7.999184834259086, -6.74282072257954, 31.7444250880623;
  -7.458190618977762, -3.766248756086468, 29.72815127347638;
  -7.558770643650659, -5.964242981577733, 30.26644700273244;
  -7.607209194666316, -5.428852143122285, 30.63863206960421;
  -7.777243468925559, -6.822174421248709, 31.29049628178524;
  -7.771438221180071, -6.682959283783944, 31.44679028395978;
  -7.272201287157965, -2.902496427598459, 29.78356570042278;
  -7.081807533242852, -3.179509808817675, 29.63104273783895;
  -7.191586864271094, -2.068428936797174, 30.57813873999481;
  -6.980770459805029, -5.089151442193246, 30.9416521633905;
  -6.274352548220643, -1.158137844307985, 28.20259802503948;
  -7.099993747568239, -5.802688787970023, 31.9069366322573;
  -6.280318039815019, -1.685234297856928, 28.78583922455345;
  -2.409934117959301, 0.3561344837500616, 11.62339301768951;
  -2.553594018475359, 0.04094013132676858, 12.32689993320273;
  -2.481599666798372, 0.2824945436222894, 12.03155636255213;
  -6.369860516975241, -1.912839242015703, 29.67842874050686;
  -6.23904316583459, -2.694907234472572, 29.44275883991141;
  -2.207273777834396, 0.3819081870764406, 10.93995432506403;
  -5.767375573350983, -0.6411686643804366, 27.75435491140254;
  -2.360768316301193, 0.4690282829093059, 11.99351866095022;
  -6.552462856512002, -1.837471574231703, 31.99804969061277;
  -5.666969833216622, -0.7243934427352468, 27.85602490885857;
  -6.213195072383571, -1.360372471014647, 30.46672739367526;
  -5.994866235627006, -2.092030775447094, 29.5345121489731;
  -6.247080252863765, -1.041011463310548, 31.26735690869345;
  -6.017168360209342, -2.605180908609818, 30.18299950436521;
  -5.77341552894677, -3.666972872227769, 28.99090218240477;
  -7.316337101604545, -7.359064180067505, 36.88478133253685;
  -6.221756472283616, -3.198199839196726, 31.66632156474001;
  -5.589062818496233, -2.720149221679639, 28.91600820775267;
  -5.600017798654591, -3.734157178259074, 29.85025969259879;
  -5.149836706843921, -1.074852747342022, 27.7565516300637;
  -5.299914525994124, -2.213317458966133, 28.77059500972222;
  -5.477588692796084, -1.953671473689773, 29.81275713243527;
  -5.577756822583511, -2.281499211387283, 30.75024037762692;
  -4.855592147312714, -0.8891628897959529, 26.94932726231532;
  -5.705737404098676, -6.518523133657182, 31.70697132885174;
  -4.939701204453527, -4.959401259406095, 28.17404513999095;
  -5.333202101959057, -5.908989167243802, 30.91727543720443;
  -4.998617651639978, -3.716713695343581, 29.75153107223852;
  -5.146981482952532, -6.295465625817483, 30.71761977167685;
  -5.112635996528756, -6.431936274195993, 34.22333993216665;
  -5.379421309221755, -6.403241227285005, 36.24644551323739;
  -3.791282015254192, -2.585262193711272, 26.41167251906973;
  -4.989671673935018, -7.180194011369832, 34.50325069747184;
  -3.239051579138863, 1.178608397321959, 22.90906240697625;
  -4.699428156507897, -6.355039362774014, 32.7696026004048;
  -4.745713398525722, -6.051499820369574, 33.12248585335004;
  -6.42983764773003, -5.871607684303396, 45.1734542236776;
  -5.028591894596592, -3.280940193400789, 36.49365983282998;
  -7.341154559158681, -7.555805604521605, 53.43316893076533;
  -8.717015055124419, -7.24301794546896, 63.22338160434137;
  -5.604776634725626, -5.08309462131862, 41.18695260840389;
  -7.75028760449068, -9.522100068293263, 57.40538565429062;
  -5.790551210516554, -3.891292104427893, 43.7088455780229;
  -4.510702089603368, 0.5520343560519156, 34.89392609024844;
  -7.635613109675116, -4.803911997964852, 58.80518687385571;
  -8.042745586708389, -1.269705677913905, 62.24366988150719;
  -8.274904314029355, -7.747320783839955, 64.60759112832544;
  -8.640720688651273, -8.459993892974778, 68.23678454589457;
  -8.358501661037307, -5.431835476986878, 66.80612350305852;
  -8.679714326958875, -7.464666120296248, 70.03939007930663;
  -2.881539799264118, 1.137657440065145, 23.961840912584;
  -9.960842506034574, -12.8081064608973, 81.08615811381881;
  -3.496204889829047, 0.6660118799394283, 29.83386140538195;
  -9.802795305124096, -12.01874177856799, 84.19542524314036;
  -3.163771420805742, 1.082250981443159, 28.83460620224297;
  -3.058377225261991, 0.6340901045415163, 27.88187577573405;
  -3.043944217143442, 0.7829278796996984, 28.05841850374481;
  -4.146571026355424, -5.067947620523695, 40.82977013993121;
  -7.947669464814457, -9.623871412153441, 81.13840185871779;
  -7.675753341726225, -10.78119848050482, 79.65829501290659;
  -7.035324959064491, -7.078612033996614, 78.53713071707584;
  -6.665316648577332, -4.727259612506687, 75.16415601186621;
  -4.262657157003224, 0.08241937825001086, 51.69902194166316;
  -5.365438140853095, -6.922138798510352, 65.39543370626481;
  -11.55710183541411, -1.727998516533003, 145.2615948661158;
  -6.287074389703921, -8.894445566046136, 78.89657079926163;
  -5.981127087939972, -9.399431379024854, 75.26292589893826;
  -3.299103466063202, 0.6516453333193264, 42.16559247829463;
  -6.312814449608232, -7.273865097434014, 81.85929391052196;
  -7.509234602419888, -9.557090632626704, 98.9464389049443;
  -5.378695174548129, -7.61544652242074, 72.58226482406008;
  -5.712495103925233, -7.854325620850712, 80.24611049757517;
  -5.024144372429502, -5.332522658630615, 72.88120381236938;
  -5.737085686244171, -5.53717337331253, 85.31777529334522;
  -5.890304983017594, -3.562869963049341, 88.18615773561699;
  -3.570486000771278, -2.207571917289358, 59.58425738920951;
  -5.521184805421922, -6.712284891394165, 95.62297079368661;
  -2.720964736239635, -2.933584315053501, 48.78988578482618;
  -7.979074056191516, -10.8968450118935, 163.2098850065505;
  -2.49251450740929, -2.052767209594568, 52.77629420670854;
  -3.969186521939784, -6.729451531888046, 94.70756914318243;
  -4.738654658054972, -6.254825924965406, 117.6726924760667;
  -2.717548641162295, -4.035244481560667, 73.11092345331753;
  -2.251679318196766, -4.148578986711555, 75.12723002762283;
  -2.135216312765702, -5.37066441361576, 90.00528324325204;
  -5.03671743634848, -13.8441096418501, 251.624086686602;
  -1.441938958161308, -2.592731135712667, 75.05403987766096;
  -1.548747775534197, -5.63156966008423, 108.4396619696493;
  -0.6409235928175414, -1.155728218449072, 48.05901517349;
