m=[-9.521099273910521, -1.923615701374163, 15.27957393444168;
  -9.844524745334351, -2.204026656641332, 21.4425357092338;
  -9.361486229360461, -4.971374503101397, 21.47554701668005;
  -9.660326180346939, -2.000270494378734, 22.17404586566311;
  -9.516753581196474, -5.059344035926779, 22.22272640990458;
  -9.682204925412545, -5.277322400652506, 22.71629324596981;
  -9.472860708578208, -1.676225510170906, 22.72107494635694;
  -10.57494071921001, -5.832917227369062, 28.01783137576702;
  -9.347249204864498, -2.256726093761373, 26.2799748892013;
  -9.773882746136668, -5.367971890060312, 29.04705886357906;
  -9.704601301427061, -0.484826072295601, 29.22678539744581;
  -11.04877238409559, -4.123027899609387, 35.29096377049235;
  -10.12060922802309, -6.114070589797779, 33.40544416649237;
  -11.26578288463139, -4.783643526034003, 37.38202110873386;
  -17.20337245098472, -11.86157281039779, 56.85697523818627;
  -11.20218010288005, -3.114128685338768, 37.44298536176783;
  -11.668511287232, -2.189345776112627, 39.25676141623654;
  -15.09687175239633, -4.48694162065641, 52.05467664130921;
  -15.99672720521374, -3.784922744410979, 55.90433677797694;
  -11.54854061894504, -2.256649295014442, 41.3901703416249;
  -14.8331625128194, -6.669302798037887, 53.02795862881116;
  -15.3707543435234, -7.173522139344424, 55.44997865090567;
  -15.85874804393287, -10.14673438342045, 57.43205735166306;
  -14.87258796378674, -5.848992343190208, 54.49044783900425;
  -19.70477373899758, -5.764745912202399, 71.92149381245744;
  -14.64700575693684, -3.494007093256008, 53.83495916476265;
  -16.2681344411892, -14.00161357962996, 60.1231788446757;
  -8.66995110404959, -1.03375428237923, 32.45020925025469;
  -14.54182665506147, -6.846933961237704, 54.55369010013743;
  -13.28909275003513, -2.992440402965487, 50.09715629171672;
  -15.57530546844631, -10.21089256018049, 58.829990132678;
  -14.46364201852874, -6.53192207798208, 55.15957086869985;
  -14.76597367153973, -4.566554885741081, 56.57820740502433;
  -13.50061361974281, -3.669673155744066, 51.86955015067595;
  -12.64306682302871, -3.303159487037139, 49.2361925954479;
  -14.07800668363221, -3.002458156789577, 55.09762055341584;
  -12.96480279411628, -3.630445202178302, 51.08671234790406;
  -14.31915913742768, -9.82209785469226, 56.39974884126836;
  -12.88694014403355, -3.359069072048902, 51.21375922596768;
  -13.31791591543028, -6.725301995167876, 53.08486189316725;
  -14.72343328327933, -11.61751530300636, 58.95482667422446;
  -14.43364251094962, -12.66114750516511, 58.07145412459111;
  -14.61888732309953, -10.43270610064422, 58.87871603077355;
  -14.668262231081, -12.61380409446207, 59.35449180485021;
  -10.2237696945186, -4.875164422278898, 41.80285416689303;
  -12.92028299218172, -5.156770797116411, 52.91549039563054;
  -13.79480681747503, -10.23119302257264, 57.32031893378554;
  -12.24479596910989, -5.497529932577585, 51.23354044481782;
  -13.00244379559881, -3.739735263368939, 55.28550761391702;
  -4.635969038952691, 1.308650638774745, 20.39959294418839;
  -13.01171678633314, -9.485857990870942, 57.67329224896385;
  -11.95661072574447, -3.93701146999596, 53.59966739068195;
  -11.20305546688443, -2.067891851528144, 50.35663322335385;
  -15.84284205597472, -12.94805111613951, 71.1967609447515;
  -10.85675719101204, -2.913256855115767, 49.76194915913718;
  -9.590154820467438, -0.6255107867470394, 44.97091481599212;
  -12.65819032735296, -14.47601285902342, 59.39768627122763;
  -4.546186541683492, 0.6718249204359663, 21.92678733909285;
  -11.91301057338889, -5.145734293742359, 56.21886049616456;
  -4.752493843510796, 0.07619367866437873, 22.9415935415988;
  -7.890470107189123, -2.014336778098524, 37.68338517062722;
  -4.618544165571882, 0.1597754752181939, 22.47581853944779;
  -9.704708411690865, -1.07888845652375, 46.70199090454661;
  -4.131770888379566, 0.7148896277581038, 20.47837710682621;
  -10.51826351803928, -2.949579516573353, 51.36449089134395;
  -10.90996205365122, -2.388724619893166, 53.49757023424952;
  -9.712875559317778, -1.241570640456291, 47.7436992748956;
  -10.56109897786912, -4.572511816858333, 52.97602229688741;
  -10.45981639688065, -6.643530642049889, 52.52341746189877;
  -13.29139877355381, -13.36901994250673, 67.00762014622919;
  -10.687444046189, -5.493719013627691, 54.39493515688339;
  -9.938460451392029, -2.77990292610621, 51.86135108649315;
  -11.53692232140887, -14.99537350344077, 61.30536559230955;
  -10.99813995723411, -13.91219903391289, 58.85331329902748;
  -8.056231543644186, -1.681463529979817, 43.42141693303302;
  -10.56703519611264, -13.04472892500024, 57.16877301352677;
  -8.749131228696106, -3.120520553788915, 47.6187130997921;
  -9.635567459235036, -3.94128683963159, 53.12099917060898;
  -10.95665330264685, -12.51743516437682, 60.88648451953615;
  -9.128610327927078, -9.165016198982317, 52.06587783336537;
  -9.618354545631359, -10.65677837259695, 55.75886888493071;
  -9.364317625974172, -11.45384725373819, 55.88703771494393;
  -9.666703138229044, -8.396975332380348, 61.74964025756862;
  -9.965740984070866, -14.34081406728254, 68.91244194596376;
  -8.110316585104027, -5.530397043041696, 56.49989233454205;
  -8.410079518749532, -10.72411888859891, 58.69775869142605;
  -5.706546536784192, 2.076466985360732, 40.36108334349515;
  -11.73812711532791, -10.7190385116522, 82.46736184749122;
  -12.77177303536982, -13.60098252520414, 90.87478852991461;
  -6.313936539092915, 2.058011055514123, 45.99845421603764;
  -8.65360541319572, -5.646105791263892, 62.80122525274746;
  -5.477524632292735, 2.279835578106808, 40.03635727423788;
  -11.44665557746041, -11.781349060047, 83.31537992204108;
  -21.07505365353337, -17.51138329450603, 152.8546355654184;
  -7.370106883965236, -6.684111268291598, 54.15956116217419;
  -13.60076758897308, -13.3856585610179, 100.3887191889557;
  -10.12078594158598, -12.43452390717964, 74.96336261955358;
  -8.688093746503505, -5.838461550413014, 65.58037985116658;
  -11.07367871640846, -6.966955669867105, 85.28322964325068;
  -8.55581556682233, -1.3507038718633, 66.21437343342616;
  -11.00716661814057, -10.30538208971576, 85.94015028554392;
  -16.80404968974227, -16.4525810837955, 132.7035509530433;
  -14.214664537971, -12.73574333591857, 113.0548393155855;
  -13.44150597864712, -8.735064249527909, 107.4325213886669;
  -12.1232167227394, -10.42612253472043, 97.82611190585344;
  -12.39570828195055, -9.946359606051473, 100.5340196170964;
  -11.44265566217626, -14.71348952940006, 93.14884616467877;
  -5.277291423918238, 1.866688898058715, 43.83050610004363;
  -5.32981934596365, 2.104259894202114, 44.32084654649169;
  -5.33210152436452, 1.015742232556499, 45.49995863803486;
  -13.30120388769625, -16.30797439856183, 114.2429768971005;
  -4.769780192408832, 1.631628397853069, 43.47176683337646;
  -5.190753148483258, 1.335105069829544, 47.84723825407441;
  -19.9536106649861, -22.20091359017676, 192.6865189122055;
  -6.60020330610998, -8.066782029674457, 64.98979087840314;
  -12.3232656097745, -14.92230195673483, 125.8092176183554;
  -14.27672971735821, -20.05278829097247, 148.1626489301816;
  -10.64161948356694, -10.70709543281799, 118.7951182475887;
  -6.19036493077725, -4.390408388202703, 69.8081696578722;
  -3.217538978881328, 0.06221179709442285, 39.02345699889382;
  -8.583160759662293, -11.07343492713594, 104.6139207485977;
  -6.715380827392961, -5.02295345956857, 83.56647244021548;
  -5.403749032473191, -0.8079595079120232, 67.91990015247272;
  -12.8975328154191, -18.2463887735932, 161.8512916872667;
  -8.601134345830019, -13.51681227914656, 108.2315301780316;
  -2.926304201206143, -3.034059941159296, 37.76478860939222;
  -9.126892211897109, -10.51635260914103, 118.3498989281564;
  -2.227434565944778, -2.834882002237574, 29.3500909031384;
  -10.72747207222796, -15.18853313595286, 144.7608004490738;
  -13.25803800448896, -18.22897800110447, 186.2419071411071;
  -2.999142938580309, -3.18322812620885, 43.50614384582297;
  -2.272917782535407, -1.374820237529953, 34.02877892887494;
