m=[-8.881345385440348, -1.957804283968973, 14.03001007844774;
  -8.828841236564292, -5.338589710760378, 24.1861728395054;
  -8.644162354458008, -5.262747026730215, 26.78192721016121;
  -12.37311403556237, -9.170330773152307, 42.37114887090173;
  -11.78223919698741, -7.471775740338958, 40.56926214166016;
  -10.46769941360948, -4.991264604596529, 36.71767845149319;
  -11.26705356697026, -3.613672962201866, 39.86026231299604;
  -10.9966050391152, -7.938951210059065, 39.07234736708724;
  -15.37633567569032, -11.78923553728782, 54.20130725103559;
  -14.63244145104259, -9.981929803254852, 52.50061448104654;
  -14.29622768665994, -11.49575469759893, 51.62538012509479;
  -13.90781182978373, -9.50879055323025, 50.97633884381099;
  -12.97159961546574, -4.477730628138831, 47.80034374084545;
  -15.35192798220773, -4.310727551410751, 57.47726367521698;
  -12.83523490326918, -11.92820039023789, 48.61390605265873;
  -10.42772671208713, -2.466157495238528, 39.88204500464187;
  -12.51499953290668, -6.653289103756669, 48.46739029444516;
  -12.61290001107345, -9.073114534939132, 49.05461195224434;
  -12.99821201837549, -5.887780837808257, 51.18144885597476;
  -11.32844735059816, -3.221517395382036, 44.75229852302876;
  -13.1290618168856, -4.562196092467569, 51.81455309621782;
  -12.00607695006531, -4.278776108996146, 47.47026209199387;
  -8.651924555842022, -1.372150255602482, 34.49568870717422;
  -13.30770831063364, -10.10364559408497, 52.64528109628337;
  -11.85885549922055, -6.083691413056292, 47.31065132651886;
  -13.222087362858, -12.74143232209581, 52.63205182242469;
  -12.3348437834407, -10.78183648921288, 49.61613724592795;
  -9.879786183812943, -2.685600839348704, 40.07225146185782;
  -12.31590781746087, -6.640075575450824, 49.75331399968618;
  -12.99805253914822, -9.663204048240466, 53.00795765886397;
  -11.6420726993679, -6.04666075434169, 47.88882474217951;
  -10.84869194826219, -3.951138846423978, 44.87702682833869;
  -11.52569583781223, -3.722279635357159, 47.74342564360605;
  -11.37749856287753, -3.558233603704629, 47.79018219719107;
  -9.743941318209826, -2.542866963226496, 41.23640618282777;
  -11.55357403565984, -6.713430369000415, 49.83266962459506;
  -11.57579663818278, -10.3636900011365, 50.29712264620824;
  -7.884862677328422, -4.334940804977334, 34.78332351801495;
  -11.54487736989676, -9.367442643109561, 50.44426048516618;
  -12.62330398162912, -12.51735018764271, 55.08805419757085;
  -12.34396056450338, -12.02582974904009, 54.25137549055247;
  -10.82999634172064, -5.074726349130347, 48.15100263541024;
  -10.94195371907849, -5.7257561740042, 49.73901617261226;
  -9.190824295549794, -0.9107963106644293, 42.45425950782951;
  -9.869189333670883, -3.406253984828582, 45.71615865464717;
  -9.53397586945515, -1.051191911476183, 44.50997824014788;
  -8.802837008575285, -3.799049880146975, 41.71059364838159;
  -10.53622558797003, -9.232692390978006, 50.7361741416648;
  -10.65709169035263, -11.77179403711649, 51.31082960957102;
  -10.58574535604072, -8.886162458766085, 51.37831084325763;
  -11.2273212600714, -10.85915719454612, 54.55511645016217;
  -8.824461049316513, -2.080116822162768, 43.40016716025254;
  -9.372370360543684, -8.829023206348481, 46.39238137975541;
  -8.886950498931215, -2.943624465866792, 44.66877576023735;
  -8.671673299745644, -1.952816451107057, 44.13890769529109;
  -4.112653286923002, -0.05826796379286736, 21.42234284619695;
  -9.211527000563526, -1.62464797631784, 47.26399948290003;
  -8.322716629380627, -4.286261726472422, 43.28566432980055;
  -8.734823968952778, -2.808833484261862, 45.73550402816689;
  -13.78526063713667, -3.65891669493727, 72.02312517481782;
  -8.057413867921044, -1.264979794914002, 42.68575768916848;
  -9.395979049599646, -3.254921220609138, 50.67772180843093;
  -7.708755600558715, -1.362032943032962, 41.83550051246613;
  -8.235656483850795, -2.298782948690668, 44.66430127807307;
  -4.011298128361239, 0.88418137684415, 22.41638666804784;
  -3.718520396826602, 0.6432420929471484, 20.81710060646821;
  -8.571744824017518, -4.821148122152636, 47.10749025573992;
  -8.31572078470658, -4.328714642253947, 46.23743800421002;
  -8.32802864930353, -6.23467514288199, 46.35049006550628;
  -11.49962005459536, -13.43172120768716, 64.54211603182219;
  -8.142626449863919, -2.98673793219885, 46.01076643055946;
  -8.760899446767445, -5.378540632291345, 49.53978496572469;
  -3.842233844807873, 0.9330506628380507, 22.29671392371153;
  -7.224552125668302, -0.8507479200988878, 41.62814982658566;
  -8.556530487280179, -8.045613589775087, 49.97358951662753;
  -7.005875254817171, -7.042746076170668, 41.66413248667575;
  -7.37279584131857, -2.023699258744848, 44.30611728742305;
  -7.311686659349535, -2.880283103814114, 44.51245070128519;
  -7.717874020475337, -3.426380826387586, 46.98908380051466;
  -6.914350331779307, -1.786640577250768, 42.51739752804558;
  -7.306452420302692, -3.683644914410696, 45.21102926427134;
  -8.666101477361279, -11.6617264562916, 54.29670998098341;
  -7.755356668552471, -9.373841949899408, 50.31303684959179;
  -7.395973912434518, -5.889937370866346, 48.21963790891448;
  -7.964086678565495, -8.641411210690489, 52.20983941134001;
  -8.470232565837673, -11.11041775632198, 55.51023954567553;
  -8.276728858311788, -12.03263994035806, 56.13759407804029;
  -7.110002917286815, -7.467574404385587, 52.09697783665413;
  -7.341177528153575, -13.69722444270548, 57.99774495194015;
  -4.088285052058518, -3.480084069506318, 33.1393269442824;
  -7.922731728177628, -14.51872072370447, 63.75937862386849;
  -7.283962203130994, -12.74411415875016, 58.76188486784173;
  -4.459860906192923, 1.701632848240354, 36.60632092546187;
  -7.08578699911224, -11.09100168947793, 57.8367365037484;
  -7.96241209494289, -8.991398398290928, 65.52386390081783;
  -6.002272866882824, -4.980154892386955, 51.22427759448917;
  -9.713541866131008, -12.35502349973358, 83.25658640935076;
  -7.98142903107043, -8.313772880087855, 68.5818639280413;
  -9.332653784034859, -10.74035919375583, 81.43904181061981;
  -9.500454921885579, -14.3173695629074, 83.02086353138036;
  -7.089479924065569, -6.093433803726743, 63.39343578695068;
  -7.515903890655743, -6.097082098896696, 69.04071010689103;
  -6.344217918786063, -1.557778871339471, 58.5071466521884;
  -3.637915895151976, 0.5232631522576504, 34.04248527050308;
  -5.940699500255612, -2.080687560495497, 55.28601975881264;
  -4.257532508594855, 0.8990915734654912, 40.08442954716483;
  -11.33296553544278, -13.41463993023019, 105.7434568277516;
  -12.76975649028688, -15.94636921784221, 121.7101653026568;
  -6.610256625552779, -5.58106427527386, 63.64483614476792;
  -9.241033518242832, -10.1771626044851, 89.86766740075214;
  -3.49634137945304, 1.48006870781135, 34.93006963233045;
  -23.77360245824228, -38.55274615625018, 233.335808890561;
  -3.638153975516233, 0.635277795683345, 37.59498340362709;
  -11.19145538268511, -19.4171866991722, 116.3762057393472;
  -15.26981711626088, -24.03983712019924, 160.4840563764965;
  -3.956645055144103, 1.425520167515298, 44.24536529406131;
  -5.746060273558644, -4.688021537010712, 64.01531879032835;
  -2.881172008582881, 0.7342826499970416, 32.76325176287397;
  -7.599662893942688, -6.640116785550553, 88.51011841009964;
  -7.960851786483365, -13.23686085807542, 100.3885725880144;
  -8.60714565859776, -14.08730897888275, 112.415746310746;
  -6.857574208757856, -13.02519906524514, 91.62801557040181;
  0.1553072750227747, 0.1905045547489134, -2.188461015004245;
  -5.452577479190778, -8.102271255700879, 78.50966718098313;
  -5.767461654108673, -8.17164168866414, 84.63470693881222;
  -4.469886234202449, -4.586148058790795, 66.24422211082089;
  -3.349916672329729, -5.266783428243879, 51.73952118933054;
  -1.996316869561993, -0.1397742251410606, 32.3956227208857;
  -4.908432347651901, -9.094305652836562, 80.8471298372947;
  -5.290077447652053, -9.30393724580656, 87.88901913519979;
  -2.014454837708855, 0.1104986055545271, 34.1522710059429;
