m=[-4.498091018913089, -0.9915594410895414, 7.105709730935876;
  -4.862158256983855, -0.3753495770680115, 10.58232425179464;
  -4.479970497192389, -1.045351141024939, 10.46086739924801;
  -4.496166601109385, -2.624282354681817, 12.18690784323523;
  -4.564978800827835, -2.779254672230123, 14.14352541592977;
  -7.249525102806127, -2.502499426022471, 26.7144995331849;
  -7.658255607490824, -2.150391369814718, 28.67233205849487;
  -5.810693170477285, -1.37422900604917, 22.22366704955164;
  -7.894901178376452, -5.588287337237006, 29.97898201014428;
  -6.890018270166056, -3.662907326608051, 26.6832774350441;
  -7.139512992083672, -5.135822772240313, 27.7672889698001;
  -4.433138697990237, -0.7030727508437636, 17.67516250685984;
  -6.681766886026521, -1.900121666195104, 26.39588789976219;
  -7.013157924215514, -2.499378664617597, 27.7289947532148;
  -7.223626960521273, -5.484412868793113, 28.57666120976363;
  -7.214757903817162, -6.952483902808066, 28.7191803728843;
  -6.925027383103062, -3.759594475340192, 27.80742953024351;
  -5.910114171552189, -1.606533510388341, 23.9713265899169;
  -6.801347755093572, -2.342915307424977, 27.49975801054081;
  -6.767596046035773, -3.648724062881489, 27.33946503107807;
  -7.026040181536179, -3.695450030664096, 28.47658660597873;
  -6.856103148693922, -5.09706538745495, 27.96019052209396;
  -6.87833951227895, -3.572472587823046, 28.29355252511174;
  -6.398065885108125, -2.066286555270742, 26.50300573145568;
  -6.628907370677381, -2.414275706835347, 27.42133847427699;
  -6.531277768606018, -2.042611730772677, 27.43405791854504;
  -6.141536705670407, -2.045443330159614, 26.14230935100423;
  -6.700578389996466, -5.21956971097596, 28.55768539264976;
  -6.503689669838053, -3.779096200472953, 28.05159837619216;
  -6.780772220884592, -6.070754649729033, 29.46262297878225;
  -5.0499956105664, -2.776387228676258, 22.27757644935965;
  -2.021826866648495, 0.5786669140170458, 9.451650545771521;
  -6.360053325531573, -5.160508234533809, 27.78965738425433;
  -1.991767227599837, 0.5536383931217624, 9.39077598790651;
  -6.649568626890379, -6.478194724754389, 29.22467570619147;
  -6.02962542629713, -2.825365592076913, 26.80818170489266;
  -6.050018623654836, -4.73683363549075, 26.84290628842212;
  -1.987488622970741, 0.5156731829436856, 9.437965804417026;
  -6.362012407052022, -5.386422730481785, 28.76575176800689;
  -5.321644511690503, -0.5273666465653368, 24.58174259920507;
  -5.490132374681791, -1.894865388253771, 25.43144671666884;
  -2.036915444188713, 0.1798982773896206, 10.20607822856558;
  -5.816160012547603, -5.096589461208062, 28.00715538677605;
  -5.735667270783251, -4.81478341518226, 27.83827553188193;
  -5.952753159637656, -5.757551672697511, 28.9252560161477;
  -5.335715042932084, -2.109376200942325, 26.18686460832214;
  -5.652246319621093, -1.332357022909867, 27.79868750414822;
  -1.988957211158082, 0.2695074056614957, 10.3308503439212;
  -2.086421517247766, -0.02956036527810722, 10.86793219508292;
  -5.528090970295702, -5.207609343845323, 27.36354782516973;
  -2.067782539267117, 0.01514891342131883, 10.85956378594089;
  -5.337665704205032, -1.767994922375863, 26.82888719284734;
  -1.86730120420126, 0.3052511209291919, 9.968031478268475;
  -5.195278559141708, -1.169950145455004, 26.44402214506939;
  -4.584324217636684, -0.4714301948760961, 23.58209569422424;
  -4.047975805916457, -1.074423374852222, 21.14924598442067;
  -4.743616264856544, -2.442998091434455, 24.67110085487113;
  -5.42480252679974, -1.744438930531794, 28.40424474475184;
  -4.834756241974628, -0.7590362192739465, 25.61308588761524;
  -2.081915313675283, 0.4589015051021306, 11.63439295411863;
  -1.864387754150829, 0.2553388644998885, 10.48088359211882;
  -5.107965145738906, -1.769482888289947, 27.55008661646042;
  -4.557199903050618, -1.272031373752635, 24.71498779160903;
  -4.726679028066767, -0.835140310701166, 25.65173850973017;
  -4.972657662913563, -2.796854041488747, 27.3280909791526;
  -1.921914138428683, 0.4667189278971054, 11.15298325436089;
  -4.800639969350239, -2.49895361635199, 26.6927303970556;
  -5.114199504309467, -3.828681896756466, 28.46359724486985;
  -5.018624209069983, -1.840845258587452, 28.35826348022255;
  -6.029195251826236, -7.042186554405312, 33.83911969912234;
  -4.825531650716786, -4.537395511488171, 28.1830513279767;
  -4.560583034862828, -4.584584667239966, 27.12191251911882;
  -4.087439014651029, -1.81463478565128, 24.88574105762627;
  -4.518346662394951, -1.779906354743714, 27.50701615529352;
  -4.236491920558592, -2.135883602655575, 26.2146592053341;
  -4.599732379879655, -6.189729133270738, 28.81922576984526;
  -4.434160174089272, -5.359536437698018, 28.76670587448128;
  -4.412641315722569, -5.788068750817764, 28.91854203069103;
  -4.269572626313618, -4.63268849863012, 27.98986376866491;
  -2.603389160412991, 0.9933073262352523, 21.36849132842086;
  -3.07527646705417, -2.617777504759397, 24.92795658523155;
  -3.763423557324316, -6.584534365328605, 30.36065476690088;
  -5.02553747467327, -5.674990073551621, 41.35588934515112;
  -7.154812792159682, -8.924634990009661, 59.68008441316552;
  -3.083778992803689, 1.036747192464043, 26.2829137202303;
  -6.951697483286212, -8.000267630686968, 60.66222910407406;
  -8.582783141784372, -10.50599492310805, 74.97608925114966;
  -4.265850200774501, -3.666513777237329, 38.14481508884344;
  -3.711799183771191, -0.9114066410001637, 34.23066199307481;
  -2.498553997190766, 0.3593819313960186, 23.38069106003066;
  -5.697472082366221, -4.621926457248507, 52.3366881886021;
  -5.99288796747033, -7.093680288217925, 55.9172873225359;
  -3.865674731978931, -3.263803565973099, 37.21946799383066;
  -7.286164976906086, -8.316768873537891, 69.71639238693592;
  -7.801619042080259, -9.742354745494868, 74.35821849556749;
  -2.538049340259223, 0.9451296720319679, 25.30740798154096;
  -2.315621806776269, 0.9802473509812963, 23.13413427766923;
  -7.722544773830433, -8.504848914197357, 75.10059170892114;
  -6.882780844785, -7.119821278715265, 67.38838937438264;
  -2.420055742860879, 0.4225790574290715, 25.00772537418441;
  -6.830272475738083, -11.85052983125091, 71.02572165208274;
  -7.538629110429548, -11.86834226922922, 79.23014204743303;
  -2.239697449811176, 0.8069295676870193, 25.04551973552348;
  -4.174366254028763, -3.405728093787954, 46.50549659719171;
  -2.382187707742077, 0.6071137362227751, 27.08905104682233;
  -5.189790209945356, -4.53451864476924, 60.44333181830518;
  -4.996642987266916, -7.426098049407646, 60.99286314798632;
  -7.878798467153576, -13.10042716981662, 99.35385723034224;
  -5.699630476048257, -9.328581014699511, 74.44142798029769;
  -5.210415476070154, -9.896604356358953, 69.61937499121807;
  -4.090712895960386, -5.017790948532789, 57.64292558137807;
  -4.57924429757487, -6.804539612077077, 65.93486238665494;
  -3.922207278520014, -4.024223963223353, 58.12755772951294;
  -2.736219884905165, -4.301921198483897, 42.26096364816793;
  -3.633699883655392, -0.2544173189021495, 58.96657605145325;
  -3.641518925374471, -6.746978220813606, 59.97971093674216;
  -1.519191493590389, 0.08333199557005855, 25.75577204700819;
  -3.872365070719417, -6.810531975636293, 64.33523349454814;
  -2.48900759116998, -1.223747980623293, 41.99742813890153;
  -0.8497690837043986, -0.2641273146187374, 14.59476015836876;
  -3.668020134394397, -4.140553581679139, 62.16593966817059;
  -4.052760256154416, -8.322024308091418, 69.74558565739882;
  -6.718395552789005, -15.2478616569864, 115.6489817111832;
  -3.076629101974689, -4.70234734015059, 54.15778514222436;
  -4.153727414263348, -7.11405938711139, 74.65353869272398;
  -1.301354221282341, 0.4681640548875618, 25.28662576588756;
  -3.618349733635644, -7.676296502115177, 68.84814904526057;
  -1.242086099724358, -0.4760318098701444, 25.55786377358853;
  -2.669251837030347, -4.433705659269663, 55.6689269741136;
  -3.352461272308124, -3.430802775977645, 73.78828632925644;
  -1.381820597100273, -2.807413922146907, 30.9963957357175;
