m=[-4.3222827276308, -1.27357309507762, 9.106135770631857;
  -4.940084586263705, -0.4454177971837363, 10.44826478365244;
  -4.823308489096768, -0.4482468086729788, 10.47401505758394;
  -4.399156463785181, -1.103190122544204, 10.27212751517846;
  -2.478654559461231, 0.86584491871241, 9.193240300183135;
  -7.875316741971703, -6.133078540884806, 28.80344317480207;
  -5.362263676998066, -1.34583362924553, 20.30741882093992;
  -7.828020755946479, -6.477468683783225, 29.01048169021307;
  -7.071166367178616, -2.675474900772886, 27.37922690895961;
  -6.86136764369384, -2.143834731690854, 27.1309149376734;
  -6.686592830325695, -2.485336855875624, 27.03257923483027;
  -8.035065132174164, -8.087686046967445, 32.08458117750321;
  -7.461474087425029, -7.243414753462405, 30.06793891929611;
  -6.606576756635895, -1.928454700524166, 26.99926213500253;
  -6.739240879303795, -3.908997821147099, 27.52660494752259;
  -6.596874912702583, -2.398829010638063, 27.20380526519087;
  -7.040543117641427, -5.511539341612439, 28.9152904579682;
  -6.342411486698517, -2.007674466705294, 26.41885781901279;
  -6.540092536024707, -3.242916339892477, 27.2110501889299;
  -6.735371929116225, -3.944185522937952, 28.00118431865886;
  -6.9328869912157, -5.725831201077192, 29.02082016006032;
  -5.336390608020059, -1.495873248604641, 22.72128825410374;
  -4.940687338084815, -1.499095716479767, 21.11343908797419;
  -7.102655357928901, -7.441338093741797, 29.95594578820058;
  -6.563168409916093, -3.877437348527451, 28.06569155394443;
  -6.987873010831462, -6.664563631072512, 29.79662970845071;
  -6.770505400261105, -5.563055081194614, 29.01365536805458;
  -6.08336847101297, -2.017289033354953, 26.33505667249477;
  -6.736066217982152, -6.743664490309332, 29.00149377642628;
  -6.449153042288745, -5.23570587118112, 27.90400380477253;
  -6.315582661722506, -3.601916646543425, 27.51297648481059;
  -6.25854578241053, -2.069589410230773, 27.39277004244675;
  -6.245669338574694, -2.517071580084508, 27.32757129755765;
  -6.119685664717623, -2.19746011393326, 26.85152126854105;
  -5.422298495172473, -1.583831032045193, 24.26144448993702;
  -6.135178629820488, -2.137447558987746, 27.32315179730012;
  -6.725627314363495, -5.373244145876619, 29.87169469245261;
  -1.926650394415314, 0.5662925490304177, 9.405768719343936;
  -6.23657110375492, -3.989414134273612, 28.61395473856205;
  -6.423572488663097, -6.688989284181689, 29.44469769646798;
  -6.423392070186235, -6.282421512733306, 29.68749807982302;
  -6.195031927692262, -5.511760514525609, 28.83254728622454;
  -1.907549912544202, 0.5399577574334883, 9.654226662357464;
  -5.797839866667895, -3.007922567730363, 27.45518306732559;
  -5.690146360932994, -3.30141942693452, 27.6260074045974;
  -5.113920621271157, -0.6201857001788824, 25.16507794465362;
  -5.186097778665209, -2.017181381789793, 25.66307102008326;
  -5.417613152802677, -2.606493375842026, 27.39564444884559;
  -2.003959097911003, -0.05267051887027713, 10.98626616324557;
  -5.718454195291978, -5.547711545477674, 29.58964231422213;
  -5.756329055467243, -7.018945801671739, 29.78627678656034;
  -2.213762959767522, 0.1927243950825438, 12.15813662837574;
  -5.23388514300483, -1.403724740522568, 27.57682709671714;
  -5.467079712179326, -5.840196274500711, 28.57481327273855;
  -5.228423917461203, -5.4451784715611, 27.78614511270549;
  -5.186536733150296, -1.95150825029531, 28.02052977828696;
  -5.116946021617577, -1.332262419620291, 28.01064190076234;
  -5.450380525045554, -5.38688803446064, 29.59151212582088;
  -5.064656115354598, -2.101339200266479, 27.92549684503182;
  -5.034615646183523, -2.913079218395547, 28.2118870536568;
  -4.412899721355316, -0.8277147323002593, 25.21965300055325;
  -5.263166069001918, -5.898094889079022, 29.93586021539983;
  -4.230139087573619, -1.355963684486678, 24.82360198047953;
  -1.883172331263824, 0.4758113358998555, 11.62599754543554;
  -5.196192280384979, -6.977828048210015, 30.05657818622178;
  -4.678996509066388, -2.962644085136465, 27.8875935194288;
  -4.528008823507547, -1.17416941897382, 27.26251092421169;
  -4.554601602080036, -2.68493296105583, 27.50411581102622;
  -5.090694212327468, -4.299416073687708, 30.81958779993104;
  -4.610766228787726, -1.941788153366043, 28.34273987991251;
  -4.492531410359636, -3.132430803494514, 27.71656621817001;
  -4.200653511151981, -5.471525254460729, 25.72816432724606;
  -4.148660029569006, -0.6025713715622547, 25.98500505916259;
  -4.250802963168062, -2.120468466609983, 27.0043007117821;
  -4.422650175517956, -4.696061254574368, 28.26710424621557;
  -4.166974573286519, -1.339393655947896, 27.39490311376256;
  -4.533503525375555, -5.084975072529641, 29.30978509147564;
  -4.139100159354605, -3.342294881012828, 27.12500377309821;
  -4.335901488418189, -3.915583015727544, 28.34095955065794;
  -3.698656683586224, -1.882054149175971, 24.69081403337471;
  -4.348802929281362, -1.974363540797345, 29.00336453483791;
  -3.868174100607388, -5.288524747503315, 26.8576189033399;
  -4.144955633859142, -6.313834994806205, 28.6499922869056;
  -4.12864386419842, -5.656512331966321, 29.56886159477525;
  -3.913713726059366, -3.573434498879937, 28.23923467075739;
  -3.993451896836028, -5.978596351445128, 29.07931314789697;
  -3.833103254717203, -4.763120140447347, 27.91141852609416;
  -3.883159669642402, -6.463911755066553, 29.38780693490197;
  -3.779285940478764, -6.745345707910168, 33.41659248444201;
  -3.517624539687956, -5.955832385224369, 31.36773442006369;
  -2.311174937822342, 0.9758860493722229, 21.48875731701115;
  -2.681381002870594, -2.713424689988275, 24.64465721213674;
  -3.278560251773791, -7.04777865593643, 30.22955187577933;
  -3.421318773215434, -7.019270600236695, 31.56842726139139;
  -3.686096242322935, -6.891254506976925, 34.0854912071577;
  -4.153912030115355, -5.541944034791984, 39.26163147550243;
  -3.817124030336236, -3.789433256377939, 37.52070443156968;
  -4.679565951919521, -7.057928809444629, 46.4640640711585;
  -6.441085768062757, -8.827835624917375, 65.29661737006214;
  -1.876949469157212, 0.9077276515387417, 19.91125967700883;
  -5.01478564099193, -9.038299296915451, 51.16415526528061;
  -3.538497129418269, -3.668712967690574, 36.85236198591299;
  -2.239093405037774, 0.1985103976827834, 23.95225185351271;
  -2.346672585093244, 0.3421037390498782, 25.4316602170075;
  -3.173256060892338, -1.006295194634389, 34.25176150905691;
  -2.077210731294157, 0.4711284328010947, 22.76318015432377;
  -4.693438500387543, -4.62453618493643, 50.51830052598142;
  -3.944247766216445, -4.078960739880009, 44.84097926052049;
  -1.982555240276244, 0.9577532306172722, 23.20242359147999;
  -7.431294288239592, -11.30417863919129, 84.17242059795969;
  -6.620112430201909, -13.08653814293173, 77.85339657867066;
  -2.048955313584354, 0.3748134544006654, 25.06927152407664;
  -1.93253196499779, 0.9134911438486533, 23.94860841056768;
  -5.844580295142074, -11.36721093379967, 74.43186615265451;
  -1.754466537210431, 0.7280864687641525, 23.71340242275299;
  -1.981795109218722, 0.4178606086744145, 26.78782412684086;
  -1.924861685249193, 0.5456901159754498, 26.35772290516871;
  -3.9111545083213, -4.044767153808959, 53.06987938379187;
  -3.323904204157885, -3.725362848287536, 47.84201644155875;
  -1.892279947416282, -5.430687159656848, 29.83364307032842;
  -3.885428562876621, -8.383142784625623, 61.96386793295879;
  -3.411906463882502, -5.822311538573008, 54.90215867666047;
  -4.889883076176564, -10.44667425617165, 81.39763465316037;
  -5.275503813079859, -13.0733706219747, 90.05128627530931;
  -4.762649056443503, -7.661326384596979, 86.48421281398967;
  -3.519366252473153, -7.027214090352059, 66.22448511002381;
  -5.279289806379701, -10.16529048514308, 102.0810646544045;
  -4.31823768776408, -6.085818584610939, 84.45109565926255;
  -3.514101035783384, -7.553467992958823, 72.02311975596358;
  -1.513084228910076, -0.2218712670101514, 33.09680171114185;
  -0.9490546434765845, 0.02650141795169749, 22.03156793041484;
