m=[-9.030304373541823, -2.079771730986545, 12.73775452206156;
  -8.957408211938272, -2.074045290896238, 13.68532059322764;
  -8.91903283620538, -2.384984953542592, 19.59026414460662;
  -5.079482542807353, 1.774367522327965, 18.8396174200101;
  -6.705789597852386, -11.96862841140094, 59.29285103245088;
  -6.523862332709523, -12.64479528301962, 60.7607914295514;
  -7.922206453939601, -10.56941612665348, 74.87851163251185;
  -5.880866944624427, -10.91240022288991, 55.4116629392221;
  -9.904441784239626, -13.57454118393582, 100.4064483438888;
  -7.15469799795964, -12.89512783078998, 72.99695449622278;
  -5.81915497312762, -6.033298468274907, 60.60471371841427;
  -3.746664250088702, 1.811956473374999, 39.74577154683815;
  -4.632995047204179, 0.6754094877641992, 50.20928636403429;
  -7.788489694000482, -7.674150287243698, 83.83219743319037;
  -6.378686698450498, -9.130824950675196, 70.223490250461;
  -4.928482820795258, -5.096811641851041, 56.03045474121065;
  -9.937511310072477, -15.11653269549825, 112.5597169543064;
  -4.735322855681639, 2.287588598244034, 55.4188677863185;
  -9.748263023666288, -13.09709856178469, 112.5366494379819;
  -3.90718477186697, 0.7147376087784279, 47.80498397952883;
  -4.098975594425518, 1.937550308185336, 50.79593154128391;
  -9.359993825013238, -20.00620530365207, 117.4763219791921;
  -7.485150200719334, -14.557979684781, 95.32484280103698;
  -3.351689605532113, 1.390918434480634, 45.30149918875789;
  -3.680617065542581, 0.7760564551556373, 49.75071447667106;
  -4.739720501004873, -4.901638572424446, 64.31256928511773;
  -5.247164732446167, 1.487548925376502, 71.85104005937185;
  -5.059634814725008, -5.67073369355846, 72.82494233484803;
  -6.16548738127177, -17.69443955700972, 97.20493531553088;
  -3.207479434177719, -6.92040984419866, 51.15210042876824;
  -5.639162977561979, -9.623055033809836, 90.74170815496272;
  -6.286194719200978, -13.42973390556134, 104.6408212918323;
  -5.916084638233079, -14.66081152568421, 100.9858110737417;
  -3.185996409185962, -5.125080194162989, 57.85401951963333;
  -4.500102647950322, -8.985477062378674, 84.67916079872059;
  -3.743503346403196, -5.275828679289338, 73.21110648996256;
  -3.048917191122217, -6.553567521768659, 62.48896253868202;
  -3.373293954081469, -6.007049375562119, 71.36310797726991;
  -2.423272003004443, -0.3553367481756869, 53.00600683239696;
  -4.669613227987368, -12.18429461020333, 105.3446200733926;
  -1.744036369271503, 0.04870050113838936, 40.48645249968389;
  -3.961738646312092, -9.855818118377849, 90.56861377968984;
  -1.73078256571756, -1.270475411352936, 40.22650679076499;
  -1.434220971790269, -0.6863104589991609, 33.93401462803325;
  -3.746767600894905, -10.96361068495344, 89.62091716619153;
  -2.603690319425295, 0.4866245252825528, 63.18045143683018;
  -6.776023589197627, -22.08716744302797, 163.9088256157716;
  1.131477051266095, 2.42818281355152, -26.76220329620959;
  -2.127159282647253, 1.291864324510152, 54.78151914627574;
  -4.592014417806571, -11.5099707725934, 117.2621642064483;
  -2.672110070998312, 0.06734970495637395, 69.60422173993779;
  -4.84972285214716, -15.45090742165454, 134.8801124863134;
  -1.164614018992016, -0.7521595810542106, 35.92507673260968;
  -2.981434176582508, -7.879883596949623, 95.69769770584279;
  -2.159595473506769, -5.44233847937093, 73.76205318421458;
  -1.401198668883834, -2.36341932960067, 48.2332241417155;
  -0.9236644604613418, -2.872921819924275, 32.90705376952745;
  -1.131201771631822, -2.334395944731833, 51.03188760270579;
  -0.8195071018730352, -3.286414700839032, 41.61430690741819;
  -0.9146828834165285, -3.513492388369714, 50.58480628116786;
  -0.8807444140511307, -5.849957067008857, 77.94926262371305;
  -0.6375141139952466, -3.427316995472062, 58.98714406806494;
  -0.2258656087130179, -1.156054417231343, 24.32347725334726;
  0.05384680070727829, 0.2248839496733317, -16.10281985125264;
  -0.2159161581132201, -4.657941027436938, 58.46119966683945;
  -0.2203711839494577, -5.661675931538444, 91.96633289402638;
  -0.00096705268701777, 0.9801309522471936, -14.29070541135597;
  1.093444210227414, -8.462445622425241, 132.8084061115541;
  0.1204808705109366, -0.5658892247116615, 8.310445840706057;
  0.2785137996317589, -0.9829006001381426, 15.58497065192028;
  -2.368114499301455, 3.1006809309776, -95.59579708890645;
  -1.898704774024807, 1.842844534533897, -76.18634815366646;
  -4.786344682988979, 3.20008069653549, -168.7293552737141;
  -1.827722150878227, 2.640573606055833, -51.33064707397348;
  1.206622054243929, 1.417846901538334, 33.07178611920775;
  11.6869040058845, -3.552577709863126, 293.6006760097828;
  4.169512381866476, -1.606570769710732, 97.52998494941916;
  5.30214656529926, 0.7709057511479266, 111.6421998697568;
  41.17119118054514, -7.559736152910545, 812.2145572820424;
  1.121463773620128, -1.336941351570432, 21.5379961724393;
  -9.769603126311024, 5.675037914303781, -181.6720604649319;
  3.002716076906766, -4.448746721577003, 55.95564749246029;
  13.9413139028124, -5.30513219285094, 252.4303822369661;
  5.772532744229213, -5.694048604328393, 102.9417627287966;
  9.941814761144723, -6.089089275562114, 168.8833754144563;
  0.3606454954251284, -0.4029452743444788, 5.948835880440139;
  5.653580761205853, -8.702845774063535, 91.03179151063335;
  4.605218400574469, -9.354781127595659, 72.98307547438726;
  -2.435635940803946, 4.273397820829794, -37.51782561762227;
  4.237018130466465, 0.6466006356094337, 65.28987155265163;
  4.281645938533535, 2.111478170882524, 63.98506298022799;
  5.510562262406125, -1.240967106289988, 81.95736204837282;
  18.92172056588204, -31.1199007186528, 278.9258355851117;
  16.64969510654024, -11.27301090191796, 243.0922730614404;
  6.658049734436212, -2.089115423626109, 97.38635454856002;
  13.9115898882741, -31.11790199210834, 201.7477903459167;
  6.856287528826856, -5.353283017412252, 98.38703352149697;
  3.886803823498869, 0.8068181776971749, 54.16562527068065;
  2.324092192595334, 1.384462308278502, 32.16897259033237;
  3.949523018706421, 0.3212909672113665, 53.31586954925658;
  12.34356766078374, -11.51272570038383, 163.1409367580785;
  18.31788541856549, -32.564929407478, 240.8378146266527;
  15.95413370180686, -33.15773571451666, 208.0340008997854;
  -26.29394638349245, 9.758687253275745, -337.2176834891301;
  16.60980767551289, -32.07681489409571, 212.3062082894494;
  14.73203353221506, -16.6045092033046, 187.2676330819777;
  4.019257102474177, 1.216562770898303, 50.90278020259169;
  9.384417115996936, -17.93184276153388, 115.0319634095935;
  12.93872168721078, -3.812541355163194, 157.2090477615828;
  17.27165368336896, -16.30137632251942, 208.6683783481214;
  4.197451493393919, -0.01206709110305303, 51.34038665828678;
  13.4125851812348, -4.730866596083398, 160.9313596346782;
  53.15432474370444, -71.52451366537581, 625.2848143274939;
  3.465015313184254, -0.6066679871116306, 41.65900798334947;
  12.03300290857946, -5.617764006177362, 141.1803991077042;
  15.21691912098324, -21.64265572965984, 176.7188853780297;
  23.19570922934837, -35.58795847510551, 269.8324692595792;
  24.02109246472491, -30.41294751559516, 277.1271405531803;
  4.196225902373811, 0.05524386668894596, 48.19612835003495;
  4.023016695489403, 1.225298731576693, 45.93988763349272;
  4.808992760958174, 0.873874596880026, 54.30772975072994;
  15.00274934311172, -3.730745139290725, 166.4297221814945;
  15.41697794142425, -22.12650286971544, 170.3946235679993;
  7.186864794390176, -1.18391887335406, 79.36076674891045;
  4.21336104617347, -4.537050039761195, 46.02199302571172;
  6.322378218405205, -7.85751773771498, 68.45784354584582;
  5.538169238888509, -8.035451809209102, 58.34496237519103;
  13.1742453938257, -5.634968998727495, 136.2891968620854;
  4.610250730943605, -0.2047586185233142, 48.20655470779674;
  7.565002304353691, -1.382805585240117, 77.6651347350512;
  6.169555254265605, -4.413936589030906, 61.45478404018685;
  4.770854458314009, 1.230171391350183, 46.09543070517388;
