m=[-4.119485454892322, -0.1677430922844074, 8.192442044602265;
  -4.049902042993494, -1.011869786856671, 9.278565034743073;
  -4.039664054459046, -1.109739617900084, 9.252951086102618;
  -3.965916953139901, -0.2491022892458875, 9.277508326786721;
  -4.101213857082612, -2.58945207477908, 11.19930271643203;
  -3.929852558185824, -1.247324113167333, 11.24310052637449;
  -4.022084983236607, -0.4043796332958597, 11.6404036390401;
  -2.617791073207263, 0.5477980504159524, 8.378578020248789;
  -4.008186542082417, -2.67014294193797, 12.27234822542401;
  -2.564491847417534, 0.5654930918688594, 8.273941163055346;
  -3.961927044900109, -1.064147465483866, 12.25564333655834;
  -3.905494350583531, -1.151397066617929, 12.08945486040995;
  -3.922003081879837, -2.545832517047168, 12.19872996225428;
  -3.90231512408982, -2.53997391596302, 12.34323953554637;
  -3.997396783754358, -1.263034985304708, 12.6904398023734;
  -3.953844543257729, -2.627905359840575, 12.61241245712047;
  -4.018009671626541, -1.3267578277406, 12.87766645650844;
  -2.213011007953094, 0.8436690617381349, 8.091253431593119;
  -4.117893845112067, -0.8169155996414067, 15.18107644135679;
  -6.985587234683189, -3.810799601479, 25.44863984995043;
  -7.673286958677647, -6.241076730968681, 28.18598245379634;
  -7.420173869302292, -5.930354042884032, 27.42064856606831;
  -7.22806934077234, -5.769896611767052, 27.16958565438799;
  -7.50513170387166, -7.016291082174068, 28.19594868869174;
  -7.195217678666938, -6.109859757576793, 27.42049465164425;
  -6.860531471054281, -4.976298089515029, 26.3163066632731;
  -6.933972990904589, -5.240575929543696, 26.92162602492561;
  -6.863180262035975, -6.131175008142277, 26.89001136536156;
  -6.39376315196629, -2.427396885804559, 25.39258540886855;
  -6.868603161870602, -5.20511178791918, 27.25379268893218;
  -6.316589977454278, -1.959814657399328, 25.5856973104518;
  -1.843699860563795, 0.7209856106497601, 8.167255158845718;
  -6.295517244131353, -3.6563982207355, 25.54872457180223;
  -6.573423732705378, -5.075885981499183, 26.59669125766229;
  -5.174564186323165, -1.347043463763138, 21.24217720078257;
  -6.386327071742424, -3.430776608311628, 26.11099938154874;
  -5.772064043060188, -2.027103502243235, 23.87938123468969;
  -6.774009912627951, -3.963900548730357, 27.87894710708229;
  -4.087702188414752, -0.7120621572013981, 17.36883422613754;
  -6.686711152879918, -6.946800351831178, 27.65705150358703;
  -6.472956074919412, -6.484634179527295, 26.95846059508196;
  -6.312726220591427, -3.730157859208988, 26.53483144199765;
  -4.672221140767469, -1.139402790146596, 20.07907899634848;
  -6.496966721213075, -5.22216355468649, 27.53922899085352;
  -6.36481734352722, -5.931929244956371, 26.97502817581188;
  -5.641409958714407, -2.222643688329594, 24.25000699944875;
  -6.129272365308917, -3.655843123094014, 26.24782901249665;
  -6.432461010852198, -6.039729890447843, 27.37366491163295;
  -4.482074408042987, -1.141313960088775, 19.57674888957368;
  -4.850733908726117, -1.34000502813719, 21.1748389051918;
  -4.447620567145291, -1.340690765280793, 19.55732823020218;
  -6.267055453125945, -5.320567651676618, 27.09124311658089;
  -5.4486855640003, -2.087660288805555, 24.01323508807678;
  -6.604101671112292, -7.1483664320124, 28.81926202931787;
  -5.413316240943201, -1.787989484988897, 24.12916562760834;
  -1.680399791983247, 0.5622733923829452, 8.189484801970888;
  -6.467839444059917, -6.686170281848474, 28.78606715130492;
  -5.199791886408582, -2.111372465001329, 23.50873444342239;
  -6.301030493868549, -5.251088713620852, 28.14646867130637;
  -5.455537410135638, -1.955671556348067, 24.65693335422375;
  -5.183803900656609, -1.796769816401495, 23.81845596987289;
  -5.924773778715533, -5.159130632089235, 27.06704574399988;
  -5.364557517725121, -1.987388103020287, 24.98424606280006;
  -5.669273003652655, -3.008476959794215, 26.36649332891636;
  -1.653043858607911, 0.5357321249379474, 8.374243672373337;
  -5.760714248946697, -5.059505129379189, 27.06535545674631;
  -5.485453555740818, -3.585887452559581, 26.05849580552321;
  -5.547556188496416, -5.632367206820741, 26.71351762294044;
  -1.637016997466679, 0.3701187135807854, 8.678681855291593;
  -5.271954035164253, -2.772260656463349, 25.83453949583588;
  -5.487430514694688, -4.873233732735326, 26.93348088912772;
  -4.828045835007201, -1.880051054359975, 24.72941250062415;
  -5.338852601119805, -5.416275260795122, 27.44805138237693;
  -1.660913986183398, 0.03742200586278701, 9.31269437566664;
  -1.921594345004642, 0.2351355325628525, 10.73717528828455;
  -4.615887179426772, -2.144636918166008, 24.53834584561513;
  -4.893133369723893, -1.186122634745936, 26.00065596437049;
  -5.112842228091689, -5.147379439928392, 27.61848311110872;
  -4.502249465349278, -2.02083308841402, 24.66171961365162;
  -1.967598701862344, 0.2375210958410942, 11.30485963701985;
  -4.497876912220613, -1.184666737990779, 24.69855133820536;
  -4.959728962897641, -5.519637358180225, 27.10649897704712;
  -4.860347949679409, -5.268165512298431, 27.0461212106299;
  -4.542468343537965, -1.707109860300579, 25.57636948008295;
  -4.317021755676008, -1.092335454430844, 24.61893450329994;
  -4.587388200418412, -4.708478658095009, 26.07484075942742;
  -4.07548846538857, -1.701403745516667, 23.45168591464821;
  -4.829137495383113, -1.449586222185501, 28.15240873011978;
  -4.055926321989863, -1.479901589498758, 23.97105261767905;
  -1.609059809541412, 0.4906151224314886, 10.14207092142744;
  -3.704215509035796, -0.729172872516079, 22.71169241395892;
  -4.022248509995104, -1.596876535765587, 24.59780430237878;
  -4.189538199478098, -1.326364637666315, 25.65960488441676;
  -4.532343325774763, -6.398212957013286, 27.63462121462268;
  -3.972896944684898, -1.946276448263878, 24.55614554846616;
  -1.51684828366, 0.8575701730785791, 10.07781031017128;
  -4.093504978795967, -2.67429006836478, 25.64696963650089;
  -4.059066586268868, -1.012078282263443, 25.56032107368561;
  -3.958924913296134, -2.390415975747402, 25.10257330769428;
  -4.161580246346547, -3.638400244622601, 26.53203661883773;
  -3.69295680114594, -1.557460175505598, 23.8593289914596;
  -3.958264953329925, -3.129839344632543, 25.59020489532124;
  -3.650960904535152, -3.437567120370856, 25.25367122165769;
  -4.260409990842479, -5.052066710845765, 29.29812379643418;
  -3.672864266224956, -2.448815693592534, 25.63536001619944;
  -3.550334730125356, -1.822600115506228, 24.92778956129462;
  -3.57322582352852, -1.637678244485593, 25.18830185799301;
  -3.624855637584695, -1.034660217476144, 26.03109478665272;
  -3.521169442841363, -2.079054793097341, 25.27938202038136;
  -3.841419048811559, -6.655419544434672, 27.3713479571822;
  -3.610076122559508, -5.238347501483458, 26.6876018372437;
  -3.494347443630299, -3.971240328046992, 25.99815300579619;
  -3.651714469321416, -5.912583544984601, 26.92596997486526;
  -3.492995658144714, -5.574740321704926, 27.24019366541258;
  -3.277686139432271, -4.350719476160794, 25.65827756438616;
  -3.462491273609575, -5.95531858261467, 27.03276958178319;
  -1.916187810312226, 0.9830305846690725, 19.20596736574269;
  -3.006064647918471, -6.741253808273243, 30.45607487099269;
  -1.877235247879293, 0.8619198390619803, 19.89311235155429;
  -2.994844265648325, -6.343643332997671, 30.70526428583225;
  -2.8801579722025, -5.865072549947466, 29.97541922344885;
  -3.746621740235503, -5.887932203498431, 39.69676500431907;
  -3.033354230842842, -2.538978740640237, 33.19129550367926;
  -8.350989644349497, -14.67813918006062, 91.58403609221358;
  -6.026765487731741, -8.925573568622204, 67.82760730776286;
  -3.264647243406765, -3.111147762049359, 37.31822037034647;
  -4.922651592874157, -9.739490960197825, 55.90803621100757;
  -7.098823893516092, -11.2411399407412, 80.45264753805832;
  -3.883131712565631, -4.097351850016079, 46.62399665514443;
  -5.712743037355325, -8.870220891768048, 70.07249060351572;
  -1.510022873230219, 0.8135778051716192, 19.6647172193644;
