m=[-3.919669708253851, -1.094322717032315, 7.198780912362404;
  -3.93531018992203, -0.08929372400321063, 7.479769258553532;
  -3.958679407276742, -1.117099976927636, 7.642745927250819;
  -3.903038689689817, -0.9026720989525451, 8.63105315079811;
  -3.895724298468214, -1.000669184707134, 8.619379811294156;
  -3.897029948122038, -0.2012615717245489, 8.645523507068418;
  -3.910347411436749, -0.3034295285550735, 8.671104114629952;
  -3.804725627673255, -0.1525588979744332, 8.580392666703466;
  -3.813280537720861, -1.136110632465427, 10.48872059257005;
  -3.785366157155884, -1.115419692911995, 10.58499643633907;
  -3.854342519131656, -1.024909767339707, 11.15493241329057;
  -2.34752439531699, 0.6264294294205129, 7.445757503954014;
  -3.857714054603602, -2.508220352320806, 11.6310240456497;
  -3.822655624155821, -0.9283640978649443, 11.61570451620761;
  -3.845268337986454, -1.043286377316918, 11.68423421307096;
  -3.786187335913611, -2.392182029933702, 11.59841717530636;
  -3.845387192414845, -2.435200876767288, 11.9828401064435;
  -3.728780133007481, -0.2657650608015145, 11.67111367526091;
  -3.832941968343897, -0.5297242399430346, 11.99649232249245;
  -3.759004557725067, -2.432618534656808, 11.83026835614422;
  -3.922267802240306, -1.193767157234953, 12.37859203684638;
  -1.944834885920005, 0.9017435547540516, 7.389838425730961;
  -7.271348154764655, -3.363869523878505, 26.17407010554846;
  -7.237975385770587, -3.597242665746149, 26.16609646779813;
  -7.247116672048304, -3.770226715468118, 26.54702570387014;
  -4.71321586019949, -1.001720270232577, 17.81133671157228;
  -7.467817681065183, -5.927505286341557, 27.65464876858625;
  -6.891489193969592, -3.63344187698143, 25.76153917186093;
  -7.432388773076243, -5.797447128151856, 27.71540407655381;
  -6.870665874598872, -2.696265247865281, 25.82584112525011;
  -6.292372084118864, -4.771503639748106, 23.84613975442204;
  -7.1644372703138, -5.584467754974159, 27.19134820015562;
  -6.967084825987857, -3.527032042140987, 26.69425757356711;
  -7.200084886846375, -5.981933532093132, 27.72435038348746;
  -7.023527715132085, -4.944372703872305, 27.20333980390565;
  -1.783763435160567, 0.8014085396862628, 7.624511297674602;
  -7.01115970398256, -5.15030261334613, 27.4957824482456;
  -6.740454815994795, -3.665921879646096, 26.50855958807327;
  -7.183926091117894, -6.433653794117437, 28.35195266965675;
  -6.92548880812716, -6.060282360002944, 27.44007582032344;
  -6.553965132603342, -2.280191242779378, 26.20782533169287;
  -1.676794192811091, 0.6817501108150894, 7.497986247717753;
  -6.375500999263548, -1.763393306916673, 26.03448498673581;
  -6.264690424850572, -3.465441957514073, 25.6329477627789;
  -6.773524680015888, -3.436912310049739, 27.90674136663397;
  -6.031490312559252, -1.911626793578437, 25.11584135314275;
  -6.345794329275794, -3.534951391240262, 26.40767586723064;
  -6.829477608238583, -6.994634964475772, 28.62223930469763;
  -6.645232591896466, -6.548904322373833, 28.04957438524159;
  -6.433168983563162, -3.618553876039819, 27.30583848549821;
  -4.761798461709156, -0.977690910374617, 20.50984600174697;
  -1.614296002848894, 0.6558245077362835, 7.56782090533833;
  -1.578275114790204, 0.6275864662246395, 7.463532246588472;
  -5.690695705027165, -1.574156971316837, 24.52746033374168;
  -6.438160658711721, -5.03340439034575, 27.61885653501991;
  -6.447997770342329, -5.884963718004647, 27.67502762869405;
  -6.10666007144212, -2.878892273025484, 26.39272240378045;
  -5.937305543249201, -3.354662912995813, 25.67202289989764;
  -1.57853975666336, 0.7340037045541706, 7.580162626145783;
  -5.492290936880078, -1.424568789701295, 24.08422424063582;
  -6.539915846680271, -7.147853011742156, 28.51613197219245;
  -6.204829563849122, -5.138040238327783, 27.17999937621875;
  -6.273482519872225, -6.705866847628384, 27.81397722410016;
  -5.523766730749774, -1.609565156448192, 24.80743436093613;
  -1.53240618174807, 0.5958787308998663, 7.553328023514633;
  -6.330677901916552, -6.117115211167111, 28.349986315883;
  -4.914964706477269, -1.074999273937576, 22.27825113394949;
  -1.527641707554463, 0.8686294760796031, 7.579614198844855;
  -5.56696716096149, -5.662740938940889, 25.17256495614077;
  -6.106087263118317, -4.947333992833474, 27.63594095210616;
  -5.523729164739001, -1.770057055388874, 25.19412165626796;
  -5.931994401685912, -3.246973450971197, 26.9371648823814;
  -5.903610682119981, -5.056423451528807, 26.81702173881508;
  -5.131770811229551, -1.27162967223616, 23.78576315274409;
  -5.370231932618129, -1.651407700274622, 24.89639984781628;
  -5.569147531438105, -4.733085940554608, 25.83200988017449;
  -5.482942270602816, -4.360738913590321, 25.56901310859685;
  -5.369185448043255, -1.779202219683653, 25.25732039860966;
  -5.969642052329368, -7.0439807664002, 27.91357811330629;
  -5.19036189992065, -1.439382942562391, 24.52794585862982;
  -5.622014342595745, -2.794095740934059, 26.46009686068278;
  -1.525695767274264, 0.4451580031454346, 7.887432551917678;
  -5.671335155035171, -4.856495318903588, 27.06225077697133;
  -5.399862307186447, -3.3661922894631, 25.99717296683964;
  -5.62972858285462, -5.588336770691055, 27.47902105256055;
  -5.49997583465314, -4.927920541504794, 26.98860014248989;
  -5.712936051398103, -5.999573099875693, 27.98189987059643;
  -1.477004048753299, 0.4369399924920025, 7.948741546877935;
  -5.320239337429288, -2.605350758344403, 26.40376261589348;
  -5.311168326441112, -4.591088339707512, 26.47891773673893;
  -1.887287534390033, 0.3151942653025696, 10.14768727551071;
  -5.605136518299268, -7.104823915560409, 28.28715972720765;
  -1.451713646334039, 0.4035528448712131, 8.057864227567553;
  -5.701665988860829, -6.737522474864905, 28.8931313629638;
  -5.159729267530449, -2.868406553140491, 26.33247781395404;
  -4.941753355559338, -0.2712034997408915, 25.3488944624769;
  -5.406529043027573, -1.874795257043799, 28.01538689545352;
  -1.755249183773283, 0.3990144871899327, 9.73012560852348;
  -5.178917174186054, -0.9459870632645195, 26.97248928373152;
  -1.840945950668916, 0.3488889154691827, 10.18194990973981;
  -5.362595801462729, -2.386677028385579, 28.5407842966561;
  -4.811751128934457, -2.030938928345079, 25.92729862044765;
  -4.905650772827508, -4.828457462213054, 27.03798873845452;
  -4.694392522102502, -1.898196470153675, 26.08697439990844;
  -4.668389755800967, -1.52631820869801, 26.67789752111139;
  -4.349393162523219, -0.8707087462719619, 25.17862897645382;
  -4.578638956411213, -4.599177743982133, 26.59287642103578;
  -4.307366200248647, -1.58995175262491, 25.1806618956331;
  -4.091947485199606, -2.241477804697079, 24.40007498076976;
  -4.172396396598401, -0.4779079233728738, 25.19104201227562;
  -4.456105786880814, -5.831010409370374, 26.90866852733532;
  -1.374669696313347, 0.6473764512179555, 9.004443489427867;
  -1.404563770469489, 1.141868965576063, 9.216524246047236;
  -1.413241950669856, 0.9330191677266265, 9.287414050510623;
  -4.745579742865263, -1.237929505662228, 29.52358446535812;
  -4.469819234679828, -6.272369218861005, 27.97722647859435;
  -4.170925466552938, -0.7907457753452389, 26.76065343089711;
  -4.130580003064464, -2.303215355805221, 26.71960818410559;
  -3.853526485179326, -3.234784641851481, 25.15079060772071;
  -3.756056571327623, -1.37682316763419, 24.7317041075515;
  -3.919130812615796, -2.654880242212181, 26.00616876762458;
  -4.224976122718505, -5.80006737353437, 28.17087744084223;
  -3.678460130343632, -1.708003970025944, 25.2587730728004;
  -3.729117181877518, -0.2938606949580147, 25.72231001800571;
  -3.662943169538508, -2.654441741940227, 25.67556843537225;
  -3.572501794319171, -2.836400126180749, 25.30059289821299;
  -3.692061125151429, -3.338130662853548, 26.16777193348889;
  -4.090625751677654, -4.760604224825973, 28.94219964129562;
  -3.901043334564277, -1.787853524586973, 28.012758751941;
  -3.542016887149874, -1.409167243307368, 25.55015770747696;
  -3.472638676698492, -4.996297222224303, 26.48837455251802;
