m=[-293.0738933027537, 45.98590769827727, 355.1693050269274;
  -121.1832161532498, -30.43577220691108, 146.6217876876773;
  -8.255133244288366, -1.838955624535344, 11.19111866265975;
  -7.962117322449428, -2.22292348849834, 14.62305308075895;
  -8.133362639666952, -0.1845491724195787, 15.45892773500887;
  -8.103232740770544, -2.286651728127989, 15.64434566569086;
  -7.827364802516717, -2.189869965616684, 15.37691472272818;
  -8.08374090188045, -1.869560603271619, 17.87612240834735;
  -7.972960748568596, -2.047962206953186, 17.64035944213869;
  -8.011047456873506, -0.4137294359534703, 17.77243183312372;
  -8.086846328436623, -0.6275114998115412, 17.9323929806847;
  -7.893933472052599, -0.316524740291538, 17.80234779149283;
  -7.927214809202545, -2.001614686969082, 18.11082632741714;
  -7.995324137153835, -5.042237630608216, 21.03565032266022;
  -7.819983980186105, -1.144959409307353, 20.76637656199424;
  -7.979993256474945, -4.923828410996952, 21.3627984166342;
  -7.642957801982124, -2.277106427503056, 21.02254163909669;
  -7.863878883703499, -2.317219789418766, 21.98971684745681;
  -5.255156221444501, 1.29018594685185, 16.16075251057364;
  -7.994958131197572, -5.19818639141802, 24.10483227935272;
  -5.090383939533903, 1.317070439266102, 15.78568302379448;
  -7.802532940169574, -1.894910807107214, 23.70915039750699;
  -7.856254847904178, -2.131534899288815, 23.87201974272463;
  -7.72758865222107, -4.882431076037128, 23.67230910564442;
  -4.925832222350778, 1.314442684652787, 15.62350206283342;
  -7.932071075138765, -2.406657138910799, 24.52078122375534;
  -8.191816990368217, -5.483229756176615, 25.39273453270788;
  -7.771738496167096, -4.921674581223931, 24.21797730339329;
  -7.519390197997658, -0.5359369879364112, 23.53575556590674;
  -8.629595652023333, -2.516026063229023, 26.87835729685902;
  -7.716153462875764, -1.066395881326568, 24.1503201825302;
  -7.794107267492973, -5.043912426507218, 24.52946761703814;
  -7.982383514408744, -2.429489202780106, 25.19222908493795;
  -4.404340237172703, 1.881904771220975, 15.46797493008979;
  -8.12042433657242, -2.957064935878766, 29.19438524183586;
  -12.65129415416212, -6.014135256465631, 44.9731541706786;
  -8.207630820049477, -2.357944833066942, 29.5960464412842;
  -8.972437664684588, -1.722002951235773, 32.53558010111175;
  -8.644221553115152, -1.430136998303616, 31.54707038108694;
  -8.667505826760914, -2.159569079761541, 31.92298354077983;
  -10.79054163824642, -9.148079685949734, 39.61156525540009;
  -13.46382948046633, -5.658445670746963, 49.47798925772742;
  -9.00647680596129, -1.914185695608926, 34.03565542808659;
  -13.1732303717557, -5.169589658667833, 49.5162711877827;
  -12.91271357089694, -5.627734183096802, 50.13304232207402;
  -12.06190875698642, -4.196460945766352, 48.23284705885367;
  -11.32510467249218, -3.13239912940337, 46.24628991561094;
  -3.757785585956765, 1.688296440847614, 16.06226368901157;
  -10.84827187218801, -3.438262535499047, 45.17349132274815;
  -8.317807718728373, -1.125506611068389, 35.25267097733872;
  -11.22374169300298, -2.818557822414381, 47.42996535460679;
  -3.517007515523769, 1.429943086471531, 15.72672072552205;
  -9.267848649328688, -1.902871668349446, 39.91814229302843;
  -10.59059116043589, -2.929563232635902, 45.64649351554575;
  -11.34447697804312, -5.348181613438182, 49.03034198641134;
  -8.901028584029708, -1.927026653365409, 38.96645740463208;
  -9.519808868428157, -2.25786924397399, 41.72203130873766;
  -10.86399400489032, -2.817859972956972, 47.63965907300125;
  -9.48126398040281, -3.293354823230062, 42.20978127324945;
  -10.28627066961603, -2.997306668915338, 46.19601023968036;
  -9.197978775532995, -2.01177853675335, 41.69203510576805;
  -3.324853287049178, 1.322097082809255, 15.72295570684825;
  -9.840341080211886, -2.861745745814099, 44.78675561381651;
  -10.28014808326635, -3.788268467982153, 46.81170386379144;
  -10.17507463835249, -3.260562224465111, 46.40923923944268;
  -3.306522369704393, 1.537496701181814, 15.87795124167619;
  -9.53433017837906, -2.931915505902508, 44.20116288837869;
  -10.04902129995732, -3.329972707321606, 47.27185401241334;
  -10.62311480010504, -5.279602293707876, 49.99785298362481;
  -3.254445874606425, 1.265496772748988, 16.04137174494745;
  -3.223827213726029, 1.833094324265935, 15.99548271230288;
  -3.349080437080017, 0.9771738191340057, 17.31383584134114;
  -9.947364691128437, -4.871279748493884, 49.36767677169688;
  -9.617255292130377, -5.346442937765832, 49.08128866465972;
  -3.250330567233809, 0.8092418636152515, 17.44482683877199;
  -9.389093875429582, -3.255809508374926, 48.65211958069775;
  -9.449020233606493, -1.725969078260317, 49.21175381275897;
  -3.094956298742432, 0.8603476465648646, 17.17882704243942;
  -11.37189839931289, -5.061177400573746, 60.52346872194779;
  -3.648300828172536, 0.8293551123826645, 20.22415144468979;
  -3.806558310573945, 0.7214041238765261, 21.05340791384165;
  -8.704654541206237, -3.674051564974928, 46.90354335255648;
  -8.442206654636991, -3.413640166792574, 46.91376527236276;
  -8.867658638680178, -1.863883205487979, 49.22316627921125;
  -2.978323482487231, 0.8934167855697635, 17.53750411036423;
  -2.803683662861392, 0.7037359244346284, 16.64797004689624;
  -8.692690621682573, -2.842053185890463, 49.67509606493547;
  -7.954938613274831, -1.592505981366997, 46.05112492472764;
  -7.411257500932323, -2.735672172958418, 43.32586566279846;
  -9.753677698465484, -2.41979411182566, 57.79011047300937;
  -6.244442980439903, -1.941365711702637, 37.62576430226056;
  -3.160853216376728, 1.191398674340276, 19.69019368673635;
  -7.720093331626859, -1.232442691114626, 47.11777957814335;
  -8.610952280070233, -2.246248609640323, 53.57115268161655;
  -2.867709986471436, 1.350497446145052, 18.78424510738907;
  -2.852390326837263, 2.318909301523656, 18.71693201776011;
  -2.964978910114566, 1.957472429778119, 19.48497691864692;
  -7.912122798210307, -4.803807452555152, 50.51359623557118;
  -7.403876353455868, -1.403665444185523, 47.50326293981787;
  -7.453291091631156, -4.155962233099309, 48.213330210944;
  -6.729967578132571, -2.466942417676291, 44.31338123774805;
  -7.309354251926157, -4.951470393461124, 48.50266789923067;
  -6.225743403222626, -0.373427091399946, 41.58758338136254;
  -6.871882056386503, -2.16387650247502, 46.3349328179013;
  -7.503983850675681, -1.86552216144307, 53.09131750735303;
  -6.984019381514603, -3.200785686329545, 50.15110914554882;
  -6.388168815602302, -2.541489362267822, 46.08072911587979;
  -6.415762975764312, -2.863404306553709, 47.35871183118379;
  -5.975631206822596, -5.476997348290087, 47.33110513669114;
  -3.641708728448444, 2.39545105737038, 37.63954327715495;
  -5.132173477116808, -8.84900971696092, 53.51820683231033;
  -3.29599752621575, 2.00166926736786, 36.22411527737233;
  -4.979840522370338, -6.987899426854092, 54.25241214526979;
  -4.101224730682836, 2.276335549141181, 45.67569743653878;
  -7.123272228094368, -12.31219331890105, 79.80635045293856;
  -6.734263926993394, -8.13347061808356, 75.654020926241;
  -11.38860603994546, -19.91043462000597, 132.7109380108686;
  -9.782076382351068, -14.25120430810126, 117.1164416843296;
  -5.829950312371984, -5.195474308063679, 70.48046697999533;
  -7.307973517872038, -14.50018512162927, 88.28396277143948;
  -8.47116425035312, -13.24641494324274, 102.4274993937383;
  -6.798683736113599, -6.775556931336643, 86.7871353554951;
  -2.860950052761422, 2.087482801950273, 39.04549149003294;
  -3.27717334370585, 2.646455105929652, 44.70745066025982;
  -6.282015507983434, -6.614630716545574, 85.34898606502379;
  -5.119763737779765, -0.5160933906870947, 70.9216650287125;
  -8.493113893206715, -14.07392478076023, 116.8482086584952;
  -7.688854169763586, -10.23036161950376, 107.6732588097432;
  -2.760280169280475, 1.492090440076807, 39.74324341055149;
  -3.006334565239973, 1.380408892442832, 43.56212487439374;
  -2.954795681581217, 2.42181614886131, 43.33994595882962;
  -7.204330847562453, -16.10111456647738, 104.1889038628494;
