m=[-8.057808744481248, -0.5428613497545398, 11.39307223021434;
  -8.067548468166143, -2.041279834624493, 11.47182292219573;
  -7.954697038286682, -0.7600892423361203, 11.8142089683657;
  -7.593474761608436, -0.3599051980970313, 11.49830095237507;
  -7.478731705544851, -0.07797803795338727, 11.52374247119253;
  -6.876375486680747, -0.5487865434788388, 10.97089827565368;
  -6.706106776572458, -0.02228277866997382, 10.76337602625477;
  -7.280619459802662, -0.9912456131926962, 11.62835799105142;
  -6.990030385620019, -0.3181565890159064, 11.23940617104304;
  -6.700961172746413, -0.5227616334274514, 11.01260957310614;
  -6.941752156895328, -0.3557318510772337, 11.47465834769015;
  -7.037251506038315, -0.7700865726294978, 11.74248411883454;
  -6.691957944017114, -0.4662051749129745, 11.23747694529531;
  -6.699203172445784, -0.2179127571049165, 11.65978196677719;
  -6.296182007488884, -0.5316275129478265, 11.08883032125534;
  -6.673773243790557, -0.2353397838148035, 11.72469254776289;
  -5.366983029242053, 0.02842751717696094, 10.47899723396873;
  -5.980558831611761, -2.040873415091957, 11.72935173114543;
  -5.842962162314421, -2.007130450268555, 11.65981834097074;
  -5.72319793734745, -0.7142874015799795, 11.48536634521659;
  -5.905805342000794, -1.616802365777931, 11.83706677508366;
  -5.818251246563681, -1.623106036964748, 11.83994489364402;
  -5.623917876167086, 0.03527187636301013, 11.51537423736462;
  -5.253129749235306, -0.1987483910473329, 10.88816740107166;
  -5.22682693915425, -0.1643573530328439, 10.92113585024994;
  -4.630472492017913, -0.61095068778347, 9.822535868203403;
  -4.627146873504851, -0.6968958954513241, 9.815685487175518;
  -5.68844645206674, -1.613070718570339, 11.84343909334364;
  -4.627346726784951, -0.593509202153868, 9.924891386596508;
  -4.907442498824693, -0.2879693804838538, 10.47428238853992;
  -4.674633524306243, -0.4885164813816299, 10.07372592865676;
  -5.530649375493397, -1.617068914078416, 11.7727621030298;
  -4.810104160736418, 0.2871341112460048, 10.39532041978612;
  -5.482847122468329, -2.020843732129983, 11.70711043510367;
  -4.643687132799521, -0.796184189584634, 10.08466451362134;
  -4.621402501647649, -0.3498386989659774, 10.10596535738828;
  -5.428925393656459, -2.067708202060636, 11.73406896388528;
  -5.418074605867987, -1.611815695302475, 11.73931090747235;
  -4.678683913633721, -0.300026471693122, 10.28548647310596;
  -4.605404706827562, -0.1718875828542539, 10.22189722001066;
  -4.644613778248596, -0.8183459582817774, 10.2975980816261;
  -4.635062148690793, -0.01492995332769853, 10.30645841986422;
  -4.628895828662724, 0.1004764146283482, 10.31651990554813;
  -4.633275264262185, 0.2699160160267, 10.33558918014376;
  -4.535247410828978, -0.4026631780642306, 10.20892356768417;
  -4.588742936672149, 0.02298262641665498, 10.33586289932192;
  -4.510961839515423, 0.095375416903173, 10.502363803856;
  -4.851198838814791, -0.7877816656509705, 11.25129899997007;
  -4.812673268361293, -0.7916029295505698, 11.23615017222016;
  -4.477365093359723, -0.1876288839302686, 10.60304222580911;
  -4.544535542094065, -0.03481785870564801, 10.77522897051896;
  -4.344854297314016, -0.3869815970582635, 10.36603658886368;
  -4.489768165145479, -0.1157414602672417, 10.71718604523389;
  -4.430472846963947, 0.09158383936953669, 10.79360052779351;
  -2.032638421390285, 0.6439911117597077, 5.542057922486491;
  -4.51212996364985, -0.5061379385031727, 11.14825657773492;
  -4.548779991783913, -0.7374187860735207, 11.3015268830103;
  -4.51429117270694, -2.407289022692256, 11.54960021895785;
  -4.476423300200825, 0.5065618936666223, 11.75554328898999;
  -4.509448947741167, 0.1584790716494923, 12.05288492693864;
  -4.479957060975425, 0.5167218274060563, 12.04361597648182;
  -4.572412214809934, -1.937952194078872, 12.47070046355104;
  -4.252568820413437, -2.197908249769199, 11.69893059358843;
  -4.644614026107282, -2.022399197860973, 12.93527436768534;
  -4.609576690353958, -1.611040265074559, 13.01953070313469;
  -4.454372138167579, -0.8435609671506633, 12.77836876129483;
  -1.723515987416778, 0.6224935289146601, 5.551351967476448;
  -4.58076965030606, -1.928895111668447, 13.20960229107536;
  -4.536732623611055, 0.2700280219058183, 13.2648013331747;
  -4.537556550784902, -1.505001684815692, 13.27032689599482;
  -4.479104993826776, -1.971294451910996, 13.47392063633244;
  -4.004205371306561, 0.3305059060625344, 12.22277512167862;
  -4.537873110830943, -0.8757305690910373, 13.74454670709479;
  -3.118306664068971, 0.6002227929154775, 9.957147701327742;
  -4.605775897368556, -1.26711556379959, 14.25051839960075;
  -3.64412573976073, 0.3332435178143025, 11.5293712727992;
  -4.830517952786695, -2.913308323167683, 15.03172332989023;
  -4.815776192484051, -3.079570122994825, 15.01510749778946;
  -3.530055030630404, 0.2661002904481696, 11.32694919602283;
  -4.524306658833513, -1.966814902948051, 14.53061406368492;
  -4.826824056576187, -3.104004416875364, 15.64382464198235;
  -4.850733561769825, -3.434353712734244, 15.84231413992548;
  -4.680042946507479, -1.85790102190917, 15.38008214643282;
  -1.685971301397296, 0.6324013942775881, 6.174447226783922;
  -4.801945198856837, -2.96432915905323, 15.75815659050254;
  -3.518696635290472, 0.2577703561730076, 11.88397462441973;
  -4.706730451876179, -1.842553877134598, 15.65605131979078;
  -4.581744453012882, -2.001143788505625, 15.28347526907148;
  -4.541157005226081, -0.876541514440436, 15.21049596507128;
  -4.643697246898212, -3.134720949752457, 15.57859837438094;
  -4.727631184175156, -2.958941773159848, 15.8891101855254;
  -4.398362750223922, -2.24432838180421, 15.00804965219221;
  -3.227172024428668, 0.3154289019738323, 11.38487573957736;
  -4.867067128136328, -3.130793391973535, 16.72939222043775;
  -4.656454963001211, -0.4033201950326898, 16.19027783527587;
  -4.693869728769991, -0.745887662465449, 16.38207012052765;
  -4.56606230484537, -1.991041831251573, 15.92948833968605;
  -3.151394587179012, 0.2024258260589825, 11.34713487776705;
  -3.091260341272311, 0.1379339003358192, 11.27278481422147;
  -4.919227573425169, -3.209059069873432, 17.38522830714673;
  -4.738695650149469, -2.971379531681894, 16.99092767385389;
  -4.782755041373066, -3.183204468505268, 17.1515034466544;
  -4.620918236473435, -0.8084277795929286, 16.67456154338706;
  -8.418224020839116, -6.58816911278605, 29.48624411492255;
  -4.574570149351319, -0.6137622137590124, 16.61172673203698;
  -4.765547619228775, -1.755585496815729, 17.43304641956713;
  -4.59694714019407, -0.2243265606600413, 16.91553933762943;
  -4.581528554753644, -1.599647304493445, 16.94619175779353;
  -4.642009618199074, -0.5188985889261383, 17.19463691296802;
  -4.692407465383689, -2.848198049970406, 17.35712369550966;
  -4.633036886759964, -1.090994399243822, 17.26244155573791;
  -4.614334175489476, -1.446679463947995, 17.18739508364643;
  -4.834496600221836, -3.143511889487434, 17.91779522838948;
  -4.688245439313992, -1.672833273057319, 17.53516017070254;
  -4.62646361688412, -1.556821422820377, 17.68409906594317;
  -4.702806468620033, -0.7147160921541083, 18.02852283926766;
  -4.555754020452647, -0.2134093873610787, 17.59770102688446;
  -4.766092521293355, -3.037433294326585, 18.30128218800505;
  -4.577627873892872, -1.053491944058576, 17.67667203579374;
  -4.625912497216767, -0.7635472970763638, 17.94739184875953;
  -4.55431345293358, -0.09608359551395881, 17.80271399769982;
  -2.807573839168202, 0.2572503707779424, 11.48113021755744;
  -4.625340278082358, -2.13471995688793, 18.25125078758157;
  -4.045610689528136, -2.27162362947337, 16.2393036511065;
  -4.721650571854654, -1.053129646215591, 19.15113878673056;
  -4.69917907654539, -0.9392694701943818, 19.15091533770412;
  -7.314511477662279, -7.122189866463645, 29.99503931195272;
  -4.071668527665023, -0.8792374858055732, 17.43302073039618;
  -7.059819957528526, -6.741635007373688, 29.67714147280944;
  -5.639964809159912, -5.112618723839362, 24.17340322855647;
