m=[-3.352235063992008, -0.340583876349242, 5.86245095846783;
  -3.088820298322311, -1.054063910804053, 6.057938853777648;
  -2.731646353590093, -0.1033498778067257, 5.661886189417939;
  -3.010273495806847, -0.8397700403269434, 6.125804953197997;
  -2.539318434500296, -0.1490075444815521, 5.41983698509991;
  -2.417085715975004, -0.1549986518710135, 5.313652919265112;
  -2.866593597628745, -0.8381437840846885, 6.10194611513243;
  -2.800277213694589, -1.066538171544121, 6.052513814590858;
  -2.807153922216868, -0.8350964281774035, 6.082244165177003;
  -2.757062014684404, -1.088908555911168, 6.050654049375;
  -2.361586592149314, -0.0361911481355861, 6.220241505539433;
  -2.28443254039709, 0.2634882747297651, 6.1413151658045;
  -2.373768161027859, -1.006088034013734, 6.474165126716017;
  -2.342334984625579, -0.8186426277322312, 6.615814053636565;
  -2.30802901206118, -0.437090374408424, 6.621100553133712;
  -2.315469388470478, -1.02349702124755, 6.988734627220433;
  -2.361441675829065, -0.4557171635569169, 7.152457685968547;
  -1.864862156728583, 0.1384211693750783, 5.883106121254018;
  -1.84105547446874, 0.1387812349202489, 5.907426837661244;
  -2.367935705265591, -1.02939336025024, 7.605045912096741;
  -2.487201264863844, -1.599454138229268, 8.061064580101194;
  -2.400838539966721, -0.9530938984591565, 7.889904940416341;
  -2.461947259772384, -1.51980535969712, 8.079173924410398;
  -1.667365649668801, 0.1629709578797635, 5.882162645878676;
  -2.402430949838014, -1.503639564440359, 8.074337567377885;
  -2.35326507878107, -1.026146578618644, 8.209767219526126;
  -2.319950921956336, -0.3112638274601808, 8.424483500977836;
  -4.227488571597324, -3.308466199415459, 14.80748905072958;
  -2.311724759637915, -0.5443683758628584, 8.613359774933576;
  -2.320630590266197, -0.6925058821067561, 8.638339968264944;
  -2.407346133249542, -1.461211246658967, 8.904726394919445;
  -2.278005808497502, -0.4689456882845562, 8.620370800468367;
  -2.331048847142347, -1.058556210480375, 8.860515564222126;
  -1.969241541950106, -1.10573556432742, 7.90464377723672;
  -2.329562747503567, -1.075156375301388, 9.192282377918943;
  -2.351577499257136, -0.5245021718895311, 9.5380601276338;
  -2.315907272780435, -0.1908756283491873, 9.807437761414837;
  -2.318908042230272, -0.09774205185762473, 9.84143897291861;
  -1.801048900608155, -0.8087426030608089, 8.12681692529476;
  -1.519276199471858, -0.9155316003073661, 7.128520962214193;
  -1.182488149893173, -0.004518738132240617, 6.019057825537375;
  -1.04035832524554, 0.09121993952543839, 5.840818072594125;
  -1.175961280763068, -0.8151087379654519, 7.27471124043167;
  -1.057038648274594, 0.05173710762322281, 6.71574103122328;
  -1.220009278244568, -1.457988323772314, 7.657625486317102;
  -1.11400192060932, -0.8390019872402343, 7.21203846137393;
  -1.157157907274213, -1.205242800882449, 7.308006595177255;
  -1.0137911690005, 0.05983557093629925, 6.732321353600931;
  -1.122031305385163, -0.8860285103443742, 7.285064047198389;
  -1.588228492547803, -0.4949226837030006, 10.57896256797343;
  -1.003035623161767, -1.03892922395716, 7.290661989861747;
  -0.994078889256895, -0.8912896478620628, 7.288024318471874;
  -1.431591423417516, -0.3129509345586826, 10.16780944431759;
  -1.018221413949005, -0.0331084317662684, 7.58738754561476;
  -1.007167897536156, -0.8156745601455023, 7.530238379467511;
  -0.9621441105706765, -1.074603211076588, 7.490894283142101;
  -0.9528784980575684, -1.411555002890623, 7.533368155815918;
  -2.070735482424775, -0.5293799558271467, 18.06483714667599;
  -0.8103583762287429, -1.393113767744577, 7.614523021407194;
  -1.998454956780986, -0.5344461532314704, 18.52277320301845;
  -1.816896324320427, -0.3541499906072036, 19.24642602401308;
  -1.624712072043605, -0.6945012119987251, 17.7075971006415;
  -1.944609350955781, -0.5194178904428858, 21.70868562046015;
  -1.575948617311137, -0.8350624501358841, 18.23250392201768;
  -1.602616433974569, -0.5737356464005051, 21.05701776717629;
  -1.333711674325699, -0.8824251437696272, 18.04882080683447;
  -1.174819692847753, -0.831718022934239, 16.64659622040029;
  -1.382691335368465, -0.7521456078631018, 19.48201203992421;
  -0.8078113145714321, 0.08688640021340087, 12.02144106420184;
  -1.039814376525617, -0.1150478031210086, 15.49331550657055;
  -1.218990295174591, -0.6935176826016524, 19.10166762965045;
  -1.198700680121793, -0.2813740960890395, 18.90498931714787;
  -0.9498208516131185, -0.06059196632080797, 15.23431482450964;
  -1.453618994459798, -0.5424931276326398, 23.41880691627798;
  -0.8176315036210868, -0.05267378493304658, 14.30290980791573;
  -1.207231718477758, -0.7482566262025184, 20.95782285960727;
  -0.654153430348133, 0.1136847132923459, 13.02650303374136;
  -1.135908047072459, -0.667441151084068, 22.56522629377886;
  -1.132664402550319, -0.7647181348207075, 23.73215393708729;
  -1.1122087783894, -0.04759059701566042, 24.98593747262679;
  -0.8104636336464622, -1.305851877553503, 19.91165321931118;
  -1.032609979165727, -0.4860760281577103, 26.2984752141069;
  -0.7140407101678032, -1.786331082291906, 17.99403826056639;
  -0.6556153095395767, -1.731488543287397, 18.5970104017984;
  -0.7444195402131423, -0.5594328921100782, 32.84364265193453;
  -0.8204075282140675, -0.786056302438973, 36.02187622371424;
  -0.85061583468262, -1.238585991075713, 39.38069076650798;
  -0.3551428063914883, -1.596967354761164, 17.09161053386363;
  -0.4176964630614145, -0.1391959371214377, 22.0632950526187;
  -0.2618851028885528, -0.3786444456852223, 16.75319439049309;
  -0.5732664917965054, -0.3652041979609366, 42.62300259011187;
  -0.2267810086805449, -0.2449335185160162, 18.48522462720545;
  -0.1605356673079407, -0.2412850313369389, 13.67411239204189;
  -0.1024979751230931, -0.1635630249465688, 15.30612646167513;
  -0.5752030412586944, -2.719543447391882, 86.07682127395022;
  -0.02427243932936325, -1.713276086015095, 36.44033228421247;
  0.01662841281212817, -0.5129473649808878, 27.05789898158398;
  3.17328517723975, -18.31547468310112, 467.1531203880837;
  0.5325772656023112, -1.927540816029636, 46.40047170460192;
  0.04993471144385159, -0.1299600258827399, 3.452996979565505;
  2.661062184404669, -3.209421210589677, 139.5489137920828;
  1.942030687191941, -2.03199779989846, 68.39275751027415;
  0.9314260009224379, -0.6498551413576077, 27.59417149957178;
  1.588967521513212, -1.538400493711492, 47.62901847934958;
  0.4190789287215348, -1.401587295750816, 12.78738155062047;
  1.161098458590674, -1.561125288621655, 31.91547841641336;
  0.4706990373483524, -1.26522186761248, 13.3939180483353;
  0.4792732446864859, -1.285908827039698, 13.02480295131139;
  0.4807507825159135, -1.422841079638355, 12.89412010424465;
  0.8435856840864058, -1.507471374528636, 21.4804628465873;
  0.4867931229701093, -1.457430258619953, 12.90201806530224;
  0.5375689672223558, -1.185830480864993, 13.026737023471;
  1.969594542276122, -1.249840858150641, 42.48726430731225;
  1.193380837977571, -1.433911112078154, 24.66084560885609;
  0.6139186269675933, -1.16558735247823, 13.37580470988165;
  0.6900962318574713, -1.110871673604401, 13.532190507402;
  0.6228117639967521, -1.078274790660672, 12.28491951394966;
  0.684193519242432, -1.622865672619029, 12.79637959621014;
  1.618051258752927, -0.5843227778423203, 23.84650501795773;
  0.8487862856146349, -1.603437452377126, 13.07313983370329;
  0.7357027375586862, -0.9827676027260621, 9.581403325433977;
  2.067935498204241, -2.730642409935343, 17.73810049386777;
  1.05186246536346, -0.8349758042732547, 9.506582080136564;
  1.078539044471957, -0.8131518530965478, 9.288942196543669;
  1.969008674707863, -2.566426157207561, 13.31967868080268;
  1.748460564438305, -0.6460929880413373, 11.71883363304001;
  1.748514629680503, -0.8789670799457034, 11.59316050865418;
  1.766728311957843, -0.6462185644169713, 10.94972100010811;
  1.903105843601183, -1.883775685785319, 11.49898427546013;
  0.9342349597631436, 0.03743467852320408, 5.897462867310466;
