m=[-18.7858925352307, -2.546908535227034, 23.33830211092763;
  -13.17928413044507, -3.258146238608751, 16.88030148155301;
  -13.26492104293023, -3.345846456253348, 17.00355682669047;
  -12.12171172345263, -0.04670164707436075, 15.72687863182134;
  -12.01981906501122, 0.02204301484245019, 15.62638928021391;
  -12.09764059828622, -2.952187028201347, 16.80158616501965;
  -11.95049550115274, -3.050101496210575, 16.87895700271378;
  -11.82427268436218, -0.7966111920557665, 16.71853937398975;
  -12.052344732838, -0.752360305796682, 17.12081777660477;
  -11.95909815282723, -3.025933590109607, 17.00549514635611;
  -11.40652502346699, -0.2030015999444571, 16.35952407400776;
  -11.88535804593121, -0.3306026710315395, 17.06698391006165;
  -11.62880806022009, -0.1071344626099581, 16.82766631778775;
  -11.67355915740285, -1.11543490501397, 17.33741293054208;
  -11.05204848773799, -0.5687945002314345, 16.58284297499069;
  -11.10708602723408, -0.5264385702739474, 16.81873211599449;
  -10.96546747685539, -0.8600724751328679, 16.71326179210602;
  -10.52625161785176, -0.7429844083615934, 16.25171492378942;
  -11.16137333455832, -0.1163756139090841, 17.19820913443438;
  -11.15773347682872, -0.4519606088684329, 17.1969298769119;
  -10.64650674978171, -0.8654401381743184, 16.55821443011915;
  -10.66845536327153, -0.4979544470572079, 16.7900123973708;
  -9.998042392428065, -0.7979190689518314, 15.95135493334556;
  -10.70390798866995, -1.457321302997331, 17.09591809910402;
  -10.3937562996613, -0.4730797820515498, 16.71232344498152;
  -10.03019706903917, -0.9260122497423112, 16.20045526013307;
  -10.04355394285795, -0.771468015656426, 16.29963026363725;
  -9.836091022356639, -0.7673423075932865, 16.16499892512469;
  -10.10621962631768, -0.7107102427826942, 16.59376402089589;
  -10.14374542696431, -0.519818808858786, 16.76752648461271;
  -10.28438754882832, -1.125420734540329, 17.16071357694612;
  -9.864972186721884, -0.687257917981103, 16.5657642265038;
  -9.677690322807063, -0.7833390808805338, 16.44895103436208;
  -10.036234915499, -0.6183969448989742, 17.04786461223496;
  -9.686297378826831, -0.4363597525762535, 16.4925113063135;
  -9.627009024502749, -0.6688295954475492, 16.42384520221783;
  -9.528742854111357, -0.3502917749831898, 16.41120003426993;
  -9.557635664686616, -0.6886342644665414, 16.48059345611731;
  -9.530598113633634, -0.7839181097680106, 16.54219353890434;
  -9.246446509962127, -0.7807374939049447, 16.28483361846567;
  -9.272756240842604, -0.5272116637610679, 16.39454546419769;
  -9.41546785599963, -0.2228713145808303, 16.78114782071616;
  -9.562255861429179, -0.5035183146404836, 17.11948824472637;
  -2.557966340096175, 1.000835825364616, 5.471962452184722;
  -2.943047628677125, 1.0114583323104, 6.176686033062694;
  -9.017484719116327, -2.803601876864796, 17.40095079635425;
  -9.041510006617116, -3.128103838909663, 17.50976172702747;
  -8.017706597855327, 0.04246771245381666, 15.65451666307284;
  -8.747798309963432, -2.985197456301804, 17.15659123831883;
  -3.22342701575991, 0.8538269294758165, 7.02917035831302;
  -8.596367148683592, -2.952959438466861, 17.15432627519138;
  -8.207921041266348, 0.08020977405465236, 16.44783493910778;
  -7.959007677389474, -0.6729801944527986, 15.98788075018642;
  -8.272895793057128, -1.032504083250961, 16.60212349096215;
  -7.874582808888785, -0.2205135756954812, 15.97502025653255;
  -8.337690142872685, -0.07365681734279961, 16.89974963197057;
  -3.151840896023016, 0.6322136073878125, 7.003372899703977;
  -8.547451203759831, -0.1489255693518269, 17.35673140850842;
  -8.413996050605846, 0.05277058359502398, 17.22825892693665;
  -7.535850163307352, -0.7754100234366036, 15.6175936931609;
  -7.758315273201711, -0.2935302860187776, 16.08066799743676;
  -8.337797078612129, -2.726160467929828, 17.27724686050805;
  -3.166980939912126, 0.9932324010290818, 7.186058418487042;
  -8.398731642544972, -2.381625317189593, 17.48629744658662;
  -6.797624334318419, -0.89688757886037, 14.41967508877637;
  -6.827987399381903, -1.028365107679917, 14.48438501195979;
  -7.794238218524495, -0.02455381324625973, 16.54774289091127;
  -6.838274267175204, -1.079394338733847, 14.64853498594516;
  -7.290401586210394, -0.4278017376183849, 15.56039117281868;
  -8.115403258098798, -2.37280750286426, 17.27477289576448;
  -6.947261445384093, -0.3808646640616998, 14.93843293621736;
  -6.73009180736039, -0.6356559738701754, 14.50551278063939;
  -8.067250823914403, -2.973391907321419, 17.22539297443133;
  -7.169918307829848, -0.5146276651536978, 15.42249703721388;
  -7.1283385045904, 0.4255186733550651, 15.40535513155529;
  -6.845507722289799, -1.173697723877635, 14.86634366839399;
  -6.986050358703521, 0.1612854688474949, 15.18483923681214;
  -7.59854572683943, -2.894048855686468, 16.42348220297017;
  -6.760456793557981, -0.5117644282727634, 14.78359483543341;
  -8.0008755263925, -2.380169652081586, 17.33545072166113;
  -6.778239510886786, -0.7101631894281489, 14.85274475822167;
  -6.812502038894915, -0.4368602341730782, 14.97641192748162;
  -7.096652819678917, 0.07777140339272144, 15.61039479319635;
  -6.821966695975706, -1.201979139649748, 15.12501889616462;
  -6.800123472011216, -0.2538011013411355, 15.09317153196789;
  -6.685008307239992, -1.104271255529576, 14.88641329413145;
  -6.832425287821472, 0.1483069875726041, 15.22757350651896;
  -6.837996749256543, 0.3983542386093832, 15.25372898964348;
  -6.858588254279526, -0.3002607941353574, 15.35705827190345;
  -2.972419093056553, 0.5568071816121253, 7.201545026881281;
  -2.924587758678362, 0.6092939187594875, 7.125798953138926;
  -6.702846095496796, -0.5951140183540334, 15.08822722912248;
  -2.924227433029195, 0.5153548828247192, 7.14427797796276;
  -6.753704123574031, -0.2557026657658603, 15.25045447340034;
  -7.311292330402782, -1.089962465046046, 16.44396711560957;
  -7.219456957594102, -1.179949173259311, 16.38215678015393;
  -6.710385952944025, -0.03344852786446861, 15.36998026705495;
  -6.592671264505954, -0.4485589815376384, 15.23168147460789;
  -2.885608604256107, 0.5623288348256085, 7.210953052416039;
  -6.706989866321085, -0.2474454417542462, 15.49041510497084;
  -6.518877116917287, -0.5084052686345945, 15.12052388554958;
  -2.855869319550657, 0.7170798500006197, 7.16650081571749;
  -6.520888283912497, 0.01374013233043762, 15.14814798587355;
  -2.898067909542896, 0.540576677687575, 7.277104823914192;
  -6.635025952767457, 0.1402845754236191, 15.44758277349463;
  -2.869141848872816, 0.5806365245077962, 7.228336164221715;
  -2.878285732325869, 0.6939217938467112, 7.249431987133635;
  -7.156915279621302, -1.162204813126235, 16.59890604445866;
  -2.839190880771627, 0.5604114264385798, 7.177080104277471;
  -2.571938081049043, 0.9902626518131511, 6.613955861971156;
  -7.160951707705847, -1.177854808356908, 16.7186767680151;
  -2.900731943898802, 0.6108167431776322, 7.399114668267056;
  -6.548418832251296, -0.2744186572646218, 15.50759429773077;
  -2.447964798686926, 0.994865017129962, 6.402728310946604;
  -6.701581084244907, -0.05134401549606208, 15.88964812319713;
  -6.399941545391666, -0.5700213242700143, 15.26910310137012;
  -6.841703092459685, -0.8800077490918206, 16.29872823962166;
  -6.602724973998814, -0.6985151665941797, 15.86972307825062;
  -2.521127813889301, 0.9618032891984972, 6.674011339068787;
  -6.495383019281582, -0.3456226452368924, 15.68504174690414;
  -6.500839187575075, 0.134381099374089, 15.83746559561796;
  -2.788653587607602, 0.6806905463691368, 7.346156113051348;
  -6.947931397807992, -1.028889901396177, 16.92252322864528;
  -6.518309948118993, -1.108087645735894, 16.00535303461678;
  -6.331116280010368, -0.462253028897, 15.68527036267277;
  -6.380272929424744, 0.6010400722181295, 15.80521686632875;
  -6.669642515576522, -0.7481520125932659, 16.47888838407283;
  -6.507091711126624, -1.171208193830188, 16.16609118553225;
  -6.682825194549319, -1.08337638914329, 16.60360112537303;
  -2.914307371593154, 0.5332036006872296, 7.786667513555158;
