m=[-24.4817249644643, -1.210830552333906, 30.67422033144583;
  -36.95883701957927, -5.010716274496956, 45.91511967897481;
  -24.54286047841431, -1.012998618773409, 30.91073124376964;
  -32.77832542832473, -4.68651774870299, 41.16651939155233;
  -6.789755725746701, 1.672773635247735, 9.533836847955621;
  -6.807033363864983, 1.586162817323564, 9.563576221979044;
  -6.768183202296734, 1.505593012610428, 9.573151916003042;
  -6.561433199831728, 1.77026670248737, 9.379644761920901;
  -6.687075369170317, 1.676339874843429, 9.548797588227371;
  -6.665340022718361, 1.715165648970425, 9.533368787150636;
  -13.84452631946422, -2.190879727269716, 19.05367612217677;
  -13.87088625401234, -1.362058249833574, 19.10628756352019;
  -6.55439039169126, 1.502781977261917, 9.551830992708423;
  -6.548896565582482, 1.660043664245583, 9.571063368609204;
  -6.550049470717403, 1.622749762611492, 9.59174052189125;
  -13.91619512975998, -2.261316144305071, 19.29291336231453;
  -6.529943813506983, 1.712114580663926, 9.604550419741102;
  -6.476304472210416, 1.56880971011755, 9.570277317907971;
  -6.464891846269071, 1.785473738373642, 9.552460966855747;
  -5.399094246718282, 1.848373397659736, 8.156568025872426;
  -6.41834226895743, 1.734846173897696, 9.585612393221355;
  -6.410296857437611, 1.642653687755039, 9.588220964895491;
  -5.332935042038695, 1.863223975808639, 8.150793983471706;
  -13.18440536674399, -2.127346533868494, 18.77815997333747;
  -5.573467506083309, 1.721205799721286, 8.518324746613992;
  -6.313729740830962, 1.198544021449457, 9.525868101845409;
  -22.16358972505978, -0.162383394724538, 31.15101724875177;
  -23.2608114454407, -1.567100423710879, 32.888855188181;
  -24.39322036422071, -6.225833725733553, 34.45314193421419;
  -6.244713854978448, 1.307232515485463, 9.59620693054964;
  -23.72595428515105, -1.481078297790362, 33.70362770867038;
  -23.62245150105882, -5.977036776881922, 33.59044964869032;
  -9.783231566178781, -3.59599277856162, 14.40082219788626;
  -23.71291298410451, -0.659597492998302, 34.05096445529041;
  -22.8910722415193, -1.057672274278467, 32.91178150019622;
  -22.88281017095515, -0.2108158942838864, 33.11296325264355;
  -21.1685580106376, 0.257269147563812, 30.9649923173378;
  -23.00621096246451, -2.198295343659119, 34.16851485011465;
  -22.13166396844274, -1.139007737813217, 33.20704833779281;
  -22.68080447168544, -0.9685857977956808, 34.11844303771701;
  -23.09890072513785, -4.450297518827455, 34.79341662712289;
  -21.37586048564386, -1.226699716274165, 32.32517855455217;
  -21.54162197464355, -0.7196466936501874, 32.58923981363996;
  -21.77538431974489, -1.70794439255619, 33.18943761656981;
  -21.15010272961903, 0.1359948835102348, 32.29892915097599;
  -21.71918097484625, -2.60059050903, 33.30235970634915;
  -20.70032561213492, -1.461110729268622, 31.95969495043198;
  -22.24183684329448, -0.2319076102480814, 34.27174686295747;
  -22.3902118213365, -0.9069488699008262, 34.50906077119932;
  -5.297615898255151, 2.034852123823021, 8.927162114682551;
  -21.03854082469925, -0.6897645291123477, 32.62717677590063;
  -20.90555152033794, -1.699384015958339, 32.51382007161705;
  -19.90947152815014, -1.453961355764832, 31.09854413791301;
  -21.5589327173992, -1.006271859879068, 33.92944294873201;
  -20.39319270678661, -0.07172571809570631, 32.4280395334972;
  -21.43567518178865, -1.431486345428121, 34.14417832995761;
  -20.41852338406151, -1.629551919115728, 32.57668860862701;
  -21.24632702398241, -2.892656122910568, 33.93391152962607;
  -5.650037932627522, 0.67457977582695, 9.80397739873138;
  -5.67323441327043, 0.8320340694417824, 9.846685918891694;
  -5.681464075190402, 0.537159099924553, 9.86362021169826;
  -5.671354470001718, 0.5846379582492897, 9.867086977547523;
  -19.82185117395773, -1.830001631404855, 32.01562351231849;
  -19.81294687239992, -1.521877105944743, 32.15432607726019;
  -19.86296935210431, -1.339655692823697, 32.26314255784553;
  -20.87520389451823, -5.855628845571816, 34.06097761830526;
  -5.576249266795197, 0.8155189653574753, 9.84053051188598;
  -5.51758943099465, 1.007286847283496, 9.752575576934421;
  -19.42241770190671, -1.515199766304217, 31.91952581173063;
  -20.83112542629991, -1.464928999821935, 34.20337103238402;
  -20.92548049807902, -2.289875748161633, 34.91663218471546;
  -5.479416502281942, 0.7478412530391522, 9.874758889966138;
  -5.516434475136672, 0.9127704133070835, 9.938273766736984;
  -20.4330871088314, -0.5369959356462924, 34.19689964455105;
  -19.50797848114156, -1.359052252880668, 32.75879201051127;
  -20.06703581281602, -6.062848620091019, 33.68041367318693;
  -5.119245771851269, 2.080624161623622, 9.42780544378261;
  -20.55814474923653, -1.266719443372721, 34.92071193177009;
  -18.44484680808857, -1.281442595238773, 31.46723016293375;
  -19.68818293591564, -0.8869364937495541, 33.52236329034578;
  -18.98871969996507, -0.6980556018981109, 32.703965482325;
  -19.79119499652109, -0.9360721325422803, 34.03389213189978;
  -5.0950127458606, 2.123192286794289, 9.528267746778207;
  -18.82423621441476, -1.548345601722622, 32.67309721469085;
  -19.33882131445296, -0.6290562867424177, 33.65869555179696;
  -18.96182461934144, -1.926503245813311, 33.16079117124291;
  -19.27449940388016, -0.679683944471469, 33.86204044807761;
  -21.44784713225138, -0.4491227117621175, 37.57533629926603;
  -18.50102156413315, -1.562161333556649, 32.58398322198134;
  -18.68282694407342, -1.062230476151287, 33.03186752448445;
  -19.68983705939911, -6.674291448559116, 34.7766676624391;
  -18.68920961804635, -0.4423878642840382, 33.30969783439281;
  -5.41638352147856, 0.9900596524558183, 10.39436828465762;
  -18.99427374074649, -1.000178706819421, 34.00580895701151;
  -17.08008606924646, 0.2351056105242878, 30.69602913260533;
  -5.173387572407183, 2.030186534055747, 10.13917482157545;
  -5.143010911417379, 2.082832834820227, 10.17249466194171;
  -5.444620702491024, 1.004907342097515, 10.94832585093703;
  -17.45070280974841, -5.425550990544381, 33.67444807646871;
  -15.90205881947143, 0.08422908136219849, 31.04865982912983;
  -17.51699898500705, -5.977698497292277, 34.35515779616416;
  -6.111875896468241, 1.991343313738996, 12.67419285116644;
  -5.83559003678094, 1.607205804949097, 12.26010942279257;
  -5.921740630230469, 2.035167166125654, 12.42818236638778;
  -17.02144174288095, -5.847077745934952, 33.96683276565918;
  -16.37581474609905, -2.043794097599824, 32.86313589348244;
  -16.01470943379705, -1.354136433299285, 32.16999845392954;
  -5.849448263898318, 1.755279877822437, 12.45290966054387;
  -5.746910126574378, 2.020509104191116, 12.27095428666603;
  -15.52148432227716, -0.4346513448487922, 31.48814768700364;
  -16.78048256931571, -0.1482421292171295, 34.0125321600611;
  -15.803453582239, -1.63091795231442, 32.12280637277493;
  -5.032727177402982, 2.023401972584816, 10.9125535200571;
  -14.94499398949223, -1.184566132420388, 30.49700006832012;
  -15.48475400250784, -1.867678924334941, 31.59048491298315;
  -17.08611085369611, -4.766478534467243, 34.76965885134894;
  -15.3663882703968, -1.72094089246564, 31.51808078721473;
  -17.01047286621801, 0.1066856431805681, 34.83016027654688;
  -14.57631344338976, -1.361039556867865, 30.02885520110759;
  -15.51149668586735, -0.5868663361115238, 32.1506950368925;
  -16.05114618271526, -1.651601261703054, 33.26502968593504;
  -5.13096753141799, 2.060732259119263, 11.31243817579617;
  -13.13726762065761, -2.049604261862153, 27.48288269910716;
  -16.50815143681717, -5.024475904339354, 34.30445246882946;
  -16.9022932352385, -4.792977225714574, 35.19085257393099;
  -15.77678455354546, -0.496100326024907, 32.96462832903257;
  -6.489636515726541, 1.718986157448536, 14.1516343970384;
  -5.175098155961032, 2.017272598590464, 11.49339286864302;
  -5.920802000264444, 1.988349163590626, 13.01998177674869;
  -6.525654520477379, 1.588635030994021, 14.28655737161791;
  -13.80653353238041, -1.565005284867073, 29.14185082810192;
  -14.0887096119431, -1.311140632936256, 29.76868953109013;
