m=[-5.000936858865459, -0.1890758330594438, 7.124032963000103;
  -3.959287506072334, -0.4022598238661145, 6.924075547131379;
  -3.653412260645025, -1.246731646164913, 7.165243020013231;
  -3.555311884711101, -0.9918183211450878, 7.234939677030732;
  -2.845297968771944, -0.3754123912768521, 6.035678087315282;
  -3.204371964383319, -0.1007613415040513, 6.695339628639984;
  -3.481105814162525, -0.9871359261948186, 7.247719572457107;
  -2.863756375674946, -0.299273126097421, 6.171328020686757;
  -3.386190332429037, -0.9900651355674411, 7.207980566605714;
  -2.862616043008339, -0.1835688426596189, 6.293094197336156;
  -2.837411573794999, -0.1059007509718447, 6.297759116631561;
  -3.317788775399955, -1.263642169703633, 7.171062314401575;
  -3.316892775077713, -0.986737950916267, 7.186692389066515;
  -2.898060250752044, -0.4766816396182487, 6.766102407088946;
  -2.702784070058658, 0.05587018602143552, 6.584572927715409;
  -2.753974468753677, -1.468583273380236, 7.045913280832731;
  -2.787642261286079, -0.04272042124672005, 7.342440101028126;
  -2.752282047112975, 0.09672558860268628, 7.356317630993137;
  -2.76167875571766, -0.9652026581904024, 7.800230643195986;
  -2.722357056523756, -0.5155550727010713, 7.809693777063797;
  -2.75808764026445, -1.213859213086326, 8.296803496276745;
  -2.781353203678891, -0.5367527836085492, 8.424307617956318;
  -2.205228835634454, 0.1636852102268223, 6.956865532863693;
  -2.178265364869529, 0.1642005694629234, 6.989438099192217;
  -2.783999970652225, -1.203622517520198, 8.924986941513165;
  -2.79947408245032, -1.216992516417911, 8.991008024169155;
  -2.927117155820998, -1.882352551881672, 9.486839991570561;
  -2.818254445756757, -1.035030574811752, 9.261410666064686;
  -2.831814933049765, -1.12418452525036, 9.30622791107136;
  -2.906418954828168, -1.79418591829686, 9.53776086796872;
  -2.774126522922012, -0.3047799012139649, 9.291427342185015;
  -2.833264001632039, -1.773290445515529, 9.522325696070245;
  -2.758429211632509, -1.202819318316905, 9.623251508399529;
  -2.926505799348155, -1.947761542668767, 10.49478258241801;
  -2.721152147732488, -0.3650923063020929, 9.881373418404671;
  -2.743111228902369, -0.8185795142302588, 10.2109863868103;
  -2.612429828496553, -0.5377895435777881, 9.885889547708311;
  -2.746866493652507, -1.247383807413947, 10.44107391815717;
  -2.661929106439911, -0.2109435312511739, 10.30316166325959;
  -2.649645600319029, -0.05590029732196104, 10.35740804958408;
  -2.8224877833681, -0.7800624823481656, 11.11821905185984;
  -2.369493255618615, -1.330478210192992, 9.511276153397651;
  -2.781964525357241, -0.1835037084185865, 11.1664808802888;
  -2.751032604457165, -0.6135977132084806, 11.15826053050878;
  -2.721674386754396, -0.2859647545097624, 11.51306508927637;
  -2.737224004827505, -0.2256002897847727, 11.59163597865757;
  -2.708484179447263, -0.114162699124747, 11.49479896387321;
  -2.234765131899518, -0.5617371528896195, 9.844864270047687;
  -1.717093887006071, -0.9775793876615425, 8.146154486649056;
  -1.939105795226639, -0.2573941733846019, 9.21361404889805;
  -1.392071315815033, -0.005319635328387894, 7.085870372501871;
  -1.366411663779962, 0.1139310827487128, 7.077139022958836;
  -1.203524878486654, -0.003097423616249044, 6.719896979925483;
  -1.22358515192962, 0.1072855004422649, 6.869496879415676;
  -1.187817607452778, 0.2068405806084519, 6.716599396288797;
  -1.502708508440261, -1.099330692089684, 8.472165199185294;
  -1.237514261545445, 0.0605705464406231, 7.862366543125451;
  -1.347626022774038, -1.417557998277461, 8.40054020870039;
  -1.325725121168494, -1.380814708341013, 8.372589313858997;
  -1.443218042490401, -1.724736927932383, 9.058638701821185;
  -1.320781953639221, -1.042974880697269, 8.575501484196623;
  -1.329427407234302, -1.085073347947491, 8.625170036964081;
  -1.191973074862765, 0.07035215107015254, 7.915580674003678;
  -1.313632843254598, -1.650899409661677, 8.776562139381744;
  -1.305014428926448, -1.644762170686101, 8.889002660955596;
  -1.177220918261109, -1.219347734809115, 8.556744749884336;
  -1.195276609177163, -0.03886554880365216, 8.906733578566879;
  -1.147979658723266, -0.06596771174339029, 8.649094925211291;
  -1.150179815345208, -1.567793002488427, 8.927204708874818;
  -1.12063707298344, -1.660065653720851, 8.85965173634359;
  -1.118441605977738, -1.610052729706441, 8.857866940840964;
  -2.380829578180924, -0.6086549767590455, 20.77005922237107;
  -0.9534209846275872, -1.639057408553719, 8.958809150990023;
  -2.359814924617436, -0.6310845308374979, 21.87205495999434;
  -2.037153625253946, -0.462972995293075, 19.79697251949536;
  -2.079648312026719, -0.4053656889013879, 22.02976408593746;
  -2.241979727102883, -0.5988474650166262, 25.02838579851519;
  -1.858308964274547, -0.9846793352084335, 21.49919426768157;
  -1.832973604544375, -0.7225649251141764, 22.58306505807379;
  -1.19502191826713, -0.1759792093234471, 15.73863699781693;
  -1.859133407279628, -0.665568556866101, 24.42743276477554;
  -1.516590839362671, -1.00342368986229, 20.52368350961813;
  -1.55357674924776, -0.8451025174852547, 21.88977406568153;
  -0.8933429853652957, 0.09608599774993591, 13.29428030403924;
  -1.764940775947855, -0.6893200084219268, 25.35999946282467;
  -1.190513779044603, -0.1317215821943361, 17.73874838631185;
  -1.416163471079346, -0.8056950186854385, 22.19138580585283;
  -1.435425381807795, -0.336941094642906, 22.63843005902197;
  -1.122650519025563, -0.07161729743383426, 18.00635500440761;
  -1.680238511674544, -0.6270679241542786, 27.06980400515721;
  -0.9953875198560429, -0.06412525436426156, 17.41241360854376;
  -1.40089926820128, -0.8682940847475581, 24.31993647759413;
  -0.7798813448509701, 0.1355348500492422, 15.53018945303532;
  -1.608945181646831, -0.6402531075612764, 31.8910089596545;
  -1.437779695504399, -0.8448160372188491, 28.56201632981974;
  -1.052189152520426, -1.422555182321128, 21.46153799052076;
  -1.284061294084196, -0.8669337145200056, 26.90429771364503;
  -1.345491181071446, -0.05757257974462543, 30.22666173243568;
  -0.9267422530223922, -1.493204705154431, 22.76841254781643;
  -1.286878622132553, -0.605766806430278, 32.77418021377211;
  -1.008209556591562, -0.5224253106478229, 28.95912115720628;
  -0.7481103881856434, -0.9819733078746465, 27.62317625322019;
  -0.6816371161431218, -0.6530963365085314, 29.92884265780442;
  -0.8203400464483882, -0.6164873165029201, 36.19324034791984;
  -0.8487633206735592, -1.235888536118563, 39.29492551460825;
  -0.4635946274080043, -0.009815475783014392, 22.00515700051762;
  -0.4378986496115467, -1.969094785360118, 21.0743200700369;
  -0.4903685966243821, -0.1634136804553674, 25.90193594785491;
  -0.4236437137884053, -0.6125218174158745, 27.10114249006334;
  1.757928675093177, 1.119903118439774, -130.7039562645953;
  -0.1130046998015362, -0.1698460098622977, 9.625518066032466;
  -0.07329120538479013, -0.07915774303863329, 5.974064594822139;
  -0.1993928381770519, -0.9427236082317477, 29.83833614216368;
  -0.1694229669746926, -1.571426971469512, 26.9563809951851;
  -0.02991877214624626, -0.108897518565019, 5.110223039684009;
  -0.3141177814510078, -4.035014024005827, 75.93900851745532;
  -0.07460251410353003, -0.5387549545367844, 42.69223024392035;
  -0.09095021649188302, -6.419743348371845, 136.5440063651082;
  0.01956984650625465, -0.6036836655355453, 31.84422565364328;
  0.7860746814586679, -4.537042882419531, 115.7214746835032;
  0.08970008499031007, 0.1120450434505024, 14.02168703820462;
  0.1681270148631487, -0.4375671866607522, 11.62602241446013;
  12.01462393237111, -14.49045013370734, 630.0595789188012;
  0.8399251294357792, -0.6384674239693589, 30.11051197942875;
  3.279136649646089, -3.431046945649372, 115.4817991298467;
  0.8737815936499518, -1.827694174685, 30.29683937567352;
  0.9025091446338498, -0.2883869940339122, 29.48384374124173;
  1.690795034033845, -1.636987465071343, 50.68128003277186;
  1.287535529634146, -1.731123024442268, 35.39089394389624;
