m=[-6.00159570620746, -0.5734660052020624, 8.913489159362491;
  -5.591488622494168, -0.05830043504535885, 8.615748960275285;
  -5.228886002423466, -0.4173044769112799, 8.342414770498206;
  -5.149418625672502, -0.0171102786367424, 8.26487421559389;
  -5.253549742840833, -0.2391193420054601, 8.447285082056096;
  -5.352275626640873, -0.585699628548394, 8.93090313619288;
  -5.136682096906922, -0.3578545764176297, 8.625778452614119;
  -4.924113570269168, -0.5002852292073563, 8.611381292949137;
  -5.021898687589857, -0.06215524697062674, 8.899253605845965;
  -4.988003973341747, -0.2626525989759172, 8.930118229811695;
  -4.153049267366641, 0.02199762487445452, 8.108799962316436;
  -4.535922901903939, -1.547889540768498, 8.896064170553581;
  -4.467472701561546, -1.534632647954016, 8.91498501897202;
  -4.436698998410892, -1.237697140144866, 9.028532702484359;
  -3.595460349061328, -0.5609439548300532, 7.521626100328851;
  -4.0112328602276, -0.1517621142334202, 8.3140864497389;
  -4.00901601791765, -0.1260633398889299, 8.376594264012729;
  -3.555297303830139, -0.5354643295062861, 7.541943470094856;
  -3.562564363990566, -0.4700494716694445, 7.557202058408255;
  -4.336394564952234, -1.229669850254212, 9.028444821882559;
  -3.556159218962468, -0.5891215359741661, 7.622751974472354;
  -3.5846870034126, -0.3746130413552521, 7.724916664511283;
  -3.579227398560006, -0.6136770596652179, 7.772984376464375;
  -4.221919885512081, -1.234418409317809, 8.986948015620749;
  -3.566637182430029, -0.2699932998997917, 7.799431405327733;
  -3.564950321000349, -0.2286069087621488, 7.837086022651628;
  -4.083357389329382, -1.555223355201545, 8.825760852519377;
  -4.136245412535708, -1.230486060182235, 8.961979009069774;
  -3.545288594312718, -0.1323208546892176, 7.868923131253833;
  -3.555195064267789, 0.07717029429569716, 7.923539869165959;
  -3.546239750723571, 0.2065896910494156, 7.910705733476618;
  -3.634301256870933, -0.5977807678575146, 8.485004573600463;
  -3.454915708089875, -0.08906406176132629, 8.246968006420529;
  -3.391105485943747, 0.07009871651118463, 8.261474390474634;
  -3.377467162557041, -0.6079086311962119, 8.390913260477868;
  -3.490319144403709, -0.05348889497235094, 9.193238173765073;
  -3.438430927128153, 0.1208394523537358, 9.190260888675061;
  -3.495241657640173, -1.48140870093035, 9.532848245609911;
  -3.408805458765301, -0.6455534338914583, 9.77892547737085;
  -3.500440991016364, -1.473984511708462, 10.09424984546307;
  -3.461327841175643, -1.148041721213966, 10.12283845556996;
  -3.076317771841256, 0.2539183429013062, 9.390412539147555;
  -3.432665393359094, -1.510746958269976, 10.32604976774386;
  -3.468727930245202, -0.6694041481956224, 10.50626403318036;
  -2.798771903340982, 0.2559386424164438, 8.854820795403112;
  -2.752060555572281, 0.2074540217685942, 8.83058474354117;
  -3.655621363298788, -2.337679717958331, 11.39786101912558;
  -3.459043891383331, -1.503721915542795, 11.10933356316677;
  -3.662210457077812, -2.355071844561908, 11.86929076366573;
  -3.548967700930259, -2.094957019599296, 11.53786236871374;
  -3.516954203414515, -1.291634662806069, 11.5574934053969;
  -3.533897083289477, -1.402899733487491, 11.61348903402518;
  -3.549125801488507, -1.389383898830312, 11.80549773491881;
  -3.477947284217542, -0.3821052936672419, 11.64874573104157;
  -3.488199393341171, -0.6732979228400979, 11.68363981617907;
  -3.520692409778938, -2.376638197492381, 11.81116040420447;
  -2.481397924078231, 0.2425357609161574, 8.753920402206406;
  -3.665881873255368, -2.358118029273665, 12.60060197997834;
  -3.495822000156026, -0.5555097714173143, 12.20076492204787;
  -3.496291262852739, -1.524565740417538, 12.19740931801521;
  -3.694495815911833, -2.410105068265076, 13.05685745998199;
  -3.577703851749238, -2.243384420599336, 12.82810964692834;
  -3.630581492121947, -2.4163652808941, 13.01967808027491;
  -3.398641913520743, -0.4559899436480275, 12.34155535585339;
  -3.416956524336033, -0.166744163387711, 12.57348860877603;
  -3.444071625401451, -1.20250257664323, 12.73895764134705;
  -3.44534919877042, -1.028136316080634, 12.82500446783913;
  -3.433185358752287, -0.8084515814386379, 12.79186051266743;
  -3.494180433080828, -1.246773737890894, 13.06907122344955;
  -3.31702469706826, -0.6828360243073773, 12.55219926849059;
  -3.441504944171852, -1.562827152471751, 13.08145393845537;
  -3.328288895161205, -0.2637489521681298, 12.88234854411275;
  -3.413301774812433, -0.7855347838372352, 13.18058559907399;
  -3.416143020399015, -2.476951107474113, 13.16922571936544;
  -3.34110746183908, -0.0704882571763331, 13.06031769517059;
  -2.171129115202042, 0.1989346681111635, 8.878489941390114;
  -3.551164943505987, -0.981449966721713, 13.98859189536334;
  -2.986814072758157, -1.677105867374596, 11.98923584082558;
  -3.458469147741053, -0.7713862630409386, 14.02764173885029;
  -3.42197017863645, -0.2195628800082751, 13.97463529090711;
  -1.760681961470119, 0.4777352269416038, 7.881808531449616;
  -3.396103130109633, -0.3568265927099953, 14.3659934403372;
  -3.353989632902588, -0.1413707756663801, 14.23432222705395;
  -2.26746169802502, -1.649895354577756, 10.49136186490144;
  -2.606040959520737, -0.8921216412700238, 12.00207444188387;
  -2.192533299631184, -1.500900299434258, 10.21954179679756;
  -2.260931417500129, -1.362460729371439, 10.60840485053414;
  -2.155163479555493, -1.226982059978022, 10.22442324283989;
  -2.218900267032629, -1.312993817785208, 10.53992113067632;
  -2.443366408699647, -0.3243290173187499, 11.6095960959002;
  -2.388693848811041, -1.302012908016846, 11.40622714487588;
  -1.773958354920778, -0.006778971327629398, 9.029737777353569;
  -1.743458381710216, 0.1453691492987359, 9.030000017690842;
  -2.235543892803228, -1.033175476166615, 11.54432920385708;
  -1.570539592611146, 0.4013974236957693, 8.675687179197198;
  -1.569908390551155, 0.1376515619392538, 8.813837576283342;
  -1.88526991560821, -1.3791996714337, 10.62901958721547;
  -1.71948950581761, -1.191851248811837, 10.63707610139923;
  -1.799336679873052, -1.312482320232111, 11.08681785924285;
  -1.588622259912982, 0.07775564400405362, 10.09308005097725;
  -1.691411277417171, -1.779183203767382, 10.54355452126401;
  -1.817378297317414, -2.171882119764359, 11.40712830302557;
  -1.707123637644544, -1.36464737212982, 10.83671334158907;
  -1.691113937716913, -1.273649468771192, 10.948256493767;
  -1.687816125399385, -1.377588790437884, 10.95035426039919;
  -1.541018804818931, 0.09095338648572188, 10.23350185246875;
  -1.644147121838532, -1.542572801489166, 10.78892966412828;
  -1.638843930052415, -2.059606297561778, 10.94934224788252;
  -1.562439382380092, -0.0703634386678751, 10.90197853794596;
  -1.477189996196085, -1.530051197531363, 10.73709917013975;
  -1.549431226432211, -2.041713302358186, 11.188714582775;
  -0.9097328928662055, 0.4241192881768675, 7.320307329552916;
  -1.419306263927163, -1.58520023347917, 11.050187868607;
  -1.409579672044489, -2.029160562861886, 11.16363081519059;
  -1.447285526670915, -1.949843294979751, 11.53882228423892;
  -1.330701667975109, -1.682470711610111, 10.84162580995583;
  -1.268494464494559, -2.047972951376894, 11.39612866247442;
  -1.201667796985169, -2.065826677853443, 11.29145742505954;
  -1.091598363771844, -2.202444494190193, 12.00958262360533;
  -0.07897968836637116, 0.352935421472085, 8.553345635716411;
  0.1093326702321763, 0.2289870426180199, 14.5570941633579;
  0.4721320162895212, 0.1275203603184479, 15.13368818195794;
  0.7029892858961082, 0.1797700052909159, 14.98595983851746;
  1.017444791516094, -1.637815925047681, 19.95121276419795;
  0.6047543411983252, 0.2798531987485876, 11.50858070351195;
  1.017189910464035, -2.412712985142421, 19.02436642507964;
  1.056412354644486, -2.369046576778517, 19.33358331593535;
  1.128399694434554, -1.717406858729899, 18.96002960552074;
  1.11988310718595, -1.522255336889781, 16.9139773883112;
  1.129209206625315, -1.627301617155576, 16.04171603421667;
