m=[-3.723569923199277, -0.06021701468291523, 7.365383700039611;
  -3.702227816530407, -0.01259106458470862, 7.437489673560994;
  -3.668274037064813, 0.05325347096762626, 9.0607481755337;
  -3.697982566112907, -0.9439538309758834, 9.291537023917757;
  -3.629325982329439, -0.910751141825036, 9.279044828770708;
  -2.287786665695509, 0.723100285258009, 6.34762995513743;
  -3.629111943234523, -0.807749462608394, 10.17887408946982;
  -3.614537064018714, -0.1308079547577964, 10.14974175473707;
  -3.622080751585409, -0.03137253893178228, 10.17044941745339;
  -3.574533886093362, -2.092578013108395, 10.11385799563747;
  -2.059253872230703, 0.989792961402158, 6.255575371749679;
  -3.606709127537696, -2.115513082284354, 10.41439675116088;
  -2.017684289811433, 0.9675667799996903, 6.265031138804755;
  -3.594647599476163, -2.158971935306692, 10.47447293016152;
  -1.888164097311116, 0.9974481795667064, 6.285181129215348;
  -3.453891986887347, -0.8125215857141026, 11.79079120990271;
  -6.765872199888746, -4.391006774899148, 22.56089583329353;
  -1.744592968589345, 0.9103000247811304, 6.575738215503795;
  -6.738586131762943, -4.469044487410907, 23.22141225153562;
  -6.516906155088632, -4.591139802135737, 22.62623031304949;
  -1.644694808975239, 0.7913113347802685, 6.475083770016327;
  -4.264014834624447, -0.6418150706183647, 15.34476224424637;
  -6.426803768433534, -4.415307421261058, 22.89450117725778;
  -6.43680076664361, -4.024834862912005, 22.98851045225086;
  -1.597228823072156, 0.7585039753059744, 6.467230491068118;
  -5.888489143284795, -1.80800122387876, 21.26598813449247;
  -6.24876422490193, -4.500154722060152, 22.66178909217385;
  -5.928902129973634, -4.109632125467044, 21.6817444200712;
  -5.920287622451139, -1.96006635927893, 21.56808474529874;
  -1.554595703157311, 0.7541779557055709, 6.432259394110327;
  -1.544672503948344, 0.7360698241607971, 6.434619073461031;
  -6.234886782265297, -4.501096986386047, 23.03865161404588;
  -5.672300301986253, -1.428238165183555, 21.03612793054718;
  -6.191730130764993, -4.774254544201678, 23.21366166843173;
  -1.544082313055247, 0.8431417039560433, 6.545628663134555;
  -5.46158040557046, -1.263127168548367, 20.77185919232245;
  -5.936436545236387, -3.997983728863173, 22.65691090759086;
  -1.513576994694633, 0.7138569079935007, 6.590143117919094;
  -1.47149761666752, 0.957662571536579, 6.437743893886029;
  -5.441242586069402, -1.540490089072105, 21.10836856946486;
  -3.808950574020455, -0.2712542729310655, 15.28945158078559;
  -4.982388095327057, -0.8792721778347468, 19.69285331141695;
  -5.659320617165792, -1.957740354364992, 22.41491914555218;
  -5.66545348058709, -2.766658766273206, 22.48852923331927;
  -5.506893199864455, -2.441907530263049, 22.09614592430167;
  -5.280046700971758, -2.596471635440498, 21.34917624279396;
  -4.144366620531332, -0.5431748432803751, 17.13262810510227;
  -1.505957044237417, 0.5631959305617111, 6.91940331709174;
  -5.57647796314427, -5.143223328014066, 22.96328517649863;
  -5.234382888862792, -2.59474181330416, 21.61480885448455;
  -5.261557146032225, -2.523952504672756, 21.85222791849167;
  -5.402593757068362, -3.864379350267121, 22.5696726912779;
  -5.431649245146528, -3.379927214197798, 22.7248232424072;
  -5.246581912260409, -2.613699634684689, 22.03316978110482;
  -5.11558260076542, -1.479074760583507, 21.47932760370189;
  -5.480909220637677, -4.709339523079047, 23.09845839787707;
  -4.79307293519958, -2.267690773891869, 20.48119598644856;
  -5.398357372746885, -4.10241288213539, 23.01337552600434;
  -1.450205703995915, 0.557136858765299, 6.953942473117304;
  -4.136281072458451, -0.5944525462132393, 18.0744975698333;
  -5.354172527196012, -4.803793194482375, 23.37910814200889;
  -5.608884538716903, -5.347643629373699, 24.69938207034616;
  -5.195514371421766, -3.852917792537395, 22.92400499166391;
  -4.708992441149106, -1.15810857687371, 20.81684320421962;
  -4.974565663053814, -2.375282406295403, 21.99160675638422;
  -1.431294645948424, 0.5264706406460932, 7.093837307146623;
  -4.536230111857632, -1.060457790457006, 20.3890603378514;
  -5.034698768819418, -3.671180998925475, 22.88902380849367;
  -4.53676036246532, -1.15459782821839, 20.69055168115712;
  -4.386071099316482, -0.8550653329057187, 20.05849724371338;
  -1.768488723972644, 0.4554148141661385, 8.717050511142665;
  -4.638335783200906, -1.957775760806867, 21.2170627038935;
  -4.886589540682163, -3.832426751931927, 22.72314974281536;
  -1.696815975973462, 0.4708118068006032, 8.600720907631231;
  -4.341610670618233, -0.9800210041470487, 20.50584891724256;
  -4.750720663949394, -3.90550605867794, 22.71998673837412;
  -4.934613208374291, -4.836552319839453, 23.63504537005229;
  -4.39102313294218, -1.806466402815373, 21.192384221166;
  -4.72739432205339, -4.813701073145885, 22.94335595284086;
  -4.713665528873368, -3.727341978816806, 22.90888878321929;
  -1.52078983162989, 0.5236589969819414, 8.125467048823277;
  -4.278416628676009, -0.9543220215867202, 21.04206123777715;
  -4.347886497537025, -2.071804261573787, 21.59122916649473;
  -4.565853908166883, -3.950589779354369, 22.78939398314412;
  -3.951519839268091, -0.378931689579606, 20.00998841370915;
  -3.919134058220823, -1.426661502136557, 20.38964194651636;
  -3.934237733945865, -1.322053621591164, 20.60656531545085;
  -4.32231103742897, -4.168806205329321, 22.85242412318112;
  -4.162070093430846, -3.758610047105244, 22.3939824387738;
  -3.80300283840993, -1.202423698728939, 20.55873792948536;
  -4.095423670344477, -3.506827189491418, 22.1927915344056;
  -1.361582205371725, 0.7812610768330983, 8.070720970572747;
  -1.332746946836966, 1.240832770985744, 7.946975600202793;
  -1.356730102036367, 1.05344281685798, 8.117465387569702;
  -3.784730477001182, -0.7656936621212087, 20.95611338396169;
  -3.586248988997571, -0.8409904371939674, 19.94614057153414;
  -1.33903563587821, 1.151854156867496, 8.085003295354728;
  -3.67715234446653, -0.3851748346770471, 20.66845370871248;
  -3.997935802817505, -3.666209438782494, 22.63585798552356;
  -3.759357278061688, -1.033008959085273, 21.34784977775301;
  -3.769308552323729, -1.71780814539926, 21.84242167257596;
  -3.007452591988671, -0.443290352225713, 17.62930108804445;
  -3.237362947465398, -0.0475442728311146, 18.98569001359975;
  -3.905897387047325, -4.77546852013668, 23.05335904485906;
  -3.358795514973195, -0.1107648464147061, 20.30260684713506;
  -3.547361292358813, -0.8650129494674982, 21.52713665408365;
  -3.802754018880794, -5.001639032889869, 23.31211253130606;
  -3.365841935864808, -1.150637445760794, 20.63436062043961;
  -3.412474467794364, -0.2866002087960865, 21.32907373451553;
  -3.328482762343016, -1.523117484321787, 21.01648374262525;
  -3.502087391507918, -2.597211035180334, 22.27334725725219;
  -3.282150552511866, -0.8713624785573263, 21.05796478249388;
  -3.295550346212809, -2.155718181653281, 21.274104639796;
  -3.312550022240737, -1.904154884249836, 21.42851656106229;
  -3.18061246738463, -0.1599419250236756, 20.65740502085004;
  -2.968468179525244, -0.63014025144125, 19.56609731233096;
  -3.195782531160999, -0.2644956722494918, 21.03132909392865;
  -3.090946169629218, -1.079628609230291, 20.62005188781218;
  -2.855676127043429, 0.1119728214318539, 19.17579361196298;
  -2.924147612797444, -3.097967785667726, 20.2778212856905;
  -3.14974073252905, -2.165927307338418, 21.7659815266153;
  -3.160500422460783, -2.522787305685918, 21.8807370932438;
  -3.167202504350557, -2.842738187177084, 22.15106923589067;
  -3.212583837356624, -1.632557706182672, 22.39365418493473;
  -2.947668449451106, -1.240236679163955, 21.16318015311341;
  -3.338422971189264, -5.466765258280789, 24.08404363616778;
  -2.987743037034939, -0.2903808787356151, 21.46816912989994;
  -3.149071698839099, -4.799140117567917, 23.63685904570386;
  -3.207152777408528, -4.278848385654744, 23.98450302061168;
  -2.890023331234042, -2.878627920919201, 21.70927181774739;
  -2.733603467118619, -2.186115253293967, 21.19372469198224;
