m=[-7.618067585071946, -1.899903737755343, 12.16020762941836;
  -7.739931416711593, 0.05771812922256433, 12.84395784958225;
  -7.72835256176001, -1.952575189374318, 13.09340926242392;
  -7.580371665424938, -1.892399411257856, 13.06262229481772;
  -7.639599006649747, -1.512363158114489, 15.07835996440973;
  -7.653821616122539, -1.705524356433131, 15.11123639556389;
  -7.601892390059144, -0.3107346187735626, 15.03695549398956;
  -7.595405030223572, -0.1228317516956116, 15.02404239981117;
  -7.581330579125418, -1.915387641331928, 15.20465886649009;
  -7.54692468740216, -0.02566665825661301, 15.16118867106867;
  -7.292709766903074, -1.577104911414685, 14.92806545142829;
  -7.409219302116214, -4.388469102000498, 18.57462245017752;
  -7.627615148414958, -1.947039071123665, 19.16511700329353;
  -7.357275582158764, -1.8462511137872, 18.81023922261565;
  -7.715263363634004, -0.2652776345645374, 20.03957547228038;
  -7.411548676039002, -1.61375820009681, 19.7029969537623;
  -4.668246459262393, 1.47549174796904, 12.95238822181426;
  -7.394884347467432, -1.444585833494125, 20.735142986629;
  -7.38402628461339, -1.643499389541229, 20.71059669695018;
  -7.386292422834326, -0.2673055464535042, 20.74095777382557;
  -7.436605843414044, -0.0644119284863286, 20.88126376941637;
  -7.348179393261225, -4.301718524626965, 20.79108641242644;
  -7.323450788217238, -4.295565681093951, 21.14651317839022;
  -7.481878710247144, -0.1593385908649481, 21.6097258223394;
  -7.592377346889096, -0.6711100053330177, 21.98547396788577;
  -7.177313497932889, -4.310747572360958, 20.91403228409275;
  -4.212296965274443, 2.024666285098634, 12.79606245242725;
  -7.330848806120849, -0.6157230398256749, 21.63357769022639;
  -4.128753253125348, 1.979915545118848, 12.82002730847905;
  -3.875471914789285, 2.047270368011627, 12.90038454831618;
  -7.558114216007566, -4.335435656385893, 25.29211455876223;
  -7.360467335973516, -2.379248535675536, 24.65515940388443;
  -8.124642173828244, -0.3100770117754413, 27.27025660613541;
  -13.89187038533192, -9.01573295738816, 46.32263682105054;
  -7.283428219920728, -0.7491153019826338, 25.02560388770534;
  -9.138871225709279, -0.289345232469606, 31.24201423956946;
  -9.030382297231281, -0.4612098472698165, 30.88316087392653;
  -13.96429853199062, -9.261152140030006, 48.12147929465323;
  -13.17643737605487, -9.282758512690556, 45.74764461558159;
  -12.24409951844415, -5.610746747278652, 42.8167392329839;
  -12.52974804940458, -4.264939415545177, 43.89267792045269;
  -12.75416311614903, -5.598131211688329, 44.72606677775702;
  -8.22671779011581, -1.238276991099065, 29.60520388315144;
  -12.55194123950536, -5.801343010282198, 44.64526456851667;
  -13.93406898835274, -10.35745130285449, 49.52560982047717;
  -13.42930226154815, -9.226125469865385, 47.83982637635507;
  -12.16034137160469, -4.388581024288937, 43.36844004333754;
  -12.59363683443478, -7.874612003645431, 44.97714975124455;
  -3.645235574428117, 1.902024193309728, 13.73966036941145;
  -12.88372324647443, -9.492758037103869, 46.45750449876211;
  -12.03485254217986, -6.831022348145916, 43.58418395438489;
  -12.73456934451557, -9.171018509667581, 46.18323148039781;
  -11.49738231067036, -7.969436949183974, 42.04544100998865;
  -12.74502642614454, -9.200904850638997, 47.09439543937791;
  -12.90963776650974, -11.12835094047346, 47.83195912217944;
  -10.71217793074227, -4.776739644321533, 39.87470277032921;
  -3.374880163335189, 1.623754700384918, 13.28673967480779;
  -12.60549308235317, -9.719711834871578, 47.25975541530099;
  -12.64818845512089, -8.136001155284269, 47.64456236889054;
  -11.35037128164156, -5.468485600488675, 43.35866053254687;
  -12.59555983966336, -8.482671870771481, 48.0720167635715;
  -3.298414709368891, 1.566375858689961, 13.35538644963108;
  -12.53917493478006, -10.20512518310618, 48.36667792584139;
  -3.189694296574274, 1.519958252642424, 13.28726167312748;
  -3.18933499952665, 1.741527199198824, 13.52013581965881;
  -11.7093452615687, -10.79960830170917, 48.21771667503827;
  -10.302396206527, -8.767485902953078, 43.18730159174881;
  -3.123120360562366, 1.167980643573955, 14.34976479923096;
  -2.994219796442148, 1.150312819240814, 14.35770950214546;
  -10.8264334508388, -12.01109540842523, 49.37617496337541;
  -2.92945427751385, 1.077536113610062, 14.51907341526996;
  -3.366344544283186, 0.8668888606821766, 16.59303507715212;
  -3.612831946075533, 1.096630488117849, 17.76470657645318;
  -10.32861934277871, -10.12336848575669, 49.47041976102499;
  -8.806544637299306, -8.967323325138107, 42.74060392753036;
  -3.167316429360837, 0.5133136568514071, 16.02858377291025;
  -3.588034661748563, 1.129070288822353, 18.13977536025432;
  -3.596980115016112, 0.9980461823534027, 18.23216101074517;
  -10.00291504359996, -11.93646249273185, 49.31794886884063;
  -9.939933618703082, -11.0190629025369, 49.29461285725907;
  -2.862384135690552, 1.134379776267286, 15.04498335982818;
  -3.283281526277949, 0.5434812670644397, 17.1121615512788;
  -3.472231112209451, 0.9881891465622067, 18.13664133414125;
  -3.11447350555304, 1.072417791153175, 16.64040047971804;
  -2.882331303959703, 1.38856797888197, 16.30547178855714;
  -2.818614003235584, 1.617290092847164, 16.7072153661504;
  -2.752420224978504, 2.562596915177983, 16.41228023168349;
  -2.805592793228752, 2.178422643250326, 16.78617018703027;
  -2.771727265270568, 2.384272297660688, 16.73549491372559;
  -8.16576253427054, -11.43557228724999, 49.44534054874981;
  -7.076171005854227, -12.20297849690551, 49.92931047746132;
  -6.253723664108129, -11.47969143528578, 48.15427773305724;
  3.053035016345541, 1.130563297505151, 16.29025736811779;
  4.942808319527133, -3.169124183090037, 23.07869038562046;
  4.052140671631801, -2.265708280427289, 18.72839599441611;
  4.964990912537281, -4.149709285436503, 22.34168136028897;
  4.98925289456048, -4.138786021020034, 22.38750109766524;
  4.615151070093965, -2.828687628052341, 20.62013451819314;
  4.943564804136912, -3.18046741051365, 21.90204647247127;
  5.234545002381327, -4.590256076355598, 23.12475946465226;
  5.564625206172532, -4.464753656675393, 24.36314682002207;
  4.816507687609273, -2.535031234843491, 21.20858653933;
  4.96441848830871, -1.378747266641348, 21.80615824327717;
  2.681762676136682, 1.450487848755258, 12.16703807612842;
  4.95186521559284, -3.281806964409159, 21.62997476902052;
  5.352656910898593, -4.519114668027862, 23.27922332944722;
  4.937702986829645, -1.352705158602747, 21.20897504775498;
  5.368832717594144, -4.63394959124305, 22.95830312046735;
  5.274938826848219, -4.877422877363773, 22.50050511681874;
  5.047711251233532, -3.154295051963675, 21.53268209650073;
  5.573176718616768, -3.089752221235651, 23.55987350143331;
  5.009013240223719, -2.105361782971957, 21.12631762682461;
  5.337609424415748, -4.632208644965881, 22.34115875914715;
  5.432868868523903, -1.564004687558408, 22.6591255430759;
  5.048985215279054, -3.336929918437928, 20.99970476853955;
  5.307645801473766, -3.988398197861001, 21.78911519057172;
  5.155157296842432, -2.136537306467209, 21.17213259373984;
  5.722114996429314, -1.39107331912268, 23.36357558949275;
  4.930149955418883, -1.387297923358222, 20.25872011545695;
  5.072705371342421, -2.338005841848493, 20.72324456525347;
  5.369395807295758, -3.34394117077695, 21.75357237309497;
  5.346901340441195, -1.535140113995533, 21.66066494067514;
  5.380372279754822, -3.595242520617987, 21.66819331209987;
  5.211403549818284, -1.552532974984701, 21.01299577902832;
  5.173708983751005, -2.04828646061607, 20.83034230061964;
  5.069177201387514, -2.21829720509442, 20.38746099349797;
  5.086532233149208, -2.539457363890928, 20.33476310353218;
  5.466983503792254, -4.004746489503446, 21.58532271902262;
  5.666152099182082, -1.745916445263714, 22.26356975564567;
  5.110902753973658, -1.104039210321972, 20.15745198429776;
  5.1698191023545, -3.875792917431149, 20.2214103946949;
  5.23969361587517, -2.52620162884249, 20.28373867953868;
