m=[-7.274033194277362, -1.808644898683196, 10.57652002729802;
  -7.260990875166853, 0.04432075438833046, 11.04723001020814;
  -7.292157372006914, 0.1062447677326557, 11.35579038483843;
  -7.178918379172007, 0.04546688635492883, 11.20017212798678;
  -7.425326271374144, -0.08274738758601173, 11.63840751421235;
  -7.831344449843152, -0.2835066816892457, 13.22193369239983;
  -7.357840955540882, -1.819723296531896, 12.98168353511929;
  -7.135869573127047, -1.421063287147116, 13.05602208573689;
  -7.097159379635256, -1.508363330162076, 12.99384714353258;
  -7.119174324428457, -1.597146955263329, 13.03083675555072;
  -7.116235764586862, -0.1292502354152643, 13.05925814959299;
  -7.116586243956285, -0.2300354278242431, 13.21698442623602;
  -7.080513388753651, -0.05118036281903172, 13.2047920359509;
  -6.836429513070417, -1.522781832042491, 12.97418917614518;
  -6.817191947312417, -0.02637087581430136, 15.55240178265471;
  -6.889142942369623, -1.779225041423906, 16.28217966284305;
  -6.793686890476925, -1.72436103459235, 16.31804264396654;
  -4.657342035264735, 1.354433025086189, 11.57525215660944;
  -4.557710490592379, 1.374707079698905, 11.37599266240537;
  -7.012158003767248, -0.2801135949288184, 17.19288621184081;
  -4.410886187724274, 1.36125676878794, 11.20838099157523;
  -6.785022911602287, -1.537845217037909, 17.97229415042354;
  -6.730299015962729, -0.287650363420617, 17.86620572933585;
  -6.716499511365196, -0.09571239532587157, 17.83776536154413;
  -6.66360045127043, -3.909324695667368, 17.77966469618101;
  -6.766870420986428, -4.093458411841831, 18.10514850240703;
  -3.969421506213753, 1.878364689394402, 11.04131709016089;
  -6.413682451809083, -1.658991103865473, 17.27388710350796;
  -3.928696072342231, 1.94351041710037, 11.058192584379;
  -4.051730775618215, 1.936071652020579, 11.39180762114568;
  -6.785523723180335, -3.991609664559598, 18.49369420465838;
  -3.887962947480466, 1.833132079098406, 11.05210708537309;
  -6.869857020100345, -4.143895553580758, 18.88886717514209;
  -6.145598280731115, -1.122045815218253, 17.14709703249985;
  -3.576019942976114, 1.859895249258887, 10.9122133315735;
  -3.630361777228805, 1.884507588928088, 11.06571768080523;
  -3.38302031027571, 1.834310117252503, 10.96785601959182;
  -5.939984987773655, -2.68544124993446, 18.97646656400244;
  -7.566523430953469, -4.254328651583986, 24.05320169434524;
  -7.208501308882611, -0.3208955250270628, 23.15443454118679;
  -11.22268560413995, -4.359958560205524, 35.98816098097152;
  -11.59964473731334, -7.56668651190234, 37.55064012298055;
  -3.286584957496304, 1.684187491457017, 11.39994921442292;
  -10.95330301991152, -3.649246700586298, 36.12825307643625;
  -11.39538055383189, -7.595941902915159, 38.14880711686913;
  -11.3187040058997, -7.999559426673884, 38.11232507496403;
  -3.150245537863527, 1.482300650512618, 11.36639936082709;
  -10.53455977386872, -3.942796324978164, 35.69342565204308;
  -10.70116133568271, -4.950686856966324, 36.27379637799833;
  -10.59916764446842, -4.334538387743469, 35.94004061017369;
  -10.56786650346331, -4.165838635364395, 35.9254444129061;
  -10.38573610016158, -4.608061669371384, 35.34827711449371;
  -7.915384060880075, -1.24191857268945, 27.32183511354386;
  -10.76858026094072, -8.039418354516995, 37.19394348297757;
  -9.359191700132056, -1.628649909581292, 32.36915972600563;
  -10.58405237722262, -4.947276341234024, 36.53365304720764;
  -7.686064874346505, -1.120834817816993, 26.80492812593289;
  -10.80010496178369, -7.455835158622413, 37.36084737287138;
  -11.40183672572307, -7.172128591113349, 39.49264681243923;
  -3.038189448778538, 1.41032537616697, 11.27666008251271;
  -10.06490621833679, -3.152312007776163, 35.25516279737284;
  -11.61228649731265, -8.578103848320785, 40.60769001785622;
  -10.38568336753033, -5.938066563313337, 36.45330458113488;
  -10.74003026807196, -7.773403283599575, 37.78929265257524;
  -10.68762243908118, -7.420629400074707, 37.79873524049537;
  -9.805518027706141, -3.314625572730106, 34.69531629716391;
  -2.940322589243677, 1.367761918726832, 11.21799777465106;
  -7.448851812468965, -1.1859546005593, 26.94343641079983;
  -10.63424416237491, -7.702298493719325, 38.12018322981678;
  -9.692828014400265, -2.494844038956385, 34.84925159455558;
  -10.41274677473085, -4.682254917284671, 37.48043645172516;
  -9.607170631086749, -4.92165378984145, 34.83175478327531;
  -2.934304051894939, 1.301771042682968, 11.35342653995252;
  -9.877422159830415, -4.763803517885672, 35.88173511106379;
  -10.6362955622539, -8.232577756724551, 38.68929021316338;
  -2.939859604315894, 1.570672014818898, 11.43711868827873;
  -9.11071416344052, -2.177485534052542, 33.61645669329707;
  -9.791977586780588, -6.634600525321471, 36.286780969781;
  -9.747456046685706, -4.752571138641447, 36.09297779849666;
  -9.899930247390341, -8.086126512843432, 37.06009146313996;
  -8.561400109748263, -1.575794275789912, 32.7500083534402;
  -7.169724714688925, -1.213144317472121, 27.67622769440933;
  -9.143951528527094, -3.225049340711521, 35.19613061525468;
  -9.491873529509743, -4.691722354374063, 36.56381641877737;
  -9.719243083656352, -6.715678334002871, 37.53195791684411;
  -9.483778164906596, -4.266885003827258, 36.88029330330426;
  -8.653421123298053, -4.306955106105111, 33.93488802033643;
  -7.332682543516206, -1.00031548990422, 29.19207093719786;
  -2.829051389826683, 1.019824314040639, 11.95555153127069;
  -9.370936257405376, -8.655926812693208, 37.40583511016181;
  -8.946290578785179, -4.489076243498934, 35.78602219546249;
  -8.848364024304361, -4.302093616283292, 35.62560240065785;
  -7.30594191878178, -1.123019252909915, 29.6433162966869;
  -7.424915159884648, -1.302329463516216, 30.17050053948361;
  -8.977301546711027, -4.531966489754423, 36.53238921295391;
  -10.09311975657663, -8.57522066445309, 40.86343055750291;
  -2.790739950874992, 0.9457302713811269, 12.23092127718229;
  -2.737911606345186, 1.010852523945795, 12.06693229182449;
  -8.897510298023455, -4.564289157879078, 37.12362009590546;
  -7.778925602286511, -2.199697906574093, 32.57886583144632;
  -8.436850599799284, -4.289926576548758, 35.42705467515303;
  -8.892605671087102, -6.732186799208617, 37.6522336103667;
  -8.545095832225428, -8.132731973887184, 36.55742315393648;
  -8.379456113339151, -4.051274963170585, 35.88007342666418;
  -7.905671810562923, -3.785217093583862, 34.09267226931293;
  -2.71674731227972, 0.9585102109823885, 12.38252635807838;
  -7.190081601402753, -1.741123064405594, 31.31162119920394;
  -8.43797737272812, -6.181636328793807, 37.15576319602331;
  -3.534993445402593, 0.864226426305822, 16.18757135890484;
  -7.564657650003076, -3.259195154147352, 33.53604811146779;
  -8.190226965848918, -6.455620801848914, 36.88366905761433;
  -3.056848513932313, 0.7977072132376353, 14.47560036810868;
  -7.880659641431071, -6.512662031267199, 36.50572558909278;
  -8.184959720867861, -8.06957457729377, 38.04457158078449;
  -8.772787538496454, -8.925115911981694, 41.05727330085869;
  -2.842182116288853, 0.9272884180083824, 14.09131715865474;
  -2.637463378779171, 0.8951480110636522, 13.71885216699706;
  -2.699170335105803, 1.237610317836829, 14.1334547610328;
  -7.047108768929115, -6.816622345625575, 36.05728124405248;
  -7.105880186440952, -6.444293941012579, 36.93416288286819;
  -7.402412141728612, -8.73095056610822, 38.61621022975915;
  -6.86792631181761, -5.902525045828161, 35.94445549313938;
  -7.169335196870115, -7.218538959090655, 37.662857383403;
  -2.528230068394795, 1.3998791730391, 13.92251878596823;
  -2.528718846118693, 2.295307013106727, 14.01810829697332;
  -2.548257301543169, 1.919328603709908, 14.17707144718519;
  -6.635246967435434, -6.508273886248452, 35.48074051015904;
  -2.524439937638749, 2.117274946625153, 14.19455741488337;
  -6.705319795802892, -6.166731356855043, 36.65705978353013;
  -6.493479621217231, -6.433692464691588, 36.37094489919617;
  -6.632549377386235, -8.121541704822304, 37.81319282289419;
