m=[-3.615399200499, -0.1602146047279001, 6.634170746161554;
  -3.582495046543773, -0.02589549460788027, 6.681168364793082;
  -3.480770652514395, -0.01346463049961636, 7.940856604825213;
  -2.315708165557191, 0.6734466981689335, 5.755408500058834;
  -3.561599341466921, -0.9198367327935239, 8.417679942184678;
  -2.209970762635848, 0.6820256817856362, 5.615695629781015;
  -3.516116940547025, -0.892454295155737, 8.445509353315464;
  -1.98502941343593, 0.9393331375291207, 5.521544928582833;
  -1.976655002003792, 0.9445212249129028, 5.557544358994774;
  -1.940614385080576, 0.914978494009659, 5.516482097450273;
  -3.526857511754128, -0.7993725336359229, 9.34200539241915;
  -3.53265473105794, -0.7010726414291275, 9.355523276382364;
  -3.534044750275197, -0.151043698704963, 9.381451019537535;
  -3.528386474839742, -0.05028070359729347, 9.370733956957327;
  -3.495335288508428, -2.05614403363212, 9.526407187642853;
  -2.656671745028159, -0.2397427859337781, 7.293532994418287;
  -3.600894696955327, -2.172058527559829, 9.900762336603799;
  -1.819309601821244, 0.9701231721247744, 5.515926475377553;
  -1.803175505105138, 0.9360218435678249, 5.496265191417932;
  -1.793972941414149, 0.9330489774221751, 5.474302649299395;
  -1.699505939357781, 0.9214904591100823, 5.509850588451884;
  -3.434768677659861, -1.917188775379121, 11.07158251859225;
  -3.245631636507222, -0.7868804127623107, 10.61696770658637;
  -1.556364742124108, 0.7323240179081589, 5.615518853203641;
  -1.518798132963206, 0.7050250105549494, 5.637229201183182;
  -4.724304036720867, -0.2548578248340078, 15.54754772825906;
  -1.471841700447489, 0.684662640633607, 5.615410016798743;
  -1.498235926708053, 0.7537820379014194, 5.743647361730492;
  -1.463233956039798, 0.6491473136238072, 5.661553450786285;
  -6.978556618452572, -4.932135194331576, 23.49818656428103;
  -1.457777516245442, 0.778843433624351, 5.671282550339016;
  -4.555928629552396, -0.7148222167579342, 15.72587379820259;
  -4.364124423811872, -0.6364066246461079, 15.2197572392793;
  -6.859954171462406, -4.735758372637218, 23.7306675899723;
  -6.993087917253909, -4.398881250277277, 24.22202298524238;
  -6.927175379433775, -5.11716876724196, 24.22404843115701;
  -6.610539601229259, -3.779609177595458, 23.20271136732788;
  -6.767372005898446, -4.898078539720403, 23.81131103326496;
  -6.325737059065336, -4.392085392724435, 22.37212828760411;
  -4.438501682400294, -0.7066675002208269, 16.05462034280181;
  -6.614641423984409, -4.790932190245154, 23.71126139589311;
  -6.271018544891665, -1.614102015600031, 22.54659865009226;
  -6.625587920798727, -5.128257993841594, 24.10042974081209;
  -6.401594964960325, -4.142567633084756, 23.41080554131353;
  -6.152437031017913, -2.999746244135838, 22.78130540970043;
  -1.392319714729026, 0.5019072835173123, 5.883933447552811;
  -6.415042965071281, -4.346542570060666, 23.77265030707755;
  -5.888649911696672, -2.910690954941233, 22.68377403642541;
  -6.041043223628896, -2.130661170369572, 23.25267644824128;
  -6.057765245544652, -4.185717186186, 23.39274656564826;
  -5.704226477578821, -2.5664116127979, 22.18246166280429;
  -5.668921384005178, -2.821518744212466, 22.23100085171717;
  -4.53615269530899, -0.6188163443268983, 18.05883324111871;
  -5.742166165176956, -2.881308346885768, 22.96921657388863;
  -4.296517211326328, -0.6604311398061096, 17.43279923182615;
  -4.494734552306306, -0.788376043645435, 18.26396508445759;
  -5.622526855138183, -2.733684647741762, 22.63762043220432;
  -5.29229704352298, -1.137227548568759, 21.37677695885722;
  -5.985551721794352, -5.085387675048538, 24.23335728009287;
  -5.729617146918988, -2.892454127094839, 23.31620504929406;
  -5.321296422486139, -1.050721074871433, 21.87925853471883;
  -5.392517491851928, -1.074332981811184, 22.52040126010676;
  -4.329102829536069, -0.680380681306845, 18.27608223612452;
  -5.618729115048966, -2.882323652558688, 23.44336315465887;
  -5.142778579695991, -1.454257291316192, 21.53843627190674;
  -5.409482424198919, -2.750585913835719, 22.71487770696493;
  -5.669462315939184, -4.292091741577308, 24.00510350514809;
  -5.126043015252073, -1.160788392466677, 21.92145021941204;
  -5.066676259002356, -1.298182767227714, 21.70193754887515;
  -5.34858149284539, -2.585916555604146, 22.90214234624304;
  -5.829180116263908, -5.547879209768966, 24.93825795927604;
  -1.547518669020085, 0.1697022825406596, 7.299479674939877;
  -4.380315753377156, -0.809868841617065, 18.9871302516817;
  -5.300254832193829, -4.148251672067601, 23.19034354824957;
  -5.411337816817161, -3.964329478285571, 23.82826803318836;
  -4.953674095335354, -1.309625477424148, 21.89297087572817;
  -4.430149325895512, -0.748400158465108, 19.73765170744024;
  -4.983140702424798, -1.013674460634487, 22.04632635000304;
  -5.109382353272221, -2.201351994622526, 22.65118929990864;
  -4.837327889709084, -1.266840587554849, 21.54646935838504;
  -4.820566441493356, -1.175277548782758, 21.54703237838229;
  -5.197920563948531, -4.097054240243062, 23.40818913417914;
  -4.302553677266261, -0.7648523493137781, 19.92533677958947;
  -5.11641701011364, -4.728251287456841, 23.62271202878199;
  -5.075707558565478, -4.194619410372419, 23.51229411423072;
  -4.836762905750911, -2.030768634062969, 22.60219099270526;
  -5.278019990380156, -5.369666140116388, 24.70151115383942;
  -1.38499918783166, 0.6350430214656688, 7.252163048286704;
  -4.713559366212317, -1.104048987565512, 22.4420208222164;
  -4.449286540719234, 0.07398329178055353, 21.45945370887925;
  -4.923203339980764, -1.350468281069301, 23.95568400690154;
  -1.310084829531677, 0.7253930291796105, 7.214406979166796;
  -1.302846466673268, 0.9812943489709955, 7.248305511203419;
  -4.241353908165612, -1.46975702706511, 21.48763477931755;
  -4.336171943428966, -0.5115144513189399, 22.00252066208175;
  -1.287525099625726, 1.0798611588828, 7.239565765559554;
  -4.606700721148892, -4.17779821309189, 23.9442025932551;
  -4.215587062178305, -1.379978680946378, 22.03313161944323;
  -4.62732136145517, -5.457803927535336, 24.13937660770136;
  -4.418136647271274, -3.797094061935023, 23.12306639155271;
  -4.135654575596617, -4.164037927577813, 21.72594308823964;
  -4.343114815606476, -4.260004319072912, 23.22399309846941;
  -4.234616045621379, -0.9102130425708912, 22.68786725657223;
  -3.965077442164593, -0.9775509967362757, 21.30423008492892;
  -3.754866195535185, 0.08027696741699357, 20.39553703886483;
  -4.203000971815575, -0.4962649570003928, 22.86422162079977;
  -4.142599437306361, -0.3532601675206174, 22.62751124417583;
  -4.265273232065382, -3.922675575025659, 23.31766129316878;
  -4.186666254788681, -1.201016580235965, 23.00396266686387;
  -4.03996040649767, -1.885867872580628, 22.68447379222452;
  -4.198602465169633, -4.15994483976432, 23.51699671395724;
  -3.408200837398088, -0.100825595758651, 19.31070546780727;
  -4.043936749838275, -0.9201734762997553, 22.93093505474141;
  -3.88301504072966, -0.2845892196490075, 22.30488882422956;
  -3.557828716638919, -0.1714258380995514, 20.79254845283175;
  -3.611613562886817, -0.6259156823024513, 21.25567022087551;
  -3.880044731244634, -0.9940931845930502, 22.80293715382101;
  -3.727269502834665, -1.320668667137337, 22.07414093668693;
  -4.013942554992847, -5.275069890982156, 23.73682353209458;
  -3.802056114825891, -1.977714476067372, 22.87439102653213;
  -3.637969774965135, -0.3645344493831171, 22.03945680110042;
  -3.704655648763791, -1.737753909278324, 22.58143577680277;
  -3.790090858279921, -2.84822385722743, 23.30499653856644;
  -3.648079515365466, -1.01948906646997, 22.61165338740301;
  -3.722301296468959, -2.456577473308002, 23.14013716383703;
  -3.530768496732675, -0.242028242835998, 22.1646439712577;
  -3.682429971462413, -0.8271787673559845, 23.37098392040617;
  -3.655466494739112, -0.365158434738858, 23.26865673781377;
  -3.275193652678093, -1.794730624853264, 20.89340719780133;
  -3.394520903549933, -1.257776149979729, 21.94049605283609;
  -3.277284046439578, 0.06350205127848531, 21.22123111832005;
