m=[-3.644984668632371, -0.08541149892033816, 6.170807078713748;
  -3.578223344924969, -0.04216521827649134, 6.162113032573213;
  -2.340571791380941, 0.6646842947300166, 5.313374874426307;
  -2.251294546848937, 0.6783353226144654, 5.208241541237816;
  -3.621425742096805, 0.01047339964262973, 7.879082540714374;
  -3.646004240698424, 0.0399028535920625, 8.053867472515327;
  -3.599277648503727, -0.9515422000377547, 7.967503528840844;
  -3.540174115782637, -0.9226433403405654, 7.966462079064689;
  -2.012741015192634, 0.9346266561694709, 5.090947622095018;
  -1.983485670752143, 0.963114711359198, 5.077527988737601;
  -1.971762166833947, 0.9291251360067464, 5.061831591615704;
  -3.633233229031106, -0.9141546159190436, 8.850422343602601;
  -1.844091055807569, 0.9110357466261091, 5.094249813527542;
  -3.576261999900219, -0.1806691142965601, 8.954376721475473;
  -3.564250559570869, -0.07923907641144112, 8.928809265961769;
  -1.84400654650793, 0.9417879996959953, 5.111137290689501;
  -1.820071611445837, 0.951587159911556, 5.07717125619366;
  -3.546566995785325, -0.9452831018154003, 8.981101618833037;
  -3.537028174405382, -0.03889835949532919, 8.992597966806613;
  -1.732389468993145, 0.9219924488017547, 5.104070772712963;
  -1.564878594867106, 0.7050952488503202, 5.285671214212164;
  -3.525307096696228, -1.964370268664174, 10.68900877260928;
  -3.296492091224635, -0.461558737030338, 10.09201602471243;
  -1.50969767487832, 0.6970527605581468, 5.207854875754137;
  -1.521307011131549, 0.6872712533536984, 5.279783909890621;
  -1.521773062165294, 0.7921099646910598, 5.397226681884185;
  -1.433158250526513, 0.8893022284015142, 5.226104436901962;
  -1.474349863385548, 0.6520467730525178, 5.3611012034158;
  -4.464941124296118, -0.2783688177815374, 14.4289724389964;
  -6.866290147267841, -4.552931575314783, 21.59261106591016;
  -6.672476724158807, -3.29688635768229, 21.29413788849463;
  -4.310073040865887, -0.7344558227051928, 14.32879244244886;
  -6.749181209798397, -4.068345273621752, 21.93643139810935;
  -6.796052742270422, -4.86690021131724, 22.21822493929353;
  -6.261774791348507, -1.172444911868631, 20.98554027313602;
  -6.08715012233673, -1.616542480020385, 20.54040788962078;
  -6.531165456740282, -4.178393814692415, 21.99993023071104;
  -4.331945249392663, -0.7489586357967024, 15.08127515180774;
  -6.423004229366179, -3.74390825953527, 21.88152080496789;
  -6.467596903650247, -4.732886077181253, 22.07314950739335;
  -1.417353253169815, 0.5006291513688796, 5.718159248310786;
  -5.897024685618486, -1.600809708564585, 20.59030658389335;
  -6.424532857679998, -4.725104119005671, 22.36851881831621;
  -4.317269367331085, -0.671386822316898, 15.50113830122639;
  -6.334094938929859, -4.962916464776857, 22.36756349945714;
  -6.363893556959954, -4.802149294359866, 22.55538454335343;
  -5.966189114789914, -2.982566499676724, 21.44594802124519;
  -6.228944465236562, -4.285948067534431, 22.38196263132203;
  -5.186508165495962, -1.208597511330806, 19.32333396544054;
  -5.564336954124391, -2.033851235840488, 20.78686737288877;
  -5.536186433780029, -1.608481221336702, 20.71566533733827;
  -5.495415077478548, -2.787202425221852, 20.55764423614041;
  -4.396438241927223, -0.6690005153945623, 16.90142237066705;
  -5.652958897436682, -2.886875049073184, 21.47756402216085;
  -5.328007034984589, -1.10645538983195, 20.52889215559498;
  -4.381489821651183, -0.8349010838898202, 17.20813640703015;
  -5.526861898505964, -2.846363427677171, 21.45362918240168;
  -5.395040076448104, -2.694812876466602, 21.07700492196407;
  -5.730262743120335, -4.193952681735865, 22.51461843455081;
  -5.30098490721558, -2.750079891367779, 20.94944040010499;
  -5.319589015753393, -1.690928208331214, 21.05796836421554;
  -5.565392353057225, -4.322497542969011, 22.3276001480789;
  -5.21566936582728, -2.728268278405892, 21.25048308175492;
  -5.494194312572599, -5.004420206419049, 22.55551788173273;
  -4.836912114311261, -1.31689629316254, 20.09438000408532;
  -4.913684071866435, -1.572643845571612, 20.4082665849232;
  -4.812323467772418, -2.400742135070986, 20.00645964306782;
  -5.31173291798106, -4.031715494822096, 22.0437686279042;
  -4.781627722765575, -1.259999238347113, 20.18510064122996;
  -4.686731644766829, -1.317491216379313, 20.07046693205004;
  -4.994474632674954, -2.881725616573935, 21.31076675717711;
  -5.149374471421206, -3.836781462418155, 21.9927663466868;
  -4.936809875247722, -2.202558066196195, 21.20394023589145;
  -1.427897512733668, 0.6191738305159524, 6.927698937114124;
  -4.974178873020253, -3.985353555372345, 21.71934242661495;
  -4.547808725814634, -1.258740328718943, 20.1536937469922;
  -4.943766813882542, -4.148601350966348, 22.18927806943069;
  -1.370796289874397, 0.7237542221384488, 6.985781558962325;
  -4.971191412784866, -5.121720809237728, 22.60493211072579;
  -4.839950862402053, -3.913818249643921, 22.08477230914156;
  -1.342510455008531, 0.9770035698973303, 6.926070908368107;
  -4.487498716408608, -1.138870606285915, 20.73531637358711;
  -3.854868016938914, -0.03098576204711861, 18.10700485669877;
  -4.501961363009077, -2.257212749571111, 20.9788234810161;
  -1.324702668873818, 1.080165010546301, 6.916293491291535;
  -4.64889944466282, -4.102149142871657, 21.76186457146872;
  -4.208599139098313, -0.5391505268211196, 19.97504872536029;
  -4.214999651290804, -0.2345381819000879, 20.39224952709125;
  -4.347242960134846, -1.696999235679582, 21.15739934391024;
  -4.221414687879321, -1.543879417918472, 20.70996445507357;
  -4.007982028105815, -1.393958547784432, 20.28880060987096;
  -4.331435987673133, -3.993014099207227, 21.81725078002253;
  -4.515638891045603, -5.370675286959307, 22.79870396077562;
  -4.313334706289846, -3.775580738559309, 21.86831089284916;
  -4.08401333115089, -4.157384546742355, 20.76652161265438;
  -3.849402704978421, -1.217631199494996, 20.0279731255159;
  -3.908398069306711, -1.049998228198961, 20.32543264170627;
  -4.073758380964613, -0.973124339500004, 21.16431701029022;
  -4.189181871630163, -4.164191271980265, 21.65863371128856;
  -3.600229026968176, -0.01369037736839737, 18.923412149839;
  -3.999764878289501, -0.5631424797491833, 21.08172956448982;
  -3.719875276154152, -1.149010617469634, 19.81515443902304;
  -3.304436669450181, -0.1772876199769215, 18.08267320888028;
  -3.81104156797538, -1.854707792905139, 20.70319372304472;
  -4.04964439826178, -4.085377032285688, 21.98150051778785;
  -4.018749980883695, -1.012573018369961, 22.03603351585968;
  -3.835857003107834, -1.629724013971999, 21.16141427611105;
  -3.650519311614303, -0.3585274805567103, 20.31036839178111;
  -3.970593321463842, -4.902186959777112, 21.88174487122582;
  -3.239632215108774, -0.2361046575779712, 18.33639554265744;
  -3.933990126233021, -4.251464039498534, 21.9937731268407;
  -3.790251443572244, -3.654840280122145, 21.30267931906965;
  -3.646575808406777, -1.02321831546681, 20.75268137317645;
  -3.532637146807353, -1.331680415946774, 20.2413952089489;
  -3.847766537935592, -5.111571875642565, 22.03709872530031;
  -3.556224855313463, -1.930578915819085, 20.72551229350274;
  -3.49704670908854, -0.4383230646967511, 20.50635266488574;
  -3.518586135048381, -2.100965094441495, 20.62700944840298;
  -3.480107443401463, -1.710814665787339, 20.53059353600802;
  -3.645872618005521, -2.809870480917658, 21.69021467154777;
  -3.392877320825649, -1.023796022973361, 20.36408149723824;
  -3.549855051017931, -2.436447624410305, 21.39764743463495;
  -3.27674865646707, -0.3139691626752818, 19.92435770019644;
  -3.514206178630809, -2.133193498661111, 21.23325843478421;
  -3.39400937695473, -0.8442127017431871, 20.83930131929371;
  -3.428224797374594, -0.4324784379613937, 21.13319310061887;
  -3.961701995587068, -5.103275881808161, 24.40079539490042;
  -3.056302091840816, -0.03095284774568659, 19.12793337179732;
  -3.320420184522329, -1.300991680919109, 20.69562120956338;
  -3.488316324949765, -3.519103524937201, 22.0675863079113;
  -3.219823803341788, -2.319089371552183, 20.7632382838484;
