m=[-7.350161826234423, 0.02106065538202421, 10.16137808699511;
  -7.238371466499041, 0.0193267176429812, 10.27513192219066;
  -7.277934498952533, 0.07754652183635269, 10.32685492052172;
  -7.267740168285886, -1.742689919368578, 10.4038055186951;
  -7.029473893476034, -1.768524857753066, 10.17115048968342;
  -8.232925912320459, -1.882638782667728, 11.88709993496319;
  -8.623188073734049, -1.914591111905162, 12.92107811702709;
  -7.374578363239842, -1.847995027176717, 11.98066180227918;
  -7.177033908755375, -1.555004684968772, 12.1035236453182;
  -7.206350365029617, -1.650421440444017, 12.15345393413531;
  -7.232774168855693, -1.471582285340439, 12.19562543717998;
  -7.16794245066385, -0.2586015630479081, 12.13085065505461;
  -7.197600981050829, -0.1686585663068674, 12.18523838134287;
  -7.165564587287493, -1.844389825181149, 12.27224035218334;
  -7.146352266046467, -0.2638757797578312, 12.25507534927917;
  -7.220357274153327, 0.0246431894019803, 12.41234659928404;
  -7.104360756987746, -0.08371666415350855, 12.23452808523719;
  -7.064376518926626, -1.847796430166746, 14.9633419724798;
  -6.843165134342168, -0.08058326227177988, 14.59619626346132;
  -4.622113449608094, 1.312604992390449, 10.492744362866;
  -7.204260042067898, 0.07884536460185626, 15.91390239448484;
  -7.04859981401164, -1.863440620369634, 15.60305966250508;
  -4.459124094064673, 1.343574249384197, 10.31592928466345;
  -6.962452415417859, -1.814560567765529, 15.6676229277657;
  -4.006439104128645, 1.860410631459204, 10.13372881869758;
  -7.179607008807048, -1.806454602237562, 17.48925826762213;
  -3.887667923422651, 1.831929858913523, 9.98027076667662;
  -3.913112685543447, 1.809320918014504, 10.11508664917034;
  -6.888764794397396, -1.613052284688209, 17.20111770998319;
  -6.963267830640751, -0.3517771996589441, 17.4348868650642;
  -6.95459340676011, -0.1546119020417907, 17.42196206844465;
  -6.834463399249013, -0.07516180283363171, 17.3760509212322;
  -6.795955666020091, -4.040357366340692, 17.45636719382502;
  -6.837982721238782, -0.2961833299834176, 17.67475591775069;
  -7.084928364379968, -4.316663025158149, 18.37885119976711;
  -3.682733476344875, 1.81937970561738, 10.1734479249593;
  -3.624716810908563, 1.847207931903593, 10.04979143994562;
  -3.645351231240956, 1.861787340593364, 10.10402628501537;
  -3.461577222146694, 1.842280917130209, 10.19870845631294;
  -6.920723167982137, -1.961157756209098, 20.19588669313857;
  -3.242626590448509, 1.626113645170751, 10.25805301239274;
  -6.654665991352024, -3.382005774724413, 20.07862839698137;
  -6.348316996504186, -4.546036478036244, 19.56292325478026;
  -7.340666138896949, -1.769584430744873, 22.60959514020991;
  -10.40561608378114, -3.883912232920435, 31.78400077641443;
  -3.130545094503547, 1.433027767271373, 10.2902612841618;
  -12.78275373107838, -5.101468660283469, 39.80518092167849;
  -7.655250515776275, 0.4686022878734003, 24.31508516848815;
  -8.218932234621798, -1.428870573866369, 26.07169476863433;
  -3.095071866527077, 1.394562156512763, 10.45418623814033;
  -8.210002790902001, -1.24907735445149, 26.08230101977085;
  -13.01521695681012, -7.39083348338329, 40.79504324954798;
  -13.16564344787217, -9.421401001560179, 41.57500514181084;
  -12.18352158260056, -5.470529801134185, 38.64677933220111;
  -8.114974694419599, -0.5059318475042139, 26.22447708700585;
  -2.965647505866016, 1.369289239299454, 10.23030112597692;
  -12.58714126894996, -6.219335944862741, 40.16983990854942;
  -12.23117835651779, -4.213691442357024, 39.19395598099737;
  -3.008723887680325, 1.359232174801607, 10.4419501489463;
  -11.70327437271437, -5.249187553280136, 38.06041279737553;
  -12.84392964899861, -7.7422044034575, 41.74580187865732;
  -2.979467310270298, 1.280141736598219, 10.49677410568509;
  -12.66082896424506, -9.06687948112511, 41.39184266417899;
  -2.944346650055874, 1.532584837384033, 10.44262557636979;
  -8.344167053754189, -1.421883578340335, 27.74009551224312;
  -11.0203066433632, -4.638042164279228, 36.29032571441961;
  -11.84608830999016, -4.579882818286992, 38.98193652890848;
  -11.6204787055947, -4.716830457572469, 38.36308197783834;
  -11.76563301898999, -5.372991773833098, 38.88124708856974;
  -7.977686816353392, -1.244717484657519, 26.76579750333829;
  -12.44313793820186, -9.381565552832049, 41.65883348928214;
  -12.78923613648408, -8.946672335149417, 42.92551758045974;
  -12.11919539677788, -7.753405027074507, 40.82295188316038;
  -2.915311417722331, 1.289327214372257, 10.6007942470273;
  -2.846715824952445, 1.766441860712876, 10.380733738174;
  -11.96366191350149, -8.981319640353554, 40.72362533943364;
  -12.11021652779525, -7.058930379631288, 41.25638804565554;
  -12.37457047582595, -9.055516784461316, 42.23295735213819;
  -11.00739288242154, -7.746599294525211, 37.78299345769283;
  -8.348688860694642, -1.443421433055653, 29.06520434038739;
  -12.03108755594941, -8.848603100967438, 41.88905471599487;
  -12.00562510934013, -9.406697420791911, 42.39541474716379;
  -8.037404994332754, -1.249912233795813, 28.85827030921167;
  -2.796160942174105, 0.9610095683276647, 10.80336489682416;
  -3.103108810246754, 0.3919175978991636, 11.92329099535652;
  -12.24062886830935, -10.38733962879595, 44.27154066103034;
  -11.76669422523497, -9.711888578348628, 42.68394268037182;
  -10.99091628563839, -7.572983409379916, 40.38348218336203;
  -10.77555806104474, -7.572292438553351, 40.39535062456309;
  -2.804789754647879, 0.9044020149636751, 11.263879858091;
  -2.793640603227996, 0.8990850736157443, 11.36320960471119;
  -11.14401994304743, -10.40264281158793, 43.10882083284988;
  -7.479678198312161, -1.270776069052195, 29.32187312782289;
  -2.766951066993165, 0.9282850896587944, 11.56788535592933;
  -8.992795578297674, -7.845060399147021, 35.62649777868433;
  -2.913770927229768, 0.384849670105998, 12.59509926452247;
  -2.90909324011931, 0.2899356562459629, 12.81797672044684;
  -2.797164732439901, 1.212924027476741, 13.57094257189268;
  -2.703673046075412, 1.047083254591636, 13.49737838965801;
  -2.682439989880165, 1.41627700822467, 13.67011273137087;
  -2.629971989183731, 1.913945632658899, 13.56814199558148;
  -2.5986571351875, 2.118949842701192, 13.56762981799926;
  -7.125774294917365, -7.253792173326485, 36.23336505138141;
  6.588495240159559, -3.888481638255805, 29.86866388744056;
  6.488476288508341, -3.969801193923563, 28.94152175882561;
  6.063671253526926, -3.976106583121806, 26.54727039295494;
  5.873868572335059, -1.84808596745197, 24.87153795235132;
  6.943892282349577, -2.934663981040438, 29.18789271436793;
  6.958049365776222, -3.089397270396364, 29.15653736040512;
  4.859325704336155, -4.004067585997748, 20.65146530897927;
  5.177130277290138, -2.600548230333175, 21.87780225536832;
  4.520206837992866, -3.286969908564193, 19.12832723128035;
  6.361197896236047, -2.455327283125125, 26.52300579729068;
  4.935489210366395, -4.28057105066442, 20.70824540362364;
  4.569477783630255, -3.113694768088533, 19.20605321103886;
  5.063535637708729, -4.200749043629118, 21.05600673058662;
  4.923008700859585, -4.346928155797828, 20.43807593967332;
  5.085029011752998, -2.811321853651659, 20.89899840589985;
  5.696424758998449, -2.646475651095127, 23.26121365355559;
  4.832340539282721, -2.99251845666036, 19.86780034123348;
  4.9804394378859, -3.459070457521348, 20.40270447775011;
  5.608104790089681, -2.322657789668932, 22.81624154673162;
  5.525060586375905, -1.873362868464985, 22.3116202099136;
  4.765223023912564, -2.735796540218436, 19.34176783417133;
  5.037911373093496, -4.097178337044485, 20.39104741340375;
  4.974028026596297, -3.306098555563277, 19.75650340996912;
  5.236447631582855, -4.800095255516697, 20.70791147679475;
  4.969473244414226, -3.687421109663735, 19.6045369106068;
  5.006566617289288, -1.544048493728201, 19.71593527153883;
  5.125874953754181, -3.455516757725898, 20.16887363927267;
  5.518446535428027, -2.136768738438186, 21.54417503183241;
  5.411556745586442, -4.643731403868782, 21.05864059930564;
