m=[-7.239067776663878, -1.594222051730875, 11.19054794561757;
  -7.254357955036449, -1.688286787686705, 11.21913280162251;
  -7.221240797606101, -0.3821552199599212, 11.21011710640353;
  -7.206371630973701, -1.600209177681539, 11.28188659937471;
  -7.084550328569942, -1.850349284482132, 11.13643428547638;
  -7.114850796144699, -0.2991851830450453, 11.19649462636292;
  -7.068725506500037, -0.1112552593118878, 11.16854161277844;
  -7.193139316009629, -0.001826762589319045, 11.35962478270213;
  -4.593577958837189, 1.363876468674682, 9.37673491400969;
  -7.095531091649711, -1.885805980730244, 14.01334524895875;
  -4.608856904594509, 1.287932588800815, 9.452113481099826;
  -7.01444267613056, -0.1080168756376822, 13.92411697779355;
  -4.416806184709214, 1.309766360049802, 9.213436110497252;
  -4.439230885556342, 1.320311107141959, 9.302583097715058;
  -4.227815980133109, 1.343601231255024, 9.029108122844676;
  -7.216309294910173, 0.05238425752127623, 14.92622405075326;
  -7.212370002848815, -1.938214621465887, 14.92987098104016;
  -7.05820630269644, -1.87051365745513, 14.85673422396042;
  -6.945565678383659, -0.2516500929555537, 14.71441091146793;
  -3.930102611266046, 1.806285588107598, 8.945481649456001;
  -3.891758392062633, 1.781092794694604, 8.964018710899547;
  -3.887695164774946, 1.808269837449256, 8.960964241058356;
  -3.816441688612515, 1.781173410778388, 8.957224704831582;
  -3.774021366017107, 1.756109342106592, 8.944088285686132;
  -7.210087266208068, -1.846897781293339, 16.5443505407299;
  -3.607258423914235, 1.868586696862796, 8.947010684815437;
  -7.142919537334245, -1.519845188924049, 16.79103705295903;
  -3.579481935841274, 1.752430779696305, 8.903130459900229;
  -7.18198689766295, -0.3874305265837273, 16.9361454044125;
  -7.143369957586376, -0.1988367679459478, 16.85157955225557;
  -3.619154431825268, 1.830093489273158, 9.022890819180407;
  -7.16309432646793, -0.1137552915638123, 17.14709771479825;
  -3.43119895693658, 1.86728561641547, 8.925055524519834;
  -3.447342502499149, 1.768193937650149, 8.987244207422744;
  -3.356993829678771, 1.762356671693117, 8.897139791481457;
  -3.211241714772163, 1.591386123420658, 9.148989913080136;
  -3.175448940983932, 1.387339377720631, 9.116838891150799;
  -3.039166161558555, 1.354027188198631, 9.267064439330536;
  -7.436204316418137, -4.109113579373561, 21.33542900794511;
  -2.95061916952137, 1.347808678648957, 9.167269849125921;
  -2.951149525004633, 1.316994732204974, 9.243134091970976;
  -2.899078227935277, 1.367766860219905, 9.18840729028074;
  -2.918253649145511, 1.287940517977294, 9.377931567844513;
  -3.027074053159302, 1.558802176224992, 9.689101831305678;
  -7.752613244007729, 0.4535815005907605, 23.61020759738942;
  -2.779530618630276, 1.703384639157099, 9.133182095495993;
  -2.84420236461885, 1.269447607352361, 9.332502769670391;
  -2.854409523079553, 1.243127771784894, 9.377329174187807;
  -15.57010075366676, -10.54583794792478, 46.84342399932482;
  -15.28240079448553, -7.178483052312432, 46.32271500243503;
  -15.05873726296844, -6.116156543089532, 45.68382832741919;
  -15.63738231901037, -9.436484849809053, 47.49212798447284;
  -15.51045772323775, -8.91108681242962, 47.38710408123049;
  -9.930556517290704, -0.6938781748006105, 30.83871956634859;
  -2.798913858334481, 1.185610647022304, 9.414717664215214;
  -15.25184019672809, -9.354004505910892, 47.18570030259156;
  -15.22424607219033, -10.01464892535524, 47.32815558002273;
  -14.0227731393158, -5.621179872998234, 43.96411351144261;
  -8.884517393981581, -1.568209786024864, 28.44430717392778;
  -2.855178676398706, 0.972128246504937, 9.999326055851059;
  -2.951894350809029, 0.3471301556574302, 10.41094741022892;
  -9.022122008908841, -1.628687695014401, 30.30179412291055;
  -2.698664338575939, 2.110463848439188, 9.74505328679326;
  -2.859492074911904, 0.9034282163411813, 10.44088253101431;
  -9.37993841474116, -1.521854758488448, 32.47917294044876;
  -2.660439893750434, 0.8708291570778145, 10.13360285144184;
  -9.177935846141422, -1.732471175577451, 32.84525616117605;
  -9.14784975831339, -1.509744558086225, 34.06207581065167;
  -2.922014283857865, 0.3654974830486947, 11.60405541585659;
  -2.851850690726513, 0.6575750533172171, 12.06787061436539;
  -2.780329223138932, 0.6945540418910411, 12.15186173143307;
  -2.755883415146953, 1.151281246717448, 12.32509272516661;
  -2.806106808552058, 0.8586949108362691, 12.76497570859938;
  -2.731605921573213, 1.023449180336645, 12.57833762009645;
  -2.649421194655611, 1.381663560393145, 12.49840728081939;
  -2.618062750503996, 1.871186773679461, 12.45828546554761;
  -2.585577060429729, 2.077828690306596, 12.46019389044408;
  -2.492327549123153, 2.039763497767857, 12.25168281976192;
  5.147119190788911, -3.185620303007144, 22.16886935072352;
  4.534075713327304, -3.514812850084817, 18.50167751497215;
  4.499959311882066, -2.79069309804881, 18.29577151335124;
  4.522105333234858, -3.584150811142287, 18.3331568526886;
  4.548746584830773, -3.770400238888427, 18.38520045524992;
  4.691268426698774, -3.346049634973835, 18.69992101584224;
  4.581698819845679, -3.992807099076678, 18.27812855898632;
  4.470540635528554, -3.080041730289707, 17.83129422550274;
  4.834773703023267, -2.025760791426722, 18.81180466801549;
  4.623977382702329, -3.238534038063553, 18.01747209041968;
  4.437266503115263, -2.770303507929337, 17.3255600278879;
  4.628524487953898, -3.122286401303522, 17.86806161906717;
  4.525177402551478, -2.623163359186058, 17.42448170895672;
  4.562743412844291, -3.729569670233211, 17.54835765851269;
  5.170751188308301, -1.602003794731426, 19.67736343831611;
  4.715696514806176, -3.413240645028971, 18.03050607373056;
  4.638232436514273, -3.106515924486634, 17.4903865682628;
  4.831277492353349, -1.521099781351004, 18.08073952988066;
  5.171964779552611, -2.019444773664646, 19.25343627707105;
  4.817658572900626, -3.602800540618076, 18.04057161079645;
  4.692356225717632, -3.189208650475399, 17.55061352518423;
  4.78862931766342, -3.952523756674943, 17.92254388428524;
  4.721913980518129, -2.594966919104051, 17.56948407476903;
  4.629386711412282, -2.64433612750559, 17.22648931989328;
  4.874475920097862, -3.573892740491137, 17.98353498524946;
  4.999253351155878, -1.849863852606534, 18.14514576892898;
  4.7025468824842, -3.359871778566171, 17.13918450136046;
  5.083141533961847, -2.739784155368735, 18.38015749119082;
  4.940420672746196, -3.26690149693743, 17.85814371012256;
  4.841927345464157, -1.717658692256436, 17.51823319266542;
  4.860845820916556, -2.081286600347189, 17.41460986133481;
  4.802765200192589, -2.215501436970373, 17.18928409738944;
  4.636890851724127, -2.932230980847144, 16.62870647517825;
  4.911159466596255, -3.853121435914138, 17.48280868272527;
  4.917625527110764, -1.772744681454355, 17.4320525487654;
  4.874014510057629, -3.281552601167949, 17.27134659473166;
  4.965059371393452, -1.695892060089978, 17.50830576040344;
  5.006753777717938, -3.185363635254392, 17.43303857134023;
  4.889532869078547, -2.673384697177863, 16.94092706331342;
  7.322273434597374, -0.6572736641380312, 24.76598355826124;
  5.242160608225364, -3.816148257415415, 17.99871875348028;
  5.125789390558549, -3.580837023840261, 17.60112357580322;
  5.060769338128928, -3.108290439547538, 17.31817919274393;
  4.914005279839143, -2.201230824298274, 16.81850662096078;
  4.960779672198819, -1.251723151161604, 16.9524609253847;
  5.204569041071034, -3.138407110355516, 17.73950040271885;
  2.696336175606766, 1.24501118241131, 9.654490708234583;
  4.867284794549175, -2.455353735136571, 16.6003961507463;
  5.02398829919707, -4.02363588771194, 17.08913427677951;
  4.974574379224865, -2.86750165783293, 16.81015655699382;
  4.941867083715947, -1.833324459825994, 16.67713762130591;
  5.04540355995058, -1.372411412679188, 16.96532792064319;
  4.902966484341445, -2.491138597850664, 16.49866337576005;
  7.259003539152957, -0.3406327424531465, 23.83651932808937;
