m=[-3.549836216252461, -0.1878608507963581, 5.510698342303519;
  -3.511576683663529, -0.1476646163047969, 5.526096132613881;
  -3.420558801792966, -0.003815559807992146, 5.551923887488254;
  -2.190711531836716, 0.6496368980161189, 4.569813546490493;
  -1.909838491338936, 0.8740475715031497, 4.44165054317486;
  -3.445170774656972, -0.9130136907161881, 7.251698853812292;
  -3.442708514738828, -0.1247354006671084, 7.293492003385005;
  -1.870403698508651, 0.8703271894637372, 4.432687096043168;
  -1.780390364673019, 0.8716375528221351, 4.428307774797531;
  -3.504052307897165, -0.8975794874664032, 8.040439394763819;
  -1.702148655464931, 0.8730577049975573, 4.437512557255222;
  -1.671458278686427, 0.8774831883386547, 4.429915190676754;
  -3.467140605456031, -0.7377259313902563, 8.150292897707443;
  -3.489586792937127, -0.8390782204458448, 8.20197398599198;
  -3.455810795366932, -0.09619300879884006, 8.152436578455804;
  -3.466482877514177, -0.186998570975647, 8.17445908660603;
  -3.475684548104727, -0.008257750004160784, 8.291002750160068;
  -1.504359157928256, 0.6702309424259529, 4.5871112388501;
  -1.465829460128226, 0.6541483787734219, 4.59104431718191;
  -1.456007912703181, 0.6166366698891287, 4.630604494876254;
  -1.443809497546426, 0.6372101180015553, 4.639742905473264;
  -1.486261381508546, 0.7653554010403862, 4.757246641635272;
  -1.382112880952575, 0.8470026684418898, 4.541446146936482;
  -1.418718699864017, 0.6332141065109405, 4.6551526574089;
  -3.119522700827217, -0.7470838325756698, 9.176728392203833;
  -1.390478848953033, 0.5890022384465339, 4.677159228024851;
  -1.484794739320389, 0.1746055135199399, 5.236677912206615;
  -4.542097945059263, -0.3173701923347167, 14.10519989757693;
  -7.528920364302698, -5.099438683212672, 22.65113209361385;
  -7.282985073876076, -4.394966939413327, 22.11907672149425;
  -7.101816626196578, -4.355567843927888, 21.97139404853992;
  -4.19788662775259, -0.7409706794793379, 13.43978197420208;
  -7.041986185713174, -4.632283204876804, 21.89167307263932;
  -4.24368183105156, -0.6987374736250938, 13.69582312009185;
  -7.346341190720807, -5.269113260805068, 23.09446497353966;
  -6.886992001396139, -4.17962679886682, 21.81461678364609;
  -6.935022691835528, -5.008281354656043, 22.099830313136;
  -1.32010294777954, 0.4321030292664201, 5.02826582447512;
  -6.203996820471691, -1.691043338478307, 20.36394241846423;
  -4.280092334515101, -0.7726490189189194, 14.37516325089132;
  -6.84773330385491, -5.177737746070963, 22.70403713992901;
  -6.54044440937021, -4.830025958369761, 21.77139114392135;
  -6.491385902588552, -4.604855980926147, 21.66231154485066;
  -6.579399157721503, -5.167185772465369, 22.15867366042583;
  -4.331978208578053, -0.7028448758290379, 14.99999927393389;
  -6.599026189228597, -4.896770353477526, 22.40287360618235;
  -6.168358282334473, -2.461114726078529, 21.30135106433221;
  -6.477104989827215, -5.117595526295439, 22.30745135784455;
  -6.339336579898911, -4.214898531897036, 21.93181234480154;
  -5.912724298579342, -2.999131118966992, 20.69245793476505;
  -5.706846549974463, -1.776937098667255, 20.27773239466116;
  -5.779747248568254, -2.954944868411062, 20.63820489879321;
  -5.768838934125053, -2.988609271468859, 21.34567412989212;
  -5.332719159353437, -1.150477961046818, 19.97631867325909;
  -4.416425530569959, -0.8768757757534473, 16.7703209847495;
  -5.318070558181165, -1.543081733234035, 20.11893324942289;
  -5.573300859447, -2.911764986602528, 21.06076361722497;
  -5.304130413606326, -1.25404690886236, 20.17396611124194;
  -5.197714216900976, -1.385627492117753, 19.79822870443027;
  -5.526378928503192, -2.803720363350495, 21.0076582337637;
  -5.155431764444074, -1.675469084668893, 19.8483147598385;
  -5.409366218921309, -2.324638765012018, 20.79336227726627;
  -5.45418393222561, -2.870855861613283, 20.98271562182117;
  -5.772975920610949, -5.018630464465939, 22.1450545439319;
  -4.99334275405037, -1.100209300864308, 19.3522275384948;
  -4.227927220480444, -0.7551919064059541, 16.67212908562016;
  -5.122121465642282, -1.569413613183153, 20.20405655353808;
  -5.409145708865805, -1.20973277343476, 21.32062754039943;
  -5.437209009543233, -2.885551627415612, 21.55472026581074;
  -5.559314516933041, -2.865972661639236, 22.11845463725926;
  -1.333562175935436, 0.4080824900426298, 6.066372359684534;
  -5.505320537913348, -4.476652145400169, 21.95142852953071;
  -5.002382598954324, -1.25415999012577, 20.15960797589216;
  -4.978347988874035, -1.391055420319407, 20.08095006685661;
  -5.62503109343022, -5.085379036271348, 22.48725758709799;
  -4.961533542208395, -1.628934729651833, 20.05508943673007;
  -4.955245727985668, -2.513519041140437, 20.04293899779047;
  -1.344001346345846, 0.5035561921379941, 6.188778023466123;
  -5.392011939407478, -4.133728488983233, 21.80620130681291;
  -1.32763092929833, 0.5849776176241819, 6.203453893439015;
  -5.464485339422212, -5.282751174335269, 22.40323004492029;
  -4.814710634384308, -1.393718813167272, 20.04522413048412;
  -4.627368001452614, -1.088151670891819, 19.33059074663695;
  -5.438937254555701, -4.362972187055431, 22.46482594092579;
  -5.261543501193257, -3.077975043122437, 21.84141163502106;
  -5.242122378245508, -3.944347691102927, 21.81122572226418;
  -4.789760238709365, -1.376493718430596, 20.08289343874133;
  -1.288630804708705, 0.921012652375373, 6.13206479549386;
  -1.276764072821671, 1.026036725751524, 6.152873237925081;
  -5.141154643326923, -4.159663554028823, 21.86861146038817;
  -4.924059903880955, -2.851580158599222, 21.08437162111181;
  -4.711936960597812, -1.339105754927001, 20.27489807741608;
  -1.251267972601377, 1.024059111867628, 6.150932419870753;
  -4.123383061886933, -0.1343743041951256, 18.11265828001375;
  -4.722498913033609, -2.104528212795739, 20.80984670718451;
  -5.205637986903472, -4.409558434646968, 22.76987185606831;
  -4.502191546369201, -0.8308062605392551, 20.06483407752133;
  -5.088160686414393, -4.153738190429793, 22.606398188655;
  -5.123729196163645, -5.317895266122587, 22.7047036259566;
  -4.542616203038275, -1.193078758925583, 20.38552496881722;
  -4.229533245953532, -0.05529431274535375, 19.19015427781584;
  -4.286351593878002, -1.288410463860432, 19.69496844352171;
  -4.277636044755594, -0.1542591228697055, 20.19163781560224;
  -4.295164623119122, -0.6391766067382808, 20.5075052782772;
  -4.22914930749954, -1.596973903626199, 20.73255947468782;
  -4.154445388154649, -1.178575132951401, 20.41293360829349;
  -4.084688711514945, -1.459044557750084, 20.08373137040753;
  -4.199160450781021, -0.86831626012707, 20.68496239357254;
  -4.227149177782585, -0.6978088613547148, 20.84074229257872;
  -4.438566497650764, -4.12039283231186, 21.764897295844;
  -4.464301833304528, -3.943766677102657, 22.03127736266734;
  -4.550558040000308, -4.734959273722311, 22.6363520323657;
  -4.005898245486643, -0.9885960574561711, 20.20812124770261;
  -3.966709889354668, -1.290124817409168, 20.04714791379018;
  -3.617474609219663, -0.05339921253264628, 18.41214009065562;
  -4.323178835621658, -4.340572838921644, 21.79846735947939;
  -3.944004260016993, -1.489098559727466, 20.09091229210273;
  -4.228355542194181, -0.8986604894667299, 21.51632504492483;
  -3.960090368150927, -0.6005460336395393, 20.28656517446795;
  -3.939328966498858, -0.458695737530655, 20.25131508458982;
  -3.678531822238383, -1.173246340852138, 19.03739933018528;
  -4.206030815436609, -3.981200566423957, 21.7111106739537;
  -4.181072113421991, -3.610568042522995, 21.75708792930005;
  -3.495830227302468, -0.2212957549213817, 18.50068907011138;
  -4.245749278224111, -0.8400662478732829, 22.31886080888491;
  -3.779408487162254, -1.878593637800865, 19.97142856127297;
  -4.111593452490109, -2.497172886470565, 21.77946410640395;
  -3.862369663670133, -1.007622921367923, 20.61377053923247;
  -4.131367193392392, -4.197841208211854, 21.83501208317261;
  -3.884571260837782, -1.695683598922652, 20.8199659008982;
  -3.758663815559361, -0.4061591437724567, 20.29391327338387;
