m=[-2.151425417470443, 0.638458797945951, 3.996037658039771;
  -1.802022175745316, 0.6883503121302677, 3.919957441073153;
  -3.397152907035979, -0.8741175627358238, 7.305287272970394;
  -3.343820839488465, -0.7144060385509397, 7.371454138446453;
  -3.331519188351515, -0.7567409066656211, 7.350999436345746;
  -3.335807672869011, -0.09523050024203587, 7.377514141854931;
  -3.334405837721545, -0.1816119451349605, 7.374253196906488;
  -3.310197461807907, -0.8347812631262022, 7.395382091660776;
  -3.283443044862187, -0.05716304359651545, 7.375711891490351;
  -3.311270453144409, -0.8990291359562936, 7.414204651645778;
  -3.261996746012008, -0.01158177187823364, 7.511505564549647;
  -1.494388399889818, 0.6450158518590026, 4.051829105684528;
  -1.459242889695378, 0.6828938772761052, 4.048984077293311;
  -1.449452252443345, 0.6478983732125202, 4.045459681488211;
  -1.425600982206782, 0.6082255475967818, 4.124275748669411;
  -1.409173608883424, 0.6292727485715871, 4.12409607592196;
  -1.399279564836667, 0.647800058790979, 4.133363556443921;
  -1.377943531045916, 0.5842292000650723, 4.138602144626958;
  -3.526326122248249, -1.787133930777687, 9.413106558004053;
  -3.448969265008769, -1.842142995475298, 9.390851445032769;
  -1.339495231908105, 0.4659499933216167, 4.418473179192429;
  -3.980670548581647, -0.5150990256127765, 11.74689934940335;
  -5.923411176902813, -2.411010511860127, 17.49244820091128;
  -6.551460401153489, -4.433915653512311, 19.2105892301624;
  -6.268671507251248, -3.783720590431678, 18.56024805862866;
  -3.972651106660357, -0.699280078303458, 12.20512631327823;
  -6.181426468646778, -3.552112625490234, 18.40708045436693;
  -6.250065208088523, -4.211950551087352, 18.70993373731687;
  -6.14295492720531, -3.772305544373507, 18.53117004390953;
  -5.86516574024195, -2.93724760790839, 17.75624928990816;
  -6.201282262192293, -4.084214555061785, 18.80287304870944;
  -6.264294625026809, -4.497844859602439, 19.23167483371954;
  -6.043431202221296, -3.688428906511113, 18.67438061663869;
  -6.010487898662651, -4.347344927275712, 18.69850875702666;
  -3.827388346608178, -0.6358457256889427, 12.32679994771976;
  -6.140825184894026, -4.318066036885758, 19.17401168458667;
  -5.15192372179205, -1.012661451476641, 16.34588983222227;
  -5.312743587737988, -1.44999363102209, 16.95379405307127;
  -3.733017656851534, -0.5942129670269465, 12.34072549671476;
  -5.376522465329804, -1.793210742872507, 17.30701672061968;
  -5.77149062700007, -3.730289842023483, 18.47733365266575;
  -5.334837480419906, -2.622464100666195, 17.25565601956035;
  -5.302728395307637, -1.89682776026174, 17.24732933970178;
  -5.617193315310949, -3.317144535373374, 18.18520618000961;
  -3.905362413454585, -0.6348012167039959, 13.02687656017527;
  -5.736730524339527, -4.245251402099551, 18.6312902473437;
  -5.694027671038583, -4.054043352007397, 18.46862930605589;
  -5.128497208006262, -1.437062686703867, 16.93886147060741;
  -5.696210228918762, -4.475128986072779, 18.72112874409579;
  -5.625981672233519, -3.777730304092973, 18.54269870102601;
  -5.210194468370606, -1.910312811571522, 17.3551045538752;
  -5.66006981417696, -4.195929713549835, 18.74301785924326;
  -5.312862184565875, -2.815893929387816, 17.69570336198527;
  -5.166084101050854, -2.593191210671143, 17.28152366019661;
  -5.600448282072734, -3.889360703682057, 18.69773221169359;
  -5.232825348476148, -2.092993785010357, 17.59940852209974;
  -5.435610864585888, -3.351242319141577, 18.28756723948678;
  -3.919410455185518, -0.7387636633880266, 13.51467520617802;
  -5.639793583552, -4.458431218920671, 18.95362051996986;
  -5.55366857418454, -4.224814195930006, 18.7301561151341;
  -5.116202786524105, -2.593783493693127, 17.44237464852746;
  -5.499535137296446, -3.826552189160831, 18.80338277861547;
  -5.128966319919483, -2.61952484215734, 17.8108024812478;
  -4.983430502530326, -2.490676791634172, 17.4071580415116;
  -4.798019891390906, -1.153078911402306, 16.83673274007934;
  -5.247145942473858, -3.66188181767154, 18.35466483566257;
  -4.901184016158288, -1.449508138105424, 17.33509622644003;
  -4.974014154521562, -2.55672235809904, 17.60509104657906;
  -4.709296087913073, -1.316016762349118, 16.87623471328019;
  -1.337067638701732, 0.5161844321810833, 5.569135838868981;
  -5.007815471769061, -3.068740037207609, 18.01579571937034;
  -4.899949370278806, -2.538363028625331, 17.654415253521;
  -4.468102182579081, -0.964288592238037, 16.26318843344279;
  -4.418214671585323, -1.039885433738628, 16.32938656784079;
  -4.68316604766301, -2.449017121189037, 17.23986332304422;
  -4.714646878472562, -2.390511109789923, 17.44746933104655;
  -1.284442645471434, 0.6682358020741465, 5.551579920999465;
  -4.367060874108671, -1.410351961188822, 16.34859253359555;
  -4.920701254920309, -3.503956822121766, 18.28827072260434;
  -5.023966772204892, -3.677332126390216, 18.7238376314138;
  -4.358328588231779, -0.9599954890424782, 16.40092820407818;
  -4.782446689327444, -2.515911050163176, 17.89670823876915;
  -1.26095723985095, 1.028017130185847, 5.525983935486529;
  -3.705690889624657, -0.7498509553528935, 14.23789783775852;
  -1.256726343452558, 1.010661495406836, 5.554093414874223;
  -4.478596704293401, -0.9982579018626158, 17.1667367291306;
  -4.207001071251302, -1.069179808328501, 16.23974639105909;
  -4.531239689829654, -2.403484760124774, 17.49089591143316;
  -3.731796153735121, -0.7806114753762161, 14.65217464695752;
  -1.247936637012301, 1.047257904860651, 5.611273462062138;
  -1.239539673415738, 1.01577680446957, 5.581601697750838;
  -4.213112014244569, -1.184360928105652, 16.51525202856825;
  -4.239661306500476, -1.390731212665804, 16.62990706577962;
  -4.415321172402718, -2.233009106858312, 17.32936938749975;
  -4.931642864413544, -4.466463428433199, 19.24078231567088;
  -4.734032689706047, -4.341631908626733, 18.49010548263115;
  -4.620016210453539, -3.5425437562587, 18.22098169690812;
  -4.139139838055396, -1.127055808369471, 16.48751825267049;
  -4.072421816493758, -1.180013497591298, 16.45067082897988;
  -3.969597427673374, -0.9314074836177197, 16.09081424116893;
  -4.314690725588704, -2.524360875511898, 17.44905189200203;
  -4.67275913911631, -3.744796064609373, 18.80400520197636;
  -4.42260806848506, -3.321939593723346, 17.9299620029111;
  -3.464414571998899, -0.2137766531568234, 14.47678000475094;
  -3.945044899628647, -1.123961500613517, 16.48746391872093;
  -4.460104505432962, -3.598646572974482, 18.47394999666057;
  -4.246746452583019, -2.455255924421532, 17.68601026718892;
  -4.346068108786169, -3.459354558764224, 18.16061198871868;
  -3.544208308316869, -0.1150053175558694, 15.08199193039147;
  -3.86506125425446, -1.185577829201137, 16.41453207467946;
  -4.428929110675261, -3.755118176177962, 18.90315067494811;
  -3.725788533352012, -0.9748650085109899, 16.25087699004987;
  -3.491045530660632, -0.04700536060894496, 15.35584979799769;
  -4.288521403177924, -3.494891671674631, 18.57795913675484;
  -4.364248759227047, -4.531469865342038, 18.89545445693691;
  -3.499401669278901, 0.1660976238503297, 15.50770333902728;
  -3.635573839127021, -0.1762460622253554, 16.15066031912506;
  -3.59572875776217, -0.4970516928323078, 16.06845562744747;
  -3.661868471246429, -1.102502758292725, 16.33550085020329;
  -4.134223591947509, -3.681561019118994, 18.37923972439824;
  -3.471876620970992, -0.2268996863631593, 15.82320240730763;
  -3.580619380357663, -0.1275485419291008, 16.38708960584283;
  -3.555556152446055, -1.424541341528262, 16.36942940223842;
  -3.561279721092635, -1.332528947836433, 16.49524652072509;
  -3.385069378477678, -0.9581585465506847, 16.1468251008663;
  -3.425837910191677, -1.217890293163286, 16.34566075125252;
  -3.409725421687656, -0.5648345483168191, 16.3262884594922;
  -3.430803447544924, -0.7127180166900164, 16.41572451774685;
  -3.467012793757846, -1.376233004203481, 16.61985924640225;
  -3.778960194863541, -3.339506526912441, 18.19048616443947;
  -2.970491849388045, -0.05046561769948857, 14.63417737936175;
