m=[-6.989327220239601, -1.45642651617829, 9.82983704974615;
  -6.959480579834013, -1.628692032780119, 9.788945583453579;
  -6.948514767273538, -0.2837124438848283, 9.79514286087799;
  -6.989587040335663, -0.3737902175217382, 9.863179117030127;
  -6.96288204549355, -0.1937427487077678, 9.830353476119036;
  -6.985851083262396, -1.563290686332421, 9.952687535643227;
  -6.912966498890775, -1.812174520359108, 9.876485262993068;
  -6.935948432916555, -0.2907621644484508, 9.920890607727662;
  -6.919516951590155, -0.1141587490617887, 9.933886889342617;
  -6.953603915830406, -0.008323869235816434, 9.993510976741838;
  -4.47300496297225, 1.328137654002085, 8.1457442635982;
  -4.490849561944014, 1.254579521598597, 8.224145087519549;
  -4.343560183763267, 1.288998536138884, 8.067688483799655;
  -4.324899796994832, 1.278941907901809, 8.073725907083386;
  -4.136512840914255, 1.313967040019503, 7.846195885201842;
  -6.858346749844322, -1.823559275742491, 12.5511623596092;
  -6.789650132836456, -0.1135468305386577, 12.47684793293693;
  -6.928182336360504, -0.01506259414939175, 13.08935291751232;
  -3.85070194482961, 1.726424436819894, 7.812005466819691;
  -6.849846704137303, 0.04526840061352152, 13.18061858299249;
  -3.810491676286946, 1.740987001512329, 7.785570065668279;
  -6.748536752279714, -1.817150389793579, 13.00437309113114;
  -6.779812406114462, -1.677156925526381, 13.25352380503938;
  -6.740137246090267, -1.793279063214656, 13.20363929192974;
  -3.746617342573593, 1.749132772284123, 7.802722423611491;
  -6.843357588978178, -0.2521448095106553, 13.47504876054989;
  -3.703980038892797, 1.722497756670351, 7.786438493543765;
  -3.615731098393533, 1.381164817868515, 7.865337183325822;
  -3.538603975681972, 1.729723743117428, 7.801248610315028;
  -3.467158948263345, 1.731169886685249, 7.826125397442067;
  -6.833145571628677, -1.758228939451117, 14.69409612837433;
  -3.357337417440466, 1.721810344098178, 7.7693382247775;
  -3.320129497789969, 1.746892346507665, 7.806072749453567;
  -6.760490630808175, -1.444376227691451, 14.90350381512158;
  -6.711889305328489, -1.524578101219585, 14.80978848112187;
  -6.731838708218517, -0.1921802545591553, 14.88821902848316;
  -6.726164340490819, -0.3663476639090379, 14.87534550523569;
  -6.698714574508771, -1.818739864700448, 14.99896836007684;
  -3.633250740677561, 1.525260840284141, 8.630376970282292;
  -6.648529777388167, -1.599372741647955, 15.16648887701633;
  -6.600242134873663, -0.8514499797200544, 15.46682223190181;
  -3.121415690725439, 1.682174262405732, 7.876818076411218;
  -3.187076765888006, 1.378445089210087, 8.021437186674323;
  -3.152765907519802, 1.561715209095444, 7.990418087008377;
  -3.028777050312919, 1.342756559751889, 7.895471626583483;
  -3.041642696546349, 1.38832486284177, 7.96811118445094;
  -3.057145703341214, 1.325482559251462, 8.031043972390242;
  -3.112293063712589, 1.708149347212849, 8.184604262163775;
  -2.993021307295466, 1.29186374057753, 8.115166611121895;
  -2.973383521843209, 1.324474508192946, 8.078692219954609;
  -2.875738598320415, 1.332241399375882, 7.942981886639812;
  -2.901031974903888, 1.357619754349211, 8.049538810195386;
  -2.904558182361281, 1.298323913796219, 8.106698926764771;
  -2.852890093862001, 1.258099500077401, 8.179459355837965;
  -2.914193653225269, 1.504783571201429, 8.358482104540162;
  -2.857837229288662, 1.219281997853197, 8.26774737497353;
  -2.742182716375776, 1.681600210025246, 8.015710120237852;
  -2.824418134098346, 1.261256491858223, 8.265959332595919;
  -2.786700941783891, 1.290110339123832, 8.231698943464519;
  -6.818975560982, -3.626805190711154, 18.75060866480841;
  -6.977347068308837, -1.076935622684261, 19.15278454458643;
  -2.756151133754419, 1.168570362901272, 8.277997418670685;
  -2.717802039053217, 1.346576468057737, 8.259663471225734;
  -8.35113327181894, 0.3245412281871444, 23.71990096695176;
  -12.93183861419482, -4.499627360242743, 36.45376272481907;
  -13.47202886622676, -7.334666557359831, 37.93624928056981;
  -13.3308004398932, -3.659762121989443, 37.73056701843032;
  -2.715136698817198, 0.9210933084507751, 8.541747167336805;
  -13.23781222733181, -4.98317708867362, 37.87838140964222;
  -12.77802969246686, -3.053570446493972, 36.64754853389508;
  -8.383670491830369, -1.084847502122251, 24.74008643623732;
  -13.05791131330287, -6.3912671978961, 38.02871409506145;
  -11.4703259619206, -2.346658544158436, 33.72905189499544;
  -2.981443731002749, 0.3540871520181109, 9.494246386135297;
  -12.21507347205075, -4.364790547387161, 35.99236820820638;
  -8.531650503499245, -0.591888000031584, 25.48932578340052;
  -14.27142268094779, -9.658653269399883, 41.84753048426276;
  -12.59897560093672, -5.128170526296405, 37.2060830325753;
  -12.74776707045185, -5.98807509406786, 37.62354189972072;
  -12.5540452169599, -4.892246169005258, 37.07863312768272;
  -13.47892966152491, -8.135775441143721, 39.90834067366981;
  -12.8921473308041, -7.408380498531541, 38.39029621258499;
  -13.62392088481403, -10.0010369505622, 40.64786137944147;
  -13.30288094219323, -8.964878741266181, 39.82294786648655;
  -13.0232979872466, -5.959743239736919, 39.18837840069948;
  -13.41430925867687, -9.709765774835095, 40.37448028634975;
  -13.16504541974958, -5.187568787216549, 39.65021927742392;
  -13.12122172320543, -8.057564810738457, 39.58218704482329;
  -12.04482039564264, -3.115683921241505, 36.48781193006313;
  -8.0623880613135, -1.419170021091455, 24.76997401307676;
  -12.68887213829884, -6.092301729089671, 38.3885095276337;
  -12.31088548741237, -6.165233950855825, 37.27007238588097;
  -12.90683440420885, -8.500545323477391, 39.13473996219285;
  -13.27590256881547, -8.642717190057716, 40.61040998105783;
  -11.32645293800382, -4.911160626691578, 34.81512522855551;
  -13.43535677752497, -9.646760574971655, 41.24716800325533;
  -12.86426954235711, -7.851325191513775, 39.75097221272417;
  -12.50077825502551, -9.041727701685522, 38.88967345284101;
  -12.56143665460344, -8.832870397640381, 39.22162346895048;
  -11.53406793000987, -5.353815975287309, 36.10087729941334;
  -2.615184835889012, 0.8583417509956501, 8.967381206930853;
  -12.36252258224062, -7.248445558222567, 38.76499944494359;
  -11.55551306053834, -4.458543290741507, 36.78354538776206;
  -8.365717993129616, -1.389800445247346, 26.94331559318649;
  -11.37423211033162, -3.10434031783752, 36.29695006464572;
  -8.249237617925832, -1.491425640719664, 26.63937704340284;
  -11.2919578350593, -3.766163022374654, 36.34879316884166;
  -11.62174718660209, -5.712941564900948, 37.59081181654184;
  -11.14513527685986, -3.986702770544923, 36.24998384334155;
  -11.96992029311335, -8.857888773363591, 38.87494074758551;
  -7.423037749967428, -1.181581683029419, 24.5393083142715;
  -11.74944501158041, -6.346344916017746, 38.38754872198516;
  -11.91777894016353, -9.362996771777706, 39.16889737491758;
  -8.190633201413982, -1.331355037350929, 27.32099005636469;
  -12.02295955631798, -8.073168614279378, 39.62652733970231;
  -11.96946410625121, -8.873217424437486, 39.63623892891147;
  -8.951588120663025, -1.753106604393575, 29.91699943601873;
  -10.90332987713346, -3.997695456383305, 36.31888044712853;
  -2.489421967302557, 0.8938018132542838, 9.094845166241193;
  -11.71340210177942, -8.134642719033691, 39.10652232751325;
  -2.822597663287165, 0.3552680313892597, 10.22108334285504;
  -11.1081978994574, -4.442989707844903, 37.35987726664946;
  -11.22423373555596, -6.920128764110379, 37.76280794639511;
  -11.83952670408526, -9.3595119560198, 39.78902648843948;
  -11.48035374890921, -7.640876735555469, 38.73773360707456;
  -11.98033643169413, -9.113740719767508, 40.40456658154254;
  -10.3035418191412, -5.223631238280547, 35.12726999203439;
  -10.49252549970065, -7.120919000592053, 35.85430424761816;
  -8.261809365167471, -1.557255771655518, 28.48787374077491;
  -9.358309144255442, -1.883684304418704, 32.20102229193062;
  -10.64838768705158, -5.438467389973394, 36.97749566052993;
  -2.967774595318508, 2.175277119267021, 11.10696494362903;
