m=[-3.438171657527635, -0.8924228632876765, 6.884958766589125;
  -3.382884993965688, -0.7276527706321633, 6.949162226386669;
  -3.36793181136465, -0.7733755192857836, 6.923451131036481;
  -3.367520298809863, -0.1490347522812512, 6.936206867001012;
  -3.368900907134948, -0.8134674692488855, 6.925026297522468;
  -3.384351326691541, -0.1057022408220921, 6.969203384097967;
  -3.332600928377945, -0.7729433405490511, 6.940699811797356;
  -3.315296382013531, -0.9091822543592665, 6.923867240283425;
  -3.048870805929266, -1.262300202837196, 7.837912076946585;
  -3.397283835116729, -0.2449574947480452, 8.785429354361268;
  -4.155413251408942, -0.7307395921842885, 11.05237750504375;
  -6.83594261957616, -2.975409288692486, 18.20506659420219;
  -4.092291715113698, -0.6629553447647292, 11.41442386670888;
  -4.050851622541241, -0.5269941133959214, 11.43801363894421;
  -6.647208420918999, -2.510118909666023, 18.47536712015178;
  -6.592954163076669, -3.423935638160878, 18.39229485288006;
  -6.485665575038317, -2.35779430053709, 18.17105067332939;
  -6.905232938301599, -3.727279742332462, 19.3996545453567;
  -4.108897687521015, -0.7297099654201238, 12.0818948456027;
  -6.502008651771783, -2.339704047233405, 18.58992755152085;
  -6.442099910534004, -2.626328018260449, 18.46890128143308;
  -4.118463979138269, -0.6911907569154406, 12.22599878467998;
  -6.694818063573869, -4.05966560663132, 19.31028829844407;
  -6.552363987047811, -3.77722138255907, 18.97838366975096;
  -6.046221884667171, -1.577407105458315, 17.76690692458725;
  -6.598403525438897, -4.463184035745886, 19.24384844535815;
  -6.272308232072367, -3.017324625890807, 18.44333469322273;
  -6.271302714711062, -3.152407956550197, 18.44696156743325;
  -6.578366938173433, -4.049102623865342, 19.31651370237769;
  -6.430486700375411, -4.424654638657686, 19.09361275175592;
  -4.060169411776228, -0.6782907778620071, 12.55285393585736;
  -6.615587732280498, -4.656828728724628, 20.10135273603783;
  -6.319273731413965, -3.711023513939672, 19.27066645804577;
  -5.792551760876743, -1.588836705806191, 17.92338257573886;
  -5.88361957426241, -2.868822052459897, 18.15342211255073;
  -5.946348172906791, -2.304519218642108, 18.37225344383431;
  -5.982434043189211, -4.290478364023684, 18.51642286431432;
  -4.007004657889981, -0.655720810305534, 12.83613782551829;
  -5.828145028699448, -1.951431582851277, 18.19621127977331;
  -5.723411845353936, -2.04915879957955, 18.05075035544827;
  -6.146828493457782, -4.547642116785689, 19.41605437139149;
  -5.755196276303946, -3.119625262788932, 18.285137651554;
  -1.341529500521973, 0.622560081907421, 5.117442873925848;
  -5.671793287651259, -2.757456326553097, 18.21882775141119;
  -5.6587790761933, -2.302049521064725, 18.2667737132961;
  -5.6537531606809, -2.079325700626878, 18.26597437447519;
  -6.046965078479595, -4.072031799051925, 19.4068356084959;
  -4.129002250591329, -0.7845171484080824, 13.69476895180974;
  -6.012639961883641, -4.465429731044066, 19.38710079286674;
  -5.653316418471662, -2.935979619482439, 18.37165142334425;
  -5.534308182032171, -2.218375860514224, 18.06780893087504;
  -5.431800838816074, -1.422982048147621, 17.79272519882802;
  -5.984931334040175, -4.159407620337577, 19.43877046503294;
  -5.815077169254439, -3.874731553797452, 19.08415162677567;
  -5.604747631750655, -2.84816764609433, 18.52759961326913;
  -5.494116131723158, -2.730122040036541, 18.29415735884521;
  -5.481827971540854, -2.807528229363085, 18.48530908463543;
  -5.189137759995362, -1.254747670800416, 17.63277742694576;
  -5.432124813151937, -2.724297782742129, 18.42068076747133;
  -5.355715065583921, -2.76093242266304, 18.41095707579242;
  -5.027297142275352, -1.411191521127799, 17.4571499389608;
  -5.362062759783253, -2.399685870945183, 18.69917721923018;
  -4.919214131049561, -1.070612852096485, 17.32903215721702;
  -5.301465925796493, -2.75211416851799, 18.55249933918358;
  -4.966981226459065, -1.445057641031561, 17.68251243951572;
  -4.847347038076733, -1.155362236100423, 17.34687536784787;
  -4.85225302576776, -1.296672915818021, 17.37400564219374;
  -5.167976997366002, -2.705875975715444, 18.45727820052641;
  -5.134279878897104, -2.61066615115842, 18.44062929639545;
  -3.949321929183488, -0.7021803055131524, 14.48877498974201;
  -4.914450474977168, -1.60143960874319, 17.79566556956684;
  -5.043280235733199, -2.169506149871536, 18.28912929856366;
  -5.083031478659327, -2.676678839487779, 18.47026785361003;
  -5.279442400725101, -3.853401484627682, 19.12504276533895;
  -5.251150956766378, -3.88466448593165, 19.09962725655398;
  -4.663311651144435, -1.045758431223794, 17.32887627427753;
  -4.992500023965111, -1.534993357352929, 18.53218190385977;
  -4.658129128858849, -1.190441334731559, 17.39564219434281;
  -4.952071526247474, -2.629259370489629, 18.5626874626792;
  -4.982453928242839, -2.564321082709236, 18.7551678738618;
  -4.624120197166761, -1.297926099758221, 17.54081561922662;
  -4.671723345178015, -1.53448255193538, 17.7600550584454;
  -4.832908211930447, -2.400565826734847, 18.57096169584043;
  -5.037122453374203, -3.860426431145148, 19.30416374387893;
  -4.405141089164938, -1.277161271175293, 17.23932496067623;
  -4.483132473469942, -1.042938944466224, 17.55984816008526;
  -4.447462664047062, -1.281614831410428, 17.52984266442454;
  -4.774267777804266, -2.797780714245243, 18.76093887806958;
  -4.880875756944534, -3.921135915969565, 19.14667829575024;
  -4.853778334053577, -3.64698981859122, 19.12559396400816;
  -4.003157746494519, -0.1272937958613699, 16.4118285770714;
  -4.750854203847687, -3.779713122229704, 19.29331941870809;
  -4.388573081745923, -1.95313985432177, 18.22107511110518;
  -4.666084047385733, -3.965589567126999, 19.41470714501127;
  -3.901499875050368, -0.05874755186311016, 16.557602082824;
  -4.243754190333941, -1.111274738183385, 17.89461670071201;
  -4.581785740804194, -3.727598538425223, 19.29598248926264;
  -4.110693517884725, -1.514058023943573, 17.64309614733611;
  -4.036447959122441, -1.219303346221944, 17.40827466889311;
  -4.06893467174573, -0.5656821223797629, 17.57230312918508;
  -3.997571393856152, -2.583902344913809, 17.65552277246946;
  -3.902028930375935, -0.3160757847579965, 17.34059596000205;
  -3.95532217773026, -0.5886953804946992, 17.72468857380984;
  -4.413048928347004, -4.148585604606873, 19.53910158092621;
  -4.117019423515325, -2.241218154068024, 18.58626306203855;
  -3.776744910323545, -1.06738290211543, 17.42205023704986;
  -3.824192737473543, -1.355218320331011, 17.64313051168356;
  -3.870536939950667, -1.456080637320072, 17.84076710695351;
  -3.86885126248982, -0.6440394831176595, 17.91257846693071;
  -3.347217182739379, -0.06217290678477034, 15.87693488584953;
  -4.147461570685453, -3.853635710995715, 19.28931120591293;
  -4.09366065036048, -3.610662050477202, 19.1408572711646;
  -3.890449665550555, -0.9509265336625009, 18.40250183995824;
  -4.036364432135786, -4.169245375334608, 19.01083631737712;
  -3.673253219810705, -1.378325654224284, 17.55587903135769;
  -3.74789575899212, -0.5545923106414958, 17.99709283441859;
  -4.115901066294862, -4.118347412473872, 19.64957804515173;
  -3.758782097424656, -1.188967814437143, 18.18943494712585;
  -3.907831783702561, -3.690704140914856, 19.0980352079902;
  -3.725014597082207, -0.7315158163492976, 18.42907311607651;
  -3.621285540691192, -1.790003749487843, 17.9599331049161;
  -3.55020521243545, -1.681248076383305, 17.73671123169556;
  -3.454671537212104, -1.355092824811391, 17.36917490732114;
  -3.579246722959415, -1.548062745156874, 18.01932481374535;
  -3.491703476028583, -0.3771503229405123, 17.65195356923737;
  -3.836325241322924, -3.889788518689009, 19.20927460996988;
  -3.268566375249626, -0.9431083312344746, 16.95497961892718;
  -3.468088140149872, -0.9218212117703312, 18.0170226989143;
  -3.384477761285974, -1.298514465117542, 17.65565449483725;
  -3.716603420783392, -4.038599185413006, 19.19636677935894;
  -3.514312858687116, -2.198697577621596, 18.34059963170272;
