m=[-4.511737404810474, 1.249625343057612, 7.244355120522114;
  -4.376868341012161, 1.282892351907145, 7.145041251885642;
  -6.879540959714357, -0.800578800601166, 11.55182121000125;
  -6.802201593093022, -1.815196475394653, 11.44818617722821;
  -6.771346413641187, -0.1396064038895336, 11.42896123341011;
  -6.888983798525686, -0.03400638040589647, 12.00072524659842;
  -3.682780834251272, 1.385161388645893, 6.923029264054995;
  -3.641461347624661, 1.381088205992332, 6.899458202647408;
  -6.937407764567487, 0.02403057707881659, 12.31484028249882;
  -6.861572543359465, -1.867464008503889, 12.20132981937285;
  -6.75293038094686, -0.03986844771926072, 12.06862666158717;
  -6.868153617175349, -1.745217636489447, 12.25731861261941;
  -6.522427330488374, -0.1441412351178467, 11.7588299617876;
  -6.725452852054776, -1.675557856284301, 12.14646410409613;
  -6.788334967405664, -1.821819247659244, 12.284514199307;
  -6.830801607518455, -0.2790900414961947, 12.43351782751926;
  -3.202686506164315, 1.383600857063771, 6.928372074447284;
  -6.983068238544576, -1.812547590034077, 13.9836348139843;
  -6.846701061218254, -1.472713676572644, 14.06457401739919;
  -6.842927802783263, -1.571336101596519, 14.06699389694123;
  -6.856751747715136, -0.2141544876792704, 14.11972129111386;
  -6.804077188749086, -0.3918510174731809, 14.01767039873869;
  -6.8391229160651, -0.3026758264759433, 14.08679595827231;
  -6.730982558952301, -1.561143460050061, 14.01839895749838;
  -6.735495885217994, -0.2960737529265187, 14.04406763139692;
  -3.04614596931974, 1.345052348480826, 6.921449974381332;
  -6.773837137851642, -1.857647645944115, 14.14689477062712;
  -3.052660077961374, 1.385656465857376, 6.977097033653871;
  -3.10787070731292, 1.339066583657051, 7.131047339395518;
  -6.700594865399718, -1.612110422743421, 14.25831803588802;
  -3.040212708226859, 1.41016460963739, 7.054668221724903;
  -3.041899445832385, 1.290824332675491, 7.086904020445632;
  -3.045120899663168, 1.327553941051125, 7.128219140261431;
  -3.028327999665374, 1.335427207447047, 7.157090174214353;
  -6.825732664921785, -1.885926335333529, 14.83000896344632;
  -3.028957800260919, 1.302162569668332, 7.18634092933665;
  -6.792626968474823, -0.9106716653812896, 14.8734569198114;
  -3.006040681777174, 1.407557391861667, 7.187238853669329;
  -2.981557416109909, 1.385379544229261, 7.225569227037751;
  -2.938746551608311, 1.305116215387533, 7.172516233845882;
  -2.962777486924909, 1.227002168973199, 7.231929929494267;
  -2.917415349232974, 1.22903584642059, 7.247556009311803;
  -2.898633139069191, 1.273157685905776, 7.279573284097109;
  -2.879817859563119, 1.480720909843315, 7.253138893582457;
  -2.890752866013495, 1.226823837611107, 7.335083445441541;
  -2.856609798340651, 1.272425510067767, 7.335109731883643;
  -2.857716556146415, 1.316312036702431, 7.398297584552647;
  -2.802385944757866, 1.180294860333777, 7.38209187597404;
  -2.719760993536554, 1.34053945750198, 7.245864407761924;
  -2.833080917072655, 0.9620516812872234, 7.860482836214204;
  -6.841160969655024, -0.4932745492068146, 17.69134971280748;
  -6.966924320238773, -3.47424374615508, 18.44992707407563;
  -8.664907651945377, -0.5551135836747263, 23.49575550994941;
  -13.09073001813897, -3.287392627038106, 35.54888898559486;
  -8.546259634343601, -0.200238909896064, 23.6230035376244;
  -8.711456942908862, -0.4397729259387385, 24.07876918161685;
  -2.689795390427848, 0.8776183397798448, 8.177750731473243;
  -13.22668490018446, -4.62472838130144, 36.18205674776107;
  -8.180864028358394, -1.325308142712164, 22.81847339248145;
  -12.3470566523542, -3.415160777911504, 33.93483045126722;
  -12.57888594435839, -6.589614760011876, 34.57904598431282;
  -14.43355986613937, -7.879244930638984, 39.51300142312735;
  -8.17847769502189, -1.063976171783986, 23.09280816431805;
  -12.49860172122038, -3.0065525094494, 34.77087446349318;
  -13.01893596987744, -4.916210729737061, 36.18505789592513;
  -11.94383080254039, -3.154855282690685, 33.35670548836158;
  -13.37823678726761, -6.947753704737501, 37.32112638991077;
  -13.63667946926745, -7.360753734541366, 38.31107121414708;
  -13.32911328910271, -6.541192444391418, 37.7283939334984;
  -12.33081858691817, -4.43716206770221, 35.25510906837861;
  -12.39447135105811, -5.053002566380878, 35.53379658765142;
  -13.2129968114089, -9.004018566493121, 37.8371357094147;
  -12.80056457847506, -7.762124567274278, 36.92148017256977;
  -8.499818256832791, -1.509505117420637, 24.99305609328648;
  -13.13216453669203, -7.57025903709386, 38.0362350877166;
  -11.05446398168665, -5.097846317508906, 32.38006580197631;
  -2.561468971928174, 0.9139009442313774, 8.309085541705343;
  -8.311828946168415, -1.394951945617329, 24.67434730741183;
  -12.97840140856793, -8.77863770424216, 37.85072992377977;
  -12.17074565352749, -3.175242496687993, 35.7639050226406;
  -13.53219479022752, -5.388105916702242, 39.68242613935325;
  -12.74048827608835, -7.841998628668606, 37.41077666737395;
  -12.39793086403725, -6.232092067389698, 36.46836463947137;
  -13.16820977259257, -8.698280494096046, 38.86864189627584;
  -12.53014282876348, -8.621673159995028, 37.20491248082889;
  -2.886942491595628, 0.3648353230360306, 9.419130822648588;
  -12.92109680436366, -5.633176874586511, 38.51252504782028;
  -12.89533559076919, -9.282170202119943, 38.59423609692127;
  -12.57124429481065, -7.660442583192806, 37.77975590956901;
  -12.69312748728208, -9.199392994073548, 38.43376054629194;
  -7.694117219487496, -1.285377092549573, 23.78795558172009;
  -13.27048651790734, -9.341329200306873, 40.3221514505311;
  -11.42013659639073, -5.568398720601721, 35.23588797687671;
  -11.20292719722844, -3.072846420406768, 34.66423062116645;
  -11.7381246319744, -4.549133858062998, 36.26693130357479;
  -11.88386897918904, -8.522865838220188, 36.78214280244125;
  -8.168391778205903, -1.306381142031847, 25.82568494160849;
  -11.52146249721105, -3.857718997550641, 35.9714737397363;
  -10.93359616448622, -5.389195086029681, 34.35640285920299;
  -3.01453288827581, 0.7041641141447366, 10.25734990426821;
  -11.32598260556853, -4.055052746016471, 35.72038673212487;
  -8.196530596650534, -1.341310066597223, 26.2569688364392;
  -12.08183340508088, -8.938569621620669, 38.16301927877362;
  -2.982097255325969, 0.6857834065417118, 10.27867690279975;
  -13.73025861285263, -10.43457969457868, 43.33864014793677;
  -11.97164853687888, -9.414300292055504, 38.29507610492502;
  -11.17498603402957, -5.432944110598556, 35.89608001435484;
  -11.65072556365629, -7.84560922074385, 37.39127195198359;
  -11.08005378615839, -4.507479823537471, 35.76687347530429;
  -11.2245906731948, -4.128156854831603, 36.26406738561208;
  -11.82052751789232, -8.778795229655621, 38.11399981821632;
  -2.802616465309297, 0.8693618971613956, 9.909709603098758;
  -11.90237863124634, -8.271915184284861, 38.65835600899435;
  -11.14597620922577, -4.467760694044513, 36.38817389139739;
  -11.12373189943443, -2.914111041809172, 36.43754819906347;
  -11.74440593636027, -7.241056280685875, 38.3868717572996;
  -8.24683340579217, -1.566911770508729, 27.35248644154061;
  -11.82061807700407, -9.361672470987585, 38.69210440532891;
  -11.4241617792725, -8.718261226713061, 37.55543382744713;
  -11.36401551925887, -5.77485793442535, 37.56599643257084;
  -10.79836440234575, -5.365895431472041, 35.95609791610058;
  -10.41923528215385, -3.258702862467485, 34.88000639369474;
  -11.10241265966537, -5.686120965099738, 37.43852062935064;
  -10.48677682241, -2.53573125261074, 35.63424410528161;
  -10.70725032149592, -7.490816885852167, 36.47269223709325;
  -2.90677008277218, 1.037744978236604, 10.74901884243339;
  -10.56386869382651, -5.445795235255063, 36.31465279513378;
  -10.09416452451914, -2.833490638554786, 35.05170643908163;
  -2.764087347079988, 1.039726957143242, 10.41937917741206;
  -7.93171559364573, -1.573888060773386, 28.04396974128122;
  -2.811989409507198, 0.8591720692541547, 10.62078612271373;
  -10.37748148910946, -5.387191814388667, 36.31603431274861;
