m=[-3.268819189413252, -0.8473641943236457, 6.036241903696729;
  -3.252606128516076, -0.6979708682848483, 6.161413108608747;
  -3.240212583697321, -0.741041033068284, 6.142545049452588;
  -3.245759404345267, -0.1025373065559058, 6.158980059510347;
  -3.225230098184682, -0.7440607319234944, 6.19204687241749;
  -3.213916126319042, -0.06328008699493745, 6.192662509096227;
  -3.194581020316315, -0.8719929102589585, 6.156078343488856;
  -3.171392423308683, -0.2223897127278509, 7.666021203264792;
  -3.909518778797492, -0.505642472732694, 10.46379326545329;
  -6.848836720863524, -3.116555063033534, 17.65439733333384;
  -6.313963158414522, -1.571402675704929, 16.53025916042662;
  -6.242683482461785, -1.406675636849596, 16.58642642034031;
  -6.808931196069437, -3.695240480014527, 18.0548271754712;
  -6.324272830115129, -1.504237143323645, 16.94589691569317;
  -6.317483853059536, -3.246161868418075, 17.02688058865543;
  -3.905053284445517, -0.632719001400287, 11.01627531440847;
  -6.622255523639461, -3.546635254092132, 17.99617809199726;
  -6.393191640595211, -2.287937833930929, 17.62832340704807;
  -6.26718042577667, -2.529881073029737, 17.32701646965694;
  -6.551265129474446, -3.929859895210414, 18.25074105191399;
  -6.230217354900257, -2.608058244088122, 17.50776281440142;
  -5.833813221564426, -1.500300718742212, 16.51854070263204;
  -6.453996681455009, -3.815570774943358, 18.21787993526846;
  -6.0994299569982, -3.036420908526822, 17.3189419750376;
  -6.375382902626225, -2.524826521049381, 18.09246709690848;
  -4.052479294186677, -0.671605819197556, 11.88668379969557;
  -6.448610350493579, -3.937893617716565, 18.30534008897456;
  -4.095040948605776, -0.6374255018511819, 12.32002146140078;
  -6.179534587327959, -3.737859580950844, 18.21612718587025;
  -3.973982434787031, -0.6381203114047016, 12.12184435722197;
  -5.609217806561678, -1.518937779630539, 16.70433317426473;
  -5.781776992216902, -2.789451510005778, 17.19525167924461;
  -5.77457076202531, -2.210979853070499, 17.20299649421701;
  -5.608048516034248, -1.853016345809678, 16.87256751731201;
  -6.022422666154463, -3.864246514589744, 18.13160445646377;
  -5.598339767423461, -1.977537552510554, 17.01082165996549;
  -4.31734206413924, -0.8631190958288894, 13.42742736084195;
  -5.96239897876516, -3.495168867209261, 18.12962645648985;
  -5.414776812654899, -1.500453951605007, 16.68210670943041;
  -3.90394934325876, -0.7287918416073801, 12.34749508398915;
  -5.610660241221145, -2.700703648318011, 17.37931673670835;
  -5.518347904682217, -2.002872679058139, 17.18244604537725;
  -5.907368775958841, -3.936284555984116, 18.31198285889521;
  -5.648052694453847, -2.988373359680655, 17.65842415595677;
  -5.193009359729204, -1.337202866394975, 16.38499209103862;
  -5.381815017444838, -2.132614671989275, 16.93884366081205;
  -5.532956130168131, -2.696956644046326, 17.44072575912654;
  -5.771769122226596, -3.98393681019567, 18.14305699820945;
  -5.341289428293085, -2.683507712275179, 17.04320047143461;
  -5.238680207994618, -2.652109194083071, 17.04773151609977;
  -4.969881660008848, -1.180735006296817, 16.24984567791326;
  -5.277596561520734, -2.615972021315884, 17.25224157292503;
  -4.938550729378302, -1.439900227536126, 16.30665098334831;
  -3.933565667607995, -0.6854730200760675, 13.19528540400337;
  -5.534399860307256, -3.823519721834031, 18.18265670489309;
  -5.225589445927292, -2.658917150951862, 17.31433642311187;
  -5.169608145179821, -2.64898294615243, 17.43556554843504;
  -4.849886700454779, -1.38906095400496, 16.59918680013105;
  -4.729380432777808, -1.108722562131913, 16.25816705305449;
  -4.693938980001475, -1.229731573517183, 16.14974090864839;
  -4.824171330068221, -1.458849980118417, 16.58749096067755;
  -5.008886668830376, -2.584371210095095, 17.22522841644794;
  -4.001339158258447, -0.6893274308087621, 14.00901962254445;
  -4.988690443815882, -2.50112753851908, 17.26535893804496;
  -4.869196284167875, -2.534623372132983, 17.07002713771366;
  -5.192695535764163, -3.724816510540718, 18.14057829132572;
  -4.278867868345566, -0.9394869028871983, 15.28534359419416;
  -4.78281722411477, -2.08444709088203, 17.00474088186901;
  -4.081357377607629, 0.6026958903491415, 14.71094978081533;
  -4.763351290116282, -1.438657933026422, 16.99850448474327;
  -3.881468356999471, -0.7972792749639562, 14.04757793902662;
  -4.474606530655573, -1.233106307200224, 16.3052608005504;
  -3.941141033632893, -0.8380643567460184, 14.47043619159348;
  -4.546746690316885, -1.46538675911673, 16.59301447630832;
  -3.812604481539598, -0.7319628005669384, 14.1977244071124;
  -4.404163077519089, -1.272521766382095, 16.28444619027525;
  -4.448172083391436, -1.185966986058401, 16.46500319590227;
  -4.406677149772816, -1.174903650279618, 16.31140882009219;
  -4.416253501019442, -1.394565663984977, 16.40484242036683;
  -4.849938674415766, -3.671021144632892, 17.93801732693757;
  -4.239263611770218, -0.9621697169328835, 15.92818918904856;
  -4.300639375638732, -1.221084410057126, 16.1417747189008;
  -4.665449688078823, -2.686082198089769, 17.6240415473881;
  -4.805888892491981, -3.81073410536717, 18.18568092637239;
  -4.815736351195469, -3.568386821600731, 18.28615152918338;
  -4.656968692761198, -3.336895460350496, 17.78058198355656;
  -4.154497599886175, -1.158952271850022, 16.12942817638607;
  -4.197385328998367, -1.080385217785918, 16.29852785929073;
  -3.850732344455802, -0.1073069957140583, 15.09528149157559;
  -4.624705779364085, -3.690089139145171, 17.99041081993946;
  -4.121758864038984, -1.238023794876702, 16.25637010818882;
  -4.590641633082236, -3.605872618257199, 17.98230810533451;
  -4.239933303721097, -1.851636350110529, 16.92142568830883;
  -3.801622976071914, -0.04254170476689762, 15.41712532677421;
  -4.002939608029196, -1.024517412514302, 16.19567238804388;
  -4.468257326941759, -3.747579642627545, 17.93733436645145;
  -4.00832157651906, -1.302641234907866, 16.31223620600548;
  -4.434134808336626, -3.560580319285638, 18.01880806882019;
  -3.932785690682257, -1.412525148737503, 16.21041497533369;
  -4.001789917497149, -0.5340492391469393, 16.55242223805703;
  -4.035748437559041, -1.183295140707537, 16.69920540526163;
  -3.680767892904744, -0.2252091920494622, 15.49697582629687;
  -4.347944171177209, -3.809103394789037, 18.10961972331004;
  -4.052853448096129, -1.580620993310049, 17.30775635105683;
  -3.797264972259696, -1.389220561199221, 16.33018364216626;
  -4.304135467150079, -3.99229446805139, 18.38947060350154;
  -4.008339833397091, -2.14009566498144, 17.39283832974789;
  -3.718127751370641, -1.023070851362236, 16.42537694143103;
  -3.65484266042776, -1.263470985385859, 16.16632238881641;
  -3.736844469955333, -1.375929999662363, 16.51578263928557;
  -3.713553210935812, -0.5932015916046648, 16.46448462301905;
  -3.715127663987243, -0.7502182209921017, 16.47483272649324;
  -3.715448282798018, -1.43990325614397, 16.53824059969723;
  -3.223963448063008, -0.04901529395230708, 14.57580268514778;
  -3.800337379790068, -2.10754666462615, 17.05567661529119;
  -3.652902529342359, -0.8693609605677691, 16.57381618230616;
  -3.970072523463569, -3.452046426959884, 17.89174681824905;
  -3.705594657110695, -0.9965007339627962, 16.82570675090726;
  -3.479567120685052, -1.265744555061151, 15.93336462662513;
  -4.057411874541699, -4.134400089787021, 18.41305673905915;
  -3.627027672974869, -0.5201254472035819, 16.67283781461762;
  -3.631409277646669, -0.8691996519745131, 16.83801347893641;
  -4.000510329199628, -4.018769818463124, 18.40007377808384;
  -3.468061341717895, -1.594742765133984, 16.58922805976801;
  -2.94998017627571, -0.2059610705818345, 14.2815823278577;
  -3.603242016435434, -2.132613159436757, 17.27230880154229;
  -3.40854270646975, -1.420845500773309, 16.42513529439855;
  -3.494072787253102, -1.785644452984936, 16.90361031220416;
  -3.046983059517212, -0.8542457710385963, 15.10447883653195;
  -3.455517702827901, -0.6903329004186839, 17.12527730525749;
  -3.220364212110104, -0.8281485894694897, 16.02074229686478;
