m=[-6.495236535676321, -1.730181483619089, 9.913045491933055;
  -6.565830560280362, -0.1540055433990784, 10.03525261455371;
  -6.598555926312569, -0.03461207579129623, 10.4548921096638;
  -6.648729498076383, -1.807567357507901, 10.78413792280515;
  -6.570694519170218, -1.674126769029424, 10.70154827871285;
  -6.477861930045116, -0.148817132734228, 10.60086852520712;
  -6.559691109022201, -1.636249123645717, 10.80096759028208;
  -6.441290066174364, -1.726994157170962, 10.6380269122658;
  -2.853542381488763, 1.217578050773381, 5.817396986452144;
  -6.620813230419953, -1.716289505070229, 12.22607551602885;
  -2.842317470229519, 1.174938005856744, 5.90978271933463;
  -6.5256132887017, -1.400319557069837, 12.36147189978443;
  -6.475361445038949, -1.480923985933895, 12.27549068470493;
  -6.46377447254678, -0.2855191854987852, 12.26685006282095;
  -6.511377605047278, -0.2057019755364992, 12.35564311259173;
  -6.517070473657641, -0.363566597752872, 12.36708469048472;
  -2.78689681733311, 1.180084373674024, 5.904224006843744;
  -6.442188986920741, -1.486213295446943, 12.36821403546904;
  -6.522840269999095, -0.2938344338794757, 12.52774387709511;
  -6.343749754893074, -1.731590081936954, 12.22464549631086;
  -6.45473461685194, -0.1270898654568928, 12.43716123784639;
  -2.751086325614975, 1.264977399045879, 5.893446597347976;
  -2.76209515864084, 1.211733189356516, 5.914662690152502;
  -2.702382054757611, 1.22087164565474, 5.892531306339812;
  -2.711357020010845, 1.205503523302086, 5.94190694150346;
  -2.703044053439676, 1.236814826030294, 5.974790474006785;
  -2.661308639115516, 1.22150523269177, 5.958303203286866;
  -2.685066868350354, 1.119638147320134, 6.01259012091418;
  -2.654996774529058, 1.117197561221143, 5.974406178839544;
  -5.778814629482018, -2.080981604326096, 13.32237815905511;
  -6.521250165799578, -3.272188277770395, 15.69328260030153;
  -6.119986524156212, 0.324549465197526, 14.81090747426077;
  -6.50622653773757, -0.4562405585746536, 15.72712043610933;
  -6.973767298322273, -3.311949682503198, 17.33060519058984;
  -2.413740395313063, 0.8667686250017774, 6.799056727193543;
  -12.98699901433126, -5.324667729374768, 32.32817421194599;
  -8.253042070843572, -0.5247131266805759, 21.22698159360884;
  -12.98077485924573, -5.468425542695157, 32.87139166794953;
  -2.80847739377464, 0.669321422116002, 7.879575417618144;
  -2.286536101052757, 0.7665273998002942, 6.625423763894957;
  -8.168615104456826, -0.1775109193331509, 21.4146717014191;
  -13.63530300141367, -6.204728530846647, 35.14802100830419;
  -12.69903542365228, -5.11668036390918, 32.88680476119971;
  -12.89998661561959, -3.509375601929518, 33.39680432519597;
  -7.814710744613055, -1.250756619952937, 20.65311557438171;
  -2.742018424040766, 0.349776620182526, 7.890137782765618;
  -7.879611237355682, -0.4011989811480047, 20.88347920367601;
  -15.61795700962268, -8.471407605603204, 40.51297725643541;
  -12.33465008120209, -3.069815527139078, 32.29270703357211;
  -7.645097276412211, -0.9887881629043052, 20.46203686973034;
  -12.69689808248756, -4.400310261158968, 33.51681717999576;
  -12.45671576506472, -3.40599548800313, 32.95768419190507;
  -12.48678223677591, -2.813670179573531, 33.17661313102844;
  -13.14991737682229, -7.13652489655509, 34.86883312131368;
  -13.89700915639075, -7.176742711047845, 36.81409909896717;
  -12.26966899627955, -5.489406429124047, 32.72771208261514;
  -12.03758593945859, -2.863156662037055, 32.25472649954436;
  -12.72634792788353, -4.768706894591415, 34.13862497744756;
  -12.19423887757676, -6.265860614681317, 32.86590897062361;
  -7.570279660386315, -1.32703354832611, 21.17048885139193;
  -12.75952715908024, -4.566264640803261, 35.18259484871921;
  -12.54537122149623, -5.064206716764827, 34.68447355987632;
  -7.703635419204988, -1.248186939985215, 21.73219224378415;
  -13.56391422532028, -9.168485912775065, 37.57134091641779;
  -13.05416697310599, -7.830708456933568, 36.36674998890144;
  -12.32355290036715, -7.048746951324, 34.52012226256827;
  -7.771677662794561, -1.37287296272804, 22.20570881713585;
  -11.20784687885837, -2.882358431659666, 31.73520780078078;
  -12.88101967980191, -7.615194842437108, 36.35962048830147;
  -12.58064200804007, -8.455656961096571, 35.50470296874692;
  -11.89965364080874, -5.923890818308753, 33.7883068386996;
  -12.80138930583988, -7.817267055298748, 36.33864850228159;
  -13.21200906111852, -5.232318024399056, 37.49387964193901;
  -12.48405482197056, -8.510848158196103, 35.82353799044415;
  -8.13524326384011, -1.34823063116459, 23.86219824727776;
  -10.48220719957266, -4.681270538413616, 30.95089817957979;
  -12.45217243735656, -8.702728982765093, 36.66454801463662;
  -11.17314625252133, -3.025611510474587, 33.27379396616973;
  -11.35728404983262, -5.479386905620319, 33.77704776445587;
  -2.765101944552703, 0.7850666411232222, 8.984024328368156;
  -11.24548315573894, -4.30569434855485, 33.50136577703011;
  -11.3510957171455, -8.030283611402533, 33.90437000675755;
  -7.409051766384812, -1.189704911373722, 22.59984129787184;
  -10.98808423787787, -3.630692502696073, 33.05912790508643;
  -11.74754940472371, -7.537735120667155, 35.36814517125652;
  -2.733350768884647, 0.9658667379727343, 9.02176181360425;
  -10.79703249690542, -3.81390521214005, 32.8072967865327;
  -11.86496833631331, -6.955265504237452, 36.07733139320874;
  -11.80272792731991, -8.649019887566928, 36.04756332674381;
  -2.705355880495386, 1.02343772720066, 9.089742585961334;
  -10.67946016527496, -2.959316470541356, 32.90179821629199;
  -2.624857084690942, 0.8116751419819243, 8.836405623959957;
  -2.582479212142748, 1.135110826164895, 8.743221325332973;
  -10.75857945582877, -5.178665885630609, 33.32526867804003;
  -10.77901163995539, -4.325084767831108, 33.52323694435728;
  -10.61741555063169, -3.853568476631201, 33.05938171917126;
  -11.71466747576809, -7.805888951950649, 36.31376305588833;
  -7.784410044408411, -1.453198807993694, 24.62069978470973;
  -11.51284070436114, -8.474463470244755, 35.8962777842267;
  -11.24254056502602, -5.948405678410831, 35.14937990623267;
  -10.28289825668587, -4.074733081998947, 32.36462148651397;
  -9.851742380504936, -2.536829271357796, 31.08423455565288;
  -11.312482070351, -7.808388170135909, 35.5598088986663;
  -2.495929286675452, 1.272862523177989, 8.67794210426351;
  -10.33640048828955, -5.193092566854983, 32.98180112498612;
  -10.44511110380682, -5.129844401864561, 33.52491830061879;
  -10.22875355882704, -3.150749701344811, 32.94373598037753;
  -10.11981526583458, -5.123209290000947, 32.93193834989155;
  -9.520411875997827, -2.261841296304543, 31.12855282249557;
  -10.33032282070052, -5.120481483398313, 33.76939156896664;
  -9.697960472127651, -2.827569514955828, 32.02179451727557;
  -10.12435976905191, -5.151540148895522, 33.54579859820525;
  -7.50984469229321, -1.308684373549262, 25.19204010513144;
  -9.274732113866616, -2.554571774110287, 30.97110202513661;
  -7.416048411388454, -1.437884809468821, 25.01127665063454;
  -9.306823831469865, -1.987642087020657, 31.48215490191942;
  -10.0960186111862, -5.173347838753742, 34.05089695970253;
  -10.4716318055314, -6.342165897367794, 35.31394751371644;
  -9.359806716503581, -2.68075170616034, 32.03480610913971;
  -9.118529845811224, -2.137683765817516, 31.34672366045777;
  -9.011569923019142, -2.360876890072178, 31.00477446702598;
  -9.931867853659645, -5.124418866011315, 34.15503358178644;
  -11.20709326500893, -3.389072789546286, 38.53460947171149;
  -9.624884546705538, -4.825527674236349, 33.31076327698603;
  -7.420083240307807, -1.27828877136592, 25.97832565626052;
  -9.197859884374731, -2.919042063532863, 32.01140587402372;
  -9.310648246658142, -4.846587666309632, 32.64050347629836;
  -7.64267341439602, -1.528751159179579, 27.02279737739204;
  -9.411706854454918, -6.751191330666744, 32.87961018941601;
  -9.366705700000786, -3.196920668223292, 33.1195176746783;
  -9.283309937234948, -4.045851531783581, 33.0057103610054;
