m=[-3.195750902833927, -0.7270713856132582, 5.516403731612736;
  -3.202372123225345, -0.6848403334095781, 5.527224701249607;
  -3.201154795897517, -0.7709745916133581, 5.528235367908663;
  -3.184420372842576, -0.7317572744353196, 5.570706837376957;
  -3.170000091495071, -0.8592445980980534, 5.560222261529532;
  -3.163899100017348, -0.06302479278886353, 5.552858262429068;
  -3.083699088115768, -0.2118245687098128, 6.902281340532911;
  -4.08939412995074, -0.2527523887356849, 9.899556744557911;
  -3.896742634660618, -0.6157305989706985, 9.681845764197577;
  -7.112312666282489, -3.358031716332259, 16.84977198980768;
  -7.036058416092696, -3.694557506702268, 17.22699433849849;
  -6.298983569652248, -1.546618616589291, 15.78170094165176;
  -6.490345651006304, -3.303224726982734, 16.76814410755213;
  -6.43521226625123, -3.408777155616491, 16.7983140591534;
  -6.50726810116552, -3.896792873466281, 17.31490248880003;
  -3.88154229172285, -0.6287350875405643, 10.76121787785998;
  -6.387644900944687, -3.798279943610357, 17.11459471024942;
  -6.389518288881583, -3.848137820896543, 17.26519337248263;
  -6.30725688006797, -3.805253586585298, 17.19980373152154;
  -3.832646655027877, -0.6032299078627985, 11.02060418304058;
  -5.997708815627232, -3.482198081761478, 16.85016863614259;
  -5.927945509283531, -3.409178230387584, 16.77154012251696;
  -5.928489651893103, -3.755151898014875, 17.12480501892421;
  -3.809191274236483, -0.6958488942819735, 11.39406805221039;
  -5.539268277395987, -2.603023021198238, 16.1479583993862;
  -5.763579835125607, -3.333046658797924, 16.81768687724088;
  -5.326463855114998, -1.447526970757759, 15.68481855523905;
  -5.648267324691092, -2.986931795118031, 16.57275859376912;
  -5.497865491621359, -2.612016315558867, 16.30188039188311;
  -5.371036185627371, -2.123599238606971, 15.98436490909927;
  -5.389633692572402, -1.925650792828065, 16.0482517203469;
  -5.746274311400135, -3.787436789001788, 17.11308876108618;
  -5.339532467910303, -2.787695654998989, 16.00470949546435;
  -5.144465948124863, -1.304942460558418, 15.48835128947909;
  -5.369902276381859, -2.089924577298134, 16.14656728498624;
  -5.634285706045358, -3.656678411946269, 16.97277229234562;
  -5.746377178091748, -3.91184832887455, 17.32481907857729;
  -5.632435973246095, -3.664225988971265, 17.11984838811931;
  -5.321874883125378, -2.634945513345075, 16.24183439462711;
  -5.136667477473715, -2.153957157544622, 15.79827331984972;
  -5.101986051082741, -1.545710804560311, 15.70405373818857;
  -5.295631835516967, -2.562690496745679, 16.26325295456123;
  -3.868249460662877, -0.6636149011121364, 12.2782677964013;
  -5.207618699706, -2.595921441594195, 16.20260892999006;
  -5.148829125635075, -1.202258448107213, 16.05521839452724;
  -5.47332022840644, -3.832710444286755, 17.04321463149016;
  -5.168054733475218, -2.522638023946158, 16.16403826238848;
  -5.193448682428558, -2.603075794146812, 16.46072003680361;
  -4.881033904125386, -1.322063965300234, 15.54054186370747;
  -5.005545259226138, -2.524359164089569, 16.15084375378311;
  -5.113735808100403, -3.056814224118378, 16.53165114402323;
  -4.746088491871688, -1.333658892022369, 15.49730917097411;
  -3.955460765714378, -0.6630066141827508, 13.10703209753655;
  -4.695084309552652, -1.075782613020985, 15.38230411337965;
  -4.529286766617553, -1.358435661100582, 14.95669654509809;
  -4.944996281918742, -2.513202551210539, 16.27117751381746;
  -4.966024687316904, -2.450634000147311, 16.42837326310696;
  -4.378829303703766, -1.416556034304825, 14.66778019928197;
  -4.777928694020061, -1.99223415284389, 15.93795441638492;
  -4.88816722587349, -2.500890015902095, 16.36346319061829;
  -4.635023603368019, -1.551354980312462, 15.64627075062449;
  -5.099798616632663, -3.665611633111248, 17.13898004031447;
  -3.951150471164485, 0.5758691241961946, 13.52121019468758;
  -4.723589320854649, -2.023480983792326, 16.03833316911576;
  -4.522546869057878, -1.336748230809353, 15.42268776922187;
  -4.500536469451646, -1.105725349362084, 15.37601459685276;
  -5.106708716074018, -3.947059215904807, 17.43683374098031;
  -4.672154711114319, -2.403609752381211, 16.12208045593252;
  -5.033150554544451, -3.848791562364669, 17.29114097777443;
  -4.412955018339045, -1.188810625227183, 15.31757748549644;
  -4.477933212230378, -2.258365858956135, 15.57924043176911;
  -4.399449836792834, -1.390227878581789, 15.32128838243783;
  -4.385995674699827, -1.356535478740806, 15.52077230229649;
  -4.104102417799965, -0.91318412540804, 14.69201084306187;
  -4.27388105031822, -1.186630852812883, 15.27587150720038;
  -4.506961587436543, -2.552107821246884, 16.29468437673884;
  -3.866320959539764, -0.7549909586283029, 14.2038427610365;
  -4.766294789173623, -3.717074756844604, 17.25977223519087;
  -4.695074268291524, -3.41395134765577, 17.05547085145268;
  -4.234487460467073, -1.390390750664455, 15.55689155232531;
  -4.055223004655023, -1.079382698012922, 15.20632064090685;
  -4.090386441893155, -1.205025636752141, 15.34948049384939;
  -4.468532792493642, -3.446270519504625, 16.74207149474179;
  -4.187180590231672, -1.791216065134533, 15.92608736869257;
  -3.772094424010755, -0.03810969330133677, 14.51284277273651;
  -4.006214575103472, -1.326126505620605, 15.40926294674667;
  -3.962214136344717, -0.9852674694259942, 15.25507778680028;
  -4.451968048411648, -3.668609760208195, 17.09512540412577;
  -3.988977905337424, -1.358883297973351, 15.43865277107773;
  -4.064836724290965, -1.779904316029036, 15.83618799718518;
  -4.397568871298177, -3.465720376820792, 17.0749324269292;
  -4.027875143885192, -1.40456869037073, 15.76740652779462;
  -3.857606207275519, -0.4985756486463389, 15.16760523615316;
  -4.111639468756694, -2.013878894564635, 16.10137940944286;
  -4.042244648873582, -1.161235529573737, 15.88594537013668;
  -4.296298969050315, -3.327832330229366, 16.87873354186153;
  -3.56488497035035, -0.2074757644317563, 14.25034071687001;
  -4.26097501132235, -2.866873044633251, 16.89199917295654;
  -3.851520602925546, -0.3794040674855359, 15.50935797456038;
  -4.055531889523098, -2.519099394548964, 16.36867199880883;
  -3.83957017466805, -0.5303862760966716, 15.65559341014242;
  -4.183299465640863, -3.109163862261916, 16.96381029947379;
  -3.745068086433453, -1.337188116889319, 15.31258948007599;
  -4.221302409502153, -3.844037505988817, 17.24015126377174;
  -3.677419942111911, -1.043873308193072, 15.16948461019139;
  -3.604290233311227, -1.295709783242529, 15.14582405014178;
  -3.762296165124757, -1.008005977224571, 15.78117667866203;
  -3.666818968899935, -1.234647169646095, 15.40162880608985;
  -3.210864062518555, -0.04579347228230777, 13.71921432752051;
  -3.671820286103666, -0.6031751172195892, 15.59790359400105;
  -3.816768229731068, -2.067646881894651, 16.29458289810618;
  -4.035116719241185, -3.613900982094706, 17.25099245741451;
  -3.619800686270787, -0.9465175188508749, 15.6173036956712;
  -3.954304186419966, -3.364376860098308, 16.99068658475599;
  -3.501712972821866, -1.251229727864824, 15.22211649796191;
  -3.513263489027657, -0.4851159747789982, 15.33077317836565;
  -3.54745782875607, -0.376227058439328, 15.51205331800731;
  -3.877715849161778, -3.820132216483037, 17.03885201359321;
  -3.742296175230799, -2.7256210638781, 16.49593910588325;
  -3.950045990181608, -3.816016106503407, 17.36163539928353;
  -3.477954445817753, -2.055681435327519, 15.57828584412;
  -3.357500654170354, -0.6100370154087679, 15.10146777815722;
  -2.945824057884277, -0.175443016063224, 13.4677401487962;
  -3.556789752290839, -1.674209525250652, 16.05775844471165;
  -3.073829108144348, -0.299294243684124, 14.07088068612045;
  -3.440451512960546, -1.543881302792844, 15.61960289493286;
  -3.344093032899177, -1.359184844301683, 15.29509489667785;
  -3.336559359857249, -0.713116872394126, 15.36991051955359;
  -3.01926690434672, -0.8217127902867808, 14.16220625815058;
  -3.40668098039008, -0.2479379091207547, 15.98585151675431;
  -3.295733194573205, -0.8185310690015664, 15.5280146269571;
