m=[-6.42410945399534, -1.739070183970949, 9.379222650167776;
  -6.400946815833774, -1.629484352198793, 9.378228063014948;
  -6.34756118372584, -0.1492383476605902, 9.326507946896363;
  -6.329090767825155, -1.566452436212883, 9.379210591927199;
  -6.34912727468265, -1.69636296701471, 9.425792788603944;
  -6.455339605364814, -1.697338865117553, 10.76782884922245;
  -6.363106366264776, -1.635091175814479, 10.69508547126848;
  -6.3837990190626, -1.365201444556457, 11.01829839514029;
  -6.386651268369582, -1.453039216230633, 11.02443461976362;
  -6.366551586183802, -0.1975993754388861, 10.9985998177361;
  -6.394169579677961, -1.539988721169171, 11.04241333911209;
  -6.374026494133655, -0.3628026869186447, 11.01538528613134;
  -6.357888617574589, -1.460997827308436, 11.12225442823305;
  -6.292866431144073, -0.1253537455946923, 11.04440889292244;
  -6.339932931222434, -1.718470967263473, 11.12032656256532;
  -2.283625297718893, 0.814506595005172, 5.429046913661649;
  -2.227039854870482, 0.7500980035864669, 5.428821538700914;
  -5.762183310355614, -2.01701636468832, 12.80628018923266;
  -5.241119681433999, -2.018269312761953, 11.65316852132029;
  -6.07495588000954, -0.4172991178592754, 13.597647960123;
  -5.896062468002775, 0.3729546779540877, 13.18546245607231;
  -6.464409624807036, -1.257640650281099, 14.4679166365387;
  -2.584423304822997, 0.335584837927681, 6.428366901252443;
  -13.96781800266823, -5.073806210951132, 32.60247859962159;
  -14.38631041070928, -4.068441903609227, 33.97894089561978;
  -14.14720391047215, -6.077261959569861, 33.55002998523017;
  -15.47807981712358, -7.307873735673418, 36.66910159827018;
  -14.44277446296122, -4.043821402928254, 34.34594054166699;
  -15.17528409078803, -8.011288605790815, 36.11715782870184;
  -14.5382574404696, -5.911411915738897, 34.68432158781111;
  -8.241745345106356, -0.1739635735859464, 20.33927510795963;
  -13.78034593783022, -5.735707279598615, 33.4381466111558;
  -13.61058634840944, -5.418393694872629, 33.25766038510103;
  -8.281132418743621, -0.3976905968414438, 20.63451339179272;
  -7.923206414312492, -1.014686238916272, 19.9248530057654;
  -13.9134845768474, -6.279025859803965, 34.45861619102115;
  -13.73369678398543, -5.438830040292336, 34.05256260405015;
  -14.51301945020374, -5.00775586158783, 36.27266104029074;
  -13.18089149900458, -3.236365351676806, 33.0238816281171;
  -2.419343248067773, 0.9851582423775115, 6.894117793706243;
  -13.53473440177481, -4.634909940363483, 34.24101724072916;
  -13.598427679953, -3.672876127608983, 34.45476545529162;
  -2.688984041595361, 0.7372648933288293, 7.556766296240621;
  -12.65487205931279, -2.788955072066617, 32.1860592674919;
  -14.34287412804432, -7.700106924222196, 36.51492754240498;
  -13.54246857659729, -3.179893694022117, 34.71900197679508;
  -2.606901273626905, 0.7303968200710056, 7.428675988843392;
  -13.72490241836865, -5.086579265986057, 35.30696383093888;
  -14.2012058180541, -6.737632418753472, 36.53596898227518;
  -13.2564290943784, -6.746784644551982, 34.24867108142681;
  -12.70382496229803, -3.517165079575519, 32.88730191019721;
  -13.06499558247306, -4.649626506519183, 33.83001980133909;
  -13.13130999431957, -3.939465657938691, 34.12826176166932;
  -7.83490914568528, -1.257590748113217, 20.82104077265932;
  -13.55309010216244, -7.179167060355001, 35.37864091944778;
  -7.720760702026943, -1.339684440489109, 20.79405506164913;
  -12.92584820877372, -4.592135955261015, 34.22079753725782;
  -13.29168058060858, -4.052741793766819, 35.17010105493174;
  -12.71522701809243, -5.076103651427656, 33.72307755164061;
  -12.71229495311543, -5.866220875990726, 33.70324147778543;
  -13.79615049210889, -8.261645299244568, 36.70956794432525;
  -2.428795540576118, 0.9778492691205192, 7.246401931230778;
  -13.27352605732065, -7.892825694968457, 35.56412768239213;
  -12.35903727845497, -3.141794904473109, 33.45587428636667;
  -13.41684865914007, -8.080403001948243, 36.2538263569059;
  -13.09830170563335, -7.663566919868665, 35.53695014651945;
  -12.67368096406182, -6.238583812699904, 34.4976586986786;
  -12.46309501403869, -4.887788680598081, 34.00321212320464;
  -8.061290808152547, -1.305773839631176, 22.34918500007254;
  -13.17185287934281, -7.946757419931339, 35.91946366115531;
  -13.19016881030254, -8.880400098673965, 36.34384719038722;
  -11.5585331949488, -5.194935859122055, 32.46588407747326;
  -12.37322289291942, -7.183745384682421, 34.76175631851987;
  -12.2767420118588, -7.060389057451412, 34.73376583897868;
  -8.562765626758029, -1.347715243539041, 24.62184990647389;
  -11.44752857204593, -3.054082827290266, 32.61676500932835;
  -11.930818938071, -5.685539945384883, 33.99480361141008;
  -12.06005564396079, -4.55549665595031, 34.39618077393638;
  -11.7957316993425, -5.496301421981284, 33.80848884948634;
  -11.63413763267103, -3.790288663399177, 33.4874375526653;
  -12.54451641306767, -7.945795199822539, 36.23560303624391;
  -11.84112791623669, -4.120896736110793, 34.40979391156691;
  -11.60921674736956, -5.455424243450633, 33.84294453673017;
  -12.15012407351403, -7.026350220812653, 35.45313642446184;
  -11.91551081375101, -6.301192216785191, 34.9616745961189;
  -11.16248869482791, -3.033532919035105, 32.87013947070199;
  -7.81211971041007, -1.427088972731322, 23.36764347184641;
  -11.89962783989782, -5.653470808672934, 35.28393156390749;
  -11.69243595713585, -4.177565648288734, 34.81556747033616;
  -11.99999344747396, -7.90933641308696, 35.73740860084997;
  -11.52258479916129, -6.015781301457372, 34.53778461985894;
  -11.1608751337374, -2.831061572934151, 33.60184643312584;
  -11.51355086126503, -4.480985254193995, 34.61968469858001;
  -12.22120839025106, -6.184457821080269, 36.66160185836237;
  -11.85176446934152, -7.691851911594217, 35.70236052900415;
  -11.94215645539431, -8.129627298273872, 36.00454574867917;
  -11.67281337713505, -7.593841517963912, 35.47963904580217;
  -11.20320884929006, -5.546888181476483, 34.19108243140999;
  -10.81424877150408, -4.534735535636693, 33.26017473202202;
  -11.34645480373307, -5.490837127736715, 34.84575029800825;
  -10.82019527066444, -3.27811416375179, 33.30485937964247;
  -11.00229416649965, -5.48448205993953, 34.23174391062251;
  -10.55072798911166, -2.463609016550174, 32.89956569796734;
  -11.36139889556764, -7.955856845859759, 35.37793365098086;
  -10.9368303237153, -5.338500743295945, 34.20694109075506;
  -10.21940211517243, -2.92982763673981, 32.21111744293026;
  -8.257156513205246, -1.416550860719084, 26.20916255193111;
  -8.356991223804084, -1.596573711972869, 26.66286463868593;
  -10.9460134361638, -5.486393408389228, 34.69356755201974;
  -10.74611398902223, -5.419399869882158, 34.67330710418417;
  -10.25458428959252, -2.881555526246537, 33.48409188488549;
  -10.02070051713584, -2.29603872388231, 32.83039294311858;
  -9.92584209228878, -2.55731166135489, 32.5507290160036;
  -8.350920677884627, -2.504630207005528, 27.57656842836239;
  -10.2130591940464, -5.190597719151822, 33.60538403498543;
  -8.715196939381517, -1.460824302645214, 28.87915537197731;
  -10.49483494049661, -5.178991436913436, 34.71852771443397;
  -10.21725455370365, -4.260248482917755, 34.08216149004888;
  -10.37005072275173, -5.305537866964805, 34.71443087879831;
  -11.19701406465352, -7.981592238224539, 37.5429872631285;
  -10.90264658354966, -7.836558098199685, 36.64071000227889;
  -8.834799410741473, -1.900138653064796, 30.02194473588341;
  -10.01540491471038, -4.290377510259482, 34.00600474231347;
  -8.218599386291885, 1.19783786146429, 28.12482354670537;
  -9.505653395965828, -2.809626019949076, 32.41596574077391;
  -7.967388970305521, -1.597861380211954, 27.34427456254675;
  -10.61661892752995, -8.118404745954724, 36.47287173189754;
  -9.399343729097923, -2.532099160058923, 32.62557068561785;
  -8.187292015411678, -1.732241847727142, 28.54622752864234;
  -9.254602525085092, -2.92445803744996, 32.22958310965346;
  -9.340199181078278, -2.888810775789387, 33.0522680594147;
