m=[-3.735192558108507, -0.6058516617304034, 9.761794076382467;
  -5.881085274694077, -3.279303220419221, 15.65027066840364;
  -5.500633404049648, -2.287980331407028, 14.72020506860543;
  -3.912576451468122, 0.4645592124014034, 10.79185880153663;
  -5.587685170910576, -2.515751697271601, 15.0204367848656;
  -5.922569980184956, -3.419323846021669, 15.93991701279136;
  -3.922181405180352, 0.6193391872131754, 10.8982379305438;
  -3.839829704370112, -0.749153633918578, 10.7355605739983;
  -5.852597457023107, -3.350148927390468, 15.86511832737145;
  -5.515540242810395, -2.618380533165587, 15.04225557543451;
  -3.867258979762521, 0.5201243944737961, 10.85736523381446;
  -3.779485169458696, -0.6951671261827158, 10.67116354614633;
  -5.50938013988864, -2.562264672342022, 15.1165071772698;
  -5.432217758931507, -1.769226181005613, 14.95179858798097;
  -5.800878234019459, -3.568287951088446, 15.97357538198554;
  -5.2943995092808, -1.885656991448178, 14.71723926005031;
  -5.380505183848411, -1.868732711858798, 14.96030289336068;
  -5.093279479332331, -1.253144945522431, 14.25126790072488;
  -5.416159339802547, -2.536738727348687, 15.10869950972904;
  -5.607930287689699, -3.229245931112959, 15.68573774265267;
  -5.160600314923945, -1.407933821516381, 14.52062344146076;
  -5.448812211222449, -2.869667318658913, 15.31462426568577;
  -5.196527093876029, -1.77394127700571, 14.7452870771808;
  -5.226575148170371, -1.865371033490031, 14.89461752993162;
  -4.870287602221715, -1.237714243379901, 14.01154479400933;
  -5.266439193217777, -2.043938637471113, 15.15138768273947;
  -5.20613668683191, -2.491914557138572, 15.04097406978227;
  -5.186384184234884, -1.895433392432323, 15.07944135612518;
  -5.204983738346212, -2.565513987950009, 15.1971041007707;
  -5.588536372446812, -3.613421799675316, 16.27502928777119;
  -4.996664310877053, -1.513645581988104, 14.69224136386243;
  -3.778244333338504, -0.6510951225607401, 11.36011104009026;
  -5.130216655012138, -2.474040833461931, 15.08241526848197;
  -5.084039208508831, -2.52396055275408, 15.13262784097932;
  -5.089245732682139, -1.194494065726246, 15.1507823299683;
  -4.793566211431702, -1.371411007121983, 14.41183503582998;
  -4.897066989050187, -1.773785495081486, 14.77537973322329;
  -5.288943066081179, -3.581367870701515, 15.96910261547857;
  -4.965908311397586, -2.425635876750995, 15.13835078126632;
  -4.736069047951419, -0.9961014630035655, 14.57665588071017;
  -4.62188686887787, -1.218470378416077, 14.29785190519776;
  -4.880095449815692, -2.448522044260259, 15.06057371586229;
  -3.765341607729463, -0.6422197597342296, 11.85711295741859;
  -4.877174179313374, -2.402226873032969, 15.14128871255424;
  -4.675746004111673, -1.312107604852695, 14.57319502667639;
  -4.586462143434171, -1.052711158023458, 14.33272401310525;
  -4.467745047223895, -1.32465090309098, 13.98938914490353;
  -4.560384367173279, -1.176640433866094, 14.26401928022584;
  -4.793604213056874, -2.423588566286044, 15.07040595137986;
  -4.498855301020174, -1.288250884087258, 14.29353312118726;
  -4.849907059783525, -2.380492989826708, 15.34039981731837;
  -4.681947593915898, -1.945251389242694, 14.92135894198501;
  -3.820764056238321, 0.535466416327375, 12.39472678026073;
  -4.381986084469761, -1.113560537963245, 14.07575250033229;
  -4.786332233219734, -2.43293264437587, 15.3153822775968;
  -4.37380965856172, -1.044660933616856, 14.12544775712053;
  -4.936099280977283, -3.514162963403171, 15.88039110278631;
  -4.388359295825416, -1.296800644985677, 14.26697889658918;
  -4.607803998460778, -1.963065488972274, 14.93946492205763;
  -3.615594525003286, -0.6205807631076656, 12.02216418443112;
  -4.271947409714053, -1.155221763539208, 14.13844012811665;
  -3.686931356348544, -0.6987801540022827, 12.34236416305378;
  -4.18301641062403, -1.10020253791777, 14.06160181064706;
  -4.25398165659792, -1.312249994509126, 14.35021119893848;
  -4.370256143551989, -1.410462802012708, 14.76577509796723;
  -4.132641245465253, -0.9138357804035607, 14.06086532242765;
  -4.205152862747245, -1.167156349168627, 14.31240336114508;
  -4.83652880895093, -3.565832352851548, 16.36817374317458;
  -4.338011098535585, -1.891944055095837, 14.9860298003899;
  -4.441270911474843, -2.498379380629584, 15.3264131230867;
  -4.09853995031004, -1.341530734249107, 14.35005494994947;
  -4.022238355890815, -1.097987389127535, 14.14738929172646;
  -4.518927841177968, -3.152382876734217, 15.76462210632037;
  -3.996029617351578, -1.004762461077832, 14.06256114171432;
  -3.626393237081483, -0.2851377490254558, 12.87389348209985;
  -3.968959631901055, -1.055786313847365, 14.17020167429506;
  -3.884320139584699, -0.4947877780039056, 13.90952825629514;
  -4.487932855401078, -3.427877326327899, 16.06468852399701;
  -3.725340615218117, -0.5074672233025607, 13.53676974251221;
  -3.786247108273495, -0.6555259233586526, 13.75063179234339;
  -3.695140984591924, -0.05181529810269708, 13.49558442119132;
  -3.606671683613407, -0.7158821231807141, 13.21454030644242;
  -3.955079587948423, -1.304357629565988, 14.46947352133824;
  -3.946004002445556, -0.9844240505397669, 14.44450646925926;
  -3.839975472764168, -1.214186866628309, 14.14751848892849;
  -3.807003709769113, -1.294931520481578, 14.0407904960556;
  -3.983002678221752, -1.729745165279336, 14.77045723741226;
  -3.699208252223255, -0.484135729253912, 13.8422477938086;
  -4.318444076324576, -3.369870378116861, 16.02510838689596;
  -3.790944562335835, -1.081602308984208, 14.21139446391671;
  -4.019560938821154, -1.954611977207173, 15.00838740234714;
  -3.758877421087545, -0.6506013764057712, 14.11053270860298;
  -3.966903231600269, -2.034457562333761, 14.92670628693464;
  -3.668399596698633, -0.2166997512097987, 13.9012765879314;
  -4.067431307475233, -2.493424756605446, 15.4482316267209;
  -3.641199643575852, -1.131369769653482, 13.93414324584754;
  -3.607945508171152, -0.365935801250395, 13.82867152824615;
  -4.262192777148671, -3.636818431316053, 16.23079806783533;
  -3.993054635421961, -2.459426836984286, 15.38707718024677;
  -3.590160077414023, -0.5030687612554807, 13.95132248974189;
  -3.741255533227885, -1.426574790751391, 14.51306045301527;
  -3.672695460987298, -1.303499206236837, 14.27705676279934;
  -3.590328482436673, -0.4182907498475008, 14.25119923757644;
  -3.58987589214732, -0.9566611856777102, 14.31817832624061;
  -3.54349624043582, -1.188508012020475, 14.14541845715895;
  -3.573940904491233, -1.278924780771066, 14.27972191142911;
  -3.564852429761811, -0.5527996261075366, 14.26117394000332;
  -3.252166639381591, -0.0582574326594387, 13.14426938613103;
  -3.580125229107944, -1.342699019311568, 14.39922651481869;
  -3.602599090688629, -0.5970378145254307, 14.55716398349697;
  -3.671288541207249, -1.971222044245832, 14.92825902898932;
  -3.524045465806475, -0.8160855693194823, 14.4308319732334;
  -3.411424959981769, -1.208708325054069, 14.07909040968955;
  -3.912157635080051, -3.291880733417056, 16.04128580234685;
  -3.623312659972708, -2.221830862116771, 15.09472704188484;
  -3.435046398054765, -1.401106058558821, 14.41387232827469;
  -3.655809105268593, -2.630052050533139, 15.34190573371513;
  -3.049259982642886, -0.8093737619049162, 12.97566438293085;
  -2.971786526726253, -0.1801072515527176, 12.82337696290525;
  -3.402869424052272, -1.586382070183463, 14.62035032567356;
  -3.403764094410627, -1.510766851075555, 14.68339912420806;
  -3.280980459703744, -1.319712588949158, 14.24204924557076;
  -3.441113667205178, -1.964533803147011, 14.92004684153221;
  -3.068300331139461, -0.8310744604554241, 13.60462841278613;
  -3.188040330808142, -0.7878315895228893, 14.23095326250102;
  -3.291137179776271, -0.2507723838566047, 14.68819279660107;
  -3.125287231029709, -1.120794847179357, 14.01506298853977;
  -3.517647975235421, -2.693370054336129, 15.65214356356225;
  -3.36674146601445, -2.163210376022291, 15.16615530951375;
  -2.790849174046097, -0.05763764761691956, 12.75711281470615;
  -3.336109825225642, -1.964384960921891, 15.06181482978373;
