m=[-6.865874625010307, -0.3334139831640739, 9.899731651207864;
  -6.567014291267001, -1.737719845384659, 9.866844337337506;
  -6.328154189967388, -1.647596838062664, 9.578314732587279;
  -6.389297237735758, -1.463555593180296, 9.955861987693634;
  -6.418627945910909, -1.382007807217494, 9.999560430968092;
  -6.429816908777663, -0.2997341061546339, 10.01954692286387;
  -6.402727376468627, -1.546844254438112, 9.981483554265326;
  -6.432498316108043, -0.2170958404219636, 10.02722680315479;
  -6.407143312609686, -0.3827265412146534, 9.993088863643788;
  -6.372531207311552, -1.47676579512799, 10.07231572270626;
  -6.332416261193078, -1.723650174566593, 10.03431087915707;
  -6.363408677941127, -0.1452778908923625, 10.08121790912965;
  -6.287141991460918, -0.4500678960310083, 12.91869928262207;
  -14.45667506528054, -5.311731366777144, 31.3423226050461;
  -2.695702368563639, 0.7774090141974946, 6.713836630371914;
  -14.2665999825462, -4.404102542838184, 31.32944313425089;
  -13.88534922026924, -3.487645686540248, 30.66650613829634;
  -13.54851986020475, -3.839119664917897, 30.66379989582175;
  -15.09171295239958, -7.630532036409222, 34.07400437246442;
  -8.220471573077763, -0.1989835609612982, 19.05892581675346;
  -8.13730195641288, -0.4140500537327546, 18.89370011206745;
  -13.91465826915342, -6.553485442131492, 31.67011802125984;
  -14.21433211573103, -6.118524041468987, 32.32631141239722;
  -13.82403651175158, -3.910665923840134, 31.53732097850839;
  -13.81016430753815, -5.607804160800318, 31.59859098292585;
  -14.76603869306966, -7.773118292572396, 33.75552757169645;
  -8.284301956029303, -0.40313519388324, 19.40658643568299;
  -7.695314730274909, -1.004789554159556, 18.16559839965202;
  -13.64504191768893, -5.294876403487412, 31.55991275595851;
  -14.35540894423231, -7.762263366685872, 33.27250439291858;
  -13.94552744704776, -5.793020153916522, 32.41494207332631;
  -13.25385456475507, -5.279358449096761, 31.02628010394565;
  -12.89893485528284, -4.424055591302722, 30.92052039798384;
  -12.8526595326692, -3.167059217837091, 30.81338320048315;
  -13.06140551504427, -5.330157392897663, 31.60192277565405;
  -12.64179806351181, -3.426844000242745, 30.68918501987207;
  -12.72553314029027, -3.750047272540976, 31.06685391969311;
  -7.841107058341756, -1.251567111006481, 19.58759930753232;
  -12.68834229388257, -3.007371261362235, 31.17531393915464;
  -12.55582593741834, -4.646211861648347, 30.96703404971852;
  -12.89096615667414, -6.072537158181889, 31.81359242775611;
  -12.46934698637042, -3.454580699660176, 30.8758569460131;
  -12.66626334101557, -4.512628350902844, 31.4143042986476;
  -13.43431081231052, -6.815141918691896, 33.26424653486955;
  -7.736493337570747, -1.35270588241318, 19.5879669088536;
  -12.94733972350637, -6.83403518494002, 32.41951550980905;
  -12.67378487946253, -6.086323380440085, 31.87295129143892;
  -11.99796970857599, -4.26488266824408, 30.42626194506796;
  -11.51520114733396, -4.583575373261432, 29.23490314194891;
  -12.53357384961116, -5.773942933317087, 31.82796276620974;
  -7.963091954447649, -1.479359127197839, 20.72439036650614;
  -13.02266819550784, -7.758691857193931, 33.26512934523301;
  -7.738824021221381, -1.255244360272131, 20.22514376789745;
  -13.01806284292803, -7.694364001184911, 33.44507708778883;
  -7.930835759219527, -1.411291659734243, 20.83538869959923;
  -11.74394949643375, -2.993431868279255, 30.41020066711207;
  -12.87282449497423, -7.72012462682047, 33.387140545619;
  -12.17547896539479, -5.974135599453326, 31.75386325459693;
  -12.26262217932874, -4.802962627931054, 32.0326343625815;
  -12.75566364966353, -7.667328822843671, 33.38324208306258;
  -12.5852417255253, -7.958445425126618, 33.41546368149694;
  -12.36110472639431, -6.89257316360078, 32.89437675066149;
  -7.23425300320927, -1.150344365675162, 19.68200619342704;
  -11.12553016566368, -5.009063778865993, 29.90689658419574;
  -12.30357879410397, -7.103321784772298, 33.11366950403384;
  -12.1022733452134, -6.927593835759146, 32.80662988731604;
  -8.168577488780997, 0.9698948945020638, 22.53096801092715;
  -11.30424487426112, -5.366439807865562, 30.82949865293492;
  -11.33426761843393, -4.274450391651126, 30.9434068287096;
  -7.999570870926265, -1.304460238072907, 22.14441401961627;
  -8.171919273069255, 1.290401773326869, 22.70662964988742;
  -11.40449824644625, -5.303925708645402, 31.2913930820265;
  -11.2744093917023, -3.671977294794375, 31.03202152491239;
  -12.24101205372645, -7.529800498876327, 33.70743547852538;
  -11.86820317285901, -7.474981042071271, 32.87989599111766;
  -11.03527893009004, -3.930332577023781, 30.67559220471237;
  -7.726065469025281, -1.42106834343553, 21.81411078271557;
  -11.22236700966265, -5.256162387380827, 31.30546209947191;
  -7.664515996551264, -1.514974827090433, 21.71110077867264;
  -10.82727295387227, -2.663930465821479, 30.295287766171;
  -11.5770018150573, -6.666449846537343, 32.38161050536418;
  -10.87788601362064, -2.967744582134376, 30.60761868849474;
  -11.36525278788438, -5.985615438630027, 31.94358135017055;
  -11.31705639688522, -5.47897514233609, 31.91657871304379;
  -10.25710895834643, -2.469347751496929, 29.07048649126467;
  -10.86359955546645, -5.137357140390342, 30.84674281581384;
  -10.67549012269003, -3.810095421692343, 30.42285585000978;
  -11.60520598744643, -7.609716579354815, 33.13875072788679;
  -10.54484681580148, -5.470368518748129, 30.24296944283286;
  -10.22947184335458, -2.599674605868835, 29.42961784984435;
  -10.74114666086393, -4.168707520473552, 30.90195694758916;
  -10.83417467188067, -5.185771946350957, 31.30085706728012;
  -11.32024747965725, -7.304494350518583, 32.6845018072295;
  -11.66606857640942, -7.895404210915906, 33.72362716730368;
  -11.36010374224037, -4.151701688430611, 33.02956589705151;
  -11.48860695737058, -7.428274607343885, 33.45731373043464;
  -10.74839267572701, -5.297836293782266, 31.38231560755737;
  -10.39910332765706, -4.341282149741069, 30.55824492397598;
  -10.33077397813838, -3.129513895197428, 30.37671040496139;
  -10.53218151123724, -5.079131911276379, 30.96374791117513;
  -7.658382522922653, -1.31974935114198, 23.02658805843124;
  -10.47484826009061, -5.200216347723212, 31.17835522302613;
  -10.82169264448276, -2.539953526302907, 32.21638692851415;
  -11.1297278776316, -7.737150918037676, 33.19124352245338;
  -10.39543871524209, -5.052480038632154, 31.09874763688372;
  -8.010902090290434, -1.537407817499227, 24.22635689693855;
  -10.20772572047531, -3.697379648110784, 30.79864418229368;
  -10.71406764477981, -7.254950024630897, 32.34938313969015;
  -10.50366285368616, -5.238940865347774, 31.84930233622409;
  -10.30751185772773, -5.034782963019334, 31.42199178873472;
  -9.685642717314583, -2.037107732840185, 29.81043549921857;
  -9.951851315833135, -4.99320711625388, 30.71263500738836;
  -9.598282632060824, -2.530400116364391, 29.69238051704112;
  -10.23129109952519, -5.039369422021053, 31.7632560873409;
  -9.498428668290645, -2.665448567748452, 29.60435688941406;
  -7.655152824169305, -1.30566915824442, 24.10618243937005;
  -9.512146682449043, -2.183282590417754, 29.72552021755799;
  -10.44292992089964, -3.096245735694124, 32.69886910113576;
  -10.17437222447761, -5.144040078489823, 31.98677089478393;
  -10.04008060082084, -4.927999896273458, 31.75707260286515;
  -9.534345289653638, -2.730167548577131, 30.29203454389761;
  -9.582301654296897, -3.981246101384372, 30.53877891754743;
  -9.851727289195818, -5.007715251987343, 31.52371422975133;
  -9.193976085800717, -2.336394675558242, 29.53275738057579;
  -10.14068647640303, -7.124671077844091, 32.52067854424715;
  -9.19774398973505, -2.196831726473689, 29.70459675949761;
  -10.14577706262358, -7.223094990374301, 32.64093743354399;
  -8.184876272757551, 1.147081133863942, 26.55209890949119;
  -7.922502004777762, -1.586059866982343, 25.76736914137905;
  -9.562824465562525, -4.0740558174168, 31.00467830376226;
  -9.248181118333715, -2.732922814822464, 30.06672789363846;
