m=[-6.270738066323569, 1.296143873076759, 8.662870817288612;
  -27.09001966287357, -7.027540866769902, 34.17552717999344;
  -14.21395377047758, -1.574955243937185, 18.59303721168022;
  -26.92802646313314, -7.438476112365506, 34.34698529931882;
  -26.67391693078382, -6.530130882857441, 34.05587502365079;
  -14.41188812778068, -1.865793811254219, 18.86172674138801;
  -26.58497030374969, -7.697654002925334, 34.51070094694623;
  -27.1297878890296, -6.53897529533244, 35.27347934103783;
  -27.0269206411438, -6.70529824208714, 35.30757231108818;
  -25.27424043014109, -6.809645093845065, 33.32463996729019;
  -27.52668172464322, -8.296694196789035, 36.32307765757232;
  -6.315833444231894, 2.055581892223337, 9.096481246738209;
  -24.33837376120232, -0.1921025955211769, 32.31383364252933;
  -24.61378673619459, -1.673998112738459, 32.74675009574005;
  -23.89905039609658, -0.89505569659563, 31.82726307784661;
  -22.19840215413138, -0.003177034678947933, 30.13350423879809;
  -23.8794865269592, -1.139444717843354, 32.49154477438422;
  -24.65100578696426, -1.762741918398058, 33.54828139097984;
  -23.35958082505858, -0.311810185631583, 31.85637085448069;
  -23.95871180179415, -6.275327176091815, 32.92550602714658;
  -24.60361507355005, -1.818659972543856, 33.8114124577529;
  -24.99266816265554, -1.718774169433382, 34.53211574404102;
  -24.76793157344141, -6.43551724662651, 34.24342153511017;
  -24.38956799435001, -0.8489474528048773, 34.08087035614358;
  -24.17387088869418, -0.3656234934455118, 34.0083108991093;
  -24.23235801347279, -0.2203213283000097, 34.20952648662262;
  -24.11884166853865, -2.550148561904538, 34.40364903790832;
  -5.747108197284143, 0.8100260867808208, 8.98970427007507;
  -5.679461951093981, 0.7064506601305366, 8.910425060352821;
  -24.32554912992396, -2.486607677540703, 35.15468380021235;
  -5.610184906612767, 0.6693024047705029, 8.867761155735739;
  -22.66327301355587, -1.318642557295528, 33.06263069769169;
  -5.613578349922189, 0.7999990386671871, 8.930274215624282;
  -5.55267580149699, 0.9453770878470162, 8.93393086482687;
  -22.72329459048282, -1.930276638389295, 33.671862876658;
  -5.449422378515131, 0.8791770109830881, 8.860043922215086;
  -5.515397299445949, 0.7269761957864526, 8.962582631195149;
  -22.03535880100471, -1.718904189481069, 33.04196137162811;
  -23.09555980130861, -0.3971832367970584, 34.63720975237433;
  -22.90293131243215, -1.096164449094887, 34.36566023120876;
  -20.17118330657624, -0.03227669688210634, 30.42753808829918;
  -22.32931484036251, -1.968871825442447, 33.74356251801554;
  -21.37958931249086, -0.7606953110265234, 32.37212666412028;
  -22.10726966705413, -0.6916265452973512, 33.66493765251129;
  -21.80698967473166, -1.154968389921982, 33.39060216578699;
  -20.05349427081592, -0.1806481376865628, 30.85662859978134;
  -20.55020645386841, -0.6052725149937609, 31.72873368602397;
  -20.14501759721518, -1.746583697390485, 31.23144708735275;
  -21.97817449730908, -1.601737623430775, 34.06539376511063;
  -22.35570247392966, -3.183890087074567, 34.7328040525177;
  -20.83445776011729, -2.078263529477834, 32.68411676258806;
  -20.09383872474467, -0.8000806581179163, 31.69039707449043;
  -21.03786722813733, -1.755543131261006, 33.16245319405505;
  -21.8893028588793, -4.879691237856715, 34.54291735307767;
  -20.67578888016032, -0.7773488102912896, 32.71381107726064;
  -21.22436352676519, -0.9537019027808755, 33.81676601705589;
  -20.54531868352599, -1.743227771910059, 32.78929316347098;
  -20.15684382129984, -1.551565213762841, 32.20859888078024;
  -5.437846518060145, 0.8944550127257072, 9.440886691065037;
  -5.46115924642294, 0.9710192331253643, 9.504551940478363;
  -19.97191947414721, -0.3135368862014095, 32.20732484397102;
  -20.79373873766796, -2.426345298604673, 33.78778663958968;
  -20.65387311395309, -1.57984945299402, 33.70957139750204;
  -22.57987971953396, -0.7629728665271847, 36.78257639117523;
  -5.357852802347285, 0.9699713779597395, 9.496153878622527;
  -20.7099064626246, -3.185482515632704, 34.15432560981683;
  -20.21007141743877, -1.385541860288131, 33.43169990937473;
  -19.69917907870015, -1.024268800455999, 32.6250046964385;
  -22.42856094266466, 0.2300763147614949, 36.99595980886278;
  -20.6040326963717, -0.4551038386005491, 34.12241086377355;
  -20.94694800293123, -1.586306233410441, 34.68734371318396;
  -18.50248334821784, -1.046033642187159, 30.97653266661002;
  -20.56989062184913, -0.3374680596373468, 34.3548757576338;
  -19.82162667061864, -0.8414423941450948, 33.18072834406269;
  -5.415809900852196, 1.007428016000643, 9.789322881866058;
  -18.84040327070605, 0.1094109570235774, 31.67760949733288;
  -19.92477762446553, -1.252493622066327, 33.4880785806501;
  -20.22148977811776, -1.027665481155258, 33.98026150344956;
  -20.2712295882489, -2.01863264438059, 34.14108950289785;
  -19.97221062769283, -1.782466389685906, 33.69071990996963;
  -20.40764317756156, -0.3875998806868132, 34.55386602449906;
  -20.81226981704306, -0.8112316589756837, 35.23896647130537;
  -19.6572357050578, -2.131159382786628, 33.42394072638231;
  -5.475512757496595, 0.9830331536636507, 10.0401927026172;
  -19.13648166578685, -1.749146278308633, 32.75273122930607;
  -19.2729660583877, -1.073227132637651, 33.09857064069367;
  -18.94177175618812, -1.205980413410251, 32.56051807248026;
  -20.89032849882806, -7.274006089839003, 35.93563299601698;
  -5.424969053492124, 1.005238638964154, 10.0785820462094;
  -19.64074409985768, -0.5833448995388196, 34.04566261513581;
  -17.56211631569724, 0.1368563857103438, 30.61939463765921;
  -20.00346460072265, -1.194958421353282, 34.85128182858804;
  -19.47474738446506, -1.36439452133085, 34.06661932760373;
  -18.1376318943, 0.01563664650369125, 32.0913631160879;
  -6.40730229553448, 1.944392655920289, 12.03807374703755;
  -5.793790554929568, 1.674808305592849, 11.0986960941014;
  -5.98878365137453, 2.025663567822275, 11.60039820098575;
  -5.09155860881326, 2.025374762653238, 10.07038757871936;
  -16.99620938568204, 0.09798393812302518, 31.43251449528848;
  -5.008965534586068, 1.988246161107056, 10.10849241261267;
  -19.44727424571914, -6.179976743072327, 36.48851292015004;
  -6.727079714882705, 1.428180431872775, 13.29077115123239;
  -16.79443256038121, -0.05641862972245992, 31.82850901813099;
  -5.313069214366331, 2.046337916628013, 10.81773640997967;
  -17.85876790754404, -6.269089388116681, 34.10541658026071;
  -6.590070239968442, 1.433897370074697, 13.23790559228888;
  -6.638585028547329, 1.772601130189082, 13.33729624370484;
  -5.274807280301627, 1.988365382270499, 10.80993062503339;
  -6.525809241371347, 1.522564996818645, 13.16535355860696;
  -6.626141617745029, 1.477392476208859, 13.40726191735256;
  -6.576186982251841, 1.702838052183347, 13.37593237476323;
  -17.78827762449613, -2.080063666833742, 34.55669624210612;
  -6.582386269933463, 1.652082487062333, 13.40371636070975;
  -17.92335186044221, -6.323190779998673, 34.80771543123472;
  -16.40361328104992, -1.524213593146707, 32.01849723684136;
  -6.546407315295503, 1.554138170960497, 13.37736659013642;
  -17.3307645785683, -2.322520988214093, 33.82183272556672;
  -17.87290500491416, -2.603455373168297, 34.92118987243212;
  -16.57111792865377, -0.5862949629129316, 32.64404686600668;
  -17.23895562813535, -0.2862310055510302, 34.01323241780165;
  -15.84658038173615, -1.374835834736493, 31.36481616099174;
  -15.79344821652885, -2.27933920645829, 31.25908408480906;
  -15.53813442851109, -0.9363390500384686, 30.83149358249945;
  -14.96736971725107, -1.553771234922272, 29.78966271272812;
  -17.96636065662524, -1.318493610777834, 35.79045729821561;
  -17.31399378926475, -0.03089866202023367, 34.53535610213091;
  -6.402905859250497, 1.165531670090526, 13.38733731032952;
  -18.05991121736865, -0.4320080384255923, 36.0311589632171;
  -13.38452036259281, -2.201940482370151, 27.05931685019841;
  -14.7299986500035, -1.628214551465492, 29.69203547826271;
  -16.11786410698765, -0.7471172487808351, 32.46447723464969;
