m=[-6.236729200772597, -0.408860967964784, 8.666774264111126;
  -6.263240343031908, -0.2434967271311566, 8.701810361014834;
  -6.160466041613444, -1.582303976665556, 8.678021770815374;
  -6.146961716659525, -1.697652699477267, 8.681916794469268;
  -6.270985579883114, -1.744622672547799, 9.407421189721806;
  -15.05642399172714, -4.932455266204947, 30.25999686276113;
  -14.94384599275309, -4.975391901682778, 30.36029122353499;
  -15.59582101382815, -5.999605919595791, 31.67619399662149;
  -15.08697080248487, -4.98293240649676, 30.92444997152703;
  -14.82958142204034, -5.038102128996076, 30.58004841764019;
  -14.76510931211718, -5.484916769340653, 30.62653956493071;
  -15.0476423098803, -6.193279235331491, 31.32518601485555;
  -14.50801591921375, -4.550792016046784, 30.48164199529226;
  -13.8174896865024, -3.552677277264982, 29.1774526759836;
  -8.049927276009436, -0.2577573478817753, 17.46902798003277;
  -14.84157960135084, -6.062251252189863, 31.41617978106744;
  -8.110544765254467, -0.4754482035437732, 17.61798229916139;
  -13.59520817971269, -3.267319241765991, 28.93015789748686;
  -15.17119494373413, -6.634772036987545, 32.28753381500728;
  -14.19637147617277, -5.227496390330747, 30.40763037240997;
  -8.143961558627122, -0.4394648767835883, 17.87408558725829;
  -13.68059891262695, -5.449303135031918, 29.51575306748601;
  -12.97038406584612, -3.738462501254587, 28.30825964253292;
  -13.50729890140087, -5.542274065460232, 29.56876279181634;
  -13.54766676496058, -5.699808271968224, 30.16082843188096;
  -12.98482630180732, -3.570243754855186, 29.45743813823276;
  -7.779523785008705, -1.403635572091149, 18.03878673385063;
  -12.99949397803752, -5.311402477707665, 29.63573462444126;
  -13.52436265401435, -4.937889958286029, 30.83806385682075;
  -7.738614142296664, -1.317546716023818, 18.10747726639841;
  -12.88318233324933, -3.256264726025237, 29.51722627343308;
  -13.36794567673734, -4.678681225002413, 30.61808204684953;
  -13.340813787897, -4.645016986734505, 30.56533044389137;
  -12.8050238300384, -3.655107056141559, 29.52120892234146;
  -12.67822880568352, -3.511876368566203, 29.40497203504209;
  -12.71559541262409, -3.81931425738301, 29.66880317326879;
  -12.46349487174597, -3.04896512363599, 29.27826517349896;
  -13.24350811240693, -4.975269369349196, 31.2189973511833;
  -12.55712740047887, -3.552550694641535, 29.70701435768138;
  -12.7071714512261, -4.588868984315519, 30.12637358234697;
  -7.766420083316207, -1.343699305654499, 18.81362807526088;
  -13.48734983252654, -7.166106178266719, 32.3170613255392;
  -7.713891105619958, -1.314965050125782, 18.91561095668139;
  -12.88607083813186, -6.260760932624944, 31.01379872904842;
  -13.04605866569708, -4.713008459532616, 31.59412438074249;
  -13.20790345222348, -5.341672000427844, 31.99117445112168;
  -12.25978829031799, -5.703864976398596, 29.77458450747844;
  -12.01361831166599, -3.13095050320495, 29.69109438488047;
  -13.763862216712, -6.172799277391368, 33.89686904658564;
  -11.96757030895122, -5.920051722417858, 29.83759636621583;
  -12.12513781612965, -4.813638367627389, 30.28891992542855;
  -7.877270857765796, -1.302969641790386, 20.06567651717759;
  -12.04324291735221, -6.757148082163439, 30.66834370807117;
  -8.183319635875753, 0.8734345689472419, 21.2685405928121;
  -12.08864602241583, -5.53224434515585, 31.03298040771176;
  -12.18248071867586, -4.051203120666783, 31.36821067385709;
  -12.2746259623519, -7.132518378015593, 31.62263444773326;
  -8.233224385136094, 1.209965413793048, 21.5660703698838;
  -12.19405331037263, -7.021277603317274, 31.62444491791701;
  -11.6480141166394, -5.579242260095059, 30.32636966861518;
  -11.61384475644433, -4.44300238232282, 30.2718169069236;
  -7.992490215260808, -1.53226408842368, 21.23509550884258;
  -11.53601198832764, -5.415142714491925, 30.22928031919511;
  -11.46299563156484, -3.796184436468391, 30.11828471789395;
  -11.82018158792651, -7.310986912544442, 31.16738622326897;
  -11.08973472739152, -4.017597721853077, 29.42136324853782;
  -11.53072828625713, -5.575594443507467, 30.56246110633951;
  -12.10727560991735, -7.659635669959752, 32.08674263878688;
  -10.52355177367312, -2.661013441544219, 28.08236840597241;
  -11.71223294155758, -6.78352710440994, 31.3191536394174;
  -10.75839869027423, -3.006398541451947, 28.87944503587362;
  -11.28974500315803, -5.989346936775799, 30.3202454312484;
  -11.10365129374478, -4.195000623507427, 30.02250144055052;
  -11.20743923231202, -4.060912894587909, 30.45923358295684;
  -10.18399845726134, -2.655917374800449, 27.90537081380425;
  -11.29144152339924, -4.442922501717182, 30.99627173707392;
  -10.84907429884926, -5.240041087360666, 29.9201354429189;
  -10.38303641963415, -3.866952412113703, 28.87558998244699;
  -10.93404568243741, -5.43292180546682, 30.47118187608996;
  -11.69571538367425, -7.594015758411182, 32.58486429601059;
  -10.63970277199966, -3.290695536780937, 29.82466745052087;
  -8.141070093172278, -1.469101175587916, 23.07511854663373;
  -10.86596425580773, -5.287125564128102, 30.47739453628075;
  -10.18252898116233, -4.00611639374026, 28.73926645310193;
  -7.812642876024045, -1.557689633155737, 22.31996037135101;
  -10.38855204876637, -3.958099163584031, 29.5435384432313;
  -10.71877391108026, -5.362778787359729, 30.43809942912144;
  -10.62629473712526, -2.584731278901893, 30.21985949771212;
  -10.3049341430055, -3.789645956479021, 29.6451038293877;
  -10.13614777478561, -2.815526808304127, 29.34389489874246;
  -11.216090823888, -7.609653583606526, 32.33745867355542;
  -10.41304519070765, -5.129842903772151, 30.28618586327408;
  -10.31099815620859, -2.255479327711846, 30.22078740168517;
  -9.832787436182858, -2.65493447063655, 28.95373332406594;
  -10.42342035595436, -5.276099354744694, 30.66848472565816;
  -8.048797605360864, -1.426456322315288, 23.92386623512246;
  -10.49603094815571, -4.312312913886133, 30.9545511981638;
  -10.60926629228807, -6.324900830757818, 31.30884543517735;
  -10.1275244107555, -5.031941486860628, 30.0033867122216;
  -10.22208942043067, -2.938618625564681, 30.32489572304094;
  -9.829987322698672, -2.330151886432889, 29.24090104151629;
  -7.838462622849798, -1.589360785831479, 23.50867124049731;
  -9.832504010836459, -5.01140742935416, 29.49998670033902;
  -8.856350151141916, -2.872728664273897, 26.809824120867;
  -8.741567477402148, -1.94695083187201, 26.5012322475946;
  -9.394992718685179, -2.755871502374461, 28.42788291997877;
  -10.24186737348384, -5.071864297586568, 30.90701233215191;
  -10.05902632624598, -4.238647296948346, 30.54761782259051;
  -7.978990990808246, 1.015513612165622, 24.51762674658514;
  -9.251469453998054, -2.415365650485265, 28.27020592227468;
  -7.914367745910671, -1.658672951016216, 24.36592109410819;
  -10.16293695274739, -5.211776417061773, 31.01817262923855;
  -9.236310714367727, -2.269958906648755, 28.37884864242141;
  -10.24841874697527, -7.318879387303261, 31.48896367457504;
  -9.215699024324536, -2.783231413143726, 28.51608596898753;
  -9.763232922459235, -4.210032472253017, 30.16548025121801;
  -9.238001983674979, -2.338318917480732, 28.62607473826148;
  -9.116046257857667, -2.525698483484381, 28.68754556271487;
  -7.949657288871155, -1.675355532764974, 25.16683939909042;
  -10.05618594249673, -5.010869834606472, 31.69338885350463;
  -8.999686336167059, -2.450291531214679, 28.76445910429177;
  -10.10503872730864, -7.211560967691822, 32.18783521105912;
  -9.033212411417527, -2.851222384051359, 28.99265652430325;
  -9.38210567321449, -3.093500493590615, 30.17867503986131;
  -8.99398959629084, -2.05393880611688, 29.06454895634129;
  -8.957806232194903, -2.551754957158185, 28.99875374493634;
  -10.10804746119918, -7.883107171528118, 32.7032964645727;
  -8.434589513134615, -0.123340286020782, 27.60115427307327;
  -8.219999457226656, -0.5943273459330981, 27.00414107808164;
  -9.096516742465258, -4.01476647123036, 29.93883675527179;
  -9.437613802533852, -4.65501289086436, 31.01288135950259;
