m=[-6.526211944920086, -1.568436288846228, 13.88756534973434;
  -3.773835076145782, -0.6300184038599359, 8.832911468498725;
  -6.067063481188199, -1.680579929005874, 14.0715106765693;
  -5.725718358995033, -1.400691841572731, 13.45040874558036;
  -5.940049454208879, -2.231534564037329, 14.00251252182317;
  -3.846973683005516, -0.6557826488139615, 9.43335296700119;
  -5.899749357187139, -1.669104565769305, 13.95732744210241;
  -3.801029518814092, -0.7032327859892108, 9.381628302654793;
  -6.089421801929746, -2.199038467887666, 14.43690256400239;
  -6.289418642172986, -3.212420942838295, 14.9144509171211;
  -6.07116719743791, -2.949706460768129, 14.61189837281986;
  -5.887372278705557, -2.73909922001252, 14.29829449646702;
  -3.753360562893684, -0.6905352332223941, 9.477100911945271;
  -5.65617342365525, -2.53667340406434, 13.92970714380057;
  -5.599608532158563, -1.459351936833867, 13.83916994310151;
  -4.02494456551122, -0.6657611085672078, 10.2526924755291;
  -5.681510685479564, -2.318671907002436, 14.55274298543352;
  -5.568816545422897, -2.548511535989982, 14.29580901184446;
  -3.8335379281252, -0.7349389665389391, 10.18525413832524;
  -5.508628852264111, -2.638559206742962, 14.34207696420261;
  -5.48804683661566, -2.099511891258289, 14.30475027853855;
  -5.374984921840876, -1.780026335381159, 14.1224276300532;
  -5.508067077941206, -2.089659323785664, 14.48538995571603;
  -5.465020211409891, -2.642568237490209, 14.48516203921324;
  -5.080516480339066, -1.284672982556195, 13.55748881764637;
  -5.388426482329444, -2.547957066098551, 14.35427446688385;
  -5.145496714263596, -1.437891851953067, 13.81237987361259;
  -5.371050978613535, -2.160691068868977, 14.42179538035805;
  -5.413813382748733, -2.872093797616492, 14.53957998502201;
  -5.308875384583022, -2.00571280196769, 14.35435197529452;
  -5.275753936588509, -2.518794647780939, 14.29631425297001;
  -5.23877609554196, -1.898222507145953, 14.23778451752578;
  -4.851483770113647, -1.265233895378286, 13.29364435494829;
  -5.261526334170156, -2.070289581274357, 14.44347913131748;
  -3.868315853841577, -0.6980590147713121, 10.96438746769652;
  -5.150948585691061, -2.559409545452084, 14.35474990205019;
  -5.00597714738744, -1.548271320086811, 14.03249760685535;
  -5.004720346766735, -1.969009100230327, 14.12537021353723;
  -4.955891062060646, -1.205466906370027, 14.09393728353863;
  -4.927016733640101, -1.811913475916496, 14.17397924246137;
  -4.985140722849115, -2.508521150967376, 14.43124966076809;
  -4.947997019285091, -2.437562397205004, 14.39117516850136;
  -4.819280941223068, -2.038758592781281, 14.09983804994685;
  -4.880226410977707, -2.470260100683618, 14.35892864642316;
  -4.892272484970826, -2.009998819496289, 14.42813001023088;
  -4.656106671970222, -1.33852495572194, 13.81282666346537;
  -5.041752282383333, -3.005729361558343, 14.87863897302073;
  -4.609523598698047, -1.092665713236589, 13.71177998234285;
  -4.859677511348493, -2.414569631266273, 14.39708044690839;
  -4.516966451305494, -1.376381850146315, 13.51169128557352;
  -4.806415841583858, -2.449722678021036, 14.4204572148413;
  -4.475628311305672, -1.312854292459079, 13.54260098297831;
  -4.772577414447956, -2.36342300804202, 14.40226705008752;
  -3.866953589929533, 0.4921604765201485, 11.88226993531872;
  -4.708717884284108, -1.984147738060619, 14.2996061147788;
  -4.384001439680949, -1.144571307481025, 13.39642573318658;
  -4.775602941152331, -2.449033670254159, 14.5755579441352;
  -4.385861618009469, -1.077889857867458, 13.4756946656722;
  -4.417839171306198, -1.334230721656786, 13.67009504906893;
  -4.284616217422593, -1.187098921676598, 13.4833807858434;
  -4.630613637876506, -2.387529795939694, 14.54454600369379;
  -4.611044419713011, -2.297624916731988, 14.53231122121274;
  -4.169682363034121, -1.210558175491411, 13.31031413642037;
  -4.2330058153275, -1.152495533005087, 13.529374037615;
  -4.258096684255466, -1.344015841392008, 13.66662589023748;
  -4.307928672078584, -1.420425215575548, 13.85697241299754;
  -4.185752041445054, -1.192369341815432, 13.55037043009222;
  -3.782170877487566, -0.2734607941496194, 12.4250952191115;
  -4.297564256713322, -1.896738869864898, 14.14432341188235;
  -4.419754451739799, -2.18000168027432, 14.52372636959767;
  -4.392924858864477, -2.486777374619461, 14.45231007329769;
  -4.080334681701644, -1.28658877342466, 13.55746208931217;
  -4.10121615106493, -1.370702806429182, 13.65492041772235;
  -4.032351299190458, -1.128924804596739, 13.4786414960794;
  -4.030399734021576, -0.8797882320897784, 13.521584099217;
  -4.153731464790081, -0.9169964392733485, 13.92824584021414;
  -4.033194246555571, -1.107688486327474, 13.67851368764007;
  -4.26660527675703, -2.162437073410762, 14.40915069275343;
  -3.985126849965224, -1.199222615700731, 13.52989555921458;
  -4.328614774630639, -2.401919303048112, 14.66620802789614;
  -4.149949872303239, -1.84294231007788, 14.21901090074438;
  -3.803750531244126, -0.09838600612975126, 13.17376653793312;
  -3.912924170947177, -1.31666979234346, 13.61230723658745;
  -3.872676148221481, -1.252852885020926, 13.54656165942228;
  -3.714153872469143, -0.5238998618577299, 13.1811178788735;
  -3.98463973227113, -1.75654058631253, 14.06632803394373;
  -3.840669421462727, -1.363711305906689, 13.61815411402768;
  -3.82335119957385, -1.118898351780879, 13.60318670060593;
  -3.916446200232768, -1.544411141762476, 13.91649396463253;
  -3.860794763953092, -0.7003919362084565, 13.75152090344587;
  -4.013831141458181, -1.9713189345791, 14.2568566284703;
  -3.751855460590585, -1.148008642021441, 13.47141619780446;
  -3.838480659172642, -0.2656566177629136, 13.78043407511649;
  -3.991129503881237, -2.063355196954952, 14.28891323299551;
  -3.760559140481343, -1.089252778452099, 13.53755612657358;
  -3.694557666814563, -0.4142188448465161, 13.4387557082904;
  -3.915940211216603, -1.97745573613163, 14.17706966374194;
  -3.679418320377971, -0.5508359322936808, 13.55505983085383;
  -4.005972521937469, -2.473157425242519, 14.66428571531776;
  -3.703323465824026, -1.340320066925016, 13.66583793704002;
  -3.613932885201555, -0.4597205260424758, 13.61874075058824;
  -3.526846378940535, -1.211436198729529, 13.36831287872544;
  -3.602556935188824, -0.9891875757645774, 13.64883672295141;
  -3.633654724248083, -1.322868777030078, 13.75797452268045;
  -3.165120739796568, -0.07893625637661739, 12.13200185783705;
  -3.626983617833032, -0.7404879723856525, 13.77904774987011;
  -3.820872474104611, -2.17054171834556, 14.45727001218342;
  -3.565695022896772, -1.362766618868951, 13.61353365434881;
  -3.667000119238271, -0.6936027211234919, 14.01563758999138;
  -3.544944629529299, -0.5179862793133435, 13.58979316915965;
  -3.525814422704195, -0.4348613197082832, 13.62247356857295;
  -3.687681809778614, -1.99604449339769, 14.25540675753199;
  -3.545152651377919, -0.9588678523358383, 13.79962215771746;
  -3.43250104893466, -1.242454011610243, 13.43436513878186;
  -3.47720413232379, -0.5195436825868836, 13.66007763907299;
  -3.776304450541257, -2.589344564245184, 14.75975438984852;
  -3.083392664230989, -0.2181198120251346, 12.25330648208406;
  -3.279139447818082, -1.282980135558527, 13.0209767349438;
  -3.435685807824346, -1.436806525072984, 13.69274348862904;
  -3.394907419744991, -0.9290810004198612, 13.63087564777753;
  -3.683422065383277, -2.656230872587522, 14.69947732839301;
  -3.343695439193327, -0.6456619970736247, 13.51552746437213;
  -3.082297309126024, -0.2223787648548988, 12.54891522844599;
  -3.622087152278185, -2.126211700080469, 14.61573469201388;
  -3.254140715554112, -0.3548382854614045, 13.30801351023043;
  -3.393136140838334, -1.601493772599685, 13.82850919796025;
  -3.480394386941448, -1.56837093144464, 14.23417686533846;
  -3.445726308668161, -1.981681738739974, 14.18070715354563;
  -3.381731287861161, -0.4999139899482298, 14.06783211663803;
  -3.102934603610005, -0.7995033472080652, 13.14357561021867;
  -3.294078239372593, -0.2947867576454626, 13.92035468296492;
