m=[-6.727144905577894, -1.654732473173863, 12.74142533064761;
  -3.899215952112111, -0.2651544860671248, 8.106752818859548;
  -6.515569054214586, -2.711132882861644, 13.20009707175621;
  -6.129560627595992, -1.797989122731688, 12.74475847137449;
  -6.17693832460269, -2.58194937827292, 12.91335836513796;
  -6.324589599418675, -2.953323834057424, 13.40457421075156;
  -5.859258336967604, -1.662401706274724, 12.68512589582774;
  -5.885804063864391, -2.43945388875095, 12.80307435374198;
  -5.941091088693424, -2.202117498069276, 12.93986567889596;
  -5.762712028198298, -1.508294148678416, 12.59926880317124;
  -5.924756105442952, -2.114884577277619, 12.96270525478358;
  -5.619529113510203, -1.348475366436547, 12.43874832505146;
  -5.780843324937377, -1.650197916781616, 12.79093392621188;
  -5.804585605946861, -2.068226000156814, 12.84906614312299;
  -5.854189601817783, -2.435491763133088, 12.97251624894018;
  -5.739160697251828, -1.772790153214042, 12.77970482320623;
  -5.780471450506695, -2.422277718665891, 12.97394600523189;
  -5.606015355061436, -1.635760258869774, 12.65623646544779;
  -5.813694486467054, -2.147481673225499, 13.16156081910856;
  -3.915683105664874, -0.7926923100045963, 9.293048270423194;
  -5.669075506010305, -2.79411433028452, 13.04135986005085;
  -5.584899587084216, -2.640217006881994, 12.94754135564193;
  -3.727798520146742, -0.7276557316806285, 9.078408416700729;
  -3.763304055595139, -0.7604626507068403, 9.181089363079593;
  -5.203775252498531, -2.385335294712783, 12.29405960650275;
  -5.383426282695212, -1.45012536192372, 12.68946975485612;
  -3.642023620967009, -0.5428471326742069, 9.006945923324397;
  -5.472350043304954, -2.747819097486472, 13.02359172434938;
  -3.876956030904142, 0.5175046108119482, 9.554519172704605;
  -3.840722551926885, 0.5787219968975678, 9.559918504888096;
  -3.864008616459544, 0.4275285353221141, 9.617113461424298;
  -3.865513987068924, 0.632172923778815, 9.622081202879201;
  -3.856513718147493, -0.2752732075420686, 9.616801444485592;
  -3.796454341223934, -0.7637762801082374, 9.48761718798206;
  -3.647357144243383, -0.6558530975616725, 9.244302594707369;
  -5.180718701670158, -2.39648959340717, 12.69365752132405;
  -5.190081722037877, -2.524506990608435, 12.89853553987214;
  -5.186702782244821, -2.027106774687119, 12.90099715063504;
  -5.170161883197916, -2.464537179154909, 12.92851478886394;
  -5.068067052422692, -1.721908525686031, 12.70166853714214;
  -5.014399718434492, -1.355938909235382, 12.64408999972285;
  -5.130536814515629, -2.049513633192622, 12.93451313402731;
  -4.8662347460668, -1.275333980546928, 12.35312801328927;
  -5.067789289174261, -1.833361065838448, 12.83148633958605;
  -5.08652994509031, -2.094847678083438, 12.91916706087231;
  -4.899274768755465, -1.408904865865805, 12.52007463071369;
  -5.113328243358385, -2.748298748386851, 13.10554985655814;
  -4.943894254908631, -1.835682301304376, 12.82027184457224;
  -3.726857479220408, -0.7040768653757584, 9.964449303525365;
  -4.948998692281507, -2.475871195704467, 12.929705603671;
  -3.738878500564553, -0.7830817480631742, 10.06335430183614;
  -4.92214571293845, -1.98257276159208, 12.90245378144774;
  -4.939014378457964, -2.425302557848278, 12.99227546660495;
  -4.865650305815164, -2.456638077164482, 12.94078320004123;
  -4.71702345619406, -1.504420131184661, 12.60204748392465;
  -4.829999510715446, -2.161880532459574, 12.92181101666724;
  -4.855418490845999, -2.398732624822084, 12.99213463413794;
  -4.708635300309179, -1.831462627346727, 12.7542048314814;
  -4.804308438518999, -2.440773851921866, 13.01543049775832;
  -4.773417420925204, -2.193021669853349, 12.99347298757956;
  -4.70358534429035, -2.038356765537804, 12.88489419846512;
  -3.643288810688057, -0.6993517810452237, 10.23934669771026;
  -4.756257449124761, -1.793859412380532, 13.03788009158557;
  -4.469778894434044, -1.287668071026424, 12.32152317506623;
  -4.71755892785461, -2.163445461930627, 12.96814394131083;
  -4.675106933611042, -2.340308551832354, 12.96714795291489;
  -4.429164874507386, -1.021174121086218, 12.3719273922732;
  -4.642581543597759, -2.385199169710442, 13.02896440590855;
  -4.371362948976269, -1.299361507538661, 12.35622354645693;
  -4.622052842463223, -1.941927027077207, 13.00605615997717;
  -4.34091224907097, -1.074498095545361, 12.28758366270017;
  -4.328970820980841, -1.189234553146649, 12.25876972500351;
  -4.632617494378893, -2.338358429683672, 13.08140696145246;
  -4.496411822213646, -1.403320697776869, 12.7278610103718;
  -4.772808888900289, -2.874771748640727, 13.44214539218985;
  -3.803858624896308, 0.431079475796231, 11.04098270509818;
  -4.606162231344786, -2.383343073134677, 13.16316163854338;
  -4.313733391267348, -1.307124613832513, 12.40760236353069;
  -4.433278142770068, -1.460864247938627, 12.72108762321028;
  -4.282094811965711, -1.25103634768448, 12.34217376393442;
  -3.678407788668547, -0.7734414886351891, 10.80267136517518;
  -4.373566395965686, -1.688441218838229, 12.63350308094557;
  -4.439027192296931, -1.908984824201896, 12.8497438077442;
  -4.466994038549138, -2.323142763462183, 13.00145765231011;
  -4.378578483588384, -1.7817740464181, 12.81340497319167;
  -3.947748091205478, -0.913308863618573, 11.66244949498507;
  -4.238919454117855, -1.324010835308293, 12.46902491732677;
  -4.163848494358293, -1.096337130521996, 12.26288361729755;
  -3.57627702610802, -0.7480182701923849, 10.70384125871009;
  -4.395215307827748, -1.932088739327678, 12.93565318717083;
  -4.346698432088799, -1.713204908586754, 12.84266141048378;
  -4.393534650321985, -2.090787738495271, 13.0543827194901;
  -4.103132097448786, -1.176055956186024, 12.26995507971248;
  -4.288659353384836, -1.782280213813428, 12.86286984610778;
  -4.269907249337673, -2.169486571247273, 12.85078013269194;
  -4.083905100691368, -1.27394630847436, 12.36714827194405;
  -4.263428563124945, -1.920940779692522, 12.88889427957316;
  -4.030892253068465, -1.14124761904043, 12.24507878656154;
  -4.067212336273347, -1.324629475444482, 12.41007090067125;
  -4.028489617617866, -1.37122487002641, 12.33847879192387;
  -3.95226157903738, -1.167856629036034, 12.16175811248072;
  -4.268839484656889, -1.874772222607674, 13.0396424188254;
  -3.65866078770626, -0.3123519574195301, 11.38791993017181;
  -4.178117607737413, -1.931612468805682, 12.97233702952695;
  -4.09289988455162, -2.055280700793881, 12.82109821241178;
  -3.567252686403803, -0.3607851521532534, 11.34497663331354;
  -4.169778561574042, -2.392774170282223, 13.07002022395959;
  -3.929024711856449, -1.350600315329113, 12.43002015065797;
  -3.876522847393878, -1.125542879859694, 12.30470091440257;
  -3.746068531012803, -0.510154404503793, 11.95878519764364;
  -3.872723524867394, -0.8897425343661481, 12.33542538581094;
  -3.848975268902895, -0.8797586154866317, 12.27280308465791;
  -4.235120184538974, -2.990382347108957, 13.44427029027377;
  -4.121450152868425, -2.387358795500444, 13.11787433651572;
  -3.814001812382389, -1.088163953565855, 12.29010024864931;
  -3.779929712615118, -0.4311711582857452, 12.22412041674034;
  -4.002846713583377, -2.05962794856692, 12.87545838354035;
  -4.049235130070974, -2.280263756553175, 13.08196851360984;
  -3.936546118760593, -1.975692861564442, 12.77492608013109;
  -3.871749122511842, -1.754766196913489, 12.62860220315049;
  -3.64391774195001, -0.1410951348805584, 11.95779960928934;
  -3.779206241949281, -0.836603994835236, 12.42795848601095;
  -3.832501760986447, -1.88260664735218, 12.61791267042067;
  -3.745067179501057, -1.301449554583331, 12.37716153168461;
  -3.980325470277942, -2.097007302769717, 13.10180281694384;
  -4.051921059699182, -2.556653642826497, 13.32038967831836;
  -3.683127390647108, -1.231602099869921, 12.23669137937137;
  -3.73122224468134, -1.329093727027417, 12.39737528322858;
  -3.544774467209307, -0.5478803454622937, 11.93568176461461;
  -3.827930500050391, -1.717715134826484, 12.83574445782393;
  -3.890120697784892, -2.362371615010177, 13.04122002702553;
