m=[-14.83722063360981, -4.785573223826617, 27.5990388261149;
  -14.07677792954576, -3.462583590010463, 26.66186285606819;
  -14.65210472743077, -4.604020429087761, 27.88698482236572;
  -14.85990897480787, -4.979089224247065, 28.54791886045017;
  -14.71212773885703, -5.178510151074832, 28.32053083698277;
  -14.22114653706977, -4.842372605485826, 27.62014963531922;
  -14.53160568194415, -5.701652652677485, 28.26101539857186;
  -14.52205100968167, -5.264581411401534, 28.36986547666355;
  -13.93858325556118, -4.7103295348946, 27.32771587370027;
  -7.913055276976004, -0.3290819757638611, 16.01016564132464;
  -14.30212033426734, -4.969801317196314, 28.20020469447055;
  -13.91384518241295, -5.273986318110139, 27.59857234252257;
  -14.52590329832994, -6.357591191892794, 28.8286779758911;
  -13.49094874571736, -5.657124650656871, 26.88192567295734;
  -13.73496038985471, -3.82262271403942, 27.49316724089023;
  -13.86102513467306, -4.458120771286497, 27.83827850470671;
  -13.51439297329951, -3.591866210166921, 27.2380061646851;
  -7.772238852434613, -0.5285277922070282, 16.15904838296896;
  -13.83416946589856, -5.756407680433871, 28.02708072579849;
  -13.30157750465279, -3.309952477138125, 27.00405541964831;
  -13.28421676703049, -4.997985479607936, 27.20061365285716;
  -13.50984984108109, -5.484817805807548, 27.83523497587743;
  -13.03997469637685, -3.825026635551433, 27.11308984039496;
  -13.08664810628515, -5.470195939486378, 27.35863107485114;
  -13.32111929042985, -6.220416120022184, 28.23328364503741;
  -7.662768987798483, -1.348963221291765, 16.74149372023805;
  -13.02435858986319, -4.020633848027551, 27.8626978556811;
  -12.60865043394498, -5.225831678942057, 27.42692200666807;
  -12.1989741097073, -3.192878835436728, 26.67114948292537;
  -12.63377668283093, -4.509718034594293, 27.64129366335341;
  -12.54326626123999, -3.686198885562087, 27.59347104281842;
  -11.83158835255067, -2.839135649439888, 26.18905371433499;
  -12.36220907295365, -3.528912740292592, 27.3531369985503;
  -12.4112448838633, -4.422238055516121, 27.47360746439412;
  -7.69785711742222, -1.400458207082217, 17.44733260435002;
  -12.24718642446021, -3.783077812798708, 27.27148370219477;
  -11.23542565498481, -2.844283242417208, 25.16990881063842;
  -5.013995137419433, 1.955060546750849, 11.83076226698466;
  -11.36909903605745, -4.358094442148887, 25.61839855445759;
  -12.65588254303053, -5.303384430927046, 28.40542301224273;
  -7.933198615805207, -1.431796242564009, 18.20787068964889;
  -11.82208681972772, -3.449526726529424, 26.68974607257171;
  -12.41948964791725, -4.587552110245763, 28.11634989142429;
  -12.15089929075206, -5.988807486889137, 27.95239719526258;
  -11.98636529056727, -5.666459172165332, 27.78813797518513;
  -11.89741427085163, -4.695715248543849, 27.60278013444138;
  -11.15335914295226, -3.00436341365512, 26.2899882115008;
  -7.651933101058642, -1.351781955598192, 18.40080412627873;
  -7.615046426277331, -1.486435532700588, 18.5451282295057;
  -7.63348135650683, -1.542521513205878, 18.62291046648051;
  -7.751519886257722, 1.168002897089161, 19.29425971278906;
  -10.87530890888635, -5.030685147377795, 26.64638917444099;
  -7.905557231087224, 0.8747007678799402, 19.67610541635166;
  -7.917435058929711, -0.3558146195873966, 19.73541020282163;
  -7.887931303102998, -0.5630308380491566, 19.66975218906323;
  -7.6804089253274, -1.545155988048969, 19.19390388537505;
  -11.08342689984537, -5.391088269332846, 27.54484099242612;
  -11.07844179460166, -4.329761190806928, 27.5556460483696;
  -7.498736804606988, -1.348392703704213, 19.00570450285204;
  -11.01779236266066, -5.252013287674991, 27.55110859569147;
  -10.78450370465829, -3.664104812004547, 27.02829105796257;
  -10.98371361072189, -4.387702808128694, 27.69086220302065;
  -10.81218382449423, -3.911495867213894, 27.37611631593635;
  -11.02294275998358, -5.41703769526555, 27.89691431626367;
  -10.46793237565732, -2.743416740331632, 26.57325744005015;
  -10.83413663247939, -4.461954655451303, 27.51738859817776;
  -10.90362435341343, -5.233987039395714, 27.71196564193661;
  -10.51137137880159, -3.022798879736663, 26.86176227000515;
  -11.02872883407888, -5.92769331606404, 28.26682518909645;
  -10.84919667388372, -4.185603479122607, 27.970881220282;
  -10.68871316963286, -4.522047730467979, 27.61615553909187;
  -10.4923380183954, -3.895835591658994, 27.2082327706371;
  -9.86714622464085, -2.669034201630788, 25.71125886147871;
  -10.68127670150498, -5.343599172869035, 27.90579909370356;
  -10.50024990930874, -4.229356600594715, 27.52437596318697;
  -10.62649833035512, -5.21814103113166, 27.95343017334899;
  -7.72918249035491, -1.460194979300534, 20.66541248552065;
  -7.69854313259416, -1.612405595127333, 20.72096409112103;
  -10.34267129107299, -5.221953596393746, 27.50758037977059;
  -10.10831892085255, -3.223888670088429, 27.00548687243948;
  -10.29347900968133, -5.085309118049215, 27.54330350711975;
  -10.44088408984183, -4.673280816161503, 27.93274217865903;
  -10.49357602205459, -4.211112658113861, 28.1872727674942;
  -9.957274654012691, -2.529812563065181, 26.99399328701086;
  -9.595049760178904, -2.926927083743303, 26.12399760908316;
  -10.25695478146176, -4.71228935559793, 27.91992678107686;
  -10.08835785103611, -3.804902463779448, 27.65426417508555;
  -10.12115814612139, -4.641505065558634, 27.8221507561247;
  -10.040184011097, -5.026008781577034, 27.84803714550009;
  -10.26888750145634, -4.679834091202621, 28.48398227450038;
  -7.533030570644272, -1.44601172731438, 21.1713415282907;
  -7.704112584087238, -1.646159247937285, 21.80785784907929;
  -9.773017640152625, -5.021041276701636, 27.42704630518758;
  -9.792729890655787, -4.114355134329603, 27.5558932920983;
  -9.162221739977234, -2.723415646657379, 25.89820642275405;
  -10.21146617732421, -6.15059918846569, 28.75958711488411;
  -9.137254885231659, -2.510143791628389, 25.87485760214461;
  -9.315307396541272, -2.305801058094499, 26.36833283217543;
  -9.959333045966707, -5.027069558477708, 28.12278129955983;
  -10.30871852169606, -3.217329426451384, 29.18058703853276;
  -10.02317291531334, -5.186239333035554, 28.64350810692573;
  -8.776035383624345, -2.059527336967135, 25.23410260278738;
  -9.153740673018712, -2.773717950804393, 26.32892766150437;
  -9.054470256150559, -2.645310740859666, 26.09747101570735;
  -9.53879394632289, -4.796789023235048, 27.45306095744677;
  -7.487089889176938, -1.655609969298765, 21.78400736322061;
  -7.948125671526944, 0.9007363800587622, 23.07002618417976;
  -9.300779935750068, -3.590621197691129, 26.86627373072058;
  -9.475484674338684, -4.074892011623485, 27.42888142941433;
  -8.918159501676014, -2.426298215263589, 25.9016405781526;
  -7.473188770707026, -1.571352220782352, 21.94710510035295;
  -9.621174968793905, -5.003669763574766, 28.00301451999889;
  -8.95558478549005, -2.297877921544486, 26.1507294850403;
  -9.405504910824263, -3.827380188885081, 27.52412543282019;
  -7.119896053832074, -1.315835954682555, 21.10928979514996;
  -7.102913750908267, -1.356111346216266, 21.06983178938922;
  -7.85242563715232, -1.816653385582918, 23.19765985332936;
  -9.097428629403982, -2.841548231607388, 26.76060856816797;
  -7.388288343168827, -1.545342999380043, 22.11323815843248;
  -9.348470730862847, -4.448734227312294, 27.77684130787296;
  -8.670345609077273, -2.48512876348455, 25.92769343573111;
  -9.230684591487442, -3.836086093985533, 27.68536381819767;
  -9.068103801724625, -4.607390342628523, 27.29150807537259;
  -9.295002293875983, -4.187978921020013, 28.09999044673721;
  -8.691933710413942, -2.460906426937101, 26.40443018802297;
  -8.580231249078448, -2.42928063293503, 26.06509950046496;
  -8.65111329660051, -2.817536612456949, 26.39668660105495;
  -8.552499421521473, -2.911115832690516, 26.19463936778941;
  -8.474288256097907, -2.034058515349793, 26.03155549320848;
  -9.211861549917039, -4.834432690892985, 28.24332121078067;
  -8.444953406624169, -2.495405382613516, 25.98650887564692;
