m=[-7.756166862153686, -1.440183898383946, 12.58974529848934;
  -7.87415426338239, -1.505862502434597, 13.06804556688689;
  -16.42310974357199, -4.336927262458521, 27.26185705023352;
  -16.2663767891633, -5.663465964348239, 27.0984286617155;
  -15.87767813145109, -4.323357527689342, 26.50592586478233;
  -15.25906072743273, -3.705825694536565, 25.81575215813377;
  -14.71128984149231, -3.217428829045469, 25.53844048245636;
  -15.38550065348348, -4.886277099940538, 27.10374964406926;
  -13.32113612273181, -2.767130876770171, 24.11148340221416;
  -14.68763543951177, -3.643076465267609, 26.56071183075774;
  -14.94641341262465, -4.298257729975767, 27.1295528996128;
  -14.53374245918248, -4.596216417556294, 26.45760147732987;
  -14.33083764276246, -3.716078417467827, 26.22206181888416;
  -14.4166376637654, -5.081503857696346, 26.54628273744877;
  -14.40158901877911, -4.929236296047267, 26.74054021000486;
  -14.34976307595453, -5.654764457210802, 26.70493496001135;
  -13.80470437145561, -5.031098981078341, 25.80981646786893;
  -14.32352815026846, -4.867415976087543, 26.83673799588265;
  -7.935421352891201, -0.5644028486130739, 15.35433849757231;
  -14.10179651933066, -4.930141005718996, 26.60475137620347;
  -12.96587650551046, -2.773677236916537, 24.58913793627489;
  -14.21802150709373, -5.410738459866903, 26.95834459609678;
  -13.48985730852806, -3.782307046407825, 25.806402035823;
  -13.89067998814988, -4.845334028784621, 26.57756331468768;
  -13.53774933187494, -4.380941883489627, 25.99781039604708;
  -13.4339184529933, -3.603592980760283, 25.8689910687156;
  -13.18006885089926, -3.307728286323633, 25.55229149529839;
  -14.15503859815053, -5.913311103495878, 27.4296852765616;
  -14.15689830143414, -6.760090861490259, 27.77488621851005;
  -6.241609897665792, 1.856731409411339, 12.82076348506933;
  -13.11388409714259, -4.086904395146648, 25.85880001887324;
  -13.45007461641588, -5.470293592558807, 26.48800395995854;
  -13.2406235757148, -3.95981269704818, 26.13892347319473;
  -13.11782874689943, -3.895519464840882, 26.06375194734104;
  -12.385244728248, -3.493403150965905, 24.69748158419969;
  -13.35357515696554, -5.603030730876601, 26.67430720782553;
  -4.981882001180596, 1.915270139315856, 10.6772093409304;
  -12.47604140374553, -2.917591734344348, 25.31173648673236;
  -12.97734359223371, -2.711660284549995, 26.29087773896482;
  -13.88537926012975, -6.510128230153916, 28.15816548075341;
  -12.94855990573202, -5.677822358281348, 26.69925563007788;
  -12.53006233164003, -5.208863032912865, 26.0366444293807;
  -12.37744198755459, -3.265858707272818, 25.82129115832056;
  -13.30531774820895, -6.227800765996374, 27.68767434642272;
  -12.72422206246427, -4.567061153420506, 26.60370733955929;
  -7.693001862816684, -1.424302495409264, 16.5521768618409;
  -12.04730683556988, -2.91859451224319, 25.42514388081206;
  -12.34963607937385, -3.55408515726111, 26.09917703036465;
  -12.42513250487528, -4.446464077214746, 26.27227176113376;
  -12.2816579875102, -3.818880412378657, 26.11645720725413;
  -12.14040280016648, -5.097608565876657, 26.05485617441429;
  -12.64080502077708, -4.801303823076477, 27.10126918865836;
  -12.1089106996472, -3.552237748012246, 26.07821047242777;
  -7.546215276783455, -1.479187989212768, 16.71284974661311;
  -12.55543114555552, -4.658773908382958, 27.17255000341996;
  -12.19033158628545, -5.663125438896204, 26.50628368862786;
  -12.14685445759568, -5.997886224004818, 26.70640210474786;
  -11.90807865696508, -4.90912007250301, 26.2835179636645;
  -11.94583177524775, -5.652108598269878, 26.45459315978295;
  -7.525255365086411, -1.486021600826963, 17.18318274095522;
  -7.669178151249887, -1.569648238059698, 17.54797556908995;
  -12.1757353442014, -5.591815535057395, 27.31344554478163;
  -11.8242400789527, -3.221133102342521, 26.5758184504475;
  -11.84824578982405, -5.054444566890539, 26.64814117263315;
  -12.41809782564948, -6.829390022612675, 28.01237200633295;
  -11.76860977244047, -5.677147533197957, 26.64726049162728;
  -7.372390966227015, -1.420860971198244, 17.08264770390243;
  -7.906228837585031, 1.146861964066725, 18.48824601843061;
  -7.883802219122303, 1.035994169256343, 18.44062285884264;
  -11.36722358269854, -4.977444975338352, 26.14565949056085;
  -7.859175330445606, 0.8268199190239258, 18.39602187865586;
  -8.115099443248424, 0.9588933021027722, 18.97989573323999;
  -7.865507787798325, -0.5894443624217778, 18.44695033340588;
  -7.809362230644889, -1.592366590386948, 18.33196213731855;
  -11.86589296676039, -6.461671338325157, 27.45170024224754;
  -7.337096163840134, -1.336838561439384, 17.45516374952415;
  -10.95272610258665, -4.402337316898799, 25.5823789995892;
  -12.02174734632624, -6.831734469321233, 28.00744520478148;
  -11.17558875614586, -5.208247537639298, 26.14313295180402;
  -10.67859804029664, -2.853657933963383, 25.32085895167529;
  -11.24270773917156, -4.043784469846552, 26.64939899019;
  -11.13328826962699, -5.425685891158468, 26.4182509518083;
  -11.14385723273026, -4.371077660852504, 26.46280364868629;
  -11.65824559588143, -6.798621693207673, 27.65853418238692;
  -11.12611158752121, -5.313222617828545, 26.56212715878215;
  -10.86126503719573, -3.716632801389655, 25.97323089280502;
  -10.86003089220886, -4.242089429206765, 26.0534556500061;
  -11.00844098683259, -4.413677840780543, 26.49973730569608;
  -10.21828784899851, -2.705795975371564, 24.72901861725757;
  -10.87626319072355, -3.957381171979522, 26.28572577172015;
  -10.96471826786131, -4.530666080382255, 26.58388759427798;
  -10.89121870446916, -5.241314666748498, 26.43440656817764;
  -10.34673838803967, -3.006895471524997, 25.22089045122014;
  -10.77449401971067, -4.442464322662406, 26.36711092923492;
  -10.91061930696098, -5.873602233998081, 26.72464691204745;
  -10.61862499297765, -4.11982799404463, 26.15180255501566;
  -10.7476762642358, -4.563410898541414, 26.51027265124849;
  -10.83469854573113, -5.266703269868806, 26.73936747996536;
  -10.67690402260124, -3.981959495565723, 26.41377609676755;
  -7.555001004870446, -1.453989266924503, 19.04059128221519;
  -10.74249629433813, -5.746545647109003, 26.74977921117472;
  -10.52526402569475, -5.273047328373997, 26.25863338970224;
  -10.81831233121485, -5.591219238230729, 27.02317955665343;
  -7.664645079028331, -1.627280862960401, 19.44564004743353;
  -10.59814220150984, -4.28439249074948, 26.51394640947542;
  -7.838426028737644, -1.777387785514407, 19.87460259165662;
  -10.57138516491603, -4.615318964042919, 26.52321661851024;
  -10.48449919055076, -4.567380623379401, 26.555448934705;
  -10.51528711149772, -5.314202706744974, 26.68671647518556;
  -10.03937835057242, -3.21906245756458, 25.57226307262867;
  -10.27605261680225, -4.608385639411226, 26.24609521669885;
  -10.52099462799129, -5.209014364949441, 26.86966579685392;
  -10.2381819287444, -4.712415278923511, 26.60342715553672;
  -7.60166351465782, -1.501641801212464, 20.13965735697356;
  -10.35936454522497, -3.919692846328809, 27.09339405481;
  -10.13250096901056, -4.653914877138267, 26.58180971385558;
  -7.758521524858877, -1.668218148160676, 20.73868421257381;
  -10.14603817320939, -4.78647792258988, 26.82596082740283;
  -10.02236572238506, -5.021766966265049, 26.53013334563478;
  -10.16756618163022, -4.391380060367913, 27.02041676722659;
  -10.16802721589572, -5.229854217868422, 27.21876278081273;
  -9.439810548594464, -2.832361639719801, 25.39580140247801;
  -10.06868981388696, -4.245721386666407, 27.03000916357349;
  -9.15702293842997, -2.284980490216963, 24.6781616332163;
  -9.260819027177956, -2.567353923836889, 24.95454292690064;
  -9.877826665509927, -4.778633790909382, 26.58763354510243;
  -9.965404089657797, -5.032138924903247, 26.85939334995823;
  -9.005520094697483, -2.842476059090851, 24.37644891967536;
  -10.35716549061143, -6.245081564670702, 27.8824170178002;
  -7.567470725846119, -1.688555014675981, 20.78852922032116;
  -9.036853852144734, -2.354807171058277, 24.62286779218112;
