m=[-6.679023530947177, -1.387399097860757, 12.08914641556905;
  -6.923271250520927, -1.71722716425722, 12.51985136535828;
  -7.048057793075468, -2.026865446182166, 12.79307961435491;
  -7.057572051127795, -2.231918490408193, 12.84778708929896;
  -6.981798437852511, -1.810425261716459, 12.77504880092039;
  -7.018176975669779, -2.368542976947601, 12.90888386831441;
  -6.9791086733065, -2.459961086198671, 12.85108195252969;
  -6.944508599294454, -2.37689909087244, 12.89440430469252;
  -6.853467408864691, -2.497733524007153, 12.81351133871963;
  -6.920985149460003, -2.351886583621848, 12.96724265005697;
  -6.871019170371118, -2.402182822344102, 12.96301194519917;
  -6.810214715921548, -2.591660918855955, 12.91263450358573;
  -6.841916014363505, -2.863422744331823, 13.00979567883162;
  -6.660218036540139, -1.867402229250635, 12.74114769090532;
  -6.691427756709419, -2.334097584740087, 12.80296177158496;
  -6.519387367702528, -1.748798657615449, 12.55404178451121;
  -6.614934247593633, -2.081053891754353, 12.72677210902203;
  -6.391751124071922, -1.604102090164048, 12.39173252699233;
  -6.280234738003669, -1.690805865199364, 12.38605182060167;
  -6.502694498259626, -2.644717524821882, 12.8061295221424;
  -6.369042056446644, -1.891374539337728, 12.65461956428153;
  -6.477587485037779, -2.7179329366096, 12.9392433494737;
  -5.899172172387785, -1.379554252237864, 11.968403012234;
  -6.22548541486186, -1.936518150897572, 12.73227133963435;
  -6.095765004943801, -2.534066004715534, 12.66659827844689;
  -5.911147224758385, -1.559689930549439, 12.33158303013308;
  -6.110009916463635, -2.193044792798192, 12.77476256398524;
  -5.783117684417135, -1.401024790666252, 12.20493519529579;
  -5.888190267088669, -1.694554357463319, 12.44384200323813;
  -5.928002787562233, -1.843263649986793, 12.60566214132445;
  -5.744084128169556, -1.68506920019126, 12.37067797271821;
  -5.987445283008216, -2.514055988485153, 12.8498228822206;
  -5.921259045015976, -2.75077281456805, 12.87500433684856;
  -3.719024283424114, -0.7344003825848625, 8.492027284099054;
  -3.771933757714028, -0.772000475162884, 8.630625097397708;
  -5.991151150581331, -2.958316745907163, 13.17230664583251;
  -5.881570888558404, -2.42468483276127, 12.9818066001413;
  -5.714172649804445, -2.703631272698752, 12.65429779519898;
  -3.657372951205201, -0.704875596979238, 8.474538848174337;
  -5.650975522663603, -1.539426144516452, 12.7009683967388;
  -5.797987642024098, -2.662777766780347, 13.00644398493444;
  -3.851241969377597, 0.4051676466520292, 9.014626668807372;
  -3.817086006629002, -0.7783222304297727, 8.960357335432871;
  -5.714102310495421, -2.756468475353546, 12.93824637640316;
  -5.559982589632032, -2.434588112250612, 12.78847121325432;
  -5.564181666497727, -2.554210073208533, 12.81103796136638;
  -5.383614408907004, -2.163889281092143, 12.57455567740185;
  -5.446919669531485, -2.538470820246971, 12.74201728477592;
  -3.778426237116535, -0.7961429051027782, 9.195555287662218;
  -5.107132216525013, -1.3647866802824, 12.10992061075785;
  -5.387043067409365, -2.625316335843454, 12.78294895419859;
  -5.39768082796044, -2.117191704342145, 12.81762364014063;
  -5.247773502057602, -1.795743595724509, 12.54933310027004;
  -5.337948215325906, -2.08508188628932, 12.8058564906841;
  -4.984121787325908, -1.319792207089754, 12.06194641321846;
  -5.319325752419164, -2.132708003742583, 12.80478636812769;
  -5.247918589883822, -2.584191083097443, 12.68625050113206;
  -5.265858170918915, -1.916008064027247, 12.72651290303487;
  -5.263267430551094, -2.174803459335005, 12.76075739789034;
  -5.276717682687879, -2.539379525196225, 12.80728120099414;
  -3.707207003753873, -0.7134663768079683, 9.343137520635382;
  -5.221659260688774, -2.152958174024077, 12.77833267245572;
  -5.279815419937829, -2.842325882075178, 12.9324650497703;
  -3.751747571526271, -0.7965335593304244, 9.51839675190563;
  -5.179342055118125, -2.009487895421453, 12.7558069787674;
  -4.83875488196835, -1.319748645300272, 12.00129477783791;
  -5.152245457434716, -1.921533871550074, 12.74622845912894;
  -5.083671460589875, -2.05511904039991, 12.71809625749853;
  -5.194364331127932, -2.684598936451726, 12.97505892834426;
  -5.125458154932502, -2.237703371207769, 12.85958602317791;
  -5.119696131843718, -2.513616813265708, 12.85610733417806;
  -5.083385593726931, -2.016038149147096, 12.79622624008816;
  -5.065535341115478, -2.206707973701416, 12.8301373897926;
  -4.851665261253217, -1.555655435406515, 12.35814171641682;
  -5.079426945116674, -2.567034464606996, 12.89106282153046;
  -4.800946853026864, -1.484020836991291, 12.30000721889264;
  -5.024840380414927, -2.253433600716976, 12.83395910774572;
  -3.69200223978946, -0.7293225861349452, 9.781498474269904;
  -4.834679715287386, -1.829307136704439, 12.64439359028592;
  -4.903352537332122, -2.252137492129151, 12.86355505969827;
  -4.872369030370107, -2.493097511999425, 12.8422548618821;
  -4.507534845662766, -1.039662252131254, 11.98789750206258;
  -4.883271357368708, -2.303723891339084, 12.91129048659136;
  -4.875137178670967, -2.442716971022128, 12.90494110981448;
  -4.785982709261522, -2.067069804442312, 12.71880065837468;
  -4.51186010495531, -1.353758046231165, 12.13819944705027;
  -4.429283160744294, -1.105252839923814, 11.93691077275735;
  -4.508820788139133, -1.249969220684988, 12.14963402017875;
  -4.454106145027791, -1.405881053926652, 12.05652641772595;
  -4.786339015647407, -2.3155054375253, 12.88314039919327;
  -3.835211575576256, 0.4117409264666652, 10.53845693684962;
  -4.805066894186941, -2.42637066570096, 12.95092307574062;
  -3.678670727173506, -0.7842714534755853, 10.20474568973954;
  -3.483328141187407, -0.6598988087883921, 9.739665923261127;
  -4.739735331217728, -2.289577561575568, 12.88696367170282;
  -4.4124521539739, -1.34661205611844, 12.08323784800644;
  -4.389252977149882, -1.294387850237797, 12.04208792038627;
  -4.735542122722822, -2.452825730473287, 12.92687902381339;
  -4.72277114303957, -2.377712206573885, 12.96267920047369;
  -4.368554002860791, -1.19585024554499, 12.06868443226708;
  -4.576775799213467, -1.772936327806913, 12.59582984926008;
  -4.345688389920298, -1.126251261514289, 12.0765613128238;
  -4.619176115587543, -2.406024428110044, 12.83199300466443;
  -4.639132035679936, -2.171356537390949, 12.88166795479382;
  -4.532780765553339, -1.85119432898583, 12.64960053439625;
  -4.364389464140297, -1.371036271160004, 12.2270550835638;
  -4.228922952928501, -1.225454300386044, 12.03202725632908;
  -4.621584827453935, -2.203386571230077, 13.09852009957788;
  -4.227875729697199, -1.010131650174086, 12.07658332221105;
  -4.384446709725223, -1.829578560550802, 12.54220493809433;
  -4.19779059497045, -1.273073248455787, 12.10147804985362;
  -4.143393089863656, -1.185595796642704, 11.97575196935851;
  -4.428680604523328, -2.00419645105229, 12.77911475859543;
  -4.202826544849404, -1.378123812697255, 12.20549599882506;
  -4.056580561274299, -1.207785673948511, 11.8717243086972;
  -3.823043832131789, -0.3448023169931945, 11.266252163852;
  -3.622063079266706, -0.7607338105127522, 10.79193416141551;
  -4.325251933191558, -1.796942659630925, 12.78994667211784;
  -4.289429687991742, -1.99012374145287, 12.70446010900153;
  -4.032900005259188, -1.316536906368331, 12.10451911219764;
  -4.274047028415641, -2.149242875391561, 12.76774470353063;
  -4.364969259658557, -2.502327700492268, 13.04572878031766;
  -4.288562299037145, -2.795752448008117, 12.85490874644708;
  -3.997974913128132, -1.170304209450373, 12.06701180928717;
  -4.245133094048967, -2.073759589735031, 12.77650022032779;
  -3.922663667327713, -0.904382886843374, 11.89734596112159;
  -3.99444308418978, -0.9274713570903064, 12.10074028814505;
  -4.467177907674115, -2.983719724647233, 13.45709719059085;
  -4.182840075817243, -2.209376188922352, 12.71237242178028;
  -4.249931518476444, -2.464552408625623, 12.91390225227696;
  -4.412213234676357, -3.111712464247111, 13.37622723880989;
