m=[-14.87089037912418, -2.963737237734455, 23.89705101016175;
  -16.08961206247521, -3.837144106445454, 25.99064282309476;
  -14.77544421633218, -3.172195270844877, 24.47837237030014;
  -15.09830590417808, -4.732744906289083, 25.44741945471722;
  -7.68117026217594, -0.517568398079269, 13.41146212786648;
  -14.62732035190908, -2.984106304638566, 25.20374849516483;
  -14.23262444640483, -3.473341017526314, 24.59963976221988;
  -14.51314161547103, -4.105518171395301, 25.19724916226676;
  -14.98904012960214, -4.66786505833763, 26.07531077829505;
  -14.86450708973642, -3.787162896742779, 25.97988311407644;
  -14.86926242098625, -4.383264818734619, 26.06334611414447;
  -15.13216404555068, -4.631694310629261, 26.54864226714348;
  -14.75814308269296, -5.148593945526829, 25.98385565739374;
  -14.60866447159505, -4.926199030208564, 25.93063067457216;
  -14.81810472511653, -5.311252930759935, 26.44265040387809;
  -14.62576821920765, -4.894215966990992, 26.19831869170662;
  -14.6323068247718, -5.038036349221721, 26.38262495744588;
  -14.23420851266119, -5.353463775557903, 25.8149549798721;
  -14.3540240371804, -3.952427572594521, 26.20779873006088;
  -14.0098492564654, -4.815489650767273, 25.61730379538288;
  -13.75588778922494, -3.618403916859081, 25.28189505460622;
  -13.50579723142982, -3.341369964210831, 24.98529542716125;
  -13.77555424165247, -3.744332602794292, 25.73028428979027;
  -13.66218710723951, -5.485292871106614, 25.71147780384538;
  -14.57158986226834, -6.74859082778623, 27.47648974551442;
  -13.35802931128491, -3.908130135503412, 25.34297370501152;
  -13.23728164428894, -3.944116705051713, 25.25952368620551;
  -13.66990946548735, -5.656721069856402, 26.09664223343645;
  -11.94058690457024, -2.732700891176459, 23.09609115712804;
  -13.75407766776019, -6.352441071053768, 26.70318087832351;
  -12.77501235507475, -5.20837326810929, 25.32768959605697;
  -12.7379128093388, -4.645104652194803, 25.31180989547896;
  -12.22687835235427, -3.165569389115182, 24.33713710226365;
  -13.07343871955531, -6.03875731268262, 26.03470663999249;
  -12.70012055967496, -4.469356343550594, 25.35911937063875;
  -11.88972203127476, -2.801391216185044, 23.91863441164822;
  -11.91491224872224, -2.773786896513031, 23.97909453843171;
  -12.02710273361837, -3.275773846900454, 24.24386369678446;
  -12.16354998431274, -3.434870462559159, 24.53521019373529;
  -7.429395661643945, -1.416540948088418, 15.35158050146603;
  -13.12179197575646, -5.385133865450698, 26.53844828854671;
  -12.40020374699534, -3.782709503563023, 25.16650520040841;
  -11.77101759691954, -3.384516715925046, 24.191644020462;
  -12.83389533879979, -5.315889234796789, 26.29474845833162;
  -11.95824207196243, -5.215741652538408, 24.74805457639009;
  -12.46257086858485, -5.707341878307616, 25.8822869157263;
  -7.352477029865908, -1.407499318310455, 15.68714468418926;
  -7.440215807462785, -1.479029904993344, 15.92770498379796;
  -12.9303985306819, -6.284891326381376, 27.15276546515867;
  -6.91327666911129, -1.009114690838942, 14.95848836875942;
  -12.64728633557146, -5.134781339913839, 26.65091695229592;
  -11.77665225570928, -5.491335737951776, 24.90502098185206;
  -7.252104803248645, -1.356947321145136, 15.69551774259199;
  -7.668316781599211, 1.014662888935993, 16.65627624381584;
  -11.73502508631645, -3.124250335781068, 25.18089019902602;
  -11.92376569124657, -5.39112277473494, 25.56981800719714;
  -11.84062502194903, -4.76244306114446, 25.44828134473319;
  -7.522100434818661, 1.210283427270996, 16.51230485147587;
  -7.644665208220094, 1.135023763740431, 16.76786860926709;
  -7.638805578323368, 0.8345447759297062, 16.76813487734068;
  -7.516724601762679, -1.485545486555234, 16.54757178202563;
  -11.38885623362975, -5.393847512167932, 24.65448663665185;
  -6.749116080551121, -1.192975254279723, 15.01508400495393;
  -11.91056444465233, -5.898159540422156, 25.86499202791286;
  -11.5652644018742, -4.423605267177125, 25.17257738476698;
  -11.77489556060911, -5.073091219261254, 25.84373132213544;
  -11.81637423961983, -5.029849898347458, 26.27100714911878;
  -11.45942660613911, -4.533550563032824, 25.52014853390759;
  -11.46551425277229, -5.269568562622258, 25.60023785230232;
  -11.13677112543617, -4.195667707950879, 25.01123105869701;
  -10.9367168271722, -3.051827651180096, 24.57618117870834;
  -10.7857898674867, -3.517689138587373, 24.27028881135211;
  -10.50926164141667, -2.747196060091994, 23.74106637186975;
  -11.24247810003076, -5.39425831644671, 25.46400421052527;
  -11.35110516084512, -4.374146476327233, 25.72775778282981;
  -11.21140813474525, -4.435283690689794, 25.52748066168453;
  -10.96414587077456, -3.681459045759119, 25.00601056658854;
  -11.34804924562783, -4.338221242940761, 25.95818110201923;
  -10.43819029163271, -2.694892159534406, 24.03733171494601;
  -11.14289761427634, -4.388596333406975, 25.60145057177832;
  -11.00180249461091, -3.928140128402057, 25.36857199807844;
  -10.87986130720752, -4.417395766704914, 25.179098281739;
  -11.04261908083145, -5.221248677700753, 25.57345949908325;
  -7.366486224858704, -1.365634850629435, 17.4399717960072;
  -10.95865178870391, -4.437064242364683, 25.58784426692874;
  -11.01532171305395, -5.838499713065651, 25.76022201066044;
  -10.69763724949419, -4.158389245177713, 25.11588157253011;
  -7.45679154144344, -1.535099163824454, 17.7929078759789;
  -10.93803810476815, -4.16305435244813, 25.69256280654746;
  -10.8554050459104, -4.529338135193251, 25.554097174566;
  -10.77421698544539, -3.94531957726565, 25.43434845232966;
  -10.66619887488944, -5.570956881821366, 25.32630401603153;
  -10.7617835169451, -4.479988199390808, 25.57230631689407;
  -10.55033193940592, -4.188148906215112, 25.18735033138423;
  -10.75237514161868, -5.469786359235094, 25.65201957492881;
  -10.79250966828528, -4.632924314742244, 25.84255328545154;
  -10.70873023320752, -5.171854381987806, 25.66405415598561;
  -7.335647728127659, -1.624655058602324, 17.86880226132857;
  -9.771142982916174, -4.313566188806854, 23.59908973247481;
  -10.58527412333603, -4.526477838126058, 25.58189980640936;
  -10.11271029827522, -3.172078034819331, 24.54007611652851;
  -10.59715199814374, -5.269261169635998, 25.67149478934201;
  -10.72818615144503, -4.541796976631225, 26.11129984919787;
  -10.66536284335897, -4.707510515576164, 25.98865243999612;
  -7.283430855731159, -1.374727420057259, 18.17345689800081;
  -10.25455414292727, -3.515071045695305, 25.22779961704806;
  -10.17296894261536, -4.215005951987309, 25.21831084050268;
  -10.45424405880647, -5.126630396123842, 25.93015345482808;
  -9.613462109783487, -2.716626540258025, 24.00576359454867;
  -9.692857139759617, -3.584113146154457, 24.19601801236677;
  -10.15805604569476, -4.32967750955567, 25.322438603789;
  -10.26402546014374, -4.632425643540189, 25.69244606096608;
  -10.54456023188389, -4.256921816483837, 26.36138826939616;
  -9.272328150426461, -2.075700459475413, 23.45746853817828;
  -10.16075950748698, -4.710448268384393, 25.64103868788454;
  -10.25595772788787, -5.046822307073846, 25.89616999611014;
  -9.748472608491392, -4.136941214062661, 24.73431501588199;
  -10.02246191394651, -4.634032364588331, 25.52489534508618;
  -9.240223360472825, -2.706016554232315, 23.66683956720441;
  -9.17585966609334, -2.238916915865223, 23.52043802383651;
  -9.560443828099297, -3.039042150117912, 24.48442216924628;
  -9.439869582804782, -2.5492216358333, 24.19842683675627;
  -7.368272998314714, -1.586845680420637, 19.09126981213374;
  -9.441848114207129, -2.901845509096605, 24.28547256765835;
  -10.0111572031883, -4.759164323196445, 25.70756531171807;
  -7.811291439087541, 0.8743485949691133, 20.27871893998064;
  -10.03277040229279, -4.973125340840327, 25.8016341694293;
  -9.929938902376883, -5.908574519310844, 25.56703504470673;
  -7.108013842051551, -1.463928506765167, 18.63399955795562;
  -9.847130115247271, -4.671424321919201, 25.54700107201185;
  -9.838196449674404, -3.984279670060354, 25.52352313727452;
