m=[-3.741166603563499, -0.8540879018092977, 7.146499685951883;
  -3.576877751960594, -0.9202453273388407, 7.297794746213394;
  -5.657595446811028, -1.035465387685057, 11.22065963166383;
  -3.99294097124443, -0.7741900677071548, 8.300851237126542;
  -3.355882692005193, -0.8441398762843255, 7.188855280899768;
  -3.435633065621784, -1.11909010877367, 7.446385490914291;
  -3.478275041378206, -1.337617631664394, 7.530546139390795;
  -3.469457243541163, -1.291131593121998, 7.553684486802427;
  -3.451612322957831, -1.322177665425163, 7.542155121605648;
  -3.409447179749474, -1.185479884597493, 7.478498287257594;
  -3.432332059410776, -1.359558157033396, 7.55391986090144;
  -3.359703890393499, -1.243440717228704, 7.506809215312875;
  -3.32258306541143, -1.181556079631593, 7.45738164453965;
  -3.309403487939218, -1.276381649895424, 7.507425397288698;
  -3.313951189103868, -1.382697087127299, 7.545648062224173;
  -3.244583126177168, -1.185796152728212, 7.457052207429685;
  -3.13857632602277, -0.9154283156696211, 7.267942585298759;
  -3.141393412883706, -1.043300354707112, 7.343964799644914;
  -3.24184924963874, -1.383348506097845, 7.574636429848298;
  -2.980803653933543, -0.7751779232033458, 7.044179815409356;
  -2.998805205438827, -0.8155344303530502, 7.100650357401305;
  -3.203114196406949, -1.289358683461681, 7.543789031157215;
  -3.217125661479404, -1.535922446843162, 7.58717079594552;
  6.596265751455605, -0.9152913369305826, -13.36458824901855;
  -3.173560379209961, -1.31653206838029, 7.519289053090108;
  -3.123226767344072, -1.228480998437593, 7.435333616278795;
  -3.190366640387404, -1.40146312644274, 7.592769563462452;
  -3.140898690767112, -1.188693923807733, 7.489185596073304;
  -2.879233370499145, -0.7473814681196197, 7.000372283963644;
  -3.132675921575854, -1.289185068433129, 7.542214979764656;
  -2.9566423434345, -0.8347780084466611, 7.177064988383512;
  -3.141276699149088, -1.413384261590751, 7.603172948773262;
  -2.891905925302186, -0.8279426208653343, 7.139295349359202;
  -2.863119305495843, -0.7916441153002439, 7.079680349469998;
  -2.914794873955797, -0.905476109098478, 7.197548709041848;
  -3.031091616448354, -1.191864456562005, 7.473493747790589;
  -2.797039308210117, -0.6990614013910775, 7.063106171902519;
  -2.904963094344065, -0.9662811352794152, 7.306242447385572;
  -2.841710139882197, -0.8387300519719537, 7.183343601340416;
  -3.028989927984751, -1.435295974780103, 7.607172744121139;
  -3.027377231862526, -1.50857437898349, 7.620354262867347;
  -2.748700561926248, -0.7453379517797624, 7.045004482927666;
  -2.476335031629168, -0.04386004975925055, 6.484528504672754;
  -2.79459295087414, -0.879251480285038, 7.211111084991877;
  -2.413563718905798, -0.1835265936449387, 6.365171645996081;
  -2.71844679140444, -0.8010653098190644, 7.058284496363093;
  -2.945752496915067, -1.341933216652038, 7.579066406101772;
  -2.737589684029532, -0.8435275522825976, 7.168774801843658;
  -2.679489014620199, -0.7447639066403115, 7.051272007735776;
  -2.870210135936655, -1.235002802186832, 7.497550344507052;
  -2.916166474848698, -1.556623581726269, 7.642215947772331;
  -2.904524234054797, -1.385847994210446, 7.632238328123504;
  -2.462560438945414, -0.1673732210676548, 6.627201918214492;
  -2.634634714747037, -0.6813219599977667, 7.07755877215113;
  -2.787233833121431, -1.228714392907693, 7.466130608644431;
  -2.591692826274503, -0.7063381738401202, 7.041565133690896;
  -2.778395294021759, -1.19075257682637, 7.5008407372672;
  -2.80970611376995, -1.344893806416801, 7.592537469770086;
  -2.852637762891155, -1.563875629065222, 7.727463692455582;
  -2.767129405283257, -1.286845476001958, 7.53507688080391;
  -2.550190904582255, -0.680555420368005, 7.034537607176189;
  -2.563079220275643, -0.7515569527990018, 7.071611268132822;
  -2.785440630510759, -1.248986584654163, 7.608175663594182;
  -2.779717754970275, -1.39798890771595, 7.636214553003123;
  -2.70148954379667, -1.100127644667565, 7.460449535398822;
  -2.8128107383308, -1.557520148308375, 7.736004346839005;
  -2.695401694381245, -1.189085905291224, 7.477480281713178;
  -2.726329742639025, -1.339210644365956, 7.568572595276021;
  -2.735246972467272, -1.436418499895816, 7.601366209196543;
  -2.505767783619875, -0.3911524762411346, 7.044130052773866;
  -2.749829564353088, -1.478271370932767, 7.671468600044779;
  -2.700676795311664, -1.293791809363815, 7.560994723274444;
  -2.492507690219122, -0.7839043424195694, 7.077580087726466;
  -2.631060576446635, -1.098544911473782, 7.424840534527471;
  -2.703147729002669, -1.39370846719579, 7.61123692709088;
  -2.451652315283902, -0.3424278971816419, 7.026786231852709;
  -2.656470064659374, -1.335400910391052, 7.546848980295899;
  -2.709482919264715, -1.494335576715633, 7.680511617876499;
  -2.489795623758932, -0.2268794510437187, 7.144288696602801;
  -2.724961426061395, -1.647108053308707, 7.757733442340056;
  -2.430454707816253, -0.6855440391306892, 7.044854795232004;
  -2.605169150908832, -1.153112423301162, 7.484895575394549;
  -2.637071508259712, -1.294519507408589, 7.573907356433117;
  -2.554940669986341, -1.091244266382596, 7.37908894784106;
  -2.738283196692749, -1.619878663932108, 7.850613452112832;
  -2.458174479045694, -0.3108096664249224, 7.151069975469763;
  -2.583864631777807, -1.227408699140336, 7.509671917035723;
  -2.400152432607359, -0.7428106404906141, 7.060314008880648;
  -2.389937222944725, -0.3535415689745765, 7.140863484856537;
  -2.439587810659722, -0.8971205862289612, 7.284762783554535;
  -2.547085629756609, -1.38709719100319, 7.582580070546531;
  -2.43093500968679, -1.038049201640015, 7.287497684246452;
  -2.3927227776906, -0.9560895423683589, 7.289119778867925;
  -2.332420466508259, -0.5842785743580603, 7.130492215289576;
  -2.326769176306572, -0.8217517800119113, 7.144085308091202;
  -2.311284194674125, -0.8538440023816215, 7.148524947670555;
  -2.347521173437574, -0.3817625800584715, 7.234254981457216;
  -2.49202812522073, -1.396742499817864, 7.638107572944189;
  -2.542749934552377, -1.558886667004622, 7.785103173295277;
  -2.348074128909924, -0.4930804257257151, 7.265462765535244;
  -2.307753636279217, -0.4278432949717559, 7.16073567391715;
  -2.302854653577002, -0.328373487274827, 7.15172029009245;
  -2.444757642546338, -1.343286961581328, 7.584418135630259;
  -2.344897821050908, -1.003556595514341, 7.318621363099735;
  -2.281307753342431, -0.2801871850438358, 7.14002794635116;
  -2.210201040958491, -0.7722461544797286, 6.979881140212993;
  -2.276428006844295, -0.5950127555755763, 7.182170127239221;
  -2.374633698834922, -1.240343320644, 7.496593480807784;
  -2.445846391054721, -1.631803329709328, 7.707203298855432;
  -2.251599021646675, -0.3307659322994452, 7.154028144131332;
  -2.142059999472835, -0.6863476245962779, 6.878312720534151;
  -2.171103440797417, -0.7729415194122861, 6.964721329549835;
  -2.296034466011617, -0.4797495620844846, 7.32655076952511;
  -2.249147625203686, -0.5241001681258958, 7.217431778741596;
  -2.223764480695347, -0.401043568010288, 7.154986297974538;
  -2.245098740730547, -0.4903670544819154, 7.231083794303467;
  -2.181406838471489, -0.3541676090249369, 7.12947689451907;
  -1.90872271058219, -0.1347858695957228, 6.362226450746874;
  -2.214365267183255, -0.4178201556308908, 7.234529657813159;
  -2.357236739271084, -1.490800961669857, 7.664863715683395;
  -2.055076089092538, -0.6053879998476136, 6.830012110562477;
  -2.164558509836441, -0.5260678913136645, 7.154525994698009;
  -2.229884731147996, -1.012775943939602, 7.378849281937185;
  -2.149880668327937, -0.8531745923182224, 7.14699439517639;
  -1.842510153787833, -0.06865752690040056, 6.296995838915882;
  -2.146738857498493, -0.4705194911316061, 7.186205334970568;
  -2.137705380806709, -0.3103438575391157, 7.159426081506751;
  -2.160066407264837, -0.5025876946354174, 7.237883610467426;
  -1.825654698138431, -0.03398648047331094, 6.282361883219807;
  -2.108678672176261, -0.2503257950999747, 7.110166394662053;
