m=[-7.729704957419122, -2.59835471376675, 11.74122420763555;
  -7.427519758329835, -1.965981122217665, 11.36670083448168;
  -7.138243905300444, -1.664257119535276, 10.99523532795149;
  -7.107974343594558, -1.479608562690741, 11.03943389921644;
  -6.976706791958619, -1.448822428109181, 10.98703641441842;
  -7.238784790323005, -2.185635208375027, 11.46419337684726;
  -7.132309212947522, -2.175910599853105, 11.44165724180143;
  -6.880818261901863, -1.859351497645994, 11.21147030735905;
  -6.742497899356897, -1.591766054061945, 11.07704358247518;
  -6.802654095226024, -1.871671876886777, 11.23870261306851;
  -6.915414500690166, -2.098729157451326, 11.46270956973569;
  -6.723505452303407, -2.181530126759767, 11.26462716057398;
  -6.867086116018042, -2.340101846112589, 11.51957906600104;
  -6.751462728532871, -2.22292757502891, 11.41735479055506;
  -6.668223251681073, -2.336485040434898, 11.34552819559631;
  -6.698360596240684, -2.185621941680449, 11.43324886100853;
  -6.411220399987447, -1.694604800275776, 10.98677492178464;
  -6.728746884717574, -2.261100167656286, 11.56450594699439;
  -6.612023476624356, -2.428298358675372, 11.41966472977694;
  -6.312149608652423, -1.611206699622312, 11.03943149474732;
  -6.320877603054432, -2.480062393993796, 11.32621715373126;
  -6.223954242415791, -1.82613263028775, 11.2116708910291;
  -6.106917549301093, -1.748605146155695, 11.0361364746332;
  -6.113759381152902, -1.849028717559964, 11.12400131321366;
  -6.198150614098456, -2.507219075803663, 11.27220962291237;
  -6.066236059362482, -1.803056409175097, 11.27730524941617;
  -5.805002519538842, -1.450920925366508, 10.97329029487871;
  -5.883523534111551, -2.018030984838667, 11.17844170414468;
  -5.595375628031603, -1.277393694637497, 10.68847084500924;
  -5.614948804333573, -1.259115759092472, 10.72604457498358;
  -5.714436898194098, -1.505052641517433, 10.93793056436335;
  -5.788612831616159, -1.582038342776942, 11.09230733978605;
  -5.730625219949995, -1.698429221295175, 11.06221654027754;
  -5.68052224829965, -1.581277287697015, 11.08422628019624;
  -5.777237112102648, -2.430733171498402, 11.29673262212279;
  -3.693590113898234, -0.6989005990135223, 7.582192020542627;
  -5.637514103823123, -1.771275647643885, 11.08706817630119;
  -5.655375361259226, -1.708130236942954, 11.13712709060432;
  -5.757925134979783, -2.1458750310858, 11.38912146498198;
  -3.567152239576754, -0.6397478603334851, 7.465629783047595;
  -5.608347077475445, -1.950310518689155, 11.26902385570036;
  -5.692648121753168, -2.255716557490818, 11.43290675315421;
  -5.374135053683975, -1.382636761608573, 10.96468408480521;
  -5.408916655392696, -1.79122273166449, 11.03227048018537;
  -5.720335278781685, -2.530164549181392, 11.67613006368329;
  -5.484092149179523, -2.546732191813893, 11.28994829988403;
  -5.338465642851883, -2.068995294984948, 11.01513567484944;
  -5.428875570854004, -1.875092243986603, 11.19745870740245;
  -5.389443807492037, -2.264785717079683, 11.25730708702867;
  -5.365987194202038, -1.933687263630176, 11.22447270605179;
  -5.414465373319157, -2.391343927681514, 11.32515637098224;
  -5.364809507760944, -2.219661350076496, 11.35013179856124;
  -5.352818495275452, -2.059680891863707, 11.3362020442842;
  -5.343710480825608, -2.397535174568166, 11.35065498563288;
  -5.083114071310295, -1.370018829482579, 10.84796590569442;
  -3.647300697283417, -0.6401450114694955, 8.071535186439816;
  -5.019613113132713, -1.262635193539259, 10.75284077193303;
  -5.266122774853299, -1.661882799481237, 11.24569779132707;
  -3.591778651890814, -0.6447446772099436, 8.022365500185194;
  -5.219858683016447, -2.445449714321436, 11.24394261568539;
  -5.215260267900921, -1.953870590594042, 11.24427355172944;
  -5.216953219363909, -2.006249801057844, 11.29482472147938;
  -5.154909420411217, -1.67911067154733, 11.17274225214166;
  -5.215038627463283, -1.940736160909412, 11.35415530820547;
  -5.169877826539595, -1.980377967062596, 11.29675550992853;
  -5.091302089919454, -1.770268285679142, 11.16758581435815;
  -5.18756394893501, -2.453746216640739, 11.37306890158528;
  -5.127044196965197, -2.030839277436167, 11.28366379382987;
  -5.08687725127843, -2.003578397531813, 11.29513797867948;
  -5.01638565633744, -1.856585693830729, 11.2084431548361;
  -5.041235247944458, -2.048168536720322, 11.28579414149503;
  -5.059148524943882, -2.355208298243702, 11.33354632158681;
  -5.020333775920313, -2.033220044265566, 11.34303782299909;
  -4.957422841158122, -2.068411310542339, 11.28772450783318;
  -4.978312121397456, -2.343855040362268, 11.34466509016193;
  -4.6904431305611, -1.255689177059009, 10.74614525062697;
  -4.965742570516475, -1.87722718123364, 11.33983163464235;
  -4.755959882395294, -1.441252756338869, 10.95483745549209;
  -4.946281257389715, -2.058557561108632, 11.36610840483789;
  -4.887824667560249, -2.370101638595956, 11.25876414161212;
  -4.709238418930807, -1.37354320753174, 10.90509546175169;
  -4.580843466593909, -1.094305413531747, 10.6478952647926;
  -4.901197375851933, -2.323353885113201, 11.35804589276614;
  -4.901221883327234, -2.103393076010522, 11.35829153309921;
  -4.826365530002839, -1.867294671473318, 11.27657720376548;
  -4.860253782175827, -2.073947395789168, 11.3560664058884;
  -4.45089134951666, -1.157484059095623, 10.51826374523908;
  -4.860136154792438, -1.956364453386337, 11.44631117291447;
  -4.805451801499388, -2.136520418375811, 11.33325980738082;
  -4.824780673034773, -2.303450258576916, 11.37861522091065;
  -4.702994368465716, -1.689251825565268, 11.14039763752855;
  -4.735882801111365, -1.964651947572506, 11.22098446161577;
  -4.775197382952714, -2.097647013034673, 11.36451619378965;
  -4.743519582940467, -2.325218706020582, 11.33730267343044;
  -4.738784312382949, -2.139172006754321, 11.36878242536247;
  -4.747329626553722, -2.275124435107695, 11.397613550527;
  -4.330710124048644, -1.01344238296242, 10.51827694978467;
  -4.299650767859919, -1.116088517245723, 10.45387858255879;
  -4.443134920837492, -1.254474126271236, 10.78543306051835;
  -4.445947840799073, -1.363197640264838, 10.80279815469324;
  -4.71119983426853, -2.11975458919866, 11.40302831198491;
  -4.633537907246626, -2.145812123465904, 11.31273199272619;
  -4.672940638834512, -2.253788373761021, 11.42191676952788;
  -4.315366590512783, -1.235474464671776, 10.6534159223069;
  -4.356610739990783, -1.353373774927024, 10.75784724599253;
  -4.505243805486809, -1.771520178000323, 11.10818004637889;
  -4.619095185982241, -2.13226495643191, 11.38780143397364;
  -4.247044989201315, -1.08684785297644, 10.57691383942729;
  -4.593912390461676, -2.278271477185181, 11.37342528812758;
  -4.585154285675235, -2.208756062238428, 11.41651731472319;
  -4.158327793827823, -1.039286951193027, 10.5006428115499;
  -4.278764560683425, -1.262876312397764, 10.81596451279918;
  -4.542597386653891, -2.263624750631872, 11.43438650312542;
  -4.116613050304574, -1.116261255112363, 10.55100646305045;
  -4.165044702170945, -1.310431173417101, 10.74739704468118;
  -4.077081399957816, -1.201424462359046, 10.58589799392959;
  -4.092802729337862, -1.162042311842311, 10.6315596969953;
  -3.724508836673991, -0.06596730281597553, 9.752995216252621;
  -4.548437147320901, -2.300357331220391, 11.72107165101021;
  -4.073128605176986, -1.092672544368224, 10.60100438095881;
  -4.088858202114206, -1.259890980368997, 10.70726698695139;
  -3.814405231559515, -0.290046122853935, 10.059541347957;
  -4.018325603044882, -1.116893503928281, 10.5745187564184;
  -4.357280402086521, -2.325877306587412, 11.41885350680096;
  -3.655582191600229, -0.1605448411960352, 9.740198096696878;
  -4.362752247557939, -2.081618524860694, 11.4640341194311;
  -3.952653072769937, -1.018729122782291, 10.5243698923869;
  -4.230262172625486, -1.912005499196196, 11.21579089834682;
  -3.70697758960814, -0.2519527114079811, 9.9761567692324;
  -4.153287016161825, -1.638377373826236, 11.11944347726247;
  -4.175935259752778, -1.840904662011335, 11.18602884769138;
