m=[-6.863410939830276, -1.440161090888846, 9.679858028608658;
  -3.548355750594754, -0.6519696207221029, 6.327857976894073;
  -5.305576145106597, -1.383087591758952, 9.675725055288599;
  -3.62399875277184, -0.7537876926707771, 7.026554091204813;
  -5.064980257062164, -1.383553489637745, 9.647649196839918;
  -4.998507850318259, -1.278800390291395, 9.549963943521119;
  -5.146649183056907, -1.644451494040106, 9.845390392613911;
  -5.075518891821912, -1.454773587660212, 9.748552148097495;
  -5.080506814179779, -1.762822259716529, 9.806850843855647;
  -4.829448863703505, -1.220313238879758, 9.395075127453993;
  -5.130052428877807, -1.714899860680454, 9.934833850363622;
  -5.108932124417095, -1.679254025953218, 9.908194294915573;
  -4.848322335837226, -1.318048123136158, 9.509374124440216;
  -4.791332162362672, -1.196292553746772, 9.423944370529444;
  -4.897174356146985, -1.36104674962032, 9.630935609983776;
  -5.107251509093798, -1.790324624112804, 10.02196142146991;
  -3.67621915312193, -0.7434592579713824, 7.548574888481399;
  -4.857075078464694, -1.390082638532149, 9.653842620960596;
  -4.932252488017112, -1.582304865561905, 9.859932788446397;
  -4.70986605266229, -1.315400203366922, 9.581230450161709;
  -4.769044167945657, -1.515894712676879, 9.763567281391175;
  -4.738508305953391, -1.456134519861165, 9.744968692269652;
  -4.690076964462482, -1.145124987991056, 9.707213900392105;
  -4.480603885071413, -1.186214920949574, 9.412807231021915;
  -4.556459740204631, -1.358200111458788, 9.681062937032964;
  -4.765423953080459, -1.725528700334027, 10.08773989903473;
  -4.689921247541908, -1.657566068175715, 9.945082504573229;
  -4.399802838276973, -1.175798835800946, 9.393263112678021;
  -4.333750468704182, -1.034310980916535, 9.353823048827055;
  -4.351377394726265, -1.150984928390666, 9.396248173384999;
  -4.421673461981926, -1.270673300068656, 9.564159422488583;
  -4.633976323549924, -1.730268454551403, 10.01142967887319;
  -4.30800074674107, -1.075540125565302, 9.397481180342963;
  -4.587094653388811, -1.850234199756944, 9.964434492835151;
  -4.266596038085804, -0.9649196034320605, 9.34607428652137;
  -4.35773926946592, -1.373658711383849, 9.582739042452852;
  -4.53443321237378, -1.721849299685206, 9.969276024973613;
  -4.243198860054379, -1.107125968770743, 9.394074803939434;
  -4.579223393732342, -1.945946260979693, 10.08261087602258;
  -4.626018054321743, -2.141692449223145, 10.20411861618795;
  -4.236789568971521, -1.171724158075379, 9.441476325246761;
  -4.590016957659257, -2.214081352768785, 10.22407814341883;
  -4.229235291061763, -1.081956539332233, 9.487440199826061;
  -4.495366607077204, -1.861734846639352, 10.03597554352202;
  -4.203464416713149, -1.258468855626983, 9.463606069407298;
  -4.50861448376987, -2.059141552166017, 10.14155545268014;
  -4.125787822189166, -1.139322057162931, 9.394417994914964;
  -4.524517156742482, -2.204648960294932, 10.24681232709738;
  -4.08150945650923, -1.2196130690097, 9.413996585369219;
  -3.666262783094016, -0.3059266107084056, 8.549303419841712;
  -4.467362681492645, -2.179249261831366, 10.22549404126296;
  -4.115684076459306, -0.8906276942490259, 9.502613548137962;
  -3.580747785960355, -0.1926248659451569, 8.407340159192108;
  -4.1164260048845, -1.287269614950998, 9.587261631271961;
  -4.020004106810104, -1.136024276742342, 9.396139663385183;
  -4.456098721212358, -2.236904537234032, 10.32249183507371;
  -4.37174411477976, -1.955637968745206, 10.15003551581791;
  -4.147411404119147, -1.3909850304976, 9.689655033604558;
  -3.609136874180737, -0.2277517336926361, 8.552869210279791;
  -4.102742596122033, -1.339492996489532, 9.599452508215586;
  -3.687349592424304, -0.2741136368712236, 8.763493991002282;
  -3.989505194505279, -1.127329459800858, 9.40953726069397;
  -3.999078852357212, -1.053348261170087, 9.453888348071981;
  -4.235889719046448, -1.785680149016873, 9.975654346084797;
  -4.393071218829408, -2.276402376907604, 10.32550663706385;
  -4.246398851314005, -1.924343709321017, 10.04808446638034;
  -3.881558767615225, -1.022568777176464, 9.278648152325337;
  -4.112561043206294, -1.635967760758492, 9.823831666522706;
  -4.05438404606709, -1.392666312625654, 9.704544623745866;
  -4.234084300949029, -1.874477833103302, 10.12078806854425;
  -4.260332679458003, -2.097018916493036, 10.18843257860056;
  -3.902352618906318, -1.085379439691926, 9.410634083908409;
  -3.943750984636618, -1.303153483683462, 9.515268956199044;
  -3.918443239221325, -0.9456617125847395, 9.466525128994785;
  -3.9132806710614, -0.9093414279880855, 9.470081765388645;
  -3.940883165938099, -0.8659483887120448, 9.550352701070862;
  -4.138076941650829, -1.724497792770006, 10.00662908821132;
  -3.842843165183966, -1.146130475482661, 9.411904819512113;
  -3.837392813916059, -1.046667900519422, 9.395365270007392;
  -3.932179808924154, -1.30577825992458, 9.616481101725462;
  -3.992840929678696, -1.400012081883343, 9.760211255866025;
  -4.142849572080523, -2.09045579868034, 10.17599826203093;
  -3.429094917786756, -0.1450922650944897, 8.584047565373036;
  -4.08971329825129, -1.677884555768329, 10.06937866521968;
  -3.839861036736378, -0.7731314748694683, 9.511878557048378;
  -4.070429189350786, -1.806126128293896, 10.07473485647245;
  -3.992500932171495, -1.530821848049443, 9.899906617507604;
  -4.053442152493453, -1.999326903295234, 10.05367758522036;
  -4.119329694804963, -2.164681095968183, 10.22290346878808;
  -4.119699855131367, -2.218097534665586, 10.27633350442828;
  -4.016211771556811, -1.932987083368605, 10.04485517546371;
  -3.74024867622368, -1.195187296752432, 9.423212167775747;
  -3.9434874794097, -1.595301437978652, 9.911547593740517;
  -3.953431808652245, -1.662950900568073, 9.94233180097487;
  -4.074576629342798, -2.103760159147417, 10.23827038878394;
  -3.996033782788435, -2.013444067744026, 10.1314036181522;
  -3.731036415275902, -1.075559427675339, 9.575260919928532;
  -3.901453630573793, -1.739313877016199, 10.00186426993352;
  -3.856653480147926, -1.657056749061447, 9.917478249319411;
  -3.795138041387316, -1.463589951494678, 9.782797040122063;
  -3.715010394305355, -0.369241692731867, 9.597659630569016;
  -3.724202075767896, -0.5042625815537569, 9.623852839773788;
  -3.60345728132441, -1.134401778512219, 9.400756823857112;
  -3.958174814585602, -2.100725437392049, 10.23785904000582;
  -3.875049303935602, -1.848620816981242, 10.04434556630564;
  -3.834222886677005, -1.790735806298145, 9.979179966594815;
  -3.661956278161291, -0.4906645631006045, 9.600560490980884;
  -3.6772835847125, -0.4439354039433925, 9.638523520460637;
  -3.77690159624117, -1.71774824163803, 9.907291772781253;
  -3.883035055657092, -1.948142768984804, 10.15813487164767;
  -3.704461735261602, -1.458332469448275, 9.794679834349749;
  -3.986211377286765, -2.246050755573245, 10.46702294914782;
  -3.594968208831164, -1.27474408911976, 9.54217255540722;
  -3.837243214487766, -1.87687061849933, 10.12405197936112;
  -3.643647617165777, -0.5702264508379011, 9.669231078149176;
  -3.699566698716279, -1.586774668483841, 9.850518748063795;
  -3.841228371387064, -2.222028887995202, 10.23712843327804;
  -3.511263586253705, -0.9057162592911836, 9.525867496102951;
  -3.597765945816087, -1.450708125284127, 9.743601905920615;
  -3.555553472196959, -0.4802620490784104, 9.641922529370945;
  -3.509090046464913, -1.256245004066975, 9.556090290766578;
  -3.445919949859852, -1.145613802327264, 9.44032758592274;
  -3.4927329748346, -1.303833214438337, 9.579057283255521;
  -3.491723905214211, -0.8807258345981024, 9.57145331948186;
  -3.508941181060012, -0.6040128675515278, 9.613056714804973;
  -3.741330586788709, -1.894330720263582, 10.2040366246249;
  -3.751649030395738, -2.102682251054758, 10.2510545988598;
  -3.477822524469467, -0.7603345667209501, 9.58032348238161;
  -3.468971896077878, -0.5337026579435363, 9.570752656013717;
  -3.683777173603246, -1.819334295633437, 10.1422858203858;
  -3.755479964733653, -2.256559767888619, 10.35352605071614;
