m=[-16.71279714896293, -4.626100736692322, 22.24694355872141;
  -16.17168935541667, -4.048915378423231, 21.66807881736037;
  -16.3293272439072, -5.006965792595551, 22.11072914935239;
  -16.28759821150165, -4.164546026069815, 22.14594073814042;
  -15.20239521155225, -2.947269075164247, 20.76138743977901;
  -16.08984804023527, -4.301888493509479, 22.12812047657823;
  -14.82403433316198, -3.110552121063613, 20.90717706024125;
  -15.19215032579904, -4.313177215230923, 21.48430254968364;
  -14.78419243463474, -3.947349605461989, 22.67737367360282;
  -14.31187794965082, -4.843557089038431, 22.12208303016844;
  -13.7739239073277, -3.555535692840298, 21.57112315236951;
  -13.90501308555695, -4.706208852985952, 21.79463974585343;
  -13.50318248567075, -3.98134348109773, 21.33432476619088;
  -13.61106006369496, -4.027077524545107, 21.97998327465856;
  -13.38364301203694, -3.888735954778731, 21.66079423896806;
  -7.226799466618114, -1.217450971720416, 12.2109820019572;
  -13.24390301404906, -3.870761100383193, 21.77471693700847;
  -13.15713788978984, -3.953159593064863, 21.93951390267322;
  -12.89670212578447, -4.264994123269942, 21.5567747221988;
  -12.89178645272803, -4.351076348699826, 21.66809788419742;
  -12.93993192427511, -3.637388469677955, 21.74180775756043;
  -12.38313522739781, -3.144564241422195, 20.94291750594164;
  -12.84523859052196, -4.311477779634039, 21.73331309057799;
  -7.763007878418972, 1.01196058667578, 13.48613254530523;
  -12.10598027816782, -2.802671254016604, 20.62921713124587;
  -7.542896570079088, -1.477073042654837, 13.24089988181006;
  -7.603065875506536, 1.011288621734249, 13.32439656950655;
  -7.554153207419933, 0.8308564409651132, 13.25440598143975;
  -12.3272806180711, -3.41079723587689, 21.15007701540812;
  -7.691170925731859, 0.9270280346253501, 13.56293606900822;
  -12.64344564075949, -3.780134598819616, 21.83946303455726;
  -7.2487306884811, -1.331871021357865, 12.92681499079502;
  -12.30203117912967, -4.492999488763163, 21.36662997080419;
  -12.80710973586413, -4.974943092800429, 22.24349134220224;
  -11.87298291311509, -3.735493583257551, 20.79782584028757;
  -12.53480026775986, -5.080924291369811, 21.96396736909253;
  -12.20505100435377, -3.886746572432047, 21.49189850768365;
  -12.24471884739607, -3.95242033105384, 21.55899053982531;
  -12.27464667631418, -3.743683989813334, 21.64299972690204;
  -12.59146913109164, -4.891942423809104, 22.24677612657732;
  -12.34170412767968, -4.246409991486544, 21.82185906052685;
  -12.59366874589482, -4.487466269338482, 22.25856268270851;
  -12.37416995765631, -4.63693279853439, 21.95400914768369;
  -11.9175664866613, -3.801334852926577, 21.22724032041112;
  -12.10171592560006, -4.822799008267813, 21.80749256914411;
  -7.349435755295322, -1.392403723044233, 13.62104603538355;
  -11.45902292674567, -2.987202895632902, 20.89770313516288;
  -11.72502348966454, -3.92346198934203, 21.41110705698905;
  -11.87311354623558, -3.74818605239129, 21.6769614238162;
  -11.70064975001913, -4.076367966249439, 21.6103914358371;
  -11.4219306222143, -3.909492863690633, 21.31021185553774;
  -11.42933583114911, -3.569335401434526, 21.39244032999031;
  -11.76685627587097, -4.96835257192141, 22.01032502776985;
  -7.256197102705152, -1.341072688146317, 13.95098824065324;
  -10.51881506457498, -2.918562307512713, 19.96423285901975;
  -11.55869085725552, -4.807585105198728, 21.91540259130643;
  -7.510719893286066, -1.562221348538374, 14.56249938102149;
  -11.63488938295834, -4.496134754044552, 22.07434335246668;
  -11.41419582376105, -4.119149465316223, 21.71368484484402;
  -10.84400266125548, -2.774290898563157, 20.71814979981339;
  -11.5090079298446, -4.394919039501093, 21.96093887763849;
  -10.77090275482725, -3.337153761225308, 20.72143189503268;
  -11.37033233973081, -4.12625523317246, 21.87348459453095;
  -11.08933695408823, -3.644952266307339, 21.50651104127356;
  -11.25174749450893, -4.35147994469236, 21.81514223814889;
  -10.38361561621159, -2.623749409406631, 20.19999622360668;
  -11.18220502991879, -4.188036262428457, 21.81348231568866;
  -11.20218200682391, -4.316163639084163, 21.91930163023774;
  -10.24788018664011, -2.55867519586063, 20.15628420700531;
  -10.90996614053658, -2.965945619729533, 21.39852561956817;
  -11.13696189000965, -3.904013161284075, 21.85406420955006;
  -10.62996901281871, -2.954333197326615, 20.9052281281502;
  -11.18729554837935, -4.452267791815729, 22.04052318570782;
  -10.4786814633723, -2.998972208917723, 20.82725510484583;
  -11.09694554428675, -4.391542398465848, 22.05761327159381;
  -10.98730699568538, -4.09335072526847, 21.96305413292173;
  -11.03696927974554, -3.540745376443521, 22.06370731239441;
  -10.92613074774407, -4.468443971438647, 21.90016103240211;
  -7.323182938625045, -1.481002064013316, 15.03707818597151;
  -10.85755359022833, -4.41800533698547, 21.96590700400596;
  -10.11996647116084, -2.826366144044967, 20.58694022801209;
  -10.80146909296801, -4.526635014585704, 22.00931988288957;
  -10.05724778940262, -3.196810138708363, 20.58999916953045;
  -10.52841306008669, -4.014808447206144, 21.53569706176871;
  -10.63240842455575, -4.443637595380528, 21.87595492888839;
  -10.05773459059713, -3.051126578301094, 20.77128175908171;
  -10.08784932491211, -2.983010193849936, 20.84442532924317;
  -10.19435889540528, -2.489045530837124, 21.09961587515344;
  -10.61321890857352, -5.04041000107211, 22.01231055123113;
  -10.58243654345625, -4.561988006196886, 21.95665969783127;
  -10.51085169999012, -4.500830967217537, 21.98124206177747;
  -9.644609473571737, -2.553356636233883, 20.26129783435913;
  -10.52203689853949, -5.142454871823691, 22.08658658845955;
  -10.09328546322183, -4.090069212515822, 21.29963460845707;
  -10.42930428761573, -4.98715541642836, 22.01183349852812;
  -7.74117795912817, 0.8426276158298292, 16.56679336540234;
  -10.36832547293734, -3.754302524624861, 21.9483033596449;
  -10.39853491203258, -4.331849809969472, 22.02471617030849;
  -10.21405943441265, -3.609970710208851, 21.659140616719;
  -9.858706870230993, -2.938706261757928, 20.94669263645884;
  -9.336449187051169, -2.495063185365031, 19.93264856987659;
  -10.39539171758956, -4.581020532959602, 22.13990404593184;
  -10.38481975564135, -5.098708840028738, 22.20214733405582;
  -10.27296053420247, -4.654356877665196, 22.05700577934616;
  -10.25231024700371, -4.916061364542719, 22.02249572661876;
  -9.298552662235004, -2.459564638785523, 20.07904636668413;
  -9.445450026296157, -2.71437528319145, 20.43067871143821;
  -7.467935679324429, -1.528535659830691, 16.37419539372447;
  -10.15575826318729, -3.792032355784954, 21.94091048131345;
  -10.48717457269851, -4.747666056408876, 22.66783056536812;
  -10.1863896739045, -4.599522623354247, 22.06890575397099;
  -9.866018696084662, -3.979522243660573, 21.43171319335965;
  -9.226316178121412, -2.303452075357384, 20.12630399690158;
  -10.12294958935158, -4.99783928887621, 22.01009496338341;
  -9.203769663772617, -2.468561215653015, 20.12134078973457;
  -8.866895117742843, -2.005308410806252, 19.42313256785331;
  -10.16395218463113, -4.73987906759811, 22.20935067344382;
  -9.397064126634835, -2.732708136192999, 20.63785071267017;
  -9.4604804816606, -2.982159010422546, 20.80374939069796;
  -9.994769037227187, -4.247288626269775, 22.00665010927634;
  -10.02731354045361, -3.964601123853346, 22.0717340224656;
  -10.0938853632287, -4.821597009798667, 22.25858961173135;
  -10.06183007267552, -4.658292561544065, 22.19448915932984;
  -10.04724816095519, -4.990463905989635, 22.24823724943489;
  -9.051098805311213, -2.503166832967067, 20.1699267090481;
  -9.934905695467686, -4.792289362928393, 22.12960281300532;
  -9.75509001272675, -4.040024450999131, 21.7783894729412;
  -9.1403352029715, -2.338353097886132, 20.50450676693994;
  -9.308468862368969, -2.885505676914989, 20.87914563748786;
  -9.059289982485419, -2.712247129230171, 20.39592658900349;
  -9.818229279060017, -4.484110129615909, 22.08485933742063;
