m=[-3.571833013273561, -0.6840650466637163, 6.311086853503711;
  -3.547221011758187, -0.7292312180284433, 6.349316539309496;
  -3.531317303375277, -0.7377872693651334, 6.407597874139683;
  -5.056464085383955, -1.41500337518102, 9.058625725786408;
  -4.9628795551514, -1.303586438000472, 8.916843237768953;
  -4.827386870920861, -1.251496311570567, 8.819790242326635;
  -5.109349444825313, -1.711607580233472, 9.331776450018912;
  -4.912087716716722, -1.396762587372429, 9.086194913349358;
  -4.869764518247153, -1.425631705066405, 9.101763110216792;
  -4.711658905004172, -1.348752326191201, 9.007830934447474;
  -3.704908496328527, 0.3702563522103927, 7.376240819687267;
  -4.66313190575901, -1.410260437072624, 9.05915133125494;
  -4.635433200207099, -1.584802025498058, 9.101593308689928;
  -4.648537187189569, -1.710539969186156, 9.269607296024107;
  -4.688701312309018, -1.690005415040015, 9.362519876164612;
  -4.723687765499513, -1.832981479532039, 9.484187368567371;
  -4.350951106684673, -1.182805185007144, 8.816816463848129;
  -4.390620949500551, -1.292605981294611, 8.918728017094558;
  -4.315674491214718, -1.11443938796601, 8.836758306398838;
  -4.616989726263289, -1.756917479818822, 9.397288716545699;
  -4.290169591211469, -1.183663870391592, 8.802251606060233;
  -4.610264232839737, -1.822978704377386, 9.420962764318549;
  -4.259239210788362, -1.22953462504755, 8.79082004769232;
  -4.310982655750427, -1.286495686994005, 8.895419856569182;
  -4.306510043584975, -1.394529252026768, 8.902517868761102;
  -4.20911149071144, -1.196348213642965, 8.802584948767509;
  -4.193555929049984, -1.105366310021896, 8.835442166952477;
  -4.183825695353102, -1.283673481465598, 8.843164156167195;
  -4.305385802704317, -1.368145032340503, 9.076955100739852;
  -4.118705324539733, -1.169210246101963, 8.798988883762796;
  -4.386614892964039, -1.746265197915336, 9.316097170492267;
  -4.161291129128922, -1.358422654964976, 8.980266921842935;
  -4.095660412747849, -1.254764218660395, 8.861500903353072;
  -3.66919164438369, -0.5306423815856797, 8.055262988543092;
  -4.104937167768054, -1.39207276435351, 8.941185175516473;
  -4.377734243188922, -1.835353609215672, 9.472840223599782;
  -4.318934134109968, -1.753299641694153, 9.386087133445496;
  -4.093872136827283, -1.313218495895174, 8.956565228909328;
  -4.02153437547261, -1.167856925443281, 8.816833949271736;
  -4.120231776490947, -1.414037741824035, 9.053705563009114;
  -4.204154761606515, -1.603521784411889, 9.238490089395908;
  -3.985707915352192, -1.159442848399002, 8.818681031855169;
  -4.121140068659523, -1.477109877515503, 9.126813495881372;
  -3.895957457255213, -1.059836790759826, 8.723075506525902;
  -4.170566254916303, -1.747344238927293, 9.337655782547301;
  -4.029093643047907, -1.415652698258923, 9.05769615221082;
  -4.136904548442536, -1.6729268020984, 9.283769926242764;
  -3.899237069277233, -1.115978109220608, 8.820585488367621;
  -3.898861780089284, -1.039453746641028, 8.823870967385798;
  -3.976451836710595, -1.342068558660353, 9.001242438340675;
  -3.917906337006015, -0.9430673947118905, 8.895967031124984;
  -4.040965491906528, -1.535565126389064, 9.154579742397781;
  -4.16599270997121, -1.826598144822693, 9.4499577118549;
  -3.898011059282524, -0.8187567591416047, 8.916774743446318;
  -3.820261243007993, -1.168620660809787, 8.776380484210558;
  -3.851705523060939, -1.086214233957982, 8.844786461618268;
  -3.908508275648544, -1.329256071170899, 8.975027457883455;
  -3.995327124381282, -1.430467328096605, 9.169909269239145;
  -3.785175597789657, -0.6035949424880222, 8.744501599272356;
  -4.023416043669434, -1.684423922762092, 9.327835063682088;
  -3.894231542555107, -1.366108503981613, 9.058245499081956;
  -4.049683147813724, -1.825410375658451, 9.428425298291153;
  -3.61924548766593, -0.539616771266224, 8.529860096710866;
  -3.7282368287908, -1.222465202822604, 8.811700514915723;
  -3.934743419595063, -1.685725271538557, 9.30857784677373;
  -3.624075522670067, -1.074614870987479, 8.73499399039178;
  -3.733441974726086, -1.351971824487649, 8.993053206932673;
  -3.952619044554694, -1.846232962449273, 9.494517858614445;
  -3.899996097000593, -1.766847370846403, 9.400085630830482;
  -3.713501812504076, -0.5380683580710516, 9.01414461426362;
  -3.603801730123528, -1.167967687249904, 8.815456474129256;
  -3.652866903973922, -1.306074311795244, 8.923577945362988;
  -3.611932725262796, -1.10176848989668, 8.869349519260991;
  -3.873387231296205, -1.834648711312372, 9.468518934991947;
  -3.595749702095695, -1.082509858087176, 8.921689894059197;
  -3.59587934976331, -1.449801010431404, 8.948053629863484;
  -3.607003391048628, -1.37558369448282, 8.996801164665628;
  -3.612395888361101, -0.6018247590372309, 8.997794048631192;
  -3.552253681458251, -1.160031944971283, 8.876060232553691;
  -3.560160469518116, -0.5209361370306064, 8.892338206962466;
  -3.648971381580046, -1.54111355052966, 9.172873961959983;
  -3.499580077914481, -1.131377073086031, 8.843868847615735;
  -3.424104858251077, -1.186996241198096, 8.718150390329894;
  -3.476523888310108, -0.9303247068182582, 8.848732280930292;
  -3.456670413739116, -1.093157025729841, 8.812430604007631;
  -3.712727089438463, -1.949109184504044, 9.412775345393769;
  -3.759592040823223, -2.039816342064963, 9.520896661295693;
  -3.613729222757344, -1.48759938981534, 9.187720975648226;
  -3.516777202414023, -0.5130412370882259, 8.956642867001817;
  -3.492273151471481, -1.281815717494716, 8.92244298266292;
  -3.483606367166334, -1.330284075819607, 8.960987109451093;
  -2.87937620456146, -0.280248870065546, 7.571705209044838;
  -3.626308057544813, -1.625760106616687, 9.295430936925168;
  -3.472151829558971, -0.9118496583262965, 8.934337999366068;
  -3.709182363976805, -1.908039109875961, 9.517650777353355;
  -3.504771618532176, -0.7992670680484758, 9.055198953549212;
  -3.492477102808126, -0.7102323754109854, 9.027311353895794;
  -3.491691024005609, -0.5738091185968638, 9.037264909297921;
  -3.356454563369876, -1.083177642516139, 8.738382850099024;
  -3.417794767931745, -0.4854690887539558, 8.908333886779069;
  -3.718955576888364, -1.867394324181148, 9.630685098271012;
  -3.573881339626547, -1.568211983687768, 9.305933281466025;
  -3.695503069712821, -2.059719933599425, 9.613489080299543;
  -3.340457211324277, -0.9223947577056938, 8.772755286099542;
  -3.431305475637977, -0.8615704695189984, 9.003528616258834;
  -3.445434055843672, -0.6361864307727205, 9.043064069642417;
  -3.295313745772708, -1.183918810162025, 8.740913514491954;
  -3.345126044764164, -0.5621192765406384, 8.851988593184691;
  -3.284287896847116, -1.21741814032704, 8.721976891105831;
  -3.298741566075276, -1.118360875860305, 8.7600894360572;
  -3.544650539071847, -1.697523954256929, 9.360361654072671;
  -3.575602741251643, -1.896489196099725, 9.443509426675865;
  -3.401489925409944, -0.7266678991167542, 9.022262348003352;
  -3.324308120858196, -0.5474219856901988, 8.855249682355167;
  -3.343916279252954, -1.085235807729341, 8.914092479065564;
  -3.366040465579194, -0.7690535095540262, 8.975630081268626;
  -2.859366058912296, -0.2682533529912179, 7.771365210575747;
  -3.422028820106257, -0.7682085406869199, 9.119301352298463;
  -3.290985488430766, -0.771594297324545, 8.831038933457876;
  -3.38815462972713, -1.538009924341545, 9.11787693333371;
  -3.444824737575578, -1.687553595089295, 9.314379400370092;
  -2.692891497685811, -0.1654369102921362, 7.486364785398878;
  -3.279321712120612, -0.5964001773809405, 8.911991357224776;
  -3.19535888193992, -0.9892525794115739, 8.753705389770195;
  -3.518039316789262, -1.956047275288249, 9.54671151004993;
  -3.465946701897666, -1.894970985719524, 9.426678089315477;
  -3.366434079940705, -1.60558823458116, 9.187135365888825;
  -3.266845869637197, -0.8511316542319827, 8.976220134090958;
  -3.232633172136681, -1.331529862859607, 8.927538383035342;
  -3.245857619713373, -0.5929419578144939, 8.950042354053261;
  -2.772152973014446, -0.2376994104969488, 7.792354479359487;
