m=[-5.909447821849242, -1.618208055283873, 8.710724481177545;
  -5.779094027901441, -1.555519329158943, 8.671742171896096;
  -3.632475941241068, -0.7690878934543536, 5.882788605790557;
  -5.751144762516899, -1.776218577628013, 8.79916212213395;
  -3.576266159159264, -0.7497793483490631, 5.854101773458621;
  -5.611039516323537, -1.767020856635559, 8.756894299649689;
  -5.29396692753487, -1.351647585308867, 8.408857670614522;
  -5.453086304805453, -1.580631037934375, 8.638397426208865;
  -3.570443183387106, -0.773531581871491, 6.059249192463918;
  -5.289740401153139, -1.435352694279288, 8.513685234552048;
  -5.435293328998094, -1.729680996477649, 8.856917266382261;
  -5.375384750475129, -1.89438629352391, 8.876510303651552;
  -5.071629497670875, -1.441438592849057, 8.519566162961533;
  -3.678725245516462, -0.8033981847558199, 6.508077415172041;
  -5.236066380627657, -1.954587991894007, 8.919732547738409;
  -5.130721390838229, -1.741174024456527, 8.797379515168375;
  -5.187700672807677, -1.790461188659294, 8.885406553185611;
  -4.798895507665171, -1.253433840432577, 8.300584322610002;
  -4.944091690219191, -1.426615584509153, 8.569325118253586;
  -5.185478449628675, -1.995553009735326, 8.956060507635408;
  -5.122832977872261, -1.8515414925209, 8.897775147447979;
  -5.024151400395782, -1.926808294589899, 8.893810838503249;
  -5.0718337457748, -1.871603741806194, 9.001495303251728;
  -4.723850699274752, -1.37571463636532, 8.464118084387863;
  -5.003272291941599, -1.896659354468938, 8.910995400576516;
  -4.885034578515713, -1.51347583997872, 8.727242300549538;
  -4.934377186492385, -1.804234948178797, 8.843864412369257;
  -4.762680590684698, -1.52004776369305, 8.641781977331148;
  -4.491818039710418, -1.244468815777008, 8.292378907298758;
  -4.490432985721069, -1.288817482744312, 8.319505276788547;
  -4.688414611176045, -1.515895958890532, 8.641950921594267;
  -4.580645278245699, -1.386476964059238, 8.472732576015064;
  -4.526515221287656, -1.404827717448112, 8.477082994149765;
  -4.764242460729896, -1.793624293585222, 8.901362451229977;
  -4.655320460206856, -1.700626542007853, 8.725403872511354;
  -4.675168049810588, -1.74258031271568, 8.757634450120294;
  -4.361396125295874, -1.209778858073818, 8.272941536298454;
  -4.638651922809192, -1.78834303123377, 8.862734141427195;
  -4.272675391533404, -1.256196136986643, 8.251845667957245;
  -4.244699753890662, -1.163171934819106, 8.252801648496421;
  -4.233330840434451, -1.225954241499147, 8.288348772967623;
  -4.532763815797746, -1.775800431738807, 8.806713784579289;
  -4.237334793234575, -1.141262369297278, 8.357290599962614;
  -4.20582087749083, -1.312291210396535, 8.318769707433319;
  -4.369717301838411, -1.564668553219183, 8.626955721390603;
  -4.125585757063982, -1.19479795737319, 8.247102838537456;
  -4.319178834354979, -1.62914531624765, 8.67219160508105;
  -4.09541727136229, -1.277844174141989, 8.292237537508484;
  -4.039893950892897, -1.195876400527219, 8.286804326325859;
  -4.345938656021727, -1.847878689865894, 8.843585585082151;
  -4.109146846839046, -1.341056769610407, 8.41903622041915;
  -4.336995908134564, -1.784127462448696, 8.851768426094671;
  -4.115539968466293, -1.399042225814537, 8.470925102225332;
  -4.065803183990452, -0.9995216983590656, 8.387494029567868;
  -4.179699385422282, -1.457388354768203, 8.599178694110949;
  -4.004096462998857, -1.190872482236318, 8.291668289599855;
  -4.010679754681943, -1.107215774256077, 8.32465572582503;
  -3.912464624906368, -1.14401435496059, 8.280031839674731;
  -3.981818135491014, -1.365332823013557, 8.436244860176993;
  -3.926024476341899, -0.9702118389219926, 8.346092239194359;
  -4.00576313981038, -1.547358998666252, 8.520486609017562;
  -3.930375538892871, -0.9252660787986059, 8.377537467564796;
  -3.976165788904126, -1.387343560636901, 8.475851984477904;
  -3.952218541921063, -0.8555045290401028, 8.462766525606545;
  -3.853360616715452, -1.20223180035233, 8.27887619179204;
  -4.128734873112161, -1.773041658804865, 8.816551770084557;
  -3.924792982720833, -1.358296849234466, 8.441334737373978;
  -4.251687671605089, -1.887673460946233, 9.057714791050881;
  -3.964832707254167, -1.445176258295245, 8.537387601926724;
  -3.852057851440191, -0.9769515299543812, 8.341603216181074;
  -3.839164176966911, -0.762678860335018, 8.332600686621859;
  -4.044394339255631, -1.641207078872954, 8.74715971480291;
  -3.648955321259856, -0.5691504903367873, 8.028820981312219;
  -4.041937266430939, -1.715786700990705, 8.796870943440345;
  -4.060449708411887, -1.852822444914017, 8.877756764705932;
  -4.025786560179954, -1.665959966579377, 8.814700928015293;
  -3.764302223149379, -1.257242245888683, 8.318194445120263;
  -3.876969086918081, -1.457137149154038, 8.574593430562668;
  -3.804353348677462, -0.7445193054405394, 8.462179445102033;
  -3.948493979879711, -1.650530304369808, 8.751727108712602;
  -3.960806196806671, -1.717435127684421, 8.785342429659139;
  -3.874944943476266, -1.513530464929102, 8.628609339981649;
  -3.783543663104723, -0.7747585944916382, 8.463513257399429;
  -3.641002453913964, -1.099852295334898, 8.208211206634074;
  -3.876533420033947, -1.616689032854346, 8.69661611815093;
  -3.748860401116812, -1.380076350461159, 8.454465666180239;
  -3.903214244767336, -1.661638891765789, 8.764564580785198;
  -3.077249506990158, -0.1679086762485307, 7.125396150192056;
  -3.968496206537886, -1.875382668155634, 8.946672555729403;
  -3.901899124752665, -1.790144054422914, 8.825514065849806;
  -3.803355426889913, -1.520513667777948, 8.631672685198243;
  -3.745259438212997, -0.5724804859051257, 8.518018180704221;
  -3.612835439347896, -1.191206498024716, 8.261083078364331;
  -3.669113705283291, -1.334714714644205, 8.389512830222092;
  -3.65016648302586, -1.138727038868485, 8.385640491526972;
  -3.900998880401876, -1.910170388173162, 8.922539331597648;
  -3.655644359824186, -0.5091899432551743, 8.434782755348287;
  -3.678611043920679, -0.5589736763451713, 8.484523299663083;
  -3.864532536634696, -1.853151323669291, 8.867898706549635;
  -3.774961680414052, -1.648256827027663, 8.698770135265658;
  -3.566371170833685, -1.136650294967047, 8.301789051254428;
  -3.603797613879146, -1.33198028108972, 8.396276621028767;
  -3.883185250147966, -1.814798019682718, 8.972603104396169;
  -3.750786512266171, -1.558995664929377, 8.70758408552032;
  -3.573948518798049, -1.191976385570243, 8.346876260047873;
  -3.593885880459809, -0.6270548175979714, 8.394949387868127;
  -3.582085990799555, -0.5520493384531161, 8.373307249688958;
  -3.663096590354161, -1.416573605829872, 8.544091458379361;
  -3.84788765770382, -1.933287326113796, 8.966062917769747;
  -3.747444862750954, -1.656740916507462, 8.783696665134967;
  -3.521382416631228, -1.161191510146014, 8.319664817471017;
  -3.488257677491127, -1.224593296782788, 8.282353369667364;
  -3.54356157150688, -0.5444043476181638, 8.454456332225265;
  -3.612999466869499, -1.508219129693525, 8.603824260841162;
  -3.508258455368605, -1.310706511402377, 8.385278694765168;
  -3.400016819934634, -1.182482586068268, 8.162204114043675;
  -3.751757922750711, -1.960070144809355, 8.945074332766415;
  -3.672740583801639, -1.779101066264231, 8.790309544661483;
  -3.502255830771594, -1.359823406922244, 8.429748583253971;
  -3.505160326382182, -0.9460432333696862, 8.439994313817163;
  -3.525911577478456, -0.6697106121179997, 8.491778451747518;
  -3.659194724710663, -1.661697084968066, 8.788620970324349;
  -3.703716120831088, -1.853956591565513, 8.890628766421639;
  -3.530422903831926, -0.8327591112092677, 8.542844892556703;
  -3.525242110224115, -0.7450216402184319, 8.533124969219481;
  -3.701171981384856, -1.92763424815093, 8.92234543112094;
  -3.630120519354965, -1.783129687366465, 8.824202987907539;
  -3.648372727005771, -1.855711313108804, 8.871878840080017;
  -3.377268928715193, -0.9542829489525677, 8.293945571507598;
  -3.558814236653836, -1.585547899809294, 8.690722795818072;
  -3.439606100412887, -0.8925301751022313, 8.454355189699401;
