m=[-13.91953604971104, -3.16684610901766, 17.86497240556965;
  -14.60882410066158, -3.811150161468981, 18.75677096812825;
  -14.38747507053057, -4.038168292172236, 18.63813154023561;
  -14.27089498556971, -3.585651448895871, 18.63413623900121;
  -13.73211575207632, -4.047303779515502, 18.00806600314262;
  -14.34510693095131, -4.09822795027943, 18.84913031612136;
  -13.61809628944921, -3.792723431517306, 18.13490293395723;
  -13.79241140135378, -4.183708653839802, 18.66256909222727;
  -13.54524550015155, -3.93854259425556, 18.47167581337882;
  -13.87212008204908, -4.389334572215824, 18.94945636182546;
  -12.55797211957142, -2.860648967506814, 17.34936885701012;
  -13.7915622212834, -4.155276340664223, 18.96165042075855;
  -13.54795289197629, -4.002507617174232, 18.76049740103697;
  -13.34155495031391, -3.560582913460711, 18.48953643299939;
  -13.71178445938389, -4.420496272532503, 19.07212844495424;
  -7.520031772866391, 1.00262343274873, 11.00576201082178;
  -7.519125920895793, 0.7167802518658217, 11.01837009900345;
  -7.529084441703231, 0.7471079217747951, 11.03696619453029;
  -13.0273676807531, -3.548483974239945, 18.45174485774971;
  -13.26845040022111, -3.995871561359979, 18.79161970909454;
  -12.96377796284081, -3.478686475955913, 18.38426490530867;
  -7.201877972664964, -1.395081024427066, 10.64460729505617;
  -12.80503587474506, -3.110949692804192, 18.19674359745262;
  -7.498780563911157, 0.8091531131580674, 11.07327809607669;
  -13.20504049018993, -4.246872962955647, 19.12919912211468;
  -12.58505604095047, -3.466112751538506, 18.35911862390673;
  -12.87638049479023, -4.098922114580259, 18.92259955084923;
  -12.24882815334969, -3.35414627272836, 18.05518391525987;
  -12.88318609936803, -4.262300885587377, 18.966390228587;
  -12.66272377712255, -4.302101038165572, 18.75378115786557;
  -7.371527534397489, -1.524705198325618, 11.37196878107089;
  -12.55057288663576, -4.322395550080887, 18.80806059952492;
  -12.33457646010199, -3.809485721590188, 18.87171032238046;
  -7.354928481022195, -1.533035201962622, 11.64431994671589;
  -11.66188234242043, -3.87937767952519, 18.19900727440074;
  -11.69426112530284, -3.682740649257092, 18.25070172627789;
  -11.87493340955448, -4.195726075983497, 18.59725438080068;
  -11.7019875722475, -4.017940601110035, 18.37284313775004;
  -12.07988634976539, -4.414855365789915, 18.93642165602396;
  -12.07183105375219, -3.961875467788929, 19.00362502750404;
  -11.66231392916146, -3.26538704544577, 18.45698527682459;
  -11.77727621336184, -3.413760077254102, 18.65673617518244;
  -7.278797691744178, -1.52603076706226, 11.91489128032444;
  -11.7561343763769, -3.980129867048128, 18.68356061572823;
  -7.403039782732989, -1.615744673192503, 12.23618792440352;
  -11.66384014935631, -4.104188655516985, 18.7346734453319;
  -11.66472643757656, -4.019273320095218, 18.86353205697373;
  -11.62899762358055, -3.700712175049951, 18.94968010162474;
  -11.57844329825755, -4.147908004137658, 18.93570424738662;
  -10.83865993586021, -3.372975415422082, 18.16540762233428;
  -10.64930657857901, -3.026704039893825, 17.88921529609598;
  -10.45079780739269, -2.794020460040226, 17.59136595629857;
  -11.30078877588556, -4.472764962921299, 18.9825781364418;
  -11.14862789580703, -4.002913164769464, 18.74071181087256;
  -7.253919284219759, -1.524866616171434, 12.54699682227037;
  -11.18665096523876, -4.14640973834829, 18.8353553323186;
  -11.13187994712486, -4.359898396928107, 18.80211140033181;
  -11.23170910691167, -3.704048919717093, 18.98342541819377;
  -10.16818166915143, -2.605887451014272, 17.28782921215556;
  -10.88718373163887, -3.238968026800679, 18.46020607642964;
  -10.99443879242693, -4.104149275264791, 18.72922274319463;
  -10.18564472777113, -2.687366012540473, 17.41907107592858;
  -11.07964480571881, -3.94622012809992, 18.8769562925116;
  -7.222189953409923, -1.547869176968253, 12.65370008258115;
  -11.04784160501806, -4.276118649891163, 18.86958501779711;
  -10.93776049012408, -3.775012646945799, 18.73401240082036;
  -10.8376333158704, -3.67788546263185, 18.58272279141783;
  -11.01132300605184, -4.371157823804706, 18.8986425192321;
  -10.0098443285658, -2.614492772106819, 17.31389165960083;
  -10.89337861843114, -4.192152122385804, 18.81441779904366;
  -10.48295391728605, -3.024851958081006, 18.16953364651527;
  -7.325338756990567, -1.52013944245778, 12.99898729743697;
  -10.87690687784456, -4.300415771508303, 18.84897646580547;
  -10.87441989014201, -4.431322629357195, 18.96922075783044;
  -10.32468385037679, -3.072466630636529, 18.0919340031291;
  -10.73684508799398, -4.358700013110969, 18.89956858123064;
  -7.423584760165112, -1.649876770819233, 13.39902334456154;
  -10.81389854580874, -4.22625812738697, 19.1081765472129;
  -7.572887317572358, -1.765603948538407, 13.66363138693679;
  -10.49811898989247, -4.02612523693515, 18.58389149038129;
  -10.65388752088066, -4.477526925941845, 18.90714135146332;
  -10.72062070865977, -3.956114265284815, 19.02696771899057;
  -10.49966755138976, -3.980253625658518, 18.70025931003412;
  -9.925879296529654, -2.890687766471498, 17.78502747136066;
  -10.57924351584631, -4.412843693004489, 18.95078474573299;
  -10.62944050270058, -4.232297927913786, 19.08453762718693;
  -10.34191232020289, -4.050686653811097, 18.70603138822228;
  -10.05093901498696, -3.207837914351874, 18.23721368274286;
  -10.0749201307602, -3.284839775493656, 18.33912356803151;
  -9.586874332341825, -2.483360673910387, 17.51710079914434;
  -10.47506086316724, -4.485896113100065, 19.07921900286421;
  -10.19238015394544, -4.149163117241785, 18.60595683431187;
  -9.410866255724434, -2.607302762747758, 17.37347064116827;
  -10.00522437329601, -3.234969697244419, 18.44219531853094;
  -7.290285241903757, -1.58203683131933, 13.69994984508908;
  -9.494781182187062, -2.873895398625403, 17.56231642875886;
  -9.331903443075797, -2.678387661716017, 17.28938393781273;
  -9.207709969584608, -2.569460247217144, 17.26468633529429;
  -9.953570093044339, -3.747283072585797, 18.59694081739423;
  -9.567728373811358, -2.96939463482493, 17.91807240785289;
  -9.605603205590384, -3.580306602775186, 17.99344123060399;
  -9.965214482337537, -3.640374146168065, 18.67766607644677;
  -9.129456613752293, -2.532359657257791, 17.31726691498866;
  -9.202241647440362, -2.326383194704069, 17.44543753602796;
  -9.130155461587053, -2.73647931107534, 17.37976027085238;
  -9.201212008191671, -2.879670850502113, 17.59268319820474;
  -9.082971874498341, -2.390738224947927, 17.40709892495449;
  -9.820711273260036, -3.786186344557059, 18.76371724867637;
  -8.935428572499694, -2.627077843857877, 17.25705109810857;
  -9.691113479490998, -3.519303513497802, 18.67299253797745;
  -9.025754658972836, -2.956097120485524, 17.46524570124916;
  -9.623752884194152, -3.814615241427168, 18.60734233899451;
  -8.88812011004088, -2.435604981441794, 17.28081997529878;
  -8.761181919628191, -2.537200266117526, 17.1533324822409;
  -9.254540448566679, -3.416737879736963, 18.18428468841303;
  -8.799252234471357, -2.369946190985628, 17.35475518792138;
  -8.800372639964994, -2.745873397853803, 17.40641731160492;
  -8.646509376637733, -2.504088473721836, 17.28449151769841;
  -9.314555570783474, -3.751552175819516, 18.55497544326417;
  -9.003714363578771, -3.39609903798915, 18.07795859187575;
  -7.679405561662263, -1.73255682237747, 15.57815144680943;
  -7.304513607818542, -0.6583216259454721, 14.85807713436714;
  -8.630811597274207, -2.692969137678456, 17.47532306574326;
  -7.695586246311057, -1.157027783153126, 15.72018592626538;
  -8.626784145518021, -2.97046139902925, 17.5929351942581;
  -9.061645314571091, -3.852981506933478, 18.43961505761932;
  -9.049596739718224, -3.722769034006779, 18.47014301749293;
  -8.604119894842745, -2.808031365536256, 17.62857345807273;
  -8.454171013267922, -2.502576484353964, 17.3415594022618;
  -8.381750476093563, -2.284926266634979, 17.22402804666121;
  -7.507357362121299, -0.66601748803358, 15.54202171743975;
