m=[-8.530494561512789, -1.834345519944517, 11.43997302152651;
  -5.717232829469729, -1.487784344047242, 8.175975219696378;
  -5.50806522355494, -1.395592505254798, 7.939590564059055;
  -5.674685236022672, -1.760977875596224, 8.354268140633238;
  -3.637976194106489, -0.7591597876789002, 5.740779437285791;
  -3.605623238350683, -0.7628231639117323, 5.766123650889448;
  -4.950719560235172, -1.263473021488636, 7.853539334616145;
  -4.836265262896338, -1.260141543069246, 7.806072651184774;
  -4.767031213804653, -1.254680284988032, 7.826587843938547;
  -4.664658672254546, -1.256976716536209, 7.813258857772384;
  -4.770972769650597, -1.384575720495221, 7.987852385005026;
  -4.804623591242577, -1.527408565763757, 8.156629080527699;
  -4.719785687484261, -1.445576161977679, 8.033861489142693;
  -4.789050618523051, -1.557652887550004, 8.159572143830856;
  -4.536265518234056, -1.252714167127985, 7.814215246333272;
  -4.665737008297755, -1.406692257781767, 8.057106552966426;
  -4.697610578279715, -1.516246455474186, 8.107507150387066;
  -4.461609347958619, -1.239489885133873, 7.80215808640374;
  -4.640844652113731, -1.464092641422616, 8.095503199654548;
  -4.57971934325437, -1.416556255715619, 8.016296316078487;
  -4.408790663529092, -1.179802436282618, 7.757331687283605;
  -4.405305983768687, -1.215727145708785, 7.794216024201999;
  -4.815500290729809, -1.807227677992098, 8.426238678863882;
  -4.692176467591521, -1.708761291055623, 8.238371481404156;
  -4.815194399541955, -1.791702907174733, 8.433675883934843;
  -4.445915623363776, -1.122322303335285, 7.866834556957929;
  -4.726909919392734, -1.850479524318189, 8.355856494030705;
  -4.301936490510657, -1.175620497262264, 7.800998934354318;
  -4.302731001921415, -1.241543028925021, 7.852901173183557;
  -4.291924683819962, -1.150307535334204, 7.895721966601584;
  -4.239615095848256, -1.316886375126386, 7.822525534166171;
  -4.344135685976536, -1.400441003543796, 8.022486821106991;
  -4.17364003697119, -1.204948592346119, 7.78044070953608;
  -4.444143640287599, -1.653906108816263, 8.240356098793669;
  -4.133415341379536, -1.284041281521021, 7.80831496936661;
  -4.419491981910155, -1.659322889847065, 8.294157677970242;
  -4.07816717370453, -1.201189567409052, 7.800732740297705;
  -4.357308181247737, -1.658446355234956, 8.266249018317327;
  -4.142259406631223, -1.347495931642838, 7.922308279363756;
  -4.036904144174113, -1.196214258119357, 7.79475217921505;
  -4.032108530439858, -1.272591504575465, 7.806048350072731;
  -4.285798646755015, -1.650369946760791, 8.260510382902817;
  -4.227768482277529, -1.723446744540108, 8.323438126046543;
  -4.139084310363701, -1.586474343225204, 8.21224017967049;
  -4.178777779931997, -1.78745716996352, 8.352366240390818;
  -4.019534258345671, -1.458757361877003, 8.084487630527621;
  -3.904627815959724, -0.9856306219461672, 7.887173850213918;
  -4.108778189223196, -1.734978689487128, 8.359569673498584;
  -4.017218754575908, -1.588912375406341, 8.209330188412737;
  -3.799451522580033, -1.264237131615841, 7.828839288441767;
  -4.057388433361449, -1.673449441494092, 8.313332159921739;
  -4.036732793378588, -1.635778004778946, 8.279380587269076;
  -4.1504659001732, -1.884045731150632, 8.488814624132294;
  -4.080405431345551, -1.847887882325467, 8.427126307316483;
  -3.806659624260366, -0.7766967678006618, 7.94909255531042;
  -4.006370986373576, -1.668409101845408, 8.307360069312864;
  -4.024000479485418, -1.738406461990275, 8.350348755089291;
  -3.750557918266752, -1.135251568468437, 7.873942433256786;
  -3.789491051694165, -1.389312844585075, 7.975141797189214;
  -3.914278280885807, -1.562725116535533, 8.218996943742541;
  -3.921321279135646, -1.664722612019422, 8.244871484100235;
  -3.787999452102921, -0.5374530745600437, 8.015033566389919;
  -3.870232797488301, -1.595652433999959, 8.178085573053222;
  -3.780532260840876, -0.5779567862665305, 8.031184328462658;
  -3.836997227978912, -1.5283736208646, 8.141960233299299;
  -3.992815140344206, -1.879520904897132, 8.430932773269641;
  -3.986429768658727, -1.819631804258247, 8.435463888539788;
  -3.706279124248534, -1.149478229244129, 7.938682630871363;
  -3.712334018473008, -0.5640025414442802, 7.994509116826702;
  -3.664583972756053, -1.124768163784882, 7.937738084849296;
  -3.860700069381133, -1.67698439555027, 8.307788028252633;
  -3.942776907555021, -1.881994288204456, 8.468096823547786;
  -3.641050381167349, -1.339533582322979, 7.912129385203343;
  -3.842897985818726, -1.641479863076535, 8.296870083104585;
  -3.691392072188303, -0.6433732370453684, 8.041584760013677;
  -3.798177672886322, -1.5706525059596, 8.237845176492613;
  -2.97383845508572, -0.318229372043715, 6.679438879803376;
  -3.737556691089814, -1.440855910313832, 8.141063515749064;
  -3.900074324636699, -1.856138947258083, 8.468967542823682;
  -3.724869495527169, -1.587095203409408, 8.194072057394353;
  -3.549128738788035, -1.05578381035798, 7.870408725196449;
  -3.569346420940872, -1.099408552618911, 7.91751455552296;
  -3.600272085317904, -0.9810461369637329, 7.988633173594014;
  -3.629898673760269, -0.5940422233725002, 8.066453901363326;
  -3.58796195771615, -0.5515713374821811, 7.986511196128336;
  -3.470048814760058, -1.20335058645643, 7.755320664658449;
  -3.55156407268951, -1.322225743277934, 7.91651401559289;
  -3.755603854361022, -1.653411988822474, 8.336716043213967;
  -3.545701085882637, -0.9541664857839448, 7.964961102966631;
  -3.550469008824827, -1.372013693815596, 7.969825372909732;
  -3.599033114006882, -1.46318237227939, 8.080927628577296;
  -3.580094086121764, -0.9162478620067407, 8.051298407398738;
  -3.679017709785235, -1.663518321094577, 8.263886501746129;
  -3.565518928177512, -0.8363029205666128, 8.056325211046564;
  -3.527397968196679, -0.6077598810735062, 7.986085268642093;
  -2.865642336666346, -0.2959522629363231, 6.675606519656076;
  -3.533194314829705, -0.7004845926701254, 8.01547916974077;
  -3.519850764092469, -0.5319347661593814, 8.012049144050842;
  -3.480344522771527, -1.371357452936074, 7.944537192434551;
  -3.619055941498796, -1.66441340346691, 8.240536239681555;
  -3.53196536821774, -1.001425584213918, 8.078599572863569;
  -3.49249692539118, -0.6726684033790179, 8.016978608519144;
  -3.615701011033965, -1.603968163879087, 8.252492441927444;
  -3.516589100886244, -0.9064790065513793, 8.061958560376207;
  -3.341734086409866, -1.253032257009448, 7.714586488062859;
  -2.798269615607576, -0.2040287229399705, 6.630666500829429;
  -3.595787066125512, -1.538945162443081, 8.230519817675635;
  -3.458407249528553, -0.6093765423576563, 7.98277848205127;
  -3.47508792504354, -0.7346270463807573, 8.041362913405587;
  -3.431745271598214, -0.759566108787925, 7.956470385799237;
  -3.599083456832037, -1.787878297253533, 8.299275181633853;
  -3.438702032030716, -0.7984837809620674, 8.004109979803687;
  -2.764440657438896, -0.222480688654414, 6.639434040821396;
  -3.423358807956883, -0.7911149145799785, 7.98242409965536;
  -3.451931357259515, -0.8973363474243595, 8.048688872626697;
  -3.416359331492633, -0.826141350478847, 7.989681280100149;
  -2.792199632394312, -0.268895160264388, 6.727959058709287;
  -2.92276433919221, -0.3687887302710497, 7.0189673435509;
  -3.305019793356651, -1.100724242766071, 7.813125992935082;
  -3.375425263754663, -0.7776298339743736, 7.960697399735645;
  -3.272428113660766, -1.250983044957834, 7.742888170327279;
  -3.603236440346791, -1.809165784927962, 8.422954789002375;
  -3.324506143580715, -0.6303468024123849, 7.883967123251225;
  -3.536423617419055, -1.615928268296333, 8.312924237480935;
  -3.372147114434915, -0.8648733243862762, 7.987300733912043;
  -3.393849941531952, -1.402667498339559, 8.025747050988054;
  -3.591055213688665, -1.853242216393257, 8.46295876058648;
  -3.53098877145475, -1.741945346113366, 8.361509183311295;
  -3.558943778802132, -1.81828557777073, 8.436132538361209;
  -3.361483907916901, -0.9035878929449552, 8.064579376330276;
  -3.491305505683048, -1.674429785097903, 8.327527550993482;
