m=[-7.430646111817459, 0.8026211828706654, 9.91028976373668;
  -13.10941076246701, -3.816544987896561, 17.15672812846817;
  14.80085557302795, 3.710654517854643, -18.11721704407258;
  -12.20231602623715, -2.955600770157189, 16.23300702818853;
  -12.37113942724712, -3.426573954816008, 16.71197330785628;
  -7.203095362325825, -1.492372559040768, 10.33835298632071;
  -12.30507615361774, -3.354955331722557, 16.96948980128133;
  -11.7472523024487, -3.08379527497529, 16.41413904933874;
  -12.13773361813288, -3.290423955943747, 16.95479977308142;
  -11.37660699929663, -2.74532676077613, 15.97165325449602;
  -7.209711586813701, -1.469458579105692, 10.56459636675431;
  -7.208690718720183, -1.40858499773577, 10.57270521360888;
  -11.7855096761448, -3.367697062090779, 16.7468776274173;
  -11.80570700091177, -3.072176098169251, 16.88284713417963;
  -11.86612853783297, -3.572662012373688, 16.99534228018722;
  -11.59310440747141, -3.575917528700116, 16.63672277154106;
  -7.238038045123163, -1.509569050656471, 10.76307923958219;
  -7.181629358443415, -1.528612778565693, 10.8448378009114;
  -11.62030137448667, -3.642696259920474, 16.97378193659277;
  -10.89761793784382, -3.152547747981002, 16.18046099677393;
  -11.10064811042416, -3.392113184678621, 16.90648152294584;
  -10.98821684281763, -3.490925612665158, 16.79558459996076;
  -7.334599332519818, -1.530557808763539, 11.57410460713624;
  -10.99397577653113, -3.861050071186644, 17.01636580442549;
  -11.07443611253465, -3.756085304328363, 17.15153304351401;
  -7.231561712044149, -1.529944317678578, 11.56473548793697;
  -7.591633200232464, -1.607100757938908, 12.14112547301294;
  -10.38363654992895, -2.942158796652777, 16.30769361092188;
  -7.118796766692899, -1.467281917114087, 11.5577200713547;
  -10.05911408688034, -2.56718626741319, 15.95720524895848;
  -9.825429032038066, -2.582750701578557, 15.68473859279448;
  -10.78264454237367, -4.009423929836864, 17.21255265660649;
  -9.968545240702257, -2.859407848474619, 16.01719825575504;
  -10.48853945560306, -3.541387316317782, 16.84412278265617;
  -10.63686621849546, -3.66105012805859, 17.07477901412175;
  -9.851791598649735, -2.566991509412004, 15.9014852955637;
  -7.241320021504038, -1.604426114832128, 11.98710438767025;
  -10.02696963501062, -2.900707837174284, 16.26796512848685;
  -10.67783526943508, -4.093616027163829, 17.28520336731419;
  -10.27729513280425, -3.366384456968304, 16.78759933542776;
  -9.598361697881614, -2.526284106477389, 15.75874325488401;
  -7.348582644799445, -1.673073023280228, 12.31971564953007;
  -10.39007992217566, -3.966568796041387, 17.22475585934814;
  -7.469044506182288, 0.6901728956775043, 12.69618923345091;
  -9.414219671507876, -2.536831901941317, 15.76872830480276;
  -10.38888402479127, -3.826806505125826, 17.29488171157365;
  -9.655289769017307, -2.802044873022051, 16.16547256357696;
  -10.3063358542424, -3.892252598957041, 17.19753792203349;
  -9.558473728262781, -2.702862313711981, 16.03904027966705;
  -9.96894418336216, -3.459363406366943, 16.72449964509451;
  -7.20201866913439, -1.554723277321467, 12.43161671421834;
  -8.83928962086182, -2.276979836270821, 15.07706389476497;
  -9.721782069971217, -3.090592410866103, 16.50430441440099;
  -9.567663010550193, -2.930384235573, 16.28575628028673;
  -10.02858284493537, -3.873867491882726, 17.12741692317377;
  -9.180990101756981, -2.535379889581531, 15.8152631368706;
  -9.254815064237636, -2.639883325414027, 15.99174975529005;
  -9.46663408484854, -3.055542841884334, 16.3382643695242;
  -9.488023316746565, -2.860583208522867, 16.38455290216787;
  -9.550381243651511, -3.012952156293829, 16.65971341675646;
  -9.201356668246952, -2.846078192253078, 16.10596546079557;
  -8.910591024147907, -2.384494479625084, 15.67831529762795;
  -9.855577813058071, -3.698737811448457, 17.24544615453792;
  -9.384755389561329, -3.417669144898853, 16.47744957917186;
  -9.803709725333643, -3.647897417734244, 17.1709184350914;
  -8.919688433971821, -2.461555996427605, 15.78141876616642;
  -8.79799384173244, -2.303909456920937, 15.73159807713783;
  -9.639365690806148, -3.876550149543774, 17.14926959632014;
  -9.02870720343341, -2.169491283658502, 16.18809876062188;
  -9.468502941002633, -3.638382773771246, 16.94933340287124;
  -8.741879751248202, -2.562659355885008, 15.74523992088759;
  -9.346071422041691, -3.728705611755057, 16.79960920290607;
  -8.675571370093516, -2.370834518510737, 15.73201351584358;
  -8.756248574338498, -2.526595172263844, 15.98100245434899;
  -8.293499815266387, -2.505342888649716, 15.29512130667289;
  -8.74781196401625, -2.344559786388997, 16.09308088382117;
  -8.611346556717377, -2.674810022998964, 15.88881933868051;
  -9.31292256272233, -3.637624404200836, 17.17925682532045;
  -9.197947135991202, -3.896021722980901, 17.00559184266709;
  -8.424169286036866, -2.432095444978021, 15.70421720045359;
  -8.92534433339917, -3.351070261649162, 16.75038975846158;
  -8.325756928772023, -2.58638794157205, 15.72794580003206;
  -8.953851889831357, -3.872121647690273, 16.85340381393621;
  -8.59842089775119, -2.844748401726389, 16.22784698254807;
  -7.540178135500938, -1.265138395972759, 14.36597751155715;
  -7.480874302948198, -0.7677622285357585, 14.29181309809162;
  -7.476378173696305, -0.6681609193220341, 14.34386995054126;
  -8.864973158624549, -3.374120400170222, 16.81773990310355;
  -8.269006937776062, -2.435565891102755, 15.81698601400493;
  -9.000263258831206, -3.806711121561612, 17.13397091773798;
  -8.422759714599277, -2.739962260803467, 16.10901019748761;
  -8.97797142906539, -3.676735214687236, 17.14605048420543;
  -8.337419477147424, -2.044807243775843, 16.05323254262628;
  -8.556841653318148, -2.973059996130428, 16.45604910374318;
  -8.691332878983438, -3.454011163403816, 16.70481495696677;
  -7.883328613365104, -0.5507248476168863, 15.26864557988228;
  -8.218818150039429, -2.435397796144274, 15.8695000915605;
  -7.018164781087427, -0.7175960630921245, 13.69806425698436;
  -8.669098033796583, -3.338285355830618, 16.70894510473546;
  -8.167495427532096, -2.577779148618911, 15.8120407040131;
  -8.160470363049019, -2.238353553515562, 15.80415167550765;
  -8.101231316467025, -1.515631758462184, 15.7877592834369;
  -7.986298460621497, -2.327448204355273, 15.76252361404786;
  -8.124365140524056, -1.510916383335703, 16.04186420208771;
  -8.764089212496634, -3.698606204654283, 17.22490912497483;
  -7.606720189264164, -1.163213055978968, 15.10898299390906;
  -8.057653765616255, -2.756894417507419, 15.94937574534354;
  -8.601821426496333, -3.813210466766264, 16.98220953422479;
  -8.020523457495719, -1.977696854965306, 15.91060353041788;
  -8.330625443589343, -3.193054921877698, 16.52855845877134;
  -7.97052631797332, -2.042808775068008, 15.86552134208168;
  -8.837771051040937, -4.004089432927159, 17.48166245519144;
  -8.125047758091043, -1.758319056607002, 16.24518240428936;
  -7.921888576752234, -2.466399214425217, 15.86603900461991;
  -8.528494942490983, -3.766560047188496, 17.00404919866288;
  -8.445374056449088, -3.612478386077155, 16.88026041856328;
  -8.084871871803893, -2.784007462111949, 16.22405587189603;
  -8.668931255334515, -3.843849467458712, 17.32464735466458;
  -8.118168719215801, -2.946221532887163, 16.32806946644818;
  -7.889096530373207, -1.991415183808981, 15.93562275048207;
  -7.801167839904602, -1.532541394951393, 15.79963769230017;
  -7.421993001700861, -1.153284532813616, 15.2023912184662;
  -8.396105315986224, -3.545351714564014, 17.0824084782947;
  -7.652691021013523, -1.307519222738576, 15.69263831683039;
  -8.411417289587041, -3.818244799146951, 17.20360167145237;
  -8.098034548040989, -3.281511924037605, 16.60915236749406;
  -8.269461049247839, -3.410697595659101, 16.9436024218606;
  -7.708693746162982, -2.565006241620965, 15.8839043224705;
  -7.935596304832873, -2.970722013008588, 16.39724001134983;
  -8.239235451615526, -3.731291805884614, 17.01622032288777;
  -7.752280335442094, -1.514470270382192, 16.10651440487723;
