m=[-28.7805036869827, -8.103429273253273, 35.75813905151728;
  -24.88102007880961, -1.254740252936971, 31.36389470536421;
  -28.04489993297716, -8.267070696672153, 35.46883987326758;
  -28.93893345487113, -7.128863147008694, 36.67658332536917;
  -28.55282738597151, -7.232470145994935, 36.36204892111241;
  -24.85539343673529, -0.5083590126702239, 31.90981707758285;
  -29.43013156029104, -8.036704173567587, 37.77094000061608;
  -15.7447245183998, -5.050236894992805, 20.61320457892994;
  -25.22009372373852, -1.046413688154692, 32.63011217848562;
  -26.13294107783403, -1.899121900602132, 33.80530826613534;
  -5.589445057201902, 0.9434958993679697, 8.03243156977309;
  -5.598675118297768, 0.9839255077470497, 8.047100274976392;
  -5.595733663984343, 0.8694193146035708, 8.075978861737946;
  -24.80378895398195, -1.654712467710823, 32.57664856420347;
  -26.64042308751312, -6.823080276496767, 35.01203574062328;
  -5.58080107667433, 0.7211141598377977, 8.102646636737743;
  -5.543060303372082, 0.8209038747257945, 8.064074561157346;
  -26.5853252000739, -1.385968382276729, 35.16461192593088;
  -26.02232776342708, -1.9990385480306, 34.45724085019491;
  -26.17415839732463, -2.055086899165629, 35.01072811341518;
  -27.03519934130902, -3.154574555589706, 36.25888914329325;
  -25.15547432374523, -1.831540072248313, 33.85633925700057;
  -25.60622055601251, -6.793641612861737, 34.48435345605436;
  -26.618473010671, -1.280102783156427, 35.99120055618151;
  -27.78304621772481, -0.7941625645506838, 37.64689852465712;
  -25.80514024838773, -1.026572846090839, 35.10033419607977;
  -25.16338636623845, -1.548251608560352, 34.26323128456022;
  -26.90779899091352, -0.505769386061793, 36.85836639325096;
  -26.47805255435932, -0.334119209945724, 36.40455135864605;
  -24.91324489698863, -6.509326368445833, 34.38894875495234;
  -25.62730736841204, -2.833093414818597, 35.60260519346774;
  -23.44297374114825, -0.3142991735538152, 32.96803157601759;
  -23.56468679374927, -1.621085694355142, 33.2602912562241;
  -25.90416465672226, -2.775289589317953, 36.4830680654864;
  -23.70268422705725, -1.495355110748999, 33.63430829080816;
  -23.72117713894009, -1.033147739843339, 33.82665809154405;
  -5.602516276510649, 0.9127533782740225, 8.74778398535681;
  -5.496688990226803, 0.968356801000538, 8.609704519259585;
  -24.83681244242926, -1.450279296676358, 35.60093485038093;
  -22.60535886932993, -2.031928467104827, 32.60305014444128;
  -5.456218647481428, 0.9218669242075906, 8.638266430252603;
  -22.93890675244227, -1.918233523872507, 33.45677720410546;
  -23.39395942299164, -0.5258512999708845, 34.1685400252412;
  -5.451069058552917, 0.9785082150449718, 8.695169479750417;
  -5.476053375849525, 0.9600374153942382, 8.74059721926931;
  -21.19575639888107, -0.8523396948310572, 31.19872005786984;
  -22.88537589368773, -2.134705860668531, 33.66359931367697;
  -5.485852855097187, 1.021194274186043, 8.815361586020954;
  -5.52022700721428, 0.9983333217878082, 8.912589355209967;
  -5.486742457277723, 0.9455841383420355, 8.886017502411923;
  -21.58338647026944, -0.3199819411016093, 32.22697847888783;
  -23.77825586195797, -1.385227059754919, 35.42518783801471;
  -22.12054718150755, -0.7448441933025148, 33.18396371147963;
  -5.481532595328975, 1.010887576441898, 8.948249436242294;
  -22.74538130444525, -2.088959120463452, 34.24385909178606;
  -21.82685941852586, -0.5694825993651864, 32.92281173146972;
  -22.64998897199615, -1.762238269555987, 34.18337376560343;
  -22.16652804466254, -1.47184158853596, 33.58400428434534;
  -5.483951661811526, 0.9366324655708599, 9.036314576836444;
  -23.56738413073822, -3.504014999159032, 35.67586428885904;
  -22.00256058136818, -1.261769294188291, 33.48347579195227;
  -23.6186221588739, -5.188759622364566, 35.88870415047383;
  -5.527571962174055, 0.9844147489738373, 9.180246076807469;
  -22.16958761004559, -1.741461014729832, 34.03992891318039;
  -21.34359836777842, -0.7949371458874057, 32.83185163708456;
  -22.35226465435723, -0.9534455294748169, 34.39140719432481;
  -21.67989590669511, -1.945852652604006, 33.65455274552821;
  -5.482949602133039, 1.007079496840132, 9.229777196486172;
  -22.66660895044716, -1.842792339241267, 35.21316298954126;
  -22.75360034956303, -1.449214923433009, 35.60820423178723;
  -5.399349969764256, 0.9802815284341935, 9.208735381199638;
  -21.52540226596933, -0.8352814797324752, 33.87696131661681;
  -20.88518168914458, -2.097155560699996, 32.98630138572212;
  -21.55104308009543, -1.586843421876397, 34.16367166227239;
  -23.11416365481477, -2.812579942030287, 36.56895888836227;
  -21.46477598657471, -1.758414215988726, 34.10232963437217;
  -21.81642835938248, -2.04123436608562, 35.06938099247721;
  -21.22562757192197, -1.558415032671787, 34.17371981533078;
  -21.13962057793532, -1.211464897296483, 34.04592434467275;
  -23.23333822186178, -3.689682822428262, 37.32319055154242;
  -20.50985764900117, -1.665870588707271, 33.08951103598014;
  -21.59568054473106, -0.5623845179579842, 34.83519876187428;
  -21.21538306316218, -0.8280525834651524, 34.31227165378462;
  -22.10636852182047, -2.690609897173276, 35.70653034841276;
  -6.480089480713581, 1.949556483800643, 11.21558186185126;
  -20.1858899392604, -1.687822575606555, 32.92567878047392;
  -5.256418922717868, 2.030400898772609, 9.305381534522276;
  -20.55624009155939, -1.393336080555832, 33.62849880278594;
  -21.67713395064735, -1.202724880261255, 35.47163896536143;
  -21.04496806964226, -2.211973940758157, 34.51986518448709;
  -21.66635874426547, -0.6996657482621875, 35.55344267368886;
  -20.96487553845281, -1.979419807350063, 34.43012599604455;
  -26.79927481714928, 0.05374155744393259, 43.78864591535833;
  -21.36103968479227, -0.520324519898465, 35.229519350254;
  -21.63165998119235, -0.9394092736710867, 35.70578328473996;
  -20.3354583921566, -1.967859331828681, 33.85614951160846;
  -20.46329401458461, -1.611008149905465, 34.0832118255356;
  -6.160581411331269, 2.06827651456145, 10.95637814572141;
  -5.253586983959175, 2.022047333206225, 9.488839550337383;
  -20.89115898462165, -1.265091617018629, 34.91036034289696;
  -20.27845436772465, -7.213074022739217, 34.05220535628735;
  -6.039498958286357, 1.733137913104355, 10.85188682494665;
  -21.97691219564323, -0.7399957070945086, 37.10702257077476;
  -20.34845626952911, -1.689859857344719, 34.54611486080363;
  -21.16265135112197, -1.384455768982373, 35.9281468947052;
  -21.43707595188552, -1.585115594290709, 36.53196183454462;
  -6.88557199507824, 1.507981554125311, 12.48422226729107;
  -6.882484150812717, 1.486569635227585, 12.57707017421737;
  -6.88476083994491, 1.729801203799531, 12.61653547822685;
  -6.867404160148505, 1.788670750961319, 12.60830232667876;
  -6.847555510588129, 1.440274980126419, 12.57611062797904;
  -6.723814921644309, 1.781412534957731, 12.55877789763439;
  -6.746582616520775, 1.459337609533419, 12.59776732291097;
  -6.74901536082427, 1.557230992662099, 12.64482220653421;
  -5.24238146902763, 2.006804915840299, 10.06632505905018;
  -6.676813586526222, 1.47296887710268, 12.5661801772487;
  -6.642229135000779, 1.512168171359468, 12.55397247421014;
  -6.643345136993414, 1.705734121368412, 12.56584056922031;
  -6.631325653135495, 1.650194259002082, 12.55999365487104;
  -6.629712991478554, 1.608586715703248, 12.57969500075803;
  -6.62892333308064, 1.558781190232868, 12.59794427214931;
  -5.153376549422728, 2.033354890957936, 10.10243582113943;
  -6.516427893770422, 1.248673150276761, 12.55444794221818;
  -19.26453102859768, -6.286371385348682, 35.31010862464582;
  -6.472466253919992, 1.165231075570503, 12.59112240621961;
  -19.49572465388777, -6.95857043485791, 36.29124404060618;
  -6.486412555968662, 1.979909765945275, 12.81285772169681;
  -18.07914606173753, -2.19154296972476, 34.23901690150878;
  -16.94492857474851, -1.667093652502855, 32.16151789403271;
  -18.84386849148888, -6.777678458522847, 35.69710893123947;
  -19.26257800032057, -2.699914256962816, 36.61647274344014;
