m=[-12.02440906347711, -0.245931199399876, 15.43716033536992;
  -11.95349409937268, -0.152630870985503, 15.42150476374792;
  -12.18057876024413, -0.5053876676266517, 15.75940421551806;
  -12.38241744940289, -0.9512188926446451, 16.39607126005782;
  -12.75398327997453, -3.41364850038916, 17.05278833889786;
  -12.10651686399893, -0.8814610484539153, 16.29396197793982;
  -12.89341439861955, -1.504454858389434, 17.29230391298647;
  -12.80247709256266, -0.6156809427391244, 17.31040396155042;
  -12.48813649616156, -0.4967995407828266, 16.98645154733923;
  -12.25748232080049, -0.7541777741624492, 16.69016028333455;
  -12.3526259533964, -3.227491006107787, 17.05092301933698;
  -12.28777786335229, -1.316473332837759, 17.30593679058953;
  -2.847585035638444, 0.5230295211512813, 4.793510306344276;
  -11.47693739156035, -0.7240571076175861, 16.28587069566549;
  -2.830504614306597, 0.5138935992462914, 4.827501112981578;
  -11.08246859058247, -0.9961701358146637, 15.98392139101067;
  -11.0185523577832, -0.9214108041567347, 16.07074196362363;
  -11.11938637373643, -0.2499424605208666, 16.24065390118338;
  -11.02568746276247, -1.028455890521356, 16.21840631451644;
  -10.33954032504806, -0.3481535293560666, 15.51077955370867;
  -10.8440869617225, -1.146479590795896, 16.31913174050327;
  -10.82489483285314, -0.9941694309924336, 16.29720638128766;
  -10.78369116460919, -0.716029371041775, 16.33812609460489;
  -10.50899682213998, -0.6026539253857161, 15.99258138117789;
  -11.36179217438716, -1.68927913151188, 17.19926799864827;
  -10.58490414904682, -0.3942321884409997, 16.28225928102667;
  -10.70164585671525, -0.4564833388423058, 16.46565419652045;
  -10.35233784897388, -0.9291614752567998, 16.07034008268587;
  -3.195960337293681, 1.072971732008326, 5.683903459129861;
  -10.68010114311925, -0.8682908242643761, 16.59181323150788;
  -10.36874396447524, -0.2157024660967624, 16.25157553096379;
  -10.36742549372006, -0.4814719870934002, 16.32168285989129;
  -10.49750941107888, -0.4073501199210549, 16.52111843699037;
  -11.0425593468756, -1.343681795782036, 17.47045252463973;
  -10.57327491748333, -0.8661724182953655, 16.79837268166128;
  -10.1837986774326, -0.7477086316923897, 16.39613629698701;
  -10.34252739764408, -0.5927073688659694, 16.65691699691266;
  -9.765336070396577, -0.816518604212911, 15.92846882672709;
  -10.66448684641195, -0.2188202584728159, 17.35113496753133;
  -9.940550665767358, -0.673787027273248, 16.2620106923178;
  -10.30041946718209, -0.5715040926772205, 16.85521533259486;
  -10.13213750906835, -1.064958809159098, 16.61965082039062;
  -10.33125133732435, -0.333624250513573, 16.95308180320103;
  -3.542968745281244, 0.9227947589031434, 6.504760755702143;
  -3.542328682526976, 0.7450728022487523, 6.505784045596768;
  -10.56178749277911, -0.2572701089246323, 17.41894132217893;
  -10.42967694260015, -0.4529349689201258, 17.21549732966001;
  -10.10827549141009, -1.142698027040383, 16.73169848262405;
  -9.722284619272505, -0.9408240594226839, 16.18646185971683;
  -9.808798872499207, -0.7722146255200807, 16.33731937229616;
  -3.483495472319054, 0.9229198858347069, 6.506491694683847;
  -3.494549299642399, 0.7558978391295179, 6.525306437000165;
  -9.951680110506414, -3.539826260227875, 16.71116785421297;
  -3.484833164980803, 0.8040713968833059, 6.529114757450246;
  -3.459969608729231, 0.7633023572297811, 6.511878899664925;
  -10.46751613116134, -0.3524570208974801, 17.67392770563801;
  -3.44249004688034, 0.7837163960037947, 6.506388806063538;
  -3.435947544707705, 0.882208111332958, 6.499070597819489;
  -9.973181311255592, -0.8282337748219463, 16.93173489638037;
  -3.436183591144375, 0.8550885194881781, 6.508267933024629;
  -10.28067413666605, -0.6725593301796088, 17.45365287318557;
  -3.42975584162851, 0.8321717232767906, 6.507865796032385;
  -3.425930713299266, 0.8056023710942809, 6.510813602415191;
  -10.23792769980007, -0.7570201685433932, 17.44694961352818;
  -8.961606619822684, -0.04368826375228058, 15.40980744694674;
  -3.362355765825559, 1.026324021159377, 6.641789381344113;
  -8.769748020213722, 0.1582186242423415, 16.03142993414896;
  -8.418084937574241, -0.07938712637962038, 15.50305203773669;
  -9.506914129983571, -3.102281226622009, 17.42529678592108;
  -9.252633733438881, -3.302524255195474, 17.22375519761013;
  -8.215532891051138, -0.8082691333978112, 15.59310249783552;
  -8.328679428835864, -0.7266896498134913, 15.8120669951017;
  -8.81443569297698, -0.1844241308493241, 16.74542188984084;
  -8.838916884271127, -1.238895318765526, 16.80200641726463;
  -9.124937030954788, -3.282016597495006, 17.28593421949514;
  -9.057183196558915, -1.371973803603504, 17.25421685804927;
  -7.951913719965824, -0.5141770152975979, 15.32658852404354;
  -7.807117936010277, -0.6309359963418522, 15.17010121313333;
  -7.367104153025739, -0.8560721084059916, 14.40679023482355;
  -8.328183054404992, -0.3385035333527606, 16.1778866656774;
  -8.451672832986057, -0.05884548825075325, 16.42698184445554;
  -7.788532260883632, 0.4018440113578398, 15.28932081559506;
  -8.911727828811172, -0.2652734733640026, 17.34457248057807;
  -8.100567347781205, -0.418080665828638, 15.87190458541978;
  -2.706922692665365, 1.024137605601419, 5.986720430863977;
  -7.268524664224005, -1.282474834942968, 14.37235298245858;
  -7.141562665932277, -0.9148819335884083, 14.15823603438337;
  -8.513763445461059, -0.06094320665325928, 16.74760541783061;
  -8.033311902145748, -0.3643284287801369, 15.8832102999112;
  -7.922992220579824, -0.4228709814913756, 15.69428363656709;
  -7.181031758990646, -1.184547384896757, 14.302996458389;
  -7.249265829822366, -1.063954647697712, 14.43426172931111;
  -8.83417629642857, -3.028701736802093, 17.38662481780959;
  -3.073035076637797, 0.5450561112954289, 6.740301864985904;
  -3.059758343517554, 0.5867010930511855, 6.723692606669132;
  -8.782435169713578, -2.636603743526337, 17.3829219277022;
  -7.159354455081047, -1.235929960187876, 14.41260401922192;
  -3.084095951046524, 0.5765086600214505, 6.793262108077476;
  -7.183408629735028, -1.18017541018874, 14.47294596469081;
  -7.474685170693526, -0.5553681639605411, 15.05251521894246;
  -7.978551259049254, -0.1397717617169877, 16.04247975587672;
  -3.014637683486179, 0.7312614448219279, 6.698087325936568;
  -3.010981529616472, 0.6050525873646562, 6.725617844266389;
  -7.372364547996324, 0.4498909401413551, 15.0268732991675;
  -7.268619863809295, -1.354509304334868, 14.85116129952016;
  -8.608245638100865, -2.658504147918907, 17.40807752205578;
  -7.546203003725724, 0.07685507647024968, 15.45141877926315;
  -7.277146898140108, -0.3231246139120883, 14.92830576553044;
  -7.208269559506565, -0.8283594988252484, 14.81296520613654;
  -7.39592675212266, 0.3899920549986674, 15.20733629937703;
  -7.307605178754621, -0.659454377884024, 15.02750630623568;
  -7.030410228004122, -0.8481183837217236, 14.49351913122237;
  -7.269645675835038, -1.444844960976321, 15.0073309927544;
  -7.240519394728135, -0.5656799681743863, 14.98228224741387;
  -7.165288990945685, -1.166803597499291, 14.83337878702482;
  -8.60988461018013, -3.436236119908461, 17.63374477115885;
  -3.015337550879426, 0.6630714862731383, 6.857171336634947;
  -7.388288114375976, -0.01328936555360484, 15.34007815031699;
  -2.684516266557874, 1.0043747361257, 6.22321508917845;
  -7.227349370839196, 0.05540478098369536, 15.04872789466744;
  -7.203903972395133, 0.2898502412682199, 15.0096340497238;
  -7.220548433429371, 0.1880704598628078, 15.04049930559241;
  -8.371434422167205, -2.630235259458858, 17.23753780559911;
  -7.177039654737812, -0.8015672277624657, 14.9572649989649;
  -7.193908216202651, -0.6822001349364083, 15.00641086066203;
  -7.160343056457108, -0.3835375446945804, 14.96722015940185;
  -7.357822688057785, -1.413462377084592, 15.36944740286298;
  -7.172082649467844, 0.05688371693926953, 15.06199847557434;
  -7.247658935481399, -1.302762618452579, 15.18760737511783;
  -7.142589634353469, 0.3220095261418051, 15.01539534634113;
