m=[-4.776669114379144, -1.25087245986253, 7.301206637619379;
  -4.683002961325098, -1.255467677763379, 7.302980425209809;
  -4.664496208719381, -1.19203950825585, 7.383942735622806;
  -4.51806255263526, -1.241421607496644, 7.24747996595397;
  -4.471181862821565, -1.103219755814593, 7.317299532766006;
  -4.612001364642798, -1.417081875135321, 7.525950243921542;
  -4.464405474891832, -1.077473514006383, 7.330286174827317;
  -4.391050865832154, -1.203873730564007, 7.232688904838114;
  -4.368793234589935, -1.134532024420797, 7.269995434132614;
  -4.577065006041321, -1.543874339379851, 7.613692108372614;
  -4.329226942969451, -1.260225287512007, 7.258084372574365;
  -4.294019972413175, -1.164785756141978, 7.247025413939633;
  -4.238911063445017, -1.214545985800889, 7.207918346037225;
  -4.466263495005148, -1.457280693215475, 7.584492996641163;
  -4.178352951185319, -1.287330267640284, 7.179848085133102;
  -4.261565130158455, -1.132479969225981, 7.306484417186004;
  -4.499883244315186, -1.554842569662209, 7.668838719144868;
  -4.480853351957756, -1.635937828820894, 7.693694443575274;
  -4.441255340703497, -1.571464609626895, 7.654554431340275;
  -4.307731646711716, -1.569079902097179, 7.624363842995106;
  -3.991863819713438, -0.8496708397325259, 7.311062582921839;
  -4.091104875465878, -1.718772213828596, 7.790113812760779;
  -4.032998315377976, -1.652719446786347, 7.728161226110908;
  -4.058121042988618, -1.631144939785035, 7.772975519071713;
  -3.904724683160388, -1.45032312499475, 7.528722366563131;
  -3.748843948347838, -1.115898153891193, 7.322390200927116;
  -3.820171291283991, -1.093659260977995, 7.444552115423677;
  -4.000832395144603, -1.653998943916719, 7.751853144717766;
  -4.013873240040714, -1.720880312746339, 7.786278529228125;
  -3.772156993671667, -1.372001345458464, 7.401526319549638;
  -4.010293253057242, -1.749474786051626, 7.804730976805939;
  -3.943410933382741, -1.660353850144569, 7.741530187517228;
  -4.001969537112509, -1.647498105939033, 7.83941908744377;
  -3.796325914694133, -1.44010181191955, 7.49431898903615;
  -3.901325047610698, -1.595698745446957, 7.696051069347578;
  -3.719157710071498, -0.6874839461157464, 7.396533930000792;
  -3.859973319594652, -1.52394713805929, 7.641774369028902;
  -2.936513883584258, -0.3056807300787034, 6.067390541846905;
  -3.63251152936025, -1.137909271966652, 7.334422643947221;
  -3.673199263290486, -1.116188605122345, 7.410553659505416;
  -3.631191406944077, -1.326028847235204, 7.352506087791885;
  -3.862999087904333, -1.666227773524337, 7.772544734388285;
  -3.829406923306676, -1.622896062118626, 7.725079296097016;
  -3.759734085675833, -1.544643860274757, 7.622434494335661;
  -3.700332850133176, -1.415036568268687, 7.518997755824293;
  -3.530533941923164, -1.14954491253895, 7.239112351468785;
  -3.64116052869498, -0.6873334445209773, 7.474092479771399;
  -3.775344559865609, -1.649680508270036, 7.736016771392892;
  -3.736965967603939, -1.579895321714274, 7.678089045869259;
  -3.616038280242515, -1.101328677799371, 7.467997112773866;
  -3.481290738752372, -1.197067529061486, 7.234461536836837;
  -2.857120723623701, -0.2865906631699767, 6.119525392595364;
  -3.577571935408022, -0.5422871296251995, 7.42181923116916;
  -3.526371707032957, -1.301981278603712, 7.322802177846614;
  -3.685589044726505, -1.519289482491135, 7.650662822327095;
  -3.525541512354884, -1.350643468979994, 7.376057008229816;
  -3.578670579663871, -0.6698047403342852, 7.497963058296028;
  -3.548569480139178, -0.7399042287693954, 7.477350202195243;
  -3.549215777257124, -0.8259145132228073, 7.477481946033414;
  -3.687152620992662, -1.653957902151572, 7.740573736767184;
  -3.471543875939241, -0.9758708498698199, 7.397518986359429;
  -3.661101529565219, -1.667242746043963, 7.7786905642065;
  -3.530328789890863, -0.8963192926959703, 7.540812131315918;
  -3.340818543315871, -1.110511884832287, 7.192915935858419;
  -3.606405046599749, -1.585596347889098, 7.684980403990117;
  -3.414478606246542, -0.593703109636481, 7.346054799716336;
  -3.557019884168913, -1.511410901450464, 7.607501716852666;
  -2.793756513539173, -0.2618342466484228, 6.189860673846628;
  -3.518873357294986, -0.7071009214527126, 7.549867770729596;
  -3.39829180439966, -1.060972404143515, 7.33611059495638;
  -3.460521967967824, -0.722818837360753, 7.458693624561526;
  -3.440782964545644, -0.7520115583208729, 7.428141246202869;
  -3.41756221191793, -0.7803065988651031, 7.420136978843837;
  -3.431716390673012, -0.8833203280635289, 7.454964303992406;
  -3.391844096722691, -0.5387501796278689, 7.393852194058063;
  -3.428161914641328, -0.8188967291354341, 7.462777028418484;
  -3.280346490526074, -1.243908248854093, 7.210805242255738;
  -3.276552696606474, -1.075544139689297, 7.206899867511586;
  -3.369998493462438, -0.7665484376807009, 7.402692964784865;
  -3.340422362146167, -0.6240058790424091, 7.374828585116116;
  -3.359979144740066, -1.376020722191967, 7.412512499320228;
  -3.53621234142462, -1.629714424759465, 7.750098332556134;
  -3.396220958230942, -0.8607317810940474, 7.492004537168213;
  -3.351750844363922, -0.8128428064921243, 7.408244795072648;
  -3.507397108775568, -1.590798874589609, 7.707570264457996;
  -3.514327415790086, -1.719673345769642, 7.782432422382927;
  -3.318884189642102, -0.8817913879574093, 7.422462721305643;
  -3.290780832447892, -0.618731166952503, 7.376823268296232;
  -3.288927677975356, -1.359374601393749, 7.374420784623276;
  -3.330337111624012, -0.6791749467937376, 7.476480005239362;
  -3.281704061934767, -0.8344949462110585, 7.448453828314687;
  -3.422126968585673, -1.626408942905775, 7.725798514759042;
  -3.201573074883628, -1.313661934591374, 7.302922504964721;
  -3.35833290590367, -1.549345096063931, 7.623983475116859;
  -3.240514840634662, -0.6288317339391428, 7.40551773523237;
  -3.217190294955216, -0.8875618760070905, 7.359518605674485;
  -3.137541898401698, -1.154650346014154, 7.197749137971142;
  -3.247707456820534, -0.6870335092835976, 7.434780440417526;
  -3.278968141703452, -0.7630912775344878, 7.516072497929852;
  -3.246716144529478, -1.432024420203396, 7.473382220536228;
  -3.215581941297899, -0.8719010715742908, 7.420807854680069;
  -3.188295409017103, -0.8281665756178517, 7.369415544011348;
  -3.400392369394597, -1.754187974087607, 7.802832440455567;
  -3.210808049933434, -0.707277220565492, 7.443528295514678;
  -3.142287181465037, -1.324421528569701, 7.328682274356224;
  -3.318112621672805, -1.648636838924521, 7.695413669263149;
  -3.185178811274167, -1.40235860552747, 7.455978099478918;
  -3.320939451929697, -1.628520619386863, 7.730674689189976;
  -3.169409506430057, -0.645867359284072, 7.458113150389234;
  -3.027511587105904, -0.3218986180065746, 7.17709769507649;
  -3.189666897852906, -1.446037673954604, 7.512089440361974;
  -3.317694510966057, -1.713901156102102, 7.774657973460434;
  -3.220493018877989, -1.515537981238965, 7.587829101879534;
  -2.983063821668351, -0.3503075842284026, 7.14025544187332;
  -3.141565303037952, -1.464546485410218, 7.535275256100235;
  -3.207771555062209, -1.637429578924684, 7.690012582499068;
  -3.193038839201048, -1.525506882452563, 7.653562743974741;
  -2.957778571254959, -0.05683638843658999, 7.176094498282072;
  -3.03453682534659, -0.4415924297358781, 7.334165793655568;
  -3.022058454586544, -1.302522582585246, 7.306146327898714;
  -2.986054083681526, -1.220995915181286, 7.253163874458393;
  -3.218075677873506, -1.693220424234309, 7.736118986557571;
  -3.083106135083916, -0.6592780659811727, 7.470269615721058;
  -3.09175890408072, -1.391946783718328, 7.480273595203227;
  -3.074466108709602, -1.429251741614453, 7.456570976142968;
  -2.975889962522672, -1.147515990114083, 7.252997164965533;
  -3.084814104717252, -0.5755539646670144, 7.493715479958013;
  -3.091781806009455, -0.75946177805243, 7.52671779930231;
  -3.059491929676767, -0.6354349265937676, 7.457960891504794;
  -3.155056629622705, -1.578408596316278, 7.654987762605329;
