m=[-7.049806940612516, -1.458175820746139, 9.384024911038376;
  -10.90342495480335, -2.851614111834919, 14.22225465538113;
  -6.90709372148496, -1.427025922427077, 9.4026488024285;
  -7.007642778147515, -1.481219726864565, 9.558792468800695;
  -10.89432299512485, -2.917076964786682, 14.30061762909051;
  -10.84237993933038, -3.086462014597546, 14.40137812324186;
  -7.011931971085494, -1.513732675815365, 9.696392140466953;
  -10.58790360389556, -2.75141734616127, 14.16103188106584;
  -10.56251005332308, -3.062547273917847, 14.28993194372666;
  -10.85691899365827, -3.39253129223702, 14.83795538427111;
  -7.074801860819558, -1.463216378772772, 10.14623728270615;
  -7.045711652396177, -1.47931704976931, 10.23999122627641;
  -7.222010424409242, -1.524733773472246, 10.54394115549052;
  -7.060328905126081, -1.445445462864183, 10.41711185859471;
  -7.093477639176575, -1.541182057355243, 10.64319371425043;
  -7.13785195763899, -1.587057615189881, 10.80550097952075;
  -7.122458750001476, -1.613060058736421, 10.91366116458358;
  -9.482203843495855, -2.699619554011963, 14.19825942149545;
  -9.112072270603893, -2.356901757722568, 13.69898793785796;
  -9.616787598724663, -3.300357996775292, 14.45047059305258;
  -9.771999312899114, -3.288015998071999, 14.67699783767188;
  -8.967310248602475, -2.407569831193372, 13.60752852182396;
  -9.483562105524099, -2.728207005827591, 14.35435270666493;
  -7.317287036334388, 0.6818006453926507, 11.38444383337017;
  -9.071781778303478, -2.375639115173979, 13.866347395803;
  -7.104787411787481, -1.562862912176859, 11.1024059756961;
  -8.86536897807863, -2.376719445907523, 13.82523492807075;
  -9.02670866314303, -2.603911303629377, 14.09312630120659;
  -9.101548046963758, -2.803393094846948, 14.22925620771614;
  -8.763060875952752, -2.541011051670659, 13.87871085205629;
  -8.992659666980703, -2.298127199096366, 14.23546746544801;
  -9.257156643119185, -3.237643515043707, 14.64979108958817;
  -9.072231334078932, -2.86868361821425, 14.38238055281673;
  -8.912038979202658, -2.712663864820284, 14.15277865442545;
  -8.60400591131118, -2.364110440016044, 13.80179219360432;
  -8.788009029408363, -2.634677876426938, 14.16393398926916;
  -8.909559718934627, -2.854554569582126, 14.34788545578904;
  -8.619277845990428, -2.505899081393705, 13.97489222745012;
  -9.008968542000844, -3.068212073398668, 14.63745314724081;
  -8.647360256620644, -2.714919068345032, 14.09455549960084;
  -8.721261290819095, -2.679691597293404, 14.23151758846606;
  -8.380323448335739, -2.22825205466476, 13.72147311840681;
  -8.482081329896563, -2.092869397994658, 13.88132526395791;
  -8.500559466806042, -2.051589563544662, 13.95740908577207;
  -8.355863114797289, -2.290887627462459, 13.76330183533121;
  -8.976941096567469, -3.353758440237489, 14.71069432436653;
  -8.942209490065629, -3.234475041648839, 14.65923498687043;
  -9.01168168192689, -3.330178558491526, 14.77387445551525;
  -8.333864853163956, -1.985162079437005, 13.93045583545297;
  -8.797023371844922, -3.360700735460453, 14.73019909398583;
  -8.192528687454761, -2.2222860590397, 13.82654575056582;
  -7.128645535723098, -0.699498899159017, 12.23572282289892;
  -8.123657377557962, -2.327615585762285, 13.81360877173785;
  -8.088326826558086, -2.149414085169595, 13.86749518413598;
  -8.015629870658623, -2.469576665076411, 13.77361018811441;
  -8.454738188965553, -2.991569011097613, 14.57183807403357;
  -7.293914544254858, -0.4757597589212567, 12.73540245953936;
  -7.946152142846858, -2.274103859917848, 13.78378716217996;
  -8.480644569790355, -3.292107963865185, 14.64440768378335;
  -7.165859950046691, -0.7806211509802211, 12.55559076103805;
  -7.880937208319535, -2.429968842578234, 13.85607197919635;
  -7.481683096478857, -1.174931158402192, 13.23218467718303;
  -7.821747131327279, -2.217358349810982, 13.79142794860124;
  -8.354718448513415, -3.118338160636632, 14.65514976553196;
  -7.731174939939403, -2.25945435112258, 13.76750348330971;
  -8.183747270683368, -3.095204326970089, 14.51394378691503;
  -7.734353194533278, -1.482146572965597, 13.79344522133915;
  -7.818692719847968, -2.526974385319842, 13.94019929279591;
  -8.329157619968402, -3.314492972059966, 14.84865967471199;
  -7.630909431354074, -2.241698307225239, 13.71929134197232;
  -7.784545525101867, -1.767840976727415, 14.00936585465079;
  -7.650642775135228, -2.395706348952341, 13.78912147937441;
  -7.693298127053994, -2.093445553094071, 13.86924060182035;
  -8.093931532779648, -3.0953278989289, 14.57716709412341;
  -7.650259652062961, -1.416997326551543, 13.87300332533285;
  -7.590428630947502, -1.615627726812071, 13.90180157900343;
  -8.058444260059968, -3.083872924805146, 14.70487100526869;
  -7.511654823764892, -2.171642785143459, 13.79840229462349;
  -7.638761438055493, -2.588746489327668, 14.08254590063697;
  -7.511065149527624, -1.835293288117999, 13.8734489236745;
  -8.034290982533911, -3.37303319530711, 14.78603086083434;
  -7.575880219804525, -1.763708460124912, 14.03714201956075;
  -7.935143475159815, -3.11409898791572, 14.64936887262549;
  -7.546199574989693, -2.603257556287755, 14.00578441719764;
  -7.85735700309701, -2.988298079285955, 14.55536068375533;
  -7.385212487245331, -2.278501970758854, 13.77115336774992;
  -7.181990048859521, -1.245654869720489, 13.49904699775244;
  -7.538913103520116, -2.577626732340737, 14.10832105506754;
  -7.946663791534271, -3.487656538076377, 14.82283873951063;
  -7.889809294655541, -3.350473184289849, 14.74443545521848;
  -7.620863897134237, -2.745304990467104, 14.30000334464167;
  -7.424009015551476, -1.858095778101944, 13.96451954069432;
  -7.333961997454424, -1.402927134032305, 13.8170407616635;
  -7.909725898460279, -3.490508227374835, 14.80844953221281;
  -7.32594689653597, -2.253578352784766, 13.82293849502144;
  -6.965338836609222, -1.055163712112101, 13.23778156325875;
  -7.674016712026146, -3.078925685503948, 14.50909099295073;
  -7.404892758993411, -1.244548687712256, 14.1199715033426;
  -7.600628808755011, -2.872734306800573, 14.45337800496196;
  -7.682779065216482, -3.227721504150978, 14.6292322338759;
  -7.199492646849741, -2.375062609290023, 13.81304316109616;
  -7.610006548567085, -3.118574526805753, 14.58253957479633;
  -7.681646608501067, -3.087606027997064, 14.71352145525604;
  -7.807497511247351, -3.523612321138289, 14.95065959893545;
  -7.629837224318784, -2.96715731358707, 14.65285444675268;
  -7.702722546123581, -3.465886759082678, 14.88280535163888;
  -7.173411271421264, -1.448237887190872, 13.9615340397152;
  -7.593207272919655, -3.139135952206248, 14.71229530847383;
  -7.608830465754338, -3.262157464496408, 14.75992632179857;
  -7.156537538782725, -2.130247921175855, 13.97843203626663;
  -7.164605791894221, -2.605895990715485, 14.05800936357279;
  -7.612543966473409, -3.454984115147942, 14.88593433762626;
  -7.39249024806356, -2.929346087949295, 14.49882843882211;
  -7.455794123725785, -3.139225581188459, 14.63688574581902;
  -7.322944369794302, -2.995190864963953, 14.44579807120753;
  -7.147993396457689, -1.077569575099689, 14.1547795584996;
  -7.410676289066979, -2.811172852711843, 14.62940044736103;
  -7.292498183993877, -2.879134340225722, 14.43730852380253;
  -7.491779733451217, -3.503960704841154, 14.8060823934997;
  -7.095794136484294, -1.311653049980883, 14.11187322029369;
  -7.569458174026815, -3.432276055750437, 14.97953111215076;
  -7.017467211641444, -2.16002350957204, 14.00776329894499;
  -7.014142355213004, -1.050213931326358, 14.07676805626761;
  -6.973000564502959, -2.118911394596555, 14.06778972418743;
  -7.331005647928845, -3.210698150961254, 14.73321278148289;
  -7.248727352101463, -3.126594276088551, 14.58479702674676;
  -6.961763793810262, -2.180820489126874, 14.0565329520445;
  -7.494487467198936, -3.55133573383995, 15.05398601110043;
  -6.955393163413063, -1.300101110127755, 14.06933084682358;
  -6.897879450505939, -2.518949322977031, 13.96695876612613;
  -7.270663368611437, -3.081294619826092, 14.6671409392167;
