m=[-7.138708428195116, -1.418258108567955, 9.521786335359158;
  -7.254664859261662, -1.528762973715186, 9.720888253848136;
  -7.091620170592113, -1.499624199756958, 9.642064470250267;
  -9.992111896293789, -2.761865912799478, 13.62706380490307;
  -10.23330040036088, -3.104451050462183, 13.99156188727843;
  -9.480420882565928, -2.395868355189772, 13.22411377074864;
  -9.743757510018497, -2.713603444055035, 13.57649674045412;
  -9.517686643853006, -2.47307555107637, 13.39490266309396;
  -9.318219106663712, -2.380041360939551, 13.22672401790507;
  -9.192693314778147, -2.407936589435283, 13.31049199635839;
  -9.312455962400069, -2.630674803704642, 13.52191130363195;
  -9.894822827724791, -3.225459108465749, 14.33158292958889;
  -10.41074485417419, -2.262843292256013, 15.05133928060332;
  -9.541947915380796, -2.878148411839604, 13.88449194314113;
  -9.81799346082798, -3.115747330538548, 14.2891968602724;
  -8.975119256506828, -2.244196505979495, 13.22269812829629;
  -9.181928090285664, -2.737050195592453, 13.565571413251;
  -9.676425669265367, -3.324933251097074, 14.28802515843309;
  -8.843244232235497, -2.374778014168317, 13.16924074368395;
  -9.580925808508447, -3.038252990507396, 14.20134839624386;
  -9.569224245674718, -3.19232131594575, 14.18697272479258;
  -7.074048878324629, -1.465902109138334, 10.76900963241167;
  -8.726135344374024, -2.357914737983286, 13.18921859166781;
  -8.388750055901197, -1.907523122708696, 12.7846418289322;
  -8.777025477824889, -2.108166147483527, 13.33808643452328;
  -9.035666210296062, -2.719469706015776, 13.72327341544522;
  -8.722743650171458, -2.049604072561099, 13.30506534879477;
  -8.607528526803007, -2.301829801311168, 13.15742767132498;
  -9.195905005914792, -3.26481765080748, 14.06508791143639;
  -8.015741573385482, -1.207036542246515, 12.40782405452612;
  -8.805855387170452, -3.021966952742537, 13.70668293950434;
  -8.403482187095657, -2.224596651341296, 13.16679390710834;
  -8.267399004256475, -2.312544579569526, 13.05039013573594;
  -8.136519223870291, -2.444095079311357, 12.97492424219896;
  -8.37307788970478, -2.163548056440229, 13.32806278605881;
  -7.676973824159787, -0.7692687541738824, 12.37422702470052;
  -8.185955121883277, -2.289323189247401, 13.1803131081336;
  -7.611110141726897, -1.028173541175272, 12.34819412745544;
  -8.622571636891415, -2.995904519109273, 13.85949385933085;
  -8.869508083783032, -3.381442443901553, 14.28916639855855;
  -7.365216515202487, -0.592893463369498, 12.06528451933512;
  -8.138256371678825, -2.454037051701241, 13.28740673580501;
  -8.215891333041348, -1.469497609503073, 13.44180690361313;
  -7.987524895721889, -2.274597297084735, 13.19900497114963;
  -8.106085686842809, -1.682784256296373, 13.41308934683151;
  -8.156606522829938, -2.57305252714806, 13.50929642139174;
  -7.921022151686698, -2.273847417975559, 13.21326217655917;
  -8.512070396314364, -3.11681951808718, 14.13150037312082;
  -7.828605645601765, -2.393681972839291, 13.09624778711066;
  -7.90526658477774, -2.08469879602017, 13.2286793812826;
  -8.510479112696844, -3.327880237650003, 14.1702840969393;
  -7.968477407205859, -1.558406487169132, 13.38827140996487;
  -7.924109147173189, -1.406099328241094, 13.33503081097251;
  -8.398466910412102, -3.149909021342276, 14.10464659028678;
  -7.838750305337306, -2.27513356044409, 13.25796528725272;
  -7.850134390249068, -1.615401227952769, 13.34745719743326;
  -7.7441903178231, -2.183180616117796, 13.20325700781982;
  -7.857326460609914, -2.049980878967167, 13.41414367634678;
  -8.251064662717953, -3.097345786284411, 14.04955621037015;
  -8.024581765096761, -2.710421182892667, 13.70606379319619;
  -7.864853044297583, -2.722604590771286, 13.46156955673563;
  -7.715990683249692, -1.826554200450487, 13.22949480830795;
  -7.820335230651724, -2.592390658721796, 13.40546669578282;
  -7.409180287687303, -1.072985925099096, 12.7817413626932;
  -7.811555749746407, -2.475216238554098, 13.4531827710773;
  -7.921972579529316, -1.785955167728855, 13.63791308767748;
  -7.84675457359323, -2.644115110604704, 13.53399771536157;
  -7.604940372330397, -2.28667710991507, 13.15891212984432;
  -8.159566519059958, -3.141298081541367, 14.05240081986795;
  -8.127466107435867, -3.029194351906039, 14.03678210492411;
  -7.47913285359556, -1.234643792099008, 13.01446576315698;
  -7.54924517499854, -1.37990194963208, 13.19303640583696;
  -7.632980770932941, -1.849686994377506, 13.33392415122317;
  -7.713131550146265, -1.205164118069824, 13.47832924135429;
  -7.572389345819047, -2.271010786806018, 13.26254130273873;
  -8.119516293107306, -3.125238879080621, 14.15467944942314;
  -7.923576957235071, -2.792970529443033, 13.84120806277411;
  -8.326309169232848, -3.471361967763702, 14.52351725282381;
  -7.242204874804068, -0.9400896339887354, 12.86062317957051;
  -7.634710267168799, -1.22435043125535, 13.52732150167668;
  -7.445306769854162, -2.394987696492304, 13.25843583731918;
  -7.896548552727121, -3.036209393959557, 14.04523432020461;
  -7.573603698698542, -2.541029835184398, 13.52587544673227;
  -7.920374494473513, -3.181572000006202, 14.15200185045351;
  -7.935581624935443, -3.129449793756363, 14.18433070799979;
  -7.422552732330151, -1.440232921286638, 13.41311627634256;
  -7.356313275074387, -2.126418251555061, 13.34601528624103;
  -7.807471522416623, -3.166854778567015, 14.11653330233511;
  -7.62722820754669, -2.753196057252859, 13.82109537905127;
  -7.835160338980681, -3.29676855164648, 14.186939882079;
  -7.42223236920436, -2.638599514706168, 13.5381610739757;
  -7.206100000661369, -2.360428750132285, 13.18899117808887;
  -7.32592267954048, -0.9683734487479558, 13.42277473164467;
  -7.728996305389114, -3.19008452801872, 14.15214619572147;
  -7.234209943499636, -2.692781719344688, 13.32174733219676;
  -7.36138244289738, -1.052740467769314, 13.54605848061904;
  -7.720590424600641, -3.085193634061455, 14.18603334429523;
  -7.289434069958492, -1.288998823391269, 13.46985451695994;
  -7.595771485628736, -2.936706988964115, 14.01004282557837;
  -5.827634194337779, -0.5621972355441915, 11.01671360505686;
  -7.634914672708685, -3.278177514184631, 14.12117921020282;
  -7.23615078925496, -0.9298547496234069, 13.47720229062714;
  -7.283957366349031, -1.031370741036117, 13.57735709198896;
  -7.098143876813012, -2.172056604456365, 13.32297803670932;
  -7.233991234071666, -2.14063178725761, 13.56471231405373;
  -7.242360375470451, -1.294878332282201, 13.60835891640164;
  -7.16251783780266, -2.552209450113518, 13.47265017703956;
  -7.637743308053072, -3.225413088526376, 14.32712028505363;
  -7.483179641291196, -3.109167421342529, 14.08246799307629;
  -7.518543726161035, -2.857605705324879, 14.1623996570571;
  -7.387062140896257, -2.971071942107444, 13.95192048023057;
  -7.161553047297831, -2.683264096334822, 13.56123996793937;
  -6.94557161196441, -2.197837295128168, 13.21569375918819;
  -5.655955700286001, -0.325312164131023, 10.95808923918838;
  -6.887673802068953, -2.300251602639404, 13.12689695880424;
  -7.100829817602296, -1.280037404076925, 13.55704174678471;
  -7.319258870133035, -2.868207253180323, 13.96025558418266;
  -7.419364130322351, -3.177550876048136, 14.1776783439599;
  -6.910078433838611, -1.801143934908425, 13.27784544335501;
  -5.698726914380274, -0.4729871753514802, 11.13720497343533;
  -7.407301873177582, -3.063925266382064, 14.17533689979289;
  -7.188178405247586, -2.124216319015235, 13.79231117437881;
  -6.857570294455464, -2.292211282222236, 13.22240364118328;
  -5.701248008589858, -0.5233590231655206, 11.17463064650021;
  -7.088920682518255, -1.012899621400765, 13.65391599488138;
  -7.10676934053493, -1.089053055158339, 13.68624060775577;
  -6.875536805198432, -2.147092383510305, 13.27608290195479;
  -6.922008454289522, -2.497169568350451, 13.35715213118315;
  -7.709908633931359, -3.445835235369027, 14.79073485719102;
  -7.150125749093864, -3.064878076224862, 13.84516698987979;
  -7.105579473181823, -2.873776013813043, 13.76647255066552;
