m=[-3.808508369968486, -1.374755014913137, 6.901295726430161;
  -3.719594755874745, -1.32231388476548, 6.784545461535539;
  -3.791286553826688, -1.465802090130534, 6.992849519452686;
  -3.54954911208895, -1.08617431902728, 6.662384657355679;
  -3.585423110236115, -1.277588545232484, 6.744157905748901;
  -3.737040041949404, -1.55269333460459, 7.032671845696383;
  -3.499296886530316, -1.10730773989774, 6.658290866255391;
  -3.616256026102188, -1.354925376368703, 6.847804579759767;
  -3.707363881817672, -1.491099519451804, 7.002086226409274;
  -3.54786925182328, -1.299950986088337, 6.750287765039206;
  -3.644108134901503, -1.428021275015777, 6.950523521884875;
  -3.547358289090181, -1.011243020285118, 6.798482454536473;
  -2.820877475880637, -0.1714059486796173, 5.615860763884307;
  -3.492544692009385, -0.9103479431730336, 6.710990196206741;
  -3.451872272929585, -1.077950547869057, 6.665274837554982;
  -3.463097414758265, -1.24933991824416, 6.682615214861229;
  -3.708621250772256, -1.534018533094845, 7.097180128947028;
  -3.467134881746455, -1.297658984745466, 6.743215733552891;
  -3.568994281339574, -1.443441762612052, 6.914631240559795;
  -3.349596319070276, -1.193275544133728, 6.569431750341118;
  -3.515701633898203, -0.8578369735746992, 6.852926455559437;
  -2.775695394314705, -0.2360347843982262, 5.63384416395156;
  -3.460240178341731, -0.5587610997287154, 6.779354336644746;
  -3.499028207475859, -0.7844575729167955, 6.854300289283629;
  -3.338938020696433, -1.016106398508382, 6.602104299976294;
  -3.505739283056753, -0.6534073486752817, 6.886069840025365;
  -3.449824510121734, -0.484377265773863, 6.797299419998415;
  -3.293118901357149, -1.191752400433159, 6.55400764747055;
  -3.365559096185393, -0.9137160155464884, 6.676312312306821;
  -3.455140200002113, -0.6252406368176423, 6.866920408994382;
  -3.385106942405943, -0.5615141343777175, 6.76160295363711;
  -3.475608751702532, -1.394849312562007, 6.916039338985143;
  -3.374622502027626, -0.4773649468751895, 6.752015983680379;
  -3.491409377700605, -1.451840530654104, 6.957009375454415;
  -3.408501370578409, -0.7143262762699552, 6.836161601823599;
  -3.414717749944227, -0.6846006944949398, 6.845992849259658;
  -3.363277833375869, -0.8326441083001124, 6.795558843574209;
  -3.421033621623982, -0.7521576958957003, 6.904874985254795;
  -3.357904082602147, -0.7720991827219866, 6.797941694173474;
  -3.187780199967055, -1.176564390884599, 6.505883706111844;
  -3.232232535933396, -1.032451993430257, 6.595724202490843;
  0.967096006994347, 0.21802525747749, -1.664884744098984;
  -3.321977118682928, -0.5924939038471976, 6.804581892013195;
  -3.346142512638383, -0.8171831264282491, 6.860620378621431;
  -3.338574763240623, -1.334669261049626, 6.845144086327247;
  -3.356789179488483, -0.7854876477007096, 6.890378610849789;
  -3.339229027794267, -0.6758425539600155, 6.85874493144127;
  -3.439065936738292, -1.472650841854266, 7.043387254625521;
  -3.242390418058106, -0.8279142912039534, 6.74088525086358;
  -3.251270466473704, -1.314288961690849, 6.776175547440102;
  -3.288551617447512, -0.6418328809133187, 6.864041495987407;
  -3.230557408723858, -0.523091302655069, 6.763752705859083;
  -3.254332105261227, -0.7964885977194033, 6.862790475093864;
  -3.168787233435039, -1.268465178297436, 6.711917243866773;
  -3.35251494327391, -1.530723368185037, 7.049367894593269;
  -3.196103592609769, -0.7117123334332998, 6.776524325223367;
  -3.358698592724806, -1.562932417119337, 7.071239007775005;
  -3.195199256828884, -0.5899548662894496, 6.785408806182065;
  -3.210403987623085, -0.8550922080570022, 6.820148209136709;
  -3.319049648861991, -1.497459745831997, 7.019291451005358;
  -3.211320198992012, -0.6488653626409935, 6.829716971780771;
  -3.178666294329691, -0.7077615803095168, 6.785481980499983;
  -3.127229473147163, -0.4075985475421721, 6.713478340021444;
  -3.156051931670157, -0.7504825219186991, 6.768322428311048;
  -3.170444404674405, -0.8284393955843499, 6.799159383002076;
  -3.151192887442451, -0.7868281251788455, 6.766682607300169;
  -3.218890810948444, -0.6798208857971615, 6.925645371889051;
  -3.120083289429847, -1.283222816923888, 6.755678581730128;
  -3.101964211195793, -1.246001246045578, 6.724348556761238;
  -3.101099814667852, -0.7161394675768207, 6.75635470106709;
  -3.25374731471024, -1.532907279854906, 7.061416291252465;
  -3.132740053569607, -1.388242638262219, 6.86888276698758;
  -3.197112582556225, -1.469549469603561, 7.007008200186832;
  -3.086639186358053, -1.33551765520442, 6.813642598285968;
  -3.061662526072239, -0.4468762071954446, 6.805496231646746;
  -2.962330514134003, -0.3563377447327357, 6.627022989939971;
  -2.926794500002958, -0.02798224839021957, 6.578260505767132;
  -2.988028382336577, -1.21905584381476, 6.70357543180639;
  -3.007942878682867, -0.4072448484267369, 6.746524048549271;
  -2.989015251091141, -1.254756930069257, 6.711716477716606;
  -3.114036958308733, -1.418588433340784, 6.951985491717239;
  -3.146756430468356, -1.469680072394477, 7.024981372813064;
  -2.956753102666217, -1.175739025020681, 6.664890660089156;
  -2.907715198147371, -1.080235807153863, 6.58143159077924;
  -3.035567185431591, -1.334701997763924, 6.83365252840596;
  -3.039476478128197, -1.378355884530327, 6.856555396800055;
  -3.057483106696893, -0.5388973410729426, 6.901403310662713;
  -3.077003693060534, -0.7224136586311802, 6.954499489045016;
  -3.025501893481176, -0.5963559082408876, 6.854591986166633;
  -2.973960655416124, -0.671912951307403, 6.772238694883336;
  -3.109248813758518, -1.522619800457278, 7.033772326518729;
  -2.953088000852812, -0.351497278615852, 6.733192002083839;
  -2.932726330618036, -0.3179198550072822, 6.696080869497942;
  -2.963665573673705, -0.8935063335575325, 6.76245630765477;
  -2.859329312593467, -0.1584243431819871, 6.593694060506815;
  -2.928034633368065, -0.8426401211256797, 6.736161103702679;
  -2.996093800428489, -0.5563737679073162, 6.864790902269602;
  -3.018081422230964, -0.4224911326848549, 6.912219687913628;
  -2.852039413563841, -0.06022890170404617, 6.59290357842741;
  -3.023852958935632, -0.5067737709651063, 6.93158582921647;
  -3.024269851972425, -0.5355493714554394, 6.933428065490155;
  -2.891407392208454, -0.2900299168108302, 6.676761110064532;
  -3.101834957149165, -1.580942509514815, 7.087018020311336;
  -2.881083861089249, -1.19444949877545, 6.668306524959089;
  -2.832937092456832, -0.1949668109500856, 6.604330201288727;
  -2.910728936627848, -0.3566903148404731, 6.760912792431342;
  -2.866752296484155, -0.2739759286368922, 6.682349644929159;
  -2.82009653739377, -0.18901087885597, 6.594178334747455;
  -2.945538670478104, -0.4393087828994249, 6.845502195957743;
  -2.982721819418214, -0.5149583478573562, 6.925171000835188;
  -2.88279451031134, -0.8696970435866935, 6.739475239080962;
  -2.79916137212488, 0.02160423678020535, 6.595061625846048;
  -2.941811236651424, -0.5727712750226596, 6.885586551541866;
  -2.954391041002595, -0.4843785583062165, 6.912488011246542;
  -2.804494848685388, 0.07166733312964498, 6.615946552954707;
  -2.823998428166794, -1.146115367547156, 6.665235326171021;
  -2.839673542308771, -1.344554100103158, 6.708877451076657;
  -2.854136705057277, -1.314286837696515, 6.75441504389102;
  -2.877484639848785, -0.8437664138631772, 6.80584653920184;
  -2.851429029833421, -0.959377825060192, 6.777983778584308;
  -2.790798382131771, -0.2499661548839581, 6.65439468089868;
  -2.849870217399924, -1.045593083483841, 6.786977000659412;
  -2.895377468508054, -0.4819525722278122, 6.888753677939477;
  -2.831586385949437, -0.8509396904248637, 6.781442530686417;
  -2.812441514932049, -1.387477334387476, 6.746098392933714;
  -2.754590992554614, -1.333549360777969, 6.632943628175021;
  -2.774456968637151, -0.06655593582505159, 6.679092285782883;
  -2.785020596946342, -1.081574246988889, 6.702957339316111;
  -2.77006598620876, -0.02047283979182349, 6.676923066796718;
  -2.812531790043977, -1.003078525450312, 6.764529785094296;
