m=[-3.535341933057888, -1.228073333345434, 6.150650684568389;
  -2.709202416663347, -0.1130087989544316, 4.979290165143608;
  -3.59329777077228, -1.311219827773043, 6.295839919959203;
  -2.727943771247373, -0.2075707182957338, 5.039232975883546;
  -3.547906794185452, -1.336608694118802, 6.277436962159915;
  -3.442068419042104, -0.9834830661863517, 6.118675885806781;
  -3.499631897269055, -0.8815929512103755, 6.211594364884299;
  -3.407916238520935, -1.027311867891182, 6.076826323888166;
  -3.432232732998234, -1.207526602972137, 6.12153547482344;
  -3.319242921456599, -1.035015137592037, 6.016081775147669;
  -3.282734460001095, -0.965928542300973, 5.988782971188543;
  -3.454504389862596, -0.6581558596617317, 6.264449400512699;
  -3.459920000486384, -0.7459930261182286, 6.275129807595951;
  -3.453513210969856, -0.6147141931081867, 6.284488524886099;
  -3.375997581916781, -0.5273581910272395, 6.233432935789391;
  -3.419740658070277, -1.343122376035387, 6.319017731985984;
  -3.40454429187723, -0.6234612014629272, 6.295154791617123;
  -3.169552595284513, -1.13775544793771, 5.966392612784853;
  -3.346342776716541, -0.7933550651183428, 6.252647888556736;
  -3.374254054682239, -0.7105719789252931, 6.298873584165787;
  -3.345843925263599, -0.7370520324090593, 6.267059543838908;
  -3.340999021091812, -0.6777341692375066, 6.276082865904616;
  -3.316754985477478, -0.6962111600519009, 6.262232834431008;
  -3.262635013528786, -0.5506212903245005, 6.185632462180895;
  -3.301941406044201, -1.287777595897026, 6.266608012487454;
  -3.288306076654834, -0.7373574542968843, 6.247485939813701;
  -3.317646580512824, -1.345377887360771, 6.306601728073804;
  -3.225648280305745, -0.793171989607149, 6.201835859671716;
  -3.234472175173698, -1.272712309507421, 6.234012936293823;
  -3.252994171085446, -0.6032334068206309, 6.284272569023724;
  -3.193356033035921, -0.5274928293790009, 6.210861347728883;
  -3.205265827364064, -0.714084337542542, 6.245735583138473;
  -3.134780997839908, -1.224013565676992, 6.137756745334463;
  -3.21599918417228, -0.7546642641432507, 6.278392607953516;
  -3.170391751390477, -0.5545172675867424, 6.225031691503236;
  -3.190015674645626, -0.5865806138140715, 6.259825453732253;
  -3.18941399957192, -0.8184688793573267, 6.265667349723077;
  -3.174910267099637, -0.6106188095814529, 6.248869694761923;
  -3.139600094020358, -0.7147203821013507, 6.223625427807241;
  -3.143619603342161, -0.7910149997165006, 6.237475454860354;
  -3.149156841592189, -0.6317049923527701, 6.277742928984458;
  -3.071344336142596, -1.230750727744136, 6.150954103506754;
  -2.96669076300528, -0.2565255542855576, 6.010873665722355;
  -3.113812845101296, -1.30612562725237, 6.275641440351744;
  -3.051923624690477, -0.5610386644139332, 6.176449685679558;
  -3.002744665442685, -0.3589979466787427, 6.102899544716098;
  -2.910484520805159, -0.1017807685984178, 5.968741515952075;
  -3.120837827515242, -1.349031677389895, 6.335241701569208;
  -3.063334634132587, -1.291160644339804, 6.254380863467242;
  -3.042677947315482, -0.571839243325849, 6.236736487231288;
  -2.967023882176537, -1.213149111827413, 6.154931544562441;
  -2.973090723684158, -0.3718333976602767, 6.162330893309375;
  -2.887333358289584, -0.08987853960425214, 6.013254476091009;
  -2.925364820877799, -1.130495030740257, 6.089179759572982;
  -3.02709605342706, -0.5379271018259321, 6.264448346733838;
  -2.931501043697025, -0.7133480383363511, 6.120589127486846;
  -3.024507318609456, -1.335907435520803, 6.312319485492498;
  -3.013700782054743, -0.5000425787460995, 6.299439895575721;
  -2.984542362327508, -0.6653913261494804, 6.255608953974129;
  -3.012413461945242, -0.5624286442066205, 6.314529734629738;
  -2.822209890207306, 0.07706145650595339, 5.98069649447673;
  -3.005213842296345, -0.5356347189209965, 6.305827330230684;
  -2.990448113245418, -0.4566765436093193, 6.279327699396852;
  -2.87944019014758, -0.9744529220474636, 6.079492230896866;
  -2.955610292841202, -0.8598429808528788, 6.222300282248346;
  -2.903173454755469, -0.7717147535739071, 6.133555828881471;
  -2.866196125072585, -0.7385949296230882, 6.080120659602407;
  -2.823212703818965, 0.001098418638440823, 6.003891792297705;
  -2.823876680600514, -0.1267751689959847, 6.006893868552379;
  -2.81622340110283, -0.03032912018806389, 6.005319273333194;
  -2.995845204072041, -1.357532116080677, 6.330498991382347;
  -2.904049693738624, -0.7997619073099582, 6.172451431188897;
  -2.881029848487894, -0.6581322166680704, 6.134152975699539;
  -2.968553702872854, -0.5199948451490758, 6.293514900891527;
  -2.953118137620115, -0.3826137880492875, 6.268164604972375;
  -2.955776528813749, -0.4307372748037776, 6.273500802856611;
  -2.969170725995321, -0.4936703253591234, 6.304247550959449;
  -2.79682260284924, -0.1647353935711901, 6.013437772147836;
  -2.858278035011009, -0.3198081238712266, 6.134366374672969;
  -2.933708885434085, -1.313706793333695, 6.27743659438724;
  -2.824642363403763, -0.2390526197077182, 6.080853207602249;
  -2.826197768173878, 0.08118831164005166, 6.083157582491107;
  -2.870783492837825, -0.8731981976098718, 6.169632656303567;
  -2.919499995074429, -0.3988071924177153, 6.270110311212061;
  -2.923416562451584, -0.5741389380526372, 6.283542118255179;
  -2.932459438486324, -0.4753603717296452, 6.307592358849849;
  -2.877151579515793, -0.8330704205834052, 6.212017440749907;
  -2.820487821147844, -0.9292674723548263, 6.115112534223901;
  -2.752089525315018, 0.09770407565221936, 5.995375595658167;
  -2.890851016529336, -0.5256956071600455, 6.263732485442532;
  -2.793290579327206, -1.102625704024389, 6.088205605506014;
  -2.912917380671221, -0.4466847306739596, 6.311437813000185;
  -2.803468985394424, -1.294141701885383, 6.118956661433699;
  -2.828624021332725, -0.9604717766272198, 6.168061108743376;
  -2.782593225174699, -1.133432665259605, 6.088274922560859;
  -2.822383217704941, -1.267030945531379, 6.173548603918777;
  -2.845795881727874, -0.8010087444228736, 6.223572165596201;
  -2.864960051038026, -0.4689292490949682, 6.263616850919849;
  -2.779685440774401, -0.2181533150463703, 6.115751005471748;
  -2.851261211833946, -0.4441150988462559, 6.279465607906317;
  -2.727095256979222, -0.1918631212919763, 6.060442837414026;
  -2.733978594505727, 0.00935350054502114, 6.08064632381817;
  -2.795610056876788, -0.805237185286125, 6.197263741634027;
  -2.766248556141364, -0.9561614367627505, 6.152543478033785;
  -2.824303460495107, -0.478120085591537, 6.264720693931563;
  -2.789897218924839, -0.6795202340213205, 6.215660464002466;
  -2.720351151159233, -1.119995855023168, 6.105643383641843;
  -2.805250314359869, -0.3944171543911415, 6.269368004695619;
  -2.737166250235233, -1.267994548160949, 6.150178475258924;
  -2.757842801762161, -0.6408136034930542, 6.206605637167898;
  -2.727279545586056, -0.9275929556345591, 6.154630794342983;
  -2.770441018300001, -0.7212730838601514, 6.234023184779974;
  -2.72373054832345, -1.243967095355247, 6.162289568456496;
  -2.685843532838245, -0.82146445831598, 6.11402272436681;
  -2.651652559462153, -0.9412294782296955, 6.102325553272104;
  -2.70492970475929, -0.4294272816964544, 6.206568644787183;
  -2.732223706034236, -0.6520227197411144, 6.264343425217215;
  -2.732081283582276, -0.7400116543363978, 6.273438796260015;
  -2.706715001924164, -0.459927821931568, 6.251674735132146;
  -2.700993445704933, -0.4042879774389331, 6.271258783780917;
  -1.959431535715821, 0.4687284146806655, 5.565037160784093;
  -1.778794339174684, 0.8493926499378013, 5.320941416379355;
  -1.909649223422865, 0.594195240355396, 5.642275629043146;
  -1.953797850801898, 0.7572448328149903, 5.794038685372372;
  -1.886862072908901, 0.6534929550089689, 5.658619974935775;
  -1.75570748349138, 0.6272358611197006, 5.489998624595434;
  -1.683296524032916, 0.4767944751629211, 5.434739359603702;
  -1.675867015364, 0.506696459883804, 5.430765294120988;
  -1.649685975872499, 0.4592829179401023, 5.425376599859139;
  -1.649398922240731, 0.4890052435257192, 5.447873892504315;
