m=[-9.777347004789716, -2.470070625026702, 12.72521554833643;
  -9.710781689000454, -2.413435544306159, 12.73411827277148;
  -9.711566561170097, -2.419401912440691, 12.73912393207242;
  -9.686567727234344, -2.667180783225037, 13.01725775066387;
  -9.463666992501521, -2.559414950749057, 12.85414795945733;
  -9.645168759944159, -2.80215236717916, 13.19114060554341;
  -9.954388186958463, -3.112205043077741, 13.5859435005229;
  -9.11816262884294, -2.386638244349689, 12.53996848181994;
  -9.023814989188201, -2.371218902815266, 12.59621962183638;
  -8.933742750526289, -2.319497431265116, 12.60862129624944;
  -8.786585248635051, -2.431862320996651, 12.63149519854025;
  -9.363506662575173, -3.02367373287259, 13.4557755024272;
  -8.715377448548694, -2.242010758567683, 12.60899000495805;
  -9.350915594761089, -3.131341218774641, 13.48349194889032;
  -8.708791892803889, -2.277150870818931, 12.6232784519764;
  -8.54128107772528, -2.48637293273957, 12.55868604668494;
  -8.613843856212315, -2.154363549266579, 12.67175118160397;
  -9.236644495599434, -3.156388398317445, 13.57098561263685;
  -9.001782267388606, -2.98067986510566, 13.26853030745376;
  -9.06410109459943, -1.609161885563634, 13.36638356407612;
  -8.449863387533167, -2.296828631125202, 12.56309102258604;
  -9.132179843693528, -3.097758961795298, 13.60975268684516;
  -8.406588351678151, -2.466303312263653, 12.68230900726215;
  -8.641414584808564, -1.470119349390162, 13.07362340469508;
  -8.245341497844891, -2.279012258607251, 12.58179034996708;
  -8.531565481577145, -1.361775158888004, 13.00550920342346;
  -8.466782996148281, -1.511806729546215, 12.9743427832905;
  -8.169806946732894, -2.283652320992649, 12.58742893584204;
  -8.503582897559264, -1.279393356763958, 13.06733040284787;
  -8.341544554394639, -1.891917667777159, 12.84835692195855;
  -8.103762970100711, -2.409322388933367, 12.51050313998801;
  -8.818920744412857, -3.158389446159765, 13.5959979894736;
  -8.536717954662469, -2.816441884715422, 13.21880021774594;
  -8.19770735215889, -1.541745151068429, 12.73298007069492;
  -8.200040005010614, -1.391123888197398, 12.75217155942814;
  -8.21188552517337, -1.206279648397213, 12.83181068033176;
  -8.059798877457496, -1.592213806887408, 12.66494079877778;
  -8.059174635587308, -1.360551016787866, 12.71801343259697;
  -8.060574457891788, -2.045866683860088, 12.72589966499599;
  -7.97209788651384, -1.820376993326522, 12.62327995007812;
  -8.092579084885159, -2.610241427028033, 12.82552169820858;
  -8.01043286802925, -2.514329059812617, 12.7099227529055;
  -8.632688513587381, -3.17063376130583, 13.64404150934234;
  -8.163727545225195, -1.943835359217844, 12.97538400494911;
  -8.026880640999996, -1.692103584090919, 12.78601305212438;
  -8.034438011107991, -2.478601503908435, 12.79771712843619;
  -7.851713323322418, -2.300525899152212, 12.54384971721357;
  -8.128958287176896, -2.671162341472169, 12.97427403558052;
  -7.858827509786597, -1.230489128680122, 12.61084275292754;
  -7.934400984072741, -2.521453628567864, 12.74252710276734;
  -8.460745795268801, -3.082961262119334, 13.56157632904177;
  -7.878493462958129, -1.841225474745587, 12.71804361561354;
  -7.913105766988144, -1.377890663628233, 12.76719470245507;
  -7.795727810990274, -2.271659961878341, 12.61274371882795;
  -7.924205447004135, -1.17112339734787, 12.80625195314422;
  -8.06099673072973, -2.774115430520066, 13.0538344128795;
  -8.343929390976012, -3.140029733898169, 13.50804798776014;
  -7.807484499983537, -1.188168284839929, 12.79725578363058;
  -7.619021703893264, -2.384213081124329, 12.53281683708488;
  -7.764878721217906, -1.438418021849771, 12.97157941556935;
  -7.506321808144015, -2.107428645485704, 12.58633818730284;
  -7.719681780700803, -2.081564176844729, 12.94625472016383;
  -5.927352421451419, -0.5185571913426964, 10.17365408946497;
  -7.821795852611172, -2.757407632408181, 13.13779710602197;
  -7.644648215245285, -2.648182896626062, 12.90169598428444;
  -7.941990337446201, -2.900901828383975, 13.38985046692936;
  -7.60662028579952, -0.8825134565622256, 12.87161358496252;
  -7.657138471897063, -0.9457464217615419, 12.96950529500751;
  -7.395558116164533, -2.400477736313334, 12.59553262091702;
  -7.606868472115928, -1.277222834382054, 12.99824677995871;
  -7.916765604616272, -3.097714511258837, 13.51194033426362;
  -7.537353661720352, -2.592518954921566, 12.91952680395311;
  -7.78848081785701, -2.943155326401345, 13.32936134511845;
  -5.680569082881731, -0.2737025208882719, 9.98654345266354;
  -7.524833786568025, -0.9018910265153417, 12.95976949758242;
  -7.253081899338594, -2.153606125204437, 12.57901891329808;
  -5.65842816667173, -0.4174393680219427, 10.05071072648515;
  -7.348279058830558, -2.552575034892029, 12.78425071164274;
  -7.461258438510956, -1.267606055840434, 12.97472607762567;
  -5.79944581821211, -0.4790122406320195, 10.3347113850748;
  -7.683717710762777, -3.122864496394655, 13.42184246570262;
  -7.198987398985592, -2.208569313388291, 12.6471839274929;
  -7.486440500446634, -2.73185520651104, 13.11704010296404;
  -7.65461854990235, -3.008179484842535, 13.40900300749215;
  -7.380962401537017, -0.9742259409393841, 12.99033032444939;
  -7.352853120084448, -1.260181029269747, 12.98774135233914;
  -7.593908858552724, -2.842692380700073, 13.39573378515515;
  -7.450757202457637, -2.852792097142944, 13.18175451620299;
  -5.879853991368629, -0.5464645665350448, 10.59931045525699;
  -7.224695679403266, -1.819974492337958, 12.823314076319;
  -7.261495640088338, -0.9941116994600971, 12.89532328093439;
  -7.243872091628546, -2.069751285687456, 12.87682291313982;
  -7.063823884795775, -2.129380419482781, 12.59585856167258;
  -7.076209486652862, -2.489548893694308, 12.6207255654216;
  -7.202202542458781, -0.9633777078913555, 12.84071543179361;
  -7.649363907177022, -3.097507431624628, 13.59578381254172;
  -7.338474576116758, -1.060936650834489, 13.08446093162108;
  -7.100035408451197, -2.588207170658524, 12.76915225204605;
  -7.351148921232779, -2.898814488971577, 13.19304146888999;
  -5.485453943454972, -0.2288144134439284, 10.08181105405667;
  -6.859435197224101, -2.382203283439124, 12.41273686519257;
  -6.923210801574256, -0.8534082046697438, 12.52835507445044;
  -5.51766173944824, -0.419841868678422, 10.19257921672065;
  -7.10231515377226, -1.079516608112612, 12.86872113145282;
  -7.172818259395042, -1.366572982672424, 13.00729481685246;
  -7.190091543604299, -1.550254961943177, 13.04040491059686;
  -6.846483138321314, -2.014544142472216, 12.49022792763278;
  -7.176967179314193, -1.277476968839246, 13.06019844910849;
  -7.146134429999282, -0.943742177590345, 13.01740305189516;
  -6.895150261642834, -2.508346990609795, 12.5999733533385;
  -6.945602920005701, -1.819892446323733, 12.71961985789527;
  -7.049303161285653, -2.623890284578847, 12.89686197758341;
  -5.592457663810698, -0.4315704706130353, 10.43668952967779;
  -5.675285276739593, -0.50359309899019, 10.58027258803379;
  -5.35558360328637, -0.1143843983614664, 10.05584697260098;
  -7.100914050616439, -1.218034505349318, 13.06537776404203;
  -6.74999642136856, -2.064866982980385, 12.46556737461364;
  -5.53381031644068, -0.525503962425553, 10.38956797795271;
  -7.414297999304354, -3.037560822623859, 13.61433450198582;
  -6.959742968626117, -1.087168273344958, 12.85045086455044;
  -6.963828289239692, -2.735082725081268, 12.86780456242039;
  -7.170028858381586, -2.910627334895638, 13.24471511013829;
  -6.877470048089175, -2.011636896662022, 12.74415799152299;
  -7.000817040617432, -1.402798417160992, 12.99477370698837;
  -6.516949808647561, -2.040508469042992, 12.17062324199008;
  -7.140999414799039, -1.041812345772588, 13.27485256636387;
  -6.903809101509561, -1.636763560924554, 12.89978053112312;
  -6.789993618149714, -0.9593862291470656, 12.7141891581756;
  -7.186744202367613, -1.51343051446289, 13.41582242440633;
  -6.865263519170916, -1.51234084519649, 12.85924156052781;
  -6.437220436859404, -2.310730742411081, 12.11747819502521;
