m=[-3.414276185566508, -0.5739606558762023, 5.785061912323598;
  -3.19522614499431, -0.4779062005442926, 5.688322622913645;
  -3.21402620640759, -0.4436849389085306, 5.73268957794266;
  -3.192269951624598, -0.5179901874610852, 5.710424682932531;
  -3.152370705650732, -0.3962689363768285, 5.661651547279103;
  -3.131794181314927, -0.3554020466738631, 5.633663683934846;
  -3.082019735861073, -0.3357707301100616, 5.607430527328982;
  -2.965972724905138, -0.2475549175519403, 5.510704709600022;
  -3.047918565276802, -0.5219670692524676, 5.675960414111721;
  -3.060917639495474, -0.5541559709228422, 5.697480565975654;
  -2.927419154782429, -0.09329548854943405, 5.500628764267987;
  -2.959052596103989, -0.3202675260349461, 5.607756684668124;
  -3.044180080151687, -0.5579902125740994, 5.742747114822257;
  -3.023878439527623, -0.399585575262766, 5.719773388205374;
  -2.886922938982983, -0.08097292214647216, 5.515361951748132;
  -3.045761583812968, -0.5551908336147695, 5.804531984653568;
  -3.025200771965913, -0.574086396859641, 5.803122546419805;
  -2.952462325382274, -0.2386477081504177, 5.68682999529264;
  -2.831013793194159, 0.08578711472381431, 5.502009797568651;
  -3.004905771952005, -0.4893637748788947, 5.786181303478304;
  -2.94453547953179, -0.3341475343865358, 5.690379141604164;
  -2.815470345156495, -0.1169449962107807, 5.493622937515618;
  -2.963253183786894, -0.3590341847000066, 5.732364071080415;
  -3.017923065774518, -0.5553359713134444, 5.826399508426495;
  -2.9826735954603, -0.4472150950789299, 5.769806966546386;
  -2.809863150435972, -0.02149859279740447, 5.495998477079811;
  -2.855223643055061, -0.2491604859988801, 5.591764211919618;
  -2.779829804902203, -0.1540979931179826, 5.485060561543341;
  -2.965758034073494, -0.5125196960757118, 5.792078908256838;
  -2.802237307923436, -0.1786884774246359, 5.527333089179454;
  -2.956020599557706, -0.3742773119636939, 5.776751925496075;
  -2.95564598690273, -0.4233665577256119, 5.779349539482256;
  -2.830381942011137, -0.2312988209387234, 5.595768282486582;
  -2.841822255629347, -0.2842758209954558, 5.627066812845394;
  -2.76812135601926, 0.06199691948592948, 5.518638013603827;
  -2.923503521699602, -0.4652020970805511, 5.793521288307183;
  -2.75703595481583, -0.1641415508263038, 5.554811404349217;
  -2.915770984133397, -0.4380838102050229, 5.820836342353268;
  -2.935767614253006, -0.5262547818225453, 5.857336911786675;
  -2.780164139794527, -0.2098672971329866, 5.617879922231164;
  -2.853104074582592, -0.3840977635074533, 5.767283567150524;
  -2.737178724837521, -0.1832652778079837, 5.583869252063426;
  -2.738399248079595, -0.02848895851866561, 5.59046407338902;
  -2.703922345715341, 0.1537579791063222, 5.536279080881829;
  -2.859716549062406, -0.4353191993677424, 5.80127286822052;
  -2.806658146697966, -0.5847771980035523, 5.717874463025791;
  -2.828139182877466, -0.5076872792022825, 5.771302733088965;
  -2.796465088795361, -0.3611617377971998, 5.732557426560536;
  -2.806507508647126, -0.3848505786007559, 5.773521317520733;
  -2.800746026489808, -0.4096336718598929, 5.79390383820991;
  -2.767332633904497, -0.3386886764272735, 5.751647574954115;
  -2.744600728582937, -0.5981235610642088, 5.723861193003104;
  -2.76683526443036, -0.4234756537270855, 5.763660293043981;
  -2.743814455523941, -0.2488541870921472, 5.730523279233618;
  -2.704476959116274, -0.5690716634011934, 5.663803349536446;
  -2.775802919816, -0.5281889547405235, 5.808761477370107;
  -2.742333142550362, -0.459741756781912, 5.770941870895566;
  -2.732942630669444, -0.4279295146254862, 5.766378658391635;
  -2.727351012123046, -0.3761537251400344, 5.765572086600733;
  -2.717354084667563, -0.4519365832834527, 5.774907746027605;
  -2.719593992003535, -0.394765477100766, 5.815694202963662;
  -1.785605214811131, 0.5223151158103706, 5.007857787533117;
  -1.677744391473218, 0.482347869885372, 4.92422713209756;
  -1.666751566848585, 0.5126398682422674, 4.913981278262075;
  -1.464918755363944, 0.869345203542128, 4.499404521601356;
  -1.616436517554045, 0.6082960313230732, 4.892854981870838;
  -1.578994911775955, 0.6762254768227458, 4.901607169323249;
  -1.553196587779398, 0.6169691061349527, 4.893277438150569;
  -1.52872413462179, 0.6303635395110707, 4.905692880614526;
  -1.533572285841962, 0.6595042401168882, 4.932184162197665;
  -1.49534016776591, 0.4992876024958605, 4.92474509988488;
  -1.477784994516472, 0.6511331235261026, 4.901276040414266;
  -1.55290356501862, 0.8708467281689335, 5.120870202960049;
  -1.408697106753777, 0.8776490506794146, 4.762003780038853;
  -1.408035872506542, 0.6756822381184026, 4.908251131079982;
  -1.432940680822348, 0.8994356931933509, 5.053335370020149;
  -1.408796043424808, 0.5185953148166725, 4.986019788835253;
  -1.372257626467595, 0.6300687757796225, 4.930075619528985;
  -1.847425068416056, 0.2079445884997778, 6.315656030851138;
  -1.383500285517476, 0.9446197275249733, 5.03348318473362;
  -1.290821436115765, 0.5414966544334705, 4.995408202749759;
  -1.118482384499285, 0.5586006444655526, 5.087122951409645;
  -2.589476047456221, -0.8596010778349252, 10.58818390271579;
  -5.380696749339912, -5.37435744555443, 22.27998086409765;
  -4.357784958685223, -0.9249091806071076, 18.5167857093458;
  -1.167947549185145, 0.4723075813926525, 5.711286454761303;
  -1.163905131200591, 0.4390015989833699, 5.851362588462375;
  -3.940026288051712, -2.576657400973476, 17.92516420519782;
  -4.07586325804522, -1.246369917749775, 18.51618318879308;
  -4.001084711723119, -0.9805809621760474, 18.61242662432952;
  -1.352402050306934, 0.1769751386139959, 6.972583359846753;
  -3.475230922676107, -0.3840440766775214, 16.57231937434127;
  -3.396459772395273, -0.308844180431512, 17.24574529107684;
  -3.394185986371026, -0.4754502364464636, 17.5314594364278;
  -3.229344537719655, -0.1105334937531168, 16.86166584029704;
  -3.607545268351668, -2.287951925854495, 19.123867065197;
  -3.3812629375303, -2.213234003324047, 18.64149729089991;
  -2.99699254998903, -1.841726602679227, 18.32217542205548;
  -1.38729326034214, 0.5507871182890657, 9.167175681286125;
  -2.636040042263546, -1.685681260365114, 17.34451009039071;
  -1.336341317727915, 0.4456853729359352, 9.287081220368588;
  -1.30723497833997, 0.6271501117291585, 9.213797696823646;
  -2.998459294189381, -2.769651006923915, 20.41117325286871;
  -1.261321478041673, 0.5761557110741249, 9.235269393132937;
  -2.942670796752839, -2.680996429359995, 20.41771702614388;
  -1.188126773359955, 0.3719046362781744, 8.913410973212622;
  -1.275641707416014, 0.3499009110735332, 10.05836013669194;
  -1.287006672887351, 0.4221290049862367, 11.1924098125856;
  -0.3449946317382614, 0.8633126522864955, 7.486933312865343;
  -0.1813181852431223, 0.8368060567620715, 7.489523869867409;
  0.4315502820550978, 0.8132394202766382, 7.90437298307176;
  1.044529520336872, 0.2938280173991684, 11.72944517153766;
  1.077878625055655, 0.5358554940144862, 10.68797275240732;
  0.755493410674864, 0.8176979191292428, 7.575792121418296;
  1.560453952277709, 0.1977694636393065, 13.06736116876894;
  2.38902165190402, -0.982510437415981, 17.3631110405494;
  1.650093042897518, 0.5252123989337775, 12.09496673838833;
  2.234879956777135, -1.005850364279617, 15.7155658419707;
  2.349574459486172, -0.02356544515899204, 16.15974238340228;
  1.805829145042617, 0.6043729694794756, 12.6637289086;
  2.392818140747795, -0.149370398241855, 16.32717800154833;
  2.732592832857664, -0.8048003050456066, 17.95865511830656;
  3.366954015046153, -1.572551138250671, 21.5258180959226;
  2.429294725374769, -0.1403916532930006, 15.81914345352924;
  2.360053807426204, -0.5689096255626732, 14.86663770458647;
  0.9949957615407561, 0.7026085572528613, 6.907994817023556;
  2.475341743757332, -0.8333151633303966, 15.45762954989374;
  2.402123633357518, -0.03450926875645745, 14.79002907401987;
  2.615028459022865, -0.7328457954808993, 15.55022484749063;
  2.514512691871264, -0.4741110158775532, 14.91485749453915;
