m=[-6.398988886097881, -0.4945039403910809, 9.367100132067252;
  -6.597526610718494, -1.593975471985759, 9.656589481277571;
  -6.51827312251563, -0.9652122600663671, 9.593128997138246;
  -6.056361609247575, -0.5307318261162666, 9.001189607548659;
  -6.080039790757924, -0.47618816208566, 9.039782525587944;
  -6.521666919042484, -0.8896715242185929, 9.632334568373699;
  -6.343922259697353, -0.7104008515049557, 9.41595540075493;
  -6.501910542046864, -1.417825145117583, 9.662115232342423;
  -6.443873783345925, -1.354831951805872, 9.592103834293937;
  -6.307165284570202, -0.6705742801108935, 9.45802144755003;
  -5.989786508857881, -0.07407343250137591, 9.039939141082593;
  -6.418223882213186, -1.194136186324103, 9.617592822142326;
  -6.464979452651747, -1.164081358093571, 9.682306531691573;
  -5.997899255925414, -0.1334987262462744, 9.059398047682695;
  -6.399020194679488, -1.343377672144289, 9.610838690941266;
  -6.496889130054239, -1.061791509854011, 9.767455157095329;
  -6.064743439666817, -0.2473112741413121, 9.185924650698892;
  -6.32939852510399, -1.486068907800862, 9.55555483305387;
  -6.334351892430623, -1.568948542761272, 9.562616831811463;
  -6.309565743568141, -1.623051722654487, 9.535733611712519;
  -6.408117082263251, -1.297634381554396, 9.694606207265823;
  -6.126684051847377, -0.208572261364612, 9.318805080076977;
  -6.00002096425456, -0.4922781658148211, 9.155761776174101;
  -5.935622202834471, -0.01564391913631225, 9.07110245236138;
  -6.396257429793653, -1.258597352936084, 9.740214965695284;
  -6.266046730574386, -1.36670048440899, 9.572675226023899;
  -6.170608684414087, -1.532274931998026, 9.463582453917811;
  -6.016495165581086, -0.6139631489821227, 9.267268238279113;
  -5.9565144487992, -0.181293006488385, 9.189923767518998;
  -6.162516599867663, -0.7118324453633143, 9.476889520523102;
  -6.376119428704896, -1.076198251170344, 9.810353248695312;
  -6.403727357389144, -1.144799100147529, 9.856003917633652;
  -5.909732392078011, -0.4108262294863026, 9.177226669609002;
  -5.883938594702824, -0.1109625054745189, 9.172650972896891;
  -5.77390830484469, -0.2363899672704622, 9.038780942077461;
  -6.066271651148952, -1.734557104050744, 9.450092218752197;
  -5.836282072640943, 0.2588233686830399, 9.142375124715754;
  -5.910272414641686, -0.19170383568674, 9.273594263797472;
  -5.921477869522906, -0.1559184189323487, 9.29466792683691;
  -5.956438509338504, -1.633274252205493, 9.398561924194683;
  -5.986934835783837, -0.5903448824850992, 9.479303278465689;
  -5.964936953560317, -1.343295209620053, 9.463338747459074;
  -5.84648666511645, -0.5215855339084446, 9.303444917947946;
  -6.018392946746909, -1.437920949323279, 9.553619883699668;
  -5.865927737654701, -0.4651023915960381, 9.343504310764502;
  -6.228564516209085, -1.14647653533895, 9.87653352871995;
  -6.095765345298463, -0.7566921984331585, 9.694881595693008;
  -5.750880616349185, -0.2283352709705218, 9.211604860228468;
  -5.771567225671995, 0.02936926008473033, 9.249434682030195;
  -5.845495866421422, -1.538044884962312, 9.35830663099946;
  -5.742215895360011, -0.03225287562698757, 9.221780471529685;
  -5.848132633529586, -1.495544107134569, 9.374061479644315;
  -6.014722783898513, -0.6786953555959602, 9.613861240674948;
  -5.958235742430719, -1.254863755624872, 9.539144267258862;
  -6.15535736949533, -0.9997116035938909, 9.836804612134245;
  -6.035612774412384, -0.7289803260138688, 9.672221631936433;
  -5.90844099148786, -1.788620394794568, 9.494053953452772;
  -5.921541493565541, -1.973462107411465, 9.525856207364639;
  -5.728834042787318, -0.492898411223668, 9.245299960958192;
  -6.105949195728602, -1.115975882118784, 9.795353974795587;
  -5.865729679744518, -1.849671606652825, 9.456387445686294;
  -6.140028459169867, -0.9201840714838079, 9.852689241877997;
  -5.771231388911223, -0.413552457337975, 9.319248232649409;
  -6.1141007972763, -1.065456473770512, 9.816546889860909;
  -5.691383623850295, -0.3101359446351049, 9.216087697942866;
  -5.693034292251814, -0.3507662388216241, 9.23015440663184;
  -5.887474600065225, -1.322218154300639, 9.513830768489125;
  -5.762866299612171, -2.085156949189894, 9.376904915528185;
  -5.667246547128316, 0.1823388129301961, 9.241504836734061;
  -6.037653097338332, -1.036618753066652, 9.787008744692219;
  -6.048799191292369, -0.7581873299108979, 9.806993506841945;
  -6.080970447459135, -0.8645375947848658, 9.865621080139945;
  -5.828000406309447, -2.046811693938546, 9.503208862849032;
  -5.651549013021102, -0.3417039609505143, 9.255361036024336;
  -5.783098888294, -0.5742091911841121, 9.449375310273544;
  -5.677892509802729, 0.1377641147179823, 9.30367626594929;
  -5.676575606383732, 0.2369254547067924, 9.314409390168894;
  -5.720976254316165, -0.5239949871264358, 9.380884438930401;
  -5.876171819901821, -1.304783577278641, 9.630889628664308;
  -5.971308155544443, -1.146713340878344, 9.79673936316386;
  -5.84840979599863, -1.680010216841423, 9.615943191050734;
  -5.820361669873736, -1.809351993026062, 9.576754188097951;
  -5.623454351733562, -0.2877394823362024, 9.302367568781397;
  -5.597845022922131, -0.323201308887718, 9.281381642647629;
  -5.8857215615727, -0.8759589210361393, 9.763145796639964;
  -5.634893574472146, -0.4193849488676749, 9.393429284348356;
  -5.717158358067439, -1.832756149126781, 9.534267518846727;
  -5.597933983466141, -0.328782759271676, 9.37381156074048;
  -5.920275914773916, -0.9432410488933916, 9.866709328922031;
  -5.569821553487034, -0.3638108418379056, 9.36140766886788;
  -5.699270693183306, -1.277974769372746, 9.557052665527049;
  -5.564461342314111, -0.04693096396129987, 9.362929629756353;
  -5.52274078743689, 0.3281528579032426, 9.302119401646776;
  -5.573397315555988, -2.035218893689695, 9.388839134174182;
  -5.848253927711429, -0.7786136707440671, 9.804794928009571;
  -5.661149060468726, -1.693247552091651, 9.535777171628908;
  -5.471099931440064, 0.2155191798709156, 9.252549431132326;
  -5.560426119393044, 0.09693320657599176, 9.390299343785051;
  -5.741735006171298, -0.5807925358492664, 9.665790212713024;
  -5.684234859333905, -1.615957028885731, 9.582555673566045;
  -5.694218798973879, -1.181761960770125, 9.603491284798452;
  -5.55951276928723, -1.883417579988473, 9.411342871183337;
  -5.525861930853145, -0.1500610112167765, 9.361924021878174;
  -5.865986158844962, -0.8884836495280686, 9.882351374609261;
  -5.532643232151928, -2.122952022594529, 9.382640622310058;
  -5.677109504384096, -1.020358239700562, 9.612040248538042;
  -5.660454196774976, -1.348928537844939, 9.594201174284084;
  -5.642160775354107, -1.208150357175921, 9.582074188937098;
  -5.649558510407733, -0.7251144167585076, 9.594665422787111;
  -5.531294874074744, -0.3669693392529298, 9.416060675736075;
  -5.549039241552147, -0.4043213864613834, 9.453585779924856;
  -5.670700573345409, -0.6481178034200823, 9.647345757762892;
  -5.595737605133477, -1.52219473907806, 9.533545827730499;
  -5.450839015045633, -1.832155609148103, 9.315143486350575;
  -5.686007009280049, -0.7734097423523633, 9.704640033819578;
  -5.579286930066701, -1.271818696310019, 9.55576393450214;
  -5.565169316600804, -1.425061018135516, 9.538720450743542;
  -5.473808446977516, -1.810399588474746, 9.404781806611183;
  -5.497942209452856, -1.660171315493033, 9.484698542526939;
  -5.653143236976493, -0.681687153652061, 9.740155202273666;
  -5.530884005640468, -0.8295887416523248, 9.552696236019333;
  -5.546653629460972, -1.204051742002641, 9.578561180969771;
  -5.532188333637447, -1.163477134268933, 9.574143202208177;
  -5.50153037711621, -1.508664053963312, 9.532024068412467;
  -5.62060894892242, -0.4991252709745186, 9.724747614484496;
  -5.402771820054194, -1.023230636694943, 9.391420006299024;
  -5.437362824359365, -1.781477496577691, 9.451642311189776;
  -5.39125084445669, -1.909200528267167, 9.3853831394729;
  -5.543635034225567, -0.9203032027991046, 9.676805549119401;
  -5.457912421202125, -1.84334125289773, 9.544613776653856;
