m=[-2.684907526642421, -0.629425622074727, 4.210803426262024;
  -2.679809855925123, -0.646606514935105, 4.218258700963357;
  -2.71339853358174, -0.4187728397471752, 4.262972096155819;
  -2.697266420047103, -0.3661068241344088, 4.246378187971719;
  -2.669023312835423, -0.6634966693711462, 4.215980634478746;
  -2.670233760913878, -0.3510082833406492, 4.236533753057684;
  -2.660337937527475, -0.3801716576347933, 4.240775450702033;
  -1.71927628884759, 0.5049369306453247, 3.476278777786052;
  -2.632083952947969, -0.7568959812887491, 9.313246326484205;
  -2.653026036662985, -0.8181083827583453, 9.386636203825441;
  -2.580639504644529, -0.8681321118622769, 9.161136026059312;
  -2.509694313951886, -0.7686169981510367, 9.064165324464382;
  -2.473078901325374, -1.10081286295949, 9.175887768372736;
  -4.396153853711748, -0.8202182670983218, 16.48959006095877;
  -4.19128561416282, -0.8972112143926077, 16.10120120230727;
  -4.292246766567993, -1.03847502819262, 16.47799950707036;
  -4.297770600955099, -0.8226372963032805, 16.51821719743213;
  -4.274774092467556, -0.7073179336423136, 16.44035765113868;
  -4.181158680972948, -1.035436883238168, 16.45015899106392;
  -4.146846275312629, -0.9159195392127184, 16.35167169813766;
  -4.150502986067683, -0.708600859120302, 16.36922546396597;
  -4.019272164509021, -0.8526817283519609, 16.08374325398067;
  -4.011000906642638, -0.953496678648143, 16.05689114409494;
  -4.016608778510137, -2.495152854496695, 16.44961294880782;
  -3.818031770732515, -2.54911013379972, 16.06879444426425;
  -3.938553363840177, -2.474778468113724, 16.54709377033058;
  -3.932850097645019, -1.240678303579132, 16.58218932179145;
  -3.880288738684549, -1.793571330954871, 16.38859402567979;
  -3.73555837218577, -0.4820087632916037, 16.05696600710436;
  -1.630804359533131, 0.1753791582332774, 7.577242629414251;
  -3.931644347408438, -1.000237355095535, 16.97458610955292;
  -3.75083157395317, -2.389369608778615, 16.26142809921643;
  -3.423823078730239, -0.2946779013331411, 15.17156149411799;
  -3.173111838937409, -0.2075426640958239, 14.69200849887277;
  -3.051967104534045, -0.2993456458763268, 14.30027283097695;
  -3.289417028792864, -0.4834107364948575, 15.72453478039236;
  -1.504420179368674, 0.4229355835735286, 7.749618267601122;
  -3.077778006204941, -0.1415834706789116, 14.83283155798084;
  -1.587370765103503, 0.0381749994780452, 8.604168055564532;
  -3.452725769175928, -2.317771404778467, 17.74198934942009;
  -1.36387496010884, 0.5447390600791363, 7.667361762688667;
  -1.356508102604782, 0.4386319314257824, 7.757176636138633;
  -1.283246288479014, 0.6226906062835518, 7.721400099996758;
  -1.361452097269783, 0.2340178091180533, 8.169587271986245;
  -1.299313794707524, 0.3949921840410167, 7.889585918300515;
  -1.291346840289686, 0.5350064581089576, 7.899241069596143;
  -3.079507221855609, -1.947017347151534, 17.58808737815796;
  -2.896257972740417, -1.771022370347433, 16.9987662245336;
  -1.251027891981189, 0.5313397186021714, 8.014055330651793;
  -2.760398162720994, -1.833610757177128, 16.97515622227731;
  -1.207435021542892, 0.5558452347556822, 8.02392369960924;
  -1.238835873755814, 0.6478145294830886, 8.245038012005416;
  -1.248386373028092, 0.3405121242057848, 8.321130058084689;
  -2.740780269982729, -1.890113878909764, 17.18282121568044;
  -1.207780802993679, 0.3313068812621222, 8.257139213381199;
  -2.909985802521456, -2.763143032411274, 18.65443003636754;
  -2.873782515685703, -2.688691545099649, 18.76992160492567;
  -1.283570125392207, 0.3925127039185142, 9.415087230043993;
  -2.752219105933119, -2.856932467253316, 19.34623849745028;
  -1.278896195609767, 0.8014902523607921, 9.707291337387275;
  -2.886280220399773, -3.278552379057108, 20.66245441686418;
  -0.5676361183725488, 0.7807683927254994, 5.103859433379832;
  -1.337640372468548, 0.7186900413963745, 11.05238321929735;
  -0.3089318363215537, 0.8241429246586662, 5.710551589517657;
  -0.1612317313901154, 0.82955902812885, 5.924279732596086;
  0.06748435865093209, 0.8156310385372871, 6.257729742659085;
  0.7544511865914271, 0.595803925574834, 11.50233672486847;
  0.7530997409656718, 0.7142691506717394, 11.43584211736727;
  0.7805655675652068, 0.198990651425998, 11.69874626008321;
  0.8647671249091422, 0.2892445918147543, 11.29296372771598;
  0.9248217752324657, 0.2053834114036207, 11.86575004255199;
  0.9297433992423564, 0.1927685672609744, 11.8524458548999;
  0.9889994493844716, 0.06376110805222426, 11.8286810812957;
  1.121748436995518, 0.2903602079963635, 10.70939679949539;
  2.423398444027462, -0.08264809395094001, 19.49397980535128;
  4.103297297788014, -4.285014813581612, 31.05449005612192;
  2.295323483507457, -0.1169709934140596, 16.80490608366778;
  2.148804941879106, -0.06374704700291675, 15.61295862017527;
  1.567475899751515, 0.1652757030883486, 11.37236595526391;
  1.931790243892502, -0.8743138885087266, 13.60617957991123;
  2.378574947871639, -0.2756225917493514, 16.16562163086024;
  6.200140156918666, -7.320107763360215, 39.18328741857439;
  2.411729283760311, -1.019427368460128, 15.80492020080454;
  1.606537295724476, 0.3842444953725839, 10.82706211360386;
  2.632046047536531, -0.3763289750662089, 16.57090828604306;
  2.324655655917191, -1.054876217706696, 14.55648084763736;
  2.454479073811883, 0.3095237672156427, 15.17730298911113;
  2.386565946298364, -0.06038178325644287, 14.6731679509228;
  2.617974998413257, -0.1957523197972135, 15.97549363695969;
  1.684557174867349, 0.5041492237198503, 10.60861915366976;
  2.44106292609993, -0.9259078030603071, 14.69549714861028;
  2.708647834913906, -0.816974435658594, 16.02618597360063;
  1.819381197073313, 0.5711072849850458, 11.03333513987445;
  2.56310877294317, -0.1814736753426972, 14.87216323035509;
  1.282836716509643, 0.8186807539236018, 7.861110801763047;
  2.657578611334551, -0.6643570727716719, 14.87758273203538;
  6.724513685704538, -5.030445896021279, 35.85693980261765;
  7.166513070913229, -4.474000622702496, 37.27736287022877;
  2.699617971237168, -0.8393548568966718, 14.61872491787497;
  1.416747247354889, 0.8248685961860907, 8.113053454605488;
  6.747996077871279, -4.040353405731308, 34.55635359735338;
  4.857102276337891, -2.52268511350452, 24.8832400998054;
  2.696970354666429, -0.6581281540106425, 14.14744960262688;
  2.137535201983865, 0.2735619062581859, 11.34153521943856;
  2.797013649349137, -0.5975441837845107, 14.52216739849992;
  6.185315315777229, -3.623931440759671, 30.79551882221135;
  2.54591614060305, 0.674885537494723, 13.221242755279;
  2.958144703568564, -1.036776867557631, 15.03213519788582;
  5.8949071268356, -5.234430739848292, 29.01072317576181;
  6.403195058908178, -5.202753853357387, 31.34799106118243;
  2.835380325449083, -0.6729113554751913, 14.40668469450461;
  2.785281918126723, -0.6117976479416949, 14.14869001779658;
  5.177191644519426, -2.925904290519935, 25.25946949951628;
  2.968430175457398, -0.4823644966909308, 14.80932895964411;
  2.909597673017064, -0.4284059675609387, 14.34582561390347;
  2.868611438833667, -0.6231973190950255, 14.04454375547138;
  2.888729080150103, -0.2572418975766326, 14.04185784022598;
  5.795248080995186, -4.440208739872435, 27.19333117968979;
  2.948344741480683, -0.51715961863705, 14.24312694492651;
  2.9332036572683, -0.9262840983067971, 14.09516453956132;
  3.021363472472691, -0.4382115315464731, 14.46990495406697;
  3.006116023012568, -0.3138531956267369, 14.29366214808706;
  3.210439237877154, -1.097296855668715, 15.16165985533422;
  2.890057900376791, -0.6078506410800605, 13.55754364909666;
  3.054060700174241, -0.3544331758699094, 14.23083825974642;
  3.055010680519278, -0.5605768684780654, 14.1516239164282;
  1.009701150306691, 0.7800275506449075, 5.381628598178193;
  2.491824534741779, 0.6249350394080179, 11.56532993338797;
  3.283681516330483, -1.086942054068196, 14.80763803543466;
  2.56860724837874, 0.5238450523553417, 11.75173761607996;
  2.598770812908654, 0.5298819933736153, 11.83515011333943;
