m=[-6.249308241627307, -1.229269499313411, 8.449034976706546;
  -6.225234019053731, -1.397198691500957, 8.438985781119564;
  -6.224075845155729, -1.25601925140874, 8.452729856892054;
  -6.160460086754226, -1.054100518955324, 8.378124606317899;
  -5.797427227153936, -0.273729770151104, 7.97339144176456;
  -5.770826495596191, -0.168730458819073, 7.943348547184606;
  -6.031877123047669, -1.315306704276877, 8.261386290513508;
  -5.879613709344481, -0.5955103968869741, 8.087886744225727;
  -6.011371975446259, -1.488957336398659, 8.253321137517148;
  -5.975959886514544, -0.681473640136734, 8.228099908287872;
  -5.759448159752912, -0.2707360636407821, 7.984190544333773;
  -5.923037961661223, -1.485349936069346, 8.198585796905958;
  -6.11554724337511, -1.027861219866144, 8.458298260581815;
  -6.13386347893502, -1.093711315881875, 8.491089340407225;
  -5.687145876769406, -0.1774021688015038, 7.970079103483504;
  -6.127719708918258, -1.06612048576551, 8.517465268200759;
  -5.743478167232886, -0.1472122808172668, 8.05434916166935;
  -5.835956772764983, -1.463377150921487, 8.222254864416216;
  -5.961296573492152, -0.7183301447576659, 8.410918814309499;
  -6.054462139641377, -0.8231035004847165, 8.532486523436822;
  -5.708712755481199, -0.5067344286977648, 8.117165961930237;
  -5.589786386645018, -0.2155838185431808, 7.990808899279883;
  -5.783297725511575, -0.4535360482093849, 8.235158179119381;
  -5.573441463796288, -0.02398292648737073, 7.989494990979478;
  -5.987046978232371, -1.03871471122834, 8.521774831695179;
  -5.737979424171853, -1.505347808091178, 8.213130600929395;
  -5.715594240720182, -1.462175914927889, 8.194607263409038;
  -5.920541905764937, -0.7322385017474133, 8.454012479999681;
  -5.592042214411022, -0.3627855461412068, 8.045508851529341;
  -5.986873283606349, -1.104137767808492, 8.542184159807894;
  -5.530394931841085, -0.2954624377437368, 7.993023972153462;
  -5.597546587943824, -0.3670184588788004, 8.078022699584061;
  -5.615865677629528, -0.3954066021287777, 8.104378958761743;
  -5.768799520958342, -0.6124708287769353, 8.30824598893075;
  -5.838357099194604, -0.7044363051195861, 8.398318785530298;
  -6.011909599977057, -0.9752073327224632, 8.640283757242129;
  -5.673420666939844, -1.268759848270628, 8.212589559832036;
  -5.992371522548374, -1.090191174162631, 8.640289200380275;
  -5.973725774070829, -1.036004661554614, 8.622669193419434;
  -5.997709417982144, -0.886398970925282, 8.654746545568294;
  -5.688028486453196, -1.400203759563047, 8.300797961722312;
  -5.67442971840261, -0.6046203832175827, 8.287503133828672;
  -5.625321066343044, -0.5516433373934786, 8.22787176999158;
  -5.55542667025143, 0.2392534803790083, 8.146836785801678;
  -5.880234510901226, -1.003428893853559, 8.566300428117177;
  -5.862930916061965, -0.7301000158507814, 8.545221390253936;
  -5.626168803826009, -0.4607633217094824, 8.244316536438083;
  -5.595155816557259, -0.5052853031660067, 8.205738402821272;
  -5.867480101833774, -0.8307806260620468, 8.5633656873026;
  -5.895931177279348, -0.9014647525638946, 8.607300387018803;
  -5.508826105905333, -0.3589450061320457, 8.114197686477064;
  -5.909399667789787, -0.9588278817205768, 8.637138861069509;
  -5.660583335831149, -1.252797463080335, 8.323044350695961;
  -5.466315195884694, -0.3098195426205829, 8.096463990151744;
  -5.535292847838835, -0.4603151660681402, 8.222641107149526;
  -5.512885811343844, -0.4041621058644357, 8.221287158629412;
  -5.71033386419636, -0.8502802068873006, 8.512326612355277;
  -5.519053561972293, -0.3184470723707034, 8.265662894738592;
  -5.645853676242572, -0.712448748516472, 8.437858828844465;
  -5.35277883143962, 0.3267867366946592, 8.05698626670277;
  -5.561545782974354, -1.242194402035472, 8.359307191619946;
  -5.382576031641481, 0.09930372278971875, 8.131889895312122;
  -5.542739853403929, -1.527400865320812, 8.355460941825426;
  -5.355576920274127, -0.1376573884906612, 8.114130442016887;
  -5.595810764599174, -0.7490007124285157, 8.435853560386677;
  -5.522063172271445, -1.569012183244745, 8.348011959337345;
  -5.504671387845384, -1.132857611452177, 8.324874471666446;
  -5.374283107850442, -0.3499015838785293, 8.186950363957896;
  -5.65263514390659, -0.854895390347555, 8.569266713178738;
  -5.594895267987248, -0.9965648160733385, 8.495787173283423;
  -5.402566796066735, -0.3874872756487069, 8.240255245716281;
  -5.437170439614907, -1.478545757450001, 8.302391697338921;
  -5.586044574739082, -0.7130590493912633, 8.50802330749814;
  -5.475071232845697, -1.245213722236236, 8.406001023991371;
  -5.653205505315139, -0.7699325926039912, 8.665548839808833;
  -5.411580844972137, -0.8111069291641901, 8.379088548059924;
  -5.352334700287192, -1.121225334458299, 8.304979770218814;
  -5.337623615849431, -1.460519949208376, 8.28762422874609;
  -5.375777254735171, -1.503894854525826, 8.342751788435765;
  -5.409823979044823, -1.127483744201877, 8.415363557088105;
  -5.449409304272917, -0.8905099812236175, 8.469564759509881;
  -5.402862716759207, -1.066517188580876, 8.412699930713783;
  -5.456202579208435, -0.9222317571101081, 8.492685628527976;
  -5.359276115986154, -0.8271248216229362, 8.419863228821589;
  -5.312441170065037, -1.281829404119299, 8.36225418733923;
  -5.329350370314293, -0.7233662660365705, 8.390137881954729;
  -5.30771809541001, -0.5465936534348959, 8.381662282504992;
  -5.297782561888131, -1.316984032309222, 8.368360283399595;
  -5.286031485081042, -0.4530055264147573, 8.410998074214978;
  -5.276604475349902, -0.7540453570877305, 8.411297830427323;
  -5.215848285977816, -0.6590252733507911, 8.349090968219583;
  -5.225393750404966, -1.253567478897325, 8.412608625851444;
  -3.729241624771819, 1.082042590270355, 7.017609010439395;
  -3.715145172436805, 0.9766466291450668, 7.040316372995209;
  -3.671904141624592, 1.004682948728584, 7.039616597364355;
  -3.593683267790543, 1.083058949731499, 6.974038384287629;
  -3.94268337329153, 1.253394422304431, 7.643554596425517;
  -3.825280957967332, 1.528822194453937, 7.52811670923135;
  -3.463744942135169, 1.07782006149216, 6.963353908751856;
  -3.427766584530046, 1.006706106161301, 6.930748891437944;
  -3.603727970665576, 1.273916399382928, 7.311270163895639;
  -3.329748225510782, 1.046895972097108, 6.904514888008904;
  -3.267373298973508, 1.302383264417172, 6.836131662073069;
  -3.276365355252, 0.9995239922912036, 6.926463454453403;
  -3.221369624362033, 1.32987863114862, 6.854207477633273;
  -3.189481610365755, 1.234239934356377, 6.804929051740336;
  -3.173360876624326, 1.276809020777305, 6.826430949408033;
  -3.246607704932226, 1.024773999848241, 6.963080732064521;
  -3.153871279022801, 1.23832385482382, 6.81478536790374;
  -3.136727914126886, 1.324639609804648, 6.828152719491786;
  -3.190321684971089, 1.297589014618544, 6.928931273060635;
  -3.129035117932616, 1.367697551313504, 6.824055986990397;
  -3.078394431654313, 1.25167762133527, 6.812424454082646;
  -3.082655503617886, 1.299402061820681, 6.830727324591429;
  -3.060233177362751, 1.32841358616004, 6.831103124273221;
  -3.024060333068668, 1.277288359270148, 6.820929289374757;
  -3.014645718930381, 1.243530334419592, 6.8249829644535;
  -3.726515628125424, 0.5885327408101092, 8.389439875228799;
  -2.964263305395187, 0.9658574427823826, 6.924334320187925;
  -2.900473997672262, 1.370204764169822, 6.832467033965309;
  -2.852908653952384, 1.277718611635492, 6.847773938258852;
  -2.769539151724572, 1.355772211065336, 6.799258130611239;
  -2.792156462824277, 1.273755108507932, 6.85367891651633;
  -2.75977908433696, 1.041607286314116, 6.916697704695586;
  -2.719081007003896, 1.273610143917295, 6.884516111610891;
  -3.628111787232863, 0.4222393819553428, 9.554128863322777;
  -3.546527282499679, 0.5238342366751704, 9.723012275395666;
  -3.431578142355127, 0.6628447260607188, 9.615501020608106;
  -2.398600325694065, 0.6134516763119009, 8.497705943289645;
  -2.357194051354127, 0.6255222667424493, 8.423321165628551;
  -2.420721156859222, 0.5996090492820925, 8.677435605697962;
