m=[-5.530466073353649, -0.6469193462638231, 7.587331706516706;
  -5.44142812633168, -0.8431738947661397, 7.504623994180553;
  -5.510285718685299, -0.9963647944217561, 7.587242553984549;
  -5.482727723402311, -1.093115242009678, 7.566972774110298;
  -5.437962749229566, -1.034246560756629, 7.516958658475634;
  -5.389528107354297, -1.334309966166882, 7.469095215900602;
  -5.304367128792409, -1.424103310705538, 7.400455291204328;
  -5.347512950838644, -1.303477652325371, 7.455957550076007;
  -5.423708864320245, -0.8433800569329002, 7.55281878078833;
  -5.392113313381961, -0.7396124542719665, 7.520781339675721;
  -5.311668443702516, -1.328301155532117, 7.431413661636369;
  -5.420271069375235, -1.513510544003893, 7.575625157252246;
  -5.347553931491492, -0.8900508905495278, 7.497729995196702;
  -5.29110618405009, -1.421335932484183, 7.437353310501497;
  -5.328620429284296, -0.4628791528245398, 7.513876844945193;
  -5.292200088190089, -0.7603302928790562, 7.476405442233877;
  -5.279250018732324, -0.7419301656380082, 7.543937127874951;
  -3.750416254260349, 1.065128416068467, 6.047077981628056;
  -3.761171964682756, 1.096132947815461, 6.102808044385274;
  -3.595249547815998, 1.137642220659131, 5.994536842057348;
  -3.599669147731156, 1.088858740577759, 6.016870630690159;
  -3.563252007684811, 1.124097766333599, 6.017881768149144;
  -3.763245476490408, 1.353896420751118, 6.410891458723182;
  -3.7342829812911, 1.270610653110707, 6.457028103321706;
  -3.440227657605854, 1.240009035949805, 6.072379293264107;
  -3.323259246129136, 1.047034689984449, 5.92477068508075;
  -3.259218939883076, 1.203620370143141, 5.897042547201786;
  -3.153342722064528, 1.245176960690635, 5.847411597830006;
  -3.224680688837015, 1.021234711400603, 5.955916717103269;
  -3.128367764046326, 1.259898318659189, 5.838421480553991;
  -3.003978603140568, 1.246032403276115, 5.838181207416485;
  -2.99446741288453, 0.9712309882716673, 6.014146242474713;
  -2.88180069142564, 1.265483794884373, 5.860749025076015;
  -3.737287142485332, 0.5922774205240052, 7.457952456599942;
  -3.716917293020348, 0.6273586328271685, 7.427221008209606;
  -2.751233238890001, 1.043302228991211, 5.933544754750673;
  -2.525008510745757, 1.074161267700295, 6.070103784970908;
  -2.524989581476818, 1.042752945693164, 6.071036611460899;
  -3.649094248294377, 0.4251136333306111, 8.665680831286137;
  -3.683154822758355, 0.5934445770666774, 8.788261694841641;
  -2.358296687175117, 1.128620459568049, 6.136485895236895;
  -2.327049400151188, 1.14415217157293, 6.079281289833465;
  -3.476799872386008, 0.515931714691686, 8.615399512620858;
  -3.421625258586961, 0.664809318865583, 8.655289599240337;
  -2.207353771307894, 1.132633071296386, 6.234134704685525;
  -2.35202475637933, 0.9475078382496213, 7.727079281489581;
  -5.410566653436089, -1.574682404153408, 18.2568739686469;
  -5.532680959724223, -1.723539141887307, 18.66016733051689;
  -5.607844536060726, -1.901875512332798, 18.90997697730545;
  -3.231829910558665, 0.775243911277558, 11.34345465892235;
  -5.522974971011088, -3.323980541839988, 18.7418775678692;
  -5.28246653777417, -1.650163690584673, 18.16235776044585;
  -5.181050772649539, -1.912851873725762, 17.84569019805773;
  -5.584347676881675, -2.336337912445929, 19.50626144196295;
  -5.317100065547648, -2.397155801517183, 18.7618247218095;
  -4.894848140332806, -2.488330946062526, 17.65519559879929;
  -5.534465325735867, -0.8411239913268466, 20.00823462904749;
  -2.323440771598022, 0.9388895606694968, 9.674277560931992;
  -2.743502816493983, 0.8117977404604601, 11.57131489325048;
  -3.376534271282412, 0.8509696081917019, 14.82029140833102;
  -3.222809157233635, 0.8471880988381022, 14.73933495845615;
  -3.096221266207109, 0.8778242675804739, 15.04370077232513;
  -3.134504662454257, 1.256235893548205, 15.45201364062092;
  -3.255438831103542, 1.369955812582531, 16.21927896463705;
  -3.052028830441182, 0.974991624147773, 15.30707428819124;
  -2.740099324496799, 1.102265925963295, 14.544796583848;
  -2.783932438651418, 0.9060037857025068, 15.03036774747266;
  -2.726381657872409, 0.7856200556597748, 15.15728686762015;
  -2.592157006354598, 1.265129930411032, 14.72580422645795;
  -2.652768146989925, 0.4707173660590194, 15.16058003257143;
  -2.636549492059185, 0.8044211195464002, 15.14930285103045;
  -2.676504395588561, 0.6680812061325911, 16.28378719691075;
  -2.45834226955938, 0.8414856001329448, 15.43330240326423;
  -2.445868860625718, 1.131797733343753, 15.40293093332792;
  -2.55965029320271, 1.344451420159294, 16.15346462766273;
  -2.446402561380806, 0.4349344965430791, 15.55752358098399;
  -1.15116480497369, 1.675403302001004, 8.355042711006558;
  -1.103411109831976, 1.668491738537265, 8.500329238398344;
  -1.07748399422433, 1.502485810321692, 8.847746709672778;
  -1.006832569679986, 1.625462466602217, 9.399803421478422;
  -0.8947552620909254, 1.661041310880538, 9.347133650817556;
  -0.8736138403891292, 1.667959150287996, 10.33902816743015;
  -0.3113480154706255, 1.663138789224918, 8.062900820774479;
  -0.3088486404426092, 1.70941021499544, 11.10254542439697;
  0.1513557612266397, 1.602476678168251, 11.28731573817951;
  0.7849483004604319, 1.589778597779205, 11.65318520154077;
  0.8316730962990988, 1.583278333858082, 12.14752168792255;
  0.9266874893179801, 1.614360261266492, 11.74629510527428;
  1.132745837477906, 1.552272106397032, 12.35367888621134;
  1.804183743996426, 1.592944920630983, 13.47901041726573;
  1.894080232933654, 1.613745792794999, 13.60888204306147;
  2.917848115101263, 0.6902270672526395, 18.57535305781273;
  2.119223809622981, 1.567497327578037, 13.62522834516051;
  3.159344534973348, 0.938720974270184, 18.75991200586416;
  3.334710242156999, 1.037358400008102, 19.12795784499132;
  4.162353408257476, 1.108428535131193, 22.22464682571267;
  4.02439415774713, 1.203194153945207, 21.41077632923678;
  2.672656095750809, 1.554565741311388, 14.28831354886496;
  2.196446841928229, 1.651726553257485, 11.286020653472;
  2.984187121672896, 1.577610853392768, 14.93675283890774;
  5.018964245469225, -1.098920295357893, 24.36599121994753;
  4.490067657294213, 1.209244866009553, 21.85839100605925;
  5.139275500900416, -1.639700617280846, 24.73332903744358;
  4.565276917744518, 1.136870073943045, 21.89532362672902;
  5.326235327656356, -1.555063928208008, 25.26886721679336;
  5.277507535108665, -1.524704768668479, 24.77497632955613;
  5.210032311383997, -0.4604507402386069, 24.21807030425443;
  5.407659849510565, -0.9412420234867487, 24.97455900156461;
  5.372281043062839, -0.6607771328408632, 24.79850582433756;
  5.272807799066657, -1.656062466710514, 24.2361981493415;
  5.432463382152334, -0.7800254182518737, 24.91096707139636;
  4.580061113872838, -0.1570894891927304, 21.16051088730794;
  5.449010819220868, -0.5644661810610366, 24.78995976907646;
  5.807244487337459, -1.966797501010417, 26.28821256606452;
  4.472165829875848, 1.334894366706674, 20.37833044248146;
  5.512912391288594, -1.164027005040785, 24.65294967536295;
  4.585088458891867, 1.249736831524933, 20.55478621347947;
  5.549786769710274, -1.01363178691039, 24.59598517245023;
  5.350558409134328, -0.2558472309391477, 23.57927295916136;
  4.893250470286136, -0.1393609711069533, 21.61429137739487;
  4.622674388722837, 1.166704286877879, 20.40030619844888;
  5.952473510180396, -1.956385241005736, 25.72100663486452;
  4.670882832619742, 0.9542896701952347, 20.34280214638715;
  2.020962419568481, 1.438632348932674, 9.424178085245194;
  5.617445810156506, -0.3549566782146679, 24.09973123579396;
  6.235746912894587, -2.16270228558612, 26.37851672803124;
  6.127239634853251, -0.2348144244366246, 25.79365259883637;
  4.7795622849974, 0.4713343612609139, 20.28680959000301;
  2.033009211256107, 1.473943943897814, 9.201441153024204;
  5.715646887367166, -0.8127072071848794, 23.88828769268191;
  6.298497332994216, -2.142507290171153, 26.1715281814949;
  2.025643041939933, 1.086288958311888, 9.112576603290236;
