m=[-1.800945482974206, 0.2098072632833117, 4.276792455359442;
  -2.598733334250197, -1.521666068583684, 8.494863687816654;
  -1.785096846148417, 0.7171412197348716, 6.444367561475504;
  -2.555566257365729, -1.152148803762421, 9.017525642660269;
  -2.844189806840491, -1.445864163695097, 10.25868952830596;
  -4.638832036911798, -0.8869353825092579, 16.99039792523858;
  -3.763740777587752, -0.6291920572368831, 13.78627768444857;
  -4.506468937549183, -0.9849989367039028, 16.89839155358263;
  -4.550717665143131, -1.12380163136321, 17.06080408758765;
  -3.730654243316279, -0.5448654508748886, 14.00508058687124;
  -4.574155202391615, -0.896979689137821, 17.16426551799511;
  -4.346817993562024, -2.542803139016353, 16.58355427387013;
  -4.422495713429172, -1.118052925240338, 17.00006752650923;
  -4.398510615463398, -0.9902475310475236, 16.93745756869734;
  -4.40588191202545, -0.8884855666042137, 16.96569818920307;
  -4.439473559898394, -0.7789881618733636, 17.09642156070982;
  -4.365273415036074, -0.8379948083760482, 17.04411140752019;
  -4.238830846882254, -2.669096254184163, 16.96870069302792;
  -4.025962979643912, -1.306867437136184, 16.6213741502236;
  -4.196364425291178, -2.83873446545596, 17.2655422624931;
  -4.057624913665381, -1.903246035298779, 16.75027757960641;
  -4.012069719248504, -0.4867970589521165, 16.7456146571291;
  -3.478024330127329, -0.02569373344358963, 14.8200367323334;
  -4.214159233328439, -1.093895641146885, 17.7794547142691;
  -3.930844775438087, -2.541681368787253, 16.66821094747269;
  -3.615485638942181, -0.3363001343669428, 15.62495009039023;
  -3.296248975582746, -0.08176664918148424, 14.58986750442442;
  -3.367103134839498, -0.3472933083798005, 15.33982284852277;
  -3.760621240637327, -0.8385215285002422, 17.13590727401953;
  -1.497272005710533, 0.6000714749314664, 7.381028247647928;
  -1.415614160750727, 0.4522276906399416, 7.099838279998994;
  -1.512634546012954, 0.6365478192447335, 7.536262527474561;
  -3.358588622873858, -0.5096575404423692, 15.66880249494631;
  -3.137810024399136, -0.1596703644829402, 14.73353737099104;
  -3.828765198732676, -0.853669992440092, 18.50385452759694;
  -1.326097600360605, 0.4315655902625711, 7.159561175312207;
  -1.313870547903362, 0.410401682590485, 7.238633699637492;
  -1.298394344424376, 0.3741386075532172, 7.218408137727014;
  -1.2788589960312, 0.4356401776301603, 7.177557489590519;
  -1.248515611843831, 0.6093513877658215, 7.092701726252438;
  -1.25911444827596, 0.3841605314710544, 7.234723322467572;
  -1.30559898008184, 0.2316704962440127, 7.461503128509007;
  -1.2416689307251, 0.3770309843964189, 7.510115618178608;
  -1.242069061385549, 0.3100323683376429, 7.55671775200704;
  -3.146305146510477, -1.956993813059907, 18.11347381406878;
  -1.184997042019552, 0.40562209721851, 7.439329308582925;
  -1.204347206341613, 0.3283216178203967, 7.633501473599824;
  -1.16700597441792, 0.320563915951547, 7.572301797132093;
  -2.932442155604615, -2.05717402625332, 18.08227892595119;
  -3.119044180819441, -3.008513583055044, 19.69057178230162;
  -3.135608760279323, -2.985239621781395, 20.18311926499101;
  -1.285440605676422, 0.7254193142056549, 8.917520014335342;
  -1.189294924513058, 0.5124356222251391, 8.845167503746779;
  -2.941504477220351, -3.207703530961589, 20.56780461390173;
  -0.444996230138159, 0.8260997758406834, 4.648689327058303;
  -0.4064687308471498, 0.8210806245006544, 5.09390428518387;
  0.07751854305393784, 0.8207263229544836, 5.78092478226363;
  0.7247860587805483, 0.6964020813263746, 12.14098626169476;
  0.7645293494468229, 0.5696273399579794, 12.03203438744391;
  0.7598643806327848, 0.6779815457978693, 11.56473112806043;
  0.7932322269835963, 0.4324538910890769, 11.89072165323326;
  0.7822152333848861, 0.5270965567496698, 11.29965938869978;
  0.7270767387703137, 0.5588112876631146, 10.36282278460032;
  0.8139167034578525, 0.2003487343978471, 11.31921599131123;
  0.4072972060945124, 0.8249108645811537, 6.04665271828145;
  0.4322713869304562, 0.8229266094086065, 6.313810163119217;
  0.9402513902973924, 0.1414658852726363, 11.92469352619145;
  0.9562961771866091, 0.2121021621046379, 11.56564305071742;
  1.122454584065585, 0.2870103698475257, 10.06263268928469;
  2.217015387392932, -0.08115686076508216, 17.16258022635957;
  2.171183902255498, -0.174822314507245, 16.22811643351941;
  1.354540501652026, 0.3674930878148284, 10.11717666655398;
  2.051015810469989, -0.05123116194414044, 14.2926853619436;
  0.9506077583996404, 0.8393079725354796, 7.10196614997755;
  1.626134276971132, 0.1700279121640809, 11.19562154391438;
  5.391023521576584, -6.372786688814446, 33.4467418496583;
  2.238774259087013, -0.1990293867698351, 14.45374612019569;
  2.503484766916202, -1.036261166572389, 15.6426618482373;
  1.581607885118189, 0.3741348175180432, 10.06869573266712;
  2.35054530313998, -0.1823358491370649, 14.28531111197754;
  2.24822553681308, -0.9019692081588717, 13.7092307732328;
  2.361141440906274, -0.1125161375780695, 14.21407668788988;
  2.272851559413827, -1.022799592473238, 13.59477392961645;
  5.274108916709408, -4.640439945450129, 29.88247902083517;
  2.44165522368749, -0.1835806612780503, 14.2913592236124;
  2.441272282800058, -0.279444466354867, 14.27429167208645;
  1.660221224487816, 0.3694572145797464, 9.973949612050289;
  1.71430814367127, 0.5093642029263453, 10.17941208063927;
  2.408152131238889, -0.9044602470190299, 13.85579098699411;
  2.161718256796727, -0.4191373908036977, 12.37241885040702;
  2.433930195374209, -0.5666665938556366, 13.72403587082662;
  1.799679200754867, 0.5598424452660538, 10.32299222024162;
  2.574595371518161, -0.1803538916812456, 14.27839214309712;
  2.519919486867731, -0.9531537003937317, 13.60207969666614;
  2.51710801773113, -0.6243986175229728, 13.47949747987958;
  2.568420626503245, -0.3488375913656977, 13.69374570543209;
  5.744290334685314, -3.584372998233745, 29.25089273330141;
  2.693298384982899, -0.3164508045236193, 14.06712549334486;
  5.966570133388514, -3.556703569696021, 29.8318805645998;
  2.614974070429755, -0.810105199266787, 13.53801815737633;
  4.691599702863814, -2.406271852886762, 23.30173412613614;
  2.855829877565989, -0.2334348525981252, 14.56921283638249;
  5.483706174710888, -3.193730832888665, 26.60765915143118;
  2.724648211980511, -0.5125982610227041, 13.68794821824266;
  1.411875474960332, 0.821225464757931, 7.548041631790534;
  2.72090148872024, -0.5839718405128483, 13.51971975811513;
  5.821144764636475, -5.097552028931155, 27.84318293019635;
  2.711527605840099, -0.4137988110944557, 13.45616272364825;
  5.887308846182346, -4.741320631667299, 28.14451990297011;
  2.732735859278416, -0.6432324628187928, 13.28369268808546;
  2.767124201756736, -0.6058718086767709, 13.43379245336813;
  2.774640541692935, -0.8852570383022405, 13.35326301660585;
  2.870102962883541, -0.4648444979135554, 13.71303537849662;
  1.679515999535584, 0.8878875758396801, 8.406482017116588;
  2.873075696336628, -0.8388319523144535, 13.6305220870651;
  2.457004948594188, 0.6118567280616866, 11.78393325777112;
  5.383913028268591, -4.077010781041699, 24.60202288773062;
  2.76441375488815, -0.4004045873403168, 13.02807410500199;
  2.871315091240603, -0.2537602610124342, 13.34688665814812;
  2.931197728174072, -0.5101960104158608, 13.5373475116341;
  2.906743378052624, -0.9129383797384699, 13.36070100871869;
  2.916523485901308, -0.4187717968621159, 13.37393653842844;
  2.505859060283692, -0.0859473509156039, 11.57741274817944;
  3.208783632337445, -1.086750806363576, 14.52550971279498;
  2.940440780867349, -0.3046019604801684, 13.37736537500142;
  2.40700619013481, 0.7184659795874008, 10.96801178346001;
  2.44793713319182, 0.6672231569871925, 10.97401389044441;
  2.983311685973309, -0.4402127477428389, 13.02113501666347;
  2.482984809019813, 0.6266738206790357, 10.9576505136664;
  3.148363270036892, -0.8182702365306122, 13.44597404147462;
  2.414124168999828, 0.4932201983223547, 10.5140831158958;
