m=[-3.764392349841205, 0.5993599866854262, 6.541953087043994;
  -3.751322218907585, 0.6384488868660889, 6.524827027007264;
  -3.722456448536663, 0.5816582717172565, 6.552091744115018;
  -3.661543277489071, 0.4282329786445112, 7.737285618277078;
  -3.653887746941465, 0.5927890342472276, 7.771845818868973;
  -2.175343953812097, 1.003400888653323, 6.070484597954359;
  -2.124265976181222, 1.030650822313509, 6.057450642245161;
  -2.539659399713737, 1.027122974841373, 7.318245525810869;
  -5.211967311954409, -3.187064576398822, 16.04103007042013;
  -5.147408395146884, -3.044952591843126, 15.95524000820913;
  -5.132808102156026, -2.907815763102244, 16.09830335347132;
  -5.433199689008149, -2.538351216095756, 17.06123250622085;
  -5.087811622637124, -2.888169399566952, 16.32857738366406;
  -5.36774876338372, -1.991706402828727, 17.52514653754873;
  -3.283111477878598, 0.8293635813081706, 11.2775615894597;
  -5.090983698731059, -2.326019627537721, 17.10048703799455;
  -5.992933261831927, -3.335275335264369, 20.05941724497829;
  -9.895605637508377, -6.70203501980019, 32.41169163362152;
  -9.96316709935831, -7.235792390248972, 32.76945785515832;
  -9.578404897819459, -6.422301711642066, 31.85358775653598;
  -5.532504379980805, -0.4086409811407984, 18.96899668357797;
  -3.27529706950514, 1.169941078082636, 11.75041418444603;
  -3.306810547365088, 1.169983887879037, 12.0602352842589;
  -2.336848341302663, 1.002648527721163, 9.045499045339261;
  -2.299574585585939, 1.040777698289753, 9.02351723096532;
  -2.643928431573889, 0.7772328973518881, 10.24963018571742;
  -3.194774966721494, 0.8436011953739396, 13.71036501934441;
  -2.991135859509005, 0.8511991689220887, 13.65907817868911;
  -3.017973083482448, 1.224502259055116, 14.03403841983451;
  -2.814035800489497, 0.9014545376133558, 13.27946440028494;
  -2.983436633595195, 1.267883682103471, 14.05871406606289;
  -2.707019374648866, 0.8830730915507994, 13.73984532216715;
  -2.656975116450824, 0.7710298018701655, 13.90796960426155;
  -2.552111865773987, 1.254183076140063, 13.6236368023067;
  -2.589546931254474, 0.7942004747153043, 14.00795848248536;
  -2.774224500723095, 0.4994324370529059, 14.94036902187249;
  -2.503068800830855, 1.050668717011259, 13.64093064459562;
  -2.431845914326368, 1.041280626030848, 13.90745305154251;
  -2.505246163823939, 0.6232367314389832, 14.40791637809322;
  -2.47243407071057, 0.8488113283358805, 14.63249310371748;
  -2.513903060004262, 0.4200336324048373, 15.05221416002254;
  -2.484300930027943, 0.6868430417819254, 14.90015938418521;
  -2.359539307033939, 0.6546670252320015, 14.50440097621859;
  -2.229749357653589, 1.038346633960021, 15.32582655566223;
  -0.8881476713647686, 1.692777131665935, 8.481616940009415;
  -0.7262274721072587, 1.673347664541534, 9.416456853187887;
  -0.6041963133906051, 1.702702268794256, 9.678626936264074;
  -0.2832876124357571, 1.637666414841599, 9.657428403706881;
  -0.1061343756476886, 1.586573380384492, 9.814337803651469;
  0.02587127681001775, 1.662315648025139, 10.48285320544259;
  0.1725223208961245, 1.662155974654001, 10.63505263894485;
  0.2409353562449546, 1.648062926471352, 10.66810500855046;
  0.4323715197314286, 1.638636300005399, 10.7137616412175;
  0.7497305540904918, 1.633410224614, 10.34852730417439;
  0.8304128312483138, 1.646145180962124, 10.99890906785996;
  0.8800913942641233, 1.638826960451478, 11.51437811115954;
  0.9637198675338468, 1.65476851905735, 10.97254470195322;
  1.049613011191776, 1.640706268168712, 11.6493143484964;
  1.213287684418951, 1.636700292187288, 11.94642107921159;
  1.922803255494761, 1.692816735551352, 13.18924177383518;
  3.241324240277332, 0.7693355733902005, 19.40904902343864;
  3.548878438504207, 1.048409435684108, 19.83581748059888;
  4.129054862035082, 0.7561645234071638, 22.6509661870388;
  3.705298002373606, 1.14456041331265, 20.03347727004172;
  4.905746482355275, 1.37526278607606, 25.53646077501186;
  1.834231980075271, 1.6337702863642, 9.986211695926441;
  2.646845266110927, 1.675714417233936, 13.89865418778457;
  5.359967274821036, -1.643666911006678, 26.52889235459201;
  2.723280787278432, 1.642412284607454, 13.92531083297152;
  5.759899316890719, -1.854210207101675, 27.71280019968771;
  5.389448789000927, -1.270324665377116, 25.79046181592702;
  2.86120466954982, 1.66008818597326, 14.13418677708723;
  5.705663445384722, -1.207622858459869, 27.08890688695353;
  4.375514481203402, 0.5623962872945127, 20.80521268188337;
  2.799171672069191, 1.699231483528673, 13.52736552977387;
  5.615090325942062, -1.296390756959597, 26.07619238561088;
  5.759840515798305, -1.260766043375802, 26.71570741018387;
  5.789368113203135, -1.82933759490732, 26.61490437247347;
  5.95851126737031, -0.9474146623104861, 27.24212275516104;
  2.116463685301187, 1.686517649654347, 10.30602111364385;
  3.074089922837685, 1.627008403901834, 14.45618071054379;
  5.981884388383424, -1.723914721491843, 27.13464132057957;
  5.0927471557567, 1.266813878074655, 23.22892629377635;
  5.447597152655106, -0.7792003435625244, 24.56342985064507;
  6.132099928333629, -0.5295494897052426, 27.22628215815718;
  6.111150510199349, -1.045863515154352, 26.98781216264779;
  6.238689024746362, -1.948447081961998, 27.38131100558718;
  6.03019338070766, -0.846626944083014, 26.44113727781563;
  5.26808029994571, -0.1618117351841738, 23.09331790988;
  6.909346416910775, -2.30693383186279, 29.95113863447625;
  6.128244372212387, -0.6207021712001195, 26.65954427389375;
  6.45152554365573, -1.065923933017811, 27.66096664455491;
  4.993514225046548, 1.484657379754719, 21.55695040568701;
  6.245894422025927, -0.8187643163016745, 26.41354967305131;
  5.026084171513884, 1.376095956520115, 21.36759081113799;
  6.39305713213464, -0.2773390024102145, 26.88621010430727;
  5.357369522422452, -0.1447149104544654, 22.48315367420869;
  5.12758661464976, 1.292923617891602, 21.44352094435471;
  7.033157912332249, -0.447562079689873, 28.83152910222809;
  7.65934323207167, -0.7292058914466245, 31.06405294646923;
  4.778355462743796, 0.9791213510044351, 19.71898293795181;
  7.056380306206701, -2.421677767422613, 28.60093324783107;
  6.603810248485025, -2.075842872677643, 26.69714493094746;
  6.250442085984193, -0.2181098229476166, 25.21864108119597;
  7.047461077813686, -0.1114173806141067, 28.09569610280949;
  6.647444904243768, -0.9302615878607431, 26.52490273332257;
  5.106828588258111, 0.5068934533372079, 20.53162563824075;
  2.202919454925223, 1.161332987255666, 9.422765572848567;
  6.683726222599451, -2.098016148879779, 26.49074955268788;
  6.975518449841226, -0.3387313037781, 27.16140957590131;
  7.226528861205368, -2.338202697402157, 28.08173896825281;
  7.997735134962746, -2.754651864717606, 30.58954798085775;
  6.905466293712957, -1.620758811114746, 26.48567884005868;
  7.633145866423274, -2.828161638498151, 29.07992036844339;
  6.87659893011309, -0.8480359156293803, 26.22402389486447;
  6.718589112725991, -1.451136235433375, 25.60373459686545;
  2.12823365942245, 1.507016184961447, 8.782144162577698;
  7.638748910483579, -0.2636680889146267, 28.49852852023854;
  4.584642691837352, 1.105997697351599, 17.51845579806363;
  6.643189292149385, -1.902739482570518, 24.8274307587879;
  6.934819590638135, -2.404564419173821, 25.85470324878077;
  6.900709442037573, -0.9414964392399875, 25.66029198734433;
  2.029821634372536, 1.646638213514769, 8.252162777634105;
  7.077203665826143, -1.271551298707415, 26.14605598931246;
  6.680984883942535, -1.639750294880121, 24.64477818321443;
  10.17316253280565, -6.191345783417519, 36.97166041136424;
  2.08682190477307, 1.376066423021516, 8.362832837950652;
  2.030203134062875, 1.475653015825658, 8.12866462340717;
  2.042301564153103, 1.106375892060648, 8.119975821809195;
  7.001823216895057, -0.9546149948796746, 25.36987226378311;
  8.100421144772025, -0.355445792923238, 29.12672006683673;
  10.38210996054439, -6.074983990524177, 36.82982988342194;
  5.111676428173255, 0.6848074604987273, 18.5848310883675;
