m=[-1.700459740745436, 0.3708405371300727, 5.400808657117945;
  -1.681514204426923, 0.392574842350657, 5.405403828818202;
  -1.698280342098165, 0.5029175714272741, 5.588472975035087;
  -2.55867666425951, -1.44953019651961, 8.024915855980616;
  -2.536405153257616, -0.3974102839231277, 8.042126125332882;
  -2.524742213267314, -1.433206207892983, 8.102785963952526;
  -2.320298181302295, -1.29132646008988, 7.766452139211616;
  -1.154619807554985, 0.4954013615951464, 4.469315437537727;
  -5.080832528683978, -3.406688252755135, 16.89662804560929;
  -5.119761277397756, -3.596492551732584, 17.08703603243826;
  -4.707384544700592, -1.110180084827482, 16.0225534883632;
  -4.936607397693996, -3.309886888045617, 16.83659672534728;
  -4.496114220662473, -0.9836140321735326, 16.0614902718408;
  -4.395249365259745, -1.107114901751704, 16.08146748909206;
  -4.437643867584903, -1.000693630000672, 16.23132003329089;
  -4.38291731160352, -0.8785010553506782, 16.05409893380181;
  -2.589937828467415, -0.3890051881973027, 9.48586814430943;
  -4.370815067015156, -2.464049467608183, 16.11792847604864;
  -4.468026132522472, -2.643562115788567, 16.61833478168281;
  -4.304476125628572, -1.109350804411998, 16.14333192389711;
  -4.308845154031346, -0.9933284388206841, 16.18863899071211;
  -4.209491069151254, -1.053044933633981, 16.05393854583515;
  -4.082144225753326, -2.604848312616598, 15.96542385540831;
  -1.557741622284939, 0.4113318491386165, 6.685042442682336;
  -3.774395054522741, -0.2744204759471107, 15.19766016765539;
  -3.836168761569646, -1.254544771588449, 15.44255217473644;
  -3.989037730613124, -2.736798703927513, 16.0201144736102;
  -3.988654797985873, -2.578217061349599, 16.02071256819872;
  -3.94135689728579, -1.877852047496878, 15.8903364094987;
  -3.752576505556255, -0.4776590730321914, 15.28419880374337;
  -3.820719999203139, -0.5415084833536537, 15.65759244489233;
  -3.397108967374672, -0.03537656442513761, 14.08894429130456;
  -4.023592318895461, -1.05790712478591, 16.60203963470073;
  -3.919912673052677, -2.583899617306608, 16.22746026409211;
  -3.263656027787079, -0.1753512819595805, 13.77298097871962;
  -3.44381421490589, -0.340714104406702, 14.49759880160725;
  -3.218656746665735, -0.09403285226691804, 13.85866222052112;
  -1.521470572142597, 0.6173163580785547, 7.075071868917477;
  -3.280364600645577, -0.3512656415590514, 14.53955600023469;
  -1.328700826036828, 0.5360122975369689, 6.613755883571892;
  -3.404769651148011, -0.5344068931350315, 15.50679603154649;
  -3.549268379846276, -0.8054074412247146, 16.80625170299295;
  -1.302466748635675, 0.3779639007250105, 6.817778547653028;
  -1.254508675066003, 0.6165025797807295, 6.69679522424029;
  -3.347200070243933, -2.313702859284868, 16.54868119912768;
  -1.27082878057099, 0.3897565279198906, 6.874452276469111;
  -1.249336546809727, 0.5244118045481379, 6.808487717610159;
  -1.187227163617426, 0.5083531965942111, 6.78961851252777;
  -1.172500547467761, 0.5462199875832815, 6.963792804054455;
  -1.189217316306734, 0.4082701908586163, 7.0380902713732;
  -1.156298135269599, 0.6097694849531561, 6.896865791433955;
  -2.996351969464804, -1.957159696560763, 16.48700925012824;
  -1.280701899473879, 0.2139851291095035, 7.668314491806934;
  -3.011706547944633, -1.905978913908336, 17.00740168139873;
  -1.169107487680675, 0.3243752366636701, 7.1866587409964;
  -2.64013337999783, -1.813469455660252, 15.63011678281158;
  -2.683757253551001, -1.919400786325515, 16.23258628301375;
  -1.2792386022563, 0.7561583256398647, 8.292548127306565;
  -1.304650664545063, 0.7409659695966077, 8.620254680021287;
  -3.022980233714046, -2.965612755367136, 18.79016417911339;
  -2.920145121191967, -2.257421211876368, 18.3716542347141;
  -2.883296419564628, -2.78914020558597, 18.27405175406033;
  -1.16875544814332, 0.5442644400082345, 8.033254151524504;
  -1.206532902866401, 0.5210540119591379, 8.588198946773067;
  -2.916556797975914, -3.439740901640269, 20.44459669136401;
  -0.4884977595564221, 0.9188542619660508, 4.897826255524694;
  0.7695059167849657, 0.7211908560766777, 12.07509940342523;
  0.7936279132224986, 0.5733805171919902, 11.69190577293181;
  0.8150221694528183, 0.7111791749104157, 11.62379605261309;
  0.8451390010285259, 0.4493194271569189, 11.87358109468939;
  0.3677992757913688, 0.8273263375581511, 5.575790947971831;
  0.8491774339505165, 0.5599106995052459, 11.47504865709406;
  0.7785273238988233, 0.5850385473436839, 10.33398144720094;
  0.8269979766713419, 0.740355277194978, 10.88354653337774;
  1.044270375089484, 0.2318853413330783, 11.83930329472807;
  0.886169366194617, 0.2887089748288092, 10.14557715524943;
  0.9456866865212753, 0.2449207029706345, 10.20510828403119;
  0.9515700305966627, 0.4716776710697381, 9.855397798277368;
  1.220491306397172, 0.1358465839992081, 11.36875966767741;
  1.15139710000462, 0.2935996564848759, 9.674175019095392;
  2.419909135914713, -0.08847479988491586, 17.992453149826;
  2.233316116967816, -0.05248643341728507, 14.8612292900633;
  1.944461990956318, -1.011408556976808, 12.86815306683788;
  2.1488082419802, -1.056333791889667, 13.59269255298388;
  1.495421088943868, 0.3463218984515082, 9.643394424344798;
  2.500072643852044, -1.019227236006829, 14.98759470201843;
  2.343752335342392, -0.9267674643299151, 13.62351315944473;
  1.631657110585639, 0.3872774723213733, 9.770362512726985;
  5.597994817374058, -4.820086612762678, 30.83467081763058;
  2.299478475928682, -1.026408648318449, 13.11855470097608;
  2.526480371826692, -0.1852991908702157, 14.16141559563881;
  2.548397942588055, -0.1200064528233935, 13.96827588253239;
  2.47330402025941, -0.9176383037299314, 13.58118838348844;
  2.690528486452493, -0.2596691575480634, 14.66406329453202;
  2.573341364051095, -0.6371361099103482, 14.04094490895992;
  2.542833754018212, -0.746521257622019, 13.81573615825806;
  1.744547480504551, 0.5153741023405698, 9.750834245005065;
  2.716360836065997, -0.1809464079783384, 14.42458858943759;
  1.873149175561053, 0.5786126765520637, 10.12757716328372;
  6.364067151793269, -3.937082104251895, 31.62737172205473;
  6.508505972523894, -4.606267398784281, 32.08497772934754;
  2.609594606783937, -0.9768337027474561, 13.44603384236577;
  6.388329176416461, -3.780222082939124, 31.18227771735457;
  2.506183458771088, -0.5694299637871785, 12.87857102704944;
  6.017669399507136, -4.01955231368585, 28.86526380495505;
  4.818319118923043, -2.450523109147379, 23.24210320953986;
  5.685713271802496, -3.287704655728065, 26.89073279292031;
  2.660323777411174, -0.8158046385910147, 13.16714067468986;
  5.756472451712008, -4.03717903269956, 27.00013045786705;
  1.344316499685079, 0.8510850893666629, 7.059041337731484;
  6.436926450254496, -5.081909982439242, 29.89852212697497;
  5.971831972164733, -5.156548143357234, 27.7734559671446;
  2.759656283272569, -0.6504671594168624, 13.20595348156522;
  2.691309626163683, -0.7847790614116381, 12.87803712190646;
  2.788270473914014, -0.5901468237827781, 13.23793454810155;
  2.870142864864135, -0.628242857373025, 13.31250349602947;
  2.78158242950046, -0.6422012010502474, 12.91752658598948;
  2.885873048859065, -0.9118846753530771, 13.26694618905251;
  1.455037766515015, 0.8442216776881417, 7.187803018256244;
  5.190089544849934, -3.848091138569433, 23.00639548362717;
  2.529721407037684, 0.6292647343537157, 11.53850963157337;
  2.652798611542404, -0.3794446490061335, 11.96157329121725;
  2.986664173506271, -0.2579192295437633, 13.2606712952961;
  2.970447767063874, -0.5083630223243314, 13.11796956116228;
  3.060411298207499, -0.9558177110516202, 13.43200041368294;
  2.804341575169397, -0.3388799214454676, 12.3771041582704;
  2.986922289886835, -0.4193578432477347, 13.09702978311402;
  1.56526567175506, 0.8284404380512328, 7.360800750426399;
  3.199883145047202, -1.068396088412862, 13.87108677267387;
  3.03433269228147, -0.3073338424268272, 13.20017966620302;
  2.621602397223178, -0.08052383576272434, 11.49213644161845;
