m=[-3.572645064652803, 0.4284889727119563, 6.603946730108977;
  -3.626066153910174, 0.5982457608473594, 6.75053722062713;
  -3.360759780637927, 0.6170364035418207, 6.643898779783718;
  -2.37493142035303, 0.6549724581118478, 5.644366314417444;
  -3.289861111330136, 1.348156094900822, 8.227920127769258;
  -2.608920008657644, 0.1967940459482437, 7.473958524594749;
  -3.82789669617896, 1.106349676837826, 10.86963039409308;
  -5.242527156859202, -2.993942269734025, 15.53407321690755;
  -3.614654641427994, 1.344145883606572, 11.22127066456915;
  -5.165050515034096, -2.94258636146176, 15.65914882743179;
  -5.411373543936739, -1.710131895568522, 16.42400635410352;
  -5.328053128088392, -1.581346084932744, 16.2081151795254;
  -4.980723240995874, -2.821429581290942, 15.47923684763276;
  -3.450786520160804, 0.9830948975578894, 11.08168337001305;
  -2.331726919445077, 1.012521632333883, 8.077453769640679;
  -11.03863239299364, -7.046639280125972, 34.87798394217995;
  -10.9840365107742, -7.182276425535563, 34.96591259711892;
  -10.87683101845945, -7.417136115337659, 34.749563001834;
  -10.97491328251755, -8.015520788271372, 35.20905049957667;
  -10.05971389573215, -2.318164268632086, 32.33990351560149;
  -11.26313160000591, -7.592236307048281, 36.50008730061685;
  -2.642016045393474, 0.7834831553398145, 9.299300357476477;
  -10.84391861519185, -7.663751509968684, 35.33024001595979;
  -10.53824343218725, -7.112012546579908, 35.07141262061704;
  -5.737396557116145, 0.05271586914038544, 20.04224391183757;
  -5.328079463650078, -0.7099962932054336, 18.26972623178014;
  -5.722800158390699, -0.2350561614614296, 20.04227663114869;
  -3.265306213144152, 0.8371268958433488, 12.53772942756519;
  -3.124184560551452, 0.8363113901006108, 12.51871397586763;
  -7.890424879083371, -5.444611178911285, 30.96122807782497;
  -3.129307458538974, 1.288776765540027, 13.62239281553131;
  -2.661580451858274, 0.8526440846728515, 12.92832803908099;
  -2.638859406507101, 0.7807315240450939, 12.93363315169394;
  -2.633306766448636, 0.9152418908146442, 13.00664122695196;
  -2.522452285225672, 1.258115122776221, 12.58592475308987;
  -2.576902274174426, 0.8065701361776104, 13.06399782708961;
  -2.562310714475819, 1.091226778228974, 13.05246887307836;
  -2.480495159112868, 0.8487012800358981, 13.22564936285154;
  -2.38103836158029, 1.034589199957882, 12.75184996828483;
  -2.598911419984293, 0.8060044667679328, 13.95036372314728;
  -2.359555247405825, 0.8286024152790131, 13.14433569056793;
  -2.472170787378177, 0.6906521369120816, 13.95899081356065;
  -2.704181826359938, 0.4339860215717392, 15.25822905448508;
  -2.706214780692899, 0.2791040917022545, 15.46460573683441;
  -2.343956288784817, 0.118696405824504, 13.54203798373357;
  -2.404807192612191, 0.6815927377438922, 13.90365617176286;
  -2.976588582401309, 0.9333945434988171, 17.55996474767528;
  -2.637279996816483, 1.441967050159443, 16.15065928555329;
  -2.328604155872593, 0.9292994636622769, 14.53439295719623;
  -2.57045212928457, 1.471529619397559, 16.16920787499841;
  -2.521632796056698, 1.20337751049858, 16.40348221497169;
  -0.720576208454343, 1.69855904965105, 8.491435852787307;
  -0.5781950385560877, 1.691173365856777, 8.558050548832956;
  -0.5010617448452625, 1.679390456423429, 8.647600631785286;
  -0.3481884833225697, 1.663864438189143, 8.76665016963517;
  -0.2781768706258592, 1.708253673153652, 8.965512205286291;
  -0.1041850909462806, 1.617406127873071, 8.925534270838703;
  0.2608283057967774, 1.669685206475078, 9.72319978929686;
  0.4568110079985621, 1.669432035387469, 9.824372872065057;
  0.635196088918787, 1.650812985819868, 9.376512607695927;
  0.6839378757412492, 1.651651566047789, 9.620494953802851;
  0.7791083624835106, 1.654423570539757, 9.672660045971304;
  0.7758398654842433, 1.658954696161059, 9.427301144762783;
  0.8489103147801007, 1.629404238134741, 10.06426399588023;
  0.8398658856308136, 1.648113900697046, 9.927010036913041;
  0.9563429736478167, 1.681698807331845, 11.1516933890365;
  0.895759310426421, 1.648402627965622, 10.49105782850754;
  0.9830859885145262, 1.677575863977038, 10.0211511431096;
  1.054801262104696, 1.634891691674284, 10.52449951697696;
  1.033574599322126, 1.640831811327454, 9.767134008935278;
  1.230159069790224, 1.645426674471376, 10.92033579360745;
  2.637589670853284, 0.7228018165902947, 17.36561074399806;
  2.911562286332092, 0.3040055169937707, 17.88614166656048;
  3.11864532966979, 0.7454499210667844, 17.54056136024775;
  3.285134257832897, 0.9699347596885148, 17.27202683534472;
  4.587642907716802, -1.792694044160979, 23.58064427616271;
  3.617065920628907, 1.118999000336924, 18.41575420077448;
  4.460007772695521, 1.255077337585077, 22.12816878149214;
  5.008000567362219, -1.843548228331478, 24.64212139812399;
  5.154481491211897, -1.555862966964182, 24.34375003753791;
  4.935285379096323, -0.3918320734307831, 23.14559037157895;
  5.161565685870948, -1.370588717316064, 24.11269934169251;
  2.627057028595153, 1.661709335518825, 12.69079254600816;
  5.280379373015554, -1.253978226563138, 24.13239502644944;
  5.30207132014671, -1.096260420189057, 24.04703615770941;
  4.353701756240342, 1.492599810956112, 19.73381305856014;
  6.062604296595298, -2.353757115042021, 26.99844481277883;
  5.487705054982857, -1.154894497279477, 24.30810477846965;
  5.386911229591333, -1.233157390926191, 23.8764854040347;
  5.43354226861661, -1.819958275263257, 24.08183662095131;
  5.620347489323097, -1.755502974166536, 24.67639578644938;
  2.847931238336911, 1.654667796065475, 12.97173094005528;
  4.834213915917485, 1.206874717596961, 20.94492589808027;
  4.820850693007439, 1.332544329333645, 20.885145490707;
  6.014338480169816, -0.609183925444814, 25.73686733058188;
  4.996438346346674, -0.6921693238033601, 21.44621340547802;
  5.651725745641766, -0.4722484389570237, 23.99192469741731;
  6.175138191194133, -2.236290407824316, 26.05505894413637;
  5.615445052887885, -0.9340745233742374, 23.69966565765008;
  5.89103620233713, -1.816517904646072, 24.72478064717953;
  5.745159797702089, -0.7892262529991277, 24.05895935427052;
  3.071069927637277, 1.626854328476259, 13.33931290161796;
  5.859731422731729, -1.937548907177038, 24.375878130304;
  5.83004765976498, -0.5759576441816967, 24.23226635508901;
  5.015974998762355, -0.1368559731388904, 20.88177353796718;
  5.874123775759304, -0.8175219338658197, 24.09558176220135;
  5.659937890559503, -0.9205421449287968, 23.22080313037564;
  4.868834551925669, 1.23419448656122, 20.02400793681492;
  4.872155535490192, 1.453779875447217, 19.91893520783028;
  5.837827534552514, -0.7427912537905878, 23.58221396092129;
  6.164899375086098, -1.595724459306002, 24.78381182336089;
  6.248975651767577, -1.711440910203268, 24.8911473809829;
  6.097933708922232, -0.6733841619937323, 24.28831232325521;
  6.232482662139456, -0.8767140865457848, 24.79478573318556;
  6.377037864318762, -2.041586935698753, 25.2229128763059;
  6.112233457190608, -0.3744688677635644, 24.02055364425833;
  4.918373456205541, 1.251481708366943, 19.48307387262324;
  6.25115652747344, -2.119852081093761, 24.27890802553961;
  6.459372089205246, -2.001476909736238, 24.95583360755947;
  5.083630044333787, 1.04925128917509, 19.77790040285446;
  3.917916633020031, 1.850000563176027, 15.45463675412295;
  6.774505353769971, -0.08531282847936106, 25.87502881751182;
  6.287412491919536, -0.868291853466838, 23.97982262099948;
  6.139873226879543, -1.404951848990343, 23.39245958196912;
  5.02938454299369, 0.7430876331349138, 19.3394960575629;
  6.405301928035559, -1.977556864802327, 24.25428220244547;
  2.909345741979348, 1.631281534331807, 11.54534846828121;
  4.806627618375322, 0.4833734322163959, 18.25674090234993;
  6.978279365942197, -2.229405224678521, 25.97236018744277;
  6.437809736371495, -0.2918410706967903, 23.98677832166608;
  3.826639469367799, 1.572509365806098, 14.63013444396119;
  2.194619948684561, 1.656362469656006, 8.82715464273941;
  6.630360354851741, -2.260252268149699, 24.3677710473907;
