m=[-2.19159426502876, 0.8980960186351515, 5.481162260325062;
  -1.923520198847826, 0.6670144478983096, 6.111754387263596;
  -2.489926429890137, -1.410468268284172, 7.738265925762168;
  -2.504087305671613, -1.456711432664548, 7.816857018879039;
  -4.908407530520651, -1.131095284724248, 15.77951695223004;
  -5.15489035567973, -3.764870823446929, 16.5376062826871;
  -5.111385178870672, -3.612382873080853, 16.65324792557248;
  -4.751376025144542, -1.129460624787534, 15.74582496004003;
  -4.942761381580042, -3.33575336219499, 16.44957482849354;
  -2.758691383184093, -0.1133094620187338, 9.661433967893427;
  -4.596781254344029, -1.117841657861062, 15.60707547803626;
  -4.60985753100661, -0.9936357570024469, 15.68064194931161;
  -4.541516267420367, -1.132333992621367, 15.7869851305293;
  -4.437157916988128, -1.008084879263089, 15.81324849533535;
  -4.430477664937489, -0.8982729970394306, 15.8124603986245;
  -4.418605524435531, -0.7772195246063774, 15.77872139255559;
  -4.528830709329121, -2.696039927405841, 16.41649541954787;
  -4.333092192220658, -1.128750876510457, 15.83959790415093;
  -4.336119406535595, -1.007371787344606, 15.87380754393682;
  -4.325787899990911, -0.7858270976475632, 15.84361385581751;
  -4.320231726143461, -0.3476498606984149, 15.82949584265552;
  -4.289171820493626, -0.4013494597112535, 15.9213743597584;
  -4.268631659676125, -0.8409648152722226, 15.8523614229997;
  -4.334565281919463, -1.082722084925356, 16.10189938957249;
  -4.056287327817298, -2.60983501672862, 15.47043954834165;
  -3.993169102973232, -1.315796883438867, 15.66672940110606;
  -4.003871739181677, -2.762782126962975, 15.71078718964531;
  -4.080993125795831, -1.959331057487646, 16.03025086319175;
  -3.82322029867392, -0.4956293384353884, 15.16577964611052;
  -1.455365758078351, 0.4716623300584775, 6.421942214392415;
  -3.971532703579296, -1.254281648522633, 15.92609026437133;
  -3.916793421737619, -1.033935530098083, 15.76846874702279;
  -3.777581946156642, -2.501803173803879, 15.26239402208025;
  -3.423957132280241, -0.344760181996311, 14.00809421408448;
  -3.33660421097973, -0.09194252460374144, 13.92854683772458;
  -3.441361779409891, -0.536083921952255, 14.67982574615848;
  -3.315646518610332, -0.3584309428389913, 14.29580710732398;
  -3.73879940060501, -1.15939882959195, 16.01716128488509;
  -3.603300917120775, -0.8309813024487026, 15.64487091073172;
  -2.798694467318629, -0.1423298325373675, 12.42261602644971;
  -1.379549380481925, 0.4419421618312386, 6.701006135106296;
  -3.541030793821029, -0.5488543627172342, 15.66598284757474;
  -1.277345713320259, 0.6370974659676556, 6.373391927250031;
  -1.301745026023353, 0.4074460539038329, 6.599394304482143;
  -3.543664546377972, -0.8105228177843041, 16.39812707242447;
  -1.256040625871375, 0.4297542299318073, 6.697030970708504;
  -1.211553287645221, 0.52643416704101, 6.488574901573728;
  -1.304849293823363, 0.4046749539801437, 7.004133389370313;
  -1.224730537835992, 0.430087272943742, 6.822586306256259;
  -1.249540542676722, 0.4028086595970045, 7.015378780377543;
  -1.392782477417739, 0.2235234777474245, 7.858714919373328;
  -1.337085110671721, 0.137899596146278, 7.640743898322625;
  -2.98843871040109, -1.601010196069969, 16.76050568201375;
  -1.305171548526861, 0.3411845058696709, 8.262375173709179;
  -1.289628010548772, 0.386224962662292, 8.205647415804528;
  -2.792529975702765, -1.894148874613571, 16.75891220336901;
  -1.296626652342612, 0.3503075761107128, 8.505222960591551;
  -3.020933788997604, -2.989570166203757, 18.42896612514287;
  -2.940106306963656, -2.873170612861798, 18.31292922391409;
  -1.281668270633447, 0.5627702475049099, 8.665008963567754;
  -1.337885932006395, 0.7392907011264971, 10.01882902643222;
  -1.297791064013869, 0.7735405983521401, 10.17780773411758;
  0.7933700820990455, 0.6391206061201677, 11.78623580108802;
  0.7427055740646128, 0.6865688684701055, 10.94011896365177;
  0.7489223351541912, 0.537035949874796, 10.36383752327522;
  0.799226423702967, 0.6909608384722616, 10.68772927880186;
  0.8154995590017733, 0.4278478308152925, 10.74267909839452;
  0.8029826272102788, 0.3018255101239611, 10.48759894390285;
  0.8604695076711195, 0.3794792159213551, 11.09285018527877;
  0.8060033109480711, 0.2570610506268808, 10.43770569970743;
  0.762349174102355, 0.5688437060747782, 9.427922590735149;
  0.8021042849166306, 0.1941114640768669, 9.772919733265008;
  0.8934664871687382, 0.4432821453034686, 8.663319212149609;
  1.124943227869796, 0.2885315048547886, 8.83725204520484;
  1.854628760403978, -0.006583030091232136, 13.80945713378216;
  2.353188119846025, -0.08010452336312585, 16.85416858958327;
  1.911800728312419, 0.2312822296897583, 13.79667628520196;
  1.334253346481111, 0.365637139576845, 8.784582569802074;
  2.361113700565797, -0.1971615649386585, 13.95249396282191;
  2.403502017284245, -0.1331669633920552, 14.03837152164848;
  5.480926506908737, -4.645793206848063, 29.41805057338676;
  1.621071434966974, 0.3874847715907794, 9.11758150369532;
  2.480550605570857, -0.2691524782275817, 13.27956073432322;
  2.409043367249936, -0.8779559363134851, 12.64124251267626;
  2.736105792483908, -0.7907859850780873, 14.2077485708771;
  2.435328377626319, -0.5474502252594156, 12.5285752775401;
  2.41058258913984, -0.9419732828900267, 12.39047843876493;
  2.73064431420138, -0.174213065742383, 13.87918105108379;
  2.577037785925556, -0.3818436121311212, 13.1244406341819;
  1.701600480163253, 0.5023969564950906, 8.9463890513269;
  2.542503022854727, -0.7827898046473959, 12.85312122947627;
  7.326999062097826, -6.616155626497875, 35.15270761458017;
  6.765110111873147, -3.9750093804063, 32.30472071851001;
  1.730092041662075, 0.3043177203452173, 8.985392113258367;
  2.56375691690564, -0.3981322558923944, 12.78352761389944;
  1.866114824943754, 0.5773133997134613, 9.501046616427216;
  2.548276168303618, -0.6164615151866472, 12.44459420466345;
  2.905568623681953, -0.1925710710286517, 13.99725016051283;
  4.73156712815597, -2.372971132675287, 22.19104596854003;
  5.63669338193928, -3.243416278527304, 26.03017646300153;
  2.591190437548145, -0.4202594482604833, 12.5378825000686;
  6.494714102601699, -5.058936317048678, 29.41796528003794;
  6.217017827551733, -5.311976240523716, 28.19018584708719;
  2.686334593819348, -0.2132788629171047, 12.59842042223087;
  2.688456376957549, -0.7138857086215075, 12.55935587302223;
  5.37883585345747, -3.293282108261943, 24.13688533765368;
  2.402588398624566, 0.6740462586288906, 11.30917272513144;
  2.92070244862406, -0.5343422652800698, 13.41284982167165;
  2.72569079970902, -0.6472938161688618, 12.45695478523399;
  2.831063544426741, -0.5853529165106183, 12.84001728888835;
  2.856275842657639, -0.4171281420714723, 12.93809823906424;
  2.827045585412221, -0.946915428897065, 12.52966233484592;
  2.799677323344707, -0.6408946864626341, 12.40905073386888;
  1.311076347681889, 0.8293035829853926, 6.333550341427716;
  1.37785392660832, 0.8308953909025546, 6.4847623966966;
  2.821594040669799, -0.06470555355912909, 12.19872731616053;
  2.49399644219135, 0.6226330287012657, 10.80559767944395;
  2.494282499432258, 0.6894513462521532, 10.80586315836906;
  2.994349942209893, -0.2502027079056549, 12.71120035975101;
  2.872751230571448, -0.4778541524662932, 12.1242827667119;
  3.023637756624496, -0.9323473720791708, 12.69025986623744;
  1.42593153785125, 0.8284761104184559, 6.494819818313847;
  2.953598641045351, -0.405742863630686, 12.36876121046469;
  3.057192815798482, -1.010875784562563, 12.71760668239018;
  3.006872733788403, -0.2970526893045605, 12.4978979989938;
  3.042503114828989, -0.4234355837873469, 12.48030946634894;
  2.955734043963742, -0.4807257269037774, 12.12637305704539;
  3.058676252103875, -0.3891786721674512, 12.35568495084557;
  2.488435355940876, 0.6307902155458423, 10.23416359422264;
  1.546110957643328, 0.8190296421162128, 6.715593695546891;
  3.158175662854728, -0.4442558834909529, 12.56422089128823;
  3.053440923000816, -0.3371861445662848, 12.1619765544418;
