m=[-12.07703916553283, -0.1109544894504594, 15.57615642653241;
  -12.48709526356648, -0.9212526378837033, 16.08224309748189;
  -12.61888765591812, -1.051044513911146, 16.25981960297682;
  -12.49073369956643, -0.8715335724342516, 16.34272377233032;
  -12.50230803949937, -0.5605748575254722, 16.45913759463192;
  -12.66830741704395, -0.3096827198567771, 16.73360728056661;
  -12.73552066543123, -0.4683914032260133, 16.85387946842928;
  -12.64269542603317, -0.7279236659557865, 16.74085561082233;
  -12.85962317170713, -0.2019945145555805, 17.15852642347702;
  -12.66751117317694, -1.358400809570044, 17.13700296967751;
  -12.55110939199236, -1.304431695357317, 17.22470104753851;
  -11.61709988404973, -0.6968885510568353, 16.0225236624019;
  -11.46814589666538, -0.7571285059597253, 15.96499587261601;
  -12.01875654210738, -1.653379069797003, 16.75146036213527;
  -11.39444630668299, -0.9811605477379304, 15.96175384869674;
  -10.87831684129775, -0.9773239872498757, 15.38871285815179;
  -11.04869159479545, -0.8886278875957911, 15.66327124656166;
  -11.29069385475709, -0.2108318810603799, 16.03235008809569;
  -11.11559077865533, -0.9957812853261605, 15.89651867062878;
  -3.77503352936685, 0.5504944050690722, 6.06648190907779;
  -11.02873884934707, -0.7810597587900583, 15.96650256671037;
  -11.00722666103074, -0.7264597617801657, 15.98671895016222;
  -10.83878974399705, -0.1301675780698095, 15.92921581963601;
  -11.08428062329194, -0.8318164294604503, 16.27060750570977;
  -11.00302650897704, -0.6898594676290489, 16.20418991687473;
  -10.80025285723391, -0.5765820913679177, 15.97400304043128;
  -11.29713013050131, -1.637514674422684, 16.65972958390643;
  -3.648112250995458, 0.95864508595403, 6.07882661307977;
  -11.56806033243692, -2.501120818554551, 17.13440949879212;
  -10.54317045383281, -0.3537263661882761, 15.75140169847768;
  -10.64401777242374, -0.7264572516803034, 15.88709432665185;
  -3.653903984573432, 0.8546172828018787, 6.122470356179065;
  -10.76330231373024, -0.4222396926977237, 16.10603447104172;
  -3.606376386545758, 0.80844834397682, 6.093169231024154;
  -10.53079436893964, -0.9015240583230555, 15.89406850327877;
  -3.583587548164859, 0.9629545072966771, 6.08252527693323;
  -10.66780937559117, -0.8311668359613977, 16.13298998917325;
  -3.554263702350949, 0.8002281248652672, 6.090969184246175;
  -10.55956423690805, -0.3613628167903377, 16.15664607332792;
  -10.42498437855847, -1.004601045528812, 16.0009722140473;
  -3.53171519231684, 0.965586254996525, 6.096987384905802;
  -10.61078702810736, -0.7303861912790438, 16.36058317385948;
  -3.527194107506555, 0.8433671299048604, 6.11278971367013;
  -11.05165440089449, -1.301712608061556, 17.04268973600188;
  -3.506525762847679, 0.9449281811359334, 6.09968466087327;
  -3.484431476094484, 0.8228756511126109, 6.08864891714099;
  -3.482287072845607, 0.9235426892347941, 6.088730419786749;
  -10.82930455178763, -3.38461391687459, 16.78817330390631;
  -10.84341677560132, -0.3810811826026421, 16.85263552990434;
  -3.473578912698021, 0.8935481739336636, 6.08171640112316;
  -3.466613500234927, 0.8452226837481655, 6.092748313672081;
  -10.4433094710204, -0.9401180137939769, 16.34237063016723;
  -10.3743397881325, -0.7208711684872949, 16.24606674258683;
  -10.56143757490809, -0.2190375849943842, 16.57612417267074;
  -10.59170114265962, -0.3518003087670394, 16.66322756409249;
  -10.72299156686452, -1.26352862314202, 16.87188874903463;
  -10.04220353288559, -0.7908482007601401, 15.91656572366049;
  -10.1139812511305, -0.6379336523164682, 16.08582367680434;
  -10.19627641586037, -1.038464671656573, 16.27694332845029;
  -10.31418679576975, -0.2879060799079954, 16.47632916320492;
  -10.39889553813824, -0.09433856019596855, 16.68116324221706;
  -10.76215257002397, -0.2120236664779698, 17.27405498744127;
  -9.2406481448041, -0.04727977470217681, 15.16101042395641;
  -9.231842252565514, 0.009074131813262722, 15.21645020288153;
  -10.18493594475064, -3.577072530043311, 16.66003563085964;
  -10.10753892514986, -0.7909626940795972, 16.69790842644251;
  -3.882138678913969, 0.4397216548850026, 7.045014811461308;
  -10.49861385025808, -0.6441742600311075, 17.36055712936872;
  -10.28845024037538, -0.7161504242817383, 17.08592071690821;
  -8.651966776407257, 0.0548099055845917, 15.07954922697224;
  -8.398829881710224, -0.02426452304756825, 14.77344280004143;
  -9.656573079693677, -3.459921255404664, 17.28903865196169;
  -9.30972221501071, -3.294793103794706, 16.92366874920133;
  -8.329694320271296, -0.7738428420370848, 15.35715364343577;
  -8.113823165750889, -1.182380634843537, 15.1142631170243;
  -8.272500631059307, -0.7190361581753633, 15.47051653277828;
  -9.109594587616893, -2.594741946486296, 16.92812893249025;
  -8.220668070478636, 0.2601038355871539, 15.42703259706556;
  -8.115667603228246, -0.5987453684615969, 15.29215298236562;
  -8.636766047160867, -0.008669491819518562, 16.32405988392319;
  -7.776445729340752, 0.4498263564200338, 14.81363279221569;
  -7.998601946058286, -0.5577764723797692, 15.20323534092766;
  -9.057222615425451, -2.627776002309837, 17.09122427339033;
  -7.234750520626582, -1.243657127898383, 13.87122091106123;
  -7.335087787432989, -0.9001648078512692, 14.07695573264402;
  -8.732678148553228, -0.1209601330362255, 16.59033130183672;
  -7.241082900946577, -1.015364475104742, 13.97300176191977;
  -7.251016827335357, -1.155911547619196, 13.99355361507575;
  -8.180104157033854, -0.3175659001461201, 15.70540831097193;
  -7.634219856798547, 0.4729838856778751, 14.80286245182571;
  -7.609208390647032, 0.5732222178634028, 14.77672547519229;
  -7.640426168451541, 0.7740985461143802, 14.85213092271453;
  -3.036669033027585, 0.747267458673273, 6.513239877945704;
  -7.261590628343202, -0.9927277490425245, 14.18525911179587;
  -8.880299235724511, -2.62227790531433, 17.15066382346779;
  -7.557405900304938, 0.539657992533049, 14.79342321953189;
  -7.450136661568473, -0.706915533872488, 14.60573693927102;
  -7.260067833305428, -0.8178669317277635, 14.27016472945221;
  -7.546638670058766, 0.5142716807545917, 14.89831978235444;
  -7.529296598458759, 0.4064864035489576, 14.87516473040705;
  -7.339777891263335, -1.324463946063006, 14.54827009169946;
  -7.150848556831322, -0.5992063126573326, 14.26674353827133;
  -7.534179465087679, 0.4420168397061323, 15.01806043802543;
  -8.638463624459716, -2.625372983998532, 17.05098935631667;
  -2.730393593903591, 1.059762223604691, 6.092550348446863;
  -7.415595536259247, -0.3693844767099087, 14.83065464868085;
  -8.497244193361556, -3.237241482383131, 16.82458386533104;
  -7.482606980929372, -0.1839052207818535, 14.98955758259515;
  -7.249111632893724, -0.5214994087929421, 14.56567480333227;
  -7.309738930461982, 0.2424685147696763, 14.7643435243523;
  -7.226680895205991, -0.7582600066765461, 14.61496386594328;
  -7.26048508370246, -0.3517330059257535, 14.71891006093638;
  -8.422530132598096, -3.314562866137873, 16.88796580441673;
  -8.456835237099813, -2.612376535972164, 16.98887801333028;
  -7.463206450721866, -1.387235655836193, 15.13957485428203;
  -7.204299391658184, 0.374131596636909, 14.68561865414077;
  -7.179179959141046, -0.6791892751047132, 14.65464086935861;
  -7.223358519698234, 0.7333775299184705, 14.76356606123741;
  -7.201840007828873, -0.9655750750945724, 14.70783032781593;
  -3.202257373717078, 0.8905925155739821, 7.121069469291263;
  -7.190655862595901, -0.1275129786701762, 14.73942082091594;
  -7.243872902469298, -0.007512671704541076, 14.91798044314831;
  -7.095902718959588, -0.317540145986138, 14.65260134939156;
  -3.102812270337611, 0.6154051820183593, 6.967308308383953;
  -7.121694287270042, 0.8083649295522668, 14.75120170383844;
  -7.008945775067974, -0.5113758227696149, 14.53793873478194;
  -7.51883215103276, -1.079274155490056, 15.58043046655402;
  -7.260553791168758, -0.3573477330615245, 15.13456190221761;
  -3.134874623665787, 0.848922666372624, 7.143134268193291;
  -7.22727418281564, -0.08835848495281243, 15.15846891387656;
