m=[-26.74919781580975, -6.532098052520909, 33.06760759805447;
  -24.2983472372627, -0.7909053765408988, 30.19072187094966;
  -23.49435420828778, -0.4144959348129266, 29.25827777963378;
  -26.66929400353825, -6.696448740418145, 33.12186210384989;
  -24.44254184893141, -1.53121172238829, 30.64943010141658;
  -23.77206922341675, -0.9172133779367596, 29.85960627840656;
  -23.85401251674694, -1.663221442446553, 29.99495421956425;
  -25.7959110360891, -7.878450333927459, 32.36809592641325;
  -25.55928210831711, -2.489904662554622, 32.17794466480122;
  -23.98904485331058, -1.198253645841407, 30.33293456034037;
  -5.762463200534112, 1.014512395683196, 8.116590527180122;
  -25.63003298654707, -8.264376068672544, 32.65882955745497;
  -5.746847701856451, 1.066345727177119, 8.133101579597893;
  -5.715196979049767, 1.071177400583235, 8.118464874647515;
  -22.8412274153212, -0.2098475207004089, 29.45908565159039;
  -23.86932641336341, -1.760992405253554, 30.74152169503163;
  -5.749720834677263, 1.053092613080938, 8.178093458249421;
  -24.1240239987007, -2.00932314865358, 31.08453684765114;
  -25.0287016900737, -1.179204618930867, 32.22391387138143;
  -5.750325212156048, 1.11533626547466, 8.242245964298654;
  -22.74574577273629, -1.575373976618969, 29.63096577667448;
  -5.779234206101576, 1.057628052132275, 8.297881935351562;
  -23.56537442199893, -1.644260093101525, 30.83264874853867;
  -5.773426969948713, 1.090548533311379, 8.326565655364961;
  -24.9738230607839, -2.847880409863543, 32.63288702365348;
  -24.96669494200553, -1.119449418121768, 32.86835247023112;
  -24.48285322548211, -0.5984948365336361, 32.3394781556831;
  -5.764506945141043, 0.9769747577659811, 8.391179512827684;
  -5.742202918277591, 1.103893578125014, 8.377148666591948;
  -24.48638008721159, -0.9005685931715454, 32.40468210523979;
  -24.08529240961737, -1.38674972034241, 31.8925979774514;
  -24.78226290915701, -0.2307680047681869, 33.1781988082674;
  -5.765565369462895, 1.031802627656009, 8.502148911575075;
  -24.71363570318023, -6.388626334916573, 33.22003904413632;
  -5.746824772599846, 1.106369254491861, 8.518593452186474;
  -5.797126626915659, 0.9744357856591128, 8.594660922399601;
  -28.83215756538816, 0.3442793570059711, 38.81001657122906;
  -24.26970794679689, -0.2463058110349324, 33.14272893541382;
  -23.65811790745342, -2.458778573842386, 32.46756884800089;
  -5.730135754207197, 1.100651716670984, 8.654286455598507;
  -22.45216206882307, -1.346864092450319, 30.96644615354675;
  -20.98751069176142, -0.8439396798612683, 29.09041302397314;
  -21.78570977115015, -1.438295434931576, 30.32824745276005;
  -22.86886863123782, -3.145991734865116, 31.87409155522242;
  -5.748528405171719, 1.085413132711293, 8.792439605403995;
  -24.05301843098087, -1.338958508071156, 33.56374658887816;
  -21.86216012213006, -1.882521398831166, 30.62530719597716;
  -23.17592419822403, -1.000907418806368, 32.46643437729649;
  -20.47945207432936, -1.839904100052723, 28.97069574841865;
  -21.37467929041648, -1.719129902659931, 30.30199518753566;
  -21.37008952719309, -0.3990451101947601, 30.3447034452674;
  -22.09991786071331, 0.07141441705203501, 31.37292298686796;
  -21.42725207994848, -1.919543193165294, 30.64332967378056;
  -20.98425287148824, -1.13810022820397, 30.08027693685949;
  -21.3871833076127, -1.514648996918782, 30.96260795003953;
  -21.20726813629254, -1.399646562457224, 30.8010951201664;
  -19.52124249838081, -0.5783667961492446, 28.44978115945575;
  -20.81379282594782, -1.83345174428034, 30.48097640915464;
  -21.1139626198726, -0.2535664444646554, 31.03011270847375;
  -21.14618406583246, -1.325807519425608, 31.14204826648159;
  -20.24945167017951, -1.081036837505666, 29.94974347566872;
  -22.12298567776135, -3.206718278969628, 32.62447672307942;
  -20.53575604280666, -1.25681178017844, 30.55772457282833;
  -20.22636686544808, -1.380455312900619, 30.18955859970041;
  -20.00369050665453, -1.480558619128448, 29.87050221755762;
  -19.88792260454077, -0.1947295674391043, 29.73892889897969;
  -21.12591387504913, -0.7087804166830092, 31.56192505380306;
  -20.71559718307223, -0.812663914259119, 30.9984902954142;
  -19.92931039370761, -1.706115622075738, 30.07919569248878;
  -20.35746491985876, -1.586122240274517, 30.78671226620291;
  -19.67698576455215, -1.833718321570551, 29.83111986397277;
  -7.487804747906157, 1.091909406341966, 12.03290823472451;
  -20.57140653136376, -0.5129882133655234, 31.38068136687212;
  -21.0273457294411, -6.187688702610142, 32.09075534464279;
  -20.6042052176771, -0.7051042512873731, 31.52543455919167;
  -19.69004590966708, -1.897426412268356, 30.22161626849976;
  -21.35510622576226, -2.515298616134673, 32.9315807826538;
  -20.98822155000231, -1.643594654790128, 32.43269264096264;
  -20.81960587768572, -6.507003978000321, 32.27567845397028;
  -21.80320395278503, -0.7662520881378878, 33.88613176127588;
  -19.71528680703081, -1.369936027534415, 30.87385528693207;
  -20.10661136020843, -1.810018901435429, 31.46413460953876;
  -20.31452726170105, -1.058197104115368, 31.81790077286216;
  -19.68857334665711, -0.408328651024016, 30.90111874090813;
  -7.223557559143764, 1.898194869220289, 12.03656875406034;
  -19.53015427458281, -1.132816397787447, 30.8597351122294;
  -18.97489138506511, -1.494319315711563, 30.07458520838456;
  -7.172763900738598, 1.624773028657658, 12.01382898961722;
  -7.207148484627372, 1.843738134772611, 12.0756304574281;
  -7.22942998711169, 1.690902617550061, 12.1136108050553;
  -19.32898706533185, -1.219164936931898, 30.74186811938237;
  -19.74697891910219, -0.9930345959980457, 31.46088049835742;
  -19.7039737266877, -2.006799322798458, 31.45466546941455;
  -19.91794542614104, -0.555981552497536, 31.81778957410862;
  -19.2814290796554, -1.043150205164832, 30.92650586526784;
  -7.105933183359232, 1.909452551527286, 12.06110290960102;
  -7.115513095748751, 1.554145619625938, 12.08271629818544;
  -20.97308130711959, -0.1902673496555652, 33.64351451490677;
  -20.40518624017807, -0.9237153683585242, 32.77356994748444;
  -20.2697390460385, -0.7822382041566868, 32.57783638199418;
  -18.74701600577718, -1.743224041249909, 30.3568179745303;
  -18.97995818286145, -1.427875634505379, 30.74967568285423;
  -7.052686223462664, 1.587883833192117, 12.08624290450213;
  -7.011461524314402, 1.916963998128533, 12.10425816795654;
  -7.026134037219177, 1.575886957685825, 12.13181714626695;
  -17.74409555880092, -0.09078766198729549, 29.11250526100001;
  -19.58563247473744, -6.878710704608437, 32.03724958626003;
  -6.985482549906463, 1.670258621882252, 12.10616273859577;
  -17.68635898472119, 0.01738421740031835, 29.15166804182636;
  -6.952355613015806, 1.873500207419578, 12.09378734329032;
  -6.956925613312921, 1.592887729302348, 12.10613998477119;
  -20.11532529385145, -0.5628681807636814, 33.10650811869186;
  -6.922106730175285, 1.634709455973678, 12.09559663783535;
  -6.899916099621973, 1.829937319019493, 12.06440714705755;
  -19.65478490015985, -1.538079816591448, 32.47019881245999;
  -6.911660972731016, 1.777965089106147, 12.10128312997258;
  -20.16905536116867, -1.237533497099513, 33.35164459204885;
  -6.885813602409392, 1.729621253115691, 12.08063088252195;
  -6.869435418364835, 1.674891833125196, 12.07337969989595;
  -19.78529148904765, -1.377199146943861, 32.857224736935;
  -17.06901653604781, 0.003576069914030376, 28.85289326326945;
  -7.71657954504678, 0.7926420621003941, 13.79801974927177;
  -6.764855319688738, 2.12884361884633, 12.37315754218273;
  -16.75387880899638, 0.1061352336905413, 29.20040573108829;
  -7.83321036377101, 0.887251205869679, 14.21512408451546;
  -16.14251946744217, -0.04663632210440857, 28.39450153885618;
  -6.507691096228001, 1.303900544041285, 12.06462725848463;
  -17.00879661205396, -0.04326747224238933, 30.36499329503841;
  -17.60398158350823, -6.230204917086797, 32.00137942955704;
  -15.94222458114337, -1.481059916957872, 29.39209806474667;
  -16.4665985545872, -2.234368944778967, 30.5251873388159;
