m=[-3.626128616032663, 0.6097251517998853, 5.772081694610001;
  -5.188527427863184, -0.8252122012705344, 14.57632429481362;
  -4.125602252854365, 1.469349452942053, 11.87774380796785;
  -5.292664548993427, -1.07082822029573, 15.03927606801836;
  -5.170017620967176, -1.216730051595068, 14.76870034166207;
  -5.135769995854316, -1.908873562184597, 14.75487092999596;
  -4.95270306314872, -2.79415464840005, 14.42130340327787;
  -4.962324256801318, -2.726324648069271, 14.46291130656322;
  -3.077002640194043, 1.057014989230543, 9.373382982561939;
  -5.025257640678425, -2.050606300191294, 14.68306266250061;
  -4.982770800144643, -2.122967397214851, 14.66622899271751;
  -4.803287395380671, -2.302380304790683, 14.18008205684619;
  -2.585022445393477, 0.7762522493257038, 8.161442519123446;
  -4.796260044263863, -2.190427741119988, 14.29815755688365;
  -10.54898098272603, -6.746962293737822, 32.40533919119065;
  -10.75377965824084, -7.039248601176554, 33.27689023732045;
  -10.28202730372276, -7.030498153162381, 31.94119749344376;
  -10.35052728411763, -7.568209287921947, 32.28331171425029;
  -10.01637593578594, -6.770341736035121, 31.60544352613249;
  -10.34052246224338, -7.325454257398051, 32.77097937010665;
  -5.343420314149231, 0.166975406235098, 17.69345755303872;
  -9.940136001744621, -6.721142098077729, 32.16778563570026;
  -5.833204778714412, -0.761455618466628, 18.98857656769575;
  -5.305114108661025, 0.08563828834001955, 17.68253813631338;
  -5.295909024649903, -0.2114765939552142, 17.67063459618632;
  -5.264097954055226, -0.7684745640336682, 17.38901555948106;
  -3.202488865007842, 0.8391544901819321, 11.37718194256337;
  -3.220108561458921, 0.8271999346706395, 11.57899160946434;
  -3.267691289647017, 0.9830430911597864, 11.88900976014807;
  -5.186390395572308, -0.5275104203290523, 17.99243855546555;
  -3.077627359201286, 0.3944965247620816, 13.00867608632305;
  -2.752257184756527, 0.898428184623798, 12.41350043730066;
  -2.494298650398816, 1.263084006034432, 11.53641996888725;
  -2.525438170634136, 0.8070696630101359, 11.90294924409492;
  -2.444320221168181, 0.8530722221308367, 12.13217811665412;
  -2.367142164834593, 1.047392688272148, 11.77072652786701;
  -2.513468931831059, 0.7972227720005902, 12.61374173181071;
  -2.320837625524087, 1.114106239654897, 12.03528801670819;
  -2.431937260679779, 0.876203210744346, 12.62080051500093;
  -2.224246998557852, 0.6315887918728864, 11.7333514456757;
  -2.78778600002463, 0.4548934312326369, 14.78220736745261;
  -2.336431232566818, 0.6110536396349271, 12.60437837941875;
  -2.298968680944256, 0.6695531965955029, 12.43205189389499;
  -2.519748211758999, 0.2586231243141406, 13.53780130507213;
  -2.299863813558212, 0.5170263536904917, 13.26070170138182;
  -2.664409830377809, 1.474016524446255, 15.41216189295347;
  -2.607177668961818, 0.7803025077045472, 15.62535608542182;
  -2.331512883955388, 0.6303828777653056, 14.54983025217622;
  -2.44354536894418, 1.082816359580807, 15.68021470165735;
  -2.009875608589511, 0.7455886242396282, 13.45449210606148;
  -0.3423326921844319, 1.678692035732232, 7.795262052395363;
  -0.2861116079496638, 1.588880918747521, 7.885954625630681;
  -0.1085805318590339, 1.69532528522003, 8.262742681483074;
  0.06313102393821203, 1.66570004994487, 8.653568852169698;
  0.1069205664829929, 1.608798527919169, 8.60424111022245;
  0.1116089599971608, 1.677195192342809, 8.548543449525532;
  0.6857791531734502, 1.667145340882833, 8.855424592977457;
  0.6616605474287632, 1.680814460955603, 8.488468433622032;
  0.7244652632592454, 1.666112228733329, 9.164273002941965;
  0.7057752455899441, 1.679073080398784, 8.715272551546358;
  0.7267012303451876, 1.594830671136401, 8.653705971202539;
  0.8565824772801612, 1.674973746721663, 9.573192049463174;
  0.7998037456850302, 1.682797130811303, 8.7677749094061;
  0.9080006852171889, 1.581975085002587, 9.503499778997279;
  0.7992729126488236, 1.694828578238275, 8.555112101867341;
  0.8786669301521712, 1.664573171275971, 9.214175766033693;
  0.8562604977854671, 1.666007434606293, 8.970288483487002;
  0.9276346318894901, 1.681704100822155, 8.937430447472291;
  1.876752102219199, 0.9248722872370667, 16.95969495889713;
  1.024352193653125, 1.716417411161281, 9.396235861093757;
  0.9218118071737204, 1.654366390848786, 8.634047421789388;
  0.991213675514911, 1.695471186657736, 9.045370745221895;
  1.065552017789442, 1.680930159967695, 8.927794232864494;
  2.373471718500499, 0.6095100275437727, 17.4371626079132;
  2.373014252640187, 1.309555696093062, 15.49410851623916;
  2.735822093566767, 0.7449051899915752, 16.87339691845596;
  4.542814180121848, -1.766672358675176, 24.99330634573612;
  4.567098944212892, -2.029290292606717, 24.48532213139711;
  4.671031655298869, -1.812464637645256, 24.78564026870832;
  3.394233517146445, 0.8138889937030791, 17.92361808284967;
  4.931205689311456, -2.116678603602293, 25.54945950166399;
  4.971739256982906, -1.803618029533401, 24.92417608433623;
  4.594254081983592, -1.337057610627057, 23.10062739743738;
  5.027125530082907, -1.941891205529516, 24.64313475701435;
  5.561875369127097, -0.3558025763243569, 27.11864416699208;
  3.554450617711535, 1.043858286080932, 17.52103088444924;
  5.220992987592705, -1.598878316415102, 25.23816731845341;
  3.853606810575455, 1.187530751063842, 18.47640336074116;
  4.755592440740394, -0.1584763447665292, 22.43711014399959;
  5.026028704952544, -0.485363284022171, 23.65493478441178;
  5.003555790044879, -1.120777391026292, 23.40107952874886;
  5.587488480384752, -0.3719972174234703, 25.89458082321466;
  5.164787546377442, -0.9136267052854616, 23.84309657104611;
  5.599049468237249, -1.476872365614937, 25.49746011366353;
  5.621454614107347, -1.692585186878817, 25.37677807680831;
  5.489087846260632, -1.766725515859755, 24.68961199996264;
  5.724645810150197, -0.4248223241173517, 25.63007516059847;
  5.543224597689005, -1.462589750743379, 24.74077182882399;
  5.596879832043144, -1.283736873669847, 24.4364984628282;
  5.798380787996386, -1.661111085548927, 25.26793663346077;
  5.961902401169646, -1.22925936343315, 25.83593044038211;
  5.842602995421221, -1.940162601023246, 24.73687442140848;
  4.361072616696663, 1.474414577555999, 18.67863176789015;
  5.771892970345801, -1.322952732852297, 24.43931532252449;
  2.672925486645497, 1.694514306760588, 11.84497778660601;
  5.087179916037452, 1.265799478291827, 20.92404789523887;
  5.094259967749328, 1.400748238273956, 20.94458902258467;
  6.24963299624421, -0.5201764944107394, 25.35389265725039;
  6.496162289136194, -2.342915765180535, 26.28022460987225;
  5.134471756397653, -0.6963023013966223, 20.94725330243723;
  5.791272421151295, -0.9583550422741818, 23.34336778581995;
  5.080474584675673, 1.339088359613065, 20.57124775968402;
  6.155751646694023, -1.894237510725263, 24.72021262962761;
  6.334628364955363, -0.7313520013339715, 25.38723052636203;
  2.918065595844612, 1.696599969489423, 12.21214389426942;
  5.990055427594952, -0.817444299778784, 23.97533640285353;
  6.326850882887109, -2.081804406219235, 25.16351449660035;
  6.099117808663098, -0.5983796719959332, 24.23923784321364;
  5.79870265397847, -1.037612090859523, 23.03670114740982;
  6.213977679152705, -0.8604119636681947, 24.36537539669434;
  6.125584960475705, -0.9899911226543731, 23.98076388723132;
  6.171725393566545, -1.082026726818385, 23.86892182500809;
  6.344196308977702, -0.798702609125007, 24.47497911134736;
  5.047357473297403, 1.267676924113411, 19.65219288448328;
  6.000378888777667, -0.2509218934605633, 23.14105501600752;
  3.174787713803213, 1.679315636318635, 12.69568096986544;
  6.301783606515285, -0.8921197413139574, 23.99793001303303;
  5.992969603340825, -0.6505043198474854, 22.83042657753054;
  6.34619643295217, -1.109706269307741, 24.12434553485225;
  2.867511504443467, 1.730004704833936, 11.40908095209781;
  8.659412432933397, -4.27987215768354, 32.21341445190939;
  5.974295778856861, -0.9512844605722356, 22.4221271619797;
