m=[-2.674873542701267, -0.6267739221600339, 7.5500896536487;
  -2.516953452233512, -1.067089966357479, 7.527835008768805;
  -2.023565535782693, 0.3050529605783489, 6.405896516288117;
  -4.666502550792508, -1.080113617546632, 14.56030838798795;
  -4.526203436772737, -0.9938328163876027, 14.38080045676918;
  -2.74925833613611, -0.1097835680565678, 9.173333462160812;
  -4.472571844113325, -1.063276679181149, 14.39901149533288;
  -1.655431818359387, 0.4682864475789715, 6.100762430402313;
  -3.453845064971306, -0.5042064383507509, 11.40916565364369;
  -4.371644681251488, -1.063512889222164, 14.40063313494891;
  -1.650676081041791, 0.4507430937065031, 6.119283149475572;
  -4.259083992424518, -0.9382904762536375, 14.39813382016185;
  -4.272743522974404, -0.7371990130851216, 14.44687555734611;
  -4.203916282884278, -0.7869397712140518, 14.38575770588177;
  -4.156228492955544, -0.9429520233280521, 14.39793159247885;
  -4.155372450675706, -0.8419054941500935, 14.40749902406822;
  -4.139399113969333, -0.7271202793108738, 14.3664281588374;
  -4.322783084938511, -2.456996865188009, 15.09246434582489;
  -4.147876029664148, -2.479836130532346, 14.64213581785506;
  -4.057543152221287, -1.055363365785681, 14.4120383249042;
  -4.041169409938043, -0.1105727944147622, 14.37743514074294;
  -4.074367976520907, -0.01313853885510427, 14.49576161121259;
  -4.0600743263419, -0.216421496430482, 14.44730151888996;
  -4.068961563734672, -0.8463535419464754, 14.48177188173285;
  -4.067290871334715, -0.9458294727337187, 14.47481970417043;
  -4.078476209126312, -0.3257202204613618, 14.52048612552423;
  -3.997958500848438, -0.3779808404168876, 14.44331714472431;
  -4.015936879304504, -0.4786729301823658, 14.50487909103304;
  -4.060752815163706, -1.01210827674026, 14.6593537207271;
  -3.973700480336407, -0.269952760311728, 14.3807978170557;
  -4.064638456441084, -2.470890909949469, 14.69323748034877;
  -4.013767751739226, -0.07706557558069323, 14.74901517207071;
  -3.76230115017918, -2.453213777546108, 14.31203567257439;
  -3.895481854569197, -2.69731451597123, 14.81833818441232;
  -3.787420176429488, -1.230153544481571, 14.39744565772984;
  -3.881030464067526, -1.868048598821751, 14.8168463335647;
  -3.610504799739705, -0.4556665570398381, 13.88830132093417;
  -3.561995626052282, -2.370976368190159, 13.98351855768288;
  -3.215429867416911, -0.3279690434750619, 12.74352062244289;
  -3.164697748862125, -0.08692359116871302, 12.78976576922653;
  -1.463089067830848, 0.4776008806279043, 6.598967888582231;
  -1.321436436821124, 0.6691601376896144, 6.111796474299879;
  -3.106351442626599, -0.3344739573374953, 12.97032234581272;
  -3.470823077581635, -1.07721975713371, 14.47095932039373;
  -1.345262352607251, 0.4299136863470838, 6.34051931631931;
  -3.40659169820822, -0.783498840823174, 14.37814523298305;
  -1.328121781139111, 0.575582792047141, 6.291412238170225;
  -3.226541053992336, -0.5047102186773624, 13.90697259952674;
  -1.300097807757457, 0.4537365097446342, 6.4529262721751;
  -3.395101169162901, -0.7785170973232222, 15.29708711291602;
  -3.356044743435962, -2.260413076277463, 15.15531110098843;
  -1.347257333664502, 0.427323454266723, 6.761156200467489;
  -3.242791261222542, -2.26862582356375, 15.25296380889253;
  -1.223254850321747, 0.3473508353920639, 6.452916009669135;
  -1.250046836301007, 0.4000013821367826, 6.682308580973422;
  -1.513265625597707, 0.1553192823722911, 8.130292251238965;
  -2.832433087626017, -1.874774376646817, 14.84376374148496;
  -1.334133532729315, 0.8080836384437786, 7.747739306472242;
  -1.268865301912846, 0.7349006248050295, 7.540920164941065;
  -1.352675109865336, 0.4048422909197996, 8.106862263801665;
  -1.211148409216167, 0.3274642936166456, 7.558184166837172;
  -1.300385430487853, 0.5762441065300077, 8.344564829490773;
  -1.312734782597214, 0.7941249753384703, 9.876248633520543;
  -0.9992514265168959, 0.7029751614876612, 11.36920209126609;
  -0.195607980827115, 0.662911210882517, 11.34428139019111;
  0.8773505149755321, 0.6927870506462833, 12.28455624320444;
  0.7879634042454617, 0.7138368214455146, 10.86865081590515;
  0.8555692152327286, 0.456361674384201, 11.29980533050239;
  1.10997090856357, 0.3514309580451721, 14.30777823968915;
  0.8089758364508344, 0.6892517761124861, 10.16448607497658;
  0.8560970144385449, 0.4416219916403725, 10.58760731064831;
  0.8150207710286145, 0.3058488001089694, 10.01129535433634;
  0.8007899683410698, 0.2562578695178768, 9.807666695463981;
  0.7801739779258874, 0.2083334881149507, 9.276167461585128;
  0.8568804063688826, 0.7455350778649752, 9.859805196432681;
  0.7973556863160691, 0.415099764323134, 8.726156104502591;
  0.3543684244625939, 0.8430594382225938, 4.375921969708677;
  0.9077994371857713, 0.3013901246434851, 9.088757126676043;
  1.081141479225467, 0.2821075409252736, 10.20192495063325;
  0.9559222717164906, 0.1471477085562975, 8.9469861826742;
  0.923698306487318, 0.455202881844515, 8.347208719548345;
  2.612269583246749, -0.1372522164810977, 21.20617888108406;
  3.289352680043328, -0.3263100638296614, 26.4185622596523;
  0.534029557099687, 0.8263188195356702, 4.937283431689184;
  2.658008589831818, -0.09220642561086175, 18.34756216144399;
  1.12070217810951, 0.2877974951727867, 8.233452272641396;
  1.162259919560928, 0.342882683480474, 8.371612321746445;
  0.6188981177787057, 0.8226191759546031, 4.935001479976998;
  2.418312725392136, -0.07478547200213234, 15.68389497214612;
  6.574184648039998, -7.872486652479867, 38.99003194778539;
  2.591528657850931, -0.05683154494421015, 15.81997245718453;
  1.309426377616116, 0.3565284843966074, 8.075989684039561;
  6.277441350592516, -1.372477761331503, 34.30134876300775;
  2.440147632691454, -0.2050078643631373, 13.81844913804237;
  2.445147588359729, -0.1348609164444971, 13.69724418148451;
  5.654499752815802, -4.748257076640397, 29.66601658035822;
  1.449856443183652, 0.3390152602957818, 8.21935370434562;
  2.33883908757948, -0.9075218179203439, 12.41045416709554;
  2.631770497817989, -0.1829847531680042, 13.51466396907622;
  2.645107567087353, -0.2850443220007359, 13.55185392811672;
  8.281316944587024, -6.043521334435697, 40.38358979892895;
  2.688489791264661, -0.1196355989444827, 13.48954200131729;
  9.257041992848672, -5.647702746481575, 44.03754381043164;
  2.612243346529659, -0.2423353780276626, 13.08480501451162;
  8.969629726646122, -6.282914061977864, 42.3765320426806;
  2.651617146563605, -0.7609034369593087, 13.17547929344299;
  8.847247391980556, -5.197665117440889, 41.38682172609254;
  8.815738582084137, -5.632032715425437, 41.14097385338785;
  2.854603028136569, -0.1765212656409435, 13.9001263075191;
  8.811394226981406, -5.894660352541004, 40.94567360996465;
  2.591626264660846, -0.7936603340907122, 12.5278653792192;
  1.666709234360154, 0.19162903897129, 8.388317166153218;
  1.715360821811413, 0.5037610027676457, 8.455565478156018;
  2.621945716137499, -0.9633632125177178, 12.33689759808371;
  2.450001358586175, -0.081644351323201, 11.55922233045443;
  5.870142316469315, -4.019137634019613, 26.25442777209922;
  1.830686682927025, 0.5641459646512983, 8.777362933881149;
  5.870548528340478, -4.544364868792871, 26.01227692714314;
  2.626895557698197, -0.4646855097054611, 12.12698952315684;
  5.963279740818446, -4.259632528694345, 26.09798828416854;
  2.791310877090053, -0.736269597473757, 12.71132504850787;
  2.770357148010962, -0.2541806103282958, 12.5873934808589;
  7.25344823552577, -5.550160291291793, 31.44117933347487;
  5.616367111142425, -3.120202705286148, 24.55934649483116;
  2.746854827965859, -0.8270609853638127, 12.40005126138833;
  2.754313737500796, -0.7267306189397097, 12.29317818962488;
  2.894397952877572, -0.8291826117160577, 12.61308402109976;
  2.762306782442526, -0.6335807055759647, 12.0604886059123;
  2.844869503057884, -0.5865715738139616, 12.32825458171677;
  2.830866001738256, -0.7778653180612185, 12.07648088268693;
  2.882152135661609, -0.9570809087066488, 12.20268354689321;
