m=[-2.59989006600363, -0.6063681314628596, 6.97132531454436;
  -2.927007832579324, -0.4442321839929051, 8.452655129468896;
  -2.663393234539957, -0.1642083169902859, 8.375214206338859;
  -2.732410616613549, -0.09914012677925976, 8.662016638281154;
  -4.714723902335006, -1.084307754988976, 14.32623807731498;
  -4.700203485510841, -0.9758285433506415, 14.28505528169224;
  -2.685229877491641, -0.09915596003783847, 8.705425414149625;
  -4.556876019220853, -1.078810374411544, 14.27321526484725;
  -1.507852915554475, 0.4507274426445947, 5.476107206453692;
  -4.461121849195764, -1.082019414155023, 14.31124342559572;
  -4.475247356582843, -0.964806053606886, 14.39064159496902;
  -4.382674992845888, -1.08933574580146, 14.408004212095;
  -4.35431596399256, -0.956267143846089, 14.32697327361408;
  -4.378738422652205, -0.7517370529142121, 14.40642677119283;
  -4.364936789673847, -0.8567361703164198, 14.36942768497068;
  -4.308281250069631, -0.9108784298572092, 14.34803478224333;
  -4.198029993274253, -0.2110686329566162, 14.13816972334065;
  -4.255323267833371, -0.9669435872131884, 14.34986856382772;
  -4.263147491308585, -0.1078561604994176, 14.37256839851142;
  -4.281822952400963, -0.003609033129413113, 14.43213412189658;
  -4.258163374294044, -0.323209590741746, 14.36083786434299;
  -4.240414475040701, -0.8533789810591225, 14.31592312268297;
  -4.252517958360591, -0.7432962614485842, 14.36392897147865;
  -4.153556193716955, -1.078970658204795, 14.36861865367388;
  -4.126001071564441, -0.1057471496081746, 14.28855752406053;
  -4.174865885624517, -0.5382597260722203, 14.44732247766927;
  -4.171929498103085, -0.6463064934249602, 14.44715978449177;
  -4.144144174434885, -0.2128753956193281, 14.35703423136948;
  -4.151521915507515, -0.9636667148850892, 14.387039438973;
  -4.1607462059213, -0.4295317896859903, 14.41754888040026;
  -4.1700852169305, -0.752712056814118, 14.45387525889411;
  -4.165079544180067, -0.8596638573547015, 14.43560966180642;
  -4.163671269543489, -0.3261021149662824, 14.43437324678137;
  -4.121915614709376, -0.6970857342640385, 14.4695263391563;
  -4.08065616783575, -0.911758178976499, 14.36801282280822;
  -4.091349248229514, -1.023802472292732, 14.40507323282848;
  -4.125846959430726, -0.4824065488125574, 14.52008249241167;
  -3.980445571470432, -2.581070208608453, 14.36828779691262;
  -3.91970761133622, -2.563434780817317, 14.52964186399886;
  -3.758796228899922, -2.609455451356042, 13.96854338175299;
  -3.844966028193332, -1.275331399413287, 14.2863222787436;
  -3.934730546487588, -1.895856116147972, 14.6521727167418;
  -3.669762232627797, -0.4669335686802628, 13.74269409760982;
  -1.268621949540455, 0.6572634370954784, 5.410538040844298;
  -1.411100228780363, 0.47628068041407, 5.912006764200102;
  -3.474418496425957, -0.5407369726275093, 13.17234558485131;
  -1.291627613221724, 0.4265960998001898, 5.634407808551063;
  -3.144335826613708, -0.07767585446900492, 12.31924732447114;
  -3.11695905478784, -0.1703738863462202, 12.41222236173113;
  -3.026279652156914, -0.3179554332707936, 12.27529121247479;
  -2.764738601553341, -0.1277087413092881, 11.41722860335568;
  -1.247852348567743, 0.4437606550213474, 5.733862876257699;
  -3.50886595548366, -0.8048533560318898, 14.4284777232358;
  -1.294535947015872, 0.4243192833096783, 6.04529436480508;
  -1.189543998563302, 0.4369704262407854, 5.736313279500245;
  -1.214524570544633, 0.3593729415534527, 5.930097937870908;
  -3.474640519836596, -0.7901364398029391, 15.28520570084002;
  -1.199495123284517, 0.3616670168417277, 6.031421427247527;
  -3.283680283919257, -2.306068689651344, 15.11568057069928;
  -1.40217235920702, 0.7847504030338719, 9.056861589605108;
  -2.155355883658717, 0.7474338602194459, 13.40099396109652;
  -1.288539054188447, 0.8007412024253822, 9.300674960255238;
  -0.4994506071576187, 0.7549586138159916, 9.013055782464416;
  1.426847186796069, 0.7203864063183646, 22.92596571312376;
  1.428598090884254, 0.573464110826752, 21.90643365783133;
  0.8217437564326484, 0.7455435415447989, 10.57154574551454;
  0.8043997998752843, 0.5783016989654716, 9.743334539113933;
  0.836659199760268, 0.7158068493176754, 9.805083477355764;
  0.8726478242331421, 0.4536018357229608, 10.05409289239853;
  0.8386708384966883, 0.3256788725497076, 9.613831417457046;
  0.8750408943310634, 0.2065770737534463, 9.653845629987861;
  0.8735552615933272, 0.2355177920049245, 9.568761056839088;
  0.8579225886393328, 0.7473609815749635, 9.192692176096694;
  0.8590273761295488, 0.562688524404197, 9.086001097294524;
  1.682294538492145, -0.06440819520557958, 16.13379451119459;
  0.819761964821086, 0.4209495458457971, 8.573527505843899;
  0.8546774944864403, 0.4577591365811624, 8.670994985688061;
  0.9636718618621514, 0.2295352372927078, 9.188045970946636;
  1.028378773083844, 0.3514649147659135, 9.575962896042395;
  3.078153469114258, -0.1913662717507282, 26.40287496640103;
  3.573991822499612, -0.7690192591545959, 29.85748890851009;
  3.181775521265636, -0.8652345403024767, 26.06675562092137;
  2.517810782848818, -0.03948489374845272, 19.83187923034726;
  0.9635474162385223, 0.4828418468899203, 8.06168376823056;
  5.398043371223672, -1.603281364132827, 36.8949624246689;
  3.21136926036795, 0.02831494768279498, 21.78081163717073;
  2.88398727799038, -0.06861939555267152, 19.09081918382205;
  5.953365128635321, -4.46015249694321, 36.27788405821563;
  6.283967381156641, -2.101870502363905, 37.78814450906486;
  5.646807498735708, -1.389416469524322, 33.65344628115139;
  5.101403988358488, -6.053079431959786, 30.4310758863153;
  6.465211392638627, -4.829069685321555, 37.60697966581006;
  5.229939626497465, -0.7748567466650371, 29.04584406147913;
  6.95888968684098, -6.49869808217113, 37.86533525507157;
  7.054510551387581, -5.308837500424785, 38.12745589624665;
  7.045397760051212, -4.738357757210153, 37.46967428214737;
  5.366305851915061, -1.159556589562736, 28.49514274429573;
  7.033658923852846, -4.528611424091339, 37.13675362907525;
  2.52616291525408, -0.05456946473458745, 13.89188969733422;
  2.263979491451928, -0.941349865331492, 12.4908910881589;
  1.383611204904846, 0.3889604604168568, 7.936395531693789;
  6.170529780992201, -5.049470989278428, 31.45024357965777;
  2.520939671582615, -0.2260503617378942, 13.35638548306864;
  7.350544153636616, -4.646537425914668, 36.94028676913624;
  2.506975522011872, -0.9251673471297247, 13.09051096452265;
  7.463220508007772, -5.350140488169569, 35.47992568025386;
  2.392747827155813, -0.8941006939899585, 12.05541783511132;
  7.706375810248302, -4.625437580660155, 35.81237359692522;
  2.466371331521552, -0.8080253556842084, 12.12888737752463;
  2.66762460885075, -0.2629472441103101, 13.02622654293212;
  7.824772929382349, -5.391680546831621, 36.11606349086948;
  1.446885928549021, 0.1738897374649133, 7.48940908283693;
  8.375040864171226, -7.420161353716652, 38.51523880052645;
  8.376005462625143, -5.49662870404112, 37.95647217794353;
  2.45433565246012, -0.8621141525454998, 11.69774495861944;
  2.476919097410983, -0.6888861812895342, 11.79715553989457;
  2.502074621487735, -0.5969400794473726, 11.89451378450828;
  2.687945617236264, -0.06757353731719423, 12.61283133276177;
  1.606703126503108, 0.3958256586804639, 7.931302710013203;
  2.776298790519884, -0.1487153369004289, 12.92780501145617;
  2.571420081628399, -0.9640980326383044, 11.98052981570344;
  6.427861991499649, -3.682032576820174, 28.31350464582686;
  2.601913099669434, -0.7702183804863299, 11.97049088160441;
  6.229555931099892, -5.192956591035543, 26.85553419777713;
  3.04191509942319, -0.07477827656398334, 13.59427769400578;
  4.982674740251305, -2.132607259026118, 21.62157589510724;
  1.705127735552865, 0.1948230037154845, 8.013005126694448;
  5.491385859801524, -3.106616367647033, 23.61907827533123;
  2.707566611595255, -0.9636441460409695, 12.10642270131211;
  2.824326654131799, -0.1561245542948069, 12.48245753249659;
  2.628215121850381, -0.6087862121276261, 11.65454998393324;
