m=[-5.633872132843917, -1.350230418716498, 13.80786272854648;
  -5.400274409819495, -0.7900693966759704, 13.30656769922644;
  -3.729568168685563, 0.918426422639945, 9.970956664904472;
  -3.779888769242982, 0.6462238735047153, 10.17862934564203;
  -5.795643545210577, -0.7763443447488196, 15.81906119119675;
  -5.844240050910243, -0.8432175939016975, 15.98265624525516;
  -3.307860359241099, 0.9423771663926859, 9.864612777590605;
  -7.126324281981269, -0.9379675359693953, 20.60633777171971;
  -3.231532321332564, 0.9788675363877865, 10.02565747374483;
  -9.435844869021199, -4.954062131894705, 27.62084531304306;
  -5.405403615575281, -0.1460507915946661, 16.26925009026566;
  -9.816891549232143, -6.706927679211346, 28.95942547014389;
  -9.711811632524288, -6.565374986784601, 29.12878567962041;
  -9.690345251305416, -6.871575771803391, 29.23723470043812;
  -2.985227519235694, 0.9347361170928711, 9.922133691486359;
  -3.35632108568412, 0.5399336498563829, 12.4791245562381;
  -2.510283046000262, 1.347361747247251, 9.79466908882649;
  -2.811774308399763, 1.001716572029173, 10.8744448256906;
  -2.569581404290086, 0.8918415368175936, 10.29304015162761;
  -2.530511501572655, 0.9393223932083253, 10.17735908830301;
  -2.472860871891178, 0.9186642081655072, 10.45482071253779;
  -2.564729611522973, 0.8807821812735194, 11.07881516779383;
  -2.403028213693784, 1.013688391440486, 10.51712653332716;
  -2.329883500701231, 1.19032366880629, 10.28483413327767;
  -2.515555525052525, 0.6375623179682808, 11.04719978364847;
  -2.396084590248404, 0.9233706342008785, 10.62162777541018;
  -2.4573929372192, 0.7715179821197228, 11.06525626417932;
  -2.331468975462536, 1.419779820323668, 10.62351727243726;
  -2.12932155338683, 0.7540553572991895, 9.795726996410195;
  -2.758490977237584, 0.6762737160715114, 12.53096699641326;
  -2.895332838180984, 0.3969674455657473, 13.30101946254057;
  -2.711502704211035, 0.2708150972750252, 13.00900037557487;
  -2.666408112137888, 0.8628686356471889, 13.02359895710302;
  -2.333431807664963, 0.73354850570802, 11.87222305707017;
  -2.4936535713545, 0.8276913385698984, 13.18447995782167;
  -2.378100238335869, 0.9718648333863695, 13.01546023075203;
  -2.396414387607751, 0.6653845282739028, 13.14988065837143;
  -2.654466315792726, 1.249738200137797, 15.22384586770448;
  -2.608012819166189, 1.052484209585062, 15.33169005121525;
  -2.791531150191353, 1.629867652324788, 17.25604660595767;
  1.712467424371618, 1.487386878245103, 18.64095461372044;
  1.74377710968011, 0.9359355991452052, 18.66389329737596;
  1.665212351210132, 1.470093485482994, 16.57282741782815;
  1.691619421468867, 1.273494940830374, 16.6660242185619;
  1.560254814218818, 0.7045545042767096, 15.423218126591;
  1.567971789483298, 0.834256788346893, 15.1917934914118;
  1.685339082067923, 0.9240122874465031, 15.79225949343902;
  1.907410112025894, 0.4963944823254068, 16.90053959205559;
  2.238173916883947, 0.8121210942380243, 19.34513125046803;
  2.061875780485441, 0.6158409707303942, 17.13045138721709;
  2.315087495951067, 0.5142186400388555, 18.59527376440108;
  1.881810954419265, 0.9758841836736925, 14.58068645114565;
  2.831130418691079, 0.3963155409265879, 20.86759518845899;
  2.364053169375247, 0.7538131650379217, 14.68107212404405;
  1.261260289706481, 1.683466605539236, 7.812448120887561;
  4.707239169708453, 0.01322218037961737, 26.3075197360758;
  5.00629340150691, -0.04108983649140602, 26.25143952095354;
  4.519747241119091, -1.538663146705066, 23.71271721011303;
  4.106388745375709, -2.004114209984023, 21.60320835058786;
  4.416525578896732, -1.752067311065537, 23.13521118656635;
  4.498388786429678, -1.345576081613873, 23.44454049133541;
  4.991315541743828, 0.0504046789994476, 25.81970241385352;
  2.802670120249526, 0.829492148329778, 14.89772447000509;
  4.903322767788943, -0.3652353292078824, 24.75257983188415;
  5.055903934762799, -1.767074084775106, 25.09495111447285;
  4.717204161558316, -1.961554216196466, 22.81763181299519;
  4.677249207695858, -1.669862551700078, 22.37075845336853;
  2.986801398081689, 0.7624432950176618, 14.63860824409932;
  4.731321497905413, -1.562568064166453, 22.55353536258189;
  4.862111485988105, -1.846085047595123, 23.09618998259141;
  4.79355661333656, -1.912998812165813, 22.44139318572358;
  5.329441342965141, 0.09755553109790344, 24.79503634966957;
  5.129034799402424, -0.2426394370058645, 23.92793741071233;
  4.85734944064425, -1.52535272849275, 22.68624485135408;
  5.175148495603434, -0.4485954411299374, 24.07787917640441;
  2.935826631602103, 0.3900594217417464, 14.02716962657877;
  5.948084735324853, -0.4198819109796527, 27.01116832116628;
  5.265571869413249, -0.1250926964112551, 24.00483709220457;
  5.231656008686847, -1.371224040627782, 23.56944904644129;
  5.06831777705458, -1.146513751606212, 22.83751518772034;
  5.343614642008205, -0.07330842170494242, 23.84872486709575;
  3.176215356366324, 0.8246519033837676, 14.57197836468593;
  5.436063869271307, -0.2240859382540158, 24.11567267211141;
  5.274711550109375, -1.060784987596468, 23.36304741269364;
  5.690976153086636, 0.04304495964492516, 25.07373982089034;
  5.147808964455639, -1.456200829254443, 22.48610791173603;
  8.158651068152189, -3.438680738942012, 34.50036336891505;
  4.988033708589526, -0.86392441153249, 21.49071498485245;
  7.226606216333926, -0.06171815298257512, 30.68707858383248;
  3.555526226801865, 0.4680660675140619, 15.51741363766638;
  5.075631368424319, -1.598645269204438, 21.73971358673717;
  5.334491003331828, -1.816259135316043, 22.66052512947608;
  5.449450399967198, -0.4131061310460501, 23.13666408873336;
  5.257981253731008, -1.146483244632632, 22.10927206571687;
  2.012691037833632, 1.666240984866915, 9.043364263526479;
  3.457109905765573, 1.06663532152032, 14.79055950096324;
  5.202823111672673, -0.8102660653469731, 21.66569751590961;
  5.516888307702726, -0.3596369856212498, 22.74789822421513;
  5.388294546079331, -1.301343813915248, 22.21944631002606;
  5.837444025635955, -0.2229303031138934, 23.94972627906732;
  3.670404374658876, 1.176835324748246, 15.33758951854662;
  5.54337979364169, -1.543057157594723, 22.61846453457534;
  5.377537733877364, -0.8270293717263578, 21.95995218554528;
  5.798843016408021, -0.4618830696504667, 23.58660239140502;
  5.426852804322663, -1.307540802676406, 21.88322599904025;
  5.222454673789057, -0.838582475097704, 20.76094390622792;
  5.66771463571228, -1.485480188264278, 22.36948670018095;
  5.6637162689518, -1.171675680365644, 22.31627651404218;
  6.255913937815922, -0.09480678111596994, 24.48476477083752;
  5.754829916522668, -1.075374820943729, 22.54362477995186;
  6.0603308560475, -1.406810817215438, 23.61554170662167;
  6.586215155976857, -0.1602896369762142, 25.25128491063479;
  5.780659716490176, -1.464091119319142, 22.26071708668431;
  5.823580307536372, -1.790015748436613, 22.27725609674696;
  5.709603448134657, -1.177039771619701, 21.84063001556478;
  2.311486507599919, 1.663305699306853, 9.382447033671578;
  5.930467477134042, -1.390960283237388, 22.40605996915913;
  6.327245771280048, -0.2361462191380783, 23.75061324263811;
  6.284701693724309, -0.5221401551202878, 23.43206928745434;
  2.295308019081266, 1.722664806865731, 9.163586837186125;
  4.53675760405595, 1.592715692648884, 17.1312035771766;
  5.259697914604004, 1.498674883877178, 19.55678807160032;
  6.146370888815989, -2.109120961813988, 22.60304408491854;
  5.129079387683008, 1.271443889479948, 19.02992866101803;
  6.05189860090197, -0.3957867075757067, 22.20692246548869;
  5.924770321658242, -0.8610011693926001, 21.5637516622032;
  5.12635485289979, 1.347720259762623, 18.78278813111411;
  5.115253081126078, 1.474076521238168, 18.74004201087355;
  2.462534249514025, 1.652512197751395, 9.519084802514275;
  6.160684558004713, -0.7241791180666259, 22.28538632031074;
  5.872494059755421, -1.281243180769797, 21.26047061571312;
  6.239607945217147, -0.4985085274093559, 22.42904787686503;
  6.046548368496006, -0.9659703449414895, 21.67728689157044;
