m=[-2.958854593713571, -0.4650828556723964, 7.241455697824201;
  -2.828326895582638, -0.4413735656406368, 7.318940485696214;
  -2.844646169071694, -0.3934933206039667, 7.357971791684369;
  -1.45586892335405, 0.4795881571445284, 4.400094712033154;
  -1.34367253760435, 0.4895961358753109, 4.298086638433576;
  -4.455486763130124, -2.330313737096851, 12.69907851351264;
  -4.627911595837804, -1.014645507292953, 13.31421982597475;
  -4.900642635971889, -3.197312820260627, 14.06248715654812;
  -4.629557507628876, -1.865118390535656, 13.38458252459721;
  -4.584955485151757, -0.9534959293274331, 13.41852539470047;
  -4.448741072294699, -1.007440965301762, 13.196931971325;
  -4.750125916473458, -2.385965116374373, 14.14750454799407;
  -4.324013751955485, -0.883481362566375, 13.18030320176044;
  -1.20815421173658, 0.4406124003262941, 4.424483502863922;
  -4.207130880924106, -0.8772290810800592, 13.12289091702227;
  -4.271692562383227, -0.789481636196672, 13.33457679741819;
  -1.204277881723655, 0.5013661101992054, 4.443800900234842;
  -3.831743434302513, -0.3786301112124662, 12.10028530397179;
  -4.133776395792834, -1.005178456310081, 13.19553900095034;
  -4.162360081319041, -0.2542052894133043, 13.3145503180535;
  -4.169642145962267, -0.7890501149852803, 13.34849381929465;
  -4.175639660758728, -0.6748652344471521, 13.37633463072873;
  -4.125369980830512, -0.7321333956193338, 13.36038800773694;
  -4.211440889496412, -2.366766527878188, 13.66119842821242;
  -4.06043710353236, -0.4728679004349506, 13.34183874644337;
  -4.065474177383365, -0.8953081260237682, 13.36950657878189;
  -4.055722147861869, -0.6779112543997713, 13.34368470834304;
  -3.961613915644623, -2.449244106624065, 13.23354329334835;
  -4.054278248745072, -0.6316688879428321, 13.51446775421728;
  -4.024443511794158, -0.7420056360531407, 13.44765556170462;
  -4.019515749630175, -0.8486593859563437, 13.43207930595344;
  -3.860947642504967, -2.479412585100728, 13.22095569191791;
  -1.143879324985821, 0.5037666086022778, 4.590794955428205;
  -3.73700049885663, -2.41777071232169, 13.15280896341934;
  -3.871020784798778, -2.669878970086231, 13.63018090862968;
  -3.767397569353923, -1.206559989353997, 13.28797072675713;
  -3.74701312195569, -1.769605964599898, 13.26409495456457;
  -3.527614072026807, -2.333054130218969, 12.83460705190097;
  -3.026913771717145, -0.1124561307514518, 11.32686577322994;
  -1.115148863998026, 0.3778893968949574, 4.788228069475072;
  -2.954270442391844, -0.2591440033355287, 11.25208148716168;
  -2.93841119711098, -0.06731489530435343, 11.32078382849568;
  -3.372747644290016, -0.7243289167973395, 13.20163428687659;
  -3.321337107780386, -0.4629057447342559, 13.33310210792879;
  -3.383376816721358, -0.7136034227956133, 14.24588389307839;
  -3.353999439114124, -2.262938205659312, 14.17991085965824;
  -1.259059741969691, 0.7728605425191395, 5.936668398776177;
  -3.152101428676336, -2.195487807111864, 13.87982125384915;
  -2.80440713912364, -1.843491746000554, 13.78488197580066;
  -2.739501448549289, -1.739898369952692, 13.86872946870169;
  -2.640728707572405, -1.843276083219868, 13.96717330554029;
  -6.66738240397778, -7.790180490081538, 34.28483703097163;
  -6.265211054037327, -7.243114987095194, 32.68603186962815;
  -6.05953794811562, -7.26506470825642, 32.51359985058166;
  -1.33938363704317, 0.816281346379457, 7.949576071812128;
  -2.74260737098737, -2.753543312036794, 15.60640520141739;
  -5.93687774860441, -7.300582268411243, 32.80439815587046;
  -2.74001847245204, -0.9945046423304028, 15.75905760955385;
  -2.733779551010993, -2.7116156984289, 15.89000607158632;
  -2.815185368510587, -2.523140291776704, 16.67592315119867;
  -2.6729748001255, -1.985647199520488, 16.29677797929445;
  -3.522862941633554, -4.265621559381754, 21.36835033558203;
  -1.175749310248135, 0.8062910622591313, 7.878278658176376;
  -2.704990929358339, -1.009819799711044, 16.8936508051163;
  -2.790297446252284, -2.517110329105857, 17.4321382236229;
  -2.730203586609176, -1.780780354304576, 17.19059584784122;
  -5.288259857178547, -7.414547570695211, 32.70167979083649;
  -5.496084954600428, -8.011718634340546, 34.87814239099922;
  -4.94178205185808, -7.979821498409085, 33.29282114505641;
  -2.692999255439901, -2.887438329380939, 18.63960276088632;
  -4.533942506145424, -6.316638322568367, 30.85102846838563;
  -3.049541824627177, -2.718859123175367, 21.62817652727436;
  -3.577976588395276, -4.120091196941933, 25.40966433884612;
  -3.430827491023839, -3.149703554749143, 25.29641725554518;
  -2.648216302368502, -1.919981155987171, 20.11453168952335;
  -2.683621821722414, -2.160204017198876, 20.50726875299752;
  -3.391586805420942, -3.387616942803606, 26.46628335559638;
  -2.934297846901239, -2.193896032362295, 23.11899826635821;
  -3.871392084420286, -4.6583046054414, 30.37564165122816;
  -3.236422976573543, -2.528671129599668, 25.52175647160222;
  -4.018913566566702, -5.635032072505758, 31.94428983191223;
  -3.32581670931895, -3.517851635903286, 27.98443305596803;
  -3.871074242639152, -4.26718498027376, 32.63380584075093;
  -3.648284093575622, -3.244882672334651, 30.85091009019159;
  -3.686288124934577, -3.867158081230153, 32.14502536344259;
  -3.164620748507464, -2.45699608016037, 28.23331594685739;
  -3.308787441147716, -3.782793376994508, 29.62657637351867;
  -3.117531448129112, -4.267627612953482, 28.02575424425902;
  -3.233307987873418, -3.4003604207501, 30.43462540083987;
  -2.753507414431806, -2.463278890939021, 27.35458051337384;
  -3.189334334161921, -4.871937046209943, 32.2583241096461;
  -3.079274331656455, -4.414063471591913, 31.37830084842078;
  -2.898990251133305, -5.154159898873982, 30.28335567843726;
  -3.009425632501661, -3.661862352542831, 32.12107369898706;
  -2.763564470600056, -5.272026113085899, 29.86580932852737;
  -2.920684162358386, -5.057202228249744, 34.55090113480984;
  -2.61455102017435, -4.385352502922041, 32.82360119926874;
  -2.838240400561955, -4.993668562719506, 36.02599129052711;
  -2.039959101348535, -2.363610159172287, 27.14108399674589;
  -2.118847916006279, -3.229269745360607, 27.87982739104015;
  -3.559603648725369, -1.727496906461317, 49.26101050328734;
  -4.67709697171539, -6.110780607953984, 64.31989703369356;
  -3.721685461122119, -2.259105848298656, 52.32926422697609;
  -3.767113967673801, -3.937738934099802, 55.92680614766282;
  -3.363833526097093, -1.973620146097212, 50.65397313022422;
  -2.981460081622177, -2.515431982389366, 47.30330648649324;
  -3.060651417948735, -2.075971062932009, 50.99672841761769;
  -2.939694000283487, -1.978395717786279, 49.9088869704721;
  -4.912918001945787, -6.691615431606982, 85.58598175290081;
  -4.078537655669678, -5.249017937147078, 75.61143373693376;
  -3.518705840298671, -5.54212895927123, 67.92943870869677;
  -1.970157504444395, -2.414181305300735, 44.35158813631634;
  -4.255952907017405, -6.991540531567968, 98.59789572671866;
  -2.563363658309431, -2.464667070842072, 59.59612663358181;
  -2.676755369177474, -4.684653958336052, 64.377648530976;
  -2.858955426403389, -4.686593652511426, 71.18354845010566;
  -4.083500480807601, -6.943963935536814, 125.1516298991784;
  -2.546962269203773, -5.24200892502405, 84.02765236377319;
  -32.53335233144316, -79.27763383875528, 1081.836750073614;
  -3.185999274285139, -6.494304627312491, 112.9396549396116;
  -2.230950447418144, -2.89255135064332, 84.07529543242477;
  -2.645882101671087, -7.642948745464923, 133.5039993423412;
  -0.3143896581070492, 0.2350059719031647, 20.61324657469003;
  -1.497518376163669, -5.896180550271151, 112.1093393027259;
  -0.4955328782399531, -0.7822549362867433, 42.53055867927223;
  -0.9475382242555188, -6.184722509091072, 109.5736391753246;
  -0.4827354744712318, -1.913356156124604, 58.2575744048481;
  -0.1706180589989661, -4.196276181416058, 82.33946430404436;
  -0.09231031600252941, -0.6385795681955521, 55.57747798101447;
  0.2419172487729542, -0.4842595057783681, 100.6157826051093;
  0.2965076456980104, -1.175109204902191, 101.6027776183552;
