m=[-5.17233522078871, -0.7367765861826936, 11.88532350530364;
  -5.298875937484385, -1.258272060704827, 12.15173302641268;
  -3.673969092231855, 0.9425371022958999, 8.912187656543539;
  -5.237920363884058, -1.579659910289799, 12.29065280175727;
  -5.275495074466332, -1.493405146858056, 12.41886599777278;
  -6.049264609104782, -0.950844041169792, 14.80487813234146;
  -3.288929199406971, 0.9660259209315406, 8.888277210206397;
  -5.768433345069925, -0.7400596281013333, 14.88182890799205;
  -5.800580167528703, -0.9052075116653369, 15.01032327449786;
  -5.845531417362308, -0.808598831419281, 15.12007213550663;
  -10.83044005928433, -4.89377472256549, 28.2401187122425;
  -10.64962441167581, -4.884081922048534, 28.3374740865295;
  -2.964803863357554, 0.9766571690031483, 8.960571650448335;
  -9.797788329892365, -6.239770502576951, 27.89334878348071;
  -10.0842749653428, -5.274288922786747, 28.74231399281976;
  -9.843371480717394, -6.422083830163633, 28.24574148881368;
  -9.266412635421034, -2.03161269495912, 26.65890483671841;
  -9.333601217908246, -3.760245175216038, 26.98451321684901;
  -9.204866111440991, -1.914261195269276, 26.93935198960834;
  -9.823303625340545, -6.063634271436695, 28.71955965827528;
  -9.69236354777177, -6.542994341207138, 28.364320627298;
  -2.795728388724203, 1.018684075002895, 8.942865539016601;
  -9.821639892117672, -6.950052204657674, 28.90754844160049;
  -9.615983910261788, -6.699946367529315, 28.43924139224292;
  -9.123562294992784, -4.582720912182148, 27.17309842559809;
  -8.735070373426821, -1.459694727841416, 26.1792901990834;
  -2.666865520833285, 1.011728135119587, 8.941174799758507;
  -2.777290153226349, 0.9365213586092293, 9.299874546936477;
  -2.639726775035829, 1.024791762388012, 9.106204624254966;
  -2.692332131619553, 1.008055154565011, 9.294823867308979;
  -8.466576315626224, -4.758088729092075, 27.46413450651663;
  -7.929513863152362, -4.90237451484708, 26.48808471437274;
  -8.151568723731828, -4.909990329533621, 27.24733462272063;
  -2.516713643300767, 0.9178424645929738, 9.216669435114017;
  -2.471737187656641, 0.9564440344333898, 9.070526881673787;
  -7.762408744717083, -4.984841990724489, 26.58064070764686;
  -2.584557184088019, 1.076005298809407, 9.53704931034703;
  -8.11937337541309, -5.600007189426733, 28.58897797867142;
  -7.367103844689441, -3.479270149602493, 26.07889584467114;
  -2.405999943281809, 0.9287408984646959, 9.307586145119908;
  -7.263013494695025, -4.803531022853219, 26.42520477403186;
  -2.483099035071117, 0.8832706603945715, 9.870734102695595;
  -2.386046442069848, 1.050819345916544, 9.576053811277209;
  -2.327839444317057, 1.230451166900675, 9.394069388293042;
  -2.409454878067332, 0.7965649341033602, 9.999418901531861;
  -2.308241303621967, 1.456376224960102, 9.664957771707179;
  -2.313426153011095, 0.7111385814739873, 9.912117721624107;
  -2.364525619657294, 0.8012644671954324, 10.15280408612427;
  -6.42697164175744, -4.626926339135347, 26.60416517109547;
  -2.836374081705026, 0.3304331399008481, 12.74299285318077;
  -2.693384552928579, 0.3697569150532373, 12.58393308091214;
  -2.531172661679701, 1.553733640514161, 11.93488462186237;
  -2.387599287840259, 1.048238131682354, 12.07101009300339;
  -2.178107465931147, 0.6220329201424033, 11.20058056421384;
  1.665532362293942, 1.508600781048746, 18.24291218465065;
  1.687590738544945, 0.9857008784845555, 18.46549461087207;
  1.760161245893805, 0.5871078965539953, 18.29730301222477;
  1.739685231561863, 1.274406023051311, 17.88966761526141;
  1.60558596774365, 1.255662162821268, 16.29195443029951;
  1.782482854986456, 1.533859971149448, 17.76594980949923;
  1.834347266182465, 0.9809665538322916, 17.96606251711295;
  1.845912524883814, 0.7800269675697007, 18.0344337894512;
  1.844514935689003, 0.495026848477384, 17.30366246009819;
  1.658115823189779, 0.4970739132988035, 15.43138680540276;
  1.945146052804689, 0.458469916021842, 17.65127910417813;
  1.924372584076079, 1.671036138161903, 17.40850102098603;
  1.730308562879501, 0.7904648622426773, 15.54582798647862;
  1.708732802394528, 1.136293071548539, 15.26982671682179;
  1.683381017222659, 0.8994419386954887, 14.81029160676315;
  1.953894072143912, 0.6521826065018223, 16.63834894267723;
  1.77489663063703, 0.9786427428841856, 15.16263189728441;
  2.080674542435147, 0.4336580784571228, 16.46265787476111;
  2.246648793082002, 0.2518419517439007, 17.19718962303115;
  2.262830806906151, 0.2594514964894386, 16.31663842389082;
  2.097782731324331, 0.3492512353364018, 15.13162754158137;
  4.663922203242186, 0.1955770613119475, 29.29970860456386;
  3.917704297853155, 0.6405409473458791, 23.65989398247681;
  2.408562188957438, 0.7845438244491647, 13.69465613944673;
  5.395017130220472, 0.05584285106186007, 28.50682818324431;
  5.102658596597454, 0.1002090692821572, 25.83576910112862;
  4.588703376567762, -1.757114012023176, 22.65534059393047;
  4.44717811499703, -2.105657536081247, 21.99258493554595;
  5.130723400150517, 0.1007364500158541, 25.10362266938299;
  5.246315090849214, -0.3492623420406094, 25.02533096612357;
  2.825137131609804, 0.84980198914524, 13.78958711501007;
  5.16638659001784, -1.735218340166797, 24.25589671432552;
  4.910125408769201, -1.345192804037771, 22.22208095435214;
  4.800460567092486, -1.649813855992032, 21.62294876526769;
  4.867127091507974, -1.547592290045605, 21.8619851420501;
  5.043174129600115, -1.994898028452481, 22.36428808666088;
  5.669018522227596, 0.09846628120260641, 24.98769077265392;
  5.514027614698827, -0.2081212785274387, 24.29303584048682;
  5.289819149605355, -0.4143678209085636, 23.2527174425767;
  15.62853821997163, -14.22126907584684, 66.48643040634175;
  3.079964295850388, 0.8019434649934624, 13.86077081757935;
  5.535434350492096, -0.3435905290657415, 23.86195362031477;
  5.409222433909431, -0.08520292577606739, 23.29719728189556;
  17.80441110480349, -15.68647012503807, 74.44934798927756;
  5.153998734557844, -1.794514344941741, 22.22488171088646;
  14.07339655573626, -7.762324807628826, 58.52074842117275;
  5.176162061129658, -1.692407127603072, 22.03955303954351;
  5.025934451692832, -1.092058668704982, 21.36939950776105;
  4.962885019715205, -1.243160073470563, 21.11653253121985;
  5.487485726636892, -0.03663885964864892, 23.13733427638403;
  12.63101538143005, -7.425841641354784, 51.91060092562248;
  5.583429420184462, -0.1912779432054895, 23.41548432971566;
  15.60326800003448, -9.842094866507166, 63.60259892478909;
  5.46450428122005, -1.043261191272518, 22.85529115496969;
  13.59436773210545, -10.82755440463405, 55.08428003962789;
  3.564507502322328, 0.942550484641609, 15.02359614301899;
  11.55376845893106, -6.220521383410152, 46.50418565558294;
  5.285462680570788, -1.439943333460262, 21.7748115584753;
  14.78705668258756, -9.969873038706263, 59.20169442313192;
  8.7334205375974, -3.451752868653069, 35.32075262243573;
  12.46885845698044, -8.436054898999469, 49.41567485765214;
  6.131410751038659, -0.6470098910478414, 24.67855582334223;
  4.882625879921072, -0.8027119497223577, 19.79839636159145;
  5.798401385914195, -0.3928726489904562, 23.24392508789232;
  5.36946067849059, -1.768718824611881, 21.52764180533165;
  10.6707075125188, -6.002927331340449, 41.8139168865172;
  11.6592700549614, -8.647031040426136, 45.63878980580922;
  6.173199508001783, -0.2093938460178499, 24.53983216273809;
  5.605005451153796, -1.165435661259216, 22.21433749378075;
  4.812604409596951, -1.442064657740776, 19.05870812658056;
  5.231282203225323, -0.701494019725041, 20.63073748509717;
  3.504952917745762, 0.502148891158813, 14.14382690931774;
  5.384325942421855, -0.7854161646223773, 21.11260609446388;
  5.922195760293572, -0.3441666831123115, 23.04702319544544;
  5.746807614646339, -1.331915512500576, 22.34912386578516;
  5.983971976180266, -0.1856617565636811, 23.2221736161938;
  6.123918454825692, -0.4402111062841164, 23.54946140414204;
  5.561107440885913, -1.483369269968005, 21.41315779721557;
