m=[-3.535235445502359, 0.9042338094223845, 7.694892924655644;
  -5.051579219296188, -0.8986050064261179, 10.84507460743741;
  -5.066422384323004, -1.155781030409826, 10.93608359696596;
  -5.226240570852674, -1.310815397753572, 11.26800623546636;
  -6.067447882872052, -0.9941134105477957, 14.00475137597166;
  -2.987148999834377, 0.9101950692817935, 7.605078034915657;
  -5.774924342917404, -0.8310700392384609, 13.92091271377232;
  -5.824135167712138, -0.8964456036809273, 14.08231641756671;
  -5.793135172919183, -0.9342441568919206, 14.15603658328861;
  -5.815725662859615, -0.8434932791010187, 14.21521557439729;
  -12.78034835071552, -3.945664553477385, 30.27497674282855;
  -5.708104588872431, -0.8043767799241088, 14.18849270483747;
  -12.44643987262116, -5.359293954466933, 29.88835626483779;
  -5.498897313072318, -0.7868732627557662, 13.86536077066197;
  -5.658228196977463, -0.7504918291290104, 14.2839984811686;
  -12.36999758959383, -4.232575958333588, 30.2888275960228;
  -12.63696880765617, -5.340315645532334, 31.0178902075696;
  -2.913481085461854, 0.9650235294837183, 7.924784526845979;
  -11.55602866775928, -5.349171498484385, 29.42744625202156;
  -2.689353328197523, 0.984517549071098, 7.569997287325127;
  -5.354886936143152, -0.2719080319354834, 14.32238976970404;
  -5.275783655297832, 0.1218923836740592, 14.18582804194795;
  -11.44809664226724, -5.403313649248446, 29.78417370286211;
  -11.36426742521655, -3.883480492249731, 29.57475024805596;
  -2.629189493183798, 0.9592514015982121, 7.566612132905584;
  -10.74598554481711, -5.380113605102245, 28.70263128055244;
  -10.46071992167498, -5.847297484320796, 28.27329749434056;
  -2.541043937445015, 0.8877331812754006, 7.621148509415192;
  -2.497729039766579, 0.950331246294651, 7.538620193578812;
  -10.22670150892728, -4.139291392073692, 28.34640424154403;
  -10.18069145101384, -1.824602008067633, 28.55603850629709;
  -10.20078528166602, -2.332890951748064, 28.62888969400793;
  -10.52827424349331, -7.022228546837672, 29.53129737703041;
  -10.03663690597085, -4.160888993754177, 28.32127908730347;
  -2.438217535254754, 0.9500811152587697, 7.592601667608901;
  -9.937136238216242, -1.707795032329856, 28.3188427754006;
  -10.09588860842323, -2.192999437836162, 28.83998407737333;
  -9.908133032987571, -0.7716680853912553, 28.34090699917911;
  -9.830863293157233, -0.661605072848786, 28.42459012946606;
  -9.544122129025565, -2.251787786748189, 27.64511131613595;
  -10.94555588422621, -5.624828610975689, 31.81698062044052;
  -10.25452980158951, -7.071205393364556, 30.09731933265485;
  -9.794828690156558, -1.648554849227902, 29.00895603483673;
  -9.581421890063531, -2.053702175630092, 28.5016285838;
  -3.235584947204237, 0.5571515881643792, 10.25029454752018;
  -2.367257691622119, 0.8632630514806651, 7.839217798123434;
  -9.004017208693179, -0.6241518229138708, 27.41920613035664;
  -9.24397227817548, -2.015233845597062, 28.14629048019174;
  -9.475329832908534, -1.600194524284539, 28.87888416772695;
  -9.43686988082867, -1.837736587666558, 28.76984058473662;
  -9.513564126998212, -1.364165528431869, 29.0054837449418;
  -2.284326845906813, 0.9542005301794982, 7.657400707880189;
  -9.433725701827928, -2.207697175892908, 29.08869237509734;
  -2.314043000322467, 0.9318316576225826, 7.820102137641025;
  -2.284262836143948, 1.21767059025375, 7.766947219522827;
  -9.037680206929862, -2.301737578970466, 28.18791993323604;
  -9.172000381739688, -1.342383993960755, 28.67441063326998;
  -9.193110348420714, -1.832185971149054, 28.75506926857833;
  -9.262097035741462, -1.586158512633538, 28.98937969037929;
  -9.246611723009446, -4.453081156266853, 29.11176580030762;
  -9.117945856198343, -1.716824739383688, 28.85821657039149;
  -9.18420650485273, -5.310283063346133, 29.14780580515057;
  -2.164187683429823, 0.862746147820239, 7.555658586031336;
  -8.989291860774326, -2.334717105622699, 28.83127086958936;
  -2.264905859058231, 0.880865909266485, 7.945528000608499;
  -8.995389301765844, -2.074211945979438, 28.9144760814782;
  -8.953300387886369, -1.586076079419162, 28.79652803289333;
  -2.210939972121962, 1.536906847470891, 7.812752676815735;
  -8.648652351622577, -5.482553683216912, 28.21507805129526;
  -2.25489335977263, 0.9492758519806718, 8.149174682947015;
  -8.388808518846913, -5.534515853752318, 28.08104595483254;
  -2.231583150369443, 0.9883270557615193, 8.150637932852902;
  -2.202003562911958, 1.171602573387813, 8.068227325774979;
  -7.054057877749529, -0.5761892625059425, 24.25843276190101;
  -6.914774338494717, -0.2255882815818572, 23.81280302533994;
  -8.013996519030354, -5.665481892257602, 27.65236890747401;
  -8.509879585881455, -2.82504269916329, 29.3387493846767;
  -8.52045135931426, -4.15871582799689, 29.47869394367262;
  -6.48948046833429, -0.2694342914808426, 22.75079382173118;
  -2.2181965510895, 0.7301159776176632, 8.417055164925182;
  -6.820249763018693, -0.7917465449399489, 24.22770336391935;
  -7.47648066479627, -5.087441742473058, 26.6100785481699;
  -2.172625980238, 0.6678615938668189, 8.511317818640045;
  -6.081619611732763, -0.6251169799261228, 22.25845752673418;
  -2.158286220985989, 0.7326586391321712, 8.497671884220772;
  -7.384560738901251, -5.116984750144062, 30.65877622573611;
  -2.572415057524671, 1.584636174045156, 11.31503279974105;
  -7.002352340196108, -5.038018522368685, 30.31445314439244;
  -2.305792679722067, 0.5954499317685021, 10.64664272802399;
  -2.368024421114042, 0.6861812669776739, 11.09188310735274;
  -2.194307557363215, 0.9628998212613809, 10.37561756145728;
  -2.409101642351977, 0.7567699782840653, 11.49882070659514;
  -2.169759987655305, 0.7848473421260925, 10.45544648135916;
  -5.53794029023168, -4.008579315135069, 28.95369951980251;
  -7.920778437753037, -8.341744250798813, 42.59052837522409;
  -6.170191442201497, -6.345737609414776, 35.59938425426276;
  -7.623917690090608, -9.635823796892666, 46.40872053622297;
  -6.024620609210328, -7.649064059766799, 39.54810377671744;
  1.487880813041746, 1.063908800318327, 15.5535457302445;
  1.764883486001616, 1.497919024887423, 17.50028712080882;
  1.735732631847364, 0.5116617666576114, 16.3432493188377;
  4.371045313699627, -4.806936530321337, 37.94503983843217;
  1.799769728106551, 1.459514629115541, 16.2817657269884;
  1.909264563615521, 0.7470052756997655, 16.96543276556352;
  1.831673681494334, 0.445120161011176, 15.60722021414617;
  1.639151145262689, 0.4470994079451247, 13.75613049084214;
  1.847342461326849, 0.786911355606462, 14.99346624908972;
  1.67903584152819, 0.83975281081141, 13.30035192877469;
  1.765650260036312, 0.9151183075140574, 13.62068316186177;
  2.025542211927284, 0.2886060124539774, 15.22523789417384;
  4.241848175419893, -1.946283238955403, 29.97309958742996;
  2.130385327000628, 0.426619423189553, 15.4293415550241;
  2.135628266095061, 0.2893187303455007, 15.4018116636491;
  2.113759252878951, 0.3044310894432731, 14.75390730054748;
  6.180407934089085, -4.769493774146216, 39.74371992608014;
  2.2922898513008, 0.2293292003311507, 15.08381190558503;
  2.266861036640325, 0.3437248134250592, 14.85241490815856;
  2.183200074904606, 0.228029956099562, 14.22447476619447;
  7.592742097832496, -7.779531117820689, 45.89495982869677;
  7.30018676252081, -4.858633124790543, 43.22076843567763;
  9.065716850190601, -9.418185808490827, 52.31536946468518;
  2.379112748032628, 0.2554617255648794, 14.10909516784579;
  8.56277312799811, -6.803372897176495, 47.6563312417944;
  8.074652454349879, -9.012213857899262, 43.54471406149551;
  7.731615237579619, -4.185647814160388, 41.39718426259591;
  9.864054508415574, -10.6032821477555, 52.4672508283947;
  9.070441293757408, -6.376256829606882, 47.89351903506413;
  9.499992325222289, -6.480444138366127, 47.1339907114459;
  10.32038758521002, -7.349163594772518, 50.85212222696453;
  4.254660745665114, -2.075906199697697, 21.62184769201426;
  2.44426778603339, 0.6731142413276474, 12.81524831550179;
  4.619646365297391, 0.0006047673738250928, 23.03246911914017;
