m=[-3.776142104803436, 0.7633390410321523, 7.042494690644715;
  -3.570674855400887, 0.9022501912775244, 6.867112689169407;
  -6.069481206846112, -1.028325628306358, 12.71543195231356;
  -6.046830552954909, -1.002455535498622, 12.79432864540784;
  -6.013189826998186, -1.046122205604257, 13.03515830750373;
  -5.610504555449288, -0.8621898681534229, 12.70204351327359;
  -5.653949946787696, -0.8776476344003669, 13.00052731392129;
  -5.746568371278237, -0.9849288247113549, 13.20538331831472;
  -2.762648079676525, 1.004968016236862, 6.879650205771663;
  -5.578659447030212, -0.8459296161673447, 13.04530512244118;
  -2.680279161453504, 0.9722276585263959, 6.826988564242357;
  -5.5778234627885, -0.868765505940616, 13.21252304521977;
  -5.568395930808223, -0.7990451435994429, 13.2330342054985;
  -2.648516827020971, 0.9693822363762039, 6.846032879121402;
  -11.69866638927218, -3.770625316447609, 27.03885289667862;
  -11.7597817174328, -5.811047124822901, 27.29384570301777;
  -2.61396116659312, 0.9044590101283637, 6.849335462823492;
  -5.359876724872563, -0.6810087243301704, 13.03722441679867;
  -11.50758788237598, -5.126895889916428, 26.95381631963522;
  -2.592630877595853, 0.8980462651334837, 6.892431275483077;
  -2.585435517780232, 0.9796283658510027, 6.909432241287393;
  -4.982473797775416, 0.0003448403396039995, 12.42980513190273;
  -11.27646121465133, -4.017856126394902, 26.94632097603683;
  -11.38018062239208, -4.977042914248769, 27.28002702566346;
  -5.196310203127458, -0.3088480794455242, 13.09819130454874;
  -5.081718486276542, -0.09235384809115466, 12.84236397962839;
  -5.179494931151487, 0.06569649416223511, 13.11412000601402;
  -5.178343939140395, -0.188763544550987, 13.12736210933021;
  -5.199884689953221, -0.4961634724192086, 13.20327317766798;
  -5.143368185321143, -0.3055004379735658, 13.14787668406623;
  -10.78536976073855, -5.165435822203613, 26.78815232603752;
  -5.24765695472587, 0.1816888671339387, 13.77892124455839;
  -10.65456812987551, -3.796908175143101, 27.05123762444604;
  -10.59282652891775, -5.164717293905353, 26.88950055282879;
  -9.717142442562503, -5.035288856971797, 25.30764372741581;
  -2.411124502637016, 0.8740308638128086, 7.120570583207812;
  -9.36901986206686, -3.950510886181522, 25.31760375719557;
  -9.910731913369894, -5.512240336383432, 26.77736936481166;
  -9.31123104537842, -1.794777176032541, 25.46805251814265;
  -9.297545150041506, -0.2664338644702674, 25.43960489519256;
  -9.29497987308439, -2.261714239622801, 25.44029278098696;
  -9.238699054540104, -3.983362957089029, 25.41496437510995;
  -9.079139245152748, -0.382926074065948, 25.32343562343487;
  -9.036596707250604, -0.6112481618216786, 25.21252056794353;
  -8.693728548281081, -2.187575201406252, 24.53711791758595;
  -2.277615004838671, 1.593329566841423, 7.184768032861349;
  -8.807819535610696, -4.688579020868503, 25.06164646240896;
  -8.771454926228214, -0.9229187775093427, 25.39758798583505;
  -8.459710975346072, -0.6775184554025795, 24.55814223717948;
  -8.626193832762739, -1.022975617492621, 25.3149712073192;
  -8.764785963632816, -1.923889497911961, 25.73507511121182;
  -2.305560628237793, 0.9728147782430029, 7.491201425762879;
  -2.289003033046189, 1.040669666907709, 7.472064430942471;
  -2.234964952675555, 1.187852464261026, 7.340953983505023;
  -2.259406345109209, 0.9991187421725655, 7.413487182767922;
  -8.489623511348558, -1.988159330832735, 25.21477006872942;
  -2.290113571235902, 1.008568636699562, 7.514688607756564;
  -8.405992690013949, -1.337802239048611, 25.02373595878633;
  -8.488986001453057, -1.777551884795848, 25.26230899887605;
  -8.530044003683436, -1.567287979420918, 25.38047550807201;
  -8.42089485387676, -1.894724902110357, 25.34094460241942;
  -8.364588606166269, -2.267137674549136, 25.45435124546556;
  -8.259457729414057, -1.768496684266193, 25.22404651094772;
  -8.248394473451484, -1.536332731209275, 25.2134003841324;
  -8.219637713012514, -1.668079494597711, 25.40675851181337;
  -8.167757533345647, -4.898276369799773, 25.33396137097765;
  -2.261625794959502, 0.7251066444042033, 7.730253422385641;
  -2.215960617685886, 0.8124612111717068, 7.629008282310387;
  -8.103904006944118, -2.240979511676122, 25.38588572640029;
  -8.065288044437365, -1.990345979720531, 25.32318266762999;
  -8.071159782314773, -5.299461993962816, 25.71380346578602;
  -2.233118895341141, 0.8067910405519393, 7.861504264781999;
  -2.236460984048363, 0.675583912191277, 7.919990005733271;
  -2.219537514333397, 0.74507100485696, 7.901982500450014;
  -6.672964745583479, -0.5078590354621746, 21.87874520921454;
  -7.724506294992554, -5.281667447294397, 25.2596260436656;
  -6.477942391201022, 0.04178595614141083, 21.49452428791084;
  -6.519207855945652, -0.6354754513548743, 21.77808253573274;
  -6.467144366614258, -0.3048223320440381, 21.62066759033095;
  -7.457443141294215, -5.463261969107312, 25.13744142867976;
  -6.372786649979803, -0.3636087306394093, 21.65158172199343;
  -7.622856249198627, -2.705946630664333, 25.73261016379901;
  -7.308686989411538, -3.72199776504905, 24.7374280590041;
  -6.217318682069912, -0.825838807384666, 21.46186593829819;
  -2.102794583770363, 0.6581356408762962, 7.945354174113892;
  -7.256393909479137, -5.141961071170639, 25.231094601733;
  -2.922145721463397, 0.9672950490184196, 11.60578854603884;
  -2.278612883880003, 1.396741787723288, 9.343652205829944;
  -2.663007806205524, 0.7371069275160943, 10.87805091550512;
  -6.601805540368158, -4.776905366241009, 26.93877508314143;
  -2.237842309026362, 0.65082410895675, 9.954433971501771;
  -2.706619601879623, 1.645154532714884, 14.8352924233848;
  0.7394191386006203, 1.554658334737678, 14.48610495646804;
  1.826060008394462, 1.171559951653511, 17.07714545653527;
  1.932599454253547, 0.6944866008055081, 16.43041695194655;
  1.87349093314733, 0.4651255139408358, 15.94035446012676;
  1.910256216042272, 1.198355734252803, 15.99300477132461;
  1.947968147898493, 1.467301079039282, 15.9695184086384;
  2.062860756734696, 0.7209952294444166, 16.66500774091567;
  1.882144842369107, 1.250353952507886, 14.79629318465211;
  1.959624338052701, 0.4092198967844496, 15.09677862975042;
  1.972824599894581, 0.4644357624247379, 14.80163186769199;
  2.123622326551091, 0.7599810248969695, 15.71337446430765;
  2.092060027207051, 0.8074979436924569, 15.32604765224517;
  1.829114111974968, 1.077784607256377, 13.18628228276994;
  2.175314892985313, 0.4944898800316462, 15.25286714482511;
  1.892820360811771, 0.8600859288547229, 13.38160621354861;
  2.000902926398755, 0.8128408348877676, 14.10828259399087;
  1.93097651148868, 0.9311921749511075, 13.37716612453682;
  2.432329152613467, 0.4138156761587237, 15.98701111991168;
  2.213407685813965, 0.2553957993110984, 14.50260139429581;
  6.11969290225857, -2.105893242701692, 35.14607690302379;
  2.182932662716953, 0.1767206130398482, 12.85493912039939;
  2.108076815280855, 0.9849729189572619, 12.06836806615216;
  5.160616245207737, -0.04222963075080229, 26.15978670050644;
  12.80841747658227, -13.69748038711792, 63.42794596491682;
  5.100311178225993, -0.08639508117091768, 25.50014207175425;
  11.8770031164073, -7.624906125894738, 55.49382142193095;
  5.265173733789647, -0.1485440728439091, 24.82511898606434;
  5.751291260333185, -0.1104763107444, 26.94751853945995;
  2.541362903329884, 0.6482175412163803, 12.00267064930095;
  11.74926754786648, -5.410496434146245, 51.43501352462953;
  5.21289808612966, -0.03596158960313152, 23.3031357843036;
  2.597545604739679, 0.7514727919427472, 12.05879889701743;
  6.199513252951495, -0.1569292655133955, 26.90557308702541;
  14.63113142381259, -10.04166792007522, 61.42790663063687;
  5.257848794253166, -0.2391105139239299, 22.29922873795642;
  14.85228137237575, -8.542277793293174, 61.01224800173582;
  15.00478408515077, -9.916155481697862, 61.18664918550756;
  5.127396332934144, -0.4386252366799018, 21.55098135435294;
  16.007581825118, -9.648089732748414, 64.49286503729152;
