m=[-2.899902634856336, -0.4810060955740741, 6.591359737456559;
  -2.839229902115289, -0.4407261172388012, 6.528442282005559;
  -2.860401640768919, -0.4902564181305127, 6.573088088446075;
  -2.800619438300383, -0.4246767433945887, 6.549052770001516;
  -1.2048432221616, 0.4367547843643834, 3.558161843454486;
  -2.621168890621604, -0.1557918881139169, 6.607105855656981;
  -5.876030768616039, -1.893917617540265, 13.58113192411935;
  -2.589171583969998, -0.04705494013366855, 6.543275464166316;
  -2.593150761736732, 0.03289141434536721, 6.565676911579076;
  -2.608863882406471, -0.09509959158406983, 6.613601043268653;
  -5.669907340299385, -1.899036946897107, 13.24181614935027;
  -5.793755632353427, -2.581251800317335, 13.57050901644412;
  -2.594458864041247, -0.1541029711874519, 6.632156979088011;
  -5.725427125052226, -2.039996592258036, 13.68152597697161;
  -5.661640494157748, -2.476079127340664, 13.57181496630316;
  -5.471062387629363, -2.620255241080985, 13.58874622533423;
  -5.349115047962997, -1.906233871501743, 13.58104622159264;
  -5.312224548221225, -2.590067714071196, 13.48488663872601;
  -4.801387103091153, -2.488012409111854, 12.50488967519922;
  -1.151511535527625, 0.5071269975943406, 3.778524666381424;
  -4.693268905395888, -1.978948724146848, 12.68247097584519;
  -4.843972083074714, -2.694164118052576, 13.0877144892141;
  -4.710430371510513, -1.146172190952987, 12.8924139064236;
  -4.628854214830361, -1.995779525263314, 12.73362886625029;
  -4.622534130328305, -1.071682139754844, 12.88268603456092;
  -4.072296400204071, -0.02240685148042975, 11.50576608177202;
  -4.299456937886599, -2.288687173777903, 12.23361461051942;
  -4.354167150922027, -1.002128890184902, 12.63665605426008;
  -4.245308639148248, -0.6756350632628865, 12.63782712728293;
  -4.303012032637232, -0.7906241786260061, 12.80327410481451;
  -4.28536666259404, -0.8973346860074279, 12.75279011950335;
  -4.199904634171563, -0.297734376448035, 12.64627143128788;
  -4.242527154358519, -1.149894346250739, 12.91047072845374;
  -4.178426901258757, -0.1270091742446012, 12.75132841203106;
  -4.18959507563623, -0.3513819252601645, 12.78411687316267;
  -4.22656078723908, -0.5877758922678941, 12.88886962233902;
  -4.182028961689767, -0.6772113735636837, 12.76390500263938;
  -4.161624309946149, -0.8910777237942799, 12.70943064232128;
  -4.142581456945996, -0.7715905809901947, 12.6628964259703;
  -4.165150910253294, -0.2999073326802806, 12.87136103853268;
  -4.138601197436922, -0.8398807873044212, 12.79234497568195;
  -4.034115714702626, -2.419294842885927, 12.51263045763644;
  -4.04389956167656, -0.5673778429244462, 12.68539268167088;
  -4.055798110823651, -1.000886939184218, 12.73428994197574;
  -4.056074334980181, -0.7826581794233622, 12.74138841387127;
  -3.985409647094254, -0.8362308694517249, 12.72556187061158;
  -4.02720822962672, -2.644234227829929, 12.83023056479728;
  -3.272689679822893, 0.02111047909460848, 10.85914377770597;
  -3.896070107571674, -2.663956228876105, 12.74039662845007;
  -3.249839435941664, -0.1531779065805887, 10.86471774608435;
  -3.180161881127602, -0.1814488211100411, 10.8046194922626;
  -3.842286079205098, -2.646446603349709, 12.91371139992663;
  -3.777480144348694, -1.340922527573093, 12.75170628676555;
  -3.757039206364532, -2.752376253319218, 12.66417339104938;
  -3.77169555148325, -1.920761202854084, 12.76591096327618;
  -3.078723514578171, -0.09154249721683123, 10.69752527297195;
  -3.037893474520358, -0.1854595477977306, 10.74543185316847;
  -3.502631553680093, -2.482003502063155, 12.17894579433891;
  -3.01132356409127, -0.3638867578603588, 10.67724950139014;
  -3.484928418757643, -1.160806754876796, 12.93290851693588;
  -3.397746594483103, -0.8400235352466043, 12.75613613567511;
  -3.347816804206015, -1.128262731267703, 12.74238944177671;
  -3.450528263233351, -0.5835209286805119, 13.30509269105735;
  -3.396087766255883, -0.8276325911742397, 13.79211450578485;
  -3.337576997608333, -2.414989259018481, 13.61903732417774;
  -3.198944995480091, -2.403493939831905, 13.61291402858474;
  -2.764447085638863, 0.5844949683187124, 12.81264287542739;
  -2.694101620244195, 0.6445722273104779, 12.57866580081691;
  -2.75871358003623, -1.914839471463416, 13.56899928837667;
  -1.33747315751502, 0.8129513382457886, 7.330843752991329;
  -3.703005467437956, -4.403615438759948, 20.33376794119436;
  -2.645942143406969, -2.854514206983982, 15.17049996264409;
  -2.747377501852359, -2.690586714229504, 16.11315080524154;
  -2.707671372845054, -2.227308060586287, 16.37036125238115;
  -2.779255083755678, -2.754710778566828, 17.29054931511065;
  -5.214736061360597, -7.923522172493149, 32.9301398858132;
  -2.880474236335338, -3.886697173181896, 18.53310920416809;
  -2.652685265409135, -3.541320327095597, 17.42447324531888;
  0.1474919614159309, 0.7407072742385977, 6.950988480536933;
  0.4105825896413885, 0.5965039728519594, 14.66956400715684;
  1.396337183834016, -0.2860283497888717, 28.48291290175363;
  1.287084421171665, 0.4257356513132361, 25.06662600390434;
  0.3648814088647616, 0.7671777668021972, 7.148463042872111;
  0.349445550895935, 0.9366114584756381, 7.120315758257847;
  3.538374468336131, -9.147467007581764, 59.3659188296887;
  3.606269697936488, -9.091403283469758, 59.34144144173802;
  3.706983497685574, -8.55643522256754, 59.95094705061495;
  2.123801241078366, -0.3330078517665694, 34.07880802201473;
  3.651800795535807, -8.0836575464786, 58.15212232675221;
  1.727638720407929, -0.3027281738005253, 27.26470215098352;
  3.779864455414892, -8.760980510778621, 58.58150011320004;
  3.149441537115707, -6.233630092228176, 46.80358764644488;
  3.661315459391143, -9.435375662929264, 53.93129902428305;
  1.619916932101793, 0.1381228375906244, 22.96665991128436;
  3.412657081818792, -8.411728552898865, 47.2265988083885;
  4.350367541292449, -10.3279419089342, 57.16344790906861;
  3.951310058177216, -9.733711473014877, 52.21949378995049;
  2.057324399024698, -0.07311560260497053, 27.06954413673619;
  4.85875300824621, -9.147320790799489, 62.52669065284698;
  4.418799095009653, -6.019519631245784, 56.42667793917706;
  4.322908302384804, -8.763711380455222, 55.13117055900407;
  4.945552233291556, -8.829172581411616, 62.57100757596204;
  4.709228670110581, -11.73331455717611, 59.36359172633335;
  4.365748562654368, -4.698650217697965, 54.69113726867997;
  4.532372387147539, -10.96118739548618, 56.67654783579843;
  3.138709915319428, -1.549920821939979, 39.05641827989912;
  3.777896100217758, -1.029144333983118, 46.46412329884906;
  0.7270940299228451, 0.6784372262655533, 9.501511471131504;
  3.145320664583921, 0.01305986751963062, 37.5641211065539;
  5.407036977948875, -11.01679896355517, 62.94251840167145;
  3.661074193784842, 0.1817540169664104, 42.49705460945712;
  5.050863114145137, -9.799610996748012, 58.09349353652581;
  1.680593982381586, 0.5323233367723176, 19.68099893337513;
  5.001259658805778, -8.611204543879923, 56.92745510840142;
  5.639147197150993, -8.635756768564269, 63.2653360020762;
  5.120875677754521, -7.082844263489897, 57.2260678756859;
  3.564939248714696, -0.3875157108501198, 39.83302569398828;
  5.394696297135311, -8.619067966315715, 59.52831994735877;
  5.311786875826758, -9.188625956593521, 58.46953972066518;
  5.486914870493401, -9.686377927145891, 59.63613034171327;
  5.601962434339762, -7.003189047237157, 59.1704110777498;
  4.262527634595828, -1.482565106313774, 44.79133047069354;
  4.218084259079257, -2.973051625338019, 44.49987911751331;
  6.498565959275146, -8.363397398919906, 66.77333472817733;
  6.034360270969813, -8.062689771047223, 61.85458892164012;
  5.649361409552737, -5.292858417219902, 57.79637786122052;
  5.733432876498655, -7.979704564474943, 58.32690368190427;
  5.954210009981286, -6.999285852722667, 59.20908304499586;
  4.816981968127909, -4.240996423414559, 47.23872907502233;
  5.856589717070145, -4.199792332023235, 55.42920164972569;
  6.036092731667475, -2.8210682171426, 56.64337400658382;
