m=[-3.58395774628578, 0.9080769823376391, 5.954952589756489;
  -5.047661231345069, -2.029342452655641, 9.113630316884521;
  -5.197301285290826, -2.010304615357018, 9.365835453000209;
  -5.006081303619356, -2.024439295148862, 9.136994968696685;
  -2.741212075505716, 1.008518303133541, 5.912846625714587;
  -13.78318804339759, -3.71024927161595, 25.79486364648256;
  -2.675792919311272, 0.9824762716454503, 5.897414835689564;
  -14.32043205561885, -2.606265466267816, 27.47140805266506;
  -5.94649095697943, -1.010830684305877, 12.29086071557463;
  -2.599032366435075, 0.9124591926896205, 5.991474664029242;
  -5.629500721144459, -0.9033227179406725, 12.09439819072281;
  -5.617769829917445, -0.9972897357332587, 12.07823646378112;
  -5.549781069062745, -0.867464619423118, 12.13020002679767;
  -5.366949054877066, -0.7684738700430362, 12.18184595201973;
  -2.428787181332683, 0.8874609933359832, 6.184046854350437;
  -5.214074052037112, -0.6115745583178541, 12.15885129895738;
  -2.402939416372888, 0.8838440409098551, 6.193939074328057;
  -2.394152865575811, 0.9281037864644838, 6.18749184145614;
  -5.221603623235017, -0.3370928527948955, 12.31480323177623;
  -11.42148934705428, -3.781436310799495, 25.72049800320113;
  -5.213008273796852, -0.1163113520642716, 12.30599149941295;
  -5.111417180877226, -0.05695584834557408, 12.09071496671959;
  -5.128521532753522, 0.04941155149687976, 12.15104885406599;
  -5.190497311556048, -0.2117500110552493, 12.31389355395463;
  -11.30228729673899, -5.150276558258158, 25.79349032336145;
  -2.333806365635135, 0.8798267765104525, 6.138589264247269;
  -5.166925667247461, -0.3313225234836691, 12.36339182396661;
  -11.23013009498598, -4.103956834270169, 26.14937095841272;
  -10.91084864978387, -4.883648968855389, 25.50011342514917;
  -10.74256041384382, -5.263037871964537, 26.004273431848;
  -11.06431735387828, -4.169242149271522, 26.94713091584268;
  -10.37809916458011, -3.801964300434544, 25.69575592359885;
  -10.32076846399166, -5.167610700415005, 25.55995179394713;
  -9.227238247386438, -4.902451009448969, 23.3913867773641;
  -9.36507123727905, -5.597347382871583, 23.80465007473523;
  -2.263590385936692, 1.397406293105789, 6.554682667048292;
  -2.308350061576951, 1.037031789160851, 6.682435151976167;
  -9.107027796410929, -3.944388120947167, 23.9544866041953;
  -9.172355000624567, -5.211185383916879, 24.16601371828444;
  -9.085481649399968, -0.3173096348485688, 24.19883497167923;
  -9.211879086102771, -2.324823908359833, 24.54540067416232;
  -8.970875230384348, -3.969175375804378, 24.02611829827072;
  -9.043112981923041, -0.8873048985947133, 24.5234986963444;
  -8.783170162509004, -1.925047897119372, 23.82691643898979;
  -8.871170973902979, -0.4480266934099416, 24.08642949836608;
  -8.835704649910623, -0.6587392933056896, 23.99336386122609;
  -8.969748858437823, -2.159894737779773, 24.32514604025585;
  -9.15305409965138, -1.355243319788651, 24.83375816653904;
  -8.833700472080865, -1.853433891103306, 24.19537059780159;
  -8.750893608877037, -0.3266900326370934, 24.0121399346668;
  -9.000301152901862, -1.651607128562368, 24.66815173010475;
  -2.28635796527686, 0.5380270402556772, 7.057532017072394;
  -8.136488548085243, -4.438617830907228, 22.53797846845948;
  -9.047791533301366, -1.932336163508638, 25.13368681702423;
  -2.226316270934415, 0.6768227018723506, 7.004504680753506;
  -8.969612467846467, -1.934631874850521, 25.1776093695719;
  -8.467063873894698, -0.5324480678067642, 23.85684186237683;
  -8.526723582385907, -1.078562910427219, 24.37244938784362;
  -8.304687024668196, -0.3394930005253493, 23.99092357763561;
  -8.331568451603189, -0.7595740111800846, 24.09808042526669;
  -8.240356340105068, -1.373569832586557, 23.88487784542603;
  -8.251925299797627, -1.164354335132638, 23.92970025882766;
  -8.326645868189212, -0.9580708681501259, 24.14838563568756;
  -8.360496010440704, -1.610818953267133, 24.23655026204234;
  -8.335621070387985, -1.823053158595583, 24.16426392308476;
  -8.2178983770046, -1.0670093824194, 24.10656239571793;
  -8.065668946012391, -0.5442187417275227, 23.94469350046067;
  -8.107754467245409, -0.3099091943183283, 24.10791664382927;
  -8.086865689906219, -1.379138159553318, 24.05434959670889;
  -8.074734787180852, -1.805533566570798, 24.02761438683301;
  -8.006005587119411, -1.561940403471231, 23.84383826939954;
  -7.713132529654196, -4.745085836105573, 23.32689830626985;
  -7.906510839510736, -5.128585451485748, 24.06950351660797;
  -3.307622129945244, 2.122247819532233, 10.71737974318625;
  -7.774603053527564, -5.239231273087211, 24.1800702724267;
  -7.035127279041949, 0.04428314149392923, 22.0500436113131;
  -7.630536079094385, -5.022372007294435, 23.78744004760769;
  -7.705854029259167, -4.58569197667599, 23.99449510566214;
  -6.399096207515834, 0.0002112359172258706, 20.56100064501499;
  -7.599297647746899, -5.332475672548878, 24.24948385412888;
  -6.320143029420727, -0.3451416942517183, 20.46886220050305;
  -7.546432426422413, -5.6207967250958, 24.28833534301917;
  -6.139747766206834, -0.3959677052868556, 20.21396153369609;
  -7.318126836102885, -5.497423830022954, 24.07115900756725;
  -6.088915049978023, -0.8626574940786538, 20.36475224444839;
  -5.952873256597023, -0.2184727447244367, 20.03862328428427;
  -3.028615719039007, 1.032565182671075, 10.85366182745511;
  -5.894397370833412, -0.4063616152601983, 20.20400313413928;
  -6.559003906597929, -4.772981218798824, 22.27064273433779;
  -5.65943640475241, -0.7300548634757692, 19.47071471454455;
  -5.522788950328352, -0.3022746276783269, 19.54850976952012;
  -2.252289306232028, 0.6039519982789865, 9.172102350576862;
  -2.181118793302067, 0.7738842346033448, 8.994421523211347;
  -2.595481643305628, 1.595772898740369, 13.5930891898732;
  -2.68173758719082, 1.616329016607189, 16.0422581735267;
  -1.665404588586805, 1.601075891252141, 13.73692712695847;
  -0.8684115095769871, 1.51913640664159, 13.22130519054017;
  0.3512544152169744, 1.454501445004155, 12.81330992583402;
  0.790093746762063, 1.528562091745547, 13.36271822485773;
  1.759142225304064, 1.051417719905832, 14.83290078180109;
  1.865302746044766, 1.134262331346718, 15.07330815400078;
  2.033686451245819, 0.6937727535542664, 15.68273413603794;
  2.013240915120349, 0.4553579502796421, 15.46021337591873;
  1.918040027205859, 1.148735519655774, 14.5419831380599;
  1.923332177729691, 1.246217770518629, 14.49620871784313;
  1.948232767463338, 1.531433163519956, 14.63187092884244;
  2.001174146913702, 1.442499216061246, 14.86479247867748;
  2.138209233933336, 0.7063176674582308, 15.69405791355822;
  2.380966200494825, 1.007670137838198, 17.34298560563372;
  1.888280731065402, 1.204590928179473, 13.40117203684897;
  1.956729061839326, 0.4820149040037782, 13.84651820115403;
  2.021383343471786, 0.3975566069425647, 14.07247542985662;
  2.123217416228209, 0.7239151346128809, 14.25818090505818;
  2.072972717660171, 0.7602184560181745, 13.75212279940134;
  4.426919146129678, -1.380469445867658, 28.12262272221383;
  1.958857948150092, 1.112438467512579, 12.66040333540478;
  2.296763132992042, 0.2649615424899761, 14.35252215124175;
  1.868438918042932, 0.8181893144681144, 11.86466857632716;
  1.902927339156096, 0.8789814950287065, 11.8300344577321;
  2.457087172059908, 0.4496192747892517, 13.89220730524643;
  2.964357374471503, 0.1581088908112224, 16.3384347668671;
  2.503294845720934, 0.2434473367862344, 13.77638673232496;
  2.882139166994615, 0.2179678520962172, 15.37707478204497;
  5.644922040503607, -0.1237173185851635, 27.4442265181475;
  2.15191696046963, 0.9755271122655924, 11.0194400027177;
  9.720063548514528, -4.273350587869485, 43.2655372981537;
  2.238616508475523, 0.9207074317787863, 10.64756740412465;
  9.508639320697839, -4.585266205843212, 42.01594011420996;
  6.118864351662702, -0.1484653020890177, 27.04998289259032;
  5.350302219293214, -0.1770944321667564, 23.71704318912481;
  11.11987740137524, -5.055184913357536, 46.7717372885915;
  4.652039209647977, -1.364255606603876, 19.96634806978711;
