m=[-1.346092634088143, 0.4942475416852228, 2.966771685952124;
  -1.199698444513899, 0.4412705180361851, 3.092403837672165;
  -2.807587470924418, -0.4388430402307513, 6.136565963816603;
  -2.789544609580195, -0.4466577354422067, 6.183118525997508;
  -2.825384145110184, -0.4200510187043897, 6.284297577463523;
  -2.613056316036845, -0.05830186663351802, 6.168463030122141;
  -2.585133234177521, -0.0288057991020113, 6.114959507192912;
  -2.628943500262683, -0.1697176056023775, 6.200187576309033;
  -2.605077061108251, -0.1062759622784734, 6.180263605746703;
  -2.588248269014311, -0.1659681216875128, 6.193146475934141;
  -5.888961280339298, -1.955595459515093, 13.07321543390122;
  -5.784588596191806, -1.915166463497855, 13.02654101551685;
  -5.737331409938267, -2.614412701762492, 13.0934383739173;
  -5.691177378263642, -2.079793029913071, 13.25191312973196;
  -5.552833449775505, -2.485424390132939, 12.97771487308118;
  -5.419805887947071, -2.655292830394738, 13.11960173629463;
  -5.368513072007835, -2.02295634360891, 13.07500679416967;
  -5.298989146573131, -1.941257955254495, 13.12008389906839;
  -5.253362331996295, -2.630359502269241, 13.01024128488496;
  -4.873371299308579, -2.855579747320202, 12.26543997917014;
  -4.729357239798634, -2.686938885562316, 12.46023643086856;
  -4.634539721173361, -0.8187810832404888, 12.33917383962674;
  -4.635863370299858, -0.9328496369591769, 12.34454812059844;
  -4.590129087328232, -2.030908565474058, 12.29344758724914;
  -4.515950157833881, -0.228072057541267, 12.26141570428384;
  -4.520574088418911, -0.3370279902204753, 12.2756229709605;
  -4.556283956669925, -1.097142617608996, 12.35622918724319;
  -4.501796548431607, -0.9445398697958757, 12.33035195040397;
  -4.488753654820706, -0.8237121634837695, 12.30283902227852;
  -4.46232886309228, -1.168063495180159, 12.24879032717463;
  -4.655747627284323, -0.9943276738039953, 12.93311216693903;
  -4.440616905684687, -0.9577848586584816, 12.46476569774139;
  -4.348338297653402, -0.4913588640565673, 12.26291292559415;
  -4.346994017990409, -0.3810436021199599, 12.27394889437055;
  -4.321363060349639, 0.003850882732823415, 12.33973174943156;
  -4.29983800483641, -0.2197610000449368, 12.29569703775117;
  -4.331701843855326, -0.7787589449251942, 12.36680619259513;
  -4.298701121290546, -0.5437516002059185, 12.2872372371199;
  -4.29189048891888, -0.9812803881374774, 12.2827849466671;
  -4.27022035641382, -0.1745652686726356, 12.33598929448891;
  -4.274764269201372, -0.3897225188351888, 12.36425215212015;
  -4.258837203094535, -0.2723611975997666, 12.33271808506028;
  -4.224573856167849, -0.596091300491738, 12.25081207434773;
  -4.247200134089184, -0.4886864151650373, 12.31744790561554;
  -4.25077508892676, -0.8189979482997294, 12.32272869537321;
  -4.245528086092863, -0.9285239002470151, 12.30742860057118;
  -4.080277349130754, -1.013359691040693, 12.10453378283776;
  -4.169702856035493, -0.2813443567890529, 12.37867033026773;
  -4.131999697017717, -0.04868458232723374, 12.28337756889941;
  -4.132779460830814, -0.1579705402002087, 12.28856931367939;
  -4.144611494491787, -0.3786532811631553, 12.32345247247181;
  -4.191774907236844, 0.05683210031374202, 12.47037346001202;
  -4.139640770289063, -0.7059764279595133, 12.31334488683429;
  -4.127765853906502, -0.9229801350262034, 12.28280170566803;
  -4.118024157676191, -0.8034104203840957, 12.26448082463059;
  -4.106633497439055, 0.005443078255345108, 12.36634725344823;
  -4.079105536422643, -0.3258352475947947, 12.29333719288935;
  -4.024418043690851, -2.475804607825311, 12.17108484602983;
  -3.94790637444006, -0.5870287541186638, 12.0710207614406;
  -4.018180455210707, -0.04995735509117905, 12.29746665300161;
  -4.023286664248095, -0.2673407197634177, 12.31016227652196;
  -4.044408703167367, -2.623419616561235, 12.31224638522228;
  -4.045560319031324, -1.162873261649025, 12.35619185504442;
  -4.035950626237779, -0.7048983078412836, 12.3433966673848;
  -4.025485083091366, -0.3792146726955661, 12.32898152167013;
  -4.011715306055012, -1.030248576189863, 12.2789326918839;
  -4.008186529316196, -0.9227716193579963, 12.27414305055311;
  -4.018190420942593, -0.8128066258049453, 12.30594550790097;
  -4.096938508062381, 0.04775159734949033, 12.56386596101071;
  -3.962514976072576, -0.7013032278898355, 12.29328348707204;
  -3.942497530310812, -0.7483171892805575, 12.24771894453548;
  -3.935428086173299, -2.341941714834849, 12.25413946252091;
  -3.945962325732515, -2.659146592702431, 12.27247817948321;
  -3.933862342088379, -2.589244045589948, 12.26342600939184;
  -3.238128223232584, 0.0001068914989160711, 10.4044624939891;
  -3.830958260796622, -2.688207868039615, 12.22465085553962;
  -3.12049255899657, -0.2012483777837584, 10.27363321029573;
  -3.817758143083169, -2.84357445416401, 12.28752671435579;
  -3.722894863190128, -2.796662506121631, 12.24553717465044;
  -3.056834841627469, -0.1121870178034686, 10.28994893613174;
  -3.792808353634036, -1.988196429893915, 12.51715387311993;
  -3.01621144443694, -0.2079385690202275, 10.33855399335156;
  -2.953847643349089, -0.3810398569339138, 10.16241206025107;
  -3.553269038927454, -2.58571067034733, 12.06487851384475;
  -3.028955611118661, -0.3718552340775362, 10.56182323068085;
  -3.394168529284812, -1.175713456628392, 12.3134716891889;
  -3.349754621451417, -0.8683937135585166, 12.28785083411541;
  -3.315664467476442, -1.163105206795176, 12.33738468463094;
  -3.347833491943813, -0.8643054194318183, 13.32394236524245;
  -3.284813080681401, -2.453633987488179, 13.16075272158117;
  -3.177243467201756, -2.460952541061439, 13.28014917397127;
  -2.732437378681839, 0.1043715254007453, 12.25461445976272;
  -2.710990756822583, 0.558751883853818, 12.31923895510284;
  -2.723295340920902, 0.6381364124761332, 12.45371732131577;
  -1.329757257053976, 0.8175710270127277, 6.964221474128674;
  -2.602767610210474, 0.6077265577390749, 12.70637425573542;
  -2.690221754497173, 0.1314184699131939, 13.09322377774354;
  -3.385176285659831, -3.600054287715979, 16.82748601440596;
  -3.118453947424308, -3.584664937044276, 16.73403585127186;
  -2.563091560023869, -2.868023819923331, 14.58098344845881;
  -1.935138019901302, 0.6568409872701291, 11.40363898854149;
  -2.61149964800086, -3.62572540146018, 17.14769572338206;
  -1.278179184456295, 0.7204163906105774, 10.65599014774262;
  -0.6332008993217627, 0.8013222831797598, 6.923196005550679;
  -0.07941099203053649, 0.7716466902917807, 6.774017187382735;
  -0.02652426957268806, 0.6405552343587035, 7.954469257357773;
  0.1291502672382603, 0.7673653763385235, 6.781502895715825;
  0.1878970769238256, 0.7780587461909692, 6.854244036465868;
  1.332181267910557, 0.3609937984105233, 23.43471487876756;
  2.216403421137714, -0.4293489225046555, 32.30711876958257;
  2.235318998568526, 0.4479689577983501, 31.51726197893443;
  2.996922409630006, -7.555370650052637, 42.67593118310576;
  2.226353685920676, 0.1170392281600777, 29.36245702164479;
  0.4114414793472006, 0.6725824356996306, 5.951092358567848;
  1.765940577856318, 0.4997718607913831, 19.27558815633024;
  3.757451517826835, -0.4677061699212034, 39.66616929697304;
  4.236398988556237, -1.494404686166601, 42.22508997119395;
  4.945164680286643, -3.431314413570094, 49.3822426157956;
  5.868234351041378, -0.6298732339217111, 51.74559456817682;
  4.894899358034056, -0.4578447127812094, 42.96036770291232;
  2.399104043803669, 0.5194103928287499, 21.45014337301799;
  2.705780702269343, 0.4867514369921546, 23.91192580228873;
  7.755546582137067, -6.919149852391826, 65.99302083019731;
  3.904698944640818, 0.3003519778208773, 32.61585401055822;
  6.911897529653705, -3.192666699010674, 56.5941994022706;
  7.526322397818304, -5.95943884988356, 57.86284664373302;
  5.160153490365543, -0.2089679393784644, 39.55194843705843;
  3.28987965205641, 0.10990106989719, 25.0899819686609;
  0.9114254836865615, 0.5542240240450057, 7.365129979113345;
  0.9746624654700031, 0.5837361983481145, 7.389587775606655;
