m=[-2.515406227844155, -0.02588739393635137, 5.519758810176902;
  -2.547999818328081, -0.1635443651663728, 5.585570297677471;
  -2.542923594448372, -0.05458766651177767, 5.577917861726813;
  -2.488539332177522, -0.1816114799554486, 5.494455375519801;
  -2.519271613265047, -0.1010574673881881, 5.554695782550426;
  -2.503214944038455, -0.1125186417516412, 5.594327091139174;
  -5.93459076656597, -2.509908026123762, 12.47428136113745;
  -5.747631879231597, -1.99656055098773, 12.70869499727603;
  -5.605504635497673, -2.585527471855145, 12.46635524441465;
  -5.504007138158158, -2.044804777209499, 12.49926580760262;
  -5.494734083863947, -2.489196756480101, 12.51016360017671;
  -5.258427205079267, -2.607436523058068, 12.41571975890584;
  -5.177181492423826, -1.972778070275928, 12.30826101725188;
  -5.176531300356462, -1.918181091575408, 12.48931558543096;
  -4.616938763178136, -2.493849373896754, 11.38414955984914;
  -4.533933370350676, -1.988674573935586, 11.59903874986196;
  -4.591267040641662, -2.639014360537181, 11.77407763318127;
  -4.510898776562247, -0.1563511681929646, 11.66370569132204;
  -4.513309494193245, 0.05817315590768495, 11.67456527168528;
  -4.513166076570276, -0.2560460993862546, 11.6780286677871;
  -4.509821960982329, -0.7014952573558957, 11.67741719301923;
  -4.477029953056307, -1.137768078109861, 11.60043945611601;
  -4.489364434469573, -2.006065424963852, 11.69309444934047;
  -4.388235904420434, -0.2202727622551786, 11.56736722540598;
  -4.390523675673506, -0.3293450113706801, 11.57487959782965;
  -4.423867695268316, -0.433964498805225, 11.65885527428179;
  -4.346593206190201, -1.050740580912218, 11.46890822381013;
  -4.404038549731571, -0.6529678249497691, 11.62107303320474;
  -4.337019080626832, -0.2445738852834502, 11.55609406438996;
  -4.291135515584051, -0.794170992811048, 11.43987936574558;
  -4.373441850622647, -0.9238820552890172, 11.64259577427654;
  -4.366086206709262, -0.382285044430291, 11.64150187250653;
  -4.287066726552093, -0.1269787350709128, 11.70653964554396;
  -4.217015601750521, -0.9105544948051156, 11.52541444765335;
  -4.241194441036019, -0.1689121013600631, 11.59764657904315;
  -4.192233310860311, -0.575591301961746, 11.47995475864018;
  -4.216107263645552, -0.04132726161127562, 11.54852881399376;
  -4.151242828798127, -1.118022044448479, 11.38271021792159;
  -4.190117281868773, -1.006534348940692, 11.50405329874399;
  -4.172901585164427, -0.3249675930871818, 11.58734131601363;
  -4.143550848143541, -0.5275769093731479, 11.51548222707115;
  -4.155912033262881, -0.166887583333887, 11.66029278941263;
  -4.046101958299754, -0.682078953831778, 11.3981644702286;
  -4.072580428542977, -0.5780129648341766, 11.47606936938907;
  -4.107438371579859, -1.134098744175189, 11.56296765461912;
  -4.104360690033992, -0.4730202522333945, 11.56910464526271;
  -4.113227773555818, -0.7982360139536421, 11.59632579575444;
  -4.054982723063383, -0.2706229075016643, 11.6956413900868;
  -4.016219071541777, -0.04131736534922698, 11.59880734877722;
  -4.020399492907676, -0.9872810957592619, 11.6000317645109;
  -4.014796366073327, -0.1501023772346514, 11.6000204862437;
  -3.994171109450225, -0.3639891115624779, 11.54511070030365;
  -4.0290618337626, -1.140091610318828, 11.63512111772767;
  -4.072605229645038, 0.05574141160658627, 11.77497217105569;
  -4.017101675300178, -0.6910779871527759, 11.61932159767991;
  -4.009440726575742, -0.4731820096641312, 11.60737922424775;
  -4.007613939175928, -0.9037149741664677, 11.59877491354433;
  -4.000261607543206, -0.7896113114727549, 11.58376109468641;
  -3.960578098306102, -0.317258500665614, 11.60358729847191;
  -4.021832725317053, -2.502943163491816, 11.83750897389807;
  -3.889200423106424, -0.04222301526808783, 11.56418064366869;
  -3.870738560785424, -0.5800556711607139, 11.50646676172554;
  -3.858966569885482, -0.3634688614491549, 11.49274503959274;
  -3.890006238791727, -1.127459101168868, 11.5681040759753;
  -3.906645036487266, -0.6867706289134097, 11.62390791911832;
  -3.939935921975344, -2.587842741349963, 11.69370691697649;
  -3.875245205700822, -1.003879659984881, 11.54187240848262;
  -3.887955464012608, -0.9025808451438466, 11.58192182613591;
  -3.899168055350286, -0.7937149911609571, 11.61510000587215;
  -3.841052547815555, -0.7349999871434728, 11.60164435262761;
  -3.782465017974867, -0.7242760845417666, 11.45275585655036;
  -3.813299541589599, -2.603336988075323, 11.5698317782812;
  -3.767264813133906, -2.288832033153208, 11.46429357639471;
  -3.845598217282948, -2.565987349039367, 11.68906202877445;
  -3.005547394121431, -0.1892440730782513, 9.546950742992966;
  -3.72124561314286, -2.646170775131644, 11.59047982891908;
  -3.584819280402744, -0.7166174882200148, 11.46229156116399;
  -3.588747780503456, -1.309617036938594, 11.48897273421364;
  -3.656991241462483, -2.619952976613424, 11.72607494351468;
  -3.60264196902184, -1.328572323050624, 11.55793780819366;
  -3.65042851066578, -1.934018874844715, 11.76056379425538;
  -2.901285716528729, -0.1944382545917986, 9.599320201880619;
  -3.215805210760401, -1.125281054748027, 11.39134719153076;
  -3.216905690758904, -0.8354820993995862, 11.50774141254056;
  -3.224342107319567, -1.139682640085675, 11.70593360850882;
  -1.588072247315888, 0.750258413889938, 6.504566511726377;
  -3.104131123884416, -0.7961890841868033, 12.11426287600439;
  -3.139995271382154, -2.378810400262996, 12.35012390772135;
  -1.498628134698703, 0.5965991982483835, 6.579972797734119;
  -2.995501283996762, -2.354879900159662, 12.29638857108069;
  -2.61625618228939, 0.2531442192772084, 11.51595377620514;
  -2.596462672915908, 0.5542522797873505, 11.51399194368415;
  -2.550834697439806, 0.6193828302611432, 11.37938023046223;
  -1.266765955512574, 0.804623855973123, 6.263165252766349;
  -2.57372311872796, 0.141450726190442, 12.28058972628035;
  -2.588155845134275, -1.887892112764513, 12.33186737463799;
  -2.538545632398275, -0.2458252953932195, 12.33697376487609;
  -2.551554281917246, -1.566057587722839, 12.39657495539015;
  -2.510044559041462, -0.9804597773421101, 12.22470549703654;
  -1.032862934734666, 0.791999482219772, 6.20136407018091;
  -1.995141622060948, 0.6296933509424832, 11.37077821941535;
  -2.434170626331086, -2.78245985139685, 13.75999977444387;
  -0.7862153012490103, 0.7949488778617597, 6.20677438010701;
  -1.333162265473127, 0.6590539141360197, 10.00972151395409;
  -1.233884006896917, 0.7336450116202052, 10.10028539042281;
  -1.520318354937784, 0.6815215330145711, 12.58375077268236;
  -1.381638273936736, 0.6416054413637946, 12.47688056717575;
  -1.218045978669039, 0.6557019593934561, 11.6314609398941;
  -1.111814915370583, 0.6935850102671194, 11.89849596777553;
  -0.6269037231737834, 0.6034754886814269, 12.13392775995705;
  -0.6377234696121724, 0.7003801398641286, 13.99973029904538;
  -0.5422102697532547, 0.7355255247539017, 13.61648721585889;
  0.684105896564388, 0.8085129962605343, 18.23519142216721;
  1.702146718805167, 0.4389433269822195, 37.49924971240714;
  1.676830272475215, -0.1941748880191029, 35.06959298733264;
  1.810359325246961, 0.06931810145462033, 34.79416843981613;
  1.996312774354255, -0.3468812092131604, 33.9619284335031;
  1.561440193097107, 0.4583333848025411, 25.48740327732407;
  2.308024458333384, -0.3175334552030575, 31.99816493156557;
  2.454048285762795, -0.3752822885909784, 33.24840223098467;
  2.480082009238316, 0.5513656665911788, 32.89694154210416;
  3.091736536794759, 0.2863479794114128, 38.08370650114785;
  3.299366457709007, -0.07049968409821372, 38.09100341270455;
  3.936688448811446, -0.2830429672832006, 43.50332777660001;
  5.127134707987855, 0.2145311441445403, 53.37582360892711;
  1.819850133777717, 0.6850435674673909, 19.17305919185548;
  3.853362372566759, -0.3787814703846033, 38.64073292736568;
  5.516457659611282, -1.732477752145604, 52.40152038311675;
  4.977204232596004, -3.209073358126404, 47.25355000685393;
  2.155336001934667, 0.5582609382841184, 20.51192219718772;
