m=[-2.591103309408299, 0.9754350588579838, 4.934688025401403;
  -2.53958241330117, 0.9126932757718598, 4.923700061427696;
  -2.503216609720676, 0.9800291755585276, 4.876357474563751;
  -2.407503030149035, 0.8775568197048874, 5.168067363787436;
  -2.390421340513695, 0.89656033528684, 5.154629502091235;
  -2.34594371221816, 0.8859366289796241, 5.123327993528819;
  -2.356330938851651, 0.9372511037237173, 5.158391355785575;
  -2.332317110848214, 1.000318721980289, 5.156150009074624;
  -2.314004518481273, 0.8942210404108991, 5.146973953741766;
  -5.246604215479005, -0.7538603324832071, 10.68083364245856;
  -5.510651411718364, -0.8648450299588365, 11.18015753833927;
  -5.381829446190038, -0.8933621949416805, 10.94897853606277;
  -2.325889567353025, 0.8737330194080633, 5.331261244502134;
  -2.28162968742018, 0.9252894480700349, 5.316165880176936;
  -2.29404058354657, 0.8231666201874505, 5.333384655234374;
  -2.275145393355369, 0.7966495921341302, 5.339942033131051;
  -5.06924033559351, -0.108818842025593, 11.1194084930526;
  -5.061830459346666, -0.05209401077631749, 11.10758292808505;
  -5.122778690476135, -0.3288075543786663, 11.2298440091232;
  -5.049560285593815, 0.05719220173705578, 11.1027824838053;
  -4.939175974632076, -0.4066607252839538, 10.89723162437973;
  -5.059636172381842, -0.2029610522320368, 11.15589901461417;
  -5.014742145302706, -0.318014836587215, 11.15811629248631;
  -2.263086757946549, 1.04167434147892, 5.582525896066845;
  -4.99856908759456, -0.2246839432535923, 11.17108641839088;
  -10.96299689561395, -3.670909922159501, 24.03507035412879;
  -10.90605020843761, -5.030393203990898, 24.25449715103747;
  -10.75780812045391, -3.996654961528358, 24.43032863684406;
  -10.57701525055278, -4.791546170038181, 24.08127293631115;
  -10.61828938751551, -4.022767781322419, 24.22530056259264;
  -10.22185159087695, -5.06859335156091, 24.13490570847238;
  -2.16649701371324, 0.6819373519667015, 5.91546975763814;
  -9.735396050496991, -3.709697228497138, 23.14498648950022;
  -10.08181880743359, -3.735851882857689, 24.3242065883965;
  -9.99354178164918, -5.058972593387565, 24.12446915541016;
  -9.132700856367263, -5.249385081960968, 23.42036042156704;
  -8.756355347406014, 0.1128628172880915, 22.65004032559371;
  -8.814342397470151, -0.08911019567086438, 22.8078897030343;
  -8.851960436158242, -0.5021995431026045, 22.90486234845817;
  -8.781147395086796, -1.365892779158561, 22.73728817966178;
  -3.64647633604238, 0.9175169855682791, 10.08623978485472;
  -8.771835511913128, -3.919680879281998, 22.84731004401024;
  -8.639754052754682, 0.007935376992406635, 22.74123321672092;
  -8.557349335323751, -0.429546409247392, 22.55712874006188;
  -8.609507311498899, -0.6458223421302, 22.69752263935735;
  -8.6487895224897, -0.8484131689592678, 22.79339986778612;
  -8.419077408498959, -2.035218357759525, 22.21455322520526;
  -8.493719559360477, -1.259327211553805, 22.41264108119669;
  -8.264357187309944, -0.3043554259827674, 22.01377258147729;
  -8.432441677993793, -0.4755236223943392, 22.46844835400047;
  -8.5290806961375, -1.801753601034284, 22.70537536864167;
  -8.326572504158401, -1.541019230999657, 22.19808361487773;
  -8.37004271712058, -0.1018087716705435, 22.33645856710688;
  -8.583644601077024, -0.7515653155574685, 22.88697702368176;
  -8.870574997872028, -1.898973904698806, 23.98883792953611;
  -8.14767764255755, -1.759278409255653, 22.26820350803872;
  -8.177541664544059, -1.122771922389836, 22.39326902504759;
  -8.204384069708301, -0.08042127621654417, 22.47299698636491;
  -8.015885001970865, -2.158856156473515, 21.97956127371013;
  -8.214218903820662, -1.973189035111212, 22.55230718385959;
  -8.144938205027437, -0.6342926882679649, 22.6169194392284;
  -8.042238362190389, -1.02397663623883, 22.35045648520662;
  -8.156739452807733, -1.255523479897498, 22.66097304701313;
  -8.138416742716228, -0.3268117061875363, 22.83405454754639;
  -8.114074420970985, -0.7397486828543072, 22.80479291703356;
  -7.901747868596434, -2.181739937127128, 22.24443722679474;
  -8.019517951169654, -1.138193690420215, 22.59809129162116;
  -8.027611509846386, -0.9251679148081378, 22.62770858185933;
  -8.009127683740168, -1.554296165803559, 22.5799442854965;
  -8.01546717073035, -1.767011554369279, 22.59800096946903;
  -8.013428141787012, 0.1688072669091479, 22.8267881391621;
  -7.903985005650073, -1.246402894462725, 22.55467408720268;
  -7.96856223329036, -0.5318087961055129, 22.98343855944869;
  -7.810967094036332, -0.08035631906682755, 22.55800814585203;
  -7.801155658149863, -0.2916641101304761, 22.54001378889899;
  -7.813949352830079, -0.7120857882130912, 22.5861406066318;
  -7.43806301268155, -1.108643084534149, 21.55160069572217;
  -7.940545307776272, 0.108681588178406, 22.95820359446469;
  -7.842354989449828, -1.349151537281299, 22.68372873553867;
  -7.829083999157587, -0.9239647006116419, 22.66529253179011;
  -7.810732034865055, -1.7613162361045, 22.60570108732544;
  -7.839589366118069, -1.547455903662794, 22.70149785361879;
  -7.689689646263975, -0.6159755841706553, 22.52903058438401;
  -7.707377712901097, -1.23399873094065, 22.59662235126399;
  -7.841870188204813, -4.880301274839869, 23.08107150769189;
  -7.390186583892827, -1.107468141184153, 21.9686591990491;
  -7.63410339689944, -0.08287946858444172, 22.69930606036401;
  -7.615474398641636, -0.4988301189084212, 22.64900629510187;
  -7.719415050258625, -5.070293680122561, 22.91117900287176;
  -7.600302369921066, -2.202831962877378, 22.6017860710264;
  -7.614671771361043, -1.338625053605854, 22.65684306557778;
  -7.659850035894333, 0.221078086831662, 22.79904876838429;
  -7.583545265765629, -0.918100787873995, 22.57543839456823;
  -7.593590039004948, -0.7152260782271246, 22.61517239732523;
  -7.583276654379962, -1.964442708856539, 22.58572217683703;
  -7.602024649532558, -1.764794349238255, 22.6458497341879;
  -7.621872941827722, -1.551509124196817, 22.70453983892902;
  -7.759954814221171, 0.09899028743665723, 23.13968722490744;
  -7.54003529028658, -1.442814377682418, 22.77417628506934;
  -6.957240441279043, 0.0811553415272903, 21.11879867549587;
  -2.293120322381269, 1.465442228599589, 7.635037134157019;
  -7.472998896524811, -5.101811233811251, 22.67362927278226;
  -7.564061851477311, -5.047143752826944, 22.99168638419912;
  -6.113977446086337, 0.01100715069401989, 18.95796819267165;
  -6.104438416070363, -0.3234940370998755, 19.08214875468887;
  -7.205938627474412, -5.124129440977855, 22.44417461056329;
  -5.910441587239448, -0.3721505246758012, 18.7741823047201;
  -7.209630259152177, -5.446646391330087, 22.66187230702655;
  -6.98384375994403, -1.396093967897274, 22.3305129582713;
  -5.777998471527932, -0.0797248562798441, 18.72591803735896;
  -7.056269256824058, -5.055274246653304, 22.62579718239842;
  -7.065181110752904, -5.381595995165307, 22.69014298067469;
  -5.840526567471144, -0.1986812480043051, 18.96223368631875;
  -7.095597555848845, -3.759290056281867, 22.85984439089954;
  -2.174444437556463, 1.551660145894358, 7.77421320550561;
  -5.735408338129285, -0.3843753754702165, 18.97642166456853;
  -5.740040991110319, -0.7434381142257047, 19.03521612973814;
  -6.813643250925384, -1.986156167025073, 22.46576550525085;
  -2.263198882510023, 0.6627357799301274, 8.181976357738279;
  -7.185595446691882, -5.32534302449329, 23.78471665263122;
  -2.187411356870778, 0.5943865395701843, 8.046242101655132;
  -5.425026695579741, -0.3192248198966156, 18.5269624821633;
  -2.123610456242589, 0.6126453616566994, 7.982352768446712;
  -5.464464374844272, 0.1418137824956144, 20.34106382999507;
  -4.108123543688165, 1.36587155216963, 17.63746481797561;
  -2.562231676194521, 1.627477216469646, 12.66822836060936;
  -1.571461949494296, 1.588918342556255, 12.40590173192905;
  0.03429944006926521, 1.553295345122552, 12.36781019450391;
  0.452707704182115, 1.704070611142397, 13.5153477845167;
  0.5724705258163727, 1.594934320316938, 12.59912154057461;
  1.497224352797616, 1.666672804357259, 13.04626189365221;
