m=[-32.17850301233304, -5.772449108163757, 48.30562512042839;
  -32.93241823396628, -8.823898307219244, 49.67684106073099;
  -32.63797763807973, -7.657986780921525, 49.26161744553881;
  -31.92070726224536, -8.894228693525166, 48.42071644294646;
  -31.92547949617275, -10.48284149895349, 48.55103680104804;
  -33.14819506859345, -6.160469917733304, 50.58950720190215;
  -32.05144891522357, -9.108565707475641, 48.96790725156603;
  -31.66634806335756, -10.51160128596642, 48.53328130369177;
  -32.23237677477487, -10.43431602191953, 49.38613695661558;
  -31.0625369744633, -10.58520947979779, 47.77904004033466;
  -2.523898458740765, -0.1564192879130044, 5.091883897899611;
  -2.512178461468269, -0.1572250927092684, 5.142276970433928;
  -2.490879424712362, -0.1047600845329445, 5.120801854883613;
  -5.880649245388896, -1.988304168114412, 12.31807691396146;
  -5.742265437960873, -2.661640937105268, 12.3820894536936;
  -5.626187765417441, -2.095962685579829, 12.3884101115743;
  -5.826673126867274, -2.653341172214629, 12.86107368482994;
  -5.439097496785336, -2.084410817440468, 12.51806520554694;
  -5.274018978996826, -1.959988719697262, 12.34116871098782;
  -5.288408206642404, -2.688152410620909, 12.38046114679651;
  -4.651940689886338, -2.684400652766392, 11.55883611613319;
  -4.471094266368563, 0.1807110168354847, 11.1687477431049;
  -4.604162600689087, 0.06917715705901116, 11.50622956310564;
  -4.586472529614703, -0.8175255730312534, 11.474419309065;
  -4.597245461539449, -0.2554441133953991, 11.50237885209254;
  -4.593080797248091, -0.9320261986432699, 11.49502467512543;
  -4.596972294230828, -0.7124669974590752, 11.51001375406893;
  -4.588673272249824, -2.058667713840147, 11.56945130379859;
  -4.479728328063546, -0.7983265811048526, 11.39973728399211;
  -4.559767991946178, 0.01465495530458826, 11.59980573088908;
  -4.517147361501694, -0.5455064463520825, 11.50173955071225;
  -4.501752843665654, -0.2172665600893423, 11.46699381090421;
  -4.490441165631287, -0.3273633028074459, 11.44350150565508;
  -4.503615936316666, -0.4367084019638304, 11.47745251201712;
  -4.519306218893718, 0.1308943318335714, 11.52243937625636;
  -4.526103679386178, -0.6677505719060113, 11.54254875018965;
  -4.452956663112522, -0.9383422622421552, 11.46598348732669;
  -4.428570939622649, -0.346188244914799, 11.4093110129652;
  -4.434082734790913, -0.3799844846712844, 11.43460903029207;
  -4.421378091025822, -1.167603465263776, 11.40924697465517;
  -4.434855636469036, 0.1094564722478334, 11.5627607762276;
  -4.317503962212002, -0.2720109303228699, 11.38958265388735;
  -4.337731165947566, -0.9364484180211712, 11.46101544916265;
  -4.303784289345467, -0.03481161918592958, 11.3922698374812;
  -4.266734984300239, -1.150489383848214, 11.30536995277566;
  -4.298870353230671, -0.4780553611789177, 11.38665455024537;
  -4.277477020705778, -0.3671466555420956, 11.34274221156935;
  -4.269028630114041, -0.9804869631359101, 11.49174450015861;
  -4.173047089128589, -1.106285362670997, 11.35893664072482;
  -4.240885657089357, -1.017880414795516, 11.53917134778562;
  -4.187369256778519, -0.4755988948607669, 11.41648564151765;
  -4.173778266138097, -0.427187835245029, 11.5145902639207;
  -4.13612716978881, -1.083247601461966, 11.43019398307345;
  -4.128256676880201, -1.040445173805365, 11.52085759907082;
  -4.053299034205891, -0.5923731341483814, 11.33565941730428;
  -4.128107535037796, -0.03177020229814527, 11.52798456812076;
  -4.087445635911448, -0.3641809741661387, 11.42837126814501;
  -4.096587373228108, -0.6968149861808566, 11.46587513183818;
  -4.07066421548624, -0.472480234459841, 11.40205633396803;
  -4.091164900971853, -0.920401229511759, 11.45972331116309;
  -4.068232296574685, -0.7980452115402485, 11.40179844822371;
  -4.05827905188626, -2.537761809599068, 11.58123917805115;
  -3.992061337424327, -0.6954562582881152, 11.4971872959828;
  -3.981534205120784, -1.027928527788604, 11.47906815267885;
  -3.981352226765285, -0.8045245007766363, 11.48139197155366;
  -4.075071588832998, -2.178521852331869, 11.79318533497272;
  -3.873801065425349, -2.661550816099316, 11.39438640646191;
  -3.916804781715356, -2.628303471768199, 11.54677894936468;
  -4.015598947029614, -2.421393430145836, 11.8017512218789;
  -3.737919195628639, -0.593555770965095, 11.16305591714209;
  -2.911896702440315, -0.18627026276593, 9.250170673618216;
  -2.907621582260857, -0.4024185844205273, 9.378250526766532;
  -2.862038553121458, -0.3397043485386797, 9.2776423559507;
  -3.411326448853755, -0.9761649774096697, 10.95636435611621;
  -3.353491693870762, -1.168487897667472, 11.50897740986133;
  -3.299854727198356, -0.8532505820015158, 11.44338885902248;
  -3.260749268084268, -1.153007099916586, 11.48954695576804;
  -2.703763338070002, 0.6181043953792512, 9.936308237551362;
  -3.295426996026986, -0.8383577861207248, 12.50231240193467;
  -3.199743835478706, -2.444283566821185, 12.27166637928796;
  -3.053474999054259, -2.417457090070139, 12.23546785327666;
  -1.716878188257219, 0.7594965212722055, 7.501844214983514;
  -1.242257422622563, 0.8120688781579514, 5.751645510880867;
  -2.68623184143947, 0.1340979235111096, 11.41672729964392;
  -2.653665752738889, 0.5902512722556554, 11.4191638824373;
  -2.552552633308275, 0.6428674336401848, 11.06451684026068;
  -1.183599830984705, 0.8371818200925458, 5.699777212949869;
  -2.77457255634495, -2.104799933980752, 12.5011135545334;
  -2.457085815233951, 0.6180069558243223, 11.40931901986398;
  -2.669976116254434, 0.1673698774634777, 12.41461042762289;
  -2.62569612516698, -1.620195202948333, 12.46819010424608;
  -1.97681657960306, 0.7290800999321698, 11.03718892546971;
  -2.521461939776242, -2.920763626070077, 14.03285262547069;
  -2.387592367580671, 0.03546295866096346, 15.75784123636197;
  -0.7729298227875533, 0.8077103962931715, 5.735237172935657;
  -3.600637159993151, 2.295093372010211, 23.69884745386441;
  -1.961230138406592, -0.04481454393030431, 13.56926588777156;
  -2.100594343299743, 0.05720695866608917, 14.78892235867922;
  -1.332944284012579, 0.6851530236800429, 9.717595595719949;
  -1.228235989971023, 0.7646220630942002, 9.779806878670739;
  -1.060642246948362, 0.7612438696984963, 9.146965783463255;
  -2.215902304294017, 0.3603585569089619, 18.1711502577329;
  -1.341966192858444, 0.6595220742570906, 11.95059028304134;
  -1.171644939425299, 0.7718319015831158, 12.39501979162063;
  -0.621376872840697, 0.6541462384538452, 12.18340564420432;
  -0.6036448528934487, 0.7257880350916474, 13.55872238751437;
  0.57993770711615, 0.662273417185919, 13.89181176206789;
  1.124387891813965, 0.04285204579751585, 22.87100229140901;
  1.250814729389649, 0.088901595797336, 22.46836720237175;
  1.558726025970582, -0.1013884794067487, 25.46968001583917;
  1.387820038189304, -0.1933017436607304, 22.17380961913156;
  1.629241885112453, 0.276130495350404, 23.23662590078058;
  1.713461578237304, -0.2129748103520159, 22.05608458847254;
  1.911209987876975, 0.4593857496164034, 24.0427418978809;
  2.068365541827564, 0.2143205366730535, 24.38126754258105;
  2.662338864531742, -0.1314730067334623, 28.20782584604919;
  3.010783454383987, -1.687153398248646, 30.97081083437802;
  2.874074553771825, -0.2155803519326778, 27.64184613759717;
  1.627916877966466, 0.6287671596300387, 16.16720788457173;
  1.815317549038682, 0.5630689413607717, 17.56773098294954;
  3.564547138437798, -1.015502748867136, 32.65867233244912;
  2.009976453131642, 0.5444079397691231, 18.08556525469583;
  4.012867302103448, -0.8092425912849727, 33.97520192832805;
  3.948770314980195, -2.502432681086927, 32.88148914256499;
  3.793468022979173, -0.2456134433538873, 31.0209194897333;
  3.273029905941318, 0.2594848694463668, 26.04448528414417;
  2.549942881743866, 0.6163857012249793, 20.54442302051968;
  2.560709458025605, 0.5360327462649279, 20.53270599010661;
  2.262838449976049, 0.5469852970955424, 18.23127516943129;
  4.584058096876291, -0.6257890754749884, 34.96223086653991;
  3.514062118633738, 0.3903549319732481, 27.03678843038832;
