m=[-5.307446119045954, -0.6847096284009026, 10.50361281322375;
  -5.050687152454123, -0.03798379618855752, 10.18719804551899;
  -5.122466589874269, -0.317466248917975, 10.33441145628457;
  -5.15560009151267, -0.0988835603224906, 10.39622907733342;
  -5.065539077795555, 0.0546346711244916, 10.2392894664644;
  -5.226857111343649, -0.6270207083061791, 10.53642810378635;
  -5.037141137371817, -0.358469935292209, 10.21356773356119;
  -5.070555259522047, -0.1913175272312493, 10.28205897498257;
  -5.084193173707502, -0.1736526616940167, 10.41553125207321;
  -4.668226121448052, -0.03166248679962561, 9.658879702964022;
  -5.06915696212876, -0.2131959124937154, 10.42127857207006;
  -11.7914769208462, -3.986811954194852, 24.69936797439096;
  -11.55370480709666, -5.355345206876855, 24.91333916703126;
  -4.090379570237858, 1.084745880168428, 9.496462153979056;
  -11.32193917677719, -4.217840397861071, 24.92999374147424;
  -11.46142446572589, -5.219285304835547, 25.29852308122639;
  -10.85275082746985, -5.405091275916241, 24.84806998090767;
  -11.11422730910903, -4.259275669224768, 25.57935801792969;
  -10.69682090302676, -3.975269787622609, 25.0304885062405;
  -2.088986182217871, 0.6255992470880051, 5.860584280927574;
  -9.252424277949077, -5.33910800397693, 22.98981501166955;
  -9.070696117080505, 0.3666160051809071, 22.65850611741098;
  -9.3796326956048, -0.3150297058008929, 23.44082611683835;
  -9.447226968233615, 0.1419437931353274, 23.60949680947183;
  -9.323514153007675, -0.7613560231944547, 23.31649288489627;
  -9.363133371976316, -0.07799599737234131, 23.41736372244627;
  -9.317414859730233, -0.5177184463811304, 23.31231528430195;
  -9.307084238728685, -0.9834381809386236, 23.2885606317292;
  -9.292386306145058, -1.216070966045006, 23.25317108504277;
  -9.298026913498074, -1.88675206503282, 23.27001276891922;
  -9.373268646705224, -1.452726738744192, 23.46902355264507;
  -9.246736602337013, -4.148466663934395, 23.31385620474521;
  -9.088629996839639, -1.619672975892361, 23.12818694524911;
  -9.442084299278545, -0.2903106100300191, 24.00092666071037;
  -9.133905236832698, -0.4408265491032049, 23.26614509002241;
  -9.19797058632575, -1.110778959960582, 23.42023706834767;
  -9.084750774333456, -0.6622988497056059, 23.15170276815567;
  -9.170268216928884, -0.889226176304464, 23.37040268765506;
  -9.081989799830492, -2.197464011182566, 23.15884279906468;
  -9.249776337623118, 0.2679046815330729, 23.58326299037172;
  -9.018450719797848, 0.1266580945307393, 23.22506190727369;
  -9.067795296858723, -0.4850462767089895, 23.34454018829169;
  -8.963166984246092, -1.653216402333872, 23.08751929422346;
  -8.999379989801579, -0.7034954630886494, 23.18506954666752;
  -9.079929730597685, -1.91335385654831, 23.38004436907069;
  -9.006803108374848, -0.771849702040556, 23.22673669325255;
  -8.977923309531159, -2.370902047114655, 23.16728907800531;
  -9.421417535293536, 0.3902101473963834, 24.35292398384258;
  -9.033048064854983, 0.2229442525013854, 23.55138079246315;
  -8.955509798040186, 0.03483526007257271, 23.43991381502935;
  -9.63151844883078, -2.049653201760552, 25.25422110376497;
  -8.817073755841483, 0.1169897191499446, 23.22899242800399;
  -8.742795692009812, -0.5508126942373365, 23.06350961845544;
  -8.844114812427517, -1.909306272807287, 23.36763912321838;
  -8.719127241852142, -1.183837638312471, 23.07852973094565;
  -8.794428980419768, -0.07113467870171437, 23.27916579358666;
  -8.780079900594201, -0.9763877305357508, 23.25628096145897;
  -8.706157152612878, -2.347542421793517, 23.06830113411293;
  -8.729195385677194, -0.7492488857125578, 23.14752656644783;
  -8.638668429119207, -2.076755217034936, 22.94509207805428;
  -8.913009539580179, 0.03972957261130907, 23.8989980381474;
  -8.680015166887444, -0.6559684661469134, 23.30565331695852;
  -8.887933730395817, 0.2276375181890248, 23.85158072930483;
  -8.674630411367506, -1.087119384032783, 23.30148747187612;
  -8.613791633583789, -0.3291063229367752, 23.37928544489241;
  -8.576273037083809, -0.5243443409112644, 23.33823891422821;
  -8.390032694380231, -1.17604612969288, 22.86722154025575;
  -8.65299520404513, -2.390826099626231, 23.5571352350837;
  -8.516209151485986, -0.9672659401349076, 23.21867825263147;
  -8.564034102116079, -1.65474796055687, 23.35800122035393;
  -8.49394060922433, -0.869358137923259, 23.43302389462851;
  -8.288443899507502, -2.170735232604563, 22.90512784064854;
  -8.369850903028778, -0.5457907611045644, 23.36940028999853;
  -8.398281881684785, -0.06463376064536817, 23.45269911431799;
  -8.406196838495252, -0.2921001964025742, 23.48682244228012;
  -8.223607936885472, -1.2018467836866, 22.99855450271198;
  -8.292495969045694, -0.7388402267036941, 23.18556162343128;
  -8.498279084618364, 0.1411966809799238, 23.77567033654458;
  -8.357695665090922, -1.421614397250122, 23.39222532200628;
  -8.340914153624096, -0.9681262974040165, 23.36315844834504;
  -8.334833894872574, -1.875111746973256, 23.34662439469356;
  -8.278188880929855, -1.623891782731812, 23.20079932902524;
  -2.119920349444917, 1.422666041173238, 6.677756471508206;
  -8.303941138449289, -0.64175904325588, 23.53094581443953;
  -8.296975435953844, -0.8590895995110659, 23.51096380798467;
  -2.160923588568994, 0.9759684807633864, 6.885554596157661;
  -8.281262977927696, -5.178518443886584, 23.63250186039911;
  -8.057767750854561, -0.06492014437018068, 23.18025757966442;
  -7.982772497897748, -0.5036062649164653, 22.97195727616737;
  -8.255316921657732, -1.226694289784052, 23.72003363117289;
  -7.968888659399236, -0.7320835637422247, 22.96436786714738;
  -8.058634959140054, -2.335369722272012, 23.20375649179854;
  -8.14154680558374, -1.418337344922159, 23.44775808560108;
  -8.056957683810568, -5.327445957895244, 23.19147979456738;
  -7.812672433210777, 0.118255291033129, 22.5584249792949;
  -8.027391791871287, -2.072463678947663, 23.1435855426363;
  -8.068886238140472, -1.862498861668487, 23.26789342616454;
  -8.098148764197134, -1.636418663973366, 23.35337717186647;
  -7.983118904832838, -4.267752996438148, 23.10300536898772;
  -2.215567383943539, 1.026274244953345, 7.146741931029473;
  -2.137441900744908, 1.007271333666871, 6.932516816103437;
  -7.262752585896735, 0.1361462847640963, 21.26432807607478;
  -7.893000107880487, -1.391550408414134, 23.05691276630408;
  -7.942491518322859, -1.507761690209366, 23.23028625880245;
  -7.799276606622847, -5.358605325041922, 22.94076795525429;
  -7.613090486034674, -4.590669419222301, 22.37469456761757;
  -7.838127786202581, -5.259638818051298, 23.10687766381806;
  -6.82193615455467, 0.03645542018039715, 20.28882934951996;
  -2.126107902615725, 1.460615417142949, 7.030982781235807;
  -7.585578842584426, -1.204537568225707, 22.6538446531129;
  -2.105832436935251, 0.6333126357613091, 7.027767599792149;
  -2.141297175130212, 1.020676087456933, 7.151302995771986;
  -6.200357992313452, -0.1091712290522412, 18.85958642568691;
  -6.223170493904599, -0.3744101944357429, 18.95941853969618;
  -7.69828272835149, -5.514663841838617, 23.24725155311397;
  -6.175144197599792, -0.5860256864526202, 18.88036264192552;
  -6.034883318302031, -0.06188330700596918, 18.75639344304501;
  -6.058095762363168, -0.1872817217372317, 18.87729135988341;
  -7.409439168736517, -1.17424683192485, 22.89069810488297;
  -7.486351997434617, -1.478342946708814, 23.16921071563588;
  -7.607875735130569, -5.484898600940398, 23.6576961189453;
  -7.569781531419962, -4.02878197552913, 23.65697859115146;
  -5.97726063115646, -0.3823576253418913, 18.98785796644498;
  -7.848453347772871, -2.423340488113364, 24.67357821043482;
  -6.120772808895736, -0.7768395500463893, 19.49593257094303;
  -5.961792064571089, -0.8251197259888109, 19.2291802726825;
  -7.010778369210492, -2.006162825813436, 22.51694271559918;
  -5.857422199800229, -0.6952358452086493, 18.9875388779385;
  -6.723409983918056, -2.342699465045304, 23.07432988833015;
  -6.767435773981402, -1.749870521636576, 23.46842680734588;
