m=[-2.40165139060618, 0.1299446294659088, 5.60980754684697;
  -2.312692210172951, 0.1262208793311251, 5.563317493360104;
  -2.181546365228124, -0.3093231840485217, 5.269957818267416;
  -2.292444779410909, -0.1573739944431849, 5.529130004560479;
  -2.294274068791165, 0.06542463173581302, 5.531496851512609;
  -2.292964028605872, 0.01177039054568728, 5.530983252249937;
  -2.286227509217266, -0.5539174979369941, 5.526273718370188;
  -2.239810165337576, -0.1881341673465523, 5.506530275604706;
  -2.180805336521399, -0.5491598354242496, 5.428759566105397;
  -2.237219656383437, -0.05403349677462891, 5.545165581061585;
  -2.222707231848712, -0.382133746173223, 5.521553559678765;
  -2.211099415144671, 0.1228016617443611, 5.521876080457868;
  -2.127532965391207, -0.4262817934643126, 5.401151366211993;
  -2.147968151401111, -0.210190795015799, 5.488738277637156;
  -2.138300780207633, -0.4853757880224926, 5.476643895727357;
  -2.094865623156714, -0.4399004037444884, 5.485274043284966;
  -2.08393571709872, -0.5493759638800024, 5.478937150030626;
  -2.042135024031155, -0.5516873848231402, 5.513115970549842;
  -1.984234936747847, -0.4867625842994302, 5.523087149193248;
  -1.985427530447301, -0.3729413392462239, 5.528231258207718;
  -1.987684549359768, -0.4315578454168531, 5.533962953693171;
  -2.012861443863184, -0.5593733054980716, 5.597745384899386;
  -1.895430222042095, -0.2816651168636865, 5.465395674632239;
  -1.839863275275803, -0.6451272565926121, 5.509719311431344;
  -1.151016432438949, 0.3467552383874645, 3.826553891574854;
  -1.6670062291483, -0.5560620385469846, 5.530352323283112;
  -1.643805406198478, -0.3986341230719854, 5.513654622983182;
  -1.607606569545213, -0.5424339945273665, 5.483474142083659;
  -1.341655430472612, 0.09806157241578443, 5.522642916000613;
  -0.9714217987489334, 0.3475579493937054, 5.98938637825499;
  -1.274619655054774, -0.4778590518338816, 8.438149779895014;
  -1.282948432472055, -0.5401518934635403, 8.532810429758625;
  -1.271956025347499, -1.327468907442336, 8.488762053715695;
  -1.007325442529495, 0.06406746820901804, 6.991758371813892;
  -0.9408920221371014, -0.05264313386423786, 6.820024865006106;
  -0.9464231867339958, -0.01234497133867911, 6.958069759738629;
  -2.23426617636842, -3.309647439056626, 15.50373129987516;
  -1.445973759777219, -1.901228261745949, 10.75665633120905;
  -1.25607907568899, -0.8131196143648808, 10.42559194006707;
  -1.403783416005523, -1.287402931891178, 11.72753986309656;
  -1.217765915462805, -0.7679580334897197, 10.38977741967824;
  -1.297449641177128, -0.5968460837508415, 11.06969796124601;
  -1.209163911736239, -0.6760809966345845, 10.8645047400909;
  -1.796680507502073, -3.087087095424664, 15.80519331874816;
  -1.714403951930636, -2.945009023946877, 15.76901571341189;
  -1.47294100295501, -1.625622593543218, 13.76363974221236;
  -1.571119010113363, -2.142424899845135, 14.70197286938852;
  -0.5809952270431272, 0.4257183685499141, 6.064271715288749;
  -1.344378785199762, -1.251524312813458, 13.05316714780419;
  -1.460353216916454, -2.084498528364912, 14.61725492317793;
  -1.349893184446334, -1.794981400788423, 14.35534388357794;
  -1.424649115764617, -2.862433424837576, 15.3473148626475;
  -1.327898123792339, -1.404428728448128, 14.36054143886032;
  -1.278924461813549, -2.373813068862367, 15.19351537988894;
  -1.289723657186455, -2.98210844460558, 15.83349945486597;
  -1.177926070559216, -1.890557889121431, 14.84394930986174;
  -1.227763073690828, -2.117074943720167, 15.58196984335584;
  -1.244818422363506, -3.123840774763422, 16.05386493615886;
  -1.210445986646917, -3.06059967654478, 15.68437701021276;
  -1.120170254439569, -2.079594956227854, 14.93719759159761;
  -1.132195394960443, -2.652653727920874, 16.47062406291367;
  -1.100974034690357, -2.540768079199216, 17.24179178771557;
  -1.093428517422112, -2.662910719612035, 17.38190384900573;
  -0.3074965343947874, 0.3775155183898818, 6.147496792696315;
  -0.276093486093457, 0.3887159812900114, 6.394876766730561;
  -0.2335794349541768, 0.4121852457364956, 6.30314042340882;
  1.769976199936047, -2.913772878612461, 25.39461706930386;
  0.7343382125714933, 0.2718308876045404, 10.50381629428849;
  2.261207592142849, -4.521694996038694, 29.60624001309759;
  2.24913896406503, -4.408147566028036, 29.02015016905061;
  2.373654906017551, -4.306802462094879, 30.4181453909017;
  2.294657536963213, -3.870005099325256, 29.06498513772811;
  2.42869012324883, -3.855086324431995, 30.38697338487937;
  2.446985261435096, -4.452244430584967, 29.98273945354625;
  2.385240585448456, -4.940294122500743, 28.25636892960933;
  2.576313794126924, -5.177192949314041, 28.93334035458173;
  2.678184939580252, -5.603504238603668, 29.26247467904944;
  2.729077932632511, -5.30089619537844, 29.29858307283404;
  1.262450865758642, -0.09937370745604193, 13.96734768536638;
  2.686059256026166, -4.111481319042238, 28.36773626604365;
  2.692285940898484, -4.46304079197335, 28.17741893809392;
  2.613717038042933, -3.791616832995945, 27.23842714323393;
  1.491943041238208, 0.07538896142099077, 15.71044876245004;
  2.876388713702174, -4.525920963060527, 29.10432739925665;
  2.918537312182193, -5.32750257696572, 28.18725446487295;
  2.888716284712824, -4.883594203061864, 27.95905944674844;
  3.091875046827716, -4.397036393386423, 29.29838993974593;
  3.079835539472937, -3.877091512379172, 28.80805768614661;
  2.722098595950131, -3.111523423284019, 25.47465685759845;
  3.135828797306367, -4.159959049214499, 29.00128846441423;
  3.299328730976094, -5.030434567520415, 30.37738241049863;
  3.128251609903103, -4.477972422079709, 28.71775014908133;
  2.911896373793784, -2.590653524831752, 26.8426166273604;
  3.411368649263363, -5.021670828152535, 31.04026047873452;
  1.716853919021078, -0.05159319541609513, 15.83950907385701;
  3.44495004589914, -4.107139850511001, 30.16686960863095;
  3.300242009155811, -3.533789072718821, 28.73381612149322;
  3.197090024156412, -2.45040832289564, 27.70252101156077;
  2.222978706974512, -1.215352522357021, 19.54844209782703;
  3.448091617543371, -3.831262032497217, 29.71262901523535;
  3.127116694625189, -3.056672829654643, 26.39705427907271;
  1.040925930280096, 0.3220754967672417, 8.91132243744817;
  2.352636258039105, -0.05295324035540702, 18.58177300352388;
  3.085426948357078, -1.093706249461064, 23.90314063604431;
  2.319227502225286, -0.03110048252506865, 18.10263803962884;
  3.207455775079118, -0.7820503022722648, 24.50422477305785;
  3.576340208258523, -1.960995370280005, 27.12947412396513;
  2.755033462897476, -2.592329202207114, 21.13976503958211;
  3.130391453982574, -0.3048847506919667, 23.13499777055111;
  3.204775374693301, -1.149170455239059, 23.63038406319518;
  2.519802398086404, -0.004240186585287444, 18.77083346455292;
  1.326863413542566, 0.3242335409032587, 10.15817510380944;
  1.234768937084004, 0.3402258373931247, 9.493056705746737;
  2.476726148032817, 0.1286986333817715, 17.40274002560194;
  3.013768435257718, -2.030521429590798, 20.89362932539328;
  3.368766581397649, -3.07956552619061, 22.80545219254321;
  3.295736096944884, -1.321180655622578, 21.72499707352018;
  3.427327102571621, -1.919756425446142, 22.49999288039622;
  2.52880214976167, 0.09209931464865728, 16.67333780342909;
  1.5306892154911, 0.2481816790447946, 10.18911811880025;
  1.726698049281267, 0.1733773217240535, 11.21451685014965;
  2.093937318961014, -0.5336410298724829, 13.08534393800575;
  3.498991902801074, -1.355048531290218, 20.567516062556;
  3.042401252333692, -2.314480027997933, 17.50982775766207;
  3.27465397570774, -1.170182557324823, 18.57458742829616;
  2.63897348381771, -0.7262893726551132, 15.04730220752452;
  3.196838683749791, -1.765468267964486, 17.54994317993543;
  3.195479523102705, -1.600615938884022, 17.45789354611358;
  3.024081724678945, -2.72038789471934, 16.50908832254957;
  3.092793576669993, -2.730186263579292, 16.47783186894699;
  3.094930189407615, -2.649116118138893, 16.3896001410954;
