m=[-4.760359701832771, -0.2378604399273754, 8.743714485770932;
  -4.705964208448316, -0.1017697737128727, 8.784733794744186;
  -4.71274770947307, 0.02593274092690691, 8.812973008901407;
  -4.684726347509455, -0.1385166666062991, 8.776640298070266;
  -16.32688797597288, -4.044697928848711, 28.62610720636698;
  -13.57406655492312, -5.68341317072198, 26.7678822829734;
  -13.49016082434459, -4.412970921647604, 27.30338061671619;
  -12.88117850784183, -4.378781052153692, 26.74806497864384;
  -12.8942052081237, -5.861302649734624, 26.89639871028522;
  -12.80873008787849, -4.65207724475788, 27.28263698033007;
  -13.70032225837768, -6.112850046683346, 29.27348872159805;
  -12.20172497451507, -4.55497791729392, 27.19679753857783;
  -11.91891053846774, -4.311721238911423, 26.99099314756812;
  -1.819198834081435, 0.9433588814986247, 4.921587018605051;
  -10.19613064992958, -4.392388345620619, 24.35606214726073;
  -10.30625951232557, -5.849100077827302, 24.70926025956173;
  -10.10853807473623, 0.5516983881093057, 24.31668444944998;
  -1.907934597979669, 0.903603650989754, 5.25601145274727;
  -10.39120305462945, 0.2963205845321654, 25.05319994764017;
  -10.53381341900772, -0.2117087357310331, 25.39232165995509;
  -10.42895669923381, -0.7159372336354331, 25.15352078265256;
  -10.39599174241383, -0.9591663050572992, 25.08751683387514;
  -10.41694241167695, -1.989846625950478, 25.14892160002886;
  -10.3996253604275, -1.474571102715391, 25.12235717231981;
  -10.37095492501998, -2.512721669266943, 25.06869303491231;
  -10.16836254948812, -4.450164392890411, 24.74314789004462;
  -1.887993316484196, 0.9126835883837056, 5.293314073462138;
  -10.13691335144534, -1.677633433886195, 24.87665572059106;
  -10.2665802537522, -1.105103496835307, 25.22070624021813;
  -10.28653368750888, -0.360090184667187, 25.26892238155326;
  -10.28178963802348, -0.6166361424909819, 25.26529424732694;
  -10.2366957183661, -0.859837255477659, 25.16671982638328;
  -1.874677910647011, 0.9322218758548447, 5.270912733075254;
  -10.2837172048589, 0.4454528583117609, 25.29711988318842;
  -10.22195358685153, -1.374004856558243, 25.16037340555623;
  -10.14471984857336, -0.2450160339211028, 25.14467060635366;
  -10.00763474983009, -1.986802232804306, 24.86746647404882;
  -10.05296835493151, -0.6496685367619006, 24.9761721232304;
  -10.18575482963723, -0.4785997328159611, 25.3076706907599;
  -10.12440752395465, -0.7347048347692904, 25.18105277007883;
  -9.924658670705009, -2.499179468691077, 24.70582073357468;
  -9.979225929309408, -2.39134305929064, 24.86493075064997;
  -9.852145369926161, 0.5471756787085874, 24.60419711875754;
  -10.00032303288106, 0.2972439529424826, 25.07313181353709;
  -10.20221027184541, 0.4023468085789562, 25.66642822778422;
  -9.908936701227511, -0.4925606925287864, 25.20556702754381;
  -9.766290517901435, -0.1203173269774573, 24.89027943061521;
  -1.859437211337549, 0.9196196573864652, 5.393556669605315;
  -9.675982910678007, -0.2212747426585627, 24.67573793158358;
  -9.766871493167296, -1.986590796807622, 24.90642496888565;
  -9.786493624179322, 0.05921573363430208, 24.98664864598959;
  -9.485037627096144, -2.441851769559151, 24.24569685793214;
  -9.734354255626142, -0.952561451444632, 24.87435522546441;
  -9.698059202929134, -0.6950777840492576, 24.80257505947691;
  -9.668822415317562, 0.3908883464865819, 25.05400632248686;
  -9.847024359395167, -0.59463636329239, 25.50848992638701;
  -9.363487009128541, -1.966236721935925, 24.51770255717567;
  -9.576817434401161, -0.1310229944288064, 25.05903824384964;
  -9.325703518519434, -0.2208283114345451, 24.42395175259337;
  -9.922840587091615, 0.5067346773216858, 25.95854617696393;
  -9.472940586452101, -2.497296736535365, 24.90558882085068;
  -9.588583098423346, -0.9521464304844726, 25.22198642480673;
  -8.721626864367007, 1.163733005775213, 23.02395186998798;
  -9.60845337354999, -0.8425247961005968, 25.58591210743687;
  -9.535526124452632, -2.372396368567248, 25.41818459491101;
  -9.204367273484555, -0.3746357154772412, 24.78575962081661;
  -9.278129672115224, -2.148352725441117, 25.01201869024201;
  -9.525437802264618, -0.4822814609220039, 25.66879831312269;
  -9.308042592644691, -1.210980575158386, 25.10774368968601;
  -9.544047482845754, 0.07163788976405103, 25.72452379666843;
  -9.461537264335137, -0.1876001583194149, 25.51804363112313;
  -9.43420455572112, -0.7007087500993552, 25.45051877702303;
  -9.337121452975143, -2.522444429751531, 25.2072623972466;
  -9.341869094262844, -1.455701876845921, 25.24064746660157;
  -9.241886992672441, -0.9376599195568803, 24.98649411252246;
  -9.487434940919334, 0.2978964560000448, 25.63241771123529;
  -9.278862924191669, -1.962766225452865, 25.09220258321743;
  -9.258853784082053, -1.685314546995968, 25.04207207527139;
  -9.274663880481052, -0.06446179847600976, 25.34113632448323;
  -8.710435508646246, -5.354946406501129, 24.03277951233788;
  -9.140363684065861, -1.463121466433502, 25.42109294993988;
  -9.146315259486995, -2.243728285432848, 25.45862656512746;
  -9.121923541940479, -1.713455832591639, 25.39911534730013;
  -9.385565673780526, -4.907544122625523, 26.22918833532823;
  -8.362631835853454, -5.658499852302561, 23.75797207320039;
  -8.555297246094101, -5.651359510752505, 24.36850865046895;
  -9.379499130018925, -5.611954933757636, 26.68150150794628;
  -6.557556675908027, -0.3709053096201613, 18.96083713240836;
  -6.292881068814775, -0.2776865287568414, 18.32885778973923;
  -8.345892271630904, -1.240218022633412, 24.06503968960412;
  -6.390455160136757, -0.503050733564845, 18.67674111373518;
  -4.412605804044988, 1.512192233288082, 13.23336405760325;
  -6.257068358922248, -0.08463169698887582, 18.63826717586873;
  -6.060683457459849, -0.6496412488858525, 18.14957749819067;
  -8.408993031621343, -2.948518337256914, 25.18186645639225;
  -7.811468844403497, -5.530918288855214, 23.47958650870551;
  -6.054633989470263, -0.2837219043186892, 18.39544721870418;
  -8.15454169958263, -4.225328400462429, 24.63361611369829;
  -8.133469893420372, -4.205328570509821, 24.62951022758896;
  -7.846299570264369, -5.501134217886187, 23.88476299346553;
  -6.140210182775462, -0.4057367724691873, 18.89846445458769;
  -5.018657337827346, 1.534969206137802, 15.57325618373681;
  -6.082311419012006, -0.741805362670886, 18.78012930965675;
  -5.971290887677332, -0.6106358918080883, 18.5181886769733;
  -7.469408431720982, -2.040791833953854, 23.16066785385884;
  -4.784149854124362, 1.426004992330901, 15.55888808686274;
  -7.79705544447014, -2.600858034784358, 25.86700813597056;
  -7.595708934159077, -1.842011687430204, 25.47753859534645;
  -7.263796738265985, -2.450929446803098, 24.77648595259298;
  -2.876036624685785, 1.475877082892912, 10.25548734554587;
  -7.429064158497233, 0.208068883013256, 25.36734424920259;
  -8.024173062539846, -1.295646765249306, 27.89372788339136;
  -5.960501100447669, 1.497360582290611, 21.0324363841323;
  -8.466509766706009, -1.996640490441953, 31.17388941746093;
  -6.927929867742927, -5.210799509103921, 25.81216839249676;
  -4.432988803670582, 1.714163380878975, 17.33032788962908;
  -6.925116113605074, -5.401555705386308, 26.93407036138356;
  -4.269526299337138, 1.653414377551727, 17.16482755015469;
  -3.227305954531706, 1.528823564079699, 13.36640291076363;
  -2.245517346241992, 1.551243942449557, 9.645888928493225;
  -6.79148108749791, 0.4963892362717207, 27.95570611137486;
  -6.253402359328461, 1.54899867726469, 26.07478477717318;
  -6.098323397771499, 1.697953715906134, 25.55443647984682;
  -2.706501657919918, 1.55391506651431, 13.0451879759156;
  -1.98324914185139, 1.569353322486195, 9.771243457214387;
  -3.06673820279207, 1.750692035219332, 16.05714008832399;
  -4.881909709236756, 1.774712776412809, 26.31884001123145;
  -3.158376882920233, 1.257151112055193, 18.56847496334918;
  -2.765478887061618, 0.9665607296385407, 17.12768403805744;
  -1.394365700857941, 1.564769273256953, 9.716881638465427;
  -2.436298967656576, 1.678549604615104, 17.30047805849287;
