m=[-33.29396626424759, -9.239349444960963, 49.12447938733399;
  -30.18469744565248, -6.890012034771191, 44.89158448775192;
  -30.46709785885839, -5.257931908869362, 45.49997791116121;
  -29.77041563616712, -7.779931958600547, 44.70861315066888;
  -29.80050180678948, -6.798606457549198, 44.76600561852794;
  -29.45868232542345, -8.945728241741611, 44.32536867976838;
  -29.1137574530176, -7.934762457837032, 43.93308046250714;
  -29.45156666393234, -7.155330246465363, 44.45603114111167;
  -29.09520387502892, -9.162146478173259, 43.96719383271994;
  -29.21323450559533, -9.403033750003461, 44.23514246841616;
  -29.50644621571681, -8.420983699274883, 44.71714853546648;
  -29.41353343575537, -8.164682878155766, 44.73430338257366;
  -29.10387297261673, -9.235000897495304, 44.39437383347695;
  -29.37009833367888, -9.562010871555817, 44.80611705484456;
  -29.49930002286973, -9.86672508523149, 45.15485014716297;
  -28.85574159430875, -9.904176815292217, 44.30842080640831;
  -28.55689695516366, -10.06280367409226, 43.86022353161073;
  -28.2424778146035, -10.50671416258127, 43.62324187909356;
  -28.61604358828775, -10.74705200640322, 44.71323058190487;
  -30.11474081495938, -11.38010484853028, 47.47912019810934;
  -28.3417135442445, -10.4167092986901, 44.84619622628994;
  -28.90547034356827, -11.12975133024419, 45.94210380811938;
  -1.990750568878288, 0.4487874160248551, 4.154371360131043;
  -5.605487756301515, -1.90550915511573, 11.63992492234054;
  -5.678725741228239, -2.581371220399611, 11.8454196468198;
  -5.618653056322112, -2.040671311689317, 11.96774938673471;
  -5.707239765456253, -2.546473010543148, 12.19466343599155;
  -5.280218072559378, -2.581525900822454, 11.69788577203196;
  -5.244612672752767, -1.957845711081364, 11.68987740069804;
  -5.15836388833884, -1.866062092135108, 11.68138345475957;
  -4.683461005924709, 0.2556114315084947, 11.26634163816478;
  -4.584039795830589, 0.1307207014123416, 11.05212408699088;
  -4.601203129905874, 0.02361919207775753, 11.09881233818681;
  -4.598905179376382, -0.1938553106102829, 11.09664764030411;
  -4.580864727759357, -0.8750377857757702, 11.05927280250864;
  -4.240941905077079, -0.500966590090044, 10.23492970095743;
  -4.576238372158652, -1.10875164385422, 11.06169256694662;
  -4.577315668184708, -2.003253434605397, 11.13819437162123;
  -4.512142636437199, -0.7467481552726439, 11.07309641872828;
  -4.512983511009239, -0.07760273274428095, 11.07719110590082;
  -4.500392829527952, -0.269904848454735, 11.05875076903848;
  -4.483788678118324, -0.3766184574792088, 11.02330835334474;
  -4.527935933311411, -0.1585048312598442, 11.12289767605869;
  -4.48113575205306, -1.03140073474245, 11.02293885764581;
  -4.50770926215817, -0.6059129857647493, 11.09530064639211;
  -4.517649071863424, -0.1956610972520331, 11.11841769033837;
  -4.546255750529426, 0.196927101197684, 11.18342467512025;
  -4.472672348907034, -0.1080243177057173, 11.08595157107559;
  -4.440666013321874, -0.1784801543578933, 11.02751415885675;
  -4.442522367942847, 0.1244135124390797, 11.03163210131681;
  -4.435077116329517, -0.7624902680595088, 11.01742752631934;
  -4.42937003535822, -0.8793568606523743, 11.00631803706635;
  -4.444611848193492, -0.9986348889890924, 11.04260858116649;
  -4.43787601083589, -0.2867957316185281, 11.02571411694725;
  -4.455530469794432, -0.2093527409664676, 11.07027410026717;
  -4.425356332755572, -0.3211378725678191, 11.00658296081641;
  -4.406018175211647, -1.109502152922552, 10.9680643735346;
  -4.414425940577876, -2.428255990064677, 10.99125335636157;
  -4.410460623942129, -1.056888026791929, 10.98940927579327;
  -4.484478206911471, 0.2490622412059521, 11.19928519471786;
  -4.424251772839372, 0.174480189460918, 11.1304058202565;
  -4.347739385621425, -0.216120617911615, 11.05943450915348;
  -4.323235613611974, -0.05326076998939321, 11.01815907175282;
  -4.311882067033127, -0.09860606447577643, 10.99618228558331;
  -4.258045187450317, 0.02576441362000317, 10.87154226051928;
  -4.266307879945527, -1.098328952999475, 10.90555584769299;
  -4.272825609064277, -0.3062412895025734, 10.92765837651963;
  -4.288048097259742, -0.9733498409347714, 10.98260481117279;
  -4.271615968080402, -0.2579518534670356, 11.06552283352588;
  -4.251555394380148, -0.4735945347347307, 11.01924832053952;
  -4.259145906017452, 0.172187514584068, 11.0363665681464;
  -4.080773975655244, -0.7320563624735131, 10.742268133972;
  -4.220552301088961, -1.112639881111492, 11.09637912837219;
  -4.156602590777847, -0.3644749694999495, 11.06842739602051;
  -4.163908169352064, -1.035961780303485, 11.09943857355057;
  -4.091421007269751, -0.5322957340691398, 11.03629994756377;
  -4.094968583299925, -0.6381007261165399, 11.06413045986257;
  -3.964153229136215, -1.10163643008977, 11.02426623108368;
  -3.986961519002336, -0.6382031597348647, 11.08849963367186;
  -4.001196680710737, -0.9815535451589328, 11.13726885831788;
  -3.993441217919413, -0.867039434581942, 11.1182409526882;
  -3.940178290752838, -0.6355431932741098, 11.10709153463965;
  -4.00271150488593, -0.7042857169763521, 11.30307935921663;
  -3.739459911225968, -0.5556920010317008, 10.78258001091489;
  -3.036440639831916, 0.0208332336067278, 9.017745503577928;
  -3.74824331540453, -1.942176460172228, 11.32286648765764;
  -3.421427436213053, -0.9348024326312672, 10.6089451608623;
  -1.590310376412103, 0.8160892733728141, 5.670792854582113;
  -3.367932996107308, -1.123438925877269, 11.1732372345124;
  -3.286697694475836, -0.7970468087643553, 11.02424646443023;
  -3.203753700589631, -1.081001378206791, 10.92786065172521;
  -2.706057868095285, 0.679799284791495, 9.548692132314192;
  -3.241513226755914, -0.7644397440247756, 11.93532844827045;
  -1.256186070393784, 0.8677960272936901, 5.396097843028196;
  -1.200010696698845, 0.8864232878103331, 5.318687847813764;
  -2.690948765169225, 0.1966813991203789, 11.07672566125821;
  -2.698026144633216, 0.345858921921752, 11.1739190299725;
  -2.659244114424681, 0.6587079127609646, 11.08823868500191;
  -2.631713273379805, 0.7327468617632943, 11.02794084392602;
  -2.621457478996437, -1.886083198211315, 11.88049591060704;
  -2.65583615509826, 0.2323679361275672, 12.02096682728902;
  -2.617337624720205, -0.1785047319778098, 12.087916357208;
  -2.526426572807896, -0.9358005034534269, 11.69796981992941;
  -2.025911145391487, 0.7364762168379986, 10.92187985608305;
  -2.640828068453078, -1.104748083809832, 14.19406792806457;
  -2.476139698550824, -2.153104362170687, 14.4425325457491;
  -2.521649028088483, -2.011268617900741, 14.74229873899912;
  -2.611724890536979, -2.744593335087618, 15.79489009870883;
  -1.904838309057621, 0.6657588002063656, 11.79740292134061;
  -2.517467784178031, -1.920362824017759, 15.30676354284959;
  -2.443681941383385, -3.52650701201263, 15.83801305475083;
  -2.536333789144638, -2.31494143765259, 16.85105651684018;
  -2.531614628814344, -2.642103687868519, 16.89545374797025;
  -1.336138979661819, 0.7384753109095604, 11.74501067864097;
  -1.279110145108165, 0.812838322360763, 11.84448399571335;
  -1.049860229486225, 0.8669757494133525, 11.73671150289825;
  2.079226882384764, 0.643338792468816, 17.80017254883351;
  2.578275875369936, 0.6300298191693456, 19.73871427957282;
  1.756549815400389, 0.7836912778930943, 12.99315475848403;
  3.088940213165668, 0.66664496919683, 20.97764088666487;
  2.953444576752137, 0.4788632640812839, 19.65976851819827;
  3.230208148196648, 0.3243443968554121, 20.97947798256946;
  3.546099540962215, -0.6133276927058967, 21.36202731170264;
  4.390691208018661, -3.34017976829005, 25.26959477502072;
  2.913905152743155, 0.5397552344738025, 17.11565127350649;
  4.276153849123483, -0.8139473412194271, 24.38069224973802;
  1.02378959262665, 0.5214590921349462, 6.193921907857936;
  5.767986825260618, -4.185984889246785, 29.5429737730701;
  2.92031822350903, 0.08840457762262548, 15.383054134178;
  1.050399338590348, 0.5141700269113451, 6.171515378440465;
  3.03508089539276, 0.01035104960960023, 15.82244516233942;
