m=[-13.66120204504296, -1.429890413497097, 17.38399710452754;
  -13.06340485852413, -0.4581521255247946, 16.74477459366738;
  -13.19502254555466, -0.4678131225053113, 16.94745900078693;
  -13.28633002294954, -1.273285001237879, 17.05645628352151;
  -13.32518635638563, -0.3654676780742567, 17.16149649139264;
  -13.27301841412886, -0.1880289981949178, 17.25652773569402;
  -13.70940119975913, 0.005814524728602456, 17.87223671520322;
  -11.9636274273762, -0.6042891331048854, 16.03750145858095;
  -13.091181053982, -1.232398178026328, 17.49260608881457;
  -12.4155120670706, -0.3809369286200224, 16.68803842620051;
  -11.77270484369107, -0.8918974251256921, 16.02467238593274;
  -12.57074197684968, -1.608030704873873, 17.05318718467353;
  -12.60465527521611, -1.640062777574626, 17.09737554070194;
  -11.57432378677591, -0.9136431522224534, 15.87912048659637;
  -11.428774180824, -0.8044109738934401, 15.73779517238735;
  -11.60515453107372, -0.09688631398731329, 16.00147976037777;
  -11.72938850694001, -0.9296621568888615, 16.30050234390513;
  -11.79149321956833, -0.2340844929657774, 16.44160334158862;
  -11.42134486018886, -1.02356334201634, 15.96410219600595;
  -11.41829349677801, -0.6306707206613105, 16.11600308862624;
  -11.09766261286021, -0.2873805408569445, 15.70464433000774;
  -11.72145445487293, -0.7508709862845878, 16.53749333907514;
  -11.08865820732569, -0.07849369903459215, 15.72816835044406;
  -11.29690872095392, -0.8761287286040613, 16.07392635386099;
  -11.3549703430327, -1.03612623059038, 16.15333440909279;
  -3.49111829717346, 0.8579912369615592, 5.653561234068259;
  -11.51471300081113, -0.5961956933527647, 16.48546647737953;
  -10.7403210098963, -0.1957225285207289, 15.4472659559577;
  -11.33331782452373, -0.4814102119290622, 16.27331173635946;
  -11.83630118774907, -1.602537474303061, 17.00498358221855;
  -11.28501800368459, -0.5683412044400549, 16.31451778573783;
  -11.19429749316595, -0.6370150883883256, 16.22663616264591;
  -11.01601141684809, -0.2485665964717465, 16.00435157685496;
  -11.19014127734497, -0.3177697363686777, 16.27428001826155;
  -11.13095489711982, -0.6028610634416948, 16.23874632059951;
  -11.17280813401094, -0.8299629818602928, 16.37641418325139;
  -11.2854936698608, -0.7446080353711991, 16.58704281605818;
  -11.53009599655058, -3.230528378752833, 16.92364196503634;
  -3.352519569093056, 0.7574226710048828, 5.612566229777551;
  -11.20277141581928, -0.9204397989940526, 16.49005450857183;
  -11.01369808281396, -0.3347944463910803, 16.3809883280407;
  -11.00597800722259, -0.9340557483844418, 16.40905759255418;
  -11.4890176992547, -3.246501909550928, 17.07979660832503;
  -11.54439771214202, -1.231939580003119, 17.3441179744726;
  -11.29132609322749, -3.407515310662555, 17.0594451377849;
  -10.82662603639355, -0.8562017921217483, 16.48024796324285;
  -11.54834034036244, -0.09874264950126686, 17.61347564646432;
  -10.65725586855742, -0.5371413642588436, 16.47230906345828;
  -10.77528123902948, -0.303697324489767, 16.64874915842795;
  -11.17655814973841, -0.04242002784199196, 17.24196957726654;
  -10.76764707249224, -0.4104027861978067, 16.6833901999042;
  -10.82014028034095, -0.9894645547856907, 16.8051199849565;
  -10.99604076538907, -0.179145831206728, 17.08720612890915;
  -10.57770155969228, -1.034145277221326, 16.57817105600336;
  -11.05843957223374, -0.09454319699731632, 17.29850721413052;
  -10.56859637632717, -0.8728828468458733, 16.63036600409746;
  -10.38750728271924, -0.5740847866242709, 16.4532843875341;
  -9.715564004703049, 0.1253815586234735, 15.52969594032313;
  -9.452430933375069, 0.114812996343025, 15.29338496331547;
  -10.68141132314059, -0.7165897459996331, 17.18331767887626;
  -10.70592144081069, -0.5261953846472969, 17.25076993369491;
  -10.66541303030582, -0.6198262311456103, 17.25282810246837;
  -3.090286315407002, 0.8054492813327576, 5.812917152845531;
  -3.08971619482843, 0.7052462891916147, 5.910735101451552;
  -3.05382128950762, 0.8064207846922079, 6.072573688278256;
  -9.753551070227518, -3.315923780532347, 17.27399467338935;
  -8.520117473882534, -0.585125587611504, 15.2651742506277;
  -9.364128313873714, -0.001234614336359849, 16.83956334693654;
  -2.955865657887438, 0.8278090246509089, 5.971846354672997;
  -3.083912712485003, 0.7279290560076656, 6.204347766471036;
  -9.191121794857743, -0.04927839604474756, 16.62300283968452;
  -8.447887940730688, 0.3737052975975708, 15.39558938221598;
  -9.066405853049364, -0.116641054474927, 16.44954933314612;
  -9.621186219728106, -2.618357375617414, 17.42748124715103;
  -8.300876680274788, -0.494959250075648, 15.17756046806668;
  -8.570319905526578, -0.3971559131762316, 15.64652110399573;
  -8.038609178392614, 0.5831533639838838, 14.83846195753519;
  -8.254623664654, -0.4591782600790217, 15.22378112574441;
  -7.463437647290387, -1.177860649669959, 13.85022716361491;
  -8.596720938929931, -0.2732300928014101, 15.89544170659719;
  -7.419517036158192, -0.9335118577015088, 13.86149937862715;
  -7.419021543041911, -1.07665826864531, 13.85975088270297;
  -9.427403136709195, -2.610692322359872, 17.3495253112068;
  -9.156349143755097, 0.0002969217876601247, 16.91447025215512;
  -7.969713064988187, -0.493072489475175, 14.90502729392227;
  -8.453545108702889, -0.2129510596040924, 15.77300673468077;
  -7.875226496199576, 0.5997355282916039, 14.7990576529847;
  -7.873516949746502, 0.7080086089338362, 14.81349615796093;
  -7.888657950115187, -0.5397665269193075, 14.83881012620594;
  -7.897455603634974, 0.9209493682658667, 14.87563503798251;
  -7.420799818190003, -1.130268399387826, 14.02049828195841;
  -7.371907997629574, -1.183810787614118, 13.9425546012442;
  -7.436261673017493, -0.9102091856369489, 14.07213855464849;
  -7.890459915616705, -0.4267201464949821, 14.94578783923969;
  -7.449688933559488, -0.7310577992632453, 14.18382019353828;
  -9.196153731658949, 0.1075199317711328, 17.2979746427394;
  -7.78388028293098, 0.8342001484308126, 14.82126397766034;
  -3.109005723878694, 0.6767682261208748, 6.503286137319165;
  -7.664764380665671, 0.6401458287450952, 14.67460178493241;
  -7.472116274927529, -1.235087320242845, 14.36109775029159;
  -7.446716028060263, -0.6975601616813522, 14.38358380866505;
  -7.84434924187973, 0.2471370678570516, 15.12291695699603;
  -7.347938745044684, -0.7327073245018033, 14.21702419295757;
  -7.519253632670319, -0.2605035233424434, 14.57672552198896;
  -7.642676998674729, 0.9283404504575096, 14.83800792665519;
  -7.50354946927057, -0.4273620366109704, 14.60110224538256;
  -8.985385223725189, -2.6053165235296, 17.29450043955859;
  -7.744232786302708, 0.5670833335976823, 15.10325660533426;
  -3.257381790279138, 1.102598503150728, 6.920032232113146;
  -7.492172359334823, 0.2237254013771385, 14.66286377556111;
  -7.490671348089021, 0.3611429762890341, 14.66245762236497;
  -7.532135001545149, 0.4694034737570581, 14.7430292707889;
  -7.431972169528577, 0.5001344618692742, 14.67765742767721;
  -8.981547462580773, -3.414861903539181, 17.53480686000705;
  -7.767487514323724, -1.337823887183413, 15.30533657338065;
  -7.446960859852543, 0.8703782216332411, 14.7469522500013;
  -8.786913754471515, -2.590340519833085, 17.21136871170145;
  -7.474392376516971, 0.1078721304968384, 14.92419881030005;
  -7.392296479089161, -0.2166761504942852, 14.79737164962374;
  -7.433027107000703, 0.9627634861411911, 14.92060533243079;
  -7.733537212527695, -0.9943462983225033, 15.57613293419163;
  -7.415746790552385, -0.2507794539262308, 15.00351492468952;
  -7.961541916645726, -1.226523781058214, 16.0644845982751;
  -7.918581697189718, -1.258536511198849, 16.11230026636694;
  -7.427177673431692, 0.1397698285802063, 15.2432533583295;
  -7.337720384881958, 0.06845292263611577, 15.1977288756006;
  -2.696847384890091, 1.123053832691776, 6.242206488908275;
  -7.597182616277121, -1.202712993646913, 15.90378324697383;
  -7.159735133463342, 0.984788791991251, 15.08158494650671;
  -7.227895115091167, -0.2420385884136768, 15.24763229274776;
