m=[-18.27831489514827, -1.155336130077244, 22.72809966752391;
  -18.35449947348574, -0.1327988480957205, 23.03066308521032;
  -10.56204443194385, -2.729475259038058, 13.70483026170998;
  -18.20469285378666, -0.4564734426013525, 23.03785877877154;
  -18.31525803363541, -0.7971234746976007, 23.23321696036649;
  -18.00873629940831, -1.22834215912862, 22.89096660795733;
  -18.11447946468, -0.6214353565386563, 23.05461398255422;
  -17.97362801875809, -0.7522657079813055, 22.99958832424692;
  -17.98324376904457, -0.6468927195381371, 23.11395706158273;
  -17.98909852798758, -0.3323573884188524, 23.13608827185898;
  -17.66134273350815, -1.040676267349573, 22.74939574337343;
  -18.04820543074069, -0.5122961876201448, 23.25428216977663;
  -13.030324033826, -3.777591684827567, 17.16001332027659;
  -12.35086419205356, -3.218825885802723, 16.37399998046742;
  -17.72054442870002, 0.174365332881873, 23.16630276291883;
  -17.50856756628793, 0.09920958618471013, 22.96645662995768;
  -12.29227399398996, -3.812759862709287, 16.44034688985009;
  -17.54967004167773, 0.006015737449714311, 23.08627355613966;
  -17.49573621692525, -0.1689886715137114, 23.12142853570652;
  -17.68033936024434, -0.3992777999776204, 23.36774327559638;
  -12.38243607816068, -2.955009096574027, 16.69824635818952;
  -10.90379458036091, -1.696653655847532, 14.86042461755838;
  -10.86562254311362, -1.602369506628036, 14.81550067519117;
  -10.74069238047343, 2.209271123047149, 14.67998060867481;
  -10.48013331289246, 2.245012396747562, 14.3778994513814;
  -10.53105031563629, 2.277215014154967, 14.67797881150187;
  -11.39620123894603, 0.02338181331617736, 15.92901813781255;
  -10.58612424098154, 2.21048312426714, 14.99567652971097;
  -11.60210007094847, -2.220050454199177, 16.41822103375876;
  -11.55650567693576, -2.34010505887021, 16.39193535668176;
  -11.08660270064666, 0.06654080863574485, 15.76845592859489;
  -11.40102040073578, -1.694281858502146, 16.28952130612087;
  -10.92678385559117, 0.428100717492686, 15.66718841393331;
  -10.53457717330789, 2.200094902645765, 15.14083975255589;
  -10.13227276390824, 2.229129364122842, 14.61473062277481;
  -11.03223849338431, 0.276683539893949, 15.82829661717923;
  -10.23595654651362, 2.19912978078834, 14.75518078658875;
  -11.12417117525229, 0.5721324251998748, 15.97972243132638;
  -10.13633640885499, -2.873877775448562, 14.65582119909086;
  -11.03227160356037, 1.603442116531178, 15.91031845055296;
  -11.04434826071812, 0.4406771824055049, 15.94254725203499;
  -10.85656694033281, -0.8086287764193111, 15.69266091082034;
  -10.95415205777069, -1.579082290264517, 15.86083271099345;
  -10.28361716332983, -2.802025582644197, 14.97703417540708;
  -10.983137272959, 0.0887391561874899, 15.92689047306422;
  -10.17642344805318, -2.841594984801077, 14.8641480711755;
  -11.01087653895744, 1.46226816052296, 15.99753455759135;
  -10.79879337523286, 1.47232024168801, 15.74982853025113;
  -10.98378341612012, -0.1904080510929573, 16.0417747893746;
  -10.36946838709747, -2.183705030362785, 15.25811845072486;
  -11.34899010157784, -0.4303897795359176, 16.6678892072982;
  -10.1324643974809, -2.786371147505224, 15.09092518171861;
  -10.26777888575214, 2.226561585214646, 15.31570073186321;
  -10.07666979614379, 2.087219132088699, 15.09767292408237;
  -10.04201284417282, -1.313981156881763, 15.18126674133585;
  -10.52140910527487, 1.107652157136724, 16.07291758425043;
  -9.65468068074429, 2.261068536308744, 15.02471072062268;
  -10.74886031915101, -1.280357473654136, 16.85070122617758;
  -10.59162794798842, -1.59847972201949, 16.6887123024996;
  -15.20750078786469, 0.03760313142195954, 23.61018190981307;
  -14.93581377264945, 2.180411717324356, 23.34337542909478;
  -10.82536561003624, -3.894872298434347, 17.24489404327442;
  -9.335360366852807, 2.12541819798801, 15.01255906546645;
  -15.22524019613135, -0.1534649347709461, 23.91077974864301;
  -15.35260483618304, -0.4255475757043535, 24.13673711446061;
  -15.31607483542246, 1.82425358794403, 24.20947815260368;
  -15.28320679256838, -0.7542814825625201, 24.21454382196547;
  -15.1470623858447, 1.999332682523389, 24.15808943016525;
  -15.26370523415137, -0.1874418162396667, 24.36877478914625;
  -15.11897768271372, 2.190780543491049, 24.18179719944503;
  -15.31127021458881, 0.03144727023357309, 24.51087326432849;
  -14.23144808505685, 2.281597674967055, 22.89802497762008;
  -15.19636356365077, -0.04617186301606963, 24.40507845497144;
  -11.16287723918055, -3.536149529898825, 18.22184321410046;
  -15.42358647498279, -0.7856865835202574, 24.81035178784064;
  -11.1528942212558, -3.61038739978328, 18.2300158267609;
  -15.1656869298265, -0.6927796509163631, 24.51251451206601;
  -15.23684733518407, 0.6445061935529644, 24.63243792476535;
  -15.28355727909327, -0.56278503924836, 24.71534481463255;
  -15.01083136088177, 2.009132335189984, 24.34048889935479;
  -15.11832063667945, 1.899969723181496, 24.54045607303842;
  -15.00608175078846, 2.172807193018367, 24.38557393257627;
  -15.48112047466783, -0.4295325865596745, 25.2099667238725;
  -15.75513069234552, -0.7811748820769, 25.6670218356774;
  -15.02087028063358, 0.7714468306628936, 24.51774934200186;
  -15.14496126198826, 1.54814931075041, 24.76489044639699;
  -15.16059733929151, 0.08054245942850341, 24.81869901710005;
  -15.36597895616586, 1.012560792145311, 25.22260135824038;
  -10.65969588468035, -3.708346109997768, 17.82791469876676;
  -15.22963810972369, -0.03877542000988954, 25.04829074530119;
  -15.43733082601835, -0.2112102152164004, 25.38908754271653;
  -15.24550741886345, 1.165424308251946, 25.11524857325008;
  -15.60753672493961, 0.5771937597179014, 25.72531354686583;
  -15.0262121889873, 1.328345930078634, 24.80898045833298;
  -15.10987628547443, 1.916495712019005, 24.9774826333909;
  -15.5463649461467, -0.4329867597279011, 25.69316045645383;
  -15.24387952504043, 0.8732082966911416, 25.22081457825083;
  -10.75901231686931, -3.852375489849158, 18.14875051234018;
  -14.70747749175765, 2.455434881160627, 24.47155341039317;
  -15.16216919026028, 2.144009933997475, 25.20643410292275;
  -15.43974382664675, 0.3793749243423272, 25.78060290798476;
  -10.32754287628459, -2.173580147813428, 17.57223922601926;
  -8.922037127852935, 2.008031203082223, 15.31769123677947;
  -15.3205292949915, 1.451264130182576, 25.6124755878701;
  -8.791680563242203, 2.116699381274318, 15.12855890549245;
  -6.102371722973356, 2.373537298476247, 10.80007713695643;
  -15.21012173197501, 0.6519474782967475, 25.48578605483789;
  -15.34359268112593, 0.9937255802966112, 25.70272476997208;
  -15.19585512681705, 1.222561603805423, 25.49210050937868;
  -8.816987452936955, 1.781766414751526, 15.30243938478395;
  -15.29098717500794, -0.2881064592147615, 25.85026962301669;
  -15.48852538290086, 1.189102465241753, 26.23115097153382;
  -14.98332270164699, -1.487652009800681, 25.4385741980618;
  -15.33618366696767, 1.063611705092086, 26.03795638916438;
  -15.93472617626074, -4.641780344545011, 27.0212232051516;
  -10.41042063566988, -4.085829134614384, 17.99761117565634;
  -8.697257318030719, 2.201736264659489, 15.19002158789217;
  -8.759929283202181, 1.889310886753004, 15.3334103286518;
  -15.63008416650603, -0.3556526916878746, 26.75641632067118;
  -15.42263007755622, 0.8252882251698561, 26.4241765990315;
  -10.39008011373793, -3.775773549237676, 18.17524110349964;
  -8.770137365540405, 1.776545740800467, 15.51046605375896;
  -8.44653118142794, 2.16378659119669, 15.04763072470698;
  -16.21230568445647, -1.415808857013464, 28.0658049343992;
  -15.74290088698603, -0.7534071114944543, 27.28466726609672;
  -8.608045179412846, 2.306800038827464, 15.41290157031392;
  -15.21943953738799, 1.849054577784405, 26.73436310779071;
  -11.92072148159728, -4.096026763890383, 21.18031632721109;
  -15.41731720033786, 1.581478000964629, 27.26319016284328;
  -8.328669866609259, 2.028658816879179, 15.17727672263838;
  -9.365024449072417, -3.388743957058429, 16.99160369289425;
  -8.345861229013632, 2.143100908863805, 15.24055807788407;
