m=[-5.3009730314319, 1.106893435353161, 7.509044392691132;
  -5.557194502810243, -0.01041769534882291, 7.89110867205151;
  -5.521354004286315, 0.03313867828852474, 7.853012291825109;
  -5.075189141815773, 1.116556315459393, 7.320422958951134;
  -5.127029930219937, 1.101509580985873, 7.390638400513065;
  -5.472149322204813, 0.07632924824136954, 7.837645802517513;
  -5.511029986280321, 0.2159167713419246, 7.90189924967805;
  -5.496656873783588, 0.1378536624577911, 7.886225035225312;
  -5.512109858055429, 0.2834958875923507, 7.918071751597798;
  -5.109928972843886, 1.100985333858926, 7.409348542569306;
  -5.465940209347, 0.2180948186158857, 7.890099805549463;
  -5.498754843746912, 0.7991948912949335, 7.930093075056263;
  -5.450320461491668, 0.04403631008919165, 7.903630344947131;
  -5.395162121311916, 0.08011594984605673, 7.857197407749053;
  -5.484997340959831, 0.728419480852528, 7.96906896556755;
  -5.413574274158253, 0.7380931097362347, 7.895591997280216;
  -5.042268331868776, 1.093412810599393, 7.521185802687486;
  -5.019617276500981, 1.039732513541849, 7.520792223804605;
  -5.478996476142688, 0.6443380084784768, 8.13165168185639;
  -5.325242133388455, 0.4791553472189166, 8.108048094416912;
  -5.303951753478093, 0.5583789720849979, 8.102524913868635;
  -5.339774695996303, -0.6360507287890881, 8.371022168464073;
  -5.352459309248781, -0.8077887281146006, 8.433609447153355;
  -4.660651494954863, 1.061108849855424, 7.494976423192172;
  -5.287184027598838, -0.6773031495747686, 8.46039078575776;
  -7.490655672565009, 0.01852191978295855, 11.62950740690809;
  -7.595656806363818, -0.0765614835178302, 11.9287495371925;
  -7.599921705620492, -0.2106566469911021, 11.94828592648458;
  -7.522060402410294, 0.8959309630749922, 11.88980590206775;
  -7.599410754426288, -0.2636673665892676, 12.02686190826882;
  -7.461585757695426, 0.9848901317494356, 11.90050264754363;
  -5.213062875470459, -1.059059364205398, 8.633182653827545;
  -7.586535513235277, -0.09316440364596793, 12.11203783850908;
  -7.559663945183051, -0.2706385573184058, 12.08178347484527;
  -7.464785336648903, 1.081667479115715, 11.93942665545588;
  -7.545167861468721, 0.01549675039182566, 12.07859639459121;
  -7.589921079978041, -0.02306083260904397, 12.18927269330252;
  -7.583512442405524, -0.2792469887476891, 12.26344897967552;
  -7.497983989405014, 0.9422966285161474, 12.17092500882117;
  -7.619837899191861, 1.103315233913617, 12.38258750890962;
  -7.686210878625892, -0.2132583390809201, 12.51647907526429;
  -7.528048423264962, 0.3866280041504751, 12.2876238744988;
  -7.463314675034777, 0.7629154852358884, 12.20393813473238;
  -7.540215754060716, 0.04005828450305497, 12.34373165752679;
  -7.566385596243697, 0.4985966344783465, 12.41990036308148;
  -7.593334650581107, -0.01933300963756598, 12.48880982488273;
  -7.605090158573873, 0.1422747203540711, 12.50748178713216;
  -7.641705473701673, -0.1045521583951937, 12.56797120137311;
  -7.541439973230632, 0.6666777341740957, 12.45127079069814;
  -7.77919298485454, 0.2876880397996751, 12.8221501063126;
  -7.500263801952795, 0.9513131109665179, 12.39836152988358;
  -7.571955807397546, 0.4337409399186835, 12.52770943901675;
  -7.729849969709289, -0.2152865125166641, 12.7749654831872;
  -7.537729175360537, 1.065874284145101, 12.53114058814575;
  -7.469007939895333, 0.8591339156450398, 12.4690391261977;
  -7.645516012373207, 0.1878604393517376, 12.76614525180505;
  -7.554260234312952, 0.7155906102870117, 12.62902228182226;
  -7.617239977700827, 0.4933294551288783, 12.75997262978085;
  -7.557616203173325, 0.6080376069124046, 12.67842515309358;
  -7.601534039549763, -0.1432249619772523, 12.8508187353704;
  -7.499622930227009, 0.5757694741270647, 12.70125699180776;
  -7.670324515349815, 1.048939164459136, 12.99215484416409;
  -7.618381733235419, -0.7564077156017383, 12.93443202479815;
  -7.71692732609973, -0.3914915135071755, 13.09048398907669;
  -7.624067319532293, 0.5287526165280948, 12.94423284728999;
  -4.372509705943613, 1.65291492388455, 7.861939601336834;
  -7.750053626636918, -0.5949291534973028, 13.26459423403536;
  -7.628934999752572, 0.4082358322945418, 13.07094345661287;
  -4.131541505534464, 1.060922307782717, 7.544697489983118;
  -7.579742769810848, 0.8912429251650998, 13.04816917743417;
  -7.825910754562292, -0.3745241654466748, 13.56340693022553;
  -7.783365238185583, -0.7614659807090005, 13.63089122151993;
  -7.575650491561597, 0.9203881119738466, 13.30733569535109;
  -7.563531069400581, 0.7758521045157822, 13.37495902614773;
  -4.493495946578011, -1.650541181680635, 8.543510471297152;
  -3.003367129748018, 1.112791998350531, 6.040045768567788;
  -4.83550405024981, -1.367764569742887, 9.160242406555215;
  -4.464387614371554, -1.553215196934206, 8.541911136849839;
  -3.801545054131473, 1.090821341449132, 7.440301606488487;
  -2.89347718548765, 1.097721845069765, 6.100797639456252;
  -3.680092419646536, 1.092898119784539, 7.525422606445197;
  -3.642565738882161, 0.9828228883548467, 7.559839375945352;
  -3.638258268822768, 1.020804772026409, 7.568595133023927;
  -7.833866527569899, -2.14352689107461, 15.40505581571973;
  -4.228542227366242, -1.717549712786053, 8.771304192902351;
  -5.733766103910639, 0.7954523777989752, 11.5600574283819;
  -7.968179395366465, -2.477357185149327, 15.80072881517884;
  -7.907971608162498, -0.6849612048102918, 15.74758116987719;
  -5.70575601794203, 0.945418700761908, 11.69552358317682;
  -5.594386996189051, 1.031002667129545, 11.58351329844666;
  -7.873268464770313, -0.7245359574853207, 15.97939039240726;
  -3.45934407878509, 1.021706041716632, 7.56956159257619;
  -5.566505144516817, 0.9102785341989133, 11.69080246392941;
  -5.538268608102729, 1.037497622597607, 11.63729691086786;
  -5.528092679209514, 0.9763361773329826, 11.68337688235141;
  -5.293262261038752, 1.004608421056084, 11.43970067619441;
  -7.864212000050237, -1.843393876311389, 16.7556487250746;
  -7.862156443146345, -2.650967743024735, 16.7910746182473;
  -7.743679092559649, -1.931995183279962, 16.56656501172994;
  -7.916031414419274, -1.782300964316348, 16.91927016286725;
  -7.759640001411283, -1.450691632924269, 16.65551921520024;
  -7.843403612427132, -1.428968891843352, 16.91631838756661;
  -7.776704327305811, -1.603341193920289, 16.80255022930698;
  -5.276889314427601, 0.7447032754034386, 11.7025246127401;
  -7.884569030800058, -0.9702013875724084, 17.01253078415259;
  -3.299808472201325, 0.9692853074257737, 7.684232248249515;
  -7.789727425178773, -1.885716009829723, 16.83740800835742;
  -7.744734636541505, -1.138570255755876, 16.78170355007712;
  -7.740142521196263, 0.205116226939258, 16.78706107392982;
  -7.833311396723284, 0.3417385623561244, 17.06164870286518;
  -7.660130957809861, 0.1571118721012193, 16.761678948384;
  -7.720866361803377, -1.061448773539141, 16.92231300069078;
  -7.794934839788418, -0.7537112784825492, 17.09096533275296;
  -7.816600773773084, -0.2127205297157177, 17.13768304706808;
  -7.621001872590977, 0.482789211483119, 16.73693471955717;
  -7.767997498914057, -0.5761200435530912, 17.0702932434631;
  -3.265630080335422, 1.034981618797037, 7.735859105391902;
  -7.867041303828815, -2.023135294697925, 17.34167953539499;
  -7.770448034929886, -0.1308460118121629, 17.17323075130927;
  -7.691284320251386, 0.2528637458912281, 17.02975009115802;
  -7.864639843217157, -1.461505848231459, 17.40757401260223;
  -7.227013332240954, 0.04469249606063917, 16.09012783345913;
  -7.73997039896835, -0.3308830105666462, 17.22182274501235;
  -8.66434898801027, -3.575192180590827, 19.22415045906942;
  -7.989838261752041, -1.64055474682941, 17.83546323483013;
  -7.859053475668484, 0.4715397718056103, 17.5986761151856;
  -7.878884945718942, -1.22579697516436, 17.65364894789862;
  -7.81627265401736, -0.4854714049868644, 17.51552403381571;
  -7.95271583868881, -1.943310885496964, 17.842377230678;
  -7.821302053170908, -0.1833751090388878, 17.5794378113148;
  -7.795771547326452, 0.09505925269989762, 17.52408115288704;
