m=[-14.83057605706575, 10.80628168196735, 44.20713789698015;
  -1.402108714450132, -1.386133105674173, 8.883373751077498;
  -1.502988443621488, -1.605064296530677, 9.982480333422178;
  -1.030087122455975, -0.6573222282197887, 7.200312898603665;
  -1.545812160863743, -1.798917914091131, 10.22116500440279;
  -1.431599279706762, -1.494693923936095, 9.882631546393988;
  -0.8987311681425168, -0.4584771968791312, 6.873496296101587;
  -1.376814622849071, -1.9640094320485, 10.02219459739772;
  -1.526486863787341, -2.438569126277511, 11.1887441531438;
  -2.092489955690672, -3.430156223580239, 15.02795629890689;
  -1.334408883337316, -1.640735458323501, 10.11593367645279;
  -1.514052583079411, -2.414135911916647, 11.34942056883578;
  -1.277630789680675, -1.014562474477183, 9.739868062933665;
  -1.255434197278225, -0.18730658012674, 9.907774084733756;
  -1.261752115581836, -0.8364939898935453, 9.970147477582447;
  -1.196473410823743, -1.264956107419694, 9.838813707958947;
  -1.35214535102622, -2.259914121324125, 11.1170611490661;
  -1.170954018375853, -0.1814651619758563, 9.836845453239745;
  -1.236151939180856, -1.960589213617563, 10.50213080725999;
  -1.151863806810505, -1.09558136255179, 9.999431696950374;
  -1.083106158285517, 0.01853523105012496, 9.58089450598982;
  -1.155652213679259, -1.598544414028255, 10.26389983582103;
  -1.004759956525309, -0.1623891878525704, 9.548360287768077;
  -1.041450283534717, -1.05076256137675, 9.98282541675842;
  -1.187009254553224, -2.303569952072698, 11.33615797702644;
  -0.9435487617472541, -0.2040101478678048, 9.568017118570426;
  -0.9866960635957673, -1.003503077241138, 10.12939240971202;
  -1.040128034419875, -1.987408981134606, 10.88037391496876;
  -1.018910244499638, -1.828299825907343, 10.742047505185;
  -1.007025605238421, -2.261255288284524, 11.02955981271337;
  -0.9770557412431216, -2.358438290744199, 11.15656465685548;
  -0.2420477968251829, 0.3185226903123845, 3.637807716226637;
  -0.8908929744448204, -1.597852078130024, 10.5269156239366;
  -0.8696878718473642, -1.999301817074096, 10.82554241744519;
  -0.8237017139927587, -1.468124565232704, 10.37869746522647;
  -0.8569947191334478, -1.893419180136459, 11.96626221242217;
  -0.8427692622755227, -1.968131036186149, 11.93748906815001;
  -1.202776354814866, -1.610555632679481, 17.55649362585288;
  -0.7829493926898801, -1.679171873954803, 11.93495000415606;
  -0.9260312339765617, -1.411036036061168, 14.00626477968976;
  -1.386547460356404, -1.799152042328373, 20.98129372477216;
  -0.7930853908081158, -1.420563285685725, 12.89948758555954;
  -1.372550054649719, -1.721855600892196, 21.88281211995692;
  -0.5142950339636472, 0.1938525840265784, 9.190978483022901;
  -1.094335414655902, -1.064383948509529, 18.38107969863496;
  -1.134861739117299, -0.909915470797396, 19.41945925618805;
  -0.9122422440384443, -1.492944708114159, 16.42231109113399;
  -0.4495988358770104, 0.2218452584435348, 8.921362458412094;
  -1.265596931939514, -1.827260927904647, 23.76796894540539;
  -1.36567536622955, -2.484231166041611, 29.54250634272859;
  -1.346765282720148, -2.719010919001276, 32.31538938077913;
  -0.8569808140046464, -1.659949693472072, 22.37068389258621;
  -0.9466738771723403, -2.366659615461871, 27.1591571650036;
  -0.5879099809082444, -0.971816220646467, 22.0096221398289;
  -0.9498281606206088, -2.716849072557374, 36.54738712011544;
  -0.2934478591393631, 0.05040125901170801, 12.74147917123728;
  -0.6989896943331517, -2.349127847666149, 30.24758988123727;
  -0.7330798196297154, -2.229321549094089, 31.96057433982445;
  -0.5039303025279274, -1.883553762021558, 32.63245657554934;
  -0.4162530057161474, -2.088405113892261, 32.25701839537494;
  -0.3971171182854756, -2.366479854647244, 39.48920540492056;
  -0.2438295242611589, -2.302739884236001, 40.47753970686586;
  -0.05156736647972458, -2.190880112759412, 36.89162851125317;
  0.2164414645928162, -2.112054680786498, 38.93439603306668;
  0.1725111864354871, -0.4510343651674332, 24.6999280734651;
  0.5999501183225393, -3.272628352915544, 55.39266642146839;
  0.3942824047788559, -0.08197899479429904, 31.83117390317796;
  0.9065394710512027, -2.646264206483262, 50.9838337025781;
  1.250548685353254, -0.20400522258667, 57.87350547073794;
  0.4657248736255035, 0.125271794432726, 21.30590942640846;
  9.221922221351868, -12.72116212184704, 319.6240746684623;
  1.953001320944976, -1.858806302580225, 57.96259942582179;
  0.9673957859141411, -0.05133209147114488, 28.50193279701489;
  4.088637352672914, -3.994421847619813, 100.9962173330018;
  0.710840515619795, 0.007490425060074095, 15.50103340667981;
  3.114983253711875, -0.8699644248905961, 61.08853627372827;
  0.6701807477394994, 0.1296837999604182, 13.84118503400002;
  1.260361248882494, -1.051587151417206, 21.37209645578436;
  1.164007408046918, -1.102232396643016, 18.63461319247991;
  1.252611725021878, -1.29283176898254, 19.84067600955393;
  1.329712054998287, -0.4091376166727631, 20.97083535127841;
  1.131729760830282, -0.179637353928487, 17.43235635524863;
  1.349561538718614, -1.817750618691682, 20.03332531108252;
  1.359660233888691, -1.339893762839701, 19.62771245536928;
  1.359351579840638, -0.8095511122352175, 19.60665103763766;
  1.383640878270299, -1.700261364095426, 19.9336510014637;
  1.439250724383694, -1.302567782460601, 20.26729123536326;
  1.376460325085308, -2.1311687067198, 19.2848618546738;
  1.400397592677572, -0.5031063051240327, 19.40025470434102;
  1.368486387516841, -1.754397530167255, 18.88394394015953;
  1.460497946088761, -1.433233023703878, 19.5693944070927;
  1.522751069740063, -1.247648657469811, 19.95285250533976;
  0.8066606264722644, -0.004035334192341666, 10.97306893495089;
  1.640258398757462, -2.858995953649314, 21.15905218710157;
  1.431744406297976, -0.8657338434959703, 18.54029014146928;
  1.554453444187253, -2.266091014823502, 19.55953919813085;
  1.651896680907536, -3.223269837690146, 20.44830870143023;
  1.690541154690211, -3.05706756770409, 20.83573052870914;
  1.635320463719117, -2.756147412479023, 19.98579887413634;
  1.763296276349158, -3.143301846337265, 20.99164160347035;
  0.8450152377410357, 0.2361562656815772, 10.30876174205264;
  1.67535327907412, -1.266698383634476, 19.27019497188615;
  1.882361026549575, -3.918922966141568, 21.5700049909331;
  1.622226171083532, -0.761088377599134, 18.48589593135413;
  1.667250097461118, -0.4655525915415522, 18.66639653251616;
  1.891150741075607, -4.112342140210479, 21.04525398776373;
  1.953039655095779, -3.91049866896053, 21.04360643418227;
  1.166623380931728, -0.02300436129827616, 12.77006691524721;
  1.99441638175896, -4.159905298285292, 20.86531413195909;
  2.05706976711421, -4.137405446469439, 21.26698581189157;
  1.993224588225087, -3.858027610970465, 20.50288034876026;
  1.039796627774744, -0.04997222034507281, 11.04736970737894;
  1.969175579612889, -3.264007699144412, 19.7810007023721;
  1.874832569013625, -2.704979128629083, 18.67400693712254;
  2.09707777124892, -4.174478166095629, 20.65264655570789;
  2.097133576002607, -3.287605316932409, 20.35107377790357;
  2.056098453327862, -1.912330438340391, 19.87370318800951;
  2.142533873674251, -3.938163339143241, 20.72232800187773;
  0.9895335476965816, 0.1930829749362946, 10.02164006212524;
  2.266739256935297, -3.82292775899713, 21.00053711900622;
  2.2717296910465, -4.151928955310854, 21.06201417281488;
  2.343881551198909, -3.315826127228975, 21.28539168648746;
  2.279095884778082, -3.252965239770477, 20.07855006227084;
  2.395336290353582, -3.641194595407939, 21.12658653933551;
  1.405197338577092, 0.2493561485576016, 12.63506866195439;
  2.385229255580295, -3.503581931091855, 20.84735484782657;
  2.410495141474875, -3.343453368198006, 20.89874940728521;
  1.406768815157001, 0.100344884501424, 12.04421574529513;
  2.405369635640397, -2.532958162808068, 19.97383639560336;
  2.602450113342788, -2.836914458296459, 21.37249081017058;
  2.428550105444526, -2.353680140283983, 19.51000910143993;
