m=[-4.967974840273261, 0.3578965884071323, 8.191402746472225;
  -4.935695247070178, 0.3533771333291906, 8.266747582935004;
  -4.662557869874166, 0.2125211345448912, 7.984993646381354;
  -4.878030984704795, 1.114597960337748, 8.335103202779262;
  -4.589947918109911, -0.001267198475830182, 8.017582796201005;
  -4.571300825847278, -0.7844244612894235, 7.99156706069854;
  -4.550244069707019, 0.1742273222044811, 7.983960434870784;
  -4.575274700795113, 0.06957743748815519, 8.030130304089298;
  -4.345489412779381, -0.4685161193536932, 7.632207948459512;
  -4.558186541476124, -1.052194690734148, 8.016895740265023;
  -4.527335116073759, -0.8348696583913061, 8.005000454016731;
  -4.442673035929847, -0.8351153653237408, 8.023127098555666;
  -3.687890042057287, -0.3305994023648167, 6.656582152684414;
  -4.172809928010129, -0.5780243218093093, 7.541772421250916;
  -3.147012107948854, 0.113869534880744, 5.985543805140929;
  -3.120863130002741, 0.1700166818798863, 5.953848622248355;
  -3.084260965885518, 0.1301367863662455, 5.956282771084061;
  -4.07316047321476, -0.5014732450062992, 7.495072252509242;
  -2.974181500703867, 0.1837014583264409, 5.793133032336296;
  -4.313149514041693, -0.831797988292831, 7.993584979431647;
  -4.104853570941601, -0.4391796006410255, 7.60523920230549;
  -4.091816660307954, -0.4796107904263078, 7.575849803507565;
  -4.319344293759809, -0.9021146515947132, 8.010411862061392;
  -3.979977068140512, -0.5477401074478461, 7.3821730595078;
  -4.313729648790953, -0.9540048152770313, 8.004369634497708;
  -3.008674183707655, -0.1131559019613931, 5.887751210429965;
  -3.025247235040089, 0.02241350758287919, 5.93691330807689;
  -3.013167933481317, -0.2611941379854307, 5.937065918747291;
  -3.002653727484716, -0.110347650991617, 5.921354865364314;
  -2.966350223269756, -0.04324863828222717, 5.897170925739417;
  -2.977139656578991, -0.08786349294342039, 5.916501621805742;
  -4.203633231951831, -0.7187037268420343, 7.99041727620385;
  -4.21490099297225, -0.8435736978734406, 8.018443840140076;
  -4.199195850016023, -0.8990765508326094, 8.01078724576786;
  -2.932036671109163, -0.09070146541358108, 5.914910668800733;
  -2.936844648407252, 0.1554467083245682, 5.935835271338801;
  -4.108836122653504, -0.9733293120482408, 7.965520491590714;
  -2.905786246975863, -0.1723237324114576, 5.933041100441046;
  -4.120568592406524, -1.030976699762737, 7.996444787649544;
  -2.893292515671562, -0.1069503392565408, 5.918660338233996;
  -4.080559087143506, -0.6114760802747081, 7.966397366953874;
  -3.996537921023104, -0.686039705772058, 7.83844283240134;
  -4.017853891837074, -0.5801254482476864, 7.880320557284009;
  -4.138365672489218, -0.9511348965193516, 8.114573697650609;
  -3.917216472842488, -0.6270532374459954, 7.80785561292149;
  -3.947268196646284, -0.8078617819898963, 7.996232987399101;
  -3.892416970015567, -0.9700265836058905, 8.004826826338835;
  -3.876953179713271, -0.9010900219732714, 7.978582515559983;
  -3.898393374801101, -1.038453647598115, 8.023780747024986;
  -3.654416350857174, -1.237214223550308, 7.963473510192895;
  -2.714041255078371, 0.7220391519881463, 6.558634065090077;
  -3.332026074748617, -1.064874539851742, 8.052105302575503;
  -3.299695818771701, -0.7177395727816031, 7.996335366591138;
  -3.251712753930099, -0.7382555505211579, 7.926917852236401;
  -3.272943953986931, -0.6771600626855218, 8.000111469347333;
  -3.269227430397208, -1.035318843579407, 8.001168018769388;
  -3.228670673322096, -1.042006640193849, 8.001598796975385;
  -2.724116455961038, 0.7557782928347142, 7.245588771633736;
  -3.210378333384687, -0.7027714504009326, 8.80185820746005;
  -2.308606454869032, 0.9408666947545086, 6.879445736495454;
  -2.221585552786284, 0.9133046818580488, 6.753867785163358;
  -2.629716247776341, 0.7002962087095204, 7.975624716095072;
  -2.603657463260503, 0.7815763014126218, 7.913979044506107;
  5.250736756868998, -3.825943120095656, -15.65145163468285;
  -1.977264975889778, 0.7958748599877425, 8.391700322779364;
  -2.626377916793593, -1.037253865547477, 11.08050367744377;
  -1.991989713003332, 0.7996414683153108, 8.690287829297311;
  -1.968526310411668, 0.8124404857828438, 8.956426652660099;
  -1.950929193744684, 0.7526833076887995, 9.046309423541686;
  -2.333397263211647, -1.876137137403558, 10.67179269544949;
  -2.43828857295857, -1.90834098471544, 11.35471258964012;
  -2.55953809230454, -1.037655033738787, 12.31861753450215;
  -2.592912164108285, -2.648877114595231, 12.61096514649781;
  -1.842783879441364, 0.08300443274234122, 9.731013521663309;
  -1.776261010019452, 0.1679498642264797, 9.588988707617288;
  -2.537821256758976, -0.9982049528150624, 13.83425087060196;
  -2.483423085102912, -2.513809444088362, 13.56077998250291;
  -1.745747976166363, 0.0316369291584724, 10.00621491799019;
  -1.774497158141058, 0.9742078546201236, 10.23354559940105;
  -2.461833687134896, -2.264426937672257, 13.98766246904802;
  -1.58648350240315, 0.1357672763434252, 9.628861172958946;
  -1.272182272320613, 0.8773927341160245, 8.02269840964418;
  -2.820951603225459, -2.892585696648183, 16.92687949433878;
  -1.281941085700639, 0.8094962338436463, 8.284936632234681;
  -3.471363969358311, -4.544453130295961, 21.18026823060579;
  -3.656760795016594, -4.632425661521766, 22.62791504548942;
  -2.999748594895531, -4.056729246367589, 19.05317757446573;
  -3.339991590440356, -4.48263956437135, 22.15148164007688;
  -3.18507321752915, -3.401388297420331, 21.15447453333957;
  -3.851639787407464, -4.482293507331376, 25.46767763983501;
  -3.527162215763693, -3.256615006854641, 23.59539243558055;
  -2.509425522005821, -1.467490971904657, 17.52255958474744;
  -2.553721839695431, -1.629588501135623, 17.85052535941276;
  -3.184737499232369, -4.316784553684038, 22.37893703481418;
  -2.344017645455252, -1.483315689180042, 16.84293639033859;
  -2.532511613112766, -1.4429587846667, 18.19399630028766;
  -2.468605366942229, -1.042245553541714, 17.96562832315362;
  -2.345819661667888, 0.4642270284643059, 17.38230706602714;
  -2.438308906117985, -1.707995763946861, 18.02658816518419;
  -3.339332878949762, -4.76351802353421, 24.30787949438538;
  -3.80810019374061, -6.083455929117619, 27.91236517528056;
  -2.229891778876885, -1.137553217650479, 17.05421312414875;
  -3.109881380468264, -0.9849010206202929, 23.4848459592016;
  -3.820583517406736, -6.091867598871009, 28.6393019912286;
  -3.220620412439692, -3.959945242027072, 24.41499220822736;
  -2.987150678769735, -2.514933642295522, 22.93262162599228;
  -3.178328668544065, -4.187544581035263, 24.94950859332269;
  -3.042606432973266, -0.4539466957865114, 24.01197707694432;
  -3.054674652225548, -2.025133903966969, 24.13751195866036;
  -3.077734966383246, -3.253895663310444, 25.30876215282388;
  -3.322610099299117, -5.553259105880415, 27.31781728967139;
  -3.025363532152034, -3.994845240684807, 25.10803054732088;
  -2.847194899029939, -0.4412356722990126, 23.91845944203441;
  -3.084114326755509, -4.891535652653762, 26.20209624521903;
  -2.986631099090866, -2.840698136042585, 25.92720901791474;
  -2.534239505130251, 0.04336852339414092, 22.41726830359714;
  -0.92910163161064, 0.8251228456934172, 8.981438038839595;
  -2.877797814435895, -3.980685163335816, 25.55909828708428;
  -2.460316572249585, -0.3976360795761532, 23.38069794804156;
  -2.724104414066851, -2.748462386382534, 26.1119126016771;
  -2.289036441325085, -0.4949258393437592, 23.21187917736534;
  -2.303144503634226, -2.342375410220368, 23.64401289751184;
  -2.533972464778922, -4.546878825901286, 26.71486790954098;
  -2.251108607180213, -3.318297714653776, 24.34117268346781;
  -2.481867466462858, -5.572982359303301, 27.18292913922333;
  -2.168020063940735, -3.373703864615348, 24.31124697714977;
  -2.390085175194774, -5.769239314992968, 27.29131887452586;
  -2.143811955369402, -4.928351051660358, 26.68535230758134;
  -2.36328455837052, -2.666442613311569, 29.5695199728136;
  -2.100986607983507, -3.744693009625856, 26.47257376344962;
