m=[-3.2453370388915, 0.2939075082766866, 5.365318493117382;
  -3.247980864914785, 0.2325431595139433, 5.440011309529637;
  -3.132322882907612, 0.1427724505335557, 5.36434699932362;
  -3.058327372051027, -0.5248017780197548, 5.346580594547873;
  -2.041057692971458, 0.2526668307144652, 3.970444888371719;
  -2.976826904591375, -0.5595716515323193, 5.375921300708068;
  -2.747102773788963, -0.2099845154313613, 4.958947466000463;
  -2.789320965284221, -0.3838773287066008, 5.173710735439468;
  -2.63506759591393, -0.5393021952517758, 5.338024523485794;
  -2.637455590342622, -0.4639294249576212, 5.345773537519855;
  -2.652250051852918, -0.7171904278679915, 5.394918306000167;
  -2.433989839410429, -0.8342695172673227, 5.314842065936079;
  -2.215561190491731, -0.708066098617267, 5.354079352900889;
  -2.18832472155219, -0.6930119939126935, 5.355746625017907;
  -2.165635729058082, -0.6989275272221137, 5.367084474579779;
  -1.747819177414766, 0.5246673448784636, 5.312605263491379;
  -1.395467835031502, 0.7746004259012308, 5.384548247862059;
  -9.993934417306706, 6.280234230450212, 35.27796894325077;
  -1.290367875539802, 0.7501218472919139, 5.507812526426798;
  -1.339113004578923, 0.5375581421086518, 5.842036919056372;
  1.970509317119668, -1.196331286333268, -7.223262603310905;
  -4.768422427320648, -4.783991280947366, 21.23134793582353;
  -1.245954927625196, 0.05612149267411962, 6.57939565424205;
  -1.206874418758127, 0.1141129561621235, 6.515205314818639;
  3.043537263435811, 1.279279368748131, -14.42867858878011;
  -1.720067649730712, -1.521185707955906, 9.266647760304732;
  -1.161503000284034, 0.02104907961459229, 6.657460760318195;
  -1.740271124521794, -0.684503390895695, 9.486620562964882;
  -1.663000334910421, -1.529649535388293, 9.448845993212771;
  -0.8433158245332708, 0.5816141233133636, 5.318159725625992;
  -0.8712768221336684, 0.5501776283010611, 5.630893136221642;
  -2.126296270490016, -2.102069277954383, 13.47162618819654;
  -2.061556260314806, -2.787958827110485, 13.09416314899464;
  -2.234179286245125, -2.998516670247343, 14.81751678104494;
  -2.339556801780759, -2.498448413346208, 15.53876203227955;
  -2.584789374934721, -3.008013540354305, 17.09105373325091;
  -2.428343333392714, -2.242079852743567, 16.24470620139055;
  -0.7967618649583205, 0.5845942744215842, 6.100956290444366;
  -1.705287321145513, -0.9972377049406261, 11.90750569477044;
  -1.740442921282053, -1.110616562586309, 12.16570263058133;
  -2.427031685073247, -2.533997861204867, 16.75431123429709;
  -2.163645039414584, -2.932734483784369, 15.20378873122758;
  -1.685707489075586, -1.066731033685746, 12.11264943600847;
  -1.694619486602073, -0.9655497973627468, 12.17443604601573;
  -1.547693224752043, 0.306281441170178, 11.46826387222025;
  -5.008510869095253, -8.209395943438169, 35.21054113712324;
  -2.313516573749345, -3.300203452692657, 16.84069367191963;
  -1.49274085990636, -0.7615042955851786, 11.41648263163254;
  -2.564111148920235, -4.096178245901979, 18.79425516595135;
  -2.206027471679986, -2.712442595382622, 16.72353044902988;
  -2.319357938876292, -0.7345418431487182, 17.51506159072838;
  -2.538748852475356, -4.047999947024613, 19.03059957586745;
  -1.994092753557148, -1.678861058941971, 15.30882754909875;
  -2.336799834824183, -1.85564518476394, 17.81431870968081;
  -2.181881812337991, -0.3255294633488401, 17.21921556948273;
  -2.133873649684, -1.414677622577046, 16.86150133860956;
  -2.086837261402466, -2.206281823834788, 17.16043404560934;
  -2.24907640989659, -3.759003819230458, 18.4914439551681;
  -2.021019429519301, -2.668657754198439, 16.77280004000181;
  -2.045628625676236, -0.3170152918691598, 17.18473341370901;
  -0.6368261442607246, 0.5655568588911712, 6.156069865333905;
  -2.06592974484101, -3.276651878660658, 17.55177800659923;
  -1.846964009396768, 0.03160715539612867, 16.33779587995447;
  -1.943575330115446, -2.688431216955603, 17.26182174494091;
  -1.763597566669981, -0.2850324345535298, 16.7596895754393;
  -1.812361828028179, -1.828567322577194, 17.37240078306564;
  -1.976809712247921, -3.836296504540524, 18.87889846065037;
  -1.654498211302483, -1.682680318274985, 16.98502937406609;
  -1.747515230798144, -3.339038415876181, 18.28007562914258;
  -1.502288558957408, -2.214482533645168, 16.24420301950046;
  -1.693668778977304, -3.803098414918735, 18.5500954528685;
  -1.446420581490527, -2.250806985966697, 16.21953992691926;
  -1.610719106417289, -3.88798863345767, 18.39208460298629;
  -1.502793556593627, -2.695320174569704, 17.75721823411521;
  -1.425458831874449, -3.276948575443724, 17.74356702939858;
  -1.30377689840281, -2.323786462516569, 16.4276773506787;
  -1.433256075144215, -1.565443101615494, 18.20717922061058;
  -1.487151963149639, -2.246964901065997, 19.47969507072201;
  -0.4167253112718135, 0.5483894875665062, 6.263087591689359;
  -1.43450360987084, -3.169350508543207, 20.03004914398738;
  -1.431262261354845, -3.342447100987793, 20.27325670664218;
  -2.063380078580127, -2.762931275305429, 30.11841648889062;
  -1.335079508508901, -2.863311449134132, 20.35138839674451;
  -1.536356282919299, -2.341016155706674, 23.23745906723088;
  -1.383831554782812, -2.478699422636926, 22.50793945811739;
  -1.912617751782162, -1.204711499769574, 31.86542870766359;
  -1.956760400723826, -1.568901743614331, 33.48357563409842;
  -1.022487875063102, 0.3854050761276416, 18.27290453580589;
  -1.420665537393687, -2.325013021390707, 25.57501756139783;
  -0.8637504434097604, 0.4261998142748177, 17.13934771259194;
  -2.37965770693399, -4.804337750354353, 57.09945628923915;
  -1.272750752640551, -2.465285321662495, 33.22396989067083;
  -1.349082949848007, -3.372671637301559, 38.7038839320148;
  -0.8333851040096675, -1.377587025943244, 31.19948943183108;
  -1.380998151463376, -3.950149829791553, 53.13790024999676;
  -0.5505512105681444, 0.09456015199578011, 23.90488314594253;
  -1.024432289297153, -3.442858225731342, 44.33056452616096;
  -0.7926086915494057, -2.962554693158448, 51.32608334652699;
  -0.5038748328383321, -2.528017247228637, 39.04716489402648;
  -0.4714224043550202, -3.307362730169998, 43.99734614727118;
  -0.5897968079636939, -3.514686726191375, 58.64921511668978;
  -0.3756787711162519, -3.547931664680553, 62.36550893893123;
  -0.08443025722506763, -3.587085866451838, 60.40195374106255;
  0.3210018662570154, -3.132364195764333, 57.74315846418903;
  0.3199613520640763, -1.066585861235696, 32.01390389064103;
  1.460639075223961, -7.967543809007848, 134.8590334180843;
  0.4515863436170005, -0.09389360028205834, 36.45743066834385;
  0.2619562600438429, -0.2994662389152012, 15.23822004613072;
  1.124550022193805, -3.282655159714876, 63.2447600491972;
  1.181345729596553, -0.1927159664720125, 54.67089713930357;
  0.905124707009868, 0.2434626163508231, 41.40750498686851;
  0.9890571626170482, -0.4707303894935596, 44.53624283343277;
  5.213568824519071, -9.713332053419521, 191.2130092473274;
  2.135005649844891, -2.032032398245308, 63.36425681163804;
  1.392128968199071, -0.07386934342255615, 41.01564930727243;
  1.230606547902954, -0.4690061623275542, 34.47890712302828;
  0.9826879737496044, 0.01035499590001492, 21.42910930752653;
  2.941262903113942, -2.667065730604024, 60.97016900000445;
  1.08241140506719, 0.2094527850927931, 22.35494915510524;
  1.949326285405725, -0.5444152930152392, 38.22861306025957;
  1.065228794776269, 0.3287739555761792, 19.0171642619083;
  3.252732281990143, -0.7365742359418688, 55.56416573409983;
  1.816289346990581, -1.515427852327848, 30.79903571290723;
  1.926701742932303, -1.9885661078044, 30.51788857229083;
  1.884056076516849, -0.5797031093509441, 29.71337262431703;
  1.902095099573352, -0.3019160071897583, 29.29851343045779;
  2.126983726987723, -0.3524947665663941, 31.76810254101303;
  1.700720246513936, -1.453248063118012, 26.27816419988131;
  2.061214929634536, -4.278803617831391, 30.31615250920246;
  2.212829516203763, -1.317833165897881, 31.9168173807383;
  2.086025872515331, -2.055699641749141, 30.11334374551077;
