m=[-1.725726930918085, -0.6815534499161129, 7.280720524655702;
  -1.298083391684089, -1.510626922471543, 8.583141517313635;
  -1.297326909368975, -1.385435205435974, 8.616526902622429;
  -1.171015773714473, -1.670439859139203, 8.524130820533303;
  -1.271906613249975, -2.031876115123698, 9.322738387041994;
  -1.12094814164953, -1.378272721286513, 8.497722997249591;
  -1.153137772388996, -0.3651993211299664, 8.708133732809685;
  -1.081705760624678, -0.8589790431004641, 8.24625664667404;
  -1.076597181432818, -0.9064057230286923, 8.265132382132421;
  -1.077613581711879, -0.1607763394737664, 8.50442973545664;
  -1.073789897338986, -0.7118821394789338, 8.484902465545682;
  -1.013546516540751, -1.071559003864105, 8.334573313860464;
  -1.127630862665884, -1.884670836789439, 9.271149173656921;
  -1.019831058444029, -0.1580453248414003, 8.56730525101437;
  -1.003166606120573, -0.9541498141549281, 8.708578131593656;
  -0.9661593432217942, -1.336430288357544, 8.580923055301982;
  -0.8799393426266622, -0.8878074471077168, 8.434661715166083;
  -0.983313829042052, -1.908268348667078, 9.390828979855817;
  -0.859658803783477, -0.9402639178656724, 8.589081721624721;
  -0.8308919749108538, -0.1796519708741264, 8.425625640065627;
  -0.8379450944993111, -0.8522183394801391, 8.602319390071148;
  -0.8701777168661218, -1.66267897071681, 9.102589891501062;
  -0.8484980802637085, -1.522517710272571, 8.945446113094095;
  -0.8199979563068255, -1.979328810887964, 9.363191711444086;
  -0.7362458644887469, -1.32048631915757, 8.699583806657728;
  -0.6814684034375746, -1.214615056058278, 8.586548105023931;
  -0.7194456263473069, -1.589522219423572, 10.04565701543326;
  -0.6862523654071951, -1.602614902407893, 9.720489909564668;
  -0.7711567588378592, -1.175046733034808, 11.66378125773218;
  -0.6132084042851118, -1.315132644538769, 9.347490036523945;
  -0.6433003986714557, -1.152270535570567, 10.46324343207537;
  -0.4745434167019785, 0.1788690566414885, 8.48057640874741;
  -1.038600845767324, -1.010174809604203, 17.44493019731215;
  -1.013053962709965, -0.8122517850847463, 17.33511623051786;
  -0.4223204026997137, 0.2083852790680377, 8.380078161717851;
  -1.054414763472908, -1.522357435038366, 19.80195804946751;
  -1.155161295440387, -2.101295639432115, 24.98863254130488;
  -1.08120781820987, -2.182871730614002, 25.94338604899643;
  -0.8098640647718123, -1.568685767642783, 21.14074515194099;
  -0.7983756670922755, -1.995918018693509, 22.90462506902608;
  -0.6301785559349178, -1.916395182222202, 27.47431868264289;
  -0.5760465293865512, -1.9359469169633, 24.9274335725612;
  -0.3258002344935358, -1.634589700206466, 25.24749134049982;
  -0.3042870252442355, -2.134789431452622, 28.39878091095546;
  -0.3475101692683173, -2.070864681958498, 34.55630548938037;
  -0.178824143199656, -1.688825371160246, 29.68615625545631;
  -0.04272492454909754, -1.815202014447803, 30.56568819073511;
  0.1584367637381249, -1.546039753017259, 28.5002678076607;
  0.06657883621268693, -0.1740718601805318, 9.532671472776409;
  0.1985525464835369, -0.6618716211365224, 19.86628103475768;
  0.4126330749635117, -2.250844960664426, 38.09791110605381;
  0.1663072450015894, -0.0345785168371547, 13.4263025000397;
  0.5210858552345368, -1.521093003940464, 29.3058994521627;
  0.4262699175307516, -0.06953850771775247, 19.72712833427855;
  0.3639392422076846, 0.09789325096796056, 16.64943611628486;
  1.087041597340624, -1.034612598892633, 32.26201436227048;
  0.6151358239931315, -0.03264042374813071, 18.12346112291694;
  0.5476279459121104, 0.005770585665169061, 11.94191790912977;
  1.584595813073644, -0.4425519731324275, 31.07581355077839;
  0.5548092602771791, 0.1073587586164745, 11.45842767936097;
  0.8912597345394163, -0.7436259137990526, 15.11319792688188;
  0.5483101333767302, 0.0486452349846276, 9.106353505132217;
  0.8625815803744309, -0.8168035324032116, 13.80908230146559;
  0.9869667889062562, -0.3036787086575642, 15.56541354162554;
  0.9312904577069598, -1.084620247675805, 14.70084837213962;
  0.9844894662625287, -0.841236183868986, 15.21154105181534;
  1.200021226654714, -0.1988737369248396, 17.9232200491486;
  0.5342719185187247, 0.113901506229892, 8.195181156789682;
  1.040049006301254, -1.278044881407737, 14.98363790895331;
  1.074977028399954, -0.9728884761747207, 15.1376491509057;
  0.9793060040285081, -0.3518251015631401, 13.56670849120615;
  1.0339774414474, -1.325557554734284, 14.26800603775974;
  1.098143573315146, -1.077643168385391, 14.71416290544524;
  1.126375012734767, -0.9228824726328804, 14.7590731941718;
  0.6260253774993636, -0.003131703132883282, 8.515873214701108;
  1.084647275172424, -0.6558543901005646, 14.04557621764898;
  1.235824103095492, -2.1540606729091, 15.94191909718854;
  1.311176780336035, -2.608534628065306, 16.47554734218625;
  1.302484043261148, -2.541477066477235, 16.12303971738639;
  1.336002874938438, -2.415942994349734, 16.46608591016467;
  0.5854419326591094, 0.0600779717772913, 7.650533594481009;
  1.28403979219492, -2.164103629407031, 15.69268018259404;
  1.374210751367165, -2.379446496053933, 16.68330639092713;
  1.246363730476772, -1.98335603867301, 15.11411691095483;
  1.380191481156, -2.460368395944803, 16.43086604627565;
  1.414122473608039, -2.691559190479542, 16.30346424916202;
  1.25978242741208, -0.9524942496999167, 14.49022919619855;
  1.433189083477251, -2.983783416063232, 16.42293653955493;
  1.466398403947674, -3.030937141857717, 16.66187969783915;
  1.237487919960425, -0.58058345383007, 14.10165445020328;
  1.465011868223517, -3.185695307491719, 16.30306151286305;
  1.484273820360831, -2.971906271206432, 15.99274957614812;
  1.572651282706223, -3.280197888023281, 16.45286477478379;
  1.627954711099088, -3.274321948621098, 16.8305860583017;
  1.606002654058894, -3.108532083767055, 16.51980436649245;
  0.8110988528825456, -0.03898109449020361, 8.617559104996055;
  1.515405969225301, -2.511861716187416, 15.22273932907366;
  1.693423442206231, -3.370957091989183, 16.67733848526126;
  1.811433044088452, -2.620754860471799, 17.67496318414318;
  1.655614475573807, -2.595450769073921, 16.0664693588053;
  1.710388941243448, -3.14384342149499, 16.54267458112537;
  1.548569267241325, -1.44028907800158, 14.96806047075023;
  0.7718372525753093, 0.1506049322337814, 7.816890240714893;
  1.76959862114371, -3.234208622338396, 16.4065783819346;
  1.787356491638325, -3.014433497898748, 16.55922543040813;
  1.823095132678268, -2.928211003786708, 16.71627248935165;
  1.836254505529385, -2.597699812331324, 16.67549982049132;
  1.866402540931859, -2.663925914491223, 16.44277325264829;
  1.849121037086764, -2.810882778176242, 16.3090317501735;
  1.881292891739925, -2.763366987542661, 16.44285571084624;
  1.916034312348556, -2.657616381373446, 16.61182396120996;
  1.921078634021981, -2.022978811797731, 15.95235500211525;
  1.103787075744672, 0.07873318304785035, 9.450202146863456;
  1.916181521724171, -2.088817393973918, 15.73654447925789;
  1.875299567929012, -1.817485807775718, 15.06541353880134;
  1.718196256681757, -0.2312310865149877, 13.25113029210113;
  2.284231424576759, -1.851650246517768, 16.92585872601265;
  2.083560469484477, -0.6945974945193606, 15.30868761455004;
  2.152957463301227, -1.253273396755022, 15.56927792824566;
  1.883023419042606, -0.4313707310764597, 13.67111090213478;
  1.830893386493273, -0.2061133770107841, 13.30718078002269;
  1.523013145325549, 0.01761280274376029, 10.96096265829461;
  2.040682777481552, -0.6920357917433212, 14.24596563702554;
  0.6052603901726775, 0.2841392038270595, 4.671604616670349;
  1.692285351282167, 0.1292540142162499, 10.99949989258053;
  2.077240269389792, -1.868382981928, 13.193539653213;
  1.793581314142918, 0.106023514858169, 10.92701196919011;
  2.21051014268533, -0.9198586099779827, 12.54970128085523;
  2.28367893018272, -0.8495030115914026, 12.54696139714166;
  2.319464113754006, -0.76850441559814, 12.44534307684128;
  2.005080501070255, -0.2453449650746799, 10.83642459385564;
