m=[-2.06444481347821, -0.2208756129931378, 3.824885919830561;
  -2.151309918117387, -0.4609372200468249, 3.996788131564417;
  -0.8986872113385648, 0.08497309476197572, 4.851483803673198;
  -0.7924096235136161, 0.06781242677267001, 4.80938014506398;
  -1.528301086482251, -2.06680777360405, 9.707144137860439;
  -1.832748762570468, -1.957220373713976, 12.17266743207975;
  -1.936997946841149, -2.25415506123543, 12.80774995119084;
  -1.230728550271449, -0.7197197209284094, 8.593805301519234;
  -1.296786067850503, -0.8275089446915224, 9.064539539928644;
  -1.25095934478686, -0.7127638690676849, 8.987105754230935;
  -1.112109552052677, 0.2200814159384756, 8.24062908190354;
  -1.722109150125557, -2.4565679051728, 12.53568398685546;
  -1.152226627773337, -0.5877949415761702, 8.812229662222824;
  -1.897750167807054, -3.031663801626372, 13.91000577725045;
  -1.664675749314863, -2.046818304807189, 12.61963232045698;
  -1.906429967191766, -3.039776226259591, 14.29070279625574;
  -1.51114581303507, -1.272259705754492, 11.60120090303187;
  -1.647045234477009, -1.307913289319284, 12.55605563599416;
  -1.613859892711279, -0.2407824941863244, 12.73643752580718;
  -1.593765055585645, -1.05660602731383, 12.59365643423456;
  -0.4635951795792097, 0.4117127349793018, 4.481481076808933;
  -1.549753120223559, -1.638456531240297, 12.74389560626341;
  -1.689729813664203, -2.824137408174298, 13.89261121198852;
  -1.503236160134004, -0.2329596115695831, 12.62825145556944;
  -1.553647864324174, -2.464151167834946, 13.19952069190209;
  -1.451079356960094, -2.007191067453844, 12.88772954126804;
  -1.294926416273861, -0.2092858574845632, 12.3058486640831;
  -1.325221979183159, -1.337071642549361, 12.70292002008518;
  -1.460306359180104, -2.833944079984538, 13.94619588602348;
  -1.219597676890631, -0.263696284165478, 12.36727970332927;
  -1.240086337580943, -1.261209506879102, 12.73068941767477;
  -1.268857538552416, -2.276797224642517, 13.37716254206042;
  -1.266956043633243, -2.844923742541203, 13.87647681512835;
  -1.138507300368222, -1.771656334288452, 12.76673247858674;
  -1.224055070706989, -2.954650617028227, 13.97694006947781;
  -1.077805917007906, -2.477738736024721, 13.41611634477325;
  -0.3094859206003289, 0.4072678592262468, 4.651355165345782;
  -1.001223733259967, -1.784530896467062, 12.61548694871497;
  -1.067761880046726, -2.359082008747151, 14.90921513493991;
  -1.044623334987282, -2.439523721073498, 14.796671164863;
  -1.157862505367154, -1.764287920247919, 17.51272336571941;
  -1.77104071309106, -2.298061629412555, 26.7994615852111;
  -1.003590200176856, -1.797616509859736, 16.32333602183672;
  -1.730708734234957, -2.171163461369007, 27.59300029702547;
  -1.563392296853714, -1.520602955646625, 26.25962572703176;
  -0.6835946826330014, 0.2576664888905052, 12.2165364319518;
  -1.476620904777491, -1.18393294922864, 25.26755331399727;
  -0.5997251779374219, 0.2959220008545965, 11.90031036752738;
  -1.539142332515469, -2.222204064906781, 28.90516422612096;
  -1.757556729001835, -3.54836584981466, 42.17225583792006;
  -1.222553461095038, -2.3680544649707, 31.91361646959344;
  -1.152968273381245, -2.882390141228586, 33.07754370127557;
  -0.85903873605839, -1.419992524324017, 32.15988603376377;
  -1.028722534084948, -2.942515265941801, 39.58307644597854;
  -0.8499408756127176, -2.856436648434989, 36.77974544869319;
  -0.3917274173716972, -1.965356479008183, 30.35643787458512;
  -0.4238871439622411, -2.973869143230488, 39.56093140248795;
  -0.3856854415976928, -2.298356796383533, 38.35244295359259;
  -0.2432776208315847, -2.297527676881793, 40.38591957574089;
  -0.05962268902642039, 0.08399029579680582, 14.12378267032626;
  -0.06767314737845549, -2.875146878357453, 48.41380864882594;
  0.2420568645482791, -2.362011986693351, 43.54220132715678;
  0.379366305457972, -0.07887764709590547, 30.62696862877209;
  0.6588202693304968, -0.1074750445652677, 30.48920758375843;
  0.6183521690415302, -0.2942976082463383, 27.84377222863941;
  0.4413448564861066, 0.1187139989008327, 20.19057617623732;
  2.171756638304843, -4.04617145703816, 79.65141271563348;
  2.109635797958119, -2.910132872487322, 73.11820395195012;
  0.734073028662272, -0.6986680232102256, 21.7863554178568;
  0.9159112533845453, -0.04860021195333096, 26.9850679237018;
  2.024686405315, -1.835936434352225, 41.97022720185068;
  0.7791450863498932, 0.1507690214306451, 16.09161609741237;
  2.914111820688107, -0.8138642835818953, 57.14920792966544;
  0.8097784197548392, 0.2499313344781893, 14.4566963451835;
  1.384287119214353, -1.154985167727788, 23.47352226243136;
  0.7864484777045423, 0.06977250404919057, 13.06136329716534;
  1.425363523767627, -1.349718087727668, 22.81866742467438;
  1.505981105582229, -0.4633736439224204, 23.75076746020916;
  1.404237866864727, -1.1999069008328, 21.6971564352221;
  1.393399308602984, -2.422017319182447, 21.48135669471903;
  1.549684254826744, -3.216935071018861, 22.7926081530795;
  0.8047291764901632, 0.1715603274892273, 12.34371703789993;
  1.545377979964912, -2.081499582346519, 22.94008751213803;
  1.525428179924315, -1.233295465891992, 22.32833384147943;
  1.538706249651002, -0.9163643712793436, 22.19357886050066;
  1.558471660475026, -1.535814908302944, 22.49770410226612;
  1.625486848087073, -1.99744928691518, 23.41784493801804;
  1.626986694545676, -2.519057808259263, 22.79485508727694;
  1.533117610046269, -0.5507872479530568, 21.23887693190014;
  1.608516380967133, -2.06211562770666, 22.19615294831556;
  1.72420755900728, -1.692019642962854, 23.10287244995097;
  0.9658113579275415, -0.004831488569165893, 13.13800904730514;
  1.75782613723947, -1.440254723030037, 23.0330789735432;
  1.605410813900359, -0.9707448258182284, 20.78917309195362;
  1.942750750828557, -3.386244837871611, 25.06115167857187;
  0.9163745387227488, 0.09403823095615255, 11.97514869114721;
  1.831766052126516, -2.670358901712197, 23.04893725338101;
  1.97419138914068, -3.852148643430168, 24.43789337882544;
  2.041270470494911, -3.691304251865782, 25.15843009289952;
  1.94253249633883, -3.27391849623443, 23.74033997593887;
  2.091206513442287, -3.620924960734743, 25.38783731370956;
  2.121403217170013, -3.781673414046226, 25.25482338310341;
  1.042131240498547, 0.2912442416590698, 12.71347803261936;
  2.157418291737391, -4.10630559884869, 24.87294604694755;
  1.951874326434022, -1.475769967584385, 22.45078653010384;
  1.851069197354375, -0.8684530414752065, 21.0936509063792;
  2.178706258389024, -4.503224841197239, 24.75544263856314;
  2.31982397951349, -5.044499997603679, 25.81564959121065;
  2.330498961239623, -4.666271400154706, 25.11065395300033;
  1.406997994758786, -0.02774424955509727, 15.40125016896076;
  2.40645976695597, -5.019335393666251, 25.1760562351447;
  1.280485221650367, -0.06153962028311533, 13.60457734766878;
  2.426515464653579, -4.696692844541192, 24.95983469705752;
  2.358172048281178, -3.908788937454754, 23.68859507821763;
  2.334104623326679, -3.367609670583566, 23.24852184048837;
  2.555762063242808, -5.087542806954978, 25.16990609328012;
  2.690680766795837, -3.892837618575456, 26.25417685108561;
  2.509955037015018, -3.934771546922959, 24.35718960490756;
  2.59238037004528, -4.76502026869663, 25.07318880405016;
  2.77186537269801, -4.674838998384464, 25.68035184026205;
  2.753425292143032, -5.032300384060042, 25.52798546212091;
  2.770096368147401, -4.449261325624023, 25.39948951741683;
  2.789265978481646, -3.945899485624416, 25.33004231353206;
  2.602757791928029, -3.253970410684832, 23.29590847488946;
  2.779531735744711, -3.662838570652165, 24.64878510163579;
  2.913106349652935, -4.428266351961403, 25.69325803732797;
  2.82145256492906, -4.027073709656217, 24.85664466844788;
  1.656753741694774, 0.2939955270309101, 14.89698045077451;
  2.891252277622295, -4.246861895730525, 25.27009177216998;
  2.927114963788524, -4.060025766653689, 25.37779108615088;
  1.764649466981972, 0.1258725279107381, 15.10825280327168;
  3.138251656425114, -3.304714598665666, 26.05958112420339;
