m=[-1.696381252087301, -0.6671654573636795, 6.755501987751535;
  -1.607081762569657, -0.6336581233694038, 8.193525897380154;
  -1.27018887466489, -1.55529634720608, 8.399391550851737;
  -1.148793270049357, -1.385556959524098, 8.351208255801048;
  -1.198146477977655, -0.9358915953712844, 8.709427403415154;
  -1.092868592452727, -0.1646885147301479, 8.255312957752407;
  -1.08676892663909, -0.7098943710910287, 8.233639635245421;
  -1.239872921744073, -2.029451196215922, 9.367737233039271;
  -1.016034273266375, -1.059069543112474, 8.0338258528843;
  -1.056656390363629, -1.31786321969878, 8.36855544323153;
  -1.06620267371124, -1.384539023894222, 8.479948002295847;
  -1.159928651227497, -1.903585069695598, 9.163404289960669;
  -1.108753163036838, -1.735757172344403, 8.833001317763664;
  -1.026524172540796, -0.1613092414710182, 8.244067934967429;
  -1.042018303075561, -0.8932289351594324, 8.471849377386462;
  -1.065712003345479, -1.65792842298346, 8.678683154986228;
  -1.002502861102638, -1.247905335432279, 8.267431548155946;
  -0.9620778199651363, -0.05229087822119407, 8.37044723774914;
  -0.9460158606022684, -0.1539392273297334, 8.554419431914429;
  -0.8850302104701306, -0.8759697697747395, 8.119804644561198;
  -1.013952151419806, -1.927848216280075, 9.283802693397936;
  -0.8374916927702855, -0.1785376025635426, 8.081270961217477;
  -0.8464317575543143, -0.8405090447380383, 8.27266600964971;
  -0.8898089693246003, -1.660843337704438, 8.898465192987661;
  -0.8734366181119111, -1.530603466937735, 8.798866495279883;
  -0.8320945183310721, -1.253930714269125, 8.809286601915204;
  -0.7801060968157202, -1.365415249253516, 8.782560491164356;
  -0.7309804580620395, -1.569759261962322, 9.722821121811982;
  -0.7281247130905547, -1.643712036951567, 9.757843647571603;
  -1.069234723748653, -1.383282717187496, 14.82558750911419;
  -0.819374158194891, -1.20204226791143, 11.70241526059095;
  -0.6551687163986644, -1.132603310656731, 10.10217485477387;
  -0.5042239213017716, 0.1769176333149402, 8.35783340140449;
  -1.035288483803581, -0.965720362497517, 16.39046077099638;
  -0.4315018327510526, 0.1972985287573118, 7.891764925082543;
  -1.203326138722346, -1.657815144322105, 21.23762046114848;
  -1.517042454510024, -2.58804628726647, 30.36992782375244;
  -1.139202539223267, -2.150829340861915, 25.31122620065233;
  -1.083871081683627, -1.954352273599133, 25.78247622716535;
  -1.088630515496033, -2.234659804345142, 26.46833157179245;
  -0.7260234934521271, -1.085327981884039, 24.08334979566643;
  -0.8200082231965685, -2.230348612414491, 31.48471277843454;
  -0.7028769227849431, -2.085469401246433, 26.52230041691608;
  -0.6450218925291059, -2.055582392831851, 35.08668198232954;
  -0.5261481128415074, -2.832250070481922, 37.1546247929583;
  -0.5255241255301848, -2.446228324735845, 40.32999679189869;
  -0.1620144460643015, -2.145229443432505, 35.72336489648979;
  -0.005198400358897239, 0.02639640179494379, -1.401166977476154;
  0.3217120578546083, -2.475168127338617, 41.60031627698564;
  0.07162711755587994, -0.02313167110696811, 7.740066726376615;
  0.466930469752924, -1.687178034533592, 32.5093801247107;
  0.2633264382460582, -0.05623831178388287, 14.22342573565835;
  0.4108904152307247, -0.23527123230989, 21.35102488080355;
  0.2540330561647084, 0.07601898626554582, 13.45336644954729;
  1.225969771158169, -2.598364128225756, 50.65390726228663;
  1.134950044252806, -1.729517352270902, 43.32020744135108;
  0.3343924658146897, -0.205986594282866, 12.35983265696803;
  0.4819442930482133, -0.03310368318984748, 15.57567786276794;
  1.698603512673441, -2.18960856991165, 47.91992334889655;
  1.42917502797204, -1.77997662145648, 36.0164834502804;
  0.5196530040495104, 0.001797590929926825, 12.01734253229009;
  1.107617790266456, -1.074724752198941, 24.37317677158652;
  0.537245466107388, 0.1087923654960699, 11.67536811891599;
  0.7200079577904524, 0.003802553891151045, 15.00476745399174;
  0.7167547656008476, -0.1074757385446734, 14.49543354987857;
  0.5111115707459077, 0.164987662191505, 9.50968886465196;
  0.9033084347027303, -0.7955261116808525, 15.98473660664343;
  1.048981638535612, -0.3418201695765335, 17.2827800111093;
  0.5296743272571359, 0.04456325849043818, 9.101388795480919;
  0.8286460021175023, -0.8292410780434275, 13.76268581357996;
  0.954588178812118, -0.8568160505960839, 15.22906610934763;
  1.220825975729907, -0.2174859851801334, 18.99808449693693;
  0.8092168284453556, -1.466844254925795, 13.01503779447612;
  0.9662693877710838, -2.051956531384883, 14.42332721653728;
  0.970498598881576, -1.369556799483354, 14.93363285645601;
  0.9945088231329552, -0.8367582977064181, 15.00426358458088;
  0.9659692022632995, -0.6026669235327469, 14.43904927145243;
  0.9947397148910054, -1.02834266515585, 14.86489612452595;
  0.9905705510443539, -1.266781247246529, 14.71811200068816;
  1.050987095569543, -1.697885791132805, 15.18874450834758;
  1.020592066134245, -0.387153897326768, 14.58283332530498;
  1.071502348412638, -1.433643481970951, 15.22778296508727;
  1.130168396108213, -1.926157865454474, 15.97570084095187;
  0.54709439016102, 0.09986896910969921, 8.057186959882317;
  1.07831447208854, -1.1023433485638, 14.88407423640951;
  1.099234935068682, -1.503343815222886, 15.01100907797171;
  1.110479474183542, -0.9506901646360332, 15.00376867402238;
  1.073148240919563, -0.2189932068579754, 14.50464169315288;
  1.269637104077307, -2.291779958906905, 16.78590163516903;
  1.2023637740925, -2.068254716758835, 15.76246461472837;
  1.323794669272802, -2.486270322114391, 16.75963647500623;
  1.327264524241458, -2.31255343607687, 16.56936915403666;
  0.5875874043078267, 0.06360253975752502, 7.847881110573376;
  1.341996739725971, -2.407173966393378, 16.70113257974561;
  1.383768145335661, -2.552645284290845, 16.87543854980959;
  1.391045905476936, -2.670571164087422, 16.46523799293509;
  0.6742085433386764, 0.1979039547681768, 8.396434564035582;
  1.231571748892377, -0.9648441604719795, 14.5000531364867;
  1.477713112688522, -3.136449940498329, 17.06972057660117;
  1.256105570096429, -0.6092654709864646, 14.64311057876376;
  1.355096675991051, -2.188114924157823, 15.62376447172966;
  1.601689039020628, -3.325005860087498, 17.62563103629228;
  1.578123628148559, -3.400775500426833, 16.87009196756772;
  1.593375434604577, -3.304209112138142, 16.81597299874677;
  0.7597853792046639, -0.01603265097159651, 8.460619959058924;
  1.600087142628479, -3.194949731862705, 16.78889964735583;
  1.559500133854086, -2.662163360954014, 15.95245233601524;
  0.8114651412394683, -0.04422048062231052, 8.756799044705931;
  0.7325393236579715, 0.2211508775952953, 7.916493165651505;
  1.678306545721575, -3.432775002055153, 16.81578544025956;
  1.872679438250113, -2.787891757657689, 18.60711563346963;
  1.687107470127397, -2.717474963380605, 16.64669268260255;
  1.709116575883735, -3.227124840666514, 16.81042482447948;
  1.480169925908602, -1.417614285372871, 14.60688313913492;
  0.7775888260147743, 0.1576420280021826, 7.972280273460754;
  1.784200094510863, -3.343932925561022, 16.79022483166828;
  1.786124863399902, -3.091551426239823, 16.82029908183425;
  1.794716627960641, -2.964154255170941, 16.7552081816539;
  1.784464755563833, -2.591039183231043, 16.48452103398493;
  0.8004467994690678, -0.4353875587248499, 7.709605335408126;
  1.87718721023278, -2.535778677839943, 16.88750273976616;
  1.874821857893524, -2.770782893143341, 16.85179423582979;
  1.847737233986235, -2.877385049129906, 16.55753413662667;
  1.886973771086588, -2.732722413307733, 16.76924530427529;
  1.990392112535816, -2.741033966077512, 17.63155407728631;
  1.884563867964917, -2.83640530779941, 16.71363986939381;
  1.969723467841112, -2.120436824620139, 16.58334206642705;
  1.945557181751757, -1.797798433501531, 15.65090879637002;
  1.701862605434167, -0.2329280260257648, 13.28541452900979;
  2.006004358473184, -0.6833109724185514, 14.94052028643305;
  1.959970679276675, -0.4585801721068575, 14.35542979080793;
