m=[-2.151484095858428, -0.4444774691762494, 3.790605332277217;
  -1.998091593189596, -0.5433510843742795, 3.789579410099481;
  -6.166254480003024, 3.848812591810423, 17.31347744531912;
  -2.647002429400846, 1.598942290117127, 9.09071114940733;
  -0.5918991680080339, 0.4004786840965695, 3.43481375284723;
  -5.37550077520527, -2.119512406102428, 27.4063870543876;
  -1.943527455551371, -1.874458979134964, 11.72662842060454;
  -2.087779644347736, -2.194798458515944, 13.28022513012235;
  -2.036636497972439, -2.339372593748132, 12.97361870845094;
  -1.334630802543318, -0.7442917423572095, 9.131578667746879;
  -1.97238265502608, -2.415105028741508, 13.0427958692705;
  -1.204670486695978, -0.6024103023429308, 8.752723781290806;
  -1.756813152819544, -0.5385389785607518, 12.31493524617593;
  -2.004467281703299, -3.154584716486262, 14.16173608329188;
  -1.860397054703832, -2.697053151716901, 13.23288790977537;
  -1.767053791467123, -2.131239573257183, 12.84568302799228;
  -2.015381465402165, -3.163594364947211, 14.54398408769128;
  -1.835097114261174, -1.433424040795085, 13.3394750880972;
  -1.724979236617871, -0.2599436660370765, 13.03015160491159;
  -1.700098387656768, -1.110530717353934, 12.8803806635486;
  -1.88991973707837, -3.093462083009729, 14.279101654693;
  -1.553941992753684, -1.619760946644236, 12.28708487867527;
  -1.638044099300884, -2.04297072387966, 12.97305632036193;
  -1.784538443928995, -2.928646287481686, 14.09780439115257;
  -1.67535416814916, -2.622773138808514, 13.34688916192134;
  -1.616926945925631, -0.2540858424363581, 12.9856226912772;
  -1.655753813166767, -1.419329402425934, 13.46166076908629;
  -1.642033434591774, -2.554511813841629, 13.37198780156376;
  -1.588751982779774, -1.977662262039678, 13.10210551437423;
  -1.415685292029683, -0.2303655880128431, 12.80144052120254;
  -1.37569267561651, -1.361609109027426, 12.62144008736836;
  -1.575286501609402, -2.995124837010572, 14.42341144602961;
  -1.497819897190325, -2.351106015104909, 14.10262301570367;
  -1.309326311822018, -0.2791239396211984, 12.63417988957594;
  -1.353183396864711, -1.343714805243646, 13.22544220742651;
  -1.370762367185356, -2.558550906543242, 13.70820213412187;
  -1.344056651466517, -2.355314315699766, 13.53982051257617;
  -1.295711584095551, -1.952581727602811, 13.71754583915882;
  -0.3272633091922691, 0.4114313933598154, 4.43996358270311;
  -1.197434689354233, -2.095863103112809, 13.48091321988015;
  -1.160020546395569, -2.593252644016373, 13.73377761854927;
  -1.089010413633774, -1.884437858973537, 13.0333873004406;
  -1.226220643003574, -2.681800197234487, 15.06089621933456;
  -1.130346458381037, -2.427386125990454, 15.03481563604231;
  -0.2986930283532314, 0.4297637681173648, 4.784096472204483;
  -1.156132144198844, -2.609921470265936, 15.49371487631541;
  -1.665532022711259, -2.15472020386835, 23.09361097567782;
  -1.303791599844224, -1.912694702275265, 18.62093228356158;
  -1.034288947256401, -1.787996063483371, 15.94790400399138;
  -0.7716207550185963, 0.2707394711503103, 12.79010663131884;
  -1.592899532726509, -1.485861707371817, 25.21843690115427;
  -1.782112019400848, -1.376661334540778, 28.70775803243186;
  -1.30359272301271, -2.048987544273651, 22.10492312740802;
  -0.6598434810168325, 0.3017047394323187, 12.06792009742699;
  -1.895809696574114, -2.611845554248739, 33.45933035673564;
  -2.312819733850488, -3.945627564682522, 46.3007269029105;
  -2.002080725483111, -3.779954677839115, 44.48297503727526;
  -1.694989537559249, -3.056273677225558, 40.31939609416695;
  -1.143982388448711, -1.710132121293112, 37.94770867550297;
  -1.728645013348742, -4.457153994552503, 59.13035215785176;
  -0.5389938898117482, 0.07307147208644144, 20.3004335622247;
  -1.109466175287442, -3.291839133247238, 41.86450607425004;
  -1.333148513512658, -3.626044048271248, 51.18704526561952;
  -0.8392626399798437, -2.674596824829937, 45.65262309650109;
  -0.8582944056712296, -3.610533310844061, 54.83225994297506;
  -0.7282295239098128, -3.389788597240647, 55.88610101090735;
  -0.2345195605629591, -3.105267947407845, 51.71037546880216;
  0.02031696650722584, -0.1031653535998362, 5.476196634930369;
  0.4234864150338465, -3.258193316852253, 54.76067301268692;
  0.116268569753187, -0.03754843706379914, 12.56404723208305;
  0.4133899915172083, -1.493718141274704, 28.7816992990308;
  1.314729320196734, -2.925737789361057, 70.88009374426557;
  0.4227975879358578, -0.09029637407540615, 22.83716793982488;
  0.3412586783477014, 0.1021211143698245, 18.07275841661756;
  2.403856484776862, -5.094819306634612, 99.3211466679988;
  1.584085139057659, -2.413941256135521, 60.46336327861645;
  0.6577755193171015, -0.4051913630789141, 24.31273481237767;
  0.5958231982631277, -0.0409257722873193, 19.25606409947092;
  0.8794601330619094, -0.1209253990533209, 24.85053320950879;
  2.230407131159296, -2.360814142235553, 59.46932848353675;
  0.5959990760742138, 0.002061688328648052, 13.78289933917104;
  1.880497975893171, -1.824652636417306, 41.38043825932847;
  2.329672452687289, -0.6951856737929334, 48.1482960041691;
  0.6251488361473591, 0.1265928238806052, 13.58567591833967;
  0.7484018740402579, 0.003952509729211571, 15.59648884516065;
  0.8278198364889874, -0.1241296920209546, 16.74158025449377;
  1.260583722990325, -1.110171486363555, 22.30699726528458;
  1.330752406037677, -1.331708059861115, 22.10199194005778;
  1.164079751750621, -0.3793259324343244, 19.17911002997;
  1.791114740172778, -0.3190809841707668, 27.87272703397974;
  1.453674044603413, -2.051408599985015, 22.36853767752404;
  1.739386550973838, -3.693737625391222, 25.96350634537885;
  1.452155715680591, -1.501210473986055, 21.70029360152152;
  1.329357213066977, -0.8293842288118464, 19.87087606298525;
  1.49951607518168, -1.91764114326049, 22.28013493646459;
  1.554638306442338, -2.511542056021897, 22.46745382410872;
  1.470644851154222, -0.5578780245318987, 21.01345822364938;
  1.571637511943069, -2.102811886839208, 22.33551327919472;
  0.7729353949569207, 0.1410949599757854, 11.38320022481946;
  1.661336907729714, -2.831433937643931, 23.4841299095933;
  1.581473806859711, -1.616714953795529, 21.82922899907472;
  1.596351765009187, -2.18321441239197, 21.79957174913826;
  1.620851171956411, -1.387623367510404, 21.899437679325;
  0.8312756841904205, -0.003976802324878797, 11.59062902336327;
  1.932212160487417, -3.487772286695589, 25.54582184158061;
  1.459019234890313, -0.9227357487542562, 19.47246584769562;
  1.973173538595564, -3.997697723942279, 25.06270550489124;
  1.968968375738029, -3.697996185819673, 24.92772857763525;
  1.985769998647379, -3.459897518360056, 24.79005169026393;
  2.04637029910998, -3.774951397416966, 24.95605665529261;
  2.025000035032271, -3.841825568063477, 24.6560727936625;
  0.9057344890060179, 0.265864974739993, 11.27980421557641;
  1.855374162340933, -1.453546598186603, 21.84446335847137;
  1.916163674063376, -4.153026613508451, 22.72279128795185;
  1.74777544962553, -0.8477466049393694, 20.37477564385809;
  2.53507295615435, -5.262652256218624, 27.89696344715003;
  1.269488855102665, -0.02678818556300503, 14.13644305254688;
  2.383058212036447, -5.135368255712863, 25.47481736160776;
  2.416637705790691, -5.011421762123407, 25.50441881163723;
  2.388013727233747, -4.76823018837382, 25.05621209928342;
  1.104619886608312, -0.06019583566605325, 11.92033258882812;
  1.023596645368137, 0.3090199926693047, 11.0619260778745;
  2.341423852763933, -3.996955600053282, 23.95091324379495;
  2.238086745646918, -3.32423001368423, 22.669442546288;
  2.481273752312787, -5.075148239103616, 24.86111202021226;
  2.123700344393309, -1.828477888532597, 21.28655570492875;
  2.484398897544042, -4.001696348731423, 24.51356874455028;
  2.200847404032306, -2.107834151519336, 21.71880422312634;
  2.541811262710497, -4.799404781348844, 25.00059255917999;
  1.087047492018692, 0.2203791585519223, 11.14502547747638;
  1.20858519686229, 0.1010041756328898, 12.24754121683606;
