m=[-6.422037057335592, 1.438744794306264, 10.36285100655907;
  -9.35773528406513, 0.7981013601680268, 14.90545632050695;
  -9.332176497454428, 0.3949189280947655, 14.87541203056172;
  -9.275023695650843, 0.6309761122538024, 14.78889341747424;
  -9.247006517040846, -2.021709616993235, 14.86246248964633;
  -9.226925161957199, 0.6838934711660866, 14.92693779374021;
  -9.378679038877401, 0.8223106514288365, 15.16189890849126;
  -9.127410641156285, -0.024255959624889, 14.85191578713855;
  -9.113047501863397, -1.575397583201866, 14.84018947155658;
  -9.074499868247541, -1.340277761568591, 14.78649481434772;
  -9.042230398679401, 0.5569545672798848, 14.75542512165703;
  -9.007429245874603, 0.3242817601900922, 14.72071907765235;
  -8.961941137081762, -0.313865225096808, 14.66336006408588;
  -9.109523248006234, 0.1185195178305229, 14.89268868424957;
  -9.053282435753856, -1.673512319066491, 14.82465032302177;
  -9.02183610532507, -2.092662487073582, 14.79276822789829;
  -9.299127866325879, 0.6950296717963264, 15.26325205137011;
  -9.029251528268276, -1.455297158728379, 14.8721022969945;
  -9.018599548458068, -1.677129408260911, 14.8569769121051;
  -9.021307558469029, -2.026219051480709, 14.90456523883387;
  -8.821867194408002, -1.554186332742863, 14.61502332085255;
  -8.884825389830214, -0.7404008046714862, 14.8246586485021;
  -8.945202163463444, -1.11302992333203, 14.92090499941787;
  -8.929527901590225, -0.9849123795294902, 14.90824580548598;
  -9.00324498721503, -1.641142859771873, 15.02642223380029;
  -8.851621826865047, -1.308854365832459, 14.79756274444916;
  -8.811541834446944, -0.7980280662260233, 14.82125362609378;
  -8.772799861743216, -1.2375814939844, 14.77107775622361;
  -8.842566254291301, -1.892661799009657, 14.88687209211142;
  -8.830008457971427, -1.377315291878281, 14.868034264312;
  -8.876579625236426, -1.465152617503953, 14.94291767330175;
  -6.195692258999169, 0.3249459380869561, 10.75503409981291;
  -6.2456583968258, 0.0002427284748913298, 10.88027455634347;
  -6.237646153852558, -0.4504337669397881, 10.9148694670448;
  -6.13478476353971, 0.2463696662057077, 10.778179125814;
  -6.063206344691712, 0.2780793020779837, 10.67564865148254;
  -8.8490137022326, -1.33884984570252, 15.13569757554489;
  -5.935804383454483, 0.3536268324025653, 10.48719469507072;
  -6.056478912545796, -0.09990984147234415, 10.68788269127172;
  -8.533159673257718, -1.017961959888445, 14.71774018279273;
  -6.006300498530337, 0.08353346766144755, 10.66201981381183;
  -6.064793682803174, 0.2218917758756414, 10.75668764274034;
  -8.635334290094308, -1.128870443284117, 14.89989257055449;
  -8.67017316257069, -1.470160881656199, 14.96991895709987;
  -8.579753670115453, -1.809885003887382, 14.82721644532919;
  -8.646968342209103, -1.36390952870611, 14.93671768776426;
  -8.588367324150333, -1.91163845091203, 14.84639484695329;
  -5.982351477209454, -0.2347519511376393, 10.64088110892966;
  -6.006050618357969, -0.3299737024531503, 10.68697034781683;
  -5.970279528828748, -0.08386280610682176, 10.63241429341407;
  -6.017231246323781, -0.5639211157610656, 10.72245627800863;
  -5.98191114347643, -0.187399350166099, 10.6674863413486;
  -6.067001134302149, -0.6642528217165109, 10.81956154248062;
  -6.042108888170194, 0.03469466416566901, 10.78058582189303;
  -8.511020725923238, -2.013572225381857, 14.82182744481952;
  -6.026699269791584, -0.5304827119315577, 10.79649049617873;
  -5.961682192864841, -0.2298199078666388, 10.69256404345947;
  -5.842382499477779, -0.3896897161524461, 10.5486759771846;
  -5.849503942776739, -0.0954690858707101, 10.57829966899014;
  -5.91780474149333, -0.184000182207935, 10.69375629589288;
  -8.462438255630685, -1.528573133156411, 14.89040180554591;
  -5.801409923050095, -0.3063268675524475, 10.51889771693927;
  -8.473252147935341, -1.750498494344594, 14.92865080226303;
  -8.355311962872909, -1.339729619527517, 14.79044521584747;
  -8.357965769332546, -1.683976008388413, 14.81562037711567;
  -5.833023187166611, 0.02181810032821394, 10.65781228312332;
  -8.354277399931183, -1.801020837566836, 14.84880843761942;
  -5.793603515508761, -0.1876494987550549, 10.63229080592434;
  -5.807206532887968, 0.2931726926519339, 10.67791965264573;
  -8.264354635127059, -1.308587004938066, 14.88100315720408;
  -8.230667079464814, -1.958063093455865, 14.85248518478473;
  -8.180626962209804, -2.05629975768466, 14.79109366126098;
  -5.662808900955722, -0.1365127256554128, 10.555031330219;
  -5.762411412789098, -0.2975311681189474, 10.72959818065055;
  -8.13736476958082, -1.68016291470997, 14.80464441809044;
  -8.177279339299684, -1.461156510236443, 14.87383404595428;
  -5.536857159526416, 0.4705218043771757, 10.3873883361415;
  -8.046433707880674, -1.857722140642013, 14.65749477490061;
  -7.960940033866523, -1.381982210798298, 14.52192275393933;
  -8.038360892778178, -1.179004943781862, 14.6636704156759;
  -7.973822112902267, -1.596903993901972, 14.56607417201608;
  -5.653313872986339, -0.3841085115046888, 10.62100399400552;
  -7.680198280394391, -1.887538066657018, 14.11907410336016;
  -8.028181977379621, -1.866982113970386, 14.80631323511067;
  -5.609342539229965, -0.3803643272497406, 10.77032617655677;
  -7.890267031751717, -1.66422766941701, 14.76154544042854;
  -7.853754088556195, -1.440124779709633, 14.69913183116947;
  -5.714908969911227, -0.5294094881018672, 10.99964138554459;
  -7.78526455235959, -1.821534963476206, 14.68641181147957;
  -7.909719990988349, -1.1831945025099, 14.90989816151493;
  -7.83547930376018, -1.614041413457046, 14.78393117241377;
  -7.737985365832419, -2.104229232397555, 14.67585876341113;
  -5.604398223795573, 0.5857474963094304, 10.98608813346945;
  -7.74064105932764, -1.938089699339175, 14.82686256351046;
  -7.720916648889953, -1.364173708323982, 14.79378858677796;
  -7.735929543158647, -1.535431735645852, 14.82978844149128;
  -7.047121391548631, -1.050344711504543, 13.76226940455207;
  -7.138276318593694, -2.443140922166659, 14.50266717187584;
  -7.015485708463213, -2.07794589537885, 14.30190184933995;
  -7.467523532539596, -1.271948133218657, 15.17972997978015;
  -5.625197018867496, 0.5785857257066679, 12.12118553736741;
  -4.251367531873662, 1.587084587767046, 9.439596237988221;
  -5.413836408496954, 1.416107198368954, 11.97905359781713;
  -5.496572079072202, 1.044408561871707, 12.32685298318562;
  -6.908992779190559, 0.05533011943103988, 15.44903796302597;
  -6.605264378900708, -2.117950841158432, 14.87018474034225;
  -6.623705985173646, -0.4528210540642642, 14.90911685948343;
  -6.492236523459939, -1.417742925759715, 14.64884709654418;
  -6.442483799042456, -0.3873467650248006, 14.57146908284613;
  -6.490360404638629, -0.673026109311163, 14.7433005990432;
  -6.506807153999741, -1.351412672297393, 14.79926790452969;
  -6.467476201714647, 0.06453824958784328, 14.85135312732094;
  -6.412119419409566, -2.072799783289827, 14.79161243490103;
  -5.417182681936712, 1.435461374783302, 13.09702141266218;
  -5.371705192852737, 1.462964439043507, 13.18536467294643;
  -6.185201851004083, -1.358038260252132, 15.89394521618783;
  -5.211112173938321, 1.366248751755425, 14.66946582974027;
  -5.16351732276122, 1.528768832796659, 14.5592485544008;
  -3.863002513891858, 1.588381818243059, 12.80606181454343;
  -4.286337552957785, 1.684843408992716, 14.49407510577283;
  -3.65719988451909, 1.579993154304811, 12.99634864775945;
  -4.258585250849595, 1.635220773350174, 15.89906088078756;
  -2.790146005679328, 1.671819195043209, 10.94588541640018;
  -3.936832611650758, 1.555539208148554, 15.49757030029736;
  -5.206996530830685, -2.047846389311527, 20.73583127080668;
  -4.048247350263457, 1.598110871728484, 16.39624021873597;
  -3.710177929104447, 1.506847434913664, 15.768772497614;
  -2.452726209176838, 1.77197995552888, 10.84070558142333;
  -4.548255563878293, -3.631723511764233, 19.62291276025714;
  -3.420038207292688, 1.698779740830688, 15.29498359748863;
  -4.682443085040121, -3.996080955157861, 20.61283290134522;
