m=[34.22831361461285, -7.803366527966308, -41.17256593440744;
  -2.855607685151649, -0.3733047274244513, 4.927226474743073;
  -2.779164192362144, -0.7209784429896403, 5.075217281750037;
  -2.682061603355361, -0.4669223092982885, 4.979942977567679;
  -2.668908179930317, -0.7257696086622388, 5.061849777349172;
  -0.8296287325976315, 0.5944657825963928, 4.026123883800127;
  -413.85839764462, -162.765313993321, 1648.109011164676;
  -1.255946176006801, 0.1157955892334208, 6.326647039659602;
  -1.818504136518863, -0.7104526453118725, 9.411377985298968;
  -0.8575101233453399, 0.5801909250059422, 4.976164394325217;
  -1.103320640985572, 0.09143317252148295, 6.24329244983935;
  -2.09945970976176, -2.793305129128705, 12.76457201866471;
  -0.8206101656205639, 0.5879248424740535, 5.803182562710661;
  -2.730333592019265, -2.870289484439518, 17.36746733809623;
  -2.455524366963592, -2.232809599318092, 15.80438771050001;
  -2.7264741883455, -3.131751296869598, 17.36796751567713;
  -1.70824152845307, -0.9789978822650979, 11.36059688056978;
  -2.623418691549623, -3.212273063906143, 17.34790882809604;
  -1.749050645506999, -0.9754037970161068, 11.96705001329552;
  -1.542640674143201, 0.291053808577516, 10.85599846175436;
  -2.451216110801515, -0.7514034252442223, 17.18257153895782;
  -1.640171650063944, -0.8201880186500157, 11.91692630097335;
  -2.666147904841369, -4.195922532273782, 18.83656736731604;
  -2.344674576840493, -2.827906693447975, 17.04472527283858;
  -2.739817368852864, -4.300759403559267, 19.77186994117002;
  -2.607817193448137, -2.037008194300563, 18.95644225908911;
  -2.313919864867628, -0.3486933638511696, 17.47889249957443;
  -2.267967591550487, -1.481471716381938, 17.18270314462497;
  -2.531407376909941, -4.143463123586235, 19.12579807236433;
  -0.6460675608905838, 0.5564780634469404, 5.730804953554426;
  -2.151354193765345, -2.242477210674596, 17.01084834965192;
  -2.191571287995278, -2.733330551100856, 17.35690617937904;
  -2.392434505856897, -3.9262782247462, 18.90016648111857;
  -2.244672695707903, -3.514043396700721, 17.88242644091314;
  -2.164076259597301, -0.3400655427889649, 17.37980670870303;
  -2.233126430679168, -1.914259219693663, 18.1558334489281;
  -2.220266158110468, -3.454068602553147, 18.08085715980507;
  -2.154556628365733, -2.68197011335343, 17.76817815965881;
  -2.045450617767423, -0.1111743841730167, 17.79620745654862;
  -1.904095281955645, -0.3098414822345951, 17.2179245174686;
  -1.855680949974545, -1.836683533843541, 17.02514402126794;
  -2.073197228527919, -3.941812809823159, 18.98230995141283;
  -1.633396089544037, -0.2134707976088084, 15.65613405287269;
  -2.027220697800482, -3.182098719268281, 19.08716082910946;
  -1.756213067079517, -0.3743918576075312, 16.94635753789287;
  -1.810830347661952, -1.798159476073689, 17.6982899479453;
  -1.789380613138192, -3.135696527197314, 18.02594578445726;
  -1.756075812411643, -2.646330854557966, 18.59136766968841;
  -1.546263401364178, -3.456707440564626, 18.30660479249452;
  -0.4428395515585947, 0.5567324188656478, 6.007980200266164;
  -1.403273403910659, -2.428242646455715, 16.79451870487422;
  -1.645345966562799, -3.598446301506458, 20.20874871801584;
  -1.509525462158758, -3.241662002393166, 20.07830152710391;
  -1.55074105370327, -3.500735094332682, 20.78200130809876;
  -0.401717401735104, 0.5779966986167116, 6.4342137982253;
  -1.743052823875905, -2.55710184235864, 24.89452194962905;
  -1.384693285087796, -2.393747075646818, 21.3508571701649;
  -2.468464602010405, -2.302591565113989, 39.08019151840658;
  -1.044647729873965, 0.3665367631507441, 17.31570304499023;
  -2.362226049676516, -1.824792847268934, 38.05272233942967;
  -0.8767448346386233, 0.4008800260868673, 16.03484298116577;
  -2.439011351338688, -3.360211189059673, 43.04634937554189;
  -2.789747060897422, -5.267079053609363, 61.9836389665392;
  -3.570205572096804, -6.437517796125074, 84.92591217185679;
  -1.561138478934307, -3.745721296969442, 45.53694118127246;
  -2.099670017131703, -3.138783583270144, 69.64938178187211;
  -2.152195444021809, -5.549240269866935, 73.61839679912343;
  -1.663677885249106, -4.936211747385753, 62.77708548848896;
  -1.626366176324558, -4.458385733877563, 66.11662912543464;
  -1.134012127029034, -4.770377777701389, 72.44652571062001;
  -1.136507836401584, -6.117810405833901, 80.25596064140531;
  -0.8493083097602755, -3.95339042079768, 65.17798088414769;
  -0.3912376605250676, -5.180368597531856, 86.26592287109361;
  0.1395738008354416, -0.04507476171376196, 15.08242364880191;
  0.8656066732946882, -1.926281034336722, 46.66685469493324;
  0.3673661881229176, -0.07845795645938136, 19.84307283902752;
  0.6571736895061765, -0.3762902663108744, 34.1485984475372;
  0.3296791151868444, 0.09865594859110209, 17.45951497152953;
  2.721925508325003, -5.768946157500217, 112.4629379265167;
  1.236360075638132, -1.884053148681858, 47.19095366361185;
  0.155915816382272, -0.09604453238254156, 5.762968954352498;
  0.7399997531763303, -0.05082893965768764, 23.91562249052145;
  0.8550285181133515, -1.102186447167545, 24.12152144005927;
  2.342275946454241, -2.27271713966331, 51.54188222006684;
  0.8253618510237113, 0.1671360185013381, 17.93668639371178;
  3.778419729350167, -1.127498959087958, 78.09015011826814;
  0.8680449603624129, 0.2802063519679354, 16.15075448503096;
  1.622121101459688, -1.428570400700795, 28.70467888351387;
  0.8832229548207987, 0.07430847752086815, 15.17641141216793;
  1.994519364540869, -1.995951689628539, 33.1262605420556;
  1.533020021062134, -0.4995484613965334, 25.25768498067331;
  1.990046454489552, -1.786219211053184, 31.74829700259592;
  1.308857191477232, -2.372528084376504, 21.05100291521972;
  1.71807724961357, -3.648485482811899, 25.64542628389214;
  1.855718614384475, -2.618769413152148, 28.55503398360971;
  1.949220683125797, -1.640032288027708, 29.4081060256479;
  1.736539323314357, -1.08342461552955, 25.9573253395672;
  1.911620530484797, -1.976196307092022, 28.56630753732525;
  2.021259068093436, -2.584866954290377, 30.03230543775142;
  2.069618334731614, -3.343500199404899, 29.90988590492188;
  1.873236275252962, -0.7105980426881626, 26.76592664922389;
  2.105088733759777, -2.816556348752833, 29.91671871502001;
  2.14029895815619, -3.647733989795474, 30.25458505427038;
  2.157388248345125, -2.205462921430293, 29.77862921836936;
  2.136113525296451, -2.921407384735026, 29.170488033843;
  1.095601771893062, -0.005241331794576589, 15.27617604708266;
  2.158187345531719, -1.847641069050354, 29.15942567184123;
  1.840002717772379, -1.163683277706207, 24.55717459008234;
  2.588422843533012, -4.672276494547515, 34.22159851995322;
  1.042897555087251, 0.1128869215442081, 13.92905287422509;
  2.634879337032999, -5.338329813614217, 33.46750986331598;
  2.666178826688904, -5.007454285858243, 33.75462143023354;
  2.680361181397642, -4.670115373957317, 33.46122274013847;
  2.748747566037852, -4.930498998458504, 34.20812895419196;
  2.755796518301085, -5.083634141035973, 33.60770730062469;
  2.700535189372829, -5.123449362223018, 32.88127953536677;
  1.216699167046777, 0.3571440606927276, 15.15248514893569;
  2.823452448726525, -5.420547706623547, 33.42004483603176;
  2.484307385458799, -1.946268640729268, 29.24928176447383;
  2.281897597383336, -1.106818923114807, 26.60133005009635;
  2.915462104561409, -6.188075930205417, 33.67779784128014;
  3.463574623280567, -7.190163407935961, 38.11456961329812;
  1.70284475997961, -0.03593266788595442, 18.96209476752978;
  3.184419977360261, -6.862261770189462, 34.04134943752985;
  1.519483046253059, -0.08280364391270124, 16.39726343333955;
  2.678467780805317, -1.142108176333496, 28.12479524461082;
  3.246001673746682, -6.481404606580751, 34.05864274751916;
  3.125221890550356, -5.334947417614676, 31.96854695053247;
  3.176520136116904, -4.718085032267108, 32.17477645265025;
  2.972137469070683, -2.558971023488479, 29.79072351949579;
  3.345691286539811, -6.843210760457182, 33.5221399018084;
