m=[-2.55826761360014, -1.006134546928128, 10.18779353262195;
  -0.6774349225044677, 0.05613964050024368, 3.833359206578061;
  -2.440701855100199, -0.9623471519794438, 12.44364432682713;
  -1.595099302624516, -1.832203044864143, 10.1609738286476;
  -1.669154929324922, -1.75471519507566, 10.61738162765437;
  -1.54570384888929, -1.89265360293298, 10.22129236638525;
  -1.568123865727819, -2.467877438328053, 11.07893181148763;
  -1.381234801608141, -1.66590416396052, 10.04095321510199;
  -1.40092708667781, -1.094286809040883, 10.18345668343718;
  -1.314785318151132, -0.1981299881162804, 9.931627963830572;
  -1.313652487679351, -0.8580982430711275, 9.952567583014298;
  -1.480442982173227, -2.423221548281454, 11.18534053150204;
  -1.222359400665644, -1.274133802416333, 9.665247337585855;
  -1.286290801684051, -1.604263555149571, 10.18722452083723;
  -1.395913646244116, -2.290865367247037, 11.02767922912459;
  -1.305091399536123, -2.04312540683553, 10.39715099466335;
  -1.24649497906989, -0.1958757182244588, 10.01066469054783;
  -1.279694995602784, -1.990821816118518, 10.42126518890088;
  -1.274166420748134, -1.092228717923232, 10.35926717068334;
  -1.219271534539505, -1.517736768969453, 10.05507748809146;
  -1.067188841908176, -1.056263563766816, 9.791038557369499;
  -1.224077999533053, -2.327364841312356, 11.20772672860482;
  -0.9690875522787245, -0.1266513946384281, 9.288723491239221;
  -1.146342280222045, -1.799396733515723, 10.79330903218693;
  -1.010611391549407, -0.2154434921901097, 9.751767763317899;
  -1.04444580294259, -1.037137532089346, 10.20797154148605;
  -1.077756212445379, -2.011650013449679, 10.77801693800737;
  -1.048349337269881, -1.8371191416909, 10.56091039438301;
  -0.2649177574711559, 0.3330513351806261, 3.594124860762402;
  -1.016859475217786, -1.532363571663194, 10.76537142563227;
  -0.9213280371632082, -1.612595205501417, 10.37245991490185;
  -0.841823954984569, -1.45670317887083, 10.0750346431419;
  -0.9500972586171835, -2.077905823955437, 11.66944651596928;
  -0.8936940585113151, -1.919181983918056, 11.88708586214246;
  -0.8756344928749459, -1.976709387873131, 11.73467171252536;
  -1.241423760067748, -1.606045888583868, 17.21309286164226;
  -0.9788361687469277, -1.43597700321229, 13.97987379050082;
  -0.7751723219080667, -1.340055952226371, 11.95253396948107;
  -0.5900153591042497, 0.2070193748100972, 9.779881253812773;
  -1.318648264573732, -1.23003925958136, 20.87655082555594;
  -1.286444721295134, -0.9937639652004112, 20.72313265327522;
  -0.5252298024942068, 0.2401544082233048, 9.605961825249517;
  -0.9739149432653468, -1.530799883049991, 16.51460197151203;
  -1.372089480108887, -1.890319379170746, 24.21614114376914;
  -1.736129641111695, -2.961804963687457, 34.75587102819014;
  -1.406267341960552, -2.655051192430555, 31.24497142994664;
  -1.41746448263659, -2.555862021970104, 33.7177962804035;
  -1.026775623850047, -2.792737344740031, 39.42367245879095;
  -0.9032305992325597, -2.679928328711569, 34.08242968581107;
  -0.6901338753537927, -2.903142941911752, 44.08930059291004;
  -0.6623124346465965, -3.565221263606313, 46.77004327186043;
  -0.6238462202697661, -2.903901495984973, 47.87547296089394;
  -0.2007646079593075, -2.658319419384099, 44.26757935884674;
  -0.01826426581443534, 0.09274216405866897, -4.922915581758348;
  0.03099469466624437, -0.1347746096502709, 3.972396645929423;
  0.2589897950375791, -2.126701693662641, 36.37214647091187;
  0.4093478486501551, -3.149414898310696, 52.93242685621078;
  0.1530349026447707, -0.04942196694016093, 16.53703790343072;
  0.359354993215775, -1.298471379420676, 25.01958820624022;
  0.3685076678796698, -0.07870174092281317, 19.90472920994517;
  0.3226994763201904, 0.09656730280951287, 17.08987945725333;
  3.514577774836032, -7.448921687005651, 145.2132840962763;
  -0.09382188401555613, 0.1429724394032518, -3.581112224871586;
  0.623954670444257, -0.3843576356858649, 23.0626467418629;
  0.7134360507342609, -0.04900433792948818, 23.05712561018033;
  1.373247388950137, -1.770203716770538, 38.74118305218304;
  0.6251322228182987, 0.002162466116786085, 14.45662392218872;
  1.664939344146073, -1.615495471261073, 36.63706136308934;
  3.549792433542108, -1.059275453890717, 73.36501603321625;
  0.6415538612852089, 0.1299148463142248, 13.94218838715999;
  0.7326818804007143, 0.003869488253773499, 15.26888850909849;
  0.9320258714565185, -0.1397551487412304, 18.8490118724781;
  0.5736474112227941, 0.1851743351490453, 10.67322422534983;
  1.066769872907849, -0.9394834105937897, 18.87731231464268;
  0.6156737506889938, 0.05179867531018153, 10.57911604893067;
  1.109041521322634, -1.109837957808786, 18.41967495549902;
  1.08641013044238, -0.3540165827267444, 17.89944322808925;
  1.359370017976968, -1.220138773927762, 21.68677166796435;
  1.340215909252704, -0.2387548947782208, 20.85599061151947;
  1.123750862811953, -2.38638205016039, 16.77402452083345;
  1.229706444081585, -1.572597793603309, 18.2712449435117;
  1.218863358249797, -0.4623666155299417, 17.41585280689443;
  1.261409378260576, -1.687734362803169, 17.92666928890434;
  1.361518454470454, -2.320450199342313, 19.24599165306375;
  0.6562693769264089, 0.1197982419681093, 9.665032508166078;
  1.31731403291686, -1.346668712832059, 18.18300724520799;
  1.315347999699098, -1.798905963710005, 17.96222093591067;
  1.352062533986236, -1.157511311930053, 18.26781490730111;
  0.7175329799592077, -0.003432660039440465, 10.00469367852992;
  1.272666089198549, -0.8048793796875876, 16.9853462962071;
  1.49445181490042, -2.697585560426637, 19.75818214736961;
  1.623344737628397, -3.360678897209107, 20.95610941416329;
  1.586681678917653, -3.21465578792669, 20.15359261153684;
  1.606621977618253, -3.017459304321933, 20.34031479551805;
  0.6662113927622345, 0.07211307847041222, 8.89799162912022;
  1.600758338051059, -2.789074165230407, 19.98362447359815;
  1.662462307641576, -2.982001273626204, 20.68932254963694;
  1.649918861866312, -3.043615085664468, 20.1212207835893;
  1.68248111493477, -3.230077118214092, 19.91483664697728;
  0.789402671006962, 0.2317174886619058, 9.831035125960018;
  1.539654901926202, -1.206204220421242, 18.12730594856562;
  1.507659508829458, -3.267648869994561, 17.87855224276353;
  1.796291370162318, -3.812633123903813, 20.74975954368075;
  1.512949836597215, -0.7338460370831194, 17.63728486270055;
  1.907302881161178, -3.959441004041864, 20.98872879741994;
  0.9541523527978101, -0.02013409584447161, 10.62500103452192;
  1.884182324230186, -4.060316297333904, 20.14184980597508;
  1.938674795536962, -4.020262133936742, 20.46015164228441;
  1.953922795978671, -3.90146570569748, 20.50151699018031;
  0.9382930999796378, -0.05113192143080952, 10.1254431077664;
  0.8677420644515111, 0.261968078548375, 9.377618239626585;
  1.824421546583581, -3.114400628005526, 18.66238875577865;
  2.030487911786955, -4.153119800030715, 20.34446516978224;
  2.240483646300742, -3.335448535989343, 22.26165217073722;
  2.006498503111799, -3.231927747824648, 19.79812462503171;
  2.059504271197775, -3.888720925665663, 20.25674679842305;
  1.776290193204715, -1.701219778066367, 17.52911123187811;
  0.8880463978240438, 0.1800352968425442, 9.10475374958126;
  2.142292292525315, -4.015066334314327, 20.16005343644551;
  2.136395377051382, -3.697824441211306, 20.11886735099253;
  2.169883865944287, -3.583780522373688, 20.25771385715708;
  2.172237399447011, -3.154084270758676, 20.06668553713112;
  2.307440419693418, -3.410146097303028, 20.7403764791815;
  2.158259156618553, -3.360944681514281, 19.34011449469173;
  2.432252803813172, -3.349534751142762, 21.54570276377717;
  2.266488154178255, -3.411229059335529, 20.10081346730333;
  2.323564099755721, -3.364994146422768, 20.64915631899545;
  2.285413902833195, -2.460282307738259, 19.24117833433263;
  1.373756781942639, -0.01800149636203458, 11.77577215465569;
  1.460555792259236, -0.3945587863917945, 12.35874765790444;
  2.258611281781779, -2.24095874816067, 18.38176016737532;
