m=[-25.59697092427464, -0.7018622406633044, 31.85942086504776;
  -25.25196342386424, -0.4920621862661471, 31.64012337196523;
  -7.611457273781245, 1.29425818802743, 10.28466213228037;
  -24.32065077763692, -5.876587074572901, 31.04299585423097;
  -21.87986286608931, -0.2864942662660057, 28.49834668903956;
  -22.70639865014811, -0.9611880050290123, 29.5662063456429;
  -22.14889805022874, -0.8128679433247409, 28.87262818250407;
  -24.0580812551536, -2.061120823375975, 31.32331106703346;
  -22.72665870765342, 0.3610984996522789, 29.67079790981482;
  -24.44467931561889, -0.559118755538649, 31.91633440607922;
  -7.356006517265797, 2.119462134383999, 10.29938185071556;
  -7.227653019240308, 1.880112328579318, 10.19593411551224;
  -22.09414677258435, -1.47878848975613, 29.21576636316003;
  -23.46234079432624, -2.79767734872755, 30.98265389494662;
  -22.69806050146105, -0.8421275078892863, 30.09095925787233;
  -7.267011226611366, 1.817693213985388, 10.32775358527189;
  -21.98239180260057, -1.542848917019136, 29.28260417362585;
  -7.231925746567413, 2.131412080014999, 10.31659296672589;
  -21.74440565992624, -1.338754822509444, 29.06314070253423;
  -21.6800948648503, 0.409537974512879, 29.02149526073929;
  -21.44721093179099, 0.008624642928813001, 28.73922086135699;
  -22.45213200503864, -0.5294751249109108, 30.22015075740529;
  -21.69790043275585, -0.3679856638674032, 29.26422047768778;
  -7.167899026489554, 1.806120090771934, 10.33388734625262;
  -22.32527817184965, -1.577622377719554, 30.13480830064639;
  -22.5294519721583, -0.2398149472425226, 30.51353109354588;
  -7.113413121336882, 2.135475443073708, 10.3274793473477;
  -7.079649414756748, 1.883084802918068, 10.32767835849694;
  -7.038436095364881, 2.086134365482388, 10.29826991310094;
  -21.63661299449904, -1.002331375603874, 29.66373571873222;
  -20.56298416004749, 0.0394872080142967, 28.31691610361035;
  -7.033994932124181, 1.850382027468653, 10.33849651540438;
  -7.020068924360438, 2.051304434375239, 10.32143526622017;
  -7.007237965843602, 1.988172296308869, 10.31382836938967;
  -23.04490382600204, -0.6829450624274801, 31.75151317943314;
  -21.55127953102538, -1.772546789233098, 29.7821750014007;
  -7.028550114923485, 1.903126327895576, 10.3912320364282;
  -6.971941657045107, 1.796820096498476, 10.32465160589016;
  -21.80062999185812, -1.221200741105153, 30.24920166008371;
  -21.78030263395159, -0.9238699223834535, 30.30414430905642;
  -21.0473164870705, -0.701796331653574, 29.38159883754532;
  -21.27518342494572, -0.4269423380138105, 29.7260092740799;
  -22.80415497412722, -2.901687446033938, 31.86788547955664;
  -21.17365081130424, -1.027892925740602, 29.82436129327355;
  -21.85033107685566, -0.287140233464718, 30.77707689455595;
  -21.20480730343426, -0.4023190564207921, 29.96176401680857;
  -21.4207851618991, -0.4312118260413993, 30.3009661109392;
  -21.17146980513444, -0.95632993185316, 30.0096114252376;
  -21.59555662614052, -0.7335313507611941, 30.63579211642523;
  -21.43955186727564, -4.411833174931832, 30.50650121168293;
  -21.14253803248839, -1.374264048336248, 30.11760513801821;
  -21.77225849472734, -1.238305986180251, 31.10382213255753;
  -21.53839186979658, -5.843827881540042, 30.78219322610648;
  -21.2977209826958, 0.2112096593489428, 30.46469497511072;
  -6.671516121317294, 1.588965053626422, 10.21416164632615;
  -20.76261759774304, -1.365901126199471, 29.88811246925777;
  -21.59056739560113, -0.4512571775841721, 31.18064878835725;
  -20.82110944067092, -1.575455518896192, 30.18034845783909;
  -6.921673679170184, 2.383898389737174, 10.68826287363684;
  -20.79234625136586, -0.9979398719472216, 30.31310203820014;
  -21.9283163933916, -2.13508837102706, 32.07078399492298;
  -21.21892025213854, -6.209746593345122, 31.22144352124865;
  -20.31365873180749, -1.426250888379387, 30.06726174569884;
  -19.28898007940191, -0.7463222089862935, 28.73608188226394;
  -22.16674301813637, 0.0287363100882354, 32.90941999364799;
  -20.51745787718384, -0.2352139699229525, 30.54729405027587;
  -20.28740329486349, -0.8143233512763649, 30.47308755132648;
  -20.3827043710409, -0.3419130729885376, 30.62905185972872;
  -21.13800800463784, 0.1315193953118175, 31.75125495037714;
  -19.80818048746784, 0.5116008712439257, 29.87217017781427;
  -20.28881237342224, -0.5702107017203332, 30.56860080109665;
  -21.22312893205838, -1.724392343123445, 32.04007012744474;
  -21.42504268253063, -0.1769534368528965, 32.37504334823862;
  -20.15223835414733, -1.765941075054306, 30.71282946519189;
  -21.16736541908907, 0.01299157221267223, 32.22817560683883;
  -21.05739290192097, -1.561066714259067, 32.19102797830762;
  -19.49026333598127, -0.4110441438180414, 29.98199236869599;
  -18.85948230705584, 0.4352412418043631, 29.23881797753085;
  -6.381672272317376, 1.391132445333287, 10.57590783566187;
  -6.311149394144013, 1.330053430626674, 10.51680269580847;
  -18.20990671719665, 0.4136643141621912, 28.56980045233877;
  -20.80605509047433, -1.206680484123218, 32.56116921054882;
  -19.81759892995957, -0.7718210482926794, 31.10338128541092;
  -20.14307370182439, -0.9833156712581507, 31.72938474441306;
  -20.04100930544291, -2.079424814842017, 31.60569162504199;
  -17.51096333348908, 0.3868712268957761, 27.81632828718075;
  -6.187723540313929, 1.697147348986208, 10.67555690972188;
  -6.150983046567808, 1.427990239592729, 10.63349134133097;
  -6.138659556626043, 1.399246458183158, 10.64432694488784;
  -17.21243365567547, 0.3548392106622855, 28.12284828744602;
  -6.145503073053388, 1.375675335647694, 10.79337296147673;
  -6.261950075387719, 1.509293439922253, 10.99271505784025;
  -6.114581832296278, 1.675690705447936, 10.76812390975583;
  -16.87023162112911, 0.3518133676516543, 28.08782648853804;
  -16.49682471044565, 0.6074910356376333, 28.52724999116926;
  -6.201704165473502, 1.729770817821201, 11.34721906527352;
  -18.17204501800193, -5.992581333727705, 31.37280170714892;
  -15.52052860510284, -0.8820224787219445, 27.02368495904176;
  -16.75488893229795, -1.139311920678447, 29.10646326630501;
  -6.057319249924588, 1.342117896722403, 11.22193939371259;
  -17.75991455067395, 0.2057818393590251, 31.06907773660911;
  -15.14558281653017, -0.9012830968667285, 26.69807689052447;
  -6.221735501873215, 1.554108781282446, 11.54281759996618;
  -6.013853703000089, 1.394677246153919, 11.20992342300657;
  -17.63508118834395, 0.1103101309574002, 31.01150422436992;
  -16.31159660110473, 0.659220174409683, 28.80518900526968;
  -16.42778271825204, 0.9033649115621769, 29.03561868395292;
  -16.90497709522915, -0.07980330396890131, 29.83106644058648;
  -18.07515725500787, -4.734463860962898, 31.90702437965037;
  -15.53421250874825, -0.7513251536113431, 27.57103550782599;
  -16.14866680322251, -0.5732352334578827, 28.64260902350449;
  -5.301253196933614, 2.296587402002986, 10.10289514942765;
  -15.25028854691445, 1.27812803097128, 27.2768930345419;
  -13.99162262155037, -1.059359623835339, 25.10615006602901;
  -15.58439372027582, -0.6910852963912071, 27.89139696655255;
  -14.51717291697933, -2.107230424012023, 26.04796747721467;
  -5.994542159232344, 1.696843164844141, 11.33209259031633;
  -18.52366108127579, 0.7328925015302402, 33.05739645328235;
  -14.32189421509523, -1.638462274000063, 25.87784967096091;
  -14.17751502208193, -1.895279235214457, 25.6258635848691;
  -17.79993792707275, -4.734597238301831, 31.91908276444915;
  -6.249820814617246, 1.336965906748825, 11.83573007494217;
  -16.91206412450229, 0.1962242150516369, 30.41471330595482;
  -15.56643489235592, -0.5126739942484399, 28.1273128439007;
  -5.318065956493485, 2.302964954774646, 10.25775529927598;
  -15.41937958236963, -0.7812056282594641, 27.9466311267158;
  -16.20817815225626, -0.217494254074835, 29.36104996308755;
  -15.19071419925417, 1.336928089676675, 27.65634414335134;
  -15.095318425888, 1.542772609259553, 27.51860541313836;
  -15.0719986585332, 1.920211521455523, 27.50672370225122;
  -14.14522850217366, -1.991065009826991, 25.8704033321673;
