m=[-13.24197417517635, -1.088359307558021, 17.11160424295016;
  -12.23876401331356, -0.5180809756416831, 15.9362049353827;
  -13.16139011153204, -1.127571851460194, 17.13595993653003;
  -11.88867180958341, -0.7957234651991813, 15.72075452979567;
  -12.92031134900597, -1.54063325209063, 17.06161965041469;
  -12.62337324943899, -0.4683435333614546, 16.73488402770508;
  -11.58411730305164, -0.7132084061766937, 15.48310109545634;
  -11.81442399407126, 0.2231750046635098, 15.81507147868613;
  -11.4670718059782, -0.1944758684931492, 15.46577829516762;
  -12.01991087666197, -0.1279460457497479, 16.27957594041465;
  -12.12131397001759, -0.3592200509258058, 16.70087509051801;
  -11.06758150843671, 0.09640014258782494, 15.34249785359718;
  -11.69083962306113, -0.9615466314871806, 16.15582179545653;
  -11.65718919221797, -0.4944709288582414, 16.21929453671939;
  -11.13882877749797, -0.3714102545931441, 15.54956418608513;
  -12.1272537014426, -1.543117903744705, 16.94734720833011;
  -11.48517102843399, -0.5575574168223009, 16.17755451432015;
  -11.48306786428244, -0.1509016396979805, 16.17436648448636;
  -11.40090750343157, -0.5149868760258072, 16.1602764107612;
  -11.89799451018485, -0.2395129730395229, 16.8304161456465;
  -11.54387507390752, -0.3921081740366883, 16.37632051373607;
  -11.47016748620913, -0.7455603854405035, 16.33928597814246;
  -11.42474934500354, -0.6497872284564734, 16.32138308582458;
  -11.8037072924896, -3.202599070458815, 16.86959736169238;
  -11.34267428009268, -0.7461954881342366, 16.32795686717358;
  -11.192296586384, -0.846879244181788, 16.22331470775207;
  -11.76284619478379, -1.145309820877605, 17.20349582296707;
  -11.28254705429677, -0.1506253551115648, 16.6056754080979;
  -11.47303656984184, -3.357600146865109, 16.88138505758491;
  -11.86855030437679, 0.01538603761343492, 17.6204102859362;
  -11.46653430915219, -1.110747831183476, 17.1006167967681;
  -10.94432707257967, -0.1835874392847442, 16.44601988890825;
  -11.10696081961141, -0.4458262807547792, 16.68342589565743;
  -11.70631897735656, 0.07283600199656404, 17.58398039677791;
  -11.13134130457033, -0.3128428524817074, 16.7712886519623;
  -3.214808530780692, 0.8817465324631962, 5.546445506268933;
  -11.42826173869063, -0.09438815230761094, 17.26906567550532;
  -10.9716386990083, 0.1353162408085281, 16.65532702365769;
  -10.91130614047581, -0.9561579888713948, 16.62927357476236;
  -11.4051198849225, 0.006999947118857413, 17.36475934491378;
  -11.17652504388602, -0.8285594189346054, 17.08586775503292;
  -10.91535171294937, -0.6243527170570734, 16.7519904336122;
  -9.946213222714688, 0.2295398210737588, 15.42012199750909;
  -10.95774912169432, -0.7088250864103011, 16.89916286460355;
  -3.227659334757149, 0.7225138912008285, 5.668751699983595;
  -3.278963115934085, 0.7903157101296315, 5.75614733185167;
  -9.650017535487248, 0.2192140765718862, 15.14005972859171;
  -11.00061304255966, -0.6379981699618511, 17.21579709084532;
  -10.85094118105308, -0.422603405534743, 17.03036589107869;
  -10.82216276301927, -0.5283008144293009, 17.04707886976545;
  -10.6909071196492, -1.109272353450386, 16.86010462176825;
  -8.98657305349556, 0.1874068240792938, 14.9620532973015;
  -3.148199148117586, 0.8911439880065112, 5.95136096995806;
  -9.836717163553416, -3.297448609437284, 16.75158925599991;
  -9.803642081992548, -3.232939522486149, 16.92532231466103;
  -3.248749536028825, 0.7578697270632722, 6.301843023230925;
  -3.280357212468203, 1.216877313287786, 6.364091330081505;
  -9.722490237242514, 0.1126532404455745, 17.00846049188046;
  -8.769757122188546, 0.4822495526621247, 15.50028559044887;
  -8.417075436720198, -0.4070988788064192, 14.93912134954838;
  -8.680625782928759, -0.3081394029533572, 15.39667474779807;
  -9.790488333333864, -2.564443149312334, 17.2825799263139;
  -7.706431784679123, -1.118621897673732, 13.8275465643805;
  -8.390928033277881, -0.3720932036855972, 15.01724795295954;
  -7.68077608174382, -0.8787009355030059, 13.87818998063708;
  -7.651501262228441, -1.022868354428252, 13.83009132841155;
  -8.346950006908978, -0.2749032922069685, 15.08227643389419;
  -9.6390032154594, -2.563873997250599, 17.28478732125765;
  -3.406855045113984, 1.14267110624183, 6.763697067179899;
  -8.130253420382971, 0.7155400352692788, 14.80200888631099;
  -8.78669076109402, -0.1179068205518434, 15.91705520652661;
  -7.632892126041385, -1.074396531212598, 13.95990159234759;
  -8.100265721481506, 0.8278638270653504, 14.76669851155573;
  -8.099037264371894, 1.031838246544671, 14.78091826654893;
  -7.682774452043642, -0.8502617761873011, 14.06930163002906;
  -7.728615175683547, -0.6666364797393856, 14.24497891861164;
  -7.934389253703225, 0.7580575605816237, 14.71495381391301;
  -7.951650024074381, 0.6515992137784031, 14.7583216797781;
  -9.427685362471795, -2.552193724101632, 17.30840923049946;
  -8.159910294507411, -0.5747340989119527, 15.13880543935305;
  -7.725712916009854, -1.180127020041263, 14.38357084136648;
  -7.719041024897808, -0.4397681635561682, 14.43903667159642;
  -7.64699540973081, -0.6730581593742481, 14.32317799317093;
  -7.640821389681689, -1.248168752753581, 14.39052349650868;
  -7.636476230072253, -0.341691996635875, 14.40709289718129;
  -7.769871472263795, 1.179884191507856, 14.65612840231697;
  -8.01588658831513, 0.001197354739665976, 15.10672653400303;
  -7.777405350548586, 0.6667467281076703, 14.71651892259196;
  -7.665359321333654, 0.3166900898778491, 14.53375723674408;
  -7.677933024278592, 0.4687679945456303, 14.56473813082579;
  -9.191340041360064, -2.56086743408971, 17.24076153263836;
  -7.757822723035053, 0.5802234422493146, 14.71202113254736;
  -7.667477155529277, -0.595050007964762, 14.56668666299166;
  -9.118952552025235, -3.244341182468284, 17.15197638618297;
  -7.650739273451582, 0.6129009004810002, 14.64014215671751;
  -7.657187413430016, -0.5203950158419446, 14.6873949910281;
  -7.666949542676139, 0.9962215453281483, 14.71048256587458;
  -8.058708351374085, -1.291253059104175, 15.40816791959814;
  -7.705596986365805, -0.8413655277216362, 14.80044942758065;
  -7.582674669179274, 0.06690316038790295, 14.60355795592871;
  -7.413377883773319, -0.5215360574925663, 14.31708097997903;
  -9.145863751835453, -3.370724845727196, 17.42951760629208;
  -8.953139604312051, -2.53314736302346, 17.08837376975579;
  -7.639150035614785, 0.1993414289241402, 14.79170332731272;
  -7.361960057934609, -0.3313639807455607, 14.33813258861603;
  -7.693239142313306, 1.0961719471665, 14.95819420855965;
  -7.618903096467729, -0.1632104906698551, 14.95315289786979;
  -7.374256604737346, 1.19358489153288, 14.52827807404913;
  -7.55815130230201, 0.1293088321106576, 14.92331579870681;
  -3.112520225719451, 1.14045378736032, 6.734446552928377;
  -8.128425711662757, -1.194161316085354, 16.08130216296317;
  -7.513911655069181, -0.1192370774841378, 14.95991093630323;
  -7.643752088081, 0.2329321665692684, 15.22313143406592;
  -7.480142932059268, 0.3287127005362817, 15.00607273581303;
  -7.493230901843105, -0.1909381191405979, 15.07708571475348;
  -2.752708775747974, 1.189575884614757, 6.163511370860436;
  -7.985391623138679, -1.139288215832833, 16.014098283961;
  -7.925680222517491, -1.134761732196325, 16.03111149298312;
  -7.569906378710655, -0.1181793942536744, 15.40744892088187;
  -7.403073473832347, 1.122883248037865, 15.12538011624591;
  -7.403993068239331, -0.1502464092760655, 15.16253579947826;
  -7.527351322011483, 0.1120728378101285, 15.44377971628713;
  -7.527338711007785, -0.6793414325122829, 15.46209526975055;
  -7.625057485813433, -1.11572047146407, 15.74138740449382;
  -7.297672292062706, 0.2615503082452138, 15.11724251997853;
  -7.39028767536821, -0.007487988943393472, 15.40531279692466;
  -7.416351848139111, 1.019183048949968, 15.59642795778279;
  -7.229980639359718, 1.100403366983319, 15.24703008050589;
  -7.601406215865111, 0.9258073682004337, 16.00902011211374;
  -6.67441576664253, 1.173833648578424, 14.41168854173271;
  -7.237023722575142, 0.8731086574652061, 15.5437330224282;
