m=[-7.820393634455931, 1.262281447737412, 10.75424893595909;
  -5.90300351714715, 1.494630982534386, 8.383515556226234;
  -8.327721547490821, 0.4960589996374417, 11.43380143814202;
  -5.951958688479284, 1.513619437272914, 9.008445835807766;
  -5.567162379366732, 1.602558016428927, 8.561482277264821;
  -5.977064005156509, 1.510223697975083, 9.319864609237783;
  -5.956718643092221, 1.507470495142004, 9.422902786384055;
  -5.811075151948064, 1.624442138679213, 9.899340413700925;
  -5.875706684695229, 1.435059461091495, 10.32419365085022;
  -5.867920937515936, 1.619985430379086, 10.31283038714225;
  -5.72378705917804, -2.004283474281946, 10.25632750122006;
  -5.976378678477671, 1.20630507762322, 10.69339495028772;
  -4.483186073799803, 1.681722000917374, 9.725131855668577;
  -4.308307216434288, 1.651161225054971, 10.09839441613549;
  -3.537451589559481, 1.777958953279954, 8.606874888290824;
  -5.284661854169964, 1.815391917972061, 13.61110939982444;
  -5.919494188764096, -0.645484015911617, 15.91901595727237;
  -6.223890840869458, -0.8451716762988429, 16.71603321355258;
  -4.671537876539656, 1.601094182101861, 13.13330544413049;
  -4.513559746952816, 1.613977340207353, 12.97989249333677;
  -6.137656284371009, -2.327747322760945, 20.04757366829264;
  -4.104527563639938, 1.971978775851156, 14.46398343917124;
  -4.695785676170722, 0.0407464968481737, 16.5604632204327;
  -3.70908635387348, 1.670431295065569, 13.61156710227385;
  -4.453672084097303, 0.2667511983873542, 16.60480962677448;
  -5.955356936188831, -2.215229192741381, 21.95483889851732;
  -6.259276063182455, -1.995139657686492, 23.30126746527599;
  -6.341196633877993, -2.34756424186592, 23.98208020784173;
  -5.669434079012623, -5.274438229270904, 22.87364262235061;
  -6.814604981506955, -5.603814945761715, 28.05010158946266;
  -6.062951925647278, -2.309519579003642, 25.2987163638183;
  -2.960140247391517, 1.817696720237695, 12.92762894835353;
  -6.341209167708749, -0.9788062174577977, 26.59121390484019;
  -6.369327746606345, -2.207572815997627, 26.81783416313511;
  -5.965181639858192, -6.20747937876396, 25.91159669315932;
  -2.587635112592988, 1.863274205560746, 12.13752421236808;
  -6.347545926004704, -6.766624845093898, 28.66840284925118;
  -11.10198502975925, -10.50596943083413, 50.8792287500152;
  -10.60590714007004, -9.131521793677019, 49.67044122642311;
  -10.22612396071185, -9.648542009768114, 48.22321847490326;
  -9.332528945906208, -7.446997102019656, 44.34516288605283;
  -8.150201155964663, -6.457134594259172, 39.79635841834643;
  -2.432901858340454, 1.7341754274515, 12.93862151919119;
  -10.17735186177331, -9.609347836808707, 50.83141665214642;
  -7.178985406548723, -3.432224895712695, 36.32699287148868;
  -2.449789680275626, 1.785111863482547, 13.15219002820495;
  -7.115499100963796, 0.8773223131086405, 36.31146249379609;
  -8.812149450091171, -10.90240924435973, 45.09118891778353;
  -9.082077343510942, -9.927878825594165, 46.79496536105394;
  -9.939968985773808, -5.814867317153642, 51.2319192713862;
  -7.800704383244507, -5.849384002393397, 40.57836132155057;
  -5.587605065919895, -2.461210746902847, 29.58987995600465;
  -8.870634440474744, -5.470674728952035, 47.19383956915618;
  -8.939617204970164, -2.640460149458984, 48.1593651967746;
  -9.073111592216058, -11.29776318487776, 49.14152239958187;
  -8.180895858385897, 0.7282909161255895, 44.64870438369124;
  -9.121915988697293, -9.658676549913823, 50.76295371560772;
  -9.02960402309049, -2.750335749455689, 50.41803614848487;
  -9.845387102003484, -14.04284582540733, 57.33270966354754;
  -8.250888781719418, -7.533963767099564, 49.24268662080142;
  -8.338698490062898, -10.95393374788931, 50.02926421828752;
  -7.821004880588865, -8.521031480115967, 47.04714102756472;
  -7.221581628920267, -3.580733568926791, 44.40830230174046;
  -7.622818494493832, -8.228074652107878, 47.33576872469551;
  -6.834328022468263, -5.609906276313345, 42.90799929867834;
  -7.769858872733574, -9.124676288882609, 49.70659330748322;
  -2.019998404223424, 1.762803367095639, 14.79653141819769;
  -1.80441236396816, 1.737682085782489, 13.80268291299971;
  -5.353142149101916, -6.899691150748533, 42.04866894072984;
  -1.749670650010972, 1.843425648244689, 15.57204802719194;
  -1.108549807510097, 1.665321228804794, 14.88022621350612;
  -0.6454451503033813, 1.721624426004697, 15.93121771992458;
  0.4015932336509612, 1.093697706051843, 11.88024827924832;
  2.645987500542671, 1.642834862400648, 11.5725163064042;
  2.879352458407902, 1.625207762617583, 11.95284596461675;
  4.934009488410943, -3.581954004074599, 19.11423058528944;
  4.419428880771133, 1.458253502231975, 16.79344219730264;
  3.188200869401713, 1.615745004008446, 12.27484807314371;
  4.984450155351456, 1.315384556236652, 18.56427963303074;
  4.997394521104746, 1.176615750824978, 18.52260327105716;
  5.26576962672003, 1.088861091805411, 18.56214896508464;
  5.095505472625808, 0.7246125293112686, 17.802044738515;
  5.143915740090515, 0.7774235495786702, 17.82855282835117;
  5.208975388675185, 0.3188102006542125, 18.03659423130937;
  5.262480584336064, 1.10941962555218, 17.73003152092858;
  5.153108113813652, 1.192395212523324, 17.32515320579624;
  4.930231353181037, 1.385633982141328, 16.61137402915378;
  5.078243053777443, 0.8792921454558861, 16.93976029218296;
  5.128450453267944, 0.6628509217713309, 17.09351944497305;
  3.26034282820404, 1.662694057170991, 11.21616165298852;
  5.1192818040488, 1.363908831874577, 16.82022825424534;
  5.14288891762299, 1.095241470258531, 16.85308626844262;
  5.130869620756796, 1.289187007863706, 16.70168859550382;
  3.172101835537275, 1.626723146803152, 10.54057159645022;
  5.130963796821327, 0.5608385098238379, 16.40238476218838;
  5.324539323858092, 1.575149148494054, 16.92751433391237;
  5.081679107980262, 0.8570107261737464, 16.14166096537259;
  5.163183262014623, 0.8773486759527387, 16.11866102297736;
  5.133286910431109, 0.9632358616702528, 16.01333413938784;
  5.022502196797188, 1.219488278536695, 15.67903592720494;
  5.142871435068402, 0.3616733728959805, 15.92391063229865;
  3.681721617929538, 1.601315720326239, 11.63890246027288;
  5.191328118118645, 1.01497974807708, 15.97240146664834;
  5.200231834849704, 0.4302363155726081, 15.91647939899701;
  5.117015257971961, 1.431433566732881, 15.54384095332812;
  3.427353900502623, 1.676262348068048, 10.62892638359113;
  4.859699108193584, 1.451030844858738, 14.59673699148789;
  5.196904364042493, 0.4654172447685731, 15.35438610921722;
  5.259222619188631, 0.2617896092713438, 15.4728055307992;
  5.19117092061584, 0.2190576748438578, 15.21109749469735;
  5.250295985745421, 1.036156116665839, 15.24964032702344;
  5.409869901973686, 1.341466979702129, 15.54234000713301;
  5.210373439879353, 0.3028126410224853, 14.93648350372055;
  5.214118143871351, 0.7514297720708574, 14.9505116108208;
  5.26801329816715, 0.9989230695956219, 15.07584911395981;
  5.234386627059334, 0.4484634514673352, 14.76076347258472;
  4.346372444333384, 1.531665240651517, 12.40818326080277;
  5.157053450232181, 1.302542651645677, 14.37136518077708;
  5.227793232676372, 1.378962570064427, 14.53905817666928;
  5.19883961152059, 1.231827311497785, 14.37031599609841;
  5.238308432722618, 1.151752302088411, 14.39410750735022;
  5.280727656602652, 1.464059922696724, 14.48042576513578;
  5.390803104921429, 0.3863664375731374, 14.73686314867409;
  5.343228885567891, 1.257836928298032, 14.50726665176433;
  5.317969609553076, 0.5565925673099366, 14.39874817389513;
  5.392733423289661, 0.5294103395968307, 14.40675817879743;
  5.370392390823258, 1.449604397954585, 14.35956169817224;
  5.396210218824754, 1.309330799899442, 14.42435695476439;
  5.343983124301039, 0.9878080292770051, 14.2794944985075;
  5.37918317009743, 0.8742038715224824, 14.35899610198788;
  5.381955464856837, 1.194558514183108, 14.37687552425397;
  5.293772492067844, 1.077171988697386, 14.14527364135746;
  5.418224013118996, 1.300922261706902, 14.33023905289091;
