m=[-2.052656903952665, 0.1229431980326028, 7.653005536919012;
  -2.891472966592512, -0.9216548889272035, 10.76402195447042;
  -2.928876304922164, -2.328624710201694, 10.91337638239126;
  -1.443161450367015, 0.9003322469368694, 5.927422006476697;
  -1.387684167376786, 0.8521180582539281, 6.060343265546393;
  -2.750694813911924, -2.559050812013501, 11.09782903543916;
  -2.853250677194451, -1.086869627798093, 11.90568232808619;
  -4.334649559445859, -3.534294394334175, 19.96900254004095;
  -4.851034634902629, -4.17666569256827, 22.71875734324812;
  -4.700012521497774, -4.434551002347784, 22.16379652053336;
  -2.98590370480035, -1.427540585674957, 15.10922455703668;
  -4.415753005845897, -4.568733946470271, 22.04619384886884;
  -3.040492679765497, 0.3748847456730677, 15.5160916103569;
  -4.666644505847604, -4.406196316731096, 23.30784613384267;
  -2.639381135165331, -1.162586320687303, 13.97718164156398;
  -4.294435552415036, -4.694370481128093, 22.12687200512806;
  -4.412922147385928, -2.581553001292415, 22.74478638005408;
  -4.258131527218208, -2.626063862153684, 22.65425066362527;
  -4.159781299119549, -5.17972511863014, 22.53008615736832;
  -3.606718304304751, 0.321082216852385, 19.68431112578952;
  -4.254721593989578, -2.786944195980369, 23.53506046020442;
  -4.099050784228524, -4.34025107615445, 22.81098899568293;
  -3.927263607088261, -1.196208988621217, 21.92841657291584;
  -4.168775614290389, -2.931978274625211, 23.33744615120753;
  -4.035851468800072, -2.981055661156408, 22.69067485566442;
  -3.935841195927944, -2.377069951953615, 22.29158846279199;
  -3.901392043067677, -2.299824586788656, 22.56416762713518;
  -4.162820119585175, -0.6768370908346285, 24.02454785313135;
  -3.910818642638973, -1.500987925564892, 22.70436980914665;
  -3.865371867174655, -2.488577012769571, 22.47037203002444;
  -3.811396507006062, -2.345993815408181, 22.68649776341612;
  -3.716830995027344, -3.393873167580517, 22.18267010411353;
  -3.90358372549115, -5.127850294542364, 23.42013227046549;
  -4.126369937997982, -5.87441480649556, 24.94945219220622;
  -4.087345618022762, -5.560505728047974, 24.78167591292922;
  -3.686764716383651, -0.6295738599339653, 22.43999865140419;
  -3.60309729670278, -0.3917539816692865, 21.94515994536832;
  -3.611300877610535, -2.744857462017929, 22.28728372308888;
  -3.993241549611535, -5.373753193036695, 24.64250206638828;
  -3.662803768286094, -3.953632486887808, 22.74508204344259;
  -2.668354866491693, -0.07611143270901803, 16.97259694579772;
  -3.562746288287809, -4.183976454723829, 22.79217469845285;
  -0.8413867996270019, 0.8102708660843011, 6.436109303139343;
  -3.306896709824041, -2.831787345069086, 22.43184372397675;
  -3.71955231404319, -5.993326579903189, 25.50687741124108;
  -3.140838328522793, -2.888538082916918, 22.08662271640323;
  -3.534140793241872, -4.731855366866109, 24.81090782515619;
  -3.251958069796796, -0.7115562603421813, 23.01849672223514;
  -3.136011786219306, -2.666134044354496, 22.48598674222517;
  -3.25574556073374, -5.072380805685882, 23.89029119701214;
  -3.234347720774225, -4.744120578922719, 23.86872075407618;
  -3.030245325020569, -5.039766017598365, 23.33721038648039;
  -2.902420768172638, -3.74094435233131, 22.79837273293123;
  -2.92827987402188, -5.152767338871155, 23.75991202364301;
  -3.067948009121911, -4.452012634068391, 24.87872346596215;
  -2.910483363635922, -5.096178196985816, 25.32172663023356;
  -3.372908873984709, -3.967977977933747, 29.44771579934459;
  -2.81254401817596, -4.780162679260783, 26.14054544256462;
  -3.022801226243594, -5.3798481121727, 28.20986935828452;
  -3.778196103240671, -3.417724467991145, 36.20574626734955;
  -2.943672910980463, -4.549179895321672, 28.38195378926365;
  -4.835715777285971, -4.943935454073871, 47.19890727222942;
  -3.37920484813644, -3.897750670755785, 33.40345871333926;
  -3.417472933345233, -1.189842424208681, 34.92870865063449;
  -5.152570064243482, -5.126953012773027, 52.36104647754652;
  -2.860911701070349, -3.810341800551816, 29.65986994876909;
  -2.292446355489104, 0.4350922925441021, 24.66278477616935;
  -0.6029994709693193, 0.8208740233503837, 7.271243734351474;
  -4.846141491164556, -4.669664161751342, 51.52031956402239;
  -4.704055706035164, -2.42849330957772, 51.09948150702804;
  -4.611353155823833, -2.887142764159429, 50.99097627245583;
  -1.838738064126929, 0.4793570774241328, 21.25915854534183;
  -4.248037087375773, -5.237747165824906, 49.42082908393141;
  -5.083679188689606, -5.321360145742638, 60.40635606735686;
  -5.561411654329656, -7.35363728088168, 77.79557938364071;
  -8.818918031119427, -10.969034140161, 129.2227210799475;
  -4.001515597494055, -6.127837942183707, 62.37441526125369;
  -4.036381781753031, -6.205921062227215, 78.1610772627823;
  -3.748908419629354, -6.841135291862506, 92.14592995711364;
  -4.229429164207475, -9.209176765120393, 108.5716435692918;
  -2.839974146683264, -5.108127430467421, 74.3843133900894;
  -0.1994870718957585, 0.7993243680457625, 7.503293417073832;
  -2.739084698373665, -6.351291425493225, 93.09636879927631;
  -2.006068347300988, -5.728666078056993, 91.01463972162624;
  -0.13298258139429, 0.7826565926932068, 7.432949098275088;
  -1.506912635333939, -1.899990932188674, 73.10149967848223;
  -2.146656039957146, -8.378850872505641, 125.4359778927093;
  -1.777493836412313, -7.177524464051442, 106.3568398280046;
  0.3071552117246528, 0.5761759340751118, -55.15632893017332;
  -0.3355801120733012, -0.01224398938565699, 65.29612262398466;
  -0.01469300666031598, -7.82036696644117, 133.5265186607107;
  0.05331316529356638, -1.766552719307679, 37.48035811288636;
  -0.04768124335281683, 0.3896698256463418, -16.67440078513312;
  0.1264495152759774, -0.7799033054154634, 19.5534580804565;
  0.1685919015456024, -0.1978540421507403, 22.51052700670007;
  0.5538563921798564, -2.717771484962124, 50.75413283690502;
  0.5780822120831821, -0.1667447663571919, 27.05296260740709;
  1.274407832301379, -2.966514373037946, 57.54325539154415;
  0.2115361153669667, -0.1872608451540818, 8.676359856499374;
  0.6689294765562357, 0.1092971586112528, 27.43622089187419;
  1.327225022943499, 0.3237038304683153, 45.73603348356846;
  1.066193985985753, -0.9130849968799769, 36.11755740313478;
  0.2124907170705455, 0.8055826073920054, 7.836214874231837;
  0.9352686695096772, 0.3427619305547495, 27.30789242251626;
  1.485132758447233, -2.517747775068462, 42.80418715513925;
  0.8757158142078169, 0.5699902358441942, 24.97874966755522;
  0.2586235415758786, 0.704334511767153, 7.650805908374355;
  1.510499073978247, -1.042324615403625, 39.04232668678233;
  1.82401619515219, -1.248436558967135, 46.46764672344565;
  1.754060657261731, -0.7417498782334822, 41.3422047917884;
  1.818334687753366, -6.439032617266579, 40.79492637654445;
  2.02292309242374, -1.412353244860479, 41.13319329691734;
  2.137127503954518, -4.561759050796295, 43.09733712482007;
  1.310928040061929, 0.7424222632970917, 10.6697849644795;
  1.577572394264672, 0.8395195836501183, 11.71697044945788;
  1.82679584890643, 0.7786845668906045, 12.86659553947595;
  2.821999426688672, 0.5521248774893194, 12.91044548931036;
  2.845385279428191, 0.6356773440830507, 12.82878523273539;
  2.768064115813036, 0.5488250675837681, 12.04235427872585;
  2.751874809434998, 0.3909211086212646, 11.97612146608477;
  2.770711977561108, 0.1142067522607159, 12.04202400398266;
  2.788709939292632, 0.6396571740255655, 11.86027823410903;
  2.778451477799875, 0.5531830398917571, 11.58099411809882;
  2.726491799106092, 0.3154558734721943, 11.34322265575639;
  1.397337985318893, 0.8604769527749395, 6.300709834745959;
  2.667858621986391, 0.745330138018433, 10.61547800657042;
  1.403242738656991, 0.82342919259738, 6.009901185346209;
  2.804374268705494, 0.695081777153971, 10.62863088273902;
  2.724871826997099, 0.7190872026492571, 10.14861840001181;
  2.740972332950904, 0.645350533344038, 10.15928257930898;
  2.777968038919788, 0.56432060220623, 10.2389023475378;
