m=[-1.769594197845907, 0.82619819760136, 5.253447320932359;
  7.438264916043111, 0.9510655951509704, -18.42203797826406;
  7.603390608642399, 2.440364721850433, -18.85973461735589;
  6.924960525746615, 0.6946764327958309, -17.11368818429013;
  -1.753914209563231, 0.793029599533695, 5.821919653657352;
  -2.083042353973228, 0.04094173010052875, 6.739050000510256;
  -2.024782106336862, 0.1370759679313004, 6.917420646991817;
  -2.830950561045577, -0.4106828113320895, 9.820278091762392;
  -2.834070493620953, -0.8596210830192991, 9.849158756301319;
  -2.818054928243917, -1.000658498880273, 9.964066290716774;
  -1.399612351216947, 0.85715498377188, 5.486762093618222;
  -2.796904234169635, -2.269296320304474, 10.27329506537646;
  -2.795230250343829, -1.017800864110538, 10.90570822551859;
  -2.821327025353152, -0.9311324169815591, 11.12979834557891;
  -1.161330677773363, 0.8193973086414949, 5.510957791565748;
  -5.328645729868011, -4.332687659830617, 22.46908026869303;
  -4.710056574916031, -4.305111311494911, 20.57266389347815;
  -2.784730994492804, 0.2492832538846718, 12.7663092196504;
  -4.580645637550203, -3.804636225474174, 20.42683456889573;
  -4.572691208109089, -4.169291300126839, 20.52998654598622;
  -2.934099063220976, 0.3735685900779827, 14.11282324427174;
  -4.353407164816182, -3.961841761339117, 20.68489552361087;
  -2.769263393562881, -1.137708698517385, 13.68735049576509;
  -4.288771004709644, -4.841084400571417, 20.93162826593334;
  -4.180756742839981, -4.408175159824559, 20.45022754399093;
  -4.066274696961556, -2.27878106399422, 19.92151609657445;
  -4.181862958566977, -4.628760394963315, 21.03640947913214;
  -4.067361718792596, -2.406830074241136, 20.53035394646867;
  -3.520832274875275, 0.3417450027870189, 18.18344469956991;
  -3.880269801157662, -4.660182445756558, 19.95820083542489;
  -3.778532394100755, -2.376989173262294, 19.89546352922041;
  -3.909732126746505, -3.961452786816478, 20.58746917790861;
  -3.795774843199363, -1.082375131154561, 20.07976446955047;
  -3.550343919709317, -2.391099482123688, 18.92737821443827;
  -3.627992109773373, -2.573065987246054, 19.38602258838007;
  -3.691366861258142, -2.13021712203992, 19.82618461431051;
  -3.91202550488186, -0.5752761826632646, 21.41526192208333;
  -3.535706463228672, -2.16810789861812, 19.47011372893615;
  -3.623157054379623, -2.131077360992493, 20.3997481121951;
  -3.56790045086884, -3.119364822938483, 20.14128646259168;
  -3.659544276316931, -3.830607693410142, 20.82913702322175;
  -3.773377565183155, -4.759572896135969, 21.42470717703985;
  -3.290303476599082, -0.2935975536263282, 18.96202440477238;
  -3.384776141391356, -0.5244808487929158, 19.49545254347156;
  -3.679636646317216, -4.791620158697466, 21.12515594897248;
  -4.006196859624221, -5.478418939146352, 22.9512926332297;
  -3.427003631861941, -2.48508831075842, 19.98463979317137;
  -3.69131689811735, -4.766452227188155, 21.55347839014915;
  -2.94608565218082, -0.03537376914960951, 17.43155790643756;
  -3.484616699900368, -3.602723473135097, 20.43251817664404;
  -0.8670199083344502, 0.819952517464752, 5.890168847775114;
  -3.463047477249285, -3.88394418047502, 20.8892158518045;
  -3.227377515917403, -0.2453404634781235, 19.88312876687363;
  -3.393988650377764, -0.8829343618393414, 21.28813938974076;
  -3.100953008701226, -2.527310257051898, 19.82450457251884;
  -3.513845963242597, -5.415670177488249, 22.73522915393397;
  -3.133230490241828, -3.877566499564406, 20.54369077683539;
  -2.912160631660106, -0.5809171562536369, 19.41980751640788;
  -3.029274655605266, -2.451920912553689, 20.42119366763524;
  -3.077982058458521, -4.294103265580773, 21.34143653082641;
  -0.8265710801175429, 0.8462457670472184, 6.537176297431863;
  -0.7967070357727246, 0.8441350746404174, 6.417201934706948;
  -3.1322647811743, -5.392876213724862, 22.48140842761027;
  -2.905044807010087, -4.849893099776835, 22.06638305197831;
  -2.726446785802362, -3.755071949391935, 20.76410258597759;
  -2.774908694014627, -4.914394634268381, 21.76024341983442;
  -2.653673037870968, -4.398277890725836, 21.62228979880888;
  -2.826331287284654, -3.138034723719675, 23.13476921829311;
  -2.716799507900344, -4.343016601810421, 23.48834535417753;
  -2.956072920581884, -4.9516965434346, 25.7004232818343;
  -2.671806129790068, -3.833043087778712, 23.80379382515243;
  -4.063171403283068, -4.017408999806345, 36.25145382702076;
  -0.6098643421187103, 0.7947530410560663, 6.453093147811385;
  -2.906812763450434, -3.136532300932374, 26.82968929283586;
  -4.151489447924059, -3.964929558193967, 37.99602818662076;
  -2.780891966266188, -0.8840038191089301, 26.55913107413259;
  -2.586317794542443, -3.223208992652664, 24.96295486286048;
  -4.160349041776271, -3.860490459098943, 39.61786706714237;
  -1.811134495683068, 0.3423930300426609, 18.06587554714322;
  -3.911460333001685, -3.506275822815208, 38.89632921785118;
  -3.299989851350986, -1.55577619492378, 33.4763805409781;
  -3.946611153554182, -2.754608222179021, 40.29976175672807;
  -1.710368013932243, 0.4502137372961433, 18.2061145145458;
  -2.438466815239878, -2.802448622535462, 26.46701332871583;
  -3.680917686238156, -3.55741953116764, 40.72727449501675;
  -3.699847489799573, -4.233143103611252, 45.06509693332509;
  -3.832423806910354, -4.656111150737567, 49.47044545848285;
  -3.364299195049787, -3.819638775890178, 45.22684985681993;
  -2.953266662311306, -3.753706329575715, 40.21509301977453;
  -4.264213014559148, -5.95065401100379, 60.88982412696052;
  -3.606843173351184, -4.945826190363319, 62.78304210169567;
  -2.579110620987093, -4.877577299481612, 58.31663714217919;
  -1.970143729018125, -3.051641826477744, 44.9828815935551;
  -1.722134555329026, -3.316742746941887, 49.26800135851079;
  -1.296714417189304, -2.918265871908231, 46.99911177031506;
  -0.544724824340539, -0.4913730824670527, 20.18933552710282;
  -0.4002937003943247, -0.3821894788038076, 15.45765521741503;
  -1.244076303541424, -3.682776595497665, 55.36730468199458;
  -0.1327720346330333, -0.05355714105404509, 6.604890689030327;
  -0.5534588645241642, -2.116981000150945, 36.11893716336626;
  0.04277808622866499, 0.0361013600336625, -3.929134976990654;
  -0.06720793882510343, 0.007461389492868862, 6.512517506369305;
  -0.4949408353774539, -5.051799090622811, 87.43225026451692;
  -0.2370592369288587, -2.544307002716486, 54.89945034053734;
  0.005598610758605264, 0.08187727022355272, -3.665719650890638;
  -0.07641069434091813, 0.2430328447313066, -33.21075584673282;
  0.2768683179167616, -2.611687779019776, 49.88804589768178;
  0.08189074835248804, 0.8670978148443291, 7.468312092151347;
  1.094062204319797, -0.3234868056684054, 67.08058630606789;
  1.064511393316031, -3.188048259723464, 62.86716186702953;
  1.543311919158214, 0.4287871552077492, 79.46629021711065;
  8.026062095387115, -1.731529885761621, 392.42802909781;
  2.442946708511313, 0.8653949474972338, 101.2523844873997;
  1.162349984013424, -2.285795000732681, 39.40172176058901;
  1.300628653676785, 0.648226171117045, 44.57408047322323;
  0.9250937855854817, 0.7577028265863806, 30.5669883796475;
  1.009205411064688, 0.368129068116822, 31.71129893095636;
  1.2656509965007, -2.582141633953278, 37.07246511504404;
  2.188916808058288, -3.9261742043841, 60.33910611849946;
  1.484632500790519, -5.157667549130816, 40.68531153589662;
  1.445419866134055, -3.800322710277861, 36.94900786761671;
  1.516198020614953, -1.831213833254272, 36.94205190172622;
  2.625952749379148, -1.986494727810341, 59.37738708581547;
  3.486700391119779, -1.512941335488711, 71.83077784981548;
  1.26984670704856, 0.9022982766466946, 10.77193041994186;
  1.35019066528363, 0.8215720196412261, 10.94247908352203;
  1.609335357622681, 0.9093899993885526, 11.88393432467701;
  2.011618208118041, 0.8281105951086296, 14.28008920395847;
  1.850300756824377, 0.839940704107418, 12.98334848674756;
  2.8969730696643, 0.5562808469547866, 13.81082169259267;
  2.925864801918131, 0.6874777903103695, 12.98643102754236;
