m=[-5.938163420597599, 1.53442780143003, 8.533811661465022;
  -5.81233823337269, -1.961934212797616, 9.061455876515394;
  -5.679355416509885, -1.93708880382997, 9.041264353919699;
  -5.878958996216622, 1.207092935960818, 9.387967268362287;
  -5.161513806058538, 1.542047219644458, 10.09792871198675;
  -5.928451044666492, -0.5617178319068666, 14.53551042504978;
  -5.611709621399421, -0.5629378546182392, 13.86824492130318;
  -6.029048935246824, -0.7708815266081082, 14.93189200862899;
  -4.492094892223428, 1.55499623091033, 11.439071477051;
  -4.242421671370184, 0.287208216210423, 14.4937152353021;
  -5.824634590403836, -1.766709298891661, 20.24217495911174;
  -5.765780937686968, -4.678124229540975, 21.17826135465338;
  -2.888215948716602, 1.768810265570546, 11.32238778246212;
  -5.649208899289723, -5.097616755792521, 21.25622510257342;
  -5.780826518532024, -2.104917913331567, 22.55413746531111;
  -5.509974059793849, -3.98343490851129, 21.9551550538701;
  -2.649365480196299, 1.758818104452213, 11.24645248537611;
  -8.862668980543656, -8.100704497133089, 38.71051381991727;
  -2.434463272646553, 1.717678428522871, 11.55245839746117;
  -8.620179423008361, -7.159830621694808, 38.44064635442147;
  -8.407050849116413, -7.665386174073097, 37.74508991941194;
  -5.754971417826173, 0.5151729211497087, 26.38306709535517;
  -6.009113249498666, -4.556391965165654, 27.70572787811326;
  -5.700769148980607, -0.5998404133721271, 26.59888134361127;
  -5.578291166787262, -2.50357915627311, 26.5599759511033;
  -5.403988989885394, 0.6880342156996865, 25.99283111611129;
  -8.251363164234697, -7.509197723622671, 39.20574816869274;
  -6.875905901228824, -0.631061997542639, 33.22332874524073;
  -7.870270118530449, -8.88381353475425, 38.41136966572908;
  -5.461363960499821, -2.243716252514322, 26.99331630427788;
  -7.889425882297921, -8.318582816181271, 38.59123225974766;
  -7.541473297380382, -4.226317163847758, 36.94722882295969;
  -7.541645838142902, -6.73171982278522, 37.05474482957939;
  -7.826806981624865, -8.663223671964168, 39.3719063036948;
  -7.424448608360342, -8.916721477403456, 38.18771477533291;
  -6.288969721452664, 0.6104306616143633, 32.47957420844625;
  -6.828143293669304, -4.295430339005502, 35.95286786043791;
  -6.360623145746839, -4.283777305446067, 33.90936841096719;
  -6.625381350260277, -4.698892083851291, 35.40244538205484;
  -1.807320835578357, 1.549879638039711, 11.82849386480355;
  -1.788059336891358, 1.690992029787246, 12.1473236114761;
  -1.71173487991701, 1.813634605626284, 13.78743740157247;
  -1.258502843417593, 1.64003515684993, 13.31646321072894;
  -0.4806695882447158, 1.640449405958875, 14.07474440671004;
  -0.3291554659424451, 1.570572811950115, 13.69681882574563;
  0.1628790743941852, 1.724640357212878, 14.85432463775444;
  3.428120589229151, 1.671086255737378, 15.67569771194969;
  4.712277861782392, -3.651822557344183, 18.82343920602195;
  2.626929196466001, 1.69418389942812, 10.80238789070896;
  5.2829210345363, 1.536057331003333, 20.46662559468562;
  3.01607638835218, 1.767560396406682, 11.79503955766531;
  5.220323005687526, -3.704424392959248, 19.54555470020791;
  5.23861761138928, 1.114817475203781, 19.51805810728616;
  5.616362778424726, 1.433899574041516, 20.69596299486035;
  5.28230649543316, 1.034157936061389, 19.38592374480355;
  5.355817514619718, 0.174375208151929, 19.60471030480969;
  5.377418406933252, 0.371452626243454, 19.67576241258789;
  5.445884160704082, -3.182906453701391, 19.94488318479045;
  5.398038881051123, 0.05455850572037601, 19.73482383524767;
  5.488389371629528, -3.681969047063207, 19.81524190376235;
  5.427332538087833, 1.488922933385239, 19.60213963245154;
  5.208192536248413, -3.60607951365918, 18.83567827827125;
  5.459125932948796, 0.07773780988287876, 19.63900836560389;
  5.48140107337204, 1.352435918766289, 19.70860752329877;
  5.477402469834312, 0.5820809683000028, 19.5738289054821;
  5.424207421571584, 0.2835357294875093, 19.34795841195286;
  5.528945782121131, 0.9102888729814634, 19.66566060266822;
  5.550239447747414, 0.1213729786878728, 19.71695593015778;
  5.745631108225693, -3.250449654688659, 20.40401627354516;
  5.501049112787809, 1.436440919285259, 19.4596200081149;
  5.557021660247814, 0.8866867219956883, 19.62145815813758;
  5.635218759669102, 0.05404154398473475, 19.86043098246825;
  5.558895624691475, 0.7260643515662919, 19.59077980995079;
  3.189557847835403, 1.671749094451139, 11.57046580540871;
  5.863328619546864, 1.272275249471207, 20.43271175989575;
  5.504620416013006, 1.193418812440485, 18.80604302912014;
  5.494548433873288, 0.8257817175021096, 18.557708560658;
  5.357779465559556, 1.329404927299315, 18.02351287654672;
  5.49817242649954, 0.8809390367426847, 18.42485402898064;
  5.493816719018133, 0.3719936958239159, 18.40489529967024;
  3.388509918011822, 1.714641638742429, 11.52458433079459;
  5.586386570726507, 1.227831100204034, 18.17328853847982;
  5.538846904068713, 1.612925929020414, 17.94374144744225;
  5.468162451833818, 0.9982795410696618, 17.5693550425232;
  5.420086244148849, 0.7434191930235263, 17.40894831311254;
  5.406074100598861, 1.360089044873947, 17.17857849988141;
  5.394644183128086, 1.492279211480835, 17.05181062045955;
  5.486299325836855, 1.068708422849971, 17.31117876278691;
  5.546684435334628, 1.231147040506353, 17.48914829060098;
  5.519181043878936, 0.4760259430933966, 17.18666227157276;
  3.301107453285794, 1.734901459083843, 10.55779761978259;
  3.544119588347833, 1.69552936650029, 11.21235048902517;
  5.367511897815835, 0.6253461947882878, 16.48049714767782;
  5.413139860472732, 1.119624881205035, 16.42293442418452;
  3.582572576086801, 1.677926917505611, 11.07732584964066;
  5.61684316419382, 1.417272565968436, 16.77944534242931;
  5.429418088338692, 0.9638450379981826, 16.2501171010778;
  5.457821819899319, 1.072848233398135, 16.31935322222928;
  3.428990075167644, 1.812020131923577, 10.55125009331872;
  5.428915993368289, 0.4324428609029458, 16.11777984325089;
  5.39717860111568, 0.5832580386691644, 16.03141139458867;
  5.48009988469147, 1.545470031794302, 16.25217153119866;
  5.454419270385258, 1.114416204963171, 16.07793297106567;
  5.423446709775513, 0.4819701247986563, 15.90059774954149;
  5.447007590643682, 1.575623478220773, 15.81321895828736;
  3.80625817631667, 1.706988722053539, 11.24451314396559;
  5.271738350629172, 1.627070689568363, 15.06462368896043;
  5.226728164866981, 1.358742547955081, 14.89596007168757;
  5.375213751084639, 1.412534029674465, 15.25779433865266;
  5.472669622952219, 1.078327887915933, 15.26224809310181;
  5.516221769441674, 1.240419460226144, 15.31038522907595;
  5.440765586242021, 1.118168515686684, 15.07738728669675;
  5.530365094890577, 0.4227198286076124, 15.17857597972466;
  5.539706958575504, 0.357245192689537, 15.13330734353789;
  5.475916978591384, 0.8284226763913558, 14.9587308806315;
  5.536176963854433, 0.7046535126031061, 15.04238769955107;
  5.547181726674816, 1.16885116032781, 14.95981052336627;
  5.543030434005873, 0.5118853693017795, 14.87831942603716;
  5.452779123215769, 1.585568093176587, 14.52863028728733;
  4.642979770913621, 1.684715183897798, 12.43748304422003;
  5.394826334894743, 1.467242582523842, 14.2510814629995;
  5.467730425014865, 1.337954568967255, 14.34347021102056;
  5.682869320902195, 0.4393138796398816, 14.77677107788231;
  5.412123841183307, 1.233474052708418, 14.11752134605087;
  5.446136871479149, 1.552719265768757, 14.17517917838501;
  5.523166641396508, 0.477745498674274, 14.33393432863208;
  5.539860490123152, 0.6160137857506731, 14.24144729165755;
  5.583361656369049, 1.560830432903653, 14.34624060173615;
  5.53358903239323, 1.255367286161688, 14.19908083859889;
  5.627237427283347, 0.5863123269372423, 14.27034859219553;
  5.570915045802566, 1.546776628201171, 14.12601879876119;
  5.555360143043544, 0.9515025300220031, 14.07763874193522;
  5.48695658273882, 1.357692535888306, 13.90638220683497;
  5.541277458907276, 1.06391288666032, 14.04241155892856;
