m=[7.702178367918667, 0.6724430774350704, -17.35110987974149;
  -3.054751869406726, -0.9668876935368544, 8.356449896666581;
  7.954105567109894, 0.9569155986457912, -18.13738704997335;
  -1.461965193402293, 0.8954781181024358, 5.11442469203992;
  -2.98901273573877, -1.02509388714614, 9.583267108279138;
  -3.024383680124598, -0.8721519764302146, 9.826256384540464;
  -2.971297342936033, -2.241554222326839, 10.72391331547281;
  -2.980912657290176, -1.039007852534443, 10.92256133954292;
  -1.221880498703185, 0.8731585901424902, 5.207780215322763;
  -5.880695313023574, -4.516796249420976, 23.83174903214966;
  -5.165922697919545, -4.577046555171898, 21.58205159846543;
  -5.137041414725942, -4.133480421777654, 21.91180108918482;
  -5.118184049702538, -4.518756573657899, 21.95113870531918;
  -4.811024316682783, -4.633271493842627, 21.75392828664171;
  -3.012494965242883, -1.167517609457122, 14.02878694753527;
  -4.829346811802146, -4.259951831774099, 21.94848155772517;
  -4.812599575378791, -3.685040018843456, 21.96860260136534;
  -4.740108835780968, -5.174654160578265, 22.05920909999882;
  -4.563951248583724, -2.459710045819038, 21.34516106020952;
  -4.605521111991818, -3.975012051705216, 21.58560010863399;
  -4.4944162147426, -2.281006878950452, 21.1029597080232;
  -3.876817428862442, -0.3303849166425448, 18.56526471043113;
  -4.825286252842492, -2.743437603062204, 22.87505267782936;
  -4.534815031232331, -3.908687694245443, 21.68739363880838;
  -4.603541315233922, -4.916518095562307, 22.07185367883947;
  -4.408929473138947, -2.504945889636823, 21.25397045984759;
  -3.885566507564955, 0.4106555573440329, 19.04956139189856;
  -4.396651754507418, -5.10070759262467, 21.5327609760099;
  -4.246253008444921, -4.153547763667645, 21.31533381420836;
  -4.312695839015007, -2.592867232528623, 21.59695724339558;
  -4.736130814160995, -5.74946588862557, 23.7239909021729;
  -4.556622988181444, -1.217334598782758, 22.93903393383909;
  -4.32826717984278, -2.792313814334225, 21.90504576869221;
  -4.229397804407906, -2.873748100201198, 21.47708392857451;
  -4.286570846851649, -2.358114396223448, 21.88817486315518;
  -0.9151339469874037, 0.8555374667689076, 5.513968672782108;
  -4.307529736803506, -4.061421766330168, 22.26664227547668;
  -4.148960550176572, -2.223478240181836, 21.62511113221531;
  -4.339913803944265, -0.5630428527236514, 22.6399855895683;
  -4.063452176560189, -1.39431997515505, 21.26910435330364;
  -4.108365136605221, -2.411021744915736, 21.512861359698;
  -4.051808675676095, -2.26881427559665, 21.71337119876899;
  -4.075089966737237, -3.417083747873249, 21.85679579196226;
  -4.210040263243792, -5.120962483145549, 22.75697799920975;
  -3.6796773214744, -0.2767096428360535, 20.13398962839364;
  -3.914973598222152, -0.5433836931410653, 21.40891178927778;
  -4.111906947518972, -5.16369299715913, 22.46312491670131;
  -4.791160531366849, -6.314021714865283, 26.14006491965092;
  -3.88780756791866, -2.686147803497598, 21.51613574395025;
  -4.029007688580141, -5.013462790439567, 22.41555792183693;
  -3.773844817305936, -3.751796176617434, 21.05648839611408;
  -3.890631413346911, -4.191690611529432, 22.29117594994971;
  -3.650681640812936, -0.2200352658609279, 21.336122903431;
  -3.768625202128347, -0.8909552369363789, 22.42132182523156;
  -3.661464626810327, -2.845039521976441, 22.17193906507845;
  -3.470726669032223, -4.113758742156445, 21.58152414605212;
  -3.620366876715933, -4.429279711239704, 22.72165419248714;
  -3.395365928801446, -0.6044002463247372, 21.41879571245386;
  -3.30886110037471, -2.540695706103114, 21.11287588181283;
  -3.555748091372736, -5.058728222033966, 23.22547444225753;
  -3.549916313480885, -4.739460499006903, 23.28702607506903;
  -3.430234266066433, -5.187432912351237, 23.39581539500085;
  -3.128525580092629, -3.648844456212798, 21.74002529963797;
  -3.064932611475364, -3.609109848636092, 21.53875312288013;
  -3.213412018290541, -5.124977721648601, 23.02831305524273;
  -3.209061993723831, -4.228683034780072, 23.10837973114955;
  -3.166641558343376, -5.346932425300071, 23.38538868870785;
  -3.256877703856933, -5.336993634588342, 24.20789039497349;
  -3.330048618182792, -4.660857986248588, 25.54521480158085;
  -3.535923011374365, -3.708487963304568, 27.32423772298426;
  -3.107441342224723, -4.713239726773359, 25.30470627922492;
  -3.984151116446285, -3.869558067319935, 32.48872934953054;
  -3.222487213089092, -5.137531018298399, 26.46946075891875;
  -2.62097629228738, -3.634093221652572, 22.30797208342399;
  -5.847335551328721, -5.413913017963748, 49.25830446045949;
  -5.689136014730925, -5.097688447545707, 49.27573741633247;
  -3.074652071593393, -3.597920671203409, 27.82424154340137;
  -5.454668794844791, -4.733122523521167, 49.1192109014811;
  -2.213013695704027, 0.4629043203120932, 20.59072312835801;
  -5.160509140979769, -2.841079914018466, 46.9280298655572;
  -5.249072257503678, -4.387984398492098, 49.25870944118969;
  -4.688272740425514, -2.013714273947118, 44.81799052541689;
  -4.583175205591501, -2.425755311406091, 44.55292444277523;
  -3.248265615627631, -3.493689213300217, 33.23408550711754;
  -5.549705265373884, -4.975140523923497, 57.68630616400736;
  -5.359239795989217, -5.956577075562556, 64.48492723151294;
  -4.938446748308152, -5.101053420742871, 62.12838793795098;
  -7.34113102317073, -9.373541189576672, 97.04593414294345;
  -5.092429134301472, -6.256598102652687, 81.07208555118851;
  -4.158544844398972, -5.746701442919001, 80.23210067218;
  -7.190080386760427, -11.93063508847591, 144.8243898088042;
  -5.878641969791342, -7.982015773737983, 120.3809424278264;
  -3.112026473110049, -5.099088189763764, 77.62772569691065;
  -2.759016688938591, -5.066549038153494, 83.98890901154192;
  -0.4833179302631268, 0.09792177641849705, 30.47220897628253;
  -0.8243210868205563, -0.7882465590780052, 53.37641961694766;
  -1.58290138529527, -8.341995062658299, 149.9223666310942;
  0.8034002387078765, 6.891889479883286, -182.127203242068;
  -0.125240402193664, -0.2423961822570476, 45.66289566947894;
  0.02968527425531417, -2.157715679399928, 42.78332757611077;
  0.2220262224498357, -0.2042146339087528, 56.97839489078563;
  -0.1728781126252745, 1.676733422651099, -30.87171276278736;
  0.0430129867353567, 0.862288920711457, 6.779920307193883;
  0.8806771962460087, -3.568802770046692, 73.01719345659335;
  0.8146672411698303, -1.122678572582908, 59.34339307303655;
  0.4879571746162041, 0.2525474125521576, 32.95391677499926;
  0.9030716639423821, -1.052153544630698, 46.4525197847113;
  0.1330297641530491, 0.8348697214637051, 6.760192673532665;
  0.6665973225252282, 0.4611995317260805, 27.0533173088208;
  0.5799298229145746, 0.6218272807430971, 22.46382552143177;
  0.6062501181326789, 0.4547963039702482, 21.61048176214682;
  1.661967540229071, -1.353075730387397, 56.39879387138824;
  0.1840700743985048, 0.7412527110488593, 6.640637025326;
  1.519759430327167, -0.6834421339147186, 46.24790552066568;
  0.6338456249615913, 0.8320855525025481, 7.980359364585429;
  1.351926503779116, 0.8148844650593071, 9.887986658916521;
  1.555455139102541, 0.7631767749190682, 10.87148884745647;
  2.799090466207023, 0.6252919146358782, 12.39129880871422;
  2.683920176469877, 0.6752021253144986, 11.69348899030162;
  2.648498365671252, 0.6589184341857637, 11.19765042915784;
  2.678270447272952, 0.445099147332225, 11.17852919921016;
  2.659611919845858, 0.5984291301140339, 11.10154554211982;
  2.623815393827293, 0.676681197184948, 10.68341007974174;
  2.65091625761284, 0.5974021166264751, 10.54468670239731;
  2.634081729278383, 0.3661783284772663, 10.43787389099952;
  2.667725984270475, 0.6085563707667093, 10.17902349058249;
  2.681176624877008, 0.6736737837045693, 10.20297691253729;
  2.569751340793193, 0.583937311941073, 9.253403223040493;
  2.681667844809738, 0.5041094039362618, 7.651298472919054;
  2.677516705176965, 0.5563440646497183, 7.635109729231175;
  2.655778699935703, 0.7802508065535021, 7.506733116855024;
