m=[-5.854583286750607, -0.4755249243545017, 12.07076254911641;
  -5.883655497381214, -0.5094961285600604, 12.19051599830486;
  -3.762464885528441, 1.696298820584311, 9.585682709888289;
  -4.803420672257783, 0.2300563607840224, 12.05260587003603;
  -5.972765485242194, -0.5550743068501668, 15.14599585421095;
  -6.132102973571166, -1.866729159624772, 15.53748559104068;
  -6.241686905325221, -0.7353382295114095, 15.80652496851655;
  -3.26352443022351, 1.705987234711994, 8.801570219247884;
  -3.600168701950766, 1.642087201193447, 9.61931295614351;
  -2.944782077941976, 1.802920761304354, 9.131963556346005;
  -5.857544317622841, -1.728461117485527, 17.46246189930452;
  -6.063556097448586, -2.007518221466274, 18.11598012035617;
  -6.107974795266614, -0.7667434441728371, 18.47558822587832;
  -6.156314389950563, -1.702308221703794, 18.65471441066311;
  -6.218906398621281, -2.044849142701952, 19.2043329167271;
  -2.690658851772789, 1.778204260226232, 8.992689136439248;
  -5.757807575694439, -4.195389605206648, 19.4467179365071;
  -6.106722239136009, -2.044672286993329, 20.9412336390357;
  -6.237160846377811, -1.861479499280101, 21.63802351190296;
  -6.143761342361439, -4.200793810550189, 21.53952969719321;
  -2.486276944418015, 1.796891872595856, 9.421110970432098;
  -6.696488496520675, -4.850697092145894, 24.52966013291136;
  -10.15011416284239, -8.194499171611966, 37.98090559765301;
  -10.65548297308684, -9.171548591636165, 42.56443717744111;
  -10.5917971184374, -8.296289836581918, 43.24787784336922;
  -10.48052789524401, -8.978997805946072, 42.97602563145163;
  -7.727205523269486, -4.153805766275181, 32.13348781705614;
  -8.276688397184236, -0.7301650479960534, 34.35026503333251;
  -10.05506823479677, -1.009891364950118, 42.36257285024968;
  -10.20892298149919, -0.8533613948254839, 43.01627265890448;
  -9.450354582551977, -1.149777599336658, 40.47411311530854;
  -9.830303961047735, -9.191902898656387, 42.47132968052372;
  -6.159340385715456, -2.259994608053096, 27.00491650067647;
  -10.05120882315911, -8.596992658063135, 43.62594832098932;
  -9.906492525661584, -8.054729404124366, 43.1740604837293;
  -9.861585220528573, -7.321588456726891, 43.02238130929867;
  -9.470781215689932, -10.03475434000376, 42.11401121106123;
  -9.31833024625837, -4.841467819967542, 41.580603540612;
  -9.585120276092571, -4.675041561849088, 42.87687006826877;
  -8.453485704096485, -0.6318558456997691, 38.39449387497754;
  -10.56166837187873, -5.784477019882369, 47.76681653514551;
  -9.48549225377162, -9.81656086710615, 43.38917876140121;
  -9.053734362497385, -4.956406734736861, 41.61473000793671;
  -7.998218948925884, 0.8992423008144926, 37.2563163073361;
  -9.466249226811859, -10.63470893558367, 44.12755110297844;
  -8.812485603710986, -8.300789611102342, 42.05828355814049;
  -8.857640484409387, -5.121590070095115, 42.26372719518985;
  -10.25472793817741, -12.05979997978835, 48.99137792328529;
  -9.228966646857206, -5.725294752362122, 44.4631191982854;
  -8.871984598635761, -5.804093179001677, 42.88656824870822;
  -8.987326705181037, -4.741712133170849, 43.69451193759973;
  -1.859960019367446, 1.718393914218255, 9.900558790799154;
  -9.330395081969286, -1.091629647984827, 46.33786393150692;
  -8.952508603432326, -2.886006622036469, 44.4839155784457;
  -8.598921813150891, -4.84412220026254, 42.83849675826168;
  -8.664060677058439, -4.648432535358674, 44.13730776745823;
  -8.386124331873971, -6.783474523136062, 42.81851119947732;
  -8.708250624753074, -10.23778568486709, 44.81803042393565;
  -8.318862398222668, -8.057732949020364, 42.7884574039514;
  -7.644754786354395, -0.4984929440041622, 39.68970049678219;
  -8.325884728576133, -1.045883593854629, 43.24666394356947;
  -8.524284044184757, -10.34429850729165, 44.30753487761722;
  -8.129885256821703, -5.388587925707566, 42.74109204845192;
  -8.723349353136273, -10.47617609696428, 46.10013276630646;
  -7.842714891624492, -7.513159522287887, 41.54858063273553;
  -7.941594748727396, -8.245699276385633, 43.24831355281106;
  -7.218955659936105, -0.3681184065958792, 40.02688193935253;
  -6.955034179164493, -6.951918216323572, 39.28176702390906;
  -0.9197680296159024, 1.779000478522597, 8.701361379766384;
  -0.8400887520819234, 1.735856021177484, 12.10304030742058;
  -0.7108023944381658, 1.729196567993092, 12.22692881098276;
  -0.231160142377699, 1.711222418976219, 10.08696833282236;
  0.02088620565292349, 1.914769240320637, 13.58998050428476;
  0.2931882989629394, 1.474081204394135, 11.98566714796452;
  4.908419953035676, 1.573220145169693, 19.60519022787453;
  5.199038855351148, 1.001310806170307, 19.67426148433423;
  5.13382431956755, 0.7247090613186662, 19.3384429224335;
  3.04550711954777, 1.816939233476265, 11.77596266198021;
  5.20998736233387, 0.8881853664317528, 19.347343628763;
  5.269783299436329, 1.26986666786863, 19.5048659142101;
  4.659637956584657, -3.636058729242061, 17.31505819314166;
  5.20506806795942, 1.380901276972365, 19.2365440736641;
  4.951264282449734, 1.592119471269848, 18.00140534145488;
  5.416452166522837, 1.439630375015839, 19.41329674167089;
  5.267242908212822, 0.5043986685867957, 18.85683089428184;
  2.668532305193423, 1.838148619931163, 9.761971245334578;
  5.09717467070661, 1.222714219375845, 17.69300063177554;
  3.32527454678351, 1.782836038579625, 11.89013706336992;
  2.780060627748788, 1.821039792681101, 10.06690282730759;
  5.184847611491003, 0.7246340839832209, 17.66003043311837;
  5.091544154271737, 0.4675689097592993, 17.35087665214462;
  5.022960878961652, 0.2541925636479628, 17.10271502265918;
  5.196733425764443, 1.572198759386781, 17.47117158237743;
  5.232766573168721, 1.431680949233022, 17.5162232809096;
  5.176286502270835, 1.23191970256243, 17.23529904054316;
  5.277679246179559, 0.212651584361156, 17.43511613810657;
  5.305357479732769, 1.529650904322396, 17.44027517190453;
  5.321348556220452, 0.9757916581620126, 17.46918985000073;
  5.334775676567109, 0.1510184162212508, 17.49809577524927;
  5.363604304687581, 1.153243637751808, 17.585283317265;
  5.331524371370499, 0.8216712143553712, 17.47761884174249;
  2.843105013797477, 1.831433223627596, 9.72968775704536;
  5.31283123779405, 0.8811950088319415, 17.25110224099354;
  5.307251505844022, 0.4730428940116951, 17.16644740032898;
  5.304655178913521, 0.8718236516050485, 16.97030794546502;
  5.252119507400598, 1.374756004556853, 16.69964735566784;
  5.300280001663269, 0.7793343922600234, 16.64230975365224;
  5.323119104140633, 0.9195179099461945, 16.59610171298045;
  5.390368309763896, 0.8484537284070016, 16.75203430223154;
  5.291299876237765, 1.452086380872203, 16.39778131808957;
  5.281754369109375, 1.195181326914525, 16.36658479696342;
  5.308307614209403, 0.9696930813249352, 16.41220538492143;
  5.352790551864491, 0.4651735826907946, 16.53702662788973;
  2.898932276424003, 1.842467423799698, 9.306581996553316;
  5.346922681728812, 0.6260101560984945, 16.29450620572169;
  5.330531419912959, 0.3544821386615891, 16.22583815874022;
  5.316203447130136, 0.4016900489815106, 16.07778150535534;
  5.26648406909912, 0.8491007204443081, 15.87529760279325;
  5.42200816879028, 1.323973840803496, 16.23961007631251;
  5.367613766035642, 1.215341272104086, 16.07605410106446;
  3.133905628887322, 1.846726905462297, 9.769412678279533;
  5.266362775184953, 0.77761638602883, 15.58436516966277;
  5.23453192252338, 1.074153227096346, 15.40266943092308;
  5.272556471064323, 1.456907323204213, 15.30228102927073;
  5.341443978226043, 1.309835805844812, 15.38924799189909;
  5.259224968109414, 1.588001451945903, 15.16327930169293;
  5.346981323427577, 0.5715954857735323, 15.39231299479193;
  5.294981721636186, 1.154209047893638, 15.24368401314528;
  5.357124643924911, 1.221554884617965, 15.36930040842012;
  5.286036096963417, 1.505849443973991, 15.07411155780158;
  5.373260017010387, 0.5655872637795989, 15.26876404205342;
  5.30490248769668, 1.121665262317662, 14.99997270578165;
  5.271589664555371, 0.9313749817457073, 14.87386905488672;
