m=[7.906283510277907, 0.6421695078894004, -16.30088192861411;
  -3.009846784400929, -1.075105593106829, 7.612306674787329;
  7.914574959385504, 0.6853639379124311, -16.39843677202312;
  -1.481577942200775, 0.9070849933150778, 4.594470971352526;
  -3.038060086584513, -0.8964795565348993, 9.057039201593248;
  -3.021173360778787, -1.000248117523636, 9.026306620144569;
  -3.074191871659128, -0.8500576427290506, 9.315341578883118;
  -3.11020807386738, -1.022672782932121, 9.604497553473969;
  -1.233130331015284, 0.891212813048658, 4.672632192315993;
  -3.047300529961346, -1.020306917485342, 10.44983378436849;
  -3.107454575613086, -0.9274192424919094, 10.78041384940956;
  -5.229709851279592, -4.222105520838859, 19.56915094528779;
  -5.946754631856114, -4.458611105169916, 22.90400825962921;
  -3.090240285280186, 0.3179499992147664, 12.54290548988825;
  -5.400289383299803, -4.648218819637672, 21.57201872275877;
  -5.287469338984885, -4.141542520853194, 21.58952116585805;
  -5.230334323294539, -4.480991881576659, 21.44729580281643;
  -1.015326894271262, 0.8890345103438321, 4.972723219316332;
  -3.293814727725685, 0.448935757424215, 14.10865380977664;
  -5.090387946798837, -0.4255042932888474, 21.44883610699391;
  -5.008574455422979, -4.683306867963008, 21.639291904769;
  -5.053779113112513, -4.322594694360907, 21.93526274236196;
  -4.853815873950164, -3.603643986142674, 21.17537015240821;
  -5.024970635318994, -4.085682054099403, 21.8996163956362;
  -4.829857693703983, -4.774899976068799, 21.50419270483052;
  -4.790942694236088, -2.48920077615475, 21.37832460217989;
  -4.896247113673927, -2.388093012312262, 21.90225529446506;
  -4.246811230299872, -0.3174279339170188, 19.28839457206625;
  -4.918861024832437, -2.693990907525246, 22.24632736629411;
  -4.722894587434903, -4.887736023193337, 21.6037831293348;
  -4.522781978149054, -2.47596695006866, 20.78858771084131;
  -4.107906575199655, 0.4618532430535181, 19.13494337976047;
  -4.503878918509172, -4.242361691993057, 21.49511785714825;
  -4.614303943004154, -2.668043853945895, 22.01688851405441;
  -4.622916647570676, -1.163807684965907, 22.17549193999232;
  -4.609239242233983, -2.859394150582424, 22.20629477631215;
  -4.475076376057566, -2.927615572482084, 21.63221388475879;
  -4.477147700118234, -2.362142410980815, 21.76696030382849;
  -4.357071410415601, -2.443908284964302, 21.22239513409932;
  -4.507936023713877, -0.5274156744138929, 22.38791865121148;
  -4.188696270563409, -2.359662878125191, 20.86743611663593;
  -4.255013140803708, -2.282895083417852, 21.67630532038177;
  -4.20697450123297, -3.402990847646995, 21.48029025902911;
  -4.272611546893725, -4.138494086297895, 21.97637710859989;
  -4.388449226792754, -5.15924547981172, 22.58566725229862;
  -3.956600633318639, -0.2579987917300226, 20.54170454258382;
  -4.120531551727841, -0.5176142222004457, 21.40303992857752;
  -4.103120545810497, -2.719598756000251, 21.5712580675389;
  -4.259044737185405, -5.114836155858154, 22.5076997255986;
  -4.021608611982664, -4.175606571595155, 21.90086446624372;
  -3.724328596277271, -0.18991582343549, 20.65025303505802;
  -3.95016062690226, -0.8538026975018418, 22.31027054247184;
  -3.734087415451245, -2.777606416098001, 21.43385039333699;
  -3.831228862685781, -4.364402432852781, 22.54106805276505;
  -3.586095642474983, -0.3597329392339292, 21.1659176812738;
  -3.876516687188894, -4.546996018429988, 23.02031521318299;
  -3.638498054604015, -0.5909776065702642, 21.71533655168943;
  -3.552164672585712, -2.598352540930661, 21.42896868688606;
  -3.566520226457093, -0.3594427398632468, 21.67309579607276;
  -3.722107797653886, -4.770964565793087, 23.12256159756351;
  -3.451234467164881, -5.019156050482204, 22.32299016229037;
  -3.518474606058153, -4.072903845203499, 22.81193383678796;
  -3.551203640460413, -4.241415125450643, 23.04296224371041;
  -3.32888176187804, -5.075164402584771, 22.52312039912896;
  -3.377279391857363, -5.458822209144825, 23.54294291181641;
  -3.519149717711476, -5.315468585226187, 25.48362166043475;
  -3.793613356389962, -3.780540723585314, 27.60237200980549;
  -3.706087104863642, -2.426052058455213, 27.20766989019235;
  -3.541855767173422, -5.103566180170718, 27.10464122545578;
  -3.380152668655268, -5.132916582793689, 26.19454570840424;
  -3.078825938084263, -3.990303024348619, 24.38453107749494;
  -3.036658624786946, -4.182914906658903, 24.83381612857515;
  -7.062409900142039, -6.155201225157103, 56.34623008426218;
  -4.421508876876578, -4.234621166535482, 36.2178023374089;
  -7.313167053782061, -6.177863443338887, 60.03272895572079;
  -3.470091951507105, -3.833777894021159, 29.52211847228897;
  -2.474948861717552, 0.522112706094544, 21.39071377122516;
  -6.462945140078721, -5.272727064711771, 55.08168528820645;
  -6.552896153930602, -5.11999007077568, 58.04353850024001;
  -5.952679277847357, -3.551764889566359, 54.0313579994467;
  -5.332650038741613, -2.596579397793218, 48.79971412358755;
  -5.324779113445852, -5.428965536924369, 51.27576343239421;
  -7.074972212107483, -5.894546767195776, 69.14279431414128;
  -1.959277886667347, 0.6214867755255988, 20.1012732443804;
  -8.373021742316654, -8.654637341110602, 94.27465434111375;
  -10.74092947774053, -10.27122416954492, 125.1669344970127;
  -7.515334846620979, -8.122259508629956, 88.76786846572298;
  -7.035857933919547, -7.940506353709587, 92.48790900047852;
  -14.91152308369283, -22.48533610684279, 204.4074241772597;
  -6.728461381044949, -7.440962046171315, 98.33882680037794;
  -7.027744318444417, -7.893861228277976, 109.1080896027261;
  -7.137584458392539, -8.782399587532705, 124.7660098225747;
  -11.39018771420802, -16.79925425444894, 207.7426315262052;
  -4.795039110074015, -5.78868682796843, 89.06587130158385;
  -9.378824307106353, -13.26831038166371, 206.0272910297429;
  -5.979446141862466, -9.277535044158245, 157.0173976328907;
  3.112806839107935, 1.829775317514463, -84.91839872794213;
  -4.642500072180658, -8.942703483041591, 129.58687419746;
  -2.583408727398437, -5.0320214799318, 79.23003034867952;
  -1.796726743231449, -0.2680363413652286, 58.21353030743462;
  5.862967110983997, 12.99883839844027, -232.9187315672594;
  -1.300795659650036, -0.3414246521082248, 61.04534908872691;
  -0.7554114519359089, 0.1847556472556035, 36.25539390009426;
  1.288283755809147, 2.671444974126054, -60.65636046377459;
  1.131122489235066, 3.899057635285744, -71.7431819150946;
  0.829708160840674, 2.475580678102742, -57.62317942008856;
  0.2041901856182195, 0.3282519496613819, -17.31450595192461;
  -0.09279722994826653, 0.2708797270318359, 13.70201678253873;
  -0.2014569611898267, -2.150120006904255, 43.8084065233835;
  -0.05067764440924376, 0.07130941488798512, 23.02020856338973;
  0.1825367185586025, -0.03191105773641495, 27.40607386100169;
  0.2286729934689686, -1.562696925817686, 32.94536173017738;
  0.754976606661148, -1.064584953581366, 50.80369041226953;
  1.755069871976299, -1.604851817566745, 71.12834765515727;
  1.179819083504417, -0.4409721921680214, 43.02802312821796;
  1.496060916943641, -2.991853803279905, 48.19532827062662;
  1.634262296569586, -6.063628357490975, 45.65227341685072;
  2.310102356846604, -8.191038495756413, 48.13125107604417;
  3.113421733273304, -12.16177527856035, 60.74536710650701;
  2.602082894357584, -10.2871700159769, 47.8116529382693;
  2.889139819744639, -10.94548661798156, 51.66622222063941;
  3.029378181790446, -11.0307345483228, 50.25709361527429;
  1.149514245182613, 0.8076503787538177, 9.098835824902421;
  1.330621772482435, 0.8531566013548723, 9.590254675592911;
  2.552053321748823, 0.5709374026811974, 11.78356550322391;
  2.743542624093686, 0.6417121504318546, 12.35011260735315;
  2.917085462109666, 0.6956633883532045, 12.67514982339438;
  2.594905261353321, 0.6206471869365863, 10.56982196065493;
  2.593001287667317, 0.7661727913623231, 10.43445469227508;
  2.467468150285858, 0.7908595105423932, 9.855550855557436;
  2.597007600098693, 0.7070054681306854, 10.29636725634638;
