m=[-5.962896165067938, -0.4879722644416771, 13.825617583873;
  -6.139134569952192, -0.6920471771440259, 14.36948597494342;
  -2.8974145819477, 1.771036268573937, 7.880825459601247;
  -6.147541966641204, -1.766172012545418, 17.02252228102483;
  -5.859965053223185, -1.883779254997174, 16.29059534810115;
  -6.015309623402646, -0.7306181961266394, 16.94989399978525;
  -5.98368779116557, -1.600819645108111, 16.89520293610469;
  -6.093310957073332, -1.941023675549025, 17.55566001626467;
  -2.38164992657499, 1.712867413381881, 7.922337603495586;
  -5.995875240380714, -1.943093079869432, 19.24351272312906;
  -2.432251453937077, 1.742775882323274, 8.396952607371247;
  -6.130620636399923, -1.75409226508136, 19.92555117978981;
  -2.371520520533454, 1.747641226513146, 8.540950229965093;
  -6.858211745652261, -5.018812022450743, 23.27785476540815;
  -12.31782159211715, -9.655479023717367, 43.9554504586019;
  -12.67603958731449, -9.359189995266091, 48.21896736649309;
  -12.74046045219923, -10.69851455933535, 48.70593103956652;
  -11.50729224220999, -7.88423239180874, 44.54633445081856;
  -7.833849561442213, -0.4294105045246187, 30.85760299777767;
  -12.39668070702497, -9.442925294573181, 48.40423656961742;
  -12.10503239915834, -10.10754532568453, 47.48592456861978;
  -10.85889857413475, -7.433111311734861, 43.0608236821553;
  -12.64789459094825, -0.9704705016025981, 50.92679554726394;
  -13.60682449919302, -1.567366655733261, 55.60053899838151;
  -11.86297569784727, -10.79033379977944, 48.9497323832129;
  -11.90664649646607, -9.909838497453054, 49.40084926261536;
  -11.24115004337723, -8.112514104847602, 46.85729441153367;
  -12.13141378999931, -9.590398635438774, 50.51588746147954;
  -12.41645277455576, -6.199702485875431, 52.81371417476217;
  -1.849170241297105, 1.689837627154367, 8.633698902236629;
  -11.76721042210402, -9.549325903718373, 50.22103913676605;
  -12.81970860784835, -6.049377747977495, 54.75056147664815;
  -10.18565913091929, -0.6907502257746067, 44.02068874352987;
  -11.30711897065064, -5.999859813535712, 48.93198891674059;
  -9.004416106269325, -2.021932584765187, 39.27965261777106;
  -11.33908513087443, -9.188222813632313, 49.36933372298668;
  -10.79123189340144, -10.85874358466679, 47.12294744896287;
  -11.0371874531144, -5.853773530645828, 48.38774304686312;
  -10.13919233349593, 1.166798845118204, 44.86935630755598;
  -10.94696276487869, -9.962914479997926, 49.70973455854917;
  -12.30953340588195, -6.869630018441352, 55.96104495466744;
  -10.71870171563116, -2.605118306201881, 49.14107658166478;
  -11.69346658591607, -7.018056427280931, 53.74835222824253;
  -11.23485695158777, -7.108496889954616, 51.76028787427684;
  -11.39267464968811, -5.809612173485408, 52.82158503838746;
  -11.27857841726235, -5.584111810773975, 53.28781446298136;
  -11.42209352943992, -1.224659530787012, 54.10952053260063;
  -9.650545334900157, -5.240695806756628, 45.78193941007574;
  -10.70403348278157, -5.529047148968689, 51.93425655444337;
  -10.22847424974906, -8.009361562964214, 49.72746082098198;
  -10.15230047412249, -9.591796945154714, 49.89077495795809;
  -10.28894601022477, -11.73062444899734, 50.45812066787266;
  -9.705825715235648, -0.5813940487711138, 47.85897219353495;
  -11.15789774565911, -1.285918489022159, 55.14216712502072;
  -10.49033277779882, -6.713075104350995, 52.47081852661715;
  -9.559936864406204, -11.12427667347953, 48.13426539692254;
  -9.599407622496937, -9.682998929231484, 49.81913608409474;
  -9.691233283953569, -0.3644544814332876, 51.02101521190353;
  -11.12876686794201, -2.249707073876053, 59.71180861531604;
  -8.799979741672175, -6.306471313608336, 48.00500921493501;
  -9.205338030827056, -10.12717271992541, 51.43598274201082;
  -9.351307339763968, -0.8477304751739517, 52.35856602859762;
  -9.154506827311845, -10.37035861293276, 51.66133397257138;
  -9.727645552297789, -6.850476369533303, 55.61223198297169;
  -8.878048139552206, -11.71582259594447, 52.14437492740247;
  -8.600043028958224, -10.64130794425178, 50.73174304110006;
  -8.848757929700954, -11.485517515147, 52.65225350511972;
  -8.039281670891858, -11.26612426552034, 49.24005830136444;
  -8.680633182464959, -9.976691532732787, 53.36821743780854;
  -6.80438908725379, -7.369600500582505, 42.66720960511428;
  -8.078174414689126, -11.88514530279492, 51.74540139728186;
  -8.154545826069773, -12.70432963151628, 53.82774270513671;
  -7.340266608476536, -11.07741675382291, 48.78267492119517;
  -0.6776298016349669, 1.766073226662225, 11.26916355015497;
  -0.3204898921074701, 1.519059885244963, 10.84070185529867;
  -0.0433084142449701, 1.988469859969109, 12.87840818199554;
  5.031214197108472, 1.678775439955914, 19.455283098924;
  3.484865614235208, 1.914974921473348, 13.52907926292049;
  5.243756418341745, 1.453449415534793, 19.33039994644387;
  5.238304113403717, 0.7861969590558808, 19.07009114570926;
  5.242653596411453, 1.318888443790367, 18.75645735856799;
  5.220222472794355, 1.438612284777185, 18.62960426550983;
  4.636469206488341, -3.672010022126707, 16.58732465901494;
  5.323421819139445, 1.164915032707346, 18.65003696696807;
  5.109979417391974, 1.704098923214594, 17.86786602823694;
  5.32719566851911, 0.2934558759335477, 18.52368355939149;
  3.178647775048626, 1.957712662871066, 11.45230551312535;
  5.13377502455583, 1.426276006075386, 17.77839552189628;
  5.320533155552282, 0.7294752085756597, 18.32369255215759;
  5.426579307555396, 1.18588697453586, 18.54971061989448;
  5.363938204195307, 1.138317800591002, 17.99238822322351;
  5.135160880151934, 1.283784771011739, 17.11391947171406;
  5.25984031175844, 0.5724939467907918, 17.45614081394782;
  5.148366746803537, 1.190677483611544, 16.85529355871814;
  5.244120708618692, 0.7795365518013661, 17.14540632768063;
  5.248440582647379, 1.646368362680194, 16.92126995372333;
  3.458973336487369, 1.910445519828364, 11.5183778169163;
  5.272073934632435, 1.758303433389666, 16.94874039851054;
  5.265911235051709, 1.491673598193474, 16.90180129724309;
  5.330039825995925, 1.32048252277117, 17.00143437723166;
  5.368082213821213, 0.7260727063268028, 17.09858387064395;
  5.372914460055426, 1.601435363441129, 16.92652363840644;
  2.78300451756584, 1.973330495214787, 9.290573196122702;
  5.422063216117274, 1.212561319823695, 17.04608650652883;
  5.417257589064827, 0.8799469041973056, 17.0247161891371;
  2.907601154993404, 1.959707221031358, 9.639063655723772;
  5.37745435555268, 0.9337137015930155, 16.72142673855121;
  5.358378494483458, 0.9191506557619057, 16.39460069602374;
  5.392126052437129, 0.6723013903534055, 16.36086639509423;
  5.417923389701288, 0.8405216517961074, 16.24851942654293;
  5.412810930869929, 1.103267823688907, 16.18524757954013;
  5.359269328995436, 0.9709776129237198, 15.95471228948238;
  5.462616205273159, 0.9024873047852855, 16.21887413870308;
  5.438235514388207, 1.279841183272605, 16.07392528423547;
  5.412093439427904, 1.035896728540072, 15.96492475757458;
  5.372766283372289, 0.5023088067102643, 15.84384763233154;
  5.434440620519563, 1.478651554497352, 15.99945715697596;
  3.235637145003679, 1.936899136547452, 9.864067512479853;
  5.421555886709552, 0.9288544679203351, 15.55839481762559;
  3.116633675541667, 1.915043701554551, 9.391158299796247;
  5.414144636343675, 1.274655374828512, 15.4428356390691;
  5.498790916735298, 1.242131786250548, 15.51590580134793;
  5.394521561571479, 0.8358609048395815, 15.16713289301078;
  5.468606391889907, 1.175583794403673, 15.27985743063769;
  5.39323766521159, 1.53777338990775, 14.84690790176757;
  5.452598794475304, 0.6205184669976003, 14.89653485052548;
  5.408278364317805, 1.684709128083406, 14.78113934214051;
  5.377857084483884, 1.367153774558352, 14.70423023019847;
  5.439064836441443, 0.9199412750753945, 14.81218253970819;
  5.430756185367494, 1.286042477588483, 14.78440051387383;
  5.337855904740669, 1.571267891650309, 14.42247307134622;
  5.48571746751316, 0.8577297018156218, 14.72756407528848;
  5.437193290656483, 1.004814006065373, 14.52032939759151;
