m=[7.910402469628742, 0.6035618377372547, -14.78744833375505;
  8.163804250702118, 0.6769917064952208, -15.35054557200107;
  -3.141324866871791, -0.9024940524665033, 8.698317608635747;
  -3.191150247045592, -1.016540633718895, 9.194139145798593;
  -3.162204255358966, -0.9390159129545153, 10.13797360895353;
  -3.145019645908597, -1.019211652180805, 10.09381001841694;
  -3.193482429919953, -0.9137187180913665, 10.37935657302325;
  -5.95577040872929, -4.379389990187109, 21.80216059025829;
  -5.512695938289167, -4.629162185954976, 21.07466910005303;
  -5.362329971075044, -4.084648344053735, 20.93782155227881;
  -5.51058119458123, -4.601263950269747, 21.61704606039165;
  -5.161190661446689, -0.5945162405168966, 21.08978348819507;
  -5.178081234247312, -4.709882780088769, 21.36611396084527;
  -5.117322275357584, -4.259120089209342, 21.23184445160069;
  -4.941585906371962, -3.566244130810893, 20.59836803007311;
  -5.109105614827485, -4.038965314755525, 21.2746023452105;
  -5.036649504756328, -2.514867089826972, 21.42352346297837;
  -5.017127278359352, -2.367487362224216, 21.42720586658373;
  -4.839321536802656, -2.567873468812487, 20.94234865822285;
  -4.873145932302966, -3.948779827697855, 21.21722917112691;
  -4.783059892513744, -4.812983488443928, 20.88657552600537;
  -4.740501567642249, -2.514211407256564, 20.78266521636355;
  -4.284047172929863, 0.4929999480622316, 18.95835809382371;
  -4.86025805435444, -2.712383445144274, 22.09548571037216;
  -4.509664902621268, -1.09604790807102, 20.67505880998465;
  -4.770005538920296, -2.866998003273279, 21.83675211029354;
  -4.777368521685013, -2.867228602635506, 21.95890193391514;
  -4.559880751885886, -2.885118901203618, 21.00789902417331;
  -4.528933649703427, -2.30949701218274, 20.99818183762258;
  -4.503620664075568, -0.4828713716179773, 21.33485898760547;
  -4.265791024422063, -2.316523300848268, 20.2368031483017;
  -4.304999221338895, -2.223698544043686, 20.88716691584881;
  -4.332092457526089, -3.392225855910806, 21.0612015726378;
  -4.352268794877797, -4.111982169716992, 21.38806505533022;
  -4.502198119986122, -5.13304232406846, 22.07927379375629;
  -4.122103130185627, -0.2469203856142514, 20.32589754592019;
  -4.259579852261211, -0.490905420747375, 21.05078119999245;
  -4.234754608378865, -2.709945083411252, 21.18150541718349;
  -4.303720353548076, -3.994056498807296, 21.68392189028833;
  -4.365995616668047, -5.080425099442429, 21.98278029606564;
  -4.315787068356332, -2.993560623404389, 21.95523234273948;
  -4.130986981483728, -4.166959472023286, 21.43905235463161;
  -4.023144561236557, -0.1512968496202022, 21.18047454274044;
  -4.017029269524898, -0.8120521591345463, 21.55351853357229;
  -4.334179862370162, -0.4983540304889418, 23.46324282594591;
  -3.869043136314538, -2.772734741051162, 21.10612261210358;
  -3.846746451340823, -4.231964713520529, 21.49417907538601;
  -3.92786189147045, -4.449539135750689, 22.16597669335907;
  -3.781803554145143, -0.5673378115333156, 21.40141625789794;
  -3.683484060332935, -2.594011097259076, 21.05820663052699;
  -3.852597461083227, -0.3473992519730208, 22.16587675178351;
  -3.638909841077108, -4.802048994391486, 21.3727923184825;
  -3.806008638686821, -4.7093845724229, 22.45168444156685;
  -3.592222479461743, -5.034084698082473, 22.00212053280941;
  -3.642134968077979, -4.185922424471741, 22.39171346473562;
  -3.221041058977037, -3.488599122748637, 20.19767421405932;
  -3.566189527527822, -5.246814259779115, 22.84351625599452;
  -3.415265563696234, -5.320794122175551, 22.54399447295247;
  -3.38048903606134, -5.101597514310538, 22.46639073441932;
  -3.758519719499416, -4.808626255724779, 25.73846005143283;
  -3.426182266748847, -3.254534751871786, 23.65694811693892;
  -4.09348609771343, -2.560629658641643, 28.38713633445208;
  -3.600029727921969, -4.969046214507795, 26.04208745225553;
  -3.455972904652585, -5.011735174472665, 25.2363704142151;
  -3.26093808096351, -4.025539700381618, 24.26863320531653;
  -3.841778800999143, -0.6807551979919282, 28.88347168197623;
  -6.347844032326862, -5.537913958544392, 47.48715931916756;
  -6.402454217682903, -5.327612940503604, 48.72175844104293;
  -7.001611266175821, -5.626544294276258, 54.69465813441386;
  -2.452445359185907, 0.5437712003410411, 19.96674757770339;
  -3.772575800259916, -3.962562540947881, 30.21648575252234;
  -6.407202056608716, -4.957387022577065, 51.86318929380455;
  -6.310759023158431, -4.670477086526216, 53.03937292039924;
  -5.771033300832915, -3.239807643118996, 49.58361292626398;
  -5.590343431868508, -2.542883917934234, 48.42515037264887;
  -5.036687747611786, -4.05219398329091, 43.78040390984688;
  -5.013930195336794, -4.858387637097359, 45.72589372499257;
  -6.780613380993976, -6.539273084821638, 71.74827736462817;
  -5.849405244625145, -6.447369051273389, 67.76667769436824;
  -5.89686185815212, -6.027810409634374, 79.99365144652751;
  -5.441059176538238, -5.603500653878504, 78.10624717562726;
  -6.511828692304889, -7.271426086643343, 104.1167788143711;
  -6.95605821517767, -9.299260028157669, 115.8318936319551;
  -6.375133906678325, -6.946427850086047, 107.893731677149;
  -5.579523525868567, -6.146880333725944, 100.7258680530109;
  -5.474879843414797, -6.869372382985352, 107.887916807921;
  -4.334044298333893, -5.830726002322419, 100.0224045478215;
  -0.1943776743290588, 0.8587924297183188, 5.644678336376685;
  -4.656471234145601, -0.4638778180273809, 128.5528286417579;
  -0.159662644168012, 0.756769944702148, 5.400654327886415;
  -0.9461436510677682, -1.683821699149769, 30.85438414477687;
  -0.8331932678711359, 0.2044239428664519, 32.17441156714726;
  -0.7398224286351691, -1.217788086377978, 28.21013607779903;
  -2.427975510018956, -1.147646577361732, 94.21504749107639;
  -2.887293413604376, -12.91831181505397, 126.4743187996817;
  -3.020864036571307, -7.824289609974041, 146.4973900433787;
  -0.175116082195474, -0.1881473889212181, 10.59318103200168;
  -0.6080946400046969, -0.1243369046934966, 47.01713249184314;
  -0.1546412343854987, 0.2847925938476643, 12.9283762400641;
  -0.8407905052127959, -4.181757093962464, 86.71818274757078;
  -0.1809653529821673, 0.1092646568307776, 24.36761674158393;
  -0.1329374230085959, -0.01891832492826426, 21.86551414201289;
  0.6682976177153157, -14.46863292850182, 309.0194173443477;
  -0.02002875405107921, 0.0838001318292428, -5.105254677992039;
  0.172858966331365, 0.3698281626269439, 33.8535941258889;
  0.04883390494210898, -0.05291580775084227, 6.425068859447534;
  0.01022191774927465, -0.01217844058919508, 0.7960002571099194;
  4.552943556978071, -5.044697949706209, 231.7976449505809;
  0.6289983591912511, -2.170258367885216, 32.54710715503499;
  0.8528750098229303, -3.754385978075772, 42.51483503788872;
  0.8177331756920754, -2.962332075645453, 40.51969926742664;
  0.1237691033495764, 0.8850555740784829, 5.921406250668754;
  1.025418651148692, -4.09494434387704, 40.3549653429792;
  1.068317728523221, -2.533583588441702, 41.04546852190348;
  0.8220984624080464, -5.279631334001676, 33.33675158841761;
  1.099876799309033, -3.096905579324216, 40.45766760360664;
  1.132084364844944, -3.944286652003108, 41.27780639645051;
  1.098295035129777, -2.769393617928361, 38.47071021131961;
  0.8788338981581481, -0.8546686080847128, 29.0146984747714;
  1.326965392877188, -4.516704023306486, 43.30681332238571;
  1.149172102648128, -4.797079663961182, 37.36344606445582;
  1.379033556440876, -5.888655559437993, 44.17219310008386;
  1.557463522187635, -5.063786906798941, 45.72508643886378;
  1.390778846180419, -2.79670161114006, 39.93531318914022;
  1.485014433108244, -6.13370588288214, 40.98847322842094;
  1.610246899508365, -7.070045718518214, 40.48281324705641;
  1.543070652442856, -5.173978466046648, 40.04750977702108;
  1.819877842557998, -7.433782914579709, 45.78710470254787;
  1.89919124269203, -7.283404433961939, 46.17669335746594;
  2.087516408532808, -8.06825052651369, 48.65638882588074;
  2.102627263990585, -9.146615823632594, 42.35975567605185;
