m=[-4.367490102817197, 0.4211384638773555, 9.085545209915754;
  -6.223690395729649, -0.4957588665796349, 13.24800898942636;
  -6.085401417833805, -2.088249747027265, 13.00827596471807;
  -6.074404632449254, -0.5176383848490296, 12.9888910006299;
  -6.115423780735021, -1.721099385038131, 15.72222275938446;
  -6.484294234184878, -0.789572425518098, 16.9657872360455;
  -6.388388771730214, -1.670952213734173, 16.73865270499614;
  -6.465132941635168, -2.028249370211527, 17.32013016298;
  -6.542301680374604, -2.085556123072799, 19.58966754151591;
  -6.644503851296539, -1.862979592903904, 20.17390723412315;
  -6.248158311146176, -4.097045804564733, 19.15377942608385;
  -14.14668376002391, -10.84106785071142, 48.13796558167704;
  -7.482129816363417, 0.7883924587809345, 26.8366833833725;
  -8.860680660700949, -0.6910496517869349, 32.28209067140551;
  -14.84808917509594, -12.2430441387373, 54.25238362987939;
  -11.12028604725009, -0.5729450982946684, 41.46591217157699;
  -15.06061305948329, -11.26905909920192, 56.18030777031105;
  -7.620148247311072, 1.006003276268503, 29.02975085408005;
  -16.44838545823691, -13.48471827976193, 61.62008233570982;
  -17.66681211401135, -1.349652656616139, 67.94965724980553;
  -18.8110294301832, -2.213748312593287, 73.47275350778682;
  -16.54439564106841, -7.510007301459407, 65.03871694107768;
  -13.99316265277921, -12.4925519174604, 55.14047342706295;
  -14.04686720413513, -11.48558436738919, 55.67197864797462;
  -14.63105509035426, -10.36240396981434, 58.15079387101008;
  -14.29537514807018, -11.0923841216357, 56.84717209863576;
  -13.26581397286431, -12.50777884963928, 53.79154055818631;
  -17.15083812711216, -8.394910200755369, 69.60432860060691;
  -17.09609753921509, -7.918121526751076, 69.70234306180593;
  -18.86022699236817, -2.372943243832247, 77.22958859177524;
  -17.00895979978357, -8.853246734359551, 70.1351469025838;
  -15.49783081189131, -3.387625314585673, 64.16364734407965;
  -14.03689078384789, -11.1466494134613, 58.27057819309795;
  -12.47054032324109, -12.29636093542852, 51.90789700290032;
  -16.54993761737929, -8.594024318273018, 69.08044837741181;
  -11.26413479895121, 1.245921172220325, 47.42552060592779;
  -17.11090983707637, -9.389469095470261, 74.25012499815259;
  -19.40447177163247, -4.605093341204159, 84.6583829170265;
  -16.96648816141832, -9.967162482157891, 74.30103396893402;
  -14.49333082541138, -8.986470933534422, 63.60784119737519;
  -15.99410833803427, -7.983970375865281, 70.60594488197562;
  -14.36193830891153, -8.848751149154566, 64.42045201892297;
  -16.29574027950491, -1.725029847526554, 73.52435357541576;
  -14.85930947231072, -7.960843661460788, 67.09775924860693;
  -15.88849889142564, -8.043134172699995, 73.32205194083737;
  -12.92737181381052, -9.897041514411169, 59.7626865579448;
  -12.50209565118788, -11.48959435788369, 58.31213598467036;
  -11.87252114355112, -13.22373917327589, 55.41690721723587;
  -6.150931005577734, -0.3581609600401819, 28.8348232637692;
  -19.55420636022775, -2.27270890595453, 91.8927415683558;
  -14.48541841852327, -9.065468400883903, 68.87992483539514;
  -11.94353105809447, -13.57320189601947, 57.16815725518929;
  -12.21278053114305, -11.97181618042168, 60.07787006581009;
  -12.07857294293596, -9.771570717683176, 59.77084430071987;
  -20.67896239623752, -0.7758921508060351, 103.3733258585392;
  -21.55808523393389, -4.261555151041464, 109.9024850061894;
  -14.59670640625995, -1.709088395797319, 75.44512678400949;
  -13.49424226666289, -9.430677078782072, 69.72066461013631;
  -9.877556418839813, -10.58372396759528, 52.3609695067328;
  -10.52287279596356, -11.60552926156959, 56.32693877254548;
  -18.16855984317604, -2.666914380098998, 97.48292251332278;
  -10.7187418329647, -7.350113725987896, 58.06552491793585;
  -8.2467630169737, -10.57605503039405, 45.90009582122911;
  -10.08662811935843, -12.14416233951898, 56.39581969910153;
  -9.052936641748493, -12.30080202790606, 52.39550962837813;
  -1.499979982115998, 1.761909953527522, 9.468241101535957;
  -9.122209027721357, -9.871659728374947, 53.02086003155809;
  -9.442813571164415, -10.52741703399821, 54.90417858892314;
  -9.236863597470158, -9.673253868590011, 54.44921958365661;
  -9.260819272881877, -11.48146192657257, 54.9753434906541;
  -9.110874503809757, -12.99812433009107, 55.18603054561785;
  -7.74541383752074, -11.67133545167869, 48.2752629237976;
  -8.297249815409577, -12.14199957641413, 52.08425666647614;
  -9.085005304427051, -12.75320170710868, 58.85135832543661;
  -8.884570999155876, -11.862546265601, 60.77714992831807;
  -8.117500861694996, -11.38319960818974, 56.0192201356491;
  -1.11912103847643, 1.701086186538412, 9.566957648791355;
  -0.5698881585913743, 1.686372715997603, 9.978329001710371;
  -0.5247296370734215, 1.742149564054731, 10.39954576388167;
  -0.4009081046584088, 1.817724513933131, 10.78383909357647;
  -0.3802115218723018, 1.656724539743043, 10.61212757446972;
  -0.1039289523256658, 2.008485421281049, 11.74608591558528;
  -0.01550151435671558, 1.846657362383234, 11.54792910784975;
  0.1840344540911624, 1.543988747558699, 10.46640816267309;
  4.751883208808155, 0.3678246963473991, 17.88340271187402;
  4.662414507139933, 1.58586064315113, 17.43052552476412;
  4.829314529932886, 1.396272849228779, 18.00356613088979;
  4.840148791471176, 1.068532562209014, 17.59464521873101;
  4.845667571355729, 1.327594414092467, 17.59983909854643;
  4.837070436823839, 0.5370818681604017, 17.50057474007407;
  4.915791043543252, 1.387781001339695, 17.49961887406671;
  3.340921210555053, 1.872172895905548, 12.18524366331858;
  4.879333425131427, 0.8863732641010416, 16.86801513417717;
  5.037741014053943, 1.418659255144498, 17.31549504322532;
  4.955156799901952, 1.10669150655901, 16.71433289142337;
  4.805516918830652, 1.631670550682027, 16.12985088483096;
  4.974069266002195, 0.2784510288216122, 16.64101050408727;
  5.023580187123191, 1.418583186012265, 16.68893297234713;
  4.921845951178205, 0.6878243675053472, 16.29519679300265;
  5.035179173166035, 1.11872496832846, 16.55819674197807;
  4.980873596483933, 1.537928981771517, 16.07025883761545;
  4.959705241303152, 1.059507930918331, 15.96250153153557;
  3.122098811083888, 1.961426680517251, 10.38732306490364;
  4.997855181846439, 0.7545078662672192, 15.62424571370183;
  4.946724716644116, 1.165491954386198, 15.4683067588216;
  4.941613829693569, 0.5111890570106988, 15.42435522078532;
  4.104947246894042, 1.736954928040899, 12.8755724321466;
  4.916623380424826, 1.669574175767042, 15.10267643837518;
  5.028195263444326, 1.444269597010109, 15.41143377254219;
  5.059956527046795, 1.53165804484112, 15.22307497170729;
  5.154813125251196, 0.8550261550380885, 15.47819632746307;
  5.09268056763696, 0.6192279432225886, 15.27660324720406;
  5.272459082672111, 1.350627362486022, 15.64746467884396;
  5.164097407584709, 0.9112070824086259, 15.31881171560613;
  5.172955097805443, 0.9925156918332365, 15.26969966590304;
  5.111051912808363, 0.8923784192607429, 14.894318692058;
  5.132284625883846, 0.651228927008402, 14.82816020998591;
  5.19741324453814, 1.130224323956713, 14.92580380651314;
  5.129809297739124, 1.224492495551905, 14.74382952710359;
  5.147372762286498, 0.894375284639612, 14.78572562475615;
  5.142822838395925, 1.016376854908664, 14.76741208015613;
  5.195755268931326, 0.8194512842375133, 14.82811915317591;
  5.146223216360372, 1.064314089262484, 14.63812010322772;
  5.188187916833911, 0.9520135031364053, 14.6749888724494;
  5.230733598797373, 0.8763446281239161, 14.77476145569001;
  5.294423247953579, 1.393762710570486, 14.87530098402792;
  5.170586897650374, 1.235202358812405, 14.52938897935418;
  5.216116435266359, 1.01317943732063, 14.61984773227492;
  5.182342270741104, 1.430556029338163, 14.49937839583244;
  5.192972351705532, 0.8622384448367523, 14.2932339202999;
  5.194208513582635, 0.5574984510639189, 14.24707349996302;
  5.219642013789454, 0.4357578287620431, 14.26112754829022;
  5.256922791761355, 0.8413635937448243, 14.26498766812309;
