m=[8.797431788718255, 0.9692538474283386, -15.23693305221268;
  -3.112470033662065, -0.985148367282346, 8.01567400423372;
  -3.282024160717944, -0.3996419168527789, 8.587229635686182;
  -3.183669068924423, -0.9987845327082631, 8.529068646758235;
  -3.173808890704323, -1.011747377123747, 9.50336197361738;
  -3.269511218821442, 0.3445085894100833, 11.72698677400675;
  -5.453184926604455, -3.957440855970417, 19.82626915597255;
  -2.913291443555822, 0.3846094120250666, 11.09848811689349;
  -4.552669621018995, -2.962919338886263, 16.8295618972004;
  -5.545577298662989, -4.572625261180912, 20.26259295107384;
  -5.384491835397084, -4.02893006231592, 20.08566366485706;
  -5.452817301119217, -4.47032964562383, 20.42772233844312;
  -5.179362788690778, -0.3956764073916495, 19.9207374818244;
  -5.01857375831027, -0.5906034664566526, 19.6017147319612;
  -5.047646791319274, -2.291281294307095, 19.84312258975648;
  -5.109078284978421, -4.561186581561388, 20.1324748664795;
  -5.177809144595171, -4.233695877112029, 20.52122198865325;
  -4.967292317589716, -3.518070932899046, 19.74238972332497;
  -5.155586857493342, -4.000437148618166, 20.50177279866304;
  -4.961414515170041, -2.428489442608354, 20.13522159548617;
  -4.965413581553492, -3.94864623655605, 20.21635474044721;
  -4.149264349118928, -0.278587560149191, 17.06194270051975;
  -4.878172750506803, -0.6137586294823378, 19.9753308777088;
  -4.802111165481721, -2.499522339653807, 19.80113869384793;
  -4.486067680496617, -0.9805963571195008, 18.5730808463982;
  -4.819424307688244, -3.827089200859913, 20.0066129523508;
  -4.825258073210398, -4.757862397045261, 20.08485539394188;
  -4.147360556067221, 0.4587377919267028, 17.46168143604708;
  -4.603848356961397, -2.526323397149441, 19.97768203045657;
  -4.55432169819042, -1.080837281883602, 19.86972460731356;
  -4.647382054588714, -2.730159100342557, 20.35219596532842;
  -4.559417477008451, -2.827029419569074, 20.0102175492747;
  -4.488866863706821, -2.240761366847368, 19.81608975398272;
  -4.529200031352649, -2.401823464578073, 20.00200110639382;
  -4.424968157807408, -2.726334094268798, 19.84818781169784;
  -4.37619146147852, -0.4632536331617733, 19.7448316436495;
  -4.471311390187867, -2.395495632238097, 20.19037127825061;
  -4.033824352812848, -3.088247762703104, 18.64819732108404;
  -4.366181471283783, -2.210264395388776, 20.14900128755121;
  -4.379022969360049, -4.02438111221952, 20.42459040417407;
  -4.571286377483347, -5.091546943677061, 21.33721641607774;
  -4.260740805051954, -0.4952092350473011, 20.02286088607216;
  -4.277952434911064, -2.67728839434686, 20.3421836810227;
  -4.453761095158794, -5.061467856296749, 21.3180937384948;
  -4.022997598803849, -0.1509462708917816, 20.11080796708338;
  -3.873354760105785, -0.7656762996630799, 19.74624874272746;
  -3.326285232842337, -0.3894656324747881, 17.19237231516456;
  -3.932693215988406, -2.748428480606746, 20.31903528246739;
  -3.891763554961324, -4.169994021425791, 20.63025551947988;
  -3.811117233030023, -2.853481711250085, 20.30719179230924;
  -3.694400214842887, -0.5422911416121897, 19.82220566656515;
  -4.068190212632929, -4.486750098552267, 21.77624926816013;
  -3.643060798329253, -2.49813938946247, 19.7351742265476;
  -3.513602709897099, -0.3138777012782261, 19.17535636812299;
  -3.863095820835848, -4.65111454751758, 21.59913628361948;
  -3.73249867549708, -4.713797148068637, 21.06533683054434;
  -3.750090642900746, -5.095487178414144, 21.70432845859914;
  -3.563782973762304, -3.856571665464829, 20.71371502894625;
  -3.594108882021588, -3.763910474619453, 21.18645811532417;
  -3.640727766675818, -4.513734261126118, 21.61258670872218;
  -3.561857494611801, -5.081561220239765, 21.57474306276419;
  -3.727195353973641, -5.232101970029823, 24.14423569116878;
  -3.750037049508037, -3.443028407385771, 24.40931006157;
  -3.504224691368981, -4.678788377106266, 23.97153328732266;
  -3.382468338018662, -4.743247080112838, 23.34255846198519;
  -4.947784985495656, -3.974602583637826, 34.91500997696644;
  -3.291100610159907, -4.159214269037172, 23.8022885211874;
  -6.359925596068726, -5.107374423935006, 46.0157148403948;
  -2.593963958904058, 0.5257337398665498, 19.67453125340962;
  -3.648120232621844, -3.695692949481743, 27.58853212786815;
  -6.4881520232935, -5.046755565206439, 48.27287768434509;
  -5.61546068408147, -3.616134515107899, 42.3728159327439;
  -5.939050311054322, -4.239252681732243, 47.34854424344076;
  -5.440696265261875, -2.957629421534519, 44.3116587436115;
  -5.203925704792692, -2.276507010027013, 42.60445332250884;
  -2.111807566825394, 0.6292570486573722, 18.69093992077898;
  -3.676896349994399, -3.438535595762441, 31.78027451318821;
  -6.147349319262868, -4.635765222496761, 53.74155839783546;
  -6.571027907246103, -6.041393621676579, 65.45207160840053;
  -6.491683205377961, -6.220924078417799, 67.46487661179572;
  -3.282211440325597, 0.2288730052411884, 38.59080130750238;
  -4.379917718174784, -2.583128183570372, 51.44189320048691;
  -10.25379795685374, -13.5410427464971, 122.4914603313466;
  -4.834730492646204, -4.649530216778171, 60.85497664137805;
  -6.027671102282031, -5.833159961352192, 79.96234038487194;
  -5.753418379480698, -5.051151158359532, 80.03714531585605;
  -9.430841648383851, -11.64414079577983, 144.0381000972729;
  -6.301857728854489, -6.322198572733553, 96.97191239254265;
  -4.735502582830377, -4.817405368671931, 77.78015410491761;
  -4.467961653467752, -5.149520598571678, 79.63968188097624;
  -4.706591644990088, -5.729211021072355, 96.55029219747669;
  -1.459726844977727, -0.6619093175474461, 31.13488523269731;
  -0.1916440389609732, 0.8689174988500955, 5.154943128822796;
  -5.469026508211377, -8.201380979763865, 118.5341405671616;
  -0.6435671248348072, -0.959074001221421, 14.97749223566872;
  -2.215052389600256, -0.2227205063299862, 53.34737036182727;
  -3.276754145869496, -2.074784194078044, 90.31092579940312;
  -3.151211211945661, -4.920289419647477, 88.43963943178839;
  -1.140789825885187, 0.2060361477181266, 35.80315755385824;
  -7.640912492930423, -1.259046809178711, 239.5409429679645;
  -3.815738397545877, -14.66987915141207, 144.4107291014381;
  0.9568683257194625, 1.757586772492478, -48.229312637284;
  -0.226787743429856, 0.2966024235986026, 13.08246263868496;
  -2.719891780830484, -9.05607620155612, 184.2484359216574;
  -0.6925073000414121, -0.290954706956828, 50.59595321688207;
  -0.3904398604430673, 0.1183368642004807, 31.84709778600847;
  -0.04869922478838323, 0.9456274163099898, 5.600580612247105;
  -0.05181455560632851, -0.008524579756571749, 15.0655000050163;
  -0.1720842707460853, -2.854567273379903, 59.85715542481207;
  -0.007224254069276756, 0.8606076579206911, 5.381743481917402;
  -0.0644590593414047, -0.8000153338348642, 46.71025953303592;
  0.0009294984792624917, 0.3052787756712512, 28.9613455838032;
  0.5290210475226788, -2.868946504497709, 51.04345817169932;
  0.1790356366549452, -0.0405392119328107, 14.62795708770331;
  0.507498757844624, -0.7806034585575147, 34.86988751047588;
  0.6303387614760405, -3.676005538644715, 40.88626334741691;
  0.6613917250756292, -3.236444682460974, 43.40583405911609;
  0.7648848923241166, -2.858537135546394, 45.39922238494399;
  0.8450866015323884, -4.27160768202683, 41.45425356442632;
  0.08878700582208113, 0.7448938765064916, 5.049494927809596;
  1.009289214406665, -2.98232266383287, 47.38141008210363;
  0.9366870123857746, -3.26438317129544, 41.86324417019739;
  0.9264780476960487, -4.012242539255847, 41.20558120808391;
  1.013796479913238, -3.110339375406201, 42.35895981986774;
  0.9799620604296456, -5.026176994243309, 39.93583344942684;
  1.097134321405606, -1.315060974239923, 42.98527153607758;
  1.111670157222114, -4.549011068526633, 42.87459719596943;
  1.01165355844997, -5.192822927863582, 38.39247534707256;
  1.268683293231603, -3.762544868963615, 44.93373157426868;
  1.329419919503528, -5.116932632819113, 45.40107104802296;
  1.248356103435582, -5.984970730244398, 39.39100253342673;
