m=[-3.260361014217917, -0.4045175020625723, 7.912806429480044;
  -3.251080415746305, -0.8412957838987698, 7.896256707837333;
  -3.161922377388093, -0.9853497728720597, 7.864723205777211;
  -3.104880969168839, -0.8980633027428784, 8.665836968620797;
  -3.137172884279116, -0.9914085424906723, 8.761666415207158;
  -3.195134795199524, 0.3175815163539456, 10.77808495981469;
  -2.779953764044957, 0.3472790461397774, 9.970069692780786;
  -5.448797061299584, -4.023887989927745, 19.43982241371003;
  -4.721088901590632, -0.4054907899426567, 17.00847841156197;
  -5.318139689186473, -4.301512348376709, 19.0871307233181;
  -5.264339956856592, -0.4988358065844137, 19.33958142407636;
  -5.1601937231199, -0.4081296540074462, 18.97834111509058;
  -5.03033849963439, -0.6071937653857925, 18.77687099805197;
  -5.121810068711875, -2.304888000456402, 19.23968589670192;
  -5.144625941015275, -4.151609029326774, 19.49350808263289;
  -5.015086935046832, -3.50457016428905, 19.04411349502456;
  -5.141919551112706, -3.935006606407914, 19.53932249731028;
  -4.943690898951457, -2.399088713549136, 19.18220144490219;
  -4.996949768812993, -2.290320900494254, 19.46127377546553;
  -4.843857781990574, -0.6182991874450219, 18.95301470775013;
  -4.536081891263891, -0.9872633086870973, 17.90081901008438;
  -4.793798704589082, -2.467416250212919, 18.88849480729267;
  -4.135515845877787, 0.4317517946221995, 16.56599022614117;
  -4.387054902531665, -0.4394968060725262, 17.87992250237164;
  -4.653835946081188, -4.134834626532762, 19.33389693559069;
  -4.58958758693979, -1.089875042699118, 19.10061338529595;
  -4.667685484908879, -2.711854521268718, 19.44893295404929;
  -4.594868058080882, -0.9358185646845691, 19.16873289406002;
  -4.552869568240808, -2.641160107223228, 19.04932268109868;
  -4.62900612499894, -2.828738973367642, 19.36928368738857;
  -4.515225537394546, -2.225412170846297, 19.0046752598101;
  -4.481727142889386, -2.725855240877286, 19.17255853411826;
  -4.355427468819076, -0.467847377908065, 18.73691030858189;
  -4.503927679021829, -2.383057453981493, 19.38156210159887;
  -4.022970991871213, -3.033296505904729, 17.72906196683793;
  -4.378258969025841, -2.186919656970976, 19.24878809605714;
  -4.359358481950099, -3.936858056247091, 19.38198329843781;
  -4.067377038720263, -0.2265543550600363, 18.16673067729039;
  -4.244091246323214, -0.5039425094687929, 19.00272728759396;
  -4.236205080567033, -2.609222465487087, 19.1817123156914;
  -4.376437347237526, -3.896564347555045, 19.97624998919356;
  -3.960739847905922, -3.145182247457622, 18.63863509576358;
  -3.93975332432107, -0.1706654393465507, 18.73934725956466;
  -3.881319169163898, -0.7679239538399629, 18.81090701628872;
  -3.468019475058584, -0.4104788739703204, 17.02117729662906;
  -3.831850727023167, -2.63448609593355, 18.84886299887511;
  -3.946467203528071, -4.145692599906525, 19.87837138461006;
  -3.702272749337078, -0.546911481243939, 18.86969978518797;
  -4.134572118435508, -4.467592408267888, 21.04832640638153;
  -3.662492188181362, -2.473476642950706, 18.84140874940714;
  -3.449444375120177, -0.3169447767245195, 17.8903887247763;
  -3.836630263486332, -4.519332408941287, 20.38948146862543;
  -3.605360495548105, -3.819049411247241, 19.88103945647734;
  -3.718681344735006, -4.059006935157608, 20.53828232372425;
  -3.689404242254926, -4.469424091856467, 20.78574207889447;
  -3.746090048355498, -4.711899851439628, 22.09158516617126;
  -3.223037385969216, -3.429273216032571, 19.10850984826635;
  -3.910676834712806, -5.349096873716, 24.03415541593335;
  -3.896789843189381, -3.481488292582897, 24.01545826401239;
  -3.654816924042292, -4.984653615731133, 23.86605466734072;
  -3.420280193389179, -3.948436838529473, 22.62700394287123;
  -3.748508613586205, -0.6631912000131323, 25.26919551213719;
  -6.236527952132555, -4.557979552875152, 41.54917293776479;
  -2.479637443374604, 0.4718138478626833, 17.70124714689943;
  -6.758008188728228, -5.286410051951943, 46.66516562283893;
  -3.614913719094761, -3.561262945443559, 25.88802826531279;
  -6.655774536048882, -5.059064730431352, 47.2972478810085;
  -6.339936657521347, -4.6259320278647, 46.48972943846967;
  -6.142890395538156, -4.281852534092361, 46.65734209940867;
  -5.360815886025173, -2.308396351231662, 41.76533092751224;
  -6.611326298864753, -6.108813097216855, 64.89201731855737;
  -6.316963741029479, -6.404638140213817, 64.79960560866824;
  -4.318738365962637, -2.465120419901013, 47.54263758877635;
  -6.440695627494762, -5.952020303642915, 79.70874426425324;
  -6.022223629066674, -6.014400105409965, 74.80690403241343;
  -6.83631886486311, -6.790480109668224, 93.46088515411091;
  -12.95035490795702, -15.17518100991868, 182.8908814235693;
  -7.764667387852893, -9.356070087277161, 110.2915336658051;
  -5.083883856460943, -4.877715557018762, 72.79746993950549;
  -6.111371491930384, -5.897315233647405, 92.54708624827852;
  -5.834113369954923, -6.308910327136415, 95.12323998969031;
  -0.2178326110914009, 0.8790228005338321, 4.722363714346873;
  -0.212267637479794, 0.8257939895598995, 4.779546116952743;
  -5.316485387920451, -6.01360802165588, 98.70824373580447;
  -1.176757541707926, -0.5129181292610852, 22.53851406590126;
  -5.100539529856047, -6.932282066568447, 105.7457979864845;
  -3.618340705398483, -0.4252389736485037, 77.53978385112397;
  -1.453492564426204, 0.5913141282087252, 37.23157143257061;
  -1.206051467976466, 0.1509893353944467, 32.46221649989195;
  -2.879242938140821, -1.135737428817699, 79.43947939347967;
  -2.179633254463999, -3.24944208772134, 73.65105028397846;
  -0.4828930819020673, 0.5604938773289498, 17.94932656824825;
  -0.3289452311598884, -0.247007100497858, 12.35479962116762;
  -0.9743133375556501, -0.1820459913809409, 41.86060666811119;
  7.762418297535005, 19.73631289608024, -389.2524425952856;
  -0.3404956836131644, -0.1379066100453349, 18.42353189552598;
  -0.5325904945793984, 0.08129417026443078, 30.50721630752803;
  -0.03391069552277747, 0.8751693108307361, 4.977024105005125;
  -0.7693681784263972, -4.709817479675885, 96.23526228693092;
  0.05614401453357305, 0.1695232906032342, -9.190146726992829;
  -0.1249499254945184, 0.2364378329667534, 24.70043741324959;
  0.0151554971459584, -2.467406673394123, 110.2516735574027;
  0.1591296711143528, -0.9066586641236918, 53.56810859123027;
  0.2586796469799114, -0.643766073701565, 27.04608954860978;
  0.4842628423228405, -3.337791859486194, 47.61782642536462;
  0.4872932502917923, -3.499271907483193, 45.68635862995299;
  0.6913262363343513, -4.747587659336229, 44.87749523375502;
  0.4777149882138404, -1.896826454139015, 29.18000742746085;
  1.118178612255985, -11.1990613620529, 68.12479884839343;
  0.7743635802046113, -4.287313844119362, 43.04035200579684;
  0.7727338353902169, -3.458885733912633, 43.20278689363997;
  0.06886217831379331, 0.7722197785983385, 4.696185483821636;
  0.8360654453622554, -3.276442388102286, 43.40314772322959;
  0.8445146399081074, -5.418671280773554, 42.13213989227044;
  0.8950142759699477, -4.567661514242803, 42.11510672811189;
  0.8389734309868199, -5.276904842042113, 38.21645512301044;
  1.014019559602547, -3.686731767306683, 42.9891389680561;
  1.047085916916084, -4.876131142015955, 42.42424075765079;
  1.319287852725015, -3.793661115740344, 51.63178860013368;
  1.520013461087955, -6.931934961729741, 51.66718745011794;
  1.466797664602865, -8.066384095103089, 48.09681172523968;
  1.123388803026852, -6.94384291678941, 38.45018517727066;
  1.53214403230239, -7.880859461277364, 48.35143166048267;
  1.660304670735722, -8.421067307136834, 49.23863562420546;
  1.621982051282048, -8.464563540820732, 47.97263271503746;
  1.673698881937683, -3.399105899499153, 43.9151861071394;
  1.931062848190108, -10.49793092189924, 47.12292596485197;
  2.054760716208439, -9.979159992440996, 47.01020669249208;
  2.105957081523017, -10.14640777394541, 44.72265601548072;
  2.300615350218764, -10.63233720163045, 48.0287479558914;
  2.360576020922037, -10.41239432873151, 48.5287947029794;
