m=[-6.228905052763962, -2.117842600672341, 12.16200592073074;
  -6.368078091104659, -0.5381963329017584, 12.44208415743037;
  -6.622574871476463, -0.7427983545333966, 13.08156598341958;
  -6.468584512155014, -1.67390288210378, 15.71096291464434;
  -6.467675293779658, -2.015521452174412, 16.08719946263801;
  -6.384582275776094, -1.846692063931848, 17.81960392814431;
  -6.53218465987526, -2.06429926300188, 18.24343925677907;
  -6.560867998160319, -1.81941622119069, 18.59967836582799;
  -7.246359281669246, -5.121275710793094, 23.16714867080374;
  -6.773045599332076, 0.6732091851029334, 22.84738065385487;
  -6.894529390103596, -3.116248208288162, 23.26074043726864;
  -7.65068926939719, -0.6455549333563987, 26.32788143594675;
  -5.520751451151996, 0.6896666134263992, 19.79970941833834;
  -12.05588110643189, -9.813931563740592, 42.15281452441302;
  -9.798515250624817, -0.1672271799980674, 34.56895809580369;
  -11.6203770285297, -8.581544703810362, 41.45833718407823;
  -11.24443433626432, -9.094923408330219, 40.35696702785842;
  -10.68499309521278, -0.9177260545231198, 38.4943978340219;
  -11.24423164935319, -1.065475522134842, 41.30788195975283;
  -11.48207183003679, -0.9081391619631398, 42.22916572338679;
  -10.94706267909009, -1.321379904854137, 40.8623761100378;
  -11.54369396906479, -1.061539621759391, 43.04961747033737;
  -11.34583907670373, -5.105790334310592, 42.61977252998877;
  -10.83844421135283, -9.547668279841698, 40.85315613571319;
  -11.43453154491707, -9.227435571074995, 43.32659665592192;
  -10.75249870657613, -7.513904872771939, 40.83115773968698;
  -11.63259813925904, -8.902191112221347, 44.20393673320071;
  -10.91797740600341, -5.298307864491036, 42.36325576448718;
  -10.73369672385135, -1.370113711288871, 41.99873758310107;
  -10.30985533634079, -5.306585896040919, 40.62282565139628;
  -9.816832041508883, -2.136601215421431, 38.74033534665399;
  -10.41956371514455, -8.156103167688199, 41.31792351020893;
  -10.3942099610651, -10.10419134014175, 41.33210187358218;
  -8.969408090233385, 0.9364147506573431, 35.9295266405972;
  -9.799529274494196, -5.312280602624643, 40.61653772047144;
  -10.07730043433977, -8.95346790489439, 41.8651388325302;
  -10.29355635836081, -2.444378707907954, 42.83897771562108;
  -10.29872808090817, -2.097501127111253, 42.96392523922368;
  -9.977180633121202, -5.787851172934404, 41.74477886511723;
  -10.32066458236156, -6.306854073386628, 43.185054143386;
  -10.13697235014467, -4.996193757479877, 42.66672086181983;
  -9.758247174562102, -5.935115716439452, 41.74519313196475;
  -9.869894786536255, -1.060195452494007, 42.45997314716202;
  -10.08132469523237, -5.334094522183547, 43.38253954589784;
  -7.983582236961903, -6.019574128899124, 35.18330718328363;
  -9.908055727344159, -4.949026995841211, 43.56025225753324;
  -9.590237604152717, -8.660770691274525, 42.63880243879101;
  -10.02519929732063, -10.97247412511504, 44.64822026804519;
  -9.815335154836724, -1.165470849263872, 43.94772080955668;
  -9.796478552778515, -6.033983585882168, 44.35886122894818;
  -9.533576865303637, -10.63875830914659, 43.53626248820297;
  -9.290531069801739, -8.271831461106741, 42.40663271459298;
  -9.222671197060507, -6.157976923822593, 42.52954271151238;
  -9.345390681731313, -0.4048312356809009, 44.45113864874828;
  -8.578893863030777, -1.697345105553672, 41.5778161307062;
  -6.439785779290838, -0.762220637543776, 31.60672432491695;
  -8.550896227808005, -5.878939140573322, 42.06183460616227;
  -1.571452341943929, 1.787174146165294, 8.646754126165353;
  -8.865967728012935, -9.313539149184987, 44.65791557164145;
  -8.671396039125169, -1.280966145203633, 44.19626836138927;
  -9.365420815562866, -10.1197613047502, 47.67758999295877;
  -8.404535425364134, -5.676031784196818, 43.23648465630984;
  -7.509091764181153, -0.6899567448509464, 38.94556804573396;
  -8.497040147323789, -10.00903039402625, 45.15687744812627;
  -8.409955192993742, -11.17421558118362, 46.22958637099305;
  -8.066025354426422, -8.544096885447369, 44.47848378166673;
  -8.459958044431241, -8.668939048096865, 47.29874644845582;
  -8.081176347778131, -9.789711803774901, 45.52855589397682;
  -7.695993659978769, -10.70101944333343, 44.18883087910359;
  -8.626611227670738, -10.85070770787616, 50.87318088234379;
  -7.126344160363394, -7.582344922137903, 42.25015141407979;
  -7.870737243243724, -11.24249242069651, 46.86389209971378;
  -8.429412470524074, -11.52990794153777, 51.80530581900165;
  -8.207434999592552, -9.906704590936629, 50.45998678263065;
  -7.92234600622328, -10.28305299219131, 51.30872797824973;
  -7.600419043937853, -10.36589713132186, 49.63094463202154;
  -7.553870296188828, -8.720332272365889, 49.97293885634417;
  -0.6508957848372353, 1.778168417327373, 9.464388991769724;
  -0.4264065660731194, 1.720684024295774, 9.244010275110005;
  -0.4296058601323031, 1.671314296371426, 9.6732645870756;
  -0.1684827466831881, 2.160075295385134, 11.52469758437122;
  -0.06626123170129952, 1.710073933572694, 9.725065862573802;
  0.1322741992396931, 1.732745382771236, 9.634451023690229;
  0.1401431551100073, 1.571563939176832, 9.557325469513254;
  4.68469887257252, 0.6988597266025491, 17.98158705047563;
  4.757007920576276, 0.3175598053285477, 17.94226001386796;
  4.773202213492007, 1.591367205440003, 17.89346277913672;
  4.852606104493942, 1.251928835416932, 18.04353556390839;
  4.807531862541522, 0.9420229958572989, 17.88341037587234;
  4.822535141935836, 0.3920921360313985, 17.89179803140405;
  4.793206399600025, 0.7141821523012708, 17.78644415923484;
  4.815630510387424, 0.5680861459743238, 17.80853559102887;
  4.833385407453001, 0.128208096713984, 17.70763942547391;
  4.801575223909635, 1.010252366722862, 17.55473706798519;
  4.853034583543294, 1.421990057676707, 17.44858631523021;
  4.773990123954262, 1.645830095424206, 17.17179186241344;
  4.88121814602614, 1.08420074711911, 17.07534145320355;
  4.914345726444884, 1.364585341186637, 17.17837997341376;
  4.809889252436125, 0.7163180401962165, 16.81019794457769;
  4.869474211841347, 0.5377329071982931, 16.94576617102597;
  5.084613371835222, 1.455738027030388, 17.40831754090901;
  4.888601432720436, 0.7493801865270907, 16.47576750606131;
  4.859456471931495, 1.380047391590604, 16.04189769430188;
  3.136980715348102, 1.78945538869111, 10.65740087887581;
  4.819450470506945, 0.42798117674181, 15.68452571118696;
  4.896572002783192, 0.5462500698100743, 15.77039946575944;
  4.617789810517294, 1.58525968406162, 14.79971403376673;
  4.962263688119906, 0.5231715880551089, 15.75351170654616;
  4.958030745044074, 0.4187902739813365, 15.63701029974084;
  4.957513593893085, 1.116202227033721, 15.5951674353539;
  5.040730014136519, 1.214295285954126, 15.74168836353764;
  4.81949136851931, 0.4212085309620376, 14.49282550232651;
  4.808392427651797, 0.5081178838344519, 14.26303906839758;
  4.245865379852208, 1.821946127398066, 12.4539882378604;
  5.036449602605235, 1.541245761046742, 14.38283923167974;
  5.145810024594502, 1.331688004159024, 14.52703645940625;
  5.056641928740723, 0.8994914969660084, 14.24192139365477;
  5.009126685427743, 0.8807280733312869, 13.82404614359094;
  5.041326659015211, 0.4260212883465249, 13.83653441968758;
  5.073571210301756, 0.6493461242457536, 13.87503276677938;
  5.089536650082756, 1.180789448797637, 13.90644350968613;
  5.001177047710152, 1.396553410955933, 13.6758385917715;
  5.025640205946037, 1.211231899520466, 13.66680087847474;
  5.008415837983516, 1.100722023228463, 13.62304639800417;
  5.051821428009505, 0.8863788680840743, 13.7323799481947;
  5.02621616366996, 1.002552579452519, 13.65675050415736;
  5.040192967879032, 1.052542912506421, 13.55464521676029;
  5.052682602733856, 0.4728858683915199, 13.51105086830317;
  5.013854032281683, 1.294818029881653, 13.40339669508336;
  5.097289140042269, 1.00057444167443, 13.50466236828977;
  5.079237398018614, 0.3993186315995845, 13.45487212533986;
  5.026656924580531, 1.46709317665979, 13.31927146094148;
