m=[-6.604197641393586, -2.053184010886922, 15.20828856659238;
  -6.588821632404221, -1.911462986430032, 17.11518782725698;
  -6.551474573008978, -2.066121446285756, 17.04928904342986;
  -6.735056947800679, -1.854358572592042, 17.80654818069365;
  -7.072787865185712, -4.709748731987024, 21.32035893676173;
  -6.841171871970036, 0.6455890286164677, 21.70178310178121;
  -12.12333735809069, -8.385987152674892, 38.65180774884246;
  -6.303638065622057, 0.6668974900644793, 20.5545154692899;
  -10.72012890765191, -0.2515989370250486, 35.20457760689282;
  -6.408130257689946, 0.7574354442282709, 21.43812501285377;
  -8.334268578138321, -1.065915951727545, 27.84095392166973;
  -12.86080398515535, -9.16578688722174, 42.88117458061139;
  -12.36205614437915, -9.972186644567641, 41.42742159651083;
  -10.19769873324305, -0.2204322927074983, 34.30533661670921;
  -10.70481249890579, -0.4667219416905566, 35.98720287901841;
  -13.39770899876919, -8.743020094441063, 45.00127350758562;
  -12.70142572569838, -9.289818267881101, 43.39242210041585;
  -11.68580726298034, -7.674230401451577, 40.16239902701228;
  -11.31128193582782, -1.042720742031758, 38.92775957859285;
  -12.50288491321298, -10.03170002771643, 42.96008811921299;
  -13.08437150983156, -1.294942085828891, 46.00594193145515;
  -12.31074388369797, -1.029373636839748, 43.35669591493682;
  -12.20268408788549, -1.508882423122611, 43.58588974523096;
  -12.31290168253718, -5.521309622942784, 44.28230188016885;
  -12.37075505777751, -10.7868254230942, 44.60880653792935;
  -11.56726534193078, -9.240409345204411, 41.97744050546747;
  -12.01058069594429, -8.324322675131317, 43.6232496586522;
  -11.60048946721495, -8.810288130306718, 42.25402202677575;
  -11.90153515943836, -5.747341920043407, 44.18196211289428;
  -11.83359902483458, -1.554020281026641, 44.28689133151664;
  -10.90294893071695, -2.387273021740327, 41.07022173130713;
  -11.882729815569, -6.079345615061263, 44.7387208649799;
  -10.09038410483448, -6.372181032203805, 38.18998612267935;
  -9.586811137974097, 0.9297662196157651, 36.58702396371126;
  -10.81247920743813, -9.490712859122523, 42.91591366814655;
  -11.29008114842756, -2.699052469023552, 44.90851784932024;
  -11.35822796545549, -2.347770050097316, 45.28184980628963;
  -11.19089920971542, -6.445478356637847, 44.72471531517746;
  -11.16722327665341, -6.772528080255367, 44.66970095673828;
  -11.03093052449681, -5.411259374746867, 44.36325815451662;
  -10.98337763813767, -5.702964835885934, 44.1885892333027;
  -11.17019845786085, -6.733974809949832, 45.62075023874689;
  -10.78951614254007, -1.214850968875986, 44.31555105445926;
  -10.75853257066715, -5.631041363694443, 44.22952195599834;
  -10.32022174380204, -7.663149351443564, 43.18349265906829;
  -10.61108713699962, -5.256828166102696, 44.55241956650396;
  -10.4164617425891, -9.310733516907584, 44.24534667260156;
  -10.35983849023054, -1.281573488450268, 44.28676151438363;
  -10.14269575095084, -6.193981274754221, 43.85949564251101;
  -9.571535963938688, -0.4773741767033718, 43.42836014632573;
  -10.03448676913503, -1.995064272998279, 46.33439629651637;
  -10.43700013809792, -1.242128021229847, 48.47549884937012;
  -9.898768487461352, -6.343909031285071, 46.25364675675547;
  -9.528978944520597, -6.479233004216545, 44.63124100239369;
  -9.155069030186125, -9.476062765785056, 43.96738767394469;
  -9.760438853659732, -1.495942309593239, 47.35320919407923;
  -9.672162199931773, -10.30460998506858, 47.01968214923215;
  -8.786109496314138, -9.040934896062531, 42.86788749295099;
  -9.060969407264459, -6.048160892030206, 44.36166783980682;
  -9.03103162715192, -0.8801084806850041, 44.45224741078;
  -8.984000139059027, -10.41238530932669, 45.48783698582551;
  -9.479471342259119, -11.51478139113045, 48.37047385097898;
  -8.654648922092958, -9.022200702492658, 45.40632348796871;
  -8.849402671643487, -10.53349082935715, 47.43824936966038;
  -8.769291242657245, -10.82961162982683, 49.26481603512382;
  -7.959357034965596, -8.345500953584256, 44.8165978498067;
  -9.460076602526044, -10.23539029254767, 54.24973432190824;
  -9.888997203232824, -13.25200352404841, 57.83774557124973;
  -10.26183071798497, -9.003753954319574, 60.23769058222977;
  -9.816742207205946, -13.08321377357945, 60.80957473076523;
  -9.023821254742471, -10.19083325182071, 56.60512271879149;
  -0.5002672077558418, 1.812753373629394, 8.696945896154521;
  -0.467216636946758, 1.635145303419275, 8.49847593893333;
  -0.10910559964075, 1.791343316725371, 9.143816142684608;
  0.0956433306732723, 1.50857182536637, 8.211381836480054;
  1.780635212645118, 1.658606158968597, 13.22566221949082;
  2.63781657850129, 1.671801251618477, 14.87028022976259;
  4.42055268546744, 1.231055784482117, 17.89633488326853;
  4.64977687068715, 1.208142967231762, 17.90899075136812;
  4.61546226264337, 0.6438924741007303, 17.6684535639341;
  4.72399885642552, 1.368500942289073, 17.95263488487852;
  4.651617616334207, 0.7506185021142833, 17.60543602469372;
  4.723234986156076, 1.232236124177838, 17.52408602740424;
  4.717033157670787, 0.7030049976774949, 17.43251422968534;
  4.783007930312165, 1.376994643954876, 17.4122477853753;
  4.739326049828736, 1.585768982314051, 17.09269979021905;
  4.765632716607876, 0.9350303036649251, 17.05457677101054;
  4.747086627431984, 1.229666579071927, 16.99110809259357;
  4.731119401525197, 0.3749277219192836, 16.88426187381143;
  4.755710380805951, 0.5559894900223721, 16.91192662254034;
  4.694029010845862, 1.111920653005163, 16.56524748079057;
  4.814312375843868, 1.018925081535267, 16.91019346783171;
  4.782630604162854, 1.408564332209616, 16.50869210020976;
  4.548375327459141, 1.584762477542695, 15.69537437859724;
  4.82145487354924, 1.073837438237736, 16.16291372173417;
  4.770727097914941, 1.332603599807877, 15.98838156915352;
  4.738227719208054, 0.6977571320879685, 15.85074299944423;
  4.736589710676007, 0.5205850824729359, 15.78545188719181;
  4.745134131445282, 0.9144980412574083, 15.74020227362074;
  4.655443010182684, 1.360678446498008, 15.30534391504466;
  4.846003621144547, 1.009688715463811, 15.73120636902479;
  4.832321264339059, 0.9266905632781144, 15.6509817029397;
  4.791275304955751, 0.7353866809566808, 15.4287977775801;
  4.862079628061017, 0.4249162225275271, 15.05824577819876;
  4.874757489905823, 1.099010239720321, 15.00825824575999;
  4.857472636050871, 0.5388022417927156, 14.89240825844935;
  4.865086139123418, 0.263841668824305, 14.82758509898719;
  4.362990881906903, 1.513303908542426, 13.25273273011937;
  4.871468441825933, 1.346951554799279, 14.26367789937408;
  4.875310867996495, 1.047500184815052, 14.21594702739682;
  4.916854744220623, 0.439410368071276, 14.28915307599427;
  4.851003247768667, -0.876608189291289, 13.94520861571078;
  4.905214064154848, 1.55024080090538, 14.04358250262701;
  4.813891828996403, 1.568672000531088, 13.31209660119854;
  4.871313262183404, -1.017103833434126, 13.40401857319572;
  4.942226850497024, 1.296330957535042, 13.43146792514432;
  5.039572275163525, 1.554035640152933, 13.59069945148523;
  5.090226932387727, 1.368584245301711, 13.64665235033055;
  3.965867944317188, 1.716456212733984, 10.85371957384855;
  5.084551498304303, 1.229430045028254, 13.58576349847082;
  5.050002762424381, 1.316766957888162, 13.47175684291291;
  14.61414170107815, -8.388393366798274, 36.70921732680921;
  14.78310880597623, -8.099411561584955, 36.24782445459539;
  5.022664766454145, 0.4248930622182103, 12.96904729831286;
  5.094214978129661, 1.187655551196651, 13.10173282546801;
  4.992043803427658, 1.40550246915477, 12.83348161692337;
  5.042754532979222, 1.115899052989807, 12.88906051965917;
  4.997979709467662, 1.211528106408161, 12.77481486075101;
  4.994360311242396, 1.002995406381333, 12.7539000084671;
  4.764113131359536, 1.67555398945533, 12.15413670384122;
  5.083338617674319, 1.179168185873773, 12.89299037452881;
  15.10145898411352, -8.131165109724636, 36.14877541408998;
  5.041896143646897, 1.057684101856536, 12.73382157316622;
