m=[-3.294118667338484, -1.024111049516732, 7.585767414270021;
  -3.283409627573536, -0.9525399718712242, 8.52901711792725;
  -3.254703383582632, -1.026427316046255, 8.469906754418448;
  -5.75197485784866, -4.027350058408117, 17.30576608712012;
  -3.350124750004325, 0.3161452194997202, 10.6273723346124;
  -3.045736811409937, 0.3600034521745678, 10.18938190916158;
  -5.700103171376113, -4.062415612920884, 19.00558623717514;
  -4.85877910723044, -3.190827086184189, 16.69890841918019;
  -5.537262419454569, -4.049951768345452, 18.91718562740572;
  -4.872701213432793, -0.4491857469201914, 16.76939381503864;
  -5.524684561395779, -4.432735216902534, 18.98289372699877;
  -5.37920140209922, -0.5323720958621521, 18.91380317018869;
  -5.424435439153588, -0.4535689222808087, 19.10409314558355;
  -5.20221743762649, -0.499374830673859, 18.58417390744021;
  -5.230303712425487, -0.6467358560160252, 18.68174569643817;
  -5.221977139627889, -0.5679765668322209, 18.72171286605954;
  -5.224882397906128, -2.342924048781899, 18.79084440027656;
  -5.150672849561219, -0.6299770307152613, 18.63482826153662;
  -5.172912344268, -3.585254752786231, 18.78837105124543;
  -5.165292420530132, -3.922913307302487, 18.81423885851056;
  -4.401970623259246, -0.3246201936002948, 16.39653724101289;
  -5.102235214518085, -2.463908222046985, 18.94098197576984;
  -5.131981267894372, -3.98750311194404, 19.10447977900966;
  -4.377117064346199, -2.764194310482095, 16.56646944338164;
  -5.041851902954638, -0.6621096502155478, 18.86898033870754;
  -4.859206488410184, -1.063955506951493, 18.30410187054682;
  -5.042667235182458, -2.579888411184213, 18.98574530864271;
  -5.02346013194661, -3.898766908442251, 19.05027523781131;
  -4.341563558928537, 0.421061714819552, 16.56910600244299;
  -4.586770887290015, -0.4636827411774419, 17.4995942507722;
  -4.790429966826371, -4.204826147143837, 19.01374096961926;
  -4.437700125094679, -2.555925093554138, 17.73538220920444;
  -4.679965083598608, -0.9673588073941583, 18.65761777794126;
  -4.708747630772966, -2.309891690800911, 18.93724072185457;
  -4.699255741019007, -2.440022653214592, 18.90615878680995;
  -4.649319524156548, -3.903044236651851, 18.92244192899634;
  -4.534533443787652, -2.373385516965597, 18.64197047272383;
  -4.527910806815611, -0.5098223829478427, 18.59739212385444;
  -4.457300391408595, -3.309711695305905, 18.65093633741475;
  -4.359520612503975, -2.15974578764945, 18.3041745797989;
  -4.560245152857331, -4.076166018680206, 19.37026532486183;
  -4.374018980577123, -0.5410920999175888, 18.69827754890952;
  -4.249830888486696, -2.595303417406658, 18.37730756318084;
  -4.29171782099941, -2.837357095311766, 18.87589601860605;
  -4.080179474967045, -0.2034963171013234, 18.51275535798113;
  -4.108560243268718, -0.8168670648925575, 18.97133983028153;
  -4.22955988893576, -0.5033682845647974, 19.64453605601014;
  -4.058868466159196, -2.759829219775395, 19.01067656512498;
  -3.997174689448526, -4.137323063117478, 19.19650508281201;
  -3.901793039943963, -0.5980117676307181, 18.9297248640814;
  -4.148940405258074, -4.420233226421535, 20.16941559486225;
  -3.953496696899209, -4.068160801257791, 19.28931703816421;
  -3.771031930014397, -2.51714875269577, 18.46262340964129;
  -3.649115738953259, -0.3556202482115239, 17.96155769965757;
  -4.07870737702545, -4.727189683462132, 20.65133274791445;
  -3.711508742963532, -3.869131733650415, 19.47230536194547;
  -3.650040851326658, -3.691742875208652, 19.45598786464807;
  -3.810745607367614, -4.53595066216656, 20.42794379624153;
  -3.771083272641666, -4.657088712915251, 21.18548905937914;
  -3.932096781472287, -4.665318131429734, 23.01683239286693;
  -3.703309846884335, -3.249292606193261, 21.73869739400139;
  -4.188748530936775, -5.325368862233534, 25.77703878810646;
  -3.865806607391091, -5.152134301203056, 23.9466465376137;
  -3.531481447178292, -3.98819275605427, 22.15247122626738;
  -3.623072907003939, -4.33671754404742, 23.44784072029913;
  -4.441914344005297, -3.78905034821805, 28.58643115905154;
  -6.419862142434774, -4.613894503100647, 40.94840112301495;
  -2.712445775028851, 0.4713473237409358, 18.264249096435;
  -3.883189453290734, -0.8749581668543177, 25.97640243583215;
  -6.303517436010758, -4.86158337901876, 41.74231528796573;
  -3.517311906195088, -3.397419471778766, 23.93963745991796;
  -2.413099499160317, 0.5541537688481885, 16.98508844498279;
  -6.142871735813448, -4.600089672448167, 41.83768098435346;
  -5.64783351185912, -3.871821325276697, 40.98849885462452;
  -2.576248734057697, 0.5311775761774571, 19.47266213943391;
  -5.265134737357192, -2.238727241986188, 39.06982494960889;
  -2.28335953060714, 0.5842098855496023, 17.6975502593051;
  -5.821177869289443, -4.197971742052283, 46.14931686705096;
  -5.486807277835649, -4.759002601248593, 49.18456460948917;
  -5.19763967304537, -4.691073643537813, 48.49525483269217;
  -4.149165897839318, -2.332775095713531, 43.06336048153519;
  -4.74802336726422, -4.254721048133294, 52.64646562080925;
  -4.303567273415609, -3.863685837792012, 50.17197063709521;
  -4.654742749721407, -4.47028517198692, 54.24248375750779;
  0.6261782972386619, -5.298616736445309, 40.14743463412481;
  0.6513435833878637, -5.220613433787215, 36.83723131707005;
  0.9774757720689106, -6.52703888906491, 41.18238215726673;
  0.9937076047301683, -5.412404784870088, 39.43522942308267;
  1.176996615844643, -8.454330162989468, 45.86615246847077;
  1.134510351861329, -7.400679231555657, 43.21882636737141;
  1.229661755837573, -8.626617472947496, 46.82284189886801;
  1.230179293275403, -7.375002832163744, 44.30871474806536;
  1.218667290030588, -7.200287536622097, 41.25533279435204;
  1.324062616666293, -8.016742401456556, 44.52494502536103;
  1.394044339442834, -8.157643584768943, 43.56984894303216;
  1.418752031449711, -7.938062146972225, 43.3472940371856;
  1.210797306652807, -7.791247477893174, 37.04542788726995;
  1.461745276450839, -8.980423045355121, 39.65132783422385;
  1.94236808204447, -10.44364635076613, 45.13077666022402;
  1.975667251999398, -10.1280286368081, 44.89758018770603;
  1.969254394689342, -9.635348584379486, 44.09090715778474;
  2.222896252767905, -10.46409023116208, 44.6947121353472;
  2.395243540097901, -10.21927339966199, 46.35912664821002;
  2.596733937777413, -9.641162483073282, 45.67805351986232;
  2.612762503826978, -10.44637957832146, 45.74996002737893;
  2.613310778130405, -9.172530007840109, 45.10044229350238;
  2.691297296380312, -8.203450830522181, 45.39586698285758;
  3.193948141417374, -9.686188577299298, 51.15526049351766;
  2.9030377132491, -9.212321550289795, 46.01233593831331;
  2.805835424258384, -7.830988189311994, 43.90117728075075;
  2.953155692938247, -7.22220485326759, 43.43207451250832;
  4.042102782520029, -5.574705355098151, 34.74917646729567;
  1.006183675015926, 0.8351774788874135, 7.255921374083981;
  1.340182575819378, 0.8043437181256155, 8.647197666433948;
  1.168047705690072, 0.8542621360302382, 7.624950563252068;
  4.493042687663845, -4.827518950887924, 25.20419701265782;
  4.723618759499064, -4.26711942321864, 26.18088340043062;
  4.527646294186065, -5.589987719895835, 24.85336389598263;
  4.602349517147914, -3.308907172960393, 24.845116824903;
  4.610570974045742, -4.289350121479346, 24.54807840803691;
  5.132309096873995, -6.143428515540481, 27.08903471095723;
  4.757431108233705, -4.825296107496239, 24.74074365964875;
  4.569634323515966, -4.232530780178424, 22.70346607766853;
  4.721406459474951, -3.319497114677618, 22.98706636861794;
  4.929285328932492, -4.180919726243338, 23.41923944611309;
  4.619959801316178, -4.485498672940757, 22.02016783654246;
  2.339476110918541, 0.6084481119172809, 11.63090672989199;
  4.906291617497026, -3.468421963215831, 22.77913344157592;
  4.78752114467612, -4.121280640619982, 22.18237002187873;
  4.283959826124447, -3.279339687040901, 19.92782199595145;
  4.906345070289187, -5.188698484655103, 22.58062244575789;
  4.881823673395298, -4.079632484947768, 22.16251580587486;
