m=[-6.087277889409354, -1.49099531374844, 12.22437865535293;
  -6.719831323467694, -2.087620150125691, 14.28616148242974;
  -6.754578751971248, -1.963250174423037, 16.30577031471574;
  -6.669668397947192, -2.102323335290783, 16.12485469682524;
  -6.963642550250258, 0.6104363766334757, 20.74634907287719;
  -6.191826310430577, 0.6824761748551058, 19.42740310639167;
  -9.737609984179606, -0.2805823691661028, 30.54104771713538;
  -9.625113996719286, -2.52425751798155, 30.6627759825187;
  -9.058689681313007, -0.2482014020970466, 29.07058520968469;
  -9.729844634497617, 0.7462298258173968, 31.20855494994769;
  -11.74700411414673, -8.331525273142942, 37.56341142853214;
  -9.720529741087294, 0.6182788897909982, 31.35001299781775;
  -10.9403889522504, -7.092099789219066, 35.25861767224175;
  -9.244158748318586, -6.028626382272039, 30.39475408756305;
  -9.861518322861354, 0.6121894401941954, 32.33954302430877;
  -11.24380344092002, -8.174391872971796, 36.82942754292863;
  -10.11510675804834, -0.9976584447775285, 33.29413777046696;
  -11.30415813105613, -9.006151435972306, 37.22732950744005;
  -10.5964536415461, -1.096306267132575, 35.77853146757634;
  -11.41701448545614, -1.013083224441441, 38.55602741997176;
  -10.76635254709211, -1.385169234322338, 36.86244941142417;
  -10.65057544270718, -4.773074659972568, 36.7125974706359;
  -10.59049151177147, -7.302064063416145, 36.8553643885026;
  -10.71277613055726, -8.076149666726362, 37.34855739246824;
  -10.42800182930558, -5.022245882180016, 37.07976367311622;
  -9.804487406146597, -4.476144479239862, 35.03026963279066;
  -8.573520799707657, -5.355720723953207, 30.94749820340037;
  -10.39020454149506, -1.413399309838622, 37.26261637906919;
  -10.15948122236719, -2.245593943916036, 36.60917516969118;
  -10.33074294104913, -5.273328520331088, 37.25990908148872;
  -9.811694555083248, -1.051855650794203, 35.39836035187823;
  -8.994020831254739, 0.8018379666334082, 32.76143799536725;
  -9.129875724539897, -0.9992789633958019, 33.96038995062408;
  -9.82347386365713, -8.549138376197883, 37.28955755867674;
  -8.590489612553339, -4.925102015244542, 32.85214044102708;
  -9.394745254696368, -1.969170696807545, 35.87088511140411;
  -9.784010629398203, -4.787627923545935, 37.64180095604473;
  -9.774323787264102, -5.064037905256125, 37.61925471186354;
  -9.407222232206321, -4.47551585931964, 36.85351165328008;
  -9.37946602894599, -4.897346472487291, 36.87407497671698;
  -9.283885278905997, -1.093736114913847, 36.48713190135092;
  -9.188218824398467, -6.767603979841224, 36.73029336574555;
  -8.832844393198013, -4.364407140189343, 35.45252629821564;
  -9.523977341956469, -8.470154984120288, 38.73657023956508;
  -8.650760654684223, -0.6529236551715312, 35.18326884190434;
  -8.991159684066618, -1.154945875481166, 36.75634080990587;
  -8.706742294421623, -5.296715916376617, 35.97143803726117;
  -8.67044457469601, -7.534393604028465, 36.08922516148777;
  -8.8654777800182, -6.897626435438146, 37.92095206620749;
  -8.608140499144238, -0.4923811024242006, 37.28651973665549;
  -8.635969697101585, -1.764192837467235, 38.08387289913011;
  -8.533810994209576, -5.761352423553737, 38.13161953564728;
  -8.742132768950528, -9.013393060913018, 39.49027526941536;
  -8.3307049894033, -8.530323733460046, 38.16846650962833;
  -8.567267891637505, -9.015829521484859, 39.75737618500259;
  -8.43611936597431, -8.582954188305569, 39.22529393016757;
  -7.831613740941474, -5.199713636410407, 36.55468277399255;
  -7.224768119066661, -0.7430739773769988, 33.93100138543036;
  -8.802662844253325, -10.07589703747807, 42.50821270262814;
  -7.740460930789998, -7.992577029348549, 38.74052468948223;
  -8.066790203162771, -8.555231779772534, 40.43687198539452;
  -7.937080345392432, -9.307745117397914, 40.53127438050371;
  -7.926745149158514, -9.64439352812696, 42.42878914693277;
  1.985173730455444, 1.679545282854625, 13.72177051125116;
  2.324216975387941, 1.72065209801088, 14.52875324596201;
  4.632557993978042, 1.202038542997043, 19.13885565115792;
  4.520818292332802, 0.6305842299807782, 18.6422312805297;
  4.901281595488635, 1.352245354478758, 19.0866303317579;
  5.155058646851571, 1.298056655869895, 19.89703438692667;
  4.774852971341502, 0.7319102747339036, 17.73238994387029;
  4.579409412350218, 1.023196159597366, 16.99443319276686;
  4.72622644565179, 0.6330151763786289, 17.37415920122789;
  4.761941456268499, 1.369246609118334, 17.3951363253771;
  4.734368670244781, 0.75010460538957, 17.20318994269612;
  4.744034824483404, 1.227311295263273, 16.88728925087897;
  4.649276066246138, 0.6732061532325802, 16.47779905078837;
  4.73899360418161, 0.4145475029105205, 16.76125294325674;
  4.62912680213804, 1.328693565626091, 16.16038251380313;
  4.816847313202317, 1.60357001795736, 16.63112482998595;
  4.724218190008893, 0.139723560232631, 16.2558389568973;
  4.748103684164835, 0.919986892582094, 16.26607869197068;
  4.780033086982955, 1.226160138264702, 16.37190530759159;
  4.800408969410574, 0.3575232582350301, 16.38645443715646;
  4.586188847608709, 1.554137355059629, 15.65283437370856;
  2.771817558291971, 1.71325373366426, 9.846061155956333;
  4.750942293621662, 0.5354946280588414, 16.16129972271441;
  4.756434725849192, 1.109517860989741, 16.02947603469566;
  4.739035421832176, 0.9819496775249881, 15.91766828576725;
  4.832653359494139, 0.4055467861972206, 16.14751690217636;
  4.821930753290586, 1.090935740452912, 15.94657099652419;
  4.922268299528521, 1.225462086009644, 16.19861691333507;
  4.857890734448228, 0.98760972957169, 15.88074994304911;
  4.531651107151547, 1.57577814371022, 14.87406565500527;
  4.743892683121922, 1.129322780349218, 15.52263729352078;
  4.75537315445148, 0.497526075087401, 15.51466848920752;
  4.81040280930878, 1.333319876812993, 15.34814296595653;
  4.479612572402191, 1.55032941540371, 14.33153538169515;
  4.76720161394281, 0.6844512741593851, 15.17371619773529;
  4.736244143420146, 0.4996541752340011, 15.01304717885339;
  4.760865971608951, 0.7678433636519707, 15.02664122910195;
  4.810719076629606, 0.9181958650617914, 15.17627655553875;
  4.627418029804051, 1.341290160522024, 14.4322059575825;
  4.876651766609531, 1.354177768961864, 14.89473285673524;
  4.800277648850454, 1.237456284093963, 14.38044249381442;
  4.886985147616451, 0.8618854130400491, 14.40414188503157;
  4.825186827930234, 0.9619248054829638, 14.03695600046401;
  4.831836410129587, 0.4870494193096392, 13.79282644004984;
  4.825346906308504, 0.6609008230942928, 13.71618793263438;
  4.872962387776856, 0.5655884503006153, 13.81818977563631;
  4.843285394111481, 0.3897880072061347, 13.71391036358653;
  2.983347790559109, 1.745315971863778, 8.728119060210206;
  4.869014651999621, 0.2175673640044662, 13.57040030413037;
  4.898370465314796, 1.345871258935086, 13.51740869672429;
  5.068390707086284, 1.078152020645137, 13.9250963739443;
  4.787994510087859, 0.4092455143354266, 13.11559041762498;
  4.899663025805042, 0.7433802324679288, 13.38854748872111;
  4.908422477400283, 0.2785301838424888, 13.35266182506568;
  4.886284216456261, 1.391699686745225, 13.30107382989669;
  4.871857933114666, 1.249004522954974, 13.25879441757187;
  4.860537081407749, 1.531866439823383, 13.09711197119678;
  4.52651599432849, -0.8539810141733396, 12.24412097829986;
  4.710407959834848, 1.523881972956595, 12.62321827841448;
  4.427940205807598, -0.1042434379722719, 11.84931340110006;
  4.672493845971684, -0.7814239038767894, 12.45159740936745;
  4.644219268255459, -0.9460982161670163, 12.36671882813537;
  4.568000181478825, 1.075942658476043, 12.03115284292862;
  4.744700634853118, -0.7328119562349015, 12.43132435548172;
  4.709496121961492, -0.9085619896406156, 12.33928187568808;
  4.797779638286459, -1.094705540036, 12.47390445501584;
  4.784328754950718, 1.55712539495856, 12.39333777848264;
  4.810092011354141, -1.037908539119091, 12.40555982806043;
  4.826627154294358, 1.40047531511242, 12.43842685706114;
  4.927893210566888, 1.321087178324673, 12.62533392490168;
