m=[-3.311314007758262, -1.043747948717818, 8.005564001817223;
  10.22228772744865, 1.274079226963963, -21.23523885565536;
  -3.459014059544352, 0.3032188964318137, 10.30522641124338;
  -5.616343421201306, -3.796510993837194, 16.43216396551869;
  -3.393266947196715, 0.3430038760979727, 10.36990594170377;
  -3.131272715218137, 0.3451354928206356, 9.824645302487181;
  -6.001128062176046, -4.256280974412412, 19.18981556866533;
  -5.821979861057629, -4.23265535642811, 19.07007593790405;
  -5.506056825980946, -0.5696551704660943, 18.59099601382103;
  -5.555517468527121, -0.7147575601379061, 19.02129627857822;
  -5.411927627245162, -2.425365160611777, 18.65494701089719;
  -5.361893596329269, -3.696985215284687, 18.65961953564126;
  -5.528880167957975, -4.168113211892637, 19.27564767082614;
  -5.41201383973543, -2.6064882482594, 19.24397381759832;
  -5.234287273270511, -2.389663539811063, 18.70148707654009;
  -4.605076192166541, -2.876706381654879, 16.62276100017806;
  -5.354711649865391, -0.7284116227047403, 19.20371877498728;
  -5.266702904548304, -1.164122053872253, 18.97829672393499;
  -4.491302218180849, 0.4004100841803185, 16.35992643335471;
  -4.463070793355044, 0.3794786244683139, 16.28049724518306;
  -5.085432217028396, -1.230592760921064, 19.36584632857737;
  -4.913310153488037, -1.029846591501678, 18.75993220192545;
  -4.960493014621624, -2.992543056225105, 18.98611257526431;
  -4.956588978267848, -2.5679888463925, 19.07683716375697;
  -5.018156277684121, -2.455543644604111, 19.30623820086042;
  -4.864371682299355, -2.923309725765146, 19.01754954131671;
  -4.847180982978919, -2.306061749880315, 18.98920174652607;
  -4.865052038396879, -2.540213415687104, 19.12628001166027;
  -4.785242194622144, -0.5637502025967062, 18.80675578055644;
  -4.702984088077148, -3.463993886071228, 18.8003778045432;
  -4.591363308698004, -2.268643928915608, 18.42842703893078;
  -4.79238497821866, -4.262110466208154, 19.49191505380759;
  -4.671960506266764, -0.6001296503148303, 19.09922397697783;
  -4.49979121441995, -2.737432088814694, 18.59064566018281;
  -4.510136777763933, -3.919193000881333, 18.77266387894951;
  -4.417894066971305, -3.437263468641174, 18.89697919324743;
  -4.495827970105296, -3.035226511229516, 20.08870383584762;
  -4.376300421909321, -4.512092975229831, 19.76878101607744;
  -4.241660738526513, -4.343298593956096, 19.4338517627967;
  -4.1616060379636, -4.379497763865351, 19.31240377654082;
  -4.145719137606388, -4.217877425866387, 19.27628624844029;
  -4.153759676919285, -0.6605311394380878, 19.23964985974329;
  -4.009045341633266, -4.139624757964453, 20.0650221514581;
  -4.162108717238001, -4.414123073960939, 20.86364627683768;
  -4.06693035819116, -4.948194509576951, 21.7686991818162;
  -4.158253216517429, -4.435883138050563, 22.73835505702083;
  -3.863672510750681, -3.342334174133166, 21.62501740408522;
  -4.067835085424375, -5.334291431510823, 24.04862128982961;
  -4.261118896159724, -0.7922994143155263, 26.1181359088903;
  -4.671529203786567, -3.935586541178356, 28.83041829489197;
  -6.17368647910503, -4.682023601080708, 37.83227144152958;
  -8.35233920640656, -5.938814338742771, 51.22455160152538;
  -5.898252063776341, -4.024924548800709, 36.82227736629087;
  -7.391717028009265, -5.684512429720665, 46.2321840660516;
  -4.528092065919879, -1.053328131854774, 28.94917536294764;
  -4.064908080498623, -3.869090509548907, 26.35230497471444;
  -7.75680140271017, -5.924241321904865, 49.41524291102881;
  -2.511637314913874, 0.5322267566089263, 16.71544810698158;
  -6.934500555589901, -5.528497387755119, 44.96915047925302;
  -7.680179106906071, -5.698435046001535, 50.27738795519622;
  -7.768028060120198, -5.540070905654468, 52.37727265481978;
  -2.682034650681761, 0.5158608948892052, 19.2024789739261;
  -7.342065802112414, -4.995622759664143, 51.14406059835644;
  -6.700044444129367, -2.874140360785449, 47.71646192636509;
  -5.027098628265267, -4.541176757584358, 37.93604363910242;
  -0.3090534593447715, 0.2067227528105012, 9.65132870143554;
  -3.072058515860712, -0.6693659171086711, -21.85752471282109;
  1.015212707317392, 0.8589151103051368, 7.0172779219274;
  1.206151926390459, 0.8929320561034121, 7.539693540334698;
  4.437168593813721, -5.665506844660784, 24.43047000669332;
  5.007576961429499, -6.193606847728956, 26.53538781766686;
  4.672939605277361, -5.258791134788432, 24.20655538238945;
  4.613815137485813, -4.153696390823136, 23.31210255892312;
  2.228146895001751, 0.748991457015817, 11.59102812174409;
  4.616386952157903, -4.686634105949236, 22.44044346025125;
  4.58664424549586, -4.019331239040574, 21.76057041070287;
  4.665530434044768, -4.661934011392871, 22.12469059018827;
  4.651596534868784, -3.400084042654165, 21.54001390167955;
  4.395686984580792, -3.409341964622735, 20.05864610251541;
  4.731764105678642, -4.079244045335477, 21.40251478382152;
  4.720218029031388, -3.912017698529721, 21.24213271873844;
  4.730166170724019, -4.004178609743686, 20.95252701403274;
  4.599132564646802, -3.57523674930732, 20.24334062876821;
  4.76012341089665, -3.113629507318925, 20.79917966729453;
  4.856979469539189, -3.26989412702083, 20.91084370358954;
  4.755263323493152, -3.162801520948888, 19.66233726484123;
  4.868602923182973, -3.970639300633431, 19.61303656000801;
  2.321566018548345, 0.7793800996017259, 9.829798644388383;
  4.292552190816416, -0.9577680852884585, 16.98241607548069;
  4.759530422694197, -1.793523668232643, 18.71308227059723;
  5.114021988009097, -3.14794495417183, 19.88872319551329;
  4.236522266070785, 0.2676836444150965, 16.38815173375501;
  4.932759120253441, -1.313133880066856, 18.54414827555164;
  4.337157068877731, 0.1683898440515183, 16.33653526230322;
  2.576647297258933, 0.4677689923086252, 10.08899591975517;
  2.504609344507402, 0.6910123984738255, 9.753480136313888;
  2.671767927901835, 0.6727578441558222, 10.31225093196913;
  5.652128395522778, -4.377024242364006, 20.24533145973525;
  5.098675134733486, -0.6655761144114487, 18.1376219017594;
  4.879919877590016, -1.921754102684198, 17.11687089960087;
  2.430166025515458, 0.6247759489521539, 8.99726211607927;
  2.445147599721882, 0.7030766947598203, 8.932003096518645;
  5.162606347842845, -2.036832569912578, 17.43236775152167;
  5.85399650910112, -3.033196751486664, 19.59399804508876;
  5.861713456681132, -3.012019437294722, 19.54098107857417;
  2.443371580487067, 0.6321154144528443, 8.697643283332257;
  5.975166834061905, -2.284914494363675, 19.69033968415067;
  5.96975980296988, -2.899096196606974, 19.60602955325441;
  6.096276963510321, -4.087220981204734, 19.77230204534477;
  2.422157397576246, 0.6952293783801226, 8.455804242690261;
  6.13721485064517, -3.878815687464368, 19.78553702772647;
  6.173554606552636, -2.677252161853878, 19.81661311079305;
  6.190234782533166, -0.6924166769236799, 19.86315543845103;
  2.448553595116039, 0.8151446116483677, 8.454119021309181;
  2.465022044619245, 0.6323202613987785, 8.442851076812223;
  6.254415457418515, -2.788376467338509, 19.74395511499214;
  6.317044477079454, -1.046024252382862, 19.93408625142354;
  6.31815461154647, -0.2886767344017832, 19.8704817820711;
  2.360051064150103, 0.7997585011259093, 8.054942709107563;
  6.329174405399425, -4.022641817893712, 19.82699413353916;
  6.430286345930187, -0.9453854402667783, 20.06350167324907;
  6.43097345477818, -1.138379776973206, 19.97286947739839;
  6.344843674929947, -1.161567237813358, 19.68731775202567;
  6.34188835078391, -0.1984924048649066, 19.43967770325559;
  6.588373445508973, -2.35836084121634, 20.05432763453314;
  2.524173698796645, 0.6284255506093208, 8.306764337376603;
  6.622296552730477, -0.6619529839611318, 20.12079004132375;
  2.455583615913232, 0.7181933563209491, 8.090908101767436;
  2.475492611127403, 0.5893114336837317, 8.100135583175412;
  6.631074672754973, -4.142529322541584, 19.80347752343208;
  6.706649996926421, -4.144814646461319, 19.95083838230805;
  6.676526670337465, -2.679483688179152, 19.76044406801767;
