m=[-25.85858348326871, -6.231463435178395, 32.05049272228803;
  -7.288029651731505, 2.041279863788042, 9.755038168050348;
  -24.14578017740479, -1.019062303439833, 30.45705008048304;
  -25.92448886414336, -2.200485435536827, 32.77388828171285;
  -23.23671307033688, -1.53363643176402, 29.76451413195818;
  -24.58307656533633, -4.492617321471992, 31.55184686462172;
  -25.56546477508619, -3.029672760743256, 32.77047515637631;
  -25.53262286964503, -0.9332839166474317, 32.81450300950634;
  -7.111603407385024, 1.706030860280984, 9.868434085482848;
  -22.49531270141807, -1.368604355073421, 29.11719748932539;
  -23.63465589291692, 0.4521809111583552, 30.62378636790497;
  -22.06036439835462, -0.3522471679451517, 28.8200464258868;
  -23.79678831654635, -1.645912751562126, 31.15675838899653;
  -22.71078700095557, -0.8207746969468945, 29.88069664945027;
  -24.67288253688928, -0.7447845903185889, 32.41148616220411;
  -22.57367722031553, 0.08150666829216455, 29.83988756442554;
  -21.75723265075717, 0.08561675160120046, 29.00119594918827;
  -23.33755881050561, -1.252250671407585, 31.04746491251084;
  -23.0192991216667, -0.6611325411276879, 30.80592880544375;
  -22.59325272000931, -1.526918977112711, 30.26187724003505;
  -22.94763894546097, -1.863129306012616, 30.74197776629486;
  -21.51053790745311, -0.1782237375882785, 29.04044366391948;
  -22.46309348245115, -0.9199661123179183, 30.31888038176718;
  -21.41901488859258, -0.690206992557155, 28.96961385104124;
  -22.70799915239763, -1.832314891690765, 30.8508589326009;
  -23.2642787643689, -2.946343942964061, 31.58602162086705;
  -23.49117558971622, -1.537733457340739, 31.98888706962259;
  -22.61544948277232, -1.078461575344199, 30.87734726342812;
  -21.76724996843099, -0.2550108420571275, 29.75547433836585;
  -22.31148724935583, -0.9913107787053587, 30.65949850609141;
  -23.87733411049753, -0.4529488912432007, 32.75849619360189;
  -22.37604923217371, -0.7421985813869827, 30.79447478089883;
  -22.47223646065578, -1.433817794507428, 31.04498453163516;
  -21.84705272959735, -1.238953222478461, 30.28835290102007;
  -21.64647109679176, -1.544247177013863, 30.04535383278602;
  -23.24852751278797, -6.288002517356392, 32.25849851069686;
  -22.36218784565828, -1.441573581822914, 31.21203759174785;
  -22.63828082446467, -0.4623915319877692, 31.72997028423373;
  -21.85471228505549, -1.639706963202249, 30.71849985094074;
  -6.714683781031954, 1.480696571352968, 10.12846379322937;
  -22.76017653309406, -6.236897255971622, 32.01515216071983;
  -6.610318653370791, 1.405264792648898, 10.0185586011643;
  -21.6578727826602, -1.006578113662766, 30.63113026375413;
  -21.60115485412525, -0.1258887375512139, 30.61452573293258;
  -21.7961763562509, -1.672378935781899, 31.01224671757338;
  -22.6858875502258, -2.188710577595761, 32.24205823399639;
  -22.3546323890127, -0.4273996801809402, 31.81972551434265;
  -22.32311666992701, -6.518946632500287, 31.90471646560985;
  -21.52451032233818, -0.6675516028622363, 30.87999407886236;
  -22.875657682192, 0.04879942857465197, 33.02004110666104;
  -22.66986324082031, -0.1998061834657079, 32.76922684647821;
  -6.47134453809244, 1.852855476060579, 10.09587905550321;
  -21.30601704846624, -0.3387323079240316, 31.05926161662506;
  -21.85730929035962, -0.8433534125690912, 31.85530500983774;
  -20.58398911988706, 0.5441805193042233, 30.08177300916085;
  -21.95084138505607, -0.5823378699276911, 32.09248928018865;
  -6.403663654099998, 1.773338342086822, 10.06529389403572;
  -6.439089151483452, 1.509948082527956, 10.13784164473463;
  -22.05663240101821, -0.1697289942647339, 32.38583004077815;
  -22.24153364950009, -2.877678498155651, 32.66940218760364;
  -6.488570172858631, 1.494482265698499, 10.24816864404808;
  -21.42099668197094, -1.864344171662075, 31.67675348078683;
  -22.31052844814011, 0.01975621035628377, 32.99772384499701;
  -19.39666019800097, 0.4559491915437712, 28.82431774820905;
  -6.354407708889914, 1.822115191213943, 10.10331390897275;
  -21.54394886391943, -1.597176283081305, 31.99789449875577;
  -20.61640948865096, -0.6744563676499669, 30.74205295263583;
  -20.62388531215992, -0.9292382928909118, 30.80357175746881;
  -19.23929848572231, 0.4518232634647596, 28.88218298029083;
  -6.492944297159876, 1.470223376429822, 10.40275092815895;
  -6.409934527594495, 1.771782211151432, 10.29248182292221;
  -6.512385908491667, 1.590639282485159, 10.45776904590072;
  -20.16456676681403, -6.622072796282663, 30.36544768670776;
  -18.75056844456996, 0.4374745558992139, 28.4649800070865;
  -21.40122164011572, -0.7144197576598272, 32.36230565331808;
  -21.03698238388654, -1.210372118110506, 32.00038717855619;
  -21.36192885091369, -0.8034818668891798, 32.54947408742142;
  -21.03203032474438, -1.014380366181557, 32.17607451266366;
  -20.54376539947576, -2.112352971870481, 31.47068101032454;
  -18.62018116841824, 0.4595732970742683, 28.61798123145118;
  -19.98131237834612, -0.5868875169509357, 30.65657447083248;
  -6.313557893287527, 1.884437388344757, 10.72366391053409;
  -17.48772205194985, 0.3849128761574549, 28.16250317317862;
  -17.83091867936813, 0.3575479119884277, 29.07990920816957;
  -6.311787230579717, 1.804902602747011, 10.9371327141135;
  -19.29125423604755, -6.343016948826715, 32.36215370777276;
  -6.561173541854666, 2.053554968540049, 11.65963331969439;
  -15.04543424440291, 2.438781547397656, 25.52548813124786;
  -6.62996331809671, 1.496971675491375, 11.81947051214985;
  -6.494121867736657, 1.537895018693287, 11.61157756306462;
  -16.56686962312876, -0.9439747779382303, 28.20885796903255;
  -19.08130551431165, 0.254933759279633, 32.40911834655766;
  -16.45530116245255, 2.125478892844586, 28.18396784209927;
  -17.12760299413362, 0.9517828909567615, 29.30752154834805;
  -6.429687768413013, 1.759863019542113, 11.61804262552339;
  -18.97784915528077, -6.279431526179915, 32.4229146282178;
  -16.58783892324604, -0.777555383847618, 28.4678241352456;
  -17.02362894984869, -0.5919674138731653, 29.2284150235794;
  -5.839263229442902, 2.344700326477097, 10.68989677527872;
  -6.776570767758845, 2.158396726000111, 12.25264243204162;
  -18.85119185617866, -4.907638534495456, 32.35198648980972;
  -15.29319602402535, -1.106536351048311, 26.45790131058622;
  -15.00002506837014, -2.162640723410612, 25.97255672240799;
  -16.37681642165716, -0.6968642525716632, 28.35537268944931;
  -6.537997698344003, 1.923017567803216, 11.9248306926015;
  -15.06634845635942, -1.702104340818102, 26.26443055971628;
  -17.00697090331024, -0.0649632932117753, 29.52423623778437;
  -15.62288976316508, -2.318996912167509, 27.19977566532845;
  -15.11082816556138, -1.998359158556528, 26.34217651309177;
  -16.64192375367204, -0.310394790041731, 28.96622977904776;
  -6.774621375180598, 2.417399455155069, 12.41334711653773;
  -16.22312290868475, -0.506131711516443, 28.36707822652666;
  -17.77701251751989, 0.2500854230914569, 31.02831466861454;
  -18.64948334974374, -4.940115430304172, 32.51110902596142;
  -15.92031808319672, 1.420068016166168, 28.01670365865882;
  -17.17753528540077, -0.200009357923193, 30.15647050366099;
  -14.98053270181345, -1.993491609362756, 26.43126485732257;
  -15.04485205731544, -2.094753713160656, 26.54900386684276;
  -15.85759712916094, 1.647677098366627, 27.94273414964432;
  -15.11905875042499, -2.22953176886297, 26.6977667787599;
  -15.87371004822344, 2.051949889621519, 28.00211010860133;
  -15.05340267946914, -1.643299830957639, 26.61022244945767;
  -14.99462273873048, -2.686619571046107, 26.55394540752194;
  -15.70497985701195, -0.6114844286980179, 27.89794289909135;
  -15.25502988768452, -1.292273179678561, 27.14483312301423;
  -15.44312095369803, 1.872880786156128, 27.54009894687836;
  -17.94393080476488, 0.4722886409347503, 31.93525902630712;
  -15.62776328514702, 1.518794160854564, 28.00559578362112;
  -15.5617643148987, 1.304654529301471, 27.91969783758992;
  -17.61960394885264, 0.2556454404251103, 31.49173478272267;
  -15.6806594029518, -1.086511932426975, 28.16801507710356;
