m=[-11.76182132619435, -0.8177659109218748, 15.17698424956718;
  -11.83095766123458, -0.8182921081109872, 15.49008565602228;
  -11.66709782178938, -0.930085973689832, 15.34474162229276;
  -11.70337541402664, -0.9502024049168488, 15.67851523303551;
  -11.66580884364429, -0.6491104642689864, 15.69488355863502;
  -11.7439483089474, -0.4809682369654638, 15.85103869450575;
  -11.71533749105169, -0.9453139046718091, 15.91633951801009;
  -11.43688647556264, -0.5081467098694695, 15.71608382233567;
  -11.50110921887158, -0.381484097485336, 15.82811219791449;
  -12.19359194401027, -0.2313103265947636, 16.72899216619756;
  -11.38591598221195, -0.7264665878113322, 15.72943512610015;
  -11.3524668158262, -0.6438019589476627, 15.73885161860003;
  -11.78620718243955, -3.187801911002681, 16.35395388513776;
  -3.391189673596914, 0.8282923624270626, 5.445665981046543;
  -11.51888776810676, -0.7425625977696908, 16.07749476548095;
  -11.39256225016216, -0.232695422102269, 15.96789369572088;
  -11.29260622908935, -0.8472573248745414, 15.87263736261687;
  -11.49136608934488, -0.7027993807113432, 16.17334047773524;
  -11.12808232865956, -0.5171922575902334, 15.73865276685237;
  -11.28342270841823, -0.06575832864547984, 15.99158180176911;
  -11.17348918748927, -0.8573204607506688, 15.89797208991562;
  -11.43186631885793, -0.2185666005830899, 16.27219101851595;
  -11.77149670999374, -1.135701625349922, 16.73010507455933;
  -11.55663655921053, -3.374846715834572, 16.51701320068935;
  -11.12448644080805, -0.3450098814500663, 15.95966971039648;
  -11.18701963964487, -0.7703109543745388, 16.05867990566123;
  -11.82529945744573, 0.02522628482488281, 17.06931794522372;
  -11.19418206143679, -0.4319219496334031, 16.31463777931726;
  -11.6856289912032, 0.07051089129567692, 17.04003187221036;
  -11.35588092199911, -0.3012622337005954, 16.60248372094117;
  -11.25616590211548, -0.0866178337249188, 16.52746752944415;
  -11.351930574626, -1.468747930873518, 16.67424519336359;
  -11.03699507281939, -0.8791329710129964, 16.30292077255495;
  -10.93964709389099, -0.9521157022866905, 16.17723532218514;
  -11.42731143066581, 0.01011900587454798, 16.90122525588686;
  -3.295003948060197, 0.9834753619777165, 5.596608999253427;
  -10.9546699646199, -0.8121324074332638, 16.27029362215195;
  -10.68469221344197, -0.4814139044222515, 15.95851985800045;
  -9.933542975223139, 0.2332832357772038, 14.91231117734832;
  -3.392814555662636, 0.7931791283384488, 5.789886919722176;
  -10.94903574828229, -0.6299576311889144, 16.65511606100206;
  -10.63317472139581, -1.093325288057061, 16.28879824497185;
  -10.8681995447103, -0.5241761286796473, 16.62683026648526;
  -10.35827152498788, -0.3042412900661982, 15.8923055894479;
  -3.420356173879597, 0.8099861427145562, 6.115643009968901;
  -9.08321848684434, 0.1821378843404028, 14.81354795370314;
  -9.95978075552863, -3.274803046287556, 16.70808708247953;
  -8.519296874316925, 1.100410470125888, 14.591503781828;
  -8.738698367178625, 0.4856104848974593, 14.95303171076079;
  -8.912660559800408, -0.1471776874625687, 15.26408565543343;
  -9.402979952961029, 0.0703539162810342, 16.04954502385891;
  -7.8474068721524, -1.131406220825277, 13.58779196579961;
  -9.826631809515247, -3.251457057959713, 16.78841693997692;
  -8.370388047946353, 0.7223639368621198, 14.47263775360702;
  -9.750643157522607, -2.538440670545096, 16.73383190335174;
  -7.799791231595402, -0.8811729365763976, 13.59699570044475;
  -8.61345613755949, -0.3665187127225439, 14.91362867093858;
  -9.12931648164045, -0.03487219839392245, 15.84856574553135;
  -7.616896531157058, -1.013596754300184, 13.43905544703778;
  -8.244149227168371, 0.7353654981529159, 14.5081200393302;
  -7.831214529684259, -0.8548919992936099, 13.84340571507732;
  -8.193984200806471, 0.8513925534921923, 14.43865172539138;
  -9.731805614624616, -2.577886056140448, 16.96517739516209;
  -8.236293017723101, 1.06468245276402, 14.52928038047406;
  -8.213511290767935, -0.3197988348261101, 14.59028098584791;
  -8.054310926349713, 0.9767950548930672, 14.36345156692425;
  -7.753992985997341, -0.6810690225885623, 14.02685223566293;
  -7.847401121688566, -1.291120284947651, 14.273684515743;
  -7.946345052385812, 1.079428562340464, 14.45039432125851;
  -7.764415293986462, 1.198399355442047, 14.16146975114438;
  -3.27317726093935, 1.20774310138587, 6.557897916050824;
  -8.146088274238167, -0.00572835267439775, 14.85321839227303;
  -7.888495886827692, 0.6903750118325743, 14.43101025832849;
  -7.853922062906484, 0.4923465762329622, 14.39392266465674;
  -7.865388436607072, 0.6050615928223766, 14.41903079526521;
  -2.893305482053028, 1.260825253685042, 5.957251748396452;
  -7.900501089988717, -1.163713186714188, 14.54203487104054;
  -9.200470974734218, -2.551905290598232, 16.77454849588772;
  -9.201664115753603, -3.262753292980258, 16.82111285102781;
  -7.810972807703681, 0.6400010164431784, 14.44361897274335;
  -7.794486958874952, 1.026040482703649, 14.45343194655225;
  -8.154029030788289, -1.301918532065161, 15.10280951057164;
  -7.617687328911319, -0.5205305840422148, 14.21311025904923;
  -9.031527343995359, -2.541080677683281, 16.75173690479291;
  -7.912985349563651, 0.2259910501833659, 14.81409439149049;
  -7.581581227956082, -0.3268237893519168, 14.26457128897457;
  -7.668092764289941, 1.10788952645948, 14.42498626995687;
  -7.492960861908393, 1.225680967779151, 14.25407631821359;
  -7.755646410300823, -0.1516701471421283, 14.72160921859548;
  -8.14106393682615, -0.9427701469202092, 15.42899342940715;
  -7.585718428202571, 0.144688464636499, 14.48835907049244;
  -8.284647718824711, -1.066720554838678, 15.83536153572665;
  -8.174434985319557, -1.194133494898082, 15.68713845023057;
  -7.807445109885482, 0.2557064761860327, 15.04623756192062;
  -7.591331107024506, 0.3481562137669512, 14.73264297270092;
  -8.035394750793408, -1.063061965221622, 15.53896199497412;
  -7.597797103900758, -0.178862857706261, 14.78707304659841;
  -7.700796356921887, 0.1887404008885557, 14.97614090610654;
  -8.178334134523135, -1.16105151706885, 16.04320178831785;
  -7.513394239817782, 1.154885819000985, 14.84698754638143;
  -7.568688484995669, -0.1367232976328076, 14.99912481759267;
  -7.539793444445298, 0.1273795280159839, 14.97281705583596;
  -7.494948836382882, 0.3558935989699464, 14.89942321243282;
  -7.644363604202382, -0.6788719526303046, 15.19956488983235;
  -8.018752254125122, -1.06984844238154, 15.91559639842496;
  -7.843337013236975, -1.140872393273577, 15.68157986241225;
  -7.486844425430625, -0.5097303467841823, 15.0518360532399;
  -7.511567758517849, 0.007411630968206374, 15.16477572805113;
  -7.41577616003149, -0.2320649029773665, 14.98509765479737;
  -7.535357325606624, 1.053049047429332, 15.34622449130943;
  -7.319927324843009, 1.129944785361736, 14.94115630225424;
  -7.553786074952416, 0.1423078257356587, 15.38968943635048;
  -7.474489643526813, 0.3522292744755233, 15.26600284079862;
  -7.616524745302614, 0.9444317678889065, 15.53649073708633;
  -7.351279135898396, 0.9038999324730699, 15.30219204537747;
  -7.50023006837552, -0.37123923336226, 15.59712644917017;
  -7.534452880734561, -0.9757181559078834, 15.68401436787198;
  -7.254571797826539, -0.190130648448981, 15.19115230996501;
  -2.86214954025081, 1.169381296352417, 6.61372645031809;
  -7.512029518909626, 0.3212501704216851, 15.72392133231844;
  -7.475957551227549, -1.178737393827165, 15.66505687181081;
  -7.49580079889328, 0.2639217147300508, 15.87712922859029;
  -7.460540061858625, 0.9995962884469469, 15.8364166727256;
  -7.585034516681069, 0.1179626130164053, 16.13664233710424;
  -8.192125857710543, -3.206261004293384, 17.37343406294973;
  -7.506754639403003, -0.5919598036314032, 16.0960201911528;
  -6.039265481444191, 1.2751178747498, 13.1815263576075;
  -2.765197916362209, 1.239077793653469, 6.586872582399852;
  -7.699424258833123, -1.224357322559412, 16.57854882283415;
  -7.405300853985029, -1.052185446209136, 16.00413194714846;
  -7.662977635267189, -0.7530343725062766, 16.5354346196396;
