m=[-6.569096806756209, -2.023307080659285, 12.10753777654515;
  -6.8261028917431, -2.08782804869778, 13.35723486549208;
  -6.715843463312171, -1.347036755509932, 14.08624427354875;
  -6.724346138795286, -2.087761520971865, 15.08185638562293;
  -6.836686832619668, -1.818112801120108, 15.64905291517585;
  -7.0034257270199, 0.623957889086502, 19.58420649284358;
  -7.003046749289624, 0.6214310270705111, 19.63827142154133;
  -6.485377269563352, 0.7028368442144246, 19.06933685579168;
  -9.987513823124139, -0.2795880348390857, 29.95219478694176;
  -9.955523837399431, -0.4594952865802848, 29.9677422535397;
  -10.06449686953195, -0.7175385909240928, 30.32266862785953;
  -9.564616994648285, -0.2661476115136743, 29.29000720973859;
  -11.94925804455439, -8.358305918326664, 36.68443655230066;
  -7.279997666549674, -4.658853592699073, 22.80688374857597;
  -9.924555157556721, 0.6291435374465054, 30.63303920466406;
  -9.773286755417329, 0.6015233478688977, 30.69919538492439;
  -11.77236086751602, -8.441047509966547, 36.99229659377615;
  -10.39451561418473, -1.050842622921603, 32.80458873137215;
  -11.60463062758827, -3.056062350713448, 37.55075176731518;
  -11.20383763856302, -1.144824269147788, 36.32362656885817;
  -11.19429046396474, -1.416499138419489, 36.82661061242758;
  -11.39396013067079, -1.137643709863334, 37.48304808928616;
  -11.26956937908412, -1.265429872948198, 37.21764812437753;
  -10.69605923192909, -4.731648321314048, 35.38516773041871;
  -10.61442243949997, -7.23664765387096, 35.44902001408984;
  -11.02729981994616, -1.382635483515889, 36.73032717350247;
  -11.13937280021391, -8.286000899249929, 37.25525670824899;
  -9.285017367387326, -0.7345423395787426, 31.579655013408;
  -10.9386770957565, -4.9243026001011, 37.43915856662728;
  -9.746016504953929, -5.966599403362428, 33.51108903810338;
  -10.7572200132492, -1.446684830171288, 37.06071601189363;
  -10.65344329753218, -2.324084222419653, 36.84819686173327;
  -8.910248300092448, 0.781603666738742, 31.06793527262482;
  -10.3271092572357, -7.842219774148243, 35.94504919194177;
  -9.989425819901836, -0.9215631051733378, 34.89896749826345;
  -10.0349703866357, -1.055261049819383, 35.07660187091751;
  -10.39954504059871, -5.228507062565096, 36.50146351058579;
  -10.05271502743231, -2.093403161687296, 36.80417886881586;
  -9.755526790874033, -4.979501159395062, 36.00415036874909;
  -10.00443281437361, -4.829918941799196, 36.91938930413681;
  -10.15531728620526, -8.339021765555492, 37.8694119877182;
  -9.731368463588048, -4.566985455260835, 36.53940488089001;
  -9.836501046040352, -5.074259682897229, 37.06925346176825;
  -9.634216501687785, -1.127263555333087, 36.31620301612981;
  -9.725863767088216, -2.935478674413392, 36.67367510093998;
  -9.413161556503413, -6.834742440678026, 36.03052951541116;
  -9.35184946558509, -4.569631332988406, 35.93928876851025;
  -9.389916084353487, -8.220931435064941, 36.58883929304469;
  -9.466742764230652, -1.205947734427489, 37.10746096782744;
  -9.083321083940264, -5.440433249779799, 35.89867150049532;
  -9.199595265723305, -7.875373025134488, 36.61706069576009;
  -8.474982088790148, -0.7907007774403345, 33.89132152834052;
  -8.906795612588464, -6.771233181491941, 35.83238202907726;
  -9.652620303796111, -6.252019373524338, 38.83603398757629;
  -9.171566403346189, -8.501211712124254, 37.51406842344706;
  -8.590739082992384, -6.581745247522567, 35.1785964872694;
  -9.189858277414766, -6.110600983476236, 39.30891229930577;
  -8.547753474079153, -8.66629013745686, 36.95193202650918;
  -8.449097760180722, -8.511636419012609, 37.01686413210944;
  -7.906196605264995, -8.176340372724953, 35.09865652137597;
  -7.951018102481164, -7.946304808990236, 35.34947457769455;
  -8.088252907082008, -8.204705148202237, 38.6681924530267;
  -8.336321544120116, -8.687787536497224, 39.96375071167964;
  -7.216703592739258, -7.09051740418898, 35.00397287953025;
  -8.07075597875045, -9.629107565730459, 41.28841475732953;
  1.131361887022905, 1.452668331335986, 9.763785932828588;
  1.952214440123155, 1.685542457284505, 12.82123574973933;
  2.368567531691958, 1.778895508341379, 14.08174100001819;
  4.678284143218794, 1.033256070093926, 20.09194236163399;
  4.769726775923245, 1.474403065958654, 20.2082269994003;
  4.428581561065875, 1.494497161740529, 18.09156483864705;
  5.079619910560479, 1.091548626317701, 20.16573338538093;
  4.804306486715452, 1.06307822357192, 18.53597964651322;
  4.965443565318839, 1.369166525715703, 18.58559340315261;
  5.389630124418678, 1.359223096365874, 20.0425766251825;
  4.601709384816355, 0.7031140466927971, 16.35734973386465;
  4.928674852285307, 0.9936167528426481, 17.30167836742541;
  4.777903928149399, 0.6322552341374239, 16.78712057586094;
  4.860840883053573, 1.399834813231508, 16.96593209071524;
  4.824201285068646, 0.7615534973551241, 16.7434785327976;
  4.839213088830221, 0.5006986491248242, 16.53555880379933;
  4.86903730054274, 1.260119094097361, 16.52695620054589;
  4.848500194784284, 0.7001321354196047, 16.36645452239054;
  4.872643240112599, 0.4082487685277291, 16.42745624524263;
  4.904226482975023, 1.404786672188364, 16.27064890125553;
  4.863533184230139, 0.2736093345960986, 16.09617641924422;
  4.822484435007319, 1.609036895992765, 15.85300866674737;
  4.916446425114672, 0.1318333028456738, 16.09413707821317;
  4.919698263855867, 1.260944421958278, 16.02806465205192;
  4.903793309382989, 0.3587936479745706, 15.93167500879881;
  4.898824501371377, 0.7005499020177501, 15.90243801628587;
  4.899408950947376, 0.5433977284863272, 15.84432820932196;
  4.697984952331479, 1.596535200070506, 15.2050035156289;
  4.921966294366119, 1.138479240895713, 15.74917879003814;
  4.931371993014134, 1.023307927916118, 15.72952829694541;
  5.012721151576417, 0.4112410893961803, 15.92049888119653;
  4.916260920227699, 0.3324081663816267, 15.50762389826028;
  4.94912243425939, 1.12243208579725, 15.54187142802477;
  4.947034484660669, 0.5241841817870079, 15.52134301678246;
  5.013986318619846, 1.24622130363926, 15.67766673046292;
  4.915051283829451, 0.2921568666895401, 15.32338584207434;
  4.999597644149208, 1.189850498067292, 15.50132722762257;
  4.915636506689243, 0.9980569439757009, 15.25148358017936;
  4.75289120363249, 1.662504175351788, 14.7403954342879;
  4.903678822444204, 0.5062123026634724, 15.16303052027498;
  4.902875222961524, 0.380694042452166, 15.11863373827635;
  4.982131885546563, 1.183831851221438, 15.14604291230945;
  4.938366077752106, 1.370374408509117, 14.91335663053356;
  4.910142531349631, 0.6995595145940202, 14.78469206510905;
  4.712751464248753, 1.635407909177269, 14.19897329741567;
  4.913840299790662, 0.7869135106425595, 14.65952628921654;
  4.87259328660118, 0.9232818804175234, 14.53629677750591;
  4.934193460796028, 1.107085338011971, 14.40033524054823;
  5.006400603923687, 1.387505183567112, 14.43298149975507;
  4.885641636215629, 0.8655743751401159, 14.04457469448939;
  5.003829981987131, 1.288149431314047, 14.11292088976782;
  4.905612566433076, 0.8774494820693399, 13.83217308283401;
  4.973234923982933, 1.415554600072279, 13.97403491892483;
  4.969795757419027, 0.8771938482047834, 13.79713722630388;
  4.99030432770787, 0.1703804326596276, 13.62342148245087;
  5.161382420767144, 1.332061239985496, 14.03919806230351;
  4.957271061140585, 0.5290200849563578, 13.50859277439112;
  4.997776873010086, 0.2415778077431631, 13.53781828562644;
  5.061168321578982, 1.213478695719065, 13.33357552389783;
  4.664599559955091, 1.612231698535635, 12.3099569267935;
  5.031766337208439, 0.2206985994547452, 13.14573942043365;
  4.668426721287895, 1.679798892515428, 12.15018021407995;
  5.006693104105904, 1.377087008332541, 12.93842974772245;
  5.003561774023131, 0.2453719461869061, 12.87131804933331;
  4.557997659146785, 1.713235695381924, 11.75142302665259;
  4.998027531510525, 1.279650853861436, 12.71578020909109;
  5.060939437632783, 1.168718195342181, 12.85972086391777;
  4.95046270137621, 1.409753328408912, 12.6001078638815;
