m=[-3.633824745860734, -1.12822262890271, 8.150208483677641;
  -3.908495093685079, 0.3482204914020589, 10.92961901426003;
  -3.906701545667889, 0.3466699053849121, 10.95535529940072;
  -3.170966909011262, 0.23264745986896, 9.731426025678189;
  -6.92688210530922, -4.845238045783301, 21.26565232334967;
  -5.886496429205826, 0.3623003323167102, 18.490269295811;
  -6.800276021094456, -4.875950849700408, 21.36851140759746;
  -5.772969086852914, 0.3899717482789158, 18.35136687237318;
  -6.760138956020884, -0.6749742383613628, 22.23902933420831;
  -6.995648617746215, -0.8852128923777598, 23.01405600081798;
  -6.673178020169812, -0.7493133526376564, 22.03810838477616;
  -6.619204355678828, -0.8299354297278149, 22.04760418072526;
  -6.425700258009031, -4.779744701169433, 21.49053783690507;
  -6.549070727071544, -3.104523461921552, 22.33964529091366;
  -6.611238831688226, -2.976204552322074, 22.62789337089406;
  -6.447463263672167, -0.8670871549668948, 22.21276544662745;
  -5.18599789226157, 0.4549138061897753, 18.08235207531529;
  -6.422342471485788, -1.401055451472043, 22.21363864184626;
  -6.137137486383309, -4.660431080329683, 21.36122542629192;
  -5.758890918278022, -0.6055955366157065, 20.12983757555497;
  -5.907160026935667, -0.5449583224626364, 20.63720072642721;
  -6.115833829376669, -3.074815316010165, 21.46602418551061;
  -6.083638751761811, -3.443678613802816, 22.22654352868518;
  -5.322624621595518, -0.4576661561477383, 19.61673460026183;
  -6.218467679384796, -1.294949659405537, 22.76654576773433;
  -5.896010267885874, -3.009493038572497, 21.76005917581337;
  -6.051618154785489, -2.921587429958105, 22.33230516131925;
  -5.855424810496666, -4.808172267313878, 21.83501394023537;
  -6.02227463270376, -2.826287048738827, 22.61247551478913;
  -5.901182164119621, -3.044185182990279, 22.23884451818102;
  -5.994751094886079, -1.809347161226261, 22.60463021380322;
  -5.554418432471439, -4.032972255476564, 21.26051232317797;
  -5.717925387732229, -2.793972583457998, 21.97406752779117;
  -5.452865975983888, -4.774018948673967, 21.24769114968322;
  -5.71789798224536, -0.7283905657002068, 22.41284901031451;
  -5.535190728770997, -3.315289133389909, 21.87591871172085;
  -5.533135834084819, -4.736676716041435, 22.02348742769818;
  -5.389453495181076, -0.5028264395100982, 21.55234068386044;
  -5.308480943823438, -4.03567835994035, 21.35622343284896;
  -5.606312376671446, -3.631218517856198, 22.55625220436319;
  -5.173630645704077, -3.96374730809993, 21.18572838741122;
  -5.449041584141872, -0.3128461109190127, 22.62751455972784;
  -5.018419896022695, -0.6312640700815203, 21.38887023092989;
  -5.590637457352631, -3.717375580112685, 23.91352193628283;
  -4.969568598614942, -5.00635242618469, 21.77248397776759;
  -5.061168643378037, -5.234101753106407, 22.4684799379246;
  -4.757987529133854, -4.755167036039518, 21.15356260472095;
  -5.232695204230333, -0.8213314368089558, 23.20542640180108;
  -5.0993900383382, -3.331240787825761, 22.74176565927957;
  -4.99421371021362, -5.066118902332244, 23.87625845984525;
  -4.332332305666956, -4.256580198882999, 21.01358890300734;
  -4.963377458561068, -5.715670207173234, 24.22614230898542;
  -4.767377882073386, -5.687892751786084, 24.3889761774758;
  -4.99874576810268, -5.778077076149593, 25.67100693972677;
  -5.100678674565739, -5.837697191427752, 27.24257378600807;
  -5.108629851306723, -6.56353232410706, 28.88727835456843;
  -5.636452902706397, -6.915600960209713, 31.7780403214644;
  -6.327370192618952, -1.174427462791446, 37.20403583024283;
  -6.74661883498877, -5.55626026804366, 39.84662204822926;
  -8.097699621657895, -5.384822781875421, 48.67092538035024;
  -5.584208769120984, -5.203319175321526, 34.57608114330929;
  -3.261029317902624, 0.6701408801213028, 20.57777118775054;
  -3.52577296797549, 0.6472963727656016, 24.02135177489208;
  -3.185397240510538, 0.7169705379336361, 22.07809145733763;
  0.8313203001321983, 0.6404518180396248, 8.560649679310771;
  0.9400463134311596, 0.650257390203458, 8.953838465803093;
  1.068376183562336, 0.5985029301208813, 8.778190797038553;
  0.8795988432228877, 0.7594458708834183, 5.776795777336431;
  1.220010028264287, 0.7437235952507345, 7.284705242204546;
  1.054856196365402, 0.7922421145070938, 6.271390429333038;
  1.77595329677603, 0.6216013213522718, 9.289416994628006;
  3.746449096285295, -3.036547104467372, 17.1825994991158;
  2.064716654547153, 0.5171763744117721, 9.722587948113647;
  2.074823653818912, 0.6274416191896296, 9.548759634464151;
  4.151746500221683, -3.307126587249585, 18.11605240968457;
  4.108845067573624, -3.409347661328939, 17.49682609421087;
  4.211552186722949, -2.875757932901252, 17.26193039589306;
  2.097980024323495, 0.6485210422946768, 8.888655171140309;
  4.466157609535405, -3.721466208261529, 17.81355862069952;
  4.470192491112815, -2.813125568958427, 17.20744814182986;
  2.030614818334301, 0.6852641281960418, 8.295432553661858;
  2.010929050131403, 0.6727879074727765, 8.070193302144391;
  3.795906633725713, 0.1355668769189185, 14.33518677750873;
  2.104055727702945, 0.5457132863273975, 8.363646087887222;
  4.296770178905253, -1.184094682587422, 15.93718784721363;
  4.062982260711563, 0.06727305518938062, 14.85492104442477;
  2.152814345803368, 0.4763663718676362, 8.305990262460195;
  3.885009029013084, 0.258242639470294, 14.13333034326873;
  4.458538554060617, -0.7814493648603597, 15.95813213847358;
  4.081626951665466, 0.1275807486141499, 14.56245642193138;
  2.240276063838193, 0.6177315187696495, 8.385325396531465;
  4.387182760074978, -0.6138623785735053, 15.38659221357023;
  4.467784010687097, -0.5073568087714533, 15.4924088784449;
  4.648225542168558, -0.7733195309474878, 15.78666412300916;
  4.316068639156087, -0.7930475735441844, 14.69991784634613;
  5.368460928776463, -2.843731890309854, 17.75219238629014;
  4.707069194965733, -1.902778654605861, 15.6235463228541;
  5.171157110472272, -0.7387207664882857, 16.8731264140436;
  2.178390699990138, 0.2882642562046059, 7.653755264232074;
  5.321557977260857, -2.079877286991443, 17.30209650783763;
  5.253971305492032, -2.610711912305556, 17.03846609527455;
  2.199459851744391, 0.6334049076798132, 7.676837686879427;
  5.583001326973194, -3.600067845410016, 17.76869615754277;
  5.454658503829534, -2.414147113331036, 17.27777888481024;
  5.384562154017928, -0.3083242018487073, 17.08584469759388;
  5.384478331919045, -0.6308256788717344, 17.04478667882809;
  2.227348198973728, 0.5764433134281601, 7.560280165383063;
  5.498143078731314, -2.505408407480485, 17.12201948848066;
  5.738949765843359, -3.721225363387151, 17.75329631262462;
  5.440410170076222, -0.1454775477856303, 16.88062696309224;
  5.469460228554846, -0.2766484559515011, 16.95740215775195;
  5.554870940593013, -0.4726217352725415, 17.16520588317402;
  5.547158748713914, -1.018761319956959, 17.00115144559192;
  5.44485083801234, -1.032990408928065, 16.6666635065837;
  5.732856982365348, -1.883962983827955, 17.3296868306892;
  2.239982419757655, 0.747377085056315, 7.363520026317299;
  5.53570610586045, -0.2001989135588853, 16.7256203794104;
  5.855145348690379, -2.147776516166033, 17.58412388726652;
  2.246054655704889, 0.5756755674086345, 7.317503493692891;
  5.733234237428075, -1.100323080713797, 17.14080153968087;
  5.914873067625341, -0.3634864525238896, 17.62016373229404;
  2.247670371129624, 0.5326633184913959, 7.250308251449409;
  2.168537631853621, 0.7369429014909198, 7.018460606125289;
  6.041988257517263, -2.480208022040059, 17.63914903249383;
  6.005435026404081, -2.655480900982953, 17.49266015444179;
  6.097716275379374, -3.723778076729771, 17.64809490521418;
  6.017634950575703, -2.401153396325564, 17.37952969119807;
  5.723741942748614, -1.996907839182935, 16.47907790750389;
  2.303526302884596, 0.5725391673861522, 7.202635864275918;
  6.054223910976945, -2.639747641710524, 17.29938130896757;
  6.330619911588571, -2.805896252739875, 17.72740317100497;
  6.43265225116404, -3.953032238876308, 17.92179312032819;
