m=[-3.488940687007283, -1.060126392167876, 7.249879818630693;
  -3.683593670326911, -0.9648579561052196, 7.836367202975035;
  -3.769502418227349, 0.3490169394968987, 9.951243283793065;
  -3.609514248773265, 0.3512051250762854, 9.771427482544002;
  -3.564610600058065, 0.3890630888469079, 9.846325017934836;
  -5.40160360001746, -0.05889621242108892, 15.68621647266229;
  -5.389503743079637, -0.1763197245721885, 15.66341209556285;
  -5.571439928118264, -0.00598035087864661, 16.31667338076462;
  -5.532070651418558, 0.3677251023928316, 16.36746190799178;
  -5.538250893493266, -0.3091630902891692, 16.40621992623363;
  -6.866015020087803, -4.730756567538297, 20.27949762629059;
  -5.894822774314484, 0.380695098411878, 17.74768663878434;
  -6.766306495355507, -4.777835470142256, 20.45518859824865;
  -6.743317754040333, -4.787237269993223, 20.42411063607934;
  -6.599091910566616, -1.697335180482332, 20.56971748239866;
  -6.974255664227288, -0.6849174953337852, 21.77084423173497;
  -6.590980236929924, -2.656637617042892, 20.90113660532849;
  -6.497107076210408, -0.6221168969051949, 20.59463737973346;
  -6.743130520744792, -0.8198718712101419, 21.36219446691701;
  -6.450973086497208, -2.814576537713696, 20.52852699945782;
  -6.656565852351908, -0.7196086587004955, 21.17676982482048;
  -6.503836876884454, -0.8819859517787965, 20.74784691024824;
  -6.217419820893313, -4.161391289759394, 19.9324820896168;
  -6.490432981059279, -0.7856598533123474, 20.81611768902213;
  -6.345340611272612, -4.649177478127172, 20.41448721932017;
  -6.462100168628949, -0.9600167739188336, 20.82330411629791;
  -6.728756250636716, -1.47870236476795, 21.67556298877467;
  -5.427539285041214, -0.4092681439802582, 17.69404871400048;
  -6.148605920889249, -2.892491610189255, 20.21728396468998;
  -6.425517622524486, -2.843646724449608, 21.16951322910605;
  -5.343671460290667, 0.4862744386362298, 17.85269794408622;
  -6.287159189503293, -1.335625462306082, 20.92873668464688;
  -6.119359736355094, -4.577433539210319, 20.46491429197163;
  -5.567805342592818, -0.561195761370249, 18.70822553901373;
  -5.713604856504063, -0.5026458884671293, 19.18571669293514;
  -5.959944008222476, -2.946862361719647, 20.11654242042797;
  -5.75090390845753, -3.358905337657318, 20.26515526523039;
  -5.90006987025123, -1.388359449842331, 20.76245030850896;
  -5.412849023726467, -0.5710444238757073, 19.16084829896926;
  -6.153686543295392, -1.247223649034591, 21.67240898221546;
  -5.89247438172903, -2.957852691845318, 20.89772059730193;
  -5.891192699446937, -2.793423454977974, 20.90245581337523;
  -5.956098066790397, -1.39333885305443, 21.27354222643254;
  -5.764416739681866, -4.65764389791523, 20.66319356751221;
  -5.760783178944927, -3.355430730381911, 20.73548950867535;
  -5.852356606881543, -2.694739199017023, 21.11652216642649;
  -5.67367072169588, -2.865901472947282, 20.54234380465245;
  -5.738398822580953, -0.6461754497958953, 20.79944165814498;
  -5.879491150825632, -1.735486432643663, 21.31503430579155;
  -5.626116737334989, -4.016128590065775, 20.67116017262732;
  -5.571465425091293, -2.673452465159475, 20.56412997145322;
  -5.671646046692962, -5.035801729288674, 21.21636262621852;
  -5.436289057922198, -3.196537806744459, 20.61929616292421;
  -5.03881073529003, -0.4482696051860654, 19.32693451857132;
  -5.471084868629036, -4.608023814043503, 20.90490217075024;
  -5.174075242803606, -3.861381213340557, 19.95918591248751;
  -5.05853733042665, -3.217948844328026, 19.56880024083953;
  -5.158653221162401, -3.887210060161268, 20.25647835218108;
  -5.282587234411529, -3.434609678284392, 20.71836650693321;
  -5.412651568581583, -4.930744590839325, 21.24905369826114;
  -5.129738321998191, -4.887213252545924, 21.00337380648171;
  -5.211086496923473, -5.076174209606423, 21.33771697876302;
  -5.093983986565155, -3.321064497789838, 20.93646370685125;
  -4.982101250138968, -4.808065551959352, 20.74667326361707;
  -4.954184342478103, -4.899193545342653, 20.80144034338961;
  -4.86946584174007, -4.784192154859865, 20.7361954236762;
  -5.044992396301766, -0.7610256990646314, 21.48610705543217;
  -5.241224334913705, -5.220286933576467, 24.0335956837526;
  -4.841169448511693, -5.658483711213053, 23.74473092375738;
  -5.026280055229776, -5.690674518199288, 24.76481272667258;
  -5.559250506690571, -1.937104220694757, 27.86492153285658;
  -5.298772362618877, -5.335561696776771, 26.6924437055554;
  -5.240953049001318, -5.872077121676604, 26.86359023390668;
  -4.698182302866025, -5.633304958233343, 25.38660677691381;
  -5.214900527666367, -6.558705515705985, 28.29776219823066;
  -7.76674345229904, -4.184256365759076, 43.14458913801773;
  -7.230617005738831, -5.825741147682585, 41.1991370472668;
  -3.022719965600216, 0.6244498503741514, 18.17720475572805;
  -5.395685830452723, -4.914662177508609, 32.1513544620145;
  -9.239622719672427, -2.115956584184185, 54.76481341001879;
  -3.344173561935717, 0.5667526802442715, 20.43819689973783;
  -3.413799454363807, 0.6272299071361027, 22.17557375434047;
  -0.845828095735834, 0.536969267648604, 15.32849183607165;
  0.4715873746703003, 0.6734363957542322, 11.8525178001999;
  1.182835727627444, 0.8455945909483605, 11.05510847825596;
  1.301182405071409, 0.7341916714742952, 11.3000190651306;
  1.246336192816426, 0.8740623543413983, 10.48684191571471;
  1.413749703494891, 0.7381555568360954, 11.3796422458277;
  1.358110333286736, 0.7820388346211029, 10.91968163002884;
  1.869739013358044, 1.06558248182216, 13.13395450024455;
  0.9702074410476821, 0.9348899406538221, 6.113196524789943;
  1.032994990358444, 0.9154715867562402, 6.365430773451422;
  2.778016866672817, 0.4783507162760843, 14.78598461025628;
  3.153271772133819, 0.4729836261649961, 15.86584523930133;
  3.047597668824456, 0.6459062725541295, 15.3088698121493;
  3.337698988300619, 0.4067117313476158, 16.36573346052057;
  3.408124204022804, 0.3111713790002615, 16.29341737596154;
  3.144595011159202, 0.6283403384502658, 14.9165021466595;
  3.587251666328483, 0.3914077156762335, 16.69618916373391;
  3.647284793566957, 0.4463114561700494, 16.77546982969464;
  4.184407187296641, -3.921185342301102, 18.24578381361113;
  4.343467375967341, -3.659956552961075, 18.27488097665083;
  4.488638588360519, -3.108636065797447, 18.16894747610965;
  2.419911181195366, 0.6051053301589701, 10.23558460593174;
  4.648699158071352, -3.933119690233267, 18.3199645841191;
  4.442440154905656, -1.578611683643435, 17.40976887727625;
  4.456578801277631, -1.751446851799377, 17.34568124132053;
  2.417523882633695, 0.7566878924049835, 9.844502927070614;
  4.537627414248151, -1.787788243283882, 17.36885113573884;
  4.73008567767373, -3.026393083671841, 17.98530146575913;
  3.888681924266153, -0.959564196148134, 14.93547010522383;
  4.8365911725839, -1.780054977883813, 18.07323219076003;
  2.366096761692784, 0.8083371456835824, 9.228252740440533;
  4.056261605203162, 0.1348071270491689, 14.70498429552823;
  4.934315744125803, -0.7867147723545022, 17.56813462385014;
  4.987179940494181, -0.4962285238989361, 17.39768866179927;
  4.437973727318696, 0.1634596704965442, 15.53997230691888;
  2.492804755794326, 0.5590969702626493, 9.193698725044152;
  4.63336179160343, 0.265481575985559, 16.03972612136054;
  2.450239780760527, 0.7709760644612046, 8.995336149733941;
  4.99285198101455, -0.581378204087886, 17.01545119537955;
  2.589809340643997, 0.7206772649925937, 9.261823589930513;
  5.469023488580798, -2.678971505696125, 18.17246503840634;
  4.973292533374214, -0.8439711673616618, 16.59558432825072;
  5.831544956692262, -3.100229158294601, 18.91036881462124;
  5.605973803945665, -0.8167980225684824, 18.01462848826343;
  5.640804448380142, -2.221762875697394, 18.06592217509561;
  5.618825442773811, -2.835428181258044, 17.95980447796555;
  5.740002883673461, -3.755145691558548, 18.02224763923316;
  5.824012664890733, -2.274271313567569, 18.27357186670046;
  5.794799018103511, -2.617463413705349, 18.10505201499914;
  5.768942064465486, -0.3480585185726684, 18.01342300050095;
