m=[-6.949807936857899, -2.0963927913566, 11.67018435729909;
  -7.08882388212461, -1.380743414599116, 13.71433891804175;
  -7.148471255058947, -2.17208709490612, 14.85423861721421;
  -7.70501354704423, 0.7112917348293811, 20.27950315112046;
  -7.712850317889084, 0.714130172653725, 20.36142742704186;
  -7.130540565364255, 0.6938003893380915, 19.30330655142175;
  -10.6787857315775, -0.2568486197730234, 30.67472626839457;
  -10.75200548458948, -0.4546140855189924, 30.99886314918787;
  -6.762180547059415, -4.187313745053843, 19.98072103830917;
  -10.36831651474009, -0.1130506081377839, 30.10951364642284;
  -10.36032688256345, -0.3389421493132889, 30.1100207258788;
  -10.04054346507923, -2.525957110578512, 29.26341524205212;
  -10.9075290529318, -0.01170807758804924, 31.94409187644231;
  -10.5913066501791, 0.7040201703519992, 31.33597147900028;
  -12.69673799836672, -8.748186028774272, 37.50115130045533;
  -11.35011403945278, 0.7330046969457873, 34.1720650473839;
  -12.39602709634159, -8.753103039361152, 37.47436984989038;
  -11.37419334880621, -1.130845651719611, 34.48153356568305;
  -12.38087235013962, -8.789467694015251, 37.49909404742472;
  -11.94497775879384, -1.143766357816716, 37.86338789953067;
  -12.12572746190038, -1.474321583037429, 38.41422723422847;
  -11.75269716993094, -1.270526399671829, 37.38927373497107;
  -11.73309286549504, -1.591125865266146, 37.42966177737696;
  -11.82292984497014, -1.431152799024114, 37.91850247898011;
  -11.5507284216324, -8.463121166169593, 37.16147204428174;
  -11.73299930108967, -1.743067399683138, 37.80811288394772;
  -11.44067966386432, -5.382044380200642, 37.61819711482614;
  -11.73208045565918, -5.192094103324104, 38.65251750931092;
  -11.32562811175893, -1.47068828937593, 37.56780808380859;
  -9.635115200024133, 0.8767960885889279, 32.19000318428038;
  -11.33645097155925, -2.408282041765078, 37.73685223658494;
  -11.29197332903139, -8.446677375918419, 37.76363481181804;
  -9.960390517460834, -1.003937565351093, 33.46762697176757;
  -10.46831881766736, -0.9209347767327241, 35.15157315411121;
  -10.69152188899778, -5.286365677382588, 36.08699231439651;
  -10.57926345258235, -2.489431601619134, 37.22861534951841;
  -10.46715394771412, -6.113504907176885, 36.88437562372504;
  -10.94860121898383, -2.219052639111664, 38.55941665724361;
  -10.41534221652402, -5.228202282416378, 36.9381175828439;
  -10.62857098319353, -5.039743391883683, 37.71107934669686;
  -10.38030656332883, -8.387279009575254, 37.20936453668313;
  -10.3667965988325, -6.038253272658673, 37.31447538232676;
  -10.71990872063204, -4.936021534539459, 38.67966450559749;
  -10.38279301684995, -5.244587368546273, 37.59240080483983;
  -10.48330379503888, -3.094422806132969, 38.00532636194378;
  -9.911540158069087, -7.075221090997456, 36.41642072679854;
  -10.07322935376044, -4.833611589268071, 37.18002031029262;
  -9.915404072142392, -8.497636799353559, 37.01846466338933;
  -10.56261065600135, -9.378443677441657, 39.51237015010017;
  -9.850135054495112, -1.208258595334286, 37.1327528284553;
  -9.84274793857985, -5.787535499437171, 37.33255031883079;
  -10.11056552129639, -8.515628584510615, 38.6322618253635;
  -9.761158232655271, -0.8683855729022997, 37.44003811587557;
  -9.523890406879724, -7.107622090766649, 36.73875819750695;
  -9.473318104153709, -6.026377004643363, 36.64724751225214;
  -9.305496096734071, -7.011988689921155, 36.53988205032422;
  -9.672521370190571, -6.288838032822366, 37.9357375280668;
  -8.878548343780278, -8.458786083300709, 36.35262814940173;
  -9.578359204967407, -9.330380525310222, 39.22028888931059;
  -9.223439145706891, -8.901244234213367, 38.40862895299421;
  -8.990394479679154, -8.890602278819625, 37.74852559060013;
  -8.741011433802649, -8.587939557698059, 37.22283453315067;
  1.257491199216863, 1.634789152573651, 9.832970581683707;
  1.873501471904528, 1.660354001019352, 11.54472580668516;
  2.254679493337537, 1.723406411046694, 12.62088429851267;
  2.51838259515681, 1.588074921628487, 13.79730903001755;
  4.026114738922667, 1.376824916828225, 19.73546514923376;
  4.530949375708529, 0.6660564222323606, 19.19335815058416;
  4.51037154129737, 1.004500114374804, 18.61296173226047;
  4.502319996968319, 0.7516756128730329, 18.54719044200995;
  4.565774671540923, 1.429092981551257, 18.59248731365688;
  5.260483845478706, 0.3279573295311974, 20.88236382231518;
  4.598781160269701, 1.371027268571967, 18.09130587852541;
  4.668067091999722, 0.6308660717779507, 18.3379261616546;
  4.505329028185281, 1.53916985390031, 17.57168837050943;
  4.683822528542896, 1.007611437041062, 17.85270153674912;
  4.412654522499296, 0.8048769304645739, 16.81625316260214;
  4.633954316700116, 1.039323201217578, 17.09045997057371;
  4.584464786354196, 1.442517032984936, 16.83051681051155;
  4.846605203728834, 1.348685452595371, 17.33270542449024;
  4.626326157310379, 0.7167915129789318, 15.58831256957962;
  4.441759592923908, 1.232728579209067, 14.92243853619895;
  4.664704616163048, 0.9452381393176053, 15.57038405061861;
  4.627315353593019, 0.6200044852609692, 15.43613684088782;
  4.643496214595211, 1.348991047412619, 15.39020033363744;
  4.727857473142886, 1.235313294037058, 15.21176639265375;
  4.656415144586029, 0.9169776486647399, 14.98950252651525;
  4.640877947230521, 1.071871733936527, 14.91413170495066;
  4.721843628780635, 0.3986659547456491, 15.08886364201065;
  4.616399257855499, 0.6715933200259324, 14.76396477714298;
  4.732230266555234, 1.370127494403403, 14.86540009594503;
  4.699101710784871, 0.2645338954220285, 14.71958844191286;
  4.699592126377307, 1.530766823229799, 14.66745883527052;
  4.792415729728416, 1.611816664983627, 14.88404128207292;
  4.736426864563893, 0.132336482622045, 14.67658795671778;
  4.711592584320869, 1.218777343582606, 14.51647921349521;
  4.731850185114241, 0.3528941416019393, 14.53946256993175;
  4.688045296109759, 0.6748800181651011, 14.39330609970988;
  4.741977914663695, 0.5323797128311683, 14.49571037806772;
  4.563022542897848, 1.568806732105346, 13.91604434922019;
  4.772290707039904, 1.001339971317696, 14.37775493518514;
  4.686238189434033, 0.3858831690758093, 14.07131427912836;
  4.725617610395906, 1.429259728486039, 14.12518764638875;
  4.697642722245298, 0.3197666700309871, 13.98417732861795;
  4.807216088167801, 1.102717568672571, 14.24551781946522;
  4.790187564734636, 0.7416083606050695, 14.18633258654867;
  4.827700653028145, 1.209170589665437, 14.24894487661318;
  4.90294112652951, 0.3673828269802169, 14.4484486211736;
  4.762584701948088, 1.411313222416913, 14.02526338023917;
  4.759956731367312, 0.373447171513892, 13.82487288006862;
  4.740639313100996, 0.5693446027619502, 13.67707108788344;
  4.686399744133058, 0.7949610696856347, 13.45747400268648;
  4.802788714640223, 1.346241521508393, 13.64103006559605;
  4.613608257663447, 1.614771679664799, 13.0214106091495;
  4.745503072097267, 0.4981885379447368, 13.35412835099395;
  4.751741944236389, 0.7694716012491503, 13.31725854199502;
  4.78979191307717, 0.9213853979923918, 13.41723754657494;
  4.940844077391774, 1.187225761760758, 13.70195637785326;
  4.747597158551336, 1.408379638755415, 13.18242016664166;
  4.802541384495611, 1.085941452619615, 13.14431337312631;
  4.751471373480801, 0.9028767072230149, 12.94888094605742;
  4.810910503253915, 1.342450681646938, 13.00575478545882;
  4.794514494123836, 0.8617798205305458, 12.90423464025422;
  4.76194945171166, 0.5633673668111244, 12.7692682001223;
  4.781076464139051, 0.9163570031675867, 12.80792235389908;
  4.852657231002937, 1.122977187567102, 12.9703482200907;
  4.867821270814132, 1.264984591037419, 12.85386602802032;
  4.894250341096286, 1.12955359169801, 12.89902025902062;
  4.752173927035786, 0.7529918869028074, 12.52960699664847;
  4.779353568840472, 0.8677243472535955, 12.60118153519915;
  4.84636284645523, 0.8598375450917725, 12.57254969171067;
  4.97247001591094, 1.199698397885385, 12.78814690050391;
  4.818795017456617, 0.3893768539898584, 12.41523046911291;
