m=[-6.870745561855854, -1.276707430574898, 12.23598282093879;
  -6.945914223753691, -1.892255481462676, 13.33052747845662;
  -6.900212709519876, -0.6477682645466172, 13.26540747009703;
  -6.864202463176041, -2.020176517595846, 13.20473544533578;
  -6.875308492467016, 0.6912832350027787, 17.13201890086592;
  -6.567363842791872, 0.6883910918491131, 16.7276113816111;
  -8.305076861733792, -0.1281090674714024, 22.90616634965603;
  -8.141553406305713, -0.02590701875118409, 22.68342216894139;
  -8.142533456050302, -0.1980936115227179, 22.70402956264875;
  -8.000630483488447, 0.04952904532351884, 22.52452195850963;
  -8.026224307056781, -1.598585339723757, 22.69603570245792;
  -8.075064162107788, 0.6000160336821482, 22.95610734272396;
  -9.276080149171648, -6.26504817419997, 26.4350680118511;
  -8.134715555458753, 0.5867261039806533, 23.595835036963;
  -8.921860015163986, -3.999578235407649, 25.76209473794963;
  -7.570048599297969, -0.7001389286711357, 22.11004589119437;
  -9.19977106397049, -6.359894102960664, 26.82130933299633;
  -9.296851139212038, -6.470326654517753, 27.16443067984462;
  -9.079651325995959, -5.627894777976568, 26.58536885597387;
  -8.569909002067362, -2.12049093974337, 25.78081846730125;
  -8.58465513579457, -3.253132121482337, 25.96769658129648;
  -8.180560061192148, -0.70764077801701, 25.04381694915375;
  -8.523183906954211, -1.007546114359974, 26.11872809357818;
  -8.432364337717543, -0.8336884151491133, 25.89764573863053;
  -8.454462123714993, -1.06567268049021, 26.03584937154124;
  -8.15633997165931, -0.9050676407413795, 25.262704383111;
  -8.715442264450402, -6.251246565516216, 27.02486682597042;
  -8.266058458892571, -1.148887385041398, 25.71810850965703;
  -8.044421149406624, -0.6267779426536867, 25.34638107500696;
  -8.688389678718442, -3.976811441908255, 27.55680260824238;
  -8.329942988270112, -3.581798904848669, 26.49259407581335;
  -7.057057819111988, 0.7032698152601703, 22.65938044984829;
  -7.952291973145899, -1.605257113696587, 25.54827198159178;
  -8.305591673686987, -6.077330057406813, 26.77207730977108;
  -7.688809939732998, -0.698526634949162, 24.84793102290794;
  -7.547865339870524, -0.5899649976603989, 24.41529504425965;
  -7.84779051974146, -0.9179397364212455, 25.44961935316671;
  -8.180961599883473, -3.94003017903716, 26.6000828565705;
  -7.149748733679904, 0.9410782622438243, 23.90593642306178;
  -6.932038751518668, -0.4975554067851724, 23.55892608903338;
  -8.021880998623628, -4.342882875719542, 27.15979317509212;
  -7.802717456788376, -4.453655464714911, 26.49918939326074;
  -7.558217023744851, -1.683394076561519, 25.64760425891023;
  -7.78906653449891, -1.499492919819758, 26.48194931197639;
  -7.704936289331326, -3.546854363990239, 26.35435835340725;
  -8.031838947575983, -6.350447821249383, 27.725919605642;
  -7.815189701503583, -4.439910860445925, 27.1072119535333;
  -7.516090460598876, -3.363645160975621, 26.16593483655328;
  -7.669718285724571, -6.675664949064379, 27.6768077194848;
  -6.379378779001521, -0.5006664478694392, 23.59088144076679;
  -7.127378094093701, -5.196137028084891, 26.45783009274314;
  -6.945458549462675, -4.305386935645003, 25.8559938338823;
  2.588035047487973, 1.596242039680015, 18.29055771176333;
  1.310640068907256, 1.68464810619043, 9.027573335999088;
  1.774988337430364, 1.618966582753456, 10.14345476148457;
  2.980212153258826, 1.678074637063882, 16.04921139520354;
  2.565365474625022, 1.644764948627764, 13.84531415192796;
  3.772365602732108, 1.551612905159571, 19.77649363809505;
  2.14062626258355, 1.67845839553556, 11.17931349987872;
  3.858701462146498, 1.739130443971196, 19.09866832802998;
  4.546201893543056, 1.668443347084569, 22.12507727131008;
  4.461813354552437, 1.577918077633606, 21.01751199876751;
  4.592042674751731, 1.461008334732121, 19.64837838586116;
  4.739114594424504, 1.085356990655876, 19.81901890893701;
  5.091727313626083, 0.7786288589011269, 20.6724873145339;
  4.50262718341578, 1.052253753944267, 18.20409813777859;
  5.745976887732552, 0.7174393174539512, 23.00841485350772;
  4.672355152423862, 1.209632123517044, 18.71004850959653;
  5.125986169674597, 0.7327395874106395, 20.45561464816584;
  4.686409518126213, 1.084933421057607, 18.50107069947958;
  4.654185527926392, 0.8100897059143182, 18.33776304763644;
  4.630249247398047, 1.491643035459432, 18.02676217242724;
  5.047971138110238, 0.6944505815836083, 19.28997692102763;
  4.433841768627632, 1.563126505484829, 16.48277811689854;
  5.005966094152043, 1.11191569428136, 18.1933497705394;
  4.506217594809268, 1.565290921494378, 16.37829489621384;
  4.373370837070474, 1.166538229854728, 15.81539828106586;
  4.835887356727079, 1.117676959795694, 16.95679107498565;
  4.659980784616482, 1.511201681101655, 16.25352094967926;
  5.050117147146682, 1.441462050779295, 17.17737178641576;
  4.655823010187143, 0.7490937519664614, 14.8224054013486;
  4.833972654909209, 1.374099005150066, 15.28991669707084;
  4.808453600019274, 0.996605392508695, 15.15542112364479;
  4.727770768676241, 0.6650692006256779, 14.89372124224363;
  4.743182135904536, 0.818394985188925, 14.82980163551157;
  4.70834131657988, 0.5741725907544496, 14.66516041846584;
  4.750126394363981, 0.2475865083645045, 14.69438458135078;
  4.719444616066578, 0.4389250264324384, 14.56573586788051;
  4.762121955099198, 1.278566905763684, 14.44400005178489;
  4.709595790666217, 1.12204779613644, 14.25067340027186;
  4.726751885664461, 0.891766741569261, 14.28845631060197;
  4.843045188095394, 0.4361350484024161, 14.58907001115742;
  4.679767483064654, 0.7116232204648958, 14.08553292289766;
  4.751481021464239, 1.075919561458923, 14.18799483287073;
  4.758313115911146, 1.421050603075004, 14.07259321047459;
  4.820018331818821, 0.515650612146339, 14.2084033290253;
  4.753337344304223, 0.2936894693920756, 14.01125612352688;
  4.772238208035542, 1.588394742392891, 13.99712430886668;
  4.812611802055256, 1.654081684950344, 14.0610451819777;
  4.805280950290982, 0.1592643073622977, 14.00889198443084;
  4.773615972316312, 1.05535503422828, 13.89822185011543;
  4.775871057635676, 0.7188313642751889, 13.77088090298138;
  4.63390613411206, 0.9341915929987943, 13.39791133271272;
  4.735649775281667, 1.165119995649711, 13.54834341142229;
  4.626650881699442, 1.62415389323766, 13.2065557600069;
  4.882907148591338, 1.053311216692479, 13.80704055772305;
  4.840460599446192, 0.5939147092960401, 13.6787910334036;
  4.798745977208835, 1.487641546390858, 13.44341970544781;
  4.823884200701555, 0.6996525467759021, 13.41738466091176;
  4.794528565805152, 1.124225302519548, 13.3208817808829;
  4.885862688089242, 0.7869831363949738, 13.57040796504229;
  4.862852355960852, 1.252042437012175, 13.46098206421388;
  4.773958902184937, 1.445592251522376, 13.16453016848131;
  4.810513818229708, 0.5339365014027103, 13.10649203655286;
  4.858157689502066, 1.371961039241721, 13.1520239023277;
  4.773483562481516, 0.6020242542831157, 12.87978041301979;
  4.860783781068, 1.395190006342625, 12.89992888296322;
  4.940560049087502, 1.16765307775214, 13.08631865636582;
  4.822174624964283, 0.8077848905631032, 12.71426513488501;
  4.725170424179402, 0.5234054798867267, 12.41093289174974;
  4.597702442960105, 1.641780384595494, 12.0768284345398;
  4.862289387040297, 0.9617160104874917, 12.71123113427606;
  4.774690741496945, 0.8023964656391318, 12.48458755047579;
  4.922639774524678, 1.16394995752404, 12.84383441390856;
  4.832674864097093, 1.1905008695762, 12.52575574915606;
  4.817923960811887, 0.5104605107386577, 12.46996549511243;
  4.796137444175061, 1.455287618083111, 12.40767612997612;
  4.851053793458052, 1.124258728583416, 12.36742486440858;
  4.743931486458343, 0.4537950755965761, 12.08618237385427;
  4.784453950640313, 1.178090401987016, 12.14036019878993;
  4.796408396823823, 0.9386642113279401, 12.16309734368318;
  4.751452017841771, 0.2135359984136855, 11.97525321811312;
  4.795525070762717, 0.4060043271296343, 12.07061964896088;
