m=[-3.819056140449139, 0.3828042405992969, 9.48580525990525;
  -3.831335190108579, 0.4016005627057746, 9.758723236138277;
  -7.179998287183832, -4.403952297117961, 17.65203344097465;
  -5.426164585516671, -0.08370071663030582, 14.96586132864633;
  -5.280117051656204, -0.01680171886605292, 14.71108991207746;
  -5.262531341629565, -0.1280281923116061, 14.67364767975786;
  -5.271835669233599, 0.03263605141350873, 14.84202757999778;
  -5.406764684101972, 0.4017485726033882, 15.37056151795282;
  -6.578751839349625, -4.443277390537928, 18.74819422747528;
  -5.393620096458075, 0.389021310452955, 15.64491950338343;
  -5.276658445701459, 0.4138834972072539, 15.48167650161545;
  -6.379527011301797, -4.410231073874765, 18.59907884430372;
  -6.235715816327008, -3.865121161555524, 18.25827877150329;
  -5.287879820738856, 0.497604450391865, 15.92025101950877;
  -6.154581269418285, -1.522855588847843, 18.51479897987814;
  -5.907544247317528, -0.5110187048406656, 18.08524790994398;
  -6.018156911924961, -0.5950012946641092, 18.48308368358644;
  -5.995032730663251, -0.7556651749366588, 18.46193960881121;
  -6.077645214838046, -4.359257697185633, 18.84557863649069;
  -5.973203691966294, -0.6628160905430985, 18.50085695478349;
  -5.963331285595235, -0.8288347004699189, 18.5536555112287;
  -5.833227868678033, -0.4544936788683487, 18.37934808619137;
  -5.836386611631992, -2.671405164226223, 18.51115796475815;
  -5.75040911742437, -2.472623054950796, 18.28863111455907;
  -5.042766370556412, 0.5025359667901467, 16.19172814493346;
  -5.802030270059677, -0.6986793925330616, 18.5758127366298;
  -5.792324014013577, -1.169243956299625, 18.60895824942685;
  -5.797734823484775, -4.24229236061119, 18.68830193129189;
  -5.431769329902271, -0.4934750086914564, 17.55385172733837;
  -5.363848419826104, -0.4192553361726674, 17.35059329304181;
  -5.586399215372997, -2.690463857088956, 18.16396277925553;
  -5.760110527493389, -0.6737481493757702, 18.67947672508777;
  -5.611582776854156, -3.037996543636591, 18.99921323071459;
  -5.443381161938612, -3.106987327511481, 18.48653230733422;
  -5.508633474330579, -1.226903240738386, 18.6926693045677;
  -5.483095462189635, -1.055564590164094, 18.64190727596281;
  -5.627042721266126, -2.74606164391425, 19.22678366819766;
  -5.460109453485167, -2.513481269114935, 18.6760377740207;
  -5.426700500340588, -0.7073278076671042, 18.65515556894362;
  -5.413421367198572, -4.280171720475824, 18.6871383500176;
  -5.329887610348321, -2.385262759020009, 18.55505766323822;
  -5.277544969005188, -2.588007039313913, 18.41320431057169;
  -5.283246909233619, -1.495329024094541, 18.47357837816661;
  -5.210977692107859, -2.428103381046578, 18.53014168555227;
  -5.270403568480955, -4.407611648681219, 18.92213701145818;
  -5.079380242149381, -0.5609477880761185, 18.46077364095888;
  -5.073197841715767, -2.903156615429189, 18.53020365547113;
  -5.039746942154182, -4.166626797726056, 18.57834946832306;
  -4.873925513681552, -3.553282076441986, 18.09269712133459;
  -5.004980770352915, -3.102513486816355, 18.63213940668553;
  -4.541277603963435, -3.200326681075481, 17.07672133027473;
  -4.785433502293278, -3.517138214187794, 18.0702231738353;
  -4.863079147731588, -3.081589024003591, 18.37021089255969;
  -4.988869417980814, -4.653210952205829, 19.6395847883648;
  -4.74437779258823, -0.5073373422700216, 18.6673283099075;
  -4.648726828965129, -2.950232847593393, 18.41346234057703;
  -4.685655537696142, -4.422035580725311, 18.77843398847589;
  -4.540178969541874, -3.071845974549145, 18.40344584238747;
  -4.713493691626074, -4.530895257164937, 19.30191942119264;
  -4.529231380032788, -0.6231322866048745, 18.58740505782271;
  -4.480852438490306, -2.794977405562726, 18.44875680523343;
  -4.710129723258621, -4.58428414484566, 20.81528063327715;
  -3.953861784683437, -3.799113269102456, 18.3808466901885;
  -4.620326357441908, -5.274073204071683, 21.8089609218939;
  -4.630633031244909, -5.120036114929042, 21.98794778917202;
  -4.509557159980187, -1.504748993508598, 21.81280401357071;
  -4.702512722565897, -5.144697515033237, 23.25809623006702;
  -3.940703017765074, -4.612546605904681, 20.64590109124235;
  -4.411647737946546, -5.408474567544661, 23.10388958798977;
  -4.799381615269275, -1.180589051061611, 25.94811530809011;
  -5.315711745872257, -4.14443728631344, 29.29187841342663;
  -2.77774288255032, 0.6062063203449919, 16.00096504313542;
  -4.389392781886673, -3.878619453045582, 25.23349671336568;
  -3.307163558667651, 0.6022913467719113, 19.410576306326;
  -2.703306473676985, 0.6406704421875922, 17.10118059802344;
  1.051588443965772, 0.871524256371228, 10.29863333713179;
  1.334898670743729, 0.7826982549958657, 11.20796534380025;
  1.230057507052338, 0.8989043548313749, 9.987132056711927;
  1.395752539725446, 0.8333848168023645, 10.8133394792962;
  2.918402867331451, -1.198010978949574, 15.52937084579584;
  2.999329432420036, -1.065170360344646, 15.61337050957809;
  3.002307705343907, 0.5456027819681336, 15.63455452473603;
  3.07825751025614, -1.000182151761254, 15.68737641062202;
  3.216916531740981, 0.5743453865504086, 16.23039766867824;
  3.158849952915507, -0.9577544316908694, 15.74321084092531;
  1.367969449261935, 0.8770634138469248, 7.382950679976628;
  3.649579766092488, 0.265915058870705, 17.9205082694972;
  4.736856457421284, -5.06329262176344, 22.64456992234836;
  3.729680198587746, 0.4878444849507714, 17.96124672556309;
  3.352178818271191, 0.5109924078419483, 16.04888047023758;
  4.682288632772941, -4.312748692293542, 21.74931724232025;
  3.853954943459094, 0.3839396444063443, 18.08047419166653;
  3.379627879596657, 0.7042425170931945, 15.65691376455809;
  4.009314248142689, 0.4695660470088323, 18.33301837818196;
  4.735503398408891, -4.401665538913054, 21.31812946978503;
  4.912590455767107, -3.98012189208582, 21.70904981884553;
  4.488801691748799, 0.3126269334865968, 19.94884329169676;
  4.867752479412778, -5.010972694738686, 21.28386343976729;
  3.968636014074983, 0.5657826626644321, 17.56004977906159;
  4.561868976394452, -4.288050210281854, 19.60321549636351;
  4.622426195127269, -3.764114839265984, 19.72358866245386;
  4.925205369282365, -3.366537221360437, 20.88384182047976;
  4.819674210855438, -3.393969851237511, 20.11589937280968;
  4.892528477957376, -2.427112602210735, 20.30817871364741;
  4.732826270762804, -4.011142192036486, 19.64733446325636;
  4.868460273422313, -0.05214723160615929, 20.0196024654013;
  4.860377569815662, -3.502517670005294, 19.84541167436112;
  4.89786226454059, -0.6615075184485069, 19.70694423570534;
  4.746569535792303, -0.865785663326516, 19.05251371747028;
  4.946079013024053, -3.440215408594435, 19.72875837331906;
  4.967672047118067, -4.229429318568993, 19.31362253399585;
  4.984821960547095, -3.310685931351597, 19.40433216689536;
  2.383984077844427, 0.716026457170573, 9.796911122801925;
  5.092045483415984, -3.269269655960468, 19.56255634803214;
  4.893175344157937, -1.920441786043959, 18.72764103391244;
  2.469068714175085, 0.308286477244029, 9.886805740350805;
  4.989828894504854, -1.959971910210433, 18.77596196892817;
  4.970189784963135, -3.186449899265335, 18.59595342731519;
  5.433491110672931, -2.172500597710939, 20.14519361382076;
  5.28647676580101, -4.308970179183707, 19.53528794905577;
  5.168232067438963, -1.901537449027409, 19.01647969243215;
  2.399860190794296, 0.7731192314725337, 9.343278643333383;
  4.586276327686162, 0.1770855790110188, 16.1914354613626;
  5.316397403573966, -0.6548441864640565, 18.57017247900448;
  2.304156892095954, 0.8123178270174333, 8.565688353532611;
  5.515649248963432, -0.531244236805744, 18.88978760606701;
  2.444021793149698, 0.6519101540945507, 8.838303337697127;
  5.626181413371394, -0.8162249969830284, 19.037109382014;
  2.357367985378403, 0.8188611908987249, 8.568087810028448;
  4.861809138892692, 0.3123876039129809, 16.47618692774691;
  5.476405170192461, -0.6185387064767042, 18.29419483844781;
  5.044051139132827, -1.287586370861348, 16.70746195701124;
