m=[-3.796131264282772, 0.4644578952545256, 9.322475139425828;
  -5.440674294278631, -0.02899199689173352, 14.44798707338695;
  -5.674335234269012, 0.09217273871568511, 15.36814107218851;
  -5.439199084496879, -1.024724912317056, 14.79116584058252;
  -5.555777358751736, -0.1942099650913609, 15.22752974800726;
  -5.766359660397328, 0.4873459743148786, 15.7880725433274;
  -7.079532396052498, -4.688735136773147, 19.52567041365774;
  -5.678746507419695, 0.4686774725841633, 15.89009275742167;
  -7.020831005734639, -3.077716439092639, 19.66668492634;
  -6.835248720286176, -4.630707650826861, 19.28754231701491;
  -6.803316631414567, -4.634199533910661, 19.23168565890397;
  -6.627751431278509, -4.020055232522009, 18.78324190765181;
  -6.621226967954152, -1.561192715032825, 19.28494206420422;
  -6.588014148269983, -2.416050812119246, 19.28867042452255;
  -6.527547654550869, -0.5079170370932044, 19.10089334004823;
  -6.480986389418773, -0.490782324151168, 19.20505929614916;
  -6.549484885414961, -2.700460821978783, 19.46213173236328;
  -6.624207845069697, -0.6981082734583842, 19.64767779084824;
  -6.258112237093985, -4.009194814575298, 18.69653829406609;
  -6.545688676450188, -0.7460756185271552, 19.5243550371345;
  -6.547892937507565, -4.599376505468424, 19.64692835158345;
  -6.567432074949672, -0.6566039867347335, 19.69616214979152;
  -6.479328176179743, -0.824030235276764, 19.51985106735931;
  -6.383969443862453, -1.253152990598837, 19.25435611996912;
  -6.737717907120194, -3.839727140471523, 20.49667741033395;
  -6.129720841089418, -0.4084335064958467, 18.70167871314153;
  -6.416776396330119, -2.825356879963448, 19.65600409369272;
  -6.175380009527532, -2.571372457035713, 19.00752796229457;
  -5.158653636496159, 0.5553268100562805, 15.99469113594542;
  -6.250385866276249, -4.478589027399028, 19.48610353943398;
  -5.720434508959902, -0.4525485489710441, 17.87460702932653;
  -6.411006831344674, -1.21856122241655, 19.94143909009651;
  -5.990005995751186, -0.4013229186164388, 18.72800056872056;
  -6.232835050476644, -0.6570957786189028, 19.57515529310474;
  -6.25871473764755, -2.923536163344375, 19.68307142232533;
  -4.880805596859696, 0.6984978718253772, 15.75721587538417;
  -6.014719830246753, -3.165720672794444, 19.71339748072682;
  -5.909682922697011, -3.283734383848025, 19.40484389097707;
  -6.051336143169592, -1.270760147311586, 19.873659141727;
  -5.68219578189886, -0.4723270136309949, 18.71276005776113;
  -6.016543012802437, -1.076681997906249, 19.81423472067549;
  -5.891390508650177, -2.788279403019688, 19.48520347040155;
  -5.891860486979368, -2.628151813961482, 19.49738528222378;
  -5.512980517486803, -0.523802198993892, 18.33607505317396;
  -5.91622699935455, -4.574552905543618, 19.7534707616032;
  -5.901309962344626, -1.244688569105947, 19.68833541402988;
  -5.764392392217948, -3.181684077259964, 19.33516235178734;
  -5.746431659890272, -2.488752153715274, 19.34728897775934;
  -5.758419281686627, -2.753275885427877, 19.43756064044675;
  -5.74204495358604, -0.5212390097497186, 19.42569815085372;
  -5.776084609726815, -1.557504280429239, 19.55081609678041;
  -5.700773720874184, -2.572194525651593, 19.60110227925148;
  -4.271429734024877, 0.7610870371669868, 14.99617806246983;
  -5.500554060185848, -3.059745457150022, 19.42183625081763;
  -5.564864874300904, -3.354755026093683, 19.98445704075393;
  -5.048943710711222, -3.618249355768002, 18.41889367400313;
  -5.310497046631684, -3.278115768183152, 19.38796633310778;
  -5.077386224726533, -0.4752014070779413, 19.33343418239765;
  -5.261763722921089, -3.248747126257424, 20.12073064002637;
  -4.735279166193119, -0.3304676991919986, 18.15926557909286;
  -4.843776458507901, -2.933308168332923, 19.26557358071855;
  -4.993552190335723, -0.6164963770459113, 19.82416419262622;
  -5.013289786154265, -4.768043784238776, 21.46894734940107;
  -4.244522690529601, -3.984609395611539, 19.04217581331224;
  -5.058672237902862, -5.465551615806446, 23.26178919759179;
  -5.254346667557086, -1.660255453976466, 24.66515269958131;
  -5.134244776352591, -4.912073167492279, 24.17625124420164;
  -5.273210935026707, -5.629902074225393, 25.27997043988194;
  -4.892494907022129, -5.584378191832321, 24.64530332831612;
  -5.036524866772361, -6.033207179553572, 25.56546255206763;
  -3.029092029845994, 0.7169323593575537, 16.80515145182559;
  -5.236754000014668, -4.492543752878582, 29.22848970337984;
  -3.85252751921657, 0.7672129114483393, 21.8075564606838;
  -3.132534630854101, 0.6685855605921007, 18.87649649327306;
  1.206401858498363, 0.9406408991045198, 10.53736163756197;
  1.431081540734276, 0.8939195601032368, 10.68627932868035;
  2.709579686090924, -1.039383584020536, 15.17128251948374;
  2.669236307474796, -0.956850681398332, 14.75849088380791;
  3.05762833908129, 0.5818237040508525, 16.45941946834796;
  3.248187688899348, -0.01315986041663953, 17.0881039600773;
  4.464026863403672, -4.942153976746116, 22.78284650438872;
  2.9445034793768, -1.182920704411018, 15.27917543269919;
  2.930477961197368, -0.9769251905416286, 15.14115483258843;
  4.535844705196827, -4.228812125116655, 22.65340560667941;
  2.93627125281467, 0.6808096816633845, 15.1318424816748;
  3.393341554821086, 0.3859339809282701, 17.1214365082955;
  4.491999984958023, -4.269215161417541, 22.16553871513783;
  3.077817537478031, -0.9733142262693635, 15.29908373216225;
  3.507212012264845, 0.2009716754675617, 17.23290745820109;
  2.231187865262902, 0.8390264602990044, 11.33937010517968;
  3.193641991122927, -1.066482446654265, 15.6766873390355;
  3.524489301801395, 0.3914407280893713, 17.20751950524965;
  4.163826395527291, -4.060626819154212, 19.95855796685805;
  3.127905908496992, -0.9207032893158476, 15.18673726574471;
  4.655859096499239, -4.976009201119864, 21.98084572601917;
  3.479954559499199, 0.5925350435464933, 16.77343520897122;
  3.54318408823302, 0.2994311994109736, 17.02491574735545;
  4.470144133909318, -3.400096968108572, 20.96497233893019;
  3.6362221285485, 0.5182275796254035, 17.11967165880012;
  3.361650480852901, 0.708414965340196, 15.79651392642284;
  4.515574973409897, -4.153421527605418, 20.68090148926191;
  3.753511441557035, 0.4117560787560264, 17.21675327455351;
  4.460774674061709, -3.337278935767237, 19.92655276406411;
  3.398064933101069, 0.7464062753506117, 15.33955596349117;
  3.848487798123653, 0.4881783322296073, 17.20662274290614;
  0.9991257417907274, 1.007998843658153, 5.276834061387413;
  4.344305477164522, -3.585198303359086, 19.06769020616565;
  4.438722532145143, -3.595891111906083, 19.37375679924887;
  4.443369387701894, -4.012884070647282, 19.30417123166848;
  4.619110947303454, -4.020123892957739, 19.97244155545402;
  4.287494347488039, 0.3312083917504725, 18.67332369671849;
  4.317784776526395, -0.2475580560209342, 18.61988403447765;
  3.889791707329, 0.5946711249085848, 16.81656356781234;
  4.75597446975831, -4.210213059709474, 20.20523030423945;
  3.564663164743845, 0.7762873501388431, 15.44481269849366;
  4.579778574659751, 0.2129221714970133, 19.33661429661959;
  4.46013785624375, -4.173566041487155, 18.81103095638888;
  4.63847746026065, -1.297173650889506, 19.48268982423669;
  4.720094492542582, -3.207050086509173, 19.67856737488336;
  4.649163918836194, -3.256750233398185, 19.04737435679571;
  4.978783523884778, 0.360707752473152, 20.31481782954334;
  4.57912787534009, -3.871761311999064, 18.66778854518695;
  4.345364077908232, -2.004900980618342, 17.69421584677949;
  4.388921558914444, -3.55130114564924, 17.85033242070823;
  4.679009231678283, -0.5942324725917227, 18.45176719093382;
  4.749652905640483, -3.289649374744911, 18.60301623516466;
  4.586035034060815, 0.08584791526461372, 18.05291579188248;
  4.678851691104605, 0.2234793930103788, 18.30755330672296;
  4.779466376339863, -1.852274342993791, 17.91441948017682;
  4.841091396618707, -1.878191806001138, 17.8382633815952;
  2.468892352380763, 0.7421843623336767, 9.509573457816288;
  4.977201314920731, -1.809064258412683, 17.95142108370005;
