m=[-7.603887713751135, -2.093612881921365, 10.37024803927842;
  -7.514226543774492, -1.285734153467166, 11.2420532574144;
  -7.768993041925347, 0.8953803351066226, 17.16226989300008;
  -15.84323009610795, -6.028580622928814, 35.47220075615091;
  -14.06732764143652, -5.581518856845373, 31.69412067979797;
  -7.841987502090731, 0.9829742490160522, 18.16408674684309;
  -13.55485456021384, -0.5276884916852305, 31.25923268976455;
  -12.31412805896162, 1.159291228493758, 30.75523989538578;
  -11.7881905918526, -0.6798941803628089, 29.90638807027193;
  -10.47333883227415, -0.002529252173048599, 26.77650957379385;
  -10.94524422467136, 0.01773091454612649, 28.44224158721796;
  -11.1396498903874, -0.1758665097191952, 29.02589306559463;
  -11.42573878196871, 0.2399062273741797, 29.79919743170898;
  -10.71527007916104, -2.318444767154503, 28.05354754444116;
  -10.7923993703941, -0.3212527315301669, 28.50793525183398;
  -11.35001799808164, 1.009517944894637, 29.97369224549152;
  -13.53510494990481, -8.832975170877631, 36.13233663168196;
  -11.41885406347632, 0.9980000588313942, 30.80456405469385;
  -13.71434121329667, -5.925576501216454, 37.21318500451539;
  -11.66800754002868, 1.105943405344354, 31.81959562001246;
  -9.941080794532137, 1.550613643114061, 27.26881001122361;
  -13.30961762639418, -8.910346954784048, 36.34731134939155;
  -13.04225322631519, -7.80630237177465, 35.73921735933481;
  -10.92353152482848, 1.196039167123812, 30.61984070636636;
  -12.64399047217847, -2.908232435359312, 35.68712164930842;
  -12.71305965248895, -0.8975605964182397, 36.49178649504697;
  -12.67376378643185, -5.144659312569624, 36.47444075741206;
  -11.96291923614541, -7.570203236054847, 34.58129257968127;
  -12.73440060040287, -1.40839227003233, 36.80875844947439;
  -12.66622163687547, -8.793140441539416, 36.79836861653681;
  -12.70116541476262, -1.201724537737448, 36.92715145983232;
  -12.417856776007, -1.514430023355001, 36.26534831054345;
  -12.33575632954018, -2.357194815257967, 36.04196210584576;
  -13.68843306613726, -7.665897226836234, 40.27683468297945;
  -11.57040681844682, -0.7097562353018178, 34.20936014304817;
  -12.28014214061479, -5.346668181479955, 36.46936449165413;
  -12.13419542792235, -4.97294246752075, 36.13477553569963;
  -10.21428095722838, 1.153467735569408, 30.550185136303;
  -12.04053701091137, -8.51917819360345, 36.32897893335299;
  -10.92593973474256, -0.8062288363767198, 33.03587531867955;
  -11.58730317985154, -6.008639151963411, 36.7704967254944;
  -11.39638094611569, -6.236784400921247, 36.21073903203244;
  -10.86737749809008, -5.050896729660589, 34.82322563459844;
  -11.96488573650501, -9.143536971738381, 38.6262072813206;
  -7.820600476925253, 1.413185828443635, 26.48665993186034;
  -9.966702031056711, -7.048468938779865, 35.10527536119832;
  -9.991135915624, -8.984633266598641, 36.78226342133419;
  2.391549533400779, 1.84228729947739, 17.75713444443212;
  3.093828233000084, 1.898373355113029, 19.8562345997723;
  3.329123265844457, 1.915464644551258, 21.12170916324356;
  3.473469513519926, 1.92100060719049, 19.95205336323114;
  4.191864290778347, 1.818500767257213, 22.07294889423455;
  4.332285581887731, 1.733388439618295, 22.10601115529665;
  4.436577278380849, 1.677044324492138, 21.60993331472793;
  4.160271606219126, 1.781845425848248, 19.82666335401427;
  3.337201608435121, 1.941137413910022, 15.90687648026644;
  1.961430121216351, 1.993768179385347, 9.339262758974847;
  2.416512135569811, 1.960996741039326, 10.59134622385458;
  5.064501285807168, 1.694497956834396, 19.76624627211252;
  1.184495709735309, -0.3564779516733527, 4.422199995083772;
  4.87203149714371, 1.077123839378303, 18.86645302862243;
  5.037362902159342, 1.301117489247795, 18.78034831441419;
  2.874304417773785, 2.016120589444924, 11.0788758834886;
  2.60835580279611, 1.972171166325517, 10.15184836722505;
  5.650431528034353, 1.229219947461629, 20.67300473843845;
  5.796406833053635, 0.7416567188702745, 21.02653527438674;
  4.921659240745387, 1.485397907534499, 17.97153194565039;
  6.589775576852218, -1.650997115445499, 23.32714892895597;
  5.996391329578001, 0.02904850511318496, 21.31126082480745;
  6.04494879659188, 0.2895179985648971, 21.47616175055652;
  5.994026700699552, -1.350837952766346, 21.23569445242761;
  5.02476814468239, 1.747579729428217, 17.94859593488785;
  4.936345948257469, 1.200025688525082, 17.58447951105948;
  5.882242668455985, -0.07489720187496246, 20.64850326174543;
  5.10172028998615, 1.198444344565109, 18.0222547023498;
  6.213845309227136, -1.646184174644642, 21.60836798979857;
  5.111000059226871, 1.709660765678496, 17.90128202023054;
  6.442695511768533, -1.221015780604688, 21.9291592540106;
  4.857967505086852, 1.756508014108029, 16.75140967929626;
  6.329433146813285, -1.723364556877835, 21.22887339213041;
  2.658807502560731, 1.987588683606699, 9.40162229231205;
  6.585578771199216, -1.429551637679545, 21.71124147267762;
  5.17402030122816, 1.033344996825129, 17.25867754645761;
  5.11551612805887, 1.760316590731331, 17.01770785125104;
  9.81762185107098, 0.7210547466631748, 31.50254534420653;
  4.762924291817486, 1.735297618578339, 15.74611225072353;
  10.25004377657568, 0.5260977452676467, 32.29496351611215;
  4.820651213862977, 1.813359504431126, 15.73718442279497;
  10.4632798210104, -4.172764565530709, 32.86125758788914;
  4.865825136555091, 1.745444598301862, 15.7257763212612;
  10.27856040423812, 0.5913195133742086, 32.01918883848432;
  10.30673315482201, 0.8255684914626387, 32.09880064516874;
  10.58827285904892, -1.91592125838556, 32.82948717818125;
  5.055883345160567, 1.504166343785271, 16.15166174007758;
  10.1963440413589, 0.1250671122386507, 31.33975277883704;
  5.1434863852734, 1.335748206255983, 16.31975314234574;
  11.27284474677692, -4.079222268118601, 34.41418051016836;
  10.12392753014156, -4.281151732722096, 30.88220248692172;
  2.755742763285193, 2.036548369288791, 9.159060600294124;
  5.121221488678542, 1.71561009292618, 16.07919792546889;
  5.135429080637358, 1.239786095895711, 16.02700815951682;
  5.087742458148461, 1.703067021277305, 15.75156211445405;
  12.85837685486153, -8.479517937620257, 38.08377806655354;
  5.212809833879821, 1.422857018678872, 16.06122358468805;
  5.105395960142723, 1.502392536643643, 15.44016159126936;
  6.835801309672942, 0.9504728600687852, 20.16970706287698;
  6.540303174890119, 0.7338043928757271, 18.95000049056998;
  13.26451160577685, -4.406949946662752, 37.17900746771532;
  4.642967916390488, 1.830117372546792, 13.67396988694102;
  11.2527012000016, 0.0195446623513567, 31.17758343928145;
  14.35563936947878, -9.274111149926922, 39.25065481864977;
  14.29728656232947, -5.969639708149214, 38.74518668426506;
  14.42043243851831, -6.483369793308313, 38.94579045253767;
  5.235552743390168, 1.746536070158007, 14.79226532231553;
  14.69889096920271, -5.698671823192514, 39.13602893497773;
  5.0853996680684, 0.8565294667071264, 14.20915130373152;
  5.125772429232222, 0.6234078915746192, 14.27556633902029;
  14.4315601709396, -4.525893823553908, 38.24671572371406;
  14.29303008451953, -6.139176569355359, 37.87607001051841;
  14.45474268722294, -6.414009458829985, 38.28325856079806;
  5.015073505007079, 1.477101552608167, 13.95671576230277;
  5.13723464553819, 1.10060482196753, 14.20716004310097;
  5.12715926068854, 0.7654781937331343, 14.16407050459993;
  5.153906440501384, 1.365761995715999, 14.21228241090923;
  5.213558513287171, 1.606345862111756, 14.30044123676649;
  5.223721054829835, 0.948734550508908, 14.30457343861529;
  5.117546255577524, 0.5485873884758445, 14.03355303045216;
  15.89239044114622, -7.16762183764171, 41.11042790703176;
  5.070159535242543, 0.6556741354461434, 13.81049809468312;
  5.12085080326912, 1.265493338863929, 13.92316224430354;
  5.110680338237986, 0.4281411032780894, 13.88334983208396;
  5.095473968419317, 0.7813073334629638, 13.728890118461;
  5.091463631154599, 0.4082007658124732, 13.66162021683834;
  5.092187650852345, 0.6057466062646747, 13.6077538493762;
