m=[-7.849921341132929, -2.987009808075371, 17.57558174965001;
  -6.567416965409221, -0.269402648015871, 15.50215294216411;
  -5.77266716691965, -1.388839129969092, 14.65809309498451;
  -6.113772967531567, -0.3526171916118395, 15.51051160191687;
  -5.54445009420387, -0.00133895338188726, 14.17513778618348;
  -5.545955002066962, 0.008984254001080973, 14.41168317149769;
  -5.598169075547751, -0.08838073600356912, 14.58680107084737;
  -5.479546659148515, -1.185600193408889, 14.34594943373021;
  -5.817128184760527, 0.1221422354903029, 15.17151359497206;
  -6.749837299349945, -2.919727636284868, 17.49532229407497;
  -5.741612596811603, 0.5106829742555549, 15.16273621757745;
  -5.199985619673074, 0.8110957764569173, 14.26378306893475;
  -5.786567122576204, 0.5484754553715242, 15.78043425467149;
  -6.686435043215299, -2.889018273117813, 18.1433100149645;
  -6.559645556702205, -4.391464837781298, 17.91377379003651;
  -6.568713306565824, -3.93163369662926, 18.00000878382251;
  -5.564346978434974, 0.6092514046898189, 15.59746660018956;
  -6.161663816820052, -0.4350224730732656, 17.686546480857;
  -6.180851634212121, -2.508992313207144, 17.78817331310658;
  -6.029773938683985, -3.815675194511516, 17.43030882737571;
  -6.205697482797432, -0.6863343347824701, 17.93755566693696;
  -6.186775254862979, -4.294981191381614, 17.97404489696556;
  -6.222418049136103, -0.5887359316662354, 18.0909519908916;
  -6.12385734548857, -1.170185629364094, 17.89236334533949;
  -6.162928787032737, -0.7516050921858316, 17.99833603385178;
  -5.688572774927617, -0.3489505650342401, 16.8189794715931;
  -6.457250505538571, -3.616237045118823, 18.99980880657174;
  -6.037093787277962, -4.266164023083482, 17.89984028618621;
  -5.237134628683275, 0.5914137124595605, 15.66389579060804;
  -5.993804545735335, -2.609650904992591, 17.80030232282083;
  -5.959545838147727, -2.442393380072322, 17.74710589056776;
  -5.966534135745405, -0.6159520915401797, 17.93047371519603;
  -5.933373538153635, -4.198107311570498, 17.90230801798615;
  -5.574291329389327, -0.411328867010659, 16.85453130975387;
  -5.890508048970146, -1.086057196140317, 17.75819718153358;
  -5.719139226901695, -0.3544899645692571, 17.2978072520217;
  -5.861661454237622, -0.5892987196761269, 17.84806892452172;
  -5.745260223373947, -0.6075143304897895, 17.92064359798161;
  -5.48400715363813, -2.843752302114155, 17.40264011008835;
  -5.632702926447778, -3.08255348016131, 17.89729008524277;
  -5.250927809751063, -0.4085710581696828, 16.75369541212953;
  -5.693184515905963, -1.1650789761477, 18.12555108832859;
  -5.600755628190976, -0.9737774674972446, 17.86335538490494;
  -5.548211159746344, -2.578675637903833, 17.77858633494601;
  -5.584529488229539, -2.452363772046442, 17.89724296514492;
  -5.191211824421441, -0.4663579483922104, 16.71343701135535;
  -5.685670892897209, -4.344976054366238, 18.35503549961769;
  -5.532254301912798, -0.619516999758653, 17.84623319969519;
  -5.473145126785859, -2.332497516959402, 17.8444893668377;
  -5.212607724806924, -0.3535196415059901, 17.02833219805364;
  -5.463335940840508, -2.564128436973731, 17.84539369142702;
  -5.466699175128321, -1.437661022382826, 17.91000902040364;
  -5.467762657867712, -0.4669420628794362, 17.91781947472255;
  -5.357129454630966, -2.386269287643032, 17.84374865516804;
  -4.192129503944313, 0.7575195822180306, 14.19782392527308;
  -5.246863201415295, -0.4896077505459403, 17.88078072125562;
  -5.20763717656205, -2.855030110481212, 17.79323284075877;
  -5.074557809077001, -3.565322272819601, 17.58237963365245;
  -4.995201489371064, -2.972074733518658, 17.39451674676306;
  -5.00187730871332, -3.537336296018045, 17.61789202668615;
  -5.089950507468049, -3.101568925930813, 17.97532322724564;
  -4.810518135532785, -0.4230253675812448, 17.74767110137536;
  -4.85205288707733, -2.952544247993158, 17.95569622664563;
  -4.643466638474567, -0.2985735307008041, 17.20556416701261;
  -4.676495922895788, -0.1581636153828787, 17.88338575805711;
  -4.609661917885742, -2.751016978612606, 17.7266446570334;
  -4.626677509085592, -0.5414224884243161, 17.78996158285468;
  -4.673155187487532, -4.321918019978726, 18.19136771854587;
  -4.492456075081382, -0.2951678081186065, 17.62777526158353;
  -4.275555441752179, -3.909806691325802, 17.71582295137699;
  -4.570333811885435, -4.407125134475229, 18.93869368529859;
  -4.667114830288655, -4.382706655158262, 19.34373975217507;
  -4.645039625343298, -4.952549310873123, 20.70461590526474;
  -4.440124183398036, -1.367885572171379, 20.23925216173092;
  -4.680522912326701, -4.926067560703426, 21.7653008894332;
  -4.949983961439845, -5.572657983425709, 24.22512700702435;
  -4.529584276737026, -5.349461807885602, 22.2809146670414;
  -3.020407557639843, 0.7316700839348204, 16.13609655226748;
  -2.891832427243013, 0.7515615469897787, 17.01046710211293;
  0.2773685249984446, 0.8331087929077387, 11.05039675098388;
  0.4768405689912983, 0.8201133724426508, 11.58241141661244;
  1.094614681411592, 0.8918272658812866, 8.907383596760781;
  2.424379957933811, 0.6967869668510744, 18.39023552713255;
  1.301552161242566, 0.8213094887235478, 9.290159428492109;
  1.495173797544305, 0.8602723053359496, 9.48616905364799;
  2.887873186108796, 0.6540115036689898, 16.66003494143058;
  2.845870466381147, -1.09358688574919, 15.51642491221912;
  4.70526923611296, -4.849990238688332, 24.25408166640964;
  5.266164401685528, -5.882529752657215, 26.54864386623291;
  3.779605494802416, 0.4316751210097485, 18.61915599178935;
  3.035452717799598, -0.9387265805300278, 15.0372764167457;
  1.981046758830504, 0.7926355465707331, 10.1085306871181;
  3.976602909090247, 0.2235712151436314, 19.07601842813422;
  3.15561293736502, -1.001535492481289, 15.25809758113599;
  3.870878150262834, 0.4341022623573651, 18.45272366312083;
  3.562185535059031, 0.6716556323184064, 17.0264156700668;
  3.25034859915259, -1.092260713843834, 15.54634958077443;
  3.904326276239937, 0.2190470581525964, 18.43883373568326;
  5.739863763183418, -1.046752890412408, 26.72518273770148;
  5.381768470035681, -4.128591491267565, 24.85325812664687;
  4.034151645064783, 0.3413597246220867, 18.90137376615833;
  3.158324735090133, -0.9345910384962326, 14.93356123965382;
  3.802521768339184, 0.6494537520535247, 17.86603093139071;
  2.115526996632391, 0.7996778418130132, 10.30442939549496;
  3.999127418214, 0.5663722925027577, 18.36524758270913;
  5.450977564733857, -3.814023843762346, 24.2604660378371;
  1.878373501507102, 0.8045078659507833, 8.951790313836725;
  4.038669420511702, 0.4418444135310807, 18.07325534990355;
  5.503540200880794, -4.261675699944658, 24.10010211798597;
  5.238053691953416, -4.894113814554086, 22.82848144771317;
  4.238213556709289, 0.5359221314106439, 18.49360297398365;
  5.324634291631707, -4.348032260181634, 22.82094604819912;
  3.619792474332701, 0.7981259322782153, 15.84329044729371;
  5.062552463934559, 0.3851195427033217, 21.56892311999808;
  4.934723752573246, 0.1560082821819109, 20.99265960629679;
  4.915136066807546, -4.046460159676048, 20.62151832454779;
  4.82174018737336, -0.2849765247731295, 20.35399315617717;
  5.185507508054629, -4.624557403396818, 21.67547085298972;
  5.532638974383063, 0.2527043161382381, 22.88151894014764;
  3.851230195830694, 0.7616998134577413, 16.17223768445261;
  5.091988824084217, -4.788082521025928, 21.04113109985545;
  5.612518282085729, -1.583421014766941, 23.11355773203504;
  5.146831392796644, -4.211919850697282, 21.16502431427997;
  5.53941091031203, -3.791138809453662, 22.67222296470944;
  5.279159766109104, -2.546264982612176, 21.39440009132679;
  5.325515411752027, -3.760529812147432, 21.42093795795562;
  5.059990447122625, -4.315488828833995, 20.24514781114886;
  5.08436547136662, 0.3565787132290793, 20.41970600364428;
  5.452439497324109, -0.01598127433324811, 21.50017088604098;
  5.169178579976029, -4.767810366376031, 20.22468811354802;
  5.386236099544757, 0.3739151379533316, 20.85814566133467;
  5.42962273521508, 0.5154549919698624, 21.00546106865787;
