m=[-8.90923449761334, -0.7778174278754745, 19.11085959278557;
  -8.709458366560552, -0.613696880164627, 18.81797442011851;
  -8.638094675773361, -3.251013311594066, 18.77618980756718;
  -8.478697497603907, -3.347154492731964, 18.49876717565579;
  -8.604080779868109, -0.4836125391427485, 18.81949496022897;
  -8.493376360614368, -1.530689513156465, 18.62982515438289;
  -8.397054924950115, -2.577989598780827, 18.63241116965642;
  -7.007783259730002, -0.009038874048874929, 16.39636230006912;
  -6.76124059395839, -0.2336451746492564, 15.95521228692367;
  -6.587658745749826, 0.6500411233703617, 15.9146674944954;
  -6.33428843824758, -0.3299308428644191, 15.52608976995763;
  -6.004757233228291, 0.02918802759330113, 14.77463898324477;
  -5.854839372843179, -0.02280833398418907, 14.56841027015402;
  -5.841781226921112, 0.03847797218211945, 14.6420825554897;
  -5.455595403623144, 0.1437442795468455, 13.74765377765777;
  -5.788178929950365, -1.030004151873103, 14.59360233532594;
  -5.800977572266376, -1.224573622689408, 14.63531883006195;
  -5.97698645843421, -0.1465099843913775, 15.22876438796346;
  -6.105372766106206, 0.5681503482600336, 15.58080058272668;
  -6.09410076763299, 0.5631407646913879, 15.90329255242805;
  -5.426485818429095, 0.8725015811143781, 14.33794410813261;
  -6.02061048836869, 0.5935019616754799, 15.89684726269327;
  -7.212763183530594, -3.085226407239623, 19.02581111214644;
  -5.958249929652333, 0.8750434047460703, 15.90487825757347;
  -7.087392464884288, -4.201126190745483, 18.84655669807793;
  -5.841191639612, 0.6691392810134931, 15.8362043250875;
  -6.914802929150456, -1.557619608862285, 18.95318352129577;
  -6.948921537860717, -2.466995482156221, 19.13425148045197;
  -6.474226247316875, -0.3480995388371314, 17.89706920020699;
  -6.77529897517632, -2.708703161148058, 18.93620968591351;
  -6.705884213728021, -0.6524534083913568, 18.74577965482251;
  -6.713667251967558, -4.204202413003452, 18.80975915618181;
  -6.748294366907095, -0.7067442520441148, 18.96293782106145;
  -6.66352510087366, -4.584815475775072, 18.79776593991072;
  -6.734098674568846, -0.6037935645364867, 19.03542797099783;
  -6.980932453625761, -1.298923043337961, 19.81367209378187;
  -6.663040380780426, -3.68118282267105, 19.07560395238745;
  -6.141408965432025, -0.3444119099353747, 17.61707376820127;
  -5.463491170140886, 0.6466272765994303, 15.80399312254443;
  -6.572490213172886, -2.831889993771905, 18.96418226557335;
  -6.533769119588633, -2.644108732265269, 18.8959301821468;
  -6.073190748068497, -0.4148406191335027, 17.7969590701052;
  -6.577130387574698, -0.6458573009782779, 19.20658058407494;
  -6.458464395824979, -4.528041458412835, 18.91341727519689;
  -5.936781615433849, -0.3376986387937946, 17.45057247392747;
  -6.332560839350649, -1.133592977112354, 18.5648916248345;
  -6.468865961552186, -0.6195365515002007, 19.13853460628161;
  -6.696078432403774, -3.043071361823952, 19.81227200856955;
  -6.405077326741535, -0.6528921360304314, 19.16792546679964;
  -6.266427131605678, -0.6237895539064259, 18.99751777391914;
  -6.158216402397464, -4.471710203507265, 18.88761615862492;
  -6.215377280841594, -0.6537759406983691, 19.06372628076157;
  -5.956272856538577, -3.052883550804423, 18.35821111792972;
  -6.165801306705408, -3.335969452551714, 19.01834593916513;
  -5.734828763895371, -0.4138618993944214, 17.74992823671863;
  -6.274942334790891, -1.250477110802685, 19.41448637559535;
  -6.015232420244479, -1.009580236301219, 18.66142555865431;
  -4.422580474495196, 0.8152547365085804, 13.99144919696206;
  -6.191793904327156, -2.845113492849986, 19.24792609973494;
  -6.153795205305688, -2.665806918441867, 19.14710141708246;
  -5.483399367478898, -0.2837977464970566, 17.22440700383785;
  -6.075281039795847, -4.602645815249586, 19.06605693986815;
  -6.080331539299585, -0.6502202436551764, 19.05612489013066;
  -6.010668364198345, -3.2372359406137, 18.94401288437461;
  -6.013009668035922, -2.793974954262144, 19.07566762775014;
  -5.928957586730352, -1.532993884112328, 18.88459608634885;
  -5.995674536644577, -0.4780774159318664, 19.09577211411379;
  -4.512264685241008, 0.8520937836380264, 14.71602463785228;
  -5.788324793789388, -2.540306037242784, 18.71899353841677;
  -5.758336449285138, -0.5077292948755779, 19.07130201157694;
  -5.738251214210208, -3.109748358196367, 19.03297858662161;
  -5.500220674229865, -3.23419770434464, 18.57621119107759;
  -5.614883469035707, -3.930672340805339, 19.17457346802387;
  -5.486545317086323, -3.30521353037793, 18.81048569354583;
  -5.350610807935033, -0.4375085147943428, 19.16375346223584;
  -5.21574203218916, -3.136345515455135, 18.75105226591898;
  -5.081589751537548, -0.2956107097054436, 18.27389754752833;
  -5.052586751161114, -2.981408033761414, 18.85793933217688;
  -5.601312945391277, -0.1421813599081224, 20.78964429257168;
  -4.953621130310975, -4.541342298765156, 18.71835554575254;
  -5.054166260855627, -0.2973854476087415, 19.26045171418341;
  -4.787943387873805, -4.323646590580459, 18.82480002793006;
  -4.692083337530359, -4.249088366058538, 18.84973085982979;
  -5.033825094659639, -4.678127766565001, 20.28562021548894;
  -4.516976373764617, -4.105914129531422, 18.58645518728238;
  -4.444401897496682, -4.080965277873726, 18.670223682818;
  -4.484285882969783, -4.171855001742449, 19.19397614085278;
  -5.196289134269033, -5.490825142389409, 22.55045133653692;
  -5.242217499028815, -4.892766617646079, 23.31951053615822;
  -5.017267785514155, -3.77676447085518, 22.67937359534335;
  -5.328856254799652, -5.555285581802155, 24.16590171048188;
  -3.730986999918505, 0.8039242560969888, 17.46960585990874;
  -5.265560684451722, -5.874741638649187, 25.0705281647573;
  -3.874822701629388, 0.8141424237328346, 20.70701354286604;
  -3.440575511944665, 0.7749907992009323, 19.43719301657569;
  -3.061413831810674, 0.8164864376632465, 17.48536052080374;
  0.2654847407436101, 0.8258966028949853, 10.31837936459539;
  0.4704958638875655, 0.820397822575092, 10.88591399210586;
  0.451806732768152, 0.8302059643453218, 9.925855152989058;
  1.170395100031945, 0.7228301242762527, 15.24908173704559;
  1.676130774442299, 0.7833359252998247, 16.58107289159847;
  2.084951468319037, 0.6128381281864452, 17.60551226070822;
  1.975443528290468, 0.6451452729470973, 16.4217043734201;
  1.096579389625722, 0.9742270845561603, 9.361340508158174;
  1.184012061841726, 0.9765122934459052, 9.134864482986718;
  1.340245275106914, 0.9621006285310172, 9.637410214398422;
  2.314988031189194, 0.7998679907529546, 15.20655359877375;
  2.710417712766112, 0.6951919197515858, 17.35865667343347;
  2.350927481435133, 0.7787851530076778, 14.75174141245335;
  2.640106630554687, 0.6490768900393115, 16.0068865232737;
  1.607918002988988, 0.9385583080501684, 9.71837086463222;
  4.23010880236796, 0.5617521576437934, 23.36867745501669;
  2.974762781919605, 0.6863284264218249, 16.65633782917756;
  4.237188549346252, -0.992155708033562, 22.15813818844963;
  4.67123406031496, -4.531500567937973, 24.20721748688223;
  2.874441405810808, -1.098687165518015, 15.18813555271772;
  4.558399771743422, -3.618267528264043, 23.36767634470347;
  4.027715649279857, -0.1803191379206714, 20.81547996860058;
  2.862621459669273, -1.01607856471749, 14.89392649629314;
  3.373900933732108, 0.5871637866570709, 17.20515288035525;
  3.21495575157005, 0.6253212788411058, 16.37967163946782;
  4.868257251641778, -4.552013617704593, 24.1485873816851;
  4.871839894878614, -5.454363884237004, 24.14024961293812;
  1.932785349719495, 0.908173800565181, 10.18359024063366;
  4.649925192428357, -3.681945435077547, 22.91501222877842;
  2.869627890314632, 0.3783431261737309, 14.53263573987521;
  4.676940261746831, -4.407841495469396, 22.66125284431715;
  2.94231854038892, -1.117466361417413, 14.66482806350776;
  4.005266518028422, -0.9870823462510248, 19.48315111695576;
  4.755317120641645, -4.566743700286716, 22.73484214559497;
  3.003846229881066, -1.193807291333155, 14.70003310928374;
