m=[-7.934665329165834, -1.31335092530978, 10.81440692869563;
  -8.268248405687933, -0.4437664710315156, 17.1012484598427;
  -8.405328862145733, 1.014293397969992, 17.49023026908932;
  -8.428589034079941, -0.341868275794471, 17.8771694027523;
  -8.887849955458263, -2.659006799062069, 18.8411679126228;
  -17.57990396150636, -1.534807023577592, 37.70998241801848;
  -14.01442180030204, -0.4514208591811675, 30.27195342385321;
  -17.10065064033896, -1.204967692027176, 36.94829147502583;
  -16.86697177190224, -6.348014442412468, 36.6628840450583;
  -16.15348635071942, -6.376948160654951, 35.24357168793193;
  -16.61647704450651, -1.389292541787597, 36.32423123150142;
  -16.71276526659434, -0.9393801677903723, 36.5554217531397;
  -16.52689988790591, -5.479322256495369, 36.25284800360821;
  -16.80201773116232, -3.028085798743386, 36.85444271890867;
  -16.35950961913514, -5.022552075248671, 36.30047826077379;
  -13.88536490503542, -0.4760472892208049, 30.98363451342128;
  -8.146515623249021, -4.225271038138122, 18.82543484583307;
  -14.12658790727252, 1.410716338099152, 31.77457803990674;
  -13.01507587825006, 0.2926560997548398, 30.56015652657315;
  -13.00204577721113, 1.282984557842208, 31.41073988175607;
  -13.43901870395529, -0.6999912952327348, 32.94062353678913;
  -11.9948080884513, 0.05830457017058188, 29.51309308551269;
  -11.6654272783912, -2.537250029354627, 29.04973204197545;
  -11.63499460635279, -0.04532572560689461, 28.95098637591892;
  -11.54193434240963, 0.07602308462159811, 28.92918254329653;
  -12.80120508677465, 1.35603998345677, 32.04769764161022;
  -11.60293984097962, -0.1233082726563886, 29.18139568839732;
  -11.50408848206367, -2.047147996536232, 29.00499355141398;
  -11.42748744237843, -2.412317496701482, 28.83047211651204;
  -12.2646843901692, 0.3231504704992406, 30.90600057627312;
  -12.06363397897374, 1.56661576398176, 30.77034038348088;
  -12.09345119701449, 1.125385586182893, 30.86226814907345;
  -11.13392946762098, 1.790177177193373, 29.41823930848371;
  -12.10487064113839, 1.193278403448114, 31.96175538819428;
  -14.06365525256311, -6.015664103127128, 37.09707938180733;
  -13.86624037212432, -9.18798723875752, 36.74597151741359;
  -14.13825414433157, -8.380598375419156, 37.59597195487473;
  -12.55588915708311, 1.843989112130005, 33.51653435434963;
  -11.90220581758282, 1.363460392095782, 32.26837516651085;
  -13.57075226337039, -3.056930190060377, 37.19686024389697;
  -13.61477594238863, -4.83349690415157, 37.48906147699447;
  -13.79829962854107, -0.939320760682399, 38.00590672401665;
  -12.73221771771298, -0.6845727885624383, 35.19638839628861;
  -12.98861884286784, -0.8499586565148627, 36.23880551950531;
  -13.15777133436612, -1.28019400280827, 36.78153011911979;
  -12.98436982363038, -5.191033445999004, 36.28987451632185;
  -13.00016229978144, -8.140902975815481, 36.42270500947149;
  -13.26855460002989, -1.38960664527184, 37.285091932207;
  -12.95788237258117, -8.915626299253217, 36.55411155947172;
  -13.37135144570619, -1.19890372004238, 37.79709945161063;
  -13.30949703524867, -1.54781138746631, 37.77003212405525;
  -12.02933680519711, -0.6746085283773943, 34.50701867804828;
  -11.16193513543559, 1.321062209755542, 32.2876235398331;
  -12.79055529794637, -5.511068771231314, 36.90571063339053;
  -12.67983620726761, -5.131320838811714, 36.67061007332791;
  -12.52580133285454, -9.067048251878314, 36.64380005360498;
  -12.50298297833537, -8.765864733469801, 36.61460677971803;
  -12.19795217732655, -0.8332038698129708, 35.74504155134973;
  -12.14171083005172, -2.173490073959873, 35.5953225588123;
  -11.83645492663342, -0.6732864666062177, 34.79206881968115;
  -10.26653161353386, 1.573809529819642, 30.8898062092519;
  -11.12018143669972, -5.69964133741686, 34.27422540935341;
  -11.02059931510333, -0.7953168878778293, 34.1099717223019;
  -10.94529740418383, -0.9242169826108456, 34.17361393457399;
  -10.68211306501594, -0.5528613570731236, 33.55456182602342;
  -10.86127323829409, -7.918527299445154, 34.48895847163124;
  -9.019703262283674, 1.703276207441949, 29.41630970098855;
  2.080369318105074, 1.848249342228977, 17.75981361108158;
  2.267437993267111, 1.817180506321888, 17.97552739547673;
  2.226172326341385, 1.836032515259992, 17.17531701938206;
  2.584783097251593, 1.855497265068686, 18.58660909770395;
  2.482197535815399, 1.944401048946082, 17.40408579973786;
  2.843222764841859, 1.658328173381722, 19.60169376385191;
  2.720262874410747, 1.73774917291135, 18.43351733495458;
  2.85436171616005, 1.776799641189255, 17.39496228744015;
  3.027875700010117, 1.76740224856303, 18.30069626063371;
  3.432628666443693, 1.728080038716439, 17.43280726314602;
  3.667628378674138, 1.613286073173353, 18.43422331091187;
  4.033901650605501, 1.634257369676774, 19.64233542325388;
  4.052599377811105, 1.86161460295487, 18.89185814822859;
  4.466405804207464, 1.706742107476173, 20.73210593869971;
  3.846551351976032, 1.667612833756879, 17.39607271528704;
  4.228465573462225, 1.861491073675849, 18.66414251324144;
  3.154835308305151, 1.851770843821592, 14.06944773053264;
  4.317195281114527, 1.67371930998522, 18.26960984594997;
  6.65709377018678, 1.475380853105545, 27.13288805167289;
  7.931907667449233, 0.6398640401557934, 28.82659207977786;
  6.586694086766321, 0.2947442304785153, 23.6043839198414;
  4.888408884964834, 1.280086239395041, 17.24437891595409;
  6.361851479088471, -1.077227421410626, 21.94434956977594;
  4.758141196862407, 1.507594471074864, 16.65679436711339;
  5.141582424185909, 0.6567283718069933, 17.75336797329912;
  5.770723703151814, -0.8732622716175976, 19.73324923412391;
  4.813242179244321, 1.472241601245099, 16.58832288324973;
  5.748905317542387, 0.04157897383426693, 19.47374313237684;
  4.855886446146491, 1.385295209589996, 16.3713050831937;
  4.862017040747608, 1.197740598738893, 16.32266297575173;
  4.965060811015218, 1.082452665538896, 16.59449183335806;
  2.792801373792165, 1.977271533599473, 9.775597049378288;
  9.508550013159539, 0.5509297095483416, 30.7350055812302;
  2.620066578184168, 1.997271812406726, 9.170008790200459;
  4.891399309622424, 1.652389020295242, 16.16231852148289;
  9.565577990075379, 0.409313190324929, 30.60056942266964;
  9.715898723331414, 0.654221459707003, 31.02195338275423;
  6.334383664095874, -1.654886479492584, 20.49655821103739;
  10.04588565508342, 0.5474621652940039, 31.57873924973616;
  6.120258913894496, -1.650862898433533, 19.57302694547056;
  6.134950123698618, -1.519176165871653, 19.58544258039678;
  4.795196787064375, 1.560113789307648, 15.51650793093119;
  4.692251435255868, 1.709311558042476, 15.19595534445352;
  11.03802404602169, -7.886874296099893, 34.24733290807522;
  9.822439600955278, 0.7657383191039295, 30.54922060253259;
  6.238922272336336, -1.34379066803441, 19.63432613893318;
  10.60249275051204, -5.209914169210841, 32.26499503001167;
  9.925696813633692, -3.938918051708503, 30.25470572305434;
  4.734558756682139, 0.9577699920538582, 14.86660429338778;
  10.19793711796223, -0.953335369661414, 30.84603267028039;
  9.856368080593933, 0.833463046758506, 29.77212443161973;
  9.185360278268288, 0.5677449964381024, 27.74781312836966;
  10.54342007203075, -4.24635796843362, 31.73594126640508;
  10.89155922654803, -5.891663669760705, 32.73675326433855;
  10.3567405709438, -1.553673721195261, 31.17133894577371;
  10.22732966715718, -1.844858285621361, 30.77261058910526;
  11.10595074534006, -1.348991205159824, 33.15426726386147;
  10.8927063733328, -1.081890866855866, 32.52638118529628;
  10.70231398522816, 0.1534880065119816, 31.86092993914888;
  11.29695995715639, -4.055054405225218, 33.51294455094025;
  4.74109538281062, 1.741306577328119, 14.66107938959913;
  4.849879251854011, 1.628846024559649, 14.75565906884644;
  4.525515373134444, 1.713002781691997, 13.81570580822011;
  4.758960642004351, 1.723516251691437, 14.38874845262693;
  4.923954213152143, 1.485354132913474, 14.74856844718041;
  12.08260167383175, -0.6416625398619557, 34.59156961891733;
