m=[-9.105364776675069, -0.6415130272733804, 18.58871000866556;
  -7.408235966234229, 0.7791458522352508, 15.49953117914324;
  -8.776303332529217, -2.583851391005389, 18.34929188091087;
  -8.8781986957244, -0.6935450331255185, 18.53847632913218;
  -7.267059110022959, 0.8185470201570277, 15.36898128270485;
  -9.354556935224668, -0.2226479365791395, 19.53859016972774;
  -8.689241745427745, -0.5397141707885615, 18.27015457782933;
  -8.589004940222402, -3.156051408403239, 18.15629173747903;
  -8.621464355612037, -3.327929428140568, 18.27354358823721;
  -8.62442735279703, -2.447510640230468, 18.28388577689406;
  -8.541653770660913, -0.6444913331828149, 18.16318529890497;
  -8.585159401400041, -0.4112162136181319, 18.26893977729688;
  -8.535833736570282, -1.462067768264983, 18.21323837490054;
  -6.791264557302887, 0.6920479590196579, 15.30508044318694;
  -7.978828112191367, -4.062695859911274, 17.91416456539717;
  -6.755078181373587, 0.7647200001396958, 15.32746449476028;
  -6.657174958732811, -0.0135467455128562, 15.15950553280083;
  -6.673925150285791, 0.7219725802792598, 15.61080792076829;
  -6.029105618377708, 0.0849162093845492, 14.33012302598673;
  -5.913968367889694, -0.1598976484026468, 14.10703279352821;
  -5.828230705694179, -1.196783875072197, 13.99705889140545;
  -5.895032217603382, 0.03483023540100824, 14.15801315643623;
  -5.539961521704194, -0.002811851885094619, 13.45136148887089;
  -5.897447035572765, 0.09696429146259204, 14.26700093055893;
  -5.858279239094647, -1.298435323355687, 14.19949247168028;
  -5.815199836428467, -0.9738208064276869, 14.14655186837376;
  -5.827205200788726, -1.17613742284315, 14.18740402156077;
  -6.163426245038186, 0.6312188770351704, 15.21991259923254;
  -6.136866493517233, 0.4523019279181398, 15.51808027666039;
  -5.350203508315944, 0.914827331954247, 13.6557941759101;
  -6.014480367393604, 0.6512163189465958, 15.38487907428435;
  -7.115787116403296, -2.979204005929339, 18.26881900340882;
  -6.874244599050873, -4.009109277960572, 17.79564809051077;
  -5.792298442561428, 0.7237924559663713, 15.21779046835927;
  -6.908893021685407, -1.489842436241247, 18.42882143813844;
  -6.78282599325163, -2.34380720858083, 18.18134329054179;
  -6.773339362511911, -0.378832243440665, 18.37990607906427;
  -6.761267331506825, -2.63674255988169, 18.37576577790005;
  -6.747704703610817, -0.5666378081249154, 18.33837631667278;
  -6.720077217543294, -4.132755696499403, 18.29668621914738;
  -6.719921301691342, -0.6348970654314737, 18.37600357000574;
  -6.60653423597368, -0.5289050193046294, 18.18489569987147;
  -6.668719557515714, -0.7130439526203802, 18.42939326490917;
  -6.780218110278212, -1.198365085580833, 18.73566859406251;
  -6.181053516481006, -0.2806023794383847, 17.21407303969822;
  -5.530727275980198, 0.7063652819529437, 15.50562566291243;
  -6.594538740656766, -2.761746114434101, 18.49135149844191;
  -6.568537756305555, -2.587770969067465, 18.47079619019645;
  -6.465485869859055, -0.5671587265927433, 18.38238530438748;
  -6.453151149441204, -1.091422534083279, 18.38819384018355;
  -6.376506355278565, -1.649779100673214, 18.24214098503079;
  -6.400562453534619, -0.5462323592386659, 18.43307002318689;
  -6.253084160092526, -0.5697588428972399, 18.21690389984936;
  -5.81744573326201, 0.2083692726427309, 17.1497948418045;
  -6.131625314598963, -0.5413589059801541, 18.09246254300229;
  -6.154083388584187, -0.5783414684799599, 18.36941532498698;
  -6.248656995295383, -3.133265693816102, 18.68920629228747;
  -6.124690033567423, -3.245055662351332, 18.37318480479383;
  -6.158627221320052, -1.166901985810706, 18.55893229811612;
  -6.208859637263555, -0.9813901983715544, 18.7254805294627;
  -6.025935024878081, -2.697888635958166, 18.22939115575635;
  -6.018527280577454, -2.542092345654626, 18.2205934358654;
  -5.833509629474051, -0.7960916529973258, 17.75278978682294;
  -6.005131997106847, -0.5753383434958224, 18.32028592419013;
  -5.981742086940068, -3.152396644692593, 18.33177256606236;
  -5.673802208917424, -0.2929904837203141, 17.47306761976217;
  -5.92505245288473, -2.422202919169823, 18.24348463438862;
  -5.987631724903201, -2.710902642137214, 18.47230087022581;
  -5.932377878034516, -1.462718235512702, 18.37441404610977;
  -5.935154336372602, -0.4078599236314362, 18.40058880363418;
  -5.930150000119744, -3.86366497955179, 18.42843416896952;
  -5.818391149919275, -2.480664299752117, 18.29348351827528;
  -5.691631395507341, -3.023059387429881, 18.35979689660966;
  -5.686306530778601, -0.4372624938664427, 18.33059613212033;
  -5.502609020646828, -3.758409249147585, 17.96353919071456;
  -5.71709233543068, -3.289731896824494, 18.74909694091145;
  -5.447560660769027, -3.742432888334137, 18.07759334308982;
  -5.45994151489785, -3.219474680340376, 18.19894540404508;
  -5.415242644177938, -3.019896916759691, 18.38945315411898;
  -5.006905787125744, -2.946939351388655, 17.48859721138819;
  -4.979025224085387, -0.2328420282411275, 17.40413514822443;
  -5.190329986911973, -0.3618294411800026, 18.10342215225851;
  -4.630499001036301, -0.2246124283061819, 16.78221123162265;
  -5.046831161675206, -2.91651568186151, 18.31284113434235;
  -5.268202641555079, -0.07772284011916494, 19.06128539514772;
  -5.108459997364445, -0.5056700154166013, 18.57163199854897;
  -4.921675841826431, -0.2299201330838059, 18.25027199764161;
  -4.786092711175607, -4.252280052807423, 18.27963834943776;
  -4.687911108720047, -4.176765589085409, 18.2909273382849;
  -4.960057893650596, -4.534130697204636, 19.45406682754237;
  -4.48832527087461, -4.013747467514727, 17.93991363046751;
  -4.451578425772932, -4.020880368869658, 18.16407752581991;
  -3.665108045508717, 0.9305329150397914, 15.48199945003136;
  -5.200966902631066, -4.900197437745688, 22.52470515564092;
  -5.311591695850671, -5.452360352847118, 23.53405908862184;
  -3.091246099473944, 0.8306597164576232, 15.52195713451678;
  0.3202602967314842, 1.015790145382519, 11.55853066626643;
  0.494389752856691, 0.8840869946152878, 10.79210234725214;
  0.5044720330248625, 0.9345172057214736, 10.3939928639792;
  1.872520520943487, 0.7983754933079039, 19.31372618326312;
  2.005964258928147, 0.8426273277908883, 19.27336878686761;
  1.80924257859858, 0.890444312460227, 17.39163134813319;
  2.023365506396433, 0.7498509084042621, 18.44237618237941;
  2.305577801183413, 0.7197846935123994, 18.89691504083324;
  2.229145676698431, 0.7672957106758731, 17.90598440547606;
  1.148554481817514, 1.042024391693057, 9.232945162865816;
  1.258930224818443, 1.030650911925401, 9.407786629838297;
  1.25287778492026, 1.061426589719392, 9.115653913044236;
  3.409180733925237, 0.7355192530573391, 23.04560921357448;
  3.65455224005779, 0.6508571228163156, 24.28856848401215;
  4.405004471301643, 0.6244979805550884, 28.13078296591667;
  1.386726864452447, 1.02574836188493, 9.456310381329967;
  2.849553903539703, 0.775736319757297, 17.75051881937905;
  1.512070688847602, 0.9901116366430088, 9.687588205380115;
  2.549434943289452, 0.8805701944625726, 15.46086367280045;
  5.024691795885145, 0.5316844669144503, 28.89861008031564;
  5.418131564222544, 0.09144644338695189, 30.8390920290889;
  5.859847571770152, -6.267696801816129, 33.1199313759908;
  5.000762512971751, 0.2026259994044031, 27.75350969867653;
  4.749898614109858, 0.6560343284633869, 26.36356195600459;
  5.335991144582457, -2.851217233179716, 29.3668726306823;
  5.265272971953772, -3.339864657695163, 28.93807863295306;
  5.003181490062828, -3.320696420615992, 27.50323836554303;
  4.961927678700685, -2.863704358891658, 27.2811458086049;
  5.532583348427102, 0.05270939627791203, 29.92804352263518;
  4.655202564131302, -1.095936683540371, 25.30540416093852;
  4.891996047834575, 0.702050647768863, 26.40850165712921;
  5.304022483789244, -5.214484968131547, 28.25491361118581;
  5.648426860230374, 0.4375741067774429, 30.07124631928988;
  5.153746168506775, -3.828657922939591, 27.27540035536093;
  3.113999712349562, 0.7570619585884598, 16.85884898742607;
