m=[-16.6880116115651, -1.212888627234798, 32.46506534306291;
  -15.92805588619199, 1.624558425729714, 31.31673033613056;
  -18.80909765655039, -1.241342905819864, 37.47844513232528;
  -18.2835377233085, -5.311786011977272, 37.27780188343818;
  -18.69802969894558, -1.393580953648621, 38.09068826559059;
  -15.16651933488709, 1.78555598157641, 31.12485056240779;
  -15.54302883232206, -0.3154922979047399, 31.94032170169984;
  -18.41921995651765, -1.225523126518642, 37.69980592718502;
  -18.3069190750328, -1.052879446367517, 37.53504482299049;
  -17.9851536235327, -6.543225925944101, 37.05676681848601;
  -17.98542645194137, -6.875319053794845, 37.16411652849053;
  -18.06465459247981, -5.051294807428261, 37.33646940074605;
  -15.85031004345645, -0.4685740669201847, 32.89140605683303;
  -17.92934274495594, -0.7799049750414901, 37.21642325492828;
  -17.8563175414905, -6.258002457724503, 37.10782990432511;
  -17.99126338206585, -3.004182331740768, 37.42350033202261;
  -17.31830353624013, -8.487993510000306, 36.68729775078862;
  -14.80359187761023, 1.597238973892204, 31.5178737519059;
  -17.29154423997414, -5.392583550291197, 36.68875478308935;
  -14.28513266302549, 1.526378285234896, 31.23171907009495;
  -16.28197610329551, -8.231743478960809, 35.63940035374584;
  -14.14731786110208, 1.677091575665314, 31.14931842827625;
  -14.84526497668782, 0.1262817928927673, 32.69755632553223;
  -14.42891204266065, 0.03144462938119965, 31.90305163580455;
  -14.23572432488793, 1.608640572955777, 32.32362547944444;
  -12.79230746085089, 0.2412342563925009, 29.42031765959718;
  -12.25049373183915, -0.2781980460972957, 28.28306358402325;
  -12.49454563105044, 1.514136644896005, 28.84691180762077;
  -12.41294039170846, 0.1376589605464623, 28.84202252145138;
  -11.28477767198223, 0.4735342420856619, 26.44131953281841;
  -12.39979609529418, 0.2572569681655655, 29.03201922565831;
  -12.29217135868317, -2.669280436004747, 28.82281262528941;
  -12.24096667532805, -2.000551763563816, 28.80630424556761;
  -12.22035063346133, -2.388850160437288, 28.77573932800082;
  -11.83282578435223, 2.033978022147709, 27.90752408772065;
  -12.67627635474449, -0.110403278796964, 30.25732044068493;
  -13.07110565936845, 1.406759482138273, 31.30751030959609;
  -13.09179493852731, 1.409733763270725, 32.11430592017079;
  -12.88769433109607, 1.019002594272745, 31.64371796858211;
  -11.34635648814857, 2.010731117583503, 27.98378920766739;
  -12.81379772980432, 1.465411902746593, 31.8059786041311;
  -14.55612232531931, -8.421641567128956, 36.68671228603596;
  -12.38556695089491, 1.618968089902189, 31.56222284540049;
  -12.86900051803108, -0.2824431092041866, 32.92773267807822;
  -12.16333134341334, -0.3308767427552324, 32.29766100194375;
  -11.75053630167207, 1.779771070051071, 31.33225126616807;
  -10.50803512171273, 2.127677190104639, 30.98298277454845;
  2.191657205692414, 1.994648949375688, 16.48077214645323;
  2.422112595118769, 2.055236137435445, 16.46292459656196;
  2.680646328742121, 1.991692069789138, 17.13286536956586;
  2.570815642347954, 2.074484301696279, 15.83882796437241;
  2.903328681588327, 1.910423493320706, 17.46880366243557;
  2.576513807323816, 2.026220510145331, 14.68551498363718;
  2.710720676880403, 1.940524167777338, 14.93082738939983;
  3.230741065133832, 1.945923568919171, 17.36997272459218;
  3.047747665122874, 1.956189969360605, 16.4188458744189;
  5.787075383553091, -1.875860426508155, 26.90335397306471;
  5.99973397512495, -2.315361410305345, 27.85323252700398;
  3.899104636778799, 1.895488434143174, 18.39467904583114;
  5.957812079961068, 0.3181965991833965, 27.4669289970002;
  6.265364355428555, -2.062069385589598, 28.28929805522549;
  6.231772847667839, 1.557470329443519, 28.09324289578046;
  6.33601956101293, -1.835300020077368, 28.26631344486194;
  6.30412287106637, -2.078839592475396, 28.08844798452911;
  6.958856681481714, 1.711588911086598, 30.89820272851985;
  3.958580659441672, 1.795961418119547, 17.75015377113757;
  6.433705989763431, -1.927425694723567, 28.05001137657467;
  3.236704714791395, 1.950018199567541, 14.55986350982786;
  7.258043401760409, 1.477164118852872, 31.37239964581523;
  3.515498411048956, 1.812186802256808, 15.65999944373581;
  6.468448522555002, -2.061607217063271, 27.93839968780456;
  6.928483940665505, 1.28809690015676, 29.56053673678028;
  6.708172709172539, -1.868207778057481, 28.57325014292999;
  2.994751475351202, 2.143281687868825, 13.13432725898084;
  7.843548785608927, 1.228710722154803, 32.82581240581652;
  8.952406063143735, -6.629957567070109, 36.77447783342326;
  7.028958307088185, 1.585377477957313, 29.07066215856942;
  7.281496638425383, 1.288527228304039, 29.93526060279872;
  8.191146920061183, 1.015938762655005, 33.43285376002076;
  3.300447062891784, 2.082741726398538, 13.96736218392513;
  9.892726412095948, -7.966082636876052, 39.44790702058993;
  8.163084787841916, -6.692996042796836, 32.64934802951431;
  8.383293191640966, 1.190449856578938, 33.35979595654543;
  8.299197571503202, 0.5563824575225809, 33.02569943460372;
  7.805335117293862, 1.355468019670962, 31.1083489784545;
  10.04571902172762, -8.865128600386271, 39.15211011349458;
  7.383701610479506, 1.733850743265287, 29.06993623800078;
  9.688186781623472, -7.876055971976498, 37.66833352728038;
  4.199111884914526, 1.868859969809654, 16.805272716494;
  9.99830456465695, -8.080770084105405, 38.13764041086606;
  10.38977810290072, -6.978203224555243, 39.51127365541818;
  4.225094343339055, 1.921940527637209, 16.58704036725818;
  4.575242161376874, 1.868536652846035, 17.828794760747;
  7.821834418861284, 1.641926672042532, 29.6143652627905;
  10.0997608784291, -4.75527073371377, 37.87032759151244;
  10.46846242012319, -7.269323610160646, 39.03351014030636;
  10.02755355613925, -4.566150266179869, 36.94994458774028;
  9.649613071194152, -7.768026134162552, 35.49449515143937;
  4.487198441262589, 1.957892173413059, 16.98340997954909;
  10.29567142160712, 0.06931813561841954, 37.39942603559735;
  3.374985924606107, 2.023996472272194, 12.91013425625937;
  9.529234454173649, 1.233328562931784, 34.63465940742547;
  10.26800144486308, 0.4674625466798156, 36.66986986995612;
  10.44151187496045, 0.8273623661794692, 37.20035523667442;
  10.43862380868999, 1.099249384616201, 37.16132204741645;
  10.55933938750817, -1.249003210896063, 37.50924337351295;
  10.28959870352594, -2.554073014698707, 36.27369053001851;
  9.326254886775971, 0.2662251036312953, 32.96687838344612;
  10.43296085492964, 1.283092096166821, 36.60463423438041;
  10.17821281098471, 0.5773503902452227, 35.7078472158189;
  11.22684768326321, -9.531190055321991, 38.95840704636624;
  10.61370013264648, -3.388460711858981, 36.79295982504238;
  10.26010685799349, -2.14686621506826, 35.59061189724969;
  10.4764278875907, -6.901974873726027, 36.32388717934259;
  9.258861781279366, 1.757916883509074, 32.09370465224404;
  10.91445100368556, -0.3664953163485754, 37.41500937380962;
  10.722585167148, 0.9895507601090327, 36.55856233628335;
  10.21525084181431, -3.87803594853219, 34.39876560582483;
  11.39044600317236, -7.229129599287518, 37.84945312017801;
  11.86993558619395, -4.947146859985695, 39.26576884284005;
  10.77151685303456, -3.754773117587518, 35.62214246154056;
  11.35501395352763, -4.380552363328008, 37.12630280827793;
  10.84536769218641, -3.865285427318692, 35.18323297071491;
  10.95386203279361, -3.43690416952854, 35.19421245678284;
  2.939935101759543, 2.044121008147766, 10.1436342554996;
  3.657041991558624, 2.002911713541762, 12.24515011296079;
  4.783655454635441, 0.7572838992936651, 15.612044205171;
  5.364600560012141, 1.312990547250698, 17.38286000493448;
  5.001184411219955, 1.096493603912978, 16.22424782596499;
  5.249120211909919, 1.679164490075886, 16.93470740783962;
  5.956868828459519, -1.164610859035683, 18.9362671900782;
  5.012405567968675, 1.79485003238302, 16.09573074268572;
  5.131820362059695, 1.30908885348891, 16.33913298269176;
  5.04050404506324, 1.663489386168578, 15.97867499352437;
