m=[-9.540635629544664, -0.6296527654862286, 19.01038505400454;
  -7.521188814144829, 0.8854703824344457, 15.43504298665463;
  -9.209329072067069, -2.675520792802539, 18.77664759540755;
  -9.350899134247156, -0.6969309142615746, 19.04918270322756;
  -9.211942248318886, -0.6129167408891356, 18.85467657120682;
  -9.108914900620205, -0.5238778430311406, 18.67619164547887;
  -7.472661192048071, 0.7733121724015337, 15.5255325864399;
  -9.029205960813069, -3.284939109787619, 18.60385442624937;
  -8.992760056386496, -3.437677428838808, 18.58215503209422;
  -9.01652425710766, -2.52122850884395, 18.63557259305294;
  -9.027783099437652, -0.3926977721940032, 18.73921435167398;
  -8.994281300103692, -1.501865677505038, 18.70894122734395;
  -8.947419857224706, -2.624927816203525, 18.81207755322612;
  -7.290616841384589, 0.7866237774621891, 15.52222886715876;
  -7.190309119306666, -0.1528093995625005, 15.65254264651886;
  -7.113245833656253, 0.7600562230782222, 15.55175585651326;
  -7.19011415775526, 0.06116297070957276, 15.83664306628382;
  -7.049655900264503, 0.01536316919760838, 15.58714444552957;
  -7.029113484289836, -0.1438282896547117, 15.58556580238954;
  -6.914550448247488, 0.7813460095848006, 15.70017330675136;
  -6.323698930361434, 0.1192507930085605, 14.54352405805241;
  -6.196645030340677, -0.1407204131959902, 14.30637076653036;
  -6.172767378323667, 0.7480394696956051, 14.25144070296945;
  -6.119022457297444, 0.1986469559092347, 14.20869973399548;
  -6.098331930087116, 0.06763023168336912, 14.16974716066048;
  -6.106099644024808, 0.1266824607168182, 14.29639656142329;
  -6.00623094784226, -0.9816035149654869, 14.13428535847651;
  -6.032405572701282, -1.179222548714101, 14.20474219500069;
  -5.85561203053194, 1.006537778328129, 13.81036421634116;
  -6.033141800989047, -0.8573235173684303, 14.23378677787034;
  -6.417069333714108, 0.6906281203741124, 15.36996712888283;
  -5.540859086428708, 0.9819167760914817, 13.66555271429783;
  -6.317219764254036, 0.6802427041888749, 15.49620422767059;
  -6.31055969602971, 0.4989625402622661, 15.49459244724982;
  -6.236917933398183, 0.7132665872192561, 15.48106833963685;
  -7.213784561685797, -1.520313103313194, 18.76782106636804;
  -7.927237405078907, -0.309687543232304, 20.74418217960232;
  -5.798329700235072, 0.8782322091654499, 15.46097288053128;
  -7.066225710760683, -2.726722285304664, 18.73835128604212;
  -7.105530033757693, -0.5708497997256333, 18.85256289370506;
  -7.084288712538619, -0.4424780725848991, 18.86532490896779;
  -7.053604821028526, -0.629327835962801, 18.82303070463667;
  -7.033025014665017, -0.5256673794698339, 18.88483770540779;
  -5.883855591618102, 0.8053863915204879, 16.00457091732477;
  -6.864732613486782, -1.16641373885148, 18.5407703316933;
  -6.553590696255943, -0.2627936256533179, 17.78116592014128;
  -6.910242499871561, -2.859879781472254, 18.90450188673556;
  -6.958972687771672, -2.70861447292625, 19.08746845294621;
  -6.759720019503085, -0.558118724957677, 18.761293257471;
  -6.806982224433652, -1.113758260224792, 18.92490499065143;
  -5.262489273054094, 0.8975974487953962, 14.91894192942371;
  -6.596438402904703, -2.89645126459698, 18.55720168541388;
  -6.698549295901384, -0.5359560110849529, 18.83272763980419;
  -6.53007434751768, -0.5605652105940727, 18.57203029535657;
  -6.412164046851662, -0.5337232493858533, 18.46606620247875;
  -6.446952126202437, -0.5692007180573747, 18.78792038409031;
  -6.597295532010929, -3.279285994685757, 19.25344904235402;
  -6.470051156073118, -3.396370184074834, 18.92782466686474;
  -6.374692692124093, -1.175216261384194, 18.75375636341825;
  -6.239341228647445, -2.761917080899731, 18.40936836845794;
  -6.56943847980388, -1.005625052884505, 19.3391193351555;
  -6.379309070578146, -2.663921929331358, 18.84250854051193;
  -6.134540568144328, -0.8062839990337537, 18.20679670483853;
  -6.290391954079226, -0.5671778682972585, 18.7315583830906;
  -6.30389131001205, -3.294038797094233, 18.84258132255331;
  -5.859788213860228, -0.2691379813399706, 17.58738725560498;
  -4.571422783242453, 0.9485998247117232, 13.95049152449455;
  -6.270478806132663, -2.807897301626545, 18.87306287959537;
  -6.201747069304051, -4.013668408853743, 18.79132704562317;
  -6.278788422237374, -1.515690486840162, 18.97954575461659;
  -6.268138854352815, -0.3942578582712649, 18.97328709963036;
  -6.201396780482798, -2.607252465244707, 19.00349943928138;
  -5.981281491985169, -3.150657769597022, 18.83153082542007;
  -5.981926884637624, -0.4202676808089452, 18.82952593031163;
  -5.73536499432813, -3.889426462350706, 18.24927802889486;
  -6.08874263694501, -3.4770413841798, 19.48013027533703;
  -5.549313292292353, -3.790165633596832, 17.97859554834887;
  -5.812508397665345, -3.404280928601378, 18.89355404489444;
  -5.533703224880243, 0.005913213016890033, 18.45859203231046;
  -5.408041786550621, -3.158112617721014, 18.43143704049547;
  -5.190050807487066, -0.2067620334760913, 17.70103455334957;
  -5.40267131157169, -0.343391916348926, 18.3996018283395;
  -4.997102552952823, -4.41606288722839, 18.61407508203535;
  -4.866660173330197, -4.31449421418754, 18.52978331736846;
  -5.259669512433473, -4.788910007073707, 20.16722981624459;
  -4.732558593585464, -4.208912406928855, 18.44056216520016;
  -4.961537652345531, -4.545920483748162, 20.20866383684936;
  -5.548994002744211, -5.068011746478971, 23.64577463375543;
  0.3217682774535942, 1.003976539506597, 10.72755569933161;
  0.7182970880306965, 0.4849670738194716, 15.59296096133865;
  0.9211306124081718, 0.9360555708240295, 17.23862262997873;
  0.4972564463017356, 0.8775665595931741, 10.03768169050414;
  0.5497975209802732, 1.035130897637208, 10.5632898243538;
  0.9461773405078097, 0.933172126610873, 16.79195208231624;
  1.063664846577865, 0.684675383164821, 17.3504528464006;
  1.132890777180905, 0.232683585185588, 18.36851545066397;
  1.440924735469887, -2.519239192412753, 22.74148418245751;
  1.609619973641327, -2.645877439935161, 24.95393713562532;
  1.126212313595126, 0.346190660201949, 17.55233908302403;
  0.7711989993624454, 0.9819138852280303, 12.00635941853563;
  1.551358123677844, -2.160197121164964, 20.78818932606144;
  1.381491286237382, 0.6656942546058094, 18.64152047951673;
  1.853846432768715, 0.3442992286573233, 23.17140714404223;
  1.840946187055544, -1.577292069927341, 22.82209818230269;
  1.882484433182255, 0.6401627287365376, 22.60939577557921;
  1.978486684080289, 0.3833196915538436, 20.34635979004074;
  1.96734987659557, 0.6010716950987609, 20.2022845308542;
  2.030581222965079, 0.6163763223039824, 20.04673246846893;
  1.929065790187774, 0.8322427373050781, 19.09925085347884;
  2.624973458078004, 0.3165928377283427, 24.96253310135218;
  2.083411619482066, 0.6961092787823492, 19.83451546482897;
  2.102168254243533, 0.3896530716366081, 19.79040392328804;
  1.975112804716996, 0.8417982120740414, 18.28481261483966;
  4.173309516294316, -6.678055410004246, 37.05238813720295;
  3.820216339558266, -4.033024900471503, 34.04554539033934;
  4.087404498676587, -4.617882871122445, 36.39548076439721;
  2.018318723319256, 0.9981558812744121, 18.54419375570357;
  3.257280471543782, 0.424781079324895, 28.12852096297107;
  2.166932697507069, 0.8079106018358284, 18.90388158239115;
  3.212548874502814, 0.6021723506157583, 26.94065164968849;
  3.932024688254298, -2.747931947035221, 32.09568659418647;
  4.230934479781621, -3.802498749728982, 34.241241464467;
  2.864759819617554, 0.6628319252582808, 23.52110337637794;
  3.713383836477039, 0.228960108245365, 30.1123021513129;
  3.548146486659416, 0.5007701564606903, 28.21548471163679;
  3.387401422345323, 0.6399972902717055, 26.64611549153024;
  3.617889416708096, 0.3699423695953132, 28.21931845700492;
  2.269546681161859, 0.7902910095004427, 17.53780578328099;
  5.370365161289928, -2.078011988110726, 39.78732649542617;
  3.454554339735868, 0.6099271241574811, 25.52619004383376;
  4.021894766708972, 0.3888655394393835, 28.71364790259948;
