m=[-9.093333808951181, 1.485010476633967, 16.44844452588236;
  -16.74283547973009, 1.948571818616361, 30.09919905842346;
  -18.59487103552824, -4.490755948608474, 34.06570831742287;
  -17.70792550055439, -0.5913670929748544, 32.53273650696379;
  -21.72696146764142, -7.41216689930512, 39.83600224263582;
  -16.99837921242779, -0.3414788321461176, 31.35075964223638;
  -17.04061050863671, -0.6904551743940576, 31.70459771008085;
  -16.55323063808766, -0.1701428158692512, 30.92350650634375;
  -16.67708913348613, -1.152814977695297, 31.597433855858;
  -18.98928013153106, -5.242143855907602, 36.21699228859143;
  -17.14040806226373, -0.8909596243399933, 32.81283788480783;
  -17.1787195656591, -0.8882121260006252, 32.91829236768606;
  -15.303340135441, 1.757720931501897, 30.2485106961014;
  -14.74879326020537, 1.803750857921522, 29.45313325263113;
  -18.04958607880826, -5.195144890238743, 35.98155889673233;
  -17.67313890418603, -6.381070396278104, 35.5893258785052;
  -17.49037148123163, -6.645013569099005, 35.32931956765998;
  -17.49831157477804, -4.84940897843962, 35.36732167670301;
  -17.41917541975296, -2.866109957481583, 35.44809853606864;
  -14.18990090400893, 1.592147160284366, 29.41265403873627;
  -14.02948274231858, 1.56967592298407, 29.85614368647586;
  -13.57927167653765, 0.1191049794287396, 29.17079614467208;
  -13.57897951656724, 0.05925357214515405, 29.24406218788525;
  -13.28105661211134, 1.564077323119127, 29.39033897729924;
  -12.81202444756575, 0.4202395845591477, 28.52347201693672;
  -12.47228065262933, 0.2865309104431792, 27.85801987861297;
  -12.76053992854057, 0.05184391646302568, 28.50026899817915;
  -12.55769264655574, -0.2239447868852637, 28.11211326066834;
  -12.17773867868685, 1.544625833400368, 27.29527259785085;
  -11.67063293795985, 2.059369127716932, 26.22582100990838;
  -11.97649046405807, 0.1845689530314965, 27.00646756410967;
  -12.0204858390405, 0.3117969109212164, 27.32159933220508;
  -11.80022162784252, -1.889128196616925, 26.93925383652817;
  -11.85221530562507, -2.273537745947317, 27.06946975362834;
  -11.59334619352849, 2.054476097114457, 26.5145575310439;
  -12.16892583083709, -0.3948427069808519, 27.81291144168201;
  -12.48866959128851, -0.04662581893897395, 28.98139051748097;
  -12.49272156192912, 1.394143663994558, 29.13411731418061;
  -10.83950776204013, 1.977608852339924, 25.92996204506336;
  -12.08602354517673, 1.360529378107834, 28.89500682728881;
  -13.21098797747073, -8.075822829723256, 34.33246960768121;
  2.78466222643977, 1.98866204029418, 20.50218626731409;
  2.53621709351857, 2.276564891516058, 17.63908916203921;
  3.087771671744194, 2.074534684064792, 21.13434281398683;
  2.795145660087729, 2.270371992781405, 18.15559669432138;
  2.760282181963999, 2.319902925232496, 17.40119929290068;
  3.122494354728346, 2.019000045475637, 19.42720739286522;
  3.015948191969014, 2.217364133272194, 17.9266847462311;
  2.794377245724158, 2.240980922465552, 15.96489539542482;
  3.175000622187738, 2.240832896023739, 16.71413739183375;
  10.75817900406718, -8.680070928990224, 52.58328736893299;
  3.163481935169231, 2.242621570880563, 16.08656586799746;
  11.6445829696709, -11.00030687121535, 56.05164786715303;
  3.609364993988705, 2.156536077274798, 18.10640001508034;
  3.467188000060443, 2.207982072779375, 17.36843760655167;
  7.913879861336809, 1.492989962812607, 38.12640969559909;
  10.71356359642259, -8.243410809863068, 50.88709935020305;
  11.11476621083424, -10.44959097660794, 52.32458314288233;
  7.331786858829431, -2.324462227788938, 34.4919575206225;
  6.955822259011335, -2.500763432064291, 32.72737212790297;
  7.945437086476446, 1.286636228685898, 37.15813429390093;
  7.404762843453778, 1.736930766152653, 34.67801136255746;
  11.74001185147925, -10.72958856431259, 54.18898118998204;
  11.51889469970595, -12.62229468752188, 53.1396406778918;
  8.778758670289522, 1.635813445655515, 40.21675963164093;
  12.81004621709976, -11.8074388700803, 57.65738787033774;
  4.225176322864662, 2.071777053611376, 19.60287498343629;
  12.95829438403134, -11.09016013631469, 57.57483900094246;
  7.111591516461651, -1.971980489355975, 31.70690653683725;
  7.415518594926437, 1.211938379567455, 32.93356189366342;
  11.55234955286212, -8.418232399770536, 50.40890283289721;
  7.262978569813299, 0.3942698445742688, 31.99172262139826;
  11.85909667792468, -11.449979687269, 51.22323761529564;
  12.19760684630795, -11.77321371158912, 52.55900274326962;
  7.546291100187826, -2.199319271120881, 32.88805734338284;
  7.075500020829981, -2.627667186728404, 30.84676865670048;
  8.333566225119938, -2.702585561427032, 36.01228676976757;
  8.502727682355532, 1.096737501926705, 36.74028713587864;
  4.434062467158159, 2.139984817913132, 19.60765393978396;
  7.764638457050944, -0.5299350725411967, 33.33388117638399;
  9.316409376967112, -1.662935054745049, 39.92643190522286;
  7.297446857636897, 1.806328155205031, 31.43093118474734;
  12.95292946414355, -12.45893102494596, 54.82111420448243;
  7.297608549235259, -2.092370508256024, 31.16574004695183;
  7.420113501664551, -2.419708759737338, 31.64248502468234;
  11.95436115888207, -8.926232982869903, 49.94750432703373;
  9.072042125342655, 0.6514901818786606, 38.17134651838237;
  8.748712223181197, 0.8660843590344906, 36.78837041325976;
  8.819009695512493, 1.110954954265149, 36.85506872420726;
  7.683948060772356, -2.27849369877433, 32.06686362136268;
  7.692679813110226, 1.991437276924273, 31.91594969107202;
  8.089898341458495, 1.638709263551621, 33.55521180426072;
  11.62647921788268, -10.59523597194944, 47.54698824852945;
  7.729114532453914, -2.439914173114684, 31.95411088107747;
  9.002127247883538, 0.8898566657613282, 36.99620534048688;
  4.432086578361982, 1.992345914025264, 18.59216239207181;
  7.55319838147, -2.078204576384444, 30.81550413887112;
  7.251447496977343, 1.331809918266738, 29.62501903080815;
  9.39568511779723, 1.040021565784697, 37.83269301654605;
  9.11430160906639, 1.4134999350556, 36.6546974428683;
  11.68606887815604, -10.52884345492625, 46.34747200616604;
  11.54293749777442, -8.733821932153701, 45.76596722826756;
  11.71491630292583, -10.74651673484472, 46.1924560165013;
  9.6660453809037, 0.2525945482219797, 38.00231407995572;
  8.702376126587145, 1.525332903028913, 34.28609281846097;
  14.01368746023637, -11.20989360653816, 54.09957474329652;
  11.81491734986923, -10.56266293109043, 45.50881596993072;
  12.20016083957499, -10.51103581166248, 46.88340829406709;
  11.36083635966655, -9.243440354304562, 43.75435900406922;
  3.451549185405183, 2.489595827156645, 13.95750358307734;
  10.18540118290406, 0.6829961896498521, 38.98738164999293;
  9.759980774012711, 1.377204790973241, 37.35975903996003;
  9.467120585561723, 1.626910159599022, 36.2099008782286;
  11.13701793817815, 0.9513432773132104, 42.16661445171181;
  11.52796277507801, -10.12555451671898, 43.52951875380405;
  10.95233324238093, -8.830987697822801, 41.162623426927;
  12.09885384515213, -8.048969922389833, 45.326091590342;
  4.499279394753993, 2.114763551283106, 17.50153721697588;
  8.296951038282163, 1.933396897769451, 31.28162989291578;
  12.17965307550107, -3.261508067777777, 44.96415865339332;
  11.41157338642034, -9.166105576803806, 42.11916558648218;
  11.87783739155216, 0.6676826953480748, 43.84997370973012;
  12.26547604391823, -8.17404301777848, 45.14747544791943;
  4.083689155714968, 2.151706075899312, 15.71511647836486;
  12.04408530031803, -5.634540776634559, 43.6685710234895;
  11.66044795620559, -8.040240243965314, 42.08222170584447;
  8.494250086842412, 1.910049527540519, 30.95615324100108;
  8.953901660927782, 1.866905901100407, 32.4966901045839;
  4.652065186808692, 2.053541807390454, 17.37700777849623;
  11.36643986321227, -9.538592656623223, 40.7571017191814;
  3.883658758421996, 2.223369700307584, 14.57324117174199;
  11.942309253979, -5.427419346051043, 42.55671118681536;
  12.33029101339485, -9.865979809230733, 43.8112698131672;
  11.88794041310598, 0.9218863518084699, 42.28460435781814;
