m=[-4.683726086966344, 0.7648880438087716, 8.472141277829071;
  -8.68097211395067, 1.010312598479374, 15.60609658947903;
  -9.285587752177635, -0.3100979296189317, 17.05934326663097;
  -10.72687544539647, -3.659480467517383, 19.66753772430179;
  -8.687883373519458, -0.08929863743413775, 16.23005345006309;
  -8.171400110056739, 0.8685681767987867, 15.63477012377519;
  -10.04319974771196, -2.772506250181699, 19.15472757767676;
  -9.377305101377452, -0.4874329829310574, 17.95149747719847;
  -9.902988719039566, -0.6248730350894738, 19.30608409153219;
  -7.870652560851132, 0.9625666356950327, 15.71758275881365;
  -9.489275660648591, -2.731262741718249, 18.91671806656187;
  -9.709183542596701, -0.6849001123769235, 19.35849461528652;
  -9.328407825771423, -0.5046490357511485, 18.71419489587326;
  -9.359417994371423, -3.379315095867332, 18.84755044594448;
  -9.215198263727514, -3.501075867377455, 18.61405200500917;
  -9.362182808081666, -2.594596237087531, 18.9227017449381;
  -9.435387048766506, -0.6420094261433263, 19.13787677148643;
  -9.41957059969841, -0.372776864861068, 19.12699526458311;
  -9.39721040080272, -1.546194791272855, 19.12336446615497;
  -7.532975489136774, 0.8452212326678344, 15.61425998976946;
  -7.460909151869728, 0.834757038043582, 15.87756154387998;
  -7.558531446480926, 0.9290028986188609, 16.19755821973609;
  -7.324388146933266, 0.03196088196126357, 15.77400291353222;
  -7.041033292714153, -0.02996501950362631, 15.52935487607055;
  -6.953707153706128, 0.8189209630207266, 15.38821920312589;
  -6.592318313480867, 0.1514480808203036, 14.72456720129839;
  -6.64207425018432, 0.02698562478516953, 14.83486622793575;
  -6.238838599328595, 1.100889015408622, 14.0196907301843;
  -6.519839762222994, 0.8269772567862733, 14.61361655884815;
  -6.396351574259202, 0.09857377808844066, 14.42349591788023;
  -6.380513160410612, 0.3052658632018095, 14.46169894511567;
  -6.317241250850545, -1.352349874864169, 14.36883109005562;
  -6.28982599373838, 0.1631505033440595, 14.29626954944493;
  -6.310203425271558, -1.010216891938895, 14.40584568618822;
  -6.334264275640768, -1.215063053793843, 14.46693051041427;
  -6.222604851324983, 1.102718120845205, 14.23140580547037;
  -6.570532213313164, -0.2131927469584221, 15.01740031240104;
  -6.753185742299773, 0.7536317100908608, 15.74901871343971;
  -5.844252907475685, 1.066251949706798, 13.98045551508271;
  -6.668973431254141, 0.750729488580455, 15.9440391710968;
  -6.665185861494573, 0.5599272916314884, 15.94114511132268;
  -6.493530148814426, 0.7721677510027156, 15.70445101516626;
  -6.447446292499454, 0.8753008854879666, 16.00679399534563;
  -7.427505248902894, -1.541561036551228, 18.9297646725563;
  -7.431357917412704, -2.516892217329496, 19.00935618930012;
  -6.037757018940238, 0.947541385958102, 15.68454816956342;
  -7.398631312799278, -2.840186490237741, 19.20284774454419;
  -7.434057956549092, -0.5707097650489004, 19.31719612739786;
  -7.313341528956294, -0.4288001377774383, 19.06343694922224;
  -7.384566794399089, -0.6320701953385971, 19.30580372051136;
  -6.061078720641265, 0.8531800018728547, 16.09148615924574;
  -7.340121501378446, -0.5195733886540412, 19.30603056856983;
  -7.218978326399971, -1.210548570835359, 19.08500250888871;
  -7.357074225155471, -0.7153982935246375, 19.44039401286636;
  -6.813277080708344, -0.2459443723403693, 18.07587579480214;
  -7.160791484092709, -2.945385247061084, 19.17473156622786;
  -7.247609318483949, -2.806241448494844, 19.46945913723394;
  -7.005887312126104, -0.55181837553164, 19.05074651445298;
  -7.071420659629622, -1.134180134730714, 19.26458161097016;
  -5.893482746887846, -0.1667789930061384, 16.29143860373959;
  -6.887140825950858, -3.009550197194685, 18.95743783058676;
  -6.925649098994974, -0.5286076004416722, 19.08148290535453;
  -5.849213241237284, 0.2756535533371601, 16.43677344620289;
  -6.788684597788627, -0.5398482212805172, 19.14739823968384;
  -4.972339197250797, 1.038327703123541, 14.28626572454464;
  -6.690641376996818, -3.310821920576009, 19.1277392898752;
  -6.624726544385334, -3.467743019264667, 18.975890108513;
  -6.769720703904482, -0.5793042341683513, 19.33518265848412;
  -6.682596353440776, -2.950164648598184, 19.3077313555016;
  -6.665202865212753, -2.767955228998129, 19.2688950628501;
  -6.721206511300988, -1.000836515942364, 19.41108373094338;
  -6.82103407783536, -0.8971625689513846, 19.68678971677017;
  -6.52127375355764, -3.396892874994892, 19.08666030354045;
  -6.600639504850389, -0.5726912584062028, 19.26781527971096;
  -6.705978355285573, -1.214337923761773, 19.6236701238811;
  -6.561850393919982, -2.637649084323149, 19.30174869231523;
  -6.510865928265018, -2.898708206580952, 19.19282600956803;
  -6.47487702209752, -1.547071633989374, 19.18395082913074;
  -6.541594026112231, -1.563012629326221, 19.38162187679962;
  -6.569099952873447, -0.3846053007319863, 19.49604822526664;
  -6.159291244784243, -0.2636113709236846, 18.39443084088758;
  -6.384532681165442, -2.680399915126935, 19.18381999429078;
  -5.973925359999516, -4.157072889472659, 18.55130271627983;
  -5.962086777503539, -4.038670893678509, 18.56149755639542;
  -6.11300390446632, -3.483816105234293, 19.18160849477513;
  -5.767466699759604, -3.936273076734158, 18.2709512313543;
  -5.989036835180069, -3.501974397600709, 19.07427820822645;
  -5.875757211809086, -3.426508213306632, 19.5698290733286;
  -5.70831484816204, -3.555747992989709, 19.49383806266389;
  -5.743686523609608, -3.286551922331574, 19.93470654892594;
  -5.064400798700881, -4.492010983719982, 18.88397273921059;
  -4.930834860341805, -4.389109322731881, 18.81701427816526;
  -5.254980696160341, -4.827184431405553, 21.0389954940158;
  -5.375986609563374, -3.52125270425421, 22.58620013967557;
  -5.72207873870923, -5.2362881753001, 24.04056294098423;
  -0.1786196816616359, -5.040419443253188, 43.19164870828544;
  -0.05292762342092808, -6.757519299527308, 42.88734975484702;
  -0.03271198988293166, -4.620714670264644, 41.96875965008429;
  0.03774203860716213, -6.045919465781446, 42.19419122534871;
  0.1486880011257748, -7.170557747782977, 46.63421847877951;
  0.1521965668217616, -5.68106783678606, 47.38009505800893;
  0.3137051938232722, -6.175047305022795, 48.44540513970288;
  0.4581327761186985, -9.012422068934194, 49.86799889285649;
  0.4832493505084254, -8.266779436244804, 48.10493725032212;
  0.5564764547032911, -7.165039259031701, 48.29226716221967;
  0.6212701895388281, -9.820356437257022, 53.04170972539886;
  0.6736247106858742, -8.992363289758641, 50.03736624153698;
  0.7736842550196469, -9.635944357981805, 50.96279502836866;
  0.8021064110539777, -10.18027043459565, 52.15849269498122;
  0.6181015314275477, -3.628511684603723, 41.04831899119755;
  0.8448198992438322, -10.94744237578694, 51.34484715675512;
  0.9134758380917418, -10.65457688253926, 52.39190736254776;
  1.097856030514129, -13.15614925559354, 57.23506447672563;
  0.9286164658619377, -9.975079585376985, 50.20703692097531;
  0.2098920306850216, 0.9125215001179731, 12.5466461069392;
  0.9165608436647096, -6.069933520641015, 46.92728805010097;
  1.022817619557283, -11.60192796514569, 49.45715438475284;
  1.174319383221316, -10.88706523390569, 46.28960520495362;
  1.234271793946596, -11.32533542644387, 48.28277155039444;
  0.867437849669577, -1.014835125135009, 31.68993528684018;
  0.4380633952806448, 0.3482019267483559, 16.71335332781281;
  1.557367331081486, -12.05251295944791, 50.61288907064711;
  1.428489797741005, -4.674029285564711, 42.56006603688964;
  1.867493904603708, -11.40524386140094, 54.33980719065541;
  0.5438898199603643, 0.9163378208955388, 16.8559259653675;
  0.3604805482903281, 1.047658190753746, 10.60891436041163;
  0.6285844842686972, 0.5997354707210186, 17.70820035304293;
  1.835865350307751, -9.043355265176269, 48.22550514952886;
  1.994518554781168, -10.59738837645136, 51.78099625452754;
  2.043142421577451, -11.1455242806739, 52.82629877060515;
  2.107820478734267, -5.61375986881368, 50.62452382376658;
