m=[-9.347322785133345, 1.512073591109024, 16.04173570501009;
  -18.70686153243369, 1.91572672339971, 32.20739890753641;
  -19.60166494604278, -0.8074059717078013, 34.19622752859138;
  -19.56290254835372, -1.063344953947241, 34.18101906847497;
  -19.55694239244388, -0.5655146095288807, 34.17068890861206;
  -17.78032198709437, 2.082967408556602, 31.21761323284611;
  -19.77031685058339, -0.9560065975975955, 34.73213656381393;
  -22.18035196703886, -3.335416861852078, 39.66650384613004;
  -19.57719632927315, -0.6881053601079816, 35.19636567597793;
  -23.03550138562149, -5.638545959040457, 41.33006350991862;
  -21.40031171152134, -7.332035380441877, 38.56451572182083;
  -19.73170280378184, -0.8251461590217146, 35.89751388869863;
  -18.13509994785774, -0.2228967455874886, 33.10407363856321;
  -18.44645438756472, -1.308747984503053, 34.17152070753973;
  -21.63628270007596, -6.03637789521713, 40.48400166957642;
  -19.86816231386883, -1.060781087282486, 37.27661003116329;
  -20.20680922191086, -2.35291659468133, 38.06254151509297;
  -15.34091671518803, 2.263746723513175, 29.45569342989919;
  -17.6204804256651, -0.4474618875259851, 33.89620300593582;
  -17.4238622426734, -0.2869619097626953, 33.56226364819465;
  -16.60642532792375, 2.025627141827854, 32.37732359032652;
  -17.05410119659339, -0.3098796105780215, 33.29066484586079;
  -20.23728806583248, -5.896653013119916, 39.5830388463305;
  -16.43455687949239, 1.770270949918778, 32.45436210861124;
  -20.15162684477135, -7.360179525368703, 39.79796403558967;
  -19.68677549301222, -7.551236149985981, 38.98264836790093;
  -15.8031516091623, 1.768318300208553, 31.98676080202452;
  -16.20918675051621, -0.3230011095349028, 33.05798599471466;
  -15.68689789188213, 1.745638423599691, 32.6200029990762;
  -15.75026378953153, 0.03892489888287458, 33.11283653261722;
  -14.2959100595609, 1.678404575868949, 30.90654022428258;
  -13.68895527106573, 0.2810311155956768, 29.80471592053795;
  -13.48495014232152, 0.03883877923888694, 29.38383987645256;
  -13.03855188658004, 2.306872480563502, 28.5135301457038;
  -13.72678134407201, 1.741795802615712, 29.98292228356379;
  -13.43157735474301, 1.512436878251305, 29.41786537941592;
  -13.27855710675589, 0.4794002921035387, 29.14784315335441;
  -13.37891688690621, 0.1854328718919515, 29.37697230479026;
  -12.87135972585008, 0.3032218018580606, 28.50138773239227;
  -13.32222569507808, -2.179544343008659, 29.60200057980692;
  -13.27201743454391, -2.55082283485497, 29.50083163834973;
  -13.06444184208652, 2.316642480210843, 29.09130304584007;
  -13.32410928167435, -1.863925049867086, 29.69413092083801;
  -14.04531104969426, -0.4814444404275638, 31.29236954035704;
  -14.14181512240282, -0.3172328252775863, 31.80933548063774;
  -12.29123435846758, 2.240380224007132, 28.61128681768814;
  1.173289614002517, 1.98686090429998, 18.35235123306123;
  2.090296379475349, 1.888710629324639, 20.19932787182886;
  2.554962984956439, 2.210404985423927, 18.52563066522437;
  3.449189396465041, 2.279159198338753, 22.2057270409747;
  4.654429344804395, 1.256383005262834, 29.48607053067552;
  2.640042878209534, 2.188641751435133, 16.96527239023134;
  2.728569911755265, 2.37138313746934, 17.43505405354627;
  2.866345089415145, 2.326340973878657, 16.58364393214913;
  5.653371219166353, 1.457102577185914, 30.85342814452471;
  4.850050972127927, 1.67719080538527, 26.64927986164522;
  3.221167146317769, 2.285303939342761, 17.62067785132441;
  3.222901696033552, 2.259722796893037, 16.92440941791585;
  8.978649669332674, -8.630822891338184, 43.87263002621504;
  9.620588331259871, -6.984698178382478, 46.51656040151716;
  7.055228924939579, 1.535327876813134, 34.35810519251547;
  9.688462690455109, -9.438613700605036, 46.32379988027827;
  9.224587111985388, -7.414768531127552, 43.40437809635297;
  6.379038825383305, 1.355095762630689, 30.16412936224009;
  9.328768607203143, -8.778013372518371, 43.32864569301438;
  9.882980085607862, -7.136392984468939, 45.76396714583949;
  3.29754139329264, 2.261895639975177, 15.96771691664623;
  9.885820877865205, -6.811004904869393, 45.5198199454719;
  8.147167143612567, 1.430614668193525, 37.45830989306906;
  10.52478047214207, -9.849139136936318, 47.74461261932492;
  7.357476033650903, -2.255741059228733, 33.40329139913666;
  10.57491850111266, -11.52567815930841, 47.06232546126283;
  3.847832200214969, 2.231565319289221, 17.85657516861699;
  9.92642660784599, -9.0413890011706, 44.20885287607403;
  7.978587448557425, 1.161226259907596, 35.58644332910592;
  3.237495262158991, 2.230307621951222, 15.10735218826863;
  3.614628622819744, 2.235788052455177, 16.7070600832223;
  9.122987238296595, -0.79595118898106, 40.28406071357581;
  6.087181202292739, -2.205656682189814, 27.23344662250445;
  8.004866054286392, 0.7901176196039176, 35.32379434530269;
  9.429732526304093, 0.04678106218991106, 41.16669508767227;
  10.14080815083038, -9.298900250947863, 44.07051656574929;
  7.384689032305224, -0.2953684282927402, 32.37693042584417;
  7.188694576760218, 1.259108947666918, 31.51734402929485;
  10.95858718889721, -9.362644277419467, 47.06900646602178;
  9.795618122417503, -9.207441949067214, 42.0232972612849;
  7.141848061162927, 1.383879769164988, 30.94826227524126;
  9.917250932670816, -1.424601863635495, 42.13697700631162;
  8.426585714865366, -2.14677496887993, 35.70269813530767;
  10.13928644076556, -7.377215960987575, 42.6355731992297;
  7.068846937982436, -1.988740595167506, 29.96160112656474;
  7.6054800436735, -1.776265890945954, 32.04217557332651;
  10.31073825177923, -9.916250210927906, 42.96443230548465;
  4.462742691505603, 2.114336270897813, 19.25043756518329;
  9.940763028746865, -4.575596029590662, 40.98272424935544;
  7.756724193600536, -2.558789752020588, 32.0297595729972;
  6.919336505445577, -2.043252335214956, 28.71377859539586;
  7.393403138307935, 1.172870686396383, 30.63037363841409;
  6.493835585989096, -2.450004446998978, 26.93423202033114;
  7.294999955428231, -0.1634827482947737, 30.12268072767012;
  7.365962886366394, 0.8731165505135321, 30.40390244725385;
  9.481627495760417, -9.093133216816952, 38.78946475478722;
  6.947500537538469, -2.198491544538575, 28.68045796379298;
  7.307697431659632, -2.561292446242153, 29.87688610840982;
  10.25328774654514, -7.630058394339176, 41.2804847202474;
  7.127808174511924, -2.066375377736767, 28.94000298739028;
  6.895965455016029, -2.270337344224201, 27.97641691238429;
  8.10111649358438, 0.5074505344999163, 32.61149461155461;
  8.309584951199161, 0.7445666491118965, 33.39674964353189;
  7.460775606268869, 0.1756763611871258, 29.97555212301268;
  4.464852497971098, 2.090218755429783, 18.38358486984055;
  9.839728045191787, -0.2780257405400063, 38.95946782761817;
  4.047302941653903, 2.241494867632908, 16.67859895709085;
  10.32520191439471, -9.38190468815433, 40.70462605592442;
  7.065446844201678, -2.120299519693538, 28.07195068270956;
  7.482742328670265, 1.433915319695865, 29.58695363563133;
  8.295552025132844, 0.741913832023435, 32.60010144171426;
  7.152987214478347, -2.284778007739711, 28.15878974513118;
  7.827342461693362, 1.342968276585977, 30.34948475841038;
  7.243339002220469, -2.022077157531462, 28.10719454356776;
  8.461638365961525, 0.8544217704017273, 32.60905670403735;
  10.7663788841202, -9.671169429735361, 41.14941845295574;
  10.98146753291914, -8.290676360388527, 41.92363206032449;
  8.359685277306532, 1.216009519388299, 32.15457427347585;
  10.21810455718291, -9.355830365652018, 38.8514040746377;
  4.676526134282704, 2.031792287222348, 18.21069244446368;
  8.433685419308869, 1.13941122228217, 31.91316588252358;
  3.880796533498882, 2.317419852505788, 15.2449358950447;
  8.68107099906771, 0.1690582848395056, 32.69242573872784;
  5.153039993567064, 2.084992871821028, 19.79625147016417;
  8.069093452512728, 1.332642140763936, 30.34949838716759;
  10.81389863259508, -9.320048661834228, 40.1225616036532;
  10.49702709811292, -9.357143416094116, 38.96078636901143;
