m=[-9.213183438493989, 0.9435009549894485, 15.86223716348212;
  -9.493515764378618, -0.51602169250289, 16.587418076997;
  -8.907368106833427, 1.043499520200904, 15.63901782451105;
  -10.75490353499971, -1.617291134583361, 19.23366333725394;
  -10.74425195173849, -2.629938780633713, 19.27722814008714;
  -10.11597325885297, -3.465868854685067, 18.2295293190765;
  -9.845731762523245, -0.2084207016380012, 17.75020172241746;
  -10.20648631203221, -2.84754129051804, 19.09752311081469;
  -10.21657038217638, -0.5472093341480949, 19.1476051232736;
  -10.15157528043312, -0.5420027727522092, 19.04636709488486;
  -10.12215964510299, -1.178642166678717, 19.06659866399717;
  -7.775938652844078, 1.147438316393955, 14.93037667436885;
  -10.1423089457446, -0.6446866265926324, 19.41912202996834;
  -8.214265488070618, 1.001963926266364, 16.0152426854266;
  -9.842312779648953, -2.867810307358901, 19.25103046550687;
  -10.02547909322367, -0.7296991994237635, 19.63034718873746;
  -9.885133998516089, -0.6398932748724532, 19.43781988703659;
  -9.709498568288685, -0.5444162717622548, 19.11729008583372;
  -9.690111439359622, -3.539215983101685, 19.1372492918383;
  -9.559171261560786, -3.666601451305539, 18.92853464551554;
  -9.699253496412727, -2.719972175473283, 19.2269526441868;
  -9.871155176591756, -3.010942534789755, 19.63856280155177;
  -9.806088264613017, -0.6879341456732392, 19.52420870509816;
  -9.630271248933232, -0.3984378580723774, 19.20322258220789;
  -9.713037097327407, -1.619488480462654, 19.39521291903716;
  -7.829022498373327, 0.8760406847322463, 15.84652708286019;
  -9.67820034101832, -2.850466098856186, 19.5290353731355;
  -9.756815872960409, -0.1944244582408553, 19.89863448707956;
  -7.759324669935682, 0.01917624569420777, 16.31294896596309;
  -7.003788993906547, 0.8222765425088577, 15.14159541859968;
  -6.730923519669436, 0.2239851444363886, 14.62464934655038;
  -6.731338199835692, 0.01938731367683775, 14.66765258534127;
  -6.454500427902794, 1.141975699635753, 14.11510987779929;
  -6.620536601464098, 0.2390234989469784, 14.53278100165987;
  -6.630375309002035, 0.09189753891610017, 14.55875340802418;
  -6.512809308851434, 0.1534279062857484, 14.4214836110836;
  -6.616939031288076, -0.9256512501608087, 14.74652074195389;
  -7.089710231020399, 0.7797314594319196, 16.15107338057287;
  -6.084396236555898, 1.109031087183888, 14.16313453633203;
  -6.870236041500666, 0.6995494142728346, 16.04918324843031;
  -6.933072642235381, 0.7760843112979151, 16.19274460497735;
  -6.790341144976551, 0.8057274044462848, 16.04961777271686;
  -8.126350806641177, -3.354963242121297, 19.45716387159812;
  -7.754963973970445, -1.640448675135435, 19.41505986911547;
  -7.712103946907829, -2.65490839973032, 19.35936332153819;
  -6.196577225881669, 0.9686875207374159, 15.75005605442945;
  -7.08888159469403, -0.2743878601313402, 17.96326686345493;
  -7.732362863041454, -3.008334055650952, 19.7156914561054;
  -7.518503322709799, -0.6246613121763817, 19.22845849976692;
  -7.402152998883548, -0.4558060621256077, 18.99613211013708;
  -7.599457853493608, -0.680238097851796, 19.53988481883321;
  -6.198008176084532, 0.8643284500249457, 16.10622875255999;
  -6.829378255196878, -0.2645803000459497, 17.80424708901407;
  -7.64177753284097, -1.312665328083388, 19.86730735845456;
  -7.554468706704349, -0.7695830299610642, 19.64483797419982;
  -7.407256864325917, -3.094103740628307, 19.49945406663294;
  -7.391791552889309, -2.905989168129005, 19.52505894086191;
  -5.405658293516851, 1.09957535881343, 14.57817748180637;
  -7.336351736499989, -1.206193645038246, 19.660753759275;
  -6.126119224045136, -0.1918707383743745, 16.58415887371411;
  -7.07884507854316, -3.139209829619051, 19.14835614270406;
  -6.96710540378308, -3.502172535372736, 19.59463685844733;
  -7.033112229913209, -3.161762587079602, 19.97381714718127;
  -6.894514935441611, -2.913295009025835, 19.61675539764869;
  -6.73925992824131, -3.562754867207413, 19.39451622265939;
  -6.754895306200429, -2.760302647531569, 19.54472036973144;
  -6.654300866565442, -3.015533867428788, 19.29614036479002;
  -6.641154523723562, -4.356526887454481, 19.37089633235886;
  -6.644698116613582, -2.836905597981597, 19.64278491112126;
  -6.467866437176269, -3.452326938404705, 19.62331604776179;
  -6.17354477069452, -4.358090038842216, 18.83499447904339;
  -6.170777775138493, -4.243385665419066, 18.8800717300874;
  -6.310995797621516, -3.654252120477938, 19.49363472826035;
  -5.989393617701636, -4.1461015567658, 18.64329023508266;
  -6.196374478674914, -3.679308590751841, 19.41598715928605;
  -5.867532018505994, -3.479027417922036, 19.27015894018766;
  -5.636191633221698, -5.285967467231305, 22.31692155449071;
  -5.789483212074419, -5.395169970420195, 24.12609333790509;
  -5.581188003053006, -5.569309092266078, 25.81512568493781;
  -6.058248717336724, -1.828570876577129, 85.50416969551411;
  -2.548088477759985, -2.540762415707989, 38.09467200620903;
  -2.054345402173332, 0.3271845360692569, 59.38707100016121;
  -3.503664984967855, -1.911044247577938, 104.8919941156621;
  -1.694446921627191, -1.558031973517836, 84.04788562987065;
  -0.8077221516232467, -2.869156979273756, 45.66862084457959;
  -0.6679014837118591, -2.331981790171156, 42.92955111667301;
  -0.8158197565354735, -0.4183024866312433, 72.85798098179237;
  -0.4385984057642928, -2.71789427851446, 42.12012745805746;
  -0.3117726075936645, -4.591145005410792, 46.00666269128676;
  -0.1121365549847874, -0.06672360100938866, 17.46815576199107;
  -0.2653276634068653, -3.696970916894812, 47.07185802085538;
  -0.1731207840600301, 0.793739691948765, 28.35409136144414;
  -0.2708291422563735, -5.100034814989177, 48.95414852253164;
  -0.2157370232464924, -3.798715506483055, 44.06836728571977;
  -0.06781853296124259, -0.4066471306468996, 15.60909960414533;
  -0.07546331522768003, -0.670247589616777, 17.65077411724401;
  -0.09605094262595042, 0.9206706023025317, 24.64571013377748;
  -0.1085981004882774, -2.76626647770359, 37.55144788028764;
  -0.0401844291052738, -1.208939652946013, 30.06680881119554;
  -0.009178786061361246, 0.271633756221597, 27.36151055681296;
  0.05468122542357164, -2.113861767496264, 28.92786649941863;
  0.08761091860366882, -4.913614274751498, 50.54412724185359;
  0.07709302768965247, -5.834959799908846, 45.2587680521635;
  0.01367663669898885, -0.1712920977901627, 6.965313071229171;
  0.1291506561389167, -4.019920350836101, 44.26699439443701;
  0.1317928915585145, -1.305294199039107, 27.56859220030091;
  0.2364983987095855, -3.855047564525411, 45.16280406846656;
  0.08770323416705746, 0.9457229377812769, 20.56063269708834;
  0.4780623397568748, -5.254346064583739, 81.03293574436111;
  0.09141534013614543, 0.9918573062720207, 18.54018862600022;
  0.2933592250988189, -7.139548588017254, 45.33369808748569;
  0.3253058851565473, -6.162690597232395, 50.02829781581116;
  0.3765378060505317, -6.444947146172504, 49.90674480616027;
  0.4328746517573723, -4.356214101210977, 44.71943408561799;
  0.5112816532020003, -6.646592465388812, 50.81080425217815;
  0.2456415837712127, -0.1693775955565529, 25.25778065810069;
  0.6212062476574248, -9.290858451716517, 50.34199710780723;
  0.4970080716169515, -3.431036484643578, 41.32110484379491;
  0.198622036248469, 0.4127425632065974, 16.98098957861046;
  0.2179972499225238, 0.9812825832978959, 18.52770861189644;
  0.6647409792991924, -8.628572897563059, 49.1363757323147;
  0.7730686463805768, -10.68090315998733, 52.50652626489396;
  0.4447273524020843, -0.6686901571180089, 32.2226092000646;
  0.24861357456336, 0.6254881233602178, 19.60487222366129;
  0.6915935511937729, -2.994761306216303, 48.06173637201498;
  0.6267665708540342, -6.394184109480911, 42.1569448725663;
  0.7531325977485081, -9.464588748526804, 50.11977433839279;
  0.8375442121177412, -9.06753581582255, 49.42245197073537;
  0.954022528477939, -9.969895124860543, 51.66437424414647;
  0.2928476722241488, 0.1625951754801907, 17.15176568196769;
  0.9715046917160563, -10.4115940898225, 52.28702596636617;
