m=[-12.17001792330226, -1.064119357464968, 16.04248403335674;
  -12.01000915689741, -0.658426191876988, 15.91031389554935;
  -11.99913255005497, -0.2179475016579565, 15.89623718277917;
  -11.85612221010091, -0.6076643704021166, 15.80476476151052;
  -3.381771399124181, 0.9910285083979776, 5.231586866528439;
  -12.27025287632754, -0.3143184862781066, 16.36536652544637;
  -11.831971405059, -0.8333280615309935, 15.86349206185543;
  -11.92068127918746, -0.7513940588672057, 16.02652266253368;
  -12.23794324251015, -3.400716518051003, 16.49973075661059;
  -3.439098341455256, 0.7921623621460727, 5.370982483725771;
  -11.75982007179165, -0.8388950360307884, 15.93244885795398;
  -12.23689530382059, -2.618916083567308, 16.5761448587699;
  -11.69278653715059, -0.3186976887441243, 15.91660587887072;
  -11.79036971501163, -0.9637793412130001, 16.07821529449922;
  -11.54014344436332, -0.2954150001869102, 15.81412130644884;
  -12.22799777802033, -3.445424127482937, 16.71015911809295;
  -3.393744001568888, 0.9536548898437951, 5.368001589264372;
  -11.64158523930724, -0.6160233275233715, 15.97313374866215;
  -11.63797820098482, -0.1472915690591088, 16.00056597862936;
  -11.47424450598344, -0.9568158269893639, 15.84451926916681;
  -11.48666408646426, -0.5358032603226408, 16.05261002952075;
  -12.14349868015792, -0.05947643691786118, 17.04540178400951;
  -11.96328870669089, -0.1837874951790002, 16.81331473383678;
  -11.85611431649952, -1.225858049463908, 16.69088638658483;
  -12.05477190743796, -1.518908221059968, 16.95848627967419;
  -11.46706993641492, -0.7459072580125189, 16.21083910903689;
  -11.21919147390873, -0.5349109434152446, 15.88639637683207;
  -11.43683828881374, -0.3785841297440744, 16.24679672576304;
  -11.8263126055548, -0.02776410345371881, 16.79174830316136;
  -11.6182926738776, -0.1744029556338435, 16.57910326245821;
  -12.04244370234255, -1.474148606784812, 17.17487265930536;
  -11.88578888985734, -1.623060926615342, 16.97233623174218;
  -11.33970170515213, -1.072378825372864, 16.2862726059412;
  -11.2232104759697, -0.9092652415715918, 16.19501439637491;
  -3.5485130840625, 0.7821539627923193, 5.817438267750283;
  -10.31769594457127, 0.165154012581512, 14.99615890678373;
  -3.535986585865645, 0.8202351864297552, 5.805513805038645;
  -11.13769363275892, -0.4389549475934925, 16.11504543585121;
  -11.13167565394775, -0.5795441067504069, 16.13339810250123;
  -11.79391379747697, -0.769733776391808, 17.43020083194851;
  -11.00529931584266, -1.21066284787042, 16.37138273140056;
  -10.94743316501678, -0.4121805963502144, 16.29596133698218;
  -11.18296945929901, -0.6187982690249591, 16.62534293246043;
  -3.657657013283442, 1.28578100297261, 6.189984817943601;
  -9.393548375618634, 0.197163091144464, 14.59581028816894;
  -9.392083972552706, 0.138536727382524, 14.63319804536698;
  -8.030768373168018, 1.2455445241574, 13.13342052778824;
  -8.04330786894419, 1.310589865271395, 13.19737583299726;
  -10.26983674167191, -3.466007047526526, 16.74922952698274;
  -8.89220769498305, -0.615992988167364, 14.63884327663633;
  -8.748993946337841, 1.067258551496978, 14.49933518819437;
  -8.195516202411982, -0.9659217897172187, 13.66071397809771;
  -8.061639284000885, -1.222749824939721, 13.46635764156456;
  -8.068762642990407, -1.129918911145696, 13.57757575972179;
  -8.08601495249413, -0.9751189336049652, 13.60488265843017;
  -8.124419094259521, -1.086626313969886, 13.72182418706709;
  -8.084717746479905, -1.030933500625441, 13.66467767404116;
  -10.10024890179545, -2.714738218759142, 16.85189808444121;
  -9.362683982566285, -0.1994558610679849, 15.71367005091934;
  -7.780883109018745, -1.09669354194613, 13.25380453616033;
  -9.702686661421232, -0.0001676332445795855, 16.31686171165054;
  -8.106801448805003, -1.193613202043869, 13.81361491712524;
  -8.084964651486581, -0.9466533579199802, 13.80144808643536;
  -8.554249885782671, 0.6967063088344903, 14.56283090509572;
  -8.491295091524375, 0.81899622066517, 14.47377165285826;
  -9.94465235325718, 0.3201382619634803, 16.78455872660509;
  -8.505522472605211, 1.039091048033429, 14.51612802084769;
  -9.227438746459217, -0.176406100050481, 15.71315944919627;
  -8.060945494836437, -0.7463533557469357, 13.86184995908608;
  -9.631534879709198, 0.2100720393459571, 16.36428305760717;
  -8.502757570671671, -0.4005580961221548, 14.61083798914163;
  -8.395427257347018, 0.9566357203290618, 14.47566544591797;
  -8.259898739183717, 0.7371886567334978, 14.31921674946922;
  -8.088714095973636, -1.286706286059485, 14.06225039418234;
  -8.295793628112236, 0.6371267054012496, 14.39928611369104;
  -9.755008756184937, -2.714743334618723, 16.93247822432634;
  -8.092859429878159, -1.40050463410522, 14.23961840218213;
  -8.051798140718089, -1.454422303043244, 14.18431069062788;
  -8.219733177182635, 1.048973290009443, 14.45905408073379;
  -8.161100689648384, -0.4157870892518211, 14.37663638218205;
  -8.2266566738934, 1.207912905819949, 14.50421077767678;
  -8.150299153443536, 0.6507172887033792, 14.4183712265745;
  -8.095346131843092, 0.4459839654778717, 14.34724834388353;
  -8.046789433948309, -0.7191643432630255, 14.28045149606052;
  -8.134699098010373, 0.5643666765921398, 14.42415835299847;
  -8.066864521028995, -0.5454089218638396, 14.32359075000399;
  -8.021300181067698, -0.1424175902560951, 14.27076283593434;
  -8.321515743233311, -1.299896253532848, 14.81585700889731;
  -8.054381766330399, 0.2953615721588058, 14.40022401931076;
  -8.051051513283612, 0.599384639042553, 14.39942691176305;
  -9.515995743405057, -2.722136170394265, 16.87278099247599;
  -8.038761737033083, 0.999828842173604, 14.41969474749351;
  -9.492220039349588, -3.451921571712563, 16.87464919325661;
  -8.416917902016081, -1.414267434272521, 15.10265902402852;
  -7.939230740322267, -0.6020730311158581, 14.31240864262896;
  -8.155454606195164, 0.1704250130564836, 14.77367000639113;
  -8.003546950542896, -0.1698490232180991, 14.52605222913227;
  -7.836230924571341, -0.4022144383850684, 14.24688839570426;
  -7.885631664367654, 1.077935137507412, 14.35034628166768;
  -9.289235019376351, -3.492098738068596, 16.74626118346375;
  -9.327439244153226, -2.704679237053573, 16.81912973261724;
  -8.558840946310609, -1.350773333687209, 15.56722597687766;
  -8.447923050348924, -1.277777362424412, 15.3917439222589;
  -7.179056784270853, 1.283283679701333, 13.2465499150317;
  -7.815286627160472, 0.0837878670751028, 14.44425442332436;
  -7.821848927961278, -0.1656032510352902, 14.58291101748346;
  -8.406805987751891, -1.156667671703658, 15.61232860639833;
  -8.016876455751758, 0.1991080185127664, 14.96729354764476;
  -8.40804881973961, -1.307030623913521, 15.65650472020701;
  -8.228389062644292, -1.255165098846683, 15.38145852329015;
  -7.715299180305228, -0.2429728835866862, 14.54440936913916;
  -7.771438924536604, 1.137744161734149, 14.87675131878316;
  -7.732225577098822, -0.8257413137110889, 14.83236097629687;
  -7.810303232380282, -0.2060812212962644, 14.99181082778818;
  -7.682990251535212, 0.0666244645463816, 14.79198878738323;
  -7.71157664189449, 0.3039571215791848, 14.84250572821146;
  -7.763615668180465, 0.229371075156715, 15.06927222226235;
  -7.614501146236767, -0.4914591705042696, 14.86406974694655;
  -7.735155825912931, -0.05728900093610879, 15.12934589790391;
  -8.155058312361344, -1.390959318941046, 16.01750236298705;
  -7.774244650579802, 1.019873490500084, 15.34829950682231;
  -7.812153576318435, 0.9030704953818679, 15.47323935018895;
  -2.950081219309467, 1.245414585476948, 6.509611173483759;
  -7.823706236604209, -1.084610829527177, 15.80108541802989;
  -7.760251040681442, -0.5981415086043869, 15.70221009295322;
  -7.49941599848586, -0.260951650737252, 15.22256134056737;
  -6.550430063955482, 1.229523802899433, 13.45686018458159;
  -7.883104182990982, 0.2664903799391059, 16.28918760687744;
  -7.752677816611311, -0.6867727414378967, 16.14744120466469;
  -7.787427847087547, -0.8320648377718136, 16.34318720044842;
  -7.006924132659457, 1.119012731841968, 14.90026560493361;
