m=[-9.706670767797032, 1.567824827567736, 15.77417987799803;
  -20.05690391996979, -0.0546605702144501, 32.63559065994966;
  -18.94418441630878, 1.912431706480875, 31.03832631673346;
  -20.18813532482607, -0.623191911251532, 33.78771791167475;
  -18.6998903095008, 1.929395428304633, 31.47490273799656;
  -19.96896385950118, -0.8054005521808598, 33.60801806652641;
  -19.38138267456457, -0.5467566241068607, 32.84494723782973;
  -18.20183996716837, 0.4053000335901708, 30.91390927732039;
  -19.57127370346289, -0.816170750711835, 33.42087047317525;
  -19.09663226654525, -1.044060945143571, 32.66010160269642;
  -18.30949978037963, 2.16917597215424, 31.40607243051714;
  -18.7340196096024, -0.6111645064687045, 32.47321594497614;
  -19.00181477451821, -0.6973958583969927, 33.46849092754898;
  -20.32664841344135, -7.031307429684714, 35.94254944885034;
  -16.03624073412136, 2.39559232580211, 30.04574150871666;
  -16.71103981502183, 2.055593464491345, 31.88392732577406;
  -16.37625686873873, -0.3067422071869935, 31.28852070365838;
  -14.84879837275159, 1.832644290885127, 30.48895261876635;
  -14.05531356740107, 1.658369625775819, 29.7086624622798;
  -13.65451563767662, 0.04880001538204267, 29.03859982901106;
  -12.9439773146022, 2.309915609226543, 27.61243394563699;
  -13.45656734797731, 0.4880279756734137, 28.82056369453333;
  -13.38742723573264, 0.1876708615836828, 28.68761949026936;
  -13.43353213386098, 0.3107750056763803, 28.99826522685111;
  -12.97021281702117, -0.447203376416522, 28.19582608317512;
  -13.47446190922765, -1.916007215323852, 29.29976096279068;
  -12.98373703451862, -2.866062984001314, 28.30941804448305;
  -12.19461841079287, 2.242677342905994, 27.70823418403501;
  0.93597446236558, 2.181620372027013, 20.48337543193719;
  1.402358636799605, 2.194606671316985, 19.32391181703599;
  2.482709143294093, 2.114166771121131, 21.80967952110331;
  5.169485674958933, 1.527191519453349, 35.51327279113045;
  2.556445860968622, 2.125185443967937, 16.97390646285395;
  5.62544838014434, 1.537064122368311, 33.06127097716981;
  3.211682339244042, 2.054578067710512, 19.25101095075536;
  6.304935076875665, 1.527705077157058, 32.57669832194758;
  5.669441412716041, 1.845151869905517, 29.28251824462299;
  2.993220890626947, 2.359925828698375, 15.85763785277509;
  11.4085474571968, -6.947306277837699, 55.92011752066422;
  11.05064296475486, -5.742256703922229, 53.41164204649407;
  3.322960688455685, 2.283637340920075, 16.71745099704667;
  10.36626269873087, 1.445575913873632, 49.74460367801223;
  10.99814923281082, -10.51158004560766, 51.64226382562304;
  11.2463394019532, 0.6514770379565014, 52.48813286399802;
  11.49960732652398, -11.12465416550344, 52.89070764508407;
  3.369035761000774, 2.285000301564008, 16.22712349649711;
  10.80477729559101, 0.3341185780592865, 49.48611665163381;
  11.73114175490518, 0.7355051157970081, 53.61315553857371;
  6.493638009758111, 1.329705426709669, 30.12688869338414;
  12.27100777290967, -8.667714818148761, 55.20947067341977;
  11.8308083131697, 0.2550523599813009, 52.87555542608585;
  13.16782928713723, -12.26286003488437, 58.55804339043871;
  11.27077875937595, -8.106566550914895, 50.21097767665994;
  8.008269847446472, 1.581528416797335, 35.91035293007545;
  11.99639182182523, -6.532070047937423, 53.11569366820255;
  12.12828809809554, -8.324803121711287, 53.7199788644338;
  10.497796391027, -2.393894863779433, 46.52617466582067;
  11.31501883121243, -10.52806901559439, 49.4573733652895;
  11.66919795761638, -0.5250393142588622, 50.9745609054515;
  8.376330143365163, 1.368553049267602, 36.82655394840218;
  3.297258372345895, 2.253523077697484, 15.12271579858651;
  10.78896129670573, 0.8203990764596962, 46.6105867906658;
  11.86018547593231, -10.73688312145163, 50.8048457815432;
  9.53962734492789, -1.900756887420372, 41.00518132008615;
  12.11166967795631, -1.356470528192423, 51.54807500567134;
  3.538919570268971, 2.633575772163776, 15.79244530971148;
  11.70435040273604, -8.933159246426175, 49.54077048114808;
  8.121658463339356, 1.102737105125664, 34.61133472436422;
  9.69890081421201, 0.8093181551735404, 40.89612705239436;
  11.6933310668329, -0.0436748831789892, 49.00364747907609;
  10.8505866237, -9.896982972260227, 45.37931116448208;
  7.14482249219936, -2.598440701241616, 30.25428395535107;
  11.84513426820253, -1.115650928752386, 49.25809534086086;
  8.422281262462487, 1.36783323315103, 35.12621540706728;
  11.42042445741394, -2.733745238590396, 47.19450833960134;
  4.181950972312948, 2.348157010084512, 17.91458738760489;
  11.75486448229087, -10.98557790787272, 48.47638741243711;
  6.877995808235236, -2.321627743938636, 28.60691311495743;
  8.626469678918721, 1.238037303733416, 35.58963416930639;
  7.749277905487599, 0.3779158455982846, 31.99408735735138;
  10.56626606622157, -1.575260237127933, 43.14598665818713;
  7.71549305346135, 1.399819550574565, 31.78947751708213;
  11.63139988220894, -3.030752795696455, 47.16038089841851;
  3.646000781337029, 2.189983953885913, 15.49316212769287;
  11.64507795765057, -8.440757163497912, 47.09151285273074;
  9.061502452918337, 0.7990344197232665, 36.81118888425333;
  3.367952980843412, 2.25340864703825, 14.3328240159866;
  11.3582756852021, -5.718141695733369, 45.77178968031554;
  11.50249920531688, -10.99635734300322, 46.11311349556009;
  7.165239511585867, 1.416568536200986, 29.1152657105827;
  8.244132371699989, -2.343787835190898, 33.22361909898415;
  7.252824287202779, 1.720249820060354, 29.22095686184516;
  7.627753321215918, -1.619982070139223, 30.50576310973892;
  12.82898030020298, -12.22009774918782, 50.3138635032786;
  7.444937574940516, -2.503727881744468, 29.35204767154555;
  7.415763374487934, -2.211741645968094, 29.22352709604061;
  7.985127181766336, 0.8413687544918114, 31.34754044353234;
  7.263665919090827, -2.783495794617222, 28.58573120078586;
  11.96426386056703, -8.861359800654039, 46.30058892650993;
  4.640188951314062, 2.127654367332599, 18.59600500565454;
  7.216596796217942, -2.300575890414931, 28.29049768167774;
  7.124538445010922, -2.500264206153371, 27.70054695727462;
  8.942440963947417, 0.4612251829472976, 34.34328435769101;
  8.878634176545525, 0.7091416787993494, 34.06910708649137;
  7.419097877397605, -2.176004179883214, 28.62527037269359;
  7.523785553886135, -2.496138127969835, 28.96824541875133;
  9.069929971946101, 0.1356622764082539, 34.66119881463689;
  3.89173988598461, 2.175997072574276, 15.39160398979736;
  9.626689310164714, 0.768981418277413, 36.10065809819258;
  7.782023878614276, -2.355992844290836, 29.35305815872553;
  8.669397921055564, 1.561326392151185, 32.5821330852445;
  4.932206875000657, 2.23770519423245, 18.82893368940898;
  7.576487782710284, -2.437822453633628, 28.32312685672191;
  10.56366320156401, 0.03374601423586039, 38.97635935847639;
  11.75909790127689, -10.5111936110227, 43.2398798855968;
  11.62378842305403, -8.732901005767241, 42.69580554388209;
  9.30069316878796, 0.8464134694763816, 34.21105138091473;
  8.05615061056511, 1.295471837961358, 29.73024762676062;
  8.051556224583361, -2.27152431533969, 29.67166914288211;
  4.047629576266797, 2.178125754544577, 15.36324925384462;
  4.166700711712878, 2.393832656851896, 15.75892126216605;
  9.932548378018375, 1.247949538302479, 35.85574159752252;
  8.39226617715725, 1.696514722014784, 30.1966667812982;
  9.181910137186669, 1.42242074580167, 32.88466926177543;
  10.94449553002953, -8.853219446015304, 38.88444474587932;
  12.57815687892372, -8.693857461685372, 44.49188402151592;
  9.556441338847643, 1.014654527602882, 33.98775954962778;
  9.802942825127134, 0.2079471147755207, 34.81670686533171;
  5.143478881094332, 2.164227203469483, 18.5747339902768;
  9.778804185957064, 1.173872062054935, 34.19754979415687;
  12.42061591323762, -8.231309744648948, 43.05949300701923;
  11.39836328441261, -9.142215187011567, 39.54037422228648;
  9.451001980916864, 1.436471349673466, 32.97449692172363;
  9.533291950324575, 0.8730873116206546, 33.22912206550373;
