m=[-10.13151144283148, 1.64215832518972, 15.60391230468393;
  -19.15814249959454, 2.151293369586195, 29.70936847176672;
  -19.13383001915083, 1.879182043034241, 29.74358227437991;
  -18.57705000341835, 1.882070834219779, 29.35326361226867;
  -21.00153036537656, -0.04897253378017518, 33.52381529396711;
  -19.48087338360276, 1.996578883730027, 31.26871137376604;
  -20.11094214725895, -0.6165835020483348, 33.0589030711872;
  -18.56838077956525, 1.948383158411643, 30.63836342256015;
  -19.89594233928407, -0.8020842513420748, 32.88337985292694;
  -18.7834996146498, -1.298360158320027, 31.33664965815214;
  -19.87976927644527, -0.8348295257764625, 33.33396366851793;
  -18.39734079088748, 2.212834688769611, 30.93688708395951;
  -18.30386732426978, -0.4539202672733375, 32.58200744083835;
  -16.50118226043402, 2.50830004060051, 30.28672768207359;
  -17.1239306879113, -0.2662938972208752, 31.42845175686167;
  -16.79913610994482, 2.092967962123296, 31.45750863686908;
  -16.71257844387571, -0.3074591807236407, 31.31317834987636;
  -14.37153629682132, 1.719480816531585, 29.76637851941075;
  -14.07374945537494, 0.465371746207326, 29.21106793132228;
  -13.37478430778014, 0.05218299515898695, 27.84575551524896;
  -13.55572003502093, 2.462282406475155, 28.27193556285079;
  -13.77182819275928, 0.5107442201303591, 28.87155961265066;
  -13.77921349951084, 0.2021666725888247, 28.8968691869269;
  -13.36330040707101, 0.3257505120652758, 28.24635736561086;
  -13.3190384240867, -1.9032604632368, 28.36112468318448;
  -12.57905583806164, 2.350699941217097, 27.96044834553901;
  1.028949264273634, 2.132305213272073, 19.08203296092858;
  1.538510138553055, 1.995384063320567, 19.01832730921652;
  1.372729701102503, 1.981050687934577, 16.60038831424976;
  1.845208068623111, 0.3703663636325617, 20.80895706385534;
  2.037850571489534, 1.919906988312658, 19.90283623344084;
  3.449975374885078, 1.775555504891025, 30.64797594639354;
  3.863186541328596, 1.862102542933062, 33.91773873694277;
  4.033293586134662, 2.074977081531679, 29.64236218832661;
  4.859825133664968, 1.37066407285119, 31.2965747873815;
  5.737024335575561, 1.467007267246197, 36.11157572141672;
  5.16652992248118, 1.480371967184733, 31.75764551471823;
  7.366992237621706, 1.621297476704869, 44.02652001176694;
  6.293513233720571, 1.638205546172466, 34.74603941274737;
  2.730503995490663, 2.154198816620522, 15.35927504632177;
  3.219471880112935, 1.984325291913001, 17.69492961705522;
  10.87521640283726, 1.175975960662141, 57.22652512431913;
  3.160525844639586, 1.893895008106626, 17.05942003952681;
  2.782655796302081, 2.301876463905991, 14.91407121625693;
  12.54302791847001, -13.12066528555612, 60.69278487031926;
  6.434359475510912, 1.495232255388664, 31.3336656251462;
  13.50486134045365, 0.927713201300002, 64.77241837078097;
  3.13127204697059, 2.179016165495502, 15.66228724903819;
  13.56263408623743, -0.0709344680030814, 64.59187880048771;
  5.823241705380405, 1.823379922528476, 28.24033109270627;
  3.084769361660251, 2.263356647570312, 15.39556868175687;
  12.9753348304392, -7.695247665878834, 60.77041073484862;
  13.20049940461811, -6.509886214199795, 61.50781418694729;
  13.86269385218936, -7.064812087927844, 64.0422723460334;
  12.02942008384045, -6.619498957913261, 55.46840678715574;
  6.149841161099367, 1.852962827454211, 28.59945628664325;
  13.8390846141606, -0.1553653767518398, 62.65974544701169;
  13.66325361346087, -12.81405982157534, 61.38589678126784;
  13.13092454330477, 0.7108822046223022, 58.6192231605521;
  12.39084660997144, -11.76253027305927, 54.56914976946979;
  13.88689597381623, 0.4011342537698923, 60.80436738569603;
  12.14791382253335, 0.6953831809522784, 53.13903327972539;
  12.44148335297312, -8.642265821043598, 53.66469347274349;
  11.17033168713988, -8.130790317297644, 47.99362504031952;
  3.234379198675338, 2.269831485999183, 14.60482681978937;
  13.19218509638376, 0.2243172507999204, 56.44859724021602;
  11.92434222766256, -10.94317825885087, 50.99546538782749;
  13.00615463067177, -9.195370340816606, 55.45343392126421;
  12.71805144760166, -8.56371343480577, 53.94980927283547;
  11.88219175512138, -6.370704366894699, 50.40548304449484;
  11.35169557276374, -2.572459593169373, 48.06149874400416;
  7.867686035509657, 1.498531727633861, 33.46896073734565;
  10.77341861603316, -8.057714679657503, 45.32337007829833;
  11.77425533594278, -8.087270123673985, 49.42052169513094;
  3.433328906865789, 2.266138573792872, 15.10600050863928;
  12.57133095053969, -11.49449258600158, 52.61100271843249;
  3.500222689584494, 2.076780897435277, 15.2977118685715;
  8.775811348618397, 1.372942088439853, 36.63880263125176;
  12.27321358346481, 0.8408716775687124, 50.67252756771475;
  13.73754838918285, -2.762136057295298, 56.32633626860856;
  12.40187727587416, -11.03574210966748, 50.906811514069;
  12.18188827901939, -3.144719077328382, 49.92227693258802;
  11.61432017012638, 1.063054278226334, 47.61965395265404;
  13.13105736443801, -1.483139150234873, 53.5395349958004;
  7.749610079746192, 1.542272363527801, 31.85785059001652;
  12.15222058197176, -9.11329829137757, 49.2489786300676;
  3.975310236230454, 2.202563461886546, 16.67523520682641;
  12.30050750153009, 0.9490005040250586, 49.43378806589321;
  12.40408966943409, -0.1122678387392676, 49.77080883161457;
  12.70878627531536, -11.4120557693989, 50.86717857793973;
  11.12097939198908, 0.5235259234549986, 44.66874440873831;
  8.54399698557337, 1.102113681543617, 34.53553440028965;
  14.34396885696577, -0.8642754733621832, 56.86327855568509;
  12.63022890790264, -1.201904775027672, 50.29348816518052;
  12.19331862086425, -6.709844439876656, 48.40664901777274;
  12.48668250632494, -5.177015670194208, 49.50272130142008;
  3.361379267204812, 2.237945607247799, 14.02811366029127;
  12.55639717186925, -11.53616544877351, 49.6016543364552;
  12.6422707122806, -3.013106636729375, 50.00201137676688;
  8.862420271813949, 1.380424539450734, 35.0900403632115;
  12.68605959625121, -7.408447642175713, 49.42685201028711;
  8.960339772490173, 1.231018089306786, 35.11700182952409;
  9.626595292720623, -1.457670320777036, 37.56680414817167;
  12.53139499112102, -0.801000879338258, 48.58567503870147;
  12.29269152284881, -8.767219974410331, 47.59618934127507;
  12.25210284394007, -2.923480134271388, 47.4439935351088;
  8.385768764378998, 1.457720202431861, 32.70419023612252;
  12.20468795673298, -6.067033429410148, 47.0776820968689;
  13.71405960429644, -12.89173116525565, 52.63339960985456;
  9.410103818303734, 0.7925106367895384, 36.36643461873793;
  8.587171801046956, 1.02888995266111, 33.18657601211842;
  13.38371015136112, -7.201910473118523, 50.83752139366553;
  8.272652675296776, -2.31470432330445, 31.62241763748943;
  7.473009085359875, 1.508295323718403, 28.46476639004939;
  7.584215478245269, 1.7519911812726, 28.86618073856857;
  12.15633987655502, -8.877585261249609, 45.08765302844896;
  3.840329906970792, 2.245332958730521, 14.89265582083942;
  7.58583512495015, 0.247568612519944, 28.45992916456429;
  7.354375579242214, -2.165414848353897, 27.39174476281864;
  7.175586208312531, -2.370812208703408, 26.73421293070516;
  7.577795131652537, -2.857758169311671, 28.16133787804228;
  7.753172477361401, 0.5475044297799764, 28.68750566792584;
  3.435526170294528, 2.244607529300827, 13.2748756557748;
  7.41565863192069, -2.336225223273877, 27.45099474819159;
  8.555170373581886, -0.2013576604648452, 31.46777729274251;
  9.175632292229047, 0.8649665495026258, 33.60674993184338;
  8.075699035974663, -2.808519357950437, 29.64366849319684;
  18.59964030008515, -14.73304118238207, 66.80459051593208;
  8.292564497540363, 1.770153575288622, 30.31847857836759;
  8.898638578942382, 0.07817014041549419, 32.3404297831513;
  7.581635644452865, -2.193460938593977, 27.63604179587483;
  7.826851125054076, -2.56264662570754, 28.48604077704354;
  9.309993762469892, -0.1704211198063598, 33.36505748736332;
  4.222825587396081, 2.220066015403741, 15.64249521079615;
