m=[-12.73555815913807, -0.3135692857512602, 19.53280908671069;
  -12.843436519108, -0.5360379662296152, 19.79982935380842;
  -12.5943598255098, -3.72351766225533, 19.53772978620408;
  -12.38824479893549, -1.289365727630057, 19.28031869782008;
  -9.568570486467563, 0.969407275883038, 15.11912665521026;
  -10.36436317698893, -0.3177621066867641, 17.03721661341255;
  -9.75657422776395, 1.023758890709987, 16.0986286579381;
  -10.3188801466908, -0.4159949358520765, 17.05471647103045;
  -10.14432786454832, -0.2810741527497523, 16.87193698837924;
  -9.411675513601127, 1.132037629386951, 15.82663200865232;
  -9.873710680975613, -0.2211812954802281, 17.17976576620431;
  -11.75705894895245, -2.928823214715225, 20.43155111383072;
  -9.187585836230307, -0.1468992790795269, 16.29763914965541;
  -9.31780545708045, -0.231073612398338, 16.58626569765037;
  -7.935913323683622, 1.206316698878411, 14.56579546541071;
  -8.497777860223341, -0.1321487703587617, 15.59641920935226;
  -10.98796253949946, -3.121379867339333, 19.90963556021896;
  -11.065532514357, -0.6035531514563144, 20.10842833365479;
  -10.69133653379292, -1.267903822904247, 19.51691129285102;
  -11.21776613901131, -2.378739232205666, 20.46644052866111;
  -8.43559465105294, -0.1551885622580208, 15.8051781586389;
  -8.531956475638802, 1.062977967490321, 15.97666051190059;
  -10.84548602040283, -0.7084519020714808, 20.15491916736804;
  -10.5848490296831, -0.7781247600055891, 20.13203171974557;
  -10.34733907496391, -0.6858130992514165, 19.75591972268497;
  -10.3669689167894, -0.5937122666536288, 19.80207216252735;
  -10.3063520122866, -3.832109184783564, 19.71626601119834;
  -10.41235010178847, -4.06712275919869, 19.95928618916451;
  -10.2271558837855, -2.92280936401434, 19.65338186178346;
  -8.258957928233745, 0.9438977468597766, 16.05113997293815;
  -10.09269652240193, -3.6185726642595, 19.4922699817595;
  -10.33508142028949, -0.7406049498522702, 19.98747798409675;
  -10.16399468469194, -0.4343174221001947, 19.67209702074815;
  -10.0821217704458, -1.727352442628001, 19.54301708903551;
  -9.997474065895348, -2.99905083730751, 19.57492221615475;
  -9.965109584833495, -3.262444212072149, 19.51615444209024;
  -8.047308663100113, 0.9497769270858534, 16.03299821683439;
  -8.141047733450145, 1.01912291481524, 16.39110122915531;
  -7.854551021451294, 0.9269751450496699, 15.91230254976479;
  -6.881234169918907, 0.02684779067187306, 14.32644893026628;
  -6.782100134326108, -1.428390418978283, 14.18474933733699;
  -6.814379452232765, 0.2527191648261222, 14.28581302530333;
  -6.847753520175463, 0.1004692716265286, 14.36066272605859;
  -6.711822270859749, 0.1636107454762293, 14.18695417015801;
  -6.791285946425275, -0.9704593999062104, 14.46114211498966;
  -6.708364116083174, -1.494716021104885, 14.30428147268239;
  -7.406387040645392, 0.9506361337335472, 16.00363968156725;
  -7.250412686169414, -0.03110152077258232, 15.78630977243175;
  -7.385433687018267, 0.8361111286866072, 16.20750380326168;
  -6.261309683778452, 1.170076712837621, 13.91750130077233;
  -7.083164380549168, 0.7348016479497597, 15.93611148025638;
  -7.121423259043008, 0.812666066191756, 16.02944709058709;
  -8.722524047708848, -3.732451111660426, 19.43608496577743;
  -6.853076334299876, 0.8283468512367861, 15.60468867345649;
  -7.079291396430849, -0.2349991003915478, 16.15722921076725;
  -6.673071945455158, 1.039862387241863, 15.98187403251295;
  -6.699978598074311, 1.071503584403893, 16.41177459314511;
  -6.409107410222041, 0.9124604109032795, 16.08024734113215;
  -5.602320431645562, 1.171177015783052, 14.50298167003922;
  -12.53232467945867, -7.878260028814644, 67.29496644346632;
  -12.79718941520494, -9.664553542507532, 69.17826221744315;
  -13.48790765826493, -9.11163042640087, 74.39692060456713;
  -12.549681410092, -9.497621415923227, 70.4286835791803;
  -12.43033276440318, -8.971838557873529, 70.99773072031972;
  -12.90942589771777, -9.772757506511578, 75.07756711360761;
  -12.42226876138522, -8.693285357660763, 73.04957769346933;
  -12.0149996139619, -8.087859648790268, 73.03073742844551;
  -11.59673939871214, -7.387020100452018, 72.80575773759155;
  -9.753188747065266, -4.073674145841056, 65.26395054249704;
  -13.63437070299363, -6.462491586469625, 91.83869941642958;
  -12.23645737687635, -5.229558304685539, 89.14946485776785;
  -18.19458705628258, -11.65706740414191, 133.8383518599656;
  -14.13338336397866, -9.700062155082582, 104.5270811354455;
  -15.0048043184547, -11.34465142620459, 123.7465970538664;
  -13.5653688507466, -11.55191484827202, 113.0381372665739;
  -9.183488923080809, -2.589762003554786, 76.96392786562353;
  -13.94151791528868, -7.273623257909042, 127.7953613630856;
  -24.80109046883879, -22.19970601724805, 232.9309118374942;
  -3.610500128936474, 0.7092548635680857, 35.98172036012576;
  -31.23127124007021, -28.90167158951176, 331.2891884619705;
  -14.26133747896837, -12.05395989468314, 157.5764770793083;
  -22.1086123852461, -18.09436912246098, 251.7221258704012;
  6.318437440361022, 6.467915304249876, -77.25605442359222;
  -38.27312967268685, -33.77238037950909, 472.5383337982163;
  -1.28177205700931, 1.034426256143776, 16.68465304319893;
  53.76311321994492, 47.82665847883541, -700.2899861599701;
  3.090000921101881, 3.072488335260073, -43.13229406831776;
  -1.179582543332391, 1.02064459684609, 18.09073088573244;
  -1.028621200403446, 1.013875063525094, 16.75480519202406;
  0.3510331337074741, 0.364267106395113, -5.524478305088715;
  5.949897379436208, 2.374609500639027, -96.9895759971278;
  22.10530197604685, 28.39586744423053, -373.0141282064113;
  -1.058064604157021, 1.058229751084315, 18.70247188502987;
  -2.723000718184667, -3.353184695879808, 47.324520361573;
  -1.257439799460868, 0.9968401411116334, 22.84735909785291;
  -1.88774821235976, 0.7253613065129742, 34.44422371747565;
  0.8863291786971628, 0.1045533777147334, -16.06007434241112;
  2.021750631766742, 1.108065123495522, -41.14764297952006;
  -0.989352836018034, 1.028289520257312, 20.86568507699866;
  -0.0854310223112548, -0.01573991434886744, 1.932345915781821;
  1.300760185235734, 0.4914908103837012, -29.94014196498204;
  -1.124025853252973, 0.09465727702987463, 26.42854466779676;
  -0.460994040792922, -0.04522206246114341, 12.95605145471929;
  0.2348161218503044, 0.3131022055226683, -7.546558881750398;
  1.373319176646743, 0.2423150472924874, -44.29356372848078;
  0.4593670982946555, 0.1436462377294661, -17.47277459184343;
  -2.520392148867201, 0.3088210029758136, 101.2798483292823;
  -0.1057359402030408, -0.09376307656745289, 4.407421245427008;
  -0.1276723806389682, -0.02081451814025462, 5.338790577551371;
  -0.3737438797651064, -0.7818308421346039, 16.45363386386266;
  -0.4003386829629276, -0.06852731683473558, 26.31508175592821;
  -0.6169266463387116, -2.549269024819036, 44.03235941501861;
  -0.2489602521277718, -0.5079384327094328, 23.48380885002859;
  -0.1908227409834716, -0.0598765337543216, 20.42607000811082;
  -0.1931860591255976, 0.1219647140974676, 29.87911485814474;
  -0.05262875264837485, -0.2712095359687212, 31.23602133292564;
  -0.04871012060652621, -2.858631241690195, 41.62941656932904;
  -0.0003599104520365715, 1.141882681942348, 22.3101613032818;
  0.1343790855963751, -5.027405964702322, 48.06637496445561;
  0.05611507470818988, -0.1064133988864747, 18.02609076064848;
  0.189247365022801, -5.460952957745426, 50.0855173516149;
  0.1643429762287058, -3.735153810013718, 45.05979029283359;
  0.2310685217958558, -5.643675080496227, 55.06250437411049;
  0.1655283757006494, -0.9835115852227587, 33.53198615478978;
  0.236810857802071, -1.737203880050625, 41.50934637958692;
  0.2946976482573607, -3.40614830248097, 43.56560054843425;
  0.09942059653706339, 0.6188736294918309, 16.86688328647067;
  0.4390548005627286, -6.26690727703248, 50.10922874544855;
  0.1893680253313113, -1.052021710197274, 24.06688965989224;
  0.1957118383386646, 0.1565742168851505, 19.96416528585317;
  0.4411697076474063, -3.116052150914037, 39.92301797186391;
