m=[-23.60907001248395, -0.06652205795163679, 33.54078955662223;
  -18.82864482573334, 2.269399130642151, 28.50292856080247;
  -19.67887811621792, 2.176662051500942, 29.86979311185732;
  -19.42178536675419, 2.194192693826721, 30.04935369661683;
  -18.34752114872409, 2.115000371074367, 29.22471323718004;
  -19.90828333041586, -0.4633833669182221, 31.69866920911604;
  -19.35473413449677, -0.6359987757165352, 30.98949718764386;
  -19.42681354699622, -0.3867610264600233, 31.28378695879481;
  -18.13028432466554, 2.395601463751906, 29.41409427693264;
  -15.01714824993296, 2.493208778264553, 26.48253449353805;
  -16.15793710936897, 2.210903857586935, 29.25482764611505;
  -15.73778363259671, 1.990883836487595, 29.60104631259133;
  -12.43692373201096, 0.3227777212020477, 24.88286131174041;
  -13.11470759983599, 0.1776738042053295, 26.25194873695136;
  -13.20712868885479, 0.6399558829588421, 26.6223460148226;
  -13.08431788213057, 0.3242529997349479, 26.39116522153874;
  -13.64616269172144, 1.840296563936841, 27.67379191161022;
  -13.21540873022216, 0.4638492238995946, 26.84824426293202;
  -12.97625992378084, 0.6185406527772805, 26.40218296026314;
  -11.64674640949038, 2.364749233474008, 24.87976199059258;
  -7.218363675783434, 2.259196271373135, 21.63166996985381;
  0.6905671166684344, 2.400178525305615, 21.22124463089092;
  1.646758348714144, 1.253785162683098, 37.70890823275307;
  1.699073280081901, 0.612543842030005, 37.39915046298815;
  1.766484846526097, 0.8323135027713395, 37.88583175400341;
  1.563204730761931, 2.118653978863171, 29.39657191316254;
  2.579482253728369, 2.418245695899553, 36.75036813990089;
  3.102321194597242, 1.574627589213792, 41.45924532483253;
  2.786322697259041, 2.322898880833634, 37.34116789854665;
  3.014615937874784, 2.282903414914659, 36.74794881347644;
  3.115046480969348, 2.026696898063458, 36.07545656586137;
  5.343007652821253, -0.3401593413040964, 58.30112067483385;
  3.549184942012145, 2.408133479788086, 37.17345725092536;
  3.497711433842764, 2.344388060041677, 35.01435619907592;
  2.183708120577065, 2.298511975072835, 22.00033525878715;
  3.588282449248094, 1.60727634302508, 34.36176739007513;
  4.627677012957794, 0.1972008538971648, 43.53191062210023;
  5.550309566622837, -0.01099184194330514, 50.53045415839332;
  1.862351148471682, 2.141959187399228, 17.73896385884016;
  1.811045466606524, 2.344527285284931, 16.83310397351999;
  5.617147109603081, -5.979943976506938, 48.00521384982322;
  4.714813057322028, 1.610245129054752, 39.63718139959354;
  6.204383385469804, 1.786838370099295, 51.73450803040697;
  7.790277090923685, -5.925849798196843, 63.80818754574228;
  6.143021894068318, 0.7818889262095177, 50.51893598982971;
  6.340924327982245, 0.05967847923259525, 51.88819082839685;
  2.471976436855953, 2.277890112437615, 20.84798063126675;
  7.864806661867569, -9.317247923856135, 62.87967716203594;
  6.868733944214569, 1.607291404437168, 50.86529060085418;
  4.264055522087323, 1.954900407378956, 31.77650587148544;
  7.019787184629275, 1.623253559291046, 48.38520751771293;
  6.386798499592755, 0.9087159363242746, 44.07529805111712;
  12.35406676736595, 0.08994051533363433, 84.04774350331418;
  4.670286767405308, 2.221526237821415, 32.2757564611646;
  5.957965629130837, 1.375601560830286, 39.97242498974224;
  10.46566017788298, 0.7558693416999839, 69.12133354482477;
  5.585211535583881, 1.881464262425465, 37.28432943821875;
  6.47965024464586, 1.659164460663936, 42.06633900594079;
  12.53085250802461, 1.091353496375686, 79.99000849047732;
  4.896679126743197, 2.312261814916036, 31.72383081674136;
  13.99632800537817, -12.32619585895998, 86.82897536273508;
  5.609824220257757, 2.21423840285355, 34.89041364714286;
  6.418882501878309, 1.92010869393227, 39.49052458263257;
  7.944230476931822, 1.181296643495447, 47.90297929812699;
  6.53769935839369, 1.920844055231635, 39.00537601686146;
  11.13162887837269, 0.7591772977100809, 64.53117023078596;
  11.83524898280581, 1.189870103673576, 67.21122432744367;
  7.39481460634267, 1.875307253275839, 41.72590124973475;
  6.730171860941725, 1.880835255622711, 37.88844771935307;
  10.76504369316072, 1.45369731967419, 59.10814302536608;
  8.08256701645405, 1.586698890785034, 43.96102596194488;
  6.705918606191688, 1.904423431687293, 36.01554690180078;
  16.88993301051659, -9.079122509229656, 87.46963308100474;
  6.067977081398403, 2.300861027082481, 31.24467477948706;
  16.71603864456349, -7.99479136077736, 83.44311617552361;
  15.82682490792712, -12.772612842942, 77.6300466980129;
  3.027790485043967, 2.454434398806872, 15.66467369939214;
  18.89692385754811, -4.483504048773215, 91.59826835808416;
  13.2638866064292, 0.680286621591264, 64.29424994910808;
  13.19180015364462, 2.278836691641696, 63.93829805455573;
  10.58481171291328, 1.521052220832953, 51.05985116383583;
  7.07329865135415, 1.839398881574248, 34.41465463794267;
  15.32500332644711, -2.385188822546111, 72.84622454150487;
  18.39441325848294, -8.439626544757585, 87.10074938184664;
  14.34519471099491, 1.132508768669709, 67.93819337260716;
  18.67313104593932, -18.70121850309117, 87.47522097809302;
  3.17029873451498, 2.433319388706053, 15.7168433030003;
  13.95361847764959, -1.462248579316725, 64.41590686506389;
  18.7546910885725, -4.234059210616999, 86.19107658842866;
  19.11127379395647, -9.997288122589119, 87.62890803525269;
  13.99360801180944, 0.7205147940418937, 64.44362912660159;
  18.96393463362987, -13.54622393315978, 85.35342100047045;
  19.30296234612692, -9.552355489516668, 86.54703515767463;
  16.99490208987267, -7.722687474229561, 76.01933250967163;
  16.62569689339538, -2.983902776416987, 74.09057268114574;
  16.23832118492823, 0.9096970135334748, 71.88596773491524;
  3.889242162036981, 2.306600404806294, 17.86467405428415;
  16.08845031628017, -15.41991745945947, 70.39515932725873;
  12.08245979997258, -1.972908399183481, 53.1174084803849;
  13.12618396767963, 0.9582727661764355, 57.26106431706676;
  3.295725629929014, 2.48665395995326, 15.17506982056447;
  18.89313554259942, -17.47489122345775, 81.772633355954;
  4.15467742253698, 2.39392925372808, 18.71213391936155;
  19.73333195774085, -8.9408340799933, 84.266772367952;
  7.905677085195958, 1.839656376510876, 34.03230293888345;
  16.29515586186099, -7.695986936265663, 68.83303443587639;
  15.21001286663458, -9.713698438189057, 64.01704289726237;
  17.97659670214429, -12.76731067113581, 75.18584068521308;
  6.911329960563813, 2.138538574040924, 29.44370330079122;
  13.34346676050796, -3.118151026280798, 55.17103162430777;
  13.5501953709747, 0.001366693886232246, 56.0367664109251;
  15.95561543115676, -14.00251931717551, 65.58177757365027;
  13.10667652118831, -11.51045598617349, 53.8528132811264;
  3.391758704237861, 2.634549472312847, 14.67191120657873;
  14.72857418310569, -9.733289642342607, 59.87101916232986;
  7.436767571874605, 2.212648964645584, 30.41639308221675;
  14.55380974821764, 0.5603111199174257, 58.09280141343696;
  14.01935628456057, 0.9129007671548236, 55.87676623171632;
  15.13686058258175, -9.840263806631164, 59.66294899486282;
  3.715908809380464, 2.500141236534494, 15.36811013240708;
  4.336799297206357, 2.368333465608843, 17.74511519710942;
  15.09134023595571, -13.01449014947603, 58.88121424987664;
  3.696214468930966, 2.542057586706868, 15.23180320704974;
  14.57093225498479, 0.3853647050133168, 56.85130763110715;
  14.69230171787118, -4.078869571772743, 57.25247815099434;
  14.47872834108454, -9.129076633023145, 56.12586504110539;
  15.15518092254676, -7.622730335795444, 58.72427805858064;
  14.83559620684968, -9.52526270441086, 56.81645633063081;
  13.43535018977259, -2.752300005430627, 51.61971642011019;
  14.52454855922908, -12.50079214289385, 55.56902976543989;
  3.940308388001835, 2.49079679693899, 15.86979002883076;
  9.147337642631316, 1.917640751255475, 34.83356990227508;
  14.34065331058334, -12.03214642321343, 53.80067589915375;
  8.95391303999579, 1.72405237205628, 34.03279164275303;
