m=[-21.54020014112748, 0.7614132311947841, 27.77197906301492;
  -25.38889286899083, 0.1283472281622592, 32.99731282823062;
  -25.9511167738209, -0.01517580317561018, 34.48350331666552;
  -17.63986392907086, 1.981281944638224, 25.79819729696519;
  -18.88926705936958, 2.393582238953853, 28.06117112066544;
  -20.48150773274354, 2.393553652793964, 30.559727145497;
  -20.20365175205548, 2.411198019955438, 30.73813541854131;
  -18.96844103890657, 2.318383313307866, 29.69034955419164;
  -17.86344587789422, 2.492245494696704, 28.49013828040851;
  -13.25693390475008, -2.839633423846835, 26.43432403458416;
  -11.93546620416855, 2.546035487822281, 24.97788370509826;
  1.498961229783304, 1.054440859821615, 32.51025916614677;
  1.48819623908649, 2.083408457662236, 32.05723894503764;
  1.674316440418954, 0.4866268013705555, 32.16018182564482;
  1.736931615384526, 1.225715330827356, 33.009256724176;
  2.005585707356184, 0.1186593039756012, 36.56394787856858;
  1.803222478901584, 0.6471433442453864, 32.99677629244984;
  1.968115469884922, 0.8832413872947513, 35.17015595972574;
  2.052827835842783, 0.334345966556106, 34.90543202432858;
  1.490978679876828, 2.429405571195362, 25.25154657449632;
  1.903302022116455, 2.34286479537221, 30.18431206876904;
  2.697656061936828, 2.382933817418655, 33.73176164808495;
  2.775251109312113, 2.200264287077073, 32.86119640649733;
  6.04977759600241, -15.0663549483169, 69.42148938715431;
  3.099792972609224, 0.362065460619058, 34.87533447249282;
  3.114509811589576, 2.257424339490218, 33.77157794392586;
  3.107103258963592, 1.940548897271589, 32.05987226381612;
  3.09969603976137, 1.302990399994854, 31.94085293323877;
  4.638673462236937, -5.529752856197828, 44.01800266937769;
  4.112804589462049, 2.700766059616999, 38.80160109186795;
  4.226142658634719, -4.911862967728291, 38.19234038276481;
  3.277779774454452, 2.129546984237027, 29.59067881989645;
  6.762709133384481, -6.827284078135993, 58.44009613191958;
  3.551767132106085, 1.57051420935997, 30.72332932362325;
  3.710412765823042, 0.3430606011739995, 31.97301239353226;
  6.943362051298172, -1.587397501667845, 58.414211441514;
  3.74111425650649, 0.8020407744075047, 31.69876922463162;
  4.607013638136705, 0.08495496172543778, 38.39181943413473;
  6.862362926512004, -5.633886243295899, 56.38684953690102;
  4.414445352725306, 0.6238579960751304, 36.18415241198164;
  5.787203062594129, 0.3763296012283532, 46.398637748928;
  5.758051913602869, -3.478152836630259, 46.26718544293347;
  2.089556055628746, 2.277577978210904, 17.38272894860085;
  3.84237251746313, 1.505299192556231, 30.7914795035396;
  5.286224300076341, -5.180171724731248, 41.52544195440338;
  4.458403683696245, -0.9329556198568801, 35.06431988813962;
  2.117281532597913, 2.618898263157058, 17.25287299853682;
  5.377806475286073, 1.546808434174001, 41.2593544660878;
  4.60366576994508, 1.568745443689459, 35.37660327696494;
  6.04876615180315, -4.191604451008927, 45.82729583335077;
  5.250224149691823, 0.7354279686091985, 39.772693007025;
  8.272075874721061, -8.351122990304726, 61.32842383010807;
  8.692349135262077, -5.029641627645346, 63.94356295114064;
  7.69712700698949, 0.139666739740402, 55.87920708307873;
  2.752997976184583, 2.442195490575863, 20.69463566204871;
  8.306324570025478, -0.9134133986727158, 59.39447339073351;
  9.571674376568396, -5.75129688295816, 66.88285865811555;
  8.143137849589184, -1.148724475670932, 56.39418883720741;
  4.865423746722857, 2.207441686855541, 33.16766845254489;
  9.065458991287118, -0.8272349924461315, 60.23847680132755;
  9.048913062865006, -0.4004184404865197, 59.23647474360969;
  6.576051488276987, -6.978224948543686, 42.70604776364645;
  10.18956302846995, -13.28946004628038, 64.98703264364873;
  8.565544767327543, 0.2052445976083474, 54.69692421163039;
  10.04435368404086, -9.742104434630269, 63.5655204568637;
  5.881831511540677, 0.8976305219530464, 37.62592164061143;
  5.741225677796408, 1.348048872985318, 36.74511038465916;
  9.605076975960843, -8.431588152066651, 60.58240520857672;
  10.03048872577015, -8.960991240877958, 62.55809498354504;
  4.477482724830168, 2.101639851666681, 28.41823692748466;
  8.166005848199019, 0.6841156287569022, 50.537904699438;
  5.844800960247743, 1.405407405843274, 36.36739275888041;
  5.525350100868151, 1.865798473023891, 34.09191867584111;
  6.660624054587817, 0.8351318572971446, 40.44858526297151;
  10.2195963217642, -9.830018057773257, 61.31698963252516;
  10.10289060717419, -8.692810466562117, 59.51200151597742;
  10.61990669093719, -7.665990275778123, 62.09186211863455;
  4.853874248724111, 2.269731954784427, 28.96826501123671;
  5.791237940860427, 1.965874256444256, 33.80770013659139;
  6.039293355888574, 0.8859431612568163, 35.02709610251045;
  5.457602831069208, 2.151823327611082, 31.43207236169042;
  7.137474512973949, 1.11185964545156, 40.20993760577551;
  6.328871420112141, 1.875104032755618, 35.12193911593543;
  9.451526175574898, 0.7448020169720571, 51.58174764734825;
  11.99453289689565, -7.176214538705356, 64.43952639713329;
  9.531647121400981, 1.04997314051621, 51.03801757381035;
  7.635317063891622, 1.620572106441289, 40.62580190180957;
  6.473310069135242, 1.670572143803291, 34.12160707635364;
  9.166229401595761, 1.304214096053749, 47.40745388517263;
  12.1494435933097, -6.970277805682013, 62.40735533224792;
  8.599633773605211, 1.733834829977018, 43.79947392740081;
  5.460919942771088, 2.037190237088384, 27.89956203990039;
  11.55846651925727, -5.852964929253601, 56.90457150248866;
  6.369645377932825, 1.826723424176256, 31.88328900381878;
  3.06001077719627, 2.561940053425653, 15.8903522336143;
  6.97632155378086, 1.585248950031813, 34.67359101712187;
  11.03665927654843, -4.967868392170856, 52.40262923200936;
  12.16014797711851, -1.661641739866623, 57.18967829711755;
  11.44400283535404, 0.4180437641631916, 53.63686583787393;
  9.579464002817664, -7.2801075971174, 44.6226533685203;
  13.39053081030941, -2.931480976526566, 61.85711188404607;
  8.529850248017667, 1.525631308393235, 39.18204519229096;
  9.26690254037128, 1.396201945544548, 42.19256673150575;
  13.36675344829679, -5.78340681631273, 60.33878565080902;
  11.69295099509673, -1.628256016080186, 52.82574333606096;
  11.96477493311301, 1.045488606991877, 53.79160394059998;
  15.04105634224107, -14.43451642945989, 67.3307418830823;
  6.583178972242911, 1.740646463365399, 29.92763115478901;
  14.42724561170226, -7.150496151371999, 63.13864669399004;
  12.1941770301242, -1.074538393912216, 53.46035861601587;
  12.39208996322691, 0.7643442723600277, 54.18959107487007;
  12.75183282457673, -1.944567246885613, 54.9578573012946;
  14.69852299609803, -10.02745647703296, 63.21208647366401;
  16.48218188334237, -7.737693454239171, 70.58898090654954;
  13.54564768019452, -5.81450789959244, 57.75492906917114;
  11.26203205160466, -1.838222453322729, 47.81145062961729;
  15.88110634203513, -14.37187317742355, 67.01824327107765;
  12.34935974497235, 0.7942340155129843, 52.05468723694271;
  3.421018454111433, 2.56624969517229, 15.21879671837233;
  14.36453655687725, -2.102113483100647, 59.84296024498145;
  12.65454365591555, -11.66917849292067, 52.98244180213096;
  16.41799346199474, -14.50580713857753, 68.20448528981429;
  13.37607329165964, -12.23922177770285, 55.72953548255455;
  16.34616691632241, -14.45374294493744, 67.5566765078934;
  12.27225611472191, 0.2274400452514529, 50.58190246542698;
  18.49638663890167, -7.936727362159261, 75.49533963483492;
  13.95302405067339, -6.268820212338352, 56.23256071633353;
  14.64270793622466, -2.582809464801095, 58.5269877014725;
  13.5747421788145, -9.20747827950421, 54.22163049903249;
  7.654003703405325, 1.809896139714949, 30.88681414591418;
  12.88677714314873, 0.1260889789133623, 50.64041507711389;
  4.270608555869236, 2.437488161605533, 17.5505135030567;
  10.87841585646195, -9.160527167746038, 42.66310980722771;
  3.507833646840902, 2.605487029143909, 14.52395783968482;
