m=[-12.11515592995289, 0.06124515513089476, 15.74576694802285;
  -14.00906696761918, -0.8434132521462856, 18.61844594698262;
  -13.78947773469503, -0.9108498901899949, 18.49313227928527;
  -13.85887244874939, -0.04813730348672225, 18.70484408263854;
  -13.2224589869522, 0.02951003225921171, 17.9920485989655;
  -13.42065972114552, -3.149545076774892, 18.2976217663902;
  -13.20903133454489, -2.345156433634291, 18.40764119401505;
  -13.28134575992138, -0.5309230650247484, 18.51377037059795;
  -13.19129505338672, -1.184005641483012, 18.40843170126421;
  -12.97381288914441, -0.1375020464478842, 18.20020049364702;
  -13.28546438619551, -1.791284555638495, 18.65564402249627;
  -13.49471259972612, -0.3058847554539195, 19.06859790422686;
  -8.849877388153599, 0.9940043954939047, 12.94289365448429;
  -13.02205654340823, -1.795662883504107, 18.68101946306186;
  -13.07144040747843, -0.3123096302393643, 18.76976104713478;
  -12.80743098308279, -1.613914840124563, 18.59810653537953;
  -12.76843368961257, -3.09866028329286, 18.5461931670629;
  -12.77887828713391, -0.6696091431480687, 18.5851220403112;
  -12.17700380974391, -3.421262877966777, 17.79037195877869;
  -12.6615580435694, -0.9009857176175432, 18.56779336786331;
  -12.49679653999249, -1.632458124782471, 18.4810757960905;
  -12.42406421625011, -0.1639217242636481, 18.38692339965492;
  -12.49234723649713, -0.3928943521543081, 18.59705012647988;
  -12.25214385481301, -3.578553816986351, 18.33496242907743;
  -12.31955670619796, -1.690112402500015, 18.45945207082721;
  -9.687356679010097, 1.15613432312576, 14.73848812588191;
  -10.49838954234556, 0.08120422265981091, 16.05630738895324;
  -10.29133623650614, -0.2370670115186073, 15.9846852815577;
  -9.472674375048989, 1.157780450089036, 14.82710217626038;
  -10.0808660653016, -0.1850907462241446, 15.81688367730438;
  -12.10408083101921, -0.9271252121677873, 18.81142838558595;
  -9.987928893644346, -0.2722008734705811, 15.74861587312718;
  -10.01730947064823, -0.08032925471857032, 15.84274147629412;
  -9.042850062237744, 1.261626814942747, 14.4223040998473;
  -9.973670002636293, -0.1470089959991383, 15.82138725981477;
  -9.82552226811144, -0.6285250620779734, 15.71372626987123;
  -9.839737400914279, -0.1601186686732397, 15.76423120456046;
  -9.68255104974217, -0.4103532920926807, 15.588279846414;
  -9.831922990575981, -0.1742969026199708, 15.95392221285614;
  -9.638992925166848, -0.2332371020484212, 15.92773822530119;
  -11.40108841407299, -3.09977163878409, 18.76102110336143;
  -9.650292889037132, -0.08220750593093025, 16.06581489951492;
  -11.03402018739192, -1.59858897794297, 18.48397252728303;
  -11.05029456954234, -3.857591481822259, 18.5267868484151;
  -9.406826989546989, -0.1064296917627438, 15.96633403269256;
  -11.02293623915731, -2.674844516360393, 18.54600971262865;
  -7.525782013292567, 1.314768812930616, 13.00706992737881;
  -8.643262250656392, -0.01283720429585463, 15.08086539442919;
  -10.83325032900861, -3.376168699942061, 18.98571731565896;
  -8.140502884287198, -0.03205174191547423, 14.51367224492075;
  -10.8064300452334, -3.031084404211968, 18.97896899164265;
  -10.56349501682382, -0.4450286255471349, 18.61676831170186;
  -10.23904322489602, -1.110770022252024, 18.0849725675218;
  -10.45821398887282, -0.5484723715794748, 18.87566832607985;
  -10.158989386102, -2.65285957793468, 18.49607115471277;
  -8.045691609350238, 1.081696581204119, 14.89998058223801;
  -9.828230581463217, -0.4400179435983397, 18.21952241743365;
  -10.03159981897992, -0.5408422150408899, 18.58878327522143;
  -10.06559420331, -3.935058586836605, 18.72937960295895;
  -7.753289457422707, 1.071678380304635, 14.74451056013665;
  -9.894103086438777, -3.2079903988252, 18.56521835460466;
  -7.878460484563661, 1.056895919963765, 15.01810439477107;
  -7.593724264829077, 1.111397704549427, 14.60253202769275;
  -9.754544099488019, -2.880411175785111, 18.53334511369333;
  -9.758367496687129, -3.180182206558784, 18.54314388305875;
  -7.021438949886152, 0.2955834261527137, 13.70721585813458;
  -6.943152355786686, 0.2441644513948343, 13.60370731180993;
  -6.871745599953705, 0.1424050449506919, 13.49532543778845;
  -6.697862675122689, 0.3754697592095173, 13.2540602744604;
  -6.720392899114851, 0.2178864128806471, 13.30322570113814;
  -6.627103083227035, -1.419524571339007, 13.21444246243437;
  -7.003212782788333, 1.001372211151327, 13.96096488456719;
  -6.590854480304303, -0.869478022887629, 13.25383583472635;
  -6.686761046757081, -1.439930615229236, 13.46425062537322;
  -6.306350310397899, -0.03930335092805409, 12.75482621614183;
  -7.266606996155801, 1.098986395756662, 15.01028220389607;
  -7.309305711626346, -0.04452405250123155, 15.10271171624973;
  -6.091460304917109, 1.299410835210026, 12.74787130118988;
  -7.253319060106093, 0.07737283188515895, 15.11997087906647;
  -6.883654418009874, 0.8701335185928533, 14.82763289876593;
  -6.893672239441626, 0.9440041672896017, 14.87430294451777;
  -6.912216820397601, 1.12046594445901, 14.92196089741139;
  -8.571883756592305, -3.680732784649139, 18.59844196807698;
  -6.656635511265891, 1.085267054440129, 14.94775962290325;
  -6.593815161946544, -0.03985498639372976, 14.89100001217944;
  -8.527528366841825, -3.5575241113842, 19.2358751974299;
  -6.494520228341743, 1.184391675696686, 14.93052342508368;
  -6.191772483512929, 1.15640987028642, 14.60378089375699;
  -7.726880452621601, -3.034339512549025, 18.28677987109922;
  -7.800217788689611, -3.740235762553603, 18.53958221533329;
  -6.187681674143346, 1.041294242897912, 14.94684698358495;
  -7.648619973589359, -3.055760640710719, 18.60256730873827;
  -7.478840560781774, -3.221976131472593, 18.80781536552429;
  -6.533227127841763, -3.429865321317939, 17.654480803149;
  -6.799229761480405, -3.788597774989814, 18.3569222208723;
  -4.818773788323281, 1.26421620731421, 13.29219043140883;
  -6.716368110826895, -3.729971041522736, 18.5716336795394;
  -3.70527307892757, 1.224210932586266, 10.87615705346775;
  -6.481563237078413, -3.255710999638596, 18.45097415729661;
  -6.423370496133398, -3.616615725677765, 18.81629756494399;
  -6.214925452113594, -4.405159532089607, 18.51403554844199;
  -6.379857844283506, -3.903259076989214, 19.00453633240615;
  -6.132181348666075, -3.863550191792435, 18.57287120290351;
  -5.88070439214556, -3.804869329198239, 18.64930920193686;
  -5.851249291372032, -3.692730232614813, 18.62289645337151;
  -5.56443754800449, -3.433327497941721, 18.56299364403471;
  -5.426404554376759, -4.000150932333112, 23.1038564639238;
  -5.499200250857889, -4.677301808074986, 27.2966361057777;
  -6.777141909142509, -4.545378453077425, 34.02529494960465;
  -6.045326854056123, -3.096249791266944, 31.02740850047996;
  -5.522290463099652, -1.430363354567149, 28.3681198019363;
  -6.047954313187637, -1.299622133882294, 31.14610974924359;
  -7.330348004544768, -3.675087768214144, 38.25744690092783;
  -6.353790681184394, -5.062789687050149, 33.83465583054414;
  -5.339326093900058, -5.056915738029976, 28.86241225523056;
  -9.667292598273296, -6.90386082332745, 51.57435892041949;
  -6.9541059970563, -3.713854075622821, 37.66221001772752;
  -5.225267437888639, -0.890444301091713, 29.0782875117167;
  -6.026261834042455, -0.2535759601492346, 33.54996706464059;
  -7.615978746655008, -3.178621882815818, 42.34234365643324;
  -7.51515889663346, -3.47091370447989, 41.82995862341136;
  -6.026372630789473, -0.8129438044246278, 34.49316396865671;
  -10.2715704557221, -7.753708833457946, 60.15229294566888;
  -6.222915089379487, 0.1457073444270224, 36.955504912675;
  -10.07380112990755, -8.167596226918571, 59.53574344967711;
  -9.701723996974829, -6.992972811602384, 58.6184626157163;
  -9.378001292722042, -7.620444371687662, 57.74483372339414;
  -9.433493005417136, -7.305203062485992, 59.26026257795814;
  -8.96234499872072, -7.328273197601937, 57.54040256760695;
  -9.093271973745978, -7.093811162165962, 58.68490721420329;
  -9.152960111255007, -6.885505289362275, 59.42173404421039;
