m=[-14.73657374197081, -0.6548762944376654, 18.3900259016747;
  -14.074347750857, -0.06501238457170626, 17.64628480758713;
  -11.78427262542195, 0.05412314179816805, 15.09145883454932;
  -13.75740287060874, -0.8503827449300733, 18.10100425186035;
  -13.63981032259148, -0.9187565157006014, 18.10460355907143;
  -9.125519460101669, 1.184670449041697, 12.6927701157863;
  -13.07220789070088, -1.404688525669822, 17.84501615771056;
  -13.03430791898574, -2.3524269557206, 17.98072830218566;
  -13.0453365249876, -0.5369276087981746, 18.00578050238971;
  -13.1288986506483, -1.198811443910473, 18.12846360750637;
  -12.94982162803479, -0.1410863474949294, 17.97331489235971;
  -13.0911426875851, -1.794498504573028, 18.20229564853246;
  -13.18170475936048, -0.4486440808123103, 18.33663115628831;
  -8.943854345332412, 1.023043074966605, 12.79541187906239;
  -12.11022510090971, -0.152114347696191, 17.22511597430304;
  -12.86197008878082, -1.801569023185504, 18.26500112329223;
  -12.84735430584691, -0.3170531815938034, 18.27661828276601;
  -12.93270079525081, -1.482201268472098, 18.48467619531527;
  -12.58745922242475, -1.612522607812954, 18.10222431624128;
  -12.5437546619548, -0.1678982985789957, 18.04381243574145;
  -12.53316711323556, -0.9109110843800941, 18.20236033629718;
  -12.2836552917025, -0.168411037927849, 18.00069346073023;
  -12.25165524412803, -0.7989629648196873, 18.03982800270988;
  -9.433230057472933, 1.135901875006365, 14.12484078340416;
  -12.31438160465172, -0.4026625948250016, 18.16052891625084;
  -12.29708358477797, -2.381110040004784, 18.16717866861948;
  -12.01370906318988, -3.562899958512797, 17.80763892442337;
  -12.12016477512802, -1.173089490376803, 18.01876038007488;
  -11.10255439015929, -0.3348141297063762, 16.69668779951195;
  -10.80633925923582, -0.139227045237138, 16.30814121457402;
  -10.24882365350227, -0.2476977069392538, 15.69119341350336;
  -11.60536722286114, -1.044525547629376, 17.84403653002734;
  -9.841598914093641, -0.1335434190223052, 15.30107198538328;
  -10.10742206498555, -0.2774138663358421, 15.70484948103267;
  -11.50150758960128, -3.59342755097112, 17.77845650214557;
  -9.176551427204323, 1.295760188179232, 14.37484183792805;
  -9.817604377579817, -0.1528115971988301, 15.36483064436003;
  -9.661890138836631, -0.2817926266952679, 15.24419943001455;
  -9.504557345002995, -0.4158145711835021, 15.01530597998533;
  -9.640437778124143, -0.1626716851340648, 15.23575910120298;
  -9.541488775429132, -0.3561824893076292, 15.14708725528951;
  -9.502849469392441, -0.1821185455090565, 15.21898223042419;
  -9.427382102760435, -0.2360474679520105, 15.37283946940661;
  -10.75734051730716, -1.58298781402654, 17.86763203411705;
  -10.85712529680463, -3.84842496180378, 18.05752031026557;
  -8.089412733817582, 1.184315151653459, 14.19941341814798;
  -8.12544146286514, -0.03432677692118853, 14.27319266857053;
  -10.45442007562416, -3.319596621098693, 18.19236835699491;
  -10.35706586924952, -2.952672991311615, 18.04808382766801;
  -8.116772897125422, 1.135453781058143, 14.35425000216916;
  -10.40191856219437, -0.4500657342819627, 18.18235277339045;
  -8.051495654588774, 1.058660548345482, 14.32692018346555;
  -10.07718746157855, -0.5481647373838132, 18.05711279739503;
  -7.787854484632941, 1.060717013183539, 14.21500850851654;
  -9.895702800716521, -2.629809607789022, 17.87718093605652;
  -10.34142293360608, -3.204878894734531, 18.80269193787317;
  -9.853019043400533, -2.941001196181702, 17.97245687736336;
  -9.716383957470416, -3.666868321299197, 17.89090520892828;
  -9.72447337460965, -3.87270202040343, 17.97322969281307;
  -7.664223593966219, 1.076439498929651, 14.3654844998011;
  -9.726073335058114, -2.789812834776851, 17.99631920127413;
  -7.602441184565801, 1.031470253357992, 14.29315974625835;
  -9.657386455521126, -3.187882541115362, 17.99332908168293;
  -7.119422002175849, 1.008491062724614, 13.60326964688455;
  -9.452110417853218, -3.12635646198669, 17.8276585441368;
  -9.481582784635128, -2.844448150899265, 17.88238521734671;
  -6.458246670434234, -1.411515978545147, 12.65271623883115;
  -6.674524757457903, -0.8987698703004634, 13.17989866927344;
  -9.069339946861472, -3.691920528079998, 18.16963360014125;
  -7.035430905085796, 1.081149531960512, 14.34158443977048;
  -7.13339143541633, -0.04782073733791255, 14.54822719202396;
  -7.044136458271383, 0.06990913546383261, 14.50242249222395;
  -6.687387141259251, 0.8590556455532881, 14.22228206591488;
  -5.681055907077295, 1.275408389525737, 12.24693128462176;
  -6.721910580524977, 1.106130988973752, 14.32998207413874;
  -6.561639550363682, 0.9765012955927681, 14.10076093470416;
  -6.896918933974999, -0.06896019376830838, 15.32139907512992;
  -6.414522978655219, 1.116949935397908, 14.35202230543408;
  -6.287408437795595, 1.166045211747597, 14.28599542354255;
  -8.31306519281417, -3.55451525725739, 18.69652374444543;
  -6.217104258023106, 1.185144200267015, 14.47508069749082;
  -7.586564512643996, -3.71610389480505, 17.96595645636527;
  -7.248565766722019, -2.611606503940492, 17.26611323866155;
  -7.168442150733712, -3.18410379521083, 18.0084290186832;
  -7.274150445552883, -3.027427084212155, 18.32459041083845;
  -7.297404967898193, -3.442976208737642, 18.85272531885683;
  -4.664759597787637, 1.251404518688327, 12.71694206057701;
  -6.395705703743174, -3.441164339193652, 17.25359792858786;
  -6.665717317955785, -3.190947194967707, 18.16685307895902;
  -6.561562928299955, -2.959337915648141, 17.91197641750719;
  -3.553128004231429, 1.206030112353265, 10.22415456926327;
  -6.488634456513624, -3.690502414871592, 17.92393286178669;
  -6.476483453349508, -3.139635427282896, 18.05057082482663;
  -6.180968630195463, -3.566996546013173, 18.11309025445359;
  -6.091185897038676, -3.825799795911229, 18.16682559306316;
  -5.882665360374929, -3.801018767848678, 17.82777102150815;
  -5.625779108291511, -3.751165949202114, 17.89880148453602;
  -5.675998032844864, -3.446027762787805, 18.06712959223919;
  -5.604463409902817, -3.636380507349461, 17.87643984754807;
  -5.359932394880856, -3.405334781689507, 17.94011247396653;
  -5.16007067777592, -3.947165666715661, 22.3174793003911;
  -5.265680590211828, -4.674695343321473, 26.81340679720168;
  -6.924868557902634, -4.851872546268615, 35.74903597488712;
  -5.82738911084478, -3.336211251430425, 30.32626883247697;
  -8.203453579219346, -6.007413323480571, 42.82935403758485;
  -6.004305851387647, -3.226784696262858, 31.66527977027627;
  -5.710538238404999, -1.580141770280136, 30.18375220312243;
  -4.744477323449982, -4.708086518130824, 26.42262093996822;
  -9.453776951892625, -7.07778002288664, 52.32892438788853;
  -6.805644720055286, -3.812483556239033, 38.1297912833414;
  -5.680863364048045, -0.7070202822513149, 32.6623027415563;
  -5.778471855498608, -0.256381527944056, 33.2399759779534;
  -7.073527871045179, -3.098461637325451, 40.77719345996871;
  -5.500821731569995, -0.7797883281179238, 32.62219135845888;
  -10.04630548712347, -7.987548811951858, 61.38792739821357;
  -8.614135052498723, -5.916453005675552, 52.78791319630545;
  -10.05445079921821, -8.568767730119014, 61.9672693791204;
  -9.206211881226091, -6.998531989705879, 58.1037369871367;
  -8.753287330262202, -7.511515868979132, 56.40224673705802;
  -10.48420040026016, -8.62046129669349, 67.45426301314936;
  -9.33336576749652, -7.633326973688847, 61.34098454693272;
  -9.136226012381604, -7.892911361389243, 61.40747176640777;
  -9.277708475775601, -7.659385116589925, 62.75144582208327;
  -8.966499746752767, -7.133933726211923, 61.01207924939143;
  -8.692951088273178, -7.252721636419866, 61.32553761237328;
  -8.639293713494878, -6.631252616994476, 61.15003180559169;
  -8.127606114296597, -5.927391478056861, 59.87405142128196;
  -7.411480678486804, -4.026163234926884, 55.7197458134928;
  -7.479468364456769, -5.646949191245818, 57.97827887793394;
  -9.566750635315939, -5.611452827942945, 74.49978903114885;
  -9.320378175980885, -6.289946692692412, 73.0083613814632;
