m=[-30.19540543457439, -0.1815072509433097, 36.57421646384157;
  -30.14994785896602, -6.5166427126127, 36.53886712434996;
  -29.62209088510679, -3.157338403161294, 36.18275014299879;
  -29.33753372060664, -0.1612716768204121, 36.0196537282774;
  -29.29375871965934, -6.077287058195299, 36.01776057399504;
  -29.44379624018471, 0.1051471115739894, 36.18842446258793;
  -27.90953764262497, -0.1289200484853987, 34.9927157412922;
  -23.49616593767614, 0.1079138578324089, 30.09022553103764;
  -24.0342379061879, -0.0531278419824294, 31.72971021255129;
  -20.08716999018153, 1.040809065085323, 27.44536324764845;
  -26.72137382162788, -6.396206130511144, 36.88532283120335;
  -17.44306023563551, 1.995225021705005, 24.95469308069956;
  -18.1550735782661, 2.318389890511928, 26.4586756982206;
  -19.66063468017644, 2.322425385773964, 28.86272451515716;
  -24.10289778157044, -7.148184882312581, 35.72715956986279;
  -18.57708128716624, 2.236958214489973, 27.81638037055081;
  -20.75960943659259, 0.1361119525763012, 31.31678918528508;
  -21.0962698967826, -0.2718007692331074, 31.83695609810297;
  -20.68789627519073, -0.4999934277345833, 31.67366253409813;
  -18.87156214580093, 2.330469885001158, 29.04682720185524;
  -20.39503107702149, -0.1108536286986238, 31.54054003087462;
  -20.15297451867654, -0.553129625284106, 31.31356634520379;
  -18.05762859766261, 2.549798409063827, 28.28683052872371;
  -19.33385917771024, -0.3009326702662949, 30.25804061180287;
  -19.18683085729329, -0.3237564703773747, 30.32288985056132;
  -18.97315881053537, -0.7082654598481698, 30.11983756158837;
  -19.15876001457751, -0.3671704491216154, 30.68309449265205;
  -18.86856525436441, -0.4724404934086486, 30.76818373453155;
  -18.5117387216428, -0.1643274715676584, 30.43964253891807;
  -18.57129062798329, -1.215301183849216, 30.55832757880102;
  -17.5096630673981, -0.0536847605876582, 29.12648376121532;
  -16.74814267655226, -0.03976489121388368, 28.80632482282787;
  -15.41955839258586, -0.06514153644261136, 27.08607634520404;
  -16.22754746949372, 2.270068457633283, 28.69789216126457;
  -15.88712135684114, 2.088937177489376, 28.26971899249185;
  -15.74975203175101, -0.215153592237211, 28.05713711199074;
  -15.73247444371403, 0.03026611762419075, 28.52016188729161;
  -14.59736268346273, 2.171417993816678, 27.67038729808638;
  -13.07458278361773, 0.5366990229433943, 25.1169700392554;
  -13.47112124772374, 0.4802340609050126, 25.95125925944498;
  -13.13721759837293, -2.674904312473936, 25.3599161325585;
  -13.02327419380572, 0.8452885013268463, 25.15353213961534;
  -13.18360424766863, 0.2762347962892322, 25.44811622600886;
  -13.77682432888176, -0.05806394061591182, 26.58148333493332;
  -12.91504839152229, 0.732609101682008, 25.10478609425688;
  -12.8108704031953, -2.799946981889661, 25.09850060793234;
  -13.69708587939722, 1.977330696340074, 26.86505991076534;
  -12.92467081897551, -1.740394280906234, 25.52179487198298;
  -11.90595690232523, 2.584617397970736, 24.43432672347257;
  -6.915954366517156, 2.347466573607143, 19.90071462470089;
  2.010560638401703, 1.235895627751824, 32.06618895016087;
  2.047247083750887, 0.6425732352249801, 31.59126433046571;
  2.280762497687438, 2.342796038562249, 33.8341543763188;
  1.714673198894104, 2.459874306770814, 24.4054758954309;
  2.065596383498848, 2.261449368231522, 28.01354033271263;
  2.525111164180835, 0.8938315461100993, 32.02370563641876;
  2.933718794607333, 0.8457184005223375, 31.37024523701815;
  2.937491381276064, 2.128828369240423, 30.72576910197152;
  3.333936636444198, 2.22672180598628, 32.21487579115701;
  3.360200919571812, 1.923198177152374, 30.91302272953616;
  3.083927189482147, 1.891390665838707, 26.35581264212753;
  3.468684090773076, 2.312070169774649, 29.25913941083115;
  3.630838304055061, 2.137359370167045, 30.50734352171002;
  5.503513221137047, -5.931482715323289, 45.06628739623181;
  3.781975022004393, 2.294213679206272, 30.661803488853;
  3.845262018347055, 2.419698205963127, 30.32457876162625;
  4.018301196917053, 1.670263815282759, 31.3684945547301;
  4.191879812335611, 0.3689821796938573, 32.65989839375776;
  5.899283869174163, -2.509067633921887, 45.13598498815783;
  5.13622449896809, 0.08675984284103457, 39.07477266017346;
  3.951741520103686, 0.8044822660980822, 30.29989135593404;
  4.025996835366335, 2.346077187081658, 30.81986440894818;
  7.228646556558905, -4.990003292187176, 52.92726077424546;
  5.841895616668508, -2.715907861862428, 41.90236395804821;
  5.830034606747922, 1.584525424470369, 41.12180500924996;
  5.911649845674949, -0.07885555523918066, 41.31313763466297;
  5.745956369088066, -3.057973828253598, 40.18202341688117;
  6.717034923768793, -4.358102663292184, 46.90752893167964;
  4.802627413209509, 1.541930255597299, 33.73588579638734;
  9.029122651843581, -8.586752613542023, 62.20999239163616;
  2.126884453961417, 2.467332611259682, 15.19836580609721;
  8.123364978309613, -0.8472481304839896, 54.15572207334586;
  8.460030103270867, 0.9178053850804119, 53.82966918225112;
  8.571843772504808, -1.267550306013983, 53.84033186070497;
  9.082204700356913, -0.7887987350649649, 56.48212137856127;
  5.001920101726079, 2.148393877158958, 31.28798355127672;
  11.67611757800117, -14.47623246209653, 69.78251650316456;
  11.81149328874607, -12.43416467169962, 70.32956921479023;
  11.46475669614149, -13.72519161763949, 67.97038994381488;
  11.39054619563483, -10.50123209214243, 67.57505136753939;
  11.60281816469199, -9.702449103389851, 68.61462259685028;
  6.590747146589455, 1.488820310381458, 39.00110110060071;
  6.530724654835391, 0.9572750642027933, 38.65331409846159;
  8.839998617243712, 0.7237825624625246, 51.14686826087689;
  11.87261944678925, -11.63983647403031, 67.65054269668723;
  6.389081589599049, 1.450301330442353, 36.78223997704539;
  11.43245195985032, -10.45495749446462, 64.36056319060644;
  6.014433438314671, 0.7298916660322485, 33.95731307574961;
  12.56378150996684, -8.653601235772708, 69.10446835152983;
  11.54709064478422, 0.4910536988152888, 62.70669642011571;
  11.52300777374178, -8.076902464547356, 62.24400216847887;
  6.199763908539589, 2.021794962006323, 33.49978908793558;
  6.666627746493063, 0.9321344660888726, 35.84192238768064;
  12.09747239838103, -3.925224374551231, 62.93963091342806;
  6.101014127491735, 2.305879605024774, 32.44492840234331;
  5.29549881861058, 2.475755380448296, 28.11042449338047;
  9.518116132190519, 0.7183479178333388, 48.84540644731067;
  8.267781893017979, 1.743001872032718, 42.5499073017159;
  14.26990933062046, -8.133117262780383, 72.37271120712188;
  6.178743263937969, 1.762811936618126, 31.85033482296824;
  10.53287733897081, 1.113343477130377, 53.05694840667136;
  6.922685917483184, 1.742167080804049, 34.81637295728945;
  8.100892210280172, 1.650266523973508, 40.29765467243638;
  10.69388128034035, 1.246878333469308, 52.47406547589311;
  13.40138787055576, -7.376821823417688, 65.10822223301884;
  9.974888997345488, 1.372630291443163, 48.50163041132883;
  7.239214214173172, 1.798245573854934, 35.47741595538786;
  8.859490700651715, 1.733349258072405, 42.35702472955562;
  10.36783395298284, 0.7638642744612746, 49.11581270125031;
  14.84126592469058, -7.21782146968581, 69.084348135147;
  6.31697373687277, 2.268172438376349, 29.79523502654139;
  14.46898572652758, 0.3220891235974322, 66.35207773544811;
  7.831922448870586, 1.716319998972943, 36.29392729719103;
  6.922860280460576, 1.916361004564519, 32.20018248183396;
  13.26129853520406, -1.637591425828803, 59.98596114906794;
  13.94931175531508, -6.072490263667246, 62.65959405465569;
  12.60412544430624, -1.650237097945085, 56.16185211972488;
  20.58376351987945, -3.389043427679594, 90.36224386844481;
  14.30710021998557, -5.777876930073369, 63.12155506561148;
  16.22056975459141, -11.95116856610675, 71.3508459245998;
  14.47142025508156, -3.040057287018502, 63.46622634949933;
  13.66857326078153, -1.458268804832452, 59.97784747604288;
  11.95449685893797, -0.3148330130209174, 52.49755495935548;
