m=[-12.08127130452042, 0.2580343365293541, 15.62850539703518;
  -9.59783436296838, 0.5598586440178264, 12.66540797523451;
  -13.8079540529184, -0.8488783073068349, 17.9448257359781;
  -13.74399096069525, -0.8127044764898125, 17.99889165734085;
  -13.71897909079038, -0.9341275791686373, 17.98590958890509;
  -13.49117964414312, -1.486314298767058, 17.77139899614336;
  -13.54887893763559, -3.229053706871186, 17.87980709794545;
  -13.12602266580799, -2.390441066608805, 17.88127447586734;
  -13.09856037802478, -0.5471377769093382, 17.8579970422631;
  -13.07047177289874, -1.810133689925556, 17.95758117833789;
  -13.32185529412154, -0.3226680692336357, 18.44420658664235;
  -9.121670789602776, 1.171951656454266, 13.00430194029771;
  -12.76819064323563, -1.809389024065043, 17.92704121060144;
  -12.89893910760032, -0.3210248190105399, 18.13542472697539;
  -9.788761564444888, 1.170129020477941, 14.10670548079285;
  -12.65600170609593, -0.1714120391974612, 17.98710706487869;
  -12.65687973923967, -1.639562737714555, 17.98658874148902;
  -12.65103444049477, -3.15325177227471, 17.97887073301628;
  -12.44705393672235, -3.591235241242822, 17.75082708259636;
  -12.52515989725038, -2.478519148384127, 17.8815309376764;
  -12.57517953477461, -0.9245853578225982, 18.04868913954278;
  -9.609259752025999, 1.172607089301873, 14.10907182578423;
  -12.41293955966526, -1.668093259847628, 17.96226650419131;
  -12.38490600712114, -0.1730010541088542, 17.93228983889456;
  -12.83293340428163, -1.110755813883135, 18.56199131596964;
  -12.33367449154055, -0.8183917129138877, 17.94511697225892;
  -12.129966853182, -3.635975512260528, 17.75336098694785;
  -12.17084386739528, -1.193598609979708, 17.87724843872541;
  -11.22317209732604, -0.3369611236958409, 16.64076537749784;
  -9.350588318307876, 1.169068318896141, 14.13640920905021;
  -9.834693878089182, -0.06122519201046579, 14.97195376687005;
  -10.01552606385694, -0.1910859767022351, 15.24387774058705;
  -9.089740709940179, 1.30618043858046, 13.98038980363541;
  -10.07348705079761, -0.2876586836169683, 15.40440730855417;
  -10.04797835604911, -0.08634878762622393, 15.41909373840456;
  -9.817173435100038, -0.1537239756215761, 15.10958018681532;
  -9.710440516544132, -0.639919117443346, 15.06147364675404;
  -9.788551960376244, -0.1697082568717553, 15.21395679766761;
  -9.643827609216936, -0.3667449247047526, 15.05308143688018;
  -9.402757264494795, -0.1849435620100592, 14.81679228078135;
  -9.496868095705214, -0.2410831180133126, 15.24208413650794;
  -10.92449143119322, -1.631718155622346, 17.93940584077317;
  -11.16250117638584, -4.009081729313945, 18.34456688332145;
  -8.01824048994348, 1.136850780196075, 13.93954563437617;
  -8.139414455204385, 1.084064853848877, 14.23043483156363;
  -10.23524666692523, -3.303793597715626, 17.62993434087208;
  -10.37706104848121, -3.001229115314208, 17.90477264169961;
  -10.41065707131338, -0.4590425075659431, 18.01123495031507;
  -11.23942862783139, -1.251745592301333, 19.45440163660436;
  -8.167744654822448, -0.0580047743571131, 14.51681572287486;
  -7.981594374836297, 1.153939089240659, 14.22227430867551;
  -7.866467863844142, 1.087036586231179, 14.11699243558123;
  -10.32542789725932, -0.5803391770503108, 18.31826960254388;
  -9.885218597574697, -2.668023330805991, 17.67008844601578;
  -9.924311911722377, -2.67254826405472, 17.73749747321911;
  -10.48187446352919, -3.308976370827629, 18.83312745477735;
  -10.04916759557016, -3.036750141887301, 18.09920023169807;
  -6.616538506678035, -1.24733504698099, 12.30284111933945;
  -10.13813762833424, -0.6463137628438257, 18.42259158399967;
  -10.04278006272454, -2.711376268621695, 18.26731240891256;
  -9.795738205798143, -3.747712341356925, 17.83848709572785;
  -9.657449476854167, -3.903454316549967, 17.66424777353315;
  -9.775342617401314, -2.846281160290161, 17.89854139603166;
  -6.81388595463917, 0.9769261236986547, 12.80098767082424;
  -9.726672914741593, -3.257550454917924, 17.93190020008564;
  -6.680493770319675, 0.4399907569261268, 12.63367980844274;
  -10.04667157815265, -0.3129027836363781, 18.55098010385811;
  -6.54847307109981, 0.3745752635299866, 12.46195071194945;
  -9.55421126130341, -2.906752010643753, 17.83472615867029;
  -9.523449524240577, -3.194886268625686, 17.77819260015706;
  -6.73334424634662, 0.470627877608349, 12.88856731171762;
  -6.515818492917526, -1.44591308461601, 12.4931198389178;
  -6.376491048556903, -1.418412877409286, 12.36565841207063;
  -7.251812082953356, 1.120126972246397, 14.16525722772336;
  -6.484623626847185, -1.261753966630552, 12.80594390232844;
  -5.938199501900451, 1.309756825790296, 11.93128586652259;
  -7.042611334667074, 1.098862706342575, 14.13993841764677;
  -7.035534397727477, -0.05064370584596072, 14.13297905788768;
  -7.098446877915441, 0.06329833724045801, 14.3900934435899;
  -6.7335578401527, 0.8804951549557357, 14.10084914493372;
  -6.713040128597102, 0.9487740213527303, 14.08478529297563;
  -6.731412675970479, 1.126828728134895, 14.13447639386375;
  -6.73405479004404, 1.019911835037231, 14.24598455858439;
  -6.609567779113101, -0.04433636138764348, 14.06086891088123;
  -8.385622489206648, -3.746454324278169, 17.94863497636401;
  -6.416128332250413, 1.080150032830863, 14.03023537133679;
  -6.640067019796193, -0.04432839256846333, 14.59906602177239;
  -6.437513964980505, 1.138621165721345, 14.19281265304603;
  -8.371974261321517, -3.836500264041969, 18.33750350826704;
  -6.316262037950378, 1.191007913083199, 14.14908842383461;
  -6.171975991012143, 1.195462088177915, 14.17393884804244;
  -7.557525243400566, -3.108569236884334, 17.68031806652531;
  -7.678856864576168, -3.833599352554704, 18.04174970153819;
  -4.740151504438233, 1.298206733644785, 12.7074474178364;
  -3.439793716325105, 1.194502043162555, 9.662074294022295;
  -2.74442902323063, 1.094425404210269, 12.86880764200874;
  -7.475175741866183, -5.72429524883318, 40.13245522578659;
  -4.720572227731072, -4.902383671545742, 26.94601467539863;
  -9.340626419067993, -7.316805038970634, 53.35609690255672;
  -6.93311096547136, -4.078433895385644, 39.98506371435393;
  -5.866960667491272, -0.2969012421812833, 34.76893453661348;
  -4.917988040853921, -0.7532776815771007, 30.0612664749467;
  -6.023496561860024, 0.09818742407312973, 38.41467117687293;
  -7.430625480404132, -5.330546865788176, 47.26629331500914;
  -9.131011460552546, -7.637427303125363, 57.91754118060963;
  -9.122463561840991, -8.194597582585383, 58.42300304885162;
  -9.254408409503871, -7.414933931643438, 60.71403352803844;
  -2.361646635508488, 1.236292514264193, 16.38117180618691;
  -8.712125511547352, -7.862834884382561, 58.30106869311825;
  -8.448095707355174, -7.29269957913411, 57.8425814979208;
  -8.505503514985898, -7.75513647448156, 59.58962569669304;
  -8.622208856790376, -7.530972408839542, 60.83797452257378;
  -8.401566702923047, -7.078879277816254, 59.67343398868705;
  -8.114415938218411, -7.193191002615738, 59.90857689143406;
  -7.98761179564602, -6.516431188616138, 59.14863392912016;
  -7.672805545676689, -5.951625652247534, 59.19144263562579;
  -7.086538096493961, -4.111788151349164, 55.88797542594705;
  -7.170402276088089, -5.784962840296177, 58.51786638282366;
  -8.163939143328411, -5.924370575472602, 67.46717119835368;
  -7.630192293574427, -3.834925819225513, 63.85472775787975;
  -6.883430227146273, -4.005615031206828, 58.4482930237135;
  -6.200994887056743, -5.09167870642962, 54.35445301334494;
  -9.5180319668314, -7.041920622632995, 84.88278714950755;
  -6.475850083912024, -3.421293566594997, 61.01053744962005;
  -6.410872972928125, -5.205713874170531, 61.57954618455661;
  -6.597940119312644, -5.783326164952296, 63.78373072608601;
  -2.511223539228176, -0.7169673134446202, 27.98099792931332;
  -5.000868446577512, -1.728939616373986, 56.79028987242529;
  -7.80517481516403, -8.966654180651213, 88.80808967825608;
  -2.953211490003643, 0.6787715919868846, 36.06845763943622;
  -3.967189055441644, -2.797846551196126, 51.37570612707233;
