m=[-28.38652497746772, -0.1228359702485552, 35.116078297203;
  -23.44700381681631, 0.1170753575667648, 29.49134905203274;
  -22.04587468537371, 0.1946839525032702, 28.18788416835769;
  -19.27514119417516, 1.018607504521428, 24.77638177179414;
  -23.86188511977051, 0.1126558279839671, 30.73911196215381;
  -23.5224326544279, 0.5023970698572653, 30.42895539921957;
  -27.40227098923276, -1.6846227416861, 35.61200854140298;
  -27.22971484853683, -1.854075834986245, 35.69880718939373;
  -26.13699923641382, -6.229133396150901, 34.49174700115663;
  -26.75911676602997, -0.207828082161333, 35.34381137762934;
  -26.5847418661198, -3.12775795934334, 35.31779309737433;
  -25.90503144423877, -4.717685819437743, 35.28982002804531;
  -17.92085724203546, 2.086759991731173, 25.03490460991817;
  -24.2674388713458, -0.3048049811700638, 34.05319070971287;
  -24.77006961323849, -6.173903507629495, 35.20169688248929;
  -25.01089749615962, -7.216166729889846, 35.66820862927661;
  -19.21746776864029, 2.297217741809475, 27.69453072424606;
  -18.83112584166967, 2.297940968535264, 27.64934177208409;
  -23.83416513607333, -7.144326265590992, 34.88356914777862;
  -22.17937333117423, -0.6659067949535087, 32.8856890568343;
  -21.62826185883014, -0.2541193075267804, 32.15987117219503;
  -20.05341351548663, -0.4900034525697795, 30.23137549857626;
  -19.46311601736284, -0.1211662538820719, 29.62988749658996;
  -19.87805702623135, -0.379252963606925, 30.25489316250621;
  -20.05762423839668, -0.5727658908782872, 30.67218053213525;
  -18.20712426149757, 2.616333106968058, 28.00329541860372;
  -20.03261919592423, -0.1721532749425664, 30.74099308959627;
  -19.66082188224945, -0.3078625149802364, 30.25990797986898;
  -19.16728283872707, -1.263126085479633, 29.72960133616166;
  -19.12369215795489, -0.3315555226366532, 29.72319373496357;
  -18.93146196463337, -0.7199441833794991, 29.55017968181675;
  -18.56982608706191, -0.3652513497734194, 29.26218853497273;
  -18.98420494743423, -0.1575771270879642, 30.08444612042702;
  -18.53677653321908, -0.4705660686774661, 29.750766746644;
  -18.64290459590341, -1.009520105673196, 30.12350984968122;
  -17.71533404020301, -0.199915198582091, 29.1191005506809;
  -15.14588674884934, 2.735597524651041, 25.0772286853028;
  -16.73438044000014, -0.06702921793085918, 28.83081193493355;
  -15.83251876285427, 2.24478317039687, 27.52450716322675;
  -15.92704782678271, 2.121277011953278, 27.84583797834597;
  -15.76232949849628, -0.221642374382439, 27.57394014024296;
  -15.23255970612398, 0.01812691544908547, 27.13361202053407;
  -15.44142698328458, 2.23244446571278, 27.51482973953576;
  -15.09441123363235, 2.085837957082686, 27.08810267745881;
  -15.20409259256652, 2.165940681689623, 28.0144330540473;
  -14.7181020173878, 2.021926383100541, 27.21635329051826;
  -12.89327212478254, -2.430610836054625, 23.97384649080628;
  -13.29273315977939, 1.905816793176946, 24.97255082087787;
  -12.89821726815518, 0.4496109851442288, 24.34728204777422;
  -12.6451189757186, 0.8328329702612863, 23.91355935225244;
  -13.02153328505104, 0.2864716194203511, 24.62602742518364;
  -12.57185488698537, 0.7191150984701846, 23.92463621035857;
  -12.57088004527174, 0.412646141872028, 23.9381540084814;
  -12.89901300765371, 0.9015780113022383, 24.69052395383913;
  -12.53528520087228, -2.781681673766059, 24.03455842113072;
  -13.12958661239554, 2.031023818942249, 25.21567012964194;
  -12.44723318675391, 0.6234333344494213, 23.97095739312494;
  -13.88220973346966, 2.019697831330837, 26.72388351673266;
  -12.2352084349194, -2.721650053253662, 23.72722034024329;
  -13.25790831845511, -1.808715501673556, 25.64600926098366;
  -7.581253508493885, 2.351057588789705, 18.43821195689069;
  -6.717814834169507, 2.332826967768314, 18.86974376201116;
  2.033455511207048, 2.501618849069431, 36.03694384168875;
  2.349453363567339, 2.446293426891002, 35.65298438253218;
  0.8746005511638404, 1.249318616025897, 14.56155554816775;
  2.39982644602546, 2.457468007213267, 36.03817538695005;
  2.589953160898058, -0.1084754247240528, 37.17883869114566;
  2.471705181007414, 0.5386887662671722, 34.38958541898873;
  2.657870279024173, 1.429903486096247, 36.64028073494691;
  2.742403894994355, 0.7457004845673243, 36.68162940659575;
  2.890372032852127, 1.229951128448173, 37.00889686083329;
  1.968268326229202, 2.536566968522879, 24.21444431281051;
  2.552220874564787, 2.526855237000173, 30.29993742978918;
  3.476575532283753, 2.411798788235028, 39.72384970073188;
  3.225784615358784, 1.016864252491594, 36.15480266337082;
  6.414586605757003, -5.738769642494989, 59.75929481519436;
  3.743793873442924, 2.490205754166992, 35.08868147424862;
  6.881815037440488, -11.2513916300512, 61.19493933796448;
  3.956929222669136, 1.497235293815878, 34.80883664903323;
  4.315694148631789, 2.279236826531074, 35.88460715800245;
  3.264986203141789, 2.270763847234849, 26.30003481846903;
  4.801510609395609, 2.725128215825819, 36.96419412201921;
  4.238047025193165, 2.6293775774346, 32.4109645943078;
  5.573298064480681, -5.723359990329492, 42.16303011500427;
  4.137888862107331, 2.262512755364098, 31.58105404594141;
  6.197347820450425, -4.756765798308105, 45.96037758208172;
  6.069761746066612, -5.767849446232113, 44.61080554229493;
  4.110795279735655, 2.328453843730348, 30.35479374317351;
  7.631091396940669, -1.466444759760114, 53.65767874171862;
  4.798488007599604, 0.3680179438386402, 34.20712135341272;
  4.615824709035586, 1.789774644361543, 32.91801461288594;
  8.045625091271834, -3.742941342295386, 56.18239876630211;
  5.774143365617706, 0.04843317458364902, 40.52019621894846;
  5.839283573519746, -5.235255481467425, 40.57302307259216;
  4.427828781397562, 2.420286776852432, 30.98367624540056;
  4.090052710327373, 0.7707574198847617, 28.63245968932265;
  4.336227153466719, 2.475709867468478, 30.06475723512342;
  6.207127584884506, 0.9362276010169057, 41.51351136714618;
  8.878196563082266, -8.10447610814429, 57.35670796026413;
  5.230318227076027, 1.558857385320766, 33.83650095454677;
  9.018768303922855, -0.9613894082928371, 56.33889742988683;
  12.50080961856418, -6.849992265555009, 76.96756128104933;
  10.35507712490665, 1.013384503780485, 61.83523987484166;
  2.358517781996684, 2.596374775493127, 14.88053581612608;
  4.787419863513971, 2.366939346288364, 28.9588679925095;
  2.352347380524817, 2.59924515447764, 14.74940616069089;
  7.045262239783943, 1.500576909621139, 41.48478553544112;
  13.59658312310699, -16.25241246706565, 76.81056974553937;
  13.08548085764634, -15.15254279151387, 73.47244905533128;
  12.11295205852328, -10.77964157870337, 67.89788397976518;
  13.90491314781693, -11.24005472698909, 77.75406462658032;
  12.81403868070503, -12.18322262412979, 71.41283084975983;
  10.051159224972, 0.864716037854064, 55.89795659091342;
  7.206126256016792, 1.52708653899067, 39.78290728641731;
  6.680446544667122, 0.9085194269275186, 36.87578852417634;
  9.967543305898444, 0.7200397304874796, 54.27706480738353;
  13.39239553543475, -12.69965640121433, 72.25160261753372;
  13.46298021249812, -16.00047117437533, 72.60579843765704;
  13.80722050240773, -12.24071804232326, 73.63003005477104;
  8.093714296018044, 0.8877388330899738, 43.46461542639982;
  6.998908708448483, 1.487809629711985, 37.55900244683976;
  11.95696309280485, -7.991248438733642, 62.36952828267059;
  12.45227543276125, 0.4353310851243989, 64.08217758429903;
  7.212749310398475, 1.696680094698858, 37.55759182936696;
  15.9610178022518, -11.37472671998093, 81.56819393605561;
  7.527934220212548, 0.9988816930443104, 38.88736667542269;
  16.07468517652386, -5.183710966416031, 79.63016064834268;
  7.063406277361808, 2.18790245709355, 35.55011957119686;
  7.432127075688541, 0.9696186857359551, 37.31126181589505;
  15.52753477808713, -8.610787678717305, 74.92513635739034;
  10.85476543546786, 0.7256055913749658, 52.59783983643207;
  5.662226513248386, 2.512813867038472, 27.80785533834903;
  11.73534724910392, 1.145006495330667, 55.94604921377665;
