m=[-30.82528742175897, 0.05625713487496278, 37.25770655406451;
  -25.46154009877468, 0.1067663468565875, 31.43488063115637;
  -27.70986270977432, -0.6003321583798703, 34.84525029958877;
  -24.24792367726214, 0.1062973322680044, 30.70724421003456;
  -27.17418496911992, -4.64102025564461, 34.38892030846758;
  -27.78885400855043, -1.774769689435833, 35.65729630313031;
  -27.62348447940465, -1.92704529030417, 35.76089419642397;
  -27.24362372198543, -3.109851845161599, 35.42665576402556;
  -27.9856683468617, -6.758574645781174, 36.44087219042672;
  -19.09945430414238, 2.522462442750078, 25.29832586582532;
  -25.5819769205225, -0.07955300591226656, 33.63896066685611;
  -26.55302048204707, -4.919619267714538, 35.72111106196046;
  -26.23099112064341, -1.139934284501179, 35.31542167411658;
  -26.25001800167931, -0.9313955230662555, 35.65838468326581;
  -24.72885171856531, -3.976966745222061, 34.145722775425;
  -19.48419965400386, 2.342087212187456, 27.52207403281912;
  -24.5271856727446, -7.176848863172095, 34.56402155591437;
  -19.12579658850031, 2.346255163384616, 27.52677922752804;
  -22.51777634088239, -0.7306332316528652, 32.91748274644018;
  -19.36385168603892, -0.1254728164592525, 28.97860768605904;
  -18.38126469424948, 2.269660949899994, 27.58366714349045;
  -19.68965142802884, -0.4004596474100931, 29.47725637516831;
  -17.66048412809354, 2.546847746431871, 26.64356334365736;
  -19.66122876051905, -0.5522035100612487, 29.59506413679796;
  -19.75751906871818, -1.141351014454757, 29.83259956431598;
  -19.6638300466275, -0.1777638338310582, 29.69913941987641;
  -19.10731146215839, -0.3212448969407479, 28.92906130598268;
  -19.15102018994481, -1.291374960918593, 29.20832275463483;
  -19.35133053575568, -0.6026430575571562, 29.52431763075755;
  -19.49424146959748, -0.3529978066082447, 29.7921389015019;
  -19.28166300019486, -1.0122880200371, 29.51016818373636;
  -18.65823572588487, 0.9380111315887667, 28.65979397114705;
  -19.09631412387399, -0.7462051955673448, 29.30488589266762;
  -18.36031523610939, -0.3679561043904479, 28.43829354797165;
  -18.92681193914007, -0.5025820083339551, 29.8774281338295;
  -20.32896123414092, -1.455974405132916, 32.15356613501775;
  -18.91593346848454, -1.054089840446736, 30.07716360264199;
  -19.49192908229288, -0.6207381665885114, 31.01008392885805;
  -15.19050201764135, 2.787654271133195, 24.59840885716557;
  -18.84083460632516, -0.6844951349612432, 30.31126455363593;
  -18.14627504536847, -0.2200671873751253, 29.32304708888863;
  -18.14633389441725, -0.0751184102208942, 29.36383074668067;
  -16.32311905738304, 2.444488096415956, 27.62146624573366;
  -15.65205295349949, 2.241926994313594, 26.71021778729706;
  -16.03143879529271, 2.156029692767213, 27.52549579375353;
  -16.42891970398382, -0.2465814024819999, 28.22028706936971;
  -15.73050548571795, 0.001488071949403655, 27.50273841844845;
  -15.92969887337863, -0.1180246377136517, 27.83996039518282;
  -15.88229161957389, 2.320195738638234, 27.78654333022457;
  -16.19455116142749, -0.2348072185199824, 28.48063012152171;
  -15.75845146914607, 2.198449848136881, 27.75282803609534;
  -15.61069732085506, -0.1098107467871703, 27.79529650996698;
  -12.69026900915542, -2.418561051126267, 23.06949869593245;
  -14.37676990976128, 0.2525502730672991, 26.06309877888941;
  -14.77984456607378, 2.065401381445814, 26.84200427704887;
  -13.31111518232666, 1.92186320645395, 24.47850419714926;
  -13.24523939006278, 0.4526830344317402, 24.45747003999644;
  -13.35857092314683, 0.8903443355366021, 24.69673869337066;
  -12.96815882766726, 0.2932938900952803, 24.00621502186769;
  -12.88877932359498, 0.7424922716385027, 23.97994020669333;
  -12.82467822470691, 0.4232360618249685, 23.87807483792421;
  -12.95557657799088, 0.2766018684302847, 24.27470318401748;
  -13.33812761597042, 0.945244835675689, 24.9944884179063;
  -12.76359913089593, -2.880362721750507, 23.94011301276834;
  -12.38799385608207, -2.476828638894432, 23.35629185918106;
  -12.5058936751859, -2.831740191946947, 23.71691323994774;
  -14.24493270745733, 2.223842364351235, 27.3500290129037;
  -12.24184460625378, 2.642419369747209, 23.67758299674404;
  -13.8614579408708, 2.191524067105539, 26.98354831518943;
  -14.02893608716191, 2.213575989605288, 27.67880531461725;
  -13.6733029696373, -0.1083528535899424, 27.01607144398912;
  -13.24713888201183, 1.753509597932045, 27.28290522449746;
  -13.28026008721691, 1.901452929562891, 27.39750016028957;
  -13.15325923890818, 2.228120350123994, 27.17015085781766;
  -13.49836274000226, 2.074068916020749, 28.08259083132914;
  -12.65193820405574, 2.160030468619463, 27.21487813356147;
  -12.50600429746186, 2.243978595701647, 27.15125381208552;
  -12.43329378431804, 2.379309592710432, 27.41624340666139;
  -11.86474770382632, 2.333675153506706, 26.85262997605096;
  -9.005556564155601, 2.517005194963265, 23.75784659098125;
  -6.377980012426648, 2.267621190980155, 17.44007120551804;
  1.525184885965431, 2.210594574129553, 33.53951287431268;
  1.075683137316599, 0.7374517948196816, 21.1360427065535;
  2.360316145312404, 2.189541591119542, 36.22449264196808;
  2.23153983974053, 1.524306549939661, 34.0232565217831;
  2.2818916748565, 2.142042557502082, 30.10048608846782;
  2.521148745273687, -0.08989289797342205, 31.6177124575952;
  2.741852588096684, 0.5510087506010484, 33.32162381052196;
  2.633399381776655, 1.292473976541603, 31.85309430230139;
  2.695952613838168, 0.67456371517439, 31.71375206898883;
  2.371550192524373, 1.307647347762987, 27.43829116614007;
  2.693162725746174, 1.057891942838779, 30.48774869789282;
  2.023609306829803, 2.411323969490547, 21.78829293689989;
  2.750542460590888, 1.776396942601241, 28.1912081719471;
  3.043150801490843, 0.892959165208197, 30.44941664277854;
  3.670688610844705, 2.511356387000054, 32.38394530872724;
  3.568598556517368, 2.222814551916112, 30.23494134814931;
  3.953222298604698, 1.412634062585689, 31.55203477736822;
  3.990924107784082, 1.998290198606525, 30.27416009555542;
  3.73535461371847, 1.261254576926652, 28.1732868424488;
  4.220030769711665, 2.268861176017061, 29.78303931504227;
  6.221916300497814, -6.028183282288066, 43.37180671828679;
  5.285134090446507, -4.99825625968035, 36.98173655046591;
  4.366627258934012, 2.584361118994788, 30.52111086019579;
  4.33321925525979, 2.246674480474693, 30.14530364834263;
  3.777841854795035, 2.359504650540969, 26.12616572132993;
  4.589544142087246, 0.3373912138721251, 31.08840969567739;
  4.575954225399687, 0.5641046798257327, 30.19141073603922;
  4.570547858573956, 2.26658379384098, 30.07308989751781;
  4.931612143926277, 0.3701827292443016, 32.25749401712856;
  6.115647441782616, 0.05468939872783267, 39.65385261209398;
  6.241946903448139, -5.370874355466619, 40.36781567993513;
  4.793406397621385, 0.8403584794738258, 30.58278239214973;
  4.261993251910784, 2.325695102703588, 27.03849182799996;
  6.641608095315513, -5.552410669281451, 41.19325799460597;
  6.044862918430312, 0.849793564932839, 37.48851075204946;
  6.802858443026596, 0.403160010427666, 42.03246122662721;
  7.53196557910615, -6.527272695013578, 45.49249950833622;
  6.94341867546008, 0.8238738353909499, 41.71410975348177;
  8.822349415656108, -0.915615329090255, 51.71571158086711;
  5.291488011593716, 1.50355506149061, 31.54809842972837;
  12.80015036223603, -1.649003622745421, 73.68439795446227;
  6.869828598190042, 1.429993592272857, 40.08477316527489;
  9.069148298558211, 0.6994146144631067, 51.66995534349283;
  10.67571865261577, 0.3001504976847407, 57.98966748522561;
  7.02269258054762, 1.44114440229488, 38.5540482663289;
  4.624334382226648, 2.196623342775555, 25.71222192665499;
  13.15770551426502, -15.03910444353026, 70.22625457718834;
  12.91231968941025, -14.3298619875306, 68.54119688324163;
  13.35500234654429, -11.40203185829086, 70.74030519866641;
  14.27889791844837, -11.05182736206028, 75.56901711014734;
  14.28552557217305, -13.03224733436169, 75.30324197609953;
  6.989951061514993, 0.9911692571067842, 37.35441460448924;
