m=[-14.13295019347532, -2.413735984886823, 17.88524286852622;
  -13.92304069562809, -0.8892122936692238, 17.86536383874613;
  -13.74578487386055, -0.9589213852603065, 17.79505981178543;
  -13.73137452504313, -3.316144483899347, 17.87998263482925;
  -13.12406755149782, -3.228683948975138, 17.41054017931962;
  -13.54737444352508, -1.500971901954376, 18.0267160337757;
  -13.07280963494129, -0.5681121170407906, 17.60024173696115;
  -13.19937407268617, -2.445518205872767, 17.75678618248234;
  -13.46328638451758, -1.896861187541084, 18.27039062300608;
  -12.7356409677584, -2.04818327936504, 17.58543707575167;
  -12.91142987169981, -1.860473784056675, 17.90285735039395;
  -12.89004345608856, -0.3346243794276013, 17.90829118476546;
  -12.63234565239311, -0.1796621276059403, 17.73598020056117;
  -12.74012200507143, -1.679890030854089, 17.88350408480307;
  -12.69521266395993, -3.205108583091939, 17.81975931103287;
  -9.592774844348586, 1.176792684455908, 13.80638940176418;
  -12.56907853116393, -0.9434271538902734, 17.82661629629454;
  -12.36581141796028, -0.188122037888071, 17.6879995381696;
  -12.33963815126286, -0.8420899112671905, 17.73787933246885;
  -12.19320193174769, -3.708370228771089, 17.62753223347771;
  -12.13650353513133, -1.216495708129986, 17.61497971656794;
  -10.17059122666942, -0.2582502547641638, 15.08040001881734;
  -9.077452846920968, 1.120855425016569, 13.6219918490446;
  -9.835410316272505, -0.06373094844063754, 14.71899814189198;
  -9.923743724670304, -0.2018349043656708, 14.85677585724835;
  -8.963928545959742, 1.292703022797506, 13.52346834265856;
  -9.806828401313958, -0.2754337041562884, 14.76172822414159;
  -9.634365854287507, -0.5565573897802505, 14.54728083963455;
  -10.05177296351512, -0.09086946411542454, 15.18163073788261;
  -9.706608234610288, -0.1631939882357139, 14.69610548026715;
  -9.525493697228828, -0.587419890693033, 14.48218603794413;
  -9.621178555491502, -0.6487669564262755, 14.67381297401144;
  -9.649755395280442, -0.300514638274891, 14.72262813262161;
  -9.675693994718314, -0.1752055222499844, 14.78691129935141;
  -9.681462857145638, -0.5082771577650557, 14.81726950502543;
  -9.552747299535341, -0.3732819653371466, 14.65948704857088;
  -9.276884407546149, -0.1859165381195545, 14.36896690496598;
  -11.62849129065432, -2.145151367671498, 17.78338668862415;
  -9.484371844054, -0.1360352316358257, 14.8643478791864;
  -9.442845836689353, -0.250745051002334, 14.90625831607093;
  -9.451501811694998, -0.5266846626031079, 15.02830229100993;
  -9.636237459671436, -0.3068747248296656, 15.33047504540101;
  -9.423398700492271, -0.3423558828504129, 15.16042876938786;
  -9.885750601528233, -0.1397857316138328, 16.11538270128508;
  -10.76404102577895, -2.742908578446345, 17.54358415327281;
  -8.11757754244373, 1.215657473579594, 13.73630819560306;
  -8.027847731414065, 1.079645956857275, 13.78357187932595;
  -10.22156120699302, -3.364961315048497, 17.42381030713741;
  -10.49291697515319, -3.086069227767705, 17.89502658634406;
  -10.38093604385418, -0.4728916450377683, 17.77043965028345;
  -7.891054522395234, 1.152780185301408, 13.80563546242091;
  -10.34630136554081, -0.6107284620202392, 18.15878577234835;
  -6.300828177650076, -1.200836452663786, 11.454205369699;
  -9.941075693345814, -2.721587420317188, 17.57676430349138;
  -6.302107017126174, 1.36266127139859, 11.57584645611938;
  -9.640752334681794, -3.073703344639994, 17.20340314111017;
  -9.859980585035199, -3.038569679355296, 17.61264983593975;
  -6.577001091570843, 0.2247824085253505, 12.14449980200436;
  -9.695108307264968, -0.467440534921339, 17.45799457728528;
  -9.63648004470865, -0.5580437025443341, 17.36308497440352;
  -9.767120244673933, -3.798819209448707, 17.60702567685769;
  -6.430559009928469, 0.2122193183336101, 11.9729607712843;
  -9.700192734140826, -2.873446767487122, 17.58301665523488;
  -9.693727801058618, -3.099933506404113, 17.65675581012138;
  -10.04871748395904, -0.6119439094314539, 18.31137099751075;
  -9.612742948913089, -3.266374271209833, 17.54307380761373;
  -6.596800774877941, 0.1408418536225856, 12.36034381104264;
  -6.405116422115602, -1.445443278305056, 12.01379089337025;
  -6.307937282363646, -1.261195306908996, 11.8929687815401;
  -9.515899747070042, -2.949540265990692, 17.58237512686364;
  -9.504627127037587, -3.251318267976715, 17.56092426992527;
  -6.461142940868273, -1.463012450511579, 12.25329197093111;
  -6.104177463979086, 1.317595287801055, 11.80640444140132;
  -7.16937280531275, 1.119243965395188, 13.76507409732977;
  -7.01937411384392, 1.109777007016636, 13.66433612908965;
  -6.958285323870558, 1.097923123039812, 13.72855529502484;
  -6.972045045852842, -0.05524934083251835, 13.77554987904046;
  -8.816772205243888, -3.715002879806721, 17.34433030114717;
  -8.915407107173593, -2.895792010132913, 17.89976739667646;
  -6.620355237621743, 0.8763293383036068, 13.63483285781846;
  -6.700819740841823, 0.9594159484090854, 13.82395440436428;
  -6.654754678943471, 1.127294312072543, 13.74645517620549;
  -6.672232813972685, 1.025211053108214, 13.88120823652805;
  -6.338708475214767, 1.082190192311501, 13.63484202142591;
  -8.300356423367401, -3.780362792290279, 17.61855967785415;
  -6.261440199872962, -0.05384227445166782, 13.55905701934661;
  -6.311947638647922, 1.132566010807313, 13.70360095112915;
  -6.215227628600139, 1.189383197577064, 13.70499213236877;
  -6.06223061667303, 1.19237908113251, 13.72021046233543;
  -5.835634461678094, 1.168420029692604, 13.807381075603;
  -4.599828968912448, 1.285627748625521, 12.13495581418517;
  -5.875519729316072, -0.1845839722086859, 15.42941535281932;
  -4.510579402348058, 1.138538136542417, 13.83288260472781;
  -2.921402047215666, 1.247152356374536, 13.41790946343878;
  -2.702917216761072, 1.124473533460962, 12.71651414749463;
  -5.784087598516424, -0.2047907960883473, 29.75732003798889;
  -2.608567848381332, 1.159956017103074, 14.66616450736361;
  -5.88819790241484, -3.415559674349793, 32.67910990726041;
  -5.170480197768137, -1.602350712195473, 28.79755189610971;
  -7.485632800946267, -5.986225555949634, 41.46223020941068;
  -6.892355797000385, -4.249521157557022, 41.09630189444636;
  -2.697027127151781, 1.173890620330228, 16.66265438743024;
  -5.866276861116072, -0.3316842485010955, 35.88511814045933;
  -7.241365235954509, -3.512606201070276, 44.61955864842918;
  -7.762570357068479, -4.170189539987518, 47.89928664100629;
  -2.755689052753132, 1.188710649755611, 17.75914134229477;
  -6.147305348490979, -0.9926056452468343, 38.86001939380574;
  -7.578476512634939, -5.710983730546928, 50.16970769135168;
  -2.580363524039692, 1.113106914560452, 17.66131657164514;
  -10.82656312145758, -9.551274815710235, 71.65176533236514;
  -10.49077800442429, -9.916399131959764, 70.07536778024752;
  -2.20818296962442, 1.219397648798997, 15.69899715815223;
  -10.47658410337908, -8.849062407701311, 71.72445692594464;
  -1.939878193792494, 1.141141389587431, 14.21066113508211;
  -9.980888477484031, -9.516197485254885, 69.83605895471159;
  -10.15440361417577, -9.322973931458634, 71.24216415604569;
  -10.0717542619115, -9.200490155700335, 72.18346023415793;
  -10.06840248277287, -9.737109333864405, 73.97303804683543;
  -9.839066793557343, -8.783806694887701, 73.27867310149358;
  -9.547745727648751, -8.974536903923982, 74.02474239523757;
  -9.378306593365233, -8.125660457633542, 72.9969762125196;
  -11.01870503019375, -7.701659181607014, 88.39991711870576;
  -9.173971422581753, -7.585822251770315, 74.61406163986166;
  -9.40031445465535, -5.809410705012177, 78.13027733284385;
  -7.478263813788781, -6.425999738460111, 64.32755019399794;
  -8.451959978439914, -5.709522286703701, 73.47288728783933;
  -10.12504402950782, -5.457878681728185, 89.74000308010247;
  -11.69479880545442, -7.336813149637464, 105.300136384703;
  -10.26726465998314, -8.991707022959307, 95.41845420683094;
  -18.5584099207853, -14.75974985792494, 176.1788154306334;
  -15.5553526031722, -18.52224309999289, 181.5514656387335;
