m=[-22.30211755925593, 0.1696173473031322, 27.7346842730411;
  -25.03171185725051, -0.1468384261062605, 31.20704763678563;
  -29.67503841164109, -5.043970532678396, 37.02125721566758;
  -27.65151804578228, -1.697673261573305, 35.00580887804073;
  -27.18274537520286, -1.594793599000542, 34.68387204753732;
  -27.02326837462165, -6.282660822439955, 34.46024253299561;
  -27.12705908668422, -1.835587679642375, 34.65078880222939;
  -25.86802593847706, -1.05554860815652, 34.35570861584378;
  -26.2331720912165, -4.846485927174709, 34.83866302290839;
  -17.56477758130863, 2.149082126812177, 23.7780053504707;
  -18.48317285070561, 2.461263172346497, 25.10591383423233;
  -25.8024924503305, -4.083571509884988, 35.1314785439285;
  -25.5650638685453, -3.645716738628528, 34.99715783421785;
  -25.58759085034384, -0.5906502807863704, 35.08487452441801;
  -24.88086722933337, -0.2796743010162042, 34.47291754977236;
  -25.16618365138789, -3.278601538817648, 34.87948496392;
  -24.83072363939199, -6.277852649056307, 34.43170808765791;
  -25.26906320138504, -0.6621023366655787, 35.10132816435383;
  -18.91231868892063, 2.411296640708071, 26.63898082318669;
  -24.93825467270911, -1.813922830936125, 34.9111383771922;
  -24.41875106414457, -0.3056389744390258, 34.46850408043787;
  -24.47532373851425, -3.304259718396335, 34.54582587052393;
  -24.15970699413899, -2.033592960305827, 34.14327464486561;
  -24.29922758093239, -1.605105346441983, 34.4777432270357;
  -23.88087895646207, -2.343580967248225, 34.20737995921475;
  -17.59843445371006, 2.261192883917265, 25.85461014851024;
  -19.73767842328482, -0.06688349348423618, 28.97553711521636;
  -19.65788809391356, -0.3315456006178513, 28.88907547933458;
  -17.7074185365087, 2.647013707242641, 26.12009164141553;
  -19.17576831171893, -0.4841601882173194, 28.33756416946987;
  -18.37488516116227, -1.015051137144737, 27.24886909799934;
  -19.29361276467555, -1.283930444937135, 28.61917987349544;
  -20.3126020997127, -0.113997576161755, 30.12296960901515;
  -19.35085328352645, -0.2576904398083725, 28.74314490120904;
  -18.9418529458772, -1.226735290847723, 28.35610491564557;
  -18.90000591040686, -0.5371014319804071, 28.30992867824107;
  -18.80109484027277, -0.2707438545973499, 28.21946281304205;
  -19.04704234785594, -0.9423422512189374, 28.6228470119865;
  -18.72223134054483, -0.6689430543522825, 28.20370814894669;
  -18.8323872605912, -0.7823563165379809, 28.42338996994165;
  -18.12805175507362, -0.2714607031681247, 27.54413854589364;
  -18.47641127960936, -0.4292499541063124, 28.65385508816173;
  -17.29470931956164, -0.0959317348765709, 26.90620332987969;
  -18.49258086151029, -0.9735416705229285, 28.89764954829855;
  -18.66349282572909, -0.5232212513183682, 29.2095230663866;
  -14.76971143473828, 2.817778673568675, 23.33238852435439;
  -18.26786285472322, -1.175328318411761, 28.63232973876762;
  -18.46928863288991, -0.6089639069124364, 29.21038924195449;
  -18.19421764593254, -0.3195762706715141, 28.82927491788043;
  -19.52683067757451, -0.6244138765249588, 31.24065269365968;
  -19.23868691897934, -0.2167975400501497, 30.90703151918688;
  -15.76139676491989, 2.457001567188429, 26.13699903892484;
  -15.67247559939833, 2.201746805538305, 26.37149106581641;
  -16.03316499641106, -0.1764223975616293, 27.02366814245381;
  -10.24667130716902, 2.632820497463432, 17.80546273214689;
  -15.30142949297629, 2.332230315255444, 26.24866571585492;
  -15.45518228855404, 0.0637537899534889, 26.49291243981409;
  -15.35174621534607, -0.155621863740318, 26.50691111086958;
  -12.07047125255384, 2.611149471995461, 21.2404134400218;
  -15.34328474244885, -0.04124102908046549, 26.80126324577974;
  -11.86203579180818, -2.196411977137341, 21.01902679393816;
  -12.98813989960676, 0.7627716059250194, 23.34019660941646;
  -12.66379572591251, 0.4716637758547785, 22.83292962320204;
  -11.74438088508832, -2.533275111176974, 21.27520991453061;
  -12.15601455890253, 2.700913701159335, 22.08612874536641;
  -12.43841692140409, 0.4768346197739458, 22.59825160001625;
  -12.98881394322803, 0.3537958190074132, 23.76896855249252;
  -12.36859066692442, -2.77512741036399, 22.65548562337951;
  -12.36873609389479, -2.487780657635915, 22.76260938392231;
  -12.86052279563301, -2.896216721437845, 23.81193027605069;
  -14.18910477934911, 2.187090136741413, 26.33515264680571;
  -11.75351084278871, 2.628992042717965, 22.17200932049493;
  -14.04036686781968, 2.291567657674513, 26.44218740542581;
  -11.30470682611453, 2.623379923571856, 21.6044907380909;
  -13.80983162023258, 2.284029161698057, 26.36111568023048;
  -13.39046995290784, 2.210689044024378, 25.93329120098421;
  -13.78646179419821, -0.03988922811377556, 26.72724540154772;
  -12.93769803827161, 1.680997432650163, 26.06394118987071;
  -12.7833142326365, 1.784509187930405, 25.84531334839667;
  -13.09270905547389, 1.973558581228362, 26.5207071873252;
  -13.04177424470949, 2.314112945727407, 26.44282237385959;
  -12.79177018417044, 2.058743071699099, 26.15105967820322;
  -12.68735881171274, 2.092482040645485, 26.19997980301762;
  -10.49517513177594, 2.60341531848943, 21.94146450093401;
  -12.55553618756598, -0.06213618561860338, 26.15126910312374;
  -12.25736554796029, 2.196369607453105, 25.89540845328708;
  -11.36253014395103, -0.03278609193581084, 24.22078801196759;
  -12.32632897007099, 2.315194113274169, 26.28160251029929;
  -12.00405460199275, 2.404056044083387, 26.01076173437404;
  -11.96906634554716, 2.468460032744222, 26.61163602657408;
  -11.38573308474843, 2.398683373025144, 26.50125059040507;
  -9.071775781302078, 2.581329984632518, 22.67955402819133;
  -8.929263844840229, 2.609649235427856, 23.08653525941973;
  -6.559410864688781, 2.440937544837507, 17.33879581167835;
  0.01410175260586903, 1.977970642592794, 28.61590858563061;
  1.250991952198178, 2.626471664782091, 27.37103256747941;
  2.289346088672235, 2.965597050476006, 41.92220800615741;
  2.27807944211598, 1.373332854382367, 37.48937457816523;
  2.347672909874719, 1.926304755933075, 37.72788178058713;
  2.784456776320955, 2.499635354113311, 42.27192230916956;
  2.668913016802845, 2.333202327222255, 35.80607068522391;
  2.619327658399923, 1.694463547623654, 34.77940803220267;
  2.602184798270084, 2.397179614256817, 33.95368036034765;
  3.32958148653732, -0.07879676387148525, 40.68644160192235;
  2.849900428407008, 1.319524342021559, 33.17445000312825;
  2.784880707145831, 2.455721341759329, 32.22590694962049;
  2.959992878329668, 0.005626941292923421, 32.85296054653747;
  2.890443724342996, 0.6379430663601677, 31.26961510460041;
  2.939143633340362, 1.424082531312034, 31.59200054639786;
  3.130491602052762, 0.8195998454559905, 32.77243778382352;
  3.038241282436498, 0.988328390422399, 31.32979450941578;
  3.250399391896917, 1.742152496763477, 33.26184027365643;
  3.084801288278608, 1.213179005782489, 31.12128010077388;
  2.351454060099606, 2.675828192539032, 22.33664775150812;
  3.301439489060793, 0.9107493723924029, 30.91378785849976;
  2.884510836549838, 2.540881153629137, 27.00145129402667;
  3.47237128792515, 1.043733616529559, 31.23989360426434;
  4.618656403978799, 0.1624038026469137, 40.97424101228539;
  3.744954354706495, 1.555343355165009, 30.29164412332681;
  4.076323864369971, 2.489568332612583, 31.39258319702591;
  4.917117785232837, 1.554658197150315, 34.28387068983587;
  4.55940346447478, 2.259984863907491, 31.62361211359931;
  2.644364025782973, 2.556725096536443, 18.89330086719939;
  4.804895497354271, 1.626402288136622, 33.02217541847409;
  4.515686231334779, 1.381568510644389, 30.5101520484347;
  5.921967996641467, -5.343265576536263, 38.35285044513528;
  4.610906527487506, 2.458567856529366, 29.86533192052371;
  4.338103666920559, 2.546849797092514, 27.89821610996012;
  4.718413236509466, 2.422331065074157, 30.14304498001879;
  3.964010477966207, 2.438745881628614, 25.03241059948599;
  5.071082146471733, 0.4579762369923723, 31.61482396082283;
  6.408586003166891, 0.156788118362625, 38.66333529377636;
