m=[-13.48283922867413, -0.791365289274044, 16.82976516855711;
  -13.43994373368173, -0.7571435403297638, 16.90244324563844;
  -13.43537335126354, -3.116182360034869, 16.89341877094322;
  -13.36564348860869, -0.8678670483163676, 16.83017102828594;
  -12.97925375000761, -3.12267815372539, 16.46682204972232;
  -13.08664766153492, -3.393812916024946, 16.79134948991908;
  -13.04597777530854, -1.391011692445297, 16.90670799103023;
  -12.66641555655206, -0.4799898885862839, 16.57903708358754;
  -12.8247688198038, -1.761834344453167, 16.96959737302624;
  -9.298738970410261, 1.234100705002468, 12.79812199322902;
  -12.49946000273416, -1.755470194322619, 16.88365313189966;
  -12.55871991833538, -0.247504643880689, 16.98293635373729;
  -12.20918382867725, -0.09086635191769141, 16.6764056601301;
  -12.76632966228269, -3.312669800202029, 17.39798803261922;
  -12.20162362314728, -1.561835783668147, 16.68462335258591;
  -12.40699720609929, -0.9764646878327424, 16.95752125665673;
  -12.37246519969768, -3.113434742108457, 16.930728687564;
  -12.2448210237064, -0.8539657533514803, 16.90914593778905;
  -11.86626096081247, -0.1052956564818754, 16.51302311934426;
  -11.89344391300169, -0.973527010905975, 16.56964399061642;
  -12.07088468367856, -1.603795655150966, 16.80649784446498;
  -12.02304613869435, -0.7532215344448069, 16.82429590944864;
  -9.014691992232839, 1.206914451912378, 12.92977895795045;
  -12.10758851627019, -3.679700506469037, 17.06370948923736;
  -11.78898287464737, -1.115948689606148, 16.65543092441432;
  -9.775238309211169, -0.127321668281423, 14.09024269014325;
  -9.563337346729695, -0.2009450208628836, 13.85541226305191;
  -9.45105257073641, -0.08664050720510061, 13.76846468468336;
  -9.601655011192182, -0.02053698524575284, 13.98327591723555;
  -9.386024425755117, -0.5730264209963235, 13.77886694758672;
  -9.392237704683327, -0.2296808613412427, 13.79252370913413;
  -9.474136056114148, -0.479598061572326, 13.92329499333834;
  -9.349027773714299, -0.4258529087815879, 13.78102550309874;
  -9.334982061908367, -0.2963338380216936, 13.78621378790481;
  -9.365443514815464, -0.3568894959288834, 13.86010514109291;
  -9.471496487537209, -0.08845652894721527, 14.10282151629403;
  -10.85786942512914, -1.964002235129971, 16.19172033665669;
  -9.183866981180854, -0.05719250392872349, 13.8669659170259;
  -9.238989556140989, -0.1757722541348653, 14.05619138409669;
  -9.228250017298418, -0.02391133131290907, 14.04910685806337;
  -6.884954658889809, 1.381301479679236, 10.78987067650919;
  -9.255547161578859, -0.4496650357200097, 14.19601551688279;
  -9.209818450739299, -0.2193868644260465, 14.15071032266167;
  -9.221178494922006, -0.5539761125989713, 14.18361054756691;
  -9.081449154430047, -0.204423574510115, 14.06479691078257;
  -9.130660007879582, -0.2619336028774369, 14.17878726501084;
  -9.075851172311573, -0.1265121031691134, 14.11053160672734;
  -8.988601578575699, -0.3205760762622155, 14.00375425842073;
  -9.783003902521331, -0.07566149215206615, 15.45555883231178;
  -7.964539026058692, 1.296733036929448, 12.91260242893991;
  -7.631687780652722, 1.216638566947308, 12.80493374624241;
  -6.316942093329283, 1.416779060693293, 10.77785384922112;
  -11.17341455449115, -0.06692706099017239, 18.4510971776225;
  -7.55902785205029, 1.21674453465335, 12.82957192107405;
  -6.503974832391583, -1.166125257278014, 11.19556425672114;
  -10.13980353244841, -2.96990943533649, 16.90790011031798;
  -10.00643376145358, -0.37772841595993, 16.71536463755393;
  -6.16644039217111, 1.434997554712202, 10.71221032121908;
  -6.733931134351113, 0.2450328480531728, 11.75195082768992;
  -6.045136969255068, 1.39698740560407, 10.67388813416717;
  -6.257266242565494, -1.314544209524468, 11.02063427847911;
  -6.333972940277369, 0.2821171479679224, 11.20344722208885;
  -9.794257084595648, -2.662282456975767, 16.9224534221603;
  -6.276323340060642, -1.391519693560516, 11.20741773374398;
  -6.166828607240148, -1.222498072352925, 11.06562083599122;
  -9.705814315492448, -3.091852894043899, 16.91332296851698;
  -9.648319808237197, -2.961700527613815, 16.84972032289022;
  -9.628139011799256, -2.849155250875822, 16.90740981670504;
  -9.653437622832369, -0.4780514060636531, 16.96767906065377;
  -9.361346452454695, -2.546555321059377, 16.50912673272002;
  -9.503496844289696, -3.710975841633103, 16.7624396617497;
  -5.918778009749721, 1.379233993638225, 10.85753765457792;
  -9.390672885525369, -2.766934638966666, 16.64354441167119;
  -7.098115461333598, 1.151703002663715, 12.89997417284666;
  -9.300890813316775, -0.2204222366578971, 16.59913159072094;
  -9.424324501232233, -3.203610321144861, 16.82348116388511;
  -9.811506646220616, -0.5179667870128163, 17.49781213313065;
  -5.758628956441071, 1.3906041840305, 10.69028954836367;
  -9.288537217297311, -2.859982997161263, 16.78517044728747;
  -6.971408006826213, 1.193045057946981, 12.85712703422961;
  -9.288984216638202, -3.167788309245846, 16.78738069515066;
  -9.145940010018427, -0.1983218526497141, 16.57191644352509;
  -6.873255028121638, 1.193496495883526, 12.84955854788422;
  -6.737470003114066, 1.169642197538394, 12.77460219373768;
  -5.482877932952211, 1.360221255912255, 10.6186905765322;
  -8.661687852605391, -3.666907135384785, 16.6869037441849;
  -6.486642492317992, 0.9631948637736767, 12.84792924429479;
  -6.408053822225751, 1.022212712138366, 12.7262788342592;
  -6.463184349756513, 1.206095997531192, 12.84528010387846;
  -6.353178448837669, 1.078613533270356, 12.72770096587596;
  -6.255677348345594, 1.090431900878141, 12.66342999563466;
  -6.530692160359993, 0.02740408687731198, 13.18618000433589;
  -6.422120674973106, 0.008600806804449569, 13.12065805720014;
  -7.987604048031112, -0.6900203847221521, 16.1534603961927;
  -6.134234118349155, 1.211959334727626, 12.82510070815626;
  -6.471047159018034, 0.03227681338626038, 13.50052628956096;
  -6.052845326751041, 1.273918001721509, 12.85855060148905;
  -8.023081467436517, -3.675239284175332, 16.72218714021869;
  -7.795072338525858, -3.669235963565769, 16.65291810963911;
  -5.882987349677732, 1.274576790295229, 12.83778827680719;
  -7.745958265506576, -3.511307234748327, 16.96477349707274;
  -7.381450794371361, -2.914859011867964, 16.73404826866685;
  -7.287179495663057, -3.748786492588864, 16.74401397395493;
  -7.268931573375896, -1.597176715311773, 16.74301165940778;
  -6.766799520322633, -0.1886295603208178, 15.94280123347132;
  -6.653244334388098, -0.5199206133849955, 15.7536124756377;
  -7.016896372598581, -0.5311928884212749, 16.70151608009552;
  -7.272414455422667, -0.4121150872414946, 17.40619629917969;
  -6.934933444824011, -0.6257742235024442, 16.7605585768497;
  -6.907572490232974, -1.187766421104682, 16.71075602897039;
  -6.717376092065663, -0.548404780443537, 16.43151915012242;
  -6.972288471954866, -0.4271812705320712, 17.11066555679433;
  -6.577216875356215, -0.4391941586074697, 16.40913541781318;
  -5.499488084163562, -0.0925474723433022, 14.12355899857717;
  -5.947781855912304, -0.1827864801098588, 15.2813045962549;
  -6.512083314343712, -0.4525894425140026, 16.70411516625928;
  -6.394284633881016, -0.4215940367870757, 16.61799505367004;
  -6.169475576981839, -0.1154965565655842, 16.35516948525284;
  -4.196618229479077, 1.309626596001501, 12.15218766333544;
  -5.175878648219293, -0.04201875395749027, 14.88255356862306;
  -3.618736723083975, 1.32962432842972, 11.32309141973647;
  -3.041007833817303, 1.362451519113126, 12.39192559820319;
  -2.528637550739522, 1.320086510912823, 13.73262502481202;
  -2.51019103241052, 1.310916936623026, 14.33860231391106;
  -6.968069456505849, -5.814352541945821, 41.02540887966024;
  -5.906363810414786, -3.488566560271173, 35.91009497686468;
  -2.352361306423295, 1.278337193998042, 14.84784527648359;
  -10.9646938355731, -8.708534651880285, 66.88615863714999;
  -2.464674120630725, 1.282318759027175, 15.73114654946727;
  -6.48357886670343, -4.799629786243559, 40.0208939495003;
  -5.920808059922505, -3.762299284530345, 37.69818204079787;
