m=[-27.5643706516805, 0.2989486133784957, 33.53849369307685;
  -24.3813972856836, -0.0570560264222614, 29.86327471548166;
  -28.93788573115384, -1.698487827690709, 36.12131043542458;
  -28.52859154052036, -1.852437898257304, 35.92352850293256;
  -28.94981460790535, -6.965034767923636, 36.72872529520812;
  -18.44437630700629, 2.34258364665839, 24.28219466563295;
  -18.781651029549, 2.580770140642753, 24.85824631269654;
  -27.56977851560476, -1.044748205123304, 36.08600857565175;
  -27.73780485478171, -5.100544474171572, 36.34149137643691;
  -26.38092521756909, -7.028094570266632, 34.86017119259866;
  -24.65718961788089, -0.1808065202057616, 33.07151897979755;
  -26.64520557623579, -3.742150796950358, 35.99102749070107;
  -26.83180754663371, -0.5287956905392157, 36.28418204907364;
  -18.97098720218827, 2.517772437242681, 26.1103155296852;
  -25.93913248878947, -0.1930509339723264, 35.43000923934638;
  -25.891063685612, -3.314115480886245, 35.40370192805748;
  -27.11328042253255, -6.822846367117249, 37.10235488679781;
  -26.39211273070739, -0.594557732127585, 36.16330371334549;
  -26.01512172808716, -1.814319946534573, 35.92486072584675;
  -25.29568134301788, -0.2244620594444626, 35.20133024347541;
  -26.0280293357232, -6.114123029463514, 36.20278210447262;
  -25.75130550317754, -3.421442003857777, 35.85398019885827;
  -25.61973712610699, -2.097080230673151, 35.69276707554023;
  -25.76134880038495, -1.613900707770305, 36.04881410621147;
  -25.03577588089215, -7.608794853324225, 35.28392180615677;
  -25.40432369423169, -2.404780975454277, 35.89113352439187;
  -20.55252556371488, -0.3989811674772611, 29.36792285686249;
  -20.44814288949842, 0.001558526352268786, 29.44011785820909;
  -20.14597596276561, -0.2623996661359914, 29.03885118357451;
  -19.98160942507812, -0.4198539460881161, 28.94945835602199;
  -19.40629313540171, -0.9916888042798748, 28.18166774075148;
  -20.23555401057144, -1.276251751834848, 29.44154257184809;
  -19.62802445935249, -0.04198239243704582, 28.58508053095478;
  -19.6909573980188, -0.1805126490990882, 28.68614363459219;
  -18.63097954092562, -0.3134190953698635, 27.26198123419385;
  -19.05427721359151, -0.4659595444938826, 27.98125201812448;
  -19.11666262563949, -1.167091866467531, 28.0636336378806;
  -19.62023323341114, -0.9932120217197288, 28.83411147242155;
  -19.372506632874, -0.1946821895760684, 28.50404954406238;
  -19.27982130923336, -0.8782055400894749, 28.41960849712745;
  -19.12155532069232, -0.6070031886024327, 28.23935256222891;
  -19.04240666853124, -0.7256500886961818, 28.18123435881853;
  -19.6763371098007, -0.1837619309069521, 29.29757411820631;
  -22.39763963469918, -1.42139193989231, 33.92305245005411;
  -18.87663955827047, -0.3591290438728942, 28.71890445457832;
  -19.00872512406581, -0.04925353381470463, 28.93892233120656;
  -19.02611924025059, -0.9243516821236772, 29.18196830997352;
  -18.88891579502656, -0.4499524101200769, 29.02245871123692;
  -19.24509519051666, -0.4332074191830616, 29.80563462729458;
  -18.62009156765755, -0.5341593779655987, 28.91470243826874;
  -18.5309666959974, -0.66175489297978, 29.14082191281279;
  -18.90757079492246, -0.5368199966284288, 29.76160091428842;
  -21.21911477362062, -0.1641080696599044, 33.52275845139421;
  -16.00275256796724, 2.605461266345203, 25.94465053191081;
  -15.03903913922993, 2.397513571375724, 25.23346149893403;
  -15.77332903563476, 0.1388529443619831, 26.47049190481005;
  -15.17654493121388, -0.07674791165331449, 25.6612269340519;
  -12.59800507805394, 2.825511068075609, 21.49449140374336;
  -12.45268544103957, -2.232694834766876, 21.43532895139294;
  -12.06215231304462, 2.806993658085272, 20.95411684639985;
  -13.38174284250088, 2.099434483597906, 23.27818369007495;
  -12.17496216164641, -1.933980246306103, 21.31430531536908;
  -13.33985929984037, 0.4854079514110541, 23.28051288500927;
  -12.67893795006004, 0.8438274283302328, 22.21739045951529;
  -12.1547961011848, -2.553513980925325, 21.40768146469667;
  -11.83777761679932, 2.735624738548856, 20.90194393964817;
  -12.13808672487994, -2.04954716042436, 21.46584067091451;
  -12.35646165493077, 0.5503606905070563, 21.85594528238059;
  -11.24785401212973, 0.3661529626630817, 20.07979994955713;
  -12.66745859178539, 0.719614256298328, 22.53466261763081;
  -12.82140210909214, 0.594156062606738, 22.86133240662987;
  -12.22076888796573, -2.709458970909497, 21.82221254930606;
  -11.98796216595954, -2.376466344811231, 21.51093412406079;
  -11.94502203301877, -2.655175657919507, 21.60725817942481;
  -14.19225376884737, 0.06118562217548718, 25.61595926931119;
  -14.07024294461935, 2.403899577142536, 25.42260750811819;
  -14.09381689435687, 2.286788842002542, 25.61382312311316;
  -11.47589768647414, 2.674191897487417, 21.05164124177812;
  -11.06203801996449, 2.671281041168865, 20.53551119944223;
  -13.5903489751752, 2.325771015658729, 25.06421128160139;
  -13.60256080944549, 2.361997131590861, 25.4300038056193;
  -13.35242545233876, 2.318015552028081, 25.31691026399033;
  -13.70059196147735, 0.03904756698748779, 26.04882324942018;
  -12.89505506437646, 1.91477344724878, 25.54091045785232;
  -12.63885593976771, 2.016150233274508, 25.10053899323359;
  -12.89323735748913, 2.406009349350079, 25.62471319713739;
  -12.43506600825471, 2.111168542112585, 24.91190872703264;
  -13.24720450716037, 0.05558791231950067, 26.74755123904622;
  -12.46676052669826, 2.173090557893836, 25.23658756856065;
  -12.83110955536715, 0.01718402689044796, 26.21448731515011;
  -12.24890013960881, 2.315468609003928, 25.36260295268315;
  -12.02644160270666, 2.376100729569087, 25.14418617543445;
  -13.23739242080407, 0.06602653857831353, 27.61713212570984;
  -12.2634573313859, -0.008684215430973726, 26.31684173352689;
  -11.47211453992369, 2.48548739935607, 25.03431824630549;
  -11.53630075905801, -0.126394162890306, 25.32902077276897;
  -6.560163759661165, 2.353125738546674, 15.09809230325599;
  -5.881304291722438, 2.288983154428236, 15.01076102157325;
  -8.577168843882772, 2.638155999830908, 21.70759088240218;
  -8.094392870596927, 2.525993931817458, 23.43901108118386;
  -0.3595805800059432, 1.894632877189264, 21.80506686446734;
  2.09241910146158, 2.556046489091091, 33.24438365566137;
  2.419023052903505, 0.1348190349235174, 35.59872066547126;
  2.312150529132973, 1.828106654419496, 32.41229276450421;
  2.64311354443918, 2.329685615747171, 35.61117023928373;
  1.763538935171249, 1.388903287392835, 24.0358663555777;
  2.642348894338126, 1.677849630456663, 31.04009297773421;
  2.515983663262642, 2.501532384305339, 29.67024542364658;
  2.754525827486296, 1.309820423181525, 28.65822118049545;
  2.844212258160548, 2.449465161760326, 29.41055244355629;
  3.241393652074218, 0.1425724113735646, 32.20985689567282;
  3.068707969676062, 0.7446658312393343, 29.71316103764509;
  3.020161746027779, 1.484287642902062, 29.09756764805451;
  3.181890575394227, 0.3419963753456006, 30.00447588284662;
  3.215742655788433, 1.095509420954566, 29.78463469245284;
  3.168649788286537, 1.709861303353506, 29.24505257166542;
  3.868047068896026, -0.04343546071320568, 34.88502388448114;
  3.253323431443431, 1.318599914061057, 29.52261940556731;
  3.103361122832469, 2.700512434751622, 26.19115671435857;
  2.594288159460655, 2.900950018079643, 22.06254924969741;
  3.635797727150948, 1.158720253715501, 29.65473667648545;
  4.0389155647061, 1.71324966573626, 29.76168104803418;
  3.974816590637403, 1.789253092600203, 28.47206847487807;
  4.096879501121853, 2.498735652734666, 28.88346717050811;
  4.379512696902346, 2.777680171388805, 28.31254040284492;
  4.520105857580879, 1.592394777879082, 28.66185636759877;
  4.591098305557529, 1.463924048761802, 28.53232393596369;
  4.845563636957886, 2.595591794020736, 28.90614311553106;
  4.636916957619627, 2.397908244829116, 27.3132546851782;
  4.949048354145763, 0.5522207403988428, 28.52501684206462;
  4.32543986114854, 2.657722137749493, 24.97212937747192;
  5.923580163754556, 0.266158507882294, 33.37000506871564;
