m=[-12.78928293765916, -0.7533104508084632, 16.33996085311144;
  -12.56723268724252, -1.12416699033334, 16.09070875673594;
  -13.35322625209031, -2.735823044677756, 17.2332544672204;
  -12.32252184732095, -0.5151196851860612, 15.97803605729504;
  -12.75562612304463, -0.6799677577391561, 16.50658955081401;
  -12.80776011222932, -0.8307597516182999, 16.72166635220311;
  -13.0904716164044, -3.667375003119611, 17.14182291235483;
  -12.05647853140202, -0.8938459589722694, 15.87237342813027;
  -12.51200756756876, -1.057221695617208, 16.57283855995934;
  -12.42434037099465, -0.8794605176302518, 16.50016794548342;
  -12.18553570750421, -0.3278875779011394, 16.2180692062744;
  -12.08813278147574, -1.032282593488217, 16.20815102752069;
  -13.46632946964782, -1.661732450344136, 17.96684665647561;
  -12.89671583897938, -1.362321199896853, 17.33140645467907;
  -12.72298686727357, -0.04056427579212851, 17.14520314280897;
  -12.20339570848143, -0.9567483212370181, 16.5213759239246;
  -12.05201039509471, -0.4187169857359492, 16.47632988295018;
  -12.21173123864613, -0.9835331800171263, 16.6877045212974;
  -12.62641867527684, -0.09148699196652387, 17.2600392500613;
  -12.77235560429104, -0.220486178385129, 17.46806147627418;
  -12.88267760360486, -1.657635459696063, 17.6276472994864;
  -12.19316107858802, -0.8209035845687688, 16.73972955095707;
  -12.61819052256185, 0.04145855431514266, 17.5063799341735;
  -12.04846676397563, -1.169473396865906, 16.81261310243535;
  -10.67143446805175, 0.1480723168876751, 15.03336520201536;
  -11.99108117292605, -1.004015215415582, 16.81161178724165;
  -11.96756630442166, -0.4896102067494386, 16.82092850590989;
  -11.77784757143554, -0.634180254213464, 16.58394150092658;
  -12.21504900519574, -0.5972510025573267, 17.42687160208704;
  -10.38228493334827, 0.1643553072293343, 14.99130549648147;
  -10.44638240444093, 0.04934449219834915, 15.08475154303718;
  -11.88569154607359, -0.7833580435100961, 17.16668010357569;
  -11.71173598287535, -0.469975203194191, 16.93903392015822;
  -11.93592147629015, -0.305617725307615, 17.24940548710822;
  -11.57644309121025, -1.27169563792663, 16.86301089598755;
  -11.51144061353173, -1.317474480427377, 16.84930233900244;
  -11.94335322682172, -0.7830763446628258, 17.44724603347074;
  -8.845915374757135, 1.309028468432006, 13.20389814382347;
  -8.796931467225733, 1.347164406388151, 13.26051257908375;
  -10.04612763148957, 0.09079058584872553, 15.01710027528877;
  -8.321719640920547, 1.343753793514683, 13.18349093647797;
  -10.90161801956431, -3.704133084319423, 17.28714925969832;
  -8.366386154646881, -1.289800679618787, 13.49593336667546;
  -9.201628214656024, 1.106726304657771, 14.77064806887343;
  -8.402659447472757, -1.036676577488806, 13.64884895407798;
  -10.14213742485947, -0.03333570641231159, 16.33208260624276;
  -8.39409724898084, -1.14497029019594, 13.69501624403394;
  -8.390637954754979, -1.088486331144255, 13.6975817086918;
  -10.71412447959525, 0.03874113166445323, 17.2146482739922;
  -8.021627372667778, 1.34548584814725, 13.16644015234653;
  -10.70571669996431, -3.669139262172697, 17.29926228105833;
  -8.314197927757824, -1.193071127920114, 13.65565376598264;
  -9.836990440029364, -0.2354268231890992, 16.02308700529739;
  -10.74473978981725, -2.924937389598481, 17.4408788883264;
  -8.424929841660482, -1.007323825705302, 13.89735944554724;
  -9.440585814692867, -0.136661939047511, 15.44884079598814;
  -8.907136857126378, 0.7029673585117208, 14.68293973615812;
  -8.909010831930155, 0.8417697038552807, 14.70081612021368;
  -8.785119062658543, 0.7895699085747944, 14.60647964814441;
  -8.867339544609321, -0.4514461720980654, 14.76215430429405;
  -10.48531886584056, -2.902628256390244, 17.30377767311775;
  -10.39192451240729, 0.2084339961645597, 17.17174176562889;
  -8.629896899732048, 0.500092136789694, 14.5893310352117;
  -8.610415007803512, 0.6794683383854122, 14.60224434635198;
  -8.491939519862305, -1.501689949061713, 14.45208851064448;
  -8.400268579181347, -1.541869382374905, 14.3143853706274;
  -8.598563625875755, 1.079607806949543, 14.64369973482936;
  -8.475152730839877, 0.6597667544643016, 14.51888733056514;
  -8.466734588708466, -0.7577607577207501, 14.53630618840358;
  -8.367992405148515, -0.5838539654877155, 14.38076351589259;
  -7.917327040663593, 1.298408454659246, 13.64712507545658;
  -8.484071772908321, 0.5704576174971553, 14.56373716369026;
  -8.654206253138723, -1.374191598444118, 14.92332919669063;
  -8.360974361768806, 0.6076206422744488, 14.47982425363692;
  -8.390757697402552, 1.023406559580241, 14.57305872344832;
  -8.21735533889902, -0.6415228184462826, 14.33811929664981;
  -9.019800894529535, -1.290826182019049, 15.65309247913325;
  -10.10554143923564, -2.927075837447966, 17.43112298055344;
  -9.962388464800743, -3.658246725520298, 17.23073685557604;
  -8.85437608107663, -1.517413149910245, 15.40742385140653;
  -8.094416999380204, -0.3662216094882752, 14.23952275988188;
  -8.433130654204621, -0.1843328603235566, 14.8244874433578;
  -8.227031106984416, 1.107436116996054, 14.49376502472275;
  -8.014624667834513, -0.3248036339991026, 14.19100610840719;
  -9.918341055582262, -2.918603341200701, 17.40625281936721;
  -8.868889641006149, -1.428054741226685, 15.65622282323549;
  -7.685138121892045, 1.358372010488111, 13.67390861640413;
  -8.942223740980989, -1.380112495129882, 15.80844422869805;
  -8.157264423115942, 1.253385514281368, 14.51957886938119;
  -8.25408085608956, 0.3169413478421614, 14.8186963527827;
  -9.069366778323374, -1.274504925818262, 16.34721792882743;
  -8.349337112430789, 0.1776313325632021, 15.11558429617781;
  -7.72390001071412, 1.350633779592696, 14.0609469741357;
  -8.61702912868393, -1.346527409233656, 15.63292519685117;
  -8.189874758131055, 0.2884990964983637, 14.90836668781628;
  -8.108249521916159, -0.3503020794183023, 14.7800095360543;
  -8.125711094318785, -0.2784669361145645, 14.83684402748742;
  -8.161438734773679, 0.1054882152362836, 14.90547649180551;
  -8.063204519972024, 1.164986497776877, 14.95813696189649;
  -8.084310911847656, -0.234782514011797, 15.04716758777521;
  -7.891270978105474, 0.291524703745383, 14.72760288768159;
  -8.266829964307018, -0.8330243516944712, 15.453190399587;
  -8.207495709633383, -0.6556508229985598, 15.50226063595441;
  -8.00634359691259, -0.5353621227749423, 15.14506931825793;
  -7.981594297864231, -0.1847631689775303, 15.15413429925651;
  -8.077701000312421, -0.3488046114709504, 15.33069860446523;
  -8.463474778660213, -1.44494301386023, 16.15006839585344;
  -8.036088889464871, 0.05783715293473576, 15.40746014564213;
  -8.099071466631239, 1.044669327996032, 15.52028356306885;
  -8.075290423122283, 0.2896915428529727, 15.51247544728105;
  -8.163296610132205, 0.9255528628122804, 15.68261943545904;
  -7.958825889299766, -0.4889469123082066, 15.59061031144498;
  -8.269225976439184, -1.172037548081742, 16.22028123610366;
  -7.891730289933347, -0.2979790113312765, 15.53776306078287;
  -8.005020118220831, -1.35250429538107, 15.80194975177126;
  -8.437798783049102, 0.1969451693993779, 16.85809427104301;
  -8.147886638431787, -0.9554679565326921, 16.34334390474144;
  -7.995144713345968, 0.2474792334263874, 16.06949533383008;
  -8.633190810264413, -3.521516214015366, 17.38154318767329;
  -7.776340394130283, -1.103674620074811, 15.7862074097838;
  -8.125789600051039, -0.7451061276137473, 16.45041677444981;
  -8.25418722890049, -1.091748168698667, 16.76166657096044;
  -7.91574065092337, -1.226548589618326, 16.14507883959417;
  -8.108694374576041, -0.8881901043056046, 16.54766879495445;
  -7.416395349363409, 1.161102878892801, 15.27083273897911;
  -8.116376183610017, -0.7687293708839704, 16.68935631562846;
  -8.004114446938189, 0.9467174933043328, 16.45755907471375;
  -8.212812397435972, 0.1215812051890423, 17.0191823961917;
  -8.018825172229018, -0.6380526937317034, 16.7828076856939;
  -8.184455485039806, -0.02648099194595087, 17.14720135460249;
  -8.476806073838691, -3.520711657172073, 17.80865535749494;
