m=[-24.30714216709762, 0.01256592988619421, 30.35860868924008;
  -26.14873821173944, -1.514608799541763, 33.071416340132;
  -25.33872871350496, -1.641865119299594, 32.10019694183688;
  -25.43398832258666, -0.6917010604490244, 32.3090288960264;
  -25.32137260919846, -1.491471782140091, 32.35132408893914;
  -25.60459991933498, -2.290388564160801, 32.78336371960365;
  -24.95294194772885, -1.427204141901569, 32.1114323690277;
  -25.16627356378601, -0.5194064676997315, 32.37966144642972;
  -25.2713497516423, -1.68048865587534, 32.55259714723038;
  -26.27122696334964, -5.3824766226095, 33.90482051890903;
  -24.994169628785, -1.332371246624503, 32.3440413858179;
  -6.740422028816228, 1.987483350366851, 9.440793702536109;
  -25.23545047322934, -0.6991171957061754, 32.74155626703698;
  -25.47778996192308, -1.833326626541898, 33.1437855590735;
  -25.26869542548971, -1.639023135306397, 32.99052218014518;
  -6.948710274898486, 1.735758851063, 9.813476340100056;
  -26.25418775270874, -7.355269902639281, 34.37955868608067;
  -6.831251434677725, 1.584650069059528, 9.687976762889296;
  -24.19933484994329, -1.79409581405552, 31.85846335231688;
  -6.739030242493095, 1.848399659279642, 9.590622522661677;
  -24.39334172261852, -1.690233104789067, 32.17928763229656;
  -24.90135829252592, -0.742449340342933, 32.90679902978216;
  -24.88085376238844, -2.102346746597069, 32.95605204929911;
  -24.72565575330829, -1.750212675943542, 32.83695232981884;
  -24.05641103940542, -0.6473082955103349, 32.01734814591661;
  -6.757138312920589, 1.910475952379862, 9.703661559460542;
  -24.92030897933572, -1.349524302643927, 33.19209624048939;
  -23.95515603097604, -0.3535921577395987, 32.01324833232702;
  -24.03152295943407, -2.05220469484351, 32.22222659108537;
  -6.767231865281715, 1.976539705847208, 9.788461909838548;
  -25.23801234012227, -0.4631669895132385, 33.96272539094801;
  -25.01106759330093, -0.07974195480150155, 33.70433681800721;
  -6.768732497912517, 1.983493198126611, 9.861356815814652;
  -24.21622413619632, -1.898556134904543, 32.78475532298392;
  -24.534540215332, -0.1567562916453311, 33.2563462488958;
  -23.77224030111089, -1.152407778957308, 32.28781403262575;
  -6.750443541056613, 1.952676159301376, 9.902093065992858;
  -6.81464354921639, 1.982974921695528, 10.01476686854561;
  -24.34376994004923, -0.8457634566010281, 33.28042135527427;
  -25.18727722793214, -0.182498956249755, 34.4304592407912;
  -25.09606751584484, -0.4332275259549469, 34.32253718587555;
  -25.79581059694378, -3.319189664820321, 35.29696736958146;
  -24.63117531365405, -1.658291888116502, 33.81561275335222;
  -23.18711746989607, -0.8201999437764728, 32.04398281788137;
  -25.44117795861233, -0.08828639739455915, 35.12974042215907;
  -23.06814682294347, 0.07579311917177463, 32.00456847894818;
  -24.52909332893125, -0.4261900311421501, 34.03756737808826;
  -25.45604249857969, -3.197175262280809, 35.34212217938008;
  -25.69343642784851, -3.56076044315602, 35.67491515216054;
  -23.81678124847563, -2.108919216317642, 33.21007399112505;
  -24.06349863137802, -2.335701466103381, 33.57857064352687;
  -21.38870274372298, 2.385575673118249, 29.97766919746623;
  -24.24607287955366, -0.2415524178664937, 33.94390905164672;
  -23.65991534493833, -1.981048635997687, 33.17143016229317;
  -7.026054914106426, 1.5609590384452, 10.54805576262811;
  -21.55562378151291, 0.2990967301390737, 30.36644843154741;
  -7.04806490884071, 1.644869682966476, 10.58741273306312;
  -23.54526665037998, -0.9632704410757221, 33.09388366056481;
  -7.084693962493752, 1.462376102168862, 10.64987339688575;
  -23.44640337991542, -1.262475674411691, 33.01399340594892;
  -23.31220807857267, -0.1925167299852429, 32.90992291253259;
  -6.943861358899889, 1.583261141608637, 10.56193786687225;
  -7.137372802542592, 1.924707775484791, 10.84802325998889;
  -20.88470580001154, 0.09865091689304666, 30.15786574198861;
  -25.38508313247606, -1.748553176231819, 36.51745314105788;
  -23.2624642541461, -1.533174440436434, 33.59832120190864;
  -23.0241846246185, -2.598625897657152, 33.29706801511226;
  -23.27821226790573, -0.9341213426090728, 33.66797439621682;
  -23.35018652080034, -1.336918618564105, 33.77001183836623;
  -23.34977100805184, -0.4469329607399691, 33.77163990425563;
  -20.61200587119323, 0.391381320778525, 29.98368157751803;
  -23.71410384432476, -2.60504216870073, 34.54352847111198;
  -20.66623475491308, 0.3857535177552674, 30.32457393880334;
  -22.83260763693852, -2.613172312066397, 33.42010111317964;
  -7.285774777089658, 2.572953934549475, 11.35568856790891;
  -17.81105827063428, 2.740791286914533, 26.56168181935101;
  -17.44263327891512, 2.581180415955117, 26.03583048421193;
  -17.52534265533205, 2.683835599149554, 26.41773754855379;
  -7.018842233974969, 2.444068140972903, 11.42344318336175;
  -19.46112338548885, 0.3490447846765261, 30.07152337967435;
  -18.90221778027183, 0.5248641851935491, 29.62771836986725;
  -16.32956602084057, 2.636824747021358, 25.86973545392789;
  -21.50748445550755, -7.307776202501285, 34.10531292838858;
  -18.07532528770811, 2.17401067446846, 29.01489413905051;
  -16.38391138439565, -2.525819349931669, 26.4291143442508;
  -18.49724790914779, 0.8317891162779074, 29.71318609874612;
  -6.682944939529742, 2.43670991360176, 11.40053151806297;
  -21.60163512494774, 0.07810920921600983, 34.70788038045446;
  -16.81325450707223, -2.074332209677048, 27.31058810940151;
  -18.20427438119084, -0.9703427556795446, 29.58253118172553;
  -16.7864793850999, -2.28970663584575, 27.38723427191601;
  -16.67785643947652, -2.163556438145292, 27.2263327934559;
  -21.17192123248142, -5.763428918139685, 34.36629655739436;
  -18.17408310998024, -0.8407759090635656, 29.63865465515111;
  -19.8564275165523, -0.4752201070648359, 32.34335416423857;
  -19.14226584860563, 0.3786935679615343, 31.20996198283214;
  -16.21613157823355, -2.32698313904124, 26.63418410050931;
  -16.66650778256446, -1.992725244744725, 27.49227040573888;
  -18.54446367528245, -1.041243092224485, 30.48126014679968;
  -17.86259942561925, 1.409748669611396, 29.44554182836654;
  -17.76496526968403, 1.678526363495448, 29.31408354287817;
  -19.4153782517895, 0.587567769916273, 31.96051552599425;
  -17.66729467175706, 2.127106586179999, 29.2018003565596;
  -20.10475010761495, 0.4032470984384888, 33.22133226605686;
  -17.32729493510367, 1.55730509514781, 28.8090325266915;
  -17.46941639971015, -0.8893875240438622, 29.08270504373116;
  -17.50560721299166, 1.95813671481231, 29.22355574097214;
  -16.48419923933592, -1.646420946941204, 27.86286610299611;
  -20.69966666776612, -6.729398169703763, 34.75973980594058;
  -17.11651490158037, 0.9918814339241688, 28.93644095285119;
  -20.24395147698145, 0.3510465267292733, 34.05634276473021;
  -17.07761459329601, 1.347635206987935, 28.96161229373178;
  -16.86817774948974, -2.982919617614739, 28.7072696736378;
  -17.08159127342451, -0.763985552227533, 29.05776713291167;
  -16.61187678810977, -3.04911015188838, 28.30728611031592;
  -17.16077644659579, 2.154651524506654, 29.22549258625581;
  -17.63897139023259, 2.545981339680753, 30.08322538058009;
  -18.17360849621872, 0.4178672026853889, 31.02242920341707;
  -16.80965187103004, 1.30858402330234, 28.79681928249131;
  -16.68329311495436, 0.8814566302415618, 28.6258475279911;
  -16.78228297132285, -1.501990564059186, 28.81304489418198;
  -18.12210958198157, -2.660277103240482, 31.03740213098356;
  -16.9114994926842, 1.137106564763762, 29.03023928225262;
  -16.63861994110118, -1.160914561403989, 28.59420121564319;
  -16.75527296917131, -0.4877834226284711, 28.84886626508125;
  -17.39982172796275, -2.762897963556144, 30.00428462355441;
  -17.42212177015236, -2.260734820699041, 30.10325903801098;
  -16.65581580230093, 0.5680241075901124, 28.82922788040056;
  -16.63317290693593, 1.208789641909182, 28.80590348106691;
  -16.10335125295929, -1.790851940489898, 27.92754837133262;
  -20.04386631471139, -5.805717301899122, 34.57381287666398;
  -16.63577176149063, 2.029037014101787, 28.89299006514445;
