m=[-8.350190661858811, -1.092269034756298, 10.70029584018626;
  -8.087826991527503, -1.081769587723675, 10.57833372724189;
  -8.131082233135516, -0.08632073533549037, 10.64604730975675;
  -8.061091254851984, -0.8590812747648229, 10.60629962205598;
  -7.911776009776018, 0.02015339365609915, 10.45207380783391;
  -7.940044384640306, -0.5634962039552118, 10.50965850143783;
  -7.982818948129224, -0.9649467890807766, 10.56237724181758;
  -7.982258261559074, -1.973862216416844, 10.58498477675969;
  -7.827866628322053, -2.249599319774444, 10.41869106269907;
  -7.934005213097606, -0.4916688335797461, 10.60919668225753;
  -7.789524040210405, -0.5810870913702846, 10.49676523965366;
  -7.773997377022125, -0.9772230058970307, 10.47992389990641;
  -7.61251131122307, -2.283875894077484, 10.40498441417801;
  -5.957232607713947, 0.08965521979589358, 8.68564518647908;
  -7.295531609760904, -2.316408463048409, 10.40744301812375;
  -6.069142948482218, 0.04217966631200626, 8.841132351907058;
  -5.874649123201911, -0.01539626088096354, 8.745372451530818;
  -5.832653430220601, -0.001813715867958442, 8.722526943871886;
  -4.176085402905061, 0.9873860204549255, 6.550168745809599;
  -5.110153228589515, 0.9072006188723156, 7.877253964378986;
  -4.041201514215482, 0.9749682907527398, 6.452334744839544;
  -3.795479431328494, 0.9549707834412572, 6.52857215499755;
  -3.686108221539526, 0.960138203439551, 6.407602392973287;
  -6.525650080507166, -1.882669849939903, 10.56689848623864;
  -4.562515792064392, 0.8180511731127127, 7.898771847186817;
  -6.19328164452762, -1.651396494858538, 10.39615886963263;
  -4.496922412068512, 0.8454267017871091, 7.899102254116062;
  -6.216912506634151, -2.361918194127437, 10.54133746608271;
  -6.184904594704915, -0.2405121085343388, 10.55938015856804;
  -6.122717697886658, -1.783393181017646, 10.44853396936145;
  -6.075511584033015, -0.08250924525493891, 10.41506241050718;
  -6.270509169415726, -0.2955747514870307, 10.72683645019477;
  -6.07712962656172, -2.359613512742495, 10.41540075088587;
  -4.444989019882434, 0.8485999660800001, 7.91646710486854;
  -6.04588392051786, -1.751153756789639, 10.40375606020205;
  -6.283993961462205, 0.1062211735111781, 10.80979885033175;
  -6.054444164365822, -0.2542007660101254, 10.50994338454176;
  -4.3713571905304, 0.8359126846182596, 7.894389104394532;
  -5.977413410915448, -0.0574591382309882, 10.50934276999761;
  -5.924217273545024, -1.999394937116745, 10.40635794798077;
  -5.962069506081428, -1.801428314342283, 10.46723459121155;
  -4.151369440738876, 0.6892639175307748, 7.842601674908196;
  -4.184990269858366, 0.7430165729664987, 7.921435863934024;
  -4.164406983928364, 0.8540008509179702, 7.893493622380151;
  -4.111929976013631, 0.7756272412238034, 7.853227734400174;
  -4.066551386025851, 0.786507366499615, 7.846002483571427;
  -4.177720578579125, 0.07447561238747742, 8.06867911815409;
  -5.565776317857714, -2.340991450660261, 10.42782848879728;
  -4.135694430918494, 0.06166167751608331, 8.080995451885718;
  -3.945135517006797, 0.8586846299668126, 7.874640746628649;
  -3.871125526801058, 0.8948301170785465, 7.855442517652319;
  -5.244301974985359, -0.3953719533104382, 10.29725116900118;
  -3.770415742704968, 0.8976190819799027, 7.863146229232448;
  -4.703407451751094, -1.841331719731087, 10.40777482105055;
  -4.630966553822433, -2.383506699970108, 10.3919768579121;
  -4.643618022326643, -0.9806617525786312, 10.4423579144355;
  -4.411523910719038, 0.05655555983440551, 10.02523267838707;
  -4.449668889669325, -0.007930195134129098, 10.12298841905971;
  -4.49625505917799, -1.902618482051277, 10.35864826917098;
  -4.528053021900202, -0.279627607994655, 10.52656443867385;
  -3.183558458993238, 1.341308417141123, 7.459379233952763;
  -4.474670889065839, -0.3467321244582483, 10.57002122126681;
  -4.520811962900231, -0.7330015504805051, 10.69009240842742;
  -4.419168100506856, -0.3006697059087044, 10.55540394562861;
  -4.327785484009493, -0.1975485497391925, 10.39753616602465;
  -4.392873082158215, -2.027865371228507, 10.51280318728803;
  -4.392807546252216, -1.909307795405804, 10.55659356852666;
  -4.288264508024747, -0.2222681993804481, 10.45132445600387;
  -4.254674347458852, -0.657197700178636, 10.40997310486372;
  -3.895189700286273, -0.002283693513570941, 9.679439169209989;
  -4.228301422588778, -0.1983839050106342, 10.47337667854105;
  -4.162071207308603, -0.22793639622533, 10.44974057367739;
  -4.106869583120711, -0.2086130556819276, 10.44765077651033;
  -3.439418213291345, -0.00495200817212422, 8.921027857157487;
  -4.034098574578316, -0.2339862365267224, 10.43003232312227;
  -4.072021902424369, -2.32617641514018, 10.52551366227;
  -3.93418369919536, -0.1355818999245, 10.25461057841692;
  -3.977766467256545, -0.2077840749144193, 10.44149839842273;
  -3.940461641014064, -1.986842101271713, 10.32834035222992;
  -3.954558789472749, -1.879098419355157, 10.37433269528007;
  -3.984567142524908, -0.2791949490259959, 10.48773365553931;
  -3.902619245282606, -1.793859913921281, 10.33591785465208;
  -4.023289928838564, -0.4631549414461245, 10.6574237569462;
  -3.928551217515611, -0.2341204658858756, 10.43591690928236;
  -2.696146081441857, 0.9266017068114167, 7.487161210824917;
  -3.908182838549738, -2.379980474778002, 10.39233646762591;
  -3.869783131664061, -0.1084473006287701, 10.3376758400912;
  -3.864053152281564, -1.770363326367848, 10.34102273446445;
  -3.932567804534488, -2.021161236320277, 10.54736738782778;
  -3.874035724138397, -0.9762098802828644, 10.46978585898812;
  -3.850660444864613, -0.09300591476267862, 10.43555372608078;
  -3.82654224017537, -2.12983590104497, 10.46839074633641;
  -3.683349533051662, -2.023560532206647, 10.13698163369914;
  -3.707545462126456, -1.778177679347355, 10.19536902772545;
  -3.735236836209543, -1.908748143521678, 10.64334217433133;
  -3.453256066327834, -0.05903164071168991, 10.29125442090009;
  -2.274780832721627, 0.962226018536346, 7.187398117969444;
  -2.35933001195543, 0.9141238799379062, 7.455560775386582;
  -3.326084643108487, -1.106900316300679, 10.35101570452321;
  -3.362051098459191, -0.3854308019828307, 10.51074167879534;
  -3.354284915412699, -2.369941371251588, 10.46353730530901;
  -3.139699108314362, 0.02947288975706466, 10.07316964295671;
  -2.954214196107031, 0.03004702171536064, 9.737723675849619;
  -3.117704841882412, -0.1783795967887241, 10.34877784320563;
  -3.037951877912428, 0.02203383336018672, 10.39687881403846;
  -3.017246720340248, -1.40898285300556, 10.45706045291623;
  -2.973221078535413, 0.05711035573963836, 10.3578061099624;
  -3.058717309432378, -0.01894839902772598, 10.65221643013828;
  -2.943836750375479, -0.4752608163187339, 10.32908110987142;
  -2.866837124809692, -2.49155168663675, 13.25907083132937;
  -1.117324329985409, 0.9117048599751154, 7.098366754924244;
  -1.445616807438785, 0.9215483879713617, 9.316071699754316;
  -4.19184728609175, -3.617621577268146, 26.13450000304506;
  -3.966071952406229, -2.521212601549355, 25.22592637035679;
  -2.39673819512842, -2.903077550308134, 15.6457131487339;
  -1.468647612622625, 0.9051227791618602, 10.16979121809416;
  -2.542001616171466, -3.018886931477952, 16.85217504476608;
  -1.531149528407068, 0.8951512503057656, 10.90861363504532;
  -3.598128054085802, -2.335763593433321, 24.37263297782473;
  -4.900954861099409, -4.41685541816504, 33.5577744811735;
  -4.332571231496593, -3.592662580276067, 29.89751605283285;
  -3.825650091148336, -1.890321336256106, 27.02932155853205;
  -1.442549766438613, 0.9084649292397996, 10.77289243989326;
  -3.77601779043649, -2.099700411552867, 26.73049692056578;
  -5.895068107789795, -5.217695675384782, 41.25796972417808;
  -1.195985681286213, 0.9430503319720422, 9.186892351751569;
  -4.999942789104774, -5.099691432423313, 38.36657453238788;
  -4.935558004250124, -4.827172675760355, 38.64449352872813;
  -4.898310839211078, -5.165421095534103, 38.77139180625355;
  -3.643763746848935, -0.3150967484176587, 29.45286002764516;
