m=[-12.80222854892284, -1.674629764291951, 16.40532994209003;
  -11.68905234060798, 0.02314968525174815, 15.104476457142;
  -12.36662195703599, -0.1312858326038253, 16.19165058741664;
  -8.935975552638995, 1.331815555648519, 12.01783880872361;
  -12.28525571312215, -1.309256129868064, 16.16420145951333;
  -12.22444966357737, 0.03113891823970104, 16.14945240941903;
  -12.19302974398276, -1.473868438840123, 16.13307037444832;
  -12.2011639952823, -3.017118191048032, 16.17952350286227;
  -11.77221536243724, -3.383139867989013, 15.66851874315652;
  -8.876276992815502, 1.30057925458889, 12.08916631470433;
  -12.11987202321201, -0.7510662245282216, 16.20645595818123;
  -11.81889983564917, -0.8816726276524336, 15.92654651624125;
  -11.86745477823463, -1.49178720654211, 15.99820747677179;
  -11.77411709155298, -1.030361970874753, 16.0977489407109;
  -9.163811675358447, 0.009293704887475942, 12.74889344790019;
  -11.70221753577637, -3.510853573091958, 15.99490445308919;
  -9.384134661504268, -0.2297969572628137, 13.05720725080615;
  -9.464189931642974, 0.07474478541296568, 13.17752301048341;
  -9.206687368030039, -0.3340538751927457, 12.96418056031607;
  -9.24072505539989, -0.2088650775542685, 13.03665403742419;
  -9.236309901587367, -0.2640327515904953, 13.06353129710427;
  -9.262196297119758, 0.03705396535474134, 13.36779926654477;
  -11.27765558022031, -3.580774949205322, 16.08814327829563;
  -9.081318308996861, -0.08015767513708617, 13.22165875456176;
  -9.158284193282116, 0.06364875148636366, 13.3411922171704;
  -9.346758178580997, 0.1406669361533152, 13.62757349408409;
  -9.041097334623895, -0.3847470116615324, 13.28222177407648;
  -9.057806344705574, -0.3564578004637033, 13.30725584718222;
  -9.098127166396996, -0.120094200175186, 13.38605881690905;
  -8.730403092063833, -0.2748835096938575, 12.95572324947459;
  -9.023788926932195, -0.1131882682095768, 13.37757048988337;
  -8.817613329816002, -0.1650214880025794, 13.11545775722406;
  -8.813114997844918, -0.02309738247086951, 13.11975770772804;
  -8.793455022850298, -0.002734403663774557, 13.15030102236613;
  -8.810608936387572, -0.05203534203629199, 13.25078129994637;
  -6.077221860035138, 1.46617252036586, 9.703121614121091;
  -7.501425256704605, 1.309888611153895, 11.96517332235059;
  -5.939664350895936, 1.500276730738546, 9.743727399553732;
  -5.951467147824392, 1.479246427469215, 9.828968186452887;
  -9.995171173624353, -3.031340953146527, 16.04537465480478;
  -9.843845910996677, -2.839979415912429, 15.94000891442113;
  -6.076584326227277, -1.30748472847188, 10.21510532484378;
  -5.709893974632439, 1.436651685505952, 9.821540462867368;
  -5.540216187199652, 1.443086555506209, 9.630618626781187;
  -9.474286070972878, -2.526254045416505, 15.90371451251741;
  -6.884320977227616, 1.289410946303349, 11.84415377591687;
  -6.911292990775233, 1.239182853605245, 11.96504932610752;
  -9.355302093518864, -3.554249509328188, 15.86276087361635;
  -9.414336345659239, -2.850191038829642, 15.9738909889747;
  -9.243526083827062, -2.692405921662189, 15.77425271736472;
  -9.437352503293754, -0.3669899049845076, 16.11222796516669;
  -9.256725813012464, -2.465501026335867, 15.83901612579944;
  -9.579492860259666, -0.4515512448898731, 16.38744963311945;
  -9.273340308388272, -0.1259377583688862, 15.89700171415407;
  -9.258101248121207, -3.594713647693671, 15.86716766250958;
  -9.462329304976326, -0.7185906616810074, 16.22442869091191;
  -6.777929850072201, 1.274258782564833, 11.90582270515949;
  -9.175737838475207, -2.657697037919045, 15.78960816959994;
  -9.154324061148621, -0.1067910222843562, 15.85049478648771;
  -9.3208993238212, 0.05460280279342437, 16.14737458526776;
  -9.08465907307243, -3.051464824034671, 15.75921905485033;
  -9.196874351592742, -0.3861382550744244, 15.96490546875966;
  -5.347303417594616, 1.434126590749138, 9.699011687697929;
  -6.676303346268442, 1.2745837543898, 11.89040863463276;
  -8.996551093725387, -2.718291334096802, 15.7946851699381;
  -8.980280440263043, -3.030801609240471, 15.77457551260714;
  -9.073446559827559, -0.08722040526100575, 15.95271289557326;
  -6.564049984585592, 1.255210316939949, 11.8542508471439;
  -6.937073874987735, 0.2051959264853675, 12.73262035889563;
  -8.776586528017049, -0.3332864217550922, 15.97730340500096;
  -6.248601922888623, 1.037473513726589, 11.80460968502932;
  -6.308959159066932, 1.120112810564351, 11.94172796688944;
  -6.273620475690678, 1.286540255372024, 11.89143698135479;
  -6.225041571032895, 1.174220341399056, 11.88898385882131;
  -8.393709796999605, -3.530433447541518, 15.72613794539613;
  -6.280924515128072, 0.1119691206784291, 12.13072141247709;
  -6.238946225992076, 0.09302038548865173, 12.19067242973376;
  -4.906272604796643, 1.450589636923141, 9.831239004292652;
  -5.959633226804921, 1.2971532739589, 11.89565489967405;
  -6.00577961369639, 0.1042945775829502, 12.01612225225683;
  -5.822219902165937, 1.34583538576633, 11.81468114375261;
  -5.65358625727197, 0.1103236893092312, 11.76474729666519;
  -7.846393668292413, -3.589127289844655, 15.93847030933968;
  -5.670758590475139, 1.350031791576424, 11.82628311317;
  -7.615218693115731, -3.577985960344116, 15.8566966471652;
  -7.033075348216721, -3.619845235123225, 15.78235459254035;
  -7.118806295231122, -1.503384004494691, 16.00844920941495;
  -6.965363055203962, -0.1154043472428607, 15.78283596515394;
  -6.662085840936841, -0.0118731622574447, 15.15623285390053;
  -6.311404151711377, -0.08606330597967757, 14.47542791503189;
  -6.557681480480175, 0.006258926016086359, 15.12200308116817;
  -6.926401794305322, -0.4277364148308266, 16.10211153960911;
  -6.855210354836289, -0.5311947423326119, 16.19330688742445;
  -6.933028281391993, -1.124116756345982, 16.39411539487575;
  -6.734240531279736, -0.4581817378311822, 16.08507018923526;
  -6.644802781452825, -3.067415153394532, 15.90200821951307;
  -6.549484838475411, -0.2989614980132895, 15.73518505676675;
  -6.654334838549509, -2.892267245197798, 15.99139220642318;
  -6.514814794141478, -0.3376741688580967, 15.87785526217679;
  -6.482781026315229, -1.001361898308545, 15.86151385921435;
  -6.333225494306352, -3.147055510633094, 15.66026511294487;
  -6.419351731696374, -0.3011838411914838, 15.90054303104483;
  -6.219856452094791, -0.3159445982184015, 15.82297338064775;
  -6.131386241348842, -3.504047524381029, 15.78455432238951;
  -4.954027175799893, 0.0595402911959068, 12.96863744878537;
  -6.126459363873212, -0.3553475809490934, 15.83976395474474;
  -6.197272898074078, -3.54024374110181, 16.01894147933204;
  -5.822886087802982, -0.2006713512106046, 15.17759053424823;
  -6.032977358149491, -0.3151408283169786, 15.83635538721931;
  -6.075737916337863, -3.063481639518352, 15.92511101687481;
  -6.036023213816153, -0.4229385861053022, 15.88734774463911;
  -6.121656988351428, -0.7047157262195237, 16.21585661820944;
  -5.954355300341987, -0.3548474640602185, 15.81732137935836;
  -5.912609815758734, -3.600623741981426, 15.72235311026389;
  -5.875625123465963, -0.1646592748137968, 15.69604957634093;
  -5.803194099548827, -2.65880452590806, 15.53057366214291;
  -5.968195205413097, -3.067381263220556, 16.00703423375955;
  -4.052351515078565, 1.392697471519628, 11.25332536139812;
  -5.882764432914905, -1.482385081532871, 15.89848113369913;
  -5.832504038643869, -0.1408738530021602, 15.80648569884256;
  -5.724269277508909, -3.186102086234512, 15.66006168834707;
  -5.460637266695141, -2.99996781582284, 15.02827227882456;
  -5.636946383226075, -2.70353859196684, 15.50102329251813;
  -5.734105122404507, -2.930192377909433, 16.33900219919375;
  -5.434588031776862, -3.688854543435368, 15.76076174620953;
  -5.297766899702605, -3.714386417514068, 15.60952712811154;
  -5.17446861177589, -0.08845488608352528, 15.42074261332578;
  -3.428849573804632, 1.450393913164217, 10.83379401613746;
  -3.56407034330733, 1.380901270312527, 11.26258001959528;
  -5.070174230399029, -3.153517832413007, 15.75961392421451;
  -3.387216845864952, 1.446437417209313, 10.90109305979788;
