m=[-23.9932169335327, -3.131653413461638, 29.57173814335422;
  -23.73563686046016, -0.1969090454567835, 29.84989671350933;
  -23.41344902728809, -2.473887952773279, 29.60313617906896;
  -22.42036899971851, 0.1335731889774877, 28.44622251605935;
  -23.07381499799048, -2.772507261119833, 29.33766714472999;
  -23.03391668687416, -0.4183270464491245, 29.32513902699571;
  -22.99871824966014, -5.726174939861127, 29.33476522577111;
  -23.253396786868, -6.734631708392778, 29.71488061409527;
  -22.75800545339192, -2.523943930430023, 29.1199788556427;
  -22.94068918919319, -1.387371679162623, 29.47941145888064;
  -22.79070765708187, -1.675614158980715, 29.48543821217931;
  -22.44856702368699, -2.824159474292002, 29.07245597922275;
  -22.66395366235665, -3.674882370327854, 29.4279328619256;
  -21.66346666746124, -6.547245850596763, 28.47259521443418;
  -17.65314332702187, -0.8827408009547825, 23.42860392670094;
  -17.85335485561088, -0.1958189024374635, 23.70715883080394;
  -18.11439210428904, -0.615991183478831, 24.13458232460151;
  -17.46198656822213, -0.3474833008041818, 23.31824065548421;
  -17.67993768890612, -0.2498390458120458, 23.62076090287698;
  -17.51524842407516, -0.44876046566508, 23.45410579365806;
  -17.86150795640864, 0.08230950533914069, 24.04627850810178;
  -17.51227003519333, 0.04517469786273222, 23.91073558177343;
  -16.89509547710592, 0.1215322750268072, 23.12782281843757;
  -17.48177765557758, -0.2023192259585622, 23.99678379628765;
  -18.48079280919812, -0.6734553102924151, 25.42813643118579;
  -17.32560329697969, -0.09629680761064917, 23.90873103227084;
  -16.25945632455947, 0.3079773093506015, 22.51966208484445;
  -17.80606209229111, 0.1816074986171165, 24.60047679826399;
  -17.3795340449069, -0.6369008870352708, 24.21940132383163;
  -17.6312527688274, -0.7325169135928819, 24.56751183391181;
  -17.31896157855486, -0.1693365039918199, 24.17858501889846;
  -17.52758051238062, -0.8527302794318191, 24.48873177032496;
  -8.934962127341622, 2.798772447094183, 13.01571360504219;
  -17.08613467674181, -0.4591162465247098, 24.00370399271633;
  -16.99811872876737, -0.1589706354592135, 23.91144970960504;
  -17.18326557496469, -0.05580673245933381, 24.18838444924327;
  -17.2609409572068, -0.2667759256797358, 24.32631064338164;
  -17.40956459312833, 0.008408180497987774, 24.55475788589828;
  -17.51942160204643, -0.870099462818835, 24.7514126713866;
  -17.12106340078083, 0.0590789312221132, 24.26412038237059;
  -16.76818920547358, -0.04512379629163598, 23.91496125207125;
  -16.85739667601024, -0.252315741069284, 24.06451119651405;
  -17.06802443831868, -0.386077232639826, 24.35379916646302;
  -16.56740611209377, -0.6950707177012582, 23.75686446831021;
  -16.81540753377299, -0.6061379298855414, 24.12184746874114;
  -16.44474734966084, -0.3247151441774488, 23.61526533786821;
  -21.94373245542793, -6.842360579960642, 31.3037292715968;
  -11.81631208344519, 2.949615913305647, 17.36894060499593;
  -15.20717710492623, 0.7611903636944497, 22.21802269367307;
  -19.78741425585276, -5.516066671668062, 28.71871583512987;
  -14.86434542787453, 2.514915023317387, 21.88135883201522;
  -11.41805388828811, 2.992736994606874, 17.26059827115729;
  -18.3955734415437, -4.559663106821305, 27.31975263337462;
  -11.3335245947398, 2.928861797092688, 17.26869366076426;
  -12.37864222713544, 1.143620787784475, 18.89050429145468;
  -11.4984547469941, -2.334670454617347, 17.60962648645566;
  -12.22269178710363, 0.6495048003801041, 18.71330922306566;
  -11.79920285145333, 1.055759909367012, 18.17703907233671;
  -11.8307451168787, 0.7526258082492399, 18.24676617451411;
  -11.61689825208017, 0.8631946631596555, 18.02434700726456;
  -11.48166635262651, 0.9908203259119669, 17.89303956237361;
  -11.86001980985317, 0.1015639928933089, 18.59002885909394;
  -11.00175177218324, 2.948142557082595, 17.3990275750769;
  -11.07333819535604, -2.388322213169332, 17.541234091697;
  -11.06410015769342, 2.898641817581089, 17.56734179982888;
  -10.75606772773119, 2.911821963078835, 17.22190317123879;
  -19.15588652777499, -5.566801203434804, 29.87092241795521;
  -11.38209037525775, -1.785277670999879, 18.2007190868441;
  -11.50714767777706, -1.698453306031696, 18.5582832004715;
  -14.19630035061415, 0.1493149407819933, 22.82248260437667;
  -13.185380257015, 2.468666840062728, 21.48457286084268;
  -18.47097440874916, -0.6503623189424288, 29.69051408288001;
  -17.67602382052634, -4.743184549978727, 28.57958928956326;
  -10.32200555864139, 2.881168453360945, 17.26996178744603;
  -13.11708662913678, 2.578381478671343, 21.68197972811555;
  -18.28709667240655, -7.013188009049553, 29.87745639105196;
  -10.35816740639452, 2.961078389820617, 17.43098229661463;
  -17.79145896378865, -0.630964683808233, 29.25357205223964;
  -17.90601733788267, -5.25200113638126, 29.42622099229777;
  -17.45692662822108, -0.1724473637649314, 28.79437020481294;
  -18.00153809926703, -0.8002341701876886, 29.69139707032912;
  -17.44579361306024, -6.846489347972935, 28.81944753799998;
  -13.04915041576198, 2.606748640423002, 21.87212803433936;
  -17.49820012336875, -5.096300831484975, 28.99884561750512;
  -10.35855692965109, 2.933522756157052, 17.60507527095708;
  -17.56690687171215, -0.6643629802069251, 29.35943249987428;
  -17.26322373652683, -2.730977692373361, 28.88397912832831;
  -12.83023599271478, 2.569487822260018, 21.80577461485341;
  -16.86598776381774, -6.385177322762667, 28.45674279530442;
  -17.33406419981629, -0.09955635906389918, 29.34067208578284;
  -17.14472665774667, -5.816214878648668, 29.0099859633407;
  -17.42729409726096, -5.310071591703084, 29.48188419160301;
  -12.50267412490243, 2.612962606365675, 21.5373591750378;
  -17.34597436690141, -2.541060125987468, 29.48138335144296;
  -11.84864211823855, 1.81142622727396, 21.06549532444181;
  -16.44586099661008, -0.5626181122387648, 28.84566362838197;
  -12.09986791737149, 2.123626782961457, 21.52615362413204;
  -12.24824844189818, 2.529924616231062, 21.80248169714432;
  -12.1681759477043, 2.272020267592201, 21.70825611615907;
  -12.12727705261422, 2.605653928500548, 21.65492261542106;
  -11.85417972433231, 2.347424664777987, 21.33190206527902;
  -9.742522882023053, 2.922833208358477, 17.83156425369949;
  -6.723535734599611, 2.709378932579614, 12.62778866406849;
  -12.18125924042541, 0.2816806293375739, 22.22996028385771;
  -9.606692810091978, 2.897614288358325, 17.74753989970351;
  -16.22229759139973, -6.918340427482868, 29.33021038212041;
  -9.451994225612033, 2.920323626768014, 17.52927034394915;
  -11.97415360788516, 0.2465674227591558, 22.12251733003087;
  -11.41997325636757, 2.522959353790935, 21.48726660424202;
  -11.40631702323486, 2.609565154110577, 21.47074624545841;
  -11.28265017391089, 2.735989894938718, 21.58209994802407;
  -15.51193528292304, -1.201033304443371, 29.32754967428692;
  -15.42695104623876, -6.844619508604739, 29.16017037213709;
  -11.39912710859164, 0.2269377245718353, 22.13692923128641;
  -11.04386808995108, 0.2847991359448194, 21.6900786212749;
  -10.97914616629583, 2.746543333474109, 21.59815549449638;
  -11.21693009108155, 0.1318741840370153, 22.32550004387776;
  -8.911118202388893, 2.905017416544921, 18.01574555746927;
  -11.54668492159873, 0.7695410208911454, 23.0745921757467;
  -11.14833367008639, 0.2560409442370235, 22.50380421710166;
  -13.86497983703714, -6.608313104635042, 27.92644621946456;
  -10.68464202240668, 0.1969533743688815, 21.92567394158359;
  -8.247314468629975, 2.915030442826614, 18.08365548213631;
  -11.75605197510273, 0.2351435108855023, 25.39942843289348;
  -13.22990802675785, -6.91433738567982, 28.7537038906652;
  -13.07158155377693, -2.746283915781739, 28.45829649929402;
  -13.10107223179427, -2.947585905954621, 28.68315385980235;
  -13.13419300616311, 0.07097809786167572, 28.81085521101091;
  -11.77646955298329, -0.09662809600003103, 25.96710478698336;
  -5.506459269722145, 2.706734840353577, 13.03670326756672;
  -10.9056989480851, -0.07817981132669856, 25.47447469627351;
