m=[-11.81944677465935, -1.248854320873268, 14.94409012630742;
  -11.5138034105951, -2.866683779354161, 14.68580623663587;
  -11.4923401634542, -0.695016053728256, 14.76797063548905;
  -11.34115056530761, -1.426782287911269, 14.68757895395899;
  -11.31234961069561, -2.632329409790038, 14.65227119723433;
  -11.33930909173724, -1.838630086070805, 14.723486979525;
  -8.884533176742341, -0.1767970042982924, 11.86415313730278;
  -10.88234035457908, -3.288917643006642, 14.30281111780821;
  -8.864656353022706, -0.1252683874604714, 11.84336347137172;
  -11.06916617143637, -0.9482771258928799, 14.54183069325405;
  -8.954205455413332, 0.04126282190388455, 12.05471109858779;
  -8.627326395358717, 0.06205934767563526, 11.81001175986638;
  -8.650356276163395, -0.1001118662266469, 11.87412020731908;
  -8.676166546990679, -0.04822268676318817, 11.97280861205842;
  -8.40476652353753, 0.159198273790328, 11.64076450245062;
  -8.686868094324515, 0.08859906122140918, 12.0015922609036;
  -10.45899777284192, -3.353672344229453, 14.36123548667371;
  -8.71821416959078, -0.3194929348294607, 12.14934343204169;
  -8.60457477868504, -0.08413140734505248, 12.01263955083302;
  -8.814033614650143, 0.0786707658949543, 12.31821202487861;
  -8.559786049771445, -0.08005324880006606, 12.0411497836932;
  -8.709527705688528, -0.2340310283683895, 12.23570625650573;
  -8.527908973626222, -0.02769640802282069, 12.0044900605365;
  -8.442824079887155, -0.1304877998741233, 11.89870018001574;
  -8.664700988587086, 0.004184732448845356, 12.22084755712024;
  -8.701268974282723, 0.1467576842913235, 12.31817079876737;
  -5.931442430891798, 1.480620760476204, 8.718699248680871;
  -8.863098181452752, 0.09238444959641812, 12.55754349792398;
  -8.435099348897884, -0.02269915374017452, 12.03022411152279;
  -8.46895874215787, -0.1915671123116376, 12.08407692998893;
  -8.445403854154991, -0.1264079129800036, 12.05610329479989;
  -8.336587868884406, -0.3005054800489101, 11.95890736392201;
  -8.407385312294306, -0.3527243373808318, 12.05578664793143;
  -8.344949532893461, -0.1647779338356889, 11.98365613409457;
  -5.738885325104881, 1.504194549113561, 8.675435857110553;
  -5.70352434966066, 1.473931117973856, 8.69036052797844;
  -10.07781779893306, -2.809357208832646, 14.62656928608884;
  -5.879687203677549, -1.266412458623341, 9.180199476787747;
  -5.522937626695275, 1.446933571863873, 8.769202343113861;
  -5.721121937497689, -1.233944305368229, 9.062808107394149;
  -9.462986808891731, -2.749993652313879, 14.75620271610427;
  -8.633492590190004, -0.2104647223624923, 13.5583662876421;
  -6.664605356017585, 1.303049836958638, 10.78122228168677;
  -6.643110455554062, 1.243773495859192, 10.82444251306621;
  -9.269625817545617, -0.3263831787657068, 14.90013194693738;
  -6.574270670286003, 1.292282212605406, 10.86698650626099;
  -6.486292215863522, 1.295726762001709, 10.87189658279539;
  -8.985442265764439, -3.4459595792126, 14.68041451625153;
  -8.786017517525668, -0.224302712761074, 14.43373887758415;
  -8.962180630237963, -0.3178389967399384, 14.73604819849036;
  -8.894144716094859, -2.384509445281108, 14.65892286080872;
  -8.844500748575401, -0.08736995178997406, 14.58858333170282;
  -8.754283478842957, -3.435562171397263, 14.46157274624772;
  -9.053200122835264, -0.402447837950866, 14.93217735740031;
  -9.012123714132519, -0.6699359124780705, 14.89293480322749;
  -8.790396752610434, -2.560177959079529, 14.56786163996008;
  -8.747409266311133, -0.06791445063355092, 14.57252367140248;
  -8.794388364184792, -0.3325950382383658, 14.69799170915728;
  -8.752377851772126, -2.964100595510215, 14.62559446469347;
  -8.730572367849739, -1.381144028609216, 14.60756541767826;
  -6.211492554743942, 1.298154107923002, 10.70004263313049;
  -8.602544513676625, -0.04940780192078917, 14.56118050386655;
  -8.679019816725862, -2.644484927804566, 14.68236294775992;
  -8.561093010001528, -1.25413837369062, 14.55051527210921;
  -6.052840181196381, 1.0623234575412, 10.76824709926726;
  -6.085859145414209, 1.257058503992283, 10.83312714129829;
  -6.100538147741116, 1.139081681137441, 10.88347547953956;
  -6.059774214549416, 1.301996682310751, 10.82056104710696;
  -5.970184714475754, 1.182246193152794, 10.74350133053984;
  -8.287859703038821, -0.2835303047730112, 14.53671615261481;
  -4.803523837629065, 1.448860662200203, 8.874097741310262;
  -6.104414415956792, 0.1411590756329735, 11.14013644604027;
  -4.703017210061011, 1.442903207663577, 8.821999119737157;
  -6.001754227733402, 0.1235859435602695, 11.08837553463358;
  -5.687658405334203, 1.256546810817128, 10.70162160328447;
  -5.72807202185478, 1.310482350965617, 10.78226921156315;
  -5.65411156747146, 1.371095609188406, 10.8155086868345;
  -7.763381390033215, -0.6010906720833577, 14.67779159749885;
  -5.728554168735866, 0.1140460173621169, 11.12476394225981;
  -5.550297009238189, 1.388462364798586, 10.91853373936898;
  -5.58135033112175, 0.128185453646093, 11.26640257060462;
  -2.772147615137183, 1.362666672893327, 6.563140505034521;
  -6.696503201515643, -2.503515604695244, 14.53885497527245;
  -6.666946927168119, -1.400697309512785, 14.51468987267164;
  -6.258945718776993, -0.06434184262923498, 13.70965717924044;
  -6.326839045259915, 0.03419068082057331, 13.87840452708588;
  -6.576809627563263, -1.489267738540223, 14.40328968227444;
  -6.609524687331633, -1.487064682092028, 14.47072500576015;
  -6.432166604438326, -0.3725878306476915, 14.4849995544459;
  -6.491998712384679, -0.4745142776440426, 14.8664518595992;
  -6.430090083381401, -1.024207358401762, 14.75569686728931;
  -6.327234287281115, -0.3992777581898708, 14.64794866667206;
  -6.337645014367154, -2.97840880598383, 14.72463840253369;
  -6.287785874902461, -0.2543878696778678, 14.62226675625249;
  -6.298857620488975, -2.777772379895687, 14.69372497721803;
  -6.190039737164249, -0.2858054287924947, 14.61653789508636;
  -5.16094163127604, 0.03537887121138759, 12.40026606407485;
  -6.160349948105834, -0.9321816086944608, 14.60955087258218;
  -6.093154417573839, -0.249884143190837, 14.62952812549391;
  -5.843090217914761, -0.127537185227051, 14.09753520935604;
  -4.804637931549221, 0.09834832862311584, 12.03475136015949;
  -5.9457295807679, -0.2634965019877438, 14.66749455689551;
  -5.835420176361309, -0.3033133401140932, 14.63805752404408;
  -5.785418825450869, -0.1615044865788408, 14.59280368277176;
  -3.906776304040736, 1.424702683554292, 10.26129568652644;
  -5.749489992151283, -0.2642717272080981, 14.64832121869712;
  -5.77734460464995, -0.372203318835393, 14.76447469606195;
  -5.676360776139527, -0.3062254996859933, 14.63974288817558;
  -5.757328291388414, -0.6379105453926591, 14.83157633223304;
  -5.575808047812229, -0.1139252616748354, 14.45464972111982;
  -5.628368910228336, -2.614494140558484, 14.63062254349517;
  -5.636561417183189, -2.938574891444878, 14.71053994263023;
  -5.572280487919138, -1.407404951002825, 14.64616585938616;
  -5.498756025432479, -2.73895754545631, 14.49943044703843;
  -5.582167529968531, 0.0248954990448738, 14.77216183355717;
  -5.457293926060357, -3.019356762342378, 14.54436135354457;
  -5.385683518941209, -2.625617002137497, 14.39935095176285;
  -5.383928565756651, -1.26391365753828, 14.48568722565137;
  -3.264976541129639, 1.471017404806037, 9.76286100073793;
  -5.068701878687409, -0.0447359167211713, 14.69014788336983;
  -3.446071305515317, 1.422504659720663, 10.34143240584348;
  -3.275890079310658, 1.493169829454387, 9.992304727635275;
  -4.781032770000546, -2.18886069996325, 14.49073411131793;
  -4.653015147493653, -0.5075113896911752, 14.20813058358853;
  -4.537181544421394, 0.09666650151280182, 14.18459871832807;
  -3.280939748802185, 1.436371783468507, 10.56014460790589;
  -3.251734397249517, 1.452219404982417, 10.68173318439282;
  -4.149760627763356, 0.1102322440816109, 13.52797348886396;
  -4.491578529680329, -0.2111944878741327, 14.56711487889726;
  -4.264210035007396, -2.028329718000781, 14.50346938138312;
  -4.340340320348168, -1.363245298302802, 14.76353207404453;
