m=[-24.15481800017989, -2.584991880945279, 29.83302789425082;
  -23.2194005037716, -5.846628882568548, 28.93432748906258;
  -23.29426796172189, -1.428916943710389, 29.23420445444678;
  -23.1493737754414, -2.966856917658228, 29.27357218116484;
  -22.79681709187079, -3.717932552753246, 28.91309977964075;
  -17.53851914606924, -0.6147392998059835, 22.64794872059411;
  -21.94552358113156, -6.703215971814102, 28.15578268019529;
  -17.81431496712947, -0.2623521672976737, 23.04539342563182;
  -17.63444674970757, -0.4689200690171445, 22.85844408810818;
  -12.63155945835095, 3.079476719584493, 16.75479251303358;
  -18.0387342767588, 0.06575215038466076, 23.5319072112488;
  -17.56537759501375, -0.2582649774377704, 23.143835794338;
  -17.4660218552545, 0.196079491278992, 23.05194514320553;
  -17.66283163965015, 0.1196771264106053, 23.39102660222074;
  -17.14688077232747, -0.2113555085873397, 22.8079630171262;
  -17.1101656581348, -0.6158859233157641, 22.87094256700366;
  -17.41409408447245, -0.1093249453666038, 23.28286160783372;
  -17.44015219727729, 0.3188339207145771, 23.33995527882666;
  -16.98191023591923, 0.1733184867026334, 22.7589924811758;
  -17.53227795161928, -0.6640263993454816, 23.68770963919151;
  -17.09501403926041, -0.1616816280474989, 23.13677922178835;
  -11.86732780669281, 2.929647587189395, 16.37290821252477;
  -17.27297619358477, -0.1757141976321851, 23.54384340109449;
  -17.80724067660661, -0.4923247976383888, 24.24518333525255;
  -16.93554941521783, -0.06476089197541622, 23.1107838129854;
  -16.54001835885722, -0.2673357071618919, 22.60377398206175;
  -16.82980091102034, -0.6532258206606406, 23.01238006990346;
  -17.29245893754841, -0.00568277775445819, 23.65862913448654;
  -17.35265607053984, -0.4206019730893013, 23.74402375834304;
  -17.17883017613871, 0.05208293444309123, 23.60507197163806;
  -11.80962206623787, 2.965689420584762, 16.54157248361711;
  -17.00612014756494, -0.0701636345778003, 23.50259408634467;
  -16.83221257596793, -0.3942857604028678, 23.29204874729461;
  -16.93879650065242, -0.2636145901959588, 23.43829702049223;
  -14.85477170633328, 2.751986948438312, 20.73584495040878;
  -16.53379544045711, -0.6067055304463366, 22.99362034217934;
  -17.08280070725185, -0.7322203582182589, 23.73273066554508;
  -16.96566340326341, -0.3572963864359617, 23.59717309235906;
  -11.42703422558093, 3.016570863984852, 16.4570775277573;
  -17.96248248457667, -0.1008207556215247, 25.37062401734022;
  -11.36967375217925, 2.958155122355862, 16.50502809889844;
  -20.60113905138115, -5.814384627933287, 29.20701713482536;
  -11.62004836884129, 2.039584586438, 16.91336057797133;
  -11.53704262078111, 2.123738235352005, 16.87636401916983;
  -11.81909656676642, 1.072151024035105, 17.40928676160178;
  -11.73844626418341, 0.7486535476983796, 17.31341371201229;
  -12.08294560142086, 0.9185705044489457, 17.91949789040447;
  -11.00035380498241, 2.967368775523083, 16.58423983049984;
  -10.9020476447352, 2.880279013678269, 16.51373998338171;
  -11.68789561815147, -2.543214924308547, 17.67840594612179;
  -10.7788535968747, 2.939328305658089, 16.44377510218228;
  -11.61593704916334, -1.836174227467655, 17.7722510958037;
  -13.83008143810678, 2.650981912117347, 20.98341609923038;
  -11.14663562349602, -1.632801265493249, 17.21817474173384;
  -18.72257532698572, -5.501987218229357, 28.56494371576184;
  -13.33307296170864, 2.512127772190754, 20.95379683804664;
  -10.30755479838637, 2.901343745793902, 16.43918548197719;
  -10.12072848475312, 2.915276816907277, 16.24306176779554;
  -18.74981946044129, -0.6713205232836011, 29.46672380873747;
  -13.12732919521828, 2.599202095682593, 20.93941187626284;
  -10.13510455511456, 2.897100516088362, 16.44104272416302;
  -12.83364972828091, 2.582837834212798, 20.76809544112627;
  -18.1852780573557, -0.6608657001299931, 29.22316530109942;
  -18.05555671553846, -0.1906915230701527, 29.08904951024914;
  -17.51062816760061, -6.948564804266997, 28.28312646240138;
  -18.3206977851519, -0.8198971462235883, 29.54902571098257;
  -17.65779122226332, -5.203939362119113, 28.61248848121038;
  -17.68956804306123, -0.6693496373956123, 28.90101573483062;
  -17.69766164623639, -2.825477763395896, 28.93679199655838;
  -12.27218593258011, 2.582751152971929, 20.39751963623194;
  -17.63361512648382, -2.296081837450084, 29.13010398069441;
  -17.1728770442429, -0.1211365539075498, 28.41466372590278;
  -17.26565671931393, -5.326126992371558, 28.58089557445087;
  -17.37401824930653, -5.975064277893932, 28.75813988741552;
  -16.94607728159349, -2.514375361119304, 28.16966082388066;
  -12.02258828768619, 2.125245524703702, 20.64274114901206;
  -12.01632574926659, 2.500515353990519, 20.65463562349633;
  -12.15412846737868, 2.287112827700855, 20.93555414759724;
  -12.03053870314586, 2.605619575819699, 20.73782638529687;
  -11.93557186293213, 2.385602828127337, 20.72235258171266;
  -16.78733811071856, -0.5858339845977791, 28.77397837407554;
  -9.45951264997737, 2.88322419908152, 16.69695828143122;
  -11.92781789480539, 2.870616953324803, 20.84932613306003;
  -9.535287890370817, 2.975413860897167, 16.88272539025269;
  -11.87087148003853, 2.437977748012512, 20.82475595517634;
  -12.12980624629497, 0.2836950743974819, 21.40875610747012;
  -11.92935017502659, 0.2429459357963562, 21.31234888817324;
  -11.62255253936615, 0.1494870368241729, 20.90810206483303;
  -11.22945273653344, 2.504439511522515, 20.3971607359726;
  -11.41361857807156, 2.634454996561064, 20.7387501359887;
  -11.23633974289333, 2.750665502629274, 20.75487397460234;
  -15.50137619549737, -1.181601320755341, 28.67652717717154;
  -11.39646923699967, 0.2289362578053233, 21.41040154518583;
  -11.12624645241306, 2.812153008949954, 21.14095773070261;
  -10.95715222090987, 0.1277061012043425, 21.10032053028446;
  -11.05553477260794, 0.2547888165112016, 21.61183474006544;
  -10.7777925278299, 0.2046143194298927, 21.39659939473605;
  -10.37927304033698, 0.2347673565005505, 21.13495606648255;
  -8.112127817547357, 2.89298352121204, 17.27272057379519;
  -12.16245121322719, 0.2712188661939605, 25.60078601702381;
  -13.54540547284852, -2.891630720884253, 28.87040290501901;
  -13.53392643089167, -0.3204107544424152, 28.84975314765865;
  -12.15956333676931, 0.06900969055351375, 26.10789668954798;
  -13.26141620178843, -3.018623715742183, 28.42908131969757;
  -13.10490067869026, -5.700520196717546, 28.66066141144124;
  -12.87311878878282, -0.745711568136358, 28.38844145936615;
  -13.1531502155838, -3.094191518880008, 29.3627608448564;
  -12.91894127861471, -2.075737626316102, 29.05523865771864;
  -12.6790016242474, -0.8070775264174918, 28.76269822692409;
  -12.54869694421984, -5.98017432638896, 28.60643334481595;
  -12.64075234267014, -0.5163409063231002, 28.80077762656249;
  -12.46630358944713, -5.572052105481679, 28.53300091378851;
  -12.45546520975922, -0.5831292967690744, 28.81909551162857;
  -10.17637865802591, 0.07742947259631931, 23.82143183669179;
  -10.59530818239297, -0.07455276081968115, 24.84667358696397;
  -11.15508630736426, -0.2489410501384622, 26.39012083207916;
  -10.74467533189333, -0.2117361593312698, 26.23601729582168;
  -7.300919768070463, 3.001628516994318, 18.41871863616874;
  -9.016032679631634, 0.1553326506207555, 22.61239478804467;
  -7.700042468667085, 2.851813096683467, 19.5332004437805;
  -11.44514385096393, -5.596925575273968, 28.63232812477099;
  -11.30910184210955, -5.348644336289299, 28.56072531240537;
  -7.661179854077472, 2.815398270933395, 19.70182017595402;
  -11.15331655821128, -5.258173755976672, 28.47503434180135;
  -11.15913102127989, -5.882774229134591, 28.59165930109981;
  -10.69176369261315, -5.996915312671277, 27.99267461779603;
  -9.545545671884245, 0.1563098935062103, 25.27156729225199;
  -9.225076957886571, 0.1684887916509262, 25.00028882262402;
  -6.404292355989224, 2.936539636453602, 18.47419095644076;
  -6.924369548532304, 2.910271800698791, 20.08812380404224;
  -6.286541338231603, 2.925143118009342, 18.55739702528162;
