m=[-18.88674568292796, 0.07872799755051446, 23.82205222260604;
  -11.67556471278038, 2.926728283689098, 15.27731144017772;
  -17.67026264229178, -0.1785228565419282, 22.69414218506424;
  -17.60675978543266, -0.07294605217132974, 22.75037351063378;
  -17.39902301557417, 0.3475267594168128, 22.50551917783856;
  -17.71706274532679, 0.21456207312863, 22.92394685502332;
  -11.59259441213342, 2.960410352298962, 15.41220307416035;
  -17.76556150730242, -0.1236570010954518, 23.23195490649851;
  -17.64444795576991, 0.09854024705382355, 23.11177938734598;
  -18.67573734775326, -0.672665429339453, 24.40517959924915;
  -17.43021365970404, -0.8481709057310994, 22.85602403026719;
  -16.96930531362471, -0.4702088221143853, 22.37341303659525;
  -17.32942481134042, -0.1379775055781002, 22.84059668036902;
  -17.46161071607784, -0.01477129197306908, 23.02364162236844;
  -17.31968698615932, -0.2482420725867138, 22.84628005111372;
  -17.39697652507833, 0.09804412613342506, 23.1186864803933;
  -17.4575371828279, 0.3207514674191863, 23.20278371036338;
  -14.92047398685667, 2.817807747835334, 20.0215002585485;
  -18.16507361994264, 0.2285642198436362, 24.20373147153554;
  -16.93989073956071, -0.3679931102881908, 22.65747675394982;
  -16.96468853721779, -0.5210604211633436, 22.70680937060909;
  -11.29536850189348, 3.033562033971401, 15.43780676665018;
  -17.70040762413137, -0.03235543906311506, 23.65338992938873;
  -17.28794963445317, -0.2299622395644277, 23.12796281607619;
  -17.1171401306816, -0.5977652137945239, 22.99644527061864;
  -16.94833606602187, -0.3210879549152625, 22.79829201849467;
  -11.6773959696668, 2.071242202823748, 16.15340285804259;
  -12.21317544578077, 1.001887486551541, 16.90986703533397;
  -11.71777873809269, 1.094327861634469, 16.43739563689751;
  -11.76288042263338, 0.7889632278177814, 16.51855879926424;
  -11.29782342836644, 0.9105867769701117, 15.98836512325847;
  -20.37003333747685, -5.739635816881069, 28.16601840475637;
  -11.59669971881284, -2.515348830749156, 16.50903060849738;
  -10.84160828177435, 2.976906675324795, 15.52214701763372;
  -10.84811973029893, 2.923388058204049, 15.60322157514933;
  -11.22004456181053, -1.588660009875634, 16.49713519540237;
  -13.64380376179225, 2.667861803927131, 19.91790699910704;
  -10.29009801611798, 2.948696833235474, 15.58052551597388;
  -10.12047288125487, 2.967092461561461, 15.40884492949452;
  -13.68927740998504, 2.748494195448667, 20.54299915598152;
  -13.35576728264691, 0.3153701084615925, 20.13766063897287;
  -19.38329549551251, -0.4448454336639196, 28.83370998475339;
  -19.47518918430592, -5.724724070164301, 28.96810185856794;
  -13.20659128440574, 2.543033320373481, 19.97284442105742;
  -12.75044481214592, 2.570279292721369, 19.5697873563515;
  -19.32437468188736, -0.6740577034028127, 29.64238099968481;
  -12.93658393107851, 0.2861183848583235, 20.18307701542332;
  -18.25030390483034, -0.4424558638800588, 28.54849892014248;
  -18.57658193389272, -0.6387766616321365, 29.12959239575911;
  -17.9816809132726, -0.1495782802266166, 28.26454317504194;
  -9.703417192269802, 2.996185829718513, 15.71119591887636;
  -18.72671678471485, -0.7988052874369295, 29.48467834477195;
  -18.03088779931147, -5.31439559340789, 28.4930385866147;
  -18.228203713602, -0.1160824327122433, 28.93887822379569;
  -9.716624898515342, 2.961193194438159, 15.87873765154644;
  -17.90173718835586, -6.147812806260629, 28.54228312088982;
  -18.17872639100239, -0.6498817454962694, 28.97252798996161;
  -17.8702595227033, -2.848200919486004, 28.5098606683124;
  -12.40580144235882, 2.692670772400588, 20.19522926897546;
  -18.51396362782617, -6.617709890025832, 29.75590885017297;
  -17.6983694745684, -2.265272325633604, 28.52879722247318;
  -17.87882487180934, -0.07544235230455784, 28.84262035948326;
  -17.73849315101108, -5.467856332404189, 28.63500108812676;
  -17.49595843727872, -6.028775522604549, 28.25325285217072;
  -17.79875207096086, -2.632184948957314, 28.84279965373926;
  -13.23937052602039, 0.4098104030922838, 21.76269426464777;
  -12.04265191258704, 2.181940784387604, 19.89281540631859;
  -9.36870495509883, 2.907440231967056, 15.72318035996475;
  -12.01453348952117, 2.310645517111219, 19.92279195535881;
  -11.99470196901495, 2.654583706815894, 19.89658655104987;
  -11.89112523791059, 2.430630569817682, 19.86663034553523;
  -9.281707476003682, 2.929726690058959, 15.8070577638512;
  -11.72722405139754, 2.462314805402884, 19.8028734087068;
  -17.64960680404332, -0.5837596395306657, 29.5139368332787;
  -12.15267020921752, 0.3174982453305611, 20.67500615214184;
  -11.62480811572506, 2.650926171954762, 20.30901458829114;
  -11.41254649928023, 2.688224857049461, 19.9599337320069;
  -11.18271839125715, 2.797019007400219, 19.88681227656513;
  -11.1579799476954, 0.2518714289593381, 20.21382918166034;
  -10.77477616163064, 2.77978525640221, 19.7311370056276;
  -16.32798363220607, -1.188494128155478, 29.47803724502734;
  -8.530559500166749, 2.961145252555601, 15.99276474497575;
  -10.78091388822309, 0.2795387841470161, 20.33720556117499;
  -10.70052285959664, 0.233317279014892, 20.49206122968065;
  -8.136838546252401, 2.93684755861027, 15.99978636729765;
  -8.143845520511604, 2.891624775670915, 16.06006070978661;
  -10.50705568341915, 0.2632633083101766, 20.63022867854109;
  -7.964098870981617, 2.898835471049942, 16.18076509467324;
  -8.040541298889325, 2.941619416839735, 16.4486778365482;
  -13.49299363466272, -5.121218912453424, 28.0316323946468;
  -12.88715293880069, -0.0778118734970762, 26.8747104250151;
  -13.22972889355845, -2.999456098937264, 27.69827172112075;
  -13.00420502525571, -5.686591725950208, 27.79967128700175;
  -13.55556069950689, -0.7516404405448965, 29.20067760889922;
  -12.08553224183641, -0.4093186091395038, 26.29417813167346;
  -13.26209582044998, -3.117969954483441, 28.96074784497759;
  -13.30867801987959, -0.974596061111359, 29.22401636805957;
  -13.77151852041484, -2.198262596851225, 30.28676611248472;
  -13.1361837262333, -0.8039981285054576, 29.12985539640767;
  -12.76979898065993, -6.076213286620516, 28.42819437960025;
  -12.96258164446876, -0.4946420150265223, 28.87243062669706;
  -10.69776955808105, 0.1184140106075134, 24.30771504974766;
  -10.85991003951403, -0.04492246687445541, 24.76438995254121;
  -12.58691797433831, -1.904475795423803, 28.60340989103343;
  -11.93940965748617, -0.1222013751890323, 27.55822115449674;
  -12.34584298253109, -0.5817127388360175, 28.81028925914528;
  -9.309928354471808, 0.2346296041249882, 22.01219748962559;
  -10.12585577129999, 0.114065585897947, 23.99825781221913;
  -6.95119485374138, 2.927725995263303, 16.82890401746163;
  -12.25738650024449, -0.5171092009379837, 29.00227465185242;
  -7.56033901962225, 2.864757538858935, 18.45779035229595;
  -11.88564298922781, -0.5972583381758301, 28.60341332221345;
  -9.647192359563569, 0.1926597076813447, 23.44815316165011;
  -12.34043293900407, -0.3101067908162653, 29.85646444793394;
  -7.507078999088045, 2.824929423940296, 18.59216588400225;
  -11.75226735827968, -0.5125225485904721, 28.73504142137866;
  -11.52784880433886, -5.672398185506998, 28.22155572019007;
  -11.90000423063382, -0.7446887574461939, 29.20538116366377;
  -11.23492494581768, -5.345192064568633, 27.76494141932695;
  -11.60603707522607, -0.6031511150604541, 28.73338674286601;
  -11.90477696271294, -1.3309255489734, 29.47634359543473;
  -11.73825936374891, -0.2068893435336022, 29.18469166197255;
  -11.23881197060693, -5.326831126517365, 28.07457429457868;
  -11.28566170873362, -5.074559793517646, 28.2399107581067;
  -11.27680106900466, -2.888409448659159, 28.47806088141213;
  -11.10956577272594, -5.649396101117342, 28.14256687348293;
  -11.11511908690782, -6.290154511564538, 28.48236592498981;
  -11.03404660319373, -5.494033749651366, 28.3369527350383;
  -11.19475510563589, -0.7137826838451601, 28.78770766759221;
  -10.81551870543559, -6.691399863391007, 27.91827770554468;
  -11.0882695845587, -2.63652632201063, 28.65424024787394;
