m=[-5.487087135050463, 1.47364994840068, 7.499409239147994;
  -5.765807139327487, -1.212884695102773, 8.061397925314543;
  -5.230704310453243, 1.436255412826078, 7.488903786453512;
  -5.603876207831124, -1.215492666776925, 7.977663135592946;
  -5.2731925984966, 1.421037806948149, 7.584613238824623;
  -5.619637189355197, -1.2219706869586, 8.105382207182966;
  -6.583858844236029, 1.287384796765635, 9.611446371133928;
  -6.478952914674736, 1.217928841206959, 9.515554055477807;
  -6.492404245965926, 1.303526464554503, 9.742914176601127;
  -6.353225039792823, 1.223363593231036, 9.608230659911589;
  -6.225099632388683, 1.254877372200725, 9.554480480704525;
  -9.158946790991491, -0.2101972627970632, 13.62443324451077;
  -9.157181824210795, -2.691749934125166, 13.62072395347667;
  -6.184680417097127, 1.271797384127375, 9.628445159800393;
  -9.065873488114786, -0.3162286989015399, 13.90648238059279;
  -8.511329725732379, -0.2063465773613896, 13.31406253567843;
  -8.57720483278618, -2.381903624930161, 13.40756188485286;
  -8.640694535836522, -0.2971199992241034, 13.54931228688297;
  -8.495906833413056, -0.07067209896764891, 13.35430912506577;
  -8.487941441716457, -2.285618390673021, 13.33736540851145;
  -8.723030657855453, -0.3720888766607934, 13.73416152415896;
  -5.958079133818664, 1.293197027038094, 9.699073023958402;
  -8.487406218787648, -2.501564798728891, 13.41209570953155;
  -8.443898623126732, -0.3018657885025003, 13.45754834200175;
  -8.363969251010115, -1.333067652487902, 13.34371208640822;
  -5.767525766989374, 1.044985754578461, 9.527164470641797;
  -5.754778742998472, 1.106764046733396, 9.542714225723064;
  -5.76233868497846, 1.275280571856923, 9.558459282965609;
  -8.293244280748812, -1.061479521370292, 13.36825320218873;
  -8.326614624952283, -0.03513538493407492, 13.43272761096828;
  -8.247137974769624, -2.841807365516749, 13.31784568094499;
  -8.302935801383629, -2.559363961338126, 13.40331299187694;
  -5.701061935226994, 1.165337606234946, 9.524825260696492;
  -8.282340326848072, -1.224841576732789, 13.42149616776296;
  -5.628701834515549, 1.181834320004686, 9.504761689189683;
  -8.050791301798038, -0.2662794180319976, 13.46265379038036;
  -5.463958753090069, 1.287035258859719, 9.556171765256341;
  -5.31480352395898, 1.369941914673019, 9.427752310684811;
  -5.345456565711646, 1.33700439324458, 9.506104646071613;
  -5.316333965190022, 0.1200067251343325, 9.631086195598147;
  -7.368547685572847, -0.536347650426555, 13.30294836213828;
  -3.893347705423649, 1.417131380768744, 7.910166068239731;
  -6.4287577944001, -2.440012712648635, 13.35571483439365;
  -6.369286775382116, -1.354708687146648, 13.26532972934671;
  -6.31695341377457, -1.432185390652578, 13.2254178080385;
  -6.285969188343408, -0.3485498501105865, 13.54090500549836;
  -5.989557060041926, -0.202857194546322, 13.0313234961536;
  -5.157807984525999, 0.06348163320387977, 11.39098344235359;
  -6.132854649846147, -0.4491096693586263, 13.46690064950986;
  -6.208824524626846, -0.9910763800424126, 13.65464643075308;
  -6.004229702207239, -0.2291167269020971, 13.37362496904351;
  -6.006431052033282, -2.858021196638177, 13.37154874038939;
  -6.003439994875398, -2.69577575092798, 13.43185764975124;
  -4.979792695262522, 0.1197745427603581, 11.31480299921195;
  -5.012925935919808, 0.05548826432723857, 11.39048420834428;
  -5.051667342518097, -0.02089643082026785, 11.51956687720719;
  -5.90638726352826, -0.8936716362752285, 13.42209556130514;
  -5.502337530337536, -0.05631712389899202, 12.70034607051549;
  -5.776125173173846, -0.2250652000922961, 13.29197487051274;
  -5.688699731296389, -0.2680407571836543, 13.27516355091941;
  -4.792140624239139, 0.05398243273012903, 11.35736364119031;
  -3.67487788833678, 1.39248175348687, 8.971836508542896;
  -5.649845780792126, -0.2383531951994808, 13.36813349826853;
  -5.609047779025728, -0.0915739627885669, 13.35199437675985;
  -5.50436131831333, -0.2765963689700834, 13.24652961604299;
  -5.608551771021324, -0.1409391387996691, 13.56933969687851;
  -5.433660173864785, -0.2369647724633949, 13.28564483820216;
  -5.373316104380754, -2.643996207616201, 13.15452192475845;
  -5.40340032464523, -1.305122250208675, 13.24228535524673;
  -5.497543326416591, -0.3440300212849363, 13.4922513639477;
  -5.304681000826916, -2.523785332561862, 13.10949186990378;
  -5.364865765558077, -0.2788053103460366, 13.28194644444039;
  -5.369678060033435, -0.09464172961265192, 13.35056533084516;
  -5.278679182366995, -2.501922147026832, 13.18615092682301;
  -5.324407717956539, -2.394102005461331, 13.32317082289537;
  -5.312732001614794, -2.814414499331718, 13.31778050327004;
  -5.237083290507973, -1.3414124065109, 13.22555713056276;
  -5.23938184960336, -2.664311459056374, 13.27231478661076;
  -5.454943694269072, 0.04726126307352301, 13.87250329952875;
  -5.169029840773407, -2.92520450020638, 13.24558002941359;
  -5.177774353193142, -1.068423024223486, 13.28897416605228;
  -5.154066100389454, -2.566294499361423, 13.23635224068437;
  -5.204270309225046, -0.3318266450423911, 13.38296468939061;
  -4.990637894821108, -1.186654786211463, 12.89677673669577;
  -3.063490745304864, 1.440572553628277, 8.494740150623221;
  -4.988641110350437, -0.1123967474737253, 13.29896856942889;
  -4.719792303863077, -0.08567236298811425, 13.1159517028846;
  -3.162282290642656, 1.374736420941212, 9.457301979811158;
  -4.485217450311282, -2.08957517240438, 13.09121698789016;
  -3.062829113721724, 1.40479465544569, 9.240810736260489;
  -4.1596623024197, -0.437869874430209, 12.21451111677131;
  -4.515654330891498, -1.54427703435, 13.21593393352448;
  -4.44421928154721, -2.359768075761436, 13.0303195785695;
  -4.176265272649356, 0.1142425160276403, 12.56181798907991;
  -4.123850290053196, 0.02706957471199303, 12.7845668378142;
  -4.002530165700236, 0.1287782173054917, 12.52195860253647;
  -4.285761468381613, 0.06024331245095784, 13.61613314378768;
  -3.989698673005594, -1.951352563592298, 13.13194403379983;
  -3.979086113483644, -1.270567519104076, 13.09890210263636;
  -4.004598731450288, 0.06394579827855437, 13.24056880821127;
  -2.85552828201028, 1.353872343481936, 10.7695030619611;
  -2.279686477601728, 1.399086678536914, 9.171557913778573;
  -2.18850292172287, 1.445166135689194, 9.87433812792109;
  -3.713207401306432, -3.024292127033668, 17.30517178438865;
  -2.069729187459868, 1.398298280498883, 10.47582266714082;
  -1.997231196030782, 1.4143599921656, 10.3551164555855;
  -2.578661266824989, 1.38357058494795, 13.91648185360287;
  -1.868102569761863, 1.446420516673217, 11.94841515065398;
  -1.871014900329651, 1.400448954366788, 12.29001777953238;
  -1.825252078169185, 1.391160506538133, 12.86804635307651;
  -1.319336315931003, 1.397811239766489, 10.58598450374132;
  0.3070559000249942, 1.386780913992198, 11.13430922042084;
  0.3717843767263862, 1.412156853816106, 12.81697525690075;
  0.4252472671807442, 1.428764490790526, 14.27075662064103;
  0.3365366412352774, 1.386092779933298, 10.75927080952262;
  0.8091958761026042, 1.175690120765068, 22.90604733883344;
  0.9798309458033279, 1.204033029171531, 25.70433198606752;
  0.533680370570344, 1.367845296721472, 14.85713114889893;
  2.593348718097577, 0.9899600252635095, 38.30824811121369;
  3.18548813369075, 0.1317279490909747, 40.93041478819638;
  3.033228306403228, 0.7406917319834775, 37.40874433235981;
  2.958034532242307, -1.295463457623332, 34.84379604531824;
  3.30953201177228, 0.7747804819829406, 38.0984938293147;
  3.403515005471759, -1.624978704207278, 37.11467488542194;
  4.2750968769099, 0.8485694235937753, 44.44525849763452;
  3.698607771658121, 0.4920060234040327, 38.41097133167982;
  3.73811202747508, -2.15617495572901, 38.52052987755945;
  3.999379805563869, -3.834704702184054, 39.19597345617873;
  4.087939000549809, -2.880256481876415, 39.81956348497673;
  4.016383791792282, -4.01843358369276, 38.88368819570137;
  3.99635049830504, -3.66095704187387, 38.58498008681031;
  3.954080295543687, -3.098077681894126, 37.87725085038228;
