m=[-6.426738718814194, 1.277451324628431, 8.984176376633707;
  -6.251301221454491, 1.27791115272173, 8.998772513071126;
  -6.198454101829642, 1.215833294459819, 8.979716154781816;
  -6.137647528722283, 1.262522177237598, 9.015996131685;
  -9.014361834615496, -2.340800637543781, 12.84627224296162;
  -4.563663808503446, 1.386859492267943, 7.026509481763853;
  -4.513704153008757, 1.398017381464456, 6.977556587566854;
  -9.345677057319373, -2.613534968482283, 13.4387126278338;
  -8.996242504001078, -0.1918910202270253, 13.01372732080882;
  -8.942811408626703, -2.631204731526276, 12.93691993538544;
  -9.08758672390702, -0.8539811158369527, 13.18622126235652;
  -8.847430586772912, -0.2960613280779884, 13.21140536526535;
  -8.478547716060225, -2.301090155626187, 12.70264207396994;
  -8.336284739990886, -0.1887568826790973, 12.67915928380457;
  -8.546950509882812, -2.643094422912057, 12.9696576554768;
  -5.65336996834369, 0.9052551202539556, 8.928399108868531;
  -8.276316794905418, -2.45605133889166, 12.59881750897596;
  -5.613475747513807, 1.035387540079363, 8.883680880237675;
  -8.447447206803723, -0.2766795797370887, 12.88831623939004;
  -8.309829839807243, -0.05449805657550648, 12.69609497107044;
  -5.628550159034711, 1.102420329337757, 8.943053336864557;
  -5.634397303004719, 1.26862059248901, 8.955117781172586;
  -8.509934196808249, -0.3466483184400376, 13.04173909568804;
  -8.279663989518161, -2.443789666187603, 12.72104497406621;
  -5.556649463139453, 1.157520132069807, 8.894913900398294;
  -8.176720240862728, -0.03809148590531498, 12.62861373489102;
  -8.268153801247241, -2.322497581512173, 12.74322535521824;
  -8.285778588181495, -2.666764939725442, 12.8165307099873;
  -8.195540670477056, -1.304438336694942, 12.71399824377195;
  -5.481002910927476, 1.171520549077502, 8.866625229414776;
  -8.115767412561869, -1.034034933199131, 12.72134447366473;
  -8.124483870897281, -2.503385189390177, 12.75206891938124;
  -8.101308431599682, -2.798606167087041, 12.71769301832208;
  -8.110145486243868, -1.190911470004646, 12.78350193324629;
  -8.274320288064681, -0.1323972995383005, 13.04636407613867;
  -5.279631022145347, 1.226666863272641, 8.849902542769152;
  -5.308690241108591, 1.273074568161778, 8.900510202594003;
  -7.786298704015104, -0.2425150639679949, 12.67742904074476;
  -5.215517318618918, 1.327314669609006, 8.890526009375067;
  -7.955934616856654, 0.09058284832307453, 13.21902156901936;
  -5.140165505104252, 0.102923415959954, 9.156715578461482;
  -7.519911331644593, 0.09780319000997753, 12.97806100553239;
  -5.038172950270016, 0.08457057589149689, 9.203022253736483;
  -4.759562566903144, 1.335613379347956, 8.888550362588967;
  -3.622972064309455, 1.407175130513665, 7.354675613036774;
  -6.326910032435417, -2.55378566541142, 12.62657016444939;
  -5.541767586076874, -0.04154174929654121, 11.3091509542704;
  -6.283888256768723, -1.431508499814701, 12.80189844285229;
  -6.024402176016921, -1.390464636777371, 12.54410631796491;
  -5.009151803993956, 0.07600688418336171, 10.72747591592508;
  -5.970556415844882, -0.426263886042646, 12.78029033860647;
  -5.807298425436454, -0.1217613093659022, 12.46550908886208;
  -5.960350911313847, -0.9435260700802416, 12.79142899359992;
  -5.79073138683718, -0.3461074470221401, 12.51784919964194;
  -4.905060656704355, 0.06830010905864686, 10.79574598392971;
  -5.828284127383338, -0.2113017387533134, 12.65150956647336;
  -3.264455419035987, 1.399623038837122, 7.524745411636974;
  -5.857799618287618, -2.809546896439637, 12.71213969774636;
  -6.271104068478874, -0.07344295695157035, 13.6048857175334;
  -4.911680122559205, -0.007514994665933306, 10.85708003701641;
  -5.746956135524805, -2.484266745314809, 12.55342798517901;
  -5.740635839793426, -0.8642409720619583, 12.71085232176112;
  -5.5069870657506, -0.2484336513352824, 12.52739559688079;
  -5.480497583597267, -0.2187352481624153, 12.6448568142845;
  -5.349366873883871, -0.2588526546793314, 12.54926036245793;
  -5.311117079130258, -0.1220220904827632, 12.54441026579952;
  -5.274267604242358, -0.2194251043631713, 12.57461227150667;
  -5.218286772930406, -2.74350440542031, 12.4345020582819;
  -5.294822318866114, -2.619429900932195, 12.63171444719185;
  -5.375520350534334, -0.3274772555796368, 12.87133635915731;
  -5.173033790736232, -2.473691581387445, 12.45141680850364;
  -5.193541081452551, -0.2618124375292373, 12.53894291217735;
  -5.273164462204639, -0.580214534159761, 12.74179795896194;
  -5.087895751236978, -0.07847792995262984, 12.34307182872724;
  -5.129339465669093, -0.2476110431372266, 12.510795655842;
  -5.179356063356996, -2.469427056681518, 12.60945347754721;
  -5.148306714674747, -2.328966021997654, 12.55879796744411;
  -5.067027817968637, -0.05758324190851043, 12.49027876231389;
  -5.094293652701312, -1.302705677819777, 12.54076339135851;
  -5.096306129299081, -2.610145874354564, 12.58751732085141;
  -3.330468442935849, 1.41537023868399, 8.613745385366203;
  -5.035606241293428, -2.863015500996017, 12.57787782419351;
  -5.027438506255391, -0.3130913031252303, 12.61234853520459;
  -5.051899694725846, -2.532754954667797, 12.65336147589395;
  -2.948575356718572, 1.414457911357244, 7.816910001290347;
  -4.931452654523526, -1.172274364918927, 12.42946579214384;
  -4.833603881446635, -0.09591078866189767, 12.56852666107463;
  -4.553872616291469, -0.07266483007062725, 12.35231790143625;
  -4.476393183721343, -0.1164380571382386, 12.24730629960277;
  -2.888469798789039, 1.380279322973213, 8.557857942467342;
  -4.369085359247406, -2.046476409698909, 12.44611465197287;
  -4.071398840409152, 0.1254973940367586, 11.94223340827401;
  -4.014677444953149, -0.1669785825084081, 12.2859269634825;
  -4.061151920203042, 0.07325228714470609, 12.48642151015574;
  -2.448790659384964, 1.378338616167739, 8.028612380410699;
  -3.888241958965824, -0.2494500783877822, 12.50318347615533;
  -3.857991563384768, -1.242382668463071, 12.41731056120874;
  -3.866910835868516, -1.907594371351483, 12.44961931696022;
  -3.832274098122696, 0.07859027604721826, 12.40476430931697;
  -3.826975029460172, -0.6002212322003596, 12.45281969176744;
  -2.958832015896042, 1.684938786262611, 9.934806418276178;
  -2.518036980626106, 1.338686536888958, 10.47878048300144;
  -2.043842718727279, 1.388415133122759, 8.96659500912696;
  -2.044753761667244, 1.361053032500256, 9.088930873826417;
  -1.98387178402016, 1.366597788777282, 9.490249149099293;
  -1.982515173652063, 1.333813348314067, 9.498390657868308;
  -3.537329778592822, -2.925663199588519, 16.35990436355894;
  -1.941151979801502, 1.351408073835198, 9.582370897740995;
  -2.125392406366586, 1.332654091928535, 11.20326784031997;
  -2.408786646871051, 1.338493349405768, 12.87365605259588;
  -2.054648507300585, 1.345949911170028, 11.28937301853898;
  -1.722085559929886, 1.386370105183117, 10.89787865289357;
  -1.731523842284195, 1.346571604178484, 11.27388521128079;
  -1.684337853811477, 1.368593602698451, 11.67784938959998;
  -1.791439062259152, 1.355912292701916, 13.13809545938904;
  -1.343309819173717, 1.374681107310988, 10.38587738842761;
  -1.24059723625783, 1.355168253473347, 9.669353640458011;
  -1.631570404707095, 1.344967014406432, 12.67870113571574;
  0.3888987875827787, 1.38691704228712, 11.37254072517745;
  0.4242294685529253, 1.401217097996286, 12.14056850369976;
  0.591384353369422, 1.46916588785896, 16.46040118422231;
  0.4940354850935074, 1.444643714797084, 13.83501519858375;
  0.9005015683811194, 1.16461485047515, 22.08383179869103;
  0.3802766105156322, 1.37939825056853, 10.14905417583549;
  0.5443871154201326, 1.239470331649918, 12.92858695537857;
  2.720277558260975, 0.631031480910572, 31.56688344140132;
  3.332360530908214, -1.991895916262311, 34.50326057376169;
  3.232825059763485, -1.464844373325476, 33.31740470692218;
  3.331159887277313, 0.4407023911891124, 32.73385756528192;
  3.668878997095578, -2.014048457337023, 35.77625042959023;
  4.204193505350623, -0.8549657885625185, 38.69961414648441;
