m=[-10.75312167783003, 2.92991092552281, 13.86324908140737;
  -16.01977505692603, -0.4134498352585649, 20.32705442578546;
  -15.8437983467142, -0.2001829192156914, 20.13249828185783;
  -10.17487047604405, 2.836866415462123, 13.74981570697846;
  -10.3370425333037, 2.832205101402367, 14.03970652593222;
  -12.95301174983519, 2.574687215665689, 18.10749545931441;
  -18.96266752006296, -4.785001875185822, 26.05175520051623;
  -9.748636336320347, 2.836226143009362, 13.93899416260805;
  -9.705884944153031, 2.88990755721204, 13.94564222921499;
  -12.57471381341659, 2.570563544322408, 18.10134962550737;
  -12.45975435227548, 2.443993927101201, 18.05047768422053;
  -12.38063725353304, 2.546713382899886, 18.1867363779501;
  -12.30337277803304, 0.314847891559271, 18.09297366479079;
  -18.0820642602261, -0.3856927775304225, 26.15703762712808;
  -17.9443274956511, -5.27968188673508, 25.95876369277287;
  -12.04858506934771, 0.1691002097667327, 18.12213219117798;
  -9.161220129233765, 2.78401863724279, 14.10520204898619;
  -17.7978339521389, -0.5955684314335724, 26.57657459521868;
  -16.92682119801534, -4.593963840177209, 25.3599269980152;
  -16.77784856936655, -5.18845147528107, 25.45971828063141;
  -16.56769922805609, -0.3751392085314223, 25.19881506337785;
  -16.50544996882566, -4.898100628518393, 25.1258086433778;
  -16.807272828491, -0.5504892861559531, 25.64294774885743;
  -16.74309630559121, -0.1098056431119929, 25.58078142433968;
  -17.02704229414796, -0.693588862471763, 26.094472417285;
  -11.66140375178063, 2.579743008892223, 18.20251851272007;
  -16.62281553700662, -4.906318044271693, 25.53963352976282;
  -9.03640732844325, 2.848302803556464, 14.33789278757878;
  -16.58575062905017, -4.658883548794444, 25.56265437630782;
  -16.46812481612583, -5.300240335326818, 25.47307114177952;
  -16.41979760221744, -0.5525167892036103, 25.4585045512056;
  -16.20123623772453, -5.573392370838641, 25.11589829905018;
  -16.29030520361895, -2.5928366996713, 25.2716593177817;
  -11.46908296970373, 1.836505684411022, 18.11318748633801;
  -11.24184322119978, 2.073521811136545, 17.79092886025805;
  -11.21994047486477, 2.197562449291867, 17.82706438923684;
  -11.26552319841863, 2.5365046066338, 17.90503609934843;
  -16.19506536273716, -2.063423269695115, 25.385523608526;
  -16.21155133168131, -0.02830174101241513, 25.44118930593366;
  -16.14208147202769, -5.576300314777405, 25.34035564394088;
  -16.21146868962006, -4.995215851339407, 25.44527988478787;
  -11.12447316686359, 2.317367999319448, 17.80771518213356;
  -16.10701754779645, -2.365189623018819, 25.38845823546998;
  -16.12851784634303, -0.2580722203237984, 25.43030829195845;
  -10.98954266018969, 2.348926877179396, 17.77779683646973;
  -11.58389796835821, 0.3288182390108234, 18.91808192717099;
  -15.39310429490771, -0.4794395661728929, 25.06261252407989;
  -10.64089975520887, 2.551789282376064, 17.84045264171202;
  -10.38760434765711, 2.643576617705598, 17.70701945485974;
  -8.32486088983185, 2.76481687790813, 14.42580951088685;
  -8.173598049839482, 2.79336646577414, 14.26855825828638;
  -7.937987267399548, 2.801823080934634, 14.09640543681755;
  -10.68770822927525, 0.3202225847220559, 18.74138404740926;
  -7.880077212170862, 2.766697277599513, 14.18356069205066;
  -10.3458121518365, 0.2071579847943861, 18.43007957788238;
  -13.9569809943071, -0.9884626261571433, 24.54052409122427;
  -7.86604915942333, 2.793303888086675, 14.36885703140465;
  -10.33898696459202, 0.2840425003492311, 18.7190135491082;
  -9.910535540459817, 0.1663578655045803, 18.10316557719796;
  -7.723135777254667, 2.832677213928602, 14.38857696994771;
  -9.757629453384999, 0.138959175620114, 18.14560418864358;
  -7.715015036180764, 2.810543053340897, 14.58578960678103;
  -9.597800180115241, 0.271242036146124, 18.10445661039752;
  -7.637900538685488, 2.830243831711483, 14.71970126658208;
  -11.87972813852319, 0.3473322632309623, 23.37943861835871;
  -12.53276394413453, -2.489270062035527, 25.12902821415592;
  -10.5951249354509, 0.1123782496706632, 21.40507599607681;
  -12.73191888776164, -4.847544475723822, 25.73802002466114;
  -11.27811441250716, -0.08454208773373513, 23.01538207611271;
  -12.50858751836788, -2.849533381490671, 25.4832136617303;
  -12.28315698344401, -2.835019129608642, 25.57618542367082;
  -12.20261182912878, -0.6595333332546688, 25.62168707762589;
  -12.33344339708504, -0.4045752511834473, 26.06282125097983;
  -11.85789960047852, -0.8465868190424339, 25.38245837489771;
  -11.47529462270912, -0.240601876511202, 24.63200251431887;
  -11.80361801567322, -1.868517724001178, 25.33158600250584;
  -11.64968215638149, -0.4223538252024124, 25.28807141631318;
  -11.64048625484475, -5.583067732164531, 25.26127506296293;
  -9.695990381114738, 0.1350110114452032, 21.34029659226896;
  -9.714749501372465, -0.01486381215022056, 21.47408020150333;
  -11.66715241569375, -0.6251667379722368, 25.61675470281534;
  -11.59609982398083, -1.745769086158465, 25.6759558495744;
  -10.61986996263588, -0.06446708434618119, 23.85992079711952;
  -10.98646533956901, -0.4956263138064291, 24.99221368725715;
  -9.352021467877572, 0.1319561032458659, 21.46504353483812;
  -7.197811400235518, 2.78033037294287, 16.82208658172386;
  -10.93003252576637, -0.4362347287775877, 25.21827519410588;
  -10.68231685780624, -0.5169109058996553, 25.06000778846452;
  -10.73243850797664, -0.2465761087939478, 25.34911390403229;
  -10.46005538984732, -5.499354345922853, 24.92495831189416;
  -10.53707358314247, -0.4383733712721963, 25.12189838031275;
  -10.40703067607642, -5.148517871072018, 24.82777170349224;
  -10.66755864753567, -0.6498687758260565, 25.54278033192088;
  -10.40173630081626, -4.974003372106207, 25.03682741170983;
  -10.39414549139726, -0.523980945650889, 25.09493905862089;
  -10.32052528675199, -0.1591882971130364, 25.03726317379931;
  -10.29315990222987, -4.907599950724558, 25.05931612664566;
  -10.26408898913915, -0.4954832485672778, 25.03478679778648;
  -10.4225340161848, -4.714895388345695, 25.42476706855416;
  -10.16644977455797, -2.59975037708388, 25.02703021158893;
  -10.14368121521103, -0.1152758718211413, 25.00428468238123;
  -10.22987686041795, -5.23937734604799, 25.26707558448772;
  -9.998810117363453, -5.835985926072493, 24.95731900318652;
  -10.01017491458181, -5.691327831218171, 25.00329673157224;
  -9.988562610976539, -5.007736291631424, 25.01809239665516;
  -10.15169635138414, -0.6322121763661102, 25.46758800687704;
  -6.660637874940247, 2.830613404801262, 17.22671742485777;
  -5.92781045484455, 2.843623574271544, 15.71510143861333;
  -9.826218431111021, -0.1949767466277921, 25.55051910708072;
  -6.101699119961472, 2.687452527822227, 16.38926337767997;
  -5.928180818883274, 2.886534358473984, 16.10286066206444;
  -9.081148245019367, -0.14490525969255, 24.63249183370867;
  -8.944802875556993, -0.2326684510426644, 24.47276995347458;
  -6.250805619163652, 2.772593448095547, 17.97156702948906;
  -8.594178371800288, 0.7225451607600121, 24.41705179920262;
  -8.659781305394093, -4.056235275223219, 24.66892315569497;
  -6.021923654071173, 2.819918190889377, 17.45346705208352;
  -7.526904949637775, -0.7808665134860356, 21.58126625342056;
  -8.717415912827763, -2.993950043008856, 24.91531881029381;
  -6.004339949209056, 2.642564290738971, 17.63087284845189;
  -5.773517126952748, 2.758923189886056, 17.10557590790044;
  -8.079688668304362, 0.2490495066306564, 23.69935536292991;
  -4.882293274926766, 2.780274534220886, 16.39317078599343;
  -4.835143732885662, 2.817443515143644, 16.72067560404199;
  -4.124401973015414, 2.80177239762453, 18.09427007666341;
  -4.113604340395512, 2.738145671602223, 18.28497210424087;
  -3.684010272667481, 2.744058535991007, 17.50555518666404;
  -4.048071371495188, 2.818221546701939, 19.98304187710257;
  0.7522123933308729, 2.728541358380283, 20.07550325353518;
  3.854521844790314, 1.630863472815521, 26.07653045558574;
  4.091948967573523, 2.837616554450317, 26.70812237942001;
  3.831061187216895, 3.128451191789571, 24.49865515931748;
