m=[-13.21350965855724, 2.546282981787159, 16.9650508958378;
  -9.62739841160532, 2.824731591261767, 12.90165858751353;
  -12.61008398671283, 2.525152352393846, 16.80496131737593;
  -9.437622996185255, 2.811655677063476, 12.86505252634128;
  -12.60386987345014, 2.424734087734219, 16.87914256354961;
  -17.84156700019922, 0.1992939253085978, 23.62213778874821;
  -12.29497875041218, 2.533721278485361, 16.87420183746752;
  -12.19796661717066, 2.409325143631602, 16.84511590749458;
  -12.096772085141, 2.510144400837379, 16.94396438392218;
  -12.15999029170101, 2.52028145389202, 17.03588807457206;
  -9.071565899984137, 2.781389530407329, 13.10656416331677;
  -11.88104990594748, 2.507927092811343, 16.89878404794879;
  -17.3778577921789, -0.3694761574686945, 24.3939099798298;
  -17.27349245172341, -5.115747004985903, 24.25650130942396;
  -17.24413084282848, -4.924095870113257, 24.41472388375209;
  -8.706668129545054, 2.771835995150628, 12.98208384006213;
  -17.07756521861693, -0.5632680647154115, 24.76522997245781;
  -16.49105068091822, -4.498815563557602, 23.96192633556277;
  -16.31146486500459, -0.3668711990573077, 24.04464289349343;
  -16.87852443634987, -5.249545514853661, 24.84751095433372;
  -11.04609014801401, 1.786532610829621, 16.64250561058302;
  -16.12552252870852, -4.809206531441139, 23.800569531129;
  -11.10799853471195, 2.067891360589135, 16.75232340275051;
  -16.49412750053562, -0.5390505302555599, 24.40734310284084;
  -16.04997652694483, -0.1003297298483823, 23.77998483506245;
  -11.18905502413145, 2.21404510980326, 16.94463715423734;
  -11.16645069838804, 2.536947093618184, 16.91800864177712;
  -16.52412761522613, -0.6684048672406049, 24.57880637388776;
  -11.55598506867314, 0.3188173999159707, 17.51691356172876;
  -16.00672468617896, -4.755030438046509, 23.86329060244827;
  -11.00288371349812, 2.314424053245529, 16.7863007077252;
  -17.02564361963875, 0.2458213600791561, 25.42822299603988;
  -16.00701031185924, -4.519826379518646, 23.9373920428525;
  -16.16922973938026, -5.237158277513935, 24.26780978033058;
  -16.0374426167207, -2.550561795930665, 24.12326298494108;
  -10.84210078240767, 2.342792325280168, 16.71625311066734;
  -15.80391283001478, -2.022409491163151, 24.02472539957889;
  -15.79760869482885, -4.8997336322227, 24.05944052987998;
  -15.79469785266542, -5.479880174273504, 24.05198351932675;
  -15.86001125643111, -2.340047503923383, 24.24634884591814;
  -16.46530615237655, -0.260225836875965, 25.17420597167077;
  -10.50689045003638, 2.544600630000041, 16.79393695678901;
  -15.32239682855584, -0.4730225169814075, 24.18195187202694;
  -8.214421381750087, 2.837395274650149, 13.47822864116314;
  -10.38941382611382, 2.668063092713681, 16.87671632068511;
  -7.861586693070471, 2.786689323417825, 13.29460663676195;
  -10.4401179506893, 0.2640225975343721, 17.31223327181397;
  -10.22264838105688, 0.3126076855701723, 17.14817188093093;
  -7.784537130562153, 2.841887340641089, 13.35486127407635;
  -7.859447005431412, 2.822500407552183, 13.50531901218486;
  -10.1212807650019, 0.2122334681760932, 17.23484554103637;
  -9.895794879204235, 0.2850876230954024, 17.14290770799597;
  -13.8731262825939, -0.9543157004193036, 23.6391795551214;
  -7.57326110990634, 2.79089489408804, 13.48616611246168;
  -10.15526119182717, 0.1957729636504131, 17.72065177818559;
  -7.652651474023222, 2.87142696083834, 13.90394725681679;
  -11.08362249658712, 0.1073456006378113, 21.58556713081865;
  -10.70799279021285, -0.06010638783096528, 21.13785186524873;
  -12.13985318911579, -2.593817564294259, 23.9041153857612;
  -12.24699062763397, -2.81062756607233, 24.24524884366102;
  -11.50212061787333, -2.667104493390633, 23.2775830440198;
  -11.53735834418952, -0.3670645702473143, 23.70790582727053;
  -9.776993821484371, -0.011163033856256, 20.28391667081817;
  -11.68427613584844, -0.8303509207720989, 24.30017682248223;
  -11.45309598147086, -0.2280512191581377, 23.85619531144597;
  -11.69775098141976, -1.848866701971046, 24.39215218346804;
  -9.769160363951576, 0.1498533012711133, 20.73921089235405;
  -11.3500102840274, -0.4039529436588756, 23.93515969658809;
  -11.45442109125913, -5.5211553340749, 24.15565282560982;
  -9.771229992324308, -0.003799525722117863, 20.84052377685203;
  -11.08019058369622, -5.49964027087948, 23.50653242464835;
  -11.04507876829373, -1.667934578407352, 23.78165926002898;
  -10.97349345640364, -0.4004843231568223, 23.90949301434436;
  -10.74081515046504, -0.4817340438151467, 23.73568611718531;
  -10.68783205193503, -0.4213976198219022, 23.96633458532887;
  -10.43176287716453, -0.4955112809563536, 23.78253230369602;
  -10.24489327740882, -0.2226970064767872, 23.52658107660787;
  -10.27819624297445, -0.4179678709446621, 23.81958229098864;
  -10.11644552761563, -5.358944848245218, 23.43906355335216;
  -10.45527164817431, -5.211523652116983, 24.24917165893299;
  -10.52627544750742, -0.631869396188638, 24.5172936285556;
  -9.996722349165179, -4.815990154219551, 23.40186145342499;
  -10.10522647926502, -0.4995588277296984, 23.71745667726982;
  -9.79194601905443, -0.13591456544218, 23.09082984428047;
  -9.974962837434763, -0.4759008946724001, 23.6514859643404;
  -10.11273954727694, -4.859525937727266, 23.94939653312431;
  -9.815194611066259, -4.494440422462305, 23.32208811432017;
  -9.865930440923769, -0.09721343540537496, 23.64179240997942;
  -9.843768490742253, -2.550410415766554, 23.5790068303926;
  -9.859520953193671, -5.081654108710134, 23.69292596850101;
  -9.495045788518553, 0.1322507524271907, 22.98061478971608;
  -6.656707752338834, 2.878521802191053, 16.44283221676001;
  -9.803700361535885, -2.596149046512708, 23.83763020638725;
  -9.819298040488107, -5.632876789863845, 23.86668436897296;
  -9.691435086870275, -0.5941678801410747, 23.65791808973742;
  -9.91346952422516, -5.006879345367163, 24.15580123253942;
  -5.880665693339272, 2.866779192044174, 14.80556129252402;
  -9.772745530097264, -1.497541883416244, 23.89378915852764;
  -10.03652835259999, -2.400466317132609, 24.5566998101893;
  -6.101392549825744, 2.729427046553295, 15.60500867228386;
  -8.06045079683636, 0.2661037243501569, 20.34006996214199;
  -5.779358166257895, 2.865106924369981, 14.94105104017079;
  -9.278495222849729, -0.1640152044149739, 23.48719623569293;
  -8.117778822739773, 0.2578659032906892, 21.06097466245854;
  -8.900505254902923, -0.1273032052954829, 23.47906389065255;
  -5.983192164549323, 2.728246420563213, 16.24683548908263;
  -8.734895578677048, -0.214818034704092, 23.23825034249445;
  -6.056450018266665, 2.740643365108216, 16.69436344633792;
  -8.241119941820204, 0.6968888493707905, 22.76621776793597;
  -6.004787454209382, 2.694097299733941, 16.8870586384317;
  -5.783974786147056, 2.814582954048664, 16.38205592110196;
  -8.553911360019844, -4.031330416921143, 23.71779412070952;
  -8.565522947764409, -2.968747233016333, 23.84932188341044;
  -8.008847771931386, 0.2603630529353858, 22.82839965673551;
  -7.614184719741539, 0.2839750613132379, 22.58884591209978;
  -7.702608183417743, 0.1526412095122945, 23.37085573326359;
  -7.555057687583418, -4.093211201518743, 23.47168704732538;
  -7.600814210538524, -3.776711771724708, 23.84920260773198;
  -4.737039037111595, 2.81282152422853, 15.66473760290723;
  -5.488506255924693, 2.724725048957092, 19.45907852608952;
  -4.412149313462418, 2.78033809359345, 17.07797735968247;
  -4.853605357665173, 2.642342463518216, 19.6357292771027;
  -4.050839195847144, 2.821016105546019, 17.14569984066342;
  -4.063543315584692, 2.773488303446142, 17.43985997599873;
  -3.591955123680831, 2.759537414266945, 16.49406305333599;
  -3.71847317518515, 2.661072717098231, 17.84119074033807;
  -3.703362383215973, 2.77747853981962, 18.19138459548537;
  -2.450159229201702, 2.782967426019941, 18.74077795687166;
  -2.445442955690859, 2.815195431028154, 19.09221098014504;
  0.7615053947381457, 2.66143507283124, 19.13693205873509;
  0.8647288040237368, 2.791857707198995, 21.6624766937067;
  0.8634631312466865, 2.800429347746788, 19.42806808855076;
