m=[-8.758157936608852, -0.2075073493426435, 11.89685031561776;
  -8.685158537269301, -2.611082840613732, 11.81965233158447;
  -5.46903826231142, 1.012319526161675, 7.82185185514698;
  -5.439374988575084, 1.232377059261995, 7.818551382192022;
  -5.463324393079637, 1.076312475151686, 7.851434216091052;
  -5.389704973601329, 1.130615169987651, 7.79870851308957;
  -5.358992716412145, 1.155865282831474, 7.83477019002362;
  -8.21985742826657, -2.277877860642757, 11.56870130177873;
  -8.017734509709776, -0.1986673080313732, 11.43222825108285;
  -8.061361923226999, -2.439341289974595, 11.52351512973164;
  -8.053208494702407, -0.06466779037054748, 11.53567756569224;
  -7.96304640989491, -2.398134753962355, 11.49887207485806;
  -7.942303278374895, -0.05040001378640843, 11.49604158366788;
  -5.175360072880548, 1.252673005839514, 7.846331463857182;
  -8.078032907936555, 0.1019027303034287, 11.69507378556184;
  -7.996526323133336, -2.292227020420072, 11.58407212841513;
  -8.06845052396949, -0.3115375384468002, 11.71617482730491;
  -7.956573891355259, -1.291164116515848, 11.58892032301153;
  -7.914591680060939, -1.091464329222418, 11.55533665653207;
  -5.070241068897696, 1.302525788785474, 7.814747332304594;
  -7.862619182623349, -1.027336837943611, 11.57010883480668;
  -7.811303537440307, -2.453885613817375, 11.52844070736051;
  -7.669707834897009, -0.1469390358173363, 11.36446616577852;
  -7.740170362430854, -1.16405496370586, 11.46032930724723;
  -7.507646155776105, -0.2482672809038603, 11.46756976295718;
  -7.324810484849905, 0.07442519083247723, 11.45381319482202;
  -6.869014772201561, 0.1975029376531854, 10.95969467516449;
  -5.492113400904082, 0.08066655882061602, 10.01161277371721;
  -6.0553669505446, -2.488492733252827, 11.39048255786267;
  -5.965963532001531, -1.390388924940429, 11.46047812181499;
  -4.78990214003429, -0.007898058210613772, 9.555341799209161;
  -5.801001851738537, -0.3046927989048329, 11.46085580176439;
  -5.763139438664086, -0.1898325785054406, 11.47005797708569;
  -5.694996615393952, -1.36062748012966, 11.40826788627362;
  -5.675172251900416, -0.9137524324790202, 11.48515917754816;
  -5.609666908690538, -0.2055935179306496, 11.46472062607836;
  -5.502160362571477, -0.2370742898489014, 11.4202338294311;
  -5.53471408595269, -0.8523525794942561, 11.55616369786176;
  -2.964059757838949, 1.407608057848276, 6.693092003127955;
  -5.404002349914007, -0.2012883162154837, 11.41369202299762;
  -5.315313729506563, -0.2456724068251296, 11.38406485373211;
  -5.277170056259265, -0.212266883813818, 11.47476164330216;
  -5.127252533458562, -0.2486141557601739, 11.33312874498675;
  -2.856184781893516, 1.407441557277999, 6.780646304515205;
  -5.130089765833731, -0.1136476919534966, 11.41605632907355;
  -5.091270951253828, -0.2115264868947689, 11.44139333407825;
  -5.052353322007175, -2.553782616360231, 11.40236831198951;
  -5.009535573565972, -0.2527221159981812, 11.40103789778526;
  -5.027327735471366, -2.453390011415634, 11.43255134342102;
  -4.983675972446277, -0.07155727079605685, 11.38103503472232;
  -4.907138157982953, -2.389756660637947, 11.30214621502414;
  -4.956021432751939, -2.290784779198084, 11.43318222496268;
  -4.902296209285964, -0.04873807702411508, 11.389539587906;
  -4.90669572877859, -1.278971119630081, 11.40753123736031;
  -4.801826007949416, 0.0701091530656562, 11.25436545294766;
  -4.924114517703604, -2.574079073993606, 11.50781220571674;
  -4.797902281200229, -1.287416015960094, 11.33249930955796;
  -4.774061005633692, -0.2968516564600126, 11.3042321275466;
  -4.740447882108789, -2.425144299480993, 11.24082011681074;
  -4.35956966921755, -0.06224576859172571, 11.1569844593009;
  -4.371824592053123, -0.1065298321689546, 11.28053518369334;
  -4.049363962338503, 0.1353889430230454, 11.19051299626589;
  -3.830932992570606, 0.1479209024673967, 11.01869092432773;
  -3.854633376892512, -0.1476281497405809, 11.15923202506365;
  -3.797760964723128, -2.095904229245053, 11.51206369255593;
  -3.723368452345184, -1.220821503520249, 11.3801023067714;
  -3.705463955450222, -1.86562039962178, 11.33856404283892;
  -3.688842381941342, 0.09156721728857738, 11.31469611703063;
  -3.684961092149226, -0.5800233206248552, 11.3802832578873;
  -3.668507459612386, -1.044166844779566, 11.33399718946207;
  -2.250363576941048, 1.381769714021005, 7.501343763248301;
  -2.135986979838399, 1.372980311740787, 7.908447844018633;
  -2.015819167719386, 1.384094314375991, 8.04869398144662;
  -2.001258909810526, 1.395288714735364, 8.235774639887788;
  -1.888447204243175, 1.350442385857234, 8.213582697927221;
  -1.854390483458017, 1.343117975113538, 8.275748379123773;
  -1.821386998174881, 1.401724713188387, 8.623584305169118;
  -3.408611599922661, -2.929535600259935, 15.50280816373877;
  -1.776823881458538, 1.39380782538729, 8.991203999813461;
  -2.030329602576538, 1.348903558274405, 10.19499328295855;
  -1.931725981557254, 1.343341433095993, 10.13478031531233;
  -1.692026608094771, 1.406514727703077, 10.59021293471846;
  -1.589089164741392, 1.384949094177816, 10.65479631410443;
  -1.604527706277251, 1.36741817838851, 10.89866376177975;
  -1.708846468046779, 1.393807535856068, 12.26845068444779;
  -1.310950235527619, 1.54322189492793, 9.76215665776483;
  -1.299377542710125, 1.442796754263261, 9.923444011198516;
  -1.567266509882331, 1.395961973017195, 11.92521711077961;
  0.5857205777793072, 1.242099427303436, 12.669958382903;
  0.5607936957793668, 1.404754380880504, 12.09490166447056;
  0.412059824897658, 1.351917079824369, 9.050737664273369;
  0.7039742225304918, 1.395814916669598, 13.12564925610177;
  0.4414694592160472, 1.364148534337947, 8.816974923825772;
  2.206103028597439, 0.8196157365213438, 16.89305333897941;
  2.056656933529785, 0.8230356895800176, 15.44885174451989;
  6.122332732820442, -1.502819873548839, 33.38325261675815;
  6.048145974236631, 0.04454538309723852, 32.67434609641002;
  2.004312275152546, 1.38090632180489, 11.51189767790469;
  6.135650375885179, 0.1933450213293916, 32.61458757065574;
  8.036567404141117, -8.861721120819919, 41.39257956812374;
  6.270168841773129, -0.2536109285999205, 32.21721617326152;
  7.147276589947722, -0.950254839961536, 35.36736261442619;
  7.647516198268032, -7.29828901029413, 37.67382682857122;
  8.065153676138049, -8.012542199590156, 39.64422126904114;
  8.109698458350666, -7.728665676920793, 39.4153737175916;
  7.865342734506486, -6.563260170990864, 37.79614732570669;
  7.822001128860507, -5.023604289537564, 37.24006250615835;
  8.779186453893109, -7.465097024517112, 41.35575837909205;
  7.612394766190848, -4.098436019387514, 35.80306549144021;
  1.91562012182872, 0.588505127848148, 9.773823767437737;
  8.506704917985406, 0.1252762629689121, 39.25142497298298;
  8.414548949995451, -6.430387361627956, 38.85431622995282;
  8.388172648351098, -6.623641358458377, 38.25765206272361;
  8.539028058132747, -6.186278814637341, 38.74183252840456;
  8.135462760147359, -4.47149519790275, 36.66578555710225;
  8.576814737522161, -6.405888931480536, 38.52924294622716;
  1.883012768631109, 1.344102923151562, 9.286597168825635;
  8.491541648584915, -6.102965258753463, 37.70030551244444;
  2.011870625707447, 0.426415284645926, 9.68597029110204;
  8.938666415262981, -5.776060901360653, 38.4150539878002;
  9.360268865087468, -3.769468168582892, 39.94286435794074;
  1.964107496791511, 0.9098380529765004, 9.185863443063038;
  8.73092990450235, -5.264683892021222, 36.96950211025276;
  2.068958242932078, 0.3854799433772486, 9.535567168354096;
  2.026534344614304, 0.631543720241359, 9.279475131801281;
  9.279981895587138, -4.145561082396754, 38.54424754824653;
  7.376834873278026, -0.2766440490950461, 30.78240726381393;
  8.540257092488625, -3.041796391294378, 35.2246986532465;
  2.067380255978534, 0.7214946074101557, 9.332116956021169;
  9.20657424178917, -5.687157482240819, 37.95784169225912;
  7.445050181604684, -0.209957309789242, 30.63361486481731;
  7.533194281524955, -0.2467818861157728, 30.59153309654173;
