m=[-8.276600069083372, -2.515558645927065, 10.86746314247318;
  -7.944970116747356, -2.223036921469742, 10.77480904095924;
  -5.069811649926712, 1.226725543367492, 7.242114401729129;
  -8.289182931498653, -0.3043223011191759, 11.22156891853362;
  -7.917794909414048, -0.2074126213643914, 10.85979566030902;
  -7.907326095634233, -2.268617412240037, 10.87530855832179;
  -7.751750735079188, -0.07312300640792634, 10.69012925519782;
  -4.973281104034015, 1.277392825830519, 7.218494348228167;
  -7.745177757967617, -2.159135452717685, 10.71724215389877;
  -7.702529153949906, -0.05871390061785892, 10.73117442149719;
  -8.069229058250617, 0.100013587534059, 11.21462486875983;
  -7.70385435361616, -1.267622153376963, 10.80939315331763;
  -7.667540613429616, -0.5124564472970465, 10.77608466535552;
  -7.619011522150331, -1.010107761718859, 10.79938268852368;
  -7.670169990442868, -0.4374346845961998, 10.87193101597871;
  -7.585105362340805, -2.402817756033387, 10.78771576453187;
  -7.525330740419911, -1.149082196814364, 10.72900144607847;
  -4.625937178279187, 1.313773502234688, 7.307454331896429;
  -6.908602983852311, -0.4732895644184207, 10.94499945673338;
  -6.842702383272237, 0.1007744111284818, 10.9566910123251;
  -4.800246296631611, -0.03246564002937567, 8.657457698441961;
  -4.82284083801905, 0.01463468557347834, 8.780167987475126;
  -5.934529542716341, -2.464318702420979, 10.76516286328782;
  -5.903241169804443, -1.207518055893191, 10.74356575522009;
  -5.847932439754803, -1.181968193664447, 10.72029739744255;
  -5.81497414983779, -2.279405294303455, 10.69493928883171;
  -5.859233801383612, -1.287097786503409, 10.77634109410659;
  -5.818686438868151, -1.362211409354013, 10.76931159398953;
  -5.705106382096891, -2.238541238389399, 10.64575197527413;
  -5.68250984662273, -0.1042975482825835, 10.72882780940588;
  -5.643812053377824, -0.2986513723316405, 10.74087335623887;
  -5.528940454468937, -0.1356964343608411, 10.59067840735127;
  -5.587491187564476, -0.1882117426523328, 10.71902807778414;
  -4.761067407822257, 0.06716792359038915, 9.310263876445861;
  -5.528399415133929, -1.334789986150298, 10.68045185583682;
  -5.47774765798698, -0.336259728367352, 10.73645775337274;
  -4.593090817802922, 0.0483945391864116, 9.245312767516111;
  -5.36438810819975, -0.2368061474850578, 10.7298439407933;
  -5.26469811541693, -0.1995226294887839, 10.71906734602181;
  -5.175393599674522, -0.2465490566485993, 10.68203097168929;
  -3.909984334116342, 0.1177815500718092, 8.379367622361276;
  -5.219967233972763, -0.3338431931764637, 10.85702384680722;
  -5.119857722301441, -0.2084548934987812, 10.73417954224328;
  -4.932747908575729, -0.2079799503998532, 10.68777208926871;
  -4.839935771188741, -2.22738162126869, 10.5628820096326;
  -4.838568455761566, -2.382597251035426, 10.62683816991746;
  -4.796931695727111, -0.06964725379595287, 10.56829189175136;
  -4.735641279920058, -2.324408667306227, 10.52468516526721;
  -4.801636913969573, -2.232701065427403, 10.68312132205585;
  -4.746570191944818, -1.250120628129022, 10.6535777159229;
  -4.811843306307281, 0.0679962946020882, 10.85100943448364;
  -4.685814758164084, -0.8697209727957457, 10.67295534787391;
  -4.682307147080608, -1.266890731014155, 10.66857559786917;
  -4.671552621763186, -0.9849951131170662, 10.6530210222247;
  -4.688335890003716, -0.2935271444811679, 10.69654377463926;
  -4.659971403083463, -2.408980163769601, 10.66162068436736;
  -4.663514860597567, -0.7315132570805618, 10.67924054608425;
  -4.618433314825423, -1.127834483435965, 10.60730564316956;
  -2.905427827035896, 1.351326295691478, 7.054279549117676;
  -4.45143813868738, -0.06841960270539114, 10.5472464480013;
  -4.424651863490809, -0.3527263428373231, 10.67693525235262;
  -4.387393203330212, -2.392871841756412, 10.68537238124292;
  -4.293128209629938, -0.0617729723054521, 10.58614170745387;
  -4.279998866289998, -0.002849413069048121, 10.59917496458337;
  -4.272591260535456, -0.105082998971714, 10.62205984637405;
  -4.23799121424188, -1.029714639379682, 10.55444427391629;
  -4.076978917115418, -0.3693100040648614, 10.6207197039254;
  -4.12082733356329, -0.4357125853197502, 10.76938365799193;
  -3.908083746341288, 0.1293114856516837, 10.41356343337102;
  -3.823780637132753, 0.06428567287512757, 10.45105506484168;
  -3.686985336043525, 0.1434407201861336, 10.22244388506227;
  -3.767027440857593, -0.1403730842408897, 10.52749484183894;
  -3.716591414506022, 0.08270543595590792, 10.5783138381572;
  -2.295572169410826, 1.384247388657334, 7.097861510690616;
  -3.610991548799846, -1.191384201195558, 10.66835690109102;
  -3.616176834514814, 0.1617288392254104, 10.68416548854862;
  -3.566888346477902, 0.09666911309826669, 10.56996138044506;
  -2.211846597388561, 1.373926398676269, 6.953867599378452;
  -3.54780123981106, -1.018670021603243, 10.60062315647356;
  -2.10991504400462, 1.36307002576984, 7.033671434358033;
  -2.105799870924898, 1.395891400106178, 7.054948068142934;
  -2.035758865432087, 1.3773745817653, 6.991989289636743;
  -1.991935638096104, 1.387778720358214, 7.549877805073111;
  -2.347767692818124, 1.322847982113337, 8.785469285878508;
  -1.93177791348078, 1.394348195997241, 7.432446860532301;
  -1.954062778086744, 1.384708029070983, 7.663148041485907;
  -1.878470032001999, 1.363901032881161, 7.772344396542274;
  -1.839629864639317, 1.353091764861691, 7.818492478577929;
  -1.891455305963983, 1.361800796849816, 8.075674529487646;
  -1.788902241483354, 1.399294721259095, 8.086176470505254;
  -1.801676333121884, 1.361790084033965, 8.197512124793388;
  -3.239723994704258, -0.2880253192175255, 14.03373255249044;
  -2.005657519726433, 1.355358425818908, 9.703993699707997;
  -1.9347415548748, 1.368407799348541, 9.779324428716899;
  -1.742804338131827, 1.414102913573039, 9.199144874830358;
  -2.04864637346017, 1.425431989126731, 11.09583404943679;
  -1.639127532606976, 1.344057737591383, 9.261775765073432;
  -1.638119313321163, 1.393335800394769, 9.94234204803977;
  -1.564337796645589, 1.395096543991175, 10.17178865906938;
  -1.622317650585215, 1.357592889668902, 11.39339172118253;
  -1.135676502242529, 1.396008199919725, 8.366217360474373;
  -1.242441595027912, 1.412291609981605, 9.171700673375824;
  -2.595272849639088, -3.94964839242907, 18.69077839694291;
  -2.5541024225075, -3.831412113361255, 18.84289206193543;
  0.6067947241761634, 1.457318650790338, 11.88482917669488;
  0.5242731270372021, 1.404891801309261, 10.24518250668122;
  0.4352289937149316, 1.364840532748856, 8.547827734429555;
  0.5651851119399233, 1.388577948995517, 10.6866406664804;
  0.8089543525074566, 1.546331313711765, 13.75101441807632;
  0.9336060650900494, 1.399804570935598, 12.89847187664723;
  2.279609790182447, 0.859803168257851, 16.63578589089847;
  2.117458176075797, 0.5578538672152412, 14.86909681111956;
  1.624138900831853, 0.965295041148148, 10.03569176574075;
  2.029481518513117, 1.459524097537791, 10.84060020726707;
  1.890706379828079, 1.256453411538783, 9.266064173427322;
  1.875911723603568, 0.5798873726898636, 8.948012865887716;
  2.018925904655714, 0.4410697266670886, 9.078970794312196;
  1.942145599728796, 0.754388936234109, 8.678006671545404;
  8.030209372525551, -0.2357760326120613, 32.64204937033303;
  8.435239062662777, -0.169273633662756, 33.8066105102258;
  1.994414242110406, 0.9306054878067741, 8.692221823959139;
  8.532785615001215, -0.2172120192423008, 33.7480967337108;
  2.056539979269536, 0.4010073033996252, 8.849931731480989;
  2.017163071451918, 0.6366659973159259, 8.614323889624396;
  2.008119263272128, 0.7090237860501542, 8.463334193625951;
  8.745534790431762, -0.1592786397772043, 33.38554160221113;
  10.29849436908373, -3.792750040798936, 38.98602116522233;
  10.63213151200004, -5.258144466264079, 39.83310272163654;
  8.926823251011795, -0.1628550217641954, 33.37765468790787;
  2.060727574287711, 0.7700110377443276, 8.444114567537424;
  9.109023007608691, 0.3078888059761848, 33.7189159873867;
