m=[-25.57568579067594, -1.309992216741703, 31.70085720679101;
  -24.48122277539995, -2.003202280121855, 30.42203037739756;
  -24.94616110795218, -1.657766392250167, 30.99929677144328;
  -25.66257983720439, -1.25502851335114, 32.03317386758247;
  -27.08496386184483, -5.447707919243872, 33.87825037105331;
  -26.75144062465025, -5.276391541909612, 33.54282876130086;
  -25.642204538714, -1.420964532807972, 32.18590749727061;
  -25.64380100216313, -1.15170942748954, 32.19619527589017;
  -7.308071619608922, 1.704927955752608, 9.962439318910024;
  -25.66280457757225, -1.468941934313767, 32.52481643726871;
  -7.4294439112998, 1.817141605870304, 10.13795012679562;
  -22.79872661558507, 2.561819394689276, 29.01504662361834;
  -25.75655242204651, -7.018777492155921, 32.78312418695273;
  -23.83257324263715, -1.567737071004175, 30.42610701135475;
  -24.39546986568912, -0.724271118876329, 31.15962585844614;
  -24.35228837083415, -1.07145695157028, 31.18536727185144;
  -25.06533191237591, -0.8426786898168929, 32.12668298382294;
  -23.91645127224892, -0.1425712658402273, 30.71445389079567;
  -26.17796840872592, -0.5786328429094196, 33.57908997933988;
  -24.90199778342252, -1.906731250879914, 32.01868797333316;
  -24.66347106122234, -1.535467135298526, 31.79382575894772;
  -24.44802117563775, -0.4537930327031193, 31.55930441997393;
  -24.11196986783186, -1.865110385959806, 31.36231872728143;
  -7.364514612368521, 2.072757289020662, 10.31544823329575;
  -24.01898260006703, -0.0486005179998617, 31.47498730155824;
  -21.99451714582314, 2.54097200727947, 28.90075697416426;
  -25.60380813756855, 0.1251406285494129, 33.51654734152029;
  -24.32266440539486, -1.706177738015563, 31.96081133194569;
  -24.43514885198683, -1.919756918528385, 32.38196607880703;
  -23.65528345560103, -0.6226621702433649, 31.40381044356453;
  -24.38303077835101, -1.772384696426572, 32.34977783667257;
  -25.03667419233707, 0.03149728612952277, 33.26906885316905;
  -25.67912062584878, -0.2324819757792237, 34.13476409224073;
  -25.41079138394123, -3.06886000884622, 33.82137014479281;
  -25.53955304212632, -2.529609277750641, 33.98624467470511;
  -23.98364653210172, -1.458826212777524, 31.98994493125943;
  -23.66969528912624, -0.8686023461621416, 31.72940198415778;
  -24.19373798189914, -0.705462175049976, 32.60790914399807;
  -20.89812419917377, 2.520901522478282, 28.35274745163816;
  -23.34614371686374, -0.8609730769438637, 31.63652958758535;
  -23.92926061742975, -2.140774256949716, 32.43338219288021;
  -24.07365645923926, -1.819997414868682, 32.77123361263065;
  -24.08394411117277, -0.7705338881928502, 32.86842783584447;
  -23.457659658017, -1.059445804720077, 32.06746121790102;
  -23.93968820655508, -2.17385808624239, 32.80156302778592;
  -23.51804703682632, -0.4096160093911817, 32.3162098833872;
  -23.86403265600788, -0.5848224646953489, 32.90270506433814;
  -23.70484482389954, -0.845116852459873, 32.94739332148927;
  -20.89063208234314, 0.2662557828638956, 29.20149909952763;
  -24.57138081807256, -1.457159216595231, 34.42216199096258;
  -24.07252014278031, -1.379951626028822, 33.77285940225726;
  -23.38422840425226, -0.7360713242397894, 32.85557074934944;
  -21.63200554190636, -0.3657798847178044, 30.47962857600341;
  -20.01927994305757, 2.467302905478797, 28.38186191715391;
  -22.48257073595856, -2.288780738172025, 31.83744071871774;
  -23.01980041940262, -2.441672814064243, 32.72367820351414;
  -18.03088771541936, 2.832771655797661, 25.91879085486507;
  -17.74261294687589, 2.884703769154247, 25.77313632074749;
  -19.17271374733717, 0.5596476534415886, 27.91060687499467;
  -19.90504868064968, 0.4336829488662238, 29.05657069304028;
  -21.27640947943026, 1.875580010106096, 30.98061977329392;
  -16.89843453215416, 2.756461811622599, 25.68131658089151;
  -17.08451954591816, 2.923498980628855, 26.06182237435399;
  -21.63676886913239, -7.083937515316383, 33.26869819497392;
  -21.84921862649634, -7.218644943696601, 33.66511665647779;
  -17.13218677399046, -2.461652687858487, 26.62887592715339;
  -18.78713678639116, 1.062011167923363, 29.12213545344508;
  -17.45109502172371, -1.281685325785278, 27.15089154980092;
  -18.7788180938866, 2.438472888291754, 29.14928726837007;
  -20.42083732028948, 0.4758975181369575, 31.74834564412836;
  -16.8728418164941, -1.918992046182702, 26.44164213022556;
  -20.27507003002004, 0.1118105521306707, 31.68898244716074;
  -16.90285796911818, -2.148581292463355, 26.60807001758698;
  -16.99032545486505, -2.051202899401327, 26.75637866767189;
  -21.16227691420995, 0.2708412398917308, 33.06397819364011;
  -20.33298586810757, -1.060054661109031, 31.96754609107273;
  -17.13424538661407, -2.29374792673024, 27.12488336916273;
  -20.14086841565151, -0.7368139625988122, 31.78312568000296;
  -16.98857457329156, -2.386549423364328, 26.99406261635787;
  -19.50260140671224, -0.2945142858330698, 30.8243629675666;
  -21.60607210198556, -5.684429883409721, 34.08834808128914;
  -20.0841214694961, 0.4262561549375891, 31.74291767296955;
  -17.12955996846176, -1.888900011005683, 27.2676260037733;
  -19.57345552394609, 0.115893437861201, 31.0787333907506;
  -17.86875867577616, 1.568563112942877, 28.49426877445699;
  -19.57341488143316, 0.2952718940173684, 31.14729760059502;
  -17.95073225774119, 1.868462911210047, 28.65316978222797;
  -16.99188036769247, -1.452916379504423, 27.25896432556793;
  -18.94900132323419, -0.2472294648513604, 30.38802780890431;
  -17.91881023694349, 1.771675948017779, 28.79886573668639;
  -17.99403137377768, -0.7585798877925021, 28.96675686481372;
  -21.32746287816997, 0.6205966040777325, 34.22505992794022;
  -17.16283197372104, -2.605882364164112, 27.86217126721889;
  -17.03090632379704, 1.653891170161038, 27.62640533177365;
  -17.50640977567445, 1.164088285231526, 28.61211711748199;
  -17.39317524075957, 1.557623613550099, 28.52805762654352;
  -17.03720559588868, -2.211266251273748, 28.02368367931457;
  -17.1570464925396, -2.86950490808841, 28.22072343631405;
  -17.07584153133553, -2.971957912980303, 28.1093209602349;
  -17.03047117524758, -0.746695030604888, 28.07126900904542;
  -17.33609312405816, 2.341971522077186, 28.55639808629079;
  -20.78009206707145, -5.652669843680544, 34.11684745343919;
  -16.78263061148872, -1.702114552139103, 27.82474988084906;
  -17.18928895099476, 1.508395290528878, 28.46940147196781;
  -17.14912937154707, -1.365485015741035, 28.46248824581236;
  -16.91751482736613, -1.013584602087717, 28.09838626174895;
  -17.12303652183635, 1.320312298108573, 28.42507209868775;
  -17.66753226863305, -0.1441117219143084, 29.40337738109771;
  -17.22778026492779, -2.554440739403662, 28.75643742923984;
  -16.82890249409384, -2.187843915874181, 28.14748045729679;
  -17.11497822154291, -1.710269012251853, 28.6642896690696;
  -16.93583115119391, 1.393755575762744, 28.35501729706554;
  -17.797947437579, -0.4430332070885317, 29.82623661740961;
  -17.014193735166, 2.252645652954175, 28.57642572602801;
  -16.64328566313791, -1.135642048945306, 28.063774979871;
  -18.29220284992884, -2.44487801436774, 30.75946834836766;
  -20.2257099192488, -5.669466261099067, 33.91738297308587;
  -20.75059757025446, -5.469226630737123, 34.79893291214424;
  -19.90512747007535, -7.120887199417069, 33.45877990592685;
  -18.09658480671549, -2.93046874263675, 30.48850083305929;
  -16.74388160505978, -0.3493210378012502, 28.32557113329296;
  -17.31761765387165, -0.4343609105332112, 29.41135233905341;
  -17.36965672739638, -0.254463392045636, 29.5234863454392;
  -16.66293480374479, 2.41465487477276, 28.38421821437847;
  -18.16607345923487, -1.687685003196309, 30.97402798662577;
  -20.17811169335402, -7.475283710338413, 34.38249991514032;
  -20.17256565015973, -5.751110477741608, 34.40319101651972;
  -17.68109271216607, -2.67953163591836, 30.26181272839361;
  -15.76640911711692, 2.955155947723227, 27.06039232363726;
  -18.26821955047827, -2.644404865860643, 31.29518500320794;
  -19.07551853741783, -2.364639238515487, 32.76069841927625;
