m=[-12.6692354829835, -0.9700758722355498, 16.28994995977294;
  -12.52955954773277, -0.7800494446849381, 16.15192898469629;
  -12.46317006239799, -0.2313356855787643, 16.08837685518174;
  -12.98372311176227, -3.588514788600467, 16.76389804561847;
  -12.28797852264412, -0.9505003734933502, 15.98291226530166;
  -11.13094430621443, 1.285930384793595, 14.62604130629672;
  -13.00678332099848, 0.06357167775396169, 17.02646991403916;
  -12.29793055254884, -0.8626709221776819, 16.15990056073806;
  -12.39001934575803, -0.9734266610692434, 16.41951062383139;
  -12.31527572473396, -0.8951883966029375, 16.3390858714018;
  -12.77588484920494, 0.01607264996787818, 16.97676733910809;
  -12.21916289443723, -0.7432412375134111, 16.29820334351306;
  -13.02797030211143, -0.1179467287979923, 17.31783184256112;
  -12.97905766234046, -1.567480146944087, 17.27492492052176;
  -10.57185378592287, 1.275262892035277, 14.3429667481719;
  -12.7249152169143, 0.0557012724011326, 17.08880461336428;
  -12.33115359295824, -0.3595625628859848, 16.61971937948154;
  -12.31570375676084, -0.9364595698507588, 16.61446349952434;
  -11.92621076628191, -0.4398219467958524, 16.1612951736743;
  -12.62388311366348, -1.6527564360034, 17.05525028083298;
  -13.12289183002329, 0.3167313239693029, 17.68689421831025;
  -12.32184969010049, -0.9945475685525237, 16.68302616411549;
  -12.11516765539696, -1.083854593334671, 16.42072729201257;
  -12.14027661845416, -0.9178195301901175, 16.52644008852369;
  -12.10225658875659, -0.3871956678771774, 16.51648689692335;
  -11.95618589254689, -0.5399912510020178, 16.34453449375665;
  -12.11463716885584, -0.2110017606716405, 16.64675458794645;
  -12.25510641054287, -0.3003290198026573, 16.89681528560336;
  -10.43426060555167, 1.349930306013453, 14.63854754825897;
  -12.29503078184665, -0.4383381453218969, 17.08887858489177;
  -11.76184918475466, -1.233212531509858, 16.51794594445249;
  -11.69861712526348, -0.5691033958588709, 16.43722269057098;
  -10.20572041777253, 1.257817649330927, 14.46891938602155;
  -11.86940571117702, -0.3736163121882901, 16.67688547830788;
  -9.075791964791216, 1.477553320438535, 13.0437305463323;
  -11.52210947428861, -1.172978950564694, 16.3163937812292;
  -11.68508220223033, -1.239417676238573, 16.61086815701066;
  -8.992011937567314, 1.461976925622322, 13.06190639217647;
  -9.546291396653411, 0.2570272358148306, 14.27969610006006;
  -8.675345552748144, -0.9523104191148933, 13.47261322478785;
  -8.706661656713319, -1.251024014170878, 13.53292583456468;
  -9.347468279654006, 1.213790338675459, 14.50954137546677;
  -11.15822198239829, -3.653232503588173, 17.15688334844322;
  -11.09404622010398, -3.665301813345989, 17.0936254781779;
  -8.597965786304526, -0.9778689409119171, 13.47398007057392;
  -8.631995589156452, -1.151153691267598, 13.52635066970021;
  -9.819722033212059, -0.3290226757212966, 15.29034323755374;
  -8.607897895098594, -1.094179955758594, 13.55034458169632;
  -8.62032501137071, -1.04071200425665, 13.5752950027566;
  -8.575564674690119, -1.148004084759907, 13.57580601754462;
  -10.29624722778397, 0.05678052335739703, 16.09255095986226;
  -9.444500669683819, -0.258456263632277, 14.85896519874952;
  -10.68529255515111, 0.1367536156896116, 16.69471964044428;
  -8.632591302521178, -1.212703614790687, 13.71679002004306;
  -8.652130498974682, -0.9540822662593762, 13.77286159225654;
  -10.01344482415043, -0.1512158552396255, 15.82650700685923;
  -9.077268396979802, 0.7968247057411318, 14.47499124782891;
  -10.95157415185229, -2.881294438217006, 17.27852568316117;
  -9.09711887747109, 0.9469045038033664, 14.5209280592373;
  -8.685320743745184, -0.7426514603898778, 13.93329303094761;
  -9.111781433594045, 1.185578591295254, 14.56723755410486;
  -9.522129940966954, -0.1242361562698214, 15.27039575913211;
  -8.997769240401938, 1.093518292990971, 14.52883263189216;
  -8.651739433995068, -1.313618594233835, 14.04524883995931;
  -8.731711806777543, 0.8479467142298607, 14.16400307934339;
  -10.76676191147285, 0.3132963314643859, 17.2778672153826;
  -8.977284829729781, 0.755283203839424, 14.58522206154801;
  -8.806873621770214, 0.7886883288954721, 14.44491846450084;
  -8.629893594326537, -1.120077606026118, 14.19489874160524;
  -8.758781109570036, -1.464900464873836, 14.40685839721125;
  -8.613115903064957, -0.377639043374796, 14.19697030299625;
  -8.788406097619582, 1.18724539939807, 14.47645794653314;
  -8.575095679711589, -0.8696965023129658, 14.21707347410652;
  -8.725647613060964, 0.7656934387384317, 14.45167195149013;
  -8.617772704045764, -0.6861829100176078, 14.30295666793127;
  -10.53294800476926, -2.865207591931773, 17.29304081781015;
  -8.695221642281616, 0.6704656650380741, 14.43449015486993;
  -8.644540792250911, -1.281765081373651, 14.42938048745288;
  -8.614581210584658, 0.7089478212155485, 14.42306533717915;
  -8.605694025482896, 1.139376895485234, 14.45381309088142;
  -8.718906018834804, -0.5949279785373994, 14.70174949440182;
  -9.139950880954947, -1.221616944912391, 15.36939165473241;
  -9.052329983157433, -1.465888196419921, 15.25105279147503;
  -10.21991103023799, -2.864742004542725, 17.13821852223621;
  -10.35422660748898, -2.729059330009029, 17.36412823058422;
  -10.12016189150774, -3.620400390683511, 17.01110780874713;
  -8.772542939062266, -0.2200331370551357, 14.89883634384042;
  -8.791679592205474, -0.1287970537312016, 14.94335993321969;
  -8.50015991328363, 1.231772962728365, 14.47946575302763;
  -7.697941875819901, 1.442853509037747, 13.21222389301633;
  -9.058455612802382, -1.372789497923098, 15.50386572965994;
  -9.187278672687922, -1.329898863922817, 15.73867584322239;
  -10.13421259578583, -2.889219807437998, 17.28333707180571;
  -8.796369086586937, -1.31826881155312, 15.18205378939648;
  -9.808525649564022, -3.779698732353559, 16.97252562526216;
  -8.349319360447627, -0.1131741338411952, 14.58365559437736;
  -8.58188902457548, 0.2815468105467111, 15.04199070444112;
  -8.963839291333118, -1.255906034524218, 15.69047968647021;
  -8.453476933556066, 0.195268528085328, 14.93846412974156;
  -7.204276280529425, 1.41707427806863, 13.00729600731747;
  -8.214644024747587, 1.272911843671502, 14.76201034525604;
  -8.45846035846245, -0.8379909848027801, 15.21805236833379;
  -8.349974771365291, -0.1586616544909266, 15.04742080777385;
  -8.1357556170574, 0.3835492558100137, 14.69271798420926;
  -8.247637918037043, -0.02388001307984642, 15.02196598314841;
  -8.396398130699661, 0.3128987516362422, 15.30898125820436;
  -8.24671310053497, -0.570999404390995, 15.09740134095591;
  -8.221944719885027, -0.4620402058917325, 15.05843750427164;
  -8.151181243874678, -0.2632222197241114, 14.99129378482235;
  -8.1820889368339, -0.1053983518860788, 15.04306918017077;
  -8.308875667526646, 0.001947260355390041, 15.26918797357707;
  -8.204296774866021, 1.145009743654135, 15.23983104537844;
  -8.25091987055349, 0.3821185950578685, 15.37108508126513;
  -8.124643711346399, -1.182483475009181, 15.17553928217556;
  -8.198443317161681, -1.28047341504909, 15.49481389105194;
  -6.994092422241784, 1.377590487111481, 13.38596873636977;
  -8.380100436306446, -1.099585126564406, 15.94687966293651;
  -8.064807086369095, -0.2188624982235157, 15.38804301288872;
  -7.996484568113925, -1.250646662370943, 15.32198008434519;
  -8.395462202556171, 0.3541479271129875, 16.06317786938581;
  -8.192844431163532, -1.43578528984549, 15.93374050233868;
  -8.227582125210127, 1.099298670667436, 15.99551119762409;
  -8.397751069592099, -0.8905002499354303, 16.35648026713791;
  -8.357615659084441, 0.1210916443376087, 16.29265315107467;
  -8.193076121119333, 0.3439398522115239, 15.99335572534671;
  -8.344160090253149, -1.065210794440848, 16.38192352219747;
  -8.473482253522457, -1.021418544259318, 16.70310060003306;
  -8.190500353799704, -1.192930733801491, 16.20732470820346;
  -8.292618502907923, -0.813533105998388, 16.43910741305096;
  -7.500430712838121, 1.26119805566056, 14.97683158136972;
  -8.29577284152621, 1.180619590606443, 16.52402757113947;
