m=[-7.64391672007752, -0.06363360464185439, 10.09417731865359;
  -7.64719206311919, -0.280757233827423, 10.25512277273493;
  -7.574098879271968, -1.245129890167851, 10.18360134647879;
  -7.539296594542973, -0.03153204867415287, 10.23053728519037;
  -7.513661019969179, -0.9874866387162031, 10.20268252710691;
  -7.57193629193919, -0.4196613881175575, 10.280056527136;
  -7.483816143633951, -0.1390255958052511, 10.21124862553488;
  -4.516663779386383, 1.293338251964294, 6.67854882463565;
  -7.265147514715749, -0.2408943210359928, 10.2292225678803;
  -4.586317994611902, 0.01889517552032932, 7.935331628207962;
  -5.523919386772445, -0.2861783773738739, 10.07685348137157;
  -5.527100616264619, -0.1771976401090523, 10.15755848285478;
  -5.506067012769663, -1.322637612917629, 10.18901407657396;
  -4.486769319771429, 0.05623120570552004, 8.586160942690082;
  -5.393631242320455, -0.3215325967271871, 10.12971709715201;
  -5.361650842456291, -0.1917429939955669, 10.12025084360438;
  -4.481933385241627, 0.03073658805629425, 8.622817850398942;
  -4.424423100314118, 0.06978658351439655, 8.600069860875891;
  -5.284287120901857, -0.2250268492130693, 10.12761048743582;
  -5.191808119446982, -0.188084494468209, 10.12602489269039;
  -5.106106068338205, -0.08001934213180781, 9.994318733820101;
  -5.111569571491866, -0.2388104155498141, 10.1090599142488;
  -5.059843800535292, -0.1954857892076401, 10.16768258630293;
  -4.942642409421177, -0.2283739489877868, 10.08681843610234;
  -4.934776434094345, -0.1037768443072604, 10.14495341679884;
  -4.902947180299699, -0.3293801817612072, 10.10963658212732;
  -4.788263110624881, -0.2386618727235131, 10.06960234666895;
  -4.73192252052793, -0.06067574626227872, 9.982336355305151;
  -4.653816211303576, -0.03643071233181955, 9.99036866402383;
  -4.697823451192765, -1.234746632074234, 10.10541869533177;
  -4.685656074119467, -0.2499733177909359, 10.09285976059253;
  -4.605151821265138, -0.8388657436190352, 10.05134187031572;
  -4.608943198838217, -1.246123885558723, 10.06767323957904;
  -4.60152820193992, -0.2795935588861271, 10.06436405368963;
  -4.200596312845389, -0.05024787219851007, 9.924139713978171;
  -4.207075119390585, 0.007166268436326897, 9.983726628159348;
  -4.143575963540531, -0.0922341817241681, 9.881496217107642;
  -4.161857102323376, -1.007277199689989, 9.933760763492707;
  -4.00272424301375, -0.3562778536551529, 10.0021616386068;
  -3.974902897974792, -1.913125066506759, 9.942681817389913;
  -3.982318471851266, -0.7149121447948762, 9.96979148747978;
  -4.011087848283815, -0.4095132406089705, 10.05454321923749;
  -3.784948196284631, 0.1308170799939123, 9.664515635627392;
  -3.76238876483345, -0.1222397956040705, 10.0731371487838;
  -2.129050860393486, 1.356608068754435, 6.378749752825986;
  -3.59099918231361, -1.99486675491514, 10.11190920825848;
  -3.63742669483222, -0.2176949583551249, 10.2423164897969;
  -3.525629458807267, -1.158444587768554, 9.997565016001165;
  -3.504956594810039, -1.783124403159557, 9.958456704795264;
  -3.513731474871217, 0.1035880149415134, 9.984225312884352;
  -3.485274934427693, -2.12836978984011, 9.953279046466756;
  -3.473234400119985, -0.5431982736117129, 9.949513158332898;
  -3.504223556650014, -1.00208268348915, 10.04429282417934;
  -2.118475450151754, 1.353108324743704, 6.522392926683724;
  -2.070865826078952, 1.353680488179244, 6.454961255682805;
  -2.04979812427544, 1.376076835123754, 6.429442192054471;
  -1.930321375446568, 1.362867713995468, 6.888241731653922;
  -2.304374530969527, 1.315859588490054, 8.194478355464538;
  -1.831399454904562, 1.348272647949222, 7.147376098420014;
  -1.805953946319395, 1.345999399433959, 7.239601517849114;
  -1.725759447234645, 1.368899621218459, 7.387586602307633;
  -1.764081824198845, 1.351545914421036, 7.601840949535956;
  -1.690418346147988, 1.371380177943503, 7.789778443627559;
  -1.940766911250213, 1.334267056994659, 8.99807178982179;
  -1.855719252895322, 1.335937107854953, 8.99018487666671;
  -1.635585327265992, 1.346770166343226, 8.267883115052211;
  -1.577150704128322, 1.365829807269256, 9.200855235143834;
  -1.524468989198599, 1.385294567169908, 9.544203813704868;
  -1.478520171675821, 1.31602173174615, 9.406123204413243;
  -1.131408734296796, 1.415799060454928, 7.913870506011249;
  -1.606716150807804, 1.372051050161371, 10.93537799883365;
  -3.157080472426693, -3.862698960324512, 20.68435594556417;
  -1.181812392492865, 1.375582581216167, 8.408214224430703;
  -2.706756890464437, -4.146388655266643, 19.18724928269489;
  -2.339811436803563, -3.536277036375828, 17.02459861707649;
  -2.420818152157909, -3.792924758951012, 18.21613604776526;
  0.6141050214802041, 1.437065596345068, 11.12103829427831;
  0.5863885376004638, 1.410119500738335, 10.23181217932355;
  0.441408509227771, 1.347379425906048, 7.88072084592915;
  0.7928343806091788, 1.491129986327615, 12.66777206106497;
  0.4828786088601578, 1.364516234842503, 7.709306742072499;
  1.109505808072062, 1.070887099146229, 9.747149773016146;
  1.985978055625215, 1.368247120978656, 10.15750082376013;
  7.088833872972336, -6.80927996494168, 33.16361188504119;
  2.056990817072143, 1.477869882640324, 10.39335697785815;
  1.714744739917657, 1.174871023382419, 8.019790182965998;
  1.884364072121863, 1.111486076813113, 8.538267548531406;
  1.934751354425482, 0.6085414209631475, 8.639208611086534;
  8.460292455539472, -4.889038874412894, 34.19742857490944;
  1.897088355127673, 0.6060352387096282, 8.357246491242258;
  7.354081776306186, -0.1919914894287441, 29.21309831766919;
  7.609099721657435, -0.1694485226575833, 29.42270679536557;
  7.704409178239491, -0.9174342200246882, 29.30445265719598;
  7.685065094488897, -0.1064933469986141, 29.23456712116674;
  9.006680878616464, -3.264907592833247, 33.4256645713137;
  1.955542592781088, 0.7525001142205692, 7.992055905183574;
  9.418256461007864, -4.573281477803919, 34.54748244881413;
  1.950475481655803, 0.9140463743328803, 7.945579260550542;
  7.881616270655268, -0.1130357773804269, 28.8358005474994;
  8.924343068098885, 0.252294072195497, 31.9584123144007;
  8.890412360587861, 0.1577159551405664, 31.68047345543736;
  1.991446922534175, 0.7057332995460273, 7.843205729388455;
  8.848226699572505, -0.2901192423719946, 31.11847087593501;
  9.090070752160813, 0.08819256215930664, 31.89231568023408;
  8.405040644473637, 0.3045309164871934, 29.21472954661172;
  9.006876765406453, -3.655590136962006, 30.93743423044984;
  8.991752417162154, -3.110950810560309, 30.48882164443737;
  8.351240364216771, 0.4178441373437303, 28.15868601581424;
  4.382994594124313, -2.554712909515787, 14.699996611888;
  8.863198793555657, -3.833447265111919, 29.49116293363833;
  7.790543065688927, -3.613361794922134, 25.55337604202221;
  8.897636222326314, -3.114317468081027, 28.97708891613776;
  8.709347180797433, -3.801772974157448, 28.23317394263595;
  9.892612759240121, -7.451450536477426, 31.90475483398575;
  2.207975405714273, 0.7473008846697439, 7.815026404038942;
  2.298761786624485, 1.210778079041817, 7.680590405241538;
  2.450271423879332, 1.379808711579173, 7.882469892821342;
  2.389100940966409, 0.9695082090864466, 7.63278546356669;
  2.404947326276584, 0.9895188684528435, 7.653584507742338;
  2.536294845825132, 1.313010878371954, 7.819600862952983;
  2.50493154345966, 1.348370993521078, 7.722021925565292;
  2.503707436822382, 0.9533233676173784, 7.658671756821171;
  2.493873972960986, 1.361021264892034, 7.567753460804854;
  9.458782530055208, -2.848592649614955, 25.6459017243714;
  9.680581849446384, 0.03422871219075784, 26.19089282148051;
  2.556484818607053, 1.310045520367056, 7.641529614689435;
  9.836729047923621, -0.04562475524958237, 26.38886058139494;
  9.982251503439089, -2.849398868042016, 26.76005761229624;
  2.634061984430154, 0.9677850425445463, 7.742762219405532;
  2.558790363940188, 1.324283665673466, 7.549727324990287;
  9.391234566602117, -0.146185128641132, 24.81665655461982;
  9.496494132871158, -2.318615410174016, 25.02598545637362;
