m=[-10.23628028372179, 1.575450483130481, 13.17663235567407;
  -16.37347109149247, -4.975894997366543, 20.61533482600745;
  -15.83278166695011, -4.431372017128988, 20.5744584557839;
  -10.02504784731829, 2.443756697203972, 13.3908463871357;
  -15.97661017231279, -0.4066404674819187, 20.98482861168525;
  -15.69967936143918, -4.498605639460573, 20.70117175105327;
  -15.53153339550978, -4.74058429699613, 20.49419854517794;
  -15.39930710823848, -0.128195198373931, 20.33556123481489;
  -9.804086538292843, 2.540262108134386, 13.30728338944535;
  -15.29012970990506, -4.643481629688592, 20.37743155117427;
  -15.37893370805106, -0.1011328998414679, 20.51580210270933;
  -15.392568038663, 0.2152558459288634, 20.57183566774528;
  -15.33062595907838, -2.520249724871099, 20.61248283759399;
  -15.29712637038898, -0.06397808167341537, 20.75761574386239;
  -15.19532046967073, -1.997052554664253, 20.63348748867773;
  -15.44011068452003, -0.8557412572861153, 20.96230138532407;
  -15.16235182873488, -4.797486374737334, 20.65889350946459;
  -15.13257835832863, -4.794879056017341, 20.63149515401575;
  -15.10984813991059, -0.2806931116239194, 20.61654282914856;
  -15.04922336199454, -2.281526021145662, 20.54628980981016;
  -14.63434319314012, -0.4852386218144288, 20.60494344459726;
  -9.109002935715632, 2.608346007020386, 13.46899477609358;
  -9.645724997462036, 0.2381380918076572, 14.31443685976842;
  -9.032007099980795, 0.1548660598103262, 14.03665225788356;
  -8.774619991579513, 0.2371779982536352, 14.16766138456409;
  -9.339669304603293, 0.2785323350485969, 15.64771370881512;
  -9.562466280019649, -0.03887473559709805, 16.32475819148967;
  -9.550148983104615, 0.05073098339717815, 16.47731232506252;
  -11.88118492857116, -4.924673791891189, 20.64906768290794;
  -11.54720568682873, -1.341351752480249, 20.28622859401217;
  -11.51098699495886, -2.677196830548815, 20.42254382635768;
  -9.243446399860467, 0.1523458799123809, 16.62449174831588;
  -10.01315712514288, -0.007129533058165265, 18.1027843681961;
  -6.486895524082323, 2.597785138552241, 12.07832115779684;
  -11.1234608944287, -0.5762745193516125, 20.29165847483825;
  -10.65856474504742, -0.2360055451870889, 19.57920821142267;
  -11.14279042121769, -0.3572354302831453, 20.47792382006711;
  -9.346842974532388, 0.1524804297840264, 17.39265650871496;
  -11.05084828114197, -2.654574954751999, 20.44966914378328;
  -10.90727918749701, -0.6502197949438442, 20.48483619014796;
  -10.84219748368371, -0.3877379314875934, 20.46492049834925;
  -9.108218623826415, 0.1141503114034227, 17.43005388326155;
  -9.017098041501367, 0.061838230098974, 17.34804765440832;
  -10.68317473517351, -0.454933862457965, 20.47485876743715;
  -10.71581004955101, -1.642249312921517, 20.69058783869982;
  -10.53355892462669, -0.3816009874996178, 20.54449575666374;
  -10.2827605001845, -0.4804063162406637, 20.33603192255827;
  -7.714316891082887, 0.248029813027691, 15.629594943918;
  -10.15840541591883, -0.3924674314278187, 20.41316805888678;
  -7.74290099386716, 0.1971999529802715, 15.96185201872074;
  -9.905676078545032, -0.4576900726500472, 20.21525083438657;
  -5.770380889877222, 2.656146902940471, 12.20237025418091;
  -9.874836497974973, -0.2076648017384955, 20.30076896256528;
  -9.919270434636529, -0.6663769725741644, 20.45304906749691;
  -7.684513707532524, 0.2463281509065632, 16.09236661743207;
  -9.748231419641467, -0.3935893162764442, 20.24582967552405;
  -9.558468616270044, -4.709756883908542, 20.12864917910949;
  -9.575923852241324, -0.1227886389442981, 20.2011111532734;
  -9.323510951281708, -4.577776447104391, 19.86114003212509;
  -9.340932903821763, -4.357940211837638, 19.95496256477951;
  -9.663613016555829, -4.974263565123979, 20.72531884581354;
  -9.459745324126635, -2.486340493762004, 20.34871855970564;
  -9.463592886736725, -0.5048696862722333, 20.38449137672232;
  -9.522315071674015, 0.1519057384461748, 20.59740258068043;
  -9.308220442883828, -1.695567826348995, 20.31639987278072;
  -9.293004599642369, -2.512557543156636, 20.29943301247191;
  -9.107138115587501, -1.926144593164044, 19.92716218120931;
  -9.282600410112243, -0.5640202929294121, 20.30270505631426;
  -9.238191559575636, -4.771105469978323, 20.26196523934404;
  -8.494033039100751, -2.069208850474164, 18.76937323822726;
  -8.457007358395678, 0.3106977600431575, 18.68556936157162;
  -5.85008782063841, 2.631391497019302, 13.3137427983449;
  -8.772991299673588, -0.6864589590879036, 20.29534064682323;
  -8.672723016769442, -4.724782976970414, 20.25574253145733;
  -8.540862902965515, -0.1021664915290333, 20.17825813629493;
  -8.50054205937311, 0.01447969539953898, 20.1724679744357;
  -8.331710070493795, -0.1854602081575882, 19.86925357904489;
  -8.39653322892949, -2.03217848907367, 20.04133017741982;
  -7.989910636577693, -0.7111727013083168, 19.96549670004317;
  -7.947486749974605, -3.825133973676048, 19.87956285502723;
  -8.092517721232058, -2.848703556875254, 20.27996696627816;
  -8.187324541460274, -0.8358874030458565, 20.52306296090161;
  -7.649844472821552, 0.2643973614551499, 19.53317131005244;
  -7.194763980782152, 0.3002297428531187, 19.10356528321741;
  -7.532116422058517, -0.2447180314018544, 20.16592289695529;
  -4.386756558593191, 2.781875136890297, 12.25460956303207;
  -7.042334611984559, 0.2835951506477615, 19.558593928278;
  -4.424544631810477, 2.753315757854534, 12.80323757398388;
  -4.569368576936664, 2.784067965784753, 13.20020695654817;
  -7.233282899723859, -4.018223021777106, 20.36823074755817;
  -7.359759119424591, -0.4404714072404941, 20.72371170996001;
  -7.113207501616194, -2.337244122843717, 20.1707965345211;
  -7.06738834974193, 0.2083530671612797, 20.08189816498814;
  -7.194196182490752, -3.660001608325721, 20.44050739892841;
  -7.042008720567573, -3.056642476925499, 20.0451073106379;
  -4.285328459240969, 2.694114011344327, 12.60021970516429;
  -7.039820781227371, -2.013137114596362, 20.17851321791478;
  -4.295246941218317, 2.736884668256657, 12.86878856410186;
  -4.240763497923272, 2.708651824073846, 13.056524134189;
  -4.149099456800049, 2.712177151920993, 12.93288821629229;
  -4.10081063355731, 2.752968914956964, 12.86269345101425;
  -4.076867618494481, 2.819151265337343, 12.91881784303154;
  -3.870799235801151, 2.732906226358961, 13.81272630042305;
  -4.59193296464467, 2.622116734942838, 16.32915777484023;
  -3.755896512729779, 2.747346682105956, 13.59052868915571;
  -3.8516430172298, 2.765153739527311, 14.22142113922411;
  -3.680784777713834, 2.70978645619289, 14.36494538272703;
  -3.584074286915195, 2.67125407463816, 14.36762532096501;
  -3.452135705036597, 2.738288506310458, 14.77781363140853;
  -3.511142810263213, 2.690051365568141, 15.13033512878542;
  -5.868865612370536, -5.126661410770047, 25.58459181602863;
  -3.884364968475556, 2.670480511975732, 18.00926975908533;
  -3.787874686386578, 2.726900820559476, 18.35067113041489;
  -3.17744628137303, 2.751464231567804, 15.7244950035787;
  -3.222442157210104, 2.653416417810336, 16.28944369742256;
  -3.901875544228141, 2.890379652191536, 21.94339061119113;
  -3.153082674332629, 2.730604177593778, 18.39460056355797;
  -3.018330105849713, 2.742775567876288, 18.896781706537;
  -2.950017402392763, 2.625792386841665, 18.7675675135486;
  -2.256870650946306, 2.824156514192052, 15.78614477597016;
  -2.294588958179114, 2.871355676018702, 16.04997321400314;
  -2.273791145588552, 2.646602382123905, 16.17729106173481;
  0.9901268852193847, 2.772611519726743, 17.86820859182535;
  0.9005758757799413, 2.748966957198097, 16.07850082005933;
  0.9700107561853665, 2.741052099845864, 15.48652254485839;
  2.936801959895573, 2.749560074151918, 18.81972261080525;
  3.932543940071309, 2.82538366382375, 19.86996376505478;
  3.617390520237907, 2.968343138912492, 17.83626106476459;
  3.815745101508028, 2.25070495438725, 17.28957426840959;
  5.171785809141087, 0.6939054550796988, 22.68560304337052;
  3.793518586926461, 1.193183395922131, 16.93912676041192;
  4.008146021518741, 1.280424142802079, 17.657092345849;
