m=[-5.124402738905387, 0.1678159716648957, 8.051729982548453;
  -4.661116625201375, -0.02855088713220799, 7.456065804716865;
  -4.667574520875598, -0.07841414807352604, 7.516868150078725;
  -5.700087458590708, -1.143039943881032, 9.467836926900718;
  -5.628407794700867, -1.10861156997489, 9.413283076271599;
  -5.59935422592094, -1.204850081063843, 9.401251313821854;
  -5.444599823986258, -0.2577900406250749, 9.458662283529172;
  -5.482468656684365, -0.2090666561583805, 9.526595878244066;
  -5.40307706760178, -0.1553673374466945, 9.460364010109423;
  -5.385568286908891, -1.278422787861093, 9.491626229866991;
  -4.425411122532231, 0.07136918367243191, 7.99851057135132;
  -5.303729895505784, -0.3008071764023861, 9.490100768928146;
  -5.194971162938833, -0.2537113152223308, 9.464159624279418;
  -5.173922919506381, -0.2025851583386369, 9.447790900901207;
  -5.214327893532989, -0.7847857172182922, 9.596326940370934;
  -5.071540491755568, -0.1648329800148116, 9.426397462193755;
  -5.012195814684676, -0.2172538631996607, 9.441470421593015;
  -4.928105333154895, -0.2906298053876167, 9.370108148134603;
  -4.960622249097649, -0.1730913527251952, 9.4969041067892;
  -4.885430640703581, -0.2057060105640755, 9.494144089280379;
  -4.869464879227894, -0.08321720412528891, 9.535376340461868;
  -4.866808505628895, -0.3107542121965223, 9.561267221517749;
  -4.791185259387349, -0.1770912371228186, 9.476441682292876;
  -4.579802203519549, -1.188351517326282, 9.381329081926324;
  -4.592484554081294, -0.229473853855376, 9.424310983279057;
  -4.550383684526558, 0.09122583728415262, 9.383804793829993;
  -4.503629319664613, -0.8062188581633714, 9.361691382585454;
  -4.52411484180826, -1.202966759786855, 9.408006499782083;
  -4.522929844127538, -0.9344589841043474, 9.413881287201463;
  -4.503399149129825, -0.2575693026372026, 9.382125141251855;
  -4.480697759983547, -0.6800080850452898, 9.367126497582685;
  -4.456396301593977, -1.072700534820143, 9.339091445439211;
  -4.331376022232881, -0.03339589244906503, 9.360217464863046;
  -4.273075997066695, -0.3185044903673071, 9.416421284156433;
  -4.129366648289091, -0.03383835012406833, 9.291798801049037;
  -4.079935421634922, -0.07525119433278775, 9.259591820441942;
  -4.106511137790114, -0.9755176107411087, 9.327342240655494;
  -3.962074575984442, -1.894320834773751, 9.425896548304918;
  -3.95190435182756, -0.335102302820224, 9.400071191496657;
  -4.017812223678053, -0.3901133446039357, 9.600172947686115;
  -3.730753218031079, 0.1711189988669437, 9.41072853196002;
  -3.610791831895919, 0.1040543166984162, 9.385579394170426;
  -3.55742908463534, 0.1704264349468506, 9.405083994516065;
  -3.463896463170602, 0.1782970322687042, 9.358303928898378;
  -3.472630898442284, 0.1146333962893264, 9.399329177667536;
  -3.433201178652932, -0.5234660374512554, 9.3673496925467;
  -3.446379358999731, -0.9727451128978776, 9.407722407697078;
  -1.869397554127339, 1.33529493995925, 6.217437254476483;
  -1.77287804426433, 1.320103831037716, 6.468376359080499;
  -1.758357801882407, 1.325544863122488, 6.590243914401382;
  -1.794068537661429, 1.326501824822427, 6.795984237918161;
  -3.177250760909934, -0.2582362743285637, 12.93841176541367;
  -1.898306919791594, 1.322076841178068, 8.35518929299476;
  -3.078040566660091, -2.700476319561485, 12.96726372520968;
  -1.599606587031441, 1.334410327129636, 7.634473063511008;
  -1.556350558964362, 1.317038519603893, 7.972726813901834;
  -1.544166852476956, 1.355226386425011, 8.571603461385573;
  -1.483824833923509, 1.366396739957289, 8.854073097884557;
  -1.467468044891625, 1.324476524059313, 8.896547942910683;
  -1.083522894372358, 1.377615282566246, 7.164961073519774;
  -1.521368815110952, 1.317240605776386, 9.929553692132931;
  -1.192236062763345, 1.399949308200829, 7.994888719173497;
  -4.718825217496072, -4.763164642964857, 30.11833766045861;
  -4.122236297932806, -4.155036109698782, 28.42456153629222;
  -2.433368984193411, -3.666124479047688, 17.26613854549455;
  -3.919569479715981, -4.143951187628114, 27.87535131138222;
  -3.619429694566248, -2.743992922955817, 26.02784511313674;
  -3.627898469223843, -2.60718992505033, 26.51979843048989;
  -4.617024604516055, -4.640869939676954, 33.41542141403485;
  -3.746963970748879, -4.145315152969829, 27.4199619842417;
  -4.238823188599709, -4.290188044567461, 33.10143163882147;
  -3.827428649901657, -3.892033815701253, 30.97302342625569;
  0.5897514390114432, 1.364530481209233, 10.03620543059312;
  0.5051822070406161, 1.304926748070805, 8.461807715593199;
  0.4846184385192357, 1.342421540047825, 8.121545554735345;
  0.7175912222726343, 1.335406746657787, 10.83085875574521;
  0.4673889828771097, 1.305951498405473, 6.86584146584794;
  5.002765199089249, -5.487460851522774, 35.63837902511015;
  4.966542067475757, -4.950376287244762, 35.26347325286038;
  4.978729271963131, -5.577681425633447, 34.92150393438034;
  5.495800358750179, -5.743644947744303, 38.14434416952151;
  5.245054200576534, -6.227014384628895, 36.0707887739968;
  5.061806889036419, -5.750586563940545, 34.68484880161737;
  5.501228568764277, -4.791816187813805, 37.08676409616047;
  6.174527628072999, -8.291709466770683, 41.41922074657249;
  1.976165713038395, 0.6773261372359871, 13.95575128980875;
  5.395821550745058, -4.976015138495994, 36.20885922520426;
  5.044668329520283, -6.359337303569175, 33.78108299853611;
  6.197162605947164, -7.973781362134431, 40.07627289253886;
  2.315561325982249, 0.8801841587353805, 15.56201439721618;
  5.941250187155312, -7.366661340384668, 38.38883758755358;
  6.378782784767695, -8.578206137108991, 40.61850756146714;
  6.301725421981274, -8.781332377144071, 40.10256601427176;
  6.392155986690278, -8.679411192686832, 39.80602340940813;
  6.661702869505308, -9.766159405842034, 41.28567088040851;
  6.425502420993519, -8.890517428631396, 39.78795161344721;
  2.188642066304702, 0.5668406306053596, 14.04026393068738;
  6.456752038650143, -8.287170320953063, 38.2614087923113;
  7.185706352581225, -9.178002307866205, 40.05048446438646;
  7.521466609824299, -9.645875431809154, 40.25511804893835;
  7.374035200252926, -8.480534418955918, 38.47983405374955;
  8.044605097352196, -9.366935178472552, 41.52288146306506;
  1.764517791151398, 1.026032080884254, 9.59501111583166;
  8.396187725173478, -9.701597299275912, 41.49717115079828;
  7.594743390173196, -6.74246513961137, 35.52151360931582;
  7.504900770012934, -6.904716328402856, 34.76267760428219;
  7.787974757426103, -7.428898046149922, 36.04800223523981;
  7.947112751162486, -7.652586479775487, 36.63760439677;
  7.869660509576157, -7.237908684797385, 35.99583513541683;
  6.213094570481212, -2.441095286745926, 28.44231689345225;
  7.946010973403265, -6.800609979053923, 36.1099834486084;
  7.716039457530446, -6.192908458862132, 34.95433018464472;
  7.810992251258193, -6.264819051979059, 35.23887777618653;
  8.059092604268489, -4.956863149405222, 36.04962637428773;
  7.80935446526787, -4.010842466850899, 34.50459685969313;
  1.973844155804479, 1.414376680809872, 9.417629064635275;
  8.279939073702588, -6.089425759709863, 36.00717226402076;
  8.015290657461581, -6.098160010913221, 34.4391140367227;
  8.493634408462276, -5.916522854707099, 36.29055732401361;
  8.452791323373031, -4.443742047276739, 35.80721106707212;
  8.353884054293028, -3.917068957965975, 35.04399983044544;
  9.310997118985505, -4.290454533648914, 37.81073519124539;
  8.371102524230198, -5.200208996175614, 33.919542048721;
  9.18915475173422, -3.517746216542981, 37.02327869789996;
  8.561315686485978, -4.917676684871409, 34.07164621438474;
  9.262071270570756, -3.129013165571311, 35.94452427633599;
  8.920873645690339, -1.77831394756498, 34.66590195976067;
  9.733271987795629, -5.669736333815739, 37.73491516475682;
  1.796456351660118, 1.192193402244559, 7.738814770781059;
  7.372336545604181, -0.1225194808976721, 28.35295192264966;
  7.668911182700297, -0.1695305439713034, 29.10886429683385;
  9.555669235032736, -2.820577944296755, 35.75173037482553;
