m=[-13.8587070518631, -0.07552587034765114, 17.42456097259028;
  -13.68866413469056, -2.206895586631267, 17.53097894291947;
  -13.56830800010179, -0.01438226099800622, 17.54887205385914;
  -13.54538180488738, -1.741739736742243, 17.52211621935272;
  -13.5988524201424, -0.716277151646993, 17.60414912433353;
  -13.50952893315318, -0.2133803090424331, 17.56241136903511;
  -13.14106617616634, -0.3981290446702515, 17.62824084552636;
  -11.71975953959128, 0.3910603717891448, 16.5461025932231;
  -7.972725237297108, 0.2163324253867826, 12.29312267051193;
  -8.524442371606078, -0.05221504021179083, 13.63596073257783;
  -8.682099771140964, -0.1458572228463664, 13.98203691309307;
  -8.765603960346162, 0.164630263171827, 14.12264402358104;
  -8.475017910170491, 0.07686375018760913, 13.7607368379642;
  -8.412465937749472, 0.00611554636436155, 13.75354147236073;
  -7.316357474782212, 0.3295429036508703, 12.24481508464075;
  -6.047294571649449, 2.446378683076244, 10.35522204296742;
  -10.30189831260744, -4.004414759377238, 17.28323920853987;
  -10.20842475583389, -2.196614269849603, 17.1398276971931;
  -5.71881536309876, 2.438292774679225, 10.32110109772403;
  -9.868057754050577, -0.4672312183716707, 17.14333995286875;
  -9.885479492706596, -0.2842603592266438, 17.30869895901491;
  -7.8953585195162, 0.1836680365903701, 14.28569712655881;
  -8.049066437961518, 0.129808346636454, 14.54792361906155;
  -9.610328711195711, -0.5450609101272645, 17.1960091649941;
  -9.541355672413442, -0.3102039691269919, 17.15832533058043;
  -8.102960483489424, 0.08449135357541636, 14.71952165231635;
  -7.466761331826358, 0.1461925055273371, 13.76297415348725;
  -9.27938944151115, -0.453185595419969, 16.9051223069029;
  -9.39247769128367, -0.3677628387363667, 17.15104122136661;
  -5.431497959880202, 2.469428699474859, 10.36167051377909;
  -9.189192137164573, -0.2986630839997866, 17.0798158039342;
  -6.878578248568969, 0.2498758597312112, 13.0742107689472;
  -9.117334090698799, -0.3951912747468931, 17.17431707055719;
  -8.990321435227578, -0.1811291339370235, 17.05650587300143;
  -8.912484620998328, -0.5256043643171571, 16.9458522336166;
  -9.014858430040965, -0.3145561104891146, 17.25856994290436;
  -6.871163882669603, 0.2483768709352569, 13.52560321230998;
  -8.784496360175892, -0.3698801260243015, 17.07142733752081;
  -8.817794081326504, -0.1506925685265159, 17.26698664915258;
  -8.671793573266893, -0.5537091457522207, 17.03649024775649;
  -8.377415039867335, -0.07591604893269774, 16.83008415629649;
  -8.409443676681768, -2.182053876775473, 17.22601872767524;
  -8.238101230639906, -0.411635317568058, 16.90553925549687;
  -8.122329896725608, -1.454021872175749, 16.8838819546443;
  -8.235162386741799, -2.189738094433021, 17.12521984306236;
  -8.188532650183991, -0.7355878660117986, 17.03564103445685;
  -8.126193145891044, -0.4647729042820479, 16.92964769322405;
  -7.983338527143499, -1.211582444277846, 16.68957512033867;
  -7.962745553803043, -1.916714949957669, 16.68720729732499;
  -5.118274664473852, 2.402158264510517, 11.29589338758813;
  -7.792943551798405, -0.06008536395400068, 16.84075590801094;
  -7.321910158625927, -0.05999984516444212, 16.47558132468023;
  -7.291545823266509, -0.1344868178117337, 16.54848204348311;
  -7.386560937651891, -1.754706132702584, 16.77749786501558;
  -7.043432538771677, -0.5972488839234628, 16.7536360707565;
  -7.198264848403651, -3.441586677646648, 17.12489214605309;
  -6.820753815416426, -0.6622676560071543, 16.29753025183552;
  -6.60157062128553, 0.2528581892367394, 16.03086163673923;
  -6.377986304276148, 0.1457924637197597, 15.89533323557922;
  -6.439285219043546, -0.2114234689124145, 16.43143842460598;
  -6.454681928745504, 0.2018391743731106, 16.54018199604895;
  -6.13643623453634, 0.5183822946107798, 15.78819585583648;
  -6.333381806923169, 0.1825127969128981, 16.46244384884977;
  -4.216125641292467, 2.600679616748491, 11.306985495821;
  -3.933965667864559, 2.499927046168394, 10.69263607083331;
  -6.042379429802516, 0.289473425982007, 15.97476287284982;
  -3.829053796280349, 2.468092397758984, 10.62678242501097;
  -6.43475442452384, -3.568443556313829, 17.27345347190084;
  -6.230729125314248, -0.3479905011879016, 16.73679813742657;
  -6.191295820513741, -2.009428930380008, 16.71646351607035;
  -6.122304822722823, -3.096066730099932, 16.57272051753909;
  -6.05128789574291, 0.1997562377633236, 16.37894971977485;
  -6.019579377043151, -0.9178155312356132, 16.42417734719819;
  -6.124281129603189, -1.728586414399617, 16.7177001752722;
  -4.73849362658284, 2.39012559108548, 13.22815319077343;
  -3.821106780806202, 2.467450846403966, 10.90903488890911;
  -3.737481666242391, 2.469310349842202, 10.7940635100826;
  -3.707493491593377, 2.515162463233725, 10.76997625503165;
  -3.605311007873135, 2.489343156001782, 10.71214846861272;
  -3.758173583331653, 2.479967069534644, 11.15328876367355;
  -3.636353224786812, 2.537782862209392, 10.84419286408376;
  -3.508937820245256, 2.475946677085768, 11.05232831084734;
  -3.431578445780182, 2.453419396804398, 11.03300134220107;
  -3.43658512139742, 2.454723829722437, 11.42975303181575;
  -4.049052346693969, 2.338932264467021, 13.57123263703139;
  -3.223812333334353, 2.40048492086058, 11.76213533159588;
  -3.209100124184475, 2.419192601360522, 12.02755920408844;
  -3.237530833688416, 2.393771736504871, 12.263861749786;
  -3.028230982477175, 2.432410476541262, 12.15337106211429;
  -3.095991040280685, 2.399974570512915, 12.52317138925602;
  -5.425772878240124, -4.760226792236574, 22.85786242953025;
  -3.287858163397531, 2.289830527185427, 14.47114638697116;
  -2.938922752219814, 2.431609976897943, 13.27312428312553;
  -3.079258607902643, 2.24719091619556, 14.18339427319753;
  -2.836582619523222, 2.366310048943194, 13.53821231841919;
  -3.448800225116457, 2.478847265709144, 17.26567459018576;
  -2.71901241165077, 2.3009238251619, 13.92870201179166;
  -2.62988787990808, 2.308101253743205, 14.59839396132386;
  -2.542867929244804, 2.341628451839995, 15.17344770694171;
  -2.436566923621791, 2.199145460693705, 14.77172503181324;
  -1.943780837628087, 2.47136650437553, 12.853548466206;
  -2.076875125220699, 2.438711582027828, 13.92709550428599;
  1.043982750800768, 2.891893540814385, 17.49573023860463;
  0.8782162007125708, 2.64760623817936, 14.44501935070711;
  0.9811753617355048, 2.74154394048677, 14.41325048443264;
  4.81096081681127, 3.447339432334546, 22.95411432761123;
  3.949267917911276, 2.620877012168408, 17.01274448926097;
  4.110450666586194, 2.412508091358099, 17.4415102186383;
  4.489408992753674, 1.41732930877119, 18.77626130199204;
  4.07348528317114, 1.305328317860026, 16.85308009164155;
  4.385437637833556, 1.421665915285844, 17.72217377238062;
  4.175503966966115, 2.828153021963259, 16.35802168454058;
  4.233371731345076, 1.656860516381098, 16.51765705336882;
  4.334280337181919, 2.858203668044585, 16.76232362610913;
  4.170557933013216, 1.957808625966336, 15.88353942217276;
  4.339540192787794, 0.8641458629755479, 16.35806720913567;
  4.267737494967255, 1.526073428130074, 16.04176560556109;
  4.455899594246921, 1.579261193172924, 16.34616644285769;
  4.506444082991437, 1.69948298217062, 16.08496298604403;
  5.112172941481379, 0.9865338720848677, 16.62606879011636;
  6.854943203608265, -3.784451395454725, 20.96945040504448;
  4.901386640087942, 2.017749662384382, 15.52212762585865;
  5.199468730627715, 2.921015805263874, 15.61020489684589;
  5.066219458818347, 2.056680837211446, 15.09087244341166;
  5.163799931065023, 2.124284101986721, 15.31091468378585;
  5.291202938794005, 3.005992081023276, 15.48293916746325;
  5.39975342099034, 2.780937298651935, 15.52021147016435;
  5.296770693236804, 2.848164375241478, 15.22503134849869;
  5.389042328650355, 2.058044249638519, 15.36348205315735;
  5.402233221660827, 1.951923653730466, 15.29237124880822;
  5.267336762905615, 2.87417957039461, 14.8836444065114;
  18.59972423571425, -5.635982082843198, 49.59547336902322;
