m=[-10.50445087903123, 0.1664121591897844, 15.40781369154173;
  -9.302493953186515, -0.08299011309579725, 13.89695989368735;
  -9.101704590271973, -0.2802849361893436, 13.68613138987186;
  -9.196108168854757, -0.1933407834670995, 13.85181327503407;
  -9.532626140747967, 0.1460889115823626, 14.37841628403666;
  -8.913779538536995, -0.521826860541982, 13.55967473448588;
  -8.823849072279483, -0.3596419827092559, 13.50850925175536;
  -8.904118146321457, -0.2643535900698419, 13.64325835249756;
  -7.800491912203247, 0.3261529638922299, 12.08850736501578;
  -8.968870506423983, -0.4092050298107106, 13.79519271639179;
  -8.870523600540995, -0.189059396135002, 13.71383780423124;
  -11.02746215900526, -2.41747169418532, 17.55732941171321;
  -9.364069096599868, 0.04936390482963808, 15.07376428251245;
  -10.70587499569045, -0.5428967370592803, 17.64452897269846;
  -10.59370103944525, -0.1832109790046288, 17.59037031245653;
  -10.56357984364911, -0.3466557793224518, 17.5536293750942;
  -10.43858429880178, -2.515778854346, 17.46931528672067;
  -8.815541356505033, 0.1060637908862812, 14.95513768268744;
  -8.578724681986778, 0.05414871549175118, 14.63953378286122;
  -10.44948119640029, -0.6348246338256249, 17.74039894631827;
  -10.34336312893471, -0.5405041380549522, 17.86570120277368;
  -10.15115200242132, -0.4365748924975151, 17.58760648021899;
  -7.353965876497704, 0.2414973947217756, 13.02233485665351;
  -9.964383951038839, -0.3632587356292735, 17.56944316319074;
  -9.803352686210308, -0.4651508705795395, 17.52448173237365;
  -9.685637922008528, -0.6093903639369499, 17.46425066893047;
  -7.337639743926444, 0.239052945845183, 13.4948401649758;
  -9.681615253354826, -0.3755888941067977, 17.5972472493211;
  -9.582811580811383, -0.4336092446996755, 17.67518588196697;
  -7.37373582060645, 0.1857249309248646, 13.91101007687887;
  -9.541911407239468, -0.2043587552821107, 17.73993685957768;
  -9.673280744852452, -0.6568433447472369, 18.03065268467399;
  -9.279757506363692, -0.4727284493087062, 17.63471325944171;
  -9.37440263785353, -0.370223467959582, 17.82335480739799;
  -9.124271652276892, -0.1262477277270884, 17.37732498522789;
  -9.078866430967763, -0.08119116020730155, 17.59749966224636;
  -8.876391640451669, -2.348230455401836, 17.26123026784368;
  -9.003975827818655, -0.4796946726983825, 17.53161922009139;
  -8.776090532714061, -1.602333758914369, 17.3053169261293;
  -8.841473459298225, -2.396592574672249, 17.44957914307617;
  -8.864082252852002, -1.870663660664511, 17.50489042414471;
  -8.812989844659553, -0.5412471992627377, 17.41918181561924;
  -8.880813076131013, -1.384206777584546, 17.59868969681606;
  -8.776545351084209, -2.14168475964421, 17.4341280242957;
  -8.502254179482705, -0.1065297475323455, 17.42707024157399;
  -8.185844642162337, -0.1037435102374757, 17.45451113040276;
  -8.09926284086011, 0.008695334881990716, 17.35859440942643;
  -8.013814929569271, -0.1834816369891789, 17.2407480685962;
  -8.073878976415914, -1.963060505791374, 17.3926891086031;
  -7.724946141833168, -0.8517214594031379, 17.40103211880431;
  -7.758401182569062, -3.756545009829686, 17.52188114485533;
  -7.70094721568756, -0.683742708885104, 17.38510576141629;
  -7.685924855446567, -2.713668951173257, 17.40336481860893;
  -8.036088427067703, -0.7891124407141749, 18.2112274462082;
  -7.127370866408946, 0.1699960548102816, 17.5724028111111;
  -6.943336882262796, 0.2145041475923077, 17.34300880581159;
  -7.178258934839161, 0.3210030210464869, 17.98200300164323;
  -5.097354583125684, 2.549349737054679, 13.28839958002337;
  -6.852609672402556, 0.1945737526161819, 17.59614609267807;
  -6.748777893728462, -3.325754708088847, 17.43956046473438;
  -6.785288173040089, -1.077465516994418, 17.56053228551651;
  -6.706626231041963, -1.92812223318848, 17.3812437913023;
  -3.805586587985274, 2.671505109311309, 11.40529127348504;
  -3.677501441060859, 2.61224969083691, 11.29270791124015;
  -4.435880062747563, 2.539825120756602, 13.92505172924525;
  -3.595843141784203, 2.655614460143239, 11.51752484705622;
  -3.496930070735809, 2.589770428027509, 11.81915072200888;
  -3.44745775648694, 2.583569096576464, 11.99232398376535;
  -3.54028330615403, 2.603814813180027, 12.47391535888983;
  -3.396776357869111, 2.711103915046332, 12.66459820830668;
  -3.378646814719508, 2.640502012758604, 13.30653052307088;
  -3.251770869069816, 2.654704989798817, 13.16056537669149;
  -6.162333181165106, -0.547007126504779, 24.18369483002084;
  -3.773361487375394, 2.606997729716939, 15.66015325313485;
  -5.710135645876853, -5.061066332859207, 23.22886859419321;
  -3.608319628387285, 2.608159870416086, 15.64352145657907;
  -3.13934753794011, 2.603030371488718, 14.06514984557803;
  -3.070223088007489, 2.579499427611941, 14.79901370489376;
  -4.27782800890342, 3.151436921907538, 21.63760139905498;
  -3.08477986644612, 2.687730841857551, 16.1753668256438;
  -2.926737349615972, 2.724038567277311, 15.7523585560591;
  -2.927551912556616, 2.67116107293145, 16.53481620085945;
  -2.978254196592092, 2.663440139450485, 17.07116444747868;
  -2.127607566658513, 2.69700381882311, 13.17182834074525;
  -4.938939450147387, -3.954983725220533, 29.48745298115416;
  -2.866915574441517, 2.458573209733766, 17.87543106615166;
  -2.369888902203885, 2.768626769187299, 14.96632178016473;
  -5.609823085711027, -8.705706374860235, 38.04102455271131;
  -5.236765833385732, -7.967310778522022, 36.05186996210116;
  0.9239419759709537, 2.649283654539896, 14.4669209397114;
  0.9317202581871475, 2.566937889093561, 12.62436916844256;
  3.895477889165658, 2.652270335136959, 17.82168495564508;
  3.701947859479462, 2.634797621840351, 16.78679138396901;
  3.639171678694287, 2.396532360255105, 14.64154067627592;
  3.390520695782193, 1.572892686941814, 13.20053058034158;
  3.855151302091629, 1.223414552728553, 14.84911581576771;
  3.679833496944964, 2.447717516398388, 14.15028819002741;
  4.063335904905377, 1.039860234537575, 15.27798137237224;
  3.82098301753104, 0.7486314166806548, 14.36377273001234;
  3.760159810441222, 2.011894104032894, 13.9481682117894;
  3.809719632987516, 2.523221208209625, 13.80535529921998;
  3.729632551240366, 1.442341072110453, 13.5402047601024;
  3.767734890471121, 1.436985353459898, 13.37951341684066;
  3.824457290766016, 1.355987661185167, 13.35344461883927;
  3.865581842945411, 1.347197098117813, 13.18471400076348;
  4.00430481076178, 1.434725997799527, 13.10776197208417;
  3.995896772615053, 1.702072214423839, 13.0711603291574;
  17.19114863618837, -7.401606219293365, 49.85357759487247;
  9.031143542826371, -4.329944082167718, 25.22166823245053;
  4.587631576300582, 2.390043819328478, 13.24500331016836;
  8.193534582864281, -4.059909134786958, 22.86842924611982;
  4.461559713513766, 1.917974483158177, 12.85703863921669;
  4.524512934656592, 1.856046132406101, 12.93278609090759;
  4.73573797704066, 2.646448845908564, 13.22629462233822;
  4.64775927623552, 1.868659989702466, 12.82797196382778;
  4.658363505753683, 1.903827081823787, 12.81704596971679;
  19.28799411843888, -5.532332435201566, 49.65509295199474;
  4.852767380254937, 2.745003824753183, 13.20658300789111;
  4.717885483962025, 1.823062912638597, 12.82496064211627;
  4.763274659557476, 1.899497043139665, 12.82874362635058;
  20.28690631590076, -5.027271785356225, 51.24628300076614;
  4.880618160891795, 2.497722815598665, 13.0415404593432;
  4.825995933580753, 2.580696409596675, 12.88125215011953;
  4.872335507527816, 1.883138634021828, 12.87758607356273;
  4.817605704780473, 2.610072067184584, 12.6173427049987;
  20.868981997899, -4.988346929478843, 50.7554445059791;
  4.863427233387024, 2.474221481316855, 12.5667423872419;
  4.832001460508366, 2.599890148687805, 12.39832388238342;
  4.73284259095336, 2.677373362278968, 12.16096689192461;
  17.97856261490041, 0.3183407341009871, 43.26162291806366;
  4.954256203023304, 1.808975026992346, 12.61830657783896;
  4.916081469382807, 2.528940885857528, 12.51882724457445;
