m=[-4.510314248105122, 0.01339891863349602, 6.741666940777304;
  -4.562253865609151, -0.04070112447092179, 6.815533481048129;
  -4.480025599934626, -0.137961376020311, 6.736564385557874;
  -5.452949864618747, -1.195411215876403, 8.681892139660221;
  -5.283731477000437, -0.2679389194732467, 8.708204903141636;
  -4.233900227079245, 0.08156139597517785, 7.181382632802275;
  -4.30820261433592, 0.05183394674287057, 7.308656457582676;
  -5.244261345765507, -0.1720963471374638, 8.714452995311527;
  -5.151494479140387, -1.241549668798401, 8.621196004925148;
  -4.2327499331717, 0.06847648543998346, 7.296016683596848;
  -5.137625544824102, -0.312119921929682, 8.722301623297158;
  -5.138744075673825, -0.1871614792303209, 8.767363210595914;
  -5.023435433207665, -0.2160450147626328, 8.703465927509601;
  -4.930711989573656, -0.1797526281489677, 8.693950823306633;
  -4.815595193717315, -0.1066546133996642, 8.673586430896094;
  -4.72415853912472, -0.1011771245411495, 8.782965028906396;
  -4.588808935282945, -0.2690901660646244, 8.703476916959462;
  -4.568349160778688, -0.2327203715393077, 8.681425938565464;
  -4.605816864885915, -0.1818976161338885, 8.756942850873285;
  -4.44327688789915, -0.03973566616425762, 8.612370732470136;
  -4.436501899984785, -0.2363585117880679, 8.638301953170432;
  -4.378232483619565, -0.7063241400840385, 8.628103133635269;
  -4.372436719215535, -0.79831707954694, 8.621880424251907;
  -4.365125185471554, -1.183222078896147, 8.615034331547575;
  -4.36676480354484, -0.9215560054208495, 8.623536787406263;
  -4.356499203358253, -0.2675531271418468, 8.610772625465257;
  -4.376870353059723, -0.6822003295618917, 8.673438178055791;
  -4.331795003673564, -1.057060491361163, 8.604874201410002;
  -3.965959752372531, 0.007586261829391259, 8.505378071366975;
  -3.952459413448833, -0.09049419404945756, 8.503235674583442;
  -3.959415526540627, -0.9626812922107232, 8.52934302161996;
  -3.782210408722698, -0.3358104812308604, 8.538446781407128;
  -3.800045328381279, -0.6876683201399121, 8.59173202298542;
  -3.788744372077773, -1.337691710471778, 8.578915582943182;
  -3.613676430276608, 0.1206608433817977, 8.305021510705549;
  -3.50586700121855, -0.1258922819505366, 8.488679787390396;
  -3.47024087961701, 0.08276926651264351, 8.55581556385868;
  -3.399074089228465, 0.1050093784122191, 8.490178837741162;
  -3.531302873401632, 0.1579155754733808, 8.846142141937419;
  -3.384831798751923, -0.2045562389198609, 8.636498610294556;
  -3.314038824792629, -1.095914494560458, 8.492977569368579;
  -3.331242446333128, 0.09458766435621228, 8.553971633883622;
  -3.305393437459709, -0.524877847209665, 8.554458807729503;
  -3.287606383293842, -0.9451707525105945, 8.520332887105596;
  -1.702947555716161, 1.261175697273082, 5.755732435464688;
  -1.717891596541925, 1.263478428050622, 6.052858632461028;
  -1.665356136041409, 1.282703324724865, 6.275874844118255;
  -1.639243786195678, 1.281112455434636, 6.456030674984278;
  -1.570907747716464, 1.282469400302319, 6.357777022735802;
  -3.053652291211459, -0.2710612224385602, 11.98386925156315;
  -1.5727950269158, 1.293279994831987, 6.653437893711895;
  -1.533061211251365, 1.271157412809742, 6.868540484320582;
  -1.487838756130479, 1.250032688115877, 7.171643724735528;
  -1.486126432928852, 1.294843723576407, 7.792659846941979;
  -1.413900421035408, 1.338428491644315, 8.023726989830122;
  -1.446836376518037, 1.293899655994685, 8.293174484701797;
  -1.012588796045867, 1.283580624843455, 6.268846760225299;
  -1.116576340795649, 1.304442222626215, 7.051402617618942;
  -1.469173466120499, 1.259915205197209, 9.16040543780994;
  -2.504451545386408, -2.00550446155218, 14.95258201352453;
  -2.835813626205563, -0.5804415400727712, 17.44013256303046;
  -1.49419092562441, 1.315234002881795, 9.713385733867137;
  -5.801029360943991, -5.94158173443773, 36.4978837244458;
  -4.454914366007095, -4.957735316342093, 29.72714359428598;
  -4.653036416673713, -4.809620848058504, 30.98979169377761;
  -4.374272626948102, -4.470690363808612, 29.74734924401445;
  -2.328365368907205, -3.681112141101793, 16.66916391504179;
  -3.991075350577205, -3.086181224480914, 28.2381440508903;
  -4.158311355606656, -3.024941594358671, 29.84076405621196;
  -5.603295661260223, -5.730356055678826, 40.13769828889602;
  -4.30162301498545, -4.831878612361054, 31.06365019715189;
  -3.259538043188227, 0.311206686999907, 24.66453696255702;
  -6.047622277691216, -6.20738609925629, 44.98489425622786;
  -3.666697975091286, -0.2430825417913548, 29.36160733598699;
  -4.290631015160064, -4.446552211541223, 34.33307334301141;
  -4.048378840481398, -2.422493063097909, 33.34138040088389;
  -6.043745281410889, -7.007125113062176, 50.54423080488899;
  -6.047534151908618, -6.882092943100561, 52.19414244456801;
  -5.089869779323362, -6.919135157561417, 49.90958203429193;
  -5.023227698437906, -6.577885181565765, 50.57623137942093;
  -4.649432542680376, -6.634994004502237, 47.63771683196742;
  -4.63151932457552, -6.836801810773245, 49.71923881454011;
  -4.592611609642076, -6.792184756042489, 51.04897184126477;
  -4.420109483886622, -6.297698925592694, 49.57054480433436;
  -4.443546748201976, -6.332706878466552, 51.46820045191778;
  -4.001401924966679, -5.686988212333216, 49.77252056387738;
  -3.657908660527717, -5.688053954403623, 49.14051904820956;
  -3.217467858504283, -4.411928196911751, 47.20507826521229;
  -3.43881785683333, -3.985604236114666, 55.28421497080492;
  -2.526782208561079, -3.779761850990128, 41.26825441835941;
  -3.314115292554387, -5.144002577171644, 63.85563454107312;
  -2.111094496863597, -3.02881529317183, 42.63608606504275;
  -1.519852267931555, -3.252477717770796, 41.53075591289274;
  -1.194801985295463, -4.378284590365656, 48.79542406224863;
  -0.1908598907550245, -0.1068152343299715, 8.52994952059122;
  -0.9647913288251316, -3.557907422605198, 46.26972767163397;
  -1.134659808513368, -5.262821811392913, 58.91151985126672;
  -0.6771996072406448, -3.965252391686211, 45.25680831716326;
  -0.2214976909423485, -2.736870081543066, 38.85177895967345;
  -0.1464161265244584, -3.490267952145883, 43.41298602194709;
  0.1500932693173695, -2.794583829298521, 40.97821116600277;
  0.3795853509980989, -7.526001659544514, 76.1533136835819;
  0.3868542635348793, -2.635189272447709, 40.99501334547266;
  0.5714446758060529, -2.462309126730459, 41.68700395601082;
  1.094517695597398, -3.861673635865594, 73.29354256907963;
  1.061235028963363, -2.293370573107481, 43.83703547703232;
  1.247175535080626, -2.116497321392655, 43.31323922547542;
  1.623080219523309, -2.336321286291714, 44.65642999079091;
  2.29417906454627, -2.755355905878413, 48.43994566801909;
  0.5993570982489822, 1.364357602565131, 9.649774064743589;
  0.5123232499215001, 1.303594351852056, 8.046117089321509;
  0.5490520170533071, 1.289072843973611, 8.453976387207208;
  0.4854511655336686, 1.321555758582541, 7.585669267079846;
  0.4661008731023292, 1.336483736631958, 7.298125484574626;
  3.684749904117334, -1.710335756882465, 32.03928704266752;
  5.612493613035782, 0.1201275295095721, 47.41706712995108;
  3.599589836310928, -1.746300956610656, 30.6099918700303;
  4.134124879284556, -3.080735065655145, 32.59951496610221;
  4.104145165759007, -2.320239301700636, 31.55793556743911;
  4.408537275848861, -0.2225744071177643, 33.39477222303684;
  4.322499765750827, -3.550297292281993, 32.87380720055563;
  5.026982734969705, 0.7639407739985862, 37.33763881429014;
  1.446381131036899, 1.372898190604972, 11.56981620370581;
  3.820085777639828, -2.410738569609218, 28.71850811122457;
  4.526289796061324, -4.1129227546652, 32.71662532529408;
  5.042122754352012, -2.908542664474154, 35.08997252500572;
  4.812356490452894, -5.308186146531344, 33.66486346035004;
  4.357724384191397, -3.455193312465897, 30.17676665129724;
  4.670789869510727, -5.260930296147337, 32.20596721836514;
  5.129318025326184, -5.381804552661651, 34.98200786111091;
  4.355263251946417, -1.683367097959889, 29.56499331824952;
