m=[-9.073851382686156, -0.1266820354641205, 12.57760390405191;
  -8.944600055341937, -0.07480623538536006, 12.42825285850216;
  -8.957585530056685, -0.3240881672803508, 12.48232129433322;
  -8.936192429650179, -0.4850433582250193, 12.52443265454587;
  -7.680427477900619, 0.282799091005955, 10.91707250128553;
  -8.938542552870148, -0.2141975468122486, 12.57296544052435;
  -8.774211734264611, -0.4048954632440151, 12.43480878716814;
  -8.657825989295938, -0.3083690380447176, 12.29100111605037;
  -8.623936659674673, -0.1816498895634497, 12.32355512303745;
  -8.657361985264759, -0.3777288658924566, 12.37809994564573;
  -8.592278027991947, -0.09692795267706778, 12.29226569806908;
  -8.638513063027791, -0.2254348990418769, 12.37835093596762;
  -8.731345945531803, -0.07994498766467238, 12.5472122595305;
  -8.87808418839295, 0.1352652146901341, 13.40678430494966;
  -10.77680008526934, -2.230473392536925, 16.11243961919625;
  -10.87028327604919, -0.4545658195827943, 16.26549963006186;
  -10.69689035097231, -2.407529065333588, 16.05192738305019;
  -10.32618714449365, -0.5574536662404671, 15.88565853052505;
  -10.406831843027, -0.5876946935998613, 16.17551590513667;
  -8.583565767190192, 0.05679065154972023, 13.58598793490515;
  -10.3652804719307, -0.3957364764812227, 16.23905274274943;
  -8.581499246650944, 0.003416017376790718, 13.64175782021466;
  -10.14009885378318, -2.503866223428959, 15.98808444320386;
  -7.551598137269409, 0.2037685201579844, 12.3439324731766;
  -10.10201462189072, -0.6702714230244854, 16.17888476232986;
  -9.957447558629031, -0.4871747536727664, 16.26705163507856;
  -9.785371013826703, -0.415613337418746, 16.26794699793203;
  -7.292049404397112, 0.1949210965462018, 12.41574059548376;
  -7.385623254511408, 0.134410289457478, 12.79588280631;
  -9.494811295401938, -0.426859492103181, 16.27303040996186;
  -7.103840326767952, 0.1582490963572114, 12.63465033433873;
  -9.389322532343362, -0.2589868083212313, 16.46874134897383;
  -9.205518020851898, -0.4371246333776176, 16.29637626748924;
  -9.062204454674056, -0.5209512945943607, 16.24040041673318;
  -8.869492465473094, -0.1823832823824702, 15.91702589292605;
  -9.111420297377329, -0.419161343071372, 16.34741452315265;
  -8.89296998181729, -0.4716495214978361, 16.09511687615766;
  -8.796191869121124, -0.1318004964386524, 16.07759178181414;
  -8.830693900144693, -0.5245220134181053, 16.20844408054766;
  -8.651503903104334, 0.1040088715030223, 15.95520954233395;
  -8.781341680195514, -1.679026644339942, 16.3135111628956;
  -8.688417205696466, -2.412571480290436, 16.1528629108921;
  -8.678272772492162, -1.888230366831374, 16.14867756338655;
  -8.71252299267881, -0.5877173695426985, 16.22645035747334;
  -8.681841855770591, -1.411156164400949, 16.21874334284844;
  -8.628935396333299, -2.166837875714593, 16.14843047330472;
  -7.345895606230164, 0.3209594957556035, 14.24290183184974;
  -8.215419866288039, -0.7105030515272321, 16.19265676586855;
  -8.003997293109658, -0.05319971492516862, 16.1633496933731;
  -7.948489951700429, -0.240438657525322, 16.10461414596749;
  -7.894652355059305, -1.971882794281705, 16.01591842632165;
  -7.595480085303908, -0.895418419764426, 16.1196495481784;
  -7.584827560429973, -0.7401676394064852, 16.1345320968746;
  -7.572697994942372, -2.730566109266996, 16.14743395746984;
  -7.610457836279811, -0.8235365258928233, 16.29983583508139;
  -7.050322555281937, 0.1454680962521208, 15.7930102853945;
  -7.16438244525201, 0.2443833494173225, 16.1696285598834;
  -6.963556412109881, 0.106619750232073, 16.18872777038494;
  -6.86349865269403, 0.1508455063357514, 16.15240066236609;
  -7.116375188760341, 0.251858729350579, 16.83320234336757;
  -6.70010278549375, 0.1346865482611447, 16.2241361386824;
  -6.646022526220227, -1.102089384853934, 16.20877273092706;
  -6.625976252415838, -1.959813562074715, 16.17072007020373;
  -3.686839153765563, 2.606280529671876, 10.91485492297684;
  -4.477785614556066, 2.516928457235303, 13.05667639942298;
  -3.547392271649354, 2.588350965944018, 10.98785221436718;
  -3.517951212664504, 2.596914107242504, 11.23008925894553;
  -3.568594154475302, 2.583610819966435, 11.57793298901073;
  -3.409749207282413, 2.619272165411698, 12.4300056191067;
  -3.25779000625931, 2.616514980332855, 12.19639264452469;
  -5.934010116743161, -0.6102383420714489, 22.31889896563244;
  -3.71637084731541, 2.51773728234098, 14.45234066772581;
  -3.042586888230746, 2.617339281340875, 12.3177698050887;
  -3.570393775177407, 2.529524328922089, 14.50152222835065;
  -3.215538032555553, 2.61792591036595, 13.39397106970898;
  -3.041714053181255, 2.686386281123204, 13.25385283510476;
  -3.10192665030814, 2.555466667900579, 13.95202456066152;
  -3.509926988155327, 2.541591168406975, 16.98207450303757;
  -3.063592690074889, 2.60855624796802, 15.06714200121287;
  -3.342858514965028, 2.413751198070975, 17.22979654350725;
  -2.999611298024445, 2.621488321475982, 16.19021000672542;
  -2.072602487754642, 2.587193732921917, 11.8795376705794;
  -2.258079703899264, 2.591128619691916, 13.32410269956463;
  -2.899379151797331, 2.563117126200381, 16.87695658067037;
  -4.611206975302568, -3.798452399231735, 26.61308221534618;
  -7.617049286159679, -7.876566536993316, 45.93076523374373;
  -4.968443466466727, -7.689372034726093, 33.26797487231139;
  0.703489182204286, 2.497069880035473, 11.41259615445679;
  0.9385005240595374, 2.505384113840627, 13.71149542727636;
  0.9020784306432969, 2.534748930417067, 13.15248085454079;
  0.9260785361925094, 2.513565025247808, 11.59445172795712;
  3.800628815787696, 2.193074742318609, 18.05930577981332;
  3.587199923969973, 2.266340233291834, 16.44818876108752;
  3.74247833026233, 2.487256251770465, 16.17274445165061;
  3.716605616247952, 2.572542384852737, 15.83780964356548;
  4.152220203379832, 0.5454048893212448, 17.17547261284339;
  3.522290555812712, 2.296352164268854, 12.60149463719778;
  4.035135481311984, 0.9670269185556434, 14.17941561072962;
  3.73662377589435, 0.6793176942608362, 13.07428515335255;
  3.682259295087345, 2.403646175619174, 12.40872188949755;
  17.9436934383642, -8.036532768502564, 56.59636814768119;
  3.480571942188525, 1.299251350066596, 11.70950649589562;
  23.6900829178116, -13.75505048724684, 73.18414204227913;
  20.51620817121547, -12.359184020231, 63.40789889716631;
  21.0220269261443, -7.674619637342518, 64.79741752990924;
  21.40662412123894, -11.01498494495556, 65.62839572689484;
  3.58953121770164, 1.224242851587858, 11.59932709513586;
  3.684340031585146, 1.118420441384065, 11.83500824369041;
  3.713415892075798, 0.7229365454957147, 11.71856029752389;
  20.13097793787163, -7.425041664552327, 59.24504425188103;
  19.51500816180086, -8.516803605712758, 57.06149896996633;
  19.46233017912669, -8.608747404065381, 55.32751008734168;
  3.855428606756879, 1.334856563077206, 11.66472610523401;
  3.789688776499286, 1.570308409366605, 11.45766334231204;
  3.860072796213133, 1.233040361362896, 11.60293515347325;
  7.999580424325256, 0.593860713267146, 21.54458156336381;
  7.809328531859051, -3.8478666685451, 20.96877480023948;
  8.209338523300639, -4.162287467292145, 21.91656118482762;
  7.822579768437815, 0.6449021004701628, 20.34650412853546;
  4.285478986880582, 1.798064762263604, 11.39844651136824;
  22.51880985102833, -5.815308065491521, 55.79074710842988;
  4.344765469158794, 1.774169633079959, 11.46300696551161;
  4.327091287627825, 1.730152404127493, 11.42066412109052;
  19.39336829198237, -1.469211702159883, 47.14774625200229;
  24.40773120416107, -6.094316841419609, 58.22232497510895;
  4.408376577833432, 1.728538200589086, 11.22750527216001;
  4.521075911271129, 1.802786574655509, 11.47774637321931;
  21.83133583819195, -2.228215544598448, 51.70018427391762;
  22.60238111705539, -2.340879913937528, 53.37285372106294;
  4.5607583814716, 1.718064371331529, 11.44023197999326;
  23.08645719707067, -4.003177499308486, 54.11295220872027;
  17.98794696240053, 0.15108545193395, 42.28944554792484;
