m=[-4.309285186031174, -0.03945620219264312, 6.192575148583268;
  -5.408692253819981, -1.137863353684889, 8.036298730838103;
  -5.307540834343475, -1.194558269260498, 7.96458197290122;
  -5.368413187251464, -0.1389228099058239, 8.045841624473878;
  -5.16764051668042, -0.2789722974730709, 7.949824219510269;
  -5.168104187314962, -0.2918532222552746, 8.032872322937537;
  -5.191820919514683, -0.2456644805396182, 8.078529081376582;
  -5.154258272856331, -0.1967846420845016, 8.075060985501338;
  -5.064818301441028, -1.250641404551162, 7.985794207786425;
  -4.949362214886081, -0.2847372193504535, 8.067910412845279;
  -4.931292113452622, -0.2412667509936158, 8.056038755401097;
  -4.833450877123372, -0.205290800670952, 8.035497333217784;
  -4.748520988914273, -0.2538778827695768, 8.001956082813022;
  -4.686464814250043, -0.2106900209105754, 8.032069523534306;
  -4.649694421300078, -0.2392285310946979, 8.088878457796564;
  -4.55273721752675, -0.1255786961232718, 7.985437863809551;
  -4.570661396065819, -0.3410462000955761, 8.044892444405196;
  -4.529986589653324, -0.2151067134649403, 8.019360321108717;
  -4.470450460915353, -0.2569890104203761, 8.011506018382594;
  -4.497176165206187, -0.2068878769623861, 8.06868748853887;
  -4.227631504742816, -1.063837335913695, 7.929641218484095;
  -4.319041821013326, 0.05497998786067661, 8.332854033287411;
  -4.030989059905835, -0.348616391413971, 7.945110942153011;
  -3.915478296727036, -0.07760447010272306, 7.868890194669888;
  -3.929231915363621, -0.02611620295676118, 7.93472900460091;
  -3.889424242674568, -0.1176535353429055, 7.880449879017029;
  -3.747000160032554, -0.3656521181543905, 7.970661675215768;
  -3.446647259594959, 0.07111408185576527, 7.720630537695054;
  -3.458036982448405, 0.1179566650213891, 7.804604790408266;
  -3.401959382485997, 0.05208776064907548, 7.908802782612342;
  -3.357977790728659, 0.07380140737812325, 7.902588087474366;
  -3.336158816517893, 0.1180714476334821, 7.891410292244304;
  -3.26918090058269, 0.1241483021532479, 7.89750777704256;
  -3.28085301565876, 0.06595223717880346, 7.944505880163419;
  -3.251553298031932, -0.5391950388235934, 7.930109809644285;
  -3.248713147160057, -0.9608956993731057, 7.928496705970217;
  -1.71484238903211, 1.2415212150937, 5.563627974346681;
  -2.978323233186458, -0.306283103030855, 11.2020192114144;
  -1.513141038437581, 1.23192171588639, 6.302823069741506;
  -1.454314517824838, 1.284424012519149, 6.336976539608386;
  -1.466030317947921, 1.248280346791175, 7.210125239613567;
  -1.407253807877331, 1.284160568358818, 7.098940376291669;
  -1.415061203716749, 1.259649644062816, 7.503131679574331;
  -1.419168590771819, 1.25457731794685, 8.260819104069128;
  -1.463526917786407, 1.229368135271779, 8.538598418506837;
  -1.476235023240469, 1.227319163159615, 8.674618918747797;
  -1.476710374507054, 1.261638647017942, 9.07998932687547;
  -4.187515494646005, -4.330186556387512, 25.25069536398138;
  -4.909071056714646, -5.143168666230343, 30.36623293588215;
  -1.21220319034902, 1.311698526004391, 8.62518002580344;
  -3.968603406281348, -4.149720072335347, 26.42458520485516;
  -4.285162804524565, -4.697176993624558, 29.40852897039902;
  -3.57291511877107, -2.85184846165917, 24.74602734780924;
  -3.614065755772391, -2.72739531050939, 25.40715932551625;
  -3.798087091813361, -4.358248213968875, 26.8210577481966;
  -4.485146652235859, -4.700521363025257, 31.57325276171084;
  -3.313336303393886, -2.746582090212288, 24.87377252793524;
  -2.906944109286501, -0.2781213899694358, 22.75240215000767;
  -3.483620318276655, -3.703854102439185, 27.34364316752787;
  -3.027217660574347, -1.829318631060175, 23.95259530511631;
  -3.397045500238719, -2.135337158547094, 27.40970544230466;
  -5.477759178513544, -6.507299432668774, 45.08885034043877;
  -4.852093493770481, -5.651523638323207, 41.24223267241362;
  -4.37605201228062, -6.085465850888903, 42.17795902416346;
  -4.173979244780847, -5.614143865759367, 41.44615442012295;
  -4.016898365382613, -5.87057298240723, 40.52023915023614;
  -3.899830699013356, -5.881795262309519, 41.13971947024496;
  -3.928589410594177, -5.934445346405249, 42.84439758337707;
  -3.812116827806952, -5.568609485912315, 42.04029428619739;
  -3.353042835423212, -5.074223649092419, 40.40650439643245;
  -3.438514797712037, -5.014026311353739, 41.94763316007267;
  -3.0906451125288, -4.277922651716106, 40.68893028005393;
  -3.160856885390887, -5.055524342746426, 41.75596692382742;
  -3.069149604345723, -4.461429843482322, 40.66874001203599;
  -3.169329268918033, -4.89152628772579, 42.07298009343781;
  -2.759517265476062, -3.92097246593038, 39.78707578897035;
  -2.422129496682969, -2.344687449331921, 35.62129119778727;
  -2.719545587668548, -3.208913653487697, 40.03416291728661;
  -2.437075837572445, -3.758076347174235, 38.95202149581003;
  -2.215111871682887, -2.623264364859977, 36.95582986674535;
  -2.67017451775076, -4.296556293797845, 50.38638724754868;
  -3.445783662570158, -5.162562320809645, 68.26199987325697;
  -2.036924004892668, -4.523531561985533, 54.55465553898362;
  -1.608255723265581, -6.053419012292609, 63.91894707181252;
  -0.6646002230964215, -0.4790003668020485, 28.87252775777268;
  -0.5496374443816273, 0.9477060663313296, 24.52988331001244;
  -1.120976324531956, -4.245739814952035, 52.05237475778256;
  -0.4409167336593761, 1.005236886166153, 22.21528815244471;
  -0.447974894017771, 1.172400620323089, 23.29653997688133;
  -1.093339568583049, -5.14127959680135, 54.75594837167933;
  -0.8675627663018635, -5.112419410379004, 55.4285796798148;
  -0.5565364706835754, -2.513974624927442, 56.77606720386776;
  -0.2120286448589219, 1.243339882573103, 26.189187708984;
  -0.1544888142865709, 1.287493192404631, 24.87189873843637;
  -0.1294158389951218, 1.279372371311987, 22.06752059936708;
  -0.2384174535357648, -5.098967083378591, 59.81760995151448;
  0.2133885145208172, -4.836236604349285, 66.49118479408854;
  0.6109914307040038, -4.693860068009097, 68.4260728760768;
  0.7774093430492459, -5.892620787488516, 78.05997462638877;
  1.063815276869521, -5.040000261248361, 79.71685052490889;
  0.9128539038634448, -3.645502292720595, 64.04189420495005;
  2.262571047948239, -6.593673227050634, 106.6712303815994;
  2.448410861934584, -5.788420642393273, 102.2006790514853;
  1.523518334638253, -4.522015914045864, 63.68104204465077;
  3.69253481336454, 1.500942550604636, 122.0338854550326;
  11.12212931544097, -13.10566047843591, 259.5441979236506;
  1.178806050310824, -0.1346020064125085, 27.18780012174424;
  4.974320082091819, -6.470345363401313, 105.4048581840125;
  8.423724214466381, 2.481180795490619, 164.990210516672;
  10.75319367522372, -7.994384377742649, 182.4682416203925;
  3.105132226864963, 1.737710198305301, 50.23824209879653;
  1.347578717582244, 1.383930683482509, 22.10659199454134;
  54.67463156950399, -33.65229484552584, 790.7268464265161;
  4.920167967813602, 2.082424781010739, 69.64672636062119;
  0.3483825814624492, 1.236601319402046, 5.651756715035742;
  7.337382155807622, 1.881883769404002, 97.2078259837967;
  20.65075634478142, -6.212154796014588, 267.6497070390251;
  0.4978233782649462, 1.243788343660347, 7.347151756148983;
  0.539546741122939, 1.24302138855011, 7.832914177149855;
  0.4720475365946816, 1.260159551159601, 6.896615903290046;
  6.025665090703736, 0.5157388755321996, 71.30934342191627;
  -5.551180518586688, 2.372809997436884, -64.46157338202372;
  4.799076330942388, 1.53649816280466, 53.3372767263285;
  5.306364349824014, 1.131020885528477, 58.41383656267245;
  28.88247726714635, -10.51975603772161, 313.2939834929984;
  4.407247370329296, 1.303802381708126, 45.54858957417712;
  22.89033300219952, -0.2222051713407559, 232.3138916660792;
  3.760789892614961, -2.181479517417233e-005, 38.06354374501241;
  2.908724577539601, 1.358266471590283, 29.11079346790849;
  4.377139844802562, 0.9127115039006291, 41.13476461047011;
  3.66155208023746, -1.603535097143236, 33.57209327584964;
