m=[-5.218364577005215, -1.141404322953189, 7.328198627310963;
  -5.209739438946447, -1.233021254151629, 7.34064694401282;
  -5.196907992305073, -0.1145263748554964, 7.365364340995408;
  -5.120697360837286, -1.279759247841567, 7.352688801044045;
  -5.049870601333296, -0.3415409408807034, 7.373685173091161;
  -5.0374471375653, -0.2546389572576457, 7.417342219263471;
  -4.983218827070604, -1.288046256415776, 7.374367536054844;
  -4.90090176580053, -0.2629521036113979, 7.415710940951815;
  -4.842412548415283, -0.2927707065390054, 7.434302620620588;
  -4.733706788150749, -0.256546408123102, 7.395633833411292;
  -4.592882705220543, -0.2631843626331624, 7.397877463479516;
  -4.448237814937959, -0.1798103093353992, 7.338612792892642;
  -4.431194537415837, -0.2657042986451103, 7.37272459899899;
  -3.935021103367651, -0.3929221283062863, 7.28587896080772;
  -3.822402021694569, -0.07455661552872663, 7.249738049271977;
  -3.810269065233629, -0.167340273889913, 7.249342926284516;
  -3.670043656215341, -0.4090877303332535, 7.331521851962089;
  -3.631888454254137, -0.7357498503428941, 7.269884043752411;
  -3.428201188018744, 0.03662200994301738, 6.948971552720436;
  -3.396269420246417, -0.1906703851964395, 7.276038635919884;
  -3.37084650356953, 0.02438826383114423, 7.238874931699372;
  -3.355630967596433, 0.03268362260253309, 7.305907071621324;
  -3.335016911287149, 0.001884908734196516, 7.282256631251367;
  -3.291584560936668, 0.02255718018901951, 7.274713464618892;
  -3.256026438192818, 0.03939916535542463, 7.282061862924982;
  -3.198665688583763, -0.2733237578975364, 7.236654590426521;
  -3.178150197262311, -0.579640699109116, 7.28309810637933;
  -1.482067242069052, 1.171925426573191, 5.710328619675968;
  -2.955065501810387, -0.3731326308449964, 10.6448005178946;
  -1.458039166179165, 1.164658066996507, 6.08645449459455;
  -1.38492880353556, 1.209215961422824, 6.187048428876066;
  -1.453397701353856, 1.197078846246182, 6.672367728422982;
  -1.113046335473998, 1.235776340375171, 6.055350160066568;
  -1.364924894438731, 1.122316529203539, 7.988954834230903;
  -1.337812201544373, 1.172482605129601, 7.860680640612546;
  -2.105400739423001, -1.779887902386837, 11.92600332456868;
  -4.564358435344227, -4.977111904362595, 27.89173934338422;
  -1.212195610811244, 1.260710786804312, 8.134835542703815;
  -4.187726570196815, -4.61316842816944, 26.94224506682724;
  -4.20454840430346, -4.583606959056012, 27.56936470271713;
  -4.267521042270499, -4.871914834594058, 28.84256183653376;
  -3.794660766199693, -3.197382415828867, 25.81160123033865;
  -3.671236261760433, -2.941938695410947, 25.41824086647546;
  -4.350705722362568, -4.759146915802563, 30.28084189579665;
  -2.730254665882167, 0.06419025330218295, 19.70664619642347;
  -5.027699617212829, -5.532683920778951, 36.4283072620989;
  -3.3751178336551, -2.958149590707028, 24.914666153221;
  -2.671201542545274, -0.3688886279234315, 20.53556354496968;
  -3.371898090106114, -2.286766900298624, 26.78475581855075;
  -5.562961598964995, -6.921809721865925, 45.48613886217078;
  -5.17169761015901, -6.331517987054474, 43.63197694579306;
  -2.977441762136769, -3.153636920847677, 27.25367838488871;
  -4.492437053364565, -6.535050194906381, 42.99330456610183;
  -4.311708368724993, -6.074410182680461, 42.41475414820138;
  -4.155038434826811, -6.357460408722307, 41.60212147512415;
  -4.027310597037965, -6.366695027847317, 42.21732945262546;
  -3.966550717631323, -6.281979369992027, 42.9936546678756;
  -3.898422971395357, -5.986002599998962, 42.72580289833839;
  -3.735301565153518, -5.72887823225327, 42.17413383866784;
  -3.564149558116152, -5.99543947272955, 42.39636502147533;
  -3.615033829371527, -5.759387328221494, 43.25968530155513;
  -3.535392770643898, -5.436746413197804, 42.84007630374963;
  -3.296484300057162, -5.547878669192294, 43.19998788368286;
  -2.944341238415187, -4.452107203467322, 42.1424026720029;
  -2.333926796677275, -2.462698270767895, 33.98111333169009;
  -3.005725212642594, -3.816649126351043, 43.86979216600517;
  -2.731487400304978, -3.825408516880421, 40.44309148025061;
  -2.546343768465114, -4.232065987289291, 40.78036681262345;
  -2.859782802715269, -4.921073539232698, 53.62912145132283;
  -2.938472435953049, -5.746581998630453, 66.58808047162776;
  -2.318044328610572, -5.559654092614573, 62.0852743484586;
  -1.544829516027058, -6.202828293381403, 61.37078203394577;
  -0.8927388018769732, -0.876053411363392, 38.57039081672335;
  -1.24604538787532, -5.087673556582304, 57.89371999297212;
  -1.024867484346658, -5.152509593694306, 51.39473854955269;
  -0.3082484315403697, 0.9782170655011415, 20.04189461061349;
  -1.000145635704708, -6.393913757689004, 64.6107937899877;
  -0.5243930820794517, -2.728239911474272, 54.12464994611496;
  -0.2091250696493629, 1.066776055294614, 24.92632545072311;
  -0.1291981339419912, 0.9817832557322908, 20.87499166542537;
  -0.1235714439497278, 1.137891630037005, 21.24008650705785;
  -0.3768384394084968, -5.036023709671746, 61.80793269334405;
  -0.3296757056329678, -7.724274898111294, 84.21354146299744;
  0.2622462231387383, -6.13485543484273, 77.67691183691848;
  0.6318722714804846, -15.15909383042859, 138.7945584790814;
  0.1621161296631069, 0.9824186576718718, 20.3830426653073;
  1.221636033023886, -6.262008449102598, 90.42243265614647;
  3.272057152769229, -7.614511417608955, 236.4709152923871;
  0.9370303303899999, -4.182500867388083, 66.73699584776028;
  2.44267917240272, -7.718288035876064, 113.7915422109331;
  2.141109008363477, -5.553443360324533, 89.05902367205083;
  3.299601805569195, -10.64890299112836, 133.5114395627219;
  2.694284052835013, -5.554794498220541, 94.0422102948621;
  2.233845037294533, 0.4929059907485149, 73.6150179717407;
  2.649948688951801, 0.8451336714114682, 80.01496889421084;
  2.848890977712161, -4.893822078828472, 78.33505398175431;
  1.414867337583792, -0.342644580050247, 32.38495056330317;
  4.705006738165757, -6.68569899791735, 99.33126825294653;
  9.87137068227644, 1.844884345386807, 191.8230363135672;
  5.165042606212307, -4.320001537964542, 87.01123591437867;
  2.04292280972774, 0.9808553800531162, 33.06350588243899;
  1.295258154005525, 1.220929098291818, 20.79907981526171;
  12.74370271835136, -8.8335533989866, 183.9549599075979;
  3.360480745468534, 1.156621828318495, 47.38984167851136;
  5.319907060278672, 0.9639088904354838, 70.01097960606307;
  7.945921995461759, -2.94412881378247, 102.6897618389946;
  4.530551583389262, 0.6415881253409532, 55.11306724860678;
  0.4890882975528875, 1.186050159687264, 6.735963322071158;
  4.967592131607576, 0.1107113074159176, 58.33414956418478;
  4.943435749977527, 0.4444553378469209, 55.67251780654015;
  4.154787911672401, 1.093452106233768, 45.68433547884046;
  20.57520258923657, -8.695896031033312, 222.4525244046214;
  4.788084277720029, 0.7335970175963826, 52.14641083010442;
  9.637055736799898, -0.6196885515865508, 97.5608713072763;
  3.945400911326917, 0.9595034983825985, 40.36043255730041;
  3.908085926600466, -0.2127757099573672, 38.96063698307582;
  14.89049157400491, -0.2245952658542418, 137.2840799074311;
  3.672026741773051, 0.580592141907576, 34.08829852493472;
  3.908536449563199, -1.55703390093624, 34.40538300861685;
  4.390681505761229, 0.6960983664877225, 38.19776867672114;
  8.25648173090184, -0.5039556747830373, 69.35991512978001;
  4.092809632042845, -2.229934384402047, 34.72948245678807;
  4.15261857206814, -2.34199915185455, 34.39020969702056;
  4.694474820217546, 0.6479693353811685, 37.52358516034111;
  4.399563520320595, 0.3718205239235216, 35.07291640215795;
  4.364297496913036, 0.7639023239287249, 34.43085508422582;
  4.374396182880904, -3.579009513426891, 33.59329273472063;
  4.625488294569239, 0.3575347932848319, 34.82628636836499;
  5.093418705572721, -0.6088575885611247, 37.76606908379378;
  6.038678093183775, 0.4673272319159972, 44.30769725892938;
  8.166670256876325, 1.5478802400887, 59.1896843938762;
  4.559392753903357, -4.05827643283118, 33.73011969956545;
