m=[-10.49618309689893, -2.508137401176454, 13.62397998012326;
  -10.41799323446047, -2.653478002087812, 13.64126580969654;
  -10.14542084141851, -2.722863623371089, 13.54836906916873;
  -10.03034689339411, -0.8654514736084589, 13.64017846331488;
  -10.07456303874937, -0.7727456602289348, 13.72675453763164;
  -10.00539376666309, -0.687386649626752, 13.72735013806864;
  -9.915365914018151, -2.75151402158839, 13.64587531911615;
  -9.854781620905788, -0.6349687097774667, 13.72134101183764;
  -9.978172270458776, -0.5635774010366786, 13.88339787733874;
  -9.802314999770953, -0.7145200807550379, 13.8140558720104;
  -7.117747327123824, -0.0945910602455327, 10.36694905826668;
  -9.806074395077149, -0.8640539035822529, 13.99445484553531;
  -9.690359014631891, -0.7688017243733851, 13.85754942458743;
  -9.48126340621398, -2.732838807862403, 13.63525963679616;
  -9.494808686638372, -0.638331863139188, 13.67720180281373;
  -9.4118124287698, -0.7430656315951554, 13.59257685874569;
  -6.962092053667203, -0.08461998345532454, 10.39246200534064;
  -9.464852635560975, -0.700437240606946, 13.77068368346681;
  -9.411424684869347, -0.5141073686416831, 13.72704780560436;
  -9.351068497289747, -0.7586737385558778, 13.71440024114905;
  -9.207975471095129, -0.6312486930221344, 13.69756936109831;
  -9.198557189113645, -0.710911330919248, 13.79672139356983;
  -6.560894697395394, 0.005195601861071774, 10.28833294546857;
  -9.035194560301916, -0.5474179338139186, 13.85968321028692;
  -8.942188986779458, -0.633435958783283, 13.73629375678691;
  -8.997917735271134, -0.9718986397199537, 13.86113344568185;
  -8.88024439984701, -0.7155889209481146, 13.75490376205224;
  -8.844829859304223, -0.862504241369554, 13.84584670010127;
  -8.764084893835163, -0.7979847879439059, 13.73988384586154;
  -8.754975510303094, -0.6987986476584741, 13.75643161382481;
  -8.627428390870252, -0.7446166896837734, 13.6514285510463;
  -8.540647552417703, -0.4153584883341309, 13.64200770312346;
  -8.479402780358658, -2.589283247815021, 13.55618383592483;
  -8.355927153325785, -2.614197468188144, 13.56087988478323;
  -8.387901297353372, -1.886595775262345, 13.61704991961988;
  -6.195143711574194, 0.1272532961822834, 10.31854563167008;
  -8.363962608529738, -2.111904342647644, 13.59523654345893;
  -8.439137780636893, -1.1403910884597, 13.72479627821401;
  -8.38594191433671, -0.8617791266765882, 13.66440581237815;
  -8.223103296378248, -2.356047454475826, 13.45660828996605;
  -8.134203629015829, -0.4702151116139725, 13.74008035541903;
  -7.888722946752576, -0.9689498632828069, 13.58616227379489;
  -7.717566767270588, -0.4387320732691531, 13.53939890115425;
  -7.61799296983969, -0.3258156456680644, 13.44601261134251;
  -7.615225511807898, -2.187596399151976, 13.47039909006428;
  -7.674689984705271, -0.517230743016931, 13.57640514673433;
  -5.083025889022863, 2.166049040874726, 9.471722354303136;
  -7.329296146027208, -1.148193586158551, 13.59062331119312;
  -7.326722298315012, -0.9994744914046199, 13.62579728992524;
  -7.271207762519222, -1.653305649746025, 13.53214664064632;
  -6.853758849902796, -0.117531440743853, 12.88997484227754;
  -6.523649053655075, -0.04460566982993278, 12.57030376833056;
  -6.645165564893356, -0.04943757706025535, 13.0822784915642;
  -6.764352724503627, -0.5675689012791062, 13.49239842472282;
  -6.75963344740557, -0.1336381436827615, 13.50579233574761;
  -6.750078255026306, -0.1146999350201595, 13.67901849059087;
  -6.720769247622089, -0.1764726168047862, 13.65396864093176;
  -6.622923531320397, -0.1353028034765034, 13.61979974666468;
  -6.604985727979974, -0.02798903021260327, 13.6519759273227;
  -6.535533638193614, -0.09742708174553066, 13.60460903353052;
  -6.415601614997388, -0.7186511377898681, 13.49673742359797;
  -6.451941003729158, -2.474746905376185, 13.59046263309814;
  -6.398084164502164, -0.03199741317899735, 13.50621331789488;
  -6.366819042822226, -2.894949168531874, 13.50371318165232;
  -6.366348116739186, -2.421482596405347, 13.56679638623681;
  -6.351091358902871, -2.159478587719583, 13.53362894223682;
  -6.393630216702792, -1.341107840773829, 13.62298897607064;
  -6.385106921353663, -2.654176624280052, 13.62190000186266;
  -6.390838521142945, -2.013275702439183, 13.6365236979953;
  -3.1075706965332, 2.195086374258536, 9.4520006581961;
  -3.178452367940908, 2.246950223369368, 10.27382598969111;
  -3.770068601689709, 2.138402044466, 12.176888135285;
  -3.048723046720199, 2.261908742631817, 10.06993392732653;
  -2.925659097809576, 2.32004979461115, 9.878774164309485;
  -3.549397707333342, 2.165854900858006, 11.84875717353819;
  -3.538248922821551, 2.164186248007755, 12.1408700722888;
  -3.014159522210651, 2.24380175572313, 10.59707957102479;
  -3.387123168919247, 2.163758304135222, 11.81294670242912;
  -5.988359393946936, -1.014800935264086, 20.50470372871618;
  -3.697439255817362, 2.110215896488552, 13.3740116716898;
  -2.805264089759385, 2.292538656963557, 11.50796158263618;
  -2.948841598751425, 2.262195349400974, 12.51165385826508;
  -2.754754007693238, 2.27327280098009, 11.95322429976039;
  -2.835318579458908, 2.258431486096868, 13.02969269625788;
  -2.762457997439592, 2.303001277347536, 12.75886597746858;
  -2.904806376466149, 2.143905737658087, 14.96119354321247;
  -2.740522389579846, 2.051307150118666, 15.00263984564833;
  -2.677664846337033, 2.148910225412877, 14.70530016784237;
  -5.296235601312054, -4.98094997196827, 28.32955432980376;
  -4.779244992801661, -4.408524026413137, 25.85183672584076;
  -6.029245505438035, -2.011417775563009, 33.6216626120797;
  -8.347837546333704, -9.700188266040685, 49.86073343735178;
  -2.460760243704561, 2.346858744981335, 15.43384276103723;
  -6.638175770369179, -8.301173453186429, 41.42812887169487;
  -4.99823811347003, -1.36160322995834, 31.51212042143581;
  -8.002086441117804, -9.400644653679899, 50.19485897765432;
  -8.481861234721889, -9.882272365743123, 54.19694176865033;
  -5.362503399121189, -2.169718662158607, 35.31007196479811;
  -7.41178263338101, -9.048129999747681, 49.03307603181746;
  -7.217131144392977, -6.651633891602131, 47.8503046115464;
  -2.21603009887475, 2.327080395351746, 15.50781289524001;
  -7.061117287795724, -6.223563992422685, 47.60388227922799;
  -8.525623885459055, -10.01530980172192, 57.96064415076472;
  -6.516450298049333, -6.269214857079485, 46.83144695364278;
  -5.058016382110894, -1.163320276704437, 37.7195572517458;
  -6.925763322946279, -8.338293424536831, 52.25894981630994;
  -6.093937794497437, -4.695887170078395, 47.21571460765237;
  -7.835666128519576, -9.776818325649177, 61.19216630375526;
  -9.483561098841303, -12.69349063226725, 76.19049754302287;
  -8.749243779765243, -11.54248645712877, 72.41965710076279;
  -7.104581855811652, -8.210545239668132, 62.89888522850184;
  -8.561123573153354, -12.97148264282966, 77.2826411198746;
  -8.265727387654902, -12.91020479310432, 77.49797663515032;
  -7.258866060764867, -11.04510365718384, 70.09704140237886;
  -7.411065937788568, -12.14549205734016, 72.6003497576944;
  -7.302266531811832, -12.38404456289588, 74.9112429485218;
  -7.173064748998105, -12.22302569901869, 76.12809664387514;
  -6.876218937049583, -11.40126210642567, 73.82545093103218;
  -5.84752668967973, -10.61488024375502, 68.20704510965659;
  -6.640022691446875, -11.44709473201264, 77.67647394051966;
  -6.254168373854999, -10.47054778303549, 74.21739713083153;
  -4.456836355770565, -7.222562607900058, 57.13597252052504;
  -5.815042937846949, -10.62977599512704, 74.55901408776487;
  -5.818119192076822, -9.801192605837001, 74.82940319188118;
  -5.281686800479665, -8.832388769343122, 73.87581579050483;
  -3.896116509912254, -4.726449352174614, 55.13163196480269;
  -5.02520581053255, -7.858020522029834, 72.51816142087486;
  -4.659454926811709, -8.51083511138147, 72.40870666104907;
  -4.374944563194458, -6.408023149681722, 70.32523281158483;
  -4.491183884987006, -8.654880956883936, 82.23468766481628;
  -3.561767762885065, -9.470944542469256, 92.26721030398691;
