m=[-4.671464325447709, -0.3140605171589867, 6.729209866409064;
  -4.638378165808263, -0.3432586780214235, 6.748508506689368;
  -4.518560916433011, -0.2696237437324439, 6.714695714103825;
  -4.514483385706983, -0.3094884153246711, 6.715640099103438;
  -4.494242091282469, -0.347337909728731, 6.740818666873301;
  -4.375610319479964, -0.309954187065335, 6.721471532581843;
  -4.385185482794219, -0.4736602324047547, 6.755300831748029;
  -3.841098387839278, -0.4717914145133954, 6.615238785674282;
  -3.761927400782658, -0.2138599195581853, 6.599779082234271;
  -3.724588723826334, -0.1592977684156364, 6.574023781710957;
  -3.726394658548767, -0.2511379458788027, 6.591933188429323;
  -3.547395754534292, -0.8065963227028752, 6.601912792288655;
  -3.280976669462091, -0.06486500118459096, 6.555413085778399;
  -3.262626692956676, -0.05543981203455103, 6.611705698021686;
  -3.24885666381174, -0.08530782950022871, 6.600403223524277;
  -3.203939764782936, -0.06545478447620756, 6.588784815400053;
  -3.133422308122843, -0.3509939740716823, 6.591895923075569;
  -3.115401193338687, -0.01558041073524325, 6.576542603410817;
  -2.830034952204209, -0.4795841277044655, 9.690304876409854;
  -1.363342847513778, 1.114161120170398, 5.592805743467843;
  -1.873209718401731, 1.046145842587094, 7.298665133804394;
  -1.423945995004014, 1.092376073730151, 6.041667144785452;
  -1.360141717965884, 1.068600087530993, 6.97073547835785;
  -1.399962969480409, 1.047885636736869, 7.663918495327079;
  -2.259059268841599, -2.124577161753089, 12.08370380559361;
  -1.175523803258404, 1.121112194765255, 7.372863564324111;
  -2.255232504091897, -0.6143628599051885, 14.21844190571019;
  -3.493633560054067, -4.368859633596163, 21.80338490017849;
  -1.068040471875535, 1.121562403329189, 7.474163735772338;
  -2.668567440228629, -1.079727161989632, 17.57151489597788;
  -3.627469906238741, -4.428329985555504, 23.99773664633191;
  -3.459884808891284, -3.18878604190811, 22.93938390671086;
  -3.282185424140058, -2.892869526107154, 22.12748523798228;
  -3.75703165495001, -4.788885915724753, 25.48166443144994;
  -3.142260796493973, -3.023042786974894, 22.58232827304298;
  -2.695958385976013, -0.6200579078093822, 20.10478990297523;
  -3.061649772004533, -2.282470866857021, 23.1683307370378;
  -3.184244712826125, -2.453726046703651, 24.67146772280488;
  -3.974060957304092, -4.958566554182463, 31.03519152194378;
  -4.922157509228206, -6.588175009656005, 39.5443890437995;
  -4.872391011975938, -6.427927794129563, 40.32998682288446;
  -3.77987111291867, -4.36827999206548, 33.46427476453357;
  -4.607024418873503, -6.980384849473492, 41.58835131299909;
  -4.074269480229865, -6.363584341121787, 38.19961948608881;
  -3.766890850995069, -5.731707895730754, 36.3759162560744;
  -3.94570928939619, -6.466354669789191, 38.65299227628054;
  -3.803740500921714, -6.450831623838112, 39.02116247556069;
  -3.619328846061734, -6.001105724100572, 38.85835901595772;
  -3.212419081958345, -5.831430219535926, 37.4704768121811;
  -3.371064362405596, -5.811560426423792, 39.43546660397852;
  -3.272369977438991, -5.478507159446058, 38.83278601674414;
  -3.187413774927906, -5.165389462166958, 40.86216574230419;
  -3.034944589669331, -5.54781477808872, 38.91329416400212;
  -3.081605744689276, -5.191267219153002, 39.63389389852953;
  -1.955500519481376, -2.372253021685952, 27.6711270499084;
  -2.76905668733794, -4.630601190645563, 38.73124807943272;
  -2.818586141421668, -4.043940746188281, 40.20785040830837;
  -2.599467243937069, -4.064841863071294, 37.51260989331057;
  -2.63246219924196, -3.749196666547449, 39.17933276440471;
  -2.387957839762931, -4.361779595764783, 37.10926309070697;
  -2.302266755022736, -3.372152138119006, 37.00788506063394;
  -2.574123995224142, -4.960548781223613, 47.1328469683398;
  -1.990145272724301, -5.291910299665831, 51.55449895621503;
  -2.190895064525614, -6.507661331542059, 63.68946282754702;
  -1.2904576617713, -5.649964213581344, 49.39107486969459;
  -0.6415017869540384, 0.5853134722506314, 26.58409597083372;
  -0.6791411091352672, -0.9803371506286659, 27.84535525553325;
  -0.581841980947732, 0.7667912453823372, 26.58559152074345;
  -1.429547769904193, -6.414980538629079, 63.33495460719693;
  -0.5185436607066543, 0.8506644039270187, 24.7746401156133;
  -1.286959842190919, -7.031123878995889, 61.76488981885552;
  -0.9453447479796538, -6.463831611054554, 57.65308700781176;
  -0.3644120235211045, -2.161744961743042, 34.26842566704726;
  -0.1883291405933667, 0.9063650304212769, 25.32269801633305;
  -0.162352982459969, 0.9824336046085649, 23.07326546135768;
  -0.3596433249720172, -4.854052633851177, 51.36401056588047;
  -0.2797504427600547, -6.096842688336486, 58.20940834339884;
  0.01952786371794084, -3.936997264436037, 49.22817702093266;
  0.1616034270997227, -5.790931284796934, 63.02810327436465;
  0.7600070879458022, -7.872501124379668, 89.81701384669421;
  0.6092915019355537, -6.016661694671639, 63.66001389338616;
  0.8768614680445345, -5.684182050549445, 69.36943332748362;
  0.953795431035008, -5.391939353387145, 71.43843952566678;
  0.9568690249410391, -3.715931652949415, 46.24322634322509;
  2.066337412276431, -6.6165481465417, 88.04275593319017;
  2.01391662864016, -7.678945539376064, 85.15365535581125;
  2.000560825178176, -0.3579560374242171, 67.49184856191927;
  3.265647520020082, -6.85457673926657, 91.27093626424725;
  2.983504201915365, -4.818285858113079, 70.31019834834841;
  7.837014011267929, -4.156086314578396, 176.7762215834561;
  3.990019239621067, -6.816782161948996, 85.32851049814701;
  3.510880110281508, -3.058075208912469, 71.94796559292232;
  4.110541335149607, -0.2060106436010522, 81.36344118352497;
  2.273338364957867, 0.6610234980230876, 36.79947301691323;
  7.185973613478846, -5.80591944081511, 113.8301089801614;
  1.626132137177234, 0.6781065271785748, 25.46253724413552;
  1.40994493524709, 0.9059872540113366, 21.64308586330425;
  7.419463645953934, -6.519119993986482, 108.0886577101753;
  3.027424375423444, 0.5404446080186269, 42.72952555251295;
  4.93057228738914, 0.1099013227763702, 65.34594805761171;
  7.313732493682745, -3.892797340247139, 95.23796749999677;
  13.55371665715246, -8.711947480666808, 166.1942917710405;
  0.5724293278327384, 1.145462009549578, 7.860778058475885;
  9.888879082106257, -6.210335043057618, 116.3298355600259;
  4.106851308016261, -0.4899283756342939, 48.34079685218505;
  17.3943523714728, -9.709916238707731, 189.3036442281789;
  3.920828278578308, 0.5102891765624428, 43.14721952663393;
  3.967887900154457, 0.08872711004127318, 43.2817158054683;
  8.874616591349612, -1.68251230029378, 90.38942838726304;
  3.943338843383125, 0.4818559502862566, 40.22798226022353;
  3.891225223698959, -0.678475496259609, 38.56447333798317;
  3.903464059743678, 0.1913262528646138, 36.03910817352568;
  3.813238947445057, -1.929762879324828, 33.29184054573341;
  3.846952373344946, 0.2278076874287152, 33.40046096244996;
  9.233788991182241, -1.525217313747369, 77.54842679400156;
  3.966136114667216, -2.584840668363529, 33.40093402898361;
  4.002149298132344, -2.662520423521798, 32.82796397422403;
  4.167884361831612, -2.897153663859912, 33.60335118643823;
  4.335199823055753, -0.04576154176931842, 34.31929725069531;
  4.368027838910736, -3.091817613042267, 34.56382143169875;
  4.428540095015288, 0.3620872279386042, 34.67918015255455;
  4.470569515711389, 0.1586290861544176, 34.10255925082944;
  4.317062827397573, -3.943716254220904, 32.76536675106232;
  4.563567615184844, -0.05078755972419509, 34.10325240116718;
  4.982456765326761, -1.041655193055821, 36.678354029845;
  4.30881709680012, -3.919808553373292, 31.50387685730192;
  4.263882752070599, -4.192012474968455, 31.20278759312191;
  3.851301436530482, 0.7613368213454059, 27.86088812074274;
  4.981972071287504, -3.318680607154492, 35.91412685363993;
  3.518523790746776, 0.836980576699187, 25.50293081058007;
  4.317672379131341, -3.379373533763863, 31.03343441366874;
