m=[-3.905606815084658, -0.5540805371450962, 6.201908541172429;
  -3.117632435170281, -0.05766389447025812, 5.215886761692484;
  -3.827068836354881, -0.2936127207572268, 6.190371895491619;
  -3.799376968813326, -0.2399851492140546, 6.179926254411448;
  -3.775876768133324, -0.3300686343533966, 6.15954051728526;
  -3.544731632825957, -0.1079678775315379, 6.128231680323575;
  -3.480772421514575, -0.8623611271618275, 6.16350258100956;
  -3.299444543870549, -0.1612252080488191, 6.182871696237678;
  -3.243716851221425, -0.1220489777376838, 6.225940731381956;
  -2.924283247900968, -0.6011477200744421, 9.4626109938042;
  -1.468706730120997, 1.055649233533939, 5.691355611479573;
  -1.479309506254968, 1.002533269473101, 5.950037721520968;
  -1.346910903498698, 1.052593462259494, 5.690046531990638;
  -1.35126865271734, 0.9831192461739372, 5.800706079448976;
  -1.464936194507919, 1.002142417603718, 7.403624875616374;
  -2.558146958311494, -2.53591096848472, 13.09002321656311;
  -2.867147460660406, -1.110041408361775, 15.35772701600153;
  -1.070285086575597, 1.038084008501977, 6.92976837785702;
  -3.683806181749599, -4.485491868028431, 21.36743652108995;
  -1.094274980866424, 1.067254429078565, 7.149714734611135;
  -2.39851522300463, -0.8087700839606449, 14.49452806695965;
  -4.388146253301253, -5.734988326979416, 26.46558572652244;
  -4.302579550751971, -5.306250779598998, 26.20948511665168;
  -3.865784455784729, -4.728287528565108, 24.0018390712865;
  -3.680060693397819, -3.620569110545601, 23.64802553368434;
  -3.915556708506737, -5.015299079020918, 25.12118137683108;
  -3.561512676730519, -3.37527871294088, 23.30178656795865;
  -3.017763701774945, -0.4286793475474527, 20.31271512999719;
  -4.560174406529508, -5.643083732370663, 30.1655555304759;
  -2.866879437261953, 0.4243799308902786, 19.62256494311421;
  -3.442351298784458, -3.541420503307256, 23.94963062783021;
  -3.101979036160199, -0.9520766481783209, 22.25705138618593;
  -3.851909132033148, -4.903249006878872, 28.20499326997566;
  -3.719930760499747, -3.138106212614267, 27.87861092690642;
  -3.406797492389454, -1.96612450866224, 27.59695013805398;
  -3.379005408228959, -4.147275619826758, 28.96847588973566;
  -0.7061229551356084, 1.051209204924418, 7.617398045258151;
  -0.5746348857967221, 0.9440864413737525, 6.929891704421381;
  -0.6939475915746353, 0.3141274473445758, 26.12300988378418;
  -0.6122895401687603, 0.4717371764022835, 24.8925963823216;
  -0.4153728461271257, 0.5950920686938762, 21.27226142773107;
  -0.394447535415569, 0.4640824895486451, 23.12604826828516;
  -0.2095024548473342, 0.5554321878831757, 21.2331751174295;
  -0.1674225411387008, 0.6167890008821669, 18.64306798214304;
  0.5301123959542176, 1.022694366179946, 7.001853075474874;
  0.4976290642344096, 1.017317422919814, 6.084153584669767;
  0.7716042974392966, 0.9850390001450617, 8.563955286143429;
  2.070342897261558, 0.05825460102499073, 10.55923434311023;
  4.205544850995487, -0.1888263938883351, 17.53438646631384;
  2.278678316573525, 0.3712726352451451, 8.6316642030861;
  2.276737415412497, 0.3835790958646298, 8.587616228029017;
  1.700314438668447, 0.8810467924412359, 6.489293617834573;
  2.411145799152888, 0.4001650654571342, 8.689263045848085;
  2.425091953215764, 0.3195286125935117, 8.677336503992187;
  1.704469903265101, 0.5253275141697268, 6.367760582823846;
  7.714122595683514, -0.5874159197299954, 25.05291079735036;
  7.671430600909152, -0.4480349221934422, 24.21675734841893;
  7.337672617628415, -0.8389905531860872, 23.15851907618253;
  1.883456444173277, 1.081327840763492, 6.260240271539817;
  7.890138232876872, -1.421858885334008, 22.97372833955594;
  7.591740261771255, -4.910256018637049, 21.97264356925608;
  7.514816009581595, -3.546165700313114, 21.5824639869886;
  7.610913189581284, -1.449691050541861, 21.73234921475899;
  7.079407580730702, -0.2139116962433013, 20.23054460582121;
  5.152657457447389, 0.08532034171572059, 14.73404879643529;
  7.79956136943538, -3.446946277763775, 21.56482722996711;
  7.51071335067043, -1.613190485547489, 20.12430189967405;
  7.533366989399144, -3.859189603033967, 19.98679391516932;
  7.379522269656374, -3.824463739613137, 19.40717714335448;
  1.809700528041527, 0.282537616477788, 5.284930329464651;
  8.387203409487356, -3.365758056706723, 20.61113291066922;
  9.752201757271774, -1.301301886515189, 22.25027710800204;
  9.448393685435896, -3.09643312065063, 21.47333311583385;
  9.353614017552365, -2.901908362492148, 20.94494621631355;
  9.814785093727421, -3.056309497925692, 20.34144512816648;
  7.86686807758123, -0.5722674569038819, 16.3297032157757;
  10.05921591343662, -1.296210850047993, 20.54744833206317;
  10.22543380835709, -4.493814929195001, 20.39077253177972;
  10.39602528859214, -1.199048431579583, 20.66407537094289;
  10.21498463326822, -2.14107803133478, 20.30416441977066;
  10.26654739208977, -3.697877553603303, 20.35021007673768;
  7.477996499424891, -0.6491423734532031, 15.06238996912355;
  10.16197817518121, -3.259825331217464, 20.08311894361131;
  9.805679735606486, -1.673349219569456, 19.3877272983547;
  10.05593970379207, -1.376317038149765, 19.76438067693348;
  10.17064547134224, -3.431488296472271, 19.91176175966159;
  7.690236848209679, -0.1858315872593541, 15.25209450197367;
  10.44701034472889, -4.587327323494661, 20.36314082023705;
  10.33634570326177, -3.692909198668326, 20.11371140480804;
  7.582700255621751, -0.4497753897868652, 14.97542653716921;
  7.337813239027446, 0.04281557736632255, 14.47930082188253;
  7.550674295982973, -0.3156866311897104, 14.88722835631502;
  10.22044096575554, -3.393700131049046, 19.76055048106204;
  10.96643360249687, -5.091970310713238, 21.12480648069042;
  10.15663591557446, -1.353417198784084, 19.58760456070584;
  10.15347430426562, -2.734086627351143, 19.40743557241507;
  10.26630179421222, -3.340378152278832, 19.58899915607778;
  10.0986521533153, -1.188013812390343, 19.26030970785026;
  10.173283222062, -1.390460485744639, 19.38595903745722;
  9.983001747654312, -2.13855389549077, 18.90877879515675;
  10.17023072945809, -2.653061662124726, 19.22134397278118;
  10.18220578250813, -1.293128222371702, 18.98720849838513;
  9.875320274190273, -3.440870833903354, 18.35353276504041;
  10.81336248540674, -4.203630971286453, 19.71827998444096;
  10.32945073395433, -4.19866827790335, 18.6598352390498;
  10.58187199059442, -4.046151553500744, 18.82929563534491;
  7.326036055262502, -0.6237604344650782, 12.53234075463789;
  7.554799334250013, -2.653664625332171, 12.88116900852951;
  7.563605089930628, -2.527289071570831, 12.81134704739441;
  7.706596388604731, -2.661531669969937, 12.95971662930364;
  2.14722371209914, 0.458021798442297, 4.140404282289757;
  7.539606026993488, -1.211403422711245, 11.74851536815653;
  7.629034153526367, -1.24343542684212, 11.78880280795169;
  7.612169494382957, -2.593713791295344, 11.76890046308988;
  7.632030497548128, -0.5831477521146876, 11.77876717122499;
  7.465044323163139, -1.335819672267731, 11.51040322479633;
  7.647274784059483, -1.216408828706543, 11.75540420099347;
  7.593878685345654, -1.256499002212217, 11.59378416478071;
  7.370390783493459, -0.3196161656377054, 11.11959419032188;
  7.395023573099811, -2.504917231070264, 11.05640784824107;
  7.375176213629305, -2.368565771576065, 10.94213568286015;
  7.296271774895216, 0.1862952265709013, 10.61238042058737;
  7.14404181832928, 0.1948414719392714, 10.30158606395922;
  7.164136402471582, 0.5714939958821588, 10.17467086887876;
  7.086398267761908, -0.7348097583879187, 9.9584043110374;
  7.174766603346101, -0.1934766192311961, 9.968510364358117;
  7.199610735769772, -0.1597476180245905, 9.740778352295388;
  7.072273941583014, -1.428307399508198, 9.566980266913804;
  7.209658590139487, -0.1063331665813943, 9.664831785682551;
  7.214438924812159, -1.448584694114421, 9.636868611133682;
  7.008106418688014, -1.833392683217255, 9.317351863136517;
  6.985178266433863, -1.9719587618554, 9.286120191928472;
