m=[-8.606504126226703, -0.8685455363329276, 11.43619374109303;
  -8.299188766244143, -1.503698220748787, 11.36204721002684;
  -8.24389405190337, -1.292965940338046, 11.31804688399671;
  -8.31483384888349, -1.223277028141795, 11.41755666007973;
  -8.195495926680913, -1.02053015881477, 11.27383768220699;
  -8.064543394290945, -1.659690352708044, 11.32147555886674;
  -7.798207027726118, -0.6049866918390536, 11.11891211251034;
  -7.76007362640534, -1.121453635686026, 11.26836629976144;
  -6.259150840164712, -0.1334645451893335, 9.414609720986954;
  -7.604311133047831, -0.6057629051503005, 11.24698893072455;
  -7.548302620909424, -0.500424520327297, 11.22525603547835;
  -7.498529503446947, -0.6793253460204047, 11.18067370926003;
  -7.161721115610458, -1.794537193358138, 11.23254765484049;
  -6.941403713351558, -1.740629306433907, 11.22977797373179;
  -6.829559769204889, -0.5328169220277585, 11.29229138619598;
  -6.684756362322886, -0.704789872280999, 11.22900277279836;
  -6.606524721815624, -0.2866218763689408, 11.29224406289089;
  -6.571174534546358, -0.3423010755708678, 11.25655411707199;
  -6.446741426023374, -0.2700210663068054, 11.3184559055197;
  -6.277872807712995, -0.8740765267562034, 11.13375564481281;
  -6.267643676424259, -0.1963744827035489, 11.14915212052027;
  -6.317283057716682, -0.3081355677188691, 11.28064833081747;
  -6.28097319766589, -1.287622660926344, 11.25423576974042;
  -6.259085902599481, -1.478006655670977, 11.23608601466919;
  -3.759954720506803, 1.965405844770675, 10.03249814739353;
  -3.468679034410233, 1.94461555029974, 9.339111030548777;
  -3.514081192569699, 1.987049436494302, 9.612579915164499;
  -3.374130686904547, 1.993871071445442, 9.626210241907716;
  -3.091998264849413, 2.040731888317419, 9.630196558166812;
  -5.730136386952772, -1.211237145526404, 17.41260370615164;
  -5.88580915673449, -2.820943100136873, 17.93640433139981;
  -5.788183419161566, -1.558084861201406, 17.7867147799541;
  -5.835824191964933, -1.351295525526242, 17.98954134198666;
  -3.018632768000814, 2.045033339637254, 10.24284465306528;
  -3.804838035873739, 1.928770934344897, 12.6565034162743;
  -2.744138773198578, 2.144910965702037, 9.677438070340587;
  -3.028277204996866, 2.142622888844791, 10.59060401099976;
  -3.324631796620444, 1.896029664837342, 11.72407462805446;
  -3.657073774556317, 1.934503103648533, 12.96869358648478;
  -3.006894470591119, 2.003674454860454, 10.97262383643453;
  -2.874033706488102, 1.965151758953255, 10.57827847539547;
  -2.761177455204494, 2.115211143859795, 10.51330475975545;
  -2.688478488112517, 2.09361139730487, 10.40788599093617;
  -2.89277492158991, 1.994305714427335, 11.17451875408863;
  -2.739746716646924, 1.959269431427583, 10.64394069548129;
  -2.785793978778259, 1.989956039607472, 12.04252121622442;
  -2.730517828014686, 1.970378642145393, 12.67109725200342;
  -2.851060724938795, 1.907413651548986, 13.32071705794914;
  -2.654348125982831, 2.157908095684037, 13.16866540195858;
  -4.759548674781486, -4.728283984059456, 23.17434488857074;
  -4.088178560514276, -3.895455139292146, 20.38817198092583;
  -5.165785908908546, -2.054777976463423, 26.43383070250256;
  -4.797715153053312, -1.77686626745524, 25.0903774680279;
  -5.223012288583093, -1.576377872954904, 29.08648319275191;
  -2.16717588479939, 2.043225737894634, 12.81117169458561;
  -2.158383820851586, 2.055436281344889, 12.96162837052921;
  -4.480181021622746, -1.541604716667869, 25.70334971831986;
  -5.039756853266141, -2.409075622491736, 30.56274492032406;
  -5.113337298562478, -0.7846244264688658, 32.96692957538242;
  -4.903405580193282, 0.6147037719128606, 32.07611337017006;
  -1.923967467110057, 2.113031178076394, 13.83628585457198;
  -4.830724200590915, -1.525065820695859, 33.26454693481476;
  -1.052005228961736, 0.3447013592549221, 35.3794606360072;
  -0.6388726418534632, 0.3901876444378615, 23.20077069636553;
  -0.9222800610601176, 0.7857483737432178, 34.64937765797743;
  -0.9007547432216798, 1.053087312221642, 40.20240735456758;
  -0.9186112232771968, 0.8126774607972787, 44.58476250389255;
  -0.504353149574941, 0.9690019382637441, 39.85065578166709;
  -0.480610593841225, 1.250321218634448, 39.52894345404479;
  0.1070574512677591, 0.8313584529650571, 32.33809096771093;
  2.458132938706944, 1.208147082234448, 38.47781043830597;
  1.042260544833942, 2.056031778409468, 13.20164520342217;
  1.017813855097051, 2.085895774452474, 12.22599980039612;
  1.528042945225506, 1.991927094137522, 16.51142139623753;
  7.62266708930304, 1.191662216175646, 54.81774887276248;
  8.362907885556703, 0.588322222678659, 59.23513884198453;
  5.805153891497796, 1.34785643113283, 40.54029701506938;
  6.049778835856539, 1.442601943536018, 40.29932013350278;
  6.868138137857868, 1.382100319617593, 41.35051842950967;
  15.6901250969148, 0.02458134621875566, 92.96383747947462;
  4.080993234310191, 0.5793017158708146, 23.178635864843;
  9.754455384647937, -0.8336668956318417, 51.77667946238134;
  4.121307747430171, 0.1013061686199267, 20.34473051448743;
  4.06651432875628, 0.0955183044191181, 19.23363041394262;
  11.99248433876201, -1.135647942869949, 54.08251371015504;
  3.788183825731098, 0.6289275529800333, 17.49991775172365;
  10.85448240549461, -0.7034882177189983, 47.08385627300228;
  14.90537621574994, -2.237459904399831, 52.76119965496145;
  14.50423473204144, -2.022509530241281, 50.62823661461287;
  4.582402934772077, 0.7306613491135198, 16.52908438992033;
  4.600732814793052, 0.7587502335971172, 16.51328197470518;
  16.47055879692279, -3.092768502682436, 54.10178784623632;
  4.82362552008834, 0.615815263043399, 16.44197847692976;
  3.356930708937048, 1.54969843110354, 11.69539618882764;
  3.396391541182947, 1.039119968939775, 11.80180887629355;
  17.19386130126488, -1.395423505922585, 55.31188514321631;
  17.46776719240751, -2.508091486888374, 56.1314561900174;
  3.46087776413436, 1.867076581630346, 11.85457959912174;
  3.372472627242812, 1.816802995704444, 11.51653617620748;
  3.458070663941683, 2.140039086475322, 11.61486904329357;
  18.58272425125064, -1.175611986157314, 57.94889745143981;
  16.07027097029051, -1.945055061899364, 50.12981291230025;
  3.506133776750013, 2.019775344636144, 11.61329483527619;
  15.95224067435543, -0.6321379449546506, 49.27376127967725;
  3.179594778033304, 0.8217607522256484, 10.58293683919215;
  3.451338028315132, 2.099542270694918, 11.36136460512278;
  14.48778266545004, -0.7562665459570576, 44.38446876534319;
  3.361944327926314, 0.7673819364370272, 10.96621494043675;
  3.757873926333503, 2.170016214545143, 11.61010447264507;
  17.22336500626417, -3.38124214783297, 48.43191072172481;
  14.90318857232603, -0.5265196417052387, 41.94938552986978;
  16.15169623188541, -1.569287083021878, 44.53374409016512;
  9.475547604548504, 0.1171196346010976, 26.53529716243673;
  16.75278421476976, -3.50807884176624, 45.72910547628075;
  9.74301721221776, 0.04123083459169914, 26.89778722489978;
  16.22783187275099, -3.585283399027482, 42.74024127420708;
  3.459945467877715, 0.67970179949312, 9.582923427767843;
  3.449779566915699, 0.7853766681556502, 9.526195703382353;
  3.476913163287299, 0.6386998793419392, 9.488349260881696;
  3.556651009244314, 0.7061351002388668, 9.617047365074203;
  3.456350431463893, 0.4245004322163218, 9.342886996568426;
  3.745344537646191, 0.8214914825833479, 9.908941167211989;
  3.996899253621727, 0.4447123157467751, 10.09039522562634;
  20.9174625505819, -2.024056769877018, 48.04450850657253;
  3.270959573908943, 1.754081293033562, 8.309112383170881;
  19.0717074169985, -6.165585347081338, 43.51427427603103;
  3.27456633154106, 1.611835886504967, 8.293409038984958;
  19.67814526111281, -1.539134208586827, 44.70163287225442;
  19.27172719360407, -6.477989328773037, 43.15539955946996;
  7.75377297576123, -3.343951031433699, 16.92924786840382;
  7.835569429077729, -3.28485553620452, 16.67809909833853;
  21.5330054355272, -6.817293411100751, 43.78727530159271;
  16.29890272734773, -1.221940231551656, 33.0408426076574;
