m=[-3.877305246572263, -0.3088679104818189, 5.734642944805475;
  -3.85350255834127, -0.2554729541441741, 5.730633100337998;
  -3.836501040109857, -0.3475657987852459, 5.720410421134849;
  -3.981166475836369, -0.08489084008183773, 5.988213027837834;
  -3.384733237684718, -0.1468455250594896, 5.785376641595406;
  -3.36655187503924, -0.1753680900929848, 5.766971059752187;
  -3.319069472493744, -0.1540255452100866, 5.753453005348878;
  -3.307162719854589, -0.1385201522835225, 5.806340435177406;
  -3.049656172677548, -1.461635317934355, 9.293516783891416;
  -3.135954155814735, -0.7261357915549311, 9.666908233849521;
  -1.493952162428175, 0.999482306515166, 6.980038650086697;
  -1.362205188217264, 1.107433337346589, 6.758127977581338;
  -2.521406753593825, -2.504844048236228, 12.27678372568328;
  -2.967300031628551, -1.180293349756301, 15.18396388521107;
  -2.786015659321066, -1.031819749136046, 14.5698905195978;
  -1.132282401410259, 1.067522281580177, 6.693441152132101;
  -3.123430904976816, -0.9426949611188212, 17.39410430259123;
  -2.632516031582036, -0.9058337400663132, 15.10306835198552;
  -1.04758461993417, 1.09186084535279, 6.722318038160301;
  -4.272836459697745, -5.573931449712638, 24.85488487770133;
  -3.894588666389526, -3.842125084972747, 24.10220733926494;
  -4.032263240929039, -3.834158739441496, 25.36542447601981;
  -0.9953994794869846, 1.093215020915266, 7.158453546182667;
  -3.248797199645742, -0.4985170135759138, 20.94578593818382;
  -3.089320989170335, 0.3872853741414797, 20.20909930146295;
  -4.69740852889015, -5.81532592556075, 30.09436151893874;
  -3.771076119621584, -3.885781456310559, 25.23101165432577;
  -3.124079040347226, -0.9862757565424808, 21.51252473759303;
  -3.875378659538121, -3.283847766515561, 27.9698950175535;
  -3.940048402732583, -3.655240688812722, 28.46605707501028;
  -4.599218180180096, -6.053832098500869, 33.76813814104478;
  -5.542511894185851, -7.805182349203149, 42.13157914346469;
  -3.819449237546351, -2.253312395187411, 29.74700929727948;
  -5.696103459893108, -7.905804388106863, 44.51490304412;
  -4.187065575733769, -5.131581383547316, 34.64284360172722;
  -5.247403833499207, -8.304536775432851, 44.62406299369327;
  -5.127029771150004, -8.368966078807937, 45.19124164670334;
  -5.030273898689872, -8.597317673131879, 46.26514125216718;
  -4.599648223655957, -7.198437430425826, 43.96874178894158;
  -4.587344754538699, -8.10283133475502, 44.10766712652079;
  -4.644801324986146, -8.035501771650512, 46.60144375901982;
  -4.38618733826772, -7.62512883743447, 45.36736153197729;
  -4.301345027040782, -6.982953840992046, 46.63864653833013;
  -4.229931320861974, -7.961245489874633, 45.83997157274587;
  -3.976157033709494, -7.164880946984247, 43.393255776467;
  -4.216800794306831, -7.381423141135848, 46.541222032262;
  -3.727935580056612, -3.132344528287987, 42.32475702118247;
  -3.866572499431767, -6.55452211017472, 45.80763186668758;
  -3.872417644123875, -7.384857009937686, 46.10920081510507;
  -3.87235134027677, -6.849068571252778, 46.22992919411767;
  -3.54196024642141, -6.24262815022723, 45.76054769120781;
  -3.69699352070744, -5.675135220386873, 48.61228416708675;
  -3.568885174533094, -5.913014814470956, 47.34769641440235;
  -3.438163429461261, -5.209472214486432, 46.76226645327414;
  -3.458152152734614, -6.650110077418846, 49.45163414656578;
  -3.217180868614562, -5.060928552732496, 47.2366439802455;
  -3.607038319099845, -4.788246587718789, 54.91976993011372;
  -3.120111756783407, -7.081225280908629, 61.87007650787085;
  -2.328845441615744, -5.713390651068662, 52.32205469979317;
  -2.846742460960283, -7.737058488825466, 65.46811163556696;
  -2.510998820059081, -6.77061959216899, 64.40600225612705;
  -3.438147041983665, -10.28199524576862, 87.64656961496829;
  -0.7826773089656925, 0.2564530335317106, 26.32182833404429;
  -2.723778753994713, -11.55520607831801, 88.74342600711329;
  -2.415838568122874, -4.069483387697053, 82.05348116669815;
  -0.6701858072535176, 0.4093119728985296, 24.33791372399054;
  -0.6440105175624723, 0.5486730530274966, 24.19499735588132;
  -2.136844675106288, -9.166131749037762, 78.78091828425723;
  -0.4452769906149184, 0.5205807160822281, 19.87356391628942;
  -0.434662920284852, 0.3845378212336851, 21.09634911819564;
  -1.539218028367464, -9.422354175134581, 73.89105418079502;
  -1.116711367189083, -5.705679407134098, 73.0486300266229;
  -0.2340460927654831, 0.4496672970594994, 18.49277691177682;
  -0.2071755660546779, 0.5389727349754214, 17.03963945151936;
  -0.7299905837015647, -7.115466126012355, 64.88831694815431;
  -0.980815401651753, -12.94218083591443, 107.9313629596059;
  -0.2351137560586931, -5.615999935563545, 59.20059826705308;
  -0.1216369211580011, -8.03455306006112, 75.35281227059743;
  0.1874201477694719, -5.065295182683298, 49.72932344169596;
  0.04928371590545348, -0.03769050138677209, 10.11009082119305;
  0.4310799390295207, -8.725502467364974, 79.83561833266437;
  0.7094244415877619, -9.639869993832372, 90.90865514517064;
  0.6799895098020415, -7.703688494649587, 79.95066046268335;
  0.9224845790291245, -9.362306114609687, 104.758137922544;
  0.6343826613808367, -6.215596640919743, 69.24616672168995;
  2.287800039690541, -13.09767126825265, 137.4014287043417;
  2.22424925471017, -10.2295953561973, 114.7324145283208;
  2.169777653953749, -11.45975512323252, 109.8240609080037;
  1.903154647979713, -6.817873323130256, 79.65959178142495;
  0.6497488202142624, -0.4742583102794322, 25.58575275596015;
  0.9803922251335714, -0.9022062168833351, 24.61584758349967;
  5.249057739284589, -11.5158086734078, 122.5183445524692;
  2.846657382083925, -3.549555038809767, 63.29609501308895;
  1.858540522194414, -3.613732752826367, 40.78213189672567;
  1.363865352334302, -0.4596604178574307, 29.39504817947808;
  1.942875356128556, -0.5451793355152094, 37.01183005705352;
  4.252422036108167, -4.641034976903832, 71.95860455207045;
  3.188898435120154, -0.9365800262218746, 53.65889517466754;
  1.569445609774186, 0.154460716527859, 26.66125921698088;
  2.621497246486317, -1.190971743478102, 43.90124289459546;
  1.068531519245925, 0.2635825009236181, 17.24703187940115;
  7.573783986266422, -8.598885633654692, 116.7937392194869;
  0.9377787390317407, 0.4609086146246744, 14.67930069417567;
  1.410516462069561, -0.006216012792897309, 20.76895428748249;
  2.128027812650644, -0.3288053848935175, 29.60107889662103;
  5.730065697834651, -4.266101648205474, 78.5331266436237;
  2.110144603740166, -1.793468127656673, 27.27035415179405;
  13.63458402542453, -11.24792147063955, 168.1531165309078;
  14.98008271538939, -13.75801544989963, 182.8728032074794;
  3.092777495817435, -0.8802666908901046, 37.6584820631844;
  3.017800145586779, -0.2936781151029899, 35.73658445762762;
  0.5607065024109832, 0.8973821041937609, 7.403747158885238;
  3.062437874871205, -0.6150515466378133, 35.61689441411222;
  14.6867725119787, -10.79600460653019, 167.3990405933051;
  2.721740368830058, -0.01874009479075968, 30.79935919074044;
  3.075879630354574, -0.3754591590403711, 34.47213192639236;
  0.492557906483957, 0.9716521588171656, 6.238914785532463;
  4.179477733911723, -1.397779480695571, 44.1956752673464;
  2.59431286629375, -0.02138611042243786, 27.05332517141133;
  3.67186398958482, -0.72020095509339, 36.29079155119104;
  0.6922691582355041, 0.9024286241651229, 7.480383864183986;
  2.766434245565638, -0.1962116139631655, 25.89566097718161;
  3.051775800422071, -2.107508680601741, 28.26977578798003;
  3.353152161424711, -0.1695136993802137, 29.36076191676609;
  3.164837916436361, -2.01059648640308, 27.78545215071267;
  3.607892407357742, -0.8127120055662624, 31.06269798376747;
  2.935431600696239, -0.4212177400713637, 25.38078537977814;
  3.457682136310925, -2.748044985409394, 28.4615519450363;
  3.322609729089419, -2.727720893096166, 26.85397688299254;
  3.269710409582392, -0.3631982493689623, 26.03372522961231;
  3.298127655932848, -0.04760489983039453, 25.98859692749295;
