m=[-3.329505919427052, -0.1008600075740611, 5.157187248917841;
  -3.312333224129793, -0.128388607096712, 5.140728338366793;
  -1.98691802770489, 1.056622764308319, 6.008343388371496;
  -3.011195430419685, -0.557447056388425, 8.560698187408047;
  -2.953898958261324, -1.332896825654317, 8.451889145466543;
  -3.080691972500946, -0.7635666082873132, 8.884250187468412;
  -3.097329647391846, -0.6352128697152184, 8.950543686052699;
  -1.483393251739797, 1.037681089139658, 6.297429589337786;
  -1.33948338930212, 1.133317138810883, 6.032695183034886;
  -2.502562518282991, -2.367214011322368, 11.58314966021022;
  -2.228003476693965, -2.025995766418549, 10.52401797030394;
  -1.12513419545012, 1.109640580871459, 6.09301538237778;
  -2.862594882901492, -1.009346802069942, 13.93468332676911;
  -2.772505105659588, -0.8900945061045106, 13.74787215754171;
  -2.654182968411991, -0.7692510994766764, 14.43064817650097;
  -5.401083955378899, -6.228910286589359, 29.0135387330163;
  -3.213678471229514, -0.759874208000525, 18.22034902168315;
  -4.320369665808299, -5.040334013325825, 24.55832082110531;
  -4.093799251717567, -4.744357624087487, 23.66622773271378;
  -3.830244073221845, -3.530994356281501, 22.82178010635736;
  -3.11858410984117, -0.3078926220256067, 19.16776893911688;
  -3.81418204911315, -3.374422361983204, 23.09403345347155;
  -4.559364768811063, -5.32092883785052, 28.23344665520613;
  -3.619801913398265, -3.473188024829946, 23.29743699030711;
  -2.996548195157098, -0.76120911054293, 19.67400410029446;
  -4.991266646976867, -5.874588385450598, 32.43797961154726;
  -3.853112015847486, -4.587656187443163, 26.2231702475412;
  -3.786519270401173, -2.929147514201984, 26.26306516218781;
  -3.682797885765552, -3.142407103251, 25.58710193878017;
  -4.086611353539413, -5.057767145666805, 29.05143269329679;
  -5.732876813522114, -7.589292794826997, 42.25850062699723;
  -5.155965799234234, -6.692036433953849, 39.01352765764781;
  -0.7547906641613034, 1.116808921248161, 6.670613079417376;
  -4.659837692554428, -7.113649915316224, 39.71398382389457;
  -4.680990466033854, -6.96820848428042, 40.98095555878386;
  -4.520326955359656, -7.206912949312803, 40.11950272961045;
  -4.361157227162666, -7.189474123177529, 40.4568021307019;
  -4.196383693809683, -6.940707462842421, 40.18638071984933;
  -4.307862743972861, -6.931692321813542, 41.69655988814266;
  -4.164418041350619, -6.697443508747616, 41.39298775959131;
  -3.530509796382523, -6.161258442479691, 36.87122719698379;
  -3.752026543952186, -6.240135195706875, 39.33012261893077;
  -3.960890969167924, -6.395487399915917, 41.99668000876377;
  -3.350634140873005, -2.415373193945215, 36.23380358640952;
  -3.645809593431118, -5.598651717505323, 41.12247234776719;
  -3.605735667017915, -6.319824739292621, 41.12102187928499;
  -3.604445742608124, -5.828189638815501, 41.15077943674178;
  -3.344155503693314, -5.340770983458175, 41.18574196144618;
  -3.251058145416111, -4.850284662256132, 41.06710662554463;
  -3.237633173088758, -4.400295498480969, 42.02733785119027;
  -3.001940668811992, -5.22205294431089, 40.88687633567476;
  -3.039424175632666, -3.494493759936207, 43.74435722783862;
  -2.556999479329636, -4.326681252255892, 44.35453885951986;
  -3.414732213641492, -6.794872542447669, 63.64726855429191;
  -2.238208021136058, -4.742287207484623, 46.64578439060417;
  -2.971411123589576, -7.035590297347725, 63.38165684004037;
  -2.942340173024759, -7.636453937014499, 69.4137263088295;
  -0.2230315830902016, 1.061426328930073, 6.894507423438405;
  -1.056232290768346, 0.5867630823011567, 31.30566528570662;
  -2.087625700331372, -7.575089286714199, 61.76492896675473;
  -1.513730055805717, -1.917496589553027, 45.8266659973448;
  -0.8614278325468442, 0.693431575582549, 26.69962461470799;
  -0.7245679553536358, 0.7508841677767858, 23.52482334346735;
  -2.051112791035423, -7.388984327367762, 67.7817037835223;
  -1.636754518699187, -6.99213355863783, 57.63043203487185;
  -0.6355145843097073, 0.8625013126995356, 24.18454639752898;
  -0.6911567867009635, 0.7774719885050501, 28.44445598949276;
  -1.554907213989245, -7.802588306441465, 64.96423609166422;
  -0.4019510695090791, 0.6265844779206251, 21.88944469717135;
  -1.028505146618142, -3.910319856085446, 55.64240622509152;
  -0.5414291733334957, 0.7540476357439695, 31.38935579098069;
  -0.3716109056544373, 0.7673990458498019, 22.7238935288791;
  -0.2899661660339868, 0.7696123191473711, 18.52593652327507;
  -0.9388777850216368, -6.709931860419429, 65.7196426150753;
  -0.4345884671678033, -5.270807391774826, 60.55352864773186;
  0.05368331084656238, -6.201899225510528, 65.9161714387064;
  0.1701757099196513, -6.660393919947536, 65.58738032075631;
  0.4600451234947648, -4.275848761390523, 85.03013829845132;
  0.387853622182707, -6.133752565990344, 69.33350469098193;
  0.2675026023857867, -3.885255590622012, 47.85344782216099;
  0.6646841528186592, -4.21958094746492, 48.76764598860017;
  1.539018792172095, -7.653465378016611, 94.35694876815771;
  2.696104217151512, -9.994028375561623, 128.8989819044666;
  -1.832808992120514, 0.8400377480565736, -82.91564632704996;
  1.004802423159836, -0.2401816361784819, 40.83975331444258;
  2.795914756725528, -7.836435744649732, 96.88979974205235;
  6.496375545116506, -13.53465625351491, 181.8935269018149;
  -1.041204283953088, 0.8014628260832919, -28.28887714374349;
  2.114678112144226, -4.55466147407352, 53.13362840028431;
  5.217803596100122, -5.954539265048414, 124.7038213805662;
  6.862071964210511, -1.103850048681365, 156.7293409459355;
  4.699540226390341, -0.7383663504543769, 83.75442424620333;
  -0.9159504087472672, 0.3016417916469405, -16.11491403784383;
  12.45762655821625, -2.817078390465996, 211.1235727571566;
  37.70028708724677, -39.77811371637214, 610.5698014491849;
  1.200982583136809, 0.4948732434510999, 19.96687963818714;
  0.8098451824538037, 0.6626792559778786, 13.56829290692236;
  0.8194579596245804, 0.5593436266198165, 13.28131689574045;
  3.178242974076521, -0.4068088865675582, 48.5977444664488;
  1.293656531025075, 0.1715391776535665, 19.83344036597266;
  2.434919642052166, -0.094284520560162, 35.1803288899386;
  4.05650136741551, -0.7512242351462918, 51.07683830640529;
  2.019261449349735, 0.696983998111183, 25.24052594985504;
  3.854316590663473, 0.02492080517010951, 47.08412899487524;
  -3.739720842234144, 2.464554033166094, -44.13575027832172;
  3.488574409565723, -0.3501617536398179, 41.85790667311406;
  3.524780881669704, -0.5869012476403783, 41.00203183941876;
  2.492326305751627, 0.2486468191107621, 29.04455213344665;
  3.221736349457329, -0.07538164008398508, 37.16693381634021;
  4.178714430907372, -1.005363541862544, 45.27647461498071;
  7.182265056764138, -3.409754202468617, 75.80108651298538;
  2.8960897036328, 0.2622055205031252, 30.86366704078502;
  0.6092759682524417, 0.9486040120537225, 6.83193818649835;
  2.920602030946444, 0.03688825481825061, 27.80856503213774;
  2.97102526731729, -1.980979196548858, 27.11875570598817;
  14.66491392628139, -3.090671776351971, 129.5516080372782;
  3.330666871341645, -1.912163016645066, 29.64327644531637;
  3.025417866044468, 0.09270362494148082, 26.9274039954968;
  5.596630428258472, -0.862963416544524, 48.9125958041806;
  3.530988082014739, -2.542410121481729, 30.10855412945356;
  3.245549942992469, -0.007036487559305482, 27.39180296720409;
  3.668459593829923, 0.06392442811298006, 29.65048449078816;
  3.748316260217579, -2.559106117952752, 29.58133609513526;
  3.929065785767396, -2.854719410860921, 30.60039165460965;
  3.562019236411898, -0.1451254584330505, 27.78804315425323;
  3.669085161135889, 0.04290107611635349, 28.54715979126211;
  3.953927852948005, -4.030202846390239, 30.14624554635569;
  3.99363255877285, -3.936419380369566, 30.41917526927147;
  3.73012291268286, -0.1463396019755769, 28.23419450080509;
  4.043714285703123, -3.202518920191438, 30.14045268465693;
  4.294726148961734, -4.534163851692526, 31.40695361151798;
