m=[-2.722466197610147, -0.3848804067133828, 7.197595106869057;
  -2.7330742907304, -0.9968885887953036, 7.251571865764968;
  -2.715997979608777, -1.10038532448979, 7.235498724755375;
  -1.682839694275294, 1.142414339479155, 5.707697781903303;
  -2.324574931468562, -1.996556595287476, 10.18908795806117;
  -2.544416580225125, -0.68510632612208, 11.69496445762546;
  -0.9585737139139954, 1.131014255883113, 5.197998439928725;
  -0.8861686469453657, 1.10345921731113, 5.388587723503292;
  -2.792484651571438, -0.3928038348505574, 15.01861040824599;
  -3.926571103808015, -4.136895423978994, 21.42059484882994;
  -4.07859816481788, -4.259967213780232, 22.59375792889978;
  -2.259206715744534, 0.089036030976551, 12.97195305950596;
  -3.519001331160164, -2.853095155170119, 20.06129453545336;
  -2.666804796275307, -0.0101354820411344, 15.54488287901928;
  -3.412538515144612, -2.646622951845394, 19.81345075904785;
  -4.169218063129831, -4.358916218482961, 24.83018047114003;
  -3.143922647038399, -2.636835752417142, 19.34867473246708;
  -2.646528565789051, -0.3922755674501028, 16.46860339470192;
  -0.7892165182701965, 1.123514058965099, 5.649405631875792;
  -3.114957158104581, -1.926395889712574, 20.03563779718806;
  -3.251934091259729, -2.352442483427916, 21.57958834049794;
  -2.599242334699441, 0.3757465098778667, 17.44323072227214;
  -5.039822542968873, -5.92405000707598, 35.74280709172819;
  -4.555122452003064, -5.202242352753904, 33.08463451149471;
  -3.562438663350494, -3.46380066760873, 27.05793343550985;
  -4.566810923849594, -5.979390979606867, 36.01754849330229;
  -4.465837952688064, -6.018805970823644, 36.4634217450172;
  -4.125782150588428, -5.805778112063584, 35.0729987130123;
  -4.019407112234378, -5.049440903318869, 35.28226460463262;
  -4.086909257459273, -5.923456323039542, 36.20908141363869;
  -4.088803006858744, -5.920645390055698, 37.33381176323996;
  -3.994284108181796, -5.601599708919119, 36.86122921579138;
  -3.890662629263672, -5.433397743266111, 36.84440413702395;
  -3.359774281087277, -2.682854093043834, 32.20284821817398;
  -3.948710700383419, -6.000410160538517, 39.16352025313718;
  -3.848646487538663, -5.546745875212181, 38.33283393928776;
  -3.70717995724183, -5.148778159167695, 37.34997078539257;
  -2.764246970375241, -1.450940955404123, 28.18885212726698;
  -3.093455877156835, -1.814724507720792, 32.20193185753963;
  -0.3872015874631415, 1.001346701820643, 5.32477209562746;
  -3.4760909718358, -5.2210718686418, 37.49526987698001;
  -3.383094004128887, -4.649112918905072, 36.57189693548978;
  -3.227257616863349, -4.321866525707486, 37.50201417079076;
  -3.164436768407416, -3.551571540496733, 37.33677417397801;
  -2.911039898041695, -3.582229860683202, 34.63622334950227;
  -2.959471572325639, -3.2520400370857, 36.14866245313944;
  -2.711003602808431, -3.909547360630977, 34.60343313175321;
  -2.897916395133297, -3.21540671252222, 37.70024306227504;
  -2.793642862598972, -2.43277905483022, 37.5613355490942;
  -2.372334668243832, -2.332322719416653, 33.29801873477774;
  -3.175523105607502, -3.895327575523538, 44.61924517518005;
  -4.903052634367769, -6.637208361980939, 76.03373898898036;
  -2.901973149590008, -3.783102087696745, 46.29287340742928;
  -5.783059671023779, -9.056553961914908, 98.56954124414908;
  -2.609770532847188, -2.626694696444684, 45.49317535007192;
  -2.549249530463008, -4.768089309313468, 49.81300542714259;
  -2.476368722434191, -4.992949677088068, 52.90465618681844;
  -0.234135425251154, 1.115382538117755, 6.087398561566904;
  -0.7300763913636287, 0.6643698514822256, 18.80743782155904;
  -2.187295908076693, -6.15850022123205, 57.42889423379916;
  -1.416575239199238, -0.977531825929972, 37.58693384458526;
  -2.253620606492683, -6.08352375510421, 65.12518537314867;
  -0.3778494541529133, 0.5782589602863341, 13.1427037734204;
  -1.685088959516185, -6.28460152853412, 60.03041241223826;
  -0.436414046423756, 0.8637203228420295, 18.93705000989144;
  -1.032662579373517, -2.482918327759299, 45.36509848752102;
  -0.34122060665274, 0.8381274691644653, 16.50901719229021;
  -0.3412808835673858, 0.9807376173461067, 16.59599373151009;
  -0.9168931333874884, -5.498812130542829, 57.03638111561428;
  -0.8490904297677426, -5.44586362013973, 75.90178492509799;
  -0.7435087727185049, -7.069005860832218, 84.81047129616138;
  -0.2416348969785732, -6.422397473405428, 81.55878565471507;
  -0.128114513562145, -6.972021929238832, 81.21967093432342;
  0.04751729757830499, -5.177250224137321, 62.81102512099924;
  0.09265199362442082, -4.043401216001893, 61.65842543983309;
  0.04882238971651964, -1.536645164689101, 45.00761316474091;
  0.1000990028894554, -5.315515625468961, 73.03101839771348;
  0.1925941746665187, -6.062934347118807, 91.65684245007167;
  1.752575273035188, -9.399696402159655, 144.2191835005189;
  1.34895521427305, -8.444120803919002, 105.1855071269745;
  2.378762917864163, -8.72076991459431, 141.41434327342;
  1.386588088044258, 0.4671450750818164, 77.28869708665117;
  -1.687306389587937, 0.630167815582894, -50.81700619845482;
  9.018686156205462, -17.7245375318202, 253.7480945748817;
  -1.66495092955952, 2.781362277725362, -42.55677679040064;
  3.030690789090711, -2.537035819731418, 80.07600287650969;
  3.513747107069659, 0.8126357819999334, 88.80589116335092;
  3.046833624025684, 0.6681859944539531, 66.89434998607753;
  5.343136790422072, 0.7696986793633361, 102.3495982340774;
  6.886470278217018, -0.316418762554454, 130.3565058408743;
  0.3575924562622703, -0.304112387407441, 6.198176444331494;
  4.703901301599353, 0.5992799083842264, 76.42962419891506;
  4.232394465553861, 1.734952063369316, 67.63172276484119;
  8.108997092535784, -3.652371477806866, 122.9497378810268;
  -3.37982958584137, 2.284154313694252, -45.30082844007031;
  14.57501606679545, -7.178961101438818, 181.2679049688399;
  7.745656252713093, -0.5399229307163733, 87.70435831981173;
  0.5729779424729462, 1.107693397770874, 6.65242887909542;
  3.391934328613011, -1.511021843586938, 30.87530523697158;
  3.507491326909736, -2.193858899814705, 29.77632988993718;
  3.938972220844788, -2.564551548240975, 32.64732751171059;
  3.945193121604557, -2.253695711641243, 31.6950260470837;
  3.861862592113163, -3.435766911410617, 29.98313889518239;
  3.884591469721108, -3.581189966328912, 30.10895198594487;
  3.884506540318764, -2.685830897255737, 29.43859454030441;
  4.046754277021339, -3.58037483292637, 30.0784800835445;
  4.053658061678334, -3.051868736221584, 29.62079665913301;
  3.683797444129584, -1.219629955571457, 26.78122981659797;
  4.615567703198917, -4.907559599863634, 32.91070161297841;
  4.170522981711519, -3.811642768619653, 29.51313047846786;
  3.93959570298641, -2.1226449361407, 27.90131376619544;
  4.317489154131323, -2.622728933165101, 30.0836194809026;
  4.055185925090238, -3.492986257753613, 28.27026311192736;
  4.531388385712211, -2.641837466537855, 31.38557135375169;
  4.212600785758221, -3.180801111754754, 28.59703045686385;
  4.176589668359968, -5.218861611252561, 28.31902800935219;
  4.870907608446099, -4.906772696011061, 32.60779812201218;
  4.819184122658149, -5.088550339409176, 32.20653092225507;
  4.269630678085663, -2.061783380080513, 27.98377243604705;
  4.518346074457235, -5.797911593456156, 29.16738379826788;
  4.829951805845251, -5.067781833936463, 30.79569602903441;
  4.499160422802111, -2.011703614228212, 28.26756666042816;
  4.785693385772627, -4.460537820374205, 29.54522551031274;
  4.724809039608791, -4.753774507594383, 28.20305378922498;
  5.065578482551252, -2.719384863820611, 28.86383251354642;
  4.930405272707367, -2.880111063774919, 26.6541341943222;
  4.848482415420083, -1.73884741925122, 25.78796640218648;
  5.465703346908724, -3.628274187293605, 28.28905711366349;
  5.379700582294287, -2.78917665095204, 27.24692103597749;
  5.432726547374627, -5.837862797006999, 27.21417116813457;
  5.603689226276484, -4.017264680066798, 27.92174909170898;
  4.789483506386254, -1.180376838393183, 23.64108224153322;
