m=[-12.47046629547529, -0.7922545065064912, 15.99762926062893;
  -12.28303706441548, -0.71001111672095, 15.7752690455656;
  -12.59961402985124, -0.1420554743062366, 16.17819222067186;
  -12.64690122870351, -0.002081963819031083, 16.28208652328104;
  -12.93452629594793, 0.2174399932111862, 16.65694431474575;
  -13.09009778243725, -1.100924283845675, 16.88746840882248;
  -12.07306281669098, -0.374341578964608, 15.66484011987804;
  -12.4167311421169, -0.6432826684734372, 16.28703269844751;
  -12.34207795874259, -0.9175343213697551, 16.19331306221766;
  -12.26980238766506, -0.7406915224335736, 16.17454100519422;
  -12.30157294554355, -0.1984759748456009, 16.26115421572414;
  -12.21114609234923, -0.3605189357712715, 16.15489937293309;
  -12.26200952898423, -0.5086393566196862, 16.21918422466218;
  -12.19928798650626, -0.9769663984611322, 16.18789557053882;
  -9.24030520997354, 1.639568150816154, 12.64326247899615;
  -11.89246393442014, -0.9957045293434658, 15.99074693982017;
  -10.49495984365687, 0.4592828649856224, 14.25235214739798;
  -12.6572765069255, -0.3261776243329545, 17.01869498960967;
  -12.83910209768958, -0.2617916388017781, 17.28597917879661;
  -9.08075927687354, 1.569687493504449, 12.54224722105187;
  -12.10179406180784, -0.1844644029309594, 16.46861951443177;
  -12.54778180469533, -0.2967851207695895, 17.05400508351449;
  -12.51388991513419, -0.4950268854414044, 17.01866401423888;
  -4.857918330681608, 1.44736175111323, 7.211058249517476;
  -9.063913508068776, 1.616390262872469, 12.64794380301134;
  -11.83316097742588, -1.069143216247368, 16.28567452777676;
  -10.48226757533756, 1.087635662674373, 14.76096110354368;
  -12.28289666180155, -0.4868986802352779, 17.12713977138147;
  -11.89541982983871, -0.5920429867330402, 16.63583431850631;
  -8.594182070190186, 1.613177800291125, 12.60046779668859;
  -9.372589369139515, 1.371801290784173, 14.04128317807421;
  -8.698771205441938, -0.8482971945627712, 13.09453808515318;
  -8.268374768373485, 1.610340394975538, 12.56083211805596;
  -8.692322478385187, -0.9033056300129327, 13.15376841205442;
  -11.45271297972835, -3.537929302979707, 17.03480957475763;
  -11.32110584682017, -3.544091738353386, 16.88550134142771;
  -10.20573309902667, 0.06008945451828804, 15.35704262931168;
  -8.674809901968812, -1.070556056965808, 13.24837582815333;
  -10.44140373411951, 0.2307003936212546, 15.7881946374835;
  -10.92835485841984, 0.3226159126621521, 16.54239774199255;
  -9.178522196458014, 0.9593830524567067, 14.11126773378313;
  -8.776789275870055, -0.6024080534425725, 13.54142058901535;
  -9.146779079748873, 1.106679668602451, 14.08044731861572;
  -11.12923418603899, -3.51939894250649, 16.91749473029681;
  -11.11866696258472, -2.733208984101085, 16.9912542963376;
  -11.15930816190727, 0.5314530396486653, 17.1136759100191;
  -8.685610250637469, -1.165529591368762, 13.56735376342255;
  -10.93902475440042, -2.741379606199759, 16.98891937276622;
  -10.79679586012585, 0.481465732205547, 16.80621549905786;
  -8.682308921290179, -0.9741055220820517, 13.74571174233539;
  -8.60901709997192, -1.343278753778987, 13.63862883803943;
  -8.824337235916579, -1.326558886486274, 13.97377071221734;
  -8.688042622658983, -0.2325901153906337, 13.79021685638613;
  -8.856567420405428, 1.345511988132339, 14.06861314704586;
  -8.237891529462706, 1.578987023380825, 13.18055549571575;
  -8.58053370032324, -1.236077344847618, 13.70937936929601;
  -8.766771482157703, 0.9185771414982816, 13.99772800251852;
  -8.608244476432745, -0.5410749949985768, 13.76367277054056;
  -8.615917348130264, -0.3707528871685887, 13.78005272354188;
  -8.721434868398529, -1.390104807145882, 13.93843581958159;
  -8.949529564855601, -1.24500414625429, 14.34986224521148;
  -8.843205894269135, -1.339630627639174, 14.20164098404446;
  -8.522515593258211, -0.9506398976178543, 13.72115040672751;
  -10.68839754854479, -2.722171595150137, 16.99730111046803;
  -9.237568720186314, 0.09267478314681921, 14.83262122344101;
  -8.668687303530383, 0.865101313957642, 13.98959355800148;
  -8.646740748468169, 1.293085543263726, 14.00514786770212;
  -8.617794832018383, 1.397075833155602, 14.15349365259442;
  -10.35275594694429, -2.718869056815832, 16.81104756332234;
  -8.227672003497467, 1.185109194775242, 13.57402752055636;
  -10.35451044436107, -2.552928623110213, 16.83201807872432;
  -10.3765219645642, -3.52019147156342, 16.87464684048438;
  -9.310110537992809, -1.277608502624029, 15.26817776457872;
  -8.385198287119044, 1.520753427937091, 13.91741714804333;
  -9.154159466185222, -1.225143253027535, 15.1209746890063;
  -9.15635693147922, -1.163649952911285, 15.15652964993478;
  -10.16862534986211, -2.704509022175951, 16.79404807289118;
  -8.440007727962046, 0.03756107823234262, 14.20939030961935;
  -8.377901419966866, 0.5267338589901643, 14.23873833511878;
  -9.15716933668142, -1.124282815114227, 15.47651313181092;
  -9.01478943651489, -1.186019544687345, 15.2708144333635;
  -8.588508570076423, -0.1273926312383203, 14.60169243796334;
  -8.584473234452966, 0.3487678049208097, 14.63590741576594;
  -8.482143493560239, -0.6871358229803871, 14.72054867808914;
  -8.279287957965945, 0.5377505193481997, 14.41474955290839;
  -8.499510429932716, -0.007437222360567419, 14.7750103691121;
  -8.63738710699889, -1.288243836709894, 15.15053224424286;
  -8.2491642591462, -0.4216559930477586, 14.57700799154152;
  -8.257591940494271, -0.3145781139914976, 14.59204330939559;
  -8.124286671434508, -0.1153885748116618, 14.41831482725629;
  -8.287174227329716, 0.04460799785603591, 14.70307398240988;
  -8.292427094218173, -1.176881555819615, 14.83554863438714;
  -8.29566228826357, 1.308232512043328, 14.89225859291197;
  -8.183368545502477, -0.2655952634372891, 15.00555810110694;
  -8.480376732540817, -0.9523678425332679, 15.60284629803043;
  -8.084341917921439, -1.104720422527826, 14.93926098863618;
  -7.813332614304922, -1.095227446051807, 14.62263294185048;
  -8.38463231972232, -0.9424120703870277, 15.72865180118325;
  -8.205373753054346, -1.271127717843738, 15.40661853838262;
  -8.212834594507363, 0.4997482349440114, 15.49220547746316;
  -8.592496649881234, -0.7370856844599112, 16.17664640617203;
  -8.365471864385576, 0.2790966320752932, 15.77963478379356;
  -8.272684404777843, -0.9171081965581999, 15.72435313524797;
  -8.984174774103888, -3.40191738384594, 17.01936509011373;
  -8.278809040780596, 0.5223237174677353, 15.77411727063462;
  -8.222058114120916, -0.3215372882400671, 15.69948061946174;
  -8.377132007990426, -0.848125116324526, 15.98982976987242;
  -8.236418529185327, -1.042392156479582, 15.75504035947581;
  -8.385061201817912, -0.6573165122779801, 16.0742846825218;
  -8.24670804291401, 1.332288509901845, 15.91575179917626;
  -8.26773142300137, -0.1738254114852051, 15.95431744584977;
  -8.203357663827665, 1.223034813729636, 15.86505597035902;
  -8.414372025850144, -0.5470379466665551, 16.26398800145834;
  -8.493329939517691, 0.06254592271877946, 16.46677533958728;
  -8.346369257287744, -0.1378920907765317, 16.24661966128498;
  -8.209764581335286, -0.4018800138350281, 16.00560356922744;
  -8.247592308461288, -0.6075807018846999, 16.08723009591717;
  -8.287060160307245, -0.04382182399894693, 16.25312091449087;
  -8.309527476418696, -0.01246202993671512, 16.41589431615686;
  -8.520726371940036, 0.2203741686339026, 16.81772545029622;
  -8.264379265937501, -3.179326441516152, 16.37213274604743;
  -8.464620395034835, 0.1164975575363468, 16.90130594382921;
  -8.666613453844526, -0.4075325793023817, 17.27630682109806;
  -8.348102865368203, -0.2158357568370588, 16.73944813881731;
  -8.533444315470328, -3.503699463485695, 17.08675108066639;
  -8.44191367306566, -0.3248134374773453, 17.05683762146622;
  -8.433286811684221, 0.2477267757624683, 17.06331684285116;
  -8.660218675591672, -3.332464841050371, 17.56371469700073;
  -8.464328355097218, 0.9077517443856337, 17.20858815953043;
  -8.042784777897024, 1.080686391953265, 16.43179028090613;
  -7.929839828058493, 1.305932719517186, 16.27124156718972;
