m=[-25.52454943615993, -1.286493158046298, 31.47885726465482;
  -26.27609100371695, -1.620515366163335, 32.69399751468533;
  -25.90013407466857, -1.229213364996984, 32.30367377545058;
  -25.8840454276306, -0.0916282217461639, 32.3241208142332;
  -25.19626246457758, 0.617461218633493, 31.59199606751594;
  -25.51294543458074, -1.584549521866757, 32.08881838975217;
  -26.74127779073816, -1.124154676254246, 33.69837310961746;
  -22.80736836302604, 2.98734682062676, 28.91711004752359;
  -25.01353935366108, -0.8407657664808726, 31.66360681156613;
  -25.66657225341183, 0.3460920996809526, 32.5363771195499;
  -27.39962122588763, -2.260341254855015, 34.68101867331105;
  -26.81202616150164, -7.4318349435231, 34.01683811899121;
  -26.98745883238884, 0.5454642766950364, 34.24613281843865;
  -25.29282476072743, -1.402493097343107, 32.16132819154536;
  -25.58715130288203, -1.625563587443955, 32.82425457720419;
  -25.30437699529204, -1.46269923913237, 32.49875035284273;
  -26.15251258375342, -0.2948588401662948, 33.58042354560109;
  -25.79806825204818, -0.004246941106787225, 33.21338340652314;
  -26.63604012311822, 0.4477736757439751, 34.3016069506238;
  -25.37024532032764, -1.14813915499024, 32.74448311741304;
  -27.00158094316437, 0.1656736404612846, 34.81145833013948;
  -27.10666762397587, -2.861771588469332, 34.96770653860364;
  -24.06780043184553, -0.4909249843848962, 31.21348171461031;
  -21.59298949901542, 2.930079145896139, 28.24566126975564;
  -25.63642260988236, -0.3495893687139333, 33.45940065952822;
  -24.54430387491051, -2.021089288507545, 32.1496174829903;
  -24.98678778832646, -0.2029355145256933, 32.74430076709963;
  -24.81366971388833, -0.5312004515939958, 32.52800664019565;
  -24.96848342382481, -1.856206108119989, 32.75967548757728;
  -24.92149930348551, -1.504436883106044, 32.85251055064907;
  -24.75359256742784, -0.3993792856815822, 32.72118028434464;
  -24.69740025299708, -1.024470723593047, 32.66770292640288;
  -24.82457935092247, -0.7329149009339442, 32.8420099437523;
  -25.50081538708023, -0.02676963986240077, 33.92358272907978;
  -24.87786893407123, -0.4888648996243468, 33.25601648618596;
  -25.65791827035656, -0.2446823847202989, 34.26854560800171;
  -23.99880342332761, -2.009315933115411, 32.2690734667873;
  -22.03246188501631, 0.630025683641937, 29.71406011338545;
  -25.89018307023203, -0.6671892174254818, 34.81136946454071;
  -24.73328971243011, -1.062168188168767, 33.33407738958566;
  -26.06450561708788, -0.5314600342093612, 35.0920569035498;
  -21.08905633839582, 0.922904171071768, 28.63933372482562;
  -21.00431906869851, 2.913516938485664, 28.71189713185843;
  -24.55214484258963, -0.3742417624966726, 33.41156935994201;
  -25.95401900566296, -0.6138747696560644, 35.27475843535796;
  -25.55258221056477, -1.010814005274528, 34.75104977644803;
  -24.04607807892539, -2.069830753836639, 32.93788592251463;
  -24.15525340566945, -2.182462096533189, 33.24425281217448;
  -24.79278605644159, -1.037297310201248, 34.13429738421215;
  -18.30158240082597, 3.263766756105807, 25.5383489158149;
  -20.99252428001636, 0.9484931810254318, 29.28637114230061;
  -21.18634097335738, 0.6985004393204995, 29.57033126517424;
  -24.92149034609349, -0.9878973252901564, 34.75025966766319;
  -24.59243978227284, -1.223982146744179, 34.39271245219109;
  -20.72726469286744, 0.7822828860695006, 29.18673348135753;
  -20.85793735750286, 1.013624840072203, 30.15823904761807;
  -17.80801117339684, -2.261513749250243, 26.59099418853316;
  -18.73766276080087, 2.742502519760454, 28.0713065042575;
  -19.72785139886736, 1.435318942770414, 29.50357174234125;
  -23.50500995693455, -7.261079854237381, 34.96144270601106;
  -22.97366133770219, -7.191944360236514, 34.26536193407593;
  -17.61418056079885, -1.71772076783673, 26.5151884955718;
  -20.27069887386139, 0.8099539042580352, 30.49361422761413;
  -17.66249529258439, -1.932830556828968, 26.70823477486722;
  -20.3478959375375, 0.2024961398061534, 30.63386921101053;
  -20.73953304551009, 0.1221105054949521, 31.20774274630914;
  -17.59892587470638, -1.828879320151023, 26.63180016991331;
  -16.73266616942216, 3.258837317259344, 25.41928934396029;
  -17.24119536737435, -2.01903339411777, 26.24071505377904;
  -21.20526761742458, 0.4685254694441164, 32.06397348565482;
  -21.90381975011482, 0.6466225603962801, 33.15610657501132;
  -19.48401097962704, -0.7050173961495536, 29.63861340017974;
  -17.66403084297031, -2.179913499324161, 26.97692766669738;
  -17.58343707559502, -1.641807579635761, 26.917152803691;
  -23.113658518917, -7.309234758576368, 35.13495984136785;
  -20.47862052895141, -0.4213232649313769, 31.26274938750449;
  -20.86024209192261, 0.03152334288017201, 31.86351199823961;
  -20.77325417215748, 0.8325640514621955, 31.77428929094334;
  -21.30778010353391, 0.2058420259724437, 32.60237348687133;
  -18.58735245411105, 1.942839005324324, 28.5766162926936;
  -22.63926650610411, -5.565221695745257, 34.59673138715456;
  -20.67286705216663, 0.9845285992396979, 31.70346599705554;
  -18.58615551526075, 2.248761038928155, 28.61131566713352;
  -17.88584268488641, -1.227621552405837, 27.59548062192719;
  -19.32293565101904, 0.07063436999932832, 29.93246619698418;
  -18.65395321907246, 1.6771484102856, 28.9650608339373;
  -18.65859383481106, -0.06050159066587739, 29.06172998539364;
  -17.57004382024913, -2.357739456780625, 27.44527940689723;
  -18.02804790156905, 2.052495761295473, 28.16147669280785;
  -22.25213095363529, -5.57650607438686, 34.55880822387499;
  -20.85251286577627, 1.219962707817652, 32.48672643386624;
  -22.03290577255655, 0.9825219674271128, 34.29626412142843;
  -17.94595235113435, 1.902681112842001, 28.37840580898527;
  -17.61399552034809, -1.976189796728628, 27.8862347848265;
  -18.02789086546528, -2.710125213126406, 28.54804917853106;
  -17.5331785962567, -0.4693858225594023, 27.82978232559921;
  -18.51618400294533, -0.02336249249629377, 29.33915789154093;
  -17.93824778850909, 2.725223701218379, 28.49481708804434;
  -17.62506993373123, -1.49476933986547, 28.12500275275019;
  -16.51800238816928, 3.166066381162204, 26.42866155459447;
  -17.836389289006, 1.86888634214898, 28.47900465099058;
  -17.36421306424603, -1.091435254030398, 27.76354077634971;
  -17.80164858144254, -2.83739518113594, 28.45026534959892;
  -21.74401224018828, -5.53786778757085, 34.57857192507792;
  -17.77282611244319, 1.672102076590117, 28.43973574947581;
  -18.43951201438181, -2.565192812252758, 29.56629791071821;
  -17.7285333580954, -2.685642124992071, 28.47092660010211;
  -17.44152214316315, -2.28945107605091, 28.04930335681263;
  -17.26158827630841, -1.925435551528033, 27.79095519468369;
  -17.6543904666273, 1.761839579053749, 28.49078972335162;
  -17.74631394333744, -1.443682052320745, 28.63374963285027;
  -17.70183764279016, 2.423744888934942, 28.61968227151983;
  -9.46257282173781, 2.919625193364341, 15.75869955838683;
  -17.50430211167775, 2.617698467430179, 28.3517624185052;
  -18.25881431324706, -0.1061756968609803, 29.53581372667711;
  -18.51976440695502, -0.9272179200891095, 30.0658175627261;
  -18.48028687154254, -2.115569379141754, 30.00833681675766;
  -21.53286399849394, -6.012523893853325, 34.81796874793189;
  -18.27174868396515, -2.63904618618938, 29.71711455728979;
  -21.00849931274811, -5.517309497518566, 34.11409319321162;
  -20.86463588132011, -5.144224484432521, 33.91699977005052;
  -20.96663840755937, -7.112843972353534, 34.09664816091;
  -17.92722060210357, -0.1353959145838996, 29.37146254046135;
  -17.45002722834839, 2.828915262412083, 28.65917028987607;
  -15.03160675896061, 3.084521949068464, 24.8342024958528;
  -19.16567473236593, -2.630068557905251, 31.43087588463212;
  -17.21528843152882, -0.2308761633204643, 28.34617259417817;
  -18.79059526193448, -2.514831764791586, 31.03858048318206;
  -19.82930706704497, -2.349004724338284, 32.71347772171665;
  -16.75721939906239, 3.03911702159325, 27.81296334712714;
  -18.68380590221521, -2.374460718494946, 30.92732843965302;
