m=[-2.74123726232301, -0.3761768854835233, 6.698516099078276;
  -2.725630765187975, -0.8893677838133182, 6.687239522934925;
  -2.722736747341043, -0.9758821964856813, 6.690056229211263;
  -2.731091719895912, -1.087493925895594, 6.729072455715541;
  -2.771177921418441, -1.096528757189571, 7.339540144573297;
  -2.840481416353248, -0.3526327485172882, 14.51433673092738;
  -3.929423258496932, -4.007105681584812, 20.59744702244653;
  -4.0214290299375, -4.079150331863681, 21.43176536889884;
  -3.502794503160738, -2.733503864483694, 19.12515769891365;
  -3.48430033223332, -2.591055823358628, 19.33489455869758;
  -3.213694179852759, -2.587036916962685, 18.90524281407402;
  -2.919268261397698, -0.3776897689786756, 17.24157541173546;
  -2.705104920909134, -0.4165771883353631, 16.78694281818372;
  -3.3092200607552, -1.751560950259175, 20.94886560744598;
  -3.293363743833979, -2.021355512653116, 20.85954281869046;
  -2.757293722107964, 0.4417108573632494, 17.56123797306368;
  -3.296930771112728, -2.274216460872402, 20.90784460685935;
  -4.284780064983542, -4.688629326685637, 29.95176660372577;
  -4.40496660213169, -5.505261327252526, 33.39113312014031;
  -3.293571725173316, 0.6328487429135119, 26.19845539078203;
  -4.049634685538243, -5.018973278207167, 32.48100655084577;
  -3.9287191508569, -5.274301362567057, 32.01246206508692;
  -3.854601183543921, -5.322249825036368, 32.72044987056899;
  -3.837857213577857, -5.282379719802205, 33.53138018920425;
  -3.724478084596926, -4.969635086021585, 32.93398202062887;
  -3.678822465521467, -4.877643247818053, 33.32428610436048;
  -3.137000453514008, -2.326530504943724, 28.6346444501037;
  -3.798988006720289, -5.482267131039163, 35.97957639179288;
  -3.651973260488712, -4.967439235037909, 34.6706684763491;
  -3.416685256982165, -4.524467179423769, 32.62270179900587;
  -3.49874460225329, -4.589621034048232, 33.62172766774952;
  -3.120166543816698, -1.669151232594783, 30.80586479510709;
  -3.379198511540047, -4.1199532648173, 34.31640735462493;
  -3.274305065922374, -4.632526479993619, 33.59854321515038;
  -3.275195031097668, -4.225834514908094, 33.63783202352997;
  -3.053629271467867, -3.816741381003152, 33.63372276381299;
  -2.796832034289565, -3.201235301756593, 31.49269588843776;
  -2.852661978970574, -2.907183731129286, 33.00678404279255;
  -2.68159817436114, -3.588090628346153, 32.26142217715822;
  -2.693276870937707, -2.751424565042541, 33.08945182899357;
  -2.597517823502042, -2.046225532644143, 32.85025258489574;
  -2.84405731489679, -3.179551134934592, 37.52253999672963;
  -2.706381558380584, -3.66755188895289, 37.74071161554456;
  -2.830479569440378, -3.325394284711322, 42.11847164643957;
  -2.649415393453144, -3.777059221131207, 42.54818792887566;
  -2.298829146867457, -2.049890487039667, 37.18557776658484;
  -2.066257415700481, -3.73044446735243, 40.65268650383859;
  -0.8343093859453906, 0.7429748623750897, 19.18613803301011;
  -0.6997698455762953, 0.7853103271227515, 16.73432487056567;
  -1.355730161773478, -0.7433835726149697, 32.30390640342364;
  -2.090052737571856, -5.224758787052824, 49.78771423392478;
  -0.6891746026766034, 0.9067984632530847, 17.01117718757232;
  -1.725673787327074, -4.064763937859527, 44.76749444921429;
  -1.624746930321457, -4.621618705573408, 44.53458239613534;
  -1.59919937553223, -5.139057877704464, 50.24234200517174;
  -0.5416624024147976, 0.9808057313026245, 19.64191752417579;
  -1.208032630273446, -4.540577958147776, 44.5606092422284;
  -0.9172298592948699, -1.785948078347994, 34.36012509882881;
  -0.4459492030902248, 0.9784806699006421, 17.71740793246764;
  -0.398633516306738, 1.025075824297216, 16.05759773738723;
  -0.9614741114830749, -3.611869327526241, 43.05682950770644;
  -0.820738383520134, -3.075345877939526, 43.2888380567273;
  -0.6961979499065306, -3.146564155322486, 45.76992533554908;
  -0.3267478320791958, -3.727126696794449, 49.15192581325606;
  -0.3300979271487992, -5.12556141673365, 61.61243990116937;
  -0.06932112703790837, -0.9262625911522258, 29.64797744193684;
  -0.1281678696792561, -4.076907421473712, 58.27391371728383;
  0.08666613377913579, -2.246042665592352, 43.13798201578567;
  0.3745338235778353, -2.039481581327719, 47.90834506330874;
  0.5028238935870126, -3.685781493064646, 59.54160961959247;
  0.8227191924958612, -3.614390866877119, 62.02207163795092;
  -0.05028780305253226, -0.03399845842854263, -3.506877367875699;
  0.8549446770073504, -2.500667615230655, 40.65551311539588;
  0.5629669672604429, -0.4999107697385282, 21.91980138081881;
  2.041678354847127, -3.977811992060467, 72.37927893272423;
  1.145878950793261, -0.341171471126987, 40.25635027286961;
  1.908196707151534, -4.003992055600572, 60.19745691911658;
  2.618861943121164, -2.151475536206605, 76.05089873953982;
  -1.952232649567409, -0.6934889393474624, -54.15378006622499;
  -6.430307463127996, -2.110867496714989, -153.1211171133708;
  -1.016705392795838, -0.03067821006060096, -23.61259245356865;
  16.26639357756793, 3.715551156456193, 333.9020426395556;
  2.93288419683791, 0.07896201362065446, 59.64653290454749;
  1.240232783528908, 0.9132139075619896, 25.54945697750898;
  10.52956541187719, 1.329931014625095, 204.7412753983924;
  4.546335356143489, -3.79970702703368, 83.96139827901563;
  1.309092031910173, 0.7325409164489906, 24.73519825939736;
  1.399743096366642, 1.176295506770282, 25.72305967984192;
  2.146349301658007, 0.428077189641411, 36.69050990381724;
  0.7639712199155393, 1.010977569396743, 13.87080439614361;
  2.286140753218596, 1.13356705589926, 38.42348504960425;
  9.971827684988037, -4.173200326945654, 159.6964549761473;
  6.008172804366049, 1.63942484216594, 95.65174019880622;
  4.010070667009313, 0.8566954070321514, 57.46883800334416;
  3.497687899861733, 0.248011129512724, 48.02910110533661;
  1.618464196289533, 1.094853205761708, 22.12359654438103;
  3.815707786582769, 1.056905868202253, 50.70214368550065;
  7.418269427825418, -3.472971611376596, 96.55524389122068;
  4.022814402873902, 0.601626854683299, 52.19609709213471;
  4.084361819500457, 0.2851528790689948, 51.17003370193335;
  3.492946965325285, 1.258719444023565, 43.52708045461112;
  4.81448621818126, 1.071781858532758, 59.68187818952059;
  7.486311759381811, -0.2343924103692924, 88.58408131645307;
  2.183573461140081, 0.1292438938217456, 25.05875916698751;
  3.161157641215548, 1.033684182305053, 35.76481846236479;
  4.350856887726045, -0.008776191338305706, 47.33310747303592;
  3.318833188511992, 0.7096768122775348, 33.09066196077519;
  0.5149531904184731, 1.050023779731911, 5.748118226806967;
  22.08062461249406, -0.8313718191614498, 208.1907337049608;
  3.196106121192428, -1.373268281295329, 29.60888238965135;
  3.139607318817742, 0.6931285749604468, 29.07431463447872;
  3.233178860257738, -1.809206806979897, 29.16833992724327;
  3.223893540609638, -1.902614707400422, 28.50087013757155;
  3.351817612875371, 0.5846503733051369, 29.3252033662914;
  3.659019964526162, 0.4684315351979018, 30.4550592882427;
  3.489803303814336, -1.94852901013817, 28.36820670800198;
  3.606203618471763, -2.213885290219079, 29.0483226288525;
  3.158856768172878, 0.5557647093168265, 25.36840341330993;
  3.646323899470484, -1.847747890269494, 28.60624761768795;
  3.566403397688272, -3.280272568469504, 27.94907468043326;
  3.515487797671903, -3.105869681860123, 27.52059713729687;
  3.692378113564161, 0.4234345277032943, 28.78208415723697;
  3.822009009137273, -0.4115160715632348, 29.5362005560513;
  3.79469923095235, 0.8313163339993197, 29.28612493202129;
  3.709710134422727, -2.533305293178396, 28.41448683229359;
  3.833751547098518, 0.4155585857752948, 28.94269360870563;
  5.683056275267725, 0.9152152048978121, 42.23735859550887;
  3.3821243639158, -2.977540060036532, 25.39350226275458;
  3.711691450474604, -2.770941297874554, 27.37450074945924;
  4.130868231622781, 0.8311737472063581, 29.96558868302834;
  3.929544948452973, -0.3500776064758612, 28.47371441261973;
  2.70923691170136, 1.061768438104971, 19.70512102181291;
