m=[-5.751124699696677, -0.7892203302846876, 14.05350858104069;
  -5.682339318824814, -2.036661745226418, 13.96211719459132;
  -5.555676319485429, -1.771048060194813, 13.70957827580769;
  -5.722087518841675, -2.278479105938073, 14.0985164400479;
  -3.522022890446896, 2.114201200652735, 9.462305242969068;
  -5.836937720963276, -2.309620762886537, 15.45928841063227;
  -2.934417820378503, 2.151841877808614, 9.237573422848202;
  -2.922235167350155, 2.171608597643667, 9.979227339183641;
  -2.663199995755361, 2.286236672307495, 9.432962827599363;
  -4.635300505881154, -3.889126639010612, 19.16415511033901;
  -5.515230800939066, -1.644873321774522, 22.74593728736297;
  -2.114307221305772, 2.307611296631082, 9.530183347327238;
  -5.620739144975445, -1.426938124762192, 24.36336058775893;
  -2.029816011905421, 2.364397039784162, 9.780766757332883;
  -1.980583964101131, 2.335904860135862, 9.855219509676932;
  -5.049119266925145, -0.8610418341673746, 24.19366207973469;
  -2.027302122106019, 2.351828272034213, 10.38003621018386;
  -5.629116526784046, -0.6694729831137797, 27.03051899140318;
  -5.784704746021488, -1.062186678813397, 27.94847211994162;
  -9.263243985691137, -9.672475451393842, 46.43618472241812;
  -6.185751289428761, -1.72209050470018, 31.39604089152038;
  -5.998972774885282, -0.7447449737601453, 30.65364567888531;
  -7.670659201951835, -7.822303693850347, 40.20844438119423;
  -8.45833787641822, -8.579744040924368, 45.07778489406358;
  -4.665822969302808, 0.2396706660214142, 25.35454076437921;
  -7.187414274196988, -5.608900172828998, 39.24307615459693;
  -5.811253597057339, 0.07215179528153522, 32.14985127511214;
  -7.122209220440607, -5.2963407043539, 39.52218556714861;
  -7.742364870762489, -8.554049807073046, 43.66845899710181;
  -8.362213289553013, -8.428848708749316, 47.8596461316827;
  -6.361827197058374, -5.121296830702577, 37.424808077749;
  -5.881245813839559, -0.7609051905604424, 34.73539741281559;
  -1.714003660724381, 2.390095377481186, 10.88753175074521;
  -6.006398563291274, -0.9249654629575427, 37.27362604157504;
  -7.225176038230837, -7.353750725977818, 45.15872625352721;
  -6.814801845502781, -3.607055613464636, 43.14079009004698;
  -6.818562864997694, -4.703431459022538, 43.24065705976544;
  -5.680140507669499, 0.9099428593585925, 36.17688546411488;
  -7.775765895790588, -8.218965530142627, 50.93388072381826;
  -8.457363374438835, -9.509966677625098, 57.83128282487985;
  -8.526201569424893, -9.329813460050303, 59.60044519221214;
  -8.056312234753062, -10.06865844676192, 61.06956501279105;
  -8.585990235837754, -11.04622246217052, 67.26376350101567;
  -7.824541169680281, -9.697458189278025, 62.75849372224751;
  -7.849917454585511, -10.53850599570825, 63.96364185873961;
  -7.603869218786608, -10.49906065303457, 64.54676106515413;
  -7.69451320514157, -10.59063384765644, 67.22700540803234;
  -7.379902758697714, -9.847131020243541, 65.25735398312685;
  -7.343638644839285, -9.736715969885402, 66.52169751088371;
  -6.032494525598491, -4.473949794616514, 55.06481062003405;
  -7.665802660592505, -11.06241395994308, 72.6015275497827;
  -7.173435363620981, -9.757356293044367, 68.10230568209018;
  -6.907141964094318, -9.060725387942879, 66.3752495479953;
  -5.082313317915514, -2.413941632447662, 49.20623079800761;
  -6.199456110376019, -3.316435088555742, 61.20814516068465;
  -6.411512465264236, -7.816981341425747, 65.11013566261023;
  -6.543501821920722, -9.257825661212495, 67.14466865972554;
  -6.384546465066809, -8.237688613331686, 65.57237034716759;
  -5.903893713287327, -7.379296385155581, 65.02751536838414;
  -5.406984006241026, -5.510325462076876, 62.56161954429435;
  -4.980283564674711, -6.663827920144281, 59.91614708650796;
  -5.09553479799776, -5.205547103799558, 62.60346088465967;
  -5.050571550859317, -3.978647756834665, 63.87349863113914;
  -5.297293275881884, -5.922178417147284, 69.88885131729427;
  -0.7357634742615067, 2.260308961534629, 11.05142037631825;
  -5.035048013006425, -6.823243305766492, 70.21415529560511;
  -6.724651732323832, -8.272772785032084, 97.95010248730736;
  -4.560878262891084, -5.358356468081048, 67.86737621159396;
  -4.742382436786715, -6.760834619311927, 76.16011428393213;
  -4.60539291191376, -4.106678015665615, 74.4962697662897;
  -3.984171767920833, -6.711601164727619, 72.05069355981847;
  -3.779083324917224, -6.822799702486267, 74.3517668768593;
  -0.5146186055886957, 2.220069745480199, 11.05325730863078;
  -1.54365538842487, 1.374666483549069, 35.49856426960771;
  -3.597714907603748, -8.993645107085426, 85.70214449373351;
  -2.472040082905656, -1.355486541712613, 58.90298358430914;
  -3.144902917458738, -7.556267211898305, 78.42023914118801;
  -3.182050272700181, -7.495207548445124, 82.54886813855659;
  -2.614176592712952, -7.436067251509724, 71.65501327839979;
  -0.9446780438376085, 1.364006331193912, 28.28552937316653;
  -2.726428119447027, -8.761429074830724, 85.65669554753656;
  -1.202661775439414, 2.177698797093662, 43.6112665330793;
  -1.620875071345642, -3.156023203537361, 60.71920757554086;
  -0.8955863050106281, 1.965053153157768, 35.58133481268801;
  -0.8300449601699381, 2.134439245432729, 33.43554299658666;
  -1.485729981336983, -7.027786428633475, 74.96331619686508;
  -1.470644449074618, -5.510574910580285, 77.56733530844342;
  -1.437117891291275, -6.495255615614595, 94.47999465039268;
  -0.3848239071011035, -4.389585230281293, 57.88817637332107;
  -0.5521042017250111, -8.572740879716678, 103.0496835947462;
  -0.1291924692018383, -1.726258016763191, 55.25437303507225;
  -0.1584711139023804, -5.040827018305253, 72.05184919855005;
  -0.0938026425623336, -3.942071703370674, 62.48065003982271;
  0.1593815633811488, -4.130538375868478, 79.33201488259996;
  0.4387782079147473, -2.389317111019583, 56.12613993104776;
  0.6044038520200595, -4.430379225260542, 71.57014348071908;
  0.636627626177624, -5.213172516211075, 67.38472165553247;
  1.005150690030963, -8.045049055322993, 100.7077758996293;
  0.7666026404947504, -3.367858204355732, 57.79163087513231;
  0.4111969617140241, 0.278001065072842, 28.67528965756932;
  0.6545968938481005, -1.914661027198197, 31.1282979108016;
  1.838474692161257, -3.581909295466035, 65.17553180635916;
  0.4496617843162502, -0.1338813077581696, 15.79725526961393;
  0.7848108623645003, -1.646778052954133, 24.75825364323407;
  0.8140336098049449, -0.6687536170990376, 23.63927116985628;
  0.1644148342674749, 0.0584048571538876, 4.560770344927189;
  -0.1679245763742104, -0.05512435170487567, -3.998688845385438;
  -0.5217638231988102, -0.119180700223362, -10.71030314806602;
  1.422765140921393, 1.047616972506457, 29.30972091677767;
  -0.3885567888425021, -0.01046111076804819, -7.902141283302934;
  0.9179744116872363, 0.513679558367546, 17.34505941267199;
  -1.222495112073992, 1.021729129943063, -22.57695285507106;
  1.947531158107508, 1.636637577655126, 35.78975337573593;
  -1.074497535603412, -0.2143024366827969, -18.36786884652472;
  -0.9909772149163608, -0.4913691873059295, -16.65549163944956;
  -2.161742698622386, 0.9046872470775295, -34.6197965354211;
  -2.118666314093157, -0.5781115658092265, -33.72974220986709;
  -10.3178354537928, -2.204260966395896, -147.866225679609;
  -1.883953332401546, 1.392515150983288, -26.71098316267206;
  -0.7897490897036098, 0.5138405149973243, -11.13658870821265;
  -0.08074603517675487, -0.005725472358083398, -1.10877802662517;
  -3.97463312380905, 1.860782779451074, -51.73331521338468;
  -25.54696073930544, -3.820642986990877, -331.4723249984194;
  -5.683821002680271, -1.265309726054519, -70.45842429706825;
  5.262898847814581, 1.89653984942669, 65.5831948917015;
  -5.285543896238516, 0.1654875476431334, -62.54282019704964;
  -10.98425861681001, 3.089375476480954, -125.0140931107023;
  3.360300098815471, 0.198893363062653, 38.56291185232503;
  12.81998365300891, 4.192076392124815, 145.0431898942063;
  9.493623982908138, 2.030052257062229, 94.65685201911927;
  0.8320038947041027, 2.080478357469801, 8.916464409932575;
