m=[-3.314891149975747, 1.824422443013086, 7.589922490562519;
  -5.16848745463028, -0.8244702915527727, 11.54095745436768;
  -5.157138828946668, -1.949984247312065, 11.56000330394301;
  -5.150925895258383, -2.152123528703459, 11.58654920387786;
  -5.186951824417745, -2.163081810053448, 12.62362462728459;
  -2.685550284346266, 1.880424041064418, 8.10981997321543;
  -4.61441507366748, -1.534730654433327, 17.79824171919734;
  -1.963289449655546, 2.016931825962108, 8.421733308366939;
  -4.890398868900904, -1.351004370007565, 19.87141115722115;
  -4.610231894818587, -1.067326625375935, 18.92135732080402;
  -1.883331531516962, 2.041391252198078, 8.501207058556551;
  -5.131050008123268, -0.1155751108910567, 23.11293611948067;
  -4.912708711796286, -0.8030601010098729, 22.19883684238217;
  -1.702028450038265, 2.030059298816086, 8.626059434766834;
  -5.093075781837043, -1.657546019549911, 24.46990742522044;
  -5.1419699782638, -0.8661482219894724, 24.81158839912666;
  -2.306289184375744, 1.824995775558219, 12.05134121772337;
  -7.962613465771297, -8.320265619589238, 39.60443827187365;
  -7.49219072156499, -7.795403173378073, 37.9969637551579;
  -1.538604787763078, 2.004733213524689, 8.655699514304585;
  -6.632711800296487, -5.406580994575333, 34.37861385515325;
  -7.001154224366304, -7.588076025930977, 36.62820873185267;
  -6.578654334248952, -5.14449033369405, 34.69292874163109;
  -6.34873777436808, -5.346398413431087, 35.34753251635458;
  -5.442422967809745, -0.989081023805473, 30.39710611156721;
  -1.422356804388286, 2.017288349426069, 8.734783536621263;
  -6.043806511656249, -3.77915885478074, 35.08624683679729;
  -4.554688973260577, -0.9572180008723085, 26.76586317272152;
  -6.352915588683232, -6.661717027611363, 37.65257392419224;
  -6.633879758855627, -1.720496177074592, 39.3786827517493;
  -6.10984587309679, -3.515193035075537, 36.70482484469949;
  -5.101497995049389, 0.4838614983764313, 30.75545436531741;
  -6.113965691277284, -4.477304519463215, 36.78531050410083;
  -5.912564378639791, -1.128386062887224, 36.37206509326425;
  -7.104082914280386, -7.748561074470858, 44.24728349698244;
  -5.848150228530932, -2.431142061187358, 37.65461661363477;
  -6.208548711844027, -4.403497495710812, 40.07790236615891;
  -6.983385382015709, -8.114803373877221, 45.56868915928534;
  -8.471262124882811, -9.561437603555264, 56.37827633756504;
  -5.850228146040455, -1.39639098987281, 39.38897719154112;
  -7.121048313305875, -6.824327928131909, 48.92448988427744;
  -9.87479269335517, -12.68518769183684, 71.18921552712538;
  -8.385580410566231, -10.68636269197457, 63.82972606187269;
  -7.762521647953222, -10.66434814146677, 59.98472475007142;
  -9.113477403183605, -11.50117084268174, 72.74624582266017;
  -7.792422507874332, -11.00159431297762, 62.64776950423852;
  -7.604160559660016, -10.71199846076145, 62.91189658251122;
  -7.495478447211071, -10.27234010749785, 62.76052748013872;
  -5.892107047807458, -2.035162816122533, 49.69154753315012;
  -0.8583809407558782, 1.806597862654637, 8.30163832830131;
  -7.332701035567135, -9.995923561925871, 62.86619523053805;
  -5.787924158904742, -4.594190113781486, 49.79135607224544;
  -6.897811445070468, -10.12450125441301, 61.59948885517851;
  -7.40704912617919, -10.35692358166243, 66.4741463147559;
  -6.595911549158766, -3.084178521587218, 59.69421061261416;
  -5.808708462322211, -4.322636347680509, 52.72139257229492;
  -7.026183031074258, -9.493865826963766, 63.75004880589258;
  -5.766825343684329, -3.513611850474822, 53.80461823748172;
  -7.004870612806506, -8.844868716979406, 66.96389194797513;
  -6.546638297370572, -9.521953691237842, 63.31725239216452;
  -6.683477203322831, -8.912942667297211, 64.64369270623966;
  -6.334676579303278, -9.014830994075872, 61.70506937843786;
  -0.8156869424542339, 2.001752375855089, 9.044657984951623;
  -6.286076672864193, -8.165175139348921, 65.03515280695771;
  -6.702557396428436, -7.351718585801832, 70.23160690220342;
  -5.747294733009788, -6.885145576108024, 60.61838502935044;
  -5.911395187629307, -6.399903976920217, 64.13537131765379;
  -5.816919553906361, -8.051434526179477, 65.28351111900936;
  -5.627374018641695, -6.128083220573341, 64.65861481852423;
  -5.150350768199021, -4.49775232477023, 61.02139469754715;
  -5.03581124886462, -4.868268230339706, 61.59418818614679;
  -5.80129277188782, -6.832214344662063, 71.31222879589498;
  -5.529380229137799, -7.77890658337909, 71.61033686649971;
  -0.6211398259685661, 2.007842121626975, 9.392886549583599;
  -6.379073775080353, -7.86026412562457, 87.81906373600828;
  -8.379585746378821, -11.25431995764869, 123.1243725919676;
  -5.561507021859844, -8.214375922300128, 82.3482851039801;
  -4.053710319349202, -4.004932403005547, 60.68219072101588;
  -3.892755159706177, -5.946700285366543, 62.41589655275483;
  -0.5314627085145643, 2.015665847569997, 9.61416638050725;
  -4.684415012425065, -8.677569463163566, 83.99312490038849;
  -1.609025087112276, 0.9896315773741161, 33.05375151511689;
  -2.375539309859628, -1.698998305126961, 50.72175883316955;
  -4.759270098636299, -11.7964628916623, 101.4828286967946;
  -3.990062892772385, -8.48128598853139, 85.57775448482315;
  -3.17617620986034, -7.450701170237048, 73.15298358991616;
  -5.590425444368242, -15.71753612221268, 135.8228278307916;
  -3.912929460479846, -12.13381009113002, 106.8395511904047;
  -1.710192829412589, -2.201396724320837, 48.44716940731416;
  -1.079958258211469, 1.355183405529705, 33.40827135433368;
  -1.918573918526341, -3.838154662206271, 60.96720752729149;
  -1.057801873078095, 1.620250130768301, 35.0485907411753;
  -0.9320038105045716, 1.728996061098486, 31.26332061120457;
  -2.598703655000461, -7.631896604174306, 85.89201969331081;
  -2.290898202434325, -8.05935191809226, 97.97167966116517;
  -1.535101968615588, -6.286726078726316, 78.86357779494878;
  -1.689216341058674, -9.127052767473501, 99.88726453534217;
  -1.640357229143975, -12.4287117175276, 143.5394779219614;
  -0.8609212834217918, -8.372626710699771, 89.1214552871854;
  -1.580931516362595, -19.85956449814395, 218.6628259101802;
  0.2656640282681665, 3.253172822291614, -44.04015729450931;
  1.065712188068028, 6.685118700992467, -159.3479397829049;
  -0.9395596842571514, -11.38793092801127, 140.8913302052867;
  -0.205104438003548, -6.477592815022876, 102.6327114049578;
  0.07005053224996323, -1.472203901329695, 33.10874214655965;
  0.3256541899207979, -4.92028913228228, 92.44545305587761;
  0.5407744462340041, -9.409043959891125, 129.6165738138493;
  1.069935758427752, -8.303497153519711, 120.2356923235096;
  0.9278672284253523, -0.06917747591685715, 91.25063616660636;
  1.896886070953522, -8.434062597496434, 116.7291488811134;
  3.281328528733221, -8.92947534860838, 135.95280608593;
  2.217120490136602, -1.706881362020354, 90.90886377294268;
  2.736705377264463, -7.693652445090638, 99.93425865151173;
  2.805609357460314, -3.573985671230701, 92.21977627759544;
  5.826659864895487, 0.4529904660257276, 182.5639273658726;
  5.933566489667259, 0.5284894906730984, 155.5635866343023;
  2.712117716679919, -0.03676736281910084, 71.13533132927269;
  1.837303598074252, 1.65921834896326, 46.19533028899154;
  3.980334233860804, 0.07737409880615861, 89.28324749317537;
  4.93809851360527, -1.007043291326036, 109.3579607943429;
  1.679857534649529, 1.748815006978841, 37.57969499366658;
  2.252375024548145, 1.296199131150202, 49.91623011940322;
  6.383597720477267, -7.106523901116104, 127.8505997061218;
  2.964848980297433, 1.19732233839775, 59.84153551271129;
  8.53121557451777, -7.058262104172571, 167.464022211624;
  3.35806714142552, 2.365575026343114, 65.19760447996063;
  4.645484553705693, 0.1105279400474335, 85.70754248480203;
  1.795172260773098, 2.177945007614308, 33.67379185652168;
  1.768225344030201, 0.5896869650510137, 32.13355550969494;
  7.673111608497388, -4.798019940646785, 131.3449465831399;
  12.58399407163586, 1.483788633300757, 211.9734274585188;
  6.528130966560564, -1.38161744912136, 106.0507885893564;
