m=[-1.871740379759203, -0.3152886167767432, 9.03172365628849;
  -1.93744881369326, -0.3655121846394671, 9.700279367314153;
  -2.607244030736056, -2.712760412314417, 13.22274894198586;
  -2.333615625398201, -1.902220730947176, 12.09557612141847;
  -2.405820447735434, -2.054103484307585, 12.43564487997917;
  -2.540065663306486, -2.753004825539461, 13.28895955246907;
  -2.354133192679899, -1.840925946043443, 12.41466277940202;
  -2.418685137728433, -2.739232729220797, 12.9661851397326;
  -2.900777804570789, -3.015570668719276, 15.82340477809557;
  -2.200538932835559, -1.853117623900664, 12.25182457463386;
  -1.825714248548627, -0.3836939368241301, 10.72890334686415;
  -2.222990773375994, -1.627913393521523, 13.37485520454461;
  -2.267753622892863, -1.304712411087367, 13.62350233509673;
  -2.170389882390195, -0.9022555724564143, 13.97453822660165;
  -2.228830184729234, -1.580828079531127, 14.38771646647753;
  -2.610255879141728, -2.501491537743519, 17.93351649023699;
  -3.122382361777788, -4.011021551012872, 22.50983466825261;
  -2.976520963396269, -3.926188183198313, 22.16879606657457;
  -2.908614164912697, -3.706661241731863, 22.13991593618548;
  -2.853929429140359, -3.920800273910388, 22.05368036664373;
  -2.683076954956749, -3.30570855754512, 21.37980790067055;
  -2.904894921040722, -3.665965392667439, 23.18765830715782;
  -2.732776795376299, -3.858222731155577, 21.97036551987062;
  -2.661868312830581, -3.749780011360743, 22.02257339244668;
  -2.628869489019301, -3.60279089315216, 22.01183513090929;
  -2.101182463197461, -0.7257587793791838, 17.72048732289258;
  -2.261145258114315, -1.794793937420637, 19.45179058793056;
  -2.595555835601357, -3.538256586152381, 22.25274412541993;
  -2.383560046528905, -3.498552674746838, 21.28589360422943;
  -2.215621854626057, -1.036001360095322, 20.05178460054197;
  -2.179099741789427, -1.621609314734738, 19.77809244279717;
  -2.150767803412569, -1.175234069889976, 19.57242273900805;
  -2.499722054155391, -3.377655503976397, 22.68050835692612;
  -2.213945693984754, -1.348913026334641, 20.65616622043595;
  -2.393705664843524, -3.022470152970934, 22.88291338355166;
  -2.307780060023225, -3.356619666910455, 22.32020250527427;
  -2.285434415352438, -3.047806597406639, 22.10509822235288;
  -2.175562887018424, -2.825904443045724, 22.50816720215434;
  -2.190373575335486, -2.402517303652461, 22.95145670724257;
  -2.059495740460799, -2.467235220251378, 21.72209910247303;
  -1.952118083099733, -2.113438179466084, 21.1794025169408;
  -2.0162944557778, -2.790835019420482, 22.62894996279776;
  -2.114972640387967, -1.886025404071706, 23.79364574175116;
  -1.960319575319427, -2.134743746671395, 22.52410234718793;
  -1.913535718602563, -1.671072537431293, 22.67158560804831;
  -1.838363423511306, -1.777200496249026, 22.48545409397821;
  -2.325246799770497, -2.738455920938091, 28.58303111259746;
  -2.055354019483945, -2.891536890352614, 26.61864216527394;
  -2.263945778423332, -2.78962313526088, 31.16715774426376;
  -2.898317368103514, -3.767557524275011, 39.44795784288284;
  -1.938815442526684, -2.863640884795455, 28.70770929491605;
  -1.745049021646645, -1.72405101032177, 26.12258627451317;
  -1.684593916157554, -2.573440843553336, 27.01054530545567;
  -1.876085477062657, -3.475324454144739, 33.63883886905065;
  -0.6807637467210831, 0.4187040375459902, 13.98473889863502;
  -1.008070397816453, -0.7209772914429351, 21.52399810547642;
  -1.637955720834351, -4.059883864238945, 34.92644384230188;
  -1.481281448574053, -3.148614929759522, 31.77011078161591;
  -1.360065546856104, -3.190453328786014, 31.32472698507799;
  -1.375663088363225, -3.867690303450078, 33.42258163771083;
  -0.5531656590016294, 0.5553416016691499, 14.11021636071873;
  -1.254790482710348, -3.891046228954411, 34.26109603169915;
  -0.9095762375058086, -1.170825953265817, 25.76691546674716;
  -0.4282157055264995, 0.5373455998917646, 13.24675873316528;
  -0.3608222760077995, 0.5526765973523591, 11.95527499426456;
  -0.7730127414726635, -1.54643114293301, 24.5643015239172;
  -0.7930234570846645, -2.328958524189225, 26.2109095287209;
  -1.09755395407125, -4.710920561579729, 44.77648241515654;
  -0.7634388408478764, -2.685768525111867, 32.64893458686261;
  -0.6069439251076599, -2.485626544886767, 31.18084038291388;
  -0.6143013162375399, -3.319148881140089, 36.32505593746011;
  -0.4920414819546781, -3.72811581747417, 43.0560954534152;
  -0.3464087850590297, -3.368892722780227, 35.85978839554506;
  -0.1786676546772357, -1.120766462951448, 26.71483257620738;
  -0.313910160518763, -3.804747357178222, 47.07228377451205;
  -0.07766388850303624, -2.452775040125182, 38.86242312894787;
  0.08589815214654653, -1.805262439061966, 40.59897446799844;
  0.1415629021450694, -2.138865184348241, 40.18632963969739;
  0.3263032472872486, -5.651312177843522, 64.24033546394786;
  0.5458550642625909, -4.236241229098806, 61.34131048797752;
  1.147598446241696, -5.102529498530577, 70.62005037537314;
  1.544938202641419, -4.204238458541585, 64.01025744275012;
  0.6389289349462137, -0.4918884181382558, 26.19808159548333;
  1.41696575982745, -3.983491307932884, 51.74229711364662;
  1.498802072240796, -1.909281174856239, 49.26530182076418;
  0.9256162147959171, 0.07196152344974635, 29.00188707166054;
  1.715628500028514, -0.02325825871620257, 44.99871116835993;
  1.041145748812528, -0.562525923731769, 26.8582910965817;
  0.5489897909293777, 0.4957775815919972, 13.8032520830246;
  2.250184973983816, 0.04374156145683264, 50.47410848780675;
  0.7417371527798043, 0.4268556712343602, 16.4380806938202;
  4.434328204604666, -4.936504578026619, 88.81065898527366;
  -0.3870410402066049, 0.320216630676834, -7.597445966266376;
  0.8180080950741703, 0.5762420581717481, 15.88180521650081;
  2.080504809399015, 0.04950052210553958, 38.38457587791559;
  0.7169476012966813, 0.2390954617501644, 13.0289250867202;
  6.756115555046243, -4.224619529647864, 115.6482118290006;
  3.798186398446054, 0.4478471440060987, 63.97925685769783;
  5.041714047600088, -1.067031304568717, 81.90364950225987;
  -22.0686206664986, 18.80826163228248, -330.9009699241177;
  2.236930193103075, 0.1524178712034326, 33.74889739117329;
  1.887312820418797, -0.004894278011376857, 27.93482879712668;
  2.237140854674488, -0.177724211472328, 32.22075335960636;
  8.248998457369501, -5.263182608281963, 113.5313126649035;
  2.245367666583563, 0.03518672351370115, 30.46309728286467;
  -0.06654060920813397, 0.215093337089566, 1.006228174562115;
  1.978531048840157, 0.199683109548885, 25.68163676092152;
  1.864876259903285, 0.455757211290764, 24.19339509819284;
  6.566686411518953, -1.02769637353187, 80.9882545235769;
  2.104852074687873, -0.1430727863931421, 24.76283312630858;
  1.780296578163475, 0.3882059517113373, 20.84962664689483;
  1.569927559150508, -0.02957712228850816, 17.39127407450671;
  5.815548753583549, -0.8207456702620881, 56.90066411827812;
  1.957506515207503, -1.070990882260905, 18.53539929050172;
  1.967635338552478, 0.2489153020388866, 18.60239862235862;
  2.555002551809671, -0.04282856127501473, 23.17909800503232;
  1.920000006134165, -1.366391121926467, 17.36349055914261;
  2.036353908398351, -0.7410571203307156, 18.20864238054983;
  2.012948109821023, 0.1747035771107877, 17.97375306919474;
  2.029603757038107, -1.491074370436232, 17.829782114982;
  2.005650135627597, -1.524099242433316, 17.23697782620759;
  2.135479146504965, 0.3196255661904848, 17.9078641999668;
  2.070789564068363, -1.381554299393262, 17.16336820159679;
  2.232875566011951, 0.2096803307284668, 18.13342773251655;
  2.227838988903893, -2.308395307360156, 17.735614516543;
  2.165997382770881, -2.162960746601989, 17.24535093094083;
  2.242303265997705, 0.08044058347891105, 17.75610464170255;
  2.437293184235588, -0.4737577869215542, 19.13869156182138;
  2.264420915694944, 0.3220448712352503, 17.73471887674704;
  2.198585814167685, 0.3923404910812554, 17.10529077473963;
  2.274953342456684, 0.06776333004720749, 17.45422232880533;
