m=[-2.725487583634884, -0.4347661791632725, 6.085868742306473;
  -2.822944911461495, -0.06358584902992208, 12.7160221210331;
  -2.773396437601689, -0.4533556035945957, 12.53202227718743;
  -2.835568610926667, -0.9228383133358509, 13.62361456601168;
  -2.854389173314045, -0.480812629747548, 13.7733066506749;
  -4.165191059173727, -4.333758283401862, 21.12394352871907;
  -3.812934910397316, -4.132581436547337, 19.94827871280639;
  -3.594825126561859, -2.811143765167786, 18.95752620792981;
  -3.721788629222813, -4.215036122470936, 19.95191505694565;
  -4.395013569117054, -4.568938023025741, 23.97428668951488;
  -2.965552292505693, -0.5389458913739347, 16.56324917189865;
  -3.428575835179727, -2.887271936090884, 19.08910087735759;
  -3.399096379090243, -2.125436205563072, 19.73285120045011;
  -2.790712676483991, -0.5864989738872752, 16.39976606342832;
  -3.536034125614428, -0.9170701635048011, 20.98988391311302;
  -3.353323183213908, -2.455664588508318, 20.17561771586477;
  -3.573085065263546, -2.055712041845784, 21.4652651146561;
  -3.428204827991113, -0.6542573240475719, 21.08913851444966;
  -4.368104275613791, -4.575256645799623, 26.81091030442802;
  -3.431515676810153, -1.426519800195458, 22.09457728763274;
  -3.501633697817782, -2.483581257858473, 22.60401584600125;
  -4.457424604243037, -5.179597321159751, 29.08603565897898;
  -4.64481278796004, -5.242558546479857, 30.91234045593763;
  -3.502063509133197, -0.835907559165152, 23.57902909785461;
  -4.08353468509623, -3.91338164985155, 28.0555393817204;
  -4.906264795383478, -6.302602163706243, 35.37017462520818;
  -4.668472988348057, -6.157962166514885, 34.77026598963069;
  -4.553435342986199, -5.802778005478624, 34.66003739192966;
  -4.47127436297902, -6.142749560691555, 34.55167973876982;
  -4.164437648163603, -5.130832026813563, 33.18387002190674;
  -4.233659952042877, -5.977218150634083, 34.03682905629031;
  -4.188114432363216, -5.899806428465709, 34.64974469928048;
  -4.133961962678209, -5.665477336925771, 34.61415241038421;
  -3.282933911065995, -1.133941554248483, 27.6868809691146;
  -3.532314914432629, -2.803790411400303, 30.38718974802531;
  -4.049718352854243, -5.520568056178557, 34.71986425797829;
  -3.435492977615382, -5.042563607077359, 30.67996466298026;
  -3.92729035702373, -5.491342830026012, 35.24524670568653;
  -3.559725901402314, -1.664490205185202, 32.21617301835845;
  -3.409062829073105, -2.536904544626901, 30.94156659453498;
  -3.874851596627654, -5.235747630695401, 35.15735034343899;
  -3.605505870680301, -1.970139841078415, 32.81083386917031;
  -3.571967518319003, -2.176328682404395, 33.3265422873121;
  -3.699911740913538, -4.671782738279527, 35.36974538581995;
  -3.599035118453919, -5.23472417054433, 34.80885984718873;
  -3.661773458797502, -4.883262994099311, 35.41727622152798;
  -3.41375990318284, -4.43423600184536, 35.31843604583371;
  -3.577665259230058, -3.924172017396611, 37.48795649967963;
  -3.284970804964032, -3.93533014333469, 34.64754015863794;
  -3.252022592104852, -3.520764838020056, 35.28264814954589;
  -3.242122818760966, -4.487553826244058, 36.38646866718946;
  -3.357851873817578, -2.99436210955808, 37.77615672807705;
  -3.232081403625915, -3.519663656880564, 37.13666549386495;
  -3.2018392997035, -2.796135797721187, 37.93541614130606;
  -3.099325530985899, -2.996209999209408, 37.9085773019621;
  -3.386101308957951, -3.987830100154245, 41.62355543244047;
  -3.222903869694658, -4.534082861122937, 41.73943954531911;
  -3.606186142326505, -4.443525277225132, 49.64543472032381;
  -3.56372197776432, -5.263636617351511, 52.76742298495146;
  -2.780438205591308, -2.74698145325662, 41.62188913064177;
  -2.543666358639526, -4.420253163649763, 42.17696180784105;
  -2.975136824367727, -5.511244496354238, 53.34519640596448;
  -1.112865629781686, 0.6844684880475326, 22.8612868072399;
  -1.760746655733176, -1.25929534040226, 37.59490186827734;
  -2.548536985139235, -5.417175519330456, 54.66030944143775;
  -2.03955345299682, -4.784401838861644, 46.97454121551829;
  -2.127075813002827, -5.980294569393891, 51.67861637857374;
  -0.8261915854024415, 0.8294415079039001, 21.07459462771774;
  -1.968139120246796, -6.10310677950984, 53.73853590032754;
  -1.617032928301576, -2.081479310555117, 45.808090682698;
  -1.223138574155588, -2.446919024379068, 38.86811061335466;
  -0.5070182689642471, 0.7766070731192497, 16.79924781709581;
  -0.4277747612592378, 0.7935813876706669, 14.34936140807059;
  -1.28453970344582, -3.772447921020639, 42.45644142336362;
  -1.247452650044449, -4.388523198971439, 53.34808473495669;
  -0.9252507706890342, -3.789193335930759, 47.53338060003712;
  -1.017111895943249, -5.495586159722452, 60.14417605530245;
  -0.7879193259232601, -5.96993263697767, 68.9468895422668;
  -0.545232872856051, -5.302495597137648, 56.44180023777795;
  -0.6466960852061634, -8.123756457457681, 89.44624864053729;
  -0.4196880036651099, -2.632665886058841, 62.75279525222671;
  -0.3646237803568583, -3.729474166103033, 51.06049567788861;
  -0.4451405674552643, -5.395325193677504, 66.75089164420048;
  -0.3947823480934819, -4.83428341394338, 65.44460241934831;
  -0.04892234012057641, 0.1805617125725854, 17.66546449289249;
  0.0567925629747531, -1.193570271237843, 26.84248446055651;
  0.1972048659563204, -2.979556194360816, 55.98175531716488;
  0.7060486946895508, -5.47946293076144, 79.34331846694775;
  0.04265355786265512, -0.003180051392503169, 4.194742707253145;
  1.194457077838674, -5.310875502106466, 73.50360161643388;
  1.471528236488088, -4.004468006613871, 60.96871777190487;
  0.3894738621323903, -0.2998419252473297, 15.96964460579851;
  1.843969524208493, -5.18391959779759, 67.33487970924865;
  1.686387908231302, -2.148241416478325, 55.43120791239115;
  0.1337884182834875, 0.971150882564174, 4.96172508057571;
  1.957622785381471, 0.1743610812448017, 51.32407672540505;
  1.697029628559276, -0.9168967558041485, 43.77803570283425;
  1.735884200568411, 0.03374401941129222, 38.9377799935437;
  1.960017421769032, -0.3997130454235479, 43.40608187048021;
  0.8663554637560673, 0.4985711469665787, 19.19982162061387;
  3.607432796678902, -4.015965371538487, 72.24961011804601;
  0.7031355618996227, 0.499497315623846, 14.71357732949501;
  3.895048097623956, -3.222550191265404, 76.45808682694226;
  1.232240446451753, 0.4976270368637428, 24.87113540236519;
  2.556118463601118, 0.06081658544611337, 47.15947912054107;
  0.7349932237682276, 0.8917109835726725, 13.78698266118845;
  4.844593954705783, -3.029339280465274, 82.9276265828279;
  4.425793733446225, 0.521848818239912, 74.55110528203511;
  3.829182079811627, -0.81041033098604, 62.20582603142963;
  10.55320193603663, -8.99410008766891, 158.2366568899681;
  2.469796242449958, 0.1682846817219001, 37.26218199412008;
  2.160581000978206, -0.005602931305547821, 31.97957419229411;
  2.603984420895459, -0.2068672059351444, 37.50427229587119;
  5.327257667743786, -3.398998078567576, 73.31927130896698;
  2.776509797995974, 0.04351014938405, 37.66914850603179;
  2.46207207059877, 0.2484844537965817, 31.9580734572722;
  2.237510265734911, 0.5468252563838663, 29.02764706651076;
  4.808049536397534, -0.7524670378122066, 59.29863483851935;
  2.679370646252788, -0.1821244489098961, 31.52183899028923;
  2.338443196129971, 0.5099136725932519, 27.38626146469198;
  2.246710862534826, 0.1473096598518772, 25.599787987766;
  2.895744590256815, -0.01458955866195406, 30.76944844955865;
  2.548454671292665, 0.2897365541893917, 26.10431529608475;
  6.85668746189087, -0.9676810882583599, 67.0874042613176;
  4.767907547013948, -0.3925987527238286, 45.09672308181511;
  2.528613674082584, -1.63178845563829, 24.40931940416121;
  2.853768615233377, -1.56135376472721, 27.02199985293314;
  2.677213855020165, 0.338680385683296, 25.31088883828676;
  3.482989919260529, -0.05838406974257316, 31.59784111835729;
  2.724387342801182, -1.938843055207912, 24.63795508075139;
  2.973685307719098, -1.082164874101536, 26.59005986004677;
