m=[-1.83255940060539, -0.6463912052801327, 6.825211118030159;
  -1.765851144060414, -0.7076183632767038, 7.987177014348786;
  -2.707352556328555, -3.021442497787747, 12.83336058380532;
  -2.694960836414067, -2.992398492452201, 12.99333988307622;
  -2.378483444072575, -2.118383511986859, 11.69732046806606;
  -2.566630441472047, -2.965330952985368, 12.74857599719112;
  -2.351741607848189, -2.018748625589498, 11.76333437491346;
  -1.840160423976233, -0.4994184297755226, 9.733977826144423;
  -2.185421988597595, -2.017024659914402, 11.54083120631053;
  -1.835943250740389, -0.5647861165314306, 10.16476317795403;
  -1.750673813882037, -0.02643718240981704, 9.985254191189135;
  -2.245643038323452, -1.502512115810321, 12.80509921877697;
  -2.281586265750192, -1.712012420863599, 13.01299050043057;
  -3.313092459604113, -3.912935439318389, 19.67218429289748;
  -2.161265643337171, -1.127978388060225, 13.2138300729094;
  -2.240780675122869, -1.80399429918287, 13.72134459630498;
  -2.22877895736805, -0.7869097142764421, 14.24596561482402;
  -3.372699647476857, -4.230698370581492, 20.96558992116026;
  -2.023218645621976, -0.06775127044016056, 14.53611947700078;
  -3.089194946382327, -4.239878873548481, 22.37036102804593;
  -3.073205659790276, -4.52823342709193, 22.59371840405773;
  -2.192384472876776, -0.8548639253982805, 16.70649690436268;
  -2.896623111754515, -4.377417572384061, 22.11225091284015;
  -2.741072634745059, -3.260375795176925, 21.04804097903084;
  -2.859371447287184, -4.317177901683988, 22.43436774769012;
  -2.104908163485103, -1.023170587164379, 16.82816772786673;
  -2.856986384503481, -4.206082607099765, 22.66125353686932;
  -2.34461430325757, -2.160256206615265, 19.08969158420458;
  -2.764748404475644, -4.061695634126822, 22.45411054710055;
  -2.679446058087955, -3.643901324999011, 22.63100934264164;
  -2.46960566798255, -3.90013364927176, 20.90452363944268;
  -2.581559979710652, -3.882170593245208, 21.89429399895399;
  -2.243319214301816, -1.368520301342087, 19.22341838908624;
  -2.32392392518039, -1.737236665316696, 19.90066942433379;
  -2.258467766963648, -1.985089905765848, 19.37372449044965;
  -2.769737693969018, -4.086050049651484, 23.61739404690109;
  -2.668462915882729, -3.909824628040309, 22.91735958144404;
  -2.384845895693535, -1.78945975972299, 21.00618767080029;
  -2.456437667406391, -2.288968293938621, 22.03970384729814;
  -2.500732714551345, -3.466663235558531, 22.6112578262232;
  -2.440871054147091, -3.54969977664941, 22.29166830925312;
  -2.466833193380512, -3.874779827802824, 22.51833019396291;
  -2.638621551559621, -4.070212331516524, 24.25973756415921;
  -2.309030373918093, -3.299671314081411, 22.50401128464453;
  -2.329804204655986, -2.880594919093962, 23.00884654318536;
  -2.193800913437617, -2.929884884847372, 21.77620377895789;
  -2.127039105187882, -3.236384043407095, 22.41859799760366;
  -2.046708948813074, -2.542673378432014, 22.06821771846291;
  -2.291056254219919, -2.154003283240876, 25.53087867234431;
  -2.004316305320123, -2.278297804708413, 22.95063365595512;
  -2.743536049937845, -3.658286465949897, 31.53360825426516;
  -2.344466399785258, -3.670728394703226, 28.39528138391805;
  -1.725584742992481, -1.470654166949348, 22.03467402422534;
  -2.404410201871669, -3.37639506807953, 30.84492638301501;
  -3.093574284186211, -5.095645795563775, 42.48063909784447;
  -2.122979273743211, -2.530787569758346, 29.44291088852944;
  -1.838855977421269, -3.15473531469546, 27.23882445198098;
  -2.111833038569439, -2.619404976072067, 32.46742714025795;
  -1.671843603351363, -3.040348241545106, 27.29265871713382;
  -2.390047640437732, -4.87075278225194, 39.39473809460293;
  -0.6761777917514134, 0.1429569590585618, 12.42927115739147;
  -0.5994294678618752, 0.2258351033416559, 11.24630249464698;
  -0.5664427572605161, 0.2985238852377308, 10.97701702404755;
  -1.181345175251453, -1.203762568683838, 22.78444633001046;
  -1.81521890623324, -4.202600972752165, 35.2282358752739;
  -1.814699381071709, -4.608693538221902, 37.68932707499819;
  -1.199108378016623, -1.514357027412454, 26.92772343656709;
  -1.463556021242939, -4.740838328793133, 35.43774097930299;
  -1.222798435419341, -1.984526640835413, 30.50162205241907;
  -0.451801072588895, 0.2774976079938674, 12.00774056750898;
  -0.3257687140608929, 0.3591545191042044, 9.310473594899737;
  -0.3903095784484607, 0.3192620717943393, 11.03755141505275;
  -0.9309900010702387, -2.134660790143412, 25.77981708889073;
  -0.9318103763777432, -2.899770178843817, 26.63858505189073;
  -1.047261670438039, -3.83788510156924, 33.28127283289678;
  -0.9138693121909312, -3.334101579530941, 32.66271682114667;
  -0.8452083251852142, -3.504707130229453, 35.1704400941277;
  -0.7931467918902438, -4.150920762546213, 37.30233409181555;
  -0.7179092921613465, -4.812912686431524, 45.30564292222778;
  -0.5156495056539612, -4.224453523878971, 37.06641762247694;
  -0.5086841205468365, -4.149687790991263, 44.80669344988011;
  -0.5274287714191834, -5.031068090988245, 45.62554062437202;
  -0.2972308648660663, -1.594728053972408, 26.19603363396594;
  -0.4905025959774993, -4.496213407538839, 44.80282429631865;
  -0.1295393866508706, -4.225140880102392, 43.311214078103;
  -0.04778119876458305, -2.191197254389684, 34.30174281323669;
  -0.02886747352923174, -3.251424881836858, 44.76543924709542;
  -0.005729660454947844, -5.193488450805389, 56.37630237062646;
  0.2572296365182519, -4.731835237911154, 53.5384983744965;
  0.1095024162720477, -0.3607010211402651, 18.23786551250393;
  0.8308307929983724, -6.242118757826312, 68.05560125908544;
  0.2054958698566603, -0.329260901089951, 14.86354921765235;
  0.6026268639601792, -1.818011213172807, 34.7884811507532;
  0.4241999932877401, -0.3724505979243637, 22.8541183407123;
  0.8881673840802499, -3.760044530654418, 44.22769552157008;
  0.2926219418665087, -0.5417672194866013, 14.328876123003;
  1.459823666949113, -6.067890225761577, 62.70256382319249;
  1.037066737728493, -2.263594433949128, 39.06088375215214;
  0.7061452797116761, -0.4169651863014944, 25.50037219214701;
  1.24565154981397, -0.6920134666069033, 36.14034533667547;
  1.164577773014618, -0.9382243999803188, 33.33663244542826;
  0.5425156430628429, 0.2617686701035392, 14.73298353765569;
  1.525266626186659, -0.6739935811402538, 37.3395132405962;
  1.592248553689172, -1.081720677585629, 38.57706883893167;
  0.7365975863517732, 0.1360215020101735, 17.51201583949533;
  2.671279952238849, -4.348961962260374, 58.0247039083342;
  2.827133147662007, -3.719337004510944, 60.51918268161415;
  0.9523646464581868, 0.03783773874359823, 20.63209498353275;
  2.151383207050792, -0.7514022761371969, 42.51613431312346;
  0.6268145431571519, 0.2364060062411013, 13.02606434477603;
  0.4860614906733076, 0.4623025387466199, 9.558554643490377;
  1.420652248441363, -0.3018075098398421, 25.7784476153663;
  2.088901175906757, -1.514549791472625, 36.11549998505696;
  1.799538446265501, -0.4005350101053187, 28.66115004564493;
  1.832164072646204, -0.677966773432678, 27.7501602201571;
  4.422505865073811, -4.217330802127595, 64.21604486594127;
  1.832696315610761, -0.4604107409240428, 26.04331887826501;
  3.861350607715782, -3.259990141065189, 51.95131337413773;
  2.028424697402415, -0.6583045963008327, 27.7146208569867;
  1.871521248990181, -0.2795688660808361, 25.33948406677008;
  1.662004264509461, 0.01002568726731712, 22.5364839925014;
  3.938943207238228, -1.614309938859494, 50.9607765336932;
  1.076538908157824, 0.1730361775380826, 14.23216306804599;
  1.997460281907054, -0.5994646066444472, 24.30904230162864;
  1.64202516791619, 0.005881812661181957, 19.88359431879172;
  1.691532864816891, -0.2662922980255606, 19.89114044475031;
  1.693351804833218, -0.1712965736797279, 19.43773252628167;
  2.18959762500124, -0.4614778866191138, 23.86419197869518;
  1.773866426533142, -0.1418949419657885, 18.66278761328038;
  1.97348628019687, 0.04910848088634998, 20.61452110769786;
  3.92911042811873, -1.329189546925203, 39.88099247930574;
