m=[-2.971247697105222, -1.048036085205856, 11.06615851579202;
  -2.897397879961015, -0.3043563485410776, 12.2952433831956;
  -2.883752915999556, -0.68307752962201, 12.24267331748844;
  -2.968181432679579, -1.189420577360494, 13.42547507090671;
  -2.956695741597118, -0.7294072248609564, 13.45062535962293;
  -4.42978508176694, -4.943700764361228, 20.99801487995702;
  -3.942053440957498, -1.958410611494712, 18.98327518194981;
  -4.321173078365986, -4.798092658939359, 20.8338725157568;
  -3.142959902595687, -0.9980463015880795, 15.56075019507926;
  -3.856760321090599, -3.435002877251128, 18.96744816817886;
  -4.302602875293227, -4.970969438511509, 21.37123399422835;
  -3.952051364289577, -3.392463795041933, 19.76803127938375;
  -3.150744197525856, -0.855110075866421, 16.66663066706949;
  -3.62975597908999, -3.350065734441706, 19.16810633979913;
  -3.089882054510622, -1.07932021132055, 16.6579245688888;
  -3.181082964196254, -0.9785877057954588, 17.61217563094017;
  -2.984603699704945, -0.04507093886047648, 17.02317494281406;
  -3.795397174613596, -1.360184995031213, 21.43826793627488;
  -3.870782397509092, -3.178669044131288, 22.08082653555686;
  -3.978668648768313, -2.985436162306268, 22.69227252459788;
  -4.037511341320587, -2.701413183007398, 23.02268545812429;
  -3.983677746500991, -2.079106942222634, 24.35593281639126;
  -3.96530965012363, -3.192367768400898, 24.28143938603739;
  -6.033916922812932, -7.568916642982493, 37.50841789801363;
  -4.263202704395594, -1.50519889418738, 27.24964668885966;
  -6.400333555010868, -7.643150095732486, 40.98144009280885;
  -4.967413610808884, -5.225466885457377, 32.3990672497609;
  -5.722366582436218, -7.867970569088786, 39.30859308846001;
  -4.00570247250588, -0.1341384590858863, 28.77957350564189;
  -5.640105845133227, -7.74097006903432, 40.84274582275169;
  -5.610175361036335, -8.266346744729709, 41.24511547114875;
  -5.584950582309614, -7.603456731544042, 42.35644661434059;
  -5.258402734130203, -7.946572143833914, 40.14161186037856;
  -5.151261260531999, -6.127180766967591, 39.55530281504411;
  -5.126127460278864, -7.739604525227913, 40.2191288139692;
  -5.195509235785838, -7.648878255141847, 41.21012010554283;
  -4.489449112734034, -2.182267314273349, 35.89192345081874;
  -4.928402189149774, -4.540879667506433, 40.12671835323715;
  -5.171360664483196, -7.597252972250199, 41.99959166311765;
  -5.209728235448173, -7.084947861790917, 44.00215783899215;
  -4.468832360539222, -7.057419606803689, 37.82742035813091;
  -5.165892603563916, -3.151414590246095, 44.26749177660035;
  -5.311846247928308, -7.83629066115143, 45.29380750640829;
  -5.202355372032939, -3.888992406496854, 44.54980361661287;
  -4.997079004962967, -4.392203969509253, 42.86624467938271;
  -5.10411232710401, -7.478531540392, 43.83526443185704;
  -5.625025792074471, -4.22071603053999, 49.54632400138638;
  -4.676177248394828, -7.353176322228054, 41.69865087170238;
  -5.611215406487543, -5.228666831782877, 50.34506978268148;
  -4.793742440430668, -6.645368608279716, 43.34431490513486;
  -4.635501568418255, -7.281217075095848, 42.3148817732703;
  -4.585469542911513, -6.668537522558039, 41.87757723583795;
  -4.49152337500238, -4.801948914917473, 43.85363412471381;
  -4.547382613971569, -6.498341526800023, 44.31918731617455;
  -4.714474431761746, -5.829026777096296, 46.55954286433016;
  -4.219458749865537, -5.191282735870093, 43.10597832045975;
  -4.288219624822299, -6.524715758422397, 45.19704017657643;
  -4.831458845161672, -6.002231920521318, 52.09420995332684;
  -5.433900171937589, -5.675444241910485, 60.42571219308532;
  -4.702285272614938, -5.345067634921144, 53.84400972597077;
  -7.996267015801612, -10.66238418944461, 91.90735859968103;
  -5.75177105841612, -9.00554145109273, 69.66325372569278;
  -5.140239340267749, -4.380842167028057, 65.63774901769197;
  -9.383599517286955, -13.17692759178042, 120.3773116971076;
  -6.604787128510069, -10.87921370888932, 90.69624730156833;
  -6.778059574359209, -8.080073663472188, 94.0027095474795;
  -1.076905448339882, 0.22767847445789, 19.79531122076465;
  -1.047330191837283, 0.3945817394498041, 19.64967153048411;
  -0.9129422275448653, 0.4811343375319008, 17.69178305359263;
  -7.764965325157208, -7.912314538858295, 149.7618472668486;
  5.865521416583601, 7.40758194962632, -131.718818259174;
  -0.6223803561479167, 0.3822679284574661, 16.54131055536082;
  -0.5649296643585596, 0.4620963077005568, 15.97562693960242;
  -0.4756393125103108, 0.5243843290604138, 13.59377702241766;
  -0.1026795899003951, 0.3074678605835705, -4.30405980999986;
  0.606547200337153, 0.5768988409204978, 11.92794465212129;
  1.964774559912569, 0.5765057263032309, 12.8346535736659;
  2.208512033880834, 0.5446284348597728, 12.80533588428973;
  0.7615674286933821, 0.8918623287552279, 4.923509276606104;
  4.86929308355762, -0.3174625996754611, 16.54157305169913;
  5.235523518750898, -0.4653026930062074, 17.27313420710204;
  5.248643669968448, -0.9145897365662034, 16.9545893194876;
  5.328437345564156, -0.847537701355205, 17.15235034404298;
  1.470207197685899, 0.7859144029129085, 5.274448478042881;
  6.498147776583635, -0.3241536532411164, 19.39757352513329;
  6.200456232867619, -1.284852777752666, 18.01769138435963;
  6.382374419523059, -2.981285013840973, 18.23578437084064;
  6.269715450432057, -1.355169569335761, 17.79660881643364;
  6.143950242169011, -3.775207884096394, 17.27365545165145;
  6.406786058303379, -3.81710987341918, 17.72854140797113;
  6.503169922233264, -2.959758207339233, 17.64368781449536;
  6.424755368052459, -2.977132754687029, 17.31184696897375;
  6.371907420679897, -3.958452187143233, 16.99663806871438;
  6.169960685241742, -1.194478607621235, 16.25250643141213;
  6.527103320839327, -3.869091087774233, 17.07819883320379;
  6.466006435474195, -0.7274440466312618, 16.76110601563152;
  6.417756031589232, -1.292470235981202, 16.50693155296783;
  6.420327006123653, -2.958109405375944, 16.23916459437198;
  6.662015428381578, -2.845371180389435, 15.26310390384797;
  1.946269783328602, 0.9407484727518606, 5.120532732676645;
  1.909364192007308, 0.3738376454233018, 4.995204106580305;
  6.773062543941912, -3.410624505982255, 15.10180041522126;
  6.961023464316219, -2.86587017744887, 15.41844588309027;
  1.952083200142035, 0.4016789947498485, 4.97437909482215;
  6.933818295567028, -3.316236551766413, 14.99548991286677;
  7.041962149430706, -2.579105387601349, 15.11386244912586;
  7.033214798900129, -3.390101328029254, 15.07562150677924;
  1.98021911241666, 0.3895607344837097, 4.975262860362169;
  7.045117964782751, -3.303263415064822, 14.95180703010263;
  2.001399376579298, 0.3871512169349825, 4.974116584995144;
  2.000883260806554, 0.3969386175172628, 4.967562237872981;
  7.366914846925992, -0.5305756114084029, 15.38897048783579;
  7.424039626571206, -2.266409429850363, 15.34314445849999;
  7.459982802660509, -0.9690081082082773, 15.41607238468936;
  7.302571627949662, -3.296693456263681, 14.94572637883212;
  2.074973904158046, 0.3998838490597523, 4.950710042139672;
  7.534628809456006, -0.664436000381106, 15.26549844102094;
  7.743864975689871, -2.435400287059202, 15.60585772259993;
  7.783962356795633, -1.13476961566604, 15.45931463092969;
  7.604170758531939, -3.3123174222005, 15.0386870887622;
  7.629782903577445, -3.264926064381343, 14.84129480765807;
  7.80753526807178, -3.372282417987001, 15.0571299222499;
  8.138583036257703, -2.565722781522613, 15.61338868783819;
  7.906680177811368, -3.316868010440798, 15.0958505292103;
  7.937125263552742, -3.243240606450238, 15.06407356506332;
  7.958757555094103, -3.37450237867708, 15.09028435432962;
  7.973735135135632, -2.546895702703762, 14.75257170641609;
  8.326703826437372, -1.051433846906866, 15.27950458318995;
  6.413493447480512, -0.597689465438027, 11.99810014385196;
  2.345644797297788, 0.2285308819195487, 5.024881694850972;
  8.329870836912694, -2.844942604273548, 15.1954626843561;
  2.392798070704859, 0.4243425570051556, 5.080760035117675;
