m=[-2.83795208530159, -0.9226922241260073, 9.145034578926964;
  -2.859905171153391, -0.2138831000510019, 10.76830371611237;
  -2.87522988073224, -0.6601856307712239, 11.12089792578373;
  -2.726251041223282, -0.9763633906174327, 10.99447136304037;
  -3.017740287164012, -0.709439738314597, 12.80056048097597;
  -4.28194043570253, -4.467906058047259, 17.71323964704923;
  -3.801900764410605, -2.939514683399031, 16.20719424450657;
  -2.888853770410617, -0.7867053802696881, 12.84300587711011;
  -4.198396748325597, -4.39331070459455, 18.21212150647264;
  -3.82026122337897, -3.161971543065886, 17.08173783049698;
  -3.984580578787372, -4.310394017043104, 18.10133228223487;
  -2.896963220506173, -0.6467524592530594, 13.78989044561729;
  -3.862167024882216, -4.350964714270754, 17.90819230817708;
  -2.734424861790353, -0.8237673227673175, 13.25063490405296;
  -3.481385882958493, -2.974687516942582, 16.67930978690118;
  -4.912872899230806, -5.107780804594846, 23.51133538296202;
  -3.023931149982563, -0.7897362997711819, 15.0829713464739;
  -3.446999006318823, -2.206342523821012, 17.18990955370742;
  -2.879992762822901, 0.0631600729182837, 14.76543723168664;
  -4.75059288710056, -5.123220649754014, 23.55507181437458;
  -3.289756544572953, -1.024080049679104, 16.89788879398808;
  -2.985938262817703, 0.2739547123704901, 15.5771942424241;
  -3.815653588497618, -4.005035448349344, 19.56709403985593;
  -3.567122004696859, -2.163443450157439, 18.54400264933251;
  -3.623785890623323, -2.47963876133094, 18.8332671789358;
  -3.550841968027356, -2.676434584628323, 18.45145315494155;
  -3.960936898365559, -4.268149440583588, 20.93794072925293;
  -4.64040546327307, -4.855073810239478, 24.4627161421251;
  -3.481109848021301, -1.37248952380679, 19.37788175363278;
  -3.449841145472475, -1.604959302132525, 19.22840965598855;
  -3.478786665119417, -2.546697145751753, 19.40394006886132;
  -3.465420856805063, -2.041305591067768, 19.77725493743822;
  -3.441011931672588, -2.740979351594029, 19.63098942971527;
  -4.566395011795712, -4.970439669138274, 25.70812667833569;
  -3.563501657436475, -1.062967045558902, 20.78719213342979;
  -3.541630390580883, -1.054586078644866, 21.71770440283845;
  -4.28244559893503, -4.656608007770507, 25.84079869676054;
  -3.514457084783021, -0.3946199977377281, 22.414256391402;
  -3.2725260287129, 0.03994777466610158, 21.4179919540504;
  -3.513073971988916, -1.544712446160783, 23.28152895297184;
  -4.991296201096905, -6.040476442044464, 32.61137292087909;
  -4.846143846274403, -6.102131235975821, 32.27937895578844;
  -4.75946093081905, -6.429648215402272, 32.14074621185397;
  -5.374124947976554, -6.680240392987177, 37.40661956632486;
  -4.571610313048947, -6.327217730481173, 31.99798891463135;
  -3.367447415002509, -1.385674893624423, 24.46187727045351;
  -4.596842245399189, -6.355504075725611, 33.07015995712094;
  -4.486867011503503, -6.011230219636036, 32.52544010504142;
  -3.744723014422143, -3.041704969955467, 27.70474612098816;
  -4.329245337778744, -5.788871167347331, 32.15105576342821;
  -3.621187115772569, -1.892842762191918, 28.20217611327972;
  -3.771724852383198, -2.465906402869821, 29.38571366523324;
  -4.230578201234854, -5.214820319957945, 32.66463708671639;
  -3.943804282580941, -5.685555819742737, 30.4833658099953;
  -3.595479014367236, -2.794676701500789, 28.05607571721749;
  -4.079077678189345, -5.457283386256849, 31.77649055699102;
  -4.131007458965856, -5.480682291781667, 32.35979288523549;
  -3.808446371184083, -2.497933815247684, 30.55012143010129;
  -3.810959401061485, -3.125587322149535, 31.07820328253603;
  -4.046017067334588, -5.753181449062268, 32.7979699657711;
  -3.916235823157993, -4.907349336620715, 32.3020101078662;
  -3.91873965844585, -5.134952888206829, 32.50894013480391;
  -3.931478491729694, -5.574308646597604, 32.59666394469947;
  -5.208214535941586, -4.380537117910672, 44.66196879675055;
  -3.705650683228539, -4.73666806114289, 32.69819634790427;
  -3.832782996597366, -4.213073841270439, 34.28463046672752;
  -3.433765107929201, -4.081665856409392, 30.8015101146978;
  -2.618033132145859, -2.833837754206238, 24.02938410824514;
  -3.418727633766256, -4.61698977290355, 32.41865315848859;
  -3.56971064681185, -3.279533499579842, 34.11723577066039;
  -3.074346239945483, -3.333171848151872, 29.73148144947193;
  -3.330881645653351, -2.991987613207582, 33.19134779932716;
  -3.287205908479843, -3.242049076940737, 33.74171108952591;
  -4.356808174561385, -5.069040560837139, 45.15294406840523;
  -3.209945807776904, -2.054490062339974, 34.35160333199364;
  -2.846618024825091, -2.022140418613192, 32.26027675141892;
  -3.196550583658723, -3.86175329827627, 36.65867771141998;
  -3.408878261908822, -3.187522861617243, 40.02403666342597;
  -4.947043669732231, -6.977757121853681, 60.080677421991;
  -3.138331081724173, -3.159385117241438, 38.61165784082809;
  -3.33748199089826, -2.922423568617387, 42.64601680436407;
  -2.737645834292793, -4.015530870378678, 35.73968612949451;
  -4.19384096782967, -7.252390927569633, 56.94589240627371;
  -2.767889998174581, -4.258785659981908, 39.3375267202969;
  -2.590240803343506, -3.137596092599094, 37.67601670254123;
  -3.440571203118013, -5.965228836214065, 49.71407668235892;
  -1.235841056026948, 0.3612199556463334, 19.174184322122;
  -2.06943282122384, -1.634809254754142, 33.98264355662285;
  -2.905237701348044, -5.616944171347094, 48.50527630478639;
  -0.9406577250815087, 0.6644712760906235, 16.65476950383385;
  -2.938942205198463, -6.160313608549959, 51.90195475425949;
  -3.257131289302636, -7.977172046134911, 60.05209046232711;
  -1.794162724319744, -1.727309659017805, 33.72392717799499;
  -2.002543289217492, -3.700675281952138, 38.87616093386559;
  -0.7586958430520912, 0.5015586858385901, 16.22593562165802;
  -2.505986118722987, -6.607121265321366, 50.61582266271678;
  -1.872804702259048, -2.352428451092417, 38.78960969392048;
  -0.5682310912641158, 0.6177527970685987, 12.77363220614193;
  -0.750802308410404, 0.6243457538488643, 16.69287890376759;
  -1.692012219446237, -2.997552890768906, 37.97682850733413;
  -1.688092835864933, -4.07357955547743, 38.62958502917603;
  -1.791528678071319, -5.086965434632231, 45.52735526458891;
  -1.626919026658184, -4.462000772241593, 45.39739770062694;
  -1.559740639652641, -4.677842877827311, 48.86644226682454;
  -1.746113203641287, -6.469443446277856, 60.18601994385199;
  -0.4328251233177565, 0.05611383550148923, 18.60651182020589;
  -1.786236744282756, -7.802159419090184, 76.38868791016334;
  -2.900174195287495, -15.03498145880927, 124.6946797392121;
  -1.381996602013606, -6.938269556758313, 63.0565703847283;
  -1.162452401118628, -4.94787089990824, 59.60953615869825;
  -1.155372977645011, -3.433078890310534, 61.33453108992054;
  -1.403670720763802, -7.314605468079947, 76.12534286088921;
  -0.7342720948867093, -4.100285109090018, 52.6044332657009;
  -0.5641117570461407, -4.99278460866366, 53.68813111083814;
  -0.5123662201752524, -3.358543567543499, 56.81949615280037;
  -0.1363791821649824, 0.05030167946041485, 19.37724705118946;
  -0.1740122751270185, -2.890785412831724, 28.06033586924137;
  -0.212936965661688, -7.315741714461932, 87.3199254601623;
  0.03226679355902445, 0.07416732495754967, 27.68080766053649;
  0.4929484699012295, -8.461448089832919, 97.33139032773224;
  -0.1410810973895571, 0.3261973048267661, -19.14679212202386;
  0.501799014756712, -2.318005207205723, 49.11254911343747;
  0.9282555956957812, -5.689547715442264, 70.78092098798575;
  0.9708416985158308, -2.284499389599161, 69.48883429101835;
  0.3402617380646382, -1.357255115697768, 20.82744724729477;
  1.658053655132025, -4.485729253221297, 84.31867098749878;
  1.70679393089771, -0.8760821751757754, 80.83516646349935;
  1.794076931962195, -0.9103160858866958, 64.51998565614949;
  0.9619161240135655, -1.216409656372747, 34.2926528135025;
  1.419922995401371, -3.123161893962525, 50.5502226228342;
  1.616597693967018, -1.314309726526031, 57.26274428375957;
