m=[-5.320435603589862, -0.9293173543041406, 8.652696429782713;
  -5.612835926103897, -1.087947443855969, 9.699020357693302;
  -5.737088213015126, -1.320429547745707, 9.948766603359893;
  -5.688319234323455, -1.958775303432252, 9.86578113857065;
  -5.563967170087111, -2.381864990684224, 10.13006613988198;
  -5.37905267282094, -1.748870285753488, 17.33349303168006;
  -5.317798750723861, -1.667858276674491, 17.45841959432859;
  -5.004706518347839, -1.127150824110081, 16.72958046291964;
  -5.254995938326944, -1.711293326463023, 17.87726804991813;
  -2.460207790954528, 1.738946307683879, 9.321925192852641;
  -4.689187335015724, -1.55334604700724, 17.20137739787536;
  -5.405524698666368, -0.4042617886825766, 20.35323838262476;
  -5.385638299575263, -1.236604085724535, 20.8307287692471;
  -5.031269936295002, -1.8018691968691, 20.29019059429712;
  -5.558089851393336, -1.14694598535412, 22.54391763871576;
  -8.092398109282717, -8.263597022048046, 33.24464501788988;
  -7.010071438498992, -5.419975218195486, 29.88336532482689;
  -5.301856976220237, 0.6364256391460662, 23.44472531221231;
  -8.119928687931406, -8.49690292835251, 35.22323800090537;
  -5.426110121038729, -1.477662202870941, 24.12291161571732;
  -8.451545507853316, -8.807416037299396, 37.29125036293857;
  -5.709982810539973, -4.940478566061448, 25.53539333871272;
  -7.401951892644215, -6.126481902455478, 33.09674241393013;
  -7.414404538982855, -8.020669762561315, 33.68249118854146;
  -6.90800733446131, -5.50375057857724, 31.47471012714395;
  -7.191682224564185, -8.101864935859743, 33.3465713593062;
  -5.285991464057559, -1.180107484544649, 25.16194982036589;
  -6.560244066358709, -5.605433235028306, 31.43011051894409;
  -5.371237990322481, -1.402763953700512, 26.79102951917182;
  -6.125545835700931, -3.920816987224751, 30.5476092942769;
  -8.357690571004985, -9.013252437162752, 41.4403015120282;
  -5.176759388467727, 0.1135296257257079, 26.5407319076187;
  -5.558466542777395, -1.730314877755198, 28.55115514851829;
  -7.0336055615572, -7.382703631341785, 36.06910802309835;
  -5.911594953960517, 0.235930917433708, 30.75026471349851;
  -5.504447479399823, 0.5050236117589522, 28.71588091808702;
  -6.315267607971276, -3.830181396786282, 32.83048325772514;
  -6.7039110694477, -4.587268189142025, 34.84106184127135;
  -5.92538829628714, 0.6729854837002974, 31.47234058574966;
  -6.188269832627246, -0.3581360123785375, 32.9116550624163;
  -7.442803576597401, -8.020071699434558, 39.34346447442085;
  -9.036474634322936, -9.454508163398588, 47.6373704096614;
  -6.554631021672677, -1.617214248030609, 34.91899419204366;
  -6.180793206978618, -2.875471980823415, 34.44994095995089;
  -6.440945866211729, -2.539457561158856, 35.85405023858846;
  -6.566844801793837, -4.807355702781798, 36.62847861673835;
  -8.517225476532447, -9.270848288462947, 47.95071625057214;
  -6.074989188730052, -3.578471391802001, 34.67013528580887;
  -6.253951437233377, -1.865508963194109, 36.48155736019245;
  -9.784580839079938, -11.39645576772669, 56.34890672763923;
  -6.929430555124299, -6.619589926287269, 41.35264976444806;
  -8.042675503048489, -8.745373709057471, 48.53048424230464;
  -6.15666741254231, -1.833261811108617, 37.75342659352204;
  -5.920779075275614, -0.6648133037126277, 37.76112697596621;
  -5.335973089615536, 0.06513630410823049, 34.92281732755666;
  -9.058720409947464, -11.77688400599311, 59.11523018044282;
  -9.297315012793108, -11.25162884476804, 60.74538453126703;
  -6.186026203620525, -2.720020057989121, 40.99547840773109;
  -9.043226011907001, -11.38698182961904, 60.23546322208377;
  -8.907102822710357, -12.03277820763385, 60.14986475755269;
  -8.32409900997842, -10.17749898224326, 57.8331181587879;
  -8.436657555072602, -11.67653531537603, 59.05054377736584;
  -8.043478632366224, -8.68378561373475, 56.52881004308196;
  -8.507958013282932, -11.76293615114617, 61.20713250260826;
  -5.871868059555267, -2.416221887400973, 42.65453862210642;
  -8.36413397147374, -11.20575554423652, 60.63187026097106;
  -6.318595619724412, -5.132369904432133, 46.74713905713687;
  -6.289754939362002, -4.379343089165117, 46.61703233735378;
  -7.893622676437196, -10.5549954212093, 58.6218343023747;
  -7.491686054866834, -9.234623451296026, 57.84391506541834;
  -7.116128173161448, -10.2589127274023, 55.00362662807722;
  -6.15758828978793, -3.218653456518819, 47.95592821626916;
  -6.385769090035413, -4.174935739656837, 49.75187463462748;
  -5.912089863127689, -4.595320882597251, 46.13294645417245;
  -7.85179813026472, -10.50470004963393, 61.16642261456222;
  -7.580820172828964, -10.0576111980214, 59.38352160573719;
  -6.444796287589111, -4.227097616749777, 51.69806529713546;
  -6.629273488231354, -5.437049044423457, 54.06142847530606;
  -6.815263092500022, -8.540056913351602, 56.21385106583805;
  -7.191862485707645, -9.423916427563089, 59.66199527996599;
  -7.119526915701817, -10.09453327275372, 59.02940250202718;
  -7.354065279149013, -6.185374220001537, 63.06326894946933;
  -6.54183138754149, -8.361954874751701, 57.72429877236823;
  -6.752413462739841, -7.422391653941078, 60.40101945090916;
  -6.14508392271902, -7.304570476941799, 55.12254293813486;
  -3.12639792081348, -3.384107081720279, 28.69536507846633;
  -5.93597676151244, -8.016533323511284, 56.28888651077529;
  -5.733946323756923, -5.26784126616766, 54.80175229290435;
  -5.315333405259644, -5.762825097496776, 51.40368852502378;
  -5.443788348947569, -5.369006226910786, 55.87807360314086;
  -6.542800539793968, -7.612389618466884, 67.80805924598464;
  -5.622796693979677, -3.598808398058222, 60.17300391180292;
  -6.393971560192639, -8.695692737141023, 69.07276724989289;
  -4.70626532793513, -3.343170477156044, 53.33536871499416;
  -4.191394756151043, -5.063624710552133, 48.06774850132678;
  -14.81108299122067, -20.89088892759862, 179.8771061816869;
  -5.043711169332999, -5.077547775902763, 62.05401687933347;
  -5.174853713423382, -4.531294699866055, 66.1237720606795;
  -4.178683323537862, -6.129219372723384, 54.55228304079585;
  -3.358328069275059, -5.556655829109886, 45.25634763822778;
  -10.74729828050988, -18.58525612758052, 145.9317356654004;
  -4.893609889089342, -7.529502846913658, 69.54846829090617;
  -6.561061323741308, -11.3755042096154, 94.80318427083766;
  -1.979344550776115, 0.5785361696420038, 30.70970742433516;
  -1.571521181594714, 0.6879260592068962, 24.73716217281135;
  -3.212483620825368, -2.696360213081074, 50.63865776941438;
  -1.766830608811939, 1.010498445583848, 28.41254979763279;
  -2.029099939392065, 0.01577405650328521, 32.77457685786926;
  -2.824678548388028, -2.231437805204673, 46.38471144723688;
  -5.051298795071939, -9.766107369302961, 84.33548953302892;
  -1.755272417214648, 1.239907005337385, 31.07789023112964;
  -5.213331217244644, -10.92765798070594, 92.06784688647119;
  -1.393573784585605, 0.7578426158303239, 25.82457683179146;
  -2.365660777028921, -2.277512878142596, 44.46607361247609;
  -3.478852177952794, -6.428875886895764, 67.53632636229769;
  -4.421549265113266, -11.65757142744382, 89.30630214802793;
  -3.444309850280242, -7.160743104132161, 71.26136883757657;
  -2.837533142648943, -3.564223054135491, 58.77110569198666;
  -1.257777722046548, 0.8314917593444736, 26.8996074397652;
  -1.015940160935958, 1.104480000691831, 22.83797236503677;
  -1.378893113986307, 1.146648127056902, 30.65746537426797;
  -2.428255948613626, -4.301875337919123, 54.50165115391107;
  -2.610959947745434, -6.3005735450898, 59.74807615217864;
  -6.11093305752106, -6.731380189534337, 142.2058934400451;
  -3.046665034817843, -8.650868899126827, 77.42360092258112;
  -7.418956517651473, -24.59519756421784, 202.8558131766456;
  -2.744113512195636, -7.526027054761366, 76.57148905849195;
  -2.656885876031856, -7.968308548505513, 83.2398393489102;
  -2.85202731735002, -10.56691479015125, 98.30529466502011;
  -6.88032066421939, -34.26015928691514, 253.8741799883488;
  -12.14862612271256, -54.96091565614942, 451.8772727074672;
