m=[-5.294090285093002, -0.782552216299122, 7.594746779336257;
  -6.349276767956988, -1.629023860176326, 9.200399458060304;
  -5.59154848255498, -0.9201393546497489, 8.639980867801823;
  -5.784108337006305, -1.026517690844654, 8.930048377237524;
  -5.648453646757915, -1.120543643561341, 8.782939149433584;
  -5.581908873635967, -1.759685761422601, 8.692395022968066;
  -5.570755389342788, -1.477043308218791, 16.78025993755556;
  -5.644993708023245, -1.398607998520357, 17.31439280898823;
  -5.213423349009062, -1.512948202077841, 17.10199787048873;
  -4.842510744743539, -0.857047515507364, 16.45072783649005;
  -4.857785886888041, -1.349492739294218, 16.58306101119337;
  -5.558254101287007, -0.07221120732150453, 19.69192994327672;
  -4.901326965465197, -1.002049384907331, 17.93560410622167;
  -5.615476258953208, -0.9071322771203925, 20.46498493544114;
  -5.39551165337179, -1.5371949385947, 20.47811127995794;
  -5.566950236029348, -0.7275447735173077, 21.32271364991992;
  -7.599783565123709, -5.257496341783956, 31.03437827036198;
  -5.615024157420526, 1.074128877576341, 23.42642336381847;
  -5.547305508693322, -1.061354424357469, 23.34067132197577;
  -8.038964300549935, -7.701448575554702, 33.56648176575846;
  -9.172390150092399, -8.707330969772709, 38.94355954129971;
  -7.244906266514142, -5.348383935893619, 31.05820026430858;
  -7.955866579999727, -7.858413394105363, 34.70402031170185;
  -5.675779595550927, -0.7867156472220298, 25.59058425416738;
  -7.714278381480184, -7.944427471792841, 34.32728035027446;
  -6.75523754277267, -5.125558461620804, 30.95566374376461;
  -6.059423199308407, -1.042995776956065, 28.6820051813368;
  -6.98471767367663, -3.804192596610204, 33.25079708535318;
  -5.672438591968828, 0.04398446113652611, 27.48099759175261;
  -5.746286838463411, 0.6194675801486084, 27.8951978711984;
  -6.934777922751284, -1.517985938141211, 33.8725323853857;
  -5.697492590869498, -0.5255184785868114, 28.04061255438462;
  -5.81261330850258, 1.030214476219221, 28.77018450735934;
  -7.165297823367036, -3.639932606703626, 35.61450580455568;
  -7.004236099074998, -4.079834503948782, 34.83726473577355;
  -5.993408103545488, 0.1716241327901286, 30.43894647143297;
  -6.958080012619846, -1.056898014707377, 35.42963835096046;
  -5.451344599028815, 0.5330896673404079, 28.89125566843437;
  -6.669238436385744, 0.4978473172378108, 35.37133332779862;
  -6.563843906549489, -1.922472872431278, 34.95190933083182;
  -6.74416275900902, -2.435141138282039, 35.90705113552568;
  -6.559278031900366, -4.081063016073824, 35.0215703150033;
  -6.890350665677743, -3.318108335044187, 37.59662062403994;
  -7.027167616816676, -1.356126892168237, 39.16536510594306;
  -7.262738955393565, -4.729564303310961, 40.71325458818226;
  -6.982347584806129, -1.305972023118545, 40.90383157459657;
  -7.058433114264045, -0.0212389825502718, 42.96031095696642;
  -7.077975866611067, 0.8728885882226402, 44.05056161925916;
  -6.757156450906882, -2.138643323309292, 42.80762072070277;
  -5.70189796297979, 1.477554128428918, 36.73128236941104;
  -6.838789787359461, -1.358461594105308, 45.35912454711849;
  -6.337906750131969, -1.752802448672476, 43.9426925341767;
  -7.529267489096215, -4.990348370751044, 53.23307491853987;
  -7.042345273523623, -2.629801338988263, 52.35901890846817;
  -7.384786383785941, -3.685131496321921, 54.9390336340937;
  -7.20503972988359, -4.514542583862634, 53.80955229217525;
  -7.376343257335187, -3.687973553757692, 56.55452594143509;
  -11.92787425914172, -7.994517555599582, 97.9657434899048;
  -9.276499701555855, -8.758659996241645, 91.52027636766147;
  -5.436582998736969, -2.349229708660835, 55.20125862240089;
  -5.135226428318244, -2.523671134566942, 55.07190813192342;
  -7.194387060808475, -6.823853868483437, 77.69918102361334;
  -2.573931029224837, 1.374741498898786, 36.75611383918704;
  -3.894572748443936, -1.845127477663058, 59.40851310329343;
  -1.889684983670723, 1.806506400376651, 30.51078306585889;
  -1.623318912394311, 1.552513744933135, 31.11572029136059;
  -1.245862592568945, 1.697018047280888, 24.76739295031674;
  -1.555544376566272, 1.754055567297635, 31.01450027513428;
  2.048501688889108, 1.294966317652024, -43.70266931573584;
  -2.414525574665598, 1.362062922558043, 54.04341922878232;
  -0.8536038697081654, 0.6463817864353025, 30.75468463662535;
  -3.051704894066067, -9.520759347648388, 112.1056038299584;
  -3.427529639914779, -12.8009065954098, 137.4533695801369;
  -2.351770118732291, -6.714744122709003, 101.7419362220061;
  -1.12101757227186, -1.960961894320624, 50.10017773332538;
  -6.052156278686105, -23.73763165464104, 267.0439446783308;
  -2.973260614246607, -10.51681377278278, 133.1539160923944;
  -2.348190005325145, -6.678036287742938, 107.7120613982911;
  -1.03212323409363, -3.499474296562314, 83.60322418360254;
  -1.691133373997394, -10.45885107897005, 148.9298118788368;
  -0.1633820084107125, 1.60459180938714, 22.1452858756533;
  -0.6492280776318545, -6.903002806812317, 103.9921330544886;
  -0.09483868740788859, 0.06821661188137211, 19.49227135479729;
  -0.1908268061048209, 1.416785429939176, 68.84270943279793;
  0.1335318575776055, -9.378374120213536, 134.7069036120475;
  -0.1283265836773734, -0.02078255218590112, -33.32150343182303;
  0.6525811944646592, -2.999307990035862, 99.52515577073338;
  0.6198300741771045, -3.821955748050587, 92.45786438629233;
  0.5132633449158959, 0.4240727188150085, 62.2543143688633;
  0.9250302705854103, -6.115319175255428, 97.25296357057691;
  -0.3832958776524421, 0.5404315778381185, -34.42815991103603;
  1.510848710770396, -3.353613510918036, 94.26736292343846;
  2.011072740070815, 0.7733331930998308, 114.2463007983847;
  1.309368526392809, 0.2000525919092128, 54.28330408190379;
  2.012968295675141, -1.446940412020735, 82.45244515785787;
  2.317261203202147, -4.229065679329191, 94.49287293645871;
  1.76473521484631, -0.3732251977093312, 71.50086771164601;
  2.378492662151993, 0.3987462505548201, 77.76665787002479;
  3.298376349575466, -0.564133093976008, 106.364816422399;
  0.09733470395896171, 0.09513136775235888, 2.91371950753098;
  4.186089830281381, -6.194216424873452, 118.0461075129505;
  4.393663643759446, -4.721271582718948, 121.8675871665502;
  1.388276928895509, 2.570244131268895, 36.12062745724604;
  1.463225834644135, 0.2007272956138351, 36.24120240923479;
  1.071486940554059, 1.856688317235602, 23.30717162731322;
  7.13156474469172, -2.836045154036615, 148.3185662194137;
  1.229721089387972, 1.819576696799356, 25.96500474032906;
  4.311603752106183, -4.394830535912337, 83.00820756004799;
  3.633813371570447, 0.610722730837275, 67.56733857704447;
  1.8707631163505, 0.5345334622663174, 34.02509099310434;
  3.583508683219425, -0.1006316738051634, 62.66908421509974;
  7.410776817447155, -5.446758833585284, 126.8765431389673;
  4.493175026850326, 0.3818181026702959, 72.58096356129344;
  5.725206647482636, -0.09528354805150115, 88.61708177888988;
  10.53189664335431, -6.959937994680074, 158.3469930958634;
  3.608179449606189, 1.32535002101579, 54.66746158946909;
  3.177977555118477, 1.700641966199556, 45.16104507502245;
  6.349835515699911, -0.1498158609334891, 85.36280247227838;
  4.543828452911396, 1.443777292824492, 59.90829105541077;
  4.327993073895, 0.5454590570696122, 55.24153875564691;
  5.667933931133842, -0.685871782180645, 71.53198336335889;
  6.232329800424074, 0.2134079157055303, 75.68276011797131;
  4.405534974134378, 0.1826472943687371, 52.15562511650611;
  8.840761073501968, -1.037472560527904, 98.73285145011066;
  4.28529904688989, 1.260587177449897, 47.9048162303441;
  10.93153352014566, -2.617917601284127, 120.1665518410257;
  4.285144676440257, 0.8264528961646831, 43.61348520004277;
  11.09025201005403, -1.119775218992452, 110.1874458002018;
  5.599712999679369, 0.1525544947011694, 55.24159589113896;
  5.223668329655473, 0.7205649528551761, 49.64542348417063;
  4.924085810353349, 0.4185087046052691, 44.44932314973818;
  5.307411767894031, 1.096089846557532, 46.91801973338092;
