m=[-6.30181964376489, -0.7556831373496469, 16.15540953014699;
  -6.549738748809777, -0.923917756148928, 16.77486242094967;
  -6.576698150694179, -0.9228614123979624, 17.06433024390517;
  -11.24066676699014, -5.664586299120813, 30.5610262307001;
  -5.727914633604446, -1.32184017561583, 16.16106575582795;
  -11.13486786869514, -5.733542828270475, 30.89883644480773;
  -5.706144841732717, -1.430052221122288, 16.43605841854085;
  -5.705668536655304, -1.479211257591776, 17.43304469753567;
  -5.312404612384199, -0.8021549236813383, 16.77187835107579;
  -5.541427909035293, -1.36538319883346, 17.58108527742166;
  -5.468256569497322, -1.463498485857908, 17.73607497635762;
  -5.344924192607806, -1.461155468349447, 17.43053801969936;
  -6.155658879653202, 0.07121582888009514, 20.43914766641723;
  -6.307229427396026, -0.8239115368424533, 21.58776430797243;
  -5.805416456744801, -1.455273756102566, 20.69577433460671;
  -6.252197476505603, 0.5161386433618879, 22.49690594274176;
  -5.573632135350679, 0.4234316681925041, 20.68946747402735;
  -6.052398213802824, -0.7646655387461125, 22.94965441418822;
  -6.371843412702267, -0.9718568687522259, 25.27814926207337;
  -8.61000569000338, -7.828162963463393, 34.44671161963689;
  -7.043375373529886, -6.315376062117196, 28.72530651602927;
  -7.507370598359982, -5.197607714810255, 30.74100721974037;
  -8.270800700501308, -7.756533759703247, 34.60828449889549;
  -6.362799650185917, -0.6281487906443724, 27.1175074062931;
  -6.221406295159172, -1.084705606505262, 26.92707847371599;
  -6.270982266456914, -0.8237655331575396, 28.16497280037822;
  -9.103462181985085, -8.090590809271427, 40.57051056966981;
  -7.044672358034947, -3.50542649221619, 32.03697320001391;
  -6.436292790534603, 0.2859296610019469, 29.50635317839592;
  -7.614077576109142, -6.500450103229759, 34.54259590777645;
  -6.40698303655471, 0.9217396790440376, 29.41812135033064;
  -5.955251346150406, -0.319483444172811, 27.77557586071992;
  -6.937042721589429, -1.215641771273004, 32.30271708888255;
  -6.575145179594479, 1.387829031343236, 30.78864787247795;
  -7.296584430082877, -6.473576527951838, 34.42832684392079;
  -7.038247328723108, -4.218723421529741, 33.44129884043284;
  -7.308001065808717, -3.875706929728584, 34.71301316778055;
  -6.890465601095995, 0.4713128875795825, 33.18720181882686;
  -9.485215305112094, -8.346898640460747, 46.47545313540402;
  -6.084453197217186, 0.8500223469996676, 30.49318532589176;
  -7.352961871451387, 0.8642974634714826, 37.09958721649898;
  -7.190279210489813, -1.760724392127526, 36.51057396178553;
  -7.090026006967417, -2.206543138464418, 36.02877213309239;
  -7.189064145300183, -4.085057378996911, 36.67394121944218;
  -8.815233703479969, -8.015832065833347, 44.86653893392329;
  -6.706901232463988, -4.190419704859234, 34.96787672059635;
  -8.710459229047808, -7.904424643093376, 45.51033933469486;
  -7.177264674992048, -1.017579128431383, 38.16550424964571;
  -6.941047092787051, -4.082439089024034, 37.19163109802915;
  -8.629639956573248, -8.450774553850737, 46.42108975785069;
  -7.205462076734723, 0.3594505531828225, 41.8117620672412;
  -6.341899401680328, 1.103482582876033, 37.60993759479406;
  -9.202266949218794, -8.490049070804037, 54.96412024533678;
  -6.972536015248721, -1.7878800645763, 42.15637120014631;
  -8.791279994784885, -8.749799054196764, 53.44180367648151;
  -8.489914908627542, -8.813415840034244, 52.5650985220896;
  -8.322510594808, -9.327728248210883, 52.16762928719594;
  -8.018169675239452, -7.99654491758723, 51.59860379184578;
  -8.294178916358282, -9.488810757733825, 53.78094397501669;
  -8.152853145504173, -8.522856177879818, 54.117419052471;
  -8.104354677546912, -9.201888224184335, 53.96668569957524;
  -8.346225154532384, -9.14673570234214, 56.0327446812117;
  -7.857284134246026, -8.540385716956633, 53.9246601877508;
  -6.043663667932091, -3.29142961105217, 43.10320824400585;
  2.285516078537213, 1.298239844769988, 7.995667818555954;
  2.333311317689153, 1.554122402085901, 7.93592352222337;
  5.678754688776714, 1.232870126427414, 17.80465851078989;
  10.90584907589803, -5.520553329652162, 28.40787211539267;
  12.23158799237184, -6.460213804048168, 31.83584774494834;
  12.22338937481359, -4.690225714628029, 31.08715426405772;
  11.81535428074835, -6.274011284361202, 29.92609456232354;
  10.44746459445314, 0.6753438955318893, 26.355299453131;
  10.72353859218774, -3.068471495480043, 27.02297125510963;
  11.90331333182249, -6.642046629481518, 29.72584362843569;
  10.73352325902393, 0.7388633413530518, 26.70649595096257;
  11.7133393660598, -1.324386838909513, 28.64722855697567;
  11.57171927446305, -0.3661985661210239, 27.77597177670677;
  12.20835713318772, -1.445867618111315, 29.23926202869919;
  11.42847786354226, -1.348632480444584, 27.1447267736624;
  11.68118953308498, -0.3412960153150144, 27.32520453842362;
  11.81789105710148, -4.651647041885778, 27.64451666196152;
  11.62717231851794, -1.377919840036187, 27.14728761025783;
  9.613610110637215, -4.964647831349923, 21.34240326613424;
  12.40315119178109, -5.540966201043378, 25.23672696591429;
  12.658879430827, -4.470502179338584, 25.63232443064928;
  12.64369872665076, -5.538621222575592, 25.23139142548512;
  13.09931836996247, -4.033665529141183, 25.67678551569515;
  13.66403973751509, -3.660931354319978, 26.10737399425585;
  13.82500109202354, -0.9490313471144487, 26.00700840144115;
  13.57958648103739, -3.907054784116205, 25.39022708188693;
  13.65679689424584, -5.441173372157374, 25.44065291634094;
  14.15200706486824, -0.3456221075000868, 26.0388876285138;
  13.89102450255754, -3.575421960163348, 25.5419356611526;
  13.63010821362145, -5.331150875212447, 24.95171980742231;
  14.08267450987274, -1.434633502704267, 25.59909838352076;
  13.95696649269459, -5.30448161932738, 25.418632142415;
  14.35588911435684, -1.211178334005361, 25.93571203149989;
  14.94482937858118, -4.112639588211463, 26.93335619357947;
  13.97000652980204, -5.363224840120827, 25.14152468750412;
  14.58692485716402, -4.577361296391665, 26.00261456583831;
  14.2476833968055, 0.3076357925546316, 25.31840369299311;
  14.44945813934612, -3.153129773789148, 25.45398654590364;
  14.56449116429124, -5.555641141220391, 25.54901052257402;
  14.85977587059047, -3.892804154348735, 25.97509181918749;
  14.72985369168182, -5.283088795356211, 25.43416338227604;
  15.28149430661037, -5.543294597264604, 26.09140689534488;
  15.05795114700761, -5.535382170121196, 25.52407354047178;
  15.12844713713336, -4.063118464199758, 25.43337451395864;
  15.44167706801143, -5.558089891750626, 25.74631236293336;
  15.66678446265166, -4.573980910328954, 25.99035330890226;
  16.00861955630218, -6.162743860475132, 25.86391973263597;
  15.84292604315191, -5.540546126786446, 25.57079737989226;
  16.08002620741865, -6.05436050437221, 25.82968438238445;
  15.74752230517692, -5.044237181014964, 25.27104331308657;
  15.84673799755322, -4.401473744073775, 25.35115992042644;
  16.43256559681109, -6.212151982182563, 26.16313766532584;
  15.72680227480808, -1.279017290313476, 24.87581522183575;
  16.26503054370931, -4.821208305991663, 25.73401968590141;
  15.22940412261348, -5.519388935724612, 24.09830055403188;
  16.09509765083148, -5.099770865381251, 25.30803352576685;
  15.93748034190638, -5.910356646749465, 25.0826246460936;
  11.78620413712341, -0.2571484002042545, 18.68544836930344;
  15.96946481257695, -5.797908211693907, 24.94677726318701;
  15.22991549409336, -2.914143613925379, 23.43081689182241;
  15.66742056454375, -2.996658176711538, 24.0168302820661;
  14.44928980131683, -0.7543200209184282, 22.18972352760826;
  15.72550235139325, -1.125493353817365, 23.81758224881043;
  15.21026094696322, -2.596674032643826, 22.89660932300045;
  15.74555256475367, -3.529942906477293, 23.6552576216702;
  15.6518575563001, -2.600764547401818, 23.40828633959832;
  15.86913359376326, -2.91274268278355, 23.71693671154237;
  15.69052796896919, -4.667147882763673, 23.46489860446053;
