m=[-2.968298093491055, -0.4165202215777829, 7.701739956597991;
  -2.361986600338224, -0.3566518967161884, 7.457066021551515;
  -2.66480806958705, -0.4535438284326306, 9.093794554507356;
  -2.821120768975928, -0.3685221815919804, 9.655854594482678;
  -2.565165230473901, -0.6430232297354642, 9.144577505579104;
  -2.618715955851493, 0.2161832709031368, 9.422768038106661;
  -2.826720291386926, -0.3571304329527664, 10.71843780287931;
  -2.806966297374772, -0.42812876898724, 11.13569628801617;
  -3.656874837618305, -2.383893702897048, 14.29486860859115;
  -3.425912371568058, -2.371875524117053, 14.02834661866543;
  -3.223858233074536, -2.286774613513669, 14.09611533660831;
  -2.704321782509482, -0.3552437210537881, 12.14596792200532;
  -4.310390568350069, -3.830806963275464, 19.20969655464847;
  -3.320726497604548, -1.652392339415243, 15.1016286352895;
  -2.5557137826885, -0.13710726788065, 11.91997078263354;
  -3.013037294015316, -0.5280022251570011, 14.03037219072059;
  -3.323696576373717, -3.038442053665522, 15.63259032397425;
  -3.506603607800931, -3.111081222427999, 16.54561751162675;
  -3.352502441948922, -1.533223303753176, 15.920021100338;
  -3.323028529208222, -1.991822343237488, 15.7889293897117;
  -3.412921583014636, -1.810000260097977, 16.21138130453722;
  -3.307624716283837, -0.8099567968749454, 16.79535290723214;
  -3.313299509414763, -1.88272330531507, 16.9023045273732;
  -4.253040042209226, -3.867356884044451, 21.64652612283957;
  -3.32896531654118, -1.415086479255484, 17.33791635976107;
  -3.387945560475297, -0.4803365692523032, 18.01558902187643;
  -4.321596784071929, -3.921691752326293, 22.57944511753825;
  -3.270110557146628, -1.923344847753381, 17.52195941986231;
  -3.344035903889139, -2.116874075658206, 17.97113287881964;
  -3.335395275482811, -1.936797710634141, 18.49672019907632;
  -3.33315210110949, 0.1662771039285289, 19.34157186608505;
  -3.060982479568889, 0.5326071321468782, 18.15282027413447;
  -3.325304577023513, -0.8526661961878141, 20.10499103855087;
  -5.030705535575666, -4.641349473286989, 30.04784641677189;
  -4.327780902031563, -3.958800526077821, 26.15247695254182;
  -4.508942704102152, -4.487667624189436, 27.40966399933518;
  -3.255710258337325, -0.4471326989485921, 20.58971701932875;
  -4.537279087395362, -4.710168218396303, 28.09245143420521;
  -4.410429116523994, -4.943133900315774, 27.64569999968703;
  -3.12314264217935, -0.6664957490321045, 20.64795805527902;
  -4.298329549804665, -4.917428968409519, 27.87113987236029;
  -3.242057525610217, -1.887321520060053, 21.90211978364538;
  -4.242927293530499, -4.817526410409573, 28.25354180641786;
  -4.280168250115485, -4.690691542643392, 28.73509524495767;
  -4.187918098022361, -4.552009994426205, 28.74174542647591;
  -3.54927866668005, -1.053079565903694, 25.15273255101823;
  -3.442186860583782, -1.904909233303624, 24.57478577929125;
  -4.013721604550785, -3.922124054032087, 28.55576617651735;
  -4.088921844496739, -4.817113521063973, 29.13568710062885;
  -4.311893110947081, -4.634441656752666, 30.92710221930576;
  -3.707609011882169, -1.553820061530383, 27.13290141273229;
  -3.573747029589721, -2.050473333051463, 26.65421215451156;
  -3.829761769900933, -3.72601575217111, 28.87766244498771;
  -3.926462247664668, -4.046420966726315, 29.86302783120069;
  -3.811959530952729, -4.323066847091816, 29.0272768012019;
  -4.710185705335561, -2.708818788218101, 37.08573586996818;
  -3.583241827540625, -3.522973762595111, 28.87037270156958;
  -3.154464363592803, -2.416319820970588, 25.83653862621856;
  -3.388365001836983, -3.029930580415488, 27.64988450249357;
  -3.519579963926307, -2.851265656522776, 28.71810360958209;
  -3.390074368686196, -2.924928209970567, 27.76704785368744;
  -3.299457157602363, -3.395021545543086, 28.41544508110231;
  -3.368421054612929, -2.106614978034529, 29.24705854036927;
  -3.182807339239285, -2.500671902240365, 28.02512551499524;
  -2.987580041940606, -2.046701768565877, 26.73669317552729;
  -2.974887242628175, -1.757921229526259, 26.76542451073889;
  -3.149021556614137, -2.093250414644243, 29.16037165690959;
  -3.833691210370881, -3.145456416728315, 36.02309100109769;
  -2.656069531664004, -0.8740631400561671, 25.5008574858805;
  -4.645737050173043, -3.705729342777616, 44.69750270645321;
  -2.913171228584252, -2.366331663145901, 29.78776852066545;
  -3.768011122126843, -2.165045078603232, 39.66731709124103;
  -3.123884793777342, -1.952296881478098, 34.31630358326872;
  -2.812172854925493, -3.047146968682843, 31.85587616207479;
  -3.04588335431907, -1.490350181071671, 34.64543249780077;
  -2.819812808857854, -2.88241081295544, 32.67121975909922;
  -2.504948599119474, -1.539312316128771, 30.24740771921789;
  -3.742216106233308, -4.667453094260255, 45.57602004460928;
  -1.24990507618282, 0.7845117716337305, 16.43057214061667;
  -2.557755452679055, -2.699038075723524, 32.17856074273966;
  -3.017093114070737, -3.670981025453049, 38.60501790622568;
  -0.9059894974275953, 0.9349137949595392, 13.27861115731781;
  -1.801236771013197, -0.5705664716626308, 25.51514764467563;
  -3.418352401586233, -3.258631070518242, 49.08686247445826;
  -2.901465904058057, -3.848492800040515, 42.32490163670966;
  -2.616577117324595, -3.761158519918735, 40.14961264165572;
  -1.828140423117614, -0.7547413002822976, 29.30413144864335;
  -3.122817145318637, -5.352419196446444, 49.75281540678941;
  -0.9104788473272448, 0.9519917075569315, 15.67427146805462;
  -2.064395610959366, -2.414539637225655, 34.27361563030722;
  -0.8300476003097526, 0.5055912517109404, 14.63088943554123;
  -1.975351554798345, -1.21784566496559, 34.62857144232702;
  -2.620117122403554, -4.786467548277081, 45.27748406856368;
  -1.747437713335829, -1.757491108978577, 32.69761818081557;
  -0.7672628009235333, 0.5413886750868394, 15.43866214124268;
  -0.7296219930515199, -0.2837876221846298, 14.51496705163018;
  -2.012922769853424, -3.67512105483412, 42.31752678732804;
  -1.76987847561598, -2.939704130035453, 40.18476404579215;
  -1.484428885159247, -2.113846856821854, 35.29174531755477;
  -3.444983971260012, -7.427066539744467, 81.41739627752529;
  -1.771400007055339, -3.100802226237914, 44.07091581480256;
  -2.222852244125157, -4.947305022336821, 60.40118568553247;
  -0.6039462456875082, 0.5680657885784978, 18.45071602989428;
  -1.794532701228961, -5.16726867889891, 61.42390049484949;
  -0.9647819364149394, -2.239782518352651, 35.86392888868298;
  -1.081371278714723, -1.190718500044086, 40.14128289677848;
  -1.411448237178164, -3.744770544184987, 53.48566670720007;
  -1.604536347592624, -4.802650137799857, 60.33474378347987;
  -1.336952507343197, -3.197801439219154, 61.40670217910314;
  -0.3944014139838154, 0.7807014592977521, 25.60810239770605;
  -1.24414601981582, -4.90335081028108, 80.27008973474203;
  -0.7037479519208314, -4.236171636069348, 53.77117838406786;
  -1.287419029263299, -6.114352260707901, 115.2632667081588;
  -0.8469098173982603, -4.79914912233096, 83.63811078345351;
  -0.2700394028506477, 0.3829522562232524, 29.97825534830093;
  -0.1161278643217512, -2.439791187532141, 40.3613021026712;
  -0.02045290127014051, 0.1612014777553795, -7.782408556414035;
  0.1700825888445804, -1.941895989474146, 60.45352485787725;
  0.1502886804671381, 0.5826299253913965, 35.42317341990039;
  0.6078434031440279, -5.605282445818453, 104.3026318081412;
  0.06482057521494493, -0.06389920131552652, 10.52541170322963;
  -0.4784806142042644, 3.993761599256242, -59.62964472151615;
  6.597162549743113, -14.340127130133, 544.8324506852454;
  0.285999445091269, 0.3507608158143384, 21.45412434194184;
  5.867336652086969, -2.311644965538786, 284.8848486970294;
  4.431591707436736, -7.634694706048334, 214.5204870474667;
  1.130516005383725, 0.6204353471456781, 42.36265123923076;
  1.254673717544447, 0.2006507206451879, 46.28801411471076;
  0.5575852195062142, 0.8397574546006179, 19.49281999427564;
  0.9030999551275011, 0.3007125938207541, 30.48346570964485;
  -2.469430370803972, 3.369049064924814, -77.98988921909499;
