m=[-0.9349576550892538, -0.4919900683940989, 2.481652804503959;
  -1.134760674997132, -0.1624367589410798, 4.035837744692928;
  -1.382088827230553, -0.9758508677758758, 5.392650965125372;
  -1.372710314235237, -0.9265812823959239, 5.444790650523889;
  -1.737164788722817, -1.596924794614438, 8.729200023993892;
  -1.352165966417845, 0.02725251587997023, 7.475309363499802;
  -1.940254162231856, -2.07113949189691, 11.03832398615904;
  -1.914195730641731, -1.787418011491655, 11.01517109727702;
  -1.851777513766541, -1.864622428295225, 10.84395563804248;
  -1.88530749917699, -2.054343292786576, 11.02344965074127;
  -1.835779563487208, -1.923585910661237, 10.93646938582607;
  -1.825609817829079, -2.067330242705431, 11.02398070738023;
  -1.792096686161329, -1.839781670689675, 11.13132388330859;
  -1.749873078142975, -2.017800585816119, 10.92073464505949;
  -1.732247873860727, -1.827964713271411, 11.05521352374695;
  -1.727424618073423, -1.974741940770106, 11.05869589847178;
  -1.723785843706625, -1.906358309680482, 11.13895943243805;
  -1.690634872878217, -1.848939031876842, 11.13715854140183;
  -1.402087967860434, -0.8036794294286597, 9.562535681290548;
  -1.631475799832333, -1.611539756672802, 11.13918428538543;
  -1.600955350375002, -1.735154095121344, 11.04242513258497;
  -1.631953867509615, -1.750113259709029, 11.30107949919704;
  -1.618848439626663, -1.569986893041589, 11.38118908892162;
  -1.551708229308549, -1.535054548656035, 11.25171282004774;
  -1.530208186484868, -1.748780412366435, 11.17673115628836;
  -1.373558035080374, -1.244944795970723, 10.70221586710018;
  -1.410662361850433, -1.233412510786468, 11.012839573174;
  -1.480639922140063, -1.222085975737133, 11.54326765449878;
  -1.356763288195146, -0.8776669195605849, 11.2240419497572;
  -1.344893234205334, -1.07723968266756, 11.27483310369335;
  -1.303998100039075, -0.7981784603667053, 11.15781913198249;
  -1.30140451557951, -0.8899274462494534, 11.45470655524631;
  -1.161775997467875, -0.4159377278176878, 10.54556508225246;
  -1.319866954991976, -0.8534911235077464, 13.70878194669096;
  -1.161531404318499, -0.6015578855511047, 12.48266223086175;
  -1.145541547053364, -1.179157047119185, 12.55337187560376;
  -1.205586040670032, -0.7700342953854598, 13.65580637294795;
  -0.4312921013982186, 0.3009973037722163, 5.707466225219718;
  -1.107207661453469, -1.173247868484443, 13.09815038603601;
  -1.424882912511581, -1.775009008712803, 16.44655102397652;
  -0.7919120547121455, -0.2843617947536103, 10.41612529765438;
  -0.3529231224597378, 0.3205797833447006, 5.497737248813368;
  -0.4380952753076521, 0.2151259668065501, 6.899971293663133;
  -1.159365360716682, -1.625041224296671, 16.57294782281086;
  -1.14879997656989, -1.634974109071439, 16.48199074888211;
  -0.860557824377571, -0.3757077223114017, 12.72899455672826;
  -1.129991311648857, -1.905921746543471, 16.84333015783765;
  -0.3689685191580946, 0.2106749259256772, 6.632196602602896;
  -0.8194410354568401, -0.5295301343859066, 13.20747056404624;
  -1.11404743692247, -1.994154434371226, 17.91548076424281;
  -0.7316722039304987, -0.7433608554460844, 12.63308297370714;
  -1.026086569331018, -1.99108238164234, 17.95679625917415;
  -0.8542145017879103, -1.390275797170266, 17.7061026170861;
  -1.464775915441071, -3.065194469973011, 30.14711262870053;
  -0.7607349334706577, -1.293833713753077, 17.13444042380282;
  -1.844357989139521, -5.399454894798811, 47.74250715385855;
  -0.740499273613288, -1.699466960289163, 20.9454825409796;
  -0.5315951665969967, -1.134460026483704, 16.92671312032455;
  -0.6212092221847918, -0.6938358408701026, 20.11989495401255;
  -0.6773527525875261, -1.665735697969221, 22.25400528393799;
  -1.260223594241593, -3.507823187264137, 41.30776460387941;
  -0.591063807696976, -1.768896733227604, 25.06217153807549;
  -0.4233825119437795, -0.7447427575996708, 20.08947068285101;
  -0.4368840142265461, -1.008902870518284, 21.84297111264902;
  -0.5588156793211666, -1.87910092005142, 28.63076981059956;
  -0.6219884314779045, -3.128882112668177, 37.20853394448015;
  -0.2629920595779756, -0.2217355981035441, 17.46016826735871;
  -0.4054462228636217, -1.784332302344431, 28.8708523611312;
  -0.1903142003210205, -1.721844323309757, 24.67194195711948;
  -0.1870527467017887, -1.753703796552853, 27.01547623217342;
  -0.1298095048337295, -1.109248334042335, 28.21820243691132;
  -0.04147102928970459, -0.7926999354095807, 31.61390783776238;
  -0.01026524368475819, -1.57465013073017, 21.30044756166026;
  -0.0289037830671366, -0.89062471617288, 24.48896879863152;
  0.05352357630159875, -1.592881502657806, 27.47021984398131;
  0.05196124621431416, -0.2398551769634816, 24.41205840298607;
  0.1585916544957725, -2.394681217995605, 33.95907126967805;
  0.08541104831012913, -0.7176631485359311, 16.48826198805119;
  0.2735298904633078, -1.020435698924135, 33.42078460812574;
  0.166717982427121, 0.2290839035060544, 18.08050156257557;
  0.3732205588291995, 0.3253895714146126, 23.770656577043;
  0.3551096796037652, 0.20743709979664, 22.09081859706977;
  0.5494238646891265, -0.401359060780408, 33.09738881727624;
  -1.861139716676049, -0.04620384797014342, -111.6374540527889;
  0.4501934825285735, 0.2169565922595036, 19.87510424859394;
  0.5240509755359134, 0.0106160717639625, 22.72299885671583;
  0.5605533260553721, 0.1318245577083751, 22.00639203467743;
  1.204242304804658, -2.035960177851259, 43.35608389914565;
  0.2931106035612008, 0.3036954259720376, 9.721245675805713;
  0.1960032556703991, 0.3214548157516505, 6.425513048595396;
  0.1252942651381863, 0.3312880149639873, 3.991492999607337;
  1.176755603519608, -0.8830784308213305, 32.27309204096039;
  0.2360736949549144, 0.3531449894167467, 6.526272297040172;
  0.9859107755039283, -0.08525415298703755, 24.56140631803327;
  1.647872691910613, -1.740677898474804, 37.35883022938101;
  0.6611923765505172, 0.2145726043206593, 14.19042397597734;
  1.476060421615502, -0.30786018429825, 29.97364032616752;
  1.49608739327366, -0.07531870904952616, 29.98146010983705;
  2.680392775147597, -1.988235457330879, 52.846490978619;
  0.7246624307522189, 0.2954903296181866, 13.65020067457119;
  0.8081519887246226, 0.167264708708417, 14.61806406014441;
  0.8394184086488157, 0.07277244750547311, 14.45725498658209;
  0.3766299309578803, 0.2968689540275257, 6.922511217707756;
  1.514502076928112, -0.06838080141561806, 20.77586196021857;
  0.6769648939428912, 0.2998652803430932, 9.666900439620356;
  0.7755061171320514, 0.1611700826492078, 9.679320719086702;
  0.8083214076066977, 0.321186242811096, 9.575591748526719;
  0.7147802748267658, 0.183946530439104, 8.465400875951017;
  0.7670271358492328, -0.5346589013095477, 8.28897198812653;
  0.8044944564891855, 0.2223576012021505, 8.534417912123736;
  0.8907340430374331, 0.08776765403031352, 9.215474177934668;
  0.8737991494675702, -0.6513484641783505, 8.960593961117395;
  0.8593633195518454, 0.1811939110522333, 8.460839304137814;
  0.8847820176053637, -0.7045476261135186, 8.487215016664036;
  0.8875303157084713, 0.1375841278668413, 8.359937489356314;
  0.9371025298061791, -0.139078725432985, 8.552444814569718;
  0.9321090670520665, 0.2620588337721895, 8.497857330224621;
  0.936045339347094, -0.7891760964452923, 8.519755784352478;
  0.9334996400581322, -0.6667432645763822, 8.376963473602711;
  0.9556795162444277, 0.1323219793223527, 8.454210939962239;
  0.9781590259605364, -0.821960729888046, 8.4340937490405;
  1.062966762466876, -0.15584834319301, 9.025577874982231;
  0.9778556314300106, -0.3670309411094843, 8.3545406576108;
  0.9828423369531872, -1.136133059804315, 8.351050662635325;
  0.981812856190464, -1.089857647109782, 8.321944727384949;
  0.9972163074145943, 0.2605076753699148, 8.36323536487587;
  1.049750134411441, -0.8964467347258646, 8.691491200596001;
  1.001726897673102, -0.5880138010883818, 8.255771898241312;
  1.208645671364039, -0.06357786701123577, 9.69877207314601;
  1.083476465330306, -0.09449124247688442, 8.78203969418497;
