m=[-2.233445325808964, -0.319709369552685, 7.943369157228324;
  -1.611721663442211, -1.72044490463103, 9.169265678122208;
  -1.566796780832152, -1.46302739138785, 9.016076224213025;
  -1.520815103750772, -1.53136428683372, 8.905849323763574;
  -1.55097151034193, -1.690030894676291, 9.068577068436813;
  -1.525351494278005, -1.598309896001673, 9.087125846475137;
  -1.494526366200799, -1.692409585659246, 9.02472678814833;
  -1.468849549406962, -1.507933416130676, 9.123525642649891;
  -1.442185978523794, -1.663002733552163, 9.000498708739476;
  -1.432342469659547, -1.51148777918384, 9.141215919593302;
  -1.421599716577334, -1.625131744644868, 9.100853832056592;
  -1.423836657355171, -1.574640407499872, 9.20071296710144;
  -1.396693168783326, -1.527473824624734, 9.200799950346999;
  -1.352919746357247, -1.336387557245075, 9.23729446649412;
  -1.316765392470241, -1.559193159846425, 9.009358768693971;
  -1.311422504459261, -1.42135140028344, 9.045402059018333;
  -1.34612837752327, -1.443592965265114, 9.321773190641959;
  -1.330729939422621, -1.290564645788187, 9.355594196545567;
  -1.274787124999089, -1.261105495116175, 9.243708556972477;
  -1.263054896390925, -1.443467419701855, 9.225427714527928;
  -1.260069291911395, -1.393248543564859, 9.231395154519085;
  -1.130254632915542, -1.024423131336905, 8.806492887316832;
  -1.166242246491367, -1.019703804632083, 9.104686643244566;
  -1.215953830131298, -1.003620192004212, 9.47973933894156;
  -1.120963989003043, -1.159734390926314, 9.190544279133025;
  -1.135980902222387, -0.734846577739782, 9.397584244506181;
  -1.109665522781245, -0.8888257485616101, 9.302815459305808;
  -1.060542168374027, -0.7252207689787235, 9.334683553621725;
  -0.9512216718373489, -0.3405553064422898, 8.634340931361106;
  -1.121116423266083, -1.139724791324831, 10.47743973396479;
  -1.232225025810179, -0.7367767559956432, 12.25664380117736;
  -1.093385538609284, -0.7070370602470559, 11.35643549205385;
  -0.9483238184090347, -0.491137535239178, 10.19137826723375;
  -0.3593434420254579, 0.2507845769195375, 4.755339947023133;
  -0.9813532779868257, -0.6268119026318624, 11.11589707873347;
  -0.9143544845796365, -0.9688918234760007, 10.81671755183554;
  -0.6518344523871957, -0.2340623730376672, 8.573665836998686;
  -0.6384058084968023, -0.597899529102871, 9.616066789289533;
  -0.7031282198661507, -0.30697612001826, 10.40036477482702;
  -0.9571867591254986, -1.61445759884538, 14.26755448511921;
  -0.3012861320942095, 0.17202940160373, 5.415607993457039;
  -0.6702095506714704, -0.433095412699129, 10.80220849240388;
  -0.925931460091583, -1.657425227929459, 14.89030602512168;
  -0.6106651596457438, -0.6204206925270868, 10.54377026968433;
  -0.7839785413034535, -1.358316513316427, 15.69169092285207;
  -0.6973263530526411, -1.134932677154201, 14.45413527738733;
  -1.171550407617609, -2.451589893627379, 24.11212644632603;
  -0.59931067697856, -1.375435102729745, 16.95187526656858;
  -0.4833639055324014, -1.031531254472946, 15.39096416929844;
  -0.4818940380158827, -0.5382330833742485, 15.60771649484674;
  -0.5524798136781293, -1.35865004539437, 18.15138219472054;
  -0.4721910709098516, -1.413142256241642, 20.02175308957056;
  -0.3861364114129029, -0.679225730238647, 18.32214580863673;
  -0.36133590857083, -0.834438485976289, 18.06577845803874;
  -0.4480627637515418, -1.506677752186709, 22.95637421135892;
  -0.5132372738753162, -2.581814780650147, 30.70283233594282;
  -0.3343653092125296, -1.471511604664727, 23.80935111141978;
  -0.1665366079528192, -1.5067194804336, 21.58946373006772;
  -0.168481484655891, -1.57958984564364, 24.33328365682315;
  -0.02750384971369141, -0.5257236259860697, 20.96654423400498;
  -0.02645076516405961, -0.8150388190389182, 22.41062913107298;
  0.04619924157376881, -1.374906581821172, 23.71110845630698;
  0.04633634280272245, -0.2138903993362245, 21.76940680012469;
  0.1448377162554859, -2.187001326628031, 31.01395432499611;
  0.1512594758895509, -0.5642914152336753, 18.48138188875848;
  0.1529142837407855, 0.2101165123953237, 16.58349570853273;
  0.2596270938864631, 0.2263539529342996, 16.53581599639355;
  0.2907526912389383, 0.1698430048315523, 18.08727085653094;
  0.1172427566260359, -0.08564688523196398, 7.062723975881198;
  0.4204144357370481, 0.01043702656990221, 25.21787957786795;
  0.367917529168323, 0.1773062837617371, 16.24279233460784;
  0.5361482931709791, 0.01086113569506954, 23.24754197870853;
  0.4639065024867713, 0.1090962566196904, 18.21219835229646;
  0.8725288372280141, -1.475146620854894, 31.41347328552634;
  0.729893935694659, 0.2474619814155039, 21.91681682190594;
  1.16019507367157, -0.8706508318636241, 31.81891149367065;
  0.2010077333145116, 0.300689468462779, 5.556871559416524;
  0.8902907471055911, -0.07698565168626825, 22.17928165930539;
  1.313078291917539, -1.38702848401343, 29.76872499098;
  0.5345461196589174, 0.1734728909354769, 11.47235863826388;
  1.248131316763156, -0.06283566048717486, 25.01244208969019;
  2.093518514254615, -1.552909625489676, 41.27570716610226;
  0.6075197912007662, 0.05173627749972742, 12.07754439369715;
  0.6305432569024415, 0.2571120385352705, 11.87731228426135;
  0.7316300466389506, 0.06342785506474966, 12.6008222253909;
  0.5547429123605113, 0.2915616685536284, 9.273973187638175;
  0.5809295339505406, 0.1216388431488738, 8.408330701065902;
  0.5770078785757425, 0.2555887769327738, 8.239537625918317;
  0.5954076572923769, 0.1681839548673741, 7.930950988944546;
  0.6438188893350607, 0.1338020955772605, 8.035693564773155;
  0.6999866356907925, 0.04340137411613762, 8.315019313034899;
  0.6741047329023094, 0.2678552917002766, 7.985625095757611;
  0.6123189573738099, 0.1575784219259547, 7.251914498298018;
  0.6499572148009919, -0.4530549104745336, 7.023841654573646;
  0.7425843955530593, 0.0731698657154293, 7.682727942922974;
  0.7318827741994313, -0.5455609807172083, 7.505276665390785;
  0.7312988825481592, 0.1541919484603213, 7.199984206635947;
  0.7302908860902254, -0.5815270879484557, 7.005268700795838;
  0.7915156800760997, -0.1174716623249057, 7.223749758863181;
  0.7689010340142821, -0.5491802712670711, 6.899901832154846;
  0.794455025821542, 0.1099990736564143, 7.027973558544528;
  0.8129915739468425, -0.6831682065786492, 7.009951316570788;
  0.8127637776386616, -0.9395279007305402, 6.905920948477233;
  0.8222041070329133, -0.912684558859613, 6.96908488233265;
  0.832811071456342, 0.2175592944422447, 6.984437532035;
  0.8680586087073117, -0.7412890742449285, 7.187161508115714;
  1.041072410706456, -0.05476308304836994, 8.354081152408613;
  0.7991531160522056, 0.1580674976652604, 6.62317129752176;
  0.9079505419121502, -0.07918342258286605, 7.359327086997161;
  0.9202915849293198, -0.8618130010724157, 7.287048205129191;
  0.8345683251519183, -0.9958272660376355, 6.667019083476244;
  0.8925680038651521, 0.1056761044837287, 7.011035795457656;
  0.9658392350219335, -0.1202475761035684, 7.464829909171496;
  0.9575492539661169, -0.1520334768559606, 7.256911698916867;
  0.9238093610040411, 0.1032295890891029, 6.991487580615281;
  0.945951527807924, -0.6954044353188793, 7.022442551079081;
  0.9461670546326356, -0.6668648585686954, 7.005818256048414;
  1.179102527801037, -1.421816829321933, 8.457064444244317;
  1.190362399016004, -1.799051862941927, 8.601221043451318;
  1.140608786175904, -1.516306611668359, 8.185969747555136;
  0.9445648042245, -0.6391310501867661, 6.930770297870312;
  0.9518972428342176, 0.2053470214711049, 6.904912297949105;
  0.9542076034119257, -0.4537276475017699, 6.849946726422827;
  1.135059624993875, -1.359536267601216, 7.914910218592264;
  0.9301320817843654, -0.2901707536159169, 6.62960835730459;
  0.9633313762471008, -0.3675302286897598, 6.791262589836808;
  1.227527461620976, -1.549476742808834, 8.305163422486338;
  0.9930227516419022, 0.08869612041568976, 6.872436653424654;
  0.9403768468202497, -0.2084149582233009, 6.479055442791965;
  1.024478972717804, -0.3339365971764908, 6.642698812400581;
