m=[-2.632677138177324, 0.005914579325451941, 5.302103382171276;
  -2.820205973374894, -0.2489932712056345, 6.079757817501438;
  -2.725708222883488, -0.2572005698940782, 5.957993813270521;
  -2.748578659184715, -0.2592850799577451, 6.07828259826764;
  -2.394595151377289, -0.7118435497058664, 6.19269522171938;
  -2.760760946075768, -0.6100400158758372, 8.14096128986221;
  -2.78283328030871, -0.5099236152432418, 8.285407844118618;
  -2.579942242709368, -0.7810163365905211, 7.952027311633515;
  -2.49693385305559, -0.7888110681455196, 7.904469298302513;
  -2.82183848894422, -0.5206675546003898, 9.386504501151302;
  -3.51744893861072, -2.608928362322242, 12.96196944229036;
  -3.486808011956804, -2.481313078025561, 13.07396430885175;
  -2.759477289914628, -0.5394742777535478, 10.93761940683062;
  -3.281347194407643, -2.494330435234356, 12.8910129332338;
  -2.835714429601676, -0.3794856874128352, 11.65615480125542;
  -3.330806112290187, -1.8443844978522, 13.62731899687199;
  -3.681833863410907, -3.324152219359615, 15.4300690863947;
  -3.328858499201418, -1.726534238218065, 14.25670370395748;
  -3.421603194081536, -2.012488809002884, 14.67412504647338;
  -3.610104297326359, -3.376029462832262, 15.43713888133276;
  -3.410299883655367, 0.07028515272073077, 15.49955144827748;
  -3.436737668446556, -2.157528746157035, 15.82986650455885;
  -3.354591083492019, -1.644298310262371, 15.76627288011095;
  -3.355724049528513, -2.198036775929436, 15.76252433550862;
  -3.35781308585584, 0.08684098781074474, 15.98009991961691;
  -4.428836424310624, -4.244376655836172, 20.71572220595952;
  -3.44593949171323, -2.251201599363466, 16.70910389884964;
  -3.356088313916505, -2.332081981690781, 16.33186950498071;
  -3.416915607896653, -0.387754613043591, 17.11193551824517;
  -4.860929181670817, -4.672706701027412, 23.84969243768139;
  -3.316144784426263, 0.03234189291713536, 16.88356402505093;
  -3.394917243108793, -2.303399176402266, 17.40072285751854;
  -4.549101381606707, -4.57363640789035, 22.957012218204;
  -3.417670546381429, -0.1445782300391449, 17.84433269227352;
  -3.192649400167649, 0.2450308047695188, 16.9506303119534;
  -4.814360105460236, -4.903570412389298, 25.34407209112545;
  -3.288017073076975, -1.107952602129727, 17.93405123051808;
  -4.496032557601107, -4.246913257983866, 24.77144540874977;
  -4.588298297123277, -4.496387952510013, 25.30437519423944;
  -4.641776002244218, -4.501428796729766, 25.72201862440758;
  -3.356331577693088, -0.7594634291972764, 19.10634698055809;
  -4.734665239160581, -4.955457432580684, 26.4298947185729;
  -4.727139106647068, -5.34287126633385, 26.40995659398807;
  -4.49426867845608, -5.271095732125726, 25.91301796951927;
  -3.296347468194584, -1.008502931109363, 19.61015763786754;
  -4.472796732592446, -4.792717413138399, 26.50146346774193;
  -4.400746744963215, -5.253984863976773, 26.18437827039028;
  -3.424449697939359, -2.233349960923254, 20.86710163412306;
  -4.079467306335785, -5.011382218105823, 24.90109172000515;
  -4.323303953542857, -5.117769738912959, 26.35954017503644;
  -4.351628964700871, -4.995914070815918, 26.77344637802072;
  -4.230182145398249, -4.81587910155921, 26.55207027897826;
  -3.552556335016492, -1.529037777050279, 22.58270308205402;
  -3.575417377633062, -1.375874480144732, 22.88086720532656;
  -3.85787679380188, -2.700081001183503, 24.67619668473697;
  -3.69556487008158, -2.825210097025821, 23.70767305016559;
  -3.467410215771927, -2.186964744069492, 22.38343116044221;
  -3.843290255909493, -1.649617763160508, 25.0260054705623;
  -4.140093068442471, -4.288037399151249, 26.87694924627103;
  -3.99536833450134, -4.892852194105291, 25.98206871523565;
  -3.840934969815567, -4.340978093035552, 25.21524396755542;
  -3.699904147815983, -1.866160064672733, 24.50257709791262;
  -3.996228175369086, -4.107523819741852, 26.37114706235102;
  -3.677040107958327, -2.386770868654283, 24.77662490430535;
  -3.960468971453054, -4.090899402122915, 27.15385977809892;
  -3.796747917023077, -4.137828057256666, 26.30252776634618;
  -3.818439546325959, -4.532968538444423, 26.45738277352228;
  -3.449268306252342, -2.374048140094442, 25.04889592774713;
  -3.638476173900091, -3.778886752400272, 26.46924253073954;
  -3.339757111344984, -2.784055534141532, 24.54498143363266;
  -3.407016049542849, -3.275043860374356, 25.10163025180151;
  -3.48718533306223, -3.245775871427325, 25.76829122375832;
  -3.708272539216117, -3.270887669418236, 27.34076798264816;
  -3.174410710751817, -2.260957416177268, 24.78491459987547;
  -3.315779399434813, -3.620104829634507, 25.74528403234357;
  -3.389797573764807, -2.918415514622538, 26.77682858105588;
  -3.241655923119128, -2.198455780973545, 26.03321157957599;
  -3.273411178868584, -2.462967805566668, 27.12333243580256;
  -4.678368592738129, -4.080023124344287, 40.53499351471365;
  -3.444568992547901, -3.693560759154442, 30.24933447407442;
  -3.459967511183073, -2.331125006493913, 32.44734439254969;
  -3.430632880646388, -2.492902307392122, 33.36916913130147;
  -2.868502710315833, -1.740074002949944, 28.78956700007503;
  -2.773031726773602, -3.040368867397745, 28.36348147048354;
  -1.124743736087688, 0.5533546309695656, 12.23391852637984;
  -1.367490920087112, 0.5149581478230049, 14.9835599015674;
  -2.842660133426856, -2.063760465396842, 30.03287049116904;
  -3.646785693855449, -4.755558020198222, 39.35357271565403;
  -2.782036533742348, -3.135673786780818, 30.59603989333435;
  -1.058042344136137, 0.7547859111164934, 12.55582706274607;
  -2.129358019003, -1.16563485566144, 24.33585052337549;
  -3.408997766384734, -4.3773250290854, 38.43124934295639;
  -2.012852019627084, -1.060105990948899, 23.76085011940803;
  -1.97575764272636, -0.9340318347828912, 23.88369315476912;
  -0.9333193335594505, 0.6362801323502774, 12.93080833235714;
  -3.068901425782947, -4.73720607071736, 40.03787690877513;
  -2.982117827904414, -4.439516061330341, 39.58528631846823;
  -2.218210818680652, -1.288460902588133, 30.1319710288562;
  -1.086606220344386, 0.3225010661835113, 15.32300958906826;
  -1.685750910248563, -1.725705061919823, 23.13517652124962;
  -2.578383857711452, -4.449518643220932, 35.41778423269512;
  -1.101276220365792, 0.3763604318960849, 17.43333631872551;
  -1.80643441369766, -2.003560886450706, 28.17336660475602;
  -1.774275863846959, -1.502617144100533, 29.36697839995118;
  -2.307983866466379, -3.867728162191955, 42.68807493268317;
  -3.767164844256364, -7.948255554674716, 69.94418922744968;
  -1.909446536210198, -3.334195359731826, 38.11100172523332;
  -2.301442364659159, -6.152449491336984, 60.86359111000397;
  -1.625431924510004, -3.459155429936964, 43.90029677851083;
  -1.61664557539528, -2.031287653687501, 44.21158486906152;
  -0.5452336514256813, 0.1807138609370704, 15.74813877931512;
  -1.961059265737093, -4.755312394295863, 54.79001469157905;
  -1.221078710185857, -3.498328601908102, 42.52403593418119;
  -0.5494207941494772, 0.3484769162718165, 21.18346296644742;
  -0.2266376211490521, 0.7701745542423139, 9.754422821285631;
  -0.9608698306420647, -2.157832133257247, 37.54481959418076;
  -1.338950535119219, -4.176673863374431, 54.13819744940875;
  -0.7686131113710423, -3.378549315967995, 35.31975201317129;
  -0.9991541948698915, -3.424477681830684, 49.74120944130638;
  -1.25331312371508, -4.753152432150746, 64.84360314072741;
  1.243658994214826, -0.2140443140680088, -75.56600933540378;
  -0.1583694839355098, 0.2077546699379741, 14.39690432561589;
  -0.8987782314600731, -5.512872162092854, 72.16140941600347;
  -0.1005147313392727, 0.5534227878336507, 12.89483449344392;
  -0.2232428687414705, -1.675773155508615, 35.07083799285776;
  -0.1364401157321135, 0.04863408377901857, 25.38554547000707;
  -0.2289029555075925, -1.396367352648896, 47.0507130751167;
  0.01674419082539623, 0.1508391267543257, -7.102268009483235;
  -0.1873005113850366, -4.178160801867914, 60.19034551319032;
  -0.02659551475628421, -6.174512321111823, 75.58759125942669;
  0.1336903550712736, -1.933580814477713, 46.6691319086551;
