m=[-1.299023023825881, -0.5121953041987646, 2.757511900060868;
  -1.891634269271673, -0.3490322330774072, 6.292292649851088;
  -2.614671759367504, -1.812633277291191, 9.19016267129247;
  -2.370568343237821, -1.758275128775326, 8.73565898530024;
  -2.339141930023581, -1.664600816110941, 8.770731856069208;
  -2.22489191992746, -1.691261333284146, 8.740650963029182;
  -2.355790199410382, -1.385608191175628, 10.10320542989902;
  -2.508890876676178, -2.424129249684073, 10.68616091021926;
  -2.336869195646393, -1.467048972607484, 10.76379141338977;
  -2.34068708262374, 0.06053570380886372, 11.13951625790103;
  -1.790157783965529, 0.3152764022212328, 8.812151924741816;
  -2.377233760018132, -0.5221484559990461, 11.39663569309044;
  -2.241631911544464, -1.557667409650283, 10.90854483945962;
  -2.397864929186673, -0.2721118384073647, 12.00852311215317;
  -2.436022053229912, -0.4990594528401984, 12.22490842518271;
  -3.28367809620602, -3.156529147146477, 16.11105813970039;
  -2.353279024155631, 0.02295119880193957, 11.98130348823569;
  -2.319098849137877, -1.573472929257041, 11.8865920619866;
  -3.156571963312908, -3.173596551157714, 15.92962105052501;
  -2.171198556758838, 0.1666360639690344, 11.5274743501536;
  -3.286934017585436, -3.221091908220676, 18.12737669471885;
  -2.386941909536962, -0.5401120377855001, 13.58797225195353;
  -3.323079899925707, -3.478045470447211, 18.550129198155;
  -3.336226749811326, -3.770786016107846, 18.63909685380819;
  -3.262463953498972, -3.558176078219794, 18.5726174097873;
  -3.217894733450701, -3.774102620350849, 18.55371140840981;
  -2.347290319607042, -0.71814309332653, 13.96416295110591;
  -3.212703561287508, -3.442494980653839, 19.03537118996175;
  -3.127794678740308, -3.734226678355706, 18.61033223826986;
  -2.468810864452027, -1.610103559403628, 15.04385573394395;
  -3.084228262199909, -3.650997070250366, 18.80479366245314;
  -3.128172717597929, -3.591317693342045, 19.24611799286352;
  -2.549534877964493, -1.097332392421269, 16.20674908907411;
  -2.574605774078302, -1.662618325401422, 16.44176522332602;
  -3.02819403345174, -3.447467711770027, 19.0074133999314;
  -2.665147236126536, -2.037469546948835, 17.09736982732103;
  -2.5099460598977, -1.583073014419895, 16.20264155437867;
  -2.830379244796883, -1.21485590933929, 18.43032447396834;
  -2.976499968763134, -3.082863832679611, 19.3230531945675;
  -2.818899853138258, -3.452112340253615, 18.33143869443693;
  -2.780602018171585, -3.142602658256642, 18.25429454439324;
  -2.73292101014509, -1.378432479676089, 18.09874123174603;
  -2.904089364418549, -2.984968754419648, 19.16411284603834;
  -2.735710706454362, -1.775752895677933, 18.43376085939613;
  -2.859255198995248, -2.953419271403865, 19.60369221497323;
  -2.746259208595953, -2.992968891845119, 19.0251132459474;
  -2.76087057504596, -3.277501006253187, 19.12964935176953;
  -2.452512688500629, -1.688005301338534, 17.81036719711687;
  -2.645356294608405, -2.747441890311761, 19.24447873109284;
  -2.625837604123513, -2.188924963639928, 19.29815046190302;
  -2.49919989048848, -2.402392339270259, 18.41317759122451;
  -2.573446404173513, -2.395292893063089, 19.01628679231812;
  -2.775302099311213, -2.44795961449654, 20.46205880948116;
  -2.444023591171307, -2.668338432782358, 18.97655843666166;
  -2.498647535582002, -1.779648631115288, 19.50874396146497;
  -2.471084635745388, -2.127457932803714, 19.51969350994233;
  -2.497857614712777, -1.694019860019638, 20.05988831686473;
  -2.420454617150027, -1.821189417131591, 20.05577412655651;
  -2.244422468270639, -0.9873020962469559, 19.07455028851331;
  -2.645620227425721, -2.8368597281069, 23.2331683075338;
  -2.436781031896338, -1.56046257497911, 21.52063344683399;
  -2.569596239730569, -2.493391624400198, 24.61769057887436;
  -2.711818967772871, -1.970569278959677, 26.37739126782761;
  -2.383177532262281, -1.44566893849907, 23.91862799759534;
  -2.340093932365309, -2.700691832214124, 23.46832309032622;
  -2.096879227726557, -2.299031151039314, 21.44757109961466;
  -2.372194646708035, -1.72220430804731, 25.06237512063806;
  -3.015527178757539, -3.932371042320581, 32.5414702336961;
  -2.208039654810529, -2.488713567124983, 24.28338684458981;
  -1.723712520512442, -0.9435798851665566, 19.69983904543321;
  -2.545149114834102, -3.268099801348041, 28.69267360973538;
  -1.568816450466642, -0.7416519496009284, 18.96443668434729;
  -2.779097883421047, -3.843915953468725, 35.22184448231158;
  -0.831862031740075, 0.2468938490603609, 11.73068002969383;
  -2.43023813353514, -3.617925866553837, 32.25951417407639;
  -1.765260761044255, -1.025362176725522, 23.97913925142561;
  -2.140834370918929, -3.694439218955874, 29.40741720840763;
  -2.278922105802149, -4.160527042299149, 33.57330151892823;
  -0.7427841394184404, 0.2538459964424104, 11.75836313835566;
  -1.592002201084998, -1.765728839669452, 24.82905623732929;
  -1.840366339787617, -3.084092928277142, 34.0391011210676;
  -2.924640201910236, -6.170631945055411, 54.3012042641305;
  -1.546997276991472, -3.292235097705448, 41.78190335221003;
  -1.788551425659898, -4.337003430173885, 49.97031991876989;
  -0.9695252448284919, -2.113868112347547, 30.99670279284495;
  -0.2693835041681816, -0.41605080581526, 8.945149002447899;
  -2.028722517568562, -5.812187166431619, 70.6502115858176;
  -1.181798508104621, -2.653973217287512, 46.17733887410238;
  -1.592015457348699, -4.966075427278089, 64.37044902841049;
  1.392242628944234, 6.119802423472214, -63.977134489367;
  -0.8339986200398586, -3.162914753100436, 43.14921348423776;
  -0.1746646870985484, 0.03006128152156011, 10.61280739917552;
  -0.3923411180979923, -2.406518485091827, 31.50041585654437;
  0.008863001141279123, 0.04586561397404993, -1.275458767780409;
  -0.1214246139744824, -0.9114741700980236, 19.07547143185988;
  -0.03132730290604615, -0.1911046667245621, 6.439287501470275;
  0.0293771842930687, 0.2646427570896079, -12.46071777304998;
  -0.0941052977583093, -2.099231141625639, 30.2414037463584;
  -0.01932122359379209, -4.485686185511291, 54.91319739522854;
  0.03902773264238831, -0.5644631209907119, 13.62394767978824;
  0.03665118129556672, 0.02074183634573069, 10.82770145831154;
  0.1474406576242192, -0.3043646659201415, 13.18760376528431;
  0.3028682786371357, -1.315691441571928, 25.95332560720394;
  0.1666305744965155, -0.8175472443368897, 13.33132545294457;
  0.3475591541588693, 0.007577804851718051, 19.96965767877315;
  0.2551261181230043, -0.1483893797963173, 14.48316770738612;
  0.3503359689017367, -0.08001701342429364, 17.53591149676091;
  0.6528117923782028, -1.664622490419207, 28.73776598751274;
  0.2204886270250731, -0.4248936599933769, 9.584514309623831;
  0.2778990202869111, 0.4376061529790903, 10.66238471473314;
  0.7260695603157183, -0.8884433308441135, 23.20410798819145;
  0.6809607452699339, 0.1429931478658081, 20.3186990368168;
  0.9327902188245588, -0.6452744804550595, 26.73961469194422;
  0.4440541379383559, 0.3656414025046769, 12.64119435080883;
  0.2326180889703373, 0.5141806514081172, 6.847968449411575;
  0.9494581754081923, -0.3842490081850703, 23.89002903868683;
  1.272363086469401, -1.342378242406628, 30.70867659638164;
  0.2614166501199972, 0.5110751857326453, 6.666457115928265;
  1.381194130324132, -1.46318463269948, 30.35982593511488;
  0.8486165062151146, -0.1154006577180081, 18.62581884400093;
  0.9515187390693475, 0.01889979655870545, 18.91422905762573;
  0.6751174707334594, 0.4321487518337265, 12.99092589802458;
  0.9480590391578299, 0.1431261563985931, 17.50583218416045;
  0.7369534554898602, 0.4322496757569199, 11.93147093028159;
  0.9763240644313248, 0.3155181029498583, 14.8321267297457;
  2.023005570992976, -1.317738219487369, 29.08630829845845;
  1.002342683496351, 0.0911099553498977, 14.52311086108304;
  1.056276863097943, 0.1678068612939652, 14.8303774339727;
  0.8638635702334635, -0.01359924211892292, 11.91905767792823;
  1.09861488837649, 0.09363611300947827, 14.40391715072248;
  1.062485850202803, 0.1593363113139491, 13.1501459751051;
