m=[-2.090562726318982, -1.137738280543441, 5.164135132472364;
  -1.130004776053692, -0.2209144871920598, 4.478950493105356;
  -1.809218100409634, -1.733864684760896, 8.462552234340791;
  -2.215165640346044, -2.269860095703592, 11.09909507446145;
  -1.882440774022767, -1.844732724316634, 10.38162397956376;
  -1.878784957810498, -1.966398554727272, 10.4877718118406;
  -1.900546313615028, -2.148101433078598, 10.61812324855377;
  -1.864122563573143, -2.033087999474139, 10.61211270734942;
  -1.828694026471132, -2.144780823741753, 10.54386921633219;
  -1.812089893901121, -1.941701201261221, 10.73669048574238;
  -1.776439737738836, -2.120864488402804, 10.56979025678866;
  -1.688069240061478, -2.073692356704767, 10.30398427539949;
  -1.752814451273292, -2.07491789914624, 10.68705403187303;
  -1.761116328741411, -2.02186030069953, 10.83528811290924;
  -1.410333708523395, -0.6070145875870191, 8.965135069715393;
  -1.717599625877186, -1.955412759733332, 10.78105490730453;
  -1.423857790491994, -0.8980554923125654, 9.191535137887255;
  -1.674903155906442, -1.734755053510237, 10.87325486879744;
  -1.617781834734258, -1.981185897507779, 10.5205115717001;
  -1.603184629392238, -1.811899813450161, 10.52470085352716;
  -1.628516476574086, -1.673870941504067, 10.7465954426465;
  -1.600502747281221, -1.653212227931336, 10.97340428302647;
  -1.542159869938427, -1.680699513917117, 10.68353856660685;
  -1.561991235290434, -1.854280273655289, 10.82279803034444;
  -1.538894805002294, -1.896866558928136, 10.8053782073405;
  -1.47840290253789, -1.535455195003277, 10.75510821429368;
  -1.402172913469229, -1.347859160234012, 10.33068982099998;
  -1.507920912449145, -1.25701822659227, 11.08221034210039;
  -1.440022493732081, -1.340333196562222, 10.64093687118888;
  -1.383612820464278, -1.510602139141321, 10.74302622777518;
  -1.402724073376262, -0.999082880425173, 10.95207883720445;
  -1.3893305842558, -1.196131581252068, 10.97465736153629;
  -1.318973843656392, -0.9924173700760236, 10.92895578366839;
  -1.199803143733284, -0.5277830602918026, 10.19670125611007;
  -1.407072091926558, -1.508782746196951, 12.35655155402731;
  -1.441352484093242, -0.9710995285308317, 13.51690739617348;
  -1.364391604727841, -0.9914482539943519, 13.2711997475267;
  -1.176814421200353, -0.7138721442594888, 11.81103211231471;
  -1.220842815764957, -0.886327249611146, 12.89827571885724;
  -1.161191118460397, -1.308795376134403, 12.77044688425008;
  -1.464980281282721, -1.910394333789564, 15.80904743692462;
  -0.9256174429057673, -0.5066935408843781, 10.57862864363725;
  -0.8287547085635898, -0.3917906044166671, 10.01829512479547;
  -1.003998093806564, -1.056042499437486, 12.58416670021256;
  -0.8375308498525821, -0.8573812526617584, 11.49423911654579;
  -0.9274127103169733, -0.5386931700736352, 12.59788866041373;
  -1.184107503761064, -2.043415063201299, 16.26540747650692;
  -0.4067765169534496, 0.1390156100482535, 6.439321666505962;
  -0.8269034992391275, -0.6318360498911546, 12.17717886868515;
  -1.184956126564957, -2.163321859908963, 17.45688859771867;
  -0.8093524752572281, -0.8976727582697879, 12.62275775139488;
  -0.927645136406238, -1.554551256067487, 17.15756581716359;
  -1.477597711156338, -3.117549855345216, 27.43425843674929;
  -0.6734732548344984, -1.433248991390619, 18.18942726164116;
  -0.6774255658395061, -0.8511736951654395, 18.52605070178253;
  -1.284342532363254, -3.433434910767802, 33.96552524421831;
  -0.7689022589293352, -1.864487476626289, 21.48235231804283;
  -0.6306848516309308, -1.806880127256359, 21.96358438664068;
  -0.53232427536843, -1.195444367251415, 20.79992340997511;
  -0.6291679990077015, -1.962603896261991, 25.43934257892171;
  -0.5354381838562413, -2.030633253339521, 27.70236778296027;
  -0.3771325158635939, -2.313232870301007, 30.27934247707598;
  -0.1611470184243221, -0.833928239690193, 23.19038148305027;
  -0.166401324940924, -1.249091964052808, 26.14118848095567;
  -0.1289672775782083, -0.7867338172671381, 26.50906083739902;
  -0.08858725225446999, -1.976138677773953, 28.46814075322742;
  -0.03649077503545431, -0.3287251500137049, 15.47804052629839;
  -0.01159594135062358, -2.69215630531826, 32.95703366193018;
  0.05522831180461522, -0.798774182808217, 19.2793067781727;
  0.07822527535911007, 0.04426967432546684, 23.1097579434666;
  0.222439809271044, -0.4591868981531195, 19.89578799742198;
  0.2603000822488272, -1.130770749569212, 22.30558056652634;
  0.3639174494092102, 0.007934463474086568, 20.90955395958953;
  0.6151083763075516, -0.3577663907534175, 34.91887791741129;
  0.563325286710985, -0.1286639427013556, 28.19699730695373;
  0.775493286450748, -1.977451358671447, 34.13839157182006;
  0.259565793296569, 0.2172262471916245, 10.24681962434006;
  0.6354530010661375, 0.01740842187142795, 23.22582927549278;
  1.41046053533192, -1.725887331634683, 45.07623010761229;
  0.5827943299520997, 0.1223794416595347, 17.38958181204114;
  0.6083609758787013, 0.1173369112721729, 15.73201677241463;
  0.1335285312126417, 0.295152399645241, 3.930903107698732;
  0.6059941765792182, 0.0704890341297023, 14.49209334422002;
  1.784861338324842, -1.890814349988196, 39.2327757265677;
  0.6643202861571841, -0.09033880132720536, 14.58080206281308;
  0.7128886255550192, -0.03303419752049354, 14.20410132441655;
  1.319172049825684, -0.3323208358628036, 24.08741040680571;
  0.7408407046133571, 0.1118429108055612, 13.67956267963768;
  0.5843836907207367, 0.2261670291448234, 10.57742122916768;
  0.6246401890487844, 0.03735415264790046, 9.616178658160282;
  2.060023621111523, -1.341850906150987, 29.61854529957919;
  0.6366367128334902, 0.2057415311364436, 9.67166205316785;
  0.6585097716692471, 0.05985657089347614, 9.541258268778268;
  0.6699900363990451, 0.1064388788907216, 9.406818859647418;
  0.6377215920973702, -0.0100392360949465, 8.798889894864482;
  0.7097355877037013, 0.06049151745547597, 9.305328657352108;
  0.6825425519842198, 0.1023578926036676, 8.447674094765629;
  0.7373016872847943, -0.6249524748530543, 8.19521236310702;
  0.8323133555584008, -0.003498243695190986, 8.925295251312093;
  0.7839791777066508, -0.7205552768919421, 7.994552750542613;
  0.8527030094174325, -0.8208904276090242, 8.124117170186539;
  0.9111934942278539, -0.2255692615261913, 8.512246167455105;
  0.8826066865780239, -0.74195940225541, 8.07326943308103;
  0.8952001079177432, 0.04895269702640786, 8.129066242992929;
  0.9324318861012485, -0.903086610690035, 8.188759759655678;
  0.8547850343122215, 0.2586946353590652, 7.656029139618092;
  0.9390182221781204, -1.166215879261156, 8.078802983169251;
  0.9301630601770523, 0.175275463571352, 8.006121138067606;
  0.9891317120589926, -0.9623880318375297, 8.321660000607565;
  1.027491818951167, -0.1802317480843954, 8.509498785797591;
  0.9557314692760502, 0.04050869916760613, 7.982946624415381;
  1.086200887365583, -1.140341584305994, 8.679414565091573;
  0.9619301681019861, -1.266595914375283, 7.753664913453124;
  0.9949412892805908, -1.234817558381486, 7.876841693322002;
  1.003202514261574, 0.04041643609038568, 8.046488298283759;
  1.122301765558011, -0.2344746387304411, 8.824830325140363;
  1.018625453430615, 0.1729429187490911, 8.084197501522246;
  1.130801305115949, -0.2729513268958529, 8.688534136525727;
  1.040133126550664, 0.03815568198661978, 8.024670874837341;
  1.09736009370387, 0.1141617486893893, 8.400853173741066;
  1.026444025665843, -0.7708908139921784, 7.837337913425346;
  1.084553394920105, -0.9079415452603722, 8.145623958775795;
  1.37690683885289, -1.813663680754184, 9.97344813936928;
  1.334593566114338, -1.923849617129868, 9.648183195320057;
  1.118538697395511, 0.1134185691879013, 8.24565139565288;
  1.085561641225068, 0.16293326833717, 8.010006044181077;
  1.051808591586745, -0.3550439053569069, 7.665856820660753;
  1.078704210914198, -0.4251132529553728, 7.762517167117149;
  1.095554234652299, -0.5095072163767143, 7.813082595593692;
  1.459701143232841, -2.00033815263657, 9.942081261010497;
