m=[-10.97459078359073, 1.706080120922902, 14.29567362249069;
  -9.348638305129182, 1.767692791972276, 12.49560859006672;
  -10.968953456399, 0.4864322866337284, 14.60843816169208;
  -10.70676898997699, 0.4719002684640314, 14.39195419312709;
  -10.91408026049147, 0.8141418725001245, 14.78081781420215;
  -12.65128084770497, -0.3581034790277313, 17.07570778095941;
  -12.58144358371194, -0.4261825127527948, 16.98840231669843;
  -10.26201536783582, 0.5493058532441785, 14.21802877869868;
  -9.019487463067392, -0.7247969633456073, 12.6879915289458;
  -9.00645158880671, -0.4421931195773633, 12.80391555713872;
  -8.937200117114511, -1.030058013579896, 12.80172083742232;
  -4.989337602785361, 1.552629802065022, 7.585818649821659;
  -8.941210837093175, -0.9374455222246039, 12.91165290941021;
  -8.499049522916534, 1.74965651954632, 12.36458360799808;
  -9.869047457584424, 1.547526572794812, 14.21092820636287;
  -10.42431500189687, -0.183370818554722, 14.9491554390449;
  -10.19760120765528, -0.2719606259763875, 14.68114451879674;
  -8.909911716161387, -0.9356354415120006, 13.00165316869649;
  -11.55066541817445, -3.472440696911763, 16.6659537634872;
  -8.982219295541755, -0.7334964313235205, 13.19640072171728;
  -11.01924526863241, 0.1866732165686265, 15.99601334116179;
  -11.55592203731836, 0.5793167918157366, 16.75708466707558;
  -9.841894366898769, 0.02842768816869458, 14.41904521996518;
  -9.990685746124388, -0.2505472563128331, 14.63612030738661;
  -10.91434371287738, 0.3656218083110053, 15.93501026792027;
  -9.031114978550576, -0.5144667349833725, 13.38499613396112;
  -9.467675182266756, 1.496574076272963, 14.04592220855565;
  -9.199480826841645, 1.690704217045043, 13.7196904996112;
  -11.37561584717741, -3.458965282516405, 16.7412392239692;
  -11.00535676375635, 0.5753977475572486, 16.25102191988534;
  -10.95655344106881, 0.4780625497192204, 16.24336649557069;
  -9.0333174514113, -1.102201715488299, 13.55129417288091;
  -11.59468808735551, -2.713782061917065, 17.14723560894127;
  -9.270306262356179, 1.163519583280511, 13.9223017593867;
  -11.48104319101164, -3.055683936091645, 17.02288995996704;
  -9.299538486005019, 1.053568526637136, 14.02015406128319;
  -8.923951778712731, -1.329680223911359, 13.51105556422724;
  -9.356746883374589, 1.62343595838164, 14.17329209982466;
  -8.956828490533287, -0.8938431043785157, 13.62619141106831;
  -8.942378688640677, -0.1341319876700143, 13.63894113741642;
  -11.02259407704028, 0.6145731792658401, 16.5998016784846;
  -8.422889269906207, 1.711586170952592, 12.92577476589122;
  -11.39611629325783, -2.716737821599045, 17.12595515258349;
  -11.21508183246125, -2.481471837960612, 16.87511454632071;
  -9.180185307923429, 1.496368571791815, 14.0242406564571;
  -8.963401615472924, 1.042542796358912, 13.76403777271957;
  -8.986613217173407, -1.330303079867803, 13.81233478245648;
  -9.040669980433689, -1.152321189085575, 13.95877433012206;
  -8.86574791577862, -0.8742416501111399, 13.7139549493215;
  -8.999542620600373, -0.5383474603642053, 13.91774665564942;
  -9.242263283385816, -1.269285207516545, 14.2722684037509;
  -8.91979254881934, 0.9912154938276655, 13.84354096075082;
  -8.914993048212841, 1.325896372592468, 13.86499330161405;
  -8.948227668354148, 1.445664088424506, 13.93807219246391;
  -11.11973031771061, -2.696375862097439, 17.11125720853279;
  -8.075749208741424, 1.75012532364176, 12.76462986713186;
  -8.795650351202585, 1.617029824804886, 13.88401405952829;
  -8.858256456806675, 1.541841335331853, 13.99577703843715;
  -10.63431058480693, -2.835859092207345, 16.64144678787964;
  -8.653047467873684, 1.665163229010229, 13.79900360587358;
  -9.525337003203799, -1.189438509049632, 15.07128785743941;
  -10.81416615997205, -2.701596453101032, 16.98357657742412;
  -10.80661704923093, -2.508792547360671, 16.98443180506351;
  -10.75427471994277, -3.507965374691008, 16.9139533620431;
  -9.841384995383422, 0.4043029927916105, 15.66231448606618;
  -9.360377363831747, -1.121556115254133, 15.01432502472746;
  -8.625209079695903, 0.5624764134447007, 14.05791863598036;
  -8.647689591068392, 0.6483515523371863, 14.14283113908027;
  -8.586156287220632, -0.02077663910115341, 14.0649379858204;
  -8.832118860376502, 0.4647428290643717, 14.49923959345826;
  -9.345627790424766, -1.053180439612298, 15.50232690371134;
  -8.628680976949283, 0.6333685644214868, 14.39736352899454;
  -9.006159714675581, 0.1373527560087308, 15.16636012615316;
  -8.751848654382432, 0.245391686532597, 14.81168032085447;
  -8.516207032124761, 0.575093926220136, 14.45044951785433;
  -8.552566564913576, -0.2160776020484952, 14.5526476284896;
  -8.73709435776102, -0.3354987776779206, 14.86211441159891;
  -8.432807703937797, -0.01523267618975331, 14.40581784354714;
  -8.607915877604693, 0.2678606560140422, 14.71580354709592;
  -8.693162828822656, 1.479071049704428, 15.03088004750201;
  -8.548117997355307, 0.6572968218979776, 14.82422381335405;
  -8.396035048421735, -0.1651752036412056, 14.8489176195933;
  -8.336698754443098, -1.024552085781116, 14.84697968460399;
  -8.912213849306363, 0.655984761814432, 15.92123887147795;
  -8.523785372220248, -0.8492190691378251, 15.25822765757376;
  -8.349596902991713, 1.377138912495137, 15.15884717237069;
  -8.421641956922555, -1.207661556728508, 15.26569385386871;
  -8.675968631949196, -0.8518442396776544, 15.70586625070779;
  -8.708968531297934, 0.5478805378033581, 15.82548217808227;
  -8.819944542992863, -0.6249020338690163, 16.04481210538742;
  -8.722683691850023, 0.6467080628120027, 15.89299477744872;
  -8.433714242657603, 0.6420207000015704, 15.52097432262204;
  -8.543920908318029, -0.7533591767856966, 15.74975781825102;
  -7.828168998231154, 1.56316804945873, 14.52992305802821;
  -8.420771193765134, -0.9505588586734497, 15.54856358828946;
  -8.704124984287018, -0.561550964777539, 16.12014079409117;
  -8.553571894933615, 1.493752080145419, 15.94675580738072;
  -8.656199634957854, -0.06695016082876826, 16.12526416492801;
  -8.81806786399717, 0.1908193696275615, 16.52600023515337;
  -8.578278036167843, -0.01507532667031771, 16.13533557907007;
  -8.508152341544996, 0.06374051928090969, 16.12880094819522;
  -8.781073700300997, -0.3190845212350197, 16.70573793971537;
  -8.549455636298545, 0.1028621873390361, 16.33173190424468;
  -8.764880164741758, 0.3466504486563655, 16.73498021321323;
  -8.470037594260774, -0.05283442304494048, 16.31039045836813;
  -8.518320839117461, -0.176581077877878, 16.41880986934008;
  -8.784368512622121, 0.5702183907978771, 16.95677219651774;
  -8.767728008502793, 0.2422971113140377, 16.93826111784503;
  -9.090192037726119, -0.3160189011709073, 17.54185766643464;
  -8.633266722034149, -3.417011420634304, 16.72820569058465;
  -8.567257771947498, 0.9451821369357688, 16.71317463715586;
  -8.735175084617241, 0.7324982327572446, 17.0264357214103;
  -8.374563813611148, 1.084014538617959, 16.42288116049945;
  -8.876534343398481, -0.2296419942096764, 17.35312892130668;
  -8.758354826149047, 0.3787072337611948, 17.14892057547445;
  -8.921542962069207, -3.291702119286968, 17.50912148341416;
  -8.399149153645467, 1.244737689989125, 16.58923032154444;
  -9.207962365060283, 1.115327786161447, 18.11813488869193;
  -8.234225859169465, 1.468616968996924, 16.32771800851401;
  -8.613317833876316, 0.8065172454752513, 17.11075125088392;
  -8.79308256149989, 0.6543451127049289, 17.46331423596548;
  -8.274815822390439, 1.280478074134892, 16.51027133316137;
  -8.68339712067367, 1.089174427043348, 17.3045849409789;
  -8.91628940042882, -3.374749807637509, 17.70616660653201;
  -8.552706499758997, 0.7483010688762719, 17.08901715930691;
  -8.492862319350225, 0.9124006361458652, 17.00018190004963;
  -8.725781049800728, -3.245248658785964, 17.513633688928;
  -8.408548573970728, 1.362214742100867, 17.05177127350635;
  -8.803786963558412, 1.259654700877167, 17.99540198743665;
  -8.973674646593825, -3.24997242031303, 18.41253651706211;
  -8.788169118432711, -2.437386854872939, 18.22852959718246;
