m=[-25.6707238211811, 0.7131638738545797, 31.76291437605153;
  -24.75241362166218, -1.321428089993189, 30.68465313800586;
  -24.29018055715088, -1.157024372592743, 30.13681361105882;
  -24.6880041532775, -0.008365616252566682, 30.65588925502781;
  -26.35854634743659, -1.945884407259972, 32.68721069169208;
  -25.21965862423559, 0.2591354259069152, 31.38712280110585;
  -25.55622525553223, 0.6754917754272964, 31.84359702666525;
  -23.99720514625873, 1.1824740063032, 30.08788124512652;
  -24.80963377456389, -0.7790229725155656, 31.28759958311025;
  -23.99316196263583, -0.4941427262412467, 30.32760764110779;
  -22.74190818322018, 1.122144861464131, 28.81660894124797;
  -24.74323581369913, -1.240417694036706, 31.2473784078398;
  -24.79597970225398, -1.594753254338234, 31.43661620761349;
  -24.91822367681179, -1.369069088982756, 31.59033389224888;
  -25.92344101803521, -2.72059213641346, 32.83516629561241;
  -24.9057851291737, 0.8874557780457368, 31.61502817284475;
  -24.58873337697033, -1.235678631721768, 31.32339212344443;
  -24.95609565716762, -0.1279414953713622, 31.87623360154489;
  -24.48331084650848, -0.4645590902963797, 31.30028867250848;
  -24.80585582941466, -0.7840300737766685, 31.70163573392818;
  -24.38838140867039, -0.9488243137672093, 31.32205149359382;
  -21.5899288114611, 1.538570620752479, 27.88722248159517;
  -22.16223911218561, 0.8639558112807692, 28.788941921409;
  -23.63325946033132, 0.1644713745116446, 30.66743069554846;
  -24.03850847979039, -1.776098332294191, 31.21900480244815;
  -21.4393868644764, 1.167809112041865, 28.00840118298808;
  -22.40805975451059, 0.5743046402204658, 29.22818723211409;
  -25.13895239609989, -0.3765743595831576, 32.72034561882914;
  -25.72115620835721, -0.2560156526722671, 33.5294316665534;
  -21.77053805699618, 1.34157157531664, 28.57059945646779;
  -18.23041474292041, 3.452125171115584, 24.10715425990993;
  -20.21547742658387, 3.450178579311959, 26.6912257283347;
  -24.34747806799412, -1.908879691932081, 31.98983910121249;
  -24.40430535956851, -0.09795437317403824, 32.11046509717024;
  -24.7286308128167, -0.3220713545912664, 32.54623400301312;
  -24.75400995261767, -0.664870297554068, 32.59586448146006;
  -18.50190584079367, 3.498443786682449, 24.73008004063885;
  -23.67222417304256, -1.891472430379821, 31.49450044270099;
  -24.88424712730923, -0.5547807226315072, 33.15558058546321;
  -20.90974652702568, 1.142437232459463, 28.08150904548222;
  -20.96179040517808, 0.923889786820884, 28.17667286925391;
  -20.90878133379004, 1.55970214443163, 28.31653059493118;
  -20.10152778643102, 2.281920727461829, 27.32335729787945;
  -24.22064394940692, -0.8204475766367951, 32.70451765286499;
  -24.67786270641673, -0.6985244100196916, 33.30824580578747;
  -23.54298013071823, -0.9202969410646783, 31.85970852997526;
  -20.02795144657614, 1.072057540722103, 27.74873938878663;
  -17.78223651098892, -1.428962685233886, 25.01482120142642;
  -17.86099853008353, -1.313791569769091, 25.35188542871186;
  -17.74885064855644, -1.158514234727104, 25.20447552595083;
  -17.47247520158055, -1.425956626333512, 25.00080701197359;
  -20.12297401887864, -0.3539768528604262, 28.85767232181104;
  -19.36211549606098, 3.036097289475443, 27.88046510267527;
  -17.65219730999652, -1.850753060987123, 25.49084781778807;
  -17.75318582027155, -1.52703732723473, 25.63392539363492;
  -19.65488139777838, 1.638120036299013, 28.3034856641605;
  -19.53533723725919, -0.6230252028475339, 28.13861791764298;
  -16.93530338799923, 3.48638561328674, 24.637810863805;
  -17.61869232039669, -1.047016910194316, 25.58641905578488;
  -17.74076226037812, -1.639042669005504, 25.75514271615405;
  -22.70603109976386, -6.76790519051028, 32.70492312060994;
  -22.64544166708218, -6.807828847729327, 32.67412483297317;
  -20.64710962770427, 0.3497755311809083, 29.97223793550946;
  -21.93585912823047, 1.099679583753696, 31.80888962990103;
  -17.60923545182609, -1.967252170157193, 25.81218495246722;
  -21.1136004118237, 0.7072887720604715, 30.82598901097629;
  -19.36434142996645, 0.05593267304459799, 28.37007839391327;
  -22.20981286166764, 0.9201835337164719, 32.49739958198092;
  -18.71141414416276, 2.166092837266108, 27.67027861244872;
  -17.81356587169052, -1.014768065093407, 26.40144776042995;
  -18.6195070483978, 2.457201210641999, 27.56973008544781;
  -21.8562283561857, -6.645788334137119, 32.16532206785038;
  -21.56928750758251, 1.127716230804096, 31.85021363745338;
  -20.42161387294242, 0.891047431109677, 30.27555703108729;
  -22.26986415002404, -5.212348740762822, 32.93461666950907;
  -17.42303045080673, -0.3484318920412689, 26.01699826209135;
  -22.50566553710678, -5.989891293730852, 33.36904683138236;
  -17.74102768391028, -2.164674412574342, 26.61413001004761;
  -9.636332363224323, 3.091240043451378, 14.99436585512204;
  -18.4180972334818, 2.086633395296049, 27.76745976348327;
  -21.93877727201643, -5.230019108333095, 32.96934727538331;
  -21.81362615409186, 1.216235441778732, 32.85087571180515;
  -21.79026747728348, -4.821358942740894, 32.78738979949356;
  -17.71163954268138, -1.767525959573331, 26.94504989880111;
  -19.69869553564699, 0.7234933975659622, 29.88559368896167;
  -17.88817406874764, -2.473423112546991, 27.24282053620449;
  -19.23639770303148, 0.3790887432923878, 29.24750758671956;
  -17.82495295367993, -0.2673669336816041, 27.18666839968204;
  -18.13392302486865, 0.1768815026085653, 27.66131879700442;
  -18.0929970528444, 2.949155300387115, 27.64002428650926;
  -17.05701865290781, 3.466097714035662, 26.17571883235106;
  -17.98787757670761, -1.590725995320477, 27.59590905126348;
  -17.85928482217927, 2.0772324546235, 27.42439549533262;
  -17.61496820059389, -0.8706556286155995, 27.062374095027;
  -17.64940650281725, -2.612670564664803, 27.12696156353028;
  -9.297907079457993, 3.170709269903608, 14.81917785474895;
  -17.9738735532703, -2.290944740843714, 27.75162076607663;
  -18.15828245019034, -2.493765715305444, 28.04073774289789;
  -17.43280286656226, -1.719029515490925, 26.9658776026051;
  -17.5674118040202, -1.050872464142575, 27.16791254748317;
  -17.74630103853932, 1.408244415760977, 27.48516942457383;
  -21.45970539220326, -5.203672209127134, 33.02261188839062;
  -17.44391667643685, -1.178553632212945, 27.07384904470724;
  -17.66805114788692, 1.963369209280911, 27.42086079062318;
  -17.68263288366079, 2.856783297893505, 27.54308705811375;
  -19.38288419195365, 0.3689670396605919, 30.14635279078061;
  -18.76783821228147, -2.223921715217716, 29.23989878238351;
  -8.828224437134534, 3.10888720380949, 14.34004221028653;
  -17.95050049072264, -0.6830468227329957, 28.07679511959571;
  -15.86996993561313, 3.439239574166824, 25.08427230644307;
  -17.32477265289466, 3.18505999773677, 27.34731116932509;
  -17.63466645118844, 3.069436722882363, 27.86223914395612;
  -18.07181304174221, 0.2247762545368379, 28.53530308386638;
  -20.84104833599587, -5.206513514822779, 32.73072885437322;
  -20.90532311917693, -4.853241176459594, 32.856261424175;
  -20.93391256202581, -6.828488423139934, 32.92413760851712;
  -18.66663886560653, -2.330922159899134, 29.53494323400824;
  -17.43547250382224, 3.355223440247458, 27.80432545222979;
  -18.42331688686882, -2.235290892759323, 29.34844260044114;
  -18.53852380477634, -2.123088355363878, 29.5908039899534;
  -20.46749990463374, -5.198622762526579, 32.70275752365188;
  -18.63723089070789, -2.233104442737977, 29.89467531888374;
  -17.69195881040233, -0.5027762143140803, 28.60891411284183;
  -17.29861792172742, 0.2863340750948853, 28.01597892057037;
  -17.10980896145705, 1.282790169967566, 27.98217216465945;
  -18.64241805132836, -2.057071300581377, 30.39923708251304;
  -17.28159885901006, -0.04181772734779598, 28.30889726635547;
  -18.32021726976004, -1.681354553552878, 30.01912598828376;
  -17.66000440241869, 0.9292629024831136, 28.9915295638674;
  -18.2457957557749, -2.056160979878895, 30.26573460524214;
  -17.06974971586613, -1.166110085918036, 28.54916133261346;
