m=[-6.15964578818877, -0.6957809030508255, 8.844732739514804;
  -13.09604216540289, -3.691569507084624, 19.2698937000784;
  -13.02506193664329, -3.589325407230099, 19.20785698327258;
  -11.89081511120214, -3.230775520047048, 18.87568673985796;
  -5.050353554685353, -1.106330886659272, 9.833043322251514;
  -5.780876951766283, -0.5439682020859591, 13.94125549905267;
  -5.885354825146993, -0.5346176488435687, 15.93077252030005;
  -5.964909987492033, 0.5700353045921139, 16.78738893610096;
  -6.926910516973083, 0.8576719817178268, 19.6872894851996;
  -5.921555953652247, 1.071709364793908, 17.01555221025823;
  -6.762953377192471, 0.9935291446617914, 19.62540482422085;
  -7.24344355406609, -0.1460849341915556, 21.29070697289645;
  -7.274867288348776, 0.05947800801478465, 21.43333289525377;
  -7.249748050474941, 0.2146010950023465, 21.56992480952788;
  -6.595909559560055, 1.519810867951644, 19.89364383739407;
  -7.408652724003602, -3.652198699889776, 22.50091467609607;
  -7.535765716392768, -2.625204635179248, 23.23239529173069;
  -6.370634411173805, 1.245723192194617, 19.75715967094113;
  -7.456565214232739, -3.139659766908372, 23.11337194092947;
  -6.349483086999491, 0.9116012078095932, 19.91355867659704;
  -7.059268863794697, 0.8888083766945504, 22.33782225194205;
  -7.426703729281591, -0.2899417088796693, 23.72841600130152;
  -7.487765593761406, -0.717944749248843, 23.97555433937107;
  -7.152072842150922, -0.8313675452216488, 24.04696186944765;
  -6.131096948047946, 1.560589195644759, 20.93473926847191;
  -7.45147258331207, -0.6503505680216921, 26.00505168296898;
  -7.481768509005432, -3.42379756160747, 26.35507593050528;
  -5.373810383767164, 1.577789757223794, 19.44252675299821;
  -9.599086764191123, -6.929346274380274, 34.65154578771303;
  -7.419451337139523, 0.1987993694509172, 27.0603862936973;
  -7.63045969206044, 0.05128316148999906, 27.91480380167214;
  -8.547532543029403, -6.087924536021636, 31.41375918664256;
  -8.031609432417016, -5.708114372563836, 30.04344771403322;
  -6.107059814391132, 1.131681880430475, 23.35193072443089;
  -7.553138182681003, 0.5363647274906891, 28.79976063790036;
  -7.562323330380267, -0.6517997666463791, 28.98901583453514;
  -11.75221510796444, -8.785057138476965, 47.33366471716114;
  -11.3795556245436, -9.291187110461259, 46.97113376375449;
  -7.642023588854125, -0.5631695796606638, 31.72529619924188;
  -10.90091714317231, -8.561469568880137, 45.24775706724962;
  -10.67148400266791, -8.130754522459849, 44.96899385484834;
  -10.88397500274775, -9.047999553789085, 45.94681992367462;
  -10.55711599044499, -8.381865908207493, 45.28044073750704;
  -10.58348151535649, -9.106758513327804, 45.88120520019793;
  -7.505574605850343, -3.085052033085212, 33.20572369330677;
  -10.47499805210511, -8.067866592973912, 46.55861846000109;
  -10.24673601480545, -8.904468249593469, 45.59647596468326;
  -10.62138121824789, -9.040297914814282, 47.50445566198608;
  -7.961299158029956, -0.3774499074645006, 35.69977647649339;
  -10.20206803178768, -8.71541283071369, 46.38314409056149;
  -10.27034543143938, -8.471829427336187, 47.17173839049968;
  -7.869120020571685, -2.791229646935653, 36.37519975702667;
  -8.216110776748774, -3.992021000194105, 38.33698617911453;
  -9.531032888546791, -7.738520315260673, 44.4889378875916;
  -8.243175645667041, -3.13333005881302, 38.62384334968946;
  -9.703298161941438, -8.495891592746029, 46.59220329469216;
  -9.852996680868063, -7.062370661646805, 47.2678712490194;
  -9.273182239401779, -2.062721879226759, 44.42667809786175;
  -9.853104405669097, -7.807457813478166, 47.58505688444921;
  -9.269239387681191, -7.246800049779513, 45.04981723434927;
  -8.696553423123334, -2.446477874414293, 42.19195568650117;
  -9.634923108353709, -6.79247147635872, 46.76487597459627;
  -9.715799359887171, -7.172917851817155, 47.47605283536408;
  -9.993326525930227, -6.953490877791904, 49.12794753127604;
  -9.751428668544778, -6.826689728272367, 48.95366898913152;
  -9.42453135179704, -7.004390223013826, 47.58359321546711;
  -9.399538487629149, -7.739123016592739, 47.56750964782555;
  -8.815577679445097, -7.537769943238992, 45.06250781454479;
  -9.14663930926652, -6.312999167198102, 48.11406244541178;
  -8.266580169085527, -6.203863910158841, 43.77689400550837;
  -8.409343144750807, -5.259004707333881, 44.51934464605549;
  -9.032124454824292, -5.421191715187268, 48.0749918902709;
  -11.30509798809332, -5.874432373801546, 60.04668084968822;
  -9.179012123599579, -5.159432905555905, 49.01055222629835;
  -9.212157693852086, -6.505694620157001, 50.68003138038662;
  -9.141578360055938, -3.830128038839187, 51.1472968160368;
  -8.193869935824131, -4.257162246299309, 45.9935350979959;
  -12.53371570511201, -6.177890741141237, 71.42619711098426;
  -7.599901891990498, -3.283455361631149, 44.46583936480138;
  -7.135350058652072, -1.321698294136617, 42.37122186495618;
  -8.813311788211404, -3.515112159798605, 53.03035187773572;
  -2.946743597946722, 1.60507365439977, 19.00394885753637;
  -10.68310707747802, -5.508617364205295, 67.47773209838309;
  -2.670931288991709, 1.91704495390184, 18.29166289687792;
  -8.941062796969392, -5.368613928274737, 60.22921721149813;
  -8.846931124120768, -3.280010207385008, 59.53043116713405;
  -8.181243484813031, -2.241807967404025, 55.88573409479593;
  -2.929776589890285, 1.671789992731219, 20.64260554540304;
  -7.760983170800568, -2.709088098830581, 55.45260029763517;
  -7.667529987753112, -2.069278573702825, 55.51664564311274;
  -7.921203254005697, -4.958328771898034, 58.08271364966733;
  -11.42548684614959, -8.796976949371894, 84.31641164139731;
  -7.280762064145574, -3.090856289079426, 54.07705205347717;
  -2.634705309593587, 1.896452633944151, 20.092167710785;
  -2.478783091946127, 1.733584557348821, 19.20608246960047;
  -2.446634404969942, 1.917331299176535, 19.04349483456946;
  -9.55846533957792, -6.701050677108811, 72.14960881196774;
  -5.368549060778441, -0.7118010753421576, 41.44184673337897;
  -2.708321695458082, 1.817912928762292, 21.61265449355938;
  -8.003689803259874, -5.720163798773585, 63.87147394222792;
  -2.27740631115841, 1.903717603397671, 18.77988679635104;
  -6.002801525086898, -3.16880932462131, 48.36257979595363;
  -10.33953008462418, -9.365644561539638, 85.55867851439732;
  -8.287320407575804, -3.960515134007992, 70.6668347763852;
  -9.76980120827939, -9.322628281690935, 85.49796161743213;
  -6.650032837522311, -1.849618235928981, 59.82023745733505;
  -9.159513481967478, -8.934346214708581, 83.97828802362074;
  -5.968053345276913, -2.890115437771387, 55.84408081335745;
  -7.681809404295408, -6.241035402623802, 71.79995289849998;
  -1.401818152815265, -0.05775585983499013, 13.4561776267959;
  -9.95840482359112, -8.762529196514096, 96.58894498601039;
  -10.63467350786518, -8.917744117724736, 111.723159886846;
  -8.87735621806649, -6.71122944028373, 94.20114242337844;
  -5.47551800130428, -2.086302384963335, 58.69074174586155;
  -19.00877190033497, -19.27148467447692, 206.1537717625857;
  -13.01550088224704, -11.69667981769443, 150.6539897224162;
  -1.562968089126554, 0.8074787232942021, 20.1026602204463;
  -5.874314292344345, -5.323597521808051, 73.25601311097947;
  -2.210600787178638, 0.9720690092470006, 28.01216062783752;
  -9.50541349997053, -8.01230057549143, 121.5537945070111;
  -6.71694671348495, -5.167326088655889, 88.43096736359563;
  -10.6854723159767, -3.298025927884082, 142.1644836507262;
  -8.247703561739645, -7.383836129840019, 111.2984495602942;
  -10.46831733059153, -11.29117249240665, 141.0112990948112;
  -8.101285218245224, -5.316993622729794, 110.2733715676149;
  -7.100312524769767, -2.755980984791083, 98.45674355699583;
  -4.894838395322723, -2.219472403011896, 72.40430692029646;
  -8.612825526713651, -8.398250895223743, 133.4285566146574;
  -4.690475627554331, -1.946686101568113, 73.42751159200482;
  -9.723689130012966, -5.559900695311751, 154.4259454063166;
  -8.254766263581908, -8.117364777312515, 135.2171263945428;
