m=[-6.529727697861278, -1.874287758218405, 9.539316396350358;
  -6.49877850021957, -1.831904039533891, 9.562489895643477;
  -6.180777685767168, -1.679338637030646, 9.811474008651921;
  -2.877662694168514, 0.5208121112418654, 8.268944885328066;
  -3.643891764691673, -0.07348958884994954, 10.71051789441377;
  -3.65484893174067, 0.02988138826986623, 10.76797565246592;
  -3.310955845972777, 0.7629011029607099, 9.986033884538816;
  -3.67549093675104, -1.592918447761147, 11.13026594461869;
  -3.765784291274902, -1.311871248204396, 11.60972786719907;
  -3.679729831593275, -0.4277372483038837, 12.37212272625303;
  -3.747289674031459, -0.3270564228480254, 13.07774544624704;
  -3.748670995315315, -1.715462139410053, 13.20496732839321;
  -2.694813973205928, 0.7912169542475045, 9.74987746621612;
  -3.722170389665096, 0.09973313292726309, 13.57558180766126;
  -3.452114867112718, 0.6397015852161937, 13.20005856822138;
  -3.746575062747011, 0.2660524227084145, 14.28551449865583;
  -3.791142240946373, -0.3267601132637397, 14.53276693582515;
  -6.669765495198162, -4.711516799209548, 25.73627135698744;
  -5.411172028229879, -4.4181173202178, 22.33557210340244;
  -5.379001299167751, -4.224612968701975, 22.327272178342;
  -5.251425663955996, -4.001135451816943, 22.12919293629559;
  -5.323550109066129, -4.425541128056974, 22.4734252103821;
  -5.181198784394402, -4.113634205958083, 22.22263776568827;
  -5.172882256872959, -4.451105192829679, 22.42533063998619;
  -5.006247607122269, -4.350455872271234, 22.2770693381367;
  -5.091213106750488, -3.921263558937703, 22.62910669354407;
  -3.964520080796585, -0.1879602446704334, 17.77756091205976;
  -5.315167637301555, -4.523959541705638, 23.77225147784185;
  -4.982699649239561, -4.256615846832928, 22.65357132206571;
  -4.034571350119053, -1.431089516450325, 18.64990474295695;
  -4.984344578889671, -4.111499205290419, 22.89311494857256;
  -4.078426146022664, -1.981614326420494, 19.03024083305773;
  -4.051675813905995, -1.540090635209322, 18.98434519253379;
  -4.759182505635117, -4.16698507694619, 22.85210606933755;
  -4.769958838917306, -3.418981904930932, 22.88296723968869;
  -4.450938097634992, -0.9900643770447352, 21.32389820367591;
  -4.791014471514941, -3.796330763388088, 23.1379559958876;
  -4.628011152678594, -3.262676141087618, 22.46290552920077;
  -4.683820142851858, -3.661865512879833, 22.76402977297853;
  -4.387260205395211, -1.234205609921138, 21.28510907309579;
  -4.697084291675086, -3.467733175547732, 22.95220534549148;
  -4.730620013125505, -3.291628970815207, 23.25608506758972;
  -4.409006902085853, -1.758569309318377, 21.7533114356686;
  -4.704977447070624, -3.293816967894963, 23.61970910869579;
  -4.573172978968152, -3.398820260269783, 23.08953035565994;
  -4.534756060170676, -3.733697675273026, 22.9486855047829;
  -4.319418348557437, -2.98125721537936, 22.72143430208309;
  -4.214578327168212, -3.162936770181823, 22.31892087568851;
  -4.181855030828213, -2.615233427148387, 22.13888078684165;
  -4.312949177526252, -2.588684917504706, 22.95639279217159;
  -4.39252433339699, -2.468994950547696, 23.45350897769778;
  -5.327011404145558, -2.768058116885062, 28.29425751145797;
  -3.966492260489776, -2.060809023556597, 22.26457124992389;
  -4.384650420539292, -1.837075815003221, 24.53219867083341;
  -3.498670203857004, -0.6480672149472595, 20.77584564476728;
  -4.147338496845799, -2.747941340874549, 25.64350545764173;
  -5.465395559554424, -2.818166350226208, 34.52108967032532;
  -1.476676455166194, 0.842621559871601, 10.40435973424215;
  -4.125484802093185, -1.529528383507357, 27.76012219338642;
  -4.365686286170626, -2.621353270257528, 29.40834591790971;
  -4.035873482122786, -1.105901974981284, 27.56888395765753;
  -3.534535813989272, -1.233782975408909, 25.25442942180813;
  -1.184101634425275, 0.9279339489700192, 9.216511184906686;
  -3.716894594508636, -1.003098828098932, 26.91212429892376;
  -1.239140522381676, 0.8666167205051728, 9.601096256309107;
  -3.707810637845404, -2.320928219722368, 27.18775123416497;
  -3.623212166991343, -1.538139553847447, 26.91100618712172;
  -4.713892570279452, -3.629429961362091, 34.7870083560554;
  -4.219558427687551, -2.958160526238246, 31.85024782758085;
  -1.38929665064516, 0.9325407492505448, 11.08671416316905;
  -2.667721916135798, -0.3537058723170099, 20.59314751977796;
  -1.134555132056368, 0.9483914075140375, 9.355738077936525;
  -3.673313144128071, -2.625283261233147, 29.31397024797981;
  -3.0893299637835, -1.630821468135656, 24.88970629215451;
  -4.426786431831958, -4.009825198152746, 36.63125829444049;
  -3.761263250195507, -1.797509845494789, 32.07267917493321;
  -4.30536819127219, -4.108307467815454, 37.67734844536626;
  -3.011887548632922, -0.837716485110544, 27.09337423680167;
  -4.22032352948648, -4.116575801186967, 38.69370852609414;
  -3.049916207924426, -2.477884314345127, 28.50680465345796;
  -2.817912768400964, -1.364614678032985, 26.3676846132939;
  -3.982164478709425, -3.503958026224278, 38.62396363402769;
  -2.576444228913512, -2.208724530289096, 26.50570258387326;
  -4.14061561327132, -3.472128270012297, 43.49946990374001;
  -2.348506602320843, -0.8948367851876288, 25.17306937031905;
  -3.702608083209255, -2.799150080662038, 39.28984067063996;
  -5.578164895860347, -5.655258523060268, 60.49626660915414;
  -0.9157424210639441, 0.4731014831149138, 11.77814113299326;
  -3.834033900265209, -3.474593348976954, 47.81256563541457;
  -3.504108150660691, -2.953681894239521, 44.81000664274868;
  -3.277325662418814, -2.521236377004366, 43.14714572789382;
  -3.51058267142105, -1.083526523672333, 46.70642139510728;
  -2.990577857124702, -2.677343658781947, 40.3562853945639;
  -3.176508278727565, -2.084789487784655, 43.23811201201023;
  -8.733126316963734, -9.41958793651143, 117.6377681554819;
  -3.222315801957215, -1.250739463397617, 44.68236003220777;
  -1.194685921829933, 0.7788917301103903, 17.897437098031;
  -2.381772774282215, -0.988506139878627, 37.28569592510968;
  -4.510783322846423, -4.398404444831474, 69.88035530292666;
  -2.816825050633006, -1.610630219475674, 44.73516848102049;
  -4.716043889489134, -4.187882931686235, 75.57133221975205;
  -3.393811135101389, -3.337320777992452, 55.5922935381922;
  -3.556711455814281, -4.449474946247168, 60.20037869385428;
  -4.040437973555329, -3.725198770344584, 71.95357417646601;
  -3.874446626726056, -4.701906670322973, 77.88276573685781;
  -2.56430130743194, -2.877117056456084, 52.45284521479213;
  -2.077934699903241, -0.6565042041620069, 48.45530311309549;
  -2.409670676838654, -2.951272900368704, 61.66221803995936;
  -3.001976135483123, -4.989006172805451, 82.85232823655699;
  -2.107051912848659, -1.20685640915257, 63.16107780475775;
  -1.396776985080955, 1.142102831593528, 43.58354875253367;
  -0.2598928023287074, 0.8308155425972591, 11.40400534264928;
  -0.955672856231403, 1.062648921992395, 38.83178104628237;
  -1.083925862421388, 1.011950117902055, 44.53318217687153;
  -1.445117388279982, 0.01812764328758077, 59.81722072450502;
  -0.3072469390339944, 0.9698438191215797, 15.5079588502651;
  -1.205638480391332, 0.9214139511912864, 69.73349902335966;
  -0.1855291337059604, 0.8763191404120077, 12.29885709653192;
  -0.8240889544344869, -2.359655267769406, 65.81120937567783;
  -0.2141025732344564, 1.175795219418214, 24.19748201800807;
  -0.3675154787634415, 1.322094101224524, 53.62563836992052;
  -0.03646598175570705, 0.9161408806137942, 9.654641847038544;
  -0.2875261517369125, -1.302196391059569, 84.12807482123996;
  -0.006025900915409941, 0.9103495495705603, 11.40104034855462;
  -0.009105004810734427, 1.024329868050555, 19.81821327749869;
  -0.02270273544867945, 1.015732171253674, 31.98789894665773;
  0.01507925738889898, 0.2128520598037846, 23.58872727875761;
  0.05382575905512789, 0.9844980194947485, 16.90341387523137;
  -0.03296886488957571, 0.3073116971363999, -8.610489175491427;
  0.3964999041078455, 1.335832768698631, 45.19901267066228;
  0.4466135464528845, 0.4151363778408533, 41.86908503215263;
