m=[-12.7341620376862, -3.060978333929152, 17.3217338814408;
  -12.74963802154209, -3.730664038083401, 17.45037141064243;
  -12.7890873378909, -3.664738488608806, 17.54187275313493;
  -11.9363796774831, -3.256291251796679, 16.69193023571528;
  -12.6483933449904, -3.605530054555012, 18.66027339272156;
  -5.417225657453549, -0.5904475600472827, 9.039795412047303;
  -5.805709588654595, -0.6562448831738194, 11.42596907468487;
  -5.701732492872833, -0.6642830200354152, 14.14304234875777;
  -5.786415542111873, 0.3639585201003492, 14.98142084415337;
  -7.01020508219919, -0.9149272623623281, 18.24582204061458;
  -7.078218602465414, 0.1522830215668702, 18.41558815910718;
  -5.421134762574593, 0.7954356319427028, 14.34472951325016;
  -7.197357578837095, -0.08768064675102211, 18.7621768956213;
  -7.059453030082398, -0.7929464631272714, 18.61451231991533;
  -6.825816053205364, 0.6292663152518955, 18.01512698014296;
  -6.616387328913969, 0.5140286938139879, 17.50719989298821;
  -7.226505965606671, -0.929402331190899, 19.3098490960796;
  -6.543297243343092, 0.7472654589757569, 17.62618132278181;
  -7.088282840135209, -0.3629029693984381, 19.39309781153239;
  -6.591722551918613, 0.7611380461896553, 18.11090965583374;
  -6.212572508031606, 1.21767112410436, 17.1253601789693;
  -7.100548203631446, -0.1658026362961671, 19.48114110907287;
  -6.434964620077776, 1.25925765009686, 18.03195386490307;
  -7.202148508995533, -2.490382022324018, 20.21020780924986;
  -6.173738746181489, 0.9825203738053919, 17.76216893721479;
  -7.306368944141983, -2.71379893751234, 20.97811290434037;
  -6.193058437558011, 0.6619146931821656, 18.01348303114347;
  -7.172529438687139, -0.505338911961089, 21.40116215855889;
  -7.193213011128367, -0.9097088634556854, 21.5084521006716;
  -6.887478629793539, -0.9768603454690229, 21.62206639700791;
  -7.267020527412099, -0.8775886371705266, 23.72174289672613;
  -7.348348826290583, -3.538621848742532, 24.14954776522488;
  -5.207261065337418, 1.296004357641462, 17.41625582998505;
  -10.47615936131075, -7.810366219068942, 34.7962942166635;
  -9.461609089241962, -7.00863903462717, 32.10041775982815;
  -7.166471210594666, -0.08094057108744492, 24.48321338832138;
  -8.245150706708015, -6.035950303617641, 28.39039447617199;
  -7.786167498709062, -5.682646874006751, 27.22489355754381;
  -7.660616848776166, -5.476939649350258, 27.17297665455746;
  -7.489301373394674, 1.07736773540438, 26.68754560524283;
  -7.144183294920204, 0.2019171373926361, 25.54948541166094;
  -7.333002042906878, -0.9192103524058026, 26.34215591661696;
  -7.957292257222341, -5.790518102424048, 28.72708000218278;
  -10.49630285552641, -8.763647427124836, 40.8616370261227;
  -10.81082815908495, -8.714934759320991, 42.31114264623869;
  -10.48803360201208, -8.211543190913901, 41.64045335704532;
  -10.63987597721227, -9.04852480353979, 42.32656603372012;
  -12.08285141788817, -7.989756707224724, 47.84264666047651;
  -10.35213328625073, -8.431412378436493, 41.81501555721512;
  -10.34314118651812, -9.084363006946827, 42.1998368901227;
  -7.593777438053662, -3.36521838875262, 31.42212373716188;
  -10.01932708269433, -8.893720537883599, 41.93217377909291;
  -9.978318169316056, -7.905433318054665, 41.75456681905447;
  -7.635369027944254, -0.7108211511705673, 32.17046384135918;
  -10.81762372079462, -9.425888668595595, 45.55674980730839;
  -9.979592245059155, -8.716534977831945, 42.65623381666546;
  -7.656809930598401, -3.548038287342528, 33.07906912703735;
  -8.065056970476048, -3.135886578476598, 34.93129805062054;
  -9.927445487764487, -8.407232641692092, 42.90524491640132;
  -7.998851634917999, -4.134961513330207, 34.97234139924237;
  -7.86670142972191, -3.269523011728807, 34.57230329435195;
  -9.599234382530018, -8.602162366240947, 43.27957247611054;
  -9.415611589710176, -6.999816171992808, 42.46559726436174;
  -8.38578682996185, -2.243910537552601, 37.83640276530073;
  -9.537492256801322, -7.785298048042003, 43.28065671894559;
  -9.087231652370958, -6.651607623269286, 41.43752864699032;
  -9.650643424831889, -7.772259188783038, 43.99992495435465;
  -8.616230453714838, -2.789976149240185, 39.28709132388526;
  -9.262586064093506, -7.081113857804291, 42.52337834181754;
  -9.19694985024211, -6.665184052195381, 42.52384044041879;
  -8.992938498409858, -7.736549127360824, 42.08442655032914;
  -8.417157549854423, -7.241209634503711, 39.38993341631686;
  -9.207364373141752, -6.715585269793849, 43.43830111737623;
  -9.069903459036892, -6.993571006929974, 42.99432965220176;
  -9.003715341528, -7.628730468963746, 42.74267960919428;
  -9.171705799999023, -4.032347754469373, 44.19053903094001;
  -8.823231223956187, -6.630434930606056, 43.30364136437166;
  -8.372033264819846, -6.033198155999047, 41.29791585011309;
  -8.787388930088861, -6.833905117441225, 43.51140593714369;
  -8.356114271085218, -5.503973597226644, 41.42313845343939;
  -8.329767977669599, -5.290182251044471, 41.58542405483626;
  -8.485993785355563, -5.0808682327331, 42.52057537181104;
  -9.504140413008004, -5.320936268910032, 47.59859811411551;
  -7.703921124595048, -4.340869174517879, 40.52492360906359;
  -8.460234684013733, -3.949353473688857, 44.47099327443517;
  -7.879647706700982, -4.711530504134549, 41.71239117805928;
  -7.687850708535137, -3.669800439866508, 42.00785952223269;
  -6.534490335414907, -1.579510030757451, 36.23317426683333;
  -2.857579151529052, 1.287500626823922, 16.69083851311681;
  -9.30954094874215, -4.310831009199896, 53.85692695678219;
  -11.57330410333476, -6.462328017444279, 68.53847524430795;
  -2.825401647744224, 1.321593939461482, 18.04561589038096;
  -7.858353339993342, -3.363576390746036, 49.40000100958507;
  -8.898161813196204, -5.735386848330923, 55.91206757625033;
  -7.969606302899997, -2.681081274194181, 50.79183848865616;
  -6.437344043373325, -2.642153260499043, 42.79942731964003;
  -2.211345109417942, 1.462203486858207, 15.47747348229276;
  -7.157637039334052, -2.403553009700624, 48.21301298607415;
  -2.374477627783352, 1.383632802805532, 16.55988709730717;
  -7.179944602985302, -4.832846578428051, 48.88238723499355;
  -7.332375350148834, -3.549830630962719, 50.53739955175568;
  -8.703888567007057, -7.066137253174901, 59.92379203202182;
  -7.864828952957403, -5.849714399616683, 55.17871417767509;
  -2.718399159858402, 1.494906608701179, 19.59237784260982;
  -5.01334303787945, -1.045970574046523, 35.7032267840402;
  -2.190710058122932, 1.553827437094274, 16.23500717022043;
  -7.024622224384238, -5.348891109890062, 51.88387267870991;
  -6.456189638559281, -3.786824791478727, 47.94301738932385;
  -5.919144373222293, -1.2950113940047, 44.26837563398551;
  -8.54372716348673, -8.060633220992269, 65.50487452213716;
  -8.484791638659607, -7.448675039312794, 66.00967070345207;
  -8.735412099646016, -7.321435898959325, 68.57973451307424;
  -7.204464982818127, -3.912970189386468, 56.80693648061011;
  -8.661952524218426, -8.5858732916977, 69.99980014967039;
  -5.461074828011808, -1.964551418654765, 45.22084706017738;
  -9.089323888300214, -9.211001542832264, 76.73520013147446;
  -5.476861746065088, -4.722461466402043, 47.02407315537171;
  -5.432970274280953, -3.015562959726143, 46.57859855266392;
  -1.510589174073026, 1.45658821954397, 13.56660104291067;
  -7.5070285091358, -6.953859753705235, 66.9122255175337;
  -8.10484607666668, -7.253873375096696, 78.02125715808705;
  -4.075493600635046, -1.913396564461146, 39.7167307016051;
  -7.482198912130436, -6.117427244068066, 72.56738987155298;
  -9.74668435921134, -10.28379554171888, 96.86005255427543;
  -7.973164869505293, -6.373921284553333, 79.90959365279235;
  -1.829817382826305, 0.6169063395824592, 20.47099669437141;
  -9.662553143232978, -9.263810809599953, 108.2813124237829;
  -7.173990832173771, -6.542479016689148, 82.88466872644226;
  -5.445162997698055, -4.584785450646558, 64.34403301797859;
  -5.855040042502922, -2.508161184188256, 70.30869718758389;
  -4.041833619087331, -3.863260395484624, 48.95490669804828;
