m=[-3.005947359873961, -0.339775447580435, 5.915876612424524;
  5.446448421978827, 0.5936326793505642, -9.088559821984608;
  -3.011039662235821, -0.3508025889984591, 7.468828379798961;
  -2.902371741379179, 0.4258610053700586, 7.679893491010093;
  -3.724984503618241, -0.4861612227139541, 9.695209135842264;
  -3.508112656967899, 0.2725461006391113, 9.282592822863073;
  -3.454537035008579, 0.3945191708416906, 9.305751198644352;
  -3.829720045118411, -0.4925410363848992, 10.23334326484008;
  -3.786776836744839, -0.1938738322803317, 10.36038420611854;
  -3.795014859038079, -0.08861618150692022, 10.41204395206251;
  -3.73511905426968, -0.01167395265455846, 10.3514205997246;
  -3.387017479870731, 0.6628051472468631, 9.491045645548724;
  -3.854949707456513, -0.3291613604196063, 10.77242780870912;
  -3.2761531481141, 0.5213837753856505, 9.425663779016032;
  -3.871999796156894, -1.438173874491162, 11.11732099902889;
  -2.760596823820941, 0.6870685891242689, 9.233118893760372;
  -3.856540748737025, -0.4657281931584121, 12.58891009970303;
  -3.868278807836833, -0.04368966073133686, 13.21541560897889;
  -3.592721045393832, 0.5168281450611658, 12.80238328857684;
  -3.871190605306928, 0.1094120479636395, 13.84439953638577;
  -3.947163226820992, -0.4947868934850405, 14.1792936291121;
  -7.770816724182354, -5.671443283679128, 27.17121847251838;
  -5.796417595994036, -4.452828714991483, 22.04946480900781;
  -4.015638853094997, -0.4657200671066635, 15.63799520751471;
  -5.563486316078613, -4.731384466605538, 22.13214434449622;
  -5.407265253519705, -4.404008519921928, 21.84138036536086;
  -5.427942837538427, -4.76735280201231, 22.14591276116389;
  -4.0724994176655, -0.379132785018232, 17.15885568601503;
  -5.216380734728583, -4.630354123682349, 21.83122495764763;
  -5.302720048148071, -4.201138812535935, 22.18938851378746;
  -5.185153679737011, -4.518060766044995, 21.83647305518145;
  -5.211384555183661, -4.551810799753, 22.27526261952556;
  -5.184672202416754, -4.390731274259286, 22.40753987822108;
  -4.391601766361095, -2.270213915020595, 19.20083072828123;
  -5.129912282166618, -4.269236590511294, 22.47152746204996;
  -4.94360922531005, -4.43011677147479, 22.28899568800647;
  -4.639749750288909, -1.241527308932047, 20.9344029179112;
  -4.876778470040699, -3.569669849877184, 22.23797689856533;
  -4.631825820641245, -1.499807095044955, 21.11955628269049;
  -5.151621467905355, -4.148918940268156, 23.48765237743996;
  -4.906814953144148, -3.751189475807669, 22.52657597586992;
  -4.909882621823687, -3.558274415106112, 22.70177271719267;
  -4.833003851804945, -4.157792443351473, 22.61710070125659;
  -4.867258386482632, -3.550037491715993, 22.96264455709429;
  -4.687690291569012, -3.614558309319134, 22.22119591607486;
  -4.788420553393762, -4.057166223969924, 22.73171882764746;
  -4.843846840573851, -2.129601118538235, 23.33831977779935;
  -4.58160225642419, -3.442958125891377, 22.48610015429584;
  -4.511087572479117, -3.250857272413965, 22.25248145436536;
  -4.362491170329517, -2.873469107850015, 21.62585023229914;
  -4.675689952346272, -3.636258932786828, 23.15202447181376;
  -4.627179433605103, -2.938691999306331, 23.10066972335034;
  -4.583971031640688, -2.744587538424185, 22.96879902144655;
  -4.224113638863783, -3.345301796007656, 21.88565311814663;
  -4.308199817857898, -2.427508211019738, 22.66241640946839;
  -4.172201624655108, -1.814134722762477, 22.40433570929476;
  -4.968426755172525, -2.300655665092705, 28.74300659041662;
  -6.264515514915223, -3.497994502372581, 37.09920155065165;
  -1.583234895395154, 0.7405650252128637, 10.11199551375601;
  -1.139995072859564, 0.8215619204453823, 7.700668489052719;
  -4.493834083318583, -2.896539469738944, 28.23724272695751;
  -4.585950437302154, -1.962904180133755, 28.82868031393781;
  -4.211793525833684, -1.416903209983655, 26.84257269193696;
  -1.26678726559081, 0.8376353147980639, 8.866398205953791;
  -4.176302929394251, -2.820892574621114, 27.01637163110845;
  -1.346807023729877, 0.7847984564171984, 9.392791068597081;
  -3.911993456711971, -1.605644532443864, 26.009341507513;
  -3.820638628267778, -1.282980322065322, 25.73537869935206;
  -1.16926882043227, 0.8293393129729111, 8.665267050400258;
  -4.758961465642701, -3.863500163164996, 32.764093308428;
  -4.424843506958453, -3.291116810489831, 31.0441812036601;
  -2.893070466900531, -0.6036025371008644, 20.60340778628412;
  -3.732208706174391, -2.189096238918378, 27.71500790993404;
  -3.333259834490051, -0.7292624056224766, 24.92894059256635;
  -4.973674803681192, -4.692444829500328, 38.13323362213867;
  -3.483768363413704, -1.892143522839805, 27.46938302921546;
  -4.62809769526103, -3.87896074317411, 36.33414286824933;
  -4.835809246924897, -4.793335606588722, 39.0796047311763;
  -3.000512938023293, -1.079395931154396, 24.84597646903758;
  -4.659537517596256, -4.721914169953753, 39.33741918836248;
  -3.084327220989144, -2.659482222891779, 26.48188608724727;
  -3.0985280271384, -1.719833880289087, 26.56467563672774;
  -4.362079790266288, -4.040652178031444, 38.88042602962946;
  -2.737164735388761, -1.285066819940775, 26.67437256297646;
  -3.89252843967638, -3.182521582870602, 37.75235491402817;
  -4.201980672525264, -4.43353950060621, 41.75820758863475;
  -4.334250161958463, -3.464893779576376, 43.4392333408678;
  -1.198482899351359, 0.3232100447887266, 13.43547392324994;
  -3.501597642212264, -2.948318338830251, 41.37744166729821;
  -3.833864849669298, -1.642337359191421, 46.03795034991616;
  -3.228152542292769, -3.085528758118134, 39.09955762867221;
  -3.454541301295822, -2.566449834446765, 42.20491635846293;
  -7.215203493153525, -8.109832325077203, 87.67042658072484;
  -3.624670111573649, -1.817530271463481, 45.08225006296571;
  -4.956552119281217, -5.417904266786215, 64.06286705297342;
  -3.525975330304867, -1.991243197089342, 46.3411916370047;
  -4.438173483042242, -4.604068359052481, 60.99922635247908;
  -3.174414326811441, -2.182825633053754, 44.77245432057947;
  -1.669107704039138, -0.896650219897063, 23.09243353935069;
  -3.89018024883202, -4.079276654382697, 56.21291869461437;
  -3.951628195718139, -5.08061776677737, 58.89208585685162;
  -4.380116410298626, -4.387824576903142, 68.25921730842072;
  -2.754136377122153, 0.7136116476965458, 45.40109580158229;
  -4.514429047401508, -5.766503100980057, 78.7042501161333;
  -2.349153169149518, -1.202589672957498, 46.43152201100136;
  -3.411160563539621, -2.556114280550497, 67.61386345560773;
  -2.152839725547532, -0.8272964508531446, 44.39701649533538;
  -3.099937958596127, -3.971055870727317, 65.9944724684436;
  -3.218019331237175, -0.6803754544194072, 69.10966697706358;
  -2.336846380910636, -1.779275101227263, 56.92613599630852;
  -2.231936822508996, -0.838108151075998, 70.48536619642735;
  -1.879584139527851, -2.465945247542762, 59.82619509096732;
  -1.850505276983221, 0.06484006593376024, 58.99565403302522;
  -1.434864947234891, 0.06387472878195537, 58.20275861979781;
  -1.081687400983139, 0.3492217084129949, 49.66601584730779;
  -1.709968734170878, -4.138017829380815, 85.50886963344792;
  -0.9211593504296063, -1.613027197572615, 47.45961278948499;
  -0.383143798728765, 0.8794424682406183, 23.47629719697591;
  -0.1609378817719086, 0.7468651114500161, 11.2307676734051;
  -0.07907455557680307, 0.7742261133226515, 5.879949484973499;
  -0.7440090798124643, 0.6543626940992265, 51.55616313737035;
  -0.1049917100466193, 0.8038185232183071, 9.160417424322745;
  -0.8573525911235256, -2.210129530778909, 79.37611198950833;
  -0.1504011422066944, 0.7884040025067184, 19.23474202610444;
  -0.4136933861051148, -0.7839245651787563, 58.47290674313768;
  -0.2739263057174425, -0.129980823599733, 41.07181304021088;
  -0.0703806469622253, 0.8126404824102834, 17.00497989190772;
  0.04650733064124573, 0.5458469623567642, 31.24649793865675;
  0.08674914020964461, -0.05274292450513411, 24.65929472558957;
  0.0979598871263036, 0.3121450223115672, 27.84874815040913;
  0.2922988544571609, -3.094656697148023, 80.75578309166731;
