m=[5.264186625939597, 0.6292295014488416, -7.717085561344568;
  -3.053330496884998, -0.4035699757096422, 6.924787190768808;
  -2.938451506102961, 0.3614982227394, 7.124403814332911;
  -3.553049201087336, 0.1977944140453725, 8.722770116180278;
  -3.849599119209956, -0.5676741993349166, 9.580757745344762;
  -3.422448843524879, 0.3142817751631039, 8.739180796292738;
  -3.51363421156593, 0.2855837432007099, 8.992530716009963;
  -3.824676084890375, -0.2771367496409562, 9.751462775413216;
  -3.824809935828828, -0.1722155636847025, 9.782694394789033;
  -3.814316318278372, -1.379120327636214, 9.969888706856748;
  -3.825307764817929, -1.467963421605707, 10.02595728516276;
  -3.919092999001276, -1.524289095341327, 10.50211174432607;
  -3.969570838726847, -1.793083878043654, 10.63732911899623;
  -3.879647967731142, -0.3595123593288233, 10.82524899059014;
  -2.80263478377257, 0.6087055169587692, 8.673873735445904;
  -3.933085170957817, -0.1542542307405667, 12.61726128320764;
  -4.01226599658635, -0.5382737931667861, 12.95395709204422;
  -3.94952947834474, -0.008120141447249247, 13.27736920290193;
  -4.031839310017111, -0.6125398350534402, 13.61604686558087;
  -8.598822338140783, -6.289338135895492, 28.66517983927554;
  -6.102998594383388, -5.168104995920848, 22.50336350739816;
  -5.919635017538923, -5.100622063419833, 22.30407786493628;
  -5.691510885733622, -4.707757726674934, 21.76832839154138;
  -5.688880680759199, -5.056805692465144, 21.96494784388562;
  -5.501501308982529, -4.941324930230214, 21.77078566474891;
  -5.612371963998741, -4.53674285029731, 22.25045162930679;
  -4.170351571765155, -1.167212846979929, 16.98550084466582;
  -4.515358030616014, -2.205540275229288, 18.37953564994922;
  -5.547910842542989, -4.90686000528192, 22.41937317169458;
  -5.503057494664604, -4.423015743345821, 22.27090002442709;
  -3.706893399949049, -1.619678512778382, 15.34089009852756;
  -5.521072113494794, -4.74244852171334, 22.56078995032721;
  -4.876269098600162, -2.621876542476429, 20.08058784517656;
  -5.259382440595279, -4.486207833792013, 22.30621106215658;
  -5.176060807273506, -4.696202437071045, 22.04053226617972;
  -4.990720037322521, -1.490002456896423, 21.2842672540293;
  -5.299934019615606, -4.402929112607664, 22.72868845101155;
  -5.196865975891011, -3.883521127498101, 22.36071323177328;
  -4.851902511929342, -1.719419289190384, 20.92440381521938;
  -5.413539348756166, -4.439156885371669, 23.32884241274957;
  -5.248206391126694, -4.098486355463382, 22.76189823038832;
  -4.809134463428284, -2.244468142508319, 21.07810331782183;
  -5.345840400543523, -3.955591652907239, 23.3237150419993;
  -5.117834421200646, -3.702445432378398, 22.51326870382782;
  -5.219916605539593, -4.56888444779186, 23.06553825743302;
  -5.144409150617158, -3.854925883211011, 22.95117597677297;
  -5.149876988405582, -4.431376783923151, 23.05491078029796;
  -4.932739805263868, -2.30840360025661, 22.48759125858684;
  -4.894506389514039, -3.769725419232909, 22.67115151087338;
  -4.896772312764094, -3.604488832442681, 22.72990564572223;
  -4.558365363926663, -3.104397032197496, 21.31375511110404;
  -5.030269747591778, -3.988023406836671, 23.46780218828462;
  -4.829165803586261, -3.536399521644883, 23.20140079950537;
  -4.55238770199753, -2.693343199096444, 22.56158361068624;
  -1.566062926614181, 0.6680991131640499, 8.474052280516538;
  -4.735535623707958, -2.914422706971301, 24.25980279908365;
  -1.533795944039797, 0.681851046388958, 8.657392590663557;
  -1.489062927304154, 0.71406301331335, 8.515597199520187;
  -4.498173717609675, -3.275285128605558, 24.4887982708077;
  -1.654246378734661, 0.6548028561396631, 9.643106132507649;
  -5.941873591384185, -3.485270642444164, 33.27817601859133;
  -1.369324231332995, 0.7887122156269625, 8.641117989536474;
  -1.380395080010744, 0.6935906869845839, 8.724246624134839;
  -4.766083284645301, -3.20478591466319, 28.1781767441847;
  -5.235931702325067, -2.435672474814925, 30.94768586007464;
  -4.188995024900705, -1.583456733874286, 25.11625743988322;
  -1.18068143848433, 0.7345303868614621, 7.913614241370111;
  -1.551697655305427, 0.7241185648640336, 10.21036814321732;
  -4.296639555885379, -1.944896597560018, 26.75583606379606;
  -4.163366134608349, -1.582624082606914, 26.30664367362708;
  -4.272235526209808, -3.006903774708816, 27.23918976859273;
  -4.257348386967037, -2.222040690076862, 27.49106512761662;
  -5.698706872379782, -4.778399372109195, 36.86473436473001;
  -3.215618797276179, -0.8356807221535667, 21.31019473015593;
  -5.260620622329006, -4.059818743999379, 34.57314580182606;
  -3.445825566712924, -0.9529598825595758, 24.07342512672188;
  -4.771600741791017, -2.976647616928155, 33.06158373226508;
  -6.192401472757872, -5.986947897925242, 44.44557411613403;
  -5.569955669819372, -5.039213669757364, 40.54796186524558;
  -4.259359800815317, -2.494053022788236, 31.35564830502525;
  -5.694019192103779, -4.909524744471644, 41.73515812183728;
  -3.669660017769868, -2.595403695665092, 27.42455557937716;
  -5.981688204375226, -6.059714609427523, 45.16510924271109;
  -3.530943196610017, -1.460322338784637, 27.15533401871325;
  -3.574177851348559, -2.1453372207826, 28.39752661739549;
  -3.96967332331121, -3.523740972346519, 31.4984426389696;
  -5.575780582092683, -5.762411209559031, 43.8922694125277;
  -4.894298877257222, -0.8612068270517086, 40.47085009613713;
  -4.89385487372198, -4.671663985506338, 40.55222189387747;
  -4.904466425845005, -4.945054964788112, 41.63577380013051;
  -4.837198770534157, -4.513370679749102, 41.45622228841356;
  -3.420053900430767, -1.799266478651096, 30.60374440344914;
  -5.637385575132166, -5.190211945077673, 50.18688635817372;
  -4.923732610510517, -4.190561349473624, 44.16322967597594;
  -5.40487784496954, -5.822424665556786, 49.77039398599391;
  -5.978742311801887, -4.991274767920518, 55.36606357560781;
  -1.368473127602198, 0.3049945777198526, 13.71496939479424;
  -5.45946877752993, -5.445599753004299, 53.28518131117543;
  -5.735851901335566, -5.710217565623348, 59.40566957314864;
  -4.636794829390539, -2.356142527005852, 51.1758719693246;
  -4.948802795490663, -3.905411687988742, 55.12254563162841;
  -3.594984937745888, -3.545373018502366, 39.74466556127023;
  -10.326244843597, -11.82645331320102, 115.3735854242101;
  -1.407895912789695, 0.3875788864159857, 16.54874683928022;
  -5.180197125318101, -2.989753180551865, 58.94799632284205;
  -10.38302949051933, -11.70984923403142, 122.617081764628;
  -4.5588853574591, -2.789966093623038, 57.0095407279058;
  -7.580825220489487, -8.140083642579446, 94.87731953525884;
  -5.838490401340726, -4.359254281795455, 74.20586922610416;
  -7.350844397622101, -7.960328674984416, 95.90275950191852;
  -4.612717380232146, -4.661622501526964, 59.58791222692017;
  -11.53712784124672, -14.87460035719571, 154.1416477503236;
  -9.828401099364896, -10.25079353037605, 137.855529674334;
  -8.384228532372898, -10.14778060050552, 130.4320540316636;
  -8.961645834433641, -11.56422538013577, 138.8645740635894;
  -18.74507076522498, -11.41889964922285, 325.3952778621781;
  -0.6072585837687126, 0.7845728575470121, 12.02285492255615;
  -14.88279602591518, -19.42499094317963, 275.3297511114996;
  -5.308597951359372, -4.564625638727622, 110.6645730996662;
  -1.61308368077739, 0.1702450517681678, 34.62698342179966;
  -0.3526734851054281, -0.09685643790645053, 11.25510243719048;
  2.56220406783281, 5.645344638876756, -96.40155909985772;
  -0.3834855470708698, 0.4656329999052657, 16.4135852831365;
  -0.2481117885922288, 0.6703453023170113, 11.16287614940472;
  -0.2379998291614119, 0.602692179518903, 11.64730805853793;
  -0.1623452792888639, 0.7194247321783808, 8.638682202504686;
  -0.4986747349116731, 0.07371711250321414, 24.07961902478122;
  0.7113848547715972, 1.543694097236957, -40.87992293530773;
  -0.1477802550544685, 0.6562866614175249, 10.08066175423492;
  -0.2284373415142205, 0.5052250529038469, 15.70896788307151;
  -0.3410600283799352, 0.2501782313654536, 23.51273305707916;
