m=[-6.009581866416196, -0.7584418254000968, 10.6455398168016;
  -6.103683141410008, -0.8067463576678668, 13.84282077464853;
  -5.938204132099739, 0.7305379161641334, 14.39743486702158;
  -7.637101859402103, -1.134838508515731, 18.46250574563456;
  -7.78899709448704, 0.005437883433303668, 18.85229550786835;
  -7.693415845342752, -0.2574301172365817, 18.67294169951302;
  -7.122400376466731, 0.6199398187374446, 17.38358500487427;
  -7.151039751533373, 0.3980906645021554, 17.55587167923355;
  -7.300490775270164, 0.5120685374338635, 17.90831041186888;
  -7.570222850435378, -0.9737720292050062, 18.55683769919144;
  -7.006330780960992, 0.6374623745546382, 17.51773374779659;
  -7.836323038728628, -1.15556926032677, 19.50278725742512;
  -6.800534126800369, 0.6244896666525007, 17.3650797901357;
  -7.035200062930382, 1.206744787577559, 17.97438948479518;
  -7.016178508326581, 0.5702661121572131, 17.95667873948007;
  -7.794667008233175, -0.5648030398520022, 19.87342287045098;
  -7.816798969001717, -0.3519585190485862, 19.9929818062123;
  -6.854405204898995, 1.171364331035881, 17.85195365062454;
  -7.847925771284151, 0.1915585315078475, 20.45361707097748;
  -7.851211474120841, -0.4923671015292227, 20.48467299248021;
  -7.904657850850332, -0.7063498952068792, 20.62716375550549;
  -7.562260232425178, -2.902020461716238, 19.82033936377628;
  -7.768784266258176, -3.638804841724069, 20.34844322691912;
  -6.667089126945941, 0.8925059395317664, 17.80182998402252;
  -8.521371818305642, -3.168955532916349, 22.65831671445708;
  -6.684934263126571, 0.547212122676988, 18.05126668968397;
  -7.949446059297484, -3.091851595580698, 21.30237043150288;
  -7.777763134689363, -1.151195120473109, 21.74489272613279;
  -7.804385598234144, -1.325126694494444, 22.93324962446721;
  -5.570440547967978, 1.209846503394462, 17.23995514636531;
  -8.419229981272656, -3.108917132830657, 25.61232571579009;
  -7.917910214544804, -1.144223202103622, 24.23890755822247;
  -8.196775476304996, -4.077062019321636, 25.21046462249509;
  -10.47475178141472, -7.890819282438772, 32.86497932880826;
  -8.076070033715503, -0.3167406542976918, 25.90787672468761;
  -10.14135984140238, -7.625051480420604, 32.45921994845294;
  -8.130847308673184, -1.090810536046991, 26.25116262185209;
  -9.362197665020926, -7.0023424377041, 30.36068568349519;
  -6.662607249254875, 0.7357296858106921, 22.36816330407816;
  -8.359631598708342, -6.114389592931321, 27.86780953761134;
  -8.123420204338215, -0.01670156444111771, 27.30898701597106;
  -8.249798814175318, -1.253356102834756, 27.86064588594626;
  -11.65045362704938, -10.03855147199317, 43.89673081019983;
  -12.82883753916166, -8.734636111765683, 48.38318868362611;
  -11.30371427463673, -9.349915915989241, 43.23332930649915;
  -11.39897327867542, -10.13246650765953, 44.01179556934171;
  -8.601813621802391, -1.059769893930687, 34.19390795670051;
  -10.839954753955, -9.73620393052159, 42.89635107031832;
  -11.13732788359131, -9.00282322187708, 44.15433918906124;
  -9.932795134064975, -8.79143782909105, 39.6819122767273;
  -10.98571400000586, -9.462113927617631, 44.0487916329045;
  -10.92714614122277, -9.664534613836704, 44.15712039983408;
  -8.670970243452807, -2.426862025844743, 35.31615257365491;
  -9.229625683723024, -4.508238556658739, 37.56872282097449;
  -9.134630367562492, -3.767616167009072, 37.30045522885951;
  -10.8478040184576, -9.317964169572475, 44.32744634589133;
  -9.727714198590933, -5.230405696133994, 40.05894989545441;
  -10.23405570091177, -8.729561193822912, 43.40490714734307;
  -10.17123486418655, -9.228287637211068, 43.31081850815474;
  -10.29668267523241, -3.074122044363366, 43.91297132490647;
  -10.50785954655474, -7.852327680401923, 45.21248673533031;
  -9.878162812924714, -3.500627566309445, 42.60074623138475;
  -10.95187562264031, -8.980648508475015, 47.19547860741285;
  -10.41423782206003, -8.132799748201313, 45.16739697081566;
  -10.49215994181956, -7.763550195514531, 45.77692754037298;
  -9.908867499184403, -4.62456136325229, 43.42988005403487;
  -10.36412112761749, -9.071499683491146, 45.79652328545574;
  -10.23021549241306, -7.665938174415671, 45.64090241899083;
  -9.704307257161645, -7.64655361678905, 43.43263393035649;
  -10.16246413205063, -8.744618118764711, 45.49520394368562;
  -10.22908542134299, -4.786965975534046, 46.63280468571681;
  -9.48118125101422, -7.302360467416092, 43.91644009379608;
  -9.732619987338627, -7.164131353080651, 45.1770104607955;
  -9.047407020308743, -6.161582335018182, 42.30337022726782;
  -9.91795582867158, -7.863005758617678, 46.27040639537044;
  -10.15054331149776, -6.680446489457916, 47.79203186361058;
  -9.891938796464173, -6.165447117720852, 46.77659070285203;
  -9.524908527812576, -6.975093283492805, 45.76177942954298;
  -9.136811583916886, -4.53104742551827, 45.31321838616591;
  -8.260111507003497, -5.602272007204766, 41.08883610791166;
  -9.320773747140171, -5.514478165196985, 46.19365264520837;
  -9.037970801786944, -5.562299478394952, 46.30086367791814;
  -3.116704051488981, 1.202170427933953, 16.59093269126143;
  -9.385538257299309, -4.77904384922552, 48.30849903447138;
  -3.153782504947067, 1.345437184457739, 17.06528988977463;
  -2.975427552876149, 1.602826478502843, 16.53303981266894;
  -3.198896371909442, 1.349637359494567, 17.87472297518753;
  -9.352570274987508, -6.809949161363865, 50.91693232768913;
  -2.988130865163357, 1.43292381445297, 17.08841067801792;
  -3.288480909104998, 1.301684391952413, 19.1695571039912;
  -2.701243198882977, 1.555879505808698, 17.04619013223643;
  -2.83477092105788, 1.424353606479932, 17.91605968201678;
  -3.274982500023875, 1.528310376550337, 21.54980184026642;
  -2.308474591885466, 1.436157696536864, 15.4727404113657;
  -0.2142886783422003, 1.402220975920092, 10.41671940959284;
  -0.1074291739380212, 1.465775443958006, 11.65397952260529;
  -0.06261828767115006, 1.535270264461595, 10.94589731779595;
  -0.001414646017824763, 1.487767477712066, 11.10015239575067;
  0.1894646270635237, 1.406458212889377, 11.32590889569883;
  0.3982645401028143, 1.511718969074265, 10.58723887650302;
  0.7713208923955056, 1.538131157686434, 10.76930463061285;
  0.990161079624783, 1.54955725992491, 10.82727927004261;
  2.57660948320165, 1.544396627999817, 14.33335813564167;
  2.71418108757493, 1.531354421309395, 14.91448235858754;
  2.771591749093354, 1.423103866018569, 14.70992046044897;
  2.713717883497651, 1.555063991741538, 14.23852974007936;
  2.557185806898557, 1.535279731073266, 13.34240989968294;
  2.507739789880348, 1.450704496667167, 12.64928547185342;
  2.758328478491873, 1.483875258887581, 13.60679700935204;
  2.676792257990208, 1.588605883404665, 12.75879249631615;
  3.248251082005112, 1.482015014053109, 15.13793038856426;
  2.715952205344788, 1.526409728182645, 12.46096504185794;
  3.492388480440989, 1.493359413739324, 15.19140033101615;
  2.753864037892851, 1.625748494156522, 11.79822012360487;
  2.762738094030163, 1.539975411615564, 11.4636460355846;
  3.218947245070289, 1.535873194018, 13.15426739853316;
  2.604892864536275, 1.640628519872253, 10.79704657890704;
  2.932881200546579, 1.490491483235897, 11.88092333492875;
  4.465608844772759, 1.000366589589995, 17.37905863491668;
  2.836419844652364, 1.557671173224961, 11.21634191657982;
  2.948495083275173, 1.490711401041763, 11.55480773872201;
  4.588057473261058, 0.9056364112562436, 17.28466173077558;
  4.553758370704736, 1.38900545006818, 16.85465711854077;
  7.209939604265669, -5.70824740051942, 25.92266693843718;
  4.617049671093931, 0.7037490411130993, 16.90228300753907;
  2.831556403131135, 1.588187709616271, 10.63600330049484;
  4.830212768066746, 0.5373782075255063, 17.41824868781556;
  8.035365936700984, -6.799280766637271, 28.24397021238925;
  4.797986599150145, 0.932607326183673, 17.30935146223235;
  4.808896184839716, 0.7556897034370145, 17.0184200307165;
  4.825431335074073, 0.6483309022532248, 17.04729410531433;
  2.944794637619506, 1.540523084496283, 10.75429708452827;
