m=[-3.564985875643752, 0.3262941226210521, 8.278554391609667;
  -3.552897660046727, 0.3265481041828646, 8.419443736068841;
  -3.406052579138537, 0.5838221430292101, 8.248373118547487;
  -3.3715616797828, 0.4489896176290635, 8.363231342917125;
  -4.009586743052647, -0.4116782504611466, 9.790456999596689;
  -4.002508980931949, -0.3485343761481626, 9.777540107154506;
  -3.902919149738275, -1.47406699507578, 9.552366726878182;
  -3.270827424833806, 0.5925675095165213, 8.2678539491984;
  -4.026500540442407, -1.532871467010984, 10.10383983864058;
  -4.059622103836296, -1.96856379823326, 11.74760016485616;
  -4.087408187845264, -0.5350001061495352, 12.44738540549982;
  -3.995218861553639, -0.009778219111181036, 12.68235476363301;
  -4.072921583902127, -0.605359301738204, 12.99319546913505;
  -4.190122289319993, -0.5966134281510273, 14.54452809094877;
  -5.847689587810067, -4.933584591059192, 21.0336975708965;
  -5.63482391175266, -3.774688584818771, 20.37019189063559;
  -5.731515382631662, -4.639140685731626, 20.91092781884357;
  -5.62958425976151, -4.899531300592123, 20.74580952354171;
  -5.499811866933344, -4.837718640036352, 20.75781665702991;
  -5.505928089217301, -4.359162863616082, 20.83233881010366;
  -5.506613873839992, -4.756611967813946, 20.90701414631153;
  -5.567189192348644, -4.692456065817069, 21.29215053767072;
  -4.424646044877606, -1.791238674221663, 17.16728577867066;
  -5.556343323159958, -4.997113715510828, 21.30914811694101;
  -5.495093532687256, -4.751163245843697, 21.17001952587797;
  -4.620586878294892, -2.412901778403633, 18.0734724870388;
  -5.486529451244895, -4.609323214126119, 21.37777184034968;
  -5.296024253427548, -4.405632849977671, 21.37100951816299;
  -4.897847734997382, -1.430238902592328, 19.89755626134646;
  -5.265773803433126, -4.672056255206511, 21.35874581033808;
  -4.836156514230279, -1.679324815119853, 19.85448019716834;
  -5.23218688494987, -3.821134391267161, 21.45415659394759;
  -5.24365997662879, -4.207941699932847, 21.56856516444611;
  -5.235145928539542, -3.991175159165218, 21.62560254848746;
  -4.858422107756317, -2.213514424589456, 20.26191125745803;
  -5.276751091403698, -3.818180768058857, 21.94716655013519;
  -5.150205374384528, -4.395728648787257, 21.66540622008217;
  -5.139463435765549, -3.755989223527056, 21.82666590495338;
  -5.029801302312802, -4.229671513182051, 21.45264879584317;
  -5.188858343054496, -3.987973703233403, 22.08230425675047;
  -4.909330703285411, -2.928694873086943, 21.15899927207784;
  -4.721489091548543, -2.161693480511184, 20.50731919513182;
  -4.980455684523345, -3.123924975826017, 21.79728422234205;
  -4.906673498983351, -3.687757158529748, 21.60980381276443;
  -4.847840585865189, -3.483366380317824, 21.41122312754374;
  -4.565411303474069, -3.033094575627842, 20.27311232290591;
  -5.776883645828309, -3.275098378185211, 25.55268715598965;
  -4.897319695488365, -2.977377679574409, 22.03668736770418;
  -4.76575482962411, -3.405385831730079, 21.77743639148717;
  -4.330886543535731, -2.511984291802306, 20.44017700269743;
  -1.540561420959465, 0.7198122353340121, 8.058710291350995;
  -1.177383166432775, 0.7277984665686204, 6.429193692363111;
  -4.507193216198719, -2.701631033909152, 21.92470132669562;
  -4.528298120040183, -2.248109845367714, 22.15219968774721;
  -5.428980118321491, -2.621911058598694, 28.24768205859919;
  -1.448304389271663, 0.8086227942930597, 8.332911109069423;
  -5.190153350343224, -2.893704969720772, 27.49821069861132;
  -5.593514324834217, -3.353111270090712, 30.28824204852126;
  -4.751986792802408, -3.105141902389196, 26.66967700226358;
  -4.639555373913636, -2.095718644520213, 26.09805876509722;
  -4.08432175991422, -1.502788126600883, 23.22920872438813;
  -4.565400397025609, -3.317365208237666, 26.02410658776839;
  -4.699256207595565, -3.215917554116979, 27.07323046929467;
  -4.2663638976408, -1.586718054753394, 25.52489249690236;
  -5.024484622875601, -3.738749918901872, 31.30287830931352;
  -3.658671611065774, -0.9809293737482459, 24.09407739108133;
  -4.509252728026126, -2.722233230231018, 29.55401838736021;
  -5.389641192304418, -5.016251877772944, 36.67790779951587;
  -3.766807394965679, -2.573356924413425, 26.53174882152282;
  -5.24356994156349, -5.094942906252904, 37.43022837759226;
  -3.431560439108323, -1.985129812669261, 25.62348739568657;
  -3.917001161025755, -3.345467152201157, 29.21073803314503;
  -4.951439181758479, -4.914303239449959, 36.80736873499585;
  -4.295714884781588, -3.927899896350044, 33.56720476310846;
  -4.468834714905462, -4.341426754773552, 35.82377774265984;
  -4.633217194651627, -4.146530890091255, 37.30445911971637;
  -1.381697896661697, 0.08263965394054056, 12.07615757167033;
  -3.092796546097702, -1.56512116510289, 25.95495509555975;
  -4.460126771650644, -3.631275592096411, 37.56925762425616;
  -1.311760789335454, 0.2811996925252599, 11.83897143219903;
  -1.314142970872013, 0.1943296206587747, 12.06479058874687;
  -5.672162130776676, -5.865284426268049, 49.09135479146792;
  -5.951190576234893, -4.736541417301106, 51.78717373754335;
  -4.287693740828813, -0.2824413128054222, 41.09769680241664;
  -1.53828383183004, 0.3873379624474637, 16.47575892846099;
  -4.267445840623574, -2.04994510044507, 43.82956707711495;
  -4.417580459162184, -4.20328277590728, 45.74067308818739;
  -4.183805046422131, -3.161397304160249, 43.48614112506483;
  -6.894113380527481, -7.441414984203449, 71.9175984354995;
  -4.728557005151849, -2.590152517662094, 50.08372584578218;
  -4.017146594853852, -2.430085013618684, 44.65983398681357;
  -3.772403785933808, -2.675115547140746, 44.46021245108732;
  -3.588829530533742, -0.1905403397771553, 42.98427949195739;
  -4.085721267487641, -4.155644822121168, 49.30535830381675;
  -0.7561723850008868, 0.6797305550833624, 10.06823641613629;
  -4.684009785330711, -4.573381888253016, 60.48048816423194;
  -3.167919020253472, 0.1787384157791248, 44.70638066690435;
  -4.533076350624377, -5.460047741772758, 64.42701773733369;
  -0.5712729389749659, 0.6530966183757376, 9.829212588750661;
  -3.294607518234646, -1.87013747205657, 51.95543543833357;
  -3.534587689505856, -1.705727746282772, 57.39008020717166;
  -3.544162268908838, -1.231320855495549, 59.90962520223316;
  -2.830362890717229, -2.221509543734267, 52.53802177694374;
  -2.059535764728179, 0.1716182172183735, 39.42449656826906;
  -0.5630539262582456, 0.5992854672086714, 12.85279239838709;
  -2.065207318786982, -1.059400684739915, 46.89051248561044;
  -2.137627762108598, -0.4575805746370236, 48.81070961252895;
  -1.903285733940154, -0.4798383089491675, 51.53562394147422;
  -0.5144597906824521, 0.5000597910437774, 17.57825600957642;
  -0.2027064995622881, 0.7022605430916504, 7.963760282452273;
  -1.525792357781688, 0.1415989607482919, 57.63561435491673;
  -0.3513095745419351, 0.5759638257599646, 17.54698529932523;
  -0.2201751673711922, 0.5529279531599318, 13.70739621116862;
  -0.2740490026268128, 0.1970123955421236, 26.4186903764376;
  -0.2406652607292869, 0.02925745753090879, 28.65525790213982;
  -0.06768296230298615, 0.3979894554884972, 26.20142418437598;
  -0.01814455489238857, -0.009746557046403486, 19.6815063091362;
  0.04157283197998533, 0.4657093081457772, 14.07762518057192;
  0.0318120044199833, 0.6836275259472401, 11.68298788591852;
  0.1050517589357405, 0.278779005357691, 24.8253774781308;
  0.09740520737089545, 0.4651887685480541, 16.21112827793863;
  0.2837897348151592, 0.615372449575314, 18.61449918941798;
  0.216015771859929, 0.5905899019991178, 11.39170106394966;
  0.3357446583214542, 0.4808581572293716, 16.75087596208244;
  0.3696634401831362, 0.165798832562376, 15.76623601557221;
  0.5624045228580649, 0.5215804656319153, 20.60687271249845;
  0.5664369304449971, 0.8406464275385519, 15.56194877924797;
  0.8538222430740484, 0.3166947326015627, 14.31572283856985;
  0.9200020715563356, 0.4212284393952792, 14.35644661384445;
  1.059092517076161, 0.4314932377842556, 14.69373001834232;
  0.9207034729272892, 0.6463810412345585, 12.04339806698428;
