m=[-5.688965069690576, -0.5823983677793244, 9.253605839691577;
  -7.712673599267538, -1.036064068606187, 16.20653822311468;
  -7.75914109299078, 0.09589092721984581, 16.329105980488;
  -7.543455730801089, 0.7298893179657934, 15.91030359348738;
  -7.809971810462231, -0.1736788504849124, 16.50410736898956;
  -7.291817820285543, 0.5366192277013088, 15.89446576774455;
  -7.997097833871048, -1.062040339494975, 17.38022664789829;
  -7.165688277774795, 0.7293801891989447, 15.79979638158548;
  -7.905409054943143, -0.4854557331241901, 17.63294305370435;
  -7.980067163613076, -0.2515751177108503, 17.85896635164155;
  -7.943123454176152, -0.09878215562003785, 17.96498277027657;
  -6.781782325605094, 0.9709854563298352, 15.64314532164994;
  -7.798586336575775, -2.659146556033142, 17.85735857673818;
  -8.085216511279167, 0.0976996630720033, 18.51249153998219;
  -8.090755879774983, -0.3955409553375504, 18.53988574070027;
  -7.746345399358544, -3.88830155477492, 17.79062538630383;
  -8.103776674769438, -0.7357955343889682, 18.57279608100084;
  -8.108924841688644, -0.6032372800810296, 18.58796252040447;
  -7.659091533176574, -2.781980481842274, 17.59848549988299;
  -6.672534009759591, 1.271005269942924, 15.65486944615948;
  -6.464126275743066, 1.262352027586964, 15.45927670171047;
  -8.183678825850263, -3.018525876346887, 19.31688251917418;
  -8.075156918396832, -3.485826847869714, 19.09638538309717;
  -7.849406009484524, -3.620404717108539, 20.13726702261586;
  -5.890509711904516, 1.310459974628158, 15.48221683796112;
  -6.036026103320745, 1.301328669818276, 16.00875168483609;
  -5.791960938826888, 1.307431677025081, 15.40948094049527;
  -6.240619580675146, 1.286324610363039, 16.59955762704376;
  -7.91609847299727, -2.67003101283932, 21.10553349694696;
  -7.914716144403497, -3.893417537276263, 21.18726369591475;
  -8.024247095524123, -3.03225689402336, 21.9209164941964;
  -8.207651518268561, -3.824469950886962, 22.46000822721491;
  -8.307480653748298, -1.100888568739485, 22.80083833403761;
  -8.015208189551142, -0.1828785209418207, 22.95168480497586;
  -8.244102850670236, -0.9524090753222448, 23.79906160445503;
  -8.24940719219706, -2.831506328295228, 24.18250604861782;
  -8.108898712777716, 0.08919479638580723, 24.40428268665896;
  -8.202836769411359, -1.089966387582243, 24.83821089438278;
  -8.669761977771096, -6.105802087111885, 26.43133383182567;
  -8.542968682185016, -1.057613766567515, 28.23070342254352;
  -11.45916383690941, -8.072050910947674, 39.11952824313445;
  -8.796212821104223, -2.218777039303075, 30.34943068254735;
  -11.7624259403595, -9.607838923319413, 40.72686690463569;
  -9.187628733233483, -2.25018604033549, 33.85075030521416;
  -8.478371337959281, -3.259286824044098, 31.50518417725085;
  -10.40205191440119, -2.929067092291982, 38.61929047701214;
  -8.806263164414387, -4.361352053479449, 33.0233330037704;
  -3.328397311437946, 1.776121830581063, 15.41562572811856;
  -3.108929326373509, 1.495224727395524, 14.95383690053626;
  -3.38707363707106, 1.351225755544549, 16.83027237645224;
  -2.745038895189431, 1.565969421090665, 14.58787052188041;
  -2.577208664843829, 1.581819682249457, 14.26087411063674;
  -2.892272403111856, 0.8045263066834134, 21.63079434980593;
  -1.284831494838878, 1.448846094152594, 19.54144624442827;
  -0.5499789287823866, 1.494787932756433, 16.53944229072788;
  -0.4766211727449209, 1.527352452721808, 15.45823473863111;
  -0.2607224194845719, 1.572653092240487, 10.09676843278002;
  -0.1807805799610953, 1.532993275780612, 9.305802071176139;
  -0.1530378329181691, 1.602531132233533, 9.091749544313412;
  -0.09330240560814421, 1.558074145276089, 9.269588645274844;
  0.103719753481896, 1.432399858827326, 9.230369175894724;
  2.164346287154869, 1.482918158997584, 17.94301375198782;
  2.314317952986939, 1.501798390008226, 18.15948825162028;
  2.231620813726188, 1.529722921276003, 17.45672788193747;
  2.216386288137436, 1.437296707402187, 16.72856016298479;
  2.29409510772694, 1.539243179972386, 15.48246160322688;
  2.292584921871201, 1.504678143713779, 14.55688401431488;
  2.195667101286217, 1.542979676717135, 13.57774134681243;
  3.626404808281755, 1.524616604729546, 21.14564566591031;
  2.343812836791342, 1.469664518751416, 13.6720562006591;
  2.359706853049432, 1.565296714290519, 13.73732353203837;
  3.69307542513639, 1.320979328796071, 20.65640642867368;
  2.403737620452304, 1.564360336621794, 13.36002585622866;
  2.723946959953224, 1.456338255847276, 14.89981817384117;
  3.864007083251311, 1.25106829060429, 20.67063667717901;
  3.395970902927573, 1.334098956678894, 17.75733498001188;
  2.538159520736171, 1.504153679468019, 13.47364555999463;
  3.788310808913509, 0.8514870180897025, 19.57960439534058;
  2.277778547765971, 1.403157592216821, 11.92044852068112;
  4.022369010549218, 0.6726738051151816, 20.09566476370124;
  4.346076955565335, 1.28676065606153, 21.41460771758698;
  2.574067637092226, 1.487209747964973, 13.07993725513264;
  4.180172967102044, 1.243359629467158, 20.49352048522022;
  2.516092653785232, 1.538003279767618, 12.53036621849141;
  4.129651395043009, 1.012937567033696, 19.88985203947046;
  4.171991904840779, 0.8387693935546934, 20.0399535474027;
  2.662997016462909, 1.47933712073745, 13.03150317359969;
  2.377841682608354, 1.647399822460882, 11.67353557253661;
  4.231291896212666, 0.4610487683520318, 19.75022168651494;
  4.277235739277817, 0.9520387390595413, 19.8876517098703;
  2.374585145032131, 1.61386796071927, 11.45636783047953;
  3.302146012133565, 1.346659406754746, 15.44893261396899;
  2.540006127493167, 1.568138107657003, 11.9501152439906;
  2.605669318019422, 1.535190976290266, 12.20188022186125;
  4.499239734479196, 0.6938213398812163, 20.08437738027489;
  2.461601439976703, 1.589600242029882, 11.43471182540149;
  2.348993705948771, 1.624541846337883, 10.90038028373627;
  4.097116382158395, 1.221923702923227, 18.18978735972273;
  3.993793855770191, 0.5095688446748956, 17.60065409225546;
  4.644983803172513, 1.025531669072669, 20.25011154674965;
  4.084429239148119, 1.348992053038387, 17.85790299957112;
  2.504180929116126, 1.672087821033976, 11.34085108859146;
  4.626804937790291, -0.5181414193161454, 20.00855212322212;
  4.642798254284914, -1.722776005900743, 20.04457355179845;
  4.18127738080743, 1.059553608924723, 18.06934840661174;
  2.548046905911006, 1.526715012388149, 11.39347327906456;
  2.552275802073458, 1.580252348135428, 11.36959312268415;
  4.225425562159019, 1.177462043814876, 17.99754624128659;
  4.746683429257416, -1.359023710083663, 19.85049563118433;
  4.759820885606857, -0.9572845831969171, 19.80854254630409;
  4.822628823703729, -1.147663946548251, 20.00320262177443;
  5.406020648336518, 0.3701679075175524, 22.29116895300455;
  4.750408025185968, -0.7311603290779868, 19.65593846422163;
  2.03668478709007, 1.639778055479521, 8.997748184323051;
  5.082988713758599, -2.039537200561179, 20.85482994547749;
  2.576014263657499, 1.567320433256777, 11.06294930327218;
  3.075953938943977, 1.509620159433875, 12.95295729087314;
  4.34658839236577, 0.9485484887529093, 17.867174554677;
  5.141280990460512, -0.264583360568194, 20.91057515847776;
  5.109852545463347, -2.279965215407723, 20.73468981401497;
  5.195116650012308, 0.6366505911945882, 21.01792737078933;
  5.145607230325037, 0.1331496258362344, 20.67925910697083;
  4.236611772630162, 1.013599356096479, 17.2036768707937;
  4.21400612137553, 0.73093411772539, 17.04946012678377;
  2.541946239299859, 1.617469268018236, 10.64348375611405;
  5.26398876188881, -1.728524226138943, 20.84030141772087;
  4.494993647349953, 0.988945841109976, 17.91835433877075;
  5.16316295818168, -0.9197455651492924, 20.35920343797758;
  5.061099616232196, 0.2434225861650351, 19.99150821660123;
  5.078989747465189, -1.031298332949909, 19.83824217097434;
  4.254590858359568, 1.038169749795951, 16.74536579128091;
  5.64099092259376, 0.4530801567111435, 21.74503563312182;
  5.140637448013786, -0.02716461247329787, 19.89847693612071;
