m=[-2.833528395753582, -0.2900777720600438, 4.608985041861645;
  -2.975988009584806, 0.5097176662406654, 5.959352514385201;
  -3.822024759107895, 0.04723428709643382, 8.043447928521395;
  -3.584864032468478, 0.6325471996407988, 7.638817586418467;
  -3.590577293062487, 0.2642376512266726, 7.826622836387285;
  -3.357091901010439, 0.6214101363136545, 7.710874191495713;
  -3.967564320383986, -0.04934136531928427, 8.973450440102109;
  -3.365748818538056, 0.4818929590412927, 7.763578268470113;
  -3.906694520659497, -1.332096976520317, 8.945627052687957;
  -4.028502305073653, 0.04867937888137215, 9.223947773994217;
  -4.015067989837306, -0.1962886845239526, 9.200487924596363;
  -4.008258718691372, -0.2981814648094499, 9.188069231087395;
  -4.04079355245266, -1.490434822603971, 9.537951818246576;
  -2.87971382387838, 0.6500439339751818, 7.66146314725016;
  -3.96980571914329, -1.338980865538197, 10.58411133559672;
  -4.100415514446701, -1.910645924263154, 11.2206720746473;
  -4.018316588304682, -0.09168368144237761, 11.50651780968147;
  -4.129380181058893, -0.477051200249954, 11.92068744135653;
  -9.515737640029037, -6.199552469204416, 27.24462122242453;
  -4.171714865244312, -0.5543239624917937, 12.63196337156976;
  -6.616632872946901, -4.646515345778058, 20.88180422562001;
  -4.295221500096465, -0.531745527574253, 14.19379244081954;
  -6.331986243634293, -4.419946218437838, 20.50698727014618;
  -6.285537308663634, -5.048734051452186, 21.31999423584518;
  -6.144263376785664, -5.018785506147299, 21.27423356730857;
  -6.11017941453498, -4.783998291662651, 21.44224142938778;
  -5.859310694491762, -4.982802492543056, 21.25372805286568;
  -4.459111952817674, -1.714188286338301, 16.56982664955035;
  -5.745883187290839, -4.991037357297249, 21.1672941445239;
  -4.589527999859784, -2.272989915583676, 17.21064981136942;
  -5.876741114112915, -4.908350713727794, 21.7703938893267;
  -5.814731803052142, -4.718433816400848, 21.79310725764084;
  -5.705568403656097, -4.554608467888062, 21.67053215702973;
  -5.649663975378527, -4.537092155546314, 21.92642957953671;
  -5.312242483823741, -1.437495221142521, 20.71045615748277;
  -5.849387797870223, -5.001000336049721, 22.77464174220868;
  -5.162216340497793, -1.671590049125786, 20.32302875661106;
  -5.637345917978261, -4.410496268585416, 22.14431860250246;
  -5.724312790713399, -4.008582288974583, 22.52541289707618;
  -5.785320610211713, -4.474236875739017, 22.87535487232884;
  -5.602882957314021, -4.5331875526477, 22.23290762630949;
  -5.704440953205352, -4.179689727361845, 22.64074949034844;
  -5.713323849396642, -3.976369660166085, 22.86194306533088;
  -5.593538027742527, -3.798504400572975, 22.51854128516497;
  -5.480551387560747, -4.511212519204302, 22.16410226342678;
  -5.55561615851818, -3.894342819402245, 22.66477240624607;
  -5.37049682418357, -4.349258632676246, 22.0095997180679;
  -5.322839643876569, -3.028462850812794, 22.00227895548651;
  -5.375483138773938, -3.21627604338117, 22.60884025115865;
  -5.257535312686198, -3.790289318737029, 22.23990544770764;
  -5.255961612308965, -3.617365001203005, 22.28258722249582;
  -5.022775027540824, -3.18033984935433, 21.36539921336265;
  -5.335843742767967, -3.973487632866304, 22.7878963369603;
  -1.526610648199821, 0.6837723777349511, 7.268226470059732;
  -5.065435816564178, -3.461979853684526, 22.21928980869203;
  -1.524783620378988, 0.7333374077621041, 7.334153714698248;
  -4.894007026588734, -3.452368624859606, 21.60779511972282;
  -4.853641997096181, -2.66933698821249, 21.93275936832242;
  -5.480618367976136, -3.087139424359989, 26.01444119225738;
  -1.383960887145209, 0.789511738086082, 7.354738129358216;
  -6.043305086659488, -3.401414187946371, 31.52736974609974;
  -1.650417331663656, 0.7728142774574257, 9.268497973077977;
  -5.77774628068472, -3.559420805876006, 31.11193027813689;
  -5.752533889101282, -2.414775584776329, 31.07568558651056;
  -4.998473297191152, -1.67375139054294, 27.17515992777698;
  -5.478941184666824, -3.535282122601425, 30.29822740761826;
  -4.808207674280904, -1.717441648837753, 27.07426512650659;
  -5.343909047226543, -1.8172362843794, 30.62135092381233;
  -5.000670132119329, -3.215923479957195, 28.90449411980538;
  -5.211096930041707, -2.448337679246549, 30.4894053843923;
  -3.716881494990941, -0.8251870433101656, 22.08054792652508;
  -5.043818712428418, -3.558391358901127, 29.82410476289382;
  -1.402225052032663, 0.3900486486117353, 10.48699344502628;
  -1.381623005153523, 0.1245185344005906, 11.20063352251693;
  -1.342771217174396, 0.3290831467304954, 11.22237480640007;
  -1.543769721436635, 0.2778422829816444, 13.1266668262023;
  -0.2677765320567561, 0.7277899349343654, 8.052807602227906;
  -0.2937130515768841, 0.7112761327672671, 8.843631953522772;
  -0.3333368097976812, 0.6997877572265716, 9.970016654687177;
  -0.3474644966220759, 0.6635046143509213, 10.93651492968079;
  -0.2324479071023481, 0.7448890258025276, 7.538973335569064;
  -0.2911423855736102, 0.8650658145403573, 11.29784766461147;
  0.8685436575303401, 0.6895897831338945, 11.42728699413574;
  1.136151178057264, -2.656791060017902, 14.30653639571897;
  0.9026256809169293, 0.7070111553989144, 10.8200218614232;
  0.9505008114923409, 0.6675751007994902, 11.02367220706198;
  1.266828745193601, -2.852717418888176, 13.91325118467628;
  1.234754759599924, -2.633042306099648, 13.38537116833645;
  1.006247310760994, 0.645300487204574, 10.38934792218608;
  1.036087220426019, 0.6139174491483368, 10.61548273525039;
  1.406709890031825, -2.840236160174995, 13.60981932835346;
  1.884563798024702, -4.11443574421649, 17.77608624185398;
  1.815186860285499, -3.839138169087425, 17.21275574727411;
  1.405340876199543, -2.648395678670314, 13.4969777565627;
  0.9832696355200714, 0.7539825989274424, 9.548911890770651;
  1.990282963317267, -4.370878023101652, 18.05732741529756;
  1.480801887000934, -2.487855963070749, 13.71804798207323;
  0.9890936691454492, 0.7701908237883756, 9.374663600783917;
  1.504328814099544, -2.848794761056203, 13.46127013120168;
  1.056016259152224, 0.681552220609247, 9.624790686531036;
  1.465964349656421, -2.597762673217219, 12.78071964358343;
  1.575511548138194, -2.987529525701348, 13.52187483016333;
  1.131104627528737, 0.7158647076492749, 9.905592328930291;
  1.689411777291098, -2.098149428010763, 13.87174284041694;
  1.607327100889948, -2.671537377051849, 13.10979554660582;
  1.101922002489112, 0.7549901589168204, 9.135230236318154;
  1.616136214306642, -1.717924202675511, 12.77502348250792;
  1.679745340181895, -2.907607304949206, 13.22303145589164;
  1.680495999198031, 0.6082162140732238, 13.00412014096242;
  1.725041930743582, -1.909474555288038, 13.17085878536537;
  1.150107163067387, 0.7463231590984759, 9.024411485410283;
  1.781239279569375, 0.4996682182273345, 13.19889330757865;
  1.867965378137207, -2.486511449602489, 13.60479235375617;
  1.72083661798582, 0.5997135712320015, 12.6147875964391;
  1.742562686195114, -1.817336135733128, 12.69102602214224;
  1.793205906452072, 0.5566180781153055, 13.02626948277041;
  1.455130650746024, 0.6498704884764428, 10.46089442700298;
  1.943630914164544, -2.585324487995378, 13.07960626298062;
  1.947046715364204, -2.137621357366271, 12.99764901075634;
  1.962810970034589, -0.003919497030747944, 12.78128475127801;
  2.016469073811487, -2.980897680233684, 12.96598378639927;
  2.001904742533597, -0.8759283138778261, 12.82241476340787;
  2.00904977846859, -1.449901812991187, 12.51809829857103;
  1.55798462787954, 0.6650110547202606, 9.978342474783297;
  1.881630787323442, -1.167621575534276, 11.72439230734151;
  1.942909370511599, 0.4070702097410687, 11.96725324163919;
  2.026167360798377, 0.03913470078258368, 12.38320081649495;
  2.025625150114008, -1.570001801358817, 12.35371286855173;
  1.859919265276458, 0.6353426488958704, 11.38583465145933;
  2.133672828870707, -0.8916272264055339, 12.77762788260432;
  2.116715409678, -1.5639772184166, 12.52061894609065;
  1.784079758526019, -1.738872875653369, 10.49879893942025;
