m=[-5.764267419031451, -0.5616579561883079, 8.330118669363277;
  -7.428627830181659, 0.6487756192785572, 14.60622646473553;
  -7.788587644035408, -0.9679029622214456, 15.27531315943834;
  -7.68098575282746, 0.16639076303434, 15.09379499209791;
  -8.023273389572477, -0.1088994815860811, 15.84323949795818;
  -7.181752644661359, 0.7962546127674042, 14.42581953370489;
  -7.226268764366565, 0.5979387429760589, 14.67983640165181;
  -7.882815630787893, -0.964299594286639, 16.05842801726801;
  -7.800090556770043, -0.4018220532079025, 16.32098239796765;
  -7.805748111890058, -0.1588164737979983, 16.39892830152144;
  -6.844502627126198, 1.33029940789613, 14.62237643109768;
  -8.07814234856907, -0.01559481456122375, 17.15675348800716;
  -6.839684736220754, 1.043068674272319, 14.68420387995404;
  -7.946047108376173, -2.618182428091262, 17.08257839196723;
  -7.942459895323561, -3.888960574410823, 17.12401802502319;
  -7.943547326480997, -2.815366035842448, 17.14030320551796;
  -8.161361880038308, 0.1757302274400355, 17.57748064068385;
  -8.118206065089094, -0.309423053084799, 17.49967690703015;
  -8.040070819178208, -0.5166357352856668, 17.3406882356479;
  -6.653726850859115, 1.329341928587762, 14.52939469250483;
  -6.601719837398637, 1.350123583087916, 14.68051050358683;
  -8.084956731924704, -2.869362809275418, 17.98339743504181;
  -5.865680602415945, 1.367522622321785, 14.33368244600064;
  -8.018432348970606, -3.594133950890737, 19.43600755725272;
  -5.893291715191931, 1.393075539446363, 14.57157895157134;
  -6.038182050832693, 1.365826542483329, 14.92173428733041;
  -6.167134653855904, 1.33529302483401, 15.3197942010164;
  -8.043908931478253, -2.609221422736746, 20.30416125852391;
  -7.987334748234269, -3.815233518362796, 20.24499630290741;
  -8.082761946753655, -2.961224490837778, 20.95704983957441;
  -8.268336428501401, -3.722331114264682, 21.46865747492793;
  -8.142752616496992, -0.0936757791123348, 22.15261203226999;
  -8.134045854952479, -2.601111244185734, 22.3726246939713;
  -8.384784538034548, -0.8455723983314664, 23.02811668141476;
  -8.500372504397181, -1.024557261456145, 24.53365883717552;
  -8.553759709735385, -5.87047747517248, 24.90851773586102;
  -12.27350382134563, -8.159341533746211, 36.9955074514347;
  -12.89220356831786, -8.826819933506677, 39.38996866595731;
  -8.612321013364431, -0.9441145816911121, 27.24382529904339;
  -12.48874335461626, -9.447543960449091, 41.18261771718834;
  -12.00342341375038, -9.564496941652742, 40.2246990304958;
  -11.80497172284458, -8.997250605700868, 40.09139410537434;
  -11.97269141231964, -7.333130024025453, 41.14959040049354;
  -11.4235179962985, -9.471369609216097, 40.08871826861925;
  -8.219175973135025, -1.838738650017308, 29.1266975670868;
  -11.61388833997397, -9.460987941173272, 41.03297266607199;
  -9.489004615218425, -3.40302833029426, 33.81416197020351;
  -10.63156206089565, -9.00465104007364, 37.93532986406252;
  -11.5153908736249, -9.132659771709921, 40.99838641578297;
  -9.357988975573104, -4.423906236196659, 33.6978616273529;
  -11.5483998770035, -9.402190469360244, 41.40186152875216;
  -11.29765268104736, -8.923399988221297, 40.97602873131364;
  -3.141663163706929, 1.560377738011242, 13.96502278826862;
  -3.620196199863752, 1.498987949838744, 16.74044414821452;
  -2.935895613048313, 1.721621277461209, 14.37785080311481;
  -0.2640486593053213, 1.546284285210183, 8.709118737837395;
  -0.2173234012609707, 1.560337267279971, 8.779116880969083;
  -0.1921711822819504, 1.557232715489231, 8.22530833489312;
  -0.1614911120748068, 1.585278004056655, 7.816159338932827;
  -0.137126872650328, 1.58546150965242, 8.525810281940846;
  -0.09912907826050423, 1.528670418329874, 7.91445198048111;
  0.09409060264136142, 1.412675929212349, 7.911236557879028;
  0.441229929820523, 1.567566945212104, 7.550771424727649;
  2.560150459390866, -4.837863413560819, 22.56282497286338;
  2.877098086081305, -5.099818810669194, 24.56372269200696;
  3.171676643914029, -6.242643412144689, 26.29262870944799;
  3.270765280952619, -6.355766164051381, 26.66832810390295;
  3.093240628487209, -5.147110060574398, 24.75705943715123;
  3.199033654694229, -5.550181082614789, 24.72580340773737;
  2.234804254016632, 1.52575287160103, 16.06516214755808;
  2.238050337367295, 1.51120061721982, 15.49193334160455;
  3.63152820740032, -4.816190542756741, 23.92619509341555;
  3.952648299284473, -5.850583548303911, 24.85431589869429;
  2.147584458138821, 1.507294545974686, 13.71210877297843;
  2.276087591807288, 1.512020583893391, 13.832848390307;
  2.487797177552962, 1.54008335478923, 14.87654549895593;
  2.264535212731957, 1.55408307764045, 13.53991478520858;
  2.231865321825564, 1.578843476909327, 13.31983569054025;
  2.494046992745461, 1.448305829573481, 14.78848987116531;
  3.219213888306457, -2.937748402707634, 18.41998601959363;
  3.431990857333018, -3.319708352329773, 19.52099305389707;
  2.249252792820351, 1.38877885291793, 13.15274812937593;
  4.549553592643831, -6.028131847038591, 25.04744389535358;
  1.276290199277497, 1.605762892106083, 7.686982797023128;
  4.149544951005506, -4.119597311347558, 22.51075699478907;
  3.649567962710359, -3.251262508411678, 19.92371950844249;
  4.396782554204559, -4.628927546380112, 23.51642183464693;
  4.665546029469767, -5.183860329301021, 24.81214603313663;
  3.272717649236136, 1.409094437238836, 17.6779632032331;
  3.520478168728858, -2.892526949433437, 18.84123532854606;
  2.341801525941328, 1.53033194809377, 12.78525059264301;
  2.317719244399872, 1.598603079298982, 12.62991979511756;
  4.059005362113682, -3.237884761220989, 20.92905559286922;
  3.781646947129883, 1.304822756926278, 19.45254318596872;
  3.787072180204181, -2.20353786973676, 19.41528421080967;
  4.154972604333333, -3.473436101029413, 21.08952439105081;
  3.757741567688086, 0.8245125399997775, 19.16063383972026;
  4.197509507392412, -2.275042548521837, 21.0391408494987;
  4.195268732960743, -2.099271706894565, 21.00385544214313;
  3.939662013968831, -1.815897461912071, 19.80929539540002;
  2.620228788031726, 1.465289410317264, 13.50259899867838;
  4.325025235282239, -2.485129620374946, 21.58891837989156;
  4.875969825616204, -4.360395353503969, 24.15153837705772;
  2.347481349938661, 1.590197970296227, 12.18897929355394;
  3.759247645434087, 0.4539563968999378, 18.6148774145151;
  3.353537613655446, 1.38006819188647, 16.69572812835163;
  3.826267897856918, 1.503369340578675, 18.67633276176178;
  5.001113709684898, -5.080460847397446, 23.96295334151457;
  4.81570154531623, -3.074673956412133, 23.09253748949184;
  2.470610750148452, 1.522089724669701, 12.24912110061199;
  3.959741531882647, 0.9013680715775805, 18.98683546617064;
  3.873811510633438, 0.7173058021270471, 18.57716343675802;
  2.367127974056049, 1.602668990289968, 11.66959070756759;
  4.184474522390802, 0.2188027271182249, 19.60210834691398;
  3.737808670034966, 1.18133737040352, 17.59622017075097;
  4.19174047337709, 0.3508333569724211, 19.58288501990286;
  3.856998158859032, 1.073865732593824, 18.05795178838584;
  3.997659045453607, 0.8143506699637554, 18.65631721588449;
  2.27574300356661, 1.450520456983629, 10.99301473779265;
  5.15419877309509, -2.441975963405827, 23.49308695866614;
  4.012645638720576, 1.051215776974884, 18.52441104970401;
  5.413742081177489, -4.727263436909221, 24.5814136025273;
  3.991548153628494, 0.8722486902812082, 18.39231637136113;
  2.560182491785867, 1.524470117588708, 12.09368316994543;
  5.854473595322057, -4.780841572014393, 26.25250866421841;
  2.333828503107187, 1.64180569087545, 10.9801300303193;
  2.358875479353595, 1.585622228050476, 10.97558581630262;
  4.139387217015996, 0.9977309206784605, 18.45470095833486;
  2.451493285099673, 1.554079519630634, 11.32813733935318;
  5.582291415281433, -4.711776766827292, 24.44009359680464;
  4.343845887692451, -0.7409002521010563, 19.2278209046703;
  3.902739542043967, 1.225296208685172, 17.35055597711564;
  2.675055639914556, 1.543474834380396, 12.18589277921866;
