m=[-3.832526303326081, -0.4762755112118061, 7.51651546476766;
  -3.52528507165998, 0.3908550793260699, 7.081158146881396;
  -3.563782339508688, 0.2948857289717613, 7.239661770270364;
  -3.476812622049772, 0.3857471042318399, 7.141278688689663;
  -3.900741287119749, -0.4771750877815156, 7.946370447704732;
  -3.333907717343589, 0.6479792183562472, 7.122453783030845;
  -3.861493831401593, -0.07856631101915332, 8.112529327133117;
  -3.357483106054466, 0.512024396940115, 7.208222067856125;
  -3.890560836945125, -1.68402009523603, 8.394461311924342;
  -2.874449014466986, 0.6701479880058799, 7.024153235281736;
  -2.921928511084936, 0.6906950026434912, 7.224674095186002;
  -4.033580946642243, -1.815882068832665, 10.47315484676679;
  -3.991554597762234, -0.04591960537487827, 10.85914856736615;
  -4.004344237849193, -1.28051218402195, 11.01391513846955;
  -4.082202973069169, -0.411674043949025, 11.21143256032797;
  -4.116981499282957, -0.496223346469696, 11.88237568296242;
  -4.183017935550673, -0.4585579453320977, 13.23236903060912;
  -5.975662596177747, -4.520497656742449, 19.70521943781678;
  -5.88080026683157, -4.685904531381291, 19.70716291827033;
  -6.054054928338061, -4.61414484081548, 20.56044756108058;
  -5.801722050361507, -3.553485235139261, 19.94025217623423;
  -5.524595685318785, -4.580505558278056, 19.38754419159992;
  -5.325069049759779, -4.51019222600896, 19.00080625918194;
  -5.604746353966227, -4.445028581248014, 19.9546467249031;
  -5.488100918377383, -4.334751744719592, 19.90507119138421;
  -5.991777951363326, -2.677020957198773, 22.11815397220374;
  -5.294650428393519, -4.134942467179536, 19.87963645203249;
  -4.998318315682312, -1.266068217803692, 18.81885794956508;
  -5.296945083440714, -3.669914462091136, 20.01007017320374;
  -4.95244582081648, -1.516858465981753, 18.83324539141125;
  -5.294899727372168, -4.026916515855131, 20.12626821820479;
  -5.107906221013044, -3.473985905958322, 19.47452911812408;
  -5.225845534733513, -4.110674454751677, 20.07304215765554;
  -5.485999103178851, -4.120960906378986, 20.99386979477195;
  -5.334585422226271, -3.797751220949907, 20.50246880854872;
  -5.249040856447892, -3.53550796796186, 20.32131606373645;
  -5.288557266711018, -3.477281906493, 20.59325576386671;
  -5.137236579097262, -4.100612578342177, 20.08433436924067;
  -4.961774389366164, -3.559665158969164, 19.66062460491517;
  -5.063675443919689, -3.980314888603741, 20.06273874475985;
  -4.688144537793321, -2.557335295488266, 18.73965675952189;
  -5.088938613056779, -4.127668917234044, 20.32190628296057;
  -5.116174906606424, -2.957662047450498, 20.81729176252512;
  -4.892181566310199, -3.41290107120333, 20.00836807265163;
  -4.852768700990866, -2.957720181146841, 19.92087487275185;
  -4.914749468889654, -3.271047301640988, 20.14944368604817;
  -4.880639770585167, -2.758054854581042, 20.10691724999354;
  -5.132714043076937, -3.708221312055063, 21.17863885236021;
  -4.960098300954283, -2.760833725428969, 20.73444666550832;
  -5.009180543917379, -3.010721426731605, 21.02221260477185;
  -4.693833553546166, -3.100391762734003, 19.91433338302382;
  -4.634391256792559, -3.162359516444275, 19.7896809594457;
  -4.693840605384047, -3.228859985298471, 20.13949391543049;
  -4.768977117307321, -2.499702963398118, 20.78500986343543;
  -4.551146542951032, -2.520330348342348, 19.97053611466358;
  -1.418547218710497, 0.8318419306058693, 6.94699776693231;
  -4.406642037361007, -2.409945994023549, 19.88911244213922;
  -5.431645038975958, -2.326902737981023, 26.43515766010782;
  -5.341457269567437, -2.856319399354911, 27.05054052154009;
  -4.929210753852884, -2.901840475516187, 25.75011515661033;
  -4.445239547942928, -1.380755922495828, 23.39185324133423;
  -5.037658159463849, -3.325789645968553, 26.70753276842951;
  -4.775491983851062, -2.946343075170439, 25.60142555031663;
  -4.27450471410048, -1.420985726129523, 23.33027508584718;
  -4.463817579256618, -2.743093109163591, 24.98647605227977;
  -4.389283158115357, -2.96562620023763, 25.14777831819379;
  -4.005184872168654, -2.666028692093801, 23.24684142569989;
  -1.323388434965982, 0.3589484333444051, 10.39242039814117;
  -0.8302744921836665, 0.7684913287076042, 9.391811954233358;
  -0.2776450626238174, 0.7458164083188326, 7.429202917427209;
  -0.3064481925103623, 0.7377148585342948, 8.2626316120499;
  0.7619041034136601, -1.378950170443, 13.38156890787759;
  0.7902895164703349, -1.470303164406728, 13.58011161180795;
  0.929013630649445, -1.738538391190744, 14.12978061030814;
  0.9659785169730831, -1.501612181413003, 13.53438058222373;
  1.083175366328476, -2.566022534802289, 13.60162079378659;
  1.149710508804082, -1.466733185868239, 14.10328601213447;
  1.512998664324816, -2.759872015905215, 17.64826510256268;
  1.219074569159343, -2.709784505621601, 14.2541834575595;
  0.8230030061635882, 0.7697387629100019, 10.05412647618448;
  1.194841774639103, -1.980455866383743, 13.93978361890977;
  0.882429056792748, 0.7419137855230855, 10.32517065568456;
  1.394700040767187, -2.347249668425511, 15.01078789959784;
  1.207282956131058, -2.745164317775628, 13.1420443253436;
  1.672959380697131, -2.993040425287222, 17.66968304307882;
  1.238267626925685, -1.2583882314036, 13.33962976241728;
  1.209871278099541, -2.589509543717812, 12.92726725850665;
  1.310039304111608, -1.691693188850856, 13.7062330072199;
  1.258870200742245, -1.141790473967447, 13.15122826538268;
  1.427725959135627, -1.91064632622101, 13.82349312110566;
  1.499335737930658, -2.249397097991472, 14.55081517875685;
  1.336176831630614, -2.711365684006772, 12.76361312282682;
  1.346889670106687, -0.7988667212001021, 12.89119559363777;
  1.668956258145326, -3.536327082416715, 15.68240306502308;
  1.380219394058136, -2.602266909279869, 13.02624986919637;
  1.491597412900075, -1.838348142412965, 13.71261467533936;
  1.37109065290738, -2.304700176945122, 12.51511858271049;
  1.455653409173987, -1.228751460259459, 13.0607040926762;
  1.377926765211549, -1.231635992658554, 12.35967511183695;
  0.9525583496658188, 0.7745092910290979, 8.911096767661428;
  1.40890618211246, -0.5373974661076768, 12.53493846538118;
  1.447826631948276, -2.735928064770105, 12.75981994256371;
  1.511507712330301, -1.205695812651247, 13.27267924484401;
  1.443830589233422, -0.973488076227723, 12.59963305408472;
  1.542938369445104, -1.572525982993591, 13.40488749118193;
  0.9571433035081336, 0.7922483300567084, 8.745925608720633;
  1.492545396680486, -2.529010684428851, 12.69724841249316;
  1.463246687614456, -1.287382589980209, 12.42622645646228;
  1.061871084806745, 0.7253382841362324, 9.305108750303969;
  1.196398098960186, 0.7338588181863426, 10.20779610349235;
  1.59852868270204, -0.62970605342409, 13.0623395393129;
  1.158980630446115, 0.7801451353151541, 9.796971268665901;
  1.647433550289591, -2.037975148458425, 13.29935383508854;
  1.588027995697436, -2.642456845371759, 12.70994022103254;
  1.573593972888781, -0.9345674999129356, 12.61135915036099;
  1.641534709955787, -0.8614117979410806, 12.91182779894291;
  1.605884723693427, -1.69027994190426, 12.40544442839752;
  1.090328285787775, 0.7889313269214555, 8.658608641664067;
  1.787817612868003, 0.6098841997262875, 13.45985279129882;
  1.701060923588653, -1.871496501679164, 12.71701226466086;
  1.680861610882455, -1.244261985652192, 12.66170049412407;
  1.667470560611913, 0.6551153854498456, 12.61025996662975;
  1.716995251120093, -0.9410772756427979, 12.88132733671281;
  1.760481999962198, 0.3012842706130098, 13.10912545665809;
  1.802672036401845, -2.4028198772334, 12.91357967999504;
  1.771674216933, 0.6697631435555538, 12.65751163866873;
  1.809584155738336, 0.6146953439640821, 12.85391484100166;
  1.793660592311715, -1.860071978889099, 12.51964610201539;
  1.789309600662851, 0.3065575425044801, 12.15742326083465;
  1.826087083948523, -0.08612654619108993, 12.30187624770497;
  1.872295564013436, -2.483068194340721, 12.33555307262516;
  1.903228224123469, -1.967934791045699, 12.50923386391646;
