m=[-3.616845086485697, 0.2694860570848905, 6.777678279094426;
  -4.162685215472991, -0.05598802212438, 7.681517633511104;
  -3.352964534042459, 0.5186476772236508, 6.693818487653028;
  -2.931057686803008, 0.6669424712811434, 6.475281242120807;
  -3.522160456297815, 0.5587006904320829, 7.756846437636471;
  -3.990917834444059, -0.4161876704106932, 9.763720452356751;
  -3.954288906072717, -0.03642353914235431, 10.2392052946631;
  -4.067744396088208, -0.4024551574616213, 10.6493409306167;
  -3.598982190060674, 0.5172052290475101, 9.674260823174896;
  -4.063764265767303, -0.4769343288393863, 11.20911520965542;
  -6.083326527293021, -4.023115990681385, 17.7558169847625;
  -4.142235853569555, -0.4435732624215614, 12.57238794169982;
  -5.883640017123224, -3.977780622364724, 17.86812932337288;
  -5.737377600667321, -3.495108170850833, 19.14118584260718;
  -5.496246061773457, -4.317157925511839, 19.34014767810056;
  -5.414239944521639, -4.174423828852933, 19.28875162403649;
  -5.238924279800853, -3.068875533584583, 18.96558796398441;
  -4.853241317991053, -1.219674109344835, 17.72780069531813;
  -5.235225830543267, -4.070387761237624, 19.08199401589997;
  -5.23871917580445, -3.607250744457326, 19.20645803398021;
  -4.868748519260651, -1.475206448813924, 17.93618910794598;
  -1.564946304668199, 0.7800678737258808, 6.440179337158074;
  -5.234262264013307, -3.960342987562508, 19.31369343046607;
  -5.141603657001, -3.476450716980669, 19.02315461078424;
  -5.265782859430883, -3.941218721100626, 19.59182071569256;
  -5.211938218918088, -4.07681907815827, 19.42318128176428;
  -5.153006585997879, -3.645918898365123, 19.22825188067192;
  -5.261572671408178, -3.817196452444535, 19.62216579198851;
  -5.138010335400767, -3.444750751652643, 19.32954118830131;
  -5.116302624819903, -4.062417007700124, 19.41032369053516;
  -5.095702190715383, -4.068295181992188, 19.37479518016777;
  -5.141971626608656, -3.467782098564912, 19.70496285590005;
  -4.995692979823024, -3.563225981885393, 19.19504214691205;
  -5.037397452633977, -3.935673239996217, 19.36297482045596;
  -4.634932938335578, -2.519268946064841, 17.96967095732881;
  -5.096118551597712, -4.118840520595217, 19.75795456732073;
  -4.950991742474276, -2.847135845303889, 19.57075604838286;
  -4.846504242702041, -3.367666060984276, 19.24552217532139;
  -4.896975104709777, -3.236124097827759, 19.47537955404867;
  -4.854223819094145, -2.730417151473946, 19.41151076102729;
  -4.860664112616813, -3.477237576432551, 19.48237803226933;
  -4.948410866924307, -2.543733099407055, 19.90679766559779;
  -1.420267349060213, 0.8345184997396702, 6.451808173295871;
  -4.868442874241011, -2.694240688215119, 19.76680097709231;
  -4.817335806595166, -2.897704617083532, 19.6864160667221;
  -1.386297724056303, 0.787325809976911, 6.414959049680951;
  -4.629788417171314, -3.134907756222616, 19.14024391371163;
  -4.549065508913985, -3.316387256769092, 18.94785955126869;
  -4.707576745878889, -2.434603206791093, 19.89945608369904;
  -4.470605364022407, -2.421419075670098, 19.56241680812506;
  -1.669874848255247, 0.8086147415854552, 8.321388021155004;
  -1.588748001648404, 0.7581411912209698, 8.297138512857943;
  -4.693483264903494, -2.746537763871537, 23.91284720913221;
  -4.679187660165538, -3.06416969788595, 24.19140830606456;
  -4.663799727953288, -2.863625707993477, 24.3788373026059;
  -4.263561918091126, -2.601331821627449, 23.23428003248711;
  -3.209689927780574, -0.629325810699485, 17.79745257891477;
  -1.401105990358794, 0.4388362712783623, 9.417667245970851;
  -1.374409411501612, 0.1649766785188426, 9.924175962880973;
  -1.332538000214678, 0.357575563398806, 9.904448533976382;
  -0.4909543694638242, 0.7350057862645425, 8.283299897210661;
  -0.2691276038874511, 0.7690359451299382, 6.401691123924431;
  -0.2863278732507166, 0.7601059883620414, 7.056795521285236;
  -0.3124831314745395, 0.7435113507777693, 7.821699231597442;
  -0.2546010270063516, 0.7906936480797918, 6.668632449802623;
  -0.345329818150068, 0.73251993827978, 8.904816672058441;
  0.7249897262168199, -1.403885053086802, 13.71513018944408;
  0.7382241270199939, -1.511427659749077, 12.79078024334627;
  0.858237137586254, -1.656452571885364, 13.73456613147959;
  0.9295619949591522, -1.776527814079896, 13.87837520814669;
  0.8791789399400105, -1.260248799147478, 13.09741577921442;
  0.9374843706587357, -1.187394513573527, 13.24443016123838;
  0.9518429471360973, -1.506484563426776, 13.05236158799413;
  1.018096739452984, -1.512867817384215, 13.75128802869185;
  1.080118119121889, -1.088483764236938, 13.37837238200493;
  1.059908808438386, -0.8567587943220603, 13.11429527850544;
  0.8662849123039923, 0.746532374504747, 10.75199078559565;
  1.539022037967976, -3.062780948686479, 17.70604994133297;
  1.211583980425186, -2.036254855612139, 13.79224378719219;
  0.9111999982749131, 0.7689582171986411, 10.20497087772376;
  1.259499988250824, -0.8697377513513289, 13.55430298791166;
  0.9669152681857798, 0.7331335559215787, 10.49197511901201;
  1.215401942228323, -2.800205636359826, 12.88843708823339;
  1.25802455693249, -1.295731018090288, 13.17520938431889;
  1.359997393263394, -2.036291294759588, 13.92003915774393;
  1.282811036127394, -1.17941726357122, 13.02933724870812;
  1.450699291078223, -1.114889793566042, 14.47781904830988;
  1.370239371465984, -1.139782479032252, 13.64960086758565;
  1.358359442585522, -0.537580598475874, 13.20054479659961;
  1.398407464498243, -1.695802343055446, 13.37302893716749;
  1.389204730619904, -2.003690400753126, 13.23320054835854;
  1.431946865666773, -1.943091924994371, 13.5095075339599;
  1.497530168139604, -0.6979404615349268, 14.00190725043209;
  1.375204433398874, -2.820980063405887, 12.73911898473203;
  0.9853262195430432, 0.6790988379546077, 9.422256724912886;
  1.363265732741302, -2.607490305287212, 12.52628942707815;
  1.509992567258074, -1.885295255534626, 13.50965222879765;
  1.494502206325413, 0.6245919168813979, 13.39385342581764;
  1.532543870680637, 0.5171319214046258, 13.49906639023107;
  1.350411355731332, -2.293066446379401, 11.95635799456569;
  1.493526901577636, -1.278286279790152, 13.00874063316731;
  1.587993225800114, -1.963411590372125, 13.69651905180592;
  1.421971904444435, -1.289964911727988, 12.36961936164819;
  1.580560162537002, 0.1996789755901635, 13.53055729298904;
  1.591384560001622, 0.323440511355749, 13.49222180646765;
  1.56893017618019, -1.076337896598781, 13.26570246750883;
  1.553079367692647, -1.600057397926605, 13.10484827909587;
  1.392402018660526, -2.463550201025625, 11.80537682544533;
  1.582853847818417, -1.316003766153404, 13.1725858978787;
  1.520609957853595, -1.726799265501975, 12.6689030798239;
  1.483904517841167, -2.543910401429188, 12.24025298774092;
  0.9427697106447063, 0.7830459639755664, 8.164888908812687;
  1.522984417091609, -1.35555126569554, 12.540924867338;
  1.680391974802226, -2.473362643114303, 13.62856737093682;
  1.67805617630137, 0.2446489352618909, 13.42149679751069;
  1.079535990847741, 0.7338792471956374, 8.970512875821759;
  1.726703477064356, 0.3926070163473133, 13.67762542562933;
  1.722047293607121, 0.4794592750010182, 13.55164136919862;
  1.70081919264755, 0.5693428837869506, 13.37130170270533;
  1.608756192967822, -2.697849919340819, 12.44959212392112;
  1.643007438534566, -0.8742291772647014, 12.52582529017044;
  1.65329850813348, -1.76217514151769, 12.37841609800486;
  1.299031982399697, 0.7152933739882306, 9.768355210443984;
  1.85628300748447, 0.1710460754437726, 13.48706343700737;
  1.779185123896417, 0.6021273619015705, 12.95748160460824;
  1.679509698077006, 0.6572393573056349, 12.26802947733448;
  1.675944402508593, -0.9311092108475568, 12.180915436594;
  1.766548018419753, 0.2974650247850184, 12.72437150604328;
  1.065683919738629, 0.7725269268450135, 8.00945520597773;
  1.871994979978245, -0.5408400539988095, 13.09744823898241;
  1.849960509439282, 0.5739338895633338, 12.96235713885699;
  1.791928725869499, -2.422749977501048, 12.47314769532587;
