m=[-6.659255446112809, -1.357029382092917, 10.64567680051773;
  -7.567568004931669, -0.922065941421034, 13.83183410576703;
  -6.910531423542532, 0.7804970997982929, 12.89034197227301;
  -7.094695227700098, 0.5286157956490211, 13.29489115285833;
  -7.02731165958891, 0.596043904377039, 13.27265831592663;
  -7.769036684850835, -0.930033126731484, 14.79883806457295;
  -7.683994398343334, -0.1381630020451577, 15.11883249839338;
  -6.582066915707043, 1.018135945818169, 13.14036004854778;
  -7.761928537733162, -0.000499554410614657, 15.48321175107847;
  -6.569440667420669, 1.32354773963279, 13.32907270849508;
  -7.593636587785928, -2.478583531034005, 15.31624631383638;
  -7.784935945723336, -0.5094828068072393, 15.78164042776779;
  -6.477312232808542, 1.337490918631404, 13.39438709346631;
  -7.973460915148871, -2.823734279912069, 16.70115803442493;
  -5.75139476110154, 1.308691211555907, 12.70595893771491;
  -7.141411356437366, 1.132802297058016, 15.72751495203146;
  -7.840802923065121, -0.920010638574155, 17.23789078384946;
  -5.603202610845666, 1.317243030201863, 12.70930613902087;
  -6.054345217376243, 1.283236776933163, 13.81671262824037;
  -5.766145080391807, 1.37734074929005, 13.25173885993339;
  -7.869559645240354, -3.49305424262392, 18.017018095036;
  -7.97782524967107, -2.569549490974759, 19.07649014842438;
  -8.096223232931262, -3.605759097749301, 19.95145749775763;
  -8.054574038286559, -0.07419187108660043, 20.85645209494541;
  -8.16990530078442, -2.591897520873021, 21.38307568422985;
  -8.238244719883477, -0.8150767976317502, 21.56769652888229;
  -8.307650843345648, -0.9750082977450689, 22.91506330942885;
  -12.60993275859786, -8.339388309163578, 36.80546445226845;
  -8.613822127404264, -0.9224151685325045, 26.14441023516335;
  -13.4383286911293, -9.085315095582352, 40.81109555381925;
  -12.91667673354951, -8.152880831674203, 40.61962303412893;
  -13.14377057924067, -9.87616028819701, 42.05051805203789;
  -13.30907242032211, -10.24974870090127, 42.651653360732;
  -9.229014055697585, -3.743533121937223, 29.88259689572531;
  -13.305412769814, -10.54655109864336, 43.25131687323729;
  -14.68061443857446, -11.1390797393641, 48.37299687847779;
  -8.808167892667697, -1.862284615883442, 29.91718289334883;
  -10.72392824264926, -2.732956914933959, 36.3073324915893;
  -12.27517104997272, -10.11964795797229, 41.76920869708327;
  -4.059412791828759, 1.37122096192188, 14.56513491870783;
  -12.28338738621965, -10.34218839765946, 42.43129131926112;
  -12.70953966405337, -10.02814681351124, 43.90990586268383;
  -9.910203739797185, -4.647957698465401, 34.4426004520003;
  -12.41726853840592, -9.002645811017034, 43.32238027843822;
  -12.43398205060105, -9.766568591018222, 43.75259884341541;
  -12.41002764082645, -9.568234070048503, 44.21191954256436;
  -11.87741818325693, -9.234691906922636, 43.29227239347784;
  -11.98907449619684, -9.071163177057223, 44.23800292288463;
  -11.1712941686586, -7.553373657915852, 41.3320960443108;
  -11.44470037476133, -9.137193982572422, 43.51485180264437;
  -2.703576252026147, 1.588563166833041, 12.28145910098747;
  -2.852256061717689, 1.433911751912094, 13.07675906804604;
  -2.597915749095161, 1.475445054777461, 12.02160463497221;
  -3.408992194011357, 1.558724791893258, 16.93761653613819;
  -3.301707778802619, 1.598808189210522, 16.45320401621067;
  -3.038107301131384, 1.449766914543447, 15.86632812016632;
  -0.5304002781254017, 1.515626317380407, 12.61653841358619;
  -0.5014926499120707, 1.557444828509214, 13.13533648258894;
  2.34247263892774, -5.396901929017897, 24.84018676354611;
  2.397524006041856, -5.185125729901338, 24.85728827713439;
  2.486745457310266, -4.889059759535784, 24.78661322185742;
  2.676155777823388, -5.522968614631948, 25.40796144374599;
  2.677834694582862, -5.493087502521013, 24.80595173142536;
  3.100063816676773, -6.636931302254673, 28.51169643635212;
  2.724598829220883, -5.211284096978392, 25.03482093609956;
  2.606011045770482, -4.425137912672646, 23.0732664301021;
  3.218110476940236, -6.170303733081126, 27.45698313721854;
  2.68113695435382, -4.743684219324551, 22.7318200078612;
  2.999517644749359, -5.142180001479733, 24.74206013358523;
  3.035771277149129, -5.848982211315073, 24.89795959617933;
  3.183506191402397, -5.33867217371933, 24.63602240052428;
  2.229434784649597, 1.616143746645947, 16.7559608543958;
  3.546723966760313, -4.795294191459247, 24.6878189033369;
  2.292110872075706, 1.572257574850173, 16.26414535506334;
  3.401643117109807, -3.562562550180531, 23.42883425068174;
  2.642710229222704, 1.416730384094907, 17.65473904687814;
  3.749782308933607, -5.035178649987518, 23.91178868215532;
  2.332929563288995, 1.577224418943638, 15.18352089561853;
  3.266305089735564, -3.604486779551469, 20.62697641988812;
  4.05866272200592, -3.275836540689164, 23.63959532937865;
  4.04348039707841, -3.54187650223803, 23.31451712197486;
  4.213689685732285, -3.09978606564434, 23.41636413908133;
  2.340623632199527, 1.558893140409754, 13.25911411240001;
  3.748546142774015, -3.656386063055804, 20.36969105094145;
  2.742247775572391, 1.581827111559675, 15.20369035592913;
  2.361745394817473, 1.620398844422796, 13.12642773702866;
  4.86014957508613, -5.387059399506418, 25.65555157078869;
  3.770497863345073, -3.170662289896433, 19.78472018912428;
  4.404464826897187, -4.236739977978552, 22.92479039717096;
  3.746851851580576, -3.517521907952393, 19.70944859103515;
  2.507659346239858, 1.541386629315479, 13.58550060608076;
  2.849936023947097, 1.496227058296197, 15.24407745745572;
  4.445293573115976, -4.7354768430742, 22.96210207784113;
  4.740102849768302, -5.317885814320833, 24.37621917479893;
  4.179499750938749, -0.6702276290899507, 21.31095646513476;
  3.900509842190083, 0.6953819820781562, 19.67096536205085;
  3.766808343361927, 1.317630403071191, 19.01920291069143;
  4.116169775892173, -1.749882461760513, 20.52685010221555;
  3.965692895527837, -3.20026726073732, 19.62020051084618;
  3.821698963264963, 0.5845471123741779, 18.9112803441634;
  3.858742485114682, 0.4261405739209845, 19.09630334594473;
  3.851849703486283, 1.046685579616367, 19.04739368673056;
  4.193622542600448, -3.553221686718429, 20.45107175024612;
  3.944335573931038, 0.0175150699174689, 19.46387573944948;
  3.87353312125213, -0.6359938774738171, 19.09844737456911;
  3.857482825703441, -3.177699664514589, 18.90499909418625;
  3.897682633105402, 1.336861606042542, 19.10322114875255;
  3.966188893811343, 0.8615793848637686, 19.25993943374343;
  4.169562592888509, 0.09411718453254254, 20.14717412198865;
  4.80649956424008, -4.337369676705745, 22.97505593965263;
  3.878782148591829, 1.145712995485286, 18.70308485687291;
  4.307402215811974, -2.483308718361007, 20.60445749078378;
  4.07683427147163, 1.075702238809571, 19.49309618162347;
  2.924772490528811, 1.527678909922287, 14.153588227483;
  3.890527181387837, 0.4693802778569107, 18.32502134927628;
  5.340156219512824, -3.411356549556628, 24.59767664028091;
  3.615183256559512, 1.478264813330219, 16.98145048048925;
  5.131033054210753, -2.811116077774274, 23.46976054504977;
  5.223267018699562, -3.83508573673002, 23.61971842406022;
  4.136944865671408, 0.9343497721926196, 18.87734707878624;
  4.02845521042804, 0.7453384317015043, 18.36959972832474;
  4.047748362039991, 0.932851726508111, 18.25542633250665;
  5.331444224894194, -2.712265970015565, 23.55312473686028;
  4.236170665950561, 0.3437250417768646, 18.86979924308277;
  5.409774118792059, -4.764860545978496, 23.71258903652994;
  3.938624644587848, 1.240819535043052, 17.56279562698027;
  4.108367821068037, 1.137903839131757, 18.24778091466633;
  4.126949373798829, 0.8335917577746721, 18.3092534219741;
  5.183139083959179, -4.727228927004589, 22.6112750205913;
  5.528725932639653, -4.554087434469846, 23.9939569060538;
  4.089158620148067, 1.062971113278571, 17.93356411851941;
  4.177921098138118, 0.9107634045999609, 18.28871184474398;
  5.267019067587885, -1.26047597490602, 22.39767556758592;
