m=[-22.46738652371343, 1.190943707884427, 28.12735913786348;
  -19.53472277927167, 3.650629542310832, 24.59386724745837;
  -19.21776866303755, 3.473177747662866, 24.21501706263231;
  -19.11378324365243, 3.563918180340913, 24.34977859921485;
  -26.3596519599268, -0.6183810406372562, 33.85954679971555;
  -22.30782634512076, 1.585382914810863, 28.96551817390932;
  -24.84267992612788, -2.124849469096802, 32.3236015780982;
  -25.18892978770559, -0.7401783617432078, 32.78070179093553;
  -25.43845599482825, -0.8877418073334561, 33.09990441197358;
  -21.01184073739318, 1.09120643193724, 27.88466036966047;
  -18.2124017415797, 3.566121850379814, 24.36869397378782;
  -18.49019342286502, -2.189877501797548, 24.72226361940298;
  -18.43552523283906, -2.30490626044096, 24.65316761725574;
  -20.59746187527926, 1.163460775031458, 27.50982968264406;
  -18.57995294102654, -1.521272053042924, 24.94022112390823;
  -18.51013784107144, -1.42403834702026, 24.94972757322828;
  -18.39922329956762, -1.956288455288299, 25.37377596604354;
  -17.45540725541461, 3.547708940288783, 24.19370655985895;
  -20.17763103876706, 3.116566171482842, 27.82476546998746;
  -21.35164246313035, -0.423811145442401, 29.3793460762942;
  -21.99374585814521, 0.1196389160326186, 30.4907291306557;
  -20.68432375854, -0.3923148123027718, 28.86302518017707;
  -22.86570407031836, -6.89770922358861, 31.81960966852846;
  -23.92332373799281, 1.157400993036233, 33.38772278516579;
  -19.97626077838099, 0.01234024870881735, 28.0593086166412;
  -22.19477746608743, 0.7000897307017093, 31.15590558395766;
  -18.57654411366575, -1.086176962719222, 26.3245675753974;
  -23.3410105076829, 0.9043635507533433, 32.89719792684175;
  -9.478585591731896, 3.208294762138591, 13.97582754707701;
  -21.44317558666204, 0.2270372510994855, 30.38455347754181;
  -18.24314713982503, -0.4044295527251768, 26.02987234172356;
  -22.92557531614913, -6.986438116848755, 32.51774356163238;
  -22.29815368280414, 1.148343359514765, 31.68834356794158;
  -23.06572300863227, 0.9538329696226104, 32.85602917719965;
  -18.6784838257845, -2.300939850113087, 26.80383282628061;
  -23.29364540836992, -5.476180453665953, 33.22167319965581;
  -22.48145576227216, 1.295061828191987, 32.16697840462992;
  -22.61911838266858, -6.04714960051037, 32.36285573398772;
  -18.63533187098214, -2.034242530802759, 26.87425382216017;
  -18.07792787543918, -1.197255457635778, 26.09130298562963;
  -9.238312673487039, 3.225491662656312, 13.8454395755576;
  -18.97620144202822, 2.109129760254261, 27.39331180218736;
  -18.43057976879286, -1.854834759295615, 26.82956993232299;
  -18.45778297119643, -2.694132091185908, 26.87970196136118;
  -18.20585755063267, -0.3032996144285747, 26.57503578140074;
  -22.07423932289353, 1.220550523822255, 32.02403043671611;
  -17.00911195218778, 3.415048222847132, 24.92804630105748;
  -22.88459021517062, -5.476978316658292, 33.1650725350522;
  -22.39856029059871, -4.979809966082913, 32.49477070163313;
  -18.74807914418604, 2.998812922178612, 27.41389788381451;
  -20.67679718850588, 0.7273830999236194, 30.12352384996871;
  -18.32044477519197, -1.743160774556361, 26.84509247174073;
  -18.24740477252112, 2.081650009209411, 26.81530525619278;
  -18.43596942397573, -0.6018003377409549, 27.11512454434619;
  -18.82437914685672, -2.533413816142008, 27.66002785544656;
  -18.77358586394135, -0.9546490929889209, 27.60047608933416;
  -18.45502081524932, -2.765827341540924, 27.16041249078161;
  -17.98197265060828, -1.946786633554927, 26.55621350506288;
  -18.4058995103222, -2.364923968963062, 27.22686037352196;
  -18.39656413642691, -1.824664146006031, 27.22758691135797;
  -18.68829117382566, -1.136533739886061, 27.65971680696367;
  -18.97068375386185, -2.619571045738482, 28.07700986527165;
  -18.30746151187434, 1.996650954668013, 27.19060959090854;
  -18.3412919078351, 2.913416478659837, 27.3400897623394;
  -22.32090446009744, -5.43458905506208, 33.12486741015465;
  -18.54275700143441, -0.727229677541318, 27.79017617452067;
  -20.42533182972127, 0.3498403210640204, 30.51585693856647;
  -16.94685839832765, 3.630724706245725, 25.53315830820639;
  -18.12066341131991, 3.28061840794351, 27.36268614394836;
  -18.03203763237566, 3.089154689997132, 27.27438441608592;
  -18.645624252034, 0.1714624110724609, 28.23107235169097;
  -20.70448119913686, -1.627791531570068, 31.34349067120857;
  -17.4459428525816, 3.311309882444725, 26.62986048312689;
  -19.43831104895659, -2.451878402386142, 29.5337411822839;
  -21.80332074397898, -5.46944404951722, 33.01333671478341;
  -21.74327493006146, -5.065135730951843, 32.94556988724554;
  -21.43914394224959, -7.008754180414704, 32.52204215088482;
  -18.81572178356378, -2.273609986284736, 28.99067173630489;
  -20.63301413954545, -2.256184244310949, 31.70664497390689;
  -18.76199188158412, -2.460847555962682, 28.99138000861617;
  -18.08745560422549, -0.5489632611294184, 28.04445924513893;
  -18.2037493442795, 0.259696218557129, 28.24223233666093;
  -17.78748539708526, 1.298118155530007, 27.85846771128144;
  -17.34428001207215, -0.07337098927151815, 27.22678791917662;
  -19.04344654700671, -2.292510288573193, 29.88505101639816;
  -17.87331688773329, 0.9083769347334693, 28.13755942136209;
  -19.28086237455474, -1.954880393828193, 30.33655791613973;
  -18.76419877500089, -2.302896939975137, 29.72485761480029;
  -19.16224072412382, -2.184472962153135, 30.54371613294486;
  -18.88783179995405, -2.729424317475818, 30.49097253268806;
  -18.87184734655263, 0.2491448175914174, 30.48450392441826;
  -18.5678773841637, 0.4873378851106829, 30.10915035314217;
  -18.53886005673738, -2.366059209616636, 30.16177200565921;
  -17.57871541931775, -0.4620820636824072, 28.67807346450148;
  -18.20375314656895, -0.7223692505561994, 29.69631356088051;
  -17.39067368552564, -0.06928294029810461, 28.46937171428571;
  -17.49208335548299, 0.5097799748016852, 28.68861841034233;
  -17.28542526241649, -2.262154070642122, 28.59168634042615;
  -16.61706094131952, 3.279698449796232, 27.59710949131468;
  -17.70366432411447, 2.965312975622577, 29.37039659407056;
  -16.87893953914272, -1.924904845515387, 28.09454934634588;
  -16.00441962824085, 3.607237191951321, 26.90824453510536;
  -17.57091415583921, -2.364870053834182, 29.47462565071139;
  -17.47768955662613, -0.3684321088589608, 29.64187614652027;
  -17.31265676800414, -2.431262824222412, 29.53384718944064;
  -17.19410219825954, -2.125478016294156, 29.37967704856662;
  -18.30833697958442, 1.319594052893377, 31.43793752141335;
  -16.95620655182596, -1.826934781651701, 29.31484842608898;
  -17.80731553077397, -2.259579151081146, 30.76825041251878;
  -17.52503756106848, 2.849666815533148, 30.50841373750813;
  -17.45295942601608, -2.510326838631723, 30.37528847558948;
  -19.06153175049121, -2.434761427175884, 33.20247287392431;
  -17.03247444467408, -1.470077660794493, 29.80186050201277;
  -17.85575680413801, 0.7924754754668936, 31.24967746622489;
  -18.06157411142939, -1.295226037498666, 31.60170766121772;
  -18.90862659237086, 1.352284877555956, 33.05178904921291;
  -16.64283467112185, -0.8228441646945626, 29.37091610588917;
  -17.32335646933358, -1.036050938080906, 30.5334905606895;
  -18.32932433300843, -2.379841473493952, 32.28032913175796;
  -17.26169123770828, 1.282844186240754, 30.5126020478169;
  -17.26567212556208, -1.546151450268037, 30.6105156395044;
  -17.0442989652599, -1.937991995018192, 30.25137293277162;
  -17.95063832279223, -1.176262406696856, 31.9675224686225;
  -17.42430906084322, -0.3252954953029958, 31.17481755608153;
  -17.6316883209593, 3.030169864571217, 31.57892552081729;
  -17.60937185935422, -0.1701334490040909, 31.55122923165374;
  -18.56033627057785, -2.432466678653054, 33.28135072906734;
  -17.93429232034062, -1.865993811290196, 32.22281508215608;
  -18.0964230502005, -0.9537023758780073, 32.51752576151254;
  -17.98332005873542, 0.3659313104466471, 32.43531691067518;
  -17.44900957592437, -0.05699340123845253, 31.57093327322374;
