m=[-9.191239668256477, -1.149137091838375, 12.29111561998073;
  -9.236943607684735, -1.093973141829212, 12.35023072416068;
  -9.092467203060837, 1.780371772311049, 12.16597096209637;
  -10.37455717716676, 0.5387811406774218, 13.76799905284305;
  -9.23126027972415, -0.7101875060316265, 12.44277223185438;
  -10.4356581191034, 0.5894648067190924, 13.93779385155162;
  -10.28449276346203, 0.5898800678577265, 13.92243621916431;
  -9.240810850079077, -0.7824120772167518, 12.62120361895047;
  -9.140967613830055, -0.9719089290861644, 12.60601388275092;
  -9.177078466889727, -0.8019995725279362, 12.65621739299194;
  -8.720667643830399, 1.772424447771463, 12.08710119985555;
  -10.03542768375008, 1.550036987763704, 13.83876140637508;
  -10.64589326531288, -0.2113115291631909, 14.64849287697664;
  -10.34819448949087, -0.3439360707662924, 14.28665651970305;
  -9.204932461831227, -1.040202943957933, 12.89161477278562;
  -10.23148218540424, -0.1940581698489786, 14.27706950419056;
  -10.75788424958712, 0.1602070146054964, 15.00145956677116;
  -11.76391957325708, -3.548725038007552, 16.37051401705605;
  -9.662298019802829, 1.092908079600422, 13.68039252180351;
  -11.02772772982209, 0.3478475487496697, 15.48016620040012;
  -9.682727674799146, 1.25559955823459, 13.72417845666271;
  -9.399636436807395, -0.2083791097435478, 13.41168465251202;
  -11.63651414393337, -3.546161212589433, 16.50528624322843;
  -9.417767010043669, 1.046747566245316, 13.59512487125591;
  -11.60512099328661, -2.728286433132919, 16.5513611254209;
  -9.184997705246321, -0.924368805618814, 13.37068835340673;
  -9.164040877817413, -1.337600331112086, 13.34541033134143;
  -8.563376152317941, 1.719333883670709, 12.55022824345018;
  -9.336341734543817, 1.493376576026878, 13.65182624581308;
  -9.4892923207639, 0.07086728405339701, 13.86247631795852;
  -10.51050128287863, 0.5811569612343229, 15.24802771522767;
  -9.163794014571341, -0.8719202218248403, 13.42777976909538;
  -9.096743096919854, -0.462575323093049, 13.37381372727486;
  -11.45836473687454, -2.742335109265838, 16.60582488296459;
  -9.210695024067833, 1.050749058329066, 13.53549185602628;
  -9.136638949843881, -0.2982448212721905, 13.43792112822433;
  -11.42127005287232, -2.539259385277999, 16.56943779753958;
  -9.441860880448779, -1.270700118076077, 13.87361213472334;
  -9.148565030762494, -0.9074008861243319, 13.54021042418829;
  -9.28162938676557, -1.192571316358859, 13.72981674764238;
  -8.967707586123318, -0.6066293404440428, 13.31730502430275;
  -9.119842759910737, 0.9946295799222287, 13.54497366302637;
  -9.123347748663244, 1.449195171477808, 13.59954073218454;
  -8.186514812056441, 1.753893310934433, 12.33429664517293;
  -9.421059572540651, -1.120387476623191, 14.08714830541829;
  -8.811443481725785, -0.1439182076386281, 13.27270647946215;
  -11.19027511806657, -2.724555664332278, 16.60669173293391;
  -9.11625361416872, 1.650433471405947, 13.76578664869996;
  -9.004614781239317, 1.542623665177998, 13.61994301860461;
  -8.816580378210444, 1.673422295511899, 13.45781694884296;
  -9.552055979524935, -1.204861867658907, 14.51298666573812;
  -10.90041804216421, -2.734410381704314, 16.50478729288256;
  -10.85308270385658, -2.528245499866104, 16.4446706331994;
  -10.76617814746665, -3.519613297126296, 16.33172016844558;
  -9.557406000093422, -1.170524737448331, 14.61569564390301;
  -9.484400080156314, -1.146053655778432, 14.61326503986589;
  -8.87569686558648, 0.1266214376752286, 13.77021229455893;
  -10.6917521376312, -2.718669887800698, 16.46475613672096;
  -8.922457188933906, 0.6511546410484913, 13.9742060192464;
  -8.985458380733293, -0.03801091599037734, 14.10523639600681;
  -8.925512913142484, 0.4536220172165591, 14.05123355318809;
  -9.51232641137892, -1.1451239203221, 14.92777892840904;
  -9.427811424183988, -1.157058627429453, 14.93484243923137;
  -9.449920359562348, -1.077279834710367, 15.06273139435296;
  -8.697091500554523, 0.6522948018638546, 13.96526319363554;
  -8.814551614932917, 0.0880113557225327, 14.15834074158195;
  -9.410318207250466, -1.359857056230104, 15.19124889611873;
  -9.131655615295896, -1.083734751063286, 14.80458890466702;
  -9.188254361949911, -1.090451827483999, 14.89634895476445;
  -9.269496730154119, -1.269754098981277, 15.05237297242803;
  -8.798584698167552, -0.2312835766341513, 14.35408972378033;
  -9.197809728853676, -1.173888920389514, 14.96436345838309;
  -8.886197827844445, -0.3526259674864904, 14.4963137510696;
  -8.711998418218737, -0.03470784842504431, 14.26196165988504;
  -8.702058269891044, -1.138843634990035, 14.39400632565364;
  -8.243887428990815, 1.627090670042932, 13.6911975478298;
  -8.76887771254216, 1.468761855545944, 14.54757678338164;
  -8.67658412944418, -0.9894933739502739, 14.44194526659059;
  -8.443966105173663, -1.17396757668225, 14.26261461473665;
  -8.740393897581239, -0.1842487100775281, 14.82356535424797;
  -8.48749376492656, -1.191921513722955, 14.47890680406351;
  -8.622906670951997, -1.065935188376391, 14.73401811221899;
  -8.756683561435015, 1.568428545775398, 15.01076402205158;
  -9.03401094575335, 0.6511365358351836, 15.51264169962885;
  -8.688345489275486, -0.9361197931181572, 15.02090283655912;
  -8.595706842660848, -1.236353850223063, 14.96004595118808;
  -8.672926462661515, 1.41026520759702, 15.09824032706542;
  -8.85457595346853, -0.8713342797658954, 15.40944271211334;
  -8.904589970960503, 0.6368279737156992, 15.56499240450763;
  -8.913989070821128, 0.3956213004406837, 15.60053076753704;
  -9.014147059698068, -0.6464197364821481, 15.77173940866772;
  -8.648101665295998, -0.7744427691330053, 15.33232238817053;
  -8.575482068878589, -0.9750600852978718, 15.22034474240908;
  -8.958363045076611, -0.5870201095905594, 15.9535648134555;
  -8.792681077474011, 1.511104140723475, 15.74797692764253;
  -8.655573659851749, -0.9005789910166379, 15.55160050307948;
  -8.988924096772891, -1.17806369580721, 16.11843294110476;
  -8.964585469801966, -0.4724439983302044, 16.10849493001528;
  -8.840785681319916, 0.1798956076618281, 15.94553644023479;
  -8.63172098992194, -0.3127417978617659, 15.62741973022136;
  -8.697235287091532, -0.5520387944933323, 15.76436436655885;
  -8.707580759186435, 0.03805001236108607, 15.8759744731911;
  -8.567879909647408, 1.483329008471248, 15.70359296049475;
  -8.783545040959838, 0.2133617193854072, 16.11973909156975;
  -8.667853811903049, 0.08702272050354455, 15.92570684020783;
  -8.956904786898802, 0.3385980740278304, 16.46526066921959;
  -9.141003141055688, -3.365653966333972, 16.83859823269207;
  -8.71448863629109, -0.1935376663135701, 16.16050885191209;
  -8.824770869016582, 0.2209656597445774, 16.41551952379166;
  -8.809363726056944, -0.3324036338258051, 16.38949420049016;
  -8.77167947055387, -0.1239521103309977, 16.37756145417643;
  -8.8417736835647, 0.7232527867622459, 16.59375778744759;
  -8.754577695768745, 0.8444138439405554, 16.4393693431315;
  -8.766757371562642, 1.205026424686859, 16.52561625655764;
  -8.892832571821316, 0.3678710202067421, 16.77077628355875;
  -8.894154235024267, -3.27159196957065, 16.84082504128227;
  -8.575520353837705, 1.252134776661364, 16.29040655896244;
  -8.284042501918062, 1.456431525138226, 15.79355910634527;
  -9.193236379900503, 1.095173801218386, 17.42794893765073;
  -8.740349951251661, 0.7997474813562767, 16.71904168451563;
  -8.451628714614969, 1.288512900241891, 16.21577275359438;
  -8.9469956832455, 0.6512766704952014, 17.11983916868472;
  -9.032929373051395, -3.41593201234355, 17.30461851412576;
  -8.891253168638999, 1.093334812623208, 17.0582009500371;
  -8.752084253351248, 0.7486450566145807, 16.83678548384131;
  -9.02994600338895, -3.357762253681777, 17.48612050503055;
  -8.55265893221147, 1.358000047666082, 16.68821787255472;
  -8.939928797014545, -3.2138929367257, 17.55035272011024;
  -8.805510494185418, 1.240326796552548, 17.34816929129182;
  -9.034103427468429, -3.184566488258952, 17.84571679905099;
  -9.199805712904317, -3.327274001674247, 18.22900667943356;
