m=[-6.295176266752509, -0.6476846661389006, 8.805482180375547;
  -8.12127201055041, 0.7358415313529679, 12.26554807576039;
  -8.054453275769719, 0.8017239822269865, 12.33404441207309;
  -7.926932240377842, 0.7246767148186002, 12.30040144628998;
  -7.895629444020944, -0.9483750660001092, 13.38901497667282;
  -7.477847105289015, 0.4944565469005468, 12.79835079074714;
  -7.457926364429817, 0.5683314945371374, 12.93616885416178;
  -8.11022923630969, -0.7210027425869098, 14.0337684764487;
  -7.086257214439711, 0.8133539922819776, 12.49956455785353;
  -8.093290137267108, -0.9587461222456156, 14.37261084683402;
  -6.884184686708566, 1.073404648969688, 12.71322379553329;
  -6.922944165692082, 1.408019675068416, 13.01135084008292;
  -8.119282498325767, 0.01519252776410072, 15.15198648269559;
  -8.004990273953833, -2.602961762565065, 15.07977466936333;
  -7.890885657366308, -3.375959593405835, 14.93043543184517;
  -6.733732369435146, 1.403328351970168, 12.90423825804684;
  -8.310770492559096, 0.1312110449748503, 15.75299876869476;
  -7.812044006373445, -0.4831200261518983, 14.83288252742896;
  -8.353571620391339, -2.960912089782901, 16.43644796111916;
  -8.466523398583997, -3.47321744992602, 16.6532898826477;
  -5.973646163654759, 1.363712463517248, 12.17858039730612;
  -6.494161482606884, 1.390809643094578, 13.18756966874213;
  -6.448015435029587, 1.395725833402158, 13.24495979811382;
  -6.390502294354908, 1.432828892376074, 13.21717318811961;
  -7.110335165161824, 1.138328111131142, 14.67289152006944;
  -8.257361378109973, -0.954696067636755, 17.08968644966929;
  -6.15611730617576, 1.486147590046696, 13.10790843106755;
  -6.059625766122061, 1.30401217388688, 13.19818524677599;
  -8.61852909141353, -3.836588344332773, 20.13713145863207;
  -8.418508449880985, -0.07175547746685664, 20.73156690312253;
  -8.817876046702654, -0.8734184829071515, 21.9819618311214;
  -8.873026143316794, -1.035366753094172, 23.36372806512553;
  -15.2321501487038, -10.06195877935524, 43.04859910988492;
  -9.307029487551644, -0.985966903293496, 27.10335342360091;
  -13.22610374374908, -8.928908998261473, 38.98040962864162;
  -13.85025274092593, -8.428766405171956, 44.91156268254569;
  -13.22442876403465, -10.4241670640512, 44.40179682667837;
  -3.242020740206115, 1.572374422619207, 11.76496414902015;
  -13.10790488876151, -10.28756965477863, 44.82163879373715;
  -12.78303601471861, -9.858570019761185, 44.28177235133587;
  -12.50370066127421, -9.708840597726324, 44.26376356053903;
  -2.522806134186499, 1.614751950172881, 10.10121534036981;
  -2.9240218656549, 1.722483941705752, 12.25328958703051;
  -2.891635201045955, 1.643057466376047, 12.31613856578913;
  -3.214191177727615, 1.619832740353912, 13.66255194714124;
  -4.537637356983173, 0.882053691068873, 19.50731532707276;
  -3.324111132173341, 1.613610327891353, 15.09658088019055;
  -3.520371858681965, 1.590616583623103, 16.44832394473907;
  -3.472452892792568, 1.679938141895993, 16.28116891064528;
  -3.40407894773148, 1.625381203233955, 16.69923705056758;
  -0.5599153028063264, 1.593319543731699, 12.23637098528426;
  -0.5326713715034634, 1.650598146088745, 12.88507009944068;
  -0.5100547256237403, 1.596322763663725, 13.06338799671106;
  2.417085512976205, -4.868228173041215, 24.53834896658049;
  2.249476370489962, -5.236893514798005, 23.04366639095757;
  2.311131597836187, -4.860853363918231, 22.39053123145446;
  2.539282510130865, -5.265316132712128, 22.72432093591735;
  2.441697680119876, -4.725025837556797, 21.69188774668377;
  2.593599780804396, -4.228457663336529, 22.52868647158784;
  2.513496843662541, -4.283412432440264, 21.31600457017946;
  3.094072998964515, -5.984844463610079, 25.57128504928512;
  1.813489880071428, 1.466383627980139, 15.12976257104361;
  2.619111754167448, -4.681617745342082, 21.35051963227609;
  2.64001438825874, -4.579921465717245, 21.04138056793164;
  1.817326634008624, 1.500292329891881, 14.78626787471104;
  2.056123289563813, 1.379754725896753, 16.10721926765846;
  1.927186833528687, 1.476279756325336, 14.88888692658619;
  2.692078313492181, -3.392424916688696, 20.32975468927555;
  2.927600738549535, -4.953256223573247, 21.84210290445121;
  2.000630290233751, 1.455773195113459, 14.90826306723635;
  3.054637130835528, -3.295001544537009, 21.99437970696472;
  2.046499089889191, 1.469747950699326, 14.42240559125042;
  3.218293126817238, -4.395097272145107, 21.60272724745204;
  3.14491132423666, -3.069228919499874, 20.87682733988599;
  3.219762879404618, -3.410989433947657, 21.32856106939453;
  3.221567296038819, -3.418302323703988, 20.95402454133776;
  2.128219132132619, 1.446589615589776, 14.12975453019278;
  2.225465138395196, 1.33994069937009, 14.6851288321217;
  2.130109429337608, 1.531202366350878, 13.99995013382191;
  2.433355040468027, 1.360773952666841, 15.71875022652069;
  2.754957298783622, 1.206624012683768, 17.59559801052245;
  2.717230860390949, 1.279387393418509, 17.10778417764454;
  3.662344071486497, -3.868710339480752, 22.40986400933363;
  3.460890302951284, -3.846986177490251, 20.84720494485127;
  3.631855155676871, -4.641326619260356, 21.85061945148286;
  2.165858828235657, 1.45322534286085, 13.12237645901347;
  3.323579928993515, 0.8862826528425842, 18.82632046582837;
  3.722282697701767, -2.706762105684832, 20.94886489874983;
  3.673123180533545, -2.998392676528004, 20.56662774140115;
  3.512772553757988, -2.16162622935786, 19.59167836507255;
  2.105123926811441, 1.545556640527634, 12.08788601026098;
  3.567861793130511, -1.042049587058796, 19.53853779570257;
  2.327395211708827, 1.452752198434184, 13.14753270093218;
  3.74826312293925, -1.555382550034302, 20.28251833918301;
  3.874790973053413, -2.879731188823985, 20.67816187222316;
  3.358837036874707, 0.8613665123183294, 17.76896072101283;
  3.884249144346974, 0.2708485098483883, 20.00716571440541;
  3.183895413187269, -3.082469511686737, 16.61214036584195;
  4.078127112187257, -4.490201255739168, 20.94097883623994;
  3.611124992318492, 0.8478626394637318, 18.62040270270634;
  4.190592473077527, -1.051608746509959, 21.38065212434034;
  3.179864629075361, -3.140553052270853, 16.50739265668663;
  3.518768176066491, 0.9954482302585171, 18.03451109085803;
  2.552066452165999, 1.45550205841813, 13.16879657431737;
  2.233218856754715, 1.477119799794112, 11.63980273263892;
  3.639862482701698, -3.116309254491728, 18.24594611486808;
  3.361303810092585, 1.058785703354719, 16.91502580602188;
  3.72848842440609, 0.8810761526139651, 18.63322971589203;
  4.284209738503336, -4.596488643925741, 21.22741851943687;
  4.43533059612773, -5.015871844419473, 21.95201536579536;
  2.182628208457337, 1.487644308828025, 11.15244579204092;
  2.213226526246908, 1.567062914555231, 11.2771330966992;
  3.700094053355751, -0.6295686747398934, 18.02355315662791;
  2.416029245390586, 1.471840061448415, 12.06717203679213;
  3.854409886268499, 0.8921300608661376, 18.50012100682862;
  3.591270793425887, 1.235384807713716, 17.17038388873115;
  3.645726392362375, -0.8386095567027059, 17.34524194892897;
  2.596197386969799, 1.41386860851378, 12.68503073995596;
  3.287268772941972, -1.182511850124187, 15.7069148794446;
  3.73883814419594, 0.83227343629755, 17.5417629093868;
  2.191315062690095, 1.595107420032435, 10.71277377026487;
  3.588169450284307, 0.9567915505360016, 16.80833171465289;
  3.335697670192443, -2.724218747740482, 15.71571831894022;
  3.564119640309569, -0.59899979042562, 16.66034835022856;
  3.475004671096088, 0.006469263333609436, 16.2771378182001;
  4.939111314448478, -4.875018360216076, 22.70328264823908;
  2.30704238337147, 1.579416768857049, 11.13416504604069;
  3.577909235857435, -1.905920170090335, 16.6538714582288;
  3.581802093617761, -1.769942284083502, 16.66926395144158;
  3.616407551681542, 1.223306089267276, 16.79395486367056;
  4.516423211470117, -4.111425530704445, 20.71542111013336;
  3.560493875210445, 0.7592947438836563, 16.39577050463979;
  3.86421583233663, -0.3988991343446667, 17.60452764108116;
