m=[-3.93478416558416, 0.3565177477352625, 5.942700144511272;
  -3.889510958739384, 0.3871540510560655, 5.956133739164564;
  -3.879877873922677, -0.4596175107180841, 6.890148983830008;
  -3.323707475630282, 0.5182433677360587, 6.137987124336949;
  -3.092559555340008, 0.6694098837409087, 6.352470368049485;
  -3.046193254344423, 0.6829938407879689, 6.300297214933742;
  -4.010270554242456, -0.3161648789348379, 9.147032919214977;
  -3.988170262466946, -0.4305610031383361, 9.291543822213155;
  -3.925485503336555, -0.03345902522496377, 9.666969609184143;
  -4.04121943712946, -0.4002863876945047, 10.07430031309911;
  -4.066186170177338, -0.4744710434178001, 10.70674946830321;
  -4.15400784034333, -0.4400667529933502, 12.09704372075137;
  -4.496851409300789, -0.953546186434278, 14.71219932190818;
  -5.349947393467563, -3.868551096727059, 18.12284374805487;
  -5.581425964060226, -4.38050999496417, 19.08532756669479;
  -5.435909506010712, -4.192297856658407, 18.83055848317015;
  -5.320382333968731, -3.118456886501395, 18.72515196320891;
  -5.010601763953085, -1.263862560430263, 17.76343744960421;
  -5.301503158087138, -4.116497226267204, 18.76760238125423;
  -4.910857709697558, -1.500540021632532, 17.58445000753684;
  -5.385692212497838, -3.706742825756562, 19.18620316060832;
  -5.329497744259032, -3.587491515211461, 19.11399784313927;
  -5.279897942462196, -3.952761221291307, 19.11943034969059;
  -5.273709625066618, -4.117676267846083, 19.09462901492351;
  -5.168594935291963, -3.655795509013521, 18.75450341856284;
  -5.364915149393741, -3.57455675290147, 19.5773824016969;
  -5.19037112385565, -4.11415104217492, 19.12955176312792;
  -5.071420701411827, -3.613558767781063, 18.92692337828603;
  -5.171717306237555, -4.036397938679198, 19.31447295745198;
  -1.352775352612618, 0.768661151529649, 5.761780976083945;
  -4.779827920343135, -2.604381022444261, 17.9825804839288;
  -5.148675868612977, -4.153917441125018, 19.40496536796871;
  -1.505978506738864, 0.7589571237668411, 6.401457922656764;
  -4.988866852483136, -2.677808052676824, 19.20772424348931;
  -5.081803680688108, -2.9278358088783, 19.55433631231729;
  -4.949676051710953, -3.443277294848757, 19.10851888030457;
  -4.953497600339021, -3.278468408694859, 19.15901497504891;
  -5.018960565172039, -2.824385759751342, 19.51503509846411;
  -5.032205309181164, -3.609381455541491, 19.62348602720013;
  -5.006559156921766, -2.772883665101854, 19.77817104388486;
  -4.976774330468794, -3.004012510250581, 19.80677137978597;
  -4.84817891156684, -3.181837841795395, 19.38577460050531;
  -4.56867427933842, -3.317114420497652, 18.44894153369474;
  -2.031940614257451, 0.3949810392142326, 8.735318221762645;
  -4.874464786005366, -3.30302886650187, 19.60596402953914;
  -4.827178807044936, -2.491922173519866, 19.84603789254743;
  -4.668604135116508, -2.571006533048504, 19.31620684173657;
  -4.680193587609638, -2.049021875746858, 19.89114384499525;
  -4.673221144045757, -2.530892777851831, 19.86379348046048;
  -1.584339556398217, 0.7664877055732997, 7.428437685382613;
  -1.554575715093833, 0.7422795373184211, 7.626212193670695;
  -5.517273060774325, -2.367150053492059, 25.65685099807102;
  -4.851885010782316, -1.502824558003249, 22.8117155130495;
  -4.950846437386676, -2.90652247912347, 24.65603291554513;
  -4.449616383272766, -1.38381683246419, 22.24712234848139;
  -4.779546768377407, -3.132243471524793, 24.15477526619998;
  -4.871296207089918, -2.996617091495655, 24.88532609620022;
  -3.369841562783157, -0.6692939407674872, 18.13596046012592;
  -4.339186307608845, -2.650692477509774, 23.09662882820183;
  -1.361828686816916, 0.4239945768182054, 8.662645216657129;
  -1.304607853094169, 0.3452875549149176, 9.195324926086032;
  -1.360895881801229, 0.2658605429813134, 9.978840947810557;
  -0.9396044634257927, 0.7269034773501666, 7.870423970151753;
  -0.6374547932360035, 0.7283208771994003, 7.881293024429825;
  -0.4894418678037245, 0.6470763158933213, 7.586838196354369;
  -0.2650514367488583, 0.7542419936541702, 5.792425557912419;
  -0.2750654004301493, 0.7312003497038544, 6.316519188640695;
  -0.2507551228168561, 0.7770193086884661, 6.065648555824517;
  -0.3037880207231594, 0.7210800222346954, 7.122679138868697;
  -0.2383422779315426, 0.7459419248401504, 6.104359975946013;
  0.4979210401222075, -1.102811802555062, 14.02073579507209;
  0.6845299836768886, -1.122461860729878, 13.44818552125048;
  0.6914204397602516, -1.356107773365566, 12.66890292216453;
  0.7606032675665516, -0.8621728795652139, 13.45329401663605;
  0.7591714023119626, -1.421525560421845, 12.64378928767087;
  0.8161672909081816, -1.549691690015214, 13.18662832055138;
  0.857363099194998, -1.686988635530816, 13.31536083378093;
  0.9084939163357215, -1.751932887322243, 13.12345911332305;
  0.9147465020617787, -0.7459635956235925, 12.98756981074168;
  0.99494559720275, -0.389787026654046, 13.60685227591061;
  0.8820802582780801, -1.119372969826961, 11.98606435645303;
  1.047385883843705, -1.579318532161182, 13.69508650847651;
  0.9978087731887543, -0.6516817449465685, 12.57334600116598;
  1.2530261072325, -0.6060422412212764, 15.46974508361107;
  1.034100167234792, -1.569980955205771, 12.95130966246922;
  1.062077594716229, 0.3559414155980585, 13.18705441881095;
  1.03756280535723, 0.2424673541909402, 12.91656423641441;
  1.072986847257453, -2.634464800107014, 12.84794760057855;
  1.202939709782925, -1.583768948223974, 13.98196142370577;
  0.9094038930711451, 0.7111624969510653, 10.88059866634574;
  0.8593053052890602, 0.7292939547716208, 10.157880203585;
  1.067397590574788, -0.9819869342238299, 12.23813677422023;
  1.173730038058794, -0.647276897224259, 13.29649165235736;
  1.18318905681607, 0.5453564852703027, 13.18394943793903;
  1.116986896559217, -2.578191324955396, 12.51416440361347;
  1.170607115327468, -0.9655292430732632, 12.7314491642994;
  1.225891157563816, -0.8626397248200497, 12.75290212304726;
  0.9084459466111022, 0.7582903596972813, 9.663011783083437;
  1.269681936930549, -2.55725390888464, 12.8898618926406;
  1.275076866065874, 0.4094223994035374, 12.92915168632598;
  0.9634067026514545, 0.7225345245124754, 9.957640063699794;
  1.224809658043611, -1.279720282883852, 12.39440283974563;
  1.296548787434228, -1.717069234184677, 12.77641591099524;
  1.191948944411859, -2.596451091295992, 11.90836440935207;
  1.702443994611436, -0.1279595408801198, 16.33896896210671;
  1.284942900388765, -1.20219702163087, 12.60125743528441;
  1.375152030099043, 0.5355924409842459, 13.23418341800521;
  1.246041347157341, -2.620718041145606, 12.07180401381348;
  1.435150215553457, -0.3053127062967592, 13.58577364436769;
  1.44478483433072, 0.6315474229358877, 13.6318267502612;
  1.738342289872969, 0.0916586090917688, 16.08203901095186;
  1.373108939903382, -0.5580999335911798, 12.87218877896629;
  1.356497441149458, -1.665120247260352, 12.5362675593849;
  1.41820789026908, -1.950481452483971, 12.96251738763751;
  1.468708170338527, -2.359158559900524, 13.21754980251558;
  1.398873593996469, -1.415409210983501, 12.43826587935349;
  1.290153523808185, -0.7868598494486556, 11.51945969390488;
  1.522510341816946, 0.6232808248989703, 13.13366882295432;
  1.503512062157558, 0.2107797067244966, 12.98350564375758;
  1.496007238775165, -1.887896244358846, 12.93638758428867;
  1.534323710768274, 0.5045249768891793, 13.02527383723639;
  1.419396288596416, -2.418884958802731, 12.03735658188839;
  1.535124370501207, -1.332547604308409, 12.89296239426856;
  1.517118281156556, -1.901932555763513, 12.68431723844347;
  1.484042848084014, -1.366821263015939, 12.41960312607391;
  1.604983497081371, 0.5911247442904025, 13.28442567761669;
  1.576948858695151, 0.3072907575697568, 12.88018294377129;
  1.546142318403658, -1.07902253012566, 12.5945853764452;
  1.560696488948585, -1.626351192842135, 12.70358158643815;
  1.40740245382228, -2.515707965560574, 11.47288720041574;
  1.539135503988985, -1.298277635675272, 12.352949351702;
  1.637450389383438, -1.468613008139401, 12.91701162785007;
