m=[-3.627806416478689, 0.2365213577822614, 5.722027968055693;
  -3.84583043105214, -0.4672811751401422, 6.032123325108251;
  -3.677076973311178, 0.002913495800884916, 6.40522419028929;
  -3.9018896542396, -0.2978899287384139, 6.933747370310575;
  -3.923686259003198, -0.4589873242747204, 7.638873254692661;
  -3.96023177831186, -0.04622969429393876, 9.27044729512215;
  -4.030574588064247, -0.4054709120067945, 9.577162080783513;
  -4.065384520105221, -0.482290167122799, 10.23043291378076;
  -4.127965371904647, -0.4489084704701596, 11.55537223994433;
  -1.552583837444804, 0.7737731304808737, 5.428293772628074;
  -5.59792869822761, -3.435737790353091, 17.71296481837339;
  -5.114331489416528, -1.352627165171956, 16.82055341391196;
  -1.536672487093449, 0.7633937433515278, 5.944950332828585;
  -5.196216835590148, -3.063042365289994, 17.82775912896165;
  -4.833946941800013, -1.239063703999176, 16.69808011450037;
  -5.159229577126459, -4.037638538009356, 17.82578599246991;
  -4.77935802137851, -1.480398357643443, 16.66529150323194;
  -4.79826736908843, -2.591301850842391, 16.73023645860879;
  -5.235857492875571, -3.634616915181311, 18.21146249898087;
  -1.531662850570281, 0.7720639731031478, 6.037117282705566;
  -5.141403260888994, -3.49447536542875, 18.02353271211949;
  -5.053921946059236, -3.814009935633594, 17.85934360837159;
  -5.125152273110235, -4.03707861794661, 18.12490267462329;
  -5.153162160371424, -3.761997703831844, 18.24299103856367;
  -5.170254166113551, -3.686990468907077, 18.30280619822205;
  -5.102905464321039, -3.431852737176584, 18.1965977877111;
  -4.904791154143066, -3.52431318473157, 17.87431314887633;
  -5.075821884712413, -3.451024797940104, 18.47859033094134;
  -4.99243237753591, -3.928556836057203, 18.20806949741404;
  -4.722283935895203, -2.605743394439627, 17.32978380894692;
  -4.865928570758599, -3.953862889490543, 17.90795450430661;
  -4.845536305867748, -2.626676799643471, 18.2263581583894;
  -4.791052003422036, -3.361821601554996, 18.05917438139432;
  -5.028048633503597, -2.937386571488368, 18.90772862931731;
  -4.740690353767427, -3.173520577629888, 17.92305636424997;
  -4.874049891988457, -2.768903785118062, 18.50913224098172;
  -4.959710505895439, -3.577974303449679, 18.87462948444802;
  -4.759454511883084, -2.478703154635982, 18.21688453662075;
  -4.83638648352246, -2.707850949233848, 18.67188608431154;
  -4.803004451765085, -2.935156698879422, 18.6799477868186;
  -4.580097036142973, -3.128360526593591, 17.96178345477958;
  -4.381030938250814, -3.203897935627006, 17.27414466595782;
  -1.587163473933921, 0.766024541565162, 6.983532092887923;
  -4.308443038349608, -2.237927178776283, 17.30689091850704;
  -4.423058847097159, -2.716421383784991, 17.8255546869696;
  -4.465268861490395, -2.485010583534897, 18.04650752807892;
  -3.37810507212833, -1.613978203948741, 13.98594990756405;
  -1.574875378733885, 0.7509209034589226, 7.264000076171813;
  -6.821995021222027, -3.400170153280711, 29.73401738066309;
  -5.084217620652181, -2.219112622748379, 23.26408875498588;
  -5.501664676617438, -3.119967973024171, 25.70053268409814;
  -6.0568186691418, -3.033355804160879, 28.26525218474506;
  -5.413844936651447, -2.893308666544758, 25.71799428052716;
  -4.126650649731652, -1.322669589671938, 20.27642716112012;
  -4.736501377086119, -2.81711119330576, 23.17689954085078;
  -4.557166248754696, -3.024038238162796, 22.62630149798753;
  -4.487289662133014, -2.798473316638127, 22.54403060496633;
  -4.119886956274242, -1.395710928877892, 20.92231318126131;
  -4.54624473690019, -3.076722878325512, 23.012486195422;
  -4.382946898996456, -2.976478975212212, 22.59769198130844;
  -3.261811013898166, -0.6700224467410095, 17.13572456762133;
  -4.154049748301004, -2.57132337286864, 21.70660809375484;
  -1.390135248832843, 0.4297459557937751, 8.390444309132896;
  -3.728307918449197, -2.097219720656153, 21.96930079550522;
  -5.169953767700019, -4.156838934849303, 31.83394986907842;
  -1.380829610044405, 0.3563054790815244, 9.260541423143119;
  -3.242905662651901, -1.651996316101121, 20.86225802824148;
  -1.325219474717776, 0.2498062460032982, 9.314801572493145;
  -4.796542847405119, -4.340615840058129, 31.62563888357635;
  -4.780978187116213, -3.921618583578989, 31.62472501501175;
  -4.251977572320461, -3.744865801458099, 30.16801194986655;
  -4.517744093504139, -3.653204402072416, 32.28899070910256;
  -0.8982532388025011, 0.7326692262892788, 7.594877115283703;
  -4.222289461850919, -3.942194976116492, 32.63551245893517;
  -4.661223525626, -4.072620865565299, 36.50174752745228;
  -0.8775391627836039, 0.7485357414985124, 7.813028333981281;
  -0.6365044060053264, 0.7323014852820303, 7.489526359441358;
  -0.4870555408444645, 0.7243588568808477, 7.261290285758407;
  -4.362452031884115, -5.513119943983991, 66.84805050526103;
  -0.2776320245612943, 0.7498292758013067, 5.99678136427409;
  -0.2521809793333296, 0.7900452874698932, 5.682669810165227;
  -0.3032392525429144, 0.7324403928592522, 6.764036530678487;
  0.1683326289260909, -0.5325744893712654, 21.22810279043752;
  0.6183611468921038, -0.9576253819349265, 18.6370067739922;
  0.5631245552398289, 0.1218382344837968, 16.54740651348451;
  0.6375825088326994, 0.405484759681557, 15.529445921592;
  0.6040563405644821, -0.7409867482987532, 13.18002014189073;
  1.662305389980146, -0.4644281844297973, 35.07034544584219;
  1.404389961595705, -0.07147861648735265, 28.93573747548997;
  0.632547287648072, -0.807615547225727, 12.23962067563314;
  0.9191661235050394, 0.02703056022997251, 16.72250288775077;
  0.6950906199082312, -1.137265515080776, 12.96900640869859;
  0.7231216544344011, -1.408424106082267, 12.54200555319107;
  1.099579976828704, -1.34621514244374, 18.04262580185823;
  0.7299879849953121, -0.8287290226640462, 12.329693866614;
  0.7567389431786982, -1.523226870170301, 12.62393132489818;
  0.9928640684293203, 0.07369098826075402, 15.96184000708508;
  0.7868566028793309, -1.636856090357337, 12.56389138246636;
  0.845813653998534, 0.3653553153474687, 13.15133862083846;
  0.8405548509691606, 0.424067604820459, 12.93624151295015;
  0.8139899923580531, -1.537879757031418, 12.49042082304643;
  0.7868896077171101, -1.288420862393997, 12.00046465712179;
  0.8665048484687383, 0.3584225469471979, 12.99015213820439;
  0.830352826034421, -0.7124202024493104, 12.50054605700868;
  0.8593778159966574, -1.676192085226123, 12.6850947547058;
  0.8954916147399835, 0.5270773366141214, 12.76254456010328;
  0.8928410296861381, -1.711513437873855, 12.6707210847019;
  0.8436414524466911, 0.2066211513131583, 11.77351477019227;
  0.9335292474837996, -1.79501980466421, 12.82980655124415;
  0.9027197590862376, -1.307247589131437, 12.41231975420641;
  0.9503873234750775, 0.4891818661433853, 12.9359788464987;
  0.868544240112834, -1.259497528379931, 11.86865349900837;
  0.9369102598744988, -0.767143795277077, 12.67788920964388;
  0.9331545675848748, 0.3973082117148999, 12.21165079146197;
  0.9867227175953793, -0.3928317652685407, 12.85142162962123;
  0.928532488119542, -1.188964273955409, 12.02864548203361;
  0.9732272845982104, -0.9779700327946111, 12.47197117821356;
  1.019268479891778, 0.5321492743245518, 12.79236602664587;
  0.9750714403553767, -1.555924947048427, 12.26065105460946;
  1.04737044248498, -1.853466910690993, 12.64784025415504;
  1.032657110315621, -0.6753327132799221, 12.3348794808972;
  1.072127177993711, -0.5244254760576316, 12.75431593695799;
  1.046498679555566, 0.232914513481707, 12.41418488312172;
  1.076262473241202, 0.4675691894753086, 12.54025083872937;
  1.988124079081748, -0.1522847234966656, 21.86226662109653;
  1.054498994951012, -1.078329044662316, 12.00021627084751;
  1.099377779253584, -0.8972870211887025, 12.43833499619861;
  0.9016580721232054, 0.6907045075725476, 10.1992518628876;
  1.134247587338539, 0.3287698759073343, 12.53024469488511;
  1.181387031327969, 0.478389822675822, 12.86722678097204;
  0.8568720517391855, 0.7157856945320873, 9.557989669235029;
