m=[-7.77457038691476, 0.7668620057353088, 10.93618060500562;
  -7.653365426931952, 0.6726830569585256, 10.89539444497494;
  -7.080064400380833, 1.341346806641678, 11.05607417340503;
  -7.282247344512411, 0.4747792004023709, 11.48606573557068;
  -7.563744485283666, 0.1835310297467897, 11.90227010073395;
  -7.193816850449931, 0.5406818930395072, 11.50953880014215;
  -7.854765390882479, -0.7092326735533188, 12.61695009603437;
  -6.990418407506541, 0.7971986261944374, 11.34151577554486;
  -7.751351265511592, -0.928692859315105, 12.80083824228693;
  -6.680927715431666, 1.037540903646895, 11.36518239560742;
  -6.561383777247214, 1.332272311633426, 11.38234386428697;
  -6.50876023038202, 1.351678936263773, 11.50406697606396;
  -6.349488496656957, 1.348652458398564, 11.41917610310693;
  -7.583543180161189, -0.5789659210552808, 13.47613009146631;
  -6.114125335640312, 1.346909964987601, 11.42594342348865;
  -7.91928636483972, -2.825062434914339, 14.62598413780074;
  -6.202761553975399, 1.337856736578774, 11.77668716561663;
  -6.072689160646053, 1.361947473454971, 11.60976798077021;
  -5.967964612996354, 1.442589197184348, 11.73943825810167;
  -7.857432108086635, -0.9191514053106714, 15.2973311368363;
  -5.968288015179728, 1.301426913820483, 12.00939724536653;
  -8.549349469340418, -0.8832869731707033, 18.80036643484506;
  -7.853426124999114, -0.09167682833793746, 18.38396766993633;
  -7.980803489527891, -0.8028591454500333, 18.96341250709858;
  -6.913532175316035, 1.035010117296042, 16.73238943100549;
  -8.074991016183414, -0.9579632006394813, 20.32050190133271;
  -8.182662352516925, -0.8898491411877522, 22.90564500386892;
  -2.400246084195658, 1.573915932345327, 7.749414017283772;
  -2.902143616521236, 1.585351118443615, 9.625884790383083;
  -8.841003687852417, -2.460869058027389, 27.88569250022786;
  -10.85480075624399, -6.662151516290075, 34.34675828698542;
  -3.084718836940714, 1.53735501655175, 10.78509234028342;
  -10.49334384974602, -8.334969373672086, 34.39428834818573;
  -10.69775745152977, -8.459030888489458, 35.71167875822754;
  -10.42230809180551, -8.09771148295687, 35.23207336874794;
  -10.20721989074849, -6.016905750170156, 35.02006620321174;
  -10.1392786566003, -7.935049533947428, 35.03248086727749;
  -10.34685140832408, -7.182556285906153, 35.98862204741434;
  -9.581858883244761, -5.17467801369723, 33.40930225406778;
  -9.877256168865761, -6.713308917566306, 34.62538156066645;
  -10.30633555313409, -7.777814263688363, 36.42010896708076;
  -10.10114386861712, -7.956663481541709, 35.72230438529943;
  -9.98063423725309, -7.117348997575685, 35.33165069080109;
  -10.28177993694187, -7.506077105730299, 36.3990911624242;
  -10.3232721553089, -6.902940348883414, 36.71743812621337;
  -10.19893496917275, -6.859081191091302, 36.36867639321456;
  -9.932097397509901, -7.946358775168888, 35.76299064091771;
  -2.428348753099729, 1.551109223770769, 9.498611749492543;
  -2.986403702171403, 1.483596485593125, 11.55354952489934;
  -9.584242108710797, -6.886709294616322, 34.92742898972099;
  -10.02828806056514, -6.818180693481484, 36.50810272716115;
  -9.975677972860312, -7.84988457148186, 36.38263356975364;
  -2.713909034229456, 1.54848874154012, 10.63840743506441;
  -9.864700670167334, -8.015669225005995, 36.30480970509165;
  -3.04835637578946, 1.536582371277099, 12.01523230342252;
  -3.149595104000287, 1.559302870062639, 12.86788102937318;
  -8.365054298589985, -6.117459697593654, 32.98291204264561;
  -4.058914128186369, 0.781079515530542, 16.53779893288798;
  -3.148974226899243, 1.522669165631132, 13.3473629701065;
  -3.172391249842528, 1.531114842759498, 13.9585470988444;
  -3.127727895660307, 1.491341022215435, 14.42642127695633;
  -0.5302051467811467, 1.532774679037886, 10.78754195624038;
  -0.5007165779461591, 1.568670142412011, 11.2831942697108;
  -0.4423449970096868, 1.463281938534077, 10.24092151383233;
  -0.4650746344105358, 1.488079372465547, 11.23235791102423;
  1.653681961822145, -3.225459820222156, 24.40965078384486;
  1.818750441711029, -3.486416638157512, 25.81073091779825;
  1.897311449338413, -3.648210954673607, 26.07538963356896;
  2.063453956411578, -3.651567272482125, 24.9178656890273;
  2.859224593017675, -5.803615748243696, 31.19202904060102;
  2.370288121061494, -3.714880006319743, 24.89770828179407;
  2.556569594339088, -4.336029690587278, 26.88173195257135;
  2.481657803228882, -5.005711076585503, 24.14694959285508;
  2.487095784115108, -2.593808350858606, 23.93379805809222;
  2.881736317362378, -5.527642213847642, 27.42475835844362;
  3.455623058840072, -6.278609110634055, 32.372577536733;
  2.614850268668249, -2.447444060291829, 24.42546518657866;
  2.449701884982551, -5.477648873333418, 22.83430576100286;
  2.532121072816524, -5.338773976840639, 23.43652979112611;
  2.785639082821106, -3.706082533670007, 25.50459507157562;
  2.708664704778796, -3.317699588119954, 23.85316653138281;
  2.944282424338084, -4.038783874761622, 25.64107072432445;
  2.795692785490394, -2.825152597870488, 23.68334751035807;
  2.85442999862671, -3.528952592936549, 24.03162244528223;
  3.094856003263778, -4.514816413476536, 25.58044879286305;
  3.074222107927155, -3.87859110019939, 25.3755299859073;
  2.942462094911937, -3.56094387521756, 24.10351005462718;
  2.988078453297408, -5.089598783855844, 24.11002597037264;
  3.217877299159017, -2.798052714014011, 25.77335933459;
  3.041867169029024, -3.818444548992523, 24.30579987120495;
  3.050978595850197, -2.808472665833166, 24.30928706119527;
  3.002264891881652, -2.092589638922032, 23.3461308093432;
  3.22487767864252, -3.348137300683587, 24.98882276142119;
  2.815394714807963, -5.006756313077229, 21.77254637787051;
  2.998202017501912, -2.534897660176594, 22.97856552971745;
  3.207953082285859, -3.67466673772084, 24.50897796831307;
  1.872860087847885, 1.506082044922644, 14.5716209831819;
  3.317126411855571, -2.987257825017104, 25.02380633545747;
  3.292523357054568, -4.121302966564723, 24.44934736068167;
  1.912307570649658, 1.561951108236209, 14.45293284235558;
  3.379092233417317, -1.395491550751504, 24.43519086099676;
  2.108556402915209, 1.393453423241159, 15.44459148315666;
  2.373796974269346, 1.417794144959391, 17.23944944071912;
  2.069935276439427, 1.413152507437469, 15.12962611082239;
  3.246658316279236, -1.991265254711431, 23.05639166869646;
  3.12778011378165, -5.278136953004494, 22.20033577803285;
  3.25815877912928, -2.586560899843978, 22.93396963163144;
  2.370936141627689, 1.518335942461723, 16.86335300014716;
  1.950409899807989, 1.475583452162038, 14.00169255964973;
  2.161815465391412, 1.556703893681899, 14.98364828815673;
  3.501792166599444, -4.180276871125185, 23.7166250048841;
  3.47738930491636, -1.963549065184512, 23.09302310156041;
  3.484904379162357, -2.121700658131266, 22.99366353651014;
  3.721138535988306, -1.126507452998581, 23.95222900256063;
  2.180671394266311, 1.550916408813916, 14.25809318898647;
  3.556385096813602, 1.290457559809808, 22.38981314154243;
  3.363127609254097, -3.546312161306267, 21.18599344322311;
  2.268144204562818, 1.44955741393868, 14.55292218719532;
  3.62705691135651, -0.9560597023555143, 22.6657609878567;
  3.454397327625905, 0.4961946049170725, 21.47521242616466;
  2.069549402409594, 1.539434111228466, 13.2061523345804;
  3.50919420509349, -3.725277225777164, 21.72651248646518;
  2.306395399609637, 1.447264126110192, 14.41588098119915;
  2.566572090247173, 1.522413652743361, 15.72769576389812;
  3.242474095562157, 1.404487838464683, 19.53455856419767;
  3.493649793291294, -3.473685782486372, 20.8882208233442;
  3.383204281291232, 0.5304423264068467, 20.19751730743744;
  3.817552204628369, -0.2158681285989572, 22.63385274791637;
  2.527308409719986, 1.397082454437203, 15.26048551394354;
  3.608873452074522, -3.260813406593127, 21.38978165781262;
  2.175583182398032, 1.546575297495198, 13.22712783518132;
  3.674514170453134, 0.362124889155309, 21.61505146230813;
  3.743002580414028, 1.200012774727893, 21.97893747226728;
