m=[-7.715276512243417, -1.011692116029401, 10.88901266657812;
  -6.378977399530506, 1.303882635392285, 9.593515749381448;
  -6.179529541974694, 1.304222078927408, 9.6385687677382;
  -7.86197851353516, 0.6843039787100547, 12.14549375161858;
  -6.065338702188806, 1.311098934052405, 9.742594478559655;
  -7.739013377337994, -0.3900022100604598, 13.11837558933915;
  -7.662966525787487, -0.5487516125142239, 13.07723136531008;
  -7.783841912395684, -1.007544242483801, 13.33742574299359;
  -7.660067060284714, -2.609189310064827, 14.64811893593313;
  -7.796822915742709, -1.056170958931644, 15.18282509277384;
  -7.912139674705911, -2.910792311894941, 15.78127448315128;
  -7.688420829902276, -0.1975334031303819, 16.29244846343464;
  -7.92354367917812, -1.08022258677174, 18.26505965048194;
  -3.17416492570727, 1.357563713131624, 8.540709650577597;
  -8.150502003605485, -3.823908847249594, 20.57117200214433;
  -8.247140584844628, -3.783091703654459, 21.07046282065686;
  -3.168297655705743, 1.410254898441425, 8.768851053965499;
  -8.012881157267891, -1.019685190792374, 20.82916114185808;
  -3.156489255090968, 1.474776685100085, 8.878708024145738;
  -3.001588012899845, 1.485120927150393, 8.535913896557322;
  -2.9302270111822, 1.522405385619185, 8.710345566932462;
  -3.263117369264379, 1.42095010335657, 9.612449061063225;
  -7.888340206529112, -1.027235202436345, 21.883222406551;
  -2.687165847963776, 1.561651390742644, 8.5164371485179;
  -3.034904423525407, 1.496189939435577, 9.708421508331179;
  -3.257081198172668, 1.377748941637978, 10.43340015125368;
  -2.940358208912844, 1.480686978307444, 9.626928135546411;
  -2.96557570647487, 1.470796601251653, 9.976675062818845;
  -2.735321441998651, 1.312885194070377, 9.380118938962603;
  -3.106628993334998, 1.50382804482514, 10.97970480071334;
  -4.033332125378081, 0.5786522848798144, 14.54138868722709;
  -3.072044373335999, 1.450572494754042, 11.36248833547232;
  -3.083256795272796, 1.45233021484888, 11.91519589714621;
  -2.644271776937086, 0.7485917393545202, 14.51426656765758;
  -1.607052539046044, 1.295924990867501, 12.46385103393254;
  -1.200054750523796, 1.392197545693689, 13.04221738854437;
  -0.9290749189925798, 1.413938194680837, 12.91254442780816;
  -0.4752486371678866, 1.397459259119873, 9.680451907210127;
  -0.4364505598746022, 1.477107663772115, 9.069624076930204;
  -0.5207962644397466, 1.361322533228805, 11.23645579125561;
  1.728802930191854, -2.471262522466684, 20.15523845768386;
  2.101207730745029, -3.925228853077272, 23.74149731101928;
  2.312237758442464, -4.287376291580042, 23.69807581559858;
  2.349332337850496, -3.513651463574818, 23.35636492622338;
  2.368313368963527, -5.566629078092347, 23.20045379994494;
  2.35784515560887, -5.242300475291103, 22.73118922124445;
  1.868410535227307, 1.238364258956859, 18.02787039971988;
  1.895522620222438, 1.381350373795454, 17.9012322789812;
  2.58893102927865, -4.328062264320766, 23.7797854358012;
  2.453086068104207, 1.238589540138525, 22.64563751722062;
  2.244951319733724, 1.317972780667273, 20.67240977405901;
  2.516551948080005, -3.555781508484394, 22.02408514350849;
  3.705623494972344, -6.635343552171038, 31.07266612140415;
  2.038151280279272, 1.420992813231915, 17.35435904421407;
  2.608044256369974, -2.727458908106141, 21.82739201078843;
  2.731405275958372, -5.247324999545715, 22.68707482108338;
  1.972304931649699, 1.438424391667772, 16.65638100811343;
  2.309266303622363, -4.586387351192802, 19.23912743002746;
  2.841376394585998, -3.728393929613243, 23.26770344801745;
  2.168679968333657, 1.409770971024726, 17.92600864236413;
  2.78059962204445, -2.620268484927387, 22.64438567562112;
  2.664033139094997, -1.189697306026648, 21.66107356631664;
  2.877257302935073, -3.804517696203038, 23.07456278125103;
  2.97679040420811, 0.7825439096709024, 23.73516595721751;
  2.987533060079215, -1.330374509012132, 23.41425379458961;
  3.260904338862571, -5.293948940244326, 25.14358624737786;
  3.13735033359162, 0.288783097137884, 24.21743331904859;
  2.997079507960843, -4.077281479552303, 22.88187384394182;
  3.276384682491424, 0.5331225904595031, 24.95991119181413;
  2.991330451380113, 0.5867638258217021, 22.86771756848176;
  2.735301235419605, -2.124542946109108, 20.90269952800198;
  2.921013353067541, -4.804047329556563, 22.16476363092215;
  3.208075866431521, 0.7801636398297359, 24.22476444881975;
  3.060804516625344, -2.090976539090051, 22.96053621316006;
  3.104987719495326, -0.7918733889480757, 23.00050929080654;
  2.877923518383864, -1.838985448229355, 21.29814725454961;
  3.415851799218117, 1.144370256419153, 24.85134910620633;
  3.180820408626983, -3.991506101131935, 23.08275094843449;
  3.090532523503891, -2.53402614827956, 22.27127365471027;
  3.383102063078219, 0.7256864640147122, 24.28928599527611;
  3.144576018149814, -3.790767003170174, 22.5735605470145;
  2.189273394159834, 1.313811239473817, 15.83192854547222;
  3.123144284105785, -2.742361114903511, 21.97344684456654;
  3.572025420084164, 1.067812083934215, 24.98904160134302;
  3.159709673614993, -4.360945000154359, 22.08808680634212;
  3.430074459530677, 0.2103548129676498, 23.86057991300579;
  2.118044691304328, 1.345452172488798, 15.08708648840642;
  2.59963508165683, -2.412586005469476, 18.24191762771902;
  2.053516721974808, 1.362894848594442, 14.55766229992297;
  3.364986686663418, 0.4604194288424324, 23.18628817113559;
  3.287953722840287, -4.582609645760298, 22.49081002822269;
  3.110617762094147, -2.198019409880832, 21.33495182197916;
  3.320147309435599, -3.444761889962823, 22.58352303859622;
  3.339542720709305, -2.857613279304056, 22.45332674069161;
  3.312759562120126, -3.023923792624172, 22.06930558411854;
  3.618940352100232, 0.1988866117508603, 23.95825169934738;
  3.589205873182448, 0.8421317658856184, 23.75535349656519;
  3.292159142962791, -3.32630188461798, 21.55714197043437;
  2.760992435773044, 1.276933589108948, 18.19458898122943;
  3.572156015197981, 0.299894181914233, 23.20287337993727;
  3.852768711929132, 0.6196822698850699, 24.89922565186884;
  2.192461099761443, 1.403557911722322, 14.49341157662073;
  3.824746565477809, 0.7986325900220846, 24.51659170026986;
  3.424529772622293, -2.020814786495395, 21.89048087414664;
  3.256388648589494, -3.245867303937202, 20.6770616053855;
  3.870424770964908, 0.5257282834872926, 24.25830326505576;
  1.921636441155021, 1.419985067694118, 12.45510971904006;
  3.29549143684737, -2.081300319949613, 20.54056518284591;
  3.649547480625921, -2.933619224527273, 22.54142557479205;
  3.991426427326223, 0.2618909420554194, 24.55309562754999;
  2.663235296406826, 1.36050203126068, 16.66896145308933;
  2.728677418151671, 1.446012723707016, 16.95607452821538;
  3.156685652421953, -1.783864927532325, 19.35341836691201;
  3.528075018060914, -3.116227526708177, 21.00454218121036;
  2.186502062168849, 1.354744517659472, 13.36238035817796;
  3.708447827872069, -2.165439689672513, 21.67763765432239;
  4.110456279370295, 1.024876483999059, 23.85687464287372;
  3.621727800879992, -2.260737701469632, 21.0266198660457;
  3.399027035976459, -3.828525192584537, 19.75645789164296;
  3.389601060315858, -3.373846339096837, 19.60821219480659;
  2.127742907158079, 1.482764546172488, 12.67489120082386;
  3.462212812025791, 0.8477706374930808, 19.73320580408998;
  3.757220970818958, -1.23888445878655, 21.32606350421873;
  3.41819952489828, -3.319288026121435, 19.4307905872759;
  2.697933167952271, 1.309683669169805, 15.5438884321311;
  3.793439096942985, -1.199486384627859, 21.37265659155564;
  2.201982878721616, 1.460451793667896, 12.7431064565577;
  4.402052652897348, 0.3668734920139915, 24.42322981367144;
  3.937758023630245, 1.091656029098194, 21.82209071213324;
  3.781363319332697, 1.199557416050127, 20.9619584414934;
  2.250095715119237, 1.373877635168207, 12.85249527871187;
  2.081340294499658, 1.467042121190591, 11.95908368468968;
  3.798869746310811, -2.142721751702635, 20.94879899751307;
  3.776832551404792, -3.981226058341451, 20.80949382837483;
