m=[-3.863918784371576, -0.3943261733328363, 6.427592701605642;
  -3.989143899795776, -0.4635662254031612, 8.612958866007261;
  -4.011128851827213, -0.5468401714729979, 9.246305783221546;
  -1.518616526731998, 0.7446954070422626, 4.418251982485683;
  -4.197868337210671, -1.925627520976061, 10.72505407362065;
  -1.643719805665911, 0.7157707074069337, 4.84204860402745;
  -4.11031741171793, -0.5230615195613202, 10.68460420571735;
  -4.079691612044019, -0.5312654790810372, 11.31756447606129;
  -1.527174839912099, 0.7528881679184424, 4.885312679982896;
  -1.455858331461102, 0.7528639058004607, 4.775374882930833;
  -5.216409927455539, -1.18136860435575, 15.68346505564944;
  -5.744540297581642, -3.722967273793504, 17.46966615317577;
  -5.139335909699667, -1.603277637090279, 15.80776205342942;
  -5.176321352510079, -0.6148644054013986, 16.29408659358348;
  -5.377802860611425, -4.118159532062359, 17.0423001867004;
  -5.273328627307189, -3.990977478011494, 16.98026347702257;
  -5.306288887337026, -4.129886122873255, 17.1519274450073;
  -4.884568349523671, -1.394908755860894, 16.18110540224581;
  -2.045711275318023, 0.2934931879819367, 7.375411166630347;
  -5.207151501673314, -4.28310214200633, 17.31562187691972;
  -4.722874489032859, -1.601998611910225, 15.78878048690055;
  -4.915867247785548, -2.824974923255289, 16.43509516931193;
  -5.231679847980628, -4.235792210780601, 17.44934123006604;
  -5.229690647665603, -3.831606854209239, 17.53313008064474;
  -5.166952781658808, -3.703608354593755, 17.44101130442601;
  -5.172620996200705, -3.890990750639789, 17.65710722669157;
  -5.250318886734505, -4.035327698515123, 17.91206827614766;
  -1.553453763803137, 0.7317353008030582, 6.003296884402325;
  -4.665182380149976, -1.245742131835434, 16.37253163840226;
  -4.925620359846599, -3.734226704180348, 17.28915997941805;
  -5.03526996849405, -4.175006179008821, 17.71530314916996;
  -4.803586378946174, -2.845428959164602, 16.98446146872369;
  -3.429278474920545, -0.8896820394460666, 15.9245493756806;
  -1.345724142942534, 0.3809736902398179, 7.386607952918141;
  -1.245125477106359, 0.275706133567345, 7.70905422650387;
  -1.176397648092837, 0.1775062293966856, 7.658389709656892;
  -0.6069464780250361, 0.7041257048522709, 6.596305632021183;
  -2.135599496124405, 0.4309715040932611, 20.91867338438064;
  -0.4650478810176548, 0.7077458963581206, 6.463366195709853;
  -4.307001503311252, 0.1760727368037415, 55.51100220023389;
  -0.4207565654718726, 0.6320471703642497, 7.262649826186537;
  -2.762247413649689, -0.1748495332178202, 43.88419798647341;
  -0.2424963943307335, 0.7130558723537271, 4.939466416946837;
  -0.2644917313597498, 0.6913616289856933, 5.706549469538912;
  -2.370550927636638, -0.5900861372698508, 49.38703466291126;
  -2.097346897921173, -0.6347182763420046, 51.56401699487817;
  -0.6199524859027521, 0.5762191464182817, 16.55459827022566;
  -0.3712205924640292, 0.5791591138866723, 14.03062284436996;
  -0.2033665982867562, 0.6611769706808295, 8.380562585569344;
  -3.005681330275212, -5.066391434702898, 118.2222778540779;
  -0.5234655971469785, 0.2071609560700397, 21.64138180630944;
  1.126142250034252, 0.8973351986408233, -53.05617567839902;
  -0.1622163036851705, 0.6324233758347367, 9.711882564817646;
  8.298680597571762, 30.18370369005979, -477.9796930102579;
  -0.02752530032508123, -0.04815324206524516, 2.726908146384863;
  -0.1785151795415457, 0.4521875166301037, 22.65337278744218;
  -0.0918919282366614, 0.330841463538572, 20.65969845367561;
  -0.06097458294700987, 0.06191821982868929, 24.5611204772575;
  0.03880971903581368, -0.1690980703034251, 29.26316669959824;
  0.07433464716326287, 0.6548264663098588, 18.3776721651739;
  0.4589926841834637, -3.660695733609343, 67.15647936242256;
  0.1686028987823709, 0.2728598179829225, 21.16293587791363;
  0.241090399561653, 0.4648269864333047, 25.27841714305388;
  0.2280098336449779, 0.4885133518424751, 16.99312067938772;
  0.2269375459092272, -0.5300213948927021, 16.02779265622245;
  0.2438064873589113, 0.6102347870459017, 14.88674153013962;
  0.5267951652979996, -0.4532230117757392, 27.54487216259061;
  0.9475661849885342, -1.994058680119562, 46.60232638995967;
  0.592318199520673, -0.2137298076213264, 28.81059215685221;
  0.3270185655087953, 0.3134445115833316, 15.82182563787783;
  0.3087211037569442, 0.03872608494999608, 14.52288236581253;
  0.3506921234834002, 0.5231926955937852, 14.58532412746047;
  1.720870403657386, -2.097339486913244, 64.73090701176436;
  1.390119588467977, -2.318010335655803, 52.22309626973332;
  1.92728734142265, -3.826753601971493, 71.40321934792473;
  0.4685867254400631, -0.746202521319187, 15.85778915800141;
  0.5690285700147081, 0.02104591008564107, 18.34670766546941;
  3.197968307202115, -4.818117560789358, 93.86312010387367;
  1.732602976916566, -0.7865631159476395, 44.5680324714499;
  0.716339141316966, 0.02104016717746004, 17.17621552632374;
  0.520975611793937, -1.034966630378553, 12.25401014749174;
  0.7339755389616633, 0.6241460251791487, 16.72432772859731;
  0.5863982325621814, -1.217075794079617, 12.66647133332764;
  0.7269607989422179, 0.3111659984719321, 14.70241796042127;
  1.836239520067556, -1.031869162300854, 34.24793046190504;
  1.752771975510725, -1.57038956817085, 32.29643480466933;
  1.415934641065425, -0.2423904020380533, 25.35062920380826;
  0.6018664933674481, -0.7587189418093706, 11.11677903429002;
  0.6728570154309103, -1.1951215437381, 11.60041831178615;
  0.8512826722906621, -0.8981854503816108, 13.56627602238626;
  0.7463369399936148, -0.9505393559308701, 12.07391490260634;
  0.9324245014237095, -0.07224730138377236, 14.55361274316484;
  1.034622354184856, 0.07442324729611713, 15.99666818760163;
  0.776258281408464, -1.222539518749846, 12.0599847280879;
  0.7827428574560418, -1.213295447620127, 11.81627489937804;
  0.8279286814083965, -1.555002310745144, 12.07565329712075;
  0.8071172465854318, -0.9894197694893833, 11.50161363355012;
  0.7827544612201581, -0.8903777673212689, 11.15126744051283;
  0.8471008110566243, -1.691806638291107, 11.4142598184959;
  0.8837363451600163, 0.2773150702083824, 11.76005632426535;
  0.8426868192183824, -1.507878919699, 11.1653970067799;
  0.8795807917488365, -1.620444201568271, 11.50868220581327;
  0.8953204570634259, -1.430703421810456, 11.55648002219581;
  0.9158975732554179, 0.2742866950395354, 11.76133315533084;
  0.8947445289845378, -0.7855508463600566, 11.46458787856269;
  0.8756709060294461, -1.316321288461057, 11.04380357949655;
  0.8758237268208698, -1.490289445760825, 10.90632237281805;
  0.9556067549686705, -1.78180941388385, 11.60517565749014;
  0.9579681794645212, 0.4478415463039475, 11.71979889156163;
  0.9735402502332442, -1.668155236822199, 11.71984744315306;
  1.020772786232011, 0.1660460242738463, 12.22857949180925;
  1.000061098645399, -1.872098514844224, 11.79992065945613;
  0.9912249909149798, 0.3993432768219377, 11.6260808847479;
  0.9896067770668611, -0.8375407956989547, 11.53078435192598;
  0.9430197730957226, -1.347407746499928, 11.10480658023537;
  0.911039032771136, -1.302298011457994, 10.6213430282202;
  1.034942157312508, -1.933357067798663, 11.69378738016692;
  1.090419425795526, -0.4894995596671409, 12.25735977283816;
  1.08623015321896, 0.3508605298662562, 12.21219150875547;
  1.083651316700014, -0.4382874874232783, 12.17919901958858;
  1.049581987032952, -1.121011420113572, 11.68963983009945;
  1.073755278802772, -1.09208775661142, 11.85963883573787;
  1.003125836785146, -1.281233648205055, 11.16859429530295;
  1.117574474338219, 0.3035834643941799, 12.28275797916882;
  1.052876329479323, -1.545761761088351, 11.40090348709481;
  1.087085667813911, 0.4566557630324793, 11.81810965391539;
  1.001698645063074, -1.548406210932172, 10.73111344302621;
  2.085662727589847, -0.293522700757786, 20.65852169619895;
  1.163005524888903, -2.156457438764448, 11.91961899339559;
  1.08336306513917, -0.5719476873751923, 11.16803143323549;
  1.150555057738691, 0.1657757925068401, 11.82562368143891;
