m=[-4.025500209100503, -0.5428823571855094, 8.868922657310758;
  -4.074775613470047, -1.906554263448587, 9.890895844618242;
  -4.118634413124895, -0.5059070857164199, 10.31374380776183;
  -4.117406220622778, -0.5193775015266393, 11.03678080978096;
  -5.229036617338075, -1.183564303775206, 15.4041892118725;
  -5.763402722400042, -3.75742727869238, 17.21848335183666;
  -5.413915799078285, -2.400110624777859, 16.35019095406271;
  -5.204013397633653, -0.6122015256682917, 16.07440811600187;
  -5.455682293068766, -4.210774407929239, 16.98441487195681;
  -2.043091052333594, 0.3081387163419113, 6.966672861807124;
  -5.358385612193856, -4.084262965650715, 16.9467664247051;
  -2.005583991391023, 0.3612334335647843, 6.9552412460104;
  -5.254445834070103, -4.081076978282358, 16.80576024649795;
  -4.622102836878479, -2.573096323369831, 14.98653434101968;
  -5.250457358597505, -2.48311731481532, 16.85735857544139;
  -4.900502996898717, -1.402414688432914, 15.93502929731969;
  -5.152141890983875, -3.242729423486188, 16.72694028574206;
  -4.880480414853865, -1.869650573914789, 15.98264483350238;
  -4.818511700938374, -1.641192974610692, 15.79669844500344;
  -5.252024276613101, -4.350847781285047, 17.16673620403176;
  -4.910206951572485, -2.840793491493169, 16.1179910097733;
  -5.258323102590692, -3.887273781742976, 17.3495214089739;
  -5.295338587431525, -3.818382244619841, 17.56003447093682;
  -5.174648726912345, -4.147780191416658, 17.35333549436216;
  -5.233077501824274, -4.373600317057567, 17.55480389340604;
  -5.190830707580733, -3.934206817267248, 17.43287761986083;
  -5.229038239850336, -3.737147117906603, 17.69418199685834;
  -1.508063091196345, 0.7473478133099132, 5.818878352301458;
  -5.071340025760106, -4.321836322687807, 17.36682113649523;
  -4.653342954912258, -1.245223539121885, 16.04663611995086;
  -5.086089892691188, -3.889651186950515, 17.56613009171083;
  -5.103494104654002, -4.268004585300724, 17.67330586594637;
  -5.158671608007261, -3.749213082795193, 17.86864543617483;
  -5.080938069445496, -3.028144603394968, 17.64270394368693;
  -5.057336820386952, -2.737942141965636, 17.95963242230589;
  -4.804825076653407, -3.103930960247027, 17.18317416863286;
  -5.018735267066161, -2.921050725203685, 17.94169205544836;
  -4.911928379424007, -3.685201087766142, 17.59243158030861;
  -4.762639392551311, -3.417783280359998, 17.12105789728183;
  -5.055022957450357, -3.187673420846642, 18.15696140619953;
  -4.724598126578171, -3.644381975760801, 17.13557818465671;
  -4.985522033887945, -3.04605808167274, 18.03269705270054;
  -4.831655360017831, -2.72107462356583, 17.60038392184217;
  -4.91427332866175, -2.968616981902867, 18.09480167710913;
  -4.869156493601377, -3.02902139710128, 17.97364444429515;
  -4.703786411582507, -3.346208691672122, 17.48975412506494;
  -4.643996711892423, -3.401647473950031, 17.32812369166789;
  -4.604200877957016, -3.492522975514876, 17.22505548440165;
  -4.510162450686007, -3.539717557437472, 16.90682371765955;
  -4.594871630350783, -2.24863404283305, 17.28268091264215;
  -4.497789461694286, -2.561789171366544, 17.2134584107776;
  -4.298368689181532, -2.858116460354932, 16.50081589728887;
  -4.516430074754515, -2.727944667402616, 17.40042505522516;
  -4.438685149297395, -2.54422513771111, 17.40482603110817;
  -4.493782189811887, -2.190946715709089, 17.90684920004827;
  -12.2586184032304, -6.698424083190157, 52.81605388051376;
  -5.393270030262648, -2.61809194697631, 24.11969376227543;
  -3.505994784292397, -0.8845367026956722, 16.03277497013903;
  -5.332545801465535, -2.498774695298131, 23.96731638417088;
  -4.89323117384657, -3.02969838109914, 22.99636480817453;
  -1.334641792256733, 0.3962290059051328, 6.976480274357367;
  -3.637861100985937, -1.027600548398221, 17.6725460485145;
  -4.669809646381109, -3.198119127895913, 22.95144138946874;
  -4.606069830098814, -1.788178745180808, 22.80391580884172;
  -3.300114310306931, -0.815035492890778, 16.62665346987786;
  -4.257837915420967, -2.904732139662856, 21.74060516941062;
  -4.326816481029272, -3.35421208654167, 22.34857144898267;
  -1.444338526581502, -0.06355049832789331, 8.142677855923346;
  -4.356266749617059, -3.246243456623859, 23.12171234222455;
  -4.30920476662809, -2.59734565146161, 23.36582757643192;
  -4.102745313278894, -3.014988742223293, 22.40499542487253;
  -4.021711362929202, -1.152013076097476, 22.29177636739913;
  -1.222283426408878, 0.1995423532992301, 7.675486977103802;
  -5.670637083540073, -4.426576444721358, 32.23413400342046;
  -3.829199858311124, -1.337348512364139, 22.36191496869317;
  -3.834718801942361, -0.82756941473066, 22.86555617878501;
  -3.607611729453733, -1.464729799755044, 21.86843895274284;
  -3.371725824521193, -1.335313225941665, 20.65334947892112;
  -5.635628127683371, -5.319286768904533, 34.40530908311636;
  -3.457764238974241, -2.011580981951191, 21.93648667526021;
  -5.261619353774527, -5.176255878128223, 33.70252891072376;
  -3.202706545801119, -0.8802981273026261, 21.96637395236313;
  -3.216281798290574, -1.638990718310752, 22.9784538334779;
  -4.589468560628234, -4.502319086739243, 33.00198406536215;
  -4.936694062114868, -4.499901527010214, 35.91214055827664;
  -4.551873007568241, -0.9161849247547815, 33.49524437437398;
  -4.957344782438024, -4.597694075176135, 37.31235793110499;
  -4.965439886235371, -5.254389055945505, 39.43346670931993;
  -3.807931122380952, -3.009416924527101, 30.78634688759126;
  -5.457203210464255, -5.412760442627635, 44.08339666337237;
  -5.300719623821054, -5.19909736985766, 44.80117462427603;
  -4.640940470593939, -0.4951734286082836, 40.54527633381347;
  -0.5886657496434565, 0.7179584582733678, 6.145799690286485;
  -4.65986407253425, -2.342410482315154, 44.22746184845193;
  -11.26478267982985, -12.92031783302756, 107.7422084679223;
  -4.11136872044882, -2.305742442125043, 40.11739585697432;
  -4.484447911140916, -2.790510831450773, 44.3633083988357;
  -2.977052894050911, -2.791862505049318, 29.87989056427044;
  -4.055937860798649, -2.544456497332998, 41.71726215092435;
  -3.484620348001776, -3.214579861084581, 36.34579252520711;
  -7.157424538793707, -7.890758879216741, 74.99438537166444;
  -4.911164070052995, -2.664732512374728, 53.49576119251916;
  -4.631744935120247, -4.792712436741989, 51.88643094433448;
  -3.170870345447114, 0.4123243398816627, 36.38858444178736;
  -3.094613548405689, -3.884878299808764, 36.40909648387198;
  -4.457393109989321, -0.1574433511453902, 52.12479025682738;
  -0.4455509764270658, 0.7278676652405881, 6.049574283171182;
  -0.4572154991843037, 0.6802575662105566, 6.238807032134345;
  -5.633426431137492, -5.723178123164116, 69.4687887487014;
  -3.294833070253346, 0.1598581031527692, 43.94649431932692;
  -5.275146982370576, -6.546745762642569, 71.35171731249633;
  -5.431285573864105, -6.339534668682919, 73.68519316929334;
  -2.501222379436433, -0.1342211673508598, 34.39540926978026;
  -1.156886847112329, 0.5840999525588232, 17.2716601014182;
  -2.188088150471339, -1.35364391626761, 33.12871340173289;
  -0.4039939298132148, 0.6662637897941287, 6.996597753941538;
  -5.24433031421917, -6.617899797413211, 84.49048031516618;
  -0.2237094645115119, 0.7234563458992898, 4.439517086211663;
  -3.339930843034649, -1.304732583918235, 54.78422558806616;
  -4.018648873469417, -6.331875472940832, 69.06489878546087;
  -2.192852475097737, 0.141309397343142, 39.51904159035048;
  2.800854303137111, 2.335085168529281, -49.83868219442373;
  -0.2441893888221609, 0.7062053404620989, 5.241075769192345;
  -2.211183190089388, -0.04886991522762855, 47.76572686832381;
  -2.109892772771386, -0.544364235068281, 46.84206471976892;
  -2.297605192540664, 0.0578410890002108, 59.73930232280218;
  -1.724013568716069, -0.5535586606022883, 45.83061365636196;
  -0.4975566637362952, 0.5183782155117157, 14.23195175804;
  -2.363916432709128, -0.3607201980672496, 67.46972888704622;
  -1.009571992763988, 0.02486934199247882, 38.36465756579691;
  -0.3213954364216712, 0.5920530108377035, 13.55911224007743;
