m=[-7.592665464252578, -0.1164224286508761, 10.74004860580151;
  -7.852609893953263, 0.3749492806109143, 11.22798626616065;
  -7.865999767663044, 0.2113495626467227, 11.24825688372197;
  -7.812022846459822, -0.3869326732769051, 12.3477777914942;
  -7.595538339417208, -0.5130658242279588, 12.08223439736857;
  -7.692746891941925, -0.9712689779633194, 12.30577562921235;
  -8.01844351169084, -2.969364313721421, 15.14487292277063;
  -7.744586289996012, -0.182824566927758, 15.56585442956385;
  -7.907852946005659, -3.92117809877752, 16.19792663392873;
  -8.213216646655281, -3.798022559673631, 16.84435364211588;
  -8.072031418797501, -3.520167646374899, 16.94243954528269;
  -7.881249296515139, -1.062871934768779, 17.36385214830142;
  -4.226055254837177, 1.33578536242002, 10.18927020608595;
  -3.035828527541141, 1.454577683345337, 7.677365135945715;
  -2.939119902698003, 1.500009120815965, 7.63716786137092;
  -8.034006549009902, -3.75904611482266, 19.50132461982791;
  -2.908961739456549, 1.505984013159058, 7.728054808146693;
  -2.841989118566314, 1.515076185210601, 7.582149842230717;
  -8.297218925971025, -3.806005101867165, 20.42250497101783;
  -3.208554177651845, 1.43208220563327, 8.580828932651468;
  -8.151318274467263, -1.001256547520057, 20.41225317558506;
  -2.815460097295396, 1.498451730665585, 7.69838996795128;
  -3.022779005539882, 1.495350673900557, 8.653874898028402;
  -8.133306207910071, -1.025950812493915, 21.80147235070644;
  -2.969497876461049, 1.500644529276227, 8.641115635265376;
  -3.177751524665498, 1.38300698761642, 9.337525660512974;
  -2.894428462836223, 1.496205971246813, 8.616425031543841;
  -2.955340739424843, 1.45663465193136, 9.359417915136126;
  -10.34862752920421, -2.342356160983758, 30.4859629428653;
  -3.000496354071028, 1.493321602462284, 9.789329049544758;
  -10.32388200285283, -1.214504235488682, 31.88890573009734;
  -3.977210795961107, 0.5998423946347657, 13.5617678351931;
  -3.913623905330365, 0.7048978287980745, 13.57220566407035;
  -2.996340840901452, 1.452052403018203, 10.78309140557588;
  -2.533760965285248, 0.7253640665938974, 13.06810149530802;
  -2.562849012644377, 0.7608596722031122, 13.39660250908012;
  -2.417367865025072, 0.5674332279451895, 14.30638882774736;
  -2.533215743296691, 0.08724472226638831, 15.37884762505061;
  -2.805214320074757, -0.120950141767149, 17.84569175214552;
  -1.599586251103098, 1.340492959486741, 11.74136057161996;
  -1.110191076507416, 1.354029980784316, 11.5906386235154;
  -0.8292911777917814, 1.354759085535816, 11.25989807644633;
  -0.810982763241861, 1.206602054711271, 11.06603992051799;
  -0.4270737816252829, 1.416567041717444, 7.732254006548651;
  -0.7409031465386695, 1.221891968801314, 12.8313841085617;
  -0.6791185477060668, 1.306427861082985, 12.08978316888708;
  -0.4343540692445738, 1.404662106935561, 8.61976186875911;
  -0.3920882573410312, 1.461074244227436, 7.892369782401934;
  -0.4657341062583461, 1.346921398433582, 9.996125347505469;
  -0.6106208535841092, 1.326505705045612, 15.28308729074043;
  -0.5784006032123106, 1.0654906068825, 24.40171144307945;
  -0.3206531868885455, 1.254911554053546, 14.72828880953267;
  0.5105245453096852, 1.094670712803042, 25.33091163917273;
  0.6316406506881376, 0.5338760258850168, 25.35945465994589;
  0.775632691070371, 1.036601422080159, 27.15656780531262;
  0.6464083507283489, 1.334893953483993, 19.90859929939478;
  0.9896819854688481, 0.3803837796288286, 26.09826105503895;
  1.497580009081944, 0.6116806021287627, 27.2221521447077;
  1.899163018344253, -0.1181756629948701, 27.13723953584998;
  1.984564470712765, 0.8477014605792465, 27.51955428822951;
  1.849029605851817, 0.5784158403467408, 22.47586691918386;
  1.990781280684034, 0.7898491350761456, 22.77421632094792;
  1.975498803909372, 0.908479788242842, 22.16195462268153;
  1.983740442291689, 0.3011267637311898, 21.83246915900905;
  2.028794717194634, 0.8048998932169832, 21.84434415263024;
  2.169522754057589, 1.299819168628038, 22.51196289554061;
  2.165880467400588, 0.7056600145801479, 22.53448349079529;
  2.203803376441316, -0.8468442417957067, 22.88818217506095;
  2.365772601888016, 0.6469634877180116, 23.97206258708181;
  2.241401911196934, 0.9277626446550044, 22.44267236380666;
  2.124992045454889, 1.195949969066213, 20.96175133982968;
  2.379186711178933, 0.1111922108177725, 22.87607903367023;
  2.208843225624711, 1.402216409599069, 21.3243156105726;
  2.388708728991881, 0.351076179935754, 22.65472031037014;
  2.560895619896756, 0.8694244375303113, 23.91138268654314;
  2.265923957887415, -1.608058733124747, 20.9433459010594;
  2.463017243689857, 0.5181653572093029, 21.89362561492609;
  2.4433941542797, 0.7892307105037415, 21.48533699298999;
  2.615107484223091, -1.456413568890061, 22.67156620227659;
  1.870753423152035, 1.216502762240227, 16.41738109375561;
  2.59170011078722, 0.9355118608273203, 22.23582507577658;
  3.591035312554756, -0.6487277497934041, 30.23718996888846;
  3.018785453664256, -0.7959482446594132, 25.54100712521448;
  2.428536078999071, 1.200215268641679, 20.63713706796801;
  1.903045102493269, 1.363532375485892, 16.37323333903404;
  2.725747579029582, 0.5406035409644679, 22.85062357184905;
  2.197795006971508, 1.26213699585972, 18.55053933123852;
  3.038044751688825, -0.9346969740962386, 25.16056479112233;
  2.757017469690404, -1.423717185501432, 22.8363888319838;
  2.770830969409606, 0.3260228898904013, 22.67278499572127;
  2.899574930085033, -2.029001825376041, 23.33484633588426;
  4.254935224357261, -0.793789239053453, 33.37763037712274;
  3.666246382999208, -0.462678949183584, 28.65257243994682;
  2.189116063516338, 1.318710974223395, 17.40521562987451;
  2.969963549159193, 0.8405451431680531, 23.12848384490552;
  2.787002248579325, -5.184698731055158, 21.50024824814187;
  3.796020594142496, -0.6690475046746454, 28.72728500856455;
  2.912740430298305, 0.2973905058580987, 22.27970697932949;
  1.977634558785779, 1.359943168612218, 15.36653750118915;
  1.764534944232784, 1.416856610021952, 13.77821214081932;
  3.606368779081062, 0.001653728268683908, 26.92076934072765;
  2.674428108875369, -2.423572512342875, 20.1786756428558;
  2.984681426112121, -1.268799575475036, 22.4246793911775;
  2.041546586247943, 1.466173549252456, 15.68957977810338;
  2.940143694841094, 0.903915434391605, 22.06630882553645;
  3.198370544937643, -2.63100007866223, 23.82646336888827;
  3.249690150139675, -0.7920268041150987, 24.12408577863476;
  2.946579991914431, 0.6280537723659504, 21.99489055124074;
  3.158127525292556, 1.133500824621091, 23.45102185134742;
  3.100945872416202, 0.8176972017724392, 22.94891833849545;
  2.654264049128152, -3.918282804583323, 19.73553393336423;
  2.10344535611014, 1.347974886624219, 15.90002323222937;
  3.324293282737911, -0.6976873790871938, 24.19150963019699;
  3.091855760556557, -1.318906710515082, 22.50958671801971;
  4.503123766210072, -0.4527274945622691, 32.0412547858776;
  2.924553779280259, -1.843583118440867, 21.07585324922826;
  3.116677313130883, 0.3018369189974285, 22.36499974893025;
  3.144556017166909, -4.142076060031577, 22.32793865621483;
  3.271081133263243, 0.6440870812504259, 23.18657582036449;
  3.113968199795742, 0.5045556432257661, 22.07727542347022;
  3.154071324339419, 0.772349502199931, 22.16385780965971;
  3.123635746171654, -2.066251768827029, 21.81696575952323;
  1.952398721812797, 1.429731095514192, 13.99175801764532;
  3.02010103580287, -4.943707769400461, 20.82369660773762;
  3.305487627492418, -0.7981287198155769, 22.74739399281062;
  2.954402164170754, -1.824634842492558, 20.27958110005169;
  3.418297850576535, -4.150796581687402, 23.08275663732999;
  3.307217809265886, 1.100107091360616, 22.42716300375621;
  3.341136280224852, -3.907909804268145, 22.33560451834204;
  3.184282938361028, -3.350766870685059, 21.31853212112035;
  3.178713925080537, -2.515333717821099, 21.27989321295111;
  3.125799310176829, -2.239845471033565, 20.94452574941452;
  3.350203868584654, 0.7242023394965095, 22.41157563363207;
