m=[-3.951318851038971, -1.820071078925461, 8.728834643275627;
  -4.023358150581322, -0.407932724704193, 9.681075895178907;
  -4.029651796153549, -0.4111196369709296, 10.41761713309051;
  -4.152452389054322, -1.492020334264947, 11.56445123164056;
  -5.863928211696815, -3.824171347770278, 16.03185680488149;
  -5.753670183921773, -3.597965220208025, 16.62804980104736;
  -1.982272394995863, 0.3640718170156441, 6.355896641056538;
  -5.359171341007454, -3.771165584734297, 15.66791941663375;
  -5.593316083959316, -3.526006450805511, 16.39573748463106;
  -4.97234355759749, -1.430190567256617, 14.66036890772434;
  -1.935350551836057, 0.4135887217869849, 6.31295906980575;
  -5.548300202250036, -3.387658053627479, 16.35583347151188;
  -5.167964097863449, -2.192804094645435, 15.32270615899161;
  -5.01270276442656, -0.4598596322198542, 15.16968811915974;
  -5.304608107223453, -3.980930367463372, 16.19478425216055;
  -5.272067447412149, -4.086815366458935, 16.3532530543017;
  -5.321735510983851, -3.942665770098077, 16.50736896118733;
  -5.25739220797959, -4.010920500137098, 16.3828058650994;
  -5.284522400041255, -3.994263791457402, 16.57146109177905;
  -4.771567651129641, -1.244656919010967, 15.2023870302636;
  -4.697048461805997, -1.479007268817169, 15.07785615478389;
  -4.779494336126589, -1.712553368957789, 15.33554972266956;
  -4.780140647926928, -2.655611181530404, 15.38268200118362;
  -5.148924974077374, -4.159216565162113, 16.52459005146406;
  -5.16290214745207, -4.103813246080255, 16.62973612610764;
  -5.096123061051507, -3.653215692125734, 16.51065754916534;
  -5.024397466549797, -3.153268720705199, 16.28715983018982;
  -5.220727755097625, -3.649471928914987, 17.01533495027336;
  -4.714295537533205, -2.009887452162053, 15.45061748402545;
  -5.072926703589129, -3.732001564487979, 16.7398734849349;
  -5.079087069587866, -3.821382865657774, 16.76421527465179;
  -4.536161163384207, -1.092215451736527, 15.3422109265102;
  -4.995156493517965, -3.703472044536719, 16.9378448954958;
  -4.936098925831737, -4.021832456487415, 16.80777203908279;
  -5.025422554953379, -3.537335786350026, 17.11941635530996;
  -4.792529858796199, -4.026856540601341, 16.47140936352274;
  -4.875614335756692, -2.518059136259645, 17.03710385538918;
  -4.784788414721116, -2.971029497030474, 16.80533580168904;
  -4.799528383202532, -3.486673370786565, 16.89986306471466;
  -4.93014097151274, -2.746697584972767, 17.33748654261488;
  -4.659922416990987, -3.228643016605573, 16.4584492687409;
  -4.929915100238998, -2.994466711928768, 17.4374122364525;
  -4.588171035807403, -3.431045716780348, 16.35432016353547;
  -4.882664651857014, -2.860094482050148, 17.38033759502711;
  -4.708674652246899, -2.533924090392057, 16.87266523998082;
  -4.784946936303215, -2.770329261548843, 17.34412689066686;
  -4.744769287792077, -2.833261239484915, 17.24120588854106;
  -4.609195844415058, -3.165506905658511, 16.85196112084209;
  -4.553239149863573, -3.22085100564888, 16.68999134801973;
  -4.594132196350135, -2.129362769374652, 16.97991874510271;
  -4.319089740021208, -1.957472553480801, 16.25807521941139;
  -4.279597440173206, -2.73780417633174, 16.13685442782737;
  -4.418055087709243, -2.555720508257531, 16.74229973497279;
  -4.235333037416298, -2.238912692287086, 16.26805208113581;
  -4.30437346727796, -2.351665367028798, 16.61334180368995;
  -4.250910187935873, -2.408270238657725, 16.58114712389064;
  -1.289978780085168, 0.4332251001034296, 6.281278498839887;
  -1.276922505772652, 0.4452166365800633, 6.318940064109013;
  -3.409023412830303, -0.7417587252381194, 15.33652926309052;
  -3.474608189109965, -0.8472812919471392, 16.65668293112507;
  -3.17143012812637, -0.6598307905402253, 15.76683137309514;
  -1.292711887248018, 0.2872995969509022, 7.685429759360339;
  -3.546293959136359, -0.598304019507216, 21.10603727291514;
  -1.237890884401446, 0.2614975563634024, 7.980197377005888;
  -3.019782544305473, -0.6785324273930222, 20.71323843791462;
  -4.44584545019808, -0.5905963420669991, 31.42051079488552;
  -3.500900903541837, -0.9656051409039558, 28.45189824847527;
  -0.5632918365663648, 0.7672355304380925, 5.622562365576661;
  -4.82731577105892, -1.837249377133156, 42.47505359728434;
  -4.499603280978255, -0.1759442570017284, 40.02134469517478;
  -4.223836178078124, -2.184864736979681, 40.32036955491883;
  -4.721622377729882, -2.076316024827739, 45.61736114906898;
  -2.031208153303891, 0.6158136504638758, 20.31892539251988;
  -3.970312510349505, -2.012738358263112, 39.61764152341216;
  -4.131115456766951, -2.321475416494126, 41.66344101286248;
  -4.27464651470369, -2.414104122201406, 44.84749417479887;
  -4.301360464800833, -3.720185991965515, 45.6822516518664;
  -3.802252210576703, -1.398686919098928, 40.7303929011753;
  -6.739717748885494, -7.111738829232405, 72.49613045931936;
  -4.08412045498975, -2.212268091478571, 45.05013556258664;
  -4.083542150297721, -2.748146284606401, 45.51211827465275;
  -4.282545213068197, -2.033673247639055, 47.91851286311626;
  -3.773494001781073, 0.07288522137347095, 43.41828782173511;
  -6.134011407342218, -5.772278350628514, 72.66550639269011;
  -3.40143625902906, 0.1834729022305288, 40.94970748439705;
  -2.472704467485435, 0.3963562036429685, 34.33696543504558;
  -6.123187094294178, -6.785189750676556, 85.93985318460244;
  -1.919787448836428, 0.1034170915709384, 27.54375567916843;
  -2.937641732792853, -3.551445327212659, 41.70968992573778;
  -3.858897511931503, -2.85261657116822, 60.86454853591823;
  -4.030818481007723, -4.817776442852439, 67.87088578567378;
  -2.813165517472719, -0.7903038060517853, 48.32696213108698;
  -0.2232800002921991, 0.7490742812895164, 4.728944836208045;
  -3.977802113413723, -6.135715816423039, 72.10800327195392;
  -1.554572046514027, 0.3376171726570169, 29.71673255340027;
  -7.812315651447209, -5.958648357248029, 149.9015970748843;
  -0.2073614965131897, 0.7675472909682581, 4.926670640399335;
  -1.278177822133255, 0.1938746027260886, 29.52757238357535;
  -1.801131251591896, -0.173374813381308, 42.73900799391182;
  -6.701213452344807, -4.819217843827031, 165.5187425893214;
  -3.093643920672852, -4.142357937527877, 77.70387594492256;
  -1.368070539141425, 0.3282955040937411, 38.96935230947577;
  -1.997427095334168, -0.2538394889689761, 57.77585098855474;
  -0.4592624919327377, 0.6437101031859842, 14.08084688020219;
  -2.640102775540831, -3.918006178399453, 95.11096064971466;
  -2.81735425667965, -4.585459913664435, 110.1062418570345;
  -0.2676366684401873, 0.6828815445099532, 12.78645113212443;
  0.7761432419915966, 1.857516492479081, -38.95695689521094;
  -0.1453119059066568, 0.7456100096903164, 7.485164384689575;
  1.060469704743486, 1.984530502413717, -55.91439223075179;
  -0.4674327368247717, 0.4686745390026537, 25.49127574229678;
  -0.1182868107189431, 0.7483911091296264, 6.787448464909276;
  -0.2473033187909776, -0.1609064221657841, 17.03706370427922;
  -0.09020524362712941, 0.7477662801194912, 6.530936938055575;
  -0.211470725610491, 0.5350905502188935, 18.10734058000791;
  -0.9236437334895437, -4.671475461183899, 84.09230595098947;
  -0.09997247803390026, 0.724577961729282, 8.82354810648318;
  -0.2140191102956325, 0.3884105813798795, 19.64615631774736;
  0.1467167903209739, 2.099039548598361, -44.10842786105187;
  0.06569731612395269, -1.049166428099204, 23.66400730667953;
  0.05668553128778822, 0.5516805723908651, 21.86361275913215;
  0.08085331581649494, 0.1980337673741064, 18.17203383899092;
  0.1051170375376706, -0.03048094465249423, 19.28352422569126;
  0.1684782309895041, 0.04475305864870853, 20.40235553702158;
  0.8190454055952798, -2.825324511059177, 59.81028228390456;
  0.3700920891307337, 0.5941849952103779, 21.72439253580921;
  1.339383325632103, -1.552738764266129, 59.66731554642847;
  1.621947306181501, -3.789749339264224, 69.33613830324093;
  1.53363247426321, -2.908796040989041, 64.72538829933814;
  1.069248457828425, -1.987014651078739, 39.54184746957853;
  0.6802342463187782, -0.2240147014433667, 25.406291785171;
