m=[-3.946232619662065, -0.3704456001472219, 7.85536452066937;
  -3.932852533296141, -0.7126634676914155, 8.262962636033659;
  -4.019715979541585, -0.3066695442926771, 9.270573145551444;
  -4.037136184899402, -0.3054114876798658, 10.04630298241561;
  -5.464856561369474, -3.447547363444412, 14.64302499275319;
  -1.987870762007655, 0.4293242408508247, 5.954416304200202;
  -1.935386554293246, 0.4789240862793004, 5.897392275622477;
  -5.205876758953724, 0.0652187462466398, 14.5714981791094;
  -1.442617321200557, 0.8363411359156938, 4.744659992536973;
  -5.718284025520727, -3.445634643903191, 16.20034074273708;
  -5.550591228665116, -3.365507313259585, 15.94241706740511;
  -5.378995856606271, -3.157899300109027, 15.54798587535488;
  -4.986190218231403, -0.3186137718639031, 14.78011479140639;
  -5.090804967944203, -3.524794216693876, 15.44541183808618;
  -1.650439728262402, 0.5539177378376176, 5.746698171722664;
  -4.694772358756845, -1.094269386419751, 14.6475004245226;
  -4.867622762759846, -2.835417441967768, 15.19820661308387;
  -4.661875230672357, -1.347002585120223, 14.65761676084411;
  -4.874604044918213, -3.214778429317629, 15.33591624149179;
  -4.978783767099231, -3.448508481145776, 15.83006355742409;
  -4.615069360741522, -1.843174326870793, 14.82140730445081;
  -5.208893675882666, -3.51153981360341, 16.66046035654501;
  -5.026164852957542, -3.573905555287377, 16.27626688251582;
  -5.017221591026722, -3.651715722166906, 16.25720901500439;
  -5.079515164670478, -3.369737164951687, 16.56918424125446;
  -4.519112805597824, -0.9569461662003689, 14.97837302624316;
  -4.82266826161847, -3.453451229981055, 16.06951704513588;
  -4.72859440888122, -3.636557843254213, 15.8453022299004;
  -4.926405574452462, -3.346399421197066, 16.49512318518677;
  -4.868113711174833, -2.383551600859279, 16.73024556737704;
  -4.826480354888478, -2.867141432050576, 16.646382631994;
  -4.680090265977503, -3.117312593018641, 16.21648079367211;
  -4.867604304816653, -2.579553902398392, 16.8349460484931;
  -4.574600316777174, -3.30071383212271, 16.00139924561916;
  -4.873268077571884, -2.829874365541801, 16.95578498419215;
  -4.835891921815783, -2.702085595050538, 16.92865380248296;
  -4.529353742742777, -2.858287728414968, 15.96036626105896;
  -4.745948254120856, -2.505885107824533, 16.69331501812027;
  -4.750891195297685, -2.426590585779423, 16.73616456515215;
  -4.687411674496185, -2.585702211153108, 16.71808185686913;
  -4.670396738354926, -2.662746942026873, 16.69455971492874;
  -4.518795266591964, -2.982111544864418, 16.23752209285631;
  -4.407523920962473, -3.004663253874425, 15.88789111111292;
  -4.414949303117377, -3.120272487869659, 15.94135568079333;
  -4.535861585303203, -3.321254773765271, 16.38304734301704;
  -4.417717379605648, -1.915599492584045, 16.06330436976536;
  -1.163331750950325, 0.8150187886987896, 4.932088345974524;
  -4.288251429638757, -1.809973310906421, 15.85696164230033;
  -4.375887966444876, -2.679231102917552, 16.19519738373681;
  -4.43917397933, -2.253727282997245, 16.38981365983087;
  -4.26008393324957, -2.343890003323625, 15.88067913290462;
  -1.144399509036044, 0.8199576796925748, 4.991601227141477;
  -4.236446227041993, -2.113775743921176, 15.98167795224366;
  -4.246384094256925, -2.196281164998718, 16.114422782652;
  -4.194406078839596, -0.852539055606703, 16.09662930256483;
  -4.181895992059641, -1.819380935835791, 16.22462452975021;
  -1.275962688033431, 0.5119377090443779, 5.93640855696817;
  -1.258504344923529, 0.4426183678054179, 5.986049767609259;
  -1.237949783898841, 0.4736073121460198, 6.040622278774712;
  -3.38793934299897, -0.610646673912237, 14.9960063850789;
  -1.269751940576347, 0.1231270885801443, 6.973952569669479;
  -1.28373455729121, 0.1613153723532184, 7.327001785090261;
  -0.5466199486007705, 0.8252542659382665, 5.178044836206874;
  -0.2033389176804798, 0.7884226521872915, 4.217356526166331;
  -0.2666725672318748, 0.8007843814702577, 5.956301285535432;
  -0.0884988345277057, 0.7975773382161585, 6.2255324613491;
  -0.09034217053303907, 0.7948116471783948, 8.609532754636623;
  -0.06212392270518628, 0.7882105256228286, 7.955629259867424;
  0.1010704241502918, 0.8008951334583035, 6.325891049446227;
  0.09520213273023692, 0.7941916854928653, 5.902299199013664;
  0.1926580291970441, 0.795460886241512, 7.515560895282841;
  0.3821626539623345, 0.8335596079779047, 13.21572385222386;
  0.4458969590778391, 0.7847565500831614, 14.54796991907941;
  0.4955658070697463, 0.5622174716264042, 14.45343452063331;
  0.4249356525339468, 0.08188558917775379, 11.44611708592219;
  0.4946004084235294, 0.7260307347665496, 12.7556172016583;
  0.5512320631048701, 0.4176466878635727, 13.1049142729444;
  0.7058952666563322, 0.129257682149053, 14.63370848260639;
  0.6683207726141456, 0.4444334189982178, 13.76814976191564;
  1.274702847381414, 0.192193055534656, 23.70496815194789;
  1.24774725105587, 0.1551485400050475, 21.15841262712715;
  0.6247689163382619, -0.8294753543102115, 10.54439515653462;
  3.17194671078356, -0.6893344975401865, 48.64666735805948;
  0.6806020726030113, -0.8997286869379971, 10.71251794153409;
  1.90452961940628, -0.1727584848296592, 27.78919476561448;
  1.67663879948518, 0.1561529570032301, 24.06992038577699;
  1.252155816917434, 0.02858552349198906, 17.25642120430381;
  1.638862332657606, 0.1481575440736005, 22.05035794623472;
  0.7607145451100947, -0.9920709236895539, 9.910837097356602;
  1.024406356544791, 0.757640325656138, 13.06187502207199;
  0.8684709532558707, -1.290761155878666, 11.06997368994375;
  0.8532863728365043, -0.938152430864034, 10.64193147819342;
  0.9845145418866309, -1.155113545004142, 11.68748579755838;
  0.8973144457748098, -1.035587123193164, 10.39000981026294;
  0.9250020503663072, -1.359375536885436, 10.47691532120961;
  0.9899380782676732, -1.23729459240754, 10.83640075034675;
  0.9275472046178199, -0.7484072506599563, 10.05187419529931;
  2.162624268957595, -0.01348208760831464, 21.64805481413599;
  0.9491469676699159, -1.394903757265898, 9.668421837027085;
  1.037446799752347, -1.606209961674046, 10.38223148491395;
  1.003265042924376, 0.4543674398007431, 10.23014138668892;
  1.025381712846258, -0.2211857989938386, 10.36820355647655;
  1.04766912435675, 0.4588156422177064, 10.3544075141578;
  1.065872697853412, -1.612327662964527, 10.17583242679168;
  0.9806227605708122, -0.5514776296134444, 9.408630209252621;
  1.09141457432178, -0.1918972246242188, 10.32936918715875;
  1.067073969214683, 0.6180323929676418, 10.08819063398311;
  1.111767994637044, 0.3273961607668939, 10.35278638593454;
  1.061429835057361, 0.742174073040805, 9.863231427019716;
  1.12068279387789, 0.4571802281992438, 10.32342442290032;
  1.009121739542241, -1.113444370071465, 9.18906269758793;
  1.174946318235697, -0.2158252180512721, 10.6407324642008;
  1.070795920496008, -1.207302299849824, 9.706376121002213;
  1.110712044639392, 0.5715168084271093, 10.11263503586899;
  1.134192689387823, 0.6542867996633434, 10.26693208699499;
  1.062088604554835, -1.259636995583414, 9.487828861948911;
  1.119241933637258, -0.2958619454590302, 9.9836237054832;
  1.176162958618565, -0.2492554948704117, 10.41661690848694;
  2.149568198486455, 0.01547463022086703, 17.9090696846853;
  1.138892828921075, 0.8000395031004882, 9.984851945944648;
  1.158782636831674, -1.40005906577043, 9.904565194537604;
  1.091622661398891, -1.174728647260247, 9.287842516681184;
  1.201499371190933, 0.629159834696824, 10.21046853152385;
  1.15001614190618, -0.9929823839895771, 9.698306997905384;
  1.255305116143319, -1.957572548731255, 10.34057447849374;
  1.325303717519796, -0.2077835831155931, 10.84855786290287;
  1.189113628079195, -0.4065999570939387, 9.668983097575538;
  1.219553843159688, -0.5036202088860434, 9.848628442182243;
  1.250768194576508, 0.3365573662274496, 10.12388106605127;
  1.249709237868475, 0.4402895419059343, 10.12068620938082;
  1.240596990215744, -1.535312408337101, 9.859081564473939;
