m=[-3.883206640222326, -0.3524621459083562, 7.216420942684797;
  -3.910843770338708, -0.2843572121266682, 7.264833168975471;
  -3.958392747078687, -0.3294146252767818, 8.569895532362727;
  -4.250984221675574, -1.357484182480013, 9.257292505234394;
  -3.998513792564932, -0.2623704935593644, 9.545055761162494;
  -4.966865170919204, -0.8362902292227784, 13.62746739716814;
  -5.162630548838632, -1.859725434454582, 14.19240398947384;
  -5.003511984771899, -0.10519946836893, 13.84594901955147;
  -4.975842911730262, -1.251756691817296, 13.96616595430939;
  -5.049897079115944, -1.95465413592531, 14.27240868114459;
  -1.626242721285679, 0.5728608333380331, 5.243509234155286;
  -5.37898936779454, -3.13219889768286, 15.1893691499229;
  -4.988176254525093, -1.078908923052395, 14.15310728423356;
  -4.910618054837884, -1.144365489868027, 14.20443083326244;
  -5.035894842012308, -2.820565939198466, 14.75528920666753;
  -4.640196007735042, -1.042440188302906, 14.13957383038343;
  -4.818173802575141, -2.783354218698619, 14.69830620927928;
  -4.614146876231153, -1.29482184131203, 14.15897188594079;
  -4.638214977620037, -2.429683286982347, 14.26026180319706;
  -4.832891693186964, -3.158435512606879, 14.84326634154706;
  -4.974643203240443, -3.416431677365089, 15.45366983308082;
  -4.595444968422818, -1.800096734962252, 14.40900743254616;
  -5.111979207737051, -3.424147321662602, 16.01739096588599;
  -5.010144091000172, -3.533851781965647, 15.86832921420791;
  -5.039459653665503, -3.317050498044137, 16.09817022335656;
  -4.411842381423787, -0.8937996620508789, 14.30057725026958;
  -4.878800596025505, -3.284302547915416, 15.9911720088213;
  -1.119610418672312, 0.833353479954802, 4.479942249220088;
  -4.681519487703245, -3.258536072613953, 15.86104105187287;
  -4.860680705285192, -2.859890562182359, 16.42584145484371;
  -4.896121796294382, -2.376866376208022, 16.50639366800624;
  -4.626669706540214, -3.059812062147897, 15.69737843790685;
  -4.51247369215749, -3.23726613065667, 15.44624249293284;
  -4.740737895078413, -2.394318216989585, 16.37325459791136;
  -4.631587041142658, -2.527621717952036, 16.20409102372747;
  -4.500003842905365, -2.869917824678398, 15.79592969443699;
  -4.620841296921307, -2.608231181839229, 16.20193272493003;
  -4.44091751477996, -2.909473083809132, 15.63699286844812;
  -4.373718527101106, -2.955131663481026, 15.42693608561644;
  -4.258269935502454, -1.817783712642645, 15.18582094726251;
  -1.330381771870081, 0.5332865279683654, 5.40553132392656;
  -1.062029070005571, 0.8357353630506371, 4.557771902190322;
  -4.287349815829241, -2.010105345164281, 15.52596624211279;
  -1.30377460309307, 0.5013711363248068, 5.394181639077074;
  -4.325801192899685, -1.785259278223209, 15.66256799646304;
  -4.391830089424702, -2.669170020855447, 15.92846783714716;
  -4.394777704899373, -2.244961631703426, 15.98777824284474;
  -4.180005479799756, -2.059150323345282, 15.4588408365817;
  -4.17647649377852, -2.132776727500803, 15.541729489765;
  -4.36637362339913, -2.312967868826299, 16.41276713876281;
  -1.253304827517824, 0.52966693182532, 5.436362679904218;
  -1.242959476834767, 0.4642010229931986, 5.516246657372272;
  -1.95147243789146, 0.01651657294062863, 8.15476544199378;
  -6.813344105224664, -2.94887780977137, 27.85692104302373;
  -3.303514883942366, -0.5646712611744945, 14.35634048390146;
  -1.188497831901662, 0.4498150714864615, 5.900136773540996;
  -4.051505269755451, -1.26901131074599, 17.94356795205896;
  -4.970820707039704, -2.069586950941481, 21.80208094889674;
  -5.2046617724006, -2.910980623591014, 23.14322118879985;
  -5.724216223450229, -3.003414069278092, 25.55811231101233;
  -4.425203361346563, -2.432903847195374, 20.32897661433199;
  -3.275819703588162, -0.6333791540434548, 15.27448708894189;
  -1.260691798422101, 0.1451833975781346, 6.54976293870732;
  -4.412452756118906, -2.579877757251494, 20.60867004805846;
  -4.851898495395465, -2.522248659995019, 22.82541472420414;
  -3.053994488062124, -0.4714303748978122, 14.73845941524798;
  -4.252009284441232, -2.615282154650383, 20.4564042462172;
  -1.232007108398723, 0.1763344826426362, 6.672512425599761;
  -4.163293767190921, -1.273844618378051, 20.29512929176693;
  -3.741438225981866, -2.174983620441415, 18.47452425731411;
  -4.226849487761192, -2.853867109202577, 20.87378366140701;
  -4.086622569442528, -2.949454123993076, 20.62660675302875;
  -4.038677576597633, -2.852161484409279, 20.42409092761697;
  -4.031597914139868, -2.718000014485917, 21.02283025172308;
  -3.827677298715124, -2.01137055988219, 20.46198582553156;
  -1.399140299308537, 0.07824865310629896, 8.098295106932287;
  -3.844935238295127, -2.540445974539822, 20.6524823168328;
  -1.251317135319052, 0.3710541089072164, 7.420595147397341;
  -3.545896206734574, -0.6800405728112897, 19.43073442811241;
  -1.402921532085485, 0.04802803807502568, 8.364527104099913;
  -3.734034590934078, -1.953615907582053, 20.79777078811012;
  -3.811016666512116, -2.276361196194045, 21.24266294148545;
  -3.45119474664571, -0.8717767051480234, 19.93932643795388;
  -1.440305560015755, 0.1133017383497217, 8.883683427455734;
  -3.408942919051607, -0.6920564270558379, 19.93964571599235;
  -3.413483389712389, -2.066301463510643, 20.27214490835431;
  -3.409486074985031, -0.3666887386059711, 20.17861563642338;
  -3.305780510287414, -0.7376029809988521, 19.87802649845659;
  -5.019079727576359, -4.380922290057874, 30.95700178626234;
  -3.013168248749192, -1.616609725426886, 19.79594705907833;
  -4.735406987662713, -4.330515548849798, 30.74357363709227;
  -5.216047718944258, -4.183346985461811, 33.85139355539113;
  -3.790310695419254, -3.012578299424208, 25.65877029906499;
  -4.093812908463576, -2.729159504516132, 27.86988681325861;
  -4.557116545091956, 0.07730149612125604, 30.86696923336346;
  -2.816038312941063, -1.134229051544601, 20.12333030576956;
  -4.295450232654963, -3.665302576128547, 30.77459699709865;
  -3.952706785961166, -0.2452292326370739, 28.46206930350005;
  -2.775405908301381, -1.327039940432844, 20.54057300720677;
  -0.5285301526374858, 0.8401051200957036, 4.690620125593431;
  -4.130604621832536, -3.429431970233017, 30.80407917949461;
  -3.967962729926333, -2.605402122244374, 29.92156295806399;
  -3.900745346447646, 0.05476496436109128, 29.47190363753682;
  -3.364309981420142, -0.3488993567530302, 25.82733274864231;
  -3.436239377257599, -2.698469492607113, 26.98314160814508;
  -4.759020798558025, -4.072420802436129, 38.13949974955828;
  -3.513124154109935, -0.6920168261969323, 29.1700610699428;
  -4.489408156720983, -4.077883838078746, 37.81360655557609;
  -3.986804150200098, -3.191517305765956, 35.94431373704509;
  -3.504829445293997, -1.072666910420278, 31.99591936059921;
  -3.856495646983833, -2.817206281074369, 35.25673353206268;
  -4.042267590301997, -3.595036652121174, 37.58369086174008;
  -4.850829497511347, -4.848268636400679, 46.49117326392356;
  -4.019413680382432, 0.2909882172769664, 39.4134040197571;
  -4.247308285524481, -4.185707646796348, 42.17841111973524;
  -4.171064542509813, -3.600104004381012, 41.89153567846339;
  -3.170092676159833, -1.15534961410397, 32.02555919614409;
  -3.594916932883957, -1.755306417810821, 37.87064422365498;
  -4.373389964574183, -4.336071849698981, 47.09468723965716;
  -3.289831847160225, -1.621154482122514, 36.26722066072425;
  -3.030745942112093, -0.8441596358517589, 34.13978352354653;
  -3.854998138083158, -3.852177932250402, 43.82010894990869;
  -2.69154033691004, -1.245028526333003, 31.30691414371619;
  -3.155957985535039, -1.894985372533938, 37.05465494119457;
  -3.760222570144244, -1.466428036773547, 44.50968345833187;
  -3.797778963038447, -3.54870504851563, 46.18327607473655;
  -3.428214633731644, 0.5164842298006825, 42.00803435796866;
  -2.597191289986896, -2.306955436911697, 32.79555359347927;
  -4.436840706047956, -5.162581255186261, 57.0662886851534;
  -3.032573205563859, 0.5913326802578319, 39.0102084787823;
  -3.60157218924726, -3.245594833467813, 49.18014867244254;
