m=[-8.021980381632679, -3.15639602570492, 14.24937424284296;
  -7.799790928499598, -0.7079538389278459, 14.49486978672987;
  -7.892040759687874, -0.5738298025186814, 14.66035537311205;
  -7.830983927494323, -3.389969872839219, 15.58118084302273;
  -7.905443696879532, -3.403516319474916, 16.25985325517213;
  -7.97070909979067, -3.346222443383834, 16.87488768310071;
  -8.082704064410097, -0.6726368758041394, 17.49900373127912;
  -8.031868089673342, -0.5324419987124486, 17.68389687833908;
  -8.136399277401907, -0.5338861399396632, 19.42281278166237;
  -8.702808278404559, -0.06645719200661888, 21.93632031423949;
  -9.135183940051686, -2.930501130836481, 23.69327071737674;
  -8.871242343708531, -1.33693114859938, 23.02615767514743;
  -11.04881246080264, -6.903549303180494, 28.84948945865392;
  -3.852445591826924, 0.8867196813843103, 10.6985210278338;
  -3.745394069503954, 0.9809194305567605, 10.57393839360795;
  -2.827413018248467, 1.638844284378914, 8.320823623395645;
  -10.71291133931189, -2.272771530988621, 29.188893535676;
  -2.774935803172623, 1.66284923721127, 8.280342985484882;
  -10.38392595589213, -1.748381628865168, 28.49012557196912;
  -11.33781559089738, -6.437036875881471, 31.28827982027709;
  -12.12388580485359, -7.217551037572012, 33.55186868438796;
  -11.27047378652213, -6.884468855844612, 31.46469522804127;
  -10.48241102895186, -2.63702620533637, 29.42196822301151;
  -11.84402796052365, -7.094486901439137, 33.20685698920863;
  -11.32356266557307, -6.593738725587587, 31.97585301980169;
  -10.64900104582354, -0.574698299081669, 30.82419031453676;
  -10.84432351254359, -6.073822129476225, 31.77412052835999;
  -10.46148227305498, -4.243563890691209, 30.99663545824012;
  -3.161136039559629, 1.113542893821754, 10.19247975526539;
  -9.782784980824669, -2.19774513846787, 29.81003610031875;
  -10.10549495134852, -5.837724656142651, 30.82779187248506;
  -9.845146253031807, -3.194167233618017, 30.22049426258033;
  -9.892564877497453, -2.776051437799587, 30.35632625867777;
  -10.22774249133315, -6.684127671216835, 31.41247838962133;
  -10.53669886873304, -7.236280134934644, 32.73212948054847;
  -9.708744560323783, -3.803043993282647, 30.44174688015242;
  -11.07314474749754, -7.417103510933591, 34.6955418703726;
  -10.67244152346033, -7.527692978601634, 33.80218463534113;
  -10.749149402835, -7.766047337145756, 34.05693764352164;
  -10.78087334959621, -7.096138032897623, 34.43867919688827;
  -9.511770467357263, -1.926999310996649, 30.83152039338673;
  -10.26481166136011, -7.30489989126693, 33.46330232471492;
  -10.4578046232083, -7.039966830697065, 34.27739036938829;
  -10.69494097649979, -5.191955318965132, 36.05606914186786;
  -10.47554240536113, -6.163520435781351, 35.4003089560803;
  -10.09987937391798, -7.029944306630969, 34.21850572008804;
  -10.02003169268467, -6.626670106370665, 33.9959926721267;
  -10.50660164532163, -5.508103367120896, 35.64373286277445;
  -9.787946412871181, -7.021910724075737, 33.50423827706689;
  -10.54373533887523, -6.060815962711804, 35.97654099316498;
  -10.34895850200232, -5.723169064427892, 35.54470093646192;
  -10.21501292329132, -5.331494755052232, 35.2362344628253;
  -9.645859493045256, -6.195833997625922, 33.37333293226104;
  -10.52234149816608, -5.314327535508647, 36.34138400574697;
  -10.03246074014388, -5.475070516008848, 35.09961177047357;
  -9.633106215216007, -6.143599916621245, 33.81416412665851;
  -9.983020461572467, -5.634910091839883, 35.00319866379336;
  -11.01354947551605, -4.162529734912561, 38.51545785792375;
  -9.560985624012869, -6.263892593179544, 33.66535485526396;
  -9.312400101984746, -6.291984322690024, 32.84660416229973;
  -9.765097241259078, -7.120561469231627, 34.56317568247251;
  -9.299300016083027, -3.969714547046114, 33.16311720911354;
  -2.221899753890711, 1.615909368705504, 8.616767624972676;
  -9.416704311025146, -4.414980928203566, 34.10112062821177;
  -9.263055276554663, -3.822865323609234, 33.53904320942232;
  -9.518501214903308, -5.784945585093007, 34.52208700525889;
  -9.560029039845736, -4.883500334612632, 34.77846538490828;
  -8.984765214154939, -4.865183449279592, 32.79163151816582;
  -2.165143816172622, 1.611569617179641, 8.663477130921788;
  -9.052491085910157, -4.4594295478113, 33.47866875963131;
  -9.041929541617037, -4.617389066307405, 33.64731567642315;
  -9.531951513297083, -5.049292497398142, 35.82966416967615;
  -9.360713762716072, -4.005316170410936, 35.60461180171131;
  -2.567958250797426, 1.029371845354186, 10.4339814756397;
  -2.526433595894511, 1.015084875548008, 10.42579064216056;
  -2.050297816846528, 1.613427013175048, 8.798996227755092;
  -3.927880208391097, 0.03324418972273051, 16.41373004390882;
  -2.414885958849625, 1.020569943120032, 10.47486263091739;
  -2.389242341318883, 0.8922967801357593, 10.60344309254149;
  -2.271821514410064, 0.8598245023920226, 11.27815070444444;
  -2.420833957402637, 0.2787873287889508, 12.57713309058202;
  -2.437690001679132, 0.3500376736076101, 12.7553739525888;
  -2.329609943894065, 0.4474310135691513, 12.3762889003572;
  -2.287032206288476, 0.5249063470683104, 12.3042132951494;
  -2.45129157360769, 0.3508480011938975, 13.27611940885962;
  -1.503950051166961, 1.600225823944998, 9.080584368405146;
  -1.01950877914553, 1.620521631677164, 9.047976494463558;
  -0.561006190227984, 1.556908604475905, 9.443814015935292;
  -0.5566495508378302, 1.596140825649549, 10.1571458841021;
  -0.3669408483998086, 1.577406335237894, 7.335003652470097;
  -0.3439541565044587, 1.602511806235235, 7.207020918972806;
  -0.3353378116894468, 1.602611208348396, 7.660968836892374;
  -0.4830707973181848, 1.610687250365286, 10.78055458261591;
  -0.3179590130959817, 1.601523144089213, 10.74065746866295;
  -0.2416029456194208, 1.594114078210958, 10.74058706137339;
  -0.08276897505114733, 1.633472774819642, 11.06681220525353;
  0.257302112453728, 1.6565537396951, 11.84361107755251;
  0.2351644007042615, 1.591274607895654, 10.67949034986744;
  1.318016169974617, -1.636012797876436, 20.18449319398072;
  1.398752710719909, -1.902337232044699, 20.14222134110315;
  1.437787098984062, -1.778937016536897, 20.5765438762376;
  1.511430690397171, -1.233992651541152, 19.80767100761353;
  1.542673001938745, -1.099569696696734, 18.82636895494532;
  1.515513857795141, -1.878265079071622, 18.13833994566075;
  1.763773520736026, -1.83670797892777, 20.19941546096251;
  1.707381997451143, -1.261187578323451, 19.56149172516012;
  2.639440281031743, -2.973042205858277, 28.76391829126042;
  1.820641356233218, -2.017128631345919, 19.49928758109217;
  2.614407468549127, -2.188969830300996, 26.9461795595642;
  1.885339322815088, -2.658159698889806, 19.73927893271518;
  2.018577927179965, -2.619553765376152, 20.60939777154369;
  2.013509971206837, -2.416946368448647, 20.42048135797185;
  1.952391640142022, -1.501145526999778, 19.46413614001748;
  1.793612479276532, -2.574823406604756, 17.84421548590769;
  1.835421848164508, 1.024797503108597, 17.9918483320659;
  1.978776905180629, -2.792891090911548, 18.55831543972516;
  2.034364711785649, 0.9130031958997215, 19.00785021811409;
  2.08316003012534, -0.4043818777333039, 19.39817676537359;
  2.003202099045744, -1.153769405844502, 18.25291413810828;
  2.083684524543387, 0.9054495669668043, 18.92333637479351;
  2.157392916434708, 1.235957251863906, 19.57789206737823;
  1.976609608911237, -1.055335166893426, 17.47669444478768;
  2.203665643446322, -0.3544869945800032, 19.25312498150781;
  2.148857219483774, 1.227138632024999, 18.65048819646837;
  2.20947539080665, 0.6511583255944254, 18.95086021171044;
  2.245598554300372, 0.9084344143363583, 19.03171453375732;
  2.202712209120717, -1.268700252029612, 18.57856897326311;
  2.15505313400904, -2.349717105301728, 18.11912373771114;
  2.205146788876933, 1.116755797374633, 18.45861389730569;
  2.30223854138174, 1.305257857365697, 19.14528445683053;
  2.285001506543339, -3.052561878486727, 18.95072134357801;
  2.47391983188394, -1.947886044736547, 20.3322397280584;
