m=[-7.521946239837392, 0.1132850919928859, 10.35036310472425;
  -7.623929676177425, -0.7430287012628551, 13.29359465765582;
  -7.647304964611104, -0.6085360765639266, 13.34119079278118;
  -7.954587222457494, -0.1142336464422005, 13.90770342129934;
  -7.855844007533977, -3.371569292022515, 15.73825777532629;
  -7.64536064793547, -0.6921339688518214, 15.7380291078727;
  -7.769672301025924, -0.5742134194430373, 16.27869411999793;
  -7.782520263340083, -0.1336978101224772, 17.058272299451;
  -7.78777744079544, -0.5904360464737319, 17.78971724401994;
  -2.719680532163683, 1.658915691730407, 7.455264543104818;
  -9.289540047834834, -4.028505161612078, 23.14368546483374;
  -9.908803441676282, -1.813330835567544, 25.22212316127799;
  -9.649435699348695, -2.18207261548254, 25.59841805011386;
  -9.721381978836531, 0.1070706092571188, 25.91685713939497;
  -9.598987740218139, -1.748938383129765, 25.62862884645881;
  -9.531423346439103, -2.538931538341213, 26.05549695458814;
  -3.200837474763718, 1.106036304105756, 9.462845166759548;
  -10.31767261389716, -6.201704208119327, 28.42318118339835;
  -9.546535080004764, -5.437372413204425, 26.94768288379898;
  -9.31189597298264, -2.795112421464342, 26.37429818385036;
  -9.343598818648436, -3.066301786004695, 26.5407996911839;
  -9.463282557481078, -5.478750337569179, 27.05007976092851;
  -9.946146594054389, -6.7695332544128, 28.49841339711572;
  -10.0179303283448, -4.944336547737509, 29.37567609615361;
  -2.978631772049039, 1.103112163207098, 9.454045234874066;
  -8.894331983245472, -2.137080656179184, 26.42926218628696;
  -9.231565560532065, -5.498450203225741, 27.43813691774604;
  -8.722127166303418, -2.593030479148497, 26.10977358954625;
  -9.199077766437153, -6.194243037071505, 27.5471150481354;
  -8.557928104171408, -2.748342547703214, 25.69886734243201;
  -9.471302849430922, -6.698257921799742, 28.72361125531593;
  -8.76785076189854, -3.593581377160148, 26.81271730571329;
  -9.570582427727938, -6.623127419479159, 29.34927725992073;
  -9.499826553513499, -6.913282443366875, 29.42135178229729;
  -9.537337545140129, -6.477442255413997, 29.79804719000843;
  -8.313056948853946, -1.825546598371118, 26.32310113275026;
  -8.460569420653107, -5.24726535776264, 26.90971764064443;
  -2.256619056601207, 1.634802637977652, 7.893862610466779;
  -9.083607578676002, -6.678648730576994, 28.96154577476578;
  -9.461924809865293, -4.9917441568929, 30.12904517133746;
  -9.216190829272957, -6.407478713970941, 29.55145735443789;
  -9.158144627634915, -5.451691658084639, 29.78368718997739;
  -2.2013784847037, 1.634991440443985, 7.959367269356141;
  -8.730671061910202, -5.462788968316518, 28.82619868620522;
  -8.771254356058401, -6.298870773530038, 29.06590389372526;
  -9.168662416527035, -5.60029620713398, 30.35966485463786;
  -8.654146727667845, -5.932078163806429, 28.74418559443677;
  -8.419909512662771, -6.234029163326518, 28.17880364311727;
  -8.733789381279559, -4.637282870266676, 29.63881374932079;
  -8.709674182990566, -4.948790875920901, 29.86088636166101;
  -8.511468081050747, -5.623891056950621, 29.23485842376891;
  -8.692204336802773, -5.106328251565324, 29.86617455792666;
  -8.350024180237703, -5.666767464830362, 28.7681564522613;
  -8.290005401462858, -5.795041303282733, 28.58491768803143;
  -8.574210869642911, -6.225148036115241, 29.63531647070533;
  -7.937845253829873, -3.555264744494674, 27.70916614850034;
  -2.609957674175439, 1.020906821133793, 9.775841355888813;
  -2.088644470152901, 1.638966629318387, 8.120819511475082;
  -7.969797655004935, -3.912004311138892, 28.27409995915944;
  -8.222269534704337, -3.593769272878598, 29.18357136399526;
  -8.149589208779103, -4.324561853397741, 29.00266291392298;
  -8.180488763267899, -5.175269251557347, 29.07632508675944;
  -8.230877047504126, -4.414345397189206, 29.37735658468943;
  -6.709758741631482, -1.540851743825753, 24.21787934431605;
  -7.854341160923041, -4.052186382715624, 28.4495564870525;
  -7.847218000253181, -4.195034289254776, 28.6070056779606;
  -7.149720728110797, -1.519809640845645, 26.43436548179541;
  -8.163318388551545, -4.527643255311361, 30.11891886491965;
  -2.453320469153492, 1.013695059113623, 9.828152943407565;
  -2.434631339157859, 0.8822609124832553, 9.991895729835907;
  -3.738917845415987, -0.03799431492892139, 14.90393920775378;
  -2.377870522677942, 0.8864488611415404, 9.952210596806522;
  -2.313212248169031, 0.9078653949750436, 9.760478990101946;
  -6.035660158616227, -1.171247764784148, 25.72441748739143;
  -2.335568784733672, 0.8455898939089049, 10.79217237366805;
  -2.457933814851492, 0.2323592860951005, 12.01031143559077;
  -2.538221748233338, 0.643512497260719, 12.36540409451653;
  -2.361880934734702, 0.5082635908713521, 11.96528242215801;
  -2.211990256583689, 0.2864474422894929, 11.35882832687732;
  -1.520360057803154, 1.618881677634597, 8.399349450149662;
  -2.443818127387024, 0.5291797977063966, 13.70062376858493;
  -2.409039536360785, 0.6671086507775368, 13.62658368411955;
  -1.444915063535428, 1.778100283621873, 9.163349790693363;
  -1.015081020842142, 1.641800144239301, 8.363249598758081;
  -0.8878236856975649, 1.609033594653827, 8.309390697500941;
  -0.7604418597106928, 1.701466265969498, 8.327197746505894;
  -0.7259955194894553, 1.454463750187737, 8.039459570604834;
  -0.5419042224394792, 1.552858913707763, 8.673985690710479;
  -0.6264480769345489, 1.544953956188214, 10.02393946934575;
  -0.4368396420806593, 1.553773356217547, 9.742218346866059;
  -0.2790758165518782, 1.567163014631554, 9.842819365354114;
  -0.1822195014097664, 1.551884151593576, 10.39163957813992;
  -0.1438253936235909, 1.557464195899383, 10.63189724225877;
  -0.03620562740237183, 1.554829013665853, 9.899026335750284;
  -0.03281615117515616, 1.578217182103815, 10.95459435103522;
  0.03174630661584729, 1.587280912965354, 10.26238266571945;
  0.3031411409169791, 1.608234917495357, 10.89653975999258;
  0.2757997815692156, 1.542033803868798, 9.677459339263054;
  1.430983952157206, -1.79884858778923, 19.80634371659165;
  1.53836419602741, -2.102570818734136, 20.05420068649159;
  1.510439864656332, -1.898559474032051, 19.65460898105961;
  1.933118450565587, -1.661946626381944, 23.14982541932961;
  1.913046964679734, -2.425077911360905, 20.93302304411298;
  1.887968594735379, -2.682435102012495, 20.29411462676193;
  1.839472673281484, -1.950788362424216, 19.27326387067573;
  2.219325148919299, -1.581585498396242, 23.17486407898783;
  1.795021616144075, -1.381508735080211, 18.78878616598878;
  2.26524261287066, -2.596521607226223, 23.03161539454866;
  1.972877542015315, -2.100088971268336, 19.65324606534961;
  2.982112834938087, -1.57221578187616, 28.43106263465751;
  2.006200807089931, -2.852722314463, 19.30253675318879;
  2.125104084800442, -2.571613485418097, 19.79143136148902;
  2.082665643654323, -1.654413152986554, 19.04800556155371;
  2.143724869542602, -2.002062528217053, 19.40128258305838;
  1.876872953498719, -2.709209014166294, 17.0668031904322;
  1.884961015975472, -1.191202125411704, 17.06900165181517;
  2.082249546719357, 0.9982623810055932, 18.57909884758787;
  2.248253479372356, 1.545490192287422, 19.66425723198059;
  1.94274893049662, -2.519607936527989, 16.88861543443525;
  2.347248745211193, 0.9015601071260357, 20.11772765090142;
  2.078981900531564, -2.957563901889504, 17.91612701699436;
  2.300155646687133, -0.5500278192101717, 19.70230376025709;
  2.333781456557574, 1.171360094909465, 19.45090983194189;
  2.353607776538234, 0.8749343254044344, 19.61742953354554;
  2.340810420741408, -0.6392218459683927, 19.18389877375884;
  2.541759965859224, -2.318816201448657, 20.64457382895293;
  2.223931949719907, -1.277985487217909, 18.06759779825725;
  2.439150721369344, -0.4934441652192972, 19.62439147827304;
  2.31718182139972, 0.552744757924107, 18.27521076780544;
  2.55669905401738, 1.572750445247147, 19.92507553019418;
  2.394306576160741, 0.8239978284849687, 18.65765337675726;
  2.700249782721388, 0.6995456179998253, 20.83499743529584;
