m=[-3.857689086329709, -0.3492363252528509, 7.941080339509478;
  -3.948490336671919, -0.06783207668465914, 8.65457731629388;
  -4.997633091592287, -0.9105702158638859, 13.34333234728025;
  -5.111151214684417, 0.05629385572472067, 13.62614658463145;
  -4.974281676439349, -1.325023574115291, 13.5979041493472;
  -5.444769836836858, -3.35401199622179, 14.89756662657655;
  -5.402588341297789, -3.247365574076635, 14.88308003465724;
  -4.922119707015102, -1.351667704421727, 13.8014385547584;
  -4.994317896970935, -0.3383673044406115, 14.11908902318533;
  -4.929191763107327, -1.479574639237295, 13.96106375573383;
  -4.923432103020828, -1.615729543164331, 13.98517078650879;
  -5.069702602426412, -2.935095161293834, 14.4913626880358;
  -4.899813129691745, -2.072123493182855, 14.15975817474559;
  -4.687922903920663, -1.12638806090219, 13.93003361806261;
  -4.881410902594407, -2.907436944839465, 14.50857060147923;
  -4.611848558099235, -1.371071947055393, 13.80561408763316;
  -4.846098587787126, -3.263143675541353, 14.5118933355949;
  -4.635215075040046, -1.899783997827658, 14.17482058411746;
  -5.078780615232557, -3.449338770635019, 15.86792369716597;
  -4.453481443055007, -0.9779841458200028, 14.10184522247559;
  -4.923903090428083, -3.423301972151391, 15.78835713036654;
  -4.882476291554387, -3.471666470937917, 15.80217172660405;
  -4.911721987215831, -2.923866664404343, 15.97367121610412;
  -4.645101895324318, -2.906444557416636, 15.3368084999174;
  -4.674241572491631, -3.356697050867121, 15.4893531537204;
  -4.6201456407171, -3.166928633331497, 15.3455133069934;
  -4.656923990411443, -2.546370079394417, 15.49039482951168;
  -4.431423477648237, -3.280988133324061, 14.83058836301663;
  -4.878055033200189, -2.924424862307605, 16.33322603782156;
  -4.566950987967163, -2.958894468593591, 15.40339289642866;
  -4.769452728057847, -2.742148814104745, 16.05411828093679;
  -4.457450378106124, -2.964029013158834, 15.08240320268803;
  -4.736061009520931, -2.575416404968467, 16.00999316780475;
  -4.482100516317755, -2.961515542329494, 15.39494394949019;
  -4.691691667109557, -2.66579442893163, 16.08534013696091;
  -4.461628235634325, -3.027896588096029, 15.37155059003684;
  -4.431754413747052, -3.09797142823789, 15.28121261636033;
  -4.687428518101036, -2.753679934539647, 16.10587521011996;
  -4.501814555898084, -3.268459624759742, 15.55976416778093;
  -1.195388575269141, 0.4331845229404684, 4.905957550377162;
  -4.369019306461646, -2.144549096750741, 15.49977727688213;
  -4.371373174823785, -2.76548673721432, 15.53739283616367;
  -4.435221967642292, -2.378677456287734, 15.83003810209815;
  -1.162757441947646, 0.4334655736585465, 4.86654206984941;
  -4.252780692375517, -2.19408091108367, 15.40418503040487;
  -1.146401841212307, 0.4499278270708329, 4.837183053229829;
  -4.217597042536927, -2.254679838272761, 15.37523521575557;
  -4.289347939460782, -2.379012595541945, 15.82573610668057;
  -4.143891866500763, -1.972254782884702, 15.45704092855784;
  -4.231919720832935, -1.915751958809306, 15.8072690463151;
  -1.150758627336759, 0.4166307890244419, 5.317413705766796;
  -9.270306784831524, -4.649668732463249, 37.49589747386217;
  -8.018963094729966, -3.660721590208228, 32.62520518037539;
  -7.672902839509137, -3.794305922321216, 31.86740075943128;
  -4.056986803663495, -1.376348819385346, 17.74872502586015;
  -5.11950835047054, -2.276864262941308, 22.28280495675491;
  -4.98288602279562, -2.114017588537705, 21.73608750027095;
  -5.496399694005967, -3.236834170704175, 24.25993959777452;
  -6.312530997911748, -3.486061270858696, 28.01386082084204;
  -4.601216702609237, -2.674667343721057, 20.93231045983161;
  -4.571006969566404, -2.819479893687627, 21.15675674369951;
  -3.155998377612317, -0.5721856284368694, 14.99077814399438;
  -4.736965988600108, -3.263704376800018, 22.28332097828715;
  -4.404736711536557, -2.858597816718305, 21.00246876074885;
  -1.130559633149085, 0.2365169718050717, 6.082188411991407;
  -4.113362477794618, -1.392422648409471, 19.95563743687757;
  -4.416677459693875, -2.729512107059297, 21.58246878202227;
  -4.412567513533913, -3.138516026587077, 21.59664097989976;
  -4.054070405366249, -3.01282244197342, 20.32917556301649;
  -4.157332516860635, -3.172653756311838, 20.83819217168522;
  -4.122196607822058, -2.936284714051641, 21.3300404079892;
  -1.304623715898558, 0.06391968027100961, 7.562949047570871;
  -4.060713899929468, -2.843867642356739, 21.65736329915486;
  -4.035142322907339, -0.8974662709596041, 21.96580627448621;
  -3.873848402922235, -2.173307852709782, 21.45127518487433;
  -3.589494101184259, -1.025007628484379, 20.64969349230673;
  -3.624286313182235, -2.117548849832955, 21.09099771868204;
  -3.437813894918768, -2.22501236004043, 20.31200575769012;
  -3.499621457970945, -1.210910786374143, 20.87606067552203;
  -3.525162889516391, -0.9739531137857762, 21.55009294599018;
  -3.37651495061348, -1.801648213490649, 21.09298132041279;
  -5.600345550449395, -5.168545100617103, 34.65504465230531;
  -3.16204399362349, -1.844012651122441, 20.70991721661751;
  -5.184910947067654, -4.410793659091077, 34.00430799791838;
  -5.034710455760667, -4.989164484841436, 34.33114723218721;
  -4.457459480402731, -3.213289764067709, 30.50834201534053;
  -2.90177120172517, -1.3102187865308, 20.74207251899215;
  -4.684969532933311, -4.275308209132942, 33.80423951000226;
  -2.825280518406892, -1.704838564622734, 21.32152130108694;
  -0.4391923419613059, 0.795963482518713, 4.1105242172488;
  -4.897362223631697, -4.364966988480266, 36.78167407042441;
  -4.738050765250828, -3.385139101272419, 36.02046440606641;
  -2.980611180296, -1.786214859177905, 23.38538554289283;
  -2.9003751133172, -1.904029368295739, 23.39376425203681;
  -5.72061247563069, -5.607878472588747, 48.9462039789188;
  -10.01315057556569, -7.548310834392468, 86.22650825538231;
  -4.77661815582367, -4.200538303100531, 43.92381372366882;
  -5.128197454776332, -5.489259507279337, 47.39580592557817;
  -5.592047098201319, -5.206473610409332, 51.92957752042776;
  -5.145451851155261, -4.135609525399046, 47.86832540743738;
  -5.221666955674629, -5.070469319453095, 49.48170053354362;
  -4.891322173741741, -5.035083185877608, 46.35482161690997;
  -5.374710902521061, -5.029171670735826, 53.2031714686112;
  -4.929155563685475, -5.372819781316689, 48.33306791202806;
  -4.480873472524343, -3.475824536948815, 45.31836415380673;
  -5.148203915303376, -5.536788897088579, 52.28009410008959;
  -3.466694185104169, -3.302340408416205, 38.4650575627438;
  -5.796864515935739, -5.799779228832465, 75.65558551659177;
  -3.564404092441546, -4.569257970579403, 47.42125449015578;
  -3.656592145329801, -4.721055441873756, 57.64342211990912;
  0.9868413448542699, -1.516062534860572, 31.86525953721322;
  1.285962273606314, -1.589522735726973, 37.47745262145811;
  0.1518893208261905, 0.8058085042776604, 5.459727500181591;
  0.1411692100662559, 0.7892961073030819, 4.95344587511655;
  1.420185970347006, -0.1964785213653548, 36.79292069719993;
  0.2529563172778983, 0.7924980815485182, 6.662938460581852;
  0.5541231886125069, 0.7718769706182629, 13.22688534975674;
  1.762584161293073, -1.494389195275236, 37.33866578186567;
  1.315362613016506, 0.1424186365925012, 27.93403964669738;
  0.599315630793597, 0.5072288640103796, 13.42589145948616;
  1.333185921434043, -0.9811048155297369, 26.87238908318616;
  0.2671609865005616, 0.8014821529617205, 6.332810392489246;
  2.182273580666795, -1.823431126295711, 40.24464776503849;
  0.659096709920887, 0.3814912283169265, 12.42177881952608;
  2.214330502955341, -0.2775969198055336, 37.76408604555149;
  0.7315893683863226, 0.198437792007645, 12.8126096438065;
  0.7205604281083596, 0.489020327061995, 12.37708514159575;
  0.7582205882576272, 0.06917948322037616, 12.79774068734766;
  0.7282580384748828, 0.3703378253642384, 12.10539844313998;
  3.390539083058963, -1.32713633185761, 50.08274735242726;
  3.937801138638516, -2.56438380684751, 52.51717077867517;
