m=[-3.91338977145021, -0.3945616690907574, 7.608017352128585;
  -3.998091333603722, -0.1134352773176436, 8.324677625550024;
  -5.141454391605575, -1.013600193918114, 13.32704431219255;
  -5.180241648413083, -2.035115490137483, 13.47746126656603;
  -5.217500068243658, -0.2476357085086471, 13.67641702606603;
  -5.230315370847896, -1.406133653181938, 13.71138399968215;
  -5.292991589026817, -2.209971653930029, 14.15437343113799;
  -5.502674898076776, -3.418571597406083, 14.77047042297355;
  -5.189335065752928, -1.372737020827662, 14.23170435234407;
  -5.123771200392409, -1.627251409286619, 14.11026194647465;
  -5.07970640759702, -1.486878711252658, 14.15118335976218;
  -5.182838416124736, -1.864823837988196, 14.5201793024688;
  -5.226813613562095, -2.004619904446584, 14.66410991895773;
  -4.792832391975291, -1.51247457627029, 13.951398699059;
  -4.899429055974065, -2.75913012822807, 14.27011891226574;
  -4.924020549256101, -1.670540444933391, 14.36717291453034;
  -4.792293136338464, -2.065454848370542, 14.27239822535575;
  -5.263318880090206, -3.695679360251747, 16.06295246329851;
  -1.182777540122258, 0.4151634483867774, 4.433502848289241;
  -5.167812356955026, -3.712128779058673, 16.18040528564045;
  -4.782051826297122, -3.102909349520019, 15.4122839177721;
  -5.200929581777733, -3.041128343648744, 16.71808051993831;
  -4.923190590278455, -3.491419345498, 15.95754235022254;
  -4.57125435370215, -3.492532654082097, 14.91253106904992;
  -4.772133125742922, -3.498301752675793, 15.62459147402676;
  -4.725725106478076, -2.632024838853188, 15.70027312358275;
  -4.647342130238963, -3.184458753304816, 15.59503728621689;
  -4.943360890602525, -2.927385203478223, 16.57738165610435;
  -4.642940336118314, -3.361910322786212, 15.6280192593299;
  -4.709237037865568, -3.313457492793043, 15.8433729695457;
  -4.927633945385833, -3.019517583429201, 16.56820519964854;
  -4.629775773743098, -3.480581344065862, 15.64252377029055;
  -4.123270346413624, -1.110852458070943, 14.1646580960127;
  -4.70994458112257, -3.389126631858369, 16.12414381528228;
  -3.840058946720841, -0.9674687621879202, 13.46754393420568;
  -4.76822023607339, -2.834504326662679, 16.47632701152275;
  -4.996958186916933, -2.569939755887239, 17.31280881910302;
  -4.663591269818407, -3.08885674325105, 16.23588994000863;
  -4.547155122257284, -2.456586778288732, 16.09244705802699;
  -4.653764518100943, -1.702469083213038, 16.53544933884064;
  -4.442651948008042, -2.485898142283529, 15.82927184379718;
  -4.364276153743528, -2.537665042509078, 15.77675676865269;
  -3.429838074034132, -0.7011756850786336, 14.03455045730389;
  -3.320009295528077, -0.743242012595752, 13.83334945492587;
  -1.394561266830722, -0.04315141171125636, 7.281044083220502;
  -1.346404670937338, 0.01157716171894244, 7.102446397133649;
  -1.352926602894808, 0.1351251191640759, 7.579240682541315;
  -1.234548257810843, 0.2327309000663715, 7.213001440748622;
  -1.247181781656223, 0.3845497033160566, 7.38164316322049;
  -0.08027838167241348, 0.6352788887626755, 9.92825665602567;
  -0.002336515433939065, 0.803706719668436, 4.727514907639444;
  0.1873576801905203, 0.6726014358604011, 11.33463536543735;
  0.5031547855856928, 0.6048024396217264, 12.21440191711244;
  0.1558475727184635, 0.7656946240089829, 4.425143259738386;
  0.5315126370215871, 0.5896406135959015, 11.68840227982398;
  0.2389667683729746, 0.7617767748671506, 5.746690711814438;
  0.6120186013157182, 0.6085347457232414, 11.06877122044103;
  0.2847393475426643, 0.7673362177147536, 5.777749894318367;
  0.6342438837687832, 0.2828994574835321, 10.81679212510958;
  0.6860789628027255, 0.3794854298586817, 10.68798355773737;
  0.6911173981111645, 0.3398789436557699, 10.74224823530802;
  0.6887893983362959, 0.2760494990008371, 10.44747451614845;
  0.5840495321511313, 0.748488875720551, 7.513450458313255;
  0.7345346649644161, -0.9355896471318563, 9.257206924250871;
  0.9269803986221762, 0.2962851794816167, 10.96244716109728;
  1.448127992493968, -0.1200132576989722, 16.19037599298677;
  0.7953125519576948, -1.09955908946041, 9.489087649632042;
  0.8110742314201368, -1.02785817309541, 9.602996303753004;
  1.540939455278108, -0.08469020735299658, 16.88376364601142;
  1.380954075432378, -0.03062096144421656, 15.24364687809471;
  0.9143521462908956, 0.3543317947333473, 10.50597159943622;
  0.9945129292834812, 0.290791614388858, 10.93549930417955;
  0.8315543618776975, -0.7168379252421699, 9.299380513495784;
  0.8468764048063092, -0.9163357734061234, 9.320352962742327;
  1.010073471772744, 0.2764505599456329, 10.54832487840581;
  1.194265555547859, 0.1357498122139297, 11.63757684935957;
  0.9016020103413234, -1.14675955206362, 9.042775123050113;
  0.9412177463759882, -0.750149597378867, 9.026255426175652;
  0.9829011436986193, -1.132402797175244, 9.213363083901099;
  1.055092087639835, -1.458725871046856, 9.35689118487287;
  1.265094186879917, 0.2259457428952515, 10.80285559887223;
  0.9334366854746157, 0.4908857070177553, 8.251061265568067;
  1.057247473654513, -0.8620038906133057, 8.889523803437365;
  1.100040424317583, -1.047188796336989, 9.169802757724661;
  1.011951685370722, -1.115515079042009, 8.499354842783601;
  1.019831981142451, -0.6735767313800842, 8.454259332337665;
  1.138523256410965, -1.084854697910203, 9.21109563563444;
  1.072434710749219, -0.5833382406925938, 8.585864376221265;
  1.089690171542922, 0.3655159162283375, 8.632383704661573;
  1.101161897831425, -0.3033167400537862, 8.701815972398972;
  1.110506984248414, 0.3231864226305281, 8.698554213844236;
  1.119964049499208, -1.690561489765277, 8.839165194855347;
  1.135178790936356, 0.5099234422096052, 8.727589013435161;
  1.140869364278692, -0.8872832416212134, 8.790798987664907;
  1.088406292123861, 0.3496955564297493, 8.367594982026505;
  2.010328392081818, 0.02069624086053234, 14.43895814971786;
  1.159898493189419, -0.3725166325881808, 8.837378914905433;
  1.077147428000164, -1.08890338830858, 8.287956943311077;
  1.162750184212354, 0.4628887188849094, 8.718055615480921;
  1.156257239570938, -1.070484671343751, 8.686382586029241;
  1.179315959456068, -0.2829557768482829, 8.771496330205187;
  1.1983473608991, 0.2413419003888553, 8.720109612145846;
  1.183868282005246, 0.3539767282501679, 8.505091339906631;
  1.17492853303474, 0.6623917576657079, 8.47746240699111;
  1.243095805928232, -0.2968569656830702, 8.915331506137624;
  1.221380899575394, -0.7659434347333094, 8.754098916667424;
  1.362636419488496, -0.2761253588697469, 9.562717077074954;
  1.266459283138204, 0.5170231253043075, 8.938500483305242;
  1.336594740775192, -1.106163160203551, 9.386667747383465;
  1.270042986708521, -0.4010544177638544, 8.904674361238818;
  1.255066550305548, -1.894786244510585, 8.925689765899561;
  1.264310023911079, -0.3427743727825579, 8.849480406431702;
  1.170049303358218, -1.307478782445404, 8.299985889356867;
  1.269349567007993, -0.916647100889938, 8.886861745576516;
  1.258561779562744, 0.5704650702092747, 8.613797081051452;
  1.254802634211359, 0.7240882359792388, 8.56651378129674;
  1.29839946177346, -0.91917386730605, 8.846472728976826;
  1.20968915034652, -0.4939167878376898, 8.30332459598254;
  1.287978438240715, 0.5334521396901635, 8.58957409474789;
  1.327266326977161, -2.0205708242381, 8.952372233611538;
  1.29559377887077, -1.542169042444666, 8.70173028309895;
  1.301834127420051, 0.3675141333601588, 8.581610203000105;
  1.431620100660189, -0.2992922833640904, 9.367108560154639;
  1.329510899671473, -1.887061117705815, 8.844974425825066;
  1.22881756126115, -1.313402893410701, 8.177742174680281;
  1.283765541410318, -1.092520101134608, 8.412087773864718;
  1.346129714375417, -0.4423506734272082, 8.695345043754781;
  1.344566341590341, -0.7395968084139597, 8.666518949891646;
  1.345495280170693, -0.6885253339158953, 8.662891899011711;
  1.366551896736451, 0.5534322352043701, 8.714245405356298;
  1.346467359711455, 0.2500155083719389, 8.594629929770239;
  1.350605078628217, -0.5185036883971945, 8.651598587070073;
