m=[-18.63521287562043, -2.483528540898945, 23.72822217522275;
  -18.89200148846796, -2.377980071341804, 24.04907396542829;
  -18.61023915878136, 3.479399747723653, 23.67629666514265;
  -18.78301732380562, -2.242927266035884, 23.92717618487312;
  -18.84359512606624, -2.104423541518516, 24.01834517383249;
  -20.93722587207093, 0.9096983571536291, 26.56964148076533;
  -18.82782799726664, -1.500690770688068, 24.06605321567874;
  -18.73665693914561, -2.014889230764806, 24.00510578017154;
  -18.83777679478994, -1.599503128411953, 24.18251159267666;
  -21.64244149612245, 1.043151228119625, 27.62561575969268;
  -18.6316581731571, -1.678289432418159, 23.99028994975984;
  -18.72037835222525, -2.525846247864779, 24.14212460803469;
  -18.78892408938961, -2.471221216583796, 24.26732598006528;
  -21.53549349352549, 1.161232071526645, 27.6691739861024;
  -21.71875481447737, 1.060966313335362, 28.0786900225177;
  -18.94220609763701, -2.336960719417491, 24.67776595340235;
  -18.59291136995525, -2.115855783378551, 24.43596834017539;
  -17.88225109929524, 3.470748784549168, 23.55639558630696;
  -20.42962711314705, 2.972725072880356, 26.9280517654651;
  -21.68850179116379, -0.6154425180236067, 28.59506492759948;
  -21.09914429917395, 1.496270238021271, 27.84982083977197;
  -18.74319153994038, -2.136012761345492, 24.87388707611332;
  -20.63250432843593, -0.7726145872290864, 27.27737782638254;
  -18.77592858116105, -2.126234095326314, 24.94848826764266;
  -18.64688515101593, -1.96315540024578, 24.8044743737735;
  -18.98742713210987, -1.713963250459853, 25.24630178224099;
  -18.63207388135716, -1.695510012534736, 24.95244213105736;
  -22.39506216141927, -0.06546945066666263, 29.78300391990817;
  -20.72011911406579, -0.5638026031557981, 27.68449025829705;
  -19.45250369454079, -0.6866465755352124, 26.16319853319272;
  -21.86058388433539, 0.1836657535934024, 29.30247001882782;
  -24.75187809211328, -7.586548105740274, 33.09300897664849;
  -18.63840509493911, -1.236764847114692, 25.20419357866883;
  -22.38965877608822, 0.5159725084408351, 30.16837132260011;
  -20.86893671073614, -0.9890988941905242, 28.25087368669556;
  -19.72662684479606, 2.891433770822094, 26.76544575074589;
  -19.28534876086297, 3.304819239598748, 26.25186019472353;
  -19.67313441929511, -0.6320544625216258, 26.78043615871493;
  -22.1217256334619, 0.05414761882372669, 30.06347115835145;
  -18.69528519025947, -2.433282725140816, 25.61931573587479;
  -20.55550113284723, -0.9995659429529676, 28.10544183448477;
  -24.10002309372736, -7.51874647207632, 32.88673846499884;
  -19.1922630999065, 2.192332576464313, 26.3480328577272;
  -23.43066549455465, 0.7538277534046328, 32.09106057259573;
  -19.177835041731, 1.963933400335831, 26.4461451146507;
  -23.60429280431516, -5.72594033884094, 32.40311345258698;
  -22.88267806799695, -6.26982729307173, 31.48202220705494;
  -19.51770274023151, 3.149995938118358, 27.05095024039827;
  -18.76755636793866, -2.026740194911716, 26.08917324381226;
  -18.61807642904677, -2.870057044048681, 25.90201493442868;
  -21.8744425502033, 0.5860709038213338, 30.24271174744966;
  -18.81735852560154, -2.17703887540673, 26.1842015210957;
  -17.70465344891007, 3.382317745292309, 24.6873486197423;
  -18.66631949298095, -1.442651111412732, 26.01019344879984;
  -19.06785279272589, 2.864225090517457, 26.62999321891046;
  -20.54407494027849, 0.9668986195476949, 28.62915852975026;
  -18.77566017149394, -1.932634862680777, 26.27396857011798;
  -19.86550377091575, 0.1650271887089669, 27.76767244855774;
  -18.90789056384184, 1.178004949842915, 26.51819317292786;
  -23.41729588141884, -5.781272922881751, 32.66326904070198;
  -19.09370287242161, 2.005758182877079, 26.78055207467824;
  -18.5974647714236, -0.7544131907699493, 26.12677969355824;
  -23.82029108623452, -5.471209414741258, 33.23473677902472;
  -19.41089968920988, -2.761310606687722, 27.27188612158385;
  -18.98517328877655, -2.411096696857792, 26.75414051602999;
  -18.79017928447662, -2.19141259091206, 26.49360832776762;
  -18.68814119225056, -1.991207352408632, 26.42641423612093;
  -19.22043309210903, -2.613590308765081, 27.16757727346277;
  -18.95091623368621, -2.765849269595326, 26.83425340801036;
  -18.67640949550433, 1.28990984427106, 26.4397005728528;
  -18.67415529079266, 1.872723214541475, 26.48541145428376;
  -18.60299118973068, 2.548832735568893, 26.43466947971011;
  -18.64322426433948, 2.786945282890568, 26.53939347103206;
  -16.29885916170599, 3.338129398566309, 23.38621007009042;
  -19.29444181150347, -0.917652482610401, 27.64652437602689;
  -22.93435109535232, -5.756248712769303, 32.75420624800513;
  -19.40472907630232, -2.791691019508022, 27.94620714912752;
  -18.82982249745922, 3.226530347437606, 27.15168431800653;
  -20.27871740312907, -2.010480255683558, 29.2160594504323;
  -18.47695644255185, 2.989081810116213, 26.68493392065283;
  -19.68199996400865, -2.326160213645974, 28.44611690358723;
  -18.95885974653608, -0.01958409913289513, 27.46236087262335;
  -19.81037962572679, 1.084434614447007, 28.70915362422677;
  -16.84417867350569, 3.077617521568928, 24.57602084715159;
  -18.29980069122329, 3.289911911749088, 26.64416546055896;
  -19.25931900742623, -2.580657732034779, 28.0426222085621;
  -22.20525157286619, -6.105407141573886, 32.20008597303863;
  -20.37715030966913, -1.762056613605382, 29.61743358518234;
  -20.93785348400158, -2.323882231910609, 30.42308340667162;
  -22.28169761077813, -5.757003670675485, 32.46333280727556;
  -22.1339175138155, -5.32589904491326, 32.267883009918;
  -22.09771334719618, -7.383722207574784, 32.2457321610943;
  -20.99723702309031, -2.318640878790064, 30.77247715203581;
  -22.46213621457502, -7.331501911112913, 33.02409054765604;
  -19.59432238113447, -2.532316723942914, 28.91519088140308;
  -18.58084873809775, -2.594359124639218, 27.50022254034435;
  -16.60960700139125, 3.421212812598191, 24.68743023657841;
  -17.78798039620448, 0.09443838806678996, 26.39433555260614;
  -18.54548692321117, 0.995922711538656, 27.6535321437763;
  -18.40603296549924, 1.175863019333755, 27.55102605547183;
  -19.17653744585081, -0.2472714824820685, 28.75179915563981;
  -18.31033738564981, 0.7586251486033467, 27.56130997868065;
  -19.4825326414421, -2.503197404461974, 29.30973273468764;
  -18.66937986892038, -2.041548935099022, 28.17103017757877;
  -19.42876863461977, -2.675179543428442, 29.33286978996563;
  -19.41769684828929, -2.550439986658732, 29.48539077904597;
  -17.89705921958893, 1.120328838795365, 27.3651431711718;
  -17.81746001326948, 3.093083906827675, 27.23550363422528;
  -19.15938492679279, -2.334535537852746, 29.29399941134367;
  -19.52183391087537, -2.662449706608224, 30.03466187936387;
  -19.2725384952705, -2.938336808707299, 29.84427452279147;
  -19.67724565817986, 0.0800013002820095, 30.47748394845776;
  -17.89536765024639, 1.006105849303771, 27.83082839617814;
  -15.62338604475965, 3.339166999289685, 24.43173101914645;
  -18.10184911520907, -0.6382607329894322, 28.25896825002023;
  -18.77469850364257, -2.54282524535099, 29.2864898849913;
  -17.8570041199285, -0.8608719582756106, 27.90934600807519;
  -17.94171137178693, -0.2349436034576579, 28.09606290516369;
  -17.93454044958914, -2.502877843174958, 28.3936321738375;
  -16.86666880808116, 3.155531430175648, 26.74703555690887;
  -17.89034892927181, 2.817078236239429, 28.40648815784563;
  -18.38981325308926, -2.26093757310272, 29.27700121178504;
  -18.28291943353507, 1.192889569890004, 29.10559435976747;
  -15.26122031626345, 3.285375457044618, 24.47551759877206;
  -18.18499078796787, -2.593263983651911, 29.22253620769697;
  -18.01600073940447, -0.5409796092287632, 29.26673967000826;
  -17.5963297132823, -0.1050079819590219, 28.70886550750313;
  -17.14888133029555, -2.548810748938941, 28.02644110533738;
  -17.78953738948342, -2.350166233274326, 29.1154844764858;
  -18.18541877963016, -1.970555700559153, 29.964448978361;
  -18.38598605527038, 1.1572718211841, 30.28994395359711;
  -18.21777708364702, -2.142846660135724, 30.1725164923027;
