m=[-10.56816300971895, -0.3957404671555289, 13.97172978898179;
  -10.03782674093008, 1.471296205516395, 13.61950571699619;
  -9.874147697725917, 1.692075870170785, 13.4410193000395;
  -11.54178024191141, 0.3315823147071079, 15.6446397902113;
  -9.847999776072209, 1.12493720045978, 13.51979286299513;
  -9.90266463146966, -1.476742145958591, 13.65100230863063;
  -9.541607509615947, -1.507719870104291, 13.1961513668529;
  -9.743764146965345, 0.9978239885565715, 13.43660533281537;
  -9.526695980213537, -1.028804032302654, 13.24325964426128;
  -12.25817928520491, 0.5352457092190958, 16.72897330710839;
  -9.527645862659654, -1.102283054547641, 13.25764181779807;
  -8.971863818890094, 1.713995379268275, 12.5103566983079;
  -12.01387911120357, -2.914332388565492, 16.49221567760028;
  -9.909780101114556, 1.599356619045768, 13.73465781175019;
  -9.591010127616606, -0.2384711607850371, 13.36223029907421;
  -9.456254755338028, -0.9733605872513516, 13.23273525210012;
  -9.734862823424674, 1.462295658283845, 13.59562263212555;
  -9.476218441222349, -0.3844063843401138, 13.31273238502272;
  -9.692390929648042, 1.018167746124539, 13.59440763030257;
  -9.332836959340389, -0.9944067406755095, 13.19732192455718;
  -11.90528226367759, -2.734487675670196, 16.61058300593014;
  -9.929742183581352, -1.350244181032465, 14.03542973174535;
  -9.798009382124903, -1.430000362983349, 13.87385514303762;
  -9.516061305246165, 0.9543108451133531, 13.49655688136537;
  -9.485287027528191, 1.299597996658559, 13.47850057743965;
  -9.507978536604959, 1.421332252227497, 13.53499694683991;
  -9.408156662466674, 1.521990379418727, 13.58752128001442;
  -9.916680161030776, -1.172024534306721, 14.3324379469571;
  -9.355320984298004, 1.681886183560438, 13.62117131482336;
  -9.929563913695878, -1.330514639678178, 14.45798833386459;
  -9.941782561615787, -1.284848833089683, 14.67101208599596;
  -10.00459043583356, -1.165288335735507, 14.7653383856202;
  -9.315004463659413, 0.5950858229080038, 13.94314196688477;
  -9.398355917524102, -0.1211869143312488, 14.09115918329348;
  -10.00023962272881, -1.284872676890309, 15.04446860268775;
  -9.916065485900896, -1.365359588044631, 14.97092601166773;
  -9.911844307910551, -1.301882723885349, 15.05094064673035;
  -9.222315836127795, 0.5773030230790326, 14.10119898073393;
  -9.124868571317355, 1.58406327887587, 13.94813800344479;
  -9.689255752254836, -1.180617852577878, 14.8145179705633;
  -9.982997414731829, -1.361512891630353, 15.35900537126275;
  -8.90615816888951, 0.1526548903397576, 13.84097760710636;
  -9.844063317839199, -1.500849179839515, 15.24391445109478;
  -9.184285310734097, 0.516355034073695, 14.28337620216822;
  -9.171405207818102, -0.3233784445571803, 14.31756761015343;
  -9.503183355691286, -1.287101070803496, 14.8239335597146;
  -9.162777800847763, -0.4417302261725463, 14.32083088078463;
  -9.112376248627902, -0.1193249889908015, 14.26964747072899;
  -8.587326723352945, 1.60657564840216, 13.61771763125319;
  -9.221050677212046, -1.286855578801084, 14.59859659749866;
  -9.110425326303977, 1.434560108977151, 14.46563117174063;
  -9.224948822414, 0.6018921252172804, 14.6857081217735;
  -9.496084056235253, -1.167497078116183, 15.11798192811495;
  -9.109341800777708, -0.2735328577633517, 14.79799756365341;
  -8.794083951542927, -1.307050604121111, 14.37218388746427;
  -9.019055260687486, -0.05382217812086178, 14.71482114184124;
  -9.088273160889196, -1.200646887766841, 14.8744439127664;
  -9.249534219709521, -1.002271248467572, 15.24062764562448;
  -8.837777384318361, -1.344039633241041, 14.74883285557039;
  -9.267385587000364, -0.9899790367722903, 15.46946742209417;
  -9.019883696786286, 1.376483232260917, 15.04551418903112;
  -8.960521661355369, 0.5547357079108471, 15.04980687640037;
  -9.21429933718559, 0.3206526020284545, 15.46872673377987;
  -9.359720190942294, -0.7465398624505779, 15.71849030050718;
  -8.488392266322171, 1.583075056901495, 14.42973956986072;
  -8.952483282445668, -1.100139470415994, 15.23380784358268;
  -9.133357471744089, -0.8889794391532929, 15.52532412715734;
  -9.209666181860555, -0.7778251674526444, 15.71522290571137;
  -9.497795993268685, -1.365415041960507, 16.21236751719959;
  -9.418718696029831, -0.8587807711716881, 16.09586720287867;
  -9.121820567934359, -0.175652745134753, 15.68404229223204;
  -9.158090587272705, 1.478788453840357, 15.73162904879748;
  -9.429572910379578, -1.306676112556635, 16.25563545852208;
  -9.28031643368546, -0.5753903502036791, 16.02010366464527;
  -9.131591479653476, 0.1004109765906101, 15.8163748780934;
  -9.03390386097462, -0.4060795315462856, 15.69176810490281;
  -9.261422884004988, -0.1133526051261598, 16.07863463603692;
  -9.210349211943594, -0.05676054633295376, 16.11306165372171;
  -8.959409001001621, 1.454054134772167, 15.74993481370326;
  -9.204302546954478, 0.1424845730086124, 16.45192619288386;
  -9.365420489838998, 0.4951998985947351, 16.72443799652443;
  -9.12274152535422, 0.7894143829605127, 16.45873548350049;
  -9.265221907617319, 0.6664735360205149, 16.7089470359016;
  -9.305628772738711, 0.2908930348299523, 16.8669311666282;
  -9.381239186530863, -3.524634906940246, 17.098472937583;
  -8.853490114244696, 1.461146630042538, 16.19306027050127;
  -9.246041119570796, 0.9966528861598176, 16.88230856771568;
  -8.809598369488763, 1.248319775174074, 16.22499204486132;
  -9.199732544070947, 0.7492928191450263, 16.91036428267255;
  -9.335407934423534, -3.606836243257336, 17.23293202788094;
  -9.286735640904448, 0.5806521294594943, 17.08704172716117;
  -9.290805043141438, 1.042620891141468, 17.13731121699345;
  -9.116581421862197, 0.6886320723466772, 16.85403338037845;
  -8.950177761054054, 0.8421586565019779, 16.56658875340186;
  -9.596860296430501, -3.646896236496878, 17.89399756532157;
  -8.856585393320987, 1.305821263292677, 16.60206695242673;
  -9.436876168037861, 1.222729255832258, 17.88688756796931;
  -8.889423787810554, 0.5762224341255694, 16.94508694363129;
  -9.46495410264524, -3.498282619074481, 18.0814284384516;
  -6.679932117500059, 1.598360786227476, 12.99414073259089;
  -9.311722803680185, -2.662308052126865, 17.96519371557398;
  -9.178068747703508, -2.658770861193192, 17.92387974128533;
  -9.144357934350488, 0.7346372145614136, 17.98260923610254;
  -8.928895411647375, 1.425770768538122, 17.61662626894047;
  -6.635268375164638, 1.593641932210299, 13.39930285326065;
  -9.312309943480591, -3.647896624133958, 18.52996595836943;
  -9.232850679437654, -2.69904884815293, 18.54998376441666;
  -9.28004101372929, -1.269239933320471, 18.62432695356842;
  -9.342844214902859, -3.557329158311799, 18.83167393700745;
  -9.376254821466862, 1.494522562486845, 18.88749134904077;
  -9.245924172122688, -2.525402050646967, 18.80890232506106;
  -9.139835781455478, -1.271104955566644, 18.62356612601774;
  -9.122227435700465, -0.472206340078176, 18.59230914684595;
  -9.128794954047523, -3.18345353587867, 18.66086077993498;
  -9.227388727895706, -1.161722996268326, 19.05516110147699;
  -9.175196768182966, -3.012784930881003, 19.00971514975866;
  -6.764194163349325, 1.558794997233653, 14.337697476824;
  -9.170138364340048, -0.6190889620227856, 19.18255600016931;
  -8.98034602129002, 1.035018614589585, 18.82988708061516;
  -7.60870563332206, 1.478222726265755, 16.12849580324393;
  -8.880119751992325, 0.8149444877475459, 18.70207967368562;
  -9.054687618401799, -1.935687019247674, 19.11157395918552;
  -8.677788341276827, -1.049513780371814, 18.347701984436;
  -9.539673853089242, -3.000608195388447, 20.13843268798275;
  -9.153017415663289, -2.637460241650531, 19.51085981307211;
  -9.271210844164116, -3.512878395344037, 20.05792933153627;
  -9.258617869184725, -0.2924105135921197, 19.9720428103644;
  -9.303301345715163, -0.6155043901792227, 20.10895698560817;
  -9.205555904858469, -1.019538587543491, 19.9217295436118;
  -9.216559811553569, -0.4793963210411099, 19.94686252931912;
  -9.46180287105547, -0.8453632715769553, 20.47005583892605;
