m=[-7.772046503075238, -0.8453722046134681, 11.69991429804998;
  -7.721751036087891, -2.453997895603694, 13.61063712569272;
  -7.713221439213085, -0.8043078295006531, 14.09793263120855;
  -8.187914415993278, -3.268328590641101, 14.97007347880129;
  -3.761166844906849, 0.925601188944318, 7.915054281713154;
  -7.814820962154467, -0.24699030944171, 15.39663805645324;
  -7.763330889274385, -0.6214574294208457, 15.45272765554047;
  -7.846854102436451, -0.6876425233381612, 16.20357076347592;
  -3.229348007299424, 1.098844462967355, 7.610147816717491;
  -3.192630901610405, 1.082607451321767, 7.605007493319466;
  -3.134760005716304, 0.9391633997847888, 7.655692080409887;
  -3.105186620009315, 0.890436010865685, 7.640860083214981;
  -3.134206601963404, 0.9392891279633469, 7.737972220124202;
  -3.066873011984843, 1.119668513978984, 7.593876419954773;
  -7.794341296531883, -1.036134765719586, 17.81386697205029;
  -3.080151661659476, 0.9393470596445389, 7.679608765277605;
  -3.034697674193038, 1.138650802329839, 7.597355111240432;
  -3.074760574457105, 0.8982305528752774, 7.696933388819105;
  -3.045902967181679, 0.9315224617298167, 7.681944626755837;
  -11.24358017282088, -5.987026847085737, 26.31814219819503;
  -10.27727856908231, -1.696228888211734, 24.30583529248042;
  -10.61319785279664, -5.06746649749732, 25.27389245814722;
  -10.3704041649832, -2.116194973845317, 24.83458024945147;
  -10.95389321224822, -4.088384421931953, 26.31303490616399;
  -10.50638319263027, -3.976536362812223, 25.39053464766311;
  -9.603077088656463, -2.385717589270424, 23.99698980074698;
  -9.630979645371047, -1.953701378243061, 24.18458760674109;
  -9.482575226571044, -3.785659287524467, 23.93245218605846;
  -9.71549400736002, -0.5046432020333433, 24.69881997532253;
  -10.1616106337629, -5.397798287956758, 25.86658383294175;
  -9.696348282288167, -2.808238952659922, 24.97451778881127;
  -9.78861064226331, -4.164049818695895, 25.42950383346689;
  -9.827058972698007, -2.488252830121188, 25.66183380498674;
  -10.13722825159193, -6.392586029472851, 26.47936317852305;
  -9.516593654813731, -1.925395435040159, 25.08415916518538;
  -9.61234515866717, -2.606601705086649, 25.60701497256638;
  -9.578741310994724, -0.8428625686769963, 25.60267209571033;
  -9.464655981525995, -3.070081263281665, 25.31697342188609;
  -9.745193693426385, -3.560309252762929, 26.16133758852005;
  -9.428366923509516, -2.823099377968741, 25.50995898795157;
  -9.592688584608338, -3.474235840443628, 26.09227485079913;
  -9.530939189454042, -3.520028625423559, 25.98021160571107;
  -9.167481360941173, -4.123120113388072, 25.04963295654096;
  -9.54613061723308, -3.729821352907738, 26.05446176956341;
  -2.604987495626843, 1.000355470038365, 7.962491591159184;
  -9.081154462574421, -3.389119621486343, 25.34453876511628;
  -2.491063838161444, 0.8743301731405663, 7.718298848145425;
  -2.527838969320497, 0.9249356010884889, 7.861326352319262;
  -9.347835863455499, -5.866460636091909, 26.33542233309355;
  -8.83943120723854, -2.855550855406843, 24.99352909802762;
  -8.955819435815208, -5.135244427851518, 25.38038005728668;
  -9.004762273759248, -5.283413270223451, 25.5793443425567;
  -8.635283179368594, -3.369895096840584, 24.89496722285474;
  -8.808752474163784, -3.865399603197095, 25.50393021708194;
  -2.387696131641631, 0.9696963990535085, 7.816291581191668;
  -9.091916612036455, -5.94742966159927, 27.44002906986708;
  -2.39048649890354, 0.8471525195795016, 8.068855775280101;
  -8.32785965864427, -5.647993988046059, 26.01190248850269;
  -2.34948241069769, 0.8570126280223563, 8.074806273920533;
  -2.324325832702139, 0.8968846884739832, 8.045090325137656;
  -8.427925618597657, -6.538274356767206, 26.7889837980219;
  -3.75043983551724, -0.1211245782898415, 13.32452326145555;
  -2.648895774633274, 0.06373519620189112, 10.47185191114062;
  -2.687107793303026, 0.4219107152863292, 10.88736979680589;
  -2.444766246336728, 0.2127106311147124, 10.23779502902707;
  -2.386148663013728, 0.4544941577151235, 11.82343556167811;
  -2.767449219468725, -0.09747974802800652, 13.67120652665258;
  -2.675219559131927, 0.01950373281378196, 13.33506534302769;
  -2.45487374685057, 0.7511504546251774, 13.77658191496557;
  -2.725163588907853, 0.4983061348102119, 15.3758774347714;
  -0.395223256633681, 1.56990218525435, 8.050451693707098;
  -0.3297049859215711, 1.338336670238821, 8.378453524210652;
  -0.2326564931698369, 1.541337815556364, 9.144070357987314;
  -0.1497123744859066, 1.580666633469189, 8.247455388971293;
  -0.1489790645534585, 1.545271669698781, 8.87785106817708;
  -0.07832951722560598, 1.576233719203346, 8.236195134586295;
  -0.01917278539120231, 1.462948626108554, 16.00709037321945;
  -0.01413249469631289, 1.548249805609545, 8.555140094935403;
  0.0225472155279496, 1.517686665066044, 11.2671379596297;
  0.03715322187819713, 1.527230484543728, 13.69751693432862;
  0.03489631688592153, 1.533916680050428, 8.120115431216973;
  0.07211664267759796, 1.506406419171965, 11.20128251806371;
  0.08269400254164708, 1.505346047612961, 12.84553169892975;
  0.09131404437036786, 1.548343406865266, 8.539361449231278;
  0.4410465718490503, 1.463190284804324, 11.72016734163875;
  0.372423671155255, 1.589526471184093, 9.004832729305507;
  0.4455612699113579, 1.567845628037035, 10.35307286308232;
  0.3377506364208883, 1.542753198636611, 7.871898917048619;
  0.5836611514973368, 1.516845745934765, 12.10955618328461;
  0.5190252334680894, 1.535440631965934, 10.57597053328575;
  0.3926676780916421, 1.56165054120031, 8.197315099630135;
  0.575432223209164, 1.517192264270122, 11.21659227811532;
  0.6442966996780418, 1.515623144848743, 12.11967226481861;
  0.6117603830237456, 1.559826733777724, 10.7050677477089;
  0.9996874589182608, 1.459397271324824, 13.55723971275645;
  1.171072614188104, 1.467029568864949, 13.75709196055174;
  2.201310807472074, 1.43431585452994, 22.89856022813698;
  1.838740111669283, -1.933293610783335, 18.50749826010204;
  1.909779654414946, -2.421294969376327, 18.79913454631703;
  1.849215876039231, -1.722864828246359, 17.63667125613484;
  2.456356056620825, 1.282097642473291, 22.67776185806463;
  1.862699589918113, -2.30992108629564, 17.1300227532669;
  2.552224598770378, 1.372627201357902, 22.1345847214333;
  2.026768715313267, -1.574394057231754, 17.81254277733196;
  1.600642774656693, -2.209524474083745, 14.29417914088873;
  1.775604767578336, -1.987002447647548, 15.39498261819295;
  2.528997684260154, 0.5303529764684738, 21.28457586715065;
  2.532211721496856, 0.3096030456125254, 21.29665107638005;
  2.156385482027285, -2.496913480828563, 17.91405086707836;
  2.176310168835528, -2.412589676410147, 17.946180240984;
  2.21234582277488, -3.099625794783187, 18.08475685554931;
  2.185184065606318, -3.036749624031167, 17.01925884228406;
  2.282922062503981, -2.347554813355575, 17.76991318727742;
  2.281667562143482, -1.833758254910514, 17.6499861208327;
  2.243483958088979, -2.104808582607635, 17.30267944769745;
  2.055400207666261, -1.327712445296536, 15.65827741586194;
  2.221340107664783, 0.7253016919262418, 16.28093757273333;
  2.086805643297402, -2.299444194097109, 15.44385687661969;
  2.369118934072254, -0.632374305148112, 17.22295623485715;
  2.390042927520545, 0.6800675674326966, 17.27907977182885;
  2.412434388180202, 0.8529049210066293, 17.29718766626752;
  2.408666488968988, -0.5665998107744179, 17.1849707761474;
  2.431688361317768, 1.065494471515873, 17.26886202266776;
  2.26657410982178, -1.508998510385867, 16.19776403031057;
  2.358525035411293, -1.798960960214325, 16.74708447730783;
  2.302421647589843, 0.7189973083773646, 16.29670916234912;
  2.280652163701059, -1.413272976030253, 16.08468263336148;
  2.148953344724852, -2.126971596796886, 15.18836920886636;
  2.502080188392145, 0.8874469499495462, 17.31301265409049;
  2.463606876339813, -3.589305201005452, 17.13400265074295;
  2.46866099430021, -2.236272300226647, 17.03360524368627;
  2.174052241727138, 1.518955488388737, 14.9799629952201;
