m=[-3.88762088107345, -0.4053875462308273, 7.105645508687048;
  -3.982350652153673, -0.1258636665694849, 7.845964981414847;
  -5.421299186458733, -0.2229129464702254, 13.15787260368108;
  -5.238892424477685, -1.254935597455291, 12.92141530653043;
  -5.090465005148879, -2.032229185017345, 12.8474921031112;
  -5.047807763606294, -0.2621937568120879, 12.83258423389477;
  -5.157985413312984, -2.194193743125108, 13.39975759935641;
  -5.142374897993651, -1.302071039669752, 13.42851104912201;
  -5.056046952257463, -1.022938466675109, 13.32689942403126;
  -4.96295310735043, -1.478015161064557, 13.12883788340358;
  -4.914045790354699, -0.4324018284845633, 13.13457571814222;
  -5.068194592598581, -1.374353963441132, 13.50152670074813;
  -4.999038539960861, -1.621554400488869, 13.37190977656304;
  -4.906307558120868, -1.732992301626359, 13.16469401462653;
  -5.115572966339506, -1.868923526633239, 13.73294729086707;
  -4.965009918982482, -1.48665368325214, 13.43363070567371;
  -4.946400590923307, -1.79146462043508, 13.45429309021979;
  -4.845433609391922, -1.808333311351269, 13.5230911943124;
  -4.732075813182177, -1.250288078619593, 13.28768245344556;
  -1.170117349695099, 0.4268196860682024, 4.021511662960475;
  -4.851343943481191, -2.85530013125827, 13.56467900793324;
  -4.639977977692138, -1.498930504987428, 13.11955734263641;
  -4.747098341678256, -2.721974296408698, 13.45305819803438;
  -4.761822890525354, -2.793930309917262, 13.52665442040222;
  -4.606633239289977, -1.797725731000433, 13.28062799073401;
  -4.711217526737893, -2.06734590531863, 13.6403609241867;
  -4.501559861236487, -1.103557302914325, 13.49750894358903;
  -5.079536014700661, -3.712396205187336, 15.53948481061839;
  -5.032544057636918, -2.772000616023068, 15.58867788830586;
  -5.120794368632395, -3.228139209943963, 15.91323127166111;
  -4.699861621104962, -3.100612211049868, 14.77894923012953;
  -5.322767068141566, -3.178859147402111, 16.70282200569062;
  -4.827542437148812, -3.652563199620842, 15.26249703040183;
  -5.06290806490802, -3.653270353152525, 16.02164956219349;
  -5.012015565535745, -2.898030633400549, 15.88453202769713;
  -5.000470109876551, -3.261924775730796, 15.89390729474732;
  -4.99567193580118, -3.171782755205983, 16.00830107827536;
  -4.725154638695726, -3.230959049836604, 15.19283514819973;
  -4.651888657003893, -3.260667758003804, 14.98289018889713;
  -4.947225110138191, -3.0103194307614, 15.91195809297845;
  -4.600473183715065, -3.209123668366565, 15.0684585442318;
  -4.792288284675592, -2.894065596104174, 15.71793724864659;
  -4.784081545903629, -2.809916866525491, 15.69363173332927;
  -4.550981981126708, -3.354113543648333, 14.95910098080677;
  -4.596077312838517, -3.29230971759305, 15.1018630701773;
  -4.818849792173237, -3.004180518047143, 15.83984466211331;
  -4.66963112220824, -3.57373472291662, 15.40865247471502;
  -4.535819508140019, -3.327118504720929, 15.17459226570277;
  -3.688680154498014, -0.9519955890556638, 12.57481613955417;
  -4.645242767997149, -2.822602566586673, 15.70606604090446;
  -3.800932455563054, -0.9056824809237033, 13.07433223122317;
  -4.323025063174465, -2.467898173807875, 15.04707573577588;
  -4.320568771081805, -2.553545436383941, 15.24683422338145;
  -2.959320712908264, -0.6414248086352971, 12.69464540407238;
  -3.005389202392969, -0.656568653466032, 13.69281909082542;
  -1.38124032098764, -0.04865236822009177, 6.823330870290365;
  -1.24649673303093, 0.3814072267081748, 6.99525357316996;
  -1.304676844796084, 0.4119285948669094, 11.66677985703131;
  -1.435277776376801, 0.5295772742811229, 13.11197412103271;
  -0.7834234005924802, 0.6624344389938626, 13.2996357202607;
  -0.2323662654041345, 0.6117576366258714, 11.52392902933288;
  0.06622137798111286, 0.1473812272179017, 13.65342016734034;
  0.08425198279024872, 0.3059200709079599, 15.48360346142117;
  0.1833397846333668, 0.5225302110115379, 7.234777159963295;
  0.3190314398419051, 0.0700425459445836, 14.07001701218583;
  0.3368460291326273, -0.05680895364415465, 14.26459685035807;
  0.3937438531119054, 0.002274571685467053, 14.59907743819055;
  0.4032897687211229, 0.1502227893807624, 13.71636729558525;
  0.4530896333066009, -0.03895559315008629, 13.04879641650452;
  0.4931408116859172, 0.3212626024728866, 14.08863679343334;
  0.4942423430261742, 0.5450196231153028, 13.08896708210843;
  0.5480333496416697, 0.1290739038995357, 14.21071641349662;
  0.2258638031975159, 0.7493125298356688, 6.002000103517064;
  0.7354353399008017, -0.01881912200204684, 16.30474249750069;
  0.5629300936858367, 0.6302427818005836, 12.45782610041951;
  0.5918208184024599, 0.6451847696825169, 11.45692003403877;
  0.2891718362991342, 0.7515132172309527, 5.999615683354117;
  0.6274411710700527, 0.3954171120504095, 11.55098817964777;
  1.230987684628903, -1.077346165061368, 20.31033626743144;
  0.2174739867033833, 0.8035049544170319, 4.530005924339203;
  0.3271602616544641, 0.7696014350004523, 6.154113704611207;
  0.6308315130342352, 0.6180472114434978, 10.72322343513158;
  0.6807727674827724, 0.2832616155674508, 10.62301196806756;
  1.563813740952226, -0.2373220823620846, 22.59830920268882;
  0.3115625230350014, 0.7944018052806301, 5.451967811729553;
  0.6643973738356237, 0.1000303987443277, 9.751252733776886;
  0.7390249408298213, 0.2254282865930859, 10.68154850979879;
  0.7557258312163586, 0.3498679312226906, 10.75084167763524;
  0.7714243092206053, 0.2890793980921059, 10.73394849411118;
  0.350550570248733, 0.7833276580986666, 5.416752935667964;
  1.629810497187752, -0.49517224177394, 20.33697337423928;
  2.143315633317676, -0.370813831261489, 26.37271381549747;
  2.151246177254876, -0.9802320028787408, 26.18494196831713;
  0.8181577824581339, 0.3503350005796294, 10.56790380830373;
  1.525558098847128, -0.1003289532105837, 17.78164385337901;
  1.530833994567498, -0.04591532875210834, 17.11230125897666;
  2.762097835994433, -1.322939745261833, 29.80390640544896;
  2.108635092924126, -1.345094586414014, 22.61655911911438;
  0.7362160342158455, -0.9216377095590312, 8.819667235433883;
  2.288020014487605, -1.187475584477258, 23.23794583274081;
  0.7741767952336199, -0.9563280931663225, 8.896501118412605;
  0.9766672730149666, 0.2947171424395279, 10.71558149646195;
  1.582507599498446, -0.04575898081902349, 16.49664798893463;
  1.098912686965088, 0.401414298467387, 11.60663055048067;
  1.076312924525551, 0.2567134133345871, 11.19301900840748;
  0.821312935782305, -1.097459418224047, 8.947014382936469;
  1.023481711067125, 0.6668735918717514, 10.6465009501229;
  0.829283191579962, -1.043019373014432, 8.763477160995098;
  0.8783572363113704, -0.817851115235812, 9.134566091949248;
  1.094155204459389, 0.2842162847143515, 10.60789486771603;
  0.91957234185549, -1.165870565311056, 9.051915565049342;
  1.149803563405231, 0.6001411863625413, 10.61530608487147;
  1.278334123522773, 0.1317294865548021, 11.64480524033974;
  0.890609861843623, -0.8297573185161079, 8.494083116164214;
  1.228390546679015, 0.6606480789640796, 10.65341766534736;
  0.9976760530854624, -1.256305368808906, 8.856129806798149;
  1.254914790924001, 0.2631666287094918, 10.56162654496276;
  1.008616710752384, -0.8784641577908389, 8.699151742797763;
  2.278534083271199, -0.2349038145691982, 17.94908035846311;
  0.9499483636856937, -0.3640714894222768, 8.113112669662819;
  1.028188756704801, -1.089625488483744, 8.682476691113029;
  1.100914233325625, -0.6126455281966309, 8.584079806306805;
  1.068333888701531, -0.5214971734019793, 8.275356593004151;
  1.079707346300318, 0.721704035718747, 8.281721717478693;
  1.026079421264842, -0.6628093217051979, 7.816792159963003;
  2.194495310769413, 0.01436770821322005, 14.97447799903097;
  1.169928947633539, -0.3122819182660154, 8.505117566364607;
  1.162813049772751, 0.3308691375507321, 8.406685593547456;
  1.196077815705683, 0.5240861947649251, 8.494058324398965;
  1.188187252001183, -0.2795018219548592, 8.477289527522508;
  2.218713522142434, -0.1250002766698565, 14.74376659409191;
