m=[-3.875132898449976, -0.3951775044108071, 6.634104113112998;
  -1.273986310787818, 0.4850888478712227, 3.493778753002359;
  -1.229785978171243, 0.5211899781190066, 3.527486477251501;
  -5.064725822034519, -2.002556789314085, 12.37261939148305;
  -4.91984934638199, -0.2334502932365, 12.10997864442315;
  -4.793362376494207, -1.37948908906487, 11.97744225604285;
  -5.232850565660891, -1.281445170768719, 13.0397427057771;
  -4.916245034596039, -1.229499782527519, 12.46411803149641;
  -4.779205170058692, -1.284671880249312, 12.36485935258317;
  -4.824137279036653, -1.549705531375553, 12.52600087156646;
  -4.83611377018324, -1.754575687447775, 12.6219210446906;
  -4.683991383877886, -1.389467218058133, 12.30742463154623;
  -4.656023433990691, -1.677192398944847, 12.31481864686454;
  -4.744279543651476, -2.125592999245061, 12.58800079290074;
  -4.613709841555789, -1.710045352958254, 12.50730186969573;
  -4.430256512796253, -1.416172964458388, 12.15836797209674;
  -4.516198003278032, -1.650417401736182, 12.42170659656357;
  -4.488096359694905, -2.570492267920475, 12.36608714274277;
  -4.686787504432054, -2.580266380940779, 14.19798161458198;
  -4.547783067549249, -2.708820315312199, 13.99190303595969;
  -4.615440877089774, -2.47986478736345, 14.23707611842787;
  -4.578311115539798, -2.64022388589562, 14.19823182773752;
  -4.58381331937638, -2.913668413598282, 14.38728851108116;
  -4.549323730601112, -2.767432067611241, 14.32542774551641;
  -4.519820099814987, -2.555928232830647, 14.31097777496432;
  -4.408673551583288, -2.748249727235276, 14.18484639135316;
  -4.078987934465345, -2.37791698009828, 13.38898754215647;
  -3.661491722447047, -0.8543553389686746, 12.23269028006244;
  -4.254110726968094, -2.575661870308851, 14.06984186980177;
  -4.038501341450171, -2.37624363399634, 13.92384970887983;
  -2.849253341074968, -0.4615167235215404, 11.80040941913991;
  -1.152580684639321, 0.3316285320066084, 5.405588478478506;
  -1.36485524197106, 0.2742769044684774, 12.13270966162297;
  -1.441332813851071, 0.5828785473567869, 12.96847180314017;
  -0.7418126335997139, 0.70062715345265, 12.76009321094662;
  -0.2831493129518473, 0.8883810962158784, 14.93764060199922;
  0.4669915337880314, 0.8623942032374398, 24.61568242868102;
  0.6835467501661052, 0.8617532886542069, 28.70121658857151;
  0.8386890914306808, 0.2821217684218311, 32.56494469234476;
  1.056555821307567, 0.1285240083428964, 35.11993708916011;
  0.1537108390813597, 0.7503961797620292, 5.325936886426258;
  0.7656288403957502, 0.5307615349943259, 19.71484973828929;
  0.8773108278794028, 0.2727163385345951, 20.87016699390805;
  0.6412166857204468, 0.7441623676266984, 15.63056928110315;
  0.8509627995980037, 0.6267106466355362, 18.12188286619981;
  2.494305444995358, 0.1214770368936756, 50.89282675226399;
  0.7569669488986617, 0.8633417038276048, 15.27907859938697;
  0.2302719888937538, 0.7466525787263592, 5.27601533666165;
  0.7053397299059139, 0.7434401168759564, 12.89527816806383;
  0.6575214457750614, 0.7266721328508534, 11.61857122525567;
  0.7164055257947409, 0.4760599493652166, 12.0688343276565;
  0.285144852487054, 0.7289706456506006, 5.152124876497799;
  0.75411661865597, 0.728215872244065, 11.48896699250046;
  3.002793684984352, -0.2976226862627397, 41.45979152590034;
  0.3185563850991978, 0.7447851996006663, 5.267894278229294;
  0.7349921749869502, 0.3362646856679193, 10.54029562848073;
  0.8023659400148302, 0.4025746278435418, 10.55923980536748;
  0.8549741028095755, 0.2836804371586577, 11.19501679831963;
  12.94045582419051, -3.211826016384356, 155.1133768561677;
  0.3066500821087416, 0.7726175535942228, 4.654354374203636;
  0.8419563920292337, 0.3486555798328487, 10.76955928515568;
  0.9426369749308692, 0.1903191514850463, 11.26085208738305;
  0.7612278777164161, -0.8843951164182697, 8.292988653964269;
  1.633495389353559, -0.07317994969552302, 16.41101503138562;
  1.027539469526929, 0.3452818443257991, 10.46889944083904;
  0.7971813718383228, -0.9107800650066016, 8.314515956294946;
  1.055531173387236, 0.4192951601633868, 10.39820249224953;
  1.115058641900247, 0.7535655977297538, 10.79268872716673;
  0.8526864907272227, -0.9806718513589033, 8.450535025932235;
  3.8922476884303, -1.597911334854568, 33.77229356620584;
  0.8619445770634503, -1.013192577006727, 8.33279148415366;
  1.190257074003515, 0.3464511790202684, 10.71871427741506;
  0.9054333986586741, -1.018146482862284, 8.325297203096257;
  0.8814239458467149, -0.8527438331475911, 8.082619763485548;
  0.918528159992608, -1.089000886827747, 8.270611459462893;
  0.9327868397588873, -1.033518599465395, 8.329789767753553;
  1.369068563801953, 0.185502682222692, 11.66538818439096;
  1.001869421206636, -0.7199141687494997, 8.068097907251858;
  1.096721548699566, -0.8219052010611804, 7.789081067394255;
  2.782253122926393, 0.1112919834377689, 18.09022162914547;
  1.042910603796813, -0.6240824608198461, 7.249620823324895;
  1.077850633940479, -0.571927117171587, 7.337065040098811;
  1.155353986516431, 0.3563416464529916, 7.698301075752821;
  1.173885641282844, -0.3550794525679927, 7.743031129631892;
  1.170251020496678, -1.64580740516873, 7.774852556270604;
  1.194731909040385, 0.4013517515733658, 7.768923952508051;
  1.176795336340381, -0.8410030552469132, 7.666841636547944;
  1.174716382029367, -1.645239267435419, 7.66809655030356;
  1.223007022655843, 0.4998763789427483, 7.814706764882383;
  1.21548013210337, 0.4562280237377326, 7.758113876946704;
  1.125580942709338, -0.6489438866182187, 7.271173533685931;
  1.22857999280511, 0.2290916031378127, 7.763621468703831;
  1.236081117656258, -1.708661774392186, 7.860263833617319;
  1.211537239434052, -0.2443471349328725, 7.65779875705667;
  1.234431393414134, 0.5791484202734832, 7.754275092483023;
  1.22314437363251, -0.3391810894119979, 7.687424789028036;
  1.251943774462494, 0.2726681048999596, 7.761887962102245;
  1.913714626807282, -0.08141188094302229, 11.29617674340678;
  1.260193480166709, 0.4136950849266277, 7.743579573435691;
  1.282158733390934, 0.5360112962037599, 7.758237536531626;
  1.254874822262011, 0.5860943137626066, 7.589959006151596;
  1.302722241003118, -0.3019721698785532, 7.773804938749576;
  1.274693804409895, -0.3617213317651697, 7.631935044389126;
  1.312320891551836, -0.8726417197881634, 7.808469448893158;
  1.290171100286281, 0.6503631243689457, 7.613888375992217;
  1.311094839725172, 0.6122424130436464, 7.678243174309532;
  1.256250197506466, -0.5992788021148985, 7.343932670915057;
  1.358567159530424, -0.8894765329066419, 7.876238695383083;
  1.33467897967618, 0.571885465145371, 7.615873499816088;
  1.386174255352888, -0.827091956705305, 7.871443573613719;
  1.446415637493755, -0.9602211055793707, 8.175127792209018;
  1.384922942216933, 0.6499887282142542, 7.698376328916305;
  1.390384942141435, -0.4041012438814568, 7.655091576056408;
  1.381455184412542, 0.5738940961002724, 7.552649412513324;
  1.317219860376151, -0.5148126341628279, 7.268815416112989;
  1.327937768773678, -0.5628066565972257, 7.307185146226011;
  2.303934998964878, -0.1240700603558484, 11.89843410792401;
  1.355422629886654, -0.6892486202237241, 7.441024965602036;
  1.312588115427785, -0.615895319641231, 7.193876843784119;
  1.338207819343303, -0.4589483326306506, 7.298452724426892;
  1.399868146966857, 0.5192821953412165, 7.548778177936527;
  1.401241326570679, 0.2332750657119768, 7.501033707085714;
  1.33756842790283, -0.5810680593197386, 7.213299701707819;
  1.369547716746925, -0.5520379577130748, 7.346114806200271;
  1.432470148215973, 0.3611100461760863, 7.609842472224682;
  1.532385741620155, -0.8903491573598641, 8.060519987955757;
  1.510282401759708, 0.7057451337859552, 7.906685064777017;
  1.457930322707861, 0.2226460888606983, 7.642954387926219;
  1.460880938636914, 0.5450572353900702, 7.641796436753171;
  1.532120671411572, -0.8430364421571078, 7.968957053167221;
  1.434249926567681, 0.3332695135183762, 7.470178896965956;
  1.552706941353263, -0.8184892053203526, 7.98660380989641;
