m=[-7.79069067465556, -0.7771971828413055, 12.42217452846936;
  -7.858282078758085, -0.4740610126074465, 12.67939654398197;
  -7.955476956420336, -0.5955052454379878, 13.06429540427927;
  -7.932581306897572, -0.5858856048622175, 13.98819904673632;
  -7.898434756149625, -0.8466015619815746, 14.27660775259568;
  -7.970009329097528, -0.838202827894622, 15.12484294833825;
  -2.610367629864199, 1.069999315486283, 5.731571918942001;
  -2.533209870005167, 1.040929831165134, 5.911638253326727;
  -2.508329498296987, 1.024660135037094, 5.920579443338013;
  -6.568525937685146, -3.269490756671464, 13.74714556391983;
  -2.473857948216767, 0.9761853148268179, 5.863503240253468;
  -12.19182768760604, -5.548681580430419, 25.74859301680772;
  -12.49968114978049, -5.377044593690789, 26.46113328555911;
  -11.98027628821896, -5.702477866648147, 25.48621050679507;
  -11.18971151662816, -1.605269831860666, 23.95911850833629;
  -10.94580407128159, -1.27579654102009, 23.53286963833722;
  -11.92631285993531, -6.172123935070196, 25.58026383816857;
  -11.35681831201906, -1.810788285059699, 24.54173453222484;
  -2.405947572883284, 1.055335589510061, 5.967620792503161;
  -11.16610682540975, -2.026035985886623, 24.62349595691824;
  -10.98771428131946, -1.744037205434812, 24.31897026587753;
  -11.23181267883045, -5.812427791416157, 25.09207817390804;
  -10.49943737796102, -1.532932413482045, 23.57863704822501;
  -10.83309278149561, -2.1381276908087, 24.31063855295647;
  -11.05614945436917, -5.266419772940051, 24.79535614242308;
  -11.04737418715811, -2.423640689709076, 24.85569104574104;
  -12.53512043544197, -0.5094720809723261, 28.21092356459433;
  -11.24179790264651, -2.38994247579714, 25.42202731454061;
  -2.341253443195766, 0.8985116106623271, 6.065027847623584;
  -11.68643829955171, -4.607076723559362, 26.38157441705091;
  -10.69957344016878, -0.3442770607679995, 24.33980531334743;
  -2.298427023583312, 0.9100486910085973, 6.076512111647124;
  -11.05281397851425, -1.241740544375792, 25.58450041004584;
  -10.33265887895678, -1.649313049763224, 24.04838768099704;
  -10.53099127537752, -2.546485452482745, 24.66491177419852;
  -10.14199474464409, -1.984534217178615, 23.84460168806967;
  -2.271507321268079, 0.8685607159387437, 6.097055697935509;
  -11.91917442501036, -2.583067002158879, 28.00308108411765;
  -10.78321442571468, -4.244870198478146, 25.54356225104539;
  -10.83757910685808, -6.174637983534492, 25.66000553181882;
  -10.86962269109154, -2.422475814756004, 25.79794555689878;
  -10.42863258667154, -0.4379498519568388, 24.81547690611833;
  -10.72234978161916, -6.252747045474916, 25.68606053658056;
  -10.39633456680305, -5.515739323354215, 24.98230703013535;
  -11.43512752277596, -2.635882661616467, 27.52673056423632;
  -10.08777445889824, -2.864154769889464, 24.40076725655065;
  -11.25554882649357, -2.402025847580599, 27.45178024499434;
  -10.43854377271733, -2.574313747453707, 25.65858892397952;
  -10.17409056165757, -1.974249856764269, 25.2186788072824;
  -10.03646007746289, -2.924358225639003, 24.96078187447823;
  -9.961449170986839, -0.7679147053977926, 24.99203118818826;
  -9.965671974698601, -2.646438209134991, 25.01314099615868;
  -10.25460044066566, -3.254229040375297, 25.82997971157367;
  -10.22730742053899, -3.678670483254669, 25.91813320240775;
  -9.771342933072408, -2.867195147474815, 24.9084704681906;
  -9.854742236336188, -3.661183749313597, 25.22999927774015;
  -9.930024794274377, -3.539509696248948, 25.46242760970836;
  -10.07809513135648, -3.534475899414929, 25.81887525064368;
  -9.724620434395146, -4.340684982658041, 25.09906185905612;
  -9.752077310895389, -2.571085484928056, 25.42405504509753;
  -9.636591351682178, -3.540099024515707, 25.37382330594023;
  -9.34107052961591, -2.949254004544952, 24.85321812741915;
  -9.564417181607109, -3.465201652321119, 25.53397199472211;
  -9.355034792064718, -3.195153451848328, 25.03711374164705;
  -9.530982888048531, -3.59326379780381, 25.50689228850339;
  -9.372739755031265, -5.358230005526681, 25.09903595084691;
  -9.483185059025702, -4.124548551876386, 25.95447112028768;
  -9.148584365497229, -2.154341932706169, 25.87149626474022;
  -10.16891683965968, -5.642429834410328, 29.50177653638514;
  -10.09563381485604, -5.774079407290135, 29.58122969720269;
  -8.789440245966011, -5.963806568137438, 26.03905027993011;
  -10.15749458681156, -5.58060088736651, 30.07898752257427;
  -10.01107550509866, -6.31158098824676, 29.79838881671444;
  -9.466686906319703, -6.255923390794376, 28.39541965906418;
  -9.286809632332041, -5.526305560450511, 27.97710610640293;
  -9.78541721597432, -5.293276691865348, 29.5945612817654;
  -9.805027025922698, -5.637306459418243, 29.73640834852513;
  -9.719423607378667, -6.371481925261791, 29.63780347497022;
  -8.887725288586514, -6.22883760035928, 27.32727146585473;
  -9.127410366841827, -6.241500474789561, 28.04300164103017;
  -3.853266271660968, -0.09021117713894407, 12.46413667713157;
  -8.732426910993031, -4.78765784356023, 27.09270448973451;
  -8.921996381210704, -6.226398975645465, 27.92086807223262;
  -8.868601296806364, -6.549884286033, 27.85213556794288;
  -9.062790576153017, -6.500034893565619, 28.46293074006164;
  -8.735381876425505, -5.067647226442118, 27.98009423289426;
  -7.785805491506877, -1.778030816681879, 25.25307192140681;
  -7.712486516718993, -1.918341714216396, 25.65301997621881;
  -3.377843372222448, -0.03252734324249559, 12.12903155804809;
  -2.254434219304149, 0.6815172031550081, 9.689350204742542;
  -2.146857106391037, 0.9129782235151718, 9.308029688980241;
  -2.519165414859022, 0.3041588364226325, 11.43115134420919;
  -2.423964384879767, 0.4466329711184059, 11.3153815007358;
  -2.814043542202379, 0.009236805074147493, 13.79472637610712;
  -2.395922049203143, 0.839828364842768, 11.89040197201088;
  -2.428082951334191, 1.130823817120224, 12.08609333704313;
  -2.816595585724295, 0.6434918136974552, 14.3705503112626;
  -2.716198705056249, 0.8825231767889825, 15.00652340229187;
  0.1029842230676837, 1.592614130061525, 11.32618446578134;
  0.1097382422881219, 1.6069561132589, 9.490393036866834;
  0.1280512926842352, 1.609053896277115, 9.226895037961961;
  0.1350916736083706, 1.590135182427935, 9.873739947681131;
  0.3325666551808243, 1.604993829208554, 9.975074553475183;
  0.3185703109667454, 1.61843346565675, 8.503528381998963;
  0.7264570888024703, 1.602178835427253, 17.81813824997223;
  0.3930847875682347, 1.600769776595179, 9.914678576631602;
  0.5085384290821952, 1.610327856607962, 9.960440283447566;
  0.5000183096705513, 1.605036909434675, 8.626988282880779;
  0.63227976447556, 1.583901053656716, 9.777804473992548;
  0.6787741673776944, 1.570301571980794, 9.747086180169463;
  0.6618048039115088, 1.640544488507756, 8.585001151860421;
  0.7255046453982122, 1.601219550394091, 8.413684053488836;
  1.578091655580283, -1.68164701455659, 15.52957003408919;
  1.962353488383469, 0.7338366059842298, 18.53056729791041;
  1.622707800185544, -1.714065283579913, 15.37499472942587;
  1.620103529500872, -1.501902592504282, 14.9649179239808;
  1.898862703764953, 0.7987035495598562, 17.3885129806015;
  2.073805079256219, 0.6561362508660606, 18.76247771349816;
  2.199027819314202, 1.547427887371979, 19.76852227588019;
  1.894698334899512, -2.054465598585225, 16.52504734394093;
  1.678916352576788, -1.531571597311937, 14.74563327977764;
  2.288370317857967, 0.7438182961144193, 19.16187149570331;
  1.832281694370443, -1.917551001433423, 15.35580849204426;
  2.23526025930403, 1.502355007538932, 18.34524521872068;
  1.758278117913761, -1.493399256469723, 14.60322213531203;
  2.25285673184819, 0.129389780473088, 18.35919565692451;
  1.873698092572068, -2.060087458062849, 15.32197813876026;
  1.903279723686717, -1.963437529807331, 15.48696451578716;
  2.201465297893212, 1.751218557036355, 17.49833427020283;
  1.892591345535686, -1.510213396186043, 14.97802266897511;
  2.023376242246334, -1.976546983732008, 15.57430764816545;
  1.812518539046987, -1.978025928513586, 13.88926299783512;
