m=[-7.875887826256078, -0.7904633584029248, 10.93712187943315;
  -7.762180329511319, -2.441139157789061, 10.97974879633913;
  -7.727789225304262, -0.7455828018915897, 11.38946951980496;
  -7.766899104047717, -0.3437200394401164, 11.63144848813313;
  -8.080215092419273, -2.742995706901523, 12.43601661834738;
  -8.219783103828149, -0.552025245652557, 14.1873879365156;
  -7.900747322994557, -0.7928103229189347, 14.07699177765132;
  -2.183593171655487, 0.9443795935377717, 4.891777433641317;
  -2.147583602708175, 0.8492598084193878, 4.866996247571424;
  -12.73731290195895, -5.536463767281491, 25.81907414961954;
  -12.63522333549193, -5.417983571887141, 25.89660530157314;
  -11.37127541030297, -1.580885506723917, 23.44908526679256;
  -11.68094993019781, -2.304369848632101, 24.07946682144453;
  -11.62627273704, -4.699572918496129, 23.99136482794799;
  -11.14975195693248, -1.242059037403569, 23.06685937769277;
  -11.32102945183214, -2.119722904382438, 23.43361877867864;
  -11.18091709614302, -1.732755681236996, 23.29434270322134;
  -11.08661014677177, -1.969160413280632, 23.57910103212654;
  -10.82113062692675, -1.675650917319496, 23.08609781662754;
  -10.77731615393088, -1.525604772655424, 23.29816225090717;
  -10.9360192120836, -2.107754207873658, 23.65628822760672;
  -11.29627638948202, -5.352733659666709, 24.46202896853156;
  -10.88374721221635, -2.344969467936175, 23.62953231610117;
  -12.00487575077427, -4.736585470294843, 26.26280386990601;
  -12.30532815207116, -0.3333906908722857, 26.97527093408043;
  -10.24730511513324, -1.588851946877634, 22.98139821707061;
  -11.31269899805311, -1.217557596787455, 25.29208221174902;
  -10.06593471697296, -1.923914714478343, 22.7987760329978;
  -10.84461692560961, -2.577682083108886, 24.50654438480942;
  -10.75141675403265, -0.1807427094113748, 24.36068394607261;
  -10.86412337771746, -4.253399301107887, 24.88742249536679;
  -10.56554754230115, -0.3860666755228636, 24.25143114782558;
  -11.22355685452592, -2.454498383902484, 25.74768017979683;
  -11.81212974677831, -2.49106227768295, 27.33862063480501;
  -10.74024107009386, -5.671264538123179, 24.93719108065442;
  -10.35778542927595, -0.04142259040546797, 24.10605539779008;
  -10.42528991414359, -2.911845127753032, 24.32258565158922;
  -11.45478147632486, -2.592012162022568, 26.71893886269446;
  -11.18509708603637, -2.645892272742219, 26.21183097794252;
  -10.46481225612538, -2.533966003580813, 24.86197148550601;
  -10.64272230825257, -4.570918760286928, 25.32014682795805;
  -10.19668700836551, -1.931060267924859, 24.41003583047796;
  -10.23850424349417, -2.936362002420218, 24.58642546960742;
  -10.95894030827597, -0.763168485583643, 26.53779530189153;
  -10.22744727763049, -3.208017306966584, 24.91639303148319;
  -10.05004543788955, -3.577006488824011, 24.63779759668557;
  -10.03183782305767, -2.874425890167283, 24.68248128203165;
  -10.39260772340584, -3.8215705915423, 25.71348333473231;
  -9.809183211718139, -3.432439729011031, 24.33625964335915;
  -10.28222754671347, -3.629024192559314, 25.49158294081893;
  -10.28355477583613, -4.555175457889067, 25.65087987530295;
  -10.0735333117248, -4.568234129754333, 25.57246228957105;
  -9.51188658085468, -3.461558557668089, 24.21662104827958;
  -9.684026583102984, -3.014777678521374, 24.88529862375306;
  -9.592066643872334, -2.434921993763922, 24.74728442079644;
  -9.62085067369641, -5.480677103509193, 24.91927624463093;
  -3.441762465214808, -0.01112396568446508, 9.846505625662323;
  -9.588949665583838, -6.473927824051383, 27.18149959643557;
  -3.618487320581267, -0.05059617547674911, 10.86017109166962;
  -8.878771692638996, -6.01107123181094, 25.49982830017794;
  -10.21667731411561, -5.45242380949338, 29.44740439501685;
  -10.15295563341406, -5.555908928372619, 29.28801278197772;
  -10.53057129936234, -6.615384576776973, 30.52338203741173;
  -10.04013875570823, -6.621755769026096, 29.29320668479966;
  -10.5847718499202, -4.5570863003572, 30.92152908597718;
  -9.831091983956728, -5.833339139543296, 28.78968988948402;
  -10.11155480415768, -5.790970030961661, 29.86582539932009;
  -10.12315383284084, -6.623358370014022, 30.07412814003335;
  -9.026157650987123, -6.30375805286747, 26.94665606466528;
  -9.48255656040091, -6.470711248068692, 28.32850354769448;
  -10.25597024285741, -6.499224942032253, 30.71995048887473;
  -7.530552096976543, -2.119211647247183, 22.80928082310023;
  -10.12040161489166, -6.118101571081082, 30.38291164709843;
  -9.767989917342353, -5.512252890935407, 29.51948207206849;
  -9.311014787956314, -6.484998873601871, 28.33225835867338;
  -9.153142794456176, -6.747146829274731, 27.94690007139459;
  -9.2948596405594, -6.65525911223518, 28.40594259319059;
  -9.815853091373617, -5.707669125331716, 30.00829609481906;
  -9.935471481813975, -6.161184273570253, 30.47267035439019;
  -9.007733040342506, -5.193353110751573, 28.03504203916487;
  -7.398878705224223, -1.659540367610426, 23.22384593337237;
  -9.329599505851892, -5.60801828295863, 29.39916496520766;
  -8.295173436475265, -5.731066717205581, 26.72484713766969;
  -2.118449300143078, 0.7427660805335479, 8.203942214888084;
  -1.998155294877722, 0.8887440252521974, 7.828690274817868;
  -2.075369499110714, 0.6622512407583739, 8.095509423260397;
  -2.130469254164591, 0.7493252988342084, 8.352065618669744;
  -6.33526698122705, -1.029781513652139, 23.81324377930809;
  -2.457247460801888, 0.1098485487628905, 9.95611531748327;
  -5.970951828673588, -0.8272308633338249, 23.2079115519083;
  -2.430544567435294, 0.003786230456605334, 10.52595929169951;
  -2.579596620785646, 0.04388789748084874, 11.48654157203578;
  -2.525381837209996, 0.6629743812746815, 11.44230539051834;
  -2.223219861954454, 0.8271252643413722, 10.23958139401981;
  -2.530877311061904, 0.2644160901834751, 11.5209534579778;
  -2.238156112205119, 1.093582549618828, 10.35258686090201;
  -2.50407495131268, 0.2706489310873812, 12.18272734532943;
  -2.342154103041622, 0.7909101613848101, 11.63640572120535;
  -2.538954386819028, 0.8602446398036471, 13.23057793329116;
  0.01668274984417868, 1.663411748600377, 7.799811047657431;
  0.2326288917116302, 1.503843988413642, 6.869491942125112;
  0.1904454026646817, 1.642676383393393, 9.742246501171545;
  0.2498934642104349, 1.680461234157216, 9.13574113405849;
  0.3666088139589876, 1.700625024548178, 9.287736354856232;
  0.4276004889499537, 1.673923875568947, 9.109165478783297;
  0.6198815925274993, 1.087427528448775, 9.974700338187228;
  1.220117888035717, 1.740356043878285, 15.96326573504302;
  0.6824574637462084, 1.676753533685804, 9.081823732507782;
  2.045373322580159, 1.686801748843565, 18.98762767665942;
  0.7951271826011981, 1.723608402397435, 7.822146411531331;
  1.720754107322606, -1.719183801730896, 14.88652481643262;
  2.121749261222439, 0.9205359223684597, 17.91843281942192;
  2.150449340780377, 0.7240649799291569, 18.06641008821175;
  2.201881942115951, 1.574648148467397, 18.4268190032912;
  1.784685287155125, -1.822936609948158, 14.81174446864914;
  2.061648998561533, 1.665149364050444, 16.85289003041455;
  2.361164259244091, 1.572316646193405, 18.5688112529792;
  2.460158381745293, 0.8459347898504898, 19.18213760019972;
  1.911528960437966, -1.792011734536389, 14.87968577324501;
  2.383831156818959, 1.631689081569057, 18.16823487449346;
  1.986911979471135, -1.979101571077954, 15.24446881012622;
  1.970545311181039, -1.672510107870197, 15.03705357997535;
  2.044873902543423, -2.006802042642236, 15.2418625044032;
  2.676414955302088, 0.8560710116132638, 19.195845063865;
  2.022096975005925, -1.528595963167498, 14.64881820280221;
  2.037688671922839, -1.691811367974328, 14.26431120906717;
  2.071566497836954, -1.397866364709581, 14.45854764205273;
  2.60537038895139, 1.145525679921984, 17.78334038167059;
  3.050875976844118, 1.007242165480788, 19.88156786301516;
  2.12668145743903, -1.172588423152362, 14.20270614893727;
  2.195651823327063, -1.57321271002917, 14.51636174338893;
  2.575620669898823, 1.656871834838332, 16.79731844202757;
