m=[-3.904484130918239, -0.4018636455887852, 6.598103990060311;
  -3.916723044082617, -0.3930284483754666, 6.978539603009457;
  -5.447401592733761, -1.074641023093024, 11.22943995986253;
  -5.263374848998052, -2.494046953729584, 11.39781141937291;
  -5.581474082793427, -2.202199305701393, 12.21046866161136;
  -5.081313225906861, -1.989378560272145, 11.640220263313;
  -4.807579130267447, -1.342785282907541, 11.216259320912;
  -4.895979262700447, -1.243522443895656, 11.43893710411583;
  -4.899734203166392, -2.104375773509215, 11.65697890528827;
  -4.80751242042803, -0.9104522101176044, 11.50879205587454;
  -4.74518915745552, -1.36090124151705, 11.3949495731374;
  -4.72530197929096, -0.3290648049919154, 11.44262977428096;
  -4.79908242493363, -1.250971066791377, 11.63097911586402;
  -4.725548711169378, -1.482250813798105, 11.51251390309725;
  -4.667163793225494, -1.661134297943812, 11.44160368216364;
  -4.678494388728622, -1.340530582248289, 11.51103638382856;
  -4.677141274757635, -1.719878785364643, 11.57222493367198;
  -4.691525112333756, -1.655833627033541, 11.63117631628538;
  -4.62191671644965, -1.617305969244226, 11.46682275514345;
  -4.56616096676799, -1.184902046036324, 11.50638997198752;
  -4.471742836203532, -1.627353264862042, 11.38475535522729;
  -4.444763154766403, -1.383719120379607, 11.42182515393044;
  -4.571056836037446, -1.807905393033182, 11.74331888309953;
  -4.486531936419437, -1.138894848555988, 11.5751366223552;
  -4.479122740007457, -1.606928162864514, 11.56547222087928;
  -4.463908277767857, -1.664678899666169, 11.55206159189472;
  -4.532171128107132, -1.527764268407771, 11.71909236676218;
  -4.477586443727559, -2.550731357697317, 11.59754134897017;
  -4.725291536874815, -1.840915672863607, 12.83134552504638;
  -4.650402859131471, -2.544797367236205, 13.41491712337848;
  -4.68184703644772, -2.498602380116701, 13.49443060195364;
  -4.736428654100769, -2.975460321819396, 13.72877284547857;
  -4.577299475719838, -3.018858598211664, 13.35477356069946;
  -4.624310151449653, -1.990914942576945, 13.50909994830999;
  -4.544193427407655, -2.602496694394649, 13.42188121532913;
  -4.334115636863306, -1.85818448533796, 12.87634169213781;
  -4.308102883608798, -2.939765200369765, 12.87016924652911;
  -4.38149963133763, -1.829717709786077, 13.11230800455783;
  -4.225660319773969, -2.31216509959288, 12.7368035294508;
  -4.587527500821971, -2.907123602115112, 13.74112973755451;
  -4.546214512352051, -2.748329879474892, 13.6483945117654;
  -4.362254096213125, -2.461698666391329, 13.1830072181326;
  -4.185843968289566, -2.915385061415969, 12.73700186923503;
  -4.402509982701382, -2.55994767528789, 13.45902611739396;
  -4.409341808927606, -2.734320908644045, 13.52370842885755;
  -3.511585144996599, -0.7876351991428356, 11.02227994787065;
  -4.139023861486917, -2.487965477431411, 13.04277265304473;
  -3.956695948154569, -2.733648504425511, 12.7474241731586;
  -4.012669624671228, -2.26694520596621, 12.97351159466195;
  -1.059539984152298, 0.4712645873146653, 4.151234086248226;
  -1.303925278814809, 0.05829054739416095, 5.283159571167187;
  -5.882623361587103, -2.579549572141388, 20.95621462755976;
  -1.210407921751182, 0.2229168293542181, 5.217133248796389;
  -2.720675569344392, -0.3769293179141206, 10.57472908616797;
  -5.604468196576907, -2.474532231989151, 20.85818975384206;
  -5.452556293421845, -2.589700133232951, 20.34882777380218;
  -5.537604998566036, -2.884794642089031, 20.82110805160104;
  -2.905857628162677, -0.5301951160094605, 11.41541201620025;
  -3.104296557134712, -0.6490373643470272, 12.15240582749622;
  -4.644475878937229, -1.563431867403739, 17.93148919294045;
  -3.549337371947831, -1.117019265617816, 14.00717330524272;
  -4.582624319266467, -1.866661430211517, 18.21495853585116;
  -1.182223185148277, 0.4398335410995443, 5.445017264096003;
  -1.437730106812253, 0.1502083771191813, 6.544774641314991;
  -2.771586578353234, -0.4191852419445402, 11.76998717737136;
  -3.665681118711322, -1.421928402348423, 15.67960938902235;
  -4.177665889046712, -2.581493513030645, 17.86288154365983;
  -4.088433578434293, -2.543309959940708, 17.99442124448722;
  -4.213245947118164, -1.793904456688838, 18.66298340743376;
  -4.003769551262674, -2.775643979493735, 18.02251576251722;
  -3.846358638882984, -1.347194299467362, 17.44646371746142;
  -3.729536769436709, -2.111717039489641, 17.16568840060416;
  -3.893943333782586, -2.562152900962544, 17.95923053236232;
  -3.86661020592561, -2.945050504110402, 17.91104952760512;
  -3.836843794057642, -2.62620385669642, 17.87763279756738;
  -3.706884373354898, -2.204792265853651, 17.43603240609336;
  -3.730963061568911, -2.80245067791208, 17.57183187583813;
  -3.786468750399271, -2.97882329141021, 17.89687876391446;
  -3.720389750111274, -3.019215761672966, 17.61099348991368;
  -3.507897515532658, -1.843290382089915, 16.80005674998512;
  -3.912635842789881, -2.763309275391224, 18.99584275072975;
  -3.52839161848921, -2.028354650821547, 17.33023641584352;
  -3.643845672355531, -2.31390641223279, 17.8990720396615;
  -3.575029641677844, -2.978747388800579, 17.88990793985984;
  -3.511614526746318, -2.822521336114128, 17.6735384283444;
  -3.467620646172091, -2.609082891173258, 17.58510269659365;
  -3.538840875253716, -2.817906247870996, 18.13833949821261;
  -3.309377533356677, -2.048769425500157, 17.12020042535166;
  -3.273037397467855, -2.483826342374176, 17.33102860866612;
  0.7788915146633473, 0.763105161470965, 12.37804477732471;
  0.7586855342053592, 0.8235917435171704, 11.6782313109524;
  0.7411273399356936, 0.8214686122907007, 10.85748976391636;
  0.7964682438819261, 0.8227533509437386, 10.45725117139799;
  0.8315892205546239, 0.4372083163318397, 10.04650692050115;
  0.3292905255869021, 0.8090453716430052, 4.382043818158335;
  0.8697453474317214, 0.3507916967240871, 9.706926297129842;
  0.8811264189560096, 0.4975677453311581, 9.837134521399335;
  1.100445200066592, 0.1312174356246402, 11.82126678052187;
  0.8946042310605411, 0.4281553461859545, 9.732759901898708;
  1.714498457235647, 0.0948262458038079, 17.09017377686381;
  1.067086135751419, 0.8800167383045904, 9.905983431432546;
  1.56376907042315, 0.0473024225431597, 13.97557896763229;
  2.645150009091474, -0.7486108736143551, 21.13305254360531;
  1.187215329871881, 0.3997401974060559, 9.974063841324183;
  1.344758636683636, 0.2465786053843656, 11.09605796896707;
  1.159792993408004, 0.8294113570504963, 9.705922539278987;
  3.516423063859054, -1.701234984162316, 26.42884466031942;
  3.663761529726089, -1.580713512261548, 26.85984204835028;
  1.251825735614075, 0.8335999643114364, 9.84468391609539;
  1.256289229183867, 0.4319798160015849, 9.795431480617882;
  3.92584026071648, -1.489822111413597, 27.26249230237178;
  4.084141626897399, -1.246356075237656, 27.41014051678829;
  1.122430464951276, 0.9083578347307704, 8.277900255220679;
  1.291574803850589, 0.8308575638084735, 8.423209801631961;
  2.591050056420353, 0.2477048144079865, 15.36744656232297;
  1.126032457420168, -0.2809586199244088, 7.176934723552635;
  1.183239100896367, -0.542355288094649, 7.19014737890841;
  1.092091998062086, -0.6366728234418042, 6.546122994018867;
  1.123762767482021, 0.8430013331442511, 6.707698414066852;
  1.21814167312817, -0.4662918624786219, 6.970525783958923;
  2.612539107432292, 0.004760895394660287, 13.61893833088009;
  1.227896278317499, 0.4322005882271444, 6.892251696894979;
  1.269946202607362, 0.5823420781200368, 6.988397462222486;
  1.267068800817114, 0.5619825383646612, 6.836436753137289;
  1.29412677510904, 0.2979067077506873, 6.902605502785123;
  1.17322675532647, -0.5905767157353381, 6.304372955440156;
  1.313173406625582, 0.6619919482496083, 6.967445910738156;
  1.374094704149625, 0.282028314233023, 7.15985090701553;
  1.362807959900986, 0.49738767768627, 7.070759486780915;
  1.26746671598942, -0.4472404039780759, 6.554176029389114;
  1.347081394521514, -0.7646828883924624, 6.847453534703081;
  1.385661735536295, -0.2486625272739667, 6.984418328370355;
