m=[-3.896974559168728, -0.2574954924677363, 5.946308944019882;
  -3.92243911610639, -0.3904085500750887, 6.159441359641354;
  -3.952608796823555, -0.383344932089598, 6.574777383367608;
  -5.759003850530277, -2.463319061467818, 11.37824957312007;
  -5.842067086189202, -2.410991819737634, 11.77689504067473;
  -5.594677068014917, -2.045009793751629, 11.82743319997907;
  -5.060603095329783, -1.150619578652849, 10.84592304573381;
  -5.549679160103709, -2.066134767223391, 11.82850266810591;
  -5.064411000327969, -1.191587723274517, 11.01148852464571;
  -5.169045289168009, -2.011626943416251, 11.39820541972186;
  -5.299794659291833, -1.145389846111267, 11.72014718272779;
  -4.820430970312373, -1.33858461629853, 10.82037327428815;
  -5.450392251193455, -1.132096128134258, 12.18546749659159;
  -4.968557217578219, -2.039644172158082, 11.36095188070822;
  -4.970927031370061, -1.188952347697105, 11.37025133772435;
  -4.953595346177652, -2.117698679773757, 11.35371611667438;
  -4.920465159434141, -0.9167826247773779, 11.33400798546056;
  -4.810727136441525, -1.364693217145724, 11.11710880931479;
  -4.972887286736064, -1.961301440678257, 11.58794780752933;
  -4.765728340025951, -1.483875389367752, 11.18060302342564;
  -4.802338756898156, -1.696148548731923, 11.33079385789709;
  -4.74638629952242, -1.346178549175321, 11.24128365067616;
  -4.704434905054629, -1.718384195304225, 11.22115887647722;
  -4.757375588564432, -1.670843432787215, 11.36934422784094;
  -4.770660163386033, -1.669376106999009, 11.39646954274189;
  -4.908637079851738, -2.168862771047984, 11.80690545949851;
  -4.636652175598123, -1.676041671818026, 11.35629116677782;
  -4.551400649065037, -1.124296745054835, 11.18307310377517;
  -4.498617234945119, -1.394320725872175, 11.13702209964087;
  -4.574266865960018, -1.148043624860983, 11.36406678336862;
  -4.675138050670014, -1.983439520572701, 11.85578009287476;
  -1.070036165072104, 0.4912766825686963, 3.728239835052923;
  -4.864758508493786, -2.001526862613468, 13.70625328709041;
  -4.332025239385789, -1.799545334053706, 12.57320602117864;
  -3.616276933866983, -0.744331040564992, 10.6772213231904;
  -4.698807330383321, -2.978285718589904, 13.66706039020748;
  -4.682600592173124, -2.825215080394264, 13.63830254081147;
  -4.454885953294105, -2.513043535697946, 13.05680775360817;
  -4.550279247833069, -2.854053109977318, 13.43054194633765;
  -4.526044416505678, -2.70568464792118, 13.42803190891683;
  -3.631850842686299, -0.7947229648571423, 10.95902566690278;
  -4.112444830251165, -2.365742452709959, 12.38821640247913;
  -4.224249713379784, -2.530819782300762, 12.89926119433879;
  -4.599596464957124, -2.122260427378929, 13.92840820167102;
  -4.08296726634695, -1.200833006390781, 12.49671968196;
  -4.071292872181032, -2.437930980618267, 12.91931786300332;
  -11.25495169502591, -5.907238566863713, 36.83621417639662;
  -10.67663691814833, -5.898639283790429, 35.28309988568572;
  -11.00197321162948, -5.476783972003465, 36.79339850419988;
  -3.319597876660308, -0.6491636443523425, 11.91470587258463;
  -3.335850802872837, -0.7111615774713809, 12.07190069928725;
  -2.843920065185946, -0.3830185395198064, 10.64197733545112;
  -1.190975263803249, 0.4591433824914039, 5.038124809060756;
  -1.184798313156571, 0.598390688327806, 5.039487613004762;
  -5.554399340588519, -2.436594988122119, 20.34820705846097;
  -3.305487139373284, -0.735066689773268, 12.52050503263046;
  -5.729902190637482, -2.705269376132119, 21.02911876161399;
  -5.45268692075179, -1.821310257920664, 20.19052712863442;
  -6.081462245579752, -3.140149842322232, 22.49566593557059;
  -4.097854817322244, -1.266763936804936, 15.65928672696469;
  -4.58363333288129, -1.731704629673543, 17.73025067574008;
  -3.029779481799407, -0.714782620076872, 12.21516645932494;
  -4.736964918855554, -2.250312166693165, 19.15147835626471;
  -8.017983588403833, -4.280248966277011, 31.81120789072188;
  -4.691852683504566, -2.096214174565708, 19.05991034539336;
  -4.277137965261312, -2.815461281292037, 18.32295798798591;
  -4.113355652207904, -3.008160406508478, 17.96643026261445;
  -4.331365113088616, -1.836684828498596, 18.87910368026522;
  -4.181058203166788, -2.898358809630291, 18.49684249419328;
  -3.940276872953998, -2.229229214318471, 17.79687317468745;
  -4.004857327354507, -2.633917398798111, 18.14279182365621;
  -4.028972780077198, -1.634552235610731, 18.26309649511232;
  -3.998516780766137, -3.046018120790362, 18.19545592842524;
  -4.143830409521751, -2.842255505388946, 18.95995183415043;
  -3.834769109052763, -2.180849031782841, 17.61970650227596;
  -3.89824653045566, -1.290011106847056, 17.87622644943147;
  -4.155550031315006, -0.8436773350427957, 19.00389581775459;
  -3.669807641522628, -1.816487685370273, 17.02214280775129;
  -3.811165898673112, -2.263167370415435, 17.63026472077852;
  -3.955539439562677, -2.973305270174159, 18.29607792180678;
  -3.931399218829065, -3.096367901685746, 18.24375434669769;
  -3.996043948102679, -3.244811911981074, 18.58214848005298;
  -3.740364873436724, -1.616502359063543, 17.72162422822754;
  -4.055630314697376, -2.860691574121855, 19.3552003075253;
  -3.673958985513499, -2.114545388597425, 17.72248324915563;
  -3.857059624666529, -2.449214412462649, 18.62750385657492;
  -3.650231464424909, -1.361381030292567, 17.71722118927229;
  -3.643340552893731, -3.039935692256373, 17.93015264481104;
  -3.689054962593886, -2.972497212357158, 18.24523882985808;
  -3.701759112135982, -0.6221095637867201, 18.27187029333378;
  -3.704816099979489, -2.793801918684721, 18.48304198888888;
  -3.518023422447993, -2.022501000281257, 17.69370375723542;
  -3.631605977680563, -0.83683063221471, 18.36888295350845;
  -3.483039407224552, -0.8917328875961225, 17.83984108520571;
  -3.447796514102949, -0.7053046593147344, 17.72071914640697;
  -3.447192141713345, -2.619109188753854, 17.95120445523078;
  -3.414992542273704, -0.8332168191110105, 17.94127062614687;
  -1.802486040187786, 0.6325703534134185, 9.986645491883332;
  -3.396772955247091, -0.9114670626861477, 18.09539271816407;
  -3.713092804081896, -2.76506286780194, 19.9139589520355;
  -3.311154880272509, -0.8083669774979906, 18.04509820118497;
  -3.375790711098226, -2.124849256698897, 18.47157342526471;
  -3.265539439304744, -0.8782858110559197, 17.87776749275557;
  -4.462854803103213, -3.731342316264721, 24.3969971766167;
  -3.337837187005885, -2.021530318893255, 18.4559752500645;
  -3.296492448084349, -2.317637671167824, 18.35757760602173;
  -3.107809895060205, -1.145785106518416, 17.37462157606687;
  -3.348075079019008, -1.173145584423041, 18.76907518265734;
  -3.362381622170712, -1.521039378608182, 19.01248444280891;
  -1.735080080843745, 0.6599220369358103, 10.23274405598271;
  -3.136792579087774, -0.9707174291746176, 18.27607500133443;
  -3.078473315799697, -1.762161936775792, 18.14152792083351;
  -2.995064162213053, -0.8304189610800234, 18.19889764744397;
  -2.874235476785724, -1.813977500641579, 17.83220983229323;
  -2.907250424546324, -1.110551920125387, 18.05592449254931;
  -2.712866764342191, -1.021537898280623, 17.5561173138219;
  -2.786270619623189, -1.358639241555957, 18.16938506546874;
  -3.594154821000684, -3.296700829266795, 23.74375652771026;
  -2.664989199411501, -1.788342790924581, 17.81510451997004;
  -4.660444463379569, -4.979003300451661, 30.7054139103648;
  -2.62980898604821, -1.278174340317933, 17.90925599433374;
  -2.576627119742383, -1.15894607660173, 17.64282238040337;
  -3.412047811869246, -2.460116306129778, 23.508016388503;
  -4.771351538319678, -4.445532075599099, 32.87418498744869;
  -4.338480887467823, -4.285955952111149, 30.17130400891993;
  -6.454475909593119, -7.526344055243379, 45.43364455681871;
  -4.080565791918267, -3.708409437463285, 28.97837058402238;
  -4.106088678399295, -3.922713463275949, 30.20416518511718;
  -3.842316109099514, -4.141835101334123, 29.1792004883882;
  -3.794170773579182, -3.098529652962167, 29.00985102191194;
  -3.879944009198332, -3.846948572265107, 29.90067350680597;
