m=[-7.935553053248141, -0.02816899396108434, 11.04812815598917;
  -7.684293943142304, -0.5147874499664045, 10.77776410382183;
  -7.691320294913965, -0.7754360241181337, 11.14132891609315;
  -7.782609763603015, -0.7605410120467676, 12.00409410161376;
  -11.79064625937774, -3.096089669278251, 20.63593191695598;
  -10.90816881617184, -3.22672176551038, 20.26344887312587;
  -10.43479916025354, -1.157553759739055, 19.8294315070799;
  -11.07718633226118, -2.188716481704581, 21.02547594319272;
  -10.35103564506852, -1.608789881780074, 19.8088823296639;
  -11.28923641148834, -3.773234085330898, 21.61387565321921;
  -10.74842216476838, -2.208949009983377, 20.64746730537752;
  -10.22629998205384, -0.5631147917313123, 19.7385675658288;
  -11.42070362058167, -4.767487734534921, 22.12474523048458;
  -11.38137497557653, -4.857621269869772, 22.14683036333788;
  -10.05001205705783, -1.810223796896526, 19.68854800979951;
  -10.82267722365026, -4.859470277269698, 21.29821544029131;
  -10.01026004430769, -1.940400351735871, 19.92184824220846;
  -11.35647209232578, -4.741548231169648, 22.54671824790808;
  -10.06953204683978, -2.175814119594796, 20.12875253481059;
  -10.34352580147237, -0.2515377816977878, 20.87630383025774;
  -9.909304510671257, -2.014582902773331, 20.15928596825443;
  -9.644611830096279, -1.859971736338098, 19.6645353240218;
  -10.88499130381178, -4.330359481360148, 22.10437933733833;
  -10.82220977785335, -4.011285622317693, 22.00659000871341;
  -9.73376661162151, -2.255187062984315, 19.99695849404457;
  -10.6288860307836, -4.00685001786568, 21.79759001341594;
  -9.697068195431992, -1.503993281537055, 19.99900343865981;
  -9.683180679230867, -1.860546824580172, 20.13889983026791;
  -9.794147260064639, -2.341085397757599, 20.41979290729795;
  -9.984283731278286, -3.94298178535553, 21.14709072974926;
  -10.19200575628123, -2.249355473812965, 21.68231955161832;
  -9.364905694803834, -2.634018942159737, 20.13376515830876;
  -10.58093251436439, -2.240706743576234, 22.79255823270233;
  -3.590393305636306, 0.01623525479491476, 8.394058806725104;
  -9.812594864980152, -4.143686895219895, 21.45751236674466;
  -9.734156678713722, -4.041407707275325, 21.35417297966981;
  -9.628044142997998, -4.163658926387602, 21.17969850340936;
  -10.21434161977928, -2.142830210659072, 22.41309941454154;
  -9.530858426801744, -1.813110978878944, 21.08353677296837;
  -9.362707703256497, -2.699968499328431, 20.75191180263259;
  -9.733695363564175, -3.885197511014033, 21.78342894009048;
  -9.4337435717019, -2.487876220132133, 21.15536988296962;
  -9.22697498596772, -2.910725462318194, 20.76894558216416;
  -9.448008861710466, -3.380676792524175, 21.38458293809571;
  -9.168663168863629, -2.640420132102737, 20.84488501446202;
  -9.252558346438228, -3.42790925995692, 21.16447491886975;
  -4.240291919670873, 1.591581120821553, 10.24278798048264;
  -9.324934958228104, -3.312618693523269, 21.38192475545566;
  -9.279049094114484, -3.2880729977223, 21.27886550838984;
  -9.172705859903028, -2.373144755025265, 21.04812001950565;
  -9.560277493551732, -4.345132630946331, 22.3209013103248;
  -9.078211133664961, -3.327461020236991, 21.33913745426828;
  -8.775171150391589, -2.203958537775575, 20.6969955271976;
  -8.770802418318818, -2.754747488042177, 20.82354312831954;
  -8.948207410915803, -3.56216944787053, 21.28372757687529;
  -8.818894349789225, -2.254573564544296, 21.04834554913481;
  -8.873971803509281, -3.206764208108839, 21.18958680216852;
  -8.824768455262788, -3.314015302647537, 21.11597840613664;
  -8.741309733113472, -2.972588042144609, 20.93286785618809;
  -8.59679222905876, -3.738367990331629, 21.05926759795379;
  -8.61728557570455, -5.427542439242709, 23.03288140323613;
  -2.096213744419162, 0.967347112820323, 6.371208047812242;
  -2.218266131036486, 0.797012948498939, 6.756476222808071;
  -9.705091073764647, -4.071074373858763, 26.4522138263272;
  -6.902861072312501, -1.956612618427057, 19.21579594907195;
  -8.438221027222287, -3.661291439528978, 23.44324504963343;
  -8.248456025651587, -3.483648412688774, 23.11749078612739;
  -7.09627687528562, -1.882325983262281, 20.08822454436824;
  -8.822237368532583, -4.8755619907818, 24.83180445188956;
  -9.051767202770455, -5.807008010462679, 25.48329060382488;
  -9.014872307320834, -5.51115445589549, 25.41759449724666;
  -8.607950390698514, -4.918408224638176, 24.37507472747394;
  -8.534833591350333, -3.96142417576201, 24.19090534663363;
  -7.363072519064549, -3.231086353955846, 21.05011097664173;
  -8.721378503469726, -5.530363211959506, 24.89784225411079;
  -7.852074585484091, -3.737361506726961, 22.54912293819819;
  -6.974447506824714, -1.593865633810513, 20.21177452416582;
  -8.744089455804675, -5.489219558481579, 25.18021617061191;
  -8.711337032161589, -5.443096493446153, 25.33026896249787;
  -8.216651948969391, -4.967179228428067, 24.20624796232371;
  -7.820145435662957, -3.705824313228317, 23.09849396534503;
  -6.938738234911403, -1.697791318843269, 20.63316008112891;
  -8.186383843353642, -4.276257841564778, 24.21476396684329;
  -6.693048187236397, -1.616800693709899, 20.2499152674112;
  -7.882378369437042, -4.35618835094519, 23.86260743284849;
  -6.505295561870095, -1.035180729461641, 19.85271186426808;
  -6.360651932451646, -1.437193248083272, 19.45255523433902;
  -7.852694066572886, -4.602366075460606, 24.05485317385603;
  -2.533654720560885, 0.03937345191714246, 8.460260823663264;
  -2.398387422349149, 0.7846210332249647, 8.175576166233476;
  -2.455849336531701, 0.6253322942568994, 8.804957675065795;
  -2.620961353446589, -0.002105839780846703, 9.366324434648025;
  -6.601259952475211, -1.232964195622275, 22.15805103895861;
  -6.38640120522845, -1.272432615151346, 22.09650825627202;
  -5.657962879601809, -0.7987453597368587, 20.27714206999286;
  -2.284690365260419, 0.8761585450097211, 8.786919470074508;
  -2.285806905719882, 1.157320361280285, 8.847937455696052;
  -7.623139002905929, -2.33121489491923, 27.73547560907534;
  -7.579600145313731, -2.408344196013564, 28.25609390470846;
  -7.335023364741993, -2.69531761103254, 27.69934898296845;
  -5.327753381800776, -0.8144016156392708, 21.10592238791802;
  -2.541840062879197, 0.3148680768750328, 10.70448031500607;
  -5.434247593238395, -0.9901078860934752, 22.41791991732564;
  -8.012556446713521, -5.047141015346523, 32.94564393557915;
  -2.442906760944875, 0.8207193972223368, 10.83809124633927;
  -8.094566747042979, -5.42863916974171, 33.96188404580029;
  -7.776707241453104, -4.932756128169243, 32.9416659095885;
  -8.028617973709206, -5.678795151136646, 34.80012467526606;
  -7.368041501661838, -4.947947907182192, 32.72847154801459;
  -7.524564710910461, -5.84717820866754, 33.56067960456265;
  -7.592161262089016, -5.82016679518373, 34.401361537828;
  -7.165705683482653, -5.756202972027092, 32.62658729949312;
  -7.915372902825184, -6.558329171061959, 36.05927530237478;
  -6.836968346322893, -5.807619944121702, 32.95535270038335;
  -6.848707091852832, -5.623752051273383, 33.20936955350484;
  -5.085151600209542, -4.389945137111694, 29.38599325126035;
  0.1154430396044463, 1.642282610006036, 7.758920775983295;
  0.18891545827822, 1.581387825994273, 10.54161020540943;
  1.634532255477469, 1.626698734426842, 15.87971613051022;
  1.407883895393678, 1.683317234534018, 13.62453534745792;
  4.235796146650501, -3.225854238815226, 33.0809955053901;
  2.111972699010946, 1.665764447009125, 16.90178732816136;
  3.895520780903091, -2.635263750907162, 28.77817998837798;
  2.687484746483045, 0.4563286448176854, 19.44582140345955;
  2.397121526971309, 1.640934792940373, 17.30549365445885;
  2.314638877892972, 0.8906100696473073, 16.62879176002323;
  2.481419768367221, 0.8611763927827923, 17.60168865966912;
  1.19861628130277, 1.674387777361929, 9.010237178799498;
  2.228352644141295, 1.725634449535701, 15.46322073115379;
  2.352795838096146, 0.7017924078771921, 16.09699728534915;
  2.468265646611745, 1.576493334867023, 16.8119297139705;
  2.165727366536517, 1.700051293818226, 14.49557321489971;
