m=[-4.918813435539739, -1.175739143231952, 10.2552217192917;
  -4.908243346780063, -2.072665173122271, 10.73301137585878;
  -4.83174755947949, -2.006035291088973, 10.59958007506167;
  -4.854285016293872, -2.099241220660632, 10.67841937238023;
  -5.031950440130186, -1.055634892881444, 11.04149534663019;
  -4.747714803822335, -0.9031855736299069, 10.50258173728265;
  -4.70188922798091, -1.355906133699403, 10.42147140093571;
  -4.712534575813513, -1.242794296729204, 10.56795865606008;
  -4.639459554703879, -1.463555832524639, 10.4429331572736;
  -4.658687496655161, -1.666966758190927, 10.54445339892027;
  -4.658531645793996, -1.72590360076647, 10.65601236809518;
  -4.61243190909205, -1.638534556338059, 10.57623162645725;
  -4.642383599342047, -1.645049616964244, 10.64598917915105;
  -4.8170575787174, -2.18934587249688, 11.24664706575982;
  -4.376601584984223, -1.099220546739724, 10.32259107843181;
  -4.485581288573041, -1.785653806214054, 10.66916375378775;
  -4.38099246245748, -1.120012260103845, 10.4562589753855;
  -4.41933268999515, -1.597002808640599, 10.55264043156875;
  -4.441565971848729, -1.667966437085056, 10.62781552019726;
  -4.406761767836493, -1.498572609322818, 10.55289934532122;
  -3.461298825940915, -0.9811034711602489, 9.635368763949517;
  -1.282799737274528, 0.01993493958155451, 4.28346462278281;
  -4.528832306489591, -2.768657557760931, 12.76912408608407;
  -4.349874273311793, -2.018984544149295, 12.32916795496581;
  -4.386300515260073, -2.78142211079849, 12.52203631164754;
  -4.192632168017481, -1.83982387110302, 11.98621529157756;
  -3.985523493566716, -1.686698529119471, 11.44271754748627;
  -4.352122579246431, -2.732103382937126, 12.5327385887707;
  -4.322023995461593, -2.700526172668319, 12.56730509486974;
  -4.09271799251652, -2.474154184271097, 12.05714288277049;
  -4.113989029908975, -2.14899254492479, 12.1688984083378;
  -3.326375030603641, -0.8035330549801254, 10.06399634860077;
  -3.89134061932171, -2.280666215008196, 11.9201927967248;
  -1.296480522191187, -0.00104167131466204, 4.633130960926244;
  -9.181817609661724, -5.233211347140139, 29.44237480366772;
  -10.59673453317323, -5.655880132525747, 34.39974763354655;
  -10.28090873214459, -5.757836000031506, 33.66545997184181;
  -9.81536740690675, -4.68132337270588, 32.38925780868745;
  -10.29257526722482, -5.217127130737927, 34.12353519316314;
  -5.391910314543141, -2.589631985147942, 19.42845286816339;
  -5.170961502347763, -2.633898295233013, 19.25281407590953;
  -4.700167869190838, -1.954215123475799, 17.97357991238436;
  -2.682183143470712, -0.488687833362921, 11.06481916443099;
  -4.599313025134865, -2.064391011625903, 18.71643175572873;
  -4.080290746696434, -2.570191289028278, 16.77714309887162;
  -4.091880815233759, -2.744228958221559, 17.16805681131359;
  -4.163491786609844, -2.483368600719024, 17.57641526889486;
  -3.881156742880382, -2.461813093050332, 16.44034741146083;
  -4.045979542537344, -1.764151430762798, 17.30048854882972;
  -3.949821018706249, -2.793784001472913, 17.12053859656499;
  -3.746294622102107, -2.879889753916209, 16.34952231474931;
  -3.689696955242318, -2.134986916083904, 16.31827963294051;
  -3.829538163883631, -2.571694980163807, 17.0106168390111;
  -3.680158182498448, -1.531988023649277, 16.36861740107203;
  -3.812935211010838, -2.96295035439812, 17.00625908421574;
  -3.807506437507068, -2.667227494835732, 17.10011083117065;
  -3.581667609806655, -1.227936715351956, 16.10845927493934;
  -3.867924372394563, -0.9285852502883848, 17.35646314282152;
  -3.75144241786051, -2.875863649459388, 16.99841750590702;
  -3.661008101076644, -2.226329441578086, 16.56924655699767;
  -3.649579488506626, -2.931702923107058, 16.61711058865723;
  -3.786881188435741, -3.137642871708481, 17.25151714108755;
  -3.410542863036434, -1.830626929894828, 15.681632008791;
  -3.557977871451945, -1.581186111617242, 16.51362267726887;
  -3.551482322768601, -2.56989297899915, 16.69065804997158;
  -3.446842710442242, -2.02969977713601, 16.30132261461022;
  -3.605369903267127, -2.341841784034234, 17.07850168536168;
  -3.538077178992465, -1.592439528986505, 16.80241452427253;
  -3.531906454424598, -3.000155818553754, 17.0243910772124;
  -3.460788888447404, -2.841794567851033, 16.78135969339872;
  -3.421069050406278, -0.6139349662512271, 16.57364076732846;
  -3.45996829474032, -2.66381325747228, 16.91239986710574;
  -3.237403202669679, -1.918935377589471, 15.96649840070348;
  -3.415660943971557, -2.798618768112998, 16.94778958024961;
  -3.353487137457575, -2.143146019456296, 16.74675345415875;
  -1.620527642352418, 0.5626897092873817, 8.632885344159039;
  -3.34104673947622, -0.7102195727578862, 16.83370036771436;
  -3.36449965774155, -2.599744665739938, 17.13633609364698;
  -3.34560926026708, -1.505997879641884, 17.16695844361313;
  -3.132892010902039, -0.8799248039083186, 16.3921759032443;
  -3.500251716717627, -2.48488696239146, 18.35593518471626;
  -3.256700489585427, -2.472662884324317, 17.17096506210523;
  -3.130485830286663, -0.9622999934147748, 16.51414004009297;
  -3.235805610936362, -0.4270709766075513, 17.056318489043;
  -3.143212217799191, -0.5046679291549775, 16.66748541149819;
  -3.066811136301467, -1.77447582549086, 16.33475440138611;
  -3.023669056975366, -0.7848107805964698, 16.1884883233635;
  -2.889513574466703, -1.105879738218405, 15.84561249176102;
  -3.150742507779161, -1.473984697224665, 17.5237621398692;
  -2.944758385880154, -1.222398909786106, 16.62158444753819;
  -2.77681113281569, -0.3774949698716772, 16.0278754189764;
  -2.842192119701101, -1.676259096646871, 16.45753806939885;
  -2.706567288067269, -0.7889184900426246, 16.16711679099529;
  -4.5535306269291, -4.81267319664818, 27.49753566657765;
  -4.085762626483264, -4.2168998120566, 25.22851718244072;
  -2.52139329578602, -1.208562802428176, 15.94180951373632;
  -2.515391012537046, -1.684536766607977, 16.01080324350536;
  -3.667950768847913, -3.608318205994711, 23.28586581970312;
  -4.184836414250319, -3.531772153001687, 26.70906267742153;
  -3.350273271068651, -3.145154712534191, 21.86998574177132;
  -2.529291559877328, -1.555007784721527, 16.6399507932111;
  -3.866608305959153, 0.07990158384111135, 25.12071968191514;
  -4.117422982151015, -4.5032783693915, 26.98027328127639;
  -2.39951360434879, -1.214637334564457, 16.09394126680045;
  -1.530907043812343, 0.06606529518894695, 10.66138239813084;
  -3.59551785540349, -2.963829037231706, 24.20476748651144;
  -4.052582636983524, 0.06218629404247366, 27.56985277046293;
  -4.079422398004909, -3.906043005372241, 27.98054789278949;
  -2.313500552433907, -1.385197938789329, 16.29148936015394;
  -4.033655690414612, -4.53538233960784, 27.79657562222196;
  -4.067204413215893, -4.144011250808101, 28.13828633967984;
  -1.344112449149915, 0.1645504584515558, 9.985519293151549;
  -3.639212693890166, -3.578533851402896, 26.66204484452514;
  -3.777920655180869, -4.280635169467484, 27.68068329500948;
  -1.256001145763062, 0.3789260418382449, 9.839807130719819;
  -1.305308197681147, 0.2094534898690991, 10.25028797223702;
  -3.002863058885783, -0.5180048510203054, 22.69383277010202;
  -3.823321284792147, -4.242160188740424, 28.92023125793747;
  -3.444132063159237, -2.913346873430061, 26.24540323541484;
  -1.233996377671762, 0.3450020347431518, 9.985588667252053;
  -3.245277628621817, -0.1032970808505045, 25.07018321639001;
  -3.409226494715248, -3.102042947672929, 26.83606087036505;
  -3.102571080125363, -0.6618639287527617, 24.76599937614239;
  -3.418925814797476, -3.612682775350097, 27.57234841291914;
  -1.173110807850433, 0.206085806807267, 10.18474959878986;
  -3.303645995075963, -3.391606001362887, 27.7061172681071;
  -3.273848869588226, -1.480367965240865, 27.46813437085347;
  -3.124452219784879, -2.234935576196778, 26.58107744026675;
  -3.692206828669436, -4.561639532056964, 32.50203744084024;
  -3.054451920154932, -2.117278923805334, 27.73018192680044;
  -3.867031589676265, -4.434620837424185, 35.48233827537153;
