m=[-13.17136490810225, -2.360237914285953, 21.41565683492119;
  -11.78811092636175, -2.759660344489837, 19.30164059768072;
  -11.39830474487528, -1.590954808175131, 18.85671058474307;
  -11.17454495570366, -1.689397342198642, 18.63718489883106;
  -11.6845232145461, -1.929228108063617, 19.77190184183491;
  -10.89690632270099, -1.24845602114248, 18.60773621774079;
  -10.95430026557533, -1.467424659034547, 18.83839501022673;
  -10.73632931294659, -1.332924291498594, 18.63794754354855;
  -3.656323425550051, 0.611904211793738, 7.057947129592709;
  -10.95014142091287, -3.287639689039172, 19.41598081228209;
  -10.36550861156557, -1.485921903976197, 18.72659337330395;
  -10.30346363306039, -1.184510371763031, 18.69413258811127;
  -10.38470709745009, -1.657898517192917, 18.96774939184645;
  -14.94496853084272, -3.289551947849358, 26.86136358208396;
  -10.24809434911962, -0.6142518118591429, 18.88994902975137;
  -9.99887098059228, -1.85191707866925, 18.68949046616184;
  -9.927066999783801, -1.986823926804258, 18.86426416995669;
  -10.30329104653067, -2.278976825066834, 19.66995453245462;
  -9.704658194158755, -1.919705808949701, 18.87802469001518;
  -10.49903922548055, -4.242482645482255, 20.43572093706958;
  -10.78641706239924, -4.21380643694385, 20.99379927055245;
  -10.65605205431833, -4.016350948528143, 20.76906332641815;
  -9.465106703357677, -1.516270554982512, 18.64657818056841;
  -9.238476700716859, -1.821057827976679, 18.35575099697075;
  -10.02762326438358, -1.128970160206679, 19.86590728435346;
  -9.750522150992209, -2.389123833375474, 19.43120226987836;
  -10.23103840041887, -4.121966777013264, 20.41114571316009;
  -9.485342509722369, -2.201184192803794, 18.99063708181889;
  -9.730934233468201, -3.913933697248665, 19.72143771946088;
  -9.730146787683218, -2.226521852678017, 19.8573129800176;
  -11.32318031287576, -5.025035115291801, 23.09438063359474;
  -10.29785310627685, -2.245638228998979, 21.31674145566603;
  -4.606118573993199, 1.673373905426774, 10.10737513428352;
  -9.715436301070406, -4.172826162718071, 20.33972709582683;
  -9.491338284624501, -4.009629488038828, 19.93096883784277;
  -9.825661908448202, -2.311379551626841, 20.58286335938193;
  -9.543341712554106, -2.385359595855148, 20.07784143211195;
  -9.68668439820919, -4.256462357894869, 20.38477057490797;
  -9.740076136340955, -2.111228646566858, 20.53224500109804;
  -9.312019734121993, -1.824832323000933, 19.73139980071492;
  -9.331976028362117, -2.745740145195255, 19.78256004062606;
  -9.295824742936379, -2.512034307933713, 19.96367695706248;
  -9.230141941574496, -2.968979942459229, 19.86986626119129;
  -9.084023962512884, -3.31172535962674, 19.68891064884695;
  -9.237000376164694, -3.897458694136619, 20.03603491115524;
  -9.267967126100364, -3.495181595440199, 20.28863742742978;
  -9.020817055873495, -3.273939810094022, 19.8134019378346;
  -9.181688418880345, -3.336235222162832, 20.17251390476522;
  -8.954589546972827, -4.069902005101485, 19.85329273260532;
  -9.603955716165318, -4.441078094852233, 21.50979998154318;
  -8.601875843619473, -2.217714005088286, 19.41376977719782;
  -8.671673330588014, -2.358513508182487, 19.62805645412813;
  -8.896033910718964, -3.592606050718976, 20.24938309643784;
  -8.589936099638846, -2.25622437340347, 19.63602003668718;
  -8.702643478573322, -3.212533244851149, 19.89794837244834;
  -8.840269747704003, -3.38971963946096, 20.25007681856324;
  -8.780772253594153, -3.050659828033562, 20.12329082310161;
  -8.824323705505881, -3.536829202217013, 20.59959169827157;
  -9.302128640130185, -4.52452869075891, 22.26591124541688;
  -9.210744093098388, -5.106534002963497, 23.29138492284987;
  -6.897645022554888, -2.019581345370408, 18.31869902490553;
  -6.767396234587135, -1.685421742372598, 18.46717060181711;
  -2.683112999224605, 0.02747183072708065, 7.974810300441122;
  -8.75541897238524, -4.928101317011095, 23.75981209975382;
  -8.967425187442039, -5.579280020644005, 24.39570862737566;
  -8.698407727041758, -4.128464944847384, 23.76166115431673;
  -6.577200325546309, -1.552710598896789, 18.2393222580397;
  -8.696124509574691, -5.600499864511111, 23.92165077304001;
  -8.652684874774135, -5.334843635749035, 23.94974966013708;
  -8.528395712801935, -5.454969568918174, 23.69507539671006;
  -7.71217084093974, -4.575873133631099, 21.52816647646305;
  -8.651144668326735, -5.379402350033306, 24.18397474115723;
  -7.937229210866541, -3.999517868261295, 22.28325456964543;
  -8.455947068865466, -5.382317577433967, 23.72714350809697;
  -6.659874937428248, -1.700738810528011, 18.97918908036509;
  -8.028559423899511, -4.938764703591297, 22.77579063893456;
  -7.879092898925852, -3.801397857308883, 22.37353785707402;
  -2.36203098072524, 0.7953361640470128, 7.441784109038196;
  -8.147233272410158, -4.353288439568905, 23.23156806839805;
  -6.544191394654427, -1.647647394807873, 18.95705740295025;
  -7.776890401826337, -4.380863504162546, 22.66716734693984;
  -7.615047689742755, -4.551170699904064, 22.46857616573745;
  -7.604500584501885, -4.725142739743748, 22.47750159504408;
  -2.650717737756809, -0.01856863861445552, 8.545253716349476;
  -2.527902971442885, 0.359803202874228, 8.215403724286055;
  -2.361215762951536, 0.8919821796538642, 8.141042938942139;
  -2.342599745583611, 1.185015904375229, 8.154042484075147;
  -18.08901289021981, -10.51201975280289, 56.41287864585843;
  -6.191086026350289, -1.236216185716173, 20.01144776896985;
  -6.989480222277559, -1.62085570810935, 22.65753115564098;
  -13.93764822067106, -6.559510651955242, 46.38750112089783;
  -3.551726045071781, 0.9232529895731368, 12.61693269480669;
  -5.99774989645455, -1.465160469291042, 21.19620384452246;
  -3.439665730018451, 0.9935039823621046, 12.64848299021279;
  -9.778012873238684, -4.839810150472027, 34.57577990331859;
  -7.026091302086345, -2.335546611179334, 25.47756681784953;
  -11.68479354597726, -6.254320282029003, 41.74222610580162;
  -9.635114073013195, -5.353266558592034, 34.7537396436353;
  -5.301361669900279, -0.8544074541827261, 19.76689700486551;
  -5.35883726337754, -1.007582630952443, 20.00394149391146;
  -9.506908793713221, -5.013070565850745, 34.73898771129517;
  -8.066962550099532, -3.253946913233666, 29.84403148161392;
  -8.945145173297604, -4.948576886406316, 33.37959657772299;
  -8.673714697188588, -3.748686125279298, 32.51325047000967;
  -6.950048298121596, -2.411666570344234, 26.35759405747855;
  -5.057547824384202, -1.280683077905618, 20.14208779032703;
  -5.183733516247399, -1.010461325607702, 20.63675397863811;
  -6.297008031344912, -1.979099543830112, 24.93448773181323;
  -7.201002449062047, -2.477528703911248, 28.41781755704903;
  -8.598220062426213, -4.009642823021633, 34.32878268494985;
  -7.891833042976719, -5.125980534648427, 31.70930028627345;
  -6.50689544202837, -1.986147130076189, 26.49011197031924;
  -7.847208901596497, -5.419320941178802, 32.1971867467694;
  -7.759249866306377, -5.697062497430392, 31.87344855147513;
  -8.06596612444484, -4.97016319719231, 33.30078381008805;
  -7.441235420297314, -4.878047978306876, 30.8214978533832;
  -7.220613966865497, -2.094527167565801, 29.98658939173279;
  -7.218591289653551, -5.536272425969623, 30.17970364360497;
  -7.48662501580281, -3.407791582276984, 31.37904765308701;
  -7.056302454226217, -4.061586692771758, 29.74731474282849;
  -7.427418322254761, -5.405750540953783, 31.50418681222632;
  -2.54318192128908, 1.412546959672522, 11.44428755177985;
  -7.271915422118569, -5.565998081143473, 31.19052693912897;
  -6.922216834280945, -4.145269217979037, 29.93786425559445;
  -7.575682277774497, -5.245282488154146, 32.8837780292814;
  -6.952253374418098, -3.040927134891657, 30.26594177419212;
  -7.392275945422435, -5.900708228692677, 32.22130347252471;
  -7.181615104282816, -5.187292668254559, 31.57433434183648;
  -6.686406561944946, -2.427534010968408, 29.43956672902629;
  -6.33320022098735, -3.325282921830552, 28.05708351180155;
  -7.093647905194993, -5.594523694180494, 31.44885381744563;
