m=[-5.818014378602149, -0.747682106741951, 9.604790409624231;
  -5.8794441218097, -0.8206422011304544, 9.726619763696052;
  -5.688104905901939, -0.7422813199084853, 9.540385391378797;
  -5.997464811569531, -0.9902396083391982, 10.14857717143216;
  -6.143013297850506, -1.125322669768826, 10.3902150682077;
  -5.520124375129379, -0.6853280723078028, 9.582771312115103;
  -5.455812155829433, -0.624213410982518, 9.564411752497934;
  -5.34122116598467, -0.7656775776214598, 9.649586975469429;
  -5.287995176749828, -0.6079203417183874, 9.594296294914161;
  -5.187110938569878, -0.8281122859672924, 9.474299027139388;
  -5.151380160914038, -0.9541006096819907, 9.628754145528061;
  -5.129549243232398, -1.02663870107825, 9.747609439852157;
  -5.420864377734673, -2.190478819265454, 10.55137230007031;
  -4.989496797241841, -1.182437502190196, 9.786081426711171;
  -5.514278993754028, -2.154200434172396, 10.73254127362159;
  -5.443867182629574, -2.051836929020539, 10.61031061788258;
  -4.880159421392913, -0.7817811532598569, 9.614078006364098;
  -4.988381269184707, -1.222279217012006, 9.941031253483892;
  -4.891976250988402, -1.135240059513931, 9.794242590625956;
  -5.299128219421318, -2.134957334017421, 10.57187687174538;
  -4.803263550369506, -1.375460313292133, 9.859701389894809;
  -5.340169038861617, -1.155948045359335, 11.05560920271868;
  -4.738790195698576, -1.394290602595016, 10.04561105616028;
  -4.809217308982715, -0.9424394969449335, 10.19033380098431;
  -4.779838199531992, -1.291667805239156, 10.26516187226885;
  -4.465988610709426, -1.151409956222709, 10.07939155274046;
  -4.490830703787537, -1.221411886040841, 10.16485229776254;
  -4.423239442628233, -1.422442482595181, 10.04942770367124;
  -4.4905283649433, -1.657653986957577, 10.26725980337468;
  -4.502634658590322, -1.182657698893688, 10.29272201194593;
  -3.545389951017013, -1.038064931396763, 9.415812386145218;
  -3.525434730403141, -0.7702654100296082, 9.534340537772037;
  -4.271398745883764, -2.027304368939193, 11.6682883626083;
  -4.135226459586049, -2.453559710769392, 11.54329247574029;
  -4.124780435406017, -2.078449874104103, 11.58005269146191;
  -4.448820218885903, -2.766338427788577, 12.43652255584068;
  -4.216818585327723, -2.378249252962627, 11.93920085761568;
  -4.068335767448776, -1.962835451692826, 11.55248014916952;
  -4.175380217055734, -2.568483254752121, 11.84491272226533;
  -4.206774862858416, -2.247794283780593, 11.99548034372289;
  -4.161584987696259, -2.344296351120983, 12.12969946477203;
  -3.244208543627797, -0.6477931487951935, 10.48625548831619;
  -3.196291342309952, -0.6731033766021659, 10.64694028169394;
  -3.188567689749346, -0.7606451579477028, 10.7347930738767;
  -2.76288009124099, -0.4132197158282952, 9.499434706402678;
  -10.65788342870906, -5.837381120061369, 34.29167735500493;
  -10.73378479249431, -6.16912362372663, 34.81559129244521;
  -10.6265595925317, -5.54516058323985, 34.95948917394954;
  -3.137809592050465, -0.7665198872584285, 11.08910056048108;
  -5.383563903984908, -2.482668774125986, 18.97588421408016;
  -3.67985038654572, -1.142007413783613, 13.28008367927504;
  -2.755382802566024, -0.4440782863402688, 10.27384499656761;
  -2.780762899909142, -0.5228463304704769, 10.38027759088214;
  -5.221394999859164, -2.16295257589036, 18.65355147747681;
  -5.410611256505032, -2.853059456211744, 19.77079637858925;
  -5.202062795288394, -2.877852422925895, 19.41195521309752;
  -3.853335536798331, -1.337107326423561, 14.61351770370239;
  -4.329389263437586, -2.178726505992634, 16.81389000044568;
  -4.46873300907449, -2.122591023423587, 17.43955965477719;
  -4.20096958096878, -2.901210189366499, 17.23662563493514;
  -4.07714816014604, -2.672744943078732, 16.88749329487624;
  -3.957017637025685, -1.309251782207507, 16.60512691420648;
  -4.140075088273892, -1.884495751561496, 17.35249370819117;
  -3.891016616828049, -2.978223723159409, 16.68925607119017;
  -3.769981251427756, -2.257598628882723, 16.30477485080172;
  -3.909614040503226, -2.706954873524274, 16.97046887317955;
  -3.896701920200975, -3.110449509062326, 16.9848658301933;
  -3.702241423781601, -2.235999593765732, 16.29163283312995;
  -3.875299086194397, -2.799135047647096, 17.03794860144271;
  -3.45901259206182, -1.816174303263508, 15.32397552223945;
  -3.764345295668304, -0.954633394453728, 16.57659114320569;
  -3.800700343569685, -1.379863647841205, 16.7340963109198;
  -3.782084571738521, -2.982804056921122, 16.76742719845379;
  -3.813043766265261, -3.142741654395051, 16.9474516282649;
  -3.738242139876536, -3.187634257325305, 16.69186522992547;
  -3.626408453776886, -1.690401595063627, 16.4822158118947;
  -3.628783682689522, -2.544941659564618, 16.52493463974609;
  -3.50570810472834, -2.619381391013171, 16.127798069967;
  -3.589350725947076, -1.276636436934031, 16.47848027611864;
  -3.356473860536354, -2.050163834610404, 15.51347065300083;
  -3.869460771788803, -1.127867659855625, 17.73930562845854;
  -3.657010173282058, -2.462077126782876, 16.9773518762975;
  -3.644097524229249, -1.715846792047329, 16.9564622468799;
  -3.618891839539394, -3.163704875776856, 17.05351628008279;
  -3.570802638824814, -3.023849894671027, 16.94174774480556;
  -3.479207056508769, -0.6943225864623288, 16.5502331570645;
  -3.477269376452288, -2.766373979466576, 16.66688948975005;
  -3.485168416268738, -2.94309258057005, 16.92236532674798;
  -3.457049102090867, -0.9118431193756373, 16.85644632522112;
  -3.473442722614173, -1.00541546697668, 17.11947425925452;
  -3.408521678668742, -0.7960400359953797, 16.860021364528;
  -3.489878277035363, -2.488682478603627, 17.35379749697834;
  -3.392825926619478, -1.608930390528268, 17.09480665815296;
  -3.31295125250091, -0.9218662497259682, 16.76459575963167;
  -3.227299976697394, -0.9791848572437881, 16.56937280788699;
  -3.33134056192739, -2.448206439465377, 17.14001457141852;
  -3.243743906107498, -2.551105055398033, 16.78702164817252;
  -3.293645202766282, -0.5017684100357033, 17.04862314710003;
  -3.078846225675699, -0.8645384891480772, 16.18087799762254;
  -3.188937844433953, -2.134979627891471, 16.78501248361932;
  -3.059963195846789, -1.979645335137009, 16.28701829080504;
  -3.118879752710872, -0.534655290206392, 16.65908336767356;
  -2.994593679088747, -1.215811589777207, 16.09329615483791;
  -3.081168433214626, -1.032044701212997, 16.56673060640603;
  -3.05962768214179, -1.195252115088422, 16.57657362407252;
  -3.049999207824051, -2.727671100884615, 17.20792233123132;
  -2.817624789735788, -0.4625817441321387, 16.04082549256279;
  -2.720566000139326, -1.625712634978125, 15.7349082464752;
  -2.786479084465998, -0.8849708960268536, 16.36908010653946;
  -2.79814302303136, -1.904154242320752, 16.72611180602556;
  -2.747964743894944, -1.171165423114265, 16.48644185857895;
  -2.608547320002769, -1.247215909477091, 16.27884764842965;
  -4.536667249235587, -4.591813072765608, 28.31299409038953;
  -2.520699259887053, -1.837758563586969, 16.28090965997101;
  -4.238480262072505, -3.735016788226412, 26.86851857428139;
  -2.588016347307113, -1.694627062205093, 16.78489093765164;
  -2.488376605583138, -1.341036301688829, 16.39221540583689;
  -2.478956639052629, -1.232149985695073, 16.37472747345001;
  -2.485717056890283, -1.251884173885071, 16.46237612710535;
  -4.19706821792027, -0.02226639999577524, 27.16327133326828;
  -4.178663453795514, -4.732680762214172, 27.17399300668825;
  -4.303337624666536, -0.2045390201339225, 29.15149641960419;
  -3.98729300040734, -3.970170991913667, 27.22080288195157;
  -4.779794979353862, -0.05345508628491868, 32.35999833343211;
  -3.979676731573455, -4.204789553387385, 27.37446521845931;
  -2.449565861806234, -1.763866380590523, 17.31918548839502;
  -3.233296630004647, -4.014026476835283, 22.77086078787254;
  -3.933409544852221, -3.870795742102562, 27.70515544534575;
  -1.304196427479413, 0.3656667295494415, 9.905866603376071;
  -3.823118745679603, -4.659517945285699, 27.48917873547205;
  -1.349761990243155, 0.1808030742563483, 10.30174755122991;
