m=[-5.794512723671507, -0.8698174300294979, 9.14799432465513;
  -5.490826635814287, -0.4667402789909463, 8.864142089036564;
  -5.414934368316178, -0.8344184991219686, 9.045553203643582;
  -5.226948266706326, -0.8083133226680945, 9.010769129293768;
  -5.20069796445974, -0.6591429672869288, 9.004725540979257;
  -5.08600343974074, -0.8714098094593916, 8.870315498103025;
  -5.102185118368316, -1.005329993136583, 9.097872240645586;
  -5.076584999723707, -0.8731235944719817, 9.074338224737463;
  -4.958857251364906, -0.7852429305962733, 8.957722304892435;
  -5.020333842999611, -1.072430051525469, 9.106511850928998;
  -5.114449993879393, -1.200182917376226, 9.341209125486543;
  -4.790809624653237, -0.8294494430974992, 9.006302631997571;
  -5.387081343680885, -2.253077902898858, 10.04132722719943;
  -5.350467063835825, -2.093787306260815, 9.997428934395938;
  -5.409937265541251, -2.191788354400847, 10.0991473386608;
  -4.806451174733978, -1.013519464384624, 9.103169509673126;
  -4.883911624406599, -1.264727485608788, 9.305635030301604;
  -5.272303547031086, -2.138051385759926, 9.988769847110305;
  -4.783315505883476, -2.094564807244154, 9.60941909282915;
  -4.877404506033932, -2.221094712272558, 9.831360189361572;
  -4.609665943949661, -1.429103017928885, 9.353845460633217;
  -4.611344548275397, -1.559498444266061, 9.504649721074449;
  -4.682247357081901, -1.339544023905249, 9.632186834882209;
  -4.683693292182859, -1.779688504797824, 9.710274606680247;
  -4.774572890587996, -2.090029990019636, 9.912516030801925;
  -4.543283240656754, -1.786159625325162, 9.529522799874224;
  -4.593049547212822, -1.739323623150287, 9.654216936143504;
  -4.547250972851964, -1.726645954044853, 9.571065169690234;
  -4.357573708422724, -1.186482550909431, 9.407763760842519;
  -4.400959205179843, -1.265031851151552, 9.534781234069815;
  -4.284728834749375, -1.459608451104878, 9.39485451060121;
  -4.407243285928601, -1.227328744118824, 9.644788945456941;
  -4.401971112491271, -1.697164729081292, 9.636188627945087;
  -4.39677963785158, -1.600817279331988, 9.655106143486105;
  -3.436748739422682, -1.069849180409202, 8.710614306157007;
  -4.063971442179658, -2.265458400081769, 11.1948813305164;
  -4.106573497091185, -2.267878592914284, 11.53192038833274;
  -3.878074735697789, -2.409025815940452, 11.03374658983572;
  -1.820619177715559, 0.4522390469500741, 5.685110001474151;
  -1.544288052521488, 0.1540758240401036, 5.086028726947816;
  -3.007867946005619, -0.8127074584828584, 10.26094377454474;
  -2.85843006542475, -0.6182234757168131, 9.965835350517073;
  -2.630554679864352, -0.4903453422334071, 9.441458604018617;
  -5.520291864806096, -2.88917968558711, 19.20260809813808;
  -5.57570556457341, -3.138965881160527, 19.70476212635871;
  -3.251944789995734, -1.217098762915086, 12.03220578580248;
  -3.343219868895605, -1.366414957343735, 12.47021303854972;
  -4.70292549907246, -2.598333395092281, 17.24233755018214;
  -5.234438092991312, -3.039704344141329, 19.19856750028322;
  -4.579184321400962, -2.117515875458461, 16.87210845464296;
  -2.652967517181168, -0.5964797325490231, 10.19853444789825;
  -3.403994238362559, -1.220486536900656, 12.92057077704661;
  -3.113212404171984, -1.259663541096691, 11.9879465071118;
  -3.498158334357375, -1.323014799760819, 13.52527293100378;
  -4.034881985515621, -2.931775835383907, 16.26408811966553;
  -3.975093980281667, -2.753658094642136, 16.1607107796407;
  -4.00028429909823, -1.958423348186628, 16.48579944899841;
  -3.686663232240276, -2.143129526169887, 15.26849636292844;
  -3.812596413442875, -2.920483326361095, 15.88193805136208;
  -3.619602409184731, -0.8566195548115744, 15.17576163457727;
  -3.847601661197666, -3.206036950742273, 16.11960011445106;
  -3.786712407540458, -3.04657865054863, 15.94521533654557;
  -3.614980291006624, -2.296951366989172, 15.33957242442925;
  -3.749175511191238, -2.744049393832414, 16.01817088978238;
  -3.63569346627435, -1.716391281879923, 15.55229172854745;
  -3.416151481248452, -1.918865825889527, 14.82399591853826;
  -3.720693922388131, -2.83465627974067, 16.07624294017611;
  -3.69514507319538, -1.469017993173668, 15.97976364694004;
  -3.65303852070078, -3.028712378332719, 15.90916642361069;
  -3.674499348376942, -3.195490059774457, 16.07647612304364;
  -3.637425671313847, -3.250832956586327, 15.94305946358697;
  -3.426523436244382, -1.718837326476058, 15.30812956625722;
  -3.484018911588097, -2.593015510426933, 15.60972971181239;
  -3.500562653267008, -2.751431607747782, 15.80326304967739;
  -3.168284852149877, -2.068053461556602, 14.41345834953096;
  -3.461671223722313, -2.469232270906905, 15.80157127712964;
  -1.617688729032468, 0.493226421189822, 7.978594613983614;
  -3.442815300987113, -3.165366333774463, 15.97715173296218;
  -3.413523780743768, -3.039510065546652, 15.9242049036021;
  -3.429456554220939, -2.877573916494567, 16.14714574203155;
  -3.294884597986335, -2.930114637493899, 15.74034432123509;
  -3.344566082592859, -2.533773238910863, 16.38415643868068;
  -3.264622081487809, -2.760472094399246, 16.05057568558789;
  -3.179727531863119, -1.640798194614015, 15.79396510268838;
  -3.096579558343423, -2.036376394057078, 15.58404750489956;
  -3.136921204751166, -2.609230160561037, 15.96609574311106;
  -3.018826787546347, -2.165739708802168, 15.65010097522247;
  -3.043022008417567, -2.837742409575174, 15.99316758990718;
  -2.950008324357379, -2.622537234715164, 15.67073022085606;
  -3.043214436846699, -2.653465243268478, 16.27738689880977;
  -2.783264243036217, -2.640169511057712, 15.51028556611331;
  -2.72433684423583, -1.822204114727578, 15.2736635230576;
  -2.649918789660502, -1.713727432015593, 15.09700893725134;
  -2.402795536314883, -1.827153154153418, 14.82735716833838;
  -1.146093383313792, 0.4318638858750939, 8.445245553662987;
  -1.093298092311642, 0.3871750739587286, 8.476808577182005;
  0.09325224975505495, 0.7141259831875678, 9.862434872518103;
  0.7157431011000307, 0.4671122033126396, 15.65135230777621;
  0.8919666022619539, 0.08826838376405305, 18.96443371102974;
  0.862660213768256, 0.2079392661121755, 18.34706952099186;
  0.8917860169087137, -0.1089963968875586, 18.80228774686705;
  0.826228341296041, 0.2383102282383101, 17.34803043803912;
  0.9560531285424226, -0.01568694832356168, 18.46921094491925;
  1.313711121703784, -0.09985454240730961, 21.73482546925482;
  0.8220410637187778, 0.7073503689539, 13.48689511925626;
  1.229504903504363, 0.5233865567633808, 19.49276517564719;
  1.045469955070876, 0.1683250217742539, 15.76274115930555;
  1.35905301529503, -0.03134829739365125, 19.4953138897065;
  1.217960551816357, 0.5877305680776841, 17.37527562860403;
  0.771364443140509, 0.3869738110591205, 10.10596333620742;
  1.478569693109312, 0.1024243052541171, 17.57295909406802;
  0.944389197516326, 0.6670669053426863, 11.61099846859427;
  2.464669066239555, -0.2310495997383967, 25.63074115977155;
  1.099123906559556, 0.2147345108911536, 11.85065404373741;
  2.864048630845338, -0.1319253157127134, 27.84492591306306;
  0.8387922670741999, 0.6228305217281567, 8.8935453813453;
  0.8575999119408754, 0.7256671678013485, 8.957128186856838;
  0.9229020710539594, 0.1988029846428951, 9.243852173878421;
  6.241371102260255, -3.252571333177939, 50.76113315136757;
  0.9846047366312332, 0.02810921528256053, 8.830641163352585;
  2.417064378984107, -0.2165478460846088, 19.76456039523023;
  4.511438728338498, -2.069188671689702, 35.8960399733997;
  0.9674379647599366, 0.05123016188946427, 8.428295773478999;
  5.016635985938746, -3.566737571380306, 38.93313833172702;
  4.437068559965641, -1.701808006795326, 34.28719763371707;
  2.203132406516155, -0.1317152372177003, 17.29979729283036;
  4.116998531041522, -1.818840865237299, 31.29062720608545;
  5.245980527716214, -3.257736752053686, 39.08973282696648;
  5.018818320995114, -5.112815197118906, 36.13626079800243;
  1.021676199273593, 0.2738417556848733, 8.175731587128391;
  0.9798398589734521, 0.4026898368049076, 7.843844990233793;
