m=[-12.9846812345234, -3.590927917760489, 19.29496527177085;
  -12.46062121603314, -3.179906803288507, 18.73498081064581;
  -12.28280147956194, -3.290787530848514, 18.51643666540565;
  -12.35503049079818, -4.125144237377554, 18.65037366262109;
  -12.37586545451447, -3.243522486817157, 18.70074673830387;
  -12.16812308237887, -4.155788987372984, 18.47842963376789;
  -12.87704042290263, -1.991115566630474, 19.7011976497432;
  -11.4488419885544, -1.613671757120742, 17.71364712811364;
  -11.55429933866993, -3.001194580405543, 17.88202279138825;
  -11.16581017279527, -1.550717205374747, 17.5875274956769;
  -11.36261229426437, -1.7056478595419, 17.93854250359219;
  -11.42401037224009, -3.548196517264523, 18.10904968693732;
  -10.90014405999883, -1.537505723162584, 17.43921918230506;
  -10.83006025729652, -0.9205945991827351, 17.48355927454403;
  -11.48469671485288, -2.024547804111443, 18.5935535764953;
  -10.67335862962027, -1.110931146321859, 17.57076529034019;
  -10.64165541068549, -1.438335039417264, 17.62225125794421;
  -10.59991613575129, -1.633402274377462, 17.70697460732359;
  -10.80748491562679, -3.381098421688429, 18.30410349413037;
  -10.3138473019224, -1.594968948747903, 17.78010650389966;
  -10.17529606389227, -1.289629754777289, 17.61797146838823;
  -10.39682388303802, -2.119756034915332, 18.06267662655846;
  -10.3095681125488, -0.7332120115069633, 18.15386072027213;
  -9.951635804373952, -1.960861419726093, 17.74508549438576;
  -9.660837075064377, -1.529808912073167, 17.45141901945583;
  -9.93938338938117, -2.12322402727636, 18.02930152793297;
  -10.45651863597136, -4.373305242103423, 19.49057728713539;
  -10.51213058806787, -4.25889696533532, 19.62380531255921;
  -10.37777354531427, -4.061112844389812, 19.39102741474554;
  -9.42238783816796, -1.631330601157576, 17.71326415266111;
  -10.38027887302227, -4.209463554414896, 19.666207699636;
  -10.05765821612824, -1.25856526446595, 19.08878894161817;
  -9.540906274916861, -2.470693028760697, 18.17891036541393;
  -9.433275647201247, -2.314820290261406, 18.03482678029275;
  -10.26935135902543, -4.297983904660258, 19.62617517447687;
  -10.22701661134808, -2.355938981760273, 20.34862162262058;
  -9.229769032700709, -4.041621208366465, 18.54210090389091;
  -9.671833204473471, -2.396807401216392, 19.43740140127938;
  -9.489087541148418, -2.509988261056007, 19.12691215008378;
  -9.001740484405616, -2.790747670069597, 18.26615863094639;
  -9.236486632126022, -1.943725691095136, 18.74003426253288;
  -9.146053627590455, -2.616594243066901, 18.81500284463986;
  -9.007167134914608, -3.046110085050368, 18.56507743030272;
  -9.061920108792624, -3.44330724557291, 18.78725339830358;
  -9.360660418492161, -4.097552063683967, 19.43371660323938;
  -8.8474716382645, -3.478320806649315, 18.55754489255536;
  -8.937404079940725, -3.384469922671262, 18.78569715976194;
  -9.052462029806337, -4.262551527659202, 19.19928318657632;
  -8.617996837784814, -2.346512889055738, 18.60578472484722;
  -8.639620784074525, -2.48341212998783, 18.71794085810142;
  -8.621744862226443, -3.324083895459133, 18.87353589365364;
  -8.441194352253374, -2.875523536996121, 18.5084741400602;
  -8.755680667158774, -2.438281224782729, 19.16088734610692;
  -8.529813562720085, -3.41457558566647, 18.72455340627685;
  -8.503223911393938, -3.095926766536723, 18.67265048253686;
  -8.658141001754599, -3.626514289917322, 19.97971677364632;
  -9.118399739535203, -4.650451229508194, 21.04864325692377;
  -8.200641323060493, -2.103726648135093, 19.12374624159786;
  -8.475467378114317, -3.588710753833329, 20.02102263826603;
  -6.798330509003049, -2.116299117179443, 17.23071410790805;
  -7.70454337631746, -3.82154120600356, 20.35024893190764;
  -8.341072272175948, -3.935747919199438, 22.18458509928875;
  -8.208042089877011, -5.066215890831334, 22.04797077323696;
  -7.856511943033099, -4.135779616949101, 21.26587614072803;
  -8.38689392217559, -5.414648396559084, 22.67924662031551;
  -2.391165986665967, 0.850895888164903, 7.230434451959793;
  -7.695437287317713, -3.884452883521743, 21.07577852336773;
  -7.965827132563648, -5.073935368956647, 21.78903106484362;
  -6.493666998940074, -1.762808867566913, 18.00565051091752;
  -7.932198246710532, -4.421799071374932, 21.85055168951383;
  -7.964483966080556, -4.32457489448874, 22.00990794866578;
  -2.298773532052414, 1.138616511548175, 7.105006002483178;
  -7.597052108023989, -4.336970344429489, 21.39588221314133;
  -7.914575732797691, -4.370869506931951, 22.22540454291219;
  -8.097492999187743, -4.748433381723536, 22.77057123648635;
  -7.598228781968124, -4.719952692683075, 21.61818340944052;
  -6.239018427119579, -1.493196690742077, 18.01492922649029;
  -7.344242247148983, -3.137940581208096, 21.07070280524187;
  -7.805225410332146, -3.24922230907837, 22.36489210659321;
  -6.394376797156391, -1.461159937814712, 18.51830934140894;
  -7.551275295254149, -3.326119938399103, 21.79108199541075;
  -6.128973164808279, -1.360220864269162, 19.0479471867391;
  -5.893062479725543, -1.592269313863518, 20.10340342389154;
  -5.86171488519068, -1.267776250263123, 20.43670269358328;
  -5.155237690595077, -0.9609558048874142, 18.5029277749664;
  -5.195311575831613, -1.112071071724427, 18.67823868396127;
  -2.480298900544152, 0.7751363165420622, 9.759983231929017;
  -5.080145435334661, -1.113454605315085, 19.22363644309271;
  -6.120574406936624, -2.19450390884276, 23.23191794209546;
  -2.424100123865253, 0.8249581697467362, 9.808182798707181;
  -5.121428076693517, -1.151475858513724, 19.68778747735617;
  -7.093137232470994, -5.706744566824315, 29.86801964632972;
  -6.983452067377689, -5.855013280445824, 29.91938673680077;
  -6.838563354596611, -5.669811956460287, 29.78228723572619;
  -6.923348720094179, -6.020818053807872, 30.29067087445867;
  -6.835585347636893, -6.109085967282518, 29.96078917165471;
  -5.635837609911102, -3.678713885223658, 25.63908058962972;
  -6.361809577593783, -5.849125235683005, 29.52339525396119;
  -6.43399801731873, -5.72903632477006, 30.01482027315159;
  1.188708653011839, 1.376610234657866, 13.97722149211422;
  1.593448666341945, 1.18318742692581, 16.89501511069919;
  1.718487545708536, 1.454116275937978, 17.94859470028673;
  1.921630643316922, 0.8426516030483546, 19.63661916225696;
  1.830421356347245, 0.3942923525790342, 18.33362928166481;
  2.039201987536136, 0.1173227994623213, 19.35764474725553;
  1.809107059390535, 1.454706328729312, 16.94186222113609;
  1.841717180251651, 1.440903448823402, 16.95070715849166;
  1.772060574066167, 0.3605043987196287, 16.33541663718823;
  2.175573344356704, 0.06210985710748906, 19.51210146957111;
  1.920567827472768, 0.101702645859615, 16.73193971355589;
  2.034506250003648, 0.04390207974546942, 17.45477450972337;
  2.756779331794014, 0.04487709426114581, 22.02294223049961;
  1.805354412150953, 1.533627391779483, 14.52635072864311;
  2.023365555971488, 0.5423264010980011, 16.19152300897811;
  1.944714383991403, 0.7992292931848086, 15.56788901636207;
  1.983235790463004, 0.6658394802381163, 15.4942591773157;
  4.189031595337781, -0.03725516180158985, 30.4788745396592;
  5.136526624168151, -4.423536700087361, 36.15500997033951;
  2.164240636991361, 0.6701379291417431, 15.66361628607168;
  5.03627724902189, -1.645273965427628, 34.72180206171172;
  2.303876147940716, 1.548779987354264, 15.52700320218067;
  2.69107614763363, 0.2405715739561865, 17.48042345641065;
  2.376693963492282, 0.6726831121236393, 15.25743938847209;
  2.455856902693555, 0.5915039417657501, 15.64047813456928;
  9.745021674683398, -8.161930126040389, 57.49201661015726;
  2.615698557426876, 0.6826318757809332, 15.7636329161116;
  2.579478987085927, 0.003375071249637198, 15.31523850298132;
  3.146072525481226, 0.3130994341583499, 18.18140613104727;
  2.732981906936431, 0.5979312468805837, 15.85471726793033;
  2.90125669724967, 1.57699577792093, 16.76619265810514;
  3.43422663760602, 1.964383670496824, 19.60936720295756;
  2.282434699166215, 1.539711669175634, 13.2443520196709;
