m=[-6.847921152078618, -2.132010120321849, 9.4930828013404;
  -6.968032349809693, -2.074386852629397, 9.655851743380024;
  -6.56808738274889, -1.699492461037793, 9.422093748899471;
  -6.437686815642823, -1.750463272820457, 9.253762943591111;
  -5.570889289776761, -0.7738297028716992, 8.778112152265345;
  -5.529726236875318, -0.7136149645352651, 8.798443634108883;
  -5.35936783398201, -0.8480695770695642, 8.795993975571703;
  -5.324757880255489, -0.6941993920611405, 8.773952816697568;
  -5.4683349168053, -1.137835530840942, 9.052165303622669;
  -5.148723704408697, -0.8369325989056328, 8.846789100282829;
  -5.193479787929167, -1.135032352917125, 8.972842856608862;
  -4.922255103674301, -0.8746904384436512, 8.811062064055472;
  -5.504594209005392, -2.186278817575075, 9.836319360603833;
  -4.928151619980497, -1.235983076610775, 8.980082854327685;
  -4.82084488136955, -1.476614865723889, 9.011412037429164;
  -4.832450810218658, -1.415654490821415, 9.502927074365793;
  -4.756015660989609, -1.838135252674559, 9.418918855529327;
  -4.873548178611426, -2.16942774250438, 9.68321146810435;
  -4.705034570686992, -1.881141599207683, 9.420667428925595;
  -4.727746165812559, -1.821796328835025, 9.493547572732135;
  -4.517825805338952, -1.255863915763154, 9.317256103560048;
  -4.51724399723954, -1.546449030131538, 9.318452374598103;
  -4.537972313306872, -1.33493126299538, 9.396872790322274;
  -4.448801974035145, -1.535228081446908, 9.23324108905407;
  -4.593020576628114, -1.883144221552585, 9.509532341119352;
  -4.42420443820351, -1.536480145286008, 9.263126699137171;
  -4.497264669836947, -1.283699181734355, 9.420517739455553;
  -4.538116987875818, -1.784941533717714, 9.497862017344012;
  -4.519211928893022, -1.841108561579657, 9.47739441459742;
  -4.578624338500289, -1.697752134758964, 9.604721421191005;
  -2.074005870608943, 0.3199037663828314, 5.229030215419308;
  -3.529508774209999, -1.12704122681729, 8.516544018418548;
  -3.524955166803045, -0.8590237630431327, 8.680410559340919;
  -4.469788576522142, -1.984007918249179, 11.03315874919422;
  -4.653130717463944, -2.392536363116861, 12.26502193008797;
  -4.036454153620642, -2.026548050323462, 11.23878871809019;
  -4.001844502069773, -2.035341265673846, 11.32163178877135;
  -3.945476283979116, -1.977859562802517, 11.26150781714858;
  -3.146506581142271, -0.7386325221910999, 9.559954071810417;
  -3.146608858690557, -0.8004380123300805, 9.752047698160551;
  -2.854118803913317, -0.6497580389872989, 9.602591034982796;
  -2.827501099714054, -0.8219478867778309, 9.88254694201262;
  -2.789677593230178, -0.8224184784670254, 9.915816888609429;
  -2.800032878725128, -0.7791185020521454, 10.0188588783949;
  -2.860116825787977, -0.7579278544489927, 10.51405549045729;
  -3.563437352831752, -1.503265860011602, 12.94658854282295;
  -3.526261530367715, -1.306890264537527, 12.99921105828572;
  -3.552021599056335, -1.463110592451464, 13.20655568028725;
  -2.018544124799759, 0.2893411675515586, 8.383722725977693;
  -1.712583164466741, 0.5113475216656319, 8.074106790783835;
  -3.061657201303431, -0.2039747463314641, 16.03714904019333;
  -1.270192747474394, 0.2811327082635481, 9.103400674212161;
  -1.359608835488595, 0.09871362119493507, 9.845291326277128;
  -1.275551772991371, 0.2511272022836004, 9.497038361269757;
  -1.365760244729441, 0.3913077298783095, 10.17534052665674;
  -1.366879949190081, 0.4104698862127134, 11.64438093539408;
  -1.993111803720764, 0.6522549529273827, 19.26704135024784;
  -1.524053135589952, 0.615893518092245, 16.55715850319088;
  -2.480824963034498, 0.02199950918235205, 31.2541157720012;
  -6.996790637361307, -13.98440717532128, 95.64074349240937;
  -6.499183535571313, -11.76173702139384, 89.88844559555663;
  -3.306049125975254, -4.969466328231141, 47.62483226982631;
  -4.159963400701665, -7.272625685651077, 63.15671033490655;
  -0.565026830193084, 0.6740401704922128, 10.09674964983575;
  -1.622474150450893, 0.3460088863081867, 27.13590026868689;
  -2.41687743467548, -4.236153219632851, 42.80155714700226;
  -0.5201387463755589, 0.6943317481592438, 10.46353997462032;
  -2.598704737579652, -4.903394589251344, 52.01807127574973;
  -2.236830002282665, -5.527022935775229, 52.77762403808466;
  -2.624509276327411, -6.140530734102529, 62.30554953003831;
  -1.385566299755048, -2.654677509767626, 42.12073271191724;
  -1.407944676785481, -2.051036654501823, 43.09804063241856;
  -1.60555069784003, -3.459201520712768, 51.01313749535001;
  -1.2920742137563, -1.339521509405047, 48.0469247049609;
  -0.660967553524077, -1.184582758350543, 28.06764619689563;
  -1.295513363011563, -0.5936318805129748, 56.95616799754994;
  -0.7937985874590717, -2.337666731736336, 42.62867731521833;
  -0.7511329649579985, -0.5312213897540623, 46.64107823015942;
  -0.2556591276720783, -0.05509017722101265, 24.06712359622702;
  -0.4495910235353, -1.548155072182663, 50.19303890914863;
  -0.2001305899194444, -2.831248801355206, 53.18813642309853;
  0.01872430629254945, 0.1136270771098913, -11.20066814064148;
  -6.783888046510834e-005, -0.0376544566427717, 2.435940525882268;
  0.09437924855719541, -6.072499972039557, 96.95368231699496;
  0.2855019224880664, -0.7786212744353561, 98.47326430020095;
  0.4952485289378615, -3.726915200919456, 66.69304386589185;
  -0.1375125757170252, 0.2000635948028933, -16.66207435019575;
  0.3182108662503612, -0.2997583066528691, 24.76053364278326;
  0.5340059883979834, -0.2741474994456353, 35.50094031856073;
  0.1160544086811108, 0.6385238351871844, 8.679677816181567;
  1.360999498739822, -5.320796744533699, 85.23198482094099;
  1.38734606003401, -4.008693366754443, 80.49359355189475;
  0.3348139066545083, 0.2866675224090043, 18.73913025708474;
  0.9597555093119469, -1.517972960728767, 45.18047400976539;
  3.560734149955101, -9.390853348327909, 144.0187309666057;
  1.444767169332685, -1.241242345015677, 51.34901441734706;
  0.8789415343174952, -0.958537977868321, 30.87146231575425;
  0.525611941788883, 0.006728430481831946, 18.58155451967799;
  0.5576385151894814, 0.3553386190198651, 19.31182450710472;
  0.5213725064120208, -0.2666781548825835, 16.72993352137252;
  1.372184783784446, -2.587060065246215, 40.87136238152409;
  1.649666912850788, -1.061273961052397, 48.1748313009591;
  2.66003072644011, -4.006009312823938, 74.56301570300266;
  0.6999889739940072, 0.2292036179236094, 20.18012174869049;
  3.202127821178747, -4.69540976153386, 78.97520483776515;
  0.8355634976482302, 0.4932669109840683, 20.61755389974106;
  0.6377543696614847, 0.1989798494019252, 15.90215464644225;
  0.6487338600896815, -0.09225278283360582, 15.57256512257531;
  0.6741642303327791, 0.5384469058322585, 15.69794209978689;
  0.6562009382412399, 0.1621744437360269, 14.482183543377;
  0.6567282688134921, -0.1474924866444119, 14.0521859749263;
  0.6492189568102224, 0.3507129805837597, 12.82095887900288;
  0.6660777762284391, 0.01956397149406218, 12.94254200399158;
  0.724266373043572, 0.1145144389280824, 13.95653274899188;
  0.7909032282463451, -0.1412735293542673, 15.12156473624082;
  0.7647459998504795, 0.1590301799534611, 14.55221532557332;
  0.8263790938682319, -0.1582951332269877, 14.75241399728133;
  0.8871247884453587, -0.06664245717169443, 15.60711327279203;
  3.270688829893294, -2.102490624320558, 53.76662402236715;
  4.087883490715917, -3.902963176631391, 64.85543603606077;
  0.2639837746812082, 0.7402303764143171, 5.021231482811668;
  6.094286924342725, -3.745697289000231, 89.21062792848868;
  4.138429110046229, -3.669267632896779, 59.56959228973518;
  0.7339946793783315, 0.5849608455123094, 11.39482283647132;
  1.214803687021001, 0.431238772392428, 17.74601806195843;
  1.131554433188382, 0.4950651219699533, 16.48055671831619;
  3.728520145125456, -2.687577874502029, 50.85916198399589;
  3.699070302932388, -1.915006091256881, 50.15689145442831;
  1.193915394164807, 0.496466925593612, 15.75346487273144;
  1.114047609755758, 0.6355514390509056, 14.44032932237984;
  2.870851745708669, -1.383468452821733, 33.21568281071559;
