m=[-3.638516317528008, -0.0228264217240058, 5.64198889238155;
  -13.64443397067015, -3.396756288289363, 19.3336465550218;
  -13.75875826346352, -3.841640388920298, 19.53153721748247;
  -13.30709065219339, -3.443209403874306, 19.08937082344287;
  -13.00931950405822, -3.537347598349558, 18.70006451004563;
  -12.83925181278796, -4.33881163841681, 18.48141757220838;
  -13.02831535247596, -3.465697577705481, 18.7825257404247;
  -11.82841733877766, -0.9986825399087197, 17.37354535328685;
  -11.3582806465598, -0.9415441489213332, 17.14866848842994;
  -12.03584494929841, -3.793945795217447, 18.16945197528632;
  -11.76848168953566, -3.326743049379497, 17.88405925152905;
  -11.84458784353878, -3.577595042372548, 18.0553785652686;
  -11.2200011092631, -0.9902275848991796, 17.22848210968294;
  -11.1752652119617, -1.762509070489171, 17.76685422456396;
  -11.10741708628039, -1.433419795223598, 17.67320459781008;
  -11.29555534801824, -3.591944147767907, 18.23549777157575;
  -11.03431983071827, -1.075544575526741, 17.89962719451712;
  -10.70770143367398, -1.694393090294003, 17.57387815511022;
  -10.73861680520186, -1.400015066486176, 17.69472326897911;
  -10.79055418758623, -1.902726647974544, 17.86757318927726;
  -10.89053008236443, -2.146454304271167, 18.02666347084881;
  -11.14529325874704, -2.319080828877463, 18.44968138756043;
  -12.46341719694309, -3.034833369743049, 20.62211366687204;
  -10.57939372786633, -2.124952816130389, 17.95632673298921;
  -12.75729535690923, -3.141729093093037, 21.49344321970034;
  -10.30319210410683, -1.674799006466485, 17.7034490172163;
  -10.33148289701397, -2.257940306030652, 17.8498379306512;
  -9.948377791796212, -2.39404690012057, 17.38796518595613;
  -10.32723656572516, -0.4578354366888221, 18.18769595662791;
  -9.860992219243878, -1.752309749509193, 17.65162768424345;
  -11.22091124758507, -4.759461020966566, 20.00489940261284;
  -11.15764367576315, -4.431520125945685, 19.93791773553066;
  -11.2585930470828, -4.628504608112664, 20.11179774358123;
  -10.12828708474961, -2.676533828131847, 18.39993363415124;
  -10.80640855120746, -4.460184967686709, 19.60399145475282;
  -10.22160733424505, -2.540752631595577, 19.04931938631818;
  -9.673426814520829, -2.962950725092742, 18.08214887320719;
  -10.91469275898188, -2.576550829948233, 20.84476601735826;
  -10.05248368490662, -4.472050739400076, 19.27144407516669;
  -9.576746534050848, -3.016416546745484, 18.53078012918244;
  -9.835355537466942, -2.121738381876359, 19.06935325018859;
  -9.572715869730372, -3.291907569269475, 18.83433681391558;
  -9.711852542690004, -2.845063137979958, 19.09818228775745;
  -9.828970396890172, -3.798763139534991, 19.4655108815275;
  -9.854412814755385, -4.386626696386156, 19.57964909386853;
  -9.466592825484959, -3.784882193581964, 18.95450954804043;
  -9.575317399188192, -3.689766217022152, 19.22770979342102;
  -2.304036072788462, 0.76519761007649, 5.423779775123621;
  -8.92391099610016, -2.480666207678937, 18.40406597744039;
  -9.093149377297786, -2.674923632135639, 18.82937181245145;
  -9.257759196147028, -3.795692931022796, 19.16755194392925;
  -8.924791169097931, -3.079838146048323, 18.52290774340745;
  -8.829560748858794, -3.066414532084095, 18.48679034995472;
  -8.980835622562891, -2.563489628995465, 18.81235095299727;
  -9.111370993687926, -3.583703231801624, 19.06926258579885;
  -9.244082568666862, -3.427702242980444, 19.39159697377898;
  -8.843728223159035, -3.774960298208787, 19.57384522281966;
  -9.55539166089387, -4.110270358444847, 21.64388568218495;
  -2.400148979490052, 0.8514950083857391, 6.319239893926199;
  -3.644904543295285, 0.5622060708843143, 9.189615255820952;
  -2.282547630799997, 1.141830521305884, 6.137828921948015;
  -7.081297651407747, -2.261196926557387, 17.08684891121615;
  -3.728576318169631, 0.4608067536655613, 9.509943831465971;
  -3.687936261775378, 0.5496198236616963, 9.457033168428676;
  -7.134213877827359, -1.786771984789711, 18.57381129222842;
  -8.589712098394541, -4.703759840763505, 22.64072661694149;
  -6.818641059471305, -1.816498494368655, 18.23904808109269;
  -3.954343606186777, 1.045757484769527, 11.02163885466167;
  -8.468458924623151, -4.821658856470497, 22.50646823257385;
  -8.526559123117623, -4.633150589853272, 22.70272935498011;
  -8.607681178943414, -5.346515666052637, 22.9906860740332;
  -4.087292141714082, 1.013313796429652, 11.53125504452045;
  -8.681227924013948, -4.926212096893574, 23.5792207945225;
  -6.364575634704805, -1.8656952771279, 17.59072922086621;
  -8.699054517263855, -5.22736154590446, 23.67280459185205;
  -8.040176982302171, -5.08639943747832, 22.0466652063603;
  -3.809000200554939, 0.9273637392792689, 10.96691171425202;
  -8.515381701232425, -4.171302270305458, 23.42520297697525;
  -8.595411793079508, -4.642058393763335, 23.81967766761271;
  -8.104933379689104, -3.653856964337391, 22.5717347923645;
  -7.70245684990637, -3.548500613488326, 21.74370534746258;
  -8.170237949378226, -4.155389456072883, 23.11444776069259;
  -9.586835325746344, -3.984601547384199, 27.17438120445384;
  -7.988769419817645, -4.004754522583332, 22.80221265959336;
  -6.687831455833273, -1.571868611970365, 19.97149338637547;
  -6.424127114909171, -1.508043632325409, 19.5182684625781;
  -6.315426124486162, -1.606525425026872, 19.57292423877174;
  -5.58985564024668, -1.012875834900592, 17.5724470998475;
  -3.235866899686476, 0.8982910157366861, 10.60423302193477;
  -6.105352416022323, -1.526246252887998, 19.3610435086181;
  -6.297432858686754, -1.764506253516428, 20.69589912789541;
  -5.69857730644627, -1.297316849802201, 19.17268029628219;
  -5.661883058613562, -1.48784192318464, 19.23224908909388;
  -5.303853310439139, -1.191702622974844, 18.31285162596938;
  -5.545728213714026, -1.092472122548409, 19.10749609229818;
  -2.417164011741184, 0.821124774376842, 8.919071540353194;
  -5.58574924568829, -1.646721974928326, 19.85436124960957;
  -2.98684062270768, 1.572168194737037, 12.51568704831974;
  -4.001398648155786, 0.5735665336577542, 16.61921400185786;
  0.2357239183950602, 1.329719259620555, 10.73080107399637;
  0.9966196775701061, 1.255163990772799, 16.75859986899927;
  1.410145696398133, 1.320142379001785, 17.61470615034684;
  1.350475437351669, 0.5905698820682361, 16.04130206546801;
  1.7130599512637, 1.097775742299791, 19.29009141315878;
  1.507239908772646, 0.386584932811434, 16.59067715656321;
  1.592617097238403, 1.288166436347007, 17.3309335069535;
  1.592491941075551, 0.6376598251082127, 16.91953839796863;
  1.69778143348734, 1.257470935879081, 17.06442350639268;
  1.590192999408005, 0.9487511988175083, 15.5753235847423;
  1.669024347509245, 0.5401165040436557, 16.12033489219436;
  1.678779286501797, 1.158486016129281, 16.13133109527009;
  1.785366839553328, 0.3075977239588782, 16.71930135398213;
  1.683700394018489, 1.303159949889449, 15.85267968408939;
  1.762512946419968, 0.3156925385386403, 16.05700357908988;
  1.772951632848485, 0.3138648578157309, 14.85431063224173;
  1.739915385948096, 0.002546851036052249, 14.29919755967122;
  1.835860731338784, 0.05306584376581056, 14.55653043342226;
  1.956672054146192, 0.4696545991720946, 14.259053674152;
  1.891983425979887, 0.7108652029907141, 13.73486687497078;
  1.96273743001541, 0.60511196376429, 13.94576956466606;
  2.889648954486431, -0.09803107981538776, 19.73091821779575;
  3.848761465549642, -0.4034417644705683, 24.59974293938658;
  2.121100886706365, 0.6037275153616104, 13.99778807688846;
  3.218412223470371, -0.007197314176202162, 20.44205063572337;
  2.199085571501777, 0.2540729906302598, 13.82864578916093;
  2.254090627143669, 1.445433678868759, 13.88078634213255;
  4.35650383215046, -0.1742996387802815, 25.32950799236424;
  2.427442736615606, 0.6284738980423463, 14.20803733498071;
  2.437774757747967, 1.399323889473006, 14.22257611214716;
  2.453861526055142, 0.4525763020711105, 14.00456935807174;
  2.762713965065173, -0.09607803737393422, 15.57585340164784;
  2.513840884768194, 0.6021000423394716, 13.86770536230547;
