m=[-13.01273789516777, -4.20793380114966, 17.24353509405524;
  -13.20916482616462, -4.115913923076825, 17.49364192405942;
  -13.44240096606261, -4.00520292193815, 17.81064050678889;
  -13.20914919418171, -4.266057229368367, 17.65074478880466;
  -12.50643138480407, -3.787901370977981, 16.79100944590572;
  -11.65950898193295, -1.256326374119318, 15.80563428513236;
  -12.89414714313334, -3.213723145958416, 17.46065895216452;
  -12.60348991595036, -3.497167859907515, 17.10360288714508;
  -12.47883372962359, -3.498746233472664, 17.09779081083465;
  -12.60015976616675, -3.258101327094042, 17.26177251370352;
  -12.38442112009374, -3.365351569666693, 16.9820709195673;
  -12.45844223052479, -3.306944902217273, 17.13677220063238;
  -11.48204435718025, -1.31367000834745, 16.00644917443563;
  -11.1836217053461, -1.597433770123421, 15.65901418014448;
  -11.37618860095727, -0.6791698885609808, 15.99923260054902;
  -10.88987536298787, -0.8826322452488276, 15.59868245819255;
  -11.88000798866636, -2.556616409097306, 17.01593355916252;
  -11.37197796723122, -3.206514748889583, 16.4457323389455;
  -11.74868277234412, -2.662238844047597, 17.00688350347004;
  -11.57225507707038, -3.490219664559056, 16.79790199593047;
  -11.32677577472892, -2.028096228100375, 16.68414511170263;
  -10.90925535979581, -1.149766965543999, 16.25586651585043;
  -10.7316392510908, -2.035943407716641, 16.10543878833138;
  -10.63870726067051, -1.355102019401709, 16.09355334632584;
  -10.40895410498537, -1.974323997959312, 16.11882183895527;
  -10.35778827815136, -1.629692177451297, 16.16088730147265;
  -10.19434768482085, -1.306235567149259, 15.97338786362458;
  -10.36732948092887, -2.145551995795193, 16.36289146342479;
  -10.02641586329463, -1.992581932886085, 16.20033427119851;
  -9.91400134354058, -1.592487042563061, 16.20311681386615;
  -10.05531943839774, -2.175859067284351, 16.53412686097011;
  -9.727194290978803, -0.3989787447423252, 16.31773369088505;
  -11.38542904986615, -0.8030147784780818, 19.03600586924375;
  -9.453645694239835, -1.663324931174427, 16.09722953035692;
  -9.339953917819182, -1.996586363055681, 16.0423482323858;
  -10.50070540520992, -4.173315072228601, 17.9809662145298;
  -9.241113381928541, -2.816317763109978, 16.46142875058369;
  -9.465092790054214, -1.97246602282084, 16.99551315990017;
  -9.662156744248053, -4.304012839685755, 17.7269312558557;
  -10.34272362216402, -2.441163251469029, 18.97087837626774;
  -9.032802102441094, -2.834543191968064, 16.68334581517766;
  -9.380829850255759, -2.011887974608105, 17.38574122551505;
  -7.488107247860772, 0.02330353244867612, 14.24061205824003;
  -9.233339863659307, -2.696554893063268, 17.36205788373883;
  -8.861094380326897, -3.427877684496854, 16.8046288316731;
  -9.288475230458994, -4.136910041496906, 17.67810001734089;
  -8.99005625489796, -3.594884482092695, 17.21240360637335;
  -8.964364399910082, -3.451447951929688, 17.22444067522428;
  -8.994311845292115, -3.467319452249837, 17.28598439638717;
  -8.722724296429888, -2.892153617736165, 17.02576241744613;
  -9.031733025093422, -2.722731242569493, 17.70284850856982;
  -8.747013512036499, -2.405747641578897, 17.21311220123768;
  -8.670926230335985, -2.53873168066406, 17.15914889985953;
  -8.501246073341626, -2.929086262698557, 16.85062709286189;
  -8.755800819950398, -3.588063735945086, 17.34720309980848;
  -8.494239870720683, -2.945951893649931, 16.98455293125434;
  -8.698072948252046, -3.770177065203892, 17.36932371707317;
  -8.616729025347953, -2.44329157499307, 17.24820605016543;
  -8.668784688326138, -3.405174261691983, 17.35609297662026;
  -3.581107713173341, 0.991360691417892, 7.773904984372333;
  -8.699944056623684, -3.222235445699594, 17.47471816534567;
  -8.449572095221791, -3.513948849044731, 17.22115465957158;
  -8.336174290395194, -3.498902764800292, 17.18736221397888;
  -8.578597572439216, -4.046299140929882, 17.68407616758585;
  -8.41806820197195, -3.59036477475766, 17.85538993727089;
  -9.17522132453654, -4.809020939818978, 19.65949585617594;
  -9.153543902831858, -3.923192293895732, 19.96529163136173;
  -6.692526124302771, -2.121182948331158, 15.36065411166718;
  -6.564585520628267, -1.543425777731437, 15.39668943451904;
  -6.524715632438426, -1.620142356302311, 16.24566218693357;
  -6.546452257772325, -1.82017955015598, 16.32965845707067;
  -6.296801809742829, -1.657546254476342, 16.09316842990539;
  -3.761448003900761, 0.533081102363287, 10.20042074401363;
  -6.35369760615792, -1.810345965628302, 16.74261653384404;
  -8.040578855041584, -4.883489655680965, 21.24744095352969;
  -7.713998454013565, -3.813586581157095, 20.58198131375987;
  -7.761252182076089, -4.01535820653432, 20.82481805418538;
  -7.676631218898863, -4.176990831916471, 20.64330798139505;
  -7.447327108778548, -3.793522624856908, 20.39573407944843;
  -7.393025124205307, -3.708398542709963, 20.41358017261542;
  -9.200051718655445, -3.208356227171974, 25.31677916950957;
  -5.773291615468528, -1.334254892288782, 16.83964402807654;
  -5.790255876726367, -1.468249757782651, 17.24338437121399;
  -2.185672218934711, 0.5474226974255549, 7.167903924824248;
  -5.89721397878982, -1.476481094442674, 17.9696598987264;
  -5.303860434992294, -1.182610089444946, 17.13165809675536;
  -5.272937539918494, -1.155536312843047, 17.43918168847232;
  -5.323599916814927, -1.283200160141924, 17.59826220935464;
  -5.245328368028272, -1.360824238385281, 18.62131923276361;
  -5.106849822239427, -1.196511404488322, 18.28703132455729;
  -2.906568833174574, 1.59095127008758, 11.39284449159709;
  -3.730634796975139, 0.5703541152917052, 14.77614817494169;
  -3.191787043888275, 1.016067818124734, 14.35880028285331;
  -2.339168135684118, 0.2187306024833918, 16.49650212694343;
  -2.234772815049294, 0.6004221239661507, 16.04623953032852;
  -2.222322646320647, 0.4891460142321621, 16.08171482469514;
  -2.45134224269251, 0.7643434063754893, 17.78962592366912;
  -2.309096235929583, 1.009540989146234, 17.38895103955688;
  -2.3378112569228, 0.5246558263127367, 17.98519343411904;
  -2.324756857964825, 1.168292676911791, 18.07849900467674;
  -1.247426102025245, 1.624123549896567, 22.07117852799557;
  -0.9973423365131192, 1.335148759142832, 18.50158726959245;
  -0.9979144700798551, 1.491499698064699, 20.49233562976407;
  -0.3231358671137496, 1.279774511699622, 18.16077942629234;
  -0.1138413450968803, 2.156122151820783, 24.57375870161054;
  -0.04862225388440736, 1.798502597633271, 21.52210307417973;
  0.1088439309461438, 1.343952853992642, 19.36224010285536;
  0.1784850578889771, 1.575070584303659, 10.22068724715648;
  0.3185774334813618, 1.393607953884971, 17.31354042008202;
  0.5085633287226474, 1.529604561349234, 16.61136262005627;
  0.3162579308013099, 1.545408812121027, 11.03122292584861;
  1.328391099801981, -0.1076568648832482, 28.46297190278745;
  1.676403985804327, 1.32117787142969, 34.85580540476317;
  2.095106142022959, 1.116196116441377, 36.70687458211144;
  2.167951009984078, 0.159183548639556, 37.90352325179227;
  2.03045028583025, 0.3879977841375171, 35.34615014593268;
  2.485244676997455, 0.5867986115809047, 42.66608873899988;
  2.997127865577912, 1.121759549900656, 40.56509864632943;
  2.854877475209903, 1.306589334357603, 37.05895340213696;
  3.472842547013525, 0.4636551314905382, 44.11375137498584;
  3.348506478999708, 1.428508607167233, 40.77706996118997;
  1.899858988388293, -0.06066876699293484, 23.42103944006;
  2.458012476156811, 1.433926118591999, 29.69291949005175;
  1.607276366495458, 1.49925150816544, 18.19328660977641;
  2.174588160290369, 0.6112753505859295, 24.18352122238352;
  3.138132729462166, 1.248244386799382, 33.974023142623;
  2.151195744382337, 0.9372354318053482, 22.91253026176492;
  2.059684462495001, 1.315768459131167, 21.13379091540925;
  1.985460447243505, 1.605006809965882, 19.63334022212087;
  5.030744784028561, -0.0038416092714976, 47.85347821941416;
  6.857955586308625, -0.7151681190712204, 63.78932952558237;
  1.877198390988915, 0.7788756973858929, 18.10712932877427;
