m=[-6.366837101355197, -1.73012892771331, 8.730491166286171;
  -6.407636316043482, -1.700830638254658, 8.813798857091221;
  -6.305790290948306, -0.07560655752784494, 8.892847317096667;
  -6.125326297008044, -1.318190167628329, 8.77340700423051;
  -5.618816608269255, -0.5921879641250681, 8.372590955903528;
  -5.837369989550951, -1.508100230366087, 8.65931941123586;
  -5.45803137874074, -0.6952150446541489, 8.256559467935617;
  -5.453601668066354, -0.5197105451681218, 8.417016218108657;
  -5.325614499725405, -0.8379310386785319, 8.3093661918828;
  -5.282430062216321, -0.6768552772159732, 8.276969439828815;
  -5.164300556271288, -0.9011459618437956, 8.137263416349175;
  -5.379022399403542, -1.113205890263005, 8.489781275176091;
  -5.307526501561663, -0.385386720861206, 8.476713588368424;
  -5.070543517788616, -0.8144819201675388, 8.287129089613325;
  -4.877220947355153, -0.8581243108703472, 8.304705676422502;
  -5.905957163967576, -0.4165474013278595, 9.874536545296962;
  -4.727352277067422, -1.620363769499932, 8.887054121657481;
  -4.763601371110173, -1.391188104796919, 8.957313817266435;
  -4.742910843861554, -1.555065185257723, 8.959970084667354;
  -4.727021314411864, -1.776640109368267, 8.938984207393972;
  -4.625806143503607, -1.789473960161058, 8.772613398795956;
  -4.799170478909322, -2.137459168750392, 9.133922804489874;
  -4.635594187757372, -1.853650871402385, 8.875330237401721;
  -4.536175514921835, -1.504038873673559, 8.854096951396898;
  -4.461063201576624, -1.306139872308471, 8.828128125427638;
  -4.373826722656961, -1.506992699450535, 8.669520025235123;
  -4.523190864468869, -1.853570843523459, 8.961454491558916;
  -4.355035362958065, -1.510402916527268, 8.708057432497482;
  -4.514006486441516, -1.956594734099517, 9.014093166432566;
  -4.504341490693618, -1.277215470363365, 9.016392406358113;
  -4.460359659320088, -1.752068191318604, 8.930250287629846;
  -10.04950955126643, 0.04248554867808509, 18.96523943758809;
  -4.490215622714379, -1.663060342017804, 9.019052536185738;
  -4.376533702154765, -1.820082176017995, 8.9198556930777;
  -4.363234441221554, -1.897333569418033, 8.934005969685595;
  -3.88396206345004, -1.948225390020861, 10.72437461493908;
  -3.057042511781363, -0.7065075175399834, 8.916838279771763;
  -3.090611454491174, -0.7836941261432613, 9.203842176660078;
  -2.686592330467999, -0.5174695772760871, 8.887515743378962;
  -2.745646527868626, -0.6016938833742883, 9.080674346953153;
  -2.812232108277505, -0.6778602351953204, 9.296415735283787;
  -2.658996275209699, -0.5451052933243492, 8.964056799454962;
  -2.724196570957031, -0.7954635957578865, 9.321688825762809;
  -2.788391312741309, -0.7234076149760077, 9.899003672850871;
  -2.735495229771417, -0.6409139397621101, 9.795488157329571;
  -2.759511804091564, -0.8129421255444518, 9.926310202951663;
  -3.589955750417084, -1.356160222831495, 12.7100988573807;
  -3.463025662430581, -1.271504821454888, 12.49091178423995;
  -3.475580147520936, -1.43113020436923, 12.63266441730914;
  -4.365627060816872, -2.282727087483844, 16.18807374832636;
  -4.02688219807136, -1.23592300004208, 15.64707496610249;
  -3.934534556872931, -1.752378276345324, 15.30832447969221;
  -3.989382919718814, -1.400935709364588, 15.50791200901587;
  -3.840749965937131, -1.292281589593717, 15.09199524158402;
  -4.258957186667984, -1.232680393522625, 16.77639280381442;
  -3.611407780111853, -2.178941823936129, 14.35664305652178;
  -3.784992353361544, -1.424878295254893, 15.10645818518523;
  -3.70322304203792, -1.267594575019944, 15.02232551061099;
  -3.715468739291189, -1.490380098792116, 15.25502641250108;
  -3.76793898496067, -1.854601598507903, 15.60352914552674;
  -1.657009662818664, 0.5274895127905327, 7.454341561016792;
  -3.551777997347282, -1.47015742983338, 14.89203840395206;
  -3.747207877776636, -1.109831567347797, 15.70927203985952;
  -3.47862828436783, -1.813515562539945, 15.03642972754488;
  -3.476962997845376, -1.423375459151364, 15.23615539823558;
  -3.470262143937301, -1.205939163036342, 15.3150535880468;
  -3.375558505356761, -0.8346619379324849, 15.35019327654811;
  -3.292272257246411, -1.134361329890151, 15.56859517062574;
  -3.2614306950155, -0.9330246679087019, 15.46538158585859;
  -3.128368181383759, -1.127930769412082, 15.40454119381897;
  -3.12852047468585, -1.214485125161997, 15.53954012152865;
  -3.15780054262003, -0.6492753377447794, 15.73826378548893;
  -3.093287160515974, -0.7230600779867455, 15.4889233861829;
  -3.026191866730716, -1.035917622018062, 15.2332955302373;
  -3.025110382775593, -0.7065627320102874, 15.50093886512232;
  -2.772135793547685, -1.31669164717428, 14.30107021199684;
  -3.038804104910915, -1.115498476580395, 15.80559796333079;
  -3.025684205027913, -0.7458994419739701, 15.8712513906821;
  -2.863123586799327, -1.110147444261541, 15.21668120994743;
  -2.785575635082261, -0.6007037392271363, 15.30047211455418;
  -2.82758453472303, -0.6815688064579168, 15.56323599666384;
  -2.766223572378117, -0.6475470772210868, 15.63613697311245;
  -3.717858972604035, -0.3477625491229114, 23.41720128307011;
  -1.16694462336443, 0.4623887103258172, 8.045339947779102;
  -1.143062234287947, 0.1720701816822942, 8.023855998781651;
  -1.281147929587892, 0.1197973990130273, 9.035032250554664;
  -1.234088130340753, 0.3315656121243207, 8.861067938373953;
  -1.185603757487436, 0.2609582156730534, 8.579555967972146;
  -1.256615070250786, 0.4547779567414157, 9.118659790937569;
  -1.290877625833131, 0.4025034875013841, 9.368022823113435;
  -3.627306093829792, -0.4052688755777881, 24.93105514035179;
  -3.901140862311408, -0.284793718805408, 26.86867970098829;
  -1.312301035059581, 0.3500604613015316, 10.12873059783054;
  -1.204835612775095, 0.6054829426419836, 9.36941829066032;
  -1.279248895691452, 0.3666946926413227, 10.04040179247566;
  -3.401084504757569, -0.7615691575907769, 25.26371879405815;
  -3.301084488675175, -0.8853896237174691, 24.55589070689808;
  -3.309664363974939, -0.1671202931313507, 25.18092987528453;
  -3.320150066785137, -0.9658814447350277, 25.41473889230462;
  -3.225829499264322, -0.574860619767941, 24.79178969095681;
  -3.193547327878473, -0.4409326987310002, 25.21109510058925;
  -3.107047865028201, -0.7662388572008244, 24.64474266982318;
  -3.103629505817801, -0.9072207912399096, 25.01617300867093;
  -2.708404232120321, -0.04511144562625693, 23.74201766319685;
  -2.43882181128286, 0.4549867870664879, 22.2653566699661;
  -3.641979517822509, -4.311598634732172, 33.59519432228145;
  -2.786286069917445, -2.523034766987497, 26.41914489025047;
  -3.155782069779198, -2.399955217892332, 31.59171723757133;
  -3.027778999703266, -3.452680802475838, 30.82163468081726;
  -3.374110805648001, -4.675466187913205, 34.29969771764567;
  -3.240373460314344, -4.645429501014745, 33.5637502747085;
  -3.222223849308312, -4.240995726709182, 34.15020224594738;
  -3.414497278657464, -2.909469587899583, 36.58321562123005;
  -3.053919676043084, -3.415059051013833, 32.95124662277897;
  -3.248589522511145, -3.990287567144682, 35.02833778004685;
  -3.103445461425215, -0.4240864130324845, 34.31540131201249;
  -3.125800623119662, -4.832844714638975, 34.6859714686779;
  -3.179027804088438, -4.672110095426442, 35.3219423443852;
  -2.919742561228809, -3.278172928876523, 32.58589483755292;
  -3.024079710121978, -2.438500748056561, 34.2467733259483;
  -2.887617599662635, -4.470761154389709, 34.54792643510966;
  -2.841105733996942, -2.519773194210493, 34.5916636334679;
  -3.567444004121799, -0.5027757579771803, 43.65137966824762;
  -2.372516723440048, -1.831562178968076, 29.46072395570023;
  -2.639365969898972, -4.180102755622717, 33.7769355827778;
  -2.51730042878203, -2.221393144464635, 32.73179780300042;
  -2.453896425151696, -1.783167355499209, 31.92037587050966;
  -2.519492952873114, -2.489161053641407, 33.42294352449161;
  -2.524670826036159, -3.709136844589155, 33.61433997742072;
  -2.56827487968471, -2.922526884815631, 34.54748615932753;
  -2.562839614973181, -3.478663955147711, 35.68770996050498;
