m=[-21.73358864202516, -0.8452662835829367, 27.40488325915421;
  -23.27227822668604, -0.1074736729270987, 29.61776542189033;
  -21.02983558410088, -0.2731525292066613, 26.90489049545471;
  -21.78444268587185, -0.8172351593583911, 27.89856929860319;
  -20.48322356749625, 2.089735126279818, 26.41983038820667;
  -20.53751089060875, 2.430517506312441, 26.52556879797604;
  -23.03661333464745, 0.05623870005843576, 29.67683136799561;
  -21.47294759836395, -1.053333399528056, 27.7583434180882;
  -20.51874438990441, -0.3491064710568357, 26.58354920293671;
  -20.46870843579967, 2.950276131810388, 26.48922831521719;
  -22.29124699315243, 0.6499513270761747, 28.78795897872356;
  -19.67260065093041, -0.5293298570172471, 25.56380010947007;
  -19.01278324696109, -2.479135453833866, 24.77658828338593;
  -20.25796944782638, 3.412984830369026, 26.28233265655556;
  -20.27547688428303, -1.022582932773056, 26.46712455522674;
  -19.25648802155144, -1.568521758272394, 25.21093006566903;
  -21.0424957935843, -0.8886274004663678, 27.50502561985152;
  -20.26381738320964, 2.263732782178515, 26.51156077334872;
  -19.82487000294387, 1.990153715844704, 26.05796803028263;
  -19.522960156523, -1.193050456745428, 25.71944778803761;
  -19.98859093242355, 3.272419329717568, 26.3598558678056;
  -19.37521864832668, -2.998571398635733, 25.6413147011968;
  -19.35479298560051, -2.088550395390456, 25.60718262497209;
  -23.0028842283264, 0.6965862028965351, 30.22790684465218;
  -23.51904606649796, 0.9367601893684694, 30.87462252580877;
  -19.29799919218891, -2.218454116330531, 25.5612043460755;
  -18.19389831921246, 3.428158177448599, 24.12156710844529;
  -19.59449716045802, -0.3529648281354123, 25.94863435844531;
  -24.631034475485, -5.981577580548528, 32.41296865411742;
  -20.15726623100002, 3.201290084165976, 26.6578848669895;
  -25.00329468980061, -6.849555880396555, 32.93996247651437;
  -19.09592789410883, -1.967130186781575, 25.4398607951039;
  -19.95884371797082, 2.93909165228928, 26.5769772928913;
  -19.51531350037675, -2.930561717702835, 26.06406858165814;
  -19.37302253088601, -0.8116751821589691, 25.91056593721891;
  -19.72361428760971, 2.021824135029177, 26.3779681610494;
  -19.94825330316038, -2.848591069114261, 26.71492061712868;
  -19.41220598895863, -2.27971250084373, 26.06295817932965;
  -20.07128809330839, -2.566482066111303, 26.94254590366487;
  -19.95887471461296, -2.175227543988777, 26.80057361192205;
  -23.98560271607284, -5.517242412989593, 32.10599426165851;
  -19.05166399064042, -0.8482833492180776, 25.69688304439386;
  -19.2012595333335, -1.48662620850223, 25.90921685820988;
  -20.6449392282131, -2.831129773728162, 27.81198958964867;
  -20.35586397674551, -2.979864953139791, 27.45622921996717;
  -19.44001565491086, 1.900069828241502, 26.27698239621105;
  -19.37092374923312, 2.605059659550571, 26.23664300782452;
  -19.42929750266235, 2.848955956030068, 26.36679695795262;
  -20.33009693390088, -2.623868598140908, 27.7423661685045;
  -19.09218604567626, -0.5039495008378758, 26.12410978963325;
  -21.04975617318474, -3.050194078883618, 28.92115200745201;
  -19.19333309628267, 3.049574965555272, 26.43144205868009;
  -20.05546521465641, -2.384438730804988, 27.67332918794626;
  -20.45369950092484, -2.803835738158575, 28.21861686640073;
  -19.99217216426994, -1.881308426390689, 27.70348977685152;
  -19.15135705279097, 3.388180566358567, 26.5890859547825;
  -20.57423443225354, -2.774582453631878, 28.58305456259036;
  -21.07076813843937, -1.845970432385697, 29.28453903957682;
  -23.2202130937408, -6.000801572471203, 32.42432693335464;
  -23.32083904785215, -5.611478037439754, 32.58038606890778;
  -20.09834635254407, -2.741055764704228, 28.29720952971984;
  -20.2657410563491, -2.64104827270189, 28.56554511290635;
  -20.22699483031757, -1.782917874174105, 28.65883639443576;
  -22.70997968366755, -5.970128059728362, 32.25226961911708;
  -18.8945931443006, 1.163316024514286, 26.9872480641388;
  -20.53348545788755, -2.761410303081849, 29.29784180167647;
  -18.48027278075368, -0.2785674958249916, 26.47131673067816;
  -20.59290638804562, -2.658974782424842, 29.60399608739204;
  -20.29862342908181, -2.812400435252621, 29.28404699164093;
  -21.20582602139362, -2.566425266820439, 30.59715988393056;
  -20.34316146521019, -2.696359795429144, 29.52350437496352;
  -19.04453425812454, 1.143752373039256, 27.77599231882983;
  -18.69608544437675, 3.186709595962963, 27.26796543256941;
  -19.69869003921511, -2.422027840250006, 28.77926806552774;
  -18.98706606506237, -0.02556294725722686, 27.8333798410364;
  -20.49895467651971, -2.817974636813541, 30.15937261583766;
  -20.23778080573079, -3.111107301886706, 29.96025480531288;
  -19.282472409095, -2.473726641286587, 28.62964580185561;
  -18.89010464528949, 1.018777677424305, 28.03874972160053;
  -19.49883654434839, -2.848934234794914, 29.01707037981305;
  -18.63183179847641, -0.6878170933908496, 27.76499057919137;
  -19.26221665973296, -2.629562874475951, 28.70683758412729;
  -18.86628818250224, -0.938639535213468, 28.13263525914791;
  -18.55817087989237, -0.2748199932893327, 27.73791070246379;
  -17.531999586894, 3.216139486262855, 26.50408630500152;
  -18.97954580276353, -2.648916901162772, 28.6741540102301;
  -18.56260296858359, 0.6386572482339483, 28.09329315698558;
  -18.57835453402967, 2.863823639908622, 28.18357997167087;
  -18.65429852357013, 1.165506635462544, 28.38647168386537;
  -19.76930727058779, -2.508648356294576, 30.07826629781166;
  -19.1399532763874, 3.157877573942415, 29.1811665389805;
  -19.74208032426309, -2.69512085318056, 30.33245818864962;
  -18.49070105563833, -0.5985893645729432, 28.7044496073501;
  -18.1280785556124, -2.719119874350109, 28.25396235621465;
  -18.54236279627355, -0.1571936486494106, 28.8915575231649;
  -18.62730598387694, -2.479810393893641, 29.11549591566946;
  -18.26349992487444, 3.02224884483014, 28.68612670963164;
  -18.9290135095693, -2.087526096119271, 29.81922758711675;
  -19.85889855360625, 1.197196591439868, 31.31284177825867;
  -17.98204244287328, -2.766047417645217, 28.65674784833629;
  -18.62683322125441, -1.848137584658239, 29.74672831229384;
  -18.89322112984121, -2.038789971527542, 30.16669163506983;
  -18.39481362880244, 2.738289110034363, 29.34808157819253;
  -18.58120189552806, 1.102001612927845, 29.82598978339579;
  -18.56742215514437, 0.5962240787274962, 29.84268540389275;
  -18.94580201127707, -1.533194538553056, 30.46120466192608;
  -18.54111112449627, -1.172481871623058, 29.94956555106966;
  -17.32315956868358, 3.16432953377427, 28.12542952283584;
  -18.15735619003925, -2.267389894315194, 29.54281108412034;
  -18.65157580007586, -1.844503256963097, 30.32482341742139;
  -18.64703447625198, -1.612263623065708, 30.45938864428436;
  -19.29505205815092, -2.802110946174401, 31.55212581724877;
  -18.83411590716695, -0.5899308595783305, 30.86516915547864;
  -20.24412615101685, -1.55125619748366, 33.15053501541848;
  -18.57176735491436, 2.9289685843194, 30.56473584265701;
  -19.10480948788137, -2.675371178856477, 31.51495505962627;
  -19.01919873971155, -2.438308963865213, 31.4413876248428;
  -18.91601363478482, -1.210200247528558, 31.27226225257923;
  -18.65765787550619, 0.1580371314311407, 30.94154814532913;
  -17.29002587007035, -2.069791625730161, 28.81167125704274;
  -18.41374444450839, -0.8595039464972215, 30.60947169709975;
  -17.82741936168653, -1.993115010232212, 29.71840757224285;
  -19.23900862790057, -1.651726270601893, 32.18601500987312;
  -18.87417452918023, -0.2002856051201654, 31.63118158096363;
  -18.26517652720756, -1.263035552789573, 30.65124505140711;
  -18.38789173205057, 2.911317595235629, 30.95419955197145;
  -19.43613844318182, 0.9696655264112486, 32.82889154701498;
  -18.85716467461519, -7.073565682734587, 32.0306264051854;
  -18.46684695800047, -0.6404576827344884, 31.50612848801729;
  -18.63402061240373, 1.396719470433691, 31.77100922081757;
  -18.92518373752666, 0.2113426843295898, 32.41899515706086;
  -19.07466997986512, 0.9481123739639634, 32.67524572230862;
