m=[-9.619827057239172, 1.528467391232304, 13.24761573210991;
  -11.67426424212153, -3.016981064676409, 16.30175222616523;
  -11.65350903470056, -2.80407621154397, 16.28053873314722;
  -9.604964183371047, 0.5913654061808544, 13.71882152127695;
  -11.43604923841969, -3.006373383056174, 16.24125378149369;
  -10.39101354799005, -1.397417497858874, 14.82623452859274;
  -10.32551169475149, -1.430612951956156, 14.89622046235074;
  -9.523592677070582, 0.5719557945929751, 13.88992943910546;
  -9.407871268955452, 1.60355245163804, 13.72124177112691;
  -9.99784977074899, -1.229273136395624, 14.60659556845968;
  -10.28487051770451, -1.454331520217091, 15.01987104003486;
  -9.643736752657718, -0.01298369811986852, 14.13687545005145;
  -10.37968874719173, -1.426887374950341, 15.27126165713935;
  -10.13928181986851, -1.558688376383024, 15.01031510234146;
  -9.941327572410895, -1.275361703825404, 14.76038347987468;
  -9.483663206124364, -0.471833205228661, 14.14164966195869;
  -9.989208640967679, -1.459502386772432, 14.86537771186195;
  -9.404293448597473, -0.1392641483452846, 14.05609710058208;
  -9.737362409128938, -1.359013757564895, 14.71113335768729;
  -9.69712242125696, -1.230527195005263, 14.75381137623316;
  -9.519678971307648, 0.5947824301467678, 14.48621062952709;
  -9.194931885709776, -1.321465674695842, 14.11370279426187;
  -9.108931429899414, -1.366293532386733, 14.19694894504082;
  -9.536051023641972, -0.3087053706401484, 14.80350016138427;
  -9.193212320552831, -1.324909576842906, 14.33463185153272;
  -9.293137888958409, -0.07878296138510646, 14.47999000124752;
  -9.317119520512623, 1.54179942638827, 14.6342197406637;
  -9.814801718922913, 0.5916867509965151, 15.47564848473459;
  -9.500208197472585, -0.9426020850282235, 15.17166706780726;
  -9.576329152541399, -1.033393072894835, 15.29046669995091;
  -9.291667206047531, 0.5510640434038587, 14.91470641761796;
  -9.802003463931682, -0.7932299814403676, 15.75973576806132;
  -8.615864420231073, 1.573814184175636, 13.98849248999516;
  -9.164247371793666, -1.144380363657151, 14.91063049044374;
  -9.789174851565088, -1.421626327978635, 16.00769335230437;
  -9.514478879217817, -1.080712842774476, 15.68995643065834;
  -9.652490010240223, -1.351701182572772, 15.92257641088606;
  -9.531773962083584, -0.6098195651057978, 15.75808417300154;
  -9.069670977453516, -1.0139940614108, 15.11919213800369;
  -9.344265687731349, -0.4361651297989486, 15.5331272767878;
  -9.204118519218833, 1.457269413161139, 15.49422443288031;
  -9.591545528089416, 0.2421769422176255, 16.24259041777268;
  -9.674459788493481, 0.4808720175274204, 16.57252005687669;
  -9.530314649292068, 0.7981692180044048, 16.48403567354765;
  -9.589924396763074, 0.6590820243252149, 16.58581843496002;
  -9.524551874438078, 0.909405155894751, 16.47187651180405;
  -9.724154205143506, -3.650410478935147, 16.97709179051904;
  -9.595966451259358, 0.2724009322674772, 16.68588767763318;
  -9.239560207034662, 1.483706348883769, 16.17919834750247;
  -9.522327201402133, 0.9867860021913902, 16.68049544306946;
  -9.615086701286067, -3.704309419012242, 17.00808556430972;
  -9.191195698160128, 1.262457492849069, 16.22317897011223;
  -9.50397681266422, 0.7395747653070443, 16.75776193775004;
  -9.444502360622199, 0.5506634337383091, 16.68054000107181;
  -9.315007864379513, 1.035905753550882, 16.56024160711499;
  -9.697996350245537, -3.675308555662344, 17.34906516219866;
  -6.542566082752245, 1.643978796977364, 12.0084072863926;
  -9.066699656644104, 1.295975397874868, 16.30058661070749;
  -9.698884286587465, -3.557830420673599, 17.59137835597915;
  -6.855166396117825, 1.60660311546149, 12.67966897042734;
  -9.501386829148025, 1.059785530359896, 17.22879032928806;
  -9.74946044792623, -3.508494564961583, 17.80913592566273;
  -9.294519048204876, 0.5734594467812507, 16.98256320316382;
  -9.838811639796223, 1.229913767623532, 17.90004857928393;
  -9.698158904146533, -3.575017104320089, 17.78940394539785;
  -9.721939063231973, -3.693254420573341, 17.95531596044937;
  -9.622991566746247, -2.756482260790875, 17.81802867998029;
  -9.573490864256531, -2.019924578447572, 17.78286103337985;
  -6.84840379147221, 1.607344114240171, 13.15197662767713;
  -9.666002095197378, 0.7365723127168876, 18.25084305956771;
  -9.668047979992268, -2.832408210949862, 18.64287436912231;
  -9.730343059809455, -3.692094424943829, 18.82724809145839;
  -9.599373155321542, -0.320396284350438, 18.56341508254278;
  -9.411600681498518, 1.451679267431922, 18.22361584979606;
  -9.044876758874912, -2.264745296067209, 17.68155538326768;
  -9.285212039990126, -0.2317742876660296, 18.14085301212871;
  -9.449512255902311, -1.334602816488719, 18.49651376411186;
  -9.482257457494216, -0.5196529528557902, 18.56934620982785;
  -9.639073055453565, -3.013602227525281, 18.94199064207154;
  -9.553442848998099, -1.22357310290329, 18.96516470411122;
  -9.368160694571268, 1.021163913919749, 18.59880355280516;
  -9.308147933938214, -1.938672118861112, 18.73209054201089;
  -7.706366464743497, 1.388626922958175, 15.65150409566162;
  -9.414184002781934, -0.4814070451238702, 18.94241262524279;
  -7.875951233132796, 1.487073494491428, 15.98247978645842;
  -9.397425363233994, -0.3268957617065786, 18.94935626787722;
  -9.421606819207586, -2.039688407919383, 19.11140070624705;
  -9.355531103761647, 0.8172662517006241, 18.94980157290312;
  -9.834952146242701, -3.10055289153289, 19.96565448442087;
  -9.307114755480693, -2.114823423510527, 18.94545175666867;
  -9.439306447651548, -1.701779211030827, 19.21881538986903;
  -7.365984091514037, 1.496434125195364, 15.16475534671797;
  -9.603702298608114, -2.76748916703762, 19.6690924948798;
  -6.411314739138298, 1.526634774292031, 13.55860973554061;
  -9.563333655875978, -0.3372393181780717, 19.85481482224589;
  -9.668361827900647, -1.071929171849294, 20.11541138520409;
  -9.476297261356464, -0.8994362593548618, 19.74336775245103;
  -9.546224324368815, -2.583154202299906, 19.98563720680795;
  -9.394830411674452, 1.010377994433983, 19.62202964753773;
  -7.145606356129613, 1.244604499052193, 15.18716042228981;
  -9.523247011665653, -1.21053528031933, 20.01636445052208;
  -9.470721398371031, -3.710427241245319, 20.00974547526898;
  -7.101853635596743, 1.510736173724892, 15.17396608788482;
  -9.276645699393727, -2.700777086951931, 19.8327027333735;
  -9.482277403942973, -1.348740722548006, 20.22714277428896;
  -9.432466550768309, -1.7916570652364, 20.14560322528194;
  -9.292847305661626, -1.949708294943231, 19.9033067150658;
  -9.575025742188302, -0.6583359779185422, 20.62120736094295;
  -9.295618201762689, -1.863518481244755, 20.09288466495213;
  -9.498887280250038, -0.09745964466537001, 20.63632064042189;
  -9.738079248181498, -1.841683640519527, 21.28310520304456;
  -9.553157097193939, -2.742652845559779, 20.98367724429057;
  -9.675567864239332, -1.915372120476092, 21.24986373532254;
  -6.209760651319272, 1.556776278211815, 13.94535319543183;
  -9.602510992478969, -2.111801891915924, 21.18641715526341;
  -9.726447259173328, 0.6413154802794889, 21.48389985909349;
  -6.804864408121205, 0.9544791742873284, 15.44637949762919;
  -5.936904243027906, 1.534598096882606, 13.61488453567815;
  -9.528592102209299, -3.755869316077183, 21.91054266373776;
  -9.655066888746601, -3.673584135078794, 22.38615919247611;
  -9.604908207884936, -3.34292709681967, 22.62883317421044;
  -9.759711314447168, -3.303919348798593, 23.11244160201678;
  -5.589052775596028, 1.578556741821656, 13.61738264657564;
  -9.335115433319988, -0.2727767328039628, 22.20934373982471;
  -10.0098613600261, -5.409959524722425, 23.91305766454131;
  -9.044933469405644, -1.260186927606345, 21.7560323628122;
  -9.844875059987002, -3.121264949504398, 23.69511947492553;
  -9.651668569695159, -3.473334093776023, 23.35872004999006;
  -10.0444746545224, -5.68126762338829, 24.42149569415566;
  -9.720635864047551, -2.952056579303453, 23.75097391102625;
  -9.78023896755456, -3.298379672186271, 23.93502818336367;
