m=[-5.382921603553854, 0.07343319926133374, 7.300772666478862;
  -5.417744356231501, 0.267343004177895, 7.370839744809802;
  -5.376517100164046, 0.2037537344244806, 7.349576198505673;
  -5.449885169237477, 0.7859063936152172, 7.4425947616857;
  -5.343756256093562, 0.03208590039089157, 7.337886032691734;
  -5.410553241953724, 0.7162603894427273, 7.44789933627304;
  -5.199485405353298, 0.5324964315454589, 7.526841030938776;
  -5.226337667822409, 0.4622042483582989, 7.56230043484314;
  -5.363863100450787, -0.8294752815972313, 8.029376771862602;
  -7.477088955657143, -0.5147997570765834, 11.05318728621763;
  -7.438573010090694, -0.4532572322480362, 11.00974473758733;
  -7.419944401162566, -0.3047866851953371, 11.10037461304273;
  -7.438371324865288, 0.05779552355642825, 11.1459140474101;
  -5.132534517596141, -0.8933641554180284, 8.015745389731526;
  -7.402798530534749, -0.000666226372730414, 11.11815657170757;
  -7.430780187530795, -0.1585077530333451, 11.17960471882118;
  -5.304420145236296, -1.626543142029376, 8.313370022902516;
  -7.351898966870494, 1.062587701862737, 11.11129671332263;
  -5.10173469436153, -1.144447690391789, 8.073871142121291;
  -7.472802686959623, -0.2246748287159322, 11.37664036843409;
  -7.447313997223851, -0.3881829941159936, 11.42766462888967;
  -7.36695177770416, 0.871517924390365, 11.35934846814996;
  -7.436316690738979, -0.110746087498467, 11.50184777527773;
  -7.357603392476388, 1.055400784049511, 11.39829662766569;
  -7.428774613371843, -0.002098142868593741, 11.52448403624808;
  -7.427435653108179, -0.04094659470327978, 11.5573929137632;
  -7.410249621828129, 0.9783160455884817, 11.64172331873142;
  -7.420143431841497, 0.9195845650980012, 11.67379726757686;
  -7.333694988794232, -0.377993647742101, 11.60083352265097;
  -7.552581733145832, -0.2311279494045458, 11.93282688991973;
  -7.438334802689669, 0.364208483471736, 11.76683253004821;
  -4.052632658492237, 1.083293228969581, 6.865402385146941;
  -7.429271697507377, -0.3388857589623464, 11.77919717304483;
  -7.393901050907132, 0.7401475176534285, 11.7226005639574;
  -7.460982546610476, 0.0191204599029555, 11.84336943154198;
  -7.478707553833357, -0.5285027417596793, 11.88893773529927;
  -7.390675175765267, 0.4739057655255786, 11.77234065663115;
  -7.479577499997911, -0.1205640167914466, 11.93955504442312;
  -7.52209755382543, 0.6503718787935116, 12.04347011816161;
  -7.658665495780409, 0.2642829071078041, 12.2586961471646;
  -7.467600462017651, 0.4109801542382138, 11.98898833982174;
  -7.552475315225916, 0.1670504778552256, 12.24832867561258;
  -7.459228155186295, 0.2328540770078282, 12.12697457696864;
  -7.440531982976245, 0.4662385506539541, 12.10480987182798;
  -7.494397412119945, 0.3051274849720301, 12.19157739753714;
  -7.472513870544095, 0.5870961458422889, 12.1708597144666;
  -7.361238451053582, 0.8697827814310269, 12.08922388811189;
  -7.511115870811465, -0.1681234275439522, 12.33458133754777;
  -7.406008529010235, 0.5525271868924364, 12.1915151296455;
  -7.502562408361718, 0.5017767556748678, 12.377460010989;
  -7.505398542156256, 0.3831371723812718, 12.5032767705315;
  -2.94436404174823, 1.093965444407607, 5.502153680698412;
  -7.709533015360849, -0.4012523450527672, 13.00813197567775;
  -7.777338787579435, -0.7050525619182355, 13.12040443173099;
  -7.461658579886858, 0.8927097478760155, 12.75219733796489;
  -3.782461631506274, 1.083209899286539, 6.985989324560991;
  -7.412917353480525, 0.7467727956800194, 12.76385777266725;
  -7.450907990677793, 0.9839535937482663, 12.95577889659038;
  -3.609632806609683, 0.9777014406923543, 7.011667286027095;
  -3.603077589241803, 0.9696035184099652, 7.074429577814787;
  -3.577119107143524, 1.000632952005019, 7.040003860289851;
  -3.413893319268187, 1.005915483306895, 7.063671018849821;
  -5.770674185474254, 0.8024223437527832, 11.27086548308992;
  -7.443981014569235, 0.06259273641625927, 14.3815293062563;
  -7.536421771304107, -2.383921805052998, 14.65321271505691;
  -5.633766185675284, 0.9235496563930715, 11.1882750950162;
  -7.54687421764839, -0.746841456547975, 14.69021804335448;
  -7.779635297344279, -0.7047011019690805, 15.1788161177651;
  -5.529575819086573, 0.8710298479538592, 11.10651522198721;
  -5.507643917070417, 0.9452971604941355, 11.12118077927121;
  -7.791492053852586, -0.660054694539375, 15.41870019749528;
  -5.488981097635117, 0.8880926837335761, 11.17154497775857;
  -5.470110179650353, 1.019728287430681, 11.1380543245591;
  -5.439082338161514, 0.9491771788799465, 11.14271692355149;
  -5.373592886752985, 0.7685780537172118, 11.1903271117708;
  -3.294709292835303, 0.9690163594583646, 7.26573697362163;
  -5.331748809381887, 1.007283011314029, 11.16139826303946;
  -7.568496001072259, -1.817430420533905, 15.8227175167994;
  -5.212671636707289, 0.7248597206257376, 11.20788688333376;
  -7.624821348417045, -1.948952035092115, 16.00831057418738;
  -3.125768776277481, 1.050944083510719, 7.181562772121803;
  -7.662643253213005, -1.433331528209674, 16.2370975068907;
  -7.642179621755512, -1.618113435587107, 16.2120205413847;
  -7.649895354590579, -1.895366863499788, 16.23541129387537;
  -7.586697462346215, -1.156865495331859, 16.14216870633876;
  -7.531557754070396, 0.1765217414796053, 16.04218172363497;
  -7.17886048254467, 0.5985403265724397, 15.33173345338177;
  -7.392780910955366, -0.952013347323378, 15.8425864355926;
  -7.581565376476614, -1.236635127962493, 16.22897579693181;
  -7.564246277523957, 0.3017357242820359, 16.19432661531742;
  -7.532310789438875, -0.4912926904517426, 16.14626302701627;
  -3.052235466270097, 1.103298791722757, 7.124206026747872;
  -3.14216778707684, 0.9943142758774589, 7.311562237134455;
  -7.51500347354644, 0.1098720124612073, 16.14215175391934;
  -7.411027705627855, -0.2278675061986696, 15.96278724383493;
  -7.614694539591394, -1.096082980379838, 16.38919171815818;
  -7.3574150052363, 0.4394844625963358, 15.87104923332309;
  -7.651540391211077, -0.6000339358599938, 16.51953811868162;
  -7.704221083065742, -1.849129409976614, 16.70739064751537;
  -7.598862919873362, -0.320151570665446, 16.50066133049708;
  -7.553383949278985, -0.1567603867846633, 16.41081746042841;
  -8.062730698907343, -3.505677648618039, 17.47387916406762;
  -7.473096432849228, -0.6667055365410316, 16.27270190977526;
  -7.735382006178692, -1.477942122075384, 16.82904921551448;
  -7.694747445368555, 0.2317976980572372, 16.73318331938039;
  -7.26148119486836, 0.01910361512645148, 15.84990699225578;
  -7.592630761661845, -0.3553657985654996, 16.60744808412606;
  -8.305818848651954, -3.491897566979227, 18.16448609009951;
  -7.686581873337519, -1.624459163932627, 16.8937798927218;
  -3.071382668792955, 1.045138325909457, 7.347437639017965;
  -7.529396070508768, -1.200195605876868, 16.6075272903405;
  -8.29553083547518, -3.564776886044323, 18.22881265848773;
  -7.490420143333478, 0.2911055052754541, 16.54309196062933;
  -7.590625753698691, 0.0679252874465555, 16.78516561994346;
  -7.675590444525648, -0.2086424526210558, 16.9683841084237;
  -7.653559627733655, -1.480540110321751, 16.99877148814754;
  -7.668284187377216, -1.267873805956844, 17.03259934362567;
  -7.578017451304252, -0.06324953404774658, 16.83167737780519;
  -7.439225814170861, 0.354501486681551, 16.54263769019515;
  -7.647413512175359, -0.9393281851134387, 17.03334922394672;
  -7.82282072900386, -0.4096712295840828, 17.44285881590264;
  -7.900539998872899, -1.841859173882466, 17.62567600930724;
  -7.841667401795172, -2.062625646472525, 17.52634609925334;
  -7.844500486349866, -2.208823473009737, 17.53516883082933;
  -7.536791115023987, -1.068926126155057, 16.88474929274282;
  -7.806882910123962, -2.336295377196909, 17.4888473280036;
  -7.775501145823048, -1.27484702500479, 17.42069854882421;
  -7.546636627527443, -1.563446800336134, 16.94107390887436;
  -7.646667511145296, -1.675136931722363, 17.23467798430149;
  -7.678511459223591, -1.444854495686025, 17.33619763910417;
  -7.643670169015346, 0.0625766119997848, 17.25212730534893;
