m=[-10.57041542805453, -1.675829465294225, 13.57192466797425;
  -11.38856420133702, 1.255144206827149, 15.09051431400356;
  -10.46552998294054, 2.181299642688363, 13.98275068715749;
  -11.68189430728432, -2.174290564792373, 15.53854445199492;
  -11.15243006245303, -3.422118030713961, 14.89781241684651;
  -10.8379647190319, 0.04142267453795913, 14.58589491205476;
  -11.48555049762037, -2.234586653066142, 15.41637445390703;
  -11.11121957179546, -2.2936164525659, 14.94864861804379;
  -10.02414385118018, 2.194298743881982, 13.61088576252056;
  -9.955556497092269, -2.866750323694257, 13.55039485136837;
  -10.23641564763785, 2.130611475168971, 13.88555171462502;
  -10.12341624537566, 2.168008429078112, 13.74810205692814;
  -10.88230166389442, -2.538860400982607, 14.74824874339527;
  -10.62251025238034, 0.1449110667901263, 14.40714508061366;
  -11.06534541332426, -1.691196718451752, 14.99179662215562;
  -10.95410485306062, 0.409714973408496, 14.85648155035004;
  -10.79319674527861, 0.2462780170005288, 14.65679329015735;
  -10.76754013872432, 0.5313330306886158, 14.64923547325693;
  -10.664998531121, 0.4041711832891224, 14.5788096459385;
  -10.80224075369144, 1.557748431401315, 14.75199897819874;
  -10.65971346413532, 0.06400488495628404, 14.63759924524616;
  -10.7602618263172, 1.424466035462329, 14.81204293360089;
  -10.69831185736031, 1.443478541068413, 14.7655246262492;
  -10.07549027575868, -2.12031164449219, 13.99305398383843;
  -10.65365447914203, 0.02439199573025304, 14.90943823421849;
  -9.759680786371805, 2.112855619836048, 13.75391229675308;
  -9.841643813110931, 2.044276212119387, 13.92171660204507;
  -10.74883187356492, 1.71460145106937, 15.17366689334611;
  -9.42478867583557, -2.794271347014933, 13.47069722289867;
  -10.15239175074485, 0.8978521665530217, 14.69010259785696;
  -10.51992500885877, 1.077380181041683, 15.22877689348892;
  -9.348854479384723, 2.192645777962665, 13.73244867934388;
  -12.16564523458954, -1.219250575940374, 17.84324070805577;
  -10.99336460760904, -2.849577847418058, 16.29083819260584;
  -10.43991065565237, -1.279794539969587, 15.55794089970938;
  -10.8253638572583, -2.691645730113573, 16.14059449646999;
  -10.64426008717815, -1.646043246790592, 15.93380984881394;
  -14.56545292790709, -0.511427587009866, 21.47632539461677;
  -9.156037925605137, 2.079608414632313, 13.89607788457059;
  -14.73819786444467, -1.014729224884006, 21.78709685321944;
  -14.77877787798308, -0.9005205632715092, 21.8738959407098;
  -14.97473968000774, 0.2699014921634643, 22.25159014415557;
  -14.70903879171011, -0.6041984863164919, 22.00499518031123;
  -14.73351381261137, 0.1144781710183261, 22.07720902864041;
  -14.52736624370232, -0.001307412930116433, 21.8184422831178;
  -14.72094059483699, -0.3140159118339277, 22.14764705537777;
  -14.83759902429282, 0.5338257125386632, 22.35785803013218;
  -14.60640598509285, -0.07915558806277441, 22.0330563848435;
  -14.67695406739199, 2.121295594933022, 22.18202293386775;
  -14.90025435261716, -0.1886586745070852, 22.65047797603985;
  -14.79714714562393, -0.4448861611492814, 22.52726702503848;
  -14.560504673816, 1.709402335587839, 22.29135773209902;
  -10.19326832063669, -1.774230745647268, 15.91935587911211;
  -14.78670959096836, -1.04539118463, 22.64694942320231;
  -14.77334639248645, -0.7700443190505811, 22.66922652686395;
  -14.84237521841893, -1.299644219862805, 22.91479866122991;
  -14.47617281378659, 1.892488494227661, 22.36275490798816;
  -14.83128861692923, -0.2208764439700373, 22.93974706531458;
  -14.51742861783676, 2.082431564783056, 22.49019807540505;
  -14.88377139695113, -1.401594036487267, 23.05894670217333;
  -14.63524382065475, -0.00413349900226679, 22.70409893364355;
  -10.2029768734883, -2.288784897201685, 16.14696284258613;
  -14.90224536566465, -0.08215435712342378, 23.18850179687778;
  -14.70531961417126, -0.7928638684826282, 22.93435728299292;
  -14.78722196508339, 0.5899127520263644, 23.17185442982907;
  -14.73035412521508, 1.668821012219655, 23.08535529395093;
  -14.7914823997322, -0.5837668100237061, 23.1882975353326;
  -14.63653392016354, 1.813917857942997, 23.02703866218889;
  -8.613735031490768, 1.934504153380901, 13.9815236050454;
  -15.2110828237952, 2.179182449329508, 23.95213440308151;
  -8.614853866850263, 2.067149898100829, 14.00204388007872;
  -14.5133327572721, -0.7480468710791279, 22.95797104095715;
  -14.99984460935149, -0.4590328775564538, 23.69925350341533;
  -8.280778228256201, 2.037052531438533, 13.52288451289127;
  -14.8463028638404, 0.7269300985546121, 23.48562737805465;
  -14.48175105806025, 1.449658579834954, 22.95997497822615;
  -14.75215214580461, 0.03780573561511674, 23.41718221180559;
  -14.90000078656402, -1.052948147956947, 23.68660364538129;
  -8.431138402693982, 2.132312871516934, 13.83639625380016;
  -14.65872528331405, 0.9399485516286118, 23.34935625272917;
  -8.590501215944094, 1.727446443435293, 14.09455799079613;
  -14.88216605374005, -0.07157107597426586, 23.74443665646282;
  -14.86866770862977, -0.2396694603793034, 23.73466636911927;
  -14.89589971451683, 1.287921914642438, 23.84950764214444;
  -8.519466141379786, 2.153215296317157, 14.06060556203357;
  -15.23284932772026, 0.5256505465714751, 24.38216833819756;
  -14.66239025996975, 1.833301386254506, 23.51062630880958;
  -14.79507087379833, 0.8142482368474321, 23.75300246645481;
  -15.10642743262689, -0.4643110143558845, 24.24322886421627;
  -8.594892060499968, 1.848325037141199, 14.22604094158797;
  -13.70025535073823, 2.248730169712405, 22.08889746124266;
  -14.74017801330147, 2.056186236885401, 23.77835550272;
  -14.87646458604687, 0.3290471552929707, 24.12610702793968;
  -14.65230585209022, 1.362902028483532, 23.78702634155983;
  -8.512372832630284, 1.715690127023447, 14.24649747569675;
  -14.87242166394496, 0.9319355574543877, 24.19555980507962;
  -14.78643676356332, 1.161732207530404, 24.08341431597197;
  -7.998840720103618, 2.138138519299753, 13.550515130735;
  -11.4886197637888, -2.89197468273122, 19.00484062120428;
  -14.83626063404462, -0.3320842112719952, 24.36376520921798;
  -9.712452791801592, -2.326241975728133, 16.31862280853241;
  -14.30320140326225, 1.067094049911473, 23.54543552403159;
  -14.39786780254181, -1.480576626936434, 23.73008871361892;
  -14.92218156880676, 0.9980062074314932, 24.61808320831471;
  -5.881754614139448, 2.13812315486949, 10.31444031416627;
  -5.908395234263112, 2.221928480129309, 10.36587718489382;
  -9.467593694005533, -3.598794260148204, 16.11527723257884;
  -14.83124761789591, 0.7571086656211853, 24.70744128739672;
  -15.42286346600062, -0.4023870108755909, 25.68203358898009;
  -8.086656797600256, 1.963363086384664, 13.92705517011597;
  -8.037532825677719, 2.057982438483716, 13.87544460560522;
  -8.013365819984845, 2.200991029488626, 13.95345106662634;
  -15.21712315616561, -0.7919943191374256, 25.67553001085102;
  -15.70789440883787, -1.423994954801132, 26.49928632966523;
  -7.939473699667017, 2.111031435299521, 13.9445179091783;
  -9.492020187361886, -2.723326939512385, 16.55026272838525;
  -14.82386167655846, 1.773520682854681, 25.33442228511008;
  -7.640062800827702, 2.123917627625845, 13.58564172701848;
  -14.58819640352768, 1.469606052882348, 25.1185404039258;
  -9.010086732007848, -3.085003557522697, 16.01046638252566;
  -8.969892872311052, -2.943817510910519, 15.99867448857932;
  -9.48835682761367, -2.638770760313668, 16.93432298946128;
  -8.929642379753286, -3.338574932865373, 16.15777713533565;
  -7.554167940452571, 2.101792623209323, 13.81024151374839;
  -5.886184767674915, 2.186985931064224, 10.99955464933056;
  -8.870027442941344, -3.12996151302522, 16.14770956520738;
  -9.404720567710644, -2.830590640637821, 17.11957834162963;
  -7.509544496876749, 2.150560595352375, 13.86969724967313;
  -8.569494909379461, -3.420314852718549, 15.76161314114218;
  -8.468228411683361, -3.235222323029835, 15.72153220837664;
  -12.98986170674516, 2.124603512347527, 23.59844798837896;
  -5.829791479186512, 2.162571185933198, 11.15819841889463;
