m=[-4.808247479453141, -0.7287123144704717, 7.456231536252031;
  -4.629669411406865, -0.9470783011422149, 7.544420660482687;
  -4.714984963101284, -1.134279755804993, 7.779169025226034;
  -4.607128902775803, -1.362452285892737, 7.805232447619715;
  -4.610198101816143, -1.301409347730872, 8.273356691865628;
  -4.572137873747352, -1.725534542942155, 8.263305167813103;
  -4.508459798971495, -1.372249993764632, 8.173982904940893;
  -4.487431050431338, -1.753613393322234, 8.201526785323942;
  -4.394766875621457, -1.412799762350967, 8.180235663109267;
  -4.256250472826485, -1.414697139393058, 8.002271374299591;
  -4.421166201088272, -1.288751041896245, 8.282534031019701;
  -4.228107414778642, -1.414650185776059, 7.988413843083952;
  -4.450213753034938, -1.178153267075168, 8.354795333055966;
  -4.33737862422446, -1.224071141107223, 8.187891484989137;
  -4.351348929710091, -1.74377321767318, 8.235914301077534;
  -4.22663678585976, -1.42357965163774, 8.06025124273242;
  -4.333643188270304, -1.182925516096078, 8.277901111336718;
  -4.377704856209662, -1.856895362797688, 8.352900559105933;
  -4.30970831130189, -1.650817625961711, 8.242298215228564;
  -4.287575154262198, -1.704867227864809, 8.21647783404689;
  -4.346445863092656, -1.567229869372959, 8.342184561432781;
  -4.194308367223737, -1.703824723019135, 8.163935741862886;
  -4.224896664354758, -1.732603631048393, 8.318932844294755;
  -4.211694752978634, -1.756745067751677, 8.553635273571802;
  -3.29906356357277, -0.8227933231246263, 7.879391009953873;
  -3.231375619586224, -0.8018747626682645, 7.858814216852625;
  -3.801117909875875, -1.865272302068057, 9.894354887305338;
  -3.782111058244716, -1.800541033526364, 9.965962776298404;
  -3.734862538059539, -1.854228492528983, 9.885651666176425;
  -2.704982547808582, -0.4911541772795164, 7.9666946833008;
  -2.811540090962594, -0.5689010350400361, 8.69559776331532;
  -2.593127734107859, -0.5186543511664736, 8.224242392997624;
  -2.674636452503083, -0.5910801048408728, 8.483306737541659;
  -2.594734943885309, -0.7043959910438482, 8.526431008700619;
  -2.601261307717113, -0.733721672336783, 8.668688961952952;
  -2.646985430627259, -0.6301146705439787, 9.055078320385944;
  -3.463917792903432, -1.488439079548813, 12.14959495638108;
  -3.190902083921255, -1.255289195617449, 11.31019473203882;
  -4.669518746501963, -2.77636498790574, 16.11162275945596;
  -3.116880555677017, -0.9209370796837422, 11.18106276572386;
  -4.161236375698101, -2.141369894578581, 14.95002675292161;
  -4.073463711449967, -2.174892725872491, 14.7383487044095;
  -3.980517816812898, -1.99837448832295, 14.53239056733927;
  -3.955119666320397, -2.069521983277524, 14.76586893385853;
  -3.907540430799516, -1.852742037460804, 14.61656390281115;
  -3.705465024157895, -1.435119182534843, 13.94574844003612;
  -3.891899960403576, -2.697621230212696, 14.61476372095915;
  -3.732143921839723, -1.014170702047615, 14.09919347890609;
  -3.650971305462364, -1.258606515286321, 13.86924735627686;
  -3.767513333643294, -1.245008837922877, 14.38824563013825;
  -3.706679939930074, -2.732054210763809, 14.25808918745267;
  -3.417275040414141, -1.095268893357225, 13.25937322764629;
  -1.624150051769198, 0.580311972855073, 6.852875657820724;
  -3.646579350651268, -2.556339830995176, 14.14586294902016;
  -3.517643420794224, -1.256677871003225, 13.71654090206126;
  -1.60519240081637, 0.5708822424751564, 6.841633568479284;
  -3.672234723329526, -3.009694931608, 14.39625375645943;
  -3.246122434511046, -0.5847350904473243, 12.85150133557973;
  -3.393860390835128, -1.657954693157747, 13.37650560934299;
  -3.431744800750725, -1.160364027553857, 13.57704392947059;
  -3.651290498560672, -2.580874337422264, 14.39756375448928;
  -3.311086439871075, -1.938909616391413, 13.21806055746998;
  -3.380136298132987, -1.076915538870863, 13.47411919143279;
  -3.530737142293071, -2.74973111752277, 14.05827167490095;
  -3.499978587172465, -2.871318987174079, 14.07833907052548;
  -3.382899411926862, -1.282657188496092, 13.6788594677166;
  -3.375732477897665, -1.591800255009957, 13.77147022335915;
  -3.51034613248365, -2.604940399255654, 14.31864208440739;
  -3.489697355628715, -2.981874451458165, 14.28967596887843;
  -3.418559862467239, -2.820025726700446, 14.03128758074608;
  -3.298668794496937, -0.8345620946208641, 13.58031610914908;
  -3.290632307829584, -1.287462252906539, 13.56466998162846;
  -3.268065175454797, -1.847017158992051, 13.47608899843181;
  -3.357347119791008, -0.9076162290938666, 13.84811579822742;
  -3.430218958008843, -2.661312985830372, 14.19556276490208;
  -3.419892925546679, -0.5437792709153593, 14.20314498651725;
  -3.111470914107835, -1.848039515217642, 13.01779173696196;
  -3.370502278475336, -2.846855012455408, 14.03621357923852;
  -3.422764342943449, -3.034552046756044, 14.32472470947294;
  -3.397255965130501, -3.10624097477463, 14.27105318208464;
  -3.238964681572761, -1.620586256790949, 13.7710921455416;
  -3.266331074304607, -2.470104192469966, 13.99968061216037;
  -3.16083721749491, -1.217989777496317, 13.64222705565684;
  -3.314323546182808, -2.633192562613841, 14.28469578182162;
  -3.122884828488881, -2.076510782417684, 13.54226326822441;
  -3.094900778659481, -1.000923789774959, 13.47104645457974;
  -3.196522747944818, -2.76083656036881, 13.91307396710607;
  -3.322461527796766, -2.407319166388362, 14.54816714762971;
  -3.076397010322168, -0.6714564688399848, 13.77316446610526;
  -3.170787399788712, -2.88738280786559, 14.20255415187986;
  -3.051428750783404, -1.597253409119883, 13.79958112409875;
  -3.132507977313764, -2.843680580044238, 14.35679507911988;
  -2.988572188436883, -0.9473407032386393, 13.93905827702672;
  -2.939022749018445, -2.038571621840154, 13.73611488203431;
  -2.911732478919855, -0.7376353254215768, 13.60438442237298;
  -3.004999935174039, -2.314493098110193, 14.1881272267592;
  -2.967338012867707, -0.5126494402552451, 14.01708018354865;
  -2.926407157355446, -2.648932553312259, 13.87027757061663;
  -2.971869801449087, -2.041593798635789, 14.08218355318836;
  -2.847009874402219, -0.866477469000287, 13.62376996820191;
  -2.766182678708641, -1.048936427496696, 13.43803990728723;
  -2.788224132349547, -0.9289585921129596, 13.55576822536724;
  -2.894590420083989, -2.440474794381683, 14.16441636975887;
  -2.707645453590353, -0.4911481917723354, 13.36160800576569;
  -2.642922265087161, -0.8268769310245183, 13.12905486198406;
  -2.774704680118126, -2.388411664177842, 13.94253266531254;
  -2.749377216358213, -2.3202523517388, 13.92033810043955;
  -2.691788015928978, -2.290896458128457, 13.97921023659246;
  -2.643222919458349, -2.3904240111437, 13.79044782155432;
  -2.560957551961935, -2.496230429642472, 13.79226540014156;
  -2.607487574510263, -2.447057377695869, 14.17182528787523;
  -2.594756417538053, -2.644997628013175, 14.22334894725897;
  -1.298198612533593, 0.1760849468087403, 8.090049602827131;
  -1.215132910084229, 0.1243352352484696, 7.995794040449451;
  -1.1343523363234, 0.3513836837735881, 7.604595668916083;
  -1.196174806623907, 0.1796501742469162, 8.174362804733969;
  -1.238894453452273, 0.1016217807647766, 8.449103166939846;
  -1.100799931491732, 0.3117075390729939, 7.709227742856889;
  -1.203427408316007, 0.4005311852367611, 8.357795757749775;
  -1.092338709687544, 0.3278957004909739, 7.804412863395844;
  -1.226748188966422, 0.6146317801817973, 8.954324549867488;
  -1.148959503330981, 0.6847998365733299, 8.508713356082259;
  -1.114580910183177, 0.641362454790461, 8.442655902231165;
  -1.340128852832001, 0.3870195821141915, 10.05732238507239;
  -1.128488950644564, 0.619365691979152, 8.70254316101885;
  -0.4881923933221575, 0.7701535694053835, 9.156332840120015;
  -0.4181415554864414, 0.7525700467625942, 8.900578464960223;
  -0.004283111464815483, 1.045670279297134, 10.51602259209327;
  0.7550414941568342, 0.5937939855591925, 20.07118754983276;
  1.161900805439383, 0.8302281467455779, 23.4156293531249;
  0.401801971689315, 0.756315943692036, 7.844249316058253;
