m=[-12.251520991802, -0.6324650695436727, 15.54406469023194;
  -19.91537342320848, -3.587216731364487, 24.89509721860297;
  -12.74076533551138, -3.259513069092446, 16.31294364723245;
  -13.20837324339957, -3.254036273669262, 16.91834239762901;
  -12.66016696027456, -3.32333634870673, 16.26827342862701;
  -13.11927351830927, -3.183278488024099, 16.9390721149856;
  -12.50059622622973, -3.318440099946305, 16.31986260024393;
  -12.58088811717978, -3.259553955860334, 16.48426920914292;
  -12.54820444849227, -3.410235006329542, 16.54724558699342;
  -12.66092033865044, -3.351435625367145, 16.77996757835697;
  -12.91995546790602, -3.50006118483047, 17.11243803613726;
  -11.35442267139056, -0.8293148545207807, 15.37648727486385;
  -12.02743131507032, -2.499690362267181, 16.39689556191114;
  -11.58003698383701, -3.185040493608183, 15.91402318461229;
  -11.25698785112296, -1.776886382808926, 15.54234426332564;
  -10.91737802993813, -1.523754447821537, 15.3526751672537;
  -10.99945934119811, -1.063647787464733, 15.54355114152697;
  -10.78480435673176, -1.391420002632504, 15.3113757358602;
  -10.64593718495854, -1.266582805764364, 15.26559777487268;
  -10.38702937896176, -1.891124812339551, 15.25756363716732;
  -11.11741659457829, -3.436779616474307, 16.24959060363481;
  -10.39622811584682, -1.54682472290542, 15.38517938252946;
  -10.4023290057014, -1.245103421794747, 15.44439428748441;
  -10.59147070928767, -2.101922943884856, 15.87463221655703;
  -10.01428787587627, -1.903867272084774, 15.35616319553812;
  -9.828187892044126, -1.489507679558269, 15.2407389216173;
  -9.517137725775914, -1.583730330709016, 15.37345684320111;
  -11.55320032411512, -0.700071813319035, 18.49568707139724;
  -9.396031421280668, -2.260394955545342, 15.50234352060372;
  -5.763720714252052, 0.8663199803602808, 9.957534446993153;
  -9.246467065232423, -2.610178219334796, 16.59349955918806;
  -9.099412820218946, -3.434137721859546, 16.44552877836836;
  -9.125694687759978, -2.777608104930502, 16.54517855310073;
  -9.358144201152074, -4.090934727993674, 17.03496174810576;
  -9.003838877802007, -3.518550428961209, 16.45601345115623;
  -8.864253335017729, -2.849619868257722, 16.49955124131437;
  -8.458478585898803, -2.811438268373803, 15.90297410601274;
  -8.604960520432046, -2.428444633493627, 16.24402411641228;
  -8.452432320631617, -2.828034810763457, 15.96968116795085;
  -8.791110305281169, -3.522977116197697, 16.63916919906469;
  -8.38446835190037, -2.823984917629499, 15.98929003768386;
  -8.812616909626781, -3.738056358547425, 16.81495558276222;
  -8.835012794306049, -2.411634187537099, 16.87618455220603;
  -8.621115475665816, -3.302285991225516, 16.48784547947616;
  -8.645944317008748, -3.437884256176655, 16.56862148864896;
  -8.699818880523521, -3.136957513601642, 16.69766449149435;
  -2.419170128825007, 0.01111599663167436, 5.357776406320459;
  -8.600333648355591, -3.809973533843013, 16.57711907157018;
  -8.513458013848231, -3.458362850889125, 16.57086653647969;
  -8.539874942810728, -3.562077516275071, 17.34384370829744;
  -8.264504314554172, -2.065525585912195, 16.88942185394046;
  -6.804815578915099, -2.080004830406161, 14.81134499138799;
  -9.37763533419194, -4.172774122113757, 20.67070389580061;
  -6.483445330234065, -1.514125209236225, 15.36612034994906;
  -6.619586659647688, -1.650938698345218, 15.81003536626404;
  -7.12718736366413, -2.047432223820539, 17.07215666425786;
  -6.468199757206853, -1.605101590097818, 15.7308794128641;
  -6.385442819568023, -1.469612907690967, 16.08306793936715;
  -8.729385842768222, -4.537929396609712, 21.86097135785481;
  -7.776117946099734, -4.158403250256765, 20.23982847488539;
  -7.652075495832015, -3.642906226101535, 20.16342153323217;
  -7.502182209375927, -3.664944546978973, 20.02252657013641;
  -6.380304322976, -1.533883129333049, 17.67626831412846;
  -5.899299441506835, -1.255762764058937, 16.43990290535158;
  -9.148301614542101, -3.484578015009726, 25.32947146392865;
  -2.268674496892377, 1.321185325779234, 7.035436220666346;
  -5.941929927429402, -1.376828357412177, 16.93626172241867;
  -8.794297175299978, -3.766334371119998, 24.64752121337707;
  -8.317960457753959, -3.693023328548721, 23.66677911746963;
  -5.280040080999669, -0.958717365510256, 15.55073517017452;
  -6.05130500892566, -1.403875956250398, 17.69685550505122;
  -5.593622134357464, -1.337570054219948, 16.95516966975894;
  -5.224013576193493, -0.9619233345053401, 16.01123832535112;
  -5.872979512007867, -1.188367946055603, 18.16409009167914;
  -5.151426557409575, -1.030342533293762, 16.33802304476044;
  -5.346319591653646, -1.181507543498122, 16.95724627191144;
  -5.134448471837266, -1.156225526499867, 16.70922813485693;
  -5.153633980146137, -1.399063562726178, 16.9351034021275;
  -5.462625325110028, -1.376002972960286, 18.08246984185774;
  -5.028336902574794, -1.418311859052631, 16.75690499643995;
  -5.286834657099865, -1.258530568258378, 18.0857443841788;
  -5.188079724860827, -1.088846968967446, 17.88301744946336;
  -4.102198708105919, 0.6958365667471969, 16.27706485822814;
  -3.119576307025734, 1.114630682817788, 13.16261912736674;
  -3.107760676079757, 1.105266498230501, 13.2458637067143;
  -2.319823736129596, 0.2373697787073051, 15.26485921852982;
  -2.015841536370714, 0.624438988021626, 13.51401969725872;
  -2.286929593472317, 0.7611482124279186, 15.88271159732163;
  -2.100533601316812, 0.5947966936365263, 14.71065854094877;
  -2.276406060423386, 0.8509077805288802, 16.05957347132121;
  -2.088370483697047, 0.6268822083879003, 14.92074328407121;
  -2.268017322693554, 1.35177774971466, 16.79598735158328;
  -2.129318174098638, 1.225271955308658, 16.12902256447896;
  -1.086798075499451, 1.487649130457711, 18.65726503232025;
  -0.7499241023839115, 1.349711382172722, 15.96291549704464;
  -0.008301559387741178, 2.026726130031974, 20.38223538850887;
  0.03243233237748569, 1.971714964960421, 20.57413988142981;
  0.399494941252926, 1.60313370786605, 17.03670599256063;
  0.2159482103038672, 1.669384569316754, 9.233448997032712;
  0.8827111330732852, 1.730027048953514, 15.97836562505733;
  1.52454096025503, 1.30830235307756, 19.54245035993743;
  2.707827615581673, 1.358252229619879, 30.73491205864989;
  2.315332476831617, 1.50370170253875, 25.78676682129127;
  2.664006854561327, 0.9252872673397891, 27.07728986880808;
  2.842834188517015, 1.322734317782628, 28.63484657820355;
  1.622254697691326, 1.598977959555995, 16.61977235724285;
  2.091202927459271, 1.04471895900681, 20.39020799745462;
  1.727828004654501, 1.684087927209858, 15.97491715773519;
  2.098547779829086, 1.535696184929128, 18.89057412975607;
  1.974296346671113, 1.364110519454879, 16.89539469972484;
  1.34050542809256, 1.570471528621992, 11.70776518141528;
  2.017767262910834, 1.592849845942448, 16.80053908654208;
  1.923125930549688, 0.8034570629468186, 15.15827560796507;
  1.922591627395262, 1.659548099144952, 13.52464882746013;
  5.253214993952661, -0.04975492212731161, 34.801739329857;
  2.003871156695242, 1.594579897529286, 13.92303826210725;
  5.22595748400293, -0.07180518876384934, 32.4011581355492;
  2.086772748802119, 0.8338205859506546, 13.35973337248449;
  5.698500716461717, -0.5381659735156799, 34.45598899961891;
  2.154442250059388, 1.685805822319314, 13.59631040596253;
  2.126619026300335, 0.7107558651378906, 13.19987330221948;
  5.037070142907678, -0.504863461597495, 29.75495845546762;
  5.032882046482962, 0.1521115410985817, 29.4483918013321;
  2.22462058959967, 0.6784101227912036, 13.2446328313319;
  2.215616456393187, 0.9576500518227812, 13.12279882338168;
  2.257314130207027, 0.8288289689751504, 13.10023644631882;
  4.855813973042246, 0.1433127697313334, 26.78165016203561;
  2.110371660212533, 0.3212172227484949, 12.22154211003516;
  2.701587705984035, 0.45959380263173, 15.13418245323192;
  5.835285755123437, -0.2064802625526488, 30.70378455747071;
  6.72170455895391, -1.130961143099673, 34.90672758841832;
  2.448154156365086, 0.3764186474908029, 13.26147203566333;
