m=[-4.496489777652374, -1.470930819065363, 7.650837833049841;
  -4.524294376931713, -1.676494320243511, 7.754873137400898;
  -4.307356741612565, -1.398526061730044, 7.663450651208178;
  -4.260282970834768, -1.393043645879178, 7.619477869996071;
  -4.318384214088817, -1.35206451090665, 7.728676263892154;
  -4.237811826226201, -1.396578058959122, 7.651920049307447;
  -4.290246822304273, -1.139630270576721, 7.78398540145469;
  -4.321496057440119, -1.626189602007265, 7.842908668103854;
  -4.333018807577293, -1.530441653265194, 7.896341349300238;
  -4.257465903291124, -1.742958954749421, 8.23206210698959;
  -4.469677476588932, -1.820602576407479, 11.53731245708397;
  -2.665473151360948, -0.5042152956907607, 7.889214041825964;
  -2.565722683199122, -0.4006428833505525, 7.716657335961589;
  -2.570685644321685, -0.4318627208430041, 7.891111031081731;
  -2.644862986143487, -0.6379305090482226, 8.163795512089791;
  -2.612306817658654, -0.6698455784909982, 8.186884928610859;
  -2.646214602491817, -0.6231859286384359, 8.384231753581302;
  -10.16392277849503, -4.888877001556432, 30.28197905761139;
  -9.972605596576459, -4.988211688207329, 29.82245522018106;
  -10.12429254090004, -5.454692857042725, 30.34683822760001;
  -2.626639789382179, -0.5837166864054272, 8.605005541728355;
  -9.946863163053221, -5.74235150896691, 29.93388781018892;
  -9.976041475099818, -6.018572860414548, 30.62673406078957;
  -9.494449330929886, -5.184277102503948, 29.29611570869707;
  -10.00892966429789, -6.054445902377558, 31.13920221319164;
  -9.771097609567276, -5.695005430993136, 30.51959253791155;
  -9.823485348112728, -5.401023168483903, 30.87108660722949;
  -9.546481347739737, -5.432256493585422, 30.29500612552515;
  -9.667564301853245, -5.767799033521673, 30.9287630542916;
  -9.514888406991005, -5.492639069138391, 30.59155421014251;
  -3.39828579946068, -1.134762834838572, 11.59701151146735;
  -3.231261042093623, -1.22748172548178, 11.13151547813703;
  -3.106579232741356, -0.9218844036135241, 10.86280942348391;
  -3.160989386624493, -1.292729981557065, 11.0869235444915;
  -4.279941326817427, -2.143572265164435, 15.09160126572235;
  -4.305048758023546, -2.241833372119098, 15.26220526672216;
  -4.100710366039045, -2.006785305618408, 14.68206122557052;
  -1.606064820212845, 0.6198490706321534, 6.35776468921781;
  -4.075840331414429, -2.731421128776747, 14.7547869286393;
  -4.664745392933554, -2.617415818803372, 16.75043980762748;
  -1.581500618459009, 0.6081541769877097, 6.328148977461047;
  -3.813074687019003, -2.598659517725798, 14.04121401560003;
  -3.828220437560514, -2.37385234259133, 14.10604978615019;
  -3.897484392979147, -2.265993401142309, 14.50215213702655;
  -3.73741746867682, -2.606586157115022, 13.97867171042699;
  -3.770956505571841, -2.487895792474828, 14.11480470564028;
  -4.252799368978719, -2.061853450120098, 15.80557352755379;
  -3.763916434470846, -1.185581149159101, 14.10045416685497;
  -3.910600626192467, -1.592639291998671, 14.63936020371711;
  -3.806477239828976, -2.762510960241268, 14.35955307603858;
  -3.726696848447812, -1.114857084659393, 14.08551240503505;
  -3.458868540559158, -1.978840214816664, 13.20766542415774;
  -3.756412676390324, -2.587983759300982, 14.28708369183669;
  -3.585814075217519, -1.699717259920974, 13.82512646027023;
  -3.551252203375471, -1.138841806782402, 13.7455406126633;
  -3.388901552323584, -1.936649346315272, 13.23976807517989;
  -3.493241692305651, -2.68882916978416, 13.63486933300906;
  -3.4396580673881, -2.153562220783234, 13.60751020406546;
  -3.585816902034059, -2.903126561351074, 14.15268041157396;
  -3.485721182115966, -1.259303727723161, 13.78713161370184;
  -3.340895459613244, -1.516322564056155, 13.35721609485211;
  -3.579651954027547, -2.61320686697819, 14.3361955487522;
  -3.552207706196788, -2.997345074900585, 14.28663028717355;
  -3.305768254388181, -1.821246759805968, 13.35744318656747;
  -3.528259536953922, -2.872980078866612, 14.21831615640525;
  -3.45294542397838, -1.290396863386922, 13.93253420499427;
  -3.355851404136285, -1.072113449007015, 13.58156204472794;
  -3.412992232462953, -0.8551327648469845, 13.80124672588832;
  -3.496059970901114, -2.668048674878333, 14.20260039521765;
  -3.44049596321789, -2.868946108034779, 14.06705270167628;
  -3.78933953546999, -0.5359432722560964, 15.39454636979696;
  -3.441327763460442, -3.019146058481586, 14.15793753198082;
  -3.541498842164386, -3.202884499965624, 14.61763681594158;
  -3.222223972605734, -1.550311640756604, 13.42464083974006;
  -3.384134797336539, -2.4035016129334, 14.22355412677297;
  -3.136075992638905, -1.863393650248321, 13.24966943993092;
  -3.260501635875253, -1.197238898660277, 13.78765582802093;
  -3.323192405120775, -2.599278826374548, 14.07786667459524;
  -3.160422314041486, -2.06169777143446, 13.4571297782955;
  -3.238292659016644, -0.9763547283260275, 13.78548588340662;
  -3.306195473621852, -2.418867544581763, 14.10778893220298;
  -3.399020994303061, -2.418522087227775, 14.63779020465157;
  -3.241606650055859, -3.015527677447599, 14.19048771657261;
  -3.160758264968515, -0.6234676164230748, 13.86956034162397;
  -3.239661546525556, -2.912320510500162, 14.25845212355268;
  -1.322107746142303, 0.5231630547138257, 6.407430666015751;
  -3.166062579803111, -2.671685012720155, 14.06502983773037;
  -3.129735360212998, -1.58478499538191, 13.89049250186116;
  -3.311907471355159, -2.231797057220765, 14.67772566600129;
  -3.187485155445752, -2.586841833937899, 14.23046252906939;
  -3.21416096737571, -2.823980883577753, 14.42259033683788;
  -3.153118856993386, -2.829326473032649, 14.23212854826248;
  -2.858281354156618, -1.932933984053707, 13.10754928557167;
  -3.04221460115791, -0.7011925796006358, 13.93745001605444;
  -3.087648273876933, -1.498804623612069, 14.17106171319423;
  -3.024215630224682, -2.700900880987246, 14.08089932166958;
  -3.070280826414971, -2.615275871911579, 14.30364539042384;
  -2.919723155234043, -0.825347544322465, 13.70830885759349;
  -2.974267928306661, -2.654549101466968, 14.08480336326286;
  -2.932875290334459, -1.899383590139163, 13.94818037303001;
  -2.935862836230003, -2.552300919365888, 14.01480051085144;
  -2.839057192821443, -0.8843897979585839, 13.54222467404531;
  -2.818415471291822, -1.109965831676396, 13.48273030974388;
  -2.968548130092651, -2.456639571901377, 14.27998186066648;
  -2.85844026875996, -0.9643409595294242, 13.75855705211291;
  -2.922438612381765, -0.4369715262953197, 14.11248977031849;
  -2.888038830040955, -0.5131836454406438, 13.99982745849956;
  -2.785901520171591, -0.8107495473513735, 13.57913717025342;
  -2.997726158520641, -1.919452362974622, 14.58840618587674;
  -2.84077748331083, -2.013665916385838, 13.92143889591784;
  -2.759883135675789, -2.292936341790919, 13.76154604450315;
  -2.933300899134949, -0.06700014908095207, 14.56742511627851;
  -2.729341748805433, -0.9364393467236358, 13.65614929848922;
  -2.729173573879458, -1.103819382689701, 13.7551500601465;
  -2.619709084082498, -0.8088890342550165, 13.23960522175199;
  -2.668264235579375, -0.4960444065534029, 13.58879260050427;
  -2.725819407231496, -2.421581598336122, 13.97087633430049;
  -2.6135211330939, -0.8654096435224604, 13.46176307145589;
  -2.739660938710241, -2.262941873302618, 14.41848543832546;
  -2.671224933201987, -2.563736569715923, 14.15407516680706;
  -2.544383818794671, -0.7913561094567061, 13.49861327092794;
  -2.582500230580071, -1.696495285104422, 13.73749474081706;
  -2.533499704046431, -1.949511119066816, 13.57272981139014;
  -2.653952749806881, -0.4102195681440511, 14.14416158078208;
  -2.628980169976594, -0.4624216863583751, 14.04989701751872;
  -2.681809722158971, -2.477935008741145, 14.363283133724;
  -2.590832384149918, -1.978707268207153, 13.97876873047348;
  -2.581104389405228, -2.353698230965426, 13.97112837671124;
  -2.644208178728957, -2.668297415042031, 14.31611110234465;
  -1.120381280928257, 0.5523294008978582, 6.611039779044826;
  -2.555731495089312, -0.4338180468365584, 14.04858985080794;
