m=[-10.36890097546132, -0.5809660531076984, 14.82924421820285;
  -10.09688179940794, -1.85720766638768, 14.59782831442338;
  -9.535788567624437, -1.384645554085662, 13.93259962388898;
  -10.2078710278389, -2.284039915548496, 15.26386468278368;
  -9.747284808101254, -2.237976997091288, 14.6373151758925;
  -9.673968426937417, -2.313514015629723, 14.7466615912167;
  -9.527788668167352, -2.340290488933437, 14.8057925681362;
  -9.582270795035083, -2.239299867299556, 14.9222425789832;
  -4.679055450918579, 1.088054802127516, 8.154898304849084;
  -9.152493854227602, -2.994043342075294, 15.5730913911341;
  -9.327094915184576, -2.566605854866771, 15.87710684460319;
  -9.330330103547579, -3.457388958673998, 15.99266543132283;
  -9.029698236876856, -2.685683456512876, 15.52884323725525;
  -9.077272305048309, -3.486740599881943, 15.73719159538824;
  -9.08921322406095, -3.319796020763962, 15.83853813820309;
  -8.829906464194963, -2.773179074706258, 15.58900005237313;
  -8.658892363263151, -2.811396260437256, 15.40550233021752;
  -8.551920857515578, -2.796339842254513, 15.29503372566587;
  -8.676694042757859, -2.716629532160189, 15.5288079922427;
  -8.852306211044708, -2.424458720211181, 15.83113674273279;
  -8.734751185141723, -3.438792284270469, 15.69538217769274;
  -8.616494841403522, -2.839580456632646, 15.55820133958221;
  -8.624349191530477, -2.290910012821389, 15.64753986994729;
  -8.835961514840731, -3.689591044211869, 16.02005868211901;
  -8.737068201938369, -3.287780267104261, 15.85655222728304;
  -8.61652223533863, -3.365417316800571, 15.67327644339277;
  -8.808293395451297, -3.111128685387988, 16.05192463823147;
  -8.371698176965859, -3.340330204656218, 15.46833962279607;
  -8.310069000707452, -3.481543132190767, 15.43707073650672;
  -8.437054061186219, -3.454035630979881, 16.31354298763116;
  -8.670734198670557, -3.576847080175656, 17.50415305448733;
  -6.79434562681977, -1.539521252469634, 13.98121998005838;
  -6.797597491207528, -1.520222662159631, 14.23096908381291;
  -9.172312625446947, -3.569573232476668, 19.18127179394237;
  -6.764663395064437, -1.44666650447867, 14.54069827183142;
  -6.846251042881705, -1.513295415150299, 15.01159971144155;
  -6.62999789338282, -1.467523944122394, 14.847344466187;
  -7.893437952569118, -4.011839114860321, 19.86812183784939;
  -7.687749844624625, -3.601172176063828, 19.49434779908936;
  -5.565336400227157, -1.091829098452103, 15.06037191669948;
  -5.473848584403251, -0.9198627451783703, 15.27430662287475;
  -5.859294705475522, -1.286145064487989, 16.36647267795166;
  -2.858938309149591, 1.755666242303876, 8.525623848270994;
  -8.564088763299445, -3.872752531930606, 23.72733683126239;
  -8.41545965231856, -3.490622095429724, 23.33496343703989;
  -8.290237674610713, -3.570710076071211, 23.36126453877025;
  -8.461821722424567, -4.025341414423797, 23.82929624322242;
  -5.42767460991768, -1.026728240333449, 16.06472258974418;
  -5.204468379322837, -0.8126884606245867, 15.6529383951215;
  -5.193225577108826, -0.9571271463040187, 15.66404675640937;
  -5.356809903631358, -1.103077835116171, 16.19672379636112;
  -5.377987004210406, -1.297149230498758, 16.60002291198772;
  -5.230641153545297, -1.341236728278217, 16.39265990405852;
  -2.859061228965052, 1.752687300041256, 9.514880418344827;
  -5.460415828953093, -1.285932858927556, 17.3007101305224;
  -5.383242164469093, -1.430198209645052, 17.09788474857295;
  -5.344973914865794, -1.187810553666652, 17.51040639212732;
  -5.56441749394076, -1.077414601147215, 18.35653543032026;
  -7.196513917417724, -2.403075260821264, 24.55886869667449;
  -7.150065878554733, -2.960168366131655, 24.39024329112063;
  -6.304473831038874, -2.394924555944962, 21.71856347026937;
  -6.998981904212797, -2.227966749923682, 24.49691504955347;
  -6.755906838794641, -2.762920799440743, 23.69581590889453;
  -7.64292829898987, -5.330405626595078, 28.58604544269337;
  -7.820314391587828, -5.675511203178649, 29.50135059322178;
  -3.268053288549896, 1.261281467715325, 12.93690860974784;
  -7.67955562472098, -5.290836483526247, 29.20830680188642;
  -3.205238560862602, 1.232550399461757, 12.82530457762646;
  -6.814010584508178, -3.893990114650896, 26.62099161271095;
  -7.14073423321456, -5.496388796181716, 27.87181271369818;
  -7.448011220386746, -6.250060663482079, 29.28426800586819;
  -7.299580028451831, -5.909840141387415, 28.81034534216871;
  -7.228824253317711, -6.099666057028535, 29.073620705777;
  -7.05359495701409, -5.743579117025748, 28.42484859394339;
  -6.983358598972096, -5.823253300606583, 28.55264894848633;
  -7.107715290667938, -6.235741574075171, 29.24179154013277;
  -7.046039343714812, -6.37234436771407, 29.08272703382057;
  -6.536756660617393, -5.57647434899159, 27.96131695532673;
  -6.540552710962701, -6.084395750290395, 28.63198497662033;
  -2.664824903356732, 1.080515907919835, 13.01164095977331;
  -2.275920534967666, 1.121991099787322, 13.42953639688639;
  -2.234478055587023, 1.132588673850106, 14.07345575755867;
  -2.351435123966326, 0.8679448309975938, 15.06520891569002;
  0.4330683721251309, 1.626389240402592, 13.44086251761066;
  0.3812551488426302, 1.541941121508343, 11.43183747327299;
  0.3443908138163421, 1.599327732168546, 9.864596286668315;
  0.9547394539002152, 1.874152779226731, 15.32061168646171;
  1.667791248436959, 1.669975301266125, 14.00283060207288;
  1.874444773185749, 1.418990218753577, 15.46114219334793;
  1.793766043759581, 0.8036142719289232, 14.29210557134642;
  1.909154030875367, 1.387818043850232, 14.95149871842285;
  1.951137933104749, 1.600765252330018, 14.86277437730984;
  2.008352124210115, 0.5649199072579257, 14.66825859462968;
  1.778844899682583, 0.8692530044521371, 12.94499806434748;
  1.835682044795269, 0.8382842119307069, 13.14569979851186;
  2.08003211648147, 0.3592363757297614, 13.3077250198258;
  1.888172954143721, 1.555780609752866, 11.89368320122295;
  1.892190773356473, 0.8847770984911332, 11.39160401058265;
  2.067955441872081, 1.668758421107816, 11.82140191149622;
  2.010414555904959, 0.7374379707048843, 11.26624058099005;
  2.102642346349075, 0.9718042002326534, 11.25407061472575;
  5.177157657105815, -0.6774190011353545, 25.69890519987699;
  2.286312028255975, 0.4201460345972034, 11.87637657657751;
  5.152746583518121, 0.2532161293045054, 25.32610068324436;
  2.319733286215035, 0.4690618827357221, 11.88830731184993;
  2.390210524884195, 0.4395454880991876, 11.72009551205887;
  2.723447216008986, 0.5650039586700107, 12.85416222587806;
  6.887918672491284, 0.005874268804229527, 30.66737280297868;
  2.800929778971381, 0.4593689161347208, 12.85955416216157;
  2.463976156856232, 1.713505460795582, 11.23258291548891;
  7.2526457063939, -0.3071021872844613, 30.84012827251696;
  2.602351513735875, 1.649628597020066, 11.3897733366678;
  2.603467371098521, 0.8777398911549805, 11.37719599724532;
  2.601417513407648, 1.695013401021956, 11.31012476323464;
  2.639814677873176, 0.6994434345583417, 11.26259365125819;
  2.618546543759702, 0.8784371220019824, 11.16097886062372;
  2.598097070528429, 0.7573415251107378, 10.98929538799027;
  2.76174069285309, 0.8691923065097215, 11.40112477304221;
  11.12540182856862, -8.403319796096342, 42.54525147384866;
  2.568531155037214, 1.731689651726312, 10.58007232578957;
  11.1767922072836, -8.383383287087948, 42.33047419555049;
  8.388431725128099, -1.291398408214005, 32.03922882179798;
  8.97260617396547, -1.746722799047943, 34.01575871865018;
  11.45703126771559, -9.05674829681371, 42.83521235946546;
  11.94962998400339, -9.631683354884054, 44.41632141896136;
  2.796729930569426, 1.607829991449685, 11.173900291321;
  2.81571340616771, 0.844062582368177, 11.14295678166358;
  11.80325405845323, -9.212346122558291, 43.427073845421;
  2.594170217361674, 1.693221182643554, 10.33816162364165;
  11.65196121780477, -9.186374134710064, 42.43686509399351;
  10.61225034294286, -5.940651720665977, 38.72786371886168;
  11.88807853151282, -9.510612951803934, 43.11907421324532;
