m=[-4.582342795692658, -1.493116295343976, 7.32101062676535;
  -4.527783924041369, -1.33788328520578, 7.309677946888984;
  -4.252043356624182, -1.101937700831277, 7.138996003752836;
  -4.441422645204546, -1.256951707651339, 7.425195961581031;
  -4.353253454481802, -1.154497514158653, 7.338352445727346;
  -4.330883426333133, -1.145758449545838, 7.383088913359338;
  -4.338394865709979, -1.527426510519939, 7.439302257468279;
  -3.147252294545856, -0.6501010904806127, 6.96061706678963;
  -4.658279346401597, -1.922033868234433, 11.80899383741685;
  -2.565887424999573, -0.3994549340436757, 7.265268009640479;
  -4.19426479778213, -2.060258666713928, 11.27778359358844;
  -2.617564775991848, -0.611183067150211, 7.418860505111709;
  -4.135030942562988, -2.034787988912318, 11.26840989033701;
  -2.644227126005546, -0.5866604242179565, 8.216883550490012;
  -2.659071168891412, -0.5345488961175651, 8.399346428800808;
  -2.634395667218483, -0.5977242505544069, 8.396822161380605;
  -2.560551486988104, -0.544218929740529, 8.238242046461636;
  -10.95001136488173, -5.77399617620686, 32.08091125661822;
  -2.671560024902636, -0.6081361610172051, 8.807453462805382;
  -9.941657137310681, -5.99963494501962, 30.19386884540146;
  -10.43785321455107, -5.71988335612551, 31.83531722155644;
  -9.302649544187952, -5.667099179397712, 28.74789757746381;
  -9.951208193552063, -5.68362423593277, 31.25440683226353;
  -3.171001927972838, -0.9489436934472515, 10.63605384041517;
  -3.097495197426216, -0.7930175474222332, 10.41773735949057;
  -3.276553630064891, -1.043185696804654, 11.06882881586793;
  -1.598187401074341, 0.6270557680140833, 5.888647981896137;
  -1.565576049823912, 0.6107059840540593, 5.824760368233441;
  -4.122658859157565, -2.026860935544199, 14.36444836705025;
  -3.989471690499772, -2.680649175461507, 14.0506797303469;
  -3.686501893355884, -1.371766150674786, 13.19565190962176;
  -4.153716129713517, -2.837104126764481, 14.87817578636602;
  -4.023075356363889, -1.088359962768909, 14.40458958883923;
  -3.818300658624912, -2.678100806075777, 13.8683224458469;
  -3.775706127996751, -1.194799073597797, 13.76399113507551;
  -3.814157887296847, -1.560583111942171, 13.91323705094299;
  -4.30232652352163, -2.094467969551548, 15.59439484529823;
  -3.843796484896858, -2.80184505419296, 14.09098386012475;
  -3.787452300521466, -2.62036539856313, 13.99461020154814;
  -3.733043557396654, -1.274018674200462, 13.83754673613393;
  -3.536909782443354, -2.030911893158468, 13.17572898619258;
  -3.790899757769156, -3.0801617926778, 14.17511596210849;
  -3.74351424271846, -1.78514832355212, 14.00877069385385;
  -3.598417584300095, -1.156780607309183, 13.52590414757871;
  -3.773053226413892, -2.633547067624682, 14.19724684120543;
  -3.460180568160389, -1.983733761947924, 13.09094809787033;
  -3.507876835671782, -2.958583112254082, 13.40128797463509;
  -3.498713517305685, -2.197462661898002, 13.42864361244453;
  -3.636201744895939, -2.959786878175631, 13.93919133536894;
  -3.472589525817218, -1.261023168837213, 13.35527671125961;
  -3.355989684153298, -1.528897794809592, 13.02207962883138;
  -3.583906361138778, -2.629799177728033, 13.95401639663352;
  -3.279586416625778, -1.815398299542376, 12.85408667841971;
  -3.598730445149379, -3.05246628255314, 14.06158504869059;
  -3.55703237048651, -2.909121954730548, 13.91151092765895;
  -3.410539465416453, -1.094842038885182, 13.40462841481199;
  -3.221783970429063, -1.879722721276037, 12.7822115292337;
  -3.509148249425794, -0.890165943219811, 13.7955750082897;
  -3.571133404300903, -2.73955075044177, 14.09437497579577;
  -3.476029585629814, -2.912980175034632, 13.79844622114242;
  -3.499542841954344, -3.08224129279348, 13.98336253986004;
  -3.325665815545391, -1.280518574907513, 13.41964052140633;
  -3.37460123187391, -1.383478518446016, 13.76597074155028;
  -3.368061570426642, -2.40519963457085, 13.76983116025438;
  -3.395507250829657, -2.537438761949059, 13.87800907708368;
  -3.324296045849315, -1.229427242777506, 13.67010981012006;
  -3.321191241906416, -2.443943612291342, 13.7716900913828;
  -3.326891909336911, -2.858286376674509, 13.81924914094408;
  -3.394548095584783, -1.025039402612946, 14.04862178660884;
  -3.285520743287322, -1.640929054647906, 13.75011232106619;
  -3.408315989848731, -2.438094040319053, 14.28545223212204;
  -3.407137936716917, -2.239497428547943, 14.31269258453524;
  -3.301603645620234, -3.097495747756765, 14.05629013241953;
  -3.243011734635063, -2.93236360486828, 13.87452747235401;
  -3.196592258785653, -0.6327677434223824, 13.65688440800622;
  -3.172067694938585, -1.620558941232004, 13.69767521548773;
  -3.171043515757551, -2.862277930816678, 13.91005937338252;
  -3.035525844160339, -0.7133014483553407, 13.54300297012907;
  -3.200026411046762, -0.9517258494895823, 14.26823677770006;
  -3.148706195304378, -1.539223052394956, 14.06842685609589;
  -2.986758132961492, -0.4458522529196373, 13.49923251083716;
  -3.085649201719825, -2.777147797574356, 13.9729172182541;
  -3.14251636401083, -2.390624060112292, 14.19513086965399;
  -3.084009632504609, -2.647384640509438, 13.98339875975929;
  -2.894334598235309, -2.534530772110039, 13.46122906496054;
  -2.893053868976887, -0.9074313504445569, 13.43171470702594;
  -2.909574853404429, -1.054402314664491, 13.49438740967686;
  -3.029411882924808, -1.203986596052958, 14.07584048988364;
  -3.034045837547877, -2.525847953992979, 14.19616129705173;
  -2.932867663447177, -0.9977548281170385, 13.73822612388842;
  -2.977652538511864, -0.4493721186722213, 14.01030837091757;
  -2.872590981933843, -2.458411408442585, 13.82889835741461;
  -2.734117572361704, -1.167296001788601, 13.2519538158466;
  -2.864374882011519, -0.5040717769184528, 13.85839328854929;
  -2.788179987553189, -0.4700707768370733, 13.53466922455328;
  -2.811018189231374, -0.9720669502271019, 13.68582738811438;
  -1.165624546162627, 0.5094917138553966, 6.313655735739537;
  -2.75713999139727, -0.52002460327325, 13.68638718510154;
  -2.770886932731521, -2.479130309873563, 13.81417116755137;
  -2.858145099528982, -1.508203305660559, 14.22171879578516;
  -1.085054452160022, 0.5424746801213874, 5.993922334881346;
  -2.713708771229414, -0.9003514676226692, 13.59914434616157;
  -2.66419376153998, -1.22790489342756, 13.4257358871636;
  -2.686919971832021, -1.669122115031629, 13.5498323788479;
  -2.699231750852544, -1.852767153832739, 13.62811186141224;
  -2.587750044291392, -0.938323733497247, 13.18450375443347;
  -2.717616875716257, -2.271696994770688, 13.96650287979544;
  -2.749666078055525, -2.662582930998243, 14.17137176790058;
  -2.607510891848556, -0.8204249160908579, 13.46383531414195;
  -2.624273198449613, -1.736654576720644, 13.57637371287926;
  -2.574207640273313, -1.579971448414697, 13.33469117000273;
  -2.528910356028069, -1.96742925491137, 13.20018342076255;
  -2.606384004693017, -0.4654152681279977, 13.59043438455102;
  -2.702704862147595, -2.522260089019087, 14.10682488443635;
  -2.501176362166112, -0.82083331625846, 13.42392105203738;
  -2.559759232337908, -1.321708861244783, 13.75690956886367;
  -2.55372938591159, -0.5023307209261949, 13.69283761135621;
  -2.609042202308936, -2.538003386405983, 13.99165511526467;
  -2.588731251932654, -0.4470672959300797, 13.89282846502553;
  -2.57751889907196, -2.737529293531257, 14.02320670188747;
  -2.426051106038909, -1.085132861910927, 13.30816642291536;
  -2.500261347953267, -2.626123696216448, 13.85018924564842;
  -1.190632663113971, 0.1727425393697163, 7.097921218441768;
  -2.6093346518307, -2.31674482400566, 14.47233652981902;
  -2.301242797728265, -1.342336380502377, 12.87527196507476;
  -2.33752576030924, -1.799802534305665, 13.1586087609849;
  -2.440444225390865, -0.5795853062459986, 13.77507364284923;
  -2.388162541851785, -2.358614103318108, 13.64585838315942;
  -2.303872011546211, -1.760940747091249, 13.22737160605212;
  -2.277047758096576, -1.022974373138036, 13.0847142745698;
  -2.516808738331945, -2.600935585421561, 14.39482768679484;
