m=[-10.21470931979989, -1.943789481841042, 13.54649312354913;
  -10.45074039856598, -2.204132803344079, 14.04134115623996;
  -9.877786542953416, -1.795064538779027, 13.34911836667518;
  -9.644621936914822, -1.967181048094705, 13.30119220518173;
  -9.639304242475966, -2.21592034421995, 13.5755290800198;
  -9.448531123263287, -2.736015276599495, 14.16513312924084;
  -8.834946787017488, -2.878790087156432, 14.11521184653851;
  -8.777264852745171, -3.243250740887368, 14.15103538093316;
  -8.567098434591602, -2.773788152485814, 14.30362959616533;
  -8.792468652551856, -2.488326234664601, 14.69929973940797;
  -8.489787174061743, -2.771037130177627, 14.2430672690499;
  -8.595509290500271, -2.680419922675519, 14.44361448651931;
  -8.640196000514802, -2.291409151509024, 14.56492347962518;
  -8.33703194464313, -2.737003344593498, 14.13514473974063;
  -8.545340370334129, -3.208629449261114, 14.58102725193271;
  -8.599005626542313, -3.187167888154069, 14.70115450514006;
  -8.524219462105895, -3.001137330956116, 14.61698325083687;
  -8.306336551030569, -3.344064994815943, 14.61429324798956;
  -8.581412330404028, -3.506914285603584, 15.63033121806366;
  -8.673994903774808, -3.022190930596758, 15.96698678246167;
  -6.623923632949428, -1.954173122895035, 12.66474469006115;
  -6.550768802583842, -1.56460277339349, 13.88457535173382;
  -6.584283639554754, -1.544131179231976, 14.19727685959306;
  -6.369833255998281, -1.422884228319258, 13.80024449052796;
  -6.258523265105675, -1.236905634416317, 13.60257295316574;
  -6.208069184336689, -1.282347955869468, 13.73006936596425;
  -6.265274651425881, -1.368740070848889, 14.05029208032836;
  -5.418946306468913, -0.892095191612445, 13.15998451364564;
  -6.717923435231431, -3.431626728208524, 16.14012998816494;
  -7.931251494215274, -2.283860147648342, 18.85880448965168;
  -8.625587056938549, -2.639488541853475, 20.89381479045158;
  -5.862513688557511, -1.488996560228189, 15.1823522938955;
  -5.271233629763137, -0.8569234906304285, 13.81515426354109;
  -17.51845926068368, -7.222649556222432, 45.45528376038509;
  -5.705558046192329, -1.270423732897752, 15.51611634987723;
  -8.046688511783406, -3.952602075461597, 21.63640496157855;
  -7.895966181163926, -3.666607632511296, 21.33593099172745;
  -8.016532737750429, -4.072544088895263, 21.65126866654509;
  -8.000971969336495, -3.430406683436841, 21.67290429939177;
  -7.999448198488764, -3.936410957573692, 21.79936799728465;
  -7.512804690293817, -3.812909180854069, 20.56371075556438;
  -5.260275359535679, -0.9870747918242738, 14.67911565178244;
  -8.160062502651611, -3.710972790095636, 22.46036745117361;
  -5.081253250197854, -0.791044713084922, 14.38748494102399;
  -5.064164506578206, -1.182446991979748, 14.35316153160161;
  -5.21536713888833, -1.2598820169121, 15.21542223176781;
  -5.236333942066853, -1.345150182457742, 15.49868453375944;
  -15.29190998184494, -7.662429457935628, 43.6769092859811;
  -4.937775492811245, -1.243104355362214, 14.82948150570756;
  -5.130706045266706, -1.206199834754507, 15.40486032466738;
  -5.175816292090558, -1.148330471209941, 16.08374686598231;
  -5.228888463182815, -1.051155226161752, 16.516762000824;
  -6.297611605430387, -2.079034050750443, 20.73130215066353;
  -12.73405284745812, -6.943990660690393, 40.96611104443794;
  -8.69226530111955, -3.868708384412777, 28.38482692453904;
  -6.5424155974761, -2.487768596813931, 21.62771660963625;
  -6.12843116838553, -1.722406832752317, 20.48675574667656;
  -5.845980616982454, -1.496681969034036, 19.66165782177828;
  -6.360136074367938, -1.903313575433913, 21.33292607696063;
  -6.452512181347287, -2.054344038283291, 21.79782809360614;
  -8.507902104990388, -4.2576477252804, 28.53108770591301;
  -8.216338396238475, -4.134514066786777, 28.20625739428536;
  -8.136681812018983, -4.254936439220098, 28.10557291244535;
  -7.533084467523711, -3.36060817890287, 26.17915496509703;
  -7.818196391262223, -3.843732259501123, 27.24069155911031;
  -3.163320538935055, 1.241142552295954, 11.65550491461047;
  -7.638719167704013, -5.132691200002625, 26.90311021157433;
  -8.927603242292383, -5.012786511630023, 31.28138471147465;
  -7.553288873334905, -2.130148566352935, 26.66688943923197;
  -3.129519012691274, 1.220774927207449, 11.64344480027492;
  -7.695126984487221, -4.520298954404376, 27.32973921288289;
  -6.834748530587619, -4.668324135781758, 24.48135282193752;
  -7.35712018523923, -1.990316944530309, 26.34211080746914;
  -8.091692023513911, -3.735896714576515, 28.89800942243433;
  -7.159732262257892, -5.021732560406843, 26.00462470513886;
  -8.140744991170196, -3.963095208853795, 29.50728891290151;
  -7.066147317164274, -2.236039030117202, 25.75899334734198;
  -7.279168435867034, -2.978310721700991, 26.55285884185996;
  -6.921660052945224, -1.151620614674446, 25.37376888567241;
  -7.250719599956356, -5.285241539270206, 26.58043246012717;
  -7.190971720563327, -2.156692230296795, 26.42048059377185;
  -7.199410132828419, -4.98094331103021, 26.60177092557383;
  -7.188846815998532, -5.84104373919995, 26.88088415996013;
  -7.020450337133835, -3.347802181945089, 26.27153860354454;
  -6.851706614163982, -2.202612996562092, 25.75452257538332;
  -7.083263523479086, -4.944035178427914, 26.65290804278404;
  -6.620328160877715, -3.795457557548766, 25.04677736832555;
  -6.681679251515299, -5.178673210513405, 25.31494017569222;
  -6.929287033212222, -2.639462928477385, 26.42178973234451;
  -6.592468324503672, -1.593228843612425, 25.18676397179036;
  -6.563032626461264, -4.12209204158368, 25.19000933390623;
  -6.89280712781526, -5.610590809308055, 26.42321964871104;
  -6.485977124023294, -1.17660887760704, 24.89579495298446;
  -6.589908373580959, -2.393034672776165, 25.3442133533789;
  -6.366148478405914, -2.900244424476199, 24.70224887943332;
  -7.001616215175435, -2.879646663406711, 27.07734717858526;
  -6.809978843173274, -4.99702697489894, 26.51479889897926;
  -6.822023724088624, -5.786484348842013, 26.65619675120603;
  -6.345020834350817, -3.512253854585891, 24.86882107074869;
  -6.902680404712739, -5.645363049954939, 26.99630025215783;
  -6.691947311802394, -2.505093682172563, 26.22275651913833;
  -6.478294602840713, -2.079644391567515, 25.46199297598748;
  -6.656659344785135, -1.688595357951386, 26.16943963842009;
  -6.725273129984641, -5.159209966221379, 26.54297965863959;
  -6.624235460914283, -5.55123772598974, 26.29556351921815;
  -6.515803684076323, -5.738829349373039, 26.03564215893762;
  -6.952196299586143, -6.33167189712007, 27.89944264548278;
  -6.090382527797672, -2.947215411229236, 24.64604151180925;
  -6.352168544220822, -5.468114925856023, 25.85334272361262;
  -6.296760311773411, -2.581470232648647, 25.6862995839938;
  -6.325280023440773, -4.726837413685103, 25.85248303002694;
  -6.359878638599306, -4.541715600388005, 26.00144125100647;
  -6.212992031090489, -2.297756143505767, 25.54895296417825;
  -6.31196834519949, -4.969241565479351, 25.99655240231007;
  -6.140103494234219, -4.024475160574278, 25.35032297024984;
  -6.222752901851154, -1.87906217190381, 25.75338440581716;
  -6.361691873128893, -4.681337232412585, 26.37946524371462;
  -6.216928793213491, -3.104999141552832, 26.01824060110047;
  -6.454886345399874, -4.617418096364575, 27.05470115612117;
  -6.400072621285993, -4.206740802428784, 26.88540166220392;
  -6.269129309220517, -5.881566493666719, 26.69027233627984;
  -6.186189169446403, -5.593614040794177, 26.466278448518;
  -5.968728871102573, -3.049328661960399, 25.77426378892292;
  -6.074228364661882, -5.482778684214588, 26.64513330708612;
  -5.88542791662074, -2.877050369444124, 26.29610609121939;
  -5.78787891543198, -5.209210163507908, 26.20957460411686;
  -5.860968540999224, -5.03118989331729, 26.57457984676845;
  -6.026007399126336, -4.341209918076768, 27.31553163534688;
  -5.529173064661743, -1.572890536348371, 25.26720165160083;
  -5.350380946732957, -4.68525828363934, 24.88402811225951;
  -5.570159598052055, -2.213762193160601, 25.88115483645548;
