m=[-9.123895678987099, -2.467630256991569, 13.57469012122549;
  -9.320429357462063, -3.090997146490511, 13.87779422606586;
  -8.606762124928689, -2.843929779624316, 13.40972982573438;
  -8.790539555023049, -2.542803895706435, 13.74297618206347;
  -8.651448984896687, -2.418055691994973, 13.58486116851524;
  -8.59346802705055, -2.337616596400872, 13.5409661696632;
  -8.612534303891788, -2.327744464386298, 13.71950436885703;
  -8.596972472482744, -2.460854249887547, 13.74809265436771;
  -8.652507296048109, -3.10081392572404, 13.86434720995631;
  -6.537478261918567, -1.42648671046116, 11.97176030079544;
  -6.553357441828431, -1.717187264475897, 12.14343054128495;
  -6.530009320306864, -1.529250303012892, 12.16234850298695;
  -6.523956212746062, -1.762246825977181, 12.50460045941603;
  -6.407233187669766, -1.598425210481871, 12.60796275255002;
  -6.222573942191158, -1.371688199911862, 12.59614890124719;
  -6.269843545819457, -1.336890467013026, 12.9085896793975;
  -6.476455614465079, -1.466421349792461, 13.8656474479653;
  -5.815246966134126, -1.400375557233052, 14.10684123907379;
  -5.755779874085146, -1.52395172664681, 13.99474058903951;
  -18.32552554649482, -7.58314598003275, 43.54156303736901;
  -5.786554847755306, -1.24917239618904, 14.44005562085377;
  -5.297431586940252, -0.9892158320803384, 13.69115025718184;
  -5.255114087583942, -1.219719098546962, 13.60015162360375;
  -5.218815202474839, -1.142113995688599, 13.62858078682184;
  -5.115347131998397, -1.190540847321873, 13.39054301316521;
  -5.271301429229331, -1.028822552133639, 13.78765905974074;
  -5.068475235134515, -0.8417737451074426, 13.42685696944074;
  -8.363895787054878, -4.213099064182549, 21.55452194095759;
  -8.177823575797406, -4.259012310722843, 21.17025259632876;
  -8.182682263489715, -4.121817651456338, 21.371226026749;
  -8.174513056262544, -4.221092681946063, 21.35760042710346;
  -5.018279104756673, -1.270821270888422, 13.56658288278997;
  -5.1129927936144, -0.907416646343189, 13.87028943503899;
  -7.803486612823861, -3.739489251143368, 21.23625543025718;
  -5.243581856786312, -1.311475959885477, 14.81858694875598;
  -5.284518506858508, -1.207134080854679, 15.13134096762138;
  -5.242744404835561, -1.230400367688888, 15.37110480437376;
  -5.248557664923551, -1.112268999548324, 15.66548567737412;
  -17.81353917642297, -9.348995296434167, 51.61033348653178;
  -7.715012193467438, -3.323701846668493, 24.4740576669688;
  -6.010406970129212, -1.893031360785549, 19.34878813667855;
  -6.489028188711346, -2.656047143858126, 20.85677006410412;
  -6.31241601312385, -2.105126908007716, 20.48252544534651;
  -8.515301256146714, -3.888372397700249, 27.33122267280224;
  -3.20408321696832, 1.227377436684791, 10.88206420508861;
  -8.743273909304381, -4.237110271001291, 28.24680702279263;
  -3.107269993907695, 1.183962997046312, 10.65687175704753;
  -7.419980490747003, -2.291559145633765, 24.47089735834202;
  -7.906842061752772, -2.71334445907518, 26.53532637524642;
  -6.519866186436067, -1.182636531421691, 22.05582374332078;
  -8.066657685462632, -3.734269916046932, 27.14704437198996;
  -8.190180622481568, -3.966159618103532, 27.60290650800514;
  -8.087443592284233, -4.104951305496005, 27.31351416756532;
  -2.968068607094871, 1.260057629904408, 10.70734180903675;
  -7.798806225290039, -5.374157222603012, 26.59824037127984;
  -8.821501717102519, -5.114264858145322, 30.12985669218496;
  -7.662323470871927, -3.456379718930423, 26.3501250859842;
  -7.354058001694729, -5.173657637117344, 25.45139784277547;
  -8.259610329091137, -4.361688471838074, 28.6082026306322;
  -8.387722634737457, -4.945708153575749, 29.10019352455943;
  -8.183259123614622, -2.342381993921159, 28.39454152307897;
  -6.788352596995144, -4.127819501831044, 23.87249822509908;
  -7.381402108670713, -1.573959622853568, 25.93443669186661;
  -7.499724321120766, -5.293425757865122, 26.37361337066512;
  -7.619403266872548, -5.49689103077338, 26.79570978009398;
  -7.634030769070908, -5.208479615132854, 26.87905854962847;
  -7.485302433293491, -2.500953958954461, 26.43241362229642;
  -7.430325776499261, -3.163174575748056, 26.26402365645323;
  -8.362740022299834, -4.22128518692396, 29.49365596677756;
  -7.615412290945491, -5.703159890903276, 27.04856858283329;
  -7.621024087522925, -6.026728254842572, 27.08761572977755;
  -6.840669614671986, -4.049440112186149, 24.44124526503111;
  -7.441450507242799, -5.292778598528782, 26.63806630952746;
  -6.951179899033776, -0.7767736012938236, 25.01257017094887;
  -7.486861958473575, -6.231275352439264, 27.11871899926564;
  -7.391741569462253, -3.669512420101892, 26.81713735909585;
  -6.997870282807347, -2.379590279324559, 25.4885543760957;
  -7.500858592799427, -5.382704852211043, 27.34613964025711;
  -6.755248814956155, -4.006810973206163, 24.71912105038543;
  -6.438328354069741, -1.664908179222038, 23.80843909174894;
  -6.309716139041848, -1.249937889649245, 23.43549498362912;
  -6.965255257786224, -4.508543738777116, 25.8465819346254;
  -7.18123884942159, -5.995377868439129, 26.66186963471784;
  -6.800520881873094, -2.592164961474547, 25.31614748609634;
  -6.602342935080458, -3.12760221762313, 24.75976644414133;
  -7.186389232335325, -2.972822191044562, 26.93770559339351;
  -7.030343254187339, -5.309220239645633, 26.53193750612182;
  -6.328825703895961, -3.62892133648418, 23.98539516590811;
  -7.119190374202046, -5.614118325145484, 26.89465246201403;
  -7.104331677971351, -6.179613035051779, 26.89757520942859;
  -6.853690726518064, -5.747858872262927, 25.97842061535122;
  -6.643781772147686, -2.261251264696944, 25.29867946733502;
  -6.837817020392726, -1.838328375294467, 26.05016615584914;
  -7.07694352523994, -5.577190713366573, 27.06093295806268;
  -6.376638817206358, -3.292712838723825, 24.46541020714399;
  -6.821930318196272, -5.86900963535356, 26.2346948429913;
  -7.047953762458247, -6.364837519743222, 27.2647668136157;
  -6.631299971172473, -2.440254496656942, 25.76477637127286;
  -6.358311758345615, -3.936700870582703, 25.19817223301104;
  -2.621269089843739, 1.023665163659738, 10.94448068337432;
  -6.681766949701233, -2.874829943027118, 26.41542476529497;
  -6.632251401689297, -4.884545731738642, 26.27289824297602;
  -6.790755482054543, -5.22764092078237, 26.88390289794405;
  -6.548794609165809, -2.558876544696546, 26.10495717583508;
  -6.456094647695513, -4.888601865602414, 25.93626730126266;
  -5.792070932452318, -0.8174765224670418, 23.38537867326048;
  -6.830760837490241, -2.192466163679949, 27.40157628097855;
  -6.399198376555418, -3.331470414025654, 25.96466534281387;
  -6.661750544930995, -4.920323101146438, 27.10683205163332;
  -6.706407690954865, -4.562609865389686, 27.34937912165353;
  -6.499120741866141, -6.248644916762554, 26.81127199758045;
  -6.348005972153413, -5.892980359014222, 26.32352142457355;
  -6.27091640975567, -1.363857247158735, 25.98111960951794;
  -6.167558236377653, -1.813388420255523, 25.66537120874765;
  -6.291477283821456, -5.491925097510972, 26.31854082164044;
  -6.383065621527545, -4.670031401280378, 26.68320708734306;
  -6.222320330123217, -3.315404388204467, 26.04639931943516;
  -6.716280927310836, -4.72711841444285, 28.17987160231101;
  -6.295456663102682, -5.306682877383897, 26.52740515807003;
  -6.172065877443518, -5.718608289156754, 26.24305792287728;
  -6.364697444642543, -4.857630675635034, 27.41667707663341;
  -6.406767391875289, -4.556812851221475, 27.64548122501289;
  -5.716545085555127, -1.471026034641949, 24.7784399218058;
  -6.179355621339192, -3.162950924772186, 26.8004570430328;
  -6.129830221268963, -5.668780372172057, 26.89676430912021;
  -6.029262412843733, -5.321866957458979, 26.50334701991449;
  -5.914641150483056, -5.492550738406086, 26.45349565172874;
  -6.006881951641842, -4.058976132158166, 26.93609400384365;
  -5.856695286640043, -5.27063352975889, 26.33166105043829;
  -5.709574916236217, -1.901846804130031, 25.67116435716113;
  -6.027638650280945, -2.533168955296048, 27.17910950903749;
