m=[-4.254773885068425, -1.405903635034435, 6.629132702889765;
  -3.291634379390268, -0.8625124885638692, 6.099428240904703;
  -2.562978066545291, -0.4256600941341689, 6.789564576890763;
  -2.466509129231651, -0.4377380396501759, 6.691031436487696;
  -2.563832148246987, -0.6016963205351278, 7.516851787620807;
  -1.570506849619489, 0.6016088037831173, 5.333930243004579;
  -1.555474396765816, 0.5926823649809834, 5.334744389835787;
  -11.22381866797713, -5.59000311138461, 32.68429364447746;
  -10.56458342628507, -6.283646312866131, 31.03921486490677;
  -3.11196029950562, -0.9205658056174719, 9.961422827607164;
  -3.001569259503968, -0.9453710485911929, 9.662694717402944;
  -10.32363637849895, -6.137567420908213, 30.90780756625358;
  -10.36856669516351, -6.446630826979165, 31.10707349688681;
  -9.48736277334187, -5.338695981149972, 28.56194702579009;
  -3.183721872452335, -0.8641396454048653, 10.23401553070116;
  -3.079023548160331, -1.026823217631067, 9.990814616922762;
  -10.02692715035091, -6.26898887552159, 30.52713872321155;
  -10.12165047774344, -6.085500266528089, 30.89804378693998;
  -1.480616680065662, 0.6285779042373858, 5.341341788302375;
  -9.834330030001841, -5.991409138085212, 30.37820791851975;
  -9.608367632676504, -5.652676731141395, 29.80892440416672;
  -10.01138649643856, -6.174752150664656, 31.33725763772095;
  -4.214520513880761, -2.040914827438586, 14.20396216920944;
  -3.959929747254172, -2.728787514067907, 13.50554946849327;
  -3.798289571718782, -2.362656897759333, 13.04577927651716;
  -3.045099481620933, -0.149143688288826, 10.64510346716625;
  -3.765593909180603, -2.649135168912894, 13.0322100634509;
  -3.976139666290844, -2.546077347320252, 13.77281937810207;
  -3.978171406518709, -1.138714652756274, 13.80358992450262;
  -3.776517770348428, -2.66552683600646, 13.28054409708374;
  -3.78775596465421, -2.732613179747371, 13.320676960094;
  -3.795990675980689, -2.589895253655894, 13.36550227789381;
  -3.875766102121401, -1.294952697431238, 13.68626767288451;
  -3.909413771206308, -1.664282108096926, 13.81863176101572;
  -3.85221200155824, -2.884910250317587, 13.6823610513706;
  -4.218412675537252, -2.12934072948504, 14.87746980611908;
  -3.662993701359378, -1.160230582717171, 13.04719097659897;
  -3.954199147432379, -3.126992311455995, 14.05451889333634;
  -3.755226534561553, -2.670928552895675, 13.44253695399655;
  -3.920826536606806, -3.263283054270303, 14.20191712908008;
  -3.779902665001635, -1.876472499160818, 13.71343519234205;
  -3.568790590497414, -1.21354913064861, 12.99871380100806;
  -3.430841530903999, -2.034970712392153, 12.55429510151301;
  -3.621986466871463, -2.889935540692217, 13.28532006478139;
  -3.502635362276504, -2.267222685652179, 12.9975354136511;
  -3.612987337624829, -3.016363162003922, 13.4139804297692;
  -1.299463786385867, 0.507470146699013, 5.425599517404899;
  -3.449723075211853, -1.314936228810077, 12.84220718901733;
  -3.530178511968613, -1.672284255938003, 13.23869364586468;
  -3.634252230254604, -1.503395561896549, 13.62275455248598;
  -3.195066184916393, -1.832037157032886, 12.1088695773806;
  -3.559694616495663, -2.688233279875749, 13.43399485501487;
  -3.595418178447642, -2.835308795130591, 13.58265719587464;
  -3.599930399893674, -3.131353916574814, 13.62962810141462;
  -3.391213546537835, -1.154220018651694, 12.91331164410167;
  -3.458721414952968, -0.9298677780326865, 13.1767590851888;
  -3.246311426971072, -1.676301829302369, 12.45520453607589;
  -3.533449581188381, -2.784637480865681, 13.51126257913603;
  -3.438995957837102, -2.958620136979711, 13.22514381002817;
  -3.357233284905164, -1.235429501821748, 13.04395294856216;
  -3.299320275568389, -2.913542544947609, 12.99667561609857;
  -3.15565828582847, -1.953802077222272, 12.50596447877287;
  -3.308427536871635, -1.423450805592571, 13.0794024020204;
  -3.364875591862834, -2.478176370979961, 13.32956618664491;
  -3.366819128872188, -1.080646386968927, 13.50598467416783;
  -3.245775549826883, -1.689774965319434, 13.16969266617841;
  -3.377752688650964, -2.49478488752103, 13.74416142208804;
  -3.401510039499942, -2.3141693703436, 13.87168689160754;
  -3.226530682159415, -2.995252685824455, 13.37957933742389;
  -3.174791077271144, -0.690483102631541, 13.15352036673468;
  -3.146773852554725, -0.9252159520324289, 13.09482877023176;
  -3.153302977166347, -2.752565570710783, 13.19091357779557;
  -3.236937235720511, -2.368234862541003, 13.53140821522564;
  -3.176333876305428, -1.692428340746801, 13.29601436839917;
  -3.178181442718751, -2.679011538931431, 13.39202401169555;
  -3.428554839212548, -2.413118940493463, 14.38537729379588;
  -3.194962447525326, -2.899813062422977, 13.51961710188589;
  -3.140921091544304, -2.910159701200777, 13.35490835213277;
  -3.128795316548975, -1.601498060044771, 13.56988489026957;
  -3.065516566192012, -2.834946403686873, 13.4510212502266;
  -3.023332084574936, -2.668613508685568, 13.28992070791923;
  -2.976606971305437, -0.9153353615068106, 13.19604207894695;
  -2.996630552136377, -2.782780042458307, 13.40256344618692;
  -3.051269568529163, -2.061806849401337, 13.68252024771428;
  -2.994467241838427, -2.694819975456281, 13.46310377775617;
  -2.814117278534136, -1.182657909696131, 12.6890820970147;
  -2.923823742479155, -0.9739192360294148, 13.14598038307745;
  -3.015350482295705, -2.58519354567192, 13.68229786725159;
  -2.885003766645399, -1.046759953358891, 13.1146437000173;
  -2.84526472697066, -0.5716254087150361, 13.05798790464782;
  -2.921546527147116, -0.5168958988199778, 13.37727472078118;
  -2.804559153226311, -2.076919888623064, 12.96906794900935;
  -2.742412001800613, -1.015079544509255, 12.96149894775222;
  -2.617585930809241, -1.136466898349777, 12.47232845390341;
  -2.612763999010344, -0.8809482895739061, 12.45233767204805;
  -2.792147985398544, -2.602597706830362, 13.30052594603333;
  -2.748038077900515, -2.186332206868175, 13.11836776571756;
  -2.73458115388791, -0.579761037620086, 13.16862225604209;
  -2.678837966414263, -0.9467778736643219, 13.01305610967616;
  -2.59336704011309, -1.262840148884592, 12.67761013184626;
  -2.650126210961337, -1.718373116287721, 12.98041678308012;
  -2.683128202082929, -1.91279043693061, 13.13909470914022;
  -2.674932280670882, -2.349871339273419, 13.22768792912342;
  -2.706026790187988, -2.340811412144895, 13.5021008176399;
  -2.535258876963812, -1.747166511944636, 12.72749999618304;
  -2.644495584277757, -2.640904698432846, 13.24460561065548;
  -2.474165478107478, -1.195198063195557, 12.43894263079976;
  -2.553347380807132, -0.8692797352646918, 12.80488387237346;
  -2.546966350127424, -1.632258819727787, 12.79602327007904;
  -2.498868563009811, -1.900853416606934, 12.69041343434037;
  -2.559981034882273, -0.5225027521407917, 12.98576743195192;
  -2.472623120658933, -1.982978403301632, 12.62428321248794;
  -2.846655258798538, -0.5167282816663468, 14.40611809970761;
  -2.480759176377782, -1.246035689974362, 12.8046284045184;
  -2.425570983187533, -0.8598234216956366, 12.64348118267479;
  -2.470168278630751, -1.341995053870305, 12.8883602838584;
  -2.690105835256471, -2.706610291039971, 14.01201200527696;
  -2.583891881505342, -0.509624344650881, 13.48661527568052;
  -2.527352311709706, -2.770586947004373, 13.37215511536648;
  -2.392536333206571, -1.138242838279671, 12.73884256180026;
  -2.450930897002615, -2.7749615112193, 13.12865770684391;
  -2.363289132150875, -1.448778122182238, 12.80281253880683;
  -1.027857864902897, 0.3265963471755037, 6.111055804738351;
  -2.330253978310863, -1.333287079610525, 12.72680451918973;
  -2.341636198280855, -0.6207382184536568, 12.84544428053545;
  -2.389280120419197, -2.749386424547189, 13.21351128847001;
  -2.212868649749724, -1.060421632752161, 12.3410630029265;
  -2.370464830553987, -2.034068056075334, 13.17588774022596;
  -2.437664297737099, -2.603871352674267, 13.57026517306582;
  -2.269081470680163, -1.375967624113918, 12.75401943945717;
  -2.205944771052374, -1.665614987042359, 12.95192194758623;
