m=[-9.340030070956637, -2.6492375652185, 12.98780923130427;
  -8.830623422912041, -2.44305557068164, 12.9247025876817;
  -8.748559224239152, -2.406328125591297, 12.95875116090051;
  -6.858441405888875, -1.942770420247867, 11.1125739048185;
  -6.657137477381961, -1.447418934198166, 11.30064306845541;
  -6.640625386206126, -1.527899291874165, 11.28238807351413;
  -6.634010606997497, -1.778603289899004, 11.32131764338404;
  -6.694983569128477, -1.418834652745578, 11.44073446233286;
  -6.510406440235724, -1.655334663146049, 11.83558675485504;
  -6.416275923271924, -1.403004675603516, 12.23341085834275;
  -6.397468633706883, -1.753279822534077, 12.4141020975363;
  -6.80669413455086, -1.525911527006584, 13.76427865749339;
  -5.473413097242383, -0.9901042391691699, 11.38070973997783;
  -5.713328174814606, -1.091093871521036, 13.24083908486139;
  -16.15461182279295, -6.817212838057663, 35.70270882041702;
  -5.662973582872056, -1.412129073019565, 13.54284329132524;
  -5.395681049902031, -1.088120240210637, 12.98799174551071;
  -5.308569992420757, -1.20652391789959, 12.90839378097882;
  -5.316854499625926, -1.277613882151042, 12.93885253524853;
  -5.202016196787242, -1.342110911589564, 12.70326198382491;
  -5.205675963353944, -0.9125805028395293, 12.830290419327;
  -5.381467477958032, -1.245502606581052, 13.23861729076057;
  -5.212931528294451, -1.323071187263876, 12.89621178439134;
  -8.318675739184609, -4.271730443375994, 20.51398351731786;
  -8.366030195549866, -4.246302278248907, 20.63806314505031;
  -8.068007484730572, -4.253782252508961, 20.16917873873386;
  -8.405586873463292, -4.318570756823054, 21.00075582988691;
  -8.449017971356279, -4.376362906056486, 21.32870071408544;
  -5.140487499330804, -1.141382959231218, 13.49452994760532;
  -12.89091719600834, -7.46869953693589, 33.33684630076963;
  -7.984375324198844, -3.516992346023515, 21.02302271532737;
  -5.137215876246291, -1.139198571707013, 14.03025600358343;
  -8.113102220031983, -3.081568649984871, 21.68970246320572;
  -5.039242195107316, -1.232393422016875, 13.8865851710234;
  -7.983050597646852, -3.684021012844581, 21.42888131765006;
  -5.368189254952775, -1.346015903852495, 15.22260564306982;
  -5.926129622065505, -1.548158318509669, 17.53823932278721;
  -3.076784904343301, 1.161815071668745, 9.566730095111558;
  -3.114073019859116, 1.165299218194538, 9.752217119084286;
  -6.073032834125867, -1.987891355269697, 18.6430416827808;
  -3.021641906890544, 0.8576541862784325, 9.865908721075652;
  -2.952548906357815, 1.23518821347495, 9.736841191218217;
  -9.22991944675924, -4.506772174474537, 28.54488680327149;
  -7.277185614436801, -2.844192777890114, 22.85216106564418;
  -9.785058831867573, -5.174595439738351, 30.55970273719087;
  -8.224137546448533, -3.302843585432401, 26.24529594765777;
  -7.959946837427609, -3.539631896680376, 25.44745655758909;
  -8.805355819288362, -4.753569550150295, 28.47272635276199;
  -8.686662384045638, -3.741438427824457, 28.18040026527471;
  -9.871742595526241, -6.326937928007434, 31.83076091823767;
  -8.155342554972473, -1.586557914630448, 26.50364250665514;
  -8.93590739344738, -4.471881139378315, 29.19304933340251;
  -8.238242900775626, -5.816267216794331, 27.1809368504665;
  -8.25962882236772, -2.708392718974661, 27.36306608585628;
  -2.777092180547954, 0.957793181920589, 9.844758482817895;
  -8.297447210082297, -2.168342316867223, 27.5959693743054;
  -7.8602665293049, -3.152817704067448, 26.25339490727509;
  -7.891835130047129, -5.686947976123653, 26.37700754409083;
  -8.372495482869162, -3.084268846885892, 27.97229800441104;
  -6.825094201711027, -4.258586367264358, 23.11622172823121;
  -7.945561720445272, -2.391667227251753, 26.7621311275974;
  -7.786935365984593, -5.626767560834816, 26.47683982191775;
  -7.709741063556983, -5.689638234549054, 26.22648099051459;
  -8.383066370503691, -2.616776800039332, 28.43818839883953;
  -7.727391182634709, -5.408062015994644, 26.33872739530428;
  -8.279274010268505, -2.885244357889423, 28.29645907815352;
  -8.504842306338992, -3.748937081338697, 29.08208703784399;
  -8.858742752671986, -4.523028925053536, 30.29965188941001;
  -7.992823798859671, -6.117754780728644, 27.46525364501267;
  -8.785764186528658, -4.575833097369601, 30.10061567108717;
  -8.418360162604412, -6.802644167762519, 28.95376996670129;
  -7.768990666774417, -5.656250976988781, 26.89845761405796;
  -7.005036018337157, -0.8808481820264926, 24.36458633833314;
  -7.483932995285848, -1.599302579626443, 26.26832006635608;
  -7.962684262384431, -4.076833106456905, 27.96402372152112;
  -7.484000431311617, -2.658808939815225, 26.35233721697894;
  -7.134050130098032, -4.352919626170055, 25.19170177613228;
  -8.004615585176914, -1.259454533172567, 28.23338543150229;
  -7.136913338433998, -1.937688859735318, 25.441313645513;
  -7.338571770935812, -3.283541687231764, 26.20842084037956;
  -7.222801426874084, -4.780015434060652, 25.87684220276389;
  -7.924892455164533, -6.690395869292959, 28.26242639988438;
  -2.575526130123139, 0.9844401452422789, 9.858373233760576;
  -7.188221681697151, -2.855419624415445, 25.86465709174064;
  -7.515927357880858, -2.110199773247094, 26.98813247880419;
  -7.788337713610336, -3.811535026984183, 28.1893118398357;
  -7.568658287125896, -3.261270335389368, 27.49491628029771;
  -6.591852261150656, -3.903352286647112, 24.0977149381884;
  -7.391463084588398, -5.715863195121984, 26.98349191065674;
  -7.445428992817736, -6.007998793366445, 27.22035044863669;
  -7.471611490048097, -6.63994642748948, 27.37167896704092;
  -6.705279089325609, -4.123414211082318, 24.72223022686062;
  -7.115142391789609, -2.541321764349487, 26.19847083594543;
  -7.18011157765, -2.056266778649531, 26.4941854386067;
  -6.778310045770772, -3.61546285860632, 25.09450634129007;
  -7.062782485477379, -1.707106938014804, 26.09915575237774;
  -7.234563856887061, -5.831089256053108, 26.77194568182709;
  -7.094042117217763, -6.236366078016178, 26.37175189597659;
  -7.123085017419081, -5.135331492668366, 26.61739873778626;
  -7.04588685861413, -5.396520304712336, 26.44230162483469;
  -6.9950181043978, -2.690959386907935, 26.29587740892597;
  -6.424048394329164, -3.869888940501661, 24.23479537598591;
  -6.732034315653876, -2.854149244957049, 25.46266524339556;
  -6.404675328693153, -4.065686767655158, 24.49542438396149;
  -6.736453629998605, -3.01670881763979, 25.79234032510462;
  -7.010636061782453, -5.289303746011065, 26.85293363532587;
  -7.053523388486802, -5.145143611621589, 27.16536658909566;
  -7.11290862366879, -6.406250189475446, 27.66148889642191;
  -6.827874460150626, -2.321381685190725, 26.5892312320975;
  -6.775213216218239, -3.638355835848475, 26.58410793181944;
  -6.76034342568147, -5.291971959249382, 26.67235709356529;
  -7.040740037685134, -5.34153448376131, 27.75779523223712;
  -7.091349934269949, -4.982485059819119, 28.06771280914496;
  -6.718120137797149, -6.376927850926689, 26.94505170685228;
  -6.465901330735843, -2.049655960070682, 26.09983202712769;
  -6.46980296774503, -5.786206732136808, 26.1905771547035;
  -6.724855332447481, -5.071424034622319, 27.25304547409606;
  -6.644275902794501, -3.679117337463815, 26.94372071690286;
  -6.581233951506693, -5.685181642704486, 26.8408973773303;
  -7.217446340697368, -5.215985458619627, 29.36973281646194;
  -6.552978561454592, -6.207217800931905, 26.94173403507155;
  -7.740431788091562, -5.792012108213942, 32.01308614499776;
  -7.36067007166344, -5.362679016542916, 30.76277442119708;
  -6.102668442642337, -2.062743484500742, 25.6566754040703;
  -6.541496111150046, -3.480896638578153, 27.50866278908358;
  -6.285923174315231, -5.948094074739402, 26.70172965870458;
  -6.218150514541367, -5.618399050022499, 26.44553583279949;
  -6.375882781535409, -5.149658325232798, 27.09585660526239;
  -6.086297245633922, -4.7901378298628, 26.2670268700281;
  -6.111793369505204, -2.56860463119668, 26.33727158416417;
  -6.22379086235622, -5.902673690741864, 26.90869281767873;
