m=[-4.399377044083111, -1.217119344845969, 6.439028949905979;
  -3.334785401168298, -0.7067245255784206, 5.698653905523649;
  -2.664856996963349, -0.5202292555940933, 6.416007288250116;
  -2.631417478927879, -0.4241722022846005, 6.470208411068362;
  -2.608124393958761, -0.4572169853948129, 6.428174488729106;
  -2.512947865031042, -0.5579696227169684, 6.596854914217151;
  -2.679302408845312, -0.6394934790090465, 7.203094405090482;
  -2.63201894782864, -0.5836609358653379, 7.188309881051939;
  -2.694889302697745, -0.5983812569973815, 7.571351833455253;
  -2.675431737606315, -0.6708358251653138, 7.586737414102639;
  -1.56124805226494, 0.5895379671079181, 4.85443057993851;
  -2.72034127179078, -0.6347125015204873, 7.763940292118856;
  -1.564404567414089, 0.5854067671894465, 4.899182808564822;
  -1.521191078118925, 0.4317705196313845, 4.966813668360875;
  -1.488468861420194, 0.6226955935570513, 4.908635007031934;
  -3.242446738408664, -1.061353036819662, 9.953687284328705;
  -3.1646709963918, -1.092629781622883, 9.819010054488205;
  -10.98879219729867, -6.679024919959175, 31.86848702740552;
  -1.400377003735647, 0.4829769626270515, 4.964319687778387;
  -10.94004310057576, -6.9648423731457, 32.41165435669784;
  -4.594388261249939, -2.243341482444228, 14.20882312182109;
  -3.02773858195512, -1.025024768181061, 9.722967973023284;
  -11.07376297988157, -7.075372170025802, 33.26069971056026;
  -4.05158373386775, -1.627130780664783, 12.92962496693584;
  -4.087443963005306, -2.885769041875833, 13.48595296064986;
  -3.924144797989615, -1.025482778926999, 13.05107184461222;
  -3.884151935517052, -1.557965361852552, 12.97311920185023;
  -3.928535180423194, -2.830948040003571, 13.13040634829253;
  -4.01210225617257, -1.207669616835223, 13.5135073459605;
  -4.142869771665046, -2.968588207580076, 13.95300101484757;
  -3.935452591589654, -2.455565338769588, 13.32916323489309;
  -3.939450713005979, -2.846610693120461, 13.39476965100128;
  -3.883166795962495, -2.717658049745083, 13.23573108336946;
  -3.720415941786264, -0.5540262951439963, 12.74596558641164;
  -3.64844423048162, -2.221907724474384, 12.57417590296234;
  -3.878004388232873, -2.823399724692433, 13.42675530685401;
  -3.673605408535233, -1.369130481012037, 12.76719830726948;
  -3.512173203941034, -2.14299134308626, 12.4021584270238;
  -3.829635382066925, -1.96074386435535, 13.44923535079706;
  -3.691708330372017, -1.311537486144054, 12.99908300668602;
  -3.63387584838075, -1.422329676505515, 12.83203696233435;
  -3.554402842407994, -2.352286798632413, 12.73421710526704;
  -3.339820038334682, -1.977667834040308, 12.20931963280832;
  -3.674367463161025, -1.583253616999714, 13.34799669242642;
  -3.350036194492243, -2.060106174253034, 12.35151661329029;
  -3.502490943624198, -1.250987819265606, 12.89642593036314;
  -3.395029270580209, -1.810864677003468, 12.56900067777184;
  -3.585384085587721, -1.026795489758354, 13.22985441171661;
  -3.533791016180118, -1.514631204554777, 13.1523568744055;
  -3.536918752553174, -2.549913445168558, 13.21668581936603;
  -3.326918154600926, -2.155904774894709, 12.53103236342283;
  -3.559958627242484, -2.726610489403835, 13.36006406040893;
  -3.410458242752639, -1.44591610234009, 12.89942274356261;
  -3.2061165648735, -2.035242229214755, 12.26216503578019;
  -3.394502933675927, -1.520121341876797, 12.99677541162763;
  -3.451993674831154, -2.719780580410174, 13.2235359257915;
  -3.524538430374704, -2.65915305807517, 13.50008697241435;
  -3.458037800791019, -2.522441639383694, 13.31800567795253;
  -3.438362700658244, -1.400648310276714, 13.26687411890532;
  -3.348079529219683, -2.303235512479328, 13.00874164627354;
  -3.410606344022514, -2.651459696406139, 13.25341249145166;
  -3.295907468136951, -1.120562376662043, 12.8349819993552;
  -3.415156190582957, -1.833972313461331, 13.40015109150392;
  -3.467423175169107, -2.630598539475177, 13.67015710915271;
  -3.292504668194387, -0.771652179767071, 13.2144391638222;
  -3.220993193959505, -1.02103752588425, 13.00164927096056;
  -3.34655683418832, -2.523743325784736, 13.56220484680494;
  -3.611070899868286, -2.609689412936814, 14.6944199518891;
  -1.179177178669718, 0.4856758698777681, 5.491933028805259;
  -3.429755236865481, -2.498777456610024, 14.33412795905525;
  -3.100691001715591, -1.048054670076358, 13.03584215774525;
  -3.235016746304475, -1.721434779845119, 13.60407210812862;
  -3.138350427708455, -2.835651054190574, 13.34727400016419;
  -3.155285130993355, -2.985708267715097, 13.40321353403956;
  -3.189498955504084, -2.57608717291656, 13.55454755085084;
  -3.188272722411487, -0.5984650207664134, 13.53950931518162;
  -3.0476076647372, -2.398578343492814, 13.15275761077584;
  -3.01881742877196, -1.268719009214258, 13.00885185046955;
  -3.095904295959184, -2.93617077452611, 13.38520839393359;
  -3.182000584588946, -2.209287305313223, 13.81610534293473;
  -3.102518993339165, -2.865172360625585, 13.50744069291616;
  -2.984090357624239, -1.215270963095672, 13.00602785852804;
  -2.854678342753998, -1.257875437490847, 12.49347190195686;
  -3.047579605102939, -1.079714936001227, 13.27924168112893;
  -3.084205426518653, -2.707307996292759, 13.5518698121873;
  -2.973225436948233, -1.13566208286087, 13.09518755757497;
  -3.022224051453973, -0.5926699247090547, 13.42193822247613;
  -2.914414888476655, -2.22391468675092, 13.02928146959608;
  -2.892929084455763, -1.223434651541019, 12.9926098644426;
  -2.698814406978964, -1.275647268454619, 12.27082202352802;
  -2.906689866591286, -0.6312270208246911, 13.25105076572255;
  -2.810368224049011, -1.098115409712622, 12.87377328977729;
  -3.004362066709421, -2.210943760253401, 13.74489368392901;
  -2.760958450023191, -1.254897233070434, 12.7008409757802;
  -2.84870552009743, -2.723751633857169, 13.14511066191805;
  -2.92593540498068, -0.5329164840100874, 13.46245560312298;
  -1.162681078961548, 0.2896058728437989, 5.957909682946943;
  -2.731494810970515, -1.576091409714645, 12.82325725095307;
  -2.86516451684557, -0.6624183496744015, 13.39295109765108;
  -2.833196532111723, -2.694038953371723, 13.29145787947178;
  -2.705000762031974, -1.01055184664565, 12.74009558235056;
  -2.694066824337125, -1.370127331552192, 12.75246363709059;
  -2.755366834353469, -2.033927730546046, 13.075023444374;
  -2.782800282969089, -1.873185338620254, 13.19387510248543;
  -2.641323741424972, -1.085918272351474, 12.63811304223237;
  -1.222540927667674, 0.5165174807225936, 6.419731987900391;
  -1.13590082727053, 0.2542463237612336, 6.064495704655407;
  -2.612476560102226, -1.861513548394696, 12.69388440727146;
  -2.787440498835964, -2.481216370638656, 13.48101149793524;
  -2.698465221968187, -2.767206205337163, 13.10222042258554;
  -2.580199773177635, -1.305090530593958, 12.5550835593367;
  -2.738197884950308, -0.9921577994417347, 13.30176409142067;
  -2.487669194976624, -2.061613672157066, 12.15253826565854;
  -2.593750948342508, -2.039063313982332, 12.74504807393515;
  -2.798378085241146, -2.7725255168172, 13.76132294614302;
  -2.743370413582899, -0.6175478529448485, 13.47868891378147;
  -2.615455912653778, -0.6373392149216076, 13.22378185861439;
  -2.643926060049555, -0.5790189057894813, 13.39558002058836;
  -2.84837169956032, -2.951591822615582, 14.41566861203815;
  -2.586901385783234, -2.910668909379659, 13.26578674650669;
  -2.465572133844821, -1.233087900302825, 12.71883424809887;
  -2.583197142961512, -0.6523315822499917, 13.33402721831096;
  -2.544291087149216, -2.955592404922319, 13.20278492922657;
  -2.464624604839612, -1.573210515908191, 12.92480374137919;
  -2.588374568099823, -2.344560003682187, 13.63407334649323;
  -2.882906065607124, -0.2782912571886779, 15.14226293304939;
  -2.479389272784156, -0.7134472224721534, 13.21190869779004;
  -2.467748001677487, -2.915303384919992, 13.22875172862443;
  -1.202940645037353, 0.5194777578675658, 6.954617299395983;
  -2.376258627224236, -1.962266204544729, 12.82444028111822;
  -2.351658207196889, -1.186426861736693, 12.70036586158255;
