m=[-8.878436560823319, -2.450941454231662, 12.00348113536735;
  -8.873170386379496, -2.434302319883505, 12.14340923306459;
  -6.851323203883661, -1.962172771054159, 10.13081138589128;
  -6.94311960172725, -1.653631897697163, 10.28961013557618;
  -6.707983246649519, -1.452996212034569, 10.39708771538213;
  -6.760273316834878, -1.812962426059475, 10.53563864486726;
  -6.645152807819536, -1.405689929425452, 10.38164633321205;
  -6.648874405748739, -1.592556187162421, 10.42006622021129;
  -6.807450560664011, -1.708306968201826, 11.34427796581462;
  -6.547180824730273, -1.766855300511579, 10.97401653611788;
  -6.516996959574712, -1.398034386534474, 11.05657341761859;
  -6.750253168650112, -1.697386429577797, 11.47071307479024;
  -6.391912009576056, -1.393540908912708, 11.21128817990365;
  -6.269097738688246, -1.381127239441951, 11.23157756293783;
  -6.452108236587232, -1.477583795264434, 11.63023848198975;
  -5.680363894468756, -1.047914004518873, 11.91233014614796;
  -9.322375654041087, -2.858584712378482, 19.00125379724623;
  -5.423382340736245, -0.8179831639145444, 11.59596039749773;
  -5.319718474509771, -0.9280568079840262, 11.95726613903369;
  -16.09706909678315, -8.076457008668537, 34.28333154630822;
  -5.300348372548387, -1.269314335330422, 11.92714134290308;
  -5.264775003361395, -1.357543331312156, 11.87037725533031;
  -14.93718101957946, -6.316546627335185, 32.11134417077383;
  -5.208894009915228, -0.9142829149469933, 11.86811791739362;
  -5.393042615762489, -1.377171440165468, 12.33848530384169;
  -5.1343171949649, -1.025970889701394, 11.8560997189768;
  -13.99911640505368, -6.864251086412089, 30.83248411112246;
  -5.06163281770541, -0.9509333243186512, 11.78234091405506;
  -5.326241898310504, -1.39636658946853, 12.42045196892502;
  -5.304140026809051, -1.242084570852556, 12.38688775617264;
  -5.225884164760326, -1.348904346470518, 12.29737291561176;
  -8.54166419450671, -4.233066962083205, 19.87734208369125;
  -8.610376317729063, -4.43938375382147, 20.22473153541921;
  -8.742430664973298, -4.453255416622501, 20.54681101392647;
  -4.889749564471064, -1.083712126650708, 11.91352294637809;
  -8.753847185742544, -4.284846293429157, 20.64637035537631;
  -8.780722455521744, -4.622777250095136, 20.86963816640376;
  -8.701805010355663, -4.483252660127082, 20.72763234170789;
  -22.58612523832786, -8.594755926781883, 52.67962729385415;
  -5.16577892629154, -1.053293840740117, 12.80253486807936;
  -8.607457232760748, -4.48377636058694, 20.74330468893727;
  -26.64255764772636, -10.39743597671408, 62.32332036850293;
  -25.18401537117232, -10.00747802771949, 59.50382495786884;
  -5.409981593319047, -1.294962570531048, 13.56294674361867;
  -5.450317849798242, -1.241757249027959, 13.67646503845558;
  -5.438556236950923, -1.21593079459639, 13.83279359236434;
  -5.283982446517711, -1.2795121893113, 13.54164441874699;
  -9.396817210230596, -3.580377559765486, 23.85848856454116;
  -5.38385225406343, -1.355823335824839, 14.29995154656084;
  -8.305804057116077, -3.263917362218461, 21.60151557473645;
  -3.069334365088441, 1.165049483310722, 8.592819911169901;
  -7.353495961066518, -3.105885256848514, 19.41202411005607;
  -3.04190729316079, 1.147767068850803, 8.600237668540585;
  -10.17731559107015, -3.521780503577892, 26.59021692806183;
  -12.43611178718541, -6.00251155575286, 32.54198328969861;
  -12.0962868718837, -5.877131702656464, 32.11789431085782;
  -2.955645120702759, 0.8461215477655695, 8.721763047161778;
  -2.900102958788684, 1.222218780385776, 8.63483101121866;
  -2.850962509117662, 1.231617016266841, 8.643147989697564;
  -7.81959813995672, -1.774224239103903, 22.43323024645267;
  -7.344116654328726, -2.414538562530963, 21.38235929116037;
  -2.715517823626485, 0.9467339274595636, 8.706448333569522;
  -10.16596707293856, -5.003555517141932, 30.39587095948423;
  -9.727691875312644, -3.848449862709284, 29.28987738881819;
  -8.762171785320968, -3.53674136200796, 26.94340652356284;
  -9.147348555037409, -4.975462513765773, 28.59240842056614;
  -9.017039799494491, -3.278670215017263, 28.27400335159836;
  -9.153289008719803, -5.947351202527805, 28.69834090592348;
  -8.99043489122082, -4.72520008296868, 28.40722449535694;
  -8.756572768062293, -6.230382171376873, 27.8867892306666;
  -8.58515600505222, -3.798517727238306, 27.4272569711599;
  -8.500174153282959, -6.292903222251482, 27.16623775598272;
  -8.674102655559173, -2.868231768542213, 27.74688938898072;
  -8.201319717064525, -2.196189603087576, 26.3760755121864;
  -8.448471969840409, -3.42790788573987, 27.21203127228301;
  -8.408232273422506, -6.099108930992941, 27.08493258678536;
  -9.117524220890942, -2.767625754209279, 29.6304458095039;
  -2.563899071957764, 1.017477754932111, 8.986865629142372;
  -8.628983592001541, -6.267902781542831, 28.26867852737074;
  -8.436607448182562, -5.943917725523026, 27.71332069242909;
  -10.34370645570588, -5.160189841876919, 33.85018760019555;
  -8.84389672970447, -1.755100400238019, 29.25415594740354;
  -8.414736136821514, -6.476317914000989, 27.89984733341951;
  -8.411260425569514, -2.806724866851757, 27.92998365369961;
  -10.05297741946841, -3.552938422533077, 33.2340041007152;
  -10.09778180035565, -5.299695582234429, 33.50848963257577;
  -8.370786043578885, -6.131372982823115, 27.9479561055907;
  -7.544590661453104, -4.499407541898724, 25.50410943718494;
  -8.570793308156874, -6.566933011372991, 28.91685960123276;
  -7.433370676409705, -4.57677592415032, 25.26852405269047;
  -8.11131196275354, -4.18917250345477, 27.5262400470767;
  -8.098785832896853, -2.908530270070971, 27.50359910071496;
  -8.044718139101553, -2.725011917170874, 27.47457569815252;
  -9.408541954994279, -1.534646326722102, 32.11642948183454;
  -7.195094746166736, -1.786703786285919, 24.84052436828961;
  -7.541136739355483, -5.020099991765748, 26.0141122721425;
  -8.187061981349626, -3.282348871510793, 28.38684176727951;
  -7.840013707602073, -2.666951935516214, 27.40419289159294;
  -7.291705682608027, -4.369932574438092, 25.63452676189676;
  -7.934547733253362, -3.45408226285794, 27.84313163034861;
  -7.825653678124851, -2.144010064925096, 27.66424798102375;
  -7.210760539455088, -4.479820134277045, 25.58262670262185;
  -7.672529476578535, -2.767055563604685, 27.2399994211942;
  -7.422857840515825, -3.995497628784273, 26.44923876372716;
  -8.106113453009666, -2.346896223668315, 28.85923888807565;
  -7.918108371442433, -3.560850865901259, 28.22776621101655;
  -7.602825161337876, -5.520432049756973, 27.39530932734178;
  -7.786137112248972, -6.010160733488783, 28.17722516304921;
  -7.699765713992701, -3.29250606055779, 28.04527144956836;
  -6.348018098011776, -4.408804180009521, 23.40443360866333;
  -6.908378752458415, -4.428444657468001, 25.41297590894479;
  -7.634504921413309, -4.019897239668352, 28.14106999796935;
  -7.617432512331051, -3.450926526137464, 28.11239640366485;
  -7.704520235564188, -5.850225850755163, 28.45955557238287;
  -7.342953380525956, -5.393158571563968, 27.28841965071227;
  -7.105356379457309, -2.44629928127917, 26.70449749094585;
  -7.606027227478526, -4.124122484160012, 28.79294876113924;
  -7.438081352347995, -5.680016385678456, 28.31547185012289;
  -7.847662180010868, -3.912832989854432, 30.30802985069724;
  -7.497930687740477, -1.790512077619387, 29.05666586363509;
  -7.487128193245497, -2.110232307003022, 29.05401255362472;
  -7.264322671038155, -2.315027650287775, 28.27332806335095;
  -7.252526942758133, -5.500340412089555, 28.35319591755883;
  -7.06169846179582, -6.601561807060468, 27.90684075067403;
  -8.03263439399837, -5.867178635613933, 31.66842052468932;
  -2.31449607398949, 0.9479679880493036, 9.834843568602473;
  -6.903743584758301, -4.323734404539179, 27.52967438647139;
  -7.217371446223345, -5.468976683529103, 29.02516498688153;
  -7.058934719213366, -5.179120979769579, 28.5918191184547;
  -7.174402939415222, -2.474793717136287, 29.09571915619939;
  -7.18951720089854, -3.866731808394374, 29.21344711345162;
