m=[-2.932933256624657, -0.6652759914796748, 6.14912137511321;
  -2.539520481156115, -0.4796369219548805, 6.282390431205678;
  -2.66121712517048, -0.606310631322193, 6.677783566967686;
  -1.559553015957119, 0.5919708377500815, 4.366079616632208;
  -10.55075242535913, -6.458963789779852, 30.1805668785566;
  -3.94630551857749, -1.592877005453736, 12.1347670940827;
  -10.21243592475436, -6.535272651693071, 29.83528113251334;
  -3.918024254816261, -2.787710341797475, 12.47761190236515;
  -3.848527053069841, -2.791619564880535, 12.39702857880108;
  -4.018174391341446, -1.219717399258423, 13.05840222315798;
  -3.944049336706163, -0.7213247886791078, 12.85241320500916;
  -3.829747501365648, -2.845195392619927, 12.55356748475931;
  -3.916914782720638, -2.845160243952464, 12.8318710577305;
  -3.777837501571972, -2.767163163655657, 12.61325234193258;
  -3.37762034329941, -2.07962338232264, 11.48166620512733;
  -3.806247858936451, -2.916343192004094, 12.84183750407432;
  -3.576209197420143, -1.284329888136106, 12.14486048842106;
  -3.561509574903789, -1.206401003356332, 12.16338008659148;
  -3.435623842485901, -2.287078966936719, 11.85162230209294;
  -3.582629104040251, -1.436344151720922, 12.4219806468933;
  -3.400239915164466, -2.25621033059227, 11.8940540936696;
  -3.618165434562455, -1.773389254245753, 12.64648768109219;
  -3.588179890229361, -1.562013227652862, 12.5912866562417;
  -3.303905108709885, -1.778391195305615, 11.77252440374005;
  -3.45725075261803, -1.246838472111575, 12.27437558731084;
  -3.499243475015364, -1.013107125235268, 12.45794349640075;
  -3.487466067264325, -1.568347638459664, 12.43268874301317;
  -3.223889058154238, -0.5693975474968066, 11.63982366016551;
  -3.392128207204631, -2.463033526953009, 12.22287762014239;
  -3.114276223846788, -1.893315794315989, 11.29251806978948;
  -3.482190089317175, -1.354725133776366, 12.6258415384813;
  -3.338645100351986, -1.42764203941737, 12.16052690317372;
  -3.157463638413464, -2.024013662497256, 11.61496065163135;
  -3.359801124593731, -1.522091177655726, 12.39946148510794;
  -3.206352070500082, -1.103913209514681, 12.05063001052429;
  -3.232708409901209, -1.514618233105699, 12.17849735248741;
  -3.309853215797296, -2.527536283800463, 12.60003099191195;
  -3.305370954384548, -2.60838588632767, 12.5809772813018;
  -3.2106799530568, -0.7667130402683214, 12.442320218241;
  -3.256267130017785, -0.9177724650413542, 12.63603662601135;
  -3.381962387942335, -1.077779277555257, 13.16286960564519;
  -3.238183583382414, -2.455849135897136, 12.6594295038562;
  -3.440010612350039, -2.512644766472295, 13.56213881247851;
  -3.049684728385637, -1.909982116402769, 12.16105820314738;
  -3.120843043045667, -1.152559504785976, 12.51398845928896;
  -3.069625533976653, -1.058860235422704, 12.44883556241449;
  -3.204927369308675, -2.351446392023584, 12.98137853317194;
  -3.076649057282006, -2.799929612978055, 12.61584779148993;
  -3.087923939354632, -2.515289870327386, 12.66944032521646;
  -2.996792505827445, -0.9918335282358441, 12.43285310734079;
  -2.966389677824032, -2.352581111031364, 12.34130255272205;
  -3.015170919907318, -0.6856844063498687, 12.52472897615753;
  -3.030003591276106, -1.655889746062248, 12.58577206396803;
  -2.978791085199452, -2.770009197936613, 12.51829542240893;
  -2.901943695792965, -1.049720685742562, 12.22350641438479;
  -2.936183172997758, -2.596563941257708, 12.45586106101653;
  -2.908376539164795, -1.126686614895618, 12.36571052651168;
  -2.907430799248989, -0.519267562174587, 12.4585256037186;
  -2.858038974754844, -0.5879470152090367, 12.28865056511202;
  -2.89166651439144, -0.6522033965746014, 12.42493513809944;
  -2.918296920387952, -1.440667036153595, 12.55211427856034;
  -2.82274996391665, -2.176359069123508, 12.18400784855303;
  -2.638551501839725, -1.256260372258448, 11.54685689238762;
  -1.152588507129962, 0.485313811161497, 5.623137744313151;
  -2.88840445073408, -2.645700555965591, 12.60508261490264;
  -2.841224542083227, -2.541846812157741, 12.46754701694235;
  -2.723267518663349, -1.169009329671112, 12.00551078481214;
  -2.562799939725637, -1.181522907277721, 11.37721464033331;
  -2.82666179118942, -0.6277429930786769, 12.44647860355905;
  -2.734678585196204, -1.085536045292359, 12.08687509734942;
  -2.744996137038466, -1.006679937285292, 12.20767519045275;
  -2.814019966992491, -0.5276867187887967, 12.52151821181243;
  -2.793207000509341, -2.694396097145579, 12.43422476388235;
  -2.76489466975249, -2.286012675395849, 12.32847132790588;
  -2.800251363960489, -0.6650680701892758, 12.64030321536627;
  -2.649667315105394, -1.006199983816079, 12.04270902325025;
  -2.667587019757816, -1.378586730871619, 12.17433830791135;
  -2.663351804774006, -1.813523339089454, 12.19799376965726;
  -2.557749979278252, -1.067142286169834, 11.8097991645365;
  -2.738522042869918, -0.6099655570033944, 12.56509940112041;
  -2.530314603040587, -1.296911020000586, 11.85716828993788;
  -2.601319241272858, -0.9593314346652755, 12.19992520871225;
  -2.497163720962564, -1.982836286094796, 11.82765772044284;
  -1.097188870870911, 0.1739576581445819, 5.71257009713523;
  -2.584628132268198, -2.582666919235303, 12.28733362718135;
  -2.402323766570093, -1.280903425159454, 11.59028039393766;
  -2.393830109006947, -1.373594758288058, 11.67484867409636;
  -2.467522320004716, -0.9445186455735427, 12.01738521158442;
  -1.386130984368075, 0.7182673739671185, 7.193919911445062;
  -2.552470242024541, -0.6354963146610779, 12.472414574459;
  -2.48672477043749, -0.5616015544653928, 12.20700921198458;
  -2.419127488279032, -1.944156329738308, 11.95126821471668;
  -2.768519225726173, -2.884937598669882, 13.53756818266312;
  -2.523380511761712, -0.916333063478613, 12.45954100838778;
  -2.588183870880363, -2.464355277503753, 12.77831122484524;
  -2.386777643003331, -1.208599877739224, 11.87664850934687;
  -2.525344461980065, -2.653330854718468, 12.54178490727713;
  -2.349022534606212, -1.519651166815158, 11.89644728564364;
  -2.303046206517617, -1.926496703047444, 11.71872327632767;
  -2.29913129289841, -1.395299357887029, 11.7418204846782;
  -2.33812698895281, -0.6883633784018255, 12.01718353843775;
  -2.390442790532942, -2.846510373885942, 12.35968117018904;
  -2.269171649925005, -1.361711738579098, 11.79460970833895;
  -2.390184194994241, -2.719022177706608, 12.39183849438309;
  -2.258034150651849, -1.886383612325278, 11.75440891494262;
  -2.293427505176291, -1.167655844688092, 11.92131189690403;
  -1.152641695523453, 0.5808028263295563, 6.521008624032148;
  -2.407716407296284, -2.552998331055877, 12.53452192842149;
  -2.403738039738264, -2.665119882957234, 12.54830483936549;
  -2.575204211661569, -0.4761325808382494, 13.40347102881973;
  -2.263828471944498, -1.453544841409035, 11.90151356029744;
  -2.218247644567399, -1.334505234341339, 11.89292488929589;
  -2.893746868652418, -0.5082508223098653, 15.48905770691802;
  -2.162679191417532, -1.301914135719116, 11.9866120650225;
  -2.19032695967713, -1.425886750724104, 12.12920129622484;
  -2.235384400634144, -1.78061641729993, 12.3036935772931;
  -1.149215469389021, 0.3321027023387269, 6.856630986492533;
  -1.043505292388956, 0.483120103081451, 6.378567251967184;
  -1.164085503630411, 0.378550616208185, 7.02910448880072;
  -2.083711084453092, -1.466720831903807, 12.02616061832366;
  -4.112631954546649, -4.354814688418207, 22.92289461380991;
  -2.064560895174171, -1.58736432189443, 12.25148609549119;
  -3.235638321795052, -3.477649002997751, 19.01358328935163;
  -3.917917401800689, -5.177318272550375, 23.07486358798058;
  -2.146975803077298, -1.892938111551914, 13.85106403535504;
  -3.724770580443756, -5.052142881274983, 23.53878779764501;
  -3.635047683078745, -4.421387201280486, 23.03201532455245;
  -2.964549738246061, -3.622637303649661, 19.17798408584413;
  -3.622562532646955, -4.744844255268067, 23.26259532370206;
  -3.554110746231333, -3.713231796330534, 23.12736906433126;
  -3.528991677782502, -3.973442714895927, 23.04856553801208;
