m=[6.32261556265265, 1.861764526373638, -7.807732801672678;
  -3.142319809871572, -0.7265633582305138, 5.178854699497482;
  -2.552066992762325, -0.4502517373593828, 5.328683421251101;
  -2.547586119508732, -0.4952222176427707, 5.738738532568522;
  -2.632588309218974, -0.5973247116625866, 6.122746208549557;
  -2.561392089871903, -0.5333437542537471, 6.013292651588415;
  -2.659309817774728, -0.6633266975999341, 6.357814633015609;
  -2.650195025097962, -0.6245336062075444, 6.479368166335921;
  -2.636815269520965, -0.5926173062015023, 6.452220908307973;
  -3.389978981620712, -1.077150033955092, 7.684444004970348;
  -2.610806833466107, -0.6087504469949733, 6.511572348455077;
  -1.374272209256549, 0.4814583345135794, 3.922478349795342;
  -5.239572436385547, -2.837054098716267, 13.96120973659986;
  -3.951175081385484, -1.608673011749058, 11.6698146970394;
  -10.70294585496927, -6.600507954760186, 30.13979829372042;
  -3.951910840010017, -1.458185617428456, 11.92717055540902;
  -3.876612151459816, -1.659728881366246, 11.94845691311338;
  -3.697864216059904, -1.513109252281237, 11.44288935037891;
  -3.99530012035842, -0.7149017292708104, 12.52050146127875;
  -3.83897669844362, -0.5955174282850105, 12.18226490011979;
  -3.758977196370053, -0.6514189732585951, 11.97702292274152;
  -3.761351824271454, -0.7624510509058724, 11.98359379510869;
  -3.825472724260238, -1.164773399350716, 12.18933420601115;
  -3.374454924257031, -2.029858002565772, 10.9398699540654;
  -3.739812930571316, -1.421641694096479, 12.02647209610691;
  -3.759718026093822, -2.773495417328476, 12.08052308105304;
  -3.40664992565632, -2.111824837904891, 11.09774360896725;
  -3.54981678099039, -1.29069876939154, 11.58739934727669;
  -3.543580836183514, -1.216237962927201, 11.63186468492637;
  -3.438506294348394, -2.305583446647756, 11.38253771657109;
  -3.572318243127799, -0.8919394678011763, 11.8084777690212;
  -3.401842762945258, -0.7539196125835864, 11.3234891909039;
  -3.870188530743119, -0.6480861475222615, 12.76033207149742;
  -3.437261210698716, -1.398024040521642, 11.47196807253273;
  -3.17272050699366, -0.6810771991120759, 10.75685139580914;
  -3.516261055898726, -2.519191067667504, 11.82113528407008;
  -3.350184807770996, -2.030696544691371, 11.30489876823884;
  -3.415404083669516, -1.389697889258704, 11.57545680747813;
  -3.243451977677568, -1.760828773392618, 11.09397084800517;
  -3.427203823717872, -1.558710852826464, 11.75556097024595;
  -3.475898531374881, -1.023041136346789, 11.91269273233587;
  -3.373431462741044, -1.477703568022509, 11.65055894797614;
  -3.153671323816436, -1.772202830415078, 10.96516238058467;
  -3.397559098665268, -2.485234823289848, 11.77206709824032;
  -3.267212777065394, -1.741383117401256, 11.36975158642866;
  -3.260070381881419, -1.413181707802911, 11.42447729677885;
  -3.085809738561816, -2.150496090656669, 10.86040467683558;
  -3.155838017361142, -2.043205722204286, 11.13624112186288;
  -3.433406756936095, -2.501026397163365, 12.04540684532614;
  -3.317319682935906, -1.52260441149695, 11.78019857543274;
  -3.306599870452584, -2.44902116371867, 11.81804498571751;
  -3.308340956550171, -1.381103396446376, 11.85800670265925;
  -3.286524218918784, -1.147668949024804, 11.85859683983385;
  -3.14155353963096, -0.7654423018772406, 11.71968995134085;
  -3.240774438844092, -0.9298407678507327, 12.10656822258161;
  -3.008079878605222, -1.90674322945982, 11.54297861460116;
  -3.033966747076353, -0.8500074466659683, 11.82696033127386;
  -3.00064972841879, -1.048946083278538, 11.71325865416419;
  -3.086083212987388, -1.676392161222493, 12.07619293317455;
  -3.031843194919924, -0.7325437129483404, 11.90068383957539;
  -3.010053374973945, -0.5910997125797957, 11.91098682355711;
  -2.940923718849035, -0.9906151906525441, 11.74501591414171;
  -2.955266121264072, -2.361565889901352, 11.82416967893326;
  -3.029565544867601, -1.691881493681527, 12.13895906181038;
  -2.868417800024012, -1.053059277065137, 11.62648420495524;
  -2.713047279981304, -1.207333639082542, 11.18292060544317;
  -2.868190985559318, -2.552053318628629, 11.70529383254703;
  -2.772998759353835, -0.5764882264733537, 11.47280057856266;
  -2.864912741546353, -0.6635362964034574, 11.85244792949758;
  -2.846066516567424, -0.9963977415124928, 11.78893546713425;
  -2.679801584526647, -1.28540786631094, 11.23435668594579;
  -2.651497522493111, -1.153443458412263, 11.2386460984403;
  -2.78896283003211, -2.518561671083146, 11.78252075041646;
  -2.762469398602939, -0.6289430023358579, 11.71845010006268;
  -2.71671794945126, -1.096955833468608, 11.54688560500789;
  -2.810372049386815, -2.103703423417487, 11.96690639888693;
  -2.788930563171083, -1.040357510067173, 11.92722474135247;
  -2.751475799722809, -0.5299475219931975, 11.79831422879353;
  -2.69832099041502, -0.6542579938153303, 11.74832826909549;
  -2.654957921691952, -1.04538240101728, 11.62213546563102;
  -2.635620492510381, -1.381827248650188, 11.57067287784463;
  -2.639918449080827, -1.819133969199821, 11.6323455893265;
  -2.709308667164478, -2.042249581162747, 11.93386012405781;
  -2.570310959498655, -1.08155673554137, 11.38343060266871;
  -2.637392002233387, -2.524502442563384, 11.72464829583897;
  -2.442355508548134, -1.771919323279795, 10.97761589064645;
  -2.479157594636645, -1.287540685270719, 11.16509248599597;
  -1.374238853997713, 0.7095847001161066, 6.653341339975587;
  -2.630618867423756, -2.652206304551686, 11.7739700701397;
  -2.600739750294572, -2.358561156115679, 11.7005723057717;
  -3.291024289411519, -0.3207929840109791, 14.59321190575406;
  -2.52312140097871, -0.9470207498238896, 11.4067720848905;
  -2.47740486399687, -1.989064791134429, 11.27853886894487;
  -2.428973639535533, -2.054382489907147, 11.4308985934174;
  -2.525391677681235, -0.6423080333500555, 11.88439610141991;
  -1.16090097214879, 0.5775720930758165, 6.062131650032574;
  -2.383604067861938, -1.228060319751897, 11.40021235136346;
  -2.493644264708679, -2.64270834750983, 11.93725063332031;
  -2.483959689891717, -0.6546086076490293, 11.94335366231527;
  -2.375951994686567, -1.556516746893512, 11.56589811032698;
  -2.301718289068692, -1.357917962079855, 11.27683993314398;
  -2.289071160479093, -1.407063531947683, 11.23470701915356;
  -2.22242035321044, -0.6682429097415439, 11.02475683951212;
  -2.458796414282225, -2.450061241434244, 12.13241076416109;
  -2.237497933045872, -1.165276578018485, 11.20719833183049;
  -2.44436605313126, -2.521607879145384, 12.14437899134301;
  -2.387370252869987, -2.734465747196506, 11.90471045639231;
  -2.264259133743563, -0.6843179311429217, 11.43942655713022;
  -2.240220384168484, -1.457954729480898, 11.33219967503088;
  -1.03734531742891, 0.4494375638349636, 5.82283509885134;
  -2.184414872213897, -1.331700417349104, 11.24861870083523;
  -2.365297085815463, -0.4734298279258723, 12.23387702185314;
  -2.509964978207066, -0.4662431884764238, 13.08565313271014;
  -2.042343366906189, -1.406155564416189, 10.84040095708628;
  -2.301222133316224, -2.670353150798236, 12.07197751793153;
  -2.14515737452719, -1.415642074452201, 11.42075091460202;
  -2.166418161303703, -1.328934628818626, 11.54849699869857;
  -2.096325500722347, -1.33753037242323, 11.22191553823608;
  -2.14910119869197, -1.748458965781503, 11.44075734200087;
  -2.046819306655694, -1.854937230217358, 11.01510784533874;
  -3.560009226822825, -0.2873040267962088, 18.9848390573575;
  -2.09184629145332, -1.490170119865491, 11.63253808512758;
  -4.076258716986488, -4.363864200951628, 22.28892817669553;
  -4.086474690126956, -4.93134122400402, 22.60621025693173;
  -1.108599483802272, 0.7955466902151325, 7.115405043401233;
  -3.783721253135396, -4.588535517958111, 22.34638443180081;
  -3.509276692817753, -4.313683512721228, 21.8499470280103;
  -1.701070171398067, 0.6500812699797164, 11.26452477706616;
  -3.388969216195137, -4.181120922158066, 21.46140228981185;
  -3.44738832274001, -3.927226292249032, 22.11303714283074;
  -3.444341137074804, -4.90507975864735, 22.75030994862544;
