m=[-6.754152595587295, -1.610501360130556, 9.037160913612405;
  -6.635064097881604, -1.55818260099734, 9.29699441110987;
  -6.619532276251483, -1.595557004389656, 9.296717843104565;
  -6.604764141398794, -1.398153388350481, 9.326652519106471;
  -6.625326212940023, -1.743965521536464, 9.380040552402297;
  -6.690889413336013, -1.592058028834444, 9.516401703994177;
  -6.81341729602543, -1.800086558159732, 10.18288378491493;
  -6.66313649138039, -1.684036867290563, 10.32059331340135;
  -6.631639629925121, -1.784611193205517, 10.48720869736069;
  -6.459843918678168, -1.412751707659702, 10.32231728551506;
  -6.302151696352696, -1.497526141293244, 10.28926314907523;
  -6.358806858955727, -1.411912172673481, 10.38222476200952;
  -5.511916786464526, -1.016515843055214, 10.59347332826994;
  -5.899486727641865, -1.454677872487623, 11.31403960411244;
  -7.669755729592783, -3.369163494924499, 14.43630595703157;
  -8.938344962357036, -2.750995937192629, 17.23354661445798;
  -5.152695494654315, -0.9019657490199226, 10.62014306242506;
  -5.265036221463646, -1.364300046996051, 10.87696276663532;
  -5.121561386603597, -0.8310607516874936, 10.6819703713257;
  -5.134954323901062, -0.9059409929889909, 10.72171931702952;
  -14.37902905776972, -6.613060757953234, 28.4141256464846;
  -14.53380733594866, -5.948434768897284, 28.77647662040792;
  -5.035514012105971, -1.011162282544877, 10.65484573205811;
  -14.97766055400865, -6.560707959879597, 29.90784407514156;
  -14.46759957452362, -6.21985362729858, 28.94533687878472;
  -4.930419351124838, -0.9332649706433398, 10.51159294912513;
  -5.004302243977192, -1.044346001457103, 10.68265923876126;
  -15.20893398012824, -6.073040770459297, 30.58350243539752;
  -14.27800421269586, -6.021080184351913, 28.82767951401418;
  -14.44918809163762, -6.896739832857375, 29.37306047784907;
  -5.097792268044485, -0.9981643144602349, 11.0519150028166;
  -5.033264332126942, -1.108281303556583, 11.07316047070871;
  -5.031522117839256, -1.155930215607076, 11.10947486940004;
  -14.91644361091202, -7.553667941680321, 31.25462493214534;
  -5.254805893037503, -1.158977039948204, 11.73560761182361;
  -8.487533876930986, -4.550696565538946, 19.03245628973193;
  -8.22371940947914, -4.35627036290918, 18.58183541039242;
  -5.35163890881896, -1.214267402517236, 12.44658221862981;
  -8.456408080605833, -4.378858627953412, 19.13932257064665;
  -5.040108446528531, -1.049472422182729, 11.83249031046801;
  -3.093544019838294, 1.220259987911619, 7.651742795560032;
  -8.372333990709178, -4.379826856836711, 19.16933172383527;
  -3.120618636371944, 1.189077907492579, 7.758104386089083;
  -3.076308512381055, 1.166277932619043, 7.725948649132212;
  -5.489708961546565, -1.369329174024024, 13.12466555548748;
  -10.41565818888628, -2.52964194876676, 23.82017382290999;
  -5.307129434492283, -1.192763401170267, 12.98641277458497;
  -5.295109873877997, -1.342836185542021, 13.08015600708414;
  -2.997999322836866, 0.8636403290296735, 7.873887989101481;
  -5.210101163350935, -1.214816573721093, 12.99443154240924;
  -2.931710994054892, 1.242288447712398, 7.761522314733851;
  -2.858413676516679, 1.24019569925123, 7.705349002647672;
  -11.11231255674119, -5.291973357961141, 28.38896737593488;
  -7.472116112456974, -2.164997250720598, 20.7510393617081;
  -10.0804084331317, -2.161883732965936, 27.76677507079592;
  -9.928364557558231, -2.014289544647947, 27.77677150326157;
  -2.562209272009633, 1.023545384352136, 8.033041184889397;
  -8.254660007683464, -3.360784703792055, 24.38017822357533;
  -8.402819890059091, -3.300878374231743, 24.85263887004044;
  -8.550508546925164, -2.846945260967595, 25.30433311349783;
  -8.525565566669803, -2.322227936012358, 25.41326963063063;
  -8.301842126174206, -3.063233781488404, 25.0555973987278;
  -8.47246028127153, -4.489828369407085, 25.76670159135239;
  -8.045698098703673, -5.770407226737934, 24.66508614950961;
  -7.521541530647483, -2.042849582150609, 23.21646739034008;
  -8.091711541674336, -3.464377353391966, 24.94019595760437;
  -8.046505384905872, -5.88218922440181, 24.9244463559471;
  -8.626268023248814, -4.334830799620714, 26.93890260679914;
  -8.55232865037512, -4.691432417068453, 26.76214070967911;
  -8.484211455130655, -2.593682550427567, 26.56283712395535;
  -7.694629790325054, -4.877002450293108, 24.18668987766013;
  -8.63087328036243, -1.544371147941396, 27.04749537293712;
  -8.203701117535292, -6.001461066625234, 25.87515416974282;
  -7.141176774273379, -4.423380809129018, 22.73870249387416;
  -8.103922606709373, -1.257112905041823, 25.71626234799163;
  -8.901822556437342, -4.761420414208056, 28.18904313154814;
  -8.083983396719582, -2.461397453333735, 25.75848331463802;
  -7.848121158816444, -5.789457591645697, 25.21715941035224;
  -6.783600887768941, -4.080583933502034, 21.99220709662148;
  -8.160497782171964, -3.102108075214667, 26.24248877941623;
  -9.157744037281157, -4.773751036379761, 29.51101333646772;
  -6.995380079480166, -4.336523483429298, 22.78864464020065;
  -7.806966676446308, -6.016611598570871, 25.3695934773899;
  -7.537563612368373, -1.47456384049304, 24.59178378043009;
  -7.480892268583265, -2.720021635121468, 24.41931275276814;
  -7.442198483703863, -2.949391570681921, 24.31119987809013;
  -7.48366597436957, -2.568565267921966, 24.56526152083142;
  -7.044814960015772, -3.229613904146558, 23.26111480594274;
  -7.490827399884299, -1.544060460097509, 24.74196770187452;
  -7.153530815934084, -4.79657758992927, 23.68043776824133;
  -6.918103765623775, -1.533196703740789, 23.02783481496643;
  -6.575705617115931, -3.879889011363447, 21.96708390590344;
  -7.500675417884091, -3.050720882577349, 25.03374158721732;
  -6.408932657662165, -1.375783935003633, 21.72896605681309;
  -7.745094642052892, -3.407740698888899, 26.13513611596456;
  -7.209174519011374, -5.887428665591084, 24.47448061612907;
  -2.204133578308759, 1.09310982621463, 8.177415900399918;
  -6.837958024107889, -3.712240330045376, 23.38869436064679;
  -7.436797569112715, -2.726759750735452, 25.37787686287879;
  -7.307781765082712, -2.150857193799436, 25.04542579036762;
  -7.325941979803749, -3.331878072751915, 25.128519352153;
  -7.421430994216704, -6.055234162060134, 25.46849618174545;
  -7.114578597659937, -3.116481924964396, 24.57106903090781;
  -6.982220211602844, -5.107330383324461, 24.19241650806569;
  -6.829360560628541, -3.639962865720173, 23.76586355610518;
  -7.107560319124431, -5.51692234375594, 24.74589304562598;
  -6.899037263716113, -2.990608214080234, 24.17674631413;
  -6.305275532055299, -4.394136881724163, 22.19120739083071;
  -7.354719234412228, -5.357462209168853, 25.80253132917387;
  -6.624738334073553, -4.289099503149878, 23.37720854227506;
  -7.095482364974687, -3.256729463302077, 25.19690570608715;
  -7.496986362681959, -3.990077122741548, 26.59157784533079;
  -6.880250908288113, -5.095832802952931, 24.59055160370626;
  -6.788787268499959, -5.469081882320199, 24.32013781113907;
  -6.925741553771626, -2.891227146309016, 24.823768421725;
  -6.916634991594125, -5.459486837260142, 24.93511051089291;
  -6.932209962730426, -2.420758708105145, 25.01313779581529;
  -2.110423651661791, 1.054145763962902, 8.363561236939617;
  -6.859558605247605, -5.272780104497598, 25.13113881330779;
  -6.758397924053724, -1.646689638973252, 25.21247123071462;
  -6.988659719190696, -2.005181428750582, 26.1075515348017;
  -7.846052393874142, -2.537689986490352, 29.37042988434104;
  -6.757938124865794, -5.170806347987201, 25.44583735589547;
  -6.30581922545187, -4.463607987609782, 23.91220774542804;
  -6.610782781789759, -5.790120638596021, 25.02798962430502;
  -7.07776547170142, -5.209326428447464, 26.95238467432782;
  -6.346772029479317, -4.023052938921925, 24.35462380141244;
  -6.781874861126406, -5.188406329901549, 26.29355888134254;
  -6.510705674791171, -1.824063599891393, 25.37992804916426;
  -6.46958130948253, -2.261590851728563, 25.25449023403601;
  -6.894934174221653, -5.098073959982633, 26.88764405967;
