m=[-6.767781570842853, -1.736921361269444, 9.475707190853722;
  -6.717356124877711, -1.733924910630709, 9.475154733415204;
  -6.556668446864506, -1.552254041308312, 9.285757612118152;
  -6.404125891122032, -1.419524853825177, 9.248495879884979;
  -6.506987342045168, -1.653163309481353, 9.439770560643316;
  -6.351916020286932, -1.523654663846181, 9.368724509040291;
  -6.307208929257693, -1.409485774314742, 9.310549562896387;
  -6.304132493061069, -1.735812872077392, 9.307796312915436;
  -6.166548863640864, -1.447336884556289, 9.214335858558247;
  -7.808325043065287, -2.305770077465627, 12.05046983973801;
  -5.844642435248013, -1.474108333628899, 10.30301315058278;
  -5.28633316543328, -0.9948680129464658, 9.76647162027079;
  -5.227950502092126, -1.061761873583078, 9.724495752487371;
  -5.184406159682022, -0.9148479343738285, 9.687335644736216;
  -5.234818734429489, -1.070532030358447, 9.87624653097644;
  -5.105925398037006, -0.9058434914541029, 9.674231838470167;
  -5.187815336541616, -1.206102019250788, 9.82424175875536;
  -5.038771954668815, -0.8848321974875297, 9.630356832397872;
  -4.914888447789428, -0.9450633423756899, 9.49261042973022;
  -5.052529760117186, -0.9961982010479347, 9.970426967844627;
  -3.172663081994861, 1.251667172709965, 6.83401623631466;
  -3.152633981690485, 1.203713985154456, 6.84151583439533;
  -3.102907448157056, 1.179438959336639, 6.798921790140561;
  -5.215362862866443, -1.06309269227203, 10.7552035268228;
  -5.105726875282682, -1.080751613979341, 10.55262158586157;
  -5.123044994339658, -0.9836722440567619, 10.69511789549027;
  -3.002679373876368, 1.24850008031302, 6.77034814268701;
  -5.232911821357184, -1.194052261505671, 11.19789399025467;
  -5.255803216556209, -1.103181470159346, 11.30407965486543;
  -2.936404272128399, 1.247358684185013, 6.787415649473649;
  -2.890615292512143, 1.257779504160777, 6.796798754589492;
  -2.857195112733076, 1.208340296031597, 6.782749539502358;
  -5.226311735368905, -1.337461320371663, 11.9296951201395;
  -2.765747688146103, 0.9677327727755994, 6.839524751638755;
  -5.292797389360413, -1.244544741166852, 12.19102676039363;
  -10.37211968901346, -4.424829250085768, 23.37100626387278;
  -2.547085647869118, 1.022415578340215, 7.011858625737051;
  -10.72175166343966, -5.228583066745148, 27.33177609645512;
  -10.22876690339082, -5.645861526034272, 26.69063991535895;
  -8.42978623959073, -1.824151496426155, 22.35439277403454;
  -10.18049783511487, -4.90829913697121, 26.75391302401948;
  -10.03578696532547, -5.167697510097483, 26.74451601250161;
  -8.962022593457782, -2.008133613566377, 24.27009011667174;
  -10.25455914236083, -4.966476267683341, 27.85588542766049;
  -8.717033905141783, -2.820509629691318, 24.29108645345052;
  -7.866012940600074, -3.223259793407073, 22.25578722699034;
  -7.929462900509896, -2.665381594628112, 22.51505441758586;
  -7.719582875143585, -2.13785089032897, 22.08575596223259;
  -7.994772404841741, -2.792791236331884, 22.9224673260627;
  -7.799247545630467, -2.883562442665562, 22.56683701753649;
  -7.789686246688964, -2.816671472511766, 22.78393684362634;
  -8.034852338763955, -4.280924628772595, 23.46178962614722;
  -2.194080256642946, 1.092906182432038, 7.167192059470588;
  -7.596133630718676, -2.593239603413803, 22.43697848899369;
  -7.988706837957775, -2.204334638713874, 23.57871367752421;
  -7.74407758472221, -3.338788050050964, 22.88767595307153;
  -7.666956146720361, -1.292849043341964, 22.99353467027057;
  -7.378594726158482, -3.635569676753554, 22.16934010063384;
  -7.898609308307063, -4.341465822780779, 23.7525050714967;
  -7.774067764695499, -2.404029401312696, 23.39548017811698;
  -7.77832615111413, -1.423087782111009, 23.44388407634833;
  -6.738643455551703, -2.772080113062474, 20.41463867348247;
  -8.562958458013535, -4.345548157743682, 25.73499312696186;
  -7.764749041938714, -5.718189287487493, 23.53929772633276;
  -7.605450879321257, -1.205216838728962, 23.1664975393118;
  -7.575530563517055, -2.330524096983023, 23.17351123567299;
  -7.408994633191886, -1.36145831240092, 22.70914364304125;
  -6.858365384491811, -1.651117173519895, 21.14726102221028;
  -7.19797276585368, -1.900344515514801, 22.19368309416502;
  -6.802531494406095, -4.064416790963515, 20.99745280992737;
  -7.420050843093526, -1.611180039807747, 22.89940391670291;
  -7.202846925849115, -2.76851916755739, 22.25932202940946;
  -6.872428420238773, -4.285052887612768, 21.39381375786465;
  -6.886805778482628, -2.641720618142372, 21.47657172555405;
  -7.036590017946321, -2.586302760206014, 22.00918040127088;
  -7.01286706704719, -2.43297108130746, 22.06119841852061;
  -6.982424420257238, -2.116039661572521, 21.99174971865344;
  -2.400816503876032, 1.004979472780517, 8.241433529004807;
  -6.865114419698891, -4.620316525965295, 21.74272888009888;
  -6.945314834460993, -2.51495649085423, 21.98337126512685;
  -6.949291969064804, -2.37646258918902, 22.02697864994654;
  -6.963483693276158, -1.566294786576027, 22.15002242120983;
  -6.724455394605649, -3.983339480322447, 21.42093623701971;
  -6.963448306769444, -2.658980387814461, 22.26239235794944;
  -6.959712834869444, -2.866310562143314, 22.28799936173369;
  -6.71372591798296, -4.491643940586535, 21.5522493756837;
  -6.77507563923878, -2.505137255875919, 21.77473110677775;
  -6.522112115546321, -1.426313316974406, 21.07844135463234;
  -6.801163723651327, -3.387983382826087, 21.96333890976866;
  -6.504072187221516, -3.461271987683045, 21.12818378701647;
  -6.574631134149477, -4.819109812610503, 21.41069894343891;
  -6.394622766216743, -4.057880062411296, 20.85346751097979;
  -7.761141845000792, -3.451211864952712, 25.16805097618503;
  -6.405071263579584, -3.501883442697471, 20.95786695594006;
  -6.595122913581337, -3.906614565926544, 21.63103012414168;
  -2.149170667306871, 0.9840504402670104, 7.749372090956086;
  -6.720395742982349, -3.085827739628635, 22.11718700419933;
  -6.922714058486215, -2.061968663849814, 22.75209773112295;
  -6.691298510112764, -2.958259065704339, 22.1503002876142;
  -7.059364557399991, -1.298240425044235, 23.38656393873621;
  -6.875363308734055, -5.065218756371663, 22.83769191190396;
  -6.512016277208961, -3.493599904054164, 21.68980036571207;
  -6.867675842454666, -5.365134537051005, 22.94158018996509;
  -6.425225369805335, -2.807329644815132, 21.56367873568095;
  -6.745432210786492, -2.69554851150907, 22.61839866337395;
  -6.234451723395575, -4.370760537589356, 20.94744028164802;
  -6.252739095009849, -4.072485786528293, 21.10837695106469;
  -6.701259264625035, -4.909042037735649, 22.58363433266093;
  -6.334438771290785, -2.768493984832335, 21.59812448250106;
  -6.509141037123773, -3.016781084566823, 22.18013132850459;
  -6.270295338166128, -3.146681911913769, 21.51354478647424;
  -6.616898031099485, -4.92187846530241, 22.66584729947785;
  -6.625506228793889, -2.791151093831517, 22.76815210497459;
  -6.469095817387937, -3.426612768272271, 22.382464824014;
  -6.62834193123987, -5.264113131434433, 22.9316697278845;
  -6.529801678278775, -2.30751588638399, 22.59608591655439;
  -6.484494048578548, -3.103986345397284, 22.51835445201059;
  -6.394910431318594, -2.373008069773931, 22.24407910211207;
  -2.487836685510786, 0.9778560063050141, 9.311407586640229;
  -6.972031545877687, -1.108303668427463, 24.30438717570152;
  -6.177804924952715, -4.94616215992096, 21.73500573792488;
  -2.504839838025622, 0.9556841842800018, 9.435848300669473;
  -6.54967705651319, -5.06950439201567, 23.03886118169207;
  -6.427236203501579, -5.459854679075004, 22.66325511891068;
  -2.985911535441666, 0.07029701666586012, 11.13638046922973;
  -6.141495452150038, -1.517397213627864, 21.97335362856148;
  -6.802768448285826, -4.967900898419612, 24.23386890493086;
  -6.348341394372041, -1.849364546067419, 22.77904872759397;
  -6.496470375407684, -5.006657760489501, 23.49812686247782;
  -6.188889846566128, -4.574862541100026, 22.66398197941809;
  -5.962799246230087, -3.80933208070886, 21.93346913050115;
