m=[-5.444717482189268, -3.037316088316186, 14.11111618209197;
  -5.321964855030033, -2.937507218779233, 13.8869766932233;
  -5.281772992627317, -2.64543082004884, 13.84961826777896;
  -5.272961884715721, -2.715190357929309, 14.05199353536862;
  -4.104962274707808, -1.379827490326661, 11.65570104265702;
  -4.078726604921062, -1.424810030954562, 11.6944513988446;
  -4.00881761849534, -1.449547756729982, 11.72533071870993;
  -3.860996053779707, -1.398465533895462, 11.61979536083971;
  -3.860743209549253, -0.7094405104760865, 11.83347761135832;
  -3.969534257587182, -1.221181165271621, 12.14278603291365;
  -3.501124765141622, -2.091872752724708, 10.80696239307123;
  -3.702095039409495, -0.9773940848221593, 11.41475895531401;
  -3.512961283244257, -2.190379291038822, 10.93581989315295;
  -3.644857018436371, -1.398136414107758, 11.36652255105197;
  -3.629744690264712, -1.334114775385846, 11.35318463841765;
  -3.777918027474542, -1.144906683288015, 11.89887963223355;
  -3.571230487236596, -1.29317237710351, 11.30368997597136;
  -3.503172341938001, -2.357683219134258, 11.09501193927075;
  -3.588898140950159, -1.227302321782552, 11.3756312268141;
  -3.658109660405354, -0.9279757988275023, 11.60568786809869;
  -3.489527226797809, -1.437138138364706, 11.17496977949391;
  -3.553902140423121, -1.357051230266251, 11.36195177537855;
  -3.42257685560703, -2.289786145946456, 10.98707793565209;
  -3.499648546364422, -1.294022446803937, 11.24768343898119;
  -3.361802328483336, -1.789050289227779, 10.92066253375314;
  -3.335253176946527, -1.975633936295612, 10.93913834321441;
  -3.575630881619869, -1.065021430771917, 11.75161975227184;
  -3.269981234817629, -1.754296310376253, 10.89144086310814;
  -3.574921293356725, -2.633716586970742, 11.87471082484786;
  -3.22280544116605, -2.099052775505917, 10.87974263093224;
  -3.557706174138473, -1.421698311154985, 11.92949748203436;
  -3.282436316765936, -1.959099739644108, 11.10746844482998;
  -3.451910021843743, -2.528714490598073, 11.63313798260105;
  -3.273784411407411, -1.430821699895033, 11.16241008862739;
  -3.31957091467823, -1.538516170899347, 11.31155684320244;
  -3.409786771255326, -2.536317773348848, 11.68005097219411;
  -3.383787317943898, -1.425500384065239, 11.6281808039075;
  -3.385221285425264, -1.196277050959852, 11.71440646757607;
  -3.374648669692204, -1.787516300024358, 11.67596790571109;
  -3.290448040532561, -1.221011589953664, 11.44550612257817;
  -3.320207255590147, -1.589311040774251, 11.52990553702574;
  -3.218867191440948, -0.795294915608987, 11.51662614292831;
  -3.182238037667529, -0.9270324071145233, 11.4184715061314;
  -2.956176018698371, -1.88855195005426, 10.87395244631829;
  -3.073750523376617, -1.162622734443488, 11.38530123781929;
  -3.225262267447856, -1.758438095229317, 11.89294637524;
  -3.122027816350661, -0.8840860812597635, 11.67417288869195;
  -3.087244447015295, -1.091764158790505, 11.56037624864232;
  -3.089816272736173, -0.6185544619339075, 11.72631376338044;
  -3.009277065560771, -1.024374621242816, 11.52927156722139;
  -3.028995654140125, -2.43628050951433, 11.62748220658473;
  -3.094825438158148, -1.732898244099149, 11.89854552977079;
  -2.969899135201591, -1.102580000216777, 11.53582271861557;
  -2.908913769973687, -1.159066034498248, 11.42171473915774;
  -2.935496843253712, -1.29012554634678, 11.51818169933483;
  -2.8714689015382, -0.6062102752377889, 11.38692663097639;
  -2.774281512924222, -1.398929250985431, 11.03024166052145;
  -2.880486680989438, -1.013249755710318, 11.44251477826595;
  -2.970525917369186, -0.6990132508810942, 11.78925197795678;
  -2.919860496564485, -2.510728586015, 11.58132498901737;
  -2.904868311332678, -2.274265280198957, 11.56055315531224;
  -2.75796662142611, -1.335252970367808, 11.06643742511174;
  -1.24990791149742, 0.05709071008811942, 5.564135690572184;
  -2.719048896677167, -1.193550155079081, 11.03655531235442;
  -2.847800682415138, -2.367793929052973, 11.54189058158478;
  -2.837699979264134, -0.5580602478978001, 11.67068876839352;
  -2.771936514931418, -0.6815231239044816, 11.5725143600579;
  -2.736075921435247, -1.064554561895936, 11.45314976705149;
  -2.693356491895079, -1.425424319955495, 11.34133647746513;
  -2.776171318746133, -2.508093072639328, 11.69992557493122;
  -2.648309121885522, -1.128176335168635, 11.2401898016832;
  -2.680361458544586, -1.860953027760107, 11.32960160827745;
  -2.738723462732257, -2.539208255741216, 11.71410260956102;
  -2.563206751567313, -1.202950023757954, 11.06372159504518;
  -2.643343806257012, -1.002487524295151, 11.43523212831732;
  -2.697499039485747, -2.459037328100638, 11.62965570899234;
  -2.518831227394191, -2.038444562336675, 10.98798728739888;
  -2.466958838761623, -1.158858503923101, 10.82845111232102;
  -2.523163022474061, -0.9945286399560817, 11.32392090893642;
  -2.457327339029829, -2.097945133067824, 11.11059908448809;
  -2.611338734102856, -0.6770954851869769, 11.79489964605567;
  -2.70915801992643, -0.636433516806007, 12.26851471878926;
  -2.415142355362642, -1.253770932358938, 11.06680585156379;
  -1.057495374300415, 0.4559577200993237, 5.437226454606703;
  -2.564672471835468, -0.6899802850611326, 11.8367342568783;
  -1.053460387844612, 0.6679440934924058, 5.444944803083443;
  -2.421261438581288, -1.374361516738819, 11.25160996806132;
  -2.449587563745434, -1.616011807342959, 11.42244865864807;
  -2.346951502128595, -1.995711358101575, 10.98053247542867;
  -2.368488394803749, -1.47195172851877, 11.13438808080208;
  -2.409384761080802, -0.7374265827373142, 11.41481549404493;
  -2.589527298177787, -2.515090519867525, 12.14787284060714;
  -2.348589918931507, -1.441542128778866, 11.23715151549471;
  -2.510180975117799, -2.518975221260044, 11.90592264572327;
  -2.308737142886767, -1.21489378662161, 11.07531307332823;
  -2.342305045403338, -1.992456617896052, 11.22168004688208;
  -2.507244031778284, -2.602792346157455, 11.96973555664541;
  -2.318174419999646, -1.521786612623167, 11.22980409692217;
  -2.639026589451519, -0.5137665699435008, 12.77404480343735;
  -2.488264033975268, -2.800861133228501, 12.02128980322212;
  -2.233426364259882, -1.378304689568708, 11.03948967535822;
  -2.184660772964808, -1.515773745652538, 11.07679062476496;
  -2.174152507171499, -1.332540260505729, 11.09596968086138;
  -2.157682241012255, -1.440484796443602, 11.03869900278065;
  -2.134482042526659, -1.375794457173712, 10.9448713904371;
  -2.16753883172822, -1.560783449083237, 11.54498433451053;
  -2.124678259269031, -1.668420576305567, 11.65284759771462;
  -4.351858340111893, -4.91004960276337, 22.83261530498674;
  -3.262663773750912, -0.1688266916474269, 17.50641720713406;
  -4.066926370408265, -4.385636952704964, 21.78784790143225;
  -3.115842315336288, 0.4167069155099595, 17.1357101825783;
  -4.188501227922834, -5.086577948798026, 22.71107986556518;
  -4.059722465083104, -0.3223120522395547, 22.36220083124104;
  -4.089831614117033, -0.4676803395122462, 22.54628823097964;
  -4.117107331064364, -5.399614902153121, 22.79276573496625;
  -1.005120123779428, 0.7855186810705236, 6.415649226624551;
  -3.831136134658261, -0.271140582967962, 21.71594820430785;
  -4.141658668241764, -5.570638433908708, 23.47581102849101;
  -3.991548410223013, -4.880581369928406, 23.12014635847682;
  -4.080777918918824, -5.29523827569852, 23.8146713189241;
  -3.885921663994022, -4.201147590315987, 22.88820210047681;
  -1.792937161511928, 0.678623890621932, 11.34699589806978;
  -3.811365268552678, -5.262590914616583, 23.19949400800642;
  -3.877102180523624, -4.810116615194375, 23.64938085894852;
  -3.679264397348796, -4.577422191891095, 22.68916892097356;
  -0.9115211428501241, 0.7861755664115077, 6.38734216862337;
  -3.147895673455902, 0.307235198037501, 20.34142087598291;
  -3.621894097080266, -5.194521047977719, 23.45641984360111;
  -3.355346792929637, -4.379955637346018, 21.81109075671543;
  -1.525319908912309, 0.676274360120289, 12.93461113189486;
  -1.29560547343427, 0.7201980948833207, 12.42971352666468;
