m=[1.262282101891459, 0.2427388512332218, -1.517969703548075;
  -2.455806111545142, -0.3647542528269339, 4.962716961115246;
  -2.60917773286738, -0.5876094648676502, 5.411375613909738;
  -5.488144231612433, -2.991089560582469, 13.60793575727544;
  -5.478516194767492, -2.147175763317454, 13.66524857481941;
  -5.37045777090685, -2.963681280158501, 13.51010642885024;
  -5.319844303676726, -2.586148623168268, 13.50659582003198;
  -5.3530980047378, -2.753109465282049, 13.75097475343217;
  -5.113154646287617, -2.491242017544059, 13.21788052696984;
  -4.273973705256612, -1.248816260150029, 11.3882356424191;
  -5.204617437871969, -2.517738212395551, 13.64883305828047;
  -4.026158544061886, -1.812741003523166, 10.86026683138264;
  -5.181580299585968, -2.848655048437873, 13.74064225053587;
  -4.033373880566863, -1.487370603675079, 11.16859646547007;
  -3.981688175556251, -1.439275229339258, 11.15333169727792;
  -4.325382323737654, -2.165074211252998, 12.03265889114755;
  -3.76500500843518, -1.556514622440145, 10.66543940325821;
  -3.751196055785682, -0.8326401546114877, 10.77318118607774;
  -3.809395589365337, -1.573335921936745, 11.00520797377477;
  -3.777943266253455, -0.8827497726679779, 10.95322823785076;
  -3.684641788378294, -0.9643541327573374, 10.70831359966116;
  -3.761678191527293, -0.8881798592255492, 11.05761975414999;
  -3.683205815245065, -0.9657113164103108, 10.85646656382271;
  -3.46705199734627, -2.255144495275468, 10.25158637636736;
  -3.971175585462669, -1.216772994984468, 11.63795028344387;
  -3.447043110150181, -2.148235841834981, 10.25138419554541;
  -3.668513102855011, -1.402582433868785, 10.92380326499155;
  -3.640406299419819, -1.334085529594847, 10.88537712958308;
  -3.564764035763297, -1.232233780337169, 10.72081301258163;
  -3.54125570917359, -1.277822841743312, 10.71436181782416;
  -3.574530378069253, -1.216738986538942, 10.82989344522289;
  -3.37839187272323, -1.994441624866299, 10.27438627999389;
  -3.486787502782403, -1.326324406664827, 10.66164792651992;
  -3.491329792577956, -1.432720819320621, 10.69453248759613;
  -3.474626586012878, -1.28118905344961, 10.67120759548047;
  -3.331196220469348, -1.633947910387301, 10.28257403273004;
  -3.298308152248886, -2.017610282317309, 10.18947815271397;
  -3.466660607177234, -1.904888633782714, 10.66609775635019;
  -3.151023815911318, -2.001033962430839, 9.809570424623123;
  -3.370812877493302, -1.78876323226811, 10.44916238019933;
  -3.341796432619601, -1.48204348136396, 10.42138925405278;
  -3.287454231281603, -1.790838810130634, 10.25911209643127;
  -3.505949680085381, -1.325962585339495, 10.9022532262227;
  -3.22380139399981, -1.908269695376615, 10.10694533407311;
  -3.537576438206758, -1.664063464295745, 11.05079454380662;
  -3.505869330257296, -0.830461378869975, 11.00507805358311;
  -3.532127294870044, -1.049460619716453, 11.11511437671848;
  -3.498619689793489, -1.599118116640355, 11.0082514339185;
  -3.27015333165417, -1.84694059485686, 10.36685607470934;
  -3.448556140339283, -1.511862659162463, 10.90932531378365;
  -3.224408321621115, -1.727149925612427, 10.2647678636745;
  -3.162071505199591, -2.052494015115636, 10.18460122146555;
  -3.517843165708547, -1.401928941029937, 11.29271036969919;
  -3.511531901311042, -2.567159145154411, 11.33015369787674;
  -3.281285116429913, -1.432017049449978, 10.69106885708335;
  -3.312158009770094, -1.660432950008135, 10.85914989086926;
  -3.215049280091145, -1.436603774967804, 10.63533220114297;
  -3.360221437295843, -1.190358188320543, 11.13949726499796;
  -3.26834018514412, -1.561184126060629, 10.86596892643422;
  -3.270440723068601, -0.5221631075348137, 10.94797624098714;
  -3.415591445515489, -2.602657178558165, 11.34298069359306;
  -1.652713868626235, 0.3868220234610723, 6.067572063354601;
  -3.314592545937464, -1.783960625009063, 11.19968788432172;
  -3.229969377869662, -0.7931253080370246, 11.04538632940162;
  -1.659185485743755, 0.3922378022181088, 6.204893718220042;
  -3.473248157393468, -2.538586379674088, 11.89606288348853;
  -2.861157092922393, -1.824763500338045, 10.06649690679143;
  -3.295421391323609, -2.536275957488372, 11.43650724978532;
  -1.702051863290335, 0.3812546063957893, 6.412214170234607;
  -3.182172590060948, -1.465609168107473, 11.15312603493638;
  -3.093668766864932, -1.007082837249087, 10.99312201611763;
  -3.26991137802447, -2.553306174148691, 11.53094646933707;
  -3.004814726289793, -1.054252523634893, 10.75370377836567;
  -3.03770884904273, -1.028992455719114, 10.9118229489241;
  -3.137297039421032, -2.519792356326152, 11.24401934845688;
  -3.117879129468052, -0.7583915530392341, 11.23422216708594;
  -3.160390579034311, -1.723958551913899, 11.37595648215182;
  -3.1524182505986, -2.341394513197264, 11.34381536641886;
  -2.767150090975516, -0.2167034619302498, 10.19018235777758;
  -3.008956560010972, -1.017225895980998, 11.01979235705001;
  -3.002422646628091, -1.677214928512099, 11.06276426097187;
  -3.002333479171286, -2.535614303986282, 11.10683748244547;
  -2.94602724597722, -1.085457658082531, 10.94176473500962;
  -2.955035862008669, -0.6015050031018997, 11.17873205251926;
  -2.791094395094148, -1.399532661787686, 10.59976845882093;
  -2.81643708552365, -0.9831959595633626, 10.69694567171231;
  -2.946861500015633, -0.6878454265768365, 11.18842624557985;
  -2.89862023558946, -2.489956241553302, 11.01476035554928;
  -2.736741096029732, -1.317294106107368, 10.48385481353148;
  -2.743190553767886, -1.196219616776867, 10.62256422213497;
  -2.85167469271911, -0.47405690935185, 11.04673941650087;
  -2.781413445360242, -0.2089680357434915, 10.83264076898691;
  -2.726751168004181, -1.104019184684645, 10.61421855046439;
  -2.82319059926881, -2.34018892680422, 10.95548354255953;
  -2.884069870894109, -0.6636503189891549, 11.21829033395294;
  -2.743665159301283, -1.014355052498915, 10.76508951588949;
  -2.819535833376442, -0.5491017669517924, 11.09094809398238;
  -2.843927298062372, -2.461757866561276, 11.15522054853506;
  -2.77590580501631, -0.677097835962394, 11.08386511643976;
  -2.675449735393011, -1.040187807631252, 10.7169885055029;
  -2.548955983287768, -1.214853440144315, 10.40775252775016;
  -2.609622345713918, -1.022659909197412, 10.69044477558099;
  -1.025870597656889, 0.449718964404712, 4.788812170024725;
  -2.525137481050977, -1.316684292495819, 10.38984811103532;
  -2.656988491728717, -1.931772474180831, 10.89176377697375;
  -2.582697754184936, -0.9715624048720382, 10.68199600589502;
  -2.686457357018198, -2.447733237090238, 11.10174452535289;
  -2.521443092266076, -2.034850891304306, 10.508897438065;
  -2.486170641652814, -1.348199626825473, 10.53884491486856;
  -2.464147219446688, -1.906806171171535, 10.46478713504752;
  -2.584630398080321, -0.6613848151007937, 11.16848526669588;
  -2.525371986997454, -2.147236540861063, 10.89635790835044;
  -2.576609099921009, -2.526125975973171, 11.23821266643991;
  -2.528474788815522, -0.6685922369660887, 11.16727509424111;
  -2.415510921128906, -1.361465480699482, 10.70511189099539;
  -2.332929041544386, -1.48594013996844, 10.43691913184852;
  -2.312829689696502, -1.96150378478376, 10.33885290348129;
  -2.408318163923345, -1.584457647785661, 10.75241722826184;
  -2.342353488678521, -1.448147603292074, 10.51962154724899;
  -2.380765821518468, -0.7178700101241758, 10.77170230509291;
  -2.515050429923099, -2.439481026570322, 11.33490025018896;
  -2.264918877758668, -1.383647392825951, 10.367626886248;
  -2.29807921641283, -1.201441771670718, 10.52310681844701;
  -2.484467784200077, -2.493107291797983, 11.31395791312809;
  -2.306610602290881, -0.6988939337797212, 10.66547410975548;
  -2.480815921871953, -2.57020097220862, 11.36123032822435;
  -2.279141446050949, -1.491511545121624, 10.55966322274035;
  -2.217609669514848, -1.356241971230761, 10.4448333769372;
  -2.255423960042243, -1.931056443930913, 10.65413736456658;
  -2.26166963055529, -1.557897033187017, 10.93527903625621;
  -2.108840289808747, -1.290292487656573, 10.29320139800608;
