m=[-5.283783889049533, -1.008724614793868, 7.761072256367683;
  -7.91625378140708, -2.335271510646181, 11.21808742496019;
  -6.525366011638438, -1.396455294955569, 9.672117035872567;
  -6.468834924688939, -1.412904379417877, 9.689474523576704;
  -6.235932756631047, -1.407283700160743, 9.511257718502213;
  -6.02466819653401, -1.520297291983633, 9.606250386231805;
  -5.368976972378207, -0.9871468854120571, 8.83105319424358;
  -5.402788227758242, -1.168842964251496, 9.049345675646382;
  -5.242130907182846, -1.199208822917088, 8.809602904604295;
  -5.268127901073068, -1.365761711879328, 8.892847278925656;
  -5.194371080174328, -0.9152424947184036, 8.837315249599255;
  -5.150956307952115, -0.8947772514516286, 8.834482634152684;
  -5.048005549987068, -1.016636835748357, 8.688988415763161;
  -5.253465100499508, -1.238631373387544, 9.301550163749466;
  -5.132952242183749, -1.006091044777273, 9.127157304613441;
  -5.219317009004627, -1.215116471949134, 9.32844329346066;
  -9.471133253265027, -3.148119579862851, 16.27567204776428;
  -2.768795016640058, 0.9798414330461599, 5.850183472324181;
  -5.010808426331858, -0.7442418499625044, 10.12589057798637;
  -8.472549679105065, -3.814525771777983, 17.6077612765032;
  -2.524615034776938, 1.029514346330312, 5.966983580468584;
  -8.166588618347925, -4.03123250162637, 17.12197447101844;
  -8.39580298998551, -4.12502887866316, 17.87000392877682;
  -8.225680723024128, -3.7571447463826, 17.54506711596934;
  -8.064832346909162, -4.056418419228717, 17.28145115269239;
  -8.002934945018835, -3.974397410054892, 17.49977776537708;
  -2.340064403502266, 1.013781933665653, 5.971602012162959;
  -5.156620764134042, -0.7896664311284339, 12.33078670778391;
  -18.05748866477494, -8.501957614072373, 41.61668209757319;
  -11.36894715114349, -5.461646348890827, 26.97490667864663;
  -2.158474001151007, 1.069727566168784, 5.99561662510367;
  -11.51953051885393, -5.423129668892226, 28.15874213490707;
  -2.134930744700119, 1.084717295913624, 6.015991783085426;
  -13.3186106221996, -6.791252996573066, 32.7224661634287;
  -8.283311808930876, -2.024697298136211, 20.91673135689008;
  -11.62174073373558, -4.55486835192157, 28.98850169509097;
  -11.29742577039495, -6.234472124719085, 28.42018893750623;
  -9.41060036572134, -4.002371314859261, 24.1530252674546;
  -11.34503528423655, -5.834775301581713, 29.14299226957181;
  -11.15341501829484, -5.052846522097936, 28.8211595223138;
  -9.237843830886479, -2.747939775979527, 24.03877083512465;
  -10.78282204609289, -5.253629355495927, 27.87438741996836;
  -9.413305960984035, -2.851633692061287, 24.51208329856685;
  -9.592984891795696, -3.024267562628968, 24.9556786194516;
  -10.8859179420545, -5.956325265268916, 28.20473540301312;
  -9.187642784171587, -3.57891001980796, 24.12943919815355;
  -8.831475523956993, -2.580476857372782, 23.53194738034551;
  -11.01863905720486, -6.057669661074137, 29.21949841922389;
  -8.293749893775996, -3.734184916187085, 22.37178091558389;
  -8.70462404533637, -3.549902475185913, 23.54725860132769;
  -2.40000118977938, 1.018176115378139, 7.245233462853019;
  -8.468319794256406, -2.934778258021464, 23.23936902914999;
  -8.974333581745045, -4.765913848619609, 24.85549076803662;
  -9.046468672948004, -4.528218446544846, 25.16611563182544;
  -8.370847051250571, -3.025840366760863, 23.44805259310277;
  -8.878768040499766, -4.733357412069722, 24.87335367068611;
  -8.145186954942973, -2.775515984184674, 23.02030159322415;
  -7.863294850047208, -3.250814643602217, 22.27500217004684;
  -7.429529697074881, -3.646101303209212, 21.34198531011267;
  -8.215147916016766, -3.903699730519062, 23.65050880251542;
  -7.629046514039702, -3.150907446885749, 22.04004324544209;
  -8.469375919359163, -1.536562571852223, 24.45995519536877;
  -8.132827711370393, -1.900306941474966, 23.57915719314063;
  -7.949911030017191, -4.477635985401265, 23.12115790667934;
  -8.904280608215366, -2.601403074606765, 25.92515344820561;
  -8.05529099103334, -1.411062395120412, 23.56094061651309;
  -8.006737482817934, -1.652327637753604, 23.42842463834473;
  -8.217220663081454, -1.493393227187306, 24.09843725141587;
  -8.122809383941172, -3.903501834335792, 23.8239384688538;
  -7.517320354383122, -3.40861515204543, 22.11790209580571;
  -8.501196994860978, -2.604777025286027, 24.91365739105885;
  -8.144741857687652, -1.923076698289376, 23.9418296495621;
  -7.254369215689323, -4.344427253779466, 21.38957357149709;
  -7.745174979763364, -2.030731786580279, 22.82936045841428;
  -7.234065422766641, -4.705398946742549, 21.39011661508054;
  -7.922266528543871, -1.715891071431777, 23.41083973742326;
  -7.243434762509198, -4.514189604706675, 21.54171858982519;
  -7.862329637844233, -3.00600410306401, 23.41181284087051;
  -7.599805222998146, -2.785071044777889, 22.72459147675204;
  -7.632111114441041, -5.471458786110253, 22.89648400702962;
  -7.393016559007333, -4.111278832404547, 22.25683032433433;
  -8.436058352042643, -2.52733843939076, 25.38205901364832;
  -7.451446004503393, -2.688771636542847, 22.54496571693801;
  -7.21983710481456, -4.830896498764951, 21.82878454885396;
  -7.533556348996837, -2.564356921779344, 22.82470811376538;
  -7.703523536985147, -1.942290043961691, 23.35607565527429;
  -7.072004092640881, -2.902105529929251, 21.66274228288101;
  -8.462904333799081, -1.442931569610158, 25.75841509307784;
  -7.356518610901175, -2.798315117837326, 22.49423325388533;
  -7.040252007970631, -4.704205855661386, 21.59538563665355;
  -7.335299842193561, -2.704723983699529, 22.52803443864874;
  -7.256001974019784, -3.987086494247222, 22.32500816922578;
  -7.046455701716115, -4.310392122695474, 21.7686471707466;
  -7.034790489240228, -3.733097929547505, 21.80710434078347;
  -6.955615062629611, -4.3113714074298, 21.60972686952522;
  -2.63769497833732, 1.045564465844157, 8.812669191868867;
  -7.37510251231712, -3.019346763554602, 22.89616824631716;
  -2.512063244430066, 0.9683961310631223, 8.462853751333915;
  -7.375422874981245, -3.469372875574894, 23.03958212318511;
  -6.796635050643917, -4.023142592412149, 21.30814231929925;
  -7.510960624196933, -2.231645898714874, 23.63595064601131;
  -6.715300195669229, -4.594831617723689, 21.1976358288245;
  -6.939422497221057, -3.919296685852144, 21.99896670713624;
  -6.619688896417935, -3.545827340898764, 21.07350033674121;
  -3.022231203669687, 0.05338143200807532, 10.15838275152276;
  -7.525378884140271, -5.540118032734757, 23.95464779023872;
  -2.909703090633024, 0.08685124467295205, 9.894312383529142;
  -7.274742448933646, -5.675179065759319, 23.28711198001364;
  -6.721280706514449, -4.362769279995244, 21.64832881888263;
  -7.65151077652417, -3.049275904274466, 24.56229314944917;
  -7.197195068622128, -5.261619617630504, 23.2221516457373;
  -2.883465783305878, 0.05782353760911037, 9.925061385726098;
  -6.850105139805681, -2.989519960215924, 22.31898269407439;
  -6.854984086470094, -3.167995490139336, 22.34338751263828;
  -7.422082981528527, -5.70735079458599, 24.23763725858292;
  -7.107425861961067, -5.279145917440365, 23.31881179587096;
  -6.070055033815842, -2.712326691177481, 20.07964610795062;
  -7.021721306755979, -2.943455430572967, 23.10102926366456;
  -6.862344836298163, -4.845941797035485, 22.66825187818419;
  -7.116760479149839, -2.521111857880868, 23.5928302263716;
  -7.143885993546592, -3.781731820520293, 23.6655816431851;
  -6.88193506144534, -2.541809794847033, 22.89535516362726;
  -6.890527136952741, -3.29138981165336, 22.90834170114966;
  -6.977447579009751, -5.316767042898563, 23.17169791579697;
  -6.316245570630763, -4.307100654555645, 21.22188505696121;
  -6.946741615061011, -3.839760984359175, 23.2637127329001;
  -7.090059255283953, -5.67069705777202, 23.85115607779259;
  -6.902417149875744, -3.714978611129093, 23.3226004869729;
  -6.887021470730584, -1.691121613367573, 23.55124891409191;
  -6.464691494306786, -1.874189851086817, 22.21014653177777;
  -7.3813312514051, -5.394992275110539, 25.2814589546838;
