m=[-7.541930416429531, -1.639101163625875, 10.12890409757928;
  -5.379213477437484, -0.939552981977566, 7.955078059963547;
  -5.253340017357107, -0.9168877394366705, 7.928817894223483;
  -5.230545820628254, -0.9995769524473438, 7.906311284130013;
  -5.31585578593928, -0.8542409126086609, 8.036849758645307;
  -5.218571395332947, -0.9604617200825347, 7.911689590168155;
  -5.189761109341475, -0.8853304579101441, 7.895059244601655;
  -5.190237346875784, -1.027688275618627, 7.908286611319507;
  -5.200927345963782, -1.020162465670522, 8.052168460308064;
  -5.208515218160328, -0.9875942149941798, 8.108810844436215;
  -5.574404572000879, -1.251949370973827, 8.652270652981104;
  -5.395872933313286, -1.363525808705468, 8.461574332275424;
  -5.171347263749006, -1.001741848663399, 8.19023602512784;
  -5.371494003826983, -1.170549440986193, 8.835666811786341;
  -5.53075657442601, -0.07502714225859607, 9.251692315732594;
  -9.173328840381934, -3.305561300542478, 15.31991343802123;
  -5.058348134123384, -0.7306731574266047, 9.210214005467522;
  -5.497986869575084, -1.098893562321331, 10.20379485827158;
  -19.03063148994708, -8.167396174834003, 39.92693811325704;
  -18.4381515636758, -8.235877982283473, 38.8636430945196;
  -9.387087740656629, -2.046642393561355, 21.40988414496581;
  -10.58593032800053, -3.99799461469703, 25.35068174163138;
  -10.01063224675431, -3.895412297284743, 24.04002705024476;
  -10.00217557013536, -4.442472569478046, 24.06548777908348;
  -9.865617846743943, -5.485787662827315, 23.77395622085476;
  -9.90368757413767, -5.444845107690928, 23.99550539856294;
  -9.776480545295408, -4.75356044202696, 23.69872240293962;
  -10.08211275969723, -5.021551876890796, 24.53000592942285;
  -13.69340247223339, -4.826777137799004, 32.96728827914626;
  -9.331863162919339, -4.078270692421169, 22.9574597233493;
  -9.170544195589715, -0.5100009112562809, 22.64511582878083;
  -8.184238910174924, -2.441559453115179, 20.37571301059752;
  -9.791530697274066, -5.016339607138857, 24.24182050442776;
  -9.757263956010155, -5.487876198039837, 24.22192241663164;
  -9.454062470439661, -4.593392813593529, 23.52155648410909;
  -8.981985049300583, -4.701095839420423, 22.49570476704867;
  -9.796471285332915, -4.87048013673803, 24.5377907439706;
  -8.096522227897529, -3.52068942484062, 20.62496465901053;
  -8.069446331337963, -2.486959626336434, 20.64306992975356;
  -7.816649778659761, -3.503370169956662, 20.10913279301858;
  -9.446303228161552, -5.1779955871381, 24.15367695901681;
  -7.555852702956495, -4.238532141749194, 19.74100157426518;
  -8.048488965876452, -3.893372620284092, 21.14121644308284;
  -7.955803040851083, -2.281218238449056, 20.95031579046149;
  -8.002619686765552, -1.353786542040963, 21.27677225132655;
  -7.596705751940966, -2.725037077348177, 20.32047638214766;
  -8.17713259128632, -4.071860191926483, 21.80182365470514;
  -7.857913626583828, -1.19359329878811, 21.11039349424428;
  -7.265723727503511, -2.981415882576595, 19.61503177524373;
  -7.427962058715119, -1.934016306121298, 20.09785441685109;
  -7.300830534527657, -2.827828281455555, 20.02558575765828;
  -7.190869483431365, -2.587019190925022, 19.77910502302142;
  -7.551457409737014, -3.114253040145814, 20.80099860294234;
  -7.11761244714077, -1.637275883530703, 19.69190093002249;
  -7.554088659394776, -1.339968412302747, 20.84345027944521;
  -8.309410180321986, -4.433877193311413, 22.89364685093321;
  -7.560322570676735, -3.269725268542694, 20.9563281905799;
  -7.212169222835413, -1.232330831644669, 20.12204799461833;
  -6.713891463514615, -3.012658846886503, 18.8132694499683;
  -6.609776655640319, -3.88195966293022, 18.52714302601755;
  -7.867188566592202, -2.268989371471368, 21.94489241895331;
  -7.050557053848093, -1.64098304756851, 19.79036666063333;
  -7.852041161296691, -1.073101113155651, 21.93148342958321;
  -7.079151244147452, -1.830093352089623, 19.88716953242884;
  -6.706803968628108, -4.338677100877196, 18.88255186764594;
  -7.439361315607036, -2.250581394492858, 20.8565537203075;
  -7.02656516670544, -1.495074501200692, 19.8054270983694;
  -7.075541387394488, -1.581823483118513, 19.94250268434679;
  -6.637038998688954, -4.109246606265396, 18.79402441929968;
  -3.084547157797085, 0.08055933509010592, 9.349944559850984;
  -6.928145513792974, -2.627322169719705, 19.69854782416114;
  -6.867045862748654, -2.71311747171665, 19.58587624971118;
  -7.029714188942253, -2.546710942412742, 20.03743124713791;
  -6.659234630364689, -3.675940609335892, 19.11107718381056;
  -6.815554856609432, -2.428740554702502, 19.64819645163557;
  -6.862589821802607, -2.307994520916609, 19.82152535869515;
  -7.600420179007041, -2.239767085901471, 21.88578241850058;
  -7.421688127851561, -1.845592729178168, 21.46515423758063;
  -6.700904190350971, -2.523037384002904, 19.52621062727182;
  -6.929698104979004, -2.798548652169081, 20.18363514665876;
  -6.67790552558158, -2.43481176581849, 19.54335135941312;
  -6.265549328333399, -3.816474405361673, 18.45090126729942;
  -6.649663056983223, -3.64379560508151, 19.5280465762302;
  -6.381499408894761, -3.981989666912658, 18.78135286734252;
  -6.537934094148043, -3.441016683020813, 19.29864548055003;
  -6.244877445734286, -3.747302831275214, 18.57412219035958;
  -6.682021537099475, -1.841925145042194, 19.83915785516651;
  -6.205755277678765, -3.658693041008534, 18.52825100018099;
  -6.826011460127221, -3.181244753200543, 20.34727370880732;
  -6.451137119274391, -4.427383376401624, 19.36770971037865;
  -6.722543700196918, -1.964914503920675, 20.1880836046304;
  -2.48308762664773, 0.2828487542761206, 8.164700513012756;
  -6.39507251212502, -4.583405886203077, 19.24849400166797;
  -6.648919109646419, -3.367287288406446, 20.01949833355119;
  -6.258773478099388, -3.518207316296385, 18.9176704556651;
  -6.364236308199637, -3.390744987903661, 19.2750494323792;
  -6.596043875688168, -4.832175874821698, 20.0987051950272;
  -6.055632849344648, -3.896156890594309, 18.56578494283627;
  -6.489378406380287, -2.809370539795892, 19.8624089623668;
  -6.446276767302302, -3.388849873961096, 19.79329125779548;
  -6.56029219069345, -2.598754061690693, 20.1543071645544;
  -6.829941752462955, -4.961883920102583, 21.05809450675517;
  -6.370675308192421, -2.742334243753929, 19.76627520975464;
  -6.646159137915449, -1.032815463022694, 20.70168771233043;
  -6.812391227577792, -3.020310009789304, 21.3754513604913;
  -6.427620629115853, -2.253411022899702, 20.34420609645026;
  -6.278795081197042, -2.971440858338367, 19.91442509805596;
  -6.663284363932188, -5.049792855738536, 21.15098133717055;
  -5.932476058931785, -4.013087996914634, 18.96120324489758;
  -6.436685020272809, -3.529906251105627, 20.58596134011049;
  -6.404403889020951, -3.41407004087499, 20.66046217216442;
  -6.111215395412675, -3.620023958667471, 19.8347736223922;
  -6.169440769460981, -1.480192379755288, 20.11921692873539;
  -5.979131453808937, -0.9245980029100557, 19.59792822425073;
  -6.006491433869551, -1.825200999977956, 19.78511243434763;
  -6.520620257133672, -4.736715627838991, 21.41668971025777;
  -5.637646041067566, -3.569323888202113, 18.85410061094859;
  -6.342485777432326, -4.861716309485709, 21.07178156607027;
  -6.097869894983859, -2.774349351686133, 20.40217321448229;
  -4.285260781719773, 1.651709777767742, 14.82428361542318;
  -6.204251527136788, -4.706444199288129, 20.88808102544131;
  -2.509890848245149, 0.2601626531070562, 9.158589012741658;
  -5.679411512879719, -3.974953593612193, 19.28777610972375;
  -5.615204811521375, -1.948127493836844, 19.18772133533157;
  -5.814330555276921, -1.682539096736487, 19.83156008557487;
  -5.821293968672727, -1.946253710268311, 19.94509105914221;
  -6.005765844137261, -3.24355547948514, 20.66774092480262;
  -4.148215071461939, 1.535678731928909, 14.68508014571735;
  -6.179161394116161, -4.562173536115412, 21.24873584166383;
  -5.46719709864499, -0.3911766994341515, 19.09945904816649;
  -5.742637234756026, -1.907354091886204, 20.06283602182378;
