m=[-2.398206363106225, -0.5463876352268178, 5.802369374815897;
  -2.171811156503183, -0.367400780070903, 5.774250577748606;
  -1.535182261732901, -0.3057470283302009, 5.538474451640207;
  -1.459807968613096, -0.2747757845715498, 5.475407600636445;
  -1.331038396238695, -0.330627432702979, 5.487782908522298;
  -1.304188960051791, -0.2964392576418586, 5.411720431853179;
  -1.182670200383711, -0.7646613306941934, 5.221619295211005;
  -1.138822289531409, -0.68849949343115, 5.115916762230833;
  -2.051037480960377, -0.4249811807013237, 10.66477300171929;
  -2.049755759547284, -0.1368927388122156, 10.71267252551842;
  -1.975571320171113, -0.2923469366344321, 10.53709461280177;
  -1.937333729090709, -0.1620170810953359, 10.6072095580143;
  -1.935324635739547, -0.4494923203700366, 10.6608448883759;
  -1.925358992341069, -0.2257713424156177, 10.68117358265309;
  -1.955549600327427, -0.4113339661920151, 10.86902045430905;
  -1.872617703653533, -0.5161610626234491, 10.68360081581926;
  -1.844267382665825, -0.3196138750618651, 10.60622853677519;
  -1.844480354078265, -0.4947308930538868, 10.71895957064599;
  -1.836600366901925, -0.4371059640659204, 10.71412103450867;
  -1.759821428107074, -0.4234917221643699, 10.5785970429892;
  -1.804197253069384, -2.131082355964245, 10.87735034249258;
  -1.788145889738815, -0.108724936636972, 10.82933534369377;
  -1.655952028959251, -0.5502695550417818, 10.42591739271896;
  -1.670303908222809, -1.165311044209135, 10.60097280005884;
  -1.663980798658356, -0.6049164650726234, 10.6402746673602;
  -1.629398014428337, -0.7324718477455289, 10.48838050889087;
  -1.596701474700733, -1.14916979432928, 10.50213068377939;
  -1.624527602900292, -0.4445632089444481, 10.6945905690672;
  -1.662566769041233, -0.3703877557120841, 10.92075807365866;
  -1.615519390934854, -1.576637272331409, 10.64056617866228;
  -1.620418696777789, -0.2413564158038064, 10.78446914751605;
  -1.589397512441934, -0.3344018243581131, 10.60388263593611;
  -1.613663870258201, -1.512246881872231, 10.73926453778018;
  -1.579477396535913, -0.160688992554317, 10.58202416100838;
  -1.668711035909345, -2.420223317695552, 11.11867980366737;
  -1.596579434871822, -1.064213477321738, 10.72172748936054;
  -1.559892551540377, -0.4808107136136081, 10.54317796532637;
  -1.541603380036221, -1.429535265003821, 10.51850057128454;
  -1.546984739294586, -0.4613881696455216, 10.53572023897099;
  -1.505730208798408, -1.691281227659022, 10.40870372427748;
  -1.556779886439076, -1.559624098317016, 10.78418654990985;
  -1.508651712105779, -0.5189480944997393, 10.54458941314836;
  -1.518406240407869, -0.2728279487362478, 10.63414552501056;
  -1.539587565434042, -0.1962893040910993, 10.82264341497129;
  -1.493384308918024, -0.3725599215128799, 10.54421098529979;
  -1.544115832480679, -0.7936341569030756, 10.89226596261984;
  -1.518543547924101, -1.103329972756386, 10.76921200557274;
  -1.483565563578475, -1.163897172442451, 10.65708673709611;
  -1.511290815056486, -1.405225806597054, 10.95159298641874;
  -1.564126111890571, -2.101550024739703, 11.32182498961639;
  -1.472025234293726, -0.5223476698615062, 10.75506767192653;
  -1.490189711377256, -1.07986985482058, 10.86379421858749;
  -1.517774764031641, -1.977652045879368, 11.05806395891117;
  -1.526117503021121, -1.855645223260601, 11.15031695690575;
  -1.448370918951256, -0.9360773318180421, 10.86114226383018;
  -1.386083930960716, -1.828949263562662, 10.49724819763681;
  -1.458176577237239, -1.801653312209023, 11.11652545636045;
  -1.391844887358139, -0.9326350339794355, 10.93151725446024;
  -1.416359918482648, -1.958891035038634, 11.15474168367146;
  -1.383189438034987, -1.871210688899015, 11.22269486617773;
  -1.375537572497841, -1.944178201068844, 11.22675991566305;
  -1.335670670884426, -0.918768293668206, 10.98439319108713;
  -1.344655660335902, -0.6375551342975846, 11.08965324475634;
  -1.313176649355109, -1.631097390563391, 11.29215082630526;
  -1.393927130323559, -1.799591810187267, 12.33235139453967;
  -1.590899136567229, -2.2404282280025, 14.89908343704822;
  -1.610217238381569, -2.56264122072371, 15.37753584890658;
  -1.459780794258304, -0.9830486967622332, 14.08814147736151;
  -1.500023238552446, -2.352537370614055, 14.98934711224564;
  -1.48568755075456, -1.501421035952902, 14.89050188914552;
  -1.489689383456558, -1.443142363233175, 15.0053493360708;
  -1.448187184131226, -2.161364956268369, 15.13604288464974;
  -1.476246519490532, -2.551740152692595, 15.60977916432105;
  -1.408551448224997, -1.963955460850077, 15.03072685659275;
  -1.392274897949538, -0.1850157396797847, 15.31348443352888;
  -1.353233687280605, -2.388286734938054, 14.94690143422757;
  -1.35059181190444, -1.735147665510951, 14.98444288224706;
  -1.350851795332185, -2.277767886408829, 14.98496996069646;
  -1.371203708928709, -1.169483024138293, 15.41864773096629;
  -1.608508692995743, -1.273778125689038, 18.55817404828423;
  -1.264875896827282, -1.305537231563609, 14.94689471265388;
  -1.321514281604895, -2.364832404981725, 15.55227022290185;
  -1.492193745611729, -0.2994847339534093, 17.65453460340564;
  -1.24552200274956, -1.771364777876461, 15.10742504294258;
  -1.318572852346287, -2.370673281743052, 16.01284783816032;
  -1.197932463196716, -1.131072538252157, 14.6955045597974;
  -1.242588018665046, -1.260105173982142, 15.21239837510031;
  -1.210663528063223, -1.062977573226232, 15.09780104170407;
  -1.252837494436671, -2.130731665059695, 15.54653608297132;
  -1.28599767437264, -0.1908556888537687, 16.29102688797908;
  -1.163695197276332, -1.293570609848578, 14.91755325550086;
  -1.173279971449555, -2.013685355186643, 15.42218134762657;
  -1.120419895372072, -0.7807050146282601, 14.91005598301069;
  -1.105101503968194, -1.268735582263904, 14.96435836941573;
  -1.14406735548758, -1.972851476098146, 15.61856260479087;
  -1.087462173700892, -1.165782569667184, 14.89904341493017;
  -1.258673532380837, -0.2138895408961634, 17.21073143216339;
  -1.061482719778241, -1.422587000600724, 14.68913530740693;
  -1.022944294851566, -1.03801250939722, 14.48109732386537;
  -0.998575914409078, -1.20518585911992, 14.63015791368744;
  -1.039927767756531, -1.870565895106393, 15.16096242391479;
  -0.9675250121012192, -0.80002817251501, 14.67384756982313;
  -0.9479997931858351, -1.421399601890993, 14.68989829856505;
  -0.907588509225876, -1.313507933973149, 14.52444614940375;
  -0.9568087270304981, -1.154015468390014, 15.48394046388444;
  -0.7652360122214462, -1.132905400220945, 14.50284335570527;
  -0.9036509630499399, -0.06944187487971158, 17.01605424211531;
  -0.2985617769502517, -0.1168062160804115, 15.7967227930239;
  -0.1659425879238951, -0.1504970457233221, 19.42327457606119;
  -0.004668134854301348, -0.332691750313604, 12.1101463864504;
  -0.009013815887875422, -0.1318667131144292, 14.82714425891269;
  0.05451411292255774, -0.2298742586726979, 11.03126788636657;
  0.09133972279561546, 0.02577504230013158, 15.0588654881109;
  0.08571258898630892, -0.1432826655299805, 11.20074039887549;
  0.2534345649956009, 0.1100937730437139, 20.46432594185853;
  0.1290310270025998, -0.06494614957353691, 8.29083514755494;
  0.3685369766142181, 0.03786926609556481, 21.83080475057297;
  0.1357575412229984, -0.1073713734481222, 7.852839331521729;
  -0.1148382940361145, 0.1273579535533621, -6.453520236500587;
  0.686532456273252, -0.1649126075615098, 32.86375675479757;
  0.7117694294795391, -0.1040351941304448, 23.78124952497285;
  0.8528729764045804, -0.115092845908154, 24.78689407429066;
  0.5059867528850121, 0.1478256014992619, 10.46998420723535;
  0.5251006934711385, 0.2165163581997484, 9.778851719732421;
  0.4793726411940848, 0.0750092723893256, 8.391571594582276;
  0.4658194522422444, 0.2592937848034654, 7.814817713561409;
  0.5267011538784298, 0.2217716930022301, 6.528444624966117;
  0.5541094961732402, 0.1353099084315933, 5.549862885375819;
  0.5788120783263965, -0.02706310636371838, 5.628925871267042;
  0.6004037239763103, 0.02572708149799428, 5.638070067933358;
