m=[-2.741934030380904, -0.5480358039720498, 5.088795776458964;
  -5.004986152467013, -2.311867003119766, 10.76943465336077;
  -11.05795639641823, -4.621755538185139, 23.54193253763094;
  -5.35926014838889, -2.946411746267045, 12.984876073715;
  -5.349324420046675, -2.664313593968355, 13.01502600394363;
  -5.134595757185625, -2.887902384259943, 12.74637855776245;
  -5.199168127279846, -2.526090935741527, 12.935447291423;
  -5.257371328934853, -2.613790403016841, 13.16844338898811;
  -4.312883248991524, -0.729601496561745, 11.46677440977364;
  -3.979148060172791, -1.427372120798341, 10.64384837561341;
  -3.901364778161204, -1.600885383145627, 10.53238424147221;
  -4.318916562626628, -0.6560303551487664, 11.602828999979;
  -3.964394908287894, -1.032208341389845, 10.72647262975628;
  -3.907511648702449, -1.513495197301234, 10.71798739199227;
  -3.577516224961034, -2.216487143539045, 9.952870712342003;
  -4.092986774054081, -0.7260270876467048, 11.29348226715917;
  -3.964926439184383, -1.714770771342067, 10.99031144958379;
  -3.510999714989242, -2.0620302288909, 9.841299830971513;
  -3.810767363244978, -0.7735360759528503, 10.63653630344171;
  -3.516717077869709, -2.274988195180261, 9.901078507337713;
  -3.804592099803717, -1.377515049045608, 10.67032996100818;
  -3.798176097710709, -1.444978338301314, 10.66011733168756;
  -3.750767666148986, -0.7980680410051134, 10.57210085047361;
  -3.993304477857875, -1.208068324569421, 11.19539243096855;
  -3.63271035184844, -1.435256167248156, 10.36105143673373;
  -3.709401494140467, -1.343834631255632, 10.57324315173247;
  -3.615184259936124, -1.215842077218139, 10.44189851723599;
  -3.640344734513837, -1.470148005853911, 10.60297127182141;
  -3.549379341538259, -1.29412890748822, 10.38750358384014;
  -3.330867874345462, -2.07842712310023, 9.803057384191147;
  -3.25196371905064, -2.003304551883274, 9.622562825278219;
  -3.438306343559805, -1.809634254361095, 10.14917774060761;
  -3.512229083788159, -1.422528188975699, 10.39877808087624;
  -3.478101632222063, -1.620960151215226, 10.36767756855668;
  -3.617785530472343, -1.05743295661897, 10.86436325444168;
  -1.791745992362557, 0.2040979611352549, 5.891483355656265;
  -3.350760781504493, -1.7852221029116, 10.14828434581607;
  -3.453427126856135, -1.495051732841274, 10.57010049651407;
  -3.402823598912524, -1.788886630307129, 10.44836903897969;
  -3.526306536746838, -1.396889523935764, 10.83339934138808;
  -3.345452881246574, -1.524665633500909, 10.38406826733135;
  -3.403058259780052, -1.464887590061844, 10.55865867644207;
  -3.34109252029918, -1.481291200928251, 10.48344968348941;
  -3.469853461164707, -1.216469746490121, 10.98251094948742;
  -3.407765474082038, -1.816617161096971, 10.99337438564371;
  -3.284181914510605, -0.7879516515746453, 10.71007419319811;
  -3.294583756832646, -1.047198105164999, 10.76375097226057;
  -3.243664167744851, -0.501592151766, 10.63182805632106;
  -3.315217246739271, -1.065139062990314, 10.84754112719429;
  -3.139647207515461, -1.987783145071289, 10.49998951728634;
  -3.120110480608717, -0.9028911961321068, 10.64209505833241;
  -3.187159777377677, -1.105746593039785, 10.89084649842562;
  -3.128195697769869, -1.045860682520749, 10.71791742155611;
  -3.206100161134559, -1.731530002219067, 11.03320529453904;
  -2.892934660685401, -0.2069888119683931, 10.10636457472449;
  -3.057428152572064, -1.015491290684698, 10.68162190401132;
  -3.155200232050722, -1.799610451190857, 11.02116944417353;
  -3.02973399904592, -1.672879528199838, 10.66667051903163;
  -2.993561831668338, -1.093151348939812, 10.6127429328676;
  -2.853218581234887, -1.232792996137037, 10.21718614468767;
  -2.809510483531276, -1.16093736800985, 10.09196790843949;
  -2.962662194310554, -1.156795861611564, 10.60358995625354;
  -2.873272408847747, -0.9846169561298307, 10.39986525940245;
  -2.955780372185879, -1.461555335986829, 10.67766888119725;
  -3.05842055174952, -0.6091152942490965, 11.03385865670144;
  -3.016933764784304, -2.33874039145707, 10.97906190812524;
  -2.80958854422914, -1.122412123244238, 10.41353481922383;
  -2.839532515824963, -0.607929538071654, 10.5519820262574;
  -2.928056199234996, -0.5511402572892961, 10.98247270400476;
  -2.742478659042275, -1.043546287126396, 10.46553106318392;
  -2.848031352192125, -0.6753027410248708, 10.83859997488476;
  -2.621371870011386, -1.231339597294537, 10.18697847345999;
  -2.780059433751716, -0.5799144822576892, 10.79961728143342;
  -2.671764135676604, -1.914286301172478, 10.36898705695562;
  -2.636566074258504, -1.898371853295437, 10.31836937374907;
  -2.606391425829752, -1.197602254423586, 10.22477351035057;
  -2.56068103480264, -0.9471505896012121, 10.09478653032017;
  -2.714439720502769, -0.64525368448489, 10.71977757368394;
  -2.658950895628666, -2.12659582985562, 10.5535444916656;
  -2.968440584837192, -0.5509390068237207, 11.79401726059995;
  -2.488556206907895, -1.87887696692925, 10.29027923190701;
  -2.62838570059724, -0.6528860615872464, 10.83665968277243;
  -2.59672920053686, -0.5902307871656229, 10.7751046059898;
  -2.66639512685199, -2.595208533860177, 11.05105980152719;
  -2.408293174692265, -1.339157109087841, 10.18836445555023;
  -2.588623761169481, -0.6684822851553106, 10.90955245583935;
  -2.35735260337737, -1.983783282677111, 10.04271619351602;
  -2.399180873356548, -1.508605210637981, 10.21883984430076;
  -2.44812645900211, -1.592270140882561, 10.42160976576476;
  -2.429172591113269, -1.483313540746887, 10.39233140413603;
  -2.476429991428708, -0.7266714851544754, 10.67736785297762;
  -2.572863000956911, -2.476891716412468, 11.09620078520234;
  -2.361492842466168, -1.424570100482616, 10.29285983681216;
  -2.360619404762369, -1.217114003233664, 10.29681308409652;
  -2.334088664542995, -1.958170167945634, 10.19029501163258;
  -2.515124019846102, -2.50875690330422, 10.96368341214171;
  -2.339119636857992, -1.512369495394776, 10.32747102756279;
  -2.473218296531868, -0.820565962691804, 10.88151580349348;
  -2.786011000268314, -2.571498726190491, 12.09453574797201;
  -2.220821523375432, -1.342645387169346, 9.976568040334295;
  -2.307292795424787, -1.966234393298763, 10.41867359329821;
  -2.129813054883412, -1.30625783435341, 9.874765508198257;
  -2.217961185524173, -1.343716530034623, 10.31922401651069;
  -2.228361292666059, -1.409391028302749, 10.38150550946541;
  -2.203627512630627, -1.037222306804448, 10.59341731050426;
  -2.15286772388648, -1.663768779543387, 10.79850255109933;
  -2.217266460734743, -2.028146543704002, 11.31404919917233;
  -0.9196341107872709, 0.8147733394976826, 5.414474075077495;
  -3.30924815924148, 0.4760683343548361, 17.0098363440561;
  -4.398897043105968, -0.4320822837304607, 22.39278838915485;
  -4.467091216030897, -0.2039629785930712, 22.76286754891455;
  -4.447277301278514, -0.004797877292339623, 22.87547289037226;
  -0.9110219247625477, 0.8113507161513668, 5.511894680596043;
  -4.260270068124528, -0.8827408667394545, 22.15211258903609;
  -4.099108780638066, 0.4035103133806076, 21.47177107828716;
  -4.333098084329117, -0.2893855336387917, 22.64614239143365;
  -4.226840881011004, -0.4343000407596252, 22.11887011197072;
  -4.112955179454385, -4.46484430943704, 22.20453076493857;
  -4.544614358492814, -0.06779399778756375, 24.64154171281993;
  -4.092345468722787, -0.3422383339123428, 22.40624076209453;
  -4.034159988904458, -4.200074006281688, 22.19247332578982;
  -4.042608966052795, -4.89418378410535, 22.3953353052611;
  -4.215072921419771, -0.8866063342325142, 23.4275386273224;
  -4.025834849946581, -5.199524910644592, 22.57049900874268;
  -4.001994545630068, -0.1875165853662478, 22.83263661542301;
  -3.859261739150746, -0.6688149510864413, 22.19429371976378;
  -3.794932057339418, -0.3584497048393439, 21.939479858883;
  -3.726165113540944, -0.9994408399158949, 21.65412774242113;
  -3.855367465977317, -0.9175671220664579, 22.49094272624293;
  -3.696322069571688, -5.064827390386255, 21.55240642374928;
  -3.772747432059444, -4.633803250237247, 22.03407181470487;
