m=[-3.717376438246411, -1.739710272147766, 8.441807447484731;
  -8.010540793106085, -3.294967785703801, 17.27292590811844;
  -2.81285347964517, -0.4758445777167528, 7.478606407066542;
  -2.829579958486973, -0.4003010878275664, 7.580405744579523;
  -2.454902766241679, -0.6346384019185315, 6.896457755191858;
  -2.455347626656839, -0.5224355771426613, 6.920765305263257;
  -2.361383477037964, -0.79416958732863, 6.820489594614452;
  -2.331063241130153, -0.9413965504353589, 6.789520878110659;
  -2.344040950496778, -0.8825828246064372, 6.830456908227072;
  -2.317575621203659, -0.8450045256052536, 6.78254499014474;
  -2.25334553194554, -1.185970897898047, 6.651415560325422;
  -2.299460165641268, -0.9313307381201357, 6.808091214405732;
  -1.055588347968154, 0.2395646577603443, 3.876303768515504;
  -2.1356509922848, -0.5123923614348874, 6.964590017710946;
  -2.162500553042954, -0.6135145944877685, 7.068303465121812;
  -2.205937014279679, -0.7011668945056229, 7.207027787032398;
  -2.193395527106221, -0.7047113605622495, 7.176889602601649;
  -2.046547553432993, -0.5922257496791759, 6.980378977087521;
  -2.054129484339096, -0.7126554166165268, 7.019167680458677;
  -2.067875065432859, -0.3995075811407162, 7.162434694729345;
  -1.948545844876154, -0.7115455228831316, 6.907963592338132;
  -1.866818598676747, -0.8065981725490492, 6.684953352851833;
  -1.921479889398978, -0.7502576528958092, 6.877120481538926;
  -1.863953761573775, -0.6387422485372736, 6.746616822836309;
  -1.911815615872219, -0.9453423336506504, 6.906377178859619;
  -1.979353205405555, -0.3942081508194882, 7.140909214607738;
  -1.930246798033139, -0.437035817565161, 6.99425546924197;
  -1.84503209293269, -0.8772568142357229, 6.730679840956461;
  -1.820328010526648, -0.7272090539708369, 6.746912874115744;
  -1.775388484002874, -0.675556783123759, 6.775032967818862;
  -1.847060312131744, -0.4379603794251619, 7.02925824088023;
  -1.767605113966726, -0.9199184093271678, 6.784667144157515;
  -1.726585889305375, -0.7232946485807904, 6.674333051500907;
  -1.815033154996759, -1.354378682449562, 7.017122536260651;
  -1.802592986468331, -0.3760170612821807, 7.002481361264546;
  -1.723903339262889, -1.241239356377237, 6.746605591576737;
  -1.689412842901927, -0.7762627705343227, 6.627501730155704;
  -1.676648192678379, -0.6201624890667139, 6.609728178363247;
  -1.77191905934258, -0.4212056333444866, 6.997605454729179;
  -1.69684978876782, -0.4214942941753333, 6.995998985035893;
  -1.561120252708593, -0.8680775690122766, 6.604371203920474;
  -1.581159513936963, -1.028391761690461, 6.730954347184365;
  -1.557115317096473, -0.9508135580004503, 6.661551537722072;
  -1.598605903112775, -0.4690870849619629, 6.892544242540515;
  -1.520988920863169, -0.9175362723370327, 6.629419109074884;
  -1.522589974279009, -0.7850336124237334, 6.641402818786236;
  -1.517216117294275, -0.9809636658000783, 6.698676393891177;
  -1.452438978893788, -0.8781032039858481, 6.524772992718303;
  -1.400443967269233, -0.9182163716101873, 6.515825916502861;
  -1.393006437350518, -1.076536470147277, 6.987137853630868;
  -2.792228053832716, -0.2742669951976042, 14.21396575801409;
  -2.799318501274525, -0.1278141215253606, 14.2644314141306;
  -2.879410583680171, -0.003106408195142203, 14.81083240037469;
  -2.696558681854795, -0.5587351294567565, 14.02128751656505;
  -2.699617328852217, -0.1802936804398197, 14.10905482446161;
  -2.65909799688221, -0.2732173746160886, 13.9149414098529;
  -1.281523993069178, -1.048760441374705, 7.27316788431446;
  -2.563564883569593, -0.3793587874672437, 13.67327286462595;
  -2.73563911419365, -0.1608116315196581, 14.68829667131548;
  -2.538206742830639, -0.2122674279164762, 13.89708464705561;
  -2.552907842947846, -0.5929302241218007, 14.06283681062384;
  -2.656201059171396, -3.215729312502179, 14.71488186412839;
  -2.450103692104193, -0.6753370550682981, 13.97825608117242;
  -2.485438696482957, -0.1164571745882393, 14.1802088782636;
  -2.405674845542442, -0.6452558099092566, 13.98026894267225;
  -2.461979178545061, -3.373488387471762, 14.35523606008718;
  -2.30335701206055, -0.5542906866670732, 13.84588531970622;
  -2.406834799050902, -2.842905987830409, 14.51060036880157;
  -2.406089426376345, -0.1462978618952994, 14.57171331191055;
  -2.311710799064005, -2.72039639108239, 14.26467154373315;
  -2.33623491011577, -3.030533863976319, 14.52869449365623;
  -2.241013473413074, -0.7446843056393846, 14.10947958707435;
  -2.164461722025461, -1.510067202158361, 13.73726046439905;
  -2.130161024882928, -0.9575824740641544, 13.71177525462962;
  -2.239472745438168, -0.1022717093499341, 14.44271071832862;
  -2.271644444955128, -2.195185517356233, 14.60638974504985;
  -2.13264444775083, -1.692916159272233, 13.98468917584444;
  -2.156174118488157, -0.4803539367816533, 14.16307383929759;
  -2.124789103920319, -0.5814632270221829, 13.9879122222817;
  -2.120606516249457, -0.3158578638409482, 14.11339895916414;
  -2.124118505482261, -1.990620008198282, 14.13644499354022;
  -2.086312725811132, -0.21225216061914, 13.97766863924265;
  -2.219955236633942, -3.219723075070319, 14.79163912951335;
  -2.057710849414532, -0.0674892330111974, 13.88820248172137;
  -2.022744457577544, -0.623477049842593, 13.67155370641283;
  -2.008176364492829, -0.5989385632603229, 13.67666004026516;
  -2.021662986163082, -1.874696546530115, 13.79399108115704;
  -1.942156907070359, -2.181488754693755, 13.42560288266154;
  -1.995072039724947, -1.101973146874543, 13.80845509407463;
  -2.060125937650569, -2.063889754689162, 14.27098501301271;
  -1.860098439582301, -0.6398392240285956, 13.00099562811359;
  -2.028166335785195, -2.94917755182826, 14.15285907232648;
  -2.009469017668085, -0.2561967139293523, 14.1257094561706;
  -1.91724792469884, -0.4783026928038661, 13.53694859951982;
  -2.030199803698785, -1.043468291471867, 14.32112523813686;
  -1.994113109092804, -1.448865108502297, 14.14185774538325;
  -2.087299779749926, -2.280359943765656, 14.87176999142644;
  -1.950309710268358, -1.530070536075991, 14.00990981240935;
  -1.910999367987907, -0.573654844222212, 13.76397309693491;
  -2.000991292120356, -1.120011914078842, 14.4399826833332;
  -1.982917347659485, -1.843752771815756, 14.36924217425618;
  -1.858836269104748, -0.6596074382425814, 13.58122768516605;
  -2.078243672579043, -2.792315151777979, 15.04323146825881;
  -1.959792252249573, -1.420168558914092, 14.2872948169426;
  -2.020830414411225, -2.633130750454548, 14.7231806077166;
  -2.008043507290771, -2.441631352125325, 14.67142702001951;
  -1.978798876846261, -2.082480344939528, 14.53468126098017;
  -1.915269497283605, -1.237832337884752, 14.36235304878544;
  -1.915754630988831, -2.527854153164616, 14.5086104802638;
  -1.972139571539066, -2.727893808695418, 15.20809663640618;
  -1.824251831165095, -2.097286842019781, 14.19980747268558;
  -1.838112277989278, -1.231665915082275, 14.43649092293195;
  -1.894807773936804, -2.620606466654817, 14.92282504091247;
  -1.674895230003332, -1.671255463204809, 13.32604347210099;
  -1.83075886721858, -2.476692972730326, 14.85411005562032;
  -1.851100313623769, -2.616336296218969, 15.10817240936925;
  -1.75176529332962, -1.204987460265124, 14.40630477248655;
  -1.756357544961956, -0.83275949634055, 14.48504380859414;
  -1.811399934212469, -1.888556409751401, 15.23287657509107;
  -1.732986270092769, -2.152543136080478, 14.90214005207448;
  -2.254299025077324, -3.121497571004964, 19.24828185342106;
  -1.419853800728676, -0.6421817263448824, 13.83505373336582;
  -1.974448308266586, -1.329637192036117, 19.05512609564772;
  -1.961254362427422, -1.712937330990758, 19.13277904524105;
  -2.006271537259064, -2.027518025808617, 20.10812441722501;
  -1.872518364504159, -1.746632694081925, 20.18516512640663;
  -1.896908006453374, -0.2520751027224201, 20.86389065222727;
  -2.223263467492741, -0.4462111371452222, 26.30401175099906;
  -1.686131509769585, -1.480444350431905, 21.02721150390508;
  -1.947417756180634, -0.2890174412821029, 24.66990077843143;
