m=[-25.16128231406439, -6.068372375254952, 31.62072830919386;
  -23.38686968023172, -6.007137228517599, 31.17876203162808;
  -23.2028866730586, -5.5536238067687, 30.95715009976607;
  -20.70761056768794, -2.829918975041133, 27.727715436745;
  -20.51071395801915, -2.666797576914709, 27.50609670325266;
  -20.68474094301438, -2.424266543782555, 27.75914914399303;
  -21.0921877247101, -2.600335291253218, 28.4031066791223;
  -18.7418213017685, 0.6789293787591514, 25.449984968236;
  -19.38188812135396, 1.162872778641709, 26.31550483097694;
  -22.87628166488295, -5.970750090404509, 31.00903885000514;
  -20.89269501556248, -2.804699833722249, 28.38575145274587;
  -20.81451738686431, -2.676733810094064, 28.50387206592992;
  -20.86127510488132, -2.873667240711814, 28.65560865360413;
  -20.20460768936896, -2.451978057322639, 27.80270795815114;
  -19.76126062197251, -2.618721618837104, 27.314281896094;
  -18.90204239125317, 1.108382974337336, 26.23377886189017;
  -18.78099666481278, 3.161284448160519, 26.06993181406006;
  -20.17244827012159, -2.486649431823797, 28.04412768638806;
  -20.46494004884355, -2.873554885182528, 28.47838592012242;
  -19.28243796603273, 2.929990838546364, 26.86531749077742;
  -19.43373080689889, -0.04777121608913843, 27.09772406863264;
  -20.87890564018413, -2.860658729883746, 29.276234597974;
  -18.9141417606388, 0.2637699586361864, 26.62484210212353;
  -20.07792100056304, -3.286608496663507, 28.25157998270489;
  -20.19723743249201, -3.104815892869748, 28.48552485576648;
  -20.28604595774263, -2.57318054516046, 28.65600187825176;
  -18.92493236622736, -0.9588048253921442, 26.84177878195708;
  -20.28646987596448, -2.93795104817981, 28.73060760835619;
  -18.91458950613918, -0.3044782951612357, 26.88149444158692;
  -19.7853861097066, -2.746903610828268, 28.43335965628032;
  -18.86381335704779, -2.406442675957626, 27.3477761400706;
  -19.27123511436172, 1.169874850981078, 27.92236263415046;
  -18.26421246833188, -2.752601669514895, 26.70866796413696;
  -19.31743360996633, -2.62811290997479, 28.28686396793249;
  -18.17185935116067, -2.728320168352401, 26.91896755453271;
  -19.5391384048305, -0.6560646672170682, 28.86963237614478;
  -18.47570988978192, -0.1796221090748663, 27.41102716519609;
  -18.84216994286538, 3.064214346329635, 28.20547422039986;
  -19.23991846795569, 1.126815215745307, 28.9816300881787;
  -18.42131743934199, -2.83393826909797, 27.91275917933651;
  -19.18122482252516, -1.908535725265677, 29.17560028007587;
  -19.25181685249345, -2.087178715364883, 29.28974902423922;
  -18.43806781161848, 1.042281237601122, 28.21761652939036;
  -18.98544876091379, 0.5731863156673698, 29.09144754193447;
  -20.08157161037952, -1.647251116221365, 30.77900289303268;
  -16.98079114154293, 3.044905332581406, 26.25229662853474;
  -18.38764250071095, -2.313190046764855, 28.47924246892232;
  -19.38418986510714, -1.912632899936426, 30.03661795077592;
  -18.31153046555801, -2.232574865122785, 28.46047938468185;
  -19.26143317034685, -1.680893032443906, 29.98980283188425;
  -19.73154457954196, -2.876945861211049, 30.77928593949134;
  -19.71627339587455, -0.291015493074623, 30.73615532038186;
  -20.33452855734096, -1.593889158032133, 31.82844229834601;
  -13.85813005385929, 3.337246848213349, 21.98283199869337;
  -19.6231161195087, -0.4590307968429492, 30.79958754260843;
  -19.34293025382573, -2.727032324662056, 30.43600674126431;
  -19.02702786205369, -1.240179087480223, 30.01193907462005;
  -18.97642962258459, -1.040619889963412, 30.02353492731336;
  -18.31997162826893, -2.05569444082908, 29.07616969759381;
  -18.72266218500907, -0.8882325679015943, 29.67779153394271;
  -18.92048139064303, -0.3036322522028709, 30.03555544400584;
  -18.17601875706863, -0.6431825854224682, 29.02911763453905;
  -18.27444325890658, 2.826709389774516, 29.37998612570305;
  -19.30202052002784, -2.696650240317262, 31.03479340997892;
  -18.97147449837408, -7.071409295073579, 30.70189162141817;
  -18.39799888518309, -0.4084619174239225, 29.90271980516364;
  -18.76506359495126, -0.6850975404918617, 30.55214793975824;
  -19.45418145684443, 0.9185813176869199, 31.85905432045427;
  -18.16222685161269, 1.789409190505805, 29.81791546171937;
  -18.72369200705499, -0.5139860825769345, 30.74915027664877;
  -19.04949601282969, 1.132593616639807, 31.28559968586896;
  -19.23407110350126, 1.55752685337968, 31.80059538898991;
  -19.15234428121106, 1.260776678185346, 31.67489581076809;
  -18.80797291835199, 1.808336927846612, 31.14065928786913;
  -19.08871362798461, -0.9537555914475027, 31.69891897222135;
  -19.33029410243254, -7.194568048431427, 32.20167468946712;
  -19.22026012873655, 0.4978211875196034, 31.95243010623316;
  -18.14808922327429, 2.845796251759264, 30.3984202751485;
  -18.95107092830222, 1.899267399074588, 31.75720970597742;
  -19.24658652922625, -7.368208094214601, 32.48207014164073;
  -18.65574563400802, 2.4904489875429, 31.45843556691084;
  -18.92891938639266, 1.419748264508288, 31.92817090350771;
  -18.81576927258092, 1.046180523619471, 31.77987897580891;
  -18.81705152696604, 1.620612646982281, 31.91456109885278;
  -19.15619571968905, -7.211732232738425, 32.72651022227667;
  -12.83699725564493, 3.166750977773664, 22.28924388035147;
  -18.09844665239279, 2.50936832791434, 31.10213587040079;
  -19.39964876022844, -7.075690530317826, 33.60312002830604;
  -13.72578562283988, 3.153368345373282, 24.04729426469617;
  -18.91376793543887, 2.041918658989574, 32.83668951336811;
  -19.69278958781235, -7.051322878383912, 34.35594521312568;
  -18.35349657057534, 1.066465075910789, 32.0855266549603;
  -19.07299638671486, 2.320380848303859, 33.29103503066548;
  -19.77629962977311, -7.257640768382352, 34.63515855449921;
  -19.22379420960538, -7.258207213582028, 33.93173487666872;
  -19.32824057174895, -5.519435224510359, 34.19865205607863;
  -19.09660393784285, -4.028261185835834, 33.91521914789841;
  -18.00614218297476, 0.8627092808113269, 31.97294780982861;
  -18.43657301837414, -3.475439498883411, 33.04166885470463;
  -16.43696242537337, 3.083655610060972, 29.60116614378004;
  -13.53656920319209, 3.105157937890097, 24.66424365791223;
  -19.36363917442823, 1.40512659715515, 35.03891307076888;
  -19.27701476347338, -5.627228219626663, 35.56210929835185;
  -19.55068991425263, -7.385386319978738, 36.17824419932303;
  -18.74606581773907, -0.6152735540352831, 34.76708740184861;
  -17.73102035596315, 2.651764441303683, 32.97209242915294;
  -18.9716145319064, -5.181484533982098, 35.46422357685767;
  -17.98899687047243, 2.252615448048109, 33.64345089002519;
  -18.80567108603142, -2.678400699632193, 35.23774520076537;
  -18.94338524403309, -1.085080608680454, 35.53108507882592;
  -19.24942956536058, -0.3670408223714684, 36.10548963630559;
  -19.22684786209239, -5.991661392385038, 36.15099792886714;
  -18.68409779710026, -6.917075157926581, 35.27861298181211;
  -18.16924884432455, -5.937042365178423, 34.38713596856465;
  -19.08957824582416, -2.47486352587277, 36.29559258968938;
  -19.12770235489235, 2.012712402262668, 36.38810896307862;
  -14.23069130196481, 3.124490923930564, 27.34144031501183;
  -16.65148103217296, 2.296259020228326, 31.86841828710951;
  -19.40168724312985, -7.325038679247203, 37.16650643703692;
  -18.66575464926059, -3.902209880448578, 35.94188410044492;
  -18.62050178987287, -1.349017854732026, 35.88937197087674;
  -15.44866127613225, 2.699399512939209, 29.91935713556823;
  -15.74951980698844, 2.892659090361492, 30.50528911226399;
  -18.16524537183374, 1.914852697632246, 35.11489868307732;
  -18.96772573545145, -4.091274208969532, 36.82270439836832;
  -18.8710489030853, -2.40015533036593, 36.65158758883592;
  -19.29222293139446, 1.580747582646485, 37.43085350860132;
  -19.34087075790197, -6.081120268021418, 37.62740156712944;
  -17.72508962850364, -4.02415123867723, 34.57703530737814;
  -14.54508299948333, 2.882164514823082, 28.54483549486742;
  -19.28984083465805, -5.553631935991646, 37.82734299456971;
  -12.92386243844659, 2.99940569845477, 25.91771725947172;
