m=[-9.735599576669671, 1.638730898286477, 13.51400150175686;
  -10.51847334795556, -1.393886456961452, 14.53877622681402;
  -9.84202797607024, 1.495508599763223, 13.71243650808132;
  -10.44669424611942, -1.466857426080806, 14.53730084820467;
  -10.33791953555461, -1.69224165103671, 14.54645431692346;
  -10.34882440642735, -1.590870761260814, 14.59564437178954;
  -9.748103632275607, -0.3677500627100421, 13.81176837224895;
  -9.70818749243133, -0.4918515339143799, 13.76940302891827;
  -10.32124513371787, -1.309196835856435, 14.57975696958482;
  -9.699350037827353, -0.1561356413646299, 13.7847572131679;
  -9.940936243181623, 0.3284327537597987, 14.31757885179635;
  -9.55250136963344, -1.218605513261247, 13.84871998518;
  -9.862709760288304, 0.598723228823471, 14.29021839274396;
  -9.400453672254409, -1.416743509598923, 13.74675181203836;
  -9.41252239524705, -1.413194664880615, 13.94328340692249;
  -9.534971624505614, -0.09269964311952712, 14.1463233498403;
  -9.415401794677111, -1.251973857334013, 14.00456008819016;
  -9.819417973858396, -1.090962797994376, 14.73400103037876;
  -9.811686781741788, 0.5746364245881591, 14.77961963940314;
  -9.270282682205455, -1.426141693989321, 14.04672433906104;
  -9.589573316203875, 1.399708673835632, 14.59003475464035;
  -10.03011120735005, -1.087410855044176, 15.25982935529757;
  -8.663707711623042, 1.553530079438375, 13.39408881792452;
  -10.04097948385441, -0.8236414451838026, 15.3897982975943;
  -7.275422982821247, 1.752031646728381, 11.5408356343324;
  -10.11275214224769, -0.9978225858684134, 15.67013502454185;
  -10.01286208362476, -0.8737953174272313, 15.58989702453947;
  -10.15949797000479, -1.481299424835288, 15.84782639594646;
  -9.821289231548814, -0.3491600465137576, 15.35332509628902;
  -10.26463379294804, -0.8045767310323884, 16.06662792654491;
  -9.608974614991455, 1.483909159954856, 15.09965818624418;
  -10.08082672209648, -0.2358142251667772, 15.8224261242791;
  -10.01835214266733, -1.412421477738496, 15.76382840393454;
  -9.797892914594478, -0.6386253272001664, 15.45452959570755;
  -9.782614973651162, -0.53645411280738, 15.47755232060726;
  -9.604326087242063, -0.4556443490320422, 15.2240736186225;
  -9.552858943890145, -0.216782794215997, 15.28552925534027;
  -9.770688777980574, -0.1301818828262686, 15.63170978549492;
  -9.878899826020914, 0.4686694964771281, 15.95574505867214;
  -9.777615709549915, 0.7071170472792945, 15.92622020996669;
  -9.925046114053552, 0.4686376529269598, 16.25370792300276;
  -9.871667523735706, 0.5869230144169435, 16.21255691864953;
  -9.827799767836149, 0.6469526948363567, 16.25359951369968;
  -9.689901504215868, 0.9316584404570362, 16.04372372215417;
  -9.92845965260749, 0.8039817695598465, 16.41518982380221;
  -9.892924197935436, 0.2562352038562852, 16.44634187381177;
  -9.875519560258471, -3.675582850079564, 16.4512897001859;
  -9.433811298564436, 1.479313028659177, 15.80182668941421;
  -9.787008325698213, 0.9808493629618562, 16.4005547216423;
  -9.572358263309155, 1.277862081363215, 16.14148378506822;
  -9.754426104773689, 0.7316228280565356, 16.45318347981002;
  -9.960689253262057, -3.813270008600969, 16.81045137496141;
  -9.825448750145098, 0.5463073536516162, 16.59520626763049;
  -6.780563728908023, 1.672693106554485, 11.77328588532936;
  -9.694312087485724, 0.6733563260075051, 16.44092626981588;
  -9.809682743967549, 0.8448558423180829, 16.63766073255751;
  -9.574777340749051, 1.472508603192047, 16.26230668137909;
  -9.632787686941139, 1.125369235102009, 16.406550932515;
  -9.727115005710735, 1.060151619415586, 16.58038575258251;
  -9.804321897787544, -3.691032670842086, 16.74973703054457;
  -7.057793134899275, 1.621460663260707, 12.36510849272319;
  -9.396496818939323, 0.6481680554450194, 16.13746501105385;
  -9.447474423720891, 1.309902090107366, 16.23546146264743;
  -9.684163849763509, 1.045496324637314, 16.81293133217716;
  -9.986098021042782, -3.575684446714573, 17.4216981791233;
  -9.492392013387203, 0.5515736214189189, 16.59457072899978;
  -9.865176037446222, 1.200176683218002, 17.2192095246798;
  -10.09560716276708, -3.704954490867606, 17.68090903416331;
  -10.01432792542783, -2.762668260487142, 17.5727260142662;
  -9.902737623287129, -3.738914434260801, 17.47922724946237;
  -9.895457030243373, -2.825778885181363, 17.50864444474102;
  -9.942995690900952, -2.097387773394521, 17.65857840174736;
  -6.970533285366789, 1.598972859185011, 12.70062811301791;
  -9.940267789344008, -2.879069265114178, 17.79817850724012;
  -9.825938290934884, -1.852266905344732, 17.60985617404421;
  -9.822255564480907, 0.7127540651518478, 17.77357839518226;
  -9.955286997513547, -3.760667307668737, 18.4221020153272;
  -9.796415778884553, -2.675574962867843, 18.31274185177674;
  -9.695062399302694, -1.380820806366129, 18.16644229122505;
  -9.744898656753927, -3.393776764059088, 18.28869849568973;
  -9.73880064651406, -0.5578403013614294, 18.26654264163322;
  -9.888865417478289, -3.081666509319754, 18.59339376845722;
  -7.095160380257866, 1.557813583440365, 13.63193817825792;
  -9.662002146749989, -3.576988075682733, 18.2434302189069;
  -9.450928459784466, -3.088215871595476, 17.88683532050922;
  -9.623820744946414, 0.917626221403829, 18.25365522867074;
  -9.811951745203963, -1.272067993285337, 18.65576067043378;
  -7.9742348145652, 1.285462598454361, 15.3648197815839;
  -7.971871774602849, 1.392953499396316, 15.43909044285896;
  -8.055827067948934, 1.479585516514774, 15.60335405509577;
  -9.639679381709323, -2.015244110644766, 18.56170541256792;
  -9.585164625761433, -0.694425873513813, 18.47455791138431;
  -7.527794719908876, 1.491661671326635, 14.77335412431565;
  -9.659306172515175, -2.08347963120793, 18.75194637694898;
  -9.970098971676082, 0.8169203675630556, 19.34402870017476;
  -9.939689456496767, -3.125218495503668, 19.33753093714056;
  -6.718720466794694, 1.559299207215248, 13.47382783074106;
  -9.877395559211927, -2.843746606944663, 19.3695548301279;
  -7.397983580962758, 1.242888715539026, 14.96950442602916;
  -9.85802753328133, -0.3779451586392624, 19.63298972941752;
  -9.8005149040753, -0.5653786479923897, 19.57696944471132;
  -9.700801201646812, -0.9064255323194691, 19.39054947742877;
  -9.835622909488144, -2.661278597182737, 19.72356685477831;
  -9.783681997303956, -1.259392343532577, 19.71717467642815;
  -9.91557620503867, -3.864890346034333, 20.0425216699652;
  -9.545711280855903, -2.776379592262753, 19.54280370867359;
  -9.805392619911368, -1.413899822579501, 20.05282210012301;
  -9.690422271415708, -1.853834908205796, 19.83678067694371;
  -9.639835158112328, -2.033993942243497, 19.77621243082562;
  -9.71947723617661, -1.87632076155575, 20.09097560542052;
  -9.922526455910001, -1.296737449889436, 20.55537405186471;
  -9.626480106263323, -1.837637200625473, 20.19764926869199;
  -9.70587174274346, -2.786430506592164, 20.44077500064849;
  -9.990942658767573, -1.993014348567813, 21.04705483685815;
  -9.567817640427062, -2.110802013311749, 20.24971058825071;
  -9.700657862865768, -1.74722953642564, 20.52557712313815;
  -6.966971789256102, 0.9360375128646014, 15.0524507618671;
  -6.983709395622832, 1.113290814119476, 15.37793518433792;
  -9.688144684202346, -3.809273699280002, 21.35227257851887;
  -9.766064996797681, -3.630006912874585, 21.57711170312101;
  -9.936290632178245, -3.774575733303262, 22.10163476025481;
  -9.680166180793494, -3.633929067075932, 21.9596436842208;
  -10.04527994933976, -3.399597902560767, 22.83342363939817;
  -9.763891575819303, -0.3285135184014793, 22.30534117945948;
  -9.988717760558743, -3.162883687429137, 23.08558111887597;
  -10.04991239504435, -3.050307583724951, 23.57433221110692;
  -9.481968068924378, -4.204173566509293, 22.66942699212656;
  -10.02480352318959, -3.215967904594093, 23.94695896929686;
  -10.17785057143457, -3.556154600503613, 24.56856078399487;
  -6.179325045584502, 0.8414581555518579, 15.3583058204115;
  -9.861793023116618, -3.741698103309029, 23.91946404869712;
