m=[-1.627651396869542, -0.3503659363937448, 7.951629200368537;
  -1.647649259689377, -0.1719320163763154, 8.046068179058201;
  -1.569628488445277, -0.3088402060097052, 7.92631339898166;
  -1.56403145390508, -0.1460507774435139, 7.944658404970706;
  -1.528980883004337, -0.2775881627060085, 7.902507904753916;
  -1.538460386917373, -0.2123407689447096, 7.952694343309784;
  -1.508182582790524, -0.1111728843051544, 8.003551344622414;
  -1.477987963106834, -0.343102461355675, 7.877999398374192;
  -1.475678927467033, -0.2945792446042885, 7.970321281343029;
  -1.420942876455629, -0.3752523549010406, 7.874334067066032;
  -1.431241493320659, -0.05482211668376127, 7.941338729613682;
  -1.423460939931411, -0.2287009113265631, 7.940982224381301;
  -1.386991048357956, -0.3577061563799965, 7.838873101377157;
  -1.384605291937506, -1.173541251039207, 8.016387665491301;
  -1.351750269961162, -0.3081207738552961, 7.877418983705924;
  -1.313857645486102, -0.551564446583796, 7.734824123280444;
  -1.352652958942233, -0.0666344835288641, 7.941847292480368;
  -1.353881178393205, -0.157069746655636, 7.972367819941019;
  -1.243147239583363, -0.566654715866461, 7.496238170265294;
  -1.273161861297532, -0.403004738688268, 7.785594545758088;
  -1.290259073297525, -0.3263594628562029, 7.885129532663194;
  -1.254629973869317, -1.012467252741621, 7.894939600409623;
  -1.270911963796436, -1.066246172605808, 8.001958119731039;
  -1.273505206342621, -0.8943271297621174, 8.107892575455205;
  -1.219620948354994, -0.3779728903115027, 7.81761271848196;
  -1.247046622722537, -1.209245613299849, 8.023452506075618;
  -1.27177234446802, -1.294101161948362, 8.180668876974149;
  -1.236087764646144, -1.138112310869332, 7.999404701248778;
  -1.244022641969322, -0.1681596398530689, 8.012500997564187;
  -1.18781413076118, -0.5438407111796983, 7.779573760530629;
  -1.189630910278156, -0.3478562818068431, 7.793093525969799;
  -1.187634656536634, -1.086951700514342, 7.893214693312745;
  -1.17625521701225, -0.3329963363665272, 7.764068041872514;
  -1.183289574395042, -0.6342859532548667, 7.948034646041453;
  -1.155317104125408, -0.1895016321150398, 7.836405570071082;
  -1.156624483218111, -0.5747755311377065, 7.917214687895886;
  -1.138722182026501, -0.8745664639086029, 7.949554616840026;
  -1.117261809174, -0.3170363177602686, 7.797892985973232;
  -1.154677692816527, -1.047851619808331, 8.126101619969113;
  -1.104885385227408, -0.3743916621378356, 7.827829009748264;
  -1.129251955621039, -0.7975759692413079, 7.996291978199792;
  -1.012781295979721, -0.4602587580143682, 8.096009468591554;
  -1.15562645611739, -0.9541675833754153, 10.35169278831224;
  -1.108607368640988, -0.7176723866685566, 10.41068715290345;
  -1.123896244835736, -1.094181155081344, 10.88971901266008;
  -1.073264630871453, -1.226973417385765, 10.61866486489264;
  -1.044029006902508, -0.7099328393249657, 10.69842508645617;
  -1.031766263119142, -1.257294486385017, 10.64635936791396;
  -1.032835611760105, -1.157197021167981, 10.69697965202259;
  -1.100357944944481, -1.025767028705757, 11.35707310956087;
  -1.044423537810131, -1.420895242167319, 10.87661014058686;
  -1.029578140193917, -0.9262499101656124, 10.80067421812717;
  -1.051863803470384, -0.1154048080684968, 11.22725086238998;
  -1.004598662600503, -1.257796777519457, 10.87250867332615;
  -0.9851963231905652, -0.8083003881910732, 10.79465819090133;
  -0.9973738235715313, -1.365702733758039, 11.00440538014386;
  -1.067040261097401, -0.1812330660505987, 12.33494159883604;
  -0.9021791178934302, -0.8845762432271019, 10.75558814904573;
  -0.8569174993747205, -0.7209276671712855, 10.4029415039876;
  -0.9389340541545694, -1.565856473101288, 11.39985274094566;
  -0.8483805996695722, -0.9122527422353002, 10.59170597088184;
  -0.8041660808801341, -0.7896351383167715, 10.32949284766831;
  -0.8651579784249868, -1.459316117969497, 11.14917957152346;
  -0.7886573420746722, -0.521435811228865, 10.20983188946054;
  -0.8384785646988016, -1.409521827220699, 11.16366721134971;
  -0.9130558051801306, -0.1287114244012409, 12.10588596692447;
  -0.7297481595411419, -1.097876989201607, 9.985305601450842;
  -0.751387289967825, -0.7318804632341336, 10.33159563228279;
  -0.7362559233401579, -0.7978185585719405, 10.3426078993921;
  -0.8068938598644737, -1.330834692191299, 11.34208272523457;
  -0.7767013847499767, -1.361388896699518, 11.0365859579676;
  -0.7356534701593218, -0.8504607392018365, 10.42955636928868;
  -0.7010660229081659, -0.5506033631878551, 10.3099761727821;
  -0.710355242733771, -0.9078359975672237, 10.48787508569998;
  -0.6929377049163507, -1.00139689635271, 10.4165716373852;
  -0.8099768004431432, -1.459801201990252, 12.32502646182972;
  -0.6255211709129118, -0.7445347206676365, 11.26342157726579;
  -0.6404812807020833, -0.02017610745684301, 11.6136055866789;
  -0.7285546304946401, -1.241087732852879, 14.47869268803083;
  -0.9592731003716845, -2.168775883861271, 18.96644762660976;
  -0.3928148285237346, 0.03584935755065488, 9.891515967965164;
  -0.6242758166611032, -1.610076116678589, 16.06013879893292;
  -0.5111987862687301, -1.827925459565006, 16.47123879548797;
  -0.504693727205021, -1.74087472819953, 16.63820921116185;
  -0.3808312339724079, -1.043176826344675, 15.09764822245423;
  -0.2415373715750294, -0.5705862838712501, 11.94917351927974;
  -0.2641520817642373, -1.019368756781648, 14.40517172143456;
  -0.2642593806181593, -1.64790502506083, 17.35162029928788;
  0.4450802092045323, 0.2106504215007462, 4.968812581674831;
  0.4835706636033926, 0.1327569375725792, 4.680823095090783;
  0.4988749193942202, 0.1245811045300789, 4.61799089901168;
  0.531515363219263, 0.08150357500023915, 4.848082822163431;
  0.5018452237630126, 0.05869388716784909, 4.614463004659989;
  0.5100801016574112, 0.0364287437945047, 4.632886711122895;
  0.5053708509880324, 0.1088386828976043, 4.494982121193745;
  0.6263329915029301, 0.280139832200784, 4.509801016642028;
  0.6434174380295248, 0.2676920123148801, 4.546317091656776;
  0.6386738392374827, 0.2905725885672399, 4.495441592153946;
  0.6461734918530397, 0.1024184678883398, 4.50062179530021;
  2.624284768036012, -1.515422380441982, 15.1195109274695;
  2.800809403359564, -1.766095264736483, 15.82262407348762;
  0.6642253042509867, 0.08912465715664285, 4.516651612575556;
  2.585725984934395, -1.523196153857771, 14.58007508093309;
  2.540641546309667, -1.336551860723034, 13.91202271435175;
  2.7891522468492, -0.7219019919608755, 15.08521755215046;
  0.7076712505090684, 0.05783765752487958, 4.530709599697398;
  2.13615259031016, -0.7738923540547577, 11.38482647233071;
  2.458593737166355, -1.379359755489781, 12.53745016534904;
  2.137252454606081, -0.7487330267810021, 11.00122778861613;
  2.643479562362943, -1.440783819437956, 13.31338678367829;
  2.138514330144258, -0.7242915147999688, 10.61052875633657;
  2.341878591681424, -0.7485686847846939, 11.01312939065471;
  2.392720803935291, -1.386882568012615, 11.06309164709488;
  1.195421262968263, 0.07143328965980318, 6.044461118752056;
  1.905496621151313, -1.41292991048308, 8.346494391389024;
  1.978783053613479, -1.538468628384739, 8.426199265294573;
  1.958626971762837, -1.420504722472038, 8.330405854538034;
  1.977704330174105, -0.8130158229834914, 8.220278129548749;
  2.084858732125992, -1.094224817163974, 8.53039681125488;
  2.02229517228841, -0.7541492019975543, 8.258363114489439;
  2.042524963937992, -0.8869275294471883, 8.300948074978118;
  2.202930576664658, -0.6194672722703517, 8.83001925282624;
  2.051521830193818, -1.074351460057104, 8.27835266962987;
  2.046155152246752, -1.426167387558778, 8.019454158531449;
  2.123701831965324, -0.835368238665302, 8.199548082504839;
  2.105080494053541, -0.7005680115785687, 8.036791681024344;
  2.183072860060153, -1.694236191712735, 8.061341883142939;
  1.089236383990774, 0.212931359660536, 4.169355399658605;
  1.096079700469606, 0.2287255546628387, 4.171868609190538;
  2.042689535065985, -0.620265048680901, 6.698701765834054;
