m=[-7.255546437153513, -2.29360662610461, 10.76660241268323;
  -5.229172364634697, -0.6078585400319245, 8.505731934522265;
  -4.996114458807424, -0.842025424914378, 8.326024668900766;
  -4.764377944140036, -0.9583901469984786, 8.33513202985201;
  -4.622805182363477, -0.7450208122765268, 8.146973570998343;
  -4.756101996769456, -0.8856154389129918, 8.395253889443618;
  -4.536375266368033, -1.075892572504783, 8.158903494580482;
  -4.357928170109785, -0.9840865081497529, 7.909550399197974;
  -4.166702199111868, -1.000660717811668, 7.703276925594454;
  -4.32661408671932, -1.092220965931841, 7.963565810595928;
  -4.140418004807792, -0.8663148559231233, 7.674754695519457;
  -4.452042231219686, -0.7267698695248243, 8.187621995034357;
  -4.099715902914521, -0.8095308980135825, 7.736947076552319;
  -4.03316253692876, -0.9236320767031562, 7.671811994354975;
  -3.985655879847432, -0.756980638545064, 7.667987199443213;
  -3.961211018985995, -1.515196123573317, 7.641313956749798;
  -3.992837868410019, -0.7059705861563035, 7.757368030800746;
  -3.83332564196156, -1.284818071990627, 7.521424143557661;
  -3.970923040395256, -0.6834641733988459, 7.825210762901694;
  -3.661275174370364, -1.264265602644926, 7.431891128459512;
  -3.709462093614756, -0.664803445172425, 7.519298335906981;
  -3.625801665111807, -1.391972953944582, 7.461039734306969;
  -3.643208008378436, -0.7715560836906961, 7.49994966251862;
  -3.840399496924424, -0.929458756094749, 7.855893003234006;
  -3.621920015542803, -1.228722291344564, 7.489098542322971;
  -3.542728953975773, -0.7518885904149865, 7.420515724381863;
  -3.643678913167241, -0.945731212175283, 7.624972717681699;
  -3.582465728023568, -1.540367007157469, 7.645303245495124;
  -3.477192999656128, -1.341207382919755, 7.492029008839199;
  -3.40672184333721, -1.474433058441016, 7.463649278845633;
  -3.433665252811129, -1.18159986714244, 7.612819833456507;
  -3.510697635504283, -1.434404048514244, 7.858355510226089;
  -3.476183004306706, -0.9652514447413874, 7.789462214488194;
  -3.390579918135981, -0.8482148463656459, 7.724634346949885;
  -3.343324826137835, -0.7428273622963225, 7.644160925539308;
  -3.248206728662493, -0.9606305745173651, 7.58805919973953;
  -3.25344104104322, -0.9674608862392126, 7.715344366294427;
  -3.239711549597066, -1.037952709893792, 7.747820563902375;
  -3.151949319837817, -0.386793245843445, 7.59715282515053;
  -3.237146091008675, -0.6674898058843869, 7.811058966580879;
  -3.228542810543569, -1.103522918493193, 7.809326009391536;
  -3.122177909844599, -0.9707671781743628, 7.615870323218082;
  -3.116018334374065, -0.8561286526442595, 7.613191450580271;
  -3.131560455389737, -0.9096810821470539, 7.651073373198547;
  -3.231907710587426, -0.75347204582908, 7.889478253850727;
  -3.18724006564529, -0.5977114297028844, 7.823646765514481;
  -2.846280543485583, -1.233239604040049, 7.104233628225374;
  -3.117853265407701, -0.6141672791559458, 7.71351565999412;
  -3.238040423160746, -0.6982648144468587, 7.97863046998404;
  -3.052603599647439, -1.074503059750285, 7.582250789964662;
  -3.010053144932256, -1.020781136497528, 7.499867366714435;
  -2.827723552425641, -1.187530867271533, 7.112501322038244;
  -3.017469765503273, -1.123980504297614, 7.525522789943122;
  -2.998226901390089, -1.077462941169337, 7.518545835545772;
  -3.108686656662514, -0.5917687499426867, 7.780913327675529;
  -2.775771463042829, -1.219316277536384, 7.061435394978043;
  -2.987913147564979, -1.059763807555391, 7.553961586465644;
  -2.81631725743819, -1.235272790823097, 7.183941933608823;
  -2.828384560124216, -1.333246722869492, 7.218158930953042;
  -3.086574658399711, -0.6448305180846332, 7.848326696423901;
  -2.979641999437379, -0.4810428204108246, 7.617346665138773;
  -2.996512597399164, -0.5177260851419231, 7.65750634040756;
  -2.890157432076226, -0.05520884418692417, 7.424217563997255;
  -2.815116360180635, -1.258974386764237, 7.27279310368305;
  -3.018326255599552, -0.5637067857064233, 7.733348942275113;
  -2.857929352696763, -0.9681237710529907, 7.392936544099727;
  -2.989978000433716, -0.5945633504045388, 7.704017242757419;
  -2.974175475200327, -0.5050894446619033, 7.682821542036118;
  -2.917851591927891, -0.6289397288242471, 7.78074357303604;
  -2.94799585432235, -0.5377367860227206, 7.850909048199658;
  -2.769374188424542, -0.9562006684069186, 7.534172189627674;
  -2.759647831601657, -0.8147454046870424, 7.561564637860928;
  -2.869590366058755, -0.7210250972360284, 7.897191931965998;
  -2.924647638457444, 0.4793134417658012, 10.82757123143536;
  -4.296837401023413, -0.1050574159382483, 16.58130744507746;
  -4.365493066448736, -0.001232693981082629, 16.92114861383599;
  -4.194868770351287, -0.5964931181741926, 16.4573808216125;
  -3.806830718912775, 0.5243040706347342, 15.22675531792888;
  -3.612489625150259, 0.6287327729561811, 14.53247017607351;
  -4.026671046064465, -0.8809241244712699, 16.2500584867791;
  -4.189066918185354, -0.4556915810469727, 16.92245425223253;
  -4.091984939255905, -0.6847913210407631, 16.65865519867165;
  -4.170133149222785, -0.2818572480024137, 17.0044605097342;
  -3.702668924254224, 0.6587521195907132, 15.37152709168891;
  -4.122738337620506, -0.8739968943130727, 17.05971744765831;
  -4.048548047664053, -0.9997593025548406, 16.82732255250717;
  -4.165602641562473, -0.8736982194647367, 17.32807019714564;
  -4.020107116310356, -0.4165018437408489, 16.76063840258858;
  -3.971225245945731, -0.3544380091974413, 16.74160621273943;
  -3.41606365596546, 0.5202389687608112, 14.64329474782354;
  -3.837279966218523, 0.3668391928921573, 16.42562778011051;
  -3.93243282406801, -0.7616503161132374, 16.89674762790228;
  -3.464454489312456, 0.4174260503623051, 15.05435393887871;
  -3.897137633699491, -0.229593018100093, 16.86007447263527;
  -3.914548954671007, -0.3653544809485059, 16.93167201164316;
  -3.726174559166197, -1.498226143356459, 16.26875269186071;
  -3.802956770814524, -1.087126517739838, 16.57618694803831;
  -3.832244021674329, -2.09133438720938, 16.91614934846825;
  -4.045932057187323, -2.493024041553163, 17.80205056752112;
  -3.736558861988025, -1.800269699378732, 16.53405852773419;
  -3.696894032378779, -0.2727047511018189, 16.70593168352218;
  -3.733098526316908, -0.8547719837415005, 16.89458357858468;
  -3.666657001707458, -1.522225984241572, 16.65512427453332;
  -3.781154641515117, -2.207297457993676, 17.16753860097671;
  -3.437463160308204, 0.4341675466935374, 15.70359676805331;
  -3.373759619428575, 0.4844932780967244, 15.473925520735;
  -3.71738195467249, -1.634408605030054, 16.96551260116946;
  -3.842992789882932, -3.160121766050407, 17.58313482066945;
  -3.683337775021493, -2.332177768230802, 16.8991262232021;
  -3.708355675882358, -0.7285441778855663, 17.02763864252288;
  -3.620806691358966, -1.328374252360873, 16.69387680000895;
  -4.284232459941162, 0.2873290074503133, 19.57921081817124;
  -3.548843165404728, -1.241067988703234, 16.57596556436797;
  -3.335000915695719, 0.4391464382675695, 15.64230391938996;
  -3.580667056024686, -0.9218407857981184, 16.81661608531535;
  -3.517658098296429, -0.141401952885511, 16.58656719449176;
  -3.528902429836275, -0.5624253900956033, 16.71888715718378;
  -1.447326137095522, 0.787012281866605, 7.476992344995494;
  -3.494498567742696, -1.192814478911863, 16.7693777636055;
  -3.483641764149802, -1.542363315389561, 16.84534212291378;
  -3.454475630257342, -1.319329370306967, 16.73844218334211;
  -3.718705612933474, -2.621272361370457, 17.97368974741641;
  -3.400946237294351, -2.055219027766281, 16.62890571323107;
  -3.500294763993511, -2.890040081344952, 17.17578862908943;
  -3.381102147435822, -0.7563093985794922, 16.6858918425101;
  -3.247323197881721, 0.3702225175758189, 16.10861067502765;
  -3.397668210805608, -1.386429803927313, 16.86439969679151;
  -3.287946051991179, 0.4708712821922452, 16.44088469324315;
  -3.37764959247041, -0.3929627824918254, 16.87982720845312;
  -3.374783347346883, -2.246311652546255, 16.94450892429884;
