m=[-16.13975786834084, -4.662691971630358, 22.05647024579795;
  -15.69682413977049, -4.973987233895316, 22.15163809523912;
  -10.93219780008711, -1.287259471455106, 16.70927212908409;
  -10.77543894975302, -1.957638789947469, 16.74297396417971;
  -10.80080288975515, -2.23747822051297, 16.7971504999391;
  -10.51685611297817, -1.794643332465825, 16.4386998990304;
  -9.11647274181426, -3.431698385909908, 14.75738270970215;
  -9.361532335310335, -3.337211769802583, 15.22443408565312;
  -8.713609984819858, -3.300894695374363, 14.27734619859624;
  -10.10934491201087, -2.050998293944089, 16.57811073090241;
  -9.644876276645217, -1.57364682006282, 15.92349981750452;
  -9.616513453102726, -2.835910031809813, 15.91059479319345;
  -10.02144249799489, -1.888137525862481, 16.598061381021;
  -9.302492096118405, -2.032773046927971, 15.67889078799205;
  -9.524463272415078, -2.272747919364968, 16.0368351499271;
  -9.16359166527816, -2.079720571606377, 15.53093092648408;
  -8.414804089515453, -3.355796275059326, 14.38667371278395;
  -8.788363470532405, -2.123665896301711, 15.14045140219217;
  -8.630481425890286, -1.820119237160369, 14.91566800331612;
  -9.379135380625961, -1.555468240051515, 16.15224444795808;
  -8.436441102102661, -3.025032804379459, 14.64748008611622;
  -8.511724298943548, -1.98689514975676, 14.92543249683076;
  -8.556495037971118, -1.696172149044388, 15.06194036743151;
  -8.435375628245652, -3.111818733139169, 14.86360711305682;
  -9.264382216896621, -2.93002200395527, 16.24231455817167;
  -8.491666939608162, -1.960341759443958, 15.05021357791356;
  -9.305015749101459, -2.557940356988307, 16.51535144994348;
  -8.336921135245232, -1.596076215631323, 14.94959607770295;
  -8.224911029347553, -3.159041875160285, 14.78523065657597;
  -8.515398646665416, -2.164580698105782, 15.36148456443325;
  -8.188371982788524, -1.640961776876104, 14.90712412396774;
  -8.65739601446635, -3.479330998261113, 15.71140700723375;
  -7.97768989491199, -2.685600820631307, 14.56671185729902;
  -8.218022959591004, -2.838538902933288, 14.99133598082306;
  -8.101235761544166, -1.417795731542466, 14.92549808957263;
  -8.607436829020593, -3.572363550265551, 15.88524069007045;
  -7.68032416667126, -1.687703223839669, 14.43128838686558;
  -7.571423714345921, -2.627458758648082, 14.29469365742654;
  -7.66748403443679, -2.746466241871426, 14.46411738836801;
  -7.878618516197663, -1.404712119649041, 14.84119016987117;
  -7.696873100798345, -3.436956069356604, 14.67263748744179;
  -7.455517810136039, -2.881555843006902, 14.28091526704498;
  -8.05992190507625, -1.970862668458882, 15.39185726328749;
  -7.459319010916182, -3.330911490830345, 14.40958996606777;
  -7.066390614051596, -1.50681305448289, 13.79711766968918;
  -7.615114483553573, -1.988449116999604, 14.84102393697897;
  -8.1985505850223, -1.205163734611984, 15.97660313124971;
  -7.405743335110471, -1.658774909856051, 14.68282643444387;
  -7.284472048477039, -3.145419765535017, 14.50118359351633;
  -7.24697527988791, -2.806892559242178, 14.52048327319287;
  -7.207923128859746, -2.490221273398946, 14.87156809976142;
  -7.296367797882995, -2.991030300851134, 15.24270430101445;
  -7.260745501799192, -2.030311732157188, 15.17599858242668;
  -7.030541160420306, -1.77539643585753, 14.94026379252716;
  -6.841781309226987, -1.07399480508919, 14.73332751384595;
  -6.952696360093575, -0.7605571864936956, 14.9699040211417;
  -6.811581065738544, -2.031418652987654, 14.81001970326766;
  -7.452951959481876, -1.339439753965, 16.28450260269812;
  -6.791828757579046, -2.03434594751754, 15.01171829922835;
  -6.579836772545867, -1.051044421864574, 14.67845524420971;
  -6.577986538798143, -2.095285348119147, 14.67728425828118;
  -6.576072139814542, -0.8262144936189326, 14.76196090873946;
  -6.056680229988436, -2.358431176962823, 13.72806023648997;
  -6.813533232860011, -1.423071584653495, 15.33381640816233;
  -6.769885736372499, -2.344576188489008, 15.28394937147723;
  -6.552600784318438, -2.050955184339801, 14.8751876058678;
  -6.501716039925944, -1.800359242448548, 14.7902133884846;
  -6.382766687811922, -2.14230584816029, 14.54191809420317;
  -6.500222035649915, -1.902194906819839, 14.79711359047294;
  -6.10362435560786, -2.325726564855678, 13.96253965451536;
  -6.283590563420248, -2.88122521953849, 14.40682081296716;
  -5.854484307484678, -2.454751742188647, 13.48295031599798;
  -6.460906110420938, -1.944737999804321, 14.78701238427666;
  -6.65182923361084, -1.262866934366589, 15.23708871053478;
  -5.910730959215794, -2.571948198174245, 13.65842548547352;
  -6.053848828119376, -2.392885968290651, 13.98864464498653;
  -6.138275244497734, -0.2020686893673197, 14.18232941052057;
  -6.430722655774589, -1.278386579201642, 14.84002026356926;
  -6.396762389866287, -2.269378556468368, 14.78574431430828;
  -6.27312738891826, -2.140354839053128, 14.53293593508461;
  -5.873192530213867, -2.478662593763291, 13.67840473680038;
  -6.327104708047379, -2.369992783138355, 14.66982165799884;
  -6.235240041581026, -2.255242501519531, 14.5443625713058;
  -5.959340279358261, -2.577884085477584, 13.95826602868617;
  -6.515797370332103, -1.256779212525989, 15.20889674572448;
  -5.757936381797654, -2.534781565945556, 13.55049688665273;
  -6.254183322954856, -2.234702673656836, 14.70849755282417;
  -5.835048329281087, -2.569370099206096, 13.79303890175413;
  -6.196649033822069, -0.914050128372641, 14.59802601405056;
  -5.884362808481112, -2.783773942670024, 13.91740015881919;
  -6.42142550733725, -1.359545992957518, 15.24538007298559;
  -6.260135938001262, -1.110564550904989, 14.90881240091114;
  -5.808743671779928, -2.605375016884719, 13.92155778899179;
  -6.266646920602317, -1.188225427867996, 14.97486098630527;
  -5.964762499313597, -2.034041570950274, 14.3277651925839;
  -6.238737668095825, -1.260121488173398, 14.98317084010386;
  -5.688180808495526, -2.709950116579665, 13.75815772801067;
  -6.33342376127222, -0.2639112677086258, 15.24837100276212;
  -6.360292016702712, -1.338579594940299, 15.46895843184876;
  -5.70951031269247, -2.680029385028701, 13.98605595155245;
  -5.787197907971806, -2.872350930430869, 14.1789271453668;
  -6.161916077214197, -1.193740647628862, 15.14465930215789;
  -5.525820558907057, -2.715742350882806, 13.76229691101634;
  -5.615835796322562, -2.69172487747143, 14.00899779763082;
  -6.074857023635961, -1.192693328875529, 15.09649109187758;
  -6.067469650269111, -1.323682535478134, 15.09394856904303;
  -6.169096561871798, -1.143504763646456, 15.33232869977915;
  -5.706001967987163, -2.054784865209825, 14.28990118206864;
  -5.616539553623034, -2.838916554565308, 14.11365572275531;
  -5.490884290832264, -2.409043020797404, 13.82805516897759;
  -5.557052900714208, -2.656388840519964, 14.03957636406108;
  -5.470134297544844, -2.843568568882225, 13.85925414181372;
  -5.673563153788227, -1.852201308914863, 14.3465181780198;
  -5.788271254985618, -2.008375946560772, 14.63969720340407;
  -5.488179182592555, -2.537958520016832, 13.97747674329143;
  -5.768117739503029, -1.718676613354733, 14.70180213668937;
  -5.984092663193349, -1.524254316609445, 15.37701277963157;
  -5.570815235457447, -2.0796984981769, 14.38379231344348;
  -5.289775368589837, -2.780100775278009, 13.88291718812539;
  -5.252254565799982, -3.119616867578355, 13.82403778077239;
  -5.230798972000085, -2.842710874550958, 13.82981568067144;
  -5.300676259525459, -2.944916537482122, 14.00398089796775;
  -5.19751049622201, -3.064197161607103, 13.80241040945233;
  -5.14075528418922, -2.917111963038028, 13.81428337009734;
  -5.157448724217363, -2.740248712436353, 13.90222808085442;
  -5.12954739354599, -2.359265156030227, 13.92995053289372;
  -5.09797482928749, -2.951132434632872, 13.89985519034681;
  -5.075971674827372, -2.712668926716446, 13.91985172084426;
  -5.013262115947208, -2.86823049146014, 13.84711221968506;
  -4.979682809373221, -3.045277894893113, 13.94447650901334;
  -4.95159641806229, -2.861386585733521, 13.87599326362407;
