m=[-23.16205897568851, -5.420620220794712, 28.91105376973395;
  -7.492665029740373, -2.164591895694738, 10.23941899490145;
  -5.362434462292799, -0.7605016019144019, 7.821581643863024;
  -5.274634652929238, -0.7736445595854099, 7.797174615514702;
  -5.084261809698598, -0.8676011594402573, 7.947113966368471;
  -5.123391590404537, -1.11933500369745, 8.172902709085241;
  -4.896831621339453, -0.9934761736308124, 8.03021536565638;
  -4.536740432812797, -1.082566763550522, 7.638746285026053;
  -4.286418950113977, -1.035792587794162, 7.384573706042299;
  -4.209437619455285, -0.9400723886742239, 7.315163634542802;
  -4.147936134036247, -0.9682543626607291, 7.273466408845883;
  -4.114819851057392, -0.8156894614822874, 7.243289564747485;
  -4.085632671332102, -0.9431877623465136, 7.241174758943974;
  -3.977263653929353, -0.9729606835545063, 7.127694199616644;
  -4.065568391589046, -0.7783397380844838, 7.29029389801765;
  -4.017097713484543, -0.8050322842758392, 7.313221035743418;
  -3.773825939380539, -0.829274658970904, 7.09099893066604;
  -3.865634372789591, -0.8761192387428525, 7.250170588079683;
  -3.717400735189399, -1.290023843543669, 7.018376822675976;
  -3.760458473304506, -1.34698320916019, 7.093814939512272;
  -3.672027419167687, -1.419237715588145, 7.033704937315783;
  -3.618074039910626, -0.7715057790015303, 7.0642844406351;
  -3.712062127065919, -0.9692889942433878, 7.234402450851981;
  -3.861831676402007, -1.08383633041339, 7.621844930974775;
  -3.797885558958054, -0.6741484583113311, 7.561543742994548;
  -3.794037717573025, -0.7171178059190531, 7.597175413532934;
  -3.57434185012736, -1.465244773218966, 7.467090119557859;
  -3.574680974413602, -0.9995828554068696, 7.471595497581565;
  -3.46393740486296, -0.87473524189703, 7.361046242187237;
  -3.25918346625919, -1.463649141720941, 7.109466013233519;
  -3.017362348145578, -0.1824438772449968, 6.700503224549837;
  -3.318366008183345, -0.9939450304300724, 7.334456963891364;
  -3.295042865669966, -1.049569651312214, 7.35214043042048;
  -3.282425164533078, -0.4572148644508086, 7.329896932773715;
  -3.099345585564069, -1.365491091209078, 6.989391282289687;
  -3.238880274939852, -0.4069313367245463, 7.270635569411168;
  -3.20815056132636, -1.004146787278958, 7.28288553482561;
  -3.196973973331803, -0.8852588463431156, 7.272530355470186;
  -3.202260974219693, -0.9370948380011149, 7.2896308959898;
  -2.909641468762384, -1.266078118688276, 6.723554407187464;
  -3.19105895947937, -0.9605113450118303, 7.303345311994356;
  -3.259445641042038, -0.6188141607181431, 7.46628643573339;
  -3.103746322398141, -1.058980321693061, 7.190440057354682;
  -3.197316788279093, -0.6356061504101294, 7.378369192225213;
  -2.909428523462153, -1.258557010823234, 6.814609573915039;
  -3.13547346608532, -1.174478664292142, 7.269808021725358;
  -3.09290602341813, -1.001377777215591, 7.236162884835014;
  -2.881557912035323, -1.268847886171065, 6.811501488156054;
  -3.057991256036161, -1.092660845230002, 7.191739445960954;
  -3.202444307163093, -0.7682310732422194, 7.521751941716215;
  -3.136481090221442, -0.6640566480643961, 7.446453479452749;
  -3.081091321980581, -0.5465936896867322, 7.337765978952536;
  -2.925235357650236, -0.9975334848552453, 7.026614277145126;
  -2.81526853318208, -1.341243808267358, 6.809366620058059;
  -3.092989166518693, -0.5864648866198626, 7.391047140136924;
  -3.052793781239673, -0.6166136881143091, 7.331696442027431;
  -3.118939983808493, -0.1299649977737596, 7.509169732060919;
  -2.809194534134633, -1.318628654195821, 6.881422360488616;
  -2.706557769645959, -1.330175940709925, 6.740800074053284;
  -2.777655724389779, -1.331357483651299, 6.929008314494176;
  -2.739434975074787, -1.255088711377635, 6.867809628716179;
  -2.819869281362514, -1.015461395513286, 7.061976775173778;
  -2.991108796228235, -0.5872525877270941, 7.433137458446655;
  -2.775586498412273, -1.402938301019827, 6.974698903713614;
  -2.973170070430583, -0.6486284273479148, 7.396308299310049;
  -3.019075128734494, -0.5596162674534218, 7.503441027196431;
  -2.667050008350292, -1.386426578006661, 6.757297328375158;
  -2.752032165697965, -1.315529591732427, 6.952851886960299;
  -2.801447580648931, -0.9145654565014835, 7.08391138886222;
  -2.800347011006978, -0.9716458215543222, 7.082638407847329;
  -2.765477044002852, -1.032408761028161, 7.140435603634996;
  -2.557953156026193, -1.359088226967677, 6.895123945340613;
  -2.533887419007662, -1.165426857053668, 6.881099577539557;
  -2.514783908304136, -1.343935034013989, 6.896299143503253;
  -2.490564120285843, -1.424922891627173, 6.879177682374831;
  -2.689429330177485, -0.8730506698044988, 7.383639207074915;
  -2.44637434387913, -1.413690078966029, 6.855541334536633;
  -2.465881819831619, -1.507986690079404, 6.905144850977583;
  -2.470668699559998, -1.363501083914341, 6.945216175753077;
  -2.385768544826602, -1.4425744040908, 6.818032076234847;
  -2.524547803911214, -0.9038059615235158, 7.236497903264621;
  -2.318025942080375, -1.026333160972425, 7.136023838325618;
  -2.265331783085745, -1.293816848685092, 7.087272004459736;
  -3.024608325419829, 0.4604221763621237, 10.36689064789722;
  -2.912400684014455, 0.4546618257731509, 10.27127852849283;
  -1.936684595008804, 0.7615079217327061, 7.250655756333845;
  -1.773799018937436, 0.7958651748732427, 6.908021350966715;
  -4.585768499502879, -0.6929841921617739, 16.79588829563934;
  -4.552893865301402, -0.1485432376807849, 17.00139632308689;
  -4.436927143321446, -0.03774553419172027, 16.65522023226596;
  -4.454672352993841, -0.6659732736700532, 16.89202130829479;
  -1.977659418513959, 0.7475763367424262, 8.117527595353137;
  -3.827124662628744, 0.4907575716938528, 14.78619824246453;
  -4.179065717747819, -0.9538125672743812, 16.29610643713584;
  -4.214946858835084, -0.4926634306682619, 16.48830236365735;
  -4.213611543534973, -0.5891867473021715, 16.51674290048695;
  -4.158382414199541, -0.3152492803991899, 16.43428083142855;
  -4.057191914015489, -1.034760989737832, 16.32527299334497;
  -4.109520794476897, -0.4629543137930226, 16.5916587640735;
  -3.989992819870381, -0.3910285560985698, 16.27987985909309;
  -3.649330042723861, -2.287986944929564, 14.98501161311975;
  -4.035620946993353, -0.1863988858937915, 16.51258968676378;
  -4.120608281808388, -3.30570241992279, 16.92257797279988;
  -3.916756775275898, 0.3370077895529255, 16.21356074661221;
  -3.905577294726457, -0.7905913989616793, 16.25652807119818;
  -3.91392109965269, -0.9718148159021294, 16.37718227106319;
  -3.858015750373375, -0.3955595223057495, 16.15770675222553;
  -3.871308842320827, -0.2617058609007829, 16.21603188724602;
  -3.641122155778383, -1.491079005779918, 15.3857946180909;
  -3.798317797840567, -1.116595253999869, 16.01943293184189;
  -3.895615024099608, -3.119246405140985, 16.40435502056244;
  -3.808696120308313, -0.71503352881843, 16.19008838315985;
  -3.865643440752281, -2.494007410738274, 16.46485095934643;
  -3.865388409391189, -2.136761721477753, 16.49685452340416;
  -3.83377191165296, -1.874297099182515, 16.37604654513544;
  -3.970956337131673, -2.477110230569011, 16.93281341696764;
  -3.75950771010752, -1.927235882335184, 16.15585348868435;
  -3.956165848626771, -3.553101684260102, 17.05878498425192;
  -3.851412474629264, -1.343973483200177, 16.75490510722501;
  -3.744544824859746, -0.8894634637607288, 16.40110053987313;
  -3.662261155343894, -1.547948092417007, 16.0811705077862;
  -3.392182654074126, 0.3923744580049243, 14.98759706201274;
  -3.7790597429738, -2.229846491350261, 16.5915584100789;
  -3.391903859065824, 0.4507164902348901, 15.03183260584591;
  -3.61107747673167, -1.614191757777509, 15.94835696509864;
  -3.502201738284112, -2.153205256874267, 15.45040611036021;
  -3.793428661563354, -3.140454932312679, 16.80726517979749;
  -3.703313353520395, -2.371477337902472, 16.43485191157478;
  -3.631291514605133, -0.7473986059376689, 16.1464113583148;
  -3.318450334243232, -0.9715793406581886, 14.87351532863661;
