m=[-15.16329843952327, -4.368955204345951, 19.69512257097018;
  -10.81510376044011, -1.570464488353095, 14.90990772488686;
  -12.72124878440953, -2.490686441314053, 17.94530522883885;
  -10.54323098118102, -2.163280670400001, 15.3524355146525;
  -10.22722679167111, -1.73630817770236, 14.94824284936125;
  -9.103817778302606, -3.174161517127068, 13.61536547867197;
  -8.933984400612477, -3.136295053034254, 13.67905937137803;
  -9.872628052242146, -1.996322342193649, 15.14761944253267;
  -9.116361814026673, -2.9834273562135, 14.11046958330252;
  -9.019425490256992, -2.900484216204439, 14.03181606903826;
  -9.76912512878952, -1.831135685306281, 15.13856378828651;
  -9.099167431605762, -2.2437336733205, 14.2095333794666;
  -8.771738115510148, -3.019091013984265, 13.79734629030324;
  -8.920579269337049, -2.111951093932453, 14.02184495894781;
  -9.087868338647434, -2.03976475452387, 14.34744224161522;
  -9.454621080380891, -2.75535946841452, 14.99884573278886;
  -8.574986639113721, -2.055869708890379, 13.73790735360807;
  -9.049291142746272, -1.476654609901997, 14.55357361698533;
  -8.613390716832269, -2.130387674165324, 13.97778766033905;
  -8.267867966384877, -1.912985698258203, 13.46815597559689;
  -8.093514672087323, -1.592769172537714, 13.24371081252382;
  -8.251686659513656, -3.02572581275837, 13.50543094554022;
  -8.040411066184086, -1.843176434023127, 13.24655271916062;
  -8.099152559491179, -1.53510510920547, 13.49250344551329;
  -7.78696130030334, -1.391055689795134, 13.12942032227601;
  -7.985817363743514, -3.109204379090706, 13.49478508586942;
  -7.834867984602065, -2.619044625680597, 13.26773841758023;
  -8.043676004285464, -1.594124937131135, 13.60124757508311;
  -7.869172704632818, -1.896530030771612, 13.33142261204024;
  -8.303915356591054, -1.749225224996655, 14.04347972160123;
  -8.388673786092147, -3.3579189017153, 14.19696809874083;
  -7.695669140163973, -2.923784390124088, 13.12757800972702;
  -7.684631590181767, -1.421137658992775, 13.23408741378724;
  -7.633149830355799, -1.787706424474604, 13.20583213612503;
  -7.474690877723903, -2.827392543018428, 12.99683033687165;
  -8.025167719106889, -1.321945807165535, 13.87754351156648;
  -7.534646372768311, -1.640093570161676, 13.11940517905912;
  -7.897534293927603, -1.771215996133956, 13.72691945373653;
  -7.419696668168536, -2.55721346468066, 12.97383523093593;
  -7.508739148597913, -2.67089575650242, 13.12978292759005;
  -7.683202201206159, -1.363624055062352, 13.43944774753547;
  -7.346971572129561, -2.816248994818405, 13.03099975302871;
  -7.590331995376613, -1.979197602797683, 13.45799122117935;
  -7.233152932179079, -1.695252076209925, 12.9714889969989;
  -5.946657309925954, -0.5748868705356423, 10.84648440003643;
  -7.488720568244006, -1.567152128799123, 13.50151843080049;
  -7.358971352003096, -1.900505443796864, 13.31535040208427;
  -7.393564742058165, -2.972121933884125, 13.4841870912241;
  -8.16363175044583, -2.366918013073347, 14.78798996769769;
  -7.171806260989148, -2.770268664533953, 13.13281375989091;
  -7.175195352681923, -1.403057067193257, 13.17195015206161;
  -7.435737090589448, -2.959149325347254, 13.68056369491218;
  -7.286093537914707, -2.879133500387892, 13.54795844628907;
  -8.114696873311621, -2.420979664062369, 15.12815794064615;
  -6.954921806336249, -2.99784687832652, 13.12571192022095;
  -7.026169897121109, -2.407555931186424, 13.46142348311662;
  -7.671166847797741, -1.191580567756444, 14.60438355719995;
  -6.919102227691744, -2.54351607673257, 13.28300843179265;
  -7.148003704237156, -2.908714854185091, 13.89060738347276;
  -7.164437210137474, -1.981070695411611, 13.92269513018968;
  -7.037768056351595, -2.923937143701538, 13.79623058758122;
  -6.929608605693544, -1.730675869567469, 13.67641045109896;
  -6.863653270580378, -1.516783831230892, 13.57052077884162;
  -6.714070305456462, -1.896880562315217, 13.30272590453724;
  -7.156599765542246, -3.359204315585617, 14.19980591852133;
  -6.672874137130778, -1.02423621258334, 13.33081161406401;
  -6.819720270861822, -0.6158444547937085, 13.77415024838119;
  -6.087771461713245, -2.612130121385466, 12.53513521692623;
  -6.576521941210111, -1.950150711099266, 13.5039103196987;
  -6.391298299454403, -1.002693521525158, 13.22288075812461;
  -6.808087252184622, -0.4923640057440957, 14.02345556236948;
  -6.69227975672657, -2.11565525056895, 13.85245187184051;
  -5.905073198591628, -2.285228816021382, 12.35794351956842;
  -6.439352116142555, -0.7909856394240965, 13.41065145651404;
  -6.044804086841735, -2.512563218987663, 12.69730836738832;
  -6.6480762841035, -1.37029045409565, 13.91777878604027;
  -6.454088504345688, -2.222274459739065, 13.55693660829506;
  -6.044537252067557, -2.284173163017946, 12.78008933402252;
  -5.731801898139548, -2.390221345973145, 12.17251735489429;
  -6.358248662156306, -1.970015104734208, 13.40005535031762;
  -6.379362341407193, -2.975111040084658, 13.46123801380266;
  -6.356813198638941, -1.740899779525096, 13.41893970351497;
  -6.383347032428538, -1.849187696169771, 13.48529980970145;
  -6.041481363834661, -2.739337399632479, 12.82649225185285;
  -6.653967778072837, -1.085568030899648, 14.0285483155956;
  -5.748802427071349, -2.483061542125868, 12.25883647873929;
  -6.377675978625474, -1.90045691230156, 13.5452846405153;
  -6.618115479801952, -1.538535473527581, 14.03477480836543;
  -6.064229323857178, -0.1860740348199694, 12.95958750266664;
  -5.663723497721394, -2.370265872411417, 12.17214536371456;
  -6.489936757058675, -1.3310889417064, 13.81603191473282;
  -6.470337935402704, -1.20813258595569, 13.78031700293433;
  -6.197343894783383, -2.090740433029907, 13.30539205855016;
  -6.427808869534525, -1.258981325004119, 13.76648922382901;
  -5.702642366266459, -2.440313199847263, 12.34074974987373;
  -6.286062820722047, -2.332520357740368, 13.51728968932985;
  -5.680366918153404, -2.349477182108174, 12.35664752003306;
  -6.450186812082506, -1.365908559282999, 13.92930995082501;
  -5.713235631283609, -2.496204900242252, 12.47090595838749;
  -5.811067113787013, -2.617891328193999, 12.72574148212501;
  -6.040319005829558, -2.139103425717593, 13.17776821602887;
  -5.585134579459178, -2.333853870545715, 12.25937980899551;
  -6.073475761289645, -0.8673208071181203, 13.26213900002396;
  -5.658584040958952, -2.200139405356402, 12.46216250022425;
  -5.939973832600824, -0.1256706558326852, 13.13565659174055;
  -6.211733049468503, -1.302534906317574, 13.71297437835769;
  -6.119834550472392, -1.067344820499814, 13.52944401617821;
  -5.764710288933302, -1.942048683140508, 12.81799524667317;
  -5.590097861290792, -2.641028887274412, 12.48158175214139;
  -6.16448946185213, -1.1491477672206, 13.67834182206597;
  -6.02584874421041, -1.196504363781032, 13.43822641632973;
  -6.399851888270064, -1.708454478178859, 14.21972430128305;
  -6.035726014195617, -1.018277420430489, 13.4869951982114;
  -6.206935881804824, -0.2428452606610518, 13.8919291250167;
  -5.547673092940189, -2.578335330246149, 12.5574350955373;
  -5.848744994923329, -2.879481738871159, 13.25789383909978;
  -5.987205671809577, -1.246478889080089, 13.55201737643659;
  -5.304968725543784, -2.585208401267727, 12.19620666475303;
  -5.972445719282311, -0.08821967406553884, 13.60144675903752;
  -6.029437961824346, -1.17317057225732, 13.75880234770553;
  -5.515185432008376, -2.618167726543649, 12.71458464243801;
  -5.243076896181923, -2.281229501387769, 12.1933872568063;
  -5.595751171861749, -1.993650636603185, 12.96989938007859;
  -5.939734450234892, -1.144024790363815, 13.71192500115519;
  -5.514155205118198, -2.764351492965488, 12.81495375269321;
  -5.886709156853939, -1.268938738674323, 13.60537609779509;
  -5.97350925371514, -1.088543045711225, 13.80629483473386;
  -5.208589372197384, -2.68442761283793, 12.18735441087418;
  -5.47264229158465, -2.595156236792019, 12.78277774116025;
  -5.312576418636988, -2.441366366313794, 12.45556041518881;
  -5.552133722810881, -1.793109202744468, 12.99732005556126;
