m=[-4.620382321793783, -1.512069759429196, 7.151511265666083;
  -4.614885661544623, -1.484063817075445, 7.179528990220754;
  -4.535890910590407, -1.073874182532947, 7.129756619911294;
  -4.257601541257338, -0.8942937768719582, 7.035880381083651;
  -4.153478305409907, -0.8231514221805444, 7.023217581056106;
  -3.944761348720649, -0.9652152252737067, 6.773246553985965;
  -3.866223808082267, -0.8415748390474199, 6.73190938787485;
  -3.839764582278975, -1.365823306126196, 6.714213193540668;
  -3.802813003201411, -0.7038884145989143, 6.770222381191493;
  -3.945415690183596, -0.9563242038815193, 7.013501794374336;
  -3.755324705238755, -0.8801448086457809, 6.734567007072458;
  -3.824777143540543, -0.9877752521254226, 6.920566128072062;
  -3.655098884688327, -1.40555067973485, 6.78992634897713;
  -3.580730051004402, -1.316304363117858, 6.874138565131747;
  -3.668613455080008, -1.014424775524313, 7.129239211325388;
  -3.666495312440812, -1.491995502433047, 7.125044832904699;
  -3.53411903400988, -0.9156742051207012, 6.973350017188796;
  -3.444588287356476, -0.9731760720698832, 6.824833782786441;
  -3.562788828194297, -0.8898096565301331, 7.03158939235622;
  -3.524511665626453, -0.7788741791956546, 6.968513254983971;
  -3.442261754965267, -1.088214991073109, 7.125190073383517;
  -3.301289169448092, -0.4055178653879866, 6.8752939131327;
  -2.981120222773951, -1.243158315310819, 6.330947631061823;
  -3.420175999471075, -0.7049610027202415, 7.160154447051698;
  -3.229717681180576, -1.072368820624054, 6.819907790777421;
  -3.266763595689983, -0.8946476553243643, 6.895987399092912;
  -2.948396726648059, -1.233902774793827, 6.33652288306426;
  -3.281556051199315, -0.9778571224859936, 6.969562412118648;
  -2.947511096853815, -1.261318836842619, 6.378533755933791;
  -3.400167715591542, -0.7904483779931523, 7.210600713245587;
  -3.339377580463631, -0.6849078405429563, 7.108997969332856;
  -3.330520315240645, -0.6218701652372368, 7.093234725439793;
  -3.176055133782733, -1.07147626442374, 6.81883391853105;
  -2.928810031568374, -1.211395749438026, 6.371115411148859;
  -3.186928235667181, -1.182548631847341, 6.853038763565828;
  -3.338258620782436, -0.6538472669153034, 7.149574958143343;
  -2.972777285163831, -1.397477825165334, 6.498368526063073;
  -3.333313054280164, -0.7058711575736596, 7.198357512564662;
  -3.119532813281499, -1.10474352779857, 6.805680348346826;
  -3.269320167351035, -0.6212463907986096, 7.094057575133483;
  -3.132207342255758, -0.4472938901743006, 6.839538146287242;
  -2.897265706831222, -1.288921269097388, 6.41600191675448;
  -3.323640472092043, -0.7575502948604223, 7.221326030558333;
  -3.106378094436876, -0.5003604553830517, 6.861797188733991;
  -2.889830796275438, -1.36529391822424, 6.452420016353523;
  -2.992019242131413, -1.007968612103067, 6.652838824740257;
  -3.161077332940189, -0.5513154793135117, 6.988361932680514;
  -3.128674271425155, -0.621235709277691, 6.977246696202273;
  -2.861036858632872, -1.329694863083584, 6.476099809114969;
  -3.135890245912726, -0.5290508917818565, 7.007232698977869;
  -3.306814120148152, -0.8827612717767621, 7.347355208372965;
  -2.76497510623772, -1.347422999785766, 6.35672132357689;
  -3.081667167809804, -0.04551965574922329, 7.018085032855819;
  -3.13167024624346, -0.6093409366127739, 7.146276685997575;
  -2.762466700956961, -1.201931739626674, 6.424438728588808;
  -2.875282208357361, -1.024403700066292, 6.664363690660275;
  -3.068945899220316, -0.5910954805150536, 7.084686420795732;
  -3.093238408278564, -0.5636758921842057, 7.149258441720207;
  -2.841178078903055, -0.975738951239743, 6.662242416447673;
  -2.766837196980305, -1.251900718185465, 6.525344459088037;
  -2.666704723842285, -1.390163901854461, 6.464565095404367;
  -3.034184002007746, -0.008799696241845822, 7.23860299393057;
  -3.027599950683269, -0.7593035212813415, 7.235550461143663;
  -2.587917435988016, -1.362476386064504, 6.442705369383789;
  -2.947126960691672, -0.6696416058268315, 7.217735344810123;
  -2.581870047228524, -1.1743670243834, 6.475030715118543;
  -2.561621219266005, -1.355884789568695, 6.487734044250914;
  -2.497742068169322, -1.431207807901954, 6.463906509364998;
  -2.819147366177918, -0.538705576213221, 7.21348711431332;
  -2.51572328086298, -1.375576697629119, 6.543628548913698;
  -2.694744668834932, -0.7755538748136707, 6.941763798817402;
  -2.358229482648329, -1.03374547209813, 6.72544542203236;
  -2.307805194971193, -1.305032420467166, 6.681797241018269;
  -5.335428232455962, -1.056107171715561, 16.66504553748477;
  -1.954975599701634, 0.7754643954788063, 6.782474481153231;
  -3.191184237242446, 0.4989979878854728, 10.66416090749447;
  -2.947971523047809, 0.3825145191983191, 10.12623166759966;
  -2.112003246743774, 0.7588893216475514, 7.714333849943988;
  -5.239799063082488, 0.4504468912940777, 17.71189870173017;
  -4.759374946169249, 0.4711973205781977, 16.38184925317423;
  -5.311990343401388, -0.7859185275447683, 18.83791054836126;
  -5.225564881421273, -0.4720810557941002, 18.62641870004845;
  -5.126423960817273, -0.6921122480520576, 18.34130082472329;
  -5.291093495156622, -0.161232285530903, 19.10822439296006;
  -5.07816764628048, -0.03530838556013774, 18.44668658468748;
  -5.225669021370553, -0.7687100750804279, 19.17049720641715;
  -4.428857729412872, 0.4983464789422155, 16.45684018142934;
  -4.207600905520453, 0.7051796420233332, 15.69002456154214;
  -4.40578387779768, 0.5694153360217494, 16.39221522021104;
  -5.190557693891992, 0.327255564934126, 19.39268446985024;
  -4.775980924517018, -1.075366812428423, 18.01242555568594;
  -4.848773182969572, -0.5515049367786797, 18.34734968065661;
  -4.714033627186181, -2.730350726059518, 17.85882757463255;
  -4.838088757808432, -0.6623934610352974, 18.35262865600061;
  -4.813127419467726, -1.035181374884595, 18.28686317646929;
  -4.822924803884076, -0.8342387323198441, 18.373747924471;
  -3.861235997206963, 0.6652194040527046, 14.9214562461043;
  -4.900610931145041, -0.3586406957137386, 18.72545502413152;
  -4.708708978465515, -2.842680532030173, 18.08201439634457;
  -4.690643843738154, -1.177116693609652, 18.24623324431268;
  -4.817330672411567, -0.5291539501602515, 18.80219317676561;
  -4.272252344479695, -2.115953672956006, 16.81283617498568;
  -4.000429047437491, -2.487886361397599, 15.84274579158306;
  -4.048073342774127, 0.5850703203843084, 16.0878972782575;
  -4.631704465508064, -0.4393921218569221, 18.27491538382385;
  -4.368798975412742, -2.248038324352339, 17.29897827020211;
  -4.64704273506013, -0.2032643527477056, 18.39750770897212;
  -4.496559337344548, -3.579661474881327, 17.87062496398271;
  -4.334429204063238, 0.381802464485782, 17.34581848701508;
  -4.511425657420556, -3.681453958316981, 18.08141337415684;
  -4.573654185360431, -0.9075207877014194, 18.39745767095839;
  -4.378155123790161, 0.4952890351927726, 17.67432360845216;
  -4.242964652526712, -2.321882753858701, 17.1893367434252;
  -4.55592238011882, -1.116904043634684, 18.43287397609445;
  -4.514160131942976, -0.2922528557356699, 18.2850441171431;
  -4.506695963569322, -0.4477110311915614, 18.25598701477302;
  -4.133232761033808, -1.669857653952487, 16.83366406459297;
  -4.489218257791148, -1.300015577869981, 18.28779510737316;
  -4.31687663514623, -3.44320511767739, 17.60278749667318;
  -4.296293407457581, -3.536716356941111, 17.58362679374073;
  -4.368495110526268, -2.943162431926556, 17.92862852543928;
  -4.433097568533252, -2.826542293699604, 18.22919729533308;
  -1.517132612034283, 0.8376443164211203, 6.902708388227877;
  -4.304369771099549, -2.080803459656528, 17.78183158268482;
  -4.373131278409278, -2.397303859141626, 18.05548147466013;
  -4.426268968331801, -2.742484132898542, 18.28364074711971;
  -4.338739367864673, -2.200826386275309, 18.02086773147012;
  -4.387656198253775, -3.905110638142403, 18.29741622564949;
  -4.126021897902404, -1.423694514337526, 17.40366185203827;
  -3.901102454794442, 0.4580178652540493, 16.60358657429915;
