m=[-3.855182011874279, -0.9658542129299308, 6.44169550431004;
  -3.837901753076246, -0.9831582243989732, 6.686314203381152;
  -3.608282584910652, -1.296868553958083, 6.395368102147014;
  -3.580763036051302, -0.865936943436462, 6.540050275210263;
  -3.574407783033878, -0.8292025803238953, 6.538927332082309;
  -3.431820100615941, -0.4074423586459629, 6.403296613029739;
  -3.425502970057806, -0.9873977254140967, 6.502503604903054;
  -3.345911272588968, -0.4267007823281461, 6.412876863055174;
  -3.045928508407576, -1.245319427516668, 5.929806507715145;
  -3.321724321362312, -0.381446200237348, 6.391909867418681;
  -3.13772628315089, -1.157152520787252, 6.104680450402593;
  -2.990676366517179, -1.228938968330889, 5.893524595658017;
  -3.309602558040137, -0.995918471486665, 6.443309187051183;
  -3.282218857979478, -0.8695298678287335, 6.401123887849531;
  -3.421246303701915, -0.676655171577488, 6.636752079717581;
  -3.304176550687259, -0.9279343276767761, 6.45156073446654;
  -3.227308143656262, -1.024799766312668, 6.323821984298442;
  -3.287211968668784, -0.950654513623333, 6.455119936708007;
  -3.417106651976252, -0.712056187585645, 6.683014526024673;
  -3.191831417899645, -1.050481518925781, 6.32826776407989;
  -3.342742684113942, -0.6571569415784606, 6.590036533940195;
  -3.346815395730947, -0.5962388286166815, 6.59955671105503;
  -3.177994947361948, -0.9839056391011584, 6.365296741407209;
  -3.245375618383328, -0.5283732751050735, 6.497462617864538;
  -3.142984089725601, -1.085110804831607, 6.326094497053375;
  -3.143110410856457, -0.421685560007862, 6.335399259780071;
  -3.340530699438576, -0.6789256491364554, 6.684791241515311;
  -3.031045172410806, -0.9945918264255594, 6.204251904505695;
  -3.523065607236068, -0.2528161279469926, 7.060420823007123;
  -3.304477634806329, -0.7543235316365909, 6.689463781382596;
  -3.164852229216913, -0.5265011023987984, 6.469471340143399;
  -3.292995256745023, -0.6666544790426783, 6.730301795008623;
  -3.298801338088013, -0.8521580231439092, 6.802523899098961;
  -3.145318222733893, -0.6312674724496475, 6.58491924481603;
  -3.098473671866519, -0.01953674465326002, 6.526695230811288;
  -2.885422959528662, -0.9998962310623174, 6.161080457869329;
  -2.7845565838204, -1.236140930784994, 6.038390905058765;
  -3.075953943335046, -0.5631079768574711, 6.57101082582217;
  -2.913732931726539, -0.9696899668596881, 6.284646485796232;
  -3.113077099924876, -0.538627600212275, 6.662140447254243;
  -2.825153138610367, -1.013447841481298, 6.228573898393602;
  -3.047938074942939, 0.01763192044046296, 6.739879808599075;
  -2.844988592436393, -0.8927484920894969, 6.416927577726204;
  -2.591001503378126, -1.149907922097278, 5.967484485095958;
  -2.702976441703931, -0.9632128453076446, 6.278095070180235;
  -2.520857444353168, -1.202400817022706, 5.952169528813996;
  -2.801252939125777, -0.633694750829743, 6.658802171086652;
  -2.606700953639345, -0.7327121445666281, 6.381632468151825;
  -2.590372722048528, -0.887706776822207, 6.350010834028164;
  -3.015024646481259, 0.4660688761917782, 7.241335767242876;
  -2.5950432845882, -0.6995408891545164, 6.397679640512783;
  -2.311973084063817, -1.279398936047319, 6.162924115088037;
  -3.120678692075063, 0.4997219926868244, 9.597941018137369;
  -3.123706052496031, 0.3552581483108322, 9.732537367595301;
  -5.370865649240114, -0.08223975296771735, 16.2982724303375;
  -6.293986838663725, -0.1698475832145759, 19.01476818914667;
  -4.648655866409177, 0.4343850910283513, 14.44807264275205;
  -5.053873231253187, -0.7357532650580169, 15.61074412446179;
  -2.875247983079065, 0.3967577025251202, 9.372969238012733;
  -5.089548444813415, 0.2485677039098619, 15.86251014023572;
  -5.084167046128106, -0.6866891620562321, 16.03007227812978;
  -5.096852405219991, -0.7991836255704924, 16.43478377046439;
  -5.496050479931867, -0.03993082919347234, 17.81807796897571;
  -5.437623052308862, -0.1976116590610092, 17.66755847810159;
  -4.554931337782596, 0.4958312833007951, 15.11624095844167;
  -5.343074706235126, -0.755167665979091, 17.56808996180499;
  -4.994284688719519, -0.4295263543464191, 16.57463662587078;
  -5.442424257068941, -0.3237595987679854, 18.12086454583187;
  -4.978631515916085, 0.4405638983031552, 17.0673643999168;
  -5.200443379733581, -0.7135452930187221, 17.84582884922464;
  -5.108008898122061, -0.4135905855257225, 17.62439018406391;
  -5.051734567419173, -0.5874441228122006, 17.48030714926621;
  -1.895265567965394, 0.7807558464690459, 7.196401790836648;
  -4.952704287146803, -0.09828962154243089, 17.34107259002916;
  -4.625459150051596, 0.5090193854153512, 16.38737672749389;
  -4.835636397742265, -0.6577839433363198, 17.18763527650586;
  -4.314002633170446, 0.6005726886713512, 15.46294970620048;
  -4.391742858883813, -1.024151126215194, 15.76692005005858;
  -4.753126947139434, 0.3432887341968102, 17.20255762838556;
  -4.786668994009208, -2.79980623236651, 17.33699774031405;
  -4.846997844752608, -2.918506876245329, 17.5880031829284;
  -4.679652423877552, -1.001153445827311, 17.06184548475794;
  -4.683943213679527, -2.653257226286631, 17.16512051130215;
  -4.726757815734143, -0.592468843399385, 17.33529647192777;
  -4.655232707092704, -0.7431895273226477, 17.15029579977969;
  -4.716671251408101, -0.2923606442733874, 17.43398310902996;
  -4.616467474960535, -2.722739323501799, 17.14989275363877;
  -3.968628714918151, 0.7477407896956834, 15.07111730741486;
  -4.620935214920087, -1.103234949759146, 17.37781131520284;
  -4.509036063224072, -0.4374103412038045, 17.03250962854521;
  -4.163956630856845, -2.534853244835326, 15.88539722659388;
  -4.184577311669955, 0.6511931487786196, 16.00941338584468;
  -4.430407596768092, -2.21196093495344, 16.91947178142393;
  -4.555914685509327, -0.1491107306925631, 17.43883869277087;
  -4.574118103580524, -3.702601408719319, 17.52250577889765;
  -4.517801153015578, -3.522827014486149, 17.35800573707637;
  -4.26627292426057, 0.4245656743580595, 16.49369656578119;
  -4.456813628200277, -3.04986665547393, 17.28792753097731;
  -4.54728601133647, -3.637155600833169, 17.61971011091123;
  -4.439116401568286, -0.826445893675657, 17.26203887718699;
  -4.422913878629501, -0.3897178146528214, 17.30068910807358;
  -4.405826247472041, -1.021685829227418, 17.2326700585012;
  -4.434657484746361, -0.2361114477260058, 17.3524663252748;
  -4.153706103951572, -1.621848860498025, 16.3241474773505;
  -4.358547465524508, -3.407303414744181, 17.16711415028088;
  -4.525166465651951, -1.252431821085164, 17.80931273020694;
  -4.382508639382215, -3.35357909173459, 17.29524830150312;
  -4.030293951791022, -1.424684968461637, 16.02023573070121;
  -4.48664153410874, -3.620305557182237, 17.74347876448512;
  -4.357049452194221, -0.7462875359889679, 17.29607184266333;
  -4.382109850313211, -2.729435614497969, 17.42749292952022;
  -4.232306208625171, -0.8505723152556391, 16.89049686258434;
  -4.29386834767754, -2.013009052345159, 17.13069956660805;
  -4.320941999431604, -2.303858912764184, 17.23797613132451;
  -4.424500875052855, -2.675481934267023, 17.67393801598789;
  -4.229252538662235, -0.7924834081414017, 16.96934427384849;
  -4.405113350578978, -2.165990199242805, 17.65910849166147;
  -4.451376816615214, -3.885084900592425, 17.9495472941343;
  -3.741307814336778, 0.4817411892917941, 15.34126476020329;
  -4.250888547026609, -1.407834620298049, 17.30970830296732;
  -3.767793037817133, 0.5538356831895851, 15.49938343457009;
  -4.185751634718849, -0.9181890585643717, 17.13020166610039;
  -4.162560781801812, -1.676908816748187, 17.0502792909236;
  -4.240194465840824, -2.416903048934917, 17.40781758616041;
  -3.848963550208473, -0.3860752903830577, 15.93251937592296;
  -4.122442529781572, -2.546118531682231, 17.0786906876783;
  -4.15937826736083, -0.786856960630568, 17.26684939321016;
  -4.277028925353609, -3.436875941638284, 17.71140725288046;
  -4.131082345159365, -1.884989057030769, 17.20879687245693;
  -4.268167858646618, -1.17745406300752, 17.75447947348062;
