m=[-9.36866673758262, -2.80973429004626, 13.25708398798496;
  -9.475325469540444, -2.504593584129137, 13.42161636893844;
  -9.311651228657325, -3.042235565601392, 13.31748896852884;
  -9.345594826605883, -2.819009369155903, 13.41033012199539;
  -9.223190640450021, -2.962497188222274, 13.24786847784234;
  -9.299879458190995, -2.9271311837376, 13.41732316120727;
  -9.154478930860353, -2.907167199085082, 13.29906266430423;
  -9.06107416033349, -2.085911073761369, 13.20809469102923;
  -10.24184114324107, -1.861036713429141, 14.80279678630234;
  -9.430574932380409, -2.947168504283759, 13.7106644427012;
  -8.996590083776979, -2.89414049846821, 13.19913731243444;
  -8.954855685950049, -2.932880089180323, 13.1635593843228;
  -8.943550792832841, -2.083346593100296, 13.26607598190638;
  -8.803521310036095, -2.003537587172148, 13.12911948569237;
  -9.363156680514686, -1.467778462786858, 14.00327719256423;
  -8.289838284412117, -1.954203754202788, 12.71470898407572;
  -8.425737287456421, -1.739844928987733, 12.91588614010356;
  -8.297160789239097, -1.952851988461896, 12.73772404101253;
  -8.328004125882218, -2.742984069267717, 12.79518555402268;
  -9.288972012461592, -1.487716533928781, 14.21896168986102;
  -8.428995793012277, -1.610555188933835, 13.18518072777056;
  -8.258592238269687, -2.858409362823109, 12.94200662386019;
  -8.314412265186569, -1.689501621090902, 13.0392141247457;
  -8.274215370296906, -1.660630348905202, 13.01707818645694;
  -7.991922423614335, -1.88841959723746, 12.60893182338854;
  -7.98370884677647, -1.836939881620049, 12.61014359700691;
  -7.994291878262655, -1.362964965877623, 12.71943033331949;
  -8.422039591447502, -1.385310908000824, 13.37168913826839;
  -7.797890491875064, -1.640218277575991, 12.52425224924438;
  -7.593479432625896, -2.557700901915483, 12.23521697793642;
  -7.731650138269617, -2.694136870022756, 12.47265458098308;
  -7.81634535328072, -2.795996941324465, 12.62115639276308;
  -8.684477390123837, -1.226521984918137, 14.04348652849562;
  -7.720834336970734, -2.890242953270681, 12.61914585732572;
  -7.623945853975028, -1.361896821116699, 12.5330625766759;
  -7.970826737261048, -2.008937528106189, 13.05889329218373;
  -7.638560694120072, -2.523740917125604, 12.57289171559868;
  -7.665787197826449, -1.730542639182439, 12.66572096053111;
  -8.057882215481337, -2.114250933675784, 13.36911595701176;
  -7.813536297169935, -1.957556589353743, 13.05578348394833;
  -7.551582916618395, -2.854491698019894, 12.75422308380517;
  -7.170437509419743, -0.9226104376266988, 12.32592710946047;
  -8.131314732162851, -2.19142713622337, 13.87294787521979;
  -7.560912023467235, -1.863612380500342, 12.99227121085152;
  -7.809843822770763, -1.310408722142768, 13.42562109916711;
  -7.687197555664843, -0.6280518323477443, 13.45078885329129;
  -8.520749522867707, -2.474287380349546, 14.80946492808058;
  -7.436268704244637, -2.951574824103961, 13.12057019722171;
  -7.290365081473503, -2.620261855480802, 12.92154015044157;
  -7.440239773856689, -2.926677477655219, 13.21038012244078;
  -7.625616321155326, -0.589883781971292, 13.69156959400353;
  -7.372436362790584, -1.980283190841935, 13.27672326285567;
  -7.398333186621111, -2.950891190278222, 13.32113913086213;
  -6.935735854678777, -1.905977505210626, 12.69035207004812;
  -7.187058878705456, -1.738048492755644, 13.12673469994918;
  -7.095814463454957, -1.515379351362231, 12.97677895225227;
  -7.184445638512555, -1.666670739116087, 13.14303537903975;
  -7.056931251231735, -1.027676807161806, 13.02028299765434;
  -7.095393923733854, -0.5914469588791123, 13.27072562965207;
  -7.287190156245901, -0.5447654032752851, 13.70992344698842;
  -6.713345738787254, -1.00070418280743, 12.81920404425565;
  -6.649527287061479, -0.8480076918794155, 12.74468932837391;
  -6.950942600770667, -2.128974648567066, 13.32194246559654;
  -6.629655158482664, -0.7613084423724862, 12.75727728293512;
  -6.095694451236665, -2.492207779459417, 11.86708372380142;
  -5.929636500308103, -2.511152819347293, 11.59751995309181;
  -6.333017483182685, -2.335534231971174, 12.3213577389612;
  -6.550290069158223, -2.205535490965833, 12.72723944466218;
  -6.893390755635799, -1.3633769949443, 13.37223963801406;
  -6.145139201684836, -2.421883544330888, 12.02515697772098;
  -6.112935204566317, -2.654931825457624, 11.9734434794607;
  -6.584000594427437, -1.744242359932413, 12.84040013972417;
  -6.027372953359723, -2.476788723105341, 11.87773814162228;
  -6.511069154045515, -2.067525581846688, 12.75826181598914;
  -6.971713194936823, -1.081833336080804, 13.62877494470515;
  -6.621394066885351, -1.914892686008457, 13.00247542821549;
  -5.987830545554894, -2.50853731625393, 11.88967054583232;
  -6.03066825631539, -2.601555552158341, 11.97329554903707;
  -6.844705152478912, -1.532601608083439, 13.45805581188762;
  -6.020700532652667, -2.382571578975688, 11.95890783855206;
  -6.730135425042829, -1.323091733428574, 13.26809824165502;
  -6.714559703073936, -1.196206165761113, 13.24038296427259;
  -6.385531898991019, -2.101578175709283, 12.66024121646115;
  -5.934317737628907, -2.397241419212787, 11.84335791899308;
  -6.344694373819891, -2.302605718738153, 12.61584927936793;
  -6.788649499525331, -1.273776516516934, 13.46138143572584;
  -5.898391644432642, -2.522128469658409, 11.82309724442977;
  -6.378174476764063, -1.974679613656576, 12.77502761506091;
  -6.747868148640903, -1.371429025894954, 13.50327057509632;
  -6.323225370019933, -2.183084601930962, 12.72717903589633;
  -5.963116207881941, -2.262364861337291, 12.05854457161645;
  -6.328694308496231, -0.8490694422884146, 12.7564100513084;
  -7.190260636523139, -0.5159750216748242, 14.40968508127891;
  -5.874546191480333, -2.715917291221206, 12.04291100311095;
  -6.52447278560973, -0.1407667817463394, 13.27326802097401;
  -6.091198974594893, -1.998735211341396, 12.46808631650823;
  -6.391100409251575, -1.063215963117797, 13.06444596304656;
  -6.365276327617524, -1.206025705775589, 13.11609632075713;
  -5.7979015143941, -2.634891555455805, 12.05515374247346;
  -6.378453293361511, -1.019134184639644, 13.17355847842389;
  -6.688949687572854, -1.727913129189798, 13.79341628858369;
  -6.509808417757685, -0.1993692858847337, 13.49840844141355;
  -5.855906607501297, -2.827133894432294, 12.25154656538348;
  -5.670684350377282, -2.689195749086264, 11.93380976412841;
  -6.219451669703605, -0.03921538538718476, 13.1007940843541;
  -6.602400208641839, -0.1352123292614719, 13.84913961756277;
  -5.745888416603092, -2.669559557219374, 12.18183123446426;
  -5.653531145387534, -2.509359388473618, 12.02786488629856;
  -5.617999283531928, -2.415683116679373, 11.97194070593662;
  -6.366049238468216, -1.178938844526334, 13.44680203138234;
  -5.794116467050109, -2.00785649071216, 12.37184920078152;
  -5.848605568474525, -2.94394314058904, 12.53092685020792;
  -5.700019036245383, -2.644204131662684, 12.24868676678083;
  -5.611434174919666, -2.520200043948557, 12.07679076122998;
  -6.201657003120546, -1.135323412679197, 13.24829826982302;
  -6.174468278012107, -1.28637290018871, 13.20440562155627;
  -6.264904888828334, -1.083959881979533, 13.40720930396208;
  -5.813001256828829, -1.934566114386321, 12.53809418250659;
  -5.880302065117902, -1.839549380731547, 12.6821872948069;
  -5.62166647739516, -2.495611715096059, 12.19074517128439;
  -5.897081180893875, -1.675045853773217, 12.87023316967816;
  -6.068070324420368, -1.27234052702833, 13.29951388209531;
  -5.982666461291689, -1.15856544223587, 13.16884189878152;
  -5.779878333621156, -1.812142426044779, 12.79971459514508;
  -5.382971654975781, -2.750179576117541, 11.98980861946529;
  -6.130224158247307, 0.03546253958668241, 13.55571307895774;
  -5.409753255133225, -2.839759298159994, 12.08103449676201;
  -6.106035843176301, -1.475081154962559, 13.52816222923513;
  -6.051539110093703, -1.330671609059266, 13.48813748037722;
  -5.72814449200636, -1.797473765379875, 12.91994226538463;
  -5.175633233476768, -2.67253482338263, 11.84631415145562;
