m=[-9.348928109751808, -1.468637061307646, 13.01963716723905;
  -8.213191028202507, -1.94051011001762, 11.7223850982337;
  -8.144997612684024, -1.882463572077172, 11.80933784429906;
  -8.314036233880312, -1.487575101160928, 12.04017922839529;
  -8.316702100671398, -1.625928117406703, 12.05532188963543;
  -8.170545294903276, -1.869596619633235, 12.07481154761896;
  -8.371418633399349, -1.341839065510809, 12.38486247504983;
  -7.83671047283894, -1.629266068230504, 11.79197113293485;
  -8.741327873618429, -1.268404982175273, 13.06209089993397;
  -7.757581904785601, -1.345804513834092, 11.71179107260858;
  -8.095614407790491, -1.989938374335239, 12.22283471036339;
  -7.63932735252092, -1.677026050159592, 11.60149695032868;
  -7.922442166741055, -1.837242010052149, 12.02074895536822;
  -7.802015932382909, -1.523982678405403, 11.9545942769913;
  -8.004119637254906, -2.042318748153396, 12.25982654562915;
  -7.716741683974145, -1.88724779734976, 11.88267931319436;
  -7.524782975630171, -1.808855183901076, 11.91069981950815;
  -8.082143187167585, -0.9461484011183361, 12.74012031455309;
  -7.511388401763185, -0.6575794837529175, 12.15008009337158;
  -7.773302721399919, -0.6049574314301837, 12.56268338436448;
  -7.247611935959476, -2.561140863985921, 11.83028638737885;
  -8.562788431821177, -2.431540211395627, 13.84891439758084;
  -7.823392360305195, -0.6190448007076042, 12.80509125771128;
  -7.204109734887253, -0.8682762085259533, 11.93564787980215;
  -7.356489752874127, -0.7161612737576922, 12.18043022176396;
  -7.253108375694166, -1.449140049677244, 12.05894305346861;
  -6.887937010784793, -1.847138488248373, 11.585400455621;
  -7.318844122455237, -1.789145550888967, 12.30225358865156;
  -7.084633212179626, -1.444104931406596, 11.94177715707593;
  -7.243601412618289, -1.707023915311562, 12.196659337151;
  -6.435138286852415, -0.1756817442902876, 10.96022014348148;
  -7.220668017767175, -1.632054121460009, 12.17901358167446;
  -7.420418965194146, -0.5592881193552196, 12.56153861935912;
  -7.18596978912758, -0.5475789401796835, 12.39783818565602;
  -7.133478996704527, -1.812893946620445, 12.35853483588626;
  -6.820928556278368, -0.9005300319201375, 11.94923743021685;
  -6.706242843738735, -0.9552758873905, 11.77926616552674;
  -7.11786279686434, -1.667279292966233, 12.4452857561683;
  -6.83531019077359, -0.8336475817203226, 12.04534013495807;
  -6.171583460800091, -2.480930783124275, 10.98197698372623;
  -6.6820272281904, -2.004433308531116, 11.82150661010141;
  -6.75409068416415, -0.7313484231820341, 11.94949530299385;
  -6.303773256625995, -2.291836798989593, 11.25243434785947;
  -6.871784131810777, -1.821775424046204, 12.21514036465119;
  -6.017076463024892, -2.426096746643401, 10.83626114022112;
  -6.013279084308198, -2.314105391281565, 10.83080606427324;
  -6.484291542436393, -2.049705041902144, 11.61893316511884;
  -6.894493483344727, -2.27464619367248, 12.31837934978662;
  -6.643360661974428, -1.713637215605586, 11.92074027731847;
  -6.897798965881334, -1.320515767717073, 12.35247835187224;
  -6.494318475860547, -2.020374840587814, 11.70467508762551;
  -6.627116670026756, -1.869018395552127, 11.98619890386001;
  -5.95771556257866, -2.504799202209469, 10.91123168892324;
  -6.478303615553616, -2.0869481822641, 11.80488690462763;
  -6.744218806627626, -1.281125199339001, 12.26565433091431;
  -6.337357681853894, -2.262698592787469, 11.58259837949414;
  -6.776698132525953, -1.163342601285252, 12.3252447444451;
  -6.903639660318847, -1.502523609718566, 12.53788922393202;
  -6.499941306496446, -2.210155291036547, 11.8886085240475;
  -6.430175706580501, -1.94552267750759, 11.84548043997457;
  -5.875310707471402, -2.510638781576553, 10.92037484173858;
  -6.343262732483638, -2.145428190481718, 11.73988651675635;
  -6.335892392911134, -0.8101852804681936, 11.74179547436736;
  -6.720684223625256, -1.324660002906599, 12.42526784477286;
  -6.618566751141586, -1.157999492611862, 12.26438457890538;
  -5.967224590456096, -2.369000093840386, 11.15833143513249;
  -6.827412933506323, -0.1503200450957162, 12.62671761509622;
  -6.288778155719196, -0.02976927901423557, 11.75415665658528;
  -6.122630746856894, -1.96201648873601, 11.50120582153401;
  -6.638754524524468, -1.375765835511363, 12.39761356674565;
  -6.507877901698797, -0.09351039446344615, 12.21083315370217;
  -6.364514719820739, -1.015069970539996, 11.9855040309881;
  -6.021803549203163, -1.90763740757194, 11.42399755619073;
  -6.262569013962481, -0.01730735693329806, 11.88892118197245;
  -6.37900450526862, -0.9744779562791642, 12.14502425519519;
  -6.435165940039669, -1.241292131712801, 12.28154144782189;
  -6.615660265731604, -1.662188094191401, 12.62420317048845;
  -6.850329767150866, -0.2723342636267806, 13.12332347527631;
  -5.70078217630869, -2.484241953185638, 11.09620922605473;
  -6.0412416687124, -1.827333054637094, 11.7152896326262;
  -6.266842711511824, 0.0009173635645192168, 12.16034529689312;
  -6.324670460280952, -1.28171445428105, 12.27291215007688;
  -5.834395680707888, -1.978656738046983, 11.42623410074389;
  -5.711173044508326, -2.455487855337388, 11.22466772829245;
  -5.605895477633112, -2.474678362095981, 11.04377517068606;
  -5.598553750738101, -2.437500037715473, 11.11920430313835;
  -6.199046128795049, -1.08683379681169, 12.21241339026652;
  -6.196079715455695, -1.259714611428071, 12.22226480734601;
  -5.932749796792085, -1.925870337363857, 11.74771509803893;
  -6.288337592338027, -1.042717401041918, 12.42283657254658;
  -5.937878309962843, -1.640525399971899, 11.92385299738314;
  -6.377697574379076, -0.9147240331416358, 12.80875036438676;
  -6.038683129290081, -1.221914754855425, 12.20996835629357;
  -5.974851694147032, -1.113096031002349, 12.12279467959189;
  -5.745251792418939, -1.76144525277777, 11.70400002488803;
  -6.156170893357822, 0.08047068511826092, 12.57433973860172;
  -6.125735692534018, -1.432771025028231, 12.53757625834394;
  -6.478602157070441, 1.497406703851868, 13.24137060765798;
  -6.03898370472139, -1.281421548465989, 12.43100289856263;
  -5.744254407134431, -1.759785620134693, 11.92636966553917;
  -5.948358706942496, -1.246698898507552, 12.46816220203226;
  -6.53250018908455, -0.431566153405664, 13.65422135789051;
  -5.875053866892315, -1.289079148384882, 12.43174526695449;
  -5.458211936829621, -1.897747815785579, 11.6453513447216;
  -5.72909672076351, -1.181374309725088, 12.22822324507854;
  -5.146769251134701, -2.360030268837667, 11.0876039627335;
  -5.061266693347521, -2.369451628296206, 10.93295666390732;
  -5.674384445180847, -1.327066971330364, 12.33981385464935;
  -5.692961262161889, -0.8894740135561148, 12.45350852583232;
  -5.643739682466484, -0.946952577274749, 12.35822179297289;
  -5.688839799451747, -1.24123164377096, 12.47698383890255;
  -5.165429942942327, -1.23970072811136, 11.42089618732291;
  -5.30320811792685, -1.370584281993283, 11.85587048722219;
  -5.23822428625573, -1.426501319631029, 11.7998213782791;
  -5.201704438949954, -1.738313998156949, 11.73081881403845;
  -6.107756768450841, 0.9885127531701629, 13.61845759233046;
  -5.556497996164648, -1.281064664265217, 12.51581441899285;
  -5.203649044831765, -1.356387461368136, 11.80829801237774;
  -4.730683530993654, -1.937504327730169, 11.37402823305516;
  -4.776507013914816, -1.992844721786859, 11.51709988799374;
  -6.082018395801702, -0.4898724910628907, 14.48933843620428;
  -4.634556153650348, -2.045168741802603, 11.70308551077393;
  -13.81443824202908, -1.832904575710833, 38.28816069579251;
  -3.875246580972338, 1.703564477883207, 11.56191025118677;
  -6.502248458721597, 0.9614805721335226, 18.8323875770789;
  -6.135135446062972, 0.6938889507419078, 17.82102540382525;
  -4.474665765625002, 1.641426046100253, 13.28215597297896;
  -6.354236799447819, 1.061318514714485, 18.46505131952042;
  -4.29742238553055, 1.651188841047117, 12.85961078982841;
  -6.446362160375954, 1.164961896393928, 19.00191752990148;
  -4.395630244396079, -2.97742747719116, 13.69413923235715;
