m=[-22.49668894443291, -2.516504206405613, 28.92737170484518;
  -23.89015473432538, -6.112063697484452, 30.73016626266523;
  -20.9639696337054, -2.482232387932568, 27.29461082337981;
  -21.95298601715929, -2.723265751894674, 28.65528566254224;
  -20.2357800331836, 3.385930237444111, 26.56078113090057;
  -22.57499912473627, -2.936185897568528, 29.49968818825347;
  -20.09213553258371, 3.041032637116437, 26.50053687604332;
  -21.68617628739857, -2.614926496991046, 28.53242093438589;
  -21.46783901041594, -2.970922968563224, 28.28511567760058;
  -22.07227409026901, -2.964377783825743, 29.33257180253206;
  -21.40723838770487, -3.439785047089289, 28.50502698402275;
  -21.28571774342892, -3.20557613368569, 28.41961557744797;
  -19.96731953817777, -0.9759195672000487, 26.76801169926018;
  -19.91053890199092, -0.2939715071083336, 26.75382181383455;
  -21.46806961089605, -2.906150752215231, 29.20540401024783;
  -20.21925473577438, 1.231735530751865, 27.7504158332856;
  -19.43220368083203, -2.736414065429314, 26.76723814160084;
  -19.46946310031847, -2.891399625421231, 26.88148796394433;
  -19.59852459783291, -2.884856114714737, 27.41741264593897;
  -19.03816344990735, -2.678702965315836, 26.66615870692746;
  -20.099865306563, -0.6568835638482206, 28.14284531142897;
  -19.74968450975708, -0.1741393794673721, 27.71727948416016;
  -20.21195702002597, -2.686947105125666, 28.37693162790854;
  -20.02728137220246, 3.238253101346661, 28.42438025810122;
  -19.9831593201017, 1.171936493494758, 28.54497763355364;
  -18.78331090858573, -2.849325879659276, 26.91129007862364;
  -20.08763906250786, -2.325149386786488, 28.74814139686219;
  -20.97431675973325, -2.221971045906956, 30.23534027774342;
  -21.47987857550409, -2.077162005736701, 30.9562304646887;
  -20.14936307377845, 0.6116165187160056, 29.2722075065153;
  -17.67790902567377, 3.149737631736203, 25.8374706094807;
  -20.09654535917452, -1.594457177523486, 29.24303884447684;
  -20.43396855116876, -2.080403124913691, 29.79313568778396;
  -19.99944173489814, -2.602654965665985, 29.2814264138088;
  -19.38063199006428, -2.399943833030091, 28.40442144135912;
  -15.28960950264448, 3.649472779419772, 22.75124638030884;
  -21.13967242247862, -2.055247436348461, 31.06164811973964;
  -20.90707695708384, -2.894481961104289, 30.75252584878083;
  -20.87786358656787, -1.800639549541997, 30.82359667891417;
  -20.99857233110718, -3.005326557448603, 31.07623288575216;
  -20.87526265737376, -2.781013834727403, 30.9373064883741;
  -20.81856661564268, -1.60201971836028, 30.96326002707119;
  -20.75215899322372, -0.4671232031179222, 30.92702143115587;
  -20.77422187949339, -2.863990994333395, 31.00023878948274;
  -20.23521971882055, -1.277344593441313, 30.2712959876126;
  -20.22513066037274, -1.084126567086111, 30.34778541157881;
  -19.72424699179124, -0.8883062226621877, 29.64730387933545;
  -20.69385013243436, -0.5955287472587258, 31.09261520081363;
  -19.57885136286711, -0.6359996352839805, 29.63378849630459;
  -19.96382934210676, -0.2667090755835234, 30.52656518841669;
  -20.3988372752384, 0.4652212568386115, 31.34835518779888;
  -20.1381563477533, -0.4350353140226014, 31.03721155821517;
  -19.5016694383667, -0.6935892389994316, 30.12827112036391;
  -20.98536630977392, 1.556728701339676, 32.43611529751996;
  -20.43049025897639, 0.124609412410183, 31.75302521306758;
  -20.3017938393011, 0.9544471642669217, 31.60922354582618;
  -19.90552370082601, -0.521419462716725, 31.02789237019346;
  -20.4993276287087, 1.210958804586419, 31.99044105372315;
  -20.19168710757953, 1.323645088151015, 31.74566827368352;
  -20.04552305894182, 1.886652172595711, 31.53001329468685;
  -20.53281365934396, 1.647837628953452, 32.27804883172944;
  -20.38975707316956, 0.5321940843164539, 32.22221229625436;
  -20.3159674516981, -7.431616942884968, 32.08938631462457;
  -19.65535917491819, 3.042197596702013, 31.26538643007757;
  -20.2142529679127, 2.013833272778891, 32.21097528454081;
  -19.68117173488578, 2.590570288129223, 31.54613142484656;
  -20.1020347324311, 1.497172625793252, 32.2381582722861;
  -20.80297741053276, -7.833230123354313, 33.2937628151876;
  -19.50308329353415, 2.270001772833083, 31.35995630677282;
  -20.52856712130819, 1.136233530447013, 32.95646182279391;
  -14.32727551489723, 3.496904825181009, 23.33447988583242;
  -20.51709317639286, 1.746190931553663, 33.08294398601159;
  -20.22200271748596, -7.48938716067947, 32.76768408501127;
  -14.49785816745878, 3.291914171043287, 23.90294836292847;
  -20.11244761693217, 1.346144843854924, 32.76904374309473;
  -19.72768513802408, 2.697591502645026, 32.20926324370144;
  -20.2538141141937, -4.626620281983337, 33.10777654839401;
  -19.63376625518506, 1.347240201319946, 32.29916408000652;
  -19.83957821510877, 2.114907801410744, 32.7754096073101;
  -20.33263294526308, -7.148185459270206, 33.69113408096088;
  -19.6417124085887, 1.134490275232483, 32.63907667480088;
  -20.32933367602436, 2.464093922955457, 33.7947961500866;
  -20.74196163844855, -7.479232347136867, 34.50838575005632;
  -20.57139113885602, -7.637559870274761, 34.46800428673754;
  -20.37110705088911, -5.720607835816316, 34.2435952267337;
  -20.80224694830474, -4.31431254171808, 35.10685606140287;
  -14.34708405868742, 3.241701786498619, 24.61358170919797;
  -18.20125434138766, 3.372640412779047, 31.08867031040721;
  -21.08313169683713, -3.90956101470724, 35.87826640800912;
  -19.94435704304831, 1.422719822809466, 34.38750313137099;
  -20.50551716761815, -7.6253577743101, 36.0747036852945;
  -19.35759035166977, -0.2526574188469876, 34.22851114198649;
  -21.32977868728892, 3.139944496084751, 37.73139919268739;
  -19.25873786174853, 2.343876850774621, 34.26472618732417;
  -20.39753874761404, -5.484123735688908, 36.24864959849613;
  -19.89281525208255, -0.5376859874325561, 35.40742480453752;
  -20.07632934972104, -2.816622595722738, 35.78620918648997;
  -20.07712442338481, -1.13473848075885, 35.85253637533153;
  -20.39237283297024, -6.240057369912404, 36.45818768198368;
  -14.11608150031067, 3.052526816936237, 25.63194854434608;
  -20.1953704837533, -7.357879808381298, 36.21939746151483;
  -19.78419552682683, -6.35016420717044, 35.54436682653763;
  -20.22569328006672, -2.577391298401045, 36.61302034153444;
  -16.47144111218428, 2.825645845469496, 30.23427551864072;
  -16.4664073282734, 2.974317828292486, 30.25354029273126;
  -20.53104091810076, -7.637230492233518, 37.40866229278826;
  -19.94775625410589, -2.289367555613296, 36.47879928979425;
  -20.19959513957878, -3.838057083775117, 36.96690964355374;
  -20.02773255356463, -4.12440820438368, 36.67988572080251;
  -19.70256658405017, -1.410805160336724, 36.15032922417611;
  -20.06564837936442, -0.7522868591000995, 36.92580767851661;
  -21.08131217447769, 0.7533034268287938, 38.7610037446748;
  -15.61605429590463, 3.030700923699678, 28.99174703572383;
  -19.86724978348946, -4.23940134410347, 36.70626770635766;
  -18.5513619278031, 2.145005104319213, 34.39994986697194;
  -20.61942242868531, 1.653404138553582, 38.16590110934576;
  -19.98145657784002, -4.517047140770598, 37.0329511212945;
  -20.54414203194431, -6.356975271232551, 38.03419707450673;
  -21.32388811835743, -7.784723515520724, 39.44447384344453;
  -19.84014447905744, -3.564546947443156, 36.82306716269102;
  -13.96452826482901, 3.182431510229204, 26.39451977818734;
  -20.33608640678315, -5.761316316000455, 37.95768192151216;
  -20.13207855312227, 1.978713232251641, 37.80385682385136;
  -15.28375299502273, 2.514577051218538, 29.25757073325631;
  -20.48889835844165, -0.7862003545789775, 38.89817109116493;
  -20.56823133148607, -1.942055681388964, 39.14555371535002;
  -13.85371466920671, 3.197687878273312, 26.76966112332849;
  -20.3150373523598, -5.396735138186619, 38.78060077939123;
  -20.28785567099089, -2.57961937986845, 38.95451668219936;
  -19.52671513658837, -7.484024363793394, 37.56026479007146;
  -20.37785770481051, -0.9564646081410652, 39.57515459266716;
  -19.99436773218984, -5.732090714470497, 38.939034282757;
