m=[-9.859845970798185, -1.388448867694427, 13.58162200616447;
  -9.813018398700692, -1.457326151011874, 13.54883463480418;
  -9.801653610519336, -1.442780052726475, 13.71205165524967;
  -9.720040136876804, -1.367626683432406, 13.61455550109395;
  -10.13744735204119, -0.3313018492098148, 14.193956443484;
  -9.997043718153575, -0.088147179704435, 14.03014081640327;
  -9.927285091914033, -1.319718318866746, 13.93758605487269;
  -9.333291531309081, -1.415809450846494, 13.37202567799757;
  -10.17794087211211, 0.5968976249246728, 14.53869680445469;
  -9.019792647218191, 1.607089406905568, 13.18304258086473;
  -9.584778984525062, -1.300290377601044, 13.94327864041872;
  -10.204491362358, 0.3097485245295438, 14.8246863964704;
  -10.61647865963576, -1.519435929228594, 15.71155210226919;
  -10.48470887370465, -1.396778613492669, 15.53842254303803;
  -10.44124259398176, -0.8034691738658706, 15.52916276187194;
  -10.40923543838564, -0.2343079291930554, 15.51292314163649;
  -10.17426784979658, -0.6422488221402386, 15.22040668784963;
  -10.48320861560906, -1.445243785350135, 15.64352071759854;
  -10.29687918355844, -0.5519430488942964, 15.45045543185752;
  -10.11230024406246, -0.4554201352258204, 15.1996899237557;
  -10.27561760756466, -0.2957122836968578, 15.43916778067091;
  -10.06390663782618, -0.326916060220408, 15.23233795612329;
  -10.01793022513594, -0.1338356917312882, 15.31835375018038;
  -10.13248024011889, -0.2188873026392855, 15.61632194086576;
  -10.52594103890556, 0.7808314747520829, 16.26946283009705;
  -10.04789714341446, 0.9906161484116397, 15.65736211013531;
  -10.30047128136465, 0.4842555137211364, 16.03749412181138;
  -10.31127177105395, 0.609118775200908, 16.09136347081251;
  -10.80274592075036, 0.7854776126644905, 16.84885221903745;
  -10.12407180845438, 0.9528612457141713, 15.92435965768118;
  -10.28789981178185, 0.6744125927022245, 16.17478781825618;
  -10.46191944944354, 0.8396094576170167, 16.44637468908624;
  -10.32226041513386, 0.2694218430359257, 16.312409475017;
  -9.866818602015297, 1.527156617745735, 15.69495086211113;
  -10.2075616801818, 1.016922434785159, 16.26552895710164;
  -10.21089320518591, 1.344027525847342, 16.36661593907568;
  -10.18561879386082, 0.7586112469665123, 16.33494296216178;
  -10.26318915331129, 0.5680561909851046, 16.4764739551711;
  -10.17939911702986, 0.8663592972943737, 16.41385004711286;
  -10.04747726843441, 0.6724870078600415, 16.37027120656826;
  -9.905216239669564, 1.354453245428796, 16.17218214489703;
  -9.907338393379671, 0.679827008132824, 16.29838840927477;
  -10.34252237760344, -3.707877689371608, 17.00466233142649;
  -9.917703546669175, 0.5728389659862316, 16.48047175133946;
  -10.28414465097539, 1.246528722539964, 17.09601394696004;
  -10.31001524816362, -3.624611789342649, 17.08367563796285;
  -10.44086949465443, -3.764816955012694, 17.37046661101048;
  -7.434340445448741, 1.679777898064045, 12.7542116056152;
  -10.28392545239224, -2.887928691304884, 17.28715968424768;
  -10.33275545578186, -2.142976985330833, 17.43804692854928;
  -10.28676167654987, -1.907530768982348, 17.50551963598095;
  -10.10525850316014, 0.7208530992514994, 17.42320435152124;
  -10.29855742407445, -3.829710037348299, 18.11792428460022;
  -10.06970263199125, -0.1314308769498351, 17.80546661407533;
  -7.32423595741288, 1.583826692491073, 13.29933092146886;
  -9.999057982250395, -2.45700539214973, 17.72669643151395;
  -10.06795316783958, -0.2721282670087551, 17.9200525520673;
  -10.29816341702414, -2.768785152370968, 18.30095884756806;
  -10.10932587876143, -1.418294908478363, 18.01994997839483;
  -10.1456900942418, -0.5734239984278148, 18.11757079778661;
  -10.11292634032285, -3.684492769418106, 18.13703288651441;
  -10.09576962301848, -3.240454979177667, 18.13810111157648;
  -8.362598628034831, 1.434588625834087, 15.3500297423753;
  -10.20888796003588, -1.300934342778725, 18.4803664017596;
  -8.45556944470491, 1.527324719130951, 15.53532023066932;
  -10.02124821680835, -0.2651447226309616, 18.28516695164003;
  -10.21569281663804, -1.172436408115277, 18.68161025817766;
  -10.12302938511459, -1.923442740922821, 18.5259709421272;
  -10.31525413902477, -0.9519488206957528, 18.87983276541241;
  -10.1598654907664, -2.092270429190119, 18.60733381291876;
  -10.29180314807087, -0.7369460688549224, 18.88343178671766;
  -10.12671136872192, 1.040207676405502, 18.64106152778212;
  -10.10280613683128, -0.3787671423859942, 18.59168811139039;
  -7.037018947210621, 1.603694046155968, 13.30075261113047;
  -9.214748723358728, 1.065457249098268, 17.08698775615028;
  -10.0272456865547, -2.139678078470777, 18.52610545189666;
  -10.69938267304792, 0.8579485508272728, 19.80422014452279;
  -10.51441424744322, -2.376909042054686, 19.48705728122143;
  -10.50966271028139, -3.252005649803755, 19.45696160432973;
  -10.6462838379923, -3.886644672233956, 19.69326897828054;
  -10.20125335144736, -2.890066761210469, 19.04082831718506;
  -7.829304281686767, 1.288125297506963, 14.98757693141431;
  -7.695910901095254, 1.558869926394831, 14.81656990840714;
  -10.28507716560561, -0.9711186256647925, 19.57460678869392;
  -10.05516609077302, 0.9860797673274429, 19.21756279760764;
  -10.20018467851554, -2.709701888101291, 19.47174809637378;
  -10.2106773614369, -1.29829695312793, 19.60542346431343;
  -10.21442808239254, -0.4794291477903674, 19.83709849642041;
  -10.20870874908346, -0.6316459939651614, 19.89498181893009;
  -10.06179151835537, -2.884567419476289, 19.59534055425131;
  -10.22562325662725, -1.45455679851061, 19.92742424809432;
  -10.0701767449406, -1.902518118924966, 19.63284446293149;
  -10.13818332468887, -2.109219153859057, 19.80186122560594;
  -6.693360486739307, 1.594348044323988, 13.55443932726075;
  -10.23748471772221, -1.953231109778303, 20.14806920707683;
  -10.15520162626994, -0.7458869150209992, 20.03865210111794;
  -10.16969073121024, -1.315013405539844, 20.10098204184292;
  -10.04729749454669, -1.89110178318744, 20.09195762620354;
  -7.381412233740895, 0.9697615768455935, 15.08091231357665;
  -10.25392758407919, -2.890948750827294, 20.56360494314801;
  -10.37007121644958, -2.040443805680334, 20.83242410214147;
  -10.26541696518828, -1.83398390768607, 20.69916116578314;
  -10.3091674238785, -2.242458940531793, 20.79338861727682;
  -10.20235058506204, 0.5883435955772096, 20.68561770991542;
  -7.215714810564233, 1.124362785334529, 15.03143836207777;
  -6.915266034199638, 0.6663003523471704, 14.6817590266784;
  -6.009182689765388, 1.612288579627885, 13.04763976037721;
  -10.68661279709001, -3.909312553944108, 22.50421872272628;
  -10.39180616841531, -3.882716187460734, 22.02210776329811;
  -10.25483017711682, -1.42642990559908, 22.05244675727026;
  -10.25540409592002, -3.503229951111972, 22.08968179171617;
  -10.09145906684737, -0.2022084541257787, 21.90552745248079;
  -10.52444097027398, -3.506253075348379, 22.8116888455839;
  -10.15208841725783, -0.3513667792100149, 22.14152039738699;
  -10.08510596893906, -1.427380653419468, 22.1793483460297;
  -10.47560231709884, -3.089098717465311, 23.03967086986291;
  -10.34734949391192, -3.228616796925082, 22.81409602985541;
  -6.984400447992618, 0.4740227500770985, 15.91871234802373;
  -10.54200769825374, -3.493736489405744, 23.62775060933987;
  -10.5185852330361, -3.616904849286374, 23.81477579259144;
  -7.117765894793767, 0.6881111326773369, 16.53887503222217;
  -10.52610811809966, 0.1655195920197744, 23.94698502465955;
  -6.511691292191852, 0.8580542593600555, 15.27020681765094;
  -10.33857811315303, -3.263604680730751, 23.56213364118786;
  -6.486070381130473, 0.9833582032581255, 15.32832078081566;
  -10.47278581947583, -3.603148296218669, 24.12631813813775;
  -12.10582195677362, -3.149855529477482, 27.8246752835648;
  -6.732066195783911, 0.5100285395185855, 15.9986523510499;
  -10.10065905416057, -0.1511630839488891, 23.4608910950131;
  -10.51629924245728, -3.522556791653007, 24.32756594935274;
  -10.46234866395464, -0.08619073507712641, 24.28559523860947;
