m=[-8.088583353984351, -1.930590874436132, 10.7260903552845;
  -8.14324040258504, -1.891307551377636, 10.7957038331807;
  -8.141001021449771, -1.838686306623284, 10.80168466475251;
  -8.485413579676365, -1.36736505929047, 11.4173448556129;
  -8.396021139109426, -1.349971160663485, 11.40360143128022;
  -8.200079354919229, -1.277461044172026, 11.2157424172155;
  -7.877118393981281, -1.629439544953835, 10.83218293977181;
  -7.863637005524941, -1.547318815427726, 10.84518905422191;
  -7.761185998673057, -1.699960373844109, 10.75636977497474;
  -7.914608344082835, -1.948404210220174, 10.95856127356745;
  -8.721144967609565, -1.274159067129923, 12.01868020124817;
  -7.602430313725045, -1.389735970988051, 10.81497091301966;
  -8.625830012298795, -1.015014122185956, 12.19079654239226;
  -8.671194736447209, -2.470773334857942, 12.28740115274979;
  -8.476218404521738, -0.9890037787008649, 12.29519818936986;
  -8.001881424012074, -0.5382747441806745, 11.79064958672805;
  -7.84614865026442, -0.6282444841732681, 11.65690828891616;
  -7.650080031988003, -1.73680097433998, 11.4823554193224;
  -7.816503380757555, -0.8376791301751906, 11.78095240923751;
  -7.306284131502355, -0.8847864678608198, 11.07693420986232;
  -7.687795071454286, -1.415324625397272, 11.62569100403042;
  -7.642749362490164, -1.856046866697903, 11.615663112063;
  -7.985558120636168, -0.5743818732372367, 12.09894902517428;
  -7.40878455260579, -0.9852625383797196, 11.32154750812376;
  -6.456637344459506, -0.2569943583417473, 10.02759486938505;
  -7.232336877335672, -1.482170016591708, 11.15818806874407;
  -7.306882632080546, -1.728140329399091, 11.28223981432528;
  -6.307630002836406, -0.09981645058109197, 9.922303673077058;
  -7.332411862536405, -0.7672643207971619, 11.42226258838655;
  -7.468050444922755, -0.5674577008296605, 11.62002968568518;
  -7.074653347242268, -0.7992474722799094, 11.11125718094835;
  -7.199960005128578, -0.5591016580561201, 11.40548217930105;
  -7.11767706361574, -1.817540864149607, 11.32225533310579;
  -6.898483443286192, -1.946913210220081, 11.05927770903943;
  -6.963066351345388, -0.7387411166872204, 11.15804984930262;
  -7.150919283451072, -1.680114924330363, 11.48540756546067;
  -7.107237154144846, -1.4035026739515, 11.45500835523337;
  -6.771225646992962, -0.7386378934596699, 10.96377340994822;
  -6.918253524262165, -2.079733922344734, 11.19297257274457;
  -6.864058800328571, -1.949516978184509, 11.14657844551213;
  -6.689315874538407, -1.784456485739052, 10.90833246552961;
  -6.900316251755629, -1.878268623478561, 11.23179466062786;
  -6.687113172172847, -2.113718032863734, 10.93884268567452;
  -6.601027956584384, -2.187257951154546, 10.82815928066727;
  -6.67491476409223, -1.726101502517231, 10.96110345115077;
  -6.740860525621526, -1.982802112962695, 11.06344640301481;
  -6.70197029871418, -1.838762777070744, 11.03451275767041;
  -6.964669468841458, -1.335054781646642, 11.44819811785413;
  -6.631570832992514, -1.873489082108949, 10.98186319359579;
  -7.466081572469056, -0.3126391480821536, 12.29310587429453;
  -6.965288440069299, -1.40907580870692, 11.55747042632803;
  -6.420128039837968, -2.200199735740442, 10.7518941045283;
  -6.78868137606879, -1.167971534196341, 11.33114777254776;
  -6.826005983961754, -1.302217874312255, 11.3892118540493;
  -7.085420693579998, -1.05821723120477, 11.78763810060236;
  -6.94581526126949, -1.518063234987035, 11.59540050606653;
  -6.337390164567347, -1.916652153457227, 10.67641158900397;
  -6.265584357414803, -2.127297137355269, 10.60076294834965;
  -6.344798894244791, -2.286086339282206, 10.76566131682598;
  -6.700546134757965, -1.065640803166174, 11.32715724004466;
  -6.766941855121019, -1.334483808267097, 11.48924588171336;
  -6.103538808535133, -1.956813586877492, 10.45761413440532;
  -6.691038239042484, -1.173239387120475, 11.37369231325456;
  -6.414145651664785, -0.03454355369164562, 10.95369533147787;
  -6.766788589642307, -0.1582949928687128, 11.50926333466826;
  -6.598285211786177, -1.83967647319039, 11.32299331178439;
  -6.660695466619763, -1.385840608599328, 11.42235445982913;
  -6.067694199099943, -1.927139572902185, 10.49462789099719;
  -6.421398633364609, -1.02590945123643, 11.0700727570649;
  -6.745690686200954, -1.494679115721264, 11.58714655752455;
  -6.647481833055608, -0.09649440735401661, 11.43547155471511;
  -6.39241197149292, -1.263426289674509, 11.10060177105991;
  -6.415575917762341, -1.244375168155476, 11.23491877896736;
  -6.450948870553106, -0.936277686280978, 11.31158436982251;
  -6.092939190828155, -1.84169196006024, 10.79439661367799;
  -6.40286081415939, 0.05683831764024313, 11.32151037674985;
  -6.569383404676298, 1.588735944272051, 11.62552592085977;
  -6.308262894051103, -0.001792613169590808, 11.21834561858604;
  -6.746581309746227, -0.1555655735123325, 11.93101650147766;
  -6.860416549011841, -0.27651266193248, 12.12351141934439;
  -6.364265163712068, -1.290471570844134, 11.32934087615621;
  -5.778671935518425, -2.033821272280959, 10.48830054529357;
  -6.428817328392526, -0.8772733033053058, 11.5598813987384;
  -6.256006383150558, -1.096999534725329, 11.30101239507953;
  -6.222354694267231, -1.27111322238627, 11.25764723291809;
  -6.193104421982249, -1.150203924466516, 11.25132740968193;
  -6.304254322827487, -1.050342321500015, 11.43800498534357;
  -6.25347673622948, -1.203943590976761, 11.3687289099893;
  -5.760875862466636, -2.144969250597785, 10.59247263225328;
  -5.76186318790021, -1.955405920122907, 10.59472302207569;
  -5.914858789295562, -1.641863692516999, 10.87245279885812;
  -5.696333968045841, -2.054818103012607, 10.5732655470734;
  -6.097544498559408, -1.236467591195701, 11.30584583898446;
  -5.992765976190797, -1.119896521574176, 11.14312487884918;
  -6.103204654445867, -1.194780530918608, 11.34811902893306;
  -6.203271329927836, 0.07744966371583283, 11.64566655581048;
  -6.169986237117567, -1.446242657461105, 11.60728586019234;
  -6.086926885640886, -1.293799171321673, 11.50776657402466;
  -5.764291263553981, -1.766078249451725, 10.95220896274087;
  -6.482346997679624, 1.493360426422614, 12.22703918506831;
  -6.005260585760397, -1.258884126799291, 11.56305114197382;
  -5.509093999169852, -1.913433297693757, 10.73230217076164;
  -5.849285451556978, -1.283761850621977, 11.36721797911994;
  -5.447928929307492, -2.040389756197031, 10.6682573976407;
  -5.788244993254006, -1.191115467614758, 11.32907715465201;
  -5.563386753305106, -2.002500160759942, 11.08614973903607;
  -5.413616687313928, -1.384568972053276, 10.89068565711079;
  -5.372215825124298, -1.292979272619192, 10.82771072189484;
  -5.268450915214843, -1.365017442991396, 10.77386491616905;
  -5.228991394083163, -1.427274257589094, 10.77021724253938;
  -5.24596851838623, -1.754808268609367, 10.81170082561322;
  -6.131388383630244, 0.9880421363409145, 12.64489451549107;
  -5.127099043106419, -1.525218443460035, 11.02661280283778;
  -4.85046944360447, -1.983790638842197, 10.62512629772975;
  -4.789402412647268, -1.996560161207278, 10.53455679325443;
  -4.821973416239209, -2.262103747639828, 11.03868670682564;
  -4.686903944528455, -2.069046724933375, 10.81464496563897;
  -16.74440803844083, -1.943182490802223, 40.21082445487146;
  -5.541845883977151, -1.167063793670657, 14.08767810966314;
  -15.88726389023956, -1.466473037606123, 39.16792669397268;
  -4.266239481014294, 1.698201964908847, 11.47114308983654;
  -3.842411813682791, 1.688059415602338, 10.45276235050251;
  -6.348514826153522, 0.7104589753206769, 17.36490133846978;
  -6.383511849349872, 1.042278776128821, 17.49600259101281;
  -3.670657614116465, 1.701620550322317, 10.58316795013519;
  -6.40187572382208, 0.749330960973154, 17.80831600285338;
  -12.81656863318323, -1.375078691407994, 35.43883049038445;
  -3.834345092450399, 1.695231995601979, 11.47899882035546;
  -12.55934604470347, -0.1039876068845804, 35.61529269355498;
  -9.521617151724541, 0.9294997174738203, 27.409519528547;
  -13.4357161034367, -0.2961275142953934, 38.28485473863477;
