m=[-3.934365016676969, -0.3723205289365534, 5.894194099701991;
  -3.67966444637045, -0.7540976597232253, 5.677056893068573;
  -3.703073874835706, -0.8758086899810493, 5.717755383483302;
  -3.530090037661556, -0.996273888905014, 5.659250527361596;
  -3.554003705009119, -0.6812655879205107, 5.84190516270115;
  -3.540082567896613, -0.7161576652809171, 5.874042394261194;
  -3.284040230348294, -0.9932105513606077, 5.532524314200792;
  -3.482819576779776, -0.6644280588888332, 5.811095112218617;
  -3.476863678239926, -0.5981835911139796, 5.803314950385048;
  -3.551697135343041, -0.7762516911495858, 5.929232093199184;
  -3.462643444613391, -0.6828552261228406, 5.87904592467563;
  -3.414297580279832, -0.7103871150253162, 5.855141912543394;
  -3.392161940958055, -0.04924039874978325, 5.835438495208678;
  -3.44424062487027, -0.7631589960155175, 5.916209733925362;
  -3.16418695446582, -0.4852397880134706, 5.521576782199842;
  -3.636033900355689, -0.239004812563671, 6.237314335368454;
  -3.110720893723835, -0.9402670009552325, 5.511027441707643;
  -2.990029695824326, -0.9734792350487633, 5.412258601324427;
  -2.885304269173411, -1.012222945664852, 5.328918516955861;
  -2.90550295446028, -1.048091650291658, 5.393057088584595;
  -3.134630940192617, 0.5051298754874337, 6.4646170008663;
  -8.807848341251148, -0.51927294530448, 19.46895331613755;
  -1.99761975083545, 0.8776000576468559, 5.434254716737341;
  -8.320388949921542, -0.9655781253678372, 19.98098103518871;
  -8.186137209019384, -1.201965686833732, 20.0817170539003;
  -2.254005316849622, 0.8555099657655512, 6.5695069156812;
  -3.301716045371788, 0.5829739920812839, 9.192997661385663;
  -6.804335451238097, -0.9286283795887729, 18.32527970620405;
  -5.135836602907656, 0.501360073118436, 14.7843387756173;
  -6.674140070330739, -0.05525987192771588, 18.92626027155741;
  -5.349631724567865, 0.4253189637367383, 15.51493335461287;
  -5.174184307161448, 0.4751847924526933, 15.15130799833887;
  -4.82754364304938, 0.4933381613945647, 14.29738473871881;
  -5.1936892705587, 0.6096812648702225, 15.32935708907723;
  -1.592588315419691, 0.9256910034190922, 5.387679120271955;
  -5.258339263570355, 0.465327948385975, 15.81188549232875;
  -5.959493619892802, -0.238348608207001, 17.92368293818223;
  -6.63733258188035, -0.1071778905861649, 20.05063845986101;
  -5.797470673684564, -0.1754642862825597, 17.68757647783198;
  -5.061749402628805, 0.5809280322491623, 15.6064359384096;
  -6.317399714567745, -0.002306593914733432, 19.23970006623677;
  -5.957617932627941, -0.2700676528979761, 18.34836722879549;
  -5.872550785868699, -0.7967232830500649, 18.13267778533811;
  -5.992402865026524, -0.4754151476132536, 18.60187959923019;
  -5.390606534510451, 0.5225785181731582, 16.90835212561552;
  -5.732424474048813, -0.3026330526144673, 17.94790357275667;
  -5.647873122805667, -0.1964109365299874, 17.84481076866143;
  -5.365280404023946, 0.509456774775957, 17.22500279874478;
  -5.522867804268135, -0.7164865528376473, 17.80707471169911;
  -5.372659176493738, -0.3941827843032402, 17.40138651468144;
  -5.396167157256046, -0.590207619219103, 17.52187802801017;
  -4.369086255793977, 0.5059832930242237, 14.45472972385792;
  -5.338359912817004, -2.902816515460679, 17.51036412352418;
  -5.417805590597784, -3.414326358350142, 17.78386601186168;
  -5.100648157859673, 0.05349463341462462, 16.79651626261613;
  -4.588813917071818, 0.5939888565137036, 15.2982766269112;
  -4.698577779151805, -1.055290436462906, 15.72734717337448;
  -5.298804170964219, -0.6793106257011076, 17.65350787535592;
  -4.994891323722749, 0.3978547736403124, 16.93557807738438;
  -5.017274766667302, 0.5310631995103665, 17.00943635683227;
  -5.048443817229519, -3.39650765964107, 17.1228651872849;
  -4.435668342912358, 0.5954170999219951, 15.168859222116;
  -4.854675888940348, -1.214277379672725, 16.58718238274608;
  -5.144923979548183, -3.14581782445731, 17.51485627765331;
  -4.957866966757327, -2.506436816861781, 17.01721954728507;
  -4.928360394043525, -2.737454201969001, 16.93455283327287;
  -4.968619938792366, -0.7634028430150411, 17.16054043985341;
  -5.048005667590999, 0.5178653479119086, 17.4593431912566;
  -4.381723450339151, -1.77797753030237, 15.30920721930791;
  -4.540361338756098, -2.225189555627493, 15.91845425051415;
  -4.405328775735479, 0.6284197638558352, 15.60538856967341;
  -4.919479349970189, -1.131236880035555, 17.35290739215812;
  -4.925825925353812, -0.9526459301472536, 17.41268077665543;
  -4.87224704457905, -0.434555805603093, 17.23562371262428;
  -4.693371024799709, 0.6062341587398259, 16.66298088863484;
  -4.646766218377842, -2.261947774466725, 16.61262737067428;
  -4.805622976668419, -0.1166777260298138, 17.24658878302702;
  -4.946027721430515, -3.955411840417872, 17.81342668341334;
  -4.794840986590155, -3.683215625102018, 17.2930531969074;
  -4.805796490408769, 0.5178601102929908, 17.3545081091392;
  -4.401084785676232, 0.5753419230318132, 16.02745071751068;
  -4.762077536350351, -0.9311099372524558, 17.28588406353749;
  -4.69630369950796, -3.16091189200616, 17.09354717379609;
  -4.707503125777795, -3.247903409753963, 17.13818235667793;
  -4.823285755441725, -3.803839756238845, 17.56356723542103;
  -4.701682977626595, -0.8330915776977951, 17.13685518419091;
  -4.467016271376795, -1.698356354480821, 16.40425296732812;
  -4.605662968393535, -2.026558941692698, 16.9043272163489;
  -4.700987543265985, -0.3749210151951228, 17.23336018179361;
  -4.733677022302694, -1.056561436418786, 17.35600304260014;
  -4.712923961765306, -0.2109857055897727, 17.2842139209132;
  -4.507763134071801, -1.202382620317777, 16.66023588048198;
  -4.628186472343809, -3.557208923041399, 17.08877835987893;
  -4.440344080253754, -2.111501648794539, 16.45128273126514;
  -4.565753310557172, -0.7397040071821509, 16.98765710404354;
  -4.67047000597557, -3.716603693971171, 17.36676155931075;
  -4.574628765094472, -0.5541395129387113, 17.05088988900607;
  -4.676709256320217, -0.950502694866272, 17.42316434633385;
  -4.623819361540494, -0.8792326501423592, 17.26795964426395;
  -4.719479783157261, -2.88173801549883, 17.60929913327875;
  -4.66015210857409, -2.134842640583488, 17.42681920484959;
  -4.659222880544229, -2.431943732293573, 17.42968084492976;
  -4.571925858679609, -0.8134517659484059, 17.17344179539722;
  -4.67082157977062, -0.169409827268959, 17.52611014327983;
  -4.750525641684997, -2.824821668589603, 17.83400943283265;
  -4.592313243797699, -2.208546338700885, 17.28780734379155;
  -4.502332627712077, -0.472877305981035, 17.017437932987;
  -4.079545328595248, 0.5566631483530272, 15.54199707091125;
  -4.657967752307724, -4.013230606528639, 17.67619314533123;
  -4.020357516236276, 0.6246830488636327, 15.37741018508442;
  -4.420109906275189, -1.418522168778554, 16.87496924197614;
  -4.465167783916964, -1.960073689595835, 17.0687451237638;
  -4.572210404229489, -0.2677089123680984, 17.49351643753975;
  -4.491863761430481, -1.760930668133729, 17.23599197363742;
  -1.568974832818572, 0.891498544834156, 6.666890210114719;
  -4.493986392643292, -2.508265130949746, 17.30844173442575;
  -4.493683518344229, -0.7180537764146656, 17.35481388206559;
  -4.328435377517101, -2.618656949019549, 16.80108859435165;
  -4.466145345959224, -2.04753496328759, 17.35473022561896;
  -4.411378252511574, -0.7898575495682721, 17.15873060186307;
  -4.356749026143339, -1.504476898399417, 16.98481432109918;
  -4.542746056535324, -3.5923399185323, 17.67305306849382;
  -4.462638182123965, -2.085500348902309, 17.39356780614898;
  -4.372153698561207, -1.944756701135544, 17.0703273587711;
  -4.526851374173885, -1.201234591563835, 17.67607590104532;
  -4.406578307128158, 0.5468324918107195, 17.26729127969133;
  -4.589039828662179, -0.009932831463739727, 17.96541277617457;
  -4.344018788435842, -1.425086819671044, 17.17261348672045;
  -4.31964350293394, -1.027257607436634, 17.15720208720562;
  -4.398807905187793, -3.529811982872726, 17.51002112059085;
  -4.304070831930384, -0.1058591148984837, 17.16170648360086;
