m=[-8.231366767861843, -0.6033909931094603, 11.10081441240396;
  -8.124969908623013, -0.6963592264673575, 11.03647521544814;
  -7.838249188104793, -1.820705447060018, 10.73939647956431;
  -8.04516041248557, -0.6715192733836636, 11.07629330672049;
  -7.4818907111224, -1.541518919334008, 10.37656854640726;
  -7.337769449698326, -1.994875289167163, 10.21197717990164;
  -7.830305718331122, -1.94604935770246, 10.87584401639285;
  -6.534937109287113, -0.1700187940124245, 9.234829857855267;
  -7.434727506958476, -1.564449825969785, 10.44357107096671;
  -7.455111808264291, -1.804675622537568, 10.49138158587291;
  -7.674911774616081, -1.993838132489, 10.80384216850059;
  -7.396122214442956, -1.926523188044921, 10.72586754946895;
  -7.170299253956454, -2.072382280770659, 10.45968125701309;
  -7.079230107935366, -0.852093370199504, 10.35683225157311;
  -6.986423857293032, -0.8002058944516115, 10.2838536847309;
  -7.425029266186588, -1.787968686088549, 10.88862914848189;
  -7.132230163178108, -2.182214703640718, 10.5082881859116;
  -7.177003472885507, -2.002571751740635, 10.57538401363097;
  -7.379403443600355, -1.499317227608886, 10.85696551501637;
  -7.180738143791019, -2.119302084819671, 10.61029677576623;
  -7.136447253417555, -2.065737023810927, 10.54996494933962;
  -6.806547053622871, -2.19495568895754, 10.11954913414208;
  -6.988463666603987, -1.944435164622372, 10.36451311273309;
  -7.069413117191509, -1.923984183528622, 10.47293782069348;
  -6.921055071190446, -1.828000408226722, 10.33036500359644;
  -6.946783749760299, -2.084268801227186, 10.36748314314622;
  -6.897725053483832, -1.991342670586245, 10.38565026488796;
  -6.779875143861811, -2.276457665125276, 10.23083283535513;
  -7.194351164584772, -1.416209046968022, 10.79399664588753;
  -7.137394427748062, -1.48535859053495, 10.82024511239845;
  -6.742607158636955, -2.081318974928322, 10.29933192871577;
  -7.046267595268533, -1.384365659949723, 10.72680896685212;
  -7.060232363668055, -1.256359536895239, 10.74739572613444;
  -7.771553429541645, -0.3700298961369272, 11.75691452205893;
  -7.211485432184385, -1.618265757337185, 11.00247149881479;
  -7.03467163689885, -1.317279414257868, 10.76689758534844;
  -7.135312115409775, -1.532862801578499, 10.9481514008218;
  -6.791225715856711, -1.123729546362651, 10.47081293036587;
  -6.284076025933965, -2.03082818320351, 9.836325881921262;
  -7.025729123133067, -1.42563552502348, 10.89274827948817;
  -7.306243431530959, -0.2147042611267022, 11.35116534822873;
  -6.690465266377969, -1.111513906479648, 10.49683384916432;
  -6.937119291314161, -1.485014613606871, 10.8579252401654;
  -6.853464594215848, -0.1393253772617103, 10.76319353537249;
  -6.974072819969039, -1.58785601767093, 10.94827573524067;
  -6.593219474971327, -1.057947816820015, 10.41031190460397;
  -6.763767232658352, -1.37951786066131, 10.69202766003478;
  -6.908964557642192, -1.529025035975294, 10.9156447780971;
  -7.3073533720775, -0.5183994257746362, 11.52005059993403;
  -6.279850823142563, -1.937019267997851, 10.09922633323656;
  -6.249953017077482, -2.253454909915366, 10.11061023860861;
  -6.510049788870477, 0.02117684152133647, 10.4995956568257;
  -6.513291750500579, -0.0379595844741638, 10.55611835348526;
  -6.632150048164488, -1.521857961719527, 10.74520416048267;
  -6.644806655264283, -1.389127342818107, 10.78902206672044;
  -6.270333780626721, -2.073826644269777, 10.24292111089717;
  -6.07100175759629, -2.171137736965314, 9.971887579800978;
  -5.971531248010277, -2.096681164589096, 9.846094690651734;
  -6.547525880821639, -1.181863425354842, 10.78451339950633;
  -6.510391797631693, -1.379128257566349, 10.73960702529396;
  -5.977556940402775, -2.06824369380759, 9.960074734639781;
  -6.438745366138426, -1.23469587175751, 10.66253462737853;
  -6.358074218026982, -1.262620053429723, 10.54636864701491;
  -6.122988679326804, -1.736411459218068, 10.2244641572614;
  -5.849596583222653, -2.14581442346111, 9.835443905738504;
  -6.386133675594507, -1.263840475842794, 10.74692727397231;
  -6.232190644462018, -1.204447137732193, 10.55408431815085;
  -6.284119661886114, -1.266143899906807, 10.6590141347704;
  -6.383774665340918, 0.8412083230910685, 10.91570790236725;
  -6.335827889772341, -1.524704679012762, 10.89646432868069;
  -6.283830476915982, -1.375314777510812, 10.85241376792926;
  -6.706320685234847, 1.503658831013014, 11.62061697236019;
  -5.595626423000873, -1.976476240689482, 9.889606548184341;
  -5.607121563016189, -2.135338713706148, 9.956172952032775;
  -5.761112990915481, -1.916445711040418, 10.27992966375879;
  -5.742304181531691, -2.103933073328909, 10.41563065368183;
  -5.675352149780289, -1.692317415397775, 10.33783257929998;
  -5.282647507791398, -1.474428027938871, 9.877219915686029;
  -6.461810939521044, 0.8020657737624745, 11.88647037127564;
  -5.414962133984148, -1.845601135990144, 10.13410413485211;
  -5.38026809587556, -1.436682933876247, 10.1364721312826;
  -6.346616229049685, 0.9811960388938337, 12.05961301975174;
  -6.438832257755764, 1.605569897310108, 12.23272739046115;
  -5.265159109760794, -1.602357448600492, 10.30456978374472;
  -4.964876433047407, -2.066295752734162, 9.861096650061684;
  -4.941975760772971, -2.090447426872697, 9.844283472469964;
  -7.291636631933812, -0.4081054868242279, 14.51484750258071;
  -20.467115876156, -1.498087824334456, 43.21509140463297;
  -19.81948334179652, -2.479987891347099, 43.45449529408938;
  -19.4320621749361, -1.970313086232438, 42.94848602938543;
  -20.82253865888584, -1.691384678779747, 46.25005261574849;
  -5.644474901626078, -1.240701192133183, 13.33674130017712;
  -19.0088861934835, -2.677450124457098, 42.70352878485629;
  -18.55638224247399, -2.389261205003302, 42.12635635404885;
  -4.076320631043439, 1.759029172260834, 10.0404153371286;
  -4.376141002513131, 1.710668162460587, 10.75479392537817;
  -18.97639279675641, -2.621408818796442, 43.58495494374958;
  -4.452007718198201, 1.679982142105592, 10.98755432830758;
  -4.552551016456, 1.66287202711089, 11.21894613951624;
  -17.99233557415713, -2.266288949647528, 42.06801396546493;
  -18.35493863174429, -2.711192771026237, 43.02639373630837;
  -3.503566846112442, 1.761209859019795, 8.991098447224216;
  -3.494058345419773, 1.81249541427127, 8.995230531731812;
  -4.348260460475795, 1.633271019105868, 10.98603319342108;
  -6.915226104539527, -0.3739333602195293, 17.1851454198916;
  -3.808284145302428, 1.736342241605457, 9.957173465376867;
  -6.684031092866382, 0.975533601879062, 16.9922762131482;
  -6.81983671620908, -1.54540809126696, 17.47711892485085;
  -6.670715677070199, 0.9972071564824152, 17.22286400255117;
  -3.056137601450986, 1.828054024383011, 8.412510303882856;
  -3.111888524005975, 1.830056732262657, 8.701114604559557;
  -7.034525762327046, 1.280155535385165, 18.56481452357618;
  -4.232949369636765, 1.650893722820712, 11.84824052742007;
  -4.295804268752759, 1.488128095269264, 12.41669181282444;
  -11.77279799385931, 0.9849534476464835, 32.60451288979204;
  -15.64319339905556, -0.2949276772055576, 43.04993188078606;
  -13.9248180228613, -0.4605660541861285, 38.57870164364069;
  -11.2604059445792, 0.7754230859700272, 31.56703240282208;
  -9.832477345438329, -3.873745095791424, 27.74894665968515;
  -11.10947113444606, 0.8918377219340608, 31.39783026130955;
  -10.19340442417016, -3.590811651047105, 28.94702441968933;
  -10.99667461697371, 1.159306482184196, 31.34854309259779;
  -13.27324119814845, -1.748710517299877, 37.89328420054717;
  -11.75680929607478, -1.940751532077871, 33.67855586893078;
  -13.1808774673943, -1.176540207454981, 37.67488041078973;
  -11.37739710046393, -4.444251270036722, 32.78448853046252;
  -11.49954432161531, 0.8725234430563464, 33.41259168323543;
  -10.39849154097017, -3.633398036424009, 30.49653478128289;
  -10.67222156140185, 1.158288451336732, 31.25451307783112;
  -11.58009240838281, -0.624350999758439, 33.902647529513;
  -9.860882321326548, -2.167154866160498, 29.12978469448384;
