m=[-3.53600814042264, -0.6292282351244229, 5.382666861152845;
  -3.538115493739299, -0.69512625290554, 5.386211705823637;
  -3.365679615686462, -0.4661876800458267, 5.188614425436853;
  -3.52618721339772, -0.7155211468018518, 5.467029688836429;
  -3.451580857668656, -0.703974172511431, 5.456189832028764;
  -3.47535376804814, -0.7691315935813899, 5.490797773491694;
  -3.36218978860473, -0.7715107863122487, 5.447315793894999;
  -3.323252620517172, -0.7198670002920553, 5.397536340385565;
  -3.337914618686928, -0.6978063780285971, 5.41969636532783;
  -3.266774471905089, -0.6920168747662167, 5.388903641910682;
  -3.083524156646401, -0.87445314058056, 5.14901853797762;
  -3.211452911278796, -0.6377473284173394, 5.326953592150049;
  -3.249273736846614, -0.6230817715192064, 5.380783330112795;
  -3.296277038850358, -0.5685470158162169, 5.459747907412662;
  -3.132507941614824, -0.6053955084884973, 5.304836586226402;
  -3.182831071095863, -0.6647570035754641, 5.381854684262896;
  -3.171022626312012, -0.6389074637013459, 5.378633255591407;
  -3.239653578514175, 0.02041807875021445, 5.562517615778039;
  -2.064541776586295, 0.890898813187054, 5.085188039409371;
  -2.254295748270493, 0.8506671236526338, 5.563601542051978;
  -2.297442808067475, 0.8391676151707372, 5.661636086923585;
  -2.210472367879897, 0.8302861546149227, 5.584836287385461;
  -9.010718460201803, -1.127500262658848, 19.7561266443039;
  -8.840606769952784, -0.8963929330948804, 19.53939180167614;
  -8.590360879797947, -1.209974249550255, 19.29827552066214;
  -8.512214976031975, -1.096005931820566, 19.32427327465886;
  -8.488613421963615, -1.172621494612653, 19.49663655752485;
  -8.278762726877689, -1.042781155750852, 19.35663686215881;
  -8.333149276369371, -1.230882572328608, 19.5339994876588;
  -7.370625693084862, -1.292960996036533, 19.42974452477172;
  -5.135690223829964, 0.4296698027643157, 14.22318451299199;
  -5.223925802965089, 0.3597341594033462, 14.6445728425557;
  -4.976040901135851, 0.4296217330441401, 14.26312449093073;
  -5.146471782437335, 0.5585621322075061, 15.07188252262522;
  -5.022768420588803, 0.5162867577350728, 14.97364739751302;
  -5.821218287490797, -0.2474560630749021, 17.23644929896818;
  -5.816616105817894, -0.4786217195053114, 17.316797267264;
  -5.532154786278165, -0.3592033575712578, 16.8143114913868;
  -5.641482415682244, -3.342347536406361, 17.22054473548618;
  -5.705352989262343, -0.2728539422470793, 17.48418514203871;
  -5.712992965796098, -1.059272796316107, 17.66001881428983;
  -5.733667025182657, -3.6396330951339, 17.92546840752537;
  -5.476238555114621, -0.7775851525102375, 17.1218309416069;
  -5.338475996741745, -0.6458179601292876, 16.80838684034096;
  -5.639396748392184, -3.713226156549083, 17.77847924249809;
  -5.643561949574028, -4.335595764042886, 17.86288602796324;
  -5.268806949535327, -3.906074282339619, 16.77707191350201;
  -4.607539923418733, 0.4776033671436673, 14.72501131788139;
  -5.32282380122733, -0.1338892936533946, 16.9276577758325;
  -4.900126858884311, -2.857903376936018, 15.74919501542121;
  -5.138751665614733, -0.0128741309104697, 16.39976507769326;
  -4.398138865559707, -1.927199650173119, 14.25702768596483;
  -5.23025098903552, -2.811055528067461, 16.8676332139101;
  -5.124788824015534, -1.315914804099977, 16.65330080477733;
  -5.016464998666049, 0.4195770060214192, 16.35370197218224;
  -5.023159951869019, -3.922088898050655, 16.47176949168356;
  -5.353073901878274, -4.256524531359783, 17.49231996518746;
  -4.565453071854321, 0.5525478948682787, 15.04005423135263;
  -5.012539552699488, 0.3383911635216972, 16.44691457339161;
  -5.136542720882583, -3.018480459504349, 16.92303346370421;
  -4.948546768381347, 0.4601927277930614, 16.26260338965235;
  -5.215462999156505, -3.267258049463981, 17.22454693842946;
  -5.043347440729091, -1.321733734510086, 16.66691538946949;
  -4.801483625766401, -2.433133151857138, 16.0388750202492;
  -4.995280817190035, -0.5388706881682375, 16.62344423549945;
  -5.028769667602753, -0.6530535401871066, 16.75427263918469;
  -4.934665767524218, -2.746017987993258, 16.53899768439541;
  -4.959140729627698, -1.029599709996875, 16.56021008922322;
  -4.879117653500955, -0.8127171066824976, 16.32823814180795;
  -4.780607627807184, -3.492307931501094, 16.08015621299555;
  -5.086678527342022, 0.4534339517961742, 17.04214908976498;
  -4.951675399717876, -0.3341786932229585, 16.63870386171021;
  -4.646318260220897, -2.33741168523775, 15.7514165212879;
  -4.960507269525308, -3.693731034535043, 16.83328939629361;
  -4.311537531932995, 0.558524954460793, 14.75120564643981;
  -4.726926126121935, -3.050102206288396, 16.17338672661997;
  -4.828491360755554, 0.306216150577824, 16.51399790129243;
  -4.834806984262723, -0.4962343631346838, 16.57482027275643;
  -5.092004067509182, -4.145267176386208, 17.55234580932223;
  -4.865725676830286, -0.320237715002681, 16.72299747285675;
  -4.6501076454767, -2.318501838890382, 16.08369175720578;
  -4.762045443652585, -0.1831376382610615, 16.56151551376835;
  -4.869764927512399, -3.809489991728923, 17.03360151251192;
  -4.926815258669285, -4.00637586536971, 17.22513246530773;
  -4.729175686868556, -3.326979445432524, 16.68997036404639;
  -4.957529854495856, -4.156572417128557, 17.48169159024666;
  -4.859054305422085, -3.898315553458639, 17.1705170501482;
  -4.651282761243264, -0.8870260384534663, 16.43034904020564;
  -4.318007068550664, -1.696918938537202, 15.34981870537377;
  -4.619744665027125, -2.474433858144517, 16.37272597579893;
  -4.674774515945858, -2.115334761248134, 16.6172970456927;
  -4.619205671635766, -0.4324946707865874, 16.40605212974607;
  -4.74248449107287, -1.120865649533921, 16.84901860017134;
  -4.658462994266799, -0.2727520488887109, 16.55233091256949;
  -4.642486906703506, -3.634284742533405, 16.61368549881475;
  -4.66227058351248, -1.307184942757073, 16.64676834080616;
  -4.492590565130874, -1.46217298728482, 16.10043991085478;
  -4.53605774679713, -1.626143997126462, 16.31893196005258;
  -4.410005283272629, -2.227093381604397, 15.9439236737399;
  -4.820256042890369, -3.904325186971943, 17.36603341716013;
  -4.400729974396065, -0.7757588065798535, 15.87608543588661;
  -4.725114838100082, -3.114521613038928, 17.0320242385108;
  -4.575747235172591, -1.052747045517713, 16.49042556071691;
  -4.657172542102877, -1.009669952168371, 16.80478263598551;
  -4.521559769972785, -0.4241974206669372, 16.35907373308105;
  -4.539629752811146, -0.9282238359205388, 16.43525809300478;
  -4.680816071839983, -2.932046455573181, 16.97882741054744;
  -4.630858802593209, -2.186018863828714, 16.79687654902437;
  -4.699970174490638, -2.51595988652707, 17.04072445088501;
  -4.478036745229947, -0.8581896853030945, 16.28531950963359;
  -4.519341184438693, -1.861147880221124, 16.46946163471689;
  -4.672261493242507, -2.845229558164449, 17.03021429487542;
  -4.625981888023746, -2.291823670884909, 16.8759835098046;
  -4.754964572255052, 0.3439246344505607, 17.21850751277297;
  -3.965464341870579, 0.4824195542565302, 14.59525056385255;
  -3.972732366588025, 0.5598103269020276, 14.66742035979735;
  -4.763099887990434, -4.171341330893879, 17.53515492775102;
  -4.608707011073244, -2.372240335314728, 16.93901411522955;
  -5.095575716349152, -0.1412114240393325, 18.61727525969446;
  -4.394202492039309, -1.473420123530628, 16.25835340640638;
  -4.385061495677328, -0.9811399049663235, 16.28697932719265;
  -4.48824511421515, -0.3266376579404424, 16.6439454721081;
  -4.501205899704344, -1.826644267012919, 16.74099521936229;
  -4.461632595442316, -2.710091238591309, 16.72297762159586;
  -4.424807548813613, -1.908732014007404, 16.57141063261712;
  -4.388893024462717, -2.714408839178062, 16.49898978828281;
  -4.482414890545303, -2.131773830506987, 16.89556559905101;
  -4.542538943237056, -3.659307939231475, 17.1602197582929;
  -4.35204588342143, -1.564292714336233, 16.43407647926089;
  -4.432255086574071, -2.034847591849089, 16.76625723932018;
  -4.688944132168118, -1.311945835185995, 17.75704340853574;
