m=[-7.290847701910958, -1.976229575435304, 9.749758095539736;
  -7.587863693039009, -1.531056337740081, 10.11538821479145;
  -7.831028773678739, -0.5088256027678009, 10.4318464545168;
  -7.253578167299271, -1.278486488293087, 9.995939845611309;
  -7.278212297363534, -1.418373729058032, 10.02802179154207;
  -6.922710127861201, -0.9097242847934818, 9.587406275986274;
  -8.189026548022556, -0.5009560412583818, 11.20077473977013;
  -8.039112734045023, -0.3746216081467358, 11.10932146058798;
  -7.255026344770956, -1.461161655498992, 10.19602449677969;
  -6.86798650712546, -1.086248637547529, 9.78619355098877;
  -7.16358459849801, -1.622074360424878, 10.19853040541035;
  -7.225136321971575, -1.468839842222308, 10.33493216162576;
  -7.168266529060813, -1.575497177993214, 10.26765177137937;
  -6.567713107880211, -2.015007932186765, 9.497456919333562;
  -7.150801821979544, -0.1753583243817099, 10.25940917230229;
  -6.892079457108632, -1.25193591202464, 9.965216740197938;
  -7.013758410935246, -1.04761044637549, 10.16919521870532;
  -6.799169672727808, -1.319559414744682, 9.906668950433451;
  -6.795610432291777, 0.0343641986411166, 9.905771632677164;
  -6.306997103751633, -1.951983512394008, 9.284081361309394;
  -6.907703880727444, -1.36984694172012, 10.09126941492268;
  -6.944502820502195, -1.405002352435277, 10.16045616608805;
  -6.987463328812003, -1.59248772595897, 10.24770350514731;
  -6.872428828559943, -1.428997815180004, 10.10602721289166;
  -6.164975477985846, -1.99970048812377, 9.200523669822552;
  -6.776692641842277, 0.07778032650762433, 10.03251237538767;
  -6.210953420703371, -2.141365792170483, 9.292378424718294;
  -6.717156515776666, -1.415825328560092, 10.03108594796768;
  -6.35277293645729, -1.791593027859236, 9.552705508429163;
  -6.641915062722724, -1.309090719334885, 9.955410676840081;
  -6.71653725803843, -1.277842894528187, 10.06194998094792;
  -6.561817451283527, -1.311490089087204, 9.996296846482375;
  -6.711099548424807, -1.309470550482935, 10.22413295949494;
  -6.445108301290804, -1.235860330957121, 9.863919085352828;
  -7.104755489114519, 1.690441920261236, 10.77303154714859;
  -6.55402368951436, -1.309593864009239, 10.05630875392042;
  -6.863016413603362, -1.021527482702592, 10.56162063619362;
  -6.625197948979753, -1.582696004648987, 10.32850573408609;
  -6.530461504364294, -1.418768963200727, 10.22042423445899;
  -5.894876740027447, -2.07881905965261, 9.349984858454391;
  -6.479436361543291, -1.498508204502711, 10.31716977551485;
  -6.958493251720563, 1.567850666630468, 11.01325552503132;
  -6.057647894697186, -1.997426109386449, 9.736258099226005;
  -6.247795317169309, -1.384234858522307, 10.14484115072073;
  -5.883680040396033, -1.745341923081907, 9.663035361930326;
  -5.86497598612428, -1.603841565800077, 9.640184882757151;
  -5.683876185665638, -1.500812333714343, 9.494835335145792;
  -6.089756247758269, -0.8549742955725923, 10.10320123441204;
  -6.097674681094429, -0.9836528884061825, 10.1383441790446;
  -5.635630234571399, -1.560793616862733, 9.45475567754308;
  -6.145020847683907, -1.114628428665773, 10.24455399941471;
  -5.635417224908319, -1.912602504135329, 9.488979026194089;
  -6.783821968967162, 1.189708116537513, 11.38168737094978;
  -6.6962269949055, 0.8366959655908443, 11.27030758444682;
  -6.770428618980668, 1.229629588826386, 11.39226225863279;
  -5.938145060043048, -1.360917682128391, 10.42066858244967;
  -6.570980921555164, 1.020823989133519, 11.44004604118479;
  -6.118034183865721, 1.697223228495252, 12.03714142556321;
  -20.19982692202632, -1.989671362706634, 40.88315533348718;
  -4.225933389122894, 1.832779436772055, 9.378276976970902;
  -19.46091156375795, -2.300852834515121, 40.06791071366978;
  -4.563788887214936, 1.794318186340491, 10.178717607776;
  -4.638520011891403, 1.757683502269211, 10.40800583758664;
  -4.715477048802716, 1.730634956470244, 10.5870784536558;
  -20.4483289530181, -1.531051628108075, 42.78803823680168;
  -18.87288987907175, -2.597170266872006, 39.77633649517883;
  -4.001714184213967, 1.820760195599074, 9.2573684136197;
  -4.567254034096264, 1.722687230410988, 10.49099415171317;
  -19.31457286033231, -2.45049193974652, 41.21935981644091;
  -18.64662383842557, -2.766557530566526, 40.02498137068648;
  -19.01546076358034, -1.967785039345489, 40.89710970019562;
  -5.593703364864338, -1.2595199613725, 12.80977272046758;
  -18.37225326224517, -2.631246061327561, 40.14977281279435;
  -5.561996629308434, -1.342894918474056, 12.88189999848213;
  -18.55886374524336, -2.439734708046047, 40.97102004401316;
  -18.05190458088289, -2.535841516336998, 40.35104889051695;
  -6.783963667427037, -0.3712355664543487, 15.83882248626733;
  -6.803302843516776, -0.1819352454951555, 15.89588725974261;
  -7.090533755668551, -0.04300186164311939, 16.70108628760003;
  -17.86556439190035, -2.275199158088435, 40.62763376888898;
  -18.01333144055695, -2.702325750194518, 41.07990384715724;
  -17.56994555424876, -2.037258025227984, 40.49980078178925;
  -4.572394405573096, 1.707797565701586, 11.29636463904493;
  -17.58001980693738, -2.779523317088986, 40.8438573431578;
  -6.877289531822408, 0.9771832332053756, 16.67285197583833;
  -4.413488085574502, 1.719833291601481, 11.30337821724376;
  -6.921146913139515, 1.235566838190167, 17.23515654090186;
  -7.051219780306967, 1.063237469758012, 17.76086228768173;
  -3.630272862509494, 1.783206032012693, 9.786615953155328;
  -3.338304339566068, 1.919669853503858, 9.199797306388676;
  -11.39120438501398, -2.212970865509062, 29.81538408337954;
  -11.93923712467551, 1.176171311075557, 31.35925288358104;
  -11.07723707288166, -1.945889334437065, 29.35985771389254;
  -10.23340404594447, 0.8276068682337118, 27.38013816970724;
  -12.87292581474832, -0.4470759762785675, 34.61844428749219;
  -11.31516747225945, -0.2722713427372624, 30.598885654204;
  -11.0748612252111, 0.7332647354186601, 29.96261422683272;
  -3.038813545047803, 1.865348411267813, 8.947293657535383;
  -13.13712986336701, -5.138909295111905, 35.5693503889813;
  -11.06604266078242, 0.8542145084579831, 30.1742056505211;
  -11.03858213921628, 0.2221471479518269, 30.19240379629765;
  -10.61951105338667, 1.089051761717822, 29.21115087317969;
  -11.00760539564361, 1.022587174563512, 30.26226929171511;
  -10.6463906794026, 0.5222313147520098, 29.38926567875895;
  -10.95156090833495, 0.7375037297796341, 30.21699661033768;
  -4.093654259441373, 1.730461153880841, 11.91585281433597;
  -10.86677360807896, -2.071650392784762, 30.04630021379694;
  -10.94813424889612, -2.451613927965106, 30.33949773577507;
  -10.69391694166304, -3.843716023093662, 29.7584573437982;
  -12.61571959942579, -1.702315344259409, 34.91309769201542;
  -12.67505163299169, -1.193307851436434, 35.11292471858538;
  -10.54831478021715, -2.87281814208661, 29.59784032249398;
  -11.57470736747733, 0.8316191989604777, 32.49890200735838;
  -10.49054549702452, -1.977621374782877, 29.70365336894483;
  -9.671680015161641, -2.152515918182132, 27.47253628361242;
  -10.78344682980776, -5.293243644373441, 30.5828729629768;
  -11.43065157730104, 1.208800867151104, 32.29877962783223;
  -9.793809748458315, -3.753552491573802, 27.88604965078122;
  -12.64075665466224, -0.7091801265962323, 35.77873618060047;
  -4.10109758891888, 1.712572126820137, 12.29542343652244;
  -10.25929841325626, -4.616077195174952, 29.42753642987201;
  -13.70915305890748, -1.762269961922617, 39.03501563949681;
  -10.6749774029157, 0.4280211646219116, 30.70203542952327;
  -11.00046970063339, 1.09533457517332, 31.64543584387974;
  -12.11845760928732, 1.031272567531338, 34.76681732607575;
  -13.78233865872394, -0.4260319862938875, 39.42549565320261;
  -12.99487866578624, -0.6009098311232172, 37.27995929111963;
  -11.47238246038965, -6.16072764178418, 33.10389297429332;
  -11.63287585263979, -2.122199960835274, 33.52643682803425;
  -12.88245123816719, -1.940941894139222, 37.44961958242286;
  -12.93368044006166, -8.677180761972037, 37.89557018996745;
