m=[-3.412240508228549, 0.5837121094255596, 5.41095286871517;
  -4.810125566208082, 0.002654504777757687, 7.659474278844985;
  -2.440859967707003, 0.9435661185286166, 4.954829705838026;
  -10.53127536303345, -1.080167632155122, 20.16115428460277;
  -10.32876709792272, -0.5979634084486643, 20.33201954582563;
  -9.832120453811299, -1.204271528542897, 20.15485084466399;
  -9.791030808947888, -1.0916160819401, 20.34132033976799;
  -9.722594089780989, -1.291795154436269, 20.29980348115093;
  -9.606646502120025, -0.8442388238845527, 20.11044586709379;
  -8.879378038216347, -1.257166550262958, 20.07294493738383;
  -2.124206309574705, 0.9472797515390151, 5.655546124781421;
  -5.769228709631555, -2.496758629176122, 14.21272942153816;
  -6.552951638595252, 0.3358685075085109, 16.19061065391495;
  -6.005202746134779, 0.697158353447646, 15.23879362820878;
  -5.857610343061803, 0.5665816269931063, 15.06556144201372;
  -5.365535396191121, -1.362019939654485, 13.97119769340763;
  -8.876585864922436, -5.632549905448125, 22.48016651103574;
  -5.791925407850393, 0.2413768523262036, 15.11451007015757;
  -5.52212786697262, -1.477874719262309, 14.52823288750936;
  -5.602950308111998, 0.5381384306209648, 14.73999214039499;
  -6.018745892933161, -1.381939016754298, 15.77585215754729;
  -5.562479064395461, 0.2823018447045499, 14.66518854416716;
  -5.576131571912394, 0.219149717584985, 14.71195661995726;
  -8.464279923127027, -5.459839058572864, 21.88286055035071;
  -5.547471875122006, -1.407091439847947, 14.70197663474374;
  -5.563558752327404, 0.6791945313597718, 14.75067939047943;
  -5.482827801726702, -1.12078604178603, 14.64506635153941;
  -5.852008654710533, 0.5900507745664239, 15.581912462098;
  -5.604420237934339, 0.5014963214027155, 15.2167890635502;
  -8.479288593389505, -5.203540328084285, 22.56796700051343;
  -5.450223147053231, 0.6805791053231727, 14.89281514867465;
  -5.510094593212385, -1.445401449820288, 15.11992045973074;
  -8.549245723811072, -5.496487854576198, 22.98032051093142;
  -7.357726319177605, -0.7213120954105488, 19.9413857096164;
  -7.089602355539554, 0.1066259747690169, 19.26861460395428;
  -7.003745687803341, -0.2575423446901015, 19.21844252474711;
  -5.668547321131765, 0.6715726093361645, 15.75694756004665;
  -6.037924679943789, 0.6273569816516257, 16.78733672390554;
  -6.930007170525738, -0.75212385651664, 19.1702362833811;
  -6.494759075097929, -1.048167792629172, 18.09990479947325;
  -6.389269238243287, -0.4227040659308235, 17.88884661114744;
  -6.055210327766701, -0.5501188124999701, 17.00817757062914;
  -5.115847699909882, -1.260874342135062, 14.62709182210381;
  -6.392291308110268, -0.8390836257038933, 18.03183739799227;
  -5.79341725665024, 0.5881925704724637, 16.50536320120329;
  -6.217338431737176, -1.079797038436875, 17.72971031341506;
  -6.173841003774442, -0.3008246658499639, 17.6163851079758;
  -6.519244797013067, -3.728410307959034, 18.63563362950769;
  -6.339881028301948, -4.427901728193123, 18.16925277580868;
  -5.09693641974117, 0.6933676357100014, 14.97138960145456;
  -4.902842307832039, 0.5872364662883324, 14.53026016452591;
  -5.742728144245326, -0.7154915549853946, 16.8657089411718;
  -5.996201504113021, -3.288275556768975, 17.6109534212233;
  -6.221760337271623, -3.81830069290677, 18.25308876470914;
  -5.794931418028987, -0.6049439611773857, 17.12170175854589;
  -5.815833606224852, -0.652303713116028, 17.20309543336341;
  -6.068315811711932, -3.873348613187728, 17.94954852104443;
  -5.89753314712195, -0.05052100636539194, 17.61882997592417;
  -1.726314111268812, 0.9847601999247124, 5.891976451280179;
  -5.694837130381903, -1.02911090920391, 17.18300218808012;
  -5.600256544449491, -0.6923383502965145, 16.98253934791567;
  -5.548501951404226, -1.323076073974884, 16.8918231931525;
  -5.587167401428238, -4.237643577387887, 17.09403490675777;
  -5.625275511390475, -4.346346784038378, 17.21087322455453;
  -5.653300985619756, -0.135744112127531, 17.35408886154599;
  -5.418121525942706, 0.5991675781641292, 16.69805024329279;
  -5.559315032037959, 0.4710623974919789, 17.11478660150475;
  -5.500763878723565, -3.211673237072905, 17.02663941384297;
  -5.003922197646205, -2.426616795074815, 15.58648576388786;
  -5.483254774640912, -1.109422540024737, 17.01857424709138;
  -5.514690264275556, -0.4969556000286181, 17.20949080336296;
  -5.462736699528374, -0.611347055658833, 17.07288609817966;
  -5.409419684940175, -1.023310126010228, 16.92266788952825;
  -5.412137344666967, -0.804833587727122, 16.95790733737697;
  -5.418700951516373, 0.5754498511545387, 17.07381295024989;
  -5.402765801076752, -0.2715521871959544, 17.02971691456293;
  -4.748133489449583, 0.6936521626866447, 15.12894453368095;
  -5.613695005972383, 0.4402999552849327, 17.73755088801772;
  -5.466855482682079, -0.1204092497408439, 17.30821353286119;
  -5.371778390873164, -0.1866662405695827, 17.07119947048967;
  -5.500070495987103, -3.439054588459318, 17.56229715676331;
  -5.326423016812806, -0.4510710207489355, 17.12018913464445;
  -5.255954189220526, -0.2532361067795932, 16.9502455944508;
  -5.26320274751182, -0.1069849421389625, 17.16840177500462;
  -5.04438672978126, -1.566740115190614, 16.51307289300307;
  -5.282917977252565, -4.008517867298343, 17.27098886176123;
  -5.360203278506198, -2.29803391074676, 17.53894751164197;
  -5.170548743754356, -3.52194524057382, 17.04527711309897;
  -4.88043792042589, -1.821444057731812, 16.15109122758942;
  -5.177048714945775, -3.441599127370846, 17.0720090942629;
  -5.156437007894375, -0.8872508935988572, 17.05670549435539;
  -5.083061311818175, -2.621555869005351, 16.83165571526417;
  -5.345155932125502, -4.156372867762056, 17.65314700166173;
  -5.15560736337293, -2.21735095592678, 17.13212656014814;
  -5.15949827955376, -0.3878482915526587, 17.16988590799341;
  -5.15316252182491, -0.2059666175280539, 17.17027434496336;
  -5.005580205101929, -3.806243474481204, 16.72652884169902;
  -5.10235403783092, -1.33454331678746, 17.06402110079853;
  -5.102554423004763, 0.5893691102235508, 17.07490219292619;
  -4.914909031742097, -1.665989486877558, 16.53147515689159;
  -5.14587304394693, -4.112649727603393, 17.30721149202311;
  -5.075301496767664, -0.793958219157432, 17.10726323432418;
  -5.087540584958783, -1.075536450495684, 17.16870712787558;
  -5.35042639314979, -4.204545187187715, 18.03289740409796;
  -5.025848706938747, -0.9974510054950552, 17.00398240231403;
  -5.005018102110959, -0.9260221451473079, 16.96548635411451;
  -5.030185916665399, -0.3792325379840365, 17.04838106917729;
  -5.580326821621906, -2.693018592127531, 18.8052410509378;
  -5.035339705336757, -2.589612420519321, 17.09358866345359;
  -5.113006548936512, -3.087307814402287, 17.34575956413896;
  -5.160985211842667, -2.327049724616428, 17.515851862794;
  -5.071239255318845, -3.848608220258176, 17.23636339357235;
  -4.549306022158982, 0.6314936073638799, 15.57860659828138;
  -5.093377698561514, -0.8819052645648698, 17.33540887004505;
  -4.390836200171541, 0.7011198314107147, 15.09445219413283;
  -4.965145602542766, -0.4335759356500951, 17.06957749975597;
  -5.120832274510599, -4.353165699528404, 17.63448985719816;
  -4.885473219853927, -1.538156116406324, 16.89522131634647;
  -5.3181492862841, -0.05889152513578689, 18.35259752545242;
  -4.845073441756213, -0.992854906188689, 16.83780182732799;
  -4.837759041617777, -1.859212242248215, 16.83748940016659;
  -4.888368536110852, -0.2644439359380064, 17.00221704136632;
  -4.802558765970254, -1.970384433776208, 16.82008077472632;
  -4.858330352289464, -2.82530947037541, 16.99880519908567;
  -4.830287531680001, -2.875037516468416, 16.9507610826067;
  -4.86161389926307, -0.7534632137608304, 17.05398368194253;
  -4.757941627838853, -1.611924329760222, 16.80188616543193;
  -4.967677917012858, -3.87864465584919, 17.54175686412043;
  -4.827086539311053, -2.111407464476551, 17.08342864671043;
  -4.250569919293255, 0.6667256283519895, 15.16291106308494;
  -4.598118271006895, 0.5869694845718638, 16.37930477071314;
