m=[-7.709213060234941, -0.4227555519419394, 10.23108056178744;
  -7.13304235700025, 1.797939503965257, 9.794456311082262;
  -7.026409653514749, -0.9407217445231262, 9.764610975034238;
  -6.797117387675502, -1.517717028404804, 9.544206725158629;
  -6.956124061155533, 0.15463540063367, 9.786327280485951;
  -6.32310008352357, -1.908250118544401, 9.056649205556605;
  -6.275575623530531, -1.966087010783395, 9.023137264573119;
  -6.385115935134556, -1.229945756400765, 9.246228785412864;
  -6.059644717047555, -1.700125735863328, 8.896199057396062;
  -6.438030482779274, -1.326348322537654, 9.397541507908608;
  -6.158954531000055, -1.586049460424306, 9.047312604003281;
  -5.890439895741893, -1.459504687412616, 8.777792188001127;
  -6.319938696354643, -1.048633741306656, 9.482193708402548;
  -6.905390226182448, 0.04415112553660198, 10.28624107024473;
  -5.911664424380586, -1.756467524036218, 9.044869564042875;
  -6.892615598218769, 0.967807374662184, 10.55064637737481;
  -6.94471624508345, 1.366107400904712, 10.63965873112842;
  -5.703042718300747, -1.629493118891644, 8.99257407882795;
  -6.049854130522659, -1.205826977278299, 9.677419424794968;
  -6.784293709285753, 1.160549610281017, 10.75817880361652;
  -6.202947102305868, 1.826219594160291, 11.17183041517227;
  -9.338735371953503, -0.9735885082328528, 17.17849876114671;
  -4.75017991899785, 1.895572450385107, 9.621476492646741;
  -4.892183900355052, 1.891177304334533, 9.93090076309182;
  -4.818054370979971, 1.914119243059886, 9.997205371991107;
  -19.02696916138421, -1.95155054992513, 36.42537561761669;
  -18.79870506531627, -1.088313604974055, 37.00496247040861;
  -18.40920555250714, -1.517880212730761, 36.26755566497548;
  -18.37172352751377, -1.916681535413052, 36.80703890047853;
  -5.47229264889889, -1.46470908134943, 11.78592909408147;
  -17.16306253116063, -1.034356243848902, 35.00215001259958;
  -18.03557400640979, -2.209058399851914, 36.97109954101309;
  -18.20288544030288, -2.825438798650187, 37.6325992849988;
  -17.59333892953914, -1.961506616132432, 36.55097711313629;
  -4.794106763191726, 1.884258906497803, 10.7741564797651;
  -17.86516031884134, -2.37365946989012, 37.30066690873281;
  -17.55911192807133, -1.543107056072141, 36.75804765229899;
  -15.82643027011859, -1.053986913788146, 33.31744614527813;
  -17.59714973872306, -2.247604621274046, 37.40959876903924;
  -6.077824668457926, -2.091847015533515, 13.63746385066438;
  -17.10435576105947, -1.397723751828123, 36.71346221093352;
  -16.39763980052225, -2.0431669911669, 35.65866336273918;
  -6.959950194541194, 1.095553841598079, 15.82127665671457;
  -3.74256869132505, 1.924783965685784, 9.045686844782804;
  -16.26779265054203, -2.173452198528799, 36.10492737306516;
  -7.242915383358635, 1.403814387082082, 16.94681405699053;
  -4.466570397117588, 1.908734484226464, 10.93994921815175;
  -7.246484119086869, 1.191564203843664, 17.18027883078896;
  -6.617998650082225, -3.620281042296691, 16.02908647979893;
  -10.3098526088052, -2.919809820027329, 25.26366947566467;
  -11.22712630671505, 1.329952452954706, 27.54972527523051;
  -12.22016676488047, 0.6263389994596941, 30.19280060771279;
  -11.37633110735145, -1.825101866510327, 28.37699917652479;
  -4.25875990656952, 1.899173826937368, 11.33864115618601;
  -10.894957310031, -2.078760196327685, 27.44669589992844;
  -11.15539787478707, -1.962676724729655, 28.13421050904319;
  -11.23992069579169, -4.526195109393152, 28.89827803446477;
  -10.98149162396335, 1.06219277601591, 28.24399833658127;
  -4.192257890053936, 1.856284370874068, 11.5363307118041;
  -10.26701970715204, -2.606242346643262, 26.73406313796012;
  -10.66498883294311, 0.444460391547987, 27.83117353257883;
  -11.09603506611827, -2.547714102226342, 29.08403375918802;
  -10.99103781473841, -1.889225702839685, 28.81881258046112;
  -10.06185461340937, -2.692831625828102, 26.47185480404534;
  -11.90277589700902, -4.413228206909929, 31.19817781507152;
  -10.45130255172438, 0.5304149383325036, 27.5543189787863;
  -10.38659292370758, 0.4082075317889363, 27.40378388710332;
  -9.956336018645681, -4.557355668038111, 26.45842556711406;
  -10.3654765603111, -2.62915678822392, 27.47071055575674;
  -10.33029262099944, 1.261113357092509, 27.3887346652812;
  -10.33515684954267, 0.8688755148561072, 27.50893925968143;
  -10.42519655548764, -2.88675613124786, 27.73794320624137;
  -10.20419030450447, 0.3177570792418554, 27.18166014528809;
  -10.32920834425656, 1.041481266313682, 27.5031753573063;
  -10.31590027379553, -2.603872355040529, 27.87028249540057;
  -10.40033065006507, 0.9306453372422232, 28.2383602539318;
  -10.04307258092839, -4.692926389112786, 27.41444825097502;
  -9.804817885119658, 1.224345133046386, 26.79180950755299;
  -10.7998213032021, -1.797249065585003, 29.45004186784877;
  -13.41425842726797, -1.315062076898882, 36.35619071742288;
  -3.477335772031633, 2.003334986876188, 10.23519399282865;
  -10.11693996063672, -2.65386363872274, 27.76128883325008;
  -10.33876092173859, -5.23423649627536, 28.34606387406365;
  -10.13836878143471, -4.95637323881853, 28.04293159977217;
  -12.45545332171098, -0.458013011271638, 34.17805620781333;
  -3.473374773674972, 2.041249611644883, 10.31755052860876;
  -10.32203885181933, 0.6356195084766242, 28.66091521897014;
  -10.56925039784984, 1.252176027877658, 29.37950674718394;
  -9.911290118236883, -4.025160881553142, 27.5905337085638;
  -12.51001934427967, -1.357730773257422, 34.60602865744448;
  -11.06390316587625, 1.149569970371775, 30.7611435669612;
  -11.36346530487619, -1.833912267954399, 31.6682478644945;
  -11.99429669901049, -0.3265414226009252, 33.39870210395896;
  -11.71687408494345, -0.7751700751722968, 32.80521691167787;
  -11.25635070615342, -1.022644953414226, 31.61740075809144;
  -11.58889367051491, -1.52121523413914, 32.69078898582352;
  -3.925497115493402, 1.91007919399908, 11.80229955768056;
  -9.578651811773952, -2.360796687110926, 27.38701927839772;
  -10.74386109208895, 1.090799953222912, 30.60910713873524;
  -11.38148066992983, -1.976680094762498, 32.45606740426499;
  -11.6333078675307, -6.653185502227959, 33.25447503028272;
  -11.51734720526306, -8.043949305471998, 33.00717974753954;
  -9.883849558841572, 1.199910227990511, 28.52455533559217;
  -11.22228889686117, -8.197375093927366, 32.35059676946045;
  -11.48672158099995, -1.9389253594558, 33.40832641849425;
  -10.57423367090502, 1.040697788517941, 30.87101113460108;
  -8.725398102275957, -3.554237057901765, 25.65222534094055;
  -9.634146638679095, 1.310592270892718, 28.29867805424442;
  -11.15794848301255, -6.847644414858291, 32.73463024160655;
  -10.64138580396424, -1.325819625243368, 31.25248334804534;
  -11.44031464073957, -7.302244679259519, 33.83945218270356;
  -10.76856797774609, -8.011881090756743, 31.9268815875051;
  -11.07089672152458, -0.2191946353936935, 32.77972951410767;
  -10.83974451599861, -7.797978965151449, 32.24464963302606;
  -10.18867886006756, 0.1485783635214196, 30.4892784055209;
  -10.4955098706699, -5.400491647976156, 31.64564671367023;
  -10.42332241467954, -1.883592903802149, 31.45023602220071;
  -10.13581570162533, -1.253052224674934, 30.73642923495649;
  -10.08676246842051, -2.405253562622881, 30.70807394503389;
  -9.741390491441837, -7.388456060996751, 29.80395200947404;
  -10.0134867480095, 0.9898483949321175, 30.61232014679047;
  -9.031970161090801, -4.554861194726954, 27.78669590213107;
  -9.253530150114017, 1.276169377002788, 28.43398121247597;
  -10.71078038245822, -8.27564192643989, 32.77028528207461;
  -10.361509812278, -0.07816321606787167, 31.77830791265035;
  -10.33372268217938, -0.2481279546291112, 31.72170421374702;
  -10.17218155500336, 0.8619285295776794, 31.31585736414452;
  -9.892398780585484, 1.093959334654442, 30.48727701547156;
  -10.01451869266962, -2.436692718349935, 31.0044577493282;
  -10.53383789463428, -6.36919246890732, 32.56597527843448;
  -9.159658881475858, 1.174425346670016, 28.44484287600127;
  -10.43397878772317, -6.091977617569164, 32.29653160671081;
