m=[-10.85442828425314, -0.9295382641438343, 20.24002005267615;
  -10.76095660877212, -0.8656834976863824, 20.45576508493463;
  -10.16610502590688, -1.064642180940933, 19.96269948744893;
  -10.30293078965808, -1.15113718277293, 20.24157385906373;
  -9.743229674987912, -0.02654738795019628, 20.07242429956898;
  -9.077490965683596, 0.2529819994763776, 19.03163974735822;
  -9.353067061303225, -0.1386574715395366, 19.69905348400674;
  -9.582634423417588, -0.3106151409194352, 20.16810749048083;
  -9.608135019756597, -1.012717651879661, 20.33498691137858;
  -9.257826860081082, -1.059988907855053, 20.00734887079931;
  -6.081881228253401, -1.705763696712831, 13.90780846339951;
  -5.866860475550175, -1.80714556473891, 13.46692867652087;
  -7.12951462889527, 0.857761107533581, 16.34634190217217;
  -7.398161317530287, 0.7733211359070281, 16.94051172336783;
  -7.946708002016334, 0.4686130869328875, 18.1353884028567;
  -7.236243972679916, 0.7021529658046676, 16.652390856675;
  -7.218732759094632, 0.6391958103603316, 16.76020122608035;
  -7.149554018441833, 0.7545372941624936, 16.61383774039538;
  -7.083921003275527, 0.8168370496632951, 16.59387143562028;
  -7.349165283964885, 0.3194796169550904, 17.2238050798665;
  -6.747091701042206, 0.4801534234070175, 16.13517518784737;
  -5.765908229969718, -0.9705403280846648, 14.00260645592495;
  -6.010254515150301, -0.9223836919736806, 14.62684105424517;
  -8.559456561119591, -3.917958085049689, 20.68113885215023;
  -5.791761138549824, -0.8416337929468762, 14.39216352861817;
  -5.928175307506793, 0.7043470440625599, 14.7165073310033;
  -5.50014896467192, -1.268432952415779, 13.79034281794513;
  -5.640709619063663, -1.365788173635717, 14.1887686341924;
  -1.939891089470927, 1.018938085765463, 5.5152693083519;
  -6.029672587594668, 0.5043165747852905, 15.07784059619286;
  -5.876886322849886, 0.3718208376080331, 14.795296530305;
  -5.703426974239613, 0.4218272029661721, 14.49854663745809;
  -5.689024568173176, 0.3484995432250928, 14.4709221089929;
  -5.811413628791803, -1.339198004581468, 14.84798563174391;
  -5.469445195391816, -1.391457093028803, 14.03895307476826;
  -5.735087908391249, 0.832715661785801, 14.65791709788235;
  -5.152091281347159, -2.270605882861735, 13.54335423165815;
  -8.697321860621372, -5.047572945947838, 22.24964171094431;
  -4.912230587800523, 1.014284026705085, 12.97941418089082;
  -5.442279981018008, -1.463378967062958, 14.35700253234081;
  -5.671746398752543, 0.8403420057384621, 14.9262772801655;
  -8.46708786771479, -4.999019341959094, 22.01559898381635;
  -6.987091739584982, -0.2148297075378293, 18.42965835215579;
  -7.815145680650757, -0.7561264716246881, 20.54093032943035;
  -7.472828831163146, 0.2975666400073858, 19.71050944905445;
  -9.058223253031407, -5.601307234169738, 23.77113108534736;
  -7.5702801407912, -0.5631171950014128, 19.97682576319773;
  -8.883048347088231, -5.298627035378865, 23.34274516901935;
  -7.57533494912052, -0.1317283707569907, 19.99841589360974;
  -7.333667127544466, -0.09290143263489249, 19.55540019386144;
  -7.133721740469137, -0.6040754134288842, 19.18482973119435;
  -6.837183186821724, -0.9488140154003319, 18.47665891404718;
  -6.414479674605396, -0.4171542967365102, 17.4584598929444;
  -6.543311951888293, -0.7033344677159156, 17.91257535131949;
  -5.348957864101142, 0.7785980420136132, 14.90549153946108;
  -6.735697074093659, -0.3397794743296432, 18.55526837939634;
  -6.349864608564155, -0.9560602529646902, 17.57377691751313;
  -5.16909356678793, 0.8324997704222011, 14.65581989730135;
  -5.969829833211876, -0.5959624806048323, 16.98708586109034;
  -6.723395958207421, -3.946846996350737, 19.12892608192549;
  -5.648056376985279, -3.004463960716788, 16.24916781934994;
  -6.136184756751023, -3.742021654433106, 17.60781938334514;
  -5.973559647165882, -3.980452447902164, 17.21544318975451;
  -5.984817371951261, -1.160361810189817, 17.43172332743142;
  -5.792863597591576, -0.8988155651495701, 16.93750616549888;
  -5.83344623049251, -0.5699475938054416, 17.12680517048386;
  -5.047011454090412, 0.8263306702441089, 14.97232247046162;
  -5.846970946809043, -1.257326218277705, 17.25060898555551;
  -5.833420387839526, 0.1068892223869659, 17.34434340322796;
  -5.789188113903097, 0.009274594931666462, 17.22793784192145;
  -5.093993690638823, 0.7838160242159634, 15.27274304754296;
  -5.068057861801641, -2.313906419106016, 15.26075678027826;
  -5.579154007369393, 0.7632518097234916, 16.64460178131264;
  -3.491058194584599, 0.9470853860845254, 10.78113678817784;
  -4.869684949215047, -1.81602964987628, 14.72960254064349;
  -5.389922069611014, -2.666985158674751, 16.23675707941698;
  -5.761649641252163, -1.246255841946679, 17.27145099366421;
  -5.651618777577894, -0.9921696962810065, 16.994175540105;
  -5.67189921813455, -0.3626289489222004, 17.15142161138211;
  -5.645839339623845, -0.4837576502470823, 17.08849881408669;
  -5.581933699761391, -0.907445383198096, 16.916712111237;
  -5.501995320559847, -0.6762479620077881, 16.70412889726949;
  -4.909562617660861, 0.8446007503104182, 15.09227657732731;
  -5.586771918939148, -3.869299035122125, 17.1462273119333;
  -5.793126974424355, 0.6109513278361051, 17.77169016233798;
  -5.440108904918097, -1.078084286366436, 16.89125543578617;
  -5.16925523934199, -1.419156727732235, 16.12027739645493;
  -5.45295682239907, -0.3137734125640869, 16.98554477712232;
  -5.391326316128162, -0.1141781054653583, 16.84028235780106;
  -5.321400287159135, -3.530029250790877, 16.78546645993108;
  -5.477500407424674, -3.992268003205813, 17.3475185685949;
  -5.261775262736009, -1.48566249967285, 16.66312777926546;
  -5.415143145772301, 0.03632880200276496, 17.11398732117971;
  -5.515522414938358, -2.207488224222429, 17.49000776511745;
  -5.459006189495726, -3.555013016542002, 17.4277867952578;
  -5.392415529307771, -1.853449318166118, 17.22609774538069;
  -5.518977664585308, -4.126667152008666, 17.67515860947187;
  -5.347297989730718, -2.607542602811772, 17.14092574442254;
  -5.555335849270725, 0.7719130130001192, 17.70396434041722;
  -5.275570674409873, -0.7619938117030106, 16.90650147383948;
  -5.348067272837457, -2.149642724047231, 17.21726413343511;
  -5.378810247801719, 0.6539478716765859, 17.25703483226504;
  -5.128276161243781, -1.919270657167841, 16.59247046824234;
  -5.239927604326055, -0.246114946894934, 16.89616859753175;
  -5.307672677280923, -3.877004380487144, 17.16594518751884;
  -5.346514739994463, -2.337382878702041, 17.32061129621266;
  -5.128253831268271, -1.589681615919927, 16.67856821875164;
  -5.212547355334562, 0.7485666430002849, 16.90230746549437;
  -5.449404764949377, -4.185289242190313, 17.7475971687314;
  -4.990259043601049, -2.268989405275305, 16.37080098641699;
  -5.462194622153171, -4.123501472619099, 17.86516066548183;
  -5.261207278671828, -2.459031799600337, 17.216238393177;
  -5.180867716220725, -0.9461777937162269, 16.94657272658905;
  -5.72566182754201, 0.1084953907216918, 18.62766937516593;
  -5.130812820254299, -0.8046938540271527, 16.84886260425804;
  -5.187135662692646, -0.456550307344061, 17.01667669224756;
  -5.317777687457352, -0.9027704680903849, 17.42928765864868;
  -5.253670192722951, -3.826879859103727, 17.30005992040893;
  -5.320628389333683, -3.052595691294848, 17.49092429237444;
  -5.264820880861669, -2.215786149452208, 17.32111201374821;
  -4.440310229559267, 0.8358562282584975, 14.73252594784696;
  -5.231599003705068, -1.891203673627008, 17.2524369666416;
  -5.263376288745553, -2.930595459180393, 17.39114112214199;
  -5.086708754315582, -0.7348305555871402, 16.80729846333404;
  -5.272935455251334, 0.1972777199226387, 17.44102853717735;
  -5.12081437531043, -1.72549391266371, 17.01689806602655;
  -5.012712081317654, -1.430010743754962, 16.78280379905459;
  -5.437213152928792, 0.09364935604477942, 18.21718174139955;
  -5.050432026196889, -0.1277695975279206, 17.00356454038446;
  -5.106276669632273, -2.653005290950353, 17.26256940085999;
  -5.033294344117065, -2.774695460243166, 17.05442814327314;
