m=[-8.360059946921599, -0.6570430208034834, 11.52236790480857;
  -7.437726765544041, 0.02716959127924613, 13.20470837825537;
  -7.888472177515941, -1.279375198375917, 14.41257598128179;
  -7.851418963217524, -1.320560878660348, 14.41899531651187;
  -22.86086826576818, -1.860474635967255, 40.54595768743227;
  -7.944397401752778, -1.331184557673619, 14.79990264706389;
  -22.75538689030454, -1.733608256154666, 41.16848203342052;
  -7.666945260637851, 1.624093561666486, 14.69754307704099;
  -21.52851241512624, 0.6187077870937373, 40.44052165071327;
  -18.36412626265284, 0.292019851588602, 35.25884664593696;
  -17.85719626544173, 1.373668020853729, 35.15353076354961;
  -16.48243312559366, 1.115285973246126, 32.74341512661069;
  -13.76321113195468, -3.577650539577019, 27.59854728130828;
  -16.73690739632513, 1.62465492771478, 33.24019265897312;
  -16.91774106712274, 1.388798137910774, 33.60163770095927;
  -13.80215465437244, -4.875675399410904, 27.84662504257823;
  -13.71188829994055, -3.492655474559958, 27.66471728656708;
  -20.76060749395455, 0.6206645334795788, 41.2881968415489;
  -19.96804550202, -0.2390855908028219, 39.9624940513708;
  -16.39092302664082, 1.776172966131967, 32.95096341739451;
  -19.97664912917208, -0.575356868399703, 40.00012913771257;
  -13.42192114231614, -3.707473564654242, 27.37634832363903;
  -20.11557128894204, -2.047353723330751, 40.49979584719668;
  -15.74267331470378, 1.564877237310186, 31.87033879873693;
  -12.46876889356505, -3.889782759986689, 25.57416590624328;
  -14.72243162756133, -3.788267868137485, 30.05959415099957;
  -12.6397658834352, -4.109803675951495, 25.99622970031997;
  -16.63517312185572, 0.8157819193771828, 33.81118367650031;
  -27.46019664145405, -13.35600526338117, 55.59953663089311;
  -16.76357886662383, 1.65963299955735, 34.33554792664587;
  -19.50488801048815, 1.708378202853568, 39.82167900189054;
  -19.98985604348282, 1.487746659643748, 40.79450156343967;
  -13.05688783775241, -3.917649987921752, 27.15353873832525;
  -19.58702511899866, -1.738122402066984, 40.1493277529223;
  -19.49010193495861, -2.188119439200156, 40.03169667218537;
  -19.37755479140899, -1.835587829034104, 40.19916491247594;
  -19.61689062006306, -2.184318144375293, 40.69421729558374;
  -19.25984421507775, -1.485946955864034, 39.99065977526012;
  -11.78261219912619, -3.594774454159617, 25.02380169257884;
  -19.19116155371243, -2.282289046984145, 40.15053373577158;
  -19.41820821887466, -2.026820113684995, 40.64470083748017;
  -19.41994710500151, -1.683374931585138, 40.66050572818428;
  -19.06731643895079, -1.831707104229843, 40.07889040337503;
  -18.97364966553062, -1.230867019293624, 39.96660827107763;
  -12.62637254702774, -3.465649215219902, 27.04167028038742;
  -19.13057619231889, -1.500757833189374, 40.4101502675033;
  -12.45526094639055, 2.222083114750195, 26.61174107342717;
  -18.51427226163295, 1.694701938374852, 39.30149149340464;
  -18.88326902611638, -2.011410600951055, 40.19535334150334;
  -18.52487498133528, -1.799242705466072, 39.66873293840802;
  -15.33381093471697, 1.660007217117739, 33.10545242646781;
  -13.03473911582737, -2.348530116464261, 28.40462811414219;
  -12.90118976813247, -2.558778533510071, 28.1850062230263;
  -15.48184295487779, 1.563109665381774, 33.55515747825358;
  -12.94752502607968, -4.998777293911431, 28.39877980922809;
  -12.70856355596424, -2.165788484159322, 27.92230554619201;
  -15.13115270559637, 1.649037476309411, 33.10929618900079;
  -12.4767697224591, -4.462688224581815, 27.74679836649342;
  -13.26865827855685, 1.899462564028987, 29.33761701933786;
  -10.97260794384037, -2.972688393088901, 24.57950103160642;
  -12.4057260091045, -2.455057448525327, 27.67630230762653;
  -13.65817911469916, 1.875462726665243, 30.41986309980045;
  -11.7898039724901, -1.963923867124966, 26.59610438913369;
  -12.41393414440997, -2.52022122200943, 28.07141410086196;
  -12.33325051561512, -1.845268927523018, 27.97036454129842;
  -11.7259256273656, -4.16059688973329, 26.73424419248481;
  -18.06981814036305, -0.4806835818814405, 40.64955255070152;
  -13.19409456098186, 1.853247038482419, 30.20368611505075;
  -12.41753467193654, -1.803136684511747, 28.59129377876894;
  -12.11315348631694, -1.666186183901617, 28.02451824341334;
  -17.62963935279181, -7.999908299230654, 40.45944321778652;
  -11.62889843274845, -3.997949379125548, 27.0992616555351;
  -20.90569679440306, -11.10944450440572, 48.00780821081601;
  -12.25553221300183, -2.782943552170258, 28.49490178066708;
  -12.41138126259093, 1.514686863729309, 28.77440360004363;
  -12.64070722074536, -1.866050898524082, 29.41027414096406;
  -11.4373940083178, -2.715964963263472, 26.73236484280184;
  -17.76630491030562, -8.015788572917719, 41.09467376485348;
  -11.64198354854801, -1.962275924101522, 27.27109590744779;
  -13.67891863878481, -4.723542078455326, 32.0728758918975;
  -13.17783962978219, 0.8171502417109543, 30.81653359362754;
  -12.05023820795351, -1.288670351578389, 28.33194354486278;
  -12.13915593148295, -2.341676242701687, 28.55774616201953;
  -12.47537541478967, -4.477168659786794, 29.43504723850199;
  -12.45568288845947, -2.215437382287537, 29.34765520262589;
  -17.60175487273097, -8.133470520430933, 41.3371900362864;
  -11.80954914713071, 1.436508231055394, 27.95532806634679;
  -12.22014773923441, -2.46805595979284, 29.01537130453383;
  -11.90730751784717, 0.9309019451223949, 28.23647134820243;
  -11.93130009371686, 0.7865717577040998, 28.30716176673607;
  -11.93352078433265, -2.64331037276959, 28.48182400605659;
  -12.01345829813094, 1.668733761429075, 28.64095084373074;
  -11.83301589026834, 1.751391750333582, 28.23832309375948;
  -12.00702452020703, -1.708230555730866, 28.71960747252026;
  -12.18258773781379, 0.585307116252978, 29.19588327927142;
  -11.03901156155862, 2.15899376194578, 26.57382436773329;
  -10.9452390471721, -4.691052939152764, 26.56937836767899;
  -12.15883582143593, 1.701773411867729, 29.33223624172711;
  -15.33859697819418, 0.3196511683414958, 37.00180737692448;
  -10.03838236303648, 2.124124464097645, 24.55399025089555;
  -11.06441188379659, -2.269866028189774, 27.18857666569457;
  -11.07284603260767, -4.715648103245389, 27.35313392999695;
  -16.17940700367722, 0.3131508965378761, 39.36514386982186;
  -11.44718026070489, 1.732780316437852, 28.1699451228978;
  -12.03867039250774, 1.706025762006962, 29.72819388254023;
  -12.77374735154119, -1.890543340280327, 31.78070155878644;
  -16.27354926715091, -0.3957127713479684, 40.67170298193797;
  -15.59447104756282, -2.086374515180696, 39.07589692616251;
  -18.82307136736073, -11.17471076879998, 47.23334663812232;
  -16.36838090152748, -1.489219893550375, 41.04712147389875;
  -15.65997261676588, -0.229809949446851, 39.32413872885408;
  -15.02783351040977, -0.02335180399994235, 38.17362240006372;
  -14.39336693399385, -1.424688481428364, 36.61077553979013;
  -13.04988087474531, -1.847580991679442, 33.39228253226625;
  -14.93255166018078, -1.244844259268352, 38.09467069389879;
  -14.06168092246955, -0.2697430064577215, 36.01936687752872;
  -13.77152049631756, -0.8393623575724706, 35.37423234985856;
  -12.10930799703916, -1.275673511580757, 31.32030720313651;
  -10.64418357107317, -1.929392828630417, 27.79230913821271;
  -11.22203736551851, 1.675101241416734, 29.24446632145474;
  -12.91328287966654, 1.677488152034163, 33.5664982146404;
  -13.30316624602595, -0.3002755280629756, 34.71961670282067;
  -13.62993413143219, -2.020440140655429, 35.59063892131632;
  -12.365530077393, -5.942374272077135, 32.71312031856528;
  -10.87304580017695, 1.794135322448665, 28.7994487986605;
  -10.8726202150295, 1.59036748397278, 28.97011178317128;
  -9.801179929749917, 1.754734086183486, 26.28580876940509;
  -12.76848648389763, -6.625208669418274, 34.23104442065791;
  -13.37467231167124, -1.885926130575522, 35.72339700823996;
  -12.39804077643454, -7.226868310332476, 33.34449915614432;
  -12.60372740447223, -1.218152019322077, 33.77983794047966;
  -12.66683777867519, -6.65424036970474, 34.10317702852306;
