m=[-2.87870809511994, -0.5306884702055663, 4.526381009558246;
  -2.816082126740603, -0.5355103456965351, 4.460475838939823;
  -3.9889720982263, -0.6469430143938612, 7.288022592862014;
  -3.973682768222028, -0.6683492541290059, 7.297599770528247;
  -9.395286581269621, 0.4865478409054259, 16.84113661187179;
  -8.999883949468925, 0.3518016559024137, 16.37538720311556;
  -11.13652145330755, -0.3454579173086397, 20.12672219984398;
  -11.35984907355697, -0.8654446631702925, 20.55195742184281;
  -10.64646976043411, -2.838646840210084, 19.39270732184466;
  -10.77649290741205, -2.7844419779401, 19.63132792094312;
  -8.937686798952575, 0.30243152754054, 16.42153861206315;
  -10.74650449389992, -2.689372278755419, 19.60211797223624;
  -9.006749509452005, 0.8346951016528502, 16.55258354940911;
  -10.93744402092531, -0.4454065399243193, 19.954567089276;
  -10.83052033945836, -0.4085318811494116, 20.07307390405857;
  -10.58538385042786, 0.3042132819652881, 19.88425565732839;
  -6.833112763835992, -1.776219904798955, 13.70203391368419;
  -6.856846486128238, -2.422212949147152, 13.83407430616237;
  -8.322527212298475, 0.8078693707458693, 16.52888442264365;
  -8.34393079169937, 0.9801750662275137, 16.64788696287075;
  -10.15411160722049, 0.3035699675662333, 20.1942529336899;
  -8.233022641170475, 0.8921567272954436, 16.55099151053648;
  -9.845617894997135, -0.1178856173482826, 19.70425430576519;
  -9.578278931130935, 0.7128641874122953, 19.54696992220078;
  -9.710563259674569, -0.8617004080909566, 19.90463506374934;
  -9.773646711608663, 0.5404585012947062, 20.14070153716223;
  -9.565923488078626, -0.9061562677646711, 19.84471931452806;
  -9.619506027458163, -1.071120900996124, 19.95516395229315;
  -9.51463730328973, -0.7340789561478121, 19.75595539775875;
  -6.275265703769352, -1.722416282314123, 13.43962135214363;
  -6.12249355365288, 1.092284585950929, 13.0812364248983;
  -9.481393525649166, -1.127564922694816, 19.83637152697836;
  -9.870960267608233, 0.5562098344786691, 20.58257442627079;
  -9.505452495907688, -0.9921534516071561, 19.89608251525058;
  -9.469158386322302, -0.8208129386016112, 19.82604621559355;
  -9.399062143636387, -0.9029235423201434, 19.7565285474458;
  -9.433684742473394, -0.6119861821323046, 19.87136841364947;
  -9.34949641356868, -0.7334504636965858, 19.74925120914496;
  -6.457614021341433, -1.163498622784642, 14.0720978878779;
  -6.322173019594257, -2.440863012418999, 13.86689727478075;
  -7.428182498090743, 0.9200240137740249, 16.02186689069723;
  -6.470747100515693, -1.283386189502493, 14.13652931035558;
  -7.58907064013655, 0.8215773683057703, 16.38468206682513;
  -6.336812630425017, -1.079917156711937, 13.92277086836123;
  -9.339978451088673, -0.5021444763052357, 20.03793227405983;
  -7.438846620909366, 0.8107073596488222, 16.27734389232235;
  -5.759675530862793, -1.56040575642416, 12.90212421487569;
  -6.128038944587953, -1.071216895057467, 13.86311318999222;
  -9.004978992297996, -0.2395456071091349, 20.2574460861744;
  -6.563104252899668, 0.9874021251529337, 15.10846902518379;
  -6.196046096100841, 0.7561664113173847, 14.36484202052964;
  -6.472581370290837, 0.4013610409458592, 15.1362079702553;
  -5.936102505047596, 0.7220648309813952, 14.05182288473623;
  -5.916563689682892, 0.4625513063227018, 14.03028189648625;
  -5.874106489719536, -1.301132071216913, 14.01977423567062;
  -5.947844202065904, 0.8803339203097632, 14.1939424274256;
  -5.454948899474065, -2.337952963614574, 13.24179404961713;
  -5.526645665403736, 1.080893289182012, 13.30409977706349;
  -5.726652628326091, 0.7201989391156555, 13.7916343426688;
  -6.040059678741482, 0.8453780541435658, 14.57116947813613;
  -5.471960025731247, -2.209015962535319, 13.48017036501222;
  -8.007745473797051, 0.1668787047550359, 19.31735060032596;
  -5.689307033959489, 0.8612006641021801, 14.00060654972916;
  -8.264429053554018, 0.04007697114036559, 19.92511559331395;
  -7.837123631313808, 0.1516867886978991, 19.06803501525931;
  -7.613684646827982, -1.018630100714255, 19.07801525171018;
  -8.087439225985728, -0.1966567302981087, 20.21254986751598;
  -7.444383096111849, -0.0115678533995249, 18.91018217067286;
  -7.144998424626206, -0.1370613774285441, 18.30210207548772;
  -5.589258277005786, 0.8343024687459282, 14.56552585950648;
  -6.259602082830255, 0.8131478593201295, 16.27106941709829;
  -7.147878528034811, -0.7530041604722896, 18.48774111646121;
  -6.936672550002516, -1.0810666155379, 17.98476721329804;
  -6.639420732946374, -0.3207635624167363, 17.32226411100483;
  -6.666236151417258, -0.9881728684477908, 17.40695160677104;
  -6.663580529576421, -0.1504085662995043, 17.39112009702091;
  -5.378978222671833, 0.8875723514215883, 14.24730574669577;
  -5.648911254464043, 0.8262814851684879, 15.05153194524542;
  -6.203205150996419, -0.5995406468624599, 16.62549958338948;
  -6.267113341993785, -0.5292641429489067, 16.92977279758019;
  -3.70743994393647, 1.025193256569469, 10.42198784525627;
  -5.099660330891299, -1.388552975921722, 14.1408991738344;
  -5.297113574791698, 0.8064761969232271, 14.61076332678098;
  -6.323904672119421, -1.215753794934185, 17.36727075447894;
  -6.051131763398563, -0.5732589418110882, 16.74290353186504;
  -5.229550970246655, -2.372794074676651, 14.69683346260134;
  -6.018525315317068, -1.296765224672976, 16.73515640360753;
  -5.308004853305856, 0.8987815068843151, 14.8801708886289;
  -5.431537389165427, 0.8471320343903807, 15.25195983478917;
  -5.916145745991166, 0.1259681259423927, 16.60383931029807;
  -5.940061579541369, 0.02659912186530974, 16.67655701261968;
  -5.82934076590821, 0.6598272409967139, 16.41206270809611;
  -5.981734975444058, -1.275844232838109, 16.8939234302116;
  -5.897875993351223, -1.021589405423794, 16.69717775923007;
  -5.830485053098929, -0.5594036400112041, 16.57237421266776;
  -5.775687419603835, -0.92662356456465, 16.47683215890694;
  -5.823493321756128, -0.3550354028760853, 16.60187239752085;
  -5.699345637841183, -0.6860467110657601, 16.27901670577222;
  -5.861922193434457, -0.484695505508822, 16.72066913231337;
  -5.860700243753833, -0.2017371072832582, 16.79313852868201;
  -5.209179269273207, -1.410458996588446, 15.23169248284533;
  -5.785020895910541, -0.02962025875923554, 16.79308835747658;
  -4.941089458797324, 0.8136688180770145, 14.49181093914425;
  -5.694629898696693, -1.111121894456588, 16.63846942099297;
  -5.727396833837652, -0.9135317953702445, 16.81185187784962;
  -5.691410441582459, -0.1081642458929627, 16.74494161859983;
  -5.115031963897644, 0.8385452783346771, 15.13105122856165;
  -5.500891488680774, -1.539240647156366, 16.37065893041241;
  -5.538621019786215, -2.212450535640026, 16.55017868574788;
  -5.619298321481135, 0.05448647740856921, 16.74981796997255;
  -5.502843988556177, -0.7787835043521303, 16.60246031855808;
  -5.503238670234508, -2.197387190338812, 16.67098284982948;
  -5.516527392745052, -2.043790538921193, 16.75566452443187;
  -5.412878227125935, -0.2417404989764073, 16.44182021934448;
  -5.451523336189204, -2.370319189706742, 16.62230188274769;
  -5.668577118965523, 0.7027830283596341, 17.17257426691414;
  -5.453866093311289, -0.05510106519873221, 16.59239379812017;
  -5.368015086579846, -1.646814805163439, 16.40328586896991;
  -5.292063163663938, 0.7765854195128554, 16.18771442904607;
  -5.381116854433228, -2.501565691469754, 16.56403987916528;
  -5.615337864721325, -2.53091920478917, 17.26898036619553;
  -4.580963182418155, 0.8797255252711277, 14.21006896632479;
  -5.406067767572349, -0.9723267087223191, 16.64647952156863;
  -5.40342996932994, -2.604706569232172, 16.70773415157057;
  -5.292839389530146, -0.8894286258953172, 16.36072369201548;
  -5.364943917921837, -2.243645825682831, 16.6130592009047;
  -5.399051333507437, 0.1177300538631118, 16.65307861662756;
  -5.527533228395338, -3.157139654829512, 17.10058039805963;
  -5.318859665462646, -0.4601302349840263, 16.4399469830204;
  -5.384415076868796, -0.826666769750137, 16.64216896276282;
