m=[-22.15245103331889, -1.545627425662479, 31.63664304479292;
  -7.989756163208267, 1.273111238591071, 12.46429764936475;
  -19.03736002181041, -1.658906223068753, 28.98512288752092;
  -7.873180170762641, 0.7663197388443208, 12.94094830906836;
  -8.03718258888402, 1.275653117323378, 13.35495432245138;
  -7.899818235592689, 1.579574528285921, 13.21302947183619;
  -15.84567403410858, 0.6533972214364801, 26.90548562601423;
  -17.73330676762161, -6.332604247996964, 30.07877177582662;
  -15.51594614812925, 0.4467759145660418, 26.69302426409563;
  -15.74065076103644, 1.40830614192075, 27.24401337184607;
  -14.23643449270095, -4.727578796557292, 24.8478767069243;
  -14.90174545464953, 1.506749081138909, 25.90063846740397;
  -16.98642687665081, -0.7244977134547865, 29.35278798695519;
  -16.96841982967437, -4.740235511608733, 29.41708076260087;
  -17.18238963130239, -4.66134078222508, 29.81421971482439;
  -17.15311257081732, -4.512144730422383, 29.80188624809242;
  -12.92222362457386, 1.954350591356235, 22.91037189898898;
  -16.84282145733278, -0.6081512969033756, 29.46199698346921;
  -15.79997821296515, 0.7523500076948333, 27.83452079529354;
  -15.4244308880535, 1.367318982047627, 27.22549877838801;
  -13.51157090280535, -3.983109819292727, 24.2063243039516;
  -17.1475418406342, -0.8931753230745471, 30.385375304731;
  -16.97581853834107, -1.627794296274756, 30.08863434608321;
  -15.29729612448366, 1.132346263778552, 27.31173345330547;
  -16.86635009804163, -1.927033858786567, 30.0578620337154;
  -16.62605429518493, 0.3764546051259142, 29.66956918210222;
  -16.57430534342248, -2.00390223739463, 29.56512595042884;
  -16.99926014006974, 0.2852955494684225, 30.53732103931353;
  -12.60224671229632, -3.974151274842486, 22.94998418004187;
  -13.77722229344434, -4.683049806062712, 25.04238413408867;
  -14.04793357077148, 1.487118968454971, 25.58699021753666;
  -16.33767288270873, -1.734073733969028, 29.53473955385117;
  -15.14125897928817, 1.241417593383756, 27.52066587150072;
  -12.70177905850299, -3.294587685925197, 23.30428452022932;
  -12.02075302684883, 1.857739778089403, 22.19158475388947;
  -16.42441162715581, 1.032884741372699, 29.85864098939528;
  -13.92640245023642, -4.080438868630907, 25.5299949456522;
  -16.48738815820803, -1.99885757674675, 29.9776413724489;
  -12.64774802163104, -3.228138535105182, 23.30122712631176;
  -12.63361660283774, -3.147628592474209, 23.33203555972289;
  -15.74585118708272, 0.673365788732554, 28.80082641186347;
  -16.52966972717737, 0.04497874721953067, 30.20571646374238;
  -12.26111615490863, -3.386101452023111, 22.7478874078124;
  -12.88232506260362, -4.296405130979368, 23.91674297961385;
  -12.91407632384714, -3.913600251513123, 24.05194010540308;
  -12.73165126046071, -3.48472951228928, 23.76217674497641;
  -15.95658495722527, -1.976167948037433, 29.45774639503429;
  -12.63551272717667, -4.546281664326972, 23.69261223895745;
  -16.22416497140237, -1.286782067480097, 30.03688521480509;
  -15.91194371488746, -0.947905636729739, 29.53638059668489;
  -12.68028922666485, -3.385628524955001, 23.80053551692273;
  -16.00884671283659, -2.165671779074463, 29.77659439251291;
  -12.28050472693086, -2.874333835406393, 23.14248288819891;
  -16.06448210068975, -2.716835998202134, 29.92527827668963;
  -12.75599788968465, -3.292836414944823, 24.0508110366128;
  -17.06949861928129, 0.9536032369865457, 31.90457599925065;
  -12.34171673885549, -2.826469257174989, 23.37184821972901;
  -14.70379787739316, 1.234398368152931, 27.64730701038959;
  -12.18446314002946, -4.642707868659702, 23.11014388815645;
  -12.33855324837625, -3.532154179971765, 23.3905564515159;
  -15.85374690379616, -0.2019154152319071, 29.75953369036331;
  -14.19365739887108, 1.509705493442847, 26.83886265106943;
  -12.1716044462991, -4.107357011470501, 23.17778296380391;
  -14.38110209799847, 1.125199069167542, 27.19683855021898;
  -16.39181140863403, -1.943859756452764, 30.81748216211794;
  -12.69570148888393, -3.131297796673175, 24.24485391941219;
  -12.20526214040549, -2.742003793229767, 23.39409204355584;
  -12.34644805789421, -2.923221931179592, 23.65523788353324;
  -14.77417015147415, 1.422749041968961, 28.13096356380761;
  -12.30167567158398, -2.653388853565638, 23.63145543835734;
  -15.66040785191122, -1.173983231234631, 29.76199693786969;
  -15.86073716660248, -1.694427865243159, 30.13919644112129;
  -12.20761685309204, -3.717865788183386, 23.55400443924403;
  -12.06283113230298, -3.922598467302373, 23.24955132379035;
  -15.0944075109773, 1.062295071642763, 28.85286542971292;
  -11.84768310448425, 1.929276317124505, 23.00903482179817;
  -16.10159455646043, -0.4136984397843276, 30.79407760147351;
  -12.21143839954867, -3.154375814019473, 23.6784749069833;
  -12.06028357362692, -2.751455131000981, 23.40555885304812;
  -12.17481434380082, -2.51010989377142, 23.62642683066947;
  -12.43038703462857, -3.700934060176874, 24.19331394593931;
  -14.14753197086822, 1.213931430524986, 27.47034169365127;
  -11.34871890834666, -3.656381354781654, 22.28544494901269;
  -12.21730165169721, -2.790104772367462, 23.96046818762123;
  -11.72857133955234, -3.459282240925566, 23.11561644142311;
  -15.40385082384892, 0.9370819094351205, 30.05650697588545;
  -13.89093637843507, 1.190468207301354, 27.31252535274193;
  -15.40943446197549, -1.586521906789184, 30.17886689434208;
  -12.0056903224701, -2.33202585919334, 23.83269317261329;
  -11.7083563550068, 1.952883481242203, 23.31187225977636;
  -15.17675712016546, -1.896113829029406, 29.78450446078275;
  -13.38922008481823, 0.5620764372176861, 26.42074491642995;
  -16.14129197225358, -1.346964910926278, 31.81214240311245;
  -12.07437570315137, -4.256377337703073, 24.17745482038185;
  -15.20970753093561, -1.916138558450732, 30.14453773029046;
  -12.14030167298607, -2.501984357551668, 24.32446394846934;
  -15.3551994923337, -1.677337040290025, 30.43033188137367;
  -11.77065724043426, 1.763661393327167, 23.7080586433294;
  -11.94546199320775, -3.564934986795764, 24.04031487580667;
  -12.0313213674155, -2.644205674256518, 24.28339502337893;
  -11.59939193409076, 1.966738268012116, 23.51665819551597;
  -15.11422977322923, -2.011314423947539, 30.19911872185572;
  -14.69070520125081, 1.075031548086598, 29.43372402990882;
  -15.02308932636631, -1.790569577991204, 30.04152489266253;
  -11.58449287164608, -3.186065633345142, 23.50606420366031;
  -15.20605095002423, -1.542399875856923, 30.41649867754472;
  -14.79396745315939, -1.656999714620271, 29.702452548185;
  -12.13224049124783, -4.771063011660133, 24.73251511925552;
  -15.26110802755982, -1.220000498323027, 30.72319163953592;
  -12.05643769837426, -2.342252370117645, 24.53157105538061;
  -11.71207998058243, -4.098340406611976, 23.89977467717509;
  -11.84561149774734, -2.521690406357234, 24.16866534612827;
  -15.00253167537623, -1.930553803898313, 30.25796889397015;
  -14.99711746123189, -1.671094161165632, 30.26369652888668;
  -14.96526212944248, -1.399628638565586, 30.19827002774636;
  -13.84653397468562, 1.072601747416471, 28.07660174925421;
  -12.24029598641592, -2.150390159409474, 25.05389285175722;
  -13.30647585125599, 1.484398546098209, 27.1417071474069;
  -11.81406460423666, -2.183126956545236, 24.22079093633611;
  -13.05765813245686, 1.231810461582573, 26.68780836934871;
  -14.81531078775903, -1.531846839786598, 30.15134290145694;
  -15.50279196762945, -2.050447461423439, 31.56227607737374;
  -12.39680885876007, -2.559595626369497, 25.58756918467993;
  -11.66872309668813, -2.487477252677441, 24.2404295613324;
  -13.35224355035748, 1.268614655549162, 27.64910374172109;
  -12.20104381042608, 1.507715652289334, 25.48727059232191;
  -11.43891348867306, -1.888358187927277, 24.22095825365835;
  -11.35424426732172, -2.416005560437345, 24.07133069987691;
  -18.04634423907791, -1.905959215445028, 37.92784055330506;
  -13.71699449557869, -1.776048366114753, 29.27780874496415;
  -11.64344404325533, -1.861846782783535, 25.05921500549174;
  -11.80114236980985, -1.767175537022912, 25.50755401995561;
