m=[-9.632225767787153, 0.3971853478352238, 16.35523432981565;
  -9.487003102367847, 0.2731747356613708, 16.32106747390253;
  -9.601664021445037, 0.8590548522639463, 16.61861805864739;
  -7.157843627678448, 1.082548664456359, 12.69045206686165;
  -9.49359454507908, 0.7748846351453117, 16.51692829681147;
  -11.69483795084516, -0.4988031571406126, 20.20884682845312;
  -11.72675589119844, -3.181304035805303, 20.34781448823429;
  -11.40636773008244, -0.5941310000644773, 20.21203782812924;
  -9.222541772167288, 0.7576191835484618, 16.57122174842704;
  -11.26674337803187, 0.2551066749890472, 20.10575787716025;
  -11.4465794283237, -1.307807913238486, 20.39917962182392;
  -11.27823536508104, -1.363585418131455, 20.11803464206894;
  -7.188731498946971, -1.864613308479687, 13.18935272132968;
  -11.4448743711555, -0.306340926022482, 20.49783252653054;
  -11.41753823958114, 0.3952467432495335, 20.49277076977898;
  -11.3355956039001, 0.1902432782202982, 20.3631640010133;
  -11.2976898179207, 0.2726609746885704, 20.34389278610627;
  -7.118647835362799, -1.773590268784126, 13.14687232114688;
  -11.07053862338206, -1.175022317163303, 20.01297720365602;
  -7.130945157394168, -2.378253088171081, 13.23899076465697;
  -11.12478950986777, -1.262499828140019, 20.16772440344201;
  -7.151624110811524, -2.167293828604339, 13.31960803514541;
  -11.07777599561677, -1.343020269181829, 20.14179522034229;
  -6.883484010630286, -2.476690722404018, 12.90709138903048;
  -7.365209536071921, -2.015902141009124, 13.7463245874042;
  -11.15487665035633, 0.4770343771598405, 20.40344864406053;
  -10.97633292704764, -0.2898967087329796, 20.09491608865068;
  -7.089176489424061, -1.892805259564828, 13.30617888963161;
  -8.922158618567318, 0.8682603683814486, 16.62810342308767;
  -7.343683155092263, -1.895700165681237, 13.8461559341201;
  -10.93426416148474, -1.354170859818992, 20.185947152776;
  -10.90954614580238, 0.1597946112529269, 20.20639850712736;
  -10.92429173489833, -0.8664348969063247, 20.22487428305671;
  -7.032945342569113, -2.013319291914356, 13.33256028841448;
  -10.6969605187221, -0.6372388787477475, 19.85612209104791;
  -10.07236227975667, 0.5627017810135047, 18.8262382518657;
  -10.85670019790533, -1.468691009054558, 20.19355697715097;
  -8.706167017819526, 0.9260296908870349, 16.46253775486464;
  -11.21567421900299, -1.896802353870257, 20.89280998669401;
  -7.168048455133574, -1.767944398634365, 13.68875030924025;
  -7.124561194428408, -1.977572110071518, 13.61761039343895;
  -7.234750407237979, -1.843340700762201, 13.81746452871392;
  -6.943230104882701, -1.55984878209449, 13.30824051828333;
  -7.03839217455771, -1.666453563683409, 13.48524210574928;
  -10.65145267783226, -0.1356583086205652, 19.99415448857447;
  -10.75388593757241, -1.275273706999799, 20.21788073281681;
  -6.543818573501123, 1.065595195792904, 12.70855644072963;
  -8.892383484721082, 0.8563343967204256, 16.93166609287585;
  -10.72062800338853, -1.759391052391869, 20.20094306174718;
  -6.82545553292433, -1.763105307358193, 13.23483542864634;
  -7.034090046213991, -1.450234764990159, 13.65034481054212;
  -10.5934041282227, -0.7941350522813746, 20.13235314221416;
  -9.736982088813289, 0.6852569786590126, 18.61218028569477;
  -10.65061929596927, -1.137822657775785, 20.23872559068301;
  -10.71692756982726, 0.1837892771854491, 20.40382857893202;
  -6.993955532829294, -1.551939898950048, 13.63521387728349;
  -6.805909629109348, -1.766084475793416, 13.2945765771105;
  -10.58488515198726, -0.2719575665204201, 20.24344692260301;
  -6.56598560756296, -2.115458805980372, 12.89360605149322;
  -6.958882926914487, -1.589222646559874, 13.64770206591012;
  -6.435769782933837, 1.073447725461027, 12.81391157939308;
  -6.881541609320117, -1.336693897060948, 13.66066134677333;
  -10.6314774762542, 0.646758094939499, 20.74449308703182;
  -6.424105116623367, 0.9625585002971465, 12.93921466956252;
  -10.30805046390188, -1.061294489270449, 20.18797533795895;
  -6.945463387941388, -1.431384591640296, 13.91601941501342;
  -10.25890524118623, -1.281700164567396, 20.13318171329658;
  -10.34995024435309, -0.8636867378980991, 20.39824888890353;
  -6.460568215769932, -1.776840349613137, 13.10912207850808;
  -10.21109234314677, -1.115416534805234, 20.23594216593829;
  -10.1900941488051, -1.283761194819473, 20.1960278933103;
  -10.17070645802312, -0.9321908979591216, 20.17295266768097;
  -9.201198340865803, 0.6733222375050182, 18.43516216542417;
  -6.547756927768211, -2.291218710445614, 13.36141107933165;
  -6.942229166888865, -1.348694624966868, 14.12554788992393;
  -10.03853564899768, -1.335870358534768, 20.05758377410795;
  -10.10562846748597, -1.20446803631826, 20.20812647563541;
  -10.11569931201032, -1.026068728450882, 20.23432354379372;
  -6.769058205881001, -1.250857679784745, 13.87769147476467;
  -9.910045028684401, -1.10997552457757, 19.89680206792758;
  -7.736263092116432, 0.8630157086323442, 15.77993975329668;
  -10.00129793184145, -0.7995217934824233, 20.13430430144139;
  -9.966514322901313, -1.28250968263339, 20.10103940381071;
  -10.00062325562772, -0.9353099592250851, 20.1801691749222;
  -10.01910736307101, -1.116405993205062, 20.21823363790661;
  -6.931199292676004, -1.431099535143056, 14.30630603849535;
  -9.907002218101054, -1.02434638442387, 20.16221092373333;
  -6.650167456749423, -1.073221511755721, 13.84323259196042;
  -7.95928357445367, 0.7562222597380133, 16.48165392054689;
  -9.704184135520723, -0.6712061257235404, 19.91027286291516;
  -6.45245276064403, -1.217691483697307, 13.61640943851037;
  -6.456420485355263, -1.065838508202261, 13.67093921976981;
  -11.533885668889, -5.995818411771925, 23.77074974182769;
  -6.490010046151427, -1.128984111804112, 14.01393047854442;
  -6.888590778435315, 0.9371604346920395, 14.93980547228151;
  -6.620177617018752, 0.7108448024163476, 14.40249154487684;
  -6.487023747527577, -1.645851897257406, 14.09920679957279;
  -6.485111016155813, -1.570677552613419, 14.16994167631337;
  -9.523088203646161, -4.32113965137583, 20.457905919956;
  -9.408007347767999, -4.37796972689896, 20.22592983912428;
  -6.261691362714979, 0.6710699425622339, 13.88847011128105;
  -5.628369125541066, 1.020075411715869, 12.64959767201637;
  -6.538472884485389, -1.392762087469541, 14.52061405211827;
  -6.1761886191175, -1.589341074849936, 13.83875735708089;
  -6.392815425932554, 0.7059520050537396, 14.40487775957897;
  -6.044627737070258, -1.583340466183003, 13.71115826991251;
  -5.78522036471933, -2.438457582045396, 13.24299993143177;
  -6.114104778989652, -1.555648836332183, 13.97451066672603;
  -4.822082159839823, 1.027752464729641, 11.47430871577558;
  -5.738910134101249, -1.254510118447263, 13.47441159315665;
  -8.174336175043774, 0.03588680225302264, 18.84711133091511;
  -8.252163693507331, -0.07445548516787939, 19.05275030857037;
  -8.474853371463539, 0.01947008180803336, 19.69328234137059;
  -8.536158865469567, -0.3591670479593422, 20.11234887505789;
  -5.586583860593704, 0.8714741951683845, 13.62034702841631;
  -6.929992709174515, -1.205465486637272, 16.65421944993385;
  -8.457115100412532, -1.277622078047229, 20.21183216235251;
  -6.469581247026987, 0.7845777765545794, 15.74480404860083;
  -7.840864057913932, -0.08652977660802465, 18.86430015471023;
  -5.890481365060272, 0.7790443742089184, 14.43098617476298;
  -6.2859808075781, 0.715235403371857, 15.48182494245702;
  -3.793727173989723, 0.9936497827043128, 9.748681290282676;
  -7.588707016096609, -0.1076295761755594, 18.53975892235265;
  -7.304554481679521, -0.9144179531918372, 17.9975495760114;
  -7.04926597110933, -0.467620971869031, 17.46251854995064;
  -6.999631777613912, -1.176955508032845, 17.34314448330069;
  -5.859675044520477, 0.7571848892521526, 14.71615021390163;
  -7.088858351577406, -3.990219394251541, 17.57215076544329;
  -6.818942059519132, -0.1624965684442462, 17.11756190123342;
  -6.748704128523562, 0.01283389821674279, 17.05212261404677;
  -5.292631837141637, -2.126194904586348, 13.58633351133383;
