m=[-20.14134052386483, -2.853344946858908, 26.11564862008033;
  -19.92702205591979, -2.974827058271932, 25.90328203568262;
  -20.27100578297637, -0.6484811632089775, 26.58024463721256;
  -19.73528998750245, -2.911410546064629, 26.00833003483294;
  -19.97746899824086, -2.821340391883124, 26.33109961827588;
  -20.57679343636315, -0.7171220911309724, 27.1570346050734;
  -20.35547807928172, -0.2231656058439952, 26.90915972998801;
  -19.69665736577055, -2.631904868600717, 26.08299869904164;
  -18.49980144007392, -2.80601123948085, 24.94587410401514;
  -20.78509656929631, 1.128723583032229, 27.98872036017256;
  -20.62624809958451, -2.406985298112729, 27.85054823890345;
  -20.00315401629069, -2.670691072459917, 27.11359962872487;
  -20.90167864420156, -2.234300834764106, 28.47550080803969;
  -18.48023631518895, 3.205933273179863, 25.3505388399304;
  -20.80357553094699, 0.5725011838621799, 28.51465745487432;
  -21.28345827422928, -2.123325832304817, 29.5863149165293;
  -21.66269095153087, -3.112556098379637, 30.32519910788671;
  -21.2309935375264, -2.815854250132341, 29.75148289814813;
  -21.04852859136629, -1.640522721764037, 29.59819907453914;
  -21.04455287536515, -0.5248906213066892, 29.64707878370126;
  -20.5167355853168, -1.313560781422265, 28.99313563659368;
  -20.95648895567863, -2.361136952015551, 29.59210348919617;
  -21.37582838557862, -2.963524541245655, 30.16866352593857;
  -20.81362156293077, 0.07540532892197739, 29.49434201592581;
  -21.14065902398827, -1.174928963344814, 29.96870444399463;
  -20.83310036302375, -0.9548103655261808, 29.55580986058203;
  -20.55689114898484, -0.6405146031675534, 29.20124271239532;
  -20.61640751439385, -1.487257248314529, 29.29460291539501;
  -20.72471308337763, -1.618097050091763, 29.57649975957296;
  -20.83900745667553, -0.6977925896574317, 29.76695305019398;
  -21.15729515141761, -0.8473173498365481, 30.25735522985827;
  -20.51788400096369, -0.3677986470868162, 29.43323074125593;
  -21.10803240270957, -1.724685051971531, 30.29038994632015;
  -20.23358542635531, -0.317834212127373, 29.22553887862723;
  -21.47334047369307, 0.9414029126449037, 31.1392030852909;
  -20.52476746374405, -0.4810829474317944, 29.89603486616724;
  -20.05380235901603, -0.7503850180165315, 29.25138313112383;
  -21.30715441343236, 0.691745813820223, 31.08850108999988;
  -20.86900035930568, 0.1199909361754944, 30.48167048419546;
  -20.00666720441851, -0.9432777469827404, 29.2982128412583;
  -21.22442616650326, 1.473188418281807, 31.03964117730192;
  -21.57493622637426, 0.5679003900495793, 31.60847010771776;
  -21.05829536077436, 0.9310556603072775, 30.99616057420479;
  -20.89825042701407, 1.162540664663913, 30.84153215501015;
  -20.68510700989743, 1.852382056631042, 30.74769940376492;
  -21.10358314202901, 1.313748109731221, 31.3665535579819;
  -21.48078813107232, 1.643789983726321, 31.93895692032411;
  -21.0423662235465, 0.4888060485183853, 31.45436263008277;
  -19.94722883767111, 2.986333110215761, 29.96833457292802;
  -20.92552231169945, 1.691864347908765, 31.4515862721567;
  -20.72963595058818, 1.983586089106455, 31.2347905207338;
  -21.4198478269859, 2.718069694382691, 32.43664890007141;
  -20.80251768410113, 1.468318019363376, 31.54713923370351;
  -19.42897218056359, 2.767310092772476, 29.59006518329194;
  -20.66844391904925, 1.067536717034304, 31.40047611080166;
  -20.70476942019587, 1.35191124634816, 31.56499186579578;
  -20.36373389871028, 1.658866545438744, 31.07328632868662;
  -20.31440333498275, 2.118202496041602, 31.14955504489213;
  -19.81553602981807, 2.363868624769856, 30.43070652070999;
  -20.29581416421053, 1.409167774536012, 31.20963404339902;
  -20.23018090923588, 1.27807046633227, 31.18037432315102;
  -21.37741791395807, -7.853224105711854, 32.82532206417501;
  -20.02089280347101, 2.626626929968299, 30.89595808023478;
  -20.13041667547482, 1.308156751755399, 31.30944249642216;
  -20.19832963956271, 1.097762549636247, 31.74123830325572;
  -20.99033753051717, 2.453346468112596, 33.02837941178932;
  -21.17880611780221, -7.382247057120146, 33.27187966070515;
  -21.29189573395142, -7.60497970588554, 33.60576900054728;
  -15.45084666283227, 3.38850666959302, 24.78201239953967;
  -21.01050906737837, -5.85798957650058, 33.48768472702054;
  -19.00902542997449, 0.5144655770261605, 30.45973199498492;
  -21.34847973647238, -3.085137641494764, 34.13193009529934;
  -20.76578551735269, -4.288183696198042, 33.24259992852473;
  -18.03972003322203, 3.240352605232793, 29.07191132759294;
  -20.30713565315793, -3.756216410557873, 32.7959843196091;
  -20.65808968790051, 1.394022196332047, 33.72273293393032;
  -23.80936840211166, -9.047841585538585, 39.11169642002522;
  -16.91175735322932, 1.954985340614639, 28.46855493924734;
  -20.95459832494452, -7.69365423458329, 34.98858738730541;
  -21.18480797620034, -0.3221457242320379, 35.46031772553874;
  -15.24341055757474, 3.194286668919852, 25.90399185394912;
  -20.56175322758285, -0.602280185237505, 34.67994980016852;
  -21.04097567404143, -5.60214297072977, 35.48298038646642;
  -20.57507639772511, -2.883803632913894, 34.7756310770046;
  -20.70373298001413, -1.19795488662648, 35.04746355341253;
  -20.49966563972647, -7.381752126576893, 34.89437539414718;
  -20.83123240295963, -6.619357843367489, 35.49975071191813;
  -17.24252889644781, 2.623891271129967, 29.64323403460044;
  -17.05842548391357, 2.833843784559899, 29.48976626315993;
  -20.85679099342197, -2.65501350056823, 35.81358610996536;
  -17.45384555600041, 3.050154437923179, 30.20006774034642;
  -16.89247008125389, 2.257165577696922, 29.34110471530314;
  -20.5573603205716, -7.577009235356915, 35.59171529470675;
  -21.13095566765513, -2.458332538924791, 36.65649920334039;
  -20.54952726560306, -3.883191970615689, 35.68699932469161;
  -20.85385137636605, -4.266050553731939, 36.23604940698108;
  -21.65965015756729, -1.595526134588634, 37.67700172891945;
  -20.55996959093089, -0.8080869797991811, 35.88076580531163;
  -14.20633045422139, 3.140257768864679, 25.14576306356038;
  -18.49584943414184, 2.035750501473592, 32.43642360946486;
  -20.50808716209173, -4.339191427119707, 35.94408059854496;
  -22.36852603474412, 1.700402760035701, 39.28115237687231;
  -22.25326097346535, -4.99771983409372, 39.14059917509694;
  -21.81385965213374, -6.689200318093131, 38.36882075325452;
  -21.60119503033069, -7.793332613637115, 37.99989670851434;
  -20.58135527981693, -5.777491351827795, 36.4852733698748;
  -16.06944720878667, 2.538267340183264, 28.91820973226927;
  -21.82595711727296, -1.54794790743275, 39.27513942081082;
  -21.00203952997011, -1.209788152538722, 37.95361917188046;
  -20.8564951834653, -2.003733681840563, 37.7009071158289;
  -20.80497903956176, -5.477712567569237, 37.72819785220239;
  -20.72294733682118, -2.636302829052252, 37.77932132546962;
  -21.62952298953745, -8.196771037001753, 39.55801051809345;
  -20.70230451270362, -0.9988352406069153, 38.17116407490469;
  -20.57287273005405, -5.827141847157503, 38.04963968724768;
  -20.81512390024414, -2.951625969666463, 38.52502936669351;
  -20.46651998004215, -3.841970855595532, 37.89057265158423;
  -20.77901797760403, -4.289161831442558, 38.54099379296946;
  -13.54475660085222, 3.13162025341888, 25.67701372712328;
  -20.49993921339478, -4.389632101191941, 38.31815144294234;
  -20.60789295006844, -3.892528459202537, 38.53899680044564;
  -21.57600818941695, -1.559537083876968, 40.37133649649649;
  -21.45316269163482, -5.203602832515935, 40.15980304560284;
  -20.89145166987975, -2.692559542504841, 39.20629672882214;
  -15.20808935348167, 1.563848119042639, 29.16657788923438;
  -20.98536376375446, -3.917994718390907, 39.82868086259778;
  -15.32800524217098, 1.938705850871552, 29.41342414721979;
  -21.24621829012794, -5.897687536228621, 40.47532643013391;
  -21.156658643944, -4.118141804404032, 40.39516273115815;
  -21.16952295945806, -3.755964804661181, 40.54931718748362;
  -21.37804680006474, -4.650878309913645, 40.93719445728999;
  -14.51368805610944, 2.184461502469999, 28.41490518591802;
