m=[-10.38501213715985, -1.074905856747196, 14.30278736427986;
  -10.78326970368929, -1.075783588528802, 14.9899141940444;
  -11.26921432097895, -1.559420203596875, 15.67261944566496;
  -11.02067306704582, -1.583481167682797, 15.42763573596895;
  -10.70294516116481, -0.8341877509617207, 15.05035851741066;
  -10.73142342517589, -0.2676618288117463, 15.11818082482907;
  -10.85696028428324, -1.505198660160924, 15.32291407953092;
  -10.56847555839384, -0.4843681370092492, 14.99344066303727;
  -10.42107017258013, -0.3247012195470527, 14.80322083854802;
  -10.73821108943455, -0.5967947928761844, 15.22233881315299;
  -10.49939428102027, -0.3515714239470957, 14.99759416413513;
  -10.61258041917293, -0.4250176334614467, 15.17720546744078;
  -10.47129180919898, -0.1877058550722753, 15.02123454663751;
  -10.46056872398124, 1.563720924248107, 15.10948416366525;
  -10.40151346540001, -0.1633895707332963, 15.02402217768335;
  -10.76799071289104, 0.4720745630083836, 15.61502040355684;
  -10.33582480365829, -0.2422628694559415, 15.05499047658384;
  -10.69449503333438, 0.06149036603958648, 15.62058881539112;
  -10.78653674479522, 0.7486940226861008, 15.77476005606356;
  -10.59439303388471, 0.2788680287697321, 15.52136942641775;
  -10.69705738903217, 0.4729516639434177, 15.74523022027423;
  -7.363958624542461, 1.750491194445776, 11.19326829650888;
  -10.63601033075879, 0.5916664920097446, 15.69657018719085;
  -10.81503874362448, -0.6712529182501335, 15.95636500292921;
  -10.65494224710808, 0.6632954291328811, 15.83659108511877;
  -10.83012758908825, 0.8287617355933884, 16.1028997818357;
  -10.67984817715025, 0.2480887525095666, 15.96435561616676;
  -10.15524469457519, 1.520358728550767, 15.25704513412068;
  -7.713632451797246, 1.704050006518115, 11.8808724019983;
  -10.63747273156418, 0.7508318526357803, 16.13178935614398;
  -10.58906245265072, 0.5469310128739469, 16.08740376791467;
  -10.50988130216671, 1.496944888851192, 16.00640887791693;
  -10.3909739362697, 1.523730431119453, 15.8561418268186;
  -10.47929340410293, 0.6842420854477122, 15.9759717361135;
  -10.43719338976054, 0.8502326257388739, 15.92624909955462;
  -10.34890907122932, 0.7185397465106828, 15.91390531309799;
  -10.37685498238648, 0.655572579696815, 15.99363960705609;
  -10.39252508372503, 1.363440008556995, 16.03759744814628;
  -10.32533890049024, 0.6709827230399534, 16.05931013612985;
  -7.703001386239555, 1.689336004864109, 12.35504306224648;
  -10.23146770387449, 0.5560718274013347, 16.0785302733467;
  -10.62909835029504, 1.242326897269063, 16.72492843949608;
  -10.58161369225756, -2.185128189669828, 16.93941942509099;
  -10.42511739671179, -1.928336803198123, 16.83654418389012;
  -10.5145976895972, 0.7095323326718412, 17.16426712977658;
  -9.259752241037321, 1.070419797945763, 15.58748507868419;
  -10.58001546255695, -0.1608844766211978, 17.709422255083;
  -10.37483724862273, -0.3038923204042373, 17.49845117703765;
  -10.62985042713936, -2.830189187651373, 17.92591655731007;
  -10.5090551741105, -1.4729496456666, 17.76221962136482;
  -8.943007582635813, 1.360907073124374, 15.37475554411823;
  -10.54838120075916, -3.20026577404646, 17.90356233081189;
  -8.749817842956114, 1.45357008087735, 15.12625437074069;
  -10.39022178116275, -3.74142891287309, 17.68615672236765;
  -8.876674512005328, 1.551247148940452, 15.35914653945166;
  -10.65450004213327, -3.385586942567738, 18.15697161547265;
  -8.752329835099344, 1.169483061589629, 15.20221879685341;
  -8.546084498046556, 1.609891654946703, 14.91785177997428;
  -10.59541532763653, -1.348767926373466, 18.19358593212328;
  -7.294039314513478, 1.61232090845804, 12.91073616583015;
  -10.53802968073504, -1.22597300698331, 18.28063447163093;
  -10.45604790645293, -1.975852814029172, 18.15832402145423;
  -10.50833132638271, -2.149678343086257, 18.25947669116288;
  -10.75786435254555, -0.7924621866918321, 18.71332504734525;
  -10.37725372525592, -0.4078665381465761, 18.11013430595968;
  -10.97267510028081, -3.364760887876687, 19.30005101436472;
  -8.198330983961236, 1.294976455022223, 14.7535289651481;
  -10.86776998839495, -3.920900957985955, 19.11811529089176;
  -10.57033555829111, -4.00575733443131, 19.33197719602594;
  -10.54486494849934, -0.5087637809374616, 19.44275188541867;
  -10.4026576597125, -2.946489902793705, 19.23977175844843;
  -10.49605305322266, -1.970316886729608, 19.43180673391631;
  -10.42737800574989, -2.152397759725272, 19.34073647896679;
  -10.38470466163941, -1.961518265539633, 19.42052497546408;
  -10.52998525352983, -0.8104499970917009, 19.75066014895205;
  -10.79707301032794, -2.618899623659284, 20.21186021829966;
  -10.64917812230927, -1.372501376455217, 19.98496054648467;
  -7.829734527894585, 0.9903149105297594, 15.02474059674034;
  -10.42273961321449, -1.945939046635431, 19.78159513659089;
  -7.493601163565749, 1.127865170685072, 14.67097582231514;
  -10.8080196205509, -2.103780099271496, 20.63613724271513;
  -7.532242189891654, 0.8541875876621162, 14.75264522555751;
  -10.7604967507003, -1.90916191893896, 20.61127200053843;
  -10.66176916332727, -2.082968985971071, 20.62219301256171;
  -10.89241401847068, -4.157136564359734, 21.739027029777;
  -10.77474235325966, -3.966363326141211, 21.729630837257;
  -10.64905386563829, -3.584312631231613, 21.81908379889966;
  -10.43479885537882, -3.793769896242122, 21.44205585663194;
  -10.88070938835606, -3.571622844891638, 22.44559790867998;
  -7.461624232935624, 0.483130112040884, 15.99367973426613;
  -10.83030030199473, -3.341376645194764, 22.72349669963224;
  -5.40782993724452, 1.670067328233416, 12.07119121076416;
  -6.734359936380649, 0.8535618415351607, 14.81608259555143;
  -10.88070488505224, -3.214203606708451, 23.17894888113674;
  -7.062877834239631, 0.5974539857771813, 15.71662658753705;
  -10.7714409925528, -3.345763506008843, 23.36202025761767;
  -10.81699214608851, -3.66219858733279, 23.72710938339556;
  -10.68722496672446, -0.113240595372281, 23.59090921183061;
  -10.88822322742714, -1.085527721144304, 23.99984608229824;
  -10.86327559815006, -3.995714688901533, 23.9132782686063;
  -10.60738543173607, -1.53125155090608, 23.43321663822376;
  -10.70639976194052, -0.5422209898528003, 23.77163271774191;
  -10.37428052648931, -0.3943831167423308, 23.11505110746632;
  -10.12745043849704, -0.3395240675050358, 22.87843930208589;
  -10.65503574432577, -1.157943588157061, 24.15774867418051;
  -10.34263577628518, -2.235520899432057, 23.64868363424035;
  -10.57163636524231, -2.027800236027474, 24.21841371750844;
  -10.23705657979761, -2.348164016368999, 23.54698310142495;
  -9.865001496295921, -3.865798841816007, 22.74251952760498;
  -10.3185611820938, -1.385806693778866, 23.90761174922571;
  -10.63683047808175, -0.199545935379181, 24.75399041327742;
  -10.59337378088767, -2.063509028426649, 24.68405151114633;
  -11.10271705264213, -0.6355442914182138, 25.91326562264455;
  -10.39109639154083, -1.264749754033679, 24.30458287999582;
  -10.52348724959077, -0.3050896618986415, 24.65392071095964;
  -10.485620955638, -0.07874808250132263, 24.6182526514762;
  -10.58207645967607, 0.2314959037956042, 24.85378843025779;
  -3.490805109138948, 1.650441494750164, 8.958968171285724;
  -10.45288237194066, -1.602287128632463, 24.56009828497138;
  -10.41517763266479, -0.404469078375802, 24.54598022526275;
  -10.56548328988713, -0.6431440861211478, 24.89829010199629;
  -10.53297114048193, -1.427652098077093, 24.83211941421698;
  -10.06450929545611, -0.8800861791663451, 23.81819761300651;
  -10.36953713782595, -0.06897452073879502, 24.60571296484439;
  -10.53412875568624, -0.2563614231967796, 24.98180713462942;
  -3.549098667624704, 1.632904417637993, 9.168108736878621;
  -10.50164024652549, -1.688204633485411, 24.92846476683518;
  -10.61209381717553, -1.993267426627014, 25.18895274101024;
  -10.56683833398413, -1.445825230766902, 25.17187858513547;
  -3.770514217374748, 1.651522163768493, 9.742219509305871;
  -10.47447072150041, -0.4586217511993085, 25.09527758152156;
