m=[-12.3211468910084, 0.379646824541639, 16.422038963074;
  -10.2443368236174, 1.108150503717329, 13.94959027318028;
  -14.48368929559313, -3.412468931522245, 19.3714365463785;
  -14.90591202584192, -3.917025270595592, 19.95150900401292;
  -14.31074109780347, -3.65036633281599, 19.24972416943342;
  -12.54574868869099, 0.3516311030557114, 17.09440454377937;
  -14.26834169418497, -3.493850475949665, 19.26516898712751;
  -14.54303418558275, -3.821330849895651, 19.69366842938014;
  -14.43540518855555, -4.332593835628797, 19.64230008828422;
  -11.74232969476813, 0.3568003263614291, 16.24465125647985;
  -8.289770350653239, 1.332764290651084, 12.50405548601048;
  -9.806577090271384, 1.15598122752774, 14.82309563457668;
  -10.74685626222884, 0.6743601071022651, 16.29502591938859;
  -7.956074936590379, 1.323385358207623, 12.63591102330199;
  -9.54670262008387, 1.193231018666431, 15.05419864803131;
  -10.13568946996791, 0.4041909569206277, 16.33041502525478;
  -10.2399861618723, 0.62361770399675, 16.51901746062026;
  -7.60355064281484, 1.316961198381169, 12.5661674766094;
  -10.24326277726921, 0.790998852591118, 16.61256413373246;
  -10.04985642123399, 0.49153648795597, 16.42814368853396;
  -9.841823901046832, 1.186783078896964, 16.17198793639404;
  -12.42145900586125, -0.090399785721006, 20.13236017752319;
  -9.972494520862838, 1.096682634639242, 16.40847485298564;
  -10.06880251147812, 0.7362033929517398, 16.57073281987318;
  -8.274197500102783, -2.68802167864708, 13.78972901884127;
  -12.80488327360664, -0.9639720893212804, 20.89557053701417;
  -10.00084309544207, 1.018632446238998, 16.68844447229997;
  -9.820601052696359, 1.076045388328658, 16.5357290270109;
  -12.16759577759036, -0.2875947892825812, 20.23350855025222;
  -12.10172396459642, -2.405417188828106, 20.22401102297445;
  -9.784755256799436, 0.9349490082837288, 16.61333390862107;
  -11.96313540666374, -2.073859588107874, 20.13547883470971;
  -11.88794148018395, -0.3781207939478092, 20.27734699913598;
  -9.615681561114197, 0.995121147338173, 16.6260307687653;
  -11.81643885282568, -1.669695547737973, 20.15994496070579;
  -11.79681749236256, 0.5097794096660178, 20.24408976942057;
  -11.58458864372684, -1.101719978263985, 19.89526762401923;
  -11.61646717111946, -1.188049795904797, 19.95745090034049;
  -7.691685801117025, -1.959981213889082, 13.53198663260127;
  -11.58839069832396, 0.4359242007116311, 20.03375476940742;
  -11.79880044623496, 0.6564709614037382, 20.3826415712197;
  -9.460228551524486, 0.9894849526283331, 16.55665996454502;
  -10.3783752609714, 0.869559504538057, 18.06814231826154;
  -11.83975386179834, 0.5251164464662914, 20.51444095155577;
  -11.59235827210438, -1.007785058950084, 20.17681895801946;
  -11.58600798879655, -1.092951393806392, 20.23237428146961;
  -10.33306264863044, 0.8159946230400447, 18.18875546154028;
  -11.42247496458626, -1.162441795340545, 20.00585777057851;
  -7.546512170431807, -1.710692806117561, 13.57850528318434;
  -7.451272922597448, -1.761324309190368, 13.42309676434923;
  -11.49143489488626, -0.07148214940121321, 20.24425796143507;
  -11.60496236394983, -1.472577225747368, 20.43847778978535;
  -9.181503434553147, 1.030716409598831, 16.5346250939329;
  -7.299738568424913, -1.736241557967351, 13.30455511488695;
  -11.41260584784336, 0.4090283891757466, 20.33951251260799;
  -7.352696226687654, -1.543747757865476, 13.43236047541808;
  -11.4255812997092, -0.6759899478202577, 20.37430579396028;
  -11.71301928240788, -0.4582184730165936, 20.91875251216061;
  -7.364265544197133, -1.480991744882376, 13.52228066734543;
  -11.19106742982894, -1.292883762636084, 20.05978175658685;
  -10.63428979176669, 0.9243533811941795, 19.17427849605006;
  -6.734885218585013, 1.295688723755665, 12.52346035241475;
  -7.183181251451611, -2.172407317441577, 13.24114266728289;
  -10.90053038049735, -1.63699338019617, 19.60917834281903;
  -7.18833278016773, -1.338668821033363, 13.29242085674356;
  -7.350840174844246, -1.53321857811189, 13.58320346782789;
  -7.038908815838069, -1.947727153653923, 13.04755408378854;
  -11.29736142634068, 0.09275477238829447, 20.40239826844277;
  -11.1827895047161, -1.100435402652637, 20.26025763013856;
  -11.32567437465829, -1.62375431705785, 20.57233019697276;
  -7.03095427281947, -1.595159511707517, 13.15662370284385;
  -6.830678199694107, 1.199933687158752, 12.86326566657646;
  -10.78275646648182, 1.005084506524151, 19.74280163230437;
  -11.039722076292, -0.9492467368472788, 20.21564313118035;
  -11.08171799248667, 0.4386444123359422, 20.31574672951549;
  -10.97204413536692, 0.6483981429677614, 20.13319764508089;
  -11.53998843748361, -0.6249779864294245, 21.12239240182943;
  -10.86236188552704, -0.0450017952570043, 20.00431432293861;
  -11.11420097724653, -0.2385058427411782, 20.48184244310614;
  -7.323113431840144, -1.354973029030332, 13.84273222308312;
  -11.36949444876939, 0.5695180226814142, 21.27374631828549;
  -7.149141702754111, -1.235622970483854, 13.73921953582554;
  -10.60520398445498, -0.8655668971129996, 20.01674722602143;
  -7.332367071343183, -1.187784268429384, 14.19166681381244;
  -10.31908821353051, -0.6391318287040805, 19.60728673958401;
  -6.737575673214236, -1.286635068290561, 13.20188593338336;
  -10.50437965432806, -0.9217606906555306, 20.06783083873872;
  -10.47470350003257, -0.7340224595723587, 20.02180129007661;
  -10.50129040908282, -1.098638861079886, 20.06487941015324;
  -6.922621657068553, -1.841879945364342, 13.56537264656302;
  -6.71761819856245, -1.172733996493385, 13.24449199901858;
  -6.808210131205128, -1.077329429987683, 13.44445231166555;
  -10.361791797108, -0.9161433796581411, 19.96704408468568;
  -10.38587256307198, -0.8273904107639449, 20.02687431972328;
  -10.42154733427392, -1.016865412613711, 20.09173765491432;
  -10.04143558407303, -0.9029123508488267, 19.42077738222169;
  -6.732357069314989, -1.111645589377446, 13.38428108609601;
  -8.421073306341359, 1.084378818528326, 16.54023839051447;
  -6.870053467693865, -0.8336183696578803, 13.67891628531564;
  -10.2530537497683, -0.9166650091005705, 19.94788535447152;
  -6.515004201096359, -2.449268480383096, 13.02619933169824;
  -6.963781254456526, -0.909808673811594, 13.89403641066744;
  -7.733312315614692, 0.5072358446649715, 15.515384971125;
  -10.23943306435186, -0.4718433104239405, 20.23375528648512;
  -6.910250571444872, -1.193826720950277, 13.9716493413234;
  -6.766697931773536, -1.438738457548057, 13.94142422717761;
  -6.835613754498829, 0.6025794498745857, 14.11335147738317;
  -6.714400666723241, -1.019235937899683, 13.85472664448679;
  -6.76489681099729, -1.47873246714993, 13.97718999052339;
  -5.934781060981791, 1.250004998540329, 12.46001476143649;
  -6.629485851806281, 1.044693315464517, 13.82196103310836;
  -6.632586054654189, 0.8942138052133791, 13.84908677472143;
  -6.456819069495901, -1.07449441491866, 13.47865328830107;
  -6.611926713443735, 0.3384068882866178, 13.82912296656382;
  -6.619935217309375, 0.520218771907998, 13.8533949873758;
  -6.598987513108055, -1.000952564583013, 13.83208665957704;
  -6.489692688828932, 0.9647532991809302, 13.68145679773382;
  -6.30355547260006, -1.47761280557005, 13.34118593822113;
  -6.475056343837314, -1.096261993932408, 13.83794262537143;
  -6.424858906239377, -1.525760755433091, 13.75513867646259;
  -6.306815980461257, -1.450153443333931, 13.62522888475657;
  -6.325040582678565, -0.8483969076790179, 13.69615694109172;
  -6.744010394968255, 1.050406861852516, 14.84813697836496;
  -6.025514537886063, -1.168202702057517, 13.33885534560327;
  -9.187180216455756, -0.5764861650097717, 19.95401393204962;
  -6.220935698219824, 1.071427300740671, 13.98068302298719;
  -6.684240560170868, 1.031562361718599, 14.99822105369322;
  -8.64931401030643, 0.156764687575069, 19.20183519298551;
  -5.721492868951918, 1.18126995457765, 13.13187538927761;
  -5.795365014330713, 1.084268673253076, 13.29136924479033;
  -8.66871418184018, 0.2544271121862939, 19.40102498146485;
