m=[-8.741803456830269, 1.320509492027009, 11.49875586853527;
  -26.74354867394482, -7.483555594257498, 34.58894963949457;
  -8.453016957610602, 1.579916037579704, 11.89335359850684;
  -8.481423514890064, 1.364831922003266, 11.99203354605586;
  -8.504490742875834, 1.822982217252442, 12.18078746853898;
  -8.354045170867208, 1.578054148302423, 12.16285104684085;
  -34.61311162720943, -0.7305119559195966, 48.112633064179;
  -30.95711092985417, 0.2611744746558448, 43.24052227515119;
  -15.88476373030168, 2.553827786496802, 23.96012901011272;
  -19.0269408111751, 2.242860703845359, 28.76010260065916;
  -22.10528097887837, 0.7287012635774672, 33.32056086780731;
  -21.03388318958762, 1.319866142656036, 31.89283111232738;
  -16.36630855499025, 2.165399109794077, 25.81891802726889;
  -18.96387139785371, 2.370271756272783, 29.90413533552601;
  -20.277739618247, 0.808635564928424, 32.67107824496851;
  -19.88936050021116, 1.211267001052029, 32.08526732261576;
  -24.06193387793049, -7.535043454027441, 38.60438380141687;
  -19.83025060658508, 1.531319250269671, 32.16077895813836;
  -24.54430549850864, -0.1786263559449108, 39.78073738117026;
  -19.6999695507042, 0.9635216106504048, 32.20284120228002;
  -14.72281210119032, 2.550041839551215, 24.33196427316996;
  -17.02925675518183, -5.26734342256486, 28.03999371272408;
  -19.17670144507145, 2.312435683963928, 31.51096662037805;
  -16.27230779492283, 2.318908931873752, 26.91716308733059;
  -25.24206597349817, -1.900263091457691, 41.19111113932354;
  -19.48050339411794, 2.142285437376357, 32.05269748678983;
  -19.80210235401885, 1.447875745302128, 32.58931208613579;
  -15.96532938446272, -5.050131427373612, 26.45868022792302;
  -23.50976997533375, -0.8349758277112608, 38.6427495184573;
  -19.31566284566005, 1.967390219747539, 32.2321192092672;
  -24.745033913828, -0.5848766629266701, 41.14854441448853;
  -23.50919104201732, -4.672839373410552, 39.28780231361246;
  -19.62774698327533, 2.150616496007269, 33.0488025920837;
  -23.79963546622805, -4.125766408830931, 40.05781426975292;
  -19.1439516215967, 1.829235184069193, 32.50412016172444;
  -24.05686937446577, -4.644738077913626, 40.7794712136026;
  -23.27710900716638, -0.7403770411614827, 39.70393169093247;
  -23.50075366824222, -3.320721602936029, 40.09447401097274;
  -22.8688755117728, -3.902682298582927, 39.04636483818501;
  -14.74263125587613, -3.877722396821138, 25.52194040421507;
  -19.01992097732992, 1.804578366597453, 32.70844494153464;
  -23.27409690596503, 1.005750524572743, 39.93983185478523;
  -23.09146750197629, -2.196049584215233, 39.65707716621741;
  -22.79106726465137, -2.330908563968523, 39.1557604562837;
  -18.73965379430105, 1.939355589719028, 32.40186965425637;
  -23.2293838959425, -0.1621822450982008, 40.06732976745106;
  -22.84749105531088, 0.8594613812936962, 39.49823964465816;
  -15.21401719765717, -4.289843677947551, 26.63917611746625;
  -14.18580711857653, -4.750433854234577, 24.94083363563776;
  -23.47642662590788, 1.041225845522003, 40.67700844057648;
  -20.97713111820268, 1.757583753053353, 36.51995432250764;
  -14.40233687756917, -3.285557353864663, 25.3474018357004;
  -18.30203610485648, 1.914286661213661, 32.0310008153137;
  -15.12451349434798, -3.854000681336847, 26.60856406802161;
  -22.94228487050618, -1.994494249397928, 39.93167890863336;
  -22.59558835843652, -3.710089350062921, 39.34795654223361;
  -22.63314031162503, -2.135068633970073, 39.52372261374386;
  -22.73184791430811, -2.313373431138325, 39.81362337374509;
  -21.05754828156526, 1.344493204113988, 37.0643756936322;
  -15.19063386875314, -3.63720344169968, 27.01371955473465;
  -14.46360423436276, -2.906191610402591, 25.78426747914843;
  -22.7799768958668, -0.1417022092298643, 40.13108309395535;
  -22.77554188225692, -2.890034730664282, 40.11192732144275;
  -14.48757877511448, -4.189515561480782, 26.05823596303035;
  -14.41996544809398, -3.268812214094219, 25.94596981999912;
  -17.91031447752757, 1.916909019208795, 32.03826152029723;
  -18.54850191303691, 1.722022931850727, 33.16411841590644;
  -14.28194556408813, -2.920875104215763, 25.73336530231746;
  -14.45520544457705, -3.132002202664112, 26.06382590322316;
  -13.39293661587498, 2.510097066715253, 24.26815742536678;
  -22.36524120393371, 0.8015714119226101, 39.85926697020448;
  -22.53933316178589, -1.333530631682331, 40.19255162464803;
  -14.17621919083455, -3.968382322841731, 25.62923737384585;
  -20.19773456987959, 1.597023505127981, 36.18699756140783;
  -18.16823802078223, 2.35016758513583, 32.65943586689571;
  -22.77425106921638, -0.8909387321428178, 40.67345150556347;
  -17.89332531498224, 2.008706325266431, 32.22341829700673;
  -21.81133456977373, -2.519824001017086, 39.09641453176796;
  -20.43752337559074, -3.069216754196143, 36.76546248378112;
  -20.02358324955707, 1.740489232734772, 36.10375203552417;
  -15.54223596487361, -4.530213645100568, 28.24072909757536;
  -14.22488992875008, -3.383387613172597, 25.92638493642548;
  -14.27439013775248, -2.997003696422198, 26.07733924884603;
  -22.31550742551429, 0.1832171012212471, 40.30054920578097;
  -14.63389259620244, -3.235317239228848, 26.73661687368412;
  -22.0372472080984, -2.168561519875905, 39.92566485373188;
  -13.7104933073625, -3.269230309850343, 25.18223919436334;
  -14.50574661782081, -2.917180384848571, 26.63548399746827;
  -13.91216692493387, -4.207452404613545, 25.64504230307109;
  -13.66790594664772, -2.85081525687372, 25.25615345138211;
  -13.9564591707284, -2.599083447475468, 25.80781032830138;
  -20.59093105589116, 1.919326087305736, 37.70118230200134;
  -13.04488504964139, 2.509636009069254, 24.25685003066985;
  -14.63406664557175, -3.284707105378697, 27.06285327180721;
  -13.87884210718089, -2.76208378644402, 25.73442044373912;
  -21.26245413916817, -1.82824486608357, 38.93523605033398;
  -22.29189565039197, -1.207275391370738, 40.80230841296132;
  -22.18431584652591, 0.8781153061440341, 40.66977181797648;
  -21.01749750384834, -0.08707361524596187, 38.70618846797519;
  -22.09271326368926, -0.4740998661246841, 40.71363052854461;
  -13.94855961542916, -2.411530674804088, 26.08098990688082;
  -17.77499801352177, 1.929548876259442, 33.28614958187364;
  -13.62833981318242, -4.51715640536986, 25.70753882223605;
  -20.97651906440261, -1.783291205201158, 39.09532914847217;
  -14.30857715311563, -2.647471776413486, 27.04721207276641;
  -21.3037333333523, 1.067141563630049, 39.86194994054409;
  -20.35424446133835, 1.712726822887197, 38.26478379424284;
  -13.28333981864788, -4.831969158228809, 25.4019521256082;
  -17.65899081817478, 1.920625925120057, 33.48357898963025;
  -20.84928024817349, -1.701659566181208, 39.3518854690486;
  -20.53910455832383, -2.130815791161729, 38.85010673211262;
  -12.23896819115096, 2.572796584147511, 23.62226597362077;
  -13.41745708956064, -4.417059293238581, 25.78446283729841;
  -13.01014039946829, -3.844597895426746, 25.0439581999834;
  -20.34593810690515, -1.260163336128445, 38.65929180882846;
  -13.93003087142319, -2.407598959417592, 26.77073140256555;
  -13.38113484572446, -3.819998570811737, 25.76886940793636;
  -20.54572430325082, -1.802889998932928, 39.25106796831351;
  -20.63413876703696, -2.158731530248363, 39.42577435387058;
  -20.46694596511422, -1.434236111523442, 39.12140569200627;
  -18.85744232891225, 1.842989442825471, 36.18829328987808;
  -14.27608442427229, -2.314685136393405, 27.60438879967806;
  -13.1343802567473, -3.675786300992461, 25.52037263375583;
  -13.62188202714546, -2.365390214681902, 26.50249009028477;
  -16.69665113279033, 2.291692493360041, 32.31571722489589;
  -20.30495022482016, -1.7952730654122, 39.12738686657349;
  -20.29455029546626, -1.980207506436164, 39.12593468917737;
  -20.30748710180315, -1.617795711694597, 39.15852899863803;
  -19.89535280812332, -1.78896330355813, 38.47888228653027;
  -12.49051204978681, 2.502255000382037, 24.57694366359099;
  -13.67422346400986, -1.895464523322449, 26.84149082192569;
  -20.56592209102033, -1.179722601423171, 39.89557702597168;
