m=[-8.654838726464606, 1.530123093443425, 11.43952869989995;
  -8.627520381331891, 1.445566986326404, 11.56785271103312;
  -27.21867735651919, -7.685241769927147, 34.92928729911444;
  -26.32175470206305, -7.423610260672168, 34.04123668030308;
  -23.50268343750137, 1.696040510910623, 30.76956823038136;
  -27.92331641752169, -8.79078723765384, 36.34522765495929;
  -19.46921492601284, 2.262580828937646, 26.43897608263204;
  -20.7766363263287, 2.024345497816897, 28.67650049258692;
  -19.29076426910951, 2.122078842629259, 26.7324102310507;
  -19.47150945603497, 2.28111957697711, 27.06404812257873;
  -28.58524470282255, 0.4865058516348687, 39.23862526033707;
  -19.44639190795581, 2.434960385381116, 27.10012041211736;
  -28.72612148718734, 0.8659311474992003, 39.97295336723151;
  -21.7869966666179, 1.938959749955131, 30.57457875939045;
  -25.15907642034703, -6.748125793721906, 35.38498794546257;
  -28.10152785292108, 0.5710789303257321, 39.51605267981297;
  -27.66312357048928, -0.8028302837153829, 39.35456240915308;
  -18.98367173581776, 2.252114382858526, 27.35832325053754;
  -16.49787677650162, 2.942744554543413, 23.9359987607534;
  -16.36752009379521, 2.797364670677201, 23.79834086855699;
  -25.8719197835524, -1.087124582859978, 37.03349339646272;
  -19.66145935891647, 2.357828633793123, 28.71760973764149;
  -25.09781610171948, -6.411596910213198, 36.42336517248499;
  -18.92040573068903, 2.413800421406021, 27.76936881191795;
  -20.44263050233255, 1.476803199609851, 30.20988148675701;
  -19.20443394463437, 2.408506046443649, 28.92599880736499;
  -16.03665454897399, 2.291413215824839, 24.46959415789668;
  -17.91986789584947, 2.407328994875654, 27.47673040258982;
  -16.3939575874362, 2.24480999219133, 25.58152559419584;
  -24.03268159148918, -5.370707068753232, 37.27148836492101;
  -18.85514798618156, 0.9400599176924084, 29.63986383064577;
  -19.54253134454482, 1.390042095594623, 30.73857639764166;
  -14.83996946741447, 2.737184587945903, 23.66436933958128;
  -19.66058273299008, 1.731392576401636, 31.09111707049495;
  -15.51113053507346, 2.383180955762731, 24.86030027537094;
  -19.01812577078218, 1.128253987287995, 30.31873874930835;
  -16.97425761009901, -5.055257043140518, 27.16138908343371;
  -18.76482296304646, 2.459157353879322, 30.0399633728625;
  -23.02828514398883, 0.05534598022671877, 36.62440965361768;
  -18.95035520841837, 2.282706249170149, 30.39555758792739;
  -19.01340804879674, 1.579430705729477, 30.52471413917796;
  -23.76260102733516, -1.541140029644809, 38.09367716082235;
  -19.14964918905801, 2.153841377280899, 31.15916496759666;
  -18.24453440502144, 2.197282902549211, 29.97790683714013;
  -21.92128388673739, -0.2914997582949742, 35.80481650240282;
  -22.91951770138934, -4.344294514880635, 37.60922093849968;
  -14.78306062037596, -4.621023373337199, 24.72523493763768;
  -22.12160848122527, -3.622709028802558, 36.57279601176451;
  -18.2348486777969, 2.068681425819825, 30.38231779357699;
  -17.93844320296575, 1.896299408011299, 30.09839566680867;
  -21.87778155368872, -0.4677052538341453, 36.62603228535345;
  -18.2623362486469, 2.092303944769379, 30.79939743245458;
  -21.82845194402943, -2.870031066272298, 36.57822821780709;
  -18.43894553955783, 1.545287964359125, 31.09195616457923;
  -14.48332808730676, -4.652973392405182, 24.63694929338272;
  -15.60655199131746, 2.36913404177644, 26.51972882660116;
  -21.85211221521433, 1.187621196202965, 36.79993608054794;
  -21.31913619641071, -1.814873410456596, 35.94574566954766;
  -18.18891824083936, 1.94834046535051, 30.84665366417566;
  -21.7103860982315, -2.002324863414853, 36.60805734546272;
  -14.76627677924764, -3.616812911534425, 25.20893429171921;
  -16.0945055139844, -3.277624026935941, 27.53044005556112;
  -21.4595758081864, 1.035768549294936, 36.39781436194537;
  -18.0105737675814, 2.069011955170755, 30.73444191714351;
  -18.89690065449294, 1.773229633727558, 32.20434780482992;
  -14.80783786583272, -3.774096463293605, 25.46050170281418;
  -14.25763988797122, -3.110443059547361, 24.5542623391655;
  -13.56605560516677, -4.241370918965314, 23.41029248097921;
  -21.74607268370135, 1.23714739265036, 37.00024090962205;
  -21.44203107427507, -1.641299661404664, 36.64569357406999;
  -21.69378726419637, -1.822944377723891, 37.19080620730324;
  -17.32389437676853, 1.491507322208324, 29.94587720745757;
  -21.03855122375344, -1.925911223417662, 36.18273613960405;
  -15.48088331851817, -2.572733830787528, 26.92524049937416;
  -19.00921339949705, 1.367229655421802, 32.88140617510639;
  -14.8659532816628, -3.215228269550612, 25.92963997549484;
  -21.16343682813535, 0.0987853994105557, 36.60288501152165;
  -21.63414194873188, -2.525056000971659, 37.42549037992293;
  -17.63622828024253, 1.842358733358835, 30.78516616192814;
  -19.16338451089303, 1.352293018019407, 33.38376409147568;
  -22.05605293797077, -1.594055139034918, 38.31262056728419;
  -20.47402884926427, 1.164747633673062, 35.66359584501249;
  -17.46045934109529, 2.168870387147758, 30.66995566516593;
  -14.11436312332213, -3.214856601790057, 24.94123762705299;
  -21.20102420914951, 0.9982347553792235, 37.0836844233017;
  -14.26915915456358, -2.853798509969076, 25.27828088813739;
  -21.13945086136007, -1.026435158647591, 37.02013783652977;
  -14.04033122269615, -2.710358551830042, 25.03446462034985;
  -20.97169950165133, -2.201156212904804, 36.90030157112611;
  -20.58974772931967, 2.020995677942861, 36.33450985451501;
  -13.09851693079212, 2.684446075890503, 23.50844806672307;
  -14.05220538623214, -4.1006399101696, 25.10579280147703;
  -17.39277581107282, 1.942974006017291, 30.91358695296307;
  -13.94659867408105, -2.453668114911483, 24.9966305898047;
  -13.5637059154723, -3.060492367556379, 24.34059530066234;
  -14.79685285375372, -2.912423453968926, 26.47416443876257;
  -20.82661991527861, 0.4106245466361767, 36.93059739088854;
  -20.72399455845762, -1.816793030890667, 36.87456438554958;
  -13.60063988677563, -2.20129811375279, 24.65588201948472;
  -20.4293762213977, 2.140955065662463, 36.65383950058106;
  -14.68981360412145, 2.314128257747866, 26.65899230022044;
  -14.85408634781064, 2.259333752988432, 27.00848396118785;
  -20.14281146291535, 1.036057193056296, 36.26437494351609;
  -14.3102237270844, -2.523255204258072, 26.03454067837964;
  -20.42848655477925, 0.1426126693546694, 36.90777777227308;
  -20.34483994280253, -0.2014760655663962, 36.83004399454861;
  -14.07796032963565, -2.453452920048349, 25.84009873691718;
  -12.98613861965727, -3.153624603533696, 23.9330880976209;
  -20.31880024373226, -1.706385772582429, 36.96170393747625;
  -13.71821945586977, -2.297941129468083, 25.37342642331397;
  -13.84498315533406, -3.885190881883526, 25.70813237807585;
  -13.15141081287316, -4.191901426306049, 24.50931970340272;
  -13.79256327025291, -2.227073788492103, 25.72752723184285;
  -13.11270191038053, -3.6197172668344, 24.49397802163853;
  -16.5385054611867, 1.249048484099107, 30.76019763013124;
  -12.87581501370772, -3.776010684609932, 24.14681795193954;
  -19.64917533824077, -1.377819460380973, 36.41266450473012;
  -19.10397153673004, -1.782473192456664, 35.47538719483618;
  -15.83668232586556, 2.018975509754506, 29.69338811073758;
  -14.48446091223088, -2.184186614709465, 27.21514847735301;
  -19.12863120349916, -0.9621166310025007, 35.66797969525378;
  -13.38989951316657, -3.712211616372215, 25.30796144309448;
  -14.1777104699128, -2.864152135374583, 26.82312967512988;
  -16.63767708552401, 1.081432279686774, 31.47164121653456;
  -13.33009784153121, -3.727862076017405, 25.43797292623662;
  -13.16466089277616, -2.150205168815724, 25.14559293264965;
  -13.18387359480755, -1.931658348646684, 25.24643264733905;
  -13.47845758149021, -2.354770564539885, 25.79470922230317;
  -18.62428183076298, -1.455854909157385, 35.35030902512591;
  -13.43888922711664, -2.072615836688482, 25.8776025992935;
  -15.92023777924713, 2.257331841130411, 30.51120718297396;
  -13.20160519843468, -1.445035235455789, 25.5095598902551;
