m=[-15.62208086392876, -4.265714727574273, 19.76997107513476;
  -15.19344797369006, -4.047768710892779, 19.47389392869395;
  -13.1699497737864, 0.9503922563735386, 17.24201703319617;
  -9.569530995803431, 1.393632121616371, 13.07501089580721;
  -10.6616104657316, 1.23902045033849, 14.47834774935862;
  -10.37543880871929, 1.305153652232658, 14.26709787353176;
  -11.25369193700519, 1.237961401002003, 15.59493990373547;
  -10.74493615379945, 1.258787063691373, 14.93471627338752;
  -10.37817664410508, 1.299492940412503, 14.46282878822412;
  -17.10200054096177, 0.2910670670949001, 23.47571264144607;
  -12.2082171298144, 1.06523244300231, 17.10655345162231;
  -12.04612781486531, 1.072059510231917, 16.90482122235791;
  -8.811776020829994, 1.571766249223516, 12.78459421002832;
  -14.58084279579973, -3.910849497041401, 20.50722919807966;
  -8.813972366042448, 1.506391607512926, 12.81549786229604;
  -10.47591205427553, 1.336480902743401, 15.37543484094197;
  -10.5115927883035, 1.31830153710185, 15.83271453532875;
  -8.823921580059865, 1.208251712717088, 13.76905939505846;
  -7.989363027020467, 1.473612286944639, 12.74013655314801;
  -10.72144187866045, 0.5345382479832017, 16.85386280630483;
  -10.95346386593974, 0.7791097068129318, 17.22877553198767;
  -10.97410210199327, 0.966425012427648, 17.35437335863475;
  -10.67936301231967, 1.399546062236288, 17.09622703967693;
  -10.71567194774524, 1.290779568517484, 17.18747855640922;
  -10.7480514796545, 0.8928332306422976, 17.25525471959693;
  -13.66386135431319, 0.03283960553762072, 21.73113857855938;
  -13.95654657122996, -0.905161542365744, 22.37365256239539;
  -13.74622778173845, -0.1962308026471505, 22.15861654428353;
  -10.56527838140238, 1.114048977610387, 17.29324313936537;
  -10.14004714827344, 1.221217913010257, 16.66128507239329;
  -10.42404742238232, 1.180365440202124, 17.15998040911907;
  -13.01401776782399, -0.1730547833497267, 21.25626037888508;
  -14.35627041094914, -0.8502680785619501, 23.48889922995079;
  -12.94132185461961, -1.771745662154045, 21.52282025529339;
  -10.22084145529394, 1.170995134719326, 17.23743084070252;
  -12.54711980274398, -1.649710374260658, 21.02537609161375;
  -10.23976729515819, 1.096852089429634, 17.36565919826365;
  -12.96357272209107, -0.8535089524324679, 21.73029953381846;
  -12.93845041068931, 0.7031804432642976, 21.78893021440747;
  -12.88465202146564, 0.8518086522526334, 21.72000560852956;
  -12.840866171876, -1.184298864487926, 21.65227108622177;
  -12.69936769159639, 0.6129480735527836, 21.53953236934352;
  -12.57645911747858, -0.962676437679077, 21.49390911101085;
  -12.57476744145245, -1.056666654347334, 21.55758850778464;
  -12.45223782337702, -1.13990285384438, 21.41573489158088;
  -9.881801894523289, 1.175848168111919, 17.23864118902394;
  -12.37956642045399, 0.05778458495683749, 21.41088188370092;
  -12.6275863242399, -1.473844569448183, 21.84480492082509;
  -7.958221270061071, -1.67757890371699, 14.11237722324685;
  -9.757856276682784, 1.212082976003401, 17.14004274151866;
  -7.065023182199906, 1.447925277169913, 12.67988822295602;
  -12.72647191332824, -0.9197791650336354, 22.10660678711643;
  -12.48309645958436, 0.5877574884014685, 21.83475690448407;
  -12.25952105410247, -0.5952663349979537, 21.46929748597605;
  -12.72824202058518, -0.3595516621218082, 22.32867042554512;
  -12.25135374944132, -1.285882597161662, 21.55660527051393;
  -12.74850504134498, -1.780953798729745, 22.47904922055932;
  -12.64647167655139, 1.484761763891075, 22.34253508955431;
  -7.427116023246528, -1.920267541340039, 13.50827259871202;
  -12.32617266839327, 0.2430269090379427, 21.85726354246555;
  -12.3685711463185, 1.381712297675503, 21.98366170926012;
  -12.24451785554006, -1.073429866226386, 21.78688383460602;
  -12.64884459100655, 1.002774298488529, 22.58704858285058;
  -7.564846632793176, -1.31837245072168, 13.88527736574963;
  -12.07780923796289, 1.265728654164088, 21.6696817626397;
  -12.21319617704216, -0.9232876550111034, 21.9516961795169;
  -12.1460307936636, 0.624738140156186, 21.86726592699579;
  -7.345914548166073, -1.230515317829088, 13.5871147782295;
  -12.19670669571537, 0.08514604811999665, 22.03556974580403;
  -12.05243764474807, -0.1193559508934463, 21.81839768440462;
  -11.92374162830942, -1.001363408588671, 21.69034601481863;
  -11.92778689726347, 0.2343688577435893, 21.7288883793625;
  -11.82626180759912, 0.9810080046247978, 21.73853722451256;
  -7.67229900715378, -1.156945563733307, 14.41563879440085;
  -12.434330434875, 0.8737203796015217, 22.81058693687991;
  -7.200097013986717, -1.996152678221812, 13.60874870176098;
  -11.49169322706146, -0.8058088081772443, 21.29571154336966;
  -7.173840185183105, -2.006218340155996, 13.68991845200695;
  -7.206281349681249, -1.17701348574254, 13.76459438288023;
  -7.136910048829411, -1.045676885493757, 13.66681177289603;
  -9.380598273239976, 0.6097294546173253, 17.74423326852025;
  -11.46801848646351, -0.8744531337744824, 21.51094264141796;
  -11.46558883927095, -0.4685746624163152, 21.51181718140344;
  -7.187063095636698, -1.108426488198085, 13.83923622717724;
  -7.236065005616752, -0.8601494620770664, 14.01741090045013;
  -11.2946200066387, -0.8706171886984477, 21.36907024398821;
  -8.955730888383306, 1.269833828819786, 17.16369845723149;
  -11.40886256560721, -0.777585497312805, 21.59915303892664;
  -8.919865039802836, 1.186616684370117, 17.15320988103873;
  -6.879910358140631, -1.238207220056255, 13.48809616138023;
  -8.158501311191241, 0.6266658355881219, 15.94930722429626;
  -7.275586994347291, 1.215480685799432, 14.32838201639745;
  -6.311242227874614, 1.374758528597585, 12.6563924814046;
  -7.356063915481536, -2.104819668899467, 14.55890546493113;
  -7.037721426680202, -1.448227277544293, 14.10790805716597;
  -6.296312786422143, 1.418095491179466, 12.76136200202902;
  -6.883280778875787, 1.022354359719731, 13.94287814920786;
  -6.043459017081579, -2.345997240523474, 12.36206729135851;
  -6.916722627740539, 0.637405508949052, 14.04359715310358;
  -6.894194020649432, 1.225040893898336, 14.04366580549349;
  -6.911107250007492, -0.9622691158945766, 14.06676830331647;
  -6.168137567333815, 1.400154664167163, 12.77373826096912;
  -7.067590126898487, -0.9650737807153694, 14.5293897311672;
  -6.992696339830659, 1.037358220559763, 14.45171444468666;
  -6.203338627222874, 1.346698725746317, 13.02295730224065;
  -6.124413275221107, 1.377356757085276, 12.88900919521348;
  -6.711159437026719, -0.8115981405857099, 14.1102628620337;
  -6.2955936411115, -2.200176747633929, 13.44679740462627;
  -7.053505572916819, 1.203420495586125, 15.10430894270419;
  -6.569810609658902, 1.232376291029826, 14.33020986534246;
  -6.972686312414315, -1.274991580575832, 15.13439352077137;
  -5.867176269572203, 1.306480014778129, 13.04424652809456;
  -6.158342054200945, 1.244927109241417, 13.66721187603267;
  -9.375344658821184, 0.3074864179742731, 20.42810335047984;
  -9.369540693958843, -0.01292034435505358, 20.92939762242619;
  -9.299128583126716, 0.09652224384783782, 20.84347599838103;
  -8.813192247594103, 0.1940657842528754, 19.8721571200083;
  -8.310011656186271, -0.9128280298075714, 18.82705483620175;
  -5.964387659730289, -2.291546597288619, 13.76277565495719;
  -7.931645033600103, -0.357223755677592, 18.28089010391384;
  -7.732140207244631, -0.1686357443872892, 17.95359120820887;
  -5.818314797296656, -2.270900089558566, 13.86498686842918;
  -7.352291876259637, 0.3553767987635529, 17.37626738905226;
  -5.721582877005196, -2.272601973887684, 13.78451526106033;
  -7.479698245710931, 0.1429630570627385, 17.8647691209257;
  -7.773832467711015, -0.939682897017165, 18.52122256830194;
  -5.852897465866702, -2.141382231397517, 14.16616428719718;
  -7.293580044556395, -1.124438689987577, 17.45459036160462;
  -7.531923694774914, -1.299883287056489, 18.00742540616415;
  -6.004005695574183, 1.219343782426704, 14.57723982832155;
  -7.139631526259834, 0.5099273308715137, 17.21284586388355;
  -5.929061894886406, -1.80066465543026, 14.43534067708012;
