m=[-10.96888534497706, 1.247188787690378, 14.02957337512176;
  -12.94610973181362, 0.4609527070326904, 16.40864215748933;
  -12.87516785761501, 0.8890480850478049, 16.44778827846275;
  -10.94740898083837, 1.19112038670681, 14.21254187917828;
  -10.92614232342275, 1.222243562219802, 14.19948078470841;
  -9.631216284576469, 1.375018803092458, 12.71983665504437;
  -14.61038105972182, -3.195848689770607, 18.79881104082634;
  -9.537554417998447, 1.438790657251359, 12.61302818120751;
  -9.186185919588278, 1.530687872644833, 12.20186722619994;
  -9.275054009733776, 1.474713979706266, 12.32085785459863;
  -12.76255441699564, 0.4227886775259692, 16.58068204302318;
  -15.34767244606092, -3.581753826873884, 19.77201442426561;
  -15.12847744832872, -3.80034278916327, 19.59122356244578;
  -16.06966709226726, -4.186633129203235, 20.75531575230895;
  -15.08428009379552, -3.659185303324963, 19.61399077442927;
  -12.71045911015084, 0.4503947666383082, 16.7120262737068;
  -14.95376930723065, -3.69610418178387, 19.59567773598661;
  -15.38078688078794, -4.586435531593358, 20.18756166807565;
  -10.79783070173494, 1.234001422223334, 14.57438853459824;
  -10.43167563293271, 1.275439843261657, 14.11741241766291;
  -11.8802690097938, 1.122394216341363, 15.95987340096095;
  -12.03450880657345, 1.035622735579489, 16.47669308369083;
  -16.71766652485341, 0.2316190596580514, 22.56554197071587;
  -8.873917731482139, 1.493620612050397, 12.4601900438079;
  -16.74405253825256, 0.4564336288678323, 22.92120153651073;
  -16.44139611934109, 0.2744621659243396, 22.74140714635018;
  -14.51393240496703, -3.754137165471872, 20.32250696369426;
  -10.54479790427662, 1.315372122490102, 15.04525165764928;
  -16.24405303128777, 0.4612856356116203, 22.64982760349156;
  -16.19954373810756, -0.5313807900074492, 22.67230543240096;
  -11.51297104455957, 0.797624060096605, 16.59547804303443;
  -14.42082398604938, -3.765169226420428, 20.57162661368641;
  -8.373481507070514, 1.463388847192486, 12.39440303396158;
  -13.60335059880418, -3.905045325997802, 19.59859998629747;
  -11.20316744752131, 1.179847903931466, 16.51378137682134;
  -10.83952025650571, 0.505123067903993, 16.61473978799102;
  -10.7380243796177, 0.7287894614517404, 16.48833771854297;
  -10.95684115388926, 0.9398795575751934, 16.9198159714555;
  -10.74426360264819, 0.6017115569618335, 16.71513760895569;
  -10.71603101829322, 1.263665605740299, 16.76934080661859;
  -10.58606626481887, 1.081721544189009, 16.76742868420791;
  -10.55064819788852, 1.155472653011631, 16.76526650872797;
  -13.39148671217673, -0.9144017488561318, 21.11023824495503;
  -10.83203188010373, 1.275743913047906, 17.35784544826204;
  -10.46198890930528, 1.080441734406203, 16.91317877958829;
  -7.36045565101291, -2.64323846354687, 12.21740979554486;
  -12.88797452501556, -0.2195201189177055, 20.66219577974386;
  -10.38568949846183, 1.156216408344029, 16.88543914650417;
  -8.811711311455921, 1.317156004684508, 14.53509413226705;
  -13.60420300018164, -0.802754175429181, 21.91366199448082;
  -10.36662951351716, 1.071044825279041, 16.96832821484611;
  -10.15592778360441, 1.137543315343573, 16.72199836710772;
  -12.74375545123565, -1.822820987852772, 20.8358712965399;
  -12.50529692422997, -0.3360128526449721, 20.57640887468308;
  -12.41164977606049, -1.680609800827466, 20.43846036998865;
  -12.59905498814206, 0.6533283902620835, 20.83618435360253;
  -12.58359108852372, -1.119983502407616, 20.83670862671347;
  -12.60788727853732, -1.208013130990798, 20.88862601209208;
  -12.62029336264093, 0.5735209595820616, 21.0159188766621;
  -7.214376845924591, 1.465311723789178, 12.50367226676364;
  -12.25407122327655, -1.073119822183587, 20.65146383833796;
  -12.33320163298376, -1.175990674317579, 20.8367786118177;
  -9.768345078089464, 1.196385294238911, 16.75156811693587;
  -12.28601326677301, 0.3813688384444367, 20.82734596744234;
  -12.15659030506355, 0.01948728477517988, 20.65201016117031;
  -12.17113293417956, -1.466597784774986, 20.70557061032934;
  -7.301783335751876, 1.35980265654034, 12.84866475135539;
  -7.054186581824645, 1.461807481971315, 12.46157258469617;
  -12.24036250566148, -0.9288487020584613, 20.91964668203026;
  -12.03965397641723, -0.6255412493711968, 20.72299615984814;
  -11.90064524173139, 0.9967673381660082, 20.52552902458422;
  -12.18921656161446, -0.3817687151922592, 21.03627134062321;
  -11.71572424783495, 1.12045118335769, 20.29610351534317;
  -12.0662555909915, 0.2020694735715176, 21.02287740697878;
  -7.543796086152925, -1.291757036957727, 13.54443509472553;
  -11.66848114071758, 1.183105149341774, 20.55993598182954;
  -11.87297414935351, -0.9342653197696649, 20.98662955984755;
  -12.07384714817518, 0.5842354817484456, 21.34561313469876;
  -12.0959741430466, 0.8217856836218928, 21.39032761301122;
  -11.98811430560023, 0.04770473504242809, 21.2833495140642;
  -11.81505612682114, -0.1565123113374661, 21.01935717297423;
  -11.60461870386741, -1.017908408879889, 20.75476431421247;
  -7.216410726922832, -1.878185996949555, 13.33372254684381;
  -7.160141491678888, -2.035606801974743, 13.27300872879492;
  -7.3441534763164, -1.233414180629698, 13.61681442162788;
  -7.351564429446016, -1.103488726682043, 13.66382867103269;
  -7.352483626559472, -0.881706037145458, 13.69069517633491;
  -11.32680256445734, -0.8382660744165714, 20.62997612781594;
  -7.34027575991362, -0.8299259881492808, 13.77172428920719;
  -7.324406402521516, -0.8975732098577848, 13.78852728415302;
  -11.05218856015056, -0.1411612002061452, 20.34620338906449;
  -11.30323463383917, -0.4987277276954739, 20.84158895027993;
  -11.22778505993671, -0.6968356642979131, 20.70948245219168;
  -7.599649274679603, -1.028346079037661, 14.35193368865225;
  -8.996603512607811, 1.257446106959867, 16.83551442634659;
  -7.308088520891539, -1.745375639664249, 13.988440941803;
  -7.498860619894884, 1.239261192621392, 14.33165318848308;
  -6.789805378888475, -1.091269294241283, 13.10365207813239;
  -6.415702880200604, 1.389027049228964, 12.43809425716457;
  -7.001810293363805, -1.079146576889566, 13.59269942188413;
  -6.435725639880374, 1.441108967518612, 12.60102602447875;
  -7.115427544032723, -1.204693121995196, 13.83277629214041;
  -7.031208242174546, -0.8032317920767667, 13.7010397118497;
  -6.403587336106496, -2.484527323557088, 12.68080202725203;
  -6.948430285979169, -1.089246619591201, 13.66072129925132;
  -7.029689020939539, 1.031615626763407, 13.81674204646433;
  -7.044695641202974, 0.6312425600557953, 13.88483822060006;
  -6.992498788063859, -0.9871564199233748, 13.83015114501454;
  -6.687010708524191, -1.397298784705517, 13.60931306756144;
  -6.88137187487986, -0.8558024914941563, 14.05384855301875;
  -6.494362122541864, -2.306522187746074, 13.47147547770316;
  -6.443859060551334, -1.190103208917058, 13.43583437514745;
  -7.140797897783017, 1.204693765722112, 14.88138405424404;
  -6.645016167557587, 1.145298997535476, 14.00478458110483;
  -6.793187293654456, 1.265999385464393, 14.38841273777245;
  -6.048138392352834, 1.342698127037447, 13.01856630682287;
  -9.341975445327552, 0.2827878931508195, 19.98003216812867;
  -6.694230458757517, 1.187449469699278, 14.64397412224306;
  -9.096802152827417, 0.3739321512769695, 19.6239017822709;
  -6.63506084452173, 1.159234811948535, 14.7585046302857;
  -9.004714762791853, 0.06439946952559801, 19.84666548949447;
  -6.002776122422922, -2.215637084545961, 13.77647333664343;
  -7.829009374286635, -0.3713690857299851, 17.69083885677279;
  -8.145344561210262, -1.211909896602462, 18.51169227910543;
  -6.727112253662637, -3.204590964223482, 15.45994741972099;
  -5.943231769810324, -2.355266585938416, 13.7918995120216;
  -7.761193425291742, -1.021069539595761, 17.71025004741278;
  -6.362552048526935, 1.153920044396166, 14.73578404674093;
  -8.449902721035889, -0.9678644101209244, 19.25467279320331;
  -7.497131281990273, 0.3459862465690333, 17.33933738296176;
  -6.015265295230753, -2.236227653418796, 14.19294616588267;
