m=[-23.05041640403803, 2.494872989853749, 28.20237026644063;
  -22.28584926268336, 2.536726679358594, 27.37240658505599;
  -33.2365326762113, -9.498636481722384, 40.52859960796864;
  -22.94968361196013, 2.490497471929947, 28.54322544735551;
  -27.61562846849114, 0.8295927816045257, 34.2260841501091;
  -27.12817553358697, 1.723535298670798, 33.8994339329431;
  -31.53072351881919, -9.270517652023386, 39.28533304263264;
  -22.8661329928227, 2.43743675520322, 28.91161954672658;
  -21.88732105982647, 2.594797331819806, 27.8503599600805;
  -19.87833007258351, 2.737630993090999, 25.42986486924445;
  -32.27053347393332, -7.233142992146916, 40.74381974011397;
  -19.24484443373747, 2.810489220584837, 24.66670632177495;
  -18.78236321374895, 3.048859521167735, 24.13199744911714;
  -19.00051264091542, 2.927561691396975, 24.42131496865623;
  -35.55020359652039, -9.53512788747182, 44.95520234231119;
  -33.98380638809247, -8.162623357482607, 43.03611966972705;
  -33.16334440103382, -8.553595432195143, 42.20545410252403;
  -37.15164677141154, -9.968124887483763, 47.20420396216744;
  -32.34176515668713, -7.308504440493517, 41.27433969049442;
  -33.10630144000372, -8.282966516902457, 42.318125150769;
  -26.94915680854927, 0.8029818316982081, 34.67184385722118;
  -21.90326695490474, 2.575025304112418, 28.39120113458295;
  -34.15945456913375, -8.300228296799558, 43.79722156305048;
  -34.31652187111327, -7.009145318661658, 44.13361123137709;
  -34.00759060816894, -10.40864041915151, 43.91188196293518;
  -36.33648220783624, -11.2852519236566, 46.86271914823016;
  -33.2373463026988, -10.04514981182074, 43.07772752324215;
  -32.18118639068365, -7.116667961377195, 41.74459979233807;
  -22.59061779353992, 2.461496135808783, 29.69839612802523;
  -22.44988443873945, 2.6291858870727, 29.52351091875154;
  -24.9943697568514, 2.244825529146775, 32.82113234010747;
  -33.25867386143938, -7.017813629220984, 43.40283334444885;
  -25.35216002818768, 2.576034487855636, 33.32557860177268;
  -35.99250235501894, -7.243846321487276, 47.03217406935416;
  -26.03030835272177, 2.044107591623709, 34.80625084228723;
  -26.09710032559361, 2.084563279499957, 34.92030751654065;
  -37.51892086555265, 0.2762404922604101, 49.95356023650545;
  -18.06625930484692, 2.952676176300913, 24.56284559801594;
  -22.10774259732461, 2.643807173569953, 30.75996409042082;
  -24.40619277846475, 2.451129938005573, 34.0400618839404;
  -32.40813751120594, -8.805288156228158, 45.4843240253261;
  -21.36890287953482, 2.664119817327872, 30.32796262030386;
  -17.326297864679, 2.940766830077335, 24.8101240972407;
  -18.78223806955227, 2.535010688296, 26.92572930413194;
  -23.72738098200849, 2.375052172344371, 34.21467741379824;
  -31.51059949210544, -10.47628938540359, 45.61167543371566;
  -23.27984966264291, 0.8064003187269085, 34.8983266406885;
  -22.84988074874604, 0.9269723391691057, 34.27996155859556;
  -18.80324888654601, 2.571484020709279, 28.38754055494362;
  -22.37856289257001, 1.385329650756455, 33.63140327091303;
  -23.26261888690858, 1.86509195582802, 35.17051448578373;
  -22.57136605174459, 2.527248223755559, 34.58211222397963;
  -16.24487321568495, -4.387057671279813, 25.19099935750333;
  -16.24008433180193, -3.960520075873818, 25.20150356960313;
  -16.52745393660915, -5.286714255243655, 25.96385756399069;
  -29.42419655080919, -2.208281071459379, 45.7257675894698;
  -25.17772850234859, 2.823479218599542, 39.45313074379155;
  -22.42148409815759, 2.326323813681618, 35.25586369858692;
  -22.32937926738698, 2.404078854637814, 35.12398040545455;
  -29.60361731319043, -0.8750501956075847, 46.34402203257532;
  -15.06706568180828, -5.552500524853341, 24.20172186006392;
  -28.55246696346785, -0.6758196235511801, 45.09064317022978;
  -17.31136733418332, 2.459059646141016, 27.86236074505287;
  -22.76730282160378, 2.220002886225029, 36.47283590842991;
  -21.49331618205121, 2.276632222052015, 34.64585034569097;
  -27.74613128800776, -4.179948058358751, 44.71375861226607;
  -28.12723336060493, -4.041983068873071, 45.59324132508479;
  -21.32766357937549, 2.267139939317806, 34.7870661278041;
  -18.23224401694705, -3.789438066772026, 29.89250522636841;
  -22.58029780164605, 1.895761771394944, 36.92101963414927;
  -27.6066167717791, -2.85954461276016, 45.08140386959188;
  -21.27095883959744, 1.610993119770714, 35.15268167433025;
  -14.50430870287027, 2.874288509368987, 24.36171592940324;
  -22.52429181716294, 1.371911214424992, 37.44032669515548;
  -20.80401273440739, 1.71357679819372, 34.69118556118441;
  -15.70338458056926, -2.685857810276635, 26.41995896804213;
  -20.95980453086501, 2.302055503753125, 34.95287239278089;
  -27.28919835800496, -2.605022298921154, 45.3015332796058;
  -27.20532805712211, -2.804316970319052, 45.29624954116049;
  -20.4603737078498, 2.379488829571036, 34.35502773119529;
  -22.86853355762274, 1.81084077766223, 38.4588867998565;
  -26.64366707243172, -3.426421375286491, 44.67195053357187;
  -15.21603701555046, -5.14397156561482, 25.98043131972628;
  -14.23436316884381, 2.879239063544007, 24.36247479712386;
  -20.30918455936171, 2.331306032841892, 34.51260112845473;
  -20.75180249966299, 2.26653449900996, 35.529939451586;
  -14.61115860455185, -3.711188750666659, 25.28216631534118;
  -17.69057087305016, 2.562009399835486, 30.50214391991441;
  -15.71527122101402, -2.827775319577665, 27.42120723760231;
  -14.2895676629547, -3.85052243949448, 25.47922850935849;
  -14.06297699949855, -2.73650129622729, 25.11547852015587;
  -13.97959467665977, -3.755985938220694, 25.14531304400198;
  -14.42494851327937, -4.367153716425438, 25.97749063111417;
  -14.11251370641225, -4.146307936545022, 25.44578271193674;
  -14.74720812172453, -2.606708841027936, 26.61052183321698;
  -15.05944199064749, -2.395293760353478, 27.22460861109615;
  -15.37565087985328, -1.961556546593109, 27.83141446456458;
  -14.86313583480652, -2.056209835179321, 26.99764153758129;
  -18.7437651184478, 0.9875687546996078, 33.98095782157935;
  -15.01264104207551, -1.817625899931309, 27.40911572478275;
  -15.47969577279695, -1.744373867935864, 28.30941116779669;
  -14.98403945520854, -1.967980538261198, 27.45248219564219;
  -15.35258259801733, -2.213744949707109, 28.27563426309194;
  -15.05701266893053, -2.058586555263009, 27.79090138885634;
  -19.01572658483041, 2.546328183380854, 34.8652327343297;
  -13.76818906594415, -4.226347038838587, 25.55811562730721;
  -14.34244924401539, -2.435974105652916, 26.59612040422698;
  -18.7616535370465, 2.341111617995891, 34.51599232944491;
  -14.1605538378107, -3.408588763251634, 26.4515134708658;
  -15.47706405877668, 2.466887095704529, 28.82455804516571;
  -14.7406287506074, -1.892222464329568, 27.55014631128157;
  -14.2960253640316, -2.386138262687805, 26.76203899734054;
  -12.92510689889584, 2.727655953072876, 24.28027971993123;
  -16.64249260376016, 2.593719508803035, 31.19073780674591;
  -14.38803452386192, -2.337428968642184, 27.16885186109193;
  -10.71238974005545, 2.70027941577753, 20.48023326168635;
  -13.94366872428274, -2.683080538209353, 26.40240017265514;
  -12.6866157500673, 2.774899787029418, 24.10656375521748;
  -14.15738657203511, -1.730855642310826, 26.85686521131065;
  -14.84326208443, -2.256235109986562, 28.14820408755702;
  -14.42862455706893, -0.5291131155478293, 27.38507765821553;
  -13.65095229637648, 0.450999248496843, 25.98678357351423;
  -15.49135056090431, 2.053765579665471, 29.36039819744066;
  -13.78742313687681, -4.435011676705816, 26.2611560107246;
  -12.88838241497072, -4.042654694668187, 24.70592834113605;
  -12.95784667743305, -5.065983426645814, 24.84912860903462;
  -14.37786365130967, 2.028655849817846, 27.50383692067454;
  -14.51343539465874, 0.8126965216332243, 27.84214544421139;
  -14.33717246429381, 1.197725579646109, 27.51267243011646;
  -13.31877659882238, 2.268382594003828, 25.62981209401693;
  -14.05071244636948, -2.108494097017561, 27.07228169401778;
  -14.28057913783755, -2.728471605134113, 27.510134615308;
