m=[-13.20295196545454, 0.2831686828603774, 16.4400711975478;
  -15.75066745396949, -4.400424512356805, 19.49288873209732;
  -15.85015607330038, -3.668985616119786, 19.68225156799033;
  -15.97714838471766, -4.42095369579785, 19.91183472558562;
  -15.8629829540445, -3.937449269634796, 19.78040910867037;
  -14.97761723326655, -3.506542950437587, 18.80378385054093;
  -8.8850092203222, 1.438976188417596, 11.56575773463329;
  -15.2714263096667, -3.943599402175739, 19.21461979026459;
  -15.68914092441678, -4.552470208595669, 19.74998976280826;
  -15.07598008138392, -3.781898383200857, 19.04203694312837;
  -15.80360152707513, -4.558626215335883, 19.96755430821158;
  -18.03635948589179, -2.008918935165645, 22.68618956738717;
  -12.30262724000552, 1.025207796292297, 15.80427460898627;
  -9.092364545342477, 1.441608879732469, 11.98164968909796;
  -19.16658165671419, -4.039505426693426, 24.29772148723124;
  -12.2487210496272, 0.3342847642517598, 16.02935452520203;
  -12.21365029239123, 0.8880561028704272, 16.0097583806897;
  -12.12350225165616, 0.9012798856149469, 15.90650850547593;
  -10.5328088257536, 1.101962149684864, 14.04223926434102;
  -16.29358602795585, 0.01519630440259654, 21.44413079235839;
  -11.52138575385136, 1.090111075946488, 15.7461703881031;
  -16.86954982134578, -0.429301224057655, 22.64583076407279;
  -16.67709966563762, 0.06013184097568121, 22.50272486575238;
  -10.20128925945104, 1.212680452331969, 14.1385000286895;
  -14.68960999600674, -4.085799436625218, 19.96394452554514;
  -14.72984361651477, -4.137326329298183, 20.04302585322628;
  -11.57210958315696, 0.6633238505506385, 15.99718623468595;
  -16.31404792449449, 0.2485111508113155, 22.18742827552939;
  -14.4098933143646, -4.015774719682549, 19.9546026796997;
  -11.306497864029, 1.067968008107161, 15.98301132931629;
  -10.85205907892799, 0.3689732923321606, 15.95953769326535;
  -7.985844827769455, -2.019760231828724, 12.02342106348096;
  -10.76700869750152, 0.4702802588420559, 16.08006069010326;
  -10.72063264462943, 1.133825290373295, 16.10872578729875;
  -10.71255196302661, 1.040261494648445, 16.34636885178314;
  -10.33613713438733, 1.095822929322815, 15.94311495277149;
  -10.33934672441307, 0.923785329660585, 16.05975214216095;
  -13.74477674440782, -1.153345061341557, 21.07867660832037;
  -13.40361784881641, -0.4302660612191754, 20.88557278155147;
  -10.17892515038396, 1.011997223044134, 16.09615955087028;
  -7.089938257456027, -2.253490287481444, 11.51772852442925;
  -7.107487940686708, 1.370975062988397, 11.58114590518238;
  -12.43271543820172, -0.6972164561082025, 19.6527516511898;
  -12.673183607832, -2.025439726628165, 20.14973835501843;
  -12.55436489531873, -1.91833009064126, 20.08681771774227;
  -7.025018090676303, 1.383902515467069, 11.66595023475032;
  -10.01449105568593, 0.6836813559698179, 16.23989537213074;
  -12.62409089512744, -1.078464951686146, 20.22938898302557;
  -7.27821660474342, 1.276787845884377, 12.06998743340832;
  -7.418666937371773, -2.592120522354497, 12.31196646681878;
  -12.63362105314716, -1.328278245841712, 20.34643821828829;
  -12.62226981476994, -1.417785932536772, 20.342476296293;
  -12.3358497804706, -0.1741483739652312, 19.94902286410533;
  -12.48012732876239, 0.3972881022461884, 20.22510887108905;
  -7.104430645529088, -2.095234996312504, 12.03738608909167;
  -12.32092396095874, -1.284494960800237, 20.18985328972049;
  -11.54593630050089, 0.6918585419437628, 19.12260200780674;
  -12.00455272297163, -1.107948377367007, 19.96501618836208;
  -12.01869041456409, -1.375825116374057, 20.08555440352255;
  -7.01373374394419, -1.969258157141043, 12.15181628507092;
  -12.10980433627777, -0.824438123498781, 20.27504991254631;
  -7.917470508576208, -1.112217248478957, 13.622943893346;
  -11.88243112435186, -0.5593887982489397, 19.96324242768372;
  -7.295455500616145, -1.855220185263164, 12.73198602042222;
  -7.080253887636042, -1.376432966454745, 12.3965294927742;
  -7.258814702010165, -1.071321994966919, 12.84061359881004;
  -7.263508420571744, -0.9460286452017029, 12.92226753694247;
  -7.286625104217634, -1.072739781112984, 13.11179161912423;
  -7.02736076750504, -1.247818589588902, 12.68893432260713;
  -6.448744058667531, 1.324949774412028, 11.76050188069952;
  -9.818659280934513, 0.4048385161497887, 17.45197976908903;
  -6.869055695100776, -1.134036080865649, 12.53642005197441;
  -7.131914622210104, -1.266500912225905, 13.00087901026144;
  -7.578116190677698, 1.153103521707568, 13.77868097375946;
  -8.924584803516906, 1.132748273889279, 16.06768924137271;
  -6.36846903594767, 1.357124990081398, 11.74516590397106;
  -7.01845982114646, -1.219357189188619, 12.91345671368315;
  -7.142647513366888, -1.334352267630791, 13.17557536622199;
  -6.605428739743045, -2.61145467932043, 12.30837179026629;
  -6.85740229726848, -0.879585728206124, 12.81998594905954;
  -7.023829473283453, 0.9449408105059317, 13.10403602341656;
  -6.938125081068382, 0.3291838120412612, 12.98091926142923;
  -6.941013368412909, 0.5316739542766121, 12.99090034188178;
  -6.48301722591274, -1.508645174084111, 12.31369265948082;
  -6.87841229848651, -0.9186962571466213, 13.05035818539706;
  -6.512956453788029, -1.576896667125896, 12.5350168300704;
  -6.515914479994248, -1.501676451827126, 12.57867315528696;
  -7.153958605979388, 1.108532839581911, 14.23914211890422;
  -4.009799187969239, 1.28647169855719, 8.397999521423886;
  -6.833264798385849, 1.085242583656768, 13.69363261919324;
  -5.845629244288719, 1.228216491814801, 11.89854202307584;
  -6.577319652393621, 1.148077624643898, 13.28014727915408;
  -6.521828502294829, 1.057599350024337, 13.28030611343381;
  -6.132308724975971, 1.209385043989275, 12.79811222735637;
  -7.962814762841009, 1.013368787901916, 16.39740444016681;
  -6.597690226521527, 1.076642303965193, 13.77672368395512;
  -6.037210631744546, 1.182375536850386, 12.80603191667138;
  -6.109963097660063, -1.536773116343521, 13.05080736885961;
  -6.368434846948146, -1.279376277707345, 13.57547297918614;
  -8.131036351003045, -0.4362493722364796, 17.07388156058729;
  -5.606700046994349, 1.292493454566781, 12.08190294340708;
  -6.261130252273552, -1.37259358775049, 13.48412186589459;
  -5.973189984123324, -2.359833799860482, 13.03793329923401;
  -5.708200544042259, -2.41994242900343, 12.60525588029819;
  -8.0558633749727, -1.459936333692783, 17.5682179400287;
  -6.302967521504447, 1.047899178330689, 13.9516384034308;
  -5.851470676343411, -2.530429327949068, 13.08448396625967;
  -5.788066315280649, -2.314086415765493, 13.03080600227289;
  -7.146568233294927, 1.000667987110683, 15.85257441686974;
  -7.105327693178294, -1.491904210672403, 15.75049080965109;
  -6.007248018685493, 1.127175088487296, 13.50897302662257;
  -7.193006628318295, 0.2065994134826974, 16.08148594170518;
  -6.128003627354773, 1.056354303298776, 13.92989313991034;
  -7.300074025143612, -1.324555158164563, 16.5140005219878;
  -6.961345321620988, 0.3610226722782074, 15.84265539629151;
  -5.656163193000476, 1.116029026720918, 13.14613353324622;
  -7.129855876678533, -1.179853512184173, 16.51053902809498;
  -6.890059035498819, -0.6421618554334384, 15.99415794018286;
  -6.208358102627011, 1.10129404345258, 14.58398457970854;
  -5.495200623602764, 1.18734179810836, 13.03421986378517;
  -5.023955217452157, 1.325500402268315, 12.06592082442093;
  -5.324013961985414, 1.229521340819584, 12.77875039952773;
  -6.546890462462394, -3.39546392286764, 15.62443788125222;
  -5.508352495032949, 1.052995033496136, 13.29699937687757;
  -6.344812645161967, -3.217258114919837, 15.22429575611393;
  -6.766331361001232, -1.095820128168369, 16.17616833185282;
  -5.543610668822049, 1.115763686564978, 13.41999513850671;
  -6.6264115339166, -3.735172354751906, 15.90509544441908;
  -6.826331524187902, -3.385837903264715, 16.40454934815769;
  -6.307974215613302, -1.761440640596515, 15.25907233648956;
  -6.71287414271107, -2.511829476962235, 16.19705339328571;
  -6.950519095088617, -1.58238329932834, 16.74795902597756;
