m=[-13.13824156960101, 0.2578086226600219, 16.08214873764159;
  -11.0222959858429, 1.133955936680758, 13.7974605872843;
  -9.198254997336575, 1.460439243426144, 11.77058604873866;
  -12.8923466556017, 1.062472458052484, 16.24742260714723;
  -12.50456112011288, 0.2722677493514689, 16.00394244847212;
  -10.94616982045673, 1.140780496197953, 14.26119727790429;
  -8.554811819846107, 1.413819287031934, 11.5300201795462;
  -8.399001778560852, 1.442908365438923, 11.36984919985089;
  -10.79495181192132, 1.223983742662681, 14.35395407559573;
  -10.37413252110455, 1.227997940829909, 14.0614522533692;
  -35.01515759735481, -6.366711419502356, 45.19792441232719;
  -9.225799995600593, 1.224100865208574, 12.80139409451696;
  -11.50152891415057, 1.078278674524383, 15.96138836286017;
  -11.17957012811119, 0.3644419117251477, 16.14001947073326;
  -11.10755775726489, 0.6017489002234245, 16.06929102494825;
  -11.00116513971208, 0.8130044138997405, 16.04242107963666;
  -10.95883952336088, 0.4623583996191926, 16.07809919301711;
  -10.59329139317503, 1.228632491360583, 15.59427682518373;
  -10.91281694865164, 1.146367166898605, 16.11233251548167;
  -10.990445426496, 0.7305754468420977, 16.25049133594;
  -7.901655177797595, -1.817818561642003, 12.0694532755699;
  -10.51451702006709, 1.008624245503392, 15.93498884668845;
  -10.63616081043219, 0.4997964900582907, 16.12518787154756;
  -10.53965301117906, 1.018907313289756, 16.18205569371327;
  -7.26143095897188, 1.405515508335723, 11.48991202103905;
  -10.43687466230817, 1.121451103210013, 16.12285370644545;
  -10.39509591191812, 0.9230452014563839, 16.07392119660112;
  -8.286738302115625, 1.197973870074366, 13.04554401466788;
  -7.783880917673697, -1.93072148631463, 12.36256969046675;
  -10.37444626923893, 0.9294976550490246, 16.21636915705668;
  -7.107512719879615, 1.405184035571479, 11.46875402236146;
  -7.289186389174433, 1.280780067925581, 11.76582279759299;
  -7.909216192787608, -1.696936054550871, 12.92334528098713;
  -10.13023118458671, 1.106179116502317, 16.28082519405584;
  -7.454873752808321, -1.577314418056055, 12.33732223880658;
  -9.898433075057914, 1.153474991318508, 16.12220192301957;
  -9.861217272012015, 1.0555390401905, 16.17274696314798;
  -7.42298367170558, -2.552447670231639, 12.50200282850973;
  -7.358636765312409, -1.111076266246517, 12.69913875981541;
  -5.310407711652823, 1.326437602957915, 9.435357774803508;
  -7.333992624630435, -1.062691370348499, 12.77438638729728;
  -7.327350181095251, -1.261545150233557, 12.86552067692363;
  -7.202201178287552, -1.31009990472335, 12.67330655820034;
  -7.352086849187104, -1.101982752268503, 12.91714330937945;
  -7.087424692624293, -0.983063326878913, 12.61713749386333;
  -6.451896081583093, 1.381156654583794, 11.57123075239624;
  -7.21729982724696, -1.31340663491687, 12.84373534195037;
  -7.688087704796867, -1.859828750986558, 13.65929126614329;
  -7.046795665099678, -1.250162516431983, 12.65464986892306;
  -6.714072152704366, -2.644466804701882, 12.16439192537002;
  -7.128026617769965, -0.9635420449891786, 12.85050815809191;
  -7.408610128724517, -1.408655043231754, 13.3375701989517;
  -7.086095366613307, 1.117576757336232, 12.89159535719221;
  -6.967846131057863, -0.9218412349427799, 12.71719514901606;
  -7.119941203681599, -1.312378111620115, 12.99086471558842;
  -7.079604263615231, 0.3221437052748899, 12.93382229676312;
  -6.73999730639691, -1.595963172709533, 12.46302533195584;
  -6.370806177550089, -2.732682815362332, 11.89484565909127;
  -6.402971351125554, 1.312081863365594, 11.93668758096253;
  -6.886602588854349, -0.5507560560399788, 12.76633929933219;
  -6.248742520176404, 1.339035721831677, 11.68321993241464;
  -6.905069687992516, -2.106843515182187, 12.86204881207913;
  -7.013683321722496, -1.726153535711355, 13.14116296809439;
  -6.675566396311781, -1.570722831438402, 12.5717687317744;
  -6.72980042978535, -2.054978578926137, 12.68840890580654;
  -6.837989866814556, -0.9999086833132108, 12.96446585798816;
  -7.115721559911828, 1.181685641686092, 13.51561152323948;
  -6.635693776675499, -1.084778769074743, 12.87180090423421;
  -7.319426669556723, 1.130463916792619, 14.28573680254652;
  -6.012478869257844, 1.269036757184737, 11.91844626326424;
  -7.028287184011234, 1.110689703258808, 13.79645018464766;
  -6.264928696560403, 1.239609990848429, 12.77752704631191;
  -6.667411190024425, 1.079363589796265, 13.63526451073789;
  -6.379148935293539, -1.210765117080073, 13.15892445052965;
  -6.598580697616932, 1.205143787461259, 13.66780966659736;
  -6.329863142894222, -1.631001185971773, 13.20513708593968;
  -6.16557854309373, -2.641964489282001, 12.97272776185309;
  -6.424723944668422, -1.375510088928395, 13.52814448560614;
  -6.50630503510967, 1.059589122571864, 13.76734956666594;
  -6.008179163854972, -2.423547429777248, 12.81765137829923;
  -5.40971112922631, 1.356700588152273, 11.68050216210869;
  -5.795569076294481, -2.506030745210515, 12.5011528159643;
  -5.96855419090551, -2.648411245110885, 12.89521064318657;
  -6.214259164518655, 1.146082916717388, 13.37469768505252;
  -3.853609469622808, 1.328454587352343, 8.707252763712141;
  -6.112183551854428, -1.961813571460529, 13.31813518099801;
  -6.330941145633922, 1.04873007504007, 13.75089634037527;
  -5.848093277462678, -2.579242237215965, 12.79116420091112;
  -3.819007085494061, 1.300187023046094, 8.696790459221583;
  -5.855136527035914, -2.020645407399414, 12.96292114923354;
  -5.191579453796636, 1.35882582949195, 11.73938971385453;
  -6.507878737271054, -3.347905744515873, 14.68992918289574;
  -5.818551661372476, 1.154209322126371, 13.25260980250724;
  -6.163306765877779, -2.964080296996867, 14.07426441245733;
  -5.75499767073626, 1.17470520200276, 13.25218974668052;
  -6.169477024712888, -3.075745000886213, 14.19133169360833;
  -5.557933194076616, 1.206336512196168, 12.91585704123795;
  -5.055545490869896, 1.346473353417951, 11.86580791853872;
  -3.683351577564329, 1.321425732265208, 8.906683266510836;
  -5.419817198796222, 1.258184379437634, 12.733460552975;
  -5.576207989917132, 1.068350354841229, 13.20028178560018;
  -6.8431197653538, -3.795832492357139, 16.06488281954623;
  -5.603536751607521, 1.131466002427695, 13.30539250490461;
  -6.928129320629013, -3.661627530411204, 16.26638983257148;
  -5.566124618972698, 1.126990778560974, 13.37534789295651;
  -5.041670109476748, 1.292431174987192, 12.3261204929991;
  -5.195671639186373, 1.283334662227987, 12.68100747716825;
  -5.386473051407475, 1.164001132354931, 13.19662039952242;
  -5.32272427970532, 1.237493266578199, 13.08840678594263;
  -3.94136234606893, 1.300647216663412, 10.02399936895956;
  -6.381726568098316, -3.562752305771078, 15.97314509392268;
  -4.990655643386363, 1.088597807074728, 12.71316314039113;
  -4.952945584573248, 1.234207728393004, 12.71824411271403;
  -6.25404854555793, -3.565203268583442, 16.22815282455849;
  -6.274890792895139, -3.883433532270588, 16.29821903935275;
  -4.891457812348825, 1.174624854339383, 12.90498614819998;
  -4.841218512183271, 1.21960766727143, 12.84435253501442;
  -6.020462061732425, -3.80317744686175, 16.00520662874926;
  -6.127268180341363, -3.576209860030281, 16.29901807880748;
  -5.976420429421308, -3.644747952490034, 15.96341342986803;
  -4.816890525485202, 1.231468059805882, 13.04336035261;
  -4.772013223816216, 1.304829797133148, 13.00234714942059;
  -4.51167600713218, 1.302385243732147, 12.3476240764292;
  -5.745167669059232, -3.298491944671107, 15.87312441864764;
  -5.753300587590315, -3.55938587792801, 15.97979374220368;
  -4.408718009180708, 1.306180800029584, 12.72926184821636;
  -5.651351087284478, -3.323263921613656, 16.19154808169093;
  -5.712281781068834, -3.57196118577753, 16.39946624080264;
  -5.61937350544052, -3.228294207350246, 16.15406699503066;
  -5.605243315303728, -3.558346593915415, 16.32972805760413;
  -5.568780749773146, -3.504036527041215, 16.36969823947417;
  -5.460078207755288, -3.44635515871986, 16.21203342936072;
