m=[-25.97432421388931, 0.5096880518319636, 31.7944333078798;
  -25.02579573783525, 2.062403332968419, 31.5384538047683;
  -18.58642386577327, 2.951031779004538, 23.78419618870771;
  -24.80909894726712, 0.6412132589952653, 31.86861494596612;
  -24.04388867900727, 1.777771075577388, 30.98110105141394;
  -21.4665356425088, 2.237184840321656, 27.96763659731055;
  -17.3276836842639, 2.863676479191283, 23.3539377313796;
  -16.70727159237744, 2.870229412956759, 22.61687323738526;
  -22.13841890974448, 2.357921527993399, 29.65222025936971;
  -20.59388521036603, 2.437721764260289, 27.91365282907493;
  -17.99756698460629, 2.206113979669221, 25.05577248055035;
  -17.55963728852384, 2.465288744184201, 25.00235505982831;
  -16.16345292164126, -4.150774215258563, 23.64234606567695;
  -16.12316178184113, -3.620254077178367, 24.12148508226031;
  -16.22239856871498, -4.674094378042919, 24.30581376110253;
  -15.95190506475747, -3.490756770877913, 24.19417094859174;
  -15.67350311409451, -3.605774264461906, 23.94063132894011;
  -17.09031544658765, 2.323792720473195, 26.15793959827229;
  -16.51454651984241, -3.109336795188792, 25.47568122114281;
  -16.94108105666563, 2.288125682721117, 26.47677555634457;
  -14.64267694143631, -4.748841121956728, 23.06735766160684;
  -16.2933845368152, 2.28944630235355, 25.61847607337158;
  -14.460931337113, 2.799043793727417, 22.881830006305;
  -17.04601075174219, 2.464259727422598, 26.83498325023512;
  -14.90977767570871, -3.419364486904491, 23.65780254413645;
  -15.47071937748407, -3.83737246583925, 24.57101393105084;
  -16.01204295090483, -2.980398831534191, 25.50309646983218;
  -14.24574291463558, 2.816441040268793, 22.98707407118386;
  -14.65204920764703, 2.574505792208799, 23.65057022753851;
  -14.85729861000959, -5.272798897466632, 24.00081301797263;
  -15.55356949288719, 2.295088262514748, 25.28153336317097;
  -14.11401907951419, -3.840111718815296, 23.04473130863579;
  -15.85023115756063, -3.271425365769388, 25.85182136014015;
  -15.60519660965765, -3.348122003471222, 25.49827176910389;
  -14.40725867110556, -4.315396123049196, 23.73212529554607;
  -14.66538349352254, -3.102925897563371, 24.27023822463848;
  -16.65585556485713, 2.293436021949154, 27.4693243897789;
  -15.37771514007824, -2.976124888484529, 25.46473461767871;
  -14.96228703812197, -5.144892725193945, 25.19991463602328;
  -15.26070690647906, -2.169369829833291, 25.70901727958554;
  -14.88162299341019, -3.886034466154511, 25.32469883160592;
  -14.31516390947629, -2.841095995849292, 24.41437149212017;
  -13.85820954264016, -2.661170182013371, 23.72796493483954;
  -14.0291734515679, -5.864130044480714, 24.20387226558486;
  -14.69206298021302, -2.218346006214472, 25.35477051037065;
  -14.77180164765009, -1.971459981830427, 25.64141922131407;
  -15.33071055751725, -1.895956134554043, 26.65984478876843;
  -14.4159842200509, -2.481990696387094, 25.31189836399313;
  -14.32760694612645, -4.686568174963979, 25.17250846449742;
  -14.76975668559042, -2.21379554629753, 25.94951170544605;
  -14.5289744034795, -2.642859802237882, 25.56581551021347;
  -14.13666367782026, -3.612849081989419, 25.00869222269007;
  -14.52459880111072, -1.803137690233398, 25.74552856137426;
  -13.98587980994268, -2.357901654736148, 24.87720340204508;
  -14.46530995255726, -2.632401940140105, 25.74212200088065;
  -14.60760297562442, -2.026151867812853, 26.00466928290938;
  -15.33163413074328, -2.927730981144337, 27.27860209624172;
  -13.04114861950064, 2.791717190029512, 23.38880509611508;
  -14.21181927187973, -2.521299692568622, 25.521613713984;
  -14.4369057400611, -4.455452484316777, 25.98565182625212;
  -14.76646926643749, -2.807660416930996, 26.58377442054439;
  -14.25642126917998, -1.927133839496025, 25.70167981248476;
  -13.58287532402042, -5.349877405220957, 24.60912173073232;
  -14.12976920225144, 2.228463043464321, 25.70601404889085;
  -13.83846836291191, -1.83081981511072, 25.25694445952371;
  -14.17170307158976, 1.880568393909781, 25.83735490250909;
  -14.17803050755811, 0.6451438683767411, 25.90203071734988;
  -14.11729425078518, -0.5492184454737981, 25.81284449399471;
  -14.40009126262313, 2.370042322585766, 26.38320581041351;
  -13.37664792053495, -3.167454894264337, 24.73495081846016;
  -13.34615410060355, -3.807200014481408, 24.71125353222656;
  -14.062153529094, -1.92191010887741, 26.04951464466869;
  -12.68401567321722, -5.440660207514947, 23.68215333595859;
  -14.17342006626473, -4.324529585340704, 26.40077927720348;
  -13.71387209982632, -3.375152217108489, 25.69494799248523;
  -13.15504218327524, -3.095306657008442, 24.7742495792186;
  -13.27966049586418, -5.104447011950851, 24.99914367839591;
  -13.66258847767961, -4.171940453100506, 25.75953196907641;
  -9.997725946272229, 2.643899959182683, 19.2030390053398;
  -13.64939850521428, -1.995930434703034, 25.87853511771287;
  -12.8411576324895, -3.238071258657469, 24.69594116547559;
  -12.58501979755558, -2.68317866434444, 24.8222048344699;
  -12.00242070244493, 2.53331668647973, 23.79221769952559;
  -12.55428490907434, 2.505090243553233, 25.05085351529997;
  -9.734611562282284, 2.696341564685546, 19.94649317522859;
  -12.16912391229994, -3.236899964350338, 25.22327295449222;
  -12.41378130503607, -5.319333645072905, 26.11930157727067;
  -12.27778087550335, -4.952546099690951, 26.19301300269116;
  -11.51498621879335, -4.979133043725494, 24.83804446118281;
  -11.74720772275859, -5.212558357769934, 25.38013616179601;
  -11.86209161632247, -5.231655219394639, 25.94520203967458;
  -7.847835806704702, 2.705384019939437, 17.73223014831783;
  -9.091573425993584, 2.730169090694579, 20.71762430619607;
  -7.248492054115594, 2.600442482539791, 17.52752120624863;
  -7.841366658654079, 2.587646307015625, 19.94281355951087;
  -4.399878092811352, 2.61499345781423, 17.81630341448573;
  -2.189646312609522, 2.427147608100388, 16.52768350882296;
  -1.056772149798052, 1.948234430461578, 14.22032766439653;
  -0.5214132851448549, 2.480981843278075, 17.42068031165138;
  0.01110489911307671, 2.588367719620996, 16.51604762790182;
  0.4072386766707312, 2.414236415500993, 15.81977469369041;
  0.8505951287951453, 2.508395950001352, 15.94375921346656;
  0.7789629320792825, 2.548304905468485, 11.30414385789351;
  0.8570278634882842, 2.569382858108761, 11.39407189845751;
  6.807098301180878, 0.3494093652148497, 76.0580077132238;
  7.579856896427337, 1.541190947998883, 80.19803103923366;
  7.635895562065026, 1.954690173707513, 76.10917521296196;
  6.232363508574136, 2.281439138276738, 62.03770640379537;
  1.613812084632072, 2.542445358238872, 16.66187827161082;
  7.557763437481366, 2.320064772967325, 72.08603520256911;
  6.597182461318875, 0.4706134775240199, 61.77310549894894;
  6.949686367672798, 2.087528595474601, 62.42784195339746;
  4.220490562145026, 1.545896401134539, 37.63797054397332;
  3.824460479599432, 1.367037203656203, 32.42516995664695;
  17.59437128050427, -9.504749683417876, 131.2900275870861;
  18.90187858095374, -6.508832736532208, 140.7276010979028;
  3.359212407996558, 1.09354511877891, 25.82900897104852;
  25.52205239986186, -11.86367655037865, 188.3022844729131;
  10.6899512054652, -0.3938034298018513, 78.37033601270956;
  4.138574787216858, 0.7046685210908137, 30.72088435744872;
  4.244847989826272, 0.0401301039229267, 30.3847131860243;
  31.50727529186276, -10.93434161615232, 218.1303264298883;
  4.128314823623064, 1.035690240077914, 29.33496527314841;
  3.808358448256711, 1.597767394643798, 26.43082153346656;
  2.115479409610727, 2.501192820950202, 14.96281756781486;
  4.777982599246649, 0.2687220132764884, 32.39784315632895;
  4.063283531404928, 1.627302009131141, 27.63559574133852;
  13.13340586084975, -0.7636844941137013, 86.65656776273535;
  3.662190465281406, 1.996835891850969, 24.98911739445347;
  6.924438722207964, -0.08889007034800255, 45.55358463467497;
  3.156021818697986, 0.7910739700180911, 21.12044187024506;
  3.743678403438983, 2.361611312113782, 24.65950590915964;
