m=[-18.88111122519471, 2.654185926151989, 23.06696422760331;
  -18.18409796845373, 2.99724266497197, 22.36573604750496;
  -18.23024400630532, 2.942476692878324, 22.77427491168665;
  -21.44486823713712, 2.413788366171648, 26.92488653860955;
  -63.69239803703787, -10.67902553212512, 80.54533614369261;
  -16.90422408542873, 2.833474005933634, 22.22817283710539;
  -16.91899474341593, 2.948480414142156, 22.31368954783456;
  -58.80811573513884, -10.49306620970771, 77.55137012616255;
  -17.85746009546227, 2.351734206294279, 25.15046542949196;
  -15.99202989713188, 2.879611268834387, 22.77686873184562;
  -17.00799513590023, 2.365505992641705, 24.70803202010138;
  -16.04037342989121, -4.663457068848679, 23.48689347218359;
  -16.10454733711283, -3.576334022521212, 23.87949822437495;
  -16.74236823990534, 2.351915878153533, 24.8881864683743;
  -15.57474354610696, -4.016024222877599, 23.25707380569387;
  -15.81061740482543, -3.694574471407874, 23.60191489523939;
  -15.63122911088313, -3.335956976321743, 23.84546516027794;
  -15.16887787400397, -3.621173054347471, 23.16473132121009;
  -14.63487084281564, 2.883394231434991, 22.5979566099853;
  -14.97957930978767, -3.461295346515089, 23.21281473422964;
  -16.12107929838926, 2.366819757386926, 24.92907095769176;
  -14.23060945607281, 2.864674731333577, 22.41684840625366;
  -14.53819977758805, 2.59667573719681, 22.93639435299286;
  -12.8376956880819, 2.693631403422368, 22.26141932210626;
  -12.81276104355498, 2.79232039188855, 22.47274816699047;
  -9.110525565278113, 2.738979323647042, 17.6778911253752;
  -7.856622420385977, 2.722336046481896, 16.52689327507886;
  -8.570394395418498, 2.532039046904844, 18.10877826303175;
  -7.614109982122236, 2.693734177277247, 16.64491195440358;
  -7.552508152597604, 2.77901485946069, 17.67306901019924;
  -7.986226073260351, 2.696212881897462, 19.81109056653117;
  -4.204019263479876, 2.600946383895419, 16.71870806509684;
  -3.98885025356809, 2.597589759902695, 17.98268137710159;
  -11.30419991971854, -8.700531260487999, 58.79781589194266;
  -11.37710285596051, -9.314707467023133, 59.43794872521222;
  -9.555192761568353, -8.248332840473202, 50.22608381672094;
  -10.35125471353285, -9.38267325847915, 55.19626123817945;
  -10.614892304038, -8.25467853752013, 56.62031458810296;
  -10.60892353275818, -8.667800866708104, 57.07093665146593;
  -9.92315231272134, -9.16897500722356, 55.7884339470675;
  -9.732671568096992, -6.369850698588294, 54.78147811905182;
  -9.832472350608601, -6.719104921623399, 55.4752870573649;
  -10.30924308524262, -12.53573254057288, 58.32826304743288;
  -10.28365728122486, -8.709620698196659, 58.86179610656971;
  -9.901473253258448, -13.5493207369875, 58.7349779873614;
  -9.700425844396268, -10.92627707860526, 57.75221210895725;
  -2.714840436478241, 2.63730775550931, 16.87816803794574;
  -9.301477517390799, -9.346284394678722, 56.64473751738204;
  -9.624540706481069, -13.70094658447169, 58.66013242893228;
  -8.611909673583803, -6.929403593071744, 52.57236350006886;
  -8.94685250309937, -6.516349036357049, 55.36911142916686;
  -8.940873449427679, -8.16537096646123, 55.57413272341348;
  -3.273045696085545, 2.489312870035432, 20.87287054229753;
  -9.36101049807116, -7.139911137273507, 58.16627078124065;
  -9.601773846319846, -13.36944367414599, 60.01017640559464;
  -9.597141516435856, -12.7252596269111, 60.168454333667;
  -9.240071217932622, -14.49627140253129, 58.11111656922311;
  -8.365861909879127, -10.617065570957, 52.88565568656326;
  -9.246564715008354, -11.10985819697734, 58.51633358516642;
  -8.835626796550407, -6.68876297451828, 56.05866430929277;
  -8.801432793617572, -7.633083704694303, 55.9421138143269;
  -9.676183401573326, -13.48316972647534, 61.70564747629582;
  -8.594779818887897, -8.186737983881882, 55.59279402403703;
  -9.904558499850657, -15.79564565664623, 64.18819631425168;
  -8.96913945597661, -12.55093638733886, 58.27641180411349;
  -4.123579107874565, 2.619714390201382, 27.23703782101211;
  -8.453258078928688, -11.29838139821002, 55.2476080730044;
  -8.62695123827608, -9.938294550639304, 56.41257759882516;
  -8.449518642863836, -10.07126158784451, 55.62879131742302;
  -8.681359994609476, -13.9478637742026, 57.37737818851898;
  -9.253141391370734, -13.90426545427972, 61.33420326612329;
  -9.037322722009215, -14.87092172208213, 59.98381495946166;
  -10.04581020769537, -15.55872519910582, 66.70472779179791;
  -8.005687705155758, -9.111213635137743, 53.42550515603194;
  -8.381037643874011, -10.41965905072431, 56.13510754289209;
  -9.42688457143446, -13.47631967736984, 63.25507715457225;
  -8.36543538150806, -5.593831140215472, 56.27109129449261;
  -10.34018546740543, -10.17409423718937, 69.55704382888385;
  -8.395602834030743, -10.11997607477941, 56.70796820175398;
  -7.806893696318324, -6.915000491071527, 52.6731950382156;
  -8.123380962693911, -7.517273572742127, 54.96945126489469;
  -8.363360449220901, -8.929092026696074, 56.67884705260009;
  -7.954755908871808, -6.728800555799552, 54.60426965307253;
  -7.423267245788315, -11.09750410462909, 51.58617983125589;
  -8.242354574391012, -11.43219212064026, 57.42106633955925;
  -7.742482362796013, -6.910977504065175, 54.79240708262882;
  -8.62870904428647, -0.6217295572753795, 60.93012517263395;
  -8.121998518496229, -10.02162550107308, 57.60284083666598;
  -8.539635891928237, -8.999338751204729, 60.35072160139735;
  -7.773239270620542, -7.837026762205245, 55.23705642279642;
  -8.435647064913487, -14.26982853858041, 60.15149908602174;
  -7.935111991592456, -9.368002440435374, 56.63627048314877;
  -7.757964106069019, -7.476795110302477, 55.6738199541436;
  -8.128423169098896, -11.35974788449705, 58.89655149078849;
  -2.262542598408865, 2.712752206672449, 17.30536499404889;
  -7.711299904077794, -12.31184923752485, 57.16553765328715;
  -7.733254899050936, -8.414842698386568, 57.31736344289875;
  -7.017468814443527, -9.294520693271196, 52.57732715523092;
  -4.167032980459406, 2.607117146869832, 31.54873293566665;
  -7.73073233758716, -10.73191553991467, 57.95065426542436;
  -8.021429649413344, -11.54222710483333, 60.40897376532659;
  -9.10983578905104, -0.4601016913850861, 68.39569496700996;
  -7.169151924148633, -6.843617260280437, 54.30855311143733;
  -7.658060898048951, -11.41737790145913, 58.19736611369702;
  -7.380559332658804, -9.574691435037222, 56.29984606936769;
  -2.021137052188319, 2.659449774768888, 16.02940556199857;
  -12.79688511395253, -19.9053520376542, 98.43242250866182;
  -7.338642519730865, -10.6958421944313, 56.90095104243342;
  -7.470107850235474, -12.1153712347249, 58.01572673277629;
  -2.389518939185039, 2.356253398125972, 19.26834011637796;
  -7.522668062495635, -13.06895858144165, 59.51933503496804;
  -7.323881551558054, -10.08520378741613, 57.89119621842914;
  -7.802019192568666, -15.42547660019231, 62.72821982153377;
  -7.317245116026879, -6.452902581131703, 58.97290709613382;
  -7.094125216817528, -10.65277160679077, 57.53536435716397;
  -6.402137106565156, -0.8196998439128134, 51.89723548946871;
  -6.917956458524079, -12.98841506083381, 58.72422945567527;
  -3.966499462577814, 2.638274198593115, 33.91034801507706;
  -6.908955323378822, -0.4407797537451048, 58.59503220493295;
  -6.917218088594519, -13.48835429789192, 59.02387235812352;
  -1.881458919297717, 2.584987852360347, 16.64959455039302;
  -6.477950959756698, -9.803629714260742, 56.50086400421816;
  -5.949358280204525, -4.962752681173342, 52.75610824606866;
  -5.932081446788176, -6.377299008700541, 53.16255465688426;
  -1.832546002200269, 2.632509882635333, 16.91976771688514;
  -5.954425348138416, -5.283792220066686, 53.46270950959951;
  -3.599616621882588, 2.688877683257793, 32.59494928264892;
  -6.947192258976523, -12.93007099929732, 62.99729009206142;
  -6.062583602648087, -9.134993281774106, 56.47363642457358;
  -5.885801388119761, -7.041949691714305, 55.46090796854941;
  -6.739681909590797, -13.3987087168079, 64.01230357165635;
  -1.636536612856822, 2.560172203013144, 16.14157054885421;
