m=[-18.4409456873633, 3.158142928342354, 22.25672082291368;
  -18.4879129079849, 3.10677610012176, 22.68493686769262;
  -37.82426546236896, -6.189817531195738, 47.00458488855435;
  -17.40699322530294, 3.03453043209648, 22.46350070032306;
  -16.78645245102601, 3.046970010477805, 21.73308654636159;
  -44.62383094922809, -6.375260396161496, 56.13208295102621;
  -35.27240291750789, -7.988224951857385, 45.04385636300764;
  -48.44349498635013, -9.512111458703933, 61.70094545572277;
  -79.1648874790135, -10.02567576735173, 103.363916277204;
  -76.42375965467117, -10.13986684724923, 100.2344383667645;
  -79.94970746996935, -13.44338091469968, 104.9273768134407;
  -39.16522668602683, -1.622729262364364, 51.93291430392794;
  -82.46983827271716, -11.11562452380335, 108.8775312792091;
  -34.6635175406242, 0.1715793577938838, 46.37985244142332;
  -34.51144362060327, -0.3771096903817282, 46.18022670029291;
  -52.61287391518646, -9.368970315887621, 70.32178909319084;
  -33.65133787000676, 0.5688124789384861, 45.34582237707519;
  -16.45130072689129, 3.085190081797497, 23.03715926209401;
  -10.73668988998127, 2.841498383791297, 17.98825540153869;
  -30.19532170114099, 2.244734394999847, 49.27214143418214;
  -7.707285410341446, 2.790223620811585, 15.76606979626176;
  -7.482094396954176, 2.768650059554604, 15.92667041927765;
  -6.991565577933175, 2.699366465105424, 16.01869307355609;
  -7.945103757925878, 2.825484366723192, 19.4507159736225;
  -7.79759482821501, 2.87345058024116, 20.02623509009908;
  -15.36684329679739, 0.6252756846907185, 42.34674904923772;
  -14.2283073807403, 0.5984465663835481, 40.18143619582623;
  -10.18308442589183, 2.444344500046834, 32.6969774061514;
  -9.363631308656975, 2.245397518745209, 31.2498041385054;
  -5.845946923141977, 2.70963197558871, 20.13034648225611;
  -9.172799428013084, 2.14941672754519, 31.36827558743238;
  -7.160084166707377, 2.727405784540051, 25.21913230669271;
  -9.575350681380582, -4.47558811131967, 33.89528812419358;
  -9.555731170333404, -6.755346942514406, 34.06244972250601;
  -9.089945588968998, 0.5478408415705844, 32.43059012393078;
  -9.024004227189316, -6.976265999208623, 32.318044270827;
  -9.139236241970089, -6.927602121811095, 33.15284729950225;
  -9.088340068838971, -5.512726724147746, 33.37887555848838;
  -9.010191979343535, -6.421806360238642, 33.15726831387569;
  -9.001154699633531, -5.978852340393265, 33.30366203408698;
  -8.828314832270808, -7.606708321311924, 32.76753141640308;
  -8.810055904808889, -6.52511285279676, 32.71996599493544;
  -9.108495328273341, -5.188375583895553, 33.86976327295863;
  -9.123840348626084, 2.10243879814382, 34.20061389515018;
  -8.736644933041621, -4.562072490283492, 32.88460633025471;
  -9.555216386056065, -8.64769023375821, 35.9016288845109;
  -8.77277871849156, -5.482893946463518, 33.22937352763992;
  -8.760145463498734, -5.100658635198347, 33.56937635632846;
  -8.648476750826037, -4.866329691151458, 33.27398950385656;
  -8.743064548790356, 0.5840087261146851, 33.65896070341017;
  -9.245743556849051, -8.727150792290074, 35.62693349269155;
  -4.140189323800188, 2.745065413068268, 16.39972643140975;
  -8.482116167152492, -5.460400841199177, 33.05790632883343;
  -8.618449264241095, -5.35626701911089, 33.8598811076299;
  -8.78559027081919, -2.236790797128474, 35.26095706587089;
  -8.769591517591689, -5.712949435156876, 35.38406441517076;
  -8.324983650755545, -4.379567910874449, 33.68304272647543;
  -7.912624362978185, 0.5453450459601341, 32.03404695720086;
  -4.684999224141587, 2.739798287664865, 19.57619917079226;
  -8.081626732604681, -4.949654949064682, 33.29677420655262;
  -6.089506046779754, 3.241023750289819, 25.51392072212528;
  -8.403525703631679, -3.670852396347224, 35.2162319639755;
  -7.799250834567525, -5.333376728232409, 33.25176132171052;
  -7.828503491808328, -5.53523076326807, 33.50643584690812;
  -8.040273493516603, -3.462890516143955, 34.59595704914675;
  -7.619215937330079, -5.038371618807623, 33.0198681025099;
  -7.502563977827738, -5.371564245912438, 33.39725497757368;
  -8.24794070451542, -2.45653001671571, 37.88611258704565;
  -7.787015248989172, -8.642544847793955, 36.48683488107865;
  -8.169635959613926, -2.038643559425531, 38.44668388475859;
  -7.439371293889771, -8.610303620491147, 35.21311322054048;
  -5.043229453646365, 2.603251300873962, 24.08386443196214;
  -7.607105052423939, -8.599974047531344, 36.87181897242708;
  -7.712331051592592, -2.867396427582376, 37.73013379974082;
  -8.617086577288472, -9.210242892273509, 42.01688065218993;
  -7.366190781877009, -3.050207019518695, 36.26221434419499;
  -7.572057506426432, -8.614150027465156, 37.37102960693127;
  -5.752752204376644, 3.026418480215941, 28.52235691308312;
  -8.942345715923544, 0.328473149284623, 44.50302671485864;
  -7.25146943698301, -8.242577955661471, 36.39580296414556;
  -9.097672206498723, -2.600596345029407, 45.46833259158979;
  -7.854518836671617, -4.115115831637954, 39.92130272226063;
  -7.311963410585788, -8.062535821643001, 37.24626833062801;
  -7.19347652774863, -8.710987621352931, 37.15396540417338;
  -6.367366536058653, 2.984860839232101, 32.95295644355986;
  -6.974476335394269, -8.131156588647933, 36.40958974538433;
  -6.840001528269522, -8.741230405697854, 35.72948711412781;
  -9.057999442284238, -7.803657916970659, 47.09555507468101;
  -11.24191982174142, -9.381712329873492, 58.74568574472886;
  -6.714034081245736, -7.96523809841435, 35.87466011107666;
  -6.866576380239398, -8.294100094682317, 36.66098918628979;
  -13.96571784951957, -11.12827336683708, 74.34316586448971;
  -6.820074789447053, -8.693005350787027, 36.83286906464411;
  -9.355239424198572, -6.377113843029351, 51.16053527399799;
  -7.255546063444749, -8.338229862961189, 39.92584893518621;
  -4.772758658309095, 2.675971688597197, 26.53489743675024;
  -6.614406653355363, -8.972183853791744, 36.61001414265542;
  -11.55715055601377, -9.416201992317276, 63.36911449079759;
  -6.644580118247794, -8.758611631222873, 37.65233401404485;
  -7.637121042970004, -8.337070309887306, 43.11459826141322;
  -11.91776064396576, -10.71301580047366, 66.8722338768782;
  -10.63011111186666, -8.775124194944368, 59.86718282249694;
  -13.64198834509204, -1.743214280454941, 76.87290482617033;
  -6.872372728356367, -8.457097282512763, 39.28863811288413;
  -4.582502720953665, 2.885663686063434, 26.40164591046519;
  -10.88387282762818, -9.445746303204937, 61.85233724480136;
  -7.1039926436721, -8.358098236506184, 40.67519477720716;
  -6.566700722938501, -8.643474406370739, 37.94305910738639;
  -10.96622494320427, -7.636646405777098, 62.85995544515727;
  -7.424658248137431, -9.431235173023779, 43.09612150772595;
  -5.485166262989353, 2.509939269714502, 32.46919113396994;
  -11.622165253631, -10.27449094704583, 68.25271822437082;
  -10.73322822569785, -10.91651556865131, 63.12871611247721;
  -10.55778395768046, -10.40976606200803, 62.89415264395129;
  -10.69133481625566, -7.436554804935698, 63.74267264954204;
  -10.75684524201029, -7.804877606607767, 64.27287980556422;
  -10.8738597730933, -13.31964646188813, 64.99960061257951;
  -9.966614051602351, -12.93370292099305, 59.72722704384203;
  -9.743290290870997, -8.76650026977514, 59.1016294809648;
  -10.91490149174211, -14.64715916315738, 66.9647879524627;
  -10.23024301810501, -15.01857914681616, 64.55623447942716;
  -10.35953091630785, -12.50065643592201, 65.60368386802833;
  -5.324858822302352, 2.580940891355035, 34.28506353060919;
  -9.920877184119119, -7.719400871909482, 63.67249020495896;
  -10.255993751885, -15.67689876057616, 66.5684593795764;
  -9.734874295125994, -10.48908827186865, 63.1658452471432;
  -9.715679241798522, -8.389286210768979, 63.22019714683398;
  -8.646692262304132, -12.79284205145599, 56.72646358614961;
  -9.122185410123491, -7.113404424604322, 60.24064062281835;
  -9.456582322146065, -9.273809662517069, 62.742505764502;
  -10.24310230395235, -8.377353363459955, 68.01264914344418;
  -10.0197907973743, -14.991683355193, 66.80378766911097;
