m=[-11.36536440201676, 1.255021245264417, 13.615299325708;
  -9.263075909694383, 1.556600952908148, 11.36592828286776;
  -11.45182192391376, 1.250185047307348, 13.920790460192;
  -16.87288504729974, -4.841109924421904, 20.4393072896552;
  -11.23817063114013, 1.32617570748047, 13.95447515405186;
  -17.58564759154088, -5.130463290883942, 21.29902227745063;
  -10.19062889529344, 1.41392878511602, 12.78899873155544;
  -16.3942353307914, -4.418212444341535, 20.02546659997741;
  -17.23297561030545, -4.908509536328611, 21.05335855305897;
  -13.60655351704363, 1.192663772608188, 16.84346873038833;
  -17.08919222700047, -4.877233258767891, 20.9918446800552;
  -17.07931870645935, -5.013255165678364, 20.98130981416378;
  -16.5259832346852, -4.396975454044468, 20.33383542931451;
  -16.86329203553351, -5.203775450559265, 20.76425849058527;
  -16.86305788188173, -5.051627889877565, 20.7945419847159;
  -16.16735039084049, -2.89167971551944, 19.99084946584827;
  -16.44418195869622, -3.17399281063545, 20.34126106921745;
  -8.659620308531514, 1.509616337325958, 11.17512854445567;
  -12.92288314214816, 0.3317460614619608, 16.23106000809977;
  -16.77598993906003, -5.01020707075383, 20.80852769510082;
  -16.7350068030148, -5.163047689495859, 20.77903187814831;
  -12.98913551095415, 1.27140784675068, 16.44095556154452;
  -11.30492762649349, 1.361183022331038, 14.65156603479831;
  -20.18743929763309, -1.315186062328429, 25.49957679883061;
  -11.04167225655202, 1.381684726137397, 14.56783414952917;
  -24.61185402641732, -4.832655009111087, 31.34733906536003;
  -12.58327665099567, 1.258562285937602, 16.56283824141334;
  -12.27633309278047, 0.7532363989118692, 16.36958752791187;
  -17.28831405970165, 0.3094777640584686, 22.91418350110299;
  -18.33644512516939, 0.5306751455172394, 24.27135213898707;
  -17.46699564535132, 0.08645908171049326, 23.37087341689876;
  -36.9883450209901, -4.90759542722954, 48.51247839739643;
  -16.97178429886604, 0.2868760444633499, 22.86980444020778;
  -11.61640484018395, 1.286040392620253, 16.02996045666199;
  -11.50864443109923, 0.3504057529638416, 16.23709620498504;
  -11.46478622061609, 0.4249504349649984, 16.27963648120297;
  -11.40774582142804, 0.9097867827995315, 16.35977833301628;
  -8.56321631034, 1.265046797067795, 12.56931945186817;
  -11.2480401688833, 0.5326903400640183, 16.23235592738665;
  -11.41882302476985, 1.410210357815308, 16.50507174687578;
  -11.24359722772784, 1.260644965396035, 16.33549170155525;
  -11.27339020611667, 0.8155683189377834, 16.41054104020538;
  -11.16726350055418, 0.8698218238903281, 16.45141841324589;
  -11.32582121432643, 1.029323337128006, 16.68952453232716;
  -11.05718485647121, 1.241182185170819, 16.41243440701258;
  -11.07472941118011, 1.13022396285732, 16.50984134533579;
  -10.97828243827382, 0.575251985902178, 16.38462808699616;
  -10.98337444974625, 1.183218955285597, 16.40200259850433;
  -8.274566891073945, 1.272831437253183, 12.63992201861703;
  -10.82676580974682, 1.12092177381158, 16.37322777800674;
  -10.93889367742392, 1.186686972020718, 16.5339502091649;
  -7.547060774615747, 1.40721814488224, 11.72310550755631;
  -14.14071492008586, -0.2029630981283766, 21.18307079905725;
  -10.72779726049048, 1.231462522249721, 16.32210824927482;
  -10.56399082419178, 1.005742534521513, 16.27053859194925;
  -10.57013657219056, 1.230394586767208, 16.29053283795381;
  -10.53904964666051, 1.24370185725802, 16.4448940660002;
  -10.69201579413138, 1.008358155042198, 16.72017481852276;
  -10.39759601847783, 0.5641057622530963, 16.32191686960242;
  -10.33678936490238, 0.7441189354338766, 16.24561305104478;
  -13.74027003446682, 0.2746150065225809, 21.30355711929448;
  -13.78381354948699, -0.9354345327285558, 21.43801598650907;
  -13.36017506893743, -0.8146918186133494, 20.82295044315215;
  -10.443429507734, 1.208909789114837, 16.55273696655878;
  -10.30333497727224, 0.8235284799114999, 16.34287778086066;
  -10.35757893005203, 0.8562593553270774, 16.58619008029188;
  -13.51016715937693, -0.5289527951450058, 21.3530218569223;
  -10.40392603176807, 1.096340063318868, 16.70699871949758;
  -13.25922082031731, -1.445939454422525, 21.08687818118295;
  -13.67612601321598, -0.1922006814097061, 21.82573724397093;
  -13.25535746370906, 0.453173994190205, 21.22467660150679;
  -13.02865230397259, 0.5706106460486807, 20.94642112114653;
  -8.519752753788458, 1.286973468475966, 14.04317889311434;
  -13.10847272860736, -1.311755923416869, 21.15198591767037;
  -13.0457403190226, -1.409545212576521, 21.1164986950548;
  -8.581320543615288, 1.341080600508453, 14.23572343990426;
  -13.16432699732073, 0.2337670322445992, 21.46153463936395;
  -13.06962746891575, 0.5160320451164175, 21.32644303737773;
  -12.99941008783394, -0.1749646178098204, 21.22849596169409;
  -6.717545587161897, 1.428232300294996, 11.44004853659978;
  -13.05493092291719, 1.496246462504549, 21.39966243960481;
  -12.91762756310417, -1.442047501673942, 21.18941969293627;
  -6.667218692878209, 1.462003231188439, 11.38348339132537;
  -12.75438653029663, 1.045962186245274, 21.01129193671892;
  -12.91804435095829, 0.7361453944613738, 21.2952893758504;
  -9.872382022597295, 1.182478362038943, 16.5167153477377;
  -12.94123532478449, 1.37918533018487, 21.36712286424963;
  -13.02390039593318, 0.5757672595622675, 21.50668546203636;
  -12.85037062691382, -0.905531130425696, 21.27152685633645;
  -12.67461920931478, 0.9277047733062296, 20.99608486750291;
  -12.01930960423514, 1.045010196144782, 19.96697858409558;
  -12.56447547111598, 1.261861552550678, 20.92516500088325;
  -13.0442784874236, 0.791587062485592, 21.78787899965208;
  -13.19590873502152, 1.431300722898222, 22.09644583049869;
  -11.55798521515756, 1.105237598391206, 19.48474471302761;
  -11.61529090390883, 0.9442900289815822, 19.70347979145566;
  -9.861545681100393, 0.6172305095454416, 16.94555281031526;
  -7.230364304589213, 1.218015884703195, 12.79674757569497;
  -6.501684531177923, 1.358663451644383, 11.63931521654248;
  -6.346737383683918, 1.384052140984943, 11.44384514186518;
  -6.338341368324846, 1.448675869682074, 11.44290669414707;
  -7.233677650600489, 1.197780437914729, 13.16998649733396;
  -7.527092711218644, 1.226797709362978, 14.02434527466595;
  -6.084988566619728, 1.372488273346277, 11.68875499276833;
  -6.277199053098324, 1.261515462467361, 12.11790309490634;
  -7.510426176151269, 1.24371348650683, 14.40628484066779;
  -6.401672970295255, 1.312193124909, 12.71997306845341;
  -10.68834414146601, -0.2033871800849106, 20.63531923910352;
  -6.743128502889323, -1.40940702778012, 13.39440186020645;
  -6.844713991714844, 1.131853302443277, 13.62299617646195;
  -10.5411300097916, -0.2774831659685315, 20.49594001153773;
  -10.74450045997861, -0.1197450319790599, 20.91105945237474;
  -6.663879108080614, 1.203823276007855, 13.35765312540675;
  -6.287738485966126, 1.315880521114686, 12.71125396033906;
  -6.861100664177253, -1.338952972447058, 13.83735126900532;
  -3.807022786330936, 1.408738423347298, 8.103773352720005;
  -6.545116346078258, 1.283443877585474, 13.308184216198;
  -7.660078220295398, 1.08478323894201, 15.46284036702489;
  -3.80410573779269, 1.392261801732195, 8.163258940622328;
  -6.652930465788403, -1.414862027772824, 13.61245131730309;
  -6.542710331912845, -1.439930052383773, 13.50659666952466;
  -6.40225919533298, 1.114796147238429, 13.31167656310316;
  -8.735560414273579, -0.4161973018403535, 17.87596554599098;
  -5.951404485106653, -2.670840916907445, 12.509574033749;
  -8.346009845527462, -0.4553823750057519, 17.23385494190645;
  -6.113504287965584, -2.157755884587431, 12.91239721693551;
  -6.634503682685243, -1.501016154336167, 13.94424945934385;
  -6.113355966332767, 1.321770330683106, 12.92568581163506;
  -6.273946736259326, 1.241914399148644, 13.2500100615926;
  -9.39154925660746, 0.1502711584796242, 19.39725657734424;
  -5.800999099567251, 1.357898641551762, 12.32954000465947;
  -8.61615588573809, -0.4229730073864405, 17.90169160840939;
