m=[-9.401151755846792, 1.687685192855592, 11.22028589368897;
  -9.271126590487206, 1.633219315690755, 11.26001027535384;
  -11.50067392553484, 1.330518150352474, 13.94952899439289;
  -8.876752058746932, 1.548808074219457, 11.32421208585306;
  -8.757090465271853, 1.60545111709631, 11.18672225355508;
  -17.23758832722102, -5.10449840064046, 21.12160750902243;
  -13.8408144372935, 1.295990436298419, 17.19148572216431;
  -16.74921496188466, -4.52713482499672, 20.63447371006251;
  -17.60554865278082, -5.051928994120897, 21.72047587611604;
  -8.854561933787176, 1.634284094570207, 11.40903304970901;
  -16.82848432201849, -4.499547304453185, 20.8925346515103;
  -17.33734592561785, -4.979025620110876, 21.51600296022086;
  -17.27072805468019, -5.370264291907635, 21.46477574979469;
  -16.67446407073824, -5.125203281671536, 20.78529470708427;
  -16.97672896954012, -5.121727169891869, 21.14621553778854;
  -16.71051726976355, -2.974660494911062, 20.83468885481146;
  -16.95606120098468, -3.271024661707747, 21.15863127049986;
  -13.09266430146707, 0.4604189788557901, 16.56331792958149;
  -13.07640303498268, 1.089843710857022, 16.57157246325143;
  -12.83720988428083, 1.340131145535782, 16.30510458316105;
  -12.70611676374282, 1.333245762895126, 16.15290439099884;
  -13.14034189863053, 1.125866750199876, 16.67847937261365;
  -16.59547471040376, -1.49356627186442, 20.96714367994093;
  -17.87724338883593, -1.924829233850067, 22.55687161421367;
  -13.0140325435406, 1.453625125929259, 16.72424630231587;
  -19.06415553958774, -1.502547952599865, 24.24517605517131;
  -11.17717596200682, 1.479565365894485, 14.73738974299875;
  -12.28014684563919, 1.310901554439484, 16.24165763455074;
  -23.71549235670706, -4.995467182673368, 30.72368234774942;
  -12.3390712749305, 0.8305186150482922, 16.51776389045554;
  -18.13972764995144, 0.1160335763940393, 23.86752906242167;
  -18.65405656643228, 0.6327252343868052, 24.79570905206447;
  -9.37630651368832, 1.366526826993328, 12.99571891215287;
  -12.20577234579126, 1.311397018253492, 16.65192065831678;
  -18.11469351390592, 0.4026326603241634, 24.29171761308162;
  -23.99884012188184, -5.140798030579881, 31.88862867843141;
  -12.00349719784329, 1.289142133422996, 16.43334806549447;
  -17.67135458697966, -0.1369787103840599, 23.95689487580326;
  -17.76208941985429, 0.158357199803953, 24.07941891140948;
  -11.89710107250405, 1.402338332620178, 16.46219908498007;
  -17.66255067984712, 0.3824325145771663, 24.10500851955522;
  -16.81910677825409, -0.3355870333645426, 23.01525527902669;
  -11.41784236817199, 0.4895275661795962, 16.28026873037759;
  -11.64002527438989, 0.7616227663389313, 16.63941589883822;
  -11.37094653429053, 0.604598454918909, 16.48500650850929;
  -11.2808940055372, 1.479123322402203, 16.39898662043326;
  -11.35326395219213, 1.360024726927232, 16.57497411494313;
  -7.939041475166432, -1.931114430704641, 11.87063213612823;
  -8.107111339272858, -1.72425563387472, 12.11389343304737;
  -11.35873868446102, 0.8926622082937747, 16.61863199973017;
  -7.332196413968912, 1.585377068599392, 11.05470509916833;
  -11.23025311956684, 0.9514153156563822, 16.63370416472445;
  -11.34757906480532, 1.096685208280711, 16.81782206962025;
  -8.218484147599257, 1.344461507631607, 12.51614069353284;
  -7.283880064554359, 1.606574926034323, 11.20780783987092;
  -11.09821515878269, 1.212250358504824, 16.6393851941628;
  -8.041377598466978, -1.508073087199228, 12.33900107378397;
  -11.34389135039585, 1.354982597134831, 17.04705773438487;
  -7.519032473295237, 1.480403619315301, 11.60901785125812;
  -7.654017462571654, -2.821262921034494, 11.86266351536696;
  -7.502585371153059, -1.917674681090901, 11.66189750933568;
  -10.81108989958163, 1.249308891864212, 16.44063070716195;
  -10.76711869049522, 1.094131830759128, 16.48668503355451;
  -10.74558286570148, 1.247163528292147, 16.54709831928839;
  -10.90439529275543, 1.2445196078501, 16.79289592657774;
  -8.034604833372175, -1.642632857302117, 12.60765549054474;
  -10.65452517593705, 1.32474918860078, 16.51347629901698;
  -7.514537924937395, -1.488093561632772, 11.96046470544357;
  -10.5542963324283, 1.190356769221489, 16.45171692140023;
  -10.61466851169076, 1.24984656888439, 16.55903840563885;
  -10.59455122694996, 1.332994603224821, 16.63121583622802;
  -10.79920316344608, 1.09642508133133, 17.00250427583666;
  -10.53203079075579, 1.274204315990828, 16.62629072604359;
  -10.45898552892079, 0.6363910810988219, 16.52153604960397;
  -10.40501153337516, 0.8229516199423336, 16.44760484273567;
  -13.89142787835294, 0.3500633022687245, 21.80727088671405;
  -10.39442719561352, 0.9222270790719995, 16.58755071249431;
  -10.32059421978534, 1.241676840597738, 16.4728407684747;
  -10.35982647352079, 1.039796441629953, 16.7502413562376;
  -13.57117953826406, -0.4742495174677779, 21.72851384045668;
  -13.50566449312357, 0.6422584925672334, 21.75378617049019;
  -13.84285608858844, -0.1318434750087197, 22.39546808226247;
  -13.32118329170352, 0.5402596281353493, 21.62793503123149;
  -10.16694460549586, 1.250116069676893, 16.7731596970485;
  -13.29574878752804, 0.6865267787619915, 21.66596264792761;
  -13.23924659643682, -1.294601789162403, 21.66062823717866;
  -13.26302770965546, -1.408564909163599, 21.75789883389604;
  -10.1599459430206, 1.304444682174784, 16.87849153112608;
  -13.28841978312121, -1.521997720569791, 21.86965741899828;
  -7.330995250114131, -1.244349516638022, 12.48671087996673;
  -6.528163021422414, 1.566879917205654, 11.21615550869367;
  -12.82452554295368, 0.2931644650638194, 21.20072679041495;
  -13.14770061570779, -0.1169233329142673, 21.76911212993699;
  -13.42983172055091, 0.9360811290544053, 22.2329116079675;
  -13.16738937906558, 1.064160495125367, 21.85879691073481;
  -9.896970899653434, 1.271561670186163, 16.68741779774674;
  -13.42508578212094, 1.547621404680535, 22.32140148311263;
  -6.593991495538904, -2.592796217100954, 11.45700431062476;
  -8.503709887015043, 1.415891675373788, 14.50393095850611;
  -7.345356915211661, -1.039708743023935, 12.67260161189755;
  -7.66520302315971, -1.817479609299717, 13.21627349610353;
  -12.97637045379576, 0.6608724335546292, 21.74401972531168;
  -12.97921618266964, 0.5041595698147855, 21.77688184646413;
  -7.358578329376686, 1.134579892124554, 12.79121148741892;
  -13.37887191758103, 0.8734339339133153, 22.51779643838877;
  -12.18377686092535, 1.037128411754434, 20.62955157017567;
  -7.239307450758409, -0.9887043202723139, 12.66894226281752;
  -7.174263977324415, -0.7636490548317625, 12.57959434510313;
  -7.284414814766634, -0.8752383730772092, 12.76830786946622;
  -6.611331736502004, -2.483600674178355, 11.69890471871348;
  -6.454170955137864, 1.429048251470376, 11.51354472644087;
  -7.192794590928539, 1.290574979644396, 12.73054897289705;
  -7.152034164222448, 1.172547274007605, 12.66525209721692;
  -7.118198040684594, -1.048035273007439, 12.63147351364497;
  -6.412258174493883, 1.480401496513595, 11.51149313952517;
  -6.709004317684117, -2.436001634428241, 12.04007748123119;
  -7.041036536702885, -0.9561452072141957, 12.68976431204326;
  -6.583440998805027, 1.439415089142238, 11.97259183513767;
  -7.18243711509197, 1.270809923310608, 13.09542469147948;
  -7.10457586973263, 1.383182065947594, 12.97602302587591;
  -6.55574892505721, -1.678625665859643, 12.08661318626615;
  -6.998748105486403, -1.111396338912351, 12.89393296345598;
  -6.47321701484105, -1.673252357994089, 12.04921928555731;
  -6.922979349268166, 1.310779743663073, 12.88657406936278;
  -6.895843614136201, -1.053920368492211, 12.92947826471996;
  -7.49453406605931, 1.30323881599029, 14.027014161325;
  -5.932469712922334, 1.420097061615744, 11.37760563997296;
  -6.23713847037145, 1.332350497473572, 12.03710355378462;
  -6.779412538376255, -1.419709145250926, 13.02895683208851;
  -6.204732594763365, 1.403553032739853, 12.04111766206667;
  -6.884325130683957, -1.220334675759454, 13.30120271902377;
  -6.065139541484782, 1.438599792396973, 11.83124565756785;
