m=[-33.5124293096574, -9.923902263206038, 41.0635388846508;
  -32.16377307636121, -8.693526086365448, 39.62469473768773;
  -34.03760029012432, -9.767121899311912, 41.99317445672163;
  -27.4079084061184, 2.566350942294572, 34.04298700577832;
  -32.91387186950053, -9.452370160829542, 40.8467920992507;
  -32.5426680301749, -8.701156409154566, 40.40166698693368;
  -33.48861203942678, -10.41315090200533, 41.62103330689502;
  -32.47402421200681, -9.797122426869212, 40.44964825665482;
  -32.21081876518861, -5.733888936096487, 40.16047952900521;
  -32.81426050822072, -6.3302587850921, 40.94729490993154;
  -33.18744016381562, -9.019222931837733, 41.501745662217;
  -32.45187362891629, -3.086160536745905, 40.64765549184385;
  -33.98874121845493, -10.23005501816336, 42.54002676995027;
  -33.3283377407838, -10.35593947411175, 41.7684270394833;
  -34.96732667181864, -10.5069101205317, 43.82475461824492;
  -25.08052277174537, 0.8819861578855617, 31.7289638642899;
  -25.43579791934311, 2.179343533304573, 32.28458088810808;
  -30.81106794674582, -2.772947004434493, 38.92748474178024;
  -36.61233448489223, -5.985849953367846, 46.07982226347696;
  -24.91247236892023, 2.614051865467107, 31.67047744019249;
  -37.83575675231907, -2.982038135663097, 48.1182909851799;
  -37.79157538621821, -1.009903672127375, 48.54224801974623;
  -50.21494977496798, -8.98378991565432, 64.57419360566972;
  -43.26505293264979, -9.113416193552226, 56.05035404990711;
  -48.75470447324889, -9.589474843346897, 63.2161274914872;
  -24.13659994758395, 2.576573943935183, 31.92294015197252;
  -34.96218421413284, 0.2236410243416151, 46.00184544770657;
  -75.19425469420123, -13.32887145857305, 98.25722981305964;
  -24.0637175934928, 1.619681494932725, 32.21302452020677;
  -77.86846881659132, -13.74417397895554, 102.5989605950964;
  -36.99329333831253, -3.491242611660646, 49.37561383637509;
  -35.34953566943108, 0.7857089923647306, 47.40355875059027;
  -82.0222746993315, -13.84365704622648, 108.9183823722288;
  -34.86274648145812, -1.305589457530023, 46.94054473574587;
  -86.2437716294515, -10.7942630081044, 115.402980086451;
  -34.17455116808747, 0.3046818479297823, 46.32919665216543;
  -51.46304057681508, -8.612952696824383, 69.22741302121165;
  -68.64087501041597, -9.028606037436546, 92.2399634424517;
  -33.25400722280691, 0.7200213509646602, 45.38348633471832;
  -23.4788194708787, 2.76750179291805, 32.48799838333728;
  -22.68133651966251, 0.9724376205369186, 32.34045818792922;
  -22.53730225273855, 1.957685175224894, 32.46781659234842;
  -21.99053340983586, 1.169246771351472, 31.8807308866969;
  -21.89519056139786, 2.87084401217738, 31.82894342345181;
  -22.04614827755499, 2.640941575676984, 32.1858399992644;
  -22.00078302091977, 1.729000736896373, 32.18868986138021;
  -21.74520970866753, 1.842231456291889, 32.20794593344134;
  -22.04288100637873, 2.130331184257944, 32.66892863666944;
  -20.73659794860388, 2.271309206439958, 30.81193387934333;
  -21.52662696135597, 2.351338560115436, 32.27454440343905;
  -21.56571783079412, 2.459039355798632, 32.37476087915318;
  -27.74751354527738, -0.2859760371150766, 42.07532187111387;
  -21.04957800741995, 2.582620097938448, 32.20013230955324;
  -20.86400184252177, 2.421536595773544, 32.12842840977749;
  -21.06019422872221, 2.403601846696567, 32.43294473297458;
  -20.07731449008252, 2.051487508437634, 31.11968080745645;
  -20.65701330951526, 2.568426200962927, 32.01635868912927;
  -20.54252741661453, 2.316870381225982, 32.02106850741499;
  -20.55938338580309, 2.420808031341124, 32.07293932041399;
  -20.64476490863522, 2.597501264428583, 32.40793628051993;
  -20.77893613779598, 2.109650721451142, 32.7148165640654;
  -20.33796071352563, 2.460562244308306, 32.10632918911779;
  -20.10280791992733, 1.223182461617248, 31.75539968278493;
  -20.24619848822449, 1.601309310433191, 32.00395033045104;
  -27.46933872728797, 0.6922259907491041, 43.12237128901244;
  -27.00735214220092, -2.175067748336178, 42.52349493128557;
  -28.04862529459415, -4.76992265394631, 44.14196543534507;
  -27.39636209664926, -1.603234314390624, 43.18821835160188;
  -20.02633595048884, 1.026755068842062, 31.90145109264724;
  -20.34432608865485, 1.805014174551735, 32.46571786557837;
  -26.47814608442161, -4.390400534509882, 42.07331532925901;
  -10.49123247924129, 2.929408007775463, 17.27181470824837;
  -10.50204973288855, 2.93835842547482, 17.29288046438023;
  -19.65906193037429, 1.246666787183506, 31.6838833670659;
  -26.2706789770942, -0.9180378752863719, 42.0614000531454;
  -20.32372170201935, 2.03985400339001, 32.86032296351137;
  -19.86292438797871, 2.247047731859233, 32.14255749988259;
  -25.94689280098199, 1.233897988925099, 41.79306823952133;
  -26.50233870179649, -2.842036944029316, 42.67805802316437;
  -27.06517859016474, -0.2577768037334837, 43.7870147155865;
  -25.36770704739706, 1.028823616938657, 41.18636519731088;
  -22.18630386099979, 1.933066626983316, 36.19046537049255;
  -19.40168726552746, 2.216458060747863, 31.80168713820846;
  -25.12031685735437, 1.297089053738537, 40.93457656526125;
  -24.98754683217372, -2.443411156373334, 40.88193074645772;
  -19.43408596318582, 2.389593344388622, 32.06184749452424;
  -25.37618008908862, -2.695010338859858, 41.6294356956795;
  -25.2222606163364, -2.888847868460738, 41.50999200917839;
  -20.05920362911881, 2.575419362407144, 33.32390747686961;
  -23.51489870114139, 1.639026711859756, 38.92860872506451;
  -25.67126605773798, 0.5868367571276568, 42.43817802313853;
  -25.22033264486196, -0.224286012910936, 41.75819524247315;
  -18.88335734352724, 2.315249723226507, 31.62929079830024;
  -24.80041741826775, -2.723712034829942, 41.25470558954342;
  -26.74223289599899, -2.510517475764608, 44.63408005479504;
  -19.05480725656744, 2.448159420281285, 32.12857074855216;
  -25.02538979729521, 1.274515883688718, 41.93411180141123;
  -25.00829890462218, 0.9714125290854477, 41.95960393619072;
  -25.24910042786856, -1.706855934239516, 42.37504257257881;
  -24.35941433408101, 1.941360851649035, 40.92184888395824;
  -18.99259319758951, 2.318533148814442, 32.2495226151938;
  -16.87898635586481, 2.810398824460091, 28.78880582801292;
  -22.91080371007936, 1.422355101693814, 38.77117736225796;
  -23.85194177126566, 1.224973624081476, 40.49824048519152;
  -22.6151116748335, 2.363946797331823, 38.59924423542582;
  -18.34950604698533, 1.229463390183954, 31.84785583579116;
  -22.60159972512865, -1.830101742649362, 41.58083897444053;
  -22.28184776359016, -2.054045254785712, 41.0134427787214;
  -14.54953347064872, 2.530046111788436, 27.23138092836398;
  -22.42651188213846, -2.078620017566631, 41.68272152724674;
  -13.73191383550908, 2.761583081521891, 26.63868842451809;
  -7.563789446928126, 2.893500460280213, 15.15147857585648;
  -18.86190262770762, -2.627507689855088, 36.41336031430142;
  -22.22636899803949, -0.2757985719476243, 43.56164609749167;
  -13.20252387257106, 2.334680666291596, 26.41009645120169;
  -20.24151576576706, -0.4400632571911003, 40.02177016067272;
  -20.9275441505736, -0.1369876989458115, 41.4256576994104;
  -20.91382816766479, -2.709868324796179, 41.41618066254485;
  -12.70735866144742, 2.455510001728674, 25.60018040404319;
  -12.91550437224769, 2.387628253502066, 26.29021721818033;
  -7.454372371635969, 2.919112130987164, 15.56676658081671;
  -12.61358642073872, 2.641642032031156, 25.77339925793353;
  -15.4144330896534, 2.316450401218389, 31.37121706110225;
  -20.81430070847704, 0.7814139343128257, 42.1884200074571;
  -19.34478823551256, -0.1367580597207971, 39.70176140058794;
  -19.20873158989678, -1.950277879580916, 39.50685774541519;
  -15.21373925883937, -2.756487527600751, 31.55799150676582;
  -16.75945820360262, -0.7232614567571647, 34.79578907348944;
  -15.7181715958654, -0.7898278117190692, 32.91947144777662;
  -12.12426080632717, 2.797369540317928, 25.73252949496718;
  -12.06688672531637, 2.552293299981877, 25.63110704359441;
  -18.15011317029225, 0.4315562739696283, 38.12884608773677;
