m=[-9.791770697786173, 1.587487291502355, 11.64276993452669;
  -9.838141664535392, 1.538703260707694, 11.70356030616163;
  -10.93511207676096, 1.446742247104839, 13.0545821057981;
  -9.08597954282129, 1.681114896005008, 11.0188325064065;
  -13.53704626230157, 0.981605446118913, 16.21020632363614;
  -16.62618013790566, -4.994076312329745, 20.05816772873667;
  -8.703279057249272, 1.677571448556902, 11.09486443761115;
  -16.72105184371462, -4.883389429431092, 20.83141686670935;
  -15.74031291343436, -4.739433781934658, 19.67001121127981;
  -16.24008729837172, -4.443009045690102, 20.3824713785889;
  -16.98633921224705, -4.946812039897409, 21.38198538957614;
  -16.16130966949131, -4.383615826061325, 20.45458305432426;
  -9.185442930523459, 1.407431941526153, 12.02649838404319;
  -12.58397242477456, 1.155972053754752, 16.18607492339799;
  -16.09286554268126, -2.882473537219629, 20.45095835749795;
  -16.11240065865764, -3.138699954950387, 20.5040955413813;
  -15.34159042662085, -1.451345477464483, 19.59386496030732;
  -15.29895417737101, -3.902983064352803, 19.52924089863365;
  -10.74423771098781, 1.452940975015072, 14.06276807743491;
  -16.20247574771383, -1.429823646812217, 20.85144642980897;
  -10.45813743289324, 1.467789210039904, 13.93437406783374;
  -11.99097581958813, 1.366014089040992, 16.07459389422225;
  -11.82448757985376, 0.8655978441610145, 16.05089754885302;
  -23.97022569910073, -4.310413054425426, 31.71496359625298;
  -22.57217166642494, -4.811604289144902, 30.02470469581075;
  -17.49849826601954, 0.1685999562668049, 23.5537914635011;
  -9.04364080440565, 1.398427479698392, 12.61635519804738;
  -17.16568634321531, 0.4692831730235538, 23.57100304237294;
  -11.36000054533428, 1.426852131896414, 15.9514360818671;
  -16.85058706078331, 0.2162774068634177, 23.38232153699373;
  -11.35220275137379, 0.4644665340568369, 16.32044621189649;
  -10.91777364623673, 0.5250904570847245, 15.80300927451179;
  -8.132760559780792, 1.340568266881768, 12.08145468295698;
  -10.97661418328607, 0.8890494222584032, 16.07910459276289;
  -7.138160350259578, 1.629861529317012, 10.77032855295697;
  -11.28237695787641, 1.06609680474514, 16.50658955502044;
  -10.85316622507692, 0.6434375592410738, 15.97093867127632;
  -10.55982992104399, 1.472633433458188, 15.58067035262091;
  -8.310034848452862, -1.604568009968965, 12.45862712486385;
  -10.8582340099871, 1.388955585921346, 16.09677852516545;
  -7.781136101853241, -1.678097297700882, 11.80102067210315;
  -10.90311723982375, 0.9357289946302388, 16.19989152127134;
  -7.019531734014273, 1.638059390748988, 10.82183856099948;
  -7.791026236761234, -1.702279068264241, 11.93685040039723;
  -7.992147199552054, 1.385419398302303, 12.2499916914277;
  -10.77676957115372, 0.9832060863008691, 16.21224807977494;
  -10.84261823992627, 1.121886705364419, 16.32824656758502;
  -10.65584628776769, 1.272012456999272, 16.06820956746126;
  -7.21595304150244, 1.50526364369398, 11.18169470053612;
  -10.55487584495872, 1.350079710063339, 16.0005874144888;
  -10.62099622682363, 1.242853262700606, 16.17870502672741;
  -10.6093452494355, 1.308822854048053, 16.18402403887675;
  -10.50676202413979, 1.133586523956066, 16.12756039223482;
  -7.519457826166364, -1.512570416124458, 11.86007277963918;
  -5.133292495042927, 1.520063689357726, 8.38226776359995;
  -10.41085471397179, 1.300042971698531, 16.09034495012213;
  -7.639527689813747, 1.359946183170717, 12.08518547155394;
  -7.713617364881644, -1.597773247186213, 12.1944773205062;
  -10.39220102653175, 1.362344704193746, 16.15697017552196;
  -10.28211220153491, 0.6759100032351721, 16.0815040433052;
  -7.153184730903856, -2.042707665696866, 11.45826810492451;
  -10.25900237825108, 1.283663887990983, 16.05945039202061;
  -13.85998886900892, -0.09321973423966286, 21.50849998451675;
  -10.19089472029663, 1.355700164647469, 16.05488818729295;
  -10.12156955915005, 0.67289758847393, 16.03924364578031;
  -10.14640291476025, 1.279438261206536, 16.09184599834251;
  -7.359588491841955, -1.464921639085417, 11.95187877667933;
  -6.576077077128478, -2.345771825720588, 10.83534161701602;
  -10.24905564725903, 1.118983205555674, 16.41758085868341;
  -10.06218832701996, 1.305060042586595, 16.15388729153947;
  -9.979749826633896, 0.6726660799662035, 16.02678421080532;
  -9.935956044267881, 0.8546537254407137, 15.97100689288696;
  -6.863800730631491, -2.187095629285281, 11.35734099346346;
  -9.714693286249775, 0.5629018165273956, 15.73855652806458;
  -9.817806416099671, 0.9381217329667573, 15.94123121252753;
  -9.989598575577851, 1.320335010732174, 16.2171819912271;
  -13.07321204229577, 0.3969957543135608, 21.02969834024129;
  -9.781908236867379, 0.6758621992695957, 16.03252219917752;
  -9.60579936067013, 0.9270238016209387, 15.76272774922198;
  -9.628735191040358, 1.166039282228548, 15.85388840272881;
  -6.331496909145983, 1.510367763256385, 10.77432296832669;
  -8.137006911373213, 1.395580434871302, 13.60965856103466;
  -7.491631941869671, -1.593742991205604, 12.61276817788724;
  -6.348110701612654, 1.559767245023594, 10.82655346148165;
  -8.120136534306239, 1.431585296954854, 13.68399897139827;
  -9.739351149343092, 1.190304540721807, 16.24262374783056;
  -12.35510512450643, 0.6732272546591764, 20.39150388873608;
  -9.682435341914536, 1.280408536659796, 16.26103702633461;
  -12.59892990932814, -0.06923590887848147, 20.9075713766955;
  -12.79788598715847, 0.5915304028516804, 21.2849523885341;
  -12.85555689097996, 0.8927935059482574, 21.41273412460317;
  -12.84836059056053, 1.463269880179609, 21.56766304800092;
  -7.84873650157795, 1.395993528764252, 13.59217439849881;
  -7.255361099711257, 1.200595834510839, 12.7359816963931;
  -11.99783953876537, 1.155144150375364, 20.54207279679704;
  -6.929729899560371, -0.9427833456410464, 12.24934573464257;
  -6.818338397755344, -1.038250902264498, 12.09043176906035;
  -7.07717940002394, -0.8484918849093355, 12.52889279827139;
  -6.705241505587335, -1.081408524975871, 11.95878751265683;
  -6.184462613862587, 1.457467876718678, 11.10682700974794;
  -6.869142450473023, 1.318372594584589, 12.28909180466462;
  -6.857519466549235, 1.206085283495664, 12.27291336041709;
  -6.146007134992422, 1.509861268871625, 11.10436642694577;
  -6.872668469919762, 1.130994866299814, 12.32241091304289;
  -6.064987527546624, 1.563673051637534, 10.97506037937497;
  -6.277366211782748, 0.5402233568575454, 11.29042445206943;
  -7.016864628311471, -1.533050255046804, 12.62440167781796;
  -6.121346804582723, -2.132026272611499, 11.14666467171472;
  -6.364647176424204, -1.62534531896155, 11.63422580736017;
  -6.833956391831308, 1.291570082914721, 12.62320212207544;
  -6.733058169288137, 1.402659890796795, 12.44533319139365;
  -6.366565834080738, -2.1225780380752, 11.84011727526637;
  -6.686679280135294, -0.9878399139577074, 12.51063200896857;
  -3.705593704326836, 1.508063119277933, 7.344452605801364;
  -6.503916438062148, -0.9229028151774255, 12.26689700208394;
  -6.237817277692989, 1.374953969707855, 11.80183474747419;
  -6.759920396450499, 1.36870281803851, 12.74149066435165;
  -6.607605017641583, -1.015620463685339, 12.55438107341293;
  -7.087911265842248, 1.320645746061866, 13.47870348138088;
  -5.645977517097194, 1.443416508017149, 10.9273282598185;
  -11.21012723430488, -0.5421561198824091, 21.05366787397711;
  -5.951011909774612, 1.359920278049143, 11.61296227409607;
  -10.98347767662317, -0.8729840915692556, 20.77271453401623;
  -11.24435777671936, -0.7105529256382503, 21.24756861207509;
  -5.851918733279258, 1.414160260118451, 11.49940217685077;
  -6.483405016417138, -1.16845472940397, 12.71257127909143;
  -10.82809609653838, -0.9923261217545797, 20.69673108086154;
  -6.464176579166759, -1.090775795841292, 12.70769419410878;
  -6.865207704166457, 1.307121317875972, 13.49101499116254;
  -5.970124424681304, 1.397892874815575, 12.06344044689187;
  -6.16820637657912, -2.628974493331189, 12.48050819570499;
  -6.248054171358623, -2.1029902041888, 12.64997958730753;
