m=[-22.13104976465664, -2.002657179141801, 28.53562442881648;
  -20.4004928648552, -2.357412605844934, 26.63024752367588;
  -21.84669011590651, -2.23200559114403, 28.44469421764726;
  -21.27944527130313, -2.12295190294979, 27.86906660490889;
  -21.33711780890489, -2.620850860252158, 28.00441249743726;
  -21.91000503655551, -0.8768881339409943, 28.74052791915786;
  -20.58830847818595, -0.9211844699769098, 27.07534155500542;
  -22.37622930326867, -3.24333192544342, 29.36902913517917;
  -22.21622666172473, -2.134166999861541, 29.18598672522089;
  -21.65265529300272, -1.723267442461409, 28.51198267884264;
  -21.84797282333406, -0.6224963828590153, 28.81405206332124;
  -20.53596146452891, -2.351267723513732, 27.15853018362367;
  -22.21683707210757, -1.087123391832796, 29.35384441540297;
  -21.89031536713618, -1.432669723101898, 28.94434842876161;
  -20.76815308047511, 0.008853710813718201, 27.54270402483595;
  -22.0294291186367, -3.091769253751006, 29.14354925785393;
  -21.34631725864957, -1.026841399900204, 28.35031315139635;
  -21.10208571576084, -0.7269581335121192, 28.04612718329608;
  -21.79766229778299, -1.276709143030435, 28.94172294832156;
  -21.15348365328932, -0.7811199344859398, 28.28885360726678;
  -21.33266039596876, -0.9343819526662867, 28.57919503891523;
  -21.27813442654527, -0.4441649052755716, 28.56335699280815;
  -21.50290389072031, -0.6894127094965656, 28.94992000851396;
  -21.33199334482626, -0.4082854462329709, 28.8225717377838;
  -21.19166127102329, -0.2273965341517004, 28.7124306725407;
  -21.1285912090053, -0.6047868934895476, 28.63813839608765;
  -21.56830287570732, 0.8495266916622057, 29.31113342085967;
  -20.78889469352558, -0.554703957221246, 28.34682839695922;
  -21.17760946537085, -0.8558442874875492, 28.89749590322906;
  -21.15034186212937, -0.6905707006104537, 28.93347903792584;
  -21.88383060626284, 0.03830456424151613, 29.93636917957349;
  -21.89206879571081, 1.408381652507707, 29.993601140723;
  -20.86036538612722, 0.4532249095746294, 28.65286234975335;
  -21.37694432432573, 1.893816393354748, 29.4384475299651;
  -21.48252060367458, 2.541140791174553, 29.62134431111565;
  -21.68358481035994, 1.207724253973032, 29.8850309303933;
  -21.73334669488324, 0.852869515387236, 29.96801138335916;
  -21.64745779256195, 1.092858697676787, 29.92058616434005;
  -21.69366530749399, 1.361530469372561, 30.05542288736318;
  -21.38277508289377, 1.76057613285509, 29.75384401208817;
  -21.50337040010609, 1.230131285627615, 29.94761656318154;
  -22.15087655359342, 2.487471769326958, 30.85410285448335;
  -21.84198852249545, 1.550606900457093, 30.44506596000005;
  -21.64299697089074, 0.4124538031165165, 30.32175408614519;
  -20.72589281772456, 2.949520585145454, 29.1124494214198;
  -21.63895785440352, 1.949790234995766, 30.53802867938833;
  -21.721222379587, 1.41284978637712, 30.86162803493021;
  -19.50689237670569, 2.295908738066096, 27.83262848544029;
  -21.67098855950389, 1.013071118017138, 30.84467759598486;
  -21.1923656736652, 1.276819005255549, 30.2707023618384;
  -21.40940302475374, 1.61725794699971, 30.58740110300526;
  -20.22793909635432, 2.291347136468489, 29.06019050570622;
  -21.09646846272346, 1.351112206728244, 30.37863751499289;
  -14.17253744795392, 3.523428660362232, 20.81068571980642;
  -21.28100974663687, 1.230333490667175, 30.71379175574432;
  -21.58115382152721, 2.684397888106782, 31.16420461623478;
  -21.7038197887654, 2.312454865802291, 31.57123380790539;
  -21.16263793272718, 1.264925372300159, 30.82261812903487;
  -15.44312561578129, 3.251392730946896, 22.96629635133238;
  -20.75440155696738, 1.016208509715876, 30.55197411234559;
  -21.58416401430093, 2.374439219727277, 31.84225103094908;
  -13.81638085432853, 3.506878982334006, 20.89469552047669;
  -19.29287750347956, 3.313279361441694, 29.01045355467558;
  -21.50257315200179, -4.427008873139858, 32.3327060881435;
  -21.33016313139584, -3.938678914515523, 32.33545058238212;
  -21.41225604351491, 1.326916784889676, 32.7866510929781;
  -15.89592116401949, 3.192619613757523, 25.07282878185515;
  -20.22364385928704, 2.219163769545395, 31.7358903768159;
  -21.14703775435947, -0.397232249973387, 33.25530020670267;
  -20.90178800012538, -0.6736879107550198, 33.09814511069713;
  -21.39746471948238, -5.641241824417635, 33.94369101026582;
  -21.38329665951155, -3.005237136810094, 33.95432519769179;
  -18.60739678186772, 2.682757703541251, 29.84169760374195;
  -17.98118892199047, 2.846787915711301, 28.99097260821361;
  -20.96027482863784, -7.444772622326958, 33.55611171619999;
  -18.09503602350135, 3.017162120187881, 29.22277054686823;
  -21.67297675096017, -6.797887500426768, 34.74576912130011;
  -18.09829718475075, 2.303244941370697, 29.31967002935478;
  -21.48045270030166, -2.752749376440649, 34.67121609344848;
  -15.03520199642593, 3.187336645334254, 24.65516741859515;
  -21.67457591509221, -0.6896034545412636, 35.20186594840387;
  -21.00322969952988, -2.460977271589261, 34.26294048350465;
  -21.22770885007734, -3.99696744035445, 34.65496855398789;
  -21.11086815671133, -4.289838319891449, 34.50003055980186;
  -21.02856577643641, 1.918512091617541, 34.44217837086114;
  -21.2949570818856, -1.596491378383352, 34.85169460116652;
  -20.92509943505235, -0.880740706602436, 34.30245966480927;
  -20.7246925792855, -4.089242329898765, 34.16843597252195;
  -20.92375214456819, -4.000962561999859, 34.48641179190781;
  -21.21685483684609, -4.463277720619677, 34.96382504084858;
  -23.26676599162002, 1.652901651062786, 38.45120416892564;
  -22.0135375978545, -6.669073675083917, 36.48619816528684;
  -16.72888698285131, 2.522858987993802, 28.04387253290846;
  -21.82436353055871, -7.769265160340304, 36.17965609559818;
  -16.45654921346502, 3.084979224324078, 27.70919811308248;
  -20.8950353012372, -1.141619337310653, 34.910138760875;
  -22.24067712147682, -6.144858824753862, 37.08553176930223;
  -21.57717660694016, -1.583171546130201, 36.54941620912683;
  -21.27737555288451, 1.834602342660936, 36.20523268311154;
  -21.42845032991838, -5.586341391618181, 36.57523807846977;
  -21.42144850750603, -1.080353235690554, 37.13108190142542;
  -21.40363823205428, -1.394947824855011, 37.2378887993676;
  -20.99406051523745, -5.877466734061333, 36.54587149349516;
  -21.44577809401464, -4.002093512002598, 37.34359955575904;
  -20.87822297896356, -4.27347298371623, 36.44154809286828;
  -20.88766039259284, -3.918593468002454, 36.74995764381769;
  -20.8499100268723, -4.091089819602543, 36.70931175337681;
  -21.69563587424797, -5.207017776624691, 38.26109135270423;
  -21.61083027424069, -2.791486470112517, 38.15782608963109;
  -16.0207954547659, 1.915494916456247, 28.62317848491779;
  -20.66881541824478, -3.829998973861094, 36.92619820615598;
  -22.57940994247455, 1.335893925672928, 40.30805867841361;
  -15.51489952637565, 2.212734833170286, 28.2298443392536;
  -21.99502351491602, -4.246661507453094, 39.5432266222339;
  -15.31712126249954, 1.630660846113466, 27.9100544551349;
  -21.74000112326026, -3.820411570185135, 39.20634827886379;
  -21.52584693790021, -3.748364399230793, 38.87219590896673;
  -19.59037300401231, -1.957005384644317, 35.88853056063373;
  -23.52484203334605, -0.06778470464631473, 44.13336045479345;
  -21.79859088070921, -7.760177208258461, 41.26134112638513;
  -21.87136586514537, -7.917124717475221, 41.5879691946967;
  -21.5053650634583, -7.108162844990674, 41.5218760421564;
  -20.85933670712494, -7.453465420671797, 40.39589607134839;
  -21.81475675929606, -7.020858097565941, 42.42672257598955;
  -12.204391888739, 3.359636839206606, 24.39536685461745;
  -20.78757951408254, -2.914671074850068, 40.8837677664246;
  -15.84231809614763, 0.9460532994580694, 31.57651945376119;
  -21.83755116921741, -6.626636958684668, 43.1965263658709;
  -21.4505773858906, -7.67929712535547, 42.944997714829;
  -14.65950089046526, 1.260209729950103, 29.83051484764516;
  -13.8183263088394, 1.650579000114973, 28.20487817632051;
  -21.90937659663894, -6.366150216236202, 44.0053129102744;
