m=[-7.25058612115499, 1.802565210183326, 10.64662341559243;
  -7.964495291317986, 1.676843324345515, 11.84442603784041;
  -11.17054708259376, -3.090168832950414, 16.73481407711786;
  -11.13802578708047, -2.293127368529633, 16.74787996906828;
  -11.16552125927112, -2.061747155076169, 16.92636660496425;
  -9.275841241938784, 1.337362493010648, 14.87617277189436;
  -11.01464291927539, -1.548012660385776, 17.49004251181131;
  -11.0017698574719, -0.6616277671126074, 17.49241618925657;
  -9.151226098319814, 1.448825213041301, 14.75447181490327;
  -9.265372261165744, 1.544906027239816, 14.96321130655439;
  -7.659277767436103, 1.623702608767494, 12.55990945160237;
  -9.129983324333933, 1.161909747193742, 14.79078919471667;
  -10.72095868938461, -3.668278653586513, 17.2174609651082;
  -11.0458482851114, -3.464611015450038, 17.70852701377932;
  -11.09773814012658, -1.422190312809656, 17.91266145891935;
  -11.04151255695583, -0.3512993856242233, 17.93261591000423;
  -10.95581689782746, -0.821361938099733, 17.93047918157967;
  -10.95744392113961, 0.9996872292395559, 17.94693190362477;
  -8.58851759226876, 1.295221781545268, 14.39756828120881;
  -8.335035251697963, 1.562503186540341, 14.03436042836078;
  -10.10752593753441, -1.24204414479604, 16.77465177751673;
  -7.395803439908126, 1.639161633529378, 12.98392386517823;
  -10.75986695179206, -4.024647401864431, 18.55692160338039;
  -11.1454965240697, -0.5621035957926637, 19.3191578114932;
  -11.11418838872431, -0.7243494190002376, 19.33638135850776;
  -10.95836525586154, -3.067888044062411, 19.07601476754953;
  -11.08540473667202, -1.571241007367153, 19.30112042443775;
  -11.13975741876704, -2.078840445680682, 19.39769395967193;
  -10.94904831086851, -2.241113249966027, 19.11083481547625;
  -8.126609801629069, 0.7820231819634732, 14.50781959712337;
  -10.81161706256603, -2.294758020268742, 19.0126528749769;
  -10.8603716341389, -2.037441271340637, 19.10784597456681;
  -10.8147979133359, -2.122038396678129, 19.04103123892335;
  -11.24248390160273, -2.698229905238556, 19.82655433948828;
  -11.1602316797711, -1.441575142743871, 19.70540576889795;
  -7.87266415741157, 0.8381238860804702, 14.34515543585175;
  -11.15058022400571, -2.066238918472299, 19.92124498348461;
  -11.4244891208495, -2.205768871259761, 20.53924434509623;
  -7.492183165611885, 0.6538263931155814, 13.86813111533734;
  -11.26373297970649, -1.979397128600203, 20.31323897449138;
  -11.44887961432173, -4.075737515757433, 21.6709479005588;
  -11.21743643235207, -4.060553135678219, 21.32973329917022;
  -11.25829934891242, -3.721202820485992, 21.73716691772624;
  -11.00002448651634, -3.93053256141111, 21.30249164575892;
  -11.4988398505073, -3.70078492131916, 22.36367307076721;
  -11.14484235525215, -0.4332552932620254, 21.72187408313904;
  -10.81350108056908, -1.516184161606835, 21.26734700499736;
  -11.43003185978979, -3.46845994654357, 22.60957141065044;
  -7.117263023324032, 0.8501467270373154, 14.52719613324467;
  -7.699271953233851, 0.6618709259950314, 15.66719413117147;
  -11.22629013307623, -4.019006854521527, 22.47552573704064;
  -11.55601966761314, -3.357802390283025, 23.21043956808032;
  -11.46196169343074, -3.664343710993703, 23.05656522061;
  -11.51727661277105, -3.822866299250024, 23.40854578975526;
  -11.40217875679267, -3.481272753511166, 23.30712629053738;
  -5.434131696331847, 1.738120466455108, 11.73873418919057;
  -11.25709167160334, -3.714450475530314, 23.12510581271008;
  -11.46641209783754, -3.806759176589504, 23.710979635431;
  -11.54038296285696, -4.157882495108862, 23.95260489597319;
  -11.51331892673853, -3.720531328935561, 23.90836002209371;
  -11.15932709178366, -1.602356277822384, 23.22992545659556;
  -11.10570830440121, -0.2786786760047795, 23.39218422866545;
  -11.02527329354485, -0.05937091596640035, 23.38137306944516;
  -11.26368028194286, -0.2393823339893329, 24.00608093331339;
  -11.34154820402643, 0.136149569089086, 24.18274770234187;
  -11.30788282006656, -1.224768723429957, 24.12353237048347;
  -10.61147153307907, -4.030355996434162, 22.86093517386533;
  -11.18959255193134, -2.390604656046697, 24.06709926481987;
  -11.04061043105095, -1.691584590176263, 23.81556796917933;
  -11.18599038677471, -2.119779749404957, 24.132135422832;
  -3.96319638044582, 1.661526263290274, 9.271376092592194;
  -10.85975393437624, -2.459116280774056, 23.5090392062861;
  -11.15730718241356, -1.494530483876852, 24.33475622484084;
  -10.70588761210252, -0.2350863811624382, 23.45260787203785;
  -6.362531826208572, 1.26226448754726, 14.41060632943129;
  -11.47543691099901, -1.652256622004749, 25.13621775744691;
  -11.25104248867457, -2.154702342994304, 24.67869701536098;
  -11.48770716569444, -0.6682642685578364, 25.23984171569351;
  -11.26379523061668, -1.374458317683464, 24.78183459900545;
  -11.1372870825558, -0.3617695280236033, 24.53795868042559;
  -11.11538889828504, -0.4682551386212889, 24.6379611937942;
  -11.24716703259759, -0.7049953876973893, 24.93401158080679;
  -11.3041642190186, -1.523598980091396, 25.07605184561972;
  -10.63743611751224, -0.9303543641099985, 23.66549863403802;
  -11.11754505727057, 0.08028590786297261, 24.70054614744072;
  -11.08648514831826, -0.09645815226663464, 24.73120354627068;
  -11.23459315314414, -1.787059247249504, 25.08555430877128;
  -11.28477786892092, -1.533644058218267, 25.2912640192153;
  -11.75763993085617, -3.75059269926157, 26.38001954070499;
  -11.13542701425725, -1.739806567098529, 25.1348408134629;
  -11.71502133684036, -4.166849380950595, 26.4234680183035;
  -11.22140154909136, -2.906754267596004, 25.39757431180986;
  -11.3422918612055, -1.560431233340707, 25.70261814459159;
  -11.22034808807626, -0.03954479689419419, 25.44724587014022;
  -11.49800494218203, -3.403571932565054, 26.20944201079247;
  -11.10808181468918, -1.515589594093712, 25.49216877064607;
  -11.27012898868724, -2.906952631489785, 25.85020756447195;
  -11.82111909459843, -3.277098131296972, 27.1005905231574;
  -11.51374149501327, -0.2487170669089102, 26.45955587790164;
  -11.50566403012891, -3.795961337384318, 26.413711154872;
  -11.28291761353121, -3.319871214925861, 26.02900313834123;
  -11.58132121683038, -0.03951621002764596, 26.74855765639139;
  -11.08674084462953, -1.129327887138545, 25.67430522109193;
  -11.3177087457285, -0.3368230674930709, 26.20549147162881;
  -11.49849275240826, -0.4982760443996813, 26.69995895908276;
  -11.78400935742139, -3.134729238466617, 27.40691015481064;
  -10.94350362950936, -1.625269653401483, 25.55101782190146;
  -11.21667117047547, -2.187933654053967, 26.22003597994963;
  -11.67956217956138, -0.06406986803483802, 27.36430429863011;
  -11.03928240871837, -0.6919403854926826, 25.95249403895005;
  -11.50801587183153, -3.18878413589459, 27.11531796265338;
  -6.358440167313852, 0.748338477319577, 15.50569874133419;
  -10.28600504145496, -3.803606288531298, 24.38314958308837;
  -6.008085434771849, 0.2701048585497493, 14.77378331028867;
  -10.93483150636786, -1.79774599067395, 25.96776190855551;
  -11.56518739293234, -2.763115124335687, 27.45122898553125;
  -6.005140984888689, 0.939408752163879, 14.79910317903286;
  -8.188857973193636, -3.501520232861116, 19.77351224132539;
  -6.169983106332549, 0.5333382778957596, 15.18784484841618;
  -8.79172893378105, -4.071507212940054, 21.1709044064322;
  -11.05357715538113, -2.941814951521128, 26.3883696868058;
  -5.991539072878287, 0.2413656837477868, 14.89619553889179;
  -11.45297460553586, -0.5362600684454715, 27.45874479954158;
  -11.65199642856008, -1.337861613562996, 27.94303959492674;
  -5.973442372818047, 1.146578329615652, 14.9113779493001;
  -5.849878592219084, 1.598783164112918, 14.63988548338112;
  -11.27113739576891, -0.3445950990045794, 27.1741689421884;
  -5.840247338013032, 0.8265642837031108, 14.64458946430393;
  -5.836795625873876, 1.54479272657154, 14.66932233243892;
  -11.4642679367859, -1.922791527709501, 27.73800552857207;
  -8.047270291610873, -3.903008541549534, 19.92870162625979;
