m=[-9.636468219565188, 1.644555774058466, 11.60481923135323;
  -11.3250962359682, 1.449290150567471, 13.61739600395699;
  -10.65687977257899, 1.485497575441908, 12.92652995071405;
  -10.82966277285063, 1.418429523172696, 13.2259400482089;
  -13.54589637622132, 0.5385120476041115, 16.46202841459882;
  -13.34715996841508, 1.034791325129849, 16.35694178842721;
  -10.58256866794351, 1.367323389275007, 13.59817784882614;
  -12.85839505881962, 1.367087704928938, 16.60837778107625;
  -16.30738478000653, -4.881265562236436, 20.93742276866623;
  -15.80862472270684, -4.429438449679858, 20.44542600592659;
  -12.30097432795696, 1.171683597792095, 16.18210226665487;
  -12.03641650464826, 1.436822681084021, 15.86466386680398;
  -12.28858792709698, 1.206350674426866, 16.19952503460793;
  -12.12140154964888, 1.239222215446762, 16.02787272028767;
  -10.44851596657724, 1.493545387802983, 13.95446883164485;
  -15.7953839925862, -2.891263856897024, 20.69035158384501;
  -8.694622155395651, 1.491684247179521, 11.85539152610688;
  -16.47892541584043, -2.791114191281042, 21.91128566673552;
  -7.711618049117635, 1.688879159582017, 10.82972317581147;
  -11.93447456690774, 1.445641944270094, 16.38642690617463;
  -11.57570811354345, 0.9148053301941748, 16.10921838227347;
  -11.22041223499149, 1.366232420622468, 15.92976162811244;
  -17.04562145062486, 0.2132218728108652, 23.73675127651679;
  -11.2658666280291, 1.366113947553078, 16.03744470720529;
  -11.10718176152786, 1.483036397192874, 15.99209738882991;
  -22.49438631865676, -4.708302033997345, 31.54700447619839;
  -16.9943786028441, 0.5266982517954604, 24.15829832610772;
  -16.11674097086145, -0.2062406343615739, 23.12701708998347;
  -16.33539323932014, 0.2541067430852813, 23.46909442354608;
  -15.64623783936878, -0.4500364772896717, 22.60312952261728;
  -7.920100812834134, 1.385534455195189, 11.96530790494398;
  -6.922676910092842, 1.673177609090363, 10.57158359561064;
  -6.971640168202173, 1.616322373390878, 10.66332136354186;
  -10.85636244081871, 0.5756717530271508, 16.11253520664104;
  -10.75434237983415, 0.8307403257679453, 16.02475237861834;
  -10.70209237164541, 0.9349346344473059, 16.09578794982517;
  -9.9938607994678, 1.482224052247164, 15.14115549969696;
  -10.55180156168956, 0.6831551481738838, 15.94716335172564;
  -6.795281221983347, 1.679393749638648, 10.61514685727648;
  -10.55776802762509, 1.439126589446606, 16.07794831731507;
  -10.56748363536051, 0.9745410897009514, 16.13198709089962;
  -6.90533364395452, 1.52978982373761, 10.86008510832106;
  -7.783198642628086, 1.433836686881955, 12.14105924820535;
  -7.721598318020506, -1.771811716052971, 12.09383176227069;
  -5.012755814958489, 1.578039496469941, 8.197017993269929;
  -7.4446525631505, 1.439619470798905, 11.76389826994462;
  -10.51396078818102, 1.15677411079084, 16.27315853852088;
  -10.37520994606898, 1.32768520374583, 16.080672292004;
  -7.427342765339483, -1.412295108405854, 11.77809025557971;
  -10.3021735693927, 1.403942759376271, 16.04764484667689;
  -10.19929099516722, 1.347408650785673, 15.99735557299575;
  -10.39817642835449, 1.416685886074698, 16.34671522519462;
  -10.15467008908505, 1.399932096857955, 16.02562856795183;
  -10.18677785293497, 1.171384627644017, 16.07642341307496;
  -10.18858574162649, 1.356038249625184, 16.18574554854529;
  -10.02085009401444, 1.402647336816769, 16.02510413936624;
  -10.00863115420995, 0.7230048353921605, 16.10135158827886;
  -9.986403853363115, 1.333172805682712, 16.07887255785501;
  -10.08474935128328, 1.298518088138748, 16.2435949382071;
  -9.893937931226368, 1.406830948502817, 16.03496384107351;
  -7.068043848412645, -1.455706412164115, 11.69868792410358;
  -9.767242844595941, 0.7139898495769861, 15.92834894798265;
  -13.29741385087183, -0.05515384676339707, 21.3829568931436;
  -9.730652874572654, 1.396496102055645, 15.98753061194319;
  -13.33255829884729, -1.106511786303433, 21.66765283499297;
  -9.811100372062601, 1.140572760062776, 16.18776719603165;
  -8.021886448882711, 1.423175690857628, 13.39516266609963;
  -9.701512537232301, 0.7141249495022282, 16.03934490826478;
  -9.72889932587891, 0.9127581043109508, 16.09354254080724;
  -7.11343520066395, -1.324561905802117, 12.02382960352761;
  -9.662973253717576, 1.406276363714142, 16.0526209336464;
  -9.58769954194608, 0.9898432681508463, 16.02336777929964;
  -9.554073517764754, 1.329479700143319, 15.97051374728535;
  -14.09945467729862, -1.229142237139902, 23.18784556127402;
  -9.683965731641745, 1.152503482103058, 16.33183595927838;
  -9.519559228255274, 0.7241151407862305, 16.06847154982365;
  -12.68722643471799, 0.4376886375337388, 21.14619192139049;
  -8.959352387025366, 1.048726036398099, 15.19342874016768;
  -4.661719956928965, 1.563834652397127, 8.356923268760452;
  -6.013583344662323, 1.630469271128169, 10.55185017027335;
  -9.366505032307815, 1.216164188506626, 16.09574741648894;
  -12.43224819657453, -0.1777536760548719, 21.13983553276546;
  -9.245827317861387, 1.305625382017371, 16.01471400191536;
  -12.03713544940132, -0.03365900200870598, 20.73308089961071;
  -12.25547150359818, 0.627045283452928, 21.15344243191254;
  -12.48700764519838, 1.08842470863108, 21.58807992741511;
  -8.861402827017852, 1.2551762062186, 15.58760367749406;
  -12.49787128821845, 1.049810028069625, 21.77981811772107;
  -7.067072894559038, 1.251522354975428, 12.69633414947741;
  -5.951894953795933, 1.497577606074402, 10.89407578103354;
  -6.563769955592393, 1.016601955108625, 11.93403433955532;
  -6.64945369215321, 1.304528808360197, 12.09880319423282;
  -5.899647096469229, 1.546546285426519, 10.87138829786323;
  -6.629966195842699, 1.360935427271117, 12.1375823535978;
  -6.637233030336788, 1.251080972526765, 12.15318864341515;
  -6.606408429773285, 1.163662104809989, 12.1250647288098;
  -6.746625412747781, -0.9830960968678947, 12.48110277134582;
  -6.659993609318569, 1.322178213129755, 12.34493175314699;
  -5.924959596347407, 1.47732170296418, 11.10916789774694;
  -6.516802107353183, -0.8225657092009912, 12.26634530463589;
  -6.402547659955261, 1.431843226029215, 12.14282685857695;
  -6.617074490874426, 1.337115397678885, 12.52767820181527;
  -6.137093942012028, -1.653043959122192, 11.67978860242392;
  -5.999209371352133, -2.260411564098019, 11.45323622005065;
  -5.945111294028519, -1.630771949762501, 11.43143268889682;
  -6.565282353806142, -1.077326313049574, 12.55504818931279;
  -5.992783957774629, 1.417203834095777, 11.60945955222389;
  -6.403992002459532, -0.9361645534574621, 12.36943378065644;
  -6.213793994897958, -1.079772181941786, 12.11718292623548;
  -6.363147247298337, -1.006292225791239, 12.40245041644564;
  -5.459788658990252, 1.49566957988886, 10.78761793532824;
  -5.784746021239419, 1.412789051387113, 11.4269943956574;
  -6.84461476548971, 1.367964550216723, 13.39800246294973;
  -6.227265385042362, -1.101010410233865, 12.341313092835;
  -6.485338436957115, -1.004075903907538, 12.81874609013235;
  -5.687207829617202, 1.395552957647405, 11.36856136611464;
  -7.883174434328491, 0.958449183178422, 15.44959492969042;
  -10.83551274373679, -0.6220673649764205, 20.93734003560824;
  -5.721172049215074, 1.486114786446581, 11.50642610394923;
  -5.471598768765478, 1.488712363895608, 11.04904815011894;
  -10.67578228082251, -0.9685938742173558, 20.85173580617764;
  -10.76281517523214, -0.5122852166714356, 21.06168006864284;
  -6.226973581470093, -1.164893608259935, 12.56435766793927;
  -10.59340473457753, -1.139723275655941, 20.79925530884145;
  -10.52928074375438, -1.08652870311912, 20.74037765417695;
  -10.52621393382646, -0.8456751822713041, 20.74486750697158;
  -10.75005372578205, -0.6787821770067852, 21.17380106835051;
  -10.59825756594382, -1.209797332454651, 20.88803638954085;
  -10.46418353573745, -1.211062654334226, 20.82928603954809;
  -10.40230256077599, -0.9721484911021207, 20.72498424661659;
  -10.29330657077395, -1.083843903238527, 20.71352633385554;
  -10.37432891630641, -0.5214304278778443, 20.87413763150567;
