m=[-17.29750221262846, 3.42183113296959, 20.7836376898324;
  -17.12198435188731, 3.459468689789818, 20.59349948829458;
  -18.17261326533571, 3.101330839711709, 21.88456259081901;
  -22.12456940636476, 2.522659447833374, 26.45399234739646;
  -19.06641706344913, 3.136599278147465, 22.93606467216134;
  -22.3740341861796, 2.863239896496807, 26.90273683958959;
  -21.02678435640012, 2.930992734021734, 25.50496613929939;
  -17.53770730339159, 3.409228128757372, 21.45721996260174;
  -26.28462251943378, 2.037819238833363, 32.21179947633566;
  -33.22013076837751, -10.21346366695421, 41.23325423995974;
  -16.14505182860271, 3.335694286116064, 20.62307120070811;
  -16.48125411724927, 3.18626335397411, 21.21615870935926;
  -16.67004790113861, 3.382402260549994, 21.46548025865199;
  -21.73763441884757, 2.808616405054293, 27.93199157173016;
  -32.82054861117664, -9.824126665966809, 42.13904994835667;
  -29.13934200026666, -9.024424295068538, 37.53298654862482;
  -32.65599990982403, -10.04208701509709, 42.12994467540795;
  -31.39917472648392, -8.797774269505828, 40.6088141617651;
  -33.19839832450104, -9.921948660536085, 43.10675241280247;
  -31.36937868717042, -8.732496397133, 40.92106458823264;
  -23.96785430362499, 2.282968894423526, 31.53004462191743;
  -23.89952293160857, 2.346177264472513, 31.50572892041317;
  -31.18486872671804, -5.708229940719257, 40.84901629201899;
  -30.95520277512943, -6.159695288042351, 40.61317628199372;
  -23.88252390482328, 2.441611563033539, 31.57935588701156;
  -30.2919727882103, -8.002150568136695, 39.82827163202055;
  -20.39388893909788, 2.915169853957149, 27.23696728482806;
  -23.89069621964313, 3.009475044765915, 31.90253906299552;
  -30.47877655705121, -2.717113852746112, 40.48184153242172;
  -28.07745846078895, -3.057391662653204, 37.36493697628971;
  -32.97364698828376, -5.584903852943159, 43.84357477216796;
  -20.86782590624742, 2.811604861320684, 28.08797193823703;
  -19.61598620034163, 2.923399241585682, 26.68135976597018;
  -32.0838283770571, -1.960519360018981, 43.18203523724961;
  -34.7396779487832, -2.767809634094541, 46.7481458527894;
  -23.64658862910432, 2.864349005855796, 32.46754551102086;
  -22.72292039338958, 0.9732655979848555, 31.38645310654587;
  -15.86975236179916, -4.384378705919763, 22.27102800592068;
  -22.64207006726249, 1.789358040215926, 31.50961027719072;
  -48.18493325420308, -8.874175658634881, 66.28883590153457;
  -42.24610249502445, -9.232446826097171, 58.44284770183054;
  -34.57487230588851, 0.4324934146057677, 48.14697702395116;
  -17.33810483461492, 2.835667183220718, 24.59647260051592;
  -51.79877210401054, -6.250251711862656, 72.110108748388;
  -22.03288109492241, 2.682792382416035, 31.28036087017483;
  -44.42357945664333, -9.29830343225146, 62.3013599977671;
  -22.17844767166975, 2.689388016006066, 31.57197222103761;
  -33.42029735764974, 1.035778512655514, 47.50850458152162;
  -21.94893790031459, 2.930633034082543, 31.60203551354573;
  -33.97775030318939, -0.9807004639901377, 48.52679278533924;
  -31.54224259479206, -0.4036357061081972, 45.26212742793555;
  -32.59366591763103, 0.5070138300437789, 46.82738957205748;
  -31.66209741336362, -0.9107044728451761, 45.74022817109724;
  -29.2707735233205, -0.4383034641951997, 42.38356560346946;
  -21.79047165051075, 0.9906657180938205, 32.16356694942633;
  -13.79736953448463, 3.293920056352967, 20.6928444717276;
  -21.30268416468826, 1.129600600949078, 31.61650603234737;
  -20.97026504376713, 1.619889361767551, 31.24722021780626;
  -15.35407107205814, 2.686025721210452, 23.19619311838379;
  -21.02192406390934, 1.836474981485172, 31.61666151625538;
  -13.54018958565954, 3.272598495032209, 20.67715248945466;
  -13.476836163046, 3.124503171033831, 20.61320313486875;
  -14.51810151177855, -3.424263422356651, 22.14194606087256;
  -20.46359120439947, 1.324874013189162, 30.92706300356557;
  -19.5849262274356, 2.904708130148985, 29.67205761716106;
  -16.53623262310409, 2.775809342119477, 25.21653027975437;
  -20.63567773320242, 2.812843816931551, 31.42514205834751;
  -20.73389947489614, 1.91209541317884, 31.65171673924475;
  -13.17282674666115, 3.255547810419928, 20.57773414717557;
  -14.80515879966141, -3.933796351407248, 23.02319798910559;
  -14.5823174797367, -3.271300423799581, 22.72885419981604;
  -15.32507396730851, 2.823216301220713, 23.90567677422093;
  -20.49811916933062, 2.025035002408182, 31.69544312760985;
  -20.7166566954971, 2.279302026162375, 32.06455165525296;
  -20.13103032844019, 2.576108940653806, 31.20134467589191;
  -13.54577086147239, 3.000895175673917, 21.30356504094425;
  -15.321665165283, -3.515736604160535, 23.99731677240089;
  -20.05920808737006, 2.733595950737341, 31.24612928751881;
  -14.48256087575389, 2.800584237734057, 22.88506701762712;
  -20.22086112601599, 2.519122993842119, 31.66128451725185;
  -20.10781680620119, 2.656404874213987, 31.53865257868215;
  -14.41731001933185, -2.741424094723655, 22.86260160804665;
  -20.26331982780058, 2.760749387439034, 31.85546244809335;
  -19.8830217762615, 2.286362419605877, 31.37870300317527;
  -19.88248118711415, 2.741017023185578, 31.37760810727532;
  -13.91391281374647, -2.880682655511043, 22.34710893141818;
  -9.624796474176694, 3.02993194609884, 15.7387737988272;
  -19.98989565391931, 2.660532462516577, 31.75625869981225;
  -14.89040261890258, 2.819669873831407, 23.96311453229457;
  -14.52018803032275, -3.099253827019637, 23.38875561663156;
  -19.81715222269494, 2.313253154525047, 31.70286486915474;
  -19.47812873940325, 1.407063667947829, 31.33537386708175;
  -13.39097833168171, -3.954734515206623, 21.80970506996967;
  -13.72233660600418, -2.832321698036232, 22.33662541569704;
  -19.41949665018131, 2.592479256218887, 31.26687207535708;
  -14.66136162448764, -3.164966434496459, 23.85380371997678;
  -14.17835157372847, -2.830493177224871, 23.09307837187121;
  -26.45089072917733, -0.1097106843776813, 42.53445539037409;
  -19.313851846119, 2.746259851313881, 31.30168373170517;
  -13.43735358058563, -2.961258364494678, 22.07711909067441;
  -19.00844046242688, 1.389525556229038, 30.99882714700879;
  -19.23458115314663, 2.586786264497353, 31.38631931195797;
  -13.75380749560909, -2.832679903015244, 22.76464395385195;
  -26.80544373894064, -1.128385891647885, 43.80936017859968;
  -12.94032114170681, -2.854129442298022, 21.59271204896234;
  -19.22279477393478, 2.234713259468752, 31.7165368671212;
  -18.98183717539826, 2.629662330094727, 31.37263318317616;
  -18.68430375554979, 1.375345073740721, 30.89044014074382;
  -18.8747590923306, 1.770815870466947, 31.22262120565924;
  -12.35247682872531, -3.967071583813325, 20.72184408052952;
  -19.07756898404481, 2.257247173132996, 31.62142629138098;
  -15.50582033311317, 2.750912357774168, 25.89203760946964;
  -18.83287827007504, 2.740795289040368, 31.28613192039131;
  -13.14411400506249, -4.331023892782243, 22.0989712548048;
  -18.62628576979456, 1.922995552710317, 31.12903423245718;
  -18.65101166629836, 2.595347560532601, 31.17688362597878;
  -19.01987234693074, 2.69030182460669, 31.79455574562757;
  -26.01259574546247, -1.92242438031147, 43.16291555870487;
  -14.4018122711013, -2.681698978158082, 24.34336320566359;
  -25.54989065659602, 0.8814295928399333, 42.58479141796215;
  -18.33339044078784, 2.18188466453617, 30.91893688533205;
  -18.50266215901521, 1.407424177206462, 31.23143554962943;
  -13.16517385438785, -2.087939637793712, 22.62146528524531;
  -14.20912390699169, -3.109192146408613, 24.43824328855697;
  -11.89578925980912, 3.10519218965141, 20.61117956978772;
  -14.1408812032709, 2.802303851351145, 24.35427047632675;
  -24.62191281102624, -0.8264824040147337, 41.88809817236515;
  -23.41774482962062, -2.02296922030656, 39.90341423385221;
  -18.46994572689093, 1.708245176185263, 31.70847061166131;
  -18.52182792371378, 2.404908100599467, 31.82859165969126;
  -22.41341353070866, 1.35142736254886, 38.38875706312973;
  -13.82827682405561, -3.750832302018943, 24.06123675117552;
  -15.51853247534671, 2.697867991479628, 26.92231505924459;
