m=[-18.0972822958815, 3.39660021801336, 21.54971976871213;
  -19.43672679864341, 3.167692362635363, 23.14752762060837;
  -17.70684369302467, 3.413215453635185, 21.28078382047199;
  -19.02021128410708, 3.272189878290157, 22.80907687733763;
  -22.29922402531383, 2.864298338564001, 26.68966761577407;
  -20.46753566595117, 3.102074414008094, 24.80620966498688;
  -22.40862932656739, 2.985125433531169, 27.1024023269146;
  -17.0258907194582, 3.527004580757092, 20.82417780099203;
  -22.24437953120663, 2.874481506557938, 27.08899165131632;
  -19.36983997685961, 3.46456006176534, 23.80104445920713;
  -21.87345521200344, 2.927940934864486, 27.05158211595045;
  -20.52486171513477, 3.000594570431965, 25.5623566514352;
  -16.15479076930982, 3.446891294221871, 20.66631530848084;
  -20.4227432095936, 2.800690544181969, 26.08648280517392;
  -26.15229918381301, 2.134228577649896, 33.16645402746332;
  -15.90189031884238, 3.457779487022693, 20.69434601109201;
  -16.10425309895822, 3.429239132813633, 21.16489144391423;
  -19.83321697552322, 2.911925599280208, 25.90970096163672;
  -15.77139406096544, 3.466640409837502, 20.81370266578696;
  -21.53673917440452, 2.873229370528696, 28.1139706638596;
  -14.65101929255466, 3.392720412906905, 19.55005795887292;
  -19.51540424397697, 2.653024877633407, 25.85679357161672;
  -17.56791349968459, 2.996376127126241, 23.90727313386614;
  -31.92819926413027, -9.945150029407889, 42.75718693364641;
  -24.08832005681994, 2.207467743808556, 32.67352149318923;
  -31.27289510265755, -9.103479691408516, 42.15091765888251;
  -24.19209227575005, 2.434007601419068, 32.95721639774611;
  -24.2034174606606, 2.500984813393089, 33.04065409894928;
  -23.95536857220435, 2.022012810044739, 32.75553984293658;
  -32.06402439252756, -9.549191344961066, 43.56536389937659;
  -23.51014673419748, 2.532521875978403, 32.19677772043955;
  -20.25638613795465, 3.046764849483498, 27.8927609305889;
  -31.45846010809834, -5.982284629029419, 42.96294208484538;
  -30.88663791124791, -3.007575235707497, 42.30699445833821;
  -23.12593633663045, 1.959894862875734, 32.11400072984272;
  -31.20171444070996, -2.864963740026945, 43.20806754265306;
  -23.62845483388787, 2.703463527639602, 33.01908399685316;
  -32.55848725957833, -5.755417181683329, 45.22631191339979;
  -15.95006966651003, 2.97443947027086, 22.66665532429301;
  -31.55950466574961, -1.272183064639179, 44.0825477020087;
  -15.30187237316384, -4.688191154828729, 21.92200639855376;
  -31.25940931748506, -1.326108699870327, 44.1946938852746;
  -22.95403233603932, 2.936366914691821, 32.69645261868593;
  -15.131096607188, -4.571624140697576, 21.93756277130997;
  -22.94638521446659, 1.055604362182087, 32.85609289153935;
  -22.49858435704449, 3.037184168719764, 32.42365695642165;
  -22.51187858294273, 2.251251238018134, 32.47285345447631;
  -22.51509675872945, 1.88278142146793, 32.488429433011;
  -15.06508041880272, -4.289061978120713, 22.07445817983589;
  -14.87173299856715, -4.492917453587379, 21.89262343550749;
  -22.60044666587737, 1.089485415914732, 33.12829264754744;
  -21.67694716923536, 2.798039651533564, 31.92088123432289;
  -33.06698912521339, 0.5010048868447391, 48.23940070079492;
  -21.52875356705758, 2.765317601458106, 31.79843701583605;
  -21.28656709395339, 3.004697939116579, 31.80877464105867;
  -47.15867381821701, -10.33748723104477, 69.61425373798741;
  -40.40141218201034, -7.786327628168163, 59.80697164087796;
  -34.3552084572677, 1.155826025711072, 51.16857249717712;
  -13.20125304541988, 3.335549249014169, 20.25434790902758;
  -33.81710859626711, -0.9289284601463048, 50.64318474789056;
  -30.07102754961132, -7.09019315029422, 45.1288960110975;
  -32.47762926021976, -0.4023607873921317, 48.79502394515406;
  -32.29298590438012, 0.5615973263418982, 48.6097850893789;
  -16.70132006690911, 2.809081779216585, 25.56422066464248;
  -30.30114640132411, -0.8794393446593183, 45.85011806405903;
  -15.8012309873468, 2.908590451368741, 24.46626583799697;
  -15.10572014326379, 2.800513761887268, 23.46709271153409;
  -12.98825108794775, 3.331067544930539, 20.30410664165301;
  -13.2469572757622, 3.254695023846919, 20.73747468865893;
  -20.90438288623122, 1.189964917285257, 32.23103584201153;
  -20.83527497067265, 1.713974769779287, 32.2442075064866;
  -14.40293444339788, 2.723896386972349, 22.73017525596815;
  -20.54715867602226, 1.910181990756645, 32.11507421046478;
  -20.10814842731136, 2.196433510439646, 31.44717988658757;
  -17.14273546861521, 3.052561927621713, 26.97679508891394;
  -19.15281810332415, 3.005151178160891, 30.10218671653307;
  -20.52479397176014, 1.421212730122258, 32.22133573523649;
  -12.83686096592769, 3.368551507768826, 20.5381338902748;
  -20.35611173858733, 2.94382810123814, 32.22138229872256;
  -20.29514934614265, 1.991195393555601, 32.21314789064068;
  -12.88464491754995, 3.032424295127395, 20.7912021231948;
  -14.56308171071349, 2.841960037993358, 23.41071628968491;
  -14.37389439448009, -3.46484242910691, 23.22099390772579;
  -14.3277061699706, -3.486847368518391, 23.19131954994429;
  -14.64741612615607, 2.812883943117055, 23.70023374697215;
  -9.426324121005084, 3.157085853433804, 15.58919598019364;
  -13.49116402112766, 2.957037558040345, 21.97279562510223;
  -14.05425983413874, 2.887083451114149, 22.85874541518352;
  -20.10617445483313, 2.351046070228935, 32.38221807070285;
  -20.11870945298759, 2.744065976663976, 32.42574643116035;
  -14.0731045885504, -2.801706628885945, 22.98085657279646;
  -19.90530417630466, 2.882266489852877, 32.24699096105044;
  -13.6208405884303, -2.834714452964914, 22.38933387951361;
  -19.55367926366627, 2.576960549243665, 31.85664305384418;
  -19.44569904910243, 2.718247553456452, 31.73347955587084;
  -20.09098330558466, 2.903306084083317, 32.87508201022199;
  -14.29621898908622, -3.294994113793209, 23.64435478668455;
  -19.4661889433144, 2.855191381024155, 31.96830630302176;
  -19.64474363568241, 2.392656448859193, 32.25918821777928;
  -14.2219091455223, 2.867649194916973, 23.61776395954096;
  -13.71765796406261, 2.846121976940331, 22.88524470379388;
  -19.54154952963644, 2.759575889366444, 32.32098976691874;
  -13.02119719263158, -4.045073401249353, 21.81949509842189;
  -15.95203291088257, 2.915825199595171, 26.57556519513465;
  -13.42277684959058, -2.901791992843334, 22.49824242377233;
  -13.99389892205414, -2.925881508751925, 23.50229856881121;
  -19.11688075795145, 2.844889993604234, 31.82947784267764;
  -18.99251974665364, 2.338464356482498, 31.63808849697136;
  -12.88938692112868, -2.979870604477154, 21.80390831444076;
  -19.26030050904773, 2.744785181882711, 32.29101445694046;
  -18.99811061049288, 2.365077816836906, 32.0548690731153;
  -18.9896022646035, 2.867920790130757, 32.05118759593415;
  -13.28311041564636, -2.877560009572993, 22.67445493125517;
  -17.11756762924564, -2.66693302816899, 28.96776521070202;
  -11.70012650654072, -4.545621650590344, 20.0920242738105;
  -18.75886006935828, 1.463684416344726, 31.85998834135202;
  -25.80640667363294, -0.08219948160339828, 43.54494499606047;
  -12.64965900515227, -4.283630962927278, 21.81095970172138;
  -13.27104794090915, -2.557107934300924, 22.89522649829485;
  -18.76980245228128, 2.312182050650748, 32.28500442051319;
  -15.27559352741948, 2.893862346259577, 26.43487842743158;
  -18.84606549180266, 1.495221963332459, 32.46492557173806;
  -18.73702183898516, 1.885299733683051, 32.30501953104647;
  -27.07245268268455, -0.340207644334017, 46.31383488388622;
  -29.17428754470866, -0.8019653453049849, 49.97737695654877;
  -12.8158327914145, -2.505544213008999, 22.41606135489077;
  -18.52283266028553, 2.872447632755857, 32.07628005515402;
  -18.30343849387315, 1.522759917624311, 31.79051340627616;
  -18.85324090886896, 1.281105533884612, 32.742007878896;
  -18.40761456030157, 2.041056692547244, 32.07481168551178;
  -18.19132060196728, 2.704765947106482, 31.70454557893629;
  -18.30963959262989, 2.371925492936235, 31.91870695410083;
  -11.92534659143858, 3.2388672704785, 21.19360405443259;
