m=[-8.987317304064153, 1.686790503416449, 10.70183722664013;
  -9.787354173905678, 1.595089923744375, 11.65592609394348;
  -8.917942990714261, 1.719044983863183, 10.71793596864724;
  -9.290826895373408, 1.59837076854081, 11.14157891020276;
  -10.12590816035818, 1.58849013929978, 12.26774826890961;
  -9.30166016872287, 1.663728784913559, 11.42958472990455;
  -10.74333702107506, 1.388284332340034, 13.08313259369179;
  -8.589304433661944, 1.753145183761298, 10.71694334630502;
  -10.24454316500311, 1.497682226760005, 12.7589003886798;
  -8.150117290786891, 1.738962066278787, 10.42618849960503;
  -10.15113146929149, 1.392084189034781, 12.96629516461524;
  -12.84361459646037, 1.048137646308867, 16.28832517041633;
  -8.011823958847396, 1.630159345013587, 10.52228829258634;
  -7.414296628187191, 1.716920510136832, 9.893504739222898;
  -7.698742396584003, 1.647767648147325, 10.53401222374112;
  -8.561603841501523, 1.46026364263736, 11.65104788946105;
  -10.28834475815994, 1.532825996994041, 13.95504915232106;
  -11.93477602642994, 1.093709857963495, 16.18839172246694;
  -15.88984396947829, -4.949445501546937, 21.27915274297147;
  -11.7819982621384, 1.185406909128616, 16.05077650569291;
  -10.18366632351501, 1.531726161914846, 14.02276636238011;
  -11.89756226276708, 1.229397566849513, 16.24164190795518;
  -11.61747618954588, 0.9806021395516318, 15.88523687515196;
  -11.60335393974677, 1.249917664035029, 15.89061148079498;
  -15.1929467407874, -4.404543540782637, 20.66511830620412;
  -11.23760827602708, 1.491331631318814, 15.54980167892415;
  -7.984628090893342, 1.489008728209725, 11.34696064738554;
  -11.49098448394968, 0.9738469020951729, 15.95703969484937;
  -9.988932950555057, 1.569108243834018, 14.00456060879316;
  -11.42522335372527, 1.30722363561554, 15.96593650543799;
  -11.34593003239111, 1.451414421474591, 16.16150305480542;
  -15.52811202842433, -0.9713770743393695, 21.82710727304535;
  -11.27718792462048, 0.5187853622744678, 16.14739448255574;
  -15.3796146837052, -0.6524448567013346, 21.74376860792551;
  -11.05952285824444, 0.9248312095185319, 15.95847141112277;
  -11.14103194539091, 1.114134560891998, 16.07067559294851;
  -11.22054756576334, 1.564663460284365, 16.32257807625746;
  -10.84926007515691, 1.400412135670664, 15.97632450896364;
  -15.94330114515679, 0.241560299182798, 23.25870340121865;
  -6.632837347134656, 1.675913305801226, 10.17659420591645;
  -8.60159317226163, 1.446746637728838, 13.16620632634063;
  -6.582032126138111, 1.688078975884133, 10.28947479556394;
  -6.648593690075031, 1.633518124064619, 10.40805375098301;
  -7.730710674225235, 1.423020223383336, 11.97005616990822;
  -7.685902609405576, 1.424922203378973, 11.94023107777316;
  -16.0744676406455, 0.2795460932626682, 24.19647473143602;
  -10.38761821642919, 0.5913066804686955, 16.01595688660015;
  -10.21464504383451, 0.8402885928804311, 15.80795717177289;
  -6.448205660197319, 1.69208912963337, 10.31670527184756;
  -4.733034034150269, 1.585198493200474, 7.827462136049253;
  -10.20777334641557, 0.9489732920981888, 15.95468277209041;
  -10.07489642229919, 1.100491186254152, 15.75615384360592;
  -10.16111620075436, 0.7035933084947397, 15.9516698194257;
  -7.286295569840084, 1.421907893248994, 11.71300153200591;
  -10.02879749958755, 1.450328838829682, 15.87443232678525;
  -7.162469141203341, -1.743086882214467, 11.59341967581699;
  -7.308810095020209, 1.403580971722516, 11.82601123449252;
  -10.06987655673154, 0.9879745879893386, 15.98324886552962;
  -6.739554422033765, 1.477197632405996, 10.97658079671202;
  -7.011683286966906, 1.440368615719161, 11.40424932228356;
  -7.000021403624449, -1.393580659155624, 11.43077470013806;
  -6.817563833671631, -1.418843911126562, 11.20640917320666;
  -10.01655674421877, 1.17125146922516, 16.13227446809963;
  -9.94998937253566, 1.357116238948853, 16.03660677840699;
  -7.033303676944779, 1.418167379669093, 11.67993019770855;
  -9.628901401907315, 1.268983637845543, 15.68730216063222;
  -6.894687664451727, 1.430500901636703, 11.50244559024396;
  -6.747101899048325, -1.458616684531537, 11.30898143384645;
  -10.07331388102109, 1.455673574200822, 16.48306680247072;
  -9.636381393072174, 1.413410358744653, 15.82532630930168;
  -9.693119082397544, 1.180585723701298, 15.91734454240682;
  -9.556863907653998, 1.349580348145964, 15.80669435116523;
  -9.51603348253242, 1.171666814663542, 15.85198349016063;
  -6.636540187935411, -1.437693586001688, 11.32866675666212;
  -9.442475462616939, 0.7251432534016784, 15.81728414032464;
  -9.486033555502704, 1.351854521987068, 15.90388719718397;
  -9.410526239676443, 1.421232707919625, 15.88335225148688;
  -6.635396728947956, -1.278529449850276, 11.44739373196031;
  -9.304717432662262, 0.7260126603814876, 15.80310252478661;
  -9.294353246660354, 1.323161898207317, 15.79875541605342;
  -7.569771347604262, 1.434044198237263, 13.09971916562103;
  -9.186251496621459, 1.131620105073091, 15.80081468253938;
  -9.169382488991998, 0.7274867050472861, 15.79551552409731;
  -9.17674451502084, 0.9233545298137544, 15.82187998374177;
  -6.534525622925672, -1.148804884685761, 11.51749303946199;
  -5.877437866821368, 1.596284099179572, 10.44532249430535;
  -9.109223624660036, 1.141567620546687, 15.74145905564671;
  -9.104690083159049, 1.411919329834447, 15.76673472567513;
  -5.862726951817179, 1.638848025628462, 10.44858173473112;
  -9.27551250206926, 0.630284758650003, 16.10857808965269;
  -7.439746822369004, 1.435766819386323, 13.09653632184219;
  -9.043620706098791, 1.002766681504188, 15.75828471163738;
  -9.034582133022195, 1.357467143637514, 15.75310282118127;
  -8.986642004469584, 1.336173651400406, 15.66227143517427;
  -9.060726672140129, 1.173773436088131, 15.79532344020902;
  -5.699327715153268, 1.653248488055278, 10.2787128216829;
  -7.381043609505197, 1.444171239762476, 13.13241343106854;
  -9.261083102660667, 1.173644209444241, 16.28451311285542;
  -8.997014401486265, 0.7390597315333954, 15.84148263294752;
  -6.48133793188638, -1.009077367056761, 11.65512349486267;
  -7.399958042376627, 1.483078726864313, 13.27586251879881;
  -8.682417283200545, 1.192528748688523, 15.5795915080972;
  -6.471289845115529, 1.22461092275155, 12.06379820169423;
  -12.14445905330695, 1.125166310499339, 21.92898002983823;
  -5.620031818434956, 1.515561179844824, 10.61472196445742;
  -5.444264365187072, 1.611211041690674, 10.35974131820576;
  -5.590248665308491, 1.570748638818178, 10.62693601136487;
  -6.345550561975763, 1.064124006774713, 11.99027199376499;
  -6.209433710826721, 1.367692398284033, 11.78336204907656;
  -6.20894366062957, 1.25697003802955, 11.78635932615133;
  -6.202374145855676, 1.173330291317728, 11.79941134781189;
  -6.158963347220927, -0.9355482993453005, 11.83620075627416;
  -6.100800401857644, -1.007784635305767, 11.79875081955084;
  -6.220380084814707, -0.9776519273242385, 12.07419488678325;
  -5.955727759306678, 1.431731495634423, 11.72417804851856;
  -5.490184254105153, 1.412578212043024, 11.00378500711207;
  -5.556259937875294, 1.413906538392148, 11.16763153803933;
  -5.914990950751249, -0.9082568021270777, 11.88797467080198;
  -5.110782264317159, 1.510345607135565, 10.45793348784358;
  -5.957492166755076, -1.097470894045956, 12.06551985790846;
  -5.497527043846469, -1.635593873203796, 11.24856797436883;
  -5.36628803287931, 1.412270716756469, 10.99634580718042;
  -6.376347204348015, 1.371251827210011, 13.02400120451966;
  -5.310212724055054, 1.403542171793086, 11.02356387871668;
  -6.049085858606515, -0.988618128687526, 12.46330889604441;
  -5.24513826826517, 1.467771626943852, 10.96355952540163;
  -5.8122327847793, 1.454618019193209, 12.10721478970354;
  -7.98150674655012, 1.054970691419842, 16.38480005044085;
  -10.16548709995326, -0.6084561975815177, 20.75741213261929;
  -6.266915336612164, 1.383811359023815, 13.10515962689922;
  -10.19301337438153, -0.8468767099120494, 20.82495907426095;
  -5.913408103339476, -1.170501704596146, 12.43832708391341;
  -9.950207116357968, -0.9486939370529305, 20.54850928690843;
