m=[-19.87988316508231, 3.020583390213433, 23.93452838318659;
  -19.09846848358754, 3.111169084313953, 23.11784950561286;
  -32.62552850625513, -0.7288139918365819, 39.32489694482695;
  -19.86773298141415, 3.161402969368109, 24.36896667279912;
  -16.6248501612266, 3.587324941842755, 20.71967138238276;
  -32.19221221590025, -0.5245015759520186, 39.37723536143191;
  -34.15912573887691, -3.568261112894439, 42.01203517277229;
  -26.89118749026162, -3.236746504260805, 33.23490832413934;
  -17.12504333318468, 3.591214535932513, 21.5060672459176;
  -21.46042500336096, 3.085440308580202, 26.8438239036331;
  -33.82179322841021, -2.8138594444704, 41.84891232951716;
  -19.60300154276505, 3.051943546307689, 24.66410688715767;
  -18.23026676212092, 3.288414531481711, 23.15739401165868;
  -16.66712622595744, 3.459584596638911, 21.27430889482989;
  -32.43833099897861, -9.47508420934501, 40.68316289732144;
  -19.98548820073103, 2.963406294771625, 25.45726803555671;
  -16.07211744129495, 3.431120750544172, 20.71625588231394;
  -18.29117415951912, 3.293401047296326, 23.52839818535274;
  -17.30099281509083, 3.283731192795371, 22.32514619893935;
  -32.15489242138519, -6.328588125899031, 40.79298163525684;
  -34.43414197193384, -10.40505299908777, 43.66361873320341;
  -30.95443996871269, -3.084131027564431, 39.3539549459728;
  -20.82339559760484, 3.001365135618188, 26.82181587593607;
  -32.28932840201053, -5.665845166956258, 41.14800402017811;
  -19.50535514748965, 2.916387615800781, 25.20807423541857;
  -30.96721695351604, -2.526834999311549, 39.60438472202327;
  -15.75813702837762, 3.618827777340937, 20.61387665598422;
  -31.78265977495132, -5.452816805332581, 41.17481233717489;
  -18.49976842954135, 3.034999094628332, 24.44250020463942;
  -17.12634494070486, 3.409259545776147, 22.7249309790942;
  -20.19246444378793, 2.739704104432926, 26.76149696770752;
  -29.52482493028087, -7.873535067201248, 38.80605872433801;
  -19.54487000224418, 2.795679755463481, 25.97038069380995;
  -18.2207419721781, 3.100882497861765, 24.48069538619248;
  -19.61219824470133, 3.171128046709525, 26.62408955659453;
  -14.99393574254579, 3.574052278373886, 20.57744372641382;
  -19.31142797286624, 2.787934371612161, 26.63020155164481;
  -14.48266542145916, 3.530668685861578, 20.2321783542114;
  -19.23548234291803, 2.936413177556742, 26.85029069595372;
  -14.6374621022727, 3.330682061467708, 20.66752756156177;
  -15.35787866162631, 3.159804806261927, 21.69991252448335;
  -14.27107252034096, 3.512624849794053, 20.23611869998147;
  -23.18520046806711, 2.086063090330423, 32.61431098864193;
  -19.03755737720622, 2.94378475645784, 27.10869212901466;
  -15.32876063822531, 3.207060144291128, 22.03326400875626;
  -19.52111278705735, 2.98027119512262, 27.89669597059863;
  -19.56307847085261, 2.876644182032266, 28.02812761478126;
  -23.60457439649982, 1.0437130801419, 34.05884561230026;
  -17.93600974039982, 2.858855321698456, 26.12700111544423;
  -16.92699443063328, 3.130228298136012, 24.70924278846617;
  -14.13726179715615, 3.408672968628745, 20.85211595918266;
  -14.02479985439396, 3.496127042990923, 20.70586762591714;
  -23.53399232940396, 0.8941235034888503, 34.24901933682713;
  -15.840976498541, 3.032724076708803, 23.44637293838205;
  -13.44398573065286, 3.375826711434222, 20.09263077389608;
  -25.96316459461627, -8.680583491516911, 38.42706215295875;
  -18.5690792789241, 3.093266756927415, 27.76462230573209;
  -14.80399088603908, 3.017059191521935, 22.53761970089146;
  -15.4490749401695, 2.85935101493628, 23.58009865308011;
  -21.96610642039909, 2.242695219817478, 33.1614711316151;
  -18.41523328448818, 3.09678802462656, 27.98700516130359;
  -21.44357760608921, 3.000745576211365, 32.53647749011052;
  -29.42711519856959, -10.30088161755966, 44.44055228939521;
  -21.52564201460974, 2.483322036156053, 32.72556102118919;
  -21.46916907717603, 2.020468284112859, 32.65199318204556;
  -13.66405238055865, 3.469093590561643, 21.09947168169625;
  -21.28821140143082, 2.562069126553949, 32.43175924205977;
  -14.36323362463119, 3.026576370133601, 22.20785736735673;
  -13.32265115333863, 3.484223515474907, 20.66158750931663;
  -28.8207921812929, -6.879656405474081, 44.02365369348848;
  -17.78121966966254, 3.120643492512576, 27.54198526281071;
  -23.74997753902369, -9.17020049013863, 36.65472431403143;
  -28.33082911514, -6.109152738431181, 43.66767619210953;
  -27.86504982745461, -6.498015055010259, 42.99614177273831;
  -16.69487214266162, 3.134106361551219, 26.10831544022289;
  -12.86993110607532, 3.40234835661747, 20.32461187657057;
  -27.76019362199094, -3.070173025613076, 42.87692957785259;
  -20.46652082742888, 2.617962287881912, 31.86631517912871;
  -27.3268848729839, -2.871095918170692, 42.76809667620989;
  -12.81358236820609, 3.411728962764121, 20.62653861951698;
  -19.88817555641072, 2.851881610545728, 31.62930014230343;
  -13.38770468490829, -4.476945930136732, 21.58554361506763;
  -29.73070799410244, -6.368463435098557, 46.94053878840806;
  -28.04262208742502, -1.293024909386515, 44.32538950770174;
  -20.28211868078446, 1.034143343395737, 32.43359314790511;
  -12.90203412144546, -4.927214820222911, 20.97287730718182;
  -27.54675752217856, -1.96698190740148, 43.85868421486338;
  -13.15327049202141, -4.447572604334217, 21.40095335690383;
  -13.01258870504887, -4.683535539536971, 21.22806034615825;
  -13.05607538741723, -4.556994908367035, 21.31701043221705;
  -20.36610633243916, 2.280073665832336, 32.81761905403678;
  -13.29006866383443, -4.358351440028889, 21.78495352751428;
  -26.83587151741183, -0.7015485427672378, 43.12056168901993;
  -27.26419081070691, -1.773289234581483, 43.86576310416351;
  -19.31060092960021, 3.034236201078559, 31.43258436502411;
  -26.53916610377015, -5.251354179546376, 42.9102193652699;
  -11.93340356753788, 3.444823494954133, 19.83712406078452;
  -25.61320502353872, -4.647158230294208, 41.7104914707308;
  -19.28482482669797, 1.038159940128296, 31.65128106973128;
  -14.87653629591143, 2.920282388912296, 24.60933766858893;
  -13.06363846761427, -3.941495232382766, 21.75029516961591;
  -18.96024311926552, 2.753280094269217, 31.22750747660329;
  -19.49551158344517, 2.716096775072717, 32.19925160757798;
  -11.89778022621264, 3.388184524990036, 19.9757099874943;
  -11.93691171001632, -4.884275190969962, 20.13434804526095;
  -12.61509044639821, 2.978682096846054, 21.27918732962225;
  -12.80113104888652, -3.980524829789606, 21.6185714109906;
  -13.05230996367438, -4.285911706521026, 22.02793408165205;
  -12.0596067745624, -4.089509911414007, 20.46140252951245;
  -11.84169989526413, 3.331466167921178, 20.16391436194121;
  -29.84446397993911, 0.4860767035318491, 49.58530318911512;
  -12.96883733783131, 2.729415153480739, 22.09818821727078;
  -11.90061562501882, -4.871807875803224, 20.42134215935103;
  -8.311054440803943, 3.232512062167118, 14.55460341887445;
  -18.44664104157699, 1.216194316041285, 31.45232268066651;
  -36.89323044547336, -0.8816260496519167, 62.47337891975082;
  -11.54609199822241, 3.487782452707053, 20.12102264239136;
  -36.84562025728987, -6.332526598704945, 62.48905300699982;
  -25.60883075553599, 0.9815139314169898, 43.83948904323206;
  -18.47162438107138, 1.181257629054637, 31.979197055622;
  -18.62334876860929, 1.731725181936655, 32.34732272676958;
  -18.25272686382262, 1.875531667697385, 31.72802460348792;
  -18.02240135147853, 2.826317747163081, 31.38782412090903;
  -17.99955559474697, 3.18533430839994, 31.55727468493969;
  -13.02266112154315, 2.913785054432082, 23.07134427833666;
  -18.20731101766592, 1.909306820424387, 31.98398132683904;
  -18.27733025280505, 2.58778897659644, 32.13202908580382;
  -11.87956833706671, 2.991495913722013, 21.22701272901488;
  -17.85445345626238, 1.40607980752738, 31.51805707370979;
  -13.21918268103413, 2.908036579441868, 23.60437518455881;
  -13.46625489588507, 2.867306928069851, 24.04206558424122;
  -10.95062397696403, 3.417448252237929, 19.78629554082005;
  -12.73432399798917, -2.921135938779302, 22.90192867866883;
