m=[-10.12248772426595, 1.538028067552304, 12.18704193244177;
  -9.524848063792842, 1.551611997282697, 11.52940636532279;
  -9.930526213540512, 1.580169971493155, 12.18038628602013;
  -8.541905624213413, 1.791283971982466, 10.72714346985847;
  -14.29964889241785, 0.4657061909167318, 17.51628101878999;
  -16.56736497923092, -0.269928918916823, 20.26505745335826;
  -9.982871847468381, 1.55420899406818, 12.56025092635011;
  -8.430183898844168, 1.749847812267305, 10.76048347344473;
  -9.180723121452578, 1.656038483475404, 11.66201380427239;
  -16.05752515527729, -0.1252935037419257, 19.83759335214349;
  -8.193651031542141, 1.749203624210002, 10.56125753185987;
  -9.353414853930971, 1.684120768141171, 12.03153319501642;
  -10.23754363135215, 1.576026484969152, 13.10129452569005;
  -9.426784556398651, 1.636436129192727, 12.16314214235473;
  -16.38192840678492, -4.785084385834638, 20.54571371031615;
  -7.931316086989648, 1.821412449630423, 10.37528555833739;
  -9.878987644246283, 1.42390077313107, 12.72474445354623;
  -9.90529141573148, 1.481012214199798, 12.80127018673378;
  -15.70657084112948, -1.564916778230464, 19.96856288992151;
  -16.82089126846637, -3.310615733170882, 21.33965493060858;
  -17.30794937729965, -5.229987456145024, 21.94704614042558;
  -8.166151800717973, 1.668493614283495, 10.7905905589496;
  -16.53078234076873, -2.900675172470248, 21.06605283782512;
  -15.87321411899632, -1.295208188958425, 20.30046418725415;
  -8.579110424198058, 1.70780246510445, 11.38361354550089;
  -8.720358477515035, 1.669382200024024, 11.56757409747319;
  -9.439716841804437, 1.548642739909938, 12.47206318913168;
  -7.842874243635308, 1.784735860609319, 10.51326293734836;
  -16.35543493121391, -2.806032946359454, 21.18865975201847;
  -9.984013996649997, 1.428103937529056, 13.2663273951454;
  -10.53403307782548, 1.429252666998223, 13.96097514767118;
  -9.295144415459717, 1.581886768223142, 12.48860223985358;
  -15.37466585187622, -4.10004025483979, 20.20774678000122;
  -7.610301037028219, 1.814040971465687, 10.44425853354551;
  -7.327381751482291, 1.786311880199852, 10.23629906175429;
  -9.912008537009271, 1.430967680425749, 13.66852754198496;
  -9.907287973941832, 1.512407666306484, 13.82931591558469;
  -12.17858761126186, 0.5643986403694863, 16.99406439476115;
  -7.679279210310646, 1.606647195654953, 11.03804738236926;
  -9.828262638960378, 1.519747999482143, 13.99503837407596;
  -9.863714486198468, 1.50588465323663, 14.0957663204889;
  -7.02223364493381, 1.750514888136684, 10.36745207060527;
  -8.551269954635732, 1.581345542866088, 12.48274797541275;
  -9.323814061500073, 1.486140776797559, 13.58180018358848;
  -7.985294679952427, 1.52876910320124, 11.81910705481362;
  -11.94669823482566, 0.4538891460205096, 17.38603009335414;
  -9.473664327357078, 1.578138069740671, 14.16509176084453;
  -7.524475145050256, 1.487557829683189, 11.45651893803916;
  -6.751158550272653, 1.714015740230847, 10.42486333357393;
  -9.375326842161984, 1.576596909919304, 14.24838429505609;
  -7.373055822508312, 1.553627623922507, 11.39992402456157;
  -11.14616217287446, 1.13800070645209, 16.82697552538586;
  -10.70659328798346, 1.199641573593403, 16.22948724461974;
  -10.99357003431192, 1.538404983218082, 16.68061414601691;
  -10.88675246036565, 1.024554699070344, 16.55742547988888;
  -11.02206700045258, 1.271569128931674, 16.75691372912977;
  -6.487872469917648, 1.715160870251115, 10.24585825432403;
  -9.102972795814722, 1.597591916950732, 14.09992943385385;
  -8.552946746456486, 1.605633429176085, 13.37554607736657;
  -10.61995387506872, 1.002830623387956, 16.42373456851385;
  -10.59360981963228, 1.355075014174594, 16.4942205978017;
  -6.436988582832758, 1.713904804289878, 10.36187927637117;
  -14.16273383455303, -1.566345104788353, 21.87501101479884;
  -10.76980611755844, 0.5204769774113924, 16.92548062868579;
  -14.34504766287541, -1.507160731355927, 22.4507984763835;
  -10.36295787336167, 1.486005033798782, 16.4808030786388;
  -10.36375479809409, 0.5284264531588915, 16.57291389999067;
  -14.4411886750219, -0.6658727069009391, 22.82637162027719;
  -10.42277269547729, 1.166874470750536, 16.79508975469559;
  -14.35001486150834, -1.024665773487266, 22.84743566580449;
  -14.76848794169718, -1.406193693429033, 23.55827502862254;
  -14.39654397422663, -0.7094429900164002, 23.06043889593378;
  -10.05017015748046, 1.579163187619037, 16.35903628838506;
  -14.53005847905873, -0.9450490006340365, 23.37762772998679;
  -9.88088353600301, 0.5319175855800582, 16.21703203559047;
  -6.397125449140217, 1.510492780658003, 10.79069796461225;
  -14.2549835731383, -1.577314430803774, 23.12110422099988;
  -9.905785507603047, 1.380064942466523, 16.36063144918226;
  -9.846308761190368, 0.9936457270029218, 16.66842645053529;
  -16.39129702405411, 0.2669650099736818, 27.23344045136446;
  -9.427787860267697, 1.577683827895774, 16.05597625512509;
  -9.453671346474875, 0.6232842787687375, 16.1189194843724;
  -9.265795394976101, 0.5925462359872868, 16.04150727083099;
  -9.216314912847873, 0.9470086638275482, 16.02037155817551;
  -6.596976266922156, 1.476055521340569, 11.68740468861573;
  -9.469205620896695, 0.8805109129611953, 16.4472809907087;
  -6.012402226192358, 1.514034532314386, 10.7432639777933;
  -9.327038930410369, 1.462689413213914, 16.24397613876105;
  -6.261802114486398, 1.478167230445313, 11.21116132925784;
  -9.196205466308349, 1.627428445370951, 16.12301928410561;
  -6.68399983926284, 1.47038712593382, 11.9350525479801;
  -9.247425765157722, 0.9697298556416529, 16.24454554036893;
  -6.918648253228465, 1.473155544933452, 12.35225356600396;
  -9.24721608756149, 1.309263635586184, 16.2568499982451;
  -5.508182066287252, 1.657906391638502, 10.02721686616748;
  -9.148401255815537, 0.7204579131179496, 16.1494628564426;
  -9.166894920031744, 1.511447713255446, 16.32396766645123;
  -9.095579524764281, 1.013649095978014, 16.2512765468031;
  -5.675121175881828, -2.069309592109322, 10.4543507073088;
  -6.332040820935071, 1.471843290073252, 11.62369706054451;
  -6.152658235124066, 1.472185872438004, 11.33647034023783;
  -8.942431644436308, 0.7498344097764436, 16.21293609198136;
  -9.044771350244297, 1.195828378230606, 16.42730132929373;
  -8.899586748162147, 1.37775604901652, 16.17093737948611;
  -6.21483876011472, -1.499260726778833, 11.55192403766857;
  -5.416306848749749, 1.648793864881401, 10.17886499524274;
  -9.045208976846386, 1.353909799740199, 16.60840741656695;
  -8.750234233948861, 0.7463964911061953, 16.09913010031048;
  -7.082344424440286, 1.49017616360326, 13.19108954942772;
  -8.759963009012273, 1.470742661490079, 16.23791228585721;
  -8.817650721021549, 1.213444035775853, 16.34520337982048;
  -5.239653667195929, 1.654527462509231, 10.02025449047219;
  -5.809948079247638, -1.307152416655643, 11.10713816966779;
  -8.507188181283471, 1.491734049618794, 15.89219918048578;
  -8.597022804655362, 1.460604965604562, 16.17439465929958;
  -5.804825905949785, -1.337232389648609, 11.2293526819724;
  -5.987341786988751, 1.523571122039316, 11.54069693929855;
  -8.495377492059001, 0.7482639597549872, 16.09518122820278;
  -8.512645003948249, 1.388438543725308, 16.14658912826294;
  -5.172297075261398, 1.639138614196642, 10.13388963550799;
  -5.059200545319172, 1.652195279413777, 9.944737508443053;
  -8.397748718099013, 1.452716668944564, 16.04537311609212;
  -6.758029191753332, 1.480536084479024, 13.10352456324343;
  -6.619520690099579, 1.511967699176619, 12.85127670759938;
  -8.335034728493394, 0.746756766832131, 16.0331794495538;
  -8.331769836494447, 1.377488061743114, 16.04731606102345;
  -5.099174694419896, 1.528254394527423, 10.12740907893841;
  -5.037876077661335, 1.708007889300318, 10.01738795765479;
  -5.81828366475967, -1.27064860241868, 11.52117690874869;
  -8.26213619245163, 1.452944208972595, 16.02922396670796;
  -5.805520819432566, -1.083905015199594, 11.51212003819217;
  -7.720971379617891, 1.101318049915803, 15.13207644677855;
  -6.191647412181204, 1.482352809094965, 12.28079254485547;
