m=[-10.13246834155781, 1.559978231488173, 12.12594882935993;
  -10.93913725695694, 1.565459135151114, 13.10390836433765;
  -11.59913016034281, 1.550747614127751, 13.8902823623698;
  -10.44324206867443, 1.551822158433569, 12.71246554632923;
  -10.28569220491847, 1.434963562731476, 12.65892237328386;
  -11.77967955816435, 1.525584960234182, 14.59466005875382;
  -10.1468903261391, 1.556351280463148, 12.7103156177011;
  -10.15530574545013, 1.496615089021129, 12.76939971900852;
  -9.628460281890066, 1.636118980343966, 12.22745940125969;
  -9.587494584275689, 1.564786693311012, 12.21207954564411;
  -9.637180121985052, 1.527467389176759, 12.31551851050938;
  -10.57428785930993, -2.384931725853259, 13.4815035862806;
  -14.30762707894161, 0.6986540759778891, 18.01044801606033;
  -8.688297774771165, 1.673207862845189, 11.26241502721375;
  -11.30952471999623, 1.540614305976231, 14.490734620553;
  -9.238770872834635, 1.582616625546379, 12.00354342353083;
  -10.20150217190284, 1.532433660851233, 13.29938396415963;
  -9.143068881182254, 1.664971799563414, 12.1319095017028;
  -7.988788395618371, 1.785191265790011, 10.75240899128595;
  -13.12455314236278, 1.455178068452067, 17.14702517236133;
  -9.39819895380244, 1.574080734816277, 12.53824732133093;
  -8.625069677907607, 1.751641171746036, 11.59923751091261;
  -7.825676643776657, 1.797581268812068, 10.62585355898973;
  -7.583725263192361, 1.87855465923591, 10.45470396062398;
  -8.074683152522177, 1.710063695500627, 11.09968934532203;
  -9.370378424702079, 1.509743199233323, 12.86104431087549;
  -8.042357615655691, 1.763291177859737, 11.19341820764901;
  -15.88985005942128, -4.929639437921086, 21.43490738346945;
  -8.054816560931805, 1.730345003321103, 11.31545864068241;
  -15.96803766789206, -5.400974321852837, 21.68618840994002;
  -8.997172806842757, 1.595393649943657, 12.61999192064467;
  -9.424555805212288, 1.492195991498335, 13.18299970094629;
  -16.12533329708464, -5.169145997944233, 22.02900263376765;
  -7.211987527671285, 1.856270068245704, 10.44521024746783;
  -14.68569004429897, -4.162743840222153, 20.76404109751509;
  -7.773868336313655, 1.667842009245073, 11.35708013039879;
  -9.045002030326019, 1.581576882387406, 13.088201417868;
  -9.160028530673944, 1.512187243228327, 13.38271370503435;
  -6.942087415402722, 1.711229295645025, 10.35813238282188;
  -6.932041338713009, 1.787912718925483, 10.34905092383538;
  -9.480143614624618, 1.476147344796617, 13.94020673382686;
  -9.183703463976421, 1.625538147186721, 13.76259580075961;
  -7.128777651668972, 1.615466387525213, 10.86550265925571;
  -8.990487377869979, 1.490685543527273, 13.74354319656091;
  -11.31951646982027, 1.108469159489366, 17.10215928741776;
  -6.656475046070617, 1.800730984859842, 10.40503241306965;
  -6.895625211732336, 1.675593056196513, 10.8081625948036;
  -10.99461265149825, 0.4594546966442963, 17.23041445625379;
  -7.171039904794117, 1.593371395817322, 11.61887621033703;
  -8.846135807911601, 1.603222433684871, 14.17415328822662;
  -6.271550835109981, 1.736248674829342, 10.28540918090184;
  -6.268354592817986, 1.786568481156214, 10.31647428413776;
  -8.32444007025518, 1.589975227663067, 13.51239161469954;
  -7.037277872810149, 1.618325831301725, 11.58174808973389;
  -8.782506871931123, 1.608279365365826, 14.31802215428858;
  -6.047637058175147, 1.74659219194625, 10.13793715247683;
  -10.44433551535764, 1.166773374041208, 16.99530090716549;
  -10.33603271585963, 1.299897023323446, 16.93614259445455;
  -10.12395781296127, 1.329899769372093, 16.62118413344432;
  -10.12666069771687, 0.7763893438581467, 16.64554506556029;
  -8.615993532428091, 1.648024855704787, 14.32149675475672;
  -8.17781521873785, 1.672012151146692, 13.7044350180487;
  -5.952495657323421, 1.734556627758371, 10.18899641118222;
  -10.25214715881863, 1.657424678032601, 17.03454186339281;
  -9.876381596042144, 1.380900923881814, 16.58125731485773;
  -13.23823969060149, -3.068031230228302, 22.15088861177228;
  -13.32256180135381, -3.331082929957745, 22.30672481070535;
  -12.91870222604253, -1.532656216714541, 21.65873936296885;
  -6.469879033663283, 1.556658273656637, 11.22825594104121;
  -13.68806328226278, -2.956616563184756, 22.9696643202893;
  -7.312631416200258, 1.563808347370147, 12.68457065290889;
  -5.64517132791273, 1.784768847416473, 9.976872990426742;
  -9.904923767978559, 1.555277041194943, 17.00147478300581;
  -13.46695660633469, -1.510210985203554, 22.89074218926712;
  -9.668325343232279, 0.5482381224792984, 16.70054947262165;
  -5.579744507567534, 1.747037532531923, 9.972352118656335;
  -13.27661401951811, -3.06256545354239, 22.81619626883572;
  -9.607841220841591, 0.9922460740067006, 16.72780602233176;
  -9.556607294494224, 1.17308121150186, 16.64779963792667;
  -13.60091176202551, -0.663022209856543, 23.38046876157151;
  -6.020594683102358, 1.559704315804593, 10.84081767345889;
  -13.38430289252108, -1.010423139009379, 23.17887497558901;
  -9.515653409209428, 1.637331936935545, 16.73481681922175;
  -13.45996043424946, -0.8463462349927226, 23.45450941849161;
  -13.14476168424137, -0.3531774233813843, 22.97846575807269;
  -9.504897307366003, 0.5667615800792853, 16.86251231659358;
  -13.85935252920542, -0.9561490805444711, 24.2676823823702;
  -9.1916703579216, 1.465197098436764, 16.36409385124733;
  -9.153043735307591, 1.398195285272999, 16.3571979726658;
  -9.241415053844115, 1.495101391783263, 16.53465836072548;
  -9.070961495938876, 0.6007331441084785, 16.31444481694873;
  -14.20688490059699, -0.7299603745510163, 25.30824761319526;
  -9.211150912952023, 1.475298083028064, 16.74406169527056;
  -6.938745175038806, 1.523976937894594, 12.84173314291776;
  -8.865362211526948, 0.6501012854861207, 16.37375946960832;
  -9.064855093194051, 1.595085470416474, 16.74711325917247;
  -15.55203562137226, 0.2912127305585687, 28.24198717988454;
  -8.746840403592184, 0.5899851596082174, 16.22120568168719;
  -6.127453905281072, 1.512671886806219, 11.66511596469625;
  -8.617821548941873, 0.6147336197661443, 16.18453262098553;
  -8.472308906896307, 0.9625167852878339, 15.97665225528575;
  -5.000017313504547, 1.665812874166574, 9.746055181422021;
  -8.743059924698786, 0.9003522392843749, 16.48279576859891;
  -8.653110345042336, 1.611157354858345, 16.31487264922954;
  -6.222343295146672, 1.511503151364564, 11.95652404906774;
  -8.57885632052604, 1.484538363912583, 16.20834261302205;
  -8.462110842024321, 1.650398241343625, 16.10389465405317;
  -5.258960962395441, 1.650940044485483, 10.30810468700402;
  -8.538086530150791, 0.9916091709861923, 16.2862633525822;
  -8.554891268718512, 1.334744255722643, 16.33403448600829;
  -8.396450856890713, 0.7385938312468724, 16.0932407169524;
  -6.210848222626643, 1.524620924658414, 12.1946201548479;
  -5.886872303219628, 1.514649662907467, 11.63272942850684;
  -5.752130644156991, 1.522559541679279, 11.40341654620689;
  -8.459966713920387, 1.045894307980911, 16.43008607560659;
  -5.615894794396314, 1.537280533243745, 11.21964184998075;
  -5.25901056867086, -1.928978406426422, 10.5760917146563;
  -5.618727899324718, 1.594254837927128, 11.2532549455613;
  -8.338032873520207, 1.375577669164049, 16.37131452537764;
  -8.266062048288442, 0.7672726331830716, 16.302166781315;
  -5.242745313969171, -1.454112790610002, 10.63505656141147;
  -8.437047724093084, 1.228672702723132, 16.67311956446855;
  -8.3042597241904, 1.424883475096134, 16.4199617142515;
  -8.177759770803698, 1.491600575877416, 16.26461147994673;
  -5.184742404802162, -1.525693862272491, 10.5865797074452;
  -4.848724980275906, 1.702563769393037, 9.96646505865353;
  -6.599943363931765, 1.537885916115906, 13.31081834183511;
  -8.245683884646294, 1.366280742816554, 16.4958349658027;
  -8.110749075147769, 0.7682552037433015, 16.24615415020093;
  -8.092704884209754, 1.543490939193429, 16.2141713605713;
  -8.148074667928615, 1.426573235350967, 16.32949813781374;
  -6.318333852928354, 1.549248800922474, 12.83252995704023;
  -5.268586630500646, -1.28968233770936, 10.85534387717869;
