m=[-9.247281487239892, 1.834474901756048, 11.1704241888664;
  -10.80801999435091, -1.072755351740324, 13.00714528370643;
  -10.95842810700776, -0.4830045456513864, 13.25710622261884;
  -9.450137051119858, 1.626410666506693, 11.5659414700701;
  -9.418358074520233, 1.589520850088107, 11.54214348477458;
  -10.90208926807844, 1.426588846810269, 13.27225257967811;
  -9.474555423696653, 1.551006158558297, 11.67407194298998;
  -10.67973562859968, 1.551727117584805, 13.08007027250889;
  -8.646690517251679, 1.882677519893187, 10.75712374271903;
  -10.70626726361996, -0.7883187778523524, 13.14939168268833;
  -10.92126121680205, -2.477737110372158, 13.40629391767108;
  -8.801895738038743, 1.717848161208969, 10.96085856816491;
  -10.59179044455145, 1.609022157098444, 13.02575699327437;
  -8.806232794326256, 1.775576016080558, 11.04601284859285;
  -10.37701282711912, 1.567233639062063, 12.88299067854609;
  -10.67581048622688, -0.7427526723499865, 13.26537686457997;
  -10.64925169554327, -0.6106155195293774, 13.26315818064946;
  -10.56785546700129, -0.6546540047844974, 13.17293482736458;
  -9.226057670943671, 1.609763801786989, 11.60941403258721;
  -9.602090347410844, 1.595146311299334, 12.10567828980078;
  -10.43082138475066, 1.35334192340445, 13.11027774185096;
  -10.55714555611344, 0.4302908741926188, 13.29074144912302;
  -10.66495511208465, -1.055633280487863, 13.44209982458984;
  -10.80360776394963, -3.338442308968851, 13.61261905981548;
  -10.71842417768192, -0.6887032801594746, 13.64183369311146;
  -10.31458292515055, -0.7986490181438823, 13.29291793039778;
  -10.75403005546693, 1.563848835393295, 13.8227916213547;
  -8.102218178558353, 1.88362504226745, 10.63352253699408;
  -8.213989493527494, 1.865165386937503, 10.77183968666955;
  -8.240891403404996, 1.811728978290309, 10.82743639844108;
  -9.501080292258836, 1.537087832545856, 12.38767066621126;
  -10.24641639004707, -1.927456817948129, 13.42683733355687;
  -10.47404561942346, -0.9777515126221548, 13.72087861545619;
  -9.502338817793008, 1.445847027218442, 12.52472190028038;
  -10.3155447101073, -1.0451611877285, 13.54696232976599;
  -8.337248238570389, 1.721746557033461, 11.13782617056415;
  -8.09131150583074, 1.87229147557903, 10.83306371228551;
  -10.3653672790401, -2.50582066127998, 13.66766626125052;
  -13.10778840641117, 0.766960143804344, 17.08206330557521;
  -13.78301542524519, 0.6428429883138948, 17.98246971274931;
  -9.872382505839369, -2.166832278040795, 13.22100517713544;
  -10.2255212514352, -1.168520787745399, 13.6637145335912;
  -9.345839029881148, 1.561848422245779, 12.54683906698356;
  -10.74813315793123, 1.500927400485782, 14.32291523344448;
  -9.570590715573076, 1.53996151679905, 12.88823716442999;
  -9.930692960272104, -2.236388653793754, 13.48180042070713;
  -9.036767787042832, 1.557568433114106, 12.36398591691803;
  -18.56346923955356, -0.7748791359567867, 24.56097112811711;
  -16.14376199911464, -0.167285843405157, 21.52724346696882;
  -7.431335761812282, 1.838145888417879, 10.35288571254502;
  -7.841750126006512, 1.742522923776968, 11.00740811942281;
  -13.0624776356464, 0.70961638539676, 17.8039079543801;
  -10.18984648302552, 1.518187284645751, 14.07651875075913;
  -9.788545830335854, -1.467635463278517, 13.69368683728563;
  -16.34447423924335, -0.315756272776577, 22.38672732662607;
  -8.333354784705072, 1.657300834137228, 11.86545767759971;
  -9.770441404497746, -1.467242655379382, 13.80484510128578;
  -15.00537771610807, -0.3556579380854442, 20.8312189210167;
  -8.573347379011244, 1.569592510325458, 12.28187460097932;
  -7.838773248601997, 1.740231060042235, 11.30305895584968;
  -14.64102290102155, -0.1445394917810034, 20.58269171039379;
  -14.50449226098657, -0.3207285570904795, 20.42056077478015;
  -8.346401908417777, 1.608363279927422, 12.12386201599451;
  -12.47884948467116, 0.6322997132940117, 17.72984928047261;
  -7.807081257806773, 1.660108471970812, 11.41616709553123;
  -7.408930763439897, 1.715224357283973, 10.89679025146822;
  -9.338670052416342, 1.516400984862473, 13.56618860528245;
  -12.55285696908504, 0.5134160442614669, 17.98835252726803;
  -8.544238087278471, 1.547156668126244, 12.5024129575707;
  -8.888017763370289, 1.520467381523258, 13.07053934257023;
  -8.619436826879053, 1.522794627287102, 12.72477086121225;
  -14.09168951578981, -1.831270353360743, 20.31228414001225;
  -13.86051006893923, -0.07151440934222982, 20.01135435835401;
  -12.15592133312357, 0.5880528044033679, 17.71734409202906;
  -6.899650395614031, 1.856781090057287, 10.42405855236406;
  -14.88392100345205, -3.486752112178588, 21.5988822733519;
  -7.441476857195134, 1.752756963835216, 11.19863650762299;
  -14.51613316911734, -2.58274138982797, 21.23974145006229;
  -14.07730196465814, -1.693455563187534, 20.67733626143816;
  -8.318272193994483, 1.619304348008428, 12.55228069905922;
  -8.655706349011254, 1.505920332502251, 13.04241434488879;
  -15.84460939297243, -3.498805545114668, 23.29924494280056;
  -14.5294100109391, -5.250508676232786, 21.52361282681046;
  -6.629996887804346, 1.876175384314651, 10.26982999217898;
  -14.42719486725886, -4.959193055083127, 21.49712573897641;
  -7.12133137286323, 1.678537324943039, 11.16841377089598;
  -8.689454556190027, 1.519709029383448, 13.54298956140196;
  -6.236121745929837, 1.830464505292722, 9.9877228693754;
  -8.277332405176276, 1.505550752140749, 13.06620302586674;
  -8.755261570329113, 1.495663904166211, 13.92419123475546;
  -7.759949081988641, 1.630701952127517, 12.61057738632229;
  -8.441679662223997, 1.648309891745354, 13.6851813938248;
  -12.57599183829237, -4.899580703545352, 20.21692996980177;
  -6.214640767389549, 1.858250328686594, 10.41939632175624;
  -8.289302016673734, 1.532558982633678, 13.67913999456401;
  -10.38950852497418, 0.6008975532482984, 16.96709615621138;
  -6.318923483272796, 1.694664331933378, 10.64896693439857;
  -8.375607430353204, 1.488692576301234, 13.92312779298729;
  -7.025398190919681, 1.563295928963025, 11.81906891224723;
  -5.86887822353794, 1.900723551587006, 10.04318630464016;
  -5.906628173697522, 1.821998243147016, 10.15495588933885;
  -8.144306588642831, 1.556488224814289, 13.75020876723394;
  -5.917743903160385, 1.738222294006645, 10.20683063364005;
  -10.00276527861319, 1.337181412773949, 16.83452875305181;
  -5.767537231141071, 1.770345253535291, 10.16949637730464;
  -9.805686475409592, 0.4765292715179125, 16.78911195507367;
  -5.714923225088438, 1.808771487330762, 10.12294414664567;
  -8.034338743694825, 1.615568059005462, 14.00503866348711;
  -6.573428519670583, 1.678775792525576, 11.69954580727156;
  -7.860573523805004, 1.666045079729847, 13.86522083898479;
  -5.547431641585712, 1.779121213600999, 10.01368277719717;
  -9.359490227833858, 1.167123570114289, 16.66208010059153;
  -9.019414810992046, 1.231873490719609, 16.09659499015089;
  -5.345190759384043, 1.734873486783271, 9.870934444895708;
  -9.213553050560497, 1.292040875153397, 16.52655099025451;
  -7.722523528382054, 1.642027755550408, 13.99537142786957;
  -9.11432101314551, 0.7866572829050821, 16.39314815063164;
  -5.311726295825679, 1.805400787283318, 9.875277157124952;
  -7.244214751609507, 1.643190089278996, 13.21836927002397;
  -5.812129779779174, 1.56284620539557, 10.94107024137082;
  -5.782984293432295, 1.607120072985152, 10.93018125235272;
  -5.156244317385583, 1.821057596273957, 9.838914115574022;
  -11.59993363955262, -2.923965172969609, 21.38898452775052;
  -6.859797043035716, 1.599281747424248, 12.97453217854951;
  -11.2823041528704, -1.439317877082771, 20.8546843216614;
  -5.888189774611716, 1.546920646832182, 11.26454160778148;
  -11.79999590406236, -2.766013038324189, 21.85253138696409;
  -8.443114286652911, 0.7726016383444346, 15.87962044254204;
  -8.870950113670203, 1.55520977787087, 16.72170172886791;
  -5.026760403213053, 1.815409706976829, 9.84022797440981;
  -8.563672866892132, 0.5548683555247863, 16.24100854596204;
  -11.98716315156105, -1.451579517878307, 22.51139956706599;
