m=[-22.03393743265756, -4.654176094170967, 26.21120746367629;
  -21.65085203922545, -2.964407707922633, 25.8621226944297;
  -22.53574447887264, -2.201003100410464, 26.8995132678662;
  -18.74924654066952, 3.719473907348395, 22.64849808777984;
  -23.46518613191223, -4.708254970726447, 28.17218971987065;
  -22.202961877204, -0.9786195071860754, 26.86033263060961;
  -22.3415572998627, -2.046092639100965, 27.1112859689066;
  -21.92840417866136, 2.869433193986291, 26.69573801607295;
  -19.11558004090468, 3.289876443781905, 23.39539402694103;
  -18.97056220534214, 3.201630679646971, 23.24831453937416;
  -21.77348245165361, 3.16360857042281, 26.6672032388325;
  -19.22150756094518, 3.14660427540873, 23.68377745281576;
  -22.20485602356339, -5.03767785678548, 27.2573671064181;
  -21.89724319167956, 0.8761509681810302, 26.88090568510848;
  -21.87017123733433, -1.610334044230437, 26.8608508162665;
  -21.43272774641635, -2.859546960685723, 26.35972894148358;
  -21.62966018253123, 2.905531009236063, 26.72870981261862;
  -21.75699268826047, 3.028357961144277, 26.95814554550197;
  -21.20573114906255, 3.202688071355464, 26.32677064936919;
  -21.67666720475383, -1.508119923517164, 26.93464444784918;
  -21.18862321678787, 0.5923290521373527, 26.35266841953219;
  -17.41003138892284, 3.510335792314941, 21.83810431860832;
  -21.69038249182655, -1.243700924035857, 27.01438394101256;
  -21.46299284668108, -1.329582360926046, 26.7538297483689;
  -21.3538818346047, 2.962292629017032, 26.65769916643931;
  -21.0651699361699, -1.653920032546651, 26.41587380001722;
  -18.90281098512213, 3.298165040925727, 23.78595137088216;
  -21.0541556909318, 2.447207332422879, 26.46516033962582;
  -20.93589372154377, 2.716317501009772, 26.31387992747935;
  -21.36499382478594, 0.8707999545069703, 26.89710087618391;
  -21.63772293848988, -2.141734325910424, 27.2721665172715;
  -21.64785391757068, 0.1760705073904833, 27.43450002813506;
  -21.18022000477444, 0.6603478851782451, 26.89500606078144;
  -21.29434048916281, -1.368249837905823, 27.10229104036767;
  -19.41647559300528, 3.246347445443522, 24.80535467628203;
  -20.46903911691841, 3.18267268035025, 26.27312491720605;
  -21.92651718097921, 3.188549611712666, 28.18345089343064;
  -21.37928090804144, -1.655378780677196, 27.55254658223294;
  -16.44483232679108, 3.7341576920802, 21.56578087151672;
  -19.38806676645935, 3.136607691610852, 25.27849239976414;
  -21.70104271582575, -1.822354793314715, 28.2187857239727;
  -16.4008817970077, 3.812920238295653, 21.52486422503233;
  -16.58756277973721, 3.646713285754815, 21.79385362711431;
  -20.84592593821824, -3.921334108097465, 27.31636564289033;
  -25.01535674184072, 1.463693264582692, 32.60000041400323;
  -21.15243857394282, -1.974578836373087, 27.70944987634474;
  -29.54306544234015, -0.4061548663640442, 38.44676700320575;
  -21.13933957552462, -2.141817798230608, 27.76138778451233;
  -19.21145836676369, 2.923157182745829, 25.3219947169191;
  -18.81682756989616, 3.221858395998835, 24.91515251590503;
  -16.19093077580563, 3.746505328757416, 21.67725028620048;
  -22.34877334814019, 3.120903490176558, 29.7818776091984;
  -20.73275947184336, -2.369234764122557, 27.70386955844584;
  -20.06309311355708, -4.403532554586455, 26.86831246325743;
  -18.87825549673653, 3.154877102853934, 25.34415934467077;
  -40.368536929152, -1.68506956387497, 53.41083917054917;
  -19.50721390762479, 3.138819704078278, 26.26939200833655;
  -20.35245630524423, -2.184782985167058, 27.39883712301184;
  -21.15547786842871, 3.360761364922537, 28.43675948997577;
  -19.89672893912256, -1.924178101467283, 26.80844293739498;
  -28.4968868966013, 3.613974871465514, 38.06020149925045;
  -34.71424525325342, -0.3597180010261825, 46.29045010573353;
  -20.22474820527119, -1.985008419420233, 27.38210195767428;
  -18.19879852316733, 3.363107438011766, 24.72789338149068;
  -19.71888718034475, -2.060239320806883, 26.76618307927708;
  -20.39504089159474, -2.428789699402814, 27.67300046870397;
  -27.0476199616235, 3.33128632819238, 36.44508808463464;
  -17.72849417458089, 3.154133545048944, 24.18258093600586;
  -18.08515588815885, 3.117139732165435, 24.7438705935405;
  -19.70594931812179, -4.684281772945262, 26.97475403169673;
  -27.15710350041411, 1.475304009035796, 37.0146142650234;
  -15.65109928558782, 3.287176821809334, 21.6917094821014;
  -19.91948652222665, -4.669296000390547, 27.42820790105308;
  -14.79995764125127, 3.660779455938676, 20.61840225249295;
  -20.51359066168053, 3.056324013994785, 28.33800725806482;
  -17.10957052219516, 3.196185716345393, 23.80249405647815;
  -21.79111605749053, -2.910054955203471, 30.12285361701751;
  -34.22544599902308, -0.6611958943787861, 46.87796719533788;
  -28.57817538063907, 1.337741004232689, 39.36840812743989;
  -32.61115430119641, -1.666951390250592, 44.84281948455736;
  -15.70025723325583, 3.488769432656713, 22.03833789261234;
  -19.57989858850629, -3.015572828619928, 27.34230364434658;
  -31.1523330463916, 0.5888209414664436, 43.01988901444241;
  -19.88598436120167, -2.981584433129245, 27.81949913842431;
  -19.07796193186693, 3.124073734085497, 26.72384980169615;
  -15.33956532737039, 3.76623550884333, 21.64676648464978;
  -31.31967043319614, -0.7423398209982102, 43.47953938058031;
  -19.94434425696335, -3.346054082724125, 28.23987371193177;
  -16.46209852672328, 3.27390952681649, 23.43957966506098;
  -20.71268955821057, 3.052899379960514, 29.32607498474861;
  -30.37046518858228, -0.6715626650579556, 42.75792071742644;
  -14.81276659361416, 3.612718893062064, 21.27645945697138;
  -24.11781693977893, 2.951282600978017, 34.15067738722898;
  -17.2565909323881, 3.159304608085338, 24.72118257926353;
  -15.37987750673426, 3.414378715653907, 22.1768963942626;
  -27.33897691273073, 1.072153289687087, 38.87223755047742;
  -20.725009294073, 3.224443896189547, 29.66985059512966;
  -14.4905898032743, 3.635834784714331, 20.99507205020208;
  -16.5736082351245, 3.19375740513917, 24.07458226366325;
  -18.79787262027455, 3.052373881367409, 27.30747353888313;
  -14.25292749028792, 3.853132410050584, 20.9472499610547;
  -29.78407432207862, -3.870557341417449, 42.93186986552731;
  -30.8573193750399, -5.455919020510072, 44.46792027949563;
  -33.78706819050357, -7.50285661067659, 48.64729371855268;
  -28.6735631239753, -0.1479435403422473, 41.39795934901087;
  -14.78672565786906, 3.423240521831696, 21.7477869809371;
  -34.00008705052561, -1.082973756601926, 48.99429999369853;
  -16.61312779637137, 3.400757096317323, 24.38965917892873;
  -35.45930824437721, -1.539391128277636, 51.2842061093335;
  -30.87807034613404, -7.233589655199805, 44.80887839163785;
  -17.60244371811917, 3.011238525962445, 25.88579807876218;
  -25.11303506475923, 1.214863957425518, 36.6024319543042;
  -29.3820451619065, -3.817247735230878, 42.76470008391506;
  -17.35795325601139, 3.066627030263366, 25.625337506227;
  -30.14129380358886, -5.362803312876181, 44.10219167185549;
  -14.75616434421504, 3.54852409232828, 21.99577200440205;
  -28.62086100679985, -3.443000399995995, 42.03953062989197;
  -31.05441785837688, -10.30041167173622, 45.60238583503294;
  -29.61723586796686, -4.583258100951336, 43.72339694618869;
  -30.35501676743045, -5.500794999815712, 44.79952093469048;
  -14.96757109478346, 3.525444608849969, 22.52461323324778;
  -28.39032833042358, -10.25944378386716, 42.05693380185432;
  -14.96234136289538, 3.387272098633051, 22.53780197628235;
  -13.81209787151846, 3.717006032386606, 20.86745105740653;
  -28.29767786488029, -3.546827859318791, 42.06745212283928;
  -30.27650212237837, -4.158811340201381, 45.02725064154606;
  -16.67710261124561, 3.246504098539797, 25.16576379581588;
  -17.54262452070056, 3.052066912389333, 26.43321855782672;
  -30.25445160908731, -10.39964232032593, 45.08040241976011;
  -28.44158306398876, -2.563672699165347, 42.64020231797711;
  -17.93138140336234, 3.05206085214534, 27.34768390383576;
  -20.23465610423844, 3.236460551042224, 30.87429882033038;
  -13.28349243062866, 3.759000484889962, 20.57605927627072;
