m=[-25.40389694933575, 3.146548818308294, 30.19395044266991;
  -21.78934348926691, -5.149353479359246, 26.21638332917271;
  -22.06468010103242, -5.164443361878932, 26.60446495360093;
  -21.66233902124473, -5.359249273229231, 26.17337616064618;
  -19.54421595571747, 3.715898202751353, 23.69081501231673;
  -20.97184867563492, -5.058691902817412, 25.39104910660483;
  -21.66394021901115, 3.355796054260789, 26.19276886685831;
  -22.28891132813644, -4.496330585498007, 26.96590548026539;
  -21.39062051408244, -4.828715915725261, 25.97549199458181;
  -47.81242209829097, 0.9145951824149692, 57.12909113061325;
  -23.1437539319349, 2.828977780974191, 28.08358608213915;
  -19.53287786348219, 3.261336901672278, 23.82982775627744;
  -37.76277191905976, -6.33049581483936, 45.31284407751866;
  -22.25375664173588, 3.125241040172154, 27.05135666093233;
  -22.90918177430665, 2.922009069406171, 27.86486464056119;
  -21.16230005870751, -2.84941068139156, 25.93763966311637;
  -23.28751157931173, 2.872802213782155, 28.48390828686196;
  -20.77863306674548, -4.525602913263134, 25.56863345024464;
  -21.65924827555642, 3.319693684718755, 26.61177064606052;
  -28.64734203877955, -4.711783497563549, 34.96402929869007;
  -22.20330628775299, -3.116347677937433, 27.32593018229302;
  -21.23047746849738, -2.599532996673707, 26.1654228984035;
  -21.72911648279115, -4.513502306170854, 26.79697953307102;
  -21.50064251367604, -3.173466582992405, 26.58365362379363;
  -21.21548788448065, -4.520283526665039, 26.26333686329138;
  -21.17367965218015, -2.649354537892283, 26.28887628213175;
  -20.71463909912102, -3.148769045709663, 25.79529305444955;
  -21.24743028001029, -3.334542579403796, 26.45239760502015;
  -21.6090030768474, -3.507613101245941, 26.92732112528379;
  -22.24163317263494, 2.801653680451214, 27.73287249079709;
  -35.2956290166936, 0.4785999827755377, 43.75839155806145;
  -39.41550298196024, 1.29951253183698, 48.85206979646482;
  -20.53698202878623, 3.429382283368347, 25.85938142019284;
  -19.50730057563563, 3.368700874813035, 24.63011865414615;
  -20.82555992001593, 3.380577805609621, 26.24509624496174;
  -21.26938519575106, 3.151513823232129, 26.79853606954225;
  -22.3642853476805, 2.965661337423203, 28.21084589720066;
  -35.2096965449401, 0.20082467767648, 44.010777952065;
  -38.48962521692739, -0.6487469102366464, 48.09448283709849;
  -33.92434596784491, 0.6441670135768386, 42.51759862913633;
  -37.81798412178531, -0.08060729827430165, 47.32482880028351;
  -33.02188456029091, 1.488156548297563, 41.73272007494672;
  -35.13896316719238, 0.1029522013832814, 44.45175835482471;
  -21.48939688497373, 3.045812756095273, 27.55491667149457;
  -20.12280514662762, -2.962176352918028, 25.91909528554244;
  -17.41932634049032, 3.716831962467253, 22.59954343743881;
  -21.62738472055756, 2.954234254023728, 28.21388401776204;
  -21.13013765852408, -0.9961177519901273, 27.61549004134773;
  -17.90407038536095, 3.312101892741806, 23.57113702791426;
  -17.89815939241613, 3.250217076794254, 23.59021154564157;
  -21.21163062958847, 2.982785163070455, 27.90685379410359;
  -17.89247071962221, 3.15067301963173, 23.73106155523354;
  -21.6151355703993, 2.473918769337807, 28.50572016440259;
  -19.36825203757674, -6.426878776485636, 25.7053550074596;
  -20.38982560418597, 3.186172791913429, 26.9927138907608;
  -20.39901616659638, -1.617249438489329, 27.07621988436746;
  -20.95888023712854, -5.124223815143011, 27.81118950057578;
  -20.86834579015057, -2.999203433913079, 27.71730375581924;
  -20.15801294373509, -0.9002569917284077, 26.898358790114;
  -21.0762391381353, 3.004826846471278, 28.12506160306068;
  -20.80563140322112, -4.865479262115886, 27.79101098069506;
  -16.96179999923621, 3.68840476031563, 22.84273117330659;
  -20.24409890310827, 3.028240656443042, 27.1305507563468;
  -19.66451630865053, 3.19807179316571, 26.38826946533392;
  -20.48037033545581, -1.538129994960307, 27.51502131889184;
  -20.42576554736193, -2.20254275842888, 27.48680673574302;
  -20.35401191588857, -1.261032072726652, 27.41431766226725;
  -20.24113850577533, -1.355797235867635, 27.27695599948578;
  -17.15733835838729, 3.224731014998091, 23.25954474313051;
  -19.73387235350764, 2.92545158163386, 26.63696918944038;
  -20.35739098965919, 2.633125353584962, 27.65505827565359;
  -20.11792375403309, 2.841502084712108, 27.352586705656;
  -20.34664338993068, 0.8714823635936734, 27.71007823369958;
  -20.46125238488816, -2.173223520027645, 27.90671476060597;
  -16.30401043770999, 3.490536966129963, 22.53332816782422;
  -21.01815385127532, -1.411161291719137, 28.96066472195894;
  -19.62568158883894, -1.587940315577478, 27.10266552265511;
  -19.74655167523725, -6.544089135409762, 27.32739656063557;
  -20.20924639647001, -6.043490861974148, 28.08738999848514;
  -19.25370880408037, -1.612825588172087, 26.88182331477497;
  -20.59845709364157, 3.229135006901318, 28.71570858583677;
  -18.8017028259035, -4.780791332974451, 26.31040974947635;
  -15.02264391970567, 3.784447701786393, 21.19329832765548;
  -15.44738574428217, 3.797184129851823, 21.7746822681388;
  -15.40682238477613, 3.67246869973327, 21.77195863710127;
  -17.8277466688579, 3.116506957791611, 25.13131185495526;
  -14.63712474341856, 3.483018939686814, 20.9248663698041;
  -21.35590543044897, 0.7589889273630885, 30.21105584542459;
  -19.32293807211465, 2.987344538625765, 27.42177927010463;
  -15.78824163524046, 3.476699871583713, 22.54958533672491;
  -19.49964276121717, -3.966930148757772, 27.68539453050696;
  -20.17089071707291, -2.029650337242789, 28.64827669048686;
  -18.02986862280272, 2.963808324788955, 25.70477429429041;
  -19.51361595195743, -2.144691013383016, 27.78818571387639;
  -19.59901063118801, -6.182655284039034, 27.94556094511564;
  -15.19664089977369, 3.813457841981914, 21.8931964790896;
  -17.80421534326266, 3.06251297189464, 25.54898708653241;
  -28.33493497390809, 1.801555649568448, 40.24213394127872;
  -28.68725907096765, 1.437559504435629, 40.8821708879247;
  -20.2977797497303, -2.335673225740754, 29.19649896110578;
  -19.21309520132368, -3.578450217751711, 27.68722361568787;
  -18.71649027599252, 3.148517257219228, 27.00300865597715;
  -18.6961364636194, -4.443867804901017, 27.13438938896357;
  -19.55291318899067, -2.42006483253709, 28.34781747204443;
  -17.69230831702282, 3.210078626449259, 25.71657144115358;
  -20.20931368673985, 3.036186886238018, 29.29453215341733;
  -18.00908863311944, 3.137486610427149, 26.29015266372248;
  -19.2181696175252, -4.742924232852105, 28.03807425122419;
  -18.81069650598869, -1.973559269926276, 27.47980623868637;
  -19.6343490691378, -2.568374069767117, 28.66027516928941;
  -18.65713143368918, -2.116831862579947, 27.46471779505171;
  -19.47716547070564, -2.527544894013811, 28.69199852378722;
  -15.09857877112995, 3.076892106487149, 22.4200492759535;
  -26.73730154781267, 3.666548498869146, 39.11274094857204;
  -17.22471610911775, 3.218657304082798, 25.51022415742014;
  -37.7255128658475, -1.72563673013689, 54.99248623122293;
  -26.09131945089097, 1.335187444928392, 38.32420929870957;
  -31.94331541685106, -0.3775262483376963, 46.82668924082662;
  -18.67823357705685, -4.809560310004881, 27.73565923204924;
  -13.87281783503267, 3.734458824110301, 20.78830703657937;
  -18.42202782414024, -2.202085868393914, 27.43252267777566;
  -19.40220637329781, -4.68177764829136, 28.92032298332339;
  -19.11412438459899, -2.524516521476924, 28.50627766029794;
  -17.91333565465968, -2.294092385153851, 26.95738663013521;
  -14.64512279270623, 3.539327870759477, 22.18045026715075;
  -17.97514224914605, -2.617598604407624, 27.06969195367947;
  -25.58790142717466, 1.47133536329414, 38.19118278868533;
  -19.68438558711539, 3.18230620450642, 29.58522326454508;
  -18.90014662884308, -2.921942527636112, 28.4715163758896;
  -14.09620192814556, 3.772430907663274, 21.45648204762479;
  -18.4988026321748, -4.093167614688819, 27.94234178341451;
  -19.50233818943028, -4.623343240810524, 29.41412132573977;
