m=[-10.63421061972201, 1.647264610088099, 12.857283487121;
  -11.18373717543772, 1.570605582053789, 13.59479516224703;
  -11.76769835871484, 1.438425127052304, 14.27941079988775;
  -10.70444846034477, 1.640661277811178, 13.15208744528566;
  -11.59138289858298, 1.429940263837755, 14.1778947173752;
  -10.79727820263117, -2.242775959461568, 13.31551806250043;
  -9.224499459872487, 1.872269247468647, 11.48924469384697;
  -11.30810019014099, 1.424417904508867, 14.09995831925618;
  -9.727909246758019, 1.679905236636657, 12.28255842346902;
  -10.1349934257133, 1.6451962860329, 12.7724718529295;
  -11.12004338981435, 1.474595867426687, 14.02708942241131;
  -8.680953252796099, 1.852290030279575, 11.26252395070629;
  -10.68770053126338, 1.514827744384508, 13.70437239933785;
  -9.110430351838408, 1.685352713799, 11.99409953068741;
  -9.000928534610045, 1.584967393828326, 11.93807118403372;
  -10.49633352368072, 1.475997222834975, 13.80938835559899;
  -10.74272310632033, 1.496776711090952, 14.17956300655158;
  -10.28598734282214, 1.607317965629761, 13.61692438270707;
  -10.40107287255504, -2.542951947507595, 13.80160606841451;
  -8.321577769272484, 1.80955718490393, 11.20680375489721;
  -8.040034267376656, 1.910573942540264, 10.92008718424303;
  -9.830367593940879, 1.598728431718544, 13.19159774594018;
  -8.667038328918105, 1.62897453693782, 11.7495710343295;
  -8.210641031047622, 1.757821864993886, 11.34770304077314;
  -9.024683123963719, 1.622963392421859, 12.44588759445426;
  -7.420400315315914, 1.869319213696875, 10.46838082788027;
  -7.696571592809443, 1.891925273977319, 10.84911089563759;
  -7.709164587542235, 1.837605765924612, 10.89410965705855;
  -10.1208062336043, -3.026584900230739, 14.06618664573247;
  -7.407929587550552, 1.908458682026455, 10.52922661741554;
  -7.543582681026678, 1.795054822015055, 10.78411657460437;
  -9.629763673049988, 1.488770590144237, 13.66589557344424;
  -7.583219253732729, 1.902939414133683, 10.92484254651686;
  -9.028907893282785, 1.484201185138998, 12.87230896553774;
  -9.862118530828472, -3.111079451603418, 14.06205852108952;
  -8.869733470001624, 1.525687781540292, 12.72803667653958;
  -9.323391839004581, 1.568395552160549, 13.45122011762202;
  -13.66535680315644, 0.8688532645218755, 19.40795415039337;
  -8.797565982104763, 1.59622351238133, 12.78766060556256;
  -9.415778489442609, -2.238027892486468, 13.66546507776731;
  -13.7562338198629, 0.6893445143734919, 19.60398866990517;
  -8.988353108509756, 1.565922524023682, 13.12143997023765;
  -8.043906906881036, 1.61226509310695, 11.82828206914468;
  -9.287992820618401, -0.9744670711318086, 13.568463186658;
  -9.72721009112453, -1.272418763731308, 14.19881641400195;
  -8.159333229891816, 1.57329950918583, 12.03571751154931;
  -7.726238658091758, 1.574505991608592, 11.47277860108355;
  -9.291814721799312, -0.9921279228453306, 13.65216970442389;
  -6.956575737778157, 1.872658169267749, 10.42437333783461;
  -6.831793164795962, 1.876888701465443, 10.26497785760609;
  -9.660709594324747, -1.253666876959644, 14.23128359390893;
  -9.106664004695499, -2.34492461896041, 13.52265611911265;
  -8.146743587741408, 1.86123462696678, 12.16797596932621;
  -12.75126384680457, 1.748610540692746, 18.65322417503871;
  -8.042166632111169, 1.630528169085878, 12.1022137453535;
  -7.054884775934742, 1.888030940135698, 10.73856697814907;
  -12.97431960418578, 1.719095390262455, 19.13068241225634;
  -15.35708764107957, -0.1814997475018359, 22.51242744307041;
  -8.878746387615959, -1.137067091814564, 13.36143104646285;
  -9.24547620258608, -1.34635627743769, 13.92323850905654;
  -9.737182631633536, 1.574176474339245, 14.63478353691122;
  -9.153818880929327, -2.025434604560784, 13.82679413799063;
  -9.479091208359117, -2.247171177194823, 14.29670310053081;
  -12.56812543384786, 0.7226824541968183, 18.75853622155398;
  -8.939246047809194, 1.590956831124585, 13.56571259237987;
  -6.803735685117362, 1.810982048232722, 10.54216678634617;
  -9.168747997055482, -1.492755921875267, 13.94528810610845;
  -9.260268881199506, -1.608008866195118, 14.07869967535696;
  -7.876993565691381, 1.706574968965515, 12.13989010775671;
  -8.678601165586247, 1.615788820396054, 13.34166379752224;
  -8.113492181297605, 1.686771603255818, 12.52823379202868;
  -9.211506484477809, -1.457512932642244, 14.14367282476182;
  -7.21133361603946, 1.74809235089372, 11.2388126539237;
  -16.75209786073381, -0.7318422569084914, 25.15255003980937;
  -8.023306255501153, 1.598801064336459, 12.46867706773246;
  -8.515945061229761, 1.629390805152552, 13.210554361946;
  -16.38558841925398, -0.327108535725907, 24.71420335523931;
  -14.79064911285881, -0.396478208907967, 22.58201376430851;
  -7.859963760120371, 1.653635207419749, 12.38369230818598;
  -6.935286176922726, 1.755413460002314, 11.02684713262761;
  -7.893574235221453, 1.653477128640089, 12.52677928031852;
  -8.359194202466281, 1.5944037045552, 13.24330314376176;
  -14.07718913880001, -0.3525733740340228, 21.80316569985966;
  -8.747670366859168, 1.545962252919922, 13.84219765934553;
  -7.74255353655213, 1.664654699391407, 12.33674217110539;
  -13.09612652924542, -3.668306923724614, 20.39996447265463;
  -12.92919987458882, 0.5466815253313702, 20.19522280684242;
  -8.039685998818822, 1.549761734442137, 12.91223211215034;
  -6.84986623638624, 1.765977347993942, 11.1734808678523;
  -8.519969436239869, 1.564830894247178, 13.73643406881949;
  -6.908952835107606, 1.713343664294179, 11.28176904439267;
  -16.34595950034619, -0.5406348537849725, 25.67949354847475;
  -13.4758600312532, -1.911407187821693, 21.39106572801306;
  -13.64070886418348, -0.08674400494592389, 21.67826973661582;
  -14.29089092439188, -1.641269261853529, 22.8493521974657;
  -7.717845803371076, 1.643681596374245, 12.67814527479255;
  -13.8563934232516, -1.967359872918872, 22.21832271239411;
  -8.131836607043729, 1.545982958907116, 13.35950279230488;
  -6.061813866241663, 1.887546906739978, 10.15957564956664;
  -14.21195866312161, -1.876380221374196, 23.00138558754178;
  -14.10305116649261, -5.10930950019667, 22.84841534369879;
  -13.84570701776218, -3.435484767923331, 22.50770642005441;
  -14.06229626617206, -2.79670981603326, 22.90231615734433;
  -13.78931416017341, -5.45785664994109, 22.51625417701338;
  -5.944040104383975, 1.843491618206071, 10.1693677403793;
  -14.17403796738116, -5.314119736823264, 23.30729972028267;
  -6.115998475787783, 1.752457523851343, 10.49624485337403;
  -5.697601241667381, 1.846415980702719, 9.874302873491413;
  -5.905613335760116, 1.845757333934525, 10.2239822246113;
  -7.840746423004858, 1.645434410489628, 13.36248638204118;
  -8.053838209894565, 1.540772885544318, 13.72720643791952;
  -5.647922981145154, 1.890266927036324, 9.876880625073401;
  -7.790060004103284, 1.553956503470876, 13.44364012719284;
  -5.265658356846886, 1.808488970610051, 9.424958843391421;
  -8.288391045964954, 1.542380447846596, 14.43978209563281;
  -5.985648929439732, 1.652806104735553, 10.65369862691769;
  -7.857393898228053, 1.687512671204431, 13.97892403557297;
  -5.739718951550968, 1.702332069255891, 10.53569890889688;
  -9.944488759556663, 1.061197950115576, 17.75814412579433;
  -7.890070694175035, 1.594022706935051, 14.35147875220519;
  -5.532030224045919, 1.744059566888474, 10.33472643143884;
  -9.59284224493015, 1.143479133998968, 17.44980294882726;
  -5.454475053231069, 1.779785318582139, 10.24599637155561;
  -11.60369223666008, -2.297455926023534, 21.0417386979486;
  -9.319052952501551, 1.370925056026721, 17.35884964857197;
  -5.121337543475967, 1.75178635424669, 9.857922123337437;
  -6.654041647901825, 1.626453609233534, 12.60981143960907;
  -5.144677169915368, 1.812211780411173, 9.946009626912947;
  -5.807625654618982, 1.589911122151807, 11.14287391941359;
  -4.941457033510607, 1.804261228049943, 9.651965276398668;
  -9.359302363022142, 0.4958743387842935, 17.74833973463942;
  -7.366111523553379, 1.63978735191262, 14.1629211492511;
  -4.989907980130325, 1.786228603978719, 9.834952591508351;
