m=[-14.05554785148729, -2.895364077878857, 16.81549429825342;
  -13.96695416406511, -2.13023678919951, 16.79840471459612;
  -13.92196558844221, -3.142461858264282, 16.79935682242687;
  -14.39409575519904, -2.349229895910845, 17.34596241675816;
  -13.9041881824094, -2.839017179089834, 16.90180596263294;
  -14.59543440086292, -3.134962382854762, 17.72963380572928;
  -9.362697956593699, 1.966766974357862, 11.75069867321701;
  -9.428049614374197, 1.914691112298638, 11.82896878952162;
  -13.87468675119769, -2.755769635642587, 17.04085149900006;
  -13.74091630272101, -2.772122291461435, 16.99488010524557;
  -14.10884931760672, -2.782126665115482, 17.4630662531822;
  -13.61717411349822, -2.602915996591589, 16.94805405729412;
  -13.88176786660956, -2.912103535941726, 17.29990946048001;
  -13.78006927001085, -2.789221754605205, 17.22223397250684;
  -13.70587818618089, -2.909870707981602, 17.15722922054849;
  -9.168954616935194, 1.830745742321937, 11.76674787842736;
  -13.97204186735716, -2.768595055889882, 17.52213861338737;
  -14.40482306794407, -1.400488895463633, 18.08042385885098;
  -10.19589698448058, 1.551212698093136, 13.1712501228837;
  -10.7129321284425, 1.42076422926891, 13.87122058305934;
  -8.968209556748297, 1.836246708248738, 11.75608916415132;
  -13.44739757484241, -2.724498733379614, 17.23342561431997;
  -8.892395887688425, 1.891090403236866, 11.6672177808678;
  -9.708560178439683, -2.319264398327556, 12.68846200772748;
  -15.28431246823829, -1.307762404180817, 19.55416284841664;
  -9.73752976260381, 1.62102854831953, 12.7754287818468;
  -9.93132349621226, -2.656920407907587, 13.01476431615939;
  -9.870821399367681, -2.574378255620379, 12.94889400584193;
  -9.44062597854516, 1.697630529682249, 12.45997772248207;
  -15.25057369493044, -1.320464169872159, 19.65369849025138;
  -9.90945706119836, -2.420420206028613, 13.05042907827096;
  -10.20610855027255, 1.435382724868406, 13.44938447762822;
  -9.963361385470972, 1.712684135262565, 13.19013614762074;
  -10.4001870543239, 1.570918597861395, 13.73589000073889;
  -10.70430792439758, 1.52045978512753, 14.11745520948935;
  -9.933509685767833, -2.410652041301179, 13.21409302592208;
  -9.781192219630357, 1.612297336527099, 13.05421814811938;
  -10.17128392503731, -2.69938826513956, 13.54532672606715;
  -9.935612976077456, -2.34271335543648, 13.25728889280561;
  -10.56382104000388, 1.399418938555876, 14.06371786118214;
  -9.924056751909225, -2.238072872311017, 13.29508745265619;
  -9.811062908915506, -2.261894273854017, 13.18415866882964;
  -9.855476640953501, -2.171141291417296, 13.26348541413272;
  -9.692706541998525, -1.318016567288412, 13.06728419474273;
  -10.01501691653908, -2.574162262116798, 13.47556121852722;
  -9.95980524494578, -2.445791513535322, 13.43025267584207;
  -9.7533217889362, -1.420204526867726, 13.23759790781943;
  -8.994680398400734, 1.677310141568191, 12.31576475252904;
  -9.766162485297489, 1.631390855630476, 13.31039374497682;
  -10.62797594840461, 1.446400151866264, 14.42313261449679;
  -9.347071221024084, 1.637270023802633, 12.8014539473546;
  -9.777963185370231, 1.560145213160617, 13.39669460527439;
  -10.30414338252999, 1.468383421463144, 14.1571854916212;
  -8.146427931154289, 1.818460116891618, 11.38916666736971;
  -8.037355200716792, 1.855944610269084, 11.28305283669242;
  -9.508879535242384, -1.300098420331439, 13.28240942262123;
  -9.786925592841975, 1.494950396911791, 13.66731141151958;
  -8.548437548935331, 1.710325490477004, 12.20344923004151;
  -8.882709426987736, 1.620420408869705, 12.70814271899278;
  -7.781918010414466, 1.779368016512388, 11.26775652201906;
  -9.546201810777633, 1.448591811051659, 13.69738997830331;
  -7.633564800511893, 1.801906808543044, 11.14609618731811;
  -9.527672108393045, 1.611582263182759, 13.74609391466068;
  -9.192018546623501, 1.626241506366439, 13.31628003825761;
  -9.371357522128903, -2.49283323171531, 13.55940005316418;
  -8.035891712165606, 1.643804435402942, 11.82474982401141;
  -8.957904285622982, 1.378918500817436, 13.13534410147367;
  -7.360262433922347, 1.796228415830309, 10.96970601765171;
  -7.538782943721249, 1.757268971160288, 11.30496626701595;
  -6.931167602346593, 1.87765007321246, 10.47153770534383;
  -9.229493597032185, 1.115133940015247, 13.69020996193881;
  -9.154090134526488, 1.331051389440225, 13.67008055786068;
  -7.268465430717921, 1.74157583867733, 11.05954759280542;
  -7.033242177155657, 1.885922129286128, 10.75300945598917;
  -7.068614563491632, 1.836182416545559, 10.83433981370773;
  -7.027178291346676, 1.828048399635398, 10.88660392032938;
  -7.693516987022018, 1.760234215087931, 11.85801867951126;
  -7.466621260414761, 1.796201555969342, 11.5910494806526;
  -6.870151880374265, 1.881948316355883, 10.74861881799747;
  -6.988162161822529, 1.819409008659783, 10.93948246469599;
  -8.298040052157896, 1.48507710693952, 12.91674427433757;
  -8.887554929511083, 1.487620531867991, 13.79451785972856;
  -8.141468308318697, 1.527086245529358, 12.75824277574762;
  -8.025699858006204, 1.576087956604117, 12.60169862963296;
  -8.018866620613588, 1.588392576140592, 12.74033783775217;
  -8.664308916558811, -2.265134413468152, 13.76274324216223;
  -12.08198600714564, 0.8224412476752088, 18.95873557447095;
  -6.405111977746535, 1.891693840465903, 10.42558069250368;
  -7.228135417232463, 1.622250173874129, 11.69280907796462;
  -8.398568380090433, -2.26595740020462, 13.56395884910971;
  -6.389219467487554, 1.88012912113048, 10.58907459911563;
  -11.89154884049312, 1.738087732436404, 19.07635409312535;
  -9.548729487351201, 1.550290785701302, 15.48880612693541;
  -8.42270368049801, 1.552283785878768, 13.78174186542128;
  -8.257978957346094, -1.000420592122988, 13.54589160405;
  -8.629862715085789, -1.259834102172162, 14.12998699324127;
  -7.211173883380885, 1.604696866074966, 11.96725709457904;
  -8.094661378350208, -1.143201981250331, 13.35663273456922;
  -11.4188478001222, 0.6275771764221614, 18.54498838617958;
  -11.33328187717076, 1.776704022642715, 18.46184692602085;
  -8.696958529137817, -1.396974582360332, 14.36304102194757;
  -8.803716518745993, 1.552230203606555, 14.55277728037666;
  -8.251803637301467, -2.012524028257476, 13.68427275592071;
  -6.099627562350817, 1.871985351955701, 10.32257770671042;
  -8.470452263870911, -2.218304155628949, 14.04891919678711;
  -8.037634181786647, 1.567752847931509, 13.40045012015561;
  -7.100045283820601, 1.687514792564315, 11.98248691831789;
  -8.368392886790138, -1.511571780712276, 13.98652749966138;
  -8.535619571951109, -1.640043839814753, 14.25179524914455;
  -11.42414996582162, 0.7084110107716176, 18.86868679340568;
  -11.41430666444324, 0.900331501639927, 18.85814270430304;
  -6.43806345977287, 1.719773912733067, 10.97755275290779;
  -7.296493989328728, 1.668274494462446, 12.35755383467955;
  -8.411599236579161, -1.462284872727905, 14.19745149320758;
  -10.90024326918869, 0.7466157839486042, 18.44779178607156;
  -7.08803331681275, 1.640774123495242, 12.25475708479386;
  -7.749495902947788, 1.599025767738441, 13.42194748476826;
  -8.606679478350593, 1.594418863138885, 14.84318368767372;
  -13.22466763159139, -0.4008563928019936, 22.46055777777259;
  -20.30223934674966, -8.595583471538754, 34.1603677492408;
  -7.401693443750902, 1.610010801535935, 12.93304632224945;
  -7.72366140994126, 1.49900627015872, 13.46700611741903;
  -13.38979503829963, -0.5427814360061858, 22.84829900144282;
  -10.6878029544779, 0.6282227134152332, 18.48022178146427;
  -7.34810012435313, 1.50811321926087, 12.95438646101493;
  -13.00076545821213, -0.1825107911659855, 22.37899589563968;
  -12.59875386543873, -0.3672634094657805, 21.71356351772336;
  -7.245315388603392, 1.538326816676797, 12.80321943566119;
  -15.21769383146968, -0.8963754181886396, 26.07883703975905;
  -6.127022275231335, 1.747452614278877, 10.95019975176492;
  -7.719847011733789, 1.558940774348645, 13.72294632875101;
  -12.78336437758906, -2.606152223333304, 22.38050369654178;
