m=[-11.33905475192011, 1.939266923671571, 13.69905600783721;
  -12.67554808099385, 1.631028502690424, 15.23549986671124;
  -10.79800770283901, 1.890786546759263, 13.25200538125383;
  -14.24556065128687, 1.542774488246534, 17.27495359096633;
  -15.24477341838704, -1.771909881077631, 18.4190021151742;
  -14.09674394235124, 1.674795743271395, 17.12498970061248;
  -11.620453340689, 1.687975713265028, 14.40791197293799;
  -26.5462713047164, 0.5064258012379042, 32.0040237271233;
  -26.89238963862862, 1.015904512142115, 32.45559730597605;
  -10.17387260284749, 1.88048462653433, 12.90814881179002;
  -10.07294485690013, 1.774807439585474, 12.79257535768941;
  -22.41786158974343, 0.7498235390973229, 27.5811138973222;
  -14.46294408387781, -2.900245626446024, 18.12319599226544;
  -13.94111713048645, -0.8378425142892025, 17.61679430842764;
  -28.05259623857265, 0.8044200717368472, 34.73480499281503;
  -14.42517396062155, -1.259794587037579, 18.26440131522167;
  -13.59373397320329, -2.942509176198633, 17.26409422212826;
  -13.58282190635498, -2.877886792567832, 17.29767092961792;
  -13.78520685788879, -0.7896044799068339, 17.58369758712097;
  -13.1669526918112, -2.413760599108267, 16.85837964691008;
  -13.0593359672622, -2.717630941163698, 16.81248210596499;
  -14.66344007978057, -1.306217760954315, 18.81979019979906;
  -9.525701979556368, 1.850928066450084, 12.52934817172398;
  -25.18871663387358, -0.5683490351345877, 31.99759778975491;
  -25.22101215638241, 0.5183491697490847, 32.04512154338345;
  -13.01733338759531, -2.754256179217454, 16.90755176976185;
  -9.318309551693043, 1.890616254194129, 12.35777999635579;
  -18.09680748420774, 1.618429414203892, 23.40878720492691;
  -24.36942844379025, -0.7485340098919066, 31.31645689320542;
  -13.40672506169316, -3.011390543519745, 17.58831166953939;
  -25.01408782072621, 0.5955088539905602, 32.19301203482068;
  -24.77493286254083, 0.2472768724857102, 31.90484478523294;
  -9.798840590292331, 1.70211999163489, 13.09099324879099;
  -12.99895786571364, -3.192398384429652, 17.21117405579131;
  -13.95502621130041, -1.276220623483795, 18.54145924169218;
  -8.638025561387542, 1.954181853288084, 11.78045187795746;
  -8.873439256733104, 1.934097563915373, 12.0889721003734;
  -10.03014636594635, 1.564551316752552, 13.56842720310091;
  -13.01020066794743, -2.717766812257265, 17.36648239740073;
  -12.63219157455026, 1.680425127692205, 16.9453679943031;
  -13.83607862124242, -3.241246141935874, 18.46555719203989;
  -9.947853483862632, 1.558680060709465, 13.55750084352004;
  -13.4687717263842, -2.976333638245705, 18.0979716482862;
  -13.00129607348273, -2.821258167814784, 17.54559514968663;
  -9.357719833008204, 1.693977242683988, 12.86080555831161;
  -12.86947991779095, -2.838079807160683, 17.48932154508383;
  -13.0667015567498, -3.134146685203873, 17.78079522890812;
  -14.46009548009449, -1.395351070631724, 19.63434923452669;
  -13.22491166206271, -1.488536362492855, 18.03193542866834;
  -8.492588071039956, 1.822451310971815, 11.85831591138521;
  -8.651488301594631, 1.8128368099775, 12.07224034198219;
  -9.810458622930261, 1.544400039747545, 13.58726566015968;
  -15.34578844689598, -1.231827556424396, 20.82273397474787;
  -13.14130916452784, -3.011534086502967, 18.00287228183959;
  -12.89453223187535, -2.856105312111352, 17.71454845596222;
  -14.71711280223205, -1.695944937820697, 20.17865949183696;
  -12.96154715114161, -2.812618693872246, 17.88101248098186;
  -11.68591313595534, -2.986428279896754, 16.2272983050331;
  -13.30218096585329, -1.65369080014501, 18.39126233051062;
  -13.77524093344894, -1.476127365638199, 19.02881601399848;
  -14.74612349197205, -1.330522535644003, 20.35834971543887;
  -9.52653610227217, 1.559980069618905, 13.43699022027185;
  -12.99339031588571, -2.761221546850524, 18.09392205639299;
  -8.168457589250551, 1.876190568415105, 11.6675813962448;
  -9.960883755292139, 1.491250679909854, 14.10725875354323;
  -8.996045081067035, 1.610605047140481, 12.8832663039202;
  -9.324781730645226, -2.740270082482629, 13.34036481366118;
  -9.340310538064808, -2.671338593385183, 13.37285069876061;
  -9.260443645702789, -2.569172477475473, 13.26862164048233;
  -8.977533799962313, 1.737108666695602, 12.9198948287236;
  -8.106562009120117, 1.864608158394574, 11.74108740196465;
  -14.5517109659956, -1.38214356473747, 20.54411298989757;
  -9.772162171609764, 1.463867599021546, 14.07974382311007;
  -7.687903532563159, 1.96963816867422, 11.25987165282188;
  -9.55091351954481, 1.548594976680195, 13.8108637778234;
  -9.416268065568621, -2.7828548735318, 13.62272839988612;
  -7.935368365395233, 1.878643345342829, 11.63363794150837;
  -9.372420013537921, -2.734265338429061, 13.66117214502247;
  -9.853505185994159, 1.398189016448795, 14.38245311469264;
  -9.47419776391116, 1.531154191753032, 13.90611882577208;
  -8.814727811485202, -1.328363545060089, 12.99638768247796;
  -9.390416104271242, -2.753645302699588, 13.81443230859684;
  -9.350013398916939, -2.644431267048641, 13.76538556296326;
  -9.138019026934058, -2.37578180952061, 13.54662808881749;
  -9.224796355890431, -2.681803334624365, 13.68558291043803;
  -8.28288927085098, 1.670302365974246, 12.38891051366341;
  -17.62436443287433, 0.7398348644499159, 25.54547434129582;
  -9.101545448697218, -2.592095238082128, 13.5491124526409;
  -6.939467056905308, -2.293543267395519, 10.37920229804468;
  -8.917553541846454, -1.252849147980609, 13.3206086785418;
  -9.182206406443495, -2.561032999397558, 13.70457213464932;
  -9.775573841236541, 1.425174967541317, 14.56369205560223;
  -17.78147059344522, 0.8830176759630614, 26.02065888589553;
  -19.31406901019647, 0.554175318297662, 28.34813435776771;
  -9.53429671559555, 1.462546415676147, 14.37741464595738;
  -7.110574678125254, 1.946085621191831, 10.94745529627071;
  -8.9525144114914, -1.396345363915949, 13.70617719947457;
  -9.014159200537435, 1.483430987265029, 13.81570115795306;
  -8.918490632191752, 1.593817270838726, 13.68922403575112;
  -8.55531161206372, 0.8449775552105669, 13.22321882778297;
  -7.112786375940774, 1.770600848236935, 11.24655173069954;
  -8.206309555230046, 1.623099552513096, 12.86407046295857;
  -7.004593790536305, 1.851732562272193, 11.09082449973964;
  -7.55001623970565, 1.626713584823235, 11.96308035122784;
  -7.066699370957869, 1.815263470202032, 11.25807381396736;
  -8.795008496668237, 1.442588979802758, 13.87112882979334;
  -6.697190989998268, 1.889622277543497, 10.74875482240703;
  -8.679998501406768, 1.590532598874981, 13.77188902830893;
  -6.700938697247624, 1.721746942410699, 10.85653579093047;
  -8.31914213752027, 1.595805928965528, 13.37041236637786;
  -6.617867413121316, 1.767036022785052, 10.78799397449831;
  -8.323013383695908, 1.513276356792715, 13.47509125631465;
  -6.794424356049751, 1.730124366085076, 11.15300944318653;
  -6.40583519964754, 1.896978123615829, 10.55765745842995;
  -8.530981224625489, 0.9995940786250172, 13.92034720571049;
  -8.521709961045476, 1.110581985696851, 13.91494533893004;
  -6.268679474041784, 1.890955184481395, 10.4561116869925;
  -6.388849851428985, 1.878629797400355, 10.68028645233921;
  -6.135379375141981, 1.894195917324646, 10.32442673245776;
  -6.226256871302974, 1.777415603557032, 10.56838894581121;
  -8.91892984367459, 1.429330711430959, 14.88413569876683;
  -6.414497744456867, 1.77865688156954, 10.9667407157071;
  -6.235827267468144, 1.875862359173444, 10.68641688364433;
  -7.826822832991804, 1.560693441369033, 13.23278038366261;
  -7.497349800377966, 1.549795835520931, 12.78678284287266;
  -7.423268565348058, 1.594553074253777, 12.6911731801192;
  -7.544018655418276, 1.472963073839053, 12.94328170599833;
  -7.439337269240513, 1.524585873313685, 12.84756289640081;
  -7.287836715310127, 1.565898661075008, 12.61203490551858;
  -8.498914930709681, 1.332829829452076, 14.66422494923774;
  -8.972259143725227, 1.544662231653542, 15.49876898261176;
  -7.279529408525405, 1.578398130933841, 12.75896892160069;
  -11.57955263832265, 1.326341590207553, 19.8964786953817;
