m=[-12.29266797088144, 1.899582359572079, 14.73027359275191;
  -13.48600134728789, -2.100275372713679, 16.09508310039159;
  -13.75128000673847, -2.347364234022214, 16.77109881661878;
  -39.66544739400035, -10.03272258786001, 49.32477671211044;
  -13.53248245174692, 0.1892628102227879, 17.39320921113237;
  -13.37987831848971, 0.3402683395959923, 17.20906450810692;
  -13.22712149918877, 1.206576129832682, 17.09249716460531;
  -39.16071073704664, -9.763996836666875, 49.36703638309286;
  -39.84554960653867, -11.19664554438824, 50.21495649691523;
  -9.221156724976639, 1.92177270756165, 12.24690042996411;
  -13.33636581560563, 1.556614691587009, 17.45363489094373;
  -9.818230035522772, 1.940103740114237, 13.06312516616549;
  -11.82020657992682, 1.585176524631745, 15.63314062211441;
  -40.60834886996992, -11.37965713449148, 51.88127778597029;
  -42.39712309559527, -12.54731823907952, 54.46210061445231;
  -9.81885827669848, 1.815055181007626, 13.20086462761425;
  -10.98131388333196, 1.568613384176526, 14.69570739025366;
  -41.72828229735281, -12.57729582555984, 53.7220657135483;
  -37.79601638276051, -9.678458472040788, 48.87478420009843;
  -41.4382539331931, -12.04884201601143, 53.58543891907732;
  -13.24059837462117, 1.476303343752128, 17.70790608673701;
  -40.12525509132794, -12.16388065351431, 52.31693473432492;
  -10.76158392598663, 1.644014770252671, 14.65240601642664;
  -9.328203280701738, 1.823549182993389, 12.82366317973403;
  -16.91947924303868, -0.6541148216848201, 22.52736376393821;
  -9.322986983791296, 1.829189501923499, 12.95291331810754;
  -9.302969747708005, 1.735716102517862, 12.93987409543012;
  -9.07226980448751, 1.912757418982963, 12.65948939668944;
  -24.19450733979474, 0.3674622706242929, 32.55074623958168;
  -14.92535778950017, -0.2993590975138018, 20.20254106061531;
  -24.16674747735254, 1.142732348627671, 32.87013750278025;
  -21.1985541569993, 0.6742330765429916, 29.06557318459753;
  -13.25161569395732, -1.334186069966359, 18.5630294940783;
  -23.54862169317957, 0.1719665359365074, 32.49219543126339;
  -14.37935513010847, -4.683675522099356, 19.71811909396857;
  -24.77049105718515, 0.6110913235941381, 34.28958710543948;
  -12.06552155002755, -2.480528248926557, 17.07489784034758;
  -12.13034622429667, -2.924752477940857, 17.18142689994851;
  -13.64142570433667, 1.738265739547306, 19.27745612055514;
  -11.65426086540467, -2.707350778105947, 16.58575663479213;
  -24.63731135424848, -0.840925847943235, 34.34347616032086;
  -8.543855726259043, 1.851383840368702, 12.41704423925142;
  -23.5802713461636, 0.4768069741416357, 33.06916940710289;
  -11.87994921708709, -2.808332273623873, 17.06550295252075;
  -8.989910748675719, 1.661278615703255, 13.18855341179536;
  -23.89283030811283, 0.3962259223699096, 33.92831547851115;
  -7.735155856026525, 1.876549229263152, 11.5579793475646;
  -12.36743736182507, -1.070742271880358, 18.06837380461841;
  -8.063900293284139, 1.884371862739338, 12.04934928947852;
  -22.98962827883756, 0.1293032100429404, 33.1092034924915;
  -12.23391589789224, -2.493452676981551, 18.00033947750246;
  -13.11070825805086, -1.390879619956539, 19.3144315011554;
  -12.05694690530738, -2.825807798234347, 17.82176893467209;
  -9.097633303931403, 1.514903528567975, 13.64660840515603;
  -11.42929343738745, 1.600063971247574, 16.98025109017445;
  -19.47162659469015, 2.561831506451216, 28.40476458989709;
  -12.44403993889337, -3.265115815620701, 18.43415181275876;
  -8.517122099686297, 1.646000791546624, 12.86677953573392;
  -7.797561308594721, 1.798149269771534, 11.9372013842916;
  -13.77623493044446, -1.522490459616476, 20.55041678274868;
  -8.995681509848295, 1.50388560887079, 13.72544883952945;
  -7.298346612480553, 1.885730611538918, 11.30367670427811;
  -21.81978286821235, -7.611748865857751, 32.33745362811143;
  -12.29740422676311, -2.977192009796054, 18.57348710686204;
  -12.03948623770433, -2.740277034371886, 18.24163682683333;
  -12.1355074063195, -2.849055614736497, 18.40830166723286;
  -14.52704871613949, -1.358259943619418, 21.91120506289172;
  -12.17150016952178, -3.138086547872491, 18.51402649968451;
  -10.42821683159031, -2.970652147635613, 16.03572688005182;
  -7.539560283196317, 1.792230804888236, 11.81378883710666;
  -8.599217103623159, 1.499651710367084, 13.37363286956551;
  -7.451442120625869, 1.850482829323913, 11.68412002769135;
  -12.52562914077308, -1.545232837614444, 19.23709845526799;
  -12.87939525187721, -1.821383768698462, 19.77440975290659;
  -12.86777129498292, -1.247009934610849, 19.76912180281399;
  -8.748260319906049, 1.31749473657714, 13.68691906302082;
  -13.23536497019122, -1.378932107499089, 20.34975218976579;
  -8.914894382719234, 1.419760745312573, 13.94909530101857;
  -7.78196961200748, 1.906048217775329, 12.30749283282126;
  -7.359488099023766, 1.825777319670725, 11.71448211499814;
  -8.281605307594626, -2.727255876245588, 13.07905623726748;
  -8.040229622940819, 1.667953413541123, 12.74851138650228;
  -8.484463970278778, -2.720926282235666, 13.40714270899104;
  -20.16499266864006, -1.06080989674415, 30.94114114480731;
  -8.202184463960064, 1.630182679133021, 13.10560555789774;
  -7.120942822504765, 1.822010956907455, 11.47993747394343;
  -9.140091820821942, 1.443459637398287, 14.54270225782774;
  -8.246248286931644, -2.511097640024162, 13.18518253600317;
  -8.355220471483909, -2.635028007657915, 13.3557467253852;
  -8.803634891288155, 1.430308141868359, 14.07161032695155;
  -13.20463868052456, -1.455185439831328, 20.7848676906374;
  -8.322084068728794, -2.428983006076757, 13.42228279382342;
  -8.445587293193249, -2.765222482350453, 13.61294608542539;
  -13.32485317716335, -1.49251552141139, 21.14806332296336;
  -9.265985998403929, 1.39111969451443, 14.95839633962134;
  -8.436084371220577, -2.685028492457603, 13.75003687669049;
  -8.37237134491844, -2.546907572273086, 13.67394853787866;
  -8.20976382468435, -2.688756829467755, 13.48218097523827;
  -8.185291276129055, -2.62666635776151, 13.49351724194222;
  -8.248236306623623, 1.593667593188901, 13.6167844295448;
  -7.985365272309412, -1.291733749363873, 13.2004530741129;
  -8.296625535165701, -2.514713720379203, 13.68589500605433;
  -8.211690711381467, -2.58207343672099, 13.57439009176772;
  -8.983693335587407, 1.399008809788665, 14.84019858707741;
  -6.747077819367661, 1.772337428689269, 11.32516139255061;
  -8.2295174339407, 1.519729979653895, 13.67277355899961;
  -6.6395058751467, 1.809293310454504, 11.18829073620541;
  -15.83698039424433, 0.6435143474058565, 25.74633842420979;
  -6.328787988444329, 1.887430005355297, 10.72284803321351;
  -8.402990586758687, 1.290597547829709, 14.02952968711642;
  -7.740601108409505, -2.144212574835894, 12.99296607318172;
  -8.619918543847845, 1.412419097292634, 14.41878240831652;
  -8.528973865878992, -2.42740639282672, 14.27369515758722;
  -16.80102946530235, 0.7926423245384034, 27.55114365686826;
  -8.215114131982508, -2.768447678720249, 13.89058556306454;
  -6.473209612202695, 1.788914172313872, 11.10950850775077;
  -7.61426457070581, -2.380818016374457, 12.92431150602458;
  -8.121770188587286, 1.435083897857432, 13.80232775664101;
  -8.051841929373929, -2.318370120023992, 13.73741345582949;
  -6.814550681482764, 1.610845921700424, 11.77787169222663;
  -8.368255268003262, 1.459612886135361, 14.31569994021978;
  -7.60763076925758, 1.200043321269025, 13.1121423844176;
  -6.294598163151614, 1.707988698769428, 10.98191096006688;
  -6.277633618732158, 1.812614095154207, 10.9679823242304;
  -7.865461378123538, -2.331120398889951, 13.54654084894486;
  -7.378858992012258, 1.579655137993865, 12.82020799665275;
  -6.308592502141029, 1.770044739331433, 11.10027806073418;
  -7.974914526480346, 1.408703210224664, 13.97505238839752;
  -7.601936849332869, 1.012996516198316, 13.36777933081028;
  -6.050326253058106, 1.703746819266543, 10.81493359974576;
  -7.870076913251983, 1.557853319570782, 13.87995860707208;
  -6.077607166332593, 1.772584549239478, 10.93151783860637;
