m=[-11.33326706631501, -0.4164663968313045, 16.7338262174095;
  -11.31787956457216, -1.605531838166195, 16.77774328445368;
  -11.5564676258753, -3.032073060755206, 17.12624611824578;
  -9.278748144819648, 1.090470230235716, 13.94132898777781;
  -9.202231967330851, 1.5529631927409, 13.86595348734342;
  -6.663256481837694, 1.766489053536635, 10.4556317961733;
  -11.49370715587666, -1.49405070857785, 17.32568602635432;
  -11.50556091238392, -0.8806327986910812, 18.20984172668808;
  -11.66873246388844, -1.348143341596707, 18.50615534188337;
  -11.68067930656997, -1.156060015508525, 18.52642102990365;
  -11.73382986139789, 0.906967363038846, 18.63546875674991;
  -8.449126764475892, 0.8982591086582458, 13.82704533049534;
  -11.56119048579189, -4.258238303677123, 18.63143812764823;
  -11.52532514623469, -0.6351280726557528, 18.66623264271622;
  -11.31209762967663, -3.138603768226187, 18.40709920898642;
  -11.5111506360535, -0.7936915084132309, 18.71289263075948;
  -11.52087101030919, -1.498999766153353, 19.01844258774647;
  -11.43805686450187, -1.68977430411837, 19.18231576187806;
  -11.65553666085248, -2.052316883265615, 19.66432271513651;
  -11.56582407418834, -2.014844401324045, 19.53271482983809;
  -6.081604995479887, 1.751252287752241, 10.99668478804492;
  -11.59392063007763, -4.137066766490029, 20.65196980216873;
  -11.68977747435293, -3.442737620163571, 21.0916184000498;
  -11.64917053950828, -3.789752589935077, 21.05297296290206;
  -11.38374459062536, -3.997109786225245, 20.62049699890013;
  -11.90397022292445, -3.772510742889114, 21.67826641714857;
  -11.45344623519225, -0.4998430245523738, 20.87112710432215;
  -7.483059699325361, 0.820211970164156, 14.07418757662706;
  -11.23004867118108, -1.587665594572272, 20.64115686158958;
  -8.131380512774053, 0.6281217789364738, 15.28271280001349;
  -11.74405872269974, -3.513764182376611, 21.75290413064338;
  -5.695823967050633, 1.681024715509713, 11.13413713893764;
  -11.58939638499682, -4.07188379336333, 21.71828220370106;
  -5.777788134905678, 1.744075207586425, 11.37372443286346;
  -11.86150426908267, -3.735588606162695, 22.3443674645658;
  -11.56373211565284, -0.01274327367586754, 21.92890760468785;
  -11.93627333327221, -3.89610907601114, 22.71823106420986;
  -11.65915724676357, -3.503165460231035, 22.31611060199199;
  -11.92030631093801, -3.891709596377915, 23.08405492844151;
  -11.83484155788768, -4.189339258607622, 23.01119138913468;
  -11.73470267774551, -0.1946705363272122, 22.7801117109423;
  -12.20358347228503, -1.755868363629273, 23.73207037911174;
  -11.50041087162389, -0.3456364770804049, 22.63195567171079;
  -11.27101910155152, -0.4860869679813288, 22.35199173859907;
  -11.54370230862449, -2.638705855016477, 23.08219346739652;
  -11.38964472832867, -2.410106878728494, 22.91485746546379;
  -11.35461672874344, -2.160946568187149, 22.9161812348253;
  -11.46350344013997, -2.574959098845623, 23.19819227958419;
  -11.53739491604011, -1.572433914084439, 23.504575137393;
  -11.37288817285308, -0.3157533648525653, 23.26716064954393;
  -11.66205798998618, -2.222388596281496, 23.91987178513697;
  -11.44596089972116, -0.6988173581418317, 23.52715519136636;
  -11.55243732788452, -1.428934388167328, 23.7548457915739;
  -11.66504699771562, -0.4336451464538036, 24.01332693709056;
  -11.57623552951288, -0.1931234983682598, 23.87028591984103;
  -11.55013714175636, -0.5476305308289607, 23.91469987838029;
  -11.48757957801958, -0.7709495578158792, 23.79925662315953;
  -11.67052510316903, -1.590692016529832, 24.2022294749048;
  -11.35408220547646, -1.052244669051577, 23.58291007975872;
  -11.72873487966624, -0.196109680278177, 24.43077515986806;
  -11.70144249463899, -0.3828927995463411, 24.37927200372224;
  -11.62561483553123, -1.595654932623636, 24.35959749250903;
  -11.65273645491374, -1.396553580424879, 24.46032379065906;
  -12.05310178482356, -3.788951541324983, 25.31649128609341;
  4.623551392632433, 1.706240922150465, -8.152612295016702;
  -11.49623092708055, -0.6041319588706663, 24.20374257335569;
  -6.627608206012454, 0.822086195509936, 14.44379511280451;
  -11.77379762654693, -3.028427665723628, 24.92726712041312;
  -11.47202016969103, -0.1073337724641159, 24.30705077729571;
  -11.80103446524613, -1.368125941715373, 25.01025772764872;
  -11.70521261931584, -3.407588385370739, 24.97417470092385;
  -11.81326432843728, -3.706806823062912, 25.23243848160819;
  -3.384918482911285, 1.678448651732575, 8.038241516583424;
  -11.4340978915214, -0.7729534222502367, 24.49988325635527;
  -11.81362467577583, -3.005516640630609, 25.33107420263328;
  -11.81443436880878, -3.220500847354589, 25.34871801123578;
  -11.49233612495271, -3.716798107167889, 24.70399365932259;
  -11.58821107836127, -0.2991505336535529, 24.89927799128425;
  -11.67762426251315, -3.381465243345761, 25.20208152264645;
  -3.37451254771655, 1.672394898851852, 8.080576440792935;
  -11.79939098677662, -0.1067897945803297, 25.45650184387294;
  -11.5327691291029, -4.056053635970078, 24.96912345132806;
  -11.66456499694125, -0.4033290889465984, 25.2212568889454;
  -12.09585602734645, -1.269713410410752, 26.14507802680603;
  -11.57504393561625, -0.5513453222664878, 25.10365541559443;
  -11.85820862200917, -3.104230688279744, 25.82073343193358;
  -11.55204500324524, -1.716786228559748, 25.17854439735886;
  -6.329009425399912, 0.2089143630631927, 14.43596716642198;
  -8.281545407596125, -3.440413299600595, 18.56949037954535;
  -11.24758138807045, -3.064851886453235, 24.79345217665081;
  -6.158287022646378, 1.575643509454307, 14.11007013789182;
  -10.35771760196988, -1.703421365096187, 22.98963912423589;
  -6.186498663477534, 1.529199535001242, 14.24073751155252;
  -11.87223592257886, -2.793994882005792, 26.34202382138609;
  -3.391423556704313, 1.675659893789163, 8.335509493948171;
  -11.79934809790903, -2.035791228317406, 26.34903987824893;
  -11.49172671541419, -2.300306885936082, 25.73095265326889;
  -11.79237584078435, -2.430033402891552, 26.64211712401372;
  -3.190000943770966, 1.670667875857235, 8.184096162765812;
  -3.140339408277461, 1.667668450851072, 8.175501549271511;
  -7.845986027906804, -3.8182548558654, 18.89199024945726;
  -5.832692498615741, 0.6366253343967115, 14.50003071161684;
  -9.105825453591324, -2.024604700299335, 22.4326180413274;
  -6.263489849964903, 0.2234399464618806, 15.8317268673019;
  -5.789235158404026, 0.6280989778986333, 14.74528584131666;
  -7.122905902768755, -3.837759498515295, 17.94421202925516;
  -9.001241690505722, -1.592544815849499, 22.39181188849781;
  -7.87328582313004, -3.515980273858103, 19.78026775728309;
  -8.87834573562675, -0.8569278855529084, 22.13363348160095;
  -8.790701611932603, -2.434368466773784, 22.32343458912684;
  -5.830031346055672, 0.7393232681960779, 15.29745300693211;
  -8.446242601223348, -2.134686713399892, 21.68464459110825;
  -8.566864896793504, -2.44613310069995, 22.13507069225399;
  -8.375331235910609, -0.5471208703057885, 21.82503052130418;
  -5.848824655999612, 0.797561276390875, 15.6070387763481;
  -8.235322805341628, -2.679312081508831, 21.65535197540052;
  -8.452228362325128, -1.049161377413229, 22.18719317138778;
  -6.087656335718366, 1.35183614618268, 16.29780960604102;
  -8.797818115642617, -2.645039497773585, 23.13839854644166;
  -8.251535342026473, -1.421920041627138, 21.92705987331546;
  -6.267227917537381, 1.30750884624296, 16.9312065460202;
  -6.871399109147187, 0.5080509857682014, 18.46949287439733;
  -8.700554122538806, -2.530558023734562, 23.13497898832883;
  -8.08348805048891, -1.610447762011892, 21.71262836321856;
  -8.331534613803099, -2.694229907988853, 22.36580958224765;
  -4.870334759232347, 1.568871174459661, 13.55423164980275;
  -8.21770304914271, -2.118155428813799, 22.1207801442884;
  -7.899037493476162, -1.430614362619486, 21.32796260240152;
  -8.345346934973426, -2.393140034678901, 22.52090716982271;
  -8.644216817786015, -0.1454810802176696, 23.28697154808756;
  -6.161643712821117, 1.218105434047798, 16.9445833330459;
