m=[-10.80960036194414, 1.880487193781741, 14.19549129920987;
  -11.222762081529, 1.818812670702712, 14.87222877457385;
  -10.15307962415794, 1.841699636959427, 13.76328487892268;
  -12.5296102210454, -2.410455480712238, 16.98196392793557;
  -9.237597577431496, 1.79607595495151, 13.04092883795664;
  -12.83654144662331, -2.284010044258029, 17.91416027657877;
  -12.69266454788596, 1.389154363754809, 18.04740850455509;
  -9.366345621926186, 1.789103684710643, 13.56121095887819;
  -12.33234273168931, 0.1143519695676906, 17.65141559824856;
  -12.13908166515319, 0.2569844963307506, 17.39435365672179;
  -12.05685919412502, 1.012722856563085, 17.33057720623859;
  -12.28047235048201, -0.2752658597352959, 17.64668302894635;
  -12.0847592860549, 1.12772119621585, 17.3913432960864;
  -12.18425411608996, -0.5059557821194028, 17.55423753231317;
  -9.084852159788737, 1.732481296023237, 13.32677754641471;
  -12.00020877788904, 1.462043103928953, 17.51610684970436;
  -11.13402287761699, 1.566540289425211, 16.35397359984473;
  -9.242464093485422, 1.683494495674206, 13.69976729938136;
  -36.04390459432898, -10.05481094224841, 51.39359016169176;
  -36.02622825430054, -11.31137069484156, 51.36374186602768;
  -8.796181664054673, 1.728031827480185, 13.09703280688858;
  -9.937319881798565, 1.496942842299371, 14.76996671687654;
  -12.02639232071632, 1.381570802593065, 17.95377717440409;
  -8.102876927643884, 1.798556795242577, 12.34704080017925;
  -8.404187796921653, 1.753159942546647, 12.79863580576509;
  -37.7588861641684, -12.70113744493371, 55.0802128737535;
  -8.180173000591063, 1.716218608413402, 12.60884583185772;
  -8.395956868737082, 1.672905011038663, 12.94650614551896;
  -8.109777406611332, 1.829939648300727, 12.54779703240877;
  -23.62859434805031, -0.1983546508596197, 35.31116333332975;
  -21.49099332099956, 0.8310743136301354, 32.31844622429767;
  -17.50804670688709, 1.769742226866643, 26.65760987778429;
  -20.67053386954988, 0.4046821155315372, 31.37959951434556;
  -22.76919246679958, 0.2212038495511008, 34.58455894041192;
  -11.47026023527141, -1.421748258406013, 17.98415262408592;
  -7.604837955769281, 1.692852065367543, 12.17115240692039;
  -20.16990462484531, 0.5931336470721657, 31.20264110462017;
  -11.08688565435551, -2.772287540348792, 17.50337545385646;
  -10.89221806577963, -2.553371868580687, 17.2542481022783;
  -7.590284468220391, 1.773562034223156, 12.24793514549632;
  -11.29503692980307, -2.558662573405966, 17.89691491588116;
  -23.42208748237245, 0.03014633881718921, 36.51896632571297;
  -22.04675925271667, -0.2315575187004957, 34.44584010113152;
  -22.10313070643558, 0.4370069998597619, 34.628896662438;
  -22.6698820474882, -1.036208136848477, 35.77610642689666;
  -8.043656588257189, 1.596814366219387, 13.14084336458523;
  -22.69975523960709, -0.1030146789587779, 35.83515483141476;
  -6.794238465144861, 1.836810178418632, 11.29654296611148;
  -10.80772523324289, -3.354221854549475, 17.7851262847047;
  -7.805140542861124, 1.530941932330826, 13.07018420893431;
  -8.056231322538498, 1.437673959414713, 13.48990782013014;
  -7.506232216206104, 1.561543142045516, 12.63990738415409;
  -6.392539833526853, 1.81583891971955, 10.98367801311119;
  -6.519735024821828, 1.833963478116232, 11.21559445172243;
  -7.95514707536029, 1.428216980829663, 13.56433357657599;
  -7.412879752800163, 1.543783262759233, 12.82050661730435;
  -6.580693928418842, 1.702785329004768, 11.48968820368137;
  -10.65277848281534, -2.783280680866252, 18.17797685836281;
  -10.64366897523742, -3.226745023174001, 18.21340733748196;
  -7.582346774860655, 1.423201249932815, 13.18693933566878;
  -21.43217887536869, -8.465298203160131, 36.08362764296958;
  -7.807683339286454, 1.335129775715616, 13.68753721129661;
  -6.517962802044019, 1.765416317692677, 11.56768602446311;
  -5.903701360734881, 1.797221495587106, 10.5780211467309;
  -6.206510195153928, 1.737687767064462, 11.16117834551421;
  -7.416252893920719, 1.442226021772578, 13.229229563067;
  -6.347972427722639, 1.695390018301854, 11.4514985311229;
  -7.098042710077539, -2.481470650257452, 12.72997134561718;
  -7.284234757702951, 1.454602879665361, 13.11504198265249;
  -7.701938341696222, -2.531964629582524, 13.82857085909932;
  -7.909053473555974, 1.321363165546531, 14.24967761308869;
  -7.454832244647346, -2.721714437061924, 13.50179572213901;
  -7.205858706551455, -2.563018175582383, 13.13888794657409;
  -7.743435051667438, 1.443476143836957, 14.12369503863324;
  -7.489961990903216, -2.73915085623634, 13.72380376166771;
  -7.794664974825922, 1.361929791788998, 14.31810142327262;
  -7.155415089989021, -2.589005577741197, 13.3138736923584;
  -7.141875682752897, 1.429936226791635, 13.34454223575565;
  -7.52698425286088, 1.333726090544949, 14.19260753603292;
  -7.295939906139711, -3.033635135667941, 13.80218124189252;
  -5.545357261460973, 1.692668208102037, 10.66471711057269;
  -7.182015387189943, 1.403585740685184, 13.64430979813028;
  -6.69423230412377, -2.135966226312713, 12.79400480745299;
  -7.156678359989954, -2.83017109842287, 13.63920502431261;
  -5.348449198634206, 1.79881754941759, 10.38928686712191;
  -6.8237184300859, -2.27505080741772, 13.13438911718791;
  -6.789946243425604, -2.772424611327855, 13.08310764321091;
  -5.439658282587971, 1.634183829633515, 10.65041169873616;
  -5.446633274536413, 1.743844220324228, 10.66945660910455;
  -7.186008575558967, 1.362675911761295, 13.88989164285165;
  -7.006772792393579, 1.459193714425567, 13.56049875473766;
  -6.783523072668725, -2.40411523925924, 13.13917991343241;
  -6.698536926497597, -2.653179379184454, 13.02817835371531;
  -6.135586500035585, 1.512654892347618, 12.00081742269965;
  -6.576232614520952, -2.262838793915841, 12.80733528549509;
  -5.400827875277854, 1.677988641430783, 10.66780791150859;
  -5.636647993367562, 1.561173499029375, 11.12868458166275;
  -5.161651561970315, 1.775189213388902, 10.24679626641125;
  -5.19826719877288, 1.627757117626838, 10.44642521885851;
  -6.856793618278862, 1.317948541152791, 13.59042315157955;
  -5.197320084571891, 1.686919490602732, 10.50731846522003;
  -6.734938141348821, 1.462298328855522, 13.43769150563203;
  -4.81004894296587, 1.750138825744576, 9.837623814893616;
  -5.088260772867437, 1.71066719253297, 10.36403531266901;
  -6.377547296342393, 1.455499281634134, 12.89168625164753;
  -5.21044146416043, 1.615621030935314, 10.65427215138825;
  -4.693206622489694, 1.746670463565532, 9.7290095713907;
  -6.378324444072031, 1.377883815406413, 13.01308633043305;
  -6.651267278245538, -2.915927937835559, 13.55799355673359;
  -4.645408487246544, 1.773898828634193, 9.719894107429637;
  -4.701489778367924, 1.7503384170859, 9.828374593115353;
  -5.196528771714773, 1.531766244074031, 10.82710853231886;
  -5.218485965375725, 1.611031878491367, 10.92886633927101;
  -4.936626221609765, 1.637791474500172, 10.46800821481718;
  -5.254463680921689, 1.611854775677755, 11.19661225253159;
  -4.73401942951693, 1.76701469850697, 10.15530762173788;
  -4.896595441224306, 1.677498814730809, 10.49770627390451;
  -5.007036864949467, 1.624264306350775, 10.7386193991794;
  -4.865827467366242, 1.603919284288528, 10.49183559645327;
  -4.510552721090999, 1.765096157048407, 9.814951767569916;
  -5.182048758317925, 1.534421759228912, 11.21420112214852;
  -4.762066477667817, 1.63637391559755, 10.39069555670112;
  -4.572842320075083, 1.616009583023021, 10.07785483261312;
  -4.258351890286824, 1.748913261906459, 9.436291657878821;
  -4.949597229502346, 1.699450759287669, 10.92659673520216;
  -4.269810658932142, 1.754713491711649, 9.588466503892965;
  -5.015832108500181, 1.597208398211936, 11.1930843135167;
  -4.842200711335038, 1.564713521952778, 11.23211190548529;
  -4.947563466507125, 1.45678692133891, 11.7945685488561;
  -4.678343634873732, 1.549212244366718, 11.2447046459084;
  -4.714427377280964, 1.501316471568611, 11.42888665416819;
  -5.502307300447764, 1.390144688137117, 13.35160424979683;
  -5.250507061295823, 1.480166000338168, 12.77344012544452;
