m=[-42.36350600422059, -0.3740747327107155, 51.49074166953515;
  -16.97010920492485, -1.251536283834431, 23.02084637095814;
  -16.85392376814496, -1.451569623147296, 23.15899197907095;
  -17.33479455430686, -1.201974629063542, 23.82814809005564;
  -11.00414053538896, 1.52470793020949, 15.92179990284435;
  -9.979828769091153, 1.724264197237727, 14.77709864451749;
  -10.83045365154593, -2.166840127801072, 16.05567614331653;
  -8.978558994673529, 1.745176588384945, 13.57922698674573;
  -10.87065214099556, -2.378604680816795, 16.53592935727994;
  -8.590130467370976, 1.578947100711475, 13.66284537120109;
  -11.24817830014167, -2.290854014645303, 17.67143066066543;
  -9.706007246810882, 1.525800616691797, 15.44171926793745;
  -11.03955366779816, -0.8737252032468684, 17.68908475364891;
  -7.398730845186543, 1.793363009636309, 12.12004378978346;
  -8.120080056544783, 1.612710429050239, 13.28214567259436;
  -10.45361179658092, 0.3501395399837333, 16.91340351539712;
  -10.47893607787505, 0.910465624338381, 16.97611934643904;
  -8.01934064188098, 1.655114789586304, 13.19032961877591;
  -10.13828953790406, -2.423259866163308, 16.52331731211006;
  -10.37348674895365, 1.340392792626214, 17.08392033666929;
  -7.825208636268378, 1.670746542521034, 13.06343363111709;
  -9.377826583252372, 1.401631033293666, 15.53007774301827;
  -27.63594762543603, -8.833219682765733, 44.42868353066631;
  -8.690984490733541, 1.401204414351535, 14.53285912812306;
  -7.346414829609043, 1.817530640237423, 12.50265623658585;
  -26.27045397276375, -9.334270382957332, 42.88874852238669;
  -7.399176756378907, 1.793731008237496, 12.63734638642383;
  -8.194062493594968, 1.430196928991372, 13.96996120541619;
  -10.61132666438101, 1.370959780845324, 17.98946960542494;
  -28.80330265925214, -10.19334522929708, 47.73979406440565;
  -10.53896701745263, -1.940827843754778, 17.92348862462735;
  -30.06790071150158, -11.24609655937298, 50.1864073555775;
  -27.32531579849268, -10.08435810238989, 45.94865763905401;
  -17.45573989245961, 0.4511068281793418, 29.92907897099332;
  -14.44160704090147, 1.16416992247721, 24.95284186414802;
  -14.66308219805456, 1.55257255083774, 25.46569841852258;
  -18.63671730772165, 0.07017404405195769, 32.38888362298329;
  -9.27835237067543, -2.527736075930066, 16.52102256925163;
  -6.636128985985724, 1.704572985891904, 12.0522397426141;
  -16.32071249228856, 0.4257625012865596, 28.89529716098944;
  -9.788059694128965, -1.175348497384909, 17.67710517975782;
  -18.72195295937952, -0.1033475174939204, 33.47818583657757;
  -6.103306969902935, 1.783275937409382, 11.38780764536859;
  -17.25910042449216, 0.2573624476786375, 31.01465192000901;
  -6.053421863038328, 1.814397252553365, 11.32360179300586;
  -6.2547348973344, 1.753181348776858, 11.70567972772783;
  -17.80779677407424, -0.2269916002273623, 32.27680447534227;
  -5.847807728226274, 1.804002191088752, 11.0712041189879;
  -5.917510648187924, 1.698057830259303, 11.37206563714564;
  -8.928064797195292, -2.418787869139493, 16.83232871520549;
  -6.029653986065507, 1.675590281877802, 11.5997234238272;
  -5.821948704568561, 1.823316898512122, 11.30148303759301;
  -5.518869637893429, 1.768837329695006, 10.85285739436416;
  -5.747279554647619, 1.656826242536741, 11.35320288966273;
  -4.009298620304054, 1.748090947848018, 8.137791462598777;
  -6.51583288344587, 1.348722642422424, 12.87363503433303;
  -5.694988617524626, 1.722880772614354, 11.45320123170326;
  -8.953126692613116, -2.467930203832846, 17.62990982888054;
  -5.213182777390972, 1.779122459686305, 10.55783314429219;
  -6.152598003554373, 1.538640051407436, 12.39490479193508;
  -5.364677854105212, 1.68532576628264, 10.93874048901992;
  -5.553214102641005, 1.66222714812811, 11.36881745217836;
  -6.205327192468757, 1.486658917937713, 12.64117256991294;
  -6.127391952834045, -2.499930351538407, 12.52433318322602;
  -6.490317457790431, 1.249123091797274, 13.28800675590628;
  -6.375105618055652, -2.565244403303558, 13.1216222685456;
  -6.016572975866605, -2.356750058464153, 12.43501669915986;
  -7.139836558873705, 1.312558341152425, 14.67005885188636;
  -5.42655899329734, -0.4693628260481224, 11.34843353880326;
  -6.297211036190772, 1.481780282485051, 13.11809502107082;
  -6.21147422120819, -2.580586127942701, 12.93834848432116;
  -9.578714206533119, -1.498137559474224, 19.66071420627006;
  -6.352896735756819, -2.716446748464547, 13.32155890022699;
  -6.6477395899456, 1.28077997319539, 13.98080061463251;
  -6.258134009567334, -2.758498579367342, 13.22724197438499;
  -4.72353819212156, 1.762432463348306, 10.16524756994896;
  -4.975656653378823, 1.688553364504207, 10.67756728135542;
  -6.057279179720974, 1.416886659994106, 12.86281801304263;
  -6.078159578219733, 1.356056278293558, 13.00991240632029;
  -6.07648124836012, -1.836837540105341, 13.08396672856986;
  -5.637267636411003, -2.133416767449013, 12.20418814866399;
  -6.176229040754813, -3.166994594354126, 13.29908184995349;
  -4.822833850575703, 1.666162909290822, 10.57371949088612;
  -6.365053055505791, 1.250958862485301, 13.78331509960832;
  -6.087290403595786, -2.974986594203205, 13.24057059527298;
  -8.804464148865169, 0.2968873659763736, 18.91608152551027;
  -4.60095940653104, 1.761948098520107, 10.19645366093842;
  -4.467935824070486, 1.7542499068314, 9.936813214845623;
  -5.678646053802839, -2.134355916986645, 12.4586970425418;
  -6.227946437391355, -2.835447203452564, 13.65350013177379;
  -4.635743603903828, 1.686189952590995, 10.37792685711766;
  -4.745596615021036, 1.620165981200858, 10.6098230803254;
  -5.600028165995846, -2.19967867708908, 12.40361393405143;
  -5.912047072826464, -3.022912292997269, 13.11604075969414;
  -5.725043576777852, -2.391509007258622, 12.75362607133949;
  -6.014037239342277, -3.244705803223802, 13.35143430847091;
  -6.115440338949853, 1.295895191821018, 13.60441302630127;
  -5.923786680044965, 1.344494689340236, 13.19794439226182;
  -5.965899227461146, 1.395564260690266, 13.28570999052622;
  -4.518109419849877, 1.716279308888176, 10.21218740971098;
  -4.64963211784264, 1.64448302648851, 10.51069482371497;
  -5.634501855014118, -2.286634488527623, 12.61725104411352;
  -5.821093625515887, -2.711429032107581, 13.01671718992952;
  -4.848372854728793, 1.525657196069253, 10.96896234221812;
  -5.749941842663272, -2.755133112376408, 12.87979085922992;
  -5.576785810118163, -2.464992737381577, 12.63146816472578;
  -4.603616846845941, 1.644327652850488, 10.59046696646597;
  -5.64151318828853, -2.600888155621866, 12.83879793226167;
  -5.880276543122909, 1.262080724907844, 13.44558587183343;
  -4.410483266204007, 1.638779956479426, 10.23575844601886;
  -5.682469432224504, -3.01961988996622, 13.0284380920017;
  -5.587817337868643, 1.367268352146193, 12.87838602384108;
  -4.321374169639585, 1.664675460316742, 10.10627079714119;
  -4.488119448647608, 1.591187551417796, 10.54815088012818;
  -3.97450305114943, 1.752063726561469, 9.553796686798316;
  -4.350615100172262, 1.59051707882921, 10.41082205802252;
  -4.178049067960997, 1.687731331750569, 10.05826474067209;
  -4.436583785030198, 1.499812374383322, 10.66064827579;
  -4.544266065983894, 1.608229702800132, 10.97364477747494;
  -4.029988895684068, 1.738151313913372, 9.979121433942799;
  -4.4856513940923, 1.583426970092207, 11.0669946828354;
  -4.211908410141159, 1.600525962189336, 10.4950003253284;
  -3.853834635972033, 1.749030119211036, 9.680093621003293;
  -3.584837977138612, 1.718629813410577, 9.192611576755237;
  -4.681050932779026, -2.177532005467258, 11.98930699093184;
  -4.249270472033213, 1.569828328877992, 11.05730527377214;
  -4.085918395801187, 1.540676836663732, 11.11263392481137;
  -3.939524409085983, 1.588219641192916, 11.18296804768879;
  -3.939421751487416, 1.474839943337572, 11.2892237204612;
  -4.224382989553841, 1.381203223315133, 12.43897926849921;
  -3.915902634564898, 1.506596488151064, 11.5777123651974;
  -2.692004326595026, 1.722814987294255, 8.157728886645984;
  -3.782175046888773, 1.566184618116253, 11.28379844759614;
