m=[-20.23934185103198, -1.506521778851203, 25.57789436891116;
  -15.49080465234548, -3.039159265510651, 20.61502155429111;
  -20.62228778873014, 1.109752108057845, 27.95736453953388;
  -14.750979009867, -2.416448525602821, 20.58845603180456;
  -15.78641689030309, -4.909518688512319, 22.07072417279909;
  -31.53427966897135, -1.132211874732958, 43.42149695096842;
  -37.37289258690114, 0.08508175377477308, 51.37242486712017;
  -14.92842160516895, -1.50508180988225, 21.15452148353159;
  -15.99495828531302, -4.794096928640776, 22.66006072567455;
  -13.5456580979235, -2.504945484892466, 19.38028860655698;
  -14.81695365463661, -4.315234802147898, 21.19578978835493;
  -15.15487097126819, -4.419192325205034, 21.88481779874398;
  -14.99895959151553, -4.526627380896549, 21.72013581309249;
  -4.391195148091498, 1.698018593001843, 6.908054027456217;
  -15.86903061379404, -1.236630998019541, 24.80137804148998;
  -8.923739586510214, 1.642949050257118, 14.73894416161933;
  -8.747304964361566, 1.678356684326801, 14.62808882581791;
  -9.592308678221535, 1.500231262411791, 16.1215404528382;
  -13.17348046866444, -1.361680458007198, 21.95860191085647;
  -7.730443029590592, 1.676756982630076, 13.19997457000069;
  -9.368575701927586, -2.319705567500634, 16.19773168909228;
  -9.360967322897553, -2.212255037107191, 16.22589523821901;
  -10.58721591958154, 1.470679216965513, 18.67444175262252;
  -7.440943206889152, 1.534147851280465, 13.41735016802248;
  -7.104133471500693, 1.641698014051353, 13.06369764799857;
  -8.739799984326366, 1.375135015728551, 16.10291177613159;
  -9.024714793492802, 0.02481966543312852, 16.62984935142696;
  -6.927761263325905, 1.609994892502395, 12.92352241225805;
  -8.884992924908122, -0.3358196663220686, 16.44760090808338;
  -8.909935972545915, 0.962780957666076, 16.50612959329118;
  -6.645719227992137, 1.603311668456538, 12.60322676912449;
  -6.991902841791704, 1.558623840186824, 13.22998575649863;
  -8.778574947558434, -2.449773858526019, 16.49671767967941;
  -8.276350577117364, 1.386926518477749, 15.64592276722792;
  -7.617387282969914, 1.378733170268918, 14.51807381149496;
  -5.871334951087254, 1.741621805748701, 11.38980953367313;
  -8.928542486818301, -1.531476356461001, 16.99286563423243;
  -8.918645338098717, -1.427778375091527, 17.12563611926522;
  -8.430180345443269, 1.280139321390545, 16.31022586931154;
  -9.139839330149012, 1.223509890953883, 17.68804698328435;
  -8.749630810084289, -2.456997797205621, 16.97268729745574;
  -22.99445674375163, -9.296513235919061, 43.58993671550645;
  -5.677758801298123, 1.726184420319435, 11.27109732301707;
  -9.1152500953032, 1.314910556865578, 17.74938951699744;
  -8.588987345966942, -1.429438187960682, 16.81271117061;
  -15.13479337470902, 0.06002159410617451, 30.07684091701463;
  -13.59062916395654, 0.5395309967079444, 27.10499419922087;
  -17.69779791883908, -0.4018383031614841, 35.11381888785844;
  -16.37894209812961, 0.4660184367307481, 32.56837614779787;
  -7.621556801177097, -0.4590487872243964, 15.16835645647373;
  -5.544283677014255, 1.633487042190152, 11.51273783602674;
  -8.146647969633774, -2.035736106094424, 16.64703062444281;
  -14.03086134208558, 0.209264414974013, 28.27029940839605;
  -8.52496493812469, -1.445220904590644, 17.50183747015942;
  -15.84148006534598, 0.04117044722465836, 32.01946014589507;
  -7.97946636326224, -2.035185542784927, 16.44322715493745;
  -10.81601634152172, -4.596303238944803, 21.80672365952528;
  -7.973249325148419, -2.248612824821389, 16.56462265519614;
  -8.163964447286363, 1.33126134638299, 17.02414495536621;
  -8.876901815971007, -1.240055662882573, 18.51078889887681;
  -5.103472618010349, 1.760389492390218, 10.91942438272881;
  -7.755386004423411, -1.011574559693345, 16.33361751359679;
  -3.31449811280073, 1.679480819506854, 7.373174485449873;
  -7.570647696644847, -3.175931906620534, 16.37405516043192;
  -5.003819654352278, 1.663669203312511, 11.03894725843426;
  -4.99846273810036, 1.817427577438279, 11.14758696194812;
  -4.548943064081409, 1.693901792987678, 10.28374407747955;
  -3.25196031265356, 1.668646217032721, 7.529898244490211;
  -7.648454686578138, -3.340951379977359, 17.00999155366933;
  -4.799791806288395, 1.608437117013723, 10.92338814333438;
  -5.398759237204651, 1.294451206187679, 12.34733553742945;
  -4.327872822828712, 1.724864221512293, 10.10084044159376;
  -4.411065191385337, 1.618582686239992, 10.39274811536068;
  -4.407111208647017, 1.72750552641902, 10.39812284665136;
  -4.804763356420333, 1.478018673906839, 11.28997626741981;
  -5.313020431871983, 1.329732590398748, 12.54154918307824;
  -5.118452298387161, 1.428764215199443, 12.10654638615761;
  -5.352138646573892, 1.198823929541288, 12.75438529902653;
  -5.182853682250582, 1.336845523238578, 12.37003616519923;
  -5.258396732607931, 1.303967543365623, 12.57558354268753;
  -5.051215916302053, -2.331258999377705, 12.14150115169559;
  -5.717593977966641, 1.221624155107401, 13.72842037579791;
  -4.997936786845498, -2.398717224196226, 12.11916019160504;
  -4.849082640232451, 1.332358055131589, 11.80774076451647;
  -4.72819568295143, 1.409396399075659, 11.54149683611635;
  -5.032306146553197, -2.288113982903942, 12.23325874270347;
  -5.094511305760822, -2.498361867864571, 12.37483144757485;
  -5.336252532890321, 1.281263859032998, 13.00290835365424;
  -5.214866896220648, -2.635469070533558, 12.78520072821339;
  -5.291208690940422, -2.563802500139098, 13.00828335670211;
  -5.406699516179269, 1.217992459500283, 13.30613229146896;
  -5.177938975848092, 1.255079429008076, 12.77924494105075;
  -7.767673201471689, -1.460331015785971, 18.98701759685998;
  -4.980667520437767, -2.501658136689016, 12.42443449290815;
  -4.989692897067262, 1.305913483962898, 12.49535350062534;
  -4.535409147071869, 0.8652230565386994, 11.55762837476199;
  -5.004155836353604, -2.94845701456403, 12.72556178792212;
  -5.194804194873727, 1.198295710700281, 13.2104245270986;
  -4.779000042684003, -2.273257788268894, 12.17898088060895;
  -5.038015556103413, 0.1899722797619066, 12.85827978211437;
  -4.597339123465385, -2.275062386974282, 11.81542463648106;
  -4.955252627920901, -2.689569064924708, 12.7975492865309;
  -5.313113821134131, -2.936056875438266, 13.68833224245925;
  -3.806557260964345, 0.5438376765328745, 9.950597349292066;
  -4.901913241488859, -2.999982660670082, 12.82837017206905;
  -4.616006929216201, 1.38733888837586, 12.12256361650718;
  -4.821822028872447, 1.297387532235139, 12.65263956702335;
  -4.615553893287024, -2.232998376506026, 12.16662664848278;
  -2.779290349394776, 1.679973012218972, 7.564117972348443;
  -4.768128805754587, -2.652588505297461, 12.56650589946655;
  -4.643152524225243, -2.664833706461608, 12.27196820247645;
  -3.41342667921132, 1.703462922826833, 9.230828612070615;
  -4.438262284362071, -2.65154020595808, 11.84813093205925;
  -4.488247181759503, -2.381792860713618, 12.01705323935939;
  -4.565329150738532, -2.525858530570375, 12.28613548455267;
  -3.357270350511202, 1.692444247511397, 9.21849605321005;
  -3.407913984019672, 1.706253453593287, 9.370213254981739;
  -2.693104062837055, 1.670641704959302, 7.522126547229243;
  -4.580294600432097, -2.915961831121734, 12.43169176846489;
  -4.457118845468441, -2.400109787111902, 12.17803826828939;
  -4.571279473532334, -2.523660037690128, 12.57945991824471;
  -2.574619738186432, 1.695990411785343, 7.690558184247746;
  -4.002409125508777, -2.454962713047404, 11.98784313670022;
  -3.988170802889303, -2.155198965450253, 11.93082162147358;
  -3.78499712085677, -2.135119122449511, 11.47721010580253;
  -2.300503460157892, 1.702713177410691, 8.173790125384899;
  -2.93471909750811, 1.428453888964306, 10.75729973448682;
  -2.910207713177599, 1.413976178668474, 10.83055090534935;
  -2.921226500603855, 1.350057529126857, 11.0470010740363;
  -3.053112545128501, 1.353838875109024, 11.55667331388753;
  -2.792811209728336, 1.3987576708058, 10.60973346120371;
  -2.804722981796078, 1.489458590435676, 10.69289384643646;
