m=[-5.761449378988685, 1.724508256380283, 6.964217034251052;
  -34.16722818715916, -3.228770937833153, 43.51407638102462;
  -14.76481985359141, -3.095318806810981, 21.15419898599364;
  -16.59196595223945, -4.638393092132693, 23.73334240954131;
  -16.90399671776457, -5.19737992312118, 24.59143945840811;
  -15.25308998895085, -3.040398630994998, 22.27659772443625;
  -15.56793142081022, -4.693307711913809, 22.8094465365499;
  -16.20374859714286, -5.210846722846907, 23.79097193331756;
  -15.97494049787998, -4.563242912794836, 23.51897417968451;
  -14.83417148349987, -3.619403220483668, 22.20530516411983;
  -14.58132139872968, -3.206033933583867, 22.00912571770499;
  -20.48548790232525, -1.297285220628059, 30.83836567561717;
  -20.95991436006404, -1.166544469980045, 31.55842896694938;
  -15.17585424545944, -4.60477605888458, 23.0402378738991;
  -26.87366477445078, -0.2633329256150979, 40.55264044632827;
  -20.937938010902, -1.00743542054177, 31.75027893525041;
  -21.34444395863715, 1.471804353381271, 32.41338547711423;
  -21.67387128802213, -1.48173208663777, 32.95132638526786;
  -22.56474045733103, -1.20129211151677, 34.63061572437767;
  -16.52155652042133, -2.479921623335141, 25.52437508959088;
  -14.66677841734159, -4.497337393790816, 22.72339269420621;
  -15.2982218789796, -4.108541413423231, 23.73262665983856;
  -20.98684417575083, -1.44142932017604, 32.41427785462298;
  -0.8231271608115049, -0.1264092815071184, 1.428243980335277;
  -15.50902744026443, -2.722801606628346, 24.4435179995176;
  -14.51825133180098, -4.960229031218749, 23.0542773696978;
  -14.83339518037104, -4.35591152188285, 23.5818750131282;
  -14.80100483551506, -1.438854386856306, 23.58643760019267;
  -12.83975185773027, -3.141688177001686, 20.66615153063998;
  -14.46159092356948, -4.608404169216477, 23.50678150502337;
  -13.430331592834, -4.388720077176476, 21.93344071889016;
  -14.54099266475762, -4.569129443554052, 23.9098995346385;
  -14.18879346875747, -4.815831688181339, 23.45625662189039;
  -14.48287653759238, -4.598702781217677, 23.95724897212665;
  -12.58995554557224, -2.719070704682521, 21.12113399946819;
  -15.07758737610706, -4.904230641689162, 25.27161024996848;
  -13.73921692848208, -4.612637288534695, 23.34579157306441;
  -14.18931626460219, -4.808747180004924, 24.09038572989786;
  -16.08927118774395, -4.938479556565426, 27.28013314638784;
  -12.82075141808465, -4.571797908601042, 21.99151187758372;
  -13.58227425933187, -4.627754188419091, 23.53694524124378;
  -14.91117432056704, -1.429448573264042, 26.36146314149933;
  -15.84842789817395, -1.753184621248079, 28.43461249641717;
  -9.079529929107514, 1.552756482793264, 16.9846883712791;
  -9.549347444042468, 1.572795844560238, 17.9104489070018;
  -9.437316416977813, -1.595496451682851, 17.82223781661718;
  -7.693508288933012, 1.665271955474338, 14.72075206069029;
  -9.312274578847331, 1.578604782885049, 17.87275014342475;
  -6.858724498960764, 1.683829749003797, 13.3805383105892;
  -8.673262218188157, -2.472442340935152, 17.24891751869185;
  -6.90356375173775, 1.589794506430686, 13.96252182054294;
  -16.52676008110532, 1.173083748652017, 33.07046992868315;
  -27.94098966270566, -2.935713265196521, 55.57078447616941;
  -24.14763055555536, -1.864942843123775, 48.12874981669518;
  -25.72674623273963, -1.401661848371697, 51.48920521041183;
  -16.88396057428825, 0.9908008625977283, 34.04259186158551;
  -10.00235120749439, 1.567608116473628, 20.41996090274214;
  -6.615753399238778, 1.55921164888232, 13.71136282568419;
  -16.6770133435736, 1.39481597912488, 33.73105800716566;
  -8.615461138547621, -1.446844194668229, 17.69078172097686;
  -23.24007421493937, 0.8568893276430488, 46.85043945289714;
  -6.201937895809155, 1.589097795500376, 12.99949394055357;
  -19.97786031214115, -1.736184424853943, 40.77527945954067;
  -8.924791320374661, 1.488732880551644, 18.83933356099855;
  -6.209342887550124, 1.595574834866315, 13.28586683130527;
  -5.852901845202538, 1.561768896754545, 12.5991064923016;
  -8.071947023972774, 0.1323200571678279, 17.26056843504593;
  -7.899670415107233, 0.857783880313796, 16.95579259347122;
  -8.120033293859338, -0.3712715230225541, 17.44453351132273;
  -8.797701830155912, -2.756390981825716, 19.00372434929949;
  -8.834147570960354, -2.798395110452495, 19.07858526800917;
  -7.828886411519723, 1.295930661112727, 17.14994131543389;
  -6.68671847854686, 1.39129844640782, 14.78150113517729;
  -5.108797225018475, 1.665503180877056, 11.42874863565031;
  -5.252806205620738, 1.67154781627633, 11.80590591401802;
  -6.320667353925702, 1.240146754496979, 14.21998917481866;
  -7.767624161536939, -2.282749954631907, 17.35206546865877;
  -6.155000854673921, 1.403223139655888, 13.90127931826044;
  -8.440257797227961, -2.891702153817604, 18.8187263075142;
  -8.243577223105408, -1.552398320223136, 18.4589911037427;
  -7.646539514673919, -2.316181916382234, 17.35862127889166;
  -8.320406770777481, -2.758928140371543, 18.83684385908604;
  -21.64164564542017, -10.16400867799429, 48.42334838760282;
  -16.45907766727265, 0.02601288890596821, 37.77951342804276;
  -12.17497946377086, 0.8581104408963562, 28.20864139128887;
  -27.40080530235624, -13.48778040231666, 63.65624751009172;
  -17.15908746187539, 0.03600664066909828, 40.30381524939514;
  -25.05691601587513, -13.0108450226067, 58.38707576325572;
  -13.42583064417941, 0.5948432236029932, 31.66661940489038;
  -19.70843864628363, -1.00214112874286, 46.63370061830113;
  -7.158845802158643, -2.642758814815051, 17.23517526748423;
  -4.670205532788017, 1.759900681881561, 11.52762697043531;
  -4.250005457394418, 1.730859384108151, 10.61959417531565;
  -4.251091035146915, 1.615255874213075, 10.65522298336733;
  -8.314555449420947, -1.391198522653728, 20.46014597866367;
  -9.873384529028334, -1.061850842484926, 24.0387465414886;
  -6.873532147759852, -1.04204860510277, 17.2843822853616;
  -7.354305410827912, -1.258083849463064, 18.61358391527634;
  -3.824074333807134, 1.655018394260671, 10.02778339524157;
  -6.49735810705583, -3.237155775390967, 16.62792208155829;
  -2.603494852685641, 1.613546915675287, 7.016825343955362;
  -3.733690670336395, 1.657482999350267, 9.917676406318517;
  -6.461389012904021, -3.379958387752978, 17.10799405218691;
  -3.475597024948484, 1.663699345172213, 9.574868118558969;
  -3.466051525785735, 1.623506134771135, 9.549973079107097;
  -3.547690606809415, 1.671626104976826, 9.913524732612638;
  -3.88122603573733, 1.431048860530046, 10.8235212119304;
  -3.658083504076621, 1.542199131509394, 10.29258077163466;
  -4.500115513445046, 1.346746775404212, 12.66020524531128;
  -3.547598817858308, 1.563895576093834, 10.09359793663354;
  -4.212382816850536, 1.302718530164205, 11.99505301962257;
  -4.430260930146077, 1.186655856060412, 12.60699181575459;
  -4.739171082914727, 1.226219589335458, 13.4724304839004;
  -4.638193068818621, 1.186086114623072, 13.34824314835225;
  -4.117542523445428, 1.365349134631887, 11.98408827648311;
  -4.10288157158394, -2.403717873657364, 11.91217916101222;
  -4.139158453986011, -2.477743946095568, 12.05106189741472;
  -4.238115926085807, -2.619940429253446, 12.47976627114609;
  -4.239607907705467, 1.235461986639381, 12.57301333031728;
  -4.472713099924214, 1.21354423063588, 13.24206359278847;
  -4.383703466415565, -2.598717156631501, 12.94655563864987;
  -4.093516354046482, 1.35820568577752, 12.20813613676048;
  -4.107477906777588, -2.44677008654526, 12.30422560886475;
  -3.964828243927747, -2.252858981742413, 12.04361548731349;
  -3.870548831302032, -2.621100641566023, 11.79500900046669;
  -4.090163990165213, 0.9453337190431549, 12.5604160524467;
  -4.231420568397402, 1.182824838961652, 13.02080339540766;
  -3.513802120712271, 0.1521999443655171, 10.8901695649371;
  -3.839685147371312, -2.251190077007935, 11.82092430882997;
  -3.928361796896597, -2.677340445760671, 12.26582633085621;
  -3.924430895348923, 1.329100645307819, 12.52310339771029;
  -3.936446757603533, -2.793838305674223, 12.46646006634819;
