m=[-11.31276535643932, 3.495130560216729, 13.62981345388681;
  -17.54283705131894, 3.476976871352377, 21.5987341399868;
  -11.15149860796799, 3.379548746722874, 14.03733903157128;
  -11.48443424042513, 3.238612404238372, 14.53682543475239;
  -191.2598315029446, 0.6789514039070248, 228.9623785539789;
  5.493707718577416, 0.1882989019091856, -6.593709788801204;
  -12.8202739880905, 3.498031543919634, 16.21104176323784;
  -292.6273114248284, -18.12817130107931, 354.4448977195858;
  -10.47837635628188, 3.387502028190702, 13.48020318233454;
  -20.33458837920676, 3.404465945958617, 25.76737241319584;
  -10.26091492093024, 3.333744172271087, 13.45733052707811;
  -32.52049463625734, 3.392477069705305, 40.92135460105683;
  41.83243310844251, 2.240835317700199, -51.6447074624545;
  -171.5000357821874, -14.99156510466884, 213.899175886095;
  185.1727204254851, 7.661881647769827, -230.1303337019913;
  342.3131076139135, 4.197880879277927, -425.5204218361974;
  -186.1847601312236, -24.29478638789073, 231.5815622237059;
  -249.9881009500135, -27.03861820170194, 312.6140258663683;
  -162.6270708282152, 2.485051074510242, 204.2166413711231;
  -179.2248645493964, -12.85807502620116, 225.6222768939273;
  -164.7460363404749, -13.46251850516704, 209.0684756163244;
  -161.5326914273115, -10.16058889042897, 205.7256235984298;
  -133.5232454166815, 1.437232950479652, 170.8056436079977;
  -32.70555260063227, -0.8422213103826611, 41.72741134854739;
  -101.977174822803, 2.254633519031936, 130.9089146920715;
  -83.94916751962231, 3.620182776367746, 108.5219983595776;
  -134.7040334696165, 1.943116133696578, 173.8069656657081;
  -111.3894120033867, 3.171731917644117, 143.8427732125193;
  -183.5905671941912, -9.428274068926841, 237.0943516854084;
  -148.6231405720354, -5.519078901835085, 193.7049850124115;
  -338.3197180917991, -1.400985045744743, 441.9916803202229;
  -284.156955919781, -42.60831693242551, 372.6428120940678;
  -85.44729630351027, -0.7484537083004345, 114.0742922424742;
  -62.15408209373487, 3.422368683257669, 83.77352719142547;
  -56.85975789203222, 0.7394171095604121, 77.15775029472592;
  -136.8294457030044, -14.40886181498641, 184.5913545584211;
  -186.3019919101806, -28.18017885386152, 251.3769007520355;
  -58.99288921137525, 1.994670170703781, 80.28398835450147;
  -69.31396906628513, 2.792750700199049, 94.26100448349264;
  -57.66086246183994, 3.40101284007776, 78.58273864626047;
  -58.56779348887993, 1.360001678766169, 79.82140851855561;
  -64.00762026068335, 3.32554466202242, 87.47480445231967;
  -51.38842913876057, 2.656268247701571, 70.52589549414033;
  -135.6726155827205, -7.352043411589365, 185.6139386908641;
  -61.70097044887537, 0.3922044325682336, 84.95736585677136;
  -44.49826165184567, 3.557751879741395, 61.97416371882522;
  -63.33202282316562, -11.84084176306485, 87.91328034255081;
  -95.0292549415952, -6.602189144505208, 132.3804963460966;
  -104.8004273539409, -4.373579012544901, 146.5713822350937;
  -52.55826506161669, -10.51310678081335, 74.36309634857112;
  -40.18121268068342, 1.845285088130192, 57.26797511477357;
  -38.9761102626973, 3.132272515778232, 55.58962513614743;
  -39.73157261009701, 3.583207252672998, 56.72270129064708;
  -37.19720723734029, 2.598252914205906, 53.43772283457268;
  -71.37491780594348, -14.63248801850296, 101.816625921377;
  -40.69106108318996, 0.583987140168069, 58.66638475163484;
  -45.93814901965883, -7.513557614937653, 66.45874793457851;
  -55.67746836861691, -7.444434173122001, 80.58342846040449;
  -36.07413640410322, 0.8550354214714918, 52.78081890904766;
  -49.82416613970049, -5.470143002840422, 72.65294330764411;
  -37.71037251266427, 1.453188361926897, 55.32427655959161;
  -36.05816023656314, 0.4075109555791412, 52.99088703816879;
  -83.62568925979477, -1.28011379282158, 122.3183993211454;
  -52.61025354186441, -11.33286988353467, 77.16187193046991;
  -38.08711052687625, 2.704556235479765, 56.43040354876788;
  -44.37443914521214, -5.575830313885096, 65.71543985139486;
  -53.53533802311701, -12.06098533711558, 79.25382219144231;
  -62.28770289992372, -4.037128925388832, 92.15476704055934;
  -39.77278963206619, -6.11166690540483, 59.27973633826246;
  -53.06610532081774, -4.17273983341658, 79.15454178693979;
  -48.94112183050106, -5.942562709755779, 73.56726868829065;
  -40.0324427850386, -5.267134693156854, 60.6548548294984;
  -35.41246973222172, 2.284763272813901, 54.63811702906617;
  -38.21285701313359, -3.706801540008119, 59.37452726312277;
  -35.29593852673362, -4.852395072568108, 55.05391744335378;
  -83.32336004282198, -1.035071351554515, 128.8541887272504;
  -39.60816951075334, -5.711751620151506, 61.93804643934386;
  -59.84723254935791, -2.978685154012194, 94.15631006792934;
  -34.07227882363128, -4.669867708575204, 54.02544939837425;
  -39.41349409653292, 3.511315448202685, 62.72514979356213;
  -57.95419449345103, 0.3426341548276313, 92.12894229810372;
  -123.8191159585229, -3.584886058641119, 196.6527878047145;
  -34.48035044741157, -4.710992295476121, 55.73137691017253;
  -47.34562684150864, -2.032600700423703, 76.40333059853448;
  -58.49949581824419, -2.748011763411461, 95.42363709161303;
  -29.99152818856154, 3.380160232642089, 49.59705466977545;
  -48.14161866855428, -4.678039361214905, 79.18695201830917;
  -54.32846689237636, 1.0400740196843, 89.63629339456433;
  -27.69849416553667, -7.424148146928915, 46.04456467659868;
  -27.50465732991456, -8.68259278552053, 45.74672124767982;
  -27.84262128580508, -8.582364482622074, 46.30666544821639;
  -27.30034390494604, -6.272241070226658, 45.52174053545825;
  -27.94026289078415, -5.080631138783907, 46.60432322531078;
  -27.04385671047649, -9.301324592189561, 45.29208968631802;
  -36.96629833270664, -1.91684767626091, 61.76390487072532;
  -28.35598892161723, 3.266514456906263, 47.66114555057168;
  -25.07913602264559, -9.237877550148141, 42.24272258251549;
  -28.09461717224349, -9.167537134090873, 47.30829197491714;
  -26.0021046085198, -5.67098950229335, 43.93071400377404;
  -24.99592730748543, -9.003811433214729, 42.27774095353236;
  -26.48615528808131, -9.976685673314584, 44.81413194211328;
  -38.14492916820147, 1.530396014408257, 64.47253154993653;
  -29.93305053202183, 3.302697204796738, 50.82771664952445;
  -26.21847370039943, -8.530505001743078, 44.72255251517181;
  -26.10846951519045, -7.332776491999719, 44.71236412253402;
  -34.829575467638, 1.880804372444359, 59.6421978686533;
  -27.56059735987077, -10.27703260896427, 47.40167315284207;
  -39.28152445490876, 0.8247945637948302, 67.31513484147081;
  -24.2617005981941, -6.151187068692945, 41.9457014380614;
  -35.1388066816729, -2.441348904238721, 60.88567684696159;
  -24.81749903047025, 2.616755716024467, 43.29538217810752;
  -32.56930703952062, -2.020413482430917, 56.86598553688285;
  -27.24891939863853, -3.626396924929261, 47.75635099063963;
  -35.18180341971075, 2.492280505296907, 61.54502840042806;
  -26.03659327126211, -9.298935702293608, 45.70717029284202;
  -36.05143213455671, -3.001485655594984, 63.15589798761884;
  -37.96503783356594, -2.536902498943515, 67.19804072548385;
  -27.39677778379191, -4.824897076271546, 48.68094526686247;
  -24.15192463284368, 3.310205923925083, 43.14328864583757;
  -28.19034421013973, -8.764510012648536, 50.2206557109034;
  -39.22895447913026, -3.236330349637145, 69.79674433850799;
  -37.20438525741374, 2.129625726727025, 66.40326088510102;
  -35.34806305303843, -2.669419593369034, 63.45427611401168;
  -50.75290876514504, -2.599263196588149, 90.87005001059541;
  -23.52744151616563, -4.4562648939371, 42.53422265724365;
  -26.26061018377588, -9.402084197439741, 47.37888902826753;
  -57.28340472561659, -0.6247345906054818, 102.9621684437557;
  -22.482843828288, -4.61898774700294, 40.88160467995414;
  -21.04752873624159, -6.447119145665341, 38.3688144440571;
  -27.21213618820021, -4.793449229670173, 49.45926091640651;
  -24.21961088856304, -9.520086537148789, 44.26835123903779;
  -24.95027621429744, -8.464856006386198, 45.67613322176397;
