m=[-5.701277228170562, 1.631659091401416, 7.247907924142865;
  -14.98477864237056, 1.676213711803674, 17.94808017851479;
  -5.152524927280356, 1.589438395748294, 6.761612509434145;
  -6.696724520006279, 1.592115348500066, 8.636473622909135;
  -16.59620051494586, 0.9300363354865525, 20.40398899267779;
  -16.38543333805136, 0.4366477623039959, 20.18630062471778;
  -7.630623748542844, 1.613261587745109, 9.892696463787088;
  -17.143515766903, -0.1674345107916388, 21.45962046094212;
  -16.6683241842277, 0.5630616365326243, 20.91917176138893;
  -17.08276085152996, 1.000879764704948, 21.49120639501475;
  -17.2215977143773, -0.202272080775643, 21.8096603763858;
  -17.25796860316783, -0.01998235640988721, 21.88510412050763;
  -20.35179183541108, 0.8774544228927554, 25.9834270665453;
  -7.75430823702764, 1.63308278774846, 10.58989554826119;
  -8.441487658526224, 1.619286013270024, 11.73608822720336;
  -68.46341037793104, 1.677775091451806, 90.51094043972199;
  -9.14970394611041, 1.516880838034871, 12.90977898585978;
  104.2182127046041, 1.961172640500315, -139.1789634650963;
  -651.828706533909, -99.54835656093691, 893.1483427506875;
  -388.2800053081956, -47.7747655488885, 534.2571454648852;
  -76.31937132886718, 2.185575769998371, 105.8975920576746;
  -413.7266735619325, -67.09182563585951, 571.1969091858911;
  201.8759801431325, 0.7846758776868174, -278.2577810521397;
  219.7588158806533, 9.879950852242342, -303.9637080604701;
  388.2051989186892, 29.40547135033761, -541.5294939220968;
  -340.4207023609516, -52.13453037557422, 476.8306336975637;
  120.2176940639897, 5.656707433807144, -167.8559774489376;
  286.7934321971278, 35.05933019334837, -401.5036180416383;
  -300.9056799763929, -48.20319744020573, 424.7669341152062;
  -81.035822053196, 0.569567846988151, 115.1522018270063;
  -138.7116789897382, -14.44556425600168, 199.0089170948966;
  1408.232794501779, 215.2988370741575, -2022.133834506311;
  195.7345588462578, 10.45537232930375, -280.8348958086323;
  -83.22616967830058, 0.7798221666103823, 120.3452697763283;
  -238.2243229321512, -20.70387688906074, 345.1903834154127;
  -102.9956491826746, -10.11881836088172, 150.4355609647625;
  -356.0716613037363, -61.67539723224534, 519.4564546265744;
  -91.28042887460845, -7.055530758180343, 133.8256792530378;
  -76.25595399460137, 1.552923740881075, 112.0280739005614;
  -54.97553519053422, 0.9166613990732417, 81.07398449166688;
  -79.00070742979676, 0.309539566778918, 116.2422175547748;
  -8.814322363210964, 1.537663286297146, 13.63066104277843;
  167.503136157063, 6.00755044723754, -246.8353364095451;
  -99.5391640769859, -6.424639936637952, 148.1811077462427;
  -59.24707438366852, 0.13879853444391, 88.92995333355805;
  -218.3213020710084, -38.44571340464289, 326.0158834367291;
  -90.37708398510226, -4.418177836198216, 135.7192108817426;
  -44.40656177121335, 0.6333051113766191, 67.18111664575919;
  -29.54474259164402, 1.574795594765872, 45.69127634566672;
  -62.75470503608833, -1.023333028227198, 96.47170110397545;
  -28.65970171980391, 0.8411134645790529, 44.7511849036367;
  -28.3347382904925, 1.616239973151184, 44.29305559923704;
  -29.28639521740909, 1.078562374028231, 45.77010673029767;
  -29.49571328454404, 0.5216313907982429, 46.12764561129629;
  -28.34801893720772, 1.400484242137778, 44.49480337987433;
  -29.6588486021469, 1.48933410900668, 46.67917967683007;
  -27.27094083661165, 0.4313432438418131, 43.02514081109237;
  -29.56259071925324, -0.04038857104920238, 46.76310232478613;
  -66.62841698822051, -4.542593586559815, 105.2777067021943;
  -53.88867959437783, -10.47599472561295, 85.02093726863123;
  -28.15401057707415, 0.04539337518641379, 44.96856207316925;
  -27.67286645026742, -5.976160432594456, 44.20286744193127;
  -26.37834976514111, -5.530054309635841, 42.37623775720735;
  -24.78949276123592, -5.45972922366443, 40.12370008992048;
  -55.00780411785055, -4.7062939220784, 88.4264001549636;
  -17.73936309594624, 1.444817897885715, 28.97709854846319;
  -17.59342709214604, 1.001700169541147, 28.76187389842704;
  -27.23103612406309, -5.771785762139506, 44.15546141894853;
  -28.42342938005043, -6.556942711783822, 46.25597541318054;
  -74.16404964342721, -4.045901821443626, 119.7938496888894;
  -16.4543339062148, 1.386711687035952, 27.40573684126444;
  -22.78532746410225, -2.615176805881256, 38.0769864495715;
  -22.62050015471213, -5.727372122695238, 37.90390599035257;
  -22.90916536133189, -4.939615593528659, 38.5593015426403;
  -20.9473156150642, -4.364770393191413, 35.36403375964888;
  -27.04840618619807, -6.749914860098498, 45.75988137618114;
  -39.19013034108013, -1.047940477624707, 66.29764477465371;
  -18.53670639139774, -3.351967741937181, 31.79680449828042;
  -18.8830276851082, -2.332358737430672, 32.54576094970735;
  -25.07203908618682, -2.425076097844805, 43.17451858625352;
  -17.09926915450493, -3.456220963800625, 29.71171006669679;
  -21.74373905209206, -3.152125955051826, 37.73277607891148;
  -24.03592794115896, -6.126762301799488, 41.64057812109108;
  -16.98801738866418, -2.66283625007611, 29.66565796343523;
  -12.56036668921543, -3.631781286495822, 22.45614067812803;
  -19.80327345058027, -2.163222797725959, 35.36836804506172;
  -11.00973305138421, -2.841958372698457, 21.54343840401972;
  -10.49996633423712, -3.466122108804815, 20.86513623698929;
  -10.48779107746687, -3.141955403801493, 21.03424378819903;
  -17.85893172013232, 0.9305318482345398, 35.58084783423828;
  -10.85640767183112, -4.426644152786415, 21.973693953176;
  -21.34779146615648, 0.3958264410923189, 42.78608489716416;
  -10.99698629968493, -4.612308481292977, 22.47746941156732;
  -22.07935633800187, -0.6078814216006362, 44.98021766640486;
  -10.33614004507838, -4.289687726603212, 21.42728774217225;
  -12.81460256630143, -2.710093673742187, 26.54598854636134;
  -10.78432290349401, -4.210644189315636, 22.45058978114904;
  -11.95177917340186, -4.389695964760114, 24.86378461365985;
  -11.04195358862345, -4.656893747232304, 23.274058608923;
  -12.37493900817719, -2.62992940677898, 26.29377310048704;
  -28.29539693888907, -1.93339296048015, 59.50599066470046;
  -27.14203258347093, -2.247374314799516, 57.18692734910245;
  -10.9434734356933, -5.071169020861357, 23.38095326925602;
  -9.658147032928872, -3.260495155480539, 20.86811337891005;
  -10.53623350700218, -1.730508308448664, 23.00897599469324;
  -9.265313249336503, -2.698131996684895, 20.29457608396405;
  -10.17230386207415, -4.442209946327496, 22.37077927106788;
  -11.89646221282351, -2.342926580426708, 26.29605781221273;
  -11.77893418540863, -2.1099377437366, 26.05186233990998;
  -10.4193167687291, -4.316515243915396, 23.0996685190016;
  -10.86172820727713, -1.402895019314522, 24.13775742872732;
  -10.3139999323123, -4.46302838343524, 23.01946447681816;
  -10.46195268201018, -4.700412783496677, 23.39300720238402;
  -10.77198692709869, -4.55515104061001, 24.11310231635403;
  -10.49557204990222, -4.898114040972661, 23.5664921658063;
  -10.35434994589029, -4.652996184562639, 23.69839181754285;
  -7.862515731957365, -2.140438874324901, 18.22789243633068;
  -9.934366701681038, -4.871952938086729, 22.91247842957783;
  -10.32709780269273, -4.060233357221502, 23.81831901811783;
  -7.305564836895145, -1.893405914312657, 17.10507408566886;
  -10.10422274518087, -4.754888243388684, 23.47195282333992;
  -8.612986233715798, -3.78489760250435, 20.42959864811472;
  -10.3056860606205, -1.673584112406762, 24.51270467943675;
  -6.816443151565169, -2.302313299243766, 16.6762009364177;
  -10.20730762081996, -5.19408583714955, 24.72222928778386;
  -9.636098451148854, -4.844608985820749, 23.67347275045161;
  -6.811103083585135, 1.412605067747938, 17.66026162757997;
  -5.221213050503006, 1.466952079760582, 13.75223182320219;
  -7.244923601987466, 1.375155992967788, 19.12232921642868;
  -4.522949986680964, 1.45973028339267, 12.14355243783667;
  -6.344237404339498, 1.366453014560145, 16.94409765748264;
  -22.10437289204692, -3.251576852914261, 58.00448936831997;
