m=[-6.731028196628039, 1.580814911927774, 8.558940807225921;
  -15.96885177931216, 1.319769652027321, 19.42608067131802;
  -15.80293131499582, 1.129741193762581, 19.535018938443;
  -15.9402219193425, 1.367955756168184, 19.93139446050815;
  -11.47069234895216, 1.739217479690132, 15.02356580906474;
  -8.221594145019754, 1.518943137618496, 11.01591779051591;
  -15.18170984453252, 1.200010324770548, 19.7089495868562;
  -12.10755488856909, 1.488709290837414, 16.14207844683234;
  -14.41581340460979, 0.5603874110747511, 19.21232233079736;
  -14.65378655666267, 0.4934784174525742, 19.51788104836229;
  -12.81722229729735, 1.490635143393339, 17.25287800318256;
  -6.011539532588262, 1.543975611005578, 8.522481776300854;
  -13.80226247335693, 0.7690937497642187, 19.15465550511614;
  -4.84664937347078, 1.566369926499148, 7.345662329079605;
  -14.20690662286914, -0.2378597708877344, 20.11206547681127;
  -13.87896624684851, 0.4281955433822366, 19.68701921410044;
  -14.14691721588293, 0.8282221588817245, 20.12875892253639;
  -14.52995569961168, 0.2856255477474672, 20.70588231364281;
  -14.23722171299937, -0.2740077008736721, 20.40649742477109;
  -14.2238844403725, -0.1072113580985886, 20.41316217270331;
  -14.02575031847912, 0.7769800779794013, 20.18554643552878;
  -15.05850438170151, 0.6910412958120505, 21.80764653509361;
  -26.50196986972061, 1.220072925081297, 39.45621773158564;
  -46.69064770044685, 0.9669485056819721, 70.86907331933347;
  -84.51731795045669, -2.267081683442372, 130.4715073123431;
  -60.2638207491145, -10.01805767170302, 94.43492170446642;
  -64.54206062243598, -11.99696902387105, 101.1709600616704;
  -69.20477761481109, -16.66085927487963, 108.6707935812232;
  -68.98501249159111, -10.37317935526675, 108.9105659161886;
  -62.55693753273098, -8.922986512445945, 99.59068837028323;
  -40.45296613171421, 1.016909795929039, 64.76098263856329;
  -85.95584950327971, -2.261046209831354, 136.798101390021;
  -77.26238290114681, -10.44075022930554, 123.2960386822387;
  -93.25379474124323, -1.019090807738974, 148.9181996273781;
  -83.54729024094642, -7.570153765587779, 135.1204251578995;
  -61.36826921283331, -10.84035548126901, 99.5758173370681;
  -66.509216754093, -9.489042583817808, 108.0022912273619;
  -107.3332609532172, -6.251329828539671, 174.0168249132482;
  -94.0674319549577, -6.897122043003376, 152.780526918484;
  -57.43352851381661, -10.59652076099413, 93.9224134598749;
  -73.70122817725948, 0.08439852693276947, 121.4037621326501;
  -57.62336733568394, -10.21199398962404, 96.07183486904023;
  -7.386054158330847, 1.403809072715824, 12.94550444410843;
  -74.55291622878156, -4.938562812538826, 124.2892355611359;
  -51.16286478146247, -10.74075166908928, 86.8371975832784;
  -38.03389871258941, 0.6144509320444911, 64.73864210496778;
  -30.96109723274758, -0.1607090478051708, 53.83818012258539;
  -49.1837935120212, -10.04734929486792, 85.43581069881478;
  -38.24873318547554, -2.36076883868416, 66.6558336555327;
  -24.76838824327835, 0.1640068582400605, 43.88621119285023;
  -20.29006240608617, 1.068958300085097, 36.28197760492373;
  -19.18573097712439, 0.8346918676803961, 34.49775209940916;
  -19.08966837848116, 0.1009609280796157, 34.37375359748037;
  -19.21414852466606, 0.4993688118696782, 34.71885344870143;
  -19.59638635269744, 1.120701830107767, 35.44229637551392;
  -19.5056269224571, 0.2565635312887443, 35.31655937904422;
  -18.45889019942846, 0.8988590376188661, 33.52818794979606;
  -17.6119292683998, 0.8681708007321857, 32.14395136827722;
  -19.330138258548, -0.1696076967534901, 35.43264074672585;
  -17.44943959571859, -0.09309911334061732, 32.31263251779883;
  -31.42868510453803, -2.638165960635916, 57.8239455227581;
  -14.53466291884868, 0.705417885715403, 27.18873973431182;
  -16.89902869745225, -4.322989873029982, 31.73679441361183;
  -13.11596190601811, 0.7497434707030056, 24.78743324317564;
  -13.53688987901171, 1.292183844792165, 25.58071181842711;
  -17.4014645932149, -2.999560694806084, 32.84663391409387;
  -25.74073437693791, -2.674619986583541, 48.23512101769061;
  -30.13498017271588, -2.054605058633251, 56.81595733262272;
  -13.25954831184679, 0.009064545572214065, 25.41749509530603;
  -15.31986112511818, -3.441204225825528, 29.61288303603497;
  -15.78547825887705, -3.946633405216898, 30.9006239016756;
  -14.80207479337251, -3.622041238970622, 29.07568268638659;
  -13.08228315565337, -3.035668831358987, 25.92876187377506;
  -17.20312902500305, -5.024312982714187, 33.95302918558295;
  -13.23580443161747, -2.835574822192401, 26.40994615931863;
  -12.05756595779908, -2.874628399416758, 24.37108157916168;
  -16.69009040397949, -1.964688739075982, 33.53275426088201;
  -14.21845271610587, -2.46498076470066, 28.7932673543457;
  -16.41040535819657, -2.070243079942939, 33.13203885116116;
  -12.58722355421398, -2.348777785049971, 25.59257276677199;
  -12.92112013454705, -1.986819014339589, 26.37057368106562;
  -10.33372342326329, -3.4038717540669, 21.35218602496618;
  -10.35723608631455, -3.523650268691946, 21.51578973694588;
  -12.35617480995909, -2.345134317141949, 25.70662316235564;
  -12.15769372962753, -3.710497877435271, 25.30744065779534;
  -9.828283303531233, -3.620296215287616, 20.87499107967739;
  -9.587691782226701, -4.408445080773968, 20.5707032738093;
  -8.598020790897426, -2.855659513296531, 19.67244478716292;
  -8.909647009250296, -2.767181283923629, 20.41713717142107;
  -8.410862816999321, -2.991526329580028, 19.57194627144136;
  -8.519206217646245, -4.413339464023505, 20.08382865302722;
  -8.056609210139815, -2.892886385975752, 19.02699146676579;
  -8.426862185040761, -3.727641539326077, 19.91314334046675;
  -8.038936455554858, -2.983396171335907, 19.0499881256555;
  -7.951749072901613, -3.159875572453439, 18.89975750530172;
  -10.87044263917429, 0.5674127751061464, 25.63952040560889;
  -11.05037895932791, -0.6390349090972634, 26.4603145233062;
  -8.59999459270999, -4.115148046917349, 20.94540372141891;
  -8.017470503434856, -3.986840778691218, 19.68687830562167;
  -8.579494603970925, -4.004343461395243, 21.13963911525316;
  -8.964808396910049, -2.311075113352466, 22.04671460988077;
  -8.627130820245391, -3.796885265379942, 21.29954588313023;
  -7.441391043150548, -2.058976323259814, 18.59791847779891;
  -8.343743337765469, -3.865050733133235, 20.87771760317587;
  -8.34954962273047, -4.227897123080675, 20.91784593862401;
  -10.45872491382618, -1.276162233443084, 26.19460939549314;
  -8.641704521857712, -2.243772475415313, 21.87418357689885;
  -8.158228686232079, -4.542900915926743, 20.75504530290951;
  -7.88732443079072, -4.13321576597054, 20.22557732474053;
  -7.272172658527847, -2.972128951499403, 18.69610109038698;
  -9.232406182409711, -1.978649015741309, 23.67590288627183;
  -7.78486969426563, -3.898569511904004, 20.16183843405407;
  -6.908001986037467, -2.45226089139979, 18.03836128146021;
  -7.678851489170313, -3.953205924466282, 20.02711410558832;
  -7.876525036502777, -3.790062323106814, 20.51580535736549;
  -7.355607417881587, -1.538159331313771, 19.31810516201591;
  -7.685252956004362, -4.061021447052465, 20.21618335101313;
  -7.720673802248947, -3.983346597733894, 20.31742445028586;
  -7.633788191987201, -4.133389095888702, 20.12452931066894;
  -7.750700309707636, -3.893429132204951, 20.57624762207509;
  -8.370237525020315, -1.852040705758993, 22.15250720050231;
  -7.578058769356864, -3.977132896772786, 20.27539110435659;
  -7.69051079374395, -4.183833427781993, 20.61487273245264;
  -7.589711672612423, -4.289647689175905, 20.45851805601826;
  -7.447249055904447, -4.278060358256152, 20.15871327722688;
  -7.297275190504093, -3.642339477807438, 20.02870772606204;
  -7.622087683475271, -4.166055948398796, 21.00522261672926;
  -5.963290350760569, -2.629389764520894, 16.59562570155068;
  -5.998675842089813, -2.021635272928995, 16.70207822400413;
  -7.28211847791301, -4.346844156618251, 20.24160206319866;
  -6.822126273348033, -3.15353572388649, 18.98221690810857;
