m=[-10.0910912809319, 3.198191151231649, 13.01101045422051;
  -31.96741460414911, 2.285329500997348, 39.51697550646964;
  -13.51083855252176, 3.173086552686642, 17.17991130759928;
  -32.9257495404588, 2.82561741222486, 41.16982218437323;
  -16.79580567576299, 3.10918583923687, 21.66600880188534;
  -29.80960838618014, 2.35624565395482, 38.69893937531257;
  -23.44414570213817, 3.554664946208387, 30.70561523913154;
  -17.33858206791105, 3.203310669870742, 23.23155233585937;
  -22.3536942183883, 3.068093588501982, 29.845782671505;
  -24.50813818556054, 3.013448491769188, 32.67482929609746;
  -29.50679770265231, 0.9936658882053698, 39.30111616212994;
  -10.19030662803804, 3.178353091159503, 14.1121748392707;
  -30.75421156403735, 1.195511658919296, 40.98692241735595;
  -26.39749954430834, 3.07001311249418, 35.53288135784708;
  -59.52916056035282, -4.145991564271672, 79.25584553466885;
  -10.20174122155955, 3.147491789136911, 14.45339892686868;
  -9.24599148531529, 3.117778506879149, 13.17428037871196;
  -9.47903003029044, 3.11465319578181, 13.52619419784438;
  -81.9622201004989, -3.867113302104712, 111.329224624192;
  -12.08615016660474, 3.10415010781013, 17.13437863664453;
  -9.661995249155368, 3.131368366735916, 13.86436579298698;
  -28.23257674449639, 1.573183987469103, 39.18091563658361;
  -10.36660889562619, 3.085413104443868, 14.97034971237597;
  -13.42089589563325, 3.060500425619473, 19.27364278049675;
  -28.8581105146034, -0.4831582087128716, 40.85310219977684;
  -28.27352388474602, 0.872298174650328, 40.10539387944073;
  -8.702225900756185, 3.141272333984999, 12.91702075599217;
  -28.97053994538848, 1.696061606312395, 41.22035956793011;
  -29.90128980621878, 0.5877906619829024, 42.61076912782603;
  -9.351263108031192, 3.13414209911656, 13.89697165366008;
  -28.85928004562477, -0.5554219168302302, 41.36458894884497;
  -29.06311552786801, -0.2190608408962374, 41.70942846178274;
  -29.20872373243085, 0.4253365925022185, 41.94342536797114;
  -28.85935457681986, 1.598712586519516, 41.53373820880586;
  -30.31050620519111, 0.4132882141763299, 43.6183430008759;
  -16.87590310136211, 3.361704407515799, 24.85163087264256;
  -34.67788908910443, 1.430856885210298, 50.24899315287686;
  -9.725050387440472, 3.143001543284112, 14.73944797212865;
  -9.805283919094784, 3.237057580906072, 14.88491936391987;
  -127.8229560260681, -27.34268985823008, 186.7891143208833;
  -155.6221150811517, -35.52258262240876, 227.6477914831021;
  -13.60242544135526, 3.103664657361353, 20.69129740697381;
  -149.4328586207776, -32.28983719382225, 220.4744549614205;
  -132.8576564220383, -26.98902146138265, 196.0034482144895;
  -176.9790300945294, -42.15355899312598, 261.6080260958158;
  -59.23187343811548, 2.726861642320952, 88.18460312620701;
  -93.57666794502927, -0.92102685862545, 139.0403095555397;
  -157.9720113697683, -37.04535527754629, 234.9568901890291;
  -112.5521975324753, 2.330920314352537, 170.83656646521;
  -13.00419164656517, 3.049596190645693, 20.56686867988772;
  -71.68609945247458, -0.3882013216445903, 110.1254427502233;
  -16.40051171849601, 2.93206384702749, 25.98273153080407;
  -99.63035771939926, -11.30509570026631, 153.4375705963017;
  -15.06934690950122, 2.873082231744979, 23.98175975500134;
  -196.5809612741137, -5.273062461344106, 303.4669692355564;
  -108.4220839189233, -2.559279794574527, 167.4108029236832;
  -117.3798382423575, -28.02794417403792, 182.3345332298691;
  -174.7018040401495, -22.15220605398075, 271.9172030808883;
  -141.6507087844134, -20.23912043341689, 221.5195986663626;
  -137.3934420122685, -18.37024053446231, 214.5403981599416;
  -127.7535203180172, -23.74660819882399, 200.2561767812379;
  -131.9507644810252, -21.9350574186028, 206.7701642165328;
  -164.3697514139261, -39.5715641569849, 258.1063322870485;
  -140.098423799591, -21.06640304864009, 221.181356194425;
  -140.0894022684629, -19.98204989373204, 223.0224265373924;
  -90.42322816854902, 2.273066113489155, 144.758164098018;
  -128.6409271260257, -24.02613608317453, 205.6031275045552;
  -152.2113989552941, -20.56888668032287, 242.9003847510255;
  -185.5393258254545, -2.027600291735714, 296.2901664073967;
  -171.9795440068092, -9.727343814606956, 275.7680122929218;
  -135.9734964289299, -12.32045076558476, 219.9089473123169;
  -137.308587901919, -24.25478056625078, 222.7961623019512;
  -141.7074677571364, -8.253360722014453, 229.7468965965878;
  -209.134543149656, -29.837768095085, 339.6072144175481;
  -149.8545010263136, -10.98748802632096, 243.3876332338852;
  -14.94940040921563, 2.880720205560489, 25.10017988343529;
  -131.9175395798135, -24.33886586927142, 215.7278860560348;
  -133.6439577243832, -25.07295700710138, 220.2186288994396;
  -153.7033560497432, 0.1760124920038161, 253.1866311911834;
  -109.6069269302374, -13.41592150170949, 182.1583354461273;
  -145.4402779577439, -25.7748776759525, 242.4834752517303;
  -181.0396388148313, -11.99249704871, 301.8162058947439;
  -100.2838392316845, -10.38940158994462, 168.6082441601698;
  -122.6715877043982, -3.369067129324735, 207.1418362677483;
  -71.04331103185861, -6.625943874454867, 120.8083875845528;
  -79.58090045278884, -16.70662291912198, 135.0702781400525;
  -17.45561505711817, 2.932840789105585, 30.28474502328137;
  -87.27758008821026, 1.409999822448847, 148.5577921899458;
  -81.56532435974532, -0.1253491202989771, 139.0042108196455;
  -15.06011425256268, 2.862357162658836, 26.3957956178038;
  -30.44146844931235, 2.851779026093318, 52.86770930584643;
  -69.6949454631191, -0.3617639335586687, 121.1923789157063;
  -92.01287393538745, -18.7965469525552, 159.8330246217443;
  -44.13823318159928, 2.60609702437749, 77.14764973464412;
  -81.08978478956138, -5.004982417025407, 141.3146725640699;
  -59.70883580051833, 0.5751655671174718, 104.539736356474;
  -82.29606722742733, -16.61949491330137, 145.1763107017918;
  -50.85661571601506, 0.3367531904935014, 90.11099777444572;
  -43.16225617595858, 2.27395318290645, 77.18123190613606;
  -65.58586701432581, -6.488155340428863, 116.9164265614993;
  -35.60133675949572, -0.7745158587969953, 63.54511397237003;
  -37.09095185866055, 1.613674032949946, 66.69302638908229;
  -43.2351521829079, 0.2286609177019714, 77.85124594202539;
  -40.95808074251153, 1.064485792362522, 74.00887949907488;
  -41.43071086803673, 2.369389572995595, 74.93215877686849;
  -41.70469044287497, 1.449417025211152, 75.44811389691624;
  -41.69775100636912, 0.5484633889247597, 75.49724524329882;
  -41.7555720564535, 2.033295225682156, 75.84359908611262;
  -38.09550343455981, 1.877897828060182, 69.52901020035661;
  -40.7847683404089, 0.4498642949570222, 74.4753801574189;
  -41.2709071971389, -0.362121750967733, 75.65063469533249;
  -32.29738897415853, 2.607117441241858, 59.55343289837599;
  -34.2570181348993, -8.982353126455431, 63.15323728850407;
  -65.48670999667067, -5.497042227907478, 120.485471750308;
  -62.75799684953441, -14.42849724811691, 115.6260133070374;
  -39.31206618774526, -0.2097441860863399, 72.79754408569509;
  -83.38215536061642, -2.639004216313958, 154.114085545246;
  -32.64631816680704, -7.991488135267022, 60.94022578360053;
  -29.80768844697976, 1.44667108413392, 55.75867068890938;
  -34.72587457178862, -8.883327367127562, 65.21605246364726;
  -56.42096165729065, -5.862483544605251, 105.7262731366423;
  -27.72255698117069, 2.362211727478053, 52.35895834386073;
  -27.0643997741505, 1.547073494461339, 51.14813594880587;
  -36.41082878558433, -6.276281533977198, 68.72830486321065;
  -36.60044531877315, -9.76824723522336, 69.24492020242579;
  -69.43844270865108, -4.734317886891506, 130.9180087581564;
  -28.02696830313908, 0.01915990842673124, 53.7254597688566;
  -25.78186936862901, 2.282122405542729, 49.69677064312747;
  -26.24393365336065, 1.323903394561735, 50.60507003552259;
  -30.96139550894679, -8.537872007769241, 59.80480661416467;
  -41.22449042342279, -7.691129626470266, 80.07409654288367;
  -26.1208130226868, -0.06447774462353008, 51.03593262851238;
