m=[-4.003419220952116, 0.7619065884907862, 5.038414943885754;
  -16.41330615601649, 0.2979872453381696, 21.33141717487256;
  -5.954240734189874, 1.526957028920484, 8.322336191078971;
  -4.670855626056211, 1.53343343826812, 7.008587181237734;
  -13.94215284396836, 0.6801181208292182, 19.59064510392561;
  -6.287124653991675, 1.511166711734105, 9.258591679060842;
  -14.43793599829346, 1.301480665818665, 20.42993297658141;
  -10.02109160904097, 1.656726280786828, 14.78446595069422;
  -5.995275382825036, 1.499997545195764, 9.175421407420561;
  -14.48731508264512, 1.210890385143298, 21.29299623388769;
  -10.85941338100651, 1.434556605433875, 16.34541886200839;
  -12.48748277662287, 0.4860410501866047, 18.89071780002881;
  -13.17491280441453, 0.4345099329144943, 19.90011612840397;
  -4.073221293951311, 1.497292107815782, 6.661763032309388;
  -11.55749338602746, 1.440097077120253, 17.61055759007358;
  -4.226105221069804, 1.499983048858339, 6.951998960298121;
  -13.03666102104837, 0.439140130791116, 20.16009326283395;
  -4.141312433217958, 1.498876495442614, 6.918959837647078;
  -12.55570500659482, 0.7244698737598724, 19.80520171105102;
  -10.73819832007055, 1.43470158245092, 17.34212051306365;
  -6.728309784265122, 1.482324181479455, 11.16593096082061;
  -12.94884218453083, -0.2906762404327972, 20.8800478893043;
  -12.60115737982016, 0.3787900859675659, 20.35471295827183;
  -12.92163880068976, 0.7880640106604738, 20.95279307622288;
  -13.05775499221611, -0.1742609204058289, 21.37531839245331;
  -12.57337720643867, 0.7156433221638443, 20.64116273604318;
  -5.92576476149071, 1.446724844969262, 10.17843910545532;
  -15.08297975655543, 0.8519472547267586, 25.04723674167543;
  -6.979757295971683, 1.474022676112013, 12.57397719768974;
  -75.34838633088771, -16.57180807057141, 131.4990024522647;
  -78.16057522208173, -14.41827237758329, 136.4880991057329;
  -103.6930703079492, -22.16119019890095, 181.9527480711789;
  -98.79285965611558, -23.54199313480188, 173.7775523511484;
  -44.09984786791186, 0.7974848952429565, 77.86180908880652;
  -71.9250205238057, -12.46216067411508, 126.9528133947299;
  -74.67856577494395, -15.83889919712533, 132.5511838669924;
  -37.09314165473226, -0.4156315921925708, 66.11069655462313;
  -78.21531971549887, -20.16608761298589, 139.2404393316622;
  -68.67392631374619, -11.95316470120456, 122.527137259544;
  -80.03370405669411, -17.23920024271046, 142.9935182244371;
  -85.63493164292729, -15.85704710445432, 152.972203688027;
  -90.16056801899387, -20.94652000653998, 161.0959658210249;
  -35.49083601448406, -4.753224987405111, 63.84379968750598;
  -128.7194568732616, -4.556144184262849, 232.0578962823361;
  -77.65493891641781, -21.31584157602822, 140.7923263530896;
  -55.55155064951687, -8.660090568422524, 101.5503993887448;
  -83.10703566147944, -13.82787401709803, 151.8214961908086;
  -75.50402667232089, -16.07885451361634, 138.0712620891257;
  -73.39576922017108, -14.14416115809367, 134.3260469913122;
  -78.58417617290229, -21.73369036001278, 144.2921862539481;
  -76.298449184116, -13.35187980773767, 140.8078345182787;
  -238.6610664744293, -12.87414314618605, 438.6329183137243;
  -10.22347146493757, 1.396282093564338, 19.47100834375227;
  -82.44545078472974, -16.80313967935168, 152.8380938947199;
  -72.89120112906971, -12.14409509514917, 135.7782295865072;
  -46.00628137836325, 1.071118254299847, 85.94571974596953;
  -92.02639048143914, -14.5620664656617, 172.0817158578227;
  -150.7461638365266, -2.694668563828809, 282.0041331240181;
  -113.9635357671402, -1.14656663685162, 214.6194054690118;
  -74.31757581189686, -15.23809328407041, 141.2297702924285;
  -127.3203387215092, -13.79748846292614, 241.3452548769399;
  -78.76414538154636, -13.10381373189573, 149.9827229856127;
  -6.896684330811437, 1.295688905108817, 13.75987538634313;
  -275.9462675722336, -19.77466656214823, 525.0758855561264;
  -118.2220027363602, -10.49113070560622, 225.3290544344461;
  -6.234692756146638, 1.32853490828421, 12.52609025567154;
  -69.25896394645119, -14.84537044776236, 132.7487349361912;
  -113.9067330956903, -0.5002268841187055, 220.188949759576;
  -109.9035773639872, -11.80455698669807, 213.1018769340126;
  -61.8311697325525, -13.65988482792429, 120.8457688288903;
  -60.57150733566926, -12.52125753147539, 118.6377510751964;
  -95.53228631569913, -7.700024856108796, 187.1780073904395;
  -45.45372752600445, -6.282722228982943, 90.28284677097696;
  -13.1332800768158, 1.295840564357568, 26.56269754251786;
  -58.20043377743031, -14.3134977673488, 116.1041191856462;
  -41.07080341217105, 0.5426759750075484, 82.03637391439524;
  -32.38411435839346, -3.169981497964693, 65.06613473920397;
  -38.78690306944534, -3.742218148228323, 78.75879878195573;
  -158.0265526839191, -9.341935749596599, 318.9820067901839;
  -30.74001554875796, -0.3559218526298053, 62.78716942127318;
  -40.0884670559683, -3.071488076031682, 82.19637339835653;
  -21.74300574710494, 0.9559764591331058, 45.00405928810431;
  -24.43060262914655, -0.00873151143866523, 50.89702813021065;
  -17.86643493183325, 0.7594041156811859, 37.66777267762176;
  -43.80971721254104, -5.255275214626074, 92.01315687029342;
  -17.79802524948905, 0.4267278032482199, 37.75669330262204;
  -17.79596276613902, 1.063175683970608, 37.7948824002962;
  -17.97433206952987, 0.1658701355989017, 38.22519093740973;
  -19.17921939098972, 0.651070091511227, 40.74973492343039;
  -14.4097028743191, 0.7383807496728962, 30.88495467209164;
  -15.74030512207007, -4.850414567824823, 34.08998822155451;
  -17.77375957791356, -0.2883422194791973, 38.32307922454051;
  -24.35488908111638, -3.724766609457402, 52.91710060293616;
  -12.91626122702878, 0.6409550120375624, 28.37151145528588;
  -16.067625031463, -4.62647918297762, 35.25748733090681;
  -32.43579986499911, -3.33088621214402, 70.52822371739754;
  -15.25929327155843, -4.593325844388152, 33.74251869587803;
  -11.46573549964613, 0.6825006620624765, 25.44055835417498;
  -11.74830934227814, 1.094162032732804, 26.05639964476795;
  -14.33296480901288, 0.05026455099243165, 31.66297598609177;
  -16.49313601371372, -4.791910209740586, 36.61887875923177;
  -13.34222546380109, -4.19847664504022, 29.77650034048336;
  -24.11511593978265, -3.03260989962584, 53.45668092320001;
  -11.3348713319572, -0.0688658468285253, 25.57837359892957;
  -11.02574633772789, 1.069955533637613, 24.99734413674223;
  -36.49021749609986, -3.099564226709981, 81.57809828763411;
  -12.62510896185676, -4.129357495146319, 28.79896098624063;
  -10.90625325772966, 0.1142062761884405, 24.96087226649364;
  -19.6440134942743, -3.142195885386573, 44.65986664120219;
  -32.66986765061731, -2.548930841749693, 73.89249653944935;
  -10.7855763128547, -0.09546167001440337, 24.84086615431459;
  -16.01309990580406, -2.690974190889766, 36.93409053140786;
  -14.87657457140704, -4.412268589625018, 34.47021581766542;
  -11.95559815374357, -3.320306393953612, 28.01835326581956;
  -16.11383372166015, -5.585333689169835, 37.73485966584314;
  -11.29587968533794, -2.898781027417968, 26.68652112383015;
  -15.1787185968721, -3.202063689247322, 35.71255385964875;
  -12.03457691359658, -2.130986099334857, 28.48940929726476;
  -13.2427447703147, -2.39111671379781, 31.47872305516459;
  -15.35637883245458, -2.214834469889796, 36.67639551585776;
  -11.54795264376345, -2.578617989786313, 27.82707427298785;
  -12.56809359103299, -2.630331125125843, 30.23231157467501;
  -14.75698210516487, -5.257471365134986, 35.52147747845984;
  -11.64658106791171, -2.172558078192692, 28.21858716063769;
  -9.540286209914012, -3.752067256661148, 23.32531629244305;
  -11.46668114979695, -2.868677833226332, 27.96906246113858;
  -8.705224060855819, -3.535350794190991, 21.43537442654134;
  -8.237544669022274, -3.633603821698958, 20.39910973540695;
  -11.58621747536881, -1.932657816489551, 28.43791834008586;
  -8.523877491013117, -3.68201321382005, 21.2595436942575;
  -10.30517341616024, -3.787069306372589, 25.56227722893768;
