m=[-8.1477764531127, 1.439238328019013, 9.865238378950512;
  -7.895662925053563, 1.502654923475649, 9.936912393604755;
  -57.8758075230802, -15.9050167750581, 69.34709287869843;
  -7.804051117793964, 1.363763168525881, 10.03372296779529;
  -54.33742148862338, -13.80447923189255, 65.28429323606908;
  -34.83907135346737, 0.6325111348120549, 45.27831004684867;
  -66.52792234492462, -17.62036462143067, 86.08269017726492;
  -9.431189627418979, 3.03774480655876, 13.19571728443492;
  -11.96519886650324, 3.068459158315233, 16.72394718412498;
  -76.6683803065835, -8.189713456574101, 104.2777479604091;
  -8.731575376493682, 3.021623857464126, 12.63324124003302;
  -31.01105938514864, 2.306608224456378, 43.32271664098665;
  -30.04525430179479, 1.465650400211538, 42.2177206541168;
  -30.50822474589809, 2.750106709153586, 43.16967375855186;
  -97.7071994545896, -27.40756152106541, 137.0014873836097;
  -93.02242618769631, -16.20581545473922, 130.7254712840174;
  -126.4910821258739, -24.06757721434532, 177.5066947612474;
  -23.39014296394894, 3.147426311157318, 33.57986427005259;
  -13.82463611370204, 3.168845815100202, 20.45029122086178;
  -8.817842152407945, 3.048617391454658, 13.33765734686707;
  -10.54738878282989, 3.032477412310355, 15.9353698816804;
  -21.02488614757985, 3.475916875145698, 31.0187478064443;
  -14.03770539355684, 2.828869526983397, 21.01206846180883;
  -30.75965488288323, 2.570978137462368, 45.20956518447812;
  -8.159394635111482, 3.060200717579619, 12.66246995533069;
  -8.786087678392065, 3.00857274548122, 13.63487042307202;
  -12.18389579298226, 3.048369359771201, 18.64674617032071;
  -22.67117442955619, 2.994920801868301, 34.12429651060982;
  -8.50483081810382, 3.0688587012072, 13.34598999462013;
  -26.33761065134408, 1.025119327039196, 39.84280733287452;
  -28.64606105296585, 0.9447499388548567, 43.26859312377081;
  -7.76464871733516, 3.044973850332188, 12.33045743846698;
  -23.74806506576579, 2.959077539236727, 36.18575875622734;
  -10.47247375886536, 2.972028697469375, 16.41938871820933;
  -9.058280371148605, 2.993681823524376, 14.37640019911974;
  -74.45885609093051, -6.057306534195822, 113.679458874668;
  -26.86786477949114, 0.905044446142616, 41.54887964435191;
  -8.554344708971909, 3.030260919409133, 13.78485474673155;
  -8.034452578232191, 3.00710507081533, 13.09058044388033;
  -193.5224621226073, -47.83421331012373, 299.0080305539635;
  -8.214594462568776, 3.019636442531688, 13.43498861636076;
  -26.2673401906071, 1.515637443050899, 41.43375227552119;
  -182.1647672916875, -30.14943021584085, 283.1685279429048;
  -11.28559027546405, 3.111042200077792, 18.2398753652502;
  -934.2951211095458, -231.378843716191, 1468.922618601704;
  -8.301396365583894, 3.004547010730589, 13.86928153238456;
  -25.875300865817, -1.238276197526129, 41.72650452682186;
  -27.52326187516125, -0.6178435239466227, 44.38134451200376;
  -8.067347771825952, 2.997889299557457, 13.52108195353024;
  -26.6209764259664, 0.8002250622693411, 43.00099724865115;
  -26.91822241882257, 1.641686681266437, 43.64863876950545;
  -27.80171401919743, 0.4805919706026411, 45.18775389141619;
  -27.79349630339746, -0.7164797809948774, 45.42566721372952;
  -27.39710333610419, -0.3656252125000897, 44.84858286813225;
  -26.67147879353984, 1.5180699168921, 43.78539871582479;
  -30.17362436577084, 1.704327451106092, 50.10720196156029;
  -11.5487441232757, 2.925391440777135, 19.70180727598072;
  -11.59156814891168, 2.829982341210286, 19.91035339559319;
  -34.67681628198996, 1.277373821490134, 58.49469730300782;
  -30.38816670183743, 1.488642894528553, 51.35862083224091;
  -10.98101711226458, 2.826813263997185, 19.1373527967981;
  -11.99721138197855, 2.761846576094537, 21.06098558486582;
  -425.9331642043161, -110.87597117656, 724.5540539211216;
  -56.68963859271774, 2.642449300178284, 97.56334500023938;
  -349.3576433999277, -86.07762535806415, 599.1484134990234;
  -366.3469642251087, -85.27673215222485, 628.6396760235593;
  -394.0286554861276, -106.7963730400871, 677.5093646422225;
  -742.1480976725727, -198.6620343837703, 1284.905085412084;
  -1013.290749944056, -193.2916359256925, 1764.357096522483;
  -283.1472634034266, -62.27422156359578, 494.1523567755025;
  -445.8528126633339, -82.24641739171108, 778.5715843116089;
  -102.1718145274507, -25.86621681510375, 178.6221478660382;
  -13.48907467255492, 2.669040242180639, 24.2510220987012;
  -1.133528262643175, -0.2422566459808975, 1.989029563805514;
  5.204697929664152, 1.240261324101535, -9.155111716498803;
  -110.495037119693, 1.998150274037156, 195.0878268615101;
  -427.7775653980085, -74.11930805090687, 755.0580457109576;
  -513.4135329546123, -112.3235035341377, 910.2618680026122;
  -397.3133524352081, -84.26790302666217, 705.2138011081125;
  -95.49763894319854, -1.070058613369813, 170.2043868007419;
  -389.4974705351465, -100.4232948790428, 693.3910020844442;
  -420.2532894909235, -73.14794792070161, 749.8105212446872;
  -212.9433965398309, -45.86784900912004, 380.4587806197507;
  -744.3432484592954, -172.9292648455919, 1329.968268252791;
  -393.0990737922397, -72.79027857267795, 702.2044676401365;
  -68.93834637188513, -9.232790978254348, 124.0118991493563;
  261.2806912876715, 9.248271636529763, -471.0418225203564;
  -613.9488750997583, -168.5254941928795, 1113.120319110604;
  140.563977331279, 20.82144221136178, -255.7652398207069;
  -449.4899923700382, -74.78898672017193, 821.1367740558817;
  -403.7777731778954, -77.81235834932544, 738.9781823968593;
  43.84782412836414, 9.337552127627893, -80.18280195226519;
  -293.3999163206618, -81.14436319771141, 538.7257006994234;
  220.5241921190138, 11.89578199107478, -405.2993283607203;
  -91.15639918846125, -15.95195313516112, 168.2279955813721;
  -373.5550803036743, -76.13395442112929, 692.4996575902917;
  -12.59980363410222, 2.702162960159907, 24.10202683863782;
  -273.8999331786187, -45.63331079132953, 510.2076441984145;
  -115.3638756542926, 2.685901781190356, 215.5147303527936;
  -409.2917570950737, -64.76548454726182, 765.3416316658522;
  171.6666754165022, 3.068633933553973, -321.1405899496775;
  70.05142914746425, 0.7047748298049594, -131.9228644028991;
  201.5363418754041, 21.84015044107373, -382.0272572732984;
  -679.019446956273, -139.2263076584534, 1290.377941826984;
  -151.2523048356295, -25.16350579930698, 288.0147105920682;
  214.2888324206989, 15.35621498486891, -407.7529275464231;
  332.1024227165969, 29.47107851097783, -632.9813668695715;
  -390.8132936524928, -83.76920169737349, 749.0722842566132;
  -21.8222024367298, 3.214594372240228, 42.63728026767274;
  164.133405201762, 0.7207997247616325, -317.280297043356;
  -45.0216199977471, 1.917183177500221, 87.21351011100332;
  69.15974026199409, 7.428330493775727, -134.1000066748424;
  -228.8526462014361, -47.30809989535061, 448.2398485229303;
  -12.66598694790841, 2.698963119165569, 25.44717147933935;
  236.1611140459512, 19.03488881435194, -462.714423102457;
  -104.1257624804671, 2.744829184981034, 204.7636243618912;
  -23.39028531229273, 0.0009059138558757634, 46.03933177628927;
  -93.01700527881414, -22.87609577748687, 185.5597418480298;
  -124.8920207425871, 1.650220923291252, 249.4640392042354;
  -26.15672548303632, 2.580843910541325, 52.90324912320134;
  -122.9421120365226, -12.0344257731868, 247.015185851991;
  210.572018698837, 12.44822617425589, -425.0468288880816;
  -131.5436904563759, -12.69153107762718, 267.1062195695361;
  -81.29803275742508, -0.941305523684111, 166.053050567273;
  -130.4958038814714, -31.22478511201204, 266.8989350786545;
  -151.1800449639302, -11.58307462324165, 309.9757196723617;
  -57.32162623658601, 2.520264489591056, 118.645319586753;
  -62.3655395747716, -0.02228947973334011, 129.928052544474;
  -45.1938942458351, 2.469570368399719, 94.81145589424556;
  -46.12499859067717, 1.960520601854342, 97.24525168552904;
  -28.93572529668213, -1.02998592494174, 60.83939239195887;
  -38.70640655202055, 0.005805975054737301, 81.84470044672008;
