m=[-3.624895954648737, 0.7334804245759011, 4.539908297973534;
  -22.43531647234306, -6.201570376850091, 30.48532827704629;
  -21.72365859491058, -6.139115162520981, 29.73173141534171;
  -5.097524175663009, 1.461849228931793, 7.836367752209368;
  -23.55794810976018, -7.289706059234191, 33.65728984322303;
  -6.998227386387218, 1.362996998118577, 10.51002335053473;
  -24.01099039527987, -8.550382044522157, 34.78398089961648;
  -14.53124549629194, 0.2981565021921211, 21.34852904081252;
  -4.981329402994041, 1.445300109688232, 8.003012973460512;
  -4.883096445445997, 1.447399077504881, 7.884157381223758;
  -12.97308245943994, 1.24659572350945, 20.19331064220435;
  -4.46984769006645, 1.451915086481103, 7.451312460075306;
  -5.547674862535788, 1.419734084481836, 9.142098477376832;
  -12.27502511516445, -0.3223005029825352, 19.36660387486105;
  -12.13358040911051, 0.6606037373377861, 19.33264234747698;
  -3.913944364256234, 1.433672936921245, 6.84957965284677;
  -4.452920206296279, 1.429619790357169, 7.735838071261212;
  -3.937392798535991, 1.422044472956208, 6.945742069063521;
  -8.301921567539296, 1.543337020962932, 13.8472255184724;
  -11.19319287154095, 1.230913143614199, 18.45827184011889;
  -12.37097810768147, 1.153137318376153, 20.70985680771953;
  -9.361989847169438, 1.382822158844767, 15.98286523939524;
  -10.57920388983102, 0.4546088105890943, 18.21074142544997;
  -11.13468746639052, 0.406724012310256, 19.1680542938456;
  -9.793357387488584, 1.365118800569149, 16.96394815844673;
  -9.128854863705685, 1.372921122299806, 15.86716630075666;
  -4.637974362702293, 1.389847126007891, 8.407931100272769;
  -11.32403393165574, 0.2364191168481389, 19.81150440690257;
  -11.24680847431825, 0.4184309451735093, 19.84017144134214;
  -6.685799555577479, 1.401125666089564, 12.14305027112565;
  -10.59352928984834, 0.680003895927239, 19.09367080071187;
  -7.745864733175861, 1.22111788160608, 14.23305984256606;
  -4.827558115526648, 1.393592090376089, 9.274908923183659;
  -4.752670075991047, 1.35117975205264, 9.164830836736174;
  -18.42041954838809, -1.156109919489994, 33.57558085592378;
  -11.31873271006278, 0.04161035651413875, 20.98264214074463;
  -10.96987862681998, 0.7538476273757884, 20.39781721656533;
  -12.60337325197868, 0.7911614917274009, 24.103199304933;
  -14.01208548777786, 0.5744116479883561, 27.32492677188303;
  -14.35713595107789, 0.8064381289515566, 28.01981322977661;
  -5.493501404038434, 1.242234530533322, 11.26954673895356;
  -21.2645701237546, 1.096167581514298, 42.62928039333196;
  -67.94118950087328, -17.08541576689382, 139.0333707416626;
  -76.6670130956924, -16.24345445570668, 157.051651676584;
  -67.18091745424418, -16.39586537934887, 138.4278107147298;
  -32.13960930343512, 0.6831766128929995, 66.70693987340177;
  -74.0318276706094, -14.79129049338846, 153.453784509849;
  -33.56716647720707, -0.48999211787952, 70.15195904002033;
  -75.80858991030046, -18.46355934569094, 158.0766013420075;
  -5.249271013328849, 1.295647480665878, 11.53572780154903;
  -74.68944828397461, -22.08442542630368, 156.1898712354563;
  -80.57592297255515, -19.90861441475782, 169.1209550489425;
  -8.660751891103146, 1.19912601406075, 18.74012712386143;
  -71.24578031513482, -15.1942837206576, 149.7413499161563;
  -83.05423662855539, -22.17279864511368, 174.5323127291993;
  -66.22932173377724, -15.30945990560561, 140.8877289525064;
  -121.2111346729069, -5.203336440468261, 257.7017094393431;
  -68.1564752867792, -21.55042612908652, 145.5056065802127;
  -70.28637768701904, -13.53998511045656, 151.3598601107512;
  -66.0654934483199, -14.77199382735646, 142.5444562439541;
  -68.49330107123431, -21.79529748878563, 148.1695927004064;
  -291.6848883645531, -18.72384607613022, 634.1709201375574;
  -69.54584520777244, -16.40359042783273, 152.2451055297668;
  -78.99637565335614, -15.26984797988163, 173.7411818879074;
  -86.31146589492475, -3.716091954342817, 190.3896508037414;
  -7.647688054460905, 1.302207772637098, 17.47681233807196;
  -5.167693316193335, 1.27655624229184, 12.02408319514841;
  -226.2648905705367, -5.180836092555698, 501.4084473032101;
  -55.35188658288178, -0.7198952067181934, 123.6179143262519;
  -62.41446309931425, -14.88493797465592, 140.4186002458856;
  -5.493706292494371, 1.265439866271794, 12.92076175901635;
  -100.5954804015229, -12.76533709777963, 226.1297638919995;
  -64.68191136849984, -12.65261597073839, 145.8823659273004;
  -100.2438517985449, -10.53226648321283, 226.7690914808132;
  106.6352128928157, 9.064653886303754, -240.8546448951765;
  -63.81434764739087, -15.92372746396829, 144.857058630037;
  -62.2375302031821, -13.8936419259433, 141.2484823636992;
  -106.6797843070025, -0.8371989563007124, 245.1441139656746;
  -146.6245099590803, -18.48461195133577, 337.782101932472;
  -17.8646397689833, 1.057164263206837, 41.76303868840714;
  -57.5305089109113, -13.96977393438216, 133.8225967513389;
  -98.26760924228867, -9.446288118455451, 229.0773809872622;
  -47.37181194269353, -0.08868940781260339, 111.0053687462926;
  -35.95985131854542, 0.4468624891023473, 85.44606272146284;
  -31.73406577263881, -3.751402260620939, 75.86023342299932;
  -36.66613553389404, -4.227745336158774, 88.68171017155397;
  -138.8667046163239, -9.988941483023767, 335.1724604736658;
  -26.95257548142686, -0.4332968600123106, 65.56253321193769;
  -18.87372967322346, 0.4594693597919315, 46.1523179885226;
  -16.52208078434168, 0.7815949127997628, 40.71199323116458;
  -20.7330387062172, -0.09361664095107404, 51.48270283517311;
  -15.19123105212976, 0.9283286295475468, 37.96086061934737;
  -14.43895622183063, 1.049676086567077, 36.15350602100219;
  -14.58118413448089, 0.3632002207743148, 36.87064285973209;
  -14.50886149044745, 0.9726013291674004, 36.75699771624237;
  -14.47834088752366, 0.1129333634179852, 36.71772126604394;
  -13.92961475858296, 0.7830894622461148, 35.42659498065977;
  -11.36174671715485, 0.6589921043366726, 29.04011617622102;
  -29.19858615235036, -8.867071302748224, 74.14377910935481;
  -24.02909399891359, -7.335829738170335, 61.80724950729992;
  -13.15286216432531, -4.255220033276967, 34.22941886105944;
  -14.19100827802257, -0.2111895205942775, 36.94257933106077;
  -10.20580730638473, 0.5640387289899782, 26.76985367211848;
  -22.72954007267358, -4.171950393306309, 59.17185937498361;
  -9.181689331955894, 0.6115529401021622, 24.32094846438918;
  -9.305092242627886, 0.9993404219860488, 24.65123987190682;
  -12.31182886812234, -4.42420150028362, 32.55963321674491;
  -13.47935737192634, -4.670724794123906, 35.80598105337102;
  -12.00565127858234, -4.486439982307462, 32.27722078553511;
  -9.515465278085406, -0.1028564775953871, 25.68955258853281;
  -25.13628199702592, -3.82168416756899, 67.0209103839139;
  -31.46541679236648, -3.282939803393389, 84.83209986885191;
  -8.669471363876683, 0.07865915930472166, 23.77953466290509;
  -8.48223504160182, -0.1162916735309252, 23.42478005715893;
  -15.18070166304854, -2.924598453781011, 41.58457908760538;
  -26.15420985720481, -2.511217067896987, 71.52726893076368;
  -9.856733397988425, -1.953257526126073, 27.43324089842825;
  -12.06313973837253, -4.322477767313692, 33.64706234743095;
  -8.975359781026381, -3.292531949227525, 25.2714168664388;
  -9.820317699087704, -3.306017214520629, 27.69618709766717;
  -8.856001510002857, -3.490606560944293, 25.0662487958869;
  -12.17871584406354, -2.474797265040809, 34.32975017052382;
  -8.481957393919112, -2.636430645507116, 24.13439332371275;
  -12.57056091236661, -2.145198357377478, 35.72509499810554;
  -11.16670179761069, -4.965167841229602, 32.07203731482488;
  -9.920645637327855, -2.124228210535966, 28.79630989723992;
  -12.13764001086088, -2.133132714851552, 35.12932725406592;
  -9.12583459211856, -2.482710797755819, 26.57929360757321;
  -9.810146994079474, -2.50558451139637, 28.55480028554684;
  -8.070179552479756, -2.855309943320154, 23.62971284319653;
  -6.090761353009707, -2.901622507336583, 17.97282715186713;
  -9.187613822358866, -2.09661356598245, 26.93904947865032;
