m=[-6.81193236417438, 1.507690279872739, 8.827274642582765;
  -6.843425425369, 1.404020054828008, 8.866258235818075;
  -15.43979580367537, -4.041108603052855, 19.19402259171519;
  -6.35081481029534, 1.29274344227874, 8.758079205984416;
  -15.94082312155727, -2.649271331269909, 20.7637305611491;
  -16.60580343196524, -3.838994627644737, 21.60021118765014;
  -14.52465804521777, -4.20097949053146, 19.02429914069619;
  -15.05329545020602, -2.848968836872198, 20.30618258375962;
  -16.95814262596483, -2.808210228388015, 23.92663262725301;
  -33.73314876151419, -11.94152817152713, 49.03413610645226;
  -36.53227239819027, -11.59986522314357, 54.08099574848203;
  -35.3414060360696, -10.72326051781751, 52.58512359641846;
  -28.22226704834656, -7.937959513751417, 42.59017001266702;
  -35.35784155165121, -10.83326764918686, 53.27807401057653;
  -36.49181391665363, -11.08513887970019, 55.27739444618202;
  -35.52153874478618, -10.86115470631427, 54.5205406179282;
  -34.68649862024586, -10.85545266829054, 53.6233462804832;
  -35.04807763543204, -10.84732951589456, 54.51981771023846;
  -33.99544431262373, -10.76126637131497, 53.25419860913323;
  -33.57070779653012, -10.95359474380796, 52.77190671308824;
  -35.35932084258313, -11.04005453244547, 55.73069792247296;
  -33.98547969320197, -10.88415999241836, 53.93262621532026;
  -9.212169361093967, 2.941082653519657, 15.50574437627468;
  -37.53587910347287, -12.94612270475326, 60.81097034323619;
  -13.0760720682736, 2.806135838207157, 21.72462314678282;
  -37.18626063465393, -14.75881923532659, 61.17882671833144;
  -37.11490963303334, -14.98548026984514, 61.10717752166504;
  -24.6333363035049, 0.5106367838360497, 40.85009988162204;
  -10.79644239829507, 2.8582517628194, 18.65095208039367;
  -40.03587192993896, -13.0201023211282, 67.08611308201888;
  -36.67415568763755, -10.84616264583508, 61.54510888458761;
  -40.10487553192167, -8.29065147013068, 67.54813093569567;
  -8.627504014345751, 2.969477158712985, 15.18722923472837;
  -39.53240282764744, -6.708460622311063, 66.65156088687202;
  -7.136753140774706, 2.979400334730186, 12.75694774199268;
  -8.793643981494469, 2.917455357599101, 15.61133383251308;
  -38.08528071395548, -9.806685644297675, 64.8415302415285;
  -45.95972505038549, -10.61960784250522, 78.45691706665345;
  -8.040011484753112, 2.919747492094736, 14.53499211214669;
  -6.628646467056453, 2.943868658108445, 12.21103297315064;
  -9.582280439025301, 2.89522323785889, 17.32651867385952;
  -9.354027456637716, 2.902302236027852, 16.94159720392729;
  -21.62254903719909, 2.269112209120566, 38.12642966586565;
  -43.72835572730939, -6.546214434147543, 76.3963255759046;
  -6.729346911336714, 2.953655530457054, 12.46248586985364;
  -8.093754086390085, 2.958561872456256, 14.82463811035883;
  -43.83426596213414, -4.839220786505344, 77.50440039842486;
  -40.76829816247519, -5.427786924391368, 72.68945131315294;
  -7.340847667022654, 2.855501546364265, 13.77237715562926;
  -6.474306723643291, 2.923450530184423, 12.25036796576418;
  -21.08147983348075, 1.232422122949017, 38.04135141009153;
  -11.68627887273112, 2.916348330353445, 21.50308409595007;
  -15.46714981987616, 2.606689078034369, 28.29019211598574;
  -9.57680032715079, 2.897335789828068, 17.88636273772536;
  -7.064231930967557, 2.932771095862386, 13.5750996468688;
  -15.88956313694938, 2.572350762858625, 29.58740851171501;
  -16.34874253208917, 2.435203707110605, 30.52162769283802;
  -8.03609910577973, 2.914276789642875, 15.42957947487734;
  -6.852467964332273, 2.94312586342754, 13.29931799737972;
  -6.633215843210506, 2.935301110933989, 12.93671279005586;
  -14.42342008916844, 3.003757857863206, 27.16263393629241;
  -6.218161246263595, 2.963247712055953, 12.20894371959269;
  -43.68463039813176, -10.41978201711874, 81.02573871766768;
  -6.980593340381489, 2.948289363897229, 13.73308332842418;
  -8.383429482730772, 2.831570536576636, 16.38934252759865;
  -20.42380198630244, 2.091647429215279, 38.97392651953003;
  -47.56373738521077, -10.07120466317035, 89.77875081014689;
  -46.24209361740446, -12.09227006082239, 87.79589859293283;
  -46.17596484664183, -13.23160176253507, 87.72065178083139;
  -16.32971701985517, 2.681387071519929, 31.63144810563349;
  -6.897181703299159, 2.923737366088292, 13.82995714255159;
  -7.619577686427127, 2.924707060334236, 15.21471672127517;
  -6.128531074737798, 2.979289269495213, 12.41874403666479;
  -6.287304857550793, 2.97337518608758, 12.74480174166196;
  -8.900971789711999, 2.876977518527577, 17.71927884549045;
  -17.71518362401941, 0.800596155623332, 34.74170334860921;
  -18.96349880572541, 0.7256745640679003, 37.2147480509113;
  -16.29085948077467, 2.516953311175502, 32.13763772680227;
  -15.67751523158206, 2.623588274143298, 30.97491521515074;
  -33.21984929363027, -2.783102213702576, 65.1938037812312;
  -49.75853459166697, -15.57558375864934, 97.70532414593602;
  -17.99997615745081, 0.3697937260993647, 36.02619868105691;
  -18.36567307635074, 0.7218756528488329, 37.07287560577914;
  -44.5363753249591, -4.662432034444226, 88.88246562915349;
  -11.79133126724865, 2.786702834443907, 24.25324323606721;
  -53.63252070368281, -16.03857676726875, 108.3397566054862;
  -10.7740918715008, 2.704115193748262, 22.44051815938176;
  -37.03950116951515, -3.956731705871644, 75.54410515454903;
  -17.34818666186046, 1.213007841571215, 35.82961908681838;
  -17.94432897401456, -0.731993402358386, 37.14704617928767;
  -9.37648991891079, 2.657758457805179, 19.87055926010648;
  -45.02228038777594, -5.125550144839831, 93.84461969086898;
  -8.200535569945231, 2.841660608601186, 17.84014301150163;
  -18.03184001995216, -0.5812721070348613, 38.28598433060299;
  -8.536241872475026, 2.767644807552553, 18.5460813909704;
  -23.87045377593566, -1.702622251052845, 50.44202299291813;
  -17.46813025753805, 0.5990202339258686, 37.14619631048271;
  -56.1029220409666, -12.03357384486125, 117.8378023973627;
  -14.37308973346737, 2.577098801776347, 30.83600844884441;
  -18.37534192410227, 0.03523706159663846, 39.19005114738501;
  -17.83241890188068, 1.334771056755643, 38.16272805252288;
  -8.772576105667881, 2.786354507377077, 19.2262223738868;
  -59.2764406841299, -10.40789002785796, 125.4594629172205;
  -17.46284187328136, 1.023638460873665, 37.5739434410937;
  -16.85849270160188, -0.6530230688819957, 36.35636253731428;
  -18.91160125866742, -0.4145039701515735, 40.93139974303076;
  -69.22504414417676, -22.18215860558028, 147.8192491870817;
  -8.412769767608712, 2.812506473086794, 18.764355981525;
  -19.27430522469055, 0.8314786198806574, 41.99165352513641;
  -64.89391817838636, -23.1953495213111, 139.9718667917404;
  -64.61642747692658, -21.30393458396358, 140.1451952366497;
  -19.43267148968805, 0.5955006941682515, 42.80067651646581;
  -20.85217940377763, 0.8681994996480406, 46.01497785021657;
  -18.24334632221514, 1.234496033126431, 40.46021266090512;
  -21.55621206062147, 0.3297078299649039, 48.38592122817705;
  -23.23934664650812, 1.035318051988057, 52.62201006664284;
  -21.77117903269602, 1.326613105296934, 49.42475731253762;
  -28.39335643563688, 2.132760421244939, 64.21277725944962;
  -11.26173018680282, 2.457675850119413, 25.97798537168113;
  -9.91586102921832, 2.563075957969614, 23.27008532939875;
  -62.15163051781501, -21.56328740475444, 141.779043949717;
  -9.611181383474071, 2.659139110970442, 22.73676342461854;
  -65.35012369043467, -24.4266193976374, 150.2394827683729;
  -59.86173788192981, -23.11240853053847, 138.0119835565226;
  -60.48850999704312, -24.07217269385862, 140.938276996761;
  -75.63614199490185, -24.51340195345091, 176.6332836858492;
  -52.69301966382641, -18.19084028041756, 123.5149411659152;
  -48.5265056087601, -1.816960389087694, 115.6255168893708;
  -53.09336963461152, -18.94445596920763, 127.2859412913895;
  -47.27512244059246, -18.0015047574642, 113.7121209487133;
  -53.19225129487668, -15.66688960819447, 128.6518258211933;
  -54.27700285664099, -13.51790744340696, 131.508191083994;
