m=[-12.56746987767477, -3.636585672765588, 18.0293022628188;
  -12.35671064900839, -1.527527812705854, 18.31831568607037;
  -12.32246052698321, -0.6401085511942506, 18.47169942487046;
  -12.15525038349794, -3.241130062583646, 18.2925020688903;
  -12.31103205307938, -0.8094691834404492, 18.52192263877551;
  -13.09254622644814, -4.652338137445784, 21.32049878798161;
  -12.95601131782069, -4.362475391647529, 21.27427000660538;
  -12.66742694982919, -4.31948004672866, 20.86701000544571;
  -12.53645421533038, -3.906535829876478, 20.97350537744281;
  -12.36072982913049, -4.16221884945667, 20.72037099826239;
  -7.938941708548957, 0.8977160867636908, 13.75167851021817;
  -12.77424459381088, -3.863677994027386, 21.54455512062293;
  -12.3590162978094, -0.5102532545486851, 20.84998837035984;
  -12.69289473277232, -3.478032508963093, 21.41943081345147;
  -12.26686487354574, -1.658555771299836, 20.85600734155136;
  -12.725622363992, -3.647309010521789, 21.8289126620367;
  -12.89480367546358, -3.540815067629066, 22.46957442248292;
  -12.89483924807342, -3.883996678041855, 22.4944563977374;
  -12.99479665517035, -4.055662120836787, 22.90686921087884;
  -12.69692040616596, -3.647030097755033, 22.4964389592383;
  -13.01854220589736, -4.064531004092794, 23.34244532518389;
  -12.78556564753207, -3.877754556402418, 23.02011155589078;
  -12.91862684759468, -4.370558077902423, 23.25672091405763;
  -12.75369547478574, -0.1951829597200031, 22.9423084036017;
  -13.09570428454647, -1.797813682460234, 23.59335697442643;
  -12.71547798759968, -0.3565205025065285, 23.16574030638288;
  -7.401067500182667, 1.309553895709789, 14.01042032492206;
  -12.59516856698529, -0.5214947119699072, 23.10413955888039;
  -12.69053178339465, -0.135800999443281, 23.26779830928304;
  -12.74319454771906, -0.3144920581114564, 23.50275461591827;
  -12.80895315324757, -4.534457649998201, 23.82379378954724;
  -12.59207663535764, -2.546358706324222, 23.43928094106731;
  -12.68508115653431, -1.893474031869168, 23.67698394570815;
  -12.75450498087073, -2.751365678536606, 23.87274959843214;
  -12.16613947938707, -1.57537273873976, 22.95470199569234;
  -12.65758804975155, -0.04145453882967967, 23.91314480609542;
  -13.14548477894139, -0.3481934931954405, 24.85375305202762;
  -12.57348921427025, -1.721546858318626, 23.84754280726924;
  -12.8953806054194, -2.341123519551943, 24.47580368750533;
  -12.24011979941278, -0.7163824883121335, 23.28247312468467;
  -12.53200430582142, -1.477943719845856, 23.85510618638898;
  -12.73984881106607, -0.4528986225136207, 24.26577501727067;
  -12.80624490096473, -0.2110892866550292, 24.4397716580172;
  -12.69591967352564, -0.5636722773056525, 24.32432699238917;
  -12.58947889932687, -0.8006863746785765, 24.1386731421478;
  -12.57673133187857, -1.627403846451454, 24.13802984495088;
  -12.47000562537834, -1.898465257717281, 24.08504069700365;
  -12.70499898003017, -0.4003471462710337, 24.50251003241723;
  -12.83455139805348, -0.1925585861440996, 24.7415623373149;
  -12.73896173872314, -1.663006361323706, 24.69535185967067;
  -12.7912021122412, -1.464579186411179, 24.84123186814389;
  -12.69417993964541, -3.797064714751278, 24.69199159196997;
  -12.73990304106127, -4.241219432564245, 24.9094426125964;
  -12.86492712264234, -1.315607771910743, 25.14538603446092;
  -12.47752248955982, -1.640119811006091, 24.45484420988263;
  -13.07828886001351, -3.220293233108693, 25.62350851273233;
  -12.75942476063478, -3.820796337494675, 25.22379117971244;
  -12.56724935056888, -1.666894284155513, 24.92588315131907;
  -12.38537628429438, -3.221897941305539, 24.60438514823942;
  -12.9220953678819, -3.990753153256601, 25.68414211537673;
  -12.8366319195637, -1.408331419495277, 25.5018683163443;
  -12.73887490546434, -0.3187348295831256, 25.31940326726258;
  -12.51575196163557, -3.457621634780458, 24.97455396795142;
  -12.70185329887434, -0.1090078659008954, 25.37422439978494;
  -12.76989216874948, -0.7557202793228296, 25.58593367688946;
  -12.21427292795511, -0.5526524206925529, 24.52342372482146;
  -12.79283327446519, -0.3374453139375363, 25.80754230581473;
  -12.88277710068386, -2.377129578966717, 26.02080035744131;
  -6.068350792142321, 1.667854422548827, 12.91561803314188;
  -12.52949068343319, -2.337748488196246, 25.62484221196526;
  -13.26524923867307, -2.537120624501294, 28.10406286657677;
  -6.322569542075432, 0.6574535278965006, 14.2227268601473;
  -9.630040238305165, -2.023935793895345, 22.18875871300901;
  -9.442636735041278, -0.3753551016943509, 22.03473139949891;
  -9.580802637304048, -1.885212355877343, 22.4079122826255;
  -9.157624442289963, -2.144484262753131, 21.5035382090534;
  -6.330208935859096, 0.8186269870469167, 15.27688940170949;
  -6.744416511514963, 1.32576084946119, 16.30919773778523;
  -6.660715929450584, 1.392082694360535, 16.15773791488813;
  -9.45372615568624, -0.581605504539114, 22.52464080238397;
  -9.399133479584863, -1.093638193320885, 22.56518053138515;
  -6.847577915602231, 1.347172328175998, 16.76950746444336;
  -5.426654475784458, 1.645079010717377, 13.54461994047414;
  -6.773164985873307, 1.270128979301982, 16.66865293750772;
  -9.158120831104558, -1.491098574982755, 22.24229677651706;
  -6.802942742693419, 1.343129058445606, 16.90395916664304;
  -8.939904530531472, -1.66620742789071, 21.92139444311194;
  -5.166146030517376, 1.663316849079385, 13.15985466880087;
  -8.816779561622377, -1.503404774841982, 21.72036306205296;
  -5.250541323414574, 1.591251986897999, 13.53375479625696;
  -4.990951150484178, 1.679823479341509, 13.07286035064611;
  -5.16154534476309, 1.67022468605459, 13.49137739862746;
  -5.186668650269407, 1.670015638147973, 13.78929216199557;
  -5.228360989972352, 1.590078415353986, 13.91212244390662;
  -5.023345235987311, 1.686843735476836, 13.57678069252273;
  -5.041378485824518, 1.690249635930242, 13.9931273840339;
  -7.073420046919773, -3.519215400513907, 19.7497878554002;
  -7.003360988524198, -3.288218840271675, 19.5800855352863;
  -6.449603378303662, 1.517080277284574, 18.5630082198508;
  -6.641747953820148, -3.532207637215116, 19.28614316769352;
  -13.53016971842437, -2.767857876589062, 38.8198582426974;
  -5.972957772914098, 1.736584173788417, 17.83530009417062;
  -6.281546914622924, -3.934847945460092, 18.80356669370709;
  -6.849165758296165, -3.359158652858661, 20.46333216701011;
  -5.971806183814715, -4.343813085011302, 18.67768757535297;
  -6.506109431060867, 1.318675356337794, 20.30737125298692;
  -5.217261532095828, 1.66773874097135, 16.65319745691587;
  -5.937131583383407, -4.388536219164523, 19.00858638530726;
  -6.939261991986472, -3.202862214544348, 22.11441073167024;
  -10.81090332140684, -2.863781363311172, 34.04181867208761;
  -6.015960616604577, -4.569336009746451, 19.64051958759593;
  -10.47080911852448, -2.66481354428801, 33.5432517639461;
  -5.434043587512632, 1.529566902146376, 18.18475504855849;
  -6.44914870444912, 1.535958079112382, 21.53990355779624;
  -5.635680837754651, -3.431603355707114, 19.08838305248288;
  -5.790914913356485, -4.402500601342088, 19.63364400579317;
  -5.968400692323685, -3.808687358103753, 20.20948096626071;
  -10.5165774858882, -3.283974114395547, 34.7653984770918;
  -6.134202687885438, -4.551169968943129, 20.87947264303902;
  -11.12695472177965, -2.300604400425216, 36.78976950211372;
  -10.73823035610385, -3.244272043179323, 35.83772125427082;
  -5.249920181754602, 1.60941899721249, 18.15094110375376;
  -10.38420249172636, -2.866968711556925, 34.97253177628021;
  -5.764918845966109, -3.351990873585007, 19.98132109677697;
  -10.585541632173, -1.149460347640049, 35.64922217742682;
  -10.3538210059033, -2.267215677747186, 34.96572683273697;
  -5.897377502858046, -4.097444048524996, 20.52655933614826;
  -5.856534017367411, -4.606348657718338, 20.43735514412438;
  -10.27105689074257, -2.515684550206041, 34.84226677899727;
  -6.024211090791896, -4.087896203703998, 21.10887530712957;
  -9.832000583560863, -1.595513831843169, 33.61957234066421;
