m=[-17.74223924707306, 3.280694355956691, 23.57730250715208;
  -19.93082284516213, 2.665750309834059, 27.16365484121148;
  -23.96091056133214, -3.260129256104025, 32.8181786700113;
  -23.98812214879752, -2.479380639517844, 32.84536623678328;
  -19.3412013633177, 2.225170820091793, 26.6829332153464;
  -19.36487170565242, 3.174898655851805, 26.77717604239025;
  -23.79022576937146, -7.140629208309162, 32.93429342253095;
  -25.56630379296339, 2.087268188459873, 35.35282766318195;
  -13.8463623637791, 3.558800076262086, 19.6622099674208;
  -24.42733182416244, -3.050976323955772, 34.04207843533701;
  -24.18009239337204, -0.8340527527841982, 33.89453206075983;
  -24.23252996624309, -4.397665407456887, 34.15618560072873;
  -18.34393109551329, 2.497774562101678, 26.09783484018163;
  -24.14789420432458, -4.7198369571274, 34.06241325971912;
  -24.05898960951627, -1.431125218303621, 33.95496909831213;
  -24.35414253216376, -1.827869048015727, 34.39572024762816;
  -18.36002810657282, 3.150923093972899, 26.1810097356971;
  -23.62267222776055, -3.219194412380541, 33.5239614345674;
  -23.57586761215196, -4.741132822964363, 33.51228746180303;
  -24.07824822251264, -4.573180941848898, 34.2093628219336;
  -24.23211301121526, -2.950657372595834, 34.55528281473553;
  -25.24120966827801, -7.303922136785367, 36.21105942708395;
  -25.93250255916784, -6.829036456864358, 37.37863211675717;
  -15.75409200068442, 3.205495845666975, 23.2339087886271;
  -23.74775763290366, -1.752277378714586, 34.8105665695386;
  -24.93164755735219, -2.784091852889941, 36.59548149532341;
  -25.69939482823871, 1.921351444293141, 37.78501575691934;
  -24.68490393327639, -3.051530328993966, 36.59435555095438;
  -25.90634236132283, -9.180676596268707, 38.57955453037683;
  -24.69813570453339, -1.282981416609849, 37.02316904077705;
  -24.02744791868559, -6.406785653888289, 36.1590363748828;
  -24.70039994260666, -1.624089067918001, 37.161701383869;
  -24.76119027500644, -3.38427557897246, 37.28079582593554;
  -23.8461838048519, -4.673919416962526, 35.97497918687866;
  -13.21060703625087, 3.494194686458457, 20.38898887842676;
  -24.31287852166, -4.939948889422778, 36.93415507162194;
  -24.10791473026492, -4.351282990860235, 36.65092650698975;
  -23.88786155295474, -4.497688992449457, 36.33261786383134;
  -17.4644121946602, 1.659990988060998, 26.91360462885279;
  -24.75404584482608, -3.078210755259569, 37.81526200260798;
  -24.49335809191566, -4.352063167766941, 37.87159031437042;
  -24.67341307638417, -3.49064809885921, 38.28782973280108;
  -25.34816030764107, -4.676854202571317, 39.49271381242237;
  -24.74355295119716, -4.192655760332596, 38.64883785546081;
  -22.88691294297621, 0.9207186815295591, 36.18934185464641;
  -12.60932132685528, 3.500068012118295, 20.62261772322703;
  -16.85733534478188, 1.321439943736227, 27.46672276160762;
  -25.60743553554197, -8.731908009554811, 42.18304282711222;
  -24.95147810454717, -6.495424395204134, 41.5868293552241;
  -17.71733297402248, 0.9201667971250467, 29.86733653941023;
  -25.31717608500554, -7.145261277997069, 42.29959145991581;
  -25.12812796831124, -7.830278845982456, 42.03939311834815;
  -24.32536183014938, -8.191059988277713, 40.77676065694919;
  -25.64864259702297, -7.757648231254636, 43.25802517265464;
  -24.793023084087, -1.023602559776409, 41.82648768421011;
  -15.65013664839781, 1.661501277534498, 26.88950786997428;
  -24.45836513218854, -3.306921781948717, 41.58388047946455;
  -16.91559802460819, 1.272859378823871, 29.14388471021591;
  -15.72861590434468, 1.778553368725794, 27.2447987739144;
  -25.75965783314043, -7.383012746678602, 44.18686214001227;
  -16.70936000284102, 0.6448995627968138, 29.04572635577765;
  -27.00706978553334, -8.69627103784307, 46.55482516002134;
  -16.10450333743469, 0.9363983236907397, 28.16086383381886;
  -25.50444445846552, -8.556665561023728, 44.22675693120022;
  -12.08063076584703, 3.501218644464676, 21.4857741469498;
  -8.134930353808976, 3.347839642500831, 14.85927949126016;
  -25.83998760706037, -7.783146737673373, 45.07667473496719;
  -15.84782996705017, 0.5710932952949278, 28.1955382802582;
  -14.68870990184428, 1.107906557420754, 26.22025019127626;
  -25.2940274039921, -0.03806924292435544, 44.4315155161334;
  -8.021450987049004, 3.362614906810512, 14.79928679291018;
  -25.99723303040648, -8.113708590125249, 45.82720550962356;
  -8.093409347012615, 3.342550494049728, 14.96098044778332;
  -8.29856964059752, 3.320850373119929, 15.32147206359789;
  -25.37374991358455, -7.288289338477129, 44.95728080808701;
  -8.142021412939752, 3.369761920570636, 15.14678909827256;
  -25.16841059116586, -7.775023216057297, 44.77840037964013;
  -8.74687286986449, 3.321351131032142, 16.3319053761307;
  -26.4063487586286, -8.244350368639072, 47.34698727302995;
  -14.81208834475612, 0.7710284676718371, 26.99875504370672;
  -25.85249340717391, -8.7462719705137, 46.54087707588709;
  -25.55893696869163, -0.3911547813501518, 45.97734167035937;
  -25.70513887246183, -7.796152484257599, 46.28150061690506;
  -27.6256903615208, -3.792529446313162, 49.77073093605706;
  -25.25871396848231, -0.7082116303841689, 46.01768087976722;
  -14.74256369811181, 0.7448067455998623, 27.34789443074779;
  -25.30323219221941, -0.2707691276850205, 46.39289458239168;
  -25.30718664664885, -1.047827501543452, 46.42262380349862;
  -25.44102753009172, 0.1924084212840789, 46.95729923577919;
  -25.7980091948244, -0.6366746561450574, 47.58024194127122;
  -25.32523676514375, -5.121247193300175, 47.14117906259004;
  -14.2420893496875, 2.520012632025021, 26.96065913319841;
  -24.36368126025067, -4.405202144704126, 45.49110669005476;
  -25.8840703776383, -3.863657984867188, 48.31318863618217;
  -25.62903989848503, -5.52862387495991, 47.97016057168773;
  -24.89640400723611, -3.223793071919231, 46.97377797770053;
  -25.59901165243648, -0.0838386601283157, 48.36252136912081;
  -26.22444564779721, -0.6946249218475618, 49.58173144750011;
  -25.13622926023852, -3.441621953580516, 47.67469817499361;
  -25.78791624465907, -4.681730542736737, 48.94620754728604;
  -25.45739734560198, -1.489955486977177, 48.42364120911893;
  -25.36826713708373, -2.991769726827223, 48.2893790611532;
  -26.16241319918462, -0.9300676228787494, 49.83192830740997;
  -25.57163997364566, -0.4215052329843741, 48.80158443868618;
  -25.75159806205416, 0.2926231951639828, 49.18302549444054;
  -25.88290524793182, -1.149146853442298, 49.58949544053665;
  -25.30308997115337, -1.609267511322641, 48.51535342997291;
  -25.88859717542999, -3.349932626431794, 49.68697468160826;
  -25.86479554987376, -2.319134738761269, 49.68179936901158;
  -26.05017341406152, -0.3908344285551785, 50.21772631021731;
  -25.56673781629698, -0.8056333212070755, 49.30730422132705;
  -14.44972544468964, 0.6184549393535325, 28.31872022260311;
  -25.75998088160866, 0.113546651481245, 49.85637960656757;
  -25.68094979045035, -3.352516770384328, 49.78428416484707;
  -25.56627541506839, -2.927311641110821, 49.65114068385732;
  -26.39345295408046, -7.894771414055298, 51.33903265305484;
  -28.16695241136774, -10.01025467823325, 54.77543043052422;
  -24.13475057030187, -8.034658724555598, 47.18899212675504;
  -13.59797790184569, 1.499364069113514, 27.02765908742462;
  -8.613925292603305, 3.328228229621647, 17.51168131161354;
  -26.22886844808093, -6.458386756825765, 51.3886519217044;
  -25.80921318159766, -0.2333754213244803, 50.58541375730687;
  -27.46269426313554, -3.026337300062199, 53.83842281392576;
  -26.22931528250324, -7.641428642987543, 51.6536869334421;
  -25.68183108508883, -7.150344758273314, 50.69596742382696;
  -26.00440508126349, -7.786991777227774, 51.40746513480057;
  -25.83095096688088, -0.01954569968379345, 51.12806448788395;
  -25.56770994004909, -3.391248822168448, 50.71099750110664;
  -26.37532232740385, -6.416829546058735, 52.33061081232693;
  -25.20235620152745, -6.556072072248411, 50.06618001681726;
  -25.56292990585046, -7.89464403596735, 50.8092461706461;
  -26.08902560754054, -2.862276857149692, 51.82970889203828;
