m=[-6.238405643485212, 1.355262875000949, 7.92890170300517;
  -5.89988589278641, 1.42462572777244, 7.771215865252192;
  -5.791909166111509, 1.387245733722577, 7.75919911353209;
  -5.539279826651147, 1.240857525942041, 7.779828595635607;
  -13.60803133180016, -3.886745444839714, 18.24381807859175;
  -5.22565002795434, 1.286234001129891, 7.666753353058558;
  -13.81622230235032, -4.59814577475666, 19.49866416244184;
  -14.61303968432825, -2.660462495083741, 20.6388910681063;
  -14.11312356385857, -2.918806185585747, 20.64745836654575;
  -15.51503243105519, -4.156571584055694, 24.22618331483724;
  -16.03317524103867, -3.11866436674003, 25.38877385583125;
  -13.83637694463492, -2.920822293671493, 23.08189915579085;
  -36.05243672110051, -12.27089813756163, 59.59547045445142;
  -35.0861546969734, -11.73755356026834, 58.57414575661916;
  -34.67713338037391, -12.23648669978489, 58.20580486138166;
  -35.04753552017865, -11.77515088150164, 59.69209709730644;
  -34.69509775593021, -11.75849418483106, 59.91630898387241;
  -8.392123907901535, 2.865378684361419, 15.20603982671347;
  -8.10647082183686, 2.892394334655647, 14.79802166927558;
  -33.49638991195223, -11.49035259398369, 58.6673319150624;
  -32.73812810527826, -11.50028067388704, 57.74901275509728;
  -34.65210288981329, -12.53013568750984, 61.32979295889975;
  -32.73977158539718, -11.35381626509219, 58.17801021054367;
  -32.76443112623873, -11.66961025552614, 58.61991010531609;
  -7.965651145112938, 2.91516218461653, 15.13267909567973;
  -22.16320803534729, -1.884596666490991, 40.78459901109747;
  -22.29350593492679, -2.621684710270168, 41.03317172494163;
  -7.526481488283637, 2.911414531062738, 14.40512866668274;
  -36.91114908059274, -14.13588457660223, 67.61867443727985;
  -7.76656950827616, 2.831578223738694, 14.96661801779883;
  -7.737567506221747, 2.886640411617554, 14.97114110128316;
  -23.10399789149405, 0.5033578622729832, 43.09922207104842;
  -7.09461160035031, 2.845792863556163, 13.89336217684425;
  -35.54667902517576, -16.01741323983103, 66.29446434412242;
  -6.522761465081574, 2.847650112822115, 12.85565008185085;
  -7.049923696172448, 2.888095261118811, 13.8515003688973;
  -23.29219430619595, -2.171901543063475, 44.06870105712982;
  -7.468683452405617, 2.802578946923893, 14.72245464295884;
  -12.21092271935161, 2.664532767726078, 23.73855366404386;
  -6.924441729855793, 2.85938711294835, 13.81865374633165;
  -38.70313758427074, -14.04115639701861, 73.63369563114225;
  -40.66858978706515, -13.53226490413063, 77.49737148067359;
  -8.300165154625814, 2.822714723124561, 16.48278880286852;
  -6.363342357262805, 2.840593817546659, 12.84658613567786;
  -37.81089484597916, -8.735123255917788, 72.35626701652704;
  -39.21915679573819, -7.464694795385969, 75.13136566745754;
  -6.402220068754446, 2.819135588822882, 13.04884894037754;
  -7.117876074545857, 2.802306011026536, 14.50546586786469;
  -43.07741288369315, -11.03671204329753, 83.80480903160488;
  -7.578799887232932, 2.789833414566503, 15.57502994831202;
  -19.83900389204058, 2.307830655362024, 39.4835841689444;
  -5.98529756273872, 2.826914670603595, 12.51744029221475;
  -8.30539371720419, 2.837888244354124, 17.11682785558638;
  -7.286852377409134, 2.885277746784203, 15.18137818506182;
  -18.91068542006622, -0.7177126662546732, 38.13821849972622;
  -5.54849720625943, 2.802114097607642, 11.75632347954991;
  -46.82073025414979, -7.842211776355618, 93.36764177463988;
  -46.26204757144969, -6.211839634250711, 92.3624024344788;
  -46.29168304051422, -6.168115530713554, 92.4417295992931;
  -7.745070122648271, 2.836243604662205, 16.15043747420314;
  -6.88911451950598, 2.837769462401325, 14.51509547880993;
  -19.03289414915055, 1.218122921476124, 38.84047992543488;
  -14.54075024310682, 2.609924070052901, 29.9603887053773;
  -49.59962891493748, -6.236698783441492, 100.2591616309764;
  -5.977389206231601, 2.882867433311549, 12.8422830763956;
  -7.828265949868667, 2.756255686054359, 16.58925238521604;
  -42.59323542993775, -6.375739125424673, 86.7843915454679;
  -14.65147991579952, 2.660227638992847, 30.72761771270743;
  -7.370218647617471, 2.745310433890077, 15.89413604769646;
  -11.4435378385266, 2.713404608517962, 24.25198776517981;
  -7.46033714175407, 2.864477021484328, 16.09001321155194;
  -15.99362364288831, 2.660949414741833, 33.66791341635005;
  -5.882396305299448, 2.853864990281368, 12.91367362309054;
  -8.217706752185711, 2.760655363847338, 17.82894024034007;
  -6.385599394237589, 2.806537200241127, 14.04586636982138;
  -7.572972552610054, 2.790448286278922, 16.73910958873586;
  -44.52163352642962, -12.06593293489098, 94.8642335420442;
  -17.77769404752674, -0.9798399952266937, 38.57244770246255;
  -18.50656488137369, 2.115054991011346, 40.1747609884107;
  -7.030852774375259, 2.734345742593271, 15.76388587496114;
  -14.32586217265331, 2.647720625259269, 31.44077679397162;
  -8.351727722836259, 2.774465626596893, 18.65555285581459;
  -50.30834792598551, -12.09529888676608, 109.3567900375941;
  -7.666660305944151, 2.737470882463469, 17.38990851429619;
  -44.58703059060533, -13.27251692051081, 97.54766955199627;
  -50.12545256924815, -16.33618731207142, 109.7255214049838;
  -15.33537346728275, 0.7600195691245716, 34.20728336490206;
  -15.53910168212215, 2.7074773217571, 34.81438325693057;
  -17.26055331972649, 0.7264848360868507, 38.59943918464044;
  -55.88069232867903, -11.77442799736713, 123.1754825946821;
  -54.51179542027158, -8.83682627582475, 120.4750411480482;
  -16.52500493871358, 0.361528328571153, 37.73655727601596;
  -10.00784789269024, 2.693908564560955, 23.26462662818561;
  -58.28472568949882, -20.83861676545353, 132.4705587088341;
  -8.86828618904844, 2.542122060984674, 20.84103175925239;
  -54.78139878010025, -11.95227063428961, 125.8372337699582;
  -16.16278888375327, 1.264542490481203, 38.21623320671342;
  -6.760087010518518, 2.70339531784371, 16.50603157287922;
  -16.10570627445465, 0.4034062370035141, 38.24675388930239;
  -58.15906576760981, -19.85243866205869, 136.4489076237007;
  -7.340347532627412, 2.745527400493682, 17.9325300890292;
  -38.77339489575194, -4.793490231336413, 91.64512523547734;
  -7.37677330265425, 2.706050289375229, 18.23218721272131;
  -16.16957701822912, -0.6315092698887275, 39.49705723660769;
  -12.75112692554524, 2.612139691662057, 31.3290564735004;
  -15.82671937702463, 0.6021006510156932, 38.69791426832302;
  -6.906747698730419, 2.676659993072116, 17.39398492879374;
  -50.85529785004709, -6.611841141479919, 123.4384360271459;
  -23.50517615443119, -1.98183402970821, 57.45247828794268;
  -15.57649603975832, -0.02833629394187245, 38.2748342911955;
  -15.88277010439419, 1.041741843036101, 39.36162025985631;
  -17.43688873517526, -0.813007078026679, 43.28619980080875;
  -71.81142861277724, -17.75931589873447, 176.1336754054104;
  -19.15805522712894, -0.5145358921806305, 47.88854907761307;
  -72.6286138888316, -14.72311950432243, 179.7486280482445;
  -17.34413807866636, 0.8303104728582905, 43.70333479397523;
  -8.675575555309681, 2.566612014898048, 22.27242496778137;
  -102.1339818858726, -37.7648216695092, 255.5742109789962;
  -15.55203086238545, 0.520494991544206, 39.6880320613286;
  -16.97134230215699, 0.7773096124669842, 43.47037626996928;
  -113.7329199340339, -46.92405972551615, 287.6773936178727;
  -17.63040952043471, 1.350156600521858, 45.28824389606096;
  -83.67049327165178, -31.86845923849834, 212.9525872189178;
  3.812946523914313, 0.476964787464798, -9.785745336728974;
  -89.54777702739776, -36.89179779011221, 230.4774871109861;
  -19.18941023070767, 0.260757761780608, 50.1762272119311;
  -87.68906824219592, -38.15458106122575, 226.5487768860301;
  -7.50655070835658, 2.256319032102682, 20.21530479527444;
  -87.80131667085092, -34.14581371888392, 228.3799624740276;
  -88.25675664154062, -39.5588894162882, 230.9867519114146;
  -25.04525575447638, 1.235815115207546, 66.21479919632591;
  -23.18069583231387, 1.943847143752872, 61.40332005667863;
