m=[-7.1175915017455, -1.295834792403162, 10.05261046607206;
  -6.720510877080932, -1.389902712150355, 9.832087695440579;
  -17.09956068903474, -5.820049530504894, 28.2659497251414;
  -3.929558037733653, 1.402068995971045, 7.173242989590184;
  -16.80081509867836, -5.620463934564855, 28.04791237225218;
  -16.95595992398363, -5.983233268334075, 28.46069436441281;
  -3.139808508833805, 1.396957053736076, 6.0654204448954;
  -5.453655557530428, 1.303899596843627, 9.99111717275941;
  -3.790595037144715, 1.387231138820189, 7.201151197034234;
  -3.643981660030009, 1.409575134470547, 6.974311270608718;
  -4.650933828311526, 1.392633763576757, 8.833961751481576;
  -3.426824438316121, 1.403844331869891, 6.732932442552916;
  -3.976040391208707, 1.352169209036506, 7.895774700753205;
  -10.99858843782658, 0.2396219905353673, 20.51725453647448;
  -5.968732449885182, 1.302430910426194, 11.60347000995867;
  -3.484447976800578, 1.371826287537679, 7.100930202561274;
  -3.424712623783451, 1.356037780203617, 7.135022753857105;
  -18.97097861789658, -6.882503445576941, 36.09276540780552;
  -3.340726721946698, 1.376114774536837, 7.038780847722844;
  -9.037520032856946, -0.3429988101980213, 18.226463295879;
  -6.442064761643875, 1.216263546500858, 13.22958462854274;
  -3.573410054428011, 1.37204938526993, 7.706919123566681;
  -3.082396013454239, 1.354745035437216, 6.780087479793679;
  -8.819523421408043, 0.5644576989670354, 17.99802592904087;
  -5.56014747767107, 1.318379857945635, 11.78347382634564;
  -6.88920344814657, 1.250853123966095, 14.44828857673535;
  -7.598903706325292, 1.264272488931359, 15.99632689603161;
  -2.431231818667616, 0.7893260116278296, 5.793276796643061;
  -6.730258390005058, 1.243893298551832, 14.77080745686892;
  -8.806280273538031, 1.006441074515004, 19.11701104198033;
  -7.259560827757427, 1.264879830838791, 16.26459097216174;
  -4.412849855679708, 1.26495725676847, 10.3704754256359;
  -7.977718663879209, 0.1745337629283436, 18.21794537477792;
  -7.603610081494883, 0.3272837009070616, 17.54177962845034;
  -7.758286509317295, 0.6069919625208025, 18.3441415127683;
  -7.525676396833512, 0.1884987062609007, 17.87147288639905;
  -8.059185980364777, -0.3933329250716091, 19.12243221572874;
  -7.534763823269651, 0.2866472890033027, 18.42325231900123;
  -7.704695312015497, -0.3009099437617129, 18.82008362904147;
  -8.124339460790065, -0.0147795544297569, 19.96326682159161;
  -7.569285484516737, 0.4964651228519206, 18.75865097345716;
  -8.426881414768101, -0.3929092133321501, 20.91930952576028;
  -8.892937847985465, -0.238841346654048, 22.22928609028947;
  -8.12149607296457, 0.3887978297955569, 20.46434710649039;
  -8.191466983652825, 0.3751798716469241, 20.98161392556212;
  -8.350655523760022, 0.6395025969771633, 21.4508076862135;
  -8.875234597139677, 0.6104287175515882, 23.50575064594876;
  -10.98094548364332, 0.9208213449887364, 29.08741458559511;
  -18.90795412947776, 0.4884013328355357, 50.93686931053207;
  -6.045571975524962, 0.9309247595764421, 16.9478565285458;
  -14.31054859773998, 0.8940070493688521, 39.62323685446109;
  -3.691962258910464, 1.241517714114531, 10.89963095915445;
  -29.91897307617957, -1.383766239100381, 84.63533925833826;
  -35.53546042466714, -12.30902408154248, 102.2828749695158;
  -5.889343213540995, 1.078935363409948, 17.54356333773985;
  -16.86591701837942, 0.3824649441004563, 49.17386085186251;
  -39.03634394662047, -13.22840535354264, 113.5074696557205;
  -17.19996011278403, -0.4735310896578287, 50.6092312851284;
  -37.38487290534938, -10.44088574301601, 109.5668692581101;
  -36.46715054729979, -12.3434067569724, 107.6410947613943;
  -36.41451044672931, -14.92584010282499, 107.8901973130197;
  -19.67329872100035, -7.707588354356937, 58.74272237831143;
  -38.54356016953397, -13.2773944482303, 114.8132635653907;
  -37.01164617299828, -11.0416228699826, 110.3455817784862;
  -32.68477389947829, -12.14244530470339, 97.51054627501775;
  -40.55521229251302, -9.783967267015816, 121.0417410498505;
  -30.85728875759498, -1.116016268864418, 92.63306854134079;
  -32.58188697741648, -10.55007865294457, 98.61076829022247;
  -35.93822059079522, -15.86936417441789, 109.3691771842674;
  -36.84374806420411, -10.04552517206332, 113.3717769466423;
  -32.94240722871952, -14.68004248796412, 101.9240137567238;
  -59.69572243697012, -5.790290689042131, 186.9314564926005;
  -40.520568009568, -11.2004849574491, 128.3250297377924;
  -58.84891516036392, -4.027851793239167, 187.203028680876;
  -64.70146741097415, -2.623258571255319, 207.6560234516032;
  -67.68448622548421, -1.731841902684735, 219.774091142368;
  -29.67933134235972, -10.1540187404603, 96.73782497133463;
  -52.87703277299621, -9.868451326612862, 172.6521816735684;
  -34.28922366486176, -9.54817505806181, 112.2449303172804;
  -58.96638705467476, -9.244095416396512, 194.2033496183451;
  -29.61565350936617, -10.62667630194562, 97.70286353950665;
  -29.41634754436305, -9.494326628580119, 97.07899836461706;
  -30.70983622202227, -3.867756394616482, 101.2575501976067;
  -31.45863565091042, -10.52794230572429, 105.2854303071218;
  -11.7217377730575, 0.8725816610208311, 39.69201745919675;
  -43.90312499956198, -0.8959185075529735, 147.6362162292555;
  -28.1800225625055, -7.972113163252031, 94.85310474500186;
  -44.52093279452523, -8.309412332687437, 150.293758886779;
  -24.67057432851563, -8.745784860550138, 84.20432749804927;
  -31.03853709743085, -4.522479847759809, 106.3705048614293;
  -18.58043563611054, -0.1965248923291279, 63.90443113765248;
  -31.97444559691262, -1.329963549325802, 110.8831307258024;
  -30.37276373258029, -12.15733692047447, 105.3892679102927;
  -28.89361503466068, -2.197380159230813, 101.1100966046042;
  -71.66168712467582, -8.469101808886958, 254.1369675377106;
  -11.11201149276099, 0.2862848534354329, 40.09307733559349;
  -19.98008333476018, -3.511588920086047, 71.57743753590567;
  -14.99122586860761, -0.5143546599975201, 53.98362036549582;
  -44.17509868654224, -5.010852750670074, 158.9290259718888;
  -11.08644332172022, 0.645413072695578, 40.33345674998155;
  -11.73778954686401, -0.2546459072796516, 43.42758610599494;
  -19.6075441449319, -8.109938700783664, 71.99102877814305;
  -8.605699391179266, 0.7566373661439491, 32.48104776061364;
  -8.724476198576538, 0.009374724922500742, 32.96895926681405;
  -9.300204886137735, 0.4079170866823114, 35.14751484464365;
  -7.910372135945222, 0.5772154078088515, 29.99671835276802;
  -12.47608895210071, -2.768652960878223, 47.23109550949627;
  -21.29912619673091, -9.254956020912504, 80.93481177944493;
  -12.56199780250719, -5.723158264641943, 48.02173959878023;
  -7.76219366204455, -4.280255084806494, 29.9480241463759;
  -7.88980492193832, 0.9880774457158663, 30.62985662967095;
  -6.422553533609189, 0.6185591622590793, 25.17999464972991;
  -6.155216111223706, 0.4347279098646964, 24.20504342250997;
  -6.27181591014083, -0.2269162321363053, 24.6294464201229;
  -15.63397059398666, -7.240851370758749, 60.80013852490615;
  -5.759517659753956, 0.1475933676742904, 22.89645278019634;
  -7.251929834072762, -3.700784082045913, 28.78282072943071;
  -6.642955452175254, -0.1075251058181448, 26.52110002928281;
  -7.162279663554021, -3.934012493837612, 28.5993127785711;
  -7.032246425622816, -3.744886911283113, 28.34800771478636;
  -5.123257576350104, 0.5757713669042878, 20.86765543046148;
  -6.709277499983016, -3.420011170761144, 27.2190753224786;
  -15.59152645775194, -2.455611847034033, 62.90469592191072;
  -11.62222846493973, -2.79236685265053, 47.62649597491177;
  -7.024748241423208, -4.267596853458891, 29.05659161928978;
  -5.1354052599551, 0.009409598498283683, 21.46707532946967;
  -9.310202280145385, -2.912942751819891, 38.67580276371683;
  -4.974998941879099, -0.1605168557632039, 20.99353224910897;
  -8.265323581479175, -2.538242917704068, 34.98311245366328;
  -5.81734188279736, -2.493323917474963, 24.71009384144783;
  -7.211324630831699, -4.712212992763615, 30.86243619562353;
