m=[-5.166062770062232, 1.283059797922319, 6.794490259579366;
  -11.53148252184008, -3.244441846737955, 14.50241025163309;
  -4.985932355803246, 1.212196518290602, 6.951102402658737;
  -12.72346200697032, -3.161971009816308, 16.45640860361711;
  -12.0723446070575, -3.662346192876011, 17.68901914876913;
  -11.68625505417093, -3.682900095724971, 17.3427878235382;
  -12.21697410433327, -3.136164983588984, 18.12304474594427;
  -11.73181653676143, -3.595454890177646, 17.49098645391878;
  -13.07469346547396, -2.840474223600019, 19.61111929340009;
  -13.16795245324727, -2.761710367821402, 19.95290280092765;
  -13.12325064198393, -2.632568081821448, 19.91374564543489;
  -13.77590169891072, -3.97176547447166, 21.2328163514847;
  -12.05121836480856, -2.758873624965957, 18.98152181676999;
  -14.11811304066295, -4.396790535177261, 22.75134502732976;
  -13.81267156769399, -4.067447421624835, 22.76347488255593;
  -13.63771765831525, -4.192245401301311, 22.81926985672206;
  -13.66661081359956, -4.520504651678277, 23.06453875259065;
  -7.36231830996151, 2.78673975718338, 12.86077469040214;
  -13.18459856355606, -3.033933705230501, 22.5322449124544;
  -32.42047971400984, -14.22996649167901, 56.96688023068477;
  -6.660561680260487, 2.795050957651011, 12.40950682802036;
  -29.65541811161859, -12.45467720145063, 52.85012735088022;
  -33.25769932655161, -12.9244105560869, 60.30811235482778;
  -12.13189653511324, -4.054715653443351, 22.62719265740869;
  -31.1299749260608, -11.52689675019291, 57.06963684803806;
  -30.4092631326034, -11.47915148141696, 56.11975902106381;
  -7.37616518490373, 2.795872106009248, 14.33651172955368;
  -6.98290119318238, 2.769821919038043, 13.65888010265874;
  -30.28432125331177, -11.23877556717975, 56.45923810585371;
  -6.604769281057662, 2.797864564902164, 13.04101254138558;
  -31.56353294161481, -12.38527180460183, 59.20476562441952;
  -30.02195212826528, -11.29096795883597, 56.79844538953402;
  -6.865262733709879, 2.813799053712462, 13.68070963660013;
  -31.89854485102701, -13.22965010104008, 60.56201207759363;
  -29.43467798811794, -11.22253698970195, 56.53131303717937;
  -5.534996812718493, 2.759798462590557, 11.37687472133162;
  -29.6013736588475, -11.16403154707661, 57.24255901167022;
  -6.593275511279253, 2.700535451663371, 13.49221763495153;
  -6.424494434713978, 2.784152383999925, 13.21177102427709;
  -30.12626197717991, -11.51607131038538, 59.12829564787286;
  -30.22376767468673, -11.83241499165741, 59.75923093637044;
  -6.756170716832145, 2.753930132407991, 14.02612864093269;
  -6.373364096708048, 2.728174474339379, 13.30870882572467;
  -6.616526026384755, 2.76601039978058, 13.80128929632066;
  -5.657524526815555, 2.777087983942958, 11.91692060917733;
  -19.12315043453427, -2.365538499621989, 38.42462964894589;
  -29.88019960224371, -11.56940887721316, 59.56289862521565;
  -6.048586775483584, 2.783572457100779, 12.7649704765682;
  -6.529611487947247, 2.746197313686233, 13.88045940228388;
  -6.228123866818351, 2.754776948861119, 13.29731310057307;
  -30.49171315947127, -14.0121803852096, 61.83349042167431;
  -5.916788216950423, 2.748306179268603, 12.69838856628958;
  -5.442168798568579, 2.741277910170406, 11.77089421429209;
  -5.434315711227451, 2.702274364641629, 11.89077752755516;
  -6.942279386096377, 2.650148257099015, 14.98304615947239;
  -30.7975101850822, -13.19574260123176, 63.5814422659026;
  -22.54685350569488, -3.869676249839251, 46.86885374895753;
  -19.79139033060194, 0.4441794628257082, 41.29306630906863;
  -5.283496681411693, 2.724783978421782, 11.68027496784934;
  -5.973707065630742, 2.712701070084774, 13.14423960799374;
  -6.357557632517378, 2.717738643858997, 13.93849719134202;
  -10.81140883750317, 2.622037050500965, 23.1827432875054;
  -8.671389255918015, 2.69363575879248, 18.76188094732367;
  -6.177788991682257, 2.740728220602713, 13.61066459780306;
  -19.68996996725475, -2.11240156120228, 41.7595386621804;
  -8.647573714728095, 2.710808114017586, 19.07024509149665;
  -6.797490194081936, 2.657072776849592, 15.16786287869327;
  -5.811805970641516, 2.603642435860792, 13.161340765717;
  -20.01920888918675, -1.380028721335478, 43.45113858721794;
  -34.71613484214264, -14.16355140687905, 74.75288612973246;
  -34.18823239202891, -12.7613077152186, 73.75196193533549;
  -7.093613350745117, 2.737869127058954, 15.98543257933807;
  -8.829439695585856, 2.663495784216548, 19.71364139350031;
  -34.1880723167365, -8.940888829888523, 74.04183574141489;
  -33.14998952827165, -7.143528411407708, 71.87903477071467;
  -5.677623451236323, 2.728953975291992, 12.99580850687794;
  -5.835702267238468, 2.724807045748458, 13.34350105769137;
  -4.836624086768102, 2.658016150993413, 11.21062596689345;
  -6.523144012404554, 2.699664823348782, 14.83948547904211;
  -17.24764650562463, 2.216324937809062, 38.52782099376917;
  -35.01313283541135, -10.12852834108096, 77.31253408994493;
  -8.036584851229591, 2.682964351951082, 18.47012766765563;
  -16.57507590106357, -0.2497408734848806, 37.40658092277326;
  -15.73377256666272, 1.982034800345319, 35.60857163955551;
  -16.14606193379272, 0.1202097458082443, 36.51506901623164;
  -5.638764910500886, 2.692250516350561, 13.29405951423675;
  -16.16887448251747, -0.7194195565738452, 36.64125429325025;
  -11.36039272324587, 2.47450086250504, 26.05857440621987;
  -6.172181114228191, 2.691465179773112, 14.57278771118341;
  -16.67428027920658, 1.836172303765768, 38.06734582932295;
  -5.335136469575982, 2.671574299631629, 12.76579494949201;
  -15.29471355182403, 1.081968525033774, 35.11622003990441;
  -41.76050698858406, -7.918581448394271, 94.78602714113067;
  -42.57695670895792, -6.49899003438671, 96.7429939208151;
  -42.6925105723771, -6.470522257638712, 97.02956177813216;
  -6.775478156801095, 2.666271435387948, 16.09466749453865;
  -6.645394841787361, 2.695753197468376, 15.87630938910796;
  -6.901880004297774, 2.631158175766598, 16.49402027593501;
  -9.880552800018068, 2.638334341595332, 23.31567764875748;
  -11.95084086995448, 2.439483020874032, 28.10061815575063;
  -44.48662945817672, -6.387743087070296, 102.5357668981092;
  -5.485057052224988, 2.54532753986045, 13.38632741733441;
  -39.96974089748473, -19.94177986628727, 92.40414396710787;
  -6.141234357771251, 2.579929834298038, 14.93757320416879;
  -39.22967060181988, -6.664922726019247, 91.09461147144172;
  -13.42361852446087, 2.501625386324378, 31.76852250195703;
  -11.7886901215108, 2.489958218191098, 28.27057009733191;
  -6.72073188234881, 2.681646063047638, 16.47750225582168;
  -5.011679698059747, 2.620380343920926, 12.53422986389783;
  -6.793691273516875, 2.627540032199664, 16.78320005912436;
  -5.084809115180278, 2.751526051385847, 12.75356457021313;
  -6.483420697811709, 2.651550876639527, 16.26948528362721;
  -9.322288328850316, 2.687425974496287, 23.08403961228743;
  -11.64793037459317, 2.429507632440877, 28.81575458496691;
  -15.64906762310921, 2.009565038362357, 38.4897842461992;
  -32.47772866839426, -4.093308890859118, 79.19379487572113;
  -40.62359918565276, -12.57503023642612, 98.86856785349936;
  -40.98323091066442, -12.64940066114929, 100.1070081222953;
  -40.1624991040075, -7.351322369832055, 98.35934148443241;
  -5.918207918905741, 2.619688409939294, 15.23034632535363;
  -10.02139944631991, 2.66369814717073, 25.46879653251081;
  -14.11516978825927, 0.7696694972545322, 35.65234372526592;
  -12.54707015898327, 2.468354175033738, 31.84481619207839;
  -40.64909659918352, -11.21302070906553, 101.6609536809907;
  -14.20144167842377, 0.6523998262537994, 36.07579958454885;
  -46.21978061653291, -11.14829482238434, 117.4291348557527;
  -45.97449996925798, -8.559595865583896, 117.1086271739588;
  -7.97618464376266, 2.618987350667019, 20.9972834020176;
  -14.32939369200967, 0.3281930654636307, 37.24636230292801;
  -5.021364934051054, 2.622868071350879, 13.6005758422442;
  -5.699213092118106, 2.629215220141054, 15.4823169620234;
  -48.70668901229976, -8.3145072851619, 128.3405007147224;
