m=[-5.174098085927685, -1.31063478655317, 6.422006376352043;
  -5.715394868598678, -1.716915716224658, 8.044471212728096;
  -2.958023439222276, 0.8364708742680905, 4.600070443534333;
  -6.271223698444841, -1.362421942273537, 9.406393839409315;
  -6.284527314618946, -1.318051861385623, 9.522707733307765;
  -3.338050612953792, 1.40078600128798, 6.21922952781778;
  -3.29768785474636, 1.409899391124397, 6.302060110031154;
  -3.104244663813731, 1.398642776567081, 6.248251599574433;
  -3.383809756842239, 1.386889484213592, 6.743065858433244;
  -15.28352253321979, -5.939392199773647, 27.71449657598825;
  -15.46186870930718, -6.173911143510931, 28.14333574435904;
  -14.50942266468725, -5.372590802209246, 26.59968356271256;
  -3.156321510363359, 1.367839936208089, 6.490876052222411;
  -14.79258213911647, -5.584031761498438, 27.29944955675214;
  -14.4431081710829, -5.359963324571781, 26.92637145138582;
  -14.37202975897137, -5.281264551479082, 26.98604594090318;
  -14.27378965198141, -5.368235247432557, 27.00454182945923;
  -3.248945202552004, 1.366428095152569, 6.90651382054056;
  -4.657918843690443, 1.268371187343999, 9.567273824878333;
  -9.321803481909361, -1.070890138503805, 19.21303713600543;
  -14.293049547345, -6.568236670228775, 28.98456828778585;
  -2.957034253288443, 1.324727615658147, 6.696461592149614;
  -9.450540117859896, 0.2120990876761786, 19.7177547016442;
  -2.842299276705848, 1.366153281695173, 6.505887091061576;
  -11.05612309530662, -1.897542685785446, 22.98271092476446;
  -2.90375683792782, 1.355822612052162, 6.639523516422243;
  -15.3166518142589, -6.562692686487063, 31.62121896162091;
  -3.928191104516966, 1.343995099035531, 8.846839477697483;
  -2.80595756981441, 1.33971549374623, 6.615378991606575;
  -2.691199257846613, 1.347620405485549, 6.439441256996631;
  -16.08738763390426, -6.563361468414275, 34.64033831503258;
  -15.35723569991182, -5.732335271811484, 33.12912612106695;
  -15.52261532004585, -3.34498577936297, 33.65764581525573;
  -3.006129263239513, 1.248627202050372, 7.192727646433992;
  -8.192379816332108, 1.052721928236371, 18.30015144232458;
  -3.343198030101813, 1.315608021193035, 7.941529648187886;
  -5.514727691681469, 1.201208335132913, 12.64973363021761;
  -7.782998477292252, -0.1172684125039656, 17.56464731144745;
  -7.744137460168076, 0.975554329368741, 17.52648148233982;
  -7.781036681400046, 0.05793093358808939, 17.59717586890313;
  -7.761470236661446, -0.3453396513194216, 17.58873228550947;
  -5.879255388119451, 1.181855601944185, 13.54589058172462;
  -8.071956311363486, 0.8888840998202401, 18.42825880809059;
  -7.488407442630455, 0.5297399737563929, 17.19316694705329;
  -7.56189281400227, -0.05815127542533443, 17.4337805709306;
  -5.778271166958844, 1.179498125294322, 13.58674200669133;
  -6.953979531643157, -0.380637904179515, 16.19307613385418;
  -19.43164367782291, -3.684606922542381, 44.1050274017603;
  -6.687742018633239, 1.148937904889872, 15.94502910990304;
  -2.126169388170243, 0.7981893272803587, 5.71014561532401;
  -5.86663370538978, 1.223653550940562, 14.51343471825238;
  -7.384615529662254, 0.9482906935773433, 18.16288774023202;
  -7.378887915974287, -0.4814431820370207, 18.13310045722056;
  -4.845211605073271, 1.287862163784244, 12.31381995973498;
  -6.176752644062733, 1.21513731763164, 15.67677155875974;
  -6.928446992348409, 0.3777931398169254, 17.49999308254535;
  -6.898101412102601, 0.3168917821613954, 17.52318741237315;
  -3.00700143527077, 1.301405585923768, 8.215662693362015;
  -6.668883614591943, 0.1527406814088411, 17.33441488202388;
  -7.057536895146491, -0.2150140265893274, 18.37820386799067;
  -4.32511396317142, 1.35257527559346, 11.6614503640332;
  -2.894883805167469, 1.302679532897254, 8.172233703993332;
  -6.699537736426775, 0.591490092270154, 18.10908277825977;
  -6.442257474534785, 0.1733690359119872, 17.50239392197608;
  -6.358068627856858, 0.3174719743980498, 17.33738318486816;
  -21.2460145496711, -5.364773293553335, 56.55719195853956;
  -6.321510382510224, 0.4515114126856188, 17.72245682052426;
  -6.33013290327027, 0.2669189618092375, 17.77787328104595;
  -6.377693747055286, -0.2994602567554229, 17.90507546285672;
  -6.325793493618665, 0.466635098368938, 18.04274379686621;
  -7.203732115990947, -0.401694407325183, 20.63674458475327;
  -6.299365020614414, 0.5453237341876857, 18.18680568516954;
  -6.988525086121651, 0.372633474346845, 20.35739277855242;
  -6.695157227676907, 0.2507554234028681, 19.75076190839713;
  -6.941676365490292, 0.6018190773520354, 20.67991528735468;
  -3.289352284160003, 1.23996497305256, 10.20858373672469;
  -3.146266245884393, 1.218085050057297, 9.907210907802259;
  -10.10370882936798, 0.5600232517750391, 31.29215122433036;
  -15.2227907296371, 0.5343110291617347, 47.69473713156827;
  -5.425070849672017, 0.9657735346167441, 17.71497605834127;
  -26.71968751248503, -12.68064387595286, 85.47366489278164;
  -11.78289452837402, 0.8440664886750632, 38.58979051491532;
  -15.75373378923232, -7.904330954848124, 51.48556190514013;
  -35.93445155628944, -19.0285605076419, 116.6005786875702;
  -26.53062027614653, -11.88990305408395, 87.38943480278019;
  -26.16714819231086, -12.46787147345706, 86.61606479081196;
  -20.24055266114876, -1.150050882542026, 68.44493936190239;
  -25.79923687402477, -11.29012302437857, 86.80603515273953;
  -2.847403086813733, 1.246859555262879, 10.20610650275697;
  -4.934480616562479, 1.070619202573049, 17.3933699584943;
  -19.72609577551889, -8.451040281889547, 67.99615957974403;
  -12.54029140730167, 0.312815548520075, 43.6812143089798;
  -25.91846147544005, -10.68412911024816, 89.45271172834089;
  -13.28050430841579, -0.4597662188539125, 46.81790410895484;
  -24.61590163606914, -9.952013614282384, 86.01066011681766;
  -18.96085621630961, -0.9901076689182308, 66.75049321304246;
  -25.11405500007587, -8.38006818535213, 88.58665890208667;
  -19.55491817053584, -6.850409368056499, 69.02728683576838;
  -2.73018759761408, 1.259813335655101, 10.24415731200502;
  -23.76856247991962, -9.627655361567733, 84.55128517815113;
  -24.52001223515347, -12.0158618026739, 87.60759795323169;
  -2.895639581288581, 1.210773251931782, 10.97255963691513;
  -18.96440638224915, -8.787192033565793, 68.14035805807573;
  -23.17224879836633, -9.553470220462536, 83.28319365784066;
  -22.69400036962531, -8.105743994041413, 81.64696910787306;
  -23.68624732482808, -7.674834229057501, 85.26551535065306;
  -22.51917259660479, -10.02941512298519, 81.06894976211714;
  -25.20113621580074, -7.332825488267942, 90.86070695163421;
  -3.214727056047862, 1.181788837088657, 12.19087025785308;
  -21.42837581882231, -8.336537580533463, 78.43949307937362;
  -23.09241548699052, -3.241417097849933, 84.89263623579016;
  -23.58024331991778, -7.464888318207657, 86.5964598087072;
  -27.97778222861176, -2.297541173763836, 102.8976186861908;
  -25.94288540341816, -1.305513445169924, 95.51582358622606;
  -25.15513050954983, -13.33692149002649, 92.73026620340333;
  -30.24128320289066, -8.099813841912873, 112.9174694443158;
  -19.20234335457877, -8.045740766306464, 71.91447023813431;
  -22.02044703507008, -8.412944104431539, 82.44430701885948;
  -19.94469455582442, -6.907590566681205, 75.63050825414571;
  -29.1780271557856, -3.455963948900704, 111.2581551472958;
  -21.65106700137669, -8.757340497579778, 82.93228818664512;
  -2.387091239994077, 1.229818545993854, 9.730727222453037;
  -35.93864911359511, -8.744504554540729, 139.2370924588474;
  -19.64448521858109, -6.301742949598789, 76.59965753924891;
  -26.05005889828488, -1.319064045709058, 102.3023875129133;
  -23.10041655763146, -0.757763488515201, 92.04296573616729;
  -21.40055749482324, -8.919857460972608, 85.54294125265172;
  -27.09037600226299, -6.17978759650018, 108.5853822325811;
  -21.12856303974429, -7.135897343299819, 84.88874978531189;
  -20.58547532278785, -9.005177375613341, 83.54857307588623;
  -19.3148129149256, -7.620348989600303, 78.46053471798609;
  -23.59450113265135, -3.644591887158632, 95.78928102724395;
