m=[-11.33053401541817, -3.235972977376644, 13.721993145358;
  -4.221215896264639, 1.192739156065403, 5.886750711704016;
  -11.13709067868399, -1.871907704442044, 15.80876369019242;
  -10.04644027845285, -3.398648662027051, 14.36487079808606;
  -11.17187934498921, -3.564175164149496, 15.9726973205535;
  -10.72259431207805, -2.568322204628495, 15.69547484585974;
  -10.68885604525024, -3.555171937491312, 16.45943062520597;
  -10.14107263641123, -3.676525775827621, 15.74719950763808;
  -11.54193453695817, -2.358922049625748, 18.1317350347665;
  -10.21436107250152, -3.744494539548405, 16.19098335593515;
  -11.1721160778376, -2.665319039267107, 17.70921699332326;
  -11.14713480490151, -2.57671792674405, 17.87405991013569;
  -11.44628089968572, -3.746182040053814, 20.18690733564517;
  -11.90175345158711, -3.37630973187152, 20.96019038373476;
  -12.29199874600315, -2.791752267931628, 22.07988940142897;
  -11.87186845500014, -2.848469600450878, 21.3697076857687;
  -11.60606880483957, -4.26099179411597, 21.00335413257127;
  -11.04434119774232, -2.835299578041177, 20.21888398285231;
  -12.11346642466227, -2.39885357512877, 22.11741606153015;
  -11.63468121729454, -2.657213936457874, 21.46513037209115;
  -5.937818304068893, 2.722637826831269, 11.49382673534449;
  -11.52739482207625, -3.01496502820654, 21.9804866336475;
  -12.25322408275379, -3.462459640692475, 23.47992128122399;
  -6.370218138598447, 2.645894208185638, 13.04163977321932;
  -5.400362206188693, 2.669187342306077, 11.20860868059104;
  -5.876183637939848, 2.735117211663298, 12.15452082689464;
  -29.48286721096313, -13.29128109498558, 58.13799487069583;
  -5.871693413279257, 2.649917110787845, 12.31400601679695;
  -27.02567287280762, -11.63809978458561, 54.06957363116765;
  -24.97663421362952, -10.39429632706765, 50.22736508286345;
  -28.44197630544249, -12.60673544701684, 57.13079731575521;
  -26.11887905943479, -10.75119345955449, 52.82762595697599;
  -5.426167443455201, 2.599931621882248, 11.74650007471197;
  -27.60498402410701, -11.56244189507445, 56.20587410021386;
  -27.59635792616215, -11.9210676189322, 56.58362408393417;
  -26.48831155464875, -10.93089303367322, 54.52928876579922;
  -5.50696049862744, 2.668100267885842, 12.10437390247993;
  -8.472547098009015, 2.445091840306661, 18.1913300722993;
  -5.810704522528736, 2.613732177069036, 12.75644379660059;
  -5.577195918934651, 2.639702096450256, 12.27844280375195;
  -5.228038844128159, 2.66385395501101, 11.60535687406848;
  -5.766538800832657, 2.665332410182934, 12.71386088996614;
  -25.97889363950795, -10.86991385632886, 54.33199823335881;
  -5.509497374286607, 2.620628218041525, 12.34620822538878;
  -7.100090110909489, 2.615356927000211, 15.70926501655647;
  -25.66946342247266, -10.89885104588856, 54.55446020904751;
  -5.136698745364819, 2.649756024485044, 11.61271185187171;
  -5.643970669466509, 2.629726317047171, 12.70814918474286;
  -25.41807124548841, -10.68794153871741, 54.43100770737743;
  -24.93849429645315, -10.75686319364552, 53.85151384081725;
  -5.109169452700061, 2.622092872013497, 11.76765214726355;
  -24.84170840194516, -10.61734534433322, 54.08978939596198;
  -6.070468217671724, 2.56810411183116, 13.96696521045304;
  -25.36401510840162, -11.93305789979194, 55.61087098687533;
  -16.99054221566512, -2.415208812456003, 37.58493044670291;
  -24.82215849066613, -10.87393727017786, 54.49287032051151;
  -5.425579353085839, 2.579014530806836, 12.64024391775374;
  -5.588128418151727, 2.561507679581379, 12.99477356684528;
  -25.28943335800665, -11.42410396940778, 55.75804712798739;
  -25.22334184574207, -10.93610415997219, 55.85626408896361;
  -8.299097024684327, 2.506706112453239, 19.33460011045851;
  -25.56513076170683, -13.1545242852929, 57.72672360336515;
  -5.757345619274409, 2.582697440030553, 13.68995070053598;
  -25.03239736534687, -12.11829423682164, 56.66479324457404;
  -5.193608989498959, 2.600628519561803, 12.49070471359146;
  -18.97121453607205, -3.789010554601536, 43.50070445466389;
  -17.15906423632157, 0.3384901473942616, 39.56843013104629;
  -4.894505731566276, 2.635851355267739, 11.90127776354787;
  -5.30393526590036, 2.556564111576098, 12.83200337597179;
  -20.68974290844409, -4.025438115907228, 47.69028476550854;
  -4.974269125219629, 2.601596940799338, 12.10495618554441;
  -7.387561547742389, 2.561383601638668, 17.6332673801928;
  -29.53552915914969, -14.20689930030943, 68.01281859073735;
  -6.021160276381001, 2.589428460300139, 14.58459568244405;
  -5.539121653018918, 2.55734062408765, 13.49330985116894;
  -27.21788942626955, -11.70751290832074, 63.12348596844952;
  -15.78331090750055, -1.974578621177174, 37.08632949670619;
  -7.779171471289004, 2.596038044971057, 18.84999377984907;
  -6.078359288495731, 2.584073731590722, 14.93100203046251;
  -5.43532124745076, 2.578131899616811, 13.44044211573608;
  -26.05504152189414, -15.06435848053217, 61.44543852695442;
  -7.496666679461904, 2.625425778741784, 18.32606245007391;
  -27.90550623752726, -13.42931672961049, 65.96156994579005;
  -4.778933289485522, 2.55620404377908, 12.01397437527095;
  -28.14629133159044, -8.788035357347798, 66.81333035891436;
  -13.93979511776295, 2.23994531129295, 33.77583642917029;
  -17.08152147148959, -1.440681113015638, 41.19375039821674;
  -6.715406693133409, 2.491021563610116, 16.74370060188248;
  -4.641674309090429, 2.610067780062175, 11.82619495768639;
  -29.31793239222901, -14.38526679156984, 70.76697610483917;
  -28.71022403191339, -13.19655329551748, 69.32948664929415;
  -26.52969359604883, -11.17609586354769, 64.17405544466278;
  -29.66457464910512, -8.798174870413508, 72.01994204995721;
  -28.79190179468062, -7.037366418521178, 69.95020447335907;
  -28.61389898522064, -13.71129594537129, 69.81642220047806;
  -14.55880303208474, 2.021378979698236, 36.09729951869424;
  -5.687682477243158, 2.507956313873366, 14.60541507645849;
  -5.518390123913803, 2.513146411386229, 14.25223520780351;
  -9.596779601489565, 2.30420155959093, 24.22662161501719;
  -13.62289576546361, -0.3026862250914817, 34.15774788751547;
  -5.938386981049147, 2.537244031955707, 15.37279165610266;
  -14.14905780082226, 1.937557228936021, 35.53124445922147;
  -4.909423304012924, 2.569392456367597, 12.84160822127689;
  -13.94022554915239, 0.05177819380721983, 35.01348963635963;
  -34.45719482711265, -11.3041611760851, 85.49808568004949;
  -13.81757329164999, -0.7504742167476811, 34.79562067267602;
  -5.365326602001217, 2.533189687186835, 14.0783938194294;
  -14.59462946208366, 1.735472540898451, 37.05871695128361;
  -13.65633717424573, 1.013101473191405, 34.8268447860206;
  -4.444827659484223, 2.635276331512468, 11.89387781996302;
  -4.197223733404663, 2.58963233022138, 11.30226662708203;
  -8.461670666496243, 2.523245783299212, 21.96627994512304;
  -5.50597980134679, 2.47236468628416, 14.66479708865315;
  -10.01077519116919, 2.263660192745454, 26.04601723961012;
  -14.88156096622014, -1.067883783216736, 38.38083086178656;
  -26.36316048313097, -3.932011024995237, 67.73701987379893;
  -38.08303781943491, -8.275607837998086, 97.53385332419556;
  -38.64778345341341, -6.746493230627094, 99.12607755291985;
  -4.729284975400586, 2.48188239948774, 12.9118364999405;
  -37.79429339477803, -6.294352611111324, 98.47770650980942;
  -5.516909601669059, 2.55387722710818, 15.07859117828353;
  -4.528674009815891, 2.529571871583093, 12.59462348239675;
  -5.804020192828205, 2.579926025294844, 15.9129373433503;
  -37.04843371234315, -7.252646010369158, 97.24316468570312;
  -37.40235998889587, -6.554332689667974, 98.49292214162938;
  -5.182050241711289, 2.596154008997922, 14.49557757326144;
  -5.407257207434564, 2.495780400375066, 15.22797960186201;
  -37.43534411169933, -6.061189661547558, 100.9172516153936;
  -10.65869141700637, 2.474591466708344, 29.35599562792395;
  -12.90591283665383, 1.812015836427196, 35.58541623908069;
  -4.301606563290365, 2.556706729038144, 12.38995547011253;
  -4.832141171814502, 2.497059385114317, 13.9008336145707;
