m=[-5.713075569979263, -1.167629212420919, 8.974922889812351;
  -5.929328334239673, -2.07901995647695, 10.33031062124928;
  -5.845130293999956, -1.91301631692075, 10.30859758238061;
  -5.758433960156102, -1.381646380591439, 10.3653482114276;
  -6.027760978088288, -1.193689359048347, 11.00580897309513;
  -6.140764546120878, -1.402472902154267, 11.3292585421993;
  -3.020459929931745, 1.315251130169652, 6.206570702145371;
  -2.935645185174154, 1.324867608005841, 6.156580381336108;
  -2.933172816649075, 1.319423686370477, 6.317568371328388;
  -2.729096402238448, 1.322236257861944, 5.998590924492806;
  -2.916049785135472, 1.311677977049665, 6.401706548310539;
  -2.876431039950426, 1.329505469611866, 6.341853469576892;
  -2.762652541393546, 1.31407362864158, 6.190815824621518;
  -2.821829643993377, 1.314790616680271, 6.353724034003055;
  -2.557096496842403, 1.312335509615514, 5.889611288176262;
  -13.13213511044312, -5.500439668436918, 26.73803875560985;
  -12.21285663466301, -4.704447048328026, 25.60115145915825;
  -13.14306043558137, -6.073981480211199, 27.63181910297388;
  -12.44332689708657, -5.283241185630578, 26.44539041984733;
  -3.663898316433753, 1.308689938358294, 8.423986446188549;
  -12.34818714231798, -5.192239057464353, 26.44277227112374;
  -2.580906861280589, 1.292353737709192, 6.207118318440838;
  -2.885743659420058, 1.294520644516713, 6.861788581805474;
  -2.483432206956372, 1.298862098060482, 6.043468356499391;
  -12.39811814638618, -5.347751118169862, 26.77216286691212;
  -2.984669595306568, 1.295332741938235, 7.124939718827765;
  -3.723148052540422, 1.277682451465008, 8.697900887534379;
  -8.149470396762334, -1.158448769278385, 18.02751637657411;
  -12.17680361365324, -5.204365459267605, 26.51350431788016;
  -12.10777732949027, -5.304100012562025, 26.58058686288875;
  -2.771547445940467, 1.279587508468415, 6.751494333927187;
  -12.27549890786526, -5.545263660698251, 27.06497361703872;
  -12.07594784095372, -5.235778202060672, 26.74179083223761;
  -2.396614610458101, 1.281925397894086, 6.024956778700569;
  -2.326050693776261, 1.307965524148629, 5.926380688146603;
  -12.29171548248848, -5.950473808724929, 27.82424337033482;
  -8.218490272772051, 0.1621229424562883, 18.95166039722087;
  -3.168451226003765, 1.132003283521931, 7.884287710569863;
  -3.272966325995419, 1.214078322815645, 8.160573252926874;
  -13.81969149359608, -6.64741655221168, 31.82323788645356;
  -13.00097719545904, -5.59224508384234, 30.15175014935647;
  -2.860389115476507, 1.26127486388289, 7.345200875553782;
  -2.788540903937734, 1.269937682616129, 7.201908519891802;
  -6.601465945772874, 1.060770446622391, 15.99521600522237;
  -12.50389680121879, -7.2294332618452, 29.48786021319749;
  -13.47043461961326, -6.482546184703308, 31.84070583772165;
  -8.050661893864344, -0.6790048859010466, 19.41495417429946;
  -13.60318646606707, -4.247283673292294, 32.29108164140839;
  -13.57265914577043, -6.659621158506387, 32.7613841453039;
  -7.119111571429608, 0.9884344511633703, 17.65122463258564;
  -13.84908729426648, -6.365684167769327, 33.44279416299517;
  -13.55830565498672, -5.711672590518726, 32.79689061197408;
  -13.63432739177776, -4.043786167584519, 33.1015522811685;
  -13.76272686679459, -3.363909496855582, 33.43667831699593;
  -2.817617907793987, 1.265202428270396, 7.504530779616592;
  -6.713997956090573, -0.1491778790345769, 16.83453015054552;
  -13.87477584715434, -6.64855767871006, 33.85372992971909;
  -2.378832007462935, 1.248387720632179, 6.494658304786335;
  -6.861443137035539, 0.9395988721117569, 17.23051929513562;
  -6.776155165274414, 0.02516867995989531, 17.01958392402958;
  -6.740324514918079, -0.3660874202863952, 16.97358646713733;
  -7.130672240934541, 0.8479205247682897, 18.10621947858902;
  -6.669261242409186, 0.4947621242484639, 17.00817160291273;
  -13.71879008929223, -4.500639564199635, 34.04021413716476;
  -5.103509776854073, 1.154017716364534, 13.27830273800556;
  -5.256335906058142, 1.077520398790059, 13.81769923795868;
  -2.548470749004652, 1.276757700762365, 7.128752851146665;
  -13.54695502100032, -2.020500407444386, 34.80729717797396;
  -17.69367036007055, -3.844910634729583, 45.31497350206382;
  -18.46099129220751, -3.22261567558394, 47.34982167194676;
  -2.220628280589609, 1.259473796784004, 6.408106618493512;
  -17.35571593879312, -3.80280451905931, 45.11099767677985;
  -16.98144465446167, -2.828130675305115, 44.2472546139917;
  -6.596216573842389, -0.6199162750437622, 17.7148607266258;
  -5.045937304098536, 1.171497785773647, 13.89743896718409;
  -6.416098112737468, 0.9008329387853886, 17.69107887697003;
  -3.387239838532161, 1.258674153357627, 9.885182126882635;
  -2.527730149694699, 1.275600082224402, 7.58270340177412;
  -5.384522325576758, 1.177386923284145, 15.29907297774923;
  -6.630380484419076, 0.370419367427185, 18.80154839699171;
  -6.006309306968345, 0.2832580763403576, 17.14910191370882;
  -2.414922791511145, 1.251223959311348, 7.39314170972025;
  -16.03029870377399, -5.692850555802282, 44.57875689312407;
  -16.23981654752053, -3.494117375522918, 45.29269502233985;
  -15.74760505105244, -5.457908587735455, 43.98930779022805;
  -6.443634954058846, -0.6279650530435627, 18.47701490060902;
  -5.585225429790916, 0.1216716128254622, 16.37845173639471;
  -2.423422398025754, 1.254793337481877, 7.565211696256558;
  -6.684745020975982, -0.4946891552738039, 19.52526237543365;
  -5.770209970054835, -0.2332944553077516, 17.08491054359057;
  -5.775336448768732, 0.284706101676797, 17.11804329468636;
  -17.50908234739812, -4.893328845944223, 50.89806213656061;
  -17.50863362029473, -6.419998170023141, 51.35627461425009;
  -5.377544875974405, 0.5198429622933798, 16.47466286866197;
  -2.840932828749537, 1.23173832231828, 9.103256094764348;
  -5.53833831636136, 0.1395317652631381, 17.04690410195745;
  -5.706556666527933, -0.4190214472677316, 17.62097612133605;
  -16.10357585110213, -3.247248944213801, 48.77980359188716;
  -19.81210250931583, -9.373747697074052, 60.06084616639716;
  -12.44868925153074, -1.942890821112343, 38.142545148226;
  -24.74828340383062, -11.18564620367094, 75.37423788103625;
  -18.44377578147801, -5.37531554311273, 56.45446457859057;
  -5.349845891387835, -0.2024805656156515, 17.05320520894852;
  -5.340933119798748, 0.4120314105301668, 17.05265473246135;
  -28.50634927768584, -13.38666011149777, 87.52369585208412;
  -5.300222396414812, 0.2334931514625537, 16.95942060416472;
  -5.651086362167495, -0.3352083040375682, 18.09224740843834;
  -18.29794596226973, -4.892147043472012, 57.29766177054171;
  -13.14323262476143, -2.250319874814141, 41.50451910009365;
  -5.300974085933804, 0.4234869197734685, 17.26627524801603;
  -5.791211628765779, -0.2419066036266693, 18.92720624512163;
  -6.222830754866914, -0.4266817708164719, 20.43930575960631;
  -18.70152516241756, -5.121566154328169, 60.51126634437902;
  -6.085007709996666, 0.3470303336463069, 20.33633402390244;
  -17.70245457164521, -3.196170033218089, 58.10835069639349;
  -20.25404684676344, -5.052765907764512, 66.47997504825028;
  -5.739787691089414, 0.222143898050574, 19.46372176722909;
  -23.95052251241462, -3.8963860525706, 79.32734311410515;
  -5.919167193591392, 0.5693627668879202, 20.31815818082123;
  -19.55540276305174, -6.592176852859165, 65.36659791535989;
  -6.046212995076277, 0.5231005212419696, 21.68499560031021;
  -7.594247267175429, 0.8144569487119924, 27.43112803320726;
  -25.19241679982357, -14.51494017131029, 89.48278536719201;
  -24.78610408931903, -14.02933646864558, 88.55556445276623;
  -13.9659078836812, -5.512115149807435, 50.71212009724675;
  -25.47847040545229, -13.68738146509488, 92.37757790049153;
  -12.02312836954522, 0.3269345324662235, 44.99697849924506;
  -23.90136240018464, -13.66178876795432, 88.63247378603585;
  -23.67210592015848, -15.08170449385665, 88.53747278336469;
  -23.35831396067442, -13.21402090380264, 88.64480178181829;
  -10.4466186584697, 0.8278156710680116, 40.35210645861464;
  -25.34871004062739, -1.747568003698101, 99.55799720743435;
