m=[-10.16119705843483, -2.968195467568139, 13.59880332112466;
  -9.998696750029824, -2.709956782839734, 13.57657427031486;
  -9.854968850493428, -3.483494353759181, 14.99587504301768;
  -10.28528138730359, -3.083177902729405, 15.98312922815442;
  -9.620867349875109, -3.474155613203738, 15.13367913502735;
  -9.580532323486166, -3.452382530317268, 15.27972483926682;
  -10.19514157904022, -2.885014580682094, 16.50197829443446;
  -10.49601927105881, -2.31956440683461, 17.07003799442196;
  -10.73884461976271, -3.877991548796967, 18.01960435368377;
  -9.856243390634891, -2.695563998121183, 17.02063393648382;
  -11.83416921188908, -4.552676589962624, 20.56826964836711;
  -10.62230141131461, -3.088901270997812, 18.61116803280512;
  -10.9634898374692, -3.880008887436278, 20.24221346067903;
  -10.27435828361261, -2.685766639173343, 19.43053819820242;
  -10.67412426901499, -3.380619987599085, 20.16972495490916;
  -10.78671263888488, -2.67057153881607, 20.38143757787634;
  -10.87840610075184, -4.051946802944971, 20.57187260363168;
  -11.10392347006858, -2.62005040665185, 21.07679348774367;
  -10.91335920090091, -4.341256809986962, 20.7471744874304;
  -10.6569619185178, -4.404412645777518, 20.36631152958983;
  -10.74137872523956, -4.048312710915513, 20.53017226829032;
  -11.1313428186745, -3.918638995417987, 21.28357072971273;
  -10.28585370776729, -2.877054568895567, 19.7555693130149;
  -11.03556254849956, -2.38059743860817, 21.20928809376736;
  -11.97202612308478, -2.980588818625424, 23.23935889002614;
  -10.43905389542132, -2.744467021739436, 20.39503443152849;
  -10.42219750424369, -2.895659272693038, 21.0056658730064;
  -5.732755723294509, 2.592136951922403, 12.05097066065241;
  -19.70459071367617, -9.399692517627823, 39.704290204574;
  -5.26566395380164, 2.593102421021324, 11.30722970985514;
  -19.12181647892945, -8.73008471141719, 38.92162392385189;
  -19.37792637685786, -9.724194233755329, 39.51969580717643;
  -5.627598947726468, 2.590131449888751, 12.21095620243635;
  -5.122297929467022, 2.618793814300022, 11.29881262308241;
  -4.940912663705314, 2.593906616672373, 10.93803003277505;
  -4.823875806305082, 2.565221763310758, 10.88307991716086;
  -4.932959044968294, 2.562769484721306, 11.16152442738811;
  -5.225073997156446, 2.575569784928312, 11.81880818408503;
  -23.75031575416296, -11.40552259430222, 50.66778739641957;
  -5.116981918991637, 2.597444813978624, 11.62931873044445;
  -5.366422135906301, 2.571866503843511, 12.222939839713;
  -7.662518107854611, 2.372744797533587, 17.1049037924248;
  -5.350440017875888, 2.428083756039131, 12.24728806150642;
  -4.930895279842341, 2.577993715511222, 11.37642241903381;
  -24.53529428648128, -12.28607182318227, 53.33440689701119;
  -5.021471137656918, 2.571587960504465, 11.67055653452732;
  -5.196888111979988, 2.562673452832259, 12.13630784122061;
  -4.536777835509151, 2.568010048048575, 10.74152308727027;
  -23.51185812216195, -10.76399300732202, 52.05971063444532;
  -6.504873286584392, 2.638252125612588, 15.065766971321;
  -7.369282790674162, 2.397830892752286, 17.1682169836471;
  -7.347174159236889, 2.336657906755356, 17.15521535058261;
  -5.782007711041818, 2.550446374316999, 13.72012576622778;
  -22.8584582406484, -10.25309672644032, 51.62426615800123;
  -4.880445857377046, 2.557154337993421, 11.76329178588464;
  -5.535641744575221, 2.576465141842167, 13.25956063987078;
  -22.53270041013188, -10.49995565850596, 52.21444913831697;
  -22.39685105772588, -10.33882916643714, 52.31550544175624;
  -4.522667915176902, 2.51308642271181, 11.28381830016146;
  -5.120170046090925, 2.53701704315072, 12.6936529222583;
  -4.248526552015601, 2.54127980695328, 10.68414838594069;
  -4.367979708650344, 2.532838922770226, 11.00373762568288;
  -23.03727908634398, -10.90859903740267, 54.2823498045209;
  -6.480715945326502, 2.531910727026955, 16.01886295783807;
  -14.46458655315847, -2.282972882603489, 34.67708231819644;
  -22.24424903788967, -10.45488242504662, 52.8958790398126;
  -7.597033449891786, 2.520007645395414, 18.79365769848923;
  -21.99017372180513, -10.59811687448434, 52.76269689124977;
  -4.891213406349311, 2.502024267949237, 12.43815731525376;
  -22.12991141075742, -11.01037061553601, 53.37862574334272;
  -5.322372413611158, 2.533563493064868, 13.52280187006596;
  -21.50862391398914, -10.26979641414148, 52.11290499376157;
  -14.1726797421218, -1.77338393954589, 34.83405919126781;
  -6.506656765685829, 2.555016217132679, 16.49227557915073;
  -4.743115836368701, 2.49993825348873, 12.26077824554965;
  -4.205389445607587, 2.517363160190059, 10.99138217276696;
  -21.74092272330797, -10.97564372409183, 53.37916005781239;
  -15.95042772134427, -2.344314277233542, 39.44412091445091;
  -6.041921962807165, 2.537299106915478, 15.55476404017792;
  -21.85207684024294, -11.34660538354613, 53.93174144964543;
  -4.078352684985438, 2.560952777032907, 10.78916337124758;
  -6.497194835906171, 2.43116216298755, 16.70263645170244;
  -14.62879640093993, 0.2926016867038236, 36.6842826725502;
  -6.767846491799081, 2.493599193864104, 17.45214334961353;
  -16.9718779887354, -3.791270437570497, 42.46965133943947;
  -6.527520400168033, 2.530086902757625, 16.97396184612083;
  -4.523057561388447, 2.46962072149246, 12.04131018213495;
  -5.498792155248204, 2.53937731381985, 14.45028597805827;
  -5.640257673638098, 2.317010239503964, 14.91034508360204;
  -24.06605094426548, -12.75365396665941, 60.97154818950768;
  -23.30571778032526, -12.33707959262233, 59.16130035528312;
  -4.886101290023462, 2.505200686957447, 13.12710111054422;
  -23.19191616540035, -11.02931520292181, 59.16624120182493;
  -15.21849287497001, -3.271592215568151, 39.44267921904175;
  -5.044671731735325, 2.476959764066799, 13.66298844677988;
  -4.262732625204824, 2.503684888962167, 11.69235149172982;
  -4.938819645665722, 2.504866571243106, 13.43673405357452;
  -11.46330375406524, 2.015133997436747, 30.19304459145902;
  -24.240036083513, -12.90546205575771, 63.17153705267691;
  -14.06592465069162, -1.361332971109508, 37.09649787812221;
  -5.244750778992964, 2.497679947716364, 14.37849358248338;
  -24.58941493512156, -8.517985378869275, 64.33285464596735;
  -4.841788315854771, 2.46969559579011, 13.5978400461097;
  -23.48912747838542, -12.7798112450965, 62.68668082795201;
  -12.81351747010083, 1.945266003595555, 34.66574175396764;
  -24.8973135733676, -12.70521759690023, 66.46397609606461;
  -25.71277384791341, -12.05634518702039, 68.72038264362618;
  -23.84699267397855, -7.843620867891079, 63.96620396681618;
  -25.04679700818545, -6.783384459140068, 67.18675969617706;
  -5.037038425202563, 2.52607281567119, 14.20134892805213;
  -9.161098452663314, 2.237756818401237, 25.23587560603751;
  -11.96659625201948, -0.3223427709142817, 32.76425873908257;
  -25.0540618586587, -13.34382926676749, 67.65921020569768;
  -14.27708298979667, -1.707993804401702, 38.96031558596995;
  -4.149065523257937, 2.451845456808681, 11.93075397467959;
  -12.19220164786929, 1.831136169040869, 33.43618493718832;
  -12.02413250564169, 0.03714502877845942, 32.99838809829139;
  -11.94212387866294, -0.7263997354179128, 32.87233250866399;
  -5.423557352181964, 2.518457284383852, 15.42756335215665;
  -7.410950655731921, 2.475045818486375, 20.77309579893248;
  -27.53323487406646, -11.35083378504375, 75.25213265320879;
  -12.84006033485091, 1.676415857826026, 35.68253227563304;
  -4.535102248712966, 2.503422544858099, 13.13741665181487;
  -3.97802685658696, 2.501949753322875, 11.64361058493913;
  -5.260782245962751, 2.510177283583464, 15.13546404606161;
  -11.88701289613137, 0.9566257123750943, 33.14889289842884;
  -33.42047623710896, -12.14860583523845, 91.96516636935915;
  -11.64435959083322, 0.6176804297265279, 32.67251107118698;
  -9.353586296247798, 2.344536158731006, 26.42200183479584;
  -4.780187330109099, 2.490623057563405, 13.9077122715164;
  -5.195658553029598, 2.447547560631317, 15.12682566194015;
  -4.943267733096338, 2.467248052925751, 14.46917629575784;
