m=[-5.123702381372732, -1.132310961720158, 8.332853824240345;
  -4.901626005369594, -1.340535746599266, 8.464561864433753;
  -5.069356132597687, -1.474138230011272, 8.881939529734206;
  -5.104779382115379, -1.334413866673596, 9.653995708500144;
  -5.189169947678574, -1.823909832780058, 9.804895541716547;
  -5.401239100013064, -1.274461116249543, 10.25230418741338;
  -5.456838575369493, -1.047875299848314, 10.46130998667889;
  -5.424008600895386, -1.170070028195876, 10.424422002402;
  -2.583447416120518, 1.273445909001908, 5.843605177919987;
  -2.531545025221593, 1.285044309558749, 5.753419583037043;
  -2.653022134745304, 1.271465156766785, 6.042709485980886;
  -2.482079108772778, 1.271118478661228, 5.768676901251368;
  -11.89268953972822, -5.711180459932049, 25.37129490857201;
  -3.623178916174751, 1.178916670990961, 8.440919363575256;
  -3.612167643722041, 1.148795428323646, 8.434196939860533;
  -11.5933445891615, -5.611421732913049, 25.31374928224334;
  -2.519549850884442, 1.248423559221801, 6.246333820860527;
  -11.25734076709803, -5.153737176725622, 24.92588632525227;
  -11.00102644094304, -4.967641789443867, 24.63418127010197;
  -10.82548067893698, -4.855738709182655, 24.4486084745622;
  -10.86721025700857, -4.981232519055588, 24.74766163482556;
  -3.206674605879855, 1.252795817808845, 7.926173820195245;
  -10.45047392620078, -4.824145338682541, 24.41065595096212;
  -3.239195351365959, 1.237058702649685, 8.18775168681749;
  -3.194891390357673, 1.254561229876248, 8.098018867863381;
  -10.58958673344662, -5.014374970846463, 24.95206353127914;
  -7.100929674088274, -1.120753077016093, 17.02361294179642;
  -6.723989021096145, -0.8648458023255538, 16.16298680276778;
  -3.010390505185271, 1.264210492504371, 7.750168616079394;
  -10.3236408832121, -4.852150839011941, 24.54917936221138;
  -10.31381107231867, -4.970719037903585, 24.74671161250357;
  -10.62341172561461, -5.493988632248541, 25.46450878951756;
  -2.874320839100127, 1.228536669349261, 7.567411038040839;
  -2.157483813738489, 1.267182368112514, 5.917814065745222;
  -2.910343629960801, 1.195565235008976, 7.693660528560256;
  -7.408238751958091, -1.088825966223461, 18.31997675550288;
  -10.28006615922988, -5.041832031253319, 25.10582480092723;
  -2.493181436870273, 1.224164907460013, 6.752532370618052;
  -10.13670859442948, -5.11739559002809, 24.8880416626183;
  -2.44911832052075, 1.242141857817237, 6.663161220607514;
  -7.075487943258339, 0.1415222175295937, 17.74303180130612;
  -10.32837646766225, -5.362969061844319, 25.49081871352095;
  -7.955576610586471, -1.777159984155128, 19.90767109450462;
  -10.54747890586327, -5.984430427916509, 26.12333801500866;
  -7.083131887505522, -1.019349237525327, 18.14457048615816;
  -11.57636509002892, -6.134822655028291, 29.32882106751375;
  -10.53052859135864, -5.00797425530318, 26.86504168847246;
  -5.725535891799151, 1.006491869764609, 15.08041348287446;
  -6.80273761545847, -0.6583848015476993, 17.94107019511646;
  -4.147710098655066, 1.099947981187713, 11.30525994218157;
  -11.12221526764502, -5.921498079377431, 28.98541204589083;
  -11.07706744925203, -3.837191686846907, 28.98073711784248;
  -2.966301625368026, 1.197391942720886, 8.403619326525252;
  -4.421373102421415, 1.07999688659202, 12.17945884951703;
  -6.121179306461229, 0.9292781653871618, 16.56026314106598;
  -3.018583771199715, 1.196567881627589, 8.627378628254089;
  -5.796052950525984, -0.1561275845772057, 15.86945648846541;
  -11.15688251045973, -6.070163853408255, 29.77496433665843;
  -11.65313125018074, -5.946648331455238, 31.10831353647751;
  -5.789639504860439, 0.01788539222468171, 15.88877794227107;
  -11.50514536230911, -5.39459510418016, 30.74884088138096;
  -6.719367461850764, -0.8038503385139277, 18.33628599335696;
  -5.734061686805709, -0.3487839294321576, 15.78379058105801;
  -11.07614846316747, -3.643105460268747, 29.71021048431028;
  -11.40195936197901, -3.087974638614211, 30.58517635881771;
  -11.61309003218224, -6.185148401215587, 31.36148158561208;
  -5.892811303810939, 0.7693735122156516, 16.37612472674496;
  -5.678296155760584, 0.4569696485186009, 15.83486387687247;
  -5.501351772257987, -0.08871355321887642, 15.44617462899545;
  -5.617267285163585, 0.2979705361658567, 15.76129851819451;
  -12.02651852940208, -4.958044830706454, 32.87013574214188;
  -5.580258869871343, -0.4380920491468123, 15.80828380598688;
  -2.143718263977318, 1.230339131485873, 6.603355225008863;
  -5.047148898408096, 1.057360162579426, 14.65275857129183;
  -11.59682048981388, -1.944778316643355, 33.04140623677156;
  -2.041717649100725, 1.225918910036244, 6.516197131020997;
  -14.25220105301357, -3.464916328027287, 40.63336250832672;
  -16.12023279868565, -3.158522065623159, 46.0298916388005;
  -2.224830228372764, 1.200873689061861, 7.139289219566187;
  -13.08627303514565, -2.445207024813151, 38.00770111295376;
  -2.11229216232136, 1.215043669048673, 6.823437617076596;
  -13.4430121459493, -2.94496661918934, 39.3576627518118;
  -12.73810545872027, -2.522791104102045, 37.45115182757881;
  -5.061503848142439, -0.4528182400622883, 15.4034141442409;
  -3.011345669460604, 1.261516283423202, 9.51594540869584;
  -2.052390436143934, 1.214590039188245, 6.760152745720404;
  -5.880554818281242, 0.9186974081876138, 17.8732448432984;
  -1.986803510467192, 1.234618323255092, 6.585512835731152;
  -12.46982671654834, -2.196229541401182, 37.43010085202429;
  -2.054878003452422, 1.21493760976702, 6.928811703818268;
  -5.250569732363995, 0.3304937965048971, 16.47339220365887;
  -10.74161662663895, -1.794828183825233, 33.25765470569969;
  -14.40696053003943, -5.326566613421559, 44.93356070712708;
  -4.750218123686884, 0.1105506746462561, 15.44431421715929;
  -5.273793588296583, -0.2387437137302257, 17.24999107837961;
  -10.43963589676196, -1.908611423872174, 33.41426856139794;
  -4.814467539473826, 0.2640339340279647, 15.86576787000501;
  -12.40376324352356, -4.413093199835497, 39.83772968664398;
  -4.343196353294068, 1.127344260333042, 14.54261541461817;
  -3.333311084999229, 1.142239999370201, 11.35898001684672;
  -1.890446404527984, 1.220158096193139, 6.828723887052381;
  -1.886827020475085, 1.191058159180703, 6.813689654192585;
  -13.31946266735618, -3.571524983600744, 43.66894446898613;
  -13.13514556795966, -3.230397099963498, 43.21832641006976;
  -4.383719429817691, 0.4757963499261295, 14.9936668675344;
  -13.34997288654647, -5.555187119668571, 44.29555305181091;
  -4.601558909907308, 0.135133233667264, 15.82590398532898;
  -4.321640844006855, 0.2540931883336307, 14.91998307745792;
  -4.768844113850152, -0.4060364526152772, 16.46151877901738;
  -3.638528565848935, 1.107041723501137, 12.86801583173964;
  -11.34406062079096, -2.628008680819355, 38.9875418917845;
  -14.99751940990116, -8.063905250722346, 51.71676869879408;
  -15.42373002459735, -8.414297148871183, 53.38388599884569;
  -4.338981682051634, 0.2156705626261316, 15.57760275020111;
  -13.35933410878236, -4.453047137341895, 46.55449683782204;
  -4.741987354396581, -0.3258577952682397, 17.04351581095686;
  -18.82700915898573, -9.692516685466213, 65.36718998386751;
  -8.189914817240426, -1.476632503281778, 28.99932679798042;
  -19.10567313945566, -10.23402982271549, 67.05620900114104;
  -4.405442542213437, 0.3988970898442369, 16.13756473258644;
  -14.0181819279427, -6.753785906550659, 49.723381285754;
  -15.17915397599086, -4.674456984779277, 53.94954391349314;
  -9.770709334163351, -1.920722782574828, 35.10989069846771;
  -4.239612041964977, -0.2653096499000635, 15.73415080369002;
  -15.81058277908063, -9.607771603716348, 56.66541215794944;
  -13.6133375393586, -7.013055608332937, 49.03687001627004;
  -4.444115556738952, 0.4430948353573604, 16.55509537304502;
  -4.917840357119493, -0.3888166890207121, 18.26526589226916;
  -2.27004974139493, 1.156637268362785, 8.885112157409861;
  -20.23346737395655, -11.19598951367301, 73.07088120931148;
  -13.59188231088581, -3.999305418166469, 49.46207758483799;
