m=[-8.856718665571865, -2.557113205785742, 11.66513510816751;
  -9.47133830988551, -2.218254543238321, 14.47885188944273;
  -9.603343792233037, -2.947575212611757, 15.16015412528287;
  -9.520143518481753, -3.069383308007053, 15.19445473687549;
  -9.682528474807308, -2.956915569912499, 15.56551171064056;
  -9.22617569479312, -2.834011392660731, 15.07942651010139;
  -9.667599940903321, -2.498149555569359, 15.81416815027898;
  -9.467308834503411, -2.292505129662607, 15.57922284742124;
  -9.083555764378067, -3.345214969049308, 15.14087500855662;
  -9.670684966104004, -3.23798479788235, 16.2556917940209;
  -9.46838141666743, -2.772363877362422, 16.04590771053455;
  -9.604850796846334, -3.82163119646751, 16.3895819916048;
  -9.793936868701415, -3.992130467603303, 16.90998662109936;
  -9.848642243682997, -3.028087733331438, 17.165660966412;
  -9.176712920103364, -2.734503495250457, 16.06785001253498;
  -10.6987642631822, -4.411970005083955, 18.72422137962826;
  -9.131232254228438, -2.898412480328356, 16.31447256985938;
  -9.739436072975785, -3.797877217661349, 17.4637694179914;
  -9.875643902636531, -4.075538710816225, 18.48310476292359;
  -10.37902274405464, -4.033850444405129, 19.69457251437413;
  -10.06049846358106, -4.05286125949388, 19.49259415609318;
  -9.534462600668565, -4.120442125469299, 18.64814583827462;
  -9.506822252349931, -4.015858485790679, 18.68620110267158;
  -9.465270250818684, -3.891728033995058, 18.6141490083433;
  -9.501006226500444, -4.281076045879511, 18.6815051838442;
  -9.60116005292258, -4.426361011846526, 18.91318820083151;
  -9.737182188651099, -3.718039729679052, 19.17175864244232;
  -5.108425059518496, 2.488918937709787, 10.80150930993985;
  -4.986793357372339, 2.474283235614743, 10.82391632074313;
  -5.10860898710957, 2.47824774141003, 11.0947178418746;
  -8.693980623871381, -3.409834983092803, 18.30587578246874;
  -8.81595889782905, -3.544222533041842, 18.55490387647256;
  -4.765726701559664, 2.476751804637034, 10.52908552543867;
  -16.33425321583118, -8.484943942648721, 34.72594208474635;
  -4.72182575131559, 2.463024135498719, 10.68799185180804;
  -4.624911827816167, 2.489510865630786, 10.51018118418811;
  -4.847984222181775, 2.457142837933451, 11.08458191165216;
  -4.524882302442726, 2.458471363303418, 10.53088981005601;
  -4.970966840971061, 2.483312857653258, 11.47282314842534;
  -4.665911538861226, 2.472607784362916, 10.86550413714616;
  -17.49789440516113, -5.447353230239049, 38.58987108149149;
  -4.683814267978474, 2.449655625315932, 10.9934174897517;
  -5.28180879940499, 2.424066599893046, 12.33786847323388;
  -16.23539993849564, -7.689047689971282, 36.37476604339619;
  -4.878342639649548, 2.450511528679947, 11.6913513148897;
  -22.60602266437294, -11.91583961894005, 51.35032010696071;
  -4.56315782068847, 2.455279226645552, 11.09804323141245;
  -5.228712312951534, 2.438375365558546, 12.5970873736208;
  -5.013990495789866, 2.474688448259348, 12.17408380801835;
  -4.524944232414176, 2.46169534449466, 11.34221859334948;
  -4.551676226190392, 2.400600922210586, 11.42788801053224;
  -20.43480185551259, -10.26436281410246, 48.24341708122323;
  -4.747362108552189, 2.4213374289033, 12.0438863541214;
  -19.4014653877097, -9.562513081780995, 46.76033317768364;
  -4.436531479692001, 2.422316212819792, 11.42927095727757;
  -4.932946276822039, 2.405396376401504, 12.6501222595661;
  -19.31951727038764, -9.730994353713482, 46.99152833085187;
  -4.792182448144067, 2.42945493111108, 12.41133168619999;
  -19.70356913164495, -10.9523725199581, 48.30604653261225;
  -4.296271456765394, 2.421141957446907, 11.25129668024366;
  -19.06134170592784, -9.766011637355973, 47.21683831718568;
  -19.62217580940501, -10.82038103753222, 48.68866755444928;
  -18.35349206853645, -9.322737325636586, 45.85108030424514;
  -18.42186173018594, -9.617290265945101, 46.49736527850638;
  -13.03306359878738, -2.365518813323658, 33.14730432957605;
  -19.14931016862191, -11.01428124271832, 48.62881114553138;
  -18.0415339784439, -9.342568679941726, 45.94730655205867;
  -19.5362034559204, -11.53929678853044, 49.93662572723801;
  -4.747899708540837, 2.340306799418116, 12.8122824091632;
  -18.19588863691001, -9.666797792247063, 46.78648149992911;
  -4.506493094631694, 2.475720222177458, 12.36853215737568;
  -18.47949576134079, -10.4369671843384, 48.11806938652806;
  -3.948612511552484, 2.510630076590959, 11.00248061843243;
  -3.804296967726413, 2.399541293115181, 10.62927777713232;
  -12.8923212444105, -2.186224248515766, 33.99642620746376;
  -4.485694907362549, 2.362673854792777, 12.46114479037548;
  -17.8427179691446, -9.956429710604544, 47.04803866297812;
  -4.421563705979871, 2.40568782775537, 12.32457832960694;
  -12.82299716073617, 0.136026837454534, 34.24363185810087;
  -18.38033739006058, -10.54347683641782, 48.74089362217486;
  -14.00107330856731, -3.543622688069767, 37.46370577417663;
  -17.79319694278901, -10.49979623174258, 47.5059614315092;
  -12.59465546657564, -2.61569625244169, 33.96493147572991;
  -4.700558581537664, 2.385462026708568, 13.39983057807219;
  -20.93738116350493, -8.365776254415632, 57.1334168525043;
  -20.69626355148039, -12.10771875604265, 56.52034463164226;
  -19.3747119328968, -11.42778243611108, 53.20180632653364;
  -17.96892741446722, -9.473274625976263, 49.42206216127596;
  -4.42788583557963, 2.390487623767388, 12.882342998333;
  -10.62219198730764, 1.910779365638022, 29.72792599609912;
  -3.551552985995604, 2.419415040134958, 10.59288597975639;
  -12.19141256305316, -1.437084604573232, 34.39441726794637;
  -4.68795027154108, 2.334372039786224, 13.83646681824335;
  -19.25989796407464, -11.37478276171988, 54.26966784124537;
  -18.55193977341596, -7.171492778294408, 52.45133754979914;
  -4.611422948015008, 2.365373619396984, 13.76592449352403;
  -7.853630355167111, 2.004479850058812, 22.9281586500338;
  -10.87741251972344, 1.675277405810165, 31.45743581605628;
  -4.628293519209148, 2.343104509304939, 13.99250274706842;
  -10.2695658258765, -0.403709318941349, 30.06301941976871;
  -19.96535623662074, -12.08077811928236, 57.71887944679155;
  -20.43467810244112, -11.59261806329636, 59.11240475676353;
  -10.32578676022687, -0.0964834572419597, 30.30001957808086;
  -19.39734867969296, -10.12349849602118, 56.19367411495679;
  -11.80718452814399, -1.68570462803794, 34.59795522155447;
  -10.22292395718524, -0.8138425186929996, 30.1040840400522;
  -19.67432762984506, -7.302664053047674, 57.16938274385249;
  -19.94385928100336, -6.136345945683395, 57.97328771441277;
  -11.79801847247831, -1.926813056795139, 34.66712306627551;
  -3.453070205880017, 2.404848712122562, 10.78280162892379;
  -20.24162802569754, -11.99514755741118, 59.31199035746953;
  -10.08560899662799, 1.307312585764969, 30.04124854349825;
  -7.89949455513676, 2.073385819567233, 23.73501399366121;
  -10.63348013963575, 1.850176329253997, 31.64674756843237;
  -10.02771458356878, 0.7672373657906451, 29.93737562226112;
  -5.88642486197061, 2.429687823621416, 17.94732197379824;
  -9.072638801046269, 1.959004208671527, 27.21547855536925;
  -4.232733613278372, 2.377502167538217, 13.19750819138929;
  -4.094191476826432, 2.358488618644505, 12.81150063677247;
  -9.995905054893946, 0.4661638269051797, 30.03287513204981;
  -19.10059237777776, -8.837863963072371, 56.76980260929883;
  -3.785008456632324, 2.391474139636697, 11.93582229805165;
  -7.506812814264348, 1.77337785407295, 22.89851639999604;
  -8.901758382415594, -0.857317945783911, 27.11648891601525;
  -3.839569348992991, 2.393451674683194, 12.23726716192395;
  -3.849779690718094, 2.380964470837069, 12.38149041889438;
  -8.95520340283483, 1.948948937550415, 27.84601491386994;
  -3.926267137614947, 2.340941008899325, 12.76316135253691;
  -6.349042308373401, 2.178965524848923, 20.18518512287129;
  -19.19285591323456, -3.76648682990616, 59.61070395448706;
  -3.634567358319162, 2.345095607955325, 12.02244979692052;
  -3.595204262941015, 2.355223343729456, 11.914563640681;
  -7.100225612869282, 2.212037840702664, 22.69383442715344;
