m=[-4.762046247042012, -1.115304973488971, 7.279748652799558;
  -4.784814027537693, -1.23641659868462, 7.826953335040924;
  -4.616980478038161, -1.375781215411092, 8.084043870371355;
  -4.990038579363873, -1.163747775116109, 9.641874592846758;
  -4.91202482890197, -1.340989574271586, 9.536955226416289;
  -5.015401449340069, -1.200191485496861, 9.929495836239713;
  -4.703744665767596, -1.363000801894531, 9.458267016881486;
  -3.480349670659054, 1.112561011633352, 7.920852827889265;
  -8.489068466642001, -4.227162766086174, 18.23041883626755;
  -8.951616526576531, -2.786770572093809, 19.74190263884816;
  -3.286801147416113, 1.119139220335555, 7.876793273224056;
  -2.882949470977248, 1.196832409065173, 7.168899329616322;
  -11.03056297782499, -6.047733438097409, 25.56079812346863;
  -2.898427194856101, 1.197043187522696, 7.370194521352375;
  -2.884624507953862, 1.201357538301526, 7.550571753905314;
  -10.07102145549881, -4.963762916388295, 24.27261597451513;
  -2.978969808568516, 1.184178919238767, 7.798777628735777;
  -10.09391890439804, -5.084178165056618, 24.55178716563369;
  -10.75338387826957, -4.962827576065068, 26.15575905045365;
  -10.4530865265259, -5.957763670563577, 25.77249023777564;
  -2.226327224177804, 1.172635507632204, 6.184679623596188;
  -9.916647367611388, -5.080759533602525, 24.56452135577829;
  -2.194887312267907, 1.19419599977186, 6.117985039573558;
  -2.869902886747636, 1.180581367468305, 7.73324571120888;
  -10.19286310132564, -5.620715240298829, 25.29163573850912;
  -2.744800059403985, 1.19519864803203, 7.463972724346555;
  -9.693538239811428, -4.923875545226522, 24.2166013206721;
  -2.5658541275008, 1.173958101445298, 7.070416042444293;
  -9.99618461738709, -5.749595560389817, 25.38486084638763;
  -9.362495808708413, -4.848244069103778, 23.84395171325635;
  -9.980378643802233, -5.895032343034078, 25.51091536675395;
  -6.142347398811846, -0.8986426263570352, 16.04202782689066;
  -9.47780183873123, -5.035203046041556, 24.3699557211126;
  -2.186452243477073, 1.196849867830943, 6.309477262296059;
  -9.723978752750259, -5.329018934328994, 25.14699398587342;
  -6.344389752092954, -1.075854258911988, 16.72984825226325;
  -9.36507760680578, -4.931799844720971, 24.32376513518348;
  -9.563331092817654, -5.401238977391826, 24.90160094374529;
  -2.222362826944586, 1.199789477552396, 6.465668101331575;
  -6.546127559033301, 0.06944156800999772, 17.48134070512698;
  -9.349684182750789, -5.217224950979378, 24.65343585418912;
  -6.601639917465406, -1.371048603743878, 17.80312673254253;
  -9.431008238911657, -5.565254242216927, 25.17979849818691;
  -2.364668433853694, 1.177490279464619, 6.979309597157576;
  -9.41538843353435, -5.705823493123747, 25.27506429152204;
  -2.332370494361296, 1.196361231709808, 6.962544203437574;
  -10.37530718632989, -6.07252801179884, 28.38849201571093;
  -2.326036010883731, 1.177571267528129, 7.032195589365323;
  -10.261610608668, -6.052603717985404, 28.17777224721981;
  -10.09711370201691, -5.323229863564461, 27.77128370103926;
  -3.764240559966701, 1.14669577602485, 10.94801420315937;
  -3.961757452031604, 1.011158231835157, 11.56609100317168;
  -10.34191725508129, -6.107875666613588, 29.14098586201267;
  -5.518028888329411, 0.8498555244148338, 15.95811864917487;
  -9.973306601368108, -3.855310934650462, 28.19722775219415;
  -1.911439050388397, 1.191523470570166, 6.092034860490736;
  -5.220916163004718, -0.2052406639339713, 15.28365528383952;
  -5.166170545761711, -0.04827235023645985, 15.15962631372849;
  -1.915221599359428, 1.184502737351175, 6.159650626164821;
  -10.72065169915157, -3.884100536367499, 30.63609621021611;
  -5.411259089664544, 0.8262007866602499, 15.86687816656372;
  -5.195055256746294, -0.4135760837708344, 15.29820437839452;
  -5.858287586453791, -0.9567560042706822, 17.21390563940745;
  -10.38467051155612, -6.28362944317782, 30.02158029375638;
  -10.55138938516405, -5.985816197648556, 30.52252631312684;
  -10.56710177819198, -5.514982522885832, 30.61265142307581;
  -5.297742961847163, 0.6867018196408514, 15.77999038923971;
  -5.358471131415352, 0.9323491762006692, 15.94757135216154;
  -10.44400203785849, -3.876576607178647, 30.34803329055925;
  -5.198574272899116, 0.3977516908530366, 15.52015361137412;
  -10.41306172175406, -3.203900918981103, 30.26893715391356;
  -5.062521011568959, 0.2360930956807599, 15.21043472890831;
  -1.820502028558117, 1.192613426492605, 6.033172440528009;
  -4.271829202976107, 1.009158945663989, 13.03063676723854;
  -11.26753122432863, -6.677116063588085, 33.01610436084656;
  -4.765746327913615, -0.4589834588237162, 14.51739105081639;
  -10.68694425129485, -4.94486022243834, 31.7631884730674;
  -1.857410482023812, 1.172183653856227, 6.236379972375906;
  -3.439873373658057, 1.122081468029528, 10.84283253627918;
  -3.22514761114545, 1.106857556763582, 10.25354666383306;
  -4.41433946019684, 0.9607065092696904, 13.72629486055158;
  -1.866770486772277, 1.173705266816758, 6.294770026503386;
  -1.975005273575525, 1.159039205115286, 6.61843140465641;
  -3.549181205648321, 1.105728685039931, 11.34393961889879;
  -1.802673379599627, 1.164724883142796, 6.201099084610327;
  -3.84780666660901, 1.053023903817246, 12.4196167425999;
  -11.08069807985933, -5.0276109507645, 34.35520980821608;
  -10.1542102627624, -1.992704962497008, 31.53775678833473;
  -1.772616651496932, 1.189133019774981, 6.251570264814813;
  -1.80790561986849, 1.170561300402483, 6.388450258691749;
  -4.656159090012516, -0.5129429593488027, 15.27241012010995;
  -12.34160436461043, -2.676633478260514, 39.18978600465937;
  -3.755950830031429, 1.065558684586698, 12.54774937548362;
  -1.791123764416526, 1.15174869157608, 6.429549675098879;
  -3.838029603764118, 0.9864578427376664, 12.94205468773719;
  -1.701590311608461, 1.170824320337591, 6.286679123991909;
  -4.344366047057478, 0.2513668204032234, 14.8166447146264;
  -4.48102796393564, 0.2011752991064142, 15.33238272088319;
  -4.382416411674879, 0.05643578925775759, 15.45610387841559;
  -10.94791533523966, -7.022745672355881, 37.56740573430729;
  -9.680063546128379, -4.431804453429302, 33.35939717714229;
  -10.74889736040397, -4.51830439538386, 36.96090178974092;
  -12.87151645541738, -5.720932306142564, 44.50622778226152;
  -2.938536798860821, 1.082828635098936, 10.78109124868746;
  -4.46666897842537, 0.2142254389591219, 15.99745672279581;
  -10.02376281215219, -2.170625889177401, 35.33727506664697;
  -4.05451035336144, 0.07182550211386686, 15.21546605135248;
  -12.07847718477965, -3.762624941546768, 43.88672444292031;
  -12.25446942190328, -3.509685863513062, 44.66976079418281;
  -4.118835723712717, -0.4510139648333658, 15.56532463964271;
  -3.198062586689769, 1.0466943218922, 12.29126221425218;
  -11.70853593625158, -5.565226480838988, 43.10294736589053;
  -3.842568540610929, 0.3245692818069144, 15.08856470203098;
  -3.839061299021596, 0.1593469082033286, 15.11569644976249;
  -3.978033023772851, -0.3580447022413927, 15.74478156920171;
  -9.16500974812419, -1.970039020633409, 35.3247613882108;
  -11.65235988704312, -2.986648911552208, 44.71841727411786;
  -13.90309183827802, -8.510170914044799, 53.44136440314271;
  -12.951107020345, -5.011881999187152, 50.33575621805404;
  -3.91269538911539, 0.3430224072095482, 15.7642699699387;
  -17.33838777966377, -10.20973181171478, 67.30379118768802;
  -2.149682526943925, 1.206066836387403, 9.038881590944323;
  -13.01906115928385, -7.187149052265295, 51.62629507861455;
  -9.08322480226008, -2.136341887343888, 36.4141976220097;
  -14.21214202360167, -5.077911341776694, 56.7792869470423;
  -2.788767495808942, 1.113487137891449, 11.80029015193849;
  -4.476599017609212, -0.04825649314472249, 18.51219923459274;
  -13.01856696533678, -7.708181123643806, 52.55463725355352;
  -3.874086747937796, 0.5474819203134731, 16.25154752102025;
  -2.97026426399791, 0.9503117957766416, 12.67329560356697;
  -4.681046147285804, 0.1589019752525307, 19.98046983913515;
  -13.9513577040435, -5.1441715126613, 58.11659146567326;
