m=[-4.58691167622148, -1.245642896867488, 7.414500548934663;
  -4.40227887179001, -1.381042025423654, 7.638687841477157;
  -4.869231934671134, -0.8000396208200789, 9.24846601052341;
  -4.760652898398911, -1.177346999396582, 9.239172142549608;
  -4.615655346838129, -1.744151313508096, 8.992480486327848;
  -4.475304906251456, -1.591631743195511, 8.846092079900744;
  -4.799027194419929, -1.091290019414984, 9.543573450697187;
  -4.689797916409361, -1.196102779171547, 9.351813703732304;
  -3.26622883212656, 1.090149727385828, 7.438260039233135;
  -3.066936200291806, 1.095762974405856, 7.372238291097953;
  -8.172581896902901, -3.708683230569065, 18.31455414340117;
  -2.797376797245331, 1.184165194754466, 6.919655072889876;
  -7.70195297996158, -3.486334536306215, 17.55508372229307;
  -8.253138819680393, -2.73549188744724, 18.85292722351502;
  -2.660336538265863, 1.170707317100517, 6.996530417657348;
  -2.718400448263689, 1.160692198656148, 7.135789172873199;
  -2.63429366409332, 1.159791476436026, 7.061214902522578;
  -3.258346610579052, 1.043699377917649, 8.564875779842829;
  -9.722569446792379, -5.195268747727917, 23.95876808740161;
  -9.562853911819726, -5.049572057957822, 23.84860436462651;
  -9.745359245665149, -5.309253327750128, 24.48358039999247;
  -9.498288802669952, -4.990412267827391, 23.90677767648239;
  -9.368723438088516, -5.038518060711041, 23.81792492107914;
  -5.717590518045708, -0.9369567312397407, 15.10372382307366;
  -9.208709104203008, -5.042432250331334, 23.86522140507995;
  -6.156895949022733, -1.208231667664339, 16.26347400795388;
  -6.503402496565902, -1.677523650035374, 17.15368520515887;
  -9.493604837018122, -5.584469385827613, 24.65214227378782;
  -9.181070958450141, -4.999480696557298, 24.00936266419665;
  -9.081804380554745, -5.060733604246479, 23.98295490077928;
  -2.207719272292436, 1.169139807585738, 6.55268456312391;
  -9.35679938326995, -5.748277078035159, 24.89469013607256;
  -9.02642672538008, -4.998621814043423, 24.06374996662381;
  -9.305416600140697, -5.866389929416834, 24.93435753605096;
  -8.873411014788232, -5.047321281710556, 23.90903546171513;
  -9.151056787200229, -5.578079745092286, 24.66419360764944;
  -2.571388820446944, 1.150081957520522, 7.583911577779135;
  -8.93624585673372, -5.395224045986216, 24.39979354816598;
  -6.025589582371134, 0.03480111773523061, 16.77904093628544;
  -8.626711421583556, -5.010898942761106, 23.73218641390814;
  -9.06039319821512, -5.773590568205754, 25.05019578119182;
  -6.226987169999165, -1.40460900587647, 17.510310597638;
  -2.487547219808392, 1.117656259817303, 7.561344511069842;
  -8.846625935261853, -5.597839433329272, 24.80632988249634;
  -6.198729706577265, -1.138186417683485, 17.71183553013512;
  -3.577515914725179, 1.045435827795544, 10.5976629722517;
  -3.345806240867169, 1.049194385545384, 10.13518395385137;
  -9.645160721023654, -6.05756975760313, 27.78476883235974;
  -9.585272440198617, -6.076305960546106, 27.75000786562624;
  -9.607546081470309, -5.470853760399372, 27.86051932030761;
  -1.855571160635813, 1.151737057574945, 6.102184059509884;
  -5.211719790619123, 0.9035072013216009, 15.67111405857612;
  -5.071771187208521, 0.8067242141335357, 15.32874660694672;
  -4.889624745908449, -0.2357535715189813, 14.95033537396119;
  -4.806947441293701, -0.06691138789247617, 14.73768842826612;
  -9.520033916163476, -6.057059315790096, 28.33956171360423;
  -4.844233269518078, -0.4399122477586377, 14.90435395647093;
  -9.685586041715032, -4.060499135380627, 28.93296364434378;
  -5.0709986372286, -0.9108237649873697, 15.627824533843;
  -1.746190317690707, 1.155111831885672, 5.967897155959743;
  -4.29489640125153, 0.9700513331200044, 13.43184853588482;
  -4.977696157137716, 0.8033385019043117, 15.46714160990848;
  -3.914952986325293, 0.9656275856056117, 12.37836521448484;
  -4.758371250290603, 0.3697146250240702, 14.85541821731676;
  -4.965017525668786, 0.6722296353338664, 15.46782945210604;
  -1.657500340595455, 1.160164066677191, 5.755078458521418;
  -4.972403553409503, 0.902787670253611, 15.49879288728286;
  -4.658325105461041, -0.1669712609953623, 14.63613178970831;
  -4.665150760496327, 0.2069029676799303, 14.66358015060869;
  -9.578896080854745, -6.255768736321572, 29.33359337431104;
  -9.644979023775552, -5.894888444296692, 29.5461199106056;
  -9.800689219881404, -5.533356046827981, 30.07407534168102;
  -4.594876130262264, -0.5130054686754767, 14.61381067637731;
  -9.450043088287291, -3.158064263321276, 29.10539505235382;
  -3.059241765906004, 1.115060699634473, 10.056032355477;
  -9.540614275956507, -6.102619337413384, 29.63997400742699;
  -4.061378258403208, 0.928292726501638, 13.21001250749021;
  -1.628239351286565, 1.163333024680822, 5.821814316303644;
  -3.23424075314602, 1.069341245909421, 10.75016928995126;
  -9.381103426503803, -4.656022957673203, 29.53898579187344;
  -4.301554766952624, -0.597583291566273, 14.49922019469185;
  -1.539680606532676, 1.15094964732622, 5.780034365934856;
  -4.326235774085313, -0.5442755373335141, 14.92888859343969;
  -13.70371869902137, -3.390287172154944, 45.77965829486116;
  -4.473378453549431, 0.7470012191612638, 15.54189637443837;
  -11.7676048611922, -2.820608963089527, 39.94025929256696;
  -11.03178007109547, -3.071386606069825, 37.83069378695154;
  -11.57431461548609, -2.921368389044067, 39.81693613684789;
  -4.38885626497842, 0.2456903858113537, 15.75810591629222;
  -11.83168333311573, -2.724915008871359, 41.73367579635006;
  -4.015844457535599, 0.02783408858043453, 14.98257903520579;
  -2.681647820902514, 1.062288151024226, 10.32777910759758;
  -9.277498199956417, -2.097166703227739, 33.92175212315628;
  -3.869721832313251, 0.1744978780691074, 14.69459774993977;
  -4.13551191245444, -0.3146619881386255, 15.64757191841342;
  -11.17647949376558, -7.731882016198177, 41.00460407133479;
  -4.787963386521252, -0.5991534727379835, 18.04763914436516;
  -3.026903159353309, 1.015178855333002, 11.76678486854888;
  -9.459545251093207, -4.363624854676913, 35.02162480802654;
  -10.5444654911625, -3.260708312825165, 39.10436858584466;
  -10.35616177027464, -5.033287618515423, 38.59221719715369;
  -9.229757361759329, -2.248144486216519, 35.025005096603;
  -3.745654007959927, 0.4125222407577123, 14.81507664180252;
  -10.62586943106075, -4.836364460112773, 40.80995165213487;
  -3.663479744750067, 0.04756477908485391, 14.64197067516575;
  -3.830426499873735, 0.1912553862940764, 15.31991226280253;
  -2.910952361480928, 1.023508590748699, 11.85058350290922;
  -3.729996160210112, -0.4766566412640139, 15.01904907293217;
  -11.546717254146, -4.666933973378592, 45.42387511665623;
  -11.51264990634684, -3.672411698262121, 45.39104279450185;
  -1.691504004512365, 1.105378130705122, 7.441679080463846;
  -2.665376406293916, 1.016642793282282, 11.31197809945005;
  -3.528228035979248, 0.1369327005278954, 14.83844622339977;
  -2.095006386687295, 1.050206780562894, 9.337186195982199;
  -3.555156994765495, 0.3141787383951201, 15.35425713210811;
  -10.88061930389143, -3.157684629998354, 45.38101740917534;
  -10.42321717066255, -3.253008200016654, 43.39950825613571;
  -12.61598283596096, -8.536025959718355, 52.76378579772127;
  -12.69637591131015, -8.7060935053733, 53.34631531282651;
  -11.49459209394678, -4.953235806320352, 48.63678000786941;
  -2.91862256913767, 0.9875844814614507, 13.01706999844089;
  -3.535879157007228, 0.349444296181368, 15.61154201853076;
  -2.418700276808939, 1.056269940913748, 10.93859981103286;
  -14.515895167799, -9.476302266621156, 61.5382938269663;
  -3.859219530406385, -0.4707867551126362, 17.08092885609162;
  -11.99804279099734, -7.293067768418788, 51.82617484496323;
  -8.018204177299433, -2.142260508398438, 34.9851212987435;
  -11.808387324742, -4.743105277250922, 51.30275725230534;
  -3.3416420640648, 0.1878098125513069, 15.14177317711245;
  -3.538333512456577, 0.525844727358737, 15.98785898509357;
  -11.52299644386474, -8.874200894364327, 50.59204176342811;
  -3.989375640342452, 0.2106316814254173, 18.00300476022817;
