m=[-8.660684473758522, -2.277651901455165, 12.74323395399887;
  -8.928858847731318, -2.811936316519324, 13.43859562352668;
  -8.943927830749079, -2.475724435488004, 14.05365251717088;
  -8.838076299941854, -2.64819570207179, 14.09651813342333;
  -8.849429515152595, -2.483711707715637, 14.44959986173813;
  -8.297464840124027, -2.617339502210696, 14.03879111745032;
  -8.398322204481213, -2.690272776709927, 14.23267288424272;
  -9.203026100946172, -3.519213531813739, 15.57787246320091;
  -9.347668478900035, -3.565901393678649, 16.0557773371016;
  -9.490125024286403, -3.864293540194931, 16.32820383327092;
  -9.270859771946284, -3.700724906342129, 16.20260922973077;
  -9.033061348636648, -3.424965641619211, 16.15358127526368;
  -9.553124546479584, -3.784403868962231, 17.13380487029511;
  -9.338611270113479, -1.55894790680712, 17.55747893270244;
  -8.817092525833939, -3.143502566281136, 16.84901938115568;
  -8.718043222959896, -3.533000635874328, 16.71580277041469;
  -8.881115918291304, -2.642021300596297, 17.14020797804673;
  -8.795871801816706, -3.688745606325431, 17.24673601720442;
  -7.824443746670818, -3.314257673406943, 16.18347060018131;
  -7.799732710411318, -3.427930095363174, 16.35503113036312;
  -7.771473214795378, -3.532386488568736, 16.45515195855693;
  -6.178564875900996, 2.183364423706104, 13.81997601871484;
  -5.77233210616303, 2.187031815616994, 13.64830312640036;
  -5.676741238078249, 2.281755754033895, 13.58004916769163;
  -5.091446818162662, 2.365122454631893, 12.36588039127939;
  -5.437648949992457, 2.36927824603511, 13.38235337977652;
  -4.639200479933839, 2.307640413658929, 11.8474022306398;
  -4.917495530968792, 2.311363189569894, 12.74233743537486;
  -5.060276244332465, 2.301646413172684, 13.09193151333547;
  -4.722591280079463, 2.337315984529733, 12.3080241408215;
  -5.818118089963355, 2.296337524613188, 15.06952004268348;
  -20.46973261762513, -12.30257186667675, 50.96689580036786;
  -19.72176943950535, -11.18649652587102, 49.14031951306271;
  -4.905121092080138, 2.301665077980205, 12.95796179998411;
  -4.711437284168561, 2.336998190197922, 12.53625727217382;
  -6.347743319162215, 2.166935526545621, 16.59216591102543;
  -4.119176438098333, 2.353810852665635, 11.13603125610868;
  -4.35123312843048, 2.340832295074871, 11.72569540236776;
  -5.002562524778081, 2.321551421446052, 13.42119367161958;
  -4.785624903383115, 2.352536879222487, 12.90218003468352;
  -18.74320308025221, -10.27448712390452, 48.2144722179257;
  -19.78471849124989, -11.38778661379236, 50.83102107807809;
  -18.74179690723064, -10.6340183817606, 48.65943379758214;
  -18.85485171148044, -10.29834467593782, 48.97164006281822;
  -5.245799816488079, 2.236728768108348, 14.31524619024942;
  -4.051930121019575, 2.335676606192477, 11.31435861333226;
  -18.13934530893195, -10.14066581580866, 47.61462419443419;
  -17.96630542712711, -10.23496659094147, 48.10729080442284;
  -18.64355870852543, -11.41443849889289, 50.0485447292691;
  -18.57547233164987, -10.95533313557675, 50.1459100714583;
  -18.07468329048871, -10.23755763507934, 48.8452630027103;
  -17.85177962215482, -10.36036960561871, 48.74674089145759;
  -18.70043963408412, -12.37797911698536, 51.201297879911;
  -4.097347820963714, 2.325346825339685, 11.97517863086839;
  -18.36426494527145, -11.74932190369294, 50.56027097782932;
  -18.27004359325522, -10.57002216750884, 50.39048533032874;
  -4.356327520274699, 2.331900649334661, 12.76553210670476;
  -18.64951031852737, -12.2506931087762, 51.71012063481937;
  -17.45969292901049, -10.34335798178585, 48.66870547929594;
  -3.975539404163939, 2.338774575897047, 11.77851295548036;
  -18.27416126669095, -11.62765657502174, 50.99983159343897;
  -4.661457072648089, 2.290342913467056, 13.68967685052769;
  -4.724654465789515, 2.272322995978553, 13.88208250029953;
  -17.17368033740812, -10.51659630748335, 48.25229688031759;
  -17.50191514148695, -10.29930087822436, 49.33732058429195;
  -17.6795840485947, -11.13718470809418, 49.99349736581734;
  -3.995967625901936, 2.321130778075168, 12.0237001659556;
  -4.311240559581919, 2.329816615419925, 12.98733560737214;
  -18.04268184929422, -12.02025929818484, 51.73086507465144;
  -4.551784369720895, 2.199819410643414, 13.79973627906438;
  -6.78988221027971, 2.136549385330524, 20.37650209802806;
  -17.8351711985581, -12.09535193131971, 52.17829763768123;
  -17.6193136403162, -12.27237945748871, 51.90775178862674;
  -13.0030305663692, -2.94729117935638, 38.84020164265397;
  -3.429130937954164, 2.309934201423186, 10.9821356354576;
  -17.81475475861755, -11.69975996533459, 53.46261891389374;
  -18.88462399087193, -12.52607877796633, 56.91244570591842;
  -18.35401038169231, -10.89859681520627, 55.40594566505323;
  -3.450099205507909, 2.308821264618683, 11.16251475107725;
  -10.64498454486588, 1.197060367645934, 32.60245381778498;
  -10.02415888863544, 1.88272732105165, 31.01874192646516;
  -9.67350583622421, 1.67405097285207, 30.08790981629845;
  -18.32601696575167, -12.20353177614433, 56.88781028106438;
  -9.456052926577872, 1.627709669696496, 29.85970434583313;
  -19.57515412949975, -8.594567734758394, 61.00892440370343;
  -3.315397247709034, 2.263041192578883, 11.09598702225793;
  -4.254148426246798, 2.276106128452319, 14.08706370828658;
  -9.473020517466914, 1.669639679343862, 30.3451177923222;
  -8.774889179448303, 0.7660616776495453, 28.23738555025547;
  -9.249401300482854, 1.360822777633206, 29.71957985079102;
  -9.508362113776618, 1.891558648133907, 30.55662863292998;
  -8.826849115727082, 0.4450147608275348, 28.56389047602482;
  -19.35314272872428, -13.27252711224203, 61.91465289704525;
  -19.56061133921172, -12.55816238301763, 62.62195867741158;
  -19.0969620105753, -11.28710981980445, 61.25151578830689;
  -19.0351984012241, -8.01123262129528, 61.2535373097641;
  -18.56746172565757, -6.456037178776804, 59.75099892411296;
  -5.792514360508421, 2.284476949713966, 19.34565694406666;
  -16.54296573609619, -11.10083694244762, 53.83730096582626;
  -3.141225605207358, 2.240239015593112, 10.96063549084497;
  -7.856087393825444, 1.947698987298236, 26.23852130791201;
  -3.021002350214064, 2.296911668464865, 10.68362421786891;
  -6.009652569636768, 2.154176874190157, 20.39330301614881;
  -18.0717289171338, -9.44715262538087, 59.65479422973289;
  -10.83165523461033, -2.050443348496307, 36.5171177772846;
  -2.935894386945819, 2.224095276827816, 10.58796012779218;
  -8.861836449531687, -1.303775136849817, 30.75978020965449;
  -2.802616017311892, 2.284436066479864, 10.41145583195017;
  -3.862324833287743, 2.229758438265896, 14.09341176717607;
  -21.97052357202971, -11.37593018498332, 76.2758758228474;
  -6.504762453871286, 2.131144212638749, 23.41055164886047;
  -25.07787286040065, -8.196020093901753, 88.48608863996998;
  -28.91075817622114, -7.448225336451656, 101.9722854507871;
  -3.720991515738747, 2.259295513716664, 13.89596760448836;
  -25.55146465856751, -6.402803698166503, 91.52908436325468;
  -22.34249743468147, -6.520385179205015, 80.89761914879055;
  -24.51295527832331, -6.470433160847841, 89.07644645320642;
  -8.677637222600835, 0.5770228262426335, 32.37164913596877;
  -7.702076625348144, 0.396244854844963, 28.90444100476072;
  -3.460286274159683, 2.233391374369987, 13.52187678976158;
  -7.339325210272572, 0.09876833108695801, 28.53243628822961;
  -5.043690498944019, 2.17905372413326, 19.94697893928239;
  -19.92480104098227, -4.744865529124026, 77.11455187253863;
  -22.36641831834485, -6.583738497558378, 86.58325684704047;
  -6.707191535662016, 0.3679803012596525, 26.60063653721414;
  -7.978741187353326, -0.599949690243361, 31.48344374999566;
  -20.15341143480487, -14.80644321881893, 78.49258582404909;
  -5.645479977933628, 2.075571172500099, 22.70754685052875;
  -24.05746840835235, -11.8003829227689, 94.25214294948371;
  -23.37329173476466, -19.19649954871628, 91.92337134905633;
  -21.7131058650211, -11.17749787961801, 85.84555607372077;
  -4.770187068426951, 2.102352748322894, 19.77374294727119;
