m=[-4.432113637474373, -1.226831459376381, 6.964209255304596;
  -4.411561998331116, -1.238164354640826, 7.203323731997123;
  -4.180961242716316, -1.294470911407177, 7.032565132612132;
  -4.201558591876173, -1.345904387122094, 7.120399478153507;
  -4.648518260387275, -1.892834819259239, 7.997993017377845;
  -4.353011018105534, -1.618649523294181, 7.706794338435053;
  -4.475327167402234, -1.696860144282215, 8.003107511601106;
  -4.474391902998741, -1.950983887098575, 8.402956166005742;
  -4.585215677030599, -0.7654363347195183, 8.620642333512985;
  -4.471954195116067, -1.127209190692372, 8.592444537544436;
  -4.501345986206633, -1.044818744491143, 8.884493063709563;
  -4.396184551986433, -1.149898770941306, 8.701046705833488;
  -3.067465428631544, 1.083972576535559, 6.861188562941627;
  -2.87786371285723, 1.090370301859178, 6.804521220739709;
  -2.506057510919468, 1.159981368081796, 6.26302042876643;
  -2.374598169587651, 1.181177387362904, 6.064152599770193;
  -7.728319484260325, -3.622027684083675, 17.68248197409655;
  -7.566856234736867, -3.555878596091388, 17.59242097505609;
  -7.382648530002209, -4.052944560016129, 17.25033867945552;
  -2.526993302562108, 1.149392797965861, 6.537829488825618;
  -7.54255355627277, -2.551915635980016, 17.87304404656376;
  -2.481617333696029, 1.164467063433137, 6.555740828525542;
  -2.175560588059695, 1.17038603405264, 5.862696856738101;
  -2.514225936750734, 1.125549348360725, 6.655349289484876;
  -3.168192784364115, 1.085750696769914, 8.2351003390093;
  -2.501542694623815, 1.160897034219383, 6.711298222876423;
  -9.416227956263903, -5.341031982077447, 23.46221781965256;
  -8.655544099113312, -4.982001096986295, 22.237877417303;
  -8.794278697821222, -4.820771714307012, 22.62214756663094;
  -8.863017797474674, -4.840897904903165, 23.0198849659477;
  -2.344557410099719, 1.151966083941229, 6.885450793938553;
  -2.369788203286332, 1.139749852379179, 6.962963235610943;
  -8.498174809528475, -4.841203196299698, 22.75504936321122;
  -8.865774291779413, -5.428032114507486, 23.80012894205759;
  -8.418558256772712, -4.768297954262711, 22.75042309438901;
  -8.37337737518261, -4.859531446744685, 22.86465920674136;
  -8.38259661811429, -4.849700090888828, 23.11998380075517;
  -8.674080106753962, -5.549612777663237, 23.88137189197998;
  -8.699131995560677, -5.714380408394816, 24.12037405946109;
  -8.230162526904389, -4.875659475236592, 22.94148916004725;
  -8.248379784631373, -5.051036160072509, 23.17518798126823;
  -5.487094781413114, 0.06025460857362069, 15.70658845389355;
  -8.174780798845234, -4.810589377231163, 23.04443700694778;
  -8.3350196122915, -5.250612950651215, 23.56937696530553;
  -3.282576481560783, 1.032917294700788, 9.851043728298409;
  -3.3337301853735, 1.011898462419362, 10.01655207862012;
  -3.088981979378906, 1.065601031691763, 9.390410912454943;
  -8.347997392126567, -5.561539803898799, 23.93486347222457;
  -5.944999750659809, -1.120281478582469, 17.4849575205782;
  -8.102026423981732, -5.36021152279313, 23.57618216600489;
  -3.434542731049535, 0.9935624373776795, 10.53940728294531;
  -6.036767074605474, -1.368304893232422, 18.03189258462853;
  -5.99687746843985, -1.35860640240428, 18.14491771985097;
  -8.39055218152215, -5.510457361358682, 25.18030137579447;
  -8.911316802894968, -5.910832873475898, 26.8559667355909;
  -4.774805347364313, 0.8967990811057501, 14.77515036068637;
  -8.452219548100718, -5.018921267487103, 25.51503498648397;
  -4.663940790696674, 0.8071194404776142, 14.50645012003327;
  -4.497946300057753, -0.2112037024073741, 14.14331596078718;
  -4.457189188133225, -0.04830921086686207, 14.04421248160934;
  -4.572915862763376, 0.7871550028667392, 14.44005408183566;
  -4.472243858419418, -0.4055897270319094, 14.15468192942591;
  -8.713904331225056, -5.802701623550799, 27.04979141558618;
  -4.576493151552513, 0.8066164898501398, 14.65997286752967;
  -8.879427351978777, -3.898556267684326, 27.67407645841579;
  -4.481376126935079, 0.6593246968705504, 14.39926880877392;
  -8.56807338221617, -2.481213883392927, 26.74268391230667;
  -4.405798615577088, 0.3846331742559088, 14.17775559561583;
  -2.796504939668163, 1.102897753346688, 9.339679082031596;
  -4.209178674477582, -0.139920678350633, 13.62535279202585;
  -4.666127363614018, 0.928262245623781, 14.99533981749823;
  -4.318725805839984, 0.2177330445290242, 13.97549785848288;
  -8.861022967522642, -3.608293642572753, 27.97653852761227;
  -4.129087557302272, -0.4678430516827281, 13.5330804517302;
  -2.28755108231855, 1.114601424638748, 7.952808591177531;
  -9.054083433358526, -5.812837237738822, 28.98602854446693;
  -8.880622529757051, -5.248822388927078, 28.48367142324442;
  -8.66167032438821, -3.645386530522413, 27.87246737316229;
  -8.815826730161453, -3.065325027864627, 28.36976110424098;
  -3.61532675430797, 0.9504863732870574, 12.24663488109546;
  -8.617378463827448, -5.78252501542581, 28.04433046011903;
  -1.848365081421372, 1.067079496207742, 6.744582942384695;
  -3.193765809333218, 1.007125702488713, 11.04601557526319;
  -4.986493661242004, -0.9439483198599507, 16.81113111331484;
  -9.132088550185456, -4.773878288994278, 30.14503293221238;
  -1.83851560427704, 1.116301942391431, 6.865899362930399;
  -4.0349469900946, -0.582981858045112, 14.03042729051757;
  -3.886616737812676, -0.4986976254471836, 13.89356631886548;
  -9.318247056974601, -4.824815740919384, 32.35050148323551;
  -3.429378537615508, 1.017479264967433, 12.50379220077237;
  -1.847755184854875, 1.067830047791731, 7.151618339667135;
  -10.50808587979532, -2.540032854909128, 36.65807447449569;
  -3.298273534726048, 1.079111139194907, 12.12034740473247;
  -8.65723824700061, -4.837590644792114, 30.59982615322596;
  -10.82600535020017, -3.53818515154203, 38.19904799610251;
  -10.59497558418378, -2.654937779844627, 37.95275249500109;
  -9.18570755921597, -7.495633102048581, 33.25154603643257;
  -3.703454867359809, 0.190529776282968, 13.89836766555889;
  -10.08452209407595, -2.661907771949189, 36.64565867802524;
  -2.493431758998414, 1.077251223376057, 9.861118717275051;
  -2.766587503636373, 1.017141020992242, 11.1279139418549;
  -3.814064863239436, -0.2867929889611615, 15.04998016115197;
  -1.612801817505631, 1.115925148777622, 6.938556612954013;
  -8.952951047078896, -2.63537449923591, 34.65801493180587;
  -2.860939691647638, 0.9492939395986134, 11.68345144458122;
  -9.136201673294243, -4.855009010564954, 35.74266071741221;
  -10.69847176786549, -5.247686972142699, 41.91438073574651;
  -9.048956652435924, -4.658232425343519, 35.77621370910228;
  -2.627135886221816, 1.017066254598996, 11.10159876446217;
  -3.373719734405117, 0.06897610525721111, 14.08124846390349;
  -8.704263361093602, -4.624703531082497, 35.11971052515253;
  -3.322034366989392, -0.4363987562389368, 13.99986048080676;
  -9.871701983430402, -4.762521833244046, 40.33102170535587;
  -2.404321422154934, 1.012918003055879, 10.61845488162917;
  -10.13099102625925, -3.99524361800266, 42.52353558477861;
  -10.23503429858556, -3.457060160024777, 43.05620807569324;
  -3.189331435420157, -0.2424746000095385, 14.03034010011332;
  -3.160568640253037, 0.1523627179636961, 13.94879464572264;
  -1.747503558799836, 1.090338663380787, 8.29301814934888;
  -3.164026551127514, 0.321285638681701, 14.38427679061872;
  -1.541135528099425, 1.109006536247503, 7.467331431017363;
  -2.149127122099059, 1.042067167803219, 10.15842695323677;
  -7.150209772421311, -1.835238511263661, 31.91691473328493;
  -8.460704308617808, -2.601685447907632, 37.81902519473209;
  -3.620176553048524, -0.1525322544439636, 16.67209362861781;
  -3.147646265817339, 0.3630688690200824, 14.66720970354675;
  -7.42150840538303, -2.128965400592429, 33.49145989930584;
  -10.69990514733036, -7.765439968181371, 48.05012130673494;
  -1.900744683066969, 1.053959502252682, 9.213695950031225;
  -3.381648043582459, -0.4228177600232126, 15.8460917702862;
  -10.21147004707724, -4.690385141198482, 46.36942574440348;
  -2.568091953562489, 0.9830453118833462, 12.29918086448175;
