m=[-4.159454754423937, -1.073020212612997, 5.851089130565007;
  -4.064611590124716, -1.289827071018651, 6.658394147530794;
  -4.404682631478036, -1.786956403980139, 7.39393393844149;
  -4.415642799575647, -0.700598572902907, 8.148760790413588;
  -4.382398481923786, -0.6857266286004141, 8.217406925518707;
  -4.309099860241692, -1.065263866095208, 8.133917306966847;
  -4.158773987885668, -1.872900839972725, 7.882210742275086;
  -4.17019468083589, -1.851852769346686, 7.899295919718882;
  -3.939411790428808, -1.307623410965305, 7.538880825497558;
  -4.176183452407671, -1.865039007524852, 7.994776293191738;
  -4.333001353630423, -0.9767056106766374, 8.421614204311865;
  -4.426100580865499, -1.129031951299328, 8.607621727099026;
  -4.397567964936341, -1.204102614173096, 8.57174307851442;
  -2.932030159070607, 1.126534099643046, 6.365863496947741;
  -2.487000677648031, 1.188964173402288, 6.066391954378745;
  -7.524462436791218, -3.423699012597179, 16.91699946586838;
  -2.412574434768942, 1.192116285228413, 6.062091819660576;
  -7.462995322694717, -3.513794623361308, 17.35328771245939;
  -7.868705219822779, -3.723318942856422, 18.61181859343467;
  -2.212102345325171, 1.190800808543614, 6.367484572647542;
  -2.254995117985489, 1.188814633794054, 6.500588516203794;
  -8.8010075403534, -4.941968019879466, 22.95588673294574;
  -8.930814060571018, -5.208297163104628, 23.58063951144863;
  -8.462978694027743, -4.672826301799328, 22.57694438737772;
  -2.217999791522292, 1.178450887318972, 6.60485942417549;
  -5.128151419415175, -0.805239051893705, 14.05926821064887;
  -8.444677138834793, -4.771029456546568, 22.75853409474334;
  -5.561878492023156, -1.457070494588674, 15.35476074676575;
  -8.257818335649514, -4.972125755544596, 22.61677590598692;
  -8.265397590156168, -4.766708941682467, 22.74744222859987;
  -8.674187121648908, -5.390515321769503, 23.95772845865352;
  -8.109597899948058, -4.647892267958605, 22.53744227261875;
  -8.390287383750971, -5.022491620871054, 23.31450471079931;
  -8.120475383771016, -4.781191411721521, 22.82039778231477;
  -3.015937383802389, 1.096443865338332, 9.066174297011274;
  -3.045269829668724, 1.074555941134798, 9.189321826062212;
  -8.052699454551394, -4.713493215131011, 22.86635260017524;
  -8.010369602883475, -4.818782126027049, 22.99693439024917;
  -5.413608214896931, 0.1621517166946022, 15.82640556994076;
  -8.199177769244853, -5.311487649990635, 23.59420624615032;
  -7.867424880977032, -4.697716350979683, 22.85315542408997;
  -8.035257253947259, -5.146245029062621, 23.42223607037401;
  -7.779216957241498, -4.787686906430191, 22.83342190124991;
  -5.570836700424324, -0.9981100582990308, 16.80394010107063;
  -7.849780169507677, -5.288260517176192, 23.56976989967184;
  -2.331865797010824, 1.161624374598378, 7.652929372281522;
  -5.547240359376319, -0.9867951428569534, 17.05357156652653;
  -5.797842255261275, -1.268358479145393, 17.79648069379722;
  -4.480644452386081, 0.9818858171253525, 14.18959585827634;
  -4.50292830611798, 0.9106056415574896, 14.31567435559404;
  -8.106561554123186, -5.430322358429712, 25.17604411769996;
  -4.285535007289231, -0.1247997796148438, 13.77659143765111;
  -4.234066419917749, 0.04203872965934333, 13.63772737391542;
  -8.434591699757181, -5.702750714861433, 26.33024383395926;
  -8.167431418241602, -4.93619266723905, 25.54058403244833;
  -2.588595139319073, 1.143561560162742, 8.718374195855741;
  -4.259784448524557, -0.312222447768475, 13.78331179773488;
  -3.647890957246732, 1.019377958963901, 11.92893441031899;
  -4.407557176870983, 0.8930328924234332, 14.23665645309798;
  -4.262058159321944, 0.2693821838066586, 13.82697075986802;
  -4.125233538078065, -0.7157319323297248, 13.41439402788764;
  -3.799125039999767, 1.016240304473689, 12.43797234415506;
  -4.270728432469539, 0.4838917189854337, 14.04213862321746;
  -4.347868402686893, 0.769633777053662, 14.30104255733273;
  -4.138813216901903, -0.05028107696169496, 13.68981178229819;
  -4.383963349320312, 1.026751783118624, 14.45324833021303;
  -8.684958930881747, -5.911231222994124, 27.97860056992304;
  -8.453669857206988, -3.715033457532892, 27.35391748364857;
  -4.021815787502463, -0.3959084637884529, 13.4820711648997;
  -2.600553278386987, 1.142356667074861, 9.116246429222851;
  -8.043696371066883, -5.641092795725015, 26.76865736499938;
  -8.674701418630843, -5.683788663875116, 28.89310280566563;
  -8.56336023150855, -5.163713255782892, 28.58582809474781;
  -8.866967284593516, -3.749697118522773, 29.68317724684824;
  -8.618477923397927, -3.013468855603716, 28.89249451953688;
  -5.063325794720838, -0.9154698002038014, 17.62371522362824;
  -3.868148710042495, -0.4972494788902024, 13.82470549811207;
  -1.626870309621115, 1.170262072082716, 6.325921935720809;
  -3.710259806181585, -0.4179055355055306, 13.63985192870311;
  -9.888714528534177, -2.399179060146982, 35.61856223919662;
  -8.137553008837324, -4.270808543199269, 29.58113005744179;
  -3.591697576858973, 0.2839216126053339, 13.89755846751342;
  -2.319182269433253, 1.136881279581908, 9.355638958168058;
  -10.08841725582361, -2.454536014609494, 37.98961275257144;
  -8.737535525537998, -2.50188469217018, 33.23009769883178;
  -9.852474599688403, -2.533326718426869, 37.65425589003485;
  -3.392493865031327, 0.13724915630987, 13.6234281938948;
  -1.568888473399497, 1.213051561762729, 6.739395200761101;
  -2.60356870099539, 1.095312534228373, 10.75121111711234;
  -3.679594129871288, -0.2001853815108515, 15.05604050319913;
  -11.02170891421637, -2.584690625048577, 43.40095045604686;
  -2.081433899094188, 1.119653485268143, 8.945792840658301;
  -2.131033885396373, 1.136715996027232, 9.333189290280513;
  -8.394601085815134, -2.448097440627613, 34.31931659774185;
  -2.403151248780931, 1.069207673109774, 10.47324522127434;
  -10.74580876804371, -8.08779852732747, 44.07003201705982;
  -3.196430205519593, 0.5174632773729011, 13.71095380460849;
  -9.27716775046985, -4.621715238991868, 38.41344957838194;
  -3.414626663119381, 0.09954854313094121, 14.68631879235007;
  -10.07898651781306, -8.526497800630395, 41.8357088398927;
  -3.261817398741524, 0.1594351592428377, 14.14338477616182;
  -8.934431997618196, -2.921186214109304, 37.21134994206042;
  -9.421297390907991, -4.940907670628293, 39.35708778283978;
  -3.196423554334184, 0.2951279616245018, 13.91615734963643;
  -1.460288453885062, 1.162665015672354, 6.821786361615971;
  -7.889772319859235, -1.973293975745623, 33.58735390309531;
  -2.276779086384091, 1.100426479888295, 10.36184923247533;
  -9.471323094433284, -4.639039478280357, 40.98702274305548;
  -3.029939445215652, -0.1619800152284075, 13.89575057763307;
  -2.991274760159311, 0.2425853805379351, 13.76638642021427;
  -9.78371465400209, -5.435204720625571, 43.59203044060273;
  -10.19452567265604, -4.41051868270546, 45.45765561310741;
  -3.021423802160946, 0.5653610281081553, 14.21812189259861;
  -2.97804988143261, 0.4122845381851739, 14.16427444505715;
  -2.052071608492789, 1.143794578106429, 10.02877443705377;
  -2.38563275964228, 1.045839749030336, 11.64713214050955;
  -3.450549216645016, -0.06051721248020102, 16.71742591420113;
  -2.988797672173897, 0.4620050822672733, 14.60662823536584;
  -7.625838122597073, -2.301925826093626, 36.36134986100483;
  -8.644873846697864, -2.88938774403663, 41.2413556269067;
  -9.972582379419549, -7.486861086000658, 47.82469117216446;
  -3.880182575992023, -0.2217512702743315, 19.08481379559876;
  -2.951407280740527, 0.6355935764527795, 14.84595530032901;
  -10.1250671227439, -4.724262337987685, 49.15335020920479;
  -13.42101342814662, -9.820128699107112, 65.91136649956103;
  -10.49834468863518, -7.032386500219771, 52.17045470210667;
  -11.51266336089608, -4.999713791268969, 57.70061234867242;
  -3.265148494800722, 0.2652099425329887, 17.06518438376047;
  -10.89881888565655, -8.007287351370398, 55.62383174365007;
  -3.215687407601078, 0.5579665591949258, 16.99363574628634;
  -1.304764070309325, 1.148882247698342, 7.489913592849264;
