m=[-8.56999601962676, -2.43848344232336, 11.12056532290562;
  -8.684160015988555, -2.078345369576133, 11.90308011524928;
  -8.274393817249232, -2.772743969388127, 11.66719134713233;
  -8.489393888956419, -2.800892735856317, 12.13069728287892;
  -8.471482525776324, -2.759349431033511, 12.70895676882619;
  -8.636885032813888, -2.347895317350688, 13.08525925357256;
  -8.558745193968052, -2.397441141003309, 13.06101275443942;
  -8.566261568339121, -2.413670327155623, 13.32028726478808;
  -8.644859198567211, -2.38706420145915, 13.64729801555613;
  -8.118527944507532, -2.534770904875816, 13.0357947572998;
  -8.454337067369638, -2.554470304682646, 13.68927062446466;
  -8.253259321574113, -2.619014649017591, 13.51997659464847;
  -8.880838713952285, -3.137093621228572, 14.73621479991188;
  -8.900342515811351, -3.285661622658183, 14.8041021752057;
  -8.961713995874789, -3.635719881637232, 15.04360854222764;
  -8.712707174855961, -3.276969060558164, 15.19897315717313;
  -8.939124071418632, -3.52769738309339, 15.93872048264552;
  -8.881078347415096, -2.948707889556651, 15.85946816636341;
  -8.502604221311097, -3.830643030351288, 15.32598648468967;
  -8.54299167230228, -3.798711416062589, 15.41821447434766;
  -8.855493330257334, -1.405038013972899, 16.34219526006607;
  -8.856892142028135, -1.385863657419931, 16.60750092139612;
  -7.999771010209169, -3.099100775583152, 15.11928304566568;
  -8.593693887422718, -2.124469580995325, 16.22157705989256;
  -8.394840937890965, -2.571203871179418, 15.89986426616019;
  -8.606814204888861, -3.822016462162158, 16.30326100670901;
  -8.022490175848542, -2.662934601979458, 15.35269745254627;
  -8.387332987352203, -3.02582576993098, 16.04631942479108;
  -7.723546323907789, -2.858375156892326, 15.0282719723308;
  -8.442473495939346, -3.335104848742285, 16.36378129210493;
  -8.636761178630559, -1.946819862905156, 16.78639462234709;
  -8.568920099604007, -2.185803147449517, 16.66433500087882;
  -8.772556533378959, -2.402022740534446, 17.09947437889253;
  -8.23075799870667, -3.840854246361458, 16.12489144598228;
  -8.580480493514161, -2.525409140022766, 16.83849545476399;
  -8.120511727536586, -3.894578452520532, 16.30151396921102;
  -8.012715777430968, -3.578821906941826, 16.21571227682975;
  -8.044839905426827, -3.96438861321906, 16.4600747006281;
  -7.235291211381258, -3.288550306322287, 15.02377533666891;
  -5.888652161345215, 2.262516788979714, 12.78511945866625;
  -5.561423810230811, 2.44193638720437, 12.46542789123848;
  -5.532274095724175, 2.280938958827132, 12.70753120976809;
  -4.839406650848391, 2.433970157125234, 11.3394625949824;
  -5.963489367750413, 2.25915718935353, 13.75725688831542;
  -5.032552913962666, 2.449653670110093, 11.80281149912954;
  -4.977958935054101, 2.37982035294192, 12.14243739627712;
  -4.653793243345378, 2.509656289375429, 11.44420797087642;
  -4.47082992525677, 2.401402548141381, 11.26504320243559;
  -4.736313349346019, 2.421013354542908, 11.89957229121138;
  -4.841220808969769, 2.392174137131758, 12.16456770836872;
  -5.145357369421944, 2.413112944822017, 12.87672990496578;
  -4.256481481128122, 2.419153865533823, 10.8858633531386;
  -5.344539165672619, 2.317786209309808, 13.60240035013587;
  -4.806701178272928, 2.457227634716265, 12.33896285331307;
  -4.145274015193884, 2.42444286461296, 10.77407306699224;
  -4.555157539931931, 2.457314902637295, 11.74805462559731;
  -4.957938206838308, 2.412351319394942, 12.82728823973643;
  -4.556082355847766, 2.44094428596617, 11.94334663708568;
  -4.788295111401157, 2.423504756481089, 12.52452352591478;
  -19.03258292505302, -11.99665805873166, 47.4405965190379;
  -18.38935068316645, -10.55634983089068, 47.00738669522568;
  -19.14029155038936, -11.64817858879993, 48.91336408438306;
  -3.993893437046838, 2.403322099147135, 10.96448728774105;
  -4.202303755905145, 2.410008389430482, 11.49458435078254;
  -3.927155163322805, 2.418038286280689, 10.85315025318652;
  -16.86045502236146, -9.3401990372702, 44.51633616733146;
  -3.86771695637672, 2.398480848826529, 10.96448161947182;
  -17.0419790851618, -9.409713882424793, 45.46340336743034;
  -4.14740328298014, 2.401175771329196, 11.93014082694629;
  -4.666248810540541, 2.385257590916734, 13.37809212016589;
  -4.496169142389782, 2.420340931070065, 12.94211712703214;
  -3.763288721224938, 2.387733551785886, 10.99571124922022;
  -4.533885197851581, 2.390226492358593, 13.07006024796636;
  -16.98449384879616, -10.22655571701262, 46.51767278489329;
  -16.40614117253585, -9.46152910039914, 45.15182051992029;
  -17.1598060128735, -10.66384618336471, 47.39463964681499;
  -15.99538162717908, -9.167508858668436, 44.4528809564484;
  -16.03699114630926, -9.442295027681107, 45.06762226280978;
  -15.70565486374212, -9.193003918406125, 44.5975966143879;
  -16.63308542070221, -10.81422181808046, 47.16294356882571;
  -15.82817325786138, -9.521722737386062, 45.44103205893353;
  -16.07543727994501, -9.993125377387692, 46.50835864119198;
  -10.50565515709993, 0.3146718327413516, 30.7127432747493;
  -15.59250415293862, -9.310436746474762, 45.29282786283459;
  -15.99069005627164, -10.24136584711631, 46.61178921710165;
  -6.139286308751428, 2.166312657461299, 18.52574019018589;
  -15.4921379220076, -9.534572218449545, 45.47225296194693;
  -15.49866352415786, -10.14155594414162, 46.19425432387251;
  -11.44455877320941, -2.050487177889214, 34.52150735158778;
  -15.56949330848366, -10.48889713568335, 46.74900020269686;
  -15.67041593824776, -10.84394808110082, 47.37489789618101;
  -11.41871824331929, -2.498003130689444, 35.04976331164157;
  -11.30527100790948, -2.01108763935747, 34.75516395940662;
  -13.5881831220226, -5.995192116873982, 42.12435446455988;
  -16.17775249869289, -10.83695109403214, 50.24223993280665;
  -9.750329918822599, 1.395330752390365, 30.64358144019317;
  -17.30868606326548, -11.702655603761, 54.03248203518288;
  -9.046349159227859, 1.982411688898792, 28.64856605481015;
  -16.04321837393255, -9.696122665866266, 50.1691591943065;
  -8.972263094078866, 1.814417826707501, 28.52454846172767;
  -4.693014823816619, 2.337836258280858, 15.40196311287638;
  -8.524024871475543, -0.2482295497720105, 27.40194814858728;
  -8.4437837861724, 0.08383570513183956, 27.19702759937891;
  -8.791060473928418, 1.781192131482454, 28.39561752766143;
  -8.362122864873207, 0.528525617059507, 27.12840229318227;
  -7.345212539971518, 2.05256896516542, 24.01951145088639;
  -7.580969214180183, 2.027858093984873, 24.8193687849426;
  -17.03974686022979, -11.5977386276345, 54.89355505410171;
  -8.797032144845943, 1.825192518540205, 28.86149111411594;
  -16.66236141136727, -7.322409222305018, 53.91514772021818;
  -8.627363115545579, 1.527164450636884, 28.37718984243718;
  -8.809122165507985, 0.9981110564212273, 28.96435972291313;
  -5.175445534445095, 2.28635234610854, 17.43087210286275;
  -8.12286594761151, -0.09868201981028564, 26.86772756536223;
  -9.011869330199154, 2.110636464478791, 29.71073774350621;
  -8.35995110728549, 0.634265861621318, 27.66787843617786;
  -17.43895770034052, -11.42625495721529, 58.08448883063918;
  -17.19898680019125, -10.37100317226026, 57.41289246073132;
  -16.70325247741764, -7.063535442761309, 55.91602945772837;
  -17.32829397427953, -6.058874278771636, 58.09119001460589;
  -18.53974491475286, -12.75393886483756, 62.73006593379202;
  -3.327223273351813, 2.133970808809343, 12.06470049845286;
  -9.328884555071054, -1.686700091204795, 32.47067469450494;
  -18.11912861014745, -9.666602706869847, 62.37948276441922;
  -3.402073494697019, 2.301796839815244, 12.64194301360192;
  -7.736084981746672, -1.010351590401356, 27.62015914379413;
  -4.4136813339329, 2.305775478012344, 16.57207525865852;
  -7.34497145848998, -0.8273016961019972, 27.00196976703326;
  -19.45409036327546, -4.719910368440602, 70.07247771303557;
  -17.06820580307883, -8.957857365931615, 62.04528746660613;
  -8.325394673619547, 1.839858338623271, 30.95174041424956;
  -21.35570708099492, -6.950314583490815, 79.15847593044283;
