m=[-7.489027672439395, -2.136153319511314, 10.49163655112868;
  -8.141714531500078, -2.213792040001513, 12.11194709209153;
  -7.678944335121731, -2.319941005731126, 11.7783656265012;
  -7.675200274233842, -2.365337128475366, 12.05217959794809;
  -8.301134966625098, -3.293349950352335, 13.46113141000773;
  -8.104057461011673, -3.155466136032125, 13.32673760817688;
  -8.332466819517538, -3.443657869591922, 14.28110062644748;
  -8.444102306961748, -3.206233123025684, 14.8562448504347;
  -8.388010706962916, -1.205476606243394, 15.06489944255134;
  -8.197590858653257, -2.065310959648854, 14.86908387223202;
  -8.255250191741867, -1.169172040811383, 15.08552260596657;
  -7.481904213155207, -2.736530827827237, 13.777087285105;
  -8.074955359361914, -1.507511216925456, 14.84371990041076;
  -8.222282427636545, -1.934528398865155, 15.10625046416208;
  -7.674417045780488, -3.379629890410255, 14.17398621527078;
  -7.369666647530538, -2.367866352381634, 13.67725310802843;
  -7.376123341962819, -2.546697206252005, 13.78302437023463;
  -7.474768935465506, -2.697763069826528, 14.09075038695688;
  -8.268292927504806, -1.752552610444373, 15.68229827935281;
  -8.716375018284621, -2.11827455441639, 16.53642703479974;
  -8.383505801320149, -2.196639845492372, 15.96653718403231;
  -7.669427564514677, -3.629649199992603, 15.0063234761828;
  -7.567011362087896, -3.338962644340551, 14.93503412182669;
  -7.62491066839614, -3.712630235564182, 15.22228348439667;
  -6.89816464922794, -3.071408427093497, 13.88517850547131;
  -5.529685628793429, 2.318863045356877, 11.521880716328;
  -5.290133759594395, 2.32560067013936, 11.18146757632933;
  -6.68465779106728, -3.267331866171768, 13.95993550003473;
  -6.557667722299974, -3.142877053408308, 13.71424371646283;
  -5.114132644724437, 2.306920350678708, 11.28953393283471;
  -5.505492449331976, 2.293482873296678, 12.28666855843703;
  -4.682714084180087, 2.439840922338992, 10.95227620884096;
  -18.24774159075329, -6.29132654659219, 40.92051480725027;
  -4.525487479456133, 2.435402277320516, 10.91246449709146;
  -4.697756587948278, 2.460497263231957, 11.2927880367373;
  -4.747586232328501, 2.435321869704064, 11.46189123840537;
  -4.577621915742153, 2.437697397954615, 11.17377581766971;
  -4.550593918640642, 2.439056784716652, 11.29966564590075;
  -5.072240179163401, 2.421586141398531, 12.51920612222681;
  -4.445624402517043, 2.463347880234188, 11.21176345424545;
  -5.194299754123443, 2.176885479776983, 13.07054614171567;
  -4.594904567794373, 2.4118046333872, 11.99127370655534;
  -4.001531389397227, 2.434607958407085, 10.76490963586734;
  -3.801822642985031, 2.410790349008076, 10.53477789478686;
  -4.06269985904633, 2.404629571142363, 11.34732208194379;
  -4.355048855562965, 2.449407837452576, 12.14167037154634;
  -4.185607444448135, 2.430407440158902, 11.72002166457367;
  -15.94711574375992, -8.722876312145244, 43.47412978996874;
  -14.77038756298991, -8.886392928442557, 41.44508880966779;
  -15.7473251779498, -9.026277097322309, 44.33701551308393;
  -16.55290945481646, -10.29538886528164, 46.87662717244666;
  -15.47818464596523, -8.83262069829412, 44.02831609820682;
  -15.55807705266936, -9.117373655850537, 44.76341801896173;
  -5.605214113204267, 2.230081502168877, 16.84217529254472;
  -15.59195058127468, -9.088423790894284, 45.34457065459758;
  -5.544014375768999, 2.394151019938607, 16.79790726799702;
  -15.31682604086305, -9.188888440302227, 45.07358256998774;
  -10.44712832625508, 0.6139030761834472, 31.03490906694081;
  -14.97320609697328, -8.913661896563827, 44.59858687405297;
  -15.21661403861154, -9.761087126414951, 45.53771584238928;
  -5.861888928613323, 2.169650189459567, 18.17116217218164;
  -14.68889216741836, -9.025217271298429, 44.22960453397362;
  -15.54790264651013, -11.2219327136341, 47.22377381791068;
  -15.31183652538177, -10.40264270979673, 46.49988502144912;
  -10.06594893503925, -1.591619704489676, 30.98688420919915;
  -14.85280435850469, -10.03609147260044, 45.82591226420746;
  -15.39003564418568, -11.04579599458934, 47.44612727356941;
  -4.283851712407413, 2.377305205072699, 13.8940223263251;
  -5.405830602046163, 2.296890456970474, 17.3803752574775;
  -10.12308417875846, -1.593038110573855, 31.79407630509586;
  -10.93236782898029, -2.194162534259234, 34.28888069540177;
  -15.69770930646574, -11.88842851663158, 49.11533150535885;
  -15.50847014185288, -12.02948497442388, 48.87683369808615;
  -10.24492790896527, -2.058556089723056, 32.6026943630142;
  -7.097621512864293, 2.082053438311927, 22.89791744017114;
  -8.236240190057194, 2.138059728984063, 26.54221855469033;
  -7.969196929023443, 0.551677389732018, 25.75684236962622;
  -8.372601982615322, 2.017390405135383, 27.08009685118894;
  -15.25322745614197, -10.2318657907096, 48.78668455380561;
  -3.537657093321651, 2.292779333353834, 12.04368932012642;
  -7.930556755757084, -0.006683152291242221, 25.90289099701884;
  -7.819002862902378, 0.3076553653889242, 25.58519448604069;
  -15.50830420034369, -10.49194298136578, 49.92094575005088;
  -15.6347259872021, -9.445070107495136, 50.40914023265673;
  -4.772262723763309, 2.369585925277028, 16.02893753763848;
  -7.818513928412757, -0.3722898584196308, 25.71833644826925;
  -6.690137601597987, 2.169745201628306, 22.14438160532925;
  -8.146187316798969, 1.969240623856835, 26.78316699034539;
  -8.037179620795801, 0.7696560980527025, 26.49738120008344;
  -7.031521987647992, 2.190057378418286, 23.33230874737709;
  -3.817799049699022, 2.317295471470212, 13.13585783492214;
  -7.618232132155805, 1.137899666207961, 25.53570137522852;
  -8.100449515575365, 1.754360435144379, 27.14745436177679;
  -3.227608501802687, 2.281883557611616, 11.37576397627528;
  -7.759878122704431, 0.134603251176819, 26.09421956184621;
  -7.851715132039608, 2.178151055252501, 26.42813369788584;
  -15.21600439366123, -12.82665743042465, 50.49054290739731;
  -16.47120045407449, -11.25798535638269, 54.85291981388679;
  -15.88145352605277, -6.860258327413158, 53.15064283345664;
  -3.170520088931304, 2.378648429377737, 11.5342000799853;
  -6.39849676624547, 2.234750167731043, 22.43598081391059;
  -16.16683450796865, -10.61492566402979, 55.78734188056816;
  -16.05159240059181, -9.662368046384971, 55.51334959677705;
  -17.52199239215368, -7.251004443609934, 60.78637774252266;
  -16.00771841171868, -5.378349100264234, 55.64523979076525;
  -10.25419359497125, -1.658973434947168, 36.62630553917148;
  -7.302409239751357, -0.7555630588098887, 26.62275722167769;
  -3.907826281675751, 2.302690411801616, 14.67726531614474;
  -3.17990106801455, 2.314767660690356, 12.15772185623359;
  -2.996401388448221, 2.332127955083265, 11.70337773302299;
  -6.803948959981615, -0.5647817090402535, 25.56191922946153;
  -5.790084758294435, 2.276983517936833, 22.06892232228542;
  -5.670661516559714, 2.446474262971568, 21.76778538769322;
  -19.15426119118523, -4.291133834865814, 72.04431828012694;
  -14.51761764315045, -7.56321908682397, 54.99809659546911;
  -5.845714007451326, 2.200113538903992, 22.6662214000917;
  -5.767509798634294, 2.257453011865048, 22.5809375883894;
  -6.62853529706776, 0.7883869639083735, 26.30976794075062;
  -4.165322165886765, 2.33189768923005, 17.01282114960867;
  -18.82621401519841, -4.208393862770523, 74.28648780703983;
  -3.327102816916569, 2.320871797065718, 13.91720262939139;
  -18.72687648303278, -4.461525926690979, 75.00865970573855;
  -2.857313574559738, 2.489554906484061, 12.21982223946015;
  -4.711285369956166, 2.291628049614697, 19.84960480901592;
  -5.203746053426743, 2.253220295376183, 21.92012135684804;
  -6.695860421479991, -0.1430762387056973, 28.27444164576153;
  -25.5541515157279, -5.468661759237067, 105.6924653832925;
  -2.478641365771702, 2.326012499682932, 11.07544741386234;
  -5.377763813401137, 2.388519715864383, 23.13361673958003;
  -3.765585678174218, 2.303667753896445, 16.79169335828264;
  -15.59942830889104, -4.182707966395975, 66.92922041117345;
  -4.322432937771204, 2.229880514931521, 19.26318602459927;
