m=[-3.618558341873959, -1.075532987141127, 6.441521515637317;
  -3.957642064105747, -0.510160010033202, 6.979772789523382;
  -3.579316820325968, -1.122073726906744, 6.397981019174783;
  -3.496201566930515, -1.179981643565316, 6.295977042862652;
  -3.998438402716729, -0.5109479534258403, 7.081841343918533;
  -3.89034966325565, -0.7782103850866783, 7.176624064634721;
  -6.962104614399649, -2.434029201700351, 15.33407177841784;
  -7.056875429492658, -2.933369564272485, 16.37944855116129;
  -6.661717284215594, -2.940245036479, 15.79528408866694;
  -6.144592093835417, -3.062435893883273, 14.70573741014537;
  -6.31543887989353, -1.973839844037761, 15.63402983307288;
  -6.316438374617828, -2.05128386565455, 15.84143139976908;
  -7.613823180732737, -4.208019502130991, 20.75165237374327;
  -7.863740865548293, -4.734977533243233, 21.66779998097519;
  -4.978862267039315, -1.135257520292708, 14.10464505100938;
  -7.675631890328349, -4.436159278449121, 21.23582696792674;
  -7.654034894577123, -4.510134540661633, 21.2298929387172;
  -7.487124625973795, -4.071040313236046, 20.89573840286193;
  -4.866129556634693, -0.9415497973134738, 13.99344499766886;
  -7.324602023947013, -4.080850109593005, 20.66953425035391;
  -7.29728125698759, -4.211120419312213, 20.77049922395412;
  -7.291855536289782, -4.343913920158639, 20.91580912269172;
  -7.18887327862456, -4.091842995910186, 20.74095365852451;
  -7.381424015182281, -4.58283135968095, 21.45768370926963;
  -7.034903245327202, -3.98399525960878, 20.50892081480744;
  -4.604632127968359, 0.4097925723819768, 13.92101304025195;
  -6.898706565603828, -4.023371819608279, 20.36435297975264;
  -7.051120114248427, -3.981110011878423, 20.87092058023232;
  -6.776704501479567, -3.927114250610283, 20.23068839239275;
  -6.842232796381491, -4.090947544933298, 20.67994108749832;
  -2.209267399250755, 1.225927733193625, 7.374868723817192;
  -6.767280099474233, -4.012244336592352, 20.7055028977279;
  -6.929095261264175, -4.444270552162842, 21.31709381930799;
  -6.719332308959291, -4.113121556075435, 20.78310994283758;
  -3.308457278104386, 1.121129952052709, 10.78455209569542;
  -6.729380584068641, -4.267134967203093, 21.00986097239698;
  -4.772534443821234, -0.6481906693109335, 15.30221043642949;
  -4.938129880977004, -0.8866462484130709, 15.84349669761092;
  -3.807551582548496, 1.151553421208283, 12.46592561814955;
  -3.828012920009809, 1.086190090946639, 12.59293577481464;
  -6.82203847452146, -4.612317701192627, 21.65768329677453;
  -3.229323030560577, 1.20175361336085, 10.7960607988264;
  -3.197520317274273, 1.148652772642593, 10.74378433580257;
  -3.756491553553231, 1.075790675496019, 12.57181660089346;
  -6.783248080492175, -4.8674615856016, 21.88432830823598;
  -6.942750933768385, -5.286625876801834, 22.39633555117555;
  -3.554259003153621, 0.6733184976716626, 12.11340099862708;
  -3.623978592761658, 1.181842198061555, 12.43150308759271;
  -7.26379641856673, -4.871643200027724, 23.96916963342789;
  -3.63001745841992, -0.1720238846853273, 12.58640238515583;
  -2.38283520460074, 1.216510263086961, 8.636442945533618;
  -2.934332087249992, 1.179528562906034, 10.4314929135874;
  -1.853000488835749, 1.221047439190143, 6.91547798531038;
  -7.277847037968248, -4.288694383332821, 24.71275699814446;
  -2.998546093925412, 1.178694689738678, 10.82327190066948;
  -7.157906157272382, -4.892572738463197, 24.68695407841644;
  -7.214014119117264, -3.798156907506956, 24.95497020146714;
  -7.066218184134578, -2.970271508851958, 24.49563278397584;
  -7.614874409495626, -5.411195595522672, 27.21280035338771;
  -7.400335053730459, -4.858075588569333, 26.50601126476838;
  -7.335993566948175, -4.405524310043137, 26.34865902757262;
  -7.240355057607714, -2.900918700465446, 26.12267707442045;
  -7.178190892690378, -2.290665535989106, 25.91946609962026;
  -2.542205725257589, 1.259071309061818, 9.936154935543563;
  -3.178299988587214, -0.1726595724520675, 12.20880977570321;
  -3.178797684056965, -0.1533948134656107, 12.21179694923381;
  -2.697657237991474, 1.221990731322111, 10.77873985905196;
  -2.936420250120924, 0.4808103931998756, 11.97159630838302;
  -7.510646617610697, -3.870779727185563, 29.6834858961188;
  -2.168852988273697, 1.21213144249629, 9.312655168070359;
  -1.751875198638802, 1.222564205506457, 7.921706140154786;
  -2.28740308080265, 1.180680765602327, 10.1159378659631;
  -8.836952155170305, -1.762755849698959, 36.63046006773549;
  -7.288726062567213, -1.812761530756601, 30.43162710604905;
  -8.318657419268407, -1.774379707934589, 35.04053913177466;
  -2.015898928085445, 1.197864152237487, 9.175117726181744;
  -8.029158202489834, -1.519639074793225, 35.11717922711193;
  -2.816506038559037, 0.7552818338967398, 12.88946674507633;
  -2.699107247980649, 0.3767035532765788, 12.52579641792609;
  -2.737703965900008, 0.5177863135859157, 12.74945465374187;
  -6.956761442477338, -1.732585564260165, 31.50969294454299;
  -7.017589381418936, -3.72964175143226, 32.03037434958158;
  -7.551046188621688, -5.838666851042043, 34.5438121277608;
  -8.332530103250782, -4.033683450970472, 38.38570345143527;
  -7.344263941904847, -3.765238604946306, 34.17831017197598;
  -2.437492619470753, 0.06347124256153838, 12.03475128213068;
  -2.443480987702907, 0.5991604330604085, 12.07927374860233;
  -2.428769261150563, 0.4399406617309783, 12.03847104601095;
  -6.87410250600466, -1.394343312246164, 32.5887103231379;
  -7.192109686945057, -3.83271762412175, 34.23608168794679;
  -2.071366886472709, 1.217730299316559, 10.51831171598696;
  -2.330846524910478, -0.05020252544536617, 11.85169433157107;
  -7.747822653131276, -3.649258549904273, 37.55155469855133;
  -2.409699843287922, 0.7455685510514549, 12.30000271007791;
  -2.457091461067473, 0.6169706455024424, 12.67970114167282;
  -1.260125019246919, 1.202011312805001, 6.896861166238704;
  -8.125532927283439, -2.686483967850404, 40.67443195322096;
  -8.08995114870689, -4.437342266673898, 40.60827913813341;
  -7.394797326866779, -3.020522078115729, 37.21412229771003;
  -7.677956029407127, -2.81378966032203, 38.64469217407937;
  -2.633427882209615, 0.3115617069357231, 13.89084276874892;
  -2.668553456961779, 0.117914085498471, 14.06781964562548;
  -2.388296572570325, 0.6535794579193465, 12.74901076700331;
  -3.163323407464491, 0.2331109351430715, 16.86229754292566;
  -2.753928207388663, 0.0815930839494538, 15.05539162812935;
  -2.388635624505669, 0.8372387859938374, 13.21141414633126;
  -2.566063822137964, 0.3174670022151835, 14.15867017670247;
  -6.175666623120133, -1.541210300198044, 33.40292824012097;
  -6.277436772148697, -1.824261084733761, 34.06207519396262;
  -7.844695429802927, -3.489032916857451, 43.57589951540217;
  -2.701689051123205, 0.4678302738317849, 15.67238054095134;
  -2.528450076222633, 0.5022024305149199, 14.7531986604846;
  -0.910483384260762, 1.175673742803374, 5.841872070570963;
  -7.645374477106958, -5.17145574881132, 43.59241410875553;
  -0.916493793756153, 1.178677271235077, 6.032688327593927;
  -8.12636933634176, -3.309866255224244, 47.00533446502297;
  -2.54299989447849, -0.08794947860822086, 15.28703733905092;
  -2.479930011124374, 0.4961653313835393, 15.14587068612308;
  -8.412415581044707, -6.412381480691139, 49.71858359542097;
  -2.599323401391001, 0.3799041050825176, 16.78367637140607;
  -2.343654457169784, 0.2849190105650263, 15.32077264813688;
  -2.237756903411731, 0.6658269140468339, 14.70938642130538;
  -8.523220234100139, -1.981186810507944, 53.84004172201996;
  -8.595639974830162, -3.3153957829868, 55.0330862575381;
  -11.15667201058313, -8.001319745914172, 71.55642363463694;
  -11.55721951537548, -10.39612921730298, 76.34955304270459;
  -8.594393418703076, -4.81782485417376, 57.10759898730777;
  -9.545809297568516, -5.828790601672961, 63.91231833525859;
  -8.461599899146691, -3.752417434871249, 57.9446594065416;
  -3.245562934528695, 1.198097558174666, 22.94102919397362;
  -5.9427294821266, -2.021605792075262, 41.51785780009585;
  -8.723918762650499, -9.122396593484673, 65.24959852203666;
