m=[-7.130096962323331, -2.13691780653317, 10.63922345887531;
  -7.972773391746729, -1.032501266256467, 13.8718697220364;
  -7.757921555353052, -1.868895446602609, 13.62381064232321;
  -7.097398713975371, -2.224951024482994, 12.68650542462864;
  -7.767681499458549, -1.352267748237111, 13.82640709923685;
  -7.912318477851878, -1.843546979427826, 14.65315062402484;
  -8.047511831274729, -1.94935976838946, 14.93186228685469;
  -6.680534934803314, -2.886541436615933, 13.00134257169503;
  -6.427503315489404, -2.965962371733641, 12.70315161219548;
  -5.036176513440617, 2.371359212485872, 12.72248211137221;
  -16.32984732416013, -10.31537733125336, 44.35244286849805;
  -15.13711958343778, -8.36600652539255, 41.25657190597539;
  -15.00138628753761, -8.156836086196302, 41.86721327667173;
  -14.55175352721579, -8.107406352203272, 41.06406968598885;
  -5.372180056007172, 2.453143203207657, 15.91255151004409;
  -15.05148923215923, -8.966493270375725, 43.17338354076536;
  -5.56092203948683, 2.66969169561576, 16.70111748017537;
  -14.84201611539954, -9.214815021416074, 43.1455077986414;
  -14.2333935614629, -8.06063288996619, 41.49474858405895;
  -14.82539620730559, -8.80195093852047, 43.27778643351883;
  -13.96688305640647, -8.145579633302118, 41.22896573188173;
  -14.33305152176381, -8.092537637921842, 42.42502965998558;
  -13.20984220134887, -7.655130830317891, 39.43571705536529;
  -4.008139017049482, 2.458584930833978, 12.76628046184753;
  -13.537996200744, -8.094321542236822, 40.9171935836824;
  -13.83348256051131, -8.600292225491181, 42.2410362321327;
  -13.53351073956517, -8.023866460507643, 41.40779481793123;
  -13.8015544858798, -8.852215168488796, 42.45994906037905;
  -13.48729468842922, -8.256011157857445, 41.71663425059694;
  -5.278555265320867, 2.369263671257002, 17.00823722531889;
  -13.47084053448616, -8.5419295229649, 42.0574350454953;
  -13.90057945708256, -9.477442898283382, 43.45610277621622;
  -14.23829994877309, -10.30062687915832, 44.48849415809301;
  -13.78936900360065, -9.942470370406776, 43.79069602134224;
  -13.56257997079018, -9.169536042158439, 43.05664103062033;
  -3.627953714741553, 2.440194066858129, 12.24752298370125;
  -4.418804908118464, 2.452005350855983, 14.75063911438905;
  -13.79953221322689, -10.50778931610159, 44.51534511968077;
  -13.86149515221018, -10.83432221450162, 45.06670463134788;
  -15.49591585756094, -10.39271598013537, 51.13362412881219;
  -14.90816362657155, -10.10553631958788, 49.56584552454291;
  -14.00604107086039, -8.437842662508365, 46.66151514178741;
  -13.48795343267605, -11.52069632865668, 46.33532818004778;
  -14.54542189053965, -9.942088237465567, 50.16581027653187;
  -15.31521807307611, -8.063416615733942, 52.97893853988627;
  -13.72728967258411, -5.77024036701578, 47.58679086556776;
  -13.28325920362982, -2.97428402130088, 46.17948192097711;
  -4.739615098157682, 2.419718492851809, 17.17844998260684;
  -3.671356119751183, 2.419265410552522, 13.70165986212233;
  -14.93266168143081, -8.967592930777412, 53.63358179467432;
  -14.80786605070054, -5.932915609618987, 53.42570908829619;
  -14.36108233875785, -4.582831087202375, 51.85590525494889;
  -2.785791567490498, 2.40332859292645, 10.8743132300988;
  -3.092966284021866, 2.427548858193835, 12.90630985015511;
  -17.71583862369082, -4.747570544489745, 69.71922451503612;
  -12.85645930385526, -6.62586386637644, 50.8111415500755;
  -3.919842997709401, 2.492023894467345, 16.15619053075917;
  -3.73583625817269, 2.464868213953015, 16.0119453296826;
  -4.265017598374094, 2.383638707529058, 18.31319983150341;
  -15.05033263813327, -3.743132036696286, 62.83760793506261;
  -3.472162570172765, 2.424775791657599, 15.27800850187802;
  -16.49751153432143, -3.518939201668819, 69.49218718350991;
  -3.460177725204868, 2.414720771669776, 15.64638345989489;
  -14.36030256619956, -2.717903465731083, 62.8077447541642;
  -2.64731548519549, 2.381523427695092, 12.32098235518357;
  -4.065882543822646, 2.41598171346757, 18.50536774471606;
  -4.21348766086898, 2.399075122302663, 19.23295057833512;
  -13.6118190316486, -7.234280293999169, 62.12840841284836;
  -3.174563967294676, 2.414485556698525, 15.25286160466697;
  -3.696825194424903, 2.392510049914219, 17.6734942549927;
  -14.00967179055501, -6.781923444002088, 64.5387535527032;
  -13.62548557058038, -6.985479373741272, 63.40949559531951;
  -12.35145407044077, -3.662307556242248, 57.4281887412633;
  -11.72009480545547, -2.377304644003045, 55.5625660573242;
  -15.65113017354453, -7.371751156228275, 75.85670156872732;
  -3.134124232843699, 2.36067103980803, 16.26508332382731;
  -4.793891558809909, 1.483244808831838, 24.46980246499361;
  -16.4932487636023, -9.046555227369659, 82.7894306622719;
  -15.14190312293172, -6.184950129915672, 76.2012276644252;
  -16.2948170046588, -5.971665822119714, 82.0150811968922;
  -15.17265752365512, -8.670582710681037, 77.61166145367874;
  -2.523636239566371, 2.407252663847834, 13.81225554015246;
  -4.685894787261826, 1.282338470900056, 25.01386292722933;
  -6.481122882689884, 0.477605486810459, 34.54803963524481;
  -5.928527427170471, 0.5215266630515371, 32.21539086342331;
  -5.782964691099146, 0.1713370458429628, 31.61476684924133;
  -12.44139180102705, -3.104895772831515, 67.2929649377629;
  -4.917550193236002, 0.6083870185226418, 27.13337472853574;
  -4.81702953183233, 1.68841321629472, 26.64272919956782;
  -17.94373813288174, -13.80588851489353, 97.95917230083136;
  -4.767949616582301, 0.07973592182036349, 26.8014302901814;
  -15.30666099532314, -6.807841622119178, 85.02580213815683;
  -1.849357106362591, 2.361843074312056, 11.18355157532222;
  -2.431037416151817, 2.355802782736559, 14.50852614297905;
  -21.76549025682444, -16.38445834537194, 123.0768218453348;
  -5.519064498425514, 0.9556930522852926, 32.01585282859219;
  -13.80510998895617, -9.338001118079328, 78.71400848414918;
  -5.281840731813753, 1.049082708040785, 30.81889824216023;
  -1.833747312111257, 2.345409156380846, 11.3147601657201;
  -4.754876559233646, 1.465483539269562, 28.10910500900157;
  -4.69210097550725, 1.065862386412884, 27.77045529462793;
  -20.05014602417372, -8.166414666996397, 115.9760012043834;
  -2.491243720508238, 2.290969003275984, 15.31368975927475;
  -5.186908176013053, -0.1793888669282147, 31.18067725173898;
  -17.04360099819919, -12.99152072936096, 100.7301283242991;
  -1.945654529088633, 2.410095462396454, 12.36433724308765;
  -4.961461265055942, 0.9926510271178839, 30.301520767788;
  -1.850087012035039, 2.388949386173749, 11.8705863616707;
  -5.589551824240671, -0.8000331860609068, 34.18024946815633;
  -1.878667817899424, 2.416102620928395, 12.36606018903783;
  -18.13688738863915, -7.746071552230637, 112.633188917516;
  -15.14476851097206, -3.520337947163429, 95.66747615400055;
  -5.215297982338934, 0.7622418632705932, 33.67486841736659;
  -4.493117063297669, 0.5462300400604097, 29.37208802161791;
  -21.71025954570444, -8.373792196525727, 138.9986772073826;
  -22.05447147019723, -15.81698179284976, 141.4524960545974;
  -4.441133036436705, 1.321424101078072, 29.192778662318;
  -25.2830521125674, -22.74300288407357, 167.0254446393298;
  -18.80558841539313, -10.54199253525857, 124.9584408842076;
  -1.522877235757555, 2.368899559075993, 11.04834752063596;
  -14.69891426691653, -6.518443654422558, 100.6575105174052;
  -11.04388548803477, -3.756923975216441, 77.15620719937081;
  -6.709171007382758, 2.476686344857097, 47.42329483439215;
  -1.803719579117154, 2.347006535076285, 13.65212783740664;
  -16.33929595772363, -15.15485852124805, 116.9684415184824;
  -1.403493095695954, 2.235161587838173, 11.56769672459582;
  -15.28726337035177, -15.1390758266306, 114.6771083979458;
  -1.698789395976476, 2.403918566752006, 13.70308952887491;
  -15.97171735536456, -17.55142575173201, 123.3676918631262;
  -6.194460214240425, 2.410797534784869, 48.59233308309247;
  -10.41535140479958, 2.317482792672983, 81.8163849897086;
  -1.461786262864061, 2.317374325322328, 12.2340993294945;
