m=[-26.00332685720993, -7.178308867676273, 34.20402807642682;
  -26.0130347882782, -6.620041035917316, 34.68311828054436;
  -26.08293588758675, -1.777418318589015, 35.03637996195538;
  -25.58599773724022, -2.6681835712104, 34.46322707302559;
  -25.79405346460794, -2.296127966503105, 34.75210251151125;
  -25.37071249374543, -5.983434855255339, 34.33760079497361;
  -25.65781273802385, -2.988726199490298, 34.88938788840763;
  -25.45553389396213, -4.956353786727222, 34.91210959453018;
  -25.54273928497019, -1.219192140767295, 35.13468064149301;
  -25.53134127342279, -6.477486746503937, 35.19878524095916;
  -25.65134989859896, -4.362736345765654, 35.4140407072854;
  -25.46357146684854, -1.549114945911503, 35.15408813482183;
  -25.73867522697469, -3.316663480541926, 35.55285664007174;
  -25.67880041591477, -4.77779836372089, 35.49237806972577;
  -26.03469012761516, -1.381452528515285, 36.11539908867491;
  -24.85251962021144, -4.787371759076427, 34.61100375708726;
  -24.92573780905726, -4.447862602643269, 34.73927332806549;
  -17.79004809999335, 1.426679786823909, 25.09836328334077;
  -25.89200383516486, -4.431004472531456, 36.07990777546657;
  -25.43309953010627, -2.972280565044664, 35.65104224630377;
  -25.61175157578964, -1.78712582562498, 36.55173436830087;
  -26.29042016085772, -4.581028711300875, 37.60618711918215;
  -26.46142772416834, -4.204543318785083, 37.93395582863105;
  -23.6712007395117, 0.8916702419057166, 34.27949526624141;
  -18.53917669667953, 1.436083018951588, 27.40356329328954;
  -26.2359934535465, -8.504497391932716, 39.66514863227303;
  -26.08227094767639, -6.438230914053885, 39.88387182849712;
  -26.52055474652624, -3.323132171660861, 40.56791038347522;
  -26.24308877145385, -7.03723329475145, 40.23860821947638;
  -26.09893292116185, -7.712632681555719, 40.05934074845231;
  -26.23102584768888, -8.383076800634298, 40.30319599633168;
  -26.57650502153014, -7.619399463483716, 41.14526706328746;
  -25.65324991456989, -0.9526065003654147, 39.73800489411366;
  -17.56917426912269, 0.6917876339708416, 27.71361791575684;
  -25.67072106712196, -3.260717630278117, 40.04314075535108;
  -17.47552190634795, 1.017746474462953, 27.6966825649642;
  -9.579870520699366, 3.489404994549907, 15.74882922634636;
  -26.57360058072234, -7.248308571814033, 41.84695748410007;
  -16.9078929738874, 0.6237560561462577, 27.24774482787244;
  -26.94324811258658, -7.68628209217566, 43.14683279014059;
  -27.21488657611731, -8.04345435855241, 44.04105833381088;
  -16.15478075729963, 0.8714334439778659, 26.62531708216789;
  -26.65334506972381, -7.246071510158456, 43.33132309692429;
  -27.03591571737286, -7.996237390869259, 44.51173622702861;
  -26.56674935645728, -7.610187060323369, 43.89740422608829;
  -27.1626798403778, -8.706012394026915, 44.87322702728881;
  -26.84503451647795, -0.3603940235705325, 44.3518369337122;
  -26.88923403436907, -7.678008540476141, 44.45047887767868;
  -26.29024535618256, -3.398902803647942, 43.56122565706497;
  -26.9050789422243, -0.6772946946690908, 45.00422445871847;
  -28.66522382664518, -4.649587350961217, 47.9976080596507;
  -15.92581748239562, 2.71763903478023, 27.21917287285124;
  -26.48638913641189, -1.017983558817891, 44.59992960486692;
  -26.70229761460168, -0.2236839546654051, 44.95602995092366;
  -25.99677057557129, -0.5325727662654122, 44.06401819768914;
  -26.91793783768629, 0.2286909895926474, 45.62078124147404;
  -26.91881151191825, -5.507528487900537, 45.68605632259545;
  -26.25000235761999, -5.039243307842711, 44.82483444609412;
  -26.41347073093124, -3.724559777615571, 45.25616490892962;
  -26.63267862348832, -5.407990099195228, 45.74325843341253;
  -9.402889588246135, 3.470308471764532, 16.85640760408373;
  -25.41603365396094, -3.121334730103586, 43.97675636343911;
  -12.0953100899374, 3.392230193185511, 21.55057547813074;
  -26.45380125505137, -0.05535318342241324, 45.88104484486817;
  7.995100531670194, -0.830678324358146, -12.4355663488125;
  -27.6165545579788, -0.6383430293619044, 47.97065138056627;
  -26.69132456567512, -3.463082771270225, 46.43159572929662;
  -27.11940374249424, -4.633228617074635, 47.23640546512354;
  -25.06860600781108, -1.370367593848949, 43.7586743575269;
  -26.05035281810524, 0.5386159562500312, 45.45320873224934;
  -26.31450502697803, -2.926701351694094, 45.95376456178848;
  -24.9331676921431, -2.424139136411133, 43.65925748663781;
  -26.04451385941396, -0.8242397771794261, 45.56922014142455;
  -26.8561220809401, -0.3676923408432642, 47.0567287199288;
  -27.17745308191435, 0.3600347567782595, 47.67850002325569;
  -26.50326669263523, -1.093482689170274, 46.61215336848973;
  -26.54945846375879, -1.57483154524991, 46.70422325637918;
  -25.95213344486781, -3.157839726868022, 45.71156080076325;
  -27.50591544422826, -2.318069267282986, 48.49005489059825;
  -26.35943870869422, -0.7244419208733829, 46.67374015120598;
  -26.47094033861186, -0.317041954956732, 46.87011699773409;
  -26.59525592142588, -4.440514517139435, 47.15549115262222;
  -27.01679583065218, 0.1495268183043855, 48.00042357207435;
  -26.56429890756593, -3.239612278703936, 47.25383910482289;
  -26.59530210504627, -2.820944746901072, 47.40198182072481;
  -25.78356869025287, -7.304519444283252, 46.00960183874006;
  -27.70901919812673, -3.962465503333002, 49.45379927714726;
  -26.67742640591404, -1.209260893151239, 47.67758934568948;
  -26.30243227197412, -2.988581331033508, 47.03287933828568;
  -27.82223506162352, -8.694810047185658, 49.8095551621966;
  -27.59314108705838, -6.402814231864719, 49.59465853102167;
  -26.57088072132535, -0.1986056630785228, 47.79504332176062;
  -27.02691353335373, -2.817098457265579, 48.66612723563485;
  -26.96802561567106, -3.074872768563064, 48.59903731559933;
  -14.35862578728966, 0.5235902309797588, 26.4825556049367;
  -26.6325164025149, -7.533542846130341, 48.27242617966736;
  -26.9142433472088, 0.02339993833965527, 48.89312450981091;
  -26.07093163708929, -3.233771225972707, 47.42508775370327;
  -25.64628223428718, -6.275406942024432, 46.68880767754695;
  -27.73408543538443, -8.083957508952809, 50.51833183574919;
  -26.72462156721779, -2.737347998715503, 48.71587596301636;
  -26.43222375161128, -0.5831371698225819, 48.21611644744784;
  -14.26057313742628, 0.4626226723766418, 26.58966681708239;
  -25.21255816203827, -6.576149125646491, 46.14458006898219;
  -26.34731261920662, -4.183434170451567, 48.25551827755248;
  -26.62021723695653, -5.435621805076638, 48.7759728572467;
  -26.25556250322241, -8.30784480376769, 48.15399474050187;
  -26.51889316377853, -0.1688118976454119, 48.60851979239983;
  -14.06019623045252, 1.668186873107561, 26.37159722534112;
  -25.60892609446296, -1.029645756235101, 47.12727686821926;
  -26.94517496341676, -0.6283472746015347, 49.86370252905223;
  -11.99338732970302, 3.448985935250306, 22.89326541201518;
  -13.35381356764055, 1.954690184538666, 25.45821640750026;
  -25.40082374731909, -4.444691569803769, 47.63573376071751;
  -12.88990192217535, -3.73037899595351, 24.73966043033391;
  -7.808313604515445, 3.412058940566477, 15.4103737617381;
  -13.27169399021582, 2.266930355278778, 25.44432542017221;
  -12.91298677971088, 2.94479503088468, 24.78481954333349;
  -12.91975672404503, 3.182847845365223, 24.80377073458571;
  -12.82308980450823, 1.7051164489931, 24.8276927677816;
  -12.77918977462584, 1.426028372687861, 24.74641714256653;
  -12.77261644704428, 3.032030177449493, 24.80155294644986;
  -12.660731635175, 3.182959502958207, 24.77985008207551;
  -13.37807252409499, 1.15515740296236, 26.1852078400721;
  -12.91563827726876, 1.338698486978123, 25.35520885363078;
  -12.6052084273538, 2.348518942269094, 24.78499888021657;
  -12.51905109598257, 3.027408631764601, 24.65462400543577;
  -12.23341598426093, 0.3908162134507009, 24.14636272474653;
  -13.02120313397241, 2.985497372224026, 25.64629413344329;
  -13.49259418761443, 1.521148450128579, 26.79943917582656;
  -13.4885971688633, 1.316972466420125, 26.83009706195246;
  -13.54492722454263, 1.686165223345894, 26.98363123501787;
