m=[-13.0687029745476, -3.862001024007889, 20.05919656482297;
  -12.91966693069836, -4.128948701722316, 19.85068641763159;
  -12.95984931876872, -0.4812503969644644, 20.07537280349461;
  -13.3633127947269, -3.831219276425571, 20.68884051322216;
  -12.75417733152649, -1.620046853216986, 19.89493465219136;
  -13.43011985471928, -3.831300862603815, 21.50695169720169;
  -13.23193033400456, -3.597278809350793, 21.51163566895156;
  -13.34249267733858, -4.276452371369088, 22.04203364832005;
  -13.60783604905159, -3.885610176491916, 22.49505612901239;
  -13.57205575348376, -1.754646931848962, 22.48801315080689;
  -13.37790728636185, -0.336768594891875, 22.37727469955456;
  -14.44531887040806, -2.343075090103396, 24.18752274991976;
  -13.3205201173109, -0.511963726142039, 22.43017183174866;
  -13.4372561349636, -0.112563294571214, 22.62298540674352;
  -13.19927588075714, -0.2704018504175566, 22.37251472890766;
  -13.40275231711464, -2.742173077370147, 22.74687710363413;
  18.78534013922024, -1.951767186357751, -29.21868746501968;
  -13.20403468698491, -2.534793807879284, 22.54737583643577;
  4.328040899905018, 1.467013438025914, -5.914911991872867;
  -13.34084959581835, -2.261427704005267, 22.83732207318746;
  -13.19978169969146, -2.680327043052793, 22.67143437164829;
  -13.13787834797818, -1.61345851700308, 22.73215731092241;
  -13.34002732721721, -0.0279133033617412, 23.13672753986338;
  -13.14474712669674, -0.3038343426742765, 22.8327570905579;
  -13.20246643281604, -1.712962349592643, 22.96669775716011;
  -13.317953678747, -2.275312713035698, 23.19712726387427;
  -13.26901896002398, -1.475781348961079, 23.1720631883333;
  -13.24929173630714, -0.4193049379791626, 23.1818453248458;
  -13.44616967632848, -0.1840940992435297, 23.56009392845943;
  -13.28691283598625, -0.5481969202952111, 23.36812386515534;
  -13.28665019284483, -0.7881228870620981, 23.37308227145601;
  -13.29500863197831, -0.1592340685268633, 23.54047880791625;
  -13.34368742583193, -0.3667273289516321, 23.6272026295755;
  -13.4021904121175, -1.42156078884538, 23.88731602911719;
  -13.0917193547315, -2.905253393297389, 23.40235413880149;
  -13.267690720032, -0.6014110688954436, 23.7118641090157;
  -13.74399109081054, -1.965428302822594, 24.52965122337479;
  -7.250675025278305, 0.235216819436628, 13.51930467753174;
  -13.8905948692342, -4.340991425127994, 24.86803629695423;
  -13.15577116841174, -3.721374438419839, 23.84532437587396;
  -13.16532400856039, -0.2904481232564174, 24.01541396706863;
  -13.17184772790676, -2.338797944210073, 24.05678809808337;
  -12.81588819417462, -2.034910556954229, 23.47250119718984;
  -13.01985050541059, -2.633584569968386, 24.26337159502955;
  -13.46778625235694, -2.527218506817236, 25.09025270805849;
  -13.28206521596841, -1.9509582964586, 24.85523967693573;
  -13.80158781000808, -3.130569899167019, 25.89830540639655;
  -13.46710953084718, -2.833908420497609, 25.33963962290929;
  -13.43400446936446, -2.420341384230265, 25.47972041245905;
  -12.96233445064475, -2.71799257322809, 24.71804440807625;
  -6.73993008225365, 0.6764625439732158, 13.60902223691353;
  -6.698272372746011, 1.108716917743037, 13.56218080894037;
  -6.748747572338329, 0.669127271461395, 13.94899406307898;
  -6.723621693042282, 0.7942058784466419, 14.0181934206718;
  -11.02256208396652, -3.53018295059591, 22.30715001511112;
  -10.60767289721733, -1.422160695744164, 21.7964550757116;
  -10.37198886096472, -1.153793599864951, 21.50639252699876;
  -10.1483655025862, -0.899236260546198, 21.11336016134912;
  -10.32544747802041, -1.252388640799595, 21.54283545063412;
  -4.019907227561872, 1.706969439739095, 9.164798784249085;
  -6.764839566844937, 0.83271132358097, 14.65056573336605;
  -9.691099280669381, -2.332576810550494, 20.46377803454826;
  -9.990809660929649, -0.3573327066731808, 21.17879459125696;
  -9.871152898352383, -0.7926881308728481, 20.97233828964669;
  -10.12236693358795, -1.843377465850111, 21.49292242359399;
  -9.762427042345019, -2.100832123807188, 20.79709131719348;
  -7.296253961989856, 1.345941824017332, 15.86111431544323;
  -9.846242929485582, -1.570993407295859, 21.00603059427683;
  -7.31065963978401, 1.434238954467054, 15.93207043279878;
  -7.386430055692553, 1.3772393147658, 16.27676263722518;
  -7.271969100584036, 1.291870126233838, 16.08972267591489;
  -5.595576029638601, 1.696834929540246, 12.6888904263129;
  -9.997270480833523, -2.973180336459344, 21.82264823922462;
  -3.689959186326951, 1.703626892456243, 8.828209573544729;
  -7.230632754203747, 1.276773008795892, 16.19092614141662;
  -9.712666960211823, -1.468192819281725, 21.3758702845157;
  -8.198535097095057, -3.969754776372871, 18.24317066264655;
  -9.513694616610813, -1.642015298030033, 21.12245022623647;
  -9.552691320519001, -1.515217629234862, 21.29649520465424;
  -5.441985604913509, 1.719111528699962, 12.67035718919832;
  -5.525568621829348, 1.681566618526249, 12.85295611151931;
  -5.517146380482335, 1.665731686001551, 13.05109943703351;
  -5.660796703527246, 1.6176170012449, 13.4017029449491;
  -5.457430719138168, 1.718313451992899, 13.10111586344806;
  -5.555925443840766, 1.656031984780293, 13.38226444464744;
  -5.44454234974031, 1.707127562663211, 13.42031831114034;
  -6.987028501039391, 1.588386079860135, 17.80704663700379;
  -7.171029830541504, 1.574688416326523, 18.454175077261;
  -7.768431714873739, -3.450545686263228, 19.95597985836121;
  -7.279489181920921, -3.576901014115452, 18.85844626153381;
  -7.297731936725902, -4.203535974615481, 19.4004310146489;
  -7.271130498377265, -3.287603366374701, 19.3935316902089;
  -7.076582069242564, -4.112503331480026, 19.0064668254348;
  -5.641329282685352, 1.685461853351443, 15.656249318122;
  -5.722106211106107, 1.69356753808269, 16.15846180508108;
  -5.673454874874436, 1.659039781913074, 16.36778102049523;
  -7.245476902634124, 1.471771422057044, 21.25746820952416;
  -6.314946504571809, -3.669798337021002, 18.87410491048085;
  -6.666802166337079, -3.715231581918608, 19.88102568426259;
  -7.708495529992595, -3.568379627689687, 22.83317260957073;
  -7.01776830453184, 1.542096528022669, 20.84945963109513;
  -7.022864158881959, 1.471336225128491, 21.00260256625261;
  -5.810337373224321, 1.638915426417266, 17.73393138584771;
  -6.675956769273479, -3.75336828907932, 20.42865148364736;
  -11.33345641003432, -3.148331099150919, 33.90234154944864;
  -9.964331551864481, -3.29693490958463, 30.17061379282588;
  -6.737294513495553, 1.539204072399782, 20.90401205700363;
  -10.41044689190884, -1.542700997864149, 31.84190899142289;
  -9.740968902059395, -3.700401059937636, 29.9847653741881;
  -10.3237664633834, 0.09317812570091461, 31.79681891009545;
  -6.887997706216663, -5.021236196780413, 21.71961913248806;
  -6.730537181665121, 1.486406494952097, 21.21499775978655;
  -10.88002160369536, -2.816639037584363, 33.64647188379368;
  -6.505944946964151, -4.849044739226068, 20.75995024725515;
  -9.123419136308575, -3.236264238799949, 28.59202066551802;
  -6.688045291049185, -4.585920168862471, 21.35566187257525;
  -10.54525361098731, -1.996833819789607, 32.94881934742062;
  -8.495177079328109, 1.201874244535788, 27.03564873496941;
  -9.470479598798425, -3.72734164027601, 30.04033977559685;
  -6.658024753839533, 1.486079709669939, 21.49572957750894;
  -7.983938959912698, 0.8411597093499933, 25.75014901651702;
  -8.01408855504738, 0.3954422210398007, 25.91494499394272;
  -9.246987107792283, -2.973997545492478, 29.77123936676948;
  -7.784971830893398, 0.7046339806733709, 25.25910832338028;
  -9.168940042173174, -3.740726564030499, 29.98453544812263;
  -9.994274018986101, -2.900165345243766, 32.58737001319339;
  -9.72208006586445, -3.450733937251855, 31.88694827877054;
  -12.79006425294602, -2.672323233439118, 41.53551437667775;
  -6.527727286302466, -4.11777966417294, 21.87580351683018;
  -7.665104508010036, 1.041723655310647, 25.42121127733362;
  -9.857251111975041, -3.023807928357702, 32.60716837976113;
  -12.34912216372074, -2.276437009868871, 40.56305435289156;
