m=[-8.361611770039962, -0.8837139393691417, 11.83627708647755;
  -7.628199783035066, -2.124077163254906, 11.62163596652797;
  -7.529310722550846, -2.272517716741681, 11.59934564442949;
  -7.134400717697291, -2.423309260355433, 12.02815904768413;
  -7.079667841893754, -2.07099457697663, 12.09108252687338;
  -6.921297351410805, -2.229414892243923, 11.88168717020624;
  -7.212297876313366, -2.556158887752621, 12.4298249715449;
  -6.390491755170214, -2.476834575561837, 11.44607968349082;
  -6.211699341443611, -2.50516585541995, 11.62058971057371;
  -4.979520102585187, 2.349772051227425, 10.13453471835865;
  -4.887706164209829, 2.364571121591451, 11.55124330929666;
  -4.740127580942683, 2.293725689244551, 13.89382226232605;
  -5.148322217745624, 2.360175561710947, 15.27024114001876;
  -4.85752564580544, 2.477486357008211, 14.49334108879472;
  -14.29154153274979, -9.241854232014401, 42.86341537194845;
  -4.129395965472861, 2.446171391155779, 13.65337882599336;
  -13.46368681790476, -8.997858908582368, 42.79913036751703;
  -13.70059364818933, -10.05000925838091, 43.94673314488012;
  -12.98786783306324, -8.620880291789787, 41.97880816986257;
  -13.15211314393981, -9.008707278597445, 42.85972820930041;
  -13.32554540752592, -9.427486079896713, 43.83237271505091;
  -13.0020237937473, -9.47856694389561, 43.12305082363778;
  -13.57802123757906, -10.83035121330023, 45.44973318517323;
  -13.49222539674294, -11.05096051763714, 45.54579942314162;
  -13.07875850587526, -10.36056060414942, 44.4155975354622;
  -13.27149499338623, -9.31556286806925, 45.59957315108064;
  -13.03212185523228, -10.9173971597818, 45.06962255584314;
  -14.00682801593146, -9.927201050646469, 48.45564948702104;
  -3.471950297371411, 2.457752300750443, 12.84454418923823;
  -2.919113017078115, 2.415162764186239, 11.21203516519228;
  -13.7424153667716, -9.854224838670961, 49.45088572479848;
  -13.27616080248699, -7.304338412061114, 47.94004067629199;
  -13.93293797101476, -6.137328248889603, 50.37824838638462;
  -13.55097851387898, -3.494237772923158, 49.07914588961563;
  -14.13897848795451, -8.901825900903667, 53.13792490904444;
  -13.88980306146644, -5.792740693972738, 52.41271058092007;
  -14.1226005475809, -12.03824622834261, 53.23832153082288;
  -14.10548990527146, -4.68654915388834, 53.27021303674342;
  -14.32579103159989, -10.45325065168233, 54.68818138027559;
  -2.825159867850986, 2.403544234367285, 11.722591522311;
  -3.533372174211842, 2.441013358872555, 14.70854729234389;
  -16.28839765008753, -4.463119647829567, 67.62653900736471;
  -17.76704882267211, -9.649003556264578, 73.86258761997202;
  -3.128355328948119, 2.377006240765488, 13.90000032327099;
  -13.57440107130019, -8.063358139196625, 57.81212284438759;
  -2.422986105808012, 2.385178397660684, 11.26715526256894;
  -3.007122112637039, 2.366997130970459, 13.81352872364471;
  -3.24568840610116, 2.469560843011195, 14.87129205715613;
  -12.14944501917088, -11.12939625007907, 53.60627352784057;
  -17.47097870869778, -3.56378238124112, 76.73762090253635;
  -13.87442983487481, -3.578173051965004, 61.29021071523477;
  -16.53322689894307, -3.614917251879237, 73.79285604059623;
  -2.203087431538699, 2.340611036132632, 10.99563048358245;
  -19.43550028135426, -3.788110643434148, 90.22584258844429;
  -2.280351916580937, 2.381096270730659, 11.44823151760154;
  -2.208703973454208, 2.370802193728118, 11.39944294937649;
  -14.66564158123004, -8.271208221572252, 71.33365841107548;
  -20.40812723940868, -10.46200776043852, 100.2734830535287;
  -16.35404783977405, -8.896220170344074, 81.22856197582965;
  -2.187688964535025, 2.363454446854934, 11.61741964769298;
  -14.56141668459382, -3.094665454296973, 73.6966945990839;
  -2.533627225771723, 2.365050400340735, 13.52548657959023;
  -2.798356921265153, 2.325890607122556, 14.91311819852914;
  -15.92422468442823, -7.92845055018006, 82.73798372740187;
  -2.262074961739456, 2.404563372721727, 12.67602050061644;
  -16.66717131289831, -9.740233473131292, 90.10025478812078;
  -14.92063594223005, -6.458867511093367, 80.80165878274374;
  -15.15501912091188, -5.849998635053447, 82.09612237254915;
  -16.1634951107177, -5.028632694398893, 87.79460802551382;
  -1.614305999220887, 2.30696250507551, 9.891074924291278;
  -2.223342317444648, 2.213684355153194, 13.6316064263458;
  -11.88783430642299, -3.050379369089153, 69.43267418044844;
  -15.57992153212335, -7.411682013853994, 94.10267571779679;
  -2.166765050413469, 2.22909223127165, 13.82552465084791;
  -1.598133135877837, 2.332135491941249, 10.53411105266969;
  -18.16574816656373, -13.27086344955698, 112.8091775366052;
  -7.024997300111843, -6.822159313646981, 44.48220566866385;
  -1.591238746220151, 2.320790935709082, 10.83124300388413;
  -14.5408948665111, -6.327780047909581, 92.03448897559893;
  -5.299604579037268, 1.418881570649432, 34.41219139542712;
  -9.70093157006758, -2.155903339568998, 62.76089708557957;
  -1.515215233540366, 2.314203300931165, 10.54213266893351;
  -11.17083079786683, -9.176601066422277, 72.1886147808989;
  -4.681453500713742, 0.8269834277150983, 32.77012303099264;
  -4.294600701190132, 0.6468232053965888, 30.36741351129647;
  -13.9451232783628, -3.376773778886918, 96.96967219709141;
  -16.00759304677073, -6.587624699668969, 113.3035295840746;
  -30.60784500720635, -23.84502004124378, 217.1299228532232;
  -11.66726937556779, -2.280376496541021, 85.0640439078738;
  -26.82290271484132, -26.50560655883665, 197.2242993190063;
  -19.45765828462566, -11.85300912253823, 143.5545050667477;
  -31.20401119253879, -29.61186652470684, 229.6882204748464;
  -1.569978368495412, 2.351854821995939, 12.56802334318752;
  -17.3027597524272, -8.336179574801085, 131.9710718932565;
  -5.642164870404769, 2.439650069980311, 43.99266608602876;
  -15.72709275552594, -5.793460112114124, 122.5092411255755;
  -1.242888740780594, 2.304204473935493, 11.07768362767919;
  -1.164663614339645, 2.295384251030659, 10.47056648662068;
  -32.1670019431639, -35.50461693041086, 271.9725431698429;
  -5.980873291726593, 2.559991333887054, 51.91941909303184;
  -4.707568992078554, 2.182332773861097, 41.3122806101085;
  -20.39886712074773, -25.12080907616059, 178.4381325917964;
  -7.580676210069074, 2.070618540256624, 67.12135137331471;
  -2.594525797095851, 2.463560602906059, 24.18011339093719;
  -37.85069711465064, -44.76962101337782, 344.118248702414;
  -21.03255829343042, -25.64160061365216, 191.9369508063949;
  -7.880238528597063, 2.056031905381994, 72.79620571747485;
  -13.187059953871, -18.29236457014356, 121.3847454349337;
  -5.66922682886728, 2.415910686882041, 53.01408951070059;
  -1.92882523015515, 2.197264039191605, 19.06043312438536;
  -23.00570662293293, -30.00078343305562, 220.000066663794;
  -1.204728617438148, 2.325498444897419, 12.36797762669384;
  -21.83311627653094, -32.67765742124029, 214.123625026043;
  -1.133487503051368, 2.346606317605801, 11.8881083487322;
  -1.922756040445854, 2.179950632397613, 19.865951789443;
  -2.894747925474413, 2.819008723872367, 29.42582066680007;
  -2.453194687111367, 2.403547476169575, 25.53107348488487;
  -1.026051542042048, 2.322533389990912, 11.09149894415014;
  -2.552195886886254, 2.198741039018342, 26.67840450886469;
  -4.766317545996039, 2.306364588025583, 49.16421181647354;
  -18.54661578161085, -24.82820820063052, 188.7561950285912;
  -4.897122922970052, -7.657543342653878, 50.95328173848392;
  -6.588685315726252, -7.93811620995506, 72.27346525545448;
  -15.44862500875653, -22.33009830922558, 175.7780975806043;
  -21.12192837282164, -29.73789700825998, 250.4840827909663;
  -3.415339426364134, 1.148255414326113, 42.23124949941639;
  -13.6511652860039, -21.06698062250477, 171.0964363017716;
  -17.27752517570258, -23.99757668999118, 223.7374959651674;
  -8.472059259667304, -14.99412915123704, 110.1042936514836;
  -6.885346782436121, 0.7721157551823974, 90.82944886317731;
  -17.29588984113431, -23.23635118976617, 227.2679967577138;
  -5.83147156824506, 0.2696518481507078, 79.42302621059324;
