m=[-3.394667138873651, -1.093454173309479, 5.827574072201104;
  -3.631410757245463, -1.303419264269867, 6.619427256351151;
  -6.463435323688627, -2.259880228959325, 13.60518719912771;
  -7.223435004603394, -2.384040142974461, 15.1199795974525;
  -6.36908127686768, -2.4778914223327, 15.02828253838801;
  -6.338385063165251, -2.938181451679423, 15.18870970015674;
  -6.247796600229635, -2.843005610874183, 15.03790650388992;
  -7.430609657867353, -4.512808664646204, 20.90105938533814;
  -7.078916939734516, -3.998123047941162, 20.06349481199093;
  -7.006589182598887, -3.949725178179152, 20.11172704293005;
  -6.917118117781476, -4.001779541849232, 20.0813300268284;
  -7.057861726454206, -4.551648409983768, 20.76986175599955;
  -6.856341482194071, -4.254291678116946, 20.28374030569518;
  -2.065364947512414, 1.223480792141058, 6.82889465628801;
  -6.605924859068423, -3.897120360097068, 19.85609341104743;
  -6.73522433017218, -4.171239472680379, 20.30060257561869;
  -2.521406317805542, 1.175019184630295, 8.208417057534895;
  -6.495979190349734, -3.937601358470638, 19.76180185731653;
  -2.431809826511147, 1.179646066647751, 8.005758246618845;
  -6.606917559712376, -3.882197522471071, 20.1776330454558;
  -6.604692032145113, -3.993434955061389, 20.32944808910461;
  -6.884247532265388, -4.959630137996061, 21.27495313430847;
  -2.558060778542798, 1.178133251268887, 8.549346701268792;
  -6.377012977367643, -3.936515606614234, 20.1437429871769;
  -6.538788818425545, -4.239976920437448, 20.63113696406188;
  -5.062627218513789, -0.6910197655196525, 16.31172401371521;
  -6.33951793665716, -4.207944363311682, 20.4903076296217;
  -4.602004674407842, -0.8408078249082901, 15.16523252387561;
  -6.509258274897942, -4.901743239079085, 21.40840167410095;
  -1.718986286297224, 1.216849936850784, 6.359421484735975;
  -6.184309903503574, -1.572730011954952, 20.85220983448861;
  -2.217494313599791, 1.217021699550422, 8.075670244512475;
  -6.484769299324764, -4.551806418409519, 22.28104009230334;
  -6.737537628547017, -4.775163266715829, 23.3080438599773;
  -6.711929712701751, -4.230978627776024, 23.25189267152407;
  -2.814229257241897, 1.193406454241107, 10.32737709346303;
  -2.340527387814857, 1.233071653071002, 8.948378730754913;
  -6.77111464410919, -4.855339060177487, 24.36526677144194;
  -6.870748453286356, -3.026500129484014, 24.84302111299921;
  -6.834587106115449, -1.762357781326451, 24.75361445911608;
  -6.781688586822773, -4.269715182427965, 25.48733341592673;
  -6.731698262822585, -2.807453949781273, 25.40183983934415;
  -6.764707524285686, -2.247574138661797, 25.54731621305036;
  -7.16806940636863, -5.230400613002591, 27.36384182745635;
  -6.7439754922525, -3.956799509527518, 27.66854488551426;
  -7.836276379093444, -2.147187208016544, 32.53483010469147;
  -7.791709649653849, -4.231554428046191, 32.39231469733661;
  -6.813987733206619, -4.047590988386416, 29.02014562728398;
  -1.437647176274664, 1.198820962399214, 7.022162035451907;
  -8.033807580073885, -1.638760048050148, 35.28681997515777;
  -6.698123733113692, -1.727425640245843, 29.58892148254952;
  -8.211603694336484, -1.795430985233129, 36.65090263276661;
  -1.690752384850917, 1.201229868085941, 8.288886256711777;
  -2.521261017976979, 0.7549099805072604, 11.99690900859936;
  -7.887888709576528, -1.537402934960049, 36.61811606404549;
  -2.444295836536577, -0.1028215394696741, 11.93758227812618;
  -2.244794656276447, 0.6199805563856566, 11.59748503767601;
  -2.252757291778742, 0.08885281203676486, 11.62683656511179;
  -2.24739792440302, 0.4650756101229522, 11.63832156738077;
  -8.072582561031803, -4.138322953867589, 39.66390257841647;
  -7.741471678953342, -4.21117983591539, 38.45094610330303;
  -2.238166867113808, 0.35010464723293, 11.84244157877729;
  -6.353215763333061, -1.350217343020167, 32.15422042882791;
  -2.263777373357682, -0.03907917914335752, 12.03431193134844;
  -2.273568894281201, 0.6409705521179814, 12.31069456565104;
  -7.032543602766027, -3.501405895826039, 36.53920298781513;
  -2.233738524880594, 0.6962095794760473, 12.56115817684989;
  -7.180137609193167, -4.196045949838548, 38.81475841683034;
  -7.287187976036424, -2.812932096823769, 39.47536265440608;
  -7.744365088488228, -3.352392502420799, 41.93906665854167;
  -2.773606897566329, 0.01692433984565689, 15.57421026278128;
  -7.743153140457995, -2.408976076840327, 42.05817431140058;
  -2.159200145381156, 0.7168029898373728, 12.44024478027886;
  -2.33463617570787, -0.03978906791261756, 13.38623107146788;
  -2.903874100366872, 0.261369537097709, 16.47861734023291;
  -1.088454969196453, 1.17815815435776, 6.705044951336413;
  -7.542342990867906, -4.604399628252181, 41.59456884239161;
  -1.192882652148789, 1.1877008969228, 7.313721643006819;
  -2.19025862616288, 0.8689243705711818, 12.82626663225669;
  -2.391668816784634, 0.1086501272186985, 13.91747441723381;
  -2.36298549668212, 0.3475635086064586, 13.82001151297757;
  -5.080112577108978, -1.303540257916527, 29.67115727511683;
  -2.433618049140695, 0.4911811729395553, 15.10878496234846;
  -2.239793372345339, 0.5225940540147965, 13.98400370322002;
  -7.279518691139698, -6.117366077172844, 43.43266610950512;
  -7.587614919071304, -3.609581017964641, 45.82916959682355;
  -2.255846529979027, 0.7971705772224917, 14.23861649234972;
  -6.913885376323418, -5.050891815397947, 42.93518305626408;
  -8.197389109458227, -6.670260857138704, 50.66493405611651;
  -2.552201763364803, 0.6833098569167483, 16.57234124750698;
  -2.296406956730223, 0.5373652532846334, 15.06382753003699;
  -6.70430990505691, -6.510731364926151, 42.45161660894215;
  -4.540515821797937, -1.009069402549332, 29.37520424188715;
  -1.963356757806208, 0.4283322457106936, 13.2093543992038;
  -6.66410859802077, -5.47442416539235, 43.06508415940405;
  -2.344553626635087, 0.4141677353670052, 16.41184960736617;
  -2.167974696237818, 0.7422521284478517, 15.4017257806509;
  -7.698886490868591, -3.533780803880383, 52.67725160764471;
  -6.135656735618156, -1.48573263695943, 42.6652823707859;
  -9.201849187547287, -3.786848454567885, 65.13171521809677;
  -10.74525844448966, -8.371086004155956, 76.22611577328205;
  -1.052948690780692, 1.149458037007185, 8.276230958075656;
  -5.682166797198509, -1.110583736147488, 41.42769575038069;
  -8.228921815024243, -5.012806984034906, 60.71125215114728;
  -10.98586082939694, -10.42532136435373, 80.86533518779973;
  -8.745086174997136, -6.900523579762957, 65.9163896153085;
  -9.597575137892099, -4.623950801888211, 73.20232706496505;
  -4.474788361282145, -1.648397976932621, 34.85723234802022;
  -0.6713656927232298, 1.15782854415992, 6.223901855179896;
  -2.941850785927803, 1.259199476434631, 25.53794009898797;
  -10.13621654791296, -11.18793993587652, 85.70188162164112;
  -2.603034526007838, 1.206713606780444, 22.84348736198875;
  -8.288493115826833, -10.20711845708249, 72.50320445902717;
  -4.914860320942361, 1.342466110054599, 43.51749862559142;
  -1.84024279874165, 0.7842096247233698, 17.20848351968383;
  -8.723973867902865, -10.31867398937411, 79.31369401348125;
  -0.5999566568446531, 1.158101710462378, 6.159271392274091;
  -6.67719779041354, -9.262241676041469, 61.46252135375541;
  -1.016315486412254, 1.157758326599421, 10.04311487592878;
  -3.119395091405174, 1.307417415536889, 30.38733718294898;
  -9.164689283712828, -11.95128943172022, 87.64052704036168;
  -0.9943841215569356, 1.127396429414692, 10.27399555819729;
  -1.134866295308001, 1.111899122482337, 11.81086643194425;
  -7.645443390511199, -11.44294642983081, 74.98105323001434;
  -1.3531106932454, 1.165717736189509, 14.14422560789903;
  -2.666543602525003, 1.290308855408968, 27.50519939707571;
  -6.298522691484836, -8.431782627191451, 64.10253986739238;
  -6.594744477840805, -10.31208374123594, 68.6165895074038;
  -6.721337543530657, -9.702371890418165, 71.39681417573466;
  -5.868528566366026, -8.482620281298415, 66.77350161639284;
  -6.559208760684539, -9.234813750807925, 77.78538783270454;
  -5.454071978384165, -8.416924583000219, 68.35843382481312;
