m=[-3.417670304935408, -0.9455302892424297, 5.513468679713493;
  -3.420487682645946, -1.080844151515317, 5.557342971610717;
  -6.234477693620839, -2.26589915185598, 13.57296525230536;
  -5.868194551810685, -2.380074962176805, 13.94648365229528;
  -5.900474707813266, -2.631651018995325, 14.02745577957921;
  -5.980942116575529, -2.94548145052934, 14.3628421488835;
  -6.051025071839036, -2.923518852584791, 14.62403479292313;
  -5.981026839557427, -2.836748112015978, 14.51233797786541;
  -2.397996537362579, 1.20655735759442, 6.845617052995019;
  -2.326475983779939, 1.143747765222981, 6.714022879786406;
  -6.578406867662973, -3.92462696263508, 18.52862362749314;
  -6.746928244677741, -4.046843558981597, 19.30334608149629;
  -6.846235919320162, -4.424911387930425, 19.73198205218898;
  -6.843775089831116, -4.487086236210697, 19.86994320355201;
  -6.800478660095716, -4.279580218379005, 19.80873898498019;
  -6.758910041101063, -4.324992182331441, 19.72456967977266;
  -6.458630046404168, -3.811647749064235, 18.95403909108627;
  -6.329733757638015, -3.838582281886858, 18.79920029006578;
  -2.240981579232229, 1.122801468695702, 7.257702644385287;
  -1.805569253949739, 1.183693137433779, 6.092497060060619;
  -6.442340677253403, -4.180936862704399, 19.48381332376361;
  -6.19899072496048, -3.850990876851541, 18.86594686843306;
  -1.942586410790976, 1.122317449133912, 6.548279239210579;
  -6.494264628878471, -4.532721525926071, 19.77906496675634;
  -6.497161699478451, -4.271221580822438, 19.78733572616623;
  -6.148948704247028, -3.809700776280314, 18.92398278438869;
  -6.463768530339443, -4.392671358236136, 19.88272699081141;
  -6.054559288193144, -3.743233959874053, 18.95719536664009;
  -6.053675910150665, -3.839721239765357, 19.09528176684637;
  -6.275916734807157, -4.449428349200852, 19.82500046238178;
  -1.551979697641863, 1.161433074879031, 5.622681402712161;
  -6.307292196259338, -4.515559504616803, 20.03324562117971;
  -5.93790465919011, -3.886792341311009, 18.99943815599999;
  -2.81130208852395, 1.170013187157369, 9.54299098053901;
  -5.894707832662159, -3.829966180050206, 19.1150652887015;
  -2.808079565949279, 1.130014220666209, 9.582224477792259;
  -6.119945309629112, -4.718214378668089, 20.18421582346636;
  -2.012025647847278, 1.163468620615549, 7.286902491071641;
  -5.814384709566807, -4.34203678226684, 19.70677206620193;
  -3.04946372878497, 1.133268944910715, 10.81023101114882;
  -2.505441209099275, 1.138702637504763, 9.074650784843284;
  -2.141290571189447, 1.190272095525683, 8.209166593199218;
  -6.179960768190453, -4.62624415181415, 22.10834072006764;
  -6.01593828989745, -3.930377529853775, 22.05526536339395;
  -1.508842101669216, 1.173287485782175, 6.214324149954857;
  -2.156218663973502, 1.185575176659351, 8.585470853027598;
  -1.580610062875447, 1.161436022947079, 6.551481902526159;
  -2.083201884937249, 1.187172296869, 8.355380624552348;
  -6.157321614911117, -1.694535197387232, 23.0982913265569;
  -2.058723894160317, 1.195014579860852, 8.325033143088865;
  -2.251596238684397, 1.171971673015252, 9.323120876674116;
  -6.065710579022912, -4.798730726856483, 23.60975871426895;
  -6.351473033227704, -4.641311616564406, 24.75714501710379;
  -6.315636428082556, -4.222542046035297, 24.68729049224987;
  -6.109849587670612, -2.709606033442972, 23.9620369782687;
  -6.15921128353311, -2.183299879265086, 24.18359485817545;
  -1.957332092557782, 1.138741097187536, 8.356728621623986;
  -5.958320735009974, -3.439450712496039, 25.99671096548814;
  -6.037455485277791, -3.833699954298983, 26.95489907385433;
  -6.407634609186101, -6.185733529575518, 29.6193663230417;
  -5.474184594118045, -1.516926552160748, 25.40801305482882;
  -6.889138134288577, -1.517509230641803, 31.87578543437536;
  -7.092276243574518, -1.894281498349866, 34.0585860970031;
  -1.286310509716566, 1.154296760924304, 6.939951274928347;
  -5.931336579582323, -1.64288964101226, 30.22087886652009;
  -1.202875961187154, 1.179069002807831, 6.822109087762835;
  -6.422679007166261, -5.629160371260612, 33.15244246856883;
  -6.591178424967951, -4.015386369335122, 34.00231970291856;
  -5.443728103691804, -2.997171769578441, 28.46347279204431;
  -6.037871068787875, -3.545225494109007, 31.88002366513121;
  -5.060949794784616, -1.160590572982648, 27.23117447292311;
  -6.063393128699283, -3.275926105942371, 33.61188268745545;
  -1.09278125791874, 0.8943334736746271, 6.963360298940268;
  -2.475102530259682, 0.2318766513047037, 14.81662725852638;
  -6.043613487321762, -3.838885834370621, 34.9915238245267;
  -6.28464825931912, -2.963257943050924, 36.40763978040415;
  -6.458798280798641, -2.726366543787826, 37.45050498706365;
  -6.470736659508627, -2.198249833133632, 37.62905573480408;
  -1.872501124552357, 0.8062949544495712, 11.50308300978083;
  -4.867526501729832, -1.360645748340957, 30.54465150576424;
  -5.122020991596152, -1.74688984527533, 32.40562002137892;
  -1.987286557894235, 0.5044719380912446, 13.13505668436484;
  -2.072884668949131, 0.5834825793372319, 13.66450367708268;
  -6.487583477445685, -3.373179574086861, 42.34749818445565;
  -3.010661006903946, -0.7366022621708086, 19.95418905333053;
  -2.069294254886914, 0.6072916707476054, 14.38866287500991;
  -5.84905124385598, -4.683022577640128, 39.41022876288222;
  -4.463094343056071, -2.148974089666519, 30.66738273979571;
  -4.461053231368309, -1.101096602839751, 31.23979136378727;
  -4.393634910930853, -0.8870164238139031, 31.25137669636592;
  -6.625364006753711, -6.076284898099336, 46.93142131683509;
  -6.86735903488315, -6.382719052323163, 48.91702244602658;
  -1.805307025846136, 0.6685669459402033, 13.75117065907398;
  -1.836594557490989, 0.3049670441807073, 13.98074687063176;
  -5.763775399736609, -1.545908252902176, 44.0575248360878;
  -8.254085246151325, -3.790036226267511, 64.19960548518016;
  -8.374730310587625, -7.272663952459876, 65.60850758519517;
  -4.407094193274594, -0.9664849769798151, 35.34315686081428;
  -6.462888760118365, -6.880490969016432, 52.93051147220815;
  -8.258723474756245, -9.11944547929949, 67.29765749158352;
  -6.429135132965112, -4.822105990537686, 53.19898066637467;
  -2.382832399882208, 1.14571247826409, 20.37709416866749;
  -6.377227922582131, -3.440364979616451, 53.99259384002105;
  -4.40421962401803, -1.848304852803355, 38.17570865700876;
  -0.9484469442804864, 1.109425310886741, 8.931730980593617;
  -2.417939783997671, 1.261349031272858, 23.570386530234;
  -7.30722715492101, -9.180891724297771, 69.79289800449746;
  -3.62527481460859, 1.109177014053008, 36.0181782683819;
  -2.670573488264249, 0.8540459880622853, 27.8145317029711;
  -5.320761099507962, -7.21008579982481, 55.10138079375671;
  -2.560223348931186, 1.240097696468901, 26.98198578222726;
  -5.890620024126013, -9.448712042233929, 62.0056407234329;
  -6.555350043873301, -9.877837166086774, 71.88329619368527;
  -1.106165965058629, 1.256611721479283, 12.70646758782591;
  -1.064334617779339, 1.069320523330554, 12.54825242567476;
  -5.456154790397396, -9.482006367188838, 61.66304539779968;
  -2.404911465124966, 1.3451391904791, 28.35381765343309;
  -4.746368142336888, -8.53126247480898, 56.30892708198764;
  -4.467309207197746, -7.69713412303886, 60.02582089047515;
  -2.221732526334504, 0.05785441822252152, 30.40105838503002;
  -4.178471163440257, -7.058133393185027, 58.97755298505371;
  -1.570795995388759, 0.6379230207544457, 23.03227571661985;
  -3.170727814430457, -5.355017759349652, 49.59158161741901;
  -3.450977122363993, -4.796102823983858, 54.48022698392175;
  -7.9151166729813, -17.13184835326138, 124.3147810055484;
  -3.823339877015841, -6.308008437071462, 61.138351994831;
  -4.558637136437772, -7.725302828968413, 77.71119178603635;
  -3.175398499454193, -6.330137620201514, 55.60504561781385;
  -2.902313486399102, 1.231388733508614, 54.04710319586771;
  -3.245962327590632, -7.428465333724554, 61.37623495703068;
  -3.1022225020221, -5.013582533242676, 60.42016401743988;
  -2.668581355843077, -3.804496178495076, 52.44015465535519;
