m=[-7.2250516099744, -2.245078153072227, 10.52277405681533;
  -7.19420908164477, -2.270099362720189, 10.54887080954595;
  -6.740707787220068, -2.382208718346095, 10.80701251479705;
  -7.030304695857966, -1.944999206897643, 11.34145815454489;
  -6.534933093244744, -2.177347280080686, 10.65094967074794;
  -7.157126721489004, -1.88352508347117, 11.57606634684749;
  -7.018040749976089, -2.217639413874477, 11.402368040743;
  -7.203886705530326, -1.52031880519043, 12.35217705907288;
  -7.533953882722014, -2.300853185979624, 13.87583792871502;
  -11.75717640666946, -4.277200787452498, 24.82870788028214;
  -4.641347345556049, 2.371755383588434, 10.6420960493707;
  -4.525636832314474, 2.315445342684507, 10.56016253168325;
  -10.53840510894934, -5.672386005808026, 25.73249972766433;
  -10.16487397488427, -5.666774815573878, 25.58891271933179;
  -4.83210162589339, 2.375569519942514, 13.94505728831546;
  -3.567090301035922, 2.425190134678889, 10.68129902166271;
  -4.434775496456941, 2.491414781167486, 13.37679083535488;
  -4.78213738734135, 2.288971095285536, 14.61917927032621;
  -3.942276117831851, 2.447167620667193, 12.74581126079671;
  -4.384161970711626, 2.474984533520224, 14.20702785109861;
  -4.657085179825256, 2.333344516620372, 15.0825601325671;
  -3.737448169825393, 2.450192226334789, 12.61119834477642;
  -4.993545666787993, 2.403693537861502, 16.54974619646582;
  -4.024166276105242, 2.324937518764058, 13.56509256657553;
  -4.214465835780087, 2.489692993912061, 14.19443171131414;
  -3.223949227715094, 2.412661241953362, 11.68007506380729;
  -4.193855342607443, 2.425127679532941, 15.18878001179434;
  -3.145065955186385, 2.44562802369941, 12.95328337994663;
  -3.028716387449236, 2.455304801607437, 13.39108188785584;
  -2.340403897981691, 2.397755441184966, 10.64883208488388;
  -2.895829540988863, 2.426730099001424, 13.23391963633157;
  -3.135631244725646, 2.555496788842788, 14.40693929211437;
  -3.109420725088983, 2.350252668193242, 14.56953792004697;
  -2.52007068694536, 2.396085456716705, 12.05321794214305;
  -2.378459134989707, 2.410633924332025, 12.7976969961411;
  -14.06316933112476, -12.32567210735055, 72.59095646157147;
  -12.40171148942765, -6.828052184561044, 64.84449091326111;
  -14.55352972716625, -8.545320698340301, 76.84279224041029;
  -11.98259445624458, -7.359741237533524, 65.00554284386044;
  -12.19612563195751, -6.589314844187474, 67.60814205539785;
  -14.38967777499659, -5.452327713800106, 82.96656761528777;
  -12.40242902098752, -7.877987098336959, 71.80801543319824;
  -13.75471207845713, -5.80609351767878, 79.75491583647785;
  -15.86520158855912, -7.480559402141515, 91.90881027004924;
  -14.37501920685569, -4.883506351062493, 83.59456231753495;
  -1.954844655176255, 2.363462662535933, 12.19564190034455;
  -1.786107202628924, 2.341131398032376, 11.33568882285555;
  -1.889909425529318, 2.349749846274424, 12.32418034186984;
  -2.152533633378314, 2.224147098630564, 14.14107736440012;
  -1.773551083267241, 2.36250263669651, 12.33865905702627;
  -14.3779212553588, -7.475712715684538, 93.85143117993128;
  -10.34985191515409, -8.28657301383902, 69.73610157145353;
  -7.980795956684984, -8.370257689847534, 54.35806178566803;
  -14.00932428885186, -12.84829716860132, 99.23643438972765;
  -14.53773173086682, -13.51178186910472, 103.5540075567383;
  -6.854501158937466, -1.838452954223926, 52.39488600868805;
  -4.845421912705348, -1.299595699719067, 37.03775415504485;
  -21.30992084697658, -9.784896760860736, 165.7468357180123;
  -17.47103361283564, -15.17194603958168, 136.8698929755146;
  -9.764149383440431, -2.141298388058735, 78.30462616342271;
  -14.12170942617903, -9.648717388607206, 115.2809211922475;
  -14.80495912016048, -15.76158762804638, 121.2513610617793;
  -13.21314701057782, -9.91038359527793, 109.3344497852399;
  -16.24384390283553, -8.76317302378051, 137.5279787540329;
  -5.869411583850369, -2.463197306140165, 50.8759702607026;
  -0.9925429996788303, 2.287651932776352, 10.19038505951556;
  -15.64820560920507, -19.66060152939282, 149.459376981481;
  -14.6015399453574, -20.55266618429989, 144.689808265616;
  -10.33643684782271, 3.162501808860333, 102.6955593944251;
  -4.7901447396982, 1.53188216506855, 49.89027012724257;
  -11.20664436996873, -15.18596041515005, 116.05512205894;
  -1.003063889095343, 2.287210277242079, 11.17900076359958;
  -12.41758673640001, -19.91814118907038, 130.7095719424753;
  -16.97383016980971, -25.5767776518498, 186.1281020039644;
  -1.709381849343255, 2.261270442274742, 19.6345220302315;
  -12.25640617085078, -21.29985783310139, 138.5164752761712;
  -4.722294216763907, 2.641320943435172, 55.67567499663772;
  -9.691664242435257, -15.16397943681355, 114.2657372981324;
  -6.844583045735708, -12.30265599773912, 81.20127138709106;
  -0.7280764254904026, 2.316240148578108, 10.32105370540005;
  -9.792561095667125, -16.87249587289778, 131.5795462379174;
  -4.285179828188481, 0.1115870533469441, 58.63622222880345;
  -10.173215276396, -17.18425415655432, 143.5911173066496;
  -9.31252547498716, -17.46994146413113, 140.5278944997286;
  2.539401289534909, 5.496398802167253, -39.88382335175785;
  -6.181525156068529, 0.8054447165954419, 98.42925220852095;
  -8.864068227769252, -14.62454789951541, 141.743747835084;
  -0.5936750429291922, 2.276773087445787, 10.3095885380272;
  13.42081407861531, -0.6795597044979402, -222.0036468260977;
  -1.394925349486603, 0.6960106973428236, 23.57946632578014;
  -14.83491402499926, -25.14001440667078, 252.8911195215099;
  -10.1401740021385, -19.52284617938336, 177.3936188061365;
  -4.38707962078818, -8.745616575413784, 76.82303889884648;
  -0.5593267222463352, 2.26421147833238, 10.71411057877147;
  -2.646057082808402, 2.234493391987233, 49.15329355849355;
  -4.43236749985287, 1.88055750271838, 82.53988578049022;
  -6.570944267454959, -15.03776901097209, 124.2466111885609;
  -7.098318519570962, -11.47177732155476, 138.249777029518;
  -6.936728093752556, -8.650811695176904, 137.925085851827;
  -7.043119294635831, -16.4865914101181, 140.1730139457305;
  -3.767977116276429, 2.662719646473546, 76.98181106535408;
  -9.901476356652452, -1.744327055657958, 204.2697447006562;
  -5.052611483393458, 3.174914897447262, 106.5287224153179;
  -7.112050005040998, -13.77585427566368, 152.7553500942301;
  -7.638368130380937, -11.52885300366845, 166.2401594882266;
  -5.32806786097827, -9.186236319514768, 116.847250124299;
  -5.626029954235684, -2.453061099002747, 124.1826987973962;
  -6.000841456292296, -0.5666848494912038, 135.7682454307571;
  -4.356950466310186, -7.632497071989274, 107.0968279276642;
  -7.142017966074617, -14.03531331424034, 190.0781610928366;
  -1.942192182867262, 1.474756563735197, 52.30758211169756;
  -2.067562568137003, -2.474948652502473, 56.80191497761196;
  -2.664044615669761, -0.999855192237937, 78.37442383879812;
  -5.432804802752949, -13.64310599431804, 162.9966964093756;
  -3.350881188027776, -7.269109797941268, 110.5726106847955;
  76.64825032544358, 9.018724642735847, -2544.256555068648;
  -2.703883468340491, 0.5468162370411477, 98.43237175379583;
  -0.6763260490647119, 0.2991969417090283, 27.36667364828706;
  -3.259521761851836, -10.41383311990869, 136.5344114010499;
  -2.795850445181885, -10.59583345161698, 119.4439693079214;
  -3.755527619302189, -11.13375380918141, 167.331668512975;
  -2.645910673527541, -4.677938690472644, 119.3763576608813;
  -1.241362500308184, 2.523672864336628, 56.80819478286546;
  -1.008696809474916, 2.1754848513385, 49.34689274567041;
  -1.921967077965021, -8.93405014103814, 96.81587435441058;
  -0.1975665413175079, 2.236330246824762, 10.07982275472492;
  0.8688266664955555, 0.9078753785093182, -48.29417833528241;
  -2.00919700806836, -13.7929830715363, 111.6237756477286;
  5.745923014718195, -2.729564930983595, -330.9596635804232;
  -1.402946303493832, 2.601171576119205, 90.14573311041299;
  -0.9411004877570294, -0.25346994830771, 62.82896129247882;
  -1.398692654376758, -6.382160619635204, 94.20442861274024;
