m=[-6.617858818338381, -1.88345097840282, 9.999300588231266;
  -6.670339537591844, -1.805314400167249, 10.12404387295359;
  -6.628786298612715, -2.155261188028773, 10.09436616217817;
  -6.792808956688815, -1.28979608409703, 10.45365052291013;
  -6.824168823356754, -1.482904919556407, 11.0514972929566;
  -7.352753576452297, -2.347013817262625, 12.67546899692609;
  -7.215853525144472, -2.758168297823114, 12.7614300970432;
  -7.175468879058006, -2.390822527909561, 12.7055639297684;
  -5.020760535091731, 2.197092237067754, 13.16955912251998;
  -4.475622153823554, 2.267052001375763, 12.46599887693687;
  -4.494224531372087, 2.462013687877324, 12.58247255375091;
  -4.049714207824436, 2.218060967955996, 12.23438739783262;
  -4.258769865811005, 2.2490028219502, 12.97484412780852;
  -5.771438478539162, 2.137164768112599, 17.6067087344998;
  -4.306735298237864, 2.227733537603856, 13.58583618182092;
  -4.497282409369973, 2.295433297540904, 14.19148321260184;
  -3.479986401841392, 2.369003793187305, 11.30653031543417;
  -3.744809568089115, 2.238394374941635, 12.21559478201208;
  -4.504475641315322, 2.243642335829727, 14.65055856597565;
  -3.912805582525282, 2.354363308238654, 13.03814872163082;
  -5.467476850998411, 2.202735554614297, 17.86031388149044;
  -5.594001427758594, 2.189314797269323, 18.38557677268558;
  -2.975334870034255, 2.318585786339783, 10.33564095221895;
  -3.875190749482195, 2.376977833796059, 13.18420179145147;
  -5.207888171007739, 2.231555492126563, 17.55950613045174;
  -3.845880381817072, 2.313344989753077, 13.6421755702732;
  -4.527323069521963, 2.235733052739109, 16.5994305643331;
  -4.117092096568756, 2.378571142284383, 15.59679177753481;
  -2.87358705950636, 2.342976038932321, 11.52403370804982;
  -4.059077138973469, 2.32314246824037, 16.06088805041667;
  -3.980051618280726, 2.407238440432761, 15.95011801356276;
  -2.900345934863749, 2.322174269791888, 12.25986828702297;
  -4.201869485767155, 2.279695695650248, 17.40708087841771;
  -3.594932605270445, 2.324996587521597, 15.311549634535;
  -3.978814235706531, 2.313522066642581, 17.26235293142827;
  -2.773857289004017, 2.399865317788655, 12.62883296301074;
  -2.312741036895116, 2.326815729347815, 10.79359461282612;
  -2.411571179284838, 2.288217525530212, 11.61490283980267;
  -2.239928393385182, 2.3094465197499, 10.87952973532781;
  -3.291964742710944, 2.311892756656776, 15.67314735451139;
  -2.104321279582051, 2.282439389202819, 10.41428855129056;
  -2.530781821392422, 2.373652584007067, 12.98462252409427;
  -2.835039980322454, 2.231729829688226, 15.88139132288966;
  -1.602927163454944, 2.265174752889328, 10.05529660068721;
  -1.766220843886748, 2.299153242305564, 10.95323022526177;
  -1.778476926336069, 2.275927120476126, 11.11319509363312;
  -1.691254449386493, 2.276243965102787, 11.02641060072639;
  -1.626834155596187, 2.270591737058033, 10.76382705521702;
  -1.894366633955837, 2.259243100675783, 12.74774870819429;
  -1.571541254473789, 2.267381886955025, 10.9539942409695;
  -1.63885614553492, 2.22604780772271, 14.21476536153209;
  -1.42412275725203, 2.175577087127556, 18.07647398245179;
  0.805526699349335, 1.020764480894908, 36.84867753961515;
  1.092482988607662, 1.584110607199018, 47.45143039299554;
  1.517471668756554, 2.804025524742102, 62.53129548682128;
  1.096963342547501, 2.283374245844076, 37.84630858578981;
  3.721914914693803, 0.6412030846517417, 123.2549184499443;
  1.522594677545133, 2.314994317257356, 47.21311043171572;
  1.473412702529727, 1.871055624314404, 45.14535278623698;
  1.5570383740257, -6.067488566496622, 45.36700897322117;
  1.570256015753433, -4.819101330401171, 44.78762006018446;
  1.449463453601467, -4.835672365598171, 37.87399298851626;
  0.9939726033713757, 1.643109989607084, 26.16109050701671;
  1.550489213423811, 0.5954416010933791, 39.59543052637613;
  1.43024451376903, -4.997294964458327, 36.35215582909367;
  1.664832761142493, -5.822081206056136, 40.72773847150247;
  1.256498350883659, 1.307728113945766, 30.62056995992383;
  1.663699173748899, -5.870288282487767, 38.89787752837618;
  1.526103694278322, -4.659278939789491, 34.24260853136394;
  2.141946884879221, -4.579291692977662, 45.37510356290744;
  1.852792187973047, -5.941553736246506, 38.62897142988847;
  1.307385531090258, 1.385606063231711, 27.55935041655062;
  1.426322844764773, -4.163551412738418, 29.14883985391853;
  4.599475867968565, -4.309395031033962, 91.71616158481881;
  0.9768095539412516, 1.82593883557085, 20.51240151375722;
  1.652969410735325, -4.113635663869067, 33.35773103849363;
  1.355367193881889, 0.5773111599267845, 26.31188638014292;
  1.642855950904087, -4.020415883501188, 31.03736091687593;
  0.3390876580882374, -0.01783889251815452, 6.204968494033325;
  1.578087745926511, 1.025275367916618, 29.31755291608416;
  2.373678006754112, -6.924009860609839, 43.24226274339795;
  3.800645446495646, -2.553755080725438, 67.88516483959243;
  1.674386943969352, 0.3541916047844867, 30.80455224741873;
  3.504147605585056, -4.091829243481623, 61.23201456918314;
  2.516085484076894, -6.248987092102459, 43.43710649007053;
  1.663546947226707, -2.66940518366123, 28.72598768081507;
  3.262102915300184, -3.861047855398502, 53.1614292402172;
  2.908687554533781, -0.2842560675601285, 44.67148405161692;
  1.56872924498602, 0.1069278646436851, 22.68406532586277;
  6.244923147816795, -6.979931130222693, 90.64710675400342;
  5.024644549846173, -5.50057145150152, 72.95891028972238;
  1.972969335166724, -3.610249046511413, 27.02923444335839;
  2.228598574558461, -3.602709689348364, 30.34057970831871;
  2.391748612312316, -3.243323809635935, 32.13211082560845;
  1.978762959832347, -2.31456912270821, 26.6593643558574;
  2.321137258265678, -2.891841076924526, 30.97884241160186;
  3.493443073844139, -2.602405457320241, 44.69584960785254;
  1.981576003353643, -3.491674206904299, 25.78914620989834;
  2.464355696526219, -2.542947541360282, 30.84907070597165;
  2.244474970405905, -3.899763090306747, 27.83381933177735;
  8.814984286487963, -1.369727093597761, 105.9985181375605;
  2.062039318591746, 1.59827495428235, 25.60717997877802;
  2.294007033838732, -2.787859281496185, 27.82703203379705;
  3.820659976134526, -3.165959304334167, 45.69850964350983;
  2.179149707003587, -3.938937700181376, 26.07029778705042;
  2.524491647692987, -2.594278185191925, 29.81171028234204;
  2.414514840798212, -3.409779356327955, 28.10584371582775;
  2.878748769997426, -5.488244326163874, 32.72337397439203;
  2.566813542717957, -3.208993505720243, 29.4839257677356;
  4.069121573671599, -3.396200510597842, 45.34453175791885;
  1.704492552015469, -4.501421900802245, 19.491697967624;
  2.785838198128752, -5.044337832663053, 30.41104298688991;
  2.783070054295366, -3.553317951837558, 29.83569217555982;
  4.061466441840487, -2.641661073366472, 42.98084217526007;
  2.826804844366833, -4.01504720052758, 30.10955007300853;
  2.852855071314065, -2.720697683065875, 30.21090583602696;
  2.763438484111858, -3.226120723330738, 28.89621694417079;
  1.798204291959228, -4.368857251618094, 19.01298867051948;
  3.174617624265788, -5.455163765060832, 32.35481919991493;
  2.757434115633138, -1.741891170762382, 27.45017864810757;
  6.268199746877089, 0.5914513292782323, 62.73391469756943;
  1.883272641000338, -4.501927291690586, 19.28977053452867;
  2.634038428657029, -2.7629462391988, 26.40427113635928;
  1.955653106648915, -4.7679961841237, 19.96273899413411;
  1.90542490462114, -4.307658927475735, 18.78636745658505;
  2.762118590330038, -3.942346717526838, 25.99860328489326;
  3.026746207664441, -5.122881153315398, 28.28777105807828;
  7.02438370611925, -1.452910214151734, 64.24283434016689;
  0.3109056719585913, -0.05609640869484987, 2.749830648637099;
  2.19348632697779, -4.686411536138647, 20.19812052917641;
  2.751410015102691, -3.453506054850977, 24.70551461808536;
  2.625812536149871, -4.485965386025025, 23.12342896306607;
  2.18496713376347, -4.47337725151024, 19.5294739201517;
  2.459056775519243, -4.93934558356372, 21.22603925219882;
