m=[-6.169505910394496, -1.986790646817469, 13.14880684228466;
  -5.998094123336626, -2.401412791688527, 12.91413535385726;
  -5.734173328011988, -2.161003962838517, 12.4224107967886;
  -6.088534874826461, -2.388326045459634, 13.36063544360939;
  -5.569610453303094, -2.604372357840181, 13.00784033185871;
  -5.4982845843626, -2.316807372930476, 13.04320280246514;
  -5.844110527209275, -2.715018593198049, 13.8564009214468;
  -5.720633521016922, -2.920434703659387, 13.71110236634365;
  -5.833296980134063, -2.927207695764079, 14.08091797683027;
  -2.203780875624752, 1.116288567928045, 6.138214750117663;
  -4.06745123847782, -0.9698536155055005, 11.61642240896523;
  -4.157704575482302, -1.044676939006388, 11.94129693234094;
  -4.015847924120274, -0.6826496625571445, 11.58234224772864;
  -2.012618222890503, 1.174061624198865, 6.325430251372934;
  -4.143750293238233, -1.004854146146389, 12.01859556430321;
  -4.111952885393342, -1.073393886554991, 11.96216322026686;
  -6.509604301567612, -4.050339692675684, 18.55979070791253;
  -3.8883595489953, -0.8497986387675064, 11.48392730038767;
  -2.910574396273593, 1.07778625343001, 8.879179053166098;
  -1.884702838117047, 1.126548134043152, 6.147913728679646;
  -6.246652002402712, -4.317479676010239, 18.17772500053986;
  -6.198733073207049, -3.825109882176948, 18.17402258574805;
  -3.612518221336067, -0.9528488484677568, 11.04291165201425;
  -6.20205131706705, -3.96831383310633, 18.38829895267218;
  -6.093209289172361, -3.761101048068376, 18.11580826791368;
  -2.228377919807923, 1.109936747188028, 7.247676271535998;
  -3.750614437854167, -0.05302502842376142, 11.56728525678639;
  -6.176887558619439, -4.014835532838618, 18.47460860210914;
  -3.669553725309951, 0.2536591631980376, 11.3858088053278;
  -5.989833479269767, -3.790281463210905, 18.01668323512462;
  -3.80104481036249, 0.3811616804927356, 11.84270225893576;
  -6.055803554602111, -3.965904726414603, 18.39200014589295;
  -6.21721888689298, -4.382857196985202, 19.00486080112346;
  -6.003795492811937, -3.992698292384762, 18.38650022163672;
  -6.001035178437608, -4.066051042580899, 18.41661051880234;
  -2.742029644518123, 1.104708141321809, 8.957241421973706;
  -5.772019567434009, -3.733923650275416, 18.00965858987805;
  -5.935759978014702, -4.044327337792201, 18.61759659449245;
  -5.755811098668732, -3.827656684394872, 18.18736254376821;
  -3.469658282076859, 1.088852703405646, 11.37640790821559;
  -5.66291649141296, -3.651556696855582, 18.00618752700053;
  -5.642810520459026, -3.749676020507918, 18.08561588965453;
  -3.019861271377574, 0.3567233015782858, 10.14720824588371;
  -1.923837715744664, 1.157212367253394, 6.824271501263346;
  -3.239172758461172, 1.131133555084763, 10.89626089439593;
  -3.07650860146401, 0.9990190017565128, 10.40345986201505;
  -3.006822713531464, 0.1051460062380492, 10.23834854685601;
  -3.009135976503754, 0.2455953839665276, 10.26167307432257;
  -5.911523398955552, -4.575603348958394, 19.30467809964397;
  -3.11937172245841, 1.058128754523364, 10.65894810556324;
  -2.93197701662671, -0.07081795676521366, 10.07930719666542;
  -2.973620182266491, 0.4505851658824767, 10.23413248351919;
  -5.55064975832908, -3.781647981234475, 18.29772740688103;
  -5.591265918868314, -4.010433186511357, 18.45120706300238;
  -3.060334640171182, 1.003797631564073, 10.55889005238337;
  -2.799647301810298, 0.1712402888529131, 9.829123395870841;
  -2.868677474824969, 0.632951316165398, 10.07587469868432;
  -2.905754720007548, 0.4628005846724763, 10.23960424109505;
  -2.907299492520257, -0.2618988910858795, 10.24840856997994;
  -3.034695774306012, 0.9169117640775326, 10.73153959296048;
  -2.883257383392321, 1.114232630322838, 10.24992179802534;
  -5.647137167167224, -4.445583672859814, 19.16240829650907;
  -2.803957710201347, -0.1503749111943468, 10.07032809859157;
  -2.800214007993579, 0.3877517819615479, 10.13011010362703;
  -5.514507735186524, -4.314524513383086, 19.03317942980323;
  -2.894075817971607, -0.1355865664498248, 10.47724845860637;
  -5.456679009750319, -4.402210650354793, 19.01513663322227;
  -2.037664410800678, 1.177221604838458, 7.71928992169937;
  -2.541772915267204, 0.2914484894134419, 9.803916613841755;
  -2.03187392287947, 1.162907833169492, 8.03968451217488;
  -2.619484657789649, 0.3966780753786878, 10.10598163623286;
  -1.928273622475531, 1.166269896193147, 7.727586169902672;
  -2.285369786695699, 1.130934885213409, 9.018034671182537;
  -1.865898955229705, 1.13193180742456, 7.695888376085401;
  -2.110564263644072, 1.102607715955129, 8.687913326204056;
  -2.11311056677714, 1.146453758221715, 8.753981213724705;
  -2.003291699961389, 1.197639969990203, 8.705087401007363;
  -2.259244857328061, 0.5068937232583857, 9.832427921155356;
  -1.637372124493445, 1.149899543410905, 7.795580021984609;
  -1.219183923810449, 1.143488169019773, 6.255238165656199;
  -1.998755452507476, 0.6664001260835525, 9.971871337221852;
  -5.052368254422387, -3.010837568331074, 27.75376718254515;
  -5.427193997185974, -3.436518878745932, 30.16503853180369;
  -5.510114924749307, -3.669963690223235, 31.48987695440558;
  -5.823536039051444, -3.432649299622407, 34.10042425517001;
  -0.9378276950012179, 1.118463929619428, 6.310917629759792;
  -5.329890605097281, -2.218250855107472, 32.58332154326426;
  -5.792334902899821, -4.006268653218454, 35.52547355285194;
  -5.530352170307798, -2.846847002279349, 34.01007972889302;
  -5.746229727322111, -2.653946834674868, 35.31363887747953;
  -5.55926510494351, -2.081454331639953, 34.29770060410162;
  -5.938343814218024, -4.298482435517272, 37.32383199182909;
  -4.796550281398822, -1.447566689666138, 31.96120906426459;
  -5.505478112089109, -3.139788326647853, 38.4693858167613;
  -6.182314719810626, -5.462681849003698, 44.70560736396249;
  -4.334581752647242, -1.487742225268804, 32.15505244808865;
  -1.057036611006604, 0.8412873031347007, 8.618868815406232;
  -6.426972354768432, -6.709790106357051, 47.91548999913167;
  -5.959739567388437, -6.121530989121006, 45.93592030428042;
  -5.335714478212744, -3.038411277727624, 43.37331495921804;
  -5.548681005079494, -2.883213685021212, 45.22394405091719;
  -5.951381386516689, -3.071634984887487, 50.55788434210795;
  -7.042135205620591, -6.816183686635831, 60.27081499644305;
  -4.043219921786092, -1.030680845403676, 35.29479232760956;
  -4.013539192405419, -0.2363520104594901, 35.60140705857003;
  -5.823829899756889, -4.947594024757181, 53.14989724537436;
  -5.851844927635201, -5.802507087005249, 53.75965501780095;
  -3.789336020436263, -2.320328062397773, 35.3214943308276;
  -4.419655787159678, 0.3571636840197682, 41.29948737511396;
  -2.176356018506595, 1.151131907248231, 23.23689467412005;
  -2.044971618200729, 1.172462343851073, 22.00162774722579;
  -6.681150502529818, -9.551996308474861, 71.34649439185387;
  -0.7245715687920622, 1.095364464318274, 8.639692810300542;
  -2.768341771608482, 0.915411562486513, 30.78768155883476;
  -5.292576864784594, -8.488460741342145, 58.79439166065448;
  -2.721076896708841, 0.959928785028428, 31.69664396132571;
  -5.35815340472911, -9.864492749498938, 63.68505453159175;
  -0.8609940869472263, 1.121926333858707, 11.08788897266621;
  -2.319301043393385, 1.232027407963001, 28.89319497418903;
  -0.9211061229931451, 1.057656025994118, 12.14304257653146;
  -4.432187095509415, -7.711866783474882, 55.28791344102984;
  -4.82608006532452, -9.736078331828761, 62.29756877502733;
  -1.776431075016291, 1.114347545787968, 23.78806204689674;
  -4.778526503828287, -8.776963664034684, 64.84741493952436;
  -4.095050560836632, -8.198513535636586, 58.78762838849987;
  -3.842733054688886, -7.823193171663649, 57.9411473078001;
  -4.326232674429026, -7.968382191137812, 67.86037051175276;
  -3.645980879279833, -7.530251348053294, 57.63080436657389;
  -2.993277242929281, 0.001550921905143219, 47.91173850835018;
  -3.43313225626648, -7.015211322952768, 57.52013804499403;
  -1.236976296025294, 1.01336881223363, 22.03638272066969;
