m=[-6.534435993473479, -1.769362301170854, 9.124193811346421;
  -6.560941699813738, -1.980481656486743, 9.882254112875545;
  -6.892573031328056, -2.313431167193829, 11.49664070204864;
  -6.392291839517224, -1.726001757874171, 11.14260745861598;
  -11.20857157846151, -4.277620455834727, 23.91427562090483;
  -12.07981095710595, -4.803958924625216, 26.17489371663518;
  -11.87378124646735, -4.1447168094696, 26.09395018757445;
  -11.32535846140184, -5.353735978077382, 25.41610627954143;
  -11.71008958242702, -4.957337340155353, 26.28481232554854;
  -12.22153997749179, -4.81551276074855, 27.40464649772093;
  -10.71822125444942, -5.800804017726819, 24.60101447839844;
  -10.63368142642427, -5.251567606329692, 24.6225376115722;
  -11.04090868213515, -4.720702807962439, 25.85859082238977;
  -12.79435350858294, -6.382692553379961, 29.83959663559517;
  -11.90021841894281, -5.601914106682135, 27.89868894874339;
  -11.36169120165045, -5.88129673971079, 26.94119120830231;
  -11.41940522593817, -5.58556754695773, 27.26364792875363;
  -11.59693148883939, -5.909448864610182, 27.73555707183368;
  -11.37297355898942, -5.688121671030538, 27.29557548684883;
  -11.43137121080764, -4.102946140611211, 28.20095408961273;
  -4.235759585419805, 2.266227125625642, 11.08510766152674;
  -4.216976824843677, 2.213001795210617, 11.13471072073525;
  -4.508087712795184, 2.214817084967427, 12.77158744862975;
  -7.462221362409484, -0.9840642465050243, 20.67801821306178;
  -8.354382743295757, -2.331905958049383, 23.33377625513746;
  -4.2095379967402, 2.259755514006182, 12.23214267808646;
  -7.931405787314714, -1.909787473485098, 22.36147513886347;
  -7.914837299839558, -1.737750133873352, 22.4229414615837;
  -8.168375926303526, -2.077193914247542, 23.187793290117;
  -8.125497788260741, -2.157548832774775, 23.37073652008588;
  -4.444281002387147, 2.241069608720538, 13.31911760894447;
  -3.793913941975962, 2.309037182524907, 11.55216905952443;
  -7.698974270657762, -1.709441370438705, 22.45194030087801;
  -5.505603710767971, 2.200150017484921, 16.39450660690969;
  -5.687639393508232, 2.189738482407483, 16.90510354855759;
  -4.421232361362081, 2.326702840624006, 13.38772499740947;
  -7.545274920122878, -1.465604354536555, 22.21672697174636;
  -3.665800769205198, 2.276526839946018, 11.35735200376708;
  -7.607130635626661, -2.449550227193373, 22.93327345874596;
  -4.257029901949013, 2.208654260728464, 13.35101068513524;
  -3.681822825008242, 2.309315004125029, 11.73439326992897;
  -3.263977045310131, 2.305479953265824, 10.62580722667136;
  -5.304113358904903, 2.229414260183063, 16.9312379511124;
  -5.510721901025656, 2.245675984852972, 17.72672984650492;
  -5.078803481883989, 2.27113689605361, 16.73093166057442;
  -5.077631366711493, 2.199792453288042, 16.83378049546489;
  -3.675359064182663, 2.311674618665644, 12.54227001668042;
  -5.957032991789076, 2.147812735557436, 19.8120821094716;
  -6.035861629145039, 2.044391732247085, 20.11095894368334;
  -5.910764631005337, 2.034183006290976, 20.142913918658;
  -3.40200299898925, 2.32538238969791, 12.10845374160335;
  -5.358475227743902, 0.3705399553167194, 18.53362583301124;
  -4.694029687540431, 2.311610005087927, 16.4908992536352;
  -5.701543027283413, 2.327139792553569, 20.00652598691984;
  -4.394605378070605, 2.271145491980326, 15.72995075790742;
  -4.944835678277587, 2.219240704295615, 17.59291357010881;
  -4.011414960368731, 2.342786376355114, 14.50104268866303;
  -3.858119548060021, 2.331902464963287, 14.22356306274493;
  -2.945135227542802, 2.36840256573084, 11.4073247743446;
  -3.884709246358139, 2.330847853091301, 15.01175310696075;
  -3.770268191485974, 2.353600292287913, 14.64694614262086;
  -3.565955113522212, 2.266804898263006, 13.96615726440577;
  -2.714419768678785, 2.276806770083352, 10.99307198103947;
  -3.918519201175613, 2.151520428268952, 15.8827621884825;
  -4.044307119020541, 2.305927845819611, 16.47590106979923;
  -3.378006178200551, 2.297648316611531, 14.04705186948677;
  -3.907737999267934, 2.332006518031148, 16.17295869615147;
  -3.75731046061716, 2.389684027345633, 15.56367944882077;
  -2.562524904653579, 2.233811725195259, 11.08684161855076;
  -2.385060063720315, 2.187881469448923, 10.50515856394015;
  -2.204227247075966, 2.210599376705031, 10.19206449393019;
  -3.069425803596127, 2.273930361027202, 14.34931804937784;
  -2.208041696364398, 2.20444640580873, 11.03868263901056;
  -3.155677434361856, 2.239299785079499, 15.43026755772429;
  -2.193475068446367, 2.236251875036269, 11.5359194412115;
  -2.144693358958468, 2.257619032908773, 11.6468224382369;
  -2.019709467139244, 2.257604724547942, 11.19017109671235;
  -1.790557083630343, 2.154215084715352, 10.81864296704687;
  -1.87462779691977, 2.204198869513855, 11.36819336647018;
  -1.634981777425711, 2.135372615269513, 10.4135796581869;
  -1.8421690687702, 2.238128542034962, 11.60017098324812;
  -1.652557140139152, 2.204833782038983, 10.97812927293877;
  -1.709696489716457, 2.193351673876723, 11.33682523024205;
  0.4602168260176756, 2.117660801323018, 10.31467994902131;
  1.121871712826458, 1.749769454358118, 18.54055227094207;
  1.823711278955732, -3.768113578328833, 28.32870421303021;
  1.080624040319073, 0.6106095266831789, 16.45009350330035;
  2.188907928347986, -3.89689721730671, 29.65153850709066;
  2.595688438565644, -4.698847586358259, 32.13225652062578;
  2.177395749037394, -3.110149925390607, 25.46690812383545;
  2.444641493080498, -2.923640211940846, 28.25956694909811;
  2.456380375528938, -2.701724647843333, 28.20945551417668;
  2.635365888897654, -4.635425728305391, 29.1514677692311;
  2.360430382033628, -2.993461926736008, 26.44938772391324;
  2.243746180339321, -3.501283230062054, 25.00570340221469;
  2.154352953539504, -3.963405813487622, 23.12076908115378;
  1.863127831400745, 1.290342108772842, 19.77300604146485;
  2.604059850288016, -2.820543957181292, 27.01561134865335;
  2.264738801818241, -3.667248553550233, 23.44955883468285;
  2.647488178847536, -4.824508156684201, 26.83537657414012;
  2.720864966464967, -4.739195988058709, 27.44152103055307;
  2.46037059837934, -3.110915280737799, 24.88588543320276;
  2.416110090781174, -3.141306927372781, 24.25272917989133;
  2.678430358674382, -4.463791430470697, 26.0610845954858;
  2.626294743795281, -3.020498238933548, 24.68194531262225;
  3.488266260759265, -5.480184759321755, 31.57459377313481;
  2.773432846444303, -2.92555088544741, 25.46930262225581;
  2.637396164057253, -3.798566784459388, 23.69135015469436;
  2.868240075618183, -2.748535281715625, 25.36188939385536;
  3.004118200395163, -3.507618531399884, 25.83845981698345;
  3.186310099148542, -1.708428542512429, 26.51254207860994;
  2.716626782599807, -3.546505430266722, 22.58916025033322;
  2.212695410140182, -4.360923681348052, 18.31415255365928;
  3.129539873057765, -3.715551626244115, 24.4474437568526;
  2.302367633704102, -4.343510048464048, 18.0414875051924;
  2.874519265525829, -2.883564564348256, 21.83335993174129;
  3.290824173348054, -2.84596556113746, 24.44508318150363;
  2.381179962101008, -4.27106545930082, 17.99545658573272;
  3.271627741994818, 1.687974801058099, 23.81038577317745;
  3.009752463448205, 1.365542872799126, 21.9260282286487;
  3.847854891892886, -3.690614879125885, 27.19434530895103;
  2.532774094736127, -4.31694453224536, 18.24239486174359;
  3.39954531924792, -2.734643420078571, 23.97071155466654;
  2.556797051736095, -4.223123470952939, 18.16285268506064;
  2.970226394826335, 2.092884077445343, 20.68938625877756;
  3.691953051925299, -3.610386458995767, 25.60002876689519;
  2.578544761131977, -4.096410478859417, 18.00147359971137;
  3.581733003743256, -3.941560860867046, 24.59151875159691;
  4.295359944628449, 2.268276907671842, 28.77973340184722;
  3.530699333851843, -3.970646825332915, 23.90242606169494;
  5.157729505378176, 0.7374164522894936, 34.08650668050274;
  3.668183248900935, -3.351864359882276, 24.30168152608868;
  3.479781766055119, 1.474477593279288, 22.99943290262253;
