m=[-5.503111214857394, -2.100198133064751, 11.74127474168801;
  -5.550756974518838, -2.054811650938634, 12.03680966106343;
  -5.599151516778052, -2.646837097849419, 12.56548572044684;
  -5.83370840286579, -2.298588991912915, 13.08106153936021;
  -5.392771726433666, -2.305758825165168, 12.63025367631544;
  -2.094836824109237, 1.099336763037321, 5.531309042578096;
  -5.595048321479514, -2.896236032789, 13.26715045967573;
  -7.578683890980817, -2.691661594062511, 17.72705494193384;
  -5.376809507592286, -2.629955947579914, 12.83704698227205;
  -5.477491970046624, -2.791165812650918, 13.10012836515799;
  -5.381771268978533, -2.691659276690206, 12.91645875754686;
  -7.720958888035947, -2.869319812111955, 18.30832234478714;
  -5.137913775975027, -2.688342343124504, 12.63241557818689;
  -2.23296494076235, 1.097052501196182, 6.326076338250338;
  -5.160082403103278, -1.84408545967185, 13.31172762453652;
  -3.57669411974764, -0.4716687743489739, 9.911116617801859;
  -2.190856037829674, 1.104759325709773, 6.565802031070041;
  -1.797368223625413, 1.11619732221195, 5.568590570328592;
  -3.876510842757501, -0.9334173596524464, 10.92927321591558;
  -3.868785573645568, -0.8494151419469054, 10.96037090326956;
  -3.891967857811052, -0.9897159510814308, 11.04823614790972;
  -2.76792365701479, 1.065649301720725, 8.226969538495146;
  -2.744656254792765, 1.096819862853891, 8.172997452557182;
  -3.867497954420117, -1.026929785074011, 11.12378318720468;
  -2.115782900768346, 1.097721422257092, 6.635574747232055;
  -3.533635275865733, -0.6863780713729725, 10.40463216685047;
  -6.360876843260391, -4.213007622253854, 18.06953929453393;
  -6.149921631789495, -3.901574395431419, 17.52945184398685;
  -3.693809194424697, -0.7619236428261991, 11.00169527116581;
  -6.022453832610575, -3.841352433695037, 17.48658903563489;
  -3.607858661281341, -0.007311844465782316, 11.02438470241135;
  -3.556689345140949, 0.2623970581712199, 10.88931068299241;
  -3.630162177772625, -0.9167490471764481, 11.14806289239196;
  -3.613562061950337, 0.3897825326813091, 11.14124641788899;
  -2.587313596842109, 1.087494447810263, 8.258952853776599;
  -5.833583639235554, -3.670371015181424, 17.38599825736675;
  -2.653833640023124, 1.08146456675407, 8.536774825363791;
  -6.060531659139775, -4.263429634776595, 18.17689246187399;
  -5.776077713659517, -3.73322823023696, 17.42052642344616;
  -5.934564175141591, -4.142347129667181, 18.02862291078385;
  -1.813878340820004, 1.140867177491249, 6.18991274884649;
  -2.463457016875131, 1.101607522878962, 8.115283677566364;
  -3.253894246761595, 0.4252822294597018, 10.49800288152853;
  -5.618342040023562, -3.724462564302609, 17.38990079876825;
  -5.553928687200403, -3.683128508683378, 17.41001123169369;
  -1.671711673065507, 1.142670622675498, 5.949978136005749;
  -2.933193695429107, 0.9934947665233239, 9.773142859638625;
  -2.966808621078754, 1.069685084688577, 9.867102647394855;
  -2.837435362275278, 0.1137374839912435, 9.523005070427644;
  -2.867380696535383, 0.8839620736002124, 9.62461430590588;
  -2.801605224481014, -0.04807078038909465, 9.488229206472488;
  -2.812818687679576, 0.4510997282143989, 9.54482144275492;
  -5.408045840510288, -3.672676194413346, 17.40307516927761;
  -5.632013067332268, -4.274681996882721, 18.18645306712441;
  -2.896416930869912, 0.9967986322789714, 9.870512624545674;
  -2.301762040767329, 1.133519921463754, 8.086469078133378;
  -5.351901369806885, -3.754045993024472, 17.48017097769744;
  -2.749298993315356, 0.190114740264329, 9.509137707936144;
  -1.965564057546499, 1.147948228086065, 7.105405097049228;
  -2.725734528419459, 0.4927212004617436, 9.487852660413564;
  -5.275700251866689, -3.680439657535353, 17.48953134446247;
  -2.893167809116658, 1.021671423709703, 10.08393855839418;
  -2.38971015243995, 1.072501168251258, 8.502196413558453;
  -5.365681191132823, -3.941226251673207, 17.80407747372035;
  -2.915512874095638, 0.9276411012466789, 10.17368758223423;
  -2.732193830720265, 1.115171271007308, 9.587177824325119;
  -2.629125233124589, -0.1296228710392176, 9.320165530600592;
  -5.37886373743273, -4.086032952487265, 18.03754990927097;
  -2.650132267923581, 0.3923059323385746, 9.463733200657122;
  -2.680136261952655, -2.368019494807736, 9.454546004346437;
  -2.798769080790186, 1.010857254195132, 10.02875876740825;
  -1.845003432622151, 1.151748469272746, 7.167571254371806;
  -2.479923394805398, 0.4016718503947809, 9.455292514276675;
  -2.499762759306166, -0.2314385270028469, 9.554875688972802;
  -5.560967932376125, -4.498006893914596, 20.61810534729659;
  -5.37161127880963, -3.875854029480094, 19.94221003154467;
  -1.993181298793538, 1.136444914640414, 8.119921886903931;
  -2.08485554583127, 1.144720509599658, 8.450453636119091;
  -1.580458322150566, 1.127220252161967, 6.763597736707427;
  -2.305292252865948, -0.1924947635411634, 9.520801250870116;
  -2.191486380796482, 0.4616355504727352, 9.401545885423515;
  -2.089044944050261, 0.4970888515637674, 9.019686829430764;
  -5.19042215670159, -4.476768083379565, 21.15391042536919;
  -5.487328272979139, -4.365414274556723, 22.42833381431765;
  -1.516755524739613, 1.123661772153059, 7.090709735397606;
  -2.034284724170646, 0.467224726773629, 9.444885371591042;
  -2.056389462234723, 0.7273822818040933, 10.18609657926419;
  -1.869052284236041, 0.357462342841626, 9.467217059918124;
  -1.891468286764854, 0.4802008685882163, 9.612768467455128;
  -1.005261738806148, 1.123668373031186, 5.569638127286063;
  -1.729857560290476, 0.6421382914629485, 9.305337005398265;
  -1.720193477490539, 0.6165868220020563, 9.398165114645856;
  -1.71890317611683, 0.4265799713717666, 9.450195289776106;
  -0.9140755518158984, 1.09972218160113, 5.522894036951091;
  -1.668694220133413, 0.6163229490955275, 9.511366710118393;
  -0.9130315756216439, 1.109280393325759, 5.74937586884253;
  -0.8656790222181366, 1.110570527484097, 5.740230408966588;
  -4.741924386402341, -4.929921674763079, 34.18095763664446;
  -4.182287653656406, -4.531566986359576, 34.15143897931774;
  -12.74178110505232, -15.77048131426357, 110.932807089674;
  -0.7592130965250045, 1.103031144445358, 7.940612153802741;
  -6.513293077562003, -7.632655340932734, 67.40118761648046;
  -5.27961894005511, -8.287027178443749, 61.98411005688619;
  -0.7491778631764702, 1.117288254348342, 10.45885068436408;
  -4.726786784827969, -9.668511312125963, 62.39322214738267;
  -3.231560564990998, -6.261814203505646, 42.67773153059935;
  -0.6134202633031828, 1.067626921504931, 9.067954764613356;
  -3.691853302244115, -7.171875018511588, 51.43374580835001;
  -4.422480388723491, -10.00903727373078, 63.98179423605682;
  -0.596040630365353, 1.056727703563857, 9.697713284822726;
  -4.095499508236757, -9.27104997868228, 66.49936871224863;
  -3.164295072258149, -7.539781011764895, 57.71229692726298;
  -2.939270209957452, -7.002880856596303, 57.39878182830351;
  -3.35205595360424, -8.376419970873796, 75.78319323326369;
  -2.428771537268008, -7.793288940024874, 55.96552004599304;
  -2.600967505047598, -6.396166930588554, 60.80949182351333;
  -1.857950699362088, -4.83115576019431, 47.85675790663879;
  -2.311505377850572, -6.713913605657792, 67.36254327497889;
  -2.031692506440942, -7.630172965146309, 61.84303500591112;
  -1.890575080487202, -6.074489136109723, 60.45721908942867;
  -1.851027210708422, -4.972021968902547, 58.73217005637871;
  -2.076022387318573, -4.912803058502585, 66.33544139066346;
  -1.840908114827088, -6.552433445324332, 59.72994638397999;
  -1.607710272483786, -3.406511150201633, 53.35644557333962;
  -0.8941525665378004, -0.4673428912316951, 30.34416379696937;
  -1.67126448172372, -5.774093927516105, 62.76274077049437;
  -1.996600009582832, -5.462551458038842, 77.07424691188813;
  -0.1225353530380973, 0.07756610269251331, 4.736706340659623;
  -1.270885679765778, -5.51188360233663, 62.6534394290071;
  -1.172529009329084, -5.028557554204654, 66.75305395812245;
  -0.560500011024432, 0.9268069817239901, 32.78287373536437;
