m=[-6.546848039971168, -1.354568438223067, 8.771861543230111;
  -11.25049158317864, -3.693115931255585, 23.04965469742919;
  -10.85991169508994, -4.21664034531108, 22.53989148653873;
  -10.7743285685731, -4.512399881173636, 22.7861724272881;
  -11.14145776364411, -5.367426476064495, 24.4069884869128;
  -10.66682910861831, -4.750519272088488, 23.45773394747458;
  -11.22959102378259, -4.511488582478542, 24.64440811881864;
  -10.85278735097846, -4.217679563388542, 23.84743968828692;
  -10.08029663025548, -5.214720249507356, 22.34379045131428;
  -4.730628586252821, 2.175025709154134, 11.06539693010408;
  -10.43997073322748, -5.314443108021993, 23.26705912419872;
  -10.54163035913144, -4.355249664929746, 23.52125154136409;
  -10.52989662805635, -5.438704435884382, 23.80318925560871;
  -10.596663620033, -4.612016439047666, 24.24379972119063;
  -4.141262091193112, 2.20250924749946, 10.13491747770252;
  -11.06672397571398, -5.823628122223331, 25.67734264865004;
  -10.22139968701841, -5.095869874217254, 23.89980072452548;
  -10.21219411099915, -5.405927632620498, 23.90512572460709;
  -10.44318293909155, -5.423434433247566, 24.47768976424184;
  -10.2769711460816, -5.238470528403624, 24.15876822372141;
  -9.775962403054734, -2.91494164869826, 23.79704660453061;
  -9.494545358329395, -2.698466593466202, 23.31463386138649;
  -7.783442713301997, -0.6637946595660578, 19.69227087675343;
  -4.407345072005914, 2.190875926235718, 11.72104867054211;
  -10.05128755153633, -3.66689181587797, 25.41780281071164;
  -4.48049446570544, 2.181029198299988, 11.93658115041904;
  -4.09402174902158, 2.235604006510439, 11.14331772873487;
  -4.143659363601412, 2.212826513531896, 11.27564612494787;
  -3.73335609570276, 2.301676947425741, 10.42080464988224;
  -4.035410708175492, 2.215852384074686, 11.26071278774151;
  -6.897411210278795, -0.9337635426721019, 18.52022770624152;
  -4.292021412875329, 2.202403578727712, 12.13940842868933;
  -3.49786357293088, 2.211361913804788, 10.09205703611346;
  -4.017566226334142, 2.22644064997873, 11.45627432634925;
  -4.255582978467296, 2.25898905603959, 12.14189098444216;
  -7.572354472656664, -1.85847760911053, 20.76878675013841;
  -6.674141440324632, -1.138995238839452, 18.48116102844959;
  -3.565255609101927, 2.317284774727112, 10.36860656772334;
  -7.607818599908172, -1.708549193918399, 20.97269602424016;
  -7.480134282986566, -1.947731300251101, 20.69579597383735;
  -5.370715315899879, 2.096651032287193, 15.30651197573716;
  -5.455277856011509, 2.203179001033595, 15.53833665761442;
  -7.412057759493591, -2.005465112610265, 20.78531594553285;
  -3.80813702294414, 2.11845754749451, 11.25501538675007;
  -6.988459355382701, -1.302860133933264, 19.84665503946376;
  -7.280299863158716, -1.672984790492564, 20.67972168549972;
  -4.179462686510698, 2.205122268228295, 12.37756233224441;
  -6.669508686582598, -1.32544424190911, 19.11114541737543;
  -3.838300775756431, 2.302377906768105, 11.46861300560694;
  -5.242723988437418, 2.123723895443379, 15.40544245201178;
  -10.62149697130993, -6.882009973045894, 30.11240117703008;
  -7.097613573987126, -1.111176860288581, 20.60542418746464;
  -7.172991992673799, -1.52392172313233, 20.82544728198786;
  -6.731971589985427, -1.841413484806447, 19.72819550947214;
  -7.092831965868287, -1.77703498421709, 20.77111249337106;
  -7.214730694290948, -2.374522586994857, 21.20807090401611;
  -6.984340113094607, -0.0310748788329072, 20.80414672374765;
  -6.85854337018406, 0.5034070235950773, 20.45886881885438;
  -6.905872100532578, -1.782429057047072, 20.70922288311398;
  -6.970387184071211, 0.7531106401543981, 20.9596342356596;
  -5.018538629736207, 2.147324339790011, 15.3869075343469;
  -6.862316057755971, -1.196388549592862, 20.6759755260482;
  -7.546731717218289, -1.671254286333382, 22.72460588527644;
  -7.265869845118997, -1.399647860104229, 22.03348042283493;
  -5.103926935783347, 2.105327641339938, 15.79832176792156;
  -7.3477962639355, -1.798229057896442, 22.41490636659436;
  -3.540583745614395, 2.279405674207896, 11.38564730303816;
  -4.753440496290956, 2.163814111703591, 15.03567701522517;
  -4.562274325439265, 2.420172170284097, 14.67608990979139;
  -5.739244008702628, 1.129623296733007, 18.2694609657284;
  -6.423711929033348, 2.075751280692017, 20.36339672530452;
  -5.545280144380828, 0.7131756212246636, 17.77330934158501;
  -3.248930892917145, 2.271179401550419, 10.86650758714976;
  -4.279140727615943, 2.192096023791422, 14.03680113986718;
  -5.681831957056567, 1.953671254213958, 18.36265945076969;
  -5.811849225721149, 2.152006909034893, 18.77209386486792;
  -5.519209911460936, 0.2250546714887874, 17.95652669405572;
  -5.52453880058884, 0.5114932091754745, 18.01148096393798;
  -2.995739210012268, 2.295929543019345, 10.26812061099161;
  -4.022551097811365, 2.182618241565381, 13.46856770739169;
  -5.746825134201267, 2.07441604418525, 18.83295499293665;
  -5.497523767132778, -0.09258925076698736, 18.04128340678592;
  -5.493671066911701, 0.8950827857925469, 18.06821592511881;
  -5.6326541828276, 1.977547062754553, 18.64006316873123;
  -4.480448925055116, 2.250163322646195, 15.11977274051929;
  -5.607956991198673, 0.4024155729046748, 18.7632848893566;
  -5.473546578956512, 1.292477891899311, 18.35670170589538;
  -5.264761732339776, 0.9004063526764267, 17.74990819783489;
  -4.111658926065728, 2.165950062133658, 14.09567724309438;
  -3.809871333014393, 2.27771955786903, 13.13533269598435;
  -5.338882356331743, -0.8895632386656337, 18.02550670383252;
  -4.598607771875411, 2.09986702648096, 15.77278628266813;
  -5.458707472093574, 1.756030282457704, 18.55391071760279;
  -5.195285297033544, 2.169182210935475, 17.71506025344971;
  -5.160051147792099, -0.2713522511641614, 17.72660016373377;
  -5.195706464951395, 0.7806299855934241, 17.99001723292744;
  -5.370782773891343, 2.13690160711501, 19.42754145374484;
  -3.766789426380208, 2.312182093999169, 13.92680502091864;
  -3.56337637459914, 2.28375546088662, 13.23945294292295;
  -2.914991961839234, 2.344982863728206, 11.04621044603955;
  -4.791492958831545, 0.7888527031856739, 17.74976151876618;
  -4.200082471550639, 2.235476168211267, 15.72888172742089;
  -4.574613206182785, -0.4359632819554385, 17.05469363554851;
  -3.294990022827628, 2.297908992622612, 13.07101367828093;
  -3.881096916435789, 2.267966655820919, 15.24124843168591;
  -4.405391897477109, 2.468359441747105, 17.14978932784884;
  -4.475001166760849, -0.2671764427092229, 17.43968473358059;
  -3.42747737999409, 2.242608019612934, 13.65836537648862;
  -3.551650516384142, 2.286355343412954, 14.65000407936723;
  -2.804442101822333, 2.28114848150796, 11.81974062650409;
  -2.776268792012909, 2.26286780900393, 11.88885574377086;
  -4.007393525651604, 0.9545132683780401, 16.79831903036452;
  -2.944295813866413, 2.246787590268696, 13.19918702822512;
  -2.200232834315534, 2.257625472533274, 10.31347398826239;
  -1.945886857184369, 2.256236625491146, 10.18942829461484;
  -1.813175518083161, 2.262848151485408, 10.33064899999139;
  -1.855659312661599, 2.261586568897592, 10.65808934176262;
  -1.63544651406036, 2.204757926768772, 9.757545813953167;
  -1.739398600938802, 2.228818433822557, 10.33049856096151;
  -1.738762880596789, 2.213898714507061, 10.47249511526687;
  -2.07310213588719, 2.324473071735146, 12.73713209110906;
  -1.592646327604564, 2.216075978275302, 10.03860966948784;
  -1.691653638976315, 2.263216723867057, 10.67572051466957;
  -1.756773169437002, 2.045683645809483, 12.24871574581061;
  -1.579550723197412, 2.136151396270392, 13.27807064589037;
  -1.55911581871912, 2.143780959578725, 13.48258004801391;
  -1.481661435922956, 2.304541950883091, 15.49474770236835;
  -1.078055874104158, 2.190981394245198, 12.48815667169968;
  0.9862082703090919, 2.073633719852201, 17.05949980895825;
  2.233466796393278, -3.66795021664121, 27.02210807550382;
  2.254874448080891, -4.453112523799799, 25.4080365024037;
  2.398948585341879, -3.192406815886151, 25.172134534419;
  2.263339768143792, -3.391980083278944, 23.69877370550189;
