m=[-5.34450273633549, -2.075140801913404, 11.09258667185816;
  -5.491847034519878, -2.300042155598863, 11.61447534075281;
  -5.460932596510394, -2.122262517865298, 11.99961415675767;
  -5.508407935524997, -2.453193708249649, 12.11370000493431;
  -5.303945161937501, -2.699961094859436, 11.8206467075178;
  -5.322403617713426, -2.198938473742611, 11.87573364194668;
  -5.409221008686825, -2.621008217925958, 12.1843718439554;
  -5.277873898243861, -2.297104263638547, 12.07509479689659;
  -5.423095998897294, -2.853788929587679, 12.5828288918921;
  -5.269700095959627, -2.736701360112494, 12.35160629204835;
  -5.229748501452121, -2.665754628129461, 12.29392202420542;
  -2.17944870632219, 1.083396381525821, 5.796102629678132;
  -2.206938895275853, 1.074300661746873, 5.879553120556907;
  -4.951320201481959, -1.476356892169608, 12.052705680599;
  -2.121235952401749, 1.088488896835614, 5.999632136637855;
  -3.451172609227891, -0.4672157514928415, 9.266738001816293;
  -3.799688254804293, -0.9325548042756321, 10.42145020627246;
  -3.787333969751338, -0.8505521413452895, 10.44065431460633;
  -3.731488214003289, -0.9342717385769468, 10.43362196798903;
  -2.584310654021137, 1.046853181914196, 7.593847997042765;
  -3.545132661309764, -0.6609199222669433, 10.06788784483072;
  -3.663178639248433, -0.841784303326885, 10.4052739815387;
  -3.414741469997166, -0.6786181159222846, 9.78477184191159;
  -1.725553077731355, 1.110900280610427, 5.548954680158806;
  -3.568706120118201, -0.8941020532217474, 10.45083214059797;
  -2.49177946509171, 1.066178640745386, 7.639829650442656;
  -5.84760196547691, -3.788849646478008, 16.57820331575296;
  -3.377083236281656, -0.04440017101907898, 10.02849830553866;
  -3.47194050171795, -0.01544743363852947, 10.3418158973158;
  -3.470440148789487, 0.2547252166490402, 10.35223893989376;
  -2.546115650642006, 1.05025164442761, 7.881059978577018;
  -3.477629263073839, 0.3757380374103548, 10.45707152793787;
  -3.461635770309791, -0.8491178397158264, 10.40339012615055;
  -2.371056638964272, 1.079328923764304, 7.499923862745247;
  -5.789648789217242, -3.721470733704183, 16.87353557843013;
  -2.443444638605054, 1.076159821956776, 7.779858328631801;
  -5.656595226481401, -3.63438636671426, 16.71790783980458;
  -2.825425686177204, 0.5561127342649955, 8.994042456969767;
  -3.168588299768648, 1.055273698731794, 10.00810560766999;
  -5.730636782792353, -4.02344988318602, 17.26611687353235;
  -3.157550975189513, 1.020327585204503, 10.00954960286209;
  -5.551979026097278, -3.792326601026642, 16.79560482039817;
  -2.897309477064043, 1.072813448886475, 9.358220309348946;
  -5.620394578994588, -3.911032306053981, 17.16638728886419;
  -2.744238533414424, 0.1119007451305607, 8.928269312204654;
  -2.7761032506627, 0.2570274211003067, 9.050842551401411;
  -2.720355066624173, -0.04581619800259187, 8.927418743957444;
  -2.709995653810291, 0.4415390782873745, 8.912944738190104;
  -2.205684384934914, 1.107735003195673, 7.443327040519211;
  -1.889047787237937, 1.129361260433099, 6.512889542742369;
  -5.426739652157774, -3.676562701890671, 16.88119533361825;
  -2.810984145013413, 0.9868976967143299, 9.302350247081678;
  -3.716194713070023, -0.7544280667415434, 11.96245228542193;
  -5.315265708862972, -3.693367000419828, 16.74772580698284;
  -1.852997253905952, 1.145115245785783, 6.505427167774256;
  -2.664048232902136, 0.6290662542668744, 8.934451919988081;
  -2.628729207389485, 0.5095646797816148, 8.849353601025493;
  -5.334329920899593, -3.602681985886548, 16.92010416572764;
  -2.291567676854298, 1.046400920079662, 7.859858681653268;
  -2.635016647467016, 0.4506539610735645, 8.883840517416921;
  -5.315016318234556, -3.823112446079853, 16.92453328519259;
  -5.182549129800771, -3.598831474785615, 16.56595001676506;
  -2.685544820440327, -0.4474648041681201, 9.067123591303545;
  -2.602202504577631, 1.086494977552932, 8.873078478787694;
  -2.730306822399759, 0.8783217428385135, 9.280194858113203;
  -5.356986461847601, -3.991877643533183, 17.25286331019848;
  -3.823542121685445, -0.8790132402425002, 12.69539500481036;
  -5.159636496477909, -3.558544781879288, 16.8060793067694;
  -2.571500423287015, 0.386355609564407, 8.90376260504285;
  -2.511152455347604, -0.1075029383158142, 8.735834894666855;
  -5.190384219430408, -3.905878880860137, 17.13903543105865;
  -2.433197440484149, 0.2780401337565472, 8.642709060491434;
  -5.115511154875781, -3.77076557528544, 17.05719564192891;
  -5.224753885735463, -4.066972265037113, 17.44227438487467;
  -2.668568836621524, 1.061757526927849, 9.652919114074219;
  -5.073691309616491, -4.041735232018743, 17.3890629389358;
  -2.05967263124251, 1.096252064726656, 7.713264545031359;
  -2.394346349373054, 0.3941958396462475, 8.869694072359433;
  -2.718776817790812, 1.048853348001769, 9.990508489047643;
  -2.354958246244334, -0.2244288816621934, 8.779560064209056;
  -1.60546769676382, 1.119644864536723, 6.36878718267848;
  -1.907976006056976, 1.114949215392825, 7.492710678484124;
  -2.042825815455785, 1.144603818859504, 7.952534799144907;
  -5.289184192772758, -3.915907051036555, 19.6377670866984;
  -2.22528904115849, -0.1913271371902143, 8.951070631723832;
  -2.002574427267569, 0.4769893072656601, 8.394454873462994;
  -2.114171246540946, 0.45664031879589, 8.8354215604683;
  -5.305843786376697, -4.484553058991534, 20.67819631848595;
  -5.351803809995981, -4.656899607477514, 22.47922810372784;
  -1.998158880833894, 0.4681965011091632, 9.032461647072978;
  -1.921135307716618, 0.7021268039089198, 9.343650623254293;
  -1.799049645906893, 0.3525577730016555, 8.906614546238663;
  -1.814910862891586, 0.4751994885188395, 9.039171209006611;
  -1.698172125394386, 0.110397870839996, 8.861622629230478;
  -1.685158963577147, 0.643612685637359, 8.874669229799432;
  -1.66837025500329, -0.3470709117104675, 8.796752026056645;
  -1.688053438670287, 0.6246926168035141, 9.037486672090092;
  -1.621640436508801, 0.5582042035386252, 8.728238906142567;
  -1.641410109414421, 0.4214762401071523, 8.857035587092616;
  -1.692442807800895, 0.07692823437396722, 9.107376417181065;
  -1.616992174563479, 0.02229554612643688, 9.002865468365181;
  -1.607823535171276, 0.6122259075293206, 9.00261249194835;
  -1.63830016963113, 0.8869476260990881, 9.631031645853588;
  -1.652119255036206, 0.5863733966423754, 9.822822768437062;
  -1.567622262734355, 0.620686756180916, 9.50120352373269;
  -1.520093490871392, 0.642929011292806, 9.531120413828228;
  -1.554260164777385, 0.743841794577133, 9.725174853025163;
  -1.477302942882268, 0.7526770887193371, 9.433904802349337;
  -0.5860771642987903, 1.089296090028022, 7.519977669724634;
  -0.7547168415681358, 1.219343810443649, 10.86422188531352;
  -0.6301519094041529, 1.248689288302713, 10.66777553406687;
  -0.5570231342794239, 1.073998572714161, 11.84307605101313;
  0.09276738400049726, 0.9871552279933332, 21.23347813541431;
  0.7081372809721442, 0.7607680957628896, 26.6786556645151;
  0.7552521234686949, -0.7499601637918262, 26.76427666722587;
  0.8213569152704155, 0.3278237663854084, 23.79707640221071;
  0.7825052733650325, 0.6148858448295239, 20.36536286473345;
  0.7916401852369273, 0.7270607363246765, 20.14687049005557;
  0.7945378132822706, 0.4294683089335588, 20.14240107061939;
  1.342148369729239, -2.621921885208158, 32.65169773374129;
  1.838483728721149, -4.54197270017258, 44.21993962394483;
  0.8020052515315179, 0.5189029548136264, 18.99296028640241;
  0.7359098464760483, 0.8410233469606488, 17.64260397966367;
  1.528075749692009, -1.611901066024372, 35.14769991026282;
  0.5081612366720449, 0.8879843195629501, 12.62496181731872;
  1.164063678600961, -2.758616833425191, 25.51027080228696;
  0.7948332376318288, 0.9202903781230198, 16.23639456381533;
  0.839255413566902, -2.870070124838851, 17.58171758845479;
  0.7308389852551727, 0.7621264320638325, 14.48815356906039;
  1.187147086861514, -1.695608531660387, 22.64056313454741;
  0.9551164887585016, -2.568710636646319, 18.42639393823821;
