m=[-11.39563329621863, -4.100406154922641, 21.22297482228207;
  -7.597672745460253, -2.078828010033542, 14.81497098199374;
  -10.24367939629211, -4.058264559879766, 20.61634334914177;
  -4.488232570999527, 2.076338987900881, 9.674954457032053;
  -10.47365727074145, -4.019549381942831, 21.471732014259;
  -10.90688877144464, -4.657915062371186, 22.38314073194371;
  -10.84720106833759, -4.436195264085201, 22.58104326642722;
  -10.67199972689163, -4.240339821843375, 22.81252097699363;
  -11.07333216199332, -5.025865799947093, 23.66865212432721;
  -10.44373873019603, -5.431157746651802, 22.636271289955;
  -10.44575749752041, -4.409257143375802, 22.66392007414676;
  -10.34523340543601, -4.34053254712649, 22.82434670388938;
  -10.20836986536215, -4.537423062010371, 22.74623356588716;
  -9.806284025404796, -4.441090482501443, 22.07985053954567;
  -10.94150002251893, -5.335476612554522, 24.66085462491999;
  -10.28962556471586, -5.533808663901273, 23.32665042173847;
  -9.852743072092659, -5.478463562078733, 22.46088278452724;
  -10.31882170350694, -5.46654766508896, 23.57540732619619;
  -10.32457152119709, -5.375994150279314, 23.65133752775029;
  -9.602957504450489, -5.390039794780507, 22.23017100152606;
  -4.202036757364566, 2.101342200966798, 10.36384158085313;
  -3.768929050082774, 2.118958047876489, 9.412841640839117;
  -10.08812291567704, -5.547757604523032, 23.5716288640613;
  -4.237852941632764, 2.077452939509049, 10.49112901592105;
  -10.06382040135513, -5.476799654547756, 23.58326497733031;
  -3.875059208097762, 2.134830435855129, 9.739848089844118;
  -9.720326022619881, -2.974918167872956, 23.03140166119107;
  -9.566664618740704, -2.792364296447733, 22.84614781014677;
  -10.13525314194665, -5.607024919364104, 24.17240256203465;
  -3.759630885031717, 2.105054639143101, 9.933768907887686;
  -4.080034920800818, 2.111760388291798, 10.74734039861676;
  -3.807887530771607, 2.030362224746719, 10.10954288322198;
  -3.998496658275778, 2.163484417745049, 10.58597081978777;
  -6.696775337716034, -0.9465251165705368, 17.29424089447598;
  -3.65907733124272, 2.048361645220842, 9.997088829976347;
  -3.352370153029275, 2.137524209942651, 9.332941102964176;
  -3.920160097905336, 2.088775490518605, 10.83788878085076;
  -7.311601927720802, -1.873807027277002, 19.44131847713624;
  -7.090576376353117, -1.26075516214385, 18.89455409019146;
  -5.286592453174291, 2.024236246046631, 14.38164175521903;
  -7.286077484782934, -1.687321620732565, 19.45784075252238;
  -7.325859339735561, -1.471790763896996, 19.59028364991373;
  -4.944777855369365, 2.01590616168091, 13.79787209537026;
  -6.940758917189424, -1.337926583693915, 19.04501742131602;
  -7.104273314412477, -1.694869804682946, 19.5521020507697;
  -6.742284949111583, -1.396753427294513, 18.64133861563702;
  -6.604776616793544, -1.931469691485452, 18.30253871679336;
  -3.261988686720559, 2.133435668888577, 9.737222640906975;
  -6.940924668942807, -1.785771799669991, 19.69467359682808;
  -4.795817930579991, 2.06625833360479, 13.96772023705296;
  -6.653139956610341, -0.06013703033263743, 19.19257872760434;
  -6.787727707269564, 0.4842616709604148, 19.58539381414175;
  -4.925478151474907, 2.052224112241814, 14.51850277196267;
  -6.877114605808789, -1.64631695289826, 19.93530302928095;
  -4.438277003415876, 2.082511731343947, 13.21337196928515;
  -6.701754117471378, 0.7146311381868725, 19.51617890560522;
  -7.031129010671693, -1.865122245512471, 20.43488765502739;
  -4.582643904871783, 2.104426104527881, 13.75397446636606;
  -7.650887496010991, -1.382306262971604, 22.33656315531435;
  -6.647683361847441, -1.063104248171737, 19.54357435516538;
  -3.950589852226827, 2.124840650500234, 12.04843981921943;
  -6.016228735953133, 0.4625014117430168, 17.95395176866792;
  -7.166980315046367, -1.368448033640269, 21.34890319759882;
  -4.018340701990097, 2.082877697926615, 12.45252153826929;
  -7.601527284180071, -0.9335252525441024, 22.76776367372286;
  -6.010047716778263, 0.773488921673583, 18.22765405056864;
  -5.360165639729416, 1.04877304821584, 16.40764718816026;
  -5.995682631747752, 1.948127664549099, 18.37790223789915;
  -5.584492449563435, 2.080575459535172, 17.3649065910541;
  -5.665460113297986, 2.011370529106217, 17.6118317527856;
  -5.256397573497468, 0.196641918522027, 16.44746833646953;
  -5.405456260118229, 1.721946247866032, 16.92505931348228;
  -3.633514078677626, 2.142614007519104, 11.69215014473258;
  -5.370962086301064, 0.494729308119677, 16.84293317211154;
  -5.158479230783846, -0.1061939185836737, 16.29220470803909;
  -5.13907596020662, 0.8268927897262505, 16.25284100138237;
  -4.199451620391936, 2.134051686211776, 13.46672351652757;
  -3.624471121068503, 2.195001957393732, 11.74841393444231;
  -5.547247052820976, 2.016386576362445, 17.51000588870092;
  -3.933744167246432, 2.096672132324469, 12.74968380126397;
  -5.421706931797265, 1.913289706432593, 17.2718059506204;
  -6.938356990970823, -1.448613148091361, 21.83194944120901;
  -3.507846387264288, 2.207213425309609, 11.54727640955895;
  -3.5538005335071, 2.172617668787962, 11.7155102159701;
  -4.99510125635612, 1.187379436421314, 16.12929453020538;
  -5.298082654677983, 0.3569596672976642, 17.09647504174061;
  -4.414136245935118, 2.042625782583182, 14.43930662346264;
  -5.08241872691025, 0.8729196775773529, 16.47139801502603;
  -5.068553222628266, 0.935683137467562, 16.45163407586;
  -5.036432993784498, 2.136516605992515, 16.50896698874079;
  -5.262266566947392, 1.709322705322424, 17.23103894146467;
  -4.892765276884138, 0.7341601286386399, 16.30422294281724;
  -5.335745821626831, 1.992660808661841, 17.94882800853234;
  -5.232202767827848, 2.030927386785723, 17.76864224539614;
  -3.500839808354527, 2.179247664343886, 12.2388847688021;
  -3.35473413757094, 2.190051621145731, 11.75389498001729;
  -3.658480176641551, 2.128430057241845, 12.92393062670859;
  -5.289424350577419, 2.014530198392313, 18.30184769051531;
  -5.107253840451037, 2.052668964857812, 17.85226433194855;
  -3.892469367157816, 2.103849193852143, 13.91748698761428;
  -4.59068538401869, 0.7576732915624839, 16.3719013943356;
  -4.630380606516167, -0.4828155092425422, 16.61141651167348;
  -3.01361660334572, 2.142819780022604, 11.27246544739188;
  -3.611297022679678, 2.142349429037696, 13.51520787927714;
  -3.649884620450936, 2.085627803262935, 13.66397607784902;
  -3.308780423543619, 2.197681547333775, 12.46123107006066;
  -2.90727719070017, 2.162055655298097, 11.12825703923699;
  -3.384008505869535, 2.180981067615424, 12.84210128756053;
  -4.232447336759313, -0.3820192894793473, 16.44412667324393;
  -3.804711053090303, 0.9327081386665816, 15.3551308867235;
  -4.039773103274683, 0.8787157567596088, 16.28048272359196;
  -2.890242203196399, 2.155216955848144, 12.07744867934972;
  -3.702918097668086, 0.8813351041795439, 16.21748187121136;
  -2.651174907129875, 2.13334637826833, 11.97674937557574;
  -3.527944505442417, 1.318469391504028, 16.68977696825051;
  -2.396623043279749, 2.113294818172804, 12.18410835456737;
  -2.040326260545011, 2.082809193168569, 12.82446226317732;
  -1.264280891370589, 2.086069510750917, 10.38502294390927;
  -1.555134092352064, 2.190013438157092, 12.83588472869544;
  -0.9668816785850373, 2.071525286080366, 10.85808584165235;
  -0.9700741446969788, 1.997844785125215, 15.07847630822024;
  1.44156070668132, 1.945265421305064, 18.90216647442751;
  2.134207858736388, -3.945096740601124, 21.68259946805669;
  2.227007021399888, -2.968861622400304, 21.59828047368079;
  2.596750784080043, -2.515586511585318, 24.62305048252737;
  2.475276531266923, -4.38592570297396, 23.45426269271976;
  2.468354265449842, -3.490988086135965, 23.4184583520325;
  2.230589251029807, -3.267479088868187, 20.91452023056272;
  2.349007534711965, 1.048911996282802, 21.35501070595667;
  2.264310945306065, -3.099358658350066, 20.50389981035391;
  2.460926029073002, 0.2654248214577252, 22.07119765740326;
  2.609458032657337, -3.049609199374781, 23.36083187988412;
