m=[-5.582076290252695, -2.383891298107484, 11.45554903872218;
  -5.292343304455347, -2.102823710555372, 11.312940005622;
  -5.479253711344446, -2.246588159668061, 11.71186314234892;
  -5.127852073073699, -2.164516875749962, 11.1257828418645;
  -5.291926062256768, -2.22032470510938, 11.67540165046725;
  -5.143982743694484, -2.286400888649102, 11.46179404646963;
  -5.093124492818954, -2.651984871606985, 11.66723541051574;
  -2.04077213995461, 1.056270804133154, 5.375658122994897;
  -4.746908151521808, -1.385550489024148, 11.33608938881494;
  -3.340237875994665, -0.4721106630445001, 8.626073827945701;
  -2.565239491592624, 1.00576446963287, 6.935897970885079;
  -2.656407957578965, 1.017138604809483, 7.226490019799949;
  -3.467622445607682, -0.6165680568995321, 9.240317907215705;
  -3.661144921707858, -0.9382730556167194, 9.734868653613937;
  -3.471491828596838, -0.6974348500741415, 9.283212583907543;
  -3.651863397147817, -0.8457044382026576, 9.752487065924271;
  -2.52322482473611, 1.028678055975439, 7.040788164379785;
  -3.609624271057796, -1.002703005569168, 9.803953094316196;
  -3.343568566550718, -0.644518751186222, 9.174547388703832;
  -3.350647953791373, -0.6941310028334126, 9.264005238557383;
  -3.533460591007858, -0.8429793445005777, 9.724651489351114;
  -2.407985126700039, 1.037470439299729, 7.013206729610579;
  -2.301724432505405, 1.056990043682986, 6.908208390277708;
  -3.350604803766663, -0.03028576341860918, 9.66562358537008;
  -3.349473527478942, 0.2389638649643332, 9.664612508757548;
  -3.472563028956827, -0.8312991293980346, 10.06622693361246;
  -3.370192497242035, 0.3593752408692753, 9.814337943410068;
  -3.415757382923178, -0.906085647197486, 9.927369881981068;
  -5.853452409523137, -3.827509504444294, 16.48651493650908;
  -3.003575869358143, 0.2309018059027173, 8.963431853866767;
  -1.815087070036291, 1.070322254686827, 5.840701340106173;
  -2.693098564678745, 0.5269331921179979, 8.243665226438832;
  -2.937414727188022, 0.3780432131175692, 8.908777762405265;
  -2.957692375843243, 0.9610185686106855, 9.065887017635864;
  -5.575495386221114, -3.663753932450779, 16.28805888293001;
  -1.760692824837288, 1.107866312201306, 5.795922761765885;
  -2.110883783068226, 1.072696033639129, 6.769142938584086;
  -2.768203331822981, 1.031330236581238, 8.607692232784487;
  -2.628228719359912, 0.09832207904048337, 8.223827828515914;
  -3.607749337524608, -0.4642530191482197, 11.00539710181318;
  -2.566448411017653, 0.4129492738981749, 8.116649429879855;
  -2.612637930972854, -0.05378450650235345, 8.251585417923542;
  -2.753710864412156, 1.000955170972676, 8.692148193961584;
  -2.651717345179029, 0.9357760507386855, 8.447514407910656;
  -2.197208850686331, 1.016750548256147, 7.18740214239237;
  -2.494063193991899, 0.1680381424703932, 8.04813588760404;
  -2.081547558131278, 1.039018638045522, 6.885365753299254;
  -5.417931806939214, -3.75043897537785, 16.45347462650909;
  -2.53111873090765, 0.4672586064333568, 8.215567112434327;
  -5.355846832945378, -3.704208470240113, 16.4714496578828;
  -2.456122681939466, 0.3685415592372917, 8.184568340207244;
  -5.148485032401919, -3.661896180734556, 16.28730185732748;
  -2.677708510365788, 1.000003557890497, 9.007499816564575;
  -5.09474931262002, -3.740066909866884, 16.36615512774761;
  -2.635024535312287, 1.022808887783174, 8.948584440133027;
  -2.355937996972212, 0.2496074347857536, 8.231783647380491;
  -2.626403565012195, 1.000292081746988, 9.08757453264877;
  -5.001858410034262, -3.77917626802039, 16.52293439093531;
  -2.561872575787455, 1.029648514156258, 8.954954626592153;
  -2.30082302702684, 0.3797411519985545, 8.205495383202416;
  -2.354436386758392, -0.2454999922581322, 8.446502953913635;
  -1.642309421493208, 1.090816750772054, 6.18511794984776;
  -1.845671623425494, 1.054659106740219, 6.909591817983257;
  -2.224556664156622, -0.1602660869479592, 8.355063737712753;
  -1.682126684954784, 1.101553932033703, 6.600155011163462;
  -2.114437631742844, -0.1908484376666279, 8.21512413328121;
  -5.290235249777465, -4.023620117802545, 19.56538309772463;
  -1.993310335373197, 0.4886512396731713, 8.044642725931514;
  -1.588938777511671, 1.093604016475619, 6.596989749811395;
  -2.026558018783595, 0.4408090300044747, 8.167127699924116;
  -5.394337032987117, -4.681824266685046, 20.99072292198708;
  -5.397643412059856, -3.606153296989608, 21.0543549124017;
  -1.940401283412436, 0.3225533421140241, 8.243167927565896;
  -5.35748670225376, -4.876260037797091, 21.89302112712628;
  -5.422349883494134, -4.553834818164402, 22.27773749291846;
  -5.334401695935936, -4.111723715888479, 21.99232149893601;
  -5.269273461060242, -4.706848902130338, 22.19374213661294;
  -1.737432254655918, 0.6493161227569798, 8.219334738094338;
  -1.684750975929122, 0.334660648833486, 8.091968187237471;
  -1.722576155016992, 0.4580228820024263, 8.315721592977132;
  -1.5988742763286, 0.6215646500426048, 8.153902890182415;
  -1.608897896345288, 0.5606681149250592, 8.289601973758247;
  -1.567110077645666, 0.5928320530223658, 8.142276617805194;
  -1.556960586650679, 0.4072249070292638, 8.154323981147046;
  -1.580276369434949, 0.06913742223113921, 8.263281748654112;
  -1.50944016224462, 0.6042937925548093, 8.620428615698534;
  -1.56322113019826, -0.0557125094264511, 8.892752203271726;
  -1.474157800809909, 0.2626275875322522, 8.459938461136934;
  -1.524138061142397, 0.8414972498859453, 8.738621063807036;
  -1.477241921380744, 0.5998991671688283, 8.742873197744192;
  -1.475165861941139, 0.8048309693629958, 8.864772078715552;
  -1.435875362213733, 0.6223829416866434, 8.818270851331592;
  -1.441279533559633, 0.7526037493448635, 9.017140943926979;
  -0.6576796230881022, 1.13846603836977, 9.649398724609888;
  -0.500281801620607, 1.069997979357303, 8.792196927863113;
  -0.5123013238933805, 1.06489954875247, 9.342643730102003;
  0.626532294532785, 0.5818890885581871, 19.88882668276744;
  0.6195755512378274, 0.7492661380644479, 18.61577564251428;
  0.7215589461575289, 0.9209738569807886, 18.81310600685498;
  0.6773811261724387, 0.8160324348459102, 17.66220224224664;
  0.7602529867525955, 0.271978618462736, 19.07834711842297;
  0.6335162857582497, 0.6611687763443392, 15.59097437763156;
  0.7478974716382091, 0.5318413973075933, 17.0198856984523;
  0.7887763841049648, 0.654340757596397, 17.56113942068902;
  0.7666578839428591, 0.3764855070142303, 16.97828787245365;
  1.255832595068681, -2.197392366174673, 27.00299958693938;
  1.478982826657106, -3.280947960979573, 31.59675664280886;
  1.333393074627955, -1.274770640993233, 27.40437816387365;
  0.7266503629002186, 0.750663468615429, 15.25787892031403;
  1.324484451918492, -2.865973639914819, 25.96581298485466;
  1.38349203144044, -2.739502936505024, 26.49927677329854;
  0.8823895016849974, 0.1214615605467235, 16.70696598243383;
  0.9110132693970112, -2.79652133946267, 16.66926841049617;
  1.040768123551359, -2.150970082159579, 18.83934201153211;
  0.7578230964686225, 0.7183520772550069, 13.24829283252029;
  1.732854537712949, -1.807161654251408, 28.16812873777473;
  1.010684404033786, -2.451921914290818, 17.1747199135342;
  1.002055056762101, -2.171760368065638, 16.65541094428284;
  1.120592006043755, -2.133170218630494, 18.41238993681069;
  0.6779168721251373, 0.5362056940631351, 11.65083171883961;
  1.093906047945739, -2.352786146469663, 17.22217612241085;
  1.30333218006408, -2.407793527737792, 19.79203130615976;
  1.276242181835698, -2.357747097979937, 19.38065030811397;
  1.729902808091985, -0.649033011136791, 25.57344782567683;
  0.7175233454044694, 0.6025418970824896, 11.36728208300694;
  0.7043799382591777, 0.980781334365164, 11.16721564176189;
  1.515550108697495, -0.5885167849738309, 22.29051071652882;
  1.181147746698404, -2.729023410671924, 17.31191318531349;
  1.036474297889705, -2.472879324940815, 15.19921022443316;
  1.53429844055671, -1.987838396598675, 21.9745913940444;
  0.9690679826491295, -2.179328251248392, 14.23007120973142;
  2.132959782993086, -0.1643614366757688, 28.13333828587934;
