m=[-5.887598715967664, -1.958024389376336, 9.511462106466013;
  -5.627799557052379, -1.903730786059981, 9.439241820388034;
  -5.021220160841685, -1.943687915128653, 9.930743522445798;
  -5.395845376197069, -2.278462703986053, 10.65799990809843;
  -5.333227018942931, -2.206733391282425, 10.56160547869514;
  -5.526181039182928, -2.386609461261477, 10.96598047512912;
  -5.035746372185127, -2.020737986816549, 10.41784014993977;
  -5.007667371013022, -2.13825610767354, 10.51605683533527;
  -5.147370624029912, -2.183411445877317, 10.99553108939675;
  -4.986766169945597, -2.243063748224015, 10.7596896547642;
  -4.868771091031103, -2.230863868991012, 10.60211450687258;
  -5.080792806179548, -2.398453816319046, 11.03528426118751;
  -4.964929985810014, -1.480087771565796, 10.92615394549596;
  -4.651392694314255, -1.438787192100125, 10.67813089073788;
  -4.621780172076234, -1.364032454784276, 10.69086092512045;
  -6.842308227402103, -2.695473263127542, 15.58398216393767;
  -3.216577896662095, -0.4281866046140634, 8.178535840108696;
  -3.309468120263682, -0.5942000527810558, 8.472423493384964;
  -3.500036884630186, -0.909890119891665, 9.125969197077403;
  -2.352667874494977, 1.029893635652078, 6.461304366232061;
  -3.24495894830732, -0.6752801991450798, 8.616151927288341;
  -3.447616861673699, -0.8294629316581019, 9.135323564170967;
  -2.233542615176727, 1.043019683472243, 6.317013309692118;
  -2.287033834520772, 1.033003222875402, 6.55594649557243;
  -3.31541897636335, -0.7321649726613425, 9.136322972040988;
  -3.412524580103114, -0.06699639368654115, 9.411877235817494;
  -3.303830526707657, -0.02892171544879807, 9.168861084352603;
  -3.273190382631523, 0.3552138411169382, 9.176234786338096;
  -3.27267001029785, -0.8350077196425181, 9.185101975720645;
  -2.612357859931475, 0.5210429531293339, 7.62958132293291;
  -2.05341715413367, 1.061545745170091, 6.199967568573389;
  -2.586256944980524, 0.09840341251927556, 7.726579315719979;
  -2.694066543768375, 1.019425609300246, 8.016327538277551;
  -2.543775331778232, 0.4190819465706116, 7.676277672634225;
  -2.560989868511875, -0.04235128237127572, 7.723668964271569;
  -2.162275516005705, 1.014345305349802, 6.690442833150808;
  -2.648747385067446, 0.9780048856626424, 8.006049934439275;
  -2.580099552078731, 0.9218300083860952, 7.862093399838242;
  -2.103828252157307, 1.04897007845128, 6.596446051684269;
  -2.381008591368132, 0.159788131931417, 7.35430439663471;
  -2.643673292379205, 1.016971391662006, 8.063229882365956;
  -2.472485683885471, 0.4331999089772231, 7.653242687031366;
  -2.464574957708595, 0.4634691470127618, 7.639449444065726;
  -2.506159965167108, -0.4384576590242628, 7.804901594783639;
  -2.397708811881209, 0.3686145543969767, 7.630915442027926;
  -2.331494804960336, -0.1121256565021633, 7.448253360715053;
  -3.381496897664372, -0.7492734531609214, 10.48200582366282;
  -2.603417358483469, 0.9906258123103556, 8.407341557265319;
  -4.948507810671488, -3.560806545436478, 15.1789589153799;
  -2.571367116679563, 1.01599831806138, 8.378065798066746;
  -1.57179317428622, 1.068252805980101, 5.55910652855458;
  -2.580788807247141, 0.9999293224365485, 8.582264060154214;
  -2.471338811559018, 1.011133046087463, 8.292857911021169;
  -4.833442516106855, -3.461782882821836, 15.35256998031537;
  -2.239804352718711, 0.3789904557889299, 7.638743160131233;
  -1.859461640406121, 1.040267270516254, 6.518488383469618;
  -2.268068615926673, -0.2357518006419305, 7.792388143512492;
  -1.816533713189342, 1.057908481877379, 6.423640193981586;
  -1.695634035272257, 1.102253650405768, 6.297570168486267;
  -2.054776780981529, -0.1864401734069559, 7.651928551192553;
  -1.971872222912861, 0.4410249430958952, 7.613251234905091;
  -4.861671832624359, -4.288458582907622, 18.80389369005145;
  -5.002072731754996, -3.397493172684201, 19.3761500681326;
  -4.843149205581434, -3.797529787406784, 19.88886610323071;
  -4.826094679454704, -4.395092718519011, 20.25452783155842;
  -1.650300923140158, 0.3392714280373166, 7.611562640675281;
  -1.617457243764736, 0.4444180815021408, 7.517723302514967;
  -1.533993794777779, 0.6170677090734246, 7.538688342608603;
  -1.499873992976864, 0.5868234443885124, 7.519626418852589;
  -1.507087007744768, 0.5467505071759315, 7.562550836993981;
  -4.601044627377297, -3.421682007054279, 21.25528139141872;
  -1.502341363160973, 0.07036297870949483, 7.588667662752254;
  -1.520910883488283, 0.4113255745786046, 7.668869724584969;
  -1.089288408657431, 1.03990193949604, 5.901232120015751;
  -1.477233583559273, 0.5931344138630064, 7.752813487307944;
  -1.407492157802082, 0.0609435102322925, 7.792962278389235;
  -1.453111124568226, 0.6064383363393532, 8.019517773953044;
  -1.475995465557339, -0.04853101082572006, 8.150719150248637;
  -1.439824469536978, 0.2682457804784896, 7.994029148569715;
  -1.482231810439567, 0.8423544609639075, 8.231354474886327;
  -1.505502342038129, 0.566402104674345, 8.504026927472424;
  -1.423224701814804, 0.59859921809303, 8.173705852433832;
  -1.354575152431341, 0.5180212918800363, 7.880810433007703;
  -1.425690484652056, 0.6425112336860465, 8.490650484864217;
  -1.407064502535637, 0.7603512988701934, 8.520035511845261;
  -4.753570410922625, -6.49757611289425, 30.76817084405299;
  -0.605170091964557, 1.033253865595625, 5.996871951874115;
  -3.04100343204512, -7.725425398212853, 48.77675709732672;
  -2.832055191478565, -6.81841631327808, 45.46913313319919;
  -0.4578661727260969, 1.064671490698228, 8.194012872409715;
  -0.4662690611071839, 1.064426914156622, 8.653985780944907;
  -2.867379354403504, -8.311388001158564, 51.99006716031694;
  -2.417130599939062, -6.442834270240404, 46.78228199973454;
  -2.49399083589749, -7.426846141965819, 52.17747092682492;
  -2.040952466396504, -5.885748365628597, 49.35113211816475;
  -1.468281871501365, -5.514953527304576, 49.00876766842793;
  -1.036344289327317, -4.298615870817335, 41.69128410112174;
  -0.8714523736436477, -4.366655563770288, 38.43045483744372;
  -1.153860657833754, -4.436485148630076, 50.920502400342;
  -1.015585174191458, -5.100888955970517, 50.3531710758504;
  -0.9860153227987788, -6.71441629191022, 53.40084862621369;
  -0.7428291926603174, -2.584596464671111, 43.69835106675745;
  -0.6016836250641479, -4.558769560157363, 48.72704420768542;
  -0.517626311964758, -3.154790534005133, 43.97272519583427;
  -0.3558959390400675, -3.442710713215329, 50.91277504411378;
  -0.2544821587475499, -3.864432774818552, 43.3068522435067;
  -0.2092267185097493, -6.037104423153117, 45.63703355768639;
  -0.1662017353072706, -3.914472305822789, 51.30337642229304;
  -0.0008167646969338991, -0.3333278147160667, 25.38163533337684;
  0.1029647013584766, -3.31827387915998, 45.43446003835368;
  0.2101643072912036, -3.029964568289669, 44.54069310749902;
  0.5072766104915336, -3.739094290853717, 47.32145661257601;
  0.5240627081460758, -4.219791739405983, 45.77750643802862;
  0.7759451887158175, -4.340168502014106, 62.98200836033939;
  0.6319564371429177, -2.03790522816931, 50.68586622806427;
  0.3202369008039973, 1.145477405589907, 23.17630790205481;
  0.6384860537420789, -1.264624975990508, 42.11142183064588;
  0.6906923308770603, -3.777019189350376, 44.67923294202269;
  1.118057343376408, -1.327917060388132, 68.96215378640298;
  0.895017621816962, 0.4462328371141886, 52.86924808472936;
  0.7666145750589062, 1.278598153388094, 40.6907150987664;
  0.7693976055341757, 0.4882929413939572, 38.74700751020343;
  1.052145024617018, -4.278750720112632, 49.6642955910025;
  0.8533070860775947, -2.297725151244832, 37.58396137672231;
  0.7341796947344731, 0.552274919319362, 31.06913542014747;
  0.8650093226278341, 0.8582250890823889, 36.11023316907981;
  0.8919969442693705, -0.8601483788253305, 34.90801057440119;
  0.8746292841278615, -2.695525246183223, 32.37971710512561;
  0.7785549471044111, -1.676993839765862, 28.97549905689706;
  1.117458488721854, -1.589945672461319, 39.76184879284676;
  1.765640063406555, -0.2107745973198238, 56.43658334975019;
