m=[-11.26339449365567, -3.810098535979396, 18.89155846192362;
  -10.8941609757313, -3.513881941274255, 18.61474656804652;
  -7.492341329025509, -2.069526044232326, 13.79273017717916;
  -10.43075673166673, -3.755891542404716, 19.66412704450122;
  -10.38141283022898, -4.156039803828324, 20.11947659596399;
  -10.62796549482158, -4.487790385177497, 20.99260586056955;
  -10.48865095959521, -4.339897067916819, 20.77110031984692;
  -11.12411985742711, -4.80420918382862, 22.07435483828778;
  -10.41928130950131, -4.70326488905737, 20.94236191832158;
  -10.2348874824753, -4.107042809158917, 21.1737077017999;
  -11.09652165446414, -5.082492010172824, 22.99072488700881;
  -9.832802099259828, -4.198571427885053, 20.64879674815594;
  -10.52419271658761, -4.464151605626166, 22.48120383362732;
  -10.08979735136423, -4.538423879220851, 21.77023836297608;
  -10.36612250552723, -5.105669277832739, 22.69830771091997;
  -9.76809856492973, -5.140742070528773, 21.70790413174018;
  -9.415260560405718, -2.637523093212404, 21.12343934159513;
  -9.526335531988563, -2.867125238065484, 21.52487600402961;
  -9.272339472967516, -2.57495889798522, 21.20777234900456;
  -9.431161626960897, -2.917284230180017, 21.65097314348341;
  -9.183201171497597, -2.710251022412558, 21.24210215904328;
  -6.591766158900215, -0.9489640734749427, 16.27077752625549;
  -6.916724454172305, -0.2291783388729332, 17.39812851247013;
  -5.26535688466896, 2.043993588813046, 13.52171710592602;
  -6.693858175531478, -1.201852000584553, 17.1366513309218;
  -7.201816505379149, -1.858119191797726, 18.42343945482242;
  -6.523771030841977, -1.327351212090613, 16.79386357760777;
  -7.200587334097095, -1.679928681521472, 18.50248157511164;
  -5.076308262963522, 2.096954845186616, 13.33333117430167;
  -7.075533946053245, -1.839397309994968, 18.44869267752875;
  -6.319003223609927, -1.216948768646618, 16.66772107466274;
  -6.566141932571663, -1.366422719817386, 17.43469713128035;
  -6.915952956856691, -1.663910708459345, 18.32554792205053;
  -6.986497239453241, -1.840562953232351, 18.52026851309523;
  -7.00390218499177, -1.726985022557761, 18.61403549265654;
  -7.189646278623791, -2.151598714717529, 19.14096934406422;
  -4.76175782809895, 2.084486354763646, 13.07756482722403;
  -6.6963611070831, 0.1457933496151902, 18.23987729136171;
  -4.918049352368313, 2.070411017594815, 13.69629280710479;
  -6.775453402317221, -2.090673945050733, 18.55664636737978;
  -4.548474374115263, 2.124046467587068, 12.86421533434955;
  -3.94170407267937, 2.119795500097189, 11.28787070104464;
  -6.638672994857818, -0.05811490927357953, 18.42378717135707;
  -6.504429282879581, 0.4751403817606935, 18.07124885387404;
  -6.601412821728263, -1.888591226369809, 18.32750757034863;
  -4.306302737215302, 2.083296143477393, 12.33363144899087;
  -6.887526934335713, -1.669536188156968, 19.25614836658707;
  -4.00594281675885, 2.110460533332235, 11.60987630187412;
  -6.660742947587812, 0.7228385185474782, 18.67307855443862;
  -6.525974020146771, -1.746209872129322, 18.31275718182414;
  -6.578227195547699, -1.678406460951059, 18.46250536120059;
  -4.658681636979275, 2.104224726678978, 13.35444499811772;
  -6.041855103631582, 0.1473160905894194, 17.18837238577471;
  -6.531844368665567, -1.644944012387561, 18.56812588980196;
  -5.835053051099686, 0.4826493932979857, 16.71370064199065;
  -3.556039061845278, 2.13320630886503, 10.6499603970295;
  -5.329775358241171, 1.063040380021586, 15.56599696862801;
  -5.670622352446557, 0.7381074101195969, 16.50339001212093;
  -6.939155688051033, -0.8640923305368052, 20.17004270089213;
  -6.046415304065059, 2.056247572983763, 17.72149867058524;
  -5.742761517392778, 1.896657990800454, 16.89749063787186;
  -10.62453364627321, -7.071698174716275, 30.52504816514528;
  -3.460503575855344, 2.216411405978568, 10.59418946767137;
  -3.442296991870645, 2.247904136086615, 10.54955808425643;
  -4.167543065856243, 2.154475821177845, 12.58323560652383;
  -3.910537987726312, 2.118370114033216, 11.88129662553621;
  -5.397876333954913, 2.042538029878176, 16.06164658560109;
  -5.198697071206929, 0.1978030579883382, 15.53138226928337;
  -5.452932686086781, 1.773642792520324, 16.32783575338665;
  -5.062038202891053, 0.8339607657879938, 15.27556712632737;
  -5.200629659734113, -0.08600320443899863, 15.68453760455489;
  -5.37732900269014, 1.985487202779237, 16.25340519528237;
  -3.663155671853632, 2.109531898397107, 11.39809564313702;
  -5.108098365624113, 1.825045221773128, 15.56542514560786;
  -5.190006932037714, -0.7326819949943259, 15.80291505037405;
  -5.324317460664252, 2.048164783912855, 16.23922130460923;
  -4.302628117153841, 2.018406349697362, 13.31305249356073;
  -4.655972809060342, 0.3124596862776283, 14.38106583252979;
  -10.4792364665682, -7.559829757925161, 31.20003100850521;
  -5.019903210456856, 0.9929926999535852, 15.50182285749178;
  -4.987343328963566, 0.9378817030112158, 15.45928116434288;
  -4.246992634705353, 2.117553176044988, 13.31622853149115;
  -6.935590254376017, -1.448938200025492, 21.15202813271834;
  -5.065976560756531, -0.886302652014867, 15.77690534033758;
  -10.14290238553211, -7.118555292597393, 30.72427512694866;
  -7.234149873075702, -2.00546177013626, 22.33946775412743;
  -6.889724504572864, -1.526627948242201, 21.35685306417015;
  -10.04071379940882, -7.225014243826724, 30.7986948941753;
  -4.862762583824277, 0.7475824645980752, 15.47616203766895;
  -3.290973550521067, 2.198228070293208, 10.76644990893106;
  -4.662084501390388, -0.2242077847545755, 14.89361523840464;
  -3.450943737023517, 2.188504379131096, 11.28695962158817;
  -9.975178817211674, -6.991789823869215, 30.84330905994948;
  -9.89610188769872, -7.136844118464825, 30.81108179390141;
  -7.365695824498494, -1.754818632441793, 23.31542167471467;
  -5.265683123944142, 2.003644020052431, 17.00472512064468;
  -3.783532923607067, 2.241391569155427, 12.5599224740675;
  -5.206834339298621, 2.05732386357295, 16.96498349508661;
  -9.9930567112877, -7.157174737244531, 31.7411662528424;
  -3.872239425753441, 2.131928561490158, 13.0871329434287;
  -5.115841447514231, 1.98213811914438, 17.01243513965853;
  -9.521125032387831, -7.319818482321648, 31.06016523318475;
  -5.041133751871963, 2.062548810557088, 16.91609653811682;
  -3.053953661022799, 2.21090780687357, 10.61431582104244;
  -3.632059192074765, 2.113873356580923, 12.52180959260527;
  -4.544844506091996, 0.7690192622238986, 15.4999698266638;
  -6.035180680965172, -1.058188705430363, 20.23066084720486;
  -4.738160914154562, -0.4925027220954533, 16.27886769837743;
  -3.177768675987304, 2.159737273589247, 11.2391088610876;
  -3.650132459656629, 2.125755256293552, 12.90762588713003;
  -3.359993108237279, 2.209874261066792, 11.99306691969163;
  -3.0070355149352, 2.170115827582615, 11.11728670604492;
  -3.428385307325463, 2.228635508245285, 12.73299343394154;
  -3.571182339961034, 2.166946159957514, 13.29276429963761;
  -4.186399795754272, -0.3798529899186591, 15.59003022631817;
  -2.791208807179652, 2.127636826433453, 10.93300450070859;
  -4.099954758300745, 1.017024698554369, 15.78024759649048;
  -3.994825952591931, 0.8934746724193389, 15.42372434856568;
  -2.648893446058311, 2.184455314375893, 11.23029610807072;
  -2.938096841994, 2.235873024141301, 12.44461079111513;
  -3.874932749837208, 0.102519730393476, 16.32555675659403;
  -3.341374372971329, 1.288377362393521, 15.21809295180674;
  -3.358027091206531, 0.6903484271546264, 15.48798355221689;
  -3.372253077625095, 0.9265717835047905, 15.67377786421875;
  -2.353033222768333, 2.133643237606852, 11.27560458049322;
  -2.297144051472219, 2.141653909777542, 11.29264131031197;
  -3.086400693225759, 1.241542313622817, 15.16786639284337;
  -2.970699264980451, 1.162281620376853, 14.89361691716295;
  -2.153363244436414, 2.055733446286165, 11.66586942735555;
  -2.12118002918431, 2.192613937839387, 12.28972200504725;
  -2.030437429953677, 2.140147449805368, 12.13421131291154;
  -1.911751632663554, 2.108408889198473, 11.98375098167555;
