m=[-4.927060162546883, -2.004267467292351, 9.819168457106603;
  -4.965176910647651, -2.149648938016431, 10.03327642643162;
  -2.494075272896482, 0.9901549972790774, 5.930290167084854;
  -3.326692597653413, -0.1205901401328524, 7.990418755105927;
  -2.267585545204754, 1.003354069167661, 5.838532962947793;
  -3.250695828818796, -0.6735808242463091, 7.972776857906681;
  -2.146759966513243, 1.013619271951105, 5.686506663833256;
  -3.138615554365761, -0.6317676231676949, 7.895969914450039;
  -3.152304563227395, -0.6710121019696549, 7.996725685853988;
  -3.223669180850244, -0.8052127588459862, 8.400753259886958;
  -3.199050655956255, -0.03565095623261853, 8.51444215587205;
  -3.142500130337495, -0.8634857502499848, 8.457213457853417;
  -3.230825872491678, -0.7975228637124815, 8.681461349607885;
  -3.185144370918562, -0.8288108935587033, 8.572858780535126;
  -2.517737270835063, 0.499355662199603, 6.98216244876664;
  -2.590371438562383, 0.3360616902553274, 7.187251228274205;
  -2.50394581345522, 0.09466226520807998, 7.105710301555851;
  -2.452919205430448, 0.4098450034131904, 7.027470726018872;
  -2.461084919219109, -0.05169801169928649, 7.055289393259923;
  -2.538007074288427, 0.8282372358753327, 7.24156451163644;
  -2.585410240863046, 0.9237310811182303, 7.48176949311336;
  -2.385406922740724, 0.4732376722251109, 6.999487115776325;
  -2.555534665546749, 0.9910602296019678, 7.429216372681102;
  -2.379613626212523, 0.4498252850209774, 7.008519551910137;
  -2.421296955595156, -0.4349367796599444, 7.171513703857725;
  -2.312692109000758, 0.3548700963895728, 6.995152115463836;
  -2.512792864762962, 0.9599319803254953, 7.75836727447849;
  -3.402514880916488, -0.9602907513049915, 10.18403040374079;
  -2.487254869764952, 0.9904135523531673, 7.751307551871113;
  -2.483344692604666, 0.9943251693755586, 7.838267238518863;
  -2.156478391055541, 0.3651984791870447, 6.997355810748798;
  -2.366671490069572, 0.9765412113116135, 7.598007297457373;
  -2.073925674008827, -0.1965236544123267, 7.008954725297418;
  -1.611566901025663, 0.9957908648056767, 5.661638257179926;
  -2.019540806991908, -0.1478052050801826, 6.933001577779544;
  -1.972856515533996, -0.1860313287166525, 6.999715073986556;
  -1.892230701610695, 0.4248097812622974, 6.961834122901639;
  -1.934272098310536, 0.4831587405804295, 7.105862210993137;
  -1.121434647605103, 1.037386000767246, 5.019015099906761;
  -4.6360991653969, -3.21403727476502, 17.80650771387697;
  -4.687381184630818, -2.601496064273968, 18.01157944749057;
  -4.710236478151891, -1.558318584410033, 18.10546011985441;
  -1.643581616423319, 0.636105572083687, 7.095091159160174;
  -1.575661769632892, 0.3242429846861561, 6.949043509176044;
  -1.55555225191875, 0.4315390015635225, 6.922087139975552;
  -4.764666012538769, -4.161927394555268, 19.36986001952979;
  -4.629640621435899, -3.721160656796864, 18.89134690308046;
  -4.734994755020511, -2.523479221475999, 19.33419160144314;
  -4.705079363596584, -2.03261287890499, 19.23017689467022;
  -4.81381644046266, -4.483800181657091, 20.09470506726381;
  -1.470798919052199, 0.5977810625191048, 6.910226188485956;
  -4.895435801744421, -3.381951960520964, 20.99697024675385;
  -1.448422613775909, 0.394781210216559, 6.998422243921754;
  -1.444044511602686, 0.06308355753413868, 6.984041582507054;
  -1.062093773110748, 1.034473117714552, 5.400123089325026;
  -4.546433185854633, -3.626897071491822, 20.7426338189984;
  -4.702939886172885, -3.602824876796581, 21.65427052524582;
  -4.493185737880765, -3.507151405541391, 21.70204586662627;
  -1.35767686495722, 0.5691606702981177, 7.22872920835704;
  -1.373941701460785, 0.2558266009640588, 7.345223500258113;
  -1.415866741175161, 0.8200861610259098, 7.578924213107196;
  -1.44178239542068, 0.549035563643853, 7.85616598291159;
  -1.455797455916258, 0.007392410555309665, 7.971057409211381;
  -1.358888528070245, 0.5823058283625434, 7.532952635171941;
  -1.365447522594636, 0.7835405366788726, 7.693561227659316;
  -1.34251243182218, 0.6139256376791297, 7.742201293079043;
  -1.418067612839483, 0.2668035537397769, 8.132655219848198;
  -1.293097521651933, 0.7102492846564777, 7.614218825646306;
  -4.281921143060813, -3.026279847347593, 25.62624787575823;
  -4.28678805347331, -3.230725832871378, 26.00928367409312;
  -4.63556600486204, -3.83685806183608, 29.76655585346157;
  -4.369277006562639, -3.038747640082286, 28.26883719356335;
  -4.414570151438055, -3.686503489590081, 30.46174589496126;
  -4.492918020796994, -2.795362412801518, 31.01451475370595;
  -3.355598371346531, -1.620021834681136, 25.82809813513917;
  -4.483844933104053, -5.404224351836324, 35.50212057976458;
  -4.022806236493268, -2.818899536391224, 32.65911220928601;
  -3.816066963366346, -2.309328019058426, 32.83789300138195;
  -5.554199816709468, -3.732787117186503, 48.32535347728837;
  -3.846995414685084, -3.045526010156919, 34.68847009826229;
  -4.615760256535855, -6.136939956247711, 41.44033268960675;
  -3.879919884541481, -1.628229242211988, 35.36281324383383;
  -3.784917829632275, -5.068769569944328, 35.66349729711846;
  -3.802004458995982, -2.796014997755552, 37.74341042685382;
  -4.881737805201977, -7.261042399996934, 49.89596930404915;
  -2.880513111102485, -1.930931827171105, 30.28000168475992;
  -4.940539064847205, -7.585288050560046, 53.28976169037065;
  -5.20742589579861, -0.4216532345520146, 57.68756891908667;
  -3.92606586270885, -3.964420414248811, 44.24223603840461;
  -4.958859829752158, -8.149147180232383, 56.99066443535986;
  -3.765888903657372, -0.08564688643188916, 43.43419069565847;
  -3.4527252585278, -3.912866010833254, 40.35772381500327;
  -4.439490477535595, -5.919271561556141, 52.54493671795687;
  -3.540066928304158, -2.942005679430068, 42.23090091823869;
  -3.620534370644172, -3.309296460933576, 43.88076271365296;
  -2.567698756264856, -1.764699732687926, 31.7010046967235;
  -4.864430407490178, -8.419037782267369, 59.89232716264256;
  -0.52586982347143, 1.041689637429984, 7.918012501847863;
  -3.621371833826499, -8.404333544179275, 55.97950036095433;
  -3.241833104035925, -7.736280669237607, 54.08575153692117;
  -3.242616266883493, -8.898061633798939, 55.28911766755539;
  -2.088384051651928, -3.51775940215128, 35.88185590816237;
  -3.359708610384455, -8.964092081175274, 61.66367370846569;
  -2.389036159229371, -6.992534347549111, 49.8629964236678;
  -2.593458121627343, -8.512874622577947, 58.78177504794875;
  -1.768996583104929, 0.2497626988763916, 43.55741865893241;
  -1.382663936855206, 0.5010892905273827, 49.72185154165506;
  -0.542445029102761, 0.1617717576982537, 20.54830062791968;
  -1.354581846798052, -5.979837138144285, 54.74597822557271;
  -0.9310308013541634, -4.690438324693, 44.66627257053453;
  -0.7870947093061371, -4.837409215747039, 41.78021669505632;
  -1.106164806831222, -7.25730644448528, 59.89664003270607;
  -0.3852004593510634, 1.051979586639547, 20.8241441945635;
  -0.9194066151487945, -7.30623449912243, 53.72786741000819;
  -0.8709461479537685, -5.571885441443651, 53.98516228935431;
  -0.8522566832405066, -4.978449943549212, 64.68103044519802;
  -0.6229214119565849, -4.125499839467198, 46.92093656150352;
  -0.68682446433134, -6.177951979889495, 54.30950543522433;
  -0.3616269930899653, 1.088097647272895, 29.44816926208873;
  -0.8556146928642117, -4.777331385818767, 71.79644071510288;
  -0.1856274558882121, -0.1750500440269129, 17.06664498158069;
  -0.307970775687241, 0.9208114061151463, 29.60229492724531;
  -0.4670569782957265, -5.38399240223051, 56.36257151152375;
  -0.3739209888831084, -3.606688976149805, 49.0870522403236;
  -0.03779614381313769, -0.03300789966337305, 5.90984336261101;
  -0.08151046973127146, -4.101772069593452, 45.06872331070615;
  -0.003498032953235225, 1.144751024537244, 46.49990083576989;
  0.05520292580371183, -4.683272680267215, 59.97283846016811;
  0.03927800270614742, -0.9567237200948763, 20.43673731040418;
  0.03869544040861297, 0.9023724154561491, 30.33848490426294;
  0.0643532324857862, -0.6536734402894291, 16.07907521145281;
