m=[-11.19730054558459, -4.000980703965615, 17.21028960997462;
  -11.18909018971194, -3.789362511357306, 17.93366076769959;
  -10.44826733216347, -4.435357364440546, 19.55671454833956;
  -10.0081169967581, -3.758049764622308, 18.92638842451729;
  -10.88940307795032, -4.578114038670853, 20.62769615995283;
  -10.9737516279712, -4.68943589000462, 20.86196346549538;
  -10.86094479545196, -4.549534767063136, 20.69139371316899;
  -10.53051094984697, -3.964856002728974, 20.19154377485047;
  -10.99330349466692, -4.797128700449841, 21.04225187263573;
  -10.32146797997859, -4.701845700881523, 19.95745952542393;
  -10.63972030526386, -4.142015134720587, 20.5851474042382;
  -10.43313330269784, -3.710320139898752, 20.30571766592437;
  -9.901031195345571, -4.027617699561427, 19.73182587563759;
  -10.23691804793063, -4.722014717361291, 20.49115949806681;
  -10.72670969412814, -4.508602085120715, 21.44788884886369;
  -10.00212568907139, -4.818529622982481, 20.1245760654706;
  -10.20482365964661, -4.41812824343914, 20.62118198460498;
  -10.07727586923847, -4.335353552953707, 20.80180286040654;
  -9.853010442729403, -4.495731433427269, 20.51513258070164;
  -9.848405985524824, -3.04728443474071, 20.83519286588193;
  -9.157338552233293, -2.88115838594176, 20.29163623559386;
  -9.283275765923479, -2.798922244155189, 20.71725188066475;
  -5.154490418142082, 1.938313041163249, 12.05638255967918;
  -4.951773561881913, 1.965868228186108, 11.774084921485;
  -6.324917515621665, -0.925069053108903, 14.83888828988254;
  -4.994919272520103, 1.954730304086694, 12.04546233184765;
  -6.453926095139701, -1.194065309772776, 15.76723389175507;
  -6.480885527319197, -1.342912547103459, 15.89525962191559;
  -3.785737658654867, 1.997934915123862, 9.855825080630636;
  -6.846940870334392, -1.813677384351002, 17.10726922135013;
  -4.537925658026286, 2.00792697068894, 11.68415833035338;
  -6.859897867235618, -1.989070133850373, 17.21718599977326;
  -6.32502009825035, -1.346368964673266, 16.04522966252887;
  -6.777011654599559, -1.666099689567006, 17.20611894480862;
  -6.658279443152146, -2.004542261495239, 17.11650866105238;
  -4.277995284443537, 2.019908389045864, 11.33189041732829;
  -3.525580566816148, 2.040984842578947, 9.505456539353347;
  -5.179253144415667, 1.966148605101859, 13.55729465911577;
  -3.822610328400663, 2.035004420006843, 10.28344863549283;
  -6.627620416875862, -1.655456630648762, 17.27131436225054;
  -6.334851316139331, -1.841987220856208, 16.59475945076038;
  -4.379428320814368, 2.000563386452396, 11.7958703218571;
  -6.36856427666555, -2.220425606813831, 16.77947159592913;
  -6.431728574460919, -1.881941766846148, 17.11968880978602;
  -6.48663423930732, -0.07228854376906507, 17.26451937047305;
  -6.477725122280136, -2.136241246632569, 17.24410402174185;
  -3.286202641929959, 2.130160674576955, 9.263185638090135;
  -6.320331000895519, -1.73667956397201, 17.00951032040884;
  -6.340581180835518, 0.6809008762687325, 17.06343130295474;
  -6.582435706406982, -1.62486100519195, 17.68747788545459;
  -6.431461654637803, -1.673539676737367, 17.3103652760757;
  -6.813370821295876, -1.578645093942681, 18.34234695804422;
  -5.437901068568492, 0.4256432900146562, 14.85666660425612;
  -4.999390071276156, 0.9915545075154781, 13.86425582476428;
  -3.937183159831057, 2.060633035847032, 11.12363619725599;
  -3.509083599348013, 2.043668666891611, 10.12640746448891;
  -5.721317052493468, 1.958765132716348, 16.06073230261888;
  -5.026680988610334, 0.1900348666905187, 14.26474115033487;
  -5.27062559687473, 2.005288065758538, 14.92840727942337;
  -6.752529909622475, -0.982972132312412, 18.93285055269765;
  -4.987059221421842, 0.8332607527799686, 14.2876343459973;
  -4.937650148614769, -0.1037212056994218, 14.15495680344242;
  -5.000199678930311, 1.951573124653795, 14.3486399283106;
  -3.916074509266228, 2.007102189510975, 11.44491721743799;
  -4.151140279559284, 1.97678308381256, 12.08467110019478;
  -5.111437509975779, 1.899414762000161, 14.7223098916304;
  -5.107114044989474, 1.824700739406611, 14.77918260542586;
  -4.058212485348818, 2.044475139601873, 11.96212172824426;
  -4.725650137058668, 0.3380744537967089, 13.80756117945932;
  -5.13825265774992, 1.992662407360876, 14.93745762347577;
  -10.61219293563937, -7.178301521272606, 29.89501800138663;
  -4.751827088631898, 0.8982516955562877, 13.99524388796661;
  -3.333477390185304, 2.141180716085077, 10.11138256156428;
  -4.610449946278563, 0.707448609552305, 13.94513284731411;
  -4.555198152424445, -0.2442466855329488, 13.79433095207653;
  -10.19308200423488, -7.272179044164577, 29.89883681478005;
  -3.513100299433404, 2.103524815408497, 10.91695457835908;
  -3.121628266294495, 2.083877361426473, 9.860067473617162;
  -6.57943550110792, -1.520284848394573, 19.75651265872878;
  -9.841969164753023, -7.022743020312514, 29.25260142466617;
  -5.0408520071626, 1.925695952746111, 15.56386990598557;
  -9.8545826138116, -7.226597333454287, 29.69091517165933;
  -6.778035289635695, -1.345319256026059, 20.77730766311994;
  -4.96833503121834, 1.978368364000691, 15.48337217703301;
  -9.840781396273835, -7.02039239640499, 29.87479114382282;
  -9.728187328189568, -7.140923245909405, 29.73949960174202;
  -5.0492688943077, 2.021714973159586, 15.93718305420315;
  -3.011055779407222, 2.076612292723337, 9.88652448809578;
  -5.097226199506252, 1.984504018825223, 16.213937436273;
  -9.436479297820114, -7.13479372760222, 29.28957762711466;
  -4.737656253684712, 1.954862175069048, 15.20986201058383;
  -9.46127192664451, -6.904982385416499, 29.55174420331589;
  -4.293593531426318, 0.7271178020739273, 13.9318816134363;
  -4.077218367851964, -0.4159561731133781, 13.39324793786436;
  -3.50697184674532, 2.067719028441402, 11.64946018901254;
  -4.57877788692971, 1.772900400191966, 15.06541975530092;
  -4.138128775915337, -0.3921260051232812, 13.98505144197254;
  -2.709660635505125, 2.096390457646646, 9.493418903364695;
  -3.112572250260499, 2.113791104953865, 10.77832863900442;
  -4.055140530217741, -0.2967857225873798, 13.92113276284495;
  -3.248373663285945, 2.141208889248191, 11.33115211913888;
  -3.233833649721637, 1.998193189897691, 11.36086643189767;
  -2.692000616144299, 2.081419445508259, 9.771635910770884;
  -3.912648662300149, -0.3689448389773621, 13.88211742976285;
  -2.572344107022716, 2.082658374998156, 9.444402665014499;
  -3.768804637808463, 0.8461045856855239, 13.86606437984064;
  -2.438695310457759, 2.057162703135118, 9.649866708407098;
  -3.448037617208165, 0.5928001845834342, 13.41805100025059;
  -2.310275110202554, 2.068722093865256, 10.03940989765402;
  -3.137023792847423, 1.214103573835176, 13.54205325509936;
  -2.224069549835575, 2.057381248795328, 9.953891363804502;
  -3.11298637606853, 0.6405968674983904, 13.72901100203282;
  -2.978612926606572, 0.8263223860249603, 13.25459701453039;
  -2.925894047780186, 1.189179588075486, 13.74667156183044;
  -2.904202857035522, 1.147382882572829, 13.907278451755;
  -2.889083890695772, 1.261493500240756, 13.93361788791949;
  -2.834075071837103, 0.1238074979086895, 13.70684767029046;
  -2.878271454522368, 0.7844999638509614, 13.90710057947964;
  -2.113008717738889, 2.058058121925784, 10.74340840092377;
  -1.800999773582784, 2.034000153411849, 10.66112878792417;
  -1.669271910752654, 2.028842440943456, 10.57402101242148;
  -1.141822590032829, 2.030409222299393, 10.86146165686746;
  -0.8499071982206342, 2.012926962214824, 13.2585898917317;
  1.966284597986776, -5.215792057007854, 29.18955866268078;
  2.226169197733849, -4.68082920506123, 30.91686790543349;
  2.143587391879546, -4.07842155037552, 29.35501967117176;
  2.348718752157227, -4.43766316391436, 30.60820274969574;
  2.0599266368332, -4.197284685229426, 26.99464382284162;
  2.11916710351708, -3.540459041506183, 27.438530488973;
  2.27283251708706, -5.280118951517311, 29.09967880380544;
  1.533058567724628, 1.016864300147673, 19.50193131349658;
  2.352489146980388, -4.864344831636714, 28.99416544945234;
