m=[-5.203268400566688, -1.982891658317855, 9.597326706276078;
  -4.971652506626115, -1.91606648460533, 9.549980626947175;
  -2.457257373596709, 0.984915476843712, 5.436347441966704;
  -3.107939282978498, -0.4670198143383781, 6.904767956468576;
  -3.267468053424647, 0.06406295610163773, 7.359612259971812;
  -2.218043098238105, 0.994056733211803, 5.317525182208231;
  -2.165526195109381, 0.9988413855441871, 5.252473583198214;
  -3.145943915038919, -0.4380724126939151, 7.222167004477047;
  -2.039665685604672, 1.007995241016019, 5.047751579003478;
  -3.210847103829464, -0.6798607105072869, 7.494309187412783;
  -2.147861694107476, 0.9930958775382827, 5.393433980741903;
  -1.939894729862005, 1.004807905009334, 5.086434602476396;
  -3.146769804645015, -0.7272044919789923, 7.636062351092869;
  -3.087850749519898, -0.7137977542497821, 7.808209233285473;
  -2.490744587408603, 0.5019745777171347, 6.528717893205999;
  -3.031945166937209, -0.7234101601405824, 7.845803490833504;
  -3.016416625362763, -0.6841533413969739, 7.817234962760054;
  -3.18709414708709, -0.8037242818682632, 8.211243782492845;
  -2.453809790584413, 0.08591958979841642, 6.592936800006727;
  -2.404655156917621, 0.3997511144129046, 6.523879981698438;
  -1.781072253877038, 1.021612874527683, 5.09801982002753;
  -2.649412301310151, 0.9452197580395083, 7.134644523823785;
  -1.971158780951592, 1.001074380445308, 5.588348925284633;
  -2.261289855615686, 0.5553073537021216, 6.284959484375024;
  -2.37076794882555, 0.1672947495615346, 6.54631329059043;
  -2.348181886334311, 0.4135524507829442, 6.535348620316477;
  -2.508754314430436, 0.9841599625593094, 6.932992882563137;
  -2.281072574936898, 0.3511686578805111, 6.529289801009456;
  -1.742055172527089, 1.007192371133276, 5.380901176552237;
  -2.41865270161396, 0.9810357992541592, 7.298199437651872;
  -2.119044928941169, 0.3609538373936882, 6.514504968319664;
  -2.141704534392832, -0.2344252366537694, 6.648139154621331;
  -2.096437199701705, -0.2115756889386138, 6.551371185790329;
  -3.537341896652968, -0.9810766368447655, 10.38709827552536;
  -2.045289320931638, -0.2008683783787326, 6.55293028376444;
  -1.993256331430468, -0.199191781525995, 6.585084138095987;
  -1.949302252600299, -0.1920531154526062, 6.559460047417719;
  -1.868290401832058, 0.4235010391460866, 6.52604063796452;
  -1.734464286987259, 0.436077505307716, 6.477695639643781;
  -1.737979697814664, 0.406870457343969, 6.494474886383578;
  -4.610585203634809, -3.72256135010989, 16.56404855611348;
  -4.427568449245685, -3.539306284886377, 16.45250103752321;
  -1.560862143447058, 0.3261699931368775, 6.559501877129558;
  -4.629114870553093, -1.579466158745482, 17.68174049012331;
  -4.652740249512417, -3.302830692782656, 17.75128266081972;
  -1.580894086513947, 0.4438092694597907, 6.684746304123238;
  -4.226236517713354, -1.070268089966094, 16.15655493641432;
  -1.448988055129914, 0.5996757346508718, 6.496888845961333;
  -4.638717221604205, -4.150888360854189, 18.77475586893347;
  -4.514568520853695, -3.719037288613691, 18.34898375192973;
  -4.853099895408588, -2.659768504836241, 19.74021548774618;
  -4.565474598968384, -2.033971734053377, 18.59719701863235;
  -4.691079683587464, -3.785343473536333, 19.17398001382475;
  -1.448917434542864, 0.6400186759875893, 6.671625981177716;
  -1.416751729401964, 0.391465803641224, 6.542557668219886;
  -1.427000290742831, 0.06093402783632287, 6.589492787260081;
  -4.653776142938674, -4.446113969170161, 19.35223958949182;
  -1.487367277295971, -0.01013149669184383, 7.016190357224598;
  -4.770184974284343, -3.381174212454632, 20.43041044236849;
  -1.305390873857025, -0.05611459151022444, 6.686881018961815;
  -4.489097415107856, -3.538551384704041, 20.71123336966751;
  -1.344595797819459, 0.2525215739796728, 6.911183255323325;
  -1.383255307217626, 0.8163504958409177, 7.141629445957672;
  -1.256754790463663, 0.2038237967504027, 6.579197580725168;
  -5.266279888432518, -3.837016511165231, 24.77342281782098;
  -1.350495408364808, 0.5237828271115678, 7.129679276277013;
  -1.326865399221814, 0.5810537668578674, 7.098475695908304;
  -1.520589890295369, -0.0241096497187876, 7.999862335101357;
  -4.293248563789215, -3.458605088302601, 20.82095127895664;
  -1.343224680020068, 0.1976254134527544, 7.257177870852567;
  -1.360838937820433, 0.8002082431697675, 7.399510815500675;
  -1.324864662075375, 0.5516752272690029, 7.241975278800825;
  -1.317560151177393, 0.618284988583946, 7.339917273797251;
  -1.319022139971488, 0.6160675608092886, 7.361812668381822;
  -1.256361566073662, 0.7053716164233046, 7.136922737355863;
  -5.076688058217617, -2.269326568647025, 26.8011643415199;
  -4.777008194501319, -2.26039991833362, 26.60273300792038;
  -4.283372835608776, -3.152765736354592, 25.95607690992442;
  -4.338588604827996, -3.406327073935801, 26.68154927962556;
  -4.750497048113877, -5.659112517896653, 29.21910704171929;
  -4.343106646878116, -3.59685566640505, 27.63355045853306;
  -4.309470255794837, -3.155130562757095, 28.42418780222406;
  -4.493433145635978, -6.600008783800947, 30.0401702176211;
  -4.306338273668627, -2.265001084457176, 30.0073420278598;
  -4.075631541531284, -2.660602717864962, 28.79006370776973;
  -4.370173036494759, -2.085470818184129, 30.92946817852097;
  -4.094943714929187, -3.768560234290879, 29.80967963112677;
  -3.292969152359615, -1.696304158999875, 25.9657901938038;
  -4.545912525553594, -5.702661794835491, 36.80196239625138;
  -4.302398985211948, -3.198828435422001, 35.95838750729542;
  -3.001241770388873, -1.380028702849042, 25.93059582770945;
  -4.161861762776391, -2.674440334259753, 36.86210716040686;
  -4.243033386233333, -3.029251183393743, 38.00513442385834;
  -3.740651235749152, -1.189603903912062, 35.10512592849994;
  -4.164683825517116, -3.52662407645659, 38.92258324426958;
  -3.864756390212602, -5.478045894629991, 37.78456605935995;
  -0.7189869290356254, 1.002354340290221, 8.068179957905464;
  -4.035302625503578, -3.176424542553906, 41.68415659742561;
  -2.680542801588483, -0.9803479552792999, 29.75442855223806;
  -2.878122716531796, -1.186151451919435, 33.10335802319634;
  -2.312251298092171, 0.006384916168957464, 26.70923935536148;
  -3.201430159847501, -0.3190782141027704, 37.43569111362257;
  -3.691139081641673, -4.008611042416804, 43.67802792892796;
  -3.464923755549426, -0.816880461277264, 41.88038664956932;
  -3.394065955845278, -0.130284966050987, 41.27533210591344;
  -5.494406447940692, -9.632720562143874, 66.29791810349379;
  -4.000081059394083, -4.917435636623838, 49.38603063490076;
  -4.391304965196649, -6.278265470320108, 54.72154974266326;
  -3.236477742637529, -2.920409708378681, 40.73007770151501;
  -2.266976915208202, -1.72235784213911, 29.59587328508567;
  -3.643351139946199, -8.072288581021104, 57.10692838740292;
  -1.875807620974735, 0.9082113118968368, 31.76009801763059;
  -3.509327049485012, -8.900515714972535, 58.31303740694811;
  -3.074695422191103, -5.732864416036642, 52.32662391146202;
  -0.3574328166948747, 0.9726427832760103, 7.105950296241958;
  -3.537069257015262, -8.933438330416156, 63.44923131974508;
  -2.639838136074038, -6.945128722523376, 47.84339805933965;
  -3.237697654977119, -9.322363845302634, 60.00423518741461;
  -3.56430193939522, -10.76736931423448, 65.77195523243272;
  -2.197449353391356, -4.039170305723703, 40.62986551688621;
  -3.18343461091402, -9.440314064871851, 63.83278700934939;
  -2.745421805955575, -9.66758269905214, 58.58517306503143;
  -2.455444259268088, -8.112086041414262, 56.82014099896329;
  -2.461193442424519, -9.223051140142269, 62.67413551981925;
  -1.87389113588475, -7.509235720033748, 52.52932753797889;
  -3.081066597349465, -11.67380958791914, 94.30915065886683;
  -1.82271516033934, -7.737994102207082, 55.99145497042175;
  -1.910235273175233, -8.595460850771621, 66.50914691855685;
  -0.539920984632269, 0.1634447194757755, 24.68909734544639;
  -1.274860755214407, -7.066614036769232, 60.42802628225804;
  -1.247889680664605, -6.947805946888297, 62.35417897593909;
