m=[-6.603561452175605, -1.825424097653132, 11.13180173888845;
  -10.34500784620338, -4.397898841769795, 18.86631379663042;
  -9.596030427716643, -4.068755867926827, 17.60626360375959;
  -10.10998969180849, -4.371672200112164, 18.51611307343089;
  -9.801203896290016, -3.735099547297866, 18.07812871949421;
  -9.732156689050886, -3.499078334955151, 18.22597480663311;
  -9.479496250580928, -3.910820766792473, 18.16075860677934;
  -9.613900564601869, -3.70518105068907, 18.46721266600562;
  -9.801113992928256, -4.167090615093056, 18.90972144054502;
  -9.369148133708961, -4.108987893817045, 18.23864036039241;
  -8.967207772261832, -3.91535640636624, 17.84749608555025;
  -8.892449297527811, -2.742881548042879, 18.52564032432802;
  -4.910354702384603, 1.871326964024288, 10.71285809193302;
  -4.774210395102271, 1.913594301667195, 10.56229060403046;
  -8.487431283309768, -2.71717705566344, 18.12539205521655;
  -4.744713082762604, 1.881508291757654, 10.67517367636024;
  -6.214695724757893, 0.121847183473735, 13.99791829639609;
  -3.571679792948716, 1.905657760722614, 8.509896025216838;
  -5.959133190717796, -0.8935252520661462, 13.59256291588757;
  -6.020917132173525, -1.138764645529456, 13.99046244973323;
  -4.291990887652426, 1.923534508478966, 10.28959700784409;
  -6.158253758603141, -1.303940873053316, 14.37373260983842;
  -4.186426560190566, 1.930974612684617, 10.15415789707852;
  -3.620070972609441, 1.956368904895982, 8.965105412187413;
  -4.076713728891789, 1.948262876600952, 10.02845492354338;
  -4.352103334651457, 1.847778517731939, 10.64911281625525;
  -3.945831204163308, 1.950015193038854, 9.765117799386738;
  -4.897551922588567, 1.899709812450097, 11.99040230488729;
  -5.927048825335083, -1.289821263575757, 14.32303667250688;
  -5.969367461097402, -1.379494243771976, 14.48547715890735;
  -4.912591696339172, 1.882016499675234, 12.11832196194377;
  -6.265300406568638, -1.555146974329033, 15.20967477539999;
  -4.114817604196703, 1.902547268644208, 10.33260062876236;
  -4.996539251031033, 1.856937920610563, 12.39972675576533;
  -5.921825780009347, -1.516049960224584, 14.77395810372252;
  -3.538126868096645, 1.960654124927614, 9.226718659581593;
  -6.052755319821033, -1.638110948141591, 15.2310247244758;
  -6.035418759949335, -2.144533491448994, 15.1936743030668;
  -5.794648193544894, -1.339509970766237, 14.65285378042093;
  -3.76099554049377, 1.948084084986311, 9.861389673597264;
  -3.790178571851535, 2.014133800921468, 9.941590880829009;
  -5.826287503168756, -0.1041821300423481, 14.8050293377241;
  -5.843218676750539, -1.743146451676779, 14.88081658408309;
  -5.784307810574092, -1.964418323133884, 14.75609151688698;
  -5.943245296604898, -0.07890596855536496, 15.14892855134936;
  -6.080973754173374, -1.288600605846914, 15.55249481885924;
  -5.885287021008022, -1.647389799027611, 15.14943533388598;
  -5.983709157535496, -1.508977182222333, 15.41645535039045;
  -5.944158685520959, -1.582302305159982, 15.32252799882591;
  -4.736324061488633, 0.9545395713058046, 12.41481113903961;
  -5.659094888637022, -1.28353909893927, 14.66590326053179;
  -3.228701387391561, 1.920361048263099, 8.838497489713989;
  -3.71377166836508, 1.926094168026864, 10.10015122301567;
  -5.714268060699237, -1.568554271923197, 15.09986130271344;
  -3.984642926203405, 1.92276986838242, 10.85045321289745;
  -4.644681672100562, 0.1626324687196144, 12.47940766957958;
  -5.322075897915922, 1.843653251435269, 14.26447143606;
  -5.0526120930031, 1.802599307648042, 13.60625946460812;
  -4.509515463038942, 0.7496641780947883, 12.23441023210597;
  -4.55014343200604, -0.115588595370669, 12.34580644305029;
  -3.842044468551955, 1.96152993957674, 10.58539620163729;
  -4.620526871474873, 1.516274320399681, 12.52591621453727;
  -4.850595130668061, 1.816683563726121, 13.25986792188941;
  -4.929390117004273, 1.778254947069678, 13.5466941554058;
  -4.280981912781898, 1.051285279209065, 11.89842947747662;
  -4.793589027513393, 1.880478439321928, 13.24717945416996;
  -4.434965433470581, 0.7810684661283013, 12.34318576233867;
  -4.442296275901366, 0.8454922442309937, 12.38051463268515;
  -6.612266045373956, -1.820751090327382, 18.02676588718598;
  -3.787789600696031, 1.923670058656266, 10.73860216072254;
  -3.436173474149922, 1.97096948350105, 9.835468739764304;
  -3.927272283643348, -0.2361175858171287, 11.24696757803641;
  -4.309669961660757, 0.6634690333718241, 12.33590041613069;
  -4.705545895341099, 1.817722930939814, 13.86018442090351;
  -6.252225804070194, -1.838738696382265, 18.15101738969466;
  -6.567302994335207, -2.086072319503991, 19.08231923414918;
  -4.681609411037897, 1.886065583047381, 13.91647664973615;
  -3.336641687152012, 1.929123776045337, 10.30629767832472;
  -4.590485358308161, 1.861958299944112, 13.85162807301677;
  -3.280466155267818, 1.965675940992085, 10.18442039620478;
  -4.000228990778621, 0.6813909346398339, 12.29776267550161;
  -4.433495328084331, 1.844756502183664, 13.55931312542636;
  -4.738862662944246, 1.87038024761854, 14.42991114066202;
  -4.216227465428486, 1.51502835318706, 13.07987077542339;
  -4.043921554929892, -0.408118826130228, 12.63726438184447;
  -3.802218491897102, -0.3734168339377589, 12.18197955959232;
  -3.004412378562192, 1.884859149056259, 9.846927135403238;
  -3.669181149433577, -0.2728467016784349, 11.94153081449314;
  -3.757419724181744, -0.3754896532868647, 12.41331816471459;
  -3.620943636829348, -0.3567499629181209, 12.18458301582013;
  -3.474757550066608, 0.7876524076722191, 12.13751831972807;
  -3.404253133395163, 0.5865447922520312, 12.55944189649453;
  -3.23947851509594, 0.8144668760028261, 12.0984652202936;
  -3.23216180096188, 0.7566665777630413, 12.07792799390555;
  -2.11138921629367, 1.999624440790001, 8.754184820064628;
  -8.293839565090638, -5.887530016202209, 31.64292063775589;
  -3.140252734243653, 1.232321214057205, 12.89002472832548;
  -2.851069026521579, 0.5957817406985175, 11.98157871264213;
  -2.920252828395077, 0.8198115771726449, 12.34817023369719;
  -8.88519418176211, -7.950786252120583, 35.96195750707161;
  -8.227602991193939, -6.777782235183274, 33.44021757680583;
  -2.666251963383625, 1.103450507577201, 11.95478636287067;
  -2.623216421171055, 0.978670140937566, 12.02857103470485;
  -2.592695748090437, 0.7163934961645229, 11.97306563740035;
  -2.575954282713863, 0.1099952613788704, 11.8950446446081;
  -1.983172359982641, 1.981129745373053, 9.441670982763455;
  -2.623768794538999, -0.01787232062168412, 12.3768094113907;
  -2.672310775984651, 1.113916571844703, 12.87871643268082;
  -1.785621960393346, 1.91593274099222, 9.167161045026042;
  -2.519558728898738, 1.486958341605116, 13.00826732074267;
  -1.580331539084704, 1.985611544654737, 9.576700510431131;
  -1.03741633204274, 1.954442582086069, 9.539660867412801;
  -0.766697752894117, 1.984230126894496, 12.16358331693721;
  2.253774319254093, -5.593978533742732, 30.04417736681123;
  2.413986501398136, -4.66125082707507, 30.55578043725915;
  2.350891040057926, -3.748077622744786, 29.33249753211399;
  3.082219525246115, -5.854219677076322, 36.14380324345596;
  2.591989104795787, -4.639692769455634, 30.70190720079314;
  1.892813057250876, 1.108258439896559, 22.7719251933579;
  2.552485008245189, -5.576718561388566, 29.52479161859679;
  2.765226892410869, -5.416072720402758, 30.96122738296656;
  2.602697183877528, -5.306702392735129, 29.11014293249693;
  2.395204919933065, -4.473391118888427, 25.82951624349593;
  1.81635540896399, 1.494847619288917, 19.8800059338354;
  1.709103723212002, 1.318650333168966, 18.67465581874331;
  1.954368171567046, 1.033887666386429, 21.15810954796421;
  3.074684615371108, -3.87204987651028, 32.17093484564939;
  2.561297534700667, -4.141687360525783, 26.68494423288628;
  3.963522295755578, -3.241379382067445, 40.73580957774485;
  3.459473692857535, -7.132721667214107, 34.92943889083718;
  2.080967404691093, 0.3784982481534241, 21.60479712949987;
  1.837527064259811, 1.549362313051167, 19.02898365993721;
