m=[-10.19677754704156, -3.640520416168671, 17.21751982575321;
  -6.304035727239095, -1.706852884241969, 11.31298006549668;
  -10.16495359984364, -3.724997410614042, 17.69887361877486;
  -10.30603476179621, -4.059100197896154, 18.22396502654522;
  -9.547301421396574, -3.891285186608961, 17.01902382751692;
  -9.511365115643917, -3.44555702610552, 17.28155155556781;
  -9.582174334116191, -3.808904162960406, 17.6658006884847;
  -9.79659906750822, -4.290459642920918, 18.16476888748588;
  -9.311753068535822, -3.102030431780347, 17.70126439705176;
  -4.934157447952404, 1.860315567888704, 9.936280130960601;
  -4.752254855546479, 1.889882586319282, 9.694274977700097;
  -6.936727588183378, -0.553305099971959, 13.8046577333337;
  -4.816691673378545, 1.8947319070754, 10.00140911400936;
  -8.936316598205057, -2.870288839879622, 17.89272916402951;
  -9.013503115209273, -2.570340643268188, 18.05940670713365;
  -9.190825453873574, -2.952035487958609, 18.40231921427891;
  -8.579974108031491, -2.853801607132412, 17.59008911545337;
  -6.341125239135448, 0.07249664546376797, 13.49970827566332;
  -4.29566511262446, 1.916184700135644, 9.481401579702105;
  -4.197076026362629, 1.924985188929488, 9.358475581889898;
  -4.24168371362962, 1.924471129696904, 9.513292817811751;
  -4.053093877848321, 1.929167158521493, 9.156682848688707;
  -3.953498030463527, 1.947974503294978, 8.961068084687982;
  -4.267357943290648, 1.915554770876014, 9.640036473636325;
  -4.221794822476212, 1.773935668999068, 9.54094516209673;
  -5.880600842929701, -0.877887921924834, 12.94419667542868;
  -5.150513985233544, 1.853705856257246, 11.558672607369;
  -6.153747256907272, -1.383938858273485, 13.6122122377746;
  -4.062076586044424, 1.938842879703334, 9.340352423796464;
  -4.109084602800458, 1.938008608157923, 9.504507727521176;
  -6.497463062466875, -1.822369078797927, 14.45197901192042;
  -4.189173738739926, 1.921046753542848, 9.688773956532673;
  -4.907983489752609, 1.886301813426851, 11.22643984126013;
  -5.99600281458357, -1.307282450781247, 13.59036676172347;
  -5.173642195931201, 2.034224354038039, 11.96893556786294;
  -4.118033116467793, 1.930340651977405, 9.733282267158236;
  -5.086872043282795, 1.880903498052528, 11.83838270223329;
  -4.118391236089424, 1.905715400781571, 9.795806894312257;
  -3.741306498092614, 1.932849018183813, 9.000742291752365;
  -6.081201805886557, -1.485625459248136, 13.99822410349622;
  -5.99454415150749, -1.090012078146767, 13.90507251762298;
  -5.910320049615012, -1.330937437595894, 13.94200118333281;
  -5.739873644794614, 0.07503368099242622, 13.71767567031227;
  -6.060156718161711, -1.700398892284889, 14.50814093069925;
  -6.009203190446554, -1.4699853618573, 14.43378617233352;
  -5.976872211326625, -1.54131999911716, 14.37033828739285;
  -4.81113871314413, 0.801414007454443, 11.81185736424958;
  -4.801713940785795, 0.9268489989623524, 11.8069917592477;
  -4.76231823987345, 1.069652382698059, 11.74731181788254;
  -4.762764624619281, 0.5812156297708253, 11.77071728388518;
  -6.187454651106973, -1.397248415147387, 15.09607548143322;
  -4.149240032875249, 1.826938323593779, 10.43381319952606;
  -3.831386715275766, 1.947751178503547, 9.762285199545008;
  -5.86267740559193, -1.40400647724689, 14.43494432309792;
  -6.081918516756151, -1.703054187508015, 14.93878691048343;
  -6.179199403424062, -1.637017403900536, 15.17260816827688;
  -4.718304843615951, 0.1155647807588345, 11.90876621532956;
  -4.672350519391726, 0.7522558432936963, 11.89196207674302;
  -3.441745515718914, 1.970697803192921, 9.045789430653752;
  -4.941400469804127, 1.615161093698128, 12.59659042397254;
  -5.123693557115211, 1.803393315373093, 13.04048906749737;
  -5.264267975089332, 1.7942388434977, 13.3783665964261;
  -5.942190573534068, -1.717115995190899, 14.9545097373336;
  -3.807937858746627, 1.923417197239394, 10.00105155522672;
  -4.367137854173613, 1.039428691561416, 11.35595311884698;
  -4.405753953033582, 0.2596021152708261, 11.45508506309975;
  -5.742536395467434, -1.639225254791364, 14.65507420078134;
  -3.615807018411147, 1.933755872475986, 9.617513798796251;
  -4.522348865079358, 0.8712545998344473, 11.78819714938268;
  -4.534284009917348, 0.7681519748734954, 11.84956035930854;
  -4.522607773705745, 0.828493017811055, 11.83689723672729;
  -4.844062397131536, 1.881077733571116, 12.63181114153614;
  -5.797805643058081, -1.528062917152548, 14.95179562502878;
  -5.447712232177366, -1.803998779201472, 14.224866337238;
  -3.256843849559771, 1.949442972617406, 8.968429340395836;
  -4.388060676147381, 0.6416645392616279, 11.79881937064943;
  -4.513518132460634, -0.963462616342064, 12.10567552914678;
  -4.680170529803913, 1.579867190748409, 12.59560907488762;
  -3.370873597440959, 1.948905987690909, 9.624357210572656;
  -3.298234154255523, 1.974260377708847, 9.449558007254693;
  -3.139191041955069, 2.053858575443173, 9.055162115190655;
  -4.80897703706701, 1.830505902398813, 13.66367573538462;
  -4.665056941310648, 1.870950552639478, 13.34453487536483;
  -4.053005004023154, 0.657381649299898, 11.71674813175238;
  -6.533687074935952, -1.775352596007186, 18.45556081800326;
  -4.558901927923548, 1.871187758195962, 13.19453924105486;
  -3.099340953919548, 2.036869417873397, 9.286057472465085;
  -3.898616629345259, -0.4366010062820579, 11.48783189704956;
  -3.962255879312664, 0.9152530963974094, 11.79910289403638;
  -6.382242136800337, -1.699117198184743, 18.41226796507016;
  -3.930567886660138, -0.4394223619044815, 11.84832347292622;
  -2.842772884074169, 2.007044761279744, 8.916757815673366;
  -3.765069421274442, -0.4282810114099798, 11.72833536273235;
  -3.728966581731812, -0.418078493896138, 11.81814560088905;
  -3.587226786710349, 0.784662025782532, 11.80029920198973;
  -3.634604493863627, 0.8979874606770228, 11.98528636169133;
  -3.291925897781598, 0.5394702735896932, 11.48790479809224;
  -3.295238255862035, 0.803006386072584, 11.60428660847102;
  -3.311408262919661, 0.747561501912331, 11.6665162878161;
  -3.787685116633468, 0.02611208270074553, 13.65060221361454;
  -8.372161902981283, -7.008324560263269, 29.78232876495323;
  -2.973869010349038, 0.5907379490993202, 11.81242913942914;
  -2.992983585404138, 0.8167927677331213, 11.99115543846416;
  -2.887377915836253, 1.153585916277384, 11.98759168894152;
  -2.766774452645843, 1.130572362858973, 11.73332717912568;
  -2.67304910041313, 0.7158384850309849, 11.69760397863922;
  -2.684804354812819, 0.07320781157564106, 11.7534638024435;
  -2.740805603181901, 1.118486315141131, 12.58309671351582;
  -2.504810252920662, 0.4392084246038115, 12.28753032472681;
  -2.663945919723625, 1.56752553911995, 13.13540490409367;
  -2.544795992858428, 1.363693861598381, 12.6595596610399;
  -2.507457983055657, 0.953018630097019, 12.67566144232194;
  -2.498133072892836, 1.084159474933627, 12.79748034362254;
  -2.544263054254496, 1.490135918545922, 13.28900412356979;
  -2.481788357516978, 1.01382024236536, 13.00293226496265;
  -2.39320907915282, 1.104150749731033, 12.82004805269913;
  -2.309435204267583, 1.140923267858154, 12.57404107258034;
  -2.278894804499132, 1.272846739744664, 12.4448148040397;
  -1.001523853152887, 1.950309371736564, 8.687005040056821;
  -0.8452015259693941, 1.925930028901812, 8.691404677470665;
  -0.678619194237881, 1.881318720476018, 10.81305369172884;
  -0.5860322635272868, 1.78290650682293, 11.55155315894051;
  -0.5867455505754522, 1.750099423991808, 11.90186932827304;
  0.2162226205166907, 1.881885090299666, 9.003150548672453;
  1.489979966071398, 1.663437069222071, 20.28846872279668;
  2.584320604569954, -4.777826025033008, 29.58064502126501;
  2.864821893258718, -5.290816918293548, 30.9966164012443;
  1.840037131978267, 0.7862766494640937, 19.67956670726508;
  2.695452471753002, -5.66173473791935, 28.38472708019885;
  1.752100830569454, 0.8811317775959937, 18.74317222167296;
  2.938736368478105, -5.227841942792311, 30.31250246120277;
  2.833197160382638, -5.525881363629559, 28.71347834710856;
