m=[-8.225481997200827, 0.7577742050006248, 12.70039395563325;
  -14.33279752234114, -4.054711585849731, 21.55381335271879;
  -14.31769564783118, -4.387502135347271, 21.60571608757932;
  -14.32300054969815, -3.916628810196061, 21.62500567972522;
  -8.048851548336486, 0.8068011488732538, 12.64170409346356;
  -14.59745967543305, -1.812454615183392, 22.08447828608251;
  -7.994601887142202, 0.8015004731727773, 12.68488750013626;
  -14.41032616645213, -0.3585474518774164, 22.02636193409041;
  -14.40945588801308, -0.5407730007803732, 22.16202068773763;
  -14.44157776260158, -0.1301078766476611, 22.21358439900109;
  -14.36662465279493, -0.3113739739070248, 22.22995220848485;
  -14.34508351997572, -2.607971147317566, 22.3621237879286;
  -14.05916344370709, -2.730797715783195, 22.04733178761752;
  -14.53145630544539, -1.731460181995984, 22.9345794234729;
  -14.06672002240464, -0.3268133723193644, 22.33514684218102;
  -14.22739672976543, -1.766079573283839, 22.60010678900459;
  -14.4508355738054, -0.7978507160406797, 23.00319923914588;
  -14.31914654176216, -1.536902642994738, 22.82611548570208;
  -14.34075667098086, -0.4554509080576631, 22.9015117156634;
  -14.39584795374631, -0.1918392031436366, 23.04466721826624;
  -14.31429832936708, -1.859577219070609, 22.94728476313388;
  -13.24568826958999, -1.064949153557274, 21.33917292543005;
  -14.34634105871114, -0.8299389453635605, 23.04297837876557;
  -14.44593629231968, -1.69777349132757, 23.21704508933897;
  -14.2050468715568, -0.1873609618614635, 22.96361031137261;
  -14.47629001543564, -0.3957323039046256, 23.40068280553659;
  -14.25413819305083, -1.408838581463896, 23.71671363257212;
  -14.16127223758722, -4.259766332664525, 23.68333115482317;
  -14.50035810355923, -0.34424004106107, 24.49610474538049;
  -14.45955776593604, -2.391417620653848, 24.44157016316671;
  -14.73107010236761, -2.467709285710003, 25.1736999553071;
  -7.146920324878363, 1.104756300781117, 12.92049458497083;
  -14.5965379293085, -2.615281368025949, 25.42776350165994;
  -7.212886114574882, 0.6653469808680101, 13.3100440075235;
  -14.72937984334801, -2.851677734941919, 26.03100356485404;
  -14.33083720752587, -2.442633531969229, 25.39615569062749;
  -14.89843234564622, -3.169525155424981, 26.37710862038526;
  -4.268444989777579, 1.6902627818491, 8.465167323324405;
  -11.76754022140505, -2.88708903650303, 21.69325897378811;
  -7.291370036419738, 0.8323710288785629, 14.09473806239778;
  -11.40553956791481, -1.689212923836259, 21.42243405685339;
  -11.26482091862398, -1.798488571737216, 21.35503174873816;
  -7.264903183369613, 0.7229860720255458, 14.2009054258241;
  -10.85635475393616, -0.3803613228634472, 20.80681466184607;
  -7.933296330562618, 1.373061901161295, 15.64944937703181;
  -7.84133584632017, 1.293909273289746, 15.52980818476375;
  -10.72155639463607, -1.528748370684808, 20.8629209208949;
  -6.011208579042164, 1.683408394465095, 12.58269505183498;
  -5.880860669288507, 1.716172048218463, 12.47738607107383;
  -5.950244859774244, 1.643966737823256, 12.68227155426261;
  -5.888382436651475, 1.708748248939804, 12.82403075140381;
  -7.665948903476598, 1.600325030191343, 17.43028420317942;
  -7.981245480676067, -4.27162216092297, 18.87582804583389;
  -6.455918574475351, 1.654755808745745, 15.50002860304873;
  -6.215217542066948, 1.639519798648027, 15.27987335618826;
  -6.243792149990628, 1.665858135612982, 15.8669820652187;
  -8.078531353057244, 1.463773249217318, 20.19132801152108;
  -7.630051961235442, -3.998554412363647, 19.26229381008356;
  -7.170899876184371, -4.163284179690608, 18.76670858441752;
  -6.692891468101863, -4.068835537844345, 17.69946684795216;
  -7.886633972076478, -3.364818217065468, 20.73680462338047;
  -6.452126109940187, 1.649298090761121, 17.32644599798024;
  -7.046313720760138, -4.083181586518148, 19.06531520859184;
  -7.402535747752691, -3.822640190828527, 19.98123441166295;
  -7.095241412265852, -4.010920627421193, 19.33741111345553;
  -7.127487502307413, -3.903509050165823, 19.44216370889993;
  -11.89581536905695, -3.610409392056388, 32.06864668855927;
  -12.4413232156051, -2.911918387195524, 33.55818328221826;
  -10.03296650841769, -3.267868512400377, 27.96855317953772;
  -6.957618720082319, -4.514151920879383, 19.99700903407609;
  -10.20051642349847, -3.69757381886724, 28.82708254254048;
  -7.799975462393934, -4.442783326124326, 23.18452478330086;
  -10.18134672429181, -4.047300074152878, 30.061312806116;
  -6.653318671011889, -4.567111692000325, 20.2920471388599;
  -6.717642537034132, -4.552694798069322, 20.68722065066013;
  -9.887703626628069, -4.084882255072528, 30.01962160029386;
  -7.595304542467543, 1.514503255433883, 23.39303992918661;
  -8.747753103604744, 1.266694352202665, 26.95298327384806;
  -14.08641247638054, -2.564791087415928, 42.96006605621807;
  -10.09688767768219, -3.50864900653192, 31.20653350789872;
  -13.72222529466872, -2.099703489580536, 42.08256377453834;
  -4.899364256763058, -2.810988589328792, 15.88311155182989;
  -9.939338545510143, -4.472647618883475, 31.55718265023079;
  -9.813711148934882, -3.578734342047954, 31.85466797010103;
  -10.33270561012235, -3.700520801623095, 34.0154654495722;
  -13.7814434191425, -4.005272701786924, 45.1777884114067;
  -6.608232078441805, -5.111539539908812, 22.35238774730204;
  -13.35183666542507, -3.238171452941635, 44.1925574272346;
  -6.798315655642012, -5.095396064255807, 23.23674632253608;
  -9.393533581470274, -3.817073404969582, 31.66173850573666;
  -6.732876073854481, -5.289861983005937, 23.38056648159807;
  -20.41628790072278, -2.397232185162273, 69.45587682424034;
  -20.10018969195218, -2.62631478382436, 69.02405875715851;
  -16.8337950182877, -2.967399046226644, 58.16428318131091;
  -15.18292893000443, -3.173506765092574, 53.34411543058821;
  -16.29672891202203, -4.330786531374661, 57.25619204922136;
  -14.13879812344788, -2.510489059329891, 50.7914812647502;
  -15.34589240306725, -3.652443878028139, 55.08493986525118;
  -13.53706498961188, -4.193903350799189, 48.8654050345004;
  -17.0955086251019, -4.994127605452663, 61.37831435637485;
  -14.49584354113638, -2.973566106961002, 52.64320556151264;
  -26.91401382275795, -15.68119483708089, 96.8174610174547;
  1.204674533089991, 0.2564201217848849, -3.01568505960909;
  -16.65130365203443, -3.067013909468963, 61.54914127822791;
  -26.76235892604389, -15.87279542809969, 98.26120236242961;
  -19.53336471523881, -6.133326939717956, 72.24029655572953;
  -21.97766271451467, -2.621584681702853, 81.19560761752783;
  -16.03781251327064, -5.472116967115824, 59.68087626188888;
  -18.37944957649541, -5.798181770178856, 69.03967964623686;
  -16.94352216910208, -6.239056853552183, 64.08343071682488;
  -19.06473138859144, -8.84293595131998, 72.04020975919843;
  -21.36515042111151, -12.7227435559928, 81.90539825010161;
  -18.35161589441886, -6.130225181855059, 71.09992635726893;
  -24.81115771351077, -12.54193168371743, 96.68439103946761;
  -20.26513401646669, -3.15176646909484, 79.5520064086581;
  -25.17455369585845, -13.50383617121105, 98.60288596962252;
  -17.57562549440112, -5.056637734580412, 69.43276903581581;
  -17.07855415319409, -3.325105676686867, 68.15894293008526;
  -25.57828345649661, -4.810811259157709, 101.5507960666838;
  -22.65163966775081, -1.187672047831236, 90.7622018298169;
  -16.76956452069602, -3.896809813978976, 67.69689553148565;
  -19.31002750882003, -4.066060495363235, 78.33270204113072;
  -16.15055985081512, -1.5678308453663, 66.04155465166191;
  -13.79336707133593, -0.3301023522353527, 56.87933093707802;
  -13.7789944966925, -1.875059203188857, 56.87954899757551;
  -1.881472020095336, 1.634086277945055, 8.969681939448202;
  -21.00053603056372, -4.774643158311796, 86.92209962388399;
  -17.4856716526635, -3.414958909763993, 72.72266485918209;
  -1.759692449333257, 1.628193391561476, 8.65026819508182;
  -14.11386859119871, -3.189942536919923, 60.36726077932207;
  -13.33299492810884, -0.08138062132384735, 57.74668965229891;
