m=[-13.83209372202143, 3.607305782523184, 19.41728304330841;
  -18.18242812248372, 1.79822090403426, 25.19683498558399;
  -28.38882427247467, -8.759815288487378, 39.10446630203139;
  -18.00897461418766, 1.774299667912382, 25.19852930588988;
  -18.00470693683443, 1.871570285023219, 25.3950029885006;
  -28.3071925685179, -7.295038332949289, 39.6198983105133;
  -28.1649400287966, -7.972666794390563, 39.44952569276993;
  -27.50329193783764, -8.437500010618619, 38.56992828615078;
  -19.1232189543792, 0.7079904344005115, 27.19203248256778;
  -19.41179644522086, 1.007450881514016, 27.59509686463902;
  -28.22593769889846, -1.032661014237887, 39.90576701535326;
  -28.94809779956058, -7.961292996544509, 40.92153303772731;
  -28.59382634188824, -7.158053310890773, 40.44603474833998;
  -27.35058244052827, -3.348068366049133, 38.93239229885517;
  -18.52368780455793, 0.6367595005232943, 26.87433647421391;
  -28.3900036316144, -7.428404488085056, 40.82402972256039;
  -17.32542507818279, 0.8971960986680845, 25.67176105359711;
  -29.2921426341807, -7.323685553852485, 42.81375148149591;
  -29.09961298299716, -7.939385058736521, 42.56306495412153;
  -29.6589159952541, -0.0518018650381888, 43.71815718027121;
  -28.56857781763192, -7.451067712764499, 42.41492122007482;
  -29.74094101461091, -8.284098173041333, 44.23020780094094;
  -17.33586699502878, 0.867744278361829, 26.22824174691424;
  -17.24888122138686, 1.167405904687877, 26.22554902991918;
  -16.18392213512177, 3.283385177531307, 24.87503069310986;
  -28.68028875816334, -8.788762609846314, 43.27918342869195;
  -29.78949227394686, -8.145945626156674, 44.97646546790139;
  -17.62432994852663, 0.7198437866326319, 27.09434073226219;
  -30.63312598219185, -3.803480317699237, 46.34481756624383;
  -17.36854347472746, 0.9335952775269064, 26.78794148205542;
  -16.92151930577809, 1.558898413941255, 26.12733959959676;
  -28.88300755796676, -0.7186463819656069, 44.14803460159819;
  -17.81706662064638, 0.816002140927406, 27.6850333393969;
  -31.70809736118266, -4.931143234036552, 48.57244493865434;
  -29.11616291289582, -1.092701550425302, 44.78121934915846;
  -29.38111636446562, -0.2647020101652541, 45.19311662670824;
  -16.09464398353793, 1.613295658224451, 25.27860347624145;
  -29.27950112583947, -0.634587096127288, 45.30513787656206;
  -29.22163883000782, -5.72137322310598, 45.29634045550182;
  -16.03648484223465, 1.607741119636133, 25.44479499955476;
  -28.64882902401368, -5.208426942584172, 44.659806973036;
  -30.1326177479355, -9.685638274140777, 47.01221804414124;
  -28.63991886982864, -5.562907447736584, 44.91261490925982;
  -16.75927599625061, 0.9411272843421237, 26.88620691467403;
  -29.68930191508117, -3.537556251533909, 46.85777106481312;
  -29.91276211983947, 0.2642975895554892, 47.32934718248595;
  -29.2537275341339, -0.07595758208548008, 46.33896248313067;
  -29.48773533058457, -2.855056905958934, 46.70998481842648;
  -27.28278670743097, -0.6338634390905596, 43.31962578368051;
  -28.63467231603315, -3.554487923937731, 45.48594971394829;
  -28.60568570251426, -4.659713876874552, 45.51032085136336;
  -29.29346483885611, -3.144126181124405, 46.69663861864465;
  -29.39014396234917, -0.9334073551839873, 46.93467309439654;
  -29.2895751562269, -0.3903131497664915, 46.88633240697687;
  -29.32938290355031, -3.810193908348749, 47.01800157636632;
  -29.52960470199923, -4.233671324916367, 47.37600481646041;
  -28.98910428846289, -1.190147696423687, 46.55040580909763;
  -29.1509494986409, -1.686388758237284, 46.82202216360918;
  -29.40236289507244, -4.941268051818485, 47.44727680438143;
  -29.18214982512424, -0.3849051474352085, 47.17531189383544;
  -29.62025508606162, -0.8097165623893533, 47.88065126831123;
  -28.52580574787989, -4.567859282009193, 46.16960467240666;
  -29.23018491466839, 0.1128730352006906, 47.43920790013529;
  -28.35951114444564, -7.603338494536374, 46.14558738473863;
  -29.63922677043587, -3.054705983665409, 48.22701728334717;
  -29.08607164140125, -1.280188911288042, 47.46431630688002;
  -29.88779146342937, -4.127009023314575, 48.73952021701677;
  -29.91026464862139, -3.28192482250827, 48.81031803680327;
  -28.81933896364595, -7.941296815805091, 47.15130396899102;
  -30.7573498711785, -9.170488021858214, 50.29654355288599;
  -28.40782210762938, -2.640542852705583, 46.53042151526616;
  -28.75212195913086, -3.402583004493236, 47.14622546471249;
  -29.35337876263742, -0.2446511659204141, 48.20592886402838;
  -14.60406792892277, 3.014634753795499, 24.65183041041848;
  -28.57779463256836, -7.70110629948459, 47.26036318418893;
  -28.99582156450483, -8.066504253066521, 48.2330206511771;
  -28.97302814457521, -0.6618491619443279, 48.2340788323131;
  -26.15581470741839, -3.962421416989322, 43.70383855556639;
  -24.95901207089165, -8.263796130041358, 41.91143413461232;
  -14.38309635614163, 0.5117919527739627, 24.6080623248523;
  -22.53380897051982, -7.991531814340676, 37.95243315282359;
  -13.89054254349451, 1.699721209275451, 23.96152937074179;
  -13.99597776429672, 0.6805954135240577, 24.21648288684777;
  -24.05331274528028, -9.033271230459961, 40.98964546629459;
  -13.74356038425464, 3.199400943047607, 23.98957879740908;
  -13.47304721071593, 2.365364861678875, 23.59979147976886;
  -13.95471708401504, 3.161907614089133, 24.46910377721837;
  -13.95103621639555, 2.984104561070156, 24.5037162047508;
  -14.62711303466621, 1.332376417030787, 25.98703085188343;
  -30.86501649395042, -5.530126592440965, 53.76811567811168;
  -29.56875395213757, -4.636782111838079, 51.97824506706078;
  -29.84986737386614, -4.449814741128659, 52.61636532024445;
  -29.83702227888971, -5.776588900183848, 52.73050471688192;
  -14.21913090155407, 2.197964121754875, 25.70592583451635;
  -29.52291495218477, -6.280769642838766, 52.26919963238564;
  -29.26486861015691, -4.988079087124326, 51.86125197898424;
  -30.13511391407266, -6.0570733250283, 53.57483023983733;
  -29.98662744076248, -6.296844404512451, 53.56409584344261;
  -24.91859956473228, -7.176548980853793, 44.88133957388206;
  -14.44921257979988, 1.332856198361942, 26.66334283617531;
  -30.90197260593897, -3.710672570079832, 55.82473086705284;
  -25.37178535056052, -5.79281217818744, 46.38911208003522;
  -30.88348254886992, -0.1702563140458151, 56.26752969262792;
  -23.78542335610148, -7.21665969290405, 43.66450635048519;
  -24.1881021333194, -6.135261383739645, 44.38544600755721;
  -15.43711653744164, 0.7827834302364325, 28.74185600661711;
  -30.17675253964748, -0.584988040454872, 55.28143084137969;
  -23.58494706748269, -5.78641252325402, 43.47844621659574;
  -30.77908083042803, 0.1894473210714354, 56.50764126358503;
  -28.03698802205741, -1.094029372108042, 51.75435106670693;
  -22.30555019254429, -2.822809472573114, 41.56305386616818;
  -24.27811840145938, -0.6183587324485025, 45.28125047948974;
  -22.47328903407903, -5.593647294649765, 42.01425604370166;
  -15.42126844310974, 3.292807889244638, 29.29627680660569;
  -23.35471004070417, -2.496666428647766, 43.81103657156321;
  -8.685558531703176, 3.465741248714292, 17.0046632953646;
  -21.4996136511294, -1.857776407462855, 40.50776688264367;
  -21.85814956531793, -2.538736822969162, 41.30872165522711;
  -23.61140398339569, -3.769686223471265, 44.76078983768607;
  -8.557793891093329, 3.388803309751542, 16.97179122142168;
  -21.51775041169076, -4.866789292527325, 41.07447184336094;
  -14.56536003398324, 1.662757980587478, 28.15587927071061;
  -21.93426024923907, -0.7684848582722315, 42.03824378391333;
  -21.9270894349859, -1.730073802817077, 42.09897040544946;
  -21.83822236487017, -3.754445315458996, 41.93805775105265;
  -20.74899738106435, -4.135697718628124, 39.92662918190356;
  -15.88243120415427, 2.692995893052894, 30.89586850299535;
  -21.2948030698032, -3.234346386708768, 41.05890416935223;
  -14.59190920957583, 1.452152472855312, 28.52320498114138;
  -16.0128201935419, 2.903781580995202, 31.22241146868062;
  -21.58410106376341, -3.077599755053525, 42.00018887809847;
