m=[-2.871877326792372, -0.4516528037720277, 5.852803696604665;
  -2.873107344944065, -0.4469061008114893, 5.93674573885659;
  -3.058692097001437, -0.6515213192389505, 6.327551932568368;
  -3.021367468818203, -0.7041493889934687, 6.301739652668406;
  -3.154558883876057, -0.9113659840158652, 6.646351156332804;
  -2.847843006157267, -0.6777803385971221, 6.225894799116351;
  -2.319363621881124, 0.381407794182541, 5.305628769662939;
  -2.16775906840435, 0.5097667073202586, 5.233764200867832;
  -2.16036458045456, 0.1256882606591974, 5.2261659987925;
  -2.357960953688483, 0.7699051852298656, 5.631643928434618;
  -2.166254675866693, 0.4149556000493243, 5.264772098882978;
  -2.162853367106124, 0.3609923064319876, 5.27200429304578;
  -2.81129166641909, -0.6971208059271379, 6.563923217169935;
  -2.91763674697979, -0.7581986781348827, 6.805353924594164;
  -2.15309709818109, 0.2191118899466049, 5.286210803542843;
  -2.32709527505697, 0.908715517499437, 5.690531577494107;
  -2.098363586681537, 0.3024474143595001, 5.263743211174601;
  -1.94685379002145, 0.3123554327307461, 5.252951361288063;
  -2.235771295922113, 0.9004213381112486, 6.030151371485151;
  -1.863985844492656, -0.2217462388579342, 5.257493067730369;
  -2.155053189739941, 0.7777516231959065, 5.944002770354778;
  -1.713754316732307, 0.198822315111492, 5.123501039805664;
  -1.585040862777257, 0.3870465197262047, 5.223165571349446;
  -1.581239617538799, 0.3572851989242415, 5.215990920285789;
  -1.373455324091891, 0.370472215199968, 5.244243093924681;
  -1.331064521416983, 0.538824539432504, 5.204453555849647;
  -1.302550023620534, 0.5396542206996269, 5.19477464783151;
  -1.296485232841363, 0.4467798290255992, 5.245558043122852;
  -1.271371114057311, 0.3434796616573944, 5.237238360438973;
  -1.27192576811669, 0.02907313885619486, 5.246947337001901;
  -4.330198937250187, -2.679111672928185, 16.32770450812006;
  -1.338893983666241, -0.02867466909606648, 5.714549143179823;
  -4.052294297860269, -3.295059532170293, 15.8115451384406;
  -1.218796915520324, 0.02247039957706419, 5.55340845240472;
  -4.24497952009231, -2.519474113880544, 17.17453950166517;
  -4.302817761110796, -3.836858422506038, 17.40256613145427;
  -4.450287759387825, -3.877412397087923, 18.12050710573697;
  -1.204040737029457, 0.210933847545011, 5.603696922728524;
  -1.194329625185752, 0.1837317923453129, 5.626708119494437;
  -1.172007116811388, 0.487083524563643, 5.861008210678484;
  -1.207041653434593, 0.7212054058315376, 6.022470442414625;
  -1.153085662565379, 0.5440027032272937, 5.895595332473397;
  -1.135156383777078, 0.5708262177905389, 5.885065165639929;
  -1.159307328515139, 0.661365380424204, 6.024650035474927;
  -4.016155642893938, -3.447222193503674, 18.6292257465265;
  -1.123604025301147, 0.2309574418018927, 6.315318313803396;
  -1.159025605435488, -0.1940371832471859, 7.639425677277338;
  -1.14675028432277, -0.1936775395557972, 7.749086598051675;
  -1.149129012803562, 0.7700558404321939, 7.841616102477629;
  -1.079753242138763, 0.2626136781901488, 7.455258633974536;
  -1.129691100598495, 0.6280827973515784, 7.846044559946933;
  -1.096018391498563, 0.3423299726093538, 8.085843379175634;
  -3.900576991805455, -6.356742604450675, 27.32020108831038;
  -0.2746743606054015, 0.5761906959852101, 4.856298062990805;
  -0.2779407903458739, 0.9571029888377854, 5.689524661629524;
  -0.2742085073862947, 0.9226139455978252, 5.957743426041558;
  -2.054604769376969, -7.602811091178769, 46.6970432738218;
  -1.289191514521929, -3.181141220370956, 30.28405434755998;
  -1.822352473580319, -8.571311127926956, 49.61198868092031;
  -1.126313888578655, -7.20072801939669, 49.59335421605277;
  -0.2401813859029867, 0.8740863021489327, 12.04167086869349;
  -0.5222991709002987, -6.188225914640215, 49.96184553930802;
  -0.07879804668122957, -6.93081208674688, 47.74721767377723;
  -0.02626951425578952, -5.860474527533086, 52.29807809709688;
  0.07510848539654121, 0.771270111034755, 23.30123241673249;
  0.1435351701244259, -5.931660595613325, 48.35305428682042;
  0.1702026875004341, -3.284196038370447, 44.4548486477573;
  0.3921277047789539, -3.986734794721245, 48.99354985731951;
  0.7285557750983308, -5.15125044954416, 51.66318447190893;
  0.3395048927655164, 0.506998620730576, 19.85638475888618;
  1.00879619248296, -5.006012864289596, 48.78397142954504;
  0.9994981361242366, -4.218477074262542, 44.66926790671943;
  1.190259412265971, -3.694448253766022, 47.66597184441763;
  1.560444322364588, -4.958220330654013, 48.36015417555629;
  1.576825452787861, -2.332457771171376, 48.16805767748152;
  1.254975941903747, -1.321692783608051, 35.28869695351272;
  1.663126558631581, -4.305645572421343, 45.53782376937519;
  1.512444284057332, -4.349031477550436, 41.21720912397345;
  1.640915823759767, -0.1137111852984104, 44.09995256317553;
  0.6490199654324036, 0.8589183185053985, 17.98669692835419;
  1.221825287279096, 0.8072899485458634, 30.15312334941739;
  1.696578998334783, -3.24719719044803, 40.36389009057905;
  1.652430189076715, -1.789819024108603, 39.12920468018265;
  1.534809551771578, -2.319343037404608, 36.06157010364385;
  1.581986805047734, 0.3962251835192597, 35.41743007617258;
  1.541816446290933, -2.457918871765689, 34.47995299918026;
  1.314468288872545, 0.5152288586641628, 28.94326272912353;
  1.929449703047365, -1.351341205129436, 41.30099552762725;
  0.7758642964449016, 0.8027270209049616, 17.34004377973164;
  2.190090859000242, -5.369220048691997, 46.26882398080137;
  1.574702821038386, 0.002694982579490455, 32.06141014225247;
  0.4613432069713088, 0.9265730628118595, 10.31221630846552;
  1.735439370854869, -2.402317758291616, 35.19212066373073;
  1.569370029533967, 0.5441574456424962, 30.95483534779393;
  1.615430320010365, 0.1410583647109293, 30.93254490591192;
  1.766275243563235, -1.464281069761053, 31.73546658494643;
  1.599675890064551, 0.04758214324982546, 28.12032561055586;
  1.329770056633554, 0.7092823985024668, 23.5450638061411;
  3.47626264949241, -1.192512436417391, 57.35859426623576;
  2.232274774821739, -0.7887730080470853, 37.24185072119787;
  1.628581975863748, -1.182906025362367, 27.04338866925278;
  1.502643832965181, 0.06191233851695195, 24.59171010505732;
  1.889367523218161, -1.434125437809817, 30.18651672052825;
  2.464511987782525, -4.14916449206039, 37.95046345808105;
  2.205522786188505, -1.103763873335304, 33.9280132953627;
  1.402227182448162, -1.639041636850876, 21.62424494699755;
  1.949011802257018, -1.570001521118463, 29.559254387707;
  1.957494627443002, -1.378472500772847, 29.53774128203522;
  0.9775981211570683, 0.5501495183563607, 15.25172542227044;
  2.668659306000965, -4.663895133922735, 38.47471900391952;
  1.162725351492803, 0.5549833788085719, 17.41673467941053;
  3.708790228547485, -0.3823046055867986, 51.58214830183992;
  1.039051885263538, 0.71141778585948, 14.82769212891406;
  1.100284647729483, 0.5196375072828914, 15.46377889402266;
  2.695172706810283, -1.9660631279506, 34.91529978792098;
  1.875937884683433, -2.313506753371785, 24.436059486885;
  2.942993234509108, -0.4067358580201623, 36.97937147810334;
  1.135362150157846, 0.8996739694884042, 14.92210508002682;
  1.125397664902466, 0.4464511659881492, 14.57413629541323;
  1.137692048093121, 0.544673823614194, 14.50835481284209;
  1.162644352690601, 0.7409367376669256, 14.34275956356331;
  1.189156367569337, 0.3884094095108665, 14.2622922088666;
  2.742781790143518, -0.7795328442611782, 30.48637811417904;
  1.263388728612601, 0.7171612209508146, 14.66191086929158;
  1.314038778492768, 0.03980602991884989, 14.98118508666431;
  2.136771504666584, -1.753137118428146, 23.22390834129938;
  3.219301374260979, -0.5141920438432599, 33.66909849475456;
  2.543116885761786, -3.531900409296468, 26.82916638593893;
  2.324731155418033, -1.799507068290485, 24.37580315675588;
  2.185205749152928, -1.779701999411557, 21.88135032176682;
  2.43642751627644, -1.581377931599316, 24.05599493176284;
  1.340176423743079, -2.318105023238533, 13.80669825472416;
