m=[-6.428724628482146, -1.888073117732668, 9.183348220419527;
  -6.199331948456202, -1.62011550628667, 8.944182818163952;
  -4.463882485073273, 1.881439128829694, 8.250968994439216;
  -9.127166460864391, -3.263175812490547, 15.84229093853749;
  -9.53648791243373, -3.549749837064073, 16.58849223121525;
  -9.353226712292564, -2.965578678195846, 16.52051828381723;
  -9.397294910058186, -3.201379332248154, 16.64962857238226;
  -9.274847913338387, -2.901587467928579, 16.51450103185446;
  -4.697173628512076, 1.851544263743514, 8.915347086999239;
  -7.003482672425863, -0.6391459352296689, 12.84399611619458;
  -9.320703437596624, -2.989336561155328, 16.87116229005422;
  -8.724706683835812, -2.758742681708684, 16.11844398567864;
  -8.962745816146935, -2.695932795220132, 16.61601711618819;
  -4.336573621243882, 1.89745873585229, 8.552687307892926;
  -4.764585922886279, 1.838256771219671, 9.323875364395454;
  -8.710230414076785, -2.806642200517982, 16.38698040691622;
  -4.182072819148996, 1.875373235392904, 8.393153188776418;
  -12.75474293732473, -4.674330114472372, 23.70484155582414;
  -4.087995351996845, 1.884066845058183, 8.275079582321881;
  -8.776226699524166, -2.575866568024519, 16.88323699728968;
  -6.036683339732317, -1.075925946706827, 12.34482418905783;
  -5.023297788879163, 1.810550060451572, 10.46631872688007;
  -5.8514458155198, -0.9101806927351579, 12.09093216533255;
  -3.976092203731134, 1.872446126027778, 8.574485510342248;
  -4.915291172662504, 1.815465669206566, 10.37631207655011;
  -4.786127565801203, 1.844066936650871, 10.13770610566258;
  -4.083278103185978, 1.898300755662641, 8.86878983517888;
  -4.97001584980589, 1.826977816128387, 10.60022883767081;
  -4.813566529079886, 1.891841475070328, 10.37050286509588;
  -6.465689926077034, -1.867966355594009, 13.62258474118877;
  -4.944031582290614, 1.830540749282676, 10.70929572141556;
  -5.816277263199473, -1.322965897538781, 12.43574663494912;
  -4.06748126808546, 1.9051304337008, 9.010486487989514;
  -5.935844116267375, -1.498359567094486, 12.91636567770957;
  -5.86622594688748, -0.5521929901038645, 12.79420802873554;
  -5.767775987096252, -1.372717931794083, 12.60939119287522;
  -3.80086337724631, 1.904968648674277, 8.708816731714721;
  -3.746015878558511, 1.918300939419244, 8.721083309256121;
  -5.98603647499281, -1.726775623056976, 13.40120361789583;
  -4.588592585289628, 0.8794607425444618, 10.51262444472416;
  -4.703783678835195, 0.773513795047494, 10.7600765042861;
  -4.646787362204045, 1.039062726808538, 10.67411853870415;
  -4.65158958734101, 0.5520103118354368, 10.70952653579614;
  -6.066511798786038, -1.750918297324351, 13.77052500620328;
  -5.873537111083133, -1.487093298971109, 13.37450171694831;
  -5.921020334171725, -1.654768758855515, 13.54961172789387;
  -4.555475089819186, 0.1007469702798545, 10.73060316565822;
  -3.7297490819946, 1.894035070049205, 8.974028427639921;
  -4.481103847647958, 0.6942769756718892, 10.63399306342499;
  -5.535900872394265, -1.530687837252618, 12.94622711700942;
  -5.744062110953084, -1.42436491236915, 13.41148024636533;
  -4.592776756757911, 1.85104127077707, 10.94307161527974;
  -4.813011532486756, 1.831091721952001, 11.42549994187034;
  -4.775766108807967, 1.559350287316962, 11.40621695546763;
  -4.900250149496427, 1.734670944313236, 11.72553626012892;
  -4.986452730266689, 1.701798845787875, 11.9331730001531;
  -4.399250208857175, 0.2559448122592007, 10.64228328390415;
  -5.717743127629705, -1.203509682443454, 13.57686834014392;
  -4.395864830210071, 0.8420472203369829, 10.68352062496604;
  -4.383932565883925, 0.7317028293592539, 10.68593537558537;
  -4.34697112131092, 0.4079077334582804, 10.6077059062436;
  -4.398805421703072, 0.7967131333440374, 10.73746389274984;
  -4.349847691527691, 0.4426662176432631, 10.67959818446869;
  -4.726764217829563, 1.845770578601539, 11.55853021113193;
  -4.24385628649563, 0.6116877784720696, 10.64570976118082;
  -5.701083964051991, -1.550487255920036, 13.98447462073433;
  -5.221875353240606, -1.786615587841688, 12.93162303790941;
  -3.929337207303319, 0.6304273233167278, 10.6020376763046;
  -4.536494975906688, 1.82700121608644, 12.23548734639994;
  -3.827502349639957, 0.8823581403783912, 10.64809851694196;
  -4.402501050195276, 1.588848179809545, 12.14284573737523;
  -4.505944519400297, 1.831328886788785, 12.44918489740077;
  -3.775661231130689, -0.4491657915099828, 10.64949758466158;
  -3.650140969596432, -0.2962480262582408, 10.45705983073823;
  -4.399914760576399, 1.834181574533232, 12.5778136796362;
  -3.706149579557609, -0.4481721432819161, 10.79857395441426;
  -3.611080735973926, -0.4293275972046673, 10.71509063889098;
  -3.298423833774052, 0.8156399019421535, 10.19414322502681;
  -3.457188887673727, 0.756821681836564, 10.64551817097247;
  -3.324704326388649, 0.5406947901492465, 10.84700209362971;
  -3.231923190329297, 0.7891939269297903, 10.65011655749728;
  -3.230151517849557, 0.7298611259226193, 10.65521050786425;
  -3.574366991131731, 0.009140120330994329, 12.23538015023535;
  -2.859874420359396, 0.5688721388267085, 10.67831145918306;
  -2.768999317429384, 0.7602517709376041, 10.44146925197332;
  -2.812515795759267, 0.7586405898049614, 10.73898530206418;
  -2.712037414116241, 1.09785234830635, 10.6040485163475;
  -2.647578961845798, 1.09690770833064, 10.55896189760109;
  -2.625804653919113, 0.9048745983488967, 10.62396267472194;
  -2.598993207156276, 0.7021563551141546, 10.70619488876131;
  -2.627493227776737, -0.768246756284968, 11.14291462360272;
  -2.536638657947856, -0.6983425215643804, 10.83229230693526;
  -2.475695673758129, 0.4337129116616961, 11.52207545973699;
  -2.513132723225803, -0.1450972390107422, 11.75438486296544;
  -2.515475301587528, 1.503963601255793, 11.80809097619561;
  -2.419905918317277, 0.3722704706502727, 11.40062508027529;
  -2.522227243353944, 1.380193037202329, 11.93089825604158;
  -2.398801919785861, 1.060987293829946, 11.70754653607277;
  -2.419109261463134, 0.3160505797635809, 11.96275453228773;
  -2.392596585285151, 0.994357765326758, 11.96496849724703;
  -2.474206668397291, 1.478334421446922, 12.34492321490983;
  -2.369430803658732, 0.3782837094547781, 12.00599593319654;
  -2.486704446458813, 1.173177314503487, 12.71423590088406;
  -2.317343385957852, 1.165302313613217, 12.01395422906314;
  -2.427218252872878, 1.384687290159643, 12.61368765088853;
  -2.387488626747036, 0.3965581253064318, 12.63932839611907;
  -1.119716731394032, 1.874999672289271, 13.57150417182952;
  -0.8574272531697812, 2.082462404815724, 13.24780846494415;
  -0.6030744894999492, 1.902223386888742, 10.72227439619294;
  -0.5481954019951242, 1.844482243144972, 11.9106718589939;
  2.114128459647591, 1.617663879720173, 22.62150507078129;
  2.632929523213694, -4.5541818565559, 27.12483431952625;
  2.68050936765677, -4.941623716713072, 27.39823996880761;
  2.99039448651308, -3.388151918952508, 30.33867758156074;
  2.522430192690476, -5.114309643266543, 25.48226094961342;
  2.53700118089448, -4.064646902780464, 25.52511425792094;
  2.496730655131145, -3.688902559242353, 24.89479972635748;
  2.571741903057097, -5.240458307270651, 25.56971793820579;
  2.752363211660504, -4.767332693679794, 26.92268596860195;
  2.272874749226167, -3.615070623694548, 22.08959594927993;
  2.930667385989578, -4.896345858742911, 27.35916990788981;
  1.772906042479891, 0.8155249707526819, 16.81750908821677;
  1.839187303347604, 1.451411643990802, 17.34876865112216;
  2.615996314245062, -4.807960036530193, 24.02006751556502;
  1.853723806819384, 1.694937775343999, 17.18910382535356;
  2.698368872365358, -3.821344217895542, 24.07639957765364;
  2.880616113356598, -5.293970934708966, 25.50859003049277;
  2.717666722085809, -3.127958296760557, 23.60521538557548;
  2.988680883721673, -4.996381046183869, 25.74348982207792;
  1.718867814897237, 1.734721595916818, 15.18556142682264;
  2.711738366042968, -4.029779207607234, 23.3130223932377;
  3.445903074842036, -4.376790545698816, 29.05459504484076;
