m=[-2.878135841545212, 0.2611321329731122, 5.492229578055238;
  -3.001021519228934, -0.6290579008075684, 5.715851236521431;
  -2.25917154796847, 0.433250922181977, 4.755619401051916;
  -2.257702421515554, 0.3693395144922677, 4.755969902138846;
  -2.229871778405029, 0.498057621241443, 4.712881525275197;
  -2.815641648949944, -0.688340464009185, 5.684047961581512;
  -2.855947082405646, -0.6434748899459414, 5.76317326385945;
  -2.237402366390783, 0.2638096750534344, 4.742494699114046;
  -2.228530950562927, 0.3237134628531252, 4.749903327629519;
  -2.999354785550917, -0.8714628605073977, 6.094516390412892;
  -2.145486044058436, 0.1844486972816653, 4.674655225798686;
  -2.18967446097956, 0.03968889673684872, 4.750823361402153;
  -2.151834658504781, 0.3338202997869026, 4.699797946942985;
  -2.200867137812675, -0.1112592870278162, 4.809829085907944;
  -2.110414962331165, 0.3526289562172698, 4.738128618876459;
  -2.107611774255195, 0.3799747525879086, 4.739795577740963;
  -2.094004555970703, 0.2105741650649147, 4.735258941075119;
  -1.999887179817573, -0.1609672529537303, 4.629618592177927;
  -2.044334841817415, 0.2920280013240925, 4.72240648783873;
  -1.898781274754217, 0.3026488925831975, 4.720156044632551;
  -1.848108659531972, -0.2260010963527655, 4.712139312602347;
  -1.837100924312212, 0.4242040001914513, 4.712543434538591;
  -1.815198415224855, -0.2255393418206773, 4.724325669805061;
  -1.801724218552878, -0.17444029785426, 4.763367725048139;
  -2.962240586440743, -0.685340032313369, 7.292112109385333;
  -1.652301883129457, 0.3619038833927686, 4.698180244656371;
  -1.535507536291752, 0.3765758114843614, 4.67807919735402;
  -1.530492763212319, 0.3463114598906005, 4.667587262300875;
  -1.499087261005112, 0.3630431789747876, 4.667769155080488;
  -1.291878700433838, 0.5303105650278597, 4.683285004689786;
  -1.281224154455683, -0.1781252961626463, 4.710571082226246;
  -1.224994568116193, 0.3335378855655055, 4.688039372162772;
  -1.104712061558621, -0.3537519797371758, 4.427511370528549;
  -1.181591378826004, 0.0146512520019785, 5.038427750121163;
  -4.169234983252269, -3.286739115641446, 15.56509204386596;
  -1.156347735335848, 0.2026203436655197, 5.05043028922218;
  -1.156819049072173, 0.1790536952623645, 5.11282816763308;
  -1.221206657084199, 0.7436952176841749, 5.389666823908211;
  -3.994186267103526, -3.347501322569427, 15.44394335055105;
  -4.113018621753456, -3.780366211629493, 16.53396986300141;
  -1.123646431263879, 0.4745671894316861, 5.298882546382014;
  -1.148782830329019, 0.1831040027359263, 5.495212443301509;
  -1.128509184283256, 0.6185474918038015, 5.477453380546994;
  -1.139020582432379, 0.5435823641393596, 5.516541751599026;
  -1.081207162058585, 0.6273084649138359, 5.323015834540816;
  -1.131884718644811, 0.5792507078531438, 5.538888241404206;
  -1.125433699556507, 0.0205656606803078, 5.668246879672964;
  -1.19277728933547, 0.1966610062890705, 5.9930711362731;
  -1.10351155698917, 0.2098527680913272, 5.743020502520005;
  -1.548820304293479, -0.01653185379811978, 8.930527515500893;
  -1.62520812217927, 0.07101264011902587, 9.36357090955182;
  -1.454413991803959, 0.1123312470926469, 8.602047997836232;
  -1.112602359897146, 0.3255359417004502, 6.824301262479797;
  -1.355830728855101, 0.2407421203714824, 8.239589904815304;
  -1.412680579171341, 0.1877019937933522, 8.567668204700956;
  -1.062697143782858, -0.09115202321830003, 6.746419971489098;
  -1.096021605828665, -0.1994233910706817, 7.023304305782085;
  -1.017340842905152, 0.1455612815386053, 6.79115995909832;
  -1.090435329280213, 0.7486530274813593, 7.239603152793617;
  -1.031346105824171, 0.3135758767285268, 6.917524043984531;
  -1.086066271934555, 0.6188968652212462, 7.321575022267485;
  -1.076870117502465, 0.3406271961728973, 7.781754779337435;
  -1.006754183896244, 0.540904585853212, 7.476164115769357;
  -0.933902271433492, 0.1916716469211129, 7.508854451240532;
  -1.13483737066349, 0.9564497264507623, 16.10034739145255;
  -0.2784401271843083, 0.896243086332658, 5.607796598146573;
  -0.2410888271957701, 0.9217769975094695, 5.475048880206056;
  -0.1930248421790434, 0.9340730422465309, 12.51614938394304;
  0.2339864091605421, 0.8872542830357892, 27.34311358277618;
  0.7046842837747795, 0.7957299488006366, 16.6423425612694;
  1.172174632725312, 0.6643676892175859, 25.63098194358695;
  1.485158453293503, 0.4896592339001712, 29.03189804236273;
  2.100704709576791, -4.642951991509108, 39.36220602941775;
  1.673545604816904, 0.4884693316976373, 29.63640462957756;
  1.793357479586091, 0.1104607004645954, 30.93697351900066;
  1.654432207305357, 0.01400271775619575, 26.28840790909566;
  1.515555269622474, 0.7128973528827838, 24.11882446793122;
  1.610618498141491, 0.4915127469956782, 25.29252065787222;
  2.139870859571626, -0.7622277167044277, 33.13372449253072;
  1.930948225392211, -1.122277952942173, 29.13097211598771;
  1.869462168671177, -1.275187442661793, 28.01928916536395;
  1.368671544285901, 0.02764381376639749, 20.77705002904329;
  1.555233402592524, 0.03640071611036668, 23.13861594913492;
  2.168604501132586, -2.350134767258063, 31.27491489374008;
  1.684979053069087, 0.7554860285450097, 24.25321311473333;
  1.201892094944988, 0.4203137095209807, 17.54571742631977;
  2.025209778192711, -0.9781206078382857, 28.55513298940766;
  2.232658119659041, -1.501396828495291, 30.83688482487945;
  2.184609753764298, -1.218404686928934, 29.45188883893532;
  4.033268795043579, -0.4626826674933359, 52.05105210206035;
  1.195150296498052, 0.506926864296419, 16.12992465413898;
  2.378774389615725, -2.192434233473653, 29.61661686961028;
  2.394607410631482, -1.678262715652134, 28.7704968092372;
  1.20549823367782, 0.432488403716453, 14.14429283743965;
  1.301217512075375, 0.5666070389922967, 15.03651608989896;
  1.206175314248455, 0.7111558161130999, 13.53695178513059;
  1.182696416054083, 0.9470345320580911, 13.22384950565626;
  1.302282926906562, 0.05940296647433068, 14.26067979992927;
  1.30062247050514, 0.3836511002029379, 14.18150100299287;
  1.93941921952198, -2.139669645343913, 20.55635005082413;
  1.415523408837992, 0.0246936217207864, 14.72638111345546;
  2.316058292419317, -1.830852108738658, 23.3535484552643;
  2.894590695459758, -0.9217073528184966, 27.79044016046732;
  1.298631632078666, -1.984011579929921, 12.6131887058162;
  2.305826540197326, -1.817258983797527, 21.48200241265506;
  1.23441255940886, -2.566335561216889, 12.0181715841097;
  3.072944951832988, -1.222505693395342, 27.57929580040448;
  1.414403688591309, -2.324255303839793, 13.2688532192328;
  1.350886194995652, -1.847058893301739, 12.44625383144494;
  1.183749710605371, -2.19961642046187, 11.08302616585412;
  3.118255055577271, -0.9694282351824615, 26.99364513812106;
  1.316532495860406, -2.538365796410374, 12.09542112134871;
  1.38835003129554, -2.118044432707801, 12.71297686043208;
  1.428684256882564, -2.012041368171249, 12.96099795078874;
  2.935863778902734, -0.9566770759646016, 24.62080756453225;
  2.734843196818634, -1.150988336716633, 22.96713887009812;
  0.9553339604953137, 0.5018182053259197, 8.532144824625798;
  0.9267681079341548, 0.5386598163805833, 8.240186372413886;
  3.199825798465071, -0.9284248326944986, 25.33400020444869;
  1.964447321164817, -1.460825235507647, 15.92698158366611;
  1.544118918202752, -2.094287807070871, 12.58225410586682;
  0.9279114151268885, 0.445882974698712, 8.023063815309742;
  1.484747314626965, -1.911156989435078, 12.06033239822468;
  0.9583522128096808, 0.7120135642901586, 8.107348126368194;
  1.442362745143849, -2.530859902166452, 11.67300376478199;
  0.9588549604663895, 0.4006852457610178, 8.118487998561179;
  2.103839993039133, -1.435024556700744, 16.29509895581096;
  1.462269134848719, -1.607849693525181, 11.58382005118941;
  1.453589634311331, -2.078438251587055, 11.43801418049821;
  0.9897698299789365, 0.3479150991732745, 7.929362194153764;
  1.578727433411836, -2.572113343613415, 12.01462684505662;
  0.8896337342379016, 0.8512130492495217, 7.005592338940223;
