m=[-6.786060323599041, -0.6397920984773624, 11.62528002614152;
  -9.200513107024925, -3.192256359064214, 15.51302474362388;
  -9.048100177123517, -3.041667959363528, 15.28146553880306;
  -8.848404498862694, -2.389951033158148, 15.10045103665401;
  -9.013562296432109, -2.983006766596279, 15.41757387508654;
  -8.814879855729195, -2.883563927738686, 15.19988041874846;
  -8.785814100731596, -2.589787720191596, 15.29399582223116;
  -5.864971107434915, -0.9755532857870994, 10.58483081101393;
  -8.475845865534609, -2.716511820271895, 14.86814894808793;
  -8.672249931247103, -2.65282169893004, 15.29917081089299;
  -8.720401501580323, -2.619304718963718, 15.99124903876004;
  -5.77622542561697, 0.5240746611581321, 11.02253607149275;
  -6.066719483638986, -1.27167292827239, 11.55488750746983;
  -5.528393402738034, -0.9403487064946795, 10.63921146555476;
  -5.593614663372112, -0.9011342508695268, 10.75480843515302;
  -5.728462908139862, 0.4637070638503101, 11.01928042845213;
  -6.094074707027457, -1.799455796982201, 12.06653319388909;
  -5.64117829491253, -1.30810943619863, 11.25023138979843;
  -8.074596267170911, -3.46408163301085, 15.70700603584065;
  -5.665538823780595, -1.276505434423475, 11.43280352627079;
  -5.638714750470927, -1.378497696680291, 11.38309809251002;
  -6.056255548321657, -1.986061975318371, 12.22974450656437;
  -5.637185488331204, -1.460777436001019, 11.48457766740501;
  -5.569168757329544, -1.361564246212033, 11.37667786285809;
  -6.046957917230106, -1.756944283251664, 12.28707064473759;
  -4.546803332657514, 0.8719597848270381, 9.571148397737947;
  -4.552116216998324, 0.7446846747721203, 9.589274260754483;
  -4.498020121239398, 1.004664583666355, 9.506661385197724;
  -4.559540213017032, 0.6644856056759044, 9.627917155270223;
  -6.076687389277669, -1.969285919842556, 12.50722194958656;
  -5.85417723511898, -1.731046863834096, 12.31055120795531;
  -5.734974719694981, -1.871418971585089, 12.11344723984791;
  -4.389209923718456, 0.07955652884624823, 9.523041628010498;
  -4.322123339640543, 0.3715754859814251, 9.417183818160893;
  -4.291020844813702, 0.6656784057019016, 9.3719705076031;
  -5.773058213546066, -1.714183128790015, 12.34031595014102;
  -5.708884988387397, -1.635867091235007, 12.28396195104772;
  -4.220615796420526, 0.2380724939752233, 9.399507124662829;
  -5.584631514554846, -1.469879776875153, 12.12880829984874;
  -4.249835387932738, 0.8117742286109995, 9.510602212913533;
  -4.247550701326102, 0.7097226834641444, 9.536248509085345;
  -5.443817593802605, -1.391054820020474, 11.94653262078921;
  -4.234597234833273, 0.7634423266513729, 9.523160523369986;
  -4.239372916886669, 0.4263135005255032, 9.586668974525463;
  -4.128388736780288, 0.5897297677610676, 9.536563852504553;
  -3.872055890919879, 0.8070311580937967, 9.485295030408487;
  -3.838072376349529, 0.6117546922336827, 9.541014948816821;
  -3.791419304955193, 0.7644828305578196, 9.525589493066047;
  -3.875733504299606, -0.4739548276153205, 9.881992661300163;
  -5.905632141423028, -1.834868933879697, 14.66781150638014;
  -3.647263057770358, -0.4531743211083065, 9.492548221634356;
  -5.932473776265588, -1.85146938052696, 15.09187458981092;
  -3.559305523808826, -0.4510189832587168, 9.58776358980696;
  -3.451508148353753, 0.3740537078510773, 9.469095595592112;
  -3.482801597233776, -0.4358136560922769, 9.550080766967355;
  -3.094361496367588, 0.7588772207101584, 9.427285638863866;
  -3.081080054898659, 0.6971697988380124, 9.396457378988087;
  -2.815138216545155, 1.124979561833241, 9.56629688915141;
  -2.722773201115282, 0.5438736283236442, 9.425122262216942;
  -2.765597758307121, 0.7650893301695388, 9.646188674819499;
  -2.669622875195323, 0.7270857927485145, 9.459513094476947;
  -2.665473051669248, 0.7851921967373587, 9.452437178763695;
  -2.600667231584254, 1.067562541721398, 9.427871087104743;
  -2.551656563456883, 1.071302623291562, 9.433067788294482;
  -2.568518398217774, 0.7311565605583772, 9.580134424376551;
  -2.548398710190567, 0.8847566556382457, 9.56284922489232;
  -2.495673747443917, 0.9540936109012583, 9.468427621813873;
  -2.474779745956666, 0.6738256847751436, 9.470952107418137;
  -2.447279431054778, 0.03536783160411708, 9.609177012274186;
  -2.42791022495647, -0.6973011755178505, 9.663150949315394;
  -2.389294234004823, -0.121651509483754, 10.05289975269189;
  -2.370630907298516, 0.3991733098001613, 10.10215975548195;
  -2.388263792550866, 0.02961349862473589, 10.18380362503461;
  -2.377462875427106, 1.022508480769478, 10.27785138242309;
  -2.32638479363123, 0.4076393907987324, 10.16064966195365;
  -2.338257563530496, 0.3619180178275122, 10.33446773165467;
  -2.410034606321377, 0.4932267879624189, 10.68491672831739;
  -2.3679426127871, 1.318425772275093, 10.54201869073184;
  -2.452705786529121, -0.05581946127523779, 11.13000159784381;
  -2.393035535730981, 1.38922474886255, 10.96174941680043;
  -2.283271646010431, 0.9643298617852889, 10.76743354231532;
  -2.341112131598566, 1.42604221832199, 11.0417424004093;
  -2.133016810202233, 1.017953791460622, 10.33069680375312;
  -2.285947952107803, 1.252951585917632, 11.09532249485402;
  -2.21110468297094, 1.131549822743241, 10.82006102501741;
  -2.204100851211615, 1.278803147082666, 10.85126342447276;
  -2.082556832359887, 1.036537175984135, 11.05928208745046;
  -2.183761593919824, 0.4468693967488297, 11.68399318301421;
  -2.200708838537913, 1.510926223991604, 14.61091567564726;
  -1.027913325725658, 1.825490900673487, 12.32019898071155;
  -1.161460954517277, 1.816793626081167, 14.05663359037184;
  -0.6296599455921229, 1.824464842981661, 11.84041122068555;
  -0.5601365426487853, 1.802967513439433, 11.28117498769934;
  -0.4940653854203157, 1.872711301402663, 10.37470010623306;
  -0.4950656628928672, 1.892829898504019, 11.24278024318838;
  0.9582095464413459, 1.705391758887768, 18.35599331323322;
  2.662818756041425, -4.068176930808619, 25.86309668552929;
  2.495355130151806, -5.187826840841855, 24.29463787359254;
  2.769104284363562, -4.675197909014508, 26.06094083934089;
  2.860202598240928, -4.700101613591537, 26.83223238135462;
  2.84116225882631, -3.884704749311088, 26.17676217335803;
  2.700239472214356, -5.206248641744795, 24.80799649656658;
  2.80575550336173, -4.280415377589711, 25.69201137049179;
  2.995914752407729, -4.21919986051499, 27.1788848933093;
  3.024614716080295, -5.002683156780254, 27.05186764753893;
  2.918327904084861, -4.506927291648053, 26.03058006851816;
  2.363342538397572, 1.397787985956217, 21.18335827621797;
  1.96585532650038, 1.032625273117421, 17.55717167352343;
  3.113046261349697, -4.235003248849421, 26.76983855800676;
  1.921963455177576, 1.812146388814646, 16.48321312306554;
  2.969266980222838, -5.22101232390918, 24.87507465162181;
  1.958084066186514, 1.454770382444035, 16.56475455795837;
  1.918803072984291, 0.8018272966870226, 16.24623155940937;
  2.933982529157911, -3.776603036921036, 23.83220646613432;
  1.929665823603576, 1.663533860705594, 16.0432415076018;
  2.948917395467238, -5.174354936798395, 23.86551093004495;
  1.976621590164868, 0.9558930352969707, 16.29794354241931;
  2.65011977918985, -3.594356286557646, 21.59450291015218;
  1.968148786270972, 1.795858914010286, 16.10604737913605;
  3.211556241773374, -3.531292288138476, 25.44134229628373;
  1.998349664020363, 0.7024421238979575, 16.0094173378877;
  1.788759065354912, 1.711507781005872, 14.08592808724267;
  3.297849247245514, -5.372961712417943, 25.09770037458365;
  1.810289499326553, 1.200235084568485, 14.00345445399549;
  1.81242869097264, 1.556965250937179, 13.9668522388647;
  3.224491530123637, -4.921211505559309, 24.08477677172056;
  1.756543644770909, 1.309356476551149, 13.44805357685475;
  1.833961325557503, 1.0042859260566, 13.89853013489199;
  3.294902875162129, -5.080304922460052, 24.06941965460178;
  3.315875797745681, -4.133385349998402, 23.8053229342062;
  1.870712798257284, 0.9172473749023192, 13.83407058095706;
  1.781471773021628, 0.9183191348401578, 12.79789810430381;
