m=[-4.407819981268742, -1.194253536906502, 7.104647785230432;
  -2.802269649337121, 0.2633548677402605, 4.917948611296624;
  -2.171744117725677, 0.497036948798626, 4.157138691220953;
  -2.198032612951277, 0.3697918618894077, 4.198046186845263;
  -2.190048758545769, 0.3295449879170259, 4.195180768867124;
  -2.756678458171511, -0.678183188393485, 5.142575615384384;
  -2.716967571910697, -0.6614177385026175, 5.12582599571698;
  -2.055880407022737, 0.4040312759551357, 4.169404884856001;
  -2.053862817801852, 0.354276669455602, 4.180530898117683;
  -2.957269531908272, -0.9575192869726169, 5.670500371591565;
  -1.986921053456181, 0.2947134754656402, 4.162563698864053;
  -2.699848852698044, -0.687181477682575, 5.499811404377617;
  -1.837385795903544, 0.3044801289130414, 4.145598636429226;
  -6.242356542841046, -2.592094114114691, 12.1384323012389;
  -1.768395831351507, -0.2152080300274555, 4.179216689326701;
  -1.702595118757601, -0.2107898738280888, 4.170794176157915;
  -1.671550189293107, -0.2037451750068108, 4.16710044494355;
  -1.677995841207097, -0.1771493086243178, 4.184854836508545;
  -1.48840037693267, 0.3782246954856776, 4.118968046305843;
  -1.489035207621108, 0.3502015346205198, 4.123885666050732;
  -4.172657915263676, -1.22968793171255, 10.04147145407146;
  -1.248199434870499, 0.5283682311932365, 4.118470440904701;
  -1.216389854852457, 0.5276577781888627, 4.095411232147949;
  -1.220096651735595, 0.4529759631279058, 4.123493657348739;
  -1.203719186525428, 0.2939722137323829, 4.127696637798524;
  -1.182298245741095, 0.03146293146730672, 4.137123278675467;
  -1.165711469683258, 0.4408226368223542, 4.133847272329329;
  -1.159103112287469, 0.3647092704246743, 4.150522945928498;
  -1.109979966286606, 0.2077354267816023, 4.468366978921037;
  -4.088877874079427, -2.626617436526043, 15.05285806839734;
  -1.049722156251937, 0.5298311048049403, 4.718430333346583;
  -4.068270451007233, -3.653782137424651, 15.74434319165771;
  -4.108500663739815, -2.542592355634691, 16.32593001472304;
  -4.040609155421441, -2.086735339307969, 16.07350630414707;
  -3.886665117615386, -3.614987509832101, 15.46784205729199;
  -4.172568926717664, -2.066630952257812, 16.7210651309761;
  -4.186897716089786, -3.803357166939867, 16.81258584992666;
  -1.149120851343849, 0.03105191969805277, 5.345728651751792;
  -1.048489908507396, -0.06599023448833136, 5.072720651059358;
  -1.044465886721187, 0.2299763684693161, 5.246398011240444;
  -1.051853972791913, 0.3238884113343494, 6.141113699310391;
  -1.148861430914934, -0.2007329945977346, 7.052234208166836;
  -1.050629295772542, -0.1873164474827068, 6.637854183329671;
  -1.031682367906873, 0.742580766965706, 6.580744245243192;
  -0.9679876304818444, 0.2549994603078329, 6.215501994054391;
  -1.049027862861695, -0.1484402586851309, 6.683897376415023;
  -0.9815488906087168, 0.589684518035661, 6.389622598442026;
  -0.9989285954975111, 0.6376581670918059, 6.615827712166348;
  -0.9649552779275433, 0.5572937150949696, 6.923988355133917;
  -0.9691845112604688, 0.3059442202152758, 7.040271351607316;
  -1.994353193022218, 0.6408505649236359, 17.23882464983311;
  -0.9394781737824406, 0.8051598774463395, 11.52267670274304;
  -0.797563617527166, 0.8665570413702526, 13.32720594294778;
  -0.9422034959291471, 0.8162526784737783, 15.95649607168552;
  -0.7423278081634249, 0.8787774520237823, 13.20269234083991;
  -0.2510063282936818, 0.9021937554331478, 5.080045090444971;
  -0.6947876012796584, 0.8435363277904159, 17.99317400251255;
  -0.5513011354968991, 0.8874527665568694, 16.52670961831948;
  -0.1284780775369428, 0.8639819215576438, 10.83025098767311;
  0.1303680969965047, 0.7723826561064633, 13.47741237472541;
  0.2397107522813671, 0.6522288338634005, 18.68934739671194;
  1.097590661131324, 0.9397106927430717, 22.92435262112148;
  0.7153278820671601, 0.7714526661371143, 15.02495615314687;
  1.215342892509658, 0.6754835200318816, 23.84222370931929;
  1.628154458249605, 0.4856046148314412, 26.47240522137859;
  1.403828587314914, 0.659568682128524, 20.55793387023674;
  1.781220421491611, 0.07641670918164024, 24.39414559379966;
  1.664678315771879, 0.7406414824555578, 22.06055682387484;
  1.376281779081766, 0.6664972751666902, 17.50654473103991;
  1.197062707143698, 0.5030882193213963, 14.85461119156274;
  1.266932210109513, 0.240029615422553, 13.63884715383341;
  1.226439197099747, 0.4445244509349792, 13.21406559512371;
  1.267681630004817, 0.2966512156718236, 13.45575123687408;
  1.240133174154505, 0.5400582657720402, 13.17198143884561;
  1.230360015124234, 0.7158982807813872, 12.68675006693136;
  1.34484044306545, 0.085075989030893, 13.57152457557938;
  1.432961598403939, 0.03376795997103157, 14.24552583221878;
  1.270719423213619, 0.3808436669408014, 12.75113563974364;
  0.5596930883320891, 0.7285204598693922, 6.198615821235715;
  1.405591553984228, 0.05082659420733891, 13.52627615714762;
  3.153218285954349, -0.909002914970779, 28.58341652746962;
  1.203068281515574, -0.02000820868637269, 11.60544291497081;
  2.134744435083146, -0.642210602124052, 19.27833578336681;
  1.461100191222286, 0.09135189719972428, 13.34216206086759;
  2.470898169119066, -1.834269720195987, 21.64230772466681;
  1.288172869015841, -0.02103641865725713, 11.6485340150715;
  3.05962722293915, -1.125445166433117, 26.02206429772978;
  1.334581996933301, -1.935343239542735, 11.95580435520914;
  1.27033339948049, -2.507774519258171, 11.3569723662835;
  0.7242494504763344, 0.876795060210285, 6.902661807655542;
  1.761438349971193, -0.02558320347133486, 14.9751993391336;
  3.205937227484787, -0.9115329697674031, 26.31243445447883;
  5.271972765931418, -0.6261818103990094, 41.56858418655067;
  1.490400571436371, -2.154130276954217, 12.57209298105206;
  1.364859833818183, -2.500780282401436, 11.53907622885134;
  2.906367682905605, -1.136807740069515, 23.05410418771286;
  3.063832785268301, -0.8180871401029392, 23.02152274167327;
  2.150603022061163, -1.499671735950712, 16.24992977306613;
  2.414183288239253, -1.827206457450154, 18.10042634590216;
  1.514806934663748, -2.546237240842055, 11.74143803660822;
  1.007478969273543, 0.5125831890297462, 8.121229148664572;
  0.864346236273137, 0.5064638473760436, 7.094640326773631;
  1.614405895500263, -1.987750510455809, 12.13994035932677;
  2.188126890508706, -1.407394588552186, 15.89020724703196;
  1.523477397347128, -2.554143074434638, 11.38430856866165;
  1.496339273893737, -1.914244755135103, 11.14098547893362;
  1.021214473572246, 0.5738912156108302, 7.903610227678265;
  0.9420134175148813, 0.8722677894987967, 7.306512821027797;
  0.9794022787360857, 0.7153138291584085, 7.487172626789868;
  2.203984081518281, -1.271923130379313, 15.42226844375975;
  1.657572013103211, -1.864986265663377, 11.66395949486222;
  1.625085442138028, -2.52984334809843, 11.45236213963057;
  1.720482992562043, -2.665094437900839, 11.81900254034977;
  1.581069748128379, -1.98705211516721, 10.89219289061629;
  2.918228423770593, -0.6579681648405145, 18.4408186475824;
  1.860206322805214, -1.082532186072578, 12.13063625607634;
  1.809569968415739, -1.231900195848682, 11.67335478446891;
  2.341668965060489, -0.9598470854996688, 14.55739187958272;
  1.802359226765402, -1.910550439532092, 11.51210579933494;
  1.783436427061893, -1.827565206225234, 11.35919560519714;
  0.8968491511545231, 0.7589019184826747, 6.195647109491517;
  1.841830812040415, -2.617593458802709, 11.64478841539185;
  0.906476701623264, 0.6708762743174355, 6.214424275716151;
  1.780707963819285, -2.627546968918078, 11.26378726474057;
  1.722978358322896, -1.514641461766987, 10.86720373719375;
  1.01711094534723, 0.3158285772494029, 6.78264985401747;
  2.428293553209774, -0.9836552044221368, 14.69058277250204;
  0.929902934618538, 0.7528837637876408, 6.250011955130505;
  1.913108263794602, -2.691924965037432, 11.77956118191409;
  1.787677933013955, -1.308031729463153, 10.95960888360946;
  1.864022578405599, -1.601299343284349, 11.26818761787014;
