m=[-8.863989907909694, -2.619877301780587, 13.89608437821242;
  -8.647247812626929, -1.922764342844786, 13.66276091924168;
  -8.814910575528467, -2.174758741782777, 13.99182831956474;
  -8.88121333758669, -2.617287107407627, 14.2045119548571;
  -8.664259202461873, -2.401622453056757, 13.9936481566852;
  -8.592120088127487, -2.435414654975808, 13.90882957180162;
  -8.596963729500368, -2.228648493629806, 14.10212349584968;
  -4.614774720779583, 1.746817284499383, 8.05551769837902;
  -5.643164853623061, 0.5303397315864797, 9.903684594292484;
  -5.838241510432486, -1.22469981487914, 10.28183505113108;
  -5.741926665257861, -1.368481229493901, 10.34976787699084;
  -5.528828723278323, -1.281035132808986, 10.17228604940604;
  -4.435401542129601, 0.8768706107499509, 8.46435272217825;
  -4.42472304217062, 0.7444050477086834, 8.45082624597185;
  -4.369818828982569, 1.000100057752122, 8.364679236066383;
  -5.526977508428497, -1.359717241499157, 10.31056040553786;
  -4.538610838854047, 1.766526529546493, 8.673818611438986;
  -4.410458113016334, 0.6636584504756091, 8.448519232926214;
  -5.659792997318057, -1.274460963431595, 10.55394840157374;
  -5.782781114776038, -1.71911865632655, 10.80420000333907;
  -5.446234415955624, -1.32582960797844, 10.274855775493;
  -5.665404059263286, -1.480303235931804, 10.67766417011247;
  -5.843995845300738, -1.70091327424621, 11.04730409382599;
  -4.208541944836948, 0.3793562855260726, 8.300273848828816;
  -4.311471143435797, 0.1020902028007372, 8.480431069485839;
  -4.259206793060634, 0.6958735351578474, 8.420123358559733;
  -5.959460026528713, -1.929583304387347, 11.42713571769363;
  -4.316389811727124, 1.781633833131018, 8.618628234090997;
  -5.63992119522565, -1.842743038876673, 11.07157223507512;
  -4.143564393545169, 0.7147352687318709, 8.434009723246774;
  -4.145055191113538, 0.7726111095803582, 8.450706083854691;
  -4.825420262094081, 1.734674855970637, 9.690913734018798;
  -5.613529126318097, -1.519934388339052, 11.09906651568139;
  -4.503922296839935, 1.524715509842226, 9.116820824524472;
  -5.478629454831697, -1.424038225187781, 10.89132598457142;
  -4.086959434275027, 0.4302179292180143, 8.385695516310738;
  -4.50329164707216, 1.764343698771755, 9.214166003608495;
  -4.019851309650189, 0.4370789775563636, 8.350916269241072;
  -5.670316143170107, -1.363808702722463, 11.36370416984052;
  -4.51477780823519, 1.707140400346118, 9.272871174764084;
  -5.374204988301812, -1.410242554983102, 10.8486019729441;
  -4.000724646452751, 0.5934143497479112, 8.381445832237343;
  -4.517031255230855, 1.733873265389478, 9.358819528486022;
  -4.464647172736954, 1.793367952315025, 9.267818047214382;
  -4.455623567513284, 1.660713608864501, 9.249179557850717;
  -5.452917157495819, -1.673719692986903, 11.37732977392623;
  -5.042712091810588, -1.207370806915547, 10.67157953158993;
  -3.770735990006809, 0.8109089315325069, 8.375813516244314;
  -3.712471520522986, 0.6152076551778102, 8.376257674123421;
  -3.687605433328916, 0.7749525269670781, 8.410834198692468;
  -4.191070474071314, 1.743820927315678, 9.732713617482537;
  -3.562325144283864, -0.4335234018464587, 8.418776176610438;
  -3.430402974565157, -0.4247012118275884, 8.403351208143636;
  -4.089002885228294, 1.770664051359711, 9.862535673074458;
  -5.682021191892009, -1.765400895825234, 13.33607899026689;
  -3.387651747043597, -0.4129207142475435, 8.445265474433089;
  -3.369520080300541, -0.3596121517503675, 8.405356959922044;
  -5.592940119924199, -1.648247018549837, 13.45937042984291;
  -5.500068525774646, -1.977352859096993, 13.33588074286555;
  -5.421504940051308, -1.507571515507405, 13.2657727525409;
  -6.197611772312129, -1.908065423621719, 16.03570012389088;
  -3.012595466241044, 0.7655453603073739, 8.33699363034631;
  -3.005544247731752, 0.7068645540000962, 8.323860160233391;
  -2.855257932222004, 0.7169929533305361, 8.358633947178792;
  -2.555299593224651, 0.7364484715280006, 8.134626889670644;
  -2.597744752745233, 0.7363731366357658, 8.383162489970154;
  -2.591196581319249, 0.7945710120750537, 8.369255569687702;
  -2.538649360849066, 1.074621278410389, 8.37634760951741;
  -2.437652884793439, 0.7221470482140384, 8.29856968337235;
  -2.440060095227576, 0.8806920626411023, 8.358028146610881;
  -2.413715196919116, 0.5894773529414183, 8.276917253171796;
  -2.427897764653321, -0.6806132155392501, 8.356600289074899;
  -2.382343116971249, 0.9456015134623588, 8.242385932096711;
  -2.396092996893812, 0.6811146362716433, 8.363109849741729;
  -2.393491106032212, 0.06369479689914939, 8.375355209853687;
  -2.457317555749921, -0.6843472819324588, 8.625664367147978;
  -2.364535503926777, 0.8941670411669676, 8.385118356851617;
  -2.297088576129159, -0.09844782923675033, 8.894696640371254;
  -2.283543781716788, -0.02250405532718753, 8.861849628522204;
  -2.292577588609631, 0.4030224344016033, 8.989091923508862;
  -2.293829672342621, 0.0477906139862444, 9.015725757005857;
  -2.258884611048516, 0.4227557009847804, 9.093430252592365;
  -2.246246231704915, 0.370587985902993, 9.167292653039697;
  -2.211609018182555, 0.4765031038981404, 9.083590327453313;
  -2.278481126643653, 1.314169158537645, 9.383011349177066;
  -2.216881169026248, 1.057126873731965, 9.438543675322158;
  -2.170360414874856, 0.9560314765199025, 9.501092547282825;
  -2.182642761016485, 1.238549885981638, 9.858442004066239;
  -2.08148438299122, 1.254353240073663, 9.52607231466078;
  -2.267024811816934, 1.206184582297285, 10.30749513144718;
  -2.156655081459587, -0.142199340122494, 10.05909453322873;
  -2.505491299053792, 0.06770420581212501, 11.65558575358138;
  -2.045997680496138, -0.128771736955225, 9.898783575940445;
  -2.042080878757225, 0.04727398951167394, 9.962257607208072;
  -2.184354984334887, 0.002719073009145078, 10.84657977494007;
  -2.630748333412599, -0.2140948324249963, 14.37931240983566;
  -2.16736546288266, 0.6673783383550281, 12.65388359963349;
  -2.087702076502031, -0.3647704399915494, 12.81526527411007;
  -2.045371311662839, 1.472210289321669, 13.04671467432284;
  -1.886877702887051, 0.4970650251631558, 12.11574585823306;
  -1.913174733235946, 0.5039925192090549, 12.28460054131398;
  -1.946888682520436, 1.169631105903621, 12.67372826917352;
  -2.513393107932271, 1.058263458563857, 16.22654333324503;
  -1.90575569279755, 1.216524071361503, 12.62167424364239;
  -2.083749153140107, 0.7070567185825428, 14.52580548053733;
  -1.967068771034733, 1.136047533323671, 14.11460362561464;
  -1.225306127470077, 1.796098142743811, 13.00815058299707;
  -1.096221372188739, 1.913829844165433, 11.80054073100802;
  -0.9504912601645916, 1.808631256268916, 11.07248443473315;
  -0.8970053382232659, 1.816147093254135, 11.57198825043722;
  -0.6705141981722897, 1.920734429125688, 10.22368180773436;
  -0.5814091801593895, 1.870483634988164, 10.97028436791059;
  -0.5069408067019962, 1.822100794389796, 10.25982959768076;
  -0.4212312783296397, 1.789009684262771, 8.853649252593982;
  -0.4218327131106331, 1.802209011345939, 9.292742638006954;
  -0.4270703603429702, 1.838900721478181, 9.83317052234827;
  -0.4023155852468073, 1.781564037865428, 13.37818873145174;
  1.349874630876295, 1.757054548918291, 14.94989739567737;
  1.453279308017193, 1.759377404480244, 13.85088462091163;
  2.812495306226312, -5.552167696584184, 25.14413262390558;
  2.956788934666477, -5.4176108665688, 24.99788774228494;
  2.145311693022155, 1.257045809042511, 17.60893286981855;
  3.116334013444694, -5.244511081422834, 24.82595516349884;
  2.944184936782434, -3.692522026250657, 23.48164336038097;
  2.070710033311992, 1.053531820318094, 16.69187267808822;
  3.009802973525232, -4.824102340798526, 23.37437652952843;
  1.963375583084477, 1.818009433805069, 15.22847615922948;
  2.100190925066176, 1.180242891373194, 16.25426480430294;
  2.130827115819415, 1.291665613774146, 16.37623711737913;
  1.975245365444138, 1.442635326218164, 15.1000292243878;
  3.193874213194798, -5.354599757404959, 23.8664844229496;
  3.368073442836121, -4.308726660686934, 25.07697149522517;
