m=[-8.41074582219899, -2.463858621215014, 12.33774841926426;
  -8.456606618736261, -2.725510574231118, 12.57919600883785;
  -8.323873357358492, -2.637245643154873, 12.45614123365923;
  -8.272149934385938, -2.4327261135318, 12.40860148491519;
  -8.632951105035534, -2.989420367093079, 12.92374428453211;
  -8.285476733812457, -2.588633071680039, 12.52015372784553;
  -8.3214341755132, -2.284322602563366, 12.58332317902256;
  -8.296869038320693, -2.331529686061133, 12.57010193304732;
  -8.337581850977905, -2.741535953034833, 12.64334351112075;
  -8.235569671371488, -2.61875652859028, 12.52531004734193;
  -5.475369923760654, 0.5477668951604706, 8.704442755902299;
  -8.267153956810322, -2.44141016768375, 12.59989445671636;
  -8.335796695828476, -2.211599676987502, 12.77073561928666;
  -8.149493760623498, -2.406469327968217, 12.59261602962904;
  -4.29623872254399, 1.015473486523039, 7.295604332804198;
  -4.344875198747287, 0.7630526836519082, 7.373976471956;
  -4.328197958302761, 0.6825270537981328, 7.367685825335119;
  -4.284594606363566, 0.5548466743082294, 7.314446675638214;
  -5.425346712035787, -1.2386677657661, 9.083004687561909;
  -5.443027979342014, -1.314214979344606, 9.137792634620215;
  -4.206575534117625, 0.3996678751657836, 7.356597250645447;
  -5.394736921508498, -1.309936397746044, 9.172259972115842;
  -5.320425448384353, -1.270787758807992, 9.142558703866859;
  -5.289781267191191, -1.187048151618473, 9.151371277883797;
  -4.214201032757102, 1.05298359834811, 7.519966848125352;
  -4.038820607003766, 0.2695656186613268, 7.249242848131191;
  -5.24202529543892, -1.225899942943558, 9.09810542851149;
  -4.072408606733065, 0.4801244267361891, 7.327888141834322;
  -4.058266998856716, 0.7269541187845658, 7.339014757628849;
  -4.02477265342801, 0.7804096755399218, 7.292705565310747;
  -4.043114913934572, 0.45670920801813, 7.368855306976784;
  -5.724404089404469, -1.829056030141179, 10.10738273512688;
  -3.915324700638045, -0.3072298493678295, 7.277224164558659;
  -3.937983423346133, 0.6141003568244243, 7.326730937355102;
  -5.437335719751884, -1.84008028124283, 9.799281901467481;
  -5.536347683793001, -1.326819678987095, 10.04722703950358;
  -5.358301472271631, -1.371879493539615, 9.765471767426149;
  -5.6198120090779, -1.505528930473025, 10.20812727370483;
  -5.344947683560269, -1.649477389027415, 9.779201998320264;
  -3.636843490708316, 0.63425838044128, 7.289805932876231;
  -3.603609562935158, 0.7875373843476335, 7.304005876425868;
  -3.52275174930556, -0.4119134636184216, 7.242626893929811;
  -4.949998268247692, -1.678187814188073, 9.794008413366983;
  -3.529483783108653, 0.8737794066277064, 7.298021206072913;
  -3.5097828847715, -0.403273685793945, 7.385140256519081;
  -3.373966090017688, -0.3941858084378578, 7.359143366398008;
  -3.303235516033916, -0.380463672101126, 7.338276394798355;
  -3.340123886125395, -0.3357155356982271, 7.420270945712487;
  -3.180025930425681, 0.7570048620809963, 7.29942049819168;
  -5.573145460468284, -1.345084130459399, 12.17925729309815;
  -5.145395369148393, -1.497134978016091, 11.58363843404466;
  -2.95669637300146, 0.7861920883231843, 7.272955777207115;
  -2.965780262322645, 0.7328303612306822, 7.300454897597094;
  -2.731207822215233, 0.7651166346905984, 7.22729835369744;
  -2.697984377088925, 0.8101753745731408, 7.284327897154786;
  -2.602946320735135, 0.7868879955754137, 7.348890945551449;
  -2.58445693277359, 0.816389871795663, 7.304870102830287;
  -2.542037624747244, 0.7582740126755323, 7.307790320265451;
  -2.536474706326245, 0.817091534705908, 7.296834989583837;
  -2.473968107462124, 1.089078211172396, 7.26966084335504;
  -2.419344526256113, 0.7581552747855238, 7.333638114672265;
  -2.459744642622568, -0.7135792736336121, 7.467175546200203;
  -2.425766978805444, 0.6316263010985828, 7.404667135772036;
  -2.458541694102835, -0.6672276976164957, 7.557253132551058;
  -2.350190806272966, 0.7067947159179659, 7.311791989578805;
  -2.362964237654072, 0.09343710131459153, 7.378736036861676;
  -2.363880720641252, -0.6373350823316109, 7.443142924573731;
  -2.322231467080502, 0.9221642622023121, 7.345065062050485;
  -2.294114689191706, 0.8562121533401036, 7.362557907929645;
  -2.362280929505554, -0.05467988394610633, 7.599061833999207;
  -2.375695679215502, -0.7326572138872303, 7.647148231592953;
  -2.285048559808204, -0.6282605608788558, 7.472789176635923;
  -2.260683014694397, -0.07019639281250488, 7.884742290728831;
  -2.258979732430297, 0.004813288152353726, 7.891371771517063;
  -2.236663353190413, -0.08353713483899533, 7.984891787832289;
  -2.251439498274395, 1.073170914510484, 8.119706437906299;
  -2.201260863113266, 0.4499770160611153, 7.999877657406317;
  -2.200710612295382, 0.4044717172295675, 8.121154304061962;
  -2.271031006628016, 1.4698931247441, 8.428390214538281;
  -2.229272703683447, 1.339685884014163, 8.316290049832125;
  -2.305658556079785, 1.033703005677715, 8.633176256466017;
  -2.222410458399352, -0.06362992856065884, 8.358729977566961;
  -2.180575888073546, 0.3442455038059346, 8.593559984779102;
  -2.12885930862037, 1.042358706174187, 8.542068514649257;
  -2.109658369006883, 0.4046246465968792, 8.588042353667506;
  -2.109416535198853, 0.05675263287099463, 8.580814783827705;
  -2.13555578341794, 1.18780997787576, 8.896060551297756;
  -2.10650111824305, 0.09923915429426856, 9.109766583311943;
  -2.166017583235667, 0.06964960079737544, 9.473631892486424;
  -2.151800071001501, 0.135034648273496, 9.431132788182271;
  -2.358567020868036, 0.4676175872288969, 10.27978962312073;
  -2.124369069360401, -0.1176503379722929, 9.413974938040004;
  -2.124514463465188, 0.4816870445779473, 9.525664484878664;
  -1.967077464460367, 0.6418333609154174, 10.75810595758699;
  -1.908822220521119, 0.3556797454919299, 11.44295427678047;
  -1.863553050862755, 0.6503240159636883, 11.22973175332082;
  -1.98517080648499, 1.503938240485677, 11.92903526868501;
  -1.906676455019136, 0.556058814019552, 11.4713656021012;
  -1.893670538656877, 1.206435794277939, 11.59231063880662;
  -1.982686448114182, 1.343468260863053, 12.35677393818373;
  -1.901165688386613, 0.4536196152015549, 12.11413582939012;
  -1.871128143683969, 0.6001280998374182, 11.953608754622;
  -1.824666576460519, 0.6862486918638932, 12.13777991097208;
  -1.830588840752215, 0.9888564975042055, 12.27083813823832;
  -2.089789051586558, 0.8941644925785484, 13.84954324000378;
  -1.78162996213074, 1.088261535351923, 12.12003209430982;
  -1.814538879508507, 0.6278087471304267, 12.5110309735833;
  -1.739757780721136, 0.8066275141768706, 12.24585259075418;
  -1.831622031348935, 0.6739502277165035, 13.45971050044018;
  -1.022064602164291, 1.836359010436872, 11.67230010491705;
  -0.800349731300666, 1.805925279447808, 10.94813180914672;
  -0.5152606611254551, 1.770007968882536, 9.228132589005401;
  -0.5964098952524165, 1.767441656285465, 10.60146168709251;
  -0.4676359319728728, 1.840756410826844, 9.138623486188237;
  1.250649203357915, 1.989640512729785, 18.21038684435805;
  1.160327647837718, 1.861217097269382, 15.30254975058818;
  2.657175401983038, 2.16639490554395, 25.64808652382992;
  2.602423631648184, -4.902383508154451, 21.67378934955089;
  1.527878003096252, 1.849639674827851, 13.09956081472517;
  2.896856417948502, -5.071437539727946, 22.84691188554018;
  3.026064158711718, -5.447397608146958, 23.76857096983989;
  2.73617679026483, -4.650411819345394, 21.3845422925021;
  3.107527793979094, -5.262596872087627, 23.36199252771294;
  2.340647669611834, 1.208852957365402, 17.22834041444903;
  2.354183790546347, 1.332889089149603, 17.14507109196837;
  3.338702046202798, -5.35462899254174, 23.2647608029639;
  2.242751709569105, 1.287904739730664, 15.86977354259008;
  2.185309921156436, 1.36055149203315, 15.40400985051521;
  1.909184646950809, 1.792166711627812, 13.53677824340239;
  2.069168645604058, 1.54566350141885, 14.45001524837702;
  3.202988541316628, -4.429827656250385, 21.88845061668877;
  3.184631164268465, -4.165454195652604, 21.63902729574832;
