m=[-1.939592105152308, 0.107496944605007, 3.536880935464864;
  -1.967947648374903, 0.2286954232226269, 3.62949631705442;
  -1.950957271197779, 0.3042378363730492, 3.629811875692666;
  -1.641129301881118, -0.1890237851814247, 3.645837651705141;
  -1.355597433831266, 0.3797551171799674, 3.587170123824105;
  -1.143001803699429, 0.4538890416163056, 3.615239364906225;
  -1.109692006943496, 0.002364460075981477, 3.8765253414872;
  -1.085863851527995, 0.2219699554682245, 3.946273751734347;
  -1.029618901425708, 0.5733146989339668, 4.300587155322604;
  -3.867149158864748, -1.489445097054739, 13.90578545899806;
  -3.721997048600388, -1.242420946074927, 13.39035118202002;
  -3.87031661799459, -3.070438797825161, 13.95335427707199;
  -1.053563650948662, 0.06611562057128202, 4.617668168527549;
  -3.741860043476683, -3.165172708368385, 13.98880197448943;
  -1.056117925550038, 0.2394515693031553, 4.735305496036492;
  -3.823042605826006, -3.43217463808796, 14.52612294763992;
  -3.850882896733858, -2.359392496706275, 15.00880446806799;
  -3.824221156828543, -1.955314609307988, 14.92506134127457;
  -3.884936095006015, -1.890426060762349, 15.28806716440619;
  -3.865443969887334, -2.568684177368331, 15.23185355904852;
  -4.093083237001624, -3.723606003627411, 16.14274260555665;
  -3.715946497925794, -2.394700118214395, 15.0156426867595;
  -3.679284715725423, -3.436803762775918, 16.55659390412303;
  -3.616996625628051, -3.250600681239678, 16.48250321293815;
  -3.536342066783186, -3.26205980350745, 17.05754143287027;
  -0.9393094277154188, 0.2739380795299, 5.651279654951146;
  -0.9857762332650047, 0.7468105862357587, 5.923600838393958;
  -0.9686337946315078, 0.6171054877473913, 5.929597368388397;
  -0.9622098882368962, 0.6519933832020675, 5.996818146075124;
  -1.089426920323546, 0.4905301503962696, 6.731984336765794;
  -0.9549379861091867, 0.5158431053745661, 6.401158577360308;
  -1.688414929141848, 0.6092883181810966, 14.5785899792207;
  -0.859417020689305, 0.8708302368702724, 12.57836652898071;
  -0.6598808248603214, 0.8203447540349241, 14.46446707961497;
  -0.5072323943434407, 0.9362221879587406, 15.8451930064699;
  -0.391776804164085, 0.9471683236583468, 16.73907850025605;
  -0.1051516820491046, 0.8990362573114067, 10.29869405571563;
  -0.1317499557245471, 0.8662786956234957, 14.79487736966641;
  0.1373403923263225, 0.9308217483773011, 16.1961593253057;
  0.9145707531029447, 1.000778677607568, 17.56588085311463;
  1.449981461566221, 0.5551342601680466, 18.20574685318837;
  1.414984235970498, 0.6379093045576502, 16.41674623565247;
  1.307394270208026, 0.8540954568693735, 14.4654158554572;
  1.315090906274191, 0.5206643736401176, 13.29073345431423;
  1.217744401547873, 0.568528382117536, 12.19520916030779;
  1.299899869407354, 0.7902951750738929, 12.55406143766394;
  1.46047487378733, 0.1452690127366774, 13.84995407144785;
  1.358239566551116, 0.4591418356614044, 12.83702606232992;
  1.476214754700625, 0.1093822905238512, 13.3796103321599;
  0.5782529516617098, 0.7539106735447936, 5.78502816625427;
  1.445096570996267, -1.993233301828006, 12.11616689361093;
  1.259405026648433, -2.372437122705453, 10.48871479700494;
  1.521273695357905, -2.077127505099512, 11.96792028379122;
  1.426309093817305, -2.567583613113614, 11.20310976346166;
  1.380783747374134, -2.417295688972562, 10.8899579605618;
  1.318612714685059, -2.241116939273868, 10.30559482301742;
  1.415546478024639, -2.397227301387489, 10.64189556287021;
  2.196633620001846, -1.446866400398541, 15.81576985256089;
  1.613597053847401, -1.991959918732197, 11.80870089475578;
  2.35849103947879, -1.41776693874362, 16.26806425532435;
  1.637755112623969, -1.920494590217995, 11.54393463913132;
  0.955998739846433, 0.5705410648887704, 7.197927295315205;
  1.559616195709487, -2.501321167092971, 10.8677256117768;
  1.522027827476049, -2.22544423364955, 10.55677237666626;
  1.964642143664821, 0.2887655721132227, 13.13182566476274;
  1.550700078401191, -2.028294585649084, 10.53674337566512;
  2.329163061334149, -1.787319741395202, 15.27432203407763;
  0.9478466524459327, 0.8897511411242897, 6.720559985334137;
  1.661731882270639, -1.795135877479826, 11.04339167631001;
  0.9928103522665241, 0.7416267052902166, 6.93327958524605;
  1.718365678794847, -2.545793249166815, 11.04403491287;
  2.124431615425149, -1.337754026030487, 13.30415088973285;
  1.849175190647541, -1.188722309809877, 11.24219469435844;
  2.458572056112997, -0.9260102529211518, 14.53561595142421;
  1.792233106110311, -1.750631272964375, 10.70800271015065;
  2.500701545952611, -0.936123879010977, 14.39677478383446;
  1.737294739587833, -1.453458701625103, 10.25869624923868;
  0.9152156089671081, 0.6209356262078088, 5.738502540313401;
  0.9004170192495667, 0.7752600600883868, 5.610252331043891;
  1.824690802917384, -1.495052956933312, 10.33253796950624;
  0.9061219245363253, 0.6853097388962767, 5.602460677300718;
  1.82864858458448, -1.794549256474576, 10.29610062102531;
  2.163757553390229, -1.242895942047276, 11.42277592411353;
  2.184158702871893, -1.214549143758852, 11.03320961090912;
  2.365198528000156, -0.9233648492979237, 11.66245127985006;
  2.443677003896786, -1.060336688125408, 11.98394300903443;
  3.192306370961197, -0.6468741564919058, 15.03390587375112;
  0.9853573771213549, 0.4700753485657186, 5.300577289387702;
  2.360687731501948, -0.9638587602682086, 11.2834953095306;
  1.035557864855235, 0.25335222903588, 5.436602395704089;
  1.477951012057579, -1.358978594118042, 7.333551701591675;
  3.432799163557985, -0.6649717062745957, 15.30866227931166;
  1.06106422689802, 0.250006965712381, 5.432857285797602;
  2.533649390949692, -1.035549106396258, 11.52229854639039;
  2.572448589220817, -0.8130584427012457, 11.47074991646663;
  1.118383574818049, 0.4075055540384778, 5.521506082499986;
  1.477815318100799, -1.081548743857179, 6.865075120471892;
  7.310003284877792, 0.01038778158123505, 29.69167806752371;
  1.55067807949169, -0.9916978522238141, 7.001128014173711;
  1.528446732028605, -0.9369166589215974, 6.668211437213743;
  1.642194317915726, -1.032147138103169, 7.008414873667283;
  1.173124506728443, 0.4616938878996033, 5.201904264908571;
  1.638721292861101, -0.9903212934652123, 6.84526199698391;
  1.582818410028964, -1.223219546132581, 6.618253663282152;
  1.598377904277799, -1.183075749542768, 6.520530828653024;
  1.699586720772732, -0.7768035039127683, 6.808982614994951;
  2.943004025289794, -0.5300301514801735, 11.02884120236466;
  3.038772510907077, -0.6085172967552304, 11.29848943648551;
  1.71201083456805, -1.12550441995907, 6.492679447491171;
  6.317945463158769, 0.009528880140995155, 20.85549718098363;
  6.776236690977778, 0.07329520766877645, 21.6721796856375;
  1.825367557752538, -0.904873611908731, 6.60997700312616;
  1.369505967315116, 0.4520488297584542, 5.197301958248064;
  1.361492649646765, 0.4390054678865869, 5.17205419571082;
  1.784403579399194, -1.054423049985542, 6.354993285549154;
  5.176017159370948, -0.1539278247071222, 14.87116514748839;
  5.098753520002586, -0.5503139773673313, 14.56437627180826;
  4.934960911003056, 0.2136337313449665, 13.99596941233221;
  2.483208040324251, -0.1698142372023968, 6.917805234027678;
  2.415321042434658, -0.4631043016414602, 6.589190048783943;
  2.61868237705544, 0.779067841050581, 6.763259102789061;
  2.637397660248912, 0.7556721227386499, 6.630567156104044;
  2.665472380582476, 0.943883337467213, 6.608801090153438;
  4.843576970729887, 0.4472030403403482, 10.65723459240789;
  4.816521307759612, 0.2813010090809351, 10.57640087338307;
  2.657115996681732, 0.849200026672956, 6.213672461643636;
  3.425963797847055, 0.8304747560567407, 7.581356219996653;
  2.706318323329611, 0.8501295388563128, 6.171384375835745;
  3.330207245693351, -0.6766482565229346, 7.335913488304409;
  4.83983910975309, 0.835875153189844, 9.804052958446299;
  3.261240316763867, -0.686020571681179, 6.890812683721195;
  4.817267892872819, 0.8365072737723748, 9.646747244931277;
