m=[-1.609258889102447, -0.1751030646802067, 3.103060179026597;
  -1.160917226958212, 0.3760179501887503, 3.051326614635018;
  -1.151975890407402, 0.311392768964173, 3.054079566376574;
  -1.098394398928525, 0.3952451070102458, 3.089435152957855;
  -4.073206741426994, -2.040746791932558, 10.3186510509359;
  -4.095571375511912, -2.24975621199515, 10.3789752517834;
  -1.038234543264769, 0.5662805746732297, 3.761119914051823;
  -1.029346880851442, 0.04616772560726399, 4.059193762783314;
  -1.026530403157961, 0.07818997926062776, 4.053778923221397;
  -1.037043667608999, 0.2518651573559452, 4.193097496888557;
  -1.001222390835779, 0.2576230318222566, 4.175599823224215;
  -3.827657592963934, -1.268542752950828, 13.35163789784042;
  -3.771283393426105, -1.409906331950292, 13.15781475787218;
  -3.799887319962708, -2.992526224956449, 13.30523883900747;
  -3.774121659169293, -2.277793219230314, 14.32239024599037;
  -3.748452406616902, -1.886638548614498, 14.24135980495223;
  -3.640514212458663, -2.387973745143051, 13.97231312902192;
  -3.817068449909403, -1.825950039825934, 14.62421652132012;
  -3.833897029474161, -3.452189567651199, 14.77010905150557;
  -2.269282862737038, -0.6619883623431354, 9.227769653553668;
  -3.615943785502696, -3.353043164988597, 15.91636880055341;
  -3.565072728306749, -3.179878272240822, 15.8822428621404;
  -3.940521661645601, -3.284597008789564, 17.70373759559248;
  -3.460699751146939, -3.163232922881513, 16.3434973615624;
  -0.9044111888315033, 0.2861471378249364, 5.023951266498718;
  -0.9549857425455484, -0.09601039793185633, 5.338639385051087;
  -0.967762468245894, 0.6410478309776854, 5.46438783336473;
  -4.299383502341691, -1.936972963884361, 21.99176569599509;
  -3.996052385408655, -2.0305004027172, 21.41699369704;
  -4.12272274293665, -2.094864977343921, 22.09588826275812;
  -0.9161478940491004, 0.5019104939143095, 5.815790190969352;
  -3.776567177823556, -1.580555856344894, 20.97638380083023;
  -3.83763522172654, -2.079818935720488, 21.81544567017246;
  -2.833803832269483, -1.018979531444012, 16.75380339714456;
  -2.855295028713722, -1.15205813852945, 17.50324463570301;
  -1.718762707471289, 0.7370905835333569, 11.14712232870756;
  -2.881368962209438, -1.064496492753708, 18.00313359131614;
  -3.246064642277403, -2.79282731914809, 20.41045656998624;
  -3.272371201571049, -2.999986384315147, 20.95094468301223;
  -3.266781049651777, -3.196303032099843, 21.76723016227147;
  -3.152428257439395, -3.205271728945258, 21.80000471334542;
  -2.503906945560741, -0.7904036701301003, 17.72862219633127;
  -2.429048221766486, -0.9854295797299797, 17.35022006633736;
  -1.801359247207415, 0.7134390356743225, 15.1222775976539;
  -1.048287575367384, 1.04081286685486, 12.32640030974078;
  -0.6232235376865255, 0.997084970858934, 11.56915001588986;
  -0.1560366348225937, 0.9462528547175942, 10.01263156139971;
  -0.09375263044915931, 0.9447897338256288, 9.855617559273959;
  1.244566857498028, 0.6238499917224172, 11.80836268459161;
  1.272084478084221, 0.8200603986804936, 11.71122568875716;
  1.3901101316021, 0.5065561112694702, 12.43052133957398;
  1.228729585005625, 0.06886586132766706, 10.46259626101838;
  1.525477458777512, 0.1895451931875264, 12.49009179791215;
  1.245828665901459, -1.688550697276826, 10.30419685997713;
  2.078922045688958, -1.729486219478953, 15.5029170292308;
  1.457207176284714, -1.890854326602931, 11.05415448658728;
  1.513743665627045, -1.997131873213018, 11.29035461533282;
  1.891353696385373, 0.4224226699095907, 13.82901877073017;
  1.424448004063879, -1.747742673390414, 10.60773119850534;
  1.933477488280513, -1.469903240047002, 13.99462839572914;
  0.7400726192455166, 0.9124506719822498, 5.788622672382539;
  2.094836718736724, -1.314170235229315, 14.50130653524352;
  1.611927898669736, -1.912915942705901, 11.13921380902539;
  2.137078635791714, -1.210271891538318, 14.14390971743795;
  2.213943932803254, -1.539163486267251, 14.50334748703884;
  2.070297179953851, 0.3603958039981604, 13.27798656886086;
  1.529071170242244, -1.531472507871964, 10.06130311314114;
  1.542756323843082, -1.819224483591033, 10.11744261028053;
  0.9470553307518483, 0.8923580264198741, 6.401678053402348;
  1.986585645530807, 0.485516978957342, 12.23013487580482;
  0.9283246007222001, 0.5395025571023041, 6.252688121668708;
  1.024271362298447, 0.6057828671451283, 6.681783183647053;
  1.04376322745011, 0.5101708074831749, 6.622578941737181;
  1.565037714724424, -1.448632675152286, 9.241210983759368;
  2.411229379325435, -0.8487970693200946, 13.64918016286847;
  1.952671124099858, -1.191929683691481, 11.21146071762489;
  2.264579209765842, -1.26214083660999, 12.54742320558034;
  1.702597375250846, -1.534536141684138, 9.65910394210667;
  1.768184298127288, -1.71620139062281, 9.98912581560945;
  1.77750597284564, -1.676950947932146, 10.03221612280809;
  1.004033883586887, 0.4053432656105854, 6.091491006146475;
  1.738826420286321, -1.542797863010659, 9.67636231916981;
  1.695645817049429, -1.340322647428248, 9.110466077131445;
  2.122663245425744, -1.168414476203632, 10.65613624936847;
  2.227793771159688, -1.298773775938778, 11.0686693008237;
  0.8837086443682487, 0.7780430202839852, 4.975758678698536;
  0.8904068421514906, 0.6918703755986617, 4.978030358056659;
  0.9361662269323386, 0.5306798005663499, 5.182575781077773;
  2.233455115497306, -1.164239487531758, 10.78114135693851;
  0.9124627113868946, 0.7562453991913878, 4.983353266764213;
  2.23836020021904, -0.8217496840185156, 10.48584850103284;
  3.124705663300301, -0.5676169832791643, 14.13884120882243;
  2.379637713125694, -0.7455654333221936, 10.75048767941489;
  0.9367489452502236, 0.5876079239257184, 4.731732832252643;
  2.501777138372173, -0.9626361789787434, 10.80871995655278;
  2.472454020574605, -0.7215509453490281, 10.46364777033098;
  1.425957896956892, -1.058400198241623, 6.408230943330732;
  0.9781920199024188, 0.3799971974935544, 4.693439894140727;
  1.018967164109459, 0.2698577636696052, 4.8221331476921;
  1.405480018080708, -1.012805513841645, 6.261242980406054;
  1.469518453475375, -0.8732880453453333, 6.049073084982799;
  1.675506068531612, -1.174795762254852, 6.519356978947124;
  1.581302500742045, -0.8450672978951965, 6.145262696164631;
  2.971254351196965, -0.1517270583976108, 10.63105962247394;
  1.600834764335713, -0.9311330591465987, 6.160961181151282;
  1.661026745992586, -0.7236034120940215, 6.127965028669796;
  6.799030056938076, 0.1220975824384312, 21.82078259075077;
  1.675755466625854, -0.8458280856654117, 6.034294123724778;
  6.574096435921297, 0.1853315910062745, 20.49266760859661;
  1.684952051043335, -1.090495749710834, 5.985719310075344;
  1.682893982148275, -0.8428576026119781, 5.961181091443557;
  1.73294003984925, -1.000338902568928, 6.063527362999196;
  1.757262185055168, -0.8551581730932484, 6.126405378757477;
  1.243051895159409, 0.4597986968893004, 4.579719785977844;
  1.696644199849942, -1.114687601302494, 5.865254602623478;
  1.785017912995716, -0.8366907369043662, 6.058457492343146;
  1.776405766725449, -1.07069783328612, 5.861149111857949;
  1.762264446962558, -1.011830341974338, 5.760686142752716;
  1.68826898265942, -1.104118858997183, 5.481303644396552;
  4.893251761532059, -0.2076001639883499, 13.58780035934072;
  4.896443700010135, 0.2746911596913276, 13.34398945374941;
  4.951776232591707, 0.2226293957126009, 13.14217284185306;
  5.115012247253143, 0.125950469190516, 13.27529650738641;
  2.34790660522327, -0.3650832456367543, 6.176937837741563;
  2.55546413653589, 0.8316520275375078, 5.964180047295546;
  2.522163338722828, 0.8377330820733361, 5.873694619704475;
  4.710652743613855, 0.3268690704942616, 9.828264645031419;
  4.703382470877616, 0.3604627906834046, 9.472476183363819;
  3.361364409307941, 0.8505419231982224, 6.92933747094084;
  2.530701140977659, 0.8640012917952199, 5.455330098741003;
  2.678072995263664, 0.845672223625463, 5.624610368863191;
  2.665866910445205, 0.8663085820622573, 5.566431397826426;
