m=[-5.655509193644285, 0.08174677059301541, 7.954394572359916;
  -4.223563330610101, 1.017198557377134, 6.208104217684157;
  -4.275885155902807, 0.7697890270001903, 6.294090286210457;
  -4.264318995646439, 0.6916621493128858, 6.295681232905389;
  -4.128367789129123, 0.4098356582009358, 6.262069961761582;
  -4.000619464319812, 0.4899790028475009, 6.239289701877048;
  -4.005349027084191, 0.8355252664284751, 6.248549456015171;
  -5.349539848058345, -1.207829072584916, 8.01784954236944;
  -3.999071301427946, 0.7327859779936223, 6.267176813748169;
  -5.340413646923854, -1.28307903906821, 8.035669986279199;
  -3.950988687285512, 0.4660039429417185, 6.24722909006433;
  -5.270984406463985, -1.266714996553466, 8.033588754167475;
  -5.145608669848186, -1.221595305702959, 7.92528416111528;
  -3.869334514612535, 0.6228466235388421, 6.238520764637492;
  -5.351199912629279, -1.303923781805868, 8.748698265411887;
  -3.585835180854427, 0.6451514521230292, 6.223388271536163;
  -5.340089134262787, -1.351643972574859, 8.790811670543317;
  -5.39549677964886, -1.431583888934824, 8.898228633825557;
  -3.454356538097565, -0.380678241852542, 6.31587815180781;
  -5.098751732549681, -1.509781519632086, 8.928776237253835;
  -4.905245231518385, -1.646003782203698, 8.772703668279927;
  -3.305945267525458, -0.3702874618842231, 6.264879070786565;
  -5.133326113071198, -1.380678031320341, 9.288331966148908;
  -3.239803974063454, -0.3062800212404698, 6.258229173278536;
  -3.282026096615928, -0.3571164538966108, 6.328580538470862;
  -3.195693453815961, -0.354230144084808, 6.32864019310859;
  -3.070571571703841, -0.3711873808368481, 6.152555244209815;
  -2.921866148820973, 0.8010929421693922, 6.221552400937884;
  -2.917268858068993, 0.7434750447388958, 6.219734732391909;
  -2.728815460306983, 0.78721615759027, 6.243871617147875;
  -2.669009029390046, 0.8257366208670182, 6.239643964605149;
  -2.636126815714248, 0.7916545081362243, 6.230257833974794;
  -2.559718620102201, 0.7997895603961176, 6.268244576631701;
  -2.505408904710381, 0.7727699774355695, 6.241500977720834;
  -2.501035673012392, 0.8298082861144651, 6.231873745171464;
  -2.452216950196315, 1.106756124318352, 6.237211371874377;
  -2.393526056931372, 1.108542784476319, 6.20451727328425;
  -2.394357118889808, 0.954145886268347, 6.244334656602082;
  -2.348963489612506, 0.1149433384962469, 6.294617688621037;
  -2.289726071602268, -0.3887751637169437, 6.117153993731881;
  -2.390247562001169, -0.6308735019373942, 6.416816635970985;
  -2.3236377007161, 0.8310377607478666, 6.30218923297899;
  -2.28915274384743, 0.9428365175824366, 6.286495030482473;
  -8.021796504793583, -3.364900427152819, 19.50176056158344;
  -2.274347333267747, 0.8701022015408496, 6.328847790777273;
  -2.27135080084554, 0.1002278021812137, 6.342670973241382;
  -2.255183548136648, 0.8115029206999964, 6.34311622198918;
  -2.267825642576843, -0.003469734134936913, 6.820029389387265;
  -2.229444479789497, -0.04717801050654415, 6.831288802779912;
  -2.224525472138126, 0.03207912481678852, 6.82708640087295;
  -2.229578296388352, 1.510799059122155, 7.064624745803446;
  -2.215904979305519, 1.084486344662005, 7.037445645298041;
  -2.183727919129271, 0.4742430617223291, 6.982577098288905;
  -2.208526802250079, -0.06178217135877867, 7.152235797368016;
  -2.229961415814569, -0.03834106267410356, 7.262405906731104;
  -2.175667116195404, -0.1028796863238623, 7.11358010132957;
  -2.206808736334694, 1.016003955758008, 7.338515485578646;
  -2.139692906715279, 1.167045092748339, 7.751275136826162;
  -2.152375427948418, 0.436952620086405, 7.788301597236568;
  -2.047975479682241, 1.172741925457698, 7.614283731161017;
  -3.252623353505539, 0.01644737656787564, 11.82167216760389;
  -2.085796339975927, 0.1288041726465625, 7.97874995198778;
  -6.587395156641939, -2.462718701701869, 22.9830845804607;
  -6.551381747582375, -2.1563272948419, 22.86147532380251;
  -6.825214652454855, -4.305121023047615, 23.87174155249374;
  -6.991818259371971, -5.506268407323541, 24.48172906895317;
  -2.064984233638999, 0.09261758815756367, 8.143193783712492;
  -2.076945236777068, 0.1581992160090648, 8.201877703408243;
  -6.261882321784705, -5.258019752692069, 22.82340666068869;
  -2.105183195169362, 0.5112825170967966, 8.511925449107196;
  -6.835866705620977, -6.101622757848915, 25.2907337330586;
  -6.595805896697844, -3.980762493534592, 25.0303817869252;
  -2.022039536259731, 0.5202879605607457, 8.432919606512639;
  -6.910781868543298, -6.222736001381443, 26.62382454323552;
  -2.088080109509787, -0.5513093532120722, 10.34667356283568;
  -2.061617338702826, 0.696871513933936, 10.30533661741814;
  -1.883305793236679, 0.6762671893503512, 10.04450992076544;
  -1.868160325029738, -0.08788744955793204, 10.23063577550546;
  -1.838231388401796, 0.6755480277744171, 10.18562158528692;
  -1.794489901579683, 0.5677596159067906, 9.968286466478062;
  -1.892961919071035, 1.481987768381837, 10.51252608530989;
  -1.880825315812923, -0.1890905580748974, 10.5143434713855;
  -1.909145383051132, 1.264621792002609, 10.7798257791274;
  -1.802937120165321, 1.26421942056218, 10.41759085921905;
  -1.855875136951768, 0.4044384533725487, 10.88531370604083;
  -1.839331901049716, 0.631642599785695, 10.8888673017947;
  -1.874327072502033, 0.4870873321981095, 11.08551350361441;
  -1.8434718568347, 0.9465412556347571, 11.49486519837378;
  -1.874443997854997, 1.065413756031632, 11.67489271456591;
  -1.763105383519134, 1.133454590876942, 11.14317571052034;
  -1.7965245111026, 0.9842237378415494, 11.40450106077147;
  -0.9702523439565939, 1.852182948667317, 9.410399050306792;
  -0.938836838383814, 1.796437188048287, 9.771856349986313;
  -0.9833248628588427, 1.840398371349156, 10.45333291841885;
  -0.8709703663123258, 1.851753971718408, 9.67320807575217;
  -0.3527566791645057, 1.852949420149344, 11.22178571924415;
  0.7189820987562526, 1.838497854125023, 15.58665829816299;
  1.135293394346181, 1.85388594663971, 13.76283604168485;
  2.189109152189363, 1.863745109438764, 20.09584794474412;
  1.291267013533535, 1.810628398851156, 11.59967270122274;
  1.455746776283215, 1.87207815853713, 12.67771316259668;
  2.818755839706375, -5.291554741727728, 22.83266983720419;
  2.697355117053343, -4.934238124906536, 21.14628401994933;
  3.1107592514586, -5.643815104609792, 24.38499851510833;
  3.018638710687148, -5.268419171839248, 22.37932324116595;
  3.014826065623462, -5.108041490888589, 22.37855441305984;
  2.908493759134368, -4.770726881086283, 21.28631739148259;
  2.932540214392774, -4.807484470093845, 20.77236399992165;
  3.442013842681198, -4.884034147890243, 23.88029073400095;
  3.442962054164756, -4.996910174678681, 23.77152630525946;
  3.262231933025471, -5.082612760708238, 22.30116007316662;
  3.294555472495994, -4.512231279628181, 22.2770355738556;
  1.995076936640289, 1.861627754448483, 13.56664181368702;
  3.340290228842318, -5.186834039278782, 21.92866731973837;
  3.550969325911207, -4.468717914310719, 22.60965100064414;
  1.982836484202453, 1.901304636481135, 12.87022904914468;
  2.029050947619404, 1.565996698181832, 13.05451177598973;
  2.18082218485589, 1.065942721265615, 13.83711046458591;
  3.689790554289456, -5.356990934184695, 22.54976202679123;
  3.561066078913789, -4.103386953847743, 21.49249846757593;
  1.896925206298622, 1.487374362320174, 11.87068623753817;
  3.86565007063194, -5.346998162883526, 22.87250330987458;
  3.411868342318857, -3.158098950267826, 20.1463484895824;
  2.086101685493291, 0.8421899732833283, 12.65641514974798;
  4.179143764569396, -3.114510610561914, 24.26325725570095;
  1.651156378544272, 1.287145937517516, 9.956407793950188;
  2.205822468978413, 0.8664654291233218, 12.91799378570138;
  3.822776561746095, -3.445435122157482, 21.68721548270597;
  3.862939687638756, -3.330579168217329, 21.86461964704159;
  4.145696661351875, -4.023817190802949, 23.42057080105048;
  4.038684623318218, -3.810212798683299, 22.79427333125967;
  3.804542397307566, -3.064617883504637, 21.20771947799523;
