m=[-5.253790613871153, -1.324743942954628, 7.544155958534842;
  -5.203880935107883, -1.460382647092811, 7.83469869607424;
  -5.09584634943589, -1.550281602292325, 7.757617891732522;
  -2.853474728074862, 0.7967231362938643, 5.09164048944814;
  -2.854252739998742, 0.7422054105740953, 5.099534776894971;
  -2.597353768405651, 0.8182928787957425, 5.089534016837143;
  -2.58018055059895, 0.7897851616162995, 5.109618652387862;
  -2.502648032265256, 0.7976144388053329, 5.140945323491795;
  -2.449815152006242, 0.7702028256412625, 5.114331504131155;
  -2.448895964622333, 0.8288231820482542, 5.112782324551665;
  -2.340689574192222, 0.9471647726699568, 5.114540649266269;
  -2.29141296267348, 0.1244717625710349, 5.15503635871947;
  -2.224305347657522, 0.8613358792781163, 5.195510453311436;
  -2.214409044645715, 1.068789782988744, 5.200863251074741;
  -2.22894185808985, 0.3322354996629267, 5.301039704930768;
  -2.181434230559805, -0.03090516341046399, 5.697827450923288;
  -2.174803636919413, 0.004852672826882273, 5.761732375831913;
  -2.157590800406246, 0.03709459735312384, 5.818242992498849;
  -2.116817399205263, 0.2056740973831631, 5.888248606719593;
  -2.120860120581135, 0.5431417430454709, 5.951175100914108;
  -2.152464896667215, -0.03711261593520645, 6.101376742976973;
  -2.119636421325603, 0.4342001156042527, 6.24361815833463;
  -2.116130654462786, 0.2603626530487256, 6.31854451617252;
  -2.087394711332626, 0.3121935769544405, 6.37420911224697;
  -2.066450193404343, 1.142788590032976, 6.507846696874664;
  -2.084728673912558, -0.0002512925500224492, 6.68849167055777;
  -2.077368734471825, -0.0592645310373278, 7.034520547803949;
  -2.110023273869313, 0.149087872938968, 7.176479814140834;
  -2.075235636587939, 0.001439601065438869, 7.077217044207831;
  -2.059333534120894, 0.08683241334143768, 7.057617295454087;
  -2.084175271144789, 0.1155377459496352, 7.207141531217365;
  -2.076791729493638, 0.2841745096514347, 7.197085491094445;
  -2.075895224663564, 0.1792036644598042, 7.195846133591831;
  -2.08670242614204, 0.5279169242077467, 7.444002893915806;
  -2.028330953909287, 0.5463894702685366, 7.455525774241409;
  -7.112021939693321, -2.299993876859029, 23.89533278797187;
  -7.089985623834921, -2.602424222366862, 23.81414729853048;
  -7.095199711874458, -4.416352626052729, 23.90865063864338;
  -7.09094762125755, -5.525790487118904, 23.93922906140806;
  -6.972315782065432, -3.245082602984499, 24.7827128922176;
  -7.035539702959931, -4.181833089736678, 25.78694860457418;
  -6.865008948093052, -3.393519108309757, 25.19738699390685;
  -6.50379803066167, -4.214653735532263, 24.14986363882883;
  -6.851206720737471, -3.209455995647551, 25.38735771298968;
  -7.166508415636919, -6.390175765214577, 26.7183351485239;
  -7.057333839751669, -4.43669907962831, 26.86430920989562;
  -3.388867661783822, 0.1683739216648421, 13.78024767532411;
  -1.912319259578706, 1.184487626815876, 8.502847571893465;
  -6.656387228261486, -6.102122380755723, 28.4229406565003;
  -6.441051427747624, -5.678405161943215, 27.85425571066548;
  -1.691223821736931, 0.03444699839779245, 8.334261600234669;
  -6.316217557895739, -5.697806990991471, 28.95295930267556;
  -1.827723830255717, 0.5976000647389446, 9.139561607165641;
  -1.925714831342905, -0.2612934673539973, 9.621340018566047;
  -1.958347183818177, 1.562179878120542, 9.854294684532425;
  -1.913582950796797, -0.1656669483861643, 9.707118334893325;
  -1.948487715847281, 1.320913526563716, 10.00147997765999;
  -2.41925678119974, 1.17108754916989, 12.28855589647742;
  -1.877276897179028, 0.674112229891074, 10.11958025674659;
  -1.882219528340545, 0.513059758477738, 10.15304788150793;
  -2.267806188362598, 1.133652054959693, 12.09273590493153;
  -1.856704945474435, 1.377886146288678, 10.36302339731095;
  -1.920988813310755, 0.9074074928284025, 11.03978439663773;
  -1.799740689403296, 1.196310677068869, 10.40075686875851;
  -1.829612516521812, 1.034797125306571, 10.63019673295381;
  -0.9766759774266696, 1.891970133593016, 9.1102451327284;
  -0.5976015344538118, 1.861158248381234, 8.500485753718818;
  2.753621910628722, -3.485852910734709, 20.98809540380564;
  3.180669235532887, -3.705306690812383, 22.77067551457282;
  3.196088794383718, -4.159510863533465, 22.8123709162466;
  2.913029710641637, -3.512233178470217, 20.68519439047457;
  3.314487732002505, -4.855535230942473, 23.38026583643048;
  2.671730009409318, -4.454726728672231, 18.8244284286923;
  2.644803426360501, -4.268081030597021, 18.32950314214599;
  3.205837182129814, -4.450096578716527, 21.76157468064168;
  3.163563435990617, -3.984862179859818, 21.5124194975845;
  3.553050095629344, -4.676579372289121, 23.56863520652519;
  3.309009024600436, -3.867577541105556, 21.87822117590454;
  3.486384083898618, -4.958086531006529, 22.84585026363649;
  3.139360402092338, -4.215760646943571, 20.74205616889693;
  3.220911548806825, -4.461506052872194, 21.1621920075854;
  3.158126511545753, -4.217489211017043, 20.15267106920088;
  3.123291021300994, -3.067762782746574, 19.54118315139553;
  3.035837859566122, -3.514892113501714, 18.94824471706527;
  3.264992959483768, -4.058362937711759, 19.80879959184014;
  3.342841171942343, -3.404510436071095, 19.93011451314516;
  2.063146529964029, 1.183166579841221, 12.36920141307725;
  1.970429573323198, 1.646682899948096, 11.78555188864426;
  1.92971421766519, 1.522450710036545, 11.42558283283071;
  2.137647234460966, 1.08146664339324, 12.52628702662992;
  1.958573340719841, 0.8966745586672413, 11.49385693902713;
  1.985010251817744, 1.781303143606131, 11.57165334143741;
  3.290155388125374, -2.983748814046368, 18.34172694123474;
  1.977286421612448, 1.868830366534336, 11.34978202387052;
  4.280074342037929, -2.524545774029093, 23.42286535435482;
  3.446488458150111, -2.464570864282229, 18.93945463630684;
  3.534291058143305, -3.117244232961329, 18.98354093408452;
  3.546241219917433, -3.36276007546937, 19.00632187740463;
  3.676798338185852, -3.398034073887331, 19.69424864425358;
  2.022719059772714, 0.854485594882946, 11.26958293737494;
  1.708610563314125, 1.394022417858289, 9.323384831490971;
  4.53469866385207, -2.601444203825527, 22.99837755314672;
  4.037215443573925, -2.807063719346932, 20.57934758203065;
  3.596250236534909, -2.784061109120776, 18.22764561097486;
  3.75381918112467, -3.487428001038495, 18.85914561312193;
  3.62660065487197, -2.926111416809773, 18.09776424436487;
  4.551260855309017, -2.570755917163738, 22.10390181084301;
  4.687494558748826, -1.807377387163483, 22.66107970889483;
  1.908560760495323, 0.9346953043584095, 9.772095571808926;
  1.8028526401305, 1.35916665901456, 9.282147157814329;
  1.772218619464885, 1.091848783517276, 9.115686326185644;
  3.614531635874876, -2.836500056304091, 17.46511284794595;
  4.416715644895497, -2.260324552608546, 21.19499363540615;
  5.105810490087508, -2.908154496827773, 24.16216508977478;
  1.748082375991027, 1.568764743129097, 8.867262949267804;
  1.770276625091362, 1.408329245374433, 8.917060277860843;
  1.788241856509123, 1.303445058896029, 8.978125004094956;
  5.509345648926152, -2.431885791115978, 25.60320021936403;
  1.865468611090488, 1.069746481561034, 9.305975496019011;
  3.944246314180582, -2.780841932559133, 18.5532279637941;
  4.756152698078442, -1.621464645550465, 22.11722485195094;
  4.81611923264358, -2.429504452465757, 22.13259492292743;
  1.8177495125859, 1.529072213956067, 8.922224441194446;
  4.467270939717399, -1.571705043410571, 19.9764836225088;
  1.879684952305215, 1.710110783976338, 8.777319061493301;
  4.405211022242142, -1.328649530503444, 19.10488282071908;
  1.852434225799094, 0.725196984568674, 8.489362411622956;
  1.841274033600799, 1.181245302935626, 8.328395031038207;
  5.302785306875953, -1.96483934876589, 21.84351757834007;
  2.00689527055142, 0.6270938623085258, 8.781990931842145;
  1.96130821993108, 0.5626850835604946, 8.555848346755443;
  4.969054118924132, -1.389113712577978, 20.07315009891975;
  1.910585357436044, 0.9764775551616151, 8.260276207711469;
