m=[-2.256190235901996, 0.7467044234727619, 3.97886636040303;
  -2.250958297279541, 0.6242229591559168, 3.998155264525395;
  -2.202936182962611, 0.1201202644681592, 4.018411002139297;
  -2.089167030745486, 0.005842552026463961, 4.491134575130759;
  -2.020848629069169, 0.006828929787092791, 4.556903060841081;
  -2.071619659440195, 0.006077006465420501, 4.999101356547095;
  -2.050371909573295, 0.2489100931465871, 5.118050568158035;
  -2.044361687574695, 0.2504336053685146, 5.207518602106028;
  -9.405816610545296, -2.97990826608105, 20.65851366006271;
  -8.23884837938297, -3.343558588998507, 18.7814697598172;
  -3.043451779971937, 0.0237518368682737, 7.819398412361341;
  -3.525222394668254, 0.7432213345007892, 9.353669325393867;
  -1.987463857161819, 0.2641471350058285, 5.888551052178128;
  -2.005466029735699, 0.1684994981280304, 5.94405393587459;
  -2.010501319390613, 0.05699718420124902, 5.957996083870752;
  -1.998009151676927, 0.5008945039484494, 6.129204462875784;
  -1.968612251891949, 0.5231508644658388, 6.221117602114951;
  -8.536651354574776, -3.154982076607182, 27.41435865611149;
  -8.613069382961189, -2.789589243049805, 27.65677154717096;
  -8.183461266558215, -3.827645504778583, 27.85214109163039;
  -8.544883199620344, -5.082297404344578, 30.01104159609583;
  -8.278570222404792, -4.109471149936037, 29.11013427758356;
  -9.109119650889754, -4.303061726906202, 32.37248641693316;
  -9.205714849926917, -5.97523079022315, 32.67010457219813;
  -8.245524946229843, -5.191126490687385, 30.1289652908206;
  -1.995098852432341, 0.6074577176853775, 8.260006883863522;
  -1.88934177898648, -0.1308355736014948, 8.07715217449843;
  -1.859770023179337, 0.5917445795166523, 8.212039345376573;
  -1.937690348726702, 1.52946738931611, 8.70249729772223;
  -1.969818973747527, -0.1776210448366328, 8.897851864025645;
  -1.890274081199338, 1.268168906434053, 8.675980264074287;
  -1.814943335866705, 0.7165898793541583, 8.648847620674811;
  -1.970500842827551, 0.5178751668871503, 9.504153631008363;
  -1.896125108574197, 0.4560343061917351, 9.369488265887359;
  -2.408949030412975, 1.204009923233634, 11.7484531799925;
  -1.887090996419691, 0.7900081274263801, 9.60115731039912;
  -1.786021874120647, 0.9934387069442412, 9.327010731626888;
  -1.963583333865021, 0.9089159635036018, 10.18319395251559;
  -1.852924082333565, 0.9907292128473206, 9.826261620880384;
  -1.809490445195666, 0.8909637480946064, 9.738388010871514;
  -6.919356261806238, -6.230661265876053, 41.84665822873014;
  -6.331709090134172, -6.069715447733007, 39.87120311497942;
  0.3151030700109093, 1.789188260104342, 9.054558840418304;
  2.401132343752557, -3.093338414830556, 17.57522335580453;
  2.498121641564836, -3.864377585962966, 18.12388216568298;
  2.558118827631632, -3.084016241600605, 18.38401839240405;
  2.494431583022529, -3.072693418381832, 17.61733692890884;
  2.597646849459691, -3.350418679953814, 18.03602524787263;
  2.682018732177671, -3.90502102285447, 18.34100708929688;
  2.810758468802339, -4.17854270623443, 19.1157197163144;
  2.850066727277791, -4.028442057199841, 18.63478221684823;
  2.812053842931181, -3.623644049872106, 18.27444225188817;
  2.679697395871241, -3.383037832470427, 17.36826152581422;
  3.118205057839355, -4.176839442329298, 19.97789214356605;
  2.858583311029568, -3.406433602005916, 18.20183470792605;
  2.627161005896319, -2.726790711637074, 16.59897225249735;
  2.552988476690937, -2.796425872462583, 16.10825552045807;
  2.83311378052783, -3.954299318321319, 17.78233845726374;
  1.4278472059886, 1.788124034210001, 9.293308635806458;
  2.846401971998925, -3.857582371135921, 17.38877848794801;
  3.028694757944176, -3.561915490775361, 18.03738744692882;
  2.680531415072168, -2.680568847889983, 16.03177757784957;
  2.867873039691966, -3.590343238726769, 16.5626650518781;
  3.28630794953759, -3.38249000462611, 18.68127697407566;
  2.935702360809208, -3.424465265688569, 16.67820176241038;
  1.772639163015294, 1.049483391328757, 10.42023880268434;
  1.909930803324648, 1.245247532894733, 10.89164823431433;
  3.294710800165072, -1.746712246636932, 17.96915907285734;
  2.866022055124938, -3.296360295383356, 15.62456790396808;
  1.887129145568384, 1.209105959953129, 10.54712812686631;
  1.640456599898167, 0.8226319639175957, 9.307815899230956;
  3.519177767799351, -3.03997626855137, 18.76078977795897;
  3.065913799896663, -3.354770966809272, 16.40350442680268;
  3.128059146389552, -3.490511068002705, 16.63884209560752;
  1.867697157378259, 1.349669027959769, 10.26345668687207;
  2.917068208531068, -2.679792828201097, 15.45043240533054;
  3.263747994643867, -3.850064920302105, 17.15772452934808;
  1.845721362941046, 1.461159472633215, 10.05574580891547;
  3.973272378835388, -2.160884588143435, 20.34977398471623;
  1.908280548433121, 1.708528114763093, 10.21606309016139;
  3.846480110651871, -2.188884964584247, 19.52064561426454;
  1.964571469540644, 1.594452918105268, 10.47049191413225;
  1.990513234567882, 1.604619708820577, 10.50401897042086;
  1.906317373925431, 1.798187547020349, 10.02913522055078;
  3.431993585434479, -2.420761731599367, 16.71050931948284;
  1.893864708719251, 0.790588857141641, 9.66868783385225;
  3.432202787446462, -2.314660444957356, 16.46933266457336;
  3.096440989263781, -2.432435024953348, 14.90732963436608;
  3.392103675673039, -3.184413083523295, 16.19930329814761;
  3.303196362533001, -2.696761310619477, 15.63657037902366;
  3.911125262742656, -1.988333743301657, 18.21029776955637;
  3.776841488063408, -2.177044711193111, 17.5922950240256;
  3.641784944351181, -1.455873550789979, 16.93251950668125;
  3.461225704948323, -2.533906368931933, 16.15889029406825;
  3.423588675832373, -3.58824911816724, 15.89608131021111;
  4.138006984917102, -2.135608132030556, 18.95950593161642;
  3.451432187193196, -2.753122001114097, 15.81517498758764;
  3.440200430172618, -3.358807368862096, 15.53069872963256;
  4.010147335016799, -2.121971169829368, 17.84907030911081;
  3.526872022567187, -2.511188413023814, 15.7428525083708;
  4.07095394737447, -1.469643974351861, 17.92633084102594;
  3.912093744337166, -2.009990784031767, 17.22638866036307;
  3.79039981531795, -3.316399742711338, 16.39425692970535;
  1.7535126016657, 1.317369219610297, 8.097996773179581;
  1.759406115501741, 1.077804276354744, 8.102022748796097;
  1.692046533713292, 0.8188260892242352, 7.815380990992526;
  1.779388802192968, 0.9224544092521343, 8.150891695187799;
  4.280390132511384, -1.888587032024765, 18.10188283062914;
  4.301220225089224, -1.951545991719755, 18.04204078913493;
  1.768502381893666, 1.183251622202688, 7.955254297434167;
  1.738060895153345, 1.381325002553135, 7.819752933435566;
  1.751644256713615, 1.276777104602731, 7.867135116108868;
  4.598319640805809, -1.409945721913413, 18.95177297657994;
  4.093708132202126, -1.597085041700406, 16.94546785918083;
  1.743257054855714, 1.419749701583013, 7.778013833195129;
  1.739570629925239, 0.6973911097152219, 7.663167148421434;
  4.652024887036919, -1.184836592940854, 18.76972389827465;
  4.804654922960501, -1.507321305171015, 19.09975842049336;
  4.465359694298405, -1.689740540914121, 17.60357752545871;
  4.479643614005362, -3.843925679267866, 17.42492095531937;
  4.588838761242177, -3.856607164006885, 17.59734209540107;
  1.812145790348881, 0.7054775618743403, 7.376513857854379;
  1.821958244853286, 1.166979476706062, 7.296194240465549;
  2.668539050457513, -1.962339207119316, 10.16423883398875;
  5.014540693737496, -0.6110555053005528, 17.62894919497703;
  2.414002281380409, 0.2495064642566746, 8.991332651981633;
  1.91909782778238, 0.7712136333704767, 7.286810470796403;
  1.987655636771963, 0.5470122550508365, 7.491709174403765;
  3.144013331257027, -2.261085801295578, 11.10573124388407;
  1.917245414437497, 0.9378177375457373, 7.122502720742597;
  2.06728971751209, 0.5491470936193814, 7.597323835426758;
  1.956633557611946, 1.042685014034634, 7.222660801209003;
  2.107857892705231, 0.3555255074302482, 7.694702555010768;
