m=[-1.966816372044243, 0.0890363261344862, 4.651564755325509;
  -2.097674143075777, -0.07105658694772468, 5.000273607786043;
  -1.980528831081728, 0.02889362335837195, 4.812533985164511;
  -8.183937197516141, -3.414606802389297, 16.85140520281662;
  -1.965921329730176, 0.09201869702519429, 4.814597931577102;
  -1.966094316515565, 0.1537496778780146, 4.825284908473116;
  -1.964298500338348, 0.04639934773601301, 4.823018225841478;
  -8.530912724333689, -2.765431346575301, 17.70023852632243;
  -1.947425742999386, 0.4109160565728301, 4.856612033541984;
  -7.69927077009764, -2.461696675319648, 16.63544363091497;
  -1.909660330780746, 0.4940423506944913, 5.038456791186176;
  -4.153607870162425, 0.09627449694758017, 12.45868100377317;
  -7.01564469037108, -2.635582014470935, 21.4789006763493;
  -1.826925060148843, 0.7139307018648213, 6.387986938198049;
  -1.832032308805991, 0.6527290854235971, 6.423125158011336;
  -1.850437906822108, -0.1270313555333054, 6.625344393235198;
  -6.980452127356165, -3.333684447152409, 22.68761244011296;
  -6.93061217794909, -4.152939733078485, 23.262838498264;
  -6.654318419721704, -3.370336251173913, 22.37795493953082;
  -1.815277010247045, 0.1539432916726997, 6.863721841080968;
  -6.411456237842996, -4.210775055821357, 21.83496078850954;
  -6.808794856697084, -3.257554772533391, 23.1789112392909;
  -1.775859048503203, 0.5460327159617999, 6.8276967108817;
  -1.747996877892069, 0.6543435267531206, 6.803424243494932;
  -6.827118370739719, -4.351288437129835, 23.86979097412179;
  -1.883504367004882, 1.462480367391213, 7.429062740431102;
  -1.878964295259925, 0.3836184191911724, 7.955958220500549;
  -6.483373336618833, -5.767543535328438, 25.87517075377349;
  -2.06543774229724, 0.9509597668100789, 8.934948115047394;
  -7.399500542913235, -6.116418267909836, 29.8650771839751;
  -1.78216023895172, 0.7195783531183292, 8.032500183203279;
  -1.777343426824614, 1.153801646580433, 8.175420892024199;
  -1.727042408224631, 0.6262293532460963, 7.979798993932698;
  -6.70488868944945, -2.648808832995604, 28.14800637704339;
  -6.089172286614001, -5.535661539799436, 25.76150098223994;
  -1.758516761704092, 0.9167665829959905, 8.293658879080422;
  -1.627477934857548, 0.6133013869052504, 7.767048241162272;
  -4.246037433255373, 1.715282549793497, 23.57109225486886;
  2.704645154087683, -4.251574149487033, 18.72473806972545;
  2.768151039787405, -4.262230197883438, 19.16964032864102;
  2.53881959039857, -3.40624742565889, 17.4985966303558;
  2.798769950594845, -4.125005541864071, 18.94395142264739;
  2.528105394185912, -3.186475522435655, 17.07595536218826;
  2.639275322547537, -3.477517652360476, 17.53504540460191;
  2.897776061325987, -4.38481086557803, 18.88178640989895;
  2.734089638061436, -3.609292409510148, 17.80836519704925;
  2.953935877816923, -4.547964256529193, 19.14744614922711;
  2.91901567776332, -4.225377665090015, 18.32984321875816;
  2.781227361411397, -3.964288783458202, 17.5643500669228;
  2.991818377952952, -4.086736871471844, 18.42760895424245;
  2.775954955775469, -3.622152233784267, 17.19116518666356;
  2.960320773521691, -3.599663158993306, 18.03118750781558;
  2.943909020909977, -3.302426710621921, 17.66316768121111;
  3.055951457245698, -3.539891411984862, 17.96591353935718;
  2.871690138016837, -2.923861227563218, 16.27682782962997;
  1.440490046253714, 1.808200472683805, 8.478981563372576;
  4.0518698397781, -2.744430448482434, 20.89391903402161;
  3.269646575759522, -3.339175496413152, 16.7991689862603;
  3.693148842216228, -2.161025396519501, 18.72318501035756;
  3.105711908187419, -3.44622359434076, 15.73682120536522;
  3.114562396330916, -3.525644239189389, 15.70680826412844;
  3.562751588848434, -1.98539945446925, 17.46339538430861;
  1.905722480039309, 1.643034559254875, 9.745344839067156;
  3.121344699485836, -2.538085008620246, 15.23423692301914;
  4.230000239059804, -1.92371924597803, 20.25992751036019;
  3.458159104237299, -3.295238394418322, 16.78724115804828;
  1.949846405193226, 1.349218616758116, 9.890153485450911;
  1.92228101605426, 1.380560797819769, 9.647185157722483;
  1.930969340631131, 1.883132819683028, 9.653147652218872;
  1.929837871654212, 1.542396578056326, 9.620906789575948;
  4.175914805957537, -2.493926198680859, 19.49588949699449;
  3.226325146724049, -2.624425280418395, 15.26219630474673;
  1.974153011946187, 1.76277191288706, 9.644867202410257;
  3.722532828166978, -2.699336828058993, 17.26737809258084;
  3.631874326704832, -2.50209835209598, 16.54980722135232;
  4.28782566206472, -2.23528985393304, 19.0891796671091;
  4.500604475663613, -1.834900506321761, 19.90611396576256;
  4.167392918453725, -2.221564920161423, 18.32802754638179;
  3.604052441219873, -2.686043593885643, 15.94022124819067;
  1.952675165569603, 0.8086828205114504, 9.045052240098487;
  3.790904719960591, -3.294813997907926, 16.28890472456808;
  4.220336985297566, -2.278596973333471, 17.9179805760195;
  2.039614335730691, 1.857124684571728, 9.128018213319766;
  4.295924949168416, -1.59452748972282, 18.06755557362427;
  3.169969209300436, 1.515004138085945, 13.46926935434869;
  2.066307561568326, 0.8343517746342404, 9.206180251721611;
  3.878102805187942, -3.445427312515813, 15.88825135617743;
  4.60044827340442, -2.086456771377546, 18.59004159250419;
  4.800009793846302, -2.044211962913392, 19.19657888951006;
  4.55290876319127, -2.027881024959737, 17.98358895242899;
  4.63285235572451, -1.478561711001456, 18.30781376480424;
  2.676189804814734, 1.291288272359911, 10.88241975137432;
  5.019116067115244, -1.315418667002825, 19.38437336093874;
  5.60722470684403, -1.258345245344305, 21.21210749405496;
  4.957235659778771, -1.925698398889009, 18.62700877094509;
  6.74908198871726, -0.8989151285137416, 24.77572122352061;
  1.813247222085341, 0.9327999592878677, 7.351809830746086;
  4.988758186903602, -2.045930782093631, 18.43644933497738;
  1.775811890575283, 1.080659264968426, 7.229895096288393;
  7.003646593495468, -0.9939326546462763, 25.12533642574624;
  6.664877142221895, -1.118827554030382, 23.86474075372161;
  1.787400164682239, 1.301837088953791, 7.072723161262201;
  1.780058474587783, 1.19532749793078, 6.967603994742354;
  5.938075882486232, -1.029512630246303, 20.6556372767822;
  1.837080728676178, 0.7067846594843229, 6.510822205733596;
  1.804844575704861, 1.15312280606702, 6.285102884676677;
  6.275430726947486, -1.031070314346782, 19.26072459770705;
  1.850818545792841, 1.040225233016009, 6.313747760942976;
  1.996196684412929, 0.5751576372389692, 6.704667108865558;
  5.896549405233508, -1.074549593400227, 17.73049037441556;
  2.068422090143727, 0.5571748463550282, 6.801506910077076;
  1.993338469602439, 0.629987783771562, 6.573372343741477;
  2.101541958977038, 0.5474664647057984, 6.753284361564824;
  2.159498662795032, 0.354864357921494, 6.908143045902875;
  2.082803098044157, 0.5083031707692276, 6.67729353155476;
  3.113129165833966, -1.960284385226935, 9.470851773968514;
  1.956887717612726, 0.9557885174994618, 6.296692740181365;
  2.159881057344681, 0.3479257623228144, 6.79655082768014;
  3.116781016967255, -1.806623522063258, 9.165930802358034;
  3.099422017074967, -1.667160379639014, 8.899021407161524;
  3.121892741900841, -1.742276945547876, 8.961880854702747;
  3.300164705592276, -1.83828905715335, 9.257404537842355;
  10.86846594218759, -1.663078456903102, 27.9177271008463;
  10.58431784120521, 0.05066377922117429, 27.06788088288827;
  9.121745226155573, -2.498935139674491, 23.34185304188422;
  10.93167706800703, -1.288020339436897, 27.8487605180735;
  10.05260614975431, -0.2165664178804533, 25.66071572621672;
  3.436341603307974, -1.96079755364336, 9.435824612847947;
  11.23941567407563, -2.15578377473305, 28.47390730391931;
  9.472775966695492, -0.05930209340783021, 24.12130544134496;
  10.8920326093297, 0.2829299667236388, 27.5418506357144;
  10.90980043335533, -1.667117894607099, 27.44948321066074;
  9.978054402678094, 0.9026931268144096, 25.0489496109905;
