m=[-8.107152072409747, -0.1866905430604251, 10.83916377510114;
  -3.731632347463089, 0.4158988663056528, 5.87122747168711;
  -6.925912492456325, -0.6960036789457142, 10.33183256721337;
  -2.412366860944056, 0.2999264529169807, 4.298971101964294;
  -2.006481458014983, 0.2541936982414598, 3.888413376248554;
  -9.811553314614825, -3.123777350831637, 15.59807610787863;
  -10.29591241004176, -3.568340964976848, 16.60229615643674;
  -8.234695845412341, -3.506622134276721, 15.95744672549544;
  -8.138487644622114, -2.618323165977668, 16.20011518138454;
  -7.463524299090274, -3.092662870709088, 15.00817009139296;
  -7.945538259999111, -2.557277762997269, 16.08710786572972;
  -1.867077909834043, 0.02987344622284987, 5.908562336887139;
  -1.97433286115861, -0.5370794255435145, 6.191470646165167;
  -1.862464720496875, -0.1392540239531204, 5.916662155400766;
  -1.879180101972215, 0.4872512547066584, 6.029042665910627;
  -7.36188108881115, -4.665889657621905, 21.48319651429894;
  -1.862709070971156, 0.6165682506546014, 6.822564189569127;
  -7.437940122631488, -3.601312162439769, 24.17325254788559;
  -7.304132480956294, -4.687162651598452, 24.40801638297495;
  -1.901739756466419, 1.101934314639909, 7.235406055072195;
  -2.116664509809695, 0.9638764387956854, 8.095987833950938;
  -1.821285469587604, 0.6844952895104384, 7.258575195721825;
  -1.858931715903191, 1.046868360030751, 7.419035864882551;
  -1.797920295897241, 0.6502883623905964, 7.248845434677897;
  -1.698218770607579, 0.6365816133338417, 7.042405308070205;
  -7.127054518008324, -6.355012684797634, 27.25422055954337;
  -6.71854738156566, -5.548359834269791, 26.07070555358132;
  -8.643110584101439, -2.353429861893924, 34.09176321349813;
  -4.514532568015148, 1.463520138474699, 21.48668270993006;
  -5.100567700187253, 1.120467887536883, 26.29982725569313;
  -4.000181848410452, 1.564505721118577, 21.0380955064004;
  -4.630820201206296, 1.456907925909193, 24.46328244679318;
  -4.190331290320698, 1.58474636086709, 22.83836932993782;
  -1.980527385599431, 1.827614119583821, 19.07991472643441;
  -0.3978463548347375, 1.781624118792255, 15.25367197717415;
  -0.2633467771390643, 1.765165533146057, 14.7994726565487;
  2.548391149835969, -3.507295370373177, 16.86807725494513;
  2.997040775775714, -4.473611769846155, 19.42907673761399;
  2.61253036325316, -3.621630378758963, 16.86419150441378;
  2.683735939380927, -3.424826316822079, 17.24484554465238;
  2.850050405471637, -4.211884997971009, 17.97517325395899;
  2.879504961274844, -3.871852166838136, 17.96499713902289;
  2.941863640781293, -3.968676804170853, 17.90706026231987;
  2.832929056727794, -3.730409845681237, 16.6601971081132;
  3.015833227366811, -3.719018785686442, 17.54823984373804;
  3.254550865559694, -3.704511794715857, 17.27072166911148;
  3.103433425449226, -3.150109196031842, 15.16065843306285;
  3.39911264766788, -1.976262774411607, 16.43048182585529;
  3.319446922765932, -3.38035824584109, 15.79011105695321;
  3.125257809224761, -3.500358226069767, 14.94432874763469;
  3.172601974069072, -2.807763559185363, 15.15981826439618;
  3.639499018486716, -1.980828995324389, 17.21608057567643;
  3.912842310629472, -2.201012061745538, 18.2076754323774;
  3.470846266733308, -2.446508182676876, 15.87437818750558;
  4.290259599590208, -2.381298448034861, 19.2184853681473;
  3.668900260938296, -2.452979156130982, 16.60784689761247;
  3.728708884252576, -1.698292776210404, 16.70265358582324;
  3.633616048966196, -2.623919980713465, 16.26259161766938;
  1.798154900941508, 1.758922418535884, 8.521579382197292;
  1.799171618895275, 1.674718129395824, 8.441199152625448;
  3.144965495019606, -2.571063386933035, 13.97562471444203;
  1.807250739340417, 1.443273009869731, 8.284177365102286;
  1.805568325656939, 1.387610343816212, 8.283480636096021;
  1.820979776157275, 1.175751466003931, 8.309246429103858;
  3.522778391621694, -2.438912191976997, 15.16387826672163;
  1.837918189924321, 1.333847109857018, 8.32484385750524;
  3.933526890023519, -1.651074171348801, 16.70498260492797;
  1.832343891372521, 1.804423646143189, 8.273469161339271;
  1.827283915479512, 1.513233969479728, 8.266956779598692;
  1.793758932820035, 1.446095562680795, 8.065243316187832;
  4.199580245947361, -2.248658783322746, 17.55833602433076;
  4.265865615678177, -2.581156727445345, 17.7724776249052;
  4.074365224785119, -2.270614977841137, 16.91468847597806;
  3.521565745814715, -2.65165411201204, 14.70358906542709;
  1.953304185922378, 1.584435834520941, 8.479393913617447;
  4.26045485554409, -1.555122258134225, 17.23922895594841;
  4.231896079033616, -1.816587489691828, 17.02020037829006;
  4.118046371082712, -2.217967251191115, 16.5735158419593;
  4.142429024265049, -1.554528397322243, 16.56350710429143;
  3.69622498750767, -2.651689938632703, 14.67712200838206;
  4.371311610439288, -1.870034283013185, 17.19493922233598;
  4.031092659988048, -2.22401109923115, 15.77862770603917;
  1.797359181733169, 0.8963618908498668, 7.564711442927741;
  1.86586548791055, 1.729215526868782, 7.75603319515387;
  1.865973120240763, 0.781298193492363, 7.726087422149219;
  4.558130091156364, -1.693986551716185, 17.47746883761228;
  4.733024951973353, -2.055702293084048, 18.09310804674495;
  1.887425447846908, 0.72828400620637, 7.732086066602916;
  4.612689410726723, -1.486473755856524, 17.334873468071;
  1.894562907220803, 0.8165479066616228, 7.64661498408286;
  4.790828083651303, -1.259307462997167, 17.64317463986235;
  5.943792015736815, -0.9941736000727084, 21.55195004944262;
  1.747084589069669, 0.9304093675434931, 7.005951180244423;
  1.765707827085962, 0.8642160584461602, 7.038001749770353;
  4.634130609093996, -1.832991520974678, 16.60057051223987;
  4.825221402468255, -1.998587006993277, 16.96527865446123;
  5.192576605722566, -0.679104243919478, 16.79479499297611;
  1.719459172921674, 1.044111677580433, 6.03987483250789;
  5.385690933471588, 0.1234087302623287, 16.63924590990665;
  5.599395805173682, -0.9217491520202327, 16.36956433245461;
  5.6665634761324, -1.025904114959473, 16.40623746367143;
  5.73025509612241, -1.051619984147606, 16.33364314795405;
  1.786427343114007, 0.6935238395233032, 5.371639173313037;
  10.65246463636907, 0.06711474133200014, 26.36118063517903;
  9.503635469794171, -0.06261019817335427, 23.30430426178864;
  2.887084601459791, -1.678073462764061, 7.74573049969276;
  10.09968284191033, 0.05759142377639472, 24.53795815155604;
  10.06408194450715, 0.4994024555237261, 24.33409572284584;
  1.991432787748897, 0.5301693237097465, 5.590227666753741;
  9.486859249191443, -0.4167231465177388, 22.76941529471465;
  2.977766268709857, -1.686043762337878, 7.818002462416969;
  11.41899711868607, -1.631580665054364, 27.07159913880564;
  1.99958794087535, 0.5208060364827993, 5.482036590640566;
  3.121124267401215, -1.366555353086927, 8.000293541524119;
  9.7897285928057, 0.4268110130240518, 22.96915217109595;
  10.04691108305966, -0.7397515406208194, 23.54357224761699;
  2.027799158883844, 0.4921480427916513, 5.533529574313794;
  9.541141017578378, 0.5556992691577299, 22.3794257434182;
  9.585992273132682, 0.254981722884468, 22.46834435217958;
  2.039343309672317, 0.5528422578701194, 5.554858977766803;
  11.61710826762303, -1.766279051388575, 26.99288694063929;
  11.38349839074992, -1.913017419620412, 26.43902055028686;
  3.033695970646579, -1.689020496362351, 7.747568406949929;
  3.191198593688971, -1.336563703444916, 8.061363093109964;
  9.681579407931825, 0.4642877490855183, 22.40993318341311;
  11.85880910349597, -2.296784120017441, 27.14327089766229;
  3.202707438517929, -1.387530029529322, 8.032255789919617;
  3.18168471561565, -1.776536828826615, 7.981358705212537;
  11.47211048276069, 0.8473244630570994, 25.73916852037876;
  2.140442046906168, 0.32990807121424, 5.580765769633802;
  10.39244895234054, 0.2769148025195425, 23.19758534699049;
  9.654365017298723, -0.3055920981174364, 21.24452304612501;
  9.945377276034268, -0.4184207477763699, 21.7341236100573;
