m=[-8.126988621688671, -2.578672608499898, 15.09714278003044;
  -1.82837505703175, 0.2237582144857361, 4.795023695327304;
  -1.864098913915822, 0.2958660982884621, 5.355025791133016;
  -1.840585041193038, 0.2405525622655376, 5.374453789669864;
  -1.990858968975987, 0.8254497040954456, 6.424546891082906;
  -1.891265840469326, 0.8011278644581193, 6.245127863793131;
  -7.327717746864336, -1.579001801355473, 21.52862014388364;
  -1.847868350048969, 1.043799245249781, 6.280691415619083;
  -1.818367095772682, 1.02768016287075, 6.222115074221436;
  -7.446038769033878, -3.58039005884454, 23.0528246338149;
  -7.34750631945428, -1.586470571684398, 22.78451405910975;
  -1.821020056125009, 0.89257390848969, 6.485486852432983;
  -6.941261499885044, -5.685196697327618, 25.71437993055007;
  -9.145558829742006, -1.350791950494199, 33.66601790059754;
  -6.632167254279089, -5.418382357262215, 24.6776314229763;
  -9.245396283911669, -2.4978471528789, 35.13976730486379;
  -8.506767173780569, -1.204390175629655, 32.41537116641113;
  -8.998607564442597, -3.795024378920002, 35.23253436803127;
  -7.766009250450916, -0.898375994547383, 30.63550235399163;
  -5.809337474186626, 1.325689984565896, 23.37581170413066;
  -6.587592381181133, 1.378829156078285, 26.81614248708914;
  -7.185784705904033, -1.738144455830432, 30.79324109852098;
  -7.344755637073591, -1.19258306736508, 31.87276634367707;
  -4.315049499301929, 1.389856193215928, 19.38314401251888;
  -4.936251295416147, 1.232027671689962, 22.26354296384441;
  -7.74765727532623, -3.649100316801804, 34.43865005391455;
  -6.576500151775771, -2.248602726319684, 30.35280424915536;
  -4.652451108532867, 1.486499934342832, 22.36851941569058;
  -3.858159190591356, 1.494559404213881, 19.10545848546705;
  -5.642124846687417, -2.050116274141097, 27.57726602862689;
  -5.131133218223815, 1.115027463577722, 25.18145500926961;
  -4.427930016418911, 1.372386645201155, 22.17897353832619;
  -4.307643888594129, 1.617583957871458, 22.19546622150535;
  -5.677045779335708, -2.101902389748104, 29.26923264272694;
  -4.652019928024042, 1.068601277168062, 24.22330927565013;
  -5.114958722157942, -1.595636094153926, 27.34650374576324;
  -4.583531065701999, 1.049554263101926, 25.01923864363295;
  -6.389061499402164, -5.776392207277731, 34.54873673002748;
  -4.048582121731525, 1.336238231142685, 22.73180119212823;
  -4.223249249304914, 1.271684697318764, 24.04778533295656;
  -4.168862601562384, 1.354594560034961, 24.04433350987354;
  -1.821940062387227, 1.651632757834207, 16.281918293134;
  -0.4261374615801747, 1.773510320432035, 14.11573689753203;
  -0.295187104437938, 1.785691157847743, 13.88615944538043;
  1.259301240411015, 1.782159086061764, 12.04732825882649;
  1.995275449446649, 1.789226857058996, 14.42232019755619;
  2.413566948870198, -3.240028454781429, 15.29431845511655;
  2.336144752496932, -3.253264627468592, 14.76074364004425;
  2.651786181239081, -3.706789090474923, 16.29926066982206;
  2.475671443685987, -3.172436056351114, 15.13261347440724;
  2.465990887590703, -3.029564146528715, 14.77049080470859;
  4.361085277090339, -4.542502904903166, 24.8437416670619;
  2.747964300139966, -3.73537151489545, 15.971961823217;
  2.712913007458338, -3.420694483901988, 15.4985624847987;
  2.935886556638637, -3.641590307064845, 16.27513346104013;
  4.536492551422779, -4.171037644595141, 24.55639885297698;
  2.888365846222214, -3.782582080236793, 16.02580703811075;
  2.232225194462661, 1.801442452390466, 12.14058079832201;
  3.106786545668467, -3.563297952720907, 15.70298827820832;
  3.142149423864941, -3.06065160453525, 15.90963140851702;
  3.18626599644594, 1.918817801127579, 15.78910953257189;
  2.989092475686805, -3.000143332706657, 14.8681683944999;
  3.933208051523049, 1.486133523526733, 18.70170435275809;
  4.009014189789138, 1.316829004428195, 19.00059104084876;
  4.323748808846506, 1.610770037947532, 19.97014763683107;
  3.413098431012241, -2.011682803138447, 15.69657204223341;
  3.665200227215941, -1.995029186139461, 16.48073724232085;
  4.675444810465686, 1.413681533271773, 20.32656152459465;
  3.512677657118613, -2.656645845073816, 15.45226267413341;
  3.614002016296933, -2.871536082564126, 15.79721748671063;
  4.592203468602964, 1.664679211637414, 19.69009775327947;
  3.91554944108654, -1.775050858478618, 16.73523321520512;
  3.949931122755871, -1.777561865100154, 16.76136412362197;
  4.907243764976487, 1.765502195998502, 20.40331531703558;
  3.560709271410502, -2.573230627509311, 15.07869666032095;
  3.800929693486155, -1.896713123653501, 15.91887160078266;
  3.448971910954045, -2.261477945163994, 14.46469902428351;
  3.166534343068034, -2.688088216232973, 13.15973917159397;
  3.131478070468857, -2.559211460351366, 13.01808721260411;
  3.360238813632841, -2.258334065403905, 13.83973972656226;
  4.383872411523559, -2.137206248116612, 17.7323429214421;
  3.859172570540581, -1.597927090239916, 15.52192306759049;
  4.257720417588531, -2.28011832236195, 16.9255965902921;
  4.584955611739244, -2.543316550475143, 18.03750147446759;
  3.475782030719905, -3.043488972439861, 13.95163536297834;
  1.821642657843872, 1.608553431733902, 7.696840747866308;
  1.856708964209021, 1.295703250139069, 7.728008547239809;
  3.564754719979824, -3.068151120567384, 13.94397717186818;
  1.836750666208991, 1.392435327674923, 7.637005928490432;
  4.266638780893779, -1.554801096111346, 16.40021234371427;
  1.861254713161889, 1.195755928708055, 7.707466634987106;
  1.809170106371233, 1.550537136198259, 7.510376570812499;
  4.149515367740797, -1.772723703592585, 15.82988881570004;
  1.802461272083463, 1.59548251942738, 7.410550403843098;
  1.821754895096129, 1.424283609017083, 7.438937598756024;
  1.820485568269554, 1.482734218429138, 7.43586586066521;
  1.8691730808494, 1.228655165067057, 7.593773019704117;
  1.818267769946814, 1.5687820301852, 7.406407630701972;
  1.945180480205921, 1.202361599693386, 7.859384923244009;
  1.857357622962109, 1.371073615319389, 7.491311839474954;
  6.200727543872779, 1.611337139341194, 22.58432203168634;
  1.829736125305603, 1.528008132756129, 7.340494675453097;
  4.248796576487629, -1.575650373610502, 15.48114082621376;
  4.384020742334497, -2.040841586306637, 15.76388336808492;
  4.59108412557519, -1.969744432626146, 16.36572404835439;
  4.356459964739473, -1.6296210752057, 15.57770576424057;
  4.47974425262776, -1.427831439319126, 15.98048997841998;
  4.240580406046576, -1.645911720137596, 15.08329981108889;
  4.427587466590238, -1.801461749373043, 15.6958578657976;
  5.602392996642101, -0.9329825927923546, 19.52079018755073;
  4.706038997515183, -2.196186379256893, 16.54362568160666;
  4.652418708406772, -1.212831491444439, 16.28600979315898;
  4.009960856722944, -2.45539348975126, 14.03213883467392;
  4.897711250870938, -1.80717055547772, 16.87539220300891;
  6.91805749693779, -1.187084887308105, 23.05743193332953;
  1.794192068795445, 0.913872789403139, 6.632391520113924;
  4.851963470134285, -2.003650153877055, 16.1677531012323;
  4.89926381494405, -1.468223398435877, 16.23710563755396;
  1.910605085132197, 0.74998344670818, 6.88832386789713;
  1.927597721096469, 0.8497417658639335, 6.841704470069518;
  5.310977477632776, -0.7739101164465937, 16.31589206549755;
  5.240211077864687, -0.6714238123323328, 15.80139009494912;
  5.647681274890958, -1.003138324308704, 15.78656311940353;
  5.548454651396485, -0.9015355857052664, 15.32953035963895;
  5.679699665601705, -1.03987686107766, 15.55528116548205;
  5.674890497129393, -1.027457014766654, 15.28161154163541;
  10.27323892078608, -1.565380961769181, 24.48042042883647;
  10.11553336564855, -1.101508277369061, 23.77293106843686;
  8.986735867718149, -0.03012700759453217, 21.20876687708793;
  10.86207517179069, -1.506874911492904, 24.92588123191638;
  9.28713156920678, -0.3775037533621603, 21.42707709173638;
  9.62428708863645, 0.3844854009376676, 22.14596384986377;
  9.412494948939292, -0.2427208553578389, 21.42505620124464;
