m=[-7.809139539017877, 0.7573142477329056, 12.28024796917771;
  -7.698066469938517, 1.111712487581104, 12.34730648087982;
  -16.11468571592382, -0.7248360044032229, 25.37850041430894;
  -15.95394819309924, -1.333012072891821, 25.21084655751727;
  -15.78998651690243, -2.160848407032463, 25.0127347829527;
  -16.09640976388402, -2.421125018958141, 25.66592651455863;
  -7.880292016924545, 0.8305331710625508, 13.52606209787614;
  -8.704064218324618, 1.464102976192629, 15.12260920750092;
  -6.470105298913372, 1.763999943029467, 11.7147234938462;
  -6.535457360649257, 1.715178128506784, 11.8381059572008;
  -6.607665499605502, 1.717732462453077, 12.16873780352504;
  -6.702876932157095, 1.646283810933428, 12.38108139161573;
  -6.385411656403563, 1.726535692810164, 11.91909735304049;
  -6.527412606916291, 1.669001498048329, 12.24342693852004;
  -6.518218115593996, 1.747755845050986, 12.48403603987039;
  -7.410994179009436, 1.68678726158753, 15.48339024705896;
  -6.941996561734454, 1.672779097573579, 15.00565315933145;
  -8.885304833296413, -3.511320112704704, 18.99142363315402;
  -6.820582407666629, 1.680463112920203, 14.94122087249149;
  -6.730482929684313, 1.63514852806433, 15.03614082988404;
  -9.076361229779879, 1.488904605985215, 20.08499951738129;
  -8.323688175005275, -4.098179969125351, 18.83379390132924;
  -8.228704746731447, -4.071844462099046, 19.10674977481295;
  -8.200468677462228, -3.218154581376404, 19.07829334117037;
  -8.053602206624838, -3.657186652723035, 19.13243903564211;
  -8.102500374032198, -4.072263525056164, 19.43800733790086;
  -12.24219407634366, -3.971001000847216, 29.82372986430033;
  -8.615350038920321, -3.475085711032124, 21.67827932272036;
  -12.07205693608649, -3.83333706747904, 29.99405876757381;
  -12.4112061560519, -4.156353125291034, 31.02805688298153;
  -8.394003432964052, -4.215510281083513, 21.50402664698616;
  -7.829650435349145, -4.562118000690728, 20.41483913397196;
  -10.55797370149579, -4.418850497192929, 27.7635743124854;
  -7.988578713085727, -4.803457291059755, 21.36735560912618;
  -11.1660329443754, -4.228505542998337, 29.89067131700505;
  -11.33003373291377, -4.511595300128187, 30.32564716675146;
  -11.23817737324059, -3.749833195225927, 30.23639030518296;
  -7.833274673079349, -5.029748630110903, 21.61490462137811;
  -11.47235645172837, -3.653638367911341, 31.23442685376799;
  -15.45094593693728, -3.928353787154256, 41.89113330796512;
  -7.987687490436384, -5.115056053743268, 22.66914743194355;
  -11.64565509261809, -3.874257960634998, 32.48223733145547;
  -7.593824126621766, -4.992362391754624, 21.97804295532587;
  -10.42690321137027, -3.791646161431963, 29.98924017763079;
  -7.703671422373951, -5.064665786807642, 22.73166510364305;
  -7.629287401317033, -5.152567107724546, 22.62014134107986;
  -11.19168878403922, -3.917068105384018, 32.5931555524008;
  -11.0194754446476, -4.074444076935562, 32.468292701633;
  -10.75199430862121, -3.860441119231953, 31.84849667546809;
  -8.018069668906284, -5.670095935061322, 24.12627192679532;
  -10.71464903420483, -3.926290597776505, 32.0427020913168;
  -7.515698691477557, -5.337726177202346, 23.13168397998346;
  -10.71120461831539, -4.189729808840966, 32.42461878050666;
  -21.45587391657318, -5.844926150287125, 66.5362035680127;
  -18.64213517520318, -4.03804516004502, 58.60728334644178;
  -22.33088049198404, -5.925810602605854, 70.28003080292153;
  -27.89095504554431, -8.105553088125305, 88.25460508507335;
  -29.45571032901887, -13.6679465065899, 94.14041825520222;
  -23.90012191705064, -6.81814060625099, 77.36323749693612;
  -34.39653414719996, -18.37879920263078, 110.851753970082;
  -18.16681045190882, -4.108142839683379, 59.56528262547725;
  -20.0386261405938, -7.604984970067375, 65.7409737720246;
  -21.81961858636721, -6.242981050636529, 71.62042665306957;
  -17.07719129767223, -5.668855060484792, 56.35704006810911;
  -35.61388013070269, -18.68086069794173, 116.5797025935674;
  -20.0700666281875, -5.009375239990892, 66.49616428061989;
  -18.58731089733628, -3.951271727391922, 61.79579627834941;
  -17.29122010605661, -4.028466218151438, 58.33684392269078;
  -18.42879394689076, -4.768734398233239, 62.13146147501708;
  -37.37400002018022, -19.09904990529092, 124.8998602905074;
  -21.61785190482539, -6.515545926816815, 72.96483652508803;
  -29.10000102349428, -13.18832264409151, 98.96290964495988;
  -22.97743931578064, -9.820166008485446, 78.55765289100172;
  -31.13413336643508, -14.95573426370077, 106.2400279855782;
  -21.80682431430894, -5.656310327188671, 74.87493876547723;
  -2.162798934324294, 1.605224779300154, 8.713097991904542;
  -22.78359931250216, -4.744683845473048, 79.69710636553444;
  -22.44417320641172, -4.274902882441403, 79.02558486928341;
  -24.70928996517295, -5.097645146198486, 88.61147029501107;
  -21.37835259675335, -3.808773169737357, 76.88266523698381;
  -21.94678416911449, -3.721844552176581, 80.50347384282286;
  -21.86542203424445, -4.395772522783783, 80.43425567980869;
  -25.43896523374762, -11.61080094679302, 93.96371146130944;
  -25.191517976237, -5.409534602773334, 96.66856453734775;
  -2.715850276080642, 1.598580928604119, 11.736881567361;
  -24.76473642726984, -13.55011133388407, 96.04695268038982;
  -27.38459302432766, -4.555804733362232, 107.4158627678321;
  -2.436804418355797, 1.625055486916903, 10.88095271506202;
  -24.27430732614477, -3.364259775238502, 97.11859455313974;
  -24.32412677578451, -4.984117378891266, 97.73708064869435;
  -16.09527556430194, -5.341823010969305, 65.33788708330555;
  -26.46216290706001, -4.74501489815693, 106.8446294654409;
  -37.74832925420777, -6.86545344145116, 152.6270905667946;
  -27.24779844966783, -3.51735415558594, 110.6913848966693;
  -17.05401334635075, -7.882834858188815, 69.78981993206098;
  -28.55147128839831, -4.266534675292547, 116.1008314346586;
  -25.27249029415555, -5.817753671893374, 103.4166956124023;
  -2.540232381134539, 1.572482965738179, 11.67376671455711;
  -26.19253002522055, -5.327634313271374, 107.7076752296469;
  -31.16950769857425, -4.267154459928746, 128.7263112101952;
  -2.63078441197108, 1.610280901153467, 12.29567169248448;
  -3.145197087298384, 1.546927919246793, 14.48500378901815;
  -3.269118331131026, 1.551110107538401, 15.10523594553338;
  -30.46349689412477, -2.619322813398376, 129.2083771175616;
  -17.46517339011649, 0.2465574156221687, 74.76155698979484;
  -18.62073239434351, -0.00927976214883308, 79.90831512449732;
  -2.699424589992169, 1.560295258561454, 12.84043370175211;
  -18.94510879582058, -0.5851667748315942, 82.06644885811802;
  -28.16694660852578, -5.084308440618097, 121.1520000818989;
  -3.109663161749229, 1.53835750723459, 14.6438466122629;
  -2.860253309704381, 1.565293697317343, 13.59837599062438;
  -22.34297849113952, -3.898997763409629, 96.68359116825717;
  -28.85114301903538, -2.342695300012378, 125.2520512357943;
  -23.47666201597754, -1.419753264000573, 102.3000518385939;
  -2.272546228366285, 1.595572016098163, 11.16878742692425;
  -3.275110041602701, 1.535391298818345, 15.48110722788508;
  -35.81209225543579, -3.467157061926363, 158.7618869470325;
  -3.086935986213112, 1.562231787436865, 15.0249879147763;
  -2.723059249446425, 1.566517571721112, 13.52477537777483;
  -32.50779211310454, -5.180585166029413, 146.723360193519;
  -3.627989681011016, 1.509569610798748, 17.69731335773695;
  -22.06891439789398, -0.85066644626299, 101.2785071323094;
  -42.27596794467011, -4.489802443444048, 193.5137496359845;
  -22.0127948959741, -1.263924796146686, 101.8920504238217;
  -2.995140689625572, 1.541924233765873, 15.25154924650515;
  -3.869505118459397, 1.460102967603328, 19.3538882963957;
  -17.55160038541967, 0.6829460278703972, 82.96455403282788;
  -4.09093045355986, 1.381476412615527, 20.44981577316233;
  -32.31914556258941, -0.127120491827026, 151.8681057006018;
  -23.25354681212923, -11.12223456366958, 110.1833499504134;
  -2.87292602366757, 1.530235917196184, 15.08293205894548;
  -47.4172965357201, -6.091991243772175, 226.8073159335242;
