m=[-29.91186163795969, -7.471667994087589, 40.2950319422342;
  -17.10120891133174, 1.467634430079605, 23.56142891801299;
  -30.64535188884148, -8.160474976372701, 41.39352374760379;
  -30.89217754335215, -9.077283632990797, 42.30383661848624;
  -29.72446770187252, -7.751595837728987, 40.7631525985766;
  -17.18975760766362, 1.616141196644867, 24.04854053753891;
  -30.78689381483838, -2.642385223280398, 42.21113246027827;
  -30.24607343299347, -3.63009715655736, 41.59714890819068;
  -17.0344456187656, 1.597713936658914, 24.07374643628483;
  -30.92109511376932, -0.7759050535661828, 42.91056543769565;
  -30.94730891234513, -1.149744100817205, 43.22091766993641;
  -30.72992228955833, -0.3047394563003376, 42.93385133232498;
  -16.90984284177411, 1.676478279338326, 24.12335181242829;
  -30.49522439863731, -0.6744772537337093, 42.85314315978;
  -29.75877043625266, -5.564988122173368, 41.85492885803561;
  -30.76356413461836, -2.724697571120691, 43.237960908512;
  -18.25319839308506, 0.9372801522824731, 26.13043899858428;
  -31.21530297864226, 0.1721348520256215, 43.90170997285981;
  -28.98792390285308, -8.913823274916554, 41.08513719702707;
  -31.15326942240894, -5.46727882541658, 44.0719432658237;
  -31.04630791605662, -3.552295090370556, 44.50601024333543;
  -30.86158908433323, -4.489395999804358, 44.29990839398386;
  -16.74781080994377, 1.433389970032834, 24.58296957030576;
  -32.61207124532388, -3.2879612885373, 46.87470821595728;
  -31.6180114163905, -0.7375400150319994, 45.51167819024747;
  -30.73109732574437, -3.698259248943258, 44.29656176026511;
  -30.43681231515651, -3.146957018973906, 44.0527995114768;
  -30.5074867575232, -0.9555976989709529, 44.24530732532755;
  -30.81593372636198, -0.4436749590068715, 44.79139211675286;
  -30.29465097299948, -3.78026756459441, 44.09302949988405;
  -30.79804820283545, -1.743078622746878, 44.90841267928771;
  -16.2655624449794, 1.678159291321586, 24.26391585768755;
  -16.36733157005395, 2.382425655410967, 24.44227835864351;
  -29.97167447317914, -0.4131990768428721, 43.99210885323051;
  -30.80472420467868, -0.8540715047607105, 45.22162108747317;
  -15.62687745451798, 0.7477244094787429, 23.56818942146932;
  -30.7692645592727, 0.07175066509477639, 45.34194302140085;
  -15.49389419605509, 1.269410174588558, 23.38091377299116;
  -15.58813647564611, 1.970658467220487, 23.53172883313235;
  -14.95947606704971, -3.368609554170631, 22.63004092682805;
  -29.42394466016696, -3.111035397569345, 43.6085835617097;
  -14.76396112339394, -3.384024445628854, 22.50771037508871;
  -14.84372608813775, -3.601419196442738, 22.63346074442546;
  -14.71705793381646, -3.459168535425583, 22.6074236377355;
  -14.55025722137646, 2.399511742154052, 22.55537877732974;
  -15.65375614694648, 1.518068988444538, 24.61628533759288;
  -15.27260938620194, 0.8559527171641752, 24.0680941581934;
  -30.11128131148162, -5.604475994000276, 46.41696803176491;
  -31.16241766945395, -4.205874139066625, 48.26835165745398;
  -29.63381326649701, -6.094415735018821, 46.08510438441738;
  -32.52241872854251, -6.260012005680897, 50.67392092180378;
  -15.23932057801362, 1.862554861295458, 24.36818782162697;
  -15.6429642793786, 1.352895346609288, 25.02905268886094;
  -15.45390992329807, 2.231768809840014, 24.78728430002699;
  -30.82823734192125, -5.073140809203857, 48.39995882145338;
  -31.12515319419115, -1.40000444783247, 49.01800302897966;
  -30.03892042009044, -5.779603525025015, 47.34521661091617;
  -30.42798637356662, -0.9381823450758331, 48.06385909400753;
  -30.60371371290317, -3.819975725531192, 48.39603203803058;
  -30.25172373089624, -5.16573452013414, 47.85258558842828;
  -31.74605280099204, -2.652501508603862, 50.16594364514953;
  -31.56280006806139, -4.319346705935884, 49.99826606974543;
  -31.87812439141112, -1.79945046895431, 50.87084264742224;
  -31.00652034982776, -4.415164807363074, 49.58624009789151;
  -15.53397048746565, 1.325490852058216, 25.44731083300099;
  -8.859954789960563, 3.382624385486107, 14.99487572177267;
  -32.04042926547715, -5.929189132610087, 51.36596700323315;
  -31.99590462046248, -0.5191925768599729, 51.32178434985789;
  -30.75409439458067, -5.015683481243904, 49.41800590947865;
  -31.3105018474581, -0.7391438956404307, 50.31705885876787;
  -33.10285214252978, -6.721000562696501, 53.15058560610011;
  -31.7642922343125, -6.086441495435785, 51.23206948707947;
  -15.36641896307998, 1.560685160313989, 25.38441797271028;
  -29.26806782218096, 0.02189681833556854, 47.3679800703646;
  -25.2119711271827, -8.461500450505875, 41.06518278272122;
  -32.68227362902377, -6.546820933159451, 52.9527308616182;
  -31.30402728391862, -0.5676726034737758, 50.76853401030355;
  -29.1121570444222, -7.346217246886674, 47.37201999755689;
  -9.175114190715805, 3.38955178798845, 15.7262340223618;
  -31.67435434040196, -3.657796077806226, 51.92565399382188;
  -30.71446717275666, -3.170751013503817, 50.52639262936372;
  -24.98009684960099, -6.025958299319863, 41.36036148708144;
  -25.25117893890053, -6.95938903012096, 41.79537405390433;
  -26.6432306900702, -5.833397624073232, 44.0177242347025;
  -30.77109625134419, -0.6407586145731001, 50.85042698025629;
  -31.05543389968209, -0.1968929367483862, 51.35853088561738;
  -25.6857426872288, -5.984824033290461, 42.69468298072728;
  -32.39080821445813, -1.031436714094435, 53.5770958648331;
  -28.34159779766725, -3.961221904912021, 47.06323281951075;
  -16.49862403143703, 3.274781103501486, 27.8940724666464;
  -21.74580780769191, -7.660561026573967, 36.53987353912437;
  -30.75916503754858, 0.112844581565663, 51.23371510564122;
  -25.22315578464987, -5.003808984708256, 42.22221513595095;
  -25.31483399398759, -3.059622090093662, 42.46953808101876;
  -25.1501825246447, -3.859218375407196, 42.27802264881728;
  -15.91605350784685, 1.413774532568724, 27.24628761877333;
  -22.49313498118751, -1.864602955354946, 38.11507906089216;
  -15.80966733352878, 1.666239412925223, 27.13637281978934;
  -15.87913450169797, 2.001783180659515, 27.41747966605827;
  -23.60824188104418, -3.596338354042816, 40.33917841566176;
  -8.652776237157763, 3.599979018931657, 15.50141080253453;
  -15.67354954724358, 1.444602398738613, 27.20770380721064;
  -8.512548300641257, 3.421700238200986, 15.30315735729616;
  -23.5311481164747, -0.8223369470199973, 40.5715817761125;
  -12.92074222286554, 3.393715521197352, 22.84807702637619;
  -23.7039595206985, -4.365538416653771, 41.01614130703798;
  -13.03301047786945, 3.547674945019561, 23.16565039495757;
  -17.01046720146288, 2.733868602223837, 29.90497650076749;
  -17.10961697570282, 2.612903430315107, 30.16329771163736;
  -23.25473836024265, -3.146024177909055, 40.67781494438719;
  -22.59345372938185, -3.857050755312878, 39.61817571404028;
  -22.99114683066604, -1.247154744526998, 40.40999827187123;
  -25.86168619815983, -5.86677616015796, 45.33973034272777;
  -27.42146671867676, -7.405418296214331, 48.13314462374947;
  -16.9118323447583, 2.561992548534369, 30.15303562426867;
  -23.92525945405914, -2.377943174870935, 42.3321304066374;
  -16.86161288233873, 2.939986633034802, 30.2106167821635;
  -25.4853922587824, -6.403579524033756, 45.09881658010815;
  -16.73672324384159, 0.8612288472588996, 30.21329085745579;
  -25.02001700142359, -6.968176839431856, 44.86391301149521;
  -16.64301496556371, 2.571585955234638, 30.23719371908936;
  -13.34503744993924, 3.469183487236339, 24.57634420450435;
  -12.76609169767172, 3.451792015885766, 23.82936260809408;
  -12.9642417802765, 3.314841615713983, 24.31694709814135;
  -12.856131956385, 3.447165985096996, 24.62274379755302;
  -15.72291200283388, 1.757719175936639, 30.57760243126369;
  -13.02992829561762, 3.450054797924838, 25.86433363019462;
  -12.97961064314992, 3.358552334080129, 26.57921599231029;
  -17.41364183817197, -7.714525618401683, 35.71004614811397;
  -14.74014797924441, 3.354947156176007, 30.7957958067839;
  -13.58874404308001, 3.183729757362348, 28.7940673243639;
  -13.19355421366382, 3.297737090052345, 28.40449481439524;
