m=[-3.723084606601801, -0.8304423304150942, 9.663843549622071;
  -3.694165344280127, -0.8056953754374002, 10.28210879019382;
  -3.72748775496704, -0.2684756571843013, 10.37322243280441;
  -3.870602081252631, -1.861132041364704, 10.80321164063246;
  -3.824474336811266, -0.3582084234091764, 10.86390800342979;
  -3.692429763255138, -0.6410992939800494, 10.62415551111558;
  -3.802291339567786, -0.2833992830838371, 11.07098461363683;
  -3.817541714977923, -1.839816534460018, 11.23136386188309;
  -3.813103558815096, -0.8348372632706136, 11.22935855236379;
  -4.907142622418639, -0.7432623440863532, 17.38578774110549;
  -5.003130656724254, -1.369488373031024, 18.32604249907804;
  -4.764407707382493, -0.5854225111664504, 18.03772610693873;
  -2.680925303036502, 0.6527425753220623, 10.74144259002733;
  -5.221433038650966, -1.932692081400142, 20.63316902814916;
  -2.498149101132218, 0.7834505025617262, 10.53668643405056;
  -3.652415324226116, -0.8903410564947557, 15.00172611463362;
  -2.596078674927388, 0.6254654047517941, 11.0701241081864;
  -3.706608993622856, -0.6192343300502806, 15.43747232299023;
  -4.502823013870231, -1.583235985497037, 18.78417658829608;
  -4.39502326456565, -1.534361161495063, 18.4030306528948;
  -4.347814575307507, -1.913778971272649, 18.26808875247864;
  -2.306907741918593, 0.6461034241811131, 10.23020569585474;
  -4.273207481325053, -1.463128020111564, 18.3328463250697;
  -3.982657524327503, -2.02556482385164, 17.46387156116478;
  -2.136547222917249, 0.8021883611960389, 9.910613268900059;
  -2.664292477670927, 0.5561623140154118, 12.42086079537803;
  -2.314666936507194, 0.6956645465379272, 10.9491917176318;
  -3.932236380489983, -2.118164248809463, 18.20711469216906;
  -2.421211907684734, 0.5349380705002307, 11.95046512752681;
  -3.004137896636457, -1.117183811754753, 14.7973386573711;
  -2.040488632773735, 0.4473599726959613, 10.56551596765351;
  -2.27507034022153, 0.6545532145092201, 11.88743419637567;
  -3.207370800907298, -2.703185879166813, 16.44035451204894;
  -2.133756775270218, 0.7754129890108417, 11.35129808242575;
  -3.214791181960139, -2.895084709531567, 16.69202238083206;
  -2.171198589193908, 0.6302317940280812, 11.70118820596979;
  -2.664851772854635, -0.897642062494732, 14.510282915455;
  -2.610048896892191, -0.8376154354985695, 14.41552006558461;
  -2.156578670208982, 0.8141177215587852, 12.51284440586423;
  -3.419347922813363, -3.387064443121306, 19.31584300019284;
  -2.457352884055586, -0.8397855818156925, 14.19327274138653;
  -2.400896729775214, -0.8527246230237933, 14.48583402275374;
  -2.360078506544888, -0.9608974369987412, 14.30135798225756;
  -3.529692090955033, -2.145838290741295, 21.72758228086356;
  -3.473287953629329, -2.626924470286001, 21.41948154065093;
  -2.358314919910193, 0.7320040255079769, 15.04132164127838;
  -3.481431191163396, -4.102200470600803, 21.78261150017448;
  -3.647266070059538, -2.48809867612441, 22.95011876263723;
  -2.25980575789453, -0.746851717509055, 14.64986056974112;
  -3.792936994001637, -2.870859872465027, 23.95860808455507;
  -2.316085031479058, -1.238067375535412, 15.0809119179768;
  -3.349760988681197, -4.124523485430838, 21.54013773178872;
  -2.135862439636591, -1.01911225516786, 14.51512919021566;
  -2.095930678044049, -0.8442114539213108, 14.84258126860753;
  -2.06276237881767, -0.6123292669688609, 14.88957102577862;
  -2.897760320964075, -0.4159226793261334, 21.39103804823518;
  -3.405553215499038, -4.874658491032247, 25.77353956061418;
  -1.002200589736965, 0.851396148880387, 8.641605206175269;
  -3.521410471239944, -4.540646012609062, 29.0874043459792;
  -3.217130620217362, -2.479679244692945, 26.97248711514864;
  -3.269955300185584, -2.786937141396813, 27.88221615097331;
  -3.312205719253773, -1.287767261360082, 29.67805358082873;
  -3.093942280113989, -1.017863784765546, 29.34955022283236;
  -3.104335193605042, -5.256769575531274, 30.07266342881933;
  -0.7706119789548338, 0.8424405194138874, 8.329913238812896;
  -1.805507376592573, -0.793603237463695, 18.63980343476029;
  -3.290619194640264, -3.142349794381936, 33.8540784450211;
  -1.538495673763031, -0.7680464631977073, 16.57330985254029;
  -3.042498855706114, -3.051982269668005, 32.0577348703936;
  -1.024380774625161, 0.8697471602443727, 11.63356142789092;
  -4.447675884924698, -7.804203177684001, 47.58027998874185;
  -2.904674396271584, -2.546899607564892, 31.89087632923708;
  -3.89653960844233, -7.176356296228343, 42.43855677516955;
  -2.150039700382837, -1.194410781041477, 24.13161062012231;
  -4.285793390832837, -7.841683117095937, 48.01118876117111;
  -3.291288059684453, -1.53006070518912, 37.41301597729555;
  -1.686807409693688, 0.8602273995287372, 21.05070795799717;
  -3.179487834821186, -4.179821273130217, 38.87569790857173;
  -0.8525988236885513, 0.8680150659039065, 11.16554108420243;
  -2.943781428791847, -3.35660237732981, 39.31019783034735;
  -3.966265324015276, -8.421530798012377, 52.60152945667511;
  -4.083366718352677, -9.019240320342659, 54.45458509636374;
  -0.8230647619873733, 0.8813420934525809, 11.88801037569733;
  -0.7111204118266526, 0.9043692620884317, 10.82190896816891;
  -1.231519410456265, 0.7056116709927729, 18.45205132749699;
  -3.414305091747866, -6.900075310800314, 49.83923580388817;
  -3.207993631734757, -7.625763443468732, 46.98665036592397;
  -2.754168223862407, -7.05773756667571, 48.23869460611424;
  -2.858378510324168, -6.885960427788504, 51.02037063745825;
  -1.950006289198289, -5.799727283068624, 36.09787801406618;
  -0.6173442765187072, 0.9060039807400526, 12.17684936995294;
  -2.4844001187785, -7.389126502182997, 45.99040163232954;
  -2.343172765775965, -8.33581363411721, 45.31631381179375;
  -2.358594413663163, -8.266291904271997, 51.5752701751993;
  -1.181256484554101, -3.592706888015468, 31.49768667562316;
  -1.693093371681525, -7.276560902724579, 45.44758230056683;
  -1.60146107825705, -8.485773703952368, 45.20766547093249;
  -0.2591600034510486, 0.8229126101251622, 7.970227988368473;
  -1.451542368452818, -6.572102628147935, 42.41355044704802;
  -1.203686460460309, -7.296762708846096, 43.66428755451568;
  -0.7139596329254505, -6.970728072530512, 44.03819331957267;
  -0.6814984976139642, -6.501210750945885, 44.41947376723781;
  -0.4362594509682665, -6.935978907886176, 45.71063001324306;
  1.922916284471278, -2.111763236792662, 19.26858596274849;
  2.002261751164546, -2.629074090185161, 19.73780062118743;
  2.059589050766671, -2.540986097661403, 20.22810282291811;
  2.073187235857712, -2.606941762318427, 20.10151749820255;
  1.986089207434724, -2.405908692942996, 18.1926499864709;
  2.041228032225033, -2.125501498472609, 18.40502374066122;
  2.095804133439877, -2.232340315933957, 18.71460178668497;
  2.192395899403979, -2.260208986476897, 18.77684187555523;
  2.13419622388975, -2.04368186229047, 18.06967480293201;
  1.078545511056523, 0.8776993429573761, 9.318722116445155;
  2.360568412742953, -3.016378515812137, 18.90731910619783;
  2.622859403751609, -3.437173169587696, 20.4147996842177;
  2.442230386738812, -2.894953028695154, 19.07589265938754;
  2.177552235130368, -1.727085070887784, 16.97405146566996;
  1.128001214843429, 0.833179089253414, 9.166828800581266;
  1.084688609887638, 0.7353673554028612, 8.786507120687594;
  2.467983754965828, -2.841919743409968, 18.57970663816273;
  2.631304394686425, -3.009347478029643, 19.38332197773568;
  1.122256624445281, 0.5196169096290935, 8.85931907092224;
  1.157310187099797, 0.3671315640609753, 8.955647182051381;
  1.141468548938048, 0.4659488177485043, 8.748608285306336;
  2.846232689840385, -3.423899038579442, 20.31753173907406;
  1.236942550542943, 0.1580312885342483, 9.234892141613155;
  1.161189454110551, 0.8116598521696178, 8.719753839029522;
  1.196849139996978, 0.4600820304223516, 8.689954090756741;
  2.800045877100026, -3.201696937219779, 18.80491824342829;
  2.287499710700051, -1.597525120840427, 15.32301581932481;
  1.281746505049729, 0.1441314657909277, 9.020664629703926;
