m=[-7.686004514471166, -1.734711383764306, 18.78357508383558;
  -7.73706635628021, -2.926458156595017, 18.97566790782797;
  -7.585180282371058, -1.677722446792703, 19.94451479170784;
  -7.700648960278668, -0.5942038065755629, 20.24580101063252;
  -8.228433027862087, -3.980479290869757, 21.72875936244699;
  -8.013240815628649, -0.7895900072253301, 21.53952782991822;
  -7.81714134973585, -1.383088149332209, 21.24847387682662;
  -7.924575168445148, -0.6183841581595226, 21.85473214765715;
  -8.341917823383703, -4.052520578052145, 23.23953309415289;
  -7.781462416016086, -1.725571556754829, 21.74232446992527;
  -8.191660165449942, 0.09832649010456566, 27.42439264897698;
  -10.94709353002352, -1.70953456485639, 37.2839789257587;
  -6.935887013111585, 1.186448124242902, 24.57485463007594;
  -11.47633283511381, -3.182126725570434, 40.44708816963505;
  -12.73108443379318, -1.92216635699257, 44.88150524354418;
  -11.13852105852896, -4.728238546578708, 40.36988123095065;
  -6.11939742241951, 0.9276840036282128, 22.6592260367888;
  -14.04102226092813, -4.436066796219794, 51.11203856019586;
  -5.598557117069061, 1.261242854265279, 21.07944017049318;
  -11.68387955273005, -4.363781448030403, 44.59076362372773;
  -7.260712047268296, 1.05543226743674, 28.26386588431383;
  -5.266888780375988, 1.604115709710668, 20.90891684486892;
  -8.226833547525969, -2.019633769226988, 32.2683340312081;
  -5.542626690003806, 1.266033938692449, 22.27301446152758;
  -8.503382035554701, -1.46552492996215, 33.84931019988309;
  -10.44855938390391, -3.702675147884732, 41.92484535108788;
  -10.22827292887415, -3.601754298529486, 41.16745972751371;
  -9.539119080794665, -4.192404441981283, 38.53960017861134;
  -4.823153439461323, 1.307207174811596, 20.10158848899556;
  -9.89870607720875, -3.420850222395638, 40.81322218383059;
  -7.910085484968914, -2.284268515390805, 32.8072827675162;
  -5.018204112941071, 1.493815248694611, 21.30179927889003;
  -7.475857869341123, -2.567022781652279, 31.50547716283318;
  -4.862114409047035, 1.557952235327185, 20.83538623750111;
  -8.985746085229822, -4.581715888459703, 37.82621500918346;
  -4.414410832938027, 1.609029630291459, 19.20721130696763;
  -4.65465515914673, 1.618540165900458, 20.74495953944535;
  -4.859021698626555, 1.408585562110147, 21.64968100232252;
  -7.255334625490463, -2.62449364901615, 32.2054356239403;
  -9.024472482842361, -4.864184730263081, 40.12396567693777;
  -4.459097582319436, 1.576610105132022, 20.38905565437273;
  -5.137010853330475, 1.083436925496091, 23.96957163756566;
  -6.860593924951361, -2.567445063219997, 32.20458540227692;
  -5.726094524226168, 1.223567205164857, 27.59165568236576;
  -6.706815730031838, -5.644624514269089, 32.97452943423867;
  -4.655887998643301, 1.639502327367899, 23.31584979838466;
  -6.67700188787031, -5.993910135979884, 33.25191130220347;
  -4.28390797724318, 1.423734760984295, 21.81458287289092;
  -6.279205780035512, -2.049556167420482, 31.60939844606391;
  -4.509714071203407, 1.259680815581626, 22.95341047783805;
  -6.056093344604366, -2.057824057155173, 31.38114126809146;
  -5.908786706411922, -1.911659620273083, 31.04409420503453;
  -4.477329944664988, 1.625886719670497, 24.56635662617469;
  -7.691889890396573, -7.587371689517215, 41.74538394160987;
  -5.617544482745155, -2.061470025225979, 30.97785542468555;
  -7.394802085428827, -7.294986132583767, 40.76321554838576;
  -5.392057020278211, -1.933417238032668, 30.94133026086363;
  -5.508858773564602, -2.255645386116574, 31.69443014223801;
  -7.817999165269436, -9.158590116875214, 47.0963405742517;
  -4.448127704289394, -1.517580214456457, 27.52335621051864;
  -4.954665434246737, -2.658820588053454, 30.74120116282837;
  -7.336215096181769, -8.967088501311618, 45.38072316300431;
  -5.028676421598703, -2.397644003573925, 32.39947152891765;
  -4.800038197799671, -1.949165133319317, 32.28399632788618;
  -2.223566119017184, 1.666140218005974, 16.25127798945755;
  -2.175528655210535, 1.719107318624739, 16.18745340348393;
  -2.036615002815052, 1.731837140369432, 15.39874396927914;
  -1.895895934935259, 1.842243380262895, 17.24986496442284;
  -1.616944911020349, 1.748874579933042, 15.90681069935856;
  -1.451912890444243, 1.877357255373249, 15.52408756054042;
  -0.3423897109797694, 1.762999001610472, 11.51638098990671;
  3.048210811179199, -2.691220092683087, 20.48096679646624;
  1.861776511996321, 1.715364141987394, 12.00016971305782;
  2.534757657197436, 1.778248670596426, 15.28765072350384;
  3.600520211817663, -2.288620441378688, 20.75189572565006;
  3.660332845711491, -2.553832620880624, 20.71173344987944;
  3.940880763954077, -2.44688542165708, 21.17655035539831;
  3.563234666769064, -2.614556083906225, 19.23510337159346;
  3.773974174196441, -2.830780325951469, 19.87182250391205;
  3.57195252973977, -3.30335915842101, 18.47514718223752;
  3.710643782670053, -4.253101711547778, 18.9577862692425;
  4.162448968179768, -3.897830663939601, 21.01674602203554;
  3.649499198792615, -3.959682963718283, 18.47665048171958;
  3.715545974851378, -3.910424891771253, 18.729426028425;
  3.675810225691471, -4.040106684849738, 18.477444383409;
  3.738171936952132, -2.311444937468494, 18.51610512760135;
  4.14936208989558, -3.600189821068076, 20.02596995354758;
  3.348406961828784, -3.649489799463978, 16.27524354697852;
  4.225763907022279, -2.007172465483218, 20.13465026103912;
  4.19851630491537, -2.330042015729575, 19.55931567125977;
  4.051394108761634, -2.449656484654292, 18.92221901306613;
  4.069750065069989, -2.836069210582084, 18.94494938013187;
  3.723989461416539, -3.158838376623819, 17.40133467936028;
  3.557380167593745, 0.9149805321077991, 16.60450746841619;
  4.125471108810346, -1.590173140919741, 18.89137607456699;
  4.104492808502235, -3.524057279669733, 18.71864010506351;
  4.340983987187182, -3.080290673938358, 19.5839617729275;
  2.200222272930306, 1.812910771853574, 10.26249415746316;
  3.540475815842293, 1.043718310335174, 15.81319450710742;
  4.070038332764811, -1.532679400614003, 18.01275170841852;
  4.130604991557449, -3.687538030775004, 18.23924718869067;
  4.087040587451919, -3.477831723128703, 17.93435253267276;
  4.456236148582459, -3.223532373888479, 19.32259390369151;
  3.717801146181826, 1.427420704632824, 16.16447519713213;
  4.41269119111656, -3.293559058059484, 19.02382000894155;
  3.619824028533892, 1.013473442685071, 15.75365159933527;
  4.373673422018749, -1.624190934158585, 18.74346643258919;
  3.896827938980327, 1.188835364230706, 16.48283621123168;
  4.613149825361108, -2.365230826967307, 19.07175871500829;
  4.446047564187547, -3.225601219597508, 18.2889265201806;
  4.573564277964728, 1.036547637584601, 18.64133266927561;
  3.584346457898934, -2.181960180086528, 14.68525254515284;
  3.505315990652052, -1.946949693158886, 14.06671247362172;
  3.663491632066236, 1.80009622213717, 14.42627783827942;
  3.974372412055748, -2.383356814463259, 15.60426520527889;
  3.494090809939237, -1.816595451579934, 13.74402475364322;
  3.48294820536962, 1.833696329996484, 13.679453647993;
  4.968412181421573, 0.4224521892754552, 18.84133700663175;
  5.106104439756239, 1.310761061323442, 19.25343521412632;
  5.339198607322865, 1.238117184763095, 20.05858275254618;
  3.625857869046337, -1.789587454488519, 13.9606593136144;
  4.646547720362667, 1.533042598622726, 17.50397716037148;
  5.115464868601705, 1.518901943058721, 19.14391501846611;
  5.303673521259627, 1.459206222579846, 19.69926058864465;
  3.326622667148048, -2.35519493286383, 12.39766706417638;
  4.115028590229552, 1.631539670382109, 14.8944510381105;
  5.337517338123281, 1.42316092603095, 18.97199477694375;
  3.351620653208484, -2.535124098856035, 12.2235065776317;
  3.763615312614808, -2.012586696582764, 13.57585737794113;
  4.0633295692075, 1.719483841448741, 14.45657875655792;
  3.294697502065907, -2.251496904585729, 11.78580539122306;
  4.27505891724002, 1.741965664920411, 14.84309363633108;
  4.393960172937454, 1.60120657782568, 15.19500570363003;
