m=[-3.686642581057551, -0.8154272912823392, 9.693678298000588;
  -3.759081988967662, -0.2900613751640734, 9.88301457758411;
  -3.830622852613878, -0.8494565013281544, 10.70321239514286;
  -3.037288919036485, -0.03249264219865104, 9.661200026528309;
  -4.948846299092336, -0.7728283111181017, 16.85494698808709;
  -3.117456623489233, 0.5332700138216492, 11.04560140512525;
  -5.111666214285989, -1.417349070158227, 18.01551218786342;
  -3.013304767070852, 0.5163235953074918, 11.02627097118164;
  -2.975646265348682, 0.4510998796558899, 11.01837920920703;
  -2.737814395486503, 0.6167747815029342, 10.30829793119726;
  -6.066029832586395, -1.916478232507016, 22.0815226234076;
  -2.460644623908199, 0.7494289060997532, 9.768464072711529;
  -5.303187482887455, -1.980673546728234, 20.23926885197065;
  -2.687275840780589, 0.6138213174616989, 10.79880298843988;
  -3.832306031984926, -0.9408060381307485, 15.03155867145164;
  -3.74999383417951, -0.6462969002469288, 14.92755517863909;
  -2.318519440320971, 0.628382506459557, 9.662956876253489;
  -4.468912140041004, -1.573669731153234, 17.98678641352852;
  -2.698063128052713, 0.5323990893736774, 11.2760146841555;
  -1.995509916141613, 0.6895043343717136, 8.653167362970281;
  -4.218548800174515, -1.988860508356314, 17.30727015339719;
  -3.456878238238062, -0.9982746882005246, 14.33749130401402;
  -2.32187912786147, 0.7439925252849639, 9.94983753071903;
  -4.23816255288578, -1.464647924537263, 17.47431114460297;
  -2.219092988655751, 0.8088477729524589, 9.655328775675761;
  -3.222915832914057, -1.165834874807685, 14.30608148845719;
  -2.553193643216013, 0.5647019599020401, 11.62387525727106;
  -3.891432507666202, -2.097479561118626, 17.30180957042938;
  -2.466295800446853, 0.520161630117576, 11.50787015174623;
  -3.042940974058797, -1.138762017833973, 14.28398962905519;
  -2.476185449811132, 0.5291179350038305, 11.93170249771696;
  -2.830020835690572, -1.043105998350953, 13.95455710784414;
  -3.348397793130018, -2.81809565484163, 16.4626323476732;
  -2.131597538463418, 0.7084254676011805, 10.85455415977086;
  -2.226338841208216, 0.6218745319491725, 11.33155416910279;
  -2.780068062101362, -0.9074245759941204, 13.99480796783853;
  -3.210505748150494, -2.882054441293383, 15.98853110505339;
  -2.197415074852295, 0.6627945437571947, 11.33978046159311;
  -2.682959663890297, -0.9116535407515405, 13.90241719179328;
  -2.585292170188789, -0.8364151379834115, 13.58283141136012;
  -2.621469338186224, -0.9110714171493727, 14.06900008804644;
  -2.150688575499443, 0.7809958248036258, 11.80046661526801;
  -2.488402962306632, -0.9131691138780023, 13.72225666240285;
  -3.313188092307829, -3.26816814746758, 17.98131680964941;
  -3.325362218105475, -3.280476067736529, 18.33077549704712;
  -2.357557124359234, -0.8453437281432314, 13.52840916172048;
  -2.393449242275781, -0.9800165446518075, 13.77036749831514;
  -3.565587726253186, -2.167433673817778, 21.08383693766659;
  -3.369241816146704, -3.946982360372309, 20.29662023439047;
  -3.419512620223286, -3.43778980389823, 20.71812056392109;
  -3.696122408154582, -3.297523137681155, 22.67293003220907;
  -3.432048896395046, -4.195008705622707, 21.23013826710992;
  -2.171008675830636, -1.035124453614662, 13.98768341496226;
  -2.125737809282449, -1.110109327951465, 14.12279802053959;
  -2.073245550998756, -0.841888704691684, 13.94419148287862;
  -1.091122281529194, 0.8175887824832331, 7.97463649313909;
  -1.065533635251438, 0.8419869194617903, 7.9283148163398;
  -1.056603707572173, 0.8984837786701235, 7.988927680197651;
  -3.404909635653869, -4.814130835549944, 24.75487506087898;
  -3.673770085022687, -1.032641839534725, 27.62202324792602;
  -0.9111745911709248, 0.8754740615882574, 7.87857085921354;
  -3.535656216472589, -4.510240888348326, 28.05671508529404;
  -3.215123490967212, -2.724980341651654, 26.38650595548953;
  -3.193282548787261, -1.254838117394788, 27.44790579192524;
  -3.124862130150995, -1.71577936382948, 27.34872208484077;
  -0.7997741609691186, 0.8650292847166555, 7.867835257755415;
  -3.156275031806089, -3.079223839494536, 28.6126229300126;
  -3.320059756926181, -1.113520808777206, 30.13447078965212;
  -2.003031629084298, 0.7258682135808494, 19.40027427938154;
  -2.077288948415893, -0.9094640926284027, 20.24486956260277;
  -0.7227761868373672, 0.9345664793670697, 7.728039943018678;
  -3.085133854281372, -2.911437036195929, 30.40162044177048;
  -2.000998122418822, -0.9745618547653745, 20.20213910970072;
  -2.720926091491569, -2.694219822873509, 27.40487109865905;
  -3.029143870506157, -5.247845072135239, 31.22638737690135;
  -2.542107438518999, -2.227933564752762, 26.7046803553995;
  -2.051307637921891, -1.147583794386416, 21.92306151451669;
  -3.013839790606301, -1.407986583447678, 32.7269556109632;
  -3.108867607864087, -1.094985787174548, 33.85013946044004;
  -3.140008882695758, 0.04632795646041683, 34.68335157247898;
  -0.8911525279518785, 0.8656885556783297, 10.78088208972944;
  -3.044389884150753, -3.925439989231828, 35.51314397590069;
  -2.922079929175151, 0.2340858748704048, 34.40392917859951;
  -3.344516964337086, -1.05131236853221, 39.54161336977953;
  -3.200340998982927, -7.027482395283461, 39.23894602552804;
  -2.698279578856495, 0.1895362569110497, 33.84656954097051;
  -0.8719000587818127, 0.8817350914448706, 11.57071502266673;
  -0.9250564766370166, 0.8555698598400445, 12.22233154101036;
  -0.7715971917512043, 0.9325233886671456, 10.80904100090068;
  -3.529975384167129, -6.352524746233634, 46.2748407974213;
  -1.46451986915249, 0.7705627153104154, 20.39122090360737;
  -2.891667348072651, -6.667619597656156, 40.23031796650329;
  -2.640341280087494, -5.207727250983088, 36.82644584684501;
  -1.253743546892102, 0.5300911628808595, 19.03798602763765;
  -2.254071222559304, 0.05633312257852872, 36.62480760225686;
  -2.647308462041119, -6.551546647876158, 43.7813171531605;
  -0.6443751893491621, 0.8806236934675381, 11.52827354136767;
  -2.24322867023626, -6.717332251272908, 37.90896065053564;
  -2.409592706833728, -7.189745702062063, 42.01582825380702;
  -2.575109260668955, -7.361240331153447, 44.80309099996213;
  -2.184945093907289, -7.439394672730085, 39.71760067335839;
  -2.520675890275739, -6.076115621406713, 47.23965823628288;
  -1.941318626745214, -6.508618718837105, 39.82626818754553;
  -1.816385485530979, -7.448655544389852, 39.2007552113074;
  -1.833043192662867, -7.308219192231774, 39.54083944509294;
  -1.747726610172161, -6.790470173333581, 37.70875083583088;
  -1.643568845358632, -6.736128603279795, 39.30812418170886;
  -1.46931710010048, -6.737950115090513, 36.70125801581724;
  -1.52509068196103, -7.588629315488789, 39.63441113270802;
  -1.394446266182574, -6.709145332673145, 40.15437726916729;
  -1.269849516030003, -7.565178514393279, 40.03081715843119;
  -1.197203302403355, -6.691176646782696, 39.23072283266178;
  -1.158786247511638, -7.270262741986259, 39.52218411340413;
  -1.001823938827031, -6.377206677076004, 40.04051442507119;
  -0.6644467058869964, -5.584123175032202, 40.1912503785269;
  -0.4924509245759095, -5.233625975535796, 38.01057406258601;
  -0.4543111602751705, -5.007712559254621, 35.2682470002225;
  -0.5121622441482771, -5.337442898059677, 40.63670313196016;
  -0.4713804157636945, -4.871386071233558, 45.94411165209142;
  -0.4056795339233368, -4.519579214656876, 40.73096735743765;
  -0.3360925731197849, -5.159191647620961, 40.03732182160093;
  -0.2039413445172912, -5.716681424267621, 46.07472414545791;
  -0.08635415625709092, -4.823831298077552, 35.08422302435115;
  -0.1024321062328628, -6.042063998932787, 39.30085700774249;
  -0.06282573729609484, -3.1758336062418, 29.85334506190939;
  -0.0255850167516552, -5.674920022336479, 39.80103004115083;
  0.007447274542800151, -3.773242153681567, 39.26232808053244;
  0.04116655379129836, -5.117679500816164, 40.45126345321824;
  0.04847791616985546, -4.882704455078177, 40.20279868727338;
  0.1584298807123678, -3.634603125102087, 40.09940188622473;
