m=[-3.787549125204256, -0.6205060487518478, 5.922187506874584;
  -3.80479869527439, -0.5283067832783724, 5.965440183431749;
  -3.655457578533955, -0.8304434285653657, 9.046128549320114;
  -3.865509977948594, -0.3278447902709372, 9.573902379872797;
  -3.874827813188838, -0.4091639858017648, 9.839209344738341;
  -3.885532494710412, -0.3382363226319646, 10.12865550988366;
  -3.730426721087748, -1.818081792439652, 9.835214835640498;
  -3.82965927279932, -0.8749298248180544, 10.10909501793485;
  -2.935373752007189, -0.00797419311903581, 8.932656395587911;
  -2.841696354922058, -0.09245714179511097, 8.785017797642459;
  -3.333511527456244, -2.180158974654757, 10.99432450557475;
  -3.106491820063406, 0.4991794712920412, 10.44467288015153;
  -4.830111518127149, -0.7965031432846406, 15.80843266194821;
  -3.141476251437226, 0.5779327485577532, 10.64730970542467;
  -4.449688890823262, -0.6006604702110903, 15.57694411370131;
  -3.075220812800063, 0.4180018972549407, 11.41872218258672;
  -3.706020160889191, -0.9356842396213718, 13.89010970903634;
  -4.999753305271531, -1.905637945318226, 18.38605441443488;
  -2.377105602426094, 0.6120667266576442, 9.304061072783393;
  -3.607507182487802, -0.6615413338194974, 13.7416486965609;
  -4.077640636961979, -1.80634933227883, 15.80137994974548;
  -2.226675432937133, 0.7769947064195807, 9.073668510505719;
  -4.359817629361519, -1.570819768281286, 16.86808448649214;
  -3.432246949469325, -1.029205723032179, 13.60691219228365;
  -3.654657755418537, -1.893764671726605, 14.75945551225238;
  -2.279082623278956, 0.6293338074210174, 9.568660041547036;
  -2.287808309463202, 0.6113243047759407, 9.66482192051491;
  -3.726069020811138, -2.036883206086753, 15.90053905760584;
  -2.958376173302239, -1.128165461647241, 13.234323619643;
  -2.288553641402289, 0.6012261678333415, 10.98205520237343;
  -3.359171215765275, -2.850814512760778, 15.77884224113237;
  -2.673121395573347, -0.8994047328965227, 12.80820125230322;
  -3.257354248091459, -2.947545344338937, 15.50779210300216;
  -2.604195321956866, -0.9115819248576842, 12.83594437782178;
  -2.618499388386266, -0.8761237593767098, 13.08041300477952;
  -2.676638067300516, -1.189030829097783, 13.46050827165378;
  -2.075436088532751, 0.7129327250776359, 10.75623192622672;
  -1.383037858393989, 0.8158655220349418, 7.528918526376152;
  -2.521035966480869, -0.9092188135083241, 13.1613562112656;
  -2.412353434420957, -0.9090461206842515, 12.6348196741364;
  -3.402711899704149, -3.369064903121626, 17.70905462062081;
  -3.54598022417134, -3.509789005805073, 18.72538638496031;
  -2.32920414211374, -0.8628256042924863, 12.68960394421864;
  -2.364695050420906, -0.9940770382041447, 12.92462451809359;
  -3.256935194307309, -2.477805437492151, 18.53239597729566;
  -3.509612219914907, -2.164122938450403, 19.94282294899088;
  -2.19763653127934, -1.186335142871696, 12.90612329016797;
  -2.311626736518678, -0.801428173468197, 13.51035604594404;
  -3.316325519312533, -3.887221383536003, 19.17485698702144;
  -3.537774347098036, -2.439411957541536, 20.59218355775798;
  -3.418383810417492, -2.608135010049787, 20.01749903439925;
  -3.193036487007349, -3.90845590232843, 18.95706162555199;
  -2.188024889763721, -1.06427739828866, 13.36761869791993;
  -1.111162596146502, 0.8002113153561595, 7.499178178746649;
  -1.083092073166237, 0.8209037937009067, 7.429076028179514;
  -1.100215723738857, 0.9006472594441832, 7.651377418110811;
  -1.028400900964836, 0.8114882466617179, 7.542926552632483;
  -3.211444958316698, -4.557113248723255, 22.52995219776248;
  -0.9921797709586726, 0.8748676485399968, 7.739675129448899;
  -3.756888532028806, -0.8588259279184282, 26.88268232884546;
  -3.301115536676261, -0.9781430612858245, 23.88281509862915;
  -3.147615437287302, -1.288727049699349, 25.94969543477457;
  -3.490910352414795, -1.971404994642358, 29.31385305745037;
  -3.127707945344993, -1.110535347606552, 27.22201566420464;
  -2.082651018748141, -0.9467426511924599, 19.27604067054798;
  -2.094132986810901, -1.04994559078599, 20.04389049528628;
  -3.104383703436227, -2.952625752988935, 29.33509321101452;
  -2.241359556857874, -1.965190618514318, 22.48359253722921;
  -2.593738253526341, -1.263869329830796, 26.96239537446418;
  -5.121836252999675, -9.110352041508989, 52.95825868521465;
  -1.629427305693506, 0.5210767503819671, 17.56110275891869;
  -0.8751088226759917, 0.8640842011240253, 9.87847105491629;
  -3.932657748901626, -3.631065479350712, 42.47317898869748;
  -4.096145242513977, -7.20462341020685, 45.13610666144992;
  -2.918361865300648, -3.760879372075172, 32.58876707373632;
  -2.374899964458102, 0.1062066304426031, 26.70239643524756;
  -2.740186103975851, -0.9274182694886054, 30.99716208912141;
  -2.77814798175873, -0.342126822284965, 31.54642235401967;
  -2.771706381196319, -1.954151289621344, 31.5305490912069;
  -1.210480870755843, 0.3834487832960432, 14.47450879867821;
  -0.8652040287586054, 0.817613009740749, 10.66093227115341;
  -0.9227301340810831, 0.7936744742338008, 11.31540061262195;
  -2.235772862494664, 0.06889940032180822, 26.72349658572456;
  -0.7673895911112754, 0.8680096404643429, 9.863780232574223;
  -2.846623416161633, -3.205601396136874, 34.57238927482091;
  -3.778803342603872, -8.001023844828332, 46.11832530657913;
  -1.370263642827028, 0.6390905532344897, 17.92823731070817;
  -3.071119837339323, -6.969994951452478, 40.7739793662373;
  -3.006445541884322, -5.843121907027007, 39.90165188259764;
  -0.7671883706867694, 0.7958384619983888, 11.8183032736785;
  -1.566587924511352, -0.03769739410702664, 24.12104219256;
  -0.6572054773499167, 0.8330876186938936, 10.83233029817731;
  -2.51513637209811, -6.094715015397282, 39.44816687379651;
  -2.618613566334567, -5.997049758985994, 41.99757869290344;
  -2.717074707317141, -7.592481385692775, 44.83576790381514;
  -2.760708167496756, -9.166410973934239, 47.43742912159677;
  -2.291638135996795, -7.407777057954348, 40.53207878801693;
  -0.930129177263564, 0.3943896341525141, 17.84064612692171;
  -0.5441333086482404, 0.8398563640556666, 11.03856382899356;
  -2.244379529715869, -7.284353641851424, 43.21910436230468;
  -1.446457400200748, -5.889458986027384, 35.97978162333176;
  -0.4411335490388944, 0.5276126859018927, 12.9751336644574;
  -1.421810145314843, -7.482646225156166, 42.51182628247272;
  -1.147615397686946, -6.789426231862421, 41.26538663609762;
  -0.862908530700107, -6.618093156160321, 39.6593683354494;
  -0.829418118504288, -6.23163711847343, 43.3887283316751;
  -0.2804268597102123, 0.07197792185313352, 17.60973475195412;
  -0.6474845917229251, -5.857344236107333, 41.11730514250503;
  -0.665677320402012, -6.267686641845995, 42.6748044925107;
  -0.6481250758738989, -6.954304671761578, 43.46718762027955;
  -0.6031246954309114, -5.016303984504908, 45.5956919545954;
  -0.2465650199695349, 0.6734001473190311, 19.86033346054525;
  -0.6118792394015938, -5.631888198263948, 48.81231632392722;
  -0.1848742322094498, -0.1622916351079044, 17.42449772762765;
  -0.4830923560029349, -5.850916501995749, 43.85320987870759;
  -0.394621997584961, -6.813313418533588, 43.44060810694608;
  -0.3716993226876812, -6.936804682958856, 53.90620563339465;
  -0.1938735080465613, -6.297725701163181, 39.74571260295467;
  -0.1573231903202395, 0.8069979063605192, 34.64097589397279;
  -0.06277731518680546, 0.7726588191530315, 16.7887081706696;
  0.06152839444727621, -4.469553757571077, 47.22792282535881;
  0.06084988756544846, -5.418878147965796, 42.77373752464823;
  0.0598553589118558, -4.433965190976362, 40.74917198291668;
  0.03970554195831772, -0.3869560281485716, 21.28061117759097;
  0.1760050433392079, -4.758610842828127, 56.77579663999376;
  0.1531664972229952, -6.223330962470278, 45.05493947160714;
  0.1702382493737683, -6.563892360971606, 43.57699959715502;
  0.09104633313436454, 0.7298913705648216, 20.42825128535676;
  -0.05030763773062009, 0.02466935614955789, -8.418848325246479;
  -0.1845166554770944, 0.379327971544591, -28.83934231741542;
