m=[-7.539845833046388, -1.235236769584974, 11.78925456018203;
  -7.580045836375891, -1.161408645920186, 11.88132979207128;
  -7.560473607172323, -1.04979259387025, 11.85386052566137;
  -7.510345710282742, -1.1919469670345, 11.81321506098389;
  -7.342307678496074, -1.696973267749212, 16.84155674593193;
  -7.405676335778558, -2.825336836291045, 17.04719972307737;
  -7.56691805422181, -2.985838592031348, 17.55816301377342;
  -7.247605489063756, -1.646504226056733, 17.9355852229923;
  -7.404706525083081, -0.6280140192580784, 18.33960792422389;
  -7.541077093474348, -0.7963030383703863, 19.148782806543;
  -5.05565058495624, 0.005581310557161841, 13.26175575882843;
  -7.239594951847945, -1.321148801740899, 18.57349818327488;
  -7.629320431499395, -1.743006234529407, 20.13900445715725;
  -5.814328171236035, -0.01579511830927242, 17.69362272498488;
  -7.863075909716097, 0.01876866524550015, 25.07613545872684;
  -9.258636181593639, -1.526783138130871, 30.30251497691143;
  -5.671451325137066, 0.9113405854333402, 19.06860126402956;
  -6.024268677538558, 1.108275815635212, 20.41787020643464;
  -9.556687209067576, -2.721158508196578, 32.41326032795126;
  -5.781825562537093, 0.8194365750950985, 20.24321255323238;
  -5.367405193981567, 1.14111106918356, 19.03296685427358;
  -8.760939540389726, -3.783851899254153, 30.55122452660072;
  -11.44404741390473, -3.764404214027452, 40.35189717157962;
  -5.17167824806723, 1.124376471095131, 19.09357339616806;
  -4.6366744051593, 1.350112058312135, 17.32863289958419;
  -5.943770985095282, 0.8079119191302857, 22.07004755991011;
  -10.15246892977642, -3.869576927095117, 37.33461128710452;
  -5.22902091723839, 1.121803338542697, 19.8246993328192;
  -7.317402785432249, -1.847474693620588, 27.42551930707132;
  -6.925282144964237, -1.26995184084335, 26.37965485491755;
  -4.479486267769407, 1.153396169788688, 17.53284068132471;
  -8.297549182915484, -2.989564104019337, 32.1031227787249;
  -6.369899399999844, -1.910100588371919, 25.25303775792688;
  -4.447419952937948, 1.361945917786949, 17.92914451321166;
  -7.791827292912062, -2.759287093614081, 30.86768051002096;
  -4.458568900469357, 1.555810237373499, 18.1686004325944;
  -4.281462837585544, 1.420573926421923, 17.93362718077317;
  -4.877944252143463, 0.8983686192706227, 20.40731569129955;
  -4.242853478296813, 1.133731109445339, 17.92388948539027;
  -6.001563189335581, -2.216316686999672, 25.41030371033216;
  -4.337711828261596, 1.466121276860418, 18.62743048956545;
  -7.282166737919402, -3.980850341082131, 31.07574658267571;
  -4.721733656813234, 0.9286260912614046, 20.82904699906364;
  -5.682883152878421, -2.167145798939416, 25.42243120281058;
  -4.423643839872896, 0.8616442011010426, 20.21938151333906;
  -7.083826279584005, -6.011802753291211, 33.27445079445869;
  -4.221049671816909, 1.326570875904908, 20.21462887068395;
  -4.362775139960124, 1.146145115877453, 20.93559729420491;
  -5.178841324267294, -1.74248517320593, 24.81430212814291;
  -5.019103766877816, -1.756905188445276, 24.73890350503691;
  -4.803390917359129, -1.607166656955442, 23.99478774031159;
  -5.03006753619394, -2.234484163565109, 25.29563727911889;
  -4.091703788190577, 1.405540526178029, 21.20581556925345;
  -4.679040310413139, -1.763200773989102, 24.50670358934185;
  -6.354675514038523, -6.291838649911857, 33.07223740693834;
  -6.599069662261404, -6.531717800135064, 34.84794651836825;
  -4.416757212878263, -1.636134481435587, 24.0626824999263;
  -4.46733832458863, -1.877992026740392, 24.41696252982816;
  -6.613498575501016, -7.161527488009311, 36.35066756119546;
  -5.883022286762282, -4.475675363914434, 33.47518205216299;
  -6.515771620053024, -4.01780309079354, 37.02485393042298;
  -3.964060028650891, -2.139891494115218, 23.27984938874869;
  -6.588226435094906, -7.722370596293865, 38.09285275386552;
  -6.858912811573225, -6.18946282117386, 40.63098890811958;
  -7.089674972680746, -8.678160147970912, 42.0914091990873;
  -4.070952058168319, -1.980152184417388, 24.87125951157849;
  -3.892179659550769, -1.62695251517323, 24.80328992332396;
  -4.137682217874673, -1.070425180478815, 26.76278707978942;
  -3.823944755717188, -1.202413500510138, 24.81778388573591;
  -2.160667426163612, 1.556019370282719, 14.58223132240722;
  -2.117548820124844, 1.604945602367604, 14.52455573061402;
  -2.206775139209398, 1.806487526450087, 15.34687162042674;
  -6.358451588058134, -9.022787047389787, 44.60783609563252;
  -1.996982357604412, 1.575774302090191, 14.64710040236341;
  -1.953840459058476, 1.722824691726149, 15.24128071395218;
  -1.776098588058137, 1.652229047259142, 14.92193715637192;
  -1.696303713997459, 1.593550927587994, 15.12791392665807;
  -1.61103864555146, 1.663880674660461, 14.52024594081312;
  -1.484661697885384, 1.823691798728097, 14.43882805535048;
  -4.631696598187649, -7.95419094301309, 45.99810816185061;
  2.762920342424275, -3.808344056991432, 28.111333828354;
  3.350955016038195, -3.777550190586895, 23.67282252684706;
  4.048285462691394, -3.36217491899437, 27.40705442680864;
  5.812478982612064, -6.993644857185302, 38.12427186547072;
  6.371690857223081, -7.802225037568179, 40.89313663941405;
  3.331381055186647, -3.055408796241943, 21.68136081904989;
  6.645869670439403, -7.904983325142359, 41.58940873203196;
  3.917976350031597, -3.069275682682199, 24.57299761053326;
  6.943352078226979, -8.232722930275145, 41.81806101620976;
  6.556606077517041, -7.422315111008313, 39.56927981536723;
  6.463968877247478, -6.695840995184797, 38.83991111385783;
  3.172313596978595, -2.677556575446906, 19.42541855854472;
  6.812005988013378, -7.627282858276581, 40.01151769410755;
  2.521284178633141, 0.2909104443002826, 15.33512976789574;
  6.868975923794507, -7.446615665439854, 39.85620014453671;
  1.414201499312195, 1.728220502066422, 8.862980726692618;
  1.885244498195332, 1.729366654179552, 11.29579274370274;
  3.768016576891182, -2.81926452234596, 21.18347786422734;
  3.870863609785155, -2.558027087830519, 21.57609751452336;
  7.022507406753255, -6.896044234514728, 38.28649601406299;
  2.200212665910152, 1.749425589014484, 12.1899597391669;
  3.774481197315318, -2.989173387808366, 19.95678977777201;
  3.971231271973857, -2.514402468180707, 20.93046517384816;
  4.311002532559995, -3.141709871650399, 22.44654221938452;
  4.077229669982723, -2.638139892053554, 21.21294953506229;
  3.774803796721846, -2.861335205505474, 19.59544114197888;
  4.075712123460154, -3.145404835161223, 20.65020684672298;
  3.13122982016912, 1.41223046726198, 16.10711461820976;
  3.882608785885793, -2.464370126578385, 19.66052028703429;
  4.360956151113308, -2.358610658195366, 21.58970741914602;
  3.931564831281966, -3.786238555400575, 19.16786259775433;
  4.64616867074046, -2.582267612079937, 22.46378467714682;
  3.818518439780851, -4.128153723340699, 18.47156185001424;
  3.748456401867732, -4.155809063066092, 18.15303800693273;
  3.711231465939463, -4.174181336417907, 17.85817780505312;
  3.93609748903556, -2.516055637899234, 18.69000759247423;
  4.106862269416884, -2.819068128533179, 19.42897620115355;
  3.919211635540202, -4.134722193666769, 18.51484891554159;
  4.003266918958127, -2.604554031500581, 18.68489430216285;
  4.198030149620347, -3.727706142600852, 19.46985013479103;
  4.327119272885931, -3.68511119326047, 20.10745538434655;
  4.511956585969206, -1.811174592037068, 20.82223651212652;
  4.086128835164392, -2.488440480224113, 18.79604294671477;
  4.347746674460908, -2.138078815223594, 19.94316033102349;
  4.287227660127439, -4.07545112551127, 19.21084393835588;
  4.210291910182241, -2.414816512971428, 18.84924613270576;
  4.416954868708658, -2.115755099324186, 19.59984522007652;
  4.334262458121383, -1.647042291171301, 19.09244819879111;
  4.436479332020165, -1.7894396296828, 19.49577049777687;
  4.515110157393526, -3.62109261612166, 19.74089273536357;
  4.606540317305092, -3.371684218226531, 20.15753877427187;
  3.310761908494307, 0.8195568771500927, 14.71624569489404;
  4.324261358781683, -3.797901251462414, 18.87202635153515;
