m=[-3.691062610702756, -0.2016261083802065, 7.753740312590625;
  -3.749302017185141, -0.8911558982487834, 8.045384773552847;
  -3.682129412201577, -0.8701212977690535, 8.55798148159198;
  -3.848730359929367, -0.366743711916913, 8.967950228067529;
  -3.771779323127052, -0.3884962072150119, 9.307257792297486;
  -3.729523028768254, -0.8845150667182294, 9.302739689716793;
  -2.960217554427647, -0.093461555967294, 8.308386205546668;
  -2.858036933361544, -0.0442249874315146, 8.159474762328381;
  -3.300555926233695, 0.4720757114882179, 10.45054200410619;
  -3.020374317089116, 0.5087646441304516, 9.679627833760957;
  -4.903120430470497, -0.8728841711912541, 15.42407380281528;
  -3.069135573800909, 0.4472638106971943, 10.03655382706022;
  -2.821151956643044, 0.3598174602772606, 9.336310615461526;
  -6.036859290415207, -1.953518740277716, 20.16133511499868;
  -2.58422735333785, 0.5029132922613219, 9.321124008729116;
  -2.441881085238075, 0.587376137400396, 8.955837967277255;
  -3.479167815752202, 0.1808221826014231, 12.35149768995078;
  -3.550919897969273, -0.9382007433239847, 12.73182582453789;
  -2.303010410404347, 0.715833350554843, 8.663412089891317;
  -4.90112195661493, -1.924583497391639, 17.41134682312716;
  -3.504622226449334, -0.6953988555732182, 12.75507476237488;
  -2.211605655575891, 0.7318607165138639, 8.463662920693354;
  -3.594262184167478, -1.127636506396163, 13.58149855719815;
  -2.348967123754315, 0.5850583073615336, 9.30741134161641;
  -2.575333105233424, 0.419898654318872, 10.17073938720331;
  -3.229852634148517, -1.232759734219447, 13.02584372241119;
  -2.5231262955228, 0.4428714437318402, 10.5163723095318;
  -2.98195823472665, -1.182357212204401, 12.70587880265275;
  -2.255772860738914, 0.5435518065328471, 10.22951206356604;
  -2.199727105197763, 0.5747316881211849, 10.10895350864829;
  -2.71243389144508, -0.9533995052896538, 12.35948486691783;
  -3.40188492482597, -2.926902214157794, 15.34117406356021;
  -3.281163814090958, -3.010026170790457, 14.97124832689469;
  -1.419391518281392, 0.7631299740955766, 7.077770623615876;
  -2.645634041165387, -0.9690218323988512, 12.39741239737705;
  -2.690212153038855, -0.9475721943016874, 12.76085308575808;
  -2.074991107821042, 0.6585600979274617, 10.15778850402805;
  -2.816650755108758, -1.305844202518775, 13.48635035868611;
  -2.621770358511419, -0.9844005512420043, 12.72759045737153;
  -2.518412135733906, -0.9957392078911661, 12.53163764168069;
  -3.471187148201361, -3.481641803215217, 17.33020324296299;
  -3.400162920617246, -3.407131505645683, 17.24360301534514;
  -2.420533402708295, -1.062662829088105, 12.56063934489513;
  -3.46077502354755, -3.564402027447149, 17.7686291350377;
  -3.528503000672046, -2.74035595898075, 19.25775835580477;
  -3.612200622569685, -2.289568049358635, 19.7532759421139;
  -3.397543153000786, -4.020522470818123, 18.88874399023167;
  -3.476074230580181, -3.552129316043974, 19.45587059430314;
  -1.123157153718075, 0.7691709045963381, 6.981144492483353;
  -2.230753577972076, -1.130940032147306, 12.93587874419925;
  -3.252019645287418, -4.008540881559386, 18.58875926905154;
  -1.098225307156119, 0.7940053011581801, 6.939365139904187;
  -1.084168453281163, 0.8457145692378519, 6.965610622577847;
  -3.226338059456022, -3.509346806635038, 18.85500877767495;
  -1.047413350260892, 0.783961174881973, 7.065925431654926;
  -0.9371064068437369, 0.8203510913851894, 6.838281265513793;
  -3.568901271518036, -5.071883880995984, 24.04392665419765;
  -3.750891002763127, -0.9634826564546192, 25.94686039415138;
  -3.549036927998581, -1.152818529504364, 24.76250942524407;
  -0.7485096638826168, 0.8760617087798878, 6.670149600784351;
  -3.347931317393241, -1.467863948404197, 26.57039757518494;
  -3.065238136237163, -3.064471274431886, 25.6587973234783;
  -3.243483462941514, -1.251016465557097, 27.20235671592247;
  -2.048856342978305, 0.5699730730510073, 17.94801527301119;
  -2.240610606051586, -1.083046040679328, 19.78560107896612;
  -2.504417020037126, -1.330276377080405, 22.86453072737623;
  -3.102609640410204, -3.02160227233325, 28.22857453060109;
  -4.288955467401939, -7.321487423078092, 39.18392304715029;
  -3.051720931741169, -3.123708912646469, 28.33516745457719;
  -2.26285708935886, -2.040408008430611, 21.68298354865054;
  -3.720935781020688, -6.48012503206141, 35.61892142623863;
  -2.412765137888574, -1.49002451388798, 23.53083042283943;
  -3.067108101269859, -4.118479037822031, 30.22189176529139;
  -2.707448107056496, -1.415330554717005, 27.04657273821829;
  -3.109306356352399, -1.269142557257299, 31.09788756669065;
  -2.778367342169137, -0.1875980785178504, 28.20796877867925;
  -4.438028697592676, -7.909903274653597, 44.40308468766933;
  -1.77405593153369, 0.6531961937069535, 18.67729460598495;
  -3.994647056348245, -3.78266325591619, 41.43590617672986;
  -3.092399801521495, -4.036136037176433, 33.17590586618895;
  -0.9147887489444921, 0.7976218274701499, 10.48230348432028;
  -0.9355398712214671, 0.7388300882192805, 10.72052274448633;
  -4.307406055279758, -7.620186758471624, 45.81611389235149;
  -2.716994949178977, -0.02153198674125502, 29.27539127572647;
  -3.385113851514668, -1.292565699927604, 36.79729007213521;
  -3.401113280660004, -0.5818122544585805, 37.04632914060171;
  -3.366547215511078, -7.229629437263868, 37.74289501690255;
  -0.8514933392877441, 0.8981154148190775, 10.22803978694982;
  -2.509510578696123, -0.05731497035763514, 28.69064409954118;
  -4.039199699742967, -8.557467839164184, 47.57325020630429;
  -1.494470234148487, 0.5925796732173616, 18.48750976513305;
  -3.498705097817234, -7.906492143090447, 44.44217433183379;
  -3.589202419113367, -6.996169733556552, 45.64350027056226;
  -1.303006810205354, 0.3608780838649062, 17.39992349054411;
  -2.989116980828387, -0.4149949802992063, 40.03884311388369;
  -0.7147238832523187, 0.8246843539621014, 10.81935998242302;
  -2.354521619247197, -5.708113651347577, 35.43667731005672;
  -2.760870611393802, -7.996839578562383, 42.09562542093334;
  -2.936392959639311, -6.683487015777907, 44.75655837829391;
  -3.193694406387058, -9.208490605333992, 50.25417046005979;
  -2.686276500054928, -7.504745956889529, 42.64594386563817;
  -2.313802378582863, -7.559488230777995, 37.77444839563385;
  -2.455870497821452, -7.836141569140332, 41.25784598862607;
  -2.118363155603083, -4.91342465227897, 35.34382493661811;
  -2.123380825281693, -7.490380327864232, 37.41425127876831;
  -2.609384037530337, -8.33367783472405, 47.4859762699135;
  -2.087877995442829, -7.905460609140206, 40.01314423068996;
  -2.241581008114633, -8.673941948245581, 42.74490852650668;
  -2.599168351009088, -10.08119668348158, 54.87072258044679;
  -2.467134416053377, -10.56748214085054, 53.74017761439396;
  -1.844442097249951, -8.533559182044526, 41.75994035543967;
  -1.576585373670539, -6.998390884158324, 39.05612112120363;
  -0.5012273369275939, 0.5119381593687215, 13.40515910581972;
  -1.525358607695198, -8.324280042173415, 41.27054022379754;
  -1.525733133897754, -7.736177167264301, 42.30908444833237;
  -1.432720689491001, -8.018406530265006, 40.7925549191088;
  -1.298908827739711, -7.226713232473224, 42.23737026388088;
  -1.110254842650519, -6.155843054361563, 40.46369933164633;
  -0.9887666243576357, -6.873818405641199, 42.65179649518193;
  -0.5233581039681563, 0.2509449618567634, 23.92002089850081;
  -0.9224044118087749, -6.378210723144837, 42.47435849587291;
  -0.914885897296732, -6.827062765983582, 42.42121470420057;
  -0.321146556000754, -0.008338487429998076, 17.16781958365922;
  -0.7618424973429762, -6.323662565767313, 42.4236920773543;
  -0.6747932593784162, -5.452331552892495, 38.31782084041706;
  -0.6677992000088073, -4.851147884502748, 41.85178097320835;
  -0.7501841100457842, -6.06144504796893, 49.95262894383247;
  -0.5932248924812519, -6.172706059734658, 44.15766639593879;
  -0.4256367781705187, -6.069705741383715, 37.139942588883;
  -0.3421331014933483, -4.916189136817954, 36.57345624207358;
