m=[-3.719857816798982, -0.9299011740984624, 8.079093661182025;
  -3.81211740694722, -0.4342761353755908, 8.839746631629021;
  -3.830064358381786, -1.956741544980099, 8.941283528922122;
  -3.792895248117725, -0.9563207843077612, 8.894962981073656;
  -3.011692068019054, -0.1448160382765114, 7.883391300160203;
  -2.879690080584687, -0.1822532789943372, 7.775990912322325;
  -2.873309065717066, -0.2148345103248722, 7.910462795415938;
  -4.875832707403679, -0.9651060225047901, 14.7101361368335;
  -4.773426857652741, -1.517979253097475, 14.92502298496403;
  -4.709669231789953, -2.183853580430157, 15.1276611338766;
  -2.425448707690493, 0.5190403100356916, 8.333255878607638;
  -2.331624299467038, 0.6073055909820296, 8.246297078293598;
  -3.784805824178921, -1.072863120163891, 12.9190992407461;
  -3.398300302038317, -0.7513201148402237, 11.78922094157209;
  -2.79835140077382, 0.3531761342803705, 9.955270436770139;
  -2.489258198882907, 0.4527357373629493, 9.051968660805784;
  -2.335257991593446, 0.5408947201512324, 8.632006512951458;
  -2.371622458677285, 0.5269181861034455, 8.828735827274242;
  -4.377205062373365, -2.036716201021386, 15.54714001279334;
  -4.132183172959541, -2.296799789408027, 15.27227656388541;
  -4.268515145710794, -2.168757384266233, 16.44185854061073;
  -3.820939661814661, -2.221350677541983, 14.95637833606869;
  -2.937312362784978, -1.237063615120634, 11.89446760126404;
  -2.227099428115437, 0.4670124866394822, 9.521975741897901;
  -2.220051282270092, 0.5086506206338016, 9.595441592629722;
  -2.7460986864012, -0.9677302042022223, 11.83261356229626;
  -2.758032330219101, -1.049132819993296, 11.91987194179309;
  -3.40983016015247, -3.014693535359069, 14.67083758435209;
  -3.395676125257798, -3.194617674844771, 14.79420457278192;
  -2.673247859355936, -1.059457042387367, 11.88588433657026;
  -2.585916077114118, -0.9783922716929009, 11.65619302540694;
  -2.127630038501056, 0.6008616848840834, 9.784171416699337;
  -3.157997692776276, -2.810785683116344, 14.13029767338144;
  -2.71078343337147, -1.33504256100544, 12.35293454927472;
  -2.61898852546064, -1.057240455014615, 12.05888440131748;
  -2.524121150184574, -1.081633871086669, 11.91085303425679;
  -3.406595610010326, -3.474239770300279, 16.05419870730735;
  -2.420081025688443, -1.020638351333127, 11.86265273930004;
  -2.399205557875924, -1.124875759487059, 11.80663374728215;
  -3.366667022534807, -3.452587397927159, 16.40426921030955;
  -3.471349782918063, -3.674261316472932, 17.13608955448757;
  -2.30572973940269, -1.082485485526957, 11.70640253117253;
  -2.324601813283627, -0.9339588482721277, 12.26490223690778;
  -1.12277208894727, 0.7571758511401677, 6.493217978294856;
  -3.494321071244343, -2.809528215956096, 18.31231779348811;
  -1.114797690582394, 0.8146994867725123, 6.560740774662653;
  -3.239460235902979, -2.245454034525515, 17.23886791517144;
  -2.077374241237298, -1.113321699292241, 11.41661351377766;
  -3.488251331033395, -4.208627965161811, 18.59023221521965;
  -3.581295700538179, -3.752154395356351, 19.21688720082673;
  -3.506958897113958, -2.583097913494611, 18.90425954612623;
  -3.534995104198866, -2.853468581397712, 19.12742382361646;
  -3.510939347853531, -4.426988510446596, 19.21582598887059;
  -1.063806362851774, 0.7424616758333273, 6.579112143772003;
  -3.309619655839028, -3.681349656836418, 18.57572015851028;
  -1.961153118743355, -0.2784965782987935, 11.54957629000565;
  -2.083251340888374, -0.269534298093115, 12.65266913549961;
  -3.619168267029182, -5.128885844961871, 23.16494153025295;
  -3.322882307277819, -0.9962701521096329, 22.16981676158791;
  -3.374027919875714, -1.238900561318167, 22.64995276090989;
  -0.8111202100439334, 0.8924318081872894, 6.532982362189216;
  -0.8618760309052622, 0.7468221782593327, 7.00472220324219;
  -0.9233907145198103, 0.7969637385715919, 7.662444442621003;
  -3.051590465454233, -1.480043566409535, 23.31452338912139;
  -2.993255269886562, -3.112051752496662, 24.07575939286951;
  -2.82501392930626, -1.225217798216018, 22.77239703034929;
  -2.110783355614956, -1.118092151075376, 17.7607475916144;
  -2.68476243024295, -1.555840809314288, 23.38382441726646;
  -2.688455178220482, -2.730128209158295, 23.50402549445796;
  -3.752039415323994, -6.489152126756747, 33.0138571712716;
  -2.280378921108674, -2.163212295807655, 20.91451042401193;
  -2.860555043156809, -3.928543059104993, 26.97023341767449;
  -1.755065174917005, 0.3369109373765608, 17.04334408341433;
  -0.9254078849732673, 0.7198270769865131, 9.834942097720738;
  -0.9682680492486002, 0.6732680118532908, 10.29452436106376;
  -0.8118600475795524, 0.7742672850903742, 9.026383896537373;
  -3.194098268099676, -6.892624078581187, 34.26167384078427;
  -1.340710336613794, 0.4060652505727338, 15.66629997898537;
  -0.7046406495109991, 0.7224544714596477, 9.865355239386085;
  -0.6212928202692171, 0.7609175332025558, 10.55338755692342;
  -0.4301894211018648, 0.7350497267670506, 10.4706594293343;
  -0.09547061656073835, 0.7787424245016601, 8.965513551434086;
  0.2862742047784821, 0.7410260840448536, 8.810012578166925;
  0.5539319409276063, 0.4403760770916079, 7.474970687205698;
  1.699574589843497, -2.953100507446509, 19.24745601257282;
  1.787249843680553, -2.388476491252414, 17.01218798817512;
  1.80185992085616, -2.748075239451177, 17.14340020622383;
  2.198161638044539, -3.328910284371495, 19.58261292149426;
  2.145254820213, -3.290936299472745, 18.504147075589;
  1.998956161677297, -2.497333678719967, 16.56790830385176;
  1.958182933840607, -2.27870891670158, 15.89669961349865;
  2.23756169657305, -3.396028032666456, 17.78837957275024;
  0.989317340711566, 0.7196775767119951, 8.301074508173056;
  2.258887709661563, -3.214224307722572, 17.26215286630579;
  2.37231152647393, -3.231518678702421, 18.02938421111357;
  1.009948549519974, 0.6236353648387416, 8.148308159658567;
  1.019449112781569, 0.5770232595551165, 8.206559295855621;
  0.9809817367660397, 0.3289159553431546, 7.945938979448799;
  2.229879475283433, -2.166730089995558, 16.50225985427751;
  1.058275353245388, 0.7318794053736086, 8.322881138769754;
  1.08582649790071, 0.5710669120732825, 8.485734498977898;
  1.049727851214997, 0.26334058046584, 8.065920375095573;
  2.122594062230837, -1.663013013196486, 15.24285830648476;
  2.07100615107703, -1.839972547442545, 14.868685166203;
  2.395690609300366, -1.901050834723273, 16.39003970307058;
  2.762256491983091, -3.827248965411064, 17.62167180647788;
  1.01476659891526, 0.6789519611830022, 6.999668582812146;
  2.838145943241295, -3.781886916649714, 17.7039043187148;
  2.450547475269843, -2.068694514631612, 15.30219776692898;
  1.019317043035967, 0.702095864959256, 6.896626870894889;
  2.552866229423292, -1.422438133080884, 15.59606705597419;
  2.613298047851434, -2.007588961842388, 15.52430582130258;
  3.023623667630762, -3.718496115475619, 17.66635231872286;
  1.047874130498099, 0.3430650434906066, 6.746233154683326;
  1.059496072048369, 0.2539976696981162, 6.763487900442412;
  2.62115570917429, -1.959385366730701, 15.19775089459849;
  1.072161922164067, 0.3683959388498227, 6.783547303352041;
  1.065538249433543, 0.4797020735102913, 6.693813914619974;
  1.486429078697574, -1.494508530016258, 8.949381304280564;
  3.089232165689097, -3.639466478848577, 17.36149090340357;
  3.238546342267875, -3.811774887788507, 17.69519192219457;
  1.123748359442841, 0.2801528978123009, 6.796179325722648;
  1.171867663696142, 0.3730473951101959, 6.982283259465281;
  3.158701828957077, -3.832385274197427, 17.22579473381374;
  1.249505366315075, 0.07545727474666636, 6.788586615204954;
  1.373114506297174, 0.2039235417626464, 6.916887728886436;
  1.859843500413131, -1.462908103143688, 8.993628885473211;
  1.92436306644089, -1.370302286347163, 9.17881500459427;
  1.972370898310682, -1.717887511582387, 8.92806479333759;
  1.918785588315467, -1.582512254207655, 8.643610113251787;
  1.319865143082138, 0.8137181021722445, 6.131397688527378;
  1.886696147109614, -1.321330793193191, 8.120278071996895;
