m=[-7.684253564148109, -3.177797363267279, 15.56343899567326;
  -7.651460282309874, -3.868223776545112, 16.55210845476844;
  -7.528840885781488, -1.882082145094807, 16.35175688750049;
  -7.668837703038119, -0.8736334286107488, 17.78292088548978;
  -7.86283121936459, -4.017041769657797, 18.35577595936347;
  -7.466522484041703, -1.882569955374805, 17.51022286361959;
  -5.833136678307568, -0.2276834760233451, 14.71038261175371;
  -6.009447231051666, -0.2889619259133194, 15.73030142195294;
  -5.6143927445648, -0.1890330337586797, 14.95892279213515;
  -5.731782913635529, -0.3627599502935712, 15.4774613241661;
  -7.73360602714436, 0.3995630127903259, 22.81118797659765;
  -6.608549078130544, 0.8065731329126166, 19.78963007629916;
  -5.753751375524955, 0.8581045920450122, 17.41754451287971;
  -6.310565387752604, 0.8862074051649538, 19.22267368378597;
  -10.58248139238703, -2.09466098156514, 31.92680128486459;
  -6.498363392562167, 0.7995644507825408, 19.99294044960204;
  -10.38686443924613, -3.303087109889175, 32.47649856599767;
  -9.556152403918453, -1.60916503899892, 30.77801195798305;
  -5.920337195411655, 0.7892215181541733, 19.64308109465958;
  -14.40919750708824, -4.999253960196059, 46.48727886357645;
  -6.395966529081191, 0.6074014732776052, 21.3152378716573;
  -5.404879924103836, 0.9201865227095176, 18.26232068069667;
  -4.833432024043685, 1.034343067466843, 16.60650489144555;
  -14.63391289034625, -5.533701961014479, 48.68842678606435;
  -5.114317492354799, 0.9201270226810315, 17.62748120217123;
  -7.307817740840765, -2.071516613333351, 24.94458818047509;
  -4.550820125472906, 1.297902533068985, 16.01318934729677;
  -4.49628819733005, 1.171123907710695, 15.90210233839302;
  -11.49989264516927, -4.793980559766408, 39.28247434698631;
  -7.041192928116457, -1.556716419732402, 24.4269698802104;
  -4.496384879782453, 1.366814750918755, 16.03769495926599;
  -5.682879692096639, 0.7172285370165116, 20.21711932919027;
  -7.519371246804762, -2.963166883301645, 26.8377856667124;
  -9.906921047647597, -4.609696441556049, 35.18781652417099;
  -5.229098401555405, 0.9510462681749979, 19.0151567548882;
  -7.605473333072778, -2.565649311421345, 27.41575542844725;
  -4.649554761802327, 1.076934381882519, 17.18653233633357;
  -4.583303583595647, 1.01830120632968, 17.06206500436565;
  -9.073504289638326, -5.043344370116138, 33.53507361962096;
  -4.316122313065541, 1.117789905215343, 16.81195660174796;
  -9.607471129790092, -4.881386909870564, 37.00693938212698;
  -6.290849950362854, -2.649422540270368, 25.47441391219924;
  -4.49276074935024, 0.6386949724592701, 18.45394453020515;
  -4.430055623508177, 0.9289622486394618, 18.9407269607169;
  -5.890434422388179, -2.15944935442946, 24.94306767596472;
  -4.462310263849724, 1.022389394017433, 19.2868686624118;
  -5.85536337640162, -2.227332081593725, 25.30615064031099;
  -8.146619488504229, -7.202576067872463, 35.05093384827671;
  -2.944611272321457, 1.423112389482518, 13.38489186125193;
  -7.303314957580835, -6.870884674454819, 31.81891663290066;
  -5.674608872604741, -2.248951331554942, 25.23063638824177;
  -2.78777584120685, 1.464796406021295, 12.88087964309814;
  -5.53016462482949, -2.092361147373719, 24.92759409316476;
  -6.466669869437466, -5.755679659941522, 28.93478054770431;
  -4.284881461452718, 1.210088712730767, 19.70456045479909;
  -6.087386070146828, -2.997996589793972, 27.73998128178241;
  -5.717869546048489, -2.308205225723646, 26.32738830556157;
  -7.329719154098133, -5.445968389335896, 33.93351405033936;
  -5.561006876725715, -2.382997105655006, 26.24134567642598;
  -7.366755244760451, -7.55064824436147, 35.27012170483641;
  -6.795818172248503, -6.969253574249778, 33.11299574792615;
  -5.139984823573833, -2.409899524110965, 25.2941720976387;
  -7.575512079585263, -8.018325068669849, 37.39601640136406;
  -5.073850328524214, -2.038528655554934, 26.77029583666558;
  -8.251928104107423, -6.634772355442129, 43.24500432858601;
  -8.628313038848901, -5.723231283852484, 45.34463687087704;
  -7.54500316129089, -5.229870581913758, 40.15092127864605;
  -7.922222328998307, -9.558281005564506, 42.22056806699369;
  -8.720508845718822, -9.136552335036372, 46.79340909961919;
  -8.246774066787028, -6.074272755950931, 44.45422998972176;
  -2.207784594769672, 1.4157710689623, 12.60186459583787;
  -4.711381578137472, -2.524958305761047, 25.89231228817532;
  -8.221040223256793, -6.636071420751366, 44.48303773729499;
  -8.705838440952144, -10.97730348872642, 47.64818186643758;
  -2.182917064495647, 1.472117184376777, 12.62425069864329;
  -2.149041651238851, 1.570529922251972, 12.64741154995156;
  -6.578274413118389, -7.31713331789779, 36.92151888462164;
  -2.073357859136503, 1.447057288292587, 12.82268497893046;
  -2.12015844254491, 1.423158406828243, 13.30824280717184;
  -1.9300584150778, 1.57768339503693, 12.81643740572944;
  -7.366480651872789, -10.43937047270513, 47.15008559810542;
  -1.678941629188083, 1.540011660493935, 12.71327114557463;
  -1.632071611711111, 1.795680346137103, 13.14514781053341;
  -1.798818007419959, 1.498367891830797, 15.91413116967731;
  -0.7071694197802145, 1.577867315113268, 9.385873773204731;
  -0.08232619845191334, 1.617968209053855, 9.90071184242894;
  0.6050821178965842, 1.602134511248173, 10.28994663057251;
  0.7534392984016831, 1.631261233090112, 10.42940829650471;
  0.7570102702389883, 1.643366431997483, 9.269846216808805;
  2.084816289391314, 1.394892293362431, 14.38066950310215;
  2.054849769475215, 1.179402900934264, 14.07625031590509;
  2.051265715927608, 1.412892276181282, 13.87871845414891;
  2.096857206810824, 1.30792699599165, 14.07640304345912;
  2.066509924730162, 1.200381371881927, 13.87544689865849;
  5.121795322428302, -7.096511821296477, 32.6742272101564;
  2.132204845070054, 0.8529726889154796, 13.9626399085047;
  5.374322942814006, -7.16139410366843, 33.52417425327719;
  3.733364413403896, -3.691408833111368, 23.23978743896422;
  2.152633670007454, 0.704753884199254, 13.85869563130538;
  2.151567371213721, 0.5158047423717471, 13.73492575017904;
  2.238138027634207, 0.4032977347047672, 14.23197129611152;
  2.204246470393063, 0.7573813536278516, 13.94622387817836;
  5.541377212526982, -6.947816359369173, 33.2540767980931;
  2.20685548373781, 0.9935196151328877, 13.86367871116098;
  2.446813941008129, 0.0218464837872463, 15.22633017255664;
  2.220263874782137, 0.6184876036236174, 13.78110284293884;
  2.373235400863089, 1.525537212377634, 14.54135914883553;
  5.48716692077188, -7.11606576697693, 32.16894280994436;
  2.382122444331849, 0.7583147826510459, 14.19328664859169;
  5.698569410084276, -6.915801391358836, 32.35222891358395;
  5.818885773481719, -6.855308562447142, 32.7021495976533;
  1.737457204269876, 1.625002612944588, 10.38417983372063;
  2.463082424394589, 0.0889090746921988, 14.27579896236358;
  2.23955034810395, 0.4281225063886604, 13.05204322547205;
  5.803535740983329, -6.830772037793963, 31.71011556132345;
  2.588439496361858, 0.3844134974291746, 13.03893106309919;
  4.170853656156762, -2.969985446468551, 19.89411186939058;
  3.857831331179457, -2.925902065397197, 18.02947902920316;
  3.741982726638952, -3.165808668130445, 17.43617263204357;
  2.239469521932272, 1.703026820198319, 10.60502424049823;
  3.916589941057568, -3.230194980707255, 17.64317838852747;
  4.262172737969063, -4.391907003935652, 18.90413165600912;
  2.306876090931004, 1.687056753358415, 10.42916931802332;
  4.277832258495465, -3.407405518875152, 18.30234939319653;
  3.886195248549794, -2.905450134861622, 16.71475633289041;
  3.816844157726603, -2.673092710847985, 16.42757153328521;
  4.082169665762348, -3.71348230705597, 17.26259289490645;
  3.84432385793394, -2.722446722735398, 16.22936726312898;
  4.096412690433501, -2.250958229769728, 17.20341244797617;
  3.204066084742721, 0.6435438171360556, 13.61714443131265;
  3.814589034507036, -2.539039561532876, 15.88461198087924;
  4.174799948477498, -1.882949699072847, 17.04605229803546;
  3.944548642147238, -2.946368022148796, 16.11425222948409;
