m=[-7.435221933786757, -1.901437619394963, 13.81135500939041;
  -7.293028811285462, -1.086685803371136, 14.26451391097365;
  -7.193667555158529, -1.63221648160205, 14.54128879482115;
  -7.280111457253425, -1.852531271183578, 14.76026036470919;
  -7.889793863125076, -1.650846955562043, 16.72741929213725;
  -7.489076565046941, -0.8811858954004582, 16.2943293753783;
  -7.469641433498302, -3.839194267440879, 16.37218095039204;
  -7.649294079302427, -1.972345617212845, 16.81357067217539;
  -6.037069483298985, -0.272588356603412, 14.11746535833587;
  -6.270958142561126, 0.01838243860250171, 14.84247877552632;
  -5.90936600695781, -0.3209366336031667, 14.40517556450128;
  -5.774946699994845, -0.2272147055284928, 14.28295057547592;
  -6.014899440364328, 0.334749654031088, 14.86771025157283;
  -5.92960401187227, -0.01738243515219205, 14.80569514677768;
  -5.646018320986538, -0.3921752085317473, 14.1820027142592;
  -5.760064791372031, 0.159080915770937, 14.48376955437555;
  -5.441917937836956, 0.2750180793567227, 14.07189808437521;
  -6.952497403678706, -3.628719454876917, 18.49135732383646;
  -8.038342649729735, -1.283798209958333, 21.39139148384179;
  -5.939303173767192, 0.6729080849856511, 17.23531067132702;
  -6.270493537056849, 0.6045509854012056, 18.26540371810475;
  -5.667180316409996, 1.031780770106667, 16.71321174208187;
  -9.462561122936901, -1.947458579294692, 27.40462238513117;
  -4.776010648083092, 1.142940544330872, 14.47368758428671;
  -9.268700153891556, -3.014582437779783, 27.82198424495689;
  -10.0024695461564, -3.74325328612497, 30.69114085853095;
  -9.150117238256375, -4.306710905430894, 28.22467724746491;
  -5.076473854768381, 0.8532956264766634, 16.19070679141816;
  -4.73161296223522, 0.9666096908432792, 15.18028128539439;
  -5.365170221785819, 0.6508929144179632, 17.21340432831303;
  -7.417828389034471, 0.1059538142283064, 23.81106329877175;
  -4.6848010853845, 1.17112069291753, 15.42804613759527;
  -4.328305497451648, 1.274028619027541, 14.39016359606984;
  -5.217635473239181, 0.690010129099045, 17.24732369431959;
  -7.931809492837235, -2.311973902927971, 25.75397001250507;
  -6.606777249457822, -1.506410822999957, 21.78201544662956;
  -4.969750632501442, 0.8627767035610142, 16.71176799244237;
  -5.442069235006805, 0.6327422326885592, 18.26249568639903;
  -4.69066724588564, 1.083551051158817, 15.92471418951522;
  -9.909158551422001, -4.227533807055764, 32.65881841121771;
  -4.626110466802641, 0.7991730163054529, 15.82798167314616;
  -4.553723645702705, 1.005292108685623, 15.7423298973958;
  -4.762387997005655, 1.007485819739785, 16.57439421794556;
  -8.207063788632555, -3.867069644879061, 28.00860560450575;
  -4.436727404284852, 1.232065147304369, 15.64324000207749;
  -5.221972424085103, 0.6545954135448187, 18.28616438042656;
  -5.199398752126261, 0.6863230256254194, 18.49727453379241;
  -8.005395499970987, -4.507982255795169, 28.39650129389428;
  -4.413839353870128, 1.209457788722064, 16.26669508007779;
  -4.789357612058698, 0.6497419173105772, 17.748586477564;
  -8.104651518779422, -4.162297152242394, 30.00785734242903;
  -4.689457873945918, 0.8379651419174182, 18.00952645461804;
  -4.518703323863611, 0.8745736917314532, 17.58080086625136;
  -5.653413967619537, -2.428525320658947, 21.76459058623022;
  -4.401528680651713, 1.178802508735755, 17.3649622339792;
  -5.562490384954601, -2.113021694457264, 22.03428155401513;
  -4.358284356197239, 0.859559072929295, 17.50286362588027;
  -4.304732493106751, 0.9321952217988617, 17.49339888555182;
  -2.645970365643177, 1.34939444435827, 11.19770087907379;
  -5.30650617442243, -2.061297696871585, 21.7811987592543;
  -6.201906998099588, -5.518320952815625, 25.61067249606394;
  -6.674452781049166, -6.320736886379351, 27.84762104755642;
  -5.147424744796648, -2.083336321800884, 21.72895208646526;
  -4.938524361708905, -1.909944129796338, 21.12225585570189;
  -4.128940527099553, 1.105560282112574, 17.85837724831693;
  -6.473009861763122, -5.823663806182212, 27.69374620973546;
  -5.081258957759489, -2.538489324107931, 22.04300834430112;
  -4.963261836505201, -2.049442272118177, 21.72457716581317;
  -2.529799883502062, 1.442430163941445, 11.59272395196509;
  -4.746080126013641, -2.067967204734382, 21.27321857520702;
  -4.601355786951748, -2.199077037413137, 21.47983461817263;
  -4.449075294830637, -1.851863739053759, 22.32309015910843;
  -2.181246494126075, 1.429708000490694, 11.52375950513562;
  -2.187141474984324, 1.557831848201303, 11.76647416753224;
  -3.826737893436206, -2.081056236102393, 19.93197105653115;
  -2.059033644187867, 1.394458161471803, 11.639644368554;
  -4.069961637106486, -1.969006887484344, 22.03173832039645;
  -1.956598092809753, 1.432037453644107, 11.64983985813245;
  -1.898331165626854, 1.507677186574462, 13.16957021841635;
  -1.56408180959362, 1.646060260216666, 11.40481970145804;
  -1.995529760630638, 1.353240877589876, 15.08001694942937;
  -1.427544897547777, 1.505129483371554, 11.26894832232325;
  -2.010518180328097, 1.209190088993835, 15.90797466856222;
  -1.849985886772725, 1.478872391313114, 15.1227295258712;
  -1.907678321288094, 1.400351312068375, 16.03827630865765;
  -1.900412724615455, 1.272233329448329, 16.55080305243391;
  -1.741096636203145, 1.277071930306712, 17.22778287501801;
  -1.427383800093664, 1.296337999543872, 14.79256523961743;
  -0.7545056362661022, 1.62269041532284, 8.731978831244575;
  -0.5197226293257159, 1.589336407029806, 8.909539325778297;
  -0.09805568848680876, 1.582894116749259, 8.796226048438248;
  0.3324845036092857, 1.567280321660732, 9.196109745330153;
  0.3823834373047376, 1.59087989594843, 8.914812172482442;
  0.5648304714824031, 1.596864978070448, 9.687780869027797;
  0.5931759561906163, 1.607161760356532, 9.398030615377147;
  0.7428770197662769, 1.62260689543392, 9.470913850170886;
  0.9436325205778015, 1.652069281358042, 8.517878773860515;
  1.87579905487599, 1.34553730661706, 15.10435234026153;
  2.129975497130851, 0.9409217503920581, 16.58108830166538;
  2.120067123335844, 1.289690271356549, 16.28747370511569;
  1.836149109135836, 0.5654820549291534, 14.21271361951493;
  2.292290096596416, 1.735941465896313, 17.351093962152;
  2.185170767031745, 1.110194098088895, 16.28990155319504;
  2.245941475737505, 0.7438375666098911, 16.4005431393707;
  2.114201661617116, 1.076769987289563, 15.50330614322357;
  2.272509185726473, 1.455095444505716, 16.48036274607113;
  2.073373750310909, 1.528404688181593, 14.68717772633317;
  2.160593906523722, 1.437923328837257, 14.68199479856047;
  2.187889234137119, 0.7530753847578237, 14.74524039041483;
  1.175247032740108, 1.646386225609037, 8.380630151948362;
  2.154442851226129, 1.074996589757099, 14.52725243506051;
  2.054743282082606, 1.363040120263898, 13.35380860246842;
  2.111416781433176, 1.440181536136288, 13.40534082407385;
  1.47596629788527, 1.643998404341054, 9.579335158449133;
  2.17291977098893, 0.6886853926094223, 13.10766702201891;
  2.360853353739876, 0.3984084781473443, 14.09647576617478;
  2.233891448547101, 0.5065146212161623, 13.340756289043;
  2.213927503237054, 0.7396483584923762, 13.13382514103038;
  2.670911696995253, 0.08573718042572381, 15.60617827470614;
  2.171997643165519, 0.958180071649329, 12.78555181716799;
  2.316243759549563, 0.7612742416081136, 13.29039783723324;
  2.44784212443639, 0.7624583961830719, 13.70167682962423;
  2.217495449337364, 1.605702142949309, 12.26284018914322;
  2.567906392031919, 0.06445461739722104, 13.96575445696643;
  2.462111469716878, 0.4360013256735845, 13.34500776822754;
  1.775536973764857, 1.657793870407079, 9.662161979827376;
  2.321842336211744, 1.612773981665995, 12.1800052429995;
  3.851396172725879, -3.122327608144588, 19.49396075363916;
  3.830198820735163, -3.048929178916529, 18.87277864959674;
  4.050364498545618, -3.963554513143536, 19.68189377813337;
  3.419903532660741, -3.774543196454595, 16.01856923281394;
  3.124321357441892, 0.4277646257679593, 14.62734257574196;
  3.592040080977375, -2.663404370125787, 16.50504847695995;
