m=[-3.69475074821259, -0.8383252381908544, 7.468573887059037;
  -3.721573486598935, -0.9470090262235155, 7.545405582200094;
  -3.861226795098521, -0.9956047796598604, 8.487189657977785;
  -3.172387478159158, 0.009299411144975204, 7.50859641252402;
  -3.008507843765969, -0.1633915344573554, 7.333795812545849;
  -3.005474754470487, -0.1182501063275511, 7.433323561926714;
  -2.874760872438325, -0.1996823036221416, 7.220994367698524;
  -3.039422817076543, -0.008909965979540009, 7.589169118493388;
  -2.874667857314299, 0.1452770221708497, 7.433414758664092;
  -5.380821192979236, -1.128796808574034, 14.2800143478473;
  -3.101832400532636, 0.3514297956379549, 9.00123188014642;
  -4.920790234895535, -1.012731652176907, 14.25115214282482;
  -2.688214965053586, 0.4299312860666318, 8.525129042579705;
  -2.457940756811159, 0.5021267322612893, 7.885732068330926;
  -2.307457726391885, 0.6342001715711031, 7.564653445548363;
  -2.797743092230654, 0.3394172188051467, 8.976170571020802;
  -2.386792807060029, 0.5224875774907002, 8.105696635045145;
  -3.902924032233893, -1.137629252919367, 12.67249151382255;
  -2.814878840018809, 0.3272822606747038, 9.446170280763642;
  -3.505123799084307, -0.7992030346306341, 11.55611243594882;
  -2.291146937066042, 0.5057996740415501, 7.920548924996466;
  -2.487627047316836, 0.4297442581870014, 8.511278664248415;
  -5.650347475290626, -2.189685721641302, 18.21988595035468;
  -2.283239363296783, 0.6340483392679436, 8.050361919406537;
  -3.335047270254633, -1.282386933708241, 11.46851202539788;
  -2.240892229351359, 0.5557537162888321, 8.152826366996798;
  -4.535089906998744, -2.136879762095076, 15.47709971037846;
  -2.540186466235517, 0.3446110644865366, 9.413521147722184;
  -4.23693530483689, -2.385894509924715, 15.02913114865882;
  -2.405734378793032, 0.4298837102986126, 9.23905024893649;
  -2.357869726442033, 0.4563545520649636, 9.173702090646735;
  -1.504150414395814, 0.6994608616074546, 6.272583418527498;
  -2.292730085194137, 0.4521818186792465, 9.207600682374967;
  -2.836571384661412, -1.077527592654915, 11.23630032813122;
  -2.784139101957154, -1.081491160096321, 11.42783691564081;
  -1.307872069746956, 0.7457167407913671, 5.9932803254275;
  -2.143716244049551, 0.5739989520279148, 9.271941106517875;
  -3.38837276978186, -3.01489984567113, 13.99222937848879;
  -2.685178675738585, -1.086782331562264, 11.33501152157727;
  -3.416243026999033, -3.235197554307182, 14.25348928864125;
  -2.606844451653211, -1.008181167704986, 11.14957251416342;
  -2.720401902751868, -1.359055156374769, 11.80137488380501;
  -3.503223551482393, -3.151794395100168, 14.9879864271203;
  -2.621605980986572, -1.082519982877815, 11.47497015237117;
  -2.5389898233132, -1.106291412778173, 11.38044112983286;
  -2.410071329738578, -1.15181976033783, 11.25058264948442;
  -3.416043359274655, -3.521228549953825, 15.69297934203394;
  -1.124363058238933, 0.7369689139440623, 5.940130798832753;
  -3.745127423035091, -3.857054959433194, 17.46341392555515;
  -3.525066713487863, -3.728540738319494, 16.66653633071345;
  -1.133636973023427, 0.8074538392113266, 6.098787074821121;
  -3.188149132235091, -2.144625079318476, 16.13621496581374;
  -3.472070423593503, -2.819352457850103, 17.51310750531118;
  -3.38440609376347, -3.549570041319337, 17.24726464735452;
  -3.415193502814141, -2.399605734948789, 17.46058484335957;
  -3.428323573631864, -4.151151219298504, 17.58702542983801;
  -3.436472551781523, -3.619821030370211, 17.77780653850694;
  -3.601173059439937, -2.687231554139327, 18.69213906681319;
  -3.503238033350375, -2.85872775908495, 18.25340522223291;
  -0.9826954970595524, 0.7802810077412863, 5.95986470264819;
  -3.562094070256917, -0.4077081998011681, 21.48182175055996;
  -3.46781950811411, -1.246748623942967, 21.74237703425544;
  -3.350036238109029, -1.061661255233431, 21.58086099686481;
  -3.375048788868456, -1.295795995074718, 21.88769341347969;
  -3.048433008097593, -0.8689983041034215, 20.73056106941077;
  -1.041065158829795, 0.7059839231452276, 7.86722430822195;
  -3.134708280487306, -1.572943703556932, 23.09301294349039;
  -0.9962185296315287, 0.7312846770384091, 8.375430943329461;
  -2.975395607116367, -4.842146302148685, 23.02475703278532;
  -2.734682824193798, -1.233725307781297, 21.25136338350636;
  -2.009466441595382, 0.3743526839187669, 16.0021901938266;
  -1.113829906561811, 0.6722935809871844, 9.438339816188568;
  -1.967821577709137, -1.072642828244662, 15.84754849188409;
  -0.9444677090360202, 0.752014373186483, 8.536009529239378;
  -0.693668446109442, 0.7801620387245708, 6.865842517497458;
  -0.9409868765202357, 0.6902017394115336, 9.310866071330775;
  -0.9858086280752734, 0.6434867285377436, 9.766133485356491;
  -1.933194885639297, 0.4946190058387885, 18.42173855192307;
  -1.584962029739828, 0.3111317263295495, 16.8812011022424;
  -1.361780198030944, 0.3554117698260708, 15.10004031797067;
  -1.255149299520488, 0.3850521906643359, 15.13849734050161;
  -0.7208781614404438, 0.693243925942666, 9.345635281045656;
  -1.177132883339479, 0.4671062177757242, 15.96614384312973;
  -0.9785667048767738, 0.1396046355207528, 15.29765780995728;
  -0.9756968649894919, -0.1427691266016199, 15.21754817276975;
  -0.4890763251939792, 0.3238886176157155, 10.68304487281182;
  -0.1862381278808148, 0.5880996546753589, 16.64223859874051;
  -0.01642669501590209, 0.5944664131655298, 16.32790055502503;
  0.104789656057998, 0.1817302840006238, 4.600550228955122;
  0.2759033248760441, 0.7346295179691151, 8.475261071160031;
  1.193126045742396, 0.5303459177641903, 15.97672079427426;
  1.185710404099501, 0.6259998636662845, 15.80217813158159;
  1.016641400715537, 0.7292513174896621, 8.186223295181074;
  1.023733647689322, 0.4522367778486738, 7.969395907412094;
  1.01661650307972, 0.6184334445314322, 7.810184111550231;
  0.9726711045996925, 0.7365996588568151, 7.362465926646112;
  1.096999798513899, 0.5573398291288532, 8.177859136354906;
  1.066086550063868, 0.6826188832107386, 7.731318832114414;
  1.001103018970148, 0.6947877744691771, 6.518925315828463;
  1.013606162258398, 0.4893703693503911, 6.585450870903807;
  0.9988726376280657, 0.662614883325429, 6.491688834046632;
  1.016183943098249, 0.5755755725389933, 6.541449508522354;
  1.025443712382581, 0.3291661921490423, 6.570120829550183;
  0.9997305068674945, 0.6819086737225998, 6.347268002523934;
  1.0228930954041, 0.5854594410727709, 6.440812487956469;
  1.033807836454218, 0.2779940900389743, 6.502718014936058;
  2.55907146378917, -1.983853741614124, 14.51913576406116;
  2.977732379826035, -3.699386983524979, 16.56682851645875;
  2.533790740512738, -2.058329104632748, 14.25166023455829;
  1.043986841938507, 0.408200918139683, 6.414146014835982;
  1.054189580237564, 0.3341149427805391, 6.359169896800699;
  1.058183641846269, 0.2399335414778106, 6.319452130990776;
  1.077792717020283, 0.3600784636233558, 6.393859357600088;
  1.15247747540238, 0.7418411890530537, 6.673243071003482;
  1.064773919414105, 0.4697266378740701, 6.267834665049237;
  1.089115613502483, 0.2923167866226289, 6.32901126800896;
  1.119241749681338, 0.348623492047983, 6.264901071545953;
  1.133437004590284, 0.7872962269449919, 5.945825193731122;
  3.654181114107645, -1.134012743299896, 16.7226123748181;
  1.951948939778919, -1.515230653630759, 8.68713931976148;
  1.46940612435007, 0.2533788645479017, 6.765656569604069;
  6.758262163910704, -0.4261778613279853, 24.54719662531046;
  1.495423801383363, 0.3535134074380021, 6.138038358838985;
  1.922134126923779, -1.309033345414405, 7.553928247138092;
  7.010114986664492, -0.3450063299896937, 24.75471610197509;
  2.187428121709903, -1.756789041710262, 8.256965093932481;
  1.554257685258206, 0.2999244231547904, 6.161464888851771;
  2.172573798662128, -1.747533017559173, 8.081898801844265;
  2.237678535067935, -1.78823040142898, 8.157122280612647;
  1.453489326264088, 0.820048292516657, 5.577974539295063;
  2.310469411153758, -1.798116369694178, 8.127641935607471;
