m=[-3.230790156545828, -0.021956744464291, 6.894687338491189;
  -3.037109806398903, -0.1534971881704781, 6.872273646120299;
  -3.044778313829001, -0.1057965232415237, 6.985959197220593;
  -2.91304698776237, -0.1889166300725192, 6.784793850475801;
  -2.941391706286912, -0.2298215128792933, 7.002140874730213;
  -2.885925197687828, 0.02300175299997043, 7.001488573452902;
  -3.225687103469216, 0.3535639472110368, 8.523577601894331;
  -5.719884595243866, -0.8982828410106318, 14.6686410937087;
  -3.035209631210109, 0.3513609752875432, 8.466331808812999;
  -3.016532927009778, 0.3927075475359639, 8.461864011181207;
  -2.97870773386236, 0.402864132654824, 8.460876479009322;
  -2.445377366614739, 0.5088605813347992, 7.297352355040454;
  -5.013259326551097, -1.008108540276467, 13.93812111452279;
  -2.349337910017144, 0.5977681667309197, 7.204282498704442;
  -4.973726436915516, -1.589726461390806, 14.3428346376687;
  -2.433792832254713, 0.6166830692539121, 7.546825610246547;
  -4.347424749304664, -0.7803096700852696, 12.8458563045969;
  -4.873810892348604, -2.263456984704077, 14.45376683318013;
  -2.56410103892796, 0.4588107874882034, 8.18733365448667;
  -2.829301664571808, 0.4035934402248724, 9.028581782202485;
  -3.723331217799493, -1.053384304358847, 11.57711201608513;
  -2.304780099276248, 0.6505465932651925, 7.571132025250464;
  -3.540106266194534, -0.7793403862831141, 11.09544634996729;
  -2.749682246762801, 0.3629858088300004, 9.065812053035817;
  -3.322629754569349, -0.9451225110612753, 10.91195673416763;
  -2.566967842117454, 0.405807611586227, 8.692690179470688;
  -4.390003259867307, -2.329380789113845, 14.71125137056045;
  -4.451740278620998, -2.46844451636662, 15.17653602712796;
  -2.460130054198709, 0.4534270507549492, 8.879330456013058;
  -2.390218727636747, 0.4776581654126674, 8.728997949352637;
  -2.32738077347907, 0.6347431006387149, 8.606300720416138;
  -2.269901054591552, 0.5728376202353128, 8.472397160983716;
  -2.319944865470452, 0.4717324876538463, 8.740549434839858;
  -2.232775248504157, 0.4962149665815512, 8.509699611645942;
  -4.063864155499283, -2.358870553165045, 14.64819711379497;
  -1.336284540023037, 0.766769413883939, 5.557504403216653;
  -2.817678952762988, -0.9851427138771328, 10.94398800928191;
  -2.76263657817471, -1.08967214068078, 11.07647192996243;
  -3.934058299920177, -3.461741987962685, 15.56042605315776;
  -3.276305545028661, -2.91664409326955, 13.467095860154;
  -2.642757868611076, -1.131795214398998, 11.24661195831199;
  -1.129879091327983, 0.7480574577791086, 5.415951822239279;
  -2.467172390248317, -1.038008622670422, 10.89355473037488;
  -2.490361193857371, -1.161530765431522, 11.03221451181205;
  -3.599671743020117, -3.64393958909377, 15.66600864765068;
  -2.394207860225874, -1.121395333959988, 10.93468759517926;
  -1.059155178887354, 0.7242792932907889, 5.433807277624756;
  -3.690858200809297, -3.752541847182676, 16.61574296120776;
  -3.505990846057431, -3.65377375728108, 15.98018495012438;
  -3.547331584699449, -2.830046945607913, 17.26316282420007;
  -3.622371828085092, -2.772630566580567, 17.72430549198352;
  -3.601998451900522, -3.722232923294642, 17.70286740618491;
  -3.697332445211994, -2.552815554073933, 18.21678698236552;
  -3.524418900496535, -4.208706824057845, 17.46066645825765;
  -3.479045130917279, -3.610083785917583, 17.37985598806694;
  -3.712885476528449, -2.715071934312856, 18.60794959642004;
  -3.583512290612514, -2.871203456061156, 18.04302439803458;
  -2.160185005787314, -0.2953673672867612, 11.83687248888707;
  -4.10820491440274, -1.117003568750583, 23.07433473058426;
  -3.939977670267549, -0.9456815167844666, 22.77324149557367;
  -3.679860111930262, -0.3872549438230232, 21.44961374499221;
  -3.888817311587641, -1.227615616272044, 23.13036042154806;
  -0.9236485378146175, 0.7699792019260985, 6.458656519081579;
  -3.700436621473271, -1.368462098134419, 23.19996471406355;
  -3.416309180037737, -1.114704716334238, 22.5440540933091;
  -0.9691442991824685, 0.7804394746988274, 7.308274793781434;
  -1.005003086239329, 0.7432529606565254, 7.818701633020563;
  -3.312285035163309, -1.603264441085634, 23.59052938137676;
  -3.324385011886501, -5.24161872851395, 24.69407017665839;
  -3.493619650844971, -3.569361777344769, 26.17934052773841;
  -0.9670244928018551, 0.7180011367263379, 8.886627993575861;
  -1.021999678598583, 0.6735459752765288, 9.428740626453944;
  -2.37938150056049, 0.4133028389503973, 21.0219174480199;
  -0.922922480537584, 0.8454901012928153, 8.787822004086946;
  -1.795488695565918, 0.4830381723262676, 16.38195468509607;
  -3.125564888928989, -0.4534245223929428, 28.1184262196488;
  -0.9837997446181294, 0.7276065946789484, 9.627474103452091;
  -0.8747190349874644, 0.765607545358125, 8.712273164156564;
  -0.9254383934361246, 0.7481422631123639, 9.259460320027387;
  -0.8751667340491188, 0.7539968397584856, 8.965141894115448;
  -2.663913283559619, -0.3025481902648875, 26.91760993332265;
  -1.533057676299018, 0.415779936259935, 16.06760060946079;
  -0.7671007763614381, 0.7353470742472794, 9.13622377888805;
  -0.6591862379976834, 0.7598819908490296, 8.775036304176108;
  -1.273057904678714, 0.5281540081594053, 16.30254185204263;
  -0.6410241615381829, 0.7361626059356951, 9.305409824341853;
  -1.018268728489181, 0.1698939212587778, 14.98460829472926;
  -1.171494327790685, -0.1277257320915779, 17.11808373680927;
  -0.9717286849868975, 0.1966771391289216, 16.28626402523251;
  -0.4775122881067641, 0.737374738789752, 9.596098341997815;
  -0.2119112598870332, 0.6165189298600311, 15.953434665781;
  0.1412627812675492, 0.5348497012403083, 10.91452675342099;
  0.1306504236886129, 0.7567330685322754, 7.068742726418128;
  0.253540071552988, 0.7347502990008688, 7.746840902684251;
  0.500854374261168, 0.6401041638993598, 11.62018949334204;
  1.100672533050759, 0.6307080533811876, 14.58284159351377;
  1.87008838492753, 0.5554492345085381, 14.90481341376564;
  1.005632777208647, 0.4733380675517719, 7.431765106915965;
  0.9840688340961641, 0.627697309525563, 7.168518621208272;
  0.9871647176348746, 0.5769963338171873, 7.180243632202941;
  1.015844047373437, 0.7246419983276371, 7.231399972426626;
  1.039302527385447, 0.69770273028695, 7.158640999222821;
  1.075753883897703, 0.1952782841980963, 6.957517951941686;
  2.450344882693767, -2.204250510379557, 14.00621097397842;
  0.9655647754576094, 0.581162344775456, 6.106645621534137;
  2.502410101352324, -1.91153019558568, 13.81023579714329;
  2.447945375615013, -1.969854305208197, 13.3996097060254;
  0.9897147505876236, 0.6843291625859178, 6.001126459631751;
  0.9915030691236111, 0.6792332612191556, 5.927684213940218;
  1.016165331711132, 0.7226890120784085, 5.993623842734903;
  3.031046314118509, -3.752936046942735, 15.84160480220316;
  1.051342907868871, 0.3574243095213981, 5.895106010392384;
  1.041802616900924, 0.2575229876941705, 5.787392820834311;
  1.053421030839861, 0.375284660676654, 5.808690599567861;
  1.074446860224059, 0.3778711181116268, 5.738404109574851;
  3.070172124104428, -2.032386055747302, 14.35152816648607;
  1.094606055104826, 0.284201409868886, 5.765307236307781;
  1.147768710945327, 0.8229530117799895, 5.560686566580841;
  1.237582608927471, 0.08259449372084574, 5.840938756261978;
  1.843333626340827, -1.469292922736817, 8.044638292432671;
  1.941483405083824, -1.598953962635509, 8.321223420590624;
  1.922438811144799, -1.475205939641576, 8.111886499495247;
  2.077483645208779, -1.815143823741827, 8.439609227488585;
  1.97026502119881, -1.633041809203513, 7.940342965537836;
  6.561593842892918, -0.3628266219957683, 23.50698772173321;
  6.535590777515876, -0.2650048304910656, 22.76874905669362;
  1.311810644921188, 0.8553748453423441, 5.244774212165764;
  1.905998263674652, -1.281653357590928, 7.031731663140114;
  1.996554606303959, -1.270890296700519, 7.235777566985193;
  1.341177939713438, 0.8274766752203631, 5.159809981294836;
  6.099617419945988, -0.3802197688446922, 19.77421671378361;
