m=[-5.250369620594674, -0.2793554534164043, 7.784269065515483;
  -7.734400163150164, -1.687906236832261, 13.4610975915227;
  -5.045235724581988, -0.001926411965025804, 9.425183706606898;
  -6.779444693245192, -0.2157739103442731, 12.35904373250543;
  -7.743185359091377, -1.908498336381501, 14.91573669999293;
  -6.471620024054432, -0.01975449028645068, 12.62980939177191;
  -6.402040125975454, 0.3297227907075481, 12.53309314842564;
  -6.453759556944847, 0.001558426841245471, 12.71984855850744;
  -6.098645782491179, -0.1888704897605725, 12.21726097770415;
  -6.127957359608644, -0.2571512108451888, 12.79312046618907;
  -6.036261546821224, -0.1634174850319363, 12.80984061582111;
  -5.90391715712429, -0.327964861211423, 12.66868059501309;
  -5.785856050180402, -0.3274455244219635, 12.723168343465;
  -5.736994378592488, 0.1588775294532956, 12.62996522007513;
  -5.748822591170802, -0.4065133455348772, 12.67493368939976;
  -5.746287612550326, 0.09802241624723766, 12.88790297547677;
  -11.05199045568924, -4.654302763416041, 26.26326468545666;
  -6.756512740025869, 0.9111950976883056, 16.49513966238669;
  -11.96162039648033, -5.200713376452275, 28.79579461277332;
  -6.208268060374052, 1.004451145319232, 15.42814831675877;
  -17.56498475874076, -3.054127773838004, 42.12669869691424;
  -6.098164509078893, 0.8986099278147951, 15.44856449778971;
  -12.75763712066493, -1.88065175477628, 31.374029610585;
  -5.22475817603999, 1.312170205928483, 13.62021862796292;
  -6.284487518372964, 0.8530463663518706, 16.25003154221191;
  -6.116400708378381, 0.7570093677270736, 15.95322966304305;
  -6.026508570306487, 0.8314969817390899, 15.81479994980427;
  -6.047143476701627, 0.8755384316891819, 16.0561871054062;
  -5.33303464962587, 0.9693880400523179, 14.56574759372597;
  -4.775240694241308, 1.0433052758255, 13.21391535205916;
  -10.38291356659574, -1.981901756977819, 27.69082204276961;
  -5.704843583544248, 0.7958813336223116, 15.67268657299269;
  -5.739966946488244, 0.9169457209961964, 15.80227817740645;
  -4.692181686130504, 1.358551060371172, 13.18150816632797;
  -4.832330558418089, 1.334853891782618, 13.64225649442389;
  -4.471009451349138, 1.38507964274918, 12.71120071994652;
  -4.511475935811905, 1.188111083885431, 12.82412598513248;
  -4.706648634606924, 1.029809416238014, 13.38497417467634;
  -10.59801129088708, -3.266062830224678, 29.32701944065319;
  -9.210719724370639, -1.579661116865551, 26.00616043808818;
  -10.20755909711535, -4.613446055529406, 29.08157378979893;
  -11.23427615014219, -3.998765656629435, 32.05016963958423;
  -5.045494609814788, 0.9635445304336147, 15.04990596404561;
  -5.830521805610884, 0.8974719874909107, 17.44108834658344;
  -7.628625513369285, -2.025280650316485, 22.56481693335578;
  -4.91314778352337, 1.114724878898169, 14.89717951990373;
  -4.626083093199711, 1.354812525016426, 14.09140295977571;
  -7.06306506859926, -1.460356988724404, 21.04290906069975;
  -4.760153886730479, 1.199394671423222, 14.50457203123298;
  -4.528187233223735, 1.212960070470831, 13.99617586867364;
  -5.522243020789315, 0.9178679427627703, 17.06573173963026;
  -12.31307847468666, -4.585381498548919, 37.20581195318329;
  -4.605248110530231, 1.217714446208597, 14.60254302583486;
  -7.127210086413609, -2.53916961833354, 22.11738979109803;
  -5.218212862535737, 0.8933296999500433, 16.53618223886181;
  -4.575219046589433, 1.265431235160323, 14.63277462371957;
  -5.171160312372061, 1.022965277608605, 16.86704108615489;
  -5.357703204063141, 0.814925419850563, 17.50356941922317;
  -4.8858860584146, 1.160651570523693, 16.06187113615203;
  -9.142688887345424, -3.981988032537263, 29.44908191605139;
  -6.453602451027098, -2.525482874883843, 21.25264242984333;
  -8.916156408751021, -4.57221846561278, 29.16525238027147;
  -9.39880801067595, -5.070904020434077, 30.81665431455378;
  -5.079691250866331, 1.000684781326748, 17.15400721026049;
  -4.802067636037804, 1.025741336699023, 16.41789033618399;
  -10.55234594893526, -5.574911680117403, 35.41138043184939;
  -4.767186177323152, 1.254710610596541, 16.56684611260797;
  -4.597701327864386, 1.118755364018514, 16.01235942573027;
  -4.611229702534955, 1.003909155165466, 16.27357012817679;
  -8.317923243494754, -4.722372209431684, 28.85671113838758;
  -2.665769255385599, 1.569305927957607, 10.00789054326909;
  -5.789597336377701, -1.933671424639929, 21.32598829802594;
  -5.724535808215327, -2.15765437598705, 21.76458022035799;
  -8.797455028803068, -7.576202093133666, 33.4429802540836;
  -5.732901210474816, -2.220577717452469, 22.21115564543984;
  -5.709425871432543, -2.704196521239871, 22.42597823663638;
  -5.361926013686981, -2.182419379529163, 21.65063967531376;
  -2.227697696089867, 1.507654460185705, 9.607779891316065;
  -5.104887071825885, -2.059685087498429, 21.36235131708479;
  -5.155768536829158, -2.30006640633415, 21.6423817947409;
  -7.571092627084201, -7.538599670075898, 32.23191046974181;
  -5.062925443677462, -2.277806712351623, 21.89678817027607;
  -7.259302812633476, -7.212817417642494, 31.5621454786188;
  -7.076775371011464, -7.205770528163487, 31.07253147681815;
  -4.960806500563134, -2.784562759282253, 22.26507060130816;
  -2.042666296884439, 1.542905852131592, 9.971821412141702;
  -2.000396324305288, 1.673525567093141, 9.785664421612722;
  -1.971000198658987, 1.607526446391275, 9.736052019209323;
  -4.322454094717084, -2.287055355454222, 20.24822595777313;
  -1.90931828213071, 1.662166023300001, 9.721094651246878;
  -4.746835496161119, -2.424260271742069, 22.87836981318201;
  -7.476851450615599, -8.724304862276821, 35.72486860272974;
  -4.593556849977516, -2.052733753708813, 22.33808115057049;
  -7.232544839649966, -7.310587702781574, 34.84544210365455;
  -1.888982824975894, 1.544766661760386, 10.11341156007688;
  -4.670147997684531, -0.5350357279214584, 24.23569173073482;
  -1.887762635870134, 1.591607589237271, 10.63169617825156;
  -1.659512766527886, 1.77016209011804, 9.655504632326064;
  -1.761926880150591, 1.506681224199757, 11.26964109629827;
  -2.182811450170977, 1.538306071814512, 14.01041502805092;
  -1.945450564401605, 1.606062067994305, 13.46761471922657;
  -1.888073554780576, 1.614764362264075, 13.07867931538989;
  -2.000694100416715, 1.523895663521138, 14.36549020110074;
  -2.552159711231971, 1.618287242814222, 18.74657193233352;
  -1.963504110259686, 1.486402887017581, 15.12267175061621;
  -1.958194275502928, 1.615576706408255, 15.12585181133593;
  -1.88111342424959, 1.637063795319544, 14.64279994949339;
  -1.923934693784752, 1.476084766229852, 16.40769193291433;
  -2.136884917516437, 1.45907457544035, 18.29501725922616;
  -1.802797220120812, 1.693964662082104, 15.9338833441126;
  -1.392997278391706, 1.561797285203529, 12.62294376626847;
  -1.82941902626211, 1.641897350568253, 16.7977835353648;
  -1.90486349982706, 1.588556850139228, 17.67189353048465;
  -1.782458422203031, 1.584348835357048, 16.91697772384831;
  -1.565373755210183, 1.538968032641511, 17.19797913616073;
  -1.318558490135349, 1.544246477375435, 17.55699386896186;
  -0.2150485978992018, 1.516698287854386, 14.256926864593;
  0.2238341824808773, 1.579254495873725, 13.13598152807708;
  0.2524795575995097, 1.590743307770525, 12.65846431352619;
  0.4742751491703126, 1.526248202494783, 14.37871920409314;
  1.816681365556264, 1.451274641210964, 13.20547498426033;
  1.996596582699381, 1.112125343926701, 14.38963880318132;
  2.004022623814487, 1.024037695920844, 13.9898594102072;
  1.948094037624769, 1.328036362730275, 13.38482853500058;
  1.987008001837791, 1.246922213749529, 13.61358333694445;
  2.0112425595605, 1.524215524554826, 13.51227673930353;
  1.988163140101488, 1.116453369088532, 13.26091793056922;
  2.000544531935115, 0.7137800902888125, 13.23681458422816;
  2.152301507893368, 0.9468810540569017, 14.12613770619849;
  2.119238395236466, 1.508776332509748, 13.71503766132705;
  2.05461381094361, 0.6889887606430356, 13.14962418414243;
  2.178340830120087, 1.570966776010798, 13.72998127669293;
