m=[-3.196976814411086, 0.1646531568582349, 6.258631220663618;
  -3.264768293726259, -0.0099656397171357, 6.371418764513705;
  -3.164210740697819, -0.09799323548467219, 6.338782376662116;
  -3.079024659289632, 0.1949804517711486, 6.397961952607281;
  -2.968589715238097, -0.1649062966232309, 6.370027545967576;
  -3.073601568837481, 0.01434806818818752, 6.603793492586343;
  -2.906445950382013, -0.1644877975139489, 6.391310255072708;
  -2.933508624806323, 0.08123915977298002, 6.458104969101283;
  -2.912715681599601, 0.04968624061351092, 6.532704178888955;
  -2.854629518552025, 0.5496745310668498, 7.293378748516721;
  -2.935045438334119, 0.5128524119898125, 7.518830032335478;
  -2.60957452011021, 0.6553807506616602, 6.802798195112183;
  -5.503959853512705, -2.325808216324169, 13.67788709366988;
  -4.055223647699243, 0.05255587708117272, 10.42618040747663;
  -2.868524078855859, 0.4001870929455267, 7.880580450035708;
  -2.776110400220976, 0.4833262679230303, 7.677678105142888;
  -2.340245919129406, 0.616310971197702, 6.652281632464616;
  -2.463698968413132, 0.5390545573750089, 7.006375369496975;
  -4.924652712853938, -0.9400230293269098, 13.13385506095395;
  -2.853110277347766, 0.4308893307888518, 8.094489999939549;
  -4.896536766156362, -1.508999782112257, 13.54979014378092;
  -2.783560776903559, 0.3679361616308225, 8.248886016727921;
  -2.679449876245538, 0.5116979548060971, 7.992371767561807;
  -4.828996289480357, -2.182530972577482, 13.75792298502343;
  -2.274833068042138, 0.6093567991792962, 7.031282509386254;
  -3.779211741264713, -1.003321555058457, 11.17858268761224;
  -3.61625186936927, -0.7476950359553223, 10.77385787737255;
  -2.308291240226901, 0.610355733679988, 7.319241296575906;
  -2.349111345030611, 0.5580358893652778, 7.722473110762151;
  -2.514759082547759, 0.4974727271251803, 8.202519783738314;
  -2.617320486955226, 0.3981036118420886, 8.550763095841669;
  -2.509815992193396, 0.49442663801468, 8.475594184817814;
  -1.36900314694593, 0.8059154968324922, 5.139542224198993;
  -4.264529174709881, -2.186856998225796, 13.94951635677588;
  -4.351954127123647, -2.347993666314804, 14.26911431492469;
  -2.158610971771953, 0.6165498186052035, 8.193183981967355;
  -2.800629945863331, -1.012441806033976, 10.36371991939115;
  -2.745529265993681, -1.034826828521247, 10.43845194772033;
  -1.163064152656934, 0.7871350140161012, 5.016149362555636;
  -2.770465546025744, -1.073110076837522, 10.73369995294402;
  -3.539049920782537, -3.047762941640767, 13.45347901540219;
  -2.710366670611732, -1.044270331096241, 10.69735076751083;
  -2.644010065591207, -1.076169046735616, 10.67610949533698;
  -2.445134481379885, -1.100064339530163, 10.57503065810977;
  -2.257888486609223, -1.194672249181178, 10.57691655307454;
  -2.248370814679987, -1.148267313367211, 10.83649496954635;
  -2.157540995163228, -0.9641455130360994, 10.49194064853572;
  -3.542109768243854, -2.740837956023695, 16.61648517938824;
  -3.676591436807855, -2.727560564372077, 17.34491144742253;
  -3.449901475879376, -3.476000993962328, 16.35255366937865;
  -3.474946498735828, -2.31683928173167, 16.51917430020212;
  -3.712736941288543, -3.752799274447431, 17.88747432639915;
  -3.564539948374588, -2.515116054915641, 17.24218240427026;
  -3.552736130587732, -2.758770033058899, 17.24917708922551;
  -3.78030551810698, -0.9392698911175063, 20.53364160863598;
  -2.134324506647267, 0.5491366233048667, 12.22837346635053;
  -3.439624062980091, -0.2815904281604004, 19.36426326183132;
  -0.9693516948307998, 0.828924295725002, 6.200169723216821;
  -3.35137730462195, -1.149898447482453, 20.31515775199563;
  -0.9987975558914994, 0.8245549372857846, 6.914295799332923;
  -3.233435069513574, -0.7880715264340269, 20.46313435518979;
  -3.08621013251147, -0.9029823522565429, 19.64918807685553;
  -1.023411650780846, 0.7795157572050138, 7.348354772437427;
  -3.250539271644299, -2.816283864156079, 21.20819036496276;
  -1.247611612387805, 0.8721830366553016, 9.323281329474025;
  -0.9807941069354974, 0.8091884103483619, 7.576033953591096;
  -2.071526410209719, 0.4603488374411336, 15.01948130175;
  -0.9882375335529263, 0.8192063286862308, 7.747634621864233;
  -3.185624140479313, -4.871100131023896, 22.91421839028671;
  -2.837908000669706, -1.142923325596089, 20.53235876816391;
  -2.840551885896415, -0.9264186468173545, 21.30145243899288;
  -0.9890010068367149, 0.7587831981478826, 8.434394313871863;
  -1.872775998156524, -1.812002988734018, 14.73733724212073;
  -1.045149426033493, 0.7136327008353335, 8.948084490191539;
  -2.747906607326214, -3.503352460007236, 23.2566364390334;
  -0.8973815157107323, 0.8053968565664585, 8.2397855456581;
  -0.9373474604166183, 0.781698914037995, 8.696006051381918;
  -0.892170750675622, 0.7930113107634323, 8.467424836981346;
  -1.427696732768176, 0.436467071762437, 14.18780908667737;
  -0.6570021230643017, 0.7694563584100727, 8.748176385676157;
  -0.946536363257976, 0.2068782041838829, 13.09617835921373;
  0.08147118319439023, 0.7790292153407366, 6.208284012851753;
  0.1247626700783251, 0.7860651546351689, 6.255174960944196;
  0.5274761478143791, 0.7436064103959508, 8.774496787117354;
  1.590835012149474, -2.636151410857523, 15.80116463702133;
  0.851682964665784, 0.7448603781036887, 8.807400333135695;
  1.76419974945314, -2.745298979019193, 16.41251804067054;
  1.848005459520869, -2.915847411807873, 16.86249985613123;
  1.953628481924272, -3.117142972180286, 16.2900510633542;
  1.851200140831988, -2.41358404037118, 15.4538335869041;
  2.133855993960437, -3.501985842557208, 17.33499244904043;
  2.014389839349941, -3.204456047778149, 16.32626565334839;
  1.977743965317609, -2.270450240755112, 15.75697582395849;
  1.944999655057022, -2.494882205958156, 15.36101303192431;
  2.185865258349229, -3.206448517672822, 16.61575218520794;
  2.196085043321547, -3.407775483320281, 16.61394938645713;
  1.898787428789305, -1.982607707363452, 14.03819421796845;
  2.094208031314022, -3.049890726379401, 15.21473407164907;
  2.239368211035879, -3.360183346542187, 15.96521197555771;
  2.228679127487016, -3.241709954046304, 15.76273304148315;
  2.108609315218484, -1.470258819393636, 14.41885465598532;
  2.67836905491042, -3.454044807753963, 17.89516201037313;
  2.264124603658789, -3.170734136816638, 15.18505592386846;
  2.020641419669144, -2.050442985610725, 13.60188746692619;
  2.211532580715921, -1.960584662150263, 14.7743639746675;
  2.115949987621344, -1.677172061913336, 14.16298444945678;
  2.499661898164141, -3.445897873148505, 16.280476676732;
  0.9591206552005331, 0.4901021047318098, 6.695514793211927;
  2.438519676644615, -3.02820476723936, 15.5002252807208;
  0.9482861417612442, 0.6464567183151038, 6.515418231589647;
  0.9566335764207286, 0.6003235295249917, 6.554181414205475;
  2.76524858350288, -3.373181401926769, 16.88173102958285;
  0.977971411544443, 0.7411533735506142, 6.570376254768347;
  0.9748227203931525, 0.8169352687615737, 6.551184094856147;
  1.004745420225916, 0.3953313167103917, 6.64786994133091;
  0.9712143428361705, 0.3465223844074247, 6.426142468935729;
  2.415457455204396, -1.912152505808179, 14.37895700361725;
  2.462163464156505, -1.030003492794164, 14.62548706638262;
  2.904106251845428, -3.494982172667978, 17.00963108333407;
  1.014524090631382, 0.7222830334455167, 6.565677623909045;
  2.374640925744885, -1.735724012276251, 13.96801762233162;
  2.523252883609441, -2.133206727519327, 14.66409397015964;
  0.9812431050911448, 0.3290474673465664, 6.280001621961091;
  2.484803048092774, -1.378072147769695, 14.16096257430485;
  2.377359844138312, -1.383267274211572, 13.36287762700476;
  2.484588604811148, -1.35003121850276, 13.72689551712584;
  2.415289597892371, -1.9894180231294, 13.10097537224149;
  2.556944786138566, -2.006611115931121, 13.60810548777499;
  0.909135708341686, 0.661840121874361, 5.378794719923552;
  2.59856025282211, -2.081501901159109, 13.39787711682176;
  0.9525078047629911, 0.6040755912734416, 5.461386250002852;
