m=[-6.59194998540957, 0.4937054709785529, 11.69020870974892;
  -6.38931590375868, 0.363375105441191, 11.46108027128982;
  -6.609869730562651, 0.008320184701483605, 11.82668403047373;
  -8.003597335709078, -1.928712200377929, 14.31354096350284;
  -6.571842017917233, -0.1610723736655147, 12.03723385151116;
  -6.958118632130618, -0.6552738526268178, 13.1257902739407;
  -5.958976498369895, -0.2969995702081026, 11.72560615119358;
  -5.822488370939698, -0.2946695753994969, 11.74483751317939;
  -5.992267333972449, 0.1977666555054493, 12.09359042329776;
  -5.898729639290144, 0.1342143965569577, 12.14796551183143;
  -7.731185959346223, -1.043031037438143, 17.08691733754636;
  -8.78254214556501, 0.5832340213568074, 19.42464741028205;
  -6.037427494667957, 0.9981743119643023, 13.94888815302122;
  -6.439100455893775, 0.7830439745626451, 14.8449164503711;
  -6.512565833230358, 0.8889571943774961, 15.08258987820161;
  -12.21242363150814, -5.095396926530385, 27.76378712910612;
  -12.81797370013697, -5.939161847276587, 29.15502063329395;
  -5.215446079721223, 1.33160732866758, 12.52959642496322;
  -12.26566758469115, -5.241685430937217, 28.29638019899428;
  -12.94636620499166, -5.883270328910823, 30.01767867997637;
  -6.442411117107909, 0.9118294166981554, 15.54203674073761;
  -12.63547959425319, -6.096806657269316, 29.70588328066826;
  -5.571286652144052, 1.052480846984423, 13.66188995549556;
  -6.161303690130301, 0.9815565085557311, 15.05940535374207;
  -12.02917909595021, -6.008220036521387, 28.47134331623349;
  -6.265302284293351, 0.9006829482731649, 15.31280495694855;
  -8.451363565799003, 0.5109104117423154, 20.57211194845392;
  -4.668460963475344, 1.327940134159727, 11.87699337762716;
  -4.633111514049039, 1.464920645054711, 11.84805391422608;
  -4.738962215097605, 1.398655927277394, 12.24023164148546;
  -5.896386797792757, 0.8533125673946379, 15.07403797583574;
  -5.890643315753855, 0.9731938347154818, 15.09952738025975;
  -4.827962567657822, 1.294928394511153, 12.5874087043521;
  -5.576453887065071, 0.9932013575002611, 14.63693696186762;
  -5.691509821114529, 0.827972579391265, 14.94245944117255;
  -10.87520044927715, -2.000160396442013, 27.73724042096771;
  -4.97153985483544, 1.161533529491822, 13.2579315338875;
  -4.91215919044155, 1.232553850023215, 13.18993292129111;
  -7.644255830268201, 0.3337791663139793, 20.34800442515938;
  -10.62791379898045, -3.194856442985055, 28.17825306650076;
  -5.938239208751111, 0.9941679774282201, 16.36682697764511;
  -5.825305928771844, 1.15535267350657, 16.1298214015875;
  -4.781455114229641, 1.429079035832233, 13.45484947115756;
  -5.149105787632113, 1.199963932639119, 14.47810819567025;
  -5.921829398327081, 0.9473893923110456, 16.5863515406365;
  -10.70091093937136, -4.740410037063595, 29.19777109463019;
  -4.566124750637679, 1.246576139346002, 13.02697982176006;
  -4.515633113049619, 1.458936242406108, 13.05715955732429;
  -8.277790067971884, -2.098628254562658, 23.20614804603614;
  -8.154127962038031, -1.609628967913241, 22.95975173888177;
  -5.368697480505356, 0.813646284859741, 15.54456260398571;
  -4.646460682792036, 1.257459158162387, 13.64201129823707;
  -2.884674762469339, 1.538318323330214, 8.956644802810805;
  -14.28233943749199, -4.817402554494049, 40.72234361557946;
  -5.188938316955288, 0.9894261828581416, 15.42992664538244;
  -6.947044982822497, -1.819279429119264, 20.46262440904329;
  -4.586162866238106, 1.120999642436463, 14.04583112372083;
  -5.025414641261773, 1.0182956572396, 15.30780135985908;
  -4.919221087929119, 1.135299806448547, 15.09482770040318;
  -5.305883009631813, 0.8341733903175795, 16.22317018430842;
  -2.79228946505955, 1.547091322211711, 9.026313839315149;
  -5.12111688818586, 1.044162753079257, 16.17042935106703;
  -2.712327193866756, 1.608294071854714, 9.117520938513223;
  -4.865256196802513, 1.414776169551597, 15.66582213822536;
  -9.648520575600557, -4.83436849670196, 30.18938151010005;
  -9.620235080684816, -5.085611500054098, 30.23841573638283;
  -5.761973511690516, -2.106859060825563, 20.70786216109805;
  -2.328603860270336, 1.592477359704571, 8.959062545583917;
  -5.92213877761273, -2.217465141266278, 21.69535444770277;
  -6.6480354905436, -5.619283445097483, 24.25740425864501;
  -2.3354728035227, 1.72715834162016, 9.165684046378267;
  -5.275452971916741, 0.05138673255851983, 19.64376281416067;
  -5.714774987573374, -2.262454236974191, 21.80577669449253;
  -2.192966405143848, 1.550668768958331, 9.03033699535364;
  -2.325204964549871, 1.544737575030511, 9.746904197017202;
  -5.213636136727936, -2.273931203736234, 21.29505538691358;
  -2.13254130962626, 1.625917739856718, 9.317374378414245;
  -2.013049129957148, 1.655705578682953, 8.875852251606949;
  -8.551573049759837, -8.364301632655991, 34.90126606575682;
  -4.894160572801368, -2.675390923995046, 20.75839373375568;
  -8.514896150154163, -8.307433769633198, 35.46097472353634;
  -8.439289461272026, -8.473241048007155, 35.56327063102062;
  -5.022564616343368, -2.637081191099362, 22.27841753275673;
  -4.77123612242617, -2.359395305370614, 21.73164611872748;
  -4.495773744180819, -1.944163449220815, 20.648515265838;
  -8.729632215105054, -6.606115671729085, 39.30796639525451;
  -9.277791307090087, -6.71447513052224, 42.04003580909721;
  -7.515407269780939, -7.424945028153243, 34.24233074005986;
  -8.063994624452329, -5.249356935356892, 36.85830255600876;
  -4.794863296009635, -1.82150652207552, 22.44432109155087;
  -1.675288355983521, 1.558291490686279, 8.478308651122664;
  -2.147818614630042, 1.695518569677284, 10.60978244866564;
  -9.971220452659185, -9.882965454085731, 46.10990948901323;
  -8.783600432136497, -6.060412904064678, 40.8695620133361;
  -8.594026431910462, -6.523471188970436, 40.12108011203733;
  -1.976376675378846, 1.678525029198295, 10.01212509306138;
  -4.717904362842276, -0.49160860500593, 23.18240253321881;
  -1.985479553342091, 1.707218194609366, 10.90733609376311;
  -1.520981413492124, 1.681052933173268, 8.819838927343497;
  -1.953788166329603, 1.671881340866744, 11.25723049759509;
  -2.380038220660208, 1.694150679500873, 14.04164948097145;
  -1.970146101724827, 1.70713448079704, 12.50820384745995;
  -2.024623475579553, 1.68466062482028, 12.83765198172126;
  -2.085803848168436, 1.602602269286718, 13.77059287385619;
  -2.011274106160536, 1.66560959376531, 13.62874862445023;
  -2.237861205140468, 1.446865087084682, 15.39149399591837;
  -1.972573593626262, 1.642504511535327, 14.057088867589;
  -2.085012906218155, 1.593742709831327, 14.80615058582399;
  -1.865365974304772, 1.629414754811511, 13.33645948160944;
  -2.047149787815097, 1.621065846806517, 14.62075770179182;
  -2.084837721316511, 1.616180333177977, 16.45559066635826;
  -2.168990035898419, 1.496650745965296, 17.26816240452421;
  -1.492952221806466, 1.679813938263917, 12.2872608454129;
  -1.805521828184335, 1.63011836293291, 15.33836888618229;
  -2.039144273427998, 1.575969544190814, 17.25363295527701;
  -1.923414364629936, 1.616193280986553, 16.5529584548798;
  -1.835938931471306, 1.642354041373208, 16.12002335113333;
  -1.796575579367723, 1.690221870950373, 15.96154271296784;
  -1.584738501706244, 1.563764709853281, 16.0718155066318;
  -0.5875832520865236, 1.629751193033328, 13.25785416952549;
  -0.45583217352936, 1.601271016031195, 13.51857301198126;
  -0.2106042466712317, 1.592250621817664, 11.83755573340116;
  0.2420192876851225, 1.620239499999752, 11.68107596562083;
  0.3244482542311081, 1.50364090346333, 12.77161165923509;
  0.6102209935079308, 1.644554115028338, 8.998006063857373;
  0.8185067100156142, 1.660445706591032, 11.5697616035371;
  1.905149689434725, 1.282894013838217, 12.6696908954436;
  1.913517748609755, 1.018094969979373, 12.53982317645897;
  1.929621265823542, 0.9175913072204024, 12.54432118443143;
  1.92074024818452, 1.354056666418864, 12.34146177832044;
  1.917645412551436, 1.243557958479099, 12.29617906016975;
  1.96787383852683, 1.539197014786578, 12.37689008520695;
  2.046212350751904, 1.176851697663377, 12.66785124388425;
