m=[-3.276029247415181, 0.2453588947298626, 5.809732435211377;
  -3.243949254757139, 0.1460572204675348, 5.766002867937625;
  -3.205331856069668, 0.1822946022262159, 5.749686860361;
  -3.344729257893416, 0.06677918270393307, 6.007291558648806;
  -3.205159741408812, -0.0785567708594249, 5.870691540301848;
  -2.959163431687879, -0.1474867819376788, 5.822809495301462;
  -2.92327192023614, -0.1898890767899239, 5.910382464931296;
  -4.220689714886068, 0.3774348186821599, 9.187096087621617;
  -2.759797998435641, 0.5585996944265429, 6.525427377899367;
  -2.434393878852705, 0.442696202323819, 6.161142717551512;
  -2.322694230434137, 0.7344012161146568, 5.939724607318016;
  -5.730785328926181, -0.8145863033415594, 13.54055840372304;
  -2.381851017533227, 0.7056013251357768, 6.533281893117552;
  -5.136426190118502, -0.9446884489752492, 13.100474681305;
  -3.772850886270549, 0.164737948520773, 10.04283323764769;
  -2.870964596062855, 0.4806510760849115, 7.912881100084182;
  -5.114119286902712, -1.53735505038841, 13.55928832358815;
  -2.685297270665172, 0.4069668957795432, 7.775027683295273;
  -2.783134877508283, 0.4751084748717492, 8.039687164711099;
  -3.961142901244338, -1.004249485025706, 11.10475958474059;
  -2.651472390665344, 0.4725713754483453, 7.84258164452755;
  -2.563759955772379, 0.488857464062678, 7.623645847682488;
  -2.295623008854918, 0.6331747140762564, 6.983370715938687;
  -1.363773400514024, 0.8086593241256274, 4.584340916793106;
  -2.503300427655598, 0.5072417175924223, 7.625246556964871;
  -2.50677921760686, 0.5111161386018437, 7.915401488012993;
  -2.383177052553106, 0.643600716265146, 7.727925635254208;
  -2.433052093567575, 0.609560012688244, 7.890798127065016;
  -2.347945666608041, 0.5282973403699501, 7.722952318136351;
  -2.240000092450103, 0.5397044515324475, 7.420738604469041;
  -4.49460063068075, -2.252009054027158, 14.06321436659336;
  -4.396470419922827, -2.324136607856738, 13.81902824778712;
  -2.914157088169524, -0.941733816748374, 10.13930940411448;
  -1.103437553393102, 0.7802518764213517, 4.543805567242429;
  -2.821509964734726, -1.03168190939269, 10.14017841584093;
  -2.824112419676319, -1.057450877261241, 10.34594464024631;
  -2.671321702604998, -1.057564491606712, 10.19292004546457;
  -1.066811081001485, 0.8133709081490321, 4.661048387603644;
  -2.600792989747459, -1.022063952105007, 10.27989512679253;
  -2.548618112437464, -1.105458283454196, 10.10484379555338;
  -2.331255347391431, -1.224018026219349, 10.34066935359214;
  -2.25977030572042, -1.117465435313965, 10.29262173018449;
  -3.73862903770974, -2.829193174262328, 16.83437525859715;
  -3.934685620634781, -2.847590323139306, 17.82906285708501;
  -3.632076575233139, -3.588357615373148, 16.54877279405009;
  -3.85258376577029, -2.5078870028715, 17.60910127972375;
  -4.069194950057844, -4.033178617231036, 18.81717606496991;
  -3.842970122621171, -2.651530645207568, 17.88110774793758;
  -3.80653290180262, -2.889426500083184, 17.7707402592173;
  -3.635885536617274, -3.608922885706794, 17.15219807763304;
  -2.154727632933829, -0.2245239759705876, 10.58770155019179;
  -3.71384740860531, -3.772380444845652, 17.64796084939801;
  -3.830653777412921, -2.300106341494697, 18.26465674584713;
  -0.9784134726604937, 0.8372408313162837, 5.637369584637733;
  -4.545170307687587, -1.067426551938402, 23.85467923461457;
  -4.150390800020642, -0.8396032392102801, 22.38618278575047;
  -4.079805180081431, -0.2900346118065245, 22.12153012938522;
  -4.4605193816724, -1.219852689249697, 24.24143421578577;
  -4.147313520697323, -1.145219659458644, 23.02915581078848;
  -3.917174299726835, -1.282634820155079, 22.90982979571881;
  -1.037584224394436, 0.7972153441229742, 6.850188688173239;
  -3.615522298160979, -2.771155480789458, 22.47818939214014;
  -0.9911366159466976, 0.8252905587403652, 7.063105546633362;
  -3.577588378010119, -1.541594982595807, 23.69963828964621;
  -2.309762816335885, 0.5378113917048938, 15.97267817450801;
  -3.276520849375117, -3.14000111707441, 22.27130409128102;
  -2.24638811167036, -1.802675353684213, 15.77906655043712;
  -2.630964760491789, -1.281392285151083, 18.86014394305237;
  -0.7334394205028257, 0.8252385732358475, 6.036336154898687;
  -3.702303265387271, -1.134532740449922, 26.7373171193513;
  -1.029556716113058, 0.7981193449543369, 8.126274632760469;
  -0.9148569761006022, 0.855098498377097, 7.423905343605024;
  -1.062481654979376, 0.7331356692197352, 8.458824368186622;
  -1.987648164059855, -1.888976078044342, 15.05486397233005;
  -3.573093176096523, -1.839854521403165, 27.08863419555974;
  -2.980841425174246, -1.301740982647396, 23.11441893552231;
  -0.9006435685869889, 0.8131475325820237, 7.651197052459272;
  -4.151408576944498, -5.823818137597984, 32.39702017983905;
  -0.9692639412311441, 0.8144463814596276, 8.341512908529767;
  -2.104630371240083, 0.4561744439680672, 17.06569330135934;
  -0.9118251097276584, 0.8156805372533134, 8.006062624958991;
  -3.160468095367733, -3.880359158305002, 25.68443127419841;
  -1.962092138593556, 0.605462597363168, 16.18381939041061;
  -0.8731109933696627, 0.8214245555313503, 7.75708997376903;
  -3.350506152214504, -2.886409008774228, 27.42045516479101;
  -1.691603747232587, 0.5359518952957861, 15.92551409170689;
  -3.558754015331394, -6.860946380250786, 32.91725607804121;
  -0.6694486067897016, 0.7864597606692663, 8.22360785980602;
  -0.9976433364720769, 0.6205835375426692, 13.13070022704484;
  -0.2912992042689796, 0.8079624870198322, 6.572689667690285;
  -0.4017829015052656, 0.8093917098886304, 8.903363804035635;
  -0.17975227909083, 0.8051376194698461, 8.641510713878526;
  0.2583083197299803, 0.7751829299952687, 7.3477927420029;
  0.4964019631378837, 0.7452690396133032, 8.133842017125682;
  0.4020061677868202, 0.8155210057007425, 5.682440311767659;
  1.473371763951636, -2.509447424814679, 14.91437966342142;
  1.65584883281596, -2.634223959275325, 14.95436513047076;
  1.756939942172086, -2.072104118874974, 15.15266074288459;
  1.631699599804834, -2.196532789171069, 13.92528495102141;
  1.623345743700006, -2.426770015773645, 13.94203444747171;
  1.663409933980444, -2.159378999813364, 14.24144764289752;
  1.847774074323839, -3.069015612770224, 14.88482536547916;
  1.870108705466516, -2.121488943900121, 15.09717668447323;
  2.158116014894565, -3.115527770578102, 16.99456876524686;
  1.826661173751798, -2.105149353507842, 14.31529060018737;
  2.041674787748848, -3.190360273015049, 15.23429166118345;
  2.178730924175503, -3.069410497966635, 15.63141779369141;
  2.247540137593123, -2.893742519502285, 15.79145790357209;
  2.122741197683993, -3.213767868430455, 14.8845146135089;
  2.058876347398593, -3.022504246954702, 14.35527637090576;
  2.476089862220904, -3.204039095330245, 16.31006301693552;
  2.037731649120519, -1.430353213965044, 13.66444795036007;
  1.956935708421544, -1.990309144483141, 12.86039655376809;
  1.998234789155635, -1.779262391876702, 13.1043965943844;
  2.434295132919796, -3.373695016151613, 15.57873886408605;
  2.351752595675484, -2.725728852459185, 14.89993499627383;
  2.060298144389702, -1.86239618918742, 13.15420976904175;
  2.269238829405073, -2.836697698706563, 14.18195939539731;
  2.635028082871493, -3.227351498961516, 15.78909579058488;
  0.9572183891459054, 0.6445738873859851, 6.365726103921759;
  0.9306752561506519, 0.8128510975883558, 6.134126425476342;
  0.9579991851807781, 0.509707397480638, 6.278039696306315;
  0.9620766555765798, 0.4574955674837984, 6.254387213361;
  2.250871677200493, -0.9287418697199155, 13.06930711674365;
  0.9498248498801836, 0.6695942728987923, 6.102973627993197;
  2.491508650471221, -0.9560125408250504, 14.15396195417136;
  0.9813505357664988, 0.767575535351277, 6.172178052498314;
  2.338068855817676, -1.978674929320231, 13.29508874528131;
  2.296811418182412, -1.083270043563896, 12.85281414873111;
  2.267535713455619, -1.252835324865003, 12.63882281480953;
  1.004476594643597, 0.7354469754893617, 6.083791136301901;
