m=[-5.08733263091156, 0.01780519192046396, 7.452662040949585;
  -7.463811417626245, -1.790172774589193, 10.980704641752;
  -7.30032598742079, -0.5801998467251444, 10.80068770660484;
  -6.860855882660676, -0.3042718352679297, 10.27266229984105;
  -7.295339674379819, -0.8807365846153074, 11.40295922689302;
  -6.434048053181495, -0.1458769321904352, 10.32789852863544;
  -6.391249529180602, -0.0839019185706877, 10.27708091739982;
  -6.438323718748518, 0.4721276505496537, 10.3963031611413;
  -6.358183025197726, 0.3563916750632437, 10.36689257269959;
  -7.773212241983199, -0.8218931100342165, 12.70065725898546;
  -6.192996302610911, -0.1557794682531054, 10.35584546397878;
  -7.609804380228816, -1.844025891475065, 12.59822605608995;
  -6.260411193214091, 0.1548216966799589, 10.5673508469203;
  -6.087410847794063, -0.2999576710366949, 10.52308294635121;
  -6.054265634947813, 0.06497498448192292, 10.63885665756765;
  -6.123684319269126, -0.15208922124215, 10.76215690716609;
  -5.807565478497328, -0.3007412748888738, 10.40822490690067;
  -6.166013950693901, -0.1467095416384338, 10.99290732539478;
  -6.12883042065664, 0.05363816433725972, 11.07080638987485;
  -5.855272664355368, 0.1819001532237303, 10.7911487903813;
  -5.793845604676142, 0.3960239095518936, 10.70317130504939;
  -5.765736491514787, 0.1222200915520273, 10.84747417637102;
  -6.187385892184309, 0.9621425087905779, 13.2688905581891;
  -5.231335416003359, 1.326035208120172, 11.50937609821678;
  -6.232948841741578, 0.9936526605315106, 13.52621939615654;
  -11.99616983658319, -5.173156324668947, 25.32164159465094;
  -11.10933298137503, -4.664538394555348, 24.19396959177913;
  -10.89470449742892, -5.050044010435205, 23.75994482399786;
  -6.296344802829379, 0.7821290946534585, 14.18613070742542;
  -14.50911120333744, -2.442018241828593, 31.55017659854951;
  -4.613556315847657, 1.436152675069342, 10.74104247793841;
  -10.5683024795295, -4.515737098991102, 23.34911482550799;
  -5.442764945697994, 1.074705774811818, 12.58459871099235;
  -5.984867676514401, 0.8912003219645905, 13.82708899256668;
  -5.541324796036652, 0.9152959133711204, 12.92905620974573;
  -4.620354240023855, 1.226026394181912, 11.03073475690663;
  -10.36708695877936, -5.196512355430329, 23.51988469683209;
  -10.51569620461546, -4.890349922157293, 23.90622594219495;
  -7.93780816362341, 0.4510986303992789, 18.26166515968596;
  -5.874177259588119, 0.9614615721178408, 13.85069687998469;
  -10.37713879772795, -4.335549141637589, 23.69957838487087;
  -5.690983223403579, 0.8000556664321761, 13.50172227462249;
  -5.013902219164386, 1.107717918403112, 12.08442372064547;
  -4.649386306891455, 1.22479542759042, 11.33798063033263;
  -4.598450978547048, 1.405011421249543, 11.27407804681313;
  -4.817613951071471, 1.195534280349213, 11.89012334423543;
  -4.779320414512305, 1.252380793403291, 11.89455016348143;
  -5.118809120318568, 1.019758503774263, 12.72709085645762;
  -9.294691195277856, -1.735685136841368, 22.68514151720008;
  -4.690154671769932, 1.386879979380244, 12.14350510365234;
  -7.20726188070496, 0.2877296229367328, 18.11581818480119;
  -5.444678643209516, 0.9017186886647958, 14.0055270161042;
  -4.87936526478956, 1.113232214270573, 12.68979490786957;
  -5.427242017342327, 1.046584513254343, 14.00006660821113;
  -9.365068838355546, -2.839137218915981, 23.77338239022624;
  -4.543461989758681, 1.458421878067277, 12.0675845312677;
  -8.375805668716211, -1.444655821208653, 21.50885878008409;
  -9.095212637981511, -3.074335588806308, 23.65382855360437;
  -8.997365632674439, -4.012276440786166, 23.54403252227029;
  -5.28126436142701, 0.7946302542896259, 14.22426277005598;
  -7.36083523414637, -1.861227080308978, 19.59512607764782;
  -6.471509577393023, 0.1915409363386491, 17.48621746499129;
  -4.967379925069274, 0.9327465487706083, 13.72637513613479;
  -4.549678591614679, 1.183427804564692, 12.70523614598823;
  -9.812492730083072, -3.435744974603378, 26.38242063671543;
  -2.735156660775775, 1.613644678467838, 8.147266019808319;
  -4.884581240106336, 0.9731252527518066, 13.81626885706806;
  -6.363074030323814, -1.681903741676213, 17.70100502743546;
  -5.044732576706172, 1.015521949917366, 14.34515227992138;
  -5.151439637922385, 0.787825461474003, 14.6775018244759;
  -4.588837607074781, 1.365162054526935, 13.40383748568033;
  -4.814365282702902, 0.9604618938696926, 14.16078577936015;
  -4.641091835108435, 1.330507433070201, 13.89386569436642;
  -8.092755687016862, -4.023556803420554, 24.24637941625361;
  -7.717393314346941, -4.093860034884347, 23.26840801912821;
  -2.31729672131129, 1.573548311081021, 7.874472246717682;
  -7.176612855746737, -4.040780700730411, 22.81935772516721;
  -2.260762410594434, 1.590373573593943, 7.973826847601247;
  -5.428194747693633, -1.913670702038845, 17.91615608354492;
  -2.225743827552192, 1.564131823844128, 8.103701205647216;
  -5.31064243474566, -1.952482578507888, 18.0180072183034;
  -5.202457836334706, -1.952958078232478, 18.02296541074439;
  -2.310160227261444, 1.526607109580157, 8.642183831196148;
  -2.295428259332963, 1.551617678058624, 8.741885719170222;
  -2.048927559870752, 1.673283712076825, 7.96433958796968;
  -4.794196641684435, -1.883662457639104, 17.28363719378132;
  -1.96669112955005, 1.720988119291672, 7.891619856588221;
  -1.962766076851215, 1.668517027010762, 8.431964305924327;
  -2.106611161497468, 1.717656447882981, 9.17432458731966;
  -4.176155829238454, -2.197696418229563, 17.52360141846707;
  -2.128246952449472, 1.667612936779484, 9.454941093930254;
  -1.995569528054494, 1.679243506853394, 9.026998298991041;
  -2.068625022861208, 1.678515577932804, 9.356688250154976;
  -4.123335024793046, -2.042314723242932, 17.73824867156452;
  -6.097201762477967, -4.160566377434166, 26.36460015764957;
  -6.132790705557309, -4.642837503737997, 26.6195612738912;
  -4.649784752735789, -2.521023089553737, 20.51574962110113;
  -4.582142557786587, -2.639339593751417, 20.26622307121015;
  -3.739062339415222, -0.2370089775741451, 16.71687287763064;
  -6.128566880467311, -3.827498624635265, 26.84631326965273;
  -6.360986914335848, -4.608763805207784, 27.82685422831625;
  -6.502402058054513, -6.423541478686793, 28.49221943862192;
  -6.423210268674501, -6.363600957083197, 28.75914251239741;
  -6.319723939374383, -4.363750668072345, 28.35273229728731;
  -5.324637140520403, -0.9374493441356173, 24.04648078351051;
  -6.316691565973775, -4.797347936572645, 28.43271527632774;
  -5.571147277113449, -3.225843696600886, 25.23160481344784;
  -3.823809009978672, -0.4052446290863409, 17.77363265496362;
  -1.915446022182668, 1.631742945510151, 9.478071082095354;
  -1.963335405333087, 1.662004852086065, 10.21229479674755;
  -2.909054665467992, 1.741307786590916, 16.07707554288742;
  -1.954958832257317, 1.605915268224366, 11.3098484490293;
  -2.048620834076742, 1.551772502108772, 12.40201675532505;
  -1.400369318093105, 1.657121056540333, 8.81475458736838;
  -2.013379749041925, 1.645070834393329, 12.50184243453554;
  -2.221742887047079, 1.404985077491558, 14.08562413180328;
  -1.956210038225077, 1.61144977392114, 12.64522551850698;
  -1.865077156659514, 1.611507949319222, 12.21066173037102;
  -1.977244757168561, 1.618505919630944, 12.91743548806903;
  -1.990210955020766, 1.497287465838601, 13.01631369226396;
  -1.941668291727685, 1.593383107050112, 12.90496630979026;
  -1.332174375801659, 1.641834807997014, 9.305414776768549;
  -1.455007494268297, 1.610146359768758, 10.84401951573508;
  -1.993916190870802, 1.518071201224629, 14.57825567150756;
  -2.024116315028329, 1.363365029372953, 14.93611897002114;
  -1.772402681736505, 1.572402161351737, 13.87668574751497;
  -1.909982432266248, 1.571621085038458, 15.20114036700712;
  -1.778647528040527, 1.563513926782646, 14.44156474159841;
  -1.668152944410027, 1.54399923426254, 13.70418033281152;
  -1.133893671343351, 1.645853167736623, 10.63443439712949;
  -1.701772566338421, 1.362614736800096, 15.90232002322226;
  -1.285563566003239, 1.47550573894847, 14.55945225677154;
