m=[-3.934673738950591, -0.9534594960131844, 6.513953150891599;
  -4.045908928378511, -0.3259771704030494, 6.727780224575677;
  -2.947141579519265, -0.1526159488316204, 5.2818194656071;
  -3.167380745742344, 0.02772021369463799, 5.721394881631265;
  -6.233661316999058, -2.61736259058441, 13.57570365401525;
  -6.000937619954962, -2.564144685643822, 13.25819182602323;
  -4.174178394913302, 0.2372148731959434, 9.603085208588137;
  -5.318798296740969, -0.9932292483477723, 12.98135565002003;
  -5.143579109202785, -1.738616669964095, 13.37685475245632;
  -2.419183525376838, 0.5820253338471294, 6.837913196052218;
  -5.265073329427543, -2.347901657120318, 13.77748362809759;
  -2.416304341832083, 0.5454783180588952, 6.875492974331566;
  -3.51089636285066, -1.204121724180683, 9.695221170378884;
  -3.424884992684625, -0.9052742206920134, 9.527455783948135;
  -2.367510522451029, 0.6643615532556696, 6.934238009447146;
  -2.522916149230769, 0.5033196860800293, 7.420806904059308;
  -4.686595784154664, -2.33008199944419, 14.04132089833492;
  -4.534184744992938, -2.405257444090711, 13.6708414853585;
  -2.863442164475658, -1.052757930777804, 9.715118692826783;
  -2.812696308580955, -1.056882141582644, 9.928316282238987;
  -2.522264929399697, -1.10205098625166, 9.72785964291368;
  -2.399911234248759, -1.313135426839254, 9.601192998859959;
  -2.199775731930067, -1.089563263266187, 9.463254554874993;
  -2.27199346776787, -0.9831678273015477, 9.828718450838645;
  -4.013347812999132, -2.738600528929678, 17.35391323843891;
  -3.819927179794592, -2.89188104133855, 16.58050804378528;
  -3.926411649925252, -3.878792463233201, 17.20474700537104;
  -4.138189599233902, -2.998267203011189, 18.10297683327956;
  -4.408754926403455, -2.877564769548353, 19.39319229870701;
  -2.229972722134967, -0.2363309637840104, 10.36524467890127;
  -4.107843922226331, -2.836454065385426, 18.42938080258164;
  -4.102323678252217, -3.115598383658374, 18.46539440731767;
  -0.9597783123503485, 0.8201160316736874, 5.044013028191035;
  -4.255635835000415, -1.540667267368202, 21.04949360669708;
  -1.07916403261598, 0.817793317331627, 6.044999497527646;
  -5.240877472135135, -2.607291582818654, 26.37882679120631;
  -5.601010884196264, -1.34366691701814, 28.4579305286771;
  -4.636030420614437, -0.9601981714136283, 24.18659291849617;
  -4.822348868835606, -0.3644849394167832, 25.29999193706724;
  -0.9892392339534073, 0.8241396188956996, 5.988973281233581;
  -4.93168100534215, -1.220374590654993, 26.47545099206084;
  -4.705284201827512, -1.55678632457025, 26.60888826225887;
  -1.008415595859682, 0.7586572811428989, 6.595207254169672;
  -0.9893542635174574, 0.8118896400033563, 6.575573950265016;
  -4.019685708673369, -0.7377570723513269, 24.02111190741082;
  -0.7255471850300544, 0.80290800110559, 5.407427704012752;
  -2.405126253090424, -1.925216328248447, 16.16740142810962;
  -3.537243460424245, -3.376781759707019, 23.26505546120197;
  -3.584898872339077, -4.095416082463116, 23.67940215981955;
  -1.024800298722553, 0.7802333055020108, 7.492692438838184;
  -0.9780066818930632, 0.7962510136258728, 7.231225255117141;
  -4.661756171082329, -1.794707145775488, 31.35884869181945;
  -3.837327554758801, -3.609492145253996, 25.91785358405432;
  -1.071714085575319, 0.7218643982617932, 7.908265431760207;
  -3.70945719209933, -4.470941818454573, 25.38846935346812;
  -4.817289483659429, -1.51802479253245, 33.67509022660847;
  -1.021171874402961, 0.77233956499985, 8.011365011194036;
  -0.9645728440761693, 0.7936947451432375, 7.676828304440226;
  -2.247633133177168, -2.202418309318607, 16.45745599510023;
  -0.8549512624295185, 0.7913207832329943, 7.023580370948967;
  -2.460800083687268, 0.5069505865120467, 19.10270102151633;
  -4.687080686266441, -5.666487305534564, 36.63252714639592;
  -0.8150388123377628, 0.7838411343819619, 7.599467347268681;
  -1.795013025569908, 0.540359762313458, 16.04946610575397;
  -0.6788054595009552, 0.7790990485496455, 7.687706730804417;
  -1.031012629030365, 0.2961078540878918, 15.18846510316376;
  -0.3391750189985522, 0.7968052865610965, 5.984312594823235;
  -0.2208517153569924, 0.8006258709790438, 8.37589251158755;
  -0.2032760233290545, 0.8360229099796995, 8.485886135077182;
  1.470829678695318, -2.375369048097519, 14.27892179087198;
  1.601453923931849, -2.574712597221672, 14.10703675142729;
  1.642244757476523, -2.182926259490492, 13.16456161965645;
  1.718685133139727, -2.913869907126898, 13.62136589267334;
  1.625233275199887, -2.202036261242114, 12.90750386313565;
  1.953059834320529, -3.151271543767535, 15.18232891064753;
  1.714856386390053, -2.007790933690357, 13.13615513252652;
  1.752538344928164, -2.313602359885239, 13.3584801204404;
  1.537514749432941, 0.7658270601601386, 11.70807367373636;
  1.983130891906341, -3.140780383021891, 14.45755918536834;
  1.980901679996659, -2.954934680404001, 13.82184334570861;
  2.067796471898325, -3.177119999155534, 14.19710124036613;
  1.797698872611184, 0.6454493652500782, 12.30195708474437;
  2.323188354048527, -3.07700881983661, 15.07378337539291;
  1.809622247977077, 0.6898511732111374, 12.0753343331438;
  1.826559089778659, 0.7471128795837387, 11.95580890384685;
  1.894948113287752, -1.466165861039342, 12.19218692421789;
  2.141763628746049, -2.860428340190192, 13.52060842992186;
  1.93925491871837, -1.995150714559989, 12.36054999419388;
  2.001721442253596, -1.794760438767149, 12.72938415177132;
  1.92679853240143, -1.829503215033369, 12.27115347973829;
  1.975752516485628, -1.586356561222961, 12.56417423854973;
  2.365435276621747, -3.311231873631677, 14.76027587220157;
  2.061981263641149, -1.887442378073906, 12.77134867868582;
  2.221524750039086, -2.806212278189992, 13.50113302397795;
  2.093920269485832, -1.797448982995131, 12.75632755662935;
  2.432173283531213, -3.462516482352705, 14.61818955594904;
  2.5214468212566, -3.116815181241363, 14.75824423399858;
  2.535620557177689, -3.19290976792493, 14.85293327502628;
  2.514192456808575, -3.378250150832971, 14.36049445113303;
  2.276749606800645, -1.029389722025775, 12.91108649923945;
  2.629492673996255, -3.30235859392724, 14.6575869603257;
  2.137807816071951, -1.721885968245198, 12.1030298816256;
  2.64904349609104, -3.079359935443616, 14.72704124574863;
  0.9412405903094178, 0.8174908979961373, 5.889889050789693;
  0.9755102264264458, 0.6648443159363559, 6.044949418571659;
  2.351855717301738, -0.9066508670035315, 13.02179146185268;
  0.9637063752741197, 0.723291398573323, 5.93079907220655;
  0.9780453798974217, 0.5252712954663431, 5.960080724873571;
  2.067065625847329, -1.761575666586386, 11.39362167876693;
  0.9712384412164171, 0.6233838835753506, 5.907571874449367;
  0.9618324810783884, 0.666782999638054, 5.853016976017307;
  0.9860213282633398, 0.4746307923211056, 5.963739196202038;
  2.245351311924904, -1.26118125315976, 12.13212501747048;
  2.695876941580022, -3.170218243363073, 14.29211940882792;
  0.9957937403392305, 0.5538647825944666, 5.925651090685368;
  2.32035709354298, -2.032053365500347, 12.31746743173027;
  0.9687341982041736, 0.6890701240348168, 5.777954994457087;
  0.9725365390702377, 0.636394618877527, 5.786442142325365;
  0.9909954606896579, 0.7825016004155025, 5.788070115400857;
  3.315557313498162, -3.175411395086505, 16.13049965479609;
  1.024201209183207, 0.7562860702364854, 5.74763963856409;
  2.968533202444339, -0.551380416224914, 14.37371817200853;
  1.003942431890115, 0.3566991565734309, 5.533517653016458;
  2.856264445801535, -0.5164612428659628, 13.6098861842411;
  1.03540407905174, 0.3287272732105352, 5.536975062283269;
  1.035277760853574, 0.8575280164400084, 5.481652651146005;
  1.054149991434791, 0.3619268946924433, 5.538218794153957;
  1.110330416136131, 0.2965460037606417, 5.264830003261802;
  1.012368879706495, 0.3841050985438054, 4.763314450189576;
  0.9956348408652365, 0.5626711870276288, 4.66797818529027;
  0.9976576947794622, 0.5477074980677887, 4.512888816950263;
  5.549723220502793, -0.5476195338050311, 19.12927981118508;
