m=[-32.00709203753571, -3.393746976500761, 43.12982173366306;
  -16.80108232881585, 1.71419613570695, 23.37953565148986;
  -31.9532545886653, -8.716267825306314, 43.63524924857106;
  -16.62399206082253, 2.111956432559417, 23.28876617168707;
  -16.45717314251467, 1.890156359890499, 23.14694414700124;
  -16.64312897714113, 1.350967461212931, 23.45055948858738;
  -16.3329521317527, 2.209109105921904, 23.05717661808718;
  -31.97203586161474, -6.225094660299311, 44.13684793109653;
  -32.50396059699266, -4.85276055549953, 44.90875175497354;
  -23.55409614900559, -7.46002483058677, 32.95069223671769;
  -32.0132902890682, -5.626456906207934, 44.40682962254421;
  -33.07084287548937, -4.241625398300635, 46.13338100917118;
  -33.64342452451253, -5.106499573547839, 47.02015414697841;
  -33.26115242153725, -6.027870235060921, 46.7133392954397;
  -31.81954522968139, -6.429902515231372, 44.82238225424009;
  -16.74581129040715, 1.336899114401691, 24.1553768474669;
  -33.27620977071951, -5.202153799185164, 47.03452412332705;
  -33.67500109356779, -6.166553746573188, 47.75874460336748;
  -34.41622255351226, -1.498142769755899, 48.80794639933649;
  -16.63864188971761, 1.578076890952868, 24.19205414124684;
  -33.55935837409931, -1.000706093579102, 47.70990913044791;
  -22.60098305549731, -7.460499006347586, 32.52116941946945;
  -18.09053892263684, 0.6626125681334695, 26.25869153783135;
  -33.24071184380138, -5.404585370228059, 47.31801517717319;
  -33.1901946311236, -2.63828380944978, 47.24746037449542;
  -34.17467368101661, -4.038928533305183, 48.6423919077657;
  -33.23478603525571, -7.157694021902739, 47.3768603201355;
  -32.72174660221111, -4.255243382740855, 46.68669263171871;
  -16.63340934863575, 1.345508904833929, 24.43219268839152;
  -16.58274223827049, 1.819155912974116, 24.36793795289346;
  -33.93049023029563, -1.835333427793807, 48.77699577718931;
  -33.33229531841714, -5.836807014498824, 48.13726154064252;
  -33.89470544376973, -5.260496696020511, 49.0232539964574;
  -33.11295283471717, -6.011829873822252, 48.09956422149897;
  -30.80462469121254, -0.07346832597607229, 44.8284848230883;
  -33.97745963437644, -0.414745242387305, 49.5192081286339;
  -31.08593272359117, -7.327416448311277, 45.46012903280546;
  -33.19550155430578, -0.6103227055275772, 48.46990572212752;
  -18.06684725981699, 3.351870401345904, 26.96947671196814;
  -33.66373967690788, -0.8082148105671082, 49.44102050116132;
  -29.65037793361073, -6.197150382708537, 43.94937122892129;
  -16.76249251970955, 1.646943198708547, 25.35957179203135;
  -32.49288478604697, -0.2312720600911389, 48.35822232245991;
  -26.38253815261939, -4.416872332778796, 39.57587838929226;
  -17.28010803832152, 3.261719832865173, 26.34430806637974;
  -14.19651462945453, 3.484666104851138, 21.92943236972583;
  -26.854422087205, -1.482380535829782, 40.50766712587556;
  -25.70832505912557, -1.991332198357406, 38.87474594072062;
  -26.20309289518654, -3.495842053897092, 39.67233367564056;
  -18.27408688303605, 2.627919747517065, 28.11134991052544;
  -18.47122730093158, 2.454245319960041, 28.47575674272252;
  -18.4912360737504, 2.8889033032886, 28.66332559809237;
  -14.23999301510291, 3.27579630393674, 22.37394753998234;
  -18.42544309182124, 2.760243046834897, 28.63337407932945;
  -18.3034606480004, 2.608798526113898, 28.53024102392268;
  -24.80163190714971, -4.234924871866236, 38.34503487324214;
  -18.23600819676919, 2.577614135404011, 28.73393111104564;
  -17.94747134234301, 2.916008189233335, 28.41295737485782;
  -14.10587606719032, 3.410244178254087, 22.72820124042277;
  -17.86821807573952, 2.676127182589813, 28.60327602018445;
  -17.92342059553475, 2.408128473479599, 28.74363848877515;
  -17.98279164386539, 2.585898834420559, 28.85123682186035;
  -17.51765851490329, 1.834491369955761, 28.232999458837;
  -13.79084955877365, 3.469502040596832, 22.477265819261;
  -14.17641484279183, 3.372297556026718, 23.23531082167125;
  -33.81553118341953, -0.5899873901103441, 54.55332641701779;
  -14.17876870316612, 3.529335656360417, 23.7252568479965;
  -16.10471941393951, 3.403079086545386, 29.53555156675603;
  -14.66991442330702, 3.375364862937439, 27.57942799294333;
  -39.2373583594766, -0.281792950361624, 71.87930734007426;
  -15.21314497842937, 3.369689989206901, 28.75827288319994;
  -17.47789138578839, -6.867916519816881, 33.82531620756044;
  -14.50921875601143, 3.234780468647723, 28.31659557177379;
  -12.43397720841869, 3.382287744181225, 24.45344902666092;
  -19.19936670410852, 2.899700789350704, 37.49884451908228;
  -18.54682989979752, -8.302426071566314, 36.41108510175004;
  -20.36616674304773, -6.849850717306902, 39.97640347859754;
  -17.87986370267038, -8.097997700601994, 35.55474720498768;
  -18.53952124179532, -7.741047085047743, 37.06255623227589;
  -16.88157553456782, -7.150899900479748, 34.09708881975627;
  -17.67417703032613, -7.772142689950903, 35.73162356893819;
  -19.02033834229484, -8.940198585912022, 38.50102228933969;
  -15.23052786003715, 3.216097549068431, 31.37417158747346;
  -18.12830164068432, -7.231309052436016, 37.34420378427055;
  -17.7566948154886, -7.231625310368449, 36.8510422488957;
  -19.01283384645646, -9.275909756619353, 39.60869209816848;
  -28.23475247944072, -5.497052660238033, 58.41170529270504;
  -18.0027352010739, -8.300223136197992, 37.81747119635296;
  -20.23802233424819, 1.365164660466961, 42.40333701277203;
  -31.06332175627381, -2.671817331459343, 64.55936577541132;
  -18.23322729632263, 2.844189268840461, 38.44014109660435;
  -30.84778710870573, -6.005616158307072, 64.45654650158784;
  -30.69310982190677, -1.993849969065561, 64.1716575981164;
  -26.62324643795613, -3.160424464027339, 56.10951905289883;
  -29.81121675941346, -5.201733848362856, 62.72981788387479;
  -29.53783253277098, -0.4569767849935681, 62.21116623862325;
  -20.34545545397026, 1.809402078515818, 43.22890588828518;
  -29.73201996146311, -4.431735153725305, 62.68946299431211;
  -20.69237771525214, 1.623201511202542, 44.10031406193051;
  -29.45680224170254, -2.196373581086788, 62.4147932764921;
  -27.65603053956874, -7.72317430494905, 58.85861946376862;
  -29.09591650344454, -4.273244150245612, 62.10978889147795;
  -31.38398308756547, -2.635344970103321, 66.9412173666844;
  -16.27417160703514, 3.134590125795113, 35.32695191123835;
  -18.36023845982905, 3.133390562722197, 39.70995697617573;
  -29.3699826304524, -3.550680022215994, 63.21489391604342;
  -17.71163979747583, 2.897284169828035, 38.81016669680399;
  -27.7513686606587, -7.662751913622608, 60.47952571582479;
  -24.72412843772461, -8.005583153845191, 53.95445711453444;
  -23.52208719358087, -7.854411760848701, 51.49900322886599;
  -20.66786471646538, -7.618230123672629, 45.41447025452962;
  -28.60705605465231, -4.914803859396951, 62.50038979565837;
  -27.43359427463706, -5.839926522997558, 60.31230593677193;
  -29.83477518332087, -4.67937508075651, 65.56235004647385;
  -26.69075890630535, -8.19836324697866, 58.92894255959495;
  -21.63867932334803, 0.6533232619182021, 48.08447204703477;
  -25.26142672688125, -5.30731767362958, 56.24815841046531;
  -25.71592793829857, -6.44820219014755, 57.43622615252419;
  -29.86123489108144, -5.645731236828225, 66.64918863382147;
  -17.24378474201911, -8.566932833255208, 39.13152313102532;
  -29.08480974577149, -2.524000196508642, 65.2806091326877;
  -16.50410247056367, -8.746236544501866, 37.56222036462864;
  -26.90667997476897, -7.938812293264821, 60.55178017110342;
  -21.57309703207144, 2.099430639080386, 48.93747855955794;
  -25.32064111894725, -8.003117287191524, 57.23507757942952;
  -19.71298446068806, -9.268630419152062, 44.9723330441519;
  -28.34946710254677, -6.071840703449131, 64.13976510453013;
  -17.19980218339656, 3.085533866440372, 39.45199807468759;
  -17.65899211410562, 2.927773756957859, 40.64684686648897;
  -21.18217327818002, 1.094713666117481, 48.59380933654505;
  -21.14886522596607, 1.306499433599398, 48.54796977689442;
  -33.07952049765888, -6.133815144290308, 75.52477786257296;
