m=[-7.828002786274908, -0.5521080943414054, 10.5106746921079;
  -7.430044105798939, -0.2888772903197608, 10.16456331723934;
  -7.571115452024111, -0.04504385351701731, 10.4358578400035;
  -7.552046987632379, 0.02741399305254079, 10.46197316395389;
  -7.529158465487559, -0.3818359738290712, 10.43605838340429;
  -7.460524878657773, 0.2893628488982839, 10.45341958090103;
  -7.451470260605912, 0.1073365131977991, 10.44574998195149;
  -7.460017517552416, 0.2181644470455539, 10.47425284121473;
  -7.487631945768864, 0.04346290444137991, 10.52355505736624;
  -7.386938664585666, 0.3584326465296145, 10.41547654999692;
  -7.433392257046465, -0.3853716591430886, 10.4889956135474;
  -7.341498253534274, 0.003584240746271601, 10.37651197794352;
  -7.411348993587617, 0.4576816417186637, 10.48967784104154;
  -7.432469084106701, 0.1722653073920925, 10.55062368208289;
  -5.00498232582076, -1.104754651721399, 7.435776744564192;
  -7.404751299737818, -0.534038244716862, 10.55111886640266;
  -7.319607866262101, -0.4684878831232608, 10.44492918868436;
  -7.401665321072112, -0.619055589885223, 10.55150089062827;
  -5.01839962553282, -1.065137031723255, 7.501940205936959;
  -7.342446291420639, 0.1124088684152008, 10.53004969984288;
  -4.993358685888722, -1.14340334158886, 7.489504982667109;
  -7.319332691784251, -0.6193826499981945, 10.55434523554627;
  -7.332627326393412, -0.3243751778814905, 10.58015181575434;
  -5.18489810599816, -1.61015236613606, 7.770168762692019;
  -7.339207237882096, 0.03764058561707648, 10.61020565844334;
  -7.325376288296168, -0.01966284358527576, 10.60863273374711;
  -5.185462526869324, -1.639365984980383, 7.808138667441049;
  -7.322054237376936, -0.1758706971366919, 10.62919374716862;
  -7.379545716920747, -0.06145569964778572, 10.73852896165764;
  -7.24858484780261, 1.035114523498803, 10.57662371850737;
  -4.965198430186961, -1.131077250615975, 7.556041332775132;
  -7.258289832134262, -0.6738190825033513, 10.67856505153654;
  -7.404463493112039, -0.2440231256896716, 10.88549537984941;
  -4.024245369828916, 1.026589719873473, 6.375335637162125;
  -7.29836397415051, -0.7755774773707187, 10.78994973193092;
  -7.354426170866457, -0.5488415340036936, 10.87843672649854;
  -7.275326161983305, -0.3410955965323395, 10.86307693381161;
  -7.364978364791481, -0.6648607300794025, 10.98763076950509;
  -7.361928399840069, 0.09677801057316979, 10.99599844598972;
  -7.23273925573443, -0.4307921245457712, 10.8209548118587;
  -7.33617679978831, -0.1299906983160309, 10.96768970325954;
  -7.293823601147985, 1.033522678491361, 10.91727867183998;
  -7.342732239592902, -0.3066272231852247, 10.98558817207005;
  -7.369911948626472, -0.7198707159837126, 11.03611796861532;
  -7.367421164604465, -0.02536938731783962, 11.04231389484647;
  -4.956447151907083, -1.265425532468345, 7.747727465311526;
  -7.242425488670747, -0.05882789588221809, 10.8989438773683;
  -7.388017365204002, -0.423923355456647, 11.13591655904408;
  -7.283598493452304, 0.8114439409177363, 11.04168525259949;
  -7.330517353771528, 0.8957151704815142, 11.15527958506881;
  -7.248555705801784, -0.4015009784780291, 11.08285807977015;
  -7.420368356875868, -0.2484599147195137, 11.34914800051141;
  -7.364562173967224, -0.002967502355439505, 11.31174440949859;
  -7.323099226168272, 0.4508015886396449, 11.2876916236749;
  -7.391420764490271, -0.05884012353671761, 11.41794321641617;
  -7.385731547628676, 0.09934752067525267, 11.41090995199675;
  -7.374322417414681, -0.1410037599400346, 11.39686239386796;
  -7.365712730868093, 0.6173535900141227, 11.42309466975454;
  -7.395526845297996, 0.4906356796913791, 11.48337531007537;
  -7.376386320162988, 0.3871060971961099, 11.46873911056358;
  -7.543779361951524, -0.2554380493957341, 11.73162807019117;
  -7.281258951676544, 0.8118406151027249, 11.42276831491565;
  -7.437845851960043, 0.1462404250491019, 11.6896036119567;
  -7.35426864112027, 0.441712602299476, 11.59695108090826;
  -7.330953000085659, 1.02991687017367, 11.57699890603291;
  -7.368128698501218, 0.5589347920213147, 11.63003583371956;
  -7.266220078233274, 0.05539177597947974, 11.49003402592048;
  -3.742866214947846, 1.041175493113666, 6.428376747456184;
  -7.333970213336637, -0.7822585885795185, 11.70144231828273;
  -7.511771459286869, 0.541182418018189, 11.97269603554349;
  -7.36660336645607, 0.989795457319397, 11.77099650163623;
  -7.585129154168264, -0.4238093357301697, 12.13421349217597;
  -7.618153526233956, -0.2169039304551226, 12.32613377160473;
  -7.622623321680615, -0.2671189782254869, 12.40291014951824;
  -7.622512116904453, -0.5206434158037702, 12.44347467953991;
  -7.501421268600399, -0.7066653277527343, 12.30859088661471;
  -7.585217164248449, -0.4122931633655727, 12.43566209819255;
  -7.536071882297217, -0.2194762312416879, 12.42262191034953;
  -7.460142093260176, -0.7926865636257373, 12.36324758474467;
  -7.38107412438892, 0.8666473252676148, 12.25586904134682;
  -7.360556838175863, 0.7238932449518314, 12.30892228315905;
  -5.6427576152391, 0.7726131912915064, 10.64702267147681;
  -5.470650217420634, 0.8883777690320517, 10.50505529500125;
  -3.167382817679315, 0.9925288499744258, 6.486545261797349;
  -3.203085154775718, 0.9008091651709368, 6.548710246519083;
  -5.446389663820843, 0.9821507089043563, 10.55505353720653;
  -7.515359141458663, -2.424580094365688, 14.26071682238815;
  -5.394490737346752, 0.9125632007598902, 10.53084134551115;
  -5.347535123648862, 0.9843735277354077, 10.5255803119308;
  -5.335309454752218, 0.923401522364905, 10.56677679087689;
  -7.701505114907402, -0.6808134155246111, 14.91683014179899;
  -5.245264039569145, 0.7356216628707586, 10.56006259621;
  -5.192967738105258, 0.9706584833766551, 10.50150634061727;
  -3.02751491041028, 0.9540914374946654, 6.652459187306383;
  -5.088189846729512, 0.6947188246620689, 10.58234075522187;
  -8.193977571062561, -3.626217664236893, 16.48783701580956;
  -2.980558523512162, 0.9324898276849098, 6.65430639082009;
  -7.847886427301013, -3.543572877645321, 15.98105696701323;
  -4.971060054362049, 1.062365198341473, 10.48347487856839;
  -3.017107264630517, 0.9752683192840356, 6.740388105063629;
  -7.557421103252192, -1.789897545062668, 15.54927309121937;
  -7.60929540889857, -1.994835475481228, 15.65043718863962;
  -7.720586979481678, -1.533418757988039, 15.94171967158288;
  -7.634587942156511, -1.475937175412331, 15.85577176500545;
  -7.677386567644819, -1.597814772735583, 15.9401685277707;
  -7.583998565027922, -1.035037462019206, 15.7738563847216;
  -7.632166416113536, -1.663578199088978, 15.87196309603507;
  -7.643390857111365, -1.946687822815233, 15.90210343543608;
  -7.495049896426761, 0.145180394783004, 15.65925332262209;
  -7.634734333449497, -1.56200340873498, 15.97117175987948;
  -7.624074562893668, -1.027183096311953, 15.98971769161809;
  -7.592974464615844, 0.2699462148142485, 15.94807059318397;
  -7.508296458100195, -0.3879904209161819, 15.81101834433503;
  -7.511967691033012, 0.08102888979359826, 15.83363880677397;
  -7.568838036917456, -1.127713518761609, 15.98315901141169;
  -7.621581162714443, -0.8126909127549541, 16.11138973286208;
  -7.705833582338276, -0.639831079269626, 16.32675817406617;
  -7.602237041022637, -0.3566057852959784, 16.19767738112859;
  -7.530101485557544, -0.1894070270242304, 16.05630068858174;
  -6.385135327817271, -2.486775866692133, 13.76669264321254;
  -7.573510915215305, 0.1934061392037116, 16.17374966168132;
  -7.448239679189053, -0.01294877448713042, 15.93638918276096;
  -7.613101647109237, -0.3945609908165506, 16.3463830089558;
  -7.596068133335975, -0.3114706411055064, 16.31797416095052;
  -2.989718364596792, 0.9730032344443707, 7.018034247840131;
  -7.076318092010468, 0.3757782583136004, 15.31816969305514;
  -7.511649696491535, 0.1398204998825452, 16.22520505864994;
  -7.725287698872995, -1.682359277156358, 16.66763727720056;
  -8.130522194088059, -3.492022698780394, 17.49750916377704;
  -7.588991844036101, -0.5475562433034752, 16.42847552935839;
