m=[-10.6764311441625, 0.5096531511205589, 13.6774963886744;
  -10.61677516783836, 0.3816051467304145, 13.66030441176612;
  -10.76589787491501, 1.542661005163749, 13.8561173697589;
  -10.49215679229532, 0.04099663541200807, 13.5639918187953;
  -9.67242868862364, -2.371686190372525, 12.61148573201161;
  -9.94951828509701, -2.084721191612894, 12.95419889866812;
  -10.6473177304916, 1.400067086862683, 13.81712703704636;
  -10.15427536572399, 0.0002894880298985508, 13.39691112297036;
  -10.60938460571702, -0.4068100577600798, 13.9943303874939;
  -9.822411065661381, 2.024666618275298, 13.03902163158755;
  -10.28348228615105, 0.1856667843928656, 13.75694099723113;
  -10.03599223653701, 1.022338064131616, 13.72578179781264;
  -9.239475389821678, 2.160265022550882, 12.72749856727831;
  -10.94684620358672, -2.869517022760461, 15.2097596754378;
  -10.76073310343312, -2.833452245945848, 15.11414932529513;
  -10.27201579146769, -1.288955651462016, 14.47164399251278;
  -8.979992750060116, 2.034816336361632, 12.79514219989922;
  -14.91017747281482, -0.7561591592730349, 20.66678279205784;
  -15.08597048524641, 0.0547621976863569, 20.89883956327567;
  -10.57716720495417, -1.670698576138731, 14.9913116097137;
  -15.37084578732973, -0.1660496222154194, 21.33575649150485;
  -14.87465902715547, 0.5769263935840729, 20.84183813641644;
  -14.87429344243043, 0.2142603725914284, 20.85134141636832;
  -10.16918567254919, -1.59908874628827, 14.59649989644186;
  -14.90466606146203, 0.4358794362140252, 20.92692684357742;
  -14.857764116505, 0.08624376661210348, 20.88196907137714;
  -14.68246000116122, 0.7124294968105853, 20.70205599127443;
  -14.88963365461281, -0.7719278933614122, 21.01023283716983;
  -14.64870834143301, 0.00715174144355843, 20.7045608834825;
  -15.18858619067165, 1.166313774598901, 21.46455466689032;
  -14.79446247213177, -0.550370684998985, 21.01565504244029;
  -14.8702126067104, -1.072454957310363, 21.18874414966998;
  -14.85698756392497, -1.242598901914521, 21.17949281852973;
  -14.66969494340498, -0.9389265730719282, 20.93335158153941;
  -10.77437457439444, -3.137227396746428, 15.64345265155348;
  -14.67853612421275, 0.2247204228980688, 21.05098338812547;
  -14.69537287609016, -1.243564048526052, 21.19046164870106;
  -14.66399561705516, -0.6486946595000676, 21.15848698536134;
  -10.51911548699785, -3.195873174163353, 15.48356862842964;
  -14.69959792831437, 0.07538981478835928, 21.25103598530497;
  -10.09661565003314, -1.78727728641343, 14.93014462533802;
  -14.76813472177239, -0.03964076542312773, 21.38725865538057;
  -14.68084513907204, -0.352623783634983, 21.31171694397027;
  -10.06277318978292, -2.221165783798651, 14.95000981010288;
  -14.60405950861838, 0.4906705596745178, 21.24647765324781;
  -14.65117138112783, -0.9727237257918743, 21.32792999469302;
  -8.734478708172432, 1.888029943084055, 13.12735001400239;
  -10.36171763908336, -3.213197005516248, 15.41193650840807;
  -14.39648259434581, 2.055850698253548, 21.00633192099497;
  -14.81435279902259, -0.876209102593233, 21.66912941904412;
  -10.1084155787648, -2.145474368005818, 15.11093872692608;
  -9.980139845978593, -2.285300529614379, 14.96914437879357;
  -10.27358631279399, -3.190427077267264, 15.39615587742092;
  -14.50094772908887, -1.346186983466132, 21.33413203595839;
  -14.77039856708719, -0.4867765003333138, 21.71434912335371;
  -10.24373395107033, -3.238520944188975, 15.42475618093432;
  -14.19825493005816, -1.508810300599265, 20.9907943093917;
  -8.440557207654161, 1.889561727889404, 12.87174679162814;
  -14.76567831223133, -1.101923841127546, 21.8409286478045;
  -14.5392228425095, -0.5809035466421439, 21.52978342615728;
  -14.696558691542, -0.811411486022664, 21.78243433998101;
  -8.497147964323819, 2.08843607781375, 13.00551154314191;
  -9.955698817909438, -2.267918312883561, 15.15058719656279;
  -8.472248127799386, 2.127601632300993, 13.03241624438696;
  -8.360762663163435, 2.037753885705065, 12.879585825106;
  -14.74963658512562, -1.331498025204332, 22.00462143330853;
  -14.46695543516917, 0.1901788621167238, 21.60828126048856;
  -14.28225603733838, -0.8506712607887189, 21.36778912206777;
  -14.58500468885826, -0.2584336495955193, 21.80479153018759;
  -8.600755144457063, 1.720153788316032, 13.26521528386821;
  -14.78080849842397, -1.566336394074872, 22.11816414260132;
  -14.56896762215359, 2.064398491530862, 21.80659804646646;
  -14.70193092349615, -1.436040160861447, 22.01549288093952;
  -14.75818965004114, -0.050819170097238, 22.11962082721217;
  -8.40202376866436, 2.119310416792214, 13.03575135417922;
  -14.47281081655435, -0.1175579934058201, 21.77976881973356;
  -14.87955890240725, -1.610318641990279, 22.45998720032621;
  -8.5527330246397, 1.832719478826477, 13.31862844107507;
  -10.06484090786153, -3.648734770678188, 15.55258711790825;
  -14.6660030969981, 0.5536154014123326, 22.23018852744154;
  -14.68877550191131, 1.794819985807681, 22.35277396919686;
  -10.15122636770838, -2.678039732732108, 15.80172655974366;
  -14.51562516085459, -0.8040274424101647, 22.19402321322124;
  -14.86742389977531, -0.4978134098712409, 22.73911295367693;
  -14.56538790938821, 0.6740915762164282, 22.30048382601375;
  -9.968697189793334, -2.54509804357668, 15.58268385470794;
  -8.202049400951278, 2.09235243458053, 12.99394371816647;
  -7.998252425909215, 2.137004849280485, 12.70432004675593;
  -14.74623054423496, 1.445040110087808, 22.60926887974948;
  -14.7530029919741, -0.005944626454949941, 22.66016569290243;
  -14.66695149388087, -1.077731876297462, 22.568422672978;
  -14.56280933742844, 0.8964698390143243, 22.44684878608095;
  -14.75581199176317, 0.1984845140225147, 22.79763904506711;
  -14.7088147984025, -0.2812459333129462, 22.73216829229062;
  -14.84800726952164, 1.244478426911804, 23.02698990501626;
  -15.02552288428679, 0.4860909469675208, 23.31768516097982;
  -14.72519694698129, 0.7727650468914227, 22.89460378111868;
  -7.810121015216833, 1.893227880700961, 12.6388575117534;
  -14.76608169730835, 1.646378040852355, 23.16488553241644;
  -14.50183153330622, 1.316261311050424, 22.8050879906722;
  -14.96723468303613, 0.2942807373831309, 23.52307967846853;
  -14.53965697834122, 0.8732819038640021, 22.92759469897804;
  -14.75058545183977, 1.118956488014897, 23.28268742213131;
  -14.73059195229575, 2.069483348090845, 23.26246627347801;
  -14.84137576649663, -0.3719153771626858, 23.62709418038298;
  -14.98445766976093, 1.079548955710945, 23.88309573978277;
  -14.89278914901019, -1.588500073061631, 23.76163361948067;
  -14.51192819792517, 1.9498593710987, 23.18841500651492;
  -14.73366408126217, 0.9389604571236772, 23.57767051493657;
  -15.02739896610066, -0.8396365894541863, 24.03988957611422;
  -14.4211823203442, -1.201193767237971, 23.30100382202934;
  -5.809878950854296, 2.093804451315162, 9.977951709451183;
  -14.81707858821855, 0.7197995482237463, 23.95006295500287;
  -5.730712524488955, 2.134102591177324, 9.86478074662779;
  -15.14894586975794, -0.6029814180026138, 24.5257946925903;
  -14.69388576257172, 1.67946592743499, 23.86980898572136;
  -15.15453153237436, -0.5310590340860837, 24.65821607890225;
  -15.20424062190377, -0.8264238619458364, 24.92674827093654;
  -15.04487577477896, -1.417290362679096, 24.68615135998694;
  -9.168667508038201, -2.59953956603842, 15.56336603538234;
  -14.63650614704757, 1.71854240857552, 24.30311625896779;
  -7.40768160094039, 2.116207106472766, 12.8557833765273;
  -7.380852005271452, 2.120354786256558, 12.81605208496226;
  -14.68460659691799, 1.444196105537913, 24.55679445646713;
  -8.565181343489634, -3.077805487417742, 14.78529835742645;
  -7.404474336721886, 2.058377683436716, 13.18063200524273;
  -9.080839347598156, -3.035743393922245, 16.19366821586796;
  -12.6850935174246, 2.067147094062756, 22.34266382226625;
  -6.96880619116441, 1.884431872164651, 12.74095541037216;
  -7.096537599339674, 1.904712071536202, 13.10310924600024;
  -7.000136210464995, 1.955782960507989, 12.95853907102593;
  -6.924397629964046, 2.042211667923825, 12.9557518849839;
