0.999924 0 0.0123484 0.00504158 0 1 0 0 -0.0123484 0 0.999924 0.288944
0.999818 0 0.0190977 0.0187214 0 1 0 0 -0.0190977 0 0.999818 0.581903
0.999788 0 0.0205927 0.0397189 0 1 0 0 -0.0205927 0 0.999788 0.880052
0.999836 0 0.0181009 0.0593082 0 1 0 0 -0.0181009 0 0.999836 1.1854
0.999964 0 0.00844317 0.0729661 0 1 0 0 -0.00844317 0 0.999964 1.50057
1 0 -0.000938847 0.0204244 0 1 0 0 0.000938847 0 1 1.82359
0.999857 0 -0.0169187 -0.00597873 0 1 0 0 0.0169187 0 0.999857 2.16032
0.999361 0 -0.0357483 -0.0487028 0 1 0 0 0.0357483 0 0.999361 2.51358
0.998474 0 -0.0552178 -0.104475 0 1 0 0 0.0552178 0 0.998474 2.86962
0.997317 0 -0.0732 -0.193533 0 1 0 0 0.0732 0 0.997317 3.23263
0.995193 0 -0.0979319 -0.204609 0 1 0 0 0.0979319 0 0.995193 3.62127
0.993181 0 -0.116587 -0.292654 0 1 0 0 0.116587 0 0.993181 4.00667
0.990738 0 -0.135788 -0.36675 0 1 0 0 0.135788 0 0.990738 4.40205
0.987925 0 -0.154935 -0.403045 0 1 0 0 0.154935 0 0.987925 4.81876
0.985746 0 -0.168241 -0.495899 0 1 0 0 0.168241 0 0.985746 5.2374
0.983583 0 -0.180456 -0.5999 0 1 0 0 0.180456 0 0.983583 5.66739
0.982043 0 -0.188659 -0.722733 0 1 0 0 0.188659 0 0.982043 6.10399
0.980253 0 -0.19775 -0.811178 0 1 0 0 0.19775 0 0.980253 6.56307
0.978397 0 -0.206737 -0.907955 0 1 0 0 0.206737 0 0.978397 7.03679
0.976088 0 -0.217376 -1.02373 0 1 0 0 0.217376 0 0.976088 7.52572
0.974761 0 -0.223252 -1.13145 0 1 0 0 0.223252 0 0.974761 8.01922
0.9731 0 -0.230385 -1.26729 0 1 0 0 0.230385 0 0.9731 8.52654
0.969924 0 -0.243407 -1.35371 0 1 0 0 0.243407 0 0.969924 9.05652
0.96893 0 -0.247335 -1.5931 0 1 0 0 0.247335 0 0.96893 9.56141
0.965389 0 -0.260813 -1.6721 0 1 0 0 0.260813 0 0.965389 10.1201
0.96388 0 -0.266338 -1.86878 0 1 0 0 0.266338 0 0.96388 10.6558
0.957736 0 -0.287649 -1.89695 0 1 0 0 0.287649 0 0.957736 11.2412
0.958843 0 -0.283938 -2.20765 0 1 0 0 0.283938 0 0.958843 11.775
0.955313 0 -0.295595 -2.38363 0 1 0 0 0.295595 0 0.955313 12.3484
0.951198 0 -0.308583 -2.47497 0 1 0 0 0.308583 0 0.951198 12.9632
0.951025 0 -0.309113 -2.77792 0 1 0 0 0.309113 0 0.951025 13.5335
0.950192 0 -0.311665 -3.02379 0 1 0 0 0.311665 0 0.950192 14.1265
0.948969 0 -0.31537 -3.22566 0 1 0 0 0.31537 0 0.948969 14.753
0.947599 0 -0.319463 -3.48203 0 1 0 0 0.319463 0 0.947599 15.3709
0.947053 0 -0.321076 -3.76272 0 1 0 0 0.321076 0 0.947053 15.9946
0.945014 0 -0.32703 -3.99535 0 1 0 0 0.32703 0 0.945014 16.6682
0.942691 0 -0.333667 -4.25961 0 1 0 0 0.333667 0 0.942691 17.3036
0.940131 0 -0.340815 -4.43911 0 1 0 0 0.340815 0 0.940131 18.0068
0.938955 0 -0.344039 -4.78306 0 1 0 0 0.344039 0 0.938955 18.6632
0.936502 0 -0.350661 -5.05484 0 1 0 0 0.350661 0 0.936502 19.358
0.933978 0 -0.35733 -5.30857 0 1 0 0 0.35733 0 0.933978 20.0775
0.933069 0 -0.359696 -5.68893 0 1 0 0 0.359696 0 0.933069 20.7542
0.930863 0 -0.365367 -6.00358 0 1 0 0 0.365367 0 0.930863 21.4732
0.926584 0 -0.376088 -6.32043 0 1 0 0 0.376088 0 0.926584 22.203
0.923297 0 -0.384086 -6.65598 0 1 0 0 0.384086 0 0.923297 22.9544
0.91889 0 -0.394515 -6.96996 0 1 0 0 0.394515 0 0.91889 23.6984
0.9164 0 -0.400265 -7.381 0 1 0 0 0.400265 0 0.9164 24.4211
0.911753 0 -0.41074 -7.71375 0 1 0 0 0.41074 0 0.911753 25.1838
0.908043 0 -0.418877 -8.10069 0 1 0 0 0.418877 0 0.908043 25.9333
0.904217 0 -0.427074 -8.54077 0 1 0 0 0.427074 0 0.904217 26.6637
0.89923 0 -0.437476 -8.86406 0 1 0 0 0.437476 0 0.89923 27.468
0.89524 0 -0.445583 -9.25898 0 1 0 0 0.445583 0 0.89524 28.2411
0.893451 0 -0.449161 -9.94262 0 1 0 0 0.449161 0 0.893451 28.8817
0.883943 0 -0.467594 -10.2809 0 1 0 0 0.467594 0 0.883943 29.7265
0.883943 0 -0.467594 -10.6192 0 1 0 0 0.467594 0 0.883943 30.5712
0.881242 0 -0.472666 -11.2126 0 1 0 0 0.472666 0 0.881242 31.291
0.878189 0 -0.478315 -11.6961 0 1 0 0 0.478315 0 0.878189 32.0848
0.874467 0 -0.485085 -12.1202 0 1 0 0 0.485085 0 0.874467 32.9249
0.871741 0 -0.489968 -12.6516 0 1 0 0 0.489968 0 0.871741 33.723
0.868596 0 -0.49552 -13.0815 0 1 0 0 0.49552 0 0.868596 34.593
0.866023 0 -0.500005 -13.5661 0 1 0 0 0.500005 0 0.866023 35.4288
0.864311 0 -0.502958 -13.9699 0 1 0 0 0.502958 0 0.864311 36.3445
0.863815 0 -0.503809 -14.5796 0 1 0 0 0.503809 0 0.863815 37.1997
0.864884 0 -0.501972 -15.2042 0 1 0 0 0.501972 0 0.864884 38.0163
0.865442 0 -0.50101 -15.6991 0 1 0 0 0.50101 0 0.865442 38.9395
0.864058 0 -0.503393 -16.2615 0 1 0 0 0.503393 0 0.864058 39.8323
0.864983 0 -0.501801 -16.8152 0 1 0 0 0.501801 0 0.864983 40.7388
0.862937 0 -0.505312 -17.3738 0 1 0 0 0.505312 0 0.862937 41.6523
0.859884 0 -0.51049 -17.9008 0 1 0 0 0.51049 0 0.859884 42.5852
0.856829 0 -0.5156 -18.4367 0 1 0 0 0.5156 0 0.856829 43.5085
0.853446 0 -0.521181 -19.0649 0 1 0 0 0.521181 0 0.853446 44.3765
0.846703 0 -0.532066 -19.578 0 1 0 0 0.532066 0 0.846703 45.3117
0.841458 0 -0.540323 -20.2071 0 1 0 0 0.540323 0 0.841458 46.1869
0.835747 0 -0.549114 -20.8515 0 1 0 0 0.549114 0 0.835747 47.0491
0.829864 0 -0.557965 -21.531 0 1 0 0 0.557965 0 0.829864 47.8824
0.823882 0 -0.566761 -22.0812 0 1 0 0 0.566761 0 0.823882 48.8149
0.82018 0 -0.572106 -22.7241 0 1 0 0 0.572106 0 0.82018 49.6646
0.816281 0 -0.577654 -23.3624 0 1 0 0 0.577654 0 0.816281 50.5117
0.813746 0 -0.58122 -24.0091 0 1 0 0 0.58122 0 0.813746 51.3516
0.809809 0 -0.586694 -24.6331 0 1 0 0 0.586694 0 0.809809 52.2171
0.806635 0 -0.59105 -25.2757 0 1 0 0 0.59105 0 0.806635 53.0736
0.80346 0 -0.595359 -25.9252 0 1 0 0 0.595359 0 0.80346 53.9328
0.800854 0 -0.59886 -26.6099 0 1 0 0 0.59886 0 0.800854 54.7629
0.797289 0 -0.603598 -27.2663 0 1 0 0 0.603598 0 0.797289 55.6152
0.794545 0 -0.607205 -27.9607 0 1 0 0 0.607205 0 0.794545 56.441
0.790059 0 -0.613031 -28.5783 0 1 0 0 0.613031 0 0.790059 57.321
0.785776 0 -0.618512 -29.2881 0 1 0 0 0.618512 0 0.785776 58.1436
0.781768 0 -0.62357 -29.9936 0 1 0 0 0.62357 0 0.781768 58.953
0.776214 0 -0.630469 -30.6668 0 1 0 0 0.630469 0 0.776214 59.7999
0.771165 0 -0.636635 -31.3802 0 1 0 0 0.636635 0 0.771165 60.618
0.765167 0 -0.643832 -32.1081 0 1 0 0 0.643832 0 0.765167 61.4301
0.760212 0 -0.649675 -32.8634 0 1 0 0 0.649675 0 0.760212 62.219
0.75484 0 -0.655909 -33.6081 0 1 0 0 0.655909 0 0.75484 63.0226
0.747573 0 -0.66418 -34.3278 0 1 0 0 0.66418 0 0.747573 63.8715
0.740876 0 -0.671642 -35.1075 0 1 0 0 0.671642 0 0.740876 64.6595
0.733353 0 -0.679848 -35.8371 0 1 0 0 0.679848 0 0.733353 65.478
0.727441 0 -0.68617 -36.6258 0 1 0 0 0.68617 0 0.727441 66.2651
0.721224 0 -0.692701 -37.3737 0 1 0 0 0.692701 0 0.721224 67.0928
0.714369 0 -0.69977 -38.1567 0 1 0 0 0.69977 0 0.714369 67.9027
0.708918 0 -0.705291 -39.0408 0 1 0 0 0.705291 0 0.708918 68.6156
0.704244 0 -0.709958 -39.8085 0 1 0 0 0.709958 0 0.704244 69.4611
0.699513 0 -0.71462 -40.6876 0 1 0 0 0.71462 0 0.699513 70.1907
0.693586 0 -0.720374 -41.4766 0 1 0 0 0.720374 0 0.693586 71.0213
0.690334 0 -0.72349 -42.3491 0 1 0 0 0.72349 0 0.690334 71.7643
0.686568 0 -0.727066 -43.2163 0 1 0 0 0.727066 0 0.686568 72.5213
0.684198 0 -0.729296 -44.1337 0 1 0 0 0.729296 0 0.684198 73.224
0.675634 0 -0.737237 -44.8979 0 1 0 0 0.737237 0 0.675634 74.1241
0.670942 0 -0.74151 -45.8158 0 1 0 0 0.74151 0 0.670942 74.8536
0.664356 0 -0.747417 -46.6226 0 1 0 0 0.747417 0 0.664356 75.7051
0.661033 0 -0.750357 -47.5251 0 1 0 0 0.750357 0 0.661033 76.4521
0.6555 0 -0.755195 -48.4402 0 1 0 0 0.755195 0 0.6555 77.2053
0.649004 0 -0.760785 -49.2678 0 1 0 0 0.760785 0 0.649004 78.0599
0.650366 0 -0.759621 -50.3783 0 1 0 0 0.759621 0 0.650366 78.5915
0.646694 0 -0.76275 -51.2638 0 1 0 0 0.76275 0 0.646694 79.3974
0.639572 0 -0.768731 -52.1318 0 1 0 0 0.768731 0 0.639572 80.2326
0.634034 0 -0.773305 -53.1197 0 1 0 0 0.773305 0 0.634034 80.9272
0.627577 0 -0.778555 -54.0752 0 1 0 0 0.778555 0 0.627577 81.6663
0.616567 0 -0.787303 -55.0068 0 1 0 0 0.787303 0 0.616567 82.4475
0.609238 0 -0.792988 -56.0194 0 1 0 0 0.792988 0 0.609238 83.139
0.600427 0 -0.799679 -57.0303 0 1 0 0 0.799679 0 0.600427 83.8293
0.591086 0 -0.806608 -58.0601 0 1 0 0 0.806608 0 0.591086 84.4937
0.5806 0 -0.814189 -59.0431 0 1 0 0 0.814189 0 0.5806 85.236
0.571721 0 -0.820448 -60.113 0 1 0 0 0.820448 0 0.571721 85.8554
0.561663 0 -0.827366 -61.1564 0 1 0 0 0.827366 0 0.561663 86.5222
0.551488 0 -0.834183 -62.2138 0 1 0 0 0.834183 0 0.551488 87.1721
0.540009 0 -0.841659 -63.2312 0 1 0 0 0.841659 0 0.540009 87.8949
0.530654 0 -0.847588 -64.3502 0 1 0 0 0.847588 0 0.530654 88.46
0.518898 0 -0.854836 -65.3474 0 1 0 0 0.854836 0 0.518898 89.2298
0.509741 0 -0.860328 -66.4789 0 1 0 0 0.860328 0 0.509741 89.7772
0.500908 0 -0.865501 -67.6113 0 1 0 0 0.865501 0 0.500908 90.3451
0.489251 0 -0.872143 -68.6177 0 1 0 0 0.872143 0 0.489251 91.1299
0.483567 0 -0.875308 -69.8311 0 1 0 0 0.875308 0 0.483567 91.5653
0.475067 0 -0.879949 -70.9237 0 1 0 0 0.879949 0 0.475067 92.2242
0.467726 0 -0.883874 -72.0734 0 1 0 0 0.883874 0 0.467726 92.7609
0.463173 0 -0.886268 -73.2821 0 1 0 0 0.886268 0 0.463173 93.194
0.455643 0 -0.890163 -74.3783 0 1 0 0 0.890163 0 0.455643 93.854
0.450165 0 -0.892945 -75.518 0 1 0 0 0.892945 0 0.450165 94.4288
0.446818 0 -0.894625 -76.6903 0 1 0 0 0.894625 0 0.446818 94.915
0.441898 0 -0.897066 -77.8285 0 1 0 0 0.897066 0 0.441898 95.4838
0.437715 0 -0.899114 -78.9999 0 1 0 0 0.899114 0 0.437715 96.075
0.434874 0 -0.900491 -80.1076 0 1 0 0 0.900491 0 0.434874 96.5831
0.429724 0 -0.90296 -81.2167 0 1 0 0 0.90296 0 0.429724 97.1702
0.429358 0 -0.903135 -82.3826 0 1 0 0 0.903135 0 0.429358 97.6308
0.427326 0 -0.904098 -83.5196 0 1 0 0 0.904098 0 0.427326 98.1443
0.423162 0 -0.906054 -84.5895 0 1 0 0 0.906054 0 0.423162 98.7706
0.42544 0 -0.904986 -85.7638 0 1 0 0 0.904986 0 0.42544 99.1156
0.409784 0 -0.912183 -86.6489 0 1 0 0 0.912183 0 0.409784 100.029
0.419613 0 -0.907703 -87.8955 0 1 0 0 0.907703 0 0.419613 100.232
0.420621 0 -0.907236 -89.0174 0 1 0 0 0.907236 0 0.420621 100.635
0.423927 0 -0.905697 -90.1193 0 1 0 0 0.905697 0 0.423927 101.041
0.419815 0 -0.90761 -91.146 0 1 0 0 0.90761 0 0.419815 101.6
0.42193 0 -0.906628 -92.2186 0 1 0 0 0.906628 0 0.42193 102.026
0.425468 0 -0.904974 -93.2508 0 1 0 0 0.904974 0 0.425468 102.506
0.427795 0 -0.903876 -94.2791 0 1 0 0 0.903876 0 0.427795 102.984
0.434158 0 -0.900837 -95.2991 0 1 0 0 0.900837 0 0.434158 103.465
0.438479 0 -0.898741 -96.2832 0 1 0 0 0.898741 0 0.438479 104.014
0.446244 0 -0.894911 -97.3101 0 1 0 0 0.894911 0 0.446244 104.467
0.447348 0 -0.89436 -98.2152 0 1 0 0 0.89436 0 0.447348 105.135
0.462976 0 -0.886371 -99.2941 0 1 0 0 0.886371 0 0.462976 105.482
0.4697 0 -0.882826 -100.235 0 1 0 0 0.882826 0 0.4697 106.074
0.479345 0 -0.877627 -101.209 0 1 0 0 0.877627 0 0.479345 106.587
0.492753 0 -0.870169 -102.195 0 1 0 0 0.870169 0 0.492753 107.069
0.502235 0 -0.864731 -103.091 0 1 0 0 0.864731 0 0.502235 107.706
0.512219 0 -0.858855 -104.018 0 1 0 0 0.858855 0 0.512219 108.29
0.528317 0 -0.849047 -104.965 0 1 0 0 0.849047 0 0.528317 108.841
0.538184 0 -0.842828 -105.865 0 1 0 0 0.842828 0 0.538184 109.465
0.550999 0 -0.834506 -106.778 0 1 0 0 0.834506 0 0.550999 110.053
0.563501 0 -0.826115 -107.69 0 1 0 0 0.826115 0 0.563501 110.636
0.567186 0 -0.82359 -108.44 0 1 0 0 0.82359 0 0.567186 111.413
0.579907 0 -0.814683 -109.325 0 1 0 0 0.814683 0 0.579907 111.995
0.592502 0 -0.805569 -110.199 0 1 0 0 0.805569 0 0.592502 112.578
0.596863 0 -0.802343 -110.932 0 1 0 0 0.802343 0 0.596863 113.335
0.611448 0 -0.791284 -111.805 0 1 0 0 0.791284 0 0.611448 113.899
0.622234 0 -0.782832 -112.636 0 1 0 0 0.782832 0 0.622234 114.491
0.629247 0 -0.777206 -113.345 0 1 0 0 0.777206 0 0.629247 115.232
0.638597 0 -0.769541 -114.093 0 1 0 0 0.769541 0 0.638597 115.899
0.647691 0 -0.761903 -114.849 0 1 0 0 0.761903 0 0.647691 116.547
0.657631 0 -0.75334 -115.596 0 1 0 0 0.75334 0 0.657631 117.194
0.665231 0 -0.746638 -116.266 0 1 0 0 0.746638 0 0.665231 117.911
0.673732 0 -0.738976 -116.995 0 1 0 0 0.738976 0 0.673732 118.554
0.681851 0 -0.731491 -117.699 0 1 0 0 0.731491 0 0.681851 119.209
0.688711 0 -0.725036 -118.364 0 1 0 0 0.725036 0 0.688711 119.892
0.696575 0 -0.717484 -119.048 0 1 0 0 0.717484 0 0.696575 120.543
0.703425 0 -0.710769 -119.667 0 1 0 0 0.710769 0 0.703425 121.223
0.710542 0 -0.703655 -120.28 0 1 0 0 0.703655 0 0.710542 121.9
0.718454 0 -0.695574 -120.915 0 1 0 0 0.695574 0 0.718454 122.525
0.726201 0 -0.687482 -121.517 0 1 0 0 0.687482 0 0.726201 123.175
0.735005 0 -0.678062 -122.09 0 1 0 0 0.678062 0 0.735005 123.838
0.744648 0 -0.667457 -122.67 0 1 0 0 0.667457 0 0.744648 124.494
0.754653 0 -0.656124 -123.227 0 1 0 0 0.656124 0 0.754653 125.162
0.764302 0 -0.644858 -123.742 0 1 0 0 0.644858 0 0.764302 125.829
0.774401 0 -0.632695 -124.269 0 1 0 0 0.632695 0 0.774401 126.491
0.784185 0 -0.620527 -124.77 0 1 0 0 0.620527 0 0.784185 127.168
0.794447 0 -0.607333 -125.263 0 1 0 0 0.607333 0 0.794447 127.854
0.804716 0 -0.593659 -125.74 0 1 0 0 0.593659 0 0.804716 128.544
0.814178 0 -0.580615 -126.214 0 1 0 0 0.580615 0 0.814178 129.238
0.823798 0 -0.566884 -126.694 0 1 0 0 0.566884 0 0.823798 129.928
0.831534 0 -0.555473 -127.115 0 1 0 0 0.555473 0 0.831534 130.654
0.838832 0 -0.54439 -127.55 0 1 0 0 0.54439 0 0.838832 131.367
0.845615 0 -0.533793 -127.983 0 1 0 0 0.533793 0 0.845615 132.085
0.852375 0 -0.522931 -128.417 0 1 0 0 0.522931 0 0.852375 132.819
0.859216 0 -0.511614 -128.83 0 1 0 0 0.511614 0 0.859216 133.535
0.865563 0 -0.500799 -129.241 0 1 0 0 0.500799 0 0.865563 134.273
0.871508 0 -0.490381 -129.645 0 1 0 0 0.490381 0 0.871508 135.019
0.876732 0 -0.480978 -130.04 0 1 0 0 0.480978 0 0.876732 135.778
0.881215 0 -0.472715 -130.434 0 1 0 0 0.472715 0 0.881215 136.539
0.88508 0 -0.46544 -130.847 0 1 0 0 0.46544 0 0.88508 137.306
0.888116 0 -0.459619 -131.241 0 1 0 0 0.459619 0 0.888116 138.097
0.891136 0 -0.453737 -131.627 0 1 0 0 0.453737 0 0.891136 138.907
0.894873 0 -0.446321 -132.036 0 1 0 0 0.446321 0 0.894873 139.707
0.897559 0 -0.440894 -132.399 0 1 0 0 0.440894 0 0.897559 140.544
0.901177 0 -0.433452 -132.812 0 1 0 0 0.433452 0 0.901177 141.373
0.904324 0 -0.426847 -133.19 0 1 0 0 0.426847 0 0.904324 142.232
0.907765 0 -0.419479 -133.572 0 1 0 0 0.419479 0 0.907765 143.102
0.911622 0 -0.411031 -133.972 0 1 0 0 0.411031 0 0.911622 143.977
0.915524 0 -0.402264 -134.373 0 1 0 0 0.402264 0 0.915524 144.862
0.919234 0 -0.393711 -134.726 0 1 0 0 0.393711 0 0.919234 145.782
0.923368 0 -0.383917 -135.105 0 1 0 0 0.383917 0 0.923368 146.702
0.92778 0 -0.373128 -135.477 0 1 0 0 0.373128 0 0.92778 147.657
0.933049 0 -0.359749 -135.815 0 1 0 0 0.359749 0 0.933049 148.598
0.939182 0 -0.343421 -136.16 0 1 0 0 0.343421 0 0.939182 149.572
0.945621 0 -0.325271 -136.471 0 1 0 0 0.325271 0 0.945621 150.571
0.952292 0 -0.305189 -136.759 0 1 0 0 0.305189 0 0.952292 151.591
0.958962 0 -0.283535 -137.064 0 1 0 0 0.283535 0 0.958962 152.608
0.964889 0 -0.262657 -137.279 0 1 0 0 0.262657 0 0.964889 153.665
0.970283 0 -0.241972 -137.453 0 1 0 0 0.241972 0 0.970283 154.746
0.975624 0 -0.219449 -137.718 0 1 0 0 0.219449 0 0.975624 155.812
0.980422 0 -0.196906 -137.891 0 1 0 0 0.196906 0 0.980422 156.917
0.984592 0 -0.174867 -138.048 0 1 0 0 0.174867 0 0.984592 158.037
0.988263 0 -0.152764 -138.155 0 1 0 0 0.152764 0 0.988263 159.169
0.991389 0 -0.13095 -138.288 0 1 0 0 0.13095 0 0.991389 160.314
0.994031 0 -0.109095 -138.444 0 1 0 0 0.109095 0 0.994031 161.467
0.99602 0 -0.0891315 -138.472 0 1 0 0 0.0891315 0 0.99602 162.651
0.997603 0 -0.0691935 -138.546 0 1 0 0 0.0691935 0 0.997603 163.847
0.998845 0 -0.0480457 -138.604 0 1 0 0 0.0480457 0 0.998845 165.048
0.999595 0 -0.0284632 -138.562 0 1 0 0 0.0284632 0 0.999595 166.279
0.999967 0 -0.0081075 -138.536 0 1 0 0 0.0081075 0 0.999967 167.501
0.999915 0 0.0130262 -138.512 0 1 0 0 -0.0130262 0 0.999915 168.741
0.999477 0 0.0323517 -138.412 0 1 0 0 -0.0323517 0 0.999477 169.985
0.998651 0 0.0519321 -138.279 0 1 0 0 -0.0519321 0 0.998651 171.232
0.997424 0 0.0717367 -138.173 0 1 0 0 -0.0717367 0 0.997424 172.5
0.995915 0 0.0902949 -138.028 0 1 0 0 -0.0902949 0 0.995915 173.776
0.994004 0 0.109342 -137.856 0 1 0 0 -0.109342 0 0.994004 175.053
0.991737 0 0.128288 -137.651 0 1 0 0 -0.128288 0 0.991737 176.335
0.989263 0 0.146145 -137.413 0 1 0 0 -0.146145 0 0.989263 177.626
0.986511 0 0.163693 -137.156 0 1 0 0 -0.163693 0 0.986511 178.924
0.983324 0 0.181865 -136.871 0 1 0 0 -0.181865 0 0.983324 180.232
0.980019 0 0.198906 -136.556 0 1 0 0 -0.198906 0 0.980019 181.539
0.976367 0 0.216121 -136.226 0 1 0 0 -0.216121 0 0.976367 182.865
0.972362 0 0.233477 -135.853 0 1 0 0 -0.233477 0 0.972362 184.192
0.968164 0 0.250315 -135.485 0 1 0 0 -0.250315 0 0.968164 185.519
0.963792 0 0.266656 -135.101 0 1 0 0 -0.266656 0 0.963792 186.853
0.958985 0 0.283456 -134.671 0 1 0 0 -0.283456 0 0.958985 188.185
0.953729 0 0.300666 -134.208 0 1 0 0 -0.300666 0 0.953729 189.515
0.947845 0 0.31873 -133.777 0 1 0 0 -0.31873 0 0.947845 190.87
0.941982 0 0.335664 -133.236 0 1 0 0 -0.335664 0 0.941982 192.189
0.935596 0 0.353073 -132.771 0 1 0 0 -0.353073 0 0.935596 193.552
0.928698 0 0.370837 -132.183 0 1 0 0 -0.370837 0 0.928698 194.877
0.920828 0 0.389969 -131.587 0 1 0 0 -0.389969 0 0.920828 196.195
0.911159 0 0.412054 -131.037 0 1 0 0 -0.412054 0 0.911159 197.559
0.900101 0 0.435681 -130.398 0 1 0 0 -0.435681 0 0.900101 198.882
0.887653 0 0.460513 -129.652 0 1 0 0 -0.460513 0 0.887653 200.171
0.873966 0 0.485987 -128.938 0 1 0 0 -0.485987 0 0.873966 201.474
0.859596 0 0.510973 -128.096 0 1 0 0 -0.510973 0 0.859596 202.705
0.845325 0 0.534253 -127.264 0 1 0 0 -0.534253 0 0.845325 203.958
0.829669 0 0.558255 -126.447 0 1 0 0 -0.558255 0 0.829669 205.216
0.814654 0 0.579947 -125.421 0 1 0 0 -0.579947 0 0.814654 206.335
0.799582 0 0.600557 -124.516 0 1 0 0 -0.600557 0 0.799582 207.537
0.783128 0 0.62186 -123.6 0 1 0 0 -0.62186 0 0.783128 208.743
0.767222 0 0.641382 -122.53 0 1 0 0 -0.641382 0 0.767222 209.828
0.752293 0 0.658829 -121.493 0 1 0 0 -0.658829 0 0.752293 210.95
0.737239 0 0.675632 -120.457 0 1 0 0 -0.675632 0 0.737239 212.069
0.722916 0 0.690936 -119.297 0 1 0 0 -0.690936 0 0.722916 213.065
0.708047 0 0.706166 -118.228 0 1 0 0 -0.706166 0 0.708047 214.163
0.693407 0 0.720546 -117.11 0 1 0 0 -0.720546 0 0.693407 215.22
0.67866 0 0.734452 -115.95 0 1 0 0 -0.734452 0 0.67866 216.229
0.662764 0 0.748828 -114.782 0 1 0 0 -0.748828 0 0.662764 217.241
0.648325 0 0.761363 -113.558 0 1 0 0 -0.761363 0 0.648325 218.178
0.62915 0 0.777284 -112.411 0 1 0 0 -0.777284 0 0.62915 219.208
0.612449 0 0.79051 -111.131 0 1 0 0 -0.79051 0 0.612449 220.044
0.599541 0 0.800344 -109.953 0 1 0 0 -0.800344 0 0.599541 221.001
0.579108 0 0.815251 -108.726 0 1 0 0 -0.815251 0 0.579108 221.861
0.56198 0 0.827151 -107.427 0 1 0 0 -0.827151 0 0.56198 222.587
0.543801 0 0.839214 -106.216 0 1 0 0 -0.839214 0 0.543801 223.442
0.52341 0 0.852081 -104.94 0 1 0 0 -0.852081 0 0.52341 224.171
0.502133 0 0.86479 -103.652 0 1 0 0 -0.86479 0 0.502133 224.853
0.480132 0 0.877196 -102.405 0 1 0 0 -0.877196 0 0.480132 225.57
0.460554 0 0.887632 -101.092 0 1 0 0 -0.887632 0 0.460554 226.132
0.438943 0 0.898515 -99.8155 0 1 0 0 -0.898515 0 0.438943 226.743
0.418828 0 0.908066 -98.5263 0 1 0 0 -0.908066 0 0.418828 227.277
0.397414 0 0.917639 -97.244 0 1 0 0 -0.917639 0 0.397414 227.81
0.376627 0 0.926365 -95.9438 0 1 0 0 -0.926365 0 0.376627 228.252
0.355109 0 0.934825 -94.6877 0 1 0 0 -0.934825 0 0.355109 228.77
0.336661 0 0.941626 -93.3755 0 1 0 0 -0.941626 0 0.336661 229.096
0.315848 0 0.94881 -92.1134 0 1 0 0 -0.94881 0 0.315848 229.525
0.296805 0 0.954938 -90.8594 0 1 0 0 -0.954938 0 0.296805 229.885
0.27835 0 0.96048 -89.5976 0 1 0 0 -0.96048 0 0.27835 230.189
0.259329 0 0.965789 -88.3448 0 1 0 0 -0.965789 0 0.259329 230.491
0.239655 0 0.970858 -87.1 0 1 0 0 -0.970858 0 0.239655 230.785
0.220206 0 0.975453 -85.8621 0 1 0 0 -0.975453 0 0.220206 231.044
0.201254 0 0.979539 -84.6287 0 1 0 0 -0.979539 0 0.201254 231.277
0.181904 0 0.983316 -83.4008 0 1 0 0 -0.983316 0 0.181904 231.493
0.164277 0 0.986414 -82.1697 0 1 0 0 -0.986414 0 0.164277 231.637
0.145403 0 0.989372 -80.9553 0 1 0 0 -0.989372 0 0.145403 231.801
0.127294 0 0.991865 -79.7484 0 1 0 0 -0.991865 0 0.127294 231.929
0.108768 0 0.994067 -78.5492 0 1 0 0 -0.994067 0 0.108768 232.03
0.0912382 0 0.995829 -77.359 0 1 0 0 -0.995829 0 0.0912382 232.125
0.0763797 0 0.997079 -76.1705 0 1 0 0 -0.997079 0 0.0763797 232.169
0.0623214 0 0.998056 -74.9788 0 1 0 0 -0.998056 0 0.0623214 232.225
0.0497115 0 0.998764 -73.8409 0 1 0 0 -0.998764 0 0.0497115 232.288
0.0392616 0 0.999229 -72.6998 0 1 0 0 -0.999229 0 0.0392616 232.294
0.0317226 0 0.999497 -71.5747 0 1 0 0 -0.999497 0 0.0317226 232.298
0.0246142 0 0.999697 -70.4585 0 1 0 0 -0.999697 0 0.0246142 232.327
0.0193064 0 0.999814 -69.358 0 1 0 0 -0.999814 0 0.0193064 232.341
0.0138928 0 0.999903 -68.2755 0 1 0 0 -0.999903 0 0.0138928 232.365
0.00905639 0 0.999959 -67.196 0 1 0 0 -0.999959 0 0.00905639 232.368
0.00574966 0 0.999983 -66.1152 0 1 0 0 -0.999983 0 0.00574966 232.372
0.00327167 0 0.999995 -65.0399 0 1 0 0 -0.999995 0 0.00327167 232.368
0.00159032 0 0.999999 -63.983 0 1 0 0 -0.999999 0 0.00159032 232.377
0.00132397 0 0.999999 -62.9392 0 1 0 0 -0.999999 0 0.00132397 232.387
0.00270246 0 0.999996 -61.9035 0 1 0 0 -0.999996 0 0.00270246 232.372
0.00394287 0 0.999992 -60.8768 0 1 0 0 -0.999992 0 0.00394287 232.393
0.00754899 0 0.999972 -59.852 0 1 0 0 -0.999972 0 0.00754899 232.386
0.0107276 0 0.999942 -58.8363 0 1 0 0 -0.999942 0 0.0107276 232.416
0.013994 0 0.999902 -57.8259 0 1 0 0 -0.999902 0 0.013994 232.46
0.0202186 0 0.999796 -56.8221 0 1 0 0 -0.999796 0 0.0202186 232.479
0.0251354 0 0.999684 -55.8157 0 1 0 0 -0.999684 0 0.0251354 232.547
0.0318205 0 0.999494 -54.8116 0 1 0 0 -0.999494 0 0.0318205 232.605
0.0390126 0 0.999239 -53.8234 0 1 0 0 -0.999239 0 0.0390126 232.647
0.0469969 0 0.998895 -52.8343 0 1 0 0 -0.998895 0 0.0469969 232.692
0.0530629 0 0.998591 -51.8467 0 1 0 0 -0.998591 0 0.0530629 232.78
0.0601241 0 0.998191 -50.8594 0 1 0 0 -0.998191 0 0.0601241 232.849
0.0670242 0 0.997751 -49.8765 0 1 0 0 -0.997751 0 0.0670242 232.945
0.0739208 0 0.997264 -48.8952 0 1 0 0 -0.997264 0 0.0739208 233.022
0.0808416 0 0.996727 -47.9236 0 1 0 0 -0.996727 0 0.0808416 233.114
0.087676 0 0.996149 -46.9564 0 1 0 0 -0.996149 0 0.087676 233.222
0.0941874 0 0.995554 -45.9903 0 1 0 0 -0.995554 0 0.0941874 233.332
0.100745 0 0.994912 -45.0257 0 1 0 0 -0.994912 0 0.100745 233.451
0.108614 0 0.994084 -44.0658 0 1 0 0 -0.994084 0 0.108614 233.575
0.11433 0 0.993443 -43.1074 0 1 0 0 -0.993443 0 0.11433 233.713
0.121236 0 0.992624 -42.1504 0 1 0 0 -0.992624 0 0.121236 233.847
0.127914 0 0.991785 -41.1933 0 1 0 0 -0.991785 0 0.127914 233.989
0.13431 0 0.990939 -40.2401 0 1 0 0 -0.990939 0 0.13431 234.123
0.140773 0 0.990042 -39.2958 0 1 0 0 -0.990042 0 0.140773 234.291
0.147113 0 0.98912 -38.3567 0 1 0 0 -0.98912 0 0.147113 234.477
0.15624 0 0.987719 -37.4153 0 1 0 0 -0.987719 0 0.15624 234.629
0.165012 0 0.986292 -36.4818 0 1 0 0 -0.986292 0 0.165012 234.807
0.174362 0 0.984682 -35.5569 0 1 0 0 -0.984682 0 0.174362 235.001
0.183127 0 0.983089 -34.6361 0 1 0 0 -0.983089 0 0.183127 235.201
0.187783 0 0.98221 -33.7131 0 1 0 0 -0.98221 0 0.187783 235.402
0.188954 0 0.981986 -32.8127 0 1 0 0 -0.981986 0 0.188954 235.698
0.192845 0 0.981229 -31.8641 0 1 0 0 -0.981229 0 0.192845 235.834
0.198571 0 0.980087 -30.916 0 1 0 0 -0.980087 0 0.198571 235.971
0.197545 0 0.980294 -29.9924 0 1 0 0 -0.980294 0 0.197545 236.262
0.202038 0 0.979378 -29.0369 0 1 0 0 -0.979378 0 0.202038 236.43
0.205243 0 0.978711 -28.0832 0 1 0 0 -0.978711 0 0.205243 236.63
0.208999 0 0.977916 -27.1307 0 1 0 0 -0.977916 0 0.208999 236.854
0.211593 0 0.977358 -26.1757 0 1 0 0 -0.977358 0 0.211593 237.084
0.215999 0 0.976394 -25.2114 0 1 0 0 -0.976394 0 0.215999 237.296
0.219898 0 0.975523 -24.2481 0 1 0 0 -0.975523 0 0.219898 237.512
0.22573 0 0.97419 -23.2846 0 1 0 0 -0.97419 0 0.22573 237.735
0.232587 0 0.972576 -22.323 0 1 0 0 -0.972576 0 0.232587 237.971
0.239982 0 0.970777 -21.3606 0 1 0 0 -0.970777 0 0.239982 238.211
0.245262 0 0.969457 -20.4082 0 1 0 0 -0.969457 0 0.245262 238.514
0.254541 0 0.967062 -19.4376 0 1 0 0 -0.967062 0 0.254541 238.756
0.264077 0 0.964502 -18.4927 0 1 0 0 -0.964502 0 0.264077 239.023
0.274274 0 0.961652 -17.5491 0 1 0 0 -0.961652 0 0.274274 239.324
0.285301 0 0.958438 -16.6029 0 1 0 0 -0.958438 0 0.285301 239.617
0.296171 0 0.955135 -15.663 0 1 0 0 -0.955135 0 0.296171 239.935
0.306517 0 0.951865 -14.7359 0 1 0 0 -0.951865 0 0.306517 240.278
0.317363 0 0.948304 -13.8037 0 1 0 0 -0.948304 0 0.317363 240.614
0.327314 0 0.944916 -12.8843 0 1 0 0 -0.944916 0 0.327314 240.981
0.337643 0 0.941274 -11.971 0 1 0 0 -0.941274 0 0.337643 241.353
0.347829 0 0.937558 -11.0501 0 1 0 0 -0.937558 0 0.347829 241.715
0.35697 0 0.934116 -10.1352 0 1 0 0 -0.934116 0 0.35697 242.085
0.36448 0 0.931211 -9.22947 0 1 0 0 -0.931211 0 0.36448 242.484
0.372466 0 0.928046 -8.31779 0 1 0 0 -0.928046 0 0.372466 242.863
0.380845 0 0.924639 -7.41217 0 1 0 0 -0.924639 0 0.380845 243.252
0.388004 0 0.921658 -6.52406 0 1 0 0 -0.921658 0 0.388004 243.671
0.395856 0 0.918313 -5.63042 0 1 0 0 -0.918313 0 0.395856 244.074
0.404097 0 0.914716 -4.74571 0 1 0 0 -0.914716 0 0.404097 244.487
0.411943 0 0.91121 -3.87005 0 1 0 0 -0.91121 0 0.411943 244.909
0.42064 0 0.907227 -2.99687 0 1 0 0 -0.907227 0 0.42064 245.327
0.429254 0 0.903184 -2.14314 0 1 0 0 -0.903184 0 0.429254 245.767
0.437517 0 0.89921 -1.28242 0 1 0 0 -0.89921 0 0.437517 246.2
0.445395 0 0.895334 -0.435767 0 1 0 0 -0.895334 0 0.445395 246.665
0.454777 0 0.890605 0.40044 0 1 0 0 -0.890605 0 0.454777 247.102
0.462659 0 0.886537 1.22405 0 1 0 0 -0.886537 0 0.462659 247.573
0.471104 0 0.882078 2.05191 0 1 0 0 -0.882078 0 0.471104 248.027
0.478491 0 0.878093 2.86377 0 1 0 0 -0.878093 0 0.478491 248.519
0.487264 0 0.873255 3.67866 0 1 0 0 -0.873255 0 0.487264 248.984
0.495833 0 0.868418 4.48988 0 1 0 0 -0.868418 0 0.495833 249.456
0.504084 0 0.863654 5.27522 0 1 0 0 -0.863654 0 0.504084 249.961
0.512257 0 0.858832 6.07621 0 1 0 0 -0.858832 0 0.512257 250.445
0.519836 0 0.854266 6.86815 0 1 0 0 -0.854266 0 0.519836 250.948
0.526267 0 0.850319 7.65724 0 1 0 0 -0.850319 0 0.526267 251.461
0.531106 0 0.847305 8.44845 0 1 0 0 -0.847305 0 0.531106 251.969
0.535664 0 0.844431 9.24201 0 1 0 0 -0.844431 0 0.535664 252.482
0.538005 0 0.842942 10.0265 0 1 0 0 -0.842942 0 0.538005 253.021
0.541264 0 0.840853 10.8395 0 1 0 0 -0.840853 0 0.541264 253.53
0.543199 0 0.839604 11.6296 0 1 0 0 -0.839604 0 0.543199 254.066
0.543648 0 0.839313 12.4153 0 1 0 0 -0.839313 0 0.543648 254.609
0.546428 0 0.837506 13.2165 0 1 0 0 -0.837506 0 0.546428 255.125
0.545392 0 0.838181 13.9889 0 1 0 0 -0.838181 0 0.545392 255.69
0.549261 0 0.835651 14.8168 0 1 0 0 -0.835651 0 0.549261 256.185
0.549102 0 0.835755 15.59 0 1 0 0 -0.835755 0 0.549102 256.758
0.553946 0 0.832553 16.4591 0 1 0 0 -0.832553 0 0.553946 257.182
0.553525 0 0.832833 17.2162 0 1 0 0 -0.832833 0 0.553525 257.793
0.559169 0 0.829053 18.1222 0 1 0 0 -0.829053 0 0.559169 258.151
0.554035 0 0.832494 18.7985 0 1 0 0 -0.832494 0 0.554035 258.89
0.558384 0 0.829582 19.6885 0 1 0 0 -0.829582 0 0.558384 259.295
0.560899 0 0.827884 20.5194 0 1 0 0 -0.827884 0 0.560899 259.801
0.558162 0 0.829732 21.2679 0 1 0 0 -0.829732 0 0.558162 260.444
0.559918 0 0.828548 22.1076 0 1 0 0 -0.828548 0 0.559918 260.962
0.559943 0 0.828531 22.9188 0 1 0 0 -0.828531 0 0.559943 261.525
0.564359 0 0.825529 23.7854 0 1 0 0 -0.825529 0 0.564359 261.995
0.562867 0 0.826547 24.5608 0 1 0 0 -0.826547 0 0.562867 262.614
0.565927 0 0.824455 25.3911 0 1 0 0 -0.824455 0 0.565927 263.142
0.568519 0 0.82267 26.2103 0 1 0 0 -0.82267 0 0.568519 263.688
0.570148 0 0.821542 27.0124 0 1 0 0 -0.821542 0 0.570148 264.26
0.57249 0 0.819911 27.812 0 1 0 0 -0.819911 0 0.57249 264.825
0.574164 0 0.81874 28.5908 0 1 0 0 -0.81874 0 0.574164 265.418
0.577655 0 0.816281 29.3897 0 1 0 0 -0.816281 0 0.577655 265.985
0.58211 0 0.81311 30.1911 0 1 0 0 -0.81311 0 0.58211 266.557
0.588264 0 0.808669 30.9819 0 1 0 0 -0.808669 0 0.588264 267.131
0.592896 0 0.805279 31.7373 0 1 0 0 -0.805279 0 0.592896 267.753
0.599575 0 0.800319 32.5132 0 1 0 0 -0.800319 0 0.599575 268.338
0.605661 0 0.795722 33.2943 0 1 0 0 -0.795722 0 0.605661 268.94
0.611763 0 0.791041 34.0269 0 1 0 0 -0.791041 0 0.611763 269.564
0.618661 0 0.785658 34.7898 0 1 0 0 -0.785658 0 0.618661 270.178
0.62556 0 0.780176 35.5265 0 1 0 0 -0.780176 0 0.62556 270.817
0.63396 0 0.773366 36.2764 0 1 0 0 -0.773366 0 0.63396 271.437
0.642768 0 0.766061 37.0069 0 1 0 0 -0.766061 0 0.642768 272.101
0.651544 0 0.758611 37.723 0 1 0 0 -0.758611 0 0.651544 272.756
0.660462 0 0.750859 38.4627 0 1 0 0 -0.750859 0 0.660462 273.429
0.669337 0 0.742959 39.1608 0 1 0 0 -0.742959 0 0.669337 274.106
0.675638 0 0.737234 39.7723 0 1 0 0 -0.737234 0 0.675638 274.891
0.685567 0 0.728009 40.5209 0 1 0 0 -0.728009 0 0.685567 275.558
0.694151 0 0.71983 41.2257 0 1 0 0 -0.71983 0 0.694151 276.276
0.702173 0 0.712006 41.9096 0 1 0 0 -0.712006 0 0.702173 277.019
0.710476 0 0.703722 42.5908 0 1 0 0 -0.703722 0 0.710476 277.778
0.718463 0 0.695565 43.2616 0 1 0 0 -0.695565 0 0.718463 278.54
0.728284 0 0.685276 43.9773 0 1 0 0 -0.685276 0 0.728284 279.277
0.736834 0 0.676074 44.6125 0 1 0 0 -0.676074 0 0.736834 280.094
0.746834 0 0.66501 45.2932 0 1 0 0 -0.66501 0 0.746834 280.869
0.755239 0 0.65545 45.9438 0 1 0 0 -0.65545 0 0.755239 281.681
0.764586 0 0.644522 46.5924 0 1 0 0 -0.644522 0 0.764586 282.499
0.77356 0 0.633724 47.2279 0 1 0 0 -0.633724 0 0.77356 283.333
0.782551 0 0.622586 47.8701 0 1 0 0 -0.622586 0 0.782551 284.169
0.791025 0 0.611784 48.486 0 1 0 0 -0.611784 0 0.791025 285.031
0.798944 0 0.601405 49.1018 0 1 0 0 -0.601405 0 0.798944 285.892
0.805395 0 0.592739 49.7011 0 1 0 0 -0.592739 0 0.805395 286.775
0.811094 0 0.584915 50.3012 0 1 0 0 -0.584915 0 0.811094 287.661
0.81669 0 0.577077 50.9001 0 1 0 0 -0.577077 0 0.81669 288.552
0.822373 0 0.568948 51.4928 0 1 0 0 -0.568948 0 0.822373 289.454
0.827311 0 0.561744 52.0842 0 1 0 0 -0.561744 0 0.827311 290.362
0.832296 0 0.554332 52.6593 0 1 0 0 -0.554332 0 0.832296 291.29
0.836992 0 0.547215 53.2498 0 1 0 0 -0.547215 0 0.836992 292.209
0.840887 0 0.541211 53.8096 0 1 0 0 -0.541211 0 0.840887 293.154
0.844581 0 0.535428 54.3804 0 1 0 0 -0.535428 0 0.844581 294.096
0.847235 0 0.531219 54.9419 0 1 0 0 -0.531219 0 0.847235 295.048
0.849282 0 0.527939 55.519 0 1 0 0 -0.527939 0 0.849282 295.992
0.84986 0 0.527009 56.0634 0 1 0 0 -0.527009 0 0.84986 296.956
0.851383 0 0.524544 56.6558 0 1 0 0 -0.524544 0 0.851383 297.899
0.852039 0 0.523478 57.2407 0 1 0 0 -0.523478 0 0.852039 298.856
0.853701 0 0.520764 57.8516 0 1 0 0 -0.520764 0 0.853701 299.805
0.853575 0 0.52097 58.4159 0 1 0 0 -0.52097 0 0.853575 300.781
0.854025 0 0.520231 58.9936 0 1 0 0 -0.520231 0 0.854025 301.754
0.85402 0 0.520241 59.5554 0 1 0 0 -0.520241 0 0.85402 302.739
0.855457 0 0.517874 60.1557 0 1 0 0 -0.517874 0 0.855457 303.705
0.856557 0 0.516052 60.7264 0 1 0 0 -0.516052 0 0.856557 304.691
0.857894 0 0.513827 61.3014 0 1 0 0 -0.513827 0 0.857894 305.68
0.859774 0 0.510675 61.8612 0 1 0 0 -0.510675 0 0.859774 306.679
0.863397 0 0.504524 62.4294 0 1 0 0 -0.504524 0 0.863397 307.669
0.868061 0 0.496457 62.9916 0 1 0 0 -0.496457 0 0.868061 308.663
0.873218 0 0.48733 63.5145 0 1 0 0 -0.48733 0 0.873218 309.678
0.879269 0 0.476325 64.0322 0 1 0 0 -0.476325 0 0.879269 310.698
0.88531 0 0.465001 64.5313 0 1 0 0 -0.465001 0 0.88531 311.722
0.891224 0 0.453564 65.0217 0 1 0 0 -0.453564 0 0.891224 312.747
0.897158 0 0.44171 65.4867 0 1 0 0 -0.44171 0 0.897158 313.781
0.902773 0 0.430118 65.9377 0 1 0 0 -0.430118 0 0.902773 314.82
0.90833 0 0.418253 66.3794 0 1 0 0 -0.418253 0 0.90833 315.855
0.913943 0 0.405842 66.788 0 1 0 0 -0.405842 0 0.913943 316.903
0.919586 0 0.392888 67.2193 0 1 0 0 -0.392888 0 0.919586 317.942
0.924536 0 0.381096 67.5858 0 1 0 0 -0.381096 0 0.924536 319
0.929557 0 0.368678 67.9654 0 1 0 0 -0.368678 0 0.929557 320.05
0.933828 0 0.357723 68.3247 0 1 0 0 -0.357723 0 0.933828 321.104
0.936926 0 0.349527 68.6667 0 1 0 0 -0.349527 0 0.936926 322.163
0.939555 0 0.342399 69.0238 0 1 0 0 -0.342399 0 0.939555 323.215
0.941467 0 0.337106 69.3767 0 1 0 0 -0.337106 0 0.941467 324.267
0.943101 0 0.332507 69.7234 0 1 0 0 -0.332507 0 0.943101 325.321
0.944783 0 0.327697 70.0739 0 1 0 0 -0.327697 0 0.944783 326.372
0.946305 0 0.323276 70.4166 0 1 0 0 -0.323276 0 0.946305 327.424
0.948141 0 0.317849 70.7542 0 1 0 0 -0.317849 0 0.948141 328.475
0.949782 0 0.312912 71.0816 0 1 0 0 -0.312912 0 0.949782 329.526
0.951461 0 0.307768 71.4024 0 1 0 0 -0.307768 0 0.951461 330.582
0.953351 0 0.301866 71.7145 0 1 0 0 -0.301866 0 0.953351 331.637
0.95553 0 0.294894 72.0203 0 1 0 0 -0.294894 0 0.95553 332.695
0.957763 0 0.28756 72.3446 0 1 0 0 -0.28756 0 0.957763 333.749
0.959357 0 0.282195 72.6009 0 1 0 0 -0.282195 0 0.959357 334.818
0.960992 0 0.276575 72.8866 0 1 0 0 -0.276575 0 0.960992 335.869
0.962219 0 0.272276 73.1712 0 1 0 0 -0.272276 0 0.962219 336.919
0.963214 0 0.268734 73.4453 0 1 0 0 -0.268734 0 0.963214 337.966
0.963807 0 0.266602 73.7174 0 1 0 0 -0.266602 0 0.963807 339.013
0.963665 0 0.267115 73.9879 0 1 0 0 -0.267115 0 0.963665 340.049
0.962196 0 0.272357 74.2805 0 1 0 0 -0.272357 0 0.962196 341.069
0.959412 0 0.28201 74.5636 0 1 0 0 -0.28201 0 0.959412 342.076
0.95571 0 0.294311 74.8656 0 1 0 0 -0.294311 0 0.95571 343.063
0.952348 0 0.305015 75.1953 0 1 0 0 -0.305015 0 0.952348 344.022
0.94927 0 0.314462 75.5282 0 1 0 0 -0.314462 0 0.94927 344.969
0.946626 0 0.322334 75.8508 0 1 0 0 -0.322334 0 0.946626 345.9
0.944868 0 0.327451 76.1788 0 1 0 0 -0.327451 0 0.944868 346.811
0.943968 0 0.330038 76.5038 0 1 0 0 -0.330038 0 0.943968 347.709
0.94272 0 0.333585 76.7523 0 1 0 0 -0.333585 0 0.94272 348.627
0.944405 0 0.328785 77.0937 0 1 0 0 -0.328785 0 0.944405 349.514
0.946582 0 0.322462 77.3838 0 1 0 0 -0.322462 0 0.946582 350.415
0.949469 0 0.313862 77.6548 0 1 0 0 -0.313862 0 0.949469 351.316
0.953385 0 0.301755 77.933 0 1 0 0 -0.301755 0 0.953385 352.214
0.957426 0 0.288678 78.1461 0 1 0 0 -0.288678 0 0.957426 353.128
0.962231 0 0.272233 78.3649 0 1 0 0 -0.272233 0 0.962231 354.034
0.967514 0 0.252818 78.6079 0 1 0 0 -0.252818 0 0.967514 354.931
0.972654 0 0.232258 78.744 0 1 0 0 -0.232258 0 0.972654 355.843
0.977786 0 0.209606 78.8949 0 1 0 0 -0.209606 0 0.977786 356.756
0.983194 0 0.182561 79.0314 0 1 0 0 -0.182561 0 0.983194 357.667
0.987344 0 0.158592 79.0985 0 1 0 0 -0.158592 0 0.987344 358.575
0.991407 0 0.130811 79.1639 0 1 0 0 -0.130811 0 0.991407 359.492
0.994848 0 0.101381 79.2006 0 1 0 0 -0.101381 0 0.994848 360.415
0.997392 0 0.0721782 79.1935 0 1 0 0 -0.0721782 0 0.997392 361.327
0.999156 0 0.0410832 79.1765 0 1 0 0 -0.0410832 0 0.999156 362.251
0.999953 0 0.00967743 79.1224 0 1 0 0 -0.00967743 0 0.999953 363.158
0.999786 0 -0.0206634 79.0331 0 1 0 0 0.0206634 0 0.999786 364.08
0.998766 0 -0.0496628 78.9277 0 1 0 0 0.0496628 0 0.998766 365.001
0.997162 0 -0.0752907 78.7899 0 1 0 0 0.0752907 0 0.997162 365.908
0.995347 0 -0.0963597 78.6461 0 1 0 0 0.0963597 0 0.995347 366.83
0.993568 0 -0.113233 78.4837 0 1 0 0 0.113233 0 0.993568 367.759
0.992299 0 -0.123868 78.3208 0 1 0 0 0.123868 0 0.992299 368.692
0.991414 0 -0.130761 78.184 0 1 0 0 0.130761 0 0.991414 369.631
0.991272 0 -0.131832 78.001 0 1 0 0 0.131832 0 0.991272 370.565
0.991175 0 -0.132556 77.8702 0 1 0 0 0.132556 0 0.991175 371.519
0.991441 0 -0.130554 77.7298 0 1 0 0 0.130554 0 0.991441 372.482
0.991892 0 -0.127083 77.589 0 1 0 0 0.127083 0 0.991892 373.457
0.992313 0 -0.123751 77.4674 0 1 0 0 0.123751 0 0.992313 374.442
0.992087 0 -0.12555 77.4511 0 1 0 0 0.12555 0 0.992087 375.437
0.992788 0 -0.119883 77.257 0 1 0 0 0.119883 0 0.992788 376.434
0.992878 0 -0.119133 77.1667 0 1 0 0 0.119133 0 0.992878 377.45
0.993199 0 -0.116431 77.0437 0 1 0 0 0.116431 0 0.993199 378.473
0.993354 0 -0.115098 76.9101 0 1 0 0 0.115098 0 0.993354 379.516
0.993423 0 -0.114502 76.7879 0 1 0 0 0.114502 0 0.993423 380.569
0.993465 0 -0.11414 76.6803 0 1 0 0 0.11414 0 0.993465 381.635
0.993489 0 -0.113931 76.5278 0 1 0 0 0.113931 0 0.993489 382.706
0.993114 0 -0.117149 76.4383 0 1 0 0 0.117149 0 0.993114 383.793
0.993136 0 -0.116964 76.2942 0 1 0 0 0.116964 0 0.993136 384.88
0.992906 0 -0.118901 76.158 0 1 0 0 0.118901 0 0.992906 385.974
0.992877 0 -0.119146 75.9883 0 1 0 0 0.119146 0 0.992877 387.071
0.992404 0 -0.123022 75.8572 0 1 0 0 0.123022 0 0.992404 388.179
0.991874 0 -0.127224 75.6904 0 1 0 0 0.127224 0 0.991874 389.29
0.990869 0 -0.13483 75.54 0 1 0 0 0.13483 0 0.990869 390.404
0.989596 0 -0.143873 75.3664 0 1 0 0 0.143873 0 0.989596 391.512
0.988197 0 -0.153187 75.169 0 1 0 0 0.153187 0 0.988197 392.618
0.986622 0 -0.163025 74.9598 0 1 0 0 0.163025 0 0.986622 393.72
0.985031 0 -0.172377 74.7511 0 1 0 0 0.172377 0 0.985031 394.821
0.983382 0 -0.181548 74.5157 0 1 0 0 0.181548 0 0.983382 395.919
0.981587 0 -0.191013 74.2805 0 1 0 0 0.191013 0 0.981587 397.018
0.979891 0 -0.199535 74.0249 0 1 0 0 0.199535 0 0.979891 398.109
0.978152 0 -0.207893 73.7647 0 1 0 0 0.207893 0 0.978152 399.195
0.976221 0 -0.216778 73.5088 0 1 0 0 0.216778 0 0.976221 400.276
0.974199 0 -0.225691 73.2596 0 1 0 0 0.225691 0 0.974199 401.353
0.97254 0 -0.232738 72.9576 0 1 0 0 0.232738 0 0.97254 402.418
0.970904 0 -0.239469 72.6793 0 1 0 0 0.239469 0 0.970904 403.484
0.969443 0 -0.245316 72.3898 0 1 0 0 0.245316 0 0.969443 404.542
0.967899 0 -0.25134 72.1138 0 1 0 0 0.25134 0 0.967899 405.603
0.966383 0 -0.257108 71.8211 0 1 0 0 0.257108 0 0.966383 406.656
0.965015 0 -0.262196 71.5138 0 1 0 0 0.262196 0 0.965015 407.706
0.963557 0 -0.267504 71.2071 0 1 0 0 0.267504 0 0.963557 408.76
0.961853 0 -0.273567 70.9109 0 1 0 0 0.273567 0 0.961853 409.82
0.960644 0 -0.277784 70.5777 0 1 0 0 0.277784 0 0.960644 410.871
0.960183 0 -0.279371 70.232 0 1 0 0 0.279371 0 0.960183 411.918
0.958889 0 -0.28378 69.9331 0 1 0 0 0.28378 0 0.958889 412.983
0.958069 0 -0.286537 69.6111 0 1 0 0 0.286537 0 0.958069 414.044
0.957934 0 -0.28699 69.2538 0 1 0 0 0.28699 0 0.957934 415.097
0.957508 0 -0.288408 68.9373 0 1 0 0 0.288408 0 0.957508 416.159
0.957095 0 -0.289773 68.6254 0 1 0 0 0.289773 0 0.957095 417.222
0.956786 0 -0.290792 68.2989 0 1 0 0 0.290792 0 0.956786 418.289
0.955677 0 -0.294416 68.0105 0 1 0 0 0.294416 0 0.955677 419.367
0.956994 0 -0.290106 67.6144 0 1 0 0 0.290106 0 0.956994 420.415
0.956234 0 -0.292603 67.2834 0 1 0 0 0.292603 0 0.956234 421.484
0.956243 0 -0.292574 66.9333 0 1 0 0 0.292574 0 0.956243 422.55
0.955257 0 -0.295776 66.6272 0 1 0 0 0.295776 0 0.955257 423.633
0.954648 0 -0.297737 66.2775 0 1 0 0 0.297737 0 0.954648 424.7
0.954514 0 -0.298166 65.9404 0 1 0 0 0.298166 0 0.954514 425.769
0.954089 0 -0.299522 65.6016 0 1 0 0 0.299522 0 0.954089 426.835
0.953972 0 -0.299895 65.2497 0 1 0 0 0.299895 0 0.953972 427.892
0.954691 0 -0.297598 64.9074 0 1 0 0 0.297598 0 0.954691 428.951
0.955257 0 -0.295779 64.5605 0 1 0 0 0.295779 0 0.955257 430.01
0.955283 0 -0.295692 64.2618 0 1 0 0 0.295692 0 0.955283 431.08
0.956048 0 -0.29321 63.9057 0 1 0 0 0.29321 0 0.956048 432.129
0.955743 0 -0.294202 63.6166 0 1 0 0 0.294202 0 0.955743 433.199
0.956683 0 -0.291133 63.2555 0 1 0 0 0.291133 0 0.956683 434.246
0.957266 0 -0.289208 62.9198 0 1 0 0 0.289208 0 0.957266 435.293
0.957729 0 -0.287671 62.5938 0 1 0 0 0.287671 0 0.957729 436.335
0.957934 0 -0.28699 62.2904 0 1 0 0 0.28699 0 0.957934 437.38
0.958314 0 -0.285717 61.9749 0 1 0 0 0.285717 0 0.958314 438.425
0.958643 0 -0.28461 61.6637 0 1 0 0 0.28461 0 0.958643 439.462
0.958822 0 -0.284008 61.3572 0 1 0 0 0.284008 0 0.958822 440.497
0.959212 0 -0.282687 61.0624 0 1 0 0 0.282687 0 0.959212 441.527
0.959536 0 -0.281587 60.7646 0 1 0 0 0.281587 0 0.959536 442.547
0.959777 0 -0.280764 60.4534 0 1 0 0 0.280764 0 0.959777 443.567
0.959558 0 -0.281511 60.1791 0 1 0 0 0.281511 0 0.959558 444.586
0.959403 0 -0.282038 59.8808 0 1 0 0 0.282038 0 0.959403 445.591
0.959635 0 -0.281248 59.5753 0 1 0 0 0.281248 0 0.959635 446.591
0.959202 0 -0.282722 59.3055 0 1 0 0 0.282722 0 0.959202 447.597
0.959357 0 -0.282194 58.9844 0 1 0 0 0.282194 0 0.959357 448.583
