0.999879 8.11055e-006 0.0155621 0.0132712 8.11055e-006 0.999999 -0.00104229 -0.00221185 -0.0155621 0.00104229 0.999878 0.103262
0.999322 1.06359e-005 0.0368101 0.0256598 1.06359e-005 1 -0.000577683 -0.000981434 -0.0368101 0.000577683 0.999322 0.22655
0.995262 -0.000126524 0.0972267 0.0611444 -0.000126524 0.999997 0.00259649 -0.00125014 -0.0972267 -0.00259649 0.995259 0.353299
0.995262 -0.000126524 0.0972267 0.096629 -0.000126524 0.999997 0.00259649 -0.00151885 -0.0972267 -0.00259649 0.995259 0.480048
0.984716 -0.000530235 0.174169 0.151105 -0.000530235 0.999982 0.00604215 -0.000100969 -0.174169 -0.00604215 0.984697 0.631462
0.984716 -0.000530235 0.174169 0.205582 -0.000530235 0.999982 0.00604215 0.00131692 -0.174169 -0.00604215 0.984697 0.782877
0.976116 -0.000759802 0.217249 0.271307 -0.000759802 0.999976 0.00691113 0.00596355 -0.217249 -0.00691113 0.976092 0.932976
0.964125 -0.00127064 0.265447 0.346747 -0.00127064 0.999955 0.00940167 0.0110871 -0.265447 -0.00940167 0.96408 1.11195
0.932836 -0.00488294 0.360267 0.423605 -0.00488294 0.999645 0.0261922 0.00959332 -0.360267 -0.0261922 0.932481 1.24918
0.932836 -0.00488294 0.360267 0.500463 -0.00488294 0.999645 0.0261922 0.00809955 -0.360267 -0.0261922 0.932481 1.38641
0.911663 -0.00670513 0.410885 0.606179 -0.00670513 0.999491 0.0311877 0.0118733 -0.410885 -0.0311877 0.911154 1.53882
0.88633 -0.00839411 0.462978 0.733396 -0.00839411 0.99938 0.0341892 0.013077 -0.462978 -0.0341892 0.88571 1.71633
0.85797 -0.010374 0.513595 0.866928 -0.010374 0.999242 0.0375134 0.0217321 -0.513595 -0.0375134 0.857213 1.87987
0.825966 -0.0132052 0.563565 1.0142 -0.0132052 0.998998 0.0427618 0.0209756 -0.563565 -0.0427618 0.824964 2.03303
0.790231 -0.01627 0.612593 1.19345 -0.01627 0.998738 0.0475136 0.0258601 -0.612593 -0.0475136 0.788969 2.20136
0.712666 -0.0218894 0.701162 1.42653 -0.0218894 0.998332 0.0534153 0.0363715 -0.701162 -0.0534153 0.710998 2.39266
0.712666 -0.0218894 0.701162 1.65961 -0.0218894 0.998332 0.0534153 0.0468828 -0.701162 -0.0534153 0.710998 2.58396
0.671068 -0.024293 0.740998 1.91457 -0.024293 0.998206 0.0547257 0.0675863 -0.740998 -0.0547257 0.669274 2.76432
0.628636 -0.0260316 0.777264 2.17859 -0.0260316 0.998175 0.0544841 0.0838849 -0.777264 -0.0544841 0.626811 2.93629
0.586736 -0.0279085 0.809297 2.4597 -0.0279085 0.998115 0.0546534 0.10188 -0.809297 -0.0546534 0.584851 3.1108
0.546992 -0.0303094 0.836589 2.78402 -0.0303094 0.997972 0.0559736 0.115741 -0.836589 -0.0559736 0.544964 3.28657
0.508516 -0.0331621 0.860414 3.14275 -0.0331621 0.997762 0.058055 0.137691 -0.860414 -0.058055 0.506278 3.46947
0.471135 -0.0342849 0.881395 3.53378 -0.0342849 0.997777 0.0571384 0.159608 -0.881395 -0.0571384 0.468912 3.65584
0.435138 -0.0362737 0.899633 3.90976 -0.0362737 0.997671 0.0577716 0.179015 -0.899633 -0.0577716 0.432808 3.8143
0.40227 -0.0386849 0.914703 4.35207 -0.0386849 0.997496 0.0591993 0.1996 -0.914703 -0.0591993 0.399766 3.98251
0.373369 -0.0411153 0.926771 4.82799 -0.0411153 0.997302 0.0608086 0.225908 -0.926771 -0.0608086 0.370672 4.14707
0.349116 -0.0438088 0.936055 5.32096 -0.0438088 0.997051 0.0630026 0.250574 -0.936055 -0.0630026 0.346167 4.30304
0.328994 -0.0454126 0.943239 5.8258 -0.0454126 0.996927 0.063837 0.280902 -0.943239 -0.063837 0.325921 4.47194
0.315116 -0.047586 0.94786 6.35826 -0.047586 0.996694 0.0658576 0.315953 -0.94786 -0.0658576 0.311809 4.62956
0.303989 -0.0496217 0.951382 6.91204 -0.0496217 0.996462 0.0678282 0.352287 -0.951382 -0.0678282 0.300451 4.79972
0.293009 -0.0503071 0.954785 7.49063 -0.0503071 0.99642 0.0679393 0.388588 -0.954785 -0.0679393 0.289429 4.97344
0.281782 -0.0500613 0.958172 8.087 -0.0500613 0.996511 0.0667866 0.423793 -0.958172 -0.0667866 0.278293 5.1594
0.271832 -0.0509197 0.960997 8.70571 -0.0509197 0.996439 0.0672011 0.461023 -0.960997 -0.0672011 0.268272 5.32401
0.262609 -0.0525976 0.963468 9.38773 -0.0525976 0.996248 0.0687235 0.503556 -0.963468 -0.0687235 0.258858 5.49271
0.251924 -0.0539406 0.966243 10.0913 -0.0539406 0.996111 0.0696716 0.546723 -0.966243 -0.0696716 0.248034 5.67611
0.243126 -0.0569716 0.96832 10.8234 -0.0569716 0.995712 0.0728877 0.589574 -0.96832 -0.0728877 0.238838 5.83578
0.233331 -0.0588416 0.970616 11.5924 -0.0588416 0.995484 0.0744944 0.639598 -0.970616 -0.0744944 0.228815 6.00497
0.221847 -0.0598576 0.973242 12.3677 -0.0598576 0.995396 0.0748644 0.694855 -0.973242 -0.0748644 0.217243 6.17751
0.209802 -0.0621062 0.975769 13.1806 -0.0621062 0.995119 0.0766913 0.744106 -0.975769 -0.0766913 0.204921 6.34536
0.196978 -0.0639051 0.978323 14.0074 -0.0639051 0.994914 0.0778557 0.791631 -0.978323 -0.0778557 0.191892 6.50532
0.184004 -0.0660112 0.980706 14.8626 -0.0660112 0.99466 0.0793357 0.836258 -0.980706 -0.0793357 0.178664 6.64716
0.169525 -0.0664659 0.983282 15.7443 -0.0664659 0.994681 0.0786955 0.89128 -0.983282 -0.0786955 0.164205 6.79684
0.152483 -0.0665773 0.986061 16.6229 -0.0665773 0.99477 0.0774607 0.941161 -0.986061 -0.0774607 0.147253 6.93867
0.131798 -0.0665534 0.98904 17.5089 -0.0665534 0.994898 0.0758164 0.99323 -0.98904 -0.0758164 0.126696 7.05887
0.10564 -0.0647152 0.992296 18.4232 -0.0647152 0.995317 0.0718018 1.04586 -0.992296 -0.0718018 0.100957 7.15879
0.0748312 -0.0645611 0.995104 19.3468 -0.0645611 0.995495 0.0694414 1.09808 -0.995104 -0.0694414 0.0703259 7.23135
0.0427395 -0.0670742 0.996832 20.2911 -0.0670742 0.9953 0.0698469 1.14783 -0.996832 -0.0698469 0.0380397 7.24973
0.00871169 -0.0693861 0.997552 21.2418 -0.0693861 0.995143 0.0698245 1.19382 -0.997552 -0.0698245 0.00385495 7.24844
-0.0242942 -0.0731006 0.997029 22.2026 -0.0731006 0.994783 0.0711547 1.2387 -0.997029 -0.0711547 -0.0295112 7.20947
-0.0565351 -0.0756106 0.995533 23.176 -0.0756106 0.994589 0.071245 1.2873 -0.995533 -0.071245 -0.0619462 7.14293
-0.0888136 -0.077299 0.993044 24.1527 -0.077299 0.994512 0.0705 1.33764 -0.993044 -0.0705 -0.0943013 7.05168
-0.11927 -0.0858291 0.989145 25.1514 -0.0858291 0.993418 0.0758507 1.38467 -0.989145 -0.0758507 -0.125851 6.91115
-0.148689 -0.0967725 0.984138 26.1404 -0.0967725 0.991847 0.0829097 1.4367 -0.984138 -0.0829097 -0.156842 6.74201
-0.175371 -0.111584 0.978158 27.1214 -0.111584 0.989407 0.0928618 1.48694 -0.978158 -0.0928618 -0.185965 6.5295
-0.200998 -0.124562 0.97164 28.1229 -0.124562 0.987081 0.100774 1.55691 -0.97164 -0.100774 -0.213917 6.28695
-0.223915 -0.142238 0.964174 29.1438 -0.142238 0.98347 0.112052 1.63404 -0.964174 -0.112052 -0.240445 6.00477
-0.245697 -0.156802 0.95658 30.17 -0.156802 0.980263 0.120409 1.72506 -0.95658 -0.120409 -0.265434 5.70773
-0.264338 -0.173824 0.948636 31.208 -0.173824 0.976102 0.130421 1.81596 -0.948636 -0.130421 -0.288236 5.36538
-0.282398 -0.187863 0.940723 32.2269 -0.187863 0.972479 0.13781 1.92356 -0.940723 -0.13781 -0.309918 5.01241
-0.301616 -0.20002 0.932212 33.1771 -0.20002 0.969263 0.143253 2.03055 -0.932212 -0.143253 -0.332353 4.65382
-0.319792 -0.215235 0.922717 34.0737 -0.215235 0.964899 0.150479 2.14321 -0.922717 -0.150479 -0.354893 4.29191
-0.339918 -0.225162 0.913104 34.9179 -0.225162 0.962163 0.15344 2.26523 -0.913104 -0.15344 -0.377754 3.93536
-0.360104 -0.234087 0.903066 35.7273 -0.234087 0.959712 0.155426 2.38645 -0.903066 -0.155426 -0.400393 3.56962
-0.379943 -0.239782 0.893392 36.5196 -0.239782 0.958335 0.155238 2.50233 -0.893392 -0.155238 -0.421608 3.19101
-0.394254 -0.252361 0.883673 37.2898 -0.252361 0.954322 0.159946 2.61311 -0.883673 -0.159946 -0.439932 2.79007
-0.405304 -0.260023 0.876422 38.0356 -0.260023 0.951888 0.162164 2.72735 -0.876422 -0.162164 -0.453417 2.39636
-0.411593 -0.271248 0.870066 38.7805 -0.271248 0.947878 0.16719 2.846 -0.870066 -0.16719 -0.463715 1.9911
-0.419872 -0.275306 0.86482 39.5241 -0.275306 0.94662 0.167684 2.9662 -0.86482 -0.167684 -0.473253 1.59482
-0.431385 -0.271722 0.860276 40.2636 -0.271722 0.948418 0.163308 3.08988 -0.860276 -0.163308 -0.482966 1.19297
-0.441594 -0.274368 0.854235 40.9879 -0.274368 0.947782 0.16258 3.20821 -0.854235 -0.16258 -0.493812 0.776781
-0.449674 -0.277995 0.84883 41.5559 -0.277995 0.946691 0.162775 3.3088 -0.84883 -0.162775 -0.502983 0.452398
-0.452943 -0.28739 0.843949 42.1975 -0.28739 0.943155 0.166932 3.4193 -0.843949 -0.166932 -0.509788 0.0619619
-0.453762 -0.293548 0.841385 42.8797 -0.293548 0.940726 0.169895 3.54563 -0.841385 -0.169895 -0.513036 -0.351201
-0.447662 -0.305051 0.840561 43.5398 -0.305051 0.93572 0.177123 3.67898 -0.840561 -0.177123 -0.511942 -0.775721
-0.442037 -0.308003 0.842459 44.2271 -0.308003 0.934214 0.17994 3.81502 -0.842459 -0.17994 -0.507823 -1.2005
-0.437673 -0.3027 0.846649 44.9514 -0.3027 0.936267 0.178261 3.96076 -0.846649 -0.178261 -0.501406 -1.62778
-0.433047 -0.296509 0.851207 45.6919 -0.296509 0.93865 0.176121 4.11047 -0.851207 -0.176121 -0.494397 -2.04873
-0.42837 -0.291308 0.855359 46.462 -0.291308 0.940589 0.174445 4.26146 -0.855359 -0.174445 -0.487781 -2.46958
-0.424735 -0.284825 0.859346 47.2697 -0.284825 0.943059 0.171796 4.42136 -0.859346 -0.171796 -0.481675 -2.90671
-0.423433 -0.27725 0.86246 48.0977 -0.27725 0.945999 0.167986 4.58614 -0.86246 -0.167986 -0.477434 -3.34827
-0.423554 -0.271711 0.864162 48.9284 -0.271711 0.948139 0.164941 4.73902 -0.864162 -0.164941 -0.475415 -3.79806
-0.426658 -0.266791 0.864168 49.7871 -0.266791 0.950109 0.161603 4.89674 -0.864168 -0.161603 -0.476549 -4.24739
-0.42894 -0.264457 0.863755 50.6834 -0.264457 0.951056 0.159857 5.05828 -0.863755 -0.159857 -0.477884 -4.72531
-0.429585 -0.263937 0.863594 51.5768 -0.263937 0.951271 0.159441 5.21439 -0.863594 -0.159441 -0.478314 -5.2121
-0.429025 -0.266303 0.863145 52.4905 -0.266303 0.950373 0.16085 5.37125 -0.863145 -0.16085 -0.478651 -5.71478
-0.430251 -0.265518 0.862777 53.4319 -0.265518 0.950708 0.16017 5.5385 -0.862777 -0.16017 -0.479543 -6.21687
-0.431103 -0.264317 0.862721 54.3822 -0.264317 0.951182 0.15934 5.70029 -0.862721 -0.15934 -0.479921 -6.73294
-0.432323 -0.261059 0.863102 55.3281 -0.261059 0.952419 0.157311 5.85998 -0.863102 -0.157311 -0.479905 -7.25129
-0.434004 -0.259098 0.862849 56.2922 -0.259098 0.953186 0.155901 6.02749 -0.862849 -0.155901 -0.480819 -7.75909
-0.434645 -0.255908 0.863479 57.2564 -0.255908 0.954352 0.154025 6.18519 -0.863479 -0.154025 -0.480293 -8.28103
-0.434739 -0.253499 0.864141 58.2196 -0.253499 0.95521 0.152682 6.33464 -0.864141 -0.152682 -0.479529 -8.7966
-0.433493 -0.251255 0.865422 59.1645 -0.251255 0.955961 0.151687 6.47867 -0.865422 -0.151687 -0.477532 -9.31533
-0.431072 -0.251669 0.86651 60.1036 -0.251669 0.955741 0.152385 6.6196 -0.86651 -0.152385 -0.475331 -9.82441
-0.42881 -0.250526 0.867962 61.0423 -0.250526 0.956073 0.152188 6.76882 -0.867962 -0.152188 -0.472737 -10.3302
-0.428746 -0.246237 0.86922 62.0027 -0.246237 0.957562 0.149805 6.92377 -0.86922 -0.149805 -0.471184 -10.8186
-0.429174 -0.244949 0.869373 62.964 -0.244949 0.958018 0.149003 7.07566 -0.869373 -0.149003 -0.471156 -11.3098
-0.430609 -0.241417 0.869652 63.915 -0.241417 0.959261 0.146754 7.20738 -0.869652 -0.146754 -0.471348 -11.805
-0.433087 -0.242699 0.868063 64.8451 -0.242699 0.958898 0.14701 7.35051 -0.868063 -0.14701 -0.474189 -12.2961
-0.43657 -0.244763 0.865735 65.7569 -0.244763 0.958297 0.147504 7.48432 -0.865735 -0.147504 -0.478273 -12.7932
-0.443673 -0.243746 0.862405 66.6642 -0.243746 0.958846 0.145606 7.61932 -0.862405 -0.145606 -0.484826 -13.2781
-0.451162 -0.242087 0.85898 67.5684 -0.242087 0.959614 0.143298 7.75645 -0.85898 -0.143298 -0.491547 -13.7777
-0.455979 -0.241625 0.856563 68.4648 -0.241625 0.959901 0.14215 7.88017 -0.856563 -0.14215 -0.496078 -14.2953
-0.459265 -0.246883 0.853302 69.3429 -0.246883 0.958232 0.144364 8.00991 -0.853302 -0.144364 -0.501033 -14.7959
-0.464856 -0.246503 0.850379 70.2102 -0.246503 0.958519 0.1431 8.14558 -0.850379 -0.1431 -0.506337 -15.2865
-0.469877 -0.245696 0.84785 71.0717 -0.245696 0.958931 0.141722 8.26967 -0.84785 -0.141722 -0.510946 -15.7834
-0.473181 -0.246456 0.845789 71.9234 -0.246456 0.958769 0.141496 8.38944 -0.845789 -0.141496 -0.514412 -16.2951
-0.473478 -0.254159 0.84334 72.7074 -0.254159 0.95616 0.145467 8.5112 -0.84334 -0.145467 -0.517317 -16.7914
-0.478295 -0.25001 0.841861 73.4986 -0.25001 0.957718 0.142376 8.63571 -0.841861 -0.142376 -0.520577 -17.2771
-0.484398 -0.241948 0.840726 74.328 -0.241948 0.960564 0.137033 8.7559 -0.840726 -0.137033 -0.523834 -17.7876
-0.483204 -0.244689 0.84062 75.1553 -0.244689 0.959633 0.13868 8.86759 -0.84062 -0.13868 -0.523571 -18.3475
-0.483156 -0.247919 0.8397 75.9057 -0.247919 0.958559 0.140361 8.97587 -0.8397 -0.140361 -0.524597 -18.8131
-0.479209 -0.260199 0.838245 76.6954 -0.260199 0.95423 0.147451 9.0915 -0.838245 -0.147451 -0.524979 -19.3073
-0.478217 -0.266563 0.836811 77.4683 -0.266563 0.951931 0.1509 9.21212 -0.836811 -0.1509 -0.526286 -19.775
-0.476233 -0.271664 0.836302 78.2408 -0.271664 0.950007 0.153901 9.33146 -0.836302 -0.153901 -0.526226 -20.2626
-0.476771 -0.26825 0.837097 79.019 -0.26825 0.951274 0.152055 9.45828 -0.837097 -0.152055 -0.525498 -20.754
-0.480188 -0.261466 0.83729 79.7018 -0.261466 0.953814 0.147902 9.57295 -0.83729 -0.147902 -0.526374 -21.1624
-0.484388 -0.250312 0.83828 80.44 -0.250312 0.95779 0.141359 9.68997 -0.83828 -0.141359 -0.526598 -21.6151
-0.488523 -0.236442 0.839905 81.2273 -0.236442 0.962443 0.133413 9.80927 -0.839905 -0.133413 -0.52608 -22.0835
-0.489827 -0.225541 0.842141 82.0343 -0.225541 0.965856 0.127489 9.92077 -0.842141 -0.127489 -0.523971 -22.5729
-0.486788 -0.228487 0.843108 82.8722 -0.228487 0.964887 0.129567 10.0288 -0.843108 -0.129567 -0.521901 -23.086
-0.481148 -0.235067 0.844536 83.721 -0.235067 0.962694 0.134033 10.1408 -0.844536 -0.134033 -0.518454 -23.6076
-0.473731 -0.238523 0.847753 84.5798 -0.238523 0.961395 0.137209 10.2522 -0.847753 -0.137209 -0.512336 -24.129
-0.464097 -0.242541 0.851932 85.4421 -0.242541 0.959821 0.14113 10.3771 -0.851932 -0.14113 -0.504276 -24.6451
-0.454118 -0.249375 0.855329 86.282 -0.249375 0.957233 0.146686 10.4885 -0.855329 -0.146686 -0.496885 -25.1202
-0.446144 -0.243115 0.861308 87.1442 -0.243115 0.959129 0.144797 10.6271 -0.861308 -0.144797 -0.487015 -25.5923
-0.437239 -0.235397 0.867992 87.9163 -0.235397 0.961446 0.142163 10.7479 -0.867992 -0.142163 -0.475793 -26.0166
-0.42749 -0.229729 0.874344 88.7137 -0.229729 0.963029 0.14071 10.8671 -0.874344 -0.14071 -0.464461 -26.4392
-0.417305 -0.22563 0.880311 89.5092 -0.22563 0.964081 0.140142 10.9821 -0.880311 -0.140142 -0.453224 -26.8406
-0.407539 -0.221023 0.886037 90.3571 -0.221023 0.965293 0.139132 11.118 -0.886037 -0.139132 -0.442246 -27.2433
-0.395357 -0.220092 0.891769 91.2527 -0.220092 0.965285 0.14066 11.2412 -0.891769 -0.14066 -0.430072 -27.6712
-0.382302 -0.219942 0.89748 92.1037 -0.219942 0.965004 0.142801 11.3534 -0.89748 -0.142801 -0.417297 -28.0583
-0.367608 -0.225474 0.902234 92.9869 -0.225474 0.962827 0.148749 11.4808 -0.902234 -0.148749 -0.404782 -28.447
-0.354045 -0.223639 0.908096 93.8792 -0.223639 0.963063 0.149985 11.6252 -0.908096 -0.149985 -0.390982 -28.8363
-0.343731 -0.22116 0.912654 94.8116 -0.22116 0.9636 0.15021 11.7695 -0.912654 -0.15021 -0.380131 -29.1942
-0.334186 -0.215072 0.91764 95.7599 -0.215072 0.96533 0.147924 11.9039 -0.91764 -0.147924 -0.368856 -29.5649
-0.326008 -0.209883 0.921774 96.7215 -0.209883 0.966779 0.1459 12.0474 -0.921774 -0.1459 -0.359229 -29.9149
-0.32032 -0.203948 0.925095 97.7175 -0.203948 0.968497 0.142898 12.1918 -0.925095 -0.142898 -0.351824 -30.26
-0.315278 -0.198571 0.927992 98.682 -0.198571 0.970021 0.140101 12.3253 -0.927992 -0.140101 -0.345257 -30.6049
-0.312728 -0.195964 0.929408 99.5989 -0.195964 0.970747 0.138742 12.4491 -0.929408 -0.138742 -0.341981 -30.9198
-0.309511 -0.194819 0.930725 100.485 -0.194819 0.971016 0.138466 12.5618 -0.930725 -0.138466 -0.338495 -31.2261
-0.305868 -0.192132 0.932486 101.369 -0.192132 0.971732 0.137196 12.6914 -0.932486 -0.137196 -0.334136 -31.5169
-0.302561 -0.186445 0.934717 102.251 -0.186445 0.973313 0.133793 12.8133 -0.934717 -0.133793 -0.329248 -31.8107
-0.298742 -0.184378 0.936354 103.134 -0.184378 0.973825 0.132931 12.9317 -0.936354 -0.132931 -0.324917 -32.0989
-0.294231 -0.179071 0.938809 104.017 -0.179071 0.975224 0.129895 13.0356 -0.938809 -0.129895 -0.319007 -32.3952
-0.290881 -0.167298 0.942019 104.795 -0.167298 0.978318 0.122086 13.1387 -0.942019 -0.122086 -0.312563 -32.6357
-0.285735 -0.157311 0.945309 105.524 -0.157311 0.980753 0.115659 13.224 -0.945309 -0.115659 -0.304982 -32.8593
-0.277187 -0.161526 0.947141 106.339 -0.161526 0.979572 0.119785 13.309 -0.947141 -0.119785 -0.297615 -33.1125
-0.269343 -0.163673 0.949034 107.208 -0.163673 0.978895 0.122372 13.4088 -0.949034 -0.122372 -0.290448 -33.3727
-0.262338 -0.160821 0.95148 108.093 -0.160821 0.979511 0.121218 13.5178 -0.95148 -0.121218 -0.282827 -33.6382
-0.257054 -0.156869 0.95358 108.993 -0.156869 0.980424 0.118998 13.6203 -0.95358 -0.118998 -0.276629 -33.8856
-0.251507 -0.153841 0.955551 109.876 -0.153841 0.981089 0.117461 13.7193 -0.955551 -0.117461 -0.270418 -34.1186
-0.24523 -0.151974 0.957479 110.792 -0.151974 0.981452 0.116856 13.8198 -0.957479 -0.116856 -0.263778 -34.3589
-0.239155 -0.151997 0.959011 111.727 -0.151997 0.981356 0.117634 13.9189 -0.959011 -0.117634 -0.257799 -34.5922
-0.234675 -0.146876 0.960914 112.645 -0.146876 0.982528 0.114309 14.0282 -0.960914 -0.114309 -0.252147 -34.8117
-0.228674 -0.145738 0.962532 113.585 -0.145738 0.982713 0.11417 14.1328 -0.962532 -0.11417 -0.245961 -35.0291
-0.220641 -0.147386 0.964155 114.555 -0.147386 0.982204 0.116417 14.2377 -0.964155 -0.116417 -0.238437 -35.2573
-0.211675 -0.151086 0.965591 115.533 -0.151086 0.981161 0.120401 14.341 -0.965591 -0.120401 -0.230514 -35.4842
-0.204397 -0.151391 0.967111 116.487 -0.151391 0.98097 0.121564 14.4454 -0.967111 -0.121564 -0.223426 -35.7044
-0.200336 -0.143176 0.969209 117.439 -0.143176 0.982922 0.115607 14.5571 -0.969209 -0.115607 -0.217414 -35.8952
-0.198196 -0.135631 0.970733 118.381 -0.135631 0.984647 0.109883 14.6737 -0.970733 -0.109883 -0.213549 -36.058
-0.1943 -0.137321 0.971283 119.33 -0.137321 0.984211 0.111678 14.7746 -0.971283 -0.111678 -0.210089 -36.2405
-0.188031 -0.13927 0.972239 120.261 -0.13927 0.983674 0.113974 14.8586 -0.972239 -0.113974 -0.204357 -36.4514
-0.180949 -0.141996 0.973188 121.185 -0.141996 0.982926 0.117015 14.9519 -0.973188 -0.117015 -0.198022 -36.6542
-0.174296 -0.147748 0.973546 122.078 -0.147748 0.981411 0.12249 15.0519 -0.973546 -0.12249 -0.192886 -36.8308
-0.166443 -0.155429 0.973724 122.979 -0.155429 0.979289 0.129749 15.1481 -0.973724 -0.129749 -0.187154 -37.0204
-0.161536 -0.156159 0.974433 123.771 -0.156159 0.979006 0.131004 15.2346 -0.974433 -0.131004 -0.18253 -37.1658
-0.158948 -0.151664 0.975568 124.613 -0.151664 0.980153 0.127666 15.3336 -0.975568 -0.127666 -0.178795 -37.2977
-0.157223 -0.146554 0.976628 125.483 -0.146554 0.98144 0.123683 15.437 -0.976628 -0.123683 -0.175783 -37.4318
-0.154518 -0.144354 0.977387 126.407 -0.144354 0.981951 0.122206 15.5298 -0.977387 -0.122206 -0.172567 -37.6018
-0.153861 -0.143764 0.977578 127.359 -0.143764 0.982088 0.1218 15.6362 -0.977578 -0.1218 -0.171773 -37.7588
-0.152548 -0.145261 0.977562 128.305 -0.145261 0.981692 0.123207 15.7501 -0.977562 -0.123207 -0.170856 -37.9349
-0.152077 -0.143359 0.977916 129.259 -0.143359 0.982161 0.121688 15.8556 -0.977916 -0.121688 -0.169916 -38.1026
-0.153336 -0.142161 0.977895 130.25 -0.142161 0.982477 0.120536 15.9716 -0.977895 -0.120536 -0.170859 -38.2579
-0.15243 -0.140594 0.978263 131.249 -0.140594 0.982848 0.119346 16.0791 -0.978263 -0.119346 -0.169583 -38.4185
-0.15151 -0.142466 0.978135 132.229 -0.142466 0.982374 0.121016 16.1843 -0.978135 -0.121016 -0.169136 -38.5847
-0.152865 -0.138794 0.978452 133.201 -0.138794 0.983291 0.117796 16.3028 -0.978452 -0.117796 -0.169574 -38.7389
-0.153379 -0.137042 0.978619 134.052 -0.137042 0.983717 0.116278 16.3919 -0.978619 -0.116278 -0.169662 -38.8705
-0.150514 -0.143743 0.978102 134.948 -0.143743 0.982041 0.122202 16.4774 -0.978102 -0.122202 -0.168473 -39.0362
-0.150058 -0.141304 0.978527 135.885 -0.141304 0.982638 0.120228 16.5844 -0.978527 -0.120228 -0.167419 -39.186
-0.149704 -0.130874 0.980031 136.808 -0.130874 0.985102 0.11156 16.6768 -0.980031 -0.11156 -0.164602 -39.3526
-0.149686 -0.122624 0.9811 137.744 -0.122624 0.986921 0.104643 16.7712 -0.9811 -0.104643 -0.162765 -39.5009
-0.148555 -0.130444 0.980263 138.737 -0.130444 0.985185 0.11133 16.866 -0.980263 -0.11133 -0.16337 -39.6051
-0.148555 -0.130444 0.980263 139.729 -0.130444 0.985185 0.11133 16.9608 -0.980263 -0.11133 -0.16337 -39.7093
-0.146988 -0.126206 0.981054 140.643 -0.126206 0.986113 0.107948 17.0546 -0.981054 -0.107948 -0.160875 -39.8825
-0.140869 -0.139514 0.980149 141.577 -0.139514 0.982939 0.11986 17.1422 -0.980149 -0.11986 -0.157929 -40.0292
-0.140869 -0.139514 0.980149 142.511 -0.139514 0.982939 0.11986 17.2298 -0.980149 -0.11986 -0.157929 -40.1759
-0.138606 -0.141011 0.980257 143.47 -0.141011 0.982536 0.121401 17.3283 -0.980257 -0.121401 -0.15607 -40.353
-0.125469 -0.148235 0.980961 144.446 -0.148235 0.980476 0.129202 17.4279 -0.980961 -0.129202 -0.144993 -40.5145
-0.125469 -0.148235 0.980961 145.422 -0.148235 0.980476 0.129202 17.5274 -0.980961 -0.129202 -0.144993 -40.6759
-0.113894 -0.152856 0.981664 146.338 -0.152856 0.979024 0.13471 17.6032 -0.981664 -0.13471 -0.134869 -40.842
-0.105357 -0.152041 0.982743 147.236 -0.152041 0.979087 0.135176 17.7262 -0.982743 -0.135176 -0.12627 -40.9503
-0.0962337 -0.152664 0.983582 148.121 -0.152664 0.97874 0.136976 17.834 -0.983582 -0.136976 -0.117494 -41.0453
-0.0834294 -0.156015 0.984225 149.019 -0.156015 0.977534 0.14173 17.938 -0.984225 -0.14173 -0.105896 -41.1393
-0.0683573 -0.158732 0.984952 149.93 -0.158732 0.976416 0.14634 18.0539 -0.984952 -0.14634 -0.0919411 -41.2274
-0.0547913 -0.156588 0.986143 150.837 -0.156588 0.976754 0.146397 18.174 -0.986143 -0.146397 -0.0780373 -41.285
-0.0408732 -0.156791 0.986786 151.756 -0.156791 0.976382 0.148644 18.3003 -0.986786 -0.148644 -0.0644913 -41.3348
-0.0264881 -0.156831 0.98727 152.664 -0.156831 0.976039 0.150839 18.4184 -0.98727 -0.150839 -0.0504495 -41.3775
-0.0136909 -0.151732 0.988327 153.601 -0.151732 0.977288 0.147935 18.5458 -0.988327 -0.147935 -0.0364025 -41.3868
-0.00163216 -0.142936 0.989731 154.518 -0.142936 0.979602 0.141238 18.6794 -0.989731 -0.141238 -0.0220297 -41.3855
0.0116456 -0.136859 0.990522 155.407 -0.136859 0.981049 0.137159 18.8028 -0.990522 -0.137159 -0.00730553 -41.3745
0.0244519 -0.135144 0.990524 156.259 -0.135144 0.981278 0.137219 18.917 -0.990524 -0.137219 0.00573017 -41.3607
0.0345751 -0.130597 0.990832 157.094 -0.130597 0.982334 0.134034 19.0246 -0.990832 -0.134034 0.0169087 -41.3289
0.0435392 -0.125674 0.991116 157.932 -0.125674 0.983487 0.130227 19.1251 -0.991116 -0.130227 0.0270264 -41.282
0.0522685 -0.120296 0.991361 158.776 -0.120296 0.984731 0.125834 19.2207 -0.991361 -0.125834 0.0369992 -41.2421
0.0586889 -0.115828 0.991534 159.602 -0.115828 0.985747 0.122008 19.3185 -0.991534 -0.122008 0.0444363 -41.1885
0.0619835 -0.112882 0.991673 160.403 -0.112882 0.986416 0.119339 19.4129 -0.991673 -0.119339 0.0483992 -41.1422
0.0597012 -0.109881 0.99215 161.192 -0.109881 0.98716 0.11594 19.5081 -0.99215 -0.11594 0.0468608 -41.0849
0.0562231 -0.107575 0.992606 161.973 -0.107575 0.987738 0.113141 19.586 -0.992606 -0.113141 0.0439614 -41.039
0.0537522 -0.110396 0.992433 162.759 -0.110396 0.98712 0.115784 19.6664 -0.992433 -0.115784 0.0408727 -41.0088
0.0499067 -0.112012 0.992453 163.549 -0.112012 0.986794 0.117006 19.7467 -0.992453 -0.117006 0.036701 -40.9672
0.0466855 -0.113989 0.992385 164.336 -0.113989 0.98637 0.11866 19.8261 -0.992385 -0.11866 0.0330558 -40.9408
0.0413644 -0.11196 0.992851 165.128 -0.11196 0.986924 0.115956 19.9032 -0.992851 -0.115956 0.0282885 -40.9094
0.0369321 -0.113107 0.992896 165.918 -0.113107 0.986716 0.11661 19.9869 -0.992896 -0.11661 0.0236484 -40.8964
0.0307998 -0.113536 0.993056 166.719 -0.113536 0.9867 0.11633 20.0702 -0.993056 -0.11633 0.0174998 -40.8718
0.0251506 -0.116208 0.992906 167.508 -0.116208 0.986147 0.118361 20.1409 -0.992906 -0.118361 0.0112979 -40.8646
0.019438 -0.116261 0.993028 168.284 -0.116261 0.986215 0.117739 20.2206 -0.993028 -0.117739 0.00565332 -40.8547
0.0136201 -0.114209 0.993363 169.06 -0.114209 0.986776 0.115018 20.2999 -0.993363 -0.115018 0.000396346 -40.8448
0.0101932 -0.114966 0.993317 169.831 -0.114966 0.986647 0.115374 20.3743 -0.993317 -0.115374 -0.00316012 -40.8429
0.00806714 -0.11412 0.993434 170.595 -0.11412 0.986871 0.114293 20.4469 -0.993434 -0.114293 -0.00506227 -40.8441
0.00718761 -0.117372 0.993062 171.341 -0.117372 0.986124 0.117401 20.528 -0.993062 -0.117401 -0.0066882 -40.8474
0.00710815 -0.1206 0.992676 172.059 -0.1206 0.985352 0.120574 20.5972 -0.992676 -0.120574 -0.0075403 -40.8412
0.0105371 -0.121337 0.992555 172.768 -0.121337 0.985121 0.121716 20.6706 -0.992555 -0.121716 -0.00434235 -40.8443
0.0180672 -0.121736 0.992398 173.473 -0.121736 0.984908 0.123033 20.7436 -0.992398 -0.123033 0.00297483 -40.8377
0.029397 -0.122561 0.992026 174.161 -0.122561 0.984524 0.125266 20.8211 -0.992026 -0.125266 0.0139209 -40.823
0.043279 -0.123513 0.991399 174.748 -0.123513 0.984055 0.12799 20.8918 -0.991399 -0.12799 0.0273335 -40.792
0.0582998 -0.121721 0.990851 175.291 -0.121721 0.984267 0.128074 20.9556 -0.990851 -0.128074 0.0425666 -40.7658
0.0734984 -0.115542 0.99058 175.846 -0.115542 0.985591 0.123533 21.0155 -0.99058 -0.123533 0.0590893 -40.7329
0.0882134 -0.113236 0.989644 176.392 -0.113236 0.985937 0.122906 21.0813 -0.989644 -0.122906 0.0741504 -40.6763
0.103741 -0.112175 0.988258 176.954 -0.112175 0.98596 0.123689 21.1508 -0.988258 -0.123689 0.0897015 -40.6093
0.120636 -0.11149 0.986416 177.538 -0.11149 0.985865 0.125063 21.215 -0.986416 -0.125063 0.1065 -40.5404
0.136937 -0.10982 0.984473 178.142 -0.10982 0.986026 0.125269 21.2811 -0.984473 -0.125269 0.122963 -40.4534
0.155144 -0.108741 0.981889 178.799 -0.108741 0.986004 0.126378 21.3491 -0.981889 -0.126378 0.141148 -40.3519
0.172945 -0.108413 0.978947 179.471 -0.108413 0.985789 0.128324 21.4238 -0.978947 -0.128324 0.158734 -40.2321
0.189695 -0.106193 0.976083 180.136 -0.106193 0.986083 0.127919 21.5046 -0.976083 -0.127919 0.175778 -40.0992
0.204382 -0.101347 0.973631 180.754 -0.101347 0.98709 0.124022 21.5793 -0.973631 -0.124022 0.191473 -39.9602
0.217788 -0.0992673 0.970935 181.407 -0.0992673 0.987402 0.123217 21.6537 -0.970935 -0.123217 0.20519 -39.8053
0.230062 -0.101701 0.967847 182.066 -0.101701 0.986566 0.127843 21.7269 -0.967847 -0.127843 0.216628 -39.6457
0.241094 -0.103041 0.965016 182.722 -0.103041 0.98601 0.131025 21.8019 -0.965016 -0.131025 0.227103 -39.4831
0.250576 -0.0992162 0.962999 183.35 -0.0992162 0.986865 0.127492 21.866 -0.962999 -0.127492 0.237441 -39.3203
0.260374 -0.0955491 0.960768 183.955 -0.0955491 0.987656 0.124117 21.9194 -0.960768 -0.124117 0.24803 -39.1709
0.278923 -0.0956937 0.955534 184.517 -0.0956937 0.987301 0.126808 21.9938 -0.955534 -0.126808 0.266223 -38.9951
0.278923 -0.0956937 0.955534 185.078 -0.0956937 0.987301 0.126808 22.0683 -0.955534 -0.126808 0.266223 -38.8193
0.28495 -0.0931262 0.954008 185.621 -0.0931262 0.987871 0.124247 22.1472 -0.954008 -0.124247 0.272822 -38.6573
0.288753 -0.0908646 0.953082 186.149 -0.0908646 0.988392 0.12176 22.2194 -0.953082 -0.12176 0.277145 -38.4786
0.292119 -0.0906978 0.952072 186.647 -0.0906978 0.988379 0.121985 22.2796 -0.952072 -0.121985 0.280498 -38.3327
0.291517 -0.0917225 0.952158 187.185 -0.0917225 0.988125 0.123269 22.3299 -0.952158 -0.123269 0.279642 -38.1379
0.315191 -0.0934608 0.944415 187.789 -0.0934608 0.987245 0.128891 22.4091 -0.944415 -0.128891 0.302436 -38.0854
0.315191 -0.0934608 0.944415 188.392 -0.0934608 0.987245 0.128891 22.4883 -0.944415 -0.128891 0.302436 -38.0328
0.315427 -0.0931467 0.944367 188.977 -0.0931467 0.987326 0.128496 22.5601 -0.944367 -0.128496 0.302753 -37.8186
0.315427 -0.0931467 0.944367 189.562 -0.0931467 0.987326 0.128496 22.6318 -0.944367 -0.128496 0.302753 -37.6044
0.315734 -0.0929048 0.944289 190.165 -0.0929048 0.987386 0.128209 22.715 -0.944289 -0.128209 0.30312 -37.3768
0.31943 -0.0942382 0.942912 190.801 -0.0942382 0.986951 0.130565 22.7814 -0.942912 -0.130565 0.306381 -37.1793
0.324657 -0.0965575 0.94089 191.423 -0.0965575 0.986195 0.134524 22.8497 -0.94089 -0.134524 0.310851 -36.9782
0.331341 -0.0976576 0.938443 192.05 -0.0976576 0.985737 0.13706 22.9339 -0.938443 -0.13706 0.317078 -36.7635
0.338528 -0.0977873 0.935861 192.69 -0.0977873 0.985544 0.138351 23.0224 -0.935861 -0.138351 0.324072 -36.5302
0.347322 -0.0974741 0.932666 193.343 -0.0974741 0.985443 0.139289 23.1073 -0.932666 -0.139289 0.332764 -36.2777
0.357421 -0.0941711 0.929184 193.972 -0.0941711 0.986199 0.136173 23.1914 -0.929184 -0.136173 0.34362 -36.0279
0.368742 -0.0917433 0.924993 194.605 -0.0917433 0.986667 0.134433 23.273 -0.924993 -0.134433 0.355409 -35.7776
0.38014 -0.0891877 0.920619 195.189 -0.0891877 0.987167 0.132462 23.3542 -0.920619 -0.132462 0.367307 -35.5355
0.392166 -0.0891485 0.915565 195.741 -0.0891485 0.986925 0.134282 23.4305 -0.915565 -0.134282 0.379091 -35.3031
0.402667 -0.0885496 0.911053 196.26 -0.0885496 0.986873 0.135056 23.5064 -0.911053 -0.135056 0.389541 -35.0686
0.41323 -0.0874403 0.906419 196.76 -0.0874403 0.98697 0.135074 23.5731 -0.906419 -0.135074 0.4002 -34.8375
0.423236 -0.085073 0.902016 197.214 -0.085073 0.987452 0.133048 23.6408 -0.902016 -0.133048 0.410688 -34.6148
0.431006 -0.0824489 0.898574 197.756 -0.0824489 0.988053 0.130206 23.7156 -0.898574 -0.130206 0.419059 -34.3429
0.436865 -0.0798095 0.89598 198.345 -0.0798095 0.988689 0.126981 23.7922 -0.89598 -0.126981 0.425554 -34.0413
0.440256 -0.0799913 0.894302 198.976 -0.0799913 0.988569 0.127802 23.8731 -0.894302 -0.127802 0.428825 -33.7242
0.440891 -0.0811099 0.893889 199.626 -0.0811099 0.988233 0.129676 23.9612 -0.893889 -0.129676 0.429124 -33.3873
0.440965 -0.0815031 0.893816 200.309 -0.0815031 0.988117 0.130312 24.0486 -0.893816 -0.130312 0.429083 -33.0582
0.438996 -0.0812727 0.894806 201.002 -0.0812727 0.988226 0.129631 24.1398 -0.894806 -0.129631 0.427222 -32.7133
0.441023 -0.0832156 0.89363 201.706 -0.0832156 0.987612 0.133036 24.2201 -0.89363 -0.133036 0.428635 -32.4064
0.440634 -0.0848956 0.893664 202.401 -0.0848956 0.987115 0.135632 24.3161 -0.893664 -0.135632 0.427749 -32.0734
0.438218 -0.0873745 0.894612 203.103 -0.0873745 0.986411 0.13914 24.4107 -0.894612 -0.13914 0.424629 -31.7171
0.437957 -0.0888504 0.894594 203.832 -0.0888504 0.985954 0.141422 24.5072 -0.894594 -0.141422 0.423911 -31.38
0.434585 -0.0892665 0.896196 204.557 -0.0892665 0.985907 0.14149 24.6091 -0.896196 -0.14149 0.420492 -31.0129
0.426983 -0.0869599 0.900068 205.239 -0.0869599 0.986803 0.136593 24.7411 -0.900068 -0.136593 0.413787 -30.6031
0.424164 -0.0859946 0.901493 205.989 -0.0859946 0.987158 0.134628 24.8402 -0.901493 -0.134628 0.411322 -30.2639
0.424164 -0.0859946 0.901493 206.739 -0.0859946 0.987158 0.134628 24.9394 -0.901493 -0.134628 0.411322 -29.9247
0.424352 -0.085417 0.90146 207.493 -0.085417 0.987325 0.133762 25.0257 -0.90146 -0.133762 0.411677 -29.5868
0.424887 -0.0837453 0.901365 208.24 -0.0837453 0.987805 0.131252 25.1171 -0.901365 -0.131252 0.412692 -29.2513
0.423345 -0.0832444 0.902136 208.96 -0.0832444 0.987983 0.13023 25.2173 -0.902136 -0.13023 0.411328 -28.9196
0.422677 -0.0851097 0.902275 209.687 -0.0851097 0.987453 0.133015 25.3093 -0.902275 -0.133015 0.41013 -28.595
0.421621 -0.086604 0.902627 210.413 -0.086604 0.987032 0.135155 25.3943 -0.902627 -0.135155 0.408653 -28.2671
0.417302 -0.0834799 0.904925 211.14 -0.0834799 0.98804 0.129644 25.4908 -0.904925 -0.129644 0.405343 -27.9145
0.41204 -0.0833576 0.907345 211.822 -0.0833576 0.988182 0.128638 25.5708 -0.907345 -0.128638 0.400222 -27.6082
0.404793 -0.0835651 0.910582 212.503 -0.0835651 0.988268 0.127843 25.6596 -0.910582 -0.127843 0.393061 -27.303
0.396158 -0.0852186 0.914219 213.144 -0.0852186 0.987973 0.129021 25.7362 -0.914219 -0.129021 0.384131 -27.034
0.387467 -0.0877952 0.917693 213.748 -0.0877952 0.987416 0.131534 25.8 -0.917693 -0.131534 0.374883 -26.7921
0.376929 -0.0869244 0.922154 214.276 -0.0869244 0.987873 0.12865 25.8651 -0.922154 -0.12865 0.364802 -26.5813
0.365147 -0.0873548 0.926842 214.805 -0.0873548 0.98798 0.127532 25.9364 -0.926842 -0.127532 0.353127 -26.3766
0.354957 -0.0928746 0.930258 215.391 -0.0928746 0.986628 0.13394 26.0078 -0.930258 -0.13394 0.341585 -26.1625
0.347036 -0.0986781 0.932646 215.932 -0.0986781 0.985087 0.140945 26.0715 -0.932646 -0.140945 0.332123 -25.9759
0.339751 -0.101464 0.935026 216.555 -0.101464 0.984407 0.143691 26.1525 -0.935026 -0.143691 0.324158 -25.7561
0.334149 -0.10008 0.937192 217.228 -0.10008 0.984957 0.140864 26.2479 -0.937192 -0.140864 0.319106 -25.5171
0.33101 -0.100153 0.938297 217.951 -0.100153 0.985006 0.140471 26.3484 -0.938297 -0.140471 0.316016 -25.2607
0.329431 -0.101236 0.938737 218.691 -0.101236 0.984716 0.141721 26.4445 -0.938737 -0.141721 0.314147 -25.0082
0.327884 -0.10051 0.939356 219.434 -0.10051 0.984969 0.140474 26.5325 -0.939356 -0.140474 0.312853 -24.7438
0.325383 -0.0978648 0.940504 220.17 -0.0978648 0.985803 0.136436 26.6345 -0.940504 -0.136436 0.311186 -24.4741
0.32551 -0.0973011 0.940519 220.914 -0.0973011 0.985963 0.135678 26.7347 -0.940519 -0.135678 0.311473 -24.2204
0.325874 -0.0964326 0.940482 221.658 -0.0964326 0.986205 0.134534 26.8365 -0.940482 -0.134534 0.312079 -23.9537
0.325901 -0.0961064 0.940506 222.415 -0.0961064 0.986298 0.134088 26.9356 -0.940506 -0.134088 0.312199 -23.6809
0.328023 -0.0981312 0.939559 223.178 -0.0981312 0.98567 0.137207 27.0248 -0.939559 -0.137207 0.313693 -23.4227
0.331226 -0.0985241 0.938393 223.937 -0.0985241 0.985485 0.138245 27.1226 -0.938393 -0.138245 0.316711 -23.1622
0.333759 -0.0975259 0.9376 224.697 -0.0975259 0.985724 0.137248 27.2161 -0.9376 -0.137248 0.319483 -22.8792
0.336419 -0.0961757 0.936788 225.454 -0.0961757 0.986061 0.135773 27.3159 -0.936788 -0.135773 0.32248 -22.5935
0.341806 -0.0960869 0.934846 226.229 -0.0960869 0.985973 0.136474 27.416 -0.934846 -0.136474 0.327778 -22.3258
0.346041 -0.0949193 0.933406 227.02 -0.0949193 0.986223 0.13548 27.5069 -0.933406 -0.13548 0.332264 -22.0411
0.349017 -0.0904302 0.932743 227.821 -0.0904302 0.987438 0.12957 27.5973 -0.932743 -0.12957 0.336455 -21.731
0.352845 -0.0865738 0.931668 228.631 -0.0865738 0.988418 0.124635 27.7027 -0.931668 -0.124635 0.341264 -21.4178
0.35616 -0.0830107 0.930731 229.45 -0.0830107 0.989297 0.12 27.8068 -0.930731 -0.12 0.345457 -21.0887
0.359742 -0.0821139 0.929432 230.267 -0.0821139 0.989469 0.119201 27.8903 -0.929432 -0.119201 0.349211 -20.7702
0.362145 -0.0799116 0.92869 231.085 -0.0799116 0.989989 0.116348 27.9794 -0.92869 -0.116348 0.352134 -20.4332
0.365443 -0.0788517 0.927488 231.903 -0.0788517 0.990202 0.115252 28.0733 -0.927488 -0.115252 0.355645 -20.1044
0.370098 -0.0781714 0.925698 232.718 -0.0781714 0.990299 0.11488 28.1617 -0.925698 -0.11488 0.360397 -19.7844
0.375472 -0.0777085 0.92357 233.54 -0.0777085 0.990331 0.114918 28.2532 -0.92357 -0.114918 0.365803 -19.4635
0.380289 -0.0806359 0.921346 234.347 -0.0806359 0.989508 0.119884 28.3354 -0.921346 -0.119884 0.369796 -19.1384
0.38663 -0.0821868 0.918565 235.161 -0.0821868 0.988988 0.123081 28.4335 -0.918565 -0.123081 0.375618 -18.823
0.390963 -0.080183 0.916907 235.962 -0.080183 0.989443 0.120716 28.5276 -0.916907 -0.120716 0.380406 -18.4863
0.392936 -0.0769891 0.916337 236.738 -0.0769891 0.990236 0.116212 28.613 -0.916337 -0.116212 0.383172 -18.1296
0.398046 -0.0764957 0.914171 237.517 -0.0764957 0.990279 0.116172 28.6994 -0.914171 -0.116172 0.388325 -17.8074
0.406734 -0.0742697 0.910523 238.288 -0.0742697 0.990702 0.113986 28.7725 -0.910523 -0.113986 0.397436 -17.4611
0.406734 -0.0742697 0.910523 239.06 -0.0742697 0.990702 0.113986 28.8456 -0.910523 -0.113986 0.397436 -17.1147
0.409034 -0.0695195 0.909867 239.771 -0.0695195 0.991822 0.107034 28.9251 -0.909867 -0.107034 0.400856 -16.7828
0.411344 -0.0658616 0.909098 240.473 -0.0658616 0.992631 0.101714 29.0065 -0.909098 -0.101714 0.403975 -16.4592
0.414149 -0.0689928 0.90759 240.981 -0.0689928 0.991875 0.106882 29.0556 -0.90759 -0.106882 0.406024 -16.2372
0.415789 -0.0747961 0.90638 241.555 -0.0747961 0.990424 0.116043 29.1164 -0.90638 -0.116043 0.406213 -15.9688
0.416982 -0.076443 0.905694 242.244 -0.076443 0.989977 0.118751 29.1836 -0.905694 -0.118751 0.406959 -15.6537
0.416682 -0.0738516 0.906048 242.986 -0.0738516 0.99065 0.114711 29.2593 -0.906048 -0.114711 0.407332 -15.2785
0.420655 -0.0725399 0.904316 243.769 -0.0725399 0.990917 0.11323 29.3505 -0.904316 -0.11323 0.411572 -14.9272
0.425249 -0.0705479 0.902322 244.565 -0.0705479 0.991341 0.110756 29.4423 -0.902322 -0.110756 0.41659 -14.5523
0.430344 -0.0691092 0.900016 245.359 -0.0691092 0.991616 0.109188 29.5218 -0.900016 -0.109188 0.42196 -14.18
0.435637 -0.0700698 0.897391 246.143 -0.0700698 0.9913 0.111418 29.5996 -0.897391 -0.111418 0.426937 -13.818
0.439283 -0.0697386 0.895638 246.899 -0.0697386 0.991326 0.111394 29.6769 -0.895638 -0.111394 0.430609 -13.4444
0.441565 -0.0692433 0.894553 247.631 -0.0692433 0.991414 0.11092 29.762 -0.894553 -0.11092 0.432979 -13.0609
0.443558 -0.0711016 0.893421 248.313 -0.0711016 0.990915 0.11416 29.8468 -0.893421 -0.11416 0.434473 -12.7039
0.448425 -0.0749392 0.890674 249.047 -0.0749392 0.989818 0.12101 29.9239 -0.890674 -0.12101 0.438243 -12.3723
0.453899 -0.0784099 0.887597 249.8 -0.0784099 0.988742 0.127442 30.0075 -0.887597 -0.127442 0.442641 -12.034
0.455685 -0.0816519 0.886388 250.551 -0.0816519 0.987752 0.132966 30.1032 -0.886388 -0.132966 0.443436 -11.6544
0.45802 -0.0848486 0.884883 251.33 -0.0848486 0.986717 0.138531 30.2023 -0.884883 -0.138531 0.444737 -11.2707
0.459907 -0.0842992 0.883956 252.133 -0.0842992 0.986842 0.13797 30.3053 -0.883956 -0.13797 0.446749 -10.8623
0.460776 -0.0781555 0.884068 252.943 -0.0781555 0.988672 0.128138 30.4134 -0.884068 -0.128138 0.449448 -10.425
0.462535 -0.0740927 0.8835 253.753 -0.0740927 0.989786 0.121796 30.5141 -0.8835 -0.121796 0.452321 -10.0116
0.46274 -0.0711999 0.88363 254.508 -0.0711999 0.990564 0.117102 30.6115 -0.88363 -0.117102 0.453304 -9.60069
0.464426 -0.074811 0.882446 255.247 -0.074811 0.98955 0.123263 30.6925 -0.882446 -0.123263 0.453976 -9.28487
0.46707 -0.0771411 0.880849 256.007 -0.0771411 0.988834 0.127502 30.7961 -0.880849 -0.127502 0.455904 -8.89748
0.46707 -0.0771411 0.880849 256.767 -0.0771411 0.988834 0.127502 30.8997 -0.880849 -0.127502 0.455904 -8.51009
0.46863 -0.0778492 0.879958 257.524 -0.0778492 0.988595 0.12892 30.9869 -0.879958 -0.12892 0.457225 -8.11082
0.472787 -0.0810839 0.877438 258.304 -0.0810839 0.987529 0.134948 31.0961 -0.877438 -0.134948 0.460317 -7.74098
0.4745 -0.0824874 0.876382 259.074 -0.0824874 0.987052 0.137565 31.1973 -0.876382 -0.137565 0.461552 -7.33938
0.475438 -0.0824984 0.875873 259.847 -0.0824984 0.987025 0.137749 31.2988 -0.875873 -0.137749 0.462463 -6.92741
0.476822 -0.082418 0.875128 260.629 -0.082418 0.987016 0.137862 31.412 -0.875128 -0.137862 0.463838 -6.51188
0.478473 -0.0821854 0.874248 261.412 -0.0821854 0.987049 0.137769 31.5192 -0.874248 -0.137769 0.465522 -6.092
0.480506 -0.0815023 0.873196 262.195 -0.0815023 0.987213 0.136994 31.6286 -0.873196 -0.136994 0.467719 -5.67026
0.482451 -0.0837029 0.871914 262.974 -0.0837029 0.986463 0.141014 31.7385 -0.871914 -0.141014 0.468914 -5.24453
0.485213 -0.0833621 0.870413 263.76 -0.0833621 0.986501 0.14095 31.8483 -0.870413 -0.14095 0.471713 -4.80134
0.485635 -0.0816633 0.870339 264.528 -0.0816633 0.987035 0.13818 31.9802 -0.870339 -0.13818 0.472669 -4.32246
0.489803 -0.0818065 0.867986 265.335 -0.0818065 0.986883 0.139176 32.0887 -0.867986 -0.139176 0.476686 -3.864
0.49338 -0.0803185 0.866097 266.136 -0.0803185 0.987266 0.137309 32.2012 -0.866097 -0.137309 0.480647 -3.40556
0.495209 -0.0761018 0.865434 266.897 -0.0761018 0.988527 0.130472 32.3089 -0.865434 -0.130472 0.483736 -2.92703
0.499799 -0.0747295 0.862912 267.648 -0.0747295 0.988835 0.128918 32.4039 -0.862912 -0.128918 0.488634 -2.47669
