0.999947 -5.80978e-007 0.0103311 0.0244083 -5.80978e-007 1 0.000112468 0.00520179 -0.0103311 -0.000112468 0.999947 0.289903
0.999855 -2.62431e-007 0.0170278 0.0452069 -2.62431e-007 1 3.08216e-005 0.00386594 -0.0170278 -3.08216e-005 0.999855 0.579486
0.999853 7.0264e-006 0.017146 0.0698992 7.0264e-006 1 -0.000819535 -0.00659655 -0.017146 0.000819535 0.999853 0.864541
0.999907 1.24958e-005 0.0136442 0.0740371 1.24958e-005 0.999998 -0.00183158 -0.00914909 -0.0136442 0.00183158 0.999905 1.17018
0.99999 -1.27604e-005 -0.00450984 0.0662296 -1.27604e-005 0.999984 -0.00565885 -0.00639417 0.00450984 0.00565885 0.999974 1.49073
0.99999 -1.27604e-005 -0.00450984 0.0584221 -1.27604e-005 0.999984 -0.00565885 -0.00363926 0.00450984 0.00565885 0.999974 1.81129
0.999782 -5.55701e-005 -0.0208829 0.0384424 -5.55701e-005 0.999986 -0.00532146 -0.0122212 0.0208829 0.00532146 0.999768 2.14461
0.999173 -8.95054e-005 -0.040669 -0.00320631 -8.95054e-005 0.99999 -0.00439981 -0.0259686 0.040669 0.00439981 0.999163 2.48182
0.998229 -0.000153691 -0.0594895 -0.0412541 -0.000153691 0.999987 -0.00516239 -0.0321958 0.0594895 0.00516239 0.998216 2.83906
0.996616 -0.000253444 -0.0821967 -0.0545824 -0.000253444 0.999981 -0.00615628 -0.0324906 0.0821967 0.00615628 0.996597 3.20394
0.992524 -0.000265328 -0.122051 -0.120803 -0.000265328 0.999991 -0.00433155 -0.0404758 0.122051 0.00433155 0.992514 3.58166
0.992524 -0.000265328 -0.122051 -0.187023 -0.000265328 0.999991 -0.00433155 -0.0484609 0.122051 0.00433155 0.992514 3.95938
0.990461 -0.00022094 -0.137796 -0.302576 -0.00022094 0.999995 -0.00319146 -0.0662609 0.137796 0.00319146 0.990455 4.30143
0.986182 -0.000129598 -0.165663 -0.397332 -0.000129598 0.999999 -0.00155378 -0.0767352 0.165663 0.00155378 0.986181 4.69246
0.986182 -0.000129598 -0.165663 -0.492088 -0.000129598 0.999999 -0.00155378 -0.0872096 0.165663 0.00155378 0.986181 5.08349
0.984083 -0.000265294 -0.177708 -0.582972 -0.000265294 0.999996 -0.00296197 -0.0890608 0.177708 0.00296197 0.984079 5.52465
0.98101 -0.0005868 -0.193956 -0.676964 -0.0005868 0.999982 -0.00599335 -0.0986296 0.193956 0.00599335 0.980992 5.98331
0.98101 -0.0005868 -0.193956 -0.770955 -0.0005868 0.999982 -0.00599335 -0.108198 0.193956 0.00599335 0.980992 6.44197
0.980421 -0.000902452 -0.196913 -0.925518 -0.000902452 0.999958 -0.00907606 -0.0963038 0.196913 0.00907606 0.980379 6.91895
0.977304 -0.00139064 -0.211837 -1.06156 -0.00139064 0.999915 -0.0129798 -0.111706 0.211837 0.0129798 0.977219 7.44193
0.977304 -0.00139064 -0.211837 -1.19759 -0.00139064 0.999915 -0.0129798 -0.127108 0.211837 0.0129798 0.977219 7.96491
0.974912 -0.00191379 -0.222581 -1.26523 -0.00191379 0.999854 -0.0169793 -0.131911 0.222581 0.0169793 0.974766 8.51188
0.969998 -0.00291753 -0.243095 -1.39235 -0.00291753 0.999716 -0.0236398 -0.145635 0.243095 0.0236398 0.969714 9.09285
0.969998 -0.00291753 -0.243095 -1.51948 -0.00291753 0.999716 -0.0236398 -0.15936 0.243095 0.0236398 0.969714 9.67381
0.968203 -0.00325363 -0.250144 -1.71726 -0.00325363 0.999667 -0.0255962 -0.175675 0.250144 0.0255962 0.96787 10.2802
0.963756 -0.00410603 -0.266752 -1.91172 -0.00410603 0.999535 -0.0302203 -0.199658 0.266752 0.0302203 0.963291 10.927
0.963756 -0.00410603 -0.266752 -2.10617 -0.00410603 0.999535 -0.0302203 -0.22364 0.266752 0.0302203 0.963291 11.5738
0.962423 -0.00448174 -0.271519 -2.38357 -0.00448174 0.999465 -0.0323832 -0.24132 0.271519 0.0323832 0.961888 12.3289
0.960196 -0.00502349 -0.279282 -2.63407 -0.00502349 0.999366 -0.035247 -0.26801 0.279282 0.035247 0.959562 13.1379
0.958504 -0.00557691 -0.285023 -2.91834 -0.00557691 0.99925 -0.0383064 -0.324221 0.285023 0.0383064 0.957755 13.9358
0.957799 -0.00647074 -0.287365 -3.23365 -0.00647074 0.999008 -0.0440624 -0.370857 0.287365 0.0440624 0.956807 14.7209
0.956022 -0.00777331 -0.293191 -3.49308 -0.00777331 0.998626 -0.0518232 -0.417054 0.293191 0.0518232 0.954648 15.5787
0.954097 -0.0089669 -0.299363 -3.61022 -0.0089669 0.998248 -0.0584792 -0.449785 0.299363 0.0584792 0.952346 16.0148
0.952337 -0.0103806 -0.304871 -3.77186 -0.0103806 0.997739 -0.0663984 -0.482781 0.304871 0.0663984 0.950076 16.4898
0.951891 -0.0115164 -0.306221 -4.07648 -0.0115164 0.997243 -0.073303 -0.518841 0.306221 0.073303 0.949134 17.1492
0.948156 -0.0137809 -0.317508 -4.32956 -0.0137809 0.996337 -0.0843975 -0.580663 0.317508 0.0843975 0.944492 17.854
0.948156 -0.0137809 -0.317508 -4.58265 -0.0137809 0.996337 -0.0843975 -0.642485 0.317508 0.0843975 0.944492 18.5587
0.944744 -0.0152487 -0.327455 -4.84021 -0.0152487 0.995792 -0.0903654 -0.701108 0.327455 0.0903654 0.940536 19.2178
0.944744 -0.0152487 -0.327455 -5.09776 -0.0152487 0.995792 -0.0903654 -0.759731 0.327455 0.0903654 0.940536 19.8769
0.942222 -0.0159894 -0.334608 -5.33571 -0.0159894 0.995575 -0.0925982 -0.806841 0.334608 0.0925982 0.937797 20.6144
0.938512 -0.0168997 -0.344833 -5.54075 -0.0168997 0.995355 -0.0947755 -0.872648 0.344833 0.0947755 0.933867 21.3902
0.935779 -0.0167882 -0.352186 -5.79611 -0.0167882 0.995611 -0.0920668 -0.960792 0.352186 0.0920668 0.931391 22.0828
0.932804 -0.0170023 -0.359983 -6.06794 -0.0170023 0.995698 -0.0910846 -1.04151 0.359983 0.0910846 0.928502 22.812
0.929153 -0.0172305 -0.369293 -6.34665 -0.0172305 0.995809 -0.0898153 -1.11263 0.369293 0.0898153 0.924963 23.5239
0.92585 -0.0165699 -0.377529 -6.6328 -0.0165699 0.996297 -0.0843637 -1.18722 0.377529 0.0843637 0.922147 24.2142
0.922139 -0.0159356 -0.386531 -6.9365 -0.0159356 0.996739 -0.0791101 -1.26278 0.386531 0.0791101 0.918877 24.9229
0.917862 -0.0156799 -0.39659 -7.24037 -0.0156799 0.997007 -0.075708 -1.33759 0.39659 0.075708 0.914869 25.6422
0.914343 -0.0156001 -0.404639 -7.58984 -0.0156001 0.997159 -0.0736945 -1.39801 0.404639 0.0736945 0.911502 26.3622
0.910687 -0.0158642 -0.412791 -7.95183 -0.0158642 0.997182 -0.0733223 -1.45823 0.412791 0.0733223 0.90787 27.0963
0.90779 -0.0159352 -0.419123 -8.31607 -0.0159352 0.997246 -0.0724303 -1.52186 0.419123 0.0724303 0.905036 27.8087
0.903997 -0.0158725 -0.427244 -8.68406 -0.0158725 0.997376 -0.0706379 -1.58425 0.427244 0.0706379 0.901373 28.5403
0.900528 -0.0158632 -0.434508 -9.09877 -0.0158632 0.99747 -0.069293 -1.64515 0.434508 0.069293 0.897999 29.3068
0.896039 -0.0157988 -0.443693 -9.45481 -0.0157988 0.997599 -0.0674276 -1.72145 0.443693 0.0674276 0.893639 30.0744
0.889027 -0.0143472 -0.45763 -9.8944 -0.0143472 0.998145 -0.0591651 -1.78412 0.45763 0.0591651 0.887172 30.8618
0.889027 -0.0143472 -0.45763 -10.334 -0.0143472 0.998145 -0.0591651 -1.84679 0.45763 0.0591651 0.887172 31.6492
0.885148 -0.014596 -0.465081 -10.7844 -0.014596 0.998145 -0.0591048 -1.89934 0.465081 0.0591048 0.883293 32.4826
0.88172 -0.0159355 -0.471505 -11.1432 -0.0159355 0.997853 -0.063524 -1.95576 0.471505 0.063524 0.879573 33.3005
0.875117 -0.0174925 -0.483596 -11.5108 -0.0174925 0.99755 -0.0677378 -2.02954 0.483596 0.0677378 0.872667 34.1561
0.868487 -0.0186141 -0.495362 -11.9082 -0.0186141 0.997365 -0.0701127 -2.09378 0.495362 0.0701127 0.865853 34.9559
0.868487 -0.0186141 -0.495362 -12.3055 -0.0186141 0.997365 -0.0701127 -2.15802 0.495362 0.0701127 0.865853 35.7558
0.863303 -0.019195 -0.504321 -12.7865 -0.019195 0.997305 -0.0708168 -2.21616 0.504321 0.0708168 0.860608 36.6723
0.862791 -0.0191374 -0.505199 -13.2553 -0.0191374 0.997331 -0.070463 -2.30151 0.505199 0.070463 0.860122 37.4881
0.862285 -0.0194387 -0.50605 -13.7702 -0.0194387 0.997256 -0.0714299 -2.3608 0.50605 0.0714299 0.859542 38.33
0.859171 -0.0198556 -0.511303 -14.2158 -0.0198556 0.997201 -0.0720892 -2.46412 0.511303 0.0720892 0.856372 39.2071
0.859171 -0.0198556 -0.511303 -14.6613 -0.0198556 0.997201 -0.0720892 -2.56745 0.511303 0.0720892 0.856372 40.0843
0.860068 -0.0195063 -0.509807 -15.208 -0.0195063 0.997281 -0.071066 -2.64008 0.509807 0.071066 0.857348 40.924
0.860068 -0.0195063 -0.509807 -15.7548 -0.0195063 0.997281 -0.071066 -2.71271 0.509807 0.071066 0.857348 41.7638
0.860588 -0.0173875 -0.509005 -16.358 -0.0173875 0.997831 -0.0634831 -2.78127 0.509005 0.0634831 0.858419 42.5235
0.86102 -0.0164965 -0.508304 -16.9833 -0.0164965 0.998042 -0.0603341 -2.84861 0.508304 0.0603341 0.859061 43.3297
0.854966 -0.015642 -0.518448 -17.5582 -0.015642 0.998313 -0.055915 -2.93656 0.518448 0.055915 0.853279 44.2308
0.854966 -0.015642 -0.518448 -18.1332 -0.015642 0.998313 -0.055915 -3.02452 0.518448 0.055915 0.853279 45.1318
0.849229 -0.0176057 -0.527731 -18.8039 -0.0176057 0.997944 -0.061624 -3.11217 0.527731 0.061624 0.847173 46.1413
0.843485 -0.0188634 -0.536821 -19.4565 -0.0188634 0.997727 -0.0646984 -3.20874 0.536821 0.0646984 0.841212 47.114
0.837755 -0.0191659 -0.54571 -20.112 -0.0191659 0.997736 -0.0644645 -3.28022 0.54571 0.0644645 0.835491 48.0637
0.83227 -0.0179139 -0.554081 -20.799 -0.0179139 0.998087 -0.0591769 -3.37428 0.554081 0.0591769 0.830357 49.0507
0.82753 -0.0161562 -0.561189 -21.49 -0.0161562 0.998487 -0.0525696 -3.47267 0.561189 0.0525696 0.826016 50.0097
0.820494 -0.0182244 -0.571364 -22.1151 -0.0182244 0.99815 -0.0580079 -3.55686 0.571364 0.0580079 0.818644 51.0728
0.813568 -0.0208928 -0.581095 -22.8487 -0.0208928 0.997659 -0.0651213 -3.66551 0.581095 0.0651213 0.811226 52.1236
0.813568 -0.0208928 -0.581095 -23.5823 -0.0208928 0.997659 -0.0651213 -3.77416 0.581095 0.0651213 0.811226 53.1744
0.807288 -0.0211305 -0.589779 -24.4007 -0.0211305 0.997683 -0.0646682 -3.88667 0.589779 0.0646682 0.804971 54.2115
0.807288 -0.0211305 -0.589779 -25.2191 -0.0211305 0.997683 -0.0646682 -3.99917 0.589779 0.0646682 0.804971 55.2486
0.80517 -0.0198806 -0.592711 -25.9825 -0.0198806 0.997971 -0.0604806 -4.07192 0.592711 0.0604806 0.803141 56.2249
0.802767 -0.0189369 -0.595992 -26.736 -0.0189369 0.998182 -0.057223 -4.15351 0.595992 0.057223 0.800949 57.1771
0.800504 -0.0187359 -0.599035 -27.4954 -0.0187359 0.99824 -0.0562591 -4.22743 0.599035 0.0562591 0.798744 58.132
0.796911 -0.0192978 -0.603788 -28.2321 -0.0192978 0.998166 -0.0573727 -4.31278 0.603788 0.0573727 0.795077 59.0991
0.792007 -0.0199906 -0.610184 -28.8945 -0.0199906 0.998079 -0.0586459 -4.41326 0.610184 0.0586459 0.790086 60.056
0.787006 -0.0209427 -0.61659 -29.5914 -0.0209427 0.997941 -0.0606263 -4.50269 0.61659 0.0606263 0.784947 60.975
0.782905 -0.0210268 -0.621786 -30.3438 -0.0210268 0.997963 -0.0602233 -4.58523 0.621786 0.0602233 0.780868 61.8908
0.778588 -0.0205283 -0.627199 -31.1095 -0.0205283 0.998097 -0.0581512 -4.67058 0.627199 0.0581512 0.776685 62.7864
0.773265 -0.0214586 -0.63372 -31.8471 -0.0214586 0.997969 -0.0599763 -4.76015 0.63372 0.0599763 0.771234 63.6796
0.767447 -0.0228212 -0.640706 -32.5785 -0.0228212 0.99776 -0.0628747 -4.84025 0.640706 0.0628747 0.765207 64.564
0.762898 -0.0225975 -0.646123 -33.3485 -0.0225975 0.997846 -0.0615803 -4.92274 0.646123 0.0615803 0.760745 65.4094
0.755908 -0.0239578 -0.65424 -34.0516 -0.0239578 0.997649 -0.0642139 -5.01153 0.65424 0.0642139 0.753556 66.2694
0.743142 -0.0263061 -0.668616 -34.818 -0.0263061 0.997306 -0.0684764 -5.09863 0.668616 0.0684764 0.740448 67.1418
0.743142 -0.0263061 -0.668616 -35.5843 -0.0263061 0.997306 -0.0684764 -5.18574 0.668616 0.0684764 0.740448 68.0142
0.735718 -0.0271884 -0.676742 -36.3818 -0.0271884 0.997203 -0.0696209 -5.2695 0.676742 0.0696209 0.732921 68.9034
0.72246 -0.0288268 -0.690811 -37.2286 -0.0288268 0.997006 -0.0717514 -5.37203 0.690811 0.0717514 0.719466 69.8249
0.72246 -0.0288268 -0.690811 -38.0754 -0.0288268 0.997006 -0.0717514 -5.47456 0.690811 0.0717514 0.719466 70.7464
0.709607 -0.0324868 -0.703849 -39.0963 -0.0324868 0.996366 -0.0787408 -5.56742 0.703849 0.0787408 0.705972 71.7195
0.709607 -0.0324868 -0.703849 -40.1173 -0.0324868 0.996366 -0.0787408 -5.66027 0.703849 0.0787408 0.705972 72.6926
0.699995 -0.0324383 -0.71341 -41.1567 -0.0324383 0.996493 -0.0771383 -5.78519 0.71341 0.0771383 0.696488 73.6577
0.699995 -0.0324383 -0.71341 -42.1961 -0.0324383 0.996493 -0.0771383 -5.91012 0.71341 0.0771383 0.696488 74.6227
0.688618 -0.0350472 -0.724277 -43.1882 -0.0350472 0.996055 -0.08152 -6.0352 0.724277 0.08152 0.684674 75.5859
0.688618 -0.0350472 -0.724277 -44.1804 -0.0350472 0.996055 -0.08152 -6.16028 0.724277 0.08152 0.684674 76.5492
0.688195 -0.0328186 -0.724783 -45.2237 -0.0328186 0.996546 -0.0762861 -6.25906 0.724783 0.0762861 0.684741 77.3652
0.678824 -0.0332802 -0.733547 -46.2488 -0.0332802 0.996552 -0.0760098 -6.37563 0.733547 0.0760098 0.675375 78.279
0.678824 -0.0332802 -0.733547 -47.2739 -0.0332802 0.996552 -0.0760098 -6.49219 0.733547 0.0760098 0.675375 79.1929
0.674091 -0.0329393 -0.737913 -48.279 -0.0329393 0.996671 -0.0745803 -6.59523 0.737913 0.0745803 0.670762 80.0874
0.670909 -0.0340021 -0.740759 -49.2372 -0.0340021 0.996487 -0.0765364 -6.70033 0.740759 0.0765364 0.667396 81.007
0.661253 -0.0381871 -0.74919 -50.19 -0.0381871 0.995695 -0.0844566 -6.83334 0.74919 0.0844566 0.656948 81.9647
0.657014 -0.0406533 -0.752781 -51.1543 -0.0406533 0.995181 -0.0892255 -6.96813 0.752781 0.0892255 0.652196 82.8281
0.657238 -0.0433593 -0.752435 -52.2217 -0.0433593 0.994515 -0.0951826 -7.10446 0.752435 0.0951826 0.651753 83.6172
0.64888 -0.0478104 -0.759387 -53.2158 -0.0478104 0.99349 -0.103402 -7.25286 0.759387 0.103402 0.64237 84.5005
0.64888 -0.0478104 -0.759387 -54.21 -0.0478104 0.99349 -0.103402 -7.40126 0.759387 0.103402 0.64237 85.3837
0.644753 -0.0497866 -0.762768 -55.2191 -0.0497866 0.993023 -0.106899 -7.55396 0.762768 0.106899 0.637776 86.2187
0.644886 -0.0478371 -0.76278 -56.2752 -0.0478371 0.993556 -0.102754 -7.68359 0.76278 0.102754 0.638442 86.824
0.628021 -0.0530441 -0.776387 -57.2499 -0.0530441 0.992436 -0.110713 -7.82232 0.776387 0.110713 0.620457 87.6361
0.628021 -0.0530441 -0.776387 -58.2247 -0.0530441 0.992436 -0.110713 -7.96104 0.776387 0.110713 0.620457 88.4482
0.619448 -0.0538425 -0.783189 -59.2557 -0.0538425 0.992382 -0.11081 -8.10153 0.783189 0.11081 0.61183 89.2307
0.610381 -0.0552418 -0.790179 -60.291 -0.0552418 0.992168 -0.112035 -8.25309 0.790179 0.112035 0.602549 90.0212
0.601934 -0.057127 -0.7965 -61.4311 -0.057127 0.991802 -0.114307 -8.38974 0.7965 0.114307 0.593735 90.7559
0.582121 -0.0598683 -0.810895 -62.5631 -0.0598683 0.991423 -0.116175 -8.57757 0.810895 0.116175 0.573544 91.5808
0.582121 -0.0598683 -0.810895 -63.695 -0.0598683 0.991423 -0.116175 -8.76539 0.810895 0.116175 0.573544 92.4058
0.573074 -0.0617086 -0.817177 -64.8539 -0.0617086 0.991081 -0.118116 -8.9363 0.817177 0.118116 0.564155 93.1888
0.562085 -0.0634532 -0.824642 -65.82 -0.0634532 0.990806 -0.119489 -9.12421 0.824642 0.119489 0.552891 93.8972
0.541824 -0.0654091 -0.837943 -66.8721 -0.0654091 0.990662 -0.119625 -9.28882 0.837943 0.119625 0.532486 94.5753
0.541824 -0.0654091 -0.837943 -67.9243 -0.0654091 0.990662 -0.119625 -9.45342 0.837943 0.119625 0.532486 95.2534
0.531537 -0.0659559 -0.844463 -69.0156 -0.0659559 0.990714 -0.118894 -9.63454 0.844463 0.118894 0.522251 95.9215
0.522252 -0.0671512 -0.850143 -70.162 -0.0671512 0.990561 -0.119494 -9.78502 0.850143 0.119494 0.512814 96.5735
0.512751 -0.0677251 -0.855862 -71.3063 -0.0677251 0.990587 -0.11896 -9.9565 0.855862 0.11896 0.503338 97.2364
0.504347 -0.0671579 -0.860886 -72.4668 -0.0671579 0.990901 -0.116645 -10.134 0.860886 0.116645 0.495247 97.8883
0.496976 -0.0675322 -0.865133 -73.6704 -0.0675322 0.990934 -0.116146 -10.3023 0.865133 0.116146 0.487909 98.5578
0.489452 -0.0687564 -0.869315 -74.9012 -0.0687564 0.99074 -0.117072 -10.4777 0.869315 0.117072 0.480193 99.2287
0.483141 -0.0714684 -0.872621 -76.1297 -0.0714684 0.990118 -0.120661 -10.67 0.872621 0.120661 0.473258 99.8541
0.47578 -0.0755986 -0.87631 -77.3436 -0.0755986 0.989098 -0.126374 -10.8407 0.87631 0.126374 0.464877 100.534
0.469556 -0.0779302 -0.879457 -78.5342 -0.0779302 0.988551 -0.129205 -11.0288 0.879457 0.129205 0.458107 101.159
0.465366 -0.0773128 -0.881735 -79.7428 -0.0773128 0.98882 -0.127507 -11.2232 0.881735 0.127507 0.454186 101.727
0.461578 -0.0786913 -0.883603 -80.9186 -0.0786913 0.988499 -0.12914 -11.4206 0.883603 0.12914 0.450077 102.318
0.459141 -0.0775064 -0.884976 -82.095 -0.0775064 0.988893 -0.126819 -11.6062 0.884976 0.126819 0.448034 102.88
0.455661 -0.0781942 -0.886712 -83.2095 -0.0781942 0.988767 -0.127376 -11.791 0.886712 0.127376 0.444428 103.473
0.453773 -0.0786729 -0.887638 -84.3332 -0.0786729 0.988669 -0.127846 -11.9601 0.887638 0.127846 0.442442 103.998
0.45318 -0.0795102 -0.887866 -85.4689 -0.0795102 0.988439 -0.1291 -12.1288 0.887866 0.1291 0.441619 104.538
0.451327 -0.0787112 -0.88888 -86.5743 -0.0787112 0.988708 -0.127516 -12.3285 0.88888 0.127516 0.440036 105.096
0.450394 -0.0805026 -0.889193 -87.7534 -0.0805026 0.988209 -0.130243 -12.4758 0.889193 0.130243 0.438603 105.633
0.449655 -0.0797038 -0.889639 -88.3416 -0.0797038 0.988457 -0.128842 -12.5789 0.889639 0.128842 0.438112 105.904
0.448167 -0.0796149 -0.890398 -88.637 -0.0796149 0.988514 -0.128461 -12.6059 0.890398 0.128461 0.43668 106.049
0.448167 -0.0796149 -0.890398 -88.9323 -0.0796149 0.988514 -0.128461 -12.6329 0.890398 0.128461 0.43668 106.194
0.446449 -0.0824882 -0.890999 -89.6686 -0.0824882 0.987708 -0.132774 -12.7361 0.890999 0.132774 0.434157 106.538
0.443796 -0.0841282 -0.89217 -90.4158 -0.0841282 0.987275 -0.134945 -12.9334 0.89217 0.134945 0.431071 106.936
0.442775 -0.083916 -0.892697 -91.2376 -0.083916 0.987363 -0.134437 -13.0787 0.892697 0.134437 0.430137 107.321
0.442775 -0.083916 -0.892697 -92.0594 -0.083916 0.987363 -0.134437 -13.224 0.892697 0.134437 0.430137 107.706
0.443153 -0.086073 -0.892304 -93.0881 -0.086073 0.986696 -0.137925 -13.3776 0.892304 0.137925 0.429849 108.16
0.447743 -0.0820965 -0.890385 -94.1687 -0.0820965 0.987796 -0.132362 -13.5749 0.890385 0.132362 0.435539 108.604
0.456841 -0.0792383 -0.886012 -95.2742 -0.0792383 0.98844 -0.129255 -13.7561 0.886012 0.129255 0.445281 109.123
0.456841 -0.0792383 -0.886012 -96.3798 -0.0792383 0.98844 -0.129255 -13.9373 0.886012 0.129255 0.445281 109.643
0.46787 -0.0768772 -0.880447 -97.9644 -0.0768772 0.988893 -0.127199 -14.1935 0.880447 0.127199 0.456764 110.471
0.46787 -0.0768772 -0.880447 -99.549 -0.0768772 0.988893 -0.127199 -14.4496 0.880447 0.127199 0.456764 111.299
0.475999 -0.0763385 -0.876126 -100.994 -0.0763385 0.988879 -0.127637 -14.6785 0.876126 0.127637 0.464877 112.032
0.485781 -0.0742294 -0.870923 -102.285 -0.0742294 0.989285 -0.125721 -14.8974 0.870923 0.125721 0.475065 112.661
0.502663 -0.0700126 -0.861643 -103.449 -0.0700126 0.990144 -0.121298 -15.1093 0.861643 0.121298 0.492807 113.329
0.502663 -0.0700126 -0.861643 -104.613 -0.0700126 0.990144 -0.121298 -15.3212 0.861643 0.121298 0.492807 113.998
0.523553 -0.0681705 -0.849261 -105.762 -0.0681705 0.990246 -0.121513 -15.5027 0.849261 0.121513 0.513799 114.653
0.523553 -0.0681705 -0.849261 -106.911 -0.0681705 0.990246 -0.121513 -15.6842 0.849261 0.121513 0.513799 115.309
0.534746 -0.065898 -0.842439 -107.971 -0.065898 0.990666 -0.119322 -15.8501 0.842439 0.119322 0.525413 115.964
0.543471 -0.0629619 -0.837063 -108.905 -0.0629619 0.991317 -0.115443 -16.0279 0.837063 0.115443 0.534788 116.653
0.554087 -0.0580729 -0.830431 -109.803 -0.0580729 0.992437 -0.10815 -16.1913 0.830431 0.10815 0.546524 117.3
0.564822 -0.0546324 -0.823402 -110.687 -0.0546324 0.993141 -0.10337 -16.3396 0.823402 0.10337 0.557964 117.915
0.573776 -0.0500597 -0.817481 -111.565 -0.0500597 0.994121 -0.0960126 -16.4914 0.817481 0.0960126 0.567896 118.62
0.583569 -0.0483831 -0.810621 -112.405 -0.0483831 0.994379 -0.0941821 -16.6248 0.810621 0.0941821 0.577947 119.257
0.59375 -0.0502996 -0.803076 -113.301 -0.0502996 0.993772 -0.0994324 -16.7421 0.803076 0.0994324 0.587522 119.903
0.60104 -0.0454405 -0.797926 -114.105 -0.0454405 0.994824 -0.0908818 -16.8662 0.797926 0.0908818 0.595865 120.584
0.623999 -0.0424207 -0.780273 -115.003 -0.0424207 0.995214 -0.088031 -16.9769 0.780273 0.088031 0.619213 121.23
0.623999 -0.0424207 -0.780273 -115.9 -0.0424207 0.995214 -0.088031 -17.0875 0.780273 0.088031 0.619213 121.876
0.634012 -0.0427175 -0.772143 -116.821 -0.0427175 0.995014 -0.090123 -17.1974 0.772143 0.090123 0.629026 122.563
0.645292 -0.0417779 -0.762793 -117.687 -0.0417779 0.995079 -0.0898426 -17.3081 0.762793 0.0898426 0.640371 123.227
0.654975 -0.0413013 -0.754521 -118.514 -0.0413013 0.995056 -0.0903201 -17.4161 0.754521 0.0903201 0.650031 123.902
0.664264 -0.0394459 -0.746456 -119.333 -0.0394459 0.995365 -0.0877019 -17.5305 0.746456 0.0877019 0.65963 124.577
0.673087 -0.0378638 -0.738593 -119.995 -0.0378638 0.995615 -0.0855457 -17.6255 0.738593 0.0855457 0.668702 125.17
0.681698 -0.0361636 -0.730739 -120.618 -0.0361636 0.995891 -0.0830222 -17.714 0.730739 0.0830222 0.677589 125.737
0.689386 -0.035212 -0.723538 -121.121 -0.035212 0.996008 -0.0820221 -17.786 0.723538 0.0820221 0.685394 126.214
0.696724 -0.034248 -0.716521 -121.62 -0.034248 0.996132 -0.0809144 -17.855 0.716521 0.0809144 0.692857 126.691
0.703641 -0.0328836 -0.709794 -122.204 -0.0328836 0.996351 -0.078758 -17.9317 0.709794 0.078758 0.699992 127.261
0.710781 -0.031236 -0.70272 -122.75 -0.031236 0.996626 -0.0758945 -18.0046 0.70272 0.0758945 0.707407 127.803
0.717972 -0.0296354 -0.695441 -123.327 -0.0296354 0.996886 -0.0730767 -18.0829 0.695441 0.0730767 0.714858 128.394
0.724943 -0.0286601 -0.688212 -123.945 -0.0286601 0.997014 -0.0717097 -18.1692 0.688212 0.0717097 0.721957 129.042
0.732224 -0.0280021 -0.680488 -124.561 -0.0280021 0.997072 -0.0711604 -18.2494 0.680488 0.0711604 0.729296 129.702
0.73977 -0.0265742 -0.672335 -125.178 -0.0265742 0.997286 -0.0686577 -18.3279 0.672335 0.0686577 0.737056 130.369
0.748797 -0.0252407 -0.662319 -125.748 -0.0252407 0.997464 -0.0665493 -18.4039 0.662319 0.0665493 0.746261 130.986
0.757537 -0.023033 -0.652386 -126.247 -0.023033 0.997812 -0.061974 -18.47 0.652386 0.061974 0.755349 131.577
0.767347 -0.0219083 -0.640857 -126.7 -0.0219083 0.997937 -0.0603477 -18.5269 0.640857 0.0603477 0.765284 132.11
0.776744 -0.0214078 -0.629453 -127.159 -0.0214078 0.997947 -0.0603577 -18.585 0.629453 0.0603577 0.774691 132.677
0.786516 -0.0214493 -0.617198 -127.625 -0.0214493 0.997845 -0.0620114 -18.644 0.617198 0.0620114 0.784361 133.257
0.795793 -0.020323 -0.605227 -128.048 -0.020323 0.997977 -0.0602333 -18.6961 0.605227 0.0602333 0.793771 133.853
0.805684 -0.0192782 -0.592031 -128.427 -0.0192782 0.998087 -0.0587358 -18.7417 0.592031 0.0587358 0.803772 134.364
0.815605 -0.017511 -0.578344 -128.822 -0.017511 0.998337 -0.0549222 -18.7964 0.578344 0.0549222 0.813942 134.914
0.824729 -0.0167122 -0.565282 -129.217 -0.0167122 0.998406 -0.0538997 -18.8467 0.565282 0.0538997 0.823135 135.508
0.833056 -0.0157598 -0.552965 -129.583 -0.0157598 0.998512 -0.0522006 -18.8977 0.552965 0.0522006 0.831568 136.117
0.840848 -0.0148435 -0.541067 -129.968 -0.0148435 0.998616 -0.0504634 -18.9517 0.541067 0.0504634 0.839464 136.733
0.84793 -0.0145202 -0.529909 -130.353 -0.0145202 0.998614 -0.0505978 -18.9993 0.529909 0.0505978 0.846544 137.357
0.854296 -0.0140958 -0.519596 -130.735 -0.0140958 0.998636 -0.050267 -19.0492 0.519596 0.050267 0.852932 137.996
0.860863 -0.013715 -0.508653 -131.119 -0.013715 0.998648 -0.0501388 -19.0972 0.508653 0.0501388 0.859511 138.644
0.867151 -0.0128603 -0.497879 -131.449 -0.0128603 0.998755 -0.0481967 -19.1365 0.497879 0.0481967 0.865906 139.221
0.873313 -0.0125062 -0.486998 -131.806 -0.0125062 0.998765 -0.0480754 -19.1816 0.486998 0.0480754 0.872079 139.86
0.87901 -0.0122956 -0.476645 -132.18 -0.0122956 0.99875 -0.048439 -19.2275 0.476645 0.048439 0.877761 140.556
0.884033 -0.0125134 -0.467256 -132.542 -0.0125134 0.99865 -0.0504193 -19.2744 0.467256 0.0504193 0.882683 141.24
0.888094 -0.0124097 -0.459494 -132.901 -0.0124097 0.998624 -0.0509554 -19.3221 0.459494 0.0509554 0.886718 141.946
0.891392 -0.012112 -0.453071 -133.259 -0.012112 0.998649 -0.0505268 -19.3693 0.453071 0.0505268 0.890041 142.667
0.894689 -0.0110353 -0.446554 -133.647 -0.0110353 0.998844 -0.0467933 -19.4213 0.446554 0.0467933 0.893532 143.405
0.897569 -0.00988977 -0.440763 -134.021 -0.00988977 0.999045 -0.0425559 -19.4687 0.440763 0.0425559 0.896614 144.178
0.901239 -0.00874058 -0.433235 -134.422 -0.00874058 0.999226 -0.0383422 -19.5217 0.433235 0.0383422 0.900465 144.971
0.904232 -0.00801644 -0.426967 -134.815 -0.00801644 0.999329 -0.0357399 -19.566 0.426967 0.0357399 0.903561 145.784
0.907556 -0.00723597 -0.419869 -135.222 -0.00723597 0.999434 -0.0328648 -19.6081 0.419869 0.0328648 0.90699 146.619
0.911785 -0.00628935 -0.410621 -135.656 -0.00628935 0.999552 -0.0292753 -19.6477 0.410621 0.0292753 0.911336 147.45
0.915028 -0.00583305 -0.403349 -136.053 -0.00583305 0.9996 -0.0276885 -19.6899 0.403349 0.0276885 0.914627 148.335
0.919161 -0.00567888 -0.393842 -136.477 -0.00567888 0.999601 -0.027667 -19.7201 0.393842 0.027667 0.918762 149.244
0.923615 -0.00532821 -0.383284 -136.899 -0.00532821 0.999628 -0.0267359 -19.763 0.383284 0.0267359 0.923244 150.173
0.928024 -0.0055134 -0.37248 -137.336 -0.0055134 0.999578 -0.0285321 -19.8052 0.37248 0.0285321 0.927602 151.131
0.932148 -0.00571335 -0.362033 -137.645 -0.00571335 0.999519 -0.0304842 -19.8353 0.362033 0.0304842 0.931667 151.892
0.936374 -0.0059034 -0.350953 -137.943 -0.0059034 0.999452 -0.0325627 -19.8694 0.350953 0.0325627 0.935827 152.717
0.941344 -0.00542394 -0.337406 -138.234 -0.00542394 0.999498 -0.0311999 -19.9088 0.337406 0.0311999 0.940842 153.571
0.947005 -0.00481775 -0.321182 -138.556 -0.00481775 0.999562 -0.0291986 -19.9471 0.321182 0.0291986 0.946567 154.467
0.953134 -0.00394253 -0.302522 -138.816 -0.00394253 0.999668 -0.0254494 -19.9823 0.302522 0.0254494 0.952803 155.237
0.959198 -0.00336237 -0.282716 -139.062 -0.00336237 0.999723 -0.0232977 -20.0154 0.282716 0.0232977 0.958921 156.064
0.965233 -0.002931 -0.261375 -139.317 -0.002931 0.999753 -0.0220349 -20.0481 0.261375 0.0220349 0.964986 156.941
0.970869 -0.00241876 -0.239601 -139.562 -0.00241876 0.999799 -0.0198938 -20.0819 0.239601 0.0198938 0.970668 157.872
0.975999 -0.00187427 -0.217768 -139.785 -0.00187427 0.999854 -0.0170056 -20.1109 0.217768 0.0170056 0.975852 158.822
0.980645 -0.00126271 -0.195789 -139.992 -0.00126271 0.999918 -0.0127733 -20.1514 0.195789 0.0127733 0.980563 159.826
0.984841 -0.000734284 -0.173461 -140.188 -0.000734284 0.999964 -0.00840197 -20.1746 0.173461 0.00840197 0.984805 160.884
0.988542 -0.000351637 -0.150944 -140.372 -0.000351637 0.999989 -0.00463244 -20.1984 0.150944 0.00463244 0.988531 161.995
0.991642 -0.000285415 -0.129016 -140.529 -0.000285415 0.99999 -0.00440596 -20.2185 0.129016 0.00440596 0.991633 163.161
0.994252 -0.000329076 -0.10706 -140.653 -0.000329076 0.999981 -0.00612975 -20.2413 0.10706 0.00612975 0.994234 164.346
0.996337 -0.000286107 -0.0855155 -140.776 -0.000286107 0.999978 -0.00667902 -20.2575 0.0855155 0.00667902 0.996314 165.539
0.997849 -0.000145277 -0.0655598 -140.828 -0.000145277 0.99999 -0.00442711 -20.2865 0.0655598 0.00442711 0.997839 166.741
0.998951 -6.00699e-005 -0.0457822 -140.889 -6.00699e-005 0.999997 -0.00262278 -20.2964 0.0457822 0.00262278 0.998948 167.99
0.999665 -2.08968e-005 -0.0258634 -140.919 -2.08968e-005 0.999999 -0.00161567 -20.3108 0.0258634 0.00161567 0.999664 169.286
0.999984 -1.45868e-006 -0.00571771 -140.927 -1.45868e-006 1 -0.000510229 -20.3322 0.00571771 0.000510229 0.999984 170.614
0.999894 -3.54579e-006 0.0145689 -140.899 -3.54579e-006 1 0.000486738 -20.3484 -0.0145689 -0.000486738 0.999894 171.947
0.999391 -7.46403e-006 0.0348925 -140.859 -7.46403e-006 1 0.0004277 -20.3684 -0.0348925 -0.0004277 0.999391 173.307
0.998487 1.04584e-005 0.0549863 -140.785 1.04584e-005 1 -0.000380113 -20.3893 -0.0549863 0.000380113 0.998487 174.691
0.997192 9.02304e-005 0.0748895 -140.705 9.02304e-005 0.999997 -0.00240631 -20.4039 -0.0748895 0.00240631 0.997189 176.116
0.995456 0.000262138 0.0952271 -140.633 0.000262138 0.999985 -0.00549298 -20.406 -0.0952271 0.00549298 0.99544 177.538
0.993508 0.000374751 0.113758 -140.461 0.000374751 0.999978 -0.00656713 -20.4344 -0.113758 0.00656713 0.993487 179.002
0.991196 0.000595962 0.132399 -140.261 0.000595962 0.99996 -0.00896272 -20.4641 -0.132399 0.00896272 0.991156 180.513
0.988542 0.00104646 0.150945 -140.034 0.00104646 0.999904 -0.0137854 -20.5026 -0.150945 0.0137854 0.988446 182.061
0.985632 0.00172377 0.168896 -139.783 0.00172377 0.999793 -0.0202635 -20.5408 -0.168896 0.0202635 0.985426 183.604
0.982464 0.00232514 0.186438 -139.51 0.00232514 0.999692 -0.0247202 -20.5929 -0.186438 0.0247202 0.982156 185.121
0.978887 0.00300698 0.204378 -139.218 0.00300698 0.999572 -0.0291087 -20.6442 -0.204378 0.0291087 0.978459 186.656
0.975077 0.00356588 0.221839 -138.887 0.00356588 0.99949 -0.0317396 -20.6998 -0.221839 0.0317396 0.974567 188.182
0.97101 0.00374181 0.239011 -138.515 0.00374181 0.999517 -0.0308493 -20.7751 -0.239011 0.0308493 0.970527 189.731
0.966584 0.00404888 0.256317 -138.129 0.00404888 0.999509 -0.0310572 -20.8534 -0.256317 0.0310572 0.966094 191.244
0.962029 0.0049519 0.272903 -137.684 0.0049519 0.999354 -0.0355899 -20.908 -0.272903 0.0355899 0.961383 192.76
0.957307 0.00576955 0.289016 -137.223 0.00576955 0.99922 -0.0390576 -20.9856 -0.289016 0.0390576 0.956527 194.272
0.952121 0.0060785 0.305661 -136.792 0.0060785 0.999228 -0.0388053 -21.075 -0.305661 0.0388053 0.951349 195.845
0.946366 0.00659266 0.323029 -136.298 0.00659266 0.99919 -0.0397066 -21.136 -0.323029 0.0397066 0.945556 197.42
0.940377 0.00743854 0.340052 -135.738 0.00743854 0.999072 -0.0424248 -21.2381 -0.340052 0.0424248 0.939449 199.001
0.934054 0.00832228 0.357036 -135.131 0.00832228 0.99895 -0.0450571 -21.324 -0.357036 0.0450571 0.933003 200.618
0.927501 0.00903025 0.373712 -134.529 0.00903025 0.998875 -0.0465482 -21.4113 -0.373712 0.0465482 0.926376 202.157
0.920205 0.0101615 0.391306 -133.925 0.0101615 0.998706 -0.0498305 -21.5281 -0.391306 0.0498305 0.918911 203.718
0.912007 0.0118458 0.410003 -133.236 0.0118458 0.998405 -0.0551958 -21.635 -0.410003 0.0551958 0.910413 205.299
0.902165 0.0130705 0.431193 -132.616 0.0130705 0.998254 -0.0576065 -21.7701 -0.431193 0.0576065 0.900419 206.81
0.87731 0.0158385 0.479663 -132.277 0.0158385 0.997955 -0.0619215 -21.8278 -0.479663 0.0619215 0.875265 207.556
0.87731 0.0158385 0.479663 -131.939 0.0158385 0.997955 -0.0619215 -21.8856 -0.479663 0.0619215 0.875265 208.302
0.863485 0.0177398 0.504062 -131.258 0.0177398 0.997695 -0.0655017 -21.9754 -0.504062 0.0655017 0.86118 209.521
0.848958 0.019851 0.528087 -130.536 0.019851 0.997391 -0.069405 -22.0702 -0.528087 0.069405 0.846349 210.774
0.834202 0.020812 0.551066 -129.765 0.020812 0.997388 -0.0691733 -22.1821 -0.551066 0.0691733 0.831589 212.056
0.818599 0.0224999 0.573925 -128.888 0.0224999 0.997209 -0.0711862 -22.3177 -0.573925 0.0711862 0.815808 213.326
0.802519 0.0236072 0.59616 -128.014 0.0236072 0.997178 -0.0712657 -22.4392 -0.59616 0.0712657 0.799697 214.66
0.786186 0.02624 0.617432 -126.995 0.02624 0.99678 -0.0757734 -22.5666 -0.617432 0.0757734 0.782966 215.95
0.754189 0.0302803 0.655959 -126.463 0.0302803 0.99627 -0.0808045 -22.6406 -0.655959 0.0808045 0.750459 216.579
0.754189 0.0302803 0.655959 -125.931 0.0302803 0.99627 -0.0808045 -22.7145 -0.655959 0.0808045 0.750459 217.208
0.738948 0.030856 0.673056 -124.974 0.030856 0.996353 -0.0795541 -22.8473 -0.673056 0.0795541 0.735301 218.27
0.722739 0.0330281 0.690332 -123.989 0.0330281 0.996066 -0.082234 -22.9866 -0.690332 0.082234 0.718804 219.373
0.70703 0.035553 0.706289 -122.95 0.035553 0.995686 -0.0857108 -23.1432 -0.706289 0.0857108 0.702716 220.492
0.689653 0.0391502 0.723081 -121.898 0.0391502 0.995061 -0.0912166 -23.2915 -0.723081 0.0912166 0.684715 221.67
0.674314 0.0410059 0.737305 -120.719 0.0410059 0.994837 -0.0928313 -23.4793 -0.737305 0.0928313 0.669151 222.788
0.659517 0.0424653 0.750489 -119.466 0.0424653 0.994704 -0.0936016 -23.6611 -0.750489 0.0936016 0.654221 223.9
0.628689 0.0458106 0.776306 -118.131 0.0458106 0.994348 -0.0957771 -23.8452 -0.776306 0.0957771 0.623037 224.995
0.628689 0.0458106 0.776306 -116.797 0.0458106 0.994348 -0.0957771 -24.0293 -0.776306 0.0957771 0.623037 226.09
0.611233 0.0497756 0.789884 -115.399 0.0497756 0.993627 -0.101132 -24.2185 -0.789884 0.101132 0.60486 227.253
0.593995 0.0516309 0.80281 -113.975 0.0516309 0.993434 -0.102092 -24.4217 -0.80281 0.102092 0.58743 228.385
0.577314 0.055533 0.814632 -112.467 0.055533 0.992704 -0.107027 -24.6436 -0.814632 0.107027 0.570018 229.471
0.560119 0.0578882 0.826387 -111.005 0.0578882 0.992382 -0.108752 -24.8689 -0.826387 0.108752 0.552501 230.472
0.542782 0.0629695 0.83751 -109.527 0.0629695 0.991328 -0.115344 -25.0938 -0.83751 0.115344 0.53411 231.451
0.524116 0.0651651 0.84915 -108.085 0.0651651 0.991077 -0.116278 -25.3238 -0.84915 0.116278 0.515192 232.354
0.503952 0.0673791 0.8611 -106.642 0.0673791 0.990848 -0.116965 -25.5449 -0.8611 0.116965 0.4948 233.229
0.483176 0.0702317 0.872702 -105.216 0.0702317 0.990456 -0.118592 -25.7689 -0.872702 0.118592 0.473632 234.046
0.4624 0.072522 0.8837 -103.775 0.072522 0.990217 -0.119211 -25.9956 -0.8837 0.119211 0.452617 234.833
0.441834 0.0754981 0.893914 -102.328 0.0754981 0.989788 -0.120912 -26.2187 -0.893914 0.120912 0.431622 235.552
0.420862 0.0774986 0.903808 -100.858 0.0774986 0.989629 -0.120945 -26.4448 -0.903808 0.120945 0.410492 236.264
0.400101 0.0794612 0.91302 -99.4021 0.0794612 0.989475 -0.120936 -26.6777 -0.91302 0.120936 0.389575 236.916
0.379729 0.080919 0.921552 -97.9218 0.080919 0.989444 -0.120223 -26.9102 -0.921552 0.120223 0.369173 237.505
0.35935 0.0817542 0.929615 -96.4348 0.0817542 0.989567 -0.118629 -27.1417 -0.929615 0.118629 0.348917 238.057
0.339165 0.0816021 0.937181 -94.9604 0.0816021 0.989924 -0.115726 -27.3545 -0.937181 0.115726 0.329089 238.573
0.31874 0.0854668 0.943981 -93.4775 0.0854668 0.989278 -0.118426 -27.5656 -0.943981 0.118426 0.308018 239.092
0.29897 0.0911285 0.949901 -92.007 0.0911285 0.988154 -0.12348 -27.7984 -0.949901 0.12348 0.287124 239.563
0.280172 0.0965636 0.955081 -90.4705 0.0965636 0.987046 -0.128122 -28.0422 -0.955081 0.128122 0.267218 240.008
0.26148 0.1022 0.959783 -88.9197 0.1022 0.985857 -0.132819 -28.2826 -0.959783 0.132819 0.247337 240.439
0.243047 0.107857 0.963999 -87.4268 0.107857 0.984632 -0.137358 -28.5079 -0.963999 0.137358 0.227679 240.828
0.224542 0.112005 0.968006 -85.9962 0.112005 0.983822 -0.139817 -28.7386 -0.968006 0.139817 0.208364 241.162
0.207244 0.119246 0.970994 -84.93 0.119246 0.982063 -0.146057 -28.913 -0.970994 0.146057 0.189307 241.384
0.189659 0.123915 0.973999 -83.9924 0.123915 0.981051 -0.148941 -29.0695 -0.973999 0.148941 0.17071 241.56
0.17202 0.12811 0.976728 -83.0026 0.12811 0.980178 -0.151126 -29.239 -0.976728 0.151126 0.152198 241.719
0.154679 0.131863 0.979125 -81.9611 0.131863 0.979431 -0.152735 -29.4146 -0.979125 0.152735 0.13411 241.868
0.137231 0.135589 0.981215 -80.8689 0.135589 0.978691 -0.154204 -29.601 -0.981215 0.154204 0.115923 242.008
0.12042 0.143303 0.982325 -79.7273 0.143303 0.976653 -0.160042 -29.8045 -0.982325 0.160042 0.0970724 242.136
0.102789 0.148471 0.98356 -78.5357 0.148471 0.975431 -0.162761 -30.0171 -0.98356 0.162761 0.07822 242.259
0.0872853 0.152317 0.98447 -77.3026 0.152317 0.974581 -0.164291 -30.2279 -0.98447 0.164291 0.0618662 242.351
0.0730815 0.152817 0.985549 -76.1244 0.152817 0.974806 -0.162483 -30.4345 -0.985549 0.162483 0.0478872 242.398
0.0604544 0.155991 0.985907 -74.9108 0.155991 0.974101 -0.163688 -30.6482 -0.985907 0.163688 0.0345555 242.451
0.0486325 0.156553 0.986471 -73.6695 0.156553 0.974238 -0.16233 -30.8717 -0.986471 0.16233 0.0228708 242.476
0.0387124 0.158461 0.986606 -72.397 0.158461 0.973879 -0.162635 -31.1074 -0.986606 0.162635 0.0125911 242.492
0.0318983 0.158139 0.986901 -71.0867 0.158139 0.974168 -0.16121 -31.3333 -0.986901 0.16121 0.00606633 242.454
0.0239985 0.162186 0.986468 -69.9094 0.162186 0.973049 -0.163925 -31.5464 -0.986468 0.163925 -0.00295258 242.502
0.0179348 0.165098 0.986114 -68.7195 0.165098 0.972245 -0.165779 -31.7769 -0.986114 0.165779 -0.00982031 242.506
0.0112817 0.165869 0.986083 -67.5422 0.165869 0.972173 -0.165427 -32.0019 -0.986083 0.165427 -0.0165449 242.491
0.00812232 0.16932 0.985528 -66.4289 0.16932 0.971096 -0.168236 -32.1985 -0.985528 0.168236 -0.0207818 242.467
0.00600277 0.17016 0.985398 -65.3596 0.17016 0.970871 -0.168688 -32.3909 -0.985398 0.168688 -0.0231266 242.442
0.00492592 0.169246 0.985561 -64.2775 0.169246 0.971214 -0.167628 -32.5972 -0.985561 0.167628 -0.0238602 242.416
0.00434857 0.167336 0.98589 -63.1863 0.167336 0.971876 -0.165695 -32.7896 -0.98589 0.165695 -0.023775 242.379
0.00290937 0.169752 0.985483 -62.056 0.169752 0.9711 -0.167775 -33.0047 -0.985483 0.167775 -0.0259903 242.39
0.00235641 0.168386 0.985718 -60.9279 0.168386 0.971579 -0.166374 -33.2143 -0.985718 0.166374 -0.0260646 242.358
0.00331173 0.170882 0.985286 -59.7972 0.170882 0.970702 -0.168927 -33.4245 -0.985286 0.168927 -0.025986 242.365
0.00625555 0.172686 0.984957 -58.6921 0.172686 0.969992 -0.171159 -33.6333 -0.984957 0.171159 -0.0237527 242.344
0.00898052 0.173745 0.98475 -57.6063 0.173745 0.969539 -0.172646 -33.8539 -0.98475 0.172646 -0.0214805 242.336
0.0105142 0.175656 0.984396 -56.545 0.175656 0.968817 -0.174752 -34.0637 -0.984396 0.174752 -0.0206686 242.354
0.0224468 0.17585 0.984161 -55.4838 0.17585 0.968367 -0.177039 -34.2524 -0.984161 0.177039 -0.0091866 242.325
0.0224468 0.17585 0.984161 -54.4227 0.17585 0.968367 -0.177039 -34.4411 -0.984161 0.177039 -0.0091866 242.295
0.0282283 0.173383 0.98445 -53.3711 0.173383 0.969065 -0.175645 -34.6492 -0.98445 0.175645 -0.00270642 242.299
0.0349132 0.169949 0.984834 -52.3326 0.169949 0.970072 -0.173427 -34.8533 -0.984834 0.173427 0.00498562 242.291
0.0403679 0.168415 0.984889 -51.3022 0.168415 0.970443 -0.172848 -35.0601 -0.984889 0.172848 0.010811 242.327
0.0467179 0.167696 0.984731 -50.2982 0.167696 0.9705 -0.173229 -35.2535 -0.984731 0.173229 0.0172177 242.356
0.0533935 0.167174 0.984481 -49.2869 0.167174 0.970477 -0.173862 -35.4602 -0.984481 0.173862 0.0238701 242.392
0.0593089 0.165481 0.984428 -48.268 0.165481 0.97089 -0.173175 -35.6619 -0.984428 0.173175 0.0301986 242.438
0.066407 0.164268 0.984178 -47.2413 0.164268 0.971097 -0.173169 -35.8691 -0.984178 0.173169 0.0375036 242.473
0.0728621 0.161947 0.984106 -46.2072 0.161947 0.971712 -0.171898 -36.0574 -0.984106 0.171898 0.0445742 242.517
0.0786694 0.160025 0.983973 -45.1969 0.160025 0.972206 -0.170905 -36.2547 -0.983973 0.170905 0.0508749 242.576
0.0852655 0.155905 0.984085 -44.1856 0.155905 0.973428 -0.167725 -36.4352 -0.984085 0.167725 0.0586936 242.618
0.0912698 0.157309 0.983323 -43.1734 0.157309 0.972769 -0.170221 -36.6263 -0.983323 0.170221 0.0640384 242.704
0.0981525 0.158257 0.982507 -42.1673 0.158257 0.972229 -0.172411 -36.8218 -0.982507 0.172411 0.0703816 242.788
0.103404 0.157429 0.982102 -41.1828 0.157429 0.972358 -0.172443 -37.0392 -0.982102 0.172443 0.0757618 242.89
0.110134 0.156772 0.981475 -40.1912 0.156772 0.972381 -0.172911 -37.232 -0.981475 0.172911 0.0825148 242.982
0.116392 0.154907 0.981049 -39.1929 0.154907 0.972843 -0.171989 -37.4224 -0.981049 0.171989 0.0892349 243.078
0.122567 0.153914 0.980453 -38.2004 0.153914 0.973002 -0.171985 -37.6129 -0.980453 0.171985 0.095568 243.188
0.128285 0.154142 0.979685 -37.2046 0.154142 0.972744 -0.173234 -37.8059 -0.979685 0.173234 0.101029 243.306
0.133282 0.150841 0.979532 -36.1828 0.150841 0.973748 -0.170475 -37.9983 -0.979532 0.170475 0.10703 243.438
0.140818 0.147965 0.978916 -35.1511 0.147965 0.974518 -0.168585 -38.1966 -0.978916 0.168585 0.115336 243.556
0.149556 0.145481 0.977992 -34.1358 0.145481 0.975113 -0.1673 -38.3877 -0.977992 0.1673 0.12467 243.683
0.158916 0.142699 0.976925 -33.1559 0.142699 0.97579 -0.165746 -38.5856 -0.976925 0.165746 0.134705 243.787
0.166327 0.141941 0.975801 -32.1802 0.141941 0.975833 -0.16614 -38.7642 -0.975801 0.16614 0.14216 243.936
0.172166 0.141469 0.974857 -31.2119 0.141469 0.975824 -0.166594 -38.9445 -0.974857 0.166594 0.147991 244.091
0.177675 0.143597 0.973556 -30.2087 0.143597 0.974925 -0.170006 -39.1244 -0.973556 0.170006 0.152599 244.248
0.179953 0.142274 0.973332 -29.2011 0.142274 0.975316 -0.168868 -39.3022 -0.973332 0.168868 0.155269 244.412
