0.99998 -8.41331e-006 0.00636978 -0.0074389 -8.41331e-006 0.999997 0.0026416 -0.00193087 -0.00636978 -0.0026416 0.999976 0.0320926
0.999953 -1.45692e-005 0.00973758 -0.0106572 -1.45692e-005 0.999996 0.00299229 -0.00297154 -0.00973758 -0.00299229 0.999948 0.0649188
0.999939 -1.79807e-005 0.0110297 -0.0120448 -1.79807e-005 0.999995 0.0032603 -0.00585642 -0.0110297 -0.0032603 0.999934 0.147857
0.999939 -1.79807e-005 0.0110297 -0.0134323 -1.79807e-005 0.999995 0.0032603 -0.00874129 -0.0110297 -0.0032603 0.999934 0.230795
0.99992 -1.3727e-005 0.012679 -0.0159802 -1.3727e-005 0.999998 0.00216523 -0.00851845 -0.012679 -0.00216523 0.999917 0.276349
0.999914 -1.42859e-005 0.013081 -0.0176925 -1.42859e-005 0.999998 0.00218413 -0.00802095 -0.013081 -0.00218413 0.999912 0.3093
0.999923 -2.88795e-005 0.0123855 -0.0154183 -2.88795e-005 0.999989 0.00466324 -0.00832982 -0.0123855 -0.00466324 0.999912 0.34222
0.999878 -9.66331e-005 0.0156126 -0.0149638 -9.66331e-005 0.999923 0.0123776 -0.0092273 -0.0156126 -0.0123776 0.999802 0.425214
0.999878 -9.66331e-005 0.0156126 -0.0145093 -9.66331e-005 0.999923 0.0123776 -0.0101248 -0.0156126 -0.0123776 0.999802 0.508208
0.999764 -0.000145355 0.0217269 -0.0197458 -0.000145355 0.99991 0.0133781 -0.00994033 -0.0217269 -0.0133781 0.999674 0.553531
0.999709 -0.000127555 0.0241101 -0.0139512 -0.000127555 0.999944 0.0105792 -0.0169501 -0.0241101 -0.0105792 0.999653 0.953696
0.999709 -0.000127555 0.0241101 -0.00815657 -0.000127555 0.999944 0.0105792 -0.0239598 -0.0241101 -0.0105792 0.999653 1.35386
0.999459 -0.000137476 0.0328763 -0.0537467 -0.000137476 0.999965 0.00836082 -0.0512724 -0.0328763 -0.00836082 0.999424 1.90725
0.999459 -0.000137476 0.0328763 -0.0993369 -0.000137476 0.999965 0.00836082 -0.078585 -0.0328763 -0.00836082 0.999424 2.46063
0.999361 -9.1601e-005 0.0357479 -0.0693321 -9.1601e-005 0.999987 0.00512315 -0.0897007 -0.0357479 -0.00512315 0.999348 3.00749
0.999361 -9.1601e-005 0.0357479 -0.0393274 -9.1601e-005 0.999987 0.00512315 -0.100816 -0.0357479 -0.00512315 0.999348 3.55435
0.999096 -5.63532e-005 0.0425182 -0.037103 -5.63532e-005 0.999996 0.00264958 -0.118858 -0.0425182 -0.00264958 0.999092 4.05688
0.999096 -5.63532e-005 0.0425182 -0.0348786 -5.63532e-005 0.999996 0.00264958 -0.136899 -0.0425182 -0.00264958 0.999092 4.55942
0.998747 -8.37126e-005 0.0500403 -0.111255 -8.37126e-005 0.999994 0.0033437 -0.142699 -0.0500403 -0.0033437 0.998742 5.04464
0.998347 -0.000115072 0.0574764 -0.0933403 -0.000115072 0.999992 0.00400082 -0.148629 -0.0574764 -0.00400082 0.998339 5.48547
0.998347 -0.000115072 0.0574764 -0.0754255 -0.000115072 0.999992 0.00400082 -0.154559 -0.0574764 -0.00400082 0.998339 5.9263
0.998063 -0.000198211 0.0622085 -0.0461083 -0.000198211 0.99998 0.00636623 -0.162404 -0.0622085 -0.00636623 0.998043 6.27628
0.998063 -0.000198211 0.0622085 -0.0167911 -0.000198211 0.99998 0.00636623 -0.170248 -0.0622085 -0.00636623 0.998043 6.62626
0.997739 -0.000129362 0.0672041 -0.00627555 -0.000129362 0.999993 0.00384546 -0.178488 -0.0672041 -0.00384546 0.997732 6.91207
0.997739 -0.000129362 0.0672041 0.00424003 -0.000129362 0.999993 0.00384546 -0.186728 -0.0672041 -0.00384546 0.997732 7.19789
0.997228 -5.60861e-005 0.0744111 -0.00676776 -5.60861e-005 0.999999 0.00150537 -0.192851 -0.0744111 -0.00150537 0.997227 7.441
0.997228 -5.60861e-005 0.0744111 -0.0177756 -5.60861e-005 0.999999 0.00150537 -0.198975 -0.0744111 -0.00150537 0.997227 7.68411
0.996837 7.84605e-005 0.0794672 -0.0132743 7.84605e-005 0.999998 -0.00197154 -0.205299 -0.0794672 0.00197154 0.996836 7.89547
0.996837 7.84605e-005 0.0794672 -0.00877295 7.84605e-005 0.999998 -0.00197154 -0.211623 -0.0794672 0.00197154 0.996836 8.10683
0.996658 0.000101352 0.0816922 0.0280162 0.000101352 0.999997 -0.00247717 -0.247874 -0.0816922 0.00247717 0.996655 8.88557
0.996319 0.000116335 0.0857173 0.0528956 0.000116335 0.999996 -0.00270939 -0.293625 -0.0857173 0.00270939 0.996316 9.71438
0.996003 0.000260394 0.0893202 0.0838099 0.000260394 0.999983 -0.00581888 -0.314764 -0.0893202 0.00581888 0.995986 10.198
0.996003 0.000260394 0.0893202 0.114724 0.000260394 0.999983 -0.00581888 -0.335902 -0.0893202 0.00581888 0.995986 10.6816
0.99529 0.000602681 0.0969451 0.074338 0.000602681 0.999923 -0.0124037 -0.330026 -0.0969451 0.0124037 0.995212 10.9838
0.99529 0.000602681 0.0969451 0.0339519 0.000602681 0.999923 -0.0124037 -0.324151 -0.0969451 0.0124037 0.995212 11.2861
0.995628 0.000705218 0.0934086 0.0611268 0.000705218 0.999886 -0.0150658 -0.332281 -0.0934086 0.0150658 0.995514 11.5072
0.995628 0.000705218 0.0934086 0.0883017 0.000705218 0.999886 -0.0150658 -0.340412 -0.0934086 0.0150658 0.995514 11.7283
0.996241 0.000734781 0.0866251 0.0974237 0.000734781 0.999856 -0.0169315 -0.350604 -0.0866251 0.0169315 0.996097 11.8983
0.996241 0.000734781 0.0866251 0.106546 0.000734781 0.999856 -0.0169315 -0.360796 -0.0866251 0.0169315 0.996097 12.0683
0.996681 0.00074593 0.0814008 0.11378 0.00074593 0.999832 -0.0182954 -0.364404 -0.0814008 0.0182954 0.996514 12.1574
0.997211 0.000713151 0.0746272 0.118446 0.000713151 0.999818 -0.019084 -0.365278 -0.0746272 0.019084 0.997029 12.206
0.997701 0.000677114 0.0677609 0.120511 0.000677114 0.999801 -0.0199604 -0.365832 -0.0677609 0.0199604 0.997502 12.2389
0.998281 0.00060912 0.0586016 0.128408 0.00060912 0.999784 -0.0207684 -0.368175 -0.0586016 0.0207684 0.998065 12.3245
0.999372 0.000419829 0.0354406 0.129177 0.000419829 0.999719 -0.0236812 -0.36975 -0.0354406 0.0236812 0.999091 12.4188
0.999372 0.000419829 0.0354406 0.129945 0.000419829 0.999719 -0.0236812 -0.371325 -0.0354406 0.0236812 0.999091 12.5131
0.999813 0.000247054 0.0193181 0.121676 0.000247054 0.999673 -0.0255709 -0.374412 -0.0193181 0.0255709 0.999486 12.6183
1 4.57721e-007 3.4659e-005 0.109148 4.57721e-007 0.999651 -0.0264082 -0.378612 -3.4659e-005 0.0264082 0.999651 12.7534
0.999763 -0.000282732 -0.0217712 0.0943825 -0.000282732 0.999663 -0.0259656 -0.38487 0.0217712 0.0259656 0.999426 12.8894
0.998968 -0.000563114 -0.0454167 0.0708576 -0.000563114 0.999693 -0.024781 -0.387071 0.0454167 0.024781 0.998661 13.058
0.997424 -0.000837801 -0.0717309 0.0258307 -0.000837801 0.999728 -0.0233263 -0.393148 0.0717309 0.0233263 0.997151 13.2314
0.990863 -0.00123856 -0.134865 -0.014455 -0.00123856 0.999832 -0.0182819 -0.39587 0.134865 0.0182819 0.990695 13.3819
0.990863 -0.00123856 -0.134865 -0.0547407 -0.00123856 0.999832 -0.0182819 -0.398592 0.134865 0.0182819 0.990695 13.5324
0.985098 -0.00125574 -0.171992 -0.10719 -0.00125574 0.999894 -0.0144927 -0.40771 0.171992 0.0144927 0.984992 13.7218
0.977254 -0.00102388 -0.212071 -0.183549 -0.00102388 0.999954 -0.00954595 -0.409623 0.212071 0.00954595 0.977208 13.9439
0.967479 -0.000578394 -0.252951 -0.292189 -0.000578394 0.99999 -0.00449878 -0.415546 0.252951 0.00449878 0.967469 14.1742
0.955332 -3.7238e-005 -0.295536 -0.402696 -3.7238e-005 1 -0.000246375 -0.417792 0.295536 0.000246375 0.955332 14.4103
0.941333 0.000868167 -0.337478 -0.53482 0.000868167 0.999987 0.00499407 -0.419139 0.337478 -0.00499407 0.94132 14.633
0.924392 0.00239692 -0.381436 -0.674455 0.00239692 0.999924 0.0120923 -0.427844 0.381436 -0.0120923 0.924316 14.8832
0.904957 0.00407449 -0.425484 -0.828699 0.00407449 0.999825 0.0182404 -0.427082 0.425484 -0.0182404 0.904782 15.1229
0.882846 0.00585256 -0.469626 -1.014 0.00585256 0.999708 0.0234607 -0.431097 0.469626 -0.0234607 0.882554 15.3754
0.829338 0.00892441 -0.558676 -1.23091 0.00892441 0.999533 0.0292148 -0.430017 0.558676 -0.0292148 0.828871 15.635
0.829338 0.00892441 -0.558676 -1.44782 0.00892441 0.999533 0.0292148 -0.428937 0.558676 -0.0292148 0.828871 15.8946
0.798437 0.0107049 -0.601983 -1.6912 0.0107049 0.999431 0.0319711 -0.427838 0.601983 -0.0319711 0.797869 16.1421
0.764015 0.0128536 -0.64507 -1.96624 0.0128536 0.9993 0.0351357 -0.413487 0.64507 -0.0351357 0.763315 16.4132
0.72736 0.0142344 -0.686108 -2.27119 0.0142344 0.999257 0.0358214 -0.399701 0.686108 -0.0358214 0.726617 16.685
0.688714 0.0153547 -0.72487 -2.60562 0.0153547 0.999243 0.0357555 -0.393201 0.72487 -0.0357555 0.687957 16.9536
0.647902 0.0159136 -0.761558 -2.97403 0.0159136 0.999281 0.0344197 -0.381744 0.761558 -0.0344197 0.647183 17.2296
0.605401 0.0169778 -0.79574 -3.37267 0.0169778 0.99927 0.0342371 -0.371252 0.79574 -0.0342371 0.60467 17.4886
0.560531 0.0188265 -0.827919 -3.79962 0.0188265 0.999193 0.0354674 -0.359522 0.827919 -0.0354674 0.559725 17.7347
0.512925 0.0205372 -0.858187 -4.24699 0.0205372 0.999134 0.036185 -0.34679 0.858187 -0.036185 0.512059 17.9547
0.461634 0.0208184 -0.886826 -4.69224 0.0208184 0.999195 0.0342932 -0.334138 0.886826 -0.0342932 0.460829 18.1584
0.409264 0.0206696 -0.912182 -5.1786 0.0206696 0.999277 0.0319169 -0.321123 0.912182 -0.0319169 0.408541 18.3456
0.356854 0.0219087 -0.933903 -5.6965 0.0219087 0.999254 0.0318133 -0.304413 0.933903 -0.0318133 0.356107 18.5053
0.30435 0.0253176 -0.952224 -6.24107 0.0253176 0.999079 0.0346554 -0.286967 0.952224 -0.0346554 0.303429 18.6464
0.2539 0.0282306 -0.966818 -6.81666 0.0282306 0.998932 0.0365821 -0.271381 0.966818 -0.0365821 0.252832 18.7607
0.205643 0.0273748 -0.978244 -7.40767 0.0273748 0.999057 0.0337118 -0.259632 0.978244 -0.0337118 0.204699 18.8642
0.162057 0.0291954 -0.986349 -8.02698 0.0291954 0.998983 0.0343661 -0.253748 0.986349 -0.0343661 0.16104 18.9344
0.122352 0.0319457 -0.991972 -8.65145 0.0319457 0.998837 0.0361071 -0.241072 0.991972 -0.0361071 0.121189 18.9866
0.0877002 0.0365274 -0.995477 -9.28447 0.0365274 0.998537 0.0398577 -0.219272 0.995477 -0.0398577 0.0862377 19.0169
0.0597216 0.0408789 -0.997378 -9.91264 0.0408789 0.998223 0.0433613 -0.191072 0.997378 -0.0433613 0.0579444 19.0336
0.038911 0.0439795 -0.998274 -10.5906 0.0439795 0.997987 0.0456811 -0.166868 0.998274 -0.0456811 0.0368985 19.0406
0.0257015 0.0442283 -0.998691 -11.2814 0.0442283 0.997992 0.0453356 -0.1421 0.998691 -0.0453356 0.0236937 19.0487
0.0177023 0.0447973 -0.998839 -11.9894 0.0447973 0.997957 0.0455517 -0.123386 0.998839 -0.0455517 0.0156593 19.0542
0.0135528 0.0399726 -0.999109 -12.7101 0.0399726 0.99838 0.0404856 -0.107534 0.999109 -0.0404856 0.0119331 19.0726
0.0128069 0.0309475 -0.999439 -13.4507 0.0309475 0.99903 0.0313314 -0.0845267 0.999439 -0.0313314 0.0118368 19.0969
0.0159705 0.0189802 -0.999692 -14.1997 0.0189802 0.999634 0.0192823 -0.0605598 0.999692 -0.0192823 0.0156044 19.1238
0.0207195 0.016983 -0.999641 -14.9554 0.016983 0.999705 0.0173361 -0.0537714 0.999641 -0.0173361 0.020425 19.146
0.0257616 0.0184283 -0.999498 -15.782 0.0184283 0.999651 0.0189061 -0.0559441 0.999498 -0.0189061 0.025413 19.1664
0.0302095 0.0136079 -0.999451 -16.5682 0.0136079 0.999809 0.014024 -0.0726823 0.999451 -0.014024 0.0300186 19.162
0.0338658 0.0217645 -0.999189 -17.377 0.0217645 0.99951 0.0225092 -0.0728003 0.999189 -0.0225092 0.0333755 19.1804
0.0338658 0.0217645 -0.999189 -18.1859 0.0217645 0.99951 0.0225092 -0.0729182 0.999189 -0.0225092 0.0333755 19.1988
0.0329105 0.0252577 -0.999139 -18.9579 0.0252577 0.99934 0.0260947 -0.0573047 0.999139 -0.0260947 0.0322509 19.2166
0.0302989 0.0350629 -0.998926 -19.7346 0.0350629 0.998732 0.0361196 -0.0435089 0.998926 -0.0361196 0.0290311 19.2205
0.0258526 0.0406244 -0.99884 -20.5411 0.0406244 0.998306 0.0416541 -0.0159768 0.99884 -0.0416541 0.0241584 19.2291
0.0208698 0.0426318 -0.998873 -21.3915 0.0426318 0.998144 0.0434914 0.0177903 0.998873 -0.0434914 0.0190136 19.2426
0.0187888 0.0438868 -0.99886 -22.2969 0.0438868 0.998037 0.0446762 0.0491169 0.99886 -0.0446762 0.0168259 19.2551
0.017229 0.0425111 -0.998947 -23.2573 0.0425111 0.998161 0.0432108 0.0870406 0.998947 -0.0432108 0.0153901 19.2728
0.0144972 0.0411106 -0.999049 -24.2677 0.0411106 0.998285 0.0416757 0.12224 0.999049 -0.0416757 0.0127823 19.3009
0.0129355 0.0423927 -0.999017 -25.3218 0.0423927 0.998179 0.0429061 0.147451 0.999017 -0.0429061 0.0111148 19.3072
0.0101858 0.0423615 -0.99905 -26.391 0.0423615 0.998187 0.0427568 0.177574 0.99905 -0.0427568 0.00837279 19.3125
0.00559426 0.0425539 -0.999079 -27.4727 0.0425539 0.998179 0.0427539 0.203243 0.999079 -0.0427539 0.00377324 19.312
0.000223836 0.043475 -0.999054 -28.5312 0.043475 0.99811 0.0434436 0.231737 0.999054 -0.0434436 -0.00166666 19.3034
-0.0062927 0.0448388 -0.998974 -29.5672 0.0448388 0.998002 0.0445127 0.269072 0.998974 -0.0445127 -0.00829064 19.288
-0.0130211 0.0449406 -0.998905 -30.598 0.0449406 0.998006 0.0443144 0.299956 0.998905 -0.0443144 -0.0150148 19.2679
-0.0255614 0.0493896 -0.998452 -31.6353 0.0493896 0.997621 0.0480841 0.333233 0.998452 -0.0480841 -0.0279399 19.2387
-0.0255614 0.0493896 -0.998452 -32.6725 0.0493896 0.997621 0.0480841 0.36651 0.998452 -0.0480841 -0.0279399 19.2094
-0.029163 0.053984 -0.998116 -33.7368 0.053984 0.997168 0.0523554 0.400251 0.998116 -0.0523554 -0.0319947 19.1579
-0.031075 0.0584508 -0.997807 -34.8201 0.0584508 0.996686 0.0565648 0.442251 0.997807 -0.0565648 -0.0343885 19.1061
-0.0318302 0.0628715 -0.997514 -35.9361 0.0628715 0.996169 0.0607806 0.486606 0.997514 -0.0607806 -0.0356611 19.0538
-0.0347513 0.0628903 -0.997415 -37.0735 0.0628903 0.996178 0.0606211 0.534871 0.997415 -0.0606211 -0.0385737 19.0234
-0.0367079 0.0626158 -0.997362 -38.1978 0.0626158 0.996218 0.0602394 0.583393 0.997362 -0.0602394 -0.0404898 18.9801
-0.0373314 0.0643308 -0.99723 -39.3522 0.0643308 0.99601 0.0618439 0.635546 0.99723 -0.0618439 -0.041321 18.9223
-0.0370335 0.0664714 -0.997101 -40.5005 0.0664714 0.995739 0.0639119 0.694625 0.997101 -0.0639119 -0.0412941 18.8569
-0.036601 0.0711954 -0.996791 -41.671 0.0711954 0.99511 0.0684611 0.751563 0.996791 -0.0684611 -0.0414908 18.7937
-0.0349228 0.0766831 -0.996444 -42.8473 0.0766831 0.994318 0.073832 0.809857 0.996444 -0.073832 -0.0406047 18.7192
-0.0344186 0.0781675 -0.996346 -44.0177 0.0781675 0.994093 0.0752904 0.875847 0.996346 -0.0752904 -0.0403255 18.67
-0.0330601 0.0784758 -0.996368 -45.1811 0.0784758 0.994039 0.0756885 0.954443 0.996368 -0.0756885 -0.0390214 18.6173
-0.032086 0.0773844 -0.996485 -46.3486 0.0773844 0.994198 0.0747151 1.03564 0.996485 -0.0747151 -0.0378882 18.573
-0.0307499 0.0756395 -0.996661 -47.4988 0.0756395 0.994449 0.073138 1.10684 0.996661 -0.073138 -0.0363005 18.5286
-0.0279124 0.0745665 -0.996825 -48.6542 0.0745665 0.994591 0.0723114 1.17524 0.996825 -0.0723114 -0.0333216 18.4817
-0.0220123 0.0790344 -0.996629 -49.8421 0.0790344 0.993888 0.0770715 1.24334 0.996629 -0.0770715 -0.0281242 18.423
-0.0170305 0.0801734 -0.996635 -51.0336 0.0801734 0.99368 0.0785657 1.3151 0.996635 -0.0785657 -0.0233507 18.4047
-0.01018 0.0825525 -0.996535 -52.2238 0.0825525 0.993254 0.0814373 1.38583 0.996535 -0.0814373 -0.0169263 18.3663
-0.00408926 0.083618 -0.996489 -53.4083 0.083618 0.993037 0.0829851 1.45902 0.996489 -0.0829851 -0.0110528 18.3406
-0.000368982 0.0810812 -0.996707 -54.6173 0.0810812 0.993428 0.0807844 1.53836 0.996707 -0.0807844 -0.00694071 18.3527
0.00436121 0.0784194 -0.996911 -55.8305 0.0784194 0.993823 0.0785196 1.61687 0.996911 -0.0785196 -0.00181533 18.3482
0.0118926 0.0781944 -0.996867 -57.0467 0.0781944 0.993812 0.0788876 1.68608 0.996867 -0.0788876 0.00570461 18.3067
0.0172778 0.0760095 -0.996957 -58.2657 0.0760095 0.994121 0.0771106 1.76839 0.996957 -0.0771106 0.0113988 18.3124
0.0233061 0.077415 -0.996727 -59.4948 0.077415 0.993864 0.0790028 1.82437 0.996727 -0.0790028 0.01717 18.3272
0.0283015 0.0757541 -0.996725 -60.7681 0.0757541 0.994094 0.0777052 1.90375 0.996725 -0.0777052 0.0223957 18.3472
0.0332748 0.0756491 -0.996579 -62.0651 0.0756491 0.99408 0.0779853 1.98729 0.996579 -0.0779853 0.0273551 18.386
0.0375979 0.0745147 -0.996511 -63.359 0.0745147 0.994231 0.0771556 2.07093 0.996511 -0.0771556 0.0318286 18.4238
0.0414308 0.0735184 -0.996433 -64.6242 0.0735184 0.994361 0.0764223 2.14222 0.996433 -0.0764223 0.0357922 18.456
0.0438616 0.0720912 -0.996433 -65.8906 0.0720912 0.994564 0.0751293 2.21689 0.996433 -0.0751293 0.038426 18.5007
0.04568 0.0722071 -0.996343 -67.1457 0.0722071 0.994537 0.0753867 2.29173 0.996343 -0.0753867 0.0402166 18.5483
0.048226 0.0749999 -0.996017 -68.4117 0.0749999 0.99409 0.0784862 2.36946 0.996017 -0.0784862 0.042316 18.5841
0.0492094 0.076599 -0.995847 -69.6804 0.076599 0.993829 0.0802289 2.44723 0.995847 -0.0802289 0.0430383 18.6363
0.051274 0.0768064 -0.995727 -70.9371 0.0768064 0.993782 0.0806114 2.52461 0.995727 -0.0806114 0.045056 18.6757
0.0524937 0.0765312 -0.995684 -72.181 0.0765312 0.993818 0.0804226 2.60354 0.995684 -0.0804226 0.0463122 18.7257
0.0516409 0.0748026 -0.99586 -73.4233 0.0748026 0.9941 0.0785493 2.68693 0.99586 -0.0785493 0.0457408 18.797
0.0541489 0.0726862 -0.995884 -74.6669 0.0726862 0.994414 0.0765311 2.75765 0.995884 -0.0765311 0.0485632 18.8257
0.0520785 0.0711329 -0.996106 -75.9004 0.0711329 0.994662 0.0747487 2.83997 0.996106 -0.0747487 0.0467406 18.9119
0.0518362 0.0710903 -0.996122 -77.1173 0.0710903 0.99467 0.0746861 2.91411 0.996122 -0.0746861 0.0465061 18.9662
0.0508195 0.0722358 -0.996092 -78.3684 0.0722358 0.994503 0.0758059 2.98459 0.996092 -0.0758059 0.0453221 19.0331
0.0531105 0.0757165 -0.995714 -79.6544 0.0757165 0.993945 0.0796206 3.05656 0.995714 -0.0796206 0.0470559 19.0685
0.0544817 0.0775841 -0.995496 -80.9565 0.0775841 0.993634 0.081685 3.14906 0.995496 -0.081685 0.0481156 19.1187
0.0549527 0.0768684 -0.995526 -82.2153 0.0768684 0.993748 0.0809742 3.23563 0.995526 -0.0809742 0.0487004 19.1652
0.0543054 0.0739847 -0.99578 -83.4955 0.0739847 0.994212 0.0779031 3.33546 0.99578 -0.0779031 0.0485173 19.2199
0.0528467 0.0720403 -0.996001 -84.7532 0.0720403 0.994521 0.0757557 3.41173 0.996001 -0.0757557 0.0473673 19.289
0.0534229 0.0718125 -0.995986 -86.0139 0.0718125 0.994552 0.0755609 3.48118 0.995986 -0.0755609 0.0479748 19.3375
0.0553685 0.0748617 -0.995656 -87.2637 0.0748617 0.994067 0.0789054 3.54352 0.995656 -0.0789054 0.0494357 19.3925
0.0558697 0.0766811 -0.995489 -88.5264 0.0766811 0.993772 0.0808524 3.59876 0.995489 -0.0808524 0.0496417 19.4508
0.0561457 0.0762071 -0.99551 -89.7541 0.0762071 0.993847 0.0803778 3.66604 0.99551 -0.0803778 0.0499927 19.5061
0.0570239 0.0764078 -0.995445 -91.0173 0.0764078 0.993809 0.0806593 3.75318 0.995445 -0.0806593 0.0508327 19.5719
0.0568498 0.0749346 -0.995567 -92.2689 0.0749346 0.994046 0.0790992 3.83447 0.995567 -0.0790992 0.0508961 19.631
0.055818 0.0724383 -0.99581 -93.5315 0.0724383 0.994442 0.0763992 3.91166 0.99581 -0.0763992 0.0502605 19.6998
0.0569156 0.072221 -0.995763 -94.8127 0.072221 0.994469 0.0762551 3.98634 0.995763 -0.0762551 0.051385 19.747
0.0582399 0.0738375 -0.995568 -96.0925 0.0738375 0.994211 0.0780562 4.05386 0.995568 -0.0780562 0.0524508 19.7997
0.0591711 0.0764276 -0.995318 -97.3771 0.0764276 0.993791 0.0808539 4.13178 0.995318 -0.0808539 0.0529626 19.8553
0.0609182 0.0794166 -0.994978 -98.6406 0.0794166 0.993284 0.0841437 4.20358 0.994978 -0.0841437 0.054202 19.9018
0.0614703 0.0834723 -0.994612 -99.9035 0.0834723 0.992576 0.0884603 4.27707 0.994612 -0.0884603 0.0540463 19.9636
0.0631216 0.0848714 -0.994391 -101.139 0.0848714 0.992312 0.0900814 4.3608 0.994391 -0.0900814 0.0554332 20.0096
0.0631407 0.0847348 -0.994401 -102.359 0.0847348 0.992336 0.0899391 4.44556 0.994401 -0.0899391 0.0554768 20.0742
0.0630361 0.0836235 -0.994502 -103.594 0.0836235 0.992537 0.0887587 4.54174 0.994502 -0.0887587 0.0555728 20.139
0.0628469 0.0832933 -0.994541 -104.834 0.0832933 0.992597 0.0883939 4.62878 0.994541 -0.0883939 0.0554439 20.2029
0.0642158 0.0829942 -0.994479 -106.043 0.0829942 0.992639 0.0881998 4.71865 0.994479 -0.0881998 0.0568551 20.2503
0.064629 0.0863023 -0.994171 -107.272 0.0863023 0.992037 0.0917274 4.80959 0.994171 -0.0917274 0.0566663 20.312
0.0644757 0.0897441 -0.993876 -108.516 0.0897441 0.991391 0.0953417 4.90433 0.993876 -0.0953417 0.0558666 20.3772
0.0656652 0.0929925 -0.993499 -109.772 0.0929925 0.990745 0.098881 5.00682 0.993499 -0.098881 0.0564098 20.4301
0.0683855 0.0929109 -0.993323 -111.054 0.0929109 0.990734 0.0990651 5.10476 0.993323 -0.0990651 0.0591194 20.4668
0.0687711 0.0929719 -0.993291 -112.381 0.0929719 0.990718 0.0991681 5.21498 0.993291 -0.0991681 0.059489 20.5285
0.0656475 0.0902071 -0.993757 -113.685 0.0902071 0.991291 0.0959423 5.33168 0.993757 -0.0959423 0.0569385 20.6224
0.0640131 0.0854773 -0.994282 -114.994 0.0854773 0.992194 0.090801 5.44317 0.994282 -0.090801 0.056207 20.7013
0.0633154 0.0846716 -0.994395 -116.295 0.0846716 0.992346 0.0898884 5.55412 0.994395 -0.0898884 0.0556615 20.7642
0.0632514 0.085124 -0.994361 -117.652 0.085124 0.992265 0.0903593 5.66617 0.994361 -0.0903593 0.055516 20.8206
0.0626812 0.0829886 -0.994577 -119.011 0.0829886 0.992652 0.0880582 5.76226 0.994577 -0.0880582 0.0553335 20.8847
0.0624275 0.0820212 -0.994673 -120.38 0.0820212 0.992825 0.0870166 5.8657 0.994673 -0.0870166 0.0552521 20.9566
0.0633392 0.0822438 -0.994597 -121.75 0.0822438 0.992779 0.0873309 5.98016 0.994597 -0.0873309 0.0561178 21.0031
0.063732 0.0822742 -0.99457 -123.092 0.0822742 0.99277 0.0873975 6.08814 0.99457 -0.0873975 0.0565022 21.0549
0.0626906 0.0832691 -0.994553 -124.412 0.0832691 0.992603 0.0883546 6.1902 0.994553 -0.0883546 0.0552931 21.1296
0.0629743 0.0885264 -0.994081 -125.76 0.0885264 0.991636 0.0939168 6.29156 0.994081 -0.0939168 0.0546107 21.1933
0.0624473 0.0924961 -0.993753 -127.096 0.0924961 0.990875 0.0980406 6.39825 0.993753 -0.0980406 0.0533219 21.2653
0.0637051 0.0992091 -0.993025 -128.451 0.0992091 0.989488 0.10522 6.51162 0.993025 -0.10522 0.053193 21.3237
0.0649946 0.102178 -0.992641 -129.786 0.102178 0.988834 0.108476 6.62655 0.992641 -0.108476 0.0538286 21.3795
0.0651088 0.104175 -0.992426 -131.103 0.104175 0.988392 0.110586 6.74662 0.992426 -0.110586 0.0535006 21.4417
0.0646409 0.104662 -0.992405 -132.447 0.104662 0.988289 0.111045 6.87627 0.992405 -0.111045 0.0529297 21.5107
0.0634311 0.102372 -0.992722 -133.783 0.102372 0.98881 0.10851 6.99949 0.992722 -0.10851 0.0522412 21.5835
0.0627019 0.102945 -0.992709 -135.138 0.102945 0.988693 0.109031 7.12451 0.992709 -0.109031 0.0513952 21.6495
0.0606596 0.103506 -0.992777 -136.488 0.103506 0.988595 0.109394 7.24472 0.992777 -0.109394 0.0492544 21.7248
0.0589377 0.101194 -0.993119 -137.83 0.101194 0.989118 0.106792 7.37197 0.993119 -0.106792 0.0480562 21.7783
0.0594018 0.101555 -0.993055 -139.199 0.101555 0.989035 0.107219 7.49437 0.993055 -0.107219 0.048437 21.834
0.0600845 0.101109 -0.993059 -140.593 0.101109 0.989124 0.106825 7.61842 0.993059 -0.106825 0.049208 21.8956
0.0607665 0.0999757 -0.993133 -141.979 0.0999757 0.989358 0.105713 7.74513 0.993133 -0.105713 0.0501247 21.9598
0.0624185 0.100406 -0.992987 -143.365 0.100406 0.989247 0.10634 7.86688 0.992987 -0.10634 0.0516659 22.0149
0.0657174 0.102913 -0.992517 -144.709 0.102913 0.988664 0.109328 7.99067 0.992517 -0.109328 0.0543813 22.0542
0.0653783 0.10431 -0.992394 -146.025 0.10431 0.988358 0.110758 8.13607 0.992394 -0.110758 0.0537366 22.1316
0.066479 0.105018 -0.992246 -147.343 0.105018 0.988186 0.111624 8.25169 0.992246 -0.111624 0.0546648 22.1994
0.0704506 0.108468 -0.9916 -148.666 0.108468 0.987343 0.115709 8.37506 0.9916 -0.115709 0.0577936 22.2421
0.0702467 0.107498 -0.991721 -149.819 0.107498 0.987571 0.114662 8.49776 0.991721 -0.114662 0.0578179 22.3148
0.0713982 0.106327 -0.991765 -150.877 0.106327 0.987825 0.113559 8.59895 0.991765 -0.113559 0.0592236 22.3673
0.0700319 0.10474 -0.992031 -151.983 0.10474 0.988203 0.11173 8.70617 0.992031 -0.11173 0.0582352 22.4342
0.0673935 0.102112 -0.992487 -152.933 0.102112 0.98882 0.108668 8.80251 0.992487 -0.108668 0.0562131 22.5024
0.0658204 0.0998171 -0.992826 -153.903 0.0998171 0.989335 0.106083 8.89151 0.992826 -0.106083 0.0551549 22.5591
0.0658204 0.0998171 -0.992826 -154.872 0.0998171 0.989335 0.106083 8.98051 0.992826 -0.106083 0.0551549 22.6158
0.0651648 0.097306 -0.993119 -155.971 0.097306 0.989872 0.103373 9.08011 0.993119 -0.103373 0.0550363 22.6695
0.066103 0.0964393 -0.993141 -156.922 0.0964393 0.990041 0.102557 9.1622 0.993141 -0.102557 0.0561442 22.6954
0.0660618 0.0955606 -0.993229 -157.806 0.0955606 0.990222 0.101627 9.24153 0.993229 -0.101627 0.056284 22.7327
0.0647498 0.0965114 -0.993224 -158.618 0.0965114 0.990041 0.102494 9.30868 0.993224 -0.102494 0.0547905 22.7775
0.0637401 0.096501 -0.99329 -159.393 0.096501 0.990054 0.102379 9.38009 0.99329 -0.102379 0.0537937 22.8222
0.0644322 0.101521 -0.992745 -160.175 0.101521 0.988984 0.107725 9.44412 0.992745 -0.107725 0.0534159 22.8595
0.0665824 0.105034 -0.992237 -161 0.105034 0.988181 0.111652 9.51409 0.992237 -0.111652 0.0547634 22.9017
0.0687721 0.107711 -0.991801 -161.808 0.107711 0.987542 0.114717 9.5861 0.991801 -0.114717 0.0563137 22.9435
0.0728315 0.11031 -0.991225 -162.606 0.11031 0.986876 0.117931 9.6614 0.991225 -0.117931 0.0597074 22.9728
0.0753202 0.113696 -0.990656 -163.453 0.113696 0.98602 0.121808 9.74465 0.990656 -0.121808 0.0613405 23.0111
0.0744659 0.109656 -0.991176 -164.348 0.109656 0.987008 0.117434 9.83525 0.991176 -0.117434 0.0614739 23.0749
0.0729658 0.105399 -0.991749 -165.292 0.105399 0.988017 0.112757 9.93017 0.991749 -0.112757 0.0609825 23.1404
0.0717077 0.0997617 -0.992424 -166.288 0.0997617 0.989279 0.106654 10.0208 0.992424 -0.106654 0.0609865 23.2009
0.0703285 0.0994281 -0.992556 -167.333 0.0994281 0.989366 0.106154 10.1215 0.992556 -0.106154 0.0596946 23.2582
0.0696867 0.0988564 -0.992659 -168.429 0.0988564 0.989495 0.105481 10.2171 0.992659 -0.105481 0.0591821 23.3269
0.0700047 0.0990651 -0.992615 -169.574 0.0990651 0.989447 0.105736 10.3189 0.992615 -0.105736 0.0594521 23.3989
0.0705885 0.0973765 -0.992741 -170.768 0.0973765 0.989798 0.104012 10.4283 0.992741 -0.104012 0.0603861 23.4812
0.0741703 0.104444 -0.991761 -172.015 0.104444 0.988218 0.111882 10.5318 0.991761 -0.111882 0.0623879 23.5187
0.0746332 0.103026 -0.991875 -173.303 0.103026 0.98853 0.110431 10.65 0.991875 -0.110431 0.0631627 23.5927
0.0749601 0.103107 -0.991842 -174.603 0.103107 0.988507 0.110553 10.7674 0.991842 -0.110553 0.0634674 23.683
0.0761752 0.10264 -0.991798 -175.918 0.10264 0.988596 0.110192 10.8898 0.991798 -0.110192 0.0647715 23.7682
0.0777686 0.103665 -0.991567 -177.233 0.103665 0.988347 0.111458 11.0043 0.991567 -0.111458 0.066116 23.85
0.0803545 0.104186 -0.991306 -178.549 0.104186 0.988197 0.112305 11.1182 0.991306 -0.112305 0.0685513 23.9113
0.0789657 0.104142 -0.991423 -179.817 0.104142 0.988225 0.112101 11.2233 0.991423 -0.112101 0.0671903 24.0166
0.0783196 0.102744 -0.99162 -181.046 0.102744 0.988547 0.11054 11.3278 0.99162 -0.11054 0.0668662 24.1052
0.0756946 0.100022 -0.992102 -182.231 0.100022 0.989176 0.107359 11.4339 0.992102 -0.107359 0.0648709 24.2026
0.0771638 0.100065 -0.991984 -183.383 0.100065 0.98915 0.107563 11.5309 0.991984 -0.107563 0.0663135 24.2596
0.0792691 0.10137 -0.991686 -184.534 0.10137 0.988839 0.109182 11.6269 0.991686 -0.109182 0.0681085 24.3324
0.0811634 0.102052 -0.991463 -185.647 0.102052 0.988665 0.110118 11.7171 0.991463 -0.110118 0.0698288 24.4048
0.0819009 0.102024 -0.991405 -186.724 0.102024 0.988663 0.11017 11.805 0.991405 -0.11017 0.0705634 24.459
0.0760035 0.0997469 -0.992106 -187.774 0.0997469 0.989232 0.107099 11.8934 0.992106 -0.107099 0.0652357 24.5702
0.0707202 0.0998847 -0.992483 -188.828 0.0998847 0.989264 0.106678 11.9735 0.992483 -0.106678 0.059984 24.6455
0.0658678 0.101554 -0.992647 -189.844 0.101554 0.98896 0.107915 12.0613 0.992647 -0.107915 0.0548274 24.697
0.0604242 0.102712 -0.992874 -190.845 0.102712 0.988772 0.108538 12.1749 0.992874 -0.108538 0.049196 24.7608
0.0564348 0.104895 -0.992881 -191.872 0.104895 0.988339 0.110377 12.2678 0.992881 -0.110377 0.0447737 24.797
0.0564348 0.104895 -0.992881 -192.9 0.104895 0.988339 0.110377 12.3607 0.992881 -0.110377 0.0447737 24.8331
0.0548705 0.102452 -0.993223 -193.887 0.102452 0.988894 0.107665 12.4475 0.993223 -0.107665 0.0437648 24.8626
0.0533678 0.101544 -0.993399 -194.889 0.101544 0.989108 0.10656 12.5286 0.993399 -0.10656 0.0424754 24.9014
0.0529456 0.101931 -0.993382 -195.906 0.101931 0.989029 0.106917 12.6214 0.993382 -0.106917 0.0419748 24.9364
0.0524081 0.103246 -0.993274 -196.912 0.103246 0.988751 0.108223 12.7067 0.993274 -0.108223 0.0411589 24.9715
0.0534464 0.106544 -0.992871 -197.895 0.106544 0.988007 0.111757 12.796 0.992871 -0.111757 0.0414538 25.0029
0.054671 0.108237 -0.992621 -198.866 0.108237 0.987607 0.113652 12.8905 0.992621 -0.113652 0.0422782 25.0366
0.0570925 0.108236 -0.992484 -199.828 0.108236 0.987576 0.113927 12.9811 0.992484 -0.113927 0.0446681 25.059
0.0581702 0.106263 -0.992635 -200.751 0.106263 0.988011 0.111996 13.0592 0.992635 -0.111996 0.0461809 25.0782
0.0585344 0.105508 -0.992694 -201.665 0.105508 0.988176 0.111249 13.1504 0.992694 -0.111249 0.0467104 25.1154
0.0579034 0.102572 -0.993039 -202.567 0.102572 0.988832 0.108119 13.2428 0.993039 -0.108119 0.0467356 25.1561
0.0584641 0.101833 -0.993082 -203.479 0.101833 0.988986 0.107408 13.3267 0.993082 -0.107408 0.0474502 25.1847
0.058704 0.0968633 -0.993565 -204.401 0.0968633 0.990032 0.102242 13.4074 0.993565 -0.102242 0.0487364 25.2269
0.0579849 0.0946126 -0.993824 -205.332 0.0946126 0.990497 0.0998161 13.4977 0.993824 -0.0998161 0.0484824 25.2785
0.0601341 0.0992882 -0.99324 -206.27 0.0992882 0.989511 0.104927 13.5809 0.99324 -0.104927 0.0496453 25.3104
0.0621235 0.100906 -0.992954 -207.205 0.100906 0.989143 0.106832 13.6638 0.992954 -0.106832 0.051267 25.3426
0.0638843 0.0976535 -0.993168 -208.146 0.0976535 0.989813 0.103605 13.752 0.993168 -0.103605 0.0536973 25.381
0.0644922 0.0958913 -0.9933 -209.09 0.0958913 0.990171 0.101815 13.8422 0.9933 -0.101815 0.0546631 25.4374
0.0662281 0.0967291 -0.993105 -210.046 0.0967291 0.98998 0.102875 13.9255 0.993105 -0.102875 0.0562079 25.4793
0.0670418 0.0941299 -0.9933 -211.013 0.0941299 0.990503 0.100218 14.009 0.9933 -0.100218 0.0575446 25.5326
0.0666702 0.0923383 -0.993493 -212.021 0.0923383 0.990865 0.0982905 14.0963 0.993493 -0.0982905 0.0575348 25.6051
0.0690238 0.0947354 -0.993107 -213.053 0.0947354 0.99036 0.101058 14.1873 0.993107 -0.101058 0.0593836 25.6638
0.0733498 0.0976612 -0.992513 -214.089 0.0976612 0.989707 0.104603 14.2717 0.992513 -0.104603 0.0630571 25.7083
0.081725 0.0963093 -0.991991 -215.134 0.0963093 0.989899 0.104041 14.359 0.991991 -0.104041 0.071624 25.7277
0.087074 0.100079 -0.991162 -216.192 0.100079 0.989029 0.108655 14.4531 0.991162 -0.108655 0.076103 25.7828
0.0908171 0.0991211 -0.990922 -217.243 0.0991211 0.989194 0.108032 14.5523 0.990922 -0.108032 0.0800107 25.8531
0.0911841 0.0970579 -0.991093 -218.286 0.0970579 0.989635 0.105845 14.6501 0.991093 -0.105845 0.0808187 25.9521
0.0946346 0.104089 -0.990055 -219.324 0.104089 0.988033 0.113825 14.7532 0.990055 -0.113825 0.0826677 26.0051
0.0964477 0.10635 -0.98964 -220.394 0.10635 0.987482 0.116483 14.8595 0.98964 -0.116483 0.08393 26.0837
0.0976872 0.105991 -0.989557 -221.476 0.105991 0.98755 0.11624 14.9665 0.989557 -0.11624 0.0852368 26.1712
0.0973767 0.102588 -0.989946 -222.578 0.102588 0.98834 0.112512 15.0765 0.989946 -0.112512 0.0857171 26.28
0.0965905 0.0989602 -0.990392 -223.681 0.0989602 0.98916 0.108488 15.1984 0.990392 -0.108488 0.0857504 26.3811
0.100384 0.0988691 -0.990024 -224.784 0.0988691 0.989134 0.108805 15.2808 0.990024 -0.108805 0.0895184 26.4322
0.101063 0.0984743 -0.989995 -225.86 0.0984743 0.989213 0.108449 15.3576 0.989995 -0.108449 0.0902753 26.4969
0.0999211 0.0969507 -0.990261 -226.962 0.0969507 0.989557 0.106665 15.4502 0.990261 -0.106665 0.0894782 26.6037
0.0988983 0.0981514 -0.990245 -228.095 0.0981514 0.989309 0.107861 15.5408 0.990245 -0.107861 0.0882072 26.7106
0.0974903 0.0987755 -0.990323 -229.26 0.0987755 0.989189 0.108386 15.6507 0.990323 -0.108386 0.0866798 26.8263
0.0948801 0.0984581 -0.990608 -230.446 0.0984581 0.98929 0.107757 15.7628 0.990608 -0.107757 0.0841699 26.9497
0.0962037 0.098807 -0.990445 -231.624 0.098807 0.989198 0.10828 15.8406 0.990445 -0.10828 0.0854017 26.9913
0.100779 0.102567 -0.989608 -232.791 0.102567 0.988301 0.112877 15.9467 0.989608 -0.112877 0.0890803 27.0068
0.0998299 0.104043 -0.98955 -233.981 0.104043 0.987974 0.114374 16.0642 0.98955 -0.114374 0.0878044 27.1023
0.098177 0.100794 -0.990051 -235.175 0.100794 0.988735 0.110655 16.1764 0.990051 -0.110655 0.0869116 27.1918
0.0980909 0.0996663 -0.990174 -236.392 0.0996663 0.988986 0.10942 16.2918 0.990174 -0.10942 0.0870772 27.2908
0.0935351 0.0956109 -0.991015 -237.567 0.0956109 0.989915 0.104529 16.4161 0.991015 -0.104529 0.0834504 27.4226
0.0905498 0.0906834 -0.991755 -238.736 0.0906834 0.990958 0.0988902 16.5223 0.991755 -0.0988902 0.0815076 27.5144
0.0862992 0.0873041 -0.992437 -239.911 0.0873041 0.991658 0.0948273 16.6234 0.992437 -0.0948273 0.0779573 27.6223
0.083859 0.0853369 -0.992817 -241.135 0.0853369 0.992051 0.0924791 16.7244 0.992817 -0.0924791 0.07591 27.7072
0.0809746 0.0840348 -0.993167 -242.375 0.0840348 0.992316 0.0908143 16.822 0.993167 -0.0908143 0.0732905 27.8014
0.0772538 0.0847917 -0.993399 -243.625 0.0847917 0.992208 0.0912841 16.9209 0.993399 -0.0912841 0.0694623 27.9063
0.0756544 0.0843875 -0.993557 -244.898 0.0843875 0.992296 0.0907061 17.0205 0.993557 -0.0907061 0.0679503 27.976
0.07409 0.0938773 -0.992823 -246.219 0.0938773 0.990482 0.100662 17.1562 0.992823 -0.100662 0.0645718 28.0447
0.07409 0.0938773 -0.992823 -247.539 0.0938773 0.990482 0.100662 17.2919 0.992823 -0.100662 0.0645718 28.1133
0.0714846 0.0928556 -0.99311 -248.834 0.0928556 0.990714 0.0993153 17.4091 0.99311 -0.0993153 0.0621986 28.193
0.070633 0.0947149 -0.992996 -250.134 0.0947149 0.990347 0.1012 17.5243 0.992996 -0.1012 0.0609802 28.2483
0.0665028 0.0939776 -0.993351 -251.417 0.0939776 0.990539 0.100003 17.6348 0.993351 -0.100003 0.0570418 28.3409
0.0640872 0.0953079 -0.993383 -252.725 0.0953079 0.990294 0.10116 17.7454 0.993383 -0.10116 0.0543816 28.407
0.062206 0.0974351 -0.993296 -254.037 0.0974351 0.989877 0.103202 17.8564 0.993296 -0.103202 0.0520827 28.4668
0.0598713 0.0989992 -0.993285 -255.379 0.0989992 0.989575 0.104597 17.978 0.993285 -0.104597 0.0494463 28.5499
0.0602258 0.100791 -0.993083 -256.73 0.100791 0.98919 0.106509 18.0926 0.993083 -0.106509 0.0494159 28.5837
0.0580322 0.0999655 -0.993297 -258.106 0.0999655 0.989391 0.105413 18.2266 0.993297 -0.105413 0.0474234 28.6767
0.0569643 0.0980932 -0.993546 -259.468 0.0980932 0.989796 0.103347 18.3491 0.993546 -0.103347 0.0467608 28.7442
0.0570833 0.0952334 -0.993817 -260.817 0.0952334 0.990382 0.100374 18.465 0.993817 -0.100374 0.0474648 28.7952
0.0575902 0.0945701 -0.993851 -262.137 0.0945701 0.99051 0.0997322 18.5689 0.993851 -0.0997322 0.0481001 28.845
0.0579273 0.0949602 -0.993794 -263.427 0.0949602 0.990428 0.100174 18.6705 0.993794 -0.100174 0.0483554 28.8971
0.0587692 0.0941448 -0.993822 -264.699 0.0941448 0.990583 0.0994052 18.7754 0.993822 -0.0994052 0.0493526 28.9443
0.0587122 0.0928595 -0.993947 -265.974 0.0928595 0.990839 0.0980544 18.8821 0.993947 -0.0980544 0.0495514 29.0032
0.0574672 0.0906504 -0.994223 -267.242 0.0906504 0.991281 0.0956219 18.9847 0.994223 -0.0956219 0.0487487 29.0728
0.0568014 0.0870865 -0.99458 -268.522 0.0870865 0.991959 0.0918306 19.0845 0.99458 -0.0918306 0.0487607 29.1313
0.0553773 0.0836013 -0.994959 -269.829 0.0836013 0.992601 0.0880562 19.1835 0.994959 -0.0880562 0.0479784 29.2013
0.0538845 0.0809095 -0.995264 -271.142 0.0809095 0.993081 0.0851126 19.279 0.995264 -0.0851126 0.0469654 29.2751
0.0556871 0.0843863 -0.994876 -272.507 0.0843863 0.992459 0.0889047 19.3584 0.994876 -0.0889047 0.0481461 29.3203
0.0556871 0.0843863 -0.994876 -273.873 0.0843863 0.992459 0.0889047 19.4379 0.994876 -0.0889047 0.0481461 29.3655
0.0570857 0.0960186 -0.993741 -275.283 0.0960186 0.990222 0.101194 19.5398 0.993741 -0.101194 0.0473079 29.4249
0.0570857 0.0960186 -0.993741 -276.693 0.0960186 0.990222 0.101194 19.6417 0.993741 -0.101194 0.0473079 29.4843
0.0588117 0.0999485 -0.993253 -278.111 0.0999485 0.989386 0.105477 19.7555 0.993253 -0.105477 0.0481978 29.5329
0.0591802 0.0986265 -0.993363 -279.517 0.0986265 0.989661 0.104135 19.8756 0.993363 -0.104135 0.0488412 29.6019
0.0613028 0.100417 -0.993055 -280.879 0.100417 0.989258 0.106232 19.999 0.993055 -0.106232 0.0505607 29.6277
0.0595985 0.0943969 -0.993749 -282.19 0.0943969 0.990524 0.0997519 20.1178 0.993749 -0.0997519 0.050123 29.7035
0.0593287 0.0908091 -0.994099 -283.485 0.0908091 0.991234 0.0959669 20.2265 0.994099 -0.0959669 0.0505623 29.7719
0.0622368 0.0914308 -0.993865 -284.786 0.0914308 0.991086 0.0969007 20.3304 0.993865 -0.0969007 0.0533224 29.8202
0.0639966 0.092933 -0.993614 -286.093 0.092933 0.990773 0.0986529 20.4269 0.993614 -0.0986529 0.0547696 29.8767
0.0641909 0.0941323 -0.993488 -287.425 0.0941323 0.990531 0.0999341 20.5315 0.993488 -0.0999341 0.0547222 29.9585
0.0654648 0.093819 -0.993435 -288.771 0.093819 0.990581 0.099732 20.6339 0.993435 -0.099732 0.0560462 30.023
0.0661616 0.0941512 -0.993357 -290.101 0.0941512 0.990508 0.100152 20.745 0.993357 -0.100152 0.0566691 30.1036
0.0651275 0.0947061 -0.993373 -291.425 0.0947061 0.990406 0.100632 20.8665 0.993373 -0.100632 0.0555334 30.1929
0.0700319 0.095747 -0.992939 -292.719 0.095747 0.990142 0.10223 20.9471 0.992939 -0.10223 0.060174 30.1968
0.0722248 0.099524 -0.99241 -294.06 0.099524 0.989324 0.106458 21.0591 0.99241 -0.106458 0.0615487 30.2608
0.0722248 0.099524 -0.99241 -295.401 0.099524 0.989324 0.106458 21.1711 0.99241 -0.106458 0.0615487 30.3247
0.0733245 0.100692 -0.992212 -296.766 0.100692 0.989059 0.107813 21.2972 0.992212 -0.107813 0.0623835 30.3911
0.0741372 0.101081 -0.992112 -298.132 0.101081 0.988965 0.108313 21.4187 0.992112 -0.108313 0.0631018 30.468
0.0727846 0.0994195 -0.99238 -299.469 0.0994195 0.98934 0.106407 21.5378 0.99238 -0.106407 0.0621245 30.5252
0.074581 0.0998396 -0.992204 -300.803 0.0998396 0.989229 0.107045 21.6539 0.992204 -0.107045 0.0638097 30.5846
0.0707602 0.0988082 -0.992587 -302.108 0.0988082 0.989493 0.105544 21.7653 0.992587 -0.105544 0.0602537 30.7051
0.0708247 0.102813 -0.992176 -303.466 0.102813 0.988624 0.109784 21.8831 0.992176 -0.109784 0.0594485 30.7862
0.0708247 0.102813 -0.992176 -304.824 0.102813 0.988624 0.109784 22.001 0.992176 -0.109784 0.0594485 30.8673
0.0721207 0.101601 -0.992208 -306.175 0.101601 0.988875 0.108645 22.1313 0.992208 -0.108645 0.0609955 30.9313
0.0733192 0.105819 -0.991679 -307.53 0.105819 0.987916 0.113241 22.2558 0.991679 -0.113241 0.0612357 30.9637
0.0714237 0.105204 -0.991882 -308.863 0.105204 0.988081 0.112376 22.3667 0.991882 -0.112376 0.0595046 31.0308
0.0675806 0.10028 -0.992661 -310.219 0.10028 0.989215 0.106759 22.5148 0.992661 -0.106759 0.0567956 31.1615
0.0629943 0.095542 -0.99343 -311.55 0.095542 0.990258 0.101295 22.627 0.99343 -0.101295 0.0532523 31.259
0.0629943 0.095542 -0.99343 -312.881 0.095542 0.990258 0.101295 22.7391 0.99343 -0.101295 0.0532523 31.3565
0.0599685 0.0926357 -0.993893 -314.171 0.0926357 0.990871 0.0979434 22.8405 0.993893 -0.0979434 0.0508396 31.4421
0.059207 0.0939622 -0.993814 -315.505 0.0939622 0.990615 0.0992577 22.9902 0.993814 -0.0992577 0.0498225 31.5335
0.0587888 0.095476 -0.993694 -316.826 0.095476 0.990315 0.1008 23.0985 0.993694 -0.1008 0.0491037 31.5965
0.0580208 0.0977414 -0.993519 -318.139 0.0977414 0.989858 0.103089 23.2012 0.993519 -0.103089 0.0478789 31.6996
0.0591711 0.0975809 -0.993467 -319.454 0.0975809 0.989879 0.10304 23.317 0.993467 -0.10304 0.0490502 31.7544
0.0608892 0.096567 -0.993462 -320.746 0.096567 0.99007 0.102156 23.4209 0.993462 -0.102156 0.0509594 31.7998
0.0605594 0.0936407 -0.993763 -322.021 0.0936407 0.990666 0.0990554 23.5291 0.993763 -0.0990554 0.0512256 31.8635
0.0601782 0.0902198 -0.994102 -323.334 0.0902198 0.991339 0.0954305 23.631 0.994102 -0.0954305 0.0515174 31.9265
0.061077 0.0895184 -0.994111 -324.65 0.0895184 0.991465 0.0947801 23.7379 0.994111 -0.0947801 0.0525422 31.9896
0.0628997 0.0888016 -0.994061 -325.955 0.0888016 0.991585 0.0941994 23.8395 0.994061 -0.0941994 0.0544847 32.0391
0.0642829 0.0885367 -0.993996 -327.261 0.0885367 0.991623 0.0940511 23.9289 0.993996 -0.0940511 0.0559056 32.0878
