1 1.04742e-006 -0.000695241 -0.0242572 1.04742e-006 0.999995 0.00301311 -0.0218385 0.000695241 -0.00301311 0.999995 1.54604
0.999997 4.86255e-006 -0.00225881 -0.0280434 4.86255e-006 0.999991 0.00430539 -0.0578894 0.00225881 -0.00430539 0.999988 3.11543
1 8.7612e-007 -0.000479801 -0.137674 8.7612e-007 0.999993 0.003652 -0.0596082 0.000479801 -0.003652 0.999993 4.73716
0.999995 5.24912e-006 -0.00327404 -0.151879 5.24912e-006 0.999995 0.00320649 -0.0760887 0.00327404 -0.00320649 0.999989 6.3797
0.999996 5.23895e-006 -0.00286196 -0.220242 5.23895e-006 0.999993 0.00366107 -0.098053 0.00286196 -0.00366107 0.999989 8.04454
0.99999 7.99325e-006 -0.00456729 -0.218757 7.99325e-006 0.999994 0.00350019 -0.103592 0.00456729 -0.00350019 0.999983 9.70239
0.999971 1.011e-005 -0.00759879 -0.201095 1.011e-005 0.999996 0.0026609 -0.126761 0.00759879 -0.0026609 0.999968 11.328
0.999966 1.26057e-005 -0.00822873 -0.223009 1.26057e-005 0.999995 0.00306377 -0.14775 0.00822873 -0.00306377 0.999961 12.9803
0.999949 1.5241e-005 -0.0100516 -0.233624 1.5241e-005 0.999995 0.00303246 -0.165077 0.0100516 -0.00303246 0.999945 14.6109
0.999945 1.59643e-005 -0.0104659 -0.29596 1.59643e-005 0.999995 0.00305065 -0.182341 0.0104659 -0.00305065 0.999941 16.217
0.999955 1.56885e-005 -0.00951814 -0.361135 1.56885e-005 0.999995 0.00329646 -0.197453 0.00951814 -0.00329646 0.999949 17.8102
0.999943 2.50163e-005 -0.0106731 -0.368058 2.50163e-005 0.999989 0.00468754 -0.229485 0.0106731 -0.00468754 0.999932 19.3579
0.999931 3.26786e-005 -0.0117473 -0.380021 3.26786e-005 0.999985 0.00556334 -0.251846 0.0117473 -0.00556334 0.999916 20.8773
0.999922 3.30043e-005 -0.0125095 -0.394428 3.30043e-005 0.999986 0.00527643 -0.259904 0.0125095 -0.00527643 0.999908 22.4297
0.999932 3.1597e-005 -0.0116586 -0.447142 3.1597e-005 0.999985 0.00542016 -0.277531 0.0116586 -0.00542016 0.999917 23.9679
0.999925 3.85103e-005 -0.0122113 -0.465498 3.85103e-005 0.99998 0.006307 -0.292699 0.0122113 -0.006307 0.999906 25.5434
0.999903 5.44904e-005 -0.0139559 -0.466211 5.44904e-005 0.99997 0.00780844 -0.303943 0.0139559 -0.00780844 0.999872 27.0951
0.999915 4.1143e-005 -0.0130729 -0.506481 4.1143e-005 0.99998 0.00629408 -0.308712 0.0130729 -0.00629408 0.999895 28.6359
0.999906 2.99296e-005 -0.0137315 -0.514688 2.99296e-005 0.99999 0.00435904 -0.327008 0.0137315 -0.00435904 0.999896 30.1202
0.999914 2.54053e-005 -0.0131344 -0.547271 2.54053e-005 0.999993 0.00386833 -0.336378 0.0131344 -0.00386833 0.999906 31.6167
0.999919 4.03164e-005 -0.0127618 -0.577934 4.03164e-005 0.99998 0.00631798 -0.343559 0.0127618 -0.00631798 0.999899 33.1279
0.999911 5.09482e-005 -0.0133406 -0.589033 5.09482e-005 0.999971 0.00763761 -0.360079 0.0133406 -0.00763761 0.999882 34.6454
0.999901 5.0077e-005 -0.0140356 -0.600413 5.0077e-005 0.999975 0.00713524 -0.375659 0.0140356 -0.00713524 0.999876 36.1729
0.999903 3.62414e-005 -0.0139524 -0.624281 3.62414e-005 0.999987 0.00519473 -0.385308 0.0139524 -0.00519473 0.999889 37.6946
0.999911 2.79595e-005 -0.0133434 -0.653222 2.79595e-005 0.999991 0.00419055 -0.394582 0.0133434 -0.00419055 0.999902 39.1797
0.999921 1.95223e-005 -0.0125882 -0.678508 1.95223e-005 0.999995 0.00310156 -0.411232 0.0125882 -0.00310156 0.999916 40.6345
0.999914 2.93343e-005 -0.0131102 -0.681529 2.93343e-005 0.99999 0.00447483 -0.434846 0.0131102 -0.00447483 0.999904 42.0794
0.999923 4.15891e-005 -0.012374 -0.696374 4.15891e-005 0.999977 0.00672171 -0.457419 0.012374 -0.00672171 0.999901 43.5062
0.999935 4.49179e-005 -0.0114056 -0.708246 4.49179e-005 0.999969 0.0078761 -0.472081 0.0114056 -0.0078761 0.999904 44.8328
0.999952 3.68286e-005 -0.00983865 -0.723527 3.68286e-005 0.999972 0.00748623 -0.461551 0.00983865 -0.00748623 0.999924 46.2348
0.999978 2.2856e-005 -0.00666037 -0.736987 2.2856e-005 0.999976 0.00686314 -0.475582 0.00666037 -0.00686314 0.999954 47.5848
0.999997 5.58516e-006 -0.00225237 -0.759267 5.58516e-006 0.999988 0.00495933 -0.488497 0.00225237 -0.00495933 0.999985 48.9341
1 -3.08415e-007 0.000198101 -0.751182 -3.08415e-007 0.999995 0.00311371 -0.503468 -0.000198101 -0.00311371 0.999995 50.2734
0.99999 -8.14914e-006 0.00448028 -0.765815 -8.14914e-006 0.999993 0.00363775 -0.515534 -0.00448028 -0.00363775 0.999983 51.5901
0.99995 -1.72311e-005 0.0100337 -0.764593 -1.72311e-005 0.999994 0.00343455 -0.533162 -0.0100337 -0.00343455 0.999944 52.8867
0.999855 -1.17653e-005 0.017033 -0.811344 -1.17653e-005 0.999999 0.00138137 -0.548917 -0.017033 -0.00138137 0.999854 54.0508
0.999709 -1.77248e-005 0.0241278 -0.801464 -1.77248e-005 0.999999 0.00146903 -0.569097 -0.0241278 -0.00146903 0.999708 55.2399
0.999494 -4.07328e-005 0.0318045 -0.756511 -4.07328e-005 0.999997 0.0025608 -0.589719 -0.0318045 -0.0025608 0.999491 56.4567
0.999118 -7.20203e-005 0.0419881 -0.72045 -7.20203e-005 0.999994 0.00342899 -0.607807 -0.0419881 -0.00342899 0.999112 57.3333
0.998536 -9.43664e-005 0.0540946 -0.668585 -9.43664e-005 0.999994 0.00348637 -0.618718 -0.0540946 -0.00348637 0.99853 58.1566
0.997604 -0.000126595 0.0691828 -0.622648 -0.000126595 0.999993 0.00365532 -0.625092 -0.0691828 -0.00365532 0.997597 58.9803
0.996397 -0.000218418 0.0848157 -0.538116 -0.000218418 0.999987 0.00514111 -0.645476 -0.0848157 -0.00514111 0.996383 59.9647
0.994719 -0.00032415 0.102636 -0.437492 -0.00032415 0.99998 0.00629975 -0.664616 -0.102636 -0.00629975 0.994699 61.0357
0.992555 -0.000347029 0.121797 -0.314065 -0.000347029 0.999984 0.00567722 -0.676833 -0.121797 -0.00567722 0.992539 62.1366
0.98986 -0.000386252 0.142043 -0.163123 -0.000386252 0.999985 0.00541091 -0.692353 -0.142043 -0.00541091 0.989846 63.2576
0.986656 -0.000470817 0.162818 0.0150603 -0.000470817 0.999983 0.00574473 -0.698743 -0.162818 -0.00574473 0.986639 64.3667
0.982811 -0.000810239 0.184614 0.222369 -0.000810239 0.999962 0.00870206 -0.709559 -0.184614 -0.00870206 0.982773 65.476
0.978119 -0.00116905 0.208043 0.451494 -0.00116905 0.999938 0.0111152 -0.724224 -0.208043 -0.0111152 0.978056 66.5758
0.972837 -0.00140249 0.231487 0.719852 -0.00140249 0.999928 0.0119522 -0.735414 -0.231487 -0.0119522 0.972765 67.6535
0.966613 -0.00152669 0.256235 1.00839 -0.00152669 0.99993 0.011717 -0.739394 -0.256235 -0.011717 0.966544 68.7202
0.959146 -0.00186082 0.282904 1.31095 -0.00186082 0.999915 0.0128859 -0.746362 -0.282904 -0.0128859 0.959062 69.765
0.950791 -0.00245702 0.309823 1.65611 -0.00245702 0.999877 0.0154696 -0.744625 -0.309823 -0.0154696 0.950669 70.7949
0.941266 -0.00324819 0.337651 2.01787 -0.00324819 0.99982 0.0186732 -0.747254 -0.337651 -0.0186732 0.941086 71.8077
0.930596 -0.00360813 0.366031 2.41339 -0.00360813 0.999812 0.0190289 -0.747048 -0.366031 -0.0190289 0.930408 72.8044
0.918791 -0.00315537 0.394731 2.83923 -0.00315537 0.999877 0.0153373 -0.745994 -0.394731 -0.0153373 0.918669 73.7881
0.906342 -0.00265935 0.422536 3.30877 -0.00265935 0.999924 0.0119976 -0.748154 -0.422536 -0.0119976 0.906267 74.7427
0.892847 -0.00264036 0.450353 3.78041 -0.00264036 0.999935 0.0110971 -0.745773 -0.450353 -0.0110971 0.892782 75.6319
0.877277 -0.00325806 0.479974 4.25291 -0.00325806 0.999914 0.0127424 -0.750596 -0.479974 -0.0127424 0.87719 76.5008
0.860111 -0.00419343 0.51009 4.76643 -0.00419343 0.999874 0.0152909 -0.750346 -0.51009 -0.0152909 0.859985 77.343
0.840409 -0.00486633 0.541931 5.29422 -0.00486633 0.999852 0.0165248 -0.761179 -0.541931 -0.0165248 0.84026 78.193
0.819387 -0.00307884 0.573233 5.88008 -0.00307884 0.999948 0.00977166 -0.762172 -0.573233 -0.00977166 0.819334 79.0384
0.797746 -0.000763844 0.602993 6.48592 -0.000763844 0.999997 0.0022773 -0.774387 -0.602993 -0.0022773 0.797743 79.8494
0.775636 0.000119694 0.631181 7.10091 0.000119694 1 -0.000336721 -0.780095 -0.631181 0.000336721 0.775636 80.5982
0.752083 -0.000548998 0.659068 7.72752 -0.000548998 0.999999 0.00145947 -0.793 -0.659068 -0.00145947 0.752082 81.3303
0.728116 -0.000880401 0.685453 8.39292 -0.000880401 0.999997 0.0022196 -0.813224 -0.685453 -0.0022196 0.728113 82.0271
0.703612 -0.000228659 0.710584 9.08104 -0.000228659 1 0.000548206 -0.821791 -0.710584 -0.000548206 0.703612 82.6825
0.678372 0.000320409 0.734719 9.81387 0.000320409 1 -0.000731935 -0.836373 -0.734719 0.000731935 0.678371 83.333
0.651329 0.00146667 0.758794 10.5279 0.00146667 0.999994 -0.00319184 -0.843301 -0.758794 0.00319184 0.651323 83.9646
0.623228 0.00219915 0.782037 11.2943 0.00219915 0.999987 -0.00456462 -0.852458 -0.782037 0.00456462 0.623216 84.5918
0.594853 0.00504268 0.803818 12.1011 0.00504268 0.999937 -0.0100048 -0.852972 -0.803818 0.0100048 0.594791 85.1925
0.56498 0.00897963 0.825056 12.8996 0.00897963 0.999815 -0.0170307 -0.871544 -0.825056 0.0170307 0.564795 85.7498
0.534444 0.0127179 0.845108 13.7012 0.0127179 0.999653 -0.0230864 -0.89353 -0.845108 0.0230864 0.534096 86.2584
0.504208 0.0160138 0.863434 14.475 0.0160138 0.999483 -0.0278884 -0.938358 -0.863434 0.0278884 0.503691 86.6712
0.471504 0.0181077 0.881678 15.2246 0.0181077 0.99938 -0.0302086 -0.968413 -0.881678 0.0302086 0.470883 87.0874
0.439525 0.0202401 0.898002 16.0225 0.0202401 0.999269 -0.032429 -0.998147 -0.898002 0.032429 0.438794 87.4733
0.404371 0.0235311 0.914292 16.8216 0.0235311 0.99907 -0.0361203 -1.03793 -0.914292 0.0361203 0.403441 87.8797
0.370843 0.0286923 0.928252 17.6985 0.0286923 0.998692 -0.0423324 -1.07941 -0.928252 0.0423324 0.369535 88.2271
0.3359 0.0337072 0.941294 18.6111 0.0337072 0.998289 -0.0477765 -1.11962 -0.941294 0.0477765 0.334189 88.5596
0.300188 0.0364351 0.953184 19.5239 0.0364351 0.998103 -0.0496267 -1.17907 -0.953184 0.0496267 0.298291 88.864
0.26437 0.0390007 0.963632 20.4599 0.0390007 0.997932 -0.0510887 -1.22991 -0.963632 0.0510887 0.262302 89.1203
0.228546 0.0408485 0.972676 21.4009 0.0408485 0.997837 -0.0515032 -1.29084 -0.972676 0.0515032 0.226383 89.3462
0.193349 0.0414036 0.980256 22.3572 0.0414036 0.997875 -0.0503143 -1.34476 -0.980256 0.0503143 0.191224 89.5308
0.158298 0.0366703 0.98671 23.3351 0.0366703 0.998402 -0.0429878 -1.39914 -0.98671 0.0429878 0.1567 89.6721
0.124656 0.037365 0.991496 24.3281 0.037365 0.998405 -0.042323 -1.45276 -0.991496 0.042323 0.123061 89.7916
0.0919 0.0391503 0.994998 25.3112 0.0391503 0.998312 -0.0428967 -1.50197 -0.994998 0.0428967 0.0902121 89.8803
0.0637863 0.0326612 0.997429 26.2986 0.0326612 0.998861 -0.0347968 -1.53496 -0.997429 0.0347968 0.0626469 89.8856
0.0384834 0.0319062 0.99875 27.2945 0.0319062 0.998941 -0.0331417 -1.56771 -0.99875 0.0331417 0.0374246 89.9219
0.016102 0.029882 0.999424 28.302 0.029882 0.999092 -0.0303536 -1.59705 -0.999424 0.0303536 0.0151945 89.959
-0.00297077 0.0311582 0.99951 29.34 0.0311582 0.999032 -0.0310507 -1.63858 -0.99951 0.0310507 -0.00393873 89.9643
-0.019405 0.0295018 0.999376 30.4479 0.0295018 0.999146 -0.0289222 -1.68478 -0.999376 0.0289222 -0.0202588 89.9418
-0.0337511 0.0266516 0.999075 31.5286 0.0266516 0.999313 -0.0257576 -1.72368 -0.999075 0.0257576 -0.0344382 89.8905
-0.0462444 0.0228089 0.99867 32.623 0.0228089 0.999503 -0.0217718 -1.75804 -0.99867 0.0217718 -0.0467416 89.8388
-0.0555041 0.0169439 0.998315 33.6972 0.0169439 0.999728 -0.0160258 -1.78572 -0.998315 0.0160258 -0.0557761 89.769
-0.0615493 0.0122199 0.998029 34.7393 0.0122199 0.999859 -0.0114887 -1.81135 -0.998029 0.0114887 -0.06169 89.6961
-0.0644747 0.0104486 0.997865 35.8004 0.0104486 0.999897 -0.00979473 -1.83004 -0.997865 0.00979473 -0.0645773 89.6176
-0.0676684 0.00751395 0.99768 36.8191 0.00751395 0.999947 -0.00702139 -1.84382 -0.99768 0.00702139 -0.0677213 89.5445
-0.0719923 0.009713 0.997358 37.8505 0.009713 0.999912 -0.00903676 -1.86598 -0.997358 0.00903676 -0.0720803 89.5003
-0.0744156 0.00698585 0.997203 38.8874 0.00698585 0.999955 -0.00648382 -1.88163 -0.997203 0.00648382 -0.074461 89.4196
-0.0760096 0.00384772 0.9971 39.8747 0.00384772 0.999986 -0.00356554 -1.89654 -0.9971 0.00356554 -0.0760233 89.3339
-0.0786315 0.000686781 0.996904 40.8745 0.000686781 1 -0.000634744 -1.90918 -0.996904 0.000634744 -0.0786319 89.2611
-0.0837186 0.00414436 0.996481 41.9038 0.00414436 0.999984 -0.00381074 -1.91607 -0.996481 0.00381074 -0.0837344 89.2187
-0.0851765 0.00429322 0.996357 42.9713 0.00429322 0.999983 -0.00394183 -1.92422 -0.996357 0.00394183 -0.0851935 89.1188
-0.0896392 0.00335649 0.995969 44.0885 0.00335649 0.99999 -0.00306795 -1.92347 -0.995969 0.00306795 -0.0896495 89.082
-0.0957784 0.00998907 0.995353 45.1432 0.00998907 0.999909 -0.00907359 -1.95067 -0.995353 0.00907359 -0.0958695 89.0082
-0.094264 0.00927421 0.995504 46.1855 0.00927421 0.999921 -0.00843719 -1.94817 -0.995504 0.00843719 -0.0943426 88.8437
-0.0979388 0.0149372 0.99508 47.211 0.0149372 0.999797 -0.0135379 -1.97128 -0.99508 0.0135379 -0.098142 88.7426
-0.0979388 0.0149372 0.99508 48.2366 0.0149372 0.999797 -0.0135379 -1.99439 -0.99508 0.0135379 -0.098142 88.6415
-0.0996309 0.016397 0.994889 49.2329 0.016397 0.999755 -0.0148352 -2.01549 -0.994889 0.0148352 -0.0998754 88.5376
-0.102568 0.0193798 0.994537 50.204 0.0193798 0.999659 -0.017481 -2.03089 -0.994537 0.017481 -0.102908 88.4449
-0.105469 0.0239972 0.994133 51.1603 0.0239972 0.999479 -0.0215804 -2.04674 -0.994133 0.0215804 -0.105989 88.3501
-0.107842 0.0231099 0.993899 52.1379 0.0231099 0.999518 -0.0207331 -2.07377 -0.993899 0.0207331 -0.108324 88.2465
-0.10865 0.0242422 0.993784 53.1454 0.0242422 0.99947 -0.0217305 -2.09888 -0.993784 0.0217305 -0.10918 88.1249
-0.110313 0.0227844 0.993636 54.1691 0.0227844 0.999532 -0.0203901 -2.12554 -0.993636 0.0203901 -0.110781 88.0151
-0.111313 0.0239657 0.993496 55.1339 0.0239657 0.999483 -0.021425 -2.14858 -0.993496 0.021425 -0.11183 87.908
-0.11316 0.028797 0.993159 56.097 0.028797 0.999255 -0.0256926 -2.18537 -0.993159 0.0256926 -0.113905 87.8228
-0.112635 0.0321413 0.993116 57.0823 0.0321413 0.999072 -0.0286887 -2.21243 -0.993116 0.0286887 -0.113564 87.7167
-0.111209 0.0350535 0.993179 58.0732 0.0350535 0.998894 -0.0313302 -2.2564 -0.993179 0.0313302 -0.112315 87.601
-0.110594 0.0396365 0.993075 59.0759 0.0396365 0.998585 -0.0354423 -2.2966 -0.993075 0.0354423 -0.112009 87.4949
-0.109726 0.0446703 0.992958 60.0392 0.0446703 0.998202 -0.03997 -2.33631 -0.992958 0.03997 -0.111524 87.3925
-0.109138 0.0493283 0.992802 61.0366 0.0493283 0.997806 -0.0441543 -2.3776 -0.992802 0.0441543 -0.111332 87.2843
-0.109139 0.0496036 0.992788 62.0594 0.0496036 0.997782 -0.0444 -2.41801 -0.992788 0.0444 -0.111358 87.17
-0.109543 0.0472744 0.992857 63.1017 0.0472744 0.997986 -0.0423028 -2.47165 -0.992857 0.0423028 -0.111557 87.0578
-0.109749 0.0416586 0.993086 64.1793 0.0416586 0.998436 -0.0372792 -2.52981 -0.993086 0.0372792 -0.111313 86.933
-0.110248 0.0332959 0.993346 65.2985 0.0332959 0.999001 -0.0297901 -2.57792 -0.993346 0.0297901 -0.111247 86.8038
-0.110139 0.0266029 0.99356 66.4427 0.0266029 0.999362 -0.0238093 -2.61827 -0.99356 0.0238093 -0.110776 86.6727
-0.109376 0.0213252 0.993772 67.5742 0.0213252 0.99959 -0.0191029 -2.64861 -0.993772 0.0191029 -0.109786 86.5391
-0.110379 0.0223984 0.993637 68.6932 0.0223984 0.999548 -0.0200435 -2.67368 -0.993637 0.0200435 -0.11083 86.4376
-0.10911 0.0241329 0.993737 69.7749 0.0241329 0.999475 -0.0216225 -2.70762 -0.993737 0.0216225 -0.109635 86.3168
-0.108087 0.0252443 0.993821 70.8648 0.0252443 0.999425 -0.0226411 -2.73556 -0.993821 0.0226411 -0.108663 86.1918
-0.109642 0.0307897 0.993494 71.9775 0.0307897 0.999146 -0.0275669 -2.77121 -0.993494 0.0275669 -0.110497 86.1073
-0.10851 0.031816 0.993586 73.1138 0.031816 0.999087 -0.0285175 -2.8058 -0.993586 0.0285175 -0.109423 85.9788
-0.107388 0.0354129 0.993586 74.2483 0.0354129 0.998868 -0.0317737 -2.83842 -0.993586 0.0317737 -0.108521 85.862
-0.106921 0.0367004 0.99359 75.3337 0.0367004 0.998783 -0.0329428 -2.87677 -0.99359 0.0329428 -0.108138 85.7519
-0.106224 0.036546 0.99367 76.3852 0.036546 0.998793 -0.0328276 -2.91147 -0.99367 0.0328276 -0.107431 85.6361
-0.105455 0.0349763 0.993809 77.4024 0.0349763 0.998893 -0.0314439 -2.94334 -0.993809 0.0314439 -0.106562 85.521
-0.104931 0.0358793 0.993832 78.4673 0.0358793 0.998835 -0.0322717 -2.97924 -0.993832 0.0322717 -0.106097 85.4019
-0.104853 0.0379034 0.993765 79.5589 0.0379034 0.9987 -0.0340924 -3.01704 -0.993765 0.0340924 -0.106154 85.2954
-0.10449 0.0378336 0.993806 80.6529 0.0378336 0.998704 -0.0340421 -3.05758 -0.993806 0.0340421 -0.105786 85.1803
-0.104275 0.03936 0.993769 81.74 0.03936 0.998597 -0.0354213 -3.10259 -0.993769 0.0354213 -0.105678 85.0706
-0.104793 0.0413813 0.993633 82.8121 0.0413813 0.99845 -0.0372177 -3.14299 -0.993633 0.0372177 -0.106343 84.9742
-0.10482 0.0416308 0.993619 83.904 0.0416308 0.998431 -0.0374406 -3.19836 -0.993619 0.0374406 -0.106389 84.871
-0.104371 0.0404825 0.993714 85.0108 0.0404825 0.998516 -0.0364262 -3.23973 -0.993714 0.0364262 -0.105855 84.7616
-0.103979 0.0372654 0.993881 86.1246 0.0372654 0.998742 -0.033549 -3.28117 -0.993881 0.033549 -0.105236 84.6498
-0.102354 0.0397517 0.993953 87.2335 0.0397517 0.998567 -0.0358427 -3.32927 -0.993953 0.0358427 -0.103787 84.5365
-0.100918 0.0390655 0.994127 88.3313 0.0390655 0.998614 -0.0352761 -3.37747 -0.994127 0.0352761 -0.102305 84.4168
-0.100222 0.0390321 0.994199 89.4441 0.0390321 0.998615 -0.0352708 -3.42076 -0.994199 0.0352708 -0.101606 84.3114
-0.0969803 0.0385063 0.994541 90.5583 0.0385063 0.998648 -0.0349105 -3.46798 -0.994541 0.0349105 -0.0983319 84.1842
-0.0950575 0.036366 0.994807 91.6953 0.036366 0.998792 -0.0330367 -3.51561 -0.994807 0.0330367 -0.0962651 84.075
-0.0942849 0.039909 0.994745 92.8572 0.039909 0.998545 -0.0362788 -3.55293 -0.994745 0.0362788 -0.0957404 83.9851
-0.0937615 0.0390326 0.994829 94.0318 0.0390326 0.998607 -0.0355021 -3.6014 -0.994829 0.0355021 -0.0951545 83.8823
-0.0909033 0.0400748 0.995053 95.2261 0.0400748 0.998528 -0.0365537 -3.64956 -0.995053 0.0365537 -0.0923755 83.75
-0.0888352 0.0434747 0.995097 96.4181 0.0434747 0.998264 -0.039732 -3.70522 -0.995097 0.039732 -0.090571 83.6279
-0.0883865 0.0457639 0.995034 97.6251 0.0457639 0.998076 -0.0418387 -3.75178 -0.995034 0.0418387 -0.0903108 83.5299
-0.0868293 0.0476313 0.995084 98.8063 0.0476313 0.997913 -0.0436105 -3.81258 -0.995084 0.0436105 -0.0889168 83.4045
-0.0882942 0.0525401 0.994708 100.01 0.0525401 0.997463 -0.048022 -3.88077 -0.994708 0.048022 -0.0908307 83.3183
-0.0879566 0.0541985 0.994649 101.235 0.0541985 0.9973 -0.0495502 -3.95295 -0.994649 0.0495502 -0.0906566 83.196
-0.0887099 0.0561992 0.994471 102.47 0.0561992 0.997099 -0.0513346 -4.0278 -0.994471 0.0513346 -0.0916109 83.0858
-0.0900585 0.055976 0.994362 103.724 0.055976 0.997126 -0.0510619 -4.09614 -0.994362 0.0510619 -0.092933 82.9736
-0.0927337 0.057448 0.994032 104.991 0.057448 0.99698 -0.052259 -4.17151 -0.994032 0.052259 -0.0957539 82.8636
-0.0942315 0.0605317 0.993708 106.265 0.0605317 0.996651 -0.0549709 -4.24857 -0.993708 0.0549709 -0.09758 82.7372
-0.0971503 0.0610756 0.993394 107.543 0.0610756 0.9966 -0.0552997 -4.33771 -0.993394 0.0552997 -0.10055 82.5967
-0.103328 0.0678731 0.992329 108.832 0.0678731 0.995825 -0.0610448 -4.421 -0.992329 0.0610448 -0.107503 82.4906
-0.110155 0.0661031 0.991714 110.054 0.0661031 0.996064 -0.0590507 -4.49833 -0.991714 0.0590507 -0.114091 82.3461
-0.119578 0.0672598 0.990544 111.241 0.0672598 0.995959 -0.059508 -4.58039 -0.990544 0.059508 -0.123618 82.2127
-0.130752 0.0681994 0.989067 112.445 0.0681994 0.995887 -0.0596538 -4.66844 -0.989067 0.0596538 -0.134865 82.0559
-0.143623 0.0706578 0.987107 113.697 0.0706578 0.995634 -0.0609876 -4.75799 -0.987107 0.0609876 -0.147989 81.8722
-0.158353 0.0707308 0.984846 114.936 0.0707308 0.995681 -0.0601362 -4.8438 -0.984846 0.0601362 -0.162672 81.6856
-0.172608 0.0727115 0.982303 116.186 0.0727115 0.995491 -0.060911 -4.93004 -0.982303 0.060911 -0.177117 81.4651
-0.189195 0.0699344 0.979446 117.478 0.0699344 0.995887 -0.0575994 -5.02877 -0.979446 0.0575994 -0.193308 81.2294
-0.20473 0.0703541 0.976287 118.791 0.0703541 0.995891 -0.0570134 -5.12021 -0.976287 0.0570134 -0.208839 80.9775
-0.219488 0.0697146 0.973121 120.05 0.0697146 0.996015 -0.0556305 -5.19942 -0.973121 0.0556305 -0.223474 80.6789
-0.233898 0.0779518 0.969131 121.241 0.0779518 0.995075 -0.0612251 -5.2815 -0.969131 0.0612251 -0.238823 80.3856
-0.247799 0.0903956 0.964585 122.435 0.0903956 0.993451 -0.0698785 -5.36462 -0.964585 0.0698785 -0.254347 80.095
-0.261946 0.0994721 0.959942 123.646 0.0994721 0.992159 -0.0756668 -5.45766 -0.959942 0.0756668 -0.269787 79.7786
-0.276701 0.102274 0.955498 124.866 0.102274 0.991807 -0.0765435 -5.5695 -0.955498 0.0765435 -0.284894 79.4322
-0.290796 0.104071 0.951108 126.087 0.104071 0.991609 -0.0766835 -5.66753 -0.951108 0.0766835 -0.299186 79.0577
-0.305205 0.104121 0.946578 127.287 0.104121 0.991694 -0.0755118 -5.77224 -0.946578 0.0755118 -0.313511 78.6732
-0.319044 0.103828 0.942035 128.467 0.103828 0.991827 -0.0741519 -5.87723 -0.942035 0.0741519 -0.327217 78.2593
-0.332324 0.107516 0.937017 129.634 0.107516 0.991324 -0.0756153 -5.9779 -0.937017 0.0756153 -0.341 77.8347
-0.346265 0.11134 0.931506 130.805 0.11134 0.990792 -0.0770386 -6.08473 -0.931506 0.0770386 -0.355473 77.405
-0.360256 0.114801 0.925763 131.966 0.114801 0.990311 -0.0781314 -6.19094 -0.925763 0.0781314 -0.369944 76.9422
-0.37524 0.115856 0.919659 133.13 0.115856 0.99024 -0.0774757 -6.29563 -0.919659 0.0774757 -0.385001 76.4565
-0.39024 0.116401 0.913325 134.283 0.116401 0.990254 -0.07647 -6.39756 -0.913325 0.07647 -0.399986 75.9635
-0.405182 0.113711 0.907137 135.435 0.113711 0.990798 -0.0734079 -6.49818 -0.907137 0.0734079 -0.414383 75.4293
-0.419746 0.112145 0.900687 136.53 0.112145 0.991142 -0.0711449 -6.59249 -0.900687 0.0711449 -0.428604 74.8974
-0.435524 0.113316 0.893017 137.609 0.113316 0.991055 -0.0704919 -6.67403 -0.893017 0.0704919 -0.444468 74.3828
-0.44967 0.122541 0.884749 138.61 0.122541 0.989642 -0.0747878 -6.75525 -0.884749 0.0747878 -0.460028 73.878
-0.463603 0.132872 0.876023 139.623 0.132872 0.987937 -0.079529 -6.84368 -0.876023 0.079529 -0.475666 73.344
-0.479032 0.138981 0.866725 140.643 0.138981 0.98694 -0.081444 -6.94271 -0.866725 0.081444 -0.492092 72.7802
-0.49339 0.146407 0.857398 141.66 0.146407 0.985647 -0.0840563 -7.0405 -0.857398 0.0840563 -0.507743 72.1787
-0.508345 0.151205 0.847775 142.686 0.151205 0.984842 -0.084986 -7.14571 -0.847775 0.084986 -0.523502 71.5619
-0.523764 0.159229 0.836849 143.698 0.159229 0.983361 -0.0874485 -7.25357 -0.836849 0.0874485 -0.540403 70.9519
-0.537846 0.163325 0.827071 144.665 0.163325 0.982654 -0.0878378 -7.36418 -0.827071 0.0878378 -0.555191 70.3029
-0.550902 0.172275 0.816596 145.603 0.172275 0.980864 -0.0907077 -7.46928 -0.816596 0.0907077 -0.570038 69.6505
-0.563764 0.184756 0.805006 146.574 0.184756 0.978171 -0.09511 -7.5875 -0.805006 0.09511 -0.585593 68.9729
-0.577193 0.190326 0.794119 147.504 0.190326 0.977033 -0.0958292 -7.70012 -0.794119 0.0958292 -0.60016 68.2815
-0.589883 0.199744 0.782394 148.456 0.199744 0.974905 -0.0982953 -7.82353 -0.782394 0.0982953 -0.614978 67.5521
-0.603889 0.205607 0.770093 149.431 0.205607 0.973643 -0.0987206 -7.95675 -0.770093 0.0987206 -0.630246 66.7705
-0.617754 0.213265 0.7569 150.371 0.213265 0.971886 -0.0997804 -8.07777 -0.7569 0.0997804 -0.645868 65.9922
-0.630192 0.225242 0.743051 151.266 0.225242 0.968878 -0.102667 -8.19845 -0.743051 0.102667 -0.661313 65.2151
-0.639286 0.249035 0.727526 152.113 0.249035 0.962167 -0.110523 -8.32148 -0.727526 0.110523 -0.677119 64.4523
-0.652263 0.260998 0.711641 152.919 0.260998 0.958772 -0.112414 -8.44386 -0.711641 0.112414 -0.693491 63.681
-0.665184 0.275252 0.694094 153.727 0.275252 0.954501 -0.114732 -8.57941 -0.694094 0.114732 -0.710682 62.8728
-0.676388 0.29238 0.676027 154.525 0.29238 0.949006 -0.117906 -8.70745 -0.676027 0.117906 -0.727382 62.0009
-0.687537 0.309572 0.656854 155.351 0.309572 0.94321 -0.120497 -8.8614 -0.656854 0.120497 -0.744327 61.1005
-0.702503 0.315586 0.637883 156.154 0.315586 0.941501 -0.118242 -9.01553 -0.637883 0.118242 -0.761002 60.1668
-0.711694 0.332379 0.618883 156.673 0.332379 0.935458 -0.120176 -9.11914 -0.618883 0.120176 -0.776236 59.5339
-0.722238 0.34379 0.600151 157.324 0.34379 0.931373 -0.119801 -9.25275 -0.600151 0.119801 -0.790865 58.6754
-0.733984 0.352534 0.580506 158.033 0.352534 0.928327 -0.118022 -9.40028 -0.580506 0.118022 -0.805658 57.7003
-0.74668 0.358021 0.560616 158.648 0.358021 0.926616 -0.114911 -9.52818 -0.560616 0.114911 -0.820064 56.8107
-0.754078 0.372361 0.541031 159.266 0.372361 0.920954 -0.114852 -9.66138 -0.541031 0.114852 -0.833124 55.8759
-0.756492 0.393065 0.522705 159.826 0.393065 0.912041 -0.11697 -9.78429 -0.522705 0.11697 -0.844451 54.9686
-0.762609 0.405335 0.504114 160.404 0.405335 0.906788 -0.115928 -9.92578 -0.504114 0.115928 -0.855821 54.0412
-0.773208 0.405341 0.487697 160.959 0.405341 0.907342 -0.111484 -10.043 -0.487697 0.111484 -0.865865 53.0597
-0.776055 0.41986 0.470591 161.485 0.41986 0.900745 -0.111248 -10.1564 -0.470591 0.111248 -0.87531 52.1138
-0.774355 0.439888 0.454833 161.991 0.439888 0.890945 -0.11276 -10.2825 -0.454833 0.11276 -0.883409 51.1523
-0.77188 0.459087 0.439818 162.48 0.459087 0.881052 -0.113955 -10.4164 -0.439818 0.113955 -0.890828 50.1896
-0.767736 0.479006 0.4256 162.945 0.479006 0.870203 -0.115325 -10.5346 -0.4256 0.115325 -0.897532 49.2243
-0.762251 0.498893 0.412406 163.385 0.498893 0.858763 -0.116752 -10.6583 -0.412406 0.116752 -0.903488 48.2487
-0.745437 0.533582 0.399516 163.781 0.533582 0.836883 -0.122132 -10.7766 -0.399516 0.122132 -0.908554 47.307
-0.73014 0.562877 0.387382 164.215 0.562877 0.816876 -0.126029 -10.918 -0.387382 0.126029 -0.913264 46.3084
-0.715703 0.588297 0.376399 164.658 0.588297 0.798279 -0.129063 -11.0693 -0.376399 0.129063 -0.917424 45.2438
-0.719316 0.589083 0.368194 165.101 0.589083 0.798165 -0.126153 -11.2301 -0.368194 0.126153 -0.921151 44.1741
-0.723977 0.587054 0.36225 165.535 0.587054 0.800094 -0.123355 -11.3802 -0.36225 0.123355 -0.923882 43.059
-0.731927 0.580136 0.357387 165.962 0.580136 0.805674 -0.119712 -11.5364 -0.357387 0.119712 -0.926253 41.9344
-0.723646 0.592971 0.35316 166.377 0.592971 0.796005 -0.121495 -11.6791 -0.35316 0.121495 -0.927641 40.8328
-0.69456 0.630982 0.345612 166.814 0.630982 0.765049 -0.128691 -11.8549 -0.345612 0.128691 -0.929511 39.7316
-0.673694 0.65667 0.339 167.247 0.65667 0.742357 -0.133006 -12.0369 -0.339 0.133006 -0.931337 38.5987
-0.666936 0.665863 0.334399 167.673 0.665863 0.734019 -0.133577 -12.2104 -0.334399 0.133577 -0.932917 37.4232
-0.668232 0.666522 0.330476 168.108 0.666522 0.733699 -0.132038 -12.3981 -0.330476 0.132038 -0.934533 36.2125
-0.674674 0.660736 0.329004 168.52 0.660736 0.73931 -0.129807 -12.5654 -0.329004 0.129807 -0.935364 35.0205
-0.687244 0.647048 0.330188 168.924 0.647048 0.751861 -0.126625 -12.7162 -0.330188 0.126625 -0.935383 33.8309
-0.697297 0.634689 0.333088 169.324 0.634689 0.762664 -0.124555 -12.8856 -0.333088 0.124555 -0.934633 32.6125
-0.701124 0.629732 0.334459 169.746 0.629732 0.766883 -0.123812 -13.0526 -0.334459 0.123812 -0.934242 31.4021
-0.705183 0.625067 0.334675 170.182 0.625067 0.77087 -0.122681 -13.2335 -0.334675 0.122681 -0.934314 30.1967
-0.706303 0.622752 0.336623 170.606 0.622752 0.772713 -0.122858 -13.4066 -0.336623 0.122858 -0.933591 29.0019
-0.706615 0.621215 0.338801 171.016 0.621215 0.773875 -0.123325 -13.5656 -0.338801 0.123325 -0.93274 27.867
-0.705877 0.620778 0.341133 171.445 0.620778 0.774095 -0.12414 -13.7498 -0.341133 0.12414 -0.931782 26.7285
-0.707229 0.615069 0.348594 171.859 0.615069 0.778407 -0.125589 -13.8905 -0.348594 0.125589 -0.928822 25.5278
-0.705714 0.612229 0.356571 172.283 0.612229 0.780254 -0.127983 -14.04 -0.356571 0.127983 -0.925461 24.3233
-0.703604 0.609666 0.365033 172.742 0.609666 0.78182 -0.130634 -14.2071 -0.365033 0.130634 -0.921784 23.1025
-0.709654 0.598232 0.37217 173.219 0.598232 0.79067 -0.130227 -14.4017 -0.37217 0.130227 -0.918983 21.9046
-0.712255 0.591168 0.378434 173.704 0.591168 0.795895 -0.130657 -14.599 -0.378434 0.130657 -0.91636 20.7696
-0.723768 0.57062 0.38801 174.189 0.57062 0.811107 -0.128443 -14.7922 -0.38801 0.128443 -0.912661 19.5949
-0.727746 0.55885 0.397584 174.71 0.55885 0.819236 -0.128601 -14.9752 -0.397584 0.128601 -0.908509 18.4328
-0.736834 0.537687 0.409839 175.197 0.537687 0.833544 -0.126877 -15.153 -0.409839 0.126877 -0.903291 17.3118
-0.746068 0.513809 0.423537 175.715 0.513809 0.848803 -0.124633 -15.3236 -0.423537 0.124633 -0.897264 16.1867
-0.752299 0.492167 0.43797 176.239 0.492167 0.861765 -0.123012 -15.4862 -0.43797 0.123012 -0.890533 15.0712
-0.749989 0.483088 0.451821 176.781 0.483088 0.866642 -0.124726 -15.6392 -0.451821 0.124726 -0.883347 13.9827
-0.752319 0.468328 0.46334 177.34 0.468328 0.874834 -0.123833 -15.8177 -0.46334 0.123833 -0.877486 12.9518
-0.753039 0.453766 0.476475 177.901 0.453766 0.882545 -0.123333 -15.9802 -0.476475 0.123333 -0.870495 11.9168
-0.752048 0.439469 0.491214 178.476 0.439469 0.889767 -0.123212 -16.148 -0.491214 0.123212 -0.862281 10.8581
-0.74968 0.426469 0.506067 179.091 0.426469 0.896052 -0.123349 -16.3146 -0.506067 0.123349 -0.853628 9.79195
-0.748565 0.411895 0.519608 179.756 0.411895 0.902973 -0.1224 -16.4856 -0.519608 0.1224 -0.845592 8.73428
-0.745877 0.397196 0.534699 180.393 0.397196 0.909636 -0.121647 -16.6582 -0.534699 0.121647 -0.836241 7.71918
-0.747364 0.362868 0.556573 180.98 0.362868 0.924645 -0.115581 -16.7694 -0.556573 0.115581 -0.822719 6.71492
-0.736886 0.328583 0.59079 181.698 0.328583 0.937839 -0.111765 -16.9287 -0.59079 0.111765 -0.799047 5.70423
-0.736886 0.328583 0.59079 182.416 0.328583 0.937839 -0.111765 -17.0879 -0.59079 0.111765 -0.799047 4.69355
-0.727438 0.321519 0.606185 183.129 0.321519 0.940157 -0.112826 -17.2657 -0.606185 0.112826 -0.787281 3.73658
-0.718944 0.307544 0.623327 183.876 0.307544 0.944976 -0.111522 -17.4199 -0.623327 0.111522 -0.773968 2.78485
-0.707369 0.297676 0.641107 184.615 0.297676 0.948101 -0.111776 -17.5682 -0.641107 0.111776 -0.759268 1.87078
-0.695496 0.280421 0.661551 185.366 0.280421 0.953621 -0.109415 -17.7037 -0.661551 0.109415 -0.741875 0.964655
-0.684718 0.255939 0.68239 186.175 0.255939 0.961118 -0.103667 -17.8401 -0.68239 0.103667 -0.7236 0.0882766
-0.671673 0.239075 0.701212 186.974 0.239075 0.965809 -0.100284 -17.9756 -0.701212 0.100284 -0.705865 -0.735101
-0.655569 0.231766 0.718689 187.769 0.231766 0.967555 -0.100611 -18.1146 -0.718689 0.100611 -0.688014 -1.49403
-0.637804 0.224501 0.736753 188.577 0.224501 0.969227 -0.10099 -18.252 -0.736753 0.10099 -0.668577 -2.23433
-0.618545 0.216836 0.755238 189.405 0.216836 0.970951 -0.101179 -18.3875 -0.755238 0.101179 -0.647595 -2.96177
-0.600439 0.211145 0.771292 190.278 0.211145 0.972144 -0.101756 -18.5155 -0.771292 0.101756 -0.628295 -3.64062
-0.580029 0.204396 0.788536 191.152 0.204396 0.973559 -0.102007 -18.6488 -0.788536 0.102007 -0.60647 -4.32723
-0.559673 0.197463 0.804844 192.052 0.197463 0.975 -0.101898 -18.78 -0.804844 0.101898 -0.584673 -4.98429
-0.538059 0.190661 0.821061 192.97 0.190661 0.976365 -0.10178 -18.913 -0.821061 0.10178 -0.561694 -5.61939
-0.516501 0.184878 0.83609 193.935 0.184878 0.977461 -0.101929 -19.0451 -0.83609 0.101929 -0.53904 -6.21878
-0.492034 0.168765 0.854061 194.897 0.168765 0.980911 -0.0966032 -19.1811 -0.854061 0.0966032 -0.511123 -6.83982
-0.469958 0.159038 0.868243 195.918 0.159038 0.982793 -0.0939372 -19.3191 -0.868243 0.0939372 -0.487165 -7.34224
-0.414351 0.137848 0.899617 196.903 0.137848 0.986565 -0.0876802 -19.4291 -0.899617 0.0876802 -0.427786 -7.89208
-0.414351 0.137848 0.899617 197.888 0.137848 0.986565 -0.0876802 -19.5391 -0.899617 0.0876802 -0.427786 -8.44193
-0.382459 0.130571 0.9147 201.683 0.130571 0.987668 -0.0863921 -19.9451 -0.9147 0.0863921 -0.394791 -10.3841
-0.351869 0.120044 0.92832 205.981 0.120044 0.98934 -0.0824335 -20.3522 -0.92832 0.0824335 -0.362529 -12.0594
-0.322365 0.114427 0.939674 208.691 0.114427 0.990098 -0.0813118 -20.6248 -0.939674 0.0813118 -0.332266 -12.9759
-0.291379 0.102242 0.951128 211.738 0.102242 0.991905 -0.0753036 -20.9258 -0.951128 0.0753036 -0.299474 -13.9853
-0.259709 0.0980369 0.960698 213.869 0.0980369 0.99237 -0.0747663 -21.1224 -0.960698 0.0747663 -0.267339 -14.5614
-0.227289 0.0892796 0.969726 215.457 0.0892796 0.993505 -0.0705431 -21.2528 -0.969726 0.0705431 -0.233783 -14.9584
-0.192851 0.0858168 0.977468 216.822 0.0858168 0.993826 -0.0703216 -21.3811 -0.977468 0.0703216 -0.199025 -15.2413
-0.159204 0.0806397 0.983947 218.059 0.0806397 0.99439 -0.0684479 -21.4867 -0.983947 0.0684479 -0.164814 -15.4428
-0.122313 0.073315 0.98978 219.224 0.073315 0.995211 -0.0646573 -21.5868 -0.98978 0.0646573 -0.127102 -15.6412
-0.0880639 0.0689996 0.993722 220.359 0.0689996 0.995624 -0.0630169 -21.6778 -0.993722 0.0630169 -0.0924395 -15.7464
-0.0554584 0.0654038 0.996317 221.497 0.0654038 0.995947 -0.061739 -21.7738 -0.996317 0.061739 -0.0595113 -15.7679
0.0160567 0.06006 0.998066 222.639 0.06006 0.996334 -0.0609221 -21.8507 -0.998066 0.0609221 0.0123906 -15.7992
0.0160567 0.06006 0.998066 223.78 0.06006 0.996334 -0.0609221 -21.9276 -0.998066 0.0609221 0.0123906 -15.8304
0.0483792 0.0586587 0.997105 224.927 0.0586587 0.996384 -0.0614624 -22.0253 -0.997105 0.0614624 0.0447635 -15.7648
0.0789086 0.05512 0.995357 226.069 0.05512 0.996702 -0.0595642 -22.1215 -0.995357 0.0595642 0.0756101 -15.6225
0.110722 0.0514561 0.992518 227.206 0.0514561 0.997023 -0.0574299 -22.204 -0.992518 0.0574299 0.107745 -15.4999
0.143377 0.048932 0.988458 228.382 0.048932 0.997205 -0.0564626 -22.2817 -0.988458 0.0564626 0.140582 -15.361
0.172447 0.0447317 0.984003 229.568 0.0447317 0.997582 -0.0531883 -22.3692 -0.984003 0.0531883 0.170029 -15.1346
0.200024 0.0411402 0.978927 230.742 0.0411402 0.997884 -0.0503431 -22.4478 -0.978927 0.0503431 0.197908 -14.8701
0.229328 0.0359003 0.972687 231.912 0.0359003 0.998328 -0.0453107 -22.5203 -0.972687 0.0453107 0.227655 -14.6017
0.258161 0.0330319 0.965537 233.068 0.0330319 0.998529 -0.0429925 -22.5819 -0.965537 0.0429925 0.25669 -14.2937
0.2863 0.0284868 0.957716 234.233 0.0284868 0.998863 -0.0382265 -22.6439 -0.957716 0.0382265 0.285163 -13.9325
0.316218 0.0238288 0.948387 235.387 0.0238288 0.99917 -0.03305 -22.6972 -0.948387 0.03305 0.315388 -13.5574
0.345292 0.0181894 0.938319 236.524 0.0181894 0.999495 -0.0260687 -22.7475 -0.938319 0.0260687 0.344787 -13.153
0.372605 0.0165603 0.927842 237.615 0.0165603 0.999563 -0.0244907 -22.7875 -0.927842 0.0244907 0.372168 -12.6963
0.399574 0.0159491 0.916562 238.682 0.0159491 0.999576 -0.0243466 -22.8252 -0.916562 0.0243466 0.39915 -12.2212
0.427599 0.013267 0.903871 239.734 0.013267 0.999692 -0.0209498 -22.8591 -0.903871 0.0209498 0.427291 -11.7386
0.456021 0.0122106 0.889885 240.761 0.0122106 0.999726 -0.0199751 -22.9005 -0.889885 0.0199751 0.455747 -11.2465
0.483479 0.0102763 0.875296 241.773 0.0102763 0.999796 -0.0174143 -22.9272 -0.875296 0.0174143 0.483275 -10.7007
0.51083 0.00810016 0.859644 242.763 0.00810016 0.999866 -0.0142348 -22.9579 -0.859644 0.0142348 0.510696 -10.1481
0.536996 0.0055125 0.843567 243.883 0.0055125 0.999934 -0.0100435 -22.9899 -0.843567 0.0100435 0.53693 -9.44187
0.560342 0.00464555 0.828249 244.89 0.00464555 0.999951 -0.00875149 -23.0085 -0.828249 0.00875149 0.560293 -8.71675
0.583654 0.0048685 0.811988 245.876 0.0048685 0.999943 -0.00949489 -23.0278 -0.811988 0.00949489 0.583597 -8.04579
0.605255 0.00406298 0.796021 246.824 0.00406298 0.999958 -0.00819318 -23.0511 -0.796021 0.00819318 0.605213 -7.36656
0.624126 0.00344254 0.781316 247.731 0.00344254 0.999968 -0.00715588 -23.0664 -0.781316 0.00715588 0.624094 -6.64518
0.643023 0.00133783 0.765846 248.632 0.00133783 0.999995 -0.00287013 -23.0816 -0.765846 0.00287013 0.643018 -5.91252
0.659774 -8.26443e-005 0.751464 249.514 -8.26443e-005 1 0.000182538 -23.0871 -0.751464 -0.000182538 0.659774 -5.1507
0.675624 -0.00157383 0.737245 250.386 -0.00157383 0.999992 0.00357701 -23.0942 -0.737245 -0.00357701 0.675616 -4.35337
0.690914 -0.00331102 0.722929 251.256 -0.00331102 0.999965 0.00774422 -23.1 -0.722929 -0.00774422 0.690878 -3.51377
0.705343 -0.00338931 0.708858 252.095 -0.00338931 0.999961 0.00815368 -23.0952 -0.708858 -0.00815368 0.705304 -2.67507
0.71992 -0.0039668 0.694045 252.911 -0.0039668 0.999944 0.00982985 -23.0896 -0.694045 -0.00982985 0.719864 -1.8284
0.733464 -0.00401573 0.679717 253.7 -0.00401573 0.999939 0.0102409 -23.0834 -0.679717 -0.0102409 0.733403 -0.968284
0.747947 -0.00549384 0.663736 254.5 -0.00549384 0.99988 0.014467 -23.0811 -0.663736 -0.014467 0.747827 -0.0918216
0.761404 -0.00605847 0.64825 255.279 -0.00605847 0.999846 0.0164604 -23.0563 -0.64825 -0.0164604 0.76125 0.831094
0.773943 -0.0054178 0.633232 256.035 -0.0054178 0.99987 0.0151764 -23.0447 -0.633232 -0.0151764 0.773813 1.75176
0.785467 -0.00491077 0.618884 256.768 -0.00491077 0.999888 0.0141666 -23.0376 -0.618884 -0.0141666 0.785355 2.66693
0.795888 -0.00468103 0.605426 257.466 -0.00468103 0.999893 0.0138846 -23.0355 -0.605426 -0.0138846 0.795781 3.60079
0.806586 -0.00551976 0.591091 258.167 -0.00551976 0.999842 0.0168689 -23.0236 -0.591091 -0.0168689 0.806428 4.53467
0.816678 -0.0063394 0.577059 258.857 -0.0063394 0.999781 0.0199551 -23.0104 -0.577059 -0.0199551 0.816459 5.52764
0.82664 -0.00599906 0.562699 259.561 -0.00599906 0.999792 0.019472 -22.9934 -0.562699 -0.019472 0.826433 6.50767
0.835217 -0.00599022 0.549888 260.23 -0.00599022 0.999782 0.0199896 -22.9819 -0.549888 -0.0199896 0.834999 7.50862
0.843255 -0.00627868 0.537477 260.876 -0.00627868 0.999748 0.0215295 -22.9595 -0.537477 -0.0215295 0.843004 8.50962
0.850561 -0.00698245 0.525831 261.499 -0.00698245 0.999674 0.0245691 -22.9381 -0.525831 -0.0245691 0.850234 9.53886
0.857111 -0.0069018 0.515086 262.085 -0.0069018 0.999667 0.0248795 -22.9205 -0.515086 -0.0248795 0.856777 10.5077
0.86242 -0.00700716 0.506144 262.665 -0.00700716 0.999643 0.0257788 -22.912 -0.506144 -0.0257788 0.862064 11.4548
0.866201 -0.00730491 0.499642 263.236 -0.00730491 0.999601 0.0272785 -22.8873 -0.499642 -0.0272785 0.865802 12.4499
0.867572 -0.00760094 0.497253 263.776 -0.00760094 0.999564 0.0285408 -22.8588 -0.497253 -0.0285408 0.867136 13.5111
0.868282 -0.00726418 0.496018 264.355 -0.00726418 0.999599 0.0273551 -22.8361 -0.496018 -0.0273551 0.867881 14.6398
0.871622 -0.00757745 0.490121 265.009 -0.00757745 0.999553 0.0289291 -22.8001 -0.490121 -0.0289291 0.871174 15.7504
0.874387 -0.00841492 0.485156 265.651 -0.00841492 0.999436 0.0325011 -22.7698 -0.485156 -0.0325011 0.873823 16.8913
0.876161 -0.00862838 0.481941 266.281 -0.00862838 0.999399 0.0335789 -22.7393 -0.481941 -0.0335789 0.87556 18.0515
0.877369 -0.00876367 0.479736 266.884 -0.00876367 0.999374 0.0342837 -22.7088 -0.479736 -0.0342837 0.876743 19.2395
0.880499 -0.00859464 0.473971 267.548 -0.00859464 0.999382 0.0340884 -22.6943 -0.473971 -0.0340884 0.87988 20.3241
0.884693 -0.00866764 0.466093 268.258 -0.00866764 0.999348 0.0350363 -22.6607 -0.466093 -0.0350363 0.884042 21.6656
0.884693 -0.00866764 0.466093 268.968 -0.00866764 0.999348 0.0350363 -22.6272 -0.466093 -0.0350363 0.884042 23.007
0.885219 -0.00768857 0.465111 269.61 -0.00768857 0.999485 0.0311553 -22.6014 -0.465111 -0.0311553 0.884704 24.2419
0.885185 -0.00731428 0.465182 270.212 -0.00731428 0.999534 0.0296343 -22.5743 -0.465182 -0.0296343 0.884719 25.4365
0.886162 -0.00702587 0.463322 270.833 -0.00702587 0.999566 0.0285954 -22.5382 -0.463322 -0.0285954 0.885728 26.6339
0.88787 -0.00726161 0.460036 271.489 -0.00726161 0.99953 0.0297924 -22.5067 -0.460036 -0.0297924 0.8874 27.8266
0.887056 -0.00640291 0.461617 272.04 -0.00640291 0.999637 0.0261696 -22.4847 -0.461617 -0.0261696 0.886693 28.9723
0.886756 -0.00601151 0.462199 272.605 -0.00601151 0.999681 0.0245356 -22.4628 -0.462199 -0.0245356 0.886437 30.1468
0.887523 -0.00567774 0.460729 273.183 -0.00567774 0.999713 0.0232572 -22.4394 -0.460729 -0.0232572 0.887236 31.2501
0.886709 -0.00537308 0.462297 273.724 -0.00537308 0.999745 0.0219254 -22.4255 -0.462297 -0.0219254 0.886454 32.2925
0.885326 -0.00507827 0.464943 274.225 -0.00507827 0.999775 0.0205897 -22.4324 -0.464943 -0.0205897 0.885101 33.3536
