0.999968 -2.43806e-005 -0.00799405 -0.0282208 -2.43806e-005 0.999981 -0.00609953 -0.00285639 0.00799405 0.00609953 0.999949 0.0168649
0.999893 -4.40397e-005 -0.0146601 -0.0305365 -4.40397e-005 0.999982 -0.00600771 -0.00349533 0.0146601 0.00600771 0.999874 0.0497774
0.999515 -0.000126854 -0.0311567 -0.04053 -0.000126854 0.999967 -0.00814084 -0.00473326 0.0311567 0.00814084 0.999481 0.116902
0.999515 -0.000126854 -0.0311567 -0.0505235 -0.000126854 0.999967 -0.00814084 -0.0059712 0.0311567 0.00814084 0.999481 0.184026
0.999097 -0.000207127 -0.0424899 -0.0641271 -0.000207127 0.999952 -0.00974483 -0.00673331 0.0424899 0.00974483 0.999049 0.281404
0.998418 -0.000301382 -0.0562344 -0.0753076 -0.000301382 0.999943 -0.01071 -0.00729034 0.0562344 0.01071 0.99836 0.359319
0.99736 -0.000392529 -0.0726104 -0.0904302 -0.000392529 0.999942 -0.0107973 -0.00786707 0.0726104 0.0107973 0.997302 0.448223
0.995839 -0.000506051 -0.0911313 -0.110578 -0.000506051 0.999938 -0.0110825 -0.00806861 0.0911313 0.0110825 0.995777 0.553474
0.993832 -0.000627784 -0.110891 -0.14306 -0.000627784 0.999936 -0.0112872 -0.0129828 0.110891 0.0112872 0.993768 0.689597
0.991091 -0.00078442 -0.133187 -0.173644 -0.00078442 0.999931 -0.0117263 -0.0141957 0.133187 0.0117263 0.991022 0.825293
0.987572 -0.000987573 -0.157164 -0.226172 -0.000987573 0.999922 -0.0124888 -0.0208237 0.157164 0.0124888 0.987493 0.980763
0.983225 -0.00121934 -0.18239 -0.285768 -0.00121934 0.999911 -0.0132579 -0.0293975 0.18239 0.0132579 0.983137 1.13648
0.977755 -0.00146707 -0.209744 -0.32127 -0.00146707 0.999903 -0.0138329 -0.0343323 0.209744 0.0138329 0.977659 1.24051
0.971007 -0.00170561 -0.239044 -0.358396 -0.00170561 0.9999 -0.0140627 -0.038296 0.239044 0.0140627 0.970907 1.33456
0.962919 -0.00182845 -0.269786 -0.409479 -0.00182845 0.99991 -0.0133029 -0.0431802 0.269786 0.0133029 0.962829 1.45015
0.953524 -0.00191456 -0.301312 -0.479358 -0.00191456 0.999921 -0.0124123 -0.0452042 0.301312 0.0124123 0.953445 1.58443
0.942153 -0.00193976 -0.335179 -0.563497 -0.00193976 0.999935 -0.0112393 -0.0491191 0.335179 0.0112393 0.942088 1.74556
0.929756 -0.0020327 -0.36817 -0.661803 -0.0020327 0.999941 -0.010654 -0.0526769 0.36817 0.010654 0.929697 1.90723
0.915881 -0.00200115 -0.401446 -0.765132 -0.00200115 0.999952 -0.00955014 -0.0566655 0.401446 0.00955014 0.915833 2.06621
0.899725 -0.00229103 -0.436452 -0.876963 -0.00229103 0.999948 -0.00997179 -0.0533634 0.436452 0.00997179 0.899672 2.23574
0.881317 -0.00320277 -0.472515 -1.00131 -0.00320277 0.999914 -0.0127513 -0.0581356 0.472515 0.0127513 0.88123 2.41009
0.859801 -0.00454018 -0.51061 -1.13239 -0.00454018 0.999853 -0.0165354 -0.0605111 0.51061 0.0165354 0.859654 2.58992
0.834552 -0.00424952 -0.550912 -1.2836 -0.00424952 0.999891 -0.0141502 -0.0704956 0.550912 0.0141502 0.834443 2.76182
0.805305 -0.00279764 -0.592854 -1.45226 -0.00279764 0.99996 -0.00851893 -0.0785911 0.592854 0.00851893 0.805265 2.9161
0.772958 -0.00212157 -0.634454 -1.64194 -0.00212157 0.99998 -0.00592859 -0.0867544 0.634454 0.00592859 0.772938 3.07349
0.736643 -0.00265318 -0.676277 -1.84429 -0.00265318 0.999973 -0.00681312 -0.0933445 0.676277 0.00681312 0.736616 3.23761
0.696233 -0.00462467 -0.717801 -2.05345 -0.00462467 0.99993 -0.0109281 -0.100513 0.717801 0.0109281 0.696163 3.40637
0.65246 -0.00704647 -0.75779 -2.27856 -0.00704647 0.999857 -0.0153644 -0.106208 0.75779 0.0153644 0.652317 3.57013
0.606728 -0.00824634 -0.794867 -2.52929 -0.00824634 0.999827 -0.0166672 -0.113668 0.794867 0.0166672 0.606555 3.72739
0.56001 -0.00818508 -0.828445 -2.80394 -0.00818508 0.999848 -0.0154115 -0.119269 0.828445 0.0154115 0.559858 3.84027
0.510007 -0.00823434 -0.860131 -3.09499 -0.00823434 0.999862 -0.0144545 -0.12159 0.860131 0.0144545 0.509869 3.94208
0.455726 -0.0101286 -0.890062 -3.38961 -0.0101286 0.999812 -0.0165634 -0.125227 0.890062 0.0165634 0.455538 4.06713
0.345156 -0.0111605 -0.938479 -3.72269 -0.0111605 0.99981 -0.0159944 -0.13114 0.938479 0.0159944 0.344966 4.15761
0.345156 -0.0111605 -0.938479 -4.05577 -0.0111605 0.99981 -0.0159944 -0.137054 0.938479 0.0159944 0.344966 4.2481
0.290931 -0.0105041 -0.956686 -4.40424 -0.0105041 0.999844 -0.0141723 -0.146064 0.956686 0.0141723 0.290775 4.29938
0.236301 -0.0140637 -0.971578 -4.7731 -0.0140637 0.999741 -0.0178918 -0.161816 0.971578 0.0178918 0.236042 4.36927
0.138759 -0.0121717 -0.990251 -5.18009 -0.0121717 0.999828 -0.013995 -0.175315 0.990251 0.013995 0.138587 4.3925
0.138759 -0.0121717 -0.990251 -5.58708 -0.0121717 0.999828 -0.013995 -0.188815 0.990251 0.013995 0.138587 4.41573
0.0965483 -0.00959871 -0.995282 -6.02472 -0.00959871 0.999898 -0.0105744 -0.195551 0.995282 0.0105744 0.0964463 4.41801
0.0585407 -0.00750341 -0.998257 -6.47973 -0.00750341 0.99994 -0.00795609 -0.200714 0.998257 0.00795609 0.0584809 4.41709
0.0241637 -0.00809878 -0.999675 -6.91744 -0.00809878 0.999933 -0.00829663 -0.211325 0.999675 0.00829663 0.0240965 4.40027
-0.00684629 -0.00733084 -0.99995 -7.35967 -0.00733084 0.999947 -0.00728063 -0.221092 0.99995 0.00728063 -0.00689966 4.36498
-0.0334147 -0.00602142 -0.999423 -7.83898 -0.00602142 0.999965 -0.00582336 -0.223561 0.999423 0.00582336 -0.0334498 4.33333
-0.0542124 -0.00543219 -0.998515 -8.30503 -0.00543219 0.999972 -0.00514519 -0.233305 0.998515 0.00514519 -0.0542404 4.29077
-0.0702648 -0.00551974 -0.997513 -8.78991 -0.00551974 0.999972 -0.00514454 -0.229823 0.997513 0.00514454 -0.0702933 4.23703
-0.0831658 -0.00613657 -0.996517 -9.28785 -0.00613657 0.999965 -0.00564567 -0.233783 0.996517 0.00564567 -0.0832006 4.17981
-0.0925536 -0.00431721 -0.995698 -9.80572 -0.00431721 0.999983 -0.00393449 -0.24352 0.995698 0.00393449 -0.0925707 4.12023
-0.0996164 -0.00283335 -0.995022 -10.3395 -0.00283335 0.999993 -0.00256384 -0.256799 0.995022 0.00256384 -0.0996237 4.06135
-0.105279 -0.00417734 -0.994434 -10.8911 -0.00417734 0.999984 -0.00375841 -0.263741 0.994434 0.00375841 -0.105295 4.00947
-0.105788 -0.00658726 -0.994367 -11.4506 -0.00658726 0.999961 -0.00592352 -0.264488 0.994367 0.00592352 -0.105828 3.94122
-0.104642 -0.00971212 -0.994463 -12.0039 -0.00971212 0.999915 -0.00874341 -0.266298 0.994463 0.00874341 -0.104728 3.88528
-0.101809 -0.00707313 -0.994779 -12.5672 -0.00707313 0.999955 -0.00638605 -0.285767 0.994779 0.00638605 -0.101854 3.80665
-0.0984463 -0.00327621 -0.995137 -13.1629 -0.00327621 0.99999 -0.00296808 -0.296283 0.995137 0.00296808 -0.098456 3.72509
-0.0975947 -0.00198343 -0.995224 -13.7891 -0.00198343 0.999996 -0.00179844 -0.304868 0.995224 0.00179844 -0.0975983 3.66398
-0.0961257 -0.00230083 -0.995367 -14.4431 -0.00230083 0.999995 -0.00208933 -0.30998 0.995367 0.00208933 -0.0961305 3.58897
-0.0957714 -0.00519703 -0.99539 -15.1123 -0.00519703 0.999975 -0.00472093 -0.31187 0.99539 0.00472093 -0.0957961 3.5356
-0.0932401 -0.00343087 -0.995638 -15.8118 -0.00343087 0.999989 -0.00312457 -0.324445 0.995638 0.00312457 -0.0932509 3.45504
-0.092223 -0.00415986 -0.99573 -16.5235 -0.00415986 0.999984 -0.00379235 -0.341213 0.99573 0.00379235 -0.0922388 3.39727
-0.0905726 -0.00251367 -0.995887 -17.2649 -0.00251367 0.999994 -0.00229543 -0.351689 0.995887 0.00229543 -0.0905784 3.32463
-0.0886244 0.000868361 -0.996065 -18.0074 0.000868361 0.999999 0.00079453 -0.361403 0.996065 -0.00079453 -0.0886251 3.2487
-0.0863806 0.00320468 -0.996257 -18.7746 0.00320468 0.999991 0.00293883 -0.364372 0.996257 -0.00293883 -0.08639 3.16072
-0.0843583 0.00178097 -0.996434 -19.565 0.00178097 0.999997 0.00163657 -0.372426 0.996434 -0.00163657 -0.0843612 3.08839
-0.0819604 0.00364134 -0.996629 -20.3687 0.00364134 0.999988 0.00335416 -0.384668 0.996629 -0.00335416 -0.0819727 3.00035
-0.0773329 0.00738667 -0.996978 -21.1939 0.00738667 0.999949 0.00683572 -0.395258 0.996978 -0.00683572 -0.0773836 2.90283
-0.0760081 0.00889678 -0.997068 -22.0316 0.00889678 0.999926 0.00824408 -0.406306 0.997068 -0.00824408 -0.0760816 2.82797
-0.0750062 0.00785254 -0.997152 -22.8565 0.00785254 0.999943 0.00728384 -0.414094 0.997152 -0.00728384 -0.0750636 2.75518
-0.0766614 0.00470883 -0.997046 -23.6749 0.00470883 0.999979 0.00436063 -0.412006 0.997046 -0.00436063 -0.076682 2.71378
-0.0770775 0.00421003 -0.997016 -24.4755 0.00421003 0.999984 0.00389709 -0.411063 0.997016 -0.00389709 -0.0770939 2.65107
-0.076125 0.0054944 -0.997083 -25.2719 0.0054944 0.999972 0.00509083 -0.424152 0.997083 -0.00509083 -0.0761531 2.57207
-0.0754873 0.00851669 -0.99711 -26.0897 0.00851669 0.999933 0.00789603 -0.436827 0.99711 -0.00789603 -0.0755547 2.49213
-0.0759722 0.00999987 -0.99706 -26.9244 0.00999987 0.999907 0.00926647 -0.446723 0.99706 -0.00926647 -0.0760651 2.43454
-0.0769038 0.0114531 -0.996973 -27.7901 0.0114531 0.999878 0.010603 -0.454774 0.996973 -0.010603 -0.0770256 2.36376
-0.0767154 0.012631 -0.996973 -28.6966 0.012631 0.999852 0.0116955 -0.461005 0.996973 -0.0116955 -0.0768636 2.26717
-0.0761539 0.013656 -0.997003 -29.6082 0.013656 0.999827 0.0126516 -0.462116 0.997003 -0.0126516 -0.0763272 2.16035
-0.0739297 0.018623 -0.99709 -30.5147 0.018623 0.999677 0.0172905 -0.462859 0.99709 -0.0172905 -0.0742526 2.05677
-0.0732382 0.0198737 -0.997116 -31.4247 0.0198737 0.999632 0.0184641 -0.456895 0.997116 -0.0184641 -0.0736062 1.96691
-0.073629 0.0198842 -0.997087 -32.3664 0.0198842 0.999632 0.0184666 -0.460696 0.997087 -0.0184666 -0.0739973 1.89377
-0.0724541 0.0241322 -0.99708 -33.2844 0.0241322 0.999457 0.0224362 -0.466182 0.99708 -0.0224362 -0.0729971 1.8332
-0.0727013 0.0255004 -0.997028 -33.7476 0.0255004 0.999394 0.0237015 -0.462219 0.997028 -0.0237015 -0.0733075 1.80387
-0.0736632 0.0221644 -0.997037 -34.4736 0.0221644 0.999542 0.0205825 -0.449367 0.997037 -0.0205825 -0.0741208 1.74394
-0.0770231 0.0165676 -0.996892 -35.2463 0.0165676 0.999745 0.015335 -0.450403 0.996892 -0.015335 -0.0772779 1.73324
-0.0766243 0.0147431 -0.996951 -36.0824 0.0147431 0.999798 0.0136521 -0.446954 0.996951 -0.0136521 -0.0768262 1.68041
-0.0766243 0.0147431 -0.996951 -36.9185 0.0147431 0.999798 0.0136521 -0.443506 0.996951 -0.0136521 -0.0768262 1.62758
-0.0776172 0.0135788 -0.996891 -37.8209 0.0135788 0.999829 0.0125616 -0.446181 0.996891 -0.0125616 -0.0777883 1.56029
-0.0769508 0.01379 -0.99694 -38.762 0.01379 0.999823 0.0127654 -0.450812 0.99694 -0.0127654 -0.0771273 1.47079
-0.0742599 0.0145731 -0.997132 -39.7324 0.0145731 0.999802 0.0135268 -0.460177 0.997132 -0.0135268 -0.0744576 1.33688
-0.073612 0.0158829 -0.99716 -40.6819 0.0158829 0.999765 0.0147519 -0.46378 0.99716 -0.0147519 -0.073847 1.25789
-0.0708528 0.0209886 -0.997266 -41.6377 0.0209886 0.999589 0.0195463 -0.459115 0.997266 -0.0195463 -0.0712642 1.13236
-0.0719023 0.024622 -0.997108 -42.5563 0.024622 0.999434 0.022904 -0.460172 0.997108 -0.022904 -0.0724679 1.07343
-0.0766624 0.0189096 -0.996878 -43.5299 0.0189096 0.999668 0.0175083 -0.460017 0.996878 -0.0175083 -0.0769946 1.0211
-0.0766624 0.0189096 -0.996878 -44.5036 0.0189096 0.999668 0.0175083 -0.459861 0.996878 -0.0175083 -0.0769946 0.968766
-0.0771626 0.0170387 -0.996873 -45.4116 0.0170387 0.99973 0.0157686 -0.447256 0.996873 -0.0157686 -0.0774321 0.896281
-0.0791135 0.0169053 -0.996722 -46.2773 0.0169053 0.999735 0.0156146 -0.442257 0.996722 -0.0156146 -0.0793783 0.827835
-0.0816785 0.0127413 -0.996577 -47.1264 0.0127413 0.99985 0.0117389 -0.442484 0.996577 -0.0117389 -0.0818286 0.770523
-0.0844953 0.00817384 -0.99639 -47.9761 0.00817384 0.999938 0.00750979 -0.44549 0.99639 -0.00750979 -0.0845569 0.711045
-0.0868025 0.00696114 -0.996201 -48.827 0.00696114 0.999955 0.00638083 -0.452796 0.996201 -0.00638083 -0.0868471 0.648
-0.0890632 0.00726661 -0.995999 -49.6713 0.00726661 0.999952 0.00664566 -0.462635 0.995999 -0.00664566 -0.0891117 0.575285
-0.0891533 0.0144322 -0.995913 -50.5131 0.0144322 0.999809 0.0131967 -0.471954 0.995913 -0.0131967 -0.0893446 0.477262
-0.0903588 0.0188031 -0.995732 -51.3612 0.0188031 0.999676 0.0171712 -0.471857 0.995732 -0.0171712 -0.0906831 0.389419
-0.0909532 0.0200066 -0.995654 -52.1958 0.0200066 0.999633 0.0182589 -0.473827 0.995654 -0.0182589 -0.0913201 0.302184
-0.0927693 0.0184871 -0.995516 -53.0667 0.0184871 0.999687 0.0168418 -0.471459 0.995516 -0.0168418 -0.0930821 0.223887
-0.0945764 0.020624 -0.995304 -53.955 0.020624 0.999611 0.0187535 -0.477932 0.995304 -0.0187535 -0.094965 0.136587
-0.0946851 0.0213072 -0.995279 -54.8639 0.0213072 0.999585 0.0193723 -0.476752 0.995279 -0.0193723 -0.0950998 0.0327686
-0.0958797 0.0189996 -0.995212 -55.7721 0.0189996 0.999671 0.0172542 -0.476899 0.995212 -0.0172542 -0.0962091 -0.0543481
-0.0952662 0.0195269 -0.99526 -56.6493 0.0195269 0.999652 0.0177439 -0.47768 0.99526 -0.0177439 -0.0956144 -0.15058
-0.0921678 0.025588 -0.995415 -57.541 0.025588 0.999401 0.0233212 -0.492647 0.995415 -0.0233212 -0.0927673 -0.272611
-0.0916974 0.0271444 -0.995417 -58.4258 0.0271444 0.999325 0.0247504 -0.492878 0.995417 -0.0247504 -0.0923723 -0.371553
-0.0914674 0.0277483 -0.995421 -59.3071 0.0277483 0.999295 0.0253065 -0.488418 0.995421 -0.0253065 -0.0921728 -0.466994
-0.0921186 0.02671 -0.99539 -60.1928 0.02671 0.999347 0.0243443 -0.489605 0.99539 -0.0243443 -0.0927718 -0.547898
-0.092557 0.0255461 -0.99538 -61.047 0.0255461 0.999403 0.0232739 -0.48725 0.99538 -0.0232739 -0.0931544 -0.639387
-0.0916692 0.0256608 -0.995459 -61.8699 0.0256608 0.999397 0.0233993 -0.485025 0.995459 -0.0233993 -0.0922724 -0.723584
-0.0902786 0.0260859 -0.995575 -62.667 0.0260859 0.999376 0.02382 -0.483789 0.995575 -0.02382 -0.0909027 -0.804382
-0.0857314 0.0304279 -0.995854 -63.4442 0.0304279 0.999147 0.027909 -0.485791 0.995854 -0.027909 -0.0865841 -0.900041
-0.0819131 0.0311649 -0.996152 -64.1864 0.0311649 0.999102 0.0286945 -0.48359 0.996152 -0.0286945 -0.0828108 -0.964621
-0.0756099 0.0305953 -0.996668 -64.8995 0.0305953 0.99913 0.0283499 -0.477377 0.996668 -0.0283499 -0.0764802 -1.02417
-0.0691276 0.0277019 -0.997223 -65.5994 0.0277019 0.999282 0.0258388 -0.472076 0.997223 -0.0258388 -0.0698454 -1.06435
-0.0602875 0.0273632 -0.997806 -66.2769 0.0273632 0.999294 0.0257507 -0.47074 0.997806 -0.0257507 -0.0609937 -1.09809
-0.0486367 0.029603 -0.998378 -66.9312 0.029603 0.999164 0.0281842 -0.476567 0.998378 -0.0281842 -0.0494724 -1.12233
-0.0334792 0.0317317 -0.998936 -67.5974 0.0317317 0.999026 0.030671 -0.470476 0.998936 -0.030671 -0.0344534 -1.15368
-0.0150936 0.0325104 -0.999357 -68.204 0.0325104 0.998959 0.0320064 -0.467958 0.999357 -0.0320064 -0.0161348 -1.15492
0.00735728 0.0320539 -0.999459 -68.8261 0.0320539 0.998965 0.032274 -0.461396 0.999459 -0.032274 0.00632221 -1.14769
0.0327314 0.0304494 -0.999 -69.4492 0.0304494 0.999041 0.0314483 -0.456725 0.999 -0.0314483 0.0317729 -1.11381
0.0615892 0.0273683 -0.997726 -70.062 0.0273683 0.999202 0.0290982 -0.450515 0.997726 -0.0290982 0.060791 -1.05467
0.0945869 0.0232164 -0.995246 -70.6463 0.0232164 0.999405 0.0255199 -0.44077 0.995246 -0.0255199 0.0939916 -0.966398
0.131196 0.0189534 -0.991175 -71.1939 0.0189534 0.999587 0.021623 -0.436506 0.991175 -0.021623 0.130783 -0.855279
0.171448 0.0161571 -0.985061 -71.7066 0.0161571 0.999685 0.019209 -0.438132 0.985061 -0.019209 0.171133 -0.737738
0.214841 0.012855 -0.976564 -72.1803 0.012855 0.99979 0.0159888 -0.44295 0.976564 -0.0159888 0.214631 -0.580592
0.261911 0.00714946 -0.965066 -72.6333 0.00714946 0.999931 0.00934806 -0.443227 0.965066 -0.00934806 0.261842 -0.406498
0.309676 -0.000957079 -0.950842 -73.0558 -0.000957079 0.999999 -0.00131827 -0.453623 0.950842 0.00131827 0.309675 -0.197314
0.360532 -0.00621066 -0.932726 -73.4664 -0.00621066 0.99994 -0.00905885 -0.461355 0.932726 0.00905885 0.360471 0.0118984
0.412715 -0.0100225 -0.910805 -73.8679 -0.0100225 0.999829 -0.0155436 -0.465433 0.910805 0.0155436 0.412544 0.234753
0.461198 -0.0129289 -0.887203 -74.2128 -0.0129289 0.99969 -0.0212891 -0.472524 0.887203 0.0212891 0.460888 0.497419
0.55605 -0.0149746 -0.831014 -74.5785 -0.0149746 0.999495 -0.0280303 -0.49192 0.831014 0.0280303 0.555545 0.761026
0.55605 -0.0149746 -0.831014 -74.9443 -0.0149746 0.999495 -0.0280303 -0.511316 0.831014 0.0280303 0.555545 1.02463
0.599679 -0.0187563 -0.800021 -75.2627 -0.0187563 0.999121 -0.0374835 -0.531356 0.800021 0.0374835 0.5988 1.33373
0.641655 -0.0197299 -0.766739 -75.5628 -0.0197299 0.998914 -0.0422155 -0.565851 0.766739 0.0422155 0.640569 1.64439
0.682251 -0.0202318 -0.730838 -75.8624 -0.0202318 0.998712 -0.0465341 -0.590571 0.730838 0.0465341 0.680962 1.97313
0.721707 -0.0225132 -0.691833 -76.1669 -0.0225132 0.998179 -0.0559675 -0.611104 0.691833 0.0559675 0.719886 2.3578
0.760799 -0.0218926 -0.648618 -76.4681 -0.0218926 0.997996 -0.059364 -0.638472 0.648618 0.059364 0.758795 2.7543
0.797511 -0.0206557 -0.602951 -76.7204 -0.0206557 0.997893 -0.0615063 -0.668865 0.602951 0.0615063 0.795404 3.15307
0.831397 -0.019494 -0.555337 -76.951 -0.019494 0.997746 -0.0642086 -0.698132 0.555337 0.0642086 0.829143 3.56892
0.861873 -0.0177986 -0.506811 -77.167 -0.0177986 0.997707 -0.0653061 -0.733644 0.506811 0.0653061 0.85958 4.00233
0.88847 -0.0152436 -0.458682 -77.3841 -0.0152436 0.997917 -0.0626913 -0.768132 0.458682 0.0626913 0.886386 4.42968
0.909748 -0.0127261 -0.414965 -77.5772 -0.0127261 0.998206 -0.0585127 -0.803225 0.414965 0.0585127 0.907954 4.87859
0.927798 -0.0110286 -0.372921 -77.7933 -0.0110286 0.998315 -0.0569618 -0.832387 0.372921 0.0569618 0.926113 5.36514
0.941645 -0.00926859 -0.336479 -77.9761 -0.00926859 0.998528 -0.0534437 -0.861197 0.336479 0.0534437 0.940173 5.87348
0.951658 -0.00815568 -0.307052 -78.1155 -0.00815568 0.998624 -0.0518019 -0.895856 0.307052 0.0518019 0.950282 6.39258
0.95916 -0.00736328 -0.282769 -78.2514 -0.00736328 0.998672 -0.0509817 -0.924453 0.282769 0.0509817 0.957832 6.91887
0.965174 -0.0065004 -0.261527 -78.3885 -0.0065004 0.998787 -0.0488154 -0.951098 0.261527 0.0488154 0.963961 7.44623
0.969813 -0.00562427 -0.243784 -78.4655 -0.00562427 0.998952 -0.0454208 -0.971916 0.243784 0.0454208 0.968765 7.76526
0.973499 -0.00495564 -0.228639 -78.5893 -0.00495564 0.999073 -0.0427545 -0.998598 0.228639 0.0427545 0.972572 8.2529
0.976496 -0.00445824 -0.215488 -78.7138 -0.00445824 0.999154 -0.0408744 -1.02532 0.215488 0.0408744 0.975651 8.81254
0.979434 -0.00420789 -0.201723 -78.8685 -0.00420789 0.999139 -0.0412726 -1.05329 0.201723 0.0412726 0.978573 9.47433
0.982116 -0.00393583 -0.188236 -78.988 -0.00393583 0.999134 -0.041426 -1.08882 0.188236 0.041426 0.98125 10.1544
0.984819 -0.00357289 -0.173549 -79.1159 -0.00357289 0.999159 -0.0408444 -1.11871 0.173549 0.0408444 0.983978 10.8583
0.987174 -0.00320157 -0.159614 -79.2201 -0.00320157 0.999201 -0.039843 -1.16137 0.159614 0.039843 0.986375 11.5746
0.989114 -0.00314424 -0.147119 -79.326 -0.00314424 0.999092 -0.0424921 -1.20251 0.147119 0.0424921 0.988206 12.3077
0.990697 -0.00321479 -0.136051 -79.4323 -0.00321479 0.998889 -0.0470124 -1.25096 0.136051 0.0470124 0.989586 13.0688
0.991969 -0.00337683 -0.126434 -79.5261 -0.00337683 0.99858 -0.0531642 -1.292 0.126434 0.0531642 0.990549 13.8225
0.992952 -0.00315697 -0.118477 -79.6202 -0.00315697 0.998586 -0.0530671 -1.33719 0.118477 0.0530671 0.991538 14.5502
0.993693 -0.00263705 -0.1121 -79.7014 -0.00263705 0.998897 -0.0468738 -1.37914 0.1121 0.0468738 0.992591 15.2869
0.994291 -0.00205404 -0.106687 -79.8053 -0.00205404 0.999261 -0.0383817 -1.42247 0.106687 0.0383817 0.993552 16.0643
0.994689 -0.0017928 -0.102912 -79.893 -0.0017928 0.999395 -0.0347385 -1.4687 0.102912 0.0347385 0.994084 16.8677
0.994887 -0.00184282 -0.100979 -79.9255 -0.00184282 0.999336 -0.0363936 -1.51002 0.100979 0.0363936 0.994223 17.6559
0.995217 -0.00174795 -0.0976721 -79.9802 -0.00174795 0.999361 -0.0356951 -1.55398 0.0976721 0.0356951 0.994578 18.4595
0.995217 -0.00174795 -0.0976721 -80.035 -0.00174795 0.999361 -0.0356951 -1.59794 0.0976721 0.0356951 0.994578 19.2631
0.995676 -0.00158843 -0.0928851 -80.1552 -0.00158843 0.999417 -0.034118 -1.63011 0.0928851 0.034118 0.995092 20.0821
0.996108 -0.00160998 -0.0881225 -80.2259 -0.00160998 0.999334 -0.0364562 -1.67909 0.0881225 0.0364562 0.995442 20.961
0.996108 -0.00160998 -0.0881225 -80.2966 -0.00160998 0.999334 -0.0364562 -1.72806 0.0881225 0.0364562 0.995442 21.8399
0.996304 -0.00186192 -0.0858811 -80.391 -0.00186192 0.999062 -0.0432599 -1.77992 0.0858811 0.0432599 0.995366 22.6976
0.996466 -0.00214084 -0.083972 -80.4759 -0.00214084 0.998703 -0.0508663 -1.82896 0.083972 0.0508663 0.995169 23.5193
0.996609 -0.00226035 -0.0822531 -80.5545 -0.00226035 0.998493 -0.0548263 -1.87693 0.0822531 0.0548263 0.995102 24.2911
0.996773 -0.00213275 -0.080241 -80.6294 -0.00213275 0.99859 -0.0530354 -1.92738 0.080241 0.0530354 0.995364 25.0508
0.997047 -0.0018851 -0.0767741 -80.7137 -0.0018851 0.998797 -0.0490056 -1.97807 0.0767741 0.0490056 0.995843 25.8061
0.997241 -0.00161468 -0.0742185 -80.7843 -0.00161468 0.999055 -0.0434309 -2.03 0.0742185 0.0434309 0.996296 26.5627
0.997487 -0.00147901 -0.0708317 -80.8536 -0.00147901 0.999129 -0.0416905 -2.07533 0.0708317 0.0416905 0.996617 27.3175
0.997646 -0.00141921 -0.0685565 -80.9112 -0.00141921 0.999144 -0.0413363 -2.12584 0.0685565 0.0413363 0.996791 28.0513
0.997696 -0.00143136 -0.067833 -80.9491 -0.00143136 0.999111 -0.0421351 -2.16702 0.067833 0.0421351 0.996807 28.8044
0.997785 -0.00147459 -0.066499 -81.0049 -0.00147459 0.999018 -0.0442784 -2.20864 0.066499 0.0442784 0.996804 29.5605
0.997902 -0.00149699 -0.0647318 -81.0664 -0.00149699 0.998932 -0.046179 -2.24839 0.0647318 0.046179 0.996834 30.3301
0.997953 -0.00147672 -0.0639378 -81.1144 -0.00147672 0.998935 -0.0461204 -2.2971 0.0639378 0.0461204 0.996888 31.1174
0.998006 -0.00142376 -0.0631098 -81.177 -0.00142376 0.998984 -0.0450523 -2.34183 0.0631098 0.0450523 0.996989 31.8989
0.997953 -0.00147455 -0.0639407 -81.2182 -0.00147455 0.998938 -0.0460508 -2.38811 0.0639407 0.0460508 0.996891 32.6783
0.997962 -0.00150017 -0.0637859 -81.2876 -0.00150017 0.998895 -0.0469638 -2.43045 0.0637859 0.0469638 0.996858 33.4553
0.997953 -0.00151197 -0.0639287 -81.366 -0.00151197 0.998883 -0.0472269 -2.47092 0.0639287 0.0472269 0.996836 34.2541
0.997731 -0.00159178 -0.0673018 -81.4245 -0.00159178 0.998883 -0.0472226 -2.52248 0.0673018 0.0472226 0.996615 35.063
0.997532 -0.00165883 -0.0701934 -81.4973 -0.00165883 0.998885 -0.0471798 -2.57711 0.0701934 0.0471798 0.996417 35.8898
0.997381 -0.00189362 -0.0723009 -81.5729 -0.00189362 0.998631 -0.0522773 -2.62995 0.0723009 0.0522773 0.996012 36.7158
0.997038 -0.00214267 -0.076886 -81.6213 -0.00214267 0.99845 -0.0556105 -2.68034 0.076886 0.0556105 0.995488 37.5429
0.996734 -0.00232318 -0.0807242 -81.6705 -0.00232318 0.998348 -0.0574169 -2.73561 0.0807242 0.0574169 0.995081 38.3646
0.996682 -0.00227876 -0.0813645 -81.763 -0.00227876 0.998435 -0.0558768 -2.79284 0.0813645 0.0558768 0.995117 39.189
0.996413 -0.00233694 -0.0845904 -81.8321 -0.00233694 0.998477 -0.0551119 -2.8573 0.0845904 0.0551119 0.994891 40.0316
0.996217 -0.00227622 -0.0868706 -81.9093 -0.00227622 0.99863 -0.0522698 -2.92798 0.0868706 0.0522698 0.994847 40.8841
0.996475 -0.00208213 -0.0838702 -82.0454 -0.00208213 0.99877 -0.0495332 -2.97613 0.0838702 0.0495332 0.995245 41.7428
0.996379 -0.00184398 -0.0850037 -82.119 -0.00184398 0.999061 -0.043287 -3.02728 0.0850037 0.043287 0.99544 42.6241
0.996379 -0.00184398 -0.0850037 -82.1926 -0.00184398 0.999061 -0.043287 -3.07843 0.0850037 0.043287 0.99544 43.5054
0.996576 -0.00179824 -0.082667 -82.2417 -0.00179824 0.999056 -0.0434106 -3.12666 0.082667 0.0434106 0.995631 44.3679
0.996692 -0.00182587 -0.0812505 -82.3161 -0.00182587 0.998992 -0.0448471 -3.17218 0.0812505 0.0448471 0.995684 45.2661
0.996758 -0.0019064 -0.0804335 -82.3727 -0.0019064 0.998879 -0.0472997 -3.2263 0.0804335 0.0472997 0.995637 46.1779
0.996762 -0.0020152 -0.0803786 -82.4306 -0.0020152 0.998746 -0.0500301 -3.2822 0.0803786 0.0500301 0.995508 47.1396
0.996734 -0.00205663 -0.0807253 -82.4938 -0.00205663 0.998705 -0.0508375 -3.346 0.0807253 0.0508375 0.995439 48.1382
0.996791 -0.00193971 -0.0800239 -82.5745 -0.00193971 0.998828 -0.048372 -3.41657 0.0800239 0.048372 0.995619 49.1708
0.996904 -0.00182596 -0.0786028 -82.6739 -0.00182596 0.998923 -0.0463636 -3.48689 0.0786028 0.0463636 0.995827 50.2345
0.997164 -0.00175504 -0.0752449 -82.7888 -0.00175504 0.998914 -0.0465572 -3.54338 0.0752449 0.0465572 0.996078 51.2488
0.997296 -0.00183671 -0.0734703 -82.8912 -0.00183671 0.998753 -0.0499 -3.60317 0.0734703 0.0499 0.996048 52.2681
0.997663 -0.00191954 -0.0683038 -83.0662 -0.00191954 0.998424 -0.056096 -3.66598 0.0683038 0.056096 0.996086 53.2955
0.997813 -0.00219649 -0.0660699 -83.1531 -0.00219649 0.997794 -0.066344 -3.74467 0.0660699 0.066344 0.995607 54.2781
0.997813 -0.00219649 -0.0660699 -83.2401 -0.00219649 0.997794 -0.066344 -3.82335 0.0660699 0.066344 0.995607 55.2607
0.997916 -0.00217923 -0.0644969 -83.3179 -0.00217923 0.997722 -0.0674287 -3.8972 0.0644969 0.0674287 0.995637 56.1803
0.997888 -0.0019965 -0.0649244 -83.3766 -0.0019965 0.998113 -0.0613792 -3.96995 0.0649244 0.0613792 0.996001 57.0785
0.997858 -0.00172233 -0.0653984 -83.4361 -0.00172233 0.998615 -0.0525789 -4.03753 0.0653984 0.0525789 0.996473 57.9525
0.997707 -0.00154496 -0.0676673 -83.4775 -0.00154496 0.998959 -0.0455873 -4.09695 0.0676673 0.0455873 0.996666 58.843
0.99748 -0.00168323 -0.0709316 -83.5332 -0.00168323 0.998876 -0.0473741 -4.16449 0.0709316 0.0473741 0.996356 59.7526
0.997534 -0.00178073 -0.0701653 -83.6276 -0.00178073 0.998714 -0.0506629 -4.24286 0.0701653 0.0506629 0.996248 60.7085
0.997547 -0.00183498 -0.0699748 -83.718 -0.00183498 0.998627 -0.0523466 -4.30768 0.0699748 0.0523466 0.996174 61.625
0.997338 -0.00199329 -0.0728928 -83.7969 -0.00199329 0.998508 -0.0545775 -4.37346 0.0728928 0.0545775 0.995845 62.5284
0.997031 -0.00222169 -0.0769733 -83.854 -0.00222169 0.998338 -0.0575924 -4.44088 0.0769733 0.0575924 0.995368 63.3944
0.996769 -0.00244575 -0.0802858 -83.9376 -0.00244575 0.998149 -0.0607712 -4.50746 0.0802858 0.0607712 0.994918 64.2442
0.996473 -0.00272411 -0.08387 -84.0109 -0.00272411 0.997896 -0.0647774 -4.57818 0.08387 0.0647774 0.994369 65.1272
0.996108 -0.00281885 -0.0881005 -84.0979 -0.00281885 0.997959 -0.0638019 -4.66028 0.0881005 0.0638019 0.994066 66.0584
0.995933 -0.00278381 -0.0900555 -84.2201 -0.00278381 0.998095 -0.0616396 -4.73588 0.0900555 0.0616396 0.994027 67.0367
0.995434 -0.0026847 -0.0954119 -84.3118 -0.0026847 0.998421 -0.0561032 -4.81368 0.0954119 0.0561032 0.993856 68.0686
0.995112 -0.00251338 -0.0987166 -84.4375 -0.00251338 0.998708 -0.0507638 -4.89196 0.0987166 0.0507638 0.99382 69.1473
0.994686 -0.00243697 -0.102929 -84.558 -0.00243697 0.998882 -0.0472001 -4.96675 0.102929 0.0472001 0.993568 70.2125
0.993836 -0.00261388 -0.110833 -84.6628 -0.00261388 0.998892 -0.0469963 -5.03037 0.110833 0.0469963 0.992727 71.1863
0.99308 -0.00257726 -0.117408 -84.7548 -0.00257726 0.99904 -0.0437295 -5.09439 0.117408 0.0437295 0.99212 72.0584
0.992409 -0.0027036 -0.122948 -84.8883 -0.0027036 0.999037 -0.0437913 -5.15523 0.122948 0.0437913 0.991446 72.9362
0.991917 -0.0027747 -0.126861 -85.0429 -0.0027747 0.999048 -0.0435464 -5.21566 0.126861 0.0435464 0.990964 73.8076
0.991051 -0.00314119 -0.133445 -85.1342 -0.00314119 0.998897 -0.0468419 -5.27326 0.133445 0.0468419 0.989949 74.6412
0.989482 -0.0037514 -0.144608 -85.2528 -0.0037514 0.998662 -0.0515763 -5.32696 0.144608 0.0515763 0.988144 75.4594
0.989482 -0.0037514 -0.144608 -85.3714 -0.0037514 0.998662 -0.0515763 -5.38066 0.144608 0.0515763 0.988144 76.2777
0.988941 -0.00347913 -0.14827 -85.5207 -0.00347913 0.998905 -0.0466445 -5.42679 0.14827 0.0466445 0.987846 77.0756
0.987675 -0.00344852 -0.156479 -85.6323 -0.00344852 0.999035 -0.0437836 -5.47083 0.156479 0.0437836 0.98671 77.8779
0.986772 -0.00341407 -0.162081 -85.7782 -0.00341407 0.999119 -0.0418307 -5.52862 0.162081 0.0418307 0.98589 78.6764
0.98519 -0.00401158 -0.171419 -85.8966 -0.00401158 0.998913 -0.0464323 -5.57558 0.171419 0.0464323 0.984103 79.481
0.983528 -0.00497842 -0.180687 -86.0394 -0.00497842 0.998495 -0.05461 -5.62101 0.180687 0.05461 0.982023 80.2626
0.98214 -0.00536871 -0.188072 -86.2072 -0.00536871 0.998386 -0.0565361 -5.6774 0.188072 0.0565361 0.980527 81.0265
0.980203 -0.00534224 -0.197924 -86.3772 -0.00534224 0.998558 -0.0534095 -5.7356 0.197924 0.0534095 0.978761 81.7726
0.977909 -0.00506528 -0.20897 -86.5494 -0.00506528 0.998839 -0.047915 -5.78346 0.20897 0.047915 0.976748 82.5175
0.975393 -0.00451727 -0.220428 -86.734 -0.00451727 0.999171 -0.040465 -5.83394 0.220428 0.040465 0.974563 83.2534
0.972773 -0.00435753 -0.231721 -86.9213 -0.00435753 0.999303 -0.037085 -5.88631 0.231721 0.037085 0.972075 84.0062
0.970026 -0.00498279 -0.242952 -87.1403 -0.00498279 0.999172 -0.0403871 -5.94205 0.242952 0.0403871 0.969197 84.8022
0.967094 -0.00631726 -0.254342 -87.3945 -0.00631726 0.998787 -0.0488278 -6.00113 0.254342 0.0488278 0.965881 85.64
0.963838 -0.00735396 -0.266388 -87.6367 -0.00735396 0.998504 -0.0541728 -6.05096 0.266388 0.0541728 0.962342 86.4826
0.960521 -0.00713523 -0.278118 -87.9028 -0.00713523 0.99871 -0.0502649 -6.10197 0.278118 0.0502649 0.959231 87.3476
0.95708 -0.00648142 -0.289751 -88.1849 -0.00648142 0.999021 -0.0437559 -6.16643 0.289751 0.0437559 0.956101 88.2606
0.953393 -0.00615855 -0.301669 -88.5014 -0.00615855 0.999186 -0.0398617 -6.21566 0.301669 0.0398617 0.952579 89.2161
0.949472 -0.00679196 -0.313779 -88.8401 -0.00679196 0.999087 -0.0421779 -6.27821 0.313779 0.0421779 0.948559 90.1928
0.945549 -0.00784145 -0.325386 -89.1505 -0.00784145 0.998871 -0.0468584 -6.33551 0.325386 0.0468584 0.944419 91.0967
0.942279 -0.0094172 -0.334696 -89.4457 -0.0094172 0.998464 -0.0546059 -6.39371 0.334696 0.0546059 0.940743 91.9467
0.940121 -0.01073 -0.340672 -89.7752 -0.01073 0.998077 -0.0610465 -6.45075 0.340672 0.0610465 0.938198 92.7355
0.937941 -0.0113288 -0.34661 -90.1047 -0.0113288 0.997932 -0.0632732 -6.49825 0.34661 0.0632732 0.935873 93.5048
0.935629 -0.011247 -0.352806 -90.4339 -0.011247 0.998035 -0.0616424 -6.55447 0.352806 0.0616424 0.933664 94.2364
0.932293 -0.0112386 -0.36153 -90.713 -0.0112386 0.998135 -0.06001 -6.6139 0.36153 0.06001 0.930427 94.9656
0.929163 -0.0104915 -0.36952 -91.0027 -0.0104915 0.998446 -0.0547293 -6.66786 0.36952 0.0547293 0.92761 95.6876
0.9266 -0.00920899 -0.375935 -91.3157 -0.00920899 0.998845 -0.0471662 -6.7258 0.375935 0.0471662 0.925445 96.4253
0.923938 -0.00757768 -0.382467 -91.639 -0.00757768 0.999245 -0.0381033 -6.78503 0.382467 0.0381033 0.923183 97.1591
0.921611 -0.00765558 -0.388039 -91.9928 -0.00765558 0.999252 -0.0378965 -6.83084 0.388039 0.0378965 0.920863 97.9205
0.919695 -0.00948032 -0.392518 -92.3415 -0.00948032 0.998881 -0.0463385 -6.8763 0.392518 0.0463385 0.918576 98.6977
0.917502 -0.0113495 -0.397568 -92.6683 -0.0113495 0.998439 -0.0546948 -6.92335 0.397568 0.0546948 0.915941 99.4518
0.915314 -0.0117687 -0.40257 -92.9761 -0.0117687 0.998365 -0.0559445 -6.97254 0.40257 0.0559445 0.913678 100.19
0.913176 -0.0105965 -0.407429 -93.3165 -0.0105965 0.998707 -0.0497246 -7.02585 0.407429 0.0497246 0.911882 100.918
0.910437 -0.00984264 -0.41353 -93.6534 -0.00984264 0.998918 -0.0454456 -7.08372 0.41353 0.0454456 0.909356 101.663
0.908905 -0.0105544 -0.416869 -94.0222 -0.0105544 0.998777 -0.0482993 -7.13432 0.416869 0.0482993 0.907682 102.401
0.9064 -0.0119755 -0.422251 -94.3673 -0.0119755 0.998468 -0.0540241 -7.19092 0.422251 0.0540241 0.904868 103.145
0.904995 -0.0135067 -0.425207 -94.744 -0.0135067 0.99808 -0.060451 -7.23402 0.425207 0.060451 0.903075 103.852
0.901031 -0.0130324 -0.433558 -95.116 -0.0130324 0.998284 -0.0570919 -7.29128 0.433558 0.0570919 0.899315 104.584
0.901031 -0.0130324 -0.433558 -95.488 -0.0130324 0.998284 -0.0570919 -7.34855 0.433558 0.0570919 0.899315 105.316
0.89968 -0.0127522 -0.436365 -95.8791 -0.0127522 0.998379 -0.0554682 -7.40495 0.436365 0.0554682 0.898059 106.033
0.897617 -0.0126162 -0.440596 -96.2193 -0.0126162 0.998445 -0.0542928 -7.4703 0.440596 0.0542928 0.896062 106.74
0.892898 -0.0167307 -0.449948 -96.4809 -0.0167307 0.997386 -0.0702875 -7.48562 0.449948 0.0702875 0.890284 107.467
0.888549 -0.0174867 -0.458448 -96.8404 -0.0174867 0.997256 -0.0719306 -7.55848 0.458448 0.0719306 0.885805 108.17
0.888549 -0.0174867 -0.458448 -97.2 -0.0174867 0.997256 -0.0719306 -7.63134 0.458448 0.0719306 0.885805 108.874
0.884021 -0.0176148 -0.467115 -97.5885 -0.0176148 0.997325 -0.0709451 -7.70535 0.467115 0.0709451 0.881346 109.595
0.884021 -0.0176148 -0.467115 -97.977 -0.0176148 0.997325 -0.0709451 -7.77935 0.467115 0.0709451 0.881346 110.315
0.882204 -0.0189253 -0.470487 -98.4002 -0.0189253 0.996959 -0.0755892 -7.84296 0.470487 0.0755892 0.879163 111.003
0.879411 -0.0198779 -0.475649 -98.776 -0.0198779 0.996723 -0.0784059 -7.92149 0.475649 0.0784059 0.876134 111.704
0.877428 -0.0212846 -0.479236 -99.1514 -0.0212846 0.996304 -0.0832191 -7.99034 0.479236 0.0832191 0.873732 112.378
0.875223 -0.0207784 -0.483273 -99.5152 -0.0207784 0.99654 -0.0804768 -8.06484 0.483273 0.0804768 0.871763 113.043
0.873086 -0.0191736 -0.48719 -99.862 -0.0191736 0.997103 -0.0736023 -8.13234 0.48719 0.0736023 0.870189 113.695
0.871772 -0.0175538 -0.489597 -100.238 -0.0175538 0.997597 -0.0670237 -8.20388 0.489597 0.0670237 0.869369 114.35
0.869984 -0.0171234 -0.492782 -100.615 -0.0171234 0.997745 -0.0649006 -8.27732 0.492782 0.0649006 0.867729 115.032
0.868738 -0.0178117 -0.494952 -101.011 -0.0178117 0.997583 -0.0671629 -8.34641 0.494952 0.0671629 0.866321 115.715
0.867016 -0.0184583 -0.497939 -101.417 -0.0184583 0.997438 -0.0691141 -8.42306 0.497939 0.0691141 0.864454 116.387
0.865209 -0.0191998 -0.501043 -101.817 -0.0191998 0.997265 -0.0713694 -8.49316 0.501043 0.0713694 0.862474 117.042
0.863677 -0.0197744 -0.503658 -102.188 -0.0197744 0.997132 -0.0730583 -8.5594 0.503658 0.0730583 0.860808 117.669
0.862316 -0.0202844 -0.505963 -102.541 -0.0202844 0.997012 -0.0745418 -8.62179 0.505963 0.0745418 0.859328 118.269
0.861188 -0.0201817 -0.507886 -102.891 -0.0201817 0.997066 -0.0738409 -8.69051 0.507886 0.0738409 0.858254 118.839
0.859989 -0.0201013 -0.509917 -103.23 -0.0201013 0.997114 -0.0732084 -8.75273 0.509917 0.0732084 0.857103 119.394
0.858566 -0.0203836 -0.512299 -103.553 -0.0203836 0.997062 -0.0738325 -8.81499 0.512299 0.0738325 0.855628 119.933
0.856746 -0.0209183 -0.515315 -103.843 -0.0209183 0.996945 -0.0752473 -8.87434 0.515315 0.0752473 0.853691 120.451
0.854411 -0.0221378 -0.519127 -104.154 -0.0221378 0.996634 -0.0789365 -8.93026 0.519127 0.0789365 0.851044 120.941
0.854411 -0.0221378 -0.519127 -104.465 -0.0221378 0.996634 -0.0789365 -8.98618 0.519127 0.0789365 0.851044 121.432
0.854642 -0.0225364 -0.518729 -104.799 -0.0225364 0.996506 -0.080424 -9.0608 0.518729 0.080424 0.851148 121.83
0.849995 -0.0244315 -0.526224 -105.054 -0.0244315 0.996021 -0.0857066 -9.11191 0.526224 0.0857066 0.846016 122.247
0.849995 -0.0244315 -0.526224 -105.309 -0.0244315 0.996021 -0.0857066 -9.16303 0.526224 0.0857066 0.846016 122.664
0.846161 -0.0245161 -0.532363 -105.555 -0.0245161 0.996093 -0.0848384 -9.20953 0.532363 0.0848384 0.842254 123.076
0.841769 -0.0242467 -0.539293 -105.805 -0.0242467 0.996285 -0.0826393 -9.24657 0.539293 0.0826393 0.838054 123.466
0.837711 -0.0229441 -0.545631 -106.046 -0.0229441 0.996756 -0.0771403 -9.28912 0.545631 0.0771403 0.834468 123.827
0.834396 -0.0211609 -0.55076 -106.304 -0.0211609 0.997296 -0.070376 -9.32578 0.55076 0.070376 0.831692 124.163
0.830132 -0.020565 -0.557188 -106.541 -0.020565 0.99751 -0.0674557 -9.36549 0.557188 0.0674557 0.827642 124.488
0.824311 -0.0214443 -0.56573 -106.745 -0.0214443 0.997383 -0.0690523 -9.39787 0.56573 0.0690523 0.821694 124.817
0.80915 -0.023048 -0.58715 -106.953 -0.023048 0.997217 -0.0709072 -9.43475 0.58715 0.0709072 0.806366 125.103
0.80915 -0.023048 -0.58715 -107.162 -0.023048 0.997217 -0.0709072 -9.47164 0.58715 0.0709072 0.806366 125.389
0.799748 -0.0234527 -0.599877 -107.38 -0.0234527 0.997253 -0.0702553 -9.49913 0.599877 0.0702553 0.797001 125.632
0.787932 -0.0239158 -0.615297 -107.588 -0.0239158 0.997303 -0.0693899 -9.52473 0.615297 0.0693899 0.785235 125.855
0.774737 -0.0253669 -0.631774 -107.789 -0.0253669 0.997143 -0.0711443 -9.55108 0.631774 0.0711443 0.771881 126.055
0.760515 -0.0273608 -0.648744 -107.977 -0.0273608 0.996874 -0.0741179 -9.57806 0.648744 0.0741179 0.757389 126.232
0.745722 -0.0298661 -0.665587 -108.15 -0.0298661 0.996492 -0.0781764 -9.60371 0.665587 0.0781764 0.742215 126.399
0.730134 -0.0312491 -0.682589 -108.319 -0.0312491 0.996382 -0.0790404 -9.61856 0.682589 0.0790404 0.726516 126.552
0.71463 -0.0307878 -0.698825 -108.493 -0.0307878 0.996678 -0.0753943 -9.63457 0.698825 0.0753943 0.711308 126.678
0.698424 -0.0309752 -0.715013 -108.666 -0.0309752 0.996818 -0.0734399 -9.64584 0.715013 0.0734399 0.695243 126.797
0.680098 -0.0328369 -0.732385 -108.83 -0.0328369 0.996629 -0.0751769 -9.65863 0.732385 0.0751769 0.676728 126.935
0.639393 -0.0352709 -0.76807 -109.007 -0.0352709 0.99655 -0.0751249 -9.67304 0.76807 0.0751249 0.635943 127.06
0.639393 -0.0352709 -0.76807 -109.184 -0.0352709 0.99655 -0.0751249 -9.68744 0.76807 0.0751249 0.635943 127.184
0.615742 -0.0343288 -0.7872 -109.371 -0.0343288 0.996933 -0.0703266 -9.69805 0.7872 0.0703266 0.612675 127.294
0.59252 -0.0334992 -0.804859 -109.561 -0.0334992 0.997246 -0.0661681 -9.70893 0.804859 0.0661681 0.589766 127.386
0.567612 -0.0332556 -0.822624 -109.752 -0.0332556 0.997442 -0.0632693 -9.71898 0.822624 0.0632693 0.565054 127.484
0.541894 -0.032604 -0.839814 -109.938 -0.032604 0.99768 -0.0597706 -9.72844 0.839814 0.0597706 0.539574 127.574
0.515504 -0.030955 -0.856328 -110.132 -0.030955 0.998022 -0.0547117 -9.74355 0.856328 0.0547117 0.513526 127.654
0.488544 -0.0298555 -0.872028 -110.337 -0.0298555 0.998257 -0.0509034 -9.76193 0.872028 0.0509034 0.486802 127.727
0.458854 -0.0317173 -0.887945 -110.546 -0.0317173 0.998141 -0.0520436 -9.77958 0.887945 0.0520436 0.456995 127.809
0.427497 -0.0334505 -0.903398 -110.767 -0.0334505 0.998046 -0.0527842 -9.79937 0.903398 0.0527842 0.425543 127.874
0.393287 -0.036221 -0.918702 -110.998 -0.036221 0.997838 -0.0548468 -9.80604 0.918702 0.0548468 0.391125 127.94
0.355336 -0.0380693 -0.933963 -111.242 -0.0380693 0.997752 -0.0551533 -9.82139 0.933963 0.0551533 0.353088 127.992
0.315466 -0.0398632 -0.948099 -111.502 -0.0398632 0.997679 -0.0552117 -9.83165 0.948099 0.0552117 0.313145 128.032
0.272861 -0.0424239 -0.961118 -111.768 -0.0424239 0.997525 -0.056075 -9.83631 0.961118 0.056075 0.270386 128.066
0.225938 -0.0453035 -0.973088 -112.065 -0.0453035 0.997349 -0.0569518 -9.84496 0.973088 0.0569518 0.223287 128.105
0.177893 -0.0477814 -0.982889 -112.375 -0.0477814 0.997223 -0.0571262 -9.85763 0.982889 0.0571262 0.175116 128.12
0.126237 -0.0506559 -0.990706 -112.702 -0.0506559 0.997063 -0.0574356 -9.86831 0.990706 0.0574356 0.1233 128.147
0.0191312 -0.0595296 -0.998043 -113.044 -0.0595296 0.996387 -0.060572 -9.88758 0.998043 0.060572 0.0155183 128.145
0.0191312 -0.0595296 -0.998043 -113.386 -0.0595296 0.996387 -0.060572 -9.90686 0.998043 0.060572 0.0155183 128.142
-0.0325889 -0.0644422 -0.997389 -113.75 -0.0644422 0.995978 -0.0622454 -9.92658 0.997389 0.0622454 -0.0366106 128.082
-0.0849155 -0.0705406 -0.993888 -114.105 -0.0705406 0.995413 -0.064622 -9.93934 0.993888 0.064622 -0.089502 128.013
-0.137431 -0.075501 -0.98763 -114.491 -0.075501 0.994988 -0.0655574 -9.95705 0.98763 0.0655574 -0.142443 127.927
-0.188024 -0.0804649 -0.978863 -114.881 -0.0804649 0.99455 -0.0662984 -9.98562 0.978863 0.0662984 -0.193474 127.813
-0.236312 -0.0877985 -0.967702 -115.287 -0.0877985 0.993765 -0.0687228 -10.0148 0.967702 0.0687228 -0.242547 127.669
-0.283498 -0.0972937 -0.954025 -115.712 -0.0972937 0.992625 -0.0723185 -10.0458 0.954025 0.0723185 -0.290873 127.51
-0.329118 -0.106441 -0.93827 -116.14 -0.106441 0.991476 -0.07514 -10.0738 0.93827 0.07514 -0.337643 127.328
-0.372031 -0.115778 -0.920971 -116.579 -0.115778 0.99023 -0.0777159 -10.1031 0.920971 0.0777159 -0.381801 127.114
-0.412119 -0.124857 -0.902535 -117.015 -0.124857 0.98896 -0.0798004 -10.1398 0.902535 0.0798004 -0.423158 126.87
-0.449498 -0.132485 -0.883402 -117.466 -0.132485 0.987891 -0.0807437 -10.1789 0.883402 0.0807437 -0.461608 126.602
