1 -4.92894e-009 -7.73619e-006 -0.0241693 -4.92894e-009 0.999999 -0.00127425 -0.00537111 7.73619e-006 0.00127425 0.999999 0.626865
0.999998 -2.57183e-006 -0.00176124 -0.019429 -2.57183e-006 0.999996 -0.00292046 -0.0166664 0.00176124 0.00292046 0.999994 1.19718
0.999978 -1.25099e-005 -0.00669917 0.0397731 -1.25099e-005 0.999993 -0.00373471 -0.0434366 0.00669917 0.00373471 0.999971 1.76208
0.999969 -2.24549e-005 -0.00783096 0.00641591 -2.24549e-005 0.999984 -0.00573476 -0.0557314 0.00783096 0.00573476 0.999953 2.36528
0.99995 -4.09813e-005 -0.0100448 0.0177647 -4.09813e-005 0.999967 -0.00815934 -0.0559703 0.0100448 0.00815934 0.999916 2.87592
0.999926 -5.07888e-005 -0.0122043 0.0189655 -5.07888e-005 0.999965 -0.00832266 -0.0803217 0.0122043 0.00832266 0.999891 3.47741
0.999925 -5.12142e-005 -0.0122305 -0.0207979 -5.12142e-005 0.999965 -0.00837437 -0.0844361 0.0122305 0.00837437 0.99989 4.01669
0.999866 -7.00785e-005 -0.0163432 0.0157836 -7.00785e-005 0.999963 -0.00857511 -0.101044 0.0163432 0.00857511 0.99983 4.55401
0.999857 -9.60788e-005 -0.0169401 -0.0158943 -9.60788e-005 0.999936 -0.0113422 -0.118563 0.0169401 0.0113422 0.999792 5.11756
0.999847 -0.000131698 -0.0174722 -0.0399217 -0.000131698 0.999886 -0.0150731 -0.139968 0.0174722 0.0150731 0.999734 5.6719
0.999753 -0.000213311 -0.0222307 -0.024445 -0.000213311 0.999816 -0.0191865 -0.144345 0.0222307 0.0191865 0.999569 6.22591
0.999758 -0.000205823 -0.0219754 -0.0558346 -0.000205823 0.999825 -0.0187282 -0.171521 0.0219754 0.0187282 0.999583 6.76562
0.999768 -0.000127164 -0.0215516 -0.0802089 -0.000127164 0.99993 -0.0117991 -0.175454 0.0215516 0.0117991 0.999698 7.14614
0.999694 -1.79073e-005 -0.0247402 -0.0808669 -1.79073e-005 0.999999 -0.0014474 -0.17817 0.0247402 0.0014474 0.999693 7.80951
0.999691 6.55899e-005 -0.0248596 -0.0851132 6.55899e-005 0.999986 0.00527597 -0.181068 0.0248596 -0.00527597 0.999677 8.37999
0.999647 5.07906e-005 -0.0265813 -0.115787 5.07906e-005 0.999993 0.00382084 -0.187072 0.0265813 -0.00382084 0.999639 8.93775
0.999619 -4.41758e-005 -0.027591 -0.137144 -4.41758e-005 0.999995 -0.00320157 -0.19233 0.027591 0.00320157 0.999614 9.51512
0.999617 -0.000125661 -0.0276739 -0.156012 -0.000125661 0.999959 -0.00907962 -0.203045 0.0276739 0.00907962 0.999576 10.1014
0.999594 -0.000109318 -0.0285024 -0.192367 -0.000109318 0.999971 -0.00766915 -0.21938 0.0285024 0.00766915 0.999564 10.7496
0.999587 2.51931e-005 -0.028751 -0.208586 2.51931e-005 0.999998 0.00175214 -0.224688 0.028751 -0.00175214 0.999585 11.3388
0.999579 0.000131125 -0.02901 -0.230752 0.000131125 0.999959 0.00903789 -0.217128 0.02901 -0.00903789 0.999538 11.9479
0.99955 0.000171569 -0.0299964 -0.239368 0.000171569 0.999935 0.0114364 -0.209409 0.0299964 -0.0114364 0.999485 12.3621
0.999549 0.000154197 -0.0300155 -0.269342 0.000154197 0.999947 0.0102719 -0.208988 0.0300155 -0.0102719 0.999497 13.1339
0.999594 0.000112176 -0.0284956 -0.314519 0.000112176 0.999969 0.00787149 -0.212349 0.0284956 -0.00787149 0.999563 13.823
0.99957 6.17711e-005 -0.0293162 -0.308782 6.17711e-005 0.999991 0.00421321 -0.211966 0.0293162 -0.00421321 0.999561 14.4506
0.999615 -1.66737e-005 -0.0277573 -0.343331 -1.66737e-005 0.999999 -0.00120116 -0.225363 0.0277573 0.00120116 0.999614 15.1961
0.999633 -0.000106867 -0.0271054 -0.343685 -0.000106867 0.999969 -0.0078837 -0.231824 0.0271054 0.0078837 0.999601 15.9603
0.999663 -0.000171246 -0.0259585 -0.375991 -0.000171246 0.999913 -0.0131911 -0.259616 0.0259585 0.0131911 0.999576 16.7477
0.999664 -0.000181475 -0.0259064 -0.400681 -0.000181475 0.999902 -0.014007 -0.281508 0.0259064 0.014007 0.999566 17.518
0.999645 -0.000180933 -0.0266367 -0.409388 -0.000180933 0.999908 -0.0135822 -0.299499 0.0266367 0.0135822 0.999553 18.2926
0.999658 -0.000195604 -0.0261665 -0.446607 -0.000195604 0.999888 -0.0149473 -0.319496 0.0261665 0.0149473 0.999546 19.1163
0.999636 -0.000224914 -0.0269733 -0.462551 -0.000224914 0.999861 -0.0166726 -0.34628 0.0269733 0.0166726 0.999497 19.9421
0.999653 -0.000231607 -0.02635 -0.502427 -0.000231607 0.999846 -0.0175748 -0.370592 0.02635 0.0175748 0.999498 20.7734
0.999661 -0.000223489 -0.0260447 -0.527712 -0.000223489 0.999853 -0.0171578 -0.402599 0.0260447 0.0171578 0.999514 21.6133
0.999677 -0.000223073 -0.0254117 -0.58449 -0.000223073 0.999846 -0.0175526 -0.420239 0.0254117 0.0175526 0.999523 22.4777
0.999683 -0.000220039 -0.0251597 -0.607942 -0.000220039 0.999847 -0.0174873 -0.448116 0.0251597 0.0174873 0.99953 23.3582
0.999666 -0.000207734 -0.0258443 -0.625668 -0.000207734 0.999871 -0.0160721 -0.479719 0.0258443 0.0160721 0.999537 24.2249
0.999619 -0.000198219 -0.0275835 -0.63946 -0.000198219 0.999897 -0.0143688 -0.501234 0.0275835 0.0143688 0.999516 25.1185
0.999631 -0.000180457 -0.0271451 -0.679693 -0.000180457 0.999912 -0.0132927 -0.521912 0.0271451 0.0132927 0.999543 26.0219
0.999599 -0.000199701 -0.0283201 -0.693262 -0.000199701 0.999901 -0.0140996 -0.551233 0.0283201 0.0140996 0.999499 26.9428
0.999638 -0.000202788 -0.0268857 -0.758755 -0.000202788 0.999886 -0.0150816 -0.576892 0.0268857 0.0150816 0.999525 27.8837
0.999647 -0.000191453 -0.0265655 -0.781554 -0.000191453 0.999896 -0.0144103 -0.603847 0.0265655 0.0144103 0.999543 28.8107
0.999602 -0.000164282 -0.0282 -0.808177 -0.000164282 0.999932 -0.0116485 -0.629369 0.0282 0.0116485 0.999534 29.7886
0.999602 -0.000116095 -0.0282247 -0.847299 -0.000116095 0.999966 -0.0082247 -0.645014 0.0282247 0.0082247 0.999568 30.7663
0.999596 -8.27226e-005 -0.028423 -0.889208 -8.27226e-005 0.999983 -0.00581959 -0.664987 0.028423 0.00581959 0.999579 31.7732
0.999539 -7.46091e-005 -0.0303592 -0.892986 -7.46091e-005 0.999988 -0.00491393 -0.691664 0.0303592 0.00491393 0.999527 32.7862
0.999565 -0.000100645 -0.0294802 -0.951114 -0.000100645 0.999977 -0.0068264 -0.705734 0.0294802 0.0068264 0.999542 33.8048
0.999545 -0.000109101 -0.0301599 -0.995055 -0.000109101 0.999974 -0.00723306 -0.732203 0.0301599 0.00723306 0.999519 34.8845
0.999539 -9.05894e-005 -0.0303644 -1.04467 -9.05894e-005 0.999982 -0.00596538 -0.759228 0.0303644 0.00596538 0.999521 35.9739
0.999505 -6.55498e-005 -0.0314706 -1.07954 -6.55498e-005 0.999991 -0.00416473 -0.778136 0.0314706 0.00416473 0.999496 37.0634
0.999461 -2.43275e-005 -0.0328373 -1.10404 -2.43275e-005 0.999999 -0.0014813 -0.79964 0.0328373 0.0014813 0.99946 38.1461
0.999463 -3.07635e-005 -0.0327815 -1.15754 -3.07635e-005 0.999998 -0.00187638 -0.813231 0.0327815 0.00187638 0.999461 39.2413
0.999432 -9.06973e-005 -0.0337037 -1.19367 -9.06973e-005 0.999986 -0.00538048 -0.845624 0.0337037 0.00538048 0.999417 40.3815
0.999432 -0.000156578 -0.0337025 -1.23799 -0.000156578 0.999957 -0.0092889 -0.878201 0.0337025 0.0092889 0.999389 41.5104
0.999444 -0.000162533 -0.0333396 -1.28823 -0.000162533 0.999952 -0.0097472 -0.911392 0.0333396 0.0097472 0.999397 42.6824
0.999447 -0.00011453 -0.0332541 -1.3363 -0.00011453 0.999976 -0.0068862 -0.945975 0.0332541 0.0068862 0.999423 43.8452
0.999485 -7.54676e-005 -0.0320876 -1.39461 -7.54676e-005 0.999989 -0.00470261 -0.966849 0.0320876 0.00470261 0.999474 44.9873
0.999465 -6.01849e-005 -0.0327158 -1.42258 -6.01849e-005 0.999993 -0.00367826 -0.983218 0.0327158 0.00367826 0.999458 46.1901
0.99951 -6.9609e-005 -0.031313 -1.48985 -6.9609e-005 0.99999 -0.00444491 -1.01489 0.031313 0.00444491 0.9995 47.3817
0.99948 -0.000104247 -0.0322385 -1.50661 -0.000104247 0.999979 -0.00646549 -1.03496 0.0322385 0.00646549 0.999459 48.5801
0.999521 -0.000135171 -0.0309474 -1.56795 -0.000135171 0.999962 -0.00873324 -1.06966 0.0309474 0.00873324 0.999483 49.789
0.999533 -0.000170067 -0.0305447 -1.614 -0.000170067 0.999938 -0.0111327 -1.11321 0.0305447 0.0111327 0.999471 50.986
0.999524 -0.000227434 -0.0308504 -1.64778 -0.000227434 0.999891 -0.01474 -1.14875 0.0308504 0.01474 0.999415 52.1269
0.99955 -0.000244474 -0.0299964 -1.69582 -0.000244474 0.999867 -0.0162955 -1.19491 0.0299964 0.0162955 0.999417 53.3275
0.99954 -0.000215819 -0.0303234 -1.73112 -0.000215819 0.999899 -0.0142305 -1.23044 0.0303234 0.0142305 0.999439 54.4468
0.999544 -0.000130586 -0.0302064 -1.76355 -0.000130586 0.999963 -0.00864412 -1.2568 0.0302064 0.00864412 0.999506 55.6375
0.999558 -3.75192e-005 -0.0297403 -1.7988 -3.75192e-005 0.999997 -0.00252256 -1.27466 0.0297403 0.00252256 0.999554 56.7464
0.999569 -3.01024e-005 -0.0293472 -1.8349 -3.01024e-005 0.999998 -0.00205103 -1.28432 0.0293472 0.00205103 0.999567 57.9319
0.999583 -7.34154e-005 -0.0288828 -1.87597 -7.34154e-005 0.999987 -0.00508258 -1.30552 0.0288828 0.00508258 0.99957 59.1009
0.999561 -0.000122991 -0.029637 -1.89926 -0.000122991 0.999966 -0.00829784 -1.34463 0.029637 0.00829784 0.999526 60.2685
0.999589 -0.000176876 -0.028662 -1.96418 -0.000176876 0.999924 -0.0123392 -1.3837 0.028662 0.0123392 0.999513 61.4626
0.999576 -0.000240121 -0.0291149 -1.99903 -0.000240121 0.999864 -0.0164901 -1.42741 0.0291149 0.0164901 0.99944 62.6346
0.999575 -0.000249095 -0.029149 -2.02056 -0.000249095 0.999854 -0.0170863 -1.47259 0.029149 0.0170863 0.999429 63.8211
0.999611 -0.00018716 -0.0278941 -2.07494 -0.00018716 0.99991 -0.0134162 -1.50568 0.0278941 0.0134162 0.999521 64.826
0.9996 -0.000158561 -0.028283 -2.10224 -0.000158561 0.999937 -0.0112099 -1.52959 0.028283 0.0112099 0.999537 65.942
0.999598 -0.000147365 -0.0283593 -2.12997 -0.000147365 0.999946 -0.0103904 -1.5542 0.0283593 0.0103904 0.999544 66.9499
0.999571 -0.000123135 -0.0292815 -2.15895 -0.000123135 0.999965 -0.00840846 -1.6207 0.0292815 0.00840846 0.999536 68.1147
0.999639 -0.000112749 -0.0268529 -2.29504 -0.000112749 0.999965 -0.00839589 -1.61025 0.0268529 0.00839589 0.999604 69.204
0.999578 -8.59805e-005 -0.0290464 -2.2519 -8.59805e-005 0.999982 -0.00591892 -1.64874 0.0290464 0.00591892 0.999561 70.2628
0.999545 -5.23304e-005 -0.0301707 -2.27775 -5.23304e-005 0.999994 -0.00346815 -1.69854 0.0301707 0.00346815 0.999539 71.4375
0.999537 -7.31332e-005 -0.0304225 -2.37968 -7.31332e-005 0.999988 -0.00480669 -1.7067 0.0304225 0.00480669 0.999526 72.5361
0.99948 -0.000144406 -0.0322323 -2.35362 -0.000144406 0.99996 -0.00895782 -1.73577 0.0322323 0.00895782 0.99944 73.6774
0.999485 -0.000170722 -0.0320996 -2.42267 -0.000170722 0.999943 -0.0106339 -1.78414 0.0320996 0.0106339 0.999428 74.7804
0.99947 -0.000146082 -0.0325395 -2.48254 -0.000146082 0.99996 -0.00897616 -1.81492 0.0325395 0.00897616 0.99943 75.889
0.999461 -7.96274e-005 -0.0328246 -2.54817 -7.96274e-005 0.999988 -0.00485036 -1.83594 0.0328246 0.00485036 0.999449 77.1331
0.999448 -1.04408e-005 -0.0332296 -2.60204 -1.04408e-005 1 -0.000628232 -1.85722 0.0332296 0.000628232 0.999448 78.2235
0.99941 -2.03226e-006 -0.0343389 -2.63275 -2.03226e-006 1 -0.00011833 -1.86802 0.0343389 0.00011833 0.99941 79.391
0.999343 -2.56148e-005 -0.0362382 -2.66706 -2.56148e-005 0.999999 -0.00141323 -1.90555 0.0362382 0.00141323 0.999342 80.6023
0.999473 -2.75379e-005 -0.0324616 -2.85325 -2.75379e-005 0.999999 -0.00169619 -1.9292 0.0324616 0.00169619 0.999472 81.6104
0.999477 -4.70742e-005 -0.0323325 -2.8836 -4.70742e-005 0.999996 -0.00291111 -1.9461 0.0323325 0.00291111 0.999473 82.8076
0.999442 -3.54839e-005 -0.033391 -2.93218 -3.54839e-005 0.999998 -0.00212476 -1.97763 0.033391 0.00212476 0.99944 83.9198
0.999434 -1.07225e-005 -0.033641 -2.98203 -1.07225e-005 1 -0.000637284 -2.00455 0.033641 0.000637284 0.999434 85.07
0.999398 3.22263e-005 -0.0346892 -3.02518 3.22263e-005 0.999998 0.00185744 -2.02513 0.0346892 -0.00185744 0.999396 86.1615
0.999344 5.48397e-005 -0.0362273 -3.02581 5.48397e-005 0.999995 0.00302653 -2.03434 0.0362273 -0.00302653 0.999339 86.4744
0.999312 5.98358e-005 -0.0370896 -3.11292 5.98358e-005 0.999995 0.00322544 -2.06053 0.0370896 -0.00322544 0.999307 88.0941
0.999173 4.12317e-005 -0.0406613 -3.1591 4.12317e-005 0.999998 0.00202721 -2.07748 0.0406613 -0.00202721 0.999171 88.9434
0.998997 2.90131e-005 -0.0447723 -3.19795 2.90131e-005 0.999999 0.00129538 -2.10402 0.0447723 -0.00129538 0.998996 89.8965
0.998899 3.41231e-005 -0.0469116 -3.27504 3.41231e-005 0.999999 0.00145398 -2.12442 0.0469116 -0.00145398 0.998898 90.9216
0.9987 6.45158e-005 -0.0509738 -3.32248 6.45158e-005 0.999997 0.00252969 -2.14551 0.0509738 -0.00252969 0.998697 91.8261
0.998564 0.000100418 -0.0535732 -3.39823 0.000100418 0.999993 0.0037461 -2.16688 0.0535732 -0.0037461 0.998557 92.8636
0.998394 0.000175758 -0.0566589 -3.44049 0.000175758 0.999981 0.00619903 -2.20196 0.0566589 -0.00619903 0.998374 93.6591
0.998271 0.000189606 -0.0587722 -3.52384 0.000189606 0.999979 0.0064466 -2.20479 0.0587722 -0.0064466 0.998251 94.6107
0.998084 0.000221902 -0.0618683 -3.58334 0.000221902 0.999974 0.0071664 -2.2238 0.0618683 -0.0071664 0.998059 95.4844
0.997983 0.000187842 -0.0634857 -3.67876 0.000187842 0.999983 0.00591158 -2.23881 0.0634857 -0.00591158 0.997965 96.3017
0.997735 8.59867e-005 -0.0672711 -3.69497 8.59867e-005 0.999997 0.00255352 -2.26165 0.0672711 -0.00255352 0.997731 97.0486
0.99754 -8.76095e-006 -0.0701016 -3.75569 -8.76095e-006 1 -0.000249643 -2.27758 0.0701016 0.000249643 0.99754 97.4926
0.997455 -0.000114685 -0.0712936 -3.80157 -0.000114685 0.999995 -0.00321314 -2.28911 0.0712936 0.00321314 0.99745 97.9568
0.997256 -0.000132694 -0.0740319 -3.84243 -0.000132694 0.999994 -0.00357986 -2.32056 0.0740319 0.00357986 0.997249 98.8748
0.99744 -0.000108913 -0.0715146 -3.93427 -0.000108913 0.999995 -0.00304198 -2.33546 0.0715146 0.00304198 0.997435 99.4471
0.997578 -4.92456e-005 -0.0695554 -3.95344 -4.92456e-005 0.999999 -0.0014143 -2.34719 0.0695554 0.0014143 0.997577 100.018
0.997959 1.17186e-005 -0.0638568 -4.00469 1.17186e-005 1 0.000366654 -2.3614 0.0638568 -0.000366654 0.997959 100.638
0.998408 7.29842e-005 -0.0563963 -4.03126 7.29842e-005 0.999997 0.0025862 -2.375 0.0563963 -0.0025862 0.998405 101.277
0.998904 0.000124173 -0.0468138 -4.04792 0.000124173 0.999986 0.00530204 -2.38379 0.0468138 -0.00530204 0.99889 101.729
0.999379 0.000117753 -0.0352416 -4.0435 0.000117753 0.999978 0.00668049 -2.38723 0.0352416 -0.00668049 0.999356 101.959
0.999759 7.8026e-005 -0.0219687 -4.03675 7.8026e-005 0.999975 0.00710243 -2.38903 0.0219687 -0.00710243 0.999733 102.085
0.999976 2.31401e-005 -0.00688265 -4.03734 2.31401e-005 0.999977 0.00672402 -2.39154 0.00688265 -0.00672402 0.999954 102.152
0.99994 -2.26423e-005 0.0109754 -4.01548 -2.26423e-005 0.999991 0.00412586 -2.39897 -0.0109754 -0.00412586 0.999931 102.501
0.999484 2.20743e-008 0.0321344 -4.00722 2.20743e-008 1 -1.37351e-006 -2.39955 -0.0321344 1.37351e-006 0.999484 102.517
0.998407 0.000116274 0.0564153 -3.98881 0.000116274 0.999992 -0.00411877 -2.40385 -0.0564153 0.00411877 0.998399 102.663
0.996525 0.000257857 0.0832967 -3.96586 0.000257857 0.999981 -0.00618047 -2.40718 -0.0832967 0.00618047 0.996506 102.805
0.993561 0.000374582 0.113294 -3.91136 0.000374582 0.999978 -0.00659119 -2.41466 -0.113294 0.00659119 0.99354 103.037
0.989361 0.000575758 0.14548 -3.88625 0.000575758 0.999969 -0.00787307 -2.4148 -0.14548 0.00787307 0.98933 103.126
0.983485 0.000779478 0.180985 -3.82434 0.000779478 0.999963 -0.00854242 -2.42115 -0.180985 0.00854242 0.983449 103.317
0.975743 0.000889494 0.218918 -3.73827 0.000889494 0.999967 -0.00802757 -2.42776 -0.218918 0.00802757 0.97571 103.539
0.965913 0.00108711 0.258865 -3.65289 0.00108711 0.999965 -0.00825576 -2.43302 -0.258865 0.00825576 0.965878 103.722
0.953817 0.00141119 0.300383 -3.55146 0.00141119 0.999957 -0.00917878 -2.44006 -0.300383 0.00917878 0.953774 103.929
0.938741 0.00184843 0.344619 -3.44749 0.00184843 0.999944 -0.0103985 -2.44595 -0.344619 0.0103985 0.938685 104.119
0.921418 0.0019224 0.388568 -3.30311 0.0019224 0.999953 -0.00950577 -2.45149 -0.388568 0.00950577 0.921371 104.339
0.901412 0.00180793 0.432959 -3.15 0.00180793 0.999967 -0.0079397 -2.45761 -0.432959 0.0079397 0.901379 104.548
0.87834 0.00202048 0.478033 -2.99254 0.00202048 0.999966 -0.00793897 -2.46519 -0.478033 0.00793897 0.878306 104.745
0.854273 0.0025865 0.519818 -2.79924 0.0025865 0.999954 -0.00922623 -2.47415 -0.519818 0.00922623 0.854227 104.939
0.826917 0.00373366 0.562312 -2.60307 0.00373366 0.999919 -0.0121299 -2.48713 -0.562312 0.0121299 0.826836 105.135
0.796845 0.00571537 0.604157 -2.38904 0.00571537 0.999839 -0.0169968 -2.4991 -0.604157 0.0169968 0.796684 105.33
0.76391 0.00838507 0.645269 -2.16464 0.00838507 0.999702 -0.0229176 -2.50492 -0.645269 0.0229176 0.763612 105.508
0.727074 0.0109088 0.686472 -1.92846 0.0109088 0.999564 -0.0274383 -2.52273 -0.686472 0.0274383 0.726638 105.685
0.689475 0.0122903 0.724205 -1.67163 0.0122903 0.999514 -0.0286633 -2.52636 -0.724205 0.0286633 0.688988 105.829
0.647984 0.0117343 0.761564 -1.40785 0.0117343 0.999609 -0.0253863 -2.54049 -0.761564 0.0253863 0.647593 105.956
0.606146 0.0110927 0.795276 -1.1353 0.0110927 0.999688 -0.0223985 -2.54607 -0.795276 0.0223985 0.605834 106.125
0.559947 0.0121252 0.82844 -0.856897 0.0121252 0.999666 -0.0228268 -2.54197 -0.82844 0.0228268 0.559613 106.213
0.514379 0.0105697 0.857498 -0.578429 0.0105697 0.99977 -0.0186638 -2.56538 -0.857498 0.0186638 0.514149 106.349
0.462524 0.0102099 0.886548 -0.263492 0.0102099 0.999806 -0.0168408 -2.57847 -0.886548 0.0168408 0.46233 106.44
0.411956 0.0124598 0.911119 0.0529133 0.0124598 0.999736 -0.0193053 -2.57911 -0.911119 0.0193053 0.411692 106.522
0.361892 0.0163413 0.932077 0.36386 0.0163413 0.999582 -0.0238696 -2.57957 -0.932077 0.0238696 0.361474 106.557
0.310808 0.0210314 0.95024 0.707029 0.0210314 0.999358 -0.0289976 -2.59517 -0.95024 0.0289976 0.310166 106.609
0.264413 0.0219751 0.964159 1.02668 0.0219751 0.999344 -0.0288036 -2.60506 -0.964159 0.0288036 0.263756 106.706
0.222925 0.0182463 0.974665 1.37847 0.0182463 0.999572 -0.0228858 -2.62391 -0.974665 0.0228858 0.222496 106.68
0.187399 0.0140916 0.982183 1.71792 0.0140916 0.999756 -0.0170323 -2.63193 -0.982183 0.0170323 0.187155 106.701
0.156737 0.0116893 0.987571 2.078 0.0116893 0.999838 -0.0136896 -2.63473 -0.987571 0.0136896 0.156575 106.726
0.129137 0.0142898 0.991524 2.44396 0.0142898 0.999766 -0.0162697 -2.64994 -0.991524 0.0162697 0.128902 106.731
0.104015 0.0203825 0.994367 2.82112 0.0203825 0.999536 -0.0226206 -2.64998 -0.994367 0.0226206 0.103551 106.755
0.0806472 0.0247552 0.996435 3.21153 0.0247552 0.999333 -0.0268308 -2.65367 -0.996435 0.0268308 0.0799806 106.767
0.0577189 0.0228364 0.998072 3.58171 0.0228364 0.999447 -0.0241885 -2.66856 -0.998072 0.0241885 0.0571655 106.765
0.0376631 0.0153929 0.999172 3.99067 0.0153929 0.999754 -0.0159821 -2.68149 -0.999172 0.0159821 0.0374169 106.734
0.019949 0.0109669 0.999741 4.42048 0.0109669 0.999877 -0.0111873 -2.69436 -0.999741 0.0111873 0.0198263 106.723
0.00522349 0.012044 0.999914 4.86191 0.012044 0.999854 -0.0121062 -2.70456 -0.999914 0.0121062 0.00507767 106.715
-0.00547739 0.0143599 0.999882 5.25691 0.0143599 0.999795 -0.01428 -2.71184 -0.999882 0.01428 -0.00568248 106.702
-0.0118528 0.012741 0.999849 5.71963 0.012741 0.99984 -0.0125898 -2.72996 -0.999849 0.0125898 -0.0120132 106.68
-0.0144402 0.00603215 0.999878 6.19223 0.00603215 0.999964 -0.00594555 -2.73574 -0.999878 0.00594555 -0.014476 106.661
-0.0143805 0.0048943 0.999885 6.66542 0.0048943 0.999976 -0.00482436 -2.72986 -0.999885 0.00482436 -0.0144041 106.665
-0.0129158 0.00576768 0.9999 7.16357 0.00576768 0.999967 -0.00569356 -2.73203 -0.9999 0.00569356 -0.0129487 106.661
-0.0114723 0.0108591 0.999875 7.67378 0.0108591 0.999883 -0.0107346 -2.74209 -0.999875 0.0107346 -0.0115889 106.671
-0.009706 0.010158 0.999901 7.96166 0.010158 0.999898 -0.0100594 -2.74943 -0.999901 0.0100594 -0.00980819 106.664
-0.00849281 0.0106005 0.999908 8.56142 0.0106005 0.999889 -0.0105103 -2.75897 -0.999908 0.0105103 -0.00860423 106.66
-0.00771742 0.010726 0.999913 9.10713 0.010726 0.999886 -0.0106429 -2.77306 -0.999913 0.0106429 -0.00783158 106.661
-0.00794457 0.0132576 0.999881 9.6035 0.0132576 0.999826 -0.0131515 -2.7975 -0.999881 0.0131515 -0.00811895 106.68
-0.0067501 0.0118643 0.999907 10.1674 0.0118643 0.99986 -0.0117837 -2.79464 -0.999907 0.0117837 -0.00688992 106.671
-0.00789384 0.012087 0.999896 10.7289 0.012087 0.999855 -0.0119911 -2.80798 -0.999896 0.0119911 -0.0080388 106.672
-0.00849195 0.0149548 0.999852 11.3605 0.0149548 0.999778 -0.0148267 -2.82858 -0.999852 0.0148267 -0.00871371 106.654
-0.00964111 0.0159418 0.999826 11.9664 0.0159418 0.999748 -0.0157869 -2.84191 -0.999826 0.0157869 -0.00989282 106.666
-0.0110837 0.0133095 0.99985 12.5982 0.0133095 0.999825 -0.0131617 -2.85321 -0.99985 0.0131617 -0.0112589 106.653
-0.0125585 0.0127266 0.99984 13.1327 0.0127266 0.99984 -0.0125667 -2.86626 -0.99984 0.0125667 -0.0127185 106.652
-0.0142217 0.0148968 0.999788 13.8392 0.0148968 0.999781 -0.0146848 -2.89141 -0.999788 0.0146848 -0.0144405 106.655
-0.0155972 0.0179461 0.999717 14.5443 0.0179461 0.999683 -0.0176655 -2.89604 -0.999717 0.0176655 -0.0159143 106.652
-0.0162072 0.0177159 0.999712 15.1992 0.0177159 0.999691 -0.0174284 -2.93175 -0.999712 0.0174284 -0.016516 106.63
-0.0172726 0.0167114 0.999711 15.9085 0.0167114 0.999725 -0.0164229 -2.96158 -0.999711 0.0164229 -0.0175471 106.621
-0.0194813 0.0212101 0.999585 16.6123 0.0212101 0.999559 -0.0207962 -2.98161 -0.999585 0.0207962 -0.0199226 106.631
-0.0194023 0.0237691 0.999529 17.3673 0.0237691 0.999446 -0.0233057 -3.00414 -0.999529 0.0233057 -0.0199565 106.606
-0.0207614 0.0265307 0.999432 18.1373 0.0265307 0.99931 -0.0259763 -3.01932 -0.999432 0.0259763 -0.0214509 106.621
-0.0197709 0.0291313 0.99938 18.2497 0.0291313 0.999168 -0.0285488 -3.03073 -0.99938 0.0285488 -0.020603 106.604
-0.0194917 0.0306509 0.99934 19.2584 0.0306509 0.999078 -0.0300451 -3.05488 -0.99934 0.0300451 -0.0204132 106.588
-0.0197726 0.0296811 0.999364 20.0031 0.0296811 0.999136 -0.0290871 -3.10077 -0.999364 0.0290871 -0.0206365 106.596
-0.018194 0.0260511 0.999495 20.1695 0.0260511 0.999333 -0.0255727 -3.12569 -0.999495 0.0255727 -0.0188605 106.573
-0.0187832 0.0233739 0.99955 20.878 0.0233739 0.999464 -0.0229326 -3.16535 -0.99955 0.0229326 -0.0193195 106.576
-0.0189725 0.027183 0.99945 21.5657 0.027183 0.999275 -0.0266623 -3.21069 -0.99945 0.0266623 -0.0196977 106.58
-0.016395 0.0194743 0.999676 22.2809 0.0194743 0.999627 -0.019154 -3.21248 -0.999676 0.019154 -0.0167681 106.553
-0.0163061 0.0182674 0.9997 22.8837 0.0182674 0.999672 -0.0179689 -3.21427 -0.9997 0.0179689 -0.0166344 106.544
-0.0163699 0.0175386 0.999712 23.516 0.0175386 0.999697 -0.0172512 -3.24315 -0.999712 0.0172512 -0.0166726 106.535
-0.0160613 0.0216153 0.999637 24.3189 0.0216153 0.99954 -0.0212659 -3.27683 -0.999637 0.0212659 -0.0165211 106.519
-0.0192607 0.0248119 0.999507 25.042 0.0248119 0.999396 -0.024331 -3.30606 -0.999507 0.024331 -0.0198647 106.521
-0.0212413 0.022142 0.999529 25.7728 0.022142 0.99952 -0.0216713 -3.33812 -0.999529 0.0216713 -0.0217214 106.503
-0.0223658 0.0256697 0.99942 26.5154 0.0256697 0.999355 -0.0250936 -3.37567 -0.99942 0.0250936 -0.0230104 106.469
-0.0251679 0.0259923 0.999345 27.3182 0.0259923 0.999341 -0.0253376 -3.41152 -0.999345 0.0253376 -0.0258269 106.474
-0.0268333 0.0285212 0.999233 28.1248 0.0285212 0.999208 -0.0277546 -3.44199 -0.999233 0.0277546 -0.0276255 106.444
-0.0284901 0.0280089 0.999202 28.8917 0.0280089 0.999237 -0.0272113 -3.4785 -0.999202 0.0272113 -0.0292529 106.418
-0.0304489 0.0285083 0.99913 29.71 0.0285083 0.999211 -0.0276418 -3.51655 -0.99913 0.0276418 -0.0312376 106.39
-0.0317098 0.027298 0.999124 30.5371 0.027298 0.999278 -0.0264359 -3.54448 -0.999124 0.0264359 -0.0324321 106.358
-0.0327564 0.0288712 0.999046 31.3648 0.0288712 0.999193 -0.0279288 -3.59249 -0.999046 0.0279288 -0.0335635 106.326
-0.0342906 0.0273559 0.999037 32.194 0.0273559 0.999276 -0.0264235 -3.62756 -0.999037 0.0264235 -0.0350141 106.293
-0.0356463 0.025978 0.999027 33.0274 0.025978 0.999348 -0.0250594 -3.66534 -0.999027 0.0250594 -0.0362979 106.267
-0.0366187 0.0279751 0.998938 33.8707 0.0279751 0.999245 -0.0269582 -3.70483 -0.998938 0.0269582 -0.0373737 106.235
-0.0376648 0.0285694 0.998882 34.7688 0.0285694 0.999213 -0.0275016 -3.73543 -0.998882 0.0275016 -0.0384514 106.209
-0.0384298 0.0302613 0.998803 35.6391 0.0302613 0.999118 -0.0291065 -3.78468 -0.998803 0.0291065 -0.0393117 106.179
-0.0391421 0.0302696 0.998775 36.4781 0.0302696 0.999118 -0.0290938 -3.82151 -0.998775 0.0290938 -0.0400239 106.151
-0.0444356 0.0245005 0.998712 37.3256 0.0245005 0.999425 -0.0234279 -3.93019 -0.998712 0.0234279 -0.0450103 106.212
-0.0422316 0.0279965 0.998716 38.1797 0.0279965 0.999248 -0.0268276 -3.93337 -0.998716 0.0268276 -0.0429836 106.132
-0.0426958 0.0310486 0.998606 39.0278 0.0310486 0.999075 -0.0297357 -4.00652 -0.998606 0.0297357 -0.0436204 106.115
-0.0425969 0.0297053 0.998651 39.8838 0.0297053 0.999154 -0.0284532 -4.05462 -0.998651 0.0284532 -0.0434433 106.062
-0.0412631 0.0304112 0.998685 40.6785 0.0304112 0.999112 -0.0291677 -4.08417 -0.998685 0.0291677 -0.0421513 106.012
-0.0415612 0.0276857 0.998752 41.4069 0.0276857 0.999264 -0.0265478 -4.11464 -0.998752 0.0265478 -0.0422971 105.975
-0.0413806 0.0329496 0.9986 42.2633 0.0329496 0.998957 -0.031596 -4.15933 -0.9986 0.031596 -0.0424231 105.951
-0.0431267 0.0377427 0.998356 43.1244 0.0377427 0.998634 -0.0361228 -4.15534 -0.998356 0.0361228 -0.0444923 105.978
-0.0408349 0.0320888 0.998651 43.9129 0.0320888 0.999011 -0.0307883 -4.19465 -0.998651 0.0307883 -0.0418242 105.9
-0.0409117 0.0315733 0.998664 44.5615 0.0315733 0.999042 -0.0302919 -4.25817 -0.998664 0.0302919 -0.0418694 105.857
-0.0439176 0.038428 0.998296 44.9243 0.038428 0.998585 -0.0367486 -4.30089 -0.998296 0.0367486 -0.0453322 105.851
-0.0500421 0.0406871 0.997918 45.9101 0.0406871 0.998423 -0.0386674 -4.32663 -0.997918 0.0386674 -0.0516187 105.821
-0.055791 0.0367852 0.997765 46.6224 0.0367852 0.998718 -0.0347635 -4.3691 -0.997765 0.0347635 -0.0570726 105.759
-0.0624917 0.0352001 0.997425 47.2513 0.0352001 0.998834 -0.0330444 -4.4132 -0.997425 0.0330444 -0.0636579 105.702
-0.0701023 0.0366743 0.996865 47.9681 0.0366743 0.998743 -0.0341643 -4.44858 -0.996865 0.0341643 -0.0713592 105.653
-0.0758232 0.0404955 0.996299 48.6705 0.0404955 0.998476 -0.0375021 -4.48459 -0.996299 0.0375021 -0.0773475 105.596
-0.0813354 0.0421037 0.995797 49.4289 0.0421037 0.998361 -0.0387731 -4.52682 -0.995797 0.0387731 -0.0829748 105.526
-0.0858575 0.0452139 0.995281 50.1025 0.0452139 0.998117 -0.0414424 -4.55834 -0.995281 0.0414424 -0.0877401 105.469
-0.089889 0.0484023 0.994775 50.81 0.0484023 0.99785 -0.0441782 -4.59838 -0.994775 0.0441782 -0.0920385 105.408
-0.0918482 0.0477927 0.994625 51.5343 0.0477927 0.997908 -0.043537 -4.63689 -0.994625 0.043537 -0.0939402 105.33
-0.0939366 0.045144 0.994554 52.2607 0.045144 0.998137 -0.0410427 -4.66552 -0.994554 0.0410427 -0.0957996 105.261
-0.0951555 0.047503 0.994328 52.9875 0.047503 0.99794 -0.0431296 -4.71228 -0.994328 0.0431296 -0.097216 105.193
-0.0968682 0.0494423 0.994068 53.7089 0.0494423 0.997771 -0.0448085 -4.74263 -0.994068 0.0448085 -0.0990968 105.129
-0.097491 0.0460967 0.994168 54.4613 0.0460967 0.998064 -0.0417569 -4.78574 -0.994168 0.0417569 -0.0994272 105.051
-0.098934 0.03956 0.994307 55.2148 0.03956 0.998576 -0.0357936 -4.84039 -0.994307 0.0357936 -0.100358 104.974
-0.0999077 0.031288 0.994505 55.9607 0.031288 0.99911 -0.0282897 -4.89107 -0.994505 0.0282897 -0.100798 104.884
-0.100616 0.0304209 0.99446 56.7141 0.0304209 0.999159 -0.0274867 -4.92684 -0.99446 0.0274867 -0.101457 104.809
-0.101752 0.0345321 0.99421 57.4727 0.0345321 0.998918 -0.0311614 -4.96304 -0.99421 0.0311614 -0.102834 104.754
-0.100955 0.0344584 0.994294 58.2348 0.0344584 0.998921 -0.0311201 -4.98924 -0.994294 0.0311201 -0.102034 104.675
-0.101104 0.0320067 0.994361 59.0036 0.0320067 0.99907 -0.0289039 -5.01205 -0.994361 0.0289039 -0.102034 104.592
-0.101841 0.0310485 0.994316 59.8162 0.0310485 0.999125 -0.0280185 -5.05751 -0.994316 0.0280185 -0.102716 104.511
-0.103479 0.0329156 0.994087 60.606 0.0329156 0.999018 -0.0296525 -5.09055 -0.994087 0.0296525 -0.10446 104.433
-0.0986509 0.0295753 0.994683 61.3512 0.0295753 0.999204 -0.0267765 -5.15826 -0.994683 0.0267765 -0.0994471 104.142
-0.110573 0.0328856 0.993324 62.1491 0.0328856 0.999026 -0.0294137 -5.19073 -0.993324 0.0294137 -0.111547 104.331
-0.108674 0.0306915 0.993604 63.0013 0.0306915 0.99915 -0.027506 -5.23895 -0.993604 0.027506 -0.109524 104.13
-0.111651 0.0332545 0.993191 63.7813 0.0332545 0.999005 -0.0297108 -5.28642 -0.993191 0.0297108 -0.112646 104.077
-0.113715 0.0347777 0.992905 64.6012 0.0347777 0.998914 -0.0310051 -5.30516 -0.992905 0.0310051 -0.114801 103.985
-0.114861 0.0343277 0.992788 65.4596 0.0343277 0.998943 -0.030569 -5.37288 -0.992788 0.030569 -0.115918 103.887
-0.114354 0.033607 0.992871 66.299 0.033607 0.998986 -0.0299433 -5.40124 -0.992871 0.0299433 -0.115367 103.781
-0.115224 0.034528 0.992739 67.1233 0.034528 0.998931 -0.0307358 -5.43475 -0.992739 0.0307358 -0.116293 103.668
-0.11614 0.0359903 0.992581 67.9533 0.0359903 0.998839 -0.0320061 -5.49106 -0.992581 0.0320061 -0.117301 103.585
-0.118058 0.0379829 0.99228 68.8136 0.0379829 0.99871 -0.0337099 -5.5122 -0.99228 0.0337099 -0.119349 103.503
-0.118337 0.0408512 0.992133 69.637 0.0408512 0.998508 -0.0362412 -5.5525 -0.992133 0.0362412 -0.119829 103.39
-0.120648 0.0394099 0.991913 70.4867 0.0394099 0.998614 -0.0348827 -5.59606 -0.991913 0.0348827 -0.122034 103.285
-0.123006 0.0384799 0.99166 71.2817 0.0384799 0.998681 -0.0339793 -5.63095 -0.99166 0.0339793 -0.124324 103.193
-0.12411 0.0370245 0.991577 72.1299 0.0370245 0.998781 -0.0326593 -5.673 -0.991577 0.0326593 -0.12533 103.066
-0.126073 0.0362265 0.991359 72.9875 0.0362265 0.998835 -0.0318926 -5.7246 -0.991359 0.0318926 -0.127239 102.967
-0.12621 0.0306511 0.99153 73.8178 0.0306511 0.999166 -0.0269856 -5.76228 -0.99153 0.0269856 -0.127044 102.841
-0.128019 0.0283584 0.991366 74.6766 0.0283584 0.999287 -0.0249229 -5.80423 -0.991366 0.0249229 -0.128732 102.737
-0.128113 0.0272165 0.991386 75.5318 0.0272165 0.999343 -0.0239178 -5.85093 -0.991386 0.0239178 -0.128769 102.634
-0.127373 0.0225322 0.991599 76.3952 0.0225322 0.99955 -0.0198186 -5.88421 -0.991599 0.0198186 -0.127823 102.511
-0.127957 0.0263249 0.99143 77.2476 0.0263249 0.999386 -0.0231386 -5.90027 -0.99143 0.0231386 -0.128572 102.387
-0.127802 0.0260846 0.991457 78.1076 0.0260846 0.999397 -0.0229311 -5.93287 -0.991457 0.0229311 -0.128406 102.309
-0.125264 0.0268902 0.991759 78.988 0.0268902 0.999357 -0.0236998 -5.96061 -0.991759 0.0236998 -0.125907 102.194
-0.124324 0.0279458 0.991848 79.8607 0.0279458 0.999305 -0.024653 -5.99011 -0.991848 0.024653 -0.125019 102.096
-0.122285 0.0274515 0.992115 80.7795 0.0274515 0.999329 -0.0242675 -6.023 -0.992115 0.0242675 -0.122956 101.997
-0.120607 0.0299896 0.992247 81.6765 0.0299896 0.999197 -0.0265545 -6.06035 -0.992247 0.0265545 -0.121409 101.904
-0.119408 0.0280459 0.992449 82.6014 0.0280459 0.999297 -0.024865 -6.09941 -0.992449 0.024865 -0.120111 101.803
-0.118025 0.0264292 0.992659 83.5369 0.0264292 0.999375 -0.0234657 -6.15463 -0.992659 0.0234657 -0.11865 101.697
-0.116844 0.0241132 0.992857 84.4556 0.0241132 0.999479 -0.0214363 -6.2057 -0.992857 0.0214363 -0.117365 101.592
-0.115032 0.0298302 0.992914 85.3989 0.0298302 0.999202 -0.0265632 -6.25359 -0.992914 0.0265632 -0.11583 101.5
-0.114085 0.0276122 0.993087 86.3318 0.0276122 0.999316 -0.0246133 -6.27022 -0.993087 0.0246133 -0.114769 101.391
-0.113376 0.0276228 0.993168 87.2687 0.0276228 0.999315 -0.0246405 -6.31993 -0.993168 0.0246405 -0.114061 101.296
-0.112515 0.0263521 0.993301 88.219 0.0263521 0.999376 -0.0235282 -6.34849 -0.993301 0.0235282 -0.113139 101.183
-0.112457 0.0297245 0.993212 89.1517 0.0297245 0.999206 -0.0265383 -6.37736 -0.993212 0.0265383 -0.113251 101.102
-0.112658 0.0285124 0.993225 90.0821 0.0285124 0.999269 -0.0254519 -6.42468 -0.993225 0.0254519 -0.113388 101.003
-0.110292 0.0235389 0.99362 91.023 0.0235389 0.999501 -0.0210654 -6.45103 -0.99362 0.0210654 -0.110791 100.872
-0.109875 0.0213295 0.993717 91.9717 0.0213295 0.99959 -0.0190972 -6.48649 -0.993717 0.0190972 -0.110285 100.774
-0.109555 0.0205614 0.993768 92.9153 0.0205614 0.999619 -0.0184158 -6.53539 -0.993768 0.0184158 -0.109936 100.674
-0.108296 0.0232592 0.993847 93.8897 0.0232592 0.999512 -0.0208573 -6.56745 -0.993847 0.0208573 -0.108784 100.572
-0.107701 0.0292136 0.993754 94.823 0.0292136 0.99923 -0.0262085 -6.60352 -0.993754 0.0262085 -0.108472 100.488
-0.107827 0.0361955 0.993511 95.7886 0.0361955 0.998817 -0.0324604 -6.6417 -0.993511 0.0324604 -0.10901 100.404
-0.108462 0.0387946 0.993343 96.6999 0.0387946 0.998642 -0.0347656 -6.68041 -0.993343 0.0347656 -0.10982 100.313
-0.110234 0.0430976 0.992971 97.6929 0.0430976 0.998327 -0.0385456 -6.74297 -0.992971 0.0385456 -0.111907 100.214
-0.10965 0.0432803 0.993027 98.6764 0.0432803 0.998312 -0.0387316 -6.80638 -0.993027 0.0387316 -0.111338 100.087
-0.110797 0.0396414 0.993052 99.5971 0.0396414 0.998585 -0.0354394 -6.86355 -0.993052 0.0354394 -0.112212 100.009
-0.111292 0.0383519 0.993047 99.9579 0.0383519 0.998676 -0.0342712 -6.88658 -0.993047 0.0342712 -0.112616 99.958
-0.105531 0.0308562 0.993937 101.105 0.0308562 0.999139 -0.0277416 -6.9038 -0.993937 0.0277416 -0.106393 99.8066
-0.111877 0.0344096 0.993126 102.076 0.0344096 0.998935 -0.0307346 -7.01262 -0.993126 0.0307346 -0.112942 99.7242
-0.112659 0.0328751 0.99309 102.855 0.0328751 0.999029 -0.0293423 -7.07437 -0.99309 0.0293423 -0.11363 99.6505
-0.112614 0.0330849 0.993088 103.734 0.0330849 0.999016 -0.0295307 -7.09954 -0.993088 0.0295307 -0.113597 99.5326
-0.115732 0.0371232 0.992587 104.575 0.0371232 0.998765 -0.0330259 -7.14793 -0.992587 0.0330259 -0.116967 99.4576
-0.119072 0.0381452 0.992153 105.556 0.0381452 0.9987 -0.033819 -7.20981 -0.992153 0.033819 -0.120372 99.3478
-0.121788 0.0362861 0.991893 106.398 0.0362861 0.998826 -0.0320844 -7.2412 -0.991893 0.0320844 -0.122962 99.2236
-0.125091 0.0393459 0.991365 107.241 0.0393459 0.998624 -0.0346693 -7.30644 -0.991365 0.0346693 -0.126467 99.1181
-0.130108 0.0406078 0.990668 108.178 0.0406078 0.998541 -0.0355973 -7.35066 -0.990668 0.0355973 -0.131567 99.0371
-0.132031 0.0379011 0.990521 109.009 0.0379011 0.998731 -0.0331632 -7.39303 -0.990521 0.0331632 -0.1333 98.8838
-0.133595 0.0337646 0.990461 109.84 0.0337646 0.998994 -0.0295013 -7.43555 -0.990461 0.0295013 -0.134601 98.7501
-0.137309 0.0453484 0.98949 110.757 0.0453484 0.998192 -0.0394543 -7.49365 -0.98949 0.0394543 -0.139117 98.6782
-0.139454 0.0453357 0.98919 111.638 0.0453357 0.998196 -0.0393571 -7.55236 -0.98919 0.0393571 -0.141258 98.5685
-0.141674 0.0392921 0.989133 112.491 0.0392921 0.998648 -0.0340423 -7.58596 -0.989133 0.0340423 -0.143026 98.4162
-0.145254 0.0390098 0.988625 113.364 0.0390098 0.998671 -0.0336747 -7.65216 -0.988625 0.0336747 -0.146582 98.2943
-0.147897 0.0428524 0.988074 114.213 0.0428524 0.9984 -0.036886 -7.68416 -0.988074 0.036886 -0.149497 98.1531
-0.149885 0.044882 0.987684 115.121 0.044882 0.998248 -0.038551 -7.71666 -0.987684 0.038551 -0.151637 98.0284
-0.152867 0.0455802 0.987195 116.013 0.0455802 0.998198 -0.0390301 -7.76802 -0.987195 0.0390301 -0.154669 97.9247
-0.155014 0.0470708 0.98679 116.886 0.0470708 0.998082 -0.0402151 -7.82409 -0.98679 0.0402151 -0.156932 97.763
-0.15784 0.0467527 0.986357 117.742 0.0467527 0.998112 -0.0398284 -7.88318 -0.986357 0.0398284 -0.159728 97.6386
-0.160129 0.039606 0.986301 118.591 0.039606 0.998648 -0.0336717 -7.91971 -0.986301 0.0336717 -0.161481 97.4601
-0.162779 0.0421632 0.985761 119.455 0.0421632 0.998471 -0.0357444 -7.99177 -0.985761 0.0357444 -0.164308 97.3415
-0.165659 0.0413269 0.985317 120.258 0.0413269 0.998535 -0.0349331 -8.04231 -0.985317 0.0349331 -0.167124 97.1934
-0.168657 0.0417947 0.984788 121.077 0.0417947 0.998505 -0.035219 -8.07497 -0.984788 0.035219 -0.170152 97.0719
-0.172854 0.0394832 0.984156 121.845 0.0394832 0.998671 -0.0331309 -8.12109 -0.984156 0.0331309 -0.174183 96.9267
-0.178648 0.0365626 0.983234 122.557 0.0365626 0.998866 -0.0305007 -8.14182 -0.983234 0.0305007 -0.179782 96.7937
-0.185021 0.0388828 0.981965 123.281 0.0388828 0.998724 -0.0322202 -8.17404 -0.981965 0.0322202 -0.186297 96.6563
-0.19251 0.0411066 0.980434 124.015 0.0411066 0.998583 -0.0337962 -8.21583 -0.980434 0.0337962 -0.193927 96.4796
-0.202887 0.0430965 0.978253 124.785 0.0430965 0.998456 -0.0350484 -8.25144 -0.978253 0.0350484 -0.204431 96.3115
-0.215218 0.0433835 0.975602 125.508 0.0433835 0.998451 -0.0348291 -8.29547 -0.975602 0.0348291 -0.216767 96.145
-0.227313 0.0427532 0.972883 126.224 0.0427532 0.998511 -0.0338902 -8.33161 -0.972883 0.0338902 -0.228803 95.9453
-0.23932 0.0397562 0.970126 126.98 0.0397562 0.998725 -0.0311207 -8.36711 -0.970126 0.0311207 -0.240596 95.7349
-0.251046 0.0387369 0.9672 127.673 0.0387369 0.998801 -0.029948 -8.40549 -0.9672 0.029948 -0.252246 95.5386
-0.260774 0.0336892 0.964812 128.353 0.0336892 0.9991 -0.0257808 -8.44159 -0.964812 0.0257808 -0.261674 95.3182
-0.270903 0.0280318 0.962198 129.017 0.0280318 0.999382 -0.0212228 -8.46903 -0.962198 0.0212228 -0.271521 95.1238
-0.278797 0.0225704 0.960085 129.728 0.0225704 0.999602 -0.0169452 -8.49518 -0.960085 0.0169452 -0.279195 94.8899
-0.285571 0.022849 0.958085 130.447 0.022849 0.999594 -0.0170285 -8.5254 -0.958085 0.0170285 -0.285978 94.6739
-0.290216 0.0203727 0.956744 131.12 0.0203727 0.999678 -0.0151072 -8.54185 -0.956744 0.0151072 -0.290538 94.4463
-0.29282 0.0140302 0.956064 131.822 0.0140302 0.999848 -0.0103756 -8.55751 -0.956064 0.0103756 -0.292973 94.2263
-0.293807 0.00890679 0.955823 132.521 0.00890679 0.999939 -0.00658005 -8.57713 -0.955823 0.00658005 -0.293868 93.9909
-0.29444 0.00481927 0.955658 133.242 0.00481927 0.999982 -0.00355797 -8.58628 -0.955658 0.00355797 -0.294458 93.7632
-0.293489 0.000785893 0.955962 133.947 0.000785893 1 -0.00058082 -8.61337 -0.955962 0.00058082 -0.29349 93.5411
-0.294372 0.000298729 0.955691 134.649 0.000298729 1 -0.000220565 -8.63032 -0.955691 0.000220565 -0.294372 93.3561
-0.293418 -0.0018723 0.955983 135.378 -0.0018723 0.999997 0.00138384 -8.65491 -0.955983 -0.00138384 -0.29342 93.1312
-0.290558 -0.005143 0.956844 136.083 -0.005143 0.99998 0.00381311 -8.65544 -0.956844 -0.00381311 -0.290578 92.9124
-0.289301 -0.00522671 0.957224 136.764 -0.00522671 0.999979 0.0038805 -8.66649 -0.957224 -0.0038805 -0.289323 92.7127
-0.290228 -0.00454948 0.956947 137.458 -0.00454948 0.999984 0.0033743 -8.67542 -0.956947 -0.0033743 -0.290244 92.5354
-0.285339 -0.00982076 0.958376 138.177 -0.00982076 0.999925 0.00732257 -8.69245 -0.958376 -0.00732257 -0.285414 92.2844
-0.283618 -0.0029698 0.958933 138.879 -0.0029698 0.999993 0.0022186 -8.72498 -0.958933 -0.0022186 -0.283625 92.2126
-0.277075 -0.0103797 0.960792 139.564 -0.0103797 0.999916 0.00780908 -8.70861 -0.960792 -0.00780908 -0.277159 91.9681
-0.271262 -0.00996125 0.962454 140.17 -0.00996125 0.999922 0.00754152 -8.72777 -0.962454 -0.00754152 -0.27134 91.8012
-0.267163 -0.00689756 0.963627 140.906 -0.00689756 0.999962 0.00524531 -8.73199 -0.963627 -0.00524531 -0.267201 91.6438
-0.263044 -0.00905154 0.964741 141.499 -0.00905154 0.999935 0.00691377 -8.72738 -0.964741 -0.00691377 -0.263109 91.4763
-0.259515 -0.00926943 0.965695 142.189 -0.00926943 0.999932 0.00710705 -8.72738 -0.965695 -0.00710705 -0.259583 91.314
-0.257134 -0.0098838 0.966325 142.883 -0.0098838 0.999922 0.00759741 -8.74313 -0.966325 -0.00759741 -0.257212 91.1326
-0.252339 -0.0154192 0.967516 143.567 -0.0154192 0.99981 0.0119124 -8.7485 -0.967516 -0.0119124 -0.252529 90.9675
-0.249533 -0.0111225 0.968303 144.155 -0.0111225 0.999901 0.00861917 -8.75547 -0.968303 -0.00861917 -0.249632 90.8079
-0.246351 -0.00595833 0.969162 144.833 -0.00595833 0.999972 0.0046332 -8.76661 -0.969162 -0.0046332 -0.246379 90.6516
-0.243056 -0.00537679 0.969997 145.502 -0.00537679 0.999977 0.00419569 -8.77552 -0.969997 -0.00419569 -0.243079 90.5132
-0.236034 -0.0127879 0.971661 146.127 -0.0127879 0.999868 0.0100527 -8.7984 -0.971661 -0.0100527 -0.236166 90.3367
-0.230416 -0.0107401 0.973033 146.815 -0.0107401 0.999906 0.00849348 -8.80595 -0.973033 -0.00849348 -0.23051 90.2351
